tests/Borden05m/sims/sim_1/output-maps/psiliqL0024N0012.asc
ncols         160
nrows         34
xllcorner     620200.000000
yllcorner     5168000.000000
cellsize      0.500000
NODATA_value  -9999.0
[rows 0 to 24 of 34, columns 55 to 109 of 160]
-9999.0 -9999.0 -9999.0 -9999.0 -9999.0 -9999.0 -9999.0 -9999.0 -9999.0 -9999.0 -9999.0 -9999.0 -9999.0 -9999.0 -9999.0 -9999.0 -9999.0 -9999.0 -9999.0 -9999.0 -9999.0 -9999.0 -9999.0 -9999.0 -9999.0 -9999.0 -9999.0 -9999.0 -9999.0 -9999.0 -9999.0 -9999.0 -9999.0 -9999.0 -9999.0 -9999.0 -9999.0 -9999.0 -9999.0 -9999.0 -9999.0 -9999.0 -9999.0 -9999.0 -9999.0 -9999.0 -9999.0 -9999.0 -9999.0 -9999.0 -9999.0 -9999.0 -9999.0 -9999.0 -9999.0
-9999.0 -9999.0 -9999.0 -9999.0 2999.758529 2994.425400 2989.576968 2985.206831 2982.855271 2973.729671 2965.862179 2961.783315 2960.725935 2959.959920 2959.428176 2964.405232 2972.498781 2980.147574 2986.943980 2982.034752 2984.074609 2985.926164 2986.145693 2984.951040 2981.954500 2986.372862 2983.141891 2981.495897 2974.058957 2962.921357 2954.557525 2951.869242 2956.079422 2960.427989 2962.884845 2968.141388 2978.534343 2988.969167 2989.630309 3001.513719 3008.340887 3013.678690 3016.363942 3012.409878 3009.160520 3005.280404 2999.610180 2988.559456 -9999.0 -9999.0 -9999.0 -9999.0 -9999.0 -9999.0 -9999.0
2950.943097 2969.314133 2983.931101 2987.032624 2981.598826 2976.688789 2973.573306 2971.896127 2967.668801 2959.200108 2954.112480 2948.689463 2946.198880 2946.250078 2946.200106 2949.973177 2960.682465 2968.533610 2973.147859 2975.712897 2978.525707 2977.151027 2976.416129 2976.184632 2973.294543 2969.908327 2966.532855 2964.702083 2966.018671 2958.440536 2952.531358 2948.706028 2945.932797 2948.604894 2951.263501 2955.655383 2964.836930 2972.726928 2980.418098 2987.365937 2999.848304 3005.497740 3003.014825 2998.444354 2995.001629 2988.037355 2984.624997 2974.719009 2966.484589 2960.210491 2954.763283 2948.372648 2954.636616 2962.219764 2971.530406
2934.492999 2953.680043 2974.024251 2976.640484 2966.367176 2958.582252 2952.057784 2952.567150 2955.956532 2952.719174 2947.960699 2940.610006 2950.373002 2951.416404 2952.199063 2955.431502 2957.557775 2962.401492 2964.877404 2970.206664 2979.127010 2981.892110 2982.326602 2982.376741 2980.408002 2977.162060 2975.217944 2972.425566 2967.157572 2965.459696 2965.191559 2964.041732 2968.214843 2969.411329 2972.444603 2966.798359 2971.073463 2977.263835 2983.851106 2989.257843 2986.737721 2989.227780 2986.019020 2986.772397 2986.570106 2973.069661 2963.383166 2955.789549 2955.679117 2952.645083 2944.672349 2931.032058 2939.069777 2955.002781 2959.667151
2939.107576 2948.043903 2958.737734 2961.298410 2956.270875 2958.365856 2960.144318 2961.414652 2959.617741 2956.173327 2952.153397 2962.825011 2970.893538 2972.270766 2974.759823 2978.709059 2979.756437 2968.800103 2966.716383 2974.078257 2983.391653 2988.548720 2988.695244 2988.344931 2984.890517 2983.736098 2983.489623 2981.621280 2981.278471 2982.936060 2980.834906 2983.997822 2989.298556 2983.093083 2986.934986 2978.603259 2980.639931 2988.818591 2988.142081 2995.376214 3005.345285 3016.260452 3016.440225 3011.899537 3003.771536 2991.657667 2978.021407 2960.411176 2949.388965 2941.458997 2934.166366 2936.624987 2932.090084 2945.430129 2947.115575
2926.782938 2946.832040 2966.638177 2972.730730 2966.735957 2962.815469 2961.365808 2962.027013 2961.231656 2962.059433 2971.291583 2983.117035 2985.310027 2986.860457 2988.598509 2987.667161 2989.899256 2979.791876 2976.965231 2990.221821 2996.356934 3003.758554 3003.303872 2999.407406 3002.971309 3002.786393 3002.887228 2999.245641 3000.099613 2998.204380 3004.223016 3011.828385 3019.607364 3017.833636 3005.877070 2993.735635 2993.494219 2998.588490 3004.683653 3012.099153 3022.319929 3031.616233 3026.907327 3021.635719 3014.104517 2988.670192 2975.547444 2961.488023 2961.375862 2961.992944 2957.816867 2955.595340 2954.272561 2949.675224 2949.744034
2963.886530 2983.090567 2994.052780 3006.850615 3000.547375 2992.828251 2983.979061 2984.055954 2984.650801 2990.587412 3001.080686 3014.229975 3035.634008 3035.346244 3035.994380 3035.143226 3022.782336 3009.665848 2999.462746 3020.749506 3031.161221 3038.392824 3036.349220 3042.052942 3050.769019 3046.985234 3040.396842 3028.584056 3034.227210 3041.437175 3056.480918 3064.171196 3069.192206 3065.131001 3051.721490 3045.161456 3046.268427 3052.118690 3052.807330 3060.883268 3069.944247 3084.971584 3083.919953 3079.949509 3059.951256 3023.329593 2994.355214 2991.581257 2991.644636 2986.031927 2989.680620 2989.181012 2977.647595 2969.879365 2972.377618
2988.456164 3001.867832 3017.742879 3034.214662 3025.747022 3015.339907 2999.184100 2996.273380 3000.731809 3010.617533 3028.048265 3046.445774 3066.644177 3066.560611 3061.295715 3070.674097 3063.785890 3053.142049 3045.466422 3065.165001 3075.434337 3085.670462 3091.891141 3104.424355 3114.928735 3099.467152 3083.192017 3073.583523 3080.261060 3104.823650 3126.321822 3131.115281 3130.504086 3130.457475 3116.190244 3111.125685 3107.263714 3106.806801 3103.758109 3101.626903 3125.887542 3146.713781 3146.429764 3124.888618 3102.278548 3063.689385 3026.375204 3001.607798 3012.411434 3009.492274 3012.796809 3002.284519 2990.327805 2982.422018 2989.275918
3040.380552 3062.698804 3079.379582 3100.673309 3092.886487 3070.652990 3055.740994 3058.439553 3071.569378 3079.217101 3096.892013 3114.775014 3141.174738 3154.437933 3166.601188 3168.565989 3163.126032 3154.527047 3142.323725 3146.385219 3169.046799 3178.564903 3187.063293 3195.717455 3208.229107 3209.340525 3203.071202 3201.409176 3205.543244 3217.956349 3231.486404 3238.172445 3241.560343 3244.608167 3232.911702 3220.493274 3217.862814 3211.970681 3209.965820 3209.014543 3219.203306 3238.396053 3235.560196 3200.970738 3174.545146 3142.334610 3104.646168 3075.435148 3067.943268 3085.305507 3082.262547 3066.168561 3054.719936 3027.852048 3021.752663
3111.408118 3144.304106 3168.711555 3177.397167 3185.333140 3171.846831 3170.084414 3173.968507 3181.913058 3185.069132 3191.452067 3223.537649 3257.150698 3282.501980 3305.227073 3312.374627 3300.363233 3290.544244 3277.235775 3268.306630 3278.226211 3294.872273 3312.278528 3327.221881 3338.469205 3340.754763 3339.220627 3339.297102 3342.211569 3345.177425 3349.257783 3357.343068 3364.890225 3373.507247 3381.955709 3372.251021 3355.591025 3345.946365 3336.320552 3335.001870 3336.076015 3339.230505 3340.290590 3325.118683 3284.993668 3254.265411 3222.571368 3202.029661 3188.090980 3186.348226 3170.398449 3146.831905 3096.790509 3059.662392 3028.372562
3196.555415 3239.579193 3268.624914 3286.350188 3299.117416 3296.729394 3298.433688 3299.484073 3303.319547 3305.896922 3309.056847 3335.036786 3375.585916 3414.417222 3445.263773 3445.564672 3432.346631 3421.094756 3411.775518 3397.882517 3393.991706 3405.922542 3420.712004 3440.390186 3450.920950 3457.469468 3454.509884 3454.750136 3456.360638 3458.648397 3460.732728 3464.134680 3473.426034 3488.059418 3502.134622 3501.538728 3483.372014 3465.591310 3449.461710 3446.439907 3443.609850 3438.671335 3440.842863 3442.706796 3428.149058 3397.932458 3359.154040 3318.825172 3301.127082 3285.529263 3274.767748 3258.363295 3220.419570 3158.621147 3120.992275
3310.966843 3343.902447 3372.488302 3402.525557 3417.671018 3420.443851 3418.120367 3417.206532 3424.128498 3427.184126 3433.282320 3449.714313 3480.682792 3515.213477 3544.428057 3559.970891 3552.614059 3535.284648 3513.666163 3504.390097 3501.658799 3505.067053 3514.219694 3526.496788 3545.519855 3564.504934 3570.207638 3571.071014 3568.434311 3570.793510 3572.300768 3572.407182 3575.110635 3583.185610 3592.746804 3596.033695 3588.608892 3568.175933 3545.118633 3533.451028 3526.751913 3523.268950 3523.983833 3528.759649 3531.651654 3517.331673 3482.692375 3439.228136 3409.105933 3393.366499 3380.452763 3366.949128 3354.963790 3324.156841 3303.886898
3418.911762 3433.806660 3461.528014 3489.913149 3512.591301 3527.368554 3528.071407 3531.299705 3535.987108 3543.510232 3558.549664 3581.310032 3599.759144 3621.723191 3647.705120 3663.541147 3668.813694 3667.337246 3663.556378 3664.810492 3665.143712 3605.693715 3611.655460 3617.593317 3633.775918 3648.495255 3653.796364 3654.400048 3651.992244 3653.753314 3654.477765 3654.394648 3654.025133 3656.131200 3660.937259 3662.774115 3660.503326 3648.441902 3665.288869 3645.577268 3632.287938 3624.173349 3616.012838 3607.773860 3598.389611 3588.602339 3569.063861 3538.751035 3504.693189 3482.798643 3474.682492 3468.712890 3460.617921 3455.137605 3438.541050
3517.085170 3527.633624 3545.467041 3567.828833 3601.007382 3623.909474 3635.146501 3644.316842 3648.947789 3662.671877 3678.955796 3663.921990 3671.811805 3679.976333 3688.088657 3690.874496 3691.672146 3691.304086 3688.930524 3688.194770 3685.847986 3682.273785 3671.911232 3673.509562 3675.416075 3678.023608 3681.734341 3680.609063 3681.700847 3684.649315 3682.914514 3676.929047 3672.902218 3671.329063 3672.276768 3679.676363 3683.128588 3684.070145 3680.917250 3680.008394 3679.062383 3675.832779 3671.800677 3666.116597 3658.845541 3672.636267 3660.815135 3633.317506 3593.888368 3553.484855 3545.360375 3546.685540 3546.746696 3545.205722 3539.695078
3639.811611 3653.252395 3667.803557 3647.298503 3668.513407 3679.370756 3684.447480 3688.412477 3691.168107 3694.108916 3691.080372 3688.038758 3683.182308 3681.652926 3680.313779 3677.887829 3678.523438 3676.638397 3672.600227 3668.621814 3660.817714 3649.350990 3638.177264 3634.715876 3639.046239 3644.609330 3649.684373 3654.016817 3657.700462 3657.806577 3652.412454 3644.052768 3636.561699 3634.883918 3641.716884 3647.437188 3653.840163 3654.696111 3653.306948 3650.863358 3650.660316 3647.466807 3647.702207 3654.713035 3669.309041 3672.304748 3677.909534 3677.111361 3661.302148 3632.675758 3642.531752 3622.716735 3628.561567 3624.040717 3612.785632
3682.523934 3685.155371 3683.606914 3682.449018 3676.122446 3670.108295 3669.347021 3673.357396 3680.387811 3681.482493 3674.465886 3665.952767 3658.788408 3651.460654 3649.164336 3648.561128 3648.292540 3648.776705 3643.512569 3634.375259 3617.569208 3606.034470 3594.987793 3589.061091 3585.458157 3589.054087 3600.157216 3612.083571 3617.081652 3608.035542 3599.686275 3587.999367 3579.948733 3580.380353 3581.522825 3590.963492 3607.515026 3614.767802 3615.538710 3609.186619 3602.869539 3596.271241 3593.279942 3599.709354 3614.922658 3631.493106 3646.878356 3655.900752 3663.558399 3670.594365 3669.475080 3672.078234 3673.510628 3671.488271 3674.134223
3676.773190 3669.851099 3662.940393 3657.700586 3651.281433 3645.985610 3644.197675 3646.156414 3648.216149 3644.235123 3637.886765 3627.952880 3617.026955 3607.410960 3599.996798 3601.040891 3603.415229 3605.049758 3597.908565 3582.725216 3565.078175 3551.688776 3537.898666 3534.009668 3528.253336 3520.946383 3531.100888 3550.566595 3557.833653 3542.017541 3531.255867 3516.187884 3509.555896 3505.647891 3506.486048 3515.426389 3537.630352 3561.244133 3563.221700 3552.365561 3541.585332 3536.813571 3533.604531 3538.308980 3555.038283 3575.623643 3591.487261 3601.758244 3607.057094 3614.813846 3624.162286 3638.194273 3652.804707 3664.981392 3669.982110
3651.885892 3644.174271 3636.573206 3629.030420 3622.207146 3616.097583 3611.890382 3609.986318 3606.251413 3600.263107 3593.355126 3573.439371 3561.192431 3548.534250 3533.902258 3530.195487 3525.703806 3526.953531 3515.620618 3507.562705 3491.052920 3475.839998 3460.364043 3447.389237 3441.730833 3435.172066 3434.032331 3447.667819 3456.147103 3446.348841 3436.641481 3425.841420 3421.200396 3417.850928 3420.262990 3430.651758 3450.358132 3468.635392 3476.857317 3469.409601 3467.698328 3467.401098 3465.758381 3471.870500 3482.819665 3500.735981 3522.791359 3541.298060 3550.987076 3557.812253 3566.984686 3581.269148 3595.249070 3609.444132 3627.241557
3621.587662 3612.399292 3602.613637 3593.057184 3582.729672 3572.357024 3566.038872 3568.695245 3562.785051 3557.267383 3535.435709 3481.421906 3460.875433 3442.308122 3426.431791 3420.038716 3411.933058 3396.719443 3388.217044 3383.726866 3385.292191 3371.388837 3354.311910 3336.920849 3332.117830 3328.615397 3312.033428 3308.230908 3309.002192 3324.274594 3318.151194 3316.550929 3318.139142 3315.742329 3317.157829 3329.926099 3337.896472 3343.638618 3350.244249 3354.429458 3364.506907 3371.985999 3381.475370 3398.234283 3409.040457 3424.240691 3444.341060 3469.480254 3484.484333 3493.748233 3503.957089 3519.037910 3535.024333 3552.518291 3574.695582
3587.301943 3571.188968 3556.889704 3542.836202 3530.379678 3517.816445 3502.503742 3504.525158 3502.519298 3492.691195 3439.346948 3398.871529 3365.798691 3348.936730 3325.846223 3312.860240 3297.331232 3260.243401 3243.386704 3242.801226 3257.156662 3253.449546 3238.289753 3226.469911 3217.346894 3208.343009 3191.121426 3173.188274 3179.208219 3197.244866 3197.851996 3200.871398 3208.473678 3207.859624 3201.346660 3199.126863 3211.185186 3216.679813 3227.571582 3244.547636 3249.159066 3264.678763 3297.477620 3309.989411 3324.602632 3342.654981 3362.698075 3384.134337 3406.065908 3419.654525 3434.400679 3452.480426 3468.806172 3488.801749 3511.114660
3537.361541 3506.913262 3486.284160 3469.329611 3450.735638 3424.704497 3405.062078 3403.179396 3397.342501 3369.499517 3318.427831 3283.122624 3259.851034 3238.616357 3216.127431 3193.388449 3159.352532 3125.422874 3104.168502 3119.559458 3130.832792 3142.003756 3130.733831 3120.120500 3110.749567 3093.223320 3076.676809 3060.705792 3071.625152 3080.290002 3098.608437 3105.279663 3109.175033 3114.816245 3113.322362 3102.847436 3098.217860 3106.094223 3115.712030 3127.271967 3147.869421 3180.483137 3204.574404 3222.138377 3241.975772 3260.040548 3280.824411 3303.157397 3325.173754 3341.473712 3359.187066 3376.916890 3397.200649 3415.937342 3438.431008
3458.985210 3431.294317 3405.481545 3382.955542 3352.476156 3307.357048 3293.593659 3285.241147 3264.601615 3218.637854 3177.787813 3158.893567 3145.999246 3123.464865 3103.080460 3075.398796 3042.481989 3021.221893 3001.289914 3011.923327 3022.455359 3042.390208 3033.837027 3027.126113 3024.262760 3009.235449 2996.145567 2979.980854 2986.429967 2998.497161 3021.613603 3027.498899 3031.575512 3040.785709 3039.941763 3035.291914 3018.043308 3024.619821 3035.044681 3048.860852 3079.181185 3101.246104 3123.146324 3144.167738 3162.821696 3181.712936 3203.138472 3225.346479 3250.708039 3269.395727 3287.570749 3308.279694 3326.797005 3340.789490 3356.740813
3352.860663 3329.422771 3310.369180 3286.988761 3245.524913 3202.645788 3165.205810 3140.052985 3089.614087 3056.115641 3035.842015 3034.858462 3023.310721 3004.455535 2986.855424 2980.071088 2958.866106 2940.449199 2915.929999 2921.627900 2937.587815 2954.762617 2955.997074 2956.991909 2955.699282 2946.547497 2933.271935 2919.776003 2923.576181 2940.619968 2958.580914 2968.549274 2976.248086 2983.999169 2983.730933 2974.264938 2964.213075 2968.860625 2983.707363 2988.772063 3005.469639 3025.409979 3045.080551 3064.561932 3086.077859 3107.671591 3129.589896 3153.372814 3177.249304 3197.283578 3219.807677 3243.030147 3258.768658 3266.832783 3274.168183
3252.155029 3233.567559 3211.276265 3184.893599 3146.016584 3107.378907 3067.695020 3022.454997 2991.028943 2975.500406 2969.142659 2954.535861 2941.997112 2928.335801 2909.013497 2893.912415 2879.844323 2859.288663 2849.493067 2857.126766 2870.904776 2879.487568 2886.414913 2884.593002 2882.538906 2877.098817 2863.393444 2859.109895 2869.109625 2884.316000 2898.046780 2909.545442 2916.414110 2921.525403 2918.430162 2909.203922 2906.000759 2913.974228 2929.118401 2941.811479 2956.122557 2975.889520 2985.536416 3005.548200 3026.430827 3047.152605 3070.259971 3094.077149 3118.665588 3144.352723 3165.462777 3181.286506 3188.854097 3197.152143 3196.106185
3133.099203 3122.316551 3097.695176 3070.902013 3042.822173 3010.879696 2988.077022 2969.255577 2940.675253 2913.282223 2888.639287 2877.204856 2871.944592 2861.169040 2845.178813 2834.885132 2820.164953 2810.540863 2816.916799 2818.616266 2827.084597 2825.615816 2826.844481 2824.687339 2824.331998 2822.278919 2816.187398 2827.948129 2833.742097 2847.123686 2857.124915 2866.772291 2872.483966 2875.968483 2876.942876 2872.517912 2878.096667 2883.926409 2897.229816 2907.885125 2920.822001 2939.972124 2955.581494 2973.273184 2985.725793 3006.835562 3028.796821 3052.799518 3079.108649 3102.100164 3118.397731 3123.760343 3131.563140 3131.854874 3119.720346
