tests/Borden05m/sims/sim_1/output-maps/psiliqL0005N0016.asc
ncols         160
nrows         34
xllcorner     620200.000000
yllcorner     5168000.000000
cellsize      0.500000
NODATA_value  -9999.0
[rows 0 to 24 of 34, columns 0 to 55 of 160]
-9999.0 -9999.0 -9999.0 -9999.0 -9999.0 -9999.0 -9999.0 -9999.0 -9999.0 -9999.0 -9999.0 -9999.0 -9999.0 -9999.0 -9999.0 -9999.0 -9999.0 -9999.0 -9999.0 -9999.0 -9999.0 -9999.0 -9999.0 -9999.0 -9999.0 -9999.0 -9999.0 -9999.0 -9999.0 -9999.0 -9999.0 -9999.0 -9999.0 -9999.0 -9999.0 -9999.0 -9999.0 -9999.0 -9999.0 -9999.0 -9999.0 -9999.0 -9999.0 -9999.0 -9999.0 -9999.0 -9999.0 -9999.0 -9999.0 -9999.0 -9999.0 -9999.0 -9999.0 -9999.0 -9999.0 -9999.0
-9999.0 -9999.0 -9999.0 -9999.0 -9999.0 -9999.0 -9999.0 -9999.0 -9999.0 -9999.0 -9999.0 -9999.0 -9999.0 -9999.0 -9999.0 -9999.0 -9999.0 -9999.0 -9999.0 -9999.0 -9999.0 -9999.0 -9999.0 -9999.0 -9999.0 -9999.0 -9999.0 -9999.0 -9999.0 -9999.0 -9999.0 -9999.0 -9999.0 -9999.0 -9999.0 -9999.0 -9999.0 -9999.0 -9999.0 -9999.0 -9999.0 -9999.0 -9999.0 -9999.0 -9999.0 -9999.0 -9999.0 -9999.0 -9999.0 -9999.0 -9999.0 -9999.0 -9999.0 -9999.0 -9999.0 -9999.0
-9999.0 -9999.0 -9999.0 -9999.0 -9999.0 -9999.0 -9999.0 -9999.0 -9999.0 -9999.0 -9999.0 -9999.0 -9999.0 -9999.0 -9999.0 -9999.0 -9999.0 -9999.0 -9999.0 -9999.0 -9999.0 -9999.0 -9999.0 -9999.0 -9999.0 -9999.0 -9999.0 -9999.0 -9999.0 -9999.0 -9999.0 -9999.0 -9999.0 -9999.0 -9999.0 -9999.0 -9999.0 -9999.0 -9999.0 -9999.0 -9999.0 -9999.0 -9999.0 -9999.0 -9999.0 -9999.0 -9999.0 -722.401629 -741.045880 -762.356117 -766.958524 -741.685710 -724.999897 -708.611982 -695.367453 -682.982603
-9999.0 -9999.0 -9999.0 -9999.0 -9999.0 -9999.0 -9999.0 -9999.0 -9999.0 -9999.0 -9999.0 -9999.0 -9999.0 -9999.0 -9999.0 -9999.0 -9999.0 -9999.0 -9999.0 -9999.0 -9999.0 -9999.0 -9999.0 -9999.0 -9999.0 -9999.0 -9999.0 -9999.0 -9999.0 -9999.0 -9999.0 -9999.0 -9999.0 -9999.0 -9999.0 -9999.0 -9999.0 -9999.0 -9999.0 -9999.0 -701.754575 -694.604701 -690.296865 -702.030818 -710.366505 -715.381179 -731.787093 -748.731130 -765.384560 -763.903117 -762.771146 -766.885048 -746.061003 -727.037592 -715.057325 -704.065917
-9999.0 -9999.0 -9999.0 -9999.0 -9999.0 -9999.0 -9999.0 -9999.0 -9999.0 -9999.0 -9999.0 -9999.0 -9999.0 -9999.0 -9999.0 -9999.0 -9999.0 -9999.0 -9999.0 -9999.0 -9999.0 -9999.0 -9999.0 -9999.0 -9999.0 -9999.0 -9999.0 -9999.0 -9999.0 -9999.0 -9999.0 -9999.0 -9999.0 -9999.0 -765.933068 -748.435623 -736.563889 -724.751867 -711.765614 -710.747339 -709.519141 -702.914051 -708.423421 -711.198279 -721.277267 -738.841415 -757.454396 -769.679997 -765.401563 -768.647970 -766.803884 -756.067625 -745.568259 -736.645484 -720.360914 -699.845065
-9999.0 -9999.0 -9999.0 -9999.0 -9999.0 -9999.0 -9999.0 -9999.0 -9999.0 -9999.0 -9999.0 -9999.0 -9999.0 -9999.0 -9999.0 -9999.0 -9999.0 -9999.0 -9999.0 -9999.0 -9999.0 -9999.0 -9999.0 -9999.0 -9999.0 -9999.0 -9999.0 -9999.0 -747.642506 -754.180534 -759.529230 -760.015028 -762.206994 -768.810905 -767.740412 -761.674655 -748.555439 -731.082130 -724.210781 -722.023003 -718.521655 -720.028532 -727.442170 -729.285798 -724.004611 -735.010524 -743.329794 -752.275358 -766.722730 -769.730399 -760.031177 -748.682852 -737.047279 -728.967747 -720.707418 -713.263224
-9999.0 -9999.0 -9999.0 -9999.0 -9999.0 -9999.0 -9999.0 -9999.0 -9999.0 -9999.0 -9999.0 -9999.0 -9999.0 -9999.0 -9999.0 -9999.0 -9999.0 -9999.0 -9999.0 -9999.0 -9999.0 -9999.0 -9999.0 -765.311971 -759.091620 -755.405525 -749.418178 -751.078819 -761.269959 -769.003360 -772.761835 -775.501706 -780.853105 -779.855463 -776.645753 -768.266188 -759.454847 -741.275551 -741.505996 -740.777775 -728.081709 -728.866522 -722.758809 -716.215954 -718.537240 -719.057670 -734.317855 -745.847184 -735.761196 -729.964339 -727.562999 -725.812364 -717.291668 -706.357594 -693.443725 -676.551629
-9999.0 -9999.0 -9999.0 -9999.0 -9999.0 -9999.0 -9999.0 -9999.0 -9999.0 -9999.0 -9999.0 -9999.0 -9999.0 -9999.0 -9999.0 -9999.0 -9999.0 -9999.0 -9999.0 -772.747649 -773.982145 -776.537731 -774.157114 -782.749921 -785.756188 -780.908757 -773.568248 -775.644088 -781.184531 -786.144471 -785.248282 -783.873441 -783.439717 -772.955108 -762.772808 -755.545759 -750.580438 -734.578179 -725.905088 -715.786515 -699.391941 -706.120418 -714.286526 -718.699450 -719.130641 -720.609166 -712.385120 -709.063313 -706.068016 -703.459969 -699.715867 -694.201915 -688.042903 -672.105126 -655.477237 -639.505482
-9999.0 -9999.0 -9999.0 -9999.0 -9999.0 -9999.0 -9999.0 -9999.0 -9999.0 -9999.0 -9999.0 -9999.0 -9999.0 -9999.0 -9999.0 -9999.0 -781.786190 -782.197100 -785.370301 -789.741790 -794.085924 -793.082476 -787.270612 -793.835276 -794.857433 -791.041781 -792.181014 -786.055057 -779.995574 -773.502214 -769.743946 -773.195415 -769.524790 -766.275405 -761.726919 -752.941848 -735.410122 -718.333705 -709.072115 -696.622608 -681.114442 -685.462461 -688.345555 -688.069176 -690.414440 -683.890602 -664.244181 -662.610116 -664.445803 -644.083472 -631.341826 -630.167785 -627.130435 -611.464839 -589.237914 -561.588641
-9999.0 -9999.0 -9999.0 -9999.0 -9999.0 -9999.0 -9999.0 -9999.0 -9999.0 -9999.0 -9999.0 -9999.0 -9999.0 -794.034176 -794.003747 -790.940229 -798.828067 -805.905182 -809.489531 -814.104843 -802.725708 -807.258885 -807.024270 -803.303574 -793.127121 -790.178399 -786.297165 -778.314134 -776.476455 -775.537021 -774.415828 -774.874588 -764.456059 -753.317150 -743.089686 -727.820905 -713.142850 -699.122301 -682.636134 -673.721394 -662.686432 -661.856046 -667.224276 -667.716311 -660.390853 -641.670198 -624.422245 -613.925180 -589.795415 -563.881070 -548.220769 -532.531969 -522.692119 -509.371500 -483.587678 -428.116968
-9999.0 -9999.0 -9999.0 -9999.0 -9999.0 -9999.0 -9999.0 -9999.0 -9999.0 -9999.0 -817.578882 -811.551325 -820.602214 -835.875459 -841.504748 -835.170933 -828.348332 -831.959950 -828.647635 -808.432872 -795.973716 -807.629073 -794.400276 -791.097623 -793.898522 -788.816042 -780.829568 -775.213501 -761.453491 -755.946258 -750.194573 -731.103983 -721.169320 -711.024061 -699.244995 -686.086083 -671.935478 -644.596866 -620.850008 -612.541527 -587.341634 -571.607660 -579.223127 -581.447772 -575.514107 -555.300053 -524.753998 -486.163950 -449.969513 -406.032601 -372.193744 -351.501240 -336.950205 -320.867382 -302.130339 -272.802458
-9999.0 -9999.0 -9999.0 -9999.0 -9999.0 -9999.0 -9999.0 -9999.0 -845.475563 -834.945219 -828.012608 -835.859691 -846.696767 -865.131474 -855.356825 -845.121363 -836.900104 -826.431107 -819.321329 -811.966975 -810.249538 -800.285567 -785.770039 -783.614328 -778.374964 -767.861046 -762.169254 -750.546408 -735.470260 -730.642550 -718.052601 -702.385452 -688.338827 -675.644027 -662.203993 -649.720208 -622.746263 -589.287884 -555.079514 -525.491066 -489.328181 -451.667052 -449.120640 -442.535204 -433.121603 -390.410988 -345.228438 -305.786903 -275.713897 -250.225620 -224.672288 -210.151761 -200.247329 -187.950491 -172.848606 -158.945532
-9999.0 -9999.0 -9999.0 -9999.0 -9999.0 -9999.0 -865.082083 -839.185742 -826.496637 -850.950025 -870.570560 -877.461275 -888.986439 -861.365538 -836.682479 -829.081330 -822.230513 -814.565944 -811.719154 -817.442438 -781.792876 -782.100076 -780.173258 -765.598147 -759.997658 -753.174065 -741.613492 -722.853432 -707.618419 -677.611534 -652.294001 -629.848722 -606.081196 -589.072348 -572.174068 -552.353900 -513.465491 -460.867430 -403.002276 -356.544283 -319.915105 -287.273705 -275.554116 -269.174262 -261.546041 -246.267033 -220.181809 -192.604109 -161.026882 -131.085700 -108.593935 -98.084956 -88.476080 -77.503242 -64.096233 -49.625375
-9999.0 -9999.0 -9999.0 -9999.0 -859.206519 -850.869359 -851.088503 -827.063946 -810.682058 -838.354297 -827.354572 -831.928103 -840.938728 -850.778668 -861.267806 -847.174943 -836.796773 -827.842688 -822.302271 -785.711623 -752.639010 -755.849832 -735.873787 -707.471997 -703.455769 -694.841149 -686.315747 -668.832764 -643.249276 -612.149243 -561.182390 -513.532688 -478.958555 -445.013599 -412.777990 -375.556093 -332.264456 -289.634461 -256.214661 -225.741041 -197.864188 -175.099499 -160.262929 -151.859065 -141.459709 -128.576175 -111.161624 -86.361730 -57.545148 -23.445367 2.114189 17.278489 25.332138 35.376438 47.496684 64.750409
-9999.0 -9999.0 -9999.0 -880.514653 -852.278472 -838.650908 -843.525335 -833.247913 -811.606435 -823.350912 -823.586500 -823.831575 -822.989265 -819.926211 -817.344533 -807.356014 -801.666341 -800.172126 -788.810568 -761.272224 -739.012776 -713.349596 -690.498975 -664.930626 -645.021415 -633.250692 -620.393830 -596.837199 -551.937540 -499.990642 -422.977949 -346.751447 -300.807790 -274.467752 -257.114344 -235.162576 -213.634211 -182.780199 -152.631979 -124.106562 -95.484363 -71.420086 -49.699348 -37.211341 -29.815230 -19.774881 -2.620448 18.183009 42.431266 85.732168 114.006000 133.692119 144.410286 151.796728 165.103423 178.830056
-9999.0 -9999.0 -882.213753 -864.399204 -868.704572 -844.686587 -818.747624 -821.472884 -793.961113 -781.562098 -793.886518 -779.099084 -768.832624 -773.262101 -761.067436 -748.261428 -740.658883 -747.926344 -747.902889 -717.581786 -667.457175 -623.965888 -590.725950 -521.563893 -480.727338 -454.332931 -438.608927 -402.351565 -356.035206 -302.046515 -255.784818 -211.604468 -174.992167 -146.271580 -133.517830 -118.329653 -95.921253 -72.537226 -43.439670 -16.192887 10.707906 35.591015 61.466797 88.633651 82.974365 107.730858 128.056447 147.782399 167.449451 187.067997 203.010676 204.874873 205.353750 206.044568 206.596881 207.200443
-9999.0 -9999.0 -901.411672 -873.295507 -882.919080 -838.861185 -797.189939 -810.333453 -789.150863 -752.998674 -750.280277 -738.115011 -729.876537 -718.248401 -699.665815 -675.521877 -679.910716 -681.372036 -692.649191 -636.043982 -577.368766 -490.986859 -379.778702 -310.881412 -272.876546 -264.571510 -258.988691 -243.341305 -220.182302 -179.003883 -130.470222 -80.077843 -38.707442 -11.343370 2.248187 16.606407 38.672227 74.022441 91.101743 121.100522 138.999547 157.972566 179.117202 198.012130 203.349810 205.002106 204.544327 205.432128 206.265415 206.411879 206.382502 202.804801 201.002938 202.468040 203.683294 199.050189
-9999.0 -915.542556 -898.794507 -892.511425 -861.062120 -855.467460 -812.347525 -761.008445 -743.614931 -718.725108 -704.962310 -701.162180 -640.807512 -588.227960 -562.748145 -526.452134 -535.205755 -543.715624 -558.159984 -506.819972 -420.306744 -306.190158 -200.858096 -148.744174 -116.880339 -111.307879 -113.692568 -99.835097 -74.995140 -37.643146 21.257087 78.642200 118.740549 146.834984 155.929253 158.394405 171.850070 189.390768 203.195122 207.624101 208.936519 209.933951 206.292862 206.754927 207.100030 207.198250 203.681135 197.452912 189.449152 181.367971 177.066791 170.880227 163.235448 176.109721 178.367837 171.499246
-9999.0 -958.548829 -902.651936 -869.133436 -870.605410 -871.668782 -792.146802 -694.734886 -691.451137 -678.027055 -660.621991 -606.811099 -494.835457 -403.781528 -356.148615 -315.390472 -317.093190 -328.974824 -327.282860 -291.492764 -239.678679 -165.582678 -53.739057 25.549410 49.748078 62.766601 71.635982 92.549372 118.801374 142.566220 166.873074 189.353699 195.152016 196.936174 197.602000 197.779226 198.198545 198.718060 195.647852 192.376212 188.018441 188.196020 191.602392 191.292404 188.433372 184.109337 176.704319 167.947124 158.932601 137.175343 128.924224 123.158026 119.018189 121.026960 117.501050 111.381732
-9999.0 -918.993645 -859.732178 -868.961676 -902.417262 -824.535174 -772.290727 -686.444112 -622.966545 -605.272601 -541.278910 -409.196081 -307.646472 -241.219511 -204.094868 -183.823226 -171.803011 -173.827797 -153.882648 -105.809726 -31.269839 64.883061 115.074831 167.509658 177.489825 179.038132 176.981118 178.159909 179.596783 180.357942 181.358463 179.495985 186.032929 188.784830 187.389476 183.033696 177.017776 169.142901 163.882779 160.646804 156.057198 156.019790 159.865389 159.980451 154.881621 135.684754 123.783864 114.616307 105.161009 92.591757 85.424391 79.632392 76.211584 71.843840 66.957827 60.797824
-9999.0 -999.185861 -905.659064 -971.677326 -866.863827 -779.444662 -751.977017 -634.294567 -520.865900 -465.014295 -338.657616 -252.249260 -179.514872 -130.091483 -94.161649 -55.953013 -29.777922 -3.047836 32.042169 64.788688 145.530304 177.544980 184.178145 186.932135 179.812585 179.328417 166.465048 144.586690 133.830335 127.129091 127.694195 125.867347 146.036101 154.219052 150.326376 135.757519 125.925999 119.527965 115.130519 107.088048 99.385566 94.283285 93.477348 98.156373 90.902493 81.902850 72.402662 62.397734 51.950582 41.752296 32.629747 24.858251 21.176529 15.262001 13.655096 6.730278
-9999.0 -1064.711982 -989.814695 -938.082735 -848.720752 -782.496492 -713.079402 -591.813668 -412.160268 -305.819211 -229.431885 -190.517755 -135.258643 -76.936840 -19.310432 12.340409 29.397893 36.625902 45.766369 57.698629 58.072462 90.107379 109.286123 130.502709 131.454942 130.298424 103.197679 85.967745 77.477552 76.080093 74.952637 73.946760 77.338031 77.165281 72.665655 68.917994 68.828963 61.685196 53.855735 46.628736 40.184154 32.758497 27.586208 24.572730 21.184203 18.635348 9.767040 -1.477300 -12.591462 -21.468385 -29.988186 -36.583334 -39.007871 -43.490161 -49.252811 -59.014981
-9999.0 -1227.997911 -969.714495 -941.841043 -884.934065 -855.478450 -812.806669 -696.922782 -552.216074 -323.973234 -176.418627 -153.647673 -133.681816 -98.650854 -43.749671 6.646355 12.538230 -14.854139 -35.433306 -42.183076 -30.840741 -9.067440 10.387305 32.162037 45.456084 50.682513 44.364838 32.801915 18.708895 11.353225 7.680403 0.714029 -3.780677 -3.835598 -6.304131 -3.303772 -1.793766 -11.510593 -23.501905 -37.295404 -49.310932 -58.230361 -61.412025 -61.216542 -62.349421 -65.968292 -73.560168 -83.512582 -95.361899 -105.988728 -114.073643 -119.683675 -125.283502 -132.830307 -141.219760 -150.372246
-9999.0 -9999.0 -1079.119685 -943.718335 -924.684887 -897.661798 -863.625503 -768.326364 -663.991133 -464.808777 -330.495172 -261.342266 -221.884337 -187.446027 -140.674430 -100.297482 -93.751586 -86.905743 -109.869230 -108.201100 -100.638109 -91.005358 -77.884770 -63.910772 -51.626896 -44.595720 -41.762363 -44.821076 -54.150633 -68.051948 -83.387901 -94.847663 -101.854748 -106.968024 -100.716707 -91.771221 -93.726583 -100.167776 -110.662109 -124.265010 -135.658875 -147.047328 -150.089072 -149.303725 -149.519268 -152.431789 -157.410614 -168.741979 -180.338413 -192.082332 -197.822482 -203.435863 -208.926836 -218.460318 -228.262672 -239.267107
-9999.0 -9999.0 -1261.928765 -1012.036415 -925.533558 -869.662890 -868.191910 -844.017027 -732.282375 -661.336424 -575.824197 -483.777877 -398.924742 -337.070867 -299.287643 -260.060450 -242.299667 -234.161295 -231.632773 -220.491588 -202.523402 -184.934781 -172.442647 -160.747952 -149.631906 -140.664483 -133.460421 -142.515280 -151.832199 -165.605425 -182.662984 -201.336553 -211.416277 -216.866919 -213.377006 -207.126807 -211.462455 -220.217380 -232.296204 -246.180045 -256.875330 -266.945089 -270.005699 -271.335217 -271.756986 -274.025202 -277.154345 -286.174486 -298.698077 -309.164190 -318.443449 -326.758100 -332.157101 -342.841232 -356.972759 -369.625875
