tests/Borden05m/sims/sim_1/output-maps/psiliqL0007N0012.asc
ncols         160
nrows         34
xllcorner     620200.000000
yllcorner     5168000.000000
cellsize      0.500000
NODATA_value  -9999.0
[rows 0 to 24 of 34, columns 0 to 56 of 160]
-9999.0 -9999.0 -9999.0 -9999.0 -9999.0 -9999.0 -9999.0 -9999.0 -9999.0 -9999.0 -9999.0 -9999.0 -9999.0 -9999.0 -9999.0 -9999.0 -9999.0 -9999.0 -9999.0 -9999.0 -9999.0 -9999.0 -9999.0 -9999.0 -9999.0 -9999.0 -9999.0 -9999.0 -9999.0 -9999.0 -9999.0 -9999.0 -9999.0 -9999.0 -9999.0 -9999.0 -9999.0 -9999.0 -9999.0 -9999.0 -9999.0 -9999.0 -9999.0 -9999.0 -9999.0 -9999.0 -9999.0 -9999.0 -9999.0 -9999.0 -9999.0 -9999.0 -9999.0 -9999.0 -9999.0 -9999.0 -9999.0
-9999.0 -9999.0 -9999.0 -9999.0 -9999.0 -9999.0 -9999.0 -9999.0 -9999.0 -9999.0 -9999.0 -9999.0 -9999.0 -9999.0 -9999.0 -9999.0 -9999.0 -9999.0 -9999.0 -9999.0 -9999.0 -9999.0 -9999.0 -9999.0 -9999.0 -9999.0 -9999.0 -9999.0 -9999.0 -9999.0 -9999.0 -9999.0 -9999.0 -9999.0 -9999.0 -9999.0 -9999.0 -9999.0 -9999.0 -9999.0 -9999.0 -9999.0 -9999.0 -9999.0 -9999.0 -9999.0 -9999.0 -9999.0 -9999.0 -9999.0 -9999.0 -9999.0 -9999.0 -9999.0 -9999.0 -9999.0 -9999.0
-9999.0 -9999.0 -9999.0 -9999.0 -9999.0 -9999.0 -9999.0 -9999.0 -9999.0 -9999.0 -9999.0 -9999.0 -9999.0 -9999.0 -9999.0 -9999.0 -9999.0 -9999.0 -9999.0 -9999.0 -9999.0 -9999.0 -9999.0 -9999.0 -9999.0 -9999.0 -9999.0 -9999.0 -9999.0 -9999.0 -9999.0 -9999.0 -9999.0 -9999.0 -9999.0 -9999.0 -9999.0 -9999.0 -9999.0 -9999.0 -9999.0 -9999.0 -9999.0 -9999.0 -9999.0 -9999.0 -9999.0 -520.576768 -538.242011 -555.458212 -557.085407 -534.277755 -511.177746 -487.846615 -467.692342 -449.294939 -430.484396
-9999.0 -9999.0 -9999.0 -9999.0 -9999.0 -9999.0 -9999.0 -9999.0 -9999.0 -9999.0 -9999.0 -9999.0 -9999.0 -9999.0 -9999.0 -9999.0 -9999.0 -9999.0 -9999.0 -9999.0 -9999.0 -9999.0 -9999.0 -9999.0 -9999.0 -9999.0 -9999.0 -9999.0 -9999.0 -9999.0 -9999.0 -9999.0 -9999.0 -9999.0 -9999.0 -9999.0 -9999.0 -9999.0 -9999.0 -9999.0 -472.958126 -467.202020 -465.578313 -476.745725 -488.285104 -500.129541 -520.127769 -538.180273 -554.188854 -557.379382 -555.048000 -549.314048 -526.285573 -502.469522 -483.413057 -466.215353 -447.374171
-9999.0 -9999.0 -9999.0 -9999.0 -9999.0 -9999.0 -9999.0 -9999.0 -9999.0 -9999.0 -9999.0 -9999.0 -9999.0 -9999.0 -9999.0 -9999.0 -9999.0 -9999.0 -9999.0 -9999.0 -9999.0 -9999.0 -9999.0 -9999.0 -9999.0 -9999.0 -9999.0 -9999.0 -9999.0 -9999.0 -9999.0 -9999.0 -9999.0 -9999.0 -564.148621 -546.638280 -528.773431 -510.804043 -494.557087 -488.257009 -482.500219 -476.809381 -481.005616 -486.140907 -497.719573 -516.351245 -536.397145 -551.092903 -554.181993 -557.144635 -552.996130 -540.025751 -523.727725 -507.555282 -486.992609 -464.405320 -455.645522
-9999.0 -9999.0 -9999.0 -9999.0 -9999.0 -9999.0 -9999.0 -9999.0 -9999.0 -9999.0 -9999.0 -9999.0 -9999.0 -9999.0 -9999.0 -9999.0 -9999.0 -9999.0 -9999.0 -9999.0 -9999.0 -9999.0 -9999.0 -9999.0 -9999.0 -9999.0 -9999.0 -9999.0 -558.684946 -564.800794 -570.302214 -572.140157 -573.783019 -575.359167 -568.607435 -556.384229 -538.227458 -517.150654 -504.794132 -498.022000 -491.854095 -491.324650 -496.376771 -498.977522 -499.195188 -511.158252 -523.106844 -534.335953 -545.155673 -546.566022 -537.327484 -523.970457 -508.482473 -494.240207 -479.486722 -466.244046 -451.583808
-9999.0 -9999.0 -9999.0 -9999.0 -9999.0 -9999.0 -9999.0 -9999.0 -9999.0 -9999.0 -9999.0 -9999.0 -9999.0 -9999.0 -9999.0 -9999.0 -9999.0 -9999.0 -9999.0 -9999.0 -9999.0 -9999.0 -9999.0 -587.120482 -581.083432 -574.856568 -567.844340 -567.287732 -571.969250 -578.018133 -581.637336 -583.634334 -585.552114 -581.589810 -573.402950 -559.980803 -544.380017 -523.249496 -515.067249 -508.621540 -496.456647 -494.824027 -490.816273 -487.278609 -489.590538 -492.584315 -504.728232 -513.754153 -508.081922 -502.158041 -496.349196 -489.550767 -477.182150 -461.902082 -444.372221 -423.799353 -402.083939
-9999.0 -9999.0 -9999.0 -9999.0 -9999.0 -9999.0 -9999.0 -9999.0 -9999.0 -9999.0 -9999.0 -9999.0 -9999.0 -9999.0 -9999.0 -9999.0 -9999.0 -9999.0 -9999.0 -611.406592 -610.802561 -610.134548 -605.883721 -605.091056 -603.083398 -596.365180 -588.558263 -586.942118 -588.841951 -591.002025 -589.885522 -587.676983 -584.011476 -572.843449 -559.376382 -545.651938 -531.823340 -511.415719 -497.110879 -483.475492 -467.695032 -469.830858 -474.991510 -477.833864 -477.959963 -477.702472 -471.418239 -467.766523 -462.586358 -456.718286 -449.871821 -441.540794 -431.384974 -412.967398 -392.378187 -371.372523 -350.968895
-9999.0 -9999.0 -9999.0 -9999.0 -9999.0 -9999.0 -9999.0 -9999.0 -9999.0 -9999.0 -9999.0 -9999.0 -9999.0 -9999.0 -9999.0 -9999.0 -639.171424 -637.524643 -635.752109 -630.720714 -628.691021 -625.104876 -618.637218 -618.020588 -614.510761 -607.822310 -603.203485 -595.213946 -587.903647 -581.012250 -575.566784 -573.376020 -566.023554 -556.795204 -545.321096 -529.955088 -508.342147 -486.253076 -470.455286 -454.325131 -438.072240 -438.432249 -440.257243 -439.733205 -439.280364 -431.085426 -412.624117 -406.330981 -402.269346 -382.292420 -367.472017 -361.779105 -354.349365 -335.792862 -310.596834 -280.776381 -243.594064
-9999.0 -9999.0 -9999.0 -9999.0 -9999.0 -9999.0 -9999.0 -9999.0 -9999.0 -9999.0 -9999.0 -9999.0 -9999.0 -682.485476 -678.520993 -669.768823 -662.265591 -660.485037 -657.082392 -651.921752 -640.194296 -637.153697 -631.375028 -624.171044 -613.384127 -605.398787 -596.625773 -585.345164 -577.345027 -570.647828 -563.996264 -557.575228 -544.123130 -529.056982 -513.443190 -493.556988 -472.519907 -451.687672 -430.715687 -416.116165 -401.915619 -398.235344 -400.719947 -399.553034 -391.123576 -371.837635 -351.430581 -336.631152 -311.996473 -285.428309 -268.049231 -252.006604 -240.373376 -225.000137 -199.225236 -151.926259 -100.381273
-9999.0 -9999.0 -9999.0 -9999.0 -9999.0 -9999.0 -9999.0 -9999.0 -9999.0 -9999.0 -717.888110 -715.359192 -719.036571 -718.203069 -714.043634 -702.648065 -690.067259 -683.482576 -672.865626 -652.956506 -636.537490 -633.566579 -619.135187 -609.785617 -603.813004 -593.574264 -580.932355 -568.343337 -551.331001 -539.090080 -526.607547 -505.985046 -489.992661 -474.160658 -457.031815 -437.835601 -416.601916 -385.560378 -357.277764 -341.871874 -315.789189 -299.479294 -302.369115 -301.925827 -293.254268 -272.108513 -242.055704 -206.626664 -174.481985 -137.085939 -105.673321 -82.935436 -65.754169 -47.226964 -26.119375 8.812531 47.722730
-9999.0 -9999.0 -9999.0 -9999.0 -9999.0 -9999.0 -9999.0 -9999.0 -741.431822 -734.948773 -728.807083 -732.101603 -737.180212 -740.513607 -728.121930 -712.780669 -697.375342 -681.088281 -665.716353 -648.562334 -633.412006 -617.253067 -598.670994 -587.377456 -576.007455 -561.404099 -548.222072 -530.541336 -509.659523 -494.917345 -475.692488 -454.027994 -434.509099 -416.597550 -398.176647 -379.297610 -348.469542 -311.130354 -274.360593 -243.422314 -208.380866 -175.553200 -171.667786 -165.515158 -156.652786 -119.561566 -73.812939 -30.514246 3.774030 33.537779 62.653394 79.643495 91.283077 105.395346 122.446551 138.885530 161.592754
-9999.0 -9999.0 -9999.0 -9999.0 -9999.0 -9999.0 -766.389666 -742.590644 -728.218498 -736.226249 -744.074781 -747.546537 -751.132150 -733.512481 -712.857331 -696.691728 -680.678180 -664.070842 -648.495306 -633.891220 -598.865748 -583.542892 -569.018498 -549.312601 -536.037018 -522.706995 -505.854733 -482.523718 -459.251869 -425.578425 -393.916399 -365.001158 -336.550591 -314.709195 -293.746950 -270.362991 -231.258388 -182.742356 -132.006113 -86.325169 -45.717285 -8.942119 4.618733 12.313199 21.283443 39.800587 70.226029 101.310331 135.291914 166.211786 189.477910 200.224732 210.541935 222.887175 237.995385 253.390541 266.685761
-9999.0 -9999.0 -9999.0 -9999.0 -799.329974 -778.635717 -758.199180 -727.651893 -705.397490 -711.249808 -704.086861 -703.730306 -705.191145 -703.516781 -698.665261 -681.428790 -664.621175 -647.731802 -629.382853 -591.309496 -550.758160 -534.385835 -507.405467 -475.502700 -461.815573 -447.382943 -432.260059 -408.716207 -377.087930 -338.642863 -285.855726 -237.640456 -202.494703 -170.815996 -141.383454 -106.285900 -59.333786 -11.781237 27.954897 63.597049 95.290760 121.089405 136.964344 145.176525 155.627813 169.125823 187.548429 213.358309 242.570399 274.801645 299.138774 312.588068 321.086461 333.689464 348.222717 367.300490 380.402825
-9999.0 -9999.0 -9999.0 -845.165988 -807.038705 -770.831328 -743.513574 -712.922989 -681.916251 -675.425922 -667.730219 -661.220258 -654.483837 -645.893501 -635.931923 -620.422069 -607.558218 -596.396032 -576.326200 -540.020958 -503.771942 -468.638750 -435.536287 -402.703202 -377.695391 -360.732406 -342.851696 -315.611112 -269.972274 -219.571149 -152.103747 -77.549028 -26.536684 4.315442 25.874927 52.005519 77.353603 111.687234 144.197822 174.722924 205.152149 230.947775 253.270706 261.550625 268.190806 276.629253 292.890167 314.653107 337.742654 370.170960 396.643172 412.977820 425.014872 437.811674 453.950991 469.839628 480.882478
-9999.0 -9999.0 -891.070515 -854.647979 -819.185554 -767.314120 -715.315018 -682.565546 -642.195728 -616.977811 -610.062181 -591.265255 -574.324906 -565.900444 -548.837238 -531.630326 -519.827764 -517.794116 -506.642631 -469.644664 -413.535006 -359.939979 -319.206078 -253.747037 -213.338372 -185.885453 -168.273969 -134.635142 -87.697564 -28.691724 25.362130 75.780473 116.031939 147.103449 161.449648 178.023325 200.681458 222.564545 251.386982 279.915661 308.829989 336.189956 363.932849 373.562922 374.955301 390.323270 408.453467 432.797834 454.659247 475.347250 489.411234 491.927057 493.790923 496.293423 498.469492 500.043810 500.641473
-9999.0 -9999.0 -915.380150 -871.887172 -828.419697 -757.322166 -683.326768 -645.895340 -603.122492 -559.517232 -540.623341 -517.407551 -496.868355 -476.825375 -452.638241 -427.798383 -424.650061 -422.633365 -423.365043 -366.022255 -300.256107 -219.865943 -123.139756 -44.391822 1.356645 13.198184 21.264599 39.932600 66.435750 111.437474 161.442310 211.440903 253.492533 281.804184 295.984281 310.875347 331.036443 353.096655 367.080242 401.947860 423.406228 445.126270 468.904241 486.958672 493.036380 494.485060 491.745664 495.169695 497.602783 499.028848 499.144073 495.688806 495.030852 496.209086 497.421975 492.519092 486.000281
-9999.0 -1000.725940 -949.115687 -894.627144 -823.532710 -753.521761 -666.509263 -585.445830 -537.336799 -496.499913 -468.301744 -446.477291 -386.614575 -332.056129 -300.774653 -266.661980 -268.644407 -271.658165 -278.888895 -228.991370 -154.331144 -38.743306 80.483496 139.975538 173.626083 178.495734 175.672449 189.580089 214.695145 253.154042 310.979534 355.744548 398.276409 429.019640 439.538689 443.250201 457.781135 475.514319 484.648602 492.927172 496.615477 499.670547 497.914739 498.864589 499.363969 499.478115 496.267104 490.050745 482.439979 476.938486 472.311366 466.282232 468.521176 472.897889 473.927247 465.376801 456.374982
-9999.0 -1034.162833 -973.611396 -900.648334 -828.191543 -747.901361 -632.645417 -507.699322 -463.023624 -429.162549 -396.231863 -339.507762 -238.206445 -153.299830 -99.543572 -50.195358 -50.216120 -61.514717 -60.510461 -19.715586 38.424902 115.488968 236.499970 321.739945 334.953826 346.308468 354.771157 376.598648 404.499442 429.793771 451.799782 470.421651 479.995559 484.145395 485.709979 486.624788 487.871871 488.142344 485.311419 482.207670 478.277737 478.903683 482.855378 482.889988 480.408503 477.413331 471.031176 461.352885 454.229818 448.292908 442.865846 434.697671 432.981306 437.666419 433.530386 421.809622 409.704636
-9999.0 -1056.372127 -987.943495 -921.470269 -844.700556 -716.176834 -595.478197 -468.814205 -380.378437 -339.095338 -275.839352 -162.316777 -44.918672 40.127034 87.364583 113.997937 128.228584 124.994327 144.897889 195.743182 264.353604 335.846431 392.088556 450.643646 460.969753 463.306640 458.806295 462.328612 465.796149 467.132819 468.556302 469.291179 474.796657 477.644373 476.827884 474.102371 468.925494 459.313810 453.580189 450.305424 447.094718 447.186137 450.192621 450.885660 448.339334 443.750401 436.317439 423.966282 414.439088 405.832367 399.922955 393.454344 390.794260 387.781628 382.614917 373.897269 359.430239
-9999.0 -1139.037631 -1056.694130 -992.315940 -850.831813 -688.711168 -566.485411 -411.988897 -274.823587 -206.851437 -81.744955 27.193671 116.554290 175.793499 216.074820 257.275198 286.011082 314.541704 353.631569 378.804763 425.690694 455.008070 464.406733 469.686620 465.193573 465.739504 457.092660 437.571143 427.168133 420.822218 422.999112 430.590039 436.860775 442.812314 440.794797 440.239861 436.940627 426.149677 419.453970 410.640559 403.082427 398.033653 397.185744 402.575234 397.316116 392.879094 385.135025 374.089149 363.426467 354.200467 345.516783 337.690128 334.310375 328.858961 327.019402 318.886238 292.959636
-9999.0 -1219.651906 -1140.080239 -1030.549373 -874.259729 -711.629354 -560.533632 -386.951519 -180.664796 -46.648373 56.155765 108.947854 172.751809 234.972844 295.263173 330.665134 350.552234 360.401396 369.532735 384.605810 374.249105 373.984545 390.703783 413.533260 422.583621 423.855011 408.159757 392.452751 383.945438 382.625728 381.976792 382.157961 381.977304 380.602834 377.154878 377.458722 379.331346 370.288432 360.891476 352.948682 346.338551 338.971943 334.051697 331.490262 329.349328 328.379142 320.253612 308.851103 297.604761 288.880556 280.504632 273.982679 271.521449 266.987157 260.686255 250.113099 224.282696
-9999.0 -1302.627326 -1189.760993 -1083.575933 -943.055372 -801.905118 -661.980763 -491.421022 -319.478969 -73.972458 99.690734 142.946856 170.369018 212.779960 270.792244 325.264926 332.407712 306.583383 285.976944 278.867208 287.103094 299.113752 314.517048 335.124753 350.123647 356.595519 352.793566 341.647537 327.287124 319.377822 315.091091 307.547797 301.768585 301.076713 299.329496 303.733270 305.565492 295.277147 282.575452 268.248734 256.045810 247.127396 244.319518 245.077896 244.574218 241.411222 234.172807 223.997163 211.765703 200.686256 192.464004 186.619410 180.543143 172.262861 162.993760 152.732576 129.126173
-9999.0 -9999.0 -1257.261031 -1144.431920 -1025.892104 -895.262401 -762.969949 -604.060150 -445.930244 -236.487162 -85.377657 10.355988 63.088832 106.378660 159.285362 205.031138 215.317694 225.379255 204.282224 205.890261 211.735609 218.191430 229.178262 241.964612 254.180569 261.577787 265.193809 262.016053 252.428722 237.620942 220.921277 208.113353 200.080341 194.221634 200.887840 210.317312 208.112515 201.336868 190.316766 176.251857 164.641874 152.954833 149.962610 150.859846 150.853341 147.996404 142.925363 130.678587 117.862746 105.042765 98.477467 91.911356 85.514198 74.418818 62.686236 49.471866 26.122894
-9999.0 -9999.0 -1338.333848 -1226.035210 -1102.519149 -974.975041 -863.979963 -748.090750 -587.313403 -462.414069 -352.953976 -254.063847 -164.645218 -89.200148 -39.541341 11.561647 36.625683 47.672316 53.863536 69.373176 90.674232 111.681221 126.221088 138.546024 150.286105 159.988157 167.395604 157.583914 147.567472 132.472655 113.146507 91.735788 79.722668 73.800301 77.011200 83.192996 78.040215 68.079779 54.085843 38.233278 25.787433 14.301110 10.579364 8.695211 7.984103 5.210243 1.343718 -9.240056 -23.549647 -35.039833 -45.459247 -54.705290 -61.062210 -73.163790 -89.025989 -102.802009 -131.029949
