tests/Borden05m/sims/sim_1/output-maps/psiliqL0004N0007.asc
ncols         160
nrows         34
xllcorner     620200.000000
yllcorner     5168000.000000
cellsize      0.500000
NODATA_value  -9999.0
[rows 0 to 24 of 34, columns 0 to 56 of 160]
-9999.0 -9999.0 -9999.0 -9999.0 -9999.0 -9999.0 -9999.0 -9999.0 -9999.0 -9999.0 -9999.0 -9999.0 -9999.0 -9999.0 -9999.0 -9999.0 -9999.0 -9999.0 -9999.0 -9999.0 -9999.0 -9999.0 -9999.0 -9999.0 -9999.0 -9999.0 -9999.0 -9999.0 -9999.0 -9999.0 -9999.0 -9999.0 -9999.0 -9999.0 -9999.0 -9999.0 -9999.0 -9999.0 -9999.0 -9999.0 -9999.0 -9999.0 -9999.0 -9999.0 -9999.0 -9999.0 -9999.0 -9999.0 -9999.0 -9999.0 -9999.0 -9999.0 -9999.0 -9999.0 -9999.0 -9999.0 -9999.0
-9999.0 -9999.0 -9999.0 -9999.0 -9999.0 -9999.0 -9999.0 -9999.0 -9999.0 -9999.0 -9999.0 -9999.0 -9999.0 -9999.0 -9999.0 -9999.0 -9999.0 -9999.0 -9999.0 -9999.0 -9999.0 -9999.0 -9999.0 -9999.0 -9999.0 -9999.0 -9999.0 -9999.0 -9999.0 -9999.0 -9999.0 -9999.0 -9999.0 -9999.0 -9999.0 -9999.0 -9999.0 -9999.0 -9999.0 -9999.0 -9999.0 -9999.0 -9999.0 -9999.0 -9999.0 -9999.0 -9999.0 -9999.0 -9999.0 -9999.0 -9999.0 -9999.0 -9999.0 -9999.0 -9999.0 -9999.0 -9999.0
-9999.0 -9999.0 -9999.0 -9999.0 -9999.0 -9999.0 -9999.0 -9999.0 -9999.0 -9999.0 -9999.0 -9999.0 -9999.0 -9999.0 -9999.0 -9999.0 -9999.0 -9999.0 -9999.0 -9999.0 -9999.0 -9999.0 -9999.0 -9999.0 -9999.0 -9999.0 -9999.0 -9999.0 -9999.0 -9999.0 -9999.0 -9999.0 -9999.0 -9999.0 -9999.0 -9999.0 -9999.0 -9999.0 -9999.0 -9999.0 -9999.0 -9999.0 -9999.0 -9999.0 -9999.0 -9999.0 -9999.0 -712.007715 -727.376624 -745.950121 -750.847787 -729.495749 -718.534528 -708.117522 -700.432341 -693.244262 -683.761911
-9999.0 -9999.0 -9999.0 -9999.0 -9999.0 -9999.0 -9999.0 -9999.0 -9999.0 -9999.0 -9999.0 -9999.0 -9999.0 -9999.0 -9999.0 -9999.0 -9999.0 -9999.0 -9999.0 -9999.0 -9999.0 -9999.0 -9999.0 -9999.0 -9999.0 -9999.0 -9999.0 -9999.0 -9999.0 -9999.0 -9999.0 -9999.0 -9999.0 -9999.0 -9999.0 -9999.0 -9999.0 -9999.0 -9999.0 -9999.0 -706.428643 -699.919225 -695.139932 -704.951453 -710.235255 -711.344765 -723.186673 -736.459962 -750.066357 -746.938172 -746.438241 -753.893992 -738.023877 -724.665031 -718.277667 -712.573733 -701.463125
-9999.0 -9999.0 -9999.0 -9999.0 -9999.0 -9999.0 -9999.0 -9999.0 -9999.0 -9999.0 -9999.0 -9999.0 -9999.0 -9999.0 -9999.0 -9999.0 -9999.0 -9999.0 -9999.0 -9999.0 -9999.0 -9999.0 -9999.0 -9999.0 -9999.0 -9999.0 -9999.0 -9999.0 -9999.0 -9999.0 -9999.0 -9999.0 -9999.0 -9999.0 -747.091908 -733.026350 -725.680298 -718.545734 -709.291826 -710.732837 -711.831757 -705.967027 -711.103732 -712.161918 -719.663165 -733.483127 -747.847411 -756.534401 -749.855258 -752.564232 -752.014832 -744.256153 -738.247977 -734.401462 -723.188042 -707.285579 -711.458869
-9999.0 -9999.0 -9999.0 -9999.0 -9999.0 -9999.0 -9999.0 -9999.0 -9999.0 -9999.0 -9999.0 -9999.0 -9999.0 -9999.0 -9999.0 -9999.0 -9999.0 -9999.0 -9999.0 -9999.0 -9999.0 -9999.0 -9999.0 -9999.0 -9999.0 -9999.0 -9999.0 -9999.0 -728.259662 -733.613289 -737.820732 -737.756975 -739.638008 -746.485291 -747.516391 -744.903270 -736.282994 -723.551395 -720.246980 -720.459641 -718.799460 -720.978041 -728.199086 -729.280245 -722.226366 -730.732247 -735.765439 -741.944903 -755.257667 -758.425977 -750.302599 -741.943599 -734.209437 -730.615337 -727.263602 -724.785873 -720.838965
-9999.0 -9999.0 -9999.0 -9999.0 -9999.0 -9999.0 -9999.0 -9999.0 -9999.0 -9999.0 -9999.0 -9999.0 -9999.0 -9999.0 -9999.0 -9999.0 -9999.0 -9999.0 -9999.0 -9999.0 -9999.0 -9999.0 -9999.0 -739.289385 -734.261390 -732.035257 -727.509885 -729.451998 -739.260214 -745.926819 -748.928305 -751.320834 -756.707864 -756.877640 -756.091275 -751.250567 -746.893343 -733.368788 -737.363654 -739.643956 -728.974163 -730.758445 -724.475041 -717.563819 -719.439084 -718.601789 -732.583917 -743.255291 -732.782760 -728.069055 -727.661665 -728.682981 -723.587356 -716.920527 -708.843286 -696.891124 -682.920529
-9999.0 -9999.0 -9999.0 -9999.0 -9999.0 -9999.0 -9999.0 -9999.0 -9999.0 -9999.0 -9999.0 -9999.0 -9999.0 -9999.0 -9999.0 -9999.0 -9999.0 -9999.0 -9999.0 -740.932773 -742.322777 -745.120501 -743.657121 -752.978323 -756.792317 -753.483145 -747.747719 -750.509088 -756.058612 -760.891961 -760.216942 -759.358252 -760.094643 -751.920030 -744.887894 -741.480950 -741.134761 -730.045279 -725.561519 -719.011085 -705.198890 -712.920898 -721.099322 -725.470029 -725.862102 -728.040560 -720.241711 -717.633517 -716.188814 -715.931572 -714.580918 -711.416145 -708.473958 -696.394695 -684.665505 -674.210862 -664.307313
-9999.0 -9999.0 -9999.0 -9999.0 -9999.0 -9999.0 -9999.0 -9999.0 -9999.0 -9999.0 -9999.0 -9999.0 -9999.0 -9999.0 -9999.0 -9999.0 -744.098960 -744.797917 -748.288565 -753.806215 -758.748229 -758.562634 -754.086594 -761.158729 -763.224751 -761.012761 -763.691504 -759.369357 -754.899181 -749.801767 -747.300445 -751.954223 -750.295803 -749.923836 -749.040575 -744.813024 -732.400847 -720.777863 -716.512099 -708.141880 -695.560456 -701.241485 -704.007791 -703.696715 -707.205048 -702.792470 -685.421702 -686.621968 -691.906037 -674.222905 -664.399228 -666.030193 -665.895575 -653.898825 -636.888166 -616.921863 -588.829873
-9999.0 -9999.0 -9999.0 -9999.0 -9999.0 -9999.0 -9999.0 -9999.0 -9999.0 -9999.0 -9999.0 -9999.0 -9999.0 -748.357026 -748.923613 -747.398771 -756.302504 -763.550657 -767.795836 -773.671912 -764.764258 -770.210222 -771.510472 -769.528867 -761.585994 -760.712774 -759.118087 -753.774591 -754.380340 -755.664457 -756.844446 -760.109664 -752.992191 -745.687954 -739.882424 -729.615928 -720.801798 -713.061347 -701.890018 -697.688948 -690.236561 -691.288958 -697.293095 -698.355743 -692.485836 -676.512282 -663.555736 -657.775932 -638.262935 -618.966837 -609.929499 -599.206527 -594.064687 -587.195763 -572.359322 -536.422397 -494.980429
-9999.0 -9999.0 -9999.0 -9999.0 -9999.0 -9999.0 -9999.0 -9999.0 -9999.0 -9999.0 -764.970780 -759.782188 -767.506123 -781.779299 -787.777462 -783.792302 -779.555238 -784.452331 -783.479263 -767.558234 -758.628699 -771.524331 -761.357419 -760.409943 -765.291810 -762.912090 -758.095185 -756.152879 -746.287206 -744.516772 -742.826731 -727.908162 -722.580408 -716.971919 -709.910945 -702.109633 -694.406263 -673.425591 -655.794795 -653.156131 -632.316181 -619.928803 -628.874130 -632.180713 -628.938893 -615.197687 -594.606156 -568.839889 -548.691658 -519.129509 -490.568121 -471.024739 -456.368930 -438.564102 -415.744664 -344.574208 -168.311765
-9999.0 -9999.0 -9999.0 -9999.0 -9999.0 -9999.0 -9999.0 -9999.0 -787.018019 -778.315968 -772.858790 -779.555114 -788.680224 -805.299394 -798.258891 -791.342261 -786.388210 -779.414749 -775.636849 -772.144153 -774.378703 -768.231673 -757.866987 -759.101854 -757.000342 -749.981044 -748.296230 -741.423248 -731.651415 -732.689978 -725.961061 -716.268825 -707.630189 -699.824972 -691.133697 -684.267679 -663.450217 -637.899937 -613.133430 -593.862168 -569.660336 -543.622405 -546.737301 -544.697075 -542.940953 -512.646244 -471.824337 -422.199805 -350.437409 -188.574161 -119.737045 -94.066987 -82.529603 -71.512450 -55.897725 -31.801598 14.304264
-9999.0 -9999.0 -9999.0 -9999.0 -9999.0 -9999.0 -801.163060 -781.126706 -771.576261 -792.841102 -809.876601 -815.712333 -826.048383 -802.903248 -783.202873 -778.894106 -775.336105 -771.194247 -771.851991 -782.042758 -753.531260 -758.724917 -761.924276 -752.309632 -751.047265 -748.474356 -741.573758 -728.430342 -720.375975 -697.323505 -679.821355 -664.761654 -647.174962 -636.089267 -625.385546 -613.695898 -587.243587 -553.974168 -517.875699 -480.462988 -439.832107 -388.510036 -363.285948 -344.000298 -302.010461 -180.010172 -117.587703 -77.056855 -33.713354 18.414536 50.925621 62.709395 68.427861 70.894858 73.969270 77.687304 81.967052
-9999.0 -9999.0 -9999.0 -9999.0 -792.009151 -787.017705 -789.745931 -772.187885 -760.322403 -785.292564 -775.987210 -780.384088 -788.733671 -798.697715 -810.423394 -800.282574 -793.878774 -789.054024 -788.797142 -760.272211 -736.106518 -746.624167 -733.568554 -711.701519 -713.264605 -708.997492 -705.367364 -693.922894 -675.686381 -653.806863 -614.005744 -581.194042 -561.763671 -542.353010 -524.459220 -499.109497 -459.271719 -397.131743 -260.559114 -139.546240 -90.444352 -62.672188 -47.331418 -35.913228 -14.378350 19.996181 46.416048 67.710440 76.653848 85.630735 91.818234 94.625198 95.234076 96.539867 97.996026 100.416397 102.561714
-9999.0 -9999.0 -9999.0 -805.684133 -785.251355 -777.192570 -785.011709 -780.230420 -765.025285 -777.798249 -779.689110 -781.538667 -782.421040 -781.465849 -781.615838 -775.406635 -773.135285 -775.191810 -769.366367 -750.847789 -739.566670 -723.621656 -710.270667 -693.409860 -679.974305 -673.473691 -665.511893 -649.329422 -615.405344 -582.458389 -532.004351 -466.114767 -408.020071 -353.179274 -271.699768 -157.966341 -113.086473 -68.892857 -17.537998 28.609198 58.780501 71.528901 76.565533 78.008591 80.643575 83.745569 88.268717 92.402430 95.242369 100.467686 106.013561 110.225331 112.181238 113.050248 117.666423 128.111424 136.385257
-9999.0 -9999.0 -803.499569 -791.451124 -798.165192 -782.953940 -766.366437 -774.545116 -755.582637 -748.763322 -763.896932 -753.321365 -747.267005 -755.638715 -747.759752 -739.204866 -734.388594 -744.355689 -749.753941 -728.765240 -689.905476 -659.120984 -642.472318 -588.899397 -562.252550 -546.086983 -539.957436 -516.720270 -481.025864 -410.386903 -240.992366 -132.493055 -79.701215 -42.967682 -15.309773 18.604366 45.699618 62.637364 76.777185 84.675912 91.066086 95.596601 99.872230 101.088761 101.239158 104.435035 108.935165 113.314723 119.521680 133.754250 147.902866 147.583597 147.004076 146.511891 146.044909 145.911781 145.842022
-9999.0 -9999.0 -817.395417 -797.484077 -809.400546 -778.955941 -751.086765 -771.755861 -761.007028 -734.255285 -737.920394 -732.518794 -732.315836 -727.949861 -715.464803 -695.451439 -702.624017 -705.039029 -721.652932 -671.913553 -629.196139 -572.439308 -481.948383 -405.212427 -330.556261 -313.563988 -290.767716 -194.760776 -139.940557 -84.808656 -18.972743 35.406717 70.007003 78.684360 82.876287 87.854513 93.235005 97.379269 99.974987 107.815278 110.823009 115.081181 129.285889 144.353799 149.677641 149.103777 147.504198 146.883782 146.296974 146.097988 145.523469 142.124749 141.155322 141.460803 142.390456 137.886605 132.303157
-9999.0 -823.839527 -813.273034 -811.661236 -791.141912 -794.579082 -769.199738 -735.801869 -731.688650 -717.658723 -713.133787 -721.336607 -671.336836 -631.281965 -617.150385 -589.010555 -599.765199 -607.223797 -625.385451 -589.489576 -531.481088 -385.994914 -142.773103 -72.945885 -37.199669 -29.474061 -26.393603 0.226736 28.797472 58.181366 84.515727 94.798584 105.534331 112.740294 114.400448 114.426693 123.823911 137.420103 150.508126 151.981810 151.454810 150.758839 146.042312 145.951353 145.826171 145.909301 142.819046 136.982040 129.815461 125.006161 121.417633 117.246446 119.946737 123.086844 124.822735 118.875534 113.328843
-9999.0 -855.410020 -815.153287 -792.273302 -798.914579 -810.860696 -756.852966 -685.314391 -699.105663 -698.405250 -693.806755 -656.498396 -569.888431 -494.887881 -449.250798 -391.344585 -400.156242 -424.839654 -427.661920 -359.446509 -190.193545 -96.492800 27.443716 81.869217 83.944960 87.689572 90.295627 97.633464 105.962718 112.604052 121.637656 139.083383 140.611850 139.967306 139.591748 139.626763 139.693204 139.730911 136.306798 132.855575 128.641930 128.426388 131.645019 131.347834 128.967407 126.864660 122.034983 115.378796 112.022434 111.137021 110.910861 110.371907 110.355582 111.290272 110.644588 109.881578 108.630879
-9999.0 -824.289927 -781.007810 -790.988775 -824.663355 -771.904138 -745.996144 -691.135739 -650.661544 -649.968362 -610.233984 -505.618893 -336.182517 -140.948456 -82.601741 -64.912612 -60.844691 -73.396595 -62.595134 -20.773536 43.069921 83.758486 99.987303 123.592329 128.319866 128.491291 127.469954 128.217410 128.612509 128.256252 127.785188 125.697424 129.525690 131.145188 129.953496 127.296605 123.051404 116.145106 111.923310 111.208743 110.602725 110.933424 112.163761 112.485995 111.906270 111.265559 110.650503 109.842674 109.194596 108.352664 108.403879 108.129127 108.283300 107.641714 107.101795 106.915673 105.502929
-9999.0 -881.097389 -813.895115 -868.348628 -793.582618 -734.123786 -733.282379 -651.661875 -570.352172 -549.806704 -421.042086 -158.052358 -26.584724 47.448081 71.900467 82.173388 87.141085 92.133025 99.626924 102.785990 123.556641 137.462613 136.864685 135.095726 126.668545 126.857361 120.781580 109.463556 107.153445 105.487414 106.260323 108.549547 110.157446 112.211831 111.266987 111.524735 111.467562 110.758942 110.676776 109.203148 107.868127 106.928107 106.886475 109.310445 107.848864 107.543105 106.977943 106.179578 105.291509 104.553466 103.690178 102.731290 102.827987 101.768886 102.618763 102.336069 96.525514
-9999.0 -925.573905 -874.252302 -839.528386 -776.839682 -734.191775 -693.244591 -611.907895 -475.468011 -367.694926 -147.686559 -25.273327 63.045370 87.431421 102.403155 107.341835 114.243814 114.982604 115.251341 111.461958 101.558488 99.210135 102.618192 107.931663 109.156091 110.027181 107.486307 105.278114 104.866422 105.912046 106.143343 106.424361 106.453361 105.995740 104.972994 105.254565 106.939328 105.981842 105.060628 104.440161 103.824840 102.273310 101.034039 100.318053 100.065284 100.875206 99.803469 98.312293 97.017433 96.439322 95.571245 94.878936 95.271510 94.531437 92.963675 90.139394 81.631115
-9999.0 -1038.574388 -857.708468 -840.491885 -802.213919 -788.865216 -772.745081 -698.105832 -603.065392 -382.522144 -79.142125 18.215205 63.919901 76.893622 92.590798 107.836827 108.388560 98.512710 92.282754 88.718530 89.892305 92.169897 94.649180 98.824962 101.929280 103.803212 104.074162 102.464490 99.493559 98.534772 98.620280 97.104974 95.915190 96.343183 95.512803 96.816359 98.119201 96.095120 93.858814 90.392171 86.468111 82.614760 81.074159 81.074726 80.958056 80.314002 78.786122 76.728370 74.142929 71.999833 70.637289 69.824076 68.369156 62.465586 50.948323 31.752998 -12.153142
-9999.0 -9999.0 -934.534832 -839.784641 -829.663554 -815.916943 -801.640069 -741.098424 -678.510182 -529.238970 -387.288886 -157.455793 -82.543265 -41.265955 16.272620 67.382413 72.362701 77.561115 70.427761 71.529591 72.704876 73.547912 75.955712 79.087460 83.002843 86.104043 88.053100 87.367062 84.296645 79.587266 74.578865 71.348244 69.617696 67.882305 70.133337 73.166448 72.471402 71.133314 68.044083 55.269346 33.591349 3.032491 -9.944409 -13.070772 -14.588950 -18.526406 -24.457741 -37.547977 -49.740917 -60.708096 -64.825553 -69.234826 -74.506454 -86.601628 -104.569959 -140.117114 -254.337375
-9999.0 -9999.0 -1060.584278 -887.267907 -827.189193 -788.561391 -793.825201 -785.955090 -707.156143 -668.044368 -617.574457 -547.997771 -480.573089 -412.319945 -289.557341 -145.183863 -106.831354 -93.995991 -89.195130 -82.207936 -67.732212 -52.587681 -39.120843 -22.688606 0.067357 23.589912 34.647015 16.742024 -6.588644 -31.854284 -55.168441 -75.619736 -85.281743 -90.488942 -87.300431 -81.541031 -85.914928 -94.779821 -108.844988 -133.860623 -182.970448 -283.110748 -311.803089 -318.866545 -320.300132 -329.309871 -342.068817 -370.446328 -399.005300 -416.946153 -430.113539 -441.510511 -448.053693 -461.927065 -478.208376 -489.160784 -513.721642
