tests/Borden05m/sims/sim_1/output-maps/psiliqL0006N0003.asc
ncols         160
nrows         34
xllcorner     620200.000000
yllcorner     5168000.000000
cellsize      0.500000
NODATA_value  -9999.0
[rows 0 to 24 of 34, columns 0 to 55 of 160]
-9999.0 -9999.0 -9999.0 -9999.0 -9999.0 -9999.0 -9999.0 -9999.0 -9999.0 -9999.0 -9999.0 -9999.0 -9999.0 -9999.0 -9999.0 -9999.0 -9999.0 -9999.0 -9999.0 -9999.0 -9999.0 -9999.0 -9999.0 -9999.0 -9999.0 -9999.0 -9999.0 -9999.0 -9999.0 -9999.0 -9999.0 -9999.0 -9999.0 -9999.0 -9999.0 -9999.0 -9999.0 -9999.0 -9999.0 -9999.0 -9999.0 -9999.0 -9999.0 -9999.0 -9999.0 -9999.0 -9999.0 -9999.0 -9999.0 -9999.0 -9999.0 -9999.0 -9999.0 -9999.0 -9999.0 -9999.0
-9999.0 -9999.0 -9999.0 -9999.0 -9999.0 -9999.0 -9999.0 -9999.0 -9999.0 -9999.0 -9999.0 -9999.0 -9999.0 -9999.0 -9999.0 -9999.0 -9999.0 -9999.0 -9999.0 -9999.0 -9999.0 -9999.0 -9999.0 -9999.0 -9999.0 -9999.0 -9999.0 -9999.0 -9999.0 -9999.0 -9999.0 -9999.0 -9999.0 -9999.0 -9999.0 -9999.0 -9999.0 -9999.0 -9999.0 -9999.0 -9999.0 -9999.0 -9999.0 -9999.0 -9999.0 -9999.0 -9999.0 -9999.0 -9999.0 -9999.0 -9999.0 -9999.0 -9999.0 -9999.0 -9999.0 -9999.0
-9999.0 -9999.0 -9999.0 -9999.0 -9999.0 -9999.0 -9999.0 -9999.0 -9999.0 -9999.0 -9999.0 -9999.0 -9999.0 -9999.0 -9999.0 -9999.0 -9999.0 -9999.0 -9999.0 -9999.0 -9999.0 -9999.0 -9999.0 -9999.0 -9999.0 -9999.0 -9999.0 -9999.0 -9999.0 -9999.0 -9999.0 -9999.0 -9999.0 -9999.0 -9999.0 -9999.0 -9999.0 -9999.0 -9999.0 -9999.0 -9999.0 -9999.0 -9999.0 -9999.0 -9999.0 -9999.0 -9999.0 -696.921875 -714.493111 -731.789553 -733.307705 -710.658664 -687.854583 -664.872690 -645.059766 -626.982009
-9999.0 -9999.0 -9999.0 -9999.0 -9999.0 -9999.0 -9999.0 -9999.0 -9999.0 -9999.0 -9999.0 -9999.0 -9999.0 -9999.0 -9999.0 -9999.0 -9999.0 -9999.0 -9999.0 -9999.0 -9999.0 -9999.0 -9999.0 -9999.0 -9999.0 -9999.0 -9999.0 -9999.0 -9999.0 -9999.0 -9999.0 -9999.0 -9999.0 -9999.0 -9999.0 -9999.0 -9999.0 -9999.0 -9999.0 -9999.0 -649.825057 -644.142682 -642.473432 -653.657173 -665.139715 -676.804017 -696.612529 -714.543665 -730.576197 -733.818993 -731.561755 -725.828838 -702.993286 -679.596682 -660.913697 -643.981365
-9999.0 -9999.0 -9999.0 -9999.0 -9999.0 -9999.0 -9999.0 -9999.0 -9999.0 -9999.0 -9999.0 -9999.0 -9999.0 -9999.0 -9999.0 -9999.0 -9999.0 -9999.0 -9999.0 -9999.0 -9999.0 -9999.0 -9999.0 -9999.0 -9999.0 -9999.0 -9999.0 -9999.0 -9999.0 -9999.0 -9999.0 -9999.0 -9999.0 -9999.0 -740.041442 -722.642795 -704.959548 -687.218422 -671.195009 -665.051311 -659.385424 -653.761437 -657.955991 -663.122951 -674.639733 -693.032117 -712.958387 -727.625562 -730.797803 -733.808761 -729.746539 -716.931824 -700.947373 -685.050910 -664.878381 -642.806981
-9999.0 -9999.0 -9999.0 -9999.0 -9999.0 -9999.0 -9999.0 -9999.0 -9999.0 -9999.0 -9999.0 -9999.0 -9999.0 -9999.0 -9999.0 -9999.0 -9999.0 -9999.0 -9999.0 -9999.0 -9999.0 -9999.0 -9999.0 -9999.0 -9999.0 -9999.0 -9999.0 -9999.0 -734.466983 -740.574901 -746.102585 -747.968530 -749.641214 -751.274153 -744.592029 -732.448528 -714.433476 -693.638195 -681.512729 -674.907870 -668.903090 -668.444951 -673.492014 -676.177998 -676.470855 -688.346928 -700.202942 -711.352351 -722.123411 -723.530553 -714.487692 -701.469900 -686.381179 -672.554624 -658.278156 -645.115557
-9999.0 -9999.0 -9999.0 -9999.0 -9999.0 -9999.0 -9999.0 -9999.0 -9999.0 -9999.0 -9999.0 -9999.0 -9999.0 -9999.0 -9999.0 -9999.0 -9999.0 -9999.0 -9999.0 -9999.0 -9999.0 -9999.0 -9999.0 -762.605591 -756.553367 -750.391198 -743.468710 -742.960423 -747.705691 -753.777187 -757.447498 -759.491581 -761.419060 -757.552180 -749.417798 -736.139314 -720.737276 -699.937683 -691.961309 -685.601467 -673.619672 -672.213930 -668.516630 -665.123644 -667.540932 -670.552589 -682.567854 -691.512039 -685.877233 -680.119860 -674.661218 -668.294305 -656.462534 -641.740641 -624.910848 -605.251005
-9999.0 -9999.0 -9999.0 -9999.0 -9999.0 -9999.0 -9999.0 -9999.0 -9999.0 -9999.0 -9999.0 -9999.0 -9999.0 -9999.0 -9999.0 -9999.0 -9999.0 -9999.0 -9999.0 -786.729663 -786.159266 -785.548956 -781.359356 -780.568501 -778.577107 -771.913345 -764.178282 -762.661588 -764.566624 -766.803603 -765.738424 -763.601818 -760.054441 -748.994126 -735.709006 -722.220015 -708.616638 -688.575996 -674.603466 -661.243483 -645.799591 -648.227643 -653.579160 -656.621898 -656.940330 -656.842269 -650.563470 -647.071143 -642.396768 -636.876609 -630.521634 -622.921761 -613.706454 -596.508797 -577.531917 -558.574576
-9999.0 -9999.0 -9999.0 -9999.0 -9999.0 -9999.0 -9999.0 -9999.0 -9999.0 -9999.0 -9999.0 -9999.0 -9999.0 -9999.0 -9999.0 -9999.0 -814.312117 -812.682403 -810.954252 -805.975058 -804.045876 -800.504947 -794.102931 -793.551827 -790.073747 -783.458528 -778.886159 -771.036963 -763.861081 -757.068407 -751.734160 -749.641335 -742.394018 -733.357883 -722.134110 -707.040369 -685.811726 -664.322370 -649.056267 -633.534662 -617.948206 -618.709910 -620.817463 -620.620537 -620.525650 -612.790088 -595.317085 -589.989526 -586.824665 -568.325545 -555.237576 -551.044709 -545.403095 -529.517087 -507.853555 -482.764764
-9999.0 -9999.0 -9999.0 -9999.0 -9999.0 -9999.0 -9999.0 -9999.0 -9999.0 -9999.0 -9999.0 -9999.0 -9999.0 -857.204367 -853.249572 -844.590534 -837.302384 -835.594137 -832.283914 -827.225895 -815.571280 -812.587535 -806.862614 -799.712521 -789.092844 -781.217296 -772.542910 -761.415438 -753.552078 -747.012971 -740.521058 -734.149455 -720.920014 -706.189778 -690.980568 -671.657934 -651.416182 -631.431972 -611.478923 -598.126618 -585.113345 -582.149478 -585.358298 -585.021539 -577.712116 -560.320450 -542.633643 -530.609561 -509.534493 -487.551963 -474.649682 -462.813917 -455.338198 -445.289954 -427.438434 -393.090592
-9999.0 -9999.0 -9999.0 -9999.0 -9999.0 -9999.0 -9999.0 -9999.0 -9999.0 -9999.0 -892.940999 -890.361312 -894.024380 -893.021220 -888.940426 -877.609157 -865.150516 -858.538086 -848.026303 -828.269121 -812.046649 -809.126144 -794.755204 -785.546340 -779.701593 -769.579414 -757.129827 -744.747453 -727.978118 -716.042458 -703.797645 -683.541860 -668.156292 -653.056022 -636.816863 -618.839449 -599.030382 -570.095696 -544.512051 -531.691003 -508.651313 -494.939828 -499.678496 -501.035772 -495.168410 -478.687748 -455.811685 -429.678376 -407.940239 -381.745045 -360.590561 -346.493583 -336.178228 -323.741840 -308.004089 -273.552660
-9999.0 -9999.0 -9999.0 -9999.0 -9999.0 -9999.0 -9999.0 -9999.0 -916.414229 -910.005770 -903.824512 -907.102813 -912.187127 -915.383797 -903.105543 -887.789826 -872.438372 -856.299043 -841.004029 -824.002310 -808.920024 -792.850260 -774.549009 -763.428962 -752.247044 -737.955778 -725.114573 -707.784542 -687.508104 -673.184378 -654.571963 -634.076062 -615.895844 -599.666899 -583.320244 -567.042572 -539.854946 -507.737318 -477.451783 -453.925138 -428.004153 -403.972712 -404.575492 -402.366524 -398.842843 -373.255988 -342.309853 -309.244825 -274.355970 -233.220264 -191.448131 -166.528138 -149.305296 -126.827321 -93.481192 -44.177244
-9999.0 -9999.0 -9999.0 -9999.0 -9999.0 -9999.0 -941.201085 -917.435716 -903.102550 -911.059630 -918.590815 -921.960800 -925.401954 -908.402053 -887.858167 -871.787160 -855.863667 -839.383710 -823.951100 -809.228839 -774.330469 -759.508518 -745.249200 -725.760700 -713.025363 -700.293850 -684.107094 -661.670685 -639.517587 -607.491921 -578.196012 -552.534911 -528.184597 -510.592976 -494.382063 -477.076821 -447.523999 -412.435688 -377.696385 -348.051468 -319.850045 -289.221482 -277.528262 -269.579561 -256.641976 -231.358835 -189.895828 -137.489290 -47.231016 42.051830 83.799400 99.276205 110.441296 123.238330 141.199772 165.027058
-9999.0 -9999.0 -9999.0 -9999.0 -974.177698 -953.483586 -932.957669 -902.395839 -880.141956 -886.016314 -878.726608 -878.255043 -879.570395 -878.052911 -873.373875 -856.219570 -839.631781 -823.018839 -804.726916 -766.703332 -727.217207 -711.330278 -684.911535 -654.177265 -641.546884 -628.348412 -614.776784 -593.485306 -565.106099 -531.870006 -486.495406 -448.481155 -424.221668 -403.154640 -384.632086 -362.869520 -331.960112 -293.563306 -249.931103 -200.865781 -152.228374 -105.151063 -65.525857 -29.587534 25.128489 59.059245 85.914572 118.350697 160.996200 206.012723 231.558036 241.304950 245.017611 250.470045 257.049439 265.995681
-9999.0 -9999.0 -9999.0 -1019.634847 -981.545921 -945.490807 -918.094046 -887.503301 -856.603381 -849.838432 -842.229094 -835.476146 -828.469448 -819.849124 -809.740150 -794.514703 -782.152773 -771.685308 -752.221206 -716.837817 -681.773382 -647.956097 -617.507146 -587.872771 -566.224816 -552.520621 -538.374938 -516.389575 -479.406943 -441.871967 -393.123692 -340.529131 -300.989618 -271.275276 -246.002004 -213.776486 -181.466804 -124.598453 -30.645523 48.831586 96.694955 128.577577 155.225988 173.559574 196.329826 212.080714 227.853948 241.227801 254.447945 272.020461 288.049458 299.249078 304.750653 307.815793 315.518078 323.450660
-9999.0 -9999.0 -1065.427171 -1029.140021 -993.478922 -941.369553 -889.445261 -856.856810 -816.572825 -791.241541 -784.334446 -765.486967 -748.682113 -740.388864 -723.586751 -706.886589 -696.149794 -694.973153 -685.163292 -649.498763 -596.973734 -549.801124 -517.316914 -463.449577 -433.202568 -414.093736 -403.886671 -381.594659 -351.192699 -303.913987 -242.738889 -175.276836 -100.273174 -8.233993 36.744478 63.350821 88.401578 115.047309 160.743041 202.175187 231.415327 248.216886 261.915641 268.617624 273.605718 283.692723 296.077029 307.587271 318.360519 329.168586 340.977448 341.321477 341.054753 340.659169 340.242463 340.105445
-9999.0 -9999.0 -1089.460028 -1046.098701 -1002.210351 -930.519625 -857.175390 -819.734511 -777.125898 -734.112474 -715.601611 -693.231134 -672.898817 -653.322823 -630.979194 -607.963278 -606.824860 -606.119334 -608.446528 -557.584999 -502.873638 -440.887917 -368.499249 -306.164705 -261.560378 -252.099320 -245.653518 -224.425096 -189.354159 -108.019431 14.610984 85.875010 139.923438 185.221479 210.900371 228.007131 240.559619 251.719696 263.780210 287.160487 299.194914 310.335656 322.994340 337.497247 343.560680 343.931502 341.136540 341.431092 341.094054 340.742940 340.406415 337.359440 336.260687 336.485196 337.516926 333.459116
-9999.0 -1174.435890 -1122.860908 -1068.176425 -996.759588 -926.360663 -838.937239 -758.019640 -711.404229 -672.145282 -645.470235 -625.336308 -569.019949 -521.221842 -497.370295 -469.779854 -474.867259 -479.981972 -490.277028 -452.620319 -399.337587 -302.018485 -139.159795 -5.103906 47.887226 56.342953 52.247228 63.803817 88.707665 134.223939 205.103892 243.200558 273.653321 296.726635 305.325058 307.724409 316.482472 328.312930 338.818533 343.246718 343.847308 343.991907 339.135877 339.049205 339.591637 340.030504 337.775036 332.636485 326.176934 322.776678 320.995565 318.382755 320.501358 322.993021 324.701618 321.204987
-9999.0 -1207.639407 -1146.934421 -1073.745638 -1001.040480 -919.246713 -802.793605 -680.694412 -638.269397 -607.239668 -578.589120 -529.848702 -446.011925 -381.762703 -343.998726 -300.391176 -303.102467 -317.833175 -319.403800 -279.739806 -209.050071 -62.056281 105.522840 210.571056 229.156844 239.163726 244.163871 257.831798 275.722687 293.019541 309.105699 323.754215 328.058978 329.430252 330.309582 331.119643 331.872594 332.355992 330.067717 327.373154 323.520521 323.764409 326.992664 326.888584 325.086515 323.948328 321.618680 318.009111 315.905908 314.542959 314.238155 313.309168 313.044304 314.256494 312.686041 310.930608
-9999.0 -1228.998330 -1160.856336 -1093.985499 -1015.777461 -885.591647 -765.848040 -641.668395 -557.752125 -524.646317 -475.763645 -389.173141 -286.197179 -170.578592 -63.895466 10.083954 34.436525 28.743045 40.301783 76.603221 132.267756 210.099027 263.219578 308.684336 317.370808 319.336808 316.851940 319.536081 321.348055 321.433238 321.162618 319.105502 322.005267 323.706045 322.965523 321.239013 319.122414 315.228855 313.554660 313.350700 312.521861 313.424286 315.883577 316.493506 315.608685 314.241701 312.938939 311.181951 309.394689 307.098455 306.610837 305.591618 305.401015 303.515814 301.602157 299.660610
-9999.0 -1309.754387 -1228.056238 -1162.546864 -1017.913955 -857.136331 -736.040156 -584.224980 -460.319746 -415.642491 -324.367481 -200.444704 -6.010623 98.658037 162.784949 216.238390 238.887250 253.852580 271.202402 273.100652 298.736775 320.984657 326.238995 326.914121 320.529292 321.892623 317.833452 307.198015 302.456573 298.779064 300.066556 304.540395 307.761862 311.646010 310.320693 311.025223 311.556708 310.932416 311.101394 308.245487 305.528704 303.688113 303.840680 308.497751 305.410531 303.896246 301.256465 297.687764 293.976682 290.877261 287.868810 284.965965 284.277834 281.194850 281.047854 276.267856
-9999.0 -1390.346236 -1310.432082 -1198.546180 -1040.091420 -877.582141 -724.854927 -556.089771 -381.173319 -286.259318 -173.448885 -50.720560 99.149782 201.469016 258.819810 283.446419 296.108508 299.454011 299.833474 299.034784 279.839555 276.366501 286.128949 299.949694 304.795120 307.209796 302.599619 297.888170 295.853173 296.398976 295.410911 294.673704 293.883242 292.647817 290.579798 291.564074 295.161178 293.192605 290.955431 289.352725 288.053237 285.171319 282.908290 281.476777 280.214325 279.540611 273.010041 263.983752 255.898688 250.595030 246.043583 242.682153 241.670900 238.225147 231.615874 214.756774
-9999.0 -1471.573273 -1359.619153 -1252.004358 -1109.275669 -967.508536 -826.253271 -658.005991 -502.113788 -306.349039 -73.849902 12.552344 91.591337 172.983955 233.810387 273.235740 277.183562 258.080592 242.583096 234.971234 238.438227 246.336693 256.916371 271.319746 281.540515 286.786308 287.543174 283.505270 275.319384 268.357804 261.692978 253.493386 248.074470 247.462013 246.440308 250.291880 252.970356 248.106856 242.257431 235.086178 228.953565 224.372633 223.259031 223.789674 222.130262 214.418801 196.094537 169.141026 145.018479 127.717922 117.213906 110.318397 102.729207 91.446253 74.814081 42.543522
-9999.0 -9999.0 -1426.237188 -1313.169720 -1193.390906 -1061.761254 -927.434895 -767.659612 -615.505547 -435.306014 -321.162867 -216.233562 -119.164312 2.924089 77.597526 126.720494 139.159159 152.498217 131.820451 134.321052 142.952357 155.812212 177.973484 203.098817 220.304235 227.561270 231.544859 230.063325 220.278753 193.428744 155.624360 130.167388 116.924505 109.495267 116.987518 127.770365 126.141184 120.238374 110.319631 97.321470 86.426343 74.824225 71.453145 71.310288 68.182257 55.852145 25.313048 -35.889883 -82.633618 -115.154297 -129.776213 -141.601625 -152.987593 -170.892135 -189.735052 -212.266410
-9999.0 -9999.0 -1506.948512 -1394.222345 -1269.641000 -1141.531437 -1029.183194 -908.561856 -748.078663 -628.622456 -535.298729 -455.667164 -391.050396 -332.616420 -275.985531 -205.822440 -167.611380 -151.300995 -150.488211 -137.081122 -105.754460 -64.924528 -16.031402 36.073459 63.110136 77.769032 86.323507 74.054121 54.013238 7.364000 -74.882779 -129.132670 -152.657758 -162.768374 -155.568983 -142.955086 -149.650549 -165.652541 -187.177106 -210.931966 -230.080895 -248.365566 -255.438966 -258.411705 -259.765960 -264.392936 -270.990527 -285.089356 -300.611023 -311.176436 -319.510123 -326.491117 -330.193663 -338.501835 -348.855134 -356.163427
