tests/Borden05m/sims/sim_1/output-maps/psiliqL0020N0012.asc
ncols         160
nrows         34
xllcorner     620200.000000
yllcorner     5168000.000000
cellsize      0.500000
NODATA_value  -9999.0
[rows 0 to 24 of 34, columns 0 to 54 of 160]
-9999.0 -9999.0 -9999.0 -9999.0 -9999.0 -9999.0 -9999.0 -9999.0 -9999.0 -9999.0 -9999.0 -9999.0 -9999.0 -9999.0 -9999.0 -9999.0 -9999.0 -9999.0 -9999.0 -9999.0 -9999.0 -9999.0 -9999.0 -9999.0 -9999.0 -9999.0 -9999.0 -9999.0 -9999.0 -9999.0 -9999.0 -9999.0 -9999.0 -9999.0 -9999.0 -9999.0 -9999.0 -9999.0 -9999.0 -9999.0 -9999.0 -9999.0 -9999.0 -9999.0 -9999.0 -9999.0 -9999.0 -9999.0 -9999.0 -9999.0 -9999.0 -9999.0 -9999.0 -9999.0 -9999.0
-9999.0 -9999.0 -9999.0 -9999.0 -9999.0 -9999.0 -9999.0 -9999.0 -9999.0 -9999.0 -9999.0 -9999.0 -9999.0 -9999.0 -9999.0 -9999.0 -9999.0 -9999.0 -9999.0 -9999.0 -9999.0 -9999.0 -9999.0 -9999.0 -9999.0 -9999.0 -9999.0 -9999.0 -9999.0 -9999.0 -9999.0 -9999.0 -9999.0 -9999.0 -9999.0 -9999.0 -9999.0 -9999.0 -9999.0 -9999.0 -9999.0 -9999.0 -9999.0 -9999.0 -9999.0 -9999.0 -9999.0 -9999.0 -9999.0 -9999.0 -9999.0 -9999.0 -9999.0 -9999.0 -9999.0
-9999.0 -9999.0 -9999.0 -9999.0 -9999.0 -9999.0 -9999.0 -9999.0 -9999.0 -9999.0 -9999.0 -9999.0 -9999.0 -9999.0 -9999.0 -9999.0 -9999.0 -9999.0 -9999.0 -9999.0 -9999.0 -9999.0 -9999.0 -9999.0 -9999.0 -9999.0 -9999.0 -9999.0 -9999.0 -9999.0 -9999.0 -9999.0 -9999.0 -9999.0 -9999.0 -9999.0 -9999.0 -9999.0 -9999.0 -9999.0 -9999.0 -9999.0 -9999.0 -9999.0 -9999.0 -9999.0 -9999.0 2103.776430 2086.777453 2072.712542 2069.525183 2091.689613 2115.391232 2139.692643 2160.724947
-9999.0 -9999.0 -9999.0 -9999.0 -9999.0 -9999.0 -9999.0 -9999.0 -9999.0 -9999.0 -9999.0 -9999.0 -9999.0 -9999.0 -9999.0 -9999.0 -9999.0 -9999.0 -9999.0 -9999.0 -9999.0 -9999.0 -9999.0 -9999.0 -9999.0 -9999.0 -9999.0 -9999.0 -9999.0 -9999.0 -9999.0 -9999.0 -9999.0 -9999.0 -9999.0 -9999.0 -9999.0 -9999.0 -9999.0 -9999.0 2151.592524 2157.707195 2158.435406 2148.691703 2137.827561 2125.178179 2105.139668 2087.810358 2074.241602 2072.470236 2075.485222 2079.727168 2101.743395 2127.335853 2147.650855
-9999.0 -9999.0 -9999.0 -9999.0 -9999.0 -9999.0 -9999.0 -9999.0 -9999.0 -9999.0 -9999.0 -9999.0 -9999.0 -9999.0 -9999.0 -9999.0 -9999.0 -9999.0 -9999.0 -9999.0 -9999.0 -9999.0 -9999.0 -9999.0 -9999.0 -9999.0 -9999.0 -9999.0 -9999.0 -9999.0 -9999.0 -9999.0 -9999.0 -9999.0 2057.859696 2075.251341 2093.610152 2112.520930 2129.800905 2137.072982 2143.045232 2148.853857 2144.829604 2140.740430 2129.648018 2109.904489 2090.919816 2078.055095 2077.010467 2075.069080 2079.480302 2092.140741 2109.378964 2125.453685 2146.685274
-9999.0 -9999.0 -9999.0 -9999.0 -9999.0 -9999.0 -9999.0 -9999.0 -9999.0 -9999.0 -9999.0 -9999.0 -9999.0 -9999.0 -9999.0 -9999.0 -9999.0 -9999.0 -9999.0 -9999.0 -9999.0 -9999.0 -9999.0 -9999.0 -9999.0 -9999.0 -9999.0 -9999.0 2060.906823 2055.269781 2050.792971 2049.764539 2048.896126 2048.327651 2055.342067 2067.240713 2085.152785 2107.531749 2121.158419 2128.859315 2136.043469 2137.002375 2131.969840 2130.628701 2131.553868 2119.766371 2108.248680 2097.500094 2087.092822 2085.223563 2094.986398 2109.754428 2126.547214 2141.821709 2157.691290
-9999.0 -9999.0 -9999.0 -9999.0 -9999.0 -9999.0 -9999.0 -9999.0 -9999.0 -9999.0 -9999.0 -9999.0 -9999.0 -9999.0 -9999.0 -9999.0 -9999.0 -9999.0 -9999.0 -9999.0 -9999.0 -9999.0 -9999.0 2029.561389 2035.124304 2042.038423 2050.063066 2051.444769 2048.122639 2043.071211 2040.746794 2039.852174 2038.399999 2043.447457 2051.409929 2065.122514 2081.141238 2103.770935 2112.709254 2118.335789 2130.600248 2134.396807 2141.805158 2146.333980 2145.064172 2142.061274 2128.775942 2118.774444 2122.790492 2128.203209 2135.596267 2144.335177 2158.327774 2173.355816 2190.099899
-9999.0 -9999.0 -9999.0 -9999.0 -9999.0 -9999.0 -9999.0 -9999.0 -9999.0 -9999.0 -9999.0 -9999.0 -9999.0 -9999.0 -9999.0 -9999.0 -9999.0 -9999.0 -9999.0 2003.941778 2005.178067 2006.885892 2012.024766 2012.876425 2015.195152 2022.523741 2031.103119 2034.273093 2032.796321 2032.158229 2034.163569 2037.413769 2042.473162 2053.900671 2068.033394 2082.609145 2096.433573 2117.717768 2132.790110 2146.207514 2162.328593 2162.818242 2159.604945 2158.437265 2159.165664 2158.910497 2160.523575 2161.828099 2168.552345 2171.682824 2177.088230 2186.867280 2199.157373 2217.031287 2236.204954
-9999.0 -9999.0 -9999.0 -9999.0 -9999.0 -9999.0 -9999.0 -9999.0 -9999.0 -9999.0 -9999.0 -9999.0 -9999.0 -9999.0 -9999.0 -9999.0 1974.490983 1976.558294 1979.198275 1984.942163 1988.624936 1993.015823 2000.409102 2002.224082 2006.293771 2013.923322 2019.131093 2028.747963 2037.527517 2045.278235 2051.744578 2054.854257 2062.360280 2072.290735 2084.424491 2099.431644 2120.627756 2144.399517 2160.810489 2178.048750 2195.720694 2196.866017 2196.033127 2197.278169 2197.278922 2201.545595 2217.869168 2222.776717 2221.154264 2234.624487 2248.001984 2252.575909 2260.786583 2280.880210 2304.328123
-9999.0 -9999.0 -9999.0 -9999.0 -9999.0 -9999.0 -9999.0 -9999.0 -9999.0 -9999.0 -9999.0 -9999.0 -9999.0 1925.652627 1930.013764 1940.328855 1951.114396 1954.326960 1959.406066 1966.247388 1978.882658 1983.009983 1989.621022 1997.535640 2010.393611 2019.606241 2029.153971 2041.492420 2050.240173 2057.862849 2065.104602 2069.900549 2082.790708 2097.933632 2113.510896 2133.668060 2156.080856 2176.028260 2195.826579 2212.459197 2225.706624 2225.974064 2225.695534 2228.562172 2235.387290 2251.286175 2269.555017 2274.814538 2289.154118 2311.373897 2323.783550 2333.943163 2342.133604 2356.454569 2378.322665
-9999.0 -9999.0 -9999.0 -9999.0 -9999.0 -9999.0 -9999.0 -9999.0 -9999.0 -9999.0 1894.416598 1896.648290 1893.546706 1892.559962 1898.490024 1911.239004 1925.903237 1932.498798 1944.843211 1966.541059 1985.343976 1989.215033 2003.800188 2014.714984 2022.121678 2032.895423 2046.448042 2059.407182 2076.009155 2088.576062 2099.299732 2117.755959 2134.372074 2151.246264 2169.291348 2190.152332 2208.698460 2235.432693 2262.290394 2273.869714 2294.178929 2301.830226 2299.130942 2299.077686 2308.917744 2323.327607 2342.039670 2362.134136 2382.582182 2406.745847 2421.298917 2435.510872 2446.197684 2458.405539 2474.819845
-9999.0 -9999.0 -9999.0 -9999.0 -9999.0 -9999.0 -9999.0 -9999.0 1868.946466 1876.995739 1883.222337 1880.576495 1876.629569 1872.335277 1887.123431 1903.371856 1919.935228 1938.527408 1954.936899 1973.793667 1989.056116 2005.239872 2025.974603 2037.963474 2049.815630 2065.662328 2079.668217 2096.303716 2117.760902 2128.761441 2143.424987 2164.467394 2182.307726 2200.447546 2219.628116 2237.776158 2262.297842 2294.966939 2326.255199 2346.622420 2374.196245 2394.947185 2392.753439 2394.172246 2397.999645 2423.116082 2451.507918 2481.842400 2505.504780 2531.816201 2561.215207 2579.772392 2590.586449 2603.464443 2619.068597
-9999.0 -9999.0 -9999.0 -9999.0 -9999.0 -9999.0 1840.227672 1864.853244 1880.433016 1872.674164 1861.272058 1857.497462 1853.084472 1880.754784 1903.641374 1921.680496 1939.240083 1957.570454 1974.711175 1986.326214 2018.967241 2038.387706 2052.444566 2069.117178 2084.514705 2099.900135 2117.605349 2140.773169 2161.290162 2188.042398 2210.082817 2231.369341 2257.499387 2277.030292 2295.909710 2312.976041 2343.385971 2380.066713 2416.464987 2444.004372 2470.678347 2503.370230 2508.376562 2513.420830 2519.018629 2542.051481 2575.176052 2605.319935 2639.016729 2671.260125 2699.586124 2713.514873 2724.548533 2736.294582 2750.324713
-9999.0 -9999.0 -9999.0 -9999.0 1806.542309 1827.646944 1847.416458 1878.229876 1901.039937 1896.671485 1902.942379 1902.822066 1900.574435 1905.830518 1914.281864 1932.868647 1952.628823 1972.729388 1989.868993 2022.203809 2068.585324 2083.058263 2105.028734 2136.792660 2150.282286 2166.012013 2182.943520 2205.737345 2229.597949 2261.308634 2301.467079 2335.759077 2360.426043 2382.496495 2403.732664 2424.397450 2459.810691 2498.713817 2536.058533 2569.810257 2598.717955 2625.734567 2636.859878 2644.563857 2656.615993 2674.212966 2697.011306 2726.918171 2760.327476 2793.253882 2818.211629 2829.613189 2837.211894 2848.330711 2858.385768
-9999.0 -9999.0 -9999.0 1754.625756 1793.708670 1832.697355 1859.493396 1890.605305 1923.466134 1926.662654 1936.337245 1939.829707 1942.938242 1951.078604 1958.241118 1976.136319 1994.310240 2013.167158 2036.194840 2072.667785 2106.124577 2131.501142 2162.604352 2185.570791 2203.925967 2219.602911 2239.209816 2262.517384 2302.015629 2337.014894 2385.919375 2438.548195 2474.039060 2498.035576 2521.687807 2550.187788 2576.233915 2614.287068 2649.813534 2683.516450 2717.412884 2742.452485 2760.401238 2767.845812 2778.458702 2786.765916 2802.115301 2823.235541 2846.094976 2876.546712 2905.915709 2834.837617 2844.725668 2854.755983 2870.827165
-9999.0 -9999.0 1706.660865 1745.432224 1778.495196 1827.457277 1880.958110 1916.329461 1957.296358 1979.769296 1985.931248 2001.128494 2015.890424 2021.563550 2035.322969 2051.773197 2072.829342 2082.054668 2101.959240 2127.052630 2172.255997 2213.553644 2224.459758 2271.116939 2304.308812 2335.438411 2355.961462 2383.850889 2421.494505 2460.579842 2508.713284 2559.398964 2596.455552 2627.264312 2644.850071 2665.879799 2688.667781 2716.781243 2753.373944 2781.878466 2814.474192 2841.345742 2863.264733 2868.546835 2873.584824 2890.390693 2917.090616 2845.958328 2867.628538 2893.151966 2888.025674 2900.524080 2907.959124 2912.295393 2918.887421
-9999.0 -9999.0 1678.259787 1724.112084 1762.021752 1824.979990 1908.457363 1945.054763 1987.585600 2034.429262 2052.115387 2076.486291 2081.622783 2083.322662 2105.648018 2125.966806 2143.680384 2152.585357 2151.536382 2206.996088 2264.238137 2304.171469 2333.977881 2406.413980 2456.281178 2478.071369 2495.010771 2517.202400 2540.918383 2582.615290 2626.921257 2681.105232 2726.255337 2756.894448 2773.553284 2793.867763 2815.048693 2833.166376 2853.736649 2897.118714 2833.050262 2856.427920 2884.919630 2905.195452 2913.163194 2917.208622 2899.896860 2909.571807 2918.979721 2923.289454 2925.066973 2921.659706 2921.221986 2922.109618 2923.167757
-9999.0 1587.077740 1639.525842 1691.673927 1758.806813 1823.824462 1903.835501 1982.354033 2044.713229 2095.526903 2124.338320 2129.407154 2150.802853 2186.904493 2211.555611 2235.435100 2241.684798 2251.246403 2239.540271 2292.164232 2337.643699 2401.740310 2508.066016 2566.520361 2621.135036 2622.731160 2617.228042 2628.166749 2649.607806 2694.268465 2768.979786 2821.567352 2881.297425 2837.745931 2849.304946 2855.746205 2873.130736 2892.744324 2862.187506 2893.629711 2904.098004 2916.077601 2921.683226 2923.706989 2924.985095 2925.174687 2922.012171 2915.553265 2907.888571 2902.458355 2898.544459 2894.195355 2896.721354 2900.070154 2900.605561
-9999.0 1550.231743 1608.840979 1679.124415 1748.865695 1807.594757 1902.077843 2056.758770 2115.760902 2154.829577 2171.328663 2174.036937 2243.967600 2308.879048 2340.615655 2387.422741 2380.079226 2370.323709 2348.950233 2380.527917 2426.758897 2501.021801 2657.042447 2745.679853 2787.045969 2799.350902 2806.019048 2835.144995 2876.226056 2834.038671 2868.145250 2853.230325 2889.476652 2903.737552 2907.901221 2909.057488 2913.492987 2913.020773 2911.511381 2907.807227 2903.210101 2903.726411 2908.296722 2908.403499 2905.838246 2902.914954 2897.565227 2890.318615 2885.222604 2880.732926 2878.119603 2875.253777 2873.511329 2873.170874 2868.604806
-9999.0 1515.483262 1588.542363 1649.861663 1706.379262 1810.448502 1939.126880 2079.594181 2175.344302 2212.885748 2216.771669 2271.969799 2374.818998 2477.519321 2531.735120 2557.837533 2552.990276 2522.911692 2518.673762 2565.218635 2634.330453 2741.416449 2855.842436 2871.027862 2881.807632 2885.360312 2852.666561 2871.861023 2889.590496 2888.888742 2890.290777 2896.067357 2901.552909 2904.735738 2903.789586 2901.399976 2897.115184 2889.498937 2885.064082 2881.897722 2878.556809 2877.974246 2880.448897 2882.087272 2879.595585 2875.916080 2871.577767 2866.236943 2864.591923 2858.051090 2853.945149 2849.809699 2847.618133 2842.367141 2838.415404
-9999.0 1404.558476 1496.891858 1545.269813 1641.183258 1822.768567 1951.434048 2097.844215 2253.965534 2285.996272 2348.860697 2479.305094 2592.361993 2672.408539 2710.205673 2750.862339 2780.933040 2804.277239 2843.171649 2769.250917 2838.938434 2850.433559 2877.513817 2889.323025 2894.871457 2896.068311 2887.790858 2868.485515 2858.570552 2852.373302 2854.516163 2862.177487 2867.594400 2873.025691 2871.163463 2872.235317 2873.020269 2870.046730 2870.544407 2862.387953 2854.864700 2848.809914 2846.406120 2851.437493 2846.798915 2844.161095 2838.312292 2834.733459 2919.822696 2911.786049 2903.327332 2895.948581 2892.555044 2886.246343 2883.683881
-9999.0 1323.719381 1398.636846 1474.010106 1599.411984 1763.999581 1878.253843 2041.941893 2266.413348 2393.161533 2537.414686 2619.921750 2694.960415 2749.669931 2807.959287 2815.403259 2838.152334 2850.730128 2830.509957 2849.103961 2876.272251 2870.077233 2817.260034 2841.490966 2856.692885 2861.141813 2853.600572 2844.314674 2837.648720 2836.982325 2835.605841 2833.110370 2830.430848 2827.776348 2824.858020 2827.462197 2832.567949 2830.296886 2910.030446 2901.180727 2893.254174 2884.548045 2878.827903 2874.726546 2874.163154 2873.906922 2866.078005 2855.528018 2845.835834 2837.281575 2829.215719 2823.364661 2819.776864 2813.618368 2803.328274
-9999.0 1214.855808 1341.797850 1427.555731 1536.556288 1670.095672 1786.538029 1945.382711 2086.250891 2318.540188 2470.173672 2618.391843 2667.284780 2733.576627 2788.841500 2818.273749 2818.443404 2841.268039 2806.993054 2795.436351 2807.673636 2820.044725 2833.061738 2852.419001 2872.015636 2883.685489 2888.759490 2883.331977 2870.561349 2860.552296 2852.347526 2841.202809 2833.426168 2831.908874 2834.456701 2843.047377 2844.450028 2835.505155 2823.395056 2806.207361 2791.337236 2780.092427 2777.517980 2779.372451 2779.662029 2775.531663 2768.861067 2757.885624 2745.133280 2732.613654 2725.417205 2719.730487 2711.622379 2699.729412 2685.316532
-9999.0 -9999.0 1261.529995 1371.482387 1472.803472 1590.304439 1693.667013 1825.580158 1971.912752 2149.432961 2267.847710 2422.836447 2508.234470 2555.404261 2599.402933 2657.635728 2682.744544 2711.962398 2704.393189 2715.703047 2727.025475 2735.402180 2745.223726 2756.018605 2769.686407 2781.072792 2791.228240 2789.821960 2781.715053 2763.596502 2741.172135 2723.846766 2714.447707 2706.513602 2717.136884 2728.926654 2724.629631 2717.804765 2705.460674 2687.903034 2674.875031 2660.773186 2656.945895 2656.774237 2656.762315 2653.749692 2649.723948 2636.472076 2623.401654 2611.991433 2606.568141 2599.953430 2594.651515 2583.651476 2572.345285
-9999.0 -9999.0 1175.251310 1281.874987 1390.643337 1511.400155 1604.308930 1650.846754 1796.088825 1907.027079 2013.848375 2119.330198 2209.686439 2277.043191 2317.098701 2380.043895 2430.213830 2449.777100 2482.746754 2526.821083 2559.026041 2594.391554 2616.870707 2629.939522 2644.743907 2659.818234 2668.883856 2656.368532 2645.965204 2629.648184 2607.632901 2583.074104 2570.475296 2568.400863 2568.935871 2572.089039 2565.318622 2556.034327 2541.848904 2527.791905 2515.307009 2505.074117 2501.007621 2496.255499 2494.091963 2490.873496 2487.850423 2479.845570 2469.601274 2463.005343 2454.226573 2448.743209 2446.114024 2440.571762 2432.552323
