tests/Borden05m/sims/sim_1/output-maps/psiliqL0005N0013.asc
ncols         160
nrows         34
xllcorner     620200.000000
yllcorner     5168000.000000
cellsize      0.500000
NODATA_value  -9999.0
[rows 0 to 24 of 34, columns 0 to 55 of 160]
-9999.0 -9999.0 -9999.0 -9999.0 -9999.0 -9999.0 -9999.0 -9999.0 -9999.0 -9999.0 -9999.0 -9999.0 -9999.0 -9999.0 -9999.0 -9999.0 -9999.0 -9999.0 -9999.0 -9999.0 -9999.0 -9999.0 -9999.0 -9999.0 -9999.0 -9999.0 -9999.0 -9999.0 -9999.0 -9999.0 -9999.0 -9999.0 -9999.0 -9999.0 -9999.0 -9999.0 -9999.0 -9999.0 -9999.0 -9999.0 -9999.0 -9999.0 -9999.0 -9999.0 -9999.0 -9999.0 -9999.0 -9999.0 -9999.0 -9999.0 -9999.0 -9999.0 -9999.0 -9999.0 -9999.0 -9999.0
-9999.0 -9999.0 -9999.0 -9999.0 -9999.0 -9999.0 -9999.0 -9999.0 -9999.0 -9999.0 -9999.0 -9999.0 -9999.0 -9999.0 -9999.0 -9999.0 -9999.0 -9999.0 -9999.0 -9999.0 -9999.0 -9999.0 -9999.0 -9999.0 -9999.0 -9999.0 -9999.0 -9999.0 -9999.0 -9999.0 -9999.0 -9999.0 -9999.0 -9999.0 -9999.0 -9999.0 -9999.0 -9999.0 -9999.0 -9999.0 -9999.0 -9999.0 -9999.0 -9999.0 -9999.0 -9999.0 -9999.0 -9999.0 -9999.0 -9999.0 -9999.0 -9999.0 -9999.0 -9999.0 -9999.0 -9999.0
-9999.0 -9999.0 -9999.0 -9999.0 -9999.0 -9999.0 -9999.0 -9999.0 -9999.0 -9999.0 -9999.0 -9999.0 -9999.0 -9999.0 -9999.0 -9999.0 -9999.0 -9999.0 -9999.0 -9999.0 -9999.0 -9999.0 -9999.0 -9999.0 -9999.0 -9999.0 -9999.0 -9999.0 -9999.0 -9999.0 -9999.0 -9999.0 -9999.0 -9999.0 -9999.0 -9999.0 -9999.0 -9999.0 -9999.0 -9999.0 -9999.0 -9999.0 -9999.0 -9999.0 -9999.0 -9999.0 -9999.0 -753.280831 -773.086794 -795.139674 -799.392236 -772.951430 -754.049255 -735.427549 -720.180218 -706.026319
-9999.0 -9999.0 -9999.0 -9999.0 -9999.0 -9999.0 -9999.0 -9999.0 -9999.0 -9999.0 -9999.0 -9999.0 -9999.0 -9999.0 -9999.0 -9999.0 -9999.0 -9999.0 -9999.0 -9999.0 -9999.0 -9999.0 -9999.0 -9999.0 -9999.0 -9999.0 -9999.0 -9999.0 -9999.0 -9999.0 -9999.0 -9999.0 -9999.0 -9999.0 -9999.0 -9999.0 -9999.0 -9999.0 -9999.0 -9999.0 -726.636293 -719.376481 -715.288879 -727.617267 -737.037045 -743.563925 -761.642625 -779.885619 -797.500615 -796.881560 -795.447308 -797.723935 -775.224538 -754.204314 -740.169867 -727.325450
-9999.0 -9999.0 -9999.0 -9999.0 -9999.0 -9999.0 -9999.0 -9999.0 -9999.0 -9999.0 -9999.0 -9999.0 -9999.0 -9999.0 -9999.0 -9999.0 -9999.0 -9999.0 -9999.0 -9999.0 -9999.0 -9999.0 -9999.0 -9999.0 -9999.0 -9999.0 -9999.0 -9999.0 -9999.0 -9999.0 -9999.0 -9999.0 -9999.0 -9999.0 -799.859447 -781.143794 -767.408907 -753.743578 -739.379296 -737.353037 -735.187316 -728.394595 -733.954899 -737.358928 -748.300961 -767.018568 -786.971493 -800.455280 -797.548123 -800.955191 -798.520843 -786.672130 -774.391123 -763.436202 -745.439929 -723.554951
-9999.0 -9999.0 -9999.0 -9999.0 -9999.0 -9999.0 -9999.0 -9999.0 -9999.0 -9999.0 -9999.0 -9999.0 -9999.0 -9999.0 -9999.0 -9999.0 -9999.0 -9999.0 -9999.0 -9999.0 -9999.0 -9999.0 -9999.0 -9999.0 -9999.0 -9999.0 -9999.0 -9999.0 -782.423878 -789.411625 -795.214014 -795.962079 -798.238705 -804.500796 -802.320606 -794.666532 -779.716084 -760.487422 -752.190254 -748.996190 -744.789543 -745.964409 -753.244481 -755.380287 -751.003711 -762.807454 -772.337332 -782.263915 -796.728266 -799.507170 -789.424118 -777.079619 -764.047942 -754.249795 -744.181777 -734.930124
-9999.0 -9999.0 -9999.0 -9999.0 -9999.0 -9999.0 -9999.0 -9999.0 -9999.0 -9999.0 -9999.0 -9999.0 -9999.0 -9999.0 -9999.0 -9999.0 -9999.0 -9999.0 -9999.0 -9999.0 -9999.0 -9999.0 -9999.0 -803.165104 -796.423955 -792.058490 -785.427664 -786.903449 -797.063304 -805.113388 -809.146898 -811.971585 -817.081197 -815.459010 -811.039906 -801.100604 -790.356734 -770.538397 -769.027192 -766.940545 -753.764010 -754.101842 -748.257639 -742.041179 -744.515784 -745.559553 -760.934839 -772.428884 -762.804216 -756.683836 -753.494711 -750.621585 -740.931376 -728.597970 -714.185753 -695.935392
-9999.0 -9999.0 -9999.0 -9999.0 -9999.0 -9999.0 -9999.0 -9999.0 -9999.0 -9999.0 -9999.0 -9999.0 -9999.0 -9999.0 -9999.0 -9999.0 -9999.0 -9999.0 -9999.0 -813.667968 -814.773067 -817.127154 -814.266322 -822.173480 -824.584789 -819.030947 -811.029880 -812.661556 -817.961609 -822.774707 -821.777296 -820.152192 -819.078869 -807.734543 -796.240924 -787.308073 -780.251661 -762.465341 -752.179753 -740.814023 -723.747386 -729.942154 -737.878762 -742.180260 -742.597430 -743.744095 -735.543616 -731.983786 -728.471427 -725.019193 -720.454543 -714.208862 -707.068862 -690.228069 -672.430829 -655.207730
-9999.0 -9999.0 -9999.0 -9999.0 -9999.0 -9999.0 -9999.0 -9999.0 -9999.0 -9999.0 -9999.0 -9999.0 -9999.0 -9999.0 -9999.0 -9999.0 -825.960343 -826.164146 -829.052451 -832.592457 -836.429004 -834.937790 -828.507038 -834.510597 -834.841967 -830.221091 -830.407360 -823.498267 -816.777034 -809.732534 -805.403087 -808.071900 -803.436171 -798.805021 -792.560844 -781.861614 -762.525331 -743.589257 -732.536509 -718.814379 -702.575845 -706.339867 -709.158715 -708.877703 -710.731593 -703.602784 -683.613160 -681.084045 -681.746688 -661.028208 -647.750884 -645.898179 -642.200655 -626.059278 -603.370488 -575.726382
-9999.0 -9999.0 -9999.0 -9999.0 -9999.0 -9999.0 -9999.0 -9999.0 -9999.0 -9999.0 -9999.0 -9999.0 -9999.0 -842.852683 -842.428383 -838.435365 -845.531822 -852.223317 -855.199037 -858.778500 -846.298576 -850.027178 -848.826493 -844.181962 -833.094584 -829.043276 -823.984633 -814.814082 -811.703435 -809.582884 -807.257591 -806.197210 -794.514893 -781.921818 -769.988494 -752.997573 -736.333784 -720.267678 -702.255675 -691.948338 -680.023476 -678.587972 -683.577525 -683.871798 -676.303419 -657.312913 -639.464996 -628.346178 -604.279569 -578.679595 -563.300479 -547.849835 -538.178232 -525.104126 -500.024872 -444.121648
-9999.0 -9999.0 -9999.0 -9999.0 -9999.0 -9999.0 -9999.0 -9999.0 -9999.0 -9999.0 -870.557911 -864.078394 -873.745572 -889.010790 -894.015496 -886.307149 -877.976263 -880.435017 -875.665237 -853.593115 -839.392235 -849.775059 -835.205266 -830.620991 -832.072027 -825.629456 -816.187437 -808.811835 -793.515312 -786.312076 -778.772464 -758.316398 -746.670409 -734.918960 -721.577827 -706.750440 -690.682555 -661.890410 -636.866208 -627.359031 -601.797749 -586.015016 -593.478224 -595.689994 -589.743924 -570.033914 -540.183252 -502.164145 -465.981177 -418.692505 -377.878239 -351.473346 -333.042083 -313.522699 -291.191003 -259.355220
-9999.0 -9999.0 -9999.0 -9999.0 -9999.0 -9999.0 -9999.0 -9999.0 -901.431720 -890.061331 -882.328731 -890.662350 -902.132377 -920.613235 -909.416939 -897.347244 -887.226134 -874.857373 -865.808436 -856.244527 -852.094599 -840.184949 -823.839498 -819.843630 -813.042934 -801.051226 -793.514373 -779.945746 -762.881099 -755.598411 -740.905500 -723.377608 -707.727186 -693.682570 -679.066407 -665.248369 -637.417826 -603.468768 -569.485195 -540.469049 -504.970967 -467.234061 -465.120856 -458.572806 -449.319836 -401.869459 -344.235531 -295.901063 -262.279735 -237.920039 -213.942767 -200.037364 -190.181160 -177.585320 -161.748652 -147.238173
-9999.0 -9999.0 -9999.0 -9999.0 -9999.0 -9999.0 -924.031126 -895.156609 -880.692527 -906.207433 -926.269804 -933.309343 -944.607242 -915.944525 -889.127227 -879.580058 -870.755357 -861.047060 -855.988727 -858.518568 -820.120408 -817.701493 -813.049492 -796.447268 -788.910838 -780.328228 -767.061160 -746.516600 -728.888217 -697.091323 -669.792373 -645.835768 -621.256477 -603.813731 -586.849951 -567.291607 -529.138698 -477.313392 -416.122558 -358.771334 -313.003698 -275.400111 -261.846361 -255.123127 -248.116624 -233.949512 -208.688179 -181.296608 -150.361449 -121.801656 -100.580745 -90.382007 -80.758387 -68.984359 -53.929581 -37.171304
-9999.0 -9999.0 -9999.0 -9999.0 -921.470863 -910.831467 -908.956340 -881.187049 -862.159193 -890.537342 -878.741273 -883.154941 -892.028056 -901.111643 -909.865474 -893.962727 -881.538373 -870.379592 -861.752637 -822.155384 -785.556121 -785.080751 -762.477638 -732.058354 -725.952134 -715.887272 -705.817691 -686.753581 -659.562830 -627.076490 -575.976684 -528.850947 -494.747496 -460.796160 -427.139953 -383.587410 -328.141571 -277.833400 -243.805348 -214.313404 -186.707451 -163.480016 -148.254873 -140.715192 -131.316834 -119.388412 -102.822708 -78.424867 -50.106429 -17.060305 5.815502 22.162261 29.229522 42.207038 58.300961 87.067320
-9999.0 -9999.0 -9999.0 -947.959094 -914.690242 -897.283940 -899.625876 -885.704029 -860.475579 -870.891722 -869.925301 -868.983810 -866.923902 -862.546228 -858.255087 -846.476699 -839.053286 -835.586650 -821.679734 -790.741288 -764.278945 -735.318441 -709.646245 -682.150111 -661.234719 -648.775260 -635.383391 -611.796517 -567.448600 -516.274314 -437.760977 -345.415186 -290.731986 -261.417431 -244.449102 -223.576674 -202.226182 -171.671023 -142.657251 -115.069404 -86.319560 -60.705113 -36.583957 -28.026140 -22.629346 -13.593726 1.529584 23.630731 48.010056 90.421528 105.733065 136.083278 137.268521 155.828122 171.207701 186.316198
-9999.0 -9999.0 -953.133708 -931.221777 -933.160125 -903.173718 -871.289042 -870.113711 -838.004385 -822.537039 -832.734253 -815.984108 -803.702145 -805.852355 -791.846301 -777.414973 -768.769385 -774.545514 -772.109929 -738.982119 -686.196738 -640.390259 -606.705974 -537.231330 -496.022477 -469.631679 -454.293401 -415.429274 -357.864814 -291.647649 -244.155336 -201.358118 -165.152953 -136.595181 -124.157072 -109.463487 -87.622136 -64.986772 -36.859726 -11.057028 17.662539 46.815164 85.784088 96.375145 88.962646 112.118283 120.855006 151.700787 172.012822 191.698175 206.471322 209.202024 208.984348 210.870119 212.067461 212.516822
-9999.0 -9999.0 -975.833431 -942.050040 -948.872111 -895.980875 -845.955150 -853.899969 -827.168902 -787.034508 -781.174261 -766.155078 -754.577322 -740.216129 -719.913707 -695.060373 -698.443286 -699.425574 -708.493476 -651.908730 -592.907036 -507.427381 -383.693199 -300.293547 -259.437835 -251.102169 -246.158263 -231.796767 -209.483394 -168.574411 -121.381382 -72.368920 -31.577786 -4.394932 9.043670 23.236458 45.001103 79.720146 95.275159 113.297347 142.562365 163.018054 186.566171 203.640850 208.496304 210.063927 207.820033 210.291198 211.112744 211.798812 211.276632 207.067426 207.347341 208.264051 209.418486 204.820584
-9999.0 -996.434001 -974.893130 -964.584324 -925.169276 -912.419380 -858.576169 -798.038649 -774.495817 -745.341241 -728.096429 -719.906399 -658.097426 -604.699311 -578.620968 -541.581832 -550.615640 -559.376906 -573.703732 -523.072538 -433.358844 -294.799329 -190.950524 -137.235476 -105.506812 -100.431660 -103.283560 -89.925736 -65.522576 -28.733625 28.546196 84.547981 124.198622 152.372340 161.293808 163.866199 177.218892 194.562057 208.141639 211.020242 213.644116 214.790486 211.920044 212.024503 212.442396 211.833044 207.991961 202.551207 195.241617 189.455911 182.566605 168.356930 179.915408 185.572356 187.397400 178.893532
-9999.0 -1046.887990 -980.463613 -938.957202 -935.707353 -927.056523 -833.715293 -724.588567 -715.163815 -697.348030 -676.429042 -622.341077 -509.160429 -409.027084 -349.052500 -300.971622 -302.388407 -316.583206 -314.719975 -274.409397 -223.482921 -153.518502 -44.439314 35.480721 64.795185 76.990863 85.177286 105.632977 131.364293 153.937731 173.391549 195.135519 200.484948 202.319512 202.884977 203.351422 203.771243 204.068933 200.762197 197.313292 193.172841 193.409483 196.966839 196.730426 194.051779 189.851637 173.455322 173.213556 167.437141 159.793446 140.399083 131.409308 132.915216 142.707481 145.521470 125.595676
-9999.0 -1002.555435 -931.357211 -939.694300 -970.275999 -876.183495 -809.446958 -711.144061 -640.788790 -619.857694 -556.570151 -413.859958 -291.415000 -225.705737 -187.570802 -164.845099 -151.087754 -152.027952 -130.461711 -75.563211 6.168951 75.075999 121.656419 173.637005 183.825518 185.414533 183.622824 185.041737 186.486289 187.110488 187.849550 187.216886 192.133407 194.484077 193.390873 190.444918 184.965223 175.550683 169.676769 166.469225 163.066572 163.024429 166.030198 166.461789 163.584520 156.922032 132.985107 123.067500 114.834221 105.488631 96.337243 89.904486 88.245409 86.568277 83.091927 73.614747
-9999.0 -1098.505684 -986.816634 -1057.719880 -932.476248 -827.100941 -785.884922 -654.735218 -534.392898 -478.466228 -326.380197 -237.245348 -163.571620 -114.649657 -79.027236 -40.286501 -12.780630 16.649570 59.198939 115.772710 164.044940 185.874138 190.276632 192.591097 186.044653 186.047247 176.253608 156.837204 146.520422 140.024391 141.889898 148.735361 155.443512 161.368875 159.178896 157.845458 148.789948 130.845449 123.154235 114.266037 106.633642 101.585764 100.779297 105.953921 100.072322 94.003739 82.364915 71.844664 61.776461 52.385288 43.087079 35.354748 32.348551 27.369414 26.145295 18.464835
-9999.0 -1177.753576 -1087.803254 -1022.848637 -913.815519 -831.703263 -746.759441 -610.732197 -416.543978 -292.923773 -214.100153 -175.014685 -120.220486 -62.654724 -5.417280 26.579300 44.740072 54.206233 67.910463 88.926538 97.905061 101.142004 116.387987 137.489764 144.761159 144.734666 113.959509 96.395073 87.968317 86.794925 86.318776 86.786019 87.026754 85.814703 82.189910 81.802219 82.001752 71.805374 62.346838 54.520129 48.020159 40.723151 35.761994 33.160585 30.472910 28.801030 19.820616 8.570157 -2.340209 -10.895763 -19.276343 -25.707527 -27.820230 -31.916830 -37.465901 -47.237382
-9999.0 -1360.718668 -1066.042417 -1029.748322 -958.028663 -916.121237 -855.939623 -722.224599 -568.027114 -310.812578 -162.396447 -139.189324 -119.114796 -84.045301 -29.454738 20.865452 27.359588 1.319619 -17.038123 -21.227158 -9.222916 4.757813 20.999460 41.911730 56.289393 61.686529 54.423493 42.560020 28.444238 21.193554 17.707919 10.866534 5.558551 5.093833 2.853172 6.633452 8.264977 -2.199360 -14.705684 -28.592464 -40.399575 -48.982492 -51.847041 -51.326134 -52.057870 -55.232610 -62.543171 -72.282060 -83.936992 -94.360829 -102.304043 -107.786950 -113.196957 -120.484975 -128.571557 -137.256249
-9999.0 -9999.0 -1196.303614 -1033.932829 -1007.412186 -969.189806 -919.680997 -805.073399 -685.833246 -476.377764 -315.397958 -246.054853 -207.273127 -171.141454 -123.731115 -84.302835 -77.853629 -70.609700 -92.395334 -90.536125 -83.934276 -76.929925 -65.596501 -52.619556 -40.722334 -34.020070 -31.547240 -34.685355 -43.929699 -57.704814 -73.018021 -84.614002 -91.956533 -97.250574 -91.092317 -82.091824 -83.961010 -90.395353 -100.710037 -113.808685 -124.508542 -135.145514 -137.733756 -136.697938 -136.676085 -139.291030 -144.008688 -155.154697 -166.814739 -178.629613 -184.524456 -190.248816 -195.751005 -205.229416 -214.933368 -225.497805
-9999.0 -9999.0 -1399.944275 -1116.950825 -1011.101573 -941.877257 -934.669781 -897.358225 -767.624969 -684.932526 -593.435519 -496.240755 -401.136554 -322.431755 -280.234594 -242.201492 -225.102118 -217.444131 -215.483022 -205.135298 -187.780521 -170.310827 -157.969548 -146.905683 -136.578577 -128.280715 -121.422999 -130.262581 -139.196532 -152.613246 -169.819494 -188.996983 -199.526858 -204.960209 -201.705251 -195.678123 -199.984628 -208.439153 -220.048912 -233.114079 -242.890010 -252.005257 -254.615447 -255.732035 -256.041196 -258.159714 -261.339796 -270.930399 -285.242912 -297.673953 -308.650208 -318.612438 -325.426374 -338.994574 -357.540007 -374.170461
