tests/Borden05m/sims/sim_1/output-maps/psiliqL0005N0002.asc
ncols         160
nrows         34
xllcorner     620200.000000
yllcorner     5168000.000000
cellsize      0.500000
NODATA_value  -9999.0
[rows 0 to 24 of 34, columns 0 to 55 of 160]
-9999.0 -9999.0 -9999.0 -9999.0 -9999.0 -9999.0 -9999.0 -9999.0 -9999.0 -9999.0 -9999.0 -9999.0 -9999.0 -9999.0 -9999.0 -9999.0 -9999.0 -9999.0 -9999.0 -9999.0 -9999.0 -9999.0 -9999.0 -9999.0 -9999.0 -9999.0 -9999.0 -9999.0 -9999.0 -9999.0 -9999.0 -9999.0 -9999.0 -9999.0 -9999.0 -9999.0 -9999.0 -9999.0 -9999.0 -9999.0 -9999.0 -9999.0 -9999.0 -9999.0 -9999.0 -9999.0 -9999.0 -9999.0 -9999.0 -9999.0 -9999.0 -9999.0 -9999.0 -9999.0 -9999.0 -9999.0
-9999.0 -9999.0 -9999.0 -9999.0 -9999.0 -9999.0 -9999.0 -9999.0 -9999.0 -9999.0 -9999.0 -9999.0 -9999.0 -9999.0 -9999.0 -9999.0 -9999.0 -9999.0 -9999.0 -9999.0 -9999.0 -9999.0 -9999.0 -9999.0 -9999.0 -9999.0 -9999.0 -9999.0 -9999.0 -9999.0 -9999.0 -9999.0 -9999.0 -9999.0 -9999.0 -9999.0 -9999.0 -9999.0 -9999.0 -9999.0 -9999.0 -9999.0 -9999.0 -9999.0 -9999.0 -9999.0 -9999.0 -9999.0 -9999.0 -9999.0 -9999.0 -9999.0 -9999.0 -9999.0 -9999.0 -9999.0
-9999.0 -9999.0 -9999.0 -9999.0 -9999.0 -9999.0 -9999.0 -9999.0 -9999.0 -9999.0 -9999.0 -9999.0 -9999.0 -9999.0 -9999.0 -9999.0 -9999.0 -9999.0 -9999.0 -9999.0 -9999.0 -9999.0 -9999.0 -9999.0 -9999.0 -9999.0 -9999.0 -9999.0 -9999.0 -9999.0 -9999.0 -9999.0 -9999.0 -9999.0 -9999.0 -9999.0 -9999.0 -9999.0 -9999.0 -9999.0 -9999.0 -9999.0 -9999.0 -9999.0 -9999.0 -9999.0 -9999.0 -821.768556 -839.350417 -856.767242 -858.178425 -835.471778 -812.670070 -789.709427 -769.914941 -751.838901
-9999.0 -9999.0 -9999.0 -9999.0 -9999.0 -9999.0 -9999.0 -9999.0 -9999.0 -9999.0 -9999.0 -9999.0 -9999.0 -9999.0 -9999.0 -9999.0 -9999.0 -9999.0 -9999.0 -9999.0 -9999.0 -9999.0 -9999.0 -9999.0 -9999.0 -9999.0 -9999.0 -9999.0 -9999.0 -9999.0 -9999.0 -9999.0 -9999.0 -9999.0 -9999.0 -9999.0 -9999.0 -9999.0 -9999.0 -9999.0 -774.799373 -769.122161 -767.387476 -778.607547 -790.088557 -801.681474 -821.459046 -839.412419 -855.535994 -858.816151 -856.557929 -850.718574 -827.805015 -804.465998 -785.816485 -768.841008
-9999.0 -9999.0 -9999.0 -9999.0 -9999.0 -9999.0 -9999.0 -9999.0 -9999.0 -9999.0 -9999.0 -9999.0 -9999.0 -9999.0 -9999.0 -9999.0 -9999.0 -9999.0 -9999.0 -9999.0 -9999.0 -9999.0 -9999.0 -9999.0 -9999.0 -9999.0 -9999.0 -9999.0 -9999.0 -9999.0 -9999.0 -9999.0 -9999.0 -9999.0 -864.960502 -847.542265 -829.860622 -812.139691 -796.141342 -790.022483 -784.359203 -778.721850 -782.895247 -788.078520 -799.580670 -817.879153 -837.817816 -852.539665 -855.776396 -858.798447 -854.710326 -841.843977 -825.869611 -809.934319 -789.764635 -767.762190
-9999.0 -9999.0 -9999.0 -9999.0 -9999.0 -9999.0 -9999.0 -9999.0 -9999.0 -9999.0 -9999.0 -9999.0 -9999.0 -9999.0 -9999.0 -9999.0 -9999.0 -9999.0 -9999.0 -9999.0 -9999.0 -9999.0 -9999.0 -9999.0 -9999.0 -9999.0 -9999.0 -9999.0 -859.414626 -865.523289 -871.067289 -872.934764 -874.606373 -876.253622 -869.564672 -857.380376 -839.325245 -818.563321 -806.467439 -799.876362 -793.893097 -793.422889 -798.432501 -801.139206 -801.446421 -813.285038 -825.115230 -836.241466 -846.984942 -848.323992 -839.263414 -826.272350 -811.207433 -797.392750 -783.136540 -769.685657
-9999.0 -9999.0 -9999.0 -9999.0 -9999.0 -9999.0 -9999.0 -9999.0 -9999.0 -9999.0 -9999.0 -9999.0 -9999.0 -9999.0 -9999.0 -9999.0 -9999.0 -9999.0 -9999.0 -9999.0 -9999.0 -9999.0 -9999.0 -887.515077 -881.421516 -875.264065 -868.357960 -867.856746 -872.642242 -878.728503 -882.421787 -884.475822 -886.381165 -882.524684 -874.342068 -861.040108 -845.619927 -824.855402 -816.874267 -810.434005 -798.419163 -797.073629 -793.494977 -790.103696 -792.522059 -795.483072 -807.387873 -816.229974 -810.466866 -804.636224 -799.205018 -792.884394 -781.090607 -766.323866 -749.435481 -729.721011
-9999.0 -9999.0 -9999.0 -9999.0 -9999.0 -9999.0 -9999.0 -9999.0 -9999.0 -9999.0 -9999.0 -9999.0 -9999.0 -9999.0 -9999.0 -9999.0 -9999.0 -9999.0 -9999.0 -911.637534 -911.078825 -910.491707 -906.317388 -905.507660 -903.501381 -896.831397 -889.094471 -887.611226 -889.495057 -891.760138 -890.689269 -888.551371 -885.018425 -873.919942 -860.617788 -847.121051 -833.469446 -813.426209 -799.444317 -786.028226 -770.557390 -773.055687 -778.441001 -781.505902 -781.809989 -781.634968 -775.084494 -771.429255 -766.781900 -761.087942 -754.623429 -747.055576 -737.914978 -720.692620 -701.678970 -682.690726
-9999.0 -9999.0 -9999.0 -9999.0 -9999.0 -9999.0 -9999.0 -9999.0 -9999.0 -9999.0 -9999.0 -9999.0 -9999.0 -9999.0 -9999.0 -9999.0 -939.180592 -937.550745 -935.837214 -930.869331 -928.989818 -925.453095 -919.059532 -918.528105 -915.033915 -908.416915 -903.822378 -895.999912 -888.841689 -882.034746 -876.690724 -874.579809 -867.277760 -858.213463 -846.960721 -831.792190 -810.491415 -789.035096 -773.751363 -758.238449 -742.679309 -743.453411 -745.543352 -745.319918 -745.148071 -737.189810 -719.607785 -714.195670 -710.749424 -691.983537 -678.868221 -674.634499 -669.045166 -653.343263 -631.834190 -606.715827
-9999.0 -9999.0 -9999.0 -9999.0 -9999.0 -9999.0 -9999.0 -9999.0 -9999.0 -9999.0 -9999.0 -9999.0 -9999.0 -981.875746 -977.915143 -969.297980 -962.136077 -960.461755 -957.193999 -952.177517 -940.524657 -937.546216 -931.811689 -924.642425 -914.064985 -906.187787 -897.488163 -886.348336 -878.455608 -871.893269 -865.359917 -858.839213 -845.513949 -830.719185 -815.441799 -796.072704 -775.847428 -755.783125 -735.748928 -722.469633 -709.397869 -706.235426 -709.489037 -709.183182 -701.779275 -684.265764 -666.586366 -654.256785 -632.963218 -611.171811 -598.426030 -586.716638 -579.447552 -569.884586 -552.838584 -519.905230
-9999.0 -9999.0 -9999.0 -9999.0 -9999.0 -9999.0 -9999.0 -9999.0 -9999.0 -9999.0 -1017.909822 -1015.287772 -1018.938092 -1017.805321 -1013.767176 -1002.455604 -990.050366 -983.388835 -972.908478 -953.184838 -937.021078 -934.081562 -919.653368 -910.447931 -904.597343 -894.426168 -881.945799 -869.506880 -852.645501 -840.651101 -828.247488 -807.818999 -792.395874 -777.280384 -761.027603 -743.089356 -723.141195 -694.046214 -668.469952 -655.550210 -632.419784 -618.469367 -623.218050 -624.570485 -618.887916 -602.489274 -579.846157 -554.200390 -533.486987 -508.969463 -489.594138 -477.315920 -468.609660 -458.169613 -445.541540 -418.015771
-9999.0 -9999.0 -9999.0 -9999.0 -9999.0 -9999.0 -9999.0 -9999.0 -1041.358676 -1034.995793 -1028.776576 -1032.040190 -1037.126599 -1040.220769 -1027.999618 -1012.666827 -997.308193 -981.214831 -965.902492 -948.913031 -933.762440 -917.615674 -899.334281 -888.160555 -876.914252 -862.596964 -849.710654 -832.250894 -811.929077 -797.355600 -778.464430 -757.894678 -739.603268 -723.366438 -707.059427 -690.788605 -663.451253 -631.447126 -601.438094 -578.132258 -552.915325 -529.549577 -530.335521 -528.395676 -525.398561 -501.552441 -473.563498 -445.135664 -417.720776 -388.515548 -356.491028 -337.379566 -324.424136 -308.261552 -287.177511 -264.085952
-9999.0 -9999.0 -9999.0 -9999.0 -9999.0 -9999.0 -1066.043050 -1042.287322 -1027.966961 -1035.886778 -1043.190542 -1046.483614 -1049.816632 -1033.228162 -1012.716583 -996.657475 -980.727660 -964.247713 -948.804590 -933.848610 -898.746002 -884.025059 -869.646637 -849.919832 -837.191378 -824.465618 -808.233909 -785.720527 -763.389167 -731.036039 -701.342279 -675.438724 -651.151680 -633.666770 -617.646099 -600.507188 -571.536505 -537.630138 -504.804759 -477.766590 -453.118795 -426.988506 -418.378007 -413.715030 -406.164931 -389.647440 -358.887907 -321.070687 -266.758775 -187.924490 -75.654805 -26.744719 -7.700878 4.020739 15.826154 28.991728
-9999.0 -9999.0 -9999.0 -9999.0 -1099.059280 -1078.359061 -1057.758493 -1027.162881 -1004.879707 -1010.760041 -1003.354815 -1002.779987 -1003.970263 -1002.532541 -997.930106 -980.742832 -964.196532 -947.634773 -929.178230 -890.775683 -851.473765 -835.394547 -808.647641 -777.837443 -765.121271 -751.915545 -738.380174 -717.060382 -688.419580 -655.131827 -609.812936 -572.243655 -548.766251 -528.731734 -511.571100 -491.665217 -464.216462 -431.398613 -397.561221 -362.469275 -325.947151 -292.154658 -268.118412 -254.341341 -232.250699 -193.891676 -105.636867 -25.457644 20.897942 64.544330 108.521492 133.422834 139.383732 143.490757 147.134025 151.817567
-9999.0 -9999.0 -9999.0 -1144.252234 -1106.185913 -1070.228927 -1042.757921 -1012.132782 -981.252087 -974.246731 -966.640963 -959.642996 -952.354264 -943.599552 -933.240196 -918.013107 -905.786633 -895.564539 -876.117922 -840.637623 -805.356595 -771.022162 -740.482359 -710.459051 -688.592323 -674.911922 -660.974949 -639.124487 -602.652228 -565.975185 -519.607468 -471.391792 -437.403608 -414.981595 -398.040608 -374.589415 -350.614899 -310.213322 -255.465057 -167.277513 -47.704625 -0.896022 22.638537 31.163950 41.369568 56.861746 89.487289 122.333598 141.004844 154.845306 168.881282 179.261439 183.944326 186.044947 191.281086 196.253312
-9999.0 -9999.0 -1189.966710 -1153.774687 -1117.967738 -1065.673552 -1013.762486 -981.227306 -940.887148 -915.325656 -908.271290 -889.134538 -872.101019 -863.547775 -846.462579 -829.602126 -819.177145 -818.204127 -808.685304 -772.392665 -719.431843 -671.991483 -638.705852 -585.260431 -556.109200 -538.376990 -529.337586 -508.877341 -481.819970 -441.120581 -393.930832 -341.009218 -288.680206 -236.121873 -203.211106 -146.648217 -55.174484 -15.069235 23.078460 64.177609 111.024858 137.891625 148.576028 151.612647 153.252916 160.521419 171.786158 182.926398 191.956054 199.506538 210.149785 210.388827 210.196780 209.775063 209.282414 208.718706
-9999.0 -9999.0 -1213.802316 -1170.533840 -1126.340964 -1054.204457 -981.246370 -943.678911 -900.958354 -857.988812 -839.297993 -816.863601 -795.684811 -775.139686 -752.635295 -729.348143 -728.787711 -728.277499 -730.484334 -679.813507 -625.544834 -564.132159 -494.896815 -442.776927 -408.210959 -403.403459 -400.041907 -382.830752 -354.735685 -296.596037 -185.735527 -51.583174 7.851232 40.662255 60.584844 86.975009 121.171966 140.218117 149.156468 166.536688 177.207950 186.691571 195.530843 205.534506 210.666453 210.640004 209.064779 209.512230 209.644773 209.396690 209.034165 205.989807 205.018101 205.290767 206.190048 202.268114
-9999.0 -1298.514392 -1246.964460 -1192.139248 -1120.486736 -1049.783416 -961.942160 -880.808344 -834.768573 -795.876252 -769.130129 -748.144978 -690.133514 -641.819435 -618.118214 -590.686886 -596.226362 -601.860222 -611.976820 -576.205636 -526.133478 -441.102086 -312.102153 -222.261899 -150.505934 -135.912727 -135.909384 -70.746402 -31.315387 10.366488 75.467288 126.288827 156.253311 172.112729 177.469839 180.302490 189.410521 198.474317 209.882113 212.951449 213.594338 213.590990 208.176663 207.630431 207.871303 208.339898 206.074152 201.387610 197.555023 195.838265 194.774257 192.834489 194.433840 196.218373 197.531349 194.997944
-9999.0 -1331.551234 -1270.736499 -1197.385774 -1124.497908 -1041.594206 -924.053812 -803.293545 -761.461986 -730.624822 -701.262002 -650.406327 -566.850240 -505.758830 -472.665204 -436.701584 -441.511399 -456.040650 -458.174718 -425.270794 -367.721327 -257.719907 -30.234984 69.285657 89.470194 106.459506 118.740042 144.371760 160.704015 173.096763 183.971282 197.067478 200.391868 200.621512 200.993238 201.836602 202.657334 202.970742 200.270623 197.724835 195.664968 195.886137 197.759656 197.607248 196.688590 196.318831 194.900586 192.572665 191.585455 190.957267 190.891272 190.198874 189.829902 190.617689 189.339964 188.181584
-9999.0 -1352.302756 -1284.365457 -1217.210224 -1137.970778 -1006.529494 -887.079593 -763.490883 -679.956536 -646.922309 -596.176657 -510.746049 -422.308139 -333.013703 -265.448026 -215.499948 -179.843861 -181.686473 -104.189917 -38.930310 18.706964 88.509696 147.367873 181.347348 188.235692 190.629649 190.714595 194.669049 196.523174 196.592370 196.133561 193.703109 195.653331 196.566640 195.990667 195.189156 193.823946 190.910303 189.556260 189.306813 188.628243 189.079550 190.619516 190.928527 190.474722 189.789869 189.278867 188.505687 187.678944 186.270006 186.026220 185.104873 184.525764 182.560638 180.749686 179.408608
-9999.0 -1431.694926 -1350.457737 -1284.140331 -1137.254765 -977.330056 -856.459497 -704.258984 -581.775378 -536.953789 -449.057946 -352.474773 -211.052877 -46.108372 25.328298 74.835879 105.676722 129.703279 153.672709 160.598226 180.203273 198.054396 202.050273 201.330843 193.893666 195.077582 192.008871 184.774058 181.909974 179.529774 180.795349 184.342969 186.745672 189.682423 188.671458 189.279960 189.604446 189.008782 188.850074 186.022054 183.107983 180.979982 180.592593 184.045151 181.842803 181.239376 180.160508 178.593746 176.764987 175.024328 172.860304 170.044205 167.620773 162.495245 160.390582 156.530811
-9999.0 -1512.270756 -1432.111969 -1318.543887 -1158.540816 -996.038988 -841.460892 -672.336444 -500.030413 -410.450138 -324.016026 -250.202400 -60.530869 67.315542 142.216867 163.321279 174.889831 179.272045 181.759456 181.239090 166.759153 163.564630 169.872135 179.015017 181.782447 183.567513 180.424385 177.477192 176.588705 177.817889 177.945217 178.159620 178.062416 177.349729 175.876195 176.463722 178.952533 177.095549 174.479483 170.616158 165.492162 160.187338 156.995022 155.554487 154.935056 155.632258 153.067961 149.464764 145.934345 143.361151 139.932684 134.926117 123.018575 101.442777 81.265332 61.070479
-9999.0 -1592.248949 -1480.946409 -1372.310373 -1228.004221 -1085.782119 -943.294284 -774.475174 -617.890236 -429.283305 -234.275153 -167.785886 -61.146601 29.693612 119.123164 158.766256 163.372713 149.748369 139.013096 133.334621 135.068432 138.983988 143.977730 152.027615 158.629982 163.105225 164.494717 161.455877 155.354708 151.868734 150.030194 146.292859 143.610825 143.845287 143.107884 145.767354 147.482325 143.026809 135.659424 114.605698 81.453339 58.585501 50.322671 49.687764 48.916621 45.303817 37.886282 27.810506 16.063299 5.208474 -4.796726 -19.958096 -58.902446 -122.474161 -171.207887 -211.004864
-9999.0 -9999.0 -1546.934442 -1433.696719 -1313.032891 -1180.687685 -1044.859986 -883.690606 -731.117412 -551.199940 -443.379401 -360.511881 -300.587005 -205.391241 -50.417253 13.496609 27.547358 40.725031 19.476491 19.489056 22.086848 24.974561 33.070240 45.001372 60.373051 74.519613 84.461393 79.172308 64.592775 44.529478 24.379437 10.755665 3.115793 -2.065176 5.440056 15.320021 13.329543 6.203356 -10.580608 -51.040943 -141.171735 -197.478843 -212.083929 -211.590628 -212.303789 -220.264473 -234.066806 -259.764573 -283.051704 -303.641806 -313.536321 -322.402911 -330.837512 -344.113885 -357.035252 -371.334373
-9999.0 -9999.0 -1627.387557 -1514.356012 -1389.013748 -1260.500197 -1147.182020 -1023.103481 -861.783164 -741.780367 -649.038787 -571.307618 -511.093368 -461.830543 -415.391714 -355.240872 -326.209739 -315.814644 -319.234972 -312.631639 -293.278209 -271.342597 -251.696885 -225.532132 -190.759170 -152.670061 -123.018866 -157.617855 -197.777177 -240.760424 -279.268919 -311.571955 -327.373004 -335.175100 -328.526128 -317.354545 -322.776867 -336.175424 -354.771467 -375.534111 -391.123364 -404.997845 -409.274645 -410.621651 -410.699485 -413.112914 -416.577067 -426.545691 -438.731621 -447.160591 -453.951759 -459.801713 -462.601619 -469.693543 -478.677100 -484.777286
