tests/Borden05m/sims/sim_1/output-maps/psiliqL0027N0002.asc
ncols         160
nrows         34
xllcorner     620200.000000
yllcorner     5168000.000000
cellsize      0.500000
NODATA_value  -9999.0
[rows 0 to 24 of 34, columns 0 to 54 of 160]
-9999.0 -9999.0 -9999.0 -9999.0 -9999.0 -9999.0 -9999.0 -9999.0 -9999.0 -9999.0 -9999.0 -9999.0 -9999.0 -9999.0 -9999.0 -9999.0 -9999.0 -9999.0 -9999.0 -9999.0 -9999.0 -9999.0 -9999.0 -9999.0 -9999.0 -9999.0 -9999.0 -9999.0 -9999.0 -9999.0 -9999.0 -9999.0 -9999.0 -9999.0 -9999.0 -9999.0 -9999.0 -9999.0 -9999.0 -9999.0 -9999.0 -9999.0 -9999.0 -9999.0 -9999.0 -9999.0 -9999.0 -9999.0 -9999.0 -9999.0 -9999.0 -9999.0 -9999.0 -9999.0 -9999.0
-9999.0 -9999.0 -9999.0 -9999.0 -9999.0 -9999.0 -9999.0 -9999.0 -9999.0 -9999.0 -9999.0 -9999.0 -9999.0 -9999.0 -9999.0 -9999.0 -9999.0 -9999.0 -9999.0 -9999.0 -9999.0 -9999.0 -9999.0 -9999.0 -9999.0 -9999.0 -9999.0 -9999.0 -9999.0 -9999.0 -9999.0 -9999.0 -9999.0 -9999.0 -9999.0 -9999.0 -9999.0 -9999.0 -9999.0 -9999.0 -9999.0 -9999.0 -9999.0 -9999.0 -9999.0 -9999.0 -9999.0 -9999.0 -9999.0 -9999.0 -9999.0 -9999.0 -9999.0 -9999.0 -9999.0
-9999.0 -9999.0 -9999.0 -9999.0 -9999.0 -9999.0 -9999.0 -9999.0 -9999.0 -9999.0 -9999.0 -9999.0 -9999.0 -9999.0 -9999.0 -9999.0 -9999.0 -9999.0 -9999.0 -9999.0 -9999.0 -9999.0 -9999.0 -9999.0 -9999.0 -9999.0 -9999.0 -9999.0 -9999.0 -9999.0 -9999.0 -9999.0 -9999.0 -9999.0 -9999.0 -9999.0 -9999.0 -9999.0 -9999.0 -9999.0 -9999.0 -9999.0 -9999.0 -9999.0 -9999.0 -9999.0 -9999.0 3472.889326 3455.693730 3442.431816 3437.340626 3458.040696 3480.879646 3504.495881 3524.818485
-9999.0 -9999.0 -9999.0 -9999.0 -9999.0 -9999.0 -9999.0 -9999.0 -9999.0 -9999.0 -9999.0 -9999.0 -9999.0 -9999.0 -9999.0 -9999.0 -9999.0 -9999.0 -9999.0 -9999.0 -9999.0 -9999.0 -9999.0 -9999.0 -9999.0 -9999.0 -9999.0 -9999.0 -9999.0 -9999.0 -9999.0 -9999.0 -9999.0 -9999.0 -9999.0 -9999.0 -9999.0 -9999.0 -9999.0 -9999.0 3524.138536 3529.969177 3529.442307 3519.507042 3508.006380 3493.987747 3473.184509 3456.021110 3443.044024 3441.050700 3443.271327 3445.440555 3465.634450 3490.889974 3510.604046
-9999.0 -9999.0 -9999.0 -9999.0 -9999.0 -9999.0 -9999.0 -9999.0 -9999.0 -9999.0 -9999.0 -9999.0 -9999.0 -9999.0 -9999.0 -9999.0 -9999.0 -9999.0 -9999.0 -9999.0 -9999.0 -9999.0 -9999.0 -9999.0 -9999.0 -9999.0 -9999.0 -9999.0 -9999.0 -9999.0 -9999.0 -9999.0 -9999.0 -9999.0 3432.234325 3448.967420 3466.685821 3485.072963 3501.896105 3508.847195 3514.579674 3519.733899 3514.840392 3510.230259 3498.253942 3476.765177 3457.283868 3444.459040 3443.442786 3440.803212 3443.993286 3455.062383 3471.345966 3485.889304 3506.052417
-9999.0 -9999.0 -9999.0 -9999.0 -9999.0 -9999.0 -9999.0 -9999.0 -9999.0 -9999.0 -9999.0 -9999.0 -9999.0 -9999.0 -9999.0 -9999.0 -9999.0 -9999.0 -9999.0 -9999.0 -9999.0 -9999.0 -9999.0 -9999.0 -9999.0 -9999.0 -9999.0 -9999.0 3438.764716 3432.683755 3427.702445 3425.887535 3424.178759 3423.023489 3429.474006 3440.246720 3456.906018 3478.784399 3491.868622 3498.910693 3505.609531 3505.655281 3499.365171 3497.372167 3497.554335 3484.456001 3471.762607 3459.858204 3448.179649 3444.496230 3452.925280 3466.795272 3482.612713 3496.744880 3511.564166
-9999.0 -9999.0 -9999.0 -9999.0 -9999.0 -9999.0 -9999.0 -9999.0 -9999.0 -9999.0 -9999.0 -9999.0 -9999.0 -9999.0 -9999.0 -9999.0 -9999.0 -9999.0 -9999.0 -9999.0 -9999.0 -9999.0 -9999.0 3409.363150 3414.032989 3420.350387 3427.816862 3428.560260 3425.159719 3419.582807 3416.680223 3414.968354 3412.301236 3416.512925 3423.031327 3435.515617 3450.294668 3472.231361 3480.024472 3483.673207 3494.503322 3497.902181 3505.535262 3508.957435 3506.573215 3501.872566 3486.208654 3473.878673 3475.193497 3478.458297 3484.777092 3492.612801 3505.563372 3518.541630 3533.030027
-9999.0 -9999.0 -9999.0 -9999.0 -9999.0 -9999.0 -9999.0 -9999.0 -9999.0 -9999.0 -9999.0 -9999.0 -9999.0 -9999.0 -9999.0 -9999.0 -9999.0 -9999.0 -9999.0 3385.189823 3386.150331 3387.534863 3392.233981 3392.393978 3393.887464 3400.341649 3408.012030 3410.644568 3408.031036 3406.732388 3407.606267 3409.697882 3413.724380 3423.502372 3436.206232 3449.418010 3461.383010 3481.279630 3494.873375 3506.270455 3520.681937 3520.584477 3516.375047 3514.068247 3513.244123 3510.733560 3507.834849 3505.796015 3511.244738 3510.788206 3513.264846 3521.646117 3532.945808 3548.497407 3565.002046
-9999.0 -9999.0 -9999.0 -9999.0 -9999.0 -9999.0 -9999.0 -9999.0 -9999.0 -9999.0 -9999.0 -9999.0 -9999.0 -9999.0 -9999.0 -9999.0 3356.293855 3357.918921 3360.135141 3365.491627 3369.079386 3372.760234 3379.443653 3380.651395 3383.590456 3390.144458 3393.974614 3402.713515 3410.475511 3416.787115 3421.789998 3423.274727 3428.685387 3436.767489 3447.002217 3459.558672 3478.295954 3500.748062 3515.255577 3530.828781 3547.010955 3546.581162 3543.846006 3543.070441 3540.483141 3540.450888 3553.556141 3555.572862 3548.829592 3556.963416 3567.598865 3569.325552 3575.320340 3594.250420 3615.447625
-9999.0 -9999.0 -9999.0 -9999.0 -9999.0 -9999.0 -9999.0 -9999.0 -9999.0 -9999.0 -9999.0 -9999.0 -9999.0 3306.819690 3310.580423 3320.637918 3332.142481 3334.983670 3339.712062 3346.157056 3357.869462 3361.029837 3366.432991 3372.941422 3384.969380 3392.786989 3400.614429 3411.322671 3418.197947 3423.952756 3429.050131 3430.428364 3440.428031 3452.955620 3465.813434 3483.443890 3503.996461 3520.926657 3537.609090 3552.805051 3563.114927 3559.018164 3557.191638 3558.269597 3561.666926 3573.225704 3588.500593 3587.245318 3595.207060 3614.500877 3623.535464 3629.621833 3634.703318 3647.813668 3668.631165
-9999.0 -9999.0 -9999.0 -9999.0 -9999.0 -9999.0 -9999.0 -9999.0 -9999.0 -9999.0 3281.017827 3282.182590 3278.093708 3274.767830 3280.273046 3292.262119 3306.504288 3311.476585 3323.037681 3343.914319 3362.096269 3364.380856 3376.836685 3386.156808 3391.803112 3400.282768 3411.694115 3422.172851 3435.839447 3445.779072 3452.669635 3467.045639 3481.029612 3495.406364 3510.859187 3529.618253 3543.932553 3565.810168 3589.136998 3596.221408 3611.552595 3612.754656 3607.606197 3604.685216 3612.948023 3622.681196 3635.921046 3649.982836 3667.198959 3687.884935 3696.831710 3708.816222 3717.026573 3726.580945 3741.268696
-9999.0 -9999.0 -9999.0 -9999.0 -9999.0 -9999.0 -9999.0 -9999.0 3256.730414 3264.661129 3269.574565 3265.805662 3260.791292 3254.171143 3268.356566 3283.101981 3298.213452 3315.887747 3330.603429 3348.013229 3360.811746 3374.305519 3393.261987 3402.580176 3411.598900 3424.998723 3436.301745 3449.237800 3467.882562 3473.714120 3482.738602 3500.291991 3514.094506 3529.185396 3545.637141 3560.408221 3578.836857 3607.386844 3634.776972 3649.413880 3674.138676 3689.943996 3683.239649 3680.549764 3680.939612 3702.876405 3727.908543 3755.891341 3773.574781 3795.954036 3823.355009 3841.819801 3850.692543 3861.439968 3874.941389
-9999.0 -9999.0 -9999.0 -9999.0 -9999.0 -9999.0 3228.520643 3252.608023 3267.368914 3258.167181 3243.040134 3237.101238 3230.048334 3260.790026 3282.412899 3298.881114 3314.593023 3331.072453 3346.152304 3353.065362 3381.129759 3399.311396 3409.570917 3421.056140 3433.969113 3446.816239 3461.364939 3480.940478 3496.635106 3516.583126 3530.649899 3545.211961 3567.234321 3583.028213 3598.510915 3610.680030 3636.866263 3670.269790 3703.692697 3727.011027 3750.522371 3781.260185 3780.240498 3781.514870 3782.571162 3805.872244 3839.146140 3868.330131 3899.552603 3929.586638 3957.545047 3967.780276 3976.525211 3986.208631 3998.538468
-9999.0 -9999.0 -9999.0 -9999.0 3196.867258 3217.357393 3235.389971 3264.823520 3286.099059 3280.424204 3283.855501 3280.878062 3275.385098 3279.566509 3286.803881 3302.856453 3320.828866 3339.149092 3351.938058 3377.284307 3422.861464 3432.256908 3447.540089 3475.347319 3484.753712 3497.218986 3511.297759 3530.245832 3547.056890 3572.704934 3605.271138 3632.857585 3652.939922 3671.011805 3689.050878 3704.909915 3739.061508 3775.131183 3809.960291 3840.729715 3867.006381 3892.529578 3898.741474 3903.354666 3913.065464 3929.845767 3952.235413 3979.490915 4012.830921 4044.667739 4067.718383 4076.590269 4081.672348 4091.087013 4098.501241
-9999.0 -9999.0 -9999.0 3142.586439 3181.429946 3220.762538 3245.679496 3275.121456 3306.663349 3305.398468 3313.126742 3311.695583 3309.281635 3313.412158 3315.156164 3330.321936 3347.200684 3365.852796 3385.873512 3417.920091 3445.482866 3461.418976 3487.650272 3502.036876 3513.494678 3525.003019 3542.274946 3561.010914 3596.051994 3624.557343 3669.398405 3718.963677 3750.244434 3768.978705 3790.813069 3817.771545 3842.453559 3880.738830 3914.328088 3946.033273 3975.936963 3997.819944 4011.852254 4016.336670 4025.809388 4031.452953 4043.868769 4064.660674 4086.810004 4117.295356 4146.370009 4175.088820 4190.247866 4201.241929 4218.268176
-9999.0 -9999.0 3094.193961 3133.658390 3164.448136 3210.384138 3262.750221 3297.117673 3335.524645 3353.164716 3355.150409 3364.329004 3373.482696 3373.075053 3380.382560 3391.659830 3412.729176 3420.648577 3440.028755 3454.018663 3489.570699 3521.918963 3516.023065 3552.842449 3581.851152 3613.672604 3634.258360 3660.118216 3697.179858 3730.244385 3773.914263 3823.227681 3857.039036 3884.537184 3900.157476 3920.124209 3940.200671 3966.286388 4002.723095 4028.197439 4061.575909 4086.814884 4106.261171 4106.948401 4109.596194 4125.628250 4153.801049 4184.502873 4213.294663 4242.170370 4226.575880 4250.040135 4260.528546 4266.380283 4275.581293
-9999.0 -9999.0 3063.572856 3110.035517 3143.752727 3200.553935 3286.795432 3320.007667 3358.873383 3403.336209 3415.808991 3435.975708 3427.886352 3414.786596 3431.149678 3444.049498 3463.967268 3470.714372 3463.846339 3514.921198 3566.313565 3588.962897 3593.257701 3669.503508 3721.299196 3745.300596 3761.730071 3781.633546 3800.975983 3838.876975 3877.568476 3931.652796 3972.617840 4002.238944 4016.616724 4036.496220 4055.870554 4070.817585 4090.247135 4136.873733 4172.313322 4203.032498 4234.864079 4256.144572 4264.279571 4269.320600 4243.548340 4263.166288 4276.470363 4282.208326 4284.498652 4280.700623 4280.139730 4280.970016 4281.894469
-9999.0 2969.817938 3022.198354 3072.182395 3135.727816 3195.959403 3269.426930 3343.116994 3408.931766 3460.342657 3484.424828 3475.637839 3472.820213 3496.206348 3514.371568 3529.538922 3534.459335 3544.254247 3524.500731 3577.327146 3612.938089 3660.621606 3758.902984 3816.796299 3880.138953 3875.876397 3864.003220 3868.654342 3884.297882 3930.547479 4009.459911 4065.635709 4131.455874 4180.429453 4197.509473 4204.995451 4223.684489 4244.450548 4191.840159 4235.548766 4255.701926 4272.518155 4282.052130 4284.369944 4285.664449 4285.423392 4281.716435 4274.664449 4266.462917 4260.598039 4256.351712 4251.848688 4254.287436 4257.618838 4257.771286
-9999.0 2931.047825 2988.055717 3055.835511 3122.438307 3167.160384 3247.296222 3414.068037 3476.143444 3513.153497 3516.771829 3489.017003 3544.822074 3603.495029 3626.765761 3671.381256 3655.044376 3639.518037 3601.143605 3625.667813 3663.467344 3733.790996 3905.371057 3993.876778 4046.659471 4054.555970 4055.173450 4083.488389 4127.842349 4175.579156 4221.786060 4189.417453 4239.717663 4264.515007 4269.696845 4270.422191 4275.985991 4274.490890 4273.094212 4268.621125 4263.441051 4263.610521 4268.263358 4268.112262 4265.134125 4261.724745 4256.005113 4248.584091 4243.400081 4238.767394 4236.113963 4233.284114 4231.294916 4230.499513 4225.591954
-9999.0 2889.407940 2964.383657 3021.721185 3065.480216 3153.733344 3283.281568 3427.053649 3522.717808 3555.609195 3529.334429 3561.558400 3663.822692 3770.093369 3822.083451 3842.705699 3822.238961 3772.333152 3750.946799 3794.272686 3864.861713 3985.862855 4126.955386 4227.427593 4242.918725 4246.374532 4197.367953 4223.736754 4248.177291 4251.077576 4252.225169 4260.450397 4265.548902 4268.529114 4266.947469 4264.050787 4259.219285 4250.997105 4246.200461 4242.486473 4238.691701 4237.479731 4239.437884 4241.319104 4238.474175 4234.565362 4230.083395 4224.506619 4218.175294 4211.389022 4207.031420 4202.742088 4200.591111 4194.972754 4191.482850
-9999.0 2765.202949 2860.201796 2898.717641 2968.118879 3157.335316 3285.954496 3424.405076 3590.095185 3608.468788 3651.073404 3791.205745 3911.047004 3991.708642 4019.845699 4052.769569 4077.135714 4092.745126 4129.692666 4005.961128 4087.889207 4187.882045 4233.860852 4253.798928 4264.252238 4264.633422 4254.659316 4233.750520 4222.987601 4216.228289 4217.839370 4225.134717 4229.764340 4234.513402 4232.196901 4233.300313 4234.479891 4231.275794 4227.229126 4218.454678 4210.574667 4203.796479 4200.419102 4205.075013 4200.428654 4198.110556 4191.876128 4183.372845 4174.367080 4166.979093 4158.956404 4152.366450 4150.140472 4145.130802 4143.922788
-9999.0 2684.140869 2756.009218 2809.433311 2916.169341 3078.877884 3169.771818 3325.652661 3568.464175 3705.658470 3872.032693 3964.229160 4034.544866 4075.501747 4125.259842 4177.785785 4205.071394 4217.104933 4185.218690 4208.354172 4165.042868 4153.895610 4171.592743 4201.058184 4218.542299 4222.674680 4214.869418 4205.798933 4198.524485 4197.400907 4195.166031 4190.906984 4186.602072 4182.903401 4179.763667 4182.814272 4188.190941 4180.986660 4170.565429 4160.994861 4152.372031 4143.060770 4137.059353 4132.294223 4132.767707 4133.054119 4125.374028 4114.826795 4103.901053 4095.558646 4088.352446 4083.890809 4081.163112 4076.141740 4066.308584
-9999.0 2561.246790 2695.158741 2768.894270 2856.317065 2982.830581 3082.917222 3231.936136 3358.856416 3604.886063 3744.465463 3943.295150 3993.874404 4064.762562 4111.668957 4185.610346 4180.716131 4149.388195 4105.671627 4089.602639 4101.334421 4110.482749 4118.597989 4132.917229 4150.711273 4160.943012 4166.182758 4160.267003 4146.018437 4133.349853 4121.945110 4107.997613 4098.432196 4095.852845 4100.118954 4110.326669 4110.725149 4101.386637 4087.153960 4068.730758 4052.978375 4041.059256 4039.100577 4041.963280 4043.118891 4038.987594 4033.213254 4022.382865 4009.723516 3997.198893 3991.584485 3987.274465 3979.767230 3968.385184 3956.382445
-9999.0 -9999.0 2607.669571 2715.236424 2802.723065 2910.449507 2994.565047 3107.772111 3245.359680 3414.732043 3530.641641 3714.572155 3811.567622 3855.792066 3888.951664 3945.126608 3971.171511 4003.572280 3998.874154 4011.340125 4021.653890 4027.127124 4032.283997 4037.792127 4048.225380 4058.116060 4068.579508 4065.758568 4056.964422 4036.210477 4010.134722 3989.827125 3979.204525 3969.780089 3982.093216 3994.726890 3989.026850 3982.079608 3969.358792 3953.072279 3940.502061 3926.191509 3922.742063 3922.623981 3923.249510 3920.969445 3918.567888 3906.122025 3893.864415 3884.075964 3880.129018 3874.517045 3871.036232 3861.262852 3850.691734
-9999.0 -9999.0 2518.433619 2621.235982 2720.780829 2832.116821 2912.080270 2917.237213 3049.645190 3150.355610 3257.449162 3369.350357 3467.127238 3536.173208 3568.262833 3630.746159 3688.220938 3706.983566 3748.835066 3804.690018 3839.730860 3880.101609 3903.597739 3912.958580 3925.468419 3940.071450 3947.497294 3932.035815 3920.735231 3903.596934 3879.992170 3853.039702 3839.398058 3839.142979 3837.960548 3839.245628 3831.483639 3822.560423 3808.069826 3794.237236 3782.080353 3773.325584 3769.771938 3764.042118 3761.678837 3758.962586 3757.360661 3752.341694 3744.283741 3739.911385 3731.720137 3728.149358 3727.505010 3724.697860 3719.197392
