tests/Borden05m/sims/sim_1/output-maps/psiliqL0018N0011.asc
ncols         160
nrows         34
xllcorner     620200.000000
yllcorner     5168000.000000
cellsize      0.500000
NODATA_value  -9999.0
[rows 0 to 24 of 34, columns 0 to 54 of 160]
-9999.0 -9999.0 -9999.0 -9999.0 -9999.0 -9999.0 -9999.0 -9999.0 -9999.0 -9999.0 -9999.0 -9999.0 -9999.0 -9999.0 -9999.0 -9999.0 -9999.0 -9999.0 -9999.0 -9999.0 -9999.0 -9999.0 -9999.0 -9999.0 -9999.0 -9999.0 -9999.0 -9999.0 -9999.0 -9999.0 -9999.0 -9999.0 -9999.0 -9999.0 -9999.0 -9999.0 -9999.0 -9999.0 -9999.0 -9999.0 -9999.0 -9999.0 -9999.0 -9999.0 -9999.0 -9999.0 -9999.0 -9999.0 -9999.0 -9999.0 -9999.0 -9999.0 -9999.0 -9999.0 -9999.0
-9999.0 -9999.0 -9999.0 -9999.0 -9999.0 -9999.0 -9999.0 -9999.0 -9999.0 -9999.0 -9999.0 -9999.0 -9999.0 -9999.0 -9999.0 -9999.0 -9999.0 -9999.0 -9999.0 -9999.0 -9999.0 -9999.0 -9999.0 -9999.0 -9999.0 -9999.0 -9999.0 -9999.0 -9999.0 -9999.0 -9999.0 -9999.0 -9999.0 -9999.0 -9999.0 -9999.0 -9999.0 -9999.0 -9999.0 -9999.0 -9999.0 -9999.0 -9999.0 -9999.0 -9999.0 -9999.0 -9999.0 -9999.0 -9999.0 -9999.0 -9999.0 -9999.0 -9999.0 -9999.0 -9999.0
-9999.0 -9999.0 -9999.0 -9999.0 -9999.0 -9999.0 -9999.0 -9999.0 -9999.0 -9999.0 -9999.0 -9999.0 -9999.0 -9999.0 -9999.0 -9999.0 -9999.0 -9999.0 -9999.0 -9999.0 -9999.0 -9999.0 -9999.0 -9999.0 -9999.0 -9999.0 -9999.0 -9999.0 -9999.0 -9999.0 -9999.0 -9999.0 -9999.0 -9999.0 -9999.0 -9999.0 -9999.0 -9999.0 -9999.0 -9999.0 -9999.0 -9999.0 -9999.0 -9999.0 -9999.0 -9999.0 -9999.0 1702.465813 1685.413380 1670.938140 1668.069885 1690.402100 1714.086868 1738.319503 1759.301672
-9999.0 -9999.0 -9999.0 -9999.0 -9999.0 -9999.0 -9999.0 -9999.0 -9999.0 -9999.0 -9999.0 -9999.0 -9999.0 -9999.0 -9999.0 -9999.0 -9999.0 -9999.0 -9999.0 -9999.0 -9999.0 -9999.0 -9999.0 -9999.0 -9999.0 -9999.0 -9999.0 -9999.0 -9999.0 -9999.0 -9999.0 -9999.0 -9999.0 -9999.0 -9999.0 -9999.0 -9999.0 -9999.0 -9999.0 -9999.0 1750.064467 1756.152662 1757.068999 1747.176285 1736.280293 1723.821964 1703.847041 1686.419311 1672.533589 1670.618128 1673.615524 1678.183966 1700.445514 1725.859193 1746.082727
-9999.0 -9999.0 -9999.0 -9999.0 -9999.0 -9999.0 -9999.0 -9999.0 -9999.0 -9999.0 -9999.0 -9999.0 -9999.0 -9999.0 -9999.0 -9999.0 -9999.0 -9999.0 -9999.0 -9999.0 -9999.0 -9999.0 -9999.0 -9999.0 -9999.0 -9999.0 -9999.0 -9999.0 -9999.0 -9999.0 -9999.0 -9999.0 -9999.0 -9999.0 1656.506642 1673.956811 1692.304647 1711.145127 1728.340522 1735.529606 1741.495183 1747.336270 1743.357399 1739.187225 1728.108153 1708.630155 1689.573259 1676.505845 1675.230939 1673.233841 1677.715199 1690.539370 1707.756929 1723.980085 1745.245640
-9999.0 -9999.0 -9999.0 -9999.0 -9999.0 -9999.0 -9999.0 -9999.0 -9999.0 -9999.0 -9999.0 -9999.0 -9999.0 -9999.0 -9999.0 -9999.0 -9999.0 -9999.0 -9999.0 -9999.0 -9999.0 -9999.0 -9999.0 -9999.0 -9999.0 -9999.0 -9999.0 -9999.0 1659.580854 1653.919592 1649.358941 1648.291730 1647.396570 1646.761651 1653.793247 1665.816800 1683.852449 1706.121942 1719.651594 1727.305444 1734.416991 1735.402965 1730.471216 1729.042219 1729.900648 1718.211335 1706.755977 1696.063989 1685.731531 1684.074492 1693.901278 1708.610012 1725.376092 1740.679020 1756.579797
-9999.0 -9999.0 -9999.0 -9999.0 -9999.0 -9999.0 -9999.0 -9999.0 -9999.0 -9999.0 -9999.0 -9999.0 -9999.0 -9999.0 -9999.0 -9999.0 -9999.0 -9999.0 -9999.0 -9999.0 -9999.0 -9999.0 -9999.0 1628.488535 1634.162567 1641.028634 1648.963741 1650.287622 1646.810151 1641.681326 1639.249789 1638.289840 1636.879311 1641.872645 1649.979154 1663.763182 1679.842217 1702.367725 1711.330563 1717.221858 1729.597887 1733.199809 1740.224032 1744.744334 1743.473444 1740.644664 1727.720817 1718.056231 1722.502987 1728.179197 1735.530708 1744.199710 1758.195423 1773.509507 1790.627295
-9999.0 -9999.0 -9999.0 -9999.0 -9999.0 -9999.0 -9999.0 -9999.0 -9999.0 -9999.0 -9999.0 -9999.0 -9999.0 -9999.0 -9999.0 -9999.0 -9999.0 -9999.0 -9999.0 1602.925681 1604.103908 1605.712493 1610.783149 1611.683972 1614.022338 1621.333321 1629.878461 1632.902996 1631.459935 1630.699181 1632.691318 1635.917595 1640.908922 1652.445634 1666.631395 1681.243264 1695.247149 1716.578370 1731.727510 1745.367480 1761.614269 1761.901575 1758.597527 1757.385049 1758.209411 1758.280979 1760.841749 1762.742484 1769.463363 1773.243243 1779.114566 1788.952155 1801.224042 1819.428527 1839.001042
-9999.0 -9999.0 -9999.0 -9999.0 -9999.0 -9999.0 -9999.0 -9999.0 -9999.0 -9999.0 -9999.0 -9999.0 -9999.0 -9999.0 -9999.0 -9999.0 1573.649403 1575.690483 1578.249780 1583.931874 1587.425889 1591.777456 1599.128585 1600.868639 1604.953523 1612.545294 1617.781713 1627.275841 1635.968360 1643.740398 1650.219796 1653.376887 1661.057747 1671.088611 1683.340954 1698.637116 1720.144983 1743.918821 1760.515501 1777.843287 1795.537254 1796.721047 1796.012994 1797.424637 1797.789193 1802.950024 1819.830275 1825.199739 1824.685118 1839.299463 1853.061396 1858.001689 1866.129857 1886.061947 1909.778264
-9999.0 -9999.0 -9999.0 -9999.0 -9999.0 -9999.0 -9999.0 -9999.0 -9999.0 -9999.0 -9999.0 -9999.0 -9999.0 1525.581830 1529.929403 1540.065584 1550.397303 1553.459976 1558.364696 1565.040463 1577.642397 1581.731204 1588.356120 1596.299432 1608.966870 1618.136119 1627.726627 1640.079305 1648.909921 1656.609765 1663.999577 1669.303720 1682.550363 1697.961503 1713.840788 1734.275110 1756.824317 1777.253351 1797.570562 1814.200957 1827.867477 1828.965322 1828.686836 1831.603639 1838.904184 1855.290316 1873.903396 1880.653472 1896.532194 1919.231435 1932.204385 1943.095984 1951.644782 1965.870136 1987.741047
-9999.0 -9999.0 -9999.0 -9999.0 -9999.0 -9999.0 -9999.0 -9999.0 -9999.0 -9999.0 1493.563479 1495.898764 1492.790186 1492.158740 1497.903313 1510.539349 1524.983218 1531.692466 1543.901821 1565.469225 1584.069949 1587.989690 1602.732874 1613.562586 1620.928243 1631.819837 1645.452796 1658.599529 1675.533070 1688.353181 1699.671042 1718.799333 1735.690644 1752.775750 1771.055264 1792.050156 1811.387559 1839.037018 1866.141191 1878.442500 1899.729541 1908.857452 1906.410390 1906.672049 1916.423212 1931.580173 1951.401847 1972.937803 1994.206425 2019.052544 2034.856343 2049.432917 2060.413399 2072.938177 2089.360785
-9999.0 -9999.0 -9999.0 -9999.0 -9999.0 -9999.0 -9999.0 -9999.0 1468.290148 1476.163200 1482.460452 1479.818603 1475.818678 1471.802300 1486.358683 1502.613022 1519.154040 1537.564005 1554.010548 1572.825044 1588.302509 1604.718266 1625.320823 1637.426383 1649.455215 1665.381005 1679.558019 1696.681411 1718.418888 1730.407071 1746.180172 1767.728410 1786.247631 1804.746657 1824.165715 1842.705523 1868.145758 1901.436737 1933.233858 1954.728095 1982.754061 2004.700990 2003.361009 2005.424656 2009.684896 2035.183207 2064.120793 2094.800884 2118.917524 2145.724158 2175.387109 2194.321981 2205.390538 2218.400886 2234.056641
-9999.0 -9999.0 -9999.0 -9999.0 -9999.0 -9999.0 1440.005639 1464.576545 1480.072537 1472.398424 1461.688288 1458.127245 1454.028129 1480.348163 1503.096381 1521.062394 1538.612557 1556.928370 1574.107781 1586.471565 1619.720076 1638.803826 1653.237556 1670.693954 1686.107770 1701.537537 1719.496121 1743.102568 1764.496801 1792.720920 1816.537344 1839.180708 1865.630214 1885.624669 1904.878408 1922.745712 1953.785338 1991.063794 2027.822114 2056.104482 2083.278630 2115.160821 2121.098677 2126.565844 2132.855283 2155.285848 2188.057239 2218.737558 2252.575270 2284.874065 2312.807641 2325.453176 2336.391507 2348.162374 2362.145174
-9999.0 -9999.0 -9999.0 -9999.0 1406.268002 1427.376907 1447.356070 1478.255043 1501.136678 1496.733420 1503.366010 1503.577203 1501.735016 1506.740270 1514.948064 1533.639753 1553.270063 1573.221323 1590.899329 1624.410461 1670.212021 1685.365917 1708.506623 1740.687188 1754.618082 1770.565444 1787.644344 1810.929327 1836.217778 1868.797425 1910.527578 1946.164206 1971.558264 1994.343108 2015.905158 2037.322325 2072.460149 2110.790735 2148.088663 2182.239084 2212.001917 2238.750058 2250.553960 2258.455483 2270.531485 2287.786768 2310.203257 2338.524926 2371.151398 2403.808199 2428.949572 2441.922610 2449.821069 2460.876012 2471.134830
-9999.0 -9999.0 -9999.0 1355.215794 1394.219836 1432.884356 1459.907278 1491.127447 1523.937142 1527.928635 1537.638778 1541.983280 1546.065515 1554.711571 1562.747667 1580.711222 1598.505961 1616.619029 1639.572135 1676.403995 1710.706272 1737.988330 1769.748772 1794.443221 1814.014888 1830.154770 1849.770122 1873.669182 1913.400111 1949.487655 1999.113723 2052.106967 2088.262909 2112.231516 2135.469205 2163.655677 2189.502704 2227.218585 2262.661807 2296.326413 2328.784883 2353.755055 2372.077351 2379.694892 2390.011574 2398.522819 2414.342038 2436.257854 2458.875387 2488.788894 2518.026592 2545.258339 2560.440467 2571.379001 2588.148401
-9999.0 -9999.0 1307.493930 1345.967698 1379.504716 1429.062815 1482.536972 1517.775935 1558.988561 1582.289858 1589.058549 1605.353381 1620.992133 1627.675030 1642.523601 1659.649399 1679.840358 1688.519093 1707.605759 1734.958519 1782.055289 1825.105802 1840.036991 1888.358298 1921.805837 1951.955740 1971.836271 1999.537748 2036.495405 2076.551153 2124.499462 2174.878832 2212.736680 2243.745782 2261.042232 2281.569849 2304.396476 2330.262021 2365.821859 2394.553405 2427.355147 2454.047576 2475.950884 2481.859205 2486.946079 2503.416411 2529.468241 2557.924157 2584.287262 2609.918833 2608.878009 2624.757079 2632.445190 2637.119053 2643.595954
-9999.0 -9999.0 1279.718054 1325.286993 1364.195084 1428.610081 1510.909637 1548.011617 1591.040863 1637.908829 1656.425232 1681.335232 1689.558217 1694.779107 1718.052988 1739.662395 1755.827733 1764.352293 1763.939291 1819.600183 1877.205101 1921.142740 1957.465162 2027.897361 2076.251393 2096.423436 2111.648626 2133.363338 2157.486636 2199.736289 2245.224135 2298.790952 2342.567437 2373.874670 2390.438525 2409.986196 2430.721784 2448.498635 2468.450781 2510.508387 2541.683541 2569.811283 2598.774565 2619.928550 2628.834070 2633.416901 2619.438940 2632.748183 2642.042466 2646.632160 2648.896173 2646.293180 2646.375737 2647.633971 2648.937338
-9999.0 1189.343359 1241.731334 1294.357469 1362.291012 1428.352755 1509.817725 1589.201989 1649.938808 1699.916281 1729.442491 1737.868669 1765.610768 1804.733632 1830.558022 1856.144173 1861.847955 1870.270079 1859.650247 1910.621169 1957.591732 2025.384609 2132.212320 2190.025686 2241.052811 2243.137581 2238.114198 2249.765643 2272.157879 2316.891514 2387.839397 2438.188849 2495.442707 2539.460561 2556.147139 2564.036269 2582.543009 2603.204383 2580.320626 2609.508899 2623.844412 2635.901473 2641.483133 2644.357987 2646.400516 2647.331859 2644.833827 2639.087962 2631.922674 2626.899089 2623.312599 2619.186196 2621.827334 2625.149525 2625.602583
-9999.0 1153.012745 1211.992321 1282.833127 1353.231993 1415.636659 1513.787119 1664.437162 1721.932464 1760.992428 1780.651588 1791.583413 1865.154605 1931.155193 1964.656779 2011.359007 2005.650119 1996.347419 1978.395478 2010.382361 2057.599760 2131.142547 2281.310570 2367.700473 2404.237986 2416.424931 2423.553471 2451.846695 2491.548555 2532.478141 2570.060472 2562.149864 2596.143658 2613.972597 2619.632313 2622.289068 2627.599005 2628.483305 2627.915249 2625.364648 2621.967408 2623.449653 2628.754640 2629.557149 2627.574786 2625.094844 2620.008939 2612.843408 2607.591307 2603.044938 2600.320915 2597.277856 2595.364120 2594.793179 2589.791610
-9999.0 1120.175404 1192.602280 1254.883476 1314.802794 1423.068793 1551.081370 1690.050800 1785.236323 1823.625958 1835.765023 1896.985415 1999.724092 2100.422206 2154.614864 2181.602690 2180.274950 2154.534754 2153.514916 2199.140807 2266.246247 2366.409710 2472.010875 2556.897392 2573.083501 2579.058194 2553.048531 2571.874591 2589.365347 2594.002939 2597.336100 2603.955985 2610.968473 2615.597770 2615.949295 2614.630779 2611.261128 2604.440102 2600.542125 2598.072714 2595.418312 2595.547827 2598.632199 2600.548423 2598.358867 2594.782254 2590.351398 2584.544417 2577.966535 2570.984046 2566.568334 2562.072393 2559.405420 2553.698332 2548.774825
-9999.0 1013.569840 1104.454055 1155.479882 1258.727562 1437.807404 1566.113392 1714.349999 1867.135343 1902.663824 1970.995746 2097.907101 2208.791346 2286.879378 2326.869399 2369.212914 2399.972370 2424.062398 2461.549948 2399.605537 2463.902656 2534.169052 2566.701648 2583.285238 2590.101468 2593.616964 2587.556359 2570.178359 2561.826262 2557.134514 2560.602599 2569.445663 2576.058416 2582.532324 2581.494750 2583.092314 2584.141608 2581.254539 2577.768631 2569.881491 2562.714817 2557.136059 2555.240659 2560.522073 2555.884248 2552.999866 2546.830004 2538.309919 2528.611023 2520.551613 2512.295103 2505.064008 2501.743633 2495.507069 2493.016219
-9999.0 932.732454 1008.455727 1089.277242 1219.767172 1384.570376 1505.158077 1670.744457 1889.469286 2012.938029 2150.117046 2229.599656 2304.337179 2362.277965 2423.596238 2475.272561 2504.078728 2517.794788 2504.387360 2520.738580 2488.000827 2482.244623 2502.247905 2531.589520 2548.163701 2554.285428 2548.082793 2539.764593 2534.164601 2534.438345 2534.044469 2532.724763 2531.091130 2529.200539 2526.687836 2529.376160 2534.387719 2528.056331 2518.551804 2510.037032 2502.460364 2494.072456 2488.582393 2484.831084 2484.150323 2483.930890 2476.231617 2465.644785 2454.879001 2446.294563 2438.250711 2432.339608 2428.895655 2422.898736 2413.178802
-9999.0 827.825900 952.686019 1041.766989 1155.936262 1291.154815 1411.942087 1573.296444 1717.840142 1945.882684 2100.167909 2233.763275 2280.488359 2344.941806 2403.260419 2475.391643 2480.845196 2454.753090 2422.269329 2409.850527 2419.312604 2430.589332 2443.781027 2463.168548 2482.117600 2493.300231 2497.641538 2491.821655 2479.055917 2469.477594 2461.927490 2451.377846 2443.958639 2442.644011 2444.654111 2452.771951 2454.443982 2445.414233 2432.378755 2415.683491 2401.226201 2390.323808 2387.725496 2389.453008 2389.671863 2385.738027 2379.023474 2368.191557 2355.428652 2343.103326 2335.730862 2329.975932 2322.088619 2310.688805 2297.934460
-9999.0 -9999.0 874.365587 984.901456 1089.147031 1209.116910 1317.615816 1454.560835 1603.112020 1782.674608 1901.342952 2047.843002 2129.142574 2176.778365 2223.994998 2281.666282 2305.502645 2331.455546 2321.270368 2330.240986 2339.740400 2347.073516 2356.643770 2367.556475 2381.029865 2391.978653 2401.380837 2399.859322 2391.545147 2373.869820 2352.256072 2335.581721 2326.372503 2318.755163 2328.836066 2340.368648 2336.484819 2329.711657 2317.552200 2301.425362 2288.524213 2274.665315 2270.916226 2270.921959 2270.934208 2267.948928 2263.768347 2250.729974 2237.704154 2226.081302 2220.498799 2213.876327 2208.320895 2197.091993 2185.093745
-9999.0 -9999.0 788.857538 896.469207 1007.727186 1129.888194 1226.131237 1284.143575 1432.693110 1546.238724 1652.691991 1756.047272 1844.035042 1910.424385 1952.519142 2015.468810 2063.018870 2081.864222 2110.234113 2149.206348 2179.006394 2211.492805 2232.346918 2245.113613 2259.548176 2273.992424 2282.946915 2270.834868 2260.370002 2244.101534 2222.528914 2198.558716 2186.159056 2183.505369 2184.512926 2188.218962 2181.773817 2172.410047 2158.175143 2143.321313 2130.686676 2120.155999 2116.111308 2111.820375 2109.906858 2106.770618 2103.713585 2095.841078 2085.265718 2078.248647 2069.527355 2063.741112 2060.793008 2054.685544 2046.072113
