tests/Borden05m/sims/sim_1/output-maps/psiliqL0030N0012.asc
ncols         160
nrows         34
xllcorner     620200.000000
yllcorner     5168000.000000
cellsize      0.500000
NODATA_value  -9999.0
[rows 0 to 24 of 34, columns 0 to 54 of 160]
-9999.0 -9999.0 -9999.0 -9999.0 -9999.0 -9999.0 -9999.0 -9999.0 -9999.0 -9999.0 -9999.0 -9999.0 -9999.0 -9999.0 -9999.0 -9999.0 -9999.0 -9999.0 -9999.0 -9999.0 -9999.0 -9999.0 -9999.0 -9999.0 -9999.0 -9999.0 -9999.0 -9999.0 -9999.0 -9999.0 -9999.0 -9999.0 -9999.0 -9999.0 -9999.0 -9999.0 -9999.0 -9999.0 -9999.0 -9999.0 -9999.0 -9999.0 -9999.0 -9999.0 -9999.0 -9999.0 -9999.0 -9999.0 -9999.0 -9999.0 -9999.0 -9999.0 -9999.0 -9999.0 -9999.0
-9999.0 -9999.0 -9999.0 -9999.0 -9999.0 -9999.0 -9999.0 -9999.0 -9999.0 -9999.0 -9999.0 -9999.0 -9999.0 -9999.0 -9999.0 -9999.0 -9999.0 -9999.0 -9999.0 -9999.0 -9999.0 -9999.0 -9999.0 -9999.0 -9999.0 -9999.0 -9999.0 -9999.0 -9999.0 -9999.0 -9999.0 -9999.0 -9999.0 -9999.0 -9999.0 -9999.0 -9999.0 -9999.0 -9999.0 -9999.0 -9999.0 -9999.0 -9999.0 -9999.0 -9999.0 -9999.0 -9999.0 -9999.0 -9999.0 -9999.0 -9999.0 -9999.0 -9999.0 -9999.0 -9999.0
-9999.0 -9999.0 -9999.0 -9999.0 -9999.0 -9999.0 -9999.0 -9999.0 -9999.0 -9999.0 -9999.0 -9999.0 -9999.0 -9999.0 -9999.0 -9999.0 -9999.0 -9999.0 -9999.0 -9999.0 -9999.0 -9999.0 -9999.0 -9999.0 -9999.0 -9999.0 -9999.0 -9999.0 -9999.0 -9999.0 -9999.0 -9999.0 -9999.0 -9999.0 -9999.0 -9999.0 -9999.0 -9999.0 -9999.0 -9999.0 -9999.0 -9999.0 -9999.0 -9999.0 -9999.0 -9999.0 -9999.0 4072.143925 4055.002208 4042.320060 4036.715379 4057.135466 4079.979621 4103.687313 4124.083623
-9999.0 -9999.0 -9999.0 -9999.0 -9999.0 -9999.0 -9999.0 -9999.0 -9999.0 -9999.0 -9999.0 -9999.0 -9999.0 -9999.0 -9999.0 -9999.0 -9999.0 -9999.0 -9999.0 -9999.0 -9999.0 -9999.0 -9999.0 -9999.0 -9999.0 -9999.0 -9999.0 -9999.0 -9999.0 -9999.0 -9999.0 -9999.0 -9999.0 -9999.0 -9999.0 -9999.0 -9999.0 -9999.0 -9999.0 -9999.0 4123.990349 4129.842382 4128.999970 4119.243957 4107.740561 4093.383463 4072.437090 4055.383933 4042.845882 4041.032121 4043.247504 4044.904611 4064.719009 4090.241977 4110.104588
-9999.0 -9999.0 -9999.0 -9999.0 -9999.0 -9999.0 -9999.0 -9999.0 -9999.0 -9999.0 -9999.0 -9999.0 -9999.0 -9999.0 -9999.0 -9999.0 -9999.0 -9999.0 -9999.0 -9999.0 -9999.0 -9999.0 -9999.0 -9999.0 -9999.0 -9999.0 -9999.0 -9999.0 -9999.0 -9999.0 -9999.0 -9999.0 -9999.0 -9999.0 4031.842912 4048.480393 4066.203933 4084.684038 4101.622271 4108.689475 4114.431598 4119.518440 4114.524430 4109.994270 4097.951799 4076.017884 4056.600379 4044.040260 4043.333847 4040.747616 4043.812397 4054.630726 4070.957456 4085.306557 4105.468763
-9999.0 -9999.0 -9999.0 -9999.0 -9999.0 -9999.0 -9999.0 -9999.0 -9999.0 -9999.0 -9999.0 -9999.0 -9999.0 -9999.0 -9999.0 -9999.0 -9999.0 -9999.0 -9999.0 -9999.0 -9999.0 -9999.0 -9999.0 -9999.0 -9999.0 -9999.0 -9999.0 -9999.0 4038.510672 4032.433568 4027.530791 4025.723208 4024.009235 4022.922630 4029.339867 4039.915627 4056.380147 4078.414313 4091.636455 4098.741445 4105.540136 4105.526659 4099.057887 4097.164453 4097.414906 4084.140793 4071.326958 4059.313979 4047.504944 4043.494408 4051.835344 4065.827952 4081.750410 4095.926886 4110.824738
-9999.0 -9999.0 -9999.0 -9999.0 -9999.0 -9999.0 -9999.0 -9999.0 -9999.0 -9999.0 -9999.0 -9999.0 -9999.0 -9999.0 -9999.0 -9999.0 -9999.0 -9999.0 -9999.0 -9999.0 -9999.0 -9999.0 -9999.0 4008.927542 4013.398749 4019.738459 4027.283120 4028.060314 4024.853018 4019.347173 4016.554926 4014.890800 4012.117379 4016.378633 4022.664817 4035.035013 4049.724606 4071.824857 4079.591746 4082.850950 4093.515768 4097.201135 4105.399935 4108.826442 4106.446975 4101.503599 4085.315151 4072.498474 4073.192614 4076.099391 4082.542048 4090.589145 4103.701136 4116.429847 4130.583371
-9999.0 -9999.0 -9999.0 -9999.0 -9999.0 -9999.0 -9999.0 -9999.0 -9999.0 -9999.0 -9999.0 -9999.0 -9999.0 -9999.0 -9999.0 -9999.0 -9999.0 -9999.0 -9999.0 3984.747127 3985.763701 3987.259495 3992.031852 3992.101200 3993.523109 3999.947182 4007.608273 4010.401204 4007.685837 4006.522049 4007.368434 4009.453587 4013.548956 4023.142704 4035.763085 4048.935103 4060.664758 4080.540912 4094.080498 4105.195865 4119.459523 4119.697058 4115.651704 4113.450701 4112.554000 4109.668709 4105.451517 4102.618157 4108.178696 4106.863956 4108.784156 4117.278940 4128.879887 4144.198399 4160.352982
-9999.0 -9999.0 -9999.0 -9999.0 -9999.0 -9999.0 -9999.0 -9999.0 -9999.0 -9999.0 -9999.0 -9999.0 -9999.0 -9999.0 -9999.0 -9999.0 3955.662369 3957.286765 3959.573102 3964.983841 3968.809948 3972.510905 3979.234752 3980.536901 3983.398501 3989.943725 3993.667210 4002.534005 4010.380229 4016.622716 4021.578018 4022.975363 4028.122104 4036.067164 4046.159830 4058.351807 4076.731397 4099.322452 4113.721684 4129.303292 4145.572396 4145.190669 4142.365467 4141.450522 4138.478200 4137.331017 4149.811611 4151.354583 4143.189519 4149.839883 4160.129363 4161.506288 4167.557740 4186.938455 4208.092649
-9999.0 -9999.0 -9999.0 -9999.0 -9999.0 -9999.0 -9999.0 -9999.0 -9999.0 -9999.0 -9999.0 -9999.0 -9999.0 3905.242291 3908.975146 3919.233595 3931.344113 3934.348109 3939.280341 3945.924647 3957.645346 3960.831107 3966.188027 3972.604247 3984.834650 3992.643948 4000.349663 4010.997703 4017.731000 4023.373147 4028.270126 4028.930823 4038.466466 4050.677668 4063.197884 4080.585747 4101.183986 4117.676872 4133.891621 4149.355039 4159.279565 4154.169900 4152.542497 4153.728210 4156.566497 4167.294489 4182.234008 4179.083372 4185.185363 4204.131640 4212.649541 4217.952743 4222.730435 4236.338139 4257.687310
-9999.0 -9999.0 -9999.0 -9999.0 -9999.0 -9999.0 -9999.0 -9999.0 -9999.0 -9999.0 3880.868181 3881.829616 3877.679536 3873.731495 3879.441425 3891.525023 3906.023537 3910.760104 3922.471985 3943.509500 3961.973071 3964.166269 3976.346893 3985.683054 3991.300836 3999.544489 4010.806661 4021.011875 4034.232689 4043.885605 4050.006907 4063.538379 4077.321530 4091.595232 4106.936436 4125.810045 4139.338250 4160.208838 4183.221960 4189.492285 4203.735585 4203.159269 4197.955009 4194.815244 4203.438443 4212.242696 4224.173172 4236.624536 4253.362848 4273.534904 4281.057261 4293.033064 4301.207442 4310.686423 4325.737859
-9999.0 -9999.0 -9999.0 -9999.0 -9999.0 -9999.0 -9999.0 -9999.0 3856.463755 3864.613234 3869.344467 3865.505071 3860.500712 3853.388596 3867.848120 3882.511559 3897.588511 3915.483429 3930.115835 3947.584299 3960.054614 3973.178175 3992.228900 4001.288177 4009.996088 4023.267892 4034.350002 4046.654817 4065.065604 4069.677344 4077.325078 4094.457589 4107.633747 4122.564767 4139.036754 4153.598638 4170.784432 4198.853070 4225.879240 4239.309073 4263.970477 4278.729862 4271.202266 4267.869716 4267.900911 4289.594584 4314.265674 4342.292880 4358.828721 4380.671932 4408.206337 4427.362455 4436.378206 4447.270615 4460.968265
-9999.0 -9999.0 -9999.0 -9999.0 -9999.0 -9999.0 3827.762104 3851.895715 3866.718099 3857.337519 3841.118828 3834.810746 3827.238792 3859.955320 3881.733264 3898.258547 3913.940056 3930.419405 3945.448565 3951.239334 3978.321722 3996.986256 4006.671052 4017.006263 4029.945007 4042.809050 4057.122916 4076.288525 4091.057099 4109.274223 4121.160542 4134.140244 4155.846920 4171.405330 4186.813699 4198.290712 4224.092404 4257.436424 4290.966389 4313.808481 4337.238718 4368.757521 4366.495255 4367.375537 4367.645962 4392.167227 4426.524285 4456.114145 4487.408966 4517.599512 4546.451039 4556.847003 4565.739228 4575.571120 4588.176901
-9999.0 -9999.0 -9999.0 -9999.0 3796.298860 3816.759680 3834.433903 3863.705361 3884.840281 3879.194077 3882.070871 3878.597754 3872.504436 3877.068657 3884.673706 3900.567930 3918.739333 3937.304925 3949.303033 3972.827574 4019.280338 4027.743157 4041.426737 4068.814985 4077.759533 4090.121491 4104.276099 4122.893309 4138.053823 4162.636228 4193.424638 4219.622568 4239.238601 4257.048056 4275.225687 4290.548577 4325.699069 4362.372655 4397.664329 4428.516365 4454.779234 4481.029503 4486.444350 4490.949982 4500.799533 4518.306502 4541.568152 4569.452356 4603.927070 4636.326109 4659.464808 4667.723632 4672.617986 4682.214613 4689.377407
-9999.0 -9999.0 -9999.0 3740.749471 3779.701918 3819.505525 3844.066129 3873.342950 3904.977118 3902.558245 3910.303606 3907.696283 3903.928455 3907.413768 3907.955602 3923.112827 3940.640701 3960.469081 3980.570004 4012.137450 4038.623268 4051.992168 4077.622305 4089.827101 4099.832658 4111.038080 4128.775627 4147.077699 4181.921593 4209.294350 4253.950188 4303.789530 4334.854358 4353.289169 4376.045449 4403.941086 4429.543349 4469.312012 4503.525192 4535.772364 4566.081883 4588.055949 4601.671246 4606.029528 4616.063945 4621.540035 4633.579293 4654.742085 4677.481996 4708.880085 4738.623361 4768.769969 4784.608936 4796.203538 4813.835945
-9999.0 -9999.0 3691.983359 3731.904386 3761.993949 3807.043337 3859.472920 3894.096046 3932.233249 3948.768019 3950.046432 3957.835522 3965.889733 3964.231723 3970.174910 3980.673112 4003.227738 4012.116414 4032.872567 4043.750488 4076.873451 4107.116139 4095.754122 4130.258788 4159.256666 4193.052919 4215.258169 4241.895330 4280.411867 4312.596931 4356.342839 4406.747352 4440.605588 4468.308830 4484.698486 4505.760789 4526.187419 4553.695241 4591.612820 4617.079788 4651.676713 4677.410174 4696.936015 4696.692158 4699.259698 4715.829327 4745.389218 4777.716592 4807.977941 4838.507754 4818.607320 4845.157493 4857.044352 4863.676323 4874.104131
-9999.0 -9999.0 3660.415442 3707.323772 3739.579154 3794.241180 3882.336128 3914.940652 3953.268505 3997.939699 4009.544845 4029.395159 4017.221864 3999.427480 4014.933654 4026.384093 4049.002899 4056.620262 4049.101847 4100.233385 4151.226014 4168.477960 4163.797404 4243.642616 4298.185758 4324.981993 4343.324736 4364.052663 4383.186079 4421.012613 4458.848238 4514.514511 4556.013525 4586.356118 4601.224270 4622.374367 4642.411943 4657.517283 4677.777433 4726.887539 4764.888451 4797.355497 4830.896597 4852.879882 4861.338171 4867.051343 4837.842775 4860.076456 4875.154404 4881.657429 4884.303811 4880.424715 4879.909050 4880.789997 4881.709747
-9999.0 3565.363522 3617.894967 3667.203464 3729.617650 3788.388583 3859.850522 3932.501917 4001.076003 4054.233668 4077.944124 4065.002903 4053.697557 4073.605863 4090.999746 4104.458794 4110.839218 4122.786800 4101.688814 4156.905427 4190.547174 4233.388460 4330.723402 4390.386486 4459.470793 4454.613228 4441.892983 4445.553598 4460.224300 4508.243111 4591.233256 4650.664501 4720.629967 4772.697374 4791.028072 4799.349514 4818.989099 4840.623954 4778.881493 4828.159249 4850.999489 4870.057883 4881.480410 4884.107261 4885.574373 4885.301174 4881.502635 4874.293012 4865.976666 4860.024447 4855.718586 4851.215200 4853.661740 4857.008043 4856.994144
-9999.0 3525.793048 3582.305075 3649.307742 3715.033359 3754.427673 3829.345064 4002.537092 4067.437227 4105.308623 4105.334726 4066.611285 4118.549028 4176.922373 4198.917203 4244.921441 4227.031626 4211.335124 4168.012109 4191.899547 4228.409661 4299.553767 4480.171216 4571.267000 4631.099425 4639.027413 4638.799251 4668.333495 4715.402671 4766.807044 4817.065525 4777.614428 4834.349361 4862.453014 4868.325762 4869.147819 4875.453464 4873.759022 4872.630749 4868.031927 4862.758544 4862.947928 4867.785163 4867.655243 4864.617321 4861.104018 4855.317816 4847.900621 4842.778753 4838.133706 4835.497138 4832.699342 4830.599557 4829.579428 4824.468210
-9999.0 3481.231727 3557.192870 3613.199130 3652.007406 3734.234285 3865.192399 4011.780798 4109.137539 4142.009098 4104.988334 4129.807513 4234.279024 4344.901834 4398.595900 4419.443792 4394.828185 4338.952218 4312.745004 4357.182387 4430.747282 4560.580584 4715.266787 4822.901936 4839.717240 4843.633823 4788.093034 4817.977676 4845.676950 4848.963941 4850.264550 4859.831774 4865.035443 4868.151669 4866.525818 4863.617581 4858.736504 4850.420695 4845.651197 4841.838004 4837.973239 4836.603678 4838.438959 4840.509632 4837.586711 4833.640767 4829.145190 4823.572846 4817.169346 4810.308873 4805.822282 4801.425022 4799.223258 4793.346444 4789.957897
-9999.0 3348.385324 3447.682535 3482.324311 3540.905909 3734.264316 3863.965735 4000.497768 4172.217204 4186.903277 4223.240552 4370.269157 4495.686632 4579.937799 4606.751817 4639.116178 4663.751123 4678.723118 4717.477044 4574.974619 4664.483784 4776.219673 4828.328987 4850.925474 4863.895221 4864.327233 4853.976558 4832.691933 4821.847279 4815.078728 4816.695293 4824.043332 4828.524928 4833.153857 4830.797793 4832.052333 4833.521238 4830.387205 4826.259686 4817.324658 4809.359257 4802.330704 4798.585637 4803.119698 4798.501806 4796.341288 4789.983615 4781.285234 4772.104023 4764.681617 4756.479907 4749.813983 4747.613854 4742.608275 4741.351177
-9999.0 3267.187498 3337.751624 3385.367859 3484.676477 3647.469858 3729.478689 3883.511652 4136.166078 4280.076911 4458.619701 4557.595737 4629.176159 4667.182005 4715.707834 4771.367889 4800.632922 4814.270935 4778.133189 4805.229366 4759.899251 4748.415034 4766.874427 4797.676619 4816.553271 4820.927291 4813.332024 4804.628098 4797.323738 4796.201041 4793.765520 4788.890598 4784.010362 4779.973175 4776.834813 4780.161525 4785.757731 4778.276894 4767.376830 4757.434156 4748.488304 4738.903562 4732.751271 4727.636141 4728.439387 4728.789329 4720.961248 4710.246373 4699.102530 4690.590489 4683.352776 4679.013568 4676.106168 4670.911292 4660.444371
-9999.0 3138.406017 3275.100117 3343.698836 3426.156378 3550.542560 3644.712939 3790.970251 3913.751938 4167.893544 4304.976887 4528.005144 4582.524321 4658.136231 4703.740826 4781.053056 4775.094304 4744.027949 4698.307865 4682.620339 4696.595025 4706.363086 4713.988418 4727.696835 4746.027464 4756.698058 4762.839154 4757.363936 4742.992893 4729.591151 4717.139119 4702.246630 4692.111159 4689.218587 4694.305493 4705.246253 4705.232467 4695.794222 4681.189128 4662.125540 4645.888838 4633.589813 4631.795323 4634.962369 4636.317401 4631.959250 4626.288350 4615.213921 4602.331969 4589.428068 4584.034440 4579.791036 4571.932229 4559.979195 4547.485451
-9999.0 -9999.0 3184.417773 3290.976155 3376.934865 3481.229525 3558.203873 3664.718338 3800.216925 3968.120330 4085.252542 4283.916443 4388.513996 4433.937653 4464.686544 4522.706135 4551.642370 4588.193895 4587.048047 4602.216105 4614.195738 4620.298722 4625.103209 4629.801757 4640.056772 4650.264895 4661.599439 4658.731720 4650.049009 4628.445198 4600.984703 4579.524051 4568.454469 4558.425430 4571.462965 4584.423796 4578.059759 4570.986225 4557.987946 4541.440599 4528.855679 4514.293039 4510.839698 4510.557859 4511.230758 4508.981375 4506.910257 4494.340985 4482.004992 4472.462098 4468.659534 4462.942001 4459.665033 4449.844588 4439.174649
-9999.0 -9999.0 3094.019096 3194.911519 3290.414503 3403.077720 3478.374085 3466.929824 3595.422855 3693.443716 3802.540979 3919.215745 4022.266849 4094.232317 4124.953875 4189.196323 4251.801059 4272.262683 4320.253102 4383.203379 4421.324335 4465.521819 4490.976086 4500.169078 4512.832177 4528.107652 4535.486254 4519.225905 4507.839961 4490.492533 4466.197802 4438.199665 4424.072465 4424.531374 4422.528603 4422.906354 4414.592136 4405.697828 4391.016445 4377.435540 4365.324418 4357.031654 4353.501537 4347.135714 4344.440016 4341.640260 4340.239392 4335.807273 4328.230885 4324.364920 4315.940153 4312.659912 4312.299044 4310.065567 4305.027710
