tests/Borden05m/sims/sim_1/output-maps/psiliqL0028N0012.asc
ncols         160
nrows         34
xllcorner     620200.000000
yllcorner     5168000.000000
cellsize      0.500000
NODATA_value  -9999.0
[rows 0 to 24 of 34, columns 0 to 54 of 160]
-9999.0 -9999.0 -9999.0 -9999.0 -9999.0 -9999.0 -9999.0 -9999.0 -9999.0 -9999.0 -9999.0 -9999.0 -9999.0 -9999.0 -9999.0 -9999.0 -9999.0 -9999.0 -9999.0 -9999.0 -9999.0 -9999.0 -9999.0 -9999.0 -9999.0 -9999.0 -9999.0 -9999.0 -9999.0 -9999.0 -9999.0 -9999.0 -9999.0 -9999.0 -9999.0 -9999.0 -9999.0 -9999.0 -9999.0 -9999.0 -9999.0 -9999.0 -9999.0 -9999.0 -9999.0 -9999.0 -9999.0 -9999.0 -9999.0 -9999.0 -9999.0 -9999.0 -9999.0 -9999.0 -9999.0
-9999.0 -9999.0 -9999.0 -9999.0 -9999.0 -9999.0 -9999.0 -9999.0 -9999.0 -9999.0 -9999.0 -9999.0 -9999.0 -9999.0 -9999.0 -9999.0 -9999.0 -9999.0 -9999.0 -9999.0 -9999.0 -9999.0 -9999.0 -9999.0 -9999.0 -9999.0 -9999.0 -9999.0 -9999.0 -9999.0 -9999.0 -9999.0 -9999.0 -9999.0 -9999.0 -9999.0 -9999.0 -9999.0 -9999.0 -9999.0 -9999.0 -9999.0 -9999.0 -9999.0 -9999.0 -9999.0 -9999.0 -9999.0 -9999.0 -9999.0 -9999.0 -9999.0 -9999.0 -9999.0 -9999.0
-9999.0 -9999.0 -9999.0 -9999.0 -9999.0 -9999.0 -9999.0 -9999.0 -9999.0 -9999.0 -9999.0 -9999.0 -9999.0 -9999.0 -9999.0 -9999.0 -9999.0 -9999.0 -9999.0 -9999.0 -9999.0 -9999.0 -9999.0 -9999.0 -9999.0 -9999.0 -9999.0 -9999.0 -9999.0 -9999.0 -9999.0 -9999.0 -9999.0 -9999.0 -9999.0 -9999.0 -9999.0 -9999.0 -9999.0 -9999.0 -9999.0 -9999.0 -9999.0 -9999.0 -9999.0 -9999.0 -9999.0 3672.641011 3655.463364 3642.394718 3637.132368 3657.739117 3680.579813 3704.226524 3724.573712
-9999.0 -9999.0 -9999.0 -9999.0 -9999.0 -9999.0 -9999.0 -9999.0 -9999.0 -9999.0 -9999.0 -9999.0 -9999.0 -9999.0 -9999.0 -9999.0 -9999.0 -9999.0 -9999.0 -9999.0 -9999.0 -9999.0 -9999.0 -9999.0 -9999.0 -9999.0 -9999.0 -9999.0 -9999.0 -9999.0 -9999.0 -9999.0 -9999.0 -9999.0 -9999.0 -9999.0 -9999.0 -9999.0 -9999.0 -9999.0 3724.089278 3729.927040 3729.295010 3719.419483 3707.917921 3693.786476 3672.935516 3655.808874 3642.978130 3641.044668 3643.263553 3645.262073 3665.329468 3690.674162 3710.437749
-9999.0 -9999.0 -9999.0 -9999.0 -9999.0 -9999.0 -9999.0 -9999.0 -9999.0 -9999.0 -9999.0 -9999.0 -9999.0 -9999.0 -9999.0 -9999.0 -9999.0 -9999.0 -9999.0 -9999.0 -9999.0 -9999.0 -9999.0 -9999.0 -9999.0 -9999.0 -9999.0 -9999.0 -9999.0 -9999.0 -9999.0 -9999.0 -9999.0 -9999.0 3632.103978 3648.805195 3666.525319 3684.943455 3701.804967 3708.794757 3714.530445 3719.662232 3714.735213 3710.151742 3698.153385 3676.516247 3657.056202 3644.319620 3643.406656 3640.784851 3643.933177 3654.918700 3671.216671 3685.695263 3705.858086
-9999.0 -9999.0 -9999.0 -9999.0 -9999.0 -9999.0 -9999.0 -9999.0 -9999.0 -9999.0 -9999.0 -9999.0 -9999.0 -9999.0 -9999.0 -9999.0 -9999.0 -9999.0 -9999.0 -9999.0 -9999.0 -9999.0 -9999.0 -9999.0 -9999.0 -9999.0 -9999.0 -9999.0 3638.680138 3632.600459 3627.645344 3625.832876 3624.122364 3622.989999 3629.429417 3640.136491 3656.730861 3678.661174 3691.791383 3698.854426 3705.586556 3705.612569 3699.262919 3697.303100 3697.508034 3684.351111 3671.617581 3659.676996 3647.954953 3644.162504 3652.562195 3666.473049 3682.325513 3696.472463 3711.317943
-9999.0 -9999.0 -9999.0 -9999.0 -9999.0 -9999.0 -9999.0 -9999.0 -9999.0 -9999.0 -9999.0 -9999.0 -9999.0 -9999.0 -9999.0 -9999.0 -9999.0 -9999.0 -9999.0 -9999.0 -9999.0 -9999.0 -9999.0 3609.218031 3613.821679 3620.146514 3627.639052 3628.393721 3625.057595 3619.504373 3616.638577 3614.942627 3612.240075 3616.468291 3622.909290 3635.355555 3650.104794 3672.096012 3679.880399 3683.399286 3694.174318 3697.668685 3705.490336 3708.913977 3706.531342 3701.749801 3685.911047 3673.418832 3674.526774 3677.672244 3684.032344 3691.938512 3704.942902 3717.837990 3732.214772
-9999.0 -9999.0 -9999.0 -9999.0 -9999.0 -9999.0 -9999.0 -9999.0 -9999.0 -9999.0 -9999.0 -9999.0 -9999.0 -9999.0 -9999.0 -9999.0 -9999.0 -9999.0 -9999.0 3585.042409 3586.021611 3587.443234 3592.166776 3592.296497 3593.766107 3600.210259 3607.877544 3610.563570 3607.916088 3606.662405 3607.527120 3609.616586 3613.666050 3623.382642 3636.058685 3649.257219 3661.143775 3681.033576 3694.609277 3705.912467 3720.274677 3720.288888 3716.134160 3713.862647 3713.014331 3710.378869 3707.040681 3704.737012 3710.223015 3709.480424 3711.771598 3720.190722 3731.590809 3747.064735 3763.452683
-9999.0 -9999.0 -9999.0 -9999.0 -9999.0 -9999.0 -9999.0 -9999.0 -9999.0 -9999.0 -9999.0 -9999.0 -9999.0 -9999.0 -9999.0 -9999.0 3556.085015 3557.709908 3559.949551 3565.324158 3568.991435 3572.679068 3579.375970 3580.613485 3583.526583 3590.077669 3593.872265 3602.653818 3610.443884 3616.732457 3621.719501 3623.175104 3628.497797 3636.534235 3646.721608 3659.156580 3677.774643 3700.273076 3714.744522 3730.320530 3746.531684 3746.117941 3743.352771 3742.530768 3739.815120 3739.411231 3752.308265 3754.167091 3746.949894 3754.589258 3765.109386 3766.719491 3772.732860 3791.813123 3812.996002
-9999.0 -9999.0 -9999.0 -9999.0 -9999.0 -9999.0 -9999.0 -9999.0 -9999.0 -9999.0 -9999.0 -9999.0 -9999.0 3506.295365 3510.046877 3520.171427 3531.878058 3534.773596 3539.570053 3546.081573 3557.796838 3560.965787 3566.353631 3572.831229 3584.924689 3592.739458 3600.526314 3611.214511 3618.042464 3623.759740 3628.790308 3629.929385 3639.774398 3652.196510 3664.941816 3682.491423 3703.059226 3719.843664 3736.370193 3751.655318 3761.836761 3757.402377 3755.642237 3756.756136 3759.967112 3771.248682 3786.411762 3784.524703 3791.866536 3811.044490 3819.906865 3825.732171 3830.712384 3843.988510 3864.983235
-9999.0 -9999.0 -9999.0 -9999.0 -9999.0 -9999.0 -9999.0 -9999.0 -9999.0 -9999.0 3480.969172 3482.066241 3477.957058 3474.423882 3479.997450 3492.018144 3506.345904 3511.239737 3522.851216 3543.781608 3562.057571 3564.311825 3576.675862 3585.999210 3591.635840 3600.036850 3611.398478 3621.786045 3635.304060 3645.148130 3651.782286 3665.876793 3679.793830 3694.136265 3709.551895 3728.349156 3742.401423 3763.943349 3787.165365 3793.978402 3808.946948 3809.556224 3804.389163 3801.395259 3809.778202 3819.201720 3832.005106 3845.530087 3862.586956 3883.101607 3891.573582 3903.555200 3911.753552 3921.282806 3936.091777
-9999.0 -9999.0 -9999.0 -9999.0 -9999.0 -9999.0 -9999.0 -9999.0 3456.642581 3464.646289 3469.499095 3465.706819 3460.695891 3453.911919 3468.188874 3482.907115 3498.007227 3515.755253 3530.443330 3547.872843 3560.561994 3573.932416 3592.917974 3602.149692 3611.064826 3624.421990 3635.651397 3648.377036 3666.943841 3672.368795 3680.934374 3698.347486 3711.941205 3726.978823 3743.437336 3758.138687 3776.152756 3804.542278 3831.811083 3846.045635 3870.749291 3886.205975 3879.227210 3876.323098 3876.593409 3898.449153 3923.360944 3951.358558 3968.659417 3990.860014 4018.305451 4037.000692 4045.921097 4056.716847 4070.283693
-9999.0 -9999.0 -9999.0 -9999.0 -9999.0 -9999.0 3428.268683 3452.371516 3467.153031 3457.891821 3442.401018 3436.339217 3429.113475 3460.513614 3482.188387 3498.675828 3514.377828 3530.857442 3545.920584 3552.459486 3580.194118 3598.536646 3608.604516 3619.706396 3632.627992 3645.480762 3659.951205 3679.390116 3694.776069 3714.147137 3727.487097 3741.521724 3763.438567 3779.153955 3794.611871 3806.550295 3832.608323 3865.992024 3899.450617 3922.610195 3946.094523 3977.092625 3975.658760 3976.801766 3977.596089 4001.303915 4034.938854 4064.258136 4095.504731 4125.590926 4153.847042 4164.135860 4172.929880 4182.662798 4195.084601
-9999.0 -9999.0 -9999.0 -9999.0 3396.678498 3417.158908 3435.072113 3464.451785 3485.680576 3480.015419 3483.262066 3480.119598 3474.426751 3478.735991 3486.096192 3502.096244 3520.135264 3538.537536 3551.062838 3575.799154 3621.667984 3630.752563 3645.502552 3673.170162 3682.422613 3694.853465 3708.957534 3727.795359 3744.056216 3769.348729 3801.322343 3828.445933 3848.372844 3866.357246 3884.442512 3900.122827 3934.607397 3970.878336 4005.861638 4036.658608 4062.930667 4088.696214 4094.642436 4099.219782 4108.976826 4125.999334 4148.679667 4176.144722 4209.862979 4241.887197 4264.967183 4273.634723 4278.654225 4288.129545 4295.459962
-9999.0 -9999.0 -9999.0 3341.984772 3380.855342 3420.344316 3445.142602 3474.529629 3506.102464 3504.453119 3512.187318 3510.364349 3507.499289 3511.415048 3512.758621 3527.921875 3545.017305 3564.061690 3584.106151 3615.992801 3643.196608 3658.276998 3684.307931 3697.967259 3708.941019 3720.348400 3737.775565 3756.366899 3791.341907 3819.469714 3864.249019 3913.905662 3945.114431 3963.748852 3985.890521 4013.161396 4038.150152 4076.929894 4110.727133 4142.612965 4172.651932 4194.565284 4208.458592 4212.900945 4222.560898 4228.148656 4240.438949 4261.354473 4283.700665 4314.490270 4343.787801 4372.982526 4388.368230 4399.562470 4416.790768
-9999.0 -9999.0 3293.467488 3333.084642 3363.641170 3409.271700 3461.658723 3496.111572 3534.428812 3551.700655 3553.450842 3562.166481 3570.951987 3570.127513 3576.980286 3587.997890 3609.562379 3617.804913 3637.643635 3650.596240 3685.338591 3716.985017 3709.267092 3745.314611 3774.319699 3806.799399 3827.925008 3854.043963 3891.590563 3924.361909 3968.057130 4017.734232 4051.561228 4079.127742 4095.004486 4115.336411 4135.529587 4162.089340 4199.019661 4224.491565 4258.276182 4283.679970 4303.152795 4303.529643 4306.150703 4322.361933 4350.997115 4382.240780 4411.522419 4440.949499 4423.919689 4448.412590 4459.367146 4465.478963 4475.088903
-9999.0 -9999.0 3262.530869 3309.142627 3342.373131 3398.450934 3485.309983 3518.319833 3557.006407 3601.537558 3613.721113 3633.782402 3624.331684 3609.667080 3625.744561 3638.161276 3658.979425 3666.016637 3658.931845 3710.025605 3761.284414 3782.134623 3783.437639 3860.883224 3913.594742 3938.527750 3955.594960 3975.773247 3995.046003 4032.922208 4071.328385 4125.940040 4167.083061 4196.944664 4211.485902 4231.788931 4251.384345 4266.384159 4286.090574 4333.544993 4369.838374 4401.140167 4433.541575 4455.056356 4463.299101 4468.564182 4441.646481 4462.136345 4476.031708 4482.024692 4484.433708 4480.608655 4480.062845 4480.909999 4481.832898
-9999.0 3168.453708 3220.778591 3270.534006 3333.703139 3393.437516 3466.235866 3539.579812 3606.313347 3658.306432 3682.264719 3672.093025 3666.446175 3688.673066 3706.581194 3721.179166 3726.586269 3737.098778 3716.897122 3770.519949 3805.474478 3851.543904 3949.509799 4007.993036 4073.249561 4068.788671 4056.633143 4060.954099 4076.273368 4123.112677 4203.384369 4260.645318 4327.847231 4377.852093 4395.349008 4403.113473 4422.119364 4443.175016 4387.520599 4433.085591 4454.134439 4471.698057 4481.861557 4484.282379 4485.634425 4485.382653 4481.645173 4474.540626 4466.300844 4460.406843 4456.140663 4451.637533 4454.078862 4457.415250 4457.512243
-9999.0 3129.419293 3186.158134 3253.671465 3319.983098 3362.930383 3441.314031 3610.224537 3673.241463 3710.538655 3712.959603 3681.548607 3736.064591 3794.637503 3817.482932 3862.561348 3845.706820 3830.123770 3790.099814 3814.411754 3851.781474 3922.378579 4096.971117 4186.340178 4241.472798 4249.379776 4249.715386 4278.436751 4323.695790 4372.655118 4420.212543 4385.483104 4437.928232 4463.827677 4469.239817 4469.997400 4475.808484 4474.246940 4472.939718 4468.424723 4463.213559 4463.389658 4468.103967 4467.959928 4464.961852 4461.517827 4455.776022 4448.356263 4443.192969 4438.556164 4435.908349 4433.089196 4431.063127 4430.192812 4425.217371
-9999.0 3086.851005 3162.116072 3218.902098 3261.008679 3347.248876 3477.253432 3621.962821 3718.191156 3751.075956 3721.219202 3750.974790 3853.974809 3961.696197 4014.254262 4034.951729 4013.102048 3961.206170 3938.212857 3981.909257 4053.490238 4177.435435 4323.059188 4425.919036 4441.851566 4445.460966 4394.276317 4421.817066 4447.343847 4450.373035 4451.571636 4460.244185 4465.377755 4468.403299 4466.806925 4463.906393 4459.058351 4450.804962 4446.017378 4442.270319 4438.452207 4437.187707 4439.104917 4441.049273 4438.178348 4434.257173 4429.770661 4424.195364 4417.839983 4411.028967 4406.628379 4402.303062 4400.135162 4394.430647 4390.974532
-9999.0 2959.706715 3056.247338 3093.402741 3159.203690 3349.666015 3478.626667 3616.436149 3784.135868 3801.280289 3841.795810 3984.226874 4105.926891 4187.785026 4215.481079 4248.218438 4272.674176 4288.071115 4325.620801 4195.632293 4280.087402 4383.994591 4432.016901 4452.841114 4464.133235 4464.531364 4454.431726 4433.397660 4422.607491 4415.845100 4417.458011 4424.770915 4429.351205 4434.060221 4431.730522 4432.884311 4434.160352 4430.979587 4426.905983 4418.078014 4410.169519 4403.307897 4399.807940 4404.423247 4399.786372 4397.520796 4391.245290 4382.676977 4373.612727 4366.213261 4358.130900 4351.515633 4349.298262 4344.289972 4343.065591
-9999.0 2878.860821 2950.014461 3001.652274 3105.837347 3268.430511 3356.343248 3511.607097 3757.698208 3897.131284 4067.561689 4162.018030 4232.755287 4272.728507 4322.075841 4375.646485 4403.591906 4416.160271 4382.856857 4407.312559 4363.328328 4352.068754 4370.019962 4399.930998 4417.879287 4422.092211 4414.356959 4405.408645 4398.124232 4397.000956 4394.699198 4390.234859 4385.738171 4381.926653 4378.787379 4381.930029 4387.379869 4380.083409 4369.502567 4359.807951 4351.077456 4341.675041 4335.623325 4330.741537 4331.324930 4331.632522 4323.903107 4313.299988 4302.301546 4293.902603 4286.685891 4282.265059 4279.477457 4274.398254 4264.353837
-9999.0 2760.973636 2888.813114 2960.529281 3046.478767 3172.098909 3270.202456 3418.283880 3543.821852 3792.555245 3931.302617 4138.198472 4190.091043 4262.553783 4309.026250 4384.091248 4378.842197 4347.601443 4303.217046 4287.275212 4299.754628 4309.109517 4317.061477 4331.177087 4349.150011 4359.528017 4365.068232 4359.299313 4345.009923 4332.096947 4320.343110 4306.080619 4296.325183 4293.641435 4298.181136 4308.633207 4308.894241 4299.522511 4285.165673 4266.529024 4250.615199 4238.569436 4236.665492 4239.629638 4240.851728 4236.644806 4230.904952 4219.993219 4207.259662 4194.608614 4189.067813 4184.779979 4177.155578 4165.583181 4153.416785
-9999.0 -9999.0 2800.280228 2907.203180 2994.411512 3100.908654 3182.482756 3293.454450 3430.316077 3599.195320 3715.512074 3904.353628 4003.883101 4048.507258 4080.863294 4137.653112 4164.661796 4198.446146 4194.932120 4208.298771 4219.167838 4224.850984 4229.890405 4235.128673 4245.502512 4255.499014 4266.252815 4263.416289 4254.659282 4233.622047 4207.084723 4186.392758 4175.621176 4165.995201 4178.549795 4191.292522 4185.371153 4178.381814 4165.568505 4149.195059 4136.619936 4122.225351 4118.774617 4118.601947 4119.243255 4116.973428 4114.682008 4102.195023 4089.911273 4080.204681 4076.305852 4070.658708 4067.245822 4057.456774 4046.852713
-9999.0 -9999.0 2718.522695 2813.033263 2910.582067 3022.775104 3101.155945 3100.734812 3231.620688 3331.401237 3439.150840 3552.640783 3652.174157 3722.193103 3753.826708 3816.896282 3876.081008 3895.409961 3939.307766 3997.527814 4033.595362 4075.241678 4099.390516 4108.695422 4121.256327 4136.083522 4143.493611 4127.765839 4116.436820 4099.228804 4075.394053 4048.093027 4034.289529 4034.272447 4032.816564 4033.799199 4025.853146 4016.939566 4002.385360 3988.636675 3976.495049 3967.894272 3964.348474 3958.406646 3955.932568 3953.188481 3951.653568 3946.830257 3938.932810 3934.729265 3926.460171 3922.986226 3922.436394 3919.820451 3914.474189
