tests/Borden05m/sims/sim_1/output-maps/psiliqL0018N0013.asc
ncols         160
nrows         34
xllcorner     620200.000000
yllcorner     5168000.000000
cellsize      0.500000
NODATA_value  -9999.0
[rows 0 to 24 of 34, columns 0 to 54 of 160]
-9999.0 -9999.0 -9999.0 -9999.0 -9999.0 -9999.0 -9999.0 -9999.0 -9999.0 -9999.0 -9999.0 -9999.0 -9999.0 -9999.0 -9999.0 -9999.0 -9999.0 -9999.0 -9999.0 -9999.0 -9999.0 -9999.0 -9999.0 -9999.0 -9999.0 -9999.0 -9999.0 -9999.0 -9999.0 -9999.0 -9999.0 -9999.0 -9999.0 -9999.0 -9999.0 -9999.0 -9999.0 -9999.0 -9999.0 -9999.0 -9999.0 -9999.0 -9999.0 -9999.0 -9999.0 -9999.0 -9999.0 -9999.0 -9999.0 -9999.0 -9999.0 -9999.0 -9999.0 -9999.0 -9999.0
-9999.0 -9999.0 -9999.0 -9999.0 -9999.0 -9999.0 -9999.0 -9999.0 -9999.0 -9999.0 -9999.0 -9999.0 -9999.0 -9999.0 -9999.0 -9999.0 -9999.0 -9999.0 -9999.0 -9999.0 -9999.0 -9999.0 -9999.0 -9999.0 -9999.0 -9999.0 -9999.0 -9999.0 -9999.0 -9999.0 -9999.0 -9999.0 -9999.0 -9999.0 -9999.0 -9999.0 -9999.0 -9999.0 -9999.0 -9999.0 -9999.0 -9999.0 -9999.0 -9999.0 -9999.0 -9999.0 -9999.0 -9999.0 -9999.0 -9999.0 -9999.0 -9999.0 -9999.0 -9999.0 -9999.0
-9999.0 -9999.0 -9999.0 -9999.0 -9999.0 -9999.0 -9999.0 -9999.0 -9999.0 -9999.0 -9999.0 -9999.0 -9999.0 -9999.0 -9999.0 -9999.0 -9999.0 -9999.0 -9999.0 -9999.0 -9999.0 -9999.0 -9999.0 -9999.0 -9999.0 -9999.0 -9999.0 -9999.0 -9999.0 -9999.0 -9999.0 -9999.0 -9999.0 -9999.0 -9999.0 -9999.0 -9999.0 -9999.0 -9999.0 -9999.0 -9999.0 -9999.0 -9999.0 -9999.0 -9999.0 -9999.0 -9999.0 1702.079263 1685.023227 1670.538575 1667.654589 1689.965373 1713.624783 1737.830556 1758.786520
-9999.0 -9999.0 -9999.0 -9999.0 -9999.0 -9999.0 -9999.0 -9999.0 -9999.0 -9999.0 -9999.0 -9999.0 -9999.0 -9999.0 -9999.0 -9999.0 -9999.0 -9999.0 -9999.0 -9999.0 -9999.0 -9999.0 -9999.0 -9999.0 -9999.0 -9999.0 -9999.0 -9999.0 -9999.0 -9999.0 -9999.0 -9999.0 -9999.0 -9999.0 -9999.0 -9999.0 -9999.0 -9999.0 -9999.0 -9999.0 1749.676744 1755.756768 1756.662739 1746.760365 1735.857157 1723.395214 1703.421467 1686.002738 1672.114191 1670.188205 1673.168335 1677.713708 1699.948087 1725.332753 1745.527432
-9999.0 -9999.0 -9999.0 -9999.0 -9999.0 -9999.0 -9999.0 -9999.0 -9999.0 -9999.0 -9999.0 -9999.0 -9999.0 -9999.0 -9999.0 -9999.0 -9999.0 -9999.0 -9999.0 -9999.0 -9999.0 -9999.0 -9999.0 -9999.0 -9999.0 -9999.0 -9999.0 -9999.0 -9999.0 -9999.0 -9999.0 -9999.0 -9999.0 -9999.0 1656.224374 1673.660811 1691.987332 1710.802921 1727.973190 1735.140173 1741.091070 1746.917639 1742.924621 1738.741808 1727.652577 1708.167383 1689.106011 1676.035378 1674.752178 1672.740616 1677.201147 1689.998674 1707.185172 1723.374740 1744.605909
-9999.0 -9999.0 -9999.0 -9999.0 -9999.0 -9999.0 -9999.0 -9999.0 -9999.0 -9999.0 -9999.0 -9999.0 -9999.0 -9999.0 -9999.0 -9999.0 -9999.0 -9999.0 -9999.0 -9999.0 -9999.0 -9999.0 -9999.0 -9999.0 -9999.0 -9999.0 -9999.0 -9999.0 1659.334981 1653.673409 1649.108500 1648.032713 1647.125309 1646.476009 1653.494548 1665.498763 1683.509863 1705.751886 1719.253603 1726.881140 1733.969426 1734.933769 1729.981910 1728.534815 1729.377603 1717.675010 1706.207829 1695.503675 1685.155781 1683.478209 1693.278401 1707.954452 1724.682626 1739.943820 1755.800453
-9999.0 -9999.0 -9999.0 -9999.0 -9999.0 -9999.0 -9999.0 -9999.0 -9999.0 -9999.0 -9999.0 -9999.0 -9999.0 -9999.0 -9999.0 -9999.0 -9999.0 -9999.0 -9999.0 -9999.0 -9999.0 -9999.0 -9999.0 1628.135749 1633.824439 1640.706551 1648.656290 1649.994270 1646.534466 1641.408766 1638.972729 1638.002685 1636.577472 1641.552437 1649.637686 1663.396082 1679.445578 1701.939088 1710.869136 1716.728108 1729.073057 1732.645225 1739.641299 1744.135594 1742.841007 1739.990412 1727.045403 1717.358805 1721.780768 1727.427841 1734.744173 1743.370861 1757.317039 1772.575159 1789.631945
-9999.0 -9999.0 -9999.0 -9999.0 -9999.0 -9999.0 -9999.0 -9999.0 -9999.0 -9999.0 -9999.0 -9999.0 -9999.0 -9999.0 -9999.0 -9999.0 -9999.0 -9999.0 -9999.0 1602.371773 1603.572944 1605.213704 1610.324316 1611.277781 1613.644836 1620.975618 1629.535444 1632.570970 1631.135478 1630.374423 1632.359168 1635.571860 1640.544079 1652.056747 1666.214079 1680.793323 1694.761144 1716.053864 1731.163113 1744.762338 1760.968244 1761.215223 1757.872207 1756.622702 1757.412104 1757.449860 1759.976495 1761.841815 1768.525385 1772.264139 1778.087399 1787.867017 1800.069678 1818.194645 1837.678905
-9999.0 -9999.0 -9999.0 -9999.0 -9999.0 -9999.0 -9999.0 -9999.0 -9999.0 -9999.0 -9999.0 -9999.0 -9999.0 -9999.0 -9999.0 -9999.0 1572.912651 1574.971042 1577.563913 1583.305211 1586.837075 1591.223910 1598.611967 1600.390122 1604.503790 1612.116238 1617.366720 1626.869059 1635.563875 1643.331059 1649.798366 1652.936447 1660.591762 1670.591050 1682.806449 1698.061097 1719.523728 1743.249375 1759.795230 1777.069569 1794.708332 1795.836755 1795.074163 1796.433166 1796.746348 1801.855437 1818.681980 1823.996903 1823.427106 1837.982676 1851.677682 1856.537351 1864.566473 1884.385290 1907.977657
-9999.0 -9999.0 -9999.0 -9999.0 -9999.0 -9999.0 -9999.0 -9999.0 -9999.0 -9999.0 -9999.0 -9999.0 -9999.0 1524.746951 1529.085286 1539.221660 1549.583449 1552.665537 1557.596608 1564.309326 1576.947122 1581.071442 1587.731784 1595.708729 1608.403982 1617.593824 1627.197491 1639.555869 1648.384545 1656.074301 1663.445641 1668.723094 1681.935070 1697.304027 1713.134463 1733.514175 1756.004003 1776.368991 1796.617192 1813.173699 1826.763471 1827.784004 1827.429376 1830.271772 1837.497829 1853.804928 1872.336631 1879.004574 1894.802428 1917.420134 1930.304561 1941.090530 1949.510889 1963.588737 1985.297665
-9999.0 -9999.0 -9999.0 -9999.0 -9999.0 -9999.0 -9999.0 -9999.0 -9999.0 -9999.0 1492.773418 1495.072858 1491.921180 1491.264080 1496.980116 1509.596173 1524.036156 1530.750495 1542.976516 1564.571770 1583.206228 1587.162114 1601.941365 1612.804504 1620.198480 1631.111169 1644.756701 1657.906738 1674.833756 1687.637072 1698.927386 1718.017350 1734.860303 1751.887395 1770.099897 1791.019590 1810.274102 1837.833186 1864.837989 1877.034464 1898.212263 1907.231918 1904.679861 1904.841015 1914.491795 1929.543329 1949.252098 1970.672690 1991.830398 2016.570238 2032.265563 2046.719408 2057.550440 2069.901196 2086.132257
-9999.0 -9999.0 -9999.0 -9999.0 -9999.0 -9999.0 -9999.0 -9999.0 1467.577011 1475.402074 1481.639409 1478.929750 1474.858221 1470.775207 1485.270582 1501.476078 1517.986067 1536.383667 1552.836858 1571.674426 1587.185946 1603.640795 1624.283087 1636.426164 1648.486889 1664.436177 1678.626169 1695.750308 1717.475210 1729.436874 1745.168534 1766.660414 1785.109381 1803.525821 1822.850497 1841.283850 1866.605527 1899.771047 1931.434659 1952.787544 1980.667374 2002.468562 2000.991341 2002.926752 2007.063761 2032.432071 2061.230953 2091.766717 2115.737733 2142.415678 2171.959180 2190.768826 2201.686202 2214.520574 2229.983153
-9999.0 -9999.0 -9999.0 -9999.0 -9999.0 -9999.0 1439.414640 1463.929795 1479.346499 1471.584213 1460.773872 1457.102683 1452.888154 1479.094457 1501.737884 1519.616785 1537.104975 1555.387832 1572.563315 1584.947798 1618.233813 1637.364929 1651.848690 1669.352324 1684.805892 1700.264547 1718.237704 1741.841169 1763.212760 1791.392805 1815.144748 1837.702887 1864.047115 1883.923780 1903.046779 1920.770350 1951.654311 1988.772020 2025.364582 2053.476241 2080.473442 2112.172501 2117.943371 2123.262700 2129.414332 2151.708026 2184.334617 2214.867671 2248.557049 2280.723420 2308.533819 2321.038508 2331.830603 2343.440976 2357.252887
-9999.0 -9999.0 -9999.0 -9999.0 1405.807669 1426.868730 1446.769153 1477.576215 1500.344611 1495.808378 1502.288702 1502.331847 1500.312088 1505.139918 1513.182391 1531.733880 1551.261083 1571.153080 1588.815701 1622.348788 1668.200469 1683.419664 1706.627886 1738.870879 1752.853955 1768.838817 1785.935640 1809.212001 1834.460663 1866.968905 1908.602119 1944.118012 1969.371388 1992.000789 2013.395473 2034.634818 2069.587560 2107.728893 2144.847365 2178.821716 2208.408578 2234.977162 2246.614654 2254.365795 2266.302980 2283.420394 2305.691323 2333.845816 2366.320833 2398.843988 2423.868124 2436.729797 2444.505758 2455.428810 2465.549897
-9999.0 -9999.0 -9999.0 1354.804419 1393.765567 1432.361641 1459.286227 1490.379780 1523.031380 1526.832520 1536.320789 1540.416403 1544.231136 1552.605951 1560.386697 1578.132513 1595.766432 1613.786969 1636.715564 1673.584607 1707.966261 1735.344999 1767.201484 1791.981162 1811.621126 1827.810952 1847.450827 1871.336518 1911.008203 1947.000241 1996.503159 2049.347808 2085.335111 2109.115291 2132.161607 2160.157928 2185.822630 2223.368816 2258.653634 2292.161493 2324.443431 2349.247762 2367.415056 2374.890356 2385.070206 2393.445206 2409.120667 2430.887572 2453.353120 2483.124798 2512.229710 2539.300760 2554.365814 2565.203348 2581.878976
-9999.0 -9999.0 1307.121745 1345.562164 1379.040785 1428.508806 1481.855742 1516.926319 1557.923099 1580.957505 1587.409076 1603.340327 1618.580807 1624.855637 1639.314573 1656.107059 1676.054503 1684.602346 1703.667765 1731.092434 1778.315744 1821.514086 1836.587969 1885.021032 1918.559811 1948.779744 1968.703192 1996.402125 2033.305239 2073.261908 2121.079118 2171.313481 2209.013853 2239.849731 2256.966603 2277.317970 2299.981343 2325.690220 2361.123808 2389.734451 2422.407344 2448.959688 2470.723388 2476.493104 2481.440457 2497.763362 2523.653462 2551.899300 2578.079782 2603.545224 2602.356931 2618.107193 2625.703045 2630.313055 2636.742324
-9999.0 -9999.0 1279.346641 1324.876053 1363.710572 1428.011993 1510.149468 1547.032055 1589.772423 1636.272947 1654.344309 1678.735912 1686.384323 1691.004892 1713.696301 1734.804854 1750.612817 1758.957846 1758.540861 1814.329436 1872.138691 1916.310620 1952.856407 2023.476065 2071.978201 2092.265964 2107.563190 2129.308112 2153.413379 2195.604393 2241.003572 2294.459285 2338.094890 2369.266332 2385.681943 2405.083993 2425.691514 2443.363144 2463.227919 2505.189711 2536.222816 2564.217142 2593.042784 2614.052925 2622.803287 2627.219406 2613.058219 2626.166901 2635.262617 2639.663640 2641.762172 2639.034025 2639.043579 2640.273009 2641.576010
-9999.0 1189.009342 1241.366820 1293.937842 1361.780361 1427.703674 1508.967758 1588.071427 1648.430924 1697.919442 1726.840250 1734.548554 1761.472789 1799.721011 1824.690834 1849.539289 1854.729729 1862.919996 1852.346195 1903.561315 1950.890475 2019.068540 2126.242565 2184.380331 2235.667272 2237.954651 2233.077042 2244.819972 2267.253175 2311.990150 2382.890081 2433.182256 2490.353998 2534.242573 2550.816640 2558.600560 2577.019248 2597.612758 2574.668776 2603.780755 2618.008921 2629.940172 2635.381609 2638.098865 2639.966794 2640.706105 2638.004387 2632.048043 2624.671645 2619.442885 2615.677606 2611.426216 2614.011081 2617.338277 2617.833792
-9999.0 1152.677215 1211.625200 1282.401330 1352.693889 1414.936103 1512.846116 1663.148478 1720.168858 1758.600741 1777.465502 1787.432126 1859.882022 1924.652724 1956.941438 2002.593057 1996.169080 1986.583903 1968.768644 2001.203760 2049.032638 2123.224686 2273.947676 2360.822381 2397.758166 2410.253302 2417.611318 2446.068028 2485.872644 2526.836509 2564.453549 2556.563659 2590.553355 2608.342473 2613.944832 2616.537112 2621.787267 2622.622157 2622.001251 2619.377737 2615.876938 2617.231165 2622.385090 2623.015545 2620.838703 2618.148016 2612.844601 2605.466262 2600.005747 2595.258063 2592.360464 2589.202727 2587.251509 2586.712373 2581.788415
-9999.0 1119.837656 1192.230314 1254.439867 1314.240618 1422.322543 1550.060322 1688.621339 1783.229912 1820.844853 1831.983242 1891.961168 1993.251340 2092.313304 2144.896050 2170.495903 2168.217238 2142.133578 2141.369713 2187.700406 2255.732261 2356.873505 2463.312468 2548.862366 2565.591458 2571.988716 2546.301584 2565.378905 2583.063957 2587.846388 2591.298022 2598.010024 2605.082042 2609.732913 2610.074482 2608.724438 2605.315251 2598.451291 2594.500010 2591.951186 2589.187987 2589.180750 2592.105496 2593.839136 2591.447337 2587.655263 2583.011275 2577.006870 2570.248077 2563.096092 2558.538270 2553.956193 2551.274950 2545.621146 2540.796535
-9999.0 1013.230764 1104.078093 1155.027756 1258.147683 1437.028849 1565.036211 1712.818177 1864.938331 1899.563025 1966.707025 2092.148228 2201.303421 2277.411610 2315.454035 2356.064436 2385.655189 2409.354039 2447.235111 2386.264251 2451.801480 2523.325517 2556.980128 2574.452461 2581.945869 2585.968330 2580.295419 2563.232024 2555.144733 2550.676633 2554.333900 2563.330980 2570.057664 2576.601706 2575.592663 2577.186199 2578.209795 2575.283795 2571.741808 2563.769443 2556.486043 2550.765335 2548.706540 2553.807598 2548.975660 2545.893024 2539.535254 2530.852620 2521.026942 2512.854398 2504.510329 2497.237628 2493.934434 2487.769982 2485.390913
-9999.0 932.392534 1008.076513 1088.819323 1219.178002 1383.777448 1504.055845 1669.170442 1887.187579 2009.680900 2145.568631 2223.493253 2296.326711 2352.191586 2411.429584 2461.015968 2488.500042 2501.841451 2488.929192 2506.450092 2475.235134 2470.825928 2492.082180 2522.413937 2539.729245 2546.399174 2540.618853 2532.654168 2527.365760 2527.916349 2527.764864 2526.649336 2525.175740 2523.396221 2520.946146 2523.654424 2528.653484 2522.285857 2512.731490 2504.128551 2496.432925 2487.903049 2482.256684 2478.339810 2477.490658 2477.108307 2469.263014 2458.553435 2447.683315 2439.029296 2430.948508 2425.041036 2421.646325 2415.743847 2406.154368
-9999.0 827.484855 952.300571 1041.304804 1155.345721 1290.364703 1410.849736 1571.743979 1715.610471 1942.691719 2095.706381 2227.797494 2272.678666 2335.153152 2391.481207 2461.580730 2465.769267 2439.410908 2407.394683 2396.040673 2406.858173 2419.462196 2433.847448 2454.184172 2473.851810 2485.574901 2490.341523 2484.885581 2472.449988 2463.175561 2455.901547 2445.593312 2438.371568 2437.202844 2439.305765 2447.466752 2449.138411 2440.070387 2426.957988 2410.169555 2395.594219 2384.556002 2381.812944 2383.394997 2383.474656 2379.416526 2372.601793 2361.698414 2348.890826 2336.551584 2329.196080 2323.490311 2315.687086 2304.406887 2291.812167
-9999.0 -9999.0 873.961037 984.433644 1088.561182 1208.345096 1316.566437 1453.096158 1601.044778 1779.751714 1897.321043 2042.490616 2122.212395 2168.145451 2213.660017 2269.732495 2292.487903 2318.015706 2308.125144 2317.920348 2328.507207 2336.945611 2347.505078 2359.224276 2373.327336 2384.765537 2394.564027 2393.388330 2385.396003 2368.027914 2346.704696 2330.292355 2321.304086 2313.855885 2324.049696 2335.642547 2331.773015 2324.973002 2312.752456 2296.548740 2283.541080 2269.559603 2265.684179 2265.568726 2265.473366 2262.402280 2258.166076 2245.107264 2232.088753 2220.501146 2214.979194 2208.442113 2202.993627 2191.887119 2180.018585
-9999.0 -9999.0 788.446979 895.995823 1007.148094 1129.142120 1225.145563 1282.811221 1430.860508 1543.727773 1649.310515 1751.606364 1838.358488 1903.398902 1944.174025 2005.965704 2052.699047 2071.181071 2099.655813 2139.147942 2169.677714 2202.937451 2224.502357 2237.870635 2252.801097 2267.651774 2276.948978 2265.145432 2254.975033 2238.998127 2217.713337 2194.009176 2181.838568 2179.364400 2180.496217 2184.275178 2177.858126 2168.481755 2154.194915 2139.255366 2126.520166 2115.882182 2111.731193 2107.343030 2105.348456 2102.154805 2099.072120 2091.212175 2080.673021 2073.715775 2065.077276 2059.393026 2056.560937 2050.577908 2042.092034
