tests/Borden05m/sims/sim_1/output-maps/psiliqL0008N0006.asc
ncols         160
nrows         34
xllcorner     620200.000000
yllcorner     5168000.000000
cellsize      0.500000
NODATA_value  -9999.0
[rows 0 to 24 of 34, columns 57 to 113 of 160]
-9999.0 -9999.0 -9999.0 -9999.0 -9999.0 -9999.0 -9999.0 -9999.0 -9999.0 -9999.0 -9999.0 -9999.0 -9999.0 -9999.0 -9999.0 -9999.0 -9999.0 -9999.0 -9999.0 -9999.0 -9999.0 -9999.0 -9999.0 -9999.0 -9999.0 -9999.0 -9999.0 -9999.0 -9999.0 -9999.0 -9999.0 -9999.0 -9999.0 -9999.0 -9999.0 -9999.0 -9999.0 -9999.0 -9999.0 -9999.0 -9999.0 -9999.0 -9999.0 -9999.0 -9999.0 -9999.0 -9999.0 -9999.0 -9999.0 -9999.0 -9999.0 -9999.0 -9999.0 -9999.0 -9999.0 -9999.0 -9999.0
-9999.0 -9999.0 -191.850210 -197.487600 -203.021295 -208.239299 -217.554020 -227.009283 -235.888107 -240.021600 -241.045602 -242.007437 -242.471333 -237.171931 -229.231293 -221.606320 -214.362965 -212.010786 -209.597112 -207.277165 -206.770649 -208.122439 -211.444373 -214.803891 -218.284634 -219.794196 -228.276427 -239.907425 -249.031821 -251.856219 -247.286502 -242.680988 -240.076999 -233.817182 -222.725123 -211.595577 -202.824771 -190.910486 -185.307014 -180.025503 -176.666520 -180.604660 -184.051479 -187.618671 -192.205377 -203.203912 -9999.0 -9999.0 -9999.0 -9999.0 -9999.0 -9999.0 -9999.0 -9999.0 -9999.0 -9999.0 -9999.0
-209.809467 -206.548970 -217.423963 -222.338066 -225.814870 -228.196561 -233.563977 -242.602836 -248.227518 -253.890693 -255.682162 -255.807233 -255.839928 -251.654253 -241.765603 -233.759989 -228.968168 -226.570796 -224.126845 -224.009220 -224.530230 -224.976645 -227.952813 -231.451994 -234.930572 -236.777469 -236.829387 -244.557654 -249.954862 -253.251273 -254.411545 -251.920343 -249.561608 -246.510847 -236.668201 -228.159252 -219.645164 -205.337753 -192.885857 -187.541390 -189.813590 -194.757070 -198.337940 -204.582282 -214.256597 -224.694133 -235.242817 -242.474178 -247.821023 -252.934210 -246.662595 -240.116532 -229.608421 -219.182437 -206.948397 -194.653610 -9999.0
-226.171286 -223.404084 -234.487711 -243.175183 -247.704072 -247.849526 -245.903869 -249.862366 -254.770383 -258.981979 -251.283607 -250.128751 -249.026312 -245.859376 -242.435566 -240.239464 -237.469518 -232.151075 -223.171036 -220.571025 -220.111779 -220.046852 -221.938140 -225.120432 -226.961958 -229.797828 -235.072187 -235.979678 -235.509796 -235.396892 -230.042787 -228.510568 -227.194273 -234.317138 -230.938649 -224.517419 -217.450588 -210.209274 -202.978239 -198.097547 -201.094929 -202.284211 -210.510067 -224.265882 -235.757978 -244.502895 -247.083081 -250.175026 -257.794351 -269.885258 -262.841856 -247.058084 -242.199144 -238.289883 -226.116847 -213.642804 -203.322433
-241.887287 -239.022597 -244.348341 -243.664342 -242.449128 -241.160473 -242.992866 -246.181130 -247.608534 -234.551147 -224.961988 -223.300825 -220.438171 -217.134731 -218.569794 -231.193103 -233.958768 -225.319170 -214.718475 -208.742459 -208.634045 -208.717799 -210.246348 -211.325055 -211.904204 -214.385686 -213.204733 -210.464298 -209.547538 -204.190982 -198.351995 -195.553239 -204.424473 -213.904773 -213.533839 -205.831317 -197.789732 -190.221480 -178.928905 -166.918460 -168.175370 -174.004523 -183.027943 -196.925078 -220.671674 -240.847160 -251.417801 -257.932682 -264.811848 -265.620010 -267.642828 -256.921998 -254.966368 -253.116676 -244.276324 -233.759622 -223.504555
-228.246412 -219.948653 -226.331725 -232.423432 -236.267216 -235.908331 -235.730787 -232.127413 -218.514242 -204.220208 -188.615921 -185.823222 -183.211416 -183.545508 -193.626622 -204.266479 -208.779097 -193.393271 -177.319361 -168.831766 -167.761056 -166.994034 -158.503336 -160.598868 -163.426597 -169.116135 -166.477386 -163.201896 -151.066048 -143.055075 -135.972730 -137.849714 -149.943454 -161.359502 -163.700210 -162.104675 -160.281873 -154.347771 -143.539035 -132.985819 -137.919666 -145.783108 -156.880395 -186.888776 -215.855334 -233.480860 -232.838209 -232.403177 -237.023093 -240.199946 -243.978714 -251.725776 -252.103539 -252.605430 -253.027601 -240.843879 -228.487264
-180.687274 -164.103167 -170.278948 -179.305631 -190.903125 -190.715843 -187.064753 -178.369378 -164.300668 -144.550700 -118.983971 -114.386048 -109.860435 -105.496890 -116.554617 -129.234997 -141.506150 -125.354016 -115.141393 -105.410103 -101.409574 -88.906010 -77.851038 -82.627288 -91.479653 -101.077435 -93.963754 -78.898346 -62.492865 -54.895951 -50.513812 -49.710286 -59.936725 -66.168574 -70.162299 -71.003718 -75.857735 -73.299042 -61.981409 -46.250481 -46.405891 -58.440061 -83.116221 -121.328401 -158.836677 -182.908545 -179.422447 -186.326997 -192.774673 -197.541877 -212.311595 -224.341138 -224.913042 -234.749758 -241.240980 -229.802255 -223.752714
-130.897337 -111.729036 -115.185757 -126.831310 -139.678452 -139.612759 -130.879763 -120.605470 -99.821079 -72.482510 -43.814152 -28.829325 -19.633226 -9.392211 -16.422320 -26.459651 -36.202835 -29.640745 -15.969591 -2.207050 11.111350 26.267350 40.797720 35.712272 26.435046 24.116967 30.035869 49.968991 68.853548 78.532846 84.832745 91.481679 84.870383 74.697119 61.797736 48.897704 37.702116 30.767254 45.860160 60.791798 57.614145 30.434379 2.043039 -36.594394 -78.075529 -116.466162 -123.749340 -126.316656 -129.032575 -146.030882 -163.083060 -183.394049 -195.561044 -205.389730 -221.212755 -216.938920 -211.349266
-23.361483 -0.479409 5.507458 -8.781884 -13.755665 -8.334996 4.245533 12.341037 30.436592 66.483266 111.430075 145.653079 175.050388 181.721506 170.525975 158.270233 141.717595 135.629531 151.647219 167.284245 183.915475 202.132221 221.940734 235.942845 238.146985 240.437683 246.530135 256.244236 271.960525 291.454970 309.403712 321.614465 321.884112 307.184156 286.382681 259.899789 238.713318 229.605023 226.246690 233.862849 229.631797 198.902289 161.298614 120.723407 73.823951 30.963168 2.514628 0.059928 -16.732739 -37.883609 -63.431023 -104.153700 -126.373547 -145.546444 -177.796844 -183.685319 -173.483500
118.010483 141.982232 162.088938 162.502277 165.925213 170.191452 178.473650 188.049452 207.034242 264.564818 320.452287 360.796646 388.652880 398.479031 388.909058 379.218049 368.354639 359.446696 361.726545 375.937488 393.459976 411.087046 424.386348 430.741767 431.246966 433.225194 437.148753 443.863051 452.171433 464.930460 478.598764 491.939517 503.194892 495.333832 471.986259 450.699552 429.919925 421.094302 418.147878 414.579023 412.646392 404.554458 372.278723 337.797955 290.666608 228.753652 185.654846 156.282464 129.289310 100.202961 47.153243 -3.279098 -44.997660 -79.198981 -112.869586 -120.974578 -96.875418
317.659380 355.245652 374.536458 379.669071 381.423058 383.850722 390.252649 397.811034 411.486891 442.452707 485.982348 523.472935 549.648642 553.468243 546.425049 538.485674 530.220710 523.206135 521.166388 526.731507 534.871596 547.270614 557.077286 566.509969 566.567530 567.550368 568.575005 572.071878 576.110411 580.193248 587.901079 598.115578 606.305340 606.293450 594.340945 578.106056 562.037160 555.227310 550.067991 545.681127 545.268516 544.541360 539.475549 515.817653 476.541256 423.019663 386.318171 359.157526 340.097577 313.493426 271.785180 199.121176 156.681128 112.471067 66.259384 29.341014 54.082478
476.083958 509.653430 528.056207 534.942791 534.243858 535.322930 540.635410 546.362665 556.896665 573.034873 591.844192 613.808022 633.956714 648.343697 646.079950 637.825236 625.582204 624.038467 624.227428 625.365483 629.532084 633.561763 644.391536 655.901171 659.771666 660.290557 658.568916 661.096620 662.993568 664.156270 665.089858 667.875454 672.582535 673.980527 670.898179 659.477889 644.630794 633.085022 626.868549 624.352887 622.765531 623.439456 622.701821 614.414677 591.738529 560.612274 531.464510 511.026717 493.812802 474.723922 452.153471 424.686709 399.618223 364.853510 312.185799 250.709937 217.069862
576.684969 598.078501 616.794582 628.548791 630.480836 634.339399 636.612698 644.276330 656.483875 670.287375 679.017086 689.794685 705.573459 714.601385 720.077242 722.011320 723.211996 726.201026 726.935930 716.623857 718.014397 718.802564 720.543089 724.080245 724.637640 724.466113 724.221104 725.316384 726.114305 727.043318 727.245773 726.232751 726.699934 726.652984 726.351679 723.360380 721.686787 708.302775 699.279462 694.380881 689.060911 682.478395 675.194182 668.707558 658.776912 640.766622 617.439684 596.463488 587.760474 580.910047 571.788801 562.820900 547.492080 527.262456 496.441947 451.521466 406.209474
650.197642 663.881014 682.180613 694.174335 701.060510 707.111222 710.259925 719.831174 729.752125 727.856303 728.287035 728.640894 729.258687 729.272329 729.465934 729.831416 728.494403 729.244862 728.828502 724.603878 716.268693 717.650658 718.243087 719.680503 722.222538 720.325956 721.069774 724.293871 723.621558 719.392418 716.898519 715.593706 715.427534 721.728489 724.348519 725.227010 725.965182 726.440709 727.432593 728.034107 728.250404 727.837006 726.942205 726.193024 719.240984 702.756820 680.722644 656.792180 645.823007 641.510749 641.968763 638.617862 634.358524 620.393917 599.465455 570.139004 538.267148
728.043836 731.212695 733.131082 733.499474 733.321523 734.264083 735.703469 735.326283 731.661640 727.953508 723.364128 722.144412 720.732122 718.313313 719.033328 717.553804 714.786229 713.114786 709.379476 701.200499 691.852060 690.465988 694.375289 697.571538 699.948633 701.391604 704.076090 706.207388 703.216858 697.656901 692.760392 691.367204 696.638177 700.558079 703.988548 704.133956 703.263879 702.665230 704.507270 703.794807 705.097041 710.841908 721.982070 727.771278 728.302618 728.880057 727.958904 724.908979 711.766150 694.604577 697.221917 693.507225 684.968521 669.988884 654.339540 634.961555 616.369852
729.684036 727.374710 721.455465 715.660580 714.711601 718.074347 724.415289 725.847239 719.628777 712.712665 707.175774 701.772727 700.291263 698.931126 698.280663 698.859354 695.507762 691.610399 681.430260 673.921487 665.889930 661.301119 659.838783 663.467232 669.618719 675.276962 678.641243 674.529903 670.374397 663.784763 658.591888 659.592563 661.328499 667.437060 676.932912 678.662802 679.679201 677.301374 676.289355 673.093231 672.367621 677.674600 688.461629 698.494116 707.575479 713.382703 719.644507 725.169000 730.299723 729.916966 728.938231 727.766163 725.051116 713.367770 698.866960 684.050036 668.707469
711.561101 707.828317 702.318248 697.510392 696.366856 698.927292 702.279111 700.126283 695.313353 688.127157 680.434261 673.280263 669.162762 670.090868 672.096532 673.377331 669.962767 660.488683 648.770791 639.807573 628.991782 625.938543 621.249138 616.832605 623.858466 635.740829 639.980338 630.044215 624.401814 615.072941 610.657094 609.239448 610.252318 616.858222 631.262497 645.654820 647.161295 641.609893 637.052982 635.767617 634.936277 640.284221 653.794014 667.137621 676.054285 681.495605 684.563840 690.046484 696.357387 703.978798 712.621629 719.925182 727.401822 728.022526 727.634746 727.023025 715.379413
694.235747 689.625070 685.306002 681.396196 678.570554 676.969372 675.528377 671.207336 667.032243 659.253742 650.854207 641.907843 630.549505 627.765044 625.752076 628.303254 620.073874 612.750658 597.455528 583.992602 568.037716 556.960005 549.269362 541.595117 544.236721 556.277423 563.954733 551.806813 544.792579 535.057827 531.138719 529.217328 530.628142 538.898452 558.901623 576.159329 584.514541 581.762249 581.560894 583.743823 585.733498 590.760992 602.722350 617.955773 633.241022 644.011019 649.927240 654.746911 661.171733 670.442357 678.560302 686.266815 696.525651 709.437272 719.814565 726.912716 731.223544
674.977561 669.624305 662.979703 655.593341 651.503505 652.732847 646.687240 641.311773 631.503438 593.714495 578.838347 560.729545 544.398215 537.640540 530.074172 525.186138 517.398385 511.473661 500.983132 480.201624 452.711809 427.274980 415.523051 406.715813 396.681246 401.755251 405.202762 406.610514 400.173328 394.267250 392.079197 390.387921 395.009092 410.406163 426.249352 442.078990 454.636142 460.189628 475.747935 490.395072 498.096808 515.702258 529.821774 547.614132 569.287419 591.142712 602.394985 610.246743 618.742589 630.166495 641.231347 651.466636 665.506186 680.999593 690.006331 696.056421 703.830719
649.780014 640.006477 630.539327 620.456690 609.932661 610.035737 604.901027 595.162121 557.396942 513.948321 476.486952 446.331675 413.491819 395.830606 382.416301 357.964733 343.972319 335.228284 333.385445 311.457965 272.954782 239.284790 220.957166 208.845501 192.404593 184.548518 189.616072 201.822627 194.338432 189.893698 192.826627 190.715814 189.751841 203.141378 227.165767 245.911044 266.453904 288.610566 306.423378 326.264303 359.050362 379.478821 401.367029 432.062260 468.054498 500.139041 524.751558 540.921285 557.736765 576.864777 591.360259 607.142919 623.833351 643.960627 655.890908 664.339297 670.926874
598.146115 583.361145 565.763309 545.509069 524.151630 519.288664 507.016258 480.862967 420.390134 364.441404 316.586872 268.894606 220.782964 190.462816 158.138733 121.636351 98.537257 99.444052 103.849486 96.814198 74.558142 54.668147 40.283474 25.194284 8.330423 -2.574199 5.574702 14.791947 19.710730 21.915859 25.538368 27.085813 26.505494 25.594432 36.852790 49.268527 63.686328 78.247787 94.638990 129.255235 161.810222 187.335829 220.640551 262.281800 315.738397 359.471653 393.987138 422.668634 456.071532 487.253826 514.206841 537.081942 561.725005 588.232845 607.937131 619.161318 629.222126
518.178976 489.720970 452.563123 402.381214 379.264452 364.815767 346.367279 295.965711 218.363641 154.017259 111.810875 74.803913 41.584539 10.458120 -22.882624 -52.794039 -73.794886 -68.040644 -61.967455 -54.034333 -68.559988 -82.576738 -90.764397 -106.238780 -121.032676 -135.242921 -127.009288 -117.386907 -101.877481 -98.322533 -95.138291 -88.976704 -90.226728 -91.937885 -97.865292 -87.990922 -76.910325 -62.545527 -34.562185 -6.914037 20.414911 44.954612 70.842825 102.290069 139.785658 178.392032 219.545409 259.694101 307.402519 352.462494 388.621326 420.837311 456.744511 493.487186 521.582002 542.559211 564.199883
376.949483 337.392835 277.206914 202.950832 155.575618 135.581663 94.459843 51.622131 0.725675 -29.547878 -54.734002 -82.114482 -106.737265 -129.870209 -157.821274 -182.000350 -205.731097 -201.865860 -189.778467 -176.345089 -184.336365 -189.435842 -193.188835 -205.167979 -219.073941 -232.748755 -228.988402 -214.150233 -197.458722 -190.845357 -184.619165 -177.207836 -177.183105 -183.493585 -191.734959 -185.914425 -172.256359 -156.012155 -133.583214 -110.008631 -86.864339 -65.183760 -40.718344 -14.078140 14.332558 45.697042 79.318342 108.360857 145.129327 185.076892 222.022012 255.588798 299.702755 347.580261 380.864113 414.910951 451.755800
187.462046 146.509748 92.094284 37.545853 -11.729791 -51.255256 -87.157553 -121.932258 -145.122048 -166.716814 -186.924476 -206.724150 -228.145109 -248.486379 -268.547403 -290.844409 -310.911968 -305.506630 -291.708071 -278.916279 -277.076469 -280.190942 -283.353017 -291.464146 -305.245462 -317.206148 -308.979971 -293.220367 -277.749416 -267.933250 -261.299420 -255.006283 -257.832362 -266.114457 -273.237891 -265.448758 -250.091217 -234.941443 -216.899290 -195.160835 -173.296619 -151.305311 -128.031438 -104.289549 -77.772328 -49.979716 -21.324598 7.426015 36.014130 65.001420 84.095547 105.130215 127.120880 158.469563 191.863043 232.712462 285.325924
19.867093 -13.136702 -51.785154 -95.394875 -129.802533 -163.327872 -195.267064 -226.619051 -252.173864 -270.729563 -281.470125 -296.724080 -316.557533 -330.566168 -347.774127 -367.468205 -369.113177 -365.089318 -352.232435 -349.569769 -348.782100 -351.776939 -352.887686 -357.857410 -370.002648 -364.458363 -356.455805 -341.142830 -329.930201 -320.503968 -314.119338 -309.889111 -310.610270 -318.073476 -315.585305 -308.261795 -293.447300 -281.460464 -265.921624 -244.831922 -227.185726 -207.446120 -185.208776 -162.097981 -137.507138 -111.259581 -82.833796 -56.626314 -34.411607 -21.610569 -7.485113 3.199211 3.664898 24.079090 46.124838 70.883019 107.002254
