tests/Borden05m/sims/sim_1/output-maps/psiliqL0019N0009.asc
ncols         160
nrows         34
xllcorner     620200.000000
yllcorner     5168000.000000
cellsize      0.500000
NODATA_value  -9999.0
[rows 0 to 24 of 34, columns 0 to 54 of 160]
-9999.0 -9999.0 -9999.0 -9999.0 -9999.0 -9999.0 -9999.0 -9999.0 -9999.0 -9999.0 -9999.0 -9999.0 -9999.0 -9999.0 -9999.0 -9999.0 -9999.0 -9999.0 -9999.0 -9999.0 -9999.0 -9999.0 -9999.0 -9999.0 -9999.0 -9999.0 -9999.0 -9999.0 -9999.0 -9999.0 -9999.0 -9999.0 -9999.0 -9999.0 -9999.0 -9999.0 -9999.0 -9999.0 -9999.0 -9999.0 -9999.0 -9999.0 -9999.0 -9999.0 -9999.0 -9999.0 -9999.0 -9999.0 -9999.0 -9999.0 -9999.0 -9999.0 -9999.0 -9999.0 -9999.0
-9999.0 -9999.0 -9999.0 -9999.0 -9999.0 -9999.0 -9999.0 -9999.0 -9999.0 -9999.0 -9999.0 -9999.0 -9999.0 -9999.0 -9999.0 -9999.0 -9999.0 -9999.0 -9999.0 -9999.0 -9999.0 -9999.0 -9999.0 -9999.0 -9999.0 -9999.0 -9999.0 -9999.0 -9999.0 -9999.0 -9999.0 -9999.0 -9999.0 -9999.0 -9999.0 -9999.0 -9999.0 -9999.0 -9999.0 -9999.0 -9999.0 -9999.0 -9999.0 -9999.0 -9999.0 -9999.0 -9999.0 -9999.0 -9999.0 -9999.0 -9999.0 -9999.0 -9999.0 -9999.0 -9999.0
-9999.0 -9999.0 -9999.0 -9999.0 -9999.0 -9999.0 -9999.0 -9999.0 -9999.0 -9999.0 -9999.0 -9999.0 -9999.0 -9999.0 -9999.0 -9999.0 -9999.0 -9999.0 -9999.0 -9999.0 -9999.0 -9999.0 -9999.0 -9999.0 -9999.0 -9999.0 -9999.0 -9999.0 -9999.0 -9999.0 -9999.0 -9999.0 -9999.0 -9999.0 -9999.0 -9999.0 -9999.0 -9999.0 -9999.0 -9999.0 -9999.0 -9999.0 -9999.0 -9999.0 -9999.0 -9999.0 -9999.0 1909.191388 1892.214092 1878.031371 1875.119158 1897.502744 1921.342983 1945.760394 1966.912113
-9999.0 -9999.0 -9999.0 -9999.0 -9999.0 -9999.0 -9999.0 -9999.0 -9999.0 -9999.0 -9999.0 -9999.0 -9999.0 -9999.0 -9999.0 -9999.0 -9999.0 -9999.0 -9999.0 -9999.0 -9999.0 -9999.0 -9999.0 -9999.0 -9999.0 -9999.0 -9999.0 -9999.0 -9999.0 -9999.0 -9999.0 -9999.0 -9999.0 -9999.0 -9999.0 -9999.0 -9999.0 -9999.0 -9999.0 -9999.0 1956.515073 1962.702613 1963.649479 1953.968268 1943.219538 1930.775240 1910.835707 1893.442215 1879.774697 1878.031382 1881.163845 1885.712822 1908.005954 1933.666200 1954.087301
-9999.0 -9999.0 -9999.0 -9999.0 -9999.0 -9999.0 -9999.0 -9999.0 -9999.0 -9999.0 -9999.0 -9999.0 -9999.0 -9999.0 -9999.0 -9999.0 -9999.0 -9999.0 -9999.0 -9999.0 -9999.0 -9999.0 -9999.0 -9999.0 -9999.0 -9999.0 -9999.0 -9999.0 -9999.0 -9999.0 -9999.0 -9999.0 -9999.0 -9999.0 1862.095419 1879.631612 1898.156933 1917.229961 1934.666203 1942.069753 1948.144295 1954.104959 1950.258393 1946.289137 1935.357115 1915.883275 1896.975031 1884.097555 1883.045782 1881.206356 1885.800017 1898.702493 1916.098251 1932.417237 1953.830979
-9999.0 -9999.0 -9999.0 -9999.0 -9999.0 -9999.0 -9999.0 -9999.0 -9999.0 -9999.0 -9999.0 -9999.0 -9999.0 -9999.0 -9999.0 -9999.0 -9999.0 -9999.0 -9999.0 -9999.0 -9999.0 -9999.0 -9999.0 -9999.0 -9999.0 -9999.0 -9999.0 -9999.0 1864.303918 1858.760434 1854.402554 1853.545124 1852.864509 1852.454046 1859.624953 1871.762296 1889.942718 1912.491764 1926.298228 1934.192942 1941.537814 1942.709965 1937.931443 1936.747838 1937.832071 1926.272135 1914.949299 1904.382298 1894.169579 1892.572562 1902.542766 1917.463621 1934.430584 1949.908536 1965.979479
-9999.0 -9999.0 -9999.0 -9999.0 -9999.0 -9999.0 -9999.0 -9999.0 -9999.0 -9999.0 -9999.0 -9999.0 -9999.0 -9999.0 -9999.0 -9999.0 -9999.0 -9999.0 -9999.0 -9999.0 -9999.0 -9999.0 -9999.0 1832.535004 1838.240958 1845.266024 1853.404108 1854.916493 1851.647379 1846.717128 1844.531453 1843.820129 1842.617672 1847.869143 1856.129832 1870.117717 1886.423764 1909.271838 1918.498319 1924.531302 1937.119703 1941.084932 1948.564170 1953.343959 1952.316373 1949.629307 1936.740938 1927.116292 1931.554177 1937.304734 1944.883532 1953.796626 1968.005423 1983.395003 2000.546030
-9999.0 -9999.0 -9999.0 -9999.0 -9999.0 -9999.0 -9999.0 -9999.0 -9999.0 -9999.0 -9999.0 -9999.0 -9999.0 -9999.0 -9999.0 -9999.0 -9999.0 -9999.0 -9999.0 1806.678168 1807.955126 1809.717275 1814.935314 1815.905226 1818.364772 1825.848774 1834.596864 1837.890020 1836.628808 1836.145894 1838.383658 1841.881180 1847.181138 1858.948114 1873.399841 1888.297600 1902.528409 1924.163908 1939.609928 1953.477748 1970.000954 1970.726017 1967.797816 1966.926678 1968.006460 1968.202661 1970.564020 1972.430524 1979.407276 1983.107567 1988.986838 1999.039049 2011.577335 2029.879199 2049.518770
-9999.0 -9999.0 -9999.0 -9999.0 -9999.0 -9999.0 -9999.0 -9999.0 -9999.0 -9999.0 -9999.0 -9999.0 -9999.0 -9999.0 -9999.0 -9999.0 1777.194519 1779.314739 1782.002419 1787.788425 1791.484506 1795.989884 1803.512657 1805.451405 1809.713886 1817.535577 1822.988995 1832.790436 1841.784839 1849.821681 1856.589951 1860.038410 1867.964730 1878.293416 1890.847284 1906.371710 1928.108085 1952.276101 1969.185952 1986.882082 2004.981325 2006.560603 2006.198803 2007.922409 2008.483032 2013.562102 2030.506677 2035.966437 2035.198550 2049.528662 2063.375447 2068.410221 2076.849306 2097.168409 2121.065908
-9999.0 -9999.0 -9999.0 -9999.0 -9999.0 -9999.0 -9999.0 -9999.0 -9999.0 -9999.0 -9999.0 -9999.0 -9999.0 1728.559350 1732.993350 1743.324545 1753.974667 1757.224388 1762.344727 1769.240988 1782.019032 1786.309760 1793.132242 1801.285987 1814.295478 1823.756597 1833.615064 1846.266032 1855.376073 1863.376275 1871.051578 1876.482133 1889.952291 1905.650283 1921.815532 1942.561683 1965.506352 1986.171457 2006.725553 2023.857875 2037.816922 2039.000039 2039.217483 2042.591559 2050.118471 2066.682131 2085.532958 2091.917082 2107.380440 2130.161526 2143.150472 2153.970551 2162.654157 2177.268455 2199.500474
-9999.0 -9999.0 -9999.0 -9999.0 -9999.0 -9999.0 -9999.0 -9999.0 -9999.0 -9999.0 1696.652462 1699.033137 1696.060573 1695.376878 1701.350711 1714.192362 1728.900210 1735.718707 1748.176019 1770.005022 1788.925308 1793.064833 1808.000567 1819.165700 1826.870742 1838.043511 1851.993763 1865.419605 1882.576744 1895.679159 1907.131764 1926.381579 1943.618162 1961.102480 1979.788698 2001.258569 2020.764446 2048.534202 2076.088102 2088.623862 2110.021793 2119.011140 2117.026776 2117.699892 2128.035573 2143.324069 2163.061352 2184.314856 2205.593618 2230.454160 2245.936822 2260.615970 2271.761561 2284.485421 2301.300389
-9999.0 -9999.0 -9999.0 -9999.0 -9999.0 -9999.0 -9999.0 -9999.0 1671.060821 1679.135739 1685.546486 1683.066514 1679.274514 1675.307608 1690.176747 1706.633834 1723.399511 1742.125078 1758.792695 1777.888667 1793.545250 1810.161399 1831.172796 1843.594161 1855.934427 1872.239766 1886.765237 1904.092700 1926.154894 1938.136137 1953.867411 1975.707901 1994.469826 2013.392151 2033.315576 2052.303173 2077.925344 2111.583648 2143.814662 2165.436042 2193.929150 2216.000767 2214.921178 2217.313001 2221.958083 2247.820201 2276.991102 2307.972937 2332.233659 2359.162232 2388.999727 2408.082293 2419.314314 2432.587956 2448.583137
-9999.0 -9999.0 -9999.0 -9999.0 -9999.0 -9999.0 1642.254871 1666.984474 1682.708464 1675.189421 1664.352334 1660.920368 1656.913645 1684.166809 1707.248757 1725.521878 1743.354475 1761.966645 1779.434112 1791.755832 1825.058287 1844.704779 1859.378991 1876.905319 1892.798647 1908.711867 1927.062154 1950.981014 1972.489508 2000.563533 2024.101491 2046.711450 2073.661536 2094.132836 2113.925976 2132.133864 2163.618301 2201.394878 2238.749711 2267.420809 2295.110743 2328.112940 2334.343626 2340.305112 2346.883912 2370.176300 2403.624675 2434.561173 2468.744116 2501.365506 2529.803809 2543.151570 2554.399836 2566.441751 2580.749645
-9999.0 -9999.0 -9999.0 -9999.0 1608.214242 1629.439978 1649.506096 1680.574761 1703.670987 1699.564217 1706.320375 1706.688467 1704.977818 1710.448018 1719.119260 1738.102573 1758.146985 1778.534405 1796.325656 1829.652733 1876.184950 1891.476270 1914.551675 1947.083189 1961.378491 1977.817729 1995.432026 2019.095903 2044.326205 2077.127007 2118.779584 2154.484157 2180.291811 2203.554106 2225.780838 2247.649210 2283.766021 2323.161823 2361.306930 2396.052299 2426.237790 2453.901902 2466.121043 2474.622568 2487.313773 2505.289213 2528.401179 2557.761357 2591.152528 2624.231628 2649.498800 2662.055217 2670.001520 2681.302472 2691.684702
-9999.0 -9999.0 -9999.0 1556.600875 1595.755140 1634.750590 1661.892159 1693.341077 1726.509123 1730.478389 1740.579847 1744.929713 1748.966986 1757.801763 1765.836018 1784.193837 1802.605973 1821.528407 1844.969494 1882.104343 1916.503403 1943.395038 1975.439253 1999.935688 2019.594992 2036.208555 2056.528568 2080.849322 2121.178877 2157.481410 2207.555737 2261.184612 2297.865677 2322.665709 2346.999942 2376.217018 2403.023452 2441.834829 2478.151135 2512.641974 2546.399986 2572.149699 2590.985883 2599.164291 2610.212276 2619.128473 2635.137995 2657.187171 2680.221168 2710.638489 2740.231946 2769.078171 2784.723730 2796.017736 2813.134670
-9999.0 -9999.0 1508.653488 1547.364565 1580.814272 1630.293020 1684.072721 1719.741085 1761.264562 1784.646797 1791.653621 1807.970799 1823.745388 1830.487803 1845.337319 1862.649127 1883.783118 1893.243908 1913.265131 1940.045592 1986.799667 2029.619940 2043.242058 2091.482385 2125.612120 2157.073318 2178.103242 2206.694232 2244.783472 2285.162848 2333.954751 2385.319171 2423.699632 2455.482715 2473.808198 2495.459430 2519.158798 2546.841568 2583.725220 2613.058771 2646.603148 2674.030022 2696.550186 2702.715820 2708.302410 2725.409824 2752.276316 2782.506003 2809.689031 2836.054024 2833.727874 2850.860011 2859.162322 2864.225078 2871.240639
-9999.0 -9999.0 1480.568084 1526.382117 1564.977223 1628.934880 1712.186404 1749.493646 1792.828720 1840.324715 1859.131274 1884.512541 1891.932436 1896.106316 1919.580818 1941.175718 1958.708732 1968.002601 1967.863014 2024.057641 2082.125587 2124.776221 2158.637905 2230.919581 2280.932665 2302.829290 2319.731993 2342.524637 2367.238681 2409.988089 2455.732267 2510.453348 2555.575494 2587.577614 2605.040158 2625.809739 2647.589138 2666.341890 2687.337393 2730.812751 2764.425376 2793.773584 2823.820952 2845.687644 2855.147954 2860.363515 2845.607133 2860.182634 2870.316266 2875.330604 2877.844517 2875.344897 2875.561420 2876.959671 2878.391752
-9999.0 1389.705060 1442.199876 1494.729389 1562.490486 1628.355775 1709.533747 1789.051426 1851.290127 1902.496830 1932.565979 1940.259930 1965.779517 2004.299029 2030.367658 2055.851457 2062.504930 2072.133435 2061.605074 2114.040047 2160.959355 2227.681413 2335.028511 2394.086214 2447.848432 2450.631907 2446.275291 2458.411804 2481.098029 2526.722754 2600.153620 2652.373652 2711.751086 2758.692492 2776.675875 2785.623063 2805.212051 2826.916060 2801.681066 2833.340253 2849.216657 2862.531128 2869.193096 2872.592207 2875.090561 2876.381926 2874.191901 2868.689271 2861.710452 2856.818469 2853.337848 2849.319754 2852.069568 2855.508762 2856.032592
-9999.0 1353.129278 1412.006902 1482.736663 1553.071121 1614.016277 1710.849117 1864.191815 1923.279214 1963.339642 1982.539736 1990.556459 2063.515392 2130.109918 2163.751703 2211.395387 2205.626273 2196.766383 2177.740597 2210.165965 2257.571778 2332.150506 2486.100284 2574.498194 2614.401789 2627.593783 2635.391968 2664.924776 2706.175458 2750.136745 2789.873090 2780.264052 2817.065879 2836.801525 2843.437526 2846.871804 2853.176689 2854.722879 2854.914308 2852.912260 2850.008769 2851.953165 2857.728432 2858.915992 2857.265864 2855.081186 2850.273845 2843.368267 2838.328656 2833.918544 2831.301447 2828.353195 2826.479348 2825.917733 2820.940296
-9999.0 1319.356157 1392.191255 1454.178380 1512.690941 1619.283628 1748.209346 1888.704004 1985.157985 2024.307995 2033.685263 2093.366222 2197.657067 2300.775939 2356.218134 2383.783821 2381.538070 2354.322119 2352.306250 2398.983326 2467.744867 2571.912159 2682.826477 2772.364927 2790.157366 2797.285788 2770.009208 2790.813979 2810.110058 2815.636840 2819.638564 2827.269124 2834.888849 2840.187964 2841.191686 2840.579053 2837.930746 2831.804047 2828.576279 2826.647522 2824.460650 2824.960928 2828.377545 2830.689175 2828.771681 2825.451571 2821.256781 2815.641191 2809.125907 2802.198808 2797.788427 2793.283561 2790.619788 2784.845569 2779.970083
-9999.0 1210.612766 1302.322421 1352.224846 1452.122903 1632.912642 1762.023550 1910.200823 2065.755604 2100.883341 2168.078767 2298.456294 2412.226364 2492.931644 2533.263604 2575.977414 2607.326637 2631.756027 2670.502165 2603.066917 2670.712644 2746.531676 2782.210942 2800.866709 2809.584334 2814.094336 2808.792768 2792.068537 2784.360706 2780.253761 2784.227238 2793.552821 2800.591317 2807.550193 2807.090368 2809.399023 2811.254021 2809.095714 2806.185208 2798.789832 2792.058634 2786.788795 2785.101855 2790.618193 2786.213460 2783.562796 2777.491706 2768.961070 2758.588857 2750.507174 2742.137521 2734.801849 2731.396128 2725.053244 2722.424652
-9999.0 1129.795900 1205.227226 1283.534409 1411.809162 1576.975726 1695.044483 1860.566498 2083.325459 2209.888617 2352.303674 2435.174946 2511.951587 2570.086160 2631.541703 2685.844747 2715.993861 2730.830288 2716.651248 2735.092518 2702.395873 2697.261154 2719.024845 2749.910920 2767.973171 2775.121077 2769.832503 2762.358617 2757.342717 2758.092801 2758.019594 2756.841573 2755.376576 2753.787079 2751.768585 2755.127644 2760.858462 2755.062199 2745.393958 2737.193584 2729.911781 2721.766212 2716.486938 2712.806855 2712.353365 2712.211648 2704.482884 2693.899194 2683.433782 2674.774678 2666.595798 2660.574239 2656.906332 2650.645347 2640.401204
-9999.0 1022.928447 1148.964605 1236.592945 1348.504461 1483.351722 1602.608109 1763.578136 1907.419345 2139.028638 2293.684441 2436.436478 2486.121233 2553.264970 2611.710634 2686.688903 2692.553062 2667.028194 2634.294624 2622.780487 2634.026938 2646.455144 2660.391124 2680.579211 2700.682146 2712.899750 2718.308533 2713.260924 2700.926724 2691.435890 2683.765178 2673.086591 2665.678144 2664.521119 2667.153073 2675.964656 2678.051238 2669.670912 2657.525818 2641.099580 2626.868288 2616.150698 2613.834260 2615.802904 2616.138143 2612.093114 2605.300905 2594.232983 2581.272410 2568.609671 2561.066971 2555.091975 2546.840522 2534.910547 2521.152015
-9999.0 -9999.0 1069.755091 1180.172375 1283.261880 1402.445568 1508.982446 1644.221528 1792.708284 1972.576991 2092.649609 2245.061994 2330.125161 2379.152926 2426.251180 2485.571866 2511.170372 2539.564349 2531.361460 2542.078042 2553.077437 2561.608826 2572.083579 2583.771766 2598.164290 2610.080554 2620.492460 2619.515706 2611.630680 2593.907247 2571.952632 2554.978744 2545.728310 2538.081666 2548.667547 2560.669929 2557.016178 2550.721135 2538.988399 2522.774632 2510.163553 2496.479091 2492.901642 2492.929997 2492.933677 2489.826189 2485.505175 2472.052951 2458.654266 2446.763341 2440.891109 2433.924681 2428.174455 2416.750060 2404.707102
-9999.0 -9999.0 983.902685 1091.199150 1201.495271 1323.374805 1418.497863 1471.482107 1619.291540 1732.645216 1840.570298 1946.382080 2037.010964 2105.285189 2147.653137 2211.792049 2261.665225 2281.763371 2313.148116 2355.366123 2387.087844 2421.797665 2444.313813 2458.105021 2473.543039 2489.010152 2498.587327 2486.677096 2476.473713 2460.249702 2438.409033 2414.055893 2401.499260 2399.155252 2400.048379 2403.702747 2397.408485 2388.467375 2374.678523 2360.571208 2348.348378 2338.216579 2334.316783 2329.851648 2327.763929 2324.426808 2321.116404 2312.863901 2302.041263 2294.808821 2285.638788 2279.609361 2276.458830 2270.292870 2261.623368
