tests/Borden05m/sims/sim_1/output-maps/psiliqL0009N0009.asc
ncols         160
nrows         34
xllcorner     620200.000000
yllcorner     5168000.000000
cellsize      0.500000
NODATA_value  -9999.0
[rows 0 to 25 of 34, columns 0 to 56 of 160]
-9999.0 -9999.0 -9999.0 -9999.0 -9999.0 -9999.0 -9999.0 -9999.0 -9999.0 -9999.0 -9999.0 -9999.0 -9999.0 -9999.0 -9999.0 -9999.0 -9999.0 -9999.0 -9999.0 -9999.0 -9999.0 -9999.0 -9999.0 -9999.0 -9999.0 -9999.0 -9999.0 -9999.0 -9999.0 -9999.0 -9999.0 -9999.0 -9999.0 -9999.0 -9999.0 -9999.0 -9999.0 -9999.0 -9999.0 -9999.0 -9999.0 -9999.0 -9999.0 -9999.0 -9999.0 -9999.0 -9999.0 -9999.0 -9999.0 -9999.0 -9999.0 -9999.0 -9999.0 -9999.0 -9999.0 -9999.0 -9999.0
-9999.0 -9999.0 -9999.0 -9999.0 -9999.0 -9999.0 -9999.0 -9999.0 -9999.0 -9999.0 -9999.0 -9999.0 -9999.0 -9999.0 -9999.0 -9999.0 -9999.0 -9999.0 -9999.0 -9999.0 -9999.0 -9999.0 -9999.0 -9999.0 -9999.0 -9999.0 -9999.0 -9999.0 -9999.0 -9999.0 -9999.0 -9999.0 -9999.0 -9999.0 -9999.0 -9999.0 -9999.0 -9999.0 -9999.0 -9999.0 -9999.0 -9999.0 -9999.0 -9999.0 -9999.0 -9999.0 -9999.0 -9999.0 -9999.0 -9999.0 -9999.0 -9999.0 -9999.0 -9999.0 -9999.0 -9999.0 -9999.0
-9999.0 -9999.0 -9999.0 -9999.0 -9999.0 -9999.0 -9999.0 -9999.0 -9999.0 -9999.0 -9999.0 -9999.0 -9999.0 -9999.0 -9999.0 -9999.0 -9999.0 -9999.0 -9999.0 -9999.0 -9999.0 -9999.0 -9999.0 -9999.0 -9999.0 -9999.0 -9999.0 -9999.0 -9999.0 -9999.0 -9999.0 -9999.0 -9999.0 -9999.0 -9999.0 -9999.0 -9999.0 -9999.0 -9999.0 -9999.0 -9999.0 -9999.0 -9999.0 -9999.0 -9999.0 -9999.0 -9999.0 -115.257471 -132.848407 -149.574621 -151.353214 -128.468295 -105.037700 -81.321883 -60.826314 -42.195551 -23.235380
-9999.0 -9999.0 -9999.0 -9999.0 -9999.0 -9999.0 -9999.0 -9999.0 -9999.0 -9999.0 -9999.0 -9999.0 -9999.0 -9999.0 -9999.0 -9999.0 -9999.0 -9999.0 -9999.0 -9999.0 -9999.0 -9999.0 -9999.0 -9999.0 -9999.0 -9999.0 -9999.0 -9999.0 -9999.0 -9999.0 -9999.0 -9999.0 -9999.0 -9999.0 -9999.0 -9999.0 -9999.0 -9999.0 -9999.0 -9999.0 -67.362331 -61.523075 -60.001322 -70.903068 -82.324986 -94.322214 -114.390740 -132.436724 -148.104322 -151.053417 -148.507991 -142.797451 -119.668233 -95.309870 -75.806293 -58.453557 -39.324956
-9999.0 -9999.0 -9999.0 -9999.0 -9999.0 -9999.0 -9999.0 -9999.0 -9999.0 -9999.0 -9999.0 -9999.0 -9999.0 -9999.0 -9999.0 -9999.0 -9999.0 -9999.0 -9999.0 -9999.0 -9999.0 -9999.0 -9999.0 -9999.0 -9999.0 -9999.0 -9999.0 -9999.0 -9999.0 -9999.0 -9999.0 -9999.0 -9999.0 -9999.0 -159.694483 -142.085399 -123.967626 -105.663462 -89.092914 -82.507560 -76.636006 -70.860276 -74.956527 -79.876973 -91.343292 -110.139338 -130.049964 -144.494997 -147.257093 -149.973725 -145.617536 -132.453769 -115.709269 -99.224792 -78.249608 -55.101474 -45.927855
-9999.0 -9999.0 -9999.0 -9999.0 -9999.0 -9999.0 -9999.0 -9999.0 -9999.0 -9999.0 -9999.0 -9999.0 -9999.0 -9999.0 -9999.0 -9999.0 -9999.0 -9999.0 -9999.0 -9999.0 -9999.0 -9999.0 -9999.0 -9999.0 -9999.0 -9999.0 -9999.0 -9999.0 -154.923866 -160.948127 -166.257839 -167.919574 -169.373776 -170.701748 -163.795408 -151.457048 -133.129735 -111.631405 -98.874158 -91.780495 -85.309131 -84.582799 -89.509478 -91.813180 -91.774987 -103.633629 -115.457484 -126.541047 -137.170085 -138.463786 -128.891472 -114.997697 -98.939601 -84.135500 -68.792537 -55.961665 -40.165284
-9999.0 -9999.0 -9999.0 -9999.0 -9999.0 -9999.0 -9999.0 -9999.0 -9999.0 -9999.0 -9999.0 -9999.0 -9999.0 -9999.0 -9999.0 -9999.0 -9999.0 -9999.0 -9999.0 -9999.0 -9999.0 -9999.0 -9999.0 -184.065644 -178.058893 -171.661851 -164.424417 -163.680394 -168.105986 -173.956798 -177.318182 -179.066948 -180.808603 -176.543560 -168.215076 -154.524655 -138.588783 -116.939771 -108.356538 -101.774238 -89.370778 -87.194244 -82.481241 -78.614560 -80.572256 -83.369103 -95.455975 -104.375176 -98.674556 -92.489082 -86.047216 -78.514106 -65.426288 -49.693411 -31.783978 -10.920467 11.055676
-9999.0 -9999.0 -9999.0 -9999.0 -9999.0 -9999.0 -9999.0 -9999.0 -9999.0 -9999.0 -9999.0 -9999.0 -9999.0 -9999.0 -9999.0 -9999.0 -9999.0 -9999.0 -9999.0 -208.768492 -208.036344 -207.160692 -202.713239 -201.844332 -199.721620 -192.828722 -184.814864 -182.869863 -184.615823 -186.444829 -185.077853 -182.571222 -178.517194 -167.094028 -153.257653 -139.076182 -124.866771 -103.923293 -89.103117 -75.131646 -58.981211 -60.365885 -64.891188 -67.146131 -66.788179 -66.208595 -60.229905 -56.443427 -50.481190 -44.500823 -37.341428 -28.231712 -17.165014 1.683225 22.582925 43.818422 64.108580
-9999.0 -9999.0 -9999.0 -9999.0 -9999.0 -9999.0 -9999.0 -9999.0 -9999.0 -9999.0 -9999.0 -9999.0 -9999.0 -9999.0 -9999.0 -9999.0 -236.961713 -235.221713 -233.270058 -228.061579 -225.714200 -221.932858 -215.238075 -214.344600 -210.648285 -203.699885 -198.856590 -190.469384 -182.771176 -175.567129 -169.757170 -167.177969 -159.508245 -149.819231 -137.825613 -122.024852 -99.930393 -77.013300 -60.551410 -43.724266 -26.791370 -26.367782 -27.497565 -26.340606 -25.385487 -17.237625 1.402550 8.251805 12.245525 31.678087 46.778021 52.947340 61.181631 80.659015 106.304254 134.791130 169.201455
-9999.0 -9999.0 -9999.0 -9999.0 -9999.0 -9999.0 -9999.0 -9999.0 -9999.0 -9999.0 -9999.0 -9999.0 -9999.0 -281.360456 -277.299000 -268.240427 -260.152102 -258.091810 -254.356411 -248.836114 -236.853474 -233.527136 -227.482746 -220.023770 -208.763979 -200.409635 -191.308084 -179.621061 -171.218666 -164.051976 -156.933094 -150.322217 -136.457262 -120.814156 -104.568999 -83.933561 -61.916276 -40.452276 -18.943078 -3.283973 11.448467 15.401433 14.153470 16.375691 25.224471 44.477642 65.179529 79.350584 103.069169 129.082485 145.521080 160.419677 171.666325 187.171208 211.962808 253.205585 295.754645
-9999.0 -9999.0 -9999.0 -9999.0 -9999.0 -9999.0 -9999.0 -9999.0 -9999.0 -9999.0 -316.287100 -313.798497 -317.399777 -316.812845 -312.319945 -300.607190 -287.582016 -280.877988 -269.846833 -249.475804 -232.492874 -229.176593 -214.500173 -204.681770 -198.233535 -187.623147 -174.500506 -161.437213 -143.994131 -131.122274 -118.242186 -97.218065 -80.326809 -63.495691 -45.360195 -25.007026 -3.288378 27.834658 56.634229 72.389216 98.329430 114.134798 112.575096 114.037305 123.699172 143.807692 171.333699 203.160013 231.751748 263.125950 287.330050 305.589789 320.625119 338.985943 362.325366 401.936224 444.246997
-9999.0 -9999.0 -9999.0 -9999.0 -9999.0 -9999.0 -9999.0 -9999.0 -340.214934 -333.461727 -327.281704 -330.489442 -335.416116 -338.874763 -325.973919 -310.309971 -294.528216 -277.673727 -261.903396 -244.203063 -228.706467 -212.202009 -192.929179 -181.126446 -169.248819 -153.970193 -140.086278 -121.874794 -100.081294 -84.958253 -65.398019 -42.763751 -22.441664 -3.455071 16.093742 35.895283 66.587103 103.988335 140.211844 169.127894 201.923679 231.837083 236.144728 242.342971 250.042472 280.722135 318.330605 359.806051 396.632216 428.739429 459.155600 476.915954 489.038769 504.280689 523.282914 542.834176 568.643965
-9999.0 -9999.0 -9999.0 -9999.0 -9999.0 -9999.0 -365.860395 -341.806690 -327.165875 -335.141063 -343.552749 -347.071021 -350.764638 -331.404037 -310.158748 -293.450949 -276.931788 -259.762553 -243.592502 -228.990662 -193.829249 -177.280448 -162.148728 -142.178719 -127.808282 -113.356216 -95.480085 -71.161756 -47.163527 -13.464856 17.720009 46.441079 75.539110 98.138445 119.743161 142.663266 179.686078 224.128259 268.049876 305.637859 342.417304 381.757208 397.680452 407.660872 417.874971 437.973976 469.901478 503.414664 540.473040 573.002141 597.584797 608.833233 619.444756 631.964631 647.100966 660.941290 674.418631
-9999.0 -9999.0 -9999.0 -9999.0 -399.045216 -378.206432 -357.760539 -326.980789 -304.469288 -310.004803 -302.846134 -302.424821 -303.850465 -301.408251 -295.724894 -277.927212 -260.291099 -242.485937 -223.779508 -185.904132 -143.557603 -126.360485 -98.922572 -65.822303 -50.965492 -35.233140 -18.764390 5.664180 37.036881 75.320402 126.425017 171.440447 204.197057 233.392247 259.537466 288.604036 330.085623 378.876372 422.460708 460.509559 494.158549 523.007539 540.461485 550.449984 562.562334 577.537446 597.377383 624.315033 654.322242 684.860671 708.930888 723.008808 731.583211 743.087109 755.784115 768.840196 780.381316
-9999.0 -9999.0 -9999.0 -445.944064 -407.569291 -370.780595 -343.345567 -312.406351 -280.818626 -274.567894 -266.255155 -259.838881 -253.242527 -244.267530 -234.251601 -217.886822 -203.705104 -190.768390 -169.435092 -131.918520 -94.557134 -59.212589 -24.748634 7.837915 32.928204 50.719811 69.809463 97.025378 141.566095 188.099733 247.214414 310.442178 359.767964 393.858056 419.037787 447.513765 474.570488 512.622471 548.794867 581.500470 612.919929 638.819805 659.941620 668.717586 677.300520 686.090302 702.848011 724.220122 745.805952 772.316950 798.854551 820.099279 833.171179 842.766333 858.407205 873.166026 884.256908
-9999.0 -9999.0 -492.255108 -455.411039 -420.222979 -368.557163 -315.948908 -282.403381 -241.488533 -216.194024 -208.775372 -189.799153 -172.355824 -163.439536 -145.972834 -128.028545 -113.984948 -109.923836 -96.125276 -59.361882 -3.483034 49.260159 85.679781 147.632232 186.598400 214.104114 231.534307 260.875932 301.286177 356.920063 414.238931 467.222673 510.270967 544.837251 562.123079 580.796895 604.100419 626.447171 657.587903 685.825927 714.599722 740.493480 763.554859 772.633701 777.500312 792.209274 813.572397 836.740799 858.658907 878.739383 889.935602 895.684480 898.902406 901.238316 904.182090 906.178868 907.165899
-9999.0 -9999.0 -517.243228 -473.327928 -430.600286 -360.384609 -284.344818 -246.453538 -203.022175 -158.025912 -138.102885 -113.175954 -93.348701 -74.605491 -49.388982 -24.311464 -17.781143 -13.477897 -12.501298 45.149082 109.623788 180.056464 256.174057 331.175719 382.197288 398.696267 409.759014 430.088310 457.332564 504.494830 556.298280 606.684449 649.659694 679.916974 695.931153 712.760280 732.992117 750.480632 767.266498 800.836548 822.601489 845.543787 869.904470 888.974572 896.536905 898.807520 894.715975 899.855400 903.477479 905.222584 905.878591 903.093910 902.780994 903.767353 905.110054 900.560855 894.222182
-9999.0 -603.578755 -551.808290 -497.622092 -426.956780 -357.237673 -270.452474 -188.897748 -137.413556 -93.365733 -62.864809 -41.152374 14.093557 66.113823 96.590609 129.176498 129.813222 130.275273 124.339882 173.912322 237.550128 338.008624 458.645701 519.900020 559.759921 566.433149 564.640867 579.106380 604.641788 645.364407 705.395953 745.960404 790.229618 823.834588 836.547165 842.232553 858.437967 876.377032 880.202447 891.719458 896.931426 901.912322 901.819871 903.628874 904.823258 905.510468 902.996464 897.423325 890.103084 884.643054 880.808908 876.605592 879.087174 882.171071 883.232891 876.534460 868.329447
-9999.0 -637.577547 -577.305449 -504.690078 -432.449701 -354.824153 -241.575473 -110.717063 -61.913797 -24.645729 8.572920 58.310357 152.867219 227.602434 272.444981 322.390531 322.203593 311.266832 310.138099 352.779694 411.208925 489.277542 616.965772 699.891049 717.737346 730.666779 740.080998 763.928004 794.682117 823.367094 848.374855 861.012055 874.899897 881.951596 885.104001 887.339521 890.466377 891.690652 889.626640 886.364743 882.308959 883.315143 888.056805 888.820242 886.614609 884.059980 878.982147 871.613684 865.398820 859.688679 856.439084 853.615586 852.022274 851.746005 847.625077 842.153905 832.363940
-9999.0 -661.751118 -592.600728 -526.886917 -453.019078 -327.243282 -203.890776 -73.133115 18.670497 62.120186 116.692872 215.093775 329.582974 423.716884 476.318324 506.774923 520.114002 512.204799 526.612821 572.638355 634.642116 710.070598 775.880304 839.386442 851.736025 855.954559 848.647160 855.673080 862.238334 864.565392 866.496916 868.089575 874.106355 877.607229 877.798042 876.278198 873.153305 866.427615 861.651053 857.817639 854.181219 854.439508 858.242823 860.063171 857.451609 853.409740 848.907752 843.156627 835.796036 827.835391 823.277732 819.216460 816.829630 811.979545 807.273751 801.375411 787.894764
-9999.0 -748.816556 -664.960664 -603.070577 -468.315395 -301.894201 -177.004889 -21.455140 119.152219 179.455174 287.317152 409.121500 512.084443 581.737457 628.341598 677.660215 712.777132 740.158852 771.764065 765.200843 806.290176 840.068866 853.384129 861.247898 859.902728 862.379928 856.047190 837.866117 828.313152 822.469490 824.770878 832.168708 838.858841 844.966753 844.102107 844.971868 845.697436 842.732663 838.908824 829.847221 821.916865 816.928478 816.551342 822.642827 817.495962 813.689059 807.693733 799.689875 790.332338 781.653743 773.559736 766.629969 763.541239 757.802140 756.266723 748.836851 722.672399
-9999.0 -829.491536 -750.692370 -646.472761 -494.715191 -330.529088 -183.118661 -9.097468 191.399071 319.744838 439.041636 507.914058 581.977781 649.908817 718.496767 767.040679 794.891193 805.021397 803.029236 804.483092 775.143740 768.558377 784.783043 809.156857 820.886684 825.287832 816.698459 804.479246 797.070595 796.103722 795.289066 794.881453 794.568547 793.271575 790.735046 792.569942 797.403867 792.403543 784.949073 777.287280 770.631354 763.410642 758.903080 756.587030 754.809745 754.132075 746.568325 735.985880 724.940596 716.124828 707.808240 701.567102 699.066772 694.375510 687.730894 676.795850 650.056183
-9999.0 -916.464993 -801.509935 -698.559552 -562.850979 -422.190064 -283.570165 -111.486848 55.387374 285.388877 466.724131 536.797792 574.459630 626.533937 692.204306 758.764875 772.351139 746.730430 718.547002 700.599413 700.007986 707.860481 721.999694 742.816684 759.681332 768.724666 769.033759 760.072139 746.320398 737.950972 732.616581 724.058445 717.834806 717.120448 716.513302 722.417660 725.680949 717.481903 706.057492 692.060087 679.952988 671.112825 668.742593 669.945912 669.583197 666.108832 658.625685 647.718584 634.435225 622.154876 613.363897 607.111201 600.477562 591.504913 581.531841 570.131924 544.557815
-9999.0 -9999.0 -871.029121 -758.734013 -642.931864 -514.117734 -384.921169 -226.702005 -66.471771 133.097272 271.029489 385.325769 449.141587 498.330349 557.506472 612.291506 629.436610 642.927011 620.723484 619.322915 622.551759 628.280703 639.822804 653.524710 667.235591 676.500801 682.378567 680.082213 670.667194 654.613996 635.728998 620.935503 611.972879 605.561600 613.036014 623.362840 621.678939 615.920649 605.605061 591.854394 580.435928 568.588542 565.661244 566.503710 566.345704 562.907088 556.852171 542.509773 527.176825 512.193185 504.017236 496.239143 489.224563 477.560066 465.373598 451.472922 426.599981
-9999.0 -9999.0 -952.928842 -841.605793 -720.497507 -594.052207 -485.483296 -378.464796 -216.032049 -89.309722 19.934056 118.867902 200.921102 271.749855 328.069641 388.702759 421.337370 434.743879 444.204807 462.146422 484.554246 509.509755 528.451322 543.511113 557.536607 569.269193 577.665583 567.507295 556.696996 539.484194 516.580581 491.566905 477.800278 471.712765 474.502862 480.550808 475.568261 466.160823 452.667205 437.394648 425.169960 413.864395 410.117268 407.802323 406.652148 403.105175 397.899367 385.192659 368.256419 354.523835 342.133594 332.182954 325.941243 315.506293 302.704283 292.518090 270.241912
-9999.0 -9999.0 -9999.0 -913.661238 -815.562087 -729.846682 -632.393777 -555.933652 -459.313748 -342.974604 -235.999984 -131.686018 -62.842037 -5.388094 51.747038 105.832116 144.093476 167.288196 188.302971 242.782989 279.758504 326.933386 368.160980 388.358135 404.715537 419.988679 423.737063 414.886952 404.708460 386.655991 357.542409 326.339852 308.887285 308.261957 306.756559 307.518363 300.708969 294.491344 281.697482 267.253422 252.689445 242.762833 237.860107 232.545050 228.522920 223.775434 218.633160 210.383521 199.366582 187.875673 179.015818 174.293729 169.217472 162.963918 154.473983 144.976280 131.737839
