tests/Borden05m/sims/sim_1/output-maps/psiliqL0009N0017.asc
ncols         160
nrows         34
xllcorner     620200.000000
yllcorner     5168000.000000
cellsize      0.500000
NODATA_value  -9999.0
[rows 0 to 25 of 34, columns 57 to 113 of 160]
-9999.0 -9999.0 -9999.0 -9999.0 -9999.0 -9999.0 -9999.0 -9999.0 -9999.0 -9999.0 -9999.0 -9999.0 -9999.0 -9999.0 -9999.0 -9999.0 -9999.0 -9999.0 -9999.0 -9999.0 -9999.0 -9999.0 -9999.0 -9999.0 -9999.0 -9999.0 -9999.0 -9999.0 -9999.0 -9999.0 -9999.0 -9999.0 -9999.0 -9999.0 -9999.0 -9999.0 -9999.0 -9999.0 -9999.0 -9999.0 -9999.0 -9999.0 -9999.0 -9999.0 -9999.0 -9999.0 -9999.0 -9999.0 -9999.0 -9999.0 -9999.0 -9999.0 -9999.0 -9999.0 -9999.0 -9999.0 -9999.0
-9999.0 -9999.0 14.521900 8.940063 3.513610 -1.576914 -10.729284 -20.035851 -28.698054 -32.673955 -33.551277 -34.353703 -34.682888 -29.297072 -21.257302 -13.541244 -6.225708 -3.764069 -1.251502 1.137317 1.717582 0.457284 -2.788912 -6.091317 -9.520542 -11.008169 -19.371360 -30.897239 -39.904881 -42.688057 -38.160849 -33.604427 -31.042886 -24.901060 -13.924913 -2.891429 5.815116 17.693762 23.300493 28.470877 31.626942 27.496494 23.838263 20.022244 15.152279 4.037470 -9999.0 -9999.0 -9999.0 -9999.0 -9999.0 -9999.0 -9999.0 -9999.0 -9999.0 -9999.0 -9999.0
-3.004544 0.340158 -10.581348 -15.448782 -18.820993 -21.055478 -26.221261 -35.051488 -40.457459 -45.902266 -47.550416 -47.491439 -47.368029 -43.094396 -33.084586 -25.013651 -20.140055 -17.617339 -15.034948 -14.889637 -15.312518 -15.651008 -18.535886 -21.963271 -25.378488 -27.181435 -27.110733 -34.748303 -40.103644 -43.378372 -44.618089 -42.140441 -39.813050 -36.741046 -27.037629 -18.644180 -10.233332 4.022426 16.407241 21.642711 19.186360 14.036347 10.167101 3.576437 -6.403942 -16.998687 -27.488914 -34.832595 -40.389457 -45.791628 -39.786896 -33.424843 -23.216806 -13.073438 -0.993057 11.212943 -9999.0
-18.755555 -15.841231 -26.727961 -35.217034 -39.730866 -39.694329 -37.499153 -41.191460 -45.827843 -49.956374 -41.915177 -40.536645 -39.256025 -35.942804 -32.502356 -30.049519 -27.198827 -21.764443 -12.661931 -9.891881 -9.276271 -9.074189 -10.853033 -13.951734 -15.741714 -18.511313 -23.690358 -24.557818 -24.049972 -23.950675 -18.675549 -17.177676 -15.843486 -22.910448 -19.573748 -13.265320 -6.294583 0.766776 7.840828 12.442227 9.209565 7.780394 -0.839570 -14.983394 -26.762680 -35.763208 -38.480075 -41.844856 -49.729592 -62.129919 -55.358716 -39.923900 -35.335113 -31.716250 -19.801655 -7.475245 2.801940
-33.113121 -30.006301 -35.071287 -34.125089 -32.705329 -31.219718 -32.788237 -35.664571 -36.879119 -23.635157 -13.756822 -11.743516 -8.615112 -5.078955 -6.252087 -18.618880 -21.213818 -12.519860 -1.786813 4.382485 4.762146 4.902173 3.437781 2.451164 1.936908 -0.433671 0.755084 3.576037 4.468773 9.769442 15.575870 18.333448 9.617948 0.134365 0.475114 8.056321 16.024159 23.497525 34.614719 46.357299 44.871422 38.607199 28.967916 14.476677 -9.783300 -30.301052 -41.335389 -48.338741 -55.613546 -56.619358 -59.191912 -48.759730 -47.168709 -45.583308 -37.111482 -26.840572 -16.753155
-17.541656 -8.971166 -14.947265 -20.606064 -24.025675 -23.346563 -22.841046 -18.946992 -5.097068 9.651284 25.615047 28.974170 32.014163 31.947584 22.217737 11.719971 7.429505 22.812273 39.183356 48.027153 49.468226 50.352742 58.741074 56.847648 54.202846 48.728807 51.405112 54.621110 66.541028 74.583939 81.624838 79.662971 67.473028 55.933388 53.591637 55.271166 57.281144 63.239695 73.975616 84.306632 78.970985 70.422155 58.439722 27.641120 -1.934715 -20.247419 -20.460710 -20.714175 -25.941452 -29.670515 -33.880980 -41.954615 -42.815327 -43.774228 -44.555336 -32.742109 -20.645860
33.094060 50.124073 44.529090 36.019624 25.038119 25.683895 29.723684 38.927959 53.561025 73.753877 99.894137 105.029150 109.943241 114.402396 103.523878 90.970109 79.018212 95.594388 106.282554 116.456930 120.723539 133.231355 144.271914 139.389290 130.470208 120.726322 127.813635 142.553034 158.866890 166.124206 169.970189 169.954712 159.303035 153.116481 149.744657 149.684037 145.468676 148.589638 160.070361 175.867618 175.165401 162.434783 136.449019 96.782948 58.439771 33.808344 36.474204 28.647198 21.244760 15.761340 0.297952 -12.319687 -13.548916 -23.920882 -30.837157 -19.859408 -14.150212
87.395683 107.343826 104.339858 93.319047 80.890578 81.447561 90.654196 101.676634 122.885709 149.979215 178.096810 192.044214 200.151852 210.539689 204.068333 194.440615 185.248027 193.007489 206.868317 220.731485 233.570871 247.857504 260.726018 253.478062 242.816017 239.421257 244.721812 263.786509 280.603379 286.706950 289.237280 293.288828 286.081665 278.016280 269.079043 260.847328 253.019255 247.919127 264.270926 279.510768 276.567313 250.292889 222.274184 183.036398 141.332904 103.401322 96.230666 92.453473 88.732856 70.797068 52.659379 31.794910 18.955957 8.293498 -7.928841 -4.075710 0.948948
197.797875 220.921716 226.215642 211.609044 206.456766 212.410353 225.673043 233.795257 250.209238 279.685109 316.101604 342.460616 365.228576 370.322109 361.774511 352.570512 338.908196 334.529747 349.629525 362.378617 374.387206 386.179372 398.383641 405.202357 403.775352 403.685507 406.739301 412.146041 419.658365 426.552190 432.708327 439.047511 438.369306 428.842389 420.587000 410.398624 401.498905 398.160981 397.815672 405.578918 403.468717 380.154673 351.697629 318.418472 278.853777 243.483486 219.441506 218.882900 202.452039 180.698166 154.950272 114.062515 91.595017 71.883129 39.433679 33.151769 42.376090
322.848167 340.583836 356.436890 355.163561 358.149833 362.435670 369.839568 376.014068 385.012250 418.052407 453.817085 485.105168 510.421141 520.108470 511.053499 501.561135 490.393857 481.029350 482.982331 496.357158 512.458574 527.905485 538.479810 542.049993 540.694643 540.938986 542.662814 545.856024 548.493577 553.751971 560.575183 570.698934 582.277446 577.794274 561.257676 547.832623 532.299230 525.291847 522.347700 518.422855 517.548726 512.532128 484.582101 456.732693 424.115878 391.551743 367.252321 347.943330 326.244009 301.804947 254.326864 209.311624 169.979193 137.342282 104.933209 97.987582 121.697459
448.018948 474.026064 489.885239 494.764170 497.697126 501.565013 508.919014 515.537880 524.273476 545.410268 581.246720 618.004025 648.349774 654.699199 647.334049 637.351242 626.902433 617.722188 614.526482 620.872672 630.434836 644.539792 655.418382 665.145800 664.955064 665.192338 665.444481 667.551291 669.116404 670.592707 676.375183 686.946064 696.806365 698.068877 686.831738 670.059450 651.659979 641.438285 633.109756 626.334718 625.260472 625.187367 620.338736 597.279721 562.818357 519.770722 490.202796 466.738613 451.906675 434.938831 412.847631 366.047961 337.561146 302.329164 264.428278 236.906842 269.022088
560.851585 590.643627 610.293818 619.915862 622.055250 626.491013 635.701504 643.925743 655.451158 672.188267 693.502445 721.273276 749.056372 768.105809 766.054150 754.934657 740.029099 736.501624 735.267973 737.264003 742.933167 748.877395 761.872888 774.833249 779.757523 779.951253 778.268817 780.436163 780.921236 781.345450 781.319158 785.163121 791.172127 792.694779 789.313008 774.974528 755.254032 737.690219 726.786108 721.066456 717.658892 717.381985 715.467671 704.313562 677.298424 640.779814 605.841604 581.007052 562.869139 548.307160 536.815375 521.451985 504.160747 475.238389 433.761617 396.942123 388.156676
661.553178 686.732214 711.170891 728.206020 734.138920 742.727063 750.331413 761.840780 776.983450 794.772089 807.402081 823.103428 843.733413 855.724194 861.700370 862.492805 862.263823 864.095850 863.756462 850.177786 851.944163 853.414584 856.629282 861.276545 862.503609 862.296533 861.885338 862.881696 863.042772 863.507924 863.114010 862.469572 863.565414 863.609647 862.957323 858.059135 855.260551 838.371013 826.254325 818.633564 811.025470 802.478510 792.947010 783.122397 767.276333 739.877268 705.988804 675.956562 661.398287 652.961646 645.736798 639.452803 624.146781 602.664297 573.678899 536.834029 500.627756
760.745441 779.057146 804.009247 821.120426 831.243734 841.053590 847.464340 859.520346 871.322286 870.166792 872.424139 874.953256 877.663076 878.839406 879.182512 878.936422 876.510096 875.778306 873.617419 867.984267 858.472166 859.449695 860.296830 862.181486 865.105101 863.207511 863.749545 866.864467 865.795001 860.903923 857.679167 856.212565 856.438152 863.125148 865.762135 865.952864 865.572095 864.723578 864.251625 863.422299 862.584979 861.522450 860.023022 859.251190 849.484300 827.232540 796.462550 763.140163 745.030566 737.111468 736.391256 731.957666 724.308480 704.082996 676.556496 641.392315 604.044981
862.960299 866.527809 872.001049 874.901108 876.562069 879.400383 882.317728 883.045032 879.704583 875.917272 870.980397 869.548042 868.285891 865.933041 866.399874 864.089435 859.673009 855.335913 847.904528 836.103454 823.881032 821.062064 825.142991 829.316501 832.642717 834.486485 836.825200 838.827856 835.115405 828.162520 821.710316 819.864574 826.020887 831.204477 835.432668 835.269513 834.410538 833.207357 834.093584 832.602650 834.068672 841.405936 855.216491 862.703215 864.193649 863.735597 859.575026 851.884071 836.930460 817.010884 818.848705 813.474158 800.701724 777.775765 753.035277 723.597904 694.546379
872.489130 870.280418 864.572171 859.027317 858.471630 862.439011 869.198569 870.472361 863.267453 854.406105 846.247757 838.646047 836.058841 834.178358 832.954726 832.284611 826.140827 817.347922 800.149973 786.391480 773.804778 766.913005 764.986816 769.772708 778.208658 785.930486 789.775599 784.380613 778.013504 768.540731 761.038341 761.387813 764.014035 772.456260 784.703861 787.798726 788.828410 785.019940 782.134692 777.694517 777.607904 786.683358 804.055783 820.083887 833.700347 842.206616 850.183656 856.669560 861.899447 862.297680 862.458009 861.686602 858.254275 842.950887 822.563267 799.373543 773.995759
849.692342 843.903580 836.828621 830.794596 828.954324 831.345155 834.287851 830.933104 823.529917 811.941688 798.525278 786.948540 780.153715 779.990477 781.239004 781.038580 774.034759 758.821099 740.052254 725.125849 710.282912 705.543100 700.523385 696.991747 706.945641 722.228942 727.568397 715.378197 706.490068 693.420521 686.359650 683.842449 685.586409 694.786995 713.066841 730.283658 731.519007 723.123078 715.163899 711.647246 710.893889 719.838321 740.289878 761.149412 776.636196 787.615548 795.816639 805.604385 815.854055 827.809429 840.923213 852.228255 862.185175 864.474145 863.292260 859.612723 844.322349
815.977061 806.721100 798.773753 792.086659 787.453365 784.864961 782.225545 775.931557 768.324346 754.859529 741.123137 728.155258 714.154260 710.220755 707.215203 708.309236 696.639514 684.885783 664.921285 648.709464 632.645409 622.737250 616.567385 610.669012 616.048610 631.353098 640.158397 626.126501 616.210211 603.451886 597.326716 594.302607 595.966198 605.803341 628.047078 646.422635 653.049272 645.653060 640.363268 638.484906 638.804532 645.705521 662.443654 683.703038 705.016504 721.463104 732.516973 742.043139 753.493387 768.903897 784.307621 800.335231 818.346338 838.014801 852.737411 861.993938 866.740040
772.330585 761.596785 750.495950 739.589646 733.204222 733.577198 726.552674 719.757630 706.329063 662.693415 645.053668 627.003360 611.715978 605.897708 598.384680 592.117051 582.351823 574.669575 564.961769 548.880951 531.464151 515.676260 510.162264 505.511506 498.469244 505.192716 508.784337 509.748828 502.581824 496.156649 493.341426 491.002457 494.577227 507.983938 520.462410 531.594107 537.742622 535.251635 541.736952 548.223965 551.491948 567.670910 582.454828 601.151327 623.325590 646.962114 660.636144 671.269223 683.355296 700.068692 718.265421 737.477660 761.391128 787.023001 804.876029 817.246300 829.902076
721.369496 706.910637 693.985126 681.268996 668.707775 668.877604 664.768876 656.766695 619.574085 577.524690 545.873807 527.512574 505.902607 494.814971 484.478759 460.725802 446.804964 439.188249 441.530443 430.332568 412.770959 397.845923 389.521421 382.925789 370.754994 364.006127 368.285639 379.054444 373.794836 371.385269 374.827798 372.991555 370.441884 377.746567 392.513745 401.385121 411.213926 421.759632 427.031530 435.628010 460.983459 475.904533 491.857035 512.877532 535.552562 558.940532 579.251870 593.060630 608.264227 627.912846 645.829159 667.959021 692.914488 722.579507 743.525815 759.400199 772.624135
649.396102 633.179907 616.508184 597.555593 576.992441 574.196412 566.698644 550.002196 506.168745 465.582608 434.551544 411.978858 387.071151 368.612752 342.813023 310.980713 290.249014 292.827869 298.969905 296.790343 281.194303 266.598476 254.864338 240.631369 224.334296 213.232354 221.441646 230.512837 236.767533 239.774852 243.655980 245.543822 244.588663 241.996167 250.490678 260.568028 272.246476 283.822680 297.318124 327.459282 354.223421 373.292042 395.665895 417.734101 442.254142 467.619676 489.924247 506.812463 526.202212 546.415440 568.147105 590.305023 616.614667 647.040478 672.070525 688.662290 704.243568
569.580957 547.749796 523.043447 486.683285 471.538323 462.274561 450.889517 416.929841 374.187637 335.851340 308.272225 281.239823 254.343393 225.225636 191.904851 162.063303 140.765069 146.467955 152.887818 162.021586 148.533391 135.264545 127.265674 111.534191 96.575613 82.146811 90.168975 99.990727 116.073464 119.989297 123.412925 129.868363 128.729015 126.913550 120.503936 130.352510 141.660443 156.448163 185.274098 213.523570 241.409709 266.111869 290.294998 316.571172 344.366049 371.956543 399.707859 421.143670 441.982437 464.917407 486.614041 506.942179 530.064968 557.762670 582.016182 602.450889 624.163265
471.846652 447.877716 413.088384 369.297180 335.835578 320.723440 284.420706 248.539153 207.184180 183.101615 160.499445 134.218599 109.717532 85.957953 57.337203 32.527635 8.112624 11.505903 23.424853 36.764701 29.159976 24.127690 20.146537 8.029487 -6.064322 -19.806147 -16.117082 -1.178409 15.607577 22.541529 28.973707 36.500116 36.663033 30.419925 22.475531 28.641844 42.893747 59.824361 82.934236 107.692310 132.373706 155.846450 182.075262 210.036819 238.958000 269.980513 301.687410 326.080474 353.693756 381.471485 403.996427 418.966788 436.167276 462.735120 483.193324 506.446729 530.149339
365.592837 337.761863 295.054867 248.747868 201.857702 161.639609 125.827141 91.575720 69.289509 47.638784 27.134716 6.844616 -15.330318 -36.252383 -56.686330 -79.333769 -98.989605 -94.015539 -80.812914 -68.754999 -66.906688 -70.197522 -73.540870 -81.633275 -95.392710 -106.793018 -98.639910 -83.143185 -67.910937 -58.000418 -51.301341 -45.005016 -47.666980 -55.716017 -62.234196 -54.139614 -38.449513 -22.890854 -4.342934 18.243999 41.152746 64.492894 89.320819 114.816990 143.322457 173.357290 204.350466 235.092864 264.257224 291.981047 308.063814 323.623267 336.247818 356.760224 378.445598 402.025295 427.865185
233.596224 202.157677 164.201892 120.492870 85.322891 50.633060 17.745928 -14.308186 -40.621761 -59.529746 -70.739343 -86.419999 -106.480506 -120.753268 -138.168119 -157.479230 -159.059692 -155.597780 -143.470842 -141.325366 -140.723985 -143.822812 -145.059790 -149.941040 -161.670643 -155.868160 -148.074557 -133.058907 -122.020342 -112.630788 -106.278960 -102.039994 -102.506025 -109.504425 -106.628371 -99.222022 -84.336746 -72.110955 -56.305197 -34.786746 -16.487452 4.066322 27.350622 51.720333 77.788557 105.839333 136.426385 165.000323 189.400536 203.862075 219.058251 229.700747 229.068185 248.149034 268.246703 288.764143 316.697280
101.925043 73.591668 44.707583 10.822926 -22.999339 -54.473582 -85.505300 -115.806918 -141.082979 -151.266773 -162.652399 -174.779075 -188.607401 -202.749135 -215.582965 -216.274333 -218.776111 -219.275168 -217.432220 -214.482084 -212.017303 -213.091364 -214.278847 -213.770115 -208.151028 -203.941367 -198.373336 -187.771021 -176.613395 -166.335563 -162.236396 -157.991328 -155.076131 -151.826526 -149.193951 -144.644630 -133.036271 -121.016706 -107.390604 -90.036645 -72.137159 -52.659018 -29.697054 -6.185939 19.167937 47.283600 76.059603 99.044480 111.777170 124.726697 131.689159 130.275911 129.245535 140.952924 157.724787 174.290196 200.957234
