tests/Borden05m/sims/sim_1/output-maps/psiliqL0015N0017.asc
ncols         160
nrows         34
xllcorner     620200.000000
yllcorner     5168000.000000
cellsize      0.500000
NODATA_value  -9999.0
[rows 0 to 24 of 34, columns 56 to 111 of 160]
-9999.0 -9999.0 -9999.0 -9999.0 -9999.0 -9999.0 -9999.0 -9999.0 -9999.0 -9999.0 -9999.0 -9999.0 -9999.0 -9999.0 -9999.0 -9999.0 -9999.0 -9999.0 -9999.0 -9999.0 -9999.0 -9999.0 -9999.0 -9999.0 -9999.0 -9999.0 -9999.0 -9999.0 -9999.0 -9999.0 -9999.0 -9999.0 -9999.0 -9999.0 -9999.0 -9999.0 -9999.0 -9999.0 -9999.0 -9999.0 -9999.0 -9999.0 -9999.0 -9999.0 -9999.0 -9999.0 -9999.0 -9999.0 -9999.0 -9999.0 -9999.0 -9999.0 -9999.0 -9999.0 -9999.0 -9999.0
-9999.0 -9999.0 -9999.0 1229.114125 1223.770164 1218.816702 1214.243354 1205.690428 1196.790081 1188.829557 1185.189098 1184.603066 1184.165680 1184.083904 1189.595107 1197.907451 1205.822789 1213.194560 1215.841559 1218.484234 1220.865199 1221.501203 1220.460684 1217.391441 1214.236308 1210.966339 1209.530785 1201.658618 1190.404456 1181.740618 1179.034185 1183.421676 1187.845921 1190.282681 1195.941613 1206.498750 1217.114377 1225.464257 1237.218507 1242.936837 1247.762006 1250.302131 1245.818772 1241.899524 1237.664051 1232.058801 1220.798307 -9999.0 -9999.0 -9999.0 -9999.0 -9999.0 -9999.0 -9999.0 -9999.0 -9999.0
1192.745765 1213.144892 1216.560284 1205.253333 1200.462606 1197.434397 1195.727095 1191.266663 1182.974270 1178.097516 1173.061068 1171.460432 1171.885550 1172.285013 1176.664865 1187.220262 1195.445701 1200.436096 1203.205040 1206.066591 1205.787277 1205.417244 1205.290156 1202.567631 1199.277668 1196.015903 1194.319267 1194.993927 1187.481145 1181.977907 1178.519189 1176.660921 1179.181694 1181.558340 1185.043488 1194.361694 1202.328427 1210.275301 1224.482667 1236.736680 1241.709485 1238.801971 1233.426494 1229.150393 1221.873631 1211.287056 1200.684791 1191.050949 1183.818206 1177.844122 1171.515582 1177.043904 1183.311197 1192.603680 1201.708019 1213.324542
1177.892174 1198.367161 1201.446492 1191.026531 1183.106964 1178.113024 1178.694693 1181.759697 1178.674856 1174.425602 1169.433754 1178.574821 1180.216881 1181.669255 1185.284511 1188.498899 1192.201522 1195.157053 1200.753827 1209.969739 1212.916001 1213.634898 1213.940165 1212.241976 1209.239392 1207.527675 1204.875575 1199.766609 1198.641412 1198.881601 1198.491585 1203.307246 1204.764780 1206.605346 1200.023036 1203.582476 1209.632231 1216.300071 1222.446094 1228.754648 1232.152895 1228.444641 1227.269841 1218.298226 1203.903341 1192.395068 1183.542877 1181.480226 1177.762967 1169.291091 1155.803378 1162.447909 1177.440848 1181.463791 1184.137445 1195.244580
1173.838330 1185.818789 1189.124861 1184.493552 1186.315559 1188.302516 1190.136466 1188.933466 1186.299161 1184.413876 1197.046344 1206.727471 1208.902328 1212.158762 1216.213167 1216.159333 1204.735050 1202.657294 1211.024453 1221.482823 1227.397142 1227.827346 1227.895745 1225.750222 1224.842476 1224.589658 1222.557554 1223.206636 1225.572184 1225.230008 1229.614734 1235.215912 1238.125649 1230.668639 1221.565347 1222.473116 1230.152819 1238.239406 1245.356038 1255.614538 1266.441070 1265.090549 1259.015565 1249.377012 1235.227670 1211.196646 1191.248328 1179.643079 1171.620580 1163.642859 1163.314006 1159.243834 1170.126164 1171.078812 1172.336756 1179.787287
1179.952580 1201.458041 1209.535482 1204.101622 1199.710746 1197.643370 1198.840747 1199.327834 1202.458577 1214.839940 1228.775155 1243.226911 1246.349348 1249.245287 1249.111487 1240.676741 1230.788747 1227.485641 1242.244579 1258.727656 1267.173787 1267.887501 1266.848143 1273.306296 1272.262445 1270.953559 1266.405399 1268.362251 1269.378960 1278.690500 1286.351050 1293.536703 1291.741223 1279.610642 1267.923354 1266.415225 1269.346570 1272.909402 1279.032945 1288.899984 1298.076197 1292.470871 1284.923019 1274.504240 1245.517193 1218.222711 1200.905126 1200.200607 1199.524249 1193.775862 1189.844466 1186.014343 1178.564026 1177.299547 1175.634811 1174.321978
1229.155268 1249.762416 1265.709338 1260.502560 1253.100115 1243.750908 1244.818956 1248.016995 1256.332662 1269.511358 1286.824833 1310.980663 1313.886916 1317.180148 1319.793494 1308.827538 1296.812325 1286.183022 1304.801601 1315.380621 1324.082874 1325.468824 1334.817660 1344.622556 1340.334639 1332.702429 1322.349255 1328.669413 1339.826580 1354.970771 1361.939966 1365.964568 1364.224498 1352.676088 1346.617136 1345.277729 1347.722649 1345.479637 1350.210931 1359.833152 1374.318631 1373.044686 1364.063539 1341.052888 1303.222689 1268.656733 1248.359572 1253.647431 1245.895863 1238.102801 1233.802450 1219.219609 1207.817375 1207.147840 1196.820395 1189.933794
1276.035073 1294.741961 1313.400171 1308.734367 1298.852318 1285.788006 1285.540894 1293.176245 1303.864549 1323.227023 1345.943448 1369.755834 1377.266067 1379.613782 1389.635556 1383.613788 1374.501312 1366.723370 1379.438155 1391.433980 1403.164522 1412.551131 1425.353202 1436.763320 1426.356506 1413.831149 1408.094365 1413.624560 1434.098739 1452.004470 1457.081727 1458.051812 1460.312449 1450.414484 1443.861808 1437.350040 1432.602097 1426.900421 1422.772068 1441.370311 1457.884528 1455.749747 1432.048775 1407.395614 1369.901440 1331.320397 1299.351834 1299.590715 1295.708813 1294.157132 1278.795257 1262.787084 1246.558755 1236.927097 1227.153997 1212.664509
1363.817129 1384.624296 1406.435136 1406.630049 1389.845273 1381.547763 1386.550372 1399.772445 1407.552774 1423.807392 1447.400856 1478.625231 1499.053911 1517.396899 1522.100821 1514.394487 1505.947439 1493.389339 1492.630741 1510.666753 1522.695167 1533.112721 1543.542182 1555.926162 1560.729361 1557.641791 1557.051721 1560.447448 1568.369620 1578.020692 1584.691094 1589.698671 1594.722435 1589.671620 1579.001828 1572.953204 1564.390306 1558.082674 1555.398961 1558.690892 1570.410738 1567.570963 1539.551666 1511.976426 1478.933768 1441.128392 1409.411421 1392.762576 1399.491403 1388.650959 1369.667340 1350.408429 1315.864481 1300.040580 1284.122108 1254.904017
1464.602464 1492.313981 1506.931405 1519.905710 1514.347780 1516.010388 1520.535135 1528.433925 1533.675972 1541.823243 1574.560230 1609.459755 1638.329105 1662.570024 1671.354208 1661.304026 1651.998715 1640.237029 1631.204255 1636.405116 1651.120215 1667.801123 1683.202202 1694.291259 1697.653527 1696.425260 1696.722367 1698.902872 1701.923936 1705.107299 1711.494241 1718.691358 1728.356110 1738.683400 1732.021820 1715.088549 1702.935667 1689.590685 1684.779179 1683.213273 1681.738730 1681.181493 1671.597044 1638.256497 1608.834049 1576.306632 1548.282656 1527.745543 1515.055970 1494.827021 1471.153115 1423.781417 1383.350419 1348.404764 1321.873543 1294.015762
1578.835024 1609.605170 1632.903620 1648.141634 1650.699052 1653.582575 1656.577195 1662.708762 1668.072105 1675.078869 1698.597330 1736.682905 1774.161472 1804.250961 1807.975629 1798.403967 1788.252701 1778.355851 1767.370659 1764.035120 1772.508994 1784.127641 1800.580044 1811.599397 1820.475789 1819.321646 1819.696222 1820.366107 1822.473682 1824.362845 1826.577557 1833.902487 1846.030176 1857.497613 1858.007754 1843.646423 1826.279166 1808.840597 1801.965676 1796.037901 1789.865869 1789.736725 1789.940415 1780.624695 1754.090155 1717.223228 1674.709044 1649.218937 1628.221445 1614.470336 1597.343291 1568.632529 1514.680607 1482.357870 1446.647356 1413.414767
1692.954262 1722.703363 1753.423978 1771.945862 1779.358260 1779.983900 1782.148977 1790.116963 1796.438212 1806.347465 1823.291398 1848.562207 1878.565971 1905.843832 1922.992385 1918.943154 1905.858641 1888.116027 1882.263568 1880.713207 1882.866167 1889.703044 1898.202306 1913.886832 1929.893218 1935.190621 1935.890730 1933.425619 1935.611052 1936.868446 1937.002753 1938.340343 1943.572695 1950.858593 1953.268827 1947.721473 1930.686030 1909.826430 1895.659464 1886.979936 1882.198139 1880.198816 1881.538009 1881.062664 1868.184630 1837.854024 1798.602521 1765.378333 1743.797278 1727.354328 1712.590830 1700.254059 1677.934417 1658.758917 1626.732972 1582.428610
1795.212685 1821.531444 1848.794951 1873.056700 1889.667904 1893.701964 1899.571355 1905.043050 1914.935280 1930.734112 1950.691293 1965.744222 1983.715925 2005.918988 2019.195033 2024.927013 2024.989279 2023.261376 2024.787291 2024.748468 1992.589775 1995.823653 1998.986574 2007.425149 2016.314052 2019.215175 2019.420280 2018.077301 2019.313831 2019.804193 2019.991864 2019.700550 2020.050342 2022.546460 2023.339267 2021.806377 2013.920389 2019.012504 2001.366069 1988.988286 1981.145907 1973.132509 1964.396411 1954.548492 1944.416640 1927.098910 1899.267204 1865.607223 1838.912420 1827.144034 1819.541720 1811.499942 1804.921634 1788.532644 1766.233809 1734.446946
1899.078639 1915.653991 1936.464553 1965.040289 1984.968659 1995.940705 2005.010157 2010.218895 2022.950757 2036.892860 2030.370412 2035.011208 2039.739702 2044.374203 2046.027323 2046.453965 2046.085851 2043.548053 2042.701770 2040.426330 2035.510375 2025.468220 2026.510434 2027.653197 2029.795373 2033.031016 2031.538431 2032.363313 2035.268503 2033.822082 2028.416707 2024.882016 2023.359778 2023.869443 2030.874162 2033.864870 2034.466629 2032.907512 2032.041765 2031.413483 2029.607413 2027.399359 2024.269328 2020.156434 2024.963205 2014.301396 1990.150903 1955.970931 1919.977104 1906.650029 1902.666507 1902.034425 1898.391327 1891.409536 1872.400082 1844.813779
2014.082530 2027.610104 2022.073440 2034.142331 2040.539019 2043.763244 2046.891879 2049.561441 2051.114681 2047.977287 2044.576553 2039.780328 2038.319665 2036.836211 2034.211935 2034.494754 2032.104996 2027.620611 2023.349203 2015.955275 2004.439567 1992.519307 1989.222872 1993.197019 1997.795671 2001.819644 2004.872861 2008.044283 2008.920253 2004.224489 1996.562294 1989.675799 1987.928366 1994.418632 1999.940891 2005.310313 2006.026768 2004.777926 2002.945682 2003.412395 2001.292249 2002.235106 2009.190572 2022.862599 2028.327096 2031.393687 2030.768835 2021.822902 2005.729694 2000.943301 1981.097009 1984.333674 1979.066828 1967.009718 1945.571800 1921.365044
2041.884086 2041.345661 2039.863129 2034.052357 2028.377628 2027.704298 2031.528216 2038.190011 2039.181769 2031.913197 2023.218724 2015.769145 2008.420403 2005.717630 2003.983957 2002.750124 2002.171576 1996.119401 1987.254552 1970.889951 1958.515144 1946.584437 1939.896339 1937.074361 1941.215239 1950.660888 1960.157516 1964.570007 1957.499910 1950.107792 1939.621972 1931.880146 1932.320855 1934.479890 1943.526071 1957.816769 1962.973983 1963.991121 1959.228492 1955.113116 1949.951800 1948.680760 1956.263280 1971.876410 1987.836926 2002.136580 2010.737606 2018.268198 2024.812322 2027.547798 2028.841066 2029.378456 2027.900779 2026.876426 2010.964715 1989.431356
2027.533542 2020.792456 2015.513113 2008.706775 2002.805574 2000.727431 2002.617576 2004.832419 2000.821059 1993.531033 1982.665069 1970.993582 1960.513657 1953.273200 1953.170743 1954.392295 1954.474268 1947.065627 1931.734047 1913.583795 1899.398822 1884.851879 1880.186484 1874.589048 1869.319843 1879.225996 1896.149563 1902.239293 1888.468177 1878.682775 1864.719599 1857.825724 1854.844122 1856.417983 1865.809339 1886.039651 1906.229155 1908.075226 1898.988960 1890.228798 1886.538171 1885.015600 1892.227380 1910.934240 1931.752642 1947.494271 1957.983758 1964.351495 1973.026347 1982.982785 1995.886625 2009.497690 2020.812581 2028.635587 2033.340618 2030.998997
1999.718238 1991.523655 1983.386009 1975.818162 1969.011623 1964.098842 1961.280061 1957.647838 1950.871554 1942.977308 1926.571401 1913.487188 1900.515373 1885.849729 1881.454737 1877.282123 1877.904724 1865.907488 1855.286253 1836.483528 1820.407977 1804.190870 1792.641060 1786.301993 1779.847375 1782.432917 1796.980705 1805.585768 1793.129589 1783.163673 1771.097388 1765.569274 1762.539514 1764.770990 1775.240917 1796.974893 1815.828980 1823.572371 1816.617352 1813.250648 1812.535727 1812.572862 1819.583905 1834.381352 1854.780057 1876.857327 1894.387059 1904.885327 1913.476728 1924.332487 1939.557150 1954.208113 1968.778473 1986.382329 2007.124770 2022.138164
1962.596205 1952.083160 1941.834301 1930.689726 1919.388834 1912.381785 1912.984815 1905.661291 1898.552285 1880.906419 1832.341994 1812.915175 1794.022690 1777.796243 1771.041897 1762.637291 1752.212376 1742.415660 1735.493555 1729.797492 1714.048042 1696.103939 1679.159433 1673.528210 1669.038580 1657.978127 1660.390882 1662.768070 1669.341840 1662.445192 1657.850126 1656.807842 1654.595050 1657.639663 1671.313255 1682.586639 1692.156408 1699.046004 1699.764542 1708.260137 1715.874716 1722.323228 1739.493149 1753.516736 1771.728514 1793.996946 1819.071596 1833.967483 1844.740358 1856.766523 1873.397000 1890.967560 1909.393988 1932.567805 1958.058612 1974.696727
1915.921633 1901.364635 1886.593662 1873.190947 1859.759968 1845.289355 1845.370086 1841.198218 1831.418997 1786.570059 1743.946382 1710.557629 1691.865452 1668.812067 1656.239325 1643.224727 1613.686627 1598.154645 1592.805539 1599.386895 1590.661198 1573.661006 1559.713502 1550.919972 1543.303226 1529.090830 1517.834749 1522.684178 1536.211139 1533.135093 1532.821706 1537.969262 1536.772362 1532.933894 1536.878399 1551.024263 1558.977791 1569.660438 1583.207414 1588.606930 1600.402511 1629.306651 1644.023340 1660.418600 1681.395384 1704.226925 1728.145774 1750.272475 1765.121415 1781.238206 1801.282186 1819.399577 1841.300763 1865.712597 1895.476967 1916.525407
1846.523052 1826.178782 1808.782379 1790.334388 1767.526251 1746.364394 1743.039570 1735.270664 1713.009475 1664.888181 1625.125846 1596.273429 1573.614720 1549.233355 1528.792361 1498.877719 1466.379333 1445.494200 1452.838749 1460.541654 1463.469503 1449.839797 1437.317755 1427.051916 1412.083434 1396.262933 1383.490171 1392.500710 1401.008979 1411.872359 1416.294826 1420.200265 1423.726104 1422.784430 1417.209549 1420.359227 1429.415582 1440.179956 1451.713422 1467.930784 1499.567470 1525.141377 1543.768733 1565.643594 1586.902374 1610.832827 1636.020133 1659.387719 1677.302695 1697.328205 1717.980059 1740.430169 1762.415837 1788.293915 1818.635218 1844.691330
1767.590647 1740.574074 1717.314999 1689.017442 1648.037371 1632.547354 1622.981632 1607.322502 1567.976512 1525.404236 1493.629207 1472.060419 1447.393806 1423.936314 1396.226113 1364.146610 1338.673768 1318.278526 1325.526575 1332.945408 1345.981496 1334.652180 1324.359992 1318.725066 1303.642728 1289.780553 1274.820098 1281.994131 1292.394415 1311.053094 1315.718232 1319.453276 1327.139652 1326.384271 1323.727481 1313.198149 1321.817320 1332.825686 1347.335991 1376.368636 1401.439112 1426.110514 1448.661246 1470.100316 1493.779197 1518.838631 1544.330862 1571.619405 1592.722798 1613.427980 1636.607142 1658.372074 1677.593008 1699.281251 1726.706422 1750.886015
1660.007463 1637.768227 1613.127248 1574.953103 1531.091429 1495.160823 1476.162603 1434.563065 1400.294146 1368.702786 1354.926776 1337.608032 1314.984187 1293.568837 1272.300750 1246.954578 1224.939273 1200.423212 1204.259629 1217.184772 1231.567163 1227.332073 1224.649869 1221.701589 1210.802680 1197.101358 1183.479095 1187.078964 1202.674852 1219.793584 1227.934797 1234.944137 1242.697217 1242.944568 1235.758723 1227.347000 1233.223555 1248.105459 1264.873221 1285.813914 1308.732581 1331.522763 1353.303551 1377.349030 1402.223853 1427.530872 1454.759880 1483.291131 1505.547205 1530.955945 1557.174081 1577.752611 1591.031523 1605.499311 1630.267688 1650.039670
1554.911057 1530.419028 1503.306719 1462.258634 1420.550821 1378.163602 1336.909029 1303.410436 1272.441238 1257.041844 1238.516723 1221.266506 1203.528146 1182.256705 1163.159388 1144.927666 1122.762024 1106.624432 1112.116274 1124.983768 1135.167727 1138.715156 1135.757623 1132.721249 1125.550197 1111.729066 1103.106449 1111.907760 1127.198728 1141.790015 1152.378667 1159.254950 1165.250013 1162.684843 1154.527386 1149.756598 1158.241616 1174.208764 1189.340762 1206.758750 1228.842572 1250.861790 1273.671425 1297.608381 1321.574225 1348.009995 1375.306298 1403.199117 1431.156340 1456.294223 1479.364045 1492.004214 1504.957596 1512.613269 1529.413344 1549.050842
1432.330644 1406.428744 1377.985591 1345.441823 1307.770593 1278.145265 1245.638697 1214.342941 1183.746649 1157.735081 1141.319439 1131.895823 1117.152580 1098.109650 1084.821473 1067.930444 1051.979580 1053.083554 1055.332251 1065.512963 1065.798236 1066.318891 1063.327390 1062.220317 1058.302957 1048.713593 1056.812245 1064.042892 1078.364114 1088.989687 1098.546919 1104.770771 1108.889057 1109.253115 1103.612677 1107.958518 1115.173990 1129.933831 1142.137405 1157.459897 1178.771111 1196.958204 1217.305701 1240.557591 1264.698751 1290.081588 1317.173543 1346.441617 1372.925455 1394.076986 1404.989185 1417.429967 1424.338150 1419.640808 1435.031462 1451.480636
