tests/Borden05m/sims/sim_1/output-maps/psiliqL0017N0016.asc
ncols         160
nrows         34
xllcorner     620200.000000
yllcorner     5168000.000000
cellsize      0.500000
NODATA_value  -9999.0
[rows 0 to 24 of 34, columns 0 to 54 of 160]
-9999.0 -9999.0 -9999.0 -9999.0 -9999.0 -9999.0 -9999.0 -9999.0 -9999.0 -9999.0 -9999.0 -9999.0 -9999.0 -9999.0 -9999.0 -9999.0 -9999.0 -9999.0 -9999.0 -9999.0 -9999.0 -9999.0 -9999.0 -9999.0 -9999.0 -9999.0 -9999.0 -9999.0 -9999.0 -9999.0 -9999.0 -9999.0 -9999.0 -9999.0 -9999.0 -9999.0 -9999.0 -9999.0 -9999.0 -9999.0 -9999.0 -9999.0 -9999.0 -9999.0 -9999.0 -9999.0 -9999.0 -9999.0 -9999.0 -9999.0 -9999.0 -9999.0 -9999.0 -9999.0 -9999.0
-9999.0 -9999.0 -9999.0 -9999.0 -9999.0 -9999.0 -9999.0 -9999.0 -9999.0 -9999.0 -9999.0 -9999.0 -9999.0 -9999.0 -9999.0 -9999.0 -9999.0 -9999.0 -9999.0 -9999.0 -9999.0 -9999.0 -9999.0 -9999.0 -9999.0 -9999.0 -9999.0 -9999.0 -9999.0 -9999.0 -9999.0 -9999.0 -9999.0 -9999.0 -9999.0 -9999.0 -9999.0 -9999.0 -9999.0 -9999.0 -9999.0 -9999.0 -9999.0 -9999.0 -9999.0 -9999.0 -9999.0 -9999.0 -9999.0 -9999.0 -9999.0 -9999.0 -9999.0 -9999.0 -9999.0
-9999.0 -9999.0 -9999.0 -9999.0 -9999.0 -9999.0 -9999.0 -9999.0 -9999.0 -9999.0 -9999.0 -9999.0 -9999.0 -9999.0 -9999.0 -9999.0 -9999.0 -9999.0 -9999.0 -9999.0 -9999.0 -9999.0 -9999.0 -9999.0 -9999.0 -9999.0 -9999.0 -9999.0 -9999.0 -9999.0 -9999.0 -9999.0 -9999.0 -9999.0 -9999.0 -9999.0 -9999.0 -9999.0 -9999.0 -9999.0 -9999.0 -9999.0 -9999.0 -9999.0 -9999.0 -9999.0 -9999.0 1501.250925 1484.164285 1469.466432 1466.730612 1489.112119 1512.750384 1536.911711 1557.836305
-9999.0 -9999.0 -9999.0 -9999.0 -9999.0 -9999.0 -9999.0 -9999.0 -9999.0 -9999.0 -9999.0 -9999.0 -9999.0 -9999.0 -9999.0 -9999.0 -9999.0 -9999.0 -9999.0 -9999.0 -9999.0 -9999.0 -9999.0 -9999.0 -9999.0 -9999.0 -9999.0 -9999.0 -9999.0 -9999.0 -9999.0 -9999.0 -9999.0 -9999.0 -9999.0 -9999.0 -9999.0 -9999.0 -9999.0 -9999.0 1548.764138 1554.822552 1555.810305 1545.819888 1534.888113 1522.511953 1502.565531 1485.102806 1471.051234 1469.043284 1472.001097 1476.694353 1499.036445 1524.319429 1544.459825
-9999.0 -9999.0 -9999.0 -9999.0 -9999.0 -9999.0 -9999.0 -9999.0 -9999.0 -9999.0 -9999.0 -9999.0 -9999.0 -9999.0 -9999.0 -9999.0 -9999.0 -9999.0 -9999.0 -9999.0 -9999.0 -9999.0 -9999.0 -9999.0 -9999.0 -9999.0 -9999.0 -9999.0 -9999.0 -9999.0 -9999.0 -9999.0 -9999.0 -9999.0 1455.465280 1472.921920 1491.227919 1509.990214 1527.099589 1534.208839 1540.146884 1545.976239 1541.990066 1537.750168 1526.651834 1507.285768 1488.177700 1474.997753 1473.588266 1471.533890 1476.011206 1488.870316 1506.026306 1522.272495 1543.505898
-9999.0 -9999.0 -9999.0 -9999.0 -9999.0 -9999.0 -9999.0 -9999.0 -9999.0 -9999.0 -9999.0 -9999.0 -9999.0 -9999.0 -9999.0 -9999.0 -9999.0 -9999.0 -9999.0 -9999.0 -9999.0 -9999.0 -9999.0 -9999.0 -9999.0 -9999.0 -9999.0 -9999.0 1458.568392 1452.900149 1448.297112 1447.202429 1446.278933 1445.591877 1452.616441 1464.671392 1482.726818 1504.893420 1518.324817 1525.907594 1532.939761 1533.896622 1528.972947 1527.459418 1528.246940 1516.572850 1505.118191 1494.424641 1484.094835 1482.500886 1492.306849 1506.923681 1523.607254 1538.854204 1554.698665
-9999.0 -9999.0 -9999.0 -9999.0 -9999.0 -9999.0 -9999.0 -9999.0 -9999.0 -9999.0 -9999.0 -9999.0 -9999.0 -9999.0 -9999.0 -9999.0 -9999.0 -9999.0 -9999.0 -9999.0 -9999.0 -9999.0 -9999.0 1427.348370 1433.109478 1439.988339 1447.914930 1449.247209 1445.738889 1440.586771 1438.101961 1437.098797 1435.689507 1440.628772 1448.774196 1462.550833 1478.608177 1501.023901 1509.938473 1515.901386 1528.273192 1531.717865 1538.490636 1542.948998 1541.621941 1538.826250 1526.032500 1516.486095 1521.093751 1526.839529 1534.096332 1542.641320 1556.533743 1571.885840 1589.079735
-9999.0 -9999.0 -9999.0 -9999.0 -9999.0 -9999.0 -9999.0 -9999.0 -9999.0 -9999.0 -9999.0 -9999.0 -9999.0 -9999.0 -9999.0 -9999.0 -9999.0 -9999.0 -9999.0 1401.428056 1402.620633 1404.240641 1409.352897 1410.379349 1412.785735 1420.131518 1428.695252 1431.677349 1430.276097 1429.463351 1431.444346 1434.641925 1439.571340 1451.124575 1465.289272 1479.861897 1493.889594 1515.171595 1530.280924 1543.952122 1560.180316 1560.283815 1556.851539 1555.534371 1556.323187 1556.470473 1559.424489 1561.545073 1568.183435 1572.199002 1578.197585 1587.932054 1600.033325 1618.246225 1637.869031
-9999.0 -9999.0 -9999.0 -9999.0 -9999.0 -9999.0 -9999.0 -9999.0 -9999.0 -9999.0 -9999.0 -9999.0 -9999.0 -9999.0 -9999.0 -9999.0 1371.916380 1373.975381 1376.555244 1382.313296 1385.782421 1390.178302 1397.572989 1399.341826 1403.490855 1411.107905 1416.392010 1425.848550 1434.511288 1442.294613 1448.767538 1451.921696 1459.649821 1469.678171 1481.925023 1497.288934 1518.864097 1542.540195 1559.118942 1576.379919 1593.971442 1595.058695 1594.296262 1595.673623 1596.095967 1601.567280 1618.601940 1624.083898 1624.002023 1639.059320 1652.864837 1657.819482 1665.779705 1685.434015 1709.063779
-9999.0 -9999.0 -9999.0 -9999.0 -9999.0 -9999.0 -9999.0 -9999.0 -9999.0 -9999.0 -9999.0 -9999.0 -9999.0 1324.063813 1328.387817 1338.433971 1348.590473 1351.611092 1356.473708 1363.130235 1375.776052 1379.904188 1386.593122 1394.609660 1407.238478 1416.429210 1426.071145 1438.448435 1447.325031 1455.053727 1462.492736 1468.009558 1481.375247 1496.846214 1512.786501 1533.251017 1555.738710 1576.264948 1596.678397 1613.147137 1626.860161 1628.206363 1627.762971 1630.543033 1637.926194 1654.465669 1673.101968 1680.425465 1696.881397 1719.635744 1732.691226 1743.715735 1752.191223 1766.075877 1787.618190
-9999.0 -9999.0 -9999.0 -9999.0 -9999.0 -9999.0 -9999.0 -9999.0 -9999.0 -9999.0 1291.737011 1294.061903 1290.874419 1290.374091 1295.974493 1308.516864 1322.840327 1329.610204 1341.773883 1363.315002 1381.861911 1385.857573 1400.735154 1411.591560 1418.993237 1429.985017 1443.684261 1456.935131 1474.027598 1486.949262 1498.521101 1517.918881 1534.854350 1551.935428 1570.202141 1591.104889 1610.646417 1638.559696 1665.651560 1678.112763 1699.655690 1709.269712 1706.719043 1706.926073 1716.429538 1731.765152 1751.914449 1773.905255 1795.260060 1820.183716 1836.347259 1850.787236 1861.573399 1873.883013 1889.923370
-9999.0 -9999.0 -9999.0 -9999.0 -9999.0 -9999.0 -9999.0 -9999.0 1266.697591 1274.399790 1280.628379 1277.871122 1273.720007 1269.725176 1284.056566 1300.223764 1316.691486 1334.976449 1351.435316 1370.246744 1385.870630 1402.456614 1423.070820 1435.305508 1447.479284 1463.485237 1477.769923 1495.137082 1516.987703 1529.415483 1545.668787 1567.362224 1586.073069 1604.586641 1623.937220 1642.461418 1668.192219 1701.534739 1733.318859 1755.072321 1782.975266 1805.117236 1803.883385 1805.996373 1810.221116 1835.648655 1864.564269 1895.081622 1919.321073 1946.110188 1975.572868 1994.138623 2004.926012 2017.600210 2032.884916
-9999.0 -9999.0 -9999.0 -9999.0 -9999.0 -9999.0 1238.842555 1263.290196 1278.607481 1270.824114 1260.287350 1256.642624 1252.499479 1277.944356 1300.435911 1318.204285 1335.626304 1353.853781 1371.013931 1383.759022 1417.371266 1436.359189 1451.062872 1468.985768 1484.469651 1499.964779 1518.066675 1541.872786 1563.638689 1592.492122 1617.071126 1640.241213 1666.731964 1686.735580 1705.918296 1723.893063 1754.915335 1792.067723 1828.614135 1856.857723 1883.833005 1915.103658 1921.177066 1926.555326 1932.919757 1954.773649 1987.029040 2017.435570 2051.018846 2083.041855 2110.437419 2122.577305 2133.123120 2144.521600 2158.105076
-9999.0 -9999.0 -9999.0 -9999.0 1205.304099 1226.333280 1246.281981 1277.065959 1299.788869 1295.139738 1301.690790 1301.776374 1299.826926 1304.394238 1312.183778 1330.667602 1350.027070 1369.762833 1387.643533 1421.766298 1467.347742 1482.935889 1506.758161 1539.230449 1553.453648 1569.556579 1586.715913 1610.197651 1636.093043 1669.038049 1711.377789 1747.463082 1772.948449 1795.717520 1817.083136 1838.493731 1873.075477 1910.885248 1947.753879 1981.625161 2011.147994 2037.327502 2049.104975 2056.806723 2068.636591 2085.458939 2107.361474 2135.039736 2166.987410 2199.211252 2224.109297 2237.090633 2244.763450 2255.447527 2265.504235
-9999.0 -9999.0 -9999.0 1154.768518 1193.659277 1232.045007 1259.013153 1290.070174 1322.582354 1326.643695 1335.988235 1340.326057 1344.430247 1352.852816 1360.868398 1378.462097 1395.747719 1413.278695 1436.123550 1473.160670 1507.978906 1536.343674 1568.557963 1594.217344 1614.479470 1630.897143 1650.501562 1674.630640 1714.427884 1750.884029 1800.564344 1853.419666 1889.535508 1913.327865 1936.000116 1963.623608 1988.919745 2025.881637 2060.836247 2094.002068 2125.781496 2150.327962 2168.486897 2175.912170 2185.841597 2194.214932 2209.961721 2231.559240 2253.712836 2283.048190 2311.755352 2337.757183 2352.328405 2362.781256 2379.121829
-9999.0 -9999.0 1107.238881 1145.504755 1179.177114 1228.879927 1282.123175 1317.006022 1357.968899 1381.226240 1387.751399 1403.967104 1419.373850 1425.857493 1440.561770 1457.415072 1476.697511 1484.804856 1503.369340 1531.888325 1580.069753 1624.189265 1641.321029 1690.703338 1724.407409 1754.113720 1773.615035 1801.140525 1837.620146 1877.932308 1925.710460 1975.623560 2013.358331 2044.096201 2060.879795 2080.770421 2103.182323 2128.050616 2162.776967 2191.230331 2223.348777 2249.550330 2271.132813 2277.106228 2281.995000 2298.049977 2323.343503 2350.527264 2375.995327 2400.742860 2400.809801 2415.268241 2422.191478 2426.377834 2432.290046
-9999.0 -9999.0 1079.778284 1125.135993 1164.414957 1229.364690 1310.797363 1347.772872 1390.555555 1436.819985 1454.995383 1479.288911 1488.072665 1494.012973 1516.732872 1538.074160 1552.767474 1560.680435 1560.446013 1616.300100 1674.423163 1720.685623 1760.530486 1830.202840 1877.973907 1897.440024 1912.069151 1933.552181 1957.774001 2000.072189 2045.794187 2098.714473 2141.955876 2172.866443 2189.033291 2207.893815 2228.135658 2245.540819 2264.949159 2305.889403 2335.469860 2362.617198 2390.708213 2411.365496 2419.907227 2423.988875 2410.826278 2422.825967 2431.131809 2435.095947 2436.893829 2433.999426 2433.815859 2434.889150 2436.111581
-9999.0 989.876177 1042.179694 1094.948080 1163.123138 1229.469416 1311.316561 1390.654668 1449.950428 1498.685191 1527.535225 1536.406498 1565.904482 1605.011782 1629.912652 1655.008633 1659.436164 1666.724542 1656.544989 1707.036088 1755.266507 1825.403133 1933.158239 1990.982192 2040.539310 2043.118279 2038.526925 2050.606184 2073.409661 2117.638311 2186.977760 2236.090206 2291.741765 2334.044930 2350.015471 2357.405939 2375.403879 2395.597682 2375.580636 2402.691615 2415.784560 2426.778161 2431.430616 2433.905800 2435.579370 2436.182662 2433.343513 2427.242468 2419.703923 2414.307083 2410.375703 2405.945998 2408.369621 2411.575861 2412.079955
-9999.0 953.802117 1012.911505 1083.918141 1154.460569 1218.421808 1317.996074 1466.055076 1522.003198 1559.987608 1579.850615 1593.216532 1666.635242 1731.080516 1763.345690 1808.102215 1801.830554 1792.053691 1775.803908 1808.561167 1857.131672 1931.384960 2079.428762 2165.541076 2200.248196 2212.802717 2220.453522 2248.495196 2287.371260 2326.637561 2362.764605 2357.184637 2388.970565 2405.505737 2410.771370 2413.242305 2418.170909 2419.008654 2418.232905 2415.559576 2411.958287 2413.159365 2418.099376 2418.561999 2416.233485 2413.393909 2407.921844 2400.344797 2394.668449 2389.728803 2386.644802 2383.316169 2381.267340 2380.720835 2375.860231
-9999.0 921.918759 993.969898 1056.607337 1118.021095 1228.066921 1355.280824 1492.828879 1586.769982 1624.245925 1638.743128 1700.835642 1800.940792 1897.923222 1949.330214 1974.295075 1972.930190 1948.512209 1949.229429 1995.313926 2062.718974 2161.192631 2263.468012 2346.394846 2362.756182 2369.079381 2345.602867 2363.510476 2380.084460 2384.630057 2387.988278 2394.243952 2401.272115 2405.836843 2406.134736 2404.724012 2401.281778 2394.425022 2390.451922 2387.895886 2385.075409 2385.006641 2387.828533 2389.329435 2386.770925 2382.787817 2377.950488 2371.767629 2364.909473 2357.617778 2352.950526 2348.277275 2345.521684 2339.918298 2335.109401
-9999.0 817.472592 907.568213 959.785511 1066.478010 1243.962786 1371.582329 1519.971409 1670.004416 1705.713443 1774.660003 1897.317006 2004.001265 2078.073063 2115.835207 2155.935950 2184.875370 2208.395949 2245.508409 2190.900429 2254.285443 2322.027081 2353.944625 2370.729990 2377.557936 2381.672439 2376.174607 2359.250632 2351.187183 2346.706612 2350.365330 2359.366788 2366.169795 2372.759119 2371.738276 2373.241742 2374.148029 2371.221714 2367.789026 2359.884107 2352.590154 2346.867364 2344.805502 2349.785493 2344.756526 2341.424193 2334.924584 2326.187400 2316.590348 2308.317810 2299.923130 2292.601194 2289.258600 2283.122417 2280.855073
-9999.0 736.635495 812.694039 896.103035 1028.909402 1193.471358 1316.701034 1482.432443 1697.121299 1817.231208 1948.692939 2023.840355 2095.442026 2151.500952 2210.480602 2258.014026 2284.193043 2296.594344 2284.930989 2301.220432 2271.075885 2267.307090 2288.479183 2318.640202 2335.706366 2342.428539 2336.648537 2328.598131 2323.343879 2323.918932 2323.871113 2323.011744 2321.785971 2320.157621 2317.715969 2320.325383 2325.262122 2319.072241 2310.049481 2301.652067 2294.064227 2285.573663 2279.881201 2275.947883 2274.829439 2274.255182 2266.286274 2255.435988 2244.353955 2235.598553 2227.441405 2221.454238 2218.132649 2212.373634 2203.176911
-9999.0 633.705422 757.449079 848.058950 964.590803 1100.307193 1222.750491 1384.570548 1529.795031 1754.041398 1907.530264 2031.073977 2073.857639 2134.044889 2190.196913 2258.182898 2262.115671 2235.339932 2203.939494 2192.529459 2202.806017 2215.608772 2230.587137 2251.463335 2271.188015 2282.917963 2287.480674 2281.945317 2269.610400 2260.645490 2253.797425 2243.891275 2236.948246 2235.956714 2237.833224 2245.777342 2247.605992 2238.568113 2225.490096 2208.957230 2194.547225 2183.591703 2180.710504 2182.076684 2181.956555 2177.836541 2170.857460 2159.909027 2147.030009 2134.725774 2127.252100 2121.522316 2113.886078 2102.940394 2090.859741
-9999.0 -9999.0 680.070490 790.789155 896.293517 1017.178255 1127.768805 1266.513302 1415.133278 1594.230808 1711.139008 1851.022217 1927.645074 1972.609116 2018.407953 2073.212180 2094.497859 2118.199359 2106.941752 2115.837879 2126.023298 2134.532146 2145.521063 2157.766698 2172.123698 2183.595398 2193.201712 2192.116674 2184.157545 2167.151159 2146.381434 2130.447992 2121.700529 2114.532671 2124.544317 2136.071805 2132.459683 2125.730758 2113.637311 2097.719210 2084.743140 2070.810117 2066.866524 2066.713239 2066.498421 2063.317788 2058.895710 2045.836987 2032.789503 2021.080193 2015.497411 2009.012639 2003.540226 1992.505128 1980.711912
-9999.0 -9999.0 594.937944 702.935748 815.257087 937.833039 1035.330069 1098.479186 1247.816396 1361.489858 1466.238254 1566.687610 1651.334275 1714.982340 1755.822217 1816.669409 1861.387193 1879.054400 1905.265750 1942.349944 1971.951060 2004.124113 2025.242869 2038.820484 2053.841266 2068.588603 2077.997684 2066.540179 2056.475563 2040.661027 2019.726258 1996.475004 1984.559184 1981.928979 1983.402159 1987.539009 1981.351354 1971.993386 1957.757587 1942.660332 1929.859855 1919.016284 1914.791956 1910.537314 1908.569407 1905.327428 1902.136241 1894.113817 1883.391136 1876.242238 1867.680389 1861.923804 1859.043224 1852.926069 1844.343064
