tests/Borden05m/sims/sim_1/output-maps/psiliqL0025N0008.asc
ncols         160
nrows         34
xllcorner     620200.000000
yllcorner     5168000.000000
cellsize      0.500000
NODATA_value  -9999.0
[rows 0 to 24 of 34, columns 55 to 109 of 160]
-9999.0 -9999.0 -9999.0 -9999.0 -9999.0 -9999.0 -9999.0 -9999.0 -9999.0 -9999.0 -9999.0 -9999.0 -9999.0 -9999.0 -9999.0 -9999.0 -9999.0 -9999.0 -9999.0 -9999.0 -9999.0 -9999.0 -9999.0 -9999.0 -9999.0 -9999.0 -9999.0 -9999.0 -9999.0 -9999.0 -9999.0 -9999.0 -9999.0 -9999.0 -9999.0 -9999.0 -9999.0 -9999.0 -9999.0 -9999.0 -9999.0 -9999.0 -9999.0 -9999.0 -9999.0 -9999.0 -9999.0 -9999.0 -9999.0 -9999.0 -9999.0 -9999.0 -9999.0 -9999.0 -9999.0
-9999.0 -9999.0 -9999.0 -9999.0 3198.481421 3193.157395 3188.334406 3183.769391 3175.469752 3166.133339 3158.193470 3153.982963 3152.790801 3151.903763 3151.235192 3156.065168 3164.049583 3171.597373 3178.423130 3180.433580 3182.714057 3184.534226 3184.726603 3183.524937 3180.243986 3177.213188 3173.787411 3172.065537 3164.631704 3153.469385 3145.110394 3142.406209 3146.590378 3150.934110 3153.395058 3158.621277 3169.028748 3179.638967 3187.859357 3200.370459 3207.316543 3212.674561 3215.330540 3211.382844 3208.145447 3204.237550 3198.225773 3187.161185 -9999.0 -9999.0 -9999.0 -9999.0 -9999.0 -9999.0 -9999.0
3143.615860 3161.963272 3182.493604 3185.576791 3174.210285 3169.130695 3165.946801 3164.206180 3159.861745 3151.297839 3146.104195 3140.557316 3137.891662 3137.818524 3137.629029 3141.239089 3151.866248 3159.587981 3164.080032 3166.624657 3169.373243 3167.821455 3166.988034 3166.686217 3163.723876 3160.187668 3156.751990 3154.856058 3156.198162 3148.574696 3142.592041 3138.709458 3135.834495 3138.547963 3141.216548 3145.714706 3154.907729 3162.836573 3170.826641 3185.579754 3198.717846 3204.421210 3201.935713 3197.384324 3193.651179 3186.371059 3176.064806 3166.101543 3157.900261 3151.800003 3146.516974 3140.248135 3146.734307 3154.606214 3164.055068
3126.787626 3145.841403 3166.147290 3168.651295 3158.305548 3150.487700 3143.722989 3144.144532 3147.490012 3144.148544 3139.247239 3131.561745 3141.352763 3142.255857 3142.870616 3145.946716 3147.804172 3152.668788 3155.008309 3160.242052 3169.114403 3171.817462 3172.164314 3172.124650 3170.065958 3166.741165 3164.714874 3161.852132 3156.518381 3154.717947 3154.364784 3153.115403 3157.236960 3158.730272 3161.570087 3156.008865 3160.385465 3166.654422 3173.624240 3179.243102 3185.057643 3187.744059 3184.532530 3185.116028 3177.254382 3163.712247 3153.895439 3146.474086 3146.653791 3143.796032 3135.995551 3122.474602 3130.814647 3147.001385 3151.879467
3130.805688 3139.583596 3150.077340 3152.488384 3147.355947 3149.402808 3151.066990 3152.177153 3150.215058 3146.581641 3142.234574 3152.641934 3160.838114 3162.089861 3164.402543 3168.189733 3168.828416 3157.788196 3155.621665 3162.846467 3172.407739 3177.481091 3177.547607 3177.090074 3173.425324 3172.179487 3171.870359 3169.962112 3169.460032 3171.001043 3168.675987 3171.684555 3177.120708 3179.923442 3174.998320 3166.575499 3168.750069 3177.179722 3185.798923 3193.402422 3203.647474 3214.531141 3214.808894 3210.335798 3201.949805 3189.593166 3167.664481 3150.175529 3139.366754 3131.581603 3124.469429 3127.378701 3122.949224 3136.720090 3138.636625
3116.783096 3137.000280 3156.908887 3162.740698 3156.603114 3152.639827 3151.155965 3151.651470 3150.608009 3151.077329 3159.867157 3171.571749 3182.336442 3184.165797 3185.851901 3184.496242 3177.250294 3166.864465 3164.015021 3177.244905 3193.271548 3201.012368 3200.477746 3196.299578 3199.570015 3199.498361 3199.768444 3196.240890 3196.991249 3194.796086 3200.474092 3208.091334 3215.952063 3214.542144 3202.217841 3189.988974 3189.854262 3195.159855 3201.875360 3209.406098 3219.624008 3228.869494 3224.171314 3219.036360 3211.673350 3186.086705 3163.851655 3149.626860 3150.136165 3151.050066 3146.801193 3144.890360 3144.009150 3139.887021 3140.228322
3152.603877 3171.697086 3191.191252 3204.110419 3197.793231 3190.126570 3181.414824 3181.468079 3181.869935 3187.650730 3197.965814 3210.790240 3232.381440 3231.873471 3232.333245 3231.171891 3218.318336 3205.109430 3194.988841 3216.624468 3227.475139 3234.624136 3232.255842 3237.601284 3246.229842 3242.522127 3236.063147 3224.103760 3229.697213 3236.501723 3251.567024 3259.361253 3264.503197 3260.185092 3246.539582 3239.888680 3241.223104 3247.403837 3248.374856 3256.771997 3265.714412 3280.728388 3279.596758 3276.040998 3256.199261 3219.484329 3190.115686 3177.741796 3188.387511 3182.884115 3177.184214 3177.031957 3165.992973 3158.747289 3161.332062
3184.564275 3198.046494 3214.140736 3230.550736 3221.797872 3211.448579 3195.057038 3191.962693 3196.191714 3206.125914 3223.494428 3241.573444 3261.536457 3260.755153 3254.774698 3264.267627 3257.252663 3246.479782 3238.857995 3259.381063 3269.531187 3279.767525 3285.704408 3298.254406 3308.688521 3292.679336 3275.995900 3265.971154 3272.799887 3297.850611 3319.781002 3324.566259 3323.790104 3323.485421 3308.709203 3303.769150 3300.146398 3300.108015 3297.294588 3295.323431 3320.148816 3341.370189 3341.173281 3319.710673 3297.120235 3258.083941 3220.643191 3196.023979 3208.193741 3205.162940 3208.396095 3198.199875 3186.478196 3178.890121 3176.618811
3235.562667 3257.416571 3273.870468 3295.398559 3286.896852 3264.195059 3248.676423 3251.250870 3264.510768 3272.292992 3290.287278 3307.707845 3333.747236 3346.373952 3358.040460 3361.857217 3354.677278 3346.065262 3333.942181 3338.580290 3361.861595 3373.395314 3381.829353 3390.338858 3402.902240 3403.631322 3397.030034 3395.271550 3399.516029 3412.458294 3426.449548 3433.161536 3436.381746 3439.216750 3426.759729 3414.104801 3411.787623 3406.124521 3404.519503 3403.671452 3414.519945 3434.416828 3431.423140 3395.902328 3369.282087 3334.786657 3296.808298 3267.621622 3260.906302 3279.194030 3276.652126 3260.606238 3249.757152 3223.457680 3217.793971
3305.486696 3338.330241 3362.662969 3372.966873 3380.641497 3366.471189 3364.510858 3368.501929 3376.630939 3379.738469 3386.112689 3418.322209 3451.999217 3477.145617 3499.867236 3507.041825 3494.832144 3485.023919 3471.598234 3462.727841 3473.220217 3490.215050 3507.750365 3522.676743 3533.961404 3536.136913 3534.576282 3534.640847 3537.655928 3540.638024 3544.839424 3553.131196 3560.734806 3569.477462 3577.710772 3567.620045 3550.690505 3541.247315 3531.950799 3530.922471 3532.178987 3535.719130 3536.808470 3520.836239 3479.736469 3448.533173 3416.642996 3396.638302 3383.124211 3382.191884 3364.229949 3340.326217 3289.682448 3252.526430 3221.353733
3391.722094 3435.328395 3464.471173 3481.899511 3494.609120 3491.865644 3493.622276 3494.636415 3498.394008 3500.834175 3503.735227 3530.165739 3571.410702 3610.577016 3641.664260 3641.710923 3628.177528 3616.865867 3607.655244 3593.473241 3589.549913 3601.893344 3617.056916 3637.107064 3647.587926 3653.876313 3650.715520 3650.944878 3652.670761 3654.994557 3657.116506 3660.663547 3670.181785 3685.103243 3699.452890 3698.699948 3680.048507 3662.152279 3646.083293 3643.389797 3640.792807 3635.870608 3638.163147 3640.056006 3624.732710 3593.876069 3554.387241 3514.021412 3496.900478 3481.594162 3470.761447 3454.088819 3414.691594 3349.344949 3310.798666
3506.625932 3540.293998 3569.246315 3599.445163 3614.414749 3616.854446 3614.378041 3613.294385 3620.267348 3623.115736 3628.935621 3645.453220 3677.207357 3712.382812 3741.942041 3757.411543 3749.759358 3732.001691 3709.976547 3700.333430 3697.476854 3701.026985 3710.434525 3723.123148 3742.505247 3761.811125 3767.575685 3768.454095 3765.778763 3768.192099 3769.742583 3769.857539 3772.718085 3781.106823 3790.906539 3794.260431 3786.578478 3765.679090 3742.298292 3730.819122 3724.246348 3720.811103 3721.723905 3726.763390 3729.887645 3715.233255 3679.895607 3635.726433 3605.688975 3590.318260 3577.484374 3563.557389 3551.291125 3519.148434 3498.452327
3615.422606 3630.566041 3658.666793 3687.365059 3710.036099 3724.764817 3725.247066 3728.329429 3733.069328 3740.454487 3755.523096 3778.726308 3797.655342 3820.157545 3846.643657 3862.828699 3868.090603 3866.459976 3862.449837 3863.658520 3864.009335 3801.501398 3807.737582 3813.953267 3830.965724 3846.306073 3851.856750 3852.491386 3849.959320 3851.786353 3852.547984 3852.445213 3852.073158 3854.373893 3859.426414 3861.357468 3858.970196 3846.397112 3864.495694 3844.496331 3831.047046 3822.845056 3814.608638 3806.355375 3796.932454 3787.060409 3767.093265 3736.317409 3702.004611 3680.408783 3672.445648 3666.383581 3658.015462 3652.386663 3635.493195
3713.950500 3724.519993 3742.655957 3765.333619 3799.177899 3822.528127 3833.903470 3843.189193 3847.850432 3861.762922 3878.369621 3862.444654 3870.739107 3879.322329 3887.850666 3890.779369 3891.617925 3891.230993 3888.839815 3888.066332 3885.652538 3882.167349 3871.712360 3873.320857 3875.265656 3877.885363 3881.617177 3880.509578 3881.618354 3884.572405 3882.813761 3876.774680 3872.701852 3871.126993 3872.120734 3879.553639 3883.039824 3883.996830 3880.645323 3879.712935 3878.718412 3875.323187 3871.084314 3865.108750 3857.464827 3872.204284 3860.170474 3832.188337 3792.033271 3750.945658 3743.210303 3744.927716 3744.863176 3743.345125 3737.775407
3838.588769 3852.243406 3867.008950 3844.924679 3867.228381 3878.642546 3883.979611 3888.086403 3890.890018 3894.007281 3890.995740 3887.984829 3883.101902 3881.540246 3880.189869 3877.752849 3878.384136 3876.497819 3872.436669 3868.403475 3860.457097 3848.900804 3837.724837 3834.171589 3838.479400 3844.097020 3849.246164 3853.687966 3857.409748 3857.426432 3851.961837 3843.536525 3835.990523 3834.330291 3841.207507 3846.952443 3853.470953 3854.346173 3852.953459 3850.465066 3850.221863 3846.954835 3847.166407 3854.241890 3868.992566 3871.747047 3877.639244 3876.800143 3860.180172 3830.084903 3841.469905 3821.547474 3827.561299 3822.988127 3811.665619
3882.310206 3885.076576 3883.448703 3882.345270 3875.970683 3869.920940 3869.146783 3873.168465 3880.219939 3881.290256 3874.246655 3865.680551 3858.463675 3851.051944 3848.717367 3848.157083 3847.909091 3848.416045 3843.131707 3833.842201 3816.854481 3805.288207 3794.229916 3788.295192 3784.528537 3788.001188 3799.237309 3811.395273 3816.434800 3807.162225 3798.711972 3786.904705 3778.835575 3779.282655 3780.328326 3789.829527 3806.652922 3814.167874 3814.956251 3808.489674 3802.008109 3795.347318 3792.277467 3798.701702 3813.995189 3830.748604 3846.347486 3855.487439 3863.207521 3870.322232 3868.777852 3871.514521 3873.020376 3870.894312 3873.881084
3876.673232 3869.700260 3862.736186 3857.453828 3851.023957 3845.737056 3843.920006 3845.819727 3847.785618 3843.715846 3837.359345 3827.394651 3816.408424 3806.746527 3799.178345 3800.221146 3802.596768 3804.274120 3797.026212 3781.711602 3763.945096 3750.501382 3736.670246 3732.761997 3726.900371 3719.295245 3729.421372 3749.127965 3756.500054 3740.446734 3729.580875 3714.403738 3707.820324 3703.832345 3704.614918 3713.536683 3736.000693 3760.050893 3762.117862 3751.162711 3740.279125 3735.531784 3732.298395 3736.901246 3753.595576 3774.361037 3790.407763 3800.808007 3806.125225 3813.897162 3823.276806 3837.520573 3852.313106 3864.639871 3869.359595
3851.616832 3843.881528 3836.252211 3828.669806 3821.817112 3815.667161 3811.421136 3809.497424 3805.621292 3799.576699 3792.614650 3772.104324 3759.761726 3746.953362 3732.147396 3728.347396 3723.657036 3724.817880 3713.401539 3705.472645 3689.063698 3673.801713 3658.266256 3645.019478 3639.340935 3632.692232 3631.078393 3644.569720 3653.008574 3643.493489 3633.818586 3623.174380 3618.655271 3615.300063 3617.768443 3628.193814 3647.736140 3666.029345 3674.407898 3667.035230 3665.666744 3665.612754 3663.990409 3670.222251 3680.971041 3698.840511 3721.118346 3739.952794 3749.760251 3756.582162 3765.747375 3780.122113 3794.187015 3808.485388 3826.432419
3821.217144 3811.972551 3802.128661 3792.498056 3782.100030 3771.638566 3765.229440 3767.943602 3762.011958 3756.482226 3733.984210 3679.148477 3658.246460 3639.494770 3623.443648 3616.884550 3608.612708 3592.681717 3584.148528 3579.764996 3581.982506 3568.128531 3550.768915 3533.203392 3528.392608 3524.916501 3507.655236 3503.116488 3503.682116 3519.912210 3513.882110 3512.633862 3514.542254 3512.161196 3513.441731 3526.167937 3533.845548 3539.260132 3545.959461 3550.686235 3561.139180 3569.087541 3579.171039 3596.145769 3606.862772 3622.000202 3642.134394 3667.565570 3682.847564 3692.196188 3702.442923 3717.583838 3733.617790 3751.223237 3773.496076
3786.762203 3770.363136 3755.922038 3741.764746 3729.218955 3716.549998 3700.935634 3702.956755 3700.967197 3690.899596 3636.357168 3595.856543 3562.306238 3545.392991 3522.056498 3508.786593 3492.671255 3454.535473 3437.345621 3437.121676 3452.191925 3448.902735 3433.805854 3422.102944 3412.837703 3403.589806 3385.961245 3367.235455 3373.358101 3391.891974 3392.918158 3396.331091 3404.239875 3403.732399 3396.975242 3394.141299 3406.059657 3411.398440 3422.462514 3440.003758 3444.749008 3461.026830 3494.542637 3507.103766 3521.822533 3539.861811 3559.918337 3581.659023 3603.896202 3617.649481 3632.536738 3650.693490 3667.096131 3687.147218 3709.486361
3736.320946 3705.513743 3684.662088 3667.542944 3648.690811 3622.058764 3602.328048 3600.341774 3594.447626 3565.696269 3513.772482 3478.592096 3455.648940 3434.297968 3411.746178 3388.394102 3351.444174 3317.118820 3295.673645 3311.835732 3323.398932 3335.383942 3324.273075 3313.775860 3304.416488 3286.529374 3269.841190 3253.474503 3264.589840 3273.274555 3292.437084 3299.381771 3303.304349 3309.213400 3307.697941 3296.729633 3291.307600 3299.148630 3308.763285 3320.490600 3341.828050 3376.966458 3401.284860 3419.059983 3439.015729 3457.155988 3477.953916 3500.342803 3522.566106 3539.031438 3556.830698 3574.822927 3595.196807 3613.882067 3636.302791
3656.804208 3628.981232 3603.083939 3580.380926 3549.134401 3503.259928 3489.311126 3480.791470 3459.297754 3412.279864 3371.216577 3351.266917 3339.046538 3316.530810 3296.259135 3267.908742 3234.591837 3213.623288 3193.607106 3204.509450 3215.296129 3235.913803 3227.585406 3221.189861 3218.558287 3203.470275 3190.413655 3174.081488 3180.438646 3192.694519 3216.322371 3222.365377 3226.505931 3235.916012 3235.099157 3230.276988 3212.348592 3218.788821 3229.276335 3243.585611 3274.272988 3296.343863 3318.210594 3339.339893 3358.036163 3378.785214 3400.279070 3422.526053 3448.145188 3466.959051 3485.232446 3506.044678 3524.550487 3538.297959 3553.950428
3549.484245 3526.079833 3507.141852 3483.623780 3441.397918 3398.211266 3358.047449 3331.891561 3280.207887 3246.094668 3226.820909 3226.931004 3215.806446 3197.162243 3179.331411 3161.668087 3140.808204 3122.963055 3098.625549 3104.704780 3121.159300 3138.776719 3140.726531 3142.216382 3141.177061 3132.274668 3119.088159 3105.636186 3109.477161 3126.689100 3144.735141 3154.879833 3162.607853 3170.290007 3169.875014 3160.047011 3149.689728 3154.072705 3169.018447 3184.062829 3200.882135 3220.720485 3240.647401 3260.149576 3281.685893 3303.322775 3325.200058 3348.994222 3374.660319 3394.940543 3417.559513 3440.917346 3456.502622 3464.353313 3471.256238
3448.088367 3429.671405 3407.359891 3380.672621 3339.699854 3301.059247 3261.273638 3214.881536 3182.959030 3156.268919 3150.894187 3136.969483 3125.233176 3112.280259 3093.357092 3078.361720 3064.882749 3044.684485 3035.775586 3043.817609 3057.848683 3066.383078 3073.793255 3072.185812 3070.312761 3065.121645 3051.470968 3047.696704 3057.854423 3073.051279 3086.672768 3098.242213 3105.061262 3110.007418 3106.768814 3097.322835 3094.180419 3101.981912 3116.968324 3129.779651 3143.687228 3163.295768 3181.698737 3201.996413 3223.123185 3243.783793 3266.829938 3290.588943 3315.234779 3341.015220 3362.064968 3379.285080 3386.748595 3394.910189 3393.273592
3326.490184 3316.122549 3291.429268 3264.173097 3236.235081 3204.659822 3181.926667 3152.939923 3124.592894 3097.259412 3072.991592 3062.387361 3057.845410 3046.737003 3031.329352 3021.551488 3007.275018 2998.551825 3005.703968 3007.520969 3015.959843 3014.434151 3015.855846 3013.885803 3013.690747 3011.902844 3006.237651 3018.435756 3024.876677 3038.172843 3048.087814 3057.713471 3063.330074 3066.681386 3067.647037 3063.267085 3068.880290 3074.447501 3087.489186 3097.910444 3110.474849 3129.299515 3144.932249 3162.431535 3182.692620 3204.023456 3226.154645 3250.108666 3276.391754 3299.299899 3315.369459 3320.499237 3328.079526 3327.909991 3315.218818
