tests/Borden05m/sims/sim_1/output-maps/psiliqL0015N0013.asc
ncols         160
nrows         34
xllcorner     620200.000000
yllcorner     5168000.000000
cellsize      0.500000
NODATA_value  -9999.0
[rows 0 to 24 of 34, columns 56 to 111 of 160]
-9999.0 -9999.0 -9999.0 -9999.0 -9999.0 -9999.0 -9999.0 -9999.0 -9999.0 -9999.0 -9999.0 -9999.0 -9999.0 -9999.0 -9999.0 -9999.0 -9999.0 -9999.0 -9999.0 -9999.0 -9999.0 -9999.0 -9999.0 -9999.0 -9999.0 -9999.0 -9999.0 -9999.0 -9999.0 -9999.0 -9999.0 -9999.0 -9999.0 -9999.0 -9999.0 -9999.0 -9999.0 -9999.0 -9999.0 -9999.0 -9999.0 -9999.0 -9999.0 -9999.0 -9999.0 -9999.0 -9999.0 -9999.0 -9999.0 -9999.0 -9999.0 -9999.0 -9999.0 -9999.0 -9999.0 -9999.0
-9999.0 -9999.0 -9999.0 1228.342189 1222.993486 1218.033780 1213.452867 1204.890779 1195.979248 1188.005317 1184.349300 1183.745914 1183.289778 1183.187972 1188.677748 1196.967188 1204.858112 1212.204063 1214.824378 1217.440720 1219.797126 1220.411586 1219.353438 1216.270790 1213.106139 1209.829519 1208.389118 1200.513153 1189.255809 1180.589252 1177.880808 1182.267480 1186.692615 1189.132039 1194.794811 1205.356377 1215.976797 1224.332236 1236.093861 1241.823186 1246.664816 1249.228254 1244.775081 1240.891090 1236.692855 1231.122401 1219.887114 -9999.0 -9999.0 -9999.0 -9999.0 -9999.0 -9999.0 -9999.0 -9999.0 -9999.0
1192.044012 1212.421412 1215.818218 1204.494189 1199.694353 1196.658490 1194.942639 1190.471872 1182.167061 1177.275787 1172.222989 1170.604587 1171.010917 1171.390530 1175.749243 1186.281986 1194.483009 1199.447072 1202.188251 1205.021895 1204.716284 1204.323091 1204.177049 1201.440229 1198.140319 1194.871740 1193.169975 1193.840092 1186.322978 1180.815868 1177.354377 1175.495182 1178.017407 1180.397776 1183.888239 1193.212512 1201.185875 1209.139985 1223.355984 1235.621628 1240.611343 1237.727928 1232.384036 1228.145329 1220.908872 1210.362537 1199.799749 1190.214870 1183.022233 1177.082363 1170.783098 1176.335761 1182.622524 1191.929697 1201.044035 1212.666381
1177.195690 1197.650690 1200.714084 1190.282247 1182.354725 1177.353443 1177.926027 1180.979398 1177.880521 1173.615485 1168.606782 1177.730532 1179.354849 1180.788504 1184.383463 1187.575679 1191.253599 1194.181460 1199.747955 1208.932764 1211.849411 1212.542247 1212.826329 1211.112676 1208.099996 1206.381947 1203.724807 1198.610505 1197.479342 1197.713960 1197.320172 1202.134964 1203.594978 1205.441046 1198.866135 1202.434330 1208.493686 1215.171910 1221.328787 1227.649927 1231.065184 1227.381506 1226.239768 1217.307987 1202.956193 1191.490733 1182.679503 1180.657262 1176.976108 1168.536369 1155.077157 1161.746276 1176.759569 1180.798299 1183.482873 1194.596549
1173.159108 1185.123702 1188.418991 1183.781789 1185.600604 1187.583291 1189.409361 1188.194430 1185.545630 1183.645196 1196.263666 1205.932131 1208.094487 1211.336171 1215.372420 1215.296774 1203.846638 1201.738461 1210.071519 1220.494528 1226.375444 1226.776537 1226.821914 1224.660434 1223.744020 1223.486886 1221.451491 1222.095478 1224.454515 1224.106165 1228.487410 1234.088825 1237.002618 1229.552259 1220.457615 1221.375928 1229.068728 1237.169698 1244.300400 1254.572193 1265.414480 1264.086548 1258.043044 1248.443082 1234.334852 1210.342771 1190.429456 1178.855792 1170.861904 1162.910982 1162.607722 1158.561560 1169.465223 1170.434931 1171.704308 1179.160561
1179.325522 1200.825275 1208.903128 1203.475257 1199.091794 1197.027985 1198.221762 1198.699227 1201.818337 1214.191338 1228.124410 1242.579382 1245.704509 1248.596434 1248.448888 1239.992238 1230.074954 1226.736723 1241.456659 1257.901170 1266.312218 1266.997015 1265.935729 1272.381024 1271.332399 1270.024204 1265.476681 1267.432079 1268.445424 1277.755132 1285.416649 1292.606233 1290.815991 1278.690774 1267.009108 1265.510636 1268.457158 1272.039857 1278.182471 1288.064883 1297.253691 1291.663035 1284.135232 1273.741227 1244.778565 1217.503587 1200.200842 1199.508797 1198.844639 1193.110133 1189.195542 1185.384813 1177.954250 1176.705986 1175.050510 1173.738973
1228.671491 1249.296814 1265.268982 1260.091680 1252.717082 1243.385930 1244.459606 1247.654431 1255.968232 1269.156627 1286.497923 1310.694008 1313.636839 1316.948129 1319.556996 1308.567309 1296.515304 1285.841664 1304.416737 1314.957275 1323.630489 1324.996109 1334.333858 1344.135056 1339.850402 1332.224549 1321.878719 1328.205586 1339.371426 1354.526493 1361.507577 1365.542028 1363.807250 1352.257419 1346.196163 1344.861222 1347.324215 1345.109368 1349.871238 1359.516229 1374.012310 1372.735631 1363.742570 1340.713665 1302.858218 1268.259919 1247.929853 1253.190194 1245.416880 1237.609504 1233.303800 1218.724542 1207.332154 1206.670972 1196.343183 1189.445262
1275.894748 1294.669577 1313.400544 1308.805638 1298.984190 1285.960791 1285.733579 1293.377164 1304.079977 1323.484542 1346.279727 1370.194500 1377.794583 1380.193091 1390.221398 1384.170589 1375.007257 1367.173338 1379.840999 1391.808393 1403.528106 1412.917165 1425.728051 1437.152506 1426.758610 1414.247917 1408.525707 1414.072526 1434.567859 1452.497883 1457.594128 1458.575244 1460.836249 1450.927700 1444.364201 1437.856960 1433.137288 1427.484323 1423.407200 1442.045335 1458.568924 1456.404519 1432.636920 1407.891241 1370.282321 1331.575807 1299.490760 1299.635300 1295.675102 1294.058317 1278.644258 1262.601245 1246.354522 1236.707623 1226.909040 1212.379445
1364.391377 1385.350348 1407.309542 1407.635455 1390.954454 1382.728222 1387.769482 1401.009554 1408.814960 1425.134194 1448.848616 1480.226758 1500.787279 1519.201172 1523.907622 1516.154705 1507.639369 1495.010979 1494.203490 1512.222657 1524.259176 1534.695905 1545.150356 1557.563355 1562.401620 1559.344877 1558.778453 1562.185288 1570.112108 1579.765286 1586.434369 1591.432392 1596.441894 1591.378180 1580.711585 1574.695687 1566.202858 1559.988235 1557.391480 1560.730432 1572.449600 1569.556954 1541.433808 1513.706960 1480.471209 1442.452762 1410.538756 1393.722685 1400.306328 1389.327095 1370.215259 1350.850198 1316.229268 1300.341063 1284.346141 1255.032578
1466.370714 1494.315663 1509.144765 1522.302651 1516.889886 1518.650737 1523.219783 1531.123029 1536.365030 1544.543106 1577.357747 1612.360785 1641.310661 1665.576304 1674.325507 1664.204826 1654.820421 1642.989655 1633.912388 1639.098475 1653.822828 1670.530197 1685.965961 1697.104114 1700.522361 1699.348822 1699.678721 1701.865573 1704.867056 1708.023191 1714.373079 1721.529793 1731.159642 1741.471970 1734.828390 1717.953918 1705.912658 1692.708905 1688.018610 1686.509447 1685.021645 1684.398359 1674.704885 1641.213085 1611.606518 1578.883100 1550.674968 1529.967566 1517.102083 1496.684750 1472.816912 1425.262759 1384.687352 1349.610363 1322.929587 1294.899315
1582.079046 1613.066709 1636.561996 1651.974146 1654.679981 1657.663908 1660.691222 1666.791220 1672.104495 1679.080006 1702.597052 1740.700958 1778.177373 1808.218036 1811.853089 1802.180092 1791.943695 1781.978836 1770.956083 1767.604194 1776.082809 1787.727156 1804.228290 1815.321879 1824.295332 1823.230973 1823.664199 1824.337872 1826.408347 1828.240268 1830.382797 1837.626887 1849.687402 1861.119881 1861.649363 1847.356621 1830.126493 1812.861156 1806.132511 1800.259139 1794.062139 1793.859545 1793.962656 1784.527790 1757.859926 1720.858446 1678.220659 1652.611055 1631.480049 1617.576110 1600.285888 1571.421212 1517.328774 1484.859404 1448.957285 1415.494672
1697.567843 1727.462735 1758.313237 1776.964489 1784.503124 1785.216434 1787.388282 1795.277518 1801.494801 1811.319551 1828.198052 1853.415205 1883.341453 1910.506667 1927.519268 1923.346834 1910.172961 1892.367548 1886.485295 1884.924402 1887.080751 1893.950796 1902.509668 1918.298074 1934.438325 1939.878053 1940.672137 1938.229500 1940.372503 1941.553454 1941.574083 1942.787046 1947.907339 1955.124790 1957.530256 1952.033139 1935.122443 1914.434846 1900.412931 1891.781416 1886.968736 1884.900606 1886.156710 1885.595265 1872.633944 1842.229587 1802.916442 1769.632007 1747.979601 1731.449872 1716.593025 1704.172897 1681.782490 1662.520777 1630.365236 1585.889406
1800.930726 1827.310672 1854.626412 1878.954411 1895.650636 1899.738634 1905.577759 1910.927042 1920.680715 1936.368013 1956.232812 1971.194852 1989.044306 2011.090481 2024.203484 2029.799507 2029.775347 2028.000401 2029.517321 2029.485005 1997.343484 2000.611702 2003.843006 2012.394551 2021.444836 2024.522576 2024.878349 2023.601921 2024.811159 2025.191907 2025.220119 2024.750328 2024.941106 2027.320678 2028.064218 2026.545969 2018.751290 2023.978104 2006.450246 1994.116312 1986.257005 1978.195526 1969.402278 1959.498125 1949.316644 1931.959077 1904.101135 1870.419350 1843.699670 1831.903183 1824.276272 1816.224407 1809.651751 1793.265720 1770.941296 1739.087314
1905.650815 1922.227808 1943.023701 1971.596684 1991.538994 2002.497638 2011.481891 2016.543101 2029.127015 2042.955274 2036.338384 2040.878045 2045.462470 2049.917460 2051.391674 2051.678284 2051.226478 2048.661887 2047.830993 2045.589883 2040.703914 2030.700950 2031.810943 2033.078964 2035.401500 2038.862801 2037.585108 2038.545306 2041.437743 2039.848698 2034.220733 2030.449674 2028.710478 2029.050610 2035.949409 2038.912835 2039.561060 2038.093068 2037.313204 2036.728982 2034.925876 2032.697998 2029.538634 2025.396185 2030.177590 2019.498101 1995.338333 1961.152218 1925.152507 1911.827686 1907.860804 1907.268638 1903.691778 1896.790767 1877.845818 1850.277636
2021.359002 2034.858730 2029.253428 2041.233850 2047.542056 2050.658490 2053.643025 2056.147248 2057.558342 2054.323063 2050.848764 2045.959547 2044.346214 2042.661940 2039.844131 2039.977952 2037.506746 2033.009246 2028.779302 2021.443338 2009.970873 1998.088021 1994.864333 1998.970263 2003.778096 2008.070269 2011.411453 2014.777363 2015.663270 2010.784910 2002.844905 1995.661455 1993.647591 1999.916660 2005.284799 2010.583874 2011.307101 2010.110030 2008.340319 2008.851983 2006.755832 2007.705801 2014.658558 2028.323202 2033.781029 2036.844098 2036.219123 2027.273365 2011.181294 2006.405688 1986.589608 1989.885346 1984.711083 1972.771673 1951.444964 1927.303529
2049.792698 2049.212392 2047.611651 2041.623378 2035.746635 2034.864444 2038.479477 2044.951628 2045.802606 2038.455444 2029.713453 2022.187414 2014.676199 2011.748080 2009.796625 2008.396729 2007.724688 2001.659607 1992.843242 1976.548745 1964.218827 1952.329462 1945.716949 1943.040732 1947.404019 1957.146593 1966.957587 1971.600199 1964.552226 1956.970256 1946.178485 1938.116173 1938.263966 1940.180178 1949.043969 1963.232492 1968.359014 1969.397586 1964.680763 1960.616752 1955.501089 1954.266525 1961.874422 1977.504497 1993.477793 2007.788329 2016.397972 2023.932060 2030.475545 2033.218059 2034.537366 2035.127444 2033.732793 2032.815998 2017.013841 1995.564416
2036.040752 2029.236072 2023.786007 2016.707440 2010.492642 2008.106760 2009.720227 2011.708853 2007.543004 2000.176031 1989.271079 1977.527116 1966.873399 1959.387140 1959.041132 1960.067241 1960.027433 1952.577479 1937.271339 1919.172673 1905.031172 1890.529745 1885.949676 1880.498359 1875.449890 1885.632847 1902.847805 1909.142880 1895.402069 1885.451889 1871.218054 1864.026288 1860.770616 1862.108539 1871.317343 1891.428513 1911.565313 1913.412999 1904.368600 1895.673332 1892.058034 1890.607913 1897.881599 1916.637702 1937.496806 1953.271353 1963.786228 1970.168028 1978.845600 1988.806715 2001.728821 2015.376370 2026.747731 2034.644125 2039.428320 2037.156976
2008.710086 2000.409670 1992.039975 1984.117056 1976.904865 1971.603700 1968.446563 1964.544888 1957.581450 1949.578759 1933.100351 1919.914233 1906.752580 1891.831877 1887.174627 1882.776247 1883.235400 1871.149812 1860.506824 1841.721971 1825.673379 1809.498680 1798.027769 1791.823183 1785.557509 1788.375722 1803.151761 1811.917205 1799.482183 1789.397772 1777.120624 1771.354870 1768.094862 1770.124607 1780.429841 1802.051021 1820.848773 1828.593736 1821.690343 1818.415319 1817.816361 1817.974073 1825.095150 1839.986835 1860.465056 1882.610675 1900.197367 1910.736943 1919.353314 1930.228254 1945.475926 1960.155151 1974.760218 1992.405484 2013.194037 2028.251096
1971.810552 1961.117918 1950.577965 1939.028672 1927.273223 1919.829548 1920.047050 1912.408012 1905.062712 1887.251102 1838.550415 1818.963134 1799.847714 1783.351270 1776.317257 1767.655016 1757.021009 1747.079178 1740.078933 1734.350632 1718.592908 1700.660936 1683.766561 1678.232153 1673.885403 1662.992866 1665.568262 1668.050690 1674.639652 1667.661329 1662.920483 1661.703086 1659.317763 1662.205829 1675.751017 1686.933489 1696.464255 1703.372053 1704.167701 1712.794387 1720.578400 1727.206509 1744.550038 1758.730407 1777.082710 1799.478471 1824.666672 1839.655978 1850.501401 1862.585322 1879.264406 1896.875713 1915.336242 1938.540570 1964.061756 1980.726257
1924.994118 1910.193767 1895.085681 1881.256619 1867.356312 1852.423205 1852.079857 1847.541718 1837.463383 1792.370969 1749.524933 1715.892081 1696.919726 1673.562805 1660.686694 1647.386615 1617.597414 1601.870599 1596.390430 1602.891997 1594.111074 1577.077566 1563.130757 1554.383736 1546.853204 1532.748852 1521.592610 1526.506614 1540.040416 1536.909305 1536.495945 1541.524011 1540.204023 1536.254747 1540.111025 1554.202557 1562.145777 1572.874588 1586.528860 1592.094411 1604.103109 1633.245926 1648.201334 1664.826181 1686.023417 1709.065718 1733.182089 1755.483450 1770.481991 1786.726551 1806.878438 1825.081265 1847.047370 1871.509036 1901.314187 1922.396253
1855.082829 1834.449572 1816.680356 1797.784329 1774.491692 1752.842030 1749.053425 1740.861063 1718.227994 1669.778368 1629.705024 1600.525121 1577.520425 1552.796568 1532.036438 1501.829335 1469.071398 1447.975623 1455.170109 1462.767288 1465.609122 1451.909820 1439.350236 1429.088533 1414.161963 1398.402588 1385.689376 1394.736560 1403.245317 1414.070299 1418.426209 1422.249400 1425.691758 1424.675235 1419.043528 1422.165893 1431.232507 1442.053532 1453.696829 1470.080377 1501.939310 1527.766433 1546.662960 1568.818394 1590.367397 1614.590951 1640.063887 1663.699692 1681.861469 1702.111702 1722.962763 1745.578060 1767.696357 1793.682476 1824.115406 1850.249138
1775.258288 1747.911028 1724.238527 1695.458864 1653.966041 1637.965248 1627.904044 1611.776103 1571.996635 1529.036843 1496.896819 1474.960745 1449.927405 1426.132006 1398.131151 1365.808700 1340.133611 1319.574977 1326.699888 1334.025805 1346.988457 1335.603329 1325.282513 1319.652016 1304.600469 1290.782325 1275.860659 1283.055737 1293.450594 1312.080246 1316.696687 1320.373579 1328.001308 1327.193929 1324.496952 1313.944097 1322.563157 1333.599947 1348.172553 1377.307541 1402.521411 1427.374360 1450.142579 1471.835462 1495.804414 1521.178770 1546.998136 1574.617432 1596.047990 1617.070093 1640.545478 1662.573320 1682.022313 1703.910356 1731.514925 1755.854180
1666.379772 1643.771365 1618.682132 1579.997373 1535.604623 1499.161733 1479.682009 1437.617570 1402.917543 1370.949424 1356.847951 1339.227393 1316.321254 1294.659587 1273.190791 1247.685335 1225.542142 1200.921715 1204.675957 1217.537963 1231.872959 1227.607383 1224.915663 1221.978919 1211.107550 1197.439542 1183.844851 1187.457071 1203.047531 1220.143841 1228.250444 1235.218568 1242.929658 1243.138476 1235.920253 1227.483851 1233.345765 1248.225583 1265.006357 1285.977692 1308.949315 1331.818568 1353.708401 1377.897154 1402.953250 1428.479413 1455.965162 1484.789373 1507.368125 1533.121921 1559.690657 1580.605697 1594.198879 1608.960843 1634.005858 1654.036948
1559.657584 1534.782012 1507.226087 1465.690764 1423.500370 1380.673847 1339.029833 1305.178510 1273.891409 1258.221500 1239.466162 1222.012590 1204.094255 1182.670852 1163.452640 1145.127391 1122.887571 1106.689779 1112.133071 1124.963086 1135.120731 1138.654992 1135.698022 1132.674904 1125.525902 1111.729091 1103.125924 1111.936269 1127.223577 1141.799582 1152.364436 1159.211897 1165.176477 1162.581908 1154.397242 1149.601598 1158.063901 1174.011202 1189.126913 1206.533673 1228.614394 1250.642022 1273.474435 1297.451424 1321.478112 1347.999948 1375.413372 1403.462304 1431.622879 1457.014605 1480.380941 1493.340118 1506.624524 1514.614461 1531.746710 1551.715523
1435.361810 1409.128480 1380.335598 1347.438013 1309.433699 1279.517511 1246.758747 1215.238856 1184.442657 1158.259434 1141.698320 1132.149678 1117.298638 1098.166137 1084.806986 1067.860622 1051.866128 1052.935670 1055.157133 1065.317625 1065.589975 1066.106192 1063.118712 1062.022890 1058.121313 1048.548496 1056.660852 1063.898679 1078.218978 1088.835624 1098.377570 1104.581762 1108.678103 1109.019571 1103.356433 1107.679071 1114.870178 1129.604233 1141.780623 1157.074900 1178.358080 1196.518767 1216.842785 1240.075172 1264.202263 1289.579412 1316.679620 1345.979703 1372.532813 1393.802705 1404.884690 1417.539797 1424.696436 1420.270151 1435.951227 1452.712284
