tests/Borden05m/sims/sim_1/output-maps/psiliqL0007N0003.asc
ncols         160
nrows         34
xllcorner     620200.000000
yllcorner     5168000.000000
cellsize      0.500000
NODATA_value  -9999.0
[rows 0 to 24 of 34, columns 56 to 111 of 160]
-9999.0 -9999.0 -9999.0 -9999.0 -9999.0 -9999.0 -9999.0 -9999.0 -9999.0 -9999.0 -9999.0 -9999.0 -9999.0 -9999.0 -9999.0 -9999.0 -9999.0 -9999.0 -9999.0 -9999.0 -9999.0 -9999.0 -9999.0 -9999.0 -9999.0 -9999.0 -9999.0 -9999.0 -9999.0 -9999.0 -9999.0 -9999.0 -9999.0 -9999.0 -9999.0 -9999.0 -9999.0 -9999.0 -9999.0 -9999.0 -9999.0 -9999.0 -9999.0 -9999.0 -9999.0 -9999.0 -9999.0 -9999.0 -9999.0 -9999.0 -9999.0 -9999.0 -9999.0 -9999.0 -9999.0 -9999.0
-9999.0 -9999.0 -9999.0 -396.073340 -401.721386 -407.306154 -412.585988 -421.958608 -431.432171 -440.387944 -444.571806 -445.672758 -446.735507 -447.294944 -442.116804 -434.346705 -426.874083 -419.743641 -417.497919 -415.172228 -412.905268 -412.443947 -413.848298 -417.194586 -420.563450 -424.051988 -425.551935 -434.054052 -445.629625 -454.725453 -457.541109 -453.002587 -448.442174 -445.873198 -439.616161 -428.577860 -417.500524 -408.775889 -396.946943 -391.423846 -386.102154 -382.603091 -386.390236 -389.677312 -393.046182 -397.377556 -408.232450 -9999.0 -9999.0 -9999.0 -9999.0 -9999.0 -9999.0 -9999.0 -9999.0 -9999.0
-433.466512 -414.308712 -411.137574 -421.894579 -426.781950 -430.296891 -432.761874 -438.231024 -447.323950 -453.019546 -458.755506 -460.606783 -460.856300 -461.004811 -456.944886 -447.286683 -439.425635 -434.750952 -432.481552 -430.169576 -430.043264 -430.615826 -431.125372 -434.131090 -437.640678 -441.128596 -442.982723 -443.121240 -450.815874 -456.149450 -459.408352 -460.496917 -458.065421 -455.754764 -452.814605 -443.012627 -434.541128 -426.058343 -411.865980 -399.475628 -394.102459 -396.231921 -401.011698 -404.363425 -410.302425 -419.670846 -429.916931 -440.448949 -447.540541 -452.663985 -457.490631 -451.124184 -444.583758 -433.959556 -423.400357 -411.146514
-450.454849 -431.001331 -428.374770 -439.512106 -448.260211 -452.703544 -452.972667 -451.219957 -455.304537 -460.318304 -464.478866 -457.148405 -456.171890 -455.214458 -452.211546 -448.839445 -446.908237 -444.234345 -439.075149 -430.274456 -427.821451 -427.461269 -427.477242 -429.419425 -432.629997 -434.491589 -437.347307 -442.638101 -443.544444 -443.098932 -442.989445 -437.669746 -436.183381 -434.932860 -442.050973 -438.718376 -432.315601 -425.275651 -417.967999 -410.684218 -405.615715 -408.421884 -409.458153 -417.343805 -430.702225 -441.877313 -450.338639 -452.812025 -455.653302 -462.961814 -474.658960 -467.566156 -451.765422 -446.806989 -442.734863 -430.474642
-459.184243 -447.588227 -444.949219 -450.397657 -449.904628 -448.839352 -447.689479 -449.672324 -453.021038 -454.546067 -441.747973 -432.495930 -431.133737 -428.508174 -425.433935 -427.077438 -439.785422 -442.659614 -434.170272 -423.790070 -417.999439 -418.070164 -418.296703 -419.844878 -421.007001 -421.668216 -424.241779 -423.091213 -420.472151 -419.593624 -414.344071 -408.688325 -405.981457 -414.911927 -424.224876 -423.818389 -416.097876 -408.079909 -400.503177 -389.157606 -377.009185 -378.094360 -383.577496 -392.075687 -405.379332 -428.478884 -448.155963 -458.218494 -464.242731 -470.707951 -471.408328 -473.009651 -462.313230 -460.160015 -458.177713 -449.158419
-456.255608 -435.545747 -427.556209 -434.177013 -440.530639 -444.647812 -444.509411 -444.543921 -441.168715 -427.884838 -414.194747 -399.125177 -396.904985 -394.718742 -395.280275 -405.536992 -416.117104 -420.759400 -405.583097 -389.966733 -381.851864 -381.068908 -380.410623 -371.974237 -374.407541 -377.527635 -383.466706 -381.015095 -377.890500 -365.944934 -358.452374 -351.814503 -353.867443 -365.765959 -376.726431 -378.753164 -376.978045 -375.127065 -369.110939 -358.188341 -347.382573 -351.900168 -359.161463 -369.438072 -398.428926 -426.436702 -443.177702 -441.833188 -440.847257 -444.921536 -447.643302 -451.074668 -458.542471 -458.575992 -458.722554 -458.884256
-409.683411 -391.176753 -375.169438 -381.804770 -391.146920 -403.088529 -403.219767 -399.898906 -391.802004 -378.641490 -359.960460 -335.691723 -332.174881 -328.427472 -324.270373 -335.378216 -347.917646 -360.277522 -344.705065 -335.082812 -325.861844 -322.260762 -310.046541 -299.469900 -304.903538 -314.306503 -324.210143 -317.544396 -302.749636 -287.248571 -280.882923 -277.621376 -277.082876 -287.051597 -292.466773 -295.551605 -295.477610 -299.714436 -296.870886 -284.981060 -268.723096 -268.049660 -279.245601 -302.526457 -338.844728 -374.553663 -397.240877 -392.828695 -398.727801 -404.204879 -408.268698 -422.253025 -433.628495 -433.646662 -442.906069 -448.938329
-365.085727 -347.295113 -329.393413 -333.547748 -345.843478 -358.894465 -359.199040 -351.058921 -342.085934 -323.108469 -298.117366 -272.212092 -259.236463 -251.262543 -241.882075 -249.101705 -258.956909 -268.723574 -263.126277 -249.905165 -236.919618 -224.252238 -210.112375 -196.733848 -202.564810 -212.260798 -214.913738 -210.331339 -192.819264 -177.476287 -171.743261 -168.850076 -163.783173 -169.604325 -177.709309 -186.924612 -195.812077 -204.123075 -209.821830 -194.706605 -180.043321 -182.178636 -206.724589 -231.837690 -266.743990 -304.579896 -339.971838 -345.386641 -345.741819 -346.929374 -362.478092 -377.906022 -397.086072 -408.242019 -416.960458 -432.006826
-273.419766 -251.449493 -231.482020 -226.652298 -241.635342 -246.761444 -241.901708 -230.353361 -224.131905 -209.943689 -180.566862 -142.861505 -112.435920 -83.977019 -77.521996 -89.490796 -103.026996 -120.671843 -128.467801 -114.334380 -99.136451 -81.467477 -61.871721 -43.496621 -31.870128 -31.036649 -30.205243 -26.848220 -22.042132 -14.486802 -5.999155 2.696645 12.001434 13.888434 2.870356 -8.699133 -22.332935 -35.063070 -41.104373 -45.331877 -40.848118 -44.409552 -69.463258 -102.609918 -137.734198 -177.115388 -211.180319 -234.587455 -233.932018 -248.059384 -265.957069 -288.632953 -326.808636 -346.932374 -364.063363 -394.579879
-170.227990 -139.401397 -120.751061 -103.044288 -102.765397 -99.568824 -95.499103 -87.215881 -77.995359 -63.828130 -22.139708 26.682722 79.841004 132.696418 153.588581 134.441771 106.517741 80.127983 61.358232 62.352796 87.653075 129.762723 176.714790 201.886468 211.237899 212.025855 213.177277 215.000934 218.136254 220.564068 225.530610 232.249989 242.196596 253.664251 249.466701 233.421674 220.890560 205.681070 196.680675 186.721532 169.502342 158.554730 141.605641 88.211841 40.010130 -6.706690 -52.046727 -87.455340 -112.843684 -134.478482 -156.310260 -199.926578 -242.394988 -279.336790 -310.241198 -340.560986
-29.553802 12.944830 52.578604 79.819707 91.448792 96.884928 104.748262 122.483382 147.697289 176.940630 207.120786 247.522515 289.467715 326.022290 334.596671 322.863475 305.643268 288.910958 276.974408 275.029655 287.150843 308.744157 337.037503 355.792291 368.197407 369.108160 369.858037 369.850090 371.420164 372.632688 373.182309 377.234734 384.685302 391.718451 393.218306 385.618244 374.501594 362.170635 355.225060 345.590333 333.718087 326.614495 318.538608 303.384334 272.038806 229.875339 169.039293 96.089863 48.407182 25.241711 4.897051 -17.876942 -68.893827 -101.882330 -142.658127 -184.645102
180.239301 224.449906 260.225171 282.406147 292.779245 294.683991 299.649235 311.886209 327.630056 347.377775 365.872114 382.274927 402.517609 422.376183 436.257038 432.648359 422.569317 408.977117 406.390205 406.970905 410.510611 418.880302 427.528518 440.610153 452.392982 456.313458 456.800487 454.829148 456.438431 457.050134 456.898161 456.420718 457.915539 461.810189 463.552849 462.300169 453.858705 441.880137 431.526166 424.833913 420.322361 416.322472 414.057309 409.863992 399.710183 376.664481 339.731292 293.508062 261.964526 242.417295 227.847252 214.534632 193.145511 154.193972 86.088179 17.355146
332.528709 360.853910 382.527470 400.553805 411.939289 414.295780 419.016197 423.202762 433.319490 447.156328 460.537500 467.757634 476.496428 489.500886 497.448549 502.210024 503.364156 504.035044 506.583780 507.582532 501.454625 504.398928 506.854823 509.098202 512.805198 513.339332 513.323184 512.947720 513.716394 513.875075 514.438547 514.123573 512.744840 512.866996 512.922078 513.305485 511.407721 509.185804 496.883593 489.227114 484.496278 478.927737 471.909128 464.178623 457.483694 448.056816 430.072881 404.983226 383.129612 375.159162 370.874219 365.079624 355.756866 330.622063 293.841294 252.905023
427.892676 439.614586 452.341160 468.453645 478.694849 484.321066 489.405442 492.826825 502.923342 513.251295 512.744552 512.706722 512.576424 512.126813 511.788689 511.491799 511.593228 509.916338 510.687235 510.724643 507.530228 500.538729 502.892596 504.092169 505.854561 508.466107 506.447500 506.957991 509.856750 509.170859 505.001505 502.510566 501.200853 500.983285 507.346745 510.013946 511.156380 512.255680 512.983616 514.118187 514.646357 514.494490 513.508382 512.227464 510.033707 503.251744 488.631060 468.971100 447.872166 438.597658 435.780065 437.229078 433.588384 426.712197 409.300491 386.202849
500.331298 510.644937 515.747309 516.677482 516.442319 515.962338 516.524129 518.127747 517.789350 514.666997 511.131501 506.964323 505.994970 504.607314 502.062333 502.589013 500.910493 498.153248 496.803268 494.202778 488.511878 481.421949 481.019628 484.834400 487.488653 489.102453 489.801325 491.755090 493.550433 491.090802 486.557229 482.365659 481.156436 486.073930 489.628339 492.556447 492.831385 492.247894 491.909073 493.605249 492.742411 493.250740 497.230475 506.645223 511.951887 511.809556 512.304101 512.167676 511.062487 498.035264 483.429871 486.435091 483.032674 474.703904 460.411909 445.887226
512.011709 512.188060 510.371382 505.080029 499.701100 498.931254 502.204621 508.452778 510.065640 504.135579 497.552066 492.847553 488.479030 487.301721 485.786124 484.858036 485.233549 482.408007 479.699732 471.679953 466.514467 460.571781 456.851735 455.280598 458.081718 463.054067 467.766460 470.573322 466.528164 462.401649 456.237098 451.409396 452.528118 454.664851 461.021888 470.282723 472.015096 473.164799 471.075506 470.066009 466.733025 465.412074 469.187027 477.878890 486.094674 493.650234 498.133850 503.455653 508.870653 514.903876 515.033580 514.073644 512.936707 509.920028 499.042641 486.718046
500.801259 496.443280 493.980610 489.928401 486.124311 485.246357 487.498213 490.427334 488.587525 484.321988 477.856683 471.002698 464.348149 459.950002 459.725886 460.549234 461.016425 458.066192 450.280646 441.206693 435.001274 426.624072 423.790091 417.643731 411.777133 417.808873 429.715759 434.067708 423.566360 415.813671 404.723812 399.232356 398.069046 401.043715 411.006745 427.881042 442.582732 444.075451 438.617906 433.679903 431.513476 429.776830 433.829453 445.564532 457.483429 465.663797 470.585973 473.303660 478.436083 484.370361 491.199967 498.571864 504.773143 512.331376 512.470023 512.385764
487.802800 484.014423 480.406503 476.970427 473.628334 470.964563 469.224427 467.811815 463.717145 459.540364 452.286919 443.874002 434.017636 420.199187 414.045708 409.368986 409.779472 401.324588 395.049769 382.728376 373.265115 361.155131 349.233168 334.423856 320.367504 323.125721 341.613472 352.629804 335.489423 318.708115 299.597644 290.341450 287.920070 295.217113 316.921729 350.265220 372.137770 379.964494 375.412353 372.186175 371.243779 371.264253 375.227127 387.414231 404.317665 421.893758 433.765053 440.110415 445.366843 452.195399 461.329392 468.824989 475.623989 484.665609 495.788944 504.636194
472.973540 468.112351 463.363052 456.991971 449.399934 444.851031 445.376830 439.426533 433.875569 423.234984 384.270160 367.571626 344.733762 317.530322 299.799622 284.624158 274.420693 263.328890 256.692014 248.186394 232.925583 213.332810 188.723733 164.047128 143.268573 133.477392 154.844317 166.051811 158.583264 133.582205 110.343605 98.498715 94.753224 108.832949 150.619663 190.246801 213.059766 223.186084 221.901356 229.183936 236.205190 239.547309 257.252973 276.636211 305.935096 341.522864 370.031948 383.569388 393.953785 406.011043 420.196180 432.422800 442.864287 456.489485 470.716008 478.654912
452.207656 443.705870 433.867328 422.846669 409.278778 396.206909 394.568961 389.057440 378.626629 335.412392 274.655235 229.434937 195.277784 145.470870 109.776029 86.392999 51.996092 32.155977 20.667114 20.485811 4.276098 -19.193344 -40.582639 -53.874294 -63.302311 -75.978712 -79.375964 -73.659901 -64.466291 -74.641768 -81.578574 -80.604952 -83.108601 -83.042272 -68.127740 -44.954228 -30.398254 -17.980788 -7.320640 -2.312821 5.367550 33.686577 55.076730 84.144111 134.461096 194.567787 235.543712 265.433377 289.930754 320.664607 351.671733 372.241774 391.862428 412.431022 433.938052 445.939693
403.064369 385.447903 368.498183 344.185443 309.132130 276.896885 267.811118 254.866443 229.578043 162.899054 68.042871 10.227036 -24.780335 -59.658830 -82.564462 -109.214517 -142.099121 -162.655053 -160.830570 -154.447400 -158.102716 -174.162627 -188.854523 -200.065429 -212.747127 -227.912898 -237.533140 -229.333499 -220.557469 -216.731886 -215.054179 -211.785978 -210.763666 -211.731420 -213.168485 -202.839705 -192.974850 -182.230462 -172.615309 -162.754943 -135.784724 -110.606125 -92.322296 -67.881608 -38.972379 -2.733521 34.756838 71.126566 108.749121 165.795602 214.770778 252.216234 288.291315 331.318105 367.592508 390.334323
310.913349 270.321292 235.797397 190.916602 112.666302 73.843310 55.729489 39.664679 -4.005184 -60.533866 -113.578419 -147.164567 -174.570451 -200.306764 -226.281778 -255.983671 -283.755542 -302.871876 -295.906230 -288.806954 -279.811743 -292.649445 -305.209911 -312.196011 -326.570507 -340.561517 -354.126314 -345.701603 -336.457713 -321.582552 -318.377801 -315.473355 -309.728626 -311.405145 -313.566449 -319.834790 -311.025871 -301.592279 -289.321793 -263.948179 -239.260278 -215.587370 -195.482198 -175.195220 -151.748094 -125.214976 -97.607293 -68.170131 -42.226464 -11.721374 24.302740 62.814102 111.455385 181.191341 231.137496 267.254160
124.756505 69.266852 26.537035 -21.701307 -78.734978 -115.983561 -129.052103 -162.236390 -196.687365 -238.584204 -262.640908 -282.904886 -306.221181 -327.575806 -348.136384 -374.161965 -396.749934 -418.944788 -414.505110 -402.296812 -388.624240 -396.378949 -401.027855 -404.217412 -415.680956 -429.008633 -442.267066 -438.543442 -424.157431 -407.903161 -401.755561 -395.859983 -388.716882 -388.881994 -395.214825 -403.687178 -398.489880 -385.941113 -370.982889 -349.857920 -327.952846 -306.733666 -287.340327 -265.648807 -242.622317 -218.962454 -193.212794 -166.306568 -145.786679 -120.019411 -91.777800 -65.712062 -43.491375 -12.727223 28.781509 66.422487
-53.935713 -87.095167 -117.677849 -160.319010 -204.775102 -247.823141 -282.442816 -314.341145 -345.026490 -364.730169 -383.059797 -400.820497 -418.588282 -438.112661 -457.067313 -476.015625 -497.037649 -516.619722 -511.162999 -497.536028 -484.569706 -482.836654 -485.709035 -488.621888 -496.495322 -509.783640 -521.851932 -513.937570 -498.600398 -483.454145 -474.043807 -467.654632 -461.485787 -464.373674 -472.601153 -480.058660 -472.720863 -458.052531 -443.620262 -426.392132 -405.791261 -385.184216 -364.719585 -343.206427 -321.500285 -297.351823 -272.261841 -246.814623 -222.092643 -198.344953 -174.773643 -161.666273 -147.653711 -134.147278 -111.908558 -87.277784
-190.126175 -216.080562 -243.555476 -277.441385 -317.220204 -348.591404 -379.229295 -408.536587 -437.465495 -460.762768 -477.922371 -487.585906 -501.757580 -520.581104 -533.827650 -550.265528 -569.765851 -571.604680 -567.411551 -554.489007 -551.589763 -550.767042 -553.664232 -554.700974 -559.658956 -571.890617 -566.773255 -558.867350 -543.803129 -532.839911 -523.703888 -517.483725 -513.360437 -514.235352 -521.831484 -519.675417 -512.594855 -498.232479 -486.748173 -471.755844 -451.399948 -434.572850 -415.773598 -394.690860 -372.927028 -349.864953 -325.346227 -298.792357 -274.576601 -254.507686 -244.136357 -232.756730 -224.998827 -228.141918 -212.091148 -195.187319
