tests/Borden05m/sims/sim_1/output-maps/psiliqL0023N0011.asc
ncols         160
nrows         34
xllcorner     620200.000000
yllcorner     5168000.000000
cellsize      0.500000
NODATA_value  -9999.0
[rows 0 to 24 of 34, columns 55 to 109 of 160]
-9999.0 -9999.0 -9999.0 -9999.0 -9999.0 -9999.0 -9999.0 -9999.0 -9999.0 -9999.0 -9999.0 -9999.0 -9999.0 -9999.0 -9999.0 -9999.0 -9999.0 -9999.0 -9999.0 -9999.0 -9999.0 -9999.0 -9999.0 -9999.0 -9999.0 -9999.0 -9999.0 -9999.0 -9999.0 -9999.0 -9999.0 -9999.0 -9999.0 -9999.0 -9999.0 -9999.0 -9999.0 -9999.0 -9999.0 -9999.0 -9999.0 -9999.0 -9999.0 -9999.0 -9999.0 -9999.0 -9999.0 -9999.0 -9999.0 -9999.0 -9999.0 -9999.0 -9999.0 -9999.0 -9999.0
-9999.0 -9999.0 -9999.0 -9999.0 2806.644727 2801.333461 2796.529178 2792.953154 2814.239681 2805.445760 2798.030538 2794.472050 2793.933934 2793.669352 2793.646053 2799.125460 2807.655149 2815.685021 2822.903531 2791.201249 2792.474380 2794.417445 2794.734416 2793.627920 2791.628701 2824.063072 2820.835990 2819.330342 2811.940353 2800.858990 2792.500552 2789.813160 2794.005216 2798.287783 2800.665589 2805.845350 2816.078442 2826.436425 2799.478573 2809.307014 2815.876464 2821.089898 2823.695568 2819.623939 2816.265538 2812.341403 2807.552657 2796.481015 -9999.0 -9999.0 -9999.0 -9999.0 -9999.0 -9999.0 -9999.0
2780.875353 2799.862819 2791.786659 2794.971962 2813.113514 2808.342351 2805.572691 2804.275472 2800.187677 2792.179822 2787.597960 2782.697249 2780.766281 2781.330395 2781.807244 2786.122783 2797.276861 2805.569153 2810.588528 2813.829983 2816.907553 2815.860023 2815.358821 2815.315417 2812.566570 2808.974094 2805.702403 2803.994823 2805.333095 2797.831192 2792.005235 2788.219027 2785.489956 2788.014484 2790.620181 2794.812026 2803.838949 2811.517241 2819.352926 2797.543820 2807.880982 2813.339241 2810.742262 2806.048489 2803.443440 2797.286580 2819.462893 2809.185609 2800.527992 2793.722131 2787.617120 2780.534639 2785.974467 2792.670370 2801.283654
2765.806373 2785.636312 2806.840940 2809.922877 2799.569758 2792.082116 2786.143361 2787.126472 2790.956369 2788.253253 2784.074208 2777.468255 2787.550239 2789.128780 2790.495078 2794.316050 2797.176015 2802.353174 2805.243099 2810.890444 2819.953146 2822.897142 2823.542611 2823.795199 2822.005845 2818.889787 2817.088712 2814.423381 2809.267008 2807.702632 2807.530211 2806.460034 2810.605797 2811.424850 2814.571588 2808.768132 2812.800925 2818.703840 2824.703774 2830.497079 2796.745051 2798.205249 2794.866982 2796.304312 2824.776264 2810.654113 2800.296483 2792.169438 2791.366095 2787.664058 2778.959826 2764.583507 2771.675857 2786.717977 2790.566867
2772.945160 2782.579490 2793.942318 2797.089544 2792.549119 2795.107053 2797.444898 2799.344017 2798.197102 2795.439295 2792.235486 2803.590323 2811.816494 2813.713701 2816.832805 2821.457724 2823.536626 2813.064375 2811.340656 2818.994722 2828.041158 2833.348370 2833.689411 2833.559261 2830.410196 2829.424196 2829.308118 2827.538684 2827.403022 2829.211155 2827.348946 2830.668324 2836.168302 2797.618741 2833.363938 2824.657411 2826.421821 2834.581313 2800.875996 2806.895353 2815.760251 2826.558657 2826.487797 2821.724937 2814.335152 2802.976473 2818.612083 2800.111295 2788.216987 2779.494289 2771.406299 2772.730574 2767.376202 2779.582646 2780.373172
2765.073016 2785.507016 2805.633598 2812.491265 2807.167058 2803.824703 2802.953153 2804.333278 2804.349567 2806.109323 2816.361337 2829.163291 2798.461919 2799.171959 2801.111474 2801.528511 2839.709087 2829.775363 2827.249228 2841.150045 2810.715188 2817.055954 2816.768370 2813.251135 2817.203530 2816.997676 2817.015440 2813.338313 2814.365071 2812.828680 2819.235360 2826.865976 2834.581231 2831.692728 2820.840669 2808.762531 2808.380790 2813.217185 2817.866724 2825.064632 2835.162300 2844.360371 2839.461608 2833.848809 2825.942158 2801.197714 2820.792331 2805.979468 2804.351553 2803.873539 2799.084980 2795.809450 2793.243466 2787.392805 2786.493244
2806.918179 2827.182194 2806.795977 2818.977908 2812.877943 2805.299029 2796.503139 2796.795000 2797.777859 2804.071938 2814.950825 2828.629374 2849.321590 2849.414609 2850.395402 2849.973070 2839.039209 2826.144922 2815.976661 2837.026826 2846.291542 2853.642112 2852.012800 2858.179089 2867.086030 2863.322296 2856.692145 2845.106136 2850.874236 2858.556623 2873.632789 2881.255610 2886.170725 2882.349481 2869.166928 2862.677702 2863.533285 2869.009842 2869.338052 2876.994414 2886.041903 2900.915293 2899.740006 2895.119281 2874.709951 2837.963327 2810.704252 2843.020137 2806.379450 2800.246364 2836.219271 2834.177338 2821.229864 2812.088664 2813.776990
2803.484670 2816.337209 2831.544272 2848.258731 2840.287953 2830.035478 2814.323372 2811.803751 2816.702231 2826.754848 2844.466592 2863.397548 2884.025975 2884.825478 2880.405708 2889.455899 2883.216089 2872.857441 2865.244285 2884.224187 2894.669535 2904.579594 2911.144499 2923.769476 2934.455918 2919.646097 2903.873782 2894.769815 2901.375245 2925.518505 2946.639419 2951.476227 2951.035106 2951.214243 2937.433254 2932.232515 2928.131494 2927.217981 2923.860531 2921.461337 2945.014275 2965.263128 2964.668481 2942.791365 2919.918830 2881.876783 2844.424921 2819.995324 2828.242983 2825.090926 2828.925749 2817.750764 2805.205577 2797.418119 2836.407544
2856.733480 2879.803151 2896.946528 2917.855818 2910.985989 2889.453759 2875.380766 2878.430849 2891.656145 2899.394235 2916.971781 2935.530300 2962.479651 2976.575045 2989.253157 2978.085805 2986.023281 2977.682242 2965.500893 2969.093044 2991.079353 2986.300226 2994.492569 3003.306162 3015.785653 3017.294317 3011.370332 3009.819040 3013.857180 3025.755447 3038.836278 3045.503394 3049.055218 3052.236697 3041.289508 3029.112666 3026.244792 3020.124627 3017.709119 3016.636285 3026.144507 3044.604847 3041.888623 3008.188285 2982.275411 2963.934267 2926.392929 2896.799991 2888.138953 2904.236784 2900.741047 2884.267605 2871.848285 2844.075937 2837.934875
2930.508174 2963.740704 2988.330918 2984.207335 2992.091140 2979.322892 2977.796165 2981.610414 2989.407276 2992.647452 2999.074284 3031.063081 3064.566867 3090.146709 3112.898174 3119.692474 3108.253346 3098.445215 3085.268114 3076.297020 3085.659127 3101.594198 3118.879671 3133.858246 3145.084124 3147.492502 3145.994091 3146.093925 3148.920637 3151.877768 3155.844783 3163.731095 3171.189052 3177.843713 3186.445233 3177.187753 3162.635934 3152.824270 3142.859097 3141.234998 3142.106969 3144.850359 3145.849814 3131.440488 3092.256853 3062.320647 3030.848117 3009.714455 2995.291139 2993.054239 2990.917065 2967.514330 2917.718002 2880.631408 2848.840235
3004.025365 3046.128816 3075.041035 3092.751132 3105.605780 3103.609391 3105.293409 3106.409623 3110.351393 3113.093884 3116.539071 3142.050236 3180.072720 3218.509484 3249.117228 3249.669223 3236.773834 3225.583166 3216.156563 3202.553725 3198.696963 3210.211302 3224.628720 3243.937013 3254.519258 3261.328461 3258.563307 3258.815651 3260.319427 3262.564822 3264.611898 3267.869846 3276.933996 3291.218152 3305.017133 3304.580179 3286.960011 3269.303424 3253.112577 3249.760978 3246.695856 3241.738286 3243.785391 3245.616116 3231.819395 3202.306263 3166.097289 3125.798595 3107.467617 3091.531284 3081.161639 3065.049613 3028.898274 2983.296306 2946.356627
3117.447371 3149.647333 3176.044750 3205.857252 3221.181400 3224.291113 3222.124045 3221.383202 3228.257221 3231.522930 3237.901597 3254.241465 3284.364440 3318.250444 3347.122245 3362.739821 3355.679480 3338.779127 3317.568003 3308.659729 3306.054576 3309.321870 3318.220675 3330.087303 3348.752307 3367.412511 3372.868293 3373.716761 3371.301472 3373.423797 3374.881097 3374.978930 3377.525362 3385.285582 3394.608253 3397.828293 3390.668605 3370.891541 3348.162055 3336.305079 3329.478398 3325.946140 3326.461044 3330.970545 3333.627123 3319.640584 3285.766495 3243.003058 3212.789999 3196.677116 3183.748293 3172.560813 3160.856274 3131.720964 3111.809238
3222.672625 3237.323672 3264.607942 3292.680866 3315.360844 3330.188422 3331.113919 3334.489999 3339.126588 3346.789266 3361.795919 3383.923351 3401.884674 3423.310608 3448.788521 3464.275664 3469.558907 3468.236647 3464.685042 3465.984615 3466.300286 3409.908198 3415.595587 3421.255710 3436.608581 3450.706849 3455.751709 3456.324479 3454.047615 3455.736124 3456.423198 3456.359773 3455.992847 3457.904268 3462.463879 3464.206537 3462.052478 3450.509571 3466.105079 3446.681156 3433.551689 3425.524394 3417.439635 3409.214738 3399.869021 3390.173320 3371.256645 3341.408922 3307.603031 3285.413807 3277.143254 3271.326117 3263.499502 3258.167158 3241.860422
3320.445284 3330.976516 3348.509775 3370.553010 3402.866974 3425.313768 3436.412524 3445.467603 3450.068369 3463.604169 3479.565230 3465.415648 3472.900600 3480.646463 3488.342783 3490.985756 3491.742485 3491.393279 3489.037308 3488.339270 3486.059496 3482.396276 3472.126172 3473.714341 3475.582590 3478.177945 3481.867488 3480.724556 3481.799477 3484.742279 3483.031346 3477.099546 3473.118738 3471.547320 3472.449019 3479.815309 3483.233584 3484.159833 3481.205559 3480.320235 3479.422741 3476.358748 3472.533389 3467.140739 3460.242467 3473.084599 3461.483051 3434.469981 3395.773873 3356.255868 3347.744818 3348.675358 3348.858473 3347.290716 3341.835081
3441.058116 3454.285381 3468.622421 3449.696578 3469.815521 3480.115850 3484.932255 3488.755454 3491.463086 3494.227412 3491.181829 3488.109334 3483.279323 3481.782161 3480.454200 3478.039250 3478.679118 3476.795300 3472.780045 3468.856375 3461.194628 3449.817449 3438.645924 3435.276376 3439.629244 3445.137802 3450.138716 3454.361802 3458.007309 3458.202859 3452.879230 3444.585210 3437.149096 3435.453810 3442.242560 3447.938270 3454.225743 3455.062454 3453.676896 3451.278163 3451.115339 3447.995395 3448.254659 3455.200849 3469.642185 3472.878961 3478.196420 3477.439125 3462.440867 3435.290572 3443.617637 3423.909834 3429.585412 3425.116599 3413.928767
3482.755006 3485.251606 3483.782640 3482.570333 3476.291649 3470.313083 3469.564641 3473.563623 3480.572879 3481.691808 3474.702072 3466.241949 3459.129977 3451.886057 3449.627869 3448.981606 3448.692302 3449.153570 3443.909538 3434.924588 3418.307287 3406.804157 3395.768949 3389.850143 3386.410822 3390.129905 3401.099985 3412.794692 3417.751296 3408.931615 3400.683345 3389.116806 3381.084716 3381.500929 3382.740284 3392.120506 3408.400318 3415.391079 3416.144680 3409.907227 3403.754807 3397.219194 3394.306634 3400.741419 3415.874507 3432.254472 3447.425885 3456.330791 3463.926051 3470.883446 3470.189277 3472.658780 3474.017698 3472.099005 3474.404055
3476.890938 3470.019744 3463.162403 3457.965105 3451.556598 3446.251890 3444.492934 3446.510541 3448.663916 3444.771436 3438.431257 3428.535457 3417.669665 3408.099191 3400.838664 3401.883704 3404.256450 3405.847874 3398.813274 3383.768175 3366.434680 3353.103270 3339.353525 3335.482141 3329.829657 3322.819663 3333.001564 3352.225642 3359.387180 3343.808074 3333.150616 3318.192040 3311.511989 3307.684701 3308.579443 3317.539617 3339.485041 3362.664157 3364.554344 3353.799549 3343.125278 3338.330820 3335.149019 3339.957856 3356.719037 3376.917485 3392.590701 3402.732600 3408.013417 3415.755300 3425.072584 3438.885140 3453.313296 3465.339990 3470.621750
3452.172813 3444.484960 3436.912042 3429.408735 3422.615011 3416.553527 3412.385008 3410.500171 3406.905997 3400.973600 3394.126695 3375.006872 3362.857972 3350.345409 3335.882973 3332.265350 3327.968710 3329.304054 3318.051791 3309.863039 3293.258121 3278.094736 3262.739181 3250.034939 3244.394252 3237.923382 3237.255766 3251.034071 3259.552847 3249.471270 3239.731412 3228.775919 3224.013725 3220.671124 3223.028554 3233.382911 3253.255640 3271.519790 3279.588511 3272.069616 3270.018496 3269.415298 3267.753668 3273.749709 3284.902512 3302.861865 3324.698458 3342.880736 3352.455733 3359.288312 3368.465757 3382.448331 3396.335876 3410.427869 3428.075794
3421.976017 3412.851533 3403.124005 3393.641449 3383.391959 3373.319518 3367.094034 3369.687645 3363.793392 3358.281938 3337.112122 3283.924331 3263.794037 3245.405142 3229.696081 3223.462198 3215.522515 3201.020237 3192.543789 3187.943065 3188.854722 3174.962696 3160.013578 3142.817008 3138.001684 3134.455123 3118.538533 3115.462144 3116.432103 3130.742576 3124.525646 3122.576528 3123.851456 3121.450058 3123.016218 3135.846540 3144.134012 3150.232261 3156.776547 3160.455616 3170.150847 3175.210173 3184.044591 3200.592795 3211.494625 3226.764225 3246.836335 3271.622936 3286.352632 3295.537287 3305.713069 3320.730227 3336.673566 3354.060590 3376.140414
3387.873909 3372.257074 3358.101706 3344.147454 3331.776758 3319.322108 3304.306084 3306.321794 3304.293167 3294.699673 3242.607894 3202.223537 3171.549223 3154.721699 3131.813056 3119.060055 3104.437664 3068.343871 3051.768750 3050.781168 3064.389050 3060.244187 3045.077716 3033.123755 3024.119120 3015.336861 2998.503287 2981.347346 2987.256627 3004.793088 3004.983133 3007.614901 3014.920509 3014.214159 3007.963918 3006.380463 3018.607950 3024.293238 3035.053871 3051.511151 3056.024852 3070.384194 3102.499852 3115.019984 3129.590893 3147.717327 3167.765388 3186.939981 3208.507926 3221.939919 3236.552147 3254.495115 3270.748076 3290.694170 3312.986124
3338.633709 3308.548362 3288.137414 3271.343930 3253.066384 3227.629305 3208.072411 3206.283736 3200.495274 3173.611243 3125.167293 3090.092078 3066.498916 3045.304893 3022.804900 3001.001087 2981.815479 2948.133487 2926.763734 2941.115951 2951.877710 2962.055759 2950.496798 2939.633035 2930.118834 2912.836774 2896.335868 2880.691638 2891.373153 2900.004286 2917.488710 2923.924806 2927.858117 2933.322879 2931.972473 2922.146161 2918.501755 2926.639975 2936.526212 2948.205809 2968.183000 2986.509963 3010.058007 3027.477446 3047.267686 3064.976029 3085.801651 3108.073919 3129.949660 3146.162348 3163.817301 3179.340035 3199.477015 3218.273828 3240.848094
3261.445146 3233.879885 3208.144974 3185.852510 3158.016655 3113.636233 3100.359151 3092.085185 3072.200319 3027.219923 2986.952273 2980.888981 2967.077518 2944.057362 2923.115572 2896.571461 2864.110645 2842.256834 2822.100516 2832.195227 2842.244410 2861.308812 2852.370745 2845.198678 2841.970498 2826.886741 2813.669853 2797.604491 2804.106867 2815.977908 2838.604720 2844.377386 2848.460314 2857.568878 2856.823623 2852.501162 2836.118160 2843.059172 2853.688745 2866.503802 2896.710956 2918.669423 2940.943547 2962.294187 2981.179097 2987.041072 3008.125255 3030.364999 3055.218174 3073.852279 3092.004154 3112.608321 3131.213302 3145.532685 3161.813134
3158.410235 3134.880080 3115.644874 3092.348005 3052.005040 3009.747965 2986.967378 2962.481544 2912.732868 2880.156057 2858.432539 2856.317352 2843.918002 2824.389432 2807.442160 2836.130362 2813.411378 2793.615439 2768.145204 2772.773581 2787.650004 2803.891029 2804.002221 2804.170621 2802.359228 2792.754242 2779.249068 2765.630386 2769.369393 2786.279405 2804.234690 2814.146070 2821.977296 2830.005304 2830.146208 2821.369819 2812.031995 2817.449889 2833.139408 2805.254976 2821.313928 2841.642498 2860.708697 2880.575274 2902.476383 2924.087067 2946.501416 2970.593682 2982.104302 3001.651374 3024.163095 3047.010806 3062.977392 3071.339700 3079.185376
3058.484647 3039.658473 3017.315018 2991.519806 2965.621651 2926.737181 2887.093279 2843.311333 2812.715600 2832.535709 2823.797848 2807.540191 2793.190041 2777.787814 2757.219323 2741.475118 2726.141688 2704.504143 2693.130605 2699.740189 2712.735768 2720.922700 2726.999167 2724.659890 2722.182336 2716.310413 2702.426663 2697.571507 2707.444713 2722.707704 2736.632478 2748.184903 2755.268906 2760.752866 2758.056705 2749.366346 2746.488910 2755.089928 2770.855434 2783.771677 2799.158502 2820.201380 2799.996713 2819.390649 2839.787396 2860.964677 2884.594188 2908.927069 2933.578862 2959.660297 2981.176334 2985.456728 2992.902847 3001.430334 3001.072044
2952.592992 2941.000723 2916.035351 2890.072376 2861.815854 2829.088450 2806.591472 2820.200547 2790.033886 2761.706333 2735.761598 2722.532683 2715.504433 2702.037369 2684.661805 2673.259216 2657.484738 2646.348367 2651.396752 2652.491309 2660.571160 2658.797113 2659.529812 2656.938058 2656.228210 2653.762458 2647.143540 2658.467410 2665.222117 2678.811734 2688.988615 2698.785564 2704.788907 2708.616169 2709.850602 2705.685259 2711.600600 2718.129535 2732.181288 2743.568744 2757.532214 2777.715365 2793.916474 2812.931864 2798.233782 2818.884378 2840.523228 2865.015088 2891.793411 2915.355012 2932.348898 2938.087199 2946.619199 2947.946952 2936.973204
