tests/Borden05m/sims/sim_1/output-maps/psiliqL0023N0012.asc
ncols         160
nrows         34
xllcorner     620200.000000
yllcorner     5168000.000000
cellsize      0.500000
NODATA_value  -9999.0
[rows 0 to 24 of 34, columns 55 to 109 of 160]
-9999.0 -9999.0 -9999.0 -9999.0 -9999.0 -9999.0 -9999.0 -9999.0 -9999.0 -9999.0 -9999.0 -9999.0 -9999.0 -9999.0 -9999.0 -9999.0 -9999.0 -9999.0 -9999.0 -9999.0 -9999.0 -9999.0 -9999.0 -9999.0 -9999.0 -9999.0 -9999.0 -9999.0 -9999.0 -9999.0 -9999.0 -9999.0 -9999.0 -9999.0 -9999.0 -9999.0 -9999.0 -9999.0 -9999.0 -9999.0 -9999.0 -9999.0 -9999.0 -9999.0 -9999.0 -9999.0 -9999.0 -9999.0 -9999.0 -9999.0 -9999.0 -9999.0 -9999.0 -9999.0 -9999.0
-9999.0 -9999.0 -9999.0 -9999.0 2807.270876 2801.963631 2797.169198 2793.661515 2813.637443 2804.831340 2797.403355 2793.832597 2793.282757 2793.006781 2792.972507 2798.441645 2806.962239 2814.985027 2822.199400 2792.030676 2793.241503 2795.185144 2795.505852 2794.406560 2792.478809 2823.316024 2820.083754 2818.574452 2811.182475 2800.100497 2791.742363 2789.055688 2793.248393 2797.531018 2799.907408 2805.085826 2815.318881 2825.679187 2800.305134 2809.990896 2816.535971 2821.739606 2824.335499 2820.254005 2816.889748 2812.964089 2808.230187 2797.157816 -9999.0 -9999.0 -9999.0 -9999.0 -9999.0 -9999.0 -9999.0
2780.340115 2799.314282 2792.498462 2795.692040 2812.527631 2807.746327 2804.963670 2803.652761 2799.554700 2791.533619 2786.938512 2782.025214 2780.082443 2780.634607 2781.099529 2785.403470 2796.546675 2804.830223 2809.842283 2813.072418 2816.144821 2815.092182 2814.585069 2814.535289 2811.780792 2808.187977 2804.912465 2803.201985 2804.538936 2797.037084 2791.212081 2787.427190 2784.699472 2787.225337 2789.827428 2794.016340 2803.041598 2810.720269 2818.555906 2798.387141 2808.581071 2814.018144 2811.410798 2806.713498 2804.166099 2798.060704 2818.684064 2808.399286 2799.728510 2792.919636 2786.818450 2779.744386 2785.195736 2791.905163 2800.532978
2765.240106 2785.051237 2806.232831 2809.298020 2798.936161 2791.434103 2785.479369 2786.446389 2790.261053 2787.542893 2783.349447 2776.730487 2786.802066 2788.367857 2789.720355 2793.526813 2796.370793 2801.536849 2804.418811 2810.060271 2819.121367 2822.061115 2822.700640 2822.946706 2821.151206 2818.030580 2816.225727 2813.558281 2808.401609 2806.838478 2806.668155 2805.600298 2809.749079 2810.579448 2813.710902 2807.901368 2811.930109 2817.832379 2823.845928 2829.633465 2797.565126 2798.945255 2795.595426 2797.085512 2823.940475 2809.817909 2799.451033 2791.321593 2790.517625 2786.818987 2778.121623 2763.755841 2770.861491 2785.918687 2789.783540
2772.318136 2781.930909 2793.273494 2796.399606 2791.838929 2794.376062 2796.693427 2798.573062 2797.407893 2794.632763 2791.412670 2802.754330 2810.983618 2812.867892 2815.970772 2820.576389 2822.618860 2812.132315 2810.399961 2818.050558 2827.113694 2832.418960 2832.754004 2832.616861 2829.461273 2828.469935 2828.350317 2826.579460 2826.444684 2828.255418 2826.396614 2829.718916 2835.220150 2798.718165 2832.409234 2823.697285 2825.454614 2833.607895 2801.878065 2807.817078 2816.599257 2827.379130 2827.295766 2822.526018 2815.189732 2803.887061 2817.658538 2799.161961 2787.279973 2778.568377 2770.489741 2771.827814 2766.490053 2778.714468 2779.523511
2764.355372 2784.765573 2804.881752 2811.714327 2806.362912 2802.993780 2802.097049 2803.454145 2803.449359 2805.189235 2815.421879 2828.206025 2799.508332 2800.159548 2802.112819 2802.620917 2838.648852 2828.706005 2826.170731 2840.063626 2811.849320 2818.113328 2817.824466 2814.309727 2818.264100 2818.059999 2818.079262 2814.403433 2815.431221 2813.895525 2820.302384 2827.932685 2835.642858 2832.689515 2821.896320 2809.818223 2809.432393 2814.260274 2818.834769 2826.017321 2836.101668 2845.287941 2840.375230 2834.746630 2826.830018 2802.142135 2819.710833 2804.891863 2803.304082 2802.844651 2798.053744 2794.795155 2792.250416 2786.421522 2785.541845
2806.092026 2826.328228 2807.794752 2819.927380 2813.842670 2806.282220 2797.504532 2797.814375 2798.815196 2805.127462 2816.024636 2829.717329 2850.353161 2850.453579 2851.446794 2851.040980 2840.198697 2827.318336 2817.158298 2838.211092 2847.400653 2854.741734 2853.113847 2859.282230 2868.190850 2864.428284 2857.798988 2846.213762 2851.982812 2859.666036 2874.742510 2882.364725 2887.277862 2883.449542 2870.267268 2863.774716 2864.626913 2870.098999 2870.417309 2878.065779 2887.103247 2901.964202 2900.773839 2896.135585 2875.707481 2838.955630 2811.818168 2841.758152 2807.450467 2801.284451 2835.049424 2833.031841 2820.111748 2810.995417 2812.689487
2804.576799 2817.378102 2832.535469 2849.260272 2841.308959 2831.076121 2815.383104 2812.882201 2817.799206 2827.870248 2845.600267 2864.548821 2885.190052 2886.004474 2881.593948 2890.604085 2884.432588 2874.087276 2866.481828 2885.467145 2895.907689 2905.758973 2912.319400 2924.944983 2935.632069 2920.822764 2905.050649 2895.946949 2902.552504 2926.695525 2947.815800 2952.651214 2952.207146 2952.381146 2938.596275 2933.392436 2929.289464 2928.371879 2925.008346 2922.601142 2946.143554 2966.379548 2965.769565 2943.874992 2920.988033 2882.981011 2845.522335 2821.134990 2829.287762 2826.108009 2829.985143 2818.785731 2806.215002 2798.465114 2835.163512
2857.819957 2880.907339 2898.066830 2918.941523 2912.087827 2890.576205 2876.523635 2879.593203 2892.837176 2900.593286 2918.187980 2936.762910 2963.726746 2977.836389 2990.486262 2978.743653 2987.282957 2978.989956 2966.815235 2970.411239 2992.355756 2986.898531 2995.004977 3003.820187 3016.303592 3017.815118 3011.893664 3010.345084 3014.385960 3026.286974 3039.369975 3046.038134 3049.588397 3052.747562 3041.797408 3029.622078 3026.775585 3020.656200 3018.238681 3017.162174 3026.666186 3045.120607 3042.396259 3008.688169 2982.849283 2965.066404 2927.548396 2897.935339 2889.243163 2905.318214 2901.855124 2885.357254 2872.909082 2845.118230 2839.013554
2931.672335 2964.924353 2989.493556 2984.763053 2992.573653 2979.811435 2978.292814 2982.115107 2989.919892 2993.167618 2999.601831 3031.595860 3065.084524 3090.668603 3113.422941 3120.143403 3108.788139 3098.986410 3085.812445 3076.844961 3086.208402 3102.059374 3119.343634 3134.325666 3145.554580 3147.965375 3146.468645 3146.570545 3149.399535 3152.357874 3156.326082 3164.213292 3171.657410 3177.955068 3186.534664 3177.298793 3163.104210 3153.306524 3143.339716 3141.712711 3142.580730 3145.318953 3146.311988 3131.895060 3092.707393 3062.845781 3031.386166 3010.241689 2995.807218 2993.643724 2992.052446 2968.669664 2918.851007 2881.793383 2849.979705
3004.633705 3046.658617 3075.554400 3093.190811 3106.049006 3104.059993 3105.750658 3106.873013 3110.820640 3113.568796 3117.019044 3142.519581 3180.185146 3218.600719 3249.208809 3249.759284 3236.866824 3225.676726 3216.250592 3202.648200 3198.791971 3210.304505 3224.722590 3244.031590 3254.614376 3261.423714 3258.655653 3258.908386 3260.415656 3262.658318 3264.705433 3267.963714 3277.027378 3291.289734 3305.087688 3304.651808 3287.053757 3269.401102 3253.210168 3249.858126 3246.792382 3241.833922 3243.879902 3245.709219 3231.911266 3202.421262 3166.570579 3126.277825 3107.936104 3091.993134 3081.698469 3065.600591 3029.527068 2984.481048 2947.561965
3117.924061 3150.113571 3176.158284 3205.947832 3221.272563 3224.383467 3222.217527 3221.477703 3228.352710 3231.619324 3237.998615 3254.335260 3284.436891 3318.322433 3347.194798 3362.812807 3355.752871 3338.852813 3317.641962 3308.733972 3306.129132 3309.396734 3318.295897 3330.162876 3348.828158 3367.486218 3372.882351 3373.730857 3371.373590 3373.437895 3374.891983 3374.989774 3377.536232 3385.295918 3394.618582 3397.838725 3390.682917 3370.966877 3348.239669 3336.382461 3329.555419 3326.022675 3326.536927 3331.045591 3333.701177 3319.714928 3285.865326 3243.100991 3212.885978 3196.771884 3183.866619 3173.041122 3161.346658 3132.288812 3112.365398
3222.769631 3237.421774 3264.685439 3292.758089 3315.435514 3330.263553 3331.189680 3334.566327 3339.203439 3346.866578 3361.871207 3383.937717 3401.895237 3423.321159 3448.799145 3464.286343 3469.569611 3468.247362 3464.695757 3465.995347 3466.311045 3409.918942 3415.606376 3421.266545 3436.619476 3450.717667 3455.759337 3456.332125 3454.058409 3455.743805 3456.430739 3456.367334 3456.000427 3457.911852 3462.471471 3464.214134 3462.060243 3450.520619 3466.116249 3446.692297 3433.562794 3425.535450 3417.450626 3409.225646 3399.879901 3390.187473 3371.333184 3341.487067 3307.680365 3285.493320 3277.222872 3271.427147 3263.599359 3258.267427 3241.958380
3320.523396 3331.055798 3348.589511 3370.630935 3402.881495 3425.324889 3436.423623 3445.478759 3450.079573 3463.615419 3479.576399 3465.423513 3472.908307 3480.654177 3488.350503 3490.993475 3491.750201 3491.400989 3489.045014 3488.346975 3486.067202 3482.403987 3472.133887 3473.722062 3475.590315 3478.185675 3481.875142 3480.732216 3481.807227 3484.749961 3483.039043 3477.107259 3473.126471 3471.555068 3472.456778 3479.823078 3483.241361 3484.167697 3481.213432 3480.328118 3479.430630 3476.366638 3472.541270 3467.148599 3460.250294 3473.092545 3461.494315 3434.481344 3395.788642 3356.335197 3347.825898 3348.755936 3348.937855 3347.368862 3341.911921
3441.069531 3454.296935 3468.634095 3449.708188 3469.823731 3480.123910 3484.940322 3488.763520 3491.471141 3494.235453 3491.189852 3488.117260 3483.287225 3481.790043 3480.462054 3478.047081 3478.686922 3476.803079 3472.787804 3468.864118 3461.202443 3449.825251 3438.653717 3435.284155 3439.637016 3445.145561 3450.146469 3454.369548 3458.015058 3458.210614 3452.886997 3444.592990 3437.156896 3435.461625 3442.250393 3447.946119 3454.233612 3455.070347 3453.684812 3451.286108 3451.123312 3448.003395 3448.262681 3455.208884 3469.650221 3472.886903 3478.204428 3477.447117 3462.449006 3435.302159 3443.629305 3423.921413 3429.596873 3425.127930 3413.940043
3482.763270 3485.259913 3483.790980 3482.578689 3476.299926 3470.321346 3469.572881 3473.571830 3480.581042 3481.699921 3474.710134 3466.250042 3459.138014 3451.894036 3449.635789 3448.989471 3448.700115 3449.161334 3443.917262 3434.932447 3418.318528 3406.815474 3395.780218 3389.861359 3386.421980 3390.141017 3401.111064 3412.805755 3417.762345 3408.942655 3400.694387 3389.127861 3381.095795 3381.512039 3382.751429 3392.131705 3408.411580 3415.402419 3416.156095 3409.918724 3403.766392 3397.230867 3394.318405 3400.753281 3415.886312 3432.262675 3447.433941 3456.338870 3463.934158 3470.891656 3470.197494 3472.666902 3474.025803 3472.107087 3474.412108
3476.899365 3470.028180 3463.170832 3457.973518 3451.564982 3446.260324 3444.501310 3446.518843 3448.672137 3444.779567 3438.439471 3428.547117 3417.681313 3408.110667 3400.849970 3401.894856 3404.267460 3405.858767 3398.824140 3383.782376 3366.510906 3353.181605 3339.431962 3335.560100 3329.907179 3322.896817 3333.078409 3352.302254 3359.463652 3343.884504 3333.227087 3318.268638 3311.588780 3307.761767 3308.656857 3317.617459 3339.563387 3362.743098 3364.633989 3353.880000 3343.206622 3338.412534 3335.231698 3340.041439 3356.800708 3376.932713 3392.602425 3402.744381 3408.025342 3415.767358 3425.084608 3438.893492 3453.321503 3465.348222 3470.629997
3452.181280 3444.493490 3436.920532 3429.417172 3422.623563 3416.565719 3412.397186 3410.512160 3406.917774 3400.985239 3394.141666 3375.085818 3362.938888 3350.424965 3335.961148 3332.342234 3328.044466 3329.378771 3318.125641 3309.936409 3293.334175 3278.171515 3262.837604 3250.133304 3244.491861 3238.020327 3237.352064 3251.129922 3259.648407 3249.566832 3239.827014 3228.871718 3224.109832 3220.767661 3223.125696 3233.480821 3253.354362 3271.619502 3279.689430 3272.171912 3270.121493 3269.495927 3267.834361 3273.831639 3284.985485 3302.942799 3324.780490 3342.963553 3352.539907 3359.373716 3368.549409 3382.463992 3396.347965 3410.440021 3428.087931
3421.984574 3412.863727 3403.136208 3393.653574 3383.407634 3373.401943 3367.177992 3369.770098 3363.874138 3358.360901 3337.190046 3284.004993 3263.896276 3245.505862 3229.794368 3223.558302 3215.619101 3201.114839 3192.636791 3188.034796 3188.946272 3175.075844 3160.479489 3143.294333 3138.475657 3134.925968 3119.007009 3115.928947 3116.897813 3131.207624 3124.990860 3123.042538 3124.318971 3121.919899 3123.489225 3136.323547 3144.615933 3150.719989 3157.270898 3160.957043 3170.643641 3175.328218 3184.140924 3200.690714 3211.594789 3226.866577 3246.940174 3271.704806 3286.435127 3295.621508 3305.798714 3320.813494 3336.758053 3354.146364 3376.224472
3387.889425 3372.339037 3358.185329 3344.229736 3331.858300 3319.405466 3304.387931 3306.401726 3304.371052 3294.776463 3242.704425 3202.344254 3172.033436 3155.210462 3132.289804 3119.529693 3104.980800 3068.877983 3052.292314 3051.296511 3064.897887 3060.749829 3045.601110 3033.644474 3024.635376 3015.848884 2999.011741 2981.852907 2987.760865 3005.297022 3005.487808 3008.121100 3015.428985 3014.725783 3008.479514 3006.900723 3019.134395 3024.827135 3035.596674 3052.063970 3056.583436 3070.846006 3102.965779 3115.498037 3130.082079 3148.219495 3168.263594 3187.060512 3208.607368 3222.041763 3236.655920 3254.577030 3270.830727 3290.778640 3313.072094
3338.713806 3308.630663 3288.218412 3271.424295 3253.167505 3227.728626 3208.171388 3206.379573 3200.588382 3173.722597 3125.619581 3090.632559 3067.050045 3045.841581 3023.328286 3001.600417 2982.937393 2949.279784 2927.890445 2942.223866 2952.969976 2963.135593 2951.568358 2940.697104 2931.176593 2913.889887 2897.385833 2881.740058 2892.420998 2901.052639 2918.537947 2924.975886 2928.911893 2934.380130 2933.034577 2923.215183 2919.580210 2927.730532 2937.632199 2949.325403 2969.276947 2987.093487 3010.568994 3028.001938 3047.805938 3065.447791 3086.282245 3108.547066 3130.434362 3146.662177 3164.314612 3179.460419 3199.576592 3218.375913 3240.952162
3261.544439 3233.977146 3208.240303 3185.968041 3158.486887 3114.113513 3100.905858 3092.616367 3072.711868 3027.721598 2987.543425 2981.976951 2968.189592 2945.146433 2924.188321 2897.691338 2865.269690 2843.397348 2823.219196 2833.294193 2843.326633 2862.377506 2853.428493 2846.247331 2843.011683 2827.922086 2814.701180 2798.633472 2805.135120 2817.007032 2839.635973 2845.411574 2849.498367 2858.611992 2857.873185 2853.558992 2837.186642 2844.141809 2854.785186 2867.557236 2897.774665 2919.700560 2941.994818 2963.376177 2982.248909 2987.606462 3008.626242 3030.878230 3055.670575 3074.317337 3092.484047 3113.079767 3131.698864 3146.033642 3162.311675
3158.882438 3135.341346 3116.093535 3092.789394 3052.534828 3010.351624 2988.038463 2963.573894 2913.804592 2881.261945 2859.522861 2857.440284 2845.019644 2825.468507 2808.561994 2834.334050 2811.681411 2791.957765 2766.553697 2771.235586 2786.149898 2802.413135 2802.533455 2802.701217 2800.883311 2791.269284 2777.754797 2764.127908 2767.860123 2784.764183 2802.713567 2812.618315 2820.441391 2828.459708 2828.590028 2819.803225 2810.455949 2815.865290 2831.546445 2806.293158 2822.311053 2842.655419 2861.691971 2881.584369 2903.512815 2925.103277 2947.547704 2971.632193 2982.643732 3002.132467 3024.658967 3047.447563 3063.427076 3071.806350 3079.666989
3058.996438 3040.156683 3017.800006 2992.071973 2966.617157 2927.753777 2888.146728 2844.401015 2813.841817 2830.618504 2821.951747 2805.767960 2791.495470 2776.170579 2755.669788 2739.953963 2724.679064 2703.102703 2691.784826 2698.439809 2711.468463 2719.676139 2725.762642 2723.425452 2720.944763 2715.066888 2701.176235 2696.314219 2706.180538 2721.437300 2735.355996 2746.901773 2753.978175 2759.453685 2756.748712 2748.049726 2745.164518 2753.759519 2769.525218 2782.476165 2797.861437 2818.893497 2800.962790 2820.326390 2840.697515 2861.900805 2885.564304 2909.931245 2934.567505 2960.680753 2982.191080 2985.976506 2993.367051 3001.913036 3001.574946
2953.589655 2941.974960 2916.993195 2891.067405 2862.841516 2830.093575 2807.630472 2818.472552 2788.367630 2760.071658 2734.191660 2721.031805 2714.073756 2700.677499 2683.363477 2672.012290 2656.290045 2645.203783 2650.296454 2651.427669 2659.535151 2657.779877 2658.523159 2655.935575 2655.225354 2652.756462 2646.132897 2657.450581 2664.197001 2677.780071 2687.950976 2697.741466 2703.737440 2707.557064 2708.783779 2704.610940 2710.519207 2717.042221 2731.090433 2742.479181 2756.437748 2776.615238 2792.833534 2811.835701 2799.122188 2819.748988 2841.368643 2865.889450 2892.702939 2916.302793 2933.331035 2939.054958 2947.620082 2948.986559 2938.052663
