tests/Borden05m/sims/sim_1/output-maps/psiliqL0005N0012.asc
ncols         160
nrows         34
xllcorner     620200.000000
yllcorner     5168000.000000
cellsize      0.500000
NODATA_value  -9999.0
[rows 0 to 24 of 34, columns 56 to 111 of 160]
-9999.0 -9999.0 -9999.0 -9999.0 -9999.0 -9999.0 -9999.0 -9999.0 -9999.0 -9999.0 -9999.0 -9999.0 -9999.0 -9999.0 -9999.0 -9999.0 -9999.0 -9999.0 -9999.0 -9999.0 -9999.0 -9999.0 -9999.0 -9999.0 -9999.0 -9999.0 -9999.0 -9999.0 -9999.0 -9999.0 -9999.0 -9999.0 -9999.0 -9999.0 -9999.0 -9999.0 -9999.0 -9999.0 -9999.0 -9999.0 -9999.0 -9999.0 -9999.0 -9999.0 -9999.0 -9999.0 -9999.0 -9999.0 -9999.0 -9999.0 -9999.0 -9999.0 -9999.0 -9999.0 -9999.0 -9999.0
-9999.0 -9999.0 -9999.0 -663.306734 -669.350766 -674.790703 -679.413724 -689.030801 -698.091555 -707.243634 -710.679955 -711.153632 -712.418697 -713.904583 -708.734855 -701.310424 -694.371434 -687.081735 -685.858069 -683.913708 -681.457323 -680.900630 -682.295754 -685.692805 -688.773698 -692.055873 -692.108287 -701.274789 -713.609324 -723.286633 -725.964960 -720.048385 -715.183092 -713.598909 -707.573203 -696.450024 -685.792941 -678.529591 -666.912797 -663.248003 -658.145407 -653.704990 -657.949598 -660.752049 -663.020125 -665.588720 -677.641095 -9999.0 -9999.0 -9999.0 -9999.0 -9999.0 -9999.0 -9999.0 -9999.0 -9999.0
-698.734578 -679.222118 -677.349307 -693.081350 -697.493965 -700.303696 -701.807551 -707.042976 -716.789205 -721.791051 -728.309131 -730.608604 -731.062028 -732.047526 -728.276894 -717.490687 -709.071720 -704.860633 -703.701521 -702.230918 -702.782371 -703.717429 -703.961939 -707.086101 -710.534422 -714.020269 -715.199470 -713.203600 -721.647945 -726.978653 -730.725154 -732.828942 -730.473986 -728.299536 -725.946595 -715.229051 -707.499372 -700.103643 -685.161680 -671.946405 -666.875092 -669.975878 -675.273310 -677.414182 -682.009482 -690.642520 -699.970772 -707.884419 -713.934478 -717.990265 -723.176388 -715.870054 -711.221223 -700.521747 -690.354920 -678.636334
-718.851225 -698.070321 -696.589740 -710.872292 -721.002780 -725.333697 -724.828023 -721.095481 -725.192182 -731.103402 -737.221412 -728.285282 -728.026810 -727.605909 -724.704026 -720.933386 -719.170719 -716.592258 -711.867411 -702.164355 -700.543774 -700.533449 -700.399938 -702.398170 -705.800972 -707.139938 -709.846831 -716.384354 -716.654628 -715.669251 -716.059708 -709.465441 -708.192831 -705.895505 -715.773607 -712.559092 -706.585495 -700.401766 -694.088300 -687.685846 -682.746897 -686.522034 -686.314102 -693.843159 -707.369600 -717.026175 -723.387333 -722.516173 -723.039565 -730.308174 -745.632731 -736.869602 -717.636929 -714.599179 -712.662930 -699.997758
-729.696689 -719.586185 -718.322578 -724.842344 -722.318408 -719.646002 -717.542429 -720.168260 -724.951374 -728.579234 -713.287304 -703.995762 -704.148926 -701.538309 -697.722370 -699.048428 -715.359266 -719.253346 -710.155711 -699.500237 -693.901395 -695.033022 -695.717376 -697.800070 -698.728437 -698.686083 -701.384027 -699.499707 -696.607349 -696.721215 -690.996602 -684.858169 -681.159771 -692.000038 -702.657780 -702.231347 -693.461903 -685.198032 -678.179801 -666.373211 -652.421558 -654.042261 -659.357361 -666.451422 -677.247992 -700.727866 -721.312228 -731.170082 -736.666699 -743.241584 -742.610002 -744.892056 -731.205130 -730.035506 -729.462014 -719.870626
-731.903666 -709.507705 -701.696182 -710.231798 -717.149978 -721.349116 -720.758738 -721.388967 -718.466095 -703.544289 -690.383021 -674.525978 -674.148816 -672.306634 -672.880552 -684.845661 -696.113052 -701.762886 -684.040551 -667.190226 -659.294080 -659.787461 -659.948691 -649.204529 -652.435382 -655.649302 -662.823144 -659.988664 -657.491044 -643.665987 -636.178866 -628.897949 -631.392016 -644.760758 -656.697547 -658.615056 -657.003090 -656.087168 -650.327272 -639.002410 -627.139892 -632.842356 -639.808609 -648.125079 -678.592941 -707.143608 -722.878337 -717.544823 -714.096349 -717.697947 -719.325102 -721.787773 -731.286167 -730.441272 -730.122066 -731.943437
-683.039199 -665.449890 -647.500814 -656.404515 -666.389470 -680.456335 -680.136592 -676.863044 -668.889886 -656.312324 -637.472674 -611.048024 -609.568712 -606.024162 -600.189067 -612.727224 -626.217751 -641.279736 -623.568215 -614.525802 -605.097761 -601.986855 -587.504091 -574.909274 -581.880501 -593.017710 -604.547822 -596.887823 -579.228761 -561.503753 -555.008523 -551.680098 -549.774202 -561.191318 -566.923823 -570.856903 -571.163794 -577.222482 -575.132659 -561.378050 -541.409348 -540.033571 -553.101703 -578.218883 -616.511969 -653.904681 -677.319501 -668.537402 -674.871702 -679.908723 -682.221865 -697.210212 -708.610293 -705.118245 -715.556559 -722.783283
-644.119980 -626.976734 -607.456407 -612.653792 -626.726156 -641.145078 -641.199507 -631.976804 -623.499937 -603.368958 -575.168400 -543.195981 -524.064297 -510.246247 -497.336333 -507.646381 -520.729221 -534.668780 -530.800944 -513.321609 -495.362861 -476.193353 -454.638015 -432.365040 -438.904264 -452.001703 -454.402419 -447.895131 -421.422510 -396.580000 -385.896395 -379.294742 -368.988802 -377.310956 -392.239277 -409.798694 -427.084184 -442.135469 -452.147591 -430.402160 -407.195685 -411.530906 -452.907465 -490.892501 -535.746463 -580.231546 -621.126271 -627.046204 -625.316707 -624.803974 -641.632444 -656.273517 -676.203565 -686.440123 -693.036244 -709.975701
-544.336869 -517.279831 -490.781790 -480.710226 -499.852286 -504.398481 -497.345533 -481.687484 -473.542028 -452.496419 -398.338319 -328.851500 -285.366199 -256.941306 -251.714095 -260.580095 -272.677013 -292.038540 -302.148800 -285.163849 -267.869743 -253.393046 -243.037132 -234.072233 -228.506631 -229.327522 -229.337692 -227.432280 -224.504016 -219.675035 -214.563662 -209.569777 -203.917703 -202.763033 -210.047356 -217.037664 -224.766121 -231.739833 -233.740463 -234.955507 -229.954775 -230.906907 -247.531242 -275.501622 -320.206292 -387.259500 -448.296114 -488.068642 -491.513097 -512.825515 -534.794371 -561.485920 -605.211134 -625.447062 -641.325469 -676.140163
-384.173980 -327.671237 -298.113612 -275.335997 -272.460980 -267.907439 -263.510252 -256.548499 -250.733903 -244.603970 -219.726771 -189.201344 -159.621237 -135.502942 -126.483496 -134.995886 -144.647169 -155.766174 -164.981723 -163.838887 -151.536338 -136.857762 -123.213767 -114.362021 -111.423733 -112.892689 -112.598291 -111.779192 -109.204216 -107.475762 -103.895360 -98.244775 -88.942655 -77.189973 -79.796734 -94.578922 -106.148510 -120.046485 -126.312200 -129.582228 -134.726283 -135.538370 -136.858346 -159.273717 -183.958788 -212.083097 -238.729839 -258.944005 -286.211483 -318.367990 -356.320937 -431.120957 -495.932864 -543.816886 -582.405268 -619.550476
-221.562537 -195.825597 -171.921792 -156.888374 -150.580976 -147.075997 -143.133168 -136.650751 -131.107981 -123.794743 -107.875828 -76.482217 -41.081160 -8.826018 -1.794514 -8.739032 -18.602432 -29.667558 -37.735599 -40.032072 -36.504280 -27.823821 -16.715004 -5.031878 3.888457 4.373772 6.770011 4.461551 6.214096 9.718490 10.286339 15.380395 24.107519 32.961817 34.582392 24.059097 10.926852 -5.790236 -16.532662 -29.120868 -37.578970 -39.677268 -39.890728 -41.603755 -61.329806 -91.559553 -129.910937 -156.364014 -177.955939 -191.900160 -206.519672 -221.061243 -252.818296 -275.567255 -321.351180 -391.020400
-122.546708 -97.631598 -70.633949 -50.662539 -38.424822 -32.686683 -25.665095 -17.897775 -10.810483 0.433995 13.311838 31.104875 61.715362 105.224037 124.841391 122.913913 113.249150 99.334555 96.875885 96.307039 85.687614 100.204369 94.098891 116.472549 115.837100 120.623165 134.507969 119.113766 121.095980 136.151476 136.862159 137.347027 138.819694 144.125121 144.694966 130.715525 130.222985 113.955817 95.853488 68.370175 58.262588 53.047410 51.556377 48.905331 39.328082 15.021238 -20.670051 -55.078351 -79.960795 -97.708780 -110.579665 -119.456486 -127.505017 -141.348257 -166.853946 -202.487039
-20.521916 0.320947 22.302690 48.487776 69.019191 84.529003 103.976147 109.716997 119.457908 133.077100 134.896180 145.007253 170.778270 191.967959 202.125764 207.707005 208.894579 209.443180 211.369304 211.424974 207.195145 208.831826 208.511340 210.031195 211.884694 212.539587 213.828300 212.452745 213.109171 214.550083 214.784743 214.739312 212.813993 212.992625 212.843828 211.405440 209.942978 203.740994 188.710845 175.839164 168.121547 160.822233 152.394496 143.327334 134.360913 119.530658 78.983724 43.199308 11.434458 -6.533331 -15.444836 -21.385620 -26.205425 -39.435629 -58.864980 -84.127831
104.503505 115.916926 122.218464 154.282192 171.904555 183.334927 191.714344 196.232944 206.135745 216.120626 216.145057 216.527858 218.423130 219.809442 220.053059 219.631178 219.840177 217.784010 217.639338 216.129585 210.462812 201.555410 202.465743 203.589020 205.714705 209.265731 208.090611 209.109749 212.051887 210.637653 205.307703 201.879899 200.160641 200.044950 206.461855 209.278427 210.155300 210.512237 209.725073 209.319393 208.936040 208.765856 208.572181 208.252677 204.287991 195.583012 174.519698 146.724636 115.655008 81.836081 69.587976 69.104291 65.173960 58.605946 38.983859 9.757829
198.734388 209.265226 217.024574 218.906300 220.357894 220.728353 222.653826 224.426425 223.712204 220.386292 217.017534 212.303586 211.012663 209.510312 207.144526 207.868943 205.821972 202.062053 198.880966 193.156281 180.694137 168.256471 165.673904 169.885373 174.735463 179.047307 182.279687 187.591054 189.582661 184.209217 175.163855 167.945243 165.601191 171.245025 175.778153 180.373710 182.251279 179.721235 178.124080 178.811385 177.321240 178.884927 186.627555 199.270942 206.965342 207.283918 207.064383 205.829263 203.624140 182.694798 163.417768 165.373978 161.193980 150.141051 127.648248 89.464950
215.090414 215.111347 212.697922 206.948418 201.458883 200.818769 204.349450 210.681369 212.411586 205.764656 198.191584 191.373970 182.736344 179.262342 177.467327 176.320635 176.342195 171.139807 164.192858 148.245922 119.292288 102.880660 95.090746 93.791136 100.175186 110.477490 122.962015 143.547544 140.068655 120.014975 103.273279 93.215573 92.396843 94.683171 102.480758 114.537066 119.450668 117.679848 113.319293 110.818355 107.238053 110.304873 130.496146 150.873296 165.435672 177.835354 186.425871 193.852723 199.523906 205.870503 205.763656 205.776723 205.718772 201.830763 188.459940 168.786979
200.942137 194.768949 189.455926 180.771816 174.068330 172.175961 174.550498 177.536347 175.621870 169.184944 159.293793 146.748981 120.133154 109.441461 108.078370 108.896128 108.815095 102.675431 88.570537 70.265609 52.143417 36.103466 31.265342 27.091075 25.760363 37.647453 55.142794 65.101235 54.390750 42.104943 26.338230 17.448331 14.279208 15.525396 24.158552 41.300917 57.172761 57.091277 48.458638 40.759486 37.655712 38.406909 50.588371 72.023095 92.505875 109.290825 128.837514 142.205873 151.157866 160.337233 170.897974 183.068674 194.458981 205.176998 206.044841 205.724107
173.012994 164.722351 154.210526 131.717313 120.786641 114.791269 111.569489 109.150463 103.668905 97.202456 86.922841 73.946366 58.045217 42.808844 38.352280 35.570519 36.898991 25.767751 14.126856 -5.558187 -21.406210 -36.552443 -44.403401 -49.310167 -53.582428 -45.340934 -28.463669 -18.168030 -32.629386 -43.142575 -57.090107 -64.172833 -67.596710 -66.765644 -58.217605 -36.871929 -19.766024 -14.733997 -22.882874 -29.516893 -32.012950 -31.341895 -24.488718 -7.398646 13.591254 34.469371 51.667843 63.146249 72.103829 82.972047 98.175976 115.776377 143.990003 161.735800 179.772720 194.259935
116.057537 104.349347 92.584446 77.342671 64.245411 56.958826 56.499326 49.432472 43.316087 33.521263 -5.527698 -20.532010 -37.460505 -51.665438 -56.844062 -64.080227 -68.145190 -77.610561 -84.752861 -95.285760 -109.367822 -123.652704 -135.748608 -139.026185 -141.905089 -145.062481 -136.015929 -131.960343 -134.188114 -140.757087 -147.576161 -151.182547 -153.475700 -150.319699 -139.348615 -128.875613 -119.144714 -115.003702 -120.040207 -115.434780 -109.973696 -109.049517 -94.672549 -81.187128 -64.153635 -43.588895 -21.817394 -9.996131 -0.696337 10.336445 26.319645 44.828334 66.163312 90.487050 117.910954 147.902568
63.637650 49.547909 34.941122 21.167957 8.031010 -3.974096 -4.167682 -8.184653 -14.130931 -44.426498 -82.775394 -110.146091 -125.319848 -142.630725 -150.974537 -159.671640 -180.184946 -193.059830 -200.220174 -198.836842 -208.419855 -222.270704 -233.442516 -238.475764 -241.949138 -249.638782 -252.732355 -249.731498 -242.703182 -248.042460 -251.237416 -249.507021 -251.372652 -252.628812 -245.906912 -235.181303 -229.042609 -222.481461 -215.870932 -211.682077 -204.586194 -183.158222 -169.638054 -156.936670 -140.045222 -121.168507 -100.925323 -84.041124 -72.864544 -60.036807 -42.254195 -25.803186 -4.527361 19.764407 49.133832 71.618081
-1.909432 -19.460709 -34.464524 -49.530449 -65.285194 -84.905318 -87.428476 -94.301118 -105.153656 -140.325071 -174.668721 -203.012492 -221.798390 -240.918627 -254.273752 -279.314721 -321.715855 -355.883167 -356.669524 -348.113293 -358.209458 -388.830390 -416.327470 -435.309682 -454.136037 -476.740900 -489.682699 -478.358587 -465.388135 -463.305009 -462.636246 -458.099087 -457.824189 -459.192813 -458.635976 -438.760635 -421.898714 -403.199003 -386.499229 -369.514046 -323.059284 -284.651961 -259.744236 -238.865416 -220.719013 -199.662945 -177.178223 -159.052619 -146.344383 -130.725748 -113.763316 -95.401996 -75.919940 -51.832331 -23.187320 0.223881
-66.417960 -89.682906 -108.499333 -128.087031 -156.898604 -170.172903 -179.213366 -188.360670 -214.311950 -247.041223 -285.334278 -333.963757 -386.050010 -433.216546 -473.189516 -513.566008 -549.657809 -572.551974 -563.774551 -555.938103 -546.457920 -563.310697 -578.450558 -585.524232 -600.918696 -615.685146 -630.843464 -620.377893 -611.392265 -595.769281 -593.754630 -591.332892 -585.112374 -587.490801 -589.482560 -596.156673 -585.871097 -576.250898 -563.893681 -535.526573 -504.702555 -471.615469 -440.015947 -402.180670 -354.684987 -306.195276 -265.914069 -237.437464 -219.224483 -201.010134 -180.685526 -162.983736 -146.554213 -127.061932 -102.934746 -81.219028
-151.276884 -169.357539 -189.767909 -218.458264 -254.072895 -286.956833 -304.699952 -351.647301 -412.017599 -482.870505 -521.429506 -548.497745 -575.785715 -598.511037 -618.808350 -645.761790 -668.142257 -692.172318 -686.102009 -673.010765 -657.093034 -668.048368 -672.610010 -674.179306 -685.875342 -699.096475 -714.196312 -710.524780 -695.628675 -678.544301 -674.193625 -668.811898 -660.778695 -660.842974 -667.616984 -678.146535 -673.089267 -660.882845 -646.765404 -625.264907 -603.544609 -582.309334 -562.821125 -539.256692 -511.841811 -480.018662 -439.237152 -389.100649 -346.263891 -299.471927 -259.084711 -234.947283 -221.681856 -206.397122 -182.407084 -164.219646
-237.119573 -258.261259 -293.288686 -361.713783 -443.802635 -507.834502 -547.353684 -583.538064 -617.512809 -638.054913 -655.526847 -672.865247 -689.667858 -707.878289 -725.570185 -742.778138 -762.930707 -786.899835 -779.303350 -763.934955 -748.162337 -746.913620 -749.690102 -751.325495 -758.583079 -772.589825 -789.452816 -780.491664 -764.557674 -749.231205 -741.119631 -735.628632 -728.614546 -732.439068 -742.009284 -752.638221 -745.020644 -730.189716 -717.007661 -701.020280 -681.447893 -661.686563 -642.191265 -621.371926 -600.268276 -575.819258 -549.402010 -520.605688 -489.894212 -454.836907 -412.686373 -383.244326 -351.674126 -321.760507 -285.517103 -255.635223
-418.364164 -462.125542 -501.868793 -545.198066 -590.455791 -621.827832 -651.089728 -678.510296 -705.927004 -726.866765 -742.732558 -748.357338 -759.992225 -778.140569 -787.050185 -800.983948 -824.366745 -822.183080 -816.294421 -799.103431 -798.781487 -798.740811 -802.646285 -801.930499 -806.559387 -824.937321 -816.627368 -809.184936 -793.463919 -785.267818 -778.055994 -772.997025 -769.236599 -770.938978 -782.400729 -779.771780 -773.165148 -758.657804 -750.349680 -737.756465 -718.424126 -704.570023 -687.867135 -668.461978 -648.304462 -626.502045 -602.814414 -575.918264 -550.518465 -528.150978 -516.905721 -502.458763 -490.774371 -493.582439 -467.909606 -438.185905
