tests/Borden05m/sims/sim_1/output-maps/psiliqL0019N0003.asc
ncols         160
nrows         34
xllcorner     620200.000000
yllcorner     5168000.000000
cellsize      0.500000
NODATA_value  -9999.0
[rows 0 to 24 of 34, columns 55 to 109 of 160]
-9999.0 -9999.0 -9999.0 -9999.0 -9999.0 -9999.0 -9999.0 -9999.0 -9999.0 -9999.0 -9999.0 -9999.0 -9999.0 -9999.0 -9999.0 -9999.0 -9999.0 -9999.0 -9999.0 -9999.0 -9999.0 -9999.0 -9999.0 -9999.0 -9999.0 -9999.0 -9999.0 -9999.0 -9999.0 -9999.0 -9999.0 -9999.0 -9999.0 -9999.0 -9999.0 -9999.0 -9999.0 -9999.0 -9999.0 -9999.0 -9999.0 -9999.0 -9999.0 -9999.0 -9999.0 -9999.0 -9999.0 -9999.0 -9999.0 -9999.0 -9999.0 -9999.0 -9999.0 -9999.0 -9999.0
-9999.0 -9999.0 -9999.0 -9999.0 2022.096305 2016.794851 2011.971890 2007.518273 1999.107526 1990.161709 1982.329472 1978.575164 1977.858735 1977.359023 1977.169940 1982.546520 1990.872311 1998.783275 2006.072494 2008.726006 2011.383964 2013.728808 2014.404563 2013.542452 2010.652723 2007.690747 2004.596919 2003.252072 1995.727461 1984.646056 1976.201888 1973.555857 1977.886016 1982.273496 1984.695627 1990.123595 2000.515793 2010.962396 2019.148358 2030.929839 2036.870680 2041.657742 2044.015712 2039.550571 2035.754002 2031.562465 2025.770468 2014.594833 -9999.0 -9999.0 -9999.0 -9999.0 -9999.0 -9999.0 -9999.0
1967.265773 1986.156486 2006.756971 2010.034656 1998.469195 1993.583454 1990.573570 1988.964088 1984.673619 1976.398268 1971.516092 1966.388784 1964.470484 1964.813244 1965.109104 1969.330202 1980.077168 1988.264814 1993.219184 1996.070245 1999.064250 1998.477742 1998.153443 1998.211425 1995.659456 1992.532182 1989.445452 1987.886498 1989.009376 1981.592559 1975.995294 1972.424157 1970.178898 1972.768126 1975.243153 1979.082648 1988.253542 1996.052134 2003.800846 2018.095159 2030.431455 2035.427795 2032.439282 2027.175102 2022.941841 2015.566290 2004.953623 1994.645972 1985.787322 1978.988029 1973.165828 1966.678669 1972.373745 1979.048258 1988.161650
1951.863332 1971.315498 1991.806590 1994.706110 1984.335337 1976.528251 1970.938943 1971.591610 1974.911304 1971.865611 1967.487379 1961.532468 1971.035782 1972.498230 1973.754443 1977.320634 1980.184775 1984.542140 1987.435651 1993.070809 2002.337110 2005.408605 2006.242997 2006.706020 2005.174139 2002.348876 2000.799162 1998.314508 1993.318184 1992.071526 1992.172629 1991.493742 1996.050820 1997.519050 1999.737568 1993.517065 1997.315008 2003.314053 2009.914715 2015.619755 2021.614617 2024.428434 2020.624917 2019.885513 2010.986264 1996.785651 1985.865174 1977.528085 1976.317704 1972.831803 1964.464370 1950.758626 1957.847350 1973.066553 1977.172738
1957.984578 1967.361824 1978.846447 1981.890011 1977.161733 1979.211766 1981.236531 1982.962714 1981.639068 1978.779462 1976.064749 1987.939496 1997.150684 1999.084037 2002.107301 2006.225715 2006.648944 1995.584019 1993.676132 2001.795774 2012.127435 2017.977212 2018.588419 2018.817552 2016.457961 2015.808488 2015.898234 2014.225955 2014.651220 2016.848522 2015.810869 2019.701392 2025.278319 2028.374467 2021.672387 2012.775235 2014.113875 2021.995309 2030.362492 2037.438570 2047.362836 2057.838738 2056.774052 2051.011955 2041.588115 2027.910126 2004.325646 1985.184741 1973.708427 1965.573998 1957.726414 1958.452971 1953.975380 1965.732578 1966.777627
1952.379964 1971.464868 1992.467595 1999.790881 1994.250401 1990.242584 1988.646669 1989.809126 1989.924193 1992.214281 2003.361565 2016.604621 2030.014645 2032.810555 2035.370733 2034.869213 2026.826992 2016.923078 2014.035102 2028.474930 2045.379946 2053.937358 2054.589877 2052.790161 2058.503910 2058.375665 2058.180214 2054.436037 2056.198867 2056.111847 2064.070562 2071.759804 2079.231183 2077.591437 2065.331167 2053.381911 2052.362937 2056.130667 2060.768983 2067.135844 2076.712309 2085.432193 2079.719192 2072.721490 2063.168271 2035.198627 2009.348305 1992.958215 1992.439202 1992.095211 1986.648699 1983.233976 1980.278493 1973.837597 1972.872797
1996.190049 2016.982860 2037.604961 2052.586927 2047.198055 2039.995985 2031.232630 2032.231438 2034.636911 2042.241777 2054.540562 2070.290834 2093.649772 2095.371840 2097.676618 2098.906909 2087.383354 2075.125387 2064.968871 2085.125279 2096.223142 2104.746963 2105.199333 2113.620454 2123.669859 2120.312286 2113.771273 2103.275435 2109.663516 2119.299341 2134.521821 2141.854899 2146.304492 2143.473023 2131.040675 2124.735355 2124.454329 2128.287383 2127.083898 2132.874876 2141.678420 2155.756233 2153.926641 2146.568183 2124.361241 2086.579816 2053.626230 2035.788588 2043.067254 2035.783257 2028.143026 2025.109892 2011.573154 2001.439762 2001.627418
2042.341650 2058.870951 2076.824734 2094.836299 2088.860074 2079.187415 2065.220502 2064.269315 2070.969697 2081.760195 2100.679826 2121.823085 2144.317864 2148.716285 2147.908257 2157.871782 2151.728195 2142.207846 2134.784851 2151.001993 2162.750146 2174.478554 2183.295414 2196.936036 2208.925840 2197.182121 2183.775999 2176.950873 2183.448542 2206.031611 2225.694296 2230.698234 2230.909012 2231.970961 2220.044186 2214.169320 2208.921793 2205.992453 2201.175018 2197.428290 2217.868865 2235.494593 2233.319996 2209.725424 2185.201568 2146.517873 2107.824790 2078.176603 2082.628694 2078.534245 2078.392078 2064.636635 2049.874403 2036.547988 2028.939513
2112.898558 2139.259179 2158.665988 2180.704191 2177.867242 2159.227435 2148.583186 2153.166286 2166.958390 2175.279283 2192.717202 2214.220900 2243.629442 2261.256272 2277.311803 2282.208515 2274.653869 2266.246219 2254.118344 2255.984687 2276.925542 2290.158880 2301.111208 2312.103185 2325.843288 2330.171484 2326.618357 2326.316182 2330.608140 2340.847619 2352.418917 2359.202518 2363.444111 2367.247288 2359.138090 2347.761131 2343.552328 2336.170201 2331.478755 2329.011426 2334.562583 2348.616899 2344.652330 2312.472891 2284.020988 2248.948554 2210.157423 2178.585517 2165.051640 2175.628781 2167.472794 2149.103090 2132.632061 2100.732569 2088.139468
2202.311475 2237.521918 2264.530337 2278.499055 2290.185336 2281.898720 2282.782850 2287.748593 2296.413237 2301.496065 2309.581360 2342.600935 2377.237645 2405.024902 2429.081981 2437.597730 2426.782335 2417.396724 2405.242415 2396.803982 2405.025308 2422.011856 2440.562841 2457.344881 2469.984406 2474.094846 2473.606716 2474.625284 2477.865068 2481.133375 2484.935368 2492.302111 2500.017258 2510.443921 2520.219919 2512.011688 2494.073950 2482.886234 2470.920935 2467.144063 2465.966443 2465.501618 2464.407773 2450.915637 2412.983250 2381.383335 2348.089791 2322.114014 2303.140427 2293.848279 2273.074100 2248.435705 2198.894529 2158.863122 2124.327989
2309.811915 2353.189700 2384.156571 2406.163477 2421.276021 2422.474324 2425.589304 2428.455829 2434.341119 2439.287669 2445.382580 2470.763905 2511.795181 2550.769625 2581.714840 2584.221874 2573.187788 2562.713620 2553.387504 2541.696766 2539.056340 2550.370810 2564.931962 2584.431631 2596.730612 2605.709264 2604.048720 2605.182484 2607.512944 2609.476130 2611.593218 2614.579038 2623.105581 2636.841535 2649.682255 2649.695009 2633.525207 2616.632505 2599.761031 2594.245483 2589.043244 2582.472631 2582.148210 2581.641222 2568.360501 2538.274662 2497.852374 2454.629516 2431.052740 2410.956241 2397.053210 2379.138283 2344.838296 2284.393675 2247.942583
2441.205912 2473.633248 2505.624109 2537.547829 2555.396739 2561.448969 2561.385769 2562.777149 2570.919159 2576.478553 2585.271220 2601.973708 2630.530176 2663.118740 2691.593482 2708.219487 2702.824000 2688.027469 2668.903603 2662.152244 2661.022670 2664.966673 2674.261568 2685.926983 2704.531609 2723.260130 2731.766501 2733.376523 2729.787385 2734.172699 2736.163272 2736.632960 2738.863848 2745.627929 2754.107569 2756.965047 2750.294048 2729.742173 2707.635886 2694.336767 2686.078156 2681.124888 2679.287478 2680.858982 2680.412411 2665.407531 2632.096070 2589.660597 2556.491254 2536.267923 2519.734716 2502.736968 2488.728560 2460.627934 2438.953904
2566.797454 2583.232502 2611.866771 2640.698066 2664.332637 2680.552878 2683.525332 2688.603082 2694.139033 2703.503263 2719.697995 2743.556911 2760.873852 2780.869286 2804.773165 2819.123679 2824.626305 2824.113910 2821.797193 2823.789377 2824.776036 2781.579411 2787.217466 2792.806318 2805.790138 2818.303233 2823.388757 2824.398196 2822.823433 2824.924754 2825.955824 2826.365203 2826.350008 2827.775271 2831.572855 2833.065546 2831.331120 2821.460350 2831.866701 2813.365746 2800.458702 2792.099977 2783.334279 2773.863543 2763.024024 2751.449199 2729.692781 2699.511025 2664.738336 2639.777941 2628.572460 2620.112811 2610.454466 2602.588986 2584.166781
2679.960084 2692.659120 2711.046424 2733.662897 2767.052338 2788.990151 2800.275274 2809.417755 2814.385172 2827.652665 2842.864978 2833.054624 2839.271120 2845.401698 2851.315219 2853.184609 2853.583854 2853.208614 2850.983554 2850.688279 2849.115984 2845.687172 2836.430766 2838.578483 2840.796792 2843.758895 2847.732938 2846.769126 2847.975937 2851.217655 2849.956514 2844.617378 2841.218522 2840.064968 2841.194089 2848.826555 2852.469889 2853.635745 2851.787087 2851.247445 2850.651099 2848.144857 2844.791982 2839.950043 2833.667541 2841.526161 2829.155196 2802.660269 2765.166509 2724.609688 2712.661184 2709.982190 2708.425608 2704.272900 2696.346469
2810.482034 2824.355744 2839.117156 2827.579288 2844.370191 2852.889219 2856.762561 2859.929375 2862.252604 2864.057511 2860.645802 2857.112928 2851.898653 2849.900540 2847.902696 2844.815781 2844.841903 2842.493472 2838.297270 2834.500425 2827.441412 2816.595428 2805.630424 2802.761267 2807.235912 2812.479594 2817.110298 2820.832555 2824.331992 2825.017601 2820.225124 2812.551115 2805.795380 2804.582463 2811.831281 2818.129023 2824.697491 2826.222064 2825.626000 2824.143204 2824.774832 2822.421596 2823.048668 2829.811060 2843.549984 2847.556568 2851.354102 2850.340340 2838.019944 2815.819058 2817.178531 2796.900855 2800.653798 2794.843466 2782.034423
2858.854117 2861.597055 2861.000183 2859.864003 2853.807982 2847.652248 2846.370672 2849.547139 2855.554616 2855.727352 2847.672077 2838.113128 2829.858090 2821.553818 2818.050830 2815.906968 2814.375049 2813.814860 2807.955358 2799.010807 2782.455832 2770.734877 2759.444945 2753.192233 2749.965264 2753.704736 2763.702192 2774.123482 2778.708767 2770.759340 2763.047754 2752.277896 2744.821993 2745.876564 2748.384515 2758.557077 2774.888555 2782.032822 2783.952376 2779.400465 2775.078585 2769.863824 2768.192853 2775.448530 2791.031508 2807.651313 2822.675737 2831.698822 2839.528365 2846.507823 2847.756116 2849.780726 2850.632767 2848.599699 2848.706665
2858.353895 2851.770321 2844.952292 2839.458101 2832.290382 2825.802594 2822.807024 2823.526212 2824.340995 2818.892437 2810.406054 2798.069354 2785.116674 2773.469585 2764.641140 2763.662253 2764.251957 2764.208658 2756.422152 2740.714198 2720.959507 2706.914821 2692.442491 2687.756111 2681.617906 2674.941315 2684.504847 2702.198016 2708.548423 2693.709666 2683.465475 2669.175038 2662.812836 2660.123322 2662.359755 2672.765776 2695.220605 2718.302834 2721.519347 2712.862302 2704.322644 2701.177504 2699.735560 2706.515680 2725.056398 2748.118316 2764.934614 2776.211269 2782.981491 2792.124312 2802.696578 2817.097604 2831.734120 2843.720198 2850.414851
2835.538123 2827.228860 2818.796590 2810.147869 2801.736605 2793.540989 2787.293892 2783.107228 2777.495917 2768.933459 2758.946166 2736.709529 2721.644218 2706.562642 2689.762553 2683.720518 2677.771967 2677.450519 2664.959244 2655.163240 2637.771037 2621.814772 2605.177425 2592.297133 2585.545955 2578.356597 2578.710435 2592.403187 2600.608116 2589.062569 2579.081594 2567.654764 2562.891586 2560.442487 2563.822856 2575.606404 2597.951396 2618.073955 2627.469874 2621.634667 2620.310116 2621.245207 2621.699592 2629.304077 2643.284574 2663.202068 2686.589400 2706.201261 2718.038512 2727.513556 2739.262061 2757.199298 2773.025281 2788.446798 2806.998557
2802.052967 2791.310826 2779.923467 2768.506999 2755.676551 2740.848466 2731.900152 2731.016513 2721.717623 2712.524976 2690.158422 2636.711841 2613.798420 2592.290951 2573.667441 2564.776530 2554.554308 2540.529472 2530.272537 2523.774649 2520.904204 2505.218211 2485.809556 2467.748490 2461.683708 2456.893390 2442.753034 2441.919404 2443.195696 2453.338773 2446.612496 2443.378756 2443.831018 2442.224865 2445.605391 2460.224057 2471.515003 2480.877532 2489.051057 2492.620142 2503.215124 2513.268182 2522.545970 2540.837924 2554.792261 2573.160243 2596.408076 2623.964612 2641.254542 2653.611569 2666.935573 2684.611514 2703.448228 2723.306978 2747.747516
2759.252770 2740.101099 2723.726414 2707.087131 2691.728876 2676.677437 2659.311039 2657.465644 2651.257432 2638.173988 2585.898370 2540.697004 2503.010155 2482.112467 2456.340612 2441.123186 2424.790967 2390.280577 2372.997939 2368.921630 2378.359083 2371.398640 2354.973956 2341.433324 2331.830313 2322.952201 2306.841022 2292.158640 2297.161991 2312.421687 2310.807570 2311.992228 2318.517915 2318.181444 2314.072242 2316.457517 2330.984012 2339.149987 2351.153149 2367.335523 2373.336179 2387.642935 2419.362892 2434.379804 2451.522302 2473.056228 2496.909727 2523.433327 2548.366403 2565.406868 2583.708001 2605.858078 2625.968393 2649.592593 2675.369430
2695.960167 2665.046378 2642.330456 2622.323712 2600.567631 2573.392483 2549.871542 2544.126709 2534.038574 2505.756863 2451.631173 2410.496373 2381.449959 2356.845626 2330.842103 2307.033378 2272.132103 2237.517565 2215.416829 2225.544329 2234.215447 2240.323396 2227.379787 2215.250285 2204.869927 2188.271614 2171.697751 2157.141647 2166.705187 2175.052545 2189.102951 2194.554527 2198.694846 2203.642927 2203.175578 2196.317169 2197.005471 2206.533451 2217.728843 2230.130505 2249.113795 2283.146273 2309.068161 2328.331132 2350.708742 2372.372784 2396.796764 2422.656386 2447.848986 2467.754005 2489.758887 2513.507605 2538.453755 2562.189145 2589.675519
2606.289802 2576.011579 2546.750968 2520.459497 2486.596403 2440.475835 2422.534180 2410.546761 2389.854796 2344.800168 2300.378207 2270.504195 2250.471397 2224.644764 2200.614173 2171.039040 2137.278098 2112.670671 2091.657288 2099.723524 2107.946496 2123.574369 2113.077876 2103.979853 2099.184192 2083.760172 2069.922789 2054.153101 2060.776988 2071.741956 2092.297275 2097.541189 2101.621411 2110.360056 2110.106413 2107.230233 2094.436365 2102.879683 2114.330303 2129.351972 2159.459746 2183.606581 2207.578811 2230.181257 2251.436426 2275.484004 2300.556686 2326.293128 2354.929018 2377.348962 2399.448259 2424.145991 2447.477211 2467.581281 2490.119097
2483.183711 2456.072159 2432.555625 2405.672878 2363.298300 2317.030175 2276.439059 2252.199988 2204.353126 2168.069699 2139.619636 2129.768093 2113.352517 2090.801317 2069.400672 2048.049782 2023.603331 2002.548780 1977.490482 1981.683467 1995.549417 2010.825942 2008.723063 2007.403629 2004.936420 1994.581323 1980.864544 1967.118319 1970.651027 1986.773028 2004.207869 2013.185878 2020.631667 2028.626943 2028.991688 2021.207893 2012.509399 2018.273786 2033.657662 2050.452835 2070.064019 2091.954392 2113.909992 2135.168270 2158.689087 2182.849396 2207.581422 2234.517602 2263.658059 2286.877519 2313.103503 2340.425901 2361.544208 2375.386848 2389.639262
2365.729144 2343.030020 2317.211360 2287.989584 2244.566351 2202.196587 2159.125089 2114.080578 2079.532533 2048.366425 2035.629412 2017.733093 2001.510022 1984.569476 1963.251848 1944.972310 1927.982198 1906.033880 1892.277710 1898.331346 1911.258231 1920.429712 1925.219875 1922.535664 1919.727602 1913.142572 1899.214710 1892.387434 1901.621095 1916.799298 1930.976464 1941.999817 1948.974980 1954.754680 1952.196874 1943.852743 1940.080948 1948.624780 1964.483703 1978.915545 1995.103942 2016.376722 2037.449984 2059.573813 2082.752906 2105.776130 2131.351355 2157.836823 2185.186492 2213.296556 2238.153222 2260.905738 2273.544526 2286.818897 2293.146467
2229.275395 2213.975404 2186.962832 2157.455375 2125.471180 2089.035665 2060.967074 2028.329386 1997.053473 1966.687168 1940.377654 1925.330206 1916.925607 1902.711747 1884.359766 1871.848264 1855.466082 1841.930345 1845.030413 1846.723582 1855.865293 1855.122922 1855.741524 1852.930359 1851.990115 1848.755750 1840.597406 1850.234726 1857.113694 1870.983608 1881.317479 1890.944957 1897.028211 1900.995523 1901.803759 1896.904422 1902.008992 1908.804093 1923.078014 1934.719132 1949.061972 1969.486028 1986.779924 2006.182387 2028.732023 2052.089470 2076.588717 2102.883775 2131.474788 2157.202875 2177.172695 2186.845238 2198.733484 2204.477260 2198.457219
