tests/Borden05m/sims/sim_1/output-maps/psiliqL0019N0011.asc
ncols         160
nrows         34
xllcorner     620200.000000
yllcorner     5168000.000000
cellsize      0.500000
NODATA_value  -9999.0
[rows 0 to 24 of 34, columns 55 to 109 of 160]
-9999.0 -9999.0 -9999.0 -9999.0 -9999.0 -9999.0 -9999.0 -9999.0 -9999.0 -9999.0 -9999.0 -9999.0 -9999.0 -9999.0 -9999.0 -9999.0 -9999.0 -9999.0 -9999.0 -9999.0 -9999.0 -9999.0 -9999.0 -9999.0 -9999.0 -9999.0 -9999.0 -9999.0 -9999.0 -9999.0 -9999.0 -9999.0 -9999.0 -9999.0 -9999.0 -9999.0 -9999.0 -9999.0 -9999.0 -9999.0 -9999.0 -9999.0 -9999.0 -9999.0 -9999.0 -9999.0 -9999.0 -9999.0 -9999.0 -9999.0 -9999.0 -9999.0 -9999.0 -9999.0 -9999.0
-9999.0 -9999.0 -9999.0 -9999.0 2034.370862 2029.143870 2024.443854 2020.149208 2011.925181 2003.166267 1995.522996 1991.958112 1991.427128 1991.103538 1991.074895 1996.589856 2005.025737 2013.012402 2020.337106 2022.981817 2025.602692 2027.883427 2028.470014 2027.499955 2024.492878 2021.415012 2018.204821 2016.749976 2009.128189 1997.965659 1989.455855 1986.757187 1991.044583 1995.396983 1997.790281 2003.193835 2013.563261 2023.983732 2032.132706 2043.873861 2049.768515 2054.495089 2056.770646 2052.199739 2048.279661 2043.959514 2038.051720 2026.794686 -9999.0 -9999.0 -9999.0 -9999.0 -9999.0 -9999.0 -9999.0
1979.240832 1998.348477 2019.133156 2022.547740 2011.024716 2006.240017 2003.366500 2001.918038 1997.805973 1989.716925 1985.026320 1980.092068 1978.363395 1978.887004 1979.348207 1983.712122 1994.572777 2002.838081 2007.829993 2010.676538 2013.626586 2012.960359 2012.525668 2012.449577 2009.750227 2006.472977 2003.242882 2001.553976 2002.565942 1995.059019 1989.391052 1985.764751 1983.475925 1986.030388 1988.478760 1992.297713 2001.452394 2009.235975 2016.965679 2031.232892 2043.535680 2048.483128 2045.420719 2040.054138 2035.695204 2028.181754 2017.434917 2007.001622 1998.031363 1991.044975 1984.994067 1978.257623 1983.698477 1990.127407 1999.014672
1964.140887 1983.834551 2004.544148 2007.627592 1997.401201 1989.743706 1984.315420 1985.140346 1988.641801 1985.785972 1981.603870 1975.847658 1985.547221 1987.198734 1988.628644 1992.345248 1995.328698 1999.764465 2002.690103 2008.307898 2017.505473 2020.462275 2021.141588 2021.419088 2019.684469 2016.655071 2014.914017 2012.261658 2007.127019 2005.772618 2005.792785 2005.053817 2009.565421 2010.998879 2013.194786 2006.960624 2010.753423 2016.755356 2023.363487 2029.076297 2035.068398 2037.861259 2034.004597 2033.173820 2024.148269 2009.794568 1998.706599 1990.194122 1988.797376 1985.091174 1976.476366 1962.508446 1969.333467 1984.299794 1988.175202
1970.831539 1980.482971 1992.225434 1995.501288 1990.978554 1993.220356 1995.430839 1997.340441 1996.202026 1993.532791 1991.015590 2003.093390 2012.508047 2014.639424 2017.844892 2022.120291 2022.666455 2011.676181 2009.788295 2017.865395 2028.085915 2033.761254 2034.141832 2034.098342 2031.445806 2030.506355 2030.330350 2028.431110 2028.675556 2030.737279 2029.602622 2033.424862 2038.953043 2042.013101 2035.294456 2026.392362 2027.740630 2035.649037 2044.059521 2051.191950 2061.169184 2071.675375 2070.599090 2064.771780 2055.230130 2041.390354 2017.615360 1998.265766 1986.561332 1978.175263 1970.056533 1970.502337 1965.746317 1977.240869 1978.049389
1965.996186 1985.391931 2006.693641 2014.294553 2009.002765 2005.217446 2003.821661 2005.168281 2005.458853 2007.925338 2019.257841 2032.698798 2046.319414 2049.317535 2052.060675 2051.713038 2043.783378 2033.944067 2031.058116 2045.421920 2062.158940 2070.451423 2070.752789 2068.542664 2073.822756 2073.274299 2072.702264 2068.644791 2070.164344 2069.900599 2077.736853 2085.344169 2092.762250 2091.090600 2078.816737 2066.870741 2065.877599 2069.704481 2074.436757 2080.926079 2090.632031 2099.461059 2093.808353 2086.804276 2077.173338 2049.063563 2023.029715 2006.428678 2005.669958 2005.060827 1999.328647 1995.619020 1992.374385 1985.665832 1984.467814
2010.658792 2031.794195 2052.758271 2068.054683 2062.942458 2055.975271 2047.407907 2048.568913 2051.113337 2058.847983 2071.284198 2087.191367 2110.725988 2112.623802 2115.092994 2116.467854 2105.052862 2092.852679 2082.675146 2102.701911 2113.539170 2121.662051 2121.588690 2129.403025 2138.824202 2134.873441 2127.814484 2116.897059 2122.961242 2132.363303 2147.425146 2154.653498 2159.041548 2156.182337 2143.741529 2137.444082 2137.200592 2141.123954 2140.071710 2146.063258 2155.093744 2169.389401 2167.734804 2160.479899 2138.293772 2100.451562 2067.379966 2049.384396 2056.459626 2048.934525 2041.019797 2037.697161 2023.877418 2013.492276 2013.474982
2057.529485 2074.400588 2092.689388 2111.013926 2105.309033 2095.858104 2082.057430 2081.217355 2087.980884 2098.806900 2117.762316 2138.967483 2161.555207 2166.060702 2165.365460 2175.444366 2169.403624 2159.940445 2152.475414 2168.497670 2179.861915 2190.998759 2199.051007 2211.827151 2222.944280 2210.402688 2196.317953 2188.946475 2195.027672 2217.306803 2236.757032 2241.621662 2241.755456 2242.799601 2230.869005 2225.002317 2219.785359 2216.970296 2212.355530 2208.891400 2229.661009 2247.636580 2245.795085 2222.483417 2198.160979 2159.586938 2120.924197 2091.251349 2095.616266 2091.368494 2091.006826 2077.003659 2062.003680 2048.484479 2040.753280
2128.290172 2154.913640 2174.581774 2196.866952 2194.250094 2175.784487 2165.249917 2169.859527 2183.597236 2191.806974 2209.120625 2230.533475 2259.905644 2277.520516 2293.589627 2298.529401 2291.096688 2282.756277 2270.570610 2272.171726 2292.571812 2304.931478 2314.819876 2324.648680 2337.245366 2340.551658 2336.155104 2335.183450 2338.964690 2348.845259 2360.154217 2366.746698 2370.872749 2374.662658 2366.537857 2355.156383 2350.936848 2343.664364 2339.202687 2337.072932 2343.057326 2357.599225 2354.151078 2322.487252 2294.518347 2259.880982 2221.361313 2189.987138 2176.577100 2187.170967 2178.929214 2160.421337 2143.824535 2111.862423 2099.297947
2216.874903 2252.166550 2279.268458 2293.314930 2305.102689 2296.908866 2297.823587 2302.720226 2311.197999 2316.003023 2323.781674 2356.536038 2391.001006 2418.652987 2442.643516 2451.172423 2440.443870 2431.110675 2418.861782 2410.079481 2417.628156 2433.586695 2450.862979 2466.268209 2477.591611 2480.570660 2479.190297 2479.475263 2482.124427 2485.011693 2488.512378 2495.624692 2503.091069 2513.103031 2522.734500 2514.563845 2496.934811 2485.868549 2474.108100 2470.654633 2469.917524 2470.002768 2469.533600 2456.711779 2419.467174 2388.498849 2355.684393 2330.161891 2311.575008 2302.565219 2281.984388 2257.396116 2207.939282 2168.075918 2133.828889
2321.988972 2365.166565 2396.027646 2417.961893 2433.087260 2434.323098 2437.432280 2440.179950 2445.804102 2450.373657 2456.057214 2481.059983 2521.553261 2560.257586 2591.098406 2593.616468 2582.643743 2572.178858 2562.691452 2550.562841 2547.142267 2557.336087 2570.534374 2588.587174 2599.533194 2607.398458 2604.983473 2605.390167 2607.002978 2608.700669 2610.510717 2613.204330 2621.454159 2634.909010 2647.590127 2647.544964 2631.384391 2614.321438 2597.510007 2592.195652 2587.337222 2581.253331 2581.547379 2581.759528 2569.257202 2540.007020 2500.565124 2458.023397 2434.997806 2415.314211 2401.704035 2383.976412 2350.006083 2290.140194 2254.318550
2449.472589 2481.448333 2512.825376 2544.488047 2562.335520 2568.446155 2568.411890 2569.723239 2577.630344 2582.836091 2591.264561 2607.794379 2636.063798 2668.488800 2696.922674 2713.577862 2708.215889 2693.364222 2673.992882 2666.713350 2664.739247 2667.552039 2675.529280 2685.842729 2703.204547 2720.866454 2727.863681 2728.823647 2725.233993 2728.709378 2730.242308 2730.348079 2732.257273 2738.740684 2747.002976 2749.715404 2743.026988 2723.021454 2700.955023 2687.713205 2679.626761 2675.006760 2673.668976 2675.877850 2676.148725 2661.858635 2629.093427 2587.236969 2554.564915 2534.704480 2518.582158 2502.279805 2488.816495 2461.411566 2440.592324
2569.784750 2585.734482 2613.911918 2642.540048 2666.371303 2682.728761 2685.811910 2690.907510 2696.328977 2705.449178 2721.298868 2744.255500 2761.326810 2781.297243 2805.275503 2819.710034 2825.223662 2824.570684 2821.893602 2823.264372 2823.368161 2779.078746 2783.536469 2787.995154 2800.012104 2811.750227 2816.162614 2816.754337 2814.905961 2816.590223 2817.220070 2817.229570 2816.823846 2817.887403 2821.365334 2822.574364 2820.598690 2810.560620 2820.730493 2802.021892 2789.030781 2780.772594 2772.314141 2763.328083 2753.100036 2742.267122 2721.825664 2692.156047 2657.696174 2632.788640 2621.803940 2613.736272 2604.576620 2597.408639 2579.889247
2678.105835 2690.390864 2708.410221 2730.746131 2763.427386 2785.387089 2796.850597 2806.161784 2811.211582 2824.472548 2839.613546 2829.673738 2835.916874 2842.184690 2848.265744 2850.252701 2850.641230 2850.068214 2847.413981 2846.452959 2844.011772 2839.593223 2829.351367 2830.647535 2832.231477 2834.780114 2838.501679 2837.389239 2838.450991 2841.440799 2839.831091 2834.065627 2830.201655 2828.580810 2829.257870 2836.450110 2839.649675 2840.363884 2838.044256 2837.081250 2836.193951 2833.601371 2830.386475 2825.873100 2820.034889 2828.391433 2816.546794 2790.374257 2753.145130 2713.308738 2701.531896 2699.065521 2697.869841 2694.281209 2687.104938
2803.057688 2816.615727 2831.105874 2819.384106 2836.068579 2844.715880 2848.851514 2852.315741 2854.920262 2856.971970 2853.792762 2850.496436 2845.568237 2843.879657 2842.161186 2839.248805 2839.283378 2836.725954 2832.087273 2827.636583 2819.785610 2808.098750 2796.382062 2792.970242 2797.165476 2802.364670 2807.091640 2810.940762 2814.483356 2815.055537 2809.978351 2801.876556 2794.596029 2792.807863 2799.456793 2805.134201 2811.056994 2811.908803 2810.638816 2808.547698 2808.727116 2806.145505 2806.787445 2813.758064 2827.801933 2832.105572 2836.147195 2835.247531 2822.940711 2800.750316 2802.043530 2781.757607 2785.655181 2780.179734 2767.881793
2847.226956 2849.723444 2848.915751 2847.662124 2841.619880 2835.657775 2834.710960 2838.319232 2844.809663 2845.503347 2838.000998 2829.031536 2821.359666 2813.608826 2810.572140 2808.746800 2807.323611 2806.630510 2800.397256 2790.906933 2773.765730 2761.442848 2749.696950 2743.243937 2740.096381 2744.130243 2754.521783 2765.305293 2770.117617 2762.196022 2754.302302 2743.152627 2735.157558 2735.548366 2737.300073 2746.647960 2762.109786 2768.367734 2769.427357 2764.114832 2759.211946 2753.654116 2751.883674 2759.218763 2774.933395 2791.581523 2806.615303 2815.549165 2823.182860 2829.903427 2830.867943 2832.665007 2833.448197 2831.512483 2831.844106
2843.235811 2836.468168 2829.514625 2823.983880 2816.937738 2810.760608 2808.237525 2809.567925 2811.116893 2806.507820 2798.973075 2787.698267 2775.722169 2764.972041 2756.913086 2756.504188 2757.411024 2757.404970 2749.408799 2733.373432 2713.622707 2699.353698 2684.817315 2680.309118 2674.588444 2668.481341 2678.640374 2696.849186 2703.561732 2688.896173 2678.612679 2664.061754 2657.212918 2653.822938 2655.170996 2664.552461 2685.916508 2707.918356 2710.138822 2700.631583 2691.435477 2687.843904 2686.172974 2692.855670 2711.276695 2733.637898 2750.135073 2761.039254 2767.340672 2775.947460 2785.956236 2799.769405 2814.046686 2825.855818 2832.479361
2817.637473 2809.304644 2800.912986 2792.430491 2784.377731 2776.801533 2771.276155 2767.970933 2763.405094 2756.065782 2747.513067 2727.239009 2713.566530 2699.796032 2684.141302 2678.999799 2673.645141 2673.600813 2661.111447 2651.117839 2633.382292 2617.350465 2600.938136 2588.479990 2582.338944 2575.851972 2576.878321 2591.132201 2599.754834 2588.474652 2578.572308 2567.000312 2561.832982 2558.703104 2561.150058 2571.813179 2592.955410 2611.916571 2620.285311 2613.608648 2611.631876 2612.045249 2612.201256 2619.616370 2633.410348 2653.161860 2676.038218 2694.919584 2705.911135 2714.481584 2725.295317 2741.695478 2756.711646 2771.569038 2789.662435
2782.615232 2772.227248 2761.235324 2750.357593 2738.320136 2724.920973 2717.031444 2717.360545 2709.459855 2701.856028 2681.237173 2629.549712 2608.435036 2588.543967 2571.316416 2563.533466 2554.086274 2540.489028 2530.385755 2523.869699 2520.947928 2505.417857 2486.603774 2469.102181 2463.703441 2459.622877 2446.139127 2445.846195 2447.540007 2457.975773 2451.394173 2448.106528 2448.248706 2446.044435 2448.549977 2462.096925 2472.251290 2480.541144 2487.803920 2490.666938 2500.703379 2510.066670 2519.040518 2537.089758 2550.715200 2568.591745 2591.058069 2617.542499 2633.684046 2644.836453 2656.955194 2673.546033 2691.235827 2710.035328 2733.501515
2740.419228 2722.545249 2707.054388 2691.445941 2677.252892 2663.363479 2647.304986 2646.900018 2642.287599 2631.009340 2580.760830 2537.616775 2502.138401 2482.931859 2458.590678 2444.515516 2429.001002 2394.974870 2377.916438 2373.923293 2383.408271 2376.572078 2360.377364 2347.275081 2338.243194 2329.970175 2314.419890 2300.208198 2305.581756 2321.109319 2319.653587 2320.827963 2327.122269 2326.303883 2321.477150 2322.973347 2336.560291 2343.864969 2355.175189 2370.879729 2376.637647 2390.909092 2422.585594 2437.487252 2454.343357 2475.351960 2498.383848 2523.524690 2547.155652 2562.813620 2579.617869 2600.151603 2618.683812 2640.813904 2665.219301
2680.717412 2650.751873 2629.258228 2610.676804 2590.504920 2564.835796 2542.831148 2538.610484 2530.131361 2503.649253 2451.696149 2412.388553 2384.965725 2361.801467 2337.024441 2314.184971 2280.004126 2245.778909 2223.857363 2234.051639 2242.772654 2248.980160 2236.224219 2224.414601 2214.448032 2198.292701 2182.133656 2167.935738 2177.788524 2186.357490 2200.538978 2205.998371 2209.981456 2214.587635 2213.608605 2206.130184 2206.175026 2215.137564 2225.921431 2238.106933 2257.060967 2291.169171 2317.239490 2336.589638 2358.887210 2380.252527 2404.185937 2429.391850 2453.638807 2472.347145 2492.901278 2514.648539 2537.770157 2559.714123 2585.415581
2595.971286 2567.013320 2539.259388 2514.644368 2482.756071 2438.192964 2421.692582 2411.044522 2391.653125 2347.945221 2304.891814 2276.437290 2257.613422 2232.828812 2209.645576 2180.701370 2147.339412 2122.938116 2102.002004 2110.083300 2118.319577 2134.000308 2123.625519 2114.731445 2110.201384 2095.068727 2081.513855 2065.997748 2072.837339 2083.971120 2104.632342 2109.894211 2113.880684 2122.401179 2121.823528 2118.561457 2105.388425 2113.525596 2124.805020 2139.824886 2170.108223 2194.581235 2218.923516 2241.851345 2263.309792 2287.370698 2312.320819 2337.768109 2365.850811 2387.468312 2408.542948 2432.023842 2453.872668 2472.311441 2493.032070
2479.452293 2453.672873 2431.566654 2406.079716 2364.998977 2319.957097 2280.546841 2257.276253 2210.329207 2174.917759 2147.315769 2138.280063 2122.603056 2100.679699 2079.770644 2058.759279 2034.493913 2013.502205 1988.436183 1992.593140 2006.432426 2021.716472 2019.670583 2018.462150 2016.149204 2005.971596 1992.435757 1978.861070 1982.546317 1998.794195 2016.313730 2025.320206 2032.723888 2040.604571 2040.795495 2032.812522 2023.934607 2029.588604 2044.971980 2061.905075 2081.807547 2104.120535 2126.565311 2148.316969 2172.288829 2196.824129 2221.812487 2248.849565 2277.866716 2300.761957 2326.439478 2352.976674 2373.041422 2385.609190 2398.432846
2367.560324 2345.918070 2321.189312 2293.001693 2250.524060 2208.908720 2166.471287 2121.975612 2087.918400 2057.223079 2044.918832 2027.432749 2011.576675 1994.937346 1973.837078 1955.685186 1938.733326 1916.759006 1902.940051 1908.924566 1921.797243 1930.944829 1935.747993 1933.115155 1930.390425 1923.909763 1910.096281 1903.383764 1912.727406 1928.000573 1942.248932 1953.309467 1960.282349 1966.020243 1963.393565 1954.976525 1951.159742 1959.719976 1975.686366 1990.337112 2006.864501 2028.583430 2050.184191 2072.872556 2096.626010 2120.200128 2146.267094 2173.154144 2200.780212 2229.000951 2253.770301 2276.191164 2288.278084 2300.787939 2306.173629
2235.359859 2220.724009 2194.367194 2165.431382 2133.889951 2097.792235 2069.982667 2037.561116 2006.461429 1976.255812 1950.099921 1935.197179 1926.918563 1912.795090 1894.490257 1881.977911 1865.550548 1851.937210 1854.947794 1856.554451 1865.626780 1864.839312 1865.442583 1862.645495 1861.745026 1858.569507 1850.482234 1860.199598 1867.160418 1881.105685 1891.501486 1901.174299 1907.283602 1911.259550 1912.068012 1907.177646 1912.321901 1919.210186 1933.651073 1945.547350 1960.238795 1981.098162 1998.898672 2018.861275 2042.014985 2065.984032 2091.084284 2117.938354 2147.015184 2173.118734 2193.324945 2203.069190 2214.849642 2220.309541 2213.847005
