tests/Borden05m/sims/sim_1/output-maps/psiliqL0022N0018.asc
ncols         160
nrows         34
xllcorner     620200.000000
yllcorner     5168000.000000
cellsize      0.500000
NODATA_value  -9999.0
[rows 0 to 24 of 34, columns 55 to 109 of 160]
-9999.0 -9999.0 -9999.0 -9999.0 -9999.0 -9999.0 -9999.0 -9999.0 -9999.0 -9999.0 -9999.0 -9999.0 -9999.0 -9999.0 -9999.0 -9999.0 -9999.0 -9999.0 -9999.0 -9999.0 -9999.0 -9999.0 -9999.0 -9999.0 -9999.0 -9999.0 -9999.0 -9999.0 -9999.0 -9999.0 -9999.0 -9999.0 -9999.0 -9999.0 -9999.0 -9999.0 -9999.0 -9999.0 -9999.0 -9999.0 -9999.0 -9999.0 -9999.0 -9999.0 -9999.0 -9999.0 -9999.0 -9999.0 -9999.0 -9999.0 -9999.0 -9999.0 -9999.0 -9999.0 -9999.0
-9999.0 -9999.0 -9999.0 -9999.0 2635.676739 2630.517168 2625.963483 2621.845069 2614.049157 2605.304373 2597.830738 2594.269324 2593.734362 2593.459096 2593.441749 2598.941150 2607.462665 2615.501359 2622.771092 2625.250283 2627.863601 2630.093374 2630.660433 2629.751891 2626.813580 2624.023245 2620.836590 2619.350938 2611.908944 2600.813239 2592.422254 2589.735753 2593.952997 2598.251848 2600.626724 2605.854165 2616.110509 2626.434988 2634.221256 2645.934225 2651.996827 2656.682118 2658.773327 2654.127614 2650.175328 2645.749993 2639.592517 2628.293667 -9999.0 -9999.0 -9999.0 -9999.0 -9999.0 -9999.0 -9999.0
2580.820676 2599.837662 2620.737343 2624.167852 2612.825284 2608.056377 2605.251059 2603.914976 2599.914036 2591.885962 2587.270392 2582.356709 2580.475585 2581.030225 2581.506903 2585.842256 2596.934294 2605.237576 2610.265672 2613.310599 2616.374041 2615.446514 2614.983086 2614.949574 2612.238772 2608.855383 2605.609562 2603.913012 2605.175796 2597.678828 2591.897928 2588.155789 2585.540187 2588.085206 2590.628713 2594.715144 2603.762413 2611.447132 2619.103471 2633.159076 2645.508634 2650.466944 2647.301826 2641.930442 2637.472049 2629.772614 2619.138649 2608.782965 2600.064907 2593.174618 2587.058237 2580.049967 2585.486791 2592.119564 2600.807513
2565.636009 2585.399950 2606.339777 2609.395476 2599.185630 2591.647332 2585.817859 2586.743978 2590.481419 2587.725513 2583.531749 2577.129009 2587.129350 2588.722771 2590.101452 2593.893962 2596.767550 2601.771489 2604.691446 2610.353496 2619.502277 2622.477928 2623.151322 2623.424094 2621.659238 2618.579266 2616.799401 2614.142590 2608.997505 2607.491851 2607.373321 2606.391185 2610.647754 2611.874260 2614.516787 2608.573908 2612.531861 2618.462471 2624.861266 2630.429840 2636.233893 2638.606868 2634.652345 2634.059151 2624.889413 2610.619450 2599.949987 2591.691319 2590.715559 2586.992739 2578.299170 2564.023296 2571.054445 2586.088910 2589.959691
2572.433638 2582.030217 2593.461302 2596.603391 2592.037745 2594.480934 2596.752878 2598.624268 2597.452568 2594.691079 2591.634875 2603.173864 2612.039251 2614.019110 2617.148270 2621.640066 2622.954484 2612.339578 2610.595097 2618.408221 2628.163224 2633.625450 2633.997432 2633.899997 2630.881372 2629.912019 2629.784771 2627.987233 2627.951863 2629.829638 2628.154808 2631.605280 2637.139007 2640.750088 2634.113583 2625.304949 2626.943977 2635.036443 2644.138721 2651.362541 2661.169098 2671.471318 2670.615617 2664.955076 2655.431630 2641.763066 2618.077296 2599.290601 2587.475288 2578.848904 2570.744029 2571.864801 2566.683651 2578.739011 2579.562714
2564.962484 2585.097937 2605.813314 2612.835357 2607.469959 2603.968232 2602.922912 2604.258054 2604.310617 2606.215372 2616.708969 2629.729434 2643.384591 2646.341549 2648.945159 2648.341205 2640.185550 2630.283389 2627.692218 2641.797751 2659.462480 2667.771591 2667.839208 2664.808749 2669.236010 2669.062300 2669.035731 2665.356573 2666.593515 2665.449431 2672.272746 2679.922835 2687.575438 2686.050796 2673.583675 2661.358280 2660.654712 2665.071293 2670.671032 2677.429182 2687.042012 2695.651548 2689.980695 2683.358554 2674.253070 2646.673352 2620.946982 2605.225101 2604.228703 2603.753623 2598.409434 2595.044142 2592.357535 2586.340137 2585.392618
2607.397116 2627.936120 2649.697470 2664.406373 2659.184181 2652.351143 2644.202759 2645.315819 2647.307275 2654.590039 2666.487123 2681.381375 2704.560743 2705.728825 2707.549963 2707.856264 2696.122822 2683.771447 2673.937980 2695.069344 2706.226094 2713.876925 2712.766304 2719.493195 2728.661559 2724.962199 2718.320678 2706.991637 2712.924885 2721.119559 2736.247612 2743.784104 2748.522906 2744.854321 2731.691355 2725.097531 2725.515110 2730.389625 2730.115597 2737.000414 2745.601624 2759.801145 2757.887922 2751.911495 2730.313449 2692.500231 2660.378831 2643.465826 2652.532816 2645.237681 2636.620360 2634.205661 2621.103212 2611.681337 2612.616309
2651.142906 2667.104697 2684.990883 2702.750517 2696.006165 2686.635103 2672.087742 2670.684694 2676.755795 2687.708623 2706.425892 2726.588117 2748.343780 2750.624465 2747.519611 2756.564044 2751.597085 2741.984540 2734.778682 2753.307886 2764.110468 2773.583942 2780.502038 2793.272958 2804.178647 2790.027904 2774.757930 2766.169597 2772.723340 2796.471727 2817.219359 2822.056481 2821.670492 2821.869479 2808.380198 2802.874068 2798.387947 2796.785601 2792.807533 2789.749357 2812.135809 2831.258006 2829.705294 2806.758349 2782.878565 2744.669690 2706.063710 2678.064806 2685.631581 2681.215247 2681.884226 2668.996882 2654.803729 2643.301709 2636.309238
2716.105276 2740.970022 2759.426053 2780.533407 2775.307557 2755.256268 2742.814231 2747.008233 2761.114416 2769.706273 2787.917797 2807.829347 2835.929160 2851.468219 2865.669943 2817.995363 2863.886212 2855.612314 2843.741569 2847.129466 2869.176967 2823.647971 2829.674718 2838.744628 2851.335568 2853.351279 2847.864326 2846.520089 2850.559054 2862.026141 2874.723453 2881.399405 2885.020519 2887.278813 2876.923220 2865.050151 2862.914199 2856.583520 2853.634272 2852.243370 2860.826303 2878.238883 2875.239648 2841.998636 2817.911151 2835.310398 2796.616451 2765.590641 2754.742909 2768.540411 2763.572192 2745.675793 2731.163676 2701.291979 2691.183838
2797.966381 2832.436617 2858.465354 2818.517834 2825.004743 2813.360000 2812.509970 2816.678961 2824.739785 2828.458936 2835.303699 2867.459606 2900.164536 2926.193829 2949.230175 2954.172910 2945.319813 2935.743991 2922.851658 2913.999532 2922.934132 2936.352272 2953.558505 2968.718634 2980.041642 2982.658632 2981.243380 2981.442922 2984.277592 2987.261710 2991.155192 2998.872149 3005.659251 2991.147451 2998.640688 2991.067389 2997.748809 2988.323252 2977.903633 2975.792453 2976.225404 2978.258772 2978.836282 2964.765559 2926.157463 2898.379690 2867.594763 2845.326860 2829.801955 2828.243211 2861.031759 2836.293753 2785.621484 2747.503945 2714.064210
2841.286899 2881.053910 2909.271600 2925.579646 2938.883467 2937.721969 2939.789851 2941.348753 2945.755073 2949.004579 2953.039087 2977.703821 2993.682332 3030.512191 3060.918321 3061.724082 3049.261662 3038.173395 3028.675795 3015.397334 3011.615628 3022.697607 3036.792965 3055.779386 3066.448931 3073.520742 3070.673186 3070.962699 3072.667154 3074.610564 3076.611992 3079.745235 3088.552210 3101.228507 3114.677967 3114.473427 3098.683854 3081.489187 3065.233197 3061.514612 3058.161929 3053.112971 3054.944969 3056.630362 3043.492233 3015.895656 3001.239505 2961.083342 2941.511206 2924.704064 2915.987715 2900.592904 2867.514076 2859.156639 2821.323646
2952.323593 2983.578905 2988.772871 3017.146391 3032.707811 3036.254115 3034.338034 3033.856506 3040.764910 3044.315556 3051.021797 3066.986257 3095.027631 3128.248119 3156.827826 3172.561662 3165.832437 3149.387568 3128.607412 3120.090287 3117.636067 3120.787426 3129.459041 3140.940699 3159.266066 3177.394322 3177.343259 3178.180131 3181.075401 3177.869700 3178.937960 3179.020456 3181.412782 3188.821653 3197.905582 3201.071662 3194.566304 3180.783553 3158.594413 3146.526262 3139.537160 3135.910043 3136.165688 3140.334159 3142.668625 3129.023062 3097.395786 3055.256170 3024.798885 3008.206387 2996.476661 3006.622411 2995.361529 2969.124476 2948.886995
3034.888649 3049.402693 3075.098137 3102.856181 3125.304553 3140.223599 3141.431943 3145.011097 3149.647298 3157.492290 3172.275887 3188.385012 3205.477267 3226.362500 3251.344813 3266.489699 3271.786789 3270.620296 3267.298503 3268.645776 3268.947154 3215.611843 3221.029757 3226.417178 3240.946784 3254.413772 3258.864848 3259.408919 3257.593530 3258.883182 3259.514092 3259.472456 3259.110458 3260.828217 3265.142369 3266.791609 3264.776616 3254.098503 3268.458010 3249.318718 3236.345091 3228.399595 3220.382852 3212.162006 3202.852674 3193.590929 3180.713771 3151.486006 3117.864658 3095.581571 3087.141721 3082.649664 3074.975666 3069.680516 3053.482037
3131.265082 3141.883504 3159.166267 3180.719459 3206.616196 3228.252140 3239.209277 3248.155802 3252.732108 3266.084929 3281.712442 3268.098773 3275.158092 3282.486154 3289.767102 3292.267126 3292.982380 3292.651330 3290.312375 3289.651787 3287.439324 3283.687380 3273.510315 3275.088933 3276.919541 3279.502971 3283.161205 3282.001487 3283.071324 3285.999630 3284.314134 3278.438277 3274.505717 3272.937947 3273.795174 3281.129334 3284.515185 3285.438135 3282.684101 3281.823550 3280.975567 3278.077440 3274.457845 3269.354039 3262.824707 3274.734376 3263.700096 3237.185959 3199.578051 3166.536418 3157.802734 3158.281775 3158.478346 3156.770332 3151.253650
3243.872605 3256.903049 3271.039673 3253.684990 3272.352165 3282.075668 3286.632557 3290.313911 3292.972460 3295.558651 3292.493621 3289.377064 3284.570321 3283.102391 3281.782191 3279.374621 3280.015127 3278.129142 3274.133804 3270.262867 3262.752709 3251.463598 3240.292585 3237.013278 3241.387183 3246.839888 3251.765562 3255.878813 3259.486543 3259.772231 3254.520660 3246.294282 3238.915367 3237.204871 3243.951742 3249.625281 3255.799934 3256.620723 3255.242405 3252.892644 3252.774319 3249.731975 3250.018418 3256.902241 3271.189392 3274.655180 3279.694291 3278.976095 3264.808249 3239.494080 3246.302020 3226.690040 3232.181692 3227.748803 3216.622581
3284.227299 3286.594763 3285.209473 3283.944696 3277.702908 3271.758162 3271.019462 3275.002539 3281.984983 3283.121643 3276.152295 3267.749349 3260.682423 3253.514402 3251.286424 3250.589428 3250.272156 3250.703895 3245.474593 3236.659549 3220.583555 3209.122075 3198.092427 3192.175314 3188.893440 3192.730172 3203.563728 3215.024914 3219.938718 3211.344580 3203.198119 3191.753727 3183.743265 3184.147871 3185.488696 3194.814519 3210.830389 3217.568506 3218.314331 3212.201886 3206.225449 3199.764304 3196.942885 3203.394629 3218.440157 3234.254151 3249.192342 3257.983113 3265.519665 3272.412098 3272.143595 3274.466064 3275.748546 3273.929780 3275.889395
3278.269864 3271.450632 3264.645840 3259.488487 3253.086635 3247.779156 3246.041561 3248.108402 3250.344529 3246.529189 3240.208067 3230.706763 3219.900132 3210.355344 3203.228357 3204.255800 3206.609895 3208.143541 3201.213279 3186.653833 3175.015799 3161.937178 3148.225163 3144.328518 3138.742057 3131.998145 3142.182508 3161.146529 3168.191560 3152.846428 3142.296395 3127.456811 3120.743878 3117.019001 3117.998401 3127.013287 3148.742027 3171.536495 3173.399440 3162.816452 3152.327273 3147.555449 3144.488864 3149.484037 3166.099095 3180.187528 3195.305903 3205.323935 3210.603582 3218.345696 3227.625957 3240.835282 3255.061017 3266.940413 3272.504522
3253.724441 3246.068722 3238.518489 3231.047352 3224.298078 3218.657739 3214.526978 3212.639403 3209.161057 3203.269980 3196.828534 3184.032231 3172.159362 3159.677789 3145.265920 3141.624402 3137.419962 3138.747423 3127.496748 3119.135751 3102.682339 3087.612039 3073.587431 3061.136621 3055.456499 3049.024803 3048.784538 3062.675208 3071.214008 3060.847916 3051.078648 3039.981791 3035.120671 3031.816265 3034.162928 3044.539004 3064.640182 3082.967592 3090.976269 3083.493596 3081.172843 3079.036882 3077.387558 3083.380326 3094.830130 3112.644170 3134.356224 3152.293944 3161.873489 3168.818896 3177.832233 3185.656381 3199.078720 3213.072137 3230.566334
3223.639263 3214.952175 3205.284654 3195.868149 3186.060540 3181.992809 3176.007448 3178.411848 3172.389879 3166.735802 3146.139425 3094.015478 3075.482136 3057.143670 3041.417784 3035.170402 3027.301204 3013.358768 3004.784781 2999.974237 3000.210920 2987.537627 2993.156853 2976.559764 2971.537977 2967.772799 2952.390967 2949.950286 2951.059348 2964.372144 2958.066910 2955.805394 2956.837550 2954.541947 2956.411646 2969.500576 2978.351191 2985.104103 2991.936645 2995.494465 3004.560415 2987.938385 2994.940281 3011.412919 3022.590341 3038.102102 3058.279052 3081.516253 3096.046334 3105.300746 3115.563117 3130.302850 3146.302874 3163.691602 3185.507436
3190.432550 3180.974641 3167.120977 3153.152162 3140.798697 3128.626952 3113.779494 3115.626698 3113.402223 3103.935411 3054.160192 3015.112098 3005.713275 2988.982102 2965.623772 2952.582123 2940.047945 2904.423614 2887.627264 2885.819288 2898.340936 2893.586853 2879.208161 2866.984185 2857.883041 2849.125191 2832.517283 2816.014768 2821.747559 2838.764912 2838.559011 2840.861642 2847.965823 2847.300720 2841.488223 2840.761266 2853.442331 2859.664304 2870.710555 2887.128306 2891.930867 2902.880399 2934.710024 2947.921339 2963.184014 2982.067038 3002.132706 2999.495254 3019.561303 3033.026655 3047.666987 3064.274132 3080.534816 3100.586146 3122.981794
3147.387288 3117.873209 3097.573194 3080.867963 3064.013311 3039.019793 3019.390302 3017.457714 3011.511936 2986.554456 2958.265982 2925.237154 2901.715113 2879.923396 2856.739537 2836.936605 2851.466308 2816.833746 2794.637573 2807.304818 2816.982249 2825.682384 2813.459716 2801.972229 2791.961415 2774.619272 2757.923973 2742.443369 2752.804381 2761.391838 2778.097388 2784.413365 2788.548533 2794.046995 2793.106115 2784.263504 2782.038983 2790.982703 2801.812454 2814.460287 2835.102327 2820.341941 2842.224964 2860.232898 2880.768825 2897.198324 2918.697980 2940.724160 2963.161077 2980.114478 2997.784457 2991.522393 3010.384353 3029.435836 3052.255003
3072.348724 3044.760193 3018.953287 2997.967233 2990.776886 2947.185441 2935.333442 2926.319108 2906.312589 2861.590848 2823.888670 2848.305116 2832.445735 2808.154916 2785.706812 2756.424696 2723.924328 2700.926301 2679.973261 2688.985335 2698.046542 2715.795078 2706.090997 2698.102346 2694.194723 2678.790773 2665.243880 2649.144586 2655.644176 2667.312745 2689.506602 2695.274980 2699.516407 2708.719935 2708.321890 2704.647101 2689.537108 2697.354128 2708.875339 2724.375967 2755.433700 2778.146427 2801.964722 2824.929433 2845.721900 2819.602538 2839.483954 2862.519671 2886.087429 2905.481793 2924.422213 2944.726525 2964.189251 2979.668187 2996.352703
2990.950468 2966.766919 2946.703869 2922.989644 2885.698869 2845.142035 2853.045167 2827.778486 2777.613243 2741.908568 2718.031184 2714.371286 2700.569419 2679.627203 2659.426034 2638.068442 2615.153254 2595.318322 2570.166350 2574.845732 2589.583953 2605.662197 2605.274090 2605.104766 2603.148882 2593.366329 2579.812181 2566.165109 2569.859328 2586.585664 2604.426882 2614.119646 2621.859813 2629.870803 2630.044178 2621.482410 2612.269618 2617.753298 2633.480825 2651.443206 2670.637225 2692.360954 2714.577605 2736.225386 2759.849197 2782.717556 2807.025885 2833.187269 2813.181904 2831.530638 2854.906660 2876.589962 2893.601872 2903.173881 2912.335310
2891.052774 2871.366148 2848.306348 2823.937950 2826.241802 2785.904661 2745.380258 2699.151481 2665.182524 2634.256246 2624.845459 2608.709378 2594.346818 2578.955824 2558.486851 2541.860053 2526.317661 2504.803674 2492.996223 2499.588557 2512.653378 2521.144202 2526.934818 2524.529558 2521.978663 2515.930631 2502.035156 2496.687163 2506.403516 2521.653774 2535.654292 2547.087947 2554.155685 2559.719089 2557.057997 2548.452339 2545.352424 2553.951333 2569.805628 2583.659963 2599.369358 2620.684783 2642.794010 2665.430758 2689.056364 2712.142883 2737.802848 2764.083755 2790.129397 2818.064491 2841.744966 2815.055633 2821.699127 2831.400528 2832.706291
2810.821970 2797.717574 2771.521604 2742.797340 2713.759995 2679.505804 2653.586968 2620.814201 2590.540775 2561.547333 2535.835871 2522.499360 2515.449326 2502.100348 2484.720837 2473.210733 2457.450360 2445.853390 2450.523836 2451.850413 2460.254093 2458.776564 2459.502973 2456.866627 2456.101148 2453.440504 2446.432772 2457.331436 2464.106512 2477.771019 2487.997852 2497.766342 2503.804437 2507.682204 2508.826082 2504.496182 2510.233974 2516.866032 2531.029427 2542.583072 2556.728847 2577.098803 2594.145133 2613.567468 2637.376594 2661.234414 2686.163127 2712.779513 2741.499552 2767.131733 2786.231217 2793.612229 2804.288367 2808.129501 2799.801424
