tests/Borden05m/sims/sim_1/output-maps/psiliqL0000N0014.asc
ncols         160
nrows         34
xllcorner     620200.000000
yllcorner     5168000.000000
cellsize      0.500000
NODATA_value  -9999.0
[rows 0 to 24 of 34, columns 56 to 111 of 160]
-9999.0 -9999.0 -9999.0 -9999.0 -9999.0 -9999.0 -9999.0 -9999.0 -9999.0 -9999.0 -9999.0 -9999.0 -9999.0 -9999.0 -9999.0 -9999.0 -9999.0 -9999.0 -9999.0 -9999.0 -9999.0 -9999.0 -9999.0 -9999.0 -9999.0 -9999.0 -9999.0 -9999.0 -9999.0 -9999.0 -9999.0 -9999.0 -9999.0 -9999.0 -9999.0 -9999.0 -9999.0 -9999.0 -9999.0 -9999.0 -9999.0 -9999.0 -9999.0 -9999.0 -9999.0 -9999.0 -9999.0 -9999.0 -9999.0 -9999.0 -9999.0 -9999.0 -9999.0 -9999.0 -9999.0 -9999.0
-9999.0 -9999.0 -9999.0 -586.185979 -587.250782 -587.976925 -588.368515 -589.849285 -590.975483 -592.324262 -592.514388 -592.343861 -592.590384 -593.146641 -592.433183 -591.518811 -590.742052 -589.630176 -589.870597 -589.747792 -589.316415 -589.198139 -589.391650 -589.903193 -590.225973 -590.611392 -590.038121 -591.593297 -593.608629 -595.149861 -595.455073 -594.117277 -593.334647 -593.501008 -592.774985 -591.185765 -589.837417 -589.417507 -587.790480 -588.091387 -587.445070 -586.347198 -587.217686 -587.408880 -587.253924 -586.891929 -589.203464 -9999.0 -9999.0 -9999.0 -9999.0 -9999.0 -9999.0 -9999.0 -9999.0 -9999.0
-590.571976 -587.573824 -587.799110 -592.229177 -592.627826 -592.699255 -592.478375 -593.085427 -594.687029 -595.064601 -596.253609 -596.761857 -596.899326 -597.384569 -597.020219 -595.059676 -593.668952 -593.285424 -593.603439 -593.770499 -594.201378 -594.508155 -594.406668 -594.890291 -595.331005 -595.802173 -595.651010 -594.394174 -595.867304 -596.592444 -597.312626 -598.085475 -597.801789 -597.569668 -597.493146 -595.644434 -594.951548 -594.480244 -591.991013 -589.662892 -589.066209 -590.029191 -591.065831 -590.775262 -590.827555 -591.758041 -592.657819 -592.628361 -593.055611 -593.223946 -594.093683 -592.744392 -592.791286 -591.282262 -590.019857 -588.547249
-594.575443 -591.131888 -591.382506 -594.703844 -596.682718 -597.260096 -596.822190 -595.418711 -595.957454 -597.115608 -598.866216 -596.907029 -597.187259 -597.376554 -597.032577 -596.380481 -596.148402 -595.847569 -595.403554 -593.639453 -593.792352 -593.952497 -593.859388 -594.162217 -594.725677 -594.665028 -594.965192 -596.449249 -596.199346 -595.827687 -596.148689 -594.679989 -594.606600 -593.773263 -596.372345 -595.966618 -595.368390 -594.954939 -594.662128 -594.304470 -593.773392 -594.903931 -594.092506 -594.965412 -596.929341 -597.376287 -597.169013 -595.519691 -594.666445 -595.644510 -599.169875 -597.310901 -593.382687 -593.710503 -594.357457 -592.454653
-596.833017 -596.155421 -596.625202 -597.998771 -596.651647 -595.561580 -594.866606 -595.492735 -596.760489 -598.284378 -595.108631 -593.824951 -594.550006 -594.194650 -593.283298 -593.258880 -597.220322 -598.252395 -596.738842 -595.152155 -594.487116 -595.215625 -595.564872 -596.227532 -596.212023 -595.786760 -596.203526 -595.580324 -595.051628 -595.721502 -594.714438 -593.577211 -592.477344 -594.972841 -597.209122 -597.085959 -595.246701 -593.920685 -593.259324 -591.336872 -588.292969 -588.814910 -589.501075 -589.808438 -590.127189 -593.654853 -596.857041 -598.104523 -598.634515 -599.559684 -598.809390 -599.477614 -596.364894 -596.622534 -597.140050 -595.643375
-599.625275 -595.790448 -594.853647 -597.000987 -598.155138 -598.668407 -598.327977 -598.749913 -598.688371 -595.883631 -594.381064 -591.765595 -592.760836 -592.690475 -592.791815 -595.477873 -597.487476 -598.867553 -594.812469 -591.581439 -590.538212 -591.430137 -592.164561 -589.213142 -590.094414 -590.482002 -592.238166 -591.609695 -591.861386 -588.744704 -587.566894 -585.938677 -586.581849 -589.647565 -592.207767 -592.353777 -592.108864 -592.461473 -591.761598 -589.834623 -587.371916 -589.187656 -589.978117 -589.800533 -595.157939 -599.282925 -600.658915 -597.725628 -596.039795 -596.326560 -596.037764 -595.892307 -598.006740 -597.500535 -597.267252 -598.268104
-591.978256 -589.822974 -586.141130 -588.671256 -590.432848 -593.568023 -593.221709 -592.847438 -591.795492 -590.317927 -587.477810 -581.944436 -583.087776 -582.736636 -580.862013 -583.899912 -586.718244 -590.972235 -586.286877 -585.225193 -583.666723 -583.886374 -580.185385 -576.867630 -578.920334 -581.717299 -585.008949 -583.014922 -578.610717 -574.471277 -573.509558 -573.040328 -572.252178 -575.210448 -575.987930 -576.643257 -576.384312 -578.387691 -578.337581 -575.217981 -569.809934 -569.191298 -571.878007 -577.023184 -584.655168 -591.452671 -595.083271 -590.919350 -592.148526 -592.701150 -592.009628 -594.614346 -596.116827 -593.895446 -595.867638 -597.386494
-589.910703 -587.754201 -583.529808 -585.338063 -588.659728 -592.149993 -592.078661 -589.976467 -588.965212 -584.903186 -579.014826 -571.999511 -567.811351 -563.942988 -559.672563 -562.960136 -566.513632 -570.537263 -569.882929 -565.151676 -560.280064 -554.279537 -547.293124 -539.440741 -541.391179 -545.351311 -545.663547 -543.957527 -535.534268 -527.085611 -523.324794 -520.753081 -515.764977 -519.055499 -525.059191 -531.633165 -537.867554 -543.094625 -547.096338 -540.131255 -532.173627 -533.731761 -548.211854 -559.436311 -570.424929 -579.935302 -589.443400 -589.384469 -587.725849 -586.227802 -589.608177 -591.208661 -594.252140 -594.896710 -594.583152 -597.862653
-570.134003 -564.483928 -557.711842 -554.551349 -560.856694 -561.719728 -559.442614 -554.607009 -552.732225 -546.773860 -528.374829 -494.358890 -460.267412 -437.076302 -433.198665 -440.174585 -450.001042 -466.755892 -476.323987 -462.225864 -447.571847 -436.042687 -428.319113 -421.693968 -416.862727 -417.185482 -417.112212 -415.763795 -414.165584 -410.907461 -406.779840 -402.440525 -397.375574 -395.527967 -401.561987 -407.604219 -414.003385 -419.788191 -421.305113 -423.127249 -419.929877 -420.359522 -431.967531 -452.976067 -488.091159 -523.315585 -544.039662 -557.282516 -557.554537 -563.337753 -567.926234 -572.991273 -583.257698 -586.070747 -587.625605 -595.546280
-523.567120 -495.150498 -473.458152 -454.153300 -451.034348 -447.082135 -443.668343 -438.435374 -434.012633 -429.897159 -410.859468 -384.987628 -357.738699 -334.834078 -326.044621 -334.064982 -343.080554 -353.298685 -362.079397 -361.913521 -350.760228 -337.142785 -323.913851 -315.284314 -312.176650 -313.703675 -313.618423 -312.743444 -310.163860 -308.614878 -305.082535 -299.357503 -289.762770 -277.767341 -280.001884 -294.826158 -306.980192 -321.337887 -328.051030 -331.686425 -337.185416 -337.963581 -338.216124 -358.178646 -380.017849 -403.877508 -425.216584 -440.240624 -463.344202 -489.043755 -510.442372 -539.336506 -559.119397 -572.782427 -581.851154 -590.049580
-413.301373 -392.051327 -370.301061 -356.579128 -350.589542 -347.521973 -343.298097 -336.810417 -331.329319 -323.801626 -308.181653 -277.172638 -241.966147 -208.972835 -201.165314 -207.523344 -217.220188 -229.270475 -237.258815 -240.486806 -236.133664 -228.519402 -217.032071 -205.691971 -195.472018 -193.640793 -194.706935 -194.148551 -193.768815 -191.123967 -192.043953 -186.701835 -179.046912 -169.483605 -168.779252 -175.965459 -192.176344 -207.618860 -219.055207 -232.475549 -241.088034 -243.349837 -243.480435 -244.206104 -263.004034 -292.575531 -330.752092 -356.887704 -376.920519 -389.054510 -401.098371 -410.969339 -433.843075 -449.584242 -485.341612 -522.680904
-324.432181 -299.947434 -273.470226 -254.069328 -242.426333 -237.324788 -227.568616 -219.056675 -212.106202 -199.612004 -185.989787 -166.720833 -136.818895 -74.483170 -56.275658 -58.222874 -66.794340 -109.608278 -82.366005 -112.292767 -82.100776 -78.493695 -103.330442 -61.840802 -79.320193 -44.142978 -73.915349 -45.912524 -74.492267 -43.620593 -74.197806 -44.266572 -73.191777 -37.563711 -66.619893 -38.010560 -80.638695 -67.270539 -90.674266 -133.478428 -143.564351 -148.969328 -150.538042 -153.313118 -162.512282 -186.344239 -222.636510 -257.591625 -283.004610 -301.019597 -313.572250 -321.988982 -328.533340 -341.051185 -363.858552 -394.909450
-222.553591 -200.663262 -177.748710 -155.561520 -134.960061 -122.484533 -79.298012 -73.312949 -63.078137 -47.920322 -60.975563 -24.287900 -13.938965 3.861658 12.379085 17.385571 19.415116 19.285030 22.175956 21.191259 22.147381 22.347839 22.707273 22.806003 25.542448 25.089625 25.994481 25.188134 25.790991 26.378255 25.711492 26.102107 23.728806 24.342502 23.584468 24.363580 21.607057 14.554786 0.785926 -15.422314 -16.683645 -23.756248 -31.579677 -40.203235 -48.638224 -60.911286 -120.963697 -157.681741 -190.152787 -209.527843 -218.781406 -224.694349 -229.652500 -242.919016 -262.480698 -286.714433
-78.048582 -65.986307 -48.919290 -55.116963 -14.144938 -7.409801 2.400668 6.095917 15.479371 24.281021 27.422871 27.520081 26.347576 27.374211 26.322701 27.430367 26.078496 25.519910 24.264958 24.388427 18.516511 10.361215 11.664183 12.714387 14.972937 18.549846 16.618696 17.518045 20.435460 18.691721 14.191777 11.029433 9.492564 9.505393 16.151255 18.376228 19.491800 19.765430 19.378816 19.388665 19.086846 19.272246 18.956944 19.133834 14.234906 6.703570 -11.811609 -37.275929 -65.016722 -118.234102 -131.973493 -132.662670 -137.137101 -145.037011 -168.940915 -196.264415
8.051599 17.983626 28.485362 27.746450 28.058012 28.446459 28.454832 31.454829 29.037531 27.926539 23.163781 19.409083 18.901858 17.248275 15.413734 15.822687 14.204112 10.751782 7.807938 3.124980 -8.509593 -19.056184 -20.664179 -16.082526 -11.434545 -33.750578 -5.615287 -8.847909 0.519409 -10.861881 -12.092826 -18.755548 -20.781959 -14.956031 -9.635842 -32.080382 -4.842907 -33.043708 -7.957913 -7.745100 -9.270554 -8.946232 -2.954987 8.871144 16.496379 16.285796 16.331311 16.185350 16.184374 -4.069547 -22.158070 -19.656969 -23.242685 -33.518449 -89.712287 -117.719473
21.656971 21.622347 19.064423 14.119836 8.729786 8.464091 12.215981 18.274284 20.461466 13.870243 6.629920 0.960149 -5.872024 -8.114806 -9.056108 -10.147168 -9.768555 -14.805481 -21.163840 -36.011305 -82.573966 -99.710713 -107.579963 -109.047900 -104.106661 -98.252712 -87.635324 -78.838003 -52.727671 -89.229399 -102.221069 -110.919778 -111.260425 -108.783855 -101.652999 -93.673140 -89.925711 -91.128817 -91.816285 -93.416861 -97.307556 -96.318322 -83.157791 -34.602782 -21.153452 -9.874511 -3.257695 3.498985 8.872117 15.815174 15.776673 15.745298 15.677825 11.670465 -0.865058 -18.042074
7.959297 2.315120 -4.098784 -9.055806 -14.614993 -15.814478 -12.778363 -8.802867 -11.744303 -17.234083 -26.620400 -42.626322 -82.789887 -93.499025 -94.491915 -93.413085 -93.628525 -99.802304 -113.963484 -132.562268 -151.684369 -168.086260 -173.209950 -177.719606 -179.716536 -169.433126 -154.004924 -146.870075 -154.254458 -166.126486 -180.466537 -188.601568 -191.309138 -189.909544 -181.453878 -165.431947 -150.603735 -150.237136 -157.892000 -165.241610 -168.666828 -168.808278 -157.820057 -133.012924 -111.987900 -96.499805 -82.190072 -43.776077 -35.071365 -26.141223 -16.298623 -5.177928 4.278661 14.652463 14.936235 14.907972
-15.863160 -24.773556 -64.378658 -76.644412 -84.293064 -89.112913 -91.764159 -93.831656 -99.864053 -106.294086 -116.269876 -130.008792 -146.376387 -161.484837 -165.608403 -167.924588 -166.405049 -177.471803 -189.358961 -209.399629 -225.614236 -241.127038 -249.121019 -254.441612 -259.173400 -251.190700 -235.049675 -225.437797 -239.659411 -249.893701 -263.453065 -270.265955 -273.539828 -272.841860 -264.534390 -243.215578 -226.163446 -220.896714 -228.720039 -235.523508 -238.360282 -238.031072 -231.569388 -213.681110 -192.421084 -171.947926 -155.682651 -141.263868 -131.119359 -119.669798 -104.125018 -85.553771 -40.916737 -24.894943 -8.463069 4.014708
-91.723259 -103.213912 -118.010037 -130.798305 -142.221815 -148.557923 -148.628051 -155.571088 -161.996218 -171.351154 -209.879023 -224.930740 -242.006404 -256.146656 -260.988567 -267.619270 -270.476465 -279.570098 -286.790389 -298.125826 -312.463262 -326.772749 -338.660998 -342.026996 -344.994639 -347.501209 -338.228793 -334.178087 -337.192698 -343.554289 -350.278233 -353.929909 -356.115729 -353.124373 -342.823874 -332.584032 -322.781887 -318.626657 -323.874226 -319.643053 -314.632086 -314.502874 -300.750141 -287.235326 -270.149063 -249.685563 -228.138263 -215.725614 -205.813476 -194.313044 -177.954619 -158.940807 -136.516069 -111.781156 -83.506528 -36.885941
-145.155093 -158.476984 -173.182680 -186.147451 -198.459960 -209.627745 -209.510171 -213.464550 -219.379529 -248.724603 -287.037555 -313.914579 -328.853144 -345.370166 -352.750235 -359.719501 -377.001443 -387.771287 -394.401575 -393.772062 -402.380779 -413.710860 -422.378195 -425.794340 -427.868793 -433.050916 -434.588989 -432.576795 -427.732279 -432.287417 -435.063280 -434.022723 -435.555188 -436.306857 -430.815916 -422.753942 -418.131342 -413.276243 -408.561698 -405.542241 -400.804955 -382.947116 -371.290442 -360.006523 -344.130814 -326.001100 -306.319948 -289.751619 -278.509460 -265.553126 -247.553943 -230.783394 -209.049249 -184.304915 -154.551439 -131.133890
-209.792238 -226.666239 -241.308832 -255.795447 -270.599887 -289.629220 -291.733541 -298.259982 -308.131529 -341.832871 -373.813689 -398.642185 -413.532909 -427.841100 -436.687194 -455.092958 -488.839610 -509.338298 -509.645828 -504.948398 -510.705945 -524.245308 -534.217339 -540.362129 -546.032530 -553.195953 -557.143428 -553.383359 -549.344243 -549.761906 -550.162290 -548.824465 -549.082126 -549.464285 -548.839908 -541.240307 -535.666580 -529.314473 -523.632173 -518.342985 -493.467007 -463.713301 -443.552570 -428.053384 -414.465741 -397.342664 -377.961168 -362.003920 -350.410256 -335.581260 -319.108046 -300.927194 -281.172149 -256.665936 -227.662905 -204.081507
-272.813828 -295.595093 -313.716343 -332.002158 -358.501380 -370.099097 -377.672734 -384.222213 -405.033767 -430.070639 -459.427127 -497.793591 -522.905569 -539.099249 -551.111134 -562.341464 -571.188311 -576.293357 -573.162527 -571.501997 -568.720538 -573.317367 -576.925058 -577.792152 -580.972052 -583.761255 -587.417394 -584.464124 -583.167820 -579.736935 -580.124420 -580.059610 -578.511438 -579.299826 -579.524407 -581.631120 -579.088686 -577.627799 -575.848496 -569.212965 -562.222038 -553.912081 -544.996393 -532.500636 -513.149849 -482.474962 -449.041171 -427.404558 -413.723479 -399.062684 -381.733254 -366.005763 -350.416511 -331.233434 -307.335252 -285.674786
-354.187686 -370.766253 -388.224166 -411.215106 -437.685619 -462.222194 -475.227944 -504.933447 -529.397272 -552.637011 -563.993793 -569.834690 -575.392324 -579.323206 -582.261795 -586.923393 -590.091176 -594.823224 -592.963957 -590.447837 -586.767461 -589.880413 -590.357904 -589.717443 -591.506388 -593.365378 -596.417655 -595.934846 -593.507904 -590.576349 -590.762721 -590.192607 -588.490789 -588.445679 -589.779551 -592.512314 -591.846181 -590.116734 -588.428969 -584.960982 -581.645054 -578.255012 -575.164101 -570.545364 -564.615871 -557.267742 -545.747931 -528.365936 -510.116022 -478.590340 -444.618133 -425.775572 -415.619095 -402.954882 -381.890052 -365.723020
-425.356277 -440.608665 -468.087329 -513.340144 -543.657782 -562.468947 -571.188345 -578.229598 -584.310209 -586.637143 -588.734636 -591.008559 -592.857772 -594.805159 -596.559832 -597.981063 -600.228788 -604.830012 -602.927255 -600.304631 -597.282299 -597.215002 -597.533015 -597.270216 -597.963388 -600.008592 -603.702008 -602.171893 -599.968800 -597.963374 -597.369749 -597.001775 -595.739319 -596.643998 -598.501282 -601.203216 -600.077778 -598.048143 -596.933163 -595.484852 -593.321847 -590.988365 -588.638862 -585.830835 -582.880361 -578.752521 -573.831841 -567.820967 -560.673553 -551.523741 -537.704497 -526.830479 -512.631758 -494.482916 -464.953788 -440.136789
-534.697201 -548.731879 -559.553706 -569.388879 -578.857990 -583.490624 -587.369241 -590.546855 -593.781046 -595.698538 -597.192642 -596.370395 -597.029569 -599.107499 -598.963338 -600.033515 -603.718627 -602.416484 -601.353646 -598.355962 -598.895414 -599.062580 -599.772079 -599.282805 -599.761381 -603.337702 -601.565456 -600.795859 -598.730560 -598.378954 -597.958208 -597.632227 -597.256953 -597.686706 -600.229621 -599.717400 -599.052220 -597.163407 -597.132108 -596.371832 -594.178761 -593.537339 -592.187821 -590.234784 -588.111337 -585.508366 -582.249627 -577.581664 -572.621442 -567.673001 -565.938983 -562.287497 -558.997708 -561.155172 -553.634783 -544.346370
