tests/Borden05m/sims/sim_1/output-maps/psiliqL0012N0014.asc
ncols         160
nrows         34
xllcorner     620200.000000
yllcorner     5168000.000000
cellsize      0.500000
NODATA_value  -9999.0
[rows 0 to 24 of 34, columns 0 to 56 of 160]
-9999.0 -9999.0 -9999.0 -9999.0 -9999.0 -9999.0 -9999.0 -9999.0 -9999.0 -9999.0 -9999.0 -9999.0 -9999.0 -9999.0 -9999.0 -9999.0 -9999.0 -9999.0 -9999.0 -9999.0 -9999.0 -9999.0 -9999.0 -9999.0 -9999.0 -9999.0 -9999.0 -9999.0 -9999.0 -9999.0 -9999.0 -9999.0 -9999.0 -9999.0 -9999.0 -9999.0 -9999.0 -9999.0 -9999.0 -9999.0 -9999.0 -9999.0 -9999.0 -9999.0 -9999.0 -9999.0 -9999.0 -9999.0 -9999.0 -9999.0 -9999.0 -9999.0 -9999.0 -9999.0 -9999.0 -9999.0 -9999.0
-9999.0 -9999.0 -9999.0 -9999.0 -9999.0 -9999.0 -9999.0 -9999.0 -9999.0 -9999.0 -9999.0 -9999.0 -9999.0 -9999.0 -9999.0 -9999.0 -9999.0 -9999.0 -9999.0 -9999.0 -9999.0 -9999.0 -9999.0 -9999.0 -9999.0 -9999.0 -9999.0 -9999.0 -9999.0 -9999.0 -9999.0 -9999.0 -9999.0 -9999.0 -9999.0 -9999.0 -9999.0 -9999.0 -9999.0 -9999.0 -9999.0 -9999.0 -9999.0 -9999.0 -9999.0 -9999.0 -9999.0 -9999.0 -9999.0 -9999.0 -9999.0 -9999.0 -9999.0 -9999.0 -9999.0 -9999.0 -9999.0
-9999.0 -9999.0 -9999.0 -9999.0 -9999.0 -9999.0 -9999.0 -9999.0 -9999.0 -9999.0 -9999.0 -9999.0 -9999.0 -9999.0 -9999.0 -9999.0 -9999.0 -9999.0 -9999.0 -9999.0 -9999.0 -9999.0 -9999.0 -9999.0 -9999.0 -9999.0 -9999.0 -9999.0 -9999.0 -9999.0 -9999.0 -9999.0 -9999.0 -9999.0 -9999.0 -9999.0 -9999.0 -9999.0 -9999.0 -9999.0 -9999.0 -9999.0 -9999.0 -9999.0 -9999.0 -9999.0 -9999.0 492.202024 474.901318 459.051759 456.971713 479.627195 503.069129 526.894201 547.523519 566.228767 585.255142
-9999.0 -9999.0 -9999.0 -9999.0 -9999.0 -9999.0 -9999.0 -9999.0 -9999.0 -9999.0 -9999.0 -9999.0 -9999.0 -9999.0 -9999.0 -9999.0 -9999.0 -9999.0 -9999.0 -9999.0 -9999.0 -9999.0 -9999.0 -9999.0 -9999.0 -9999.0 -9999.0 -9999.0 -9999.0 -9999.0 -9999.0 -9999.0 -9999.0 -9999.0 -9999.0 -9999.0 -9999.0 -9999.0 -9999.0 -9999.0 539.620857 545.544308 546.893487 536.399001 525.248865 513.218568 493.327676 475.590971 460.643743 458.135194 460.892603 466.237976 489.020466 513.673258 533.395897 550.627813 569.964638
-9999.0 -9999.0 -9999.0 -9999.0 -9999.0 -9999.0 -9999.0 -9999.0 -9999.0 -9999.0 -9999.0 -9999.0 -9999.0 -9999.0 -9999.0 -9999.0 -9999.0 -9999.0 -9999.0 -9999.0 -9999.0 -9999.0 -9999.0 -9999.0 -9999.0 -9999.0 -9999.0 -9999.0 -9999.0 -9999.0 -9999.0 -9999.0 -9999.0 -9999.0 447.208858 464.733125 482.890190 501.332342 518.081878 524.858365 530.725033 536.530188 532.521525 527.925747 516.699269 497.835571 478.395962 464.575105 462.436412 460.070956 464.539137 477.610500 494.503315 510.898793 531.985391 555.583358 565.009611
-9999.0 -9999.0 -9999.0 -9999.0 -9999.0 -9999.0 -9999.0 -9999.0 -9999.0 -9999.0 -9999.0 -9999.0 -9999.0 -9999.0 -9999.0 -9999.0 -9999.0 -9999.0 -9999.0 -9999.0 -9999.0 -9999.0 -9999.0 -9999.0 -9999.0 -9999.0 -9999.0 -9999.0 451.132639 445.289720 440.308440 438.924733 437.740278 436.717660 443.684313 455.922023 474.132004 495.852572 508.861303 516.154764 522.851928 523.709457 518.855211 516.928536 517.347648 505.712925 494.213347 483.467173 473.127292 471.858630 481.604711 495.828849 512.175044 527.222159 542.860811 554.525363 571.583783
-9999.0 -9999.0 -9999.0 -9999.0 -9999.0 -9999.0 -9999.0 -9999.0 -9999.0 -9999.0 -9999.0 -9999.0 -9999.0 -9999.0 -9999.0 -9999.0 -9999.0 -9999.0 -9999.0 -9999.0 -9999.0 -9999.0 -9999.0 421.131273 427.065904 433.674592 441.206335 442.221319 438.186236 432.667783 429.712662 428.326744 426.798984 431.392857 439.708910 453.468887 469.467801 491.399994 500.143385 506.540515 518.970580 521.700421 527.274372 531.464011 529.876013 527.250129 515.116257 506.187136 511.655898 517.844432 524.758735 532.839438 546.394504 562.165347 580.018579 600.795590 622.747587
-9999.0 -9999.0 -9999.0 -9999.0 -9999.0 -9999.0 -9999.0 -9999.0 -9999.0 -9999.0 -9999.0 -9999.0 -9999.0 -9999.0 -9999.0 -9999.0 -9999.0 -9999.0 -9999.0 395.882716 396.822258 398.027730 402.774360 403.746737 406.027335 413.139895 421.414219 423.819415 422.286440 420.933498 422.630026 425.503337 429.994143 441.556742 455.594393 469.990682 484.187285 505.295187 520.295272 534.239013 550.509285 549.826036 545.873465 544.140295 544.847358 545.474831 550.540955 553.950108 560.412074 565.901818 572.886750 582.507138 594.234563 613.090460 633.732479 654.471254 673.753049
-9999.0 -9999.0 -9999.0 -9999.0 -9999.0 -9999.0 -9999.0 -9999.0 -9999.0 -9999.0 -9999.0 -9999.0 -9999.0 -9999.0 -9999.0 -9999.0 367.161343 369.053571 371.288185 376.740885 379.565091 383.643933 390.670039 391.973150 395.919613 403.200042 408.300815 417.183793 425.349913 432.891287 439.086097 442.034926 449.869874 459.820406 472.033228 487.777728 509.772347 533.088111 549.753353 566.921963 584.284154 585.169239 584.400087 585.868118 586.870048 594.266668 612.551277 619.143636 621.839333 639.831319 654.666445 660.621934 668.929108 688.474485 713.139412 738.554159 769.708670
-9999.0 -9999.0 -9999.0 -9999.0 -9999.0 -9999.0 -9999.0 -9999.0 -9999.0 -9999.0 -9999.0 -9999.0 -9999.0 321.499255 325.685856 335.141539 344.027481 346.503582 350.728288 356.744588 369.048435 372.779987 379.171893 386.948826 398.830189 407.619002 417.053607 429.135859 437.871609 445.428210 452.861598 459.260062 473.114832 488.864845 505.174400 525.933074 548.340887 569.697202 591.067455 607.312132 621.891653 625.083147 624.376481 627.049732 635.571712 653.935683 673.846796 685.251374 705.861894 730.283641 745.216888 758.462395 768.322123 782.429116 804.496935 840.535936 877.809592
-9999.0 -9999.0 -9999.0 -9999.0 -9999.0 -9999.0 -9999.0 -9999.0 -9999.0 -9999.0 287.536486 290.006965 286.641474 286.876061 291.837707 303.897777 317.450808 324.253364 335.790570 356.679558 374.359097 378.087669 392.985019 403.354766 410.336909 421.265675 434.783174 448.101047 465.599947 478.719824 491.354221 511.998261 529.158717 546.358431 564.848740 585.744335 606.971624 637.136432 665.453655 680.064304 704.230536 717.485838 715.483569 716.461043 725.967488 743.841404 767.549305 793.818937 817.582479 844.909096 864.830278 880.471170 892.370323 905.897293 922.555836 957.264465 997.987501
-9999.0 -9999.0 -9999.0 -9999.0 -9999.0 -9999.0 -9999.0 -9999.0 263.185347 270.331852 276.582415 273.643373 269.134591 265.594937 279.090167 294.991746 311.093493 328.571988 344.723907 362.992905 378.719093 395.469225 415.463506 427.661430 439.888554 455.666878 469.931560 488.052565 510.117891 524.544684 543.200513 565.817982 585.866149 605.013648 624.824615 644.408293 673.215365 708.688884 742.610290 767.980257 797.525140 822.671186 823.666927 827.550208 833.234739 860.360862 891.474083 923.504643 950.960337 979.744076 1009.923833 1028.153604 1039.453319 1052.675752 1068.499621 1086.702710 1113.962060
-9999.0 -9999.0 -9999.0 -9999.0 -9999.0 -9999.0 236.652011 260.853412 275.794040 268.016803 258.960940 255.559775 251.877914 273.604485 295.387726 312.586333 329.563454 347.286783 364.037198 378.188014 413.007705 430.792153 446.083035 465.569793 480.664944 495.817245 514.087760 538.529480 562.038626 594.267868 623.256836 650.021307 678.035261 699.468854 719.931331 740.474279 773.905518 813.212607 851.720939 882.784884 911.627072 942.857588 951.875232 958.540498 966.826073 987.433573 1018.852633 1049.567099 1083.848525 1116.265149 1142.617846 1154.714676 1165.364345 1177.014164 1190.793327 1203.683106 1218.222067
-9999.0 -9999.0 -9999.0 -9999.0 203.210779 224.161925 244.484699 275.293396 297.946592 292.903367 299.994106 300.491229 299.100451 302.563602 309.248427 327.476736 345.963536 364.751640 383.457779 420.222177 464.076761 481.075986 507.525824 540.706617 555.699237 571.990382 589.165325 613.623384 643.098212 679.110566 726.179942 766.563872 794.691376 819.584887 842.360658 866.435030 901.254124 939.862730 977.580460 1012.732582 1043.489963 1069.405955 1083.231039 1091.588682 1103.509225 1119.427791 1140.235537 1167.203387 1197.741151 1229.518930 1254.550411 1268.657593 1276.811505 1287.501053 1298.516056 1311.196348 1323.693216
-9999.0 -9999.0 -9999.0 154.910460 193.519500 230.961139 258.293010 289.342947 321.371663 326.992305 335.923426 341.827261 347.782266 356.857234 366.424175 383.539436 399.214494 414.270989 436.583747 474.266120 511.049862 544.194066 578.142806 608.212858 631.569923 649.077782 668.584378 694.462059 736.126411 776.546866 829.035386 883.976375 922.522763 948.296986 970.671568 997.973227 1023.021115 1058.675224 1093.503840 1126.472760 1158.119260 1183.160516 1202.660114 1210.711951 1219.869266 1228.564517 1245.015838 1266.202609 1287.743444 1315.966714 1343.626743 1366.831458 1380.177529 1389.746687 1405.459241 1421.170237 1433.498146
-9999.0 -9999.0 108.082235 145.512670 180.224436 231.226624 284.122406 318.290452 359.392257 384.183161 391.605251 409.902469 426.940339 435.306000 452.035706 469.848145 486.232531 492.330499 508.460560 542.539662 595.827528 645.160633 673.416685 728.585754 763.844680 791.440633 809.300248 836.858720 872.628158 916.365845 965.932812 1015.834554 1054.894574 1086.241104 1102.440617 1121.179984 1143.722157 1166.741936 1199.397605 1228.161229 1258.625090 1284.534922 1306.597452 1314.493503 1319.574846 1334.600105 1357.371556 1381.511705 1404.536302 1426.618447 1433.751877 1442.748284 1447.175754 1450.074564 1454.142748 1457.151958 1458.825012
-9999.0 -9999.0 82.168651 126.701648 168.273890 236.605276 314.719647 352.470107 395.948018 441.749889 461.394312 486.410184 502.329716 516.446456 540.841325 564.635602 574.656325 580.976014 582.109783 639.046498 700.069584 758.435376 816.500650 882.838058 927.875306 943.791136 955.916286 976.779207 1002.347776 1045.951083 1094.264727 1145.618786 1188.565968 1218.644654 1234.230845 1251.238205 1270.747668 1288.248350 1306.409324 1343.154502 1368.282493 1392.690982 1418.260317 1437.925923 1445.878534 1448.618319 1440.880536 1448.200792 1453.345623 1455.827185 1456.704472 1453.579328 1453.075661 1454.025534 1455.362457 1450.742874 1444.386404
-9999.0 -5.667908 46.425153 100.228923 170.140848 238.754589 323.780439 404.765870 459.539171 505.705957 535.878721 552.759752 597.781806 644.054204 671.298551 699.851727 702.029538 705.894086 698.652153 746.959575 801.444111 883.152258 995.449688 1052.533083 1094.054903 1098.437757 1095.567423 1109.501891 1134.242955 1175.948042 1238.899391 1283.110899 1332.008970 1368.756100 1382.391876 1388.255663 1404.646786 1423.420675 1418.549144 1436.204174 1444.663897 1451.928310 1453.522497 1455.489191 1456.728299 1457.083471 1453.998914 1447.756774 1440.018572 1434.287510 1429.867036 1424.914442 1426.973487 1430.087164 1430.954634 1424.097749 1416.043453
-9999.0 -40.482407 19.484537 91.695517 163.560665 236.288771 344.544434 482.142270 534.047152 571.849260 599.600473 633.674859 716.150223 783.327636 819.309358 862.667201 859.420460 850.354156 843.341419 879.069994 932.502219 1008.137618 1143.266101 1226.430793 1250.361146 1263.261994 1272.262605 1298.033250 1332.108790 1364.751285 1393.959848 1400.207229 1421.123198 1431.740906 1435.430935 1437.326312 1440.637986 1441.509061 1440.029205 1437.340722 1433.740402 1434.842827 1439.448595 1439.790074 1437.338622 1434.259970 1428.330751 1420.189907 1413.867086 1408.276050 1404.383409 1400.364773 1398.106649 1397.830212 1393.374027 1387.449572 1377.889772
-9999.0 -67.619893 2.767937 67.594338 137.152549 257.229147 382.325603 515.979012 608.812229 649.004010 684.809548 762.713950 861.862058 953.171422 1002.604048 1027.645967 1033.555396 1019.698071 1029.712430 1076.112489 1141.394150 1227.567143 1308.647779 1379.994452 1394.330024 1399.703298 1386.623048 1398.077284 1408.656543 1412.001838 1414.730289 1418.480566 1425.021597 1428.923676 1428.762874 1426.731519 1422.672391 1415.408761 1411.014439 1408.376070 1405.524925 1405.644671 1408.619590 1409.693874 1407.004111 1402.581252 1397.051072 1390.219280 1382.970636 1375.185260 1370.055965 1365.018761 1362.027726 1356.769696 1351.868739 1345.461581 1331.225136
-9999.0 -161.336076 -74.953526 -16.342587 108.325097 279.093006 405.448411 558.586668 701.703505 747.824777 831.525469 945.704288 1044.712607 1113.273983 1153.293249 1194.231172 1222.853162 1248.066200 1283.582589 1262.637106 1316.380369 1366.734556 1389.542044 1402.087838 1404.461698 1407.845690 1402.054926 1384.867424 1376.215396 1371.170016 1374.371880 1382.908745 1389.591853 1395.930853 1394.383696 1394.847202 1394.347453 1390.599148 1386.935378 1379.089645 1371.836148 1366.494476 1365.022147 1370.127356 1364.839228 1360.832160 1353.964527 1345.069322 1335.542770 1326.898086 1318.337035 1310.781486 1307.203846 1301.043653 1298.951548 1290.472765 1262.852631
-9999.0 -242.297863 -164.267694 -67.450595 77.734968 242.406080 381.185205 552.098358 754.620544 868.771431 984.114425 1050.297681 1120.602761 1181.578818 1242.309161 1284.040226 1306.806159 1317.055885 1313.791157 1325.616972 1301.524661 1300.619502 1321.456224 1349.493496 1363.773534 1369.177720 1361.835274 1352.103847 1346.110887 1346.119238 1345.974376 1345.767419 1345.134748 1343.639524 1340.638744 1342.066351 1345.829331 1339.518834 1331.167488 1323.299771 1316.230591 1308.225134 1302.816890 1299.452017 1297.672007 1296.744071 1288.651695 1277.670978 1266.516663 1257.669496 1249.251596 1242.838320 1239.719641 1234.293147 1226.305292 1213.977065 1186.180309
-9999.0 -335.441688 -216.942997 -118.183446 10.945312 150.421255 283.378062 451.742327 607.854455 824.098706 986.079649 1071.593141 1108.674065 1161.132048 1219.197524 1280.895500 1286.361972 1259.523622 1232.565687 1222.170767 1230.646081 1244.152461 1260.854631 1282.869602 1301.247963 1311.388737 1313.375348 1306.162547 1293.342816 1285.117533 1279.643874 1270.974113 1264.637030 1263.779018 1263.812703 1269.958249 1271.845660 1262.430629 1249.590171 1234.019759 1220.423636 1210.158860 1207.065793 1207.953091 1207.470232 1203.625255 1196.304563 1185.548354 1172.770360 1160.843144 1152.777600 1146.766663 1139.623800 1129.644588 1118.522096 1105.907223 1080.058356
-9999.0 -9999.0 -289.602423 -177.500524 -64.971282 61.661211 184.643774 335.846438 490.837651 676.983633 796.169082 914.339178 979.963327 1023.795719 1073.788347 1125.168453 1141.429592 1158.388427 1141.964637 1147.569463 1156.355750 1164.998617 1177.206223 1190.832088 1205.068417 1215.307305 1222.643929 1220.915736 1212.221780 1196.215252 1177.388929 1163.003369 1154.615436 1148.061321 1156.443535 1166.960212 1163.969959 1157.015649 1145.073915 1129.539992 1116.553879 1103.046020 1099.135679 1099.274860 1098.977371 1095.714221 1090.683108 1077.736756 1064.630971 1052.268031 1046.190051 1039.638547 1033.586347 1022.349979 1010.349576 996.915493 973.674274
-9999.0 -9999.0 -372.960031 -262.542401 -144.178916 -18.486127 86.842456 178.244116 335.807778 456.557119 561.049354 656.450796 734.876223 795.464089 839.442639 897.592330 933.896393 949.073640 965.745333 992.109303 1017.795156 1044.587244 1062.976501 1076.859287 1091.302316 1104.406359 1113.298641 1102.610125 1092.199101 1076.285120 1056.032213 1033.988622 1022.358587 1018.085213 1020.522050 1025.765202 1020.054293 1010.165467 995.736665 979.735315 966.491012 954.644296 950.251294 946.980323 945.508172 942.339844 938.726784 929.597997 917.792535 909.442171 900.900619 894.298398 890.557350 882.984595 872.954682 865.602105 847.524574
