tests/Borden05m/sims/sim_1/output-maps/psiliqL0005N0019.asc
ncols         160
nrows         34
xllcorner     620200.000000
yllcorner     5168000.000000
cellsize      0.500000
NODATA_value  -9999.0
[rows 0 to 24 of 34, columns 56 to 111 of 160]
-9999.0 -9999.0 -9999.0 -9999.0 -9999.0 -9999.0 -9999.0 -9999.0 -9999.0 -9999.0 -9999.0 -9999.0 -9999.0 -9999.0 -9999.0 -9999.0 -9999.0 -9999.0 -9999.0 -9999.0 -9999.0 -9999.0 -9999.0 -9999.0 -9999.0 -9999.0 -9999.0 -9999.0 -9999.0 -9999.0 -9999.0 -9999.0 -9999.0 -9999.0 -9999.0 -9999.0 -9999.0 -9999.0 -9999.0 -9999.0 -9999.0 -9999.0 -9999.0 -9999.0 -9999.0 -9999.0 -9999.0 -9999.0 -9999.0 -9999.0 -9999.0 -9999.0 -9999.0 -9999.0 -9999.0 -9999.0
-9999.0 -9999.0 -9999.0 -623.404523 -628.826972 -633.458241 -637.137365 -645.560726 -653.211126 -661.182771 -663.768590 -663.858526 -665.042295 -666.810592 -662.358269 -656.085867 -650.321080 -643.923070 -643.352238 -641.848957 -639.632076 -639.108537 -640.307458 -643.289299 -645.829236 -648.573352 -647.915301 -656.139028 -667.233528 -675.929642 -678.168105 -672.283214 -667.917409 -667.078013 -662.024735 -652.338498 -643.297406 -637.692752 -627.598789 -625.224819 -620.845687 -616.537177 -620.507975 -622.742439 -624.229294 -625.743445 -636.846463 -9999.0 -9999.0 -9999.0 -9999.0 -9999.0 -9999.0 -9999.0 -9999.0 -9999.0
-653.165925 -636.073858 -635.039761 -651.315734 -654.950404 -656.988316 -657.722749 -662.087104 -670.905016 -674.830460 -680.948841 -683.259578 -683.774337 -685.172323 -682.084865 -671.906078 -664.238436 -660.829673 -660.441864 -659.624090 -660.608016 -661.669090 -661.705883 -664.525888 -667.522566 -670.579157 -671.171089 -668.056391 -675.871603 -680.565344 -684.189559 -686.803287 -684.774911 -682.940237 -681.188277 -671.208257 -664.911391 -659.109410 -645.401879 -633.250201 -628.925243 -632.222486 -637.206953 -638.444225 -641.826987 -649.062173 -656.701688 -662.039538 -666.670762 -669.630507 -674.369421 -667.589761 -664.477875 -655.252338 -646.721513 -636.803441
-672.193923 -653.409444 -652.716692 -666.934805 -676.643319 -680.492051 -679.476714 -674.884539 -678.419555 -684.129768 -690.984765 -681.938569 -682.175575 -682.179487 -679.688833 -676.193325 -674.597798 -672.415404 -668.526528 -659.436563 -658.488232 -658.693601 -658.482894 -660.282691 -663.400782 -664.257743 -666.544984 -673.092673 -672.962878 -671.792203 -672.527697 -665.984940 -664.982610 -662.275797 -672.607500 -669.798101 -664.812578 -659.910265 -655.062597 -650.008363 -645.824327 -649.924817 -648.806606 -655.317787 -667.512378 -674.926304 -679.016508 -675.971128 -675.086107 -681.387676 -697.057076 -688.279123 -669.659073 -668.063492 -667.669908 -656.456144
-682.767320 -674.930177 -674.734387 -681.211578 -677.510841 -674.106198 -671.685304 -674.346585 -679.442701 -684.202934 -669.235468 -661.072839 -662.130706 -659.843210 -655.975131 -656.850899 -673.503867 -677.674802 -669.198562 -659.546422 -654.717791 -656.435071 -657.378409 -659.742584 -660.402768 -659.826720 -662.282252 -660.174778 -657.457744 -658.419715 -653.076808 -647.231380 -643.258961 -654.032855 -664.575279 -664.071940 -655.394247 -647.766420 -641.848607 -631.005837 -617.521543 -619.233516 -623.875641 -629.439501 -637.657588 -658.550225 -677.137620 -685.704104 -690.267839 -696.155511 -694.483054 -697.104582 -683.071014 -682.673580 -683.049741 -674.412388
-688.573727 -667.568693 -660.863296 -669.738062 -676.154725 -679.771518 -678.861505 -679.922954 -677.835371 -663.571035 -652.218288 -637.656967 -638.477044 -637.034312 -637.573853 -649.477648 -660.279731 -666.144341 -648.134315 -631.964651 -624.937506 -626.234750 -627.132627 -616.087899 -619.362274 -622.172710 -629.375620 -626.598025 -624.940466 -611.345723 -604.408376 -597.293173 -599.740833 -612.954091 -624.715119 -626.352322 -624.815057 -624.403983 -619.235705 -608.550618 -597.005913 -603.028586 -609.306465 -615.720901 -644.399153 -670.522961 -683.747825 -675.864365 -671.120413 -674.014510 -674.699162 -676.139949 -685.597765 -684.260015 -683.729978 -686.453603
-644.170916 -628.864162 -611.910476 -620.978160 -630.221506 -644.013722 -643.382566 -640.576332 -633.524581 -622.514656 -605.342453 -579.964005 -579.268365 -575.880052 -569.723532 -582.138506 -595.374342 -611.092086 -592.969870 -584.532267 -575.372479 -572.438495 -557.498025 -544.417191 -551.415484 -562.678184 -574.435462 -566.509790 -548.321631 -530.327736 -523.767651 -520.332407 -518.264859 -529.707131 -535.569486 -539.795538 -540.509997 -547.133461 -545.577011 -531.682691 -511.684362 -510.638530 -524.320129 -549.202838 -586.276110 -621.892158 -643.533480 -632.325356 -638.315813 -642.664457 -643.518876 -657.384848 -667.354959 -661.928747 -671.782720 -678.896404
-612.681987 -596.900426 -577.502092 -582.694029 -596.897430 -611.486999 -611.299951 -601.722304 -593.641474 -573.264384 -543.910896 -510.838422 -491.404285 -477.830259 -465.087664 -474.626276 -487.425475 -501.288696 -497.205872 -479.518547 -461.469924 -442.996119 -423.617158 -405.964484 -411.813710 -423.046237 -425.368570 -419.464177 -398.162104 -380.196519 -373.104486 -369.259928 -363.384865 -369.098150 -378.668712 -390.365098 -402.613849 -414.136108 -421.954415 -403.791092 -386.524106 -389.976766 -422.545058 -458.027173 -503.176093 -548.606684 -591.181403 -597.297472 -594.978341 -593.918907 -610.320289 -623.437719 -641.729254 -649.932148 -654.361310 -670.660740
-513.195672 -485.172879 -458.456376 -448.738099 -466.559426 -470.928651 -463.633820 -448.243867 -439.879209 -420.226462 -380.519086 -338.049627 -308.284092 -285.247971 -280.624982 -288.782986 -297.819941 -312.057579 -318.979486 -305.871643 -293.274691 -281.743139 -271.126754 -260.845869 -254.133590 -254.889378 -254.864146 -252.495992 -249.099734 -243.663858 -237.647169 -231.689915 -225.231871 -223.519074 -231.584201 -239.930862 -249.505612 -258.369892 -261.383915 -263.227406 -257.939556 -258.918868 -276.469493 -301.481673 -333.560130 -375.548931 -418.941397 -454.444112 -458.547204 -480.113191 -503.013559 -530.772223 -574.982234 -594.252459 -608.349106 -643.006302
-370.785197 -335.808832 -316.043381 -299.121027 -298.108204 -294.749617 -291.186618 -285.137228 -279.945468 -272.872570 -244.352442 -211.918803 -181.908461 -157.651673 -147.408897 -155.229528 -164.127639 -174.555153 -183.813744 -183.710762 -171.806537 -157.028718 -142.483539 -132.813609 -129.327183 -130.851961 -130.734939 -129.509025 -126.624228 -124.618368 -120.429015 -113.971275 -103.694233 -91.429021 -94.378237 -110.428307 -124.105285 -140.359795 -148.742663 -152.456857 -157.672758 -158.383736 -159.746522 -182.524505 -207.007778 -236.215382 -266.465290 -288.231032 -308.708117 -330.836794 -355.584668 -406.460243 -463.094726 -510.883028 -549.721475 -588.061501
-247.496830 -219.918076 -194.897178 -180.052726 -174.380472 -171.658131 -167.467017 -159.564321 -152.802316 -144.166248 -126.454538 -94.067413 -59.306572 -28.933704 -17.136761 -21.834955 -30.570341 -41.582884 -49.305694 -51.921641 -47.288750 -39.391026 -26.808911 -15.795595 -4.972140 -4.868469 -4.840656 -4.921508 -3.333016 -2.049478 -1.519108 4.052407 13.984688 22.998367 25.112286 15.181650 -1.628199 -21.104235 -36.401268 -47.115202 -54.401151 -55.927478 -55.868955 -57.558243 -77.767593 -109.610844 -151.221956 -180.758099 -203.316823 -217.019518 -231.747637 -247.007199 -283.214221 -304.614166 -337.564691 -380.476791
-143.628006 -116.360651 -88.185863 -68.644454 -58.147463 -54.938476 -48.428385 -35.799991 -25.777176 -13.504969 1.098918 17.218870 43.991990 74.351648 112.365719 113.606167 104.711326 90.528969 88.431813 88.407137 89.064101 93.572909 98.218819 110.332776 123.316052 127.763598 128.054526 126.074547 128.049926 128.414218 128.109853 128.316334 130.936227 135.970933 138.107074 134.981793 122.319335 102.331416 66.884409 51.577162 44.864356 40.666267 39.569033 37.014845 27.071133 1.689250 -35.626710 -71.719695 -97.895717 -116.713663 -130.427582 -140.251362 -149.746387 -164.097252 -189.143271 -225.792000
-37.137121 -13.251002 10.579388 33.779204 49.343963 58.755096 71.599888 94.412015 108.780540 123.938809 137.484798 136.374581 159.965809 179.544133 192.206536 198.571186 200.107111 200.656185 202.616651 202.732142 199.620426 200.507418 201.281600 201.875077 205.061146 205.431763 205.551101 205.290061 206.041150 205.812450 206.225806 205.912533 204.644424 204.761943 204.977756 204.533465 201.791459 194.641480 177.625472 166.003940 158.897769 151.859319 143.612761 134.566048 125.412216 109.347758 67.650704 31.052309 -1.470631 -20.392136 -29.965078 -36.521306 -42.158622 -56.374581 -77.128921 -103.526340
90.357311 106.422411 123.330769 143.580919 148.194350 168.435190 178.165053 185.669077 196.225200 206.590990 207.773955 206.988942 208.694701 209.529367 210.407254 210.414385 210.750991 208.526384 208.529578 206.785292 201.429829 192.534331 193.820106 194.989763 197.236943 200.467391 198.819070 199.595362 202.265407 201.106406 196.154063 193.112257 191.548100 191.574780 198.322174 201.142561 201.578659 201.898904 200.990040 200.682678 200.385650 200.252506 200.101773 199.934106 196.071779 187.309351 165.940578 138.092832 106.739528 71.287742 58.429166 57.493231 52.812777 44.544234 20.810559 -7.377701
187.800925 199.118114 207.730062 208.821387 208.486438 209.982865 212.023430 214.094619 214.304372 210.655408 207.047892 202.292538 201.114445 200.051250 197.905736 198.666167 196.731582 192.921964 189.089763 181.080582 170.133966 158.065374 156.088446 160.822117 165.282808 168.954140 170.986444 173.874329 175.090755 171.537643 164.413979 157.937332 155.737298 161.718392 167.318314 171.729527 172.112303 170.816051 169.193184 169.833627 168.214256 169.449757 176.402559 190.494340 198.593689 198.928742 198.567304 197.464776 195.471336 174.512067 155.207799 157.112877 152.589861 139.411373 100.788017 72.893133
204.503287 204.341253 202.006903 196.372943 191.101785 190.593698 194.410659 201.168863 202.425136 195.868114 187.534066 178.639281 171.473162 169.075799 167.721975 166.981043 166.648183 160.892433 151.169336 119.443516 102.718625 89.654571 82.874012 81.761650 87.271485 95.620583 102.938771 106.883302 101.734252 95.571605 86.368862 78.832138 79.052665 82.041433 90.473413 102.088463 104.593563 105.297867 101.493483 98.929676 94.681343 95.485566 107.860312 139.564687 155.851346 168.104946 175.544423 183.101213 190.828126 197.869327 197.956221 198.060534 197.953027 193.650776 178.467105 159.548466
189.257127 181.082688 175.524821 168.541328 162.537909 160.816270 164.042569 167.863815 164.588971 158.028995 144.193911 117.119794 102.582854 95.564499 95.585972 97.062554 96.804434 89.975031 74.081924 51.933151 35.915954 20.981118 16.414451 11.958448 9.689889 19.961094 34.584223 39.615094 28.075477 19.531517 6.856304 -0.369634 -2.621582 -0.715555 8.516771 25.887855 41.592202 42.350354 34.083317 26.346621 22.767219 22.486256 33.141339 57.124237 78.138841 92.867707 103.442419 114.292553 139.535456 151.326724 162.394506 174.742552 186.253346 197.406791 198.201464 197.964225
157.182318 133.212417 120.930483 112.362921 105.633713 101.099105 98.680774 96.561288 90.315321 83.049460 70.651268 54.033538 40.364127 26.636714 23.151832 21.004153 22.486452 11.028004 -1.558152 -22.650436 -38.865233 -54.493059 -63.050106 -68.788048 -74.072614 -66.871734 -51.097614 -42.201606 -57.176680 -67.005425 -80.057299 -86.453706 -89.425743 -88.141710 -78.865088 -56.549296 -38.605700 -32.790649 -40.608865 -47.210902 -49.964765 -49.683455 -42.977645 -25.047734 -3.660267 16.586416 31.770795 43.450644 57.018331 69.980201 86.058720 103.758578 130.585304 152.874093 171.449526 186.088089
95.982312 81.286015 69.447187 58.164226 47.404776 41.354038 41.569675 34.655732 27.999551 17.249444 -23.316551 -39.941799 -57.213705 -71.478689 -76.304304 -82.877659 -86.315177 -95.691246 -103.495036 -115.196150 -130.720246 -146.758496 -160.717817 -165.339733 -169.390066 -173.521917 -164.456333 -160.409620 -162.763401 -169.668797 -176.683280 -180.295905 -182.585924 -179.034966 -166.806882 -154.730680 -143.543732 -138.408149 -143.119136 -138.258436 -132.923068 -132.165957 -117.416848 -103.052033 -85.021500 -63.833205 -41.819905 -29.168685 -18.032119 -5.563022 11.416017 30.572132 52.318088 78.067921 105.587876 133.367683
42.883541 28.499312 14.102063 1.527229 -10.595512 -21.845704 -21.477891 -25.372024 -31.969776 -63.847606 -104.227628 -133.430937 -150.112423 -169.067797 -177.810003 -185.311549 -204.282132 -216.190214 -224.098842 -223.541684 -234.534598 -250.024434 -263.020958 -269.294939 -273.795802 -282.864446 -286.278902 -282.889379 -274.940012 -280.746186 -283.895919 -281.726466 -283.690303 -285.452866 -278.002846 -265.414573 -257.874013 -250.180006 -242.812321 -238.649485 -232.929432 -211.896034 -198.863835 -185.385889 -166.646425 -146.057024 -124.577411 -106.478504 -93.914498 -79.716663 -60.676676 -43.071437 -20.686649 4.765613 34.860949 57.678691
-23.482453 -41.294826 -56.449614 -71.490660 -87.333703 -106.731372 -108.663278 -115.283129 -127.295242 -165.688397 -202.687157 -231.321818 -250.556825 -271.636760 -285.501123 -305.985655 -336.417414 -357.570981 -357.505816 -351.928635 -357.404608 -375.755066 -393.866456 -408.350626 -424.329821 -444.483957 -456.806273 -446.423894 -434.882288 -432.140709 -430.963363 -426.852182 -426.282889 -427.477497 -427.487998 -411.904222 -399.042966 -385.676308 -374.086502 -362.557027 -332.906591 -305.892609 -288.125318 -268.997442 -250.281488 -228.894667 -206.539921 -187.656599 -173.512042 -156.265650 -137.761458 -117.643044 -96.273943 -70.369768 -40.276915 -15.791035
-90.513549 -114.819024 -134.377658 -154.937183 -185.539535 -198.293434 -206.048972 -213.408025 -240.479968 -276.855389 -312.415949 -343.391957 -373.838877 -406.336954 -441.055647 -480.184779 -516.197603 -539.359959 -530.785893 -523.306294 -514.361649 -531.430918 -546.906305 -554.056042 -569.323826 -583.894729 -599.198219 -588.360489 -579.771767 -564.658841 -563.146795 -560.950553 -554.829465 -557.199988 -558.922186 -565.156449 -554.484768 -544.801219 -532.457791 -503.653108 -471.797562 -438.457436 -408.911811 -379.686437 -349.773077 -319.327645 -291.282594 -266.803668 -248.712704 -230.734901 -210.761527 -191.891967 -173.233422 -151.200737 -124.878064 -101.625572
-180.719970 -200.474590 -220.654285 -248.895653 -285.889132 -313.505941 -325.168313 -357.256765 -395.702166 -451.540294 -488.005355 -515.295693 -542.950400 -565.827288 -585.602838 -611.359100 -631.882404 -655.234365 -648.531542 -635.935668 -620.266044 -631.473558 -635.320779 -635.746375 -646.213286 -657.951917 -672.663335 -669.407850 -655.605109 -639.770860 -636.717774 -632.098264 -624.350477 -624.356973 -630.835226 -641.651133 -637.158616 -626.103776 -613.614448 -593.719932 -573.443608 -552.997894 -533.568889 -509.169866 -480.043982 -446.563473 -407.846723 -370.040294 -342.979404 -312.915609 -284.755544 -264.037519 -250.825129 -234.804892 -210.099232 -191.667919
-268.248867 -289.611096 -315.299749 -359.571379 -414.549141 -473.743440 -514.208454 -550.075468 -583.780826 -604.230457 -620.580336 -636.268962 -650.839547 -666.362705 -681.026753 -694.708129 -711.704945 -735.302994 -726.756097 -712.070521 -696.853896 -695.785362 -698.072878 -698.661244 -704.404942 -716.913461 -734.231058 -725.595733 -711.432874 -698.161293 -691.830812 -687.596644 -681.032690 -684.959204 -694.293357 -705.662220 -698.704078 -685.471775 -674.776768 -661.582587 -644.735960 -627.465186 -610.195291 -591.269494 -571.647779 -547.922846 -521.101358 -490.590822 -457.518336 -421.596075 -385.659883 -365.108983 -346.186245 -329.235489 -305.576801 -284.099725
-396.284230 -431.374796 -469.424868 -513.089592 -558.952858 -589.421291 -616.044693 -639.998551 -663.582900 -680.725145 -693.435596 -695.649344 -704.061539 -718.929975 -723.935151 -734.198103 -755.225440 -750.774171 -745.148542 -729.241668 -730.270562 -730.577776 -734.244919 -732.798472 -736.336365 -754.313182 -745.466888 -739.614826 -726.386502 -720.926258 -715.827095 -712.200040 -709.255894 -711.032714 -722.654260 -720.005612 -714.753800 -702.428220 -697.136583 -687.810806 -671.727412 -661.381200 -647.938038 -631.638150 -614.415368 -595.284599 -573.865188 -548.584154 -523.965751 -501.333994 -488.505726 -472.511606 -459.486912 -460.394710 -434.475017 -407.347017
