tests/Borden05m/sims/sim_1/output-maps/psiliqL0009N0018.asc
ncols         160
nrows         34
xllcorner     620200.000000
yllcorner     5168000.000000
cellsize      0.500000
NODATA_value  -9999.0
[rows 0 to 25 of 34, columns 0 to 56 of 160]
-9999.0 -9999.0 -9999.0 -9999.0 -9999.0 -9999.0 -9999.0 -9999.0 -9999.0 -9999.0 -9999.0 -9999.0 -9999.0 -9999.0 -9999.0 -9999.0 -9999.0 -9999.0 -9999.0 -9999.0 -9999.0 -9999.0 -9999.0 -9999.0 -9999.0 -9999.0 -9999.0 -9999.0 -9999.0 -9999.0 -9999.0 -9999.0 -9999.0 -9999.0 -9999.0 -9999.0 -9999.0 -9999.0 -9999.0 -9999.0 -9999.0 -9999.0 -9999.0 -9999.0 -9999.0 -9999.0 -9999.0 -9999.0 -9999.0 -9999.0 -9999.0 -9999.0 -9999.0 -9999.0 -9999.0 -9999.0 -9999.0
-9999.0 -9999.0 -9999.0 -9999.0 -9999.0 -9999.0 -9999.0 -9999.0 -9999.0 -9999.0 -9999.0 -9999.0 -9999.0 -9999.0 -9999.0 -9999.0 -9999.0 -9999.0 -9999.0 -9999.0 -9999.0 -9999.0 -9999.0 -9999.0 -9999.0 -9999.0 -9999.0 -9999.0 -9999.0 -9999.0 -9999.0 -9999.0 -9999.0 -9999.0 -9999.0 -9999.0 -9999.0 -9999.0 -9999.0 -9999.0 -9999.0 -9999.0 -9999.0 -9999.0 -9999.0 -9999.0 -9999.0 -9999.0 -9999.0 -9999.0 -9999.0 -9999.0 -9999.0 -9999.0 -9999.0 -9999.0 -9999.0
-9999.0 -9999.0 -9999.0 -9999.0 -9999.0 -9999.0 -9999.0 -9999.0 -9999.0 -9999.0 -9999.0 -9999.0 -9999.0 -9999.0 -9999.0 -9999.0 -9999.0 -9999.0 -9999.0 -9999.0 -9999.0 -9999.0 -9999.0 -9999.0 -9999.0 -9999.0 -9999.0 -9999.0 -9999.0 -9999.0 -9999.0 -9999.0 -9999.0 -9999.0 -9999.0 -9999.0 -9999.0 -9999.0 -9999.0 -9999.0 -9999.0 -9999.0 -9999.0 -9999.0 -9999.0 -9999.0 -9999.0 -114.238721 -131.726042 -148.345579 -150.095721 -127.307433 -104.012547 -80.417161 -59.992620 -41.385262 -22.409675
-9999.0 -9999.0 -9999.0 -9999.0 -9999.0 -9999.0 -9999.0 -9999.0 -9999.0 -9999.0 -9999.0 -9999.0 -9999.0 -9999.0 -9999.0 -9999.0 -9999.0 -9999.0 -9999.0 -9999.0 -9999.0 -9999.0 -9999.0 -9999.0 -9999.0 -9999.0 -9999.0 -9999.0 -9999.0 -9999.0 -9999.0 -9999.0 -9999.0 -9999.0 -9999.0 -9999.0 -9999.0 -9999.0 -9999.0 -9999.0 -66.724732 -60.891634 -59.358874 -70.221277 -81.574988 -93.470499 -113.396671 -131.317641 -146.868192 -149.751068 -147.187313 -141.517943 -118.523759 -94.301497 -74.884294 -57.567023 -38.431572
-9999.0 -9999.0 -9999.0 -9999.0 -9999.0 -9999.0 -9999.0 -9999.0 -9999.0 -9999.0 -9999.0 -9999.0 -9999.0 -9999.0 -9999.0 -9999.0 -9999.0 -9999.0 -9999.0 -9999.0 -9999.0 -9999.0 -9999.0 -9999.0 -9999.0 -9999.0 -9999.0 -9999.0 -9999.0 -9999.0 -9999.0 -9999.0 -9999.0 -9999.0 -158.610792 -141.057098 -123.018762 -104.804732 -88.307979 -81.766180 -75.937545 -70.174524 -74.253725 -79.135069 -90.525682 -109.190648 -128.933841 -143.232064 -145.903148 -148.558203 -144.196205 -131.095841 -114.461470 -98.082602 -77.186691 -54.063595 -44.855525
-9999.0 -9999.0 -9999.0 -9999.0 -9999.0 -9999.0 -9999.0 -9999.0 -9999.0 -9999.0 -9999.0 -9999.0 -9999.0 -9999.0 -9999.0 -9999.0 -9999.0 -9999.0 -9999.0 -9999.0 -9999.0 -9999.0 -9999.0 -9999.0 -9999.0 -9999.0 -9999.0 -9999.0 -154.022172 -160.003788 -165.260729 -166.873182 -168.277932 -169.563515 -162.656220 -150.348985 -132.095798 -110.697146 -98.008071 -90.955818 -84.516642 -83.793217 -88.696860 -90.967889 -90.877620 -102.623998 -114.300616 -125.233774 -135.736252 -136.965187 -127.408536 -113.579700 -97.601758 -82.847085 -67.505264 -54.610683 -38.698223
-9999.0 -9999.0 -9999.0 -9999.0 -9999.0 -9999.0 -9999.0 -9999.0 -9999.0 -9999.0 -9999.0 -9999.0 -9999.0 -9999.0 -9999.0 -9999.0 -9999.0 -9999.0 -9999.0 -9999.0 -9999.0 -9999.0 -9999.0 -183.277359 -177.254507 -170.832599 -163.566816 -162.778097 -167.152307 -172.943723 -176.246393 -177.937231 -179.620763 -175.314507 -166.970794 -153.302726 -137.431101 -115.885478 -107.359693 -100.816610 -88.455827 -86.283182 -81.565390 -77.682021 -79.592899 -82.306268 -94.259074 -103.043774 -97.274553 -91.039094 -84.561808 -77.005059 -63.894646 -48.091742 -30.028385 -8.909597 13.382457
-9999.0 -9999.0 -9999.0 -9999.0 -9999.0 -9999.0 -9999.0 -9999.0 -9999.0 -9999.0 -9999.0 -9999.0 -9999.0 -9999.0 -9999.0 -9999.0 -9999.0 -9999.0 -9999.0 -208.092231 -207.333139 -206.418266 -201.931137 -201.017615 -198.853378 -191.923134 -183.870208 -181.871454 -183.553415 -185.314814 -183.883203 -181.311859 -177.199364 -165.746577 -151.911597 -137.764987 -123.624091 -102.781369 -88.020635 -74.083524 -57.951211 -59.317728 -63.814961 -66.034554 -65.622349 -64.956506 -58.869214 -54.962002 -48.877001 -42.745716 -35.428544 -26.162908 -14.925584 4.154048 25.388822 47.073076 67.869447
-9999.0 -9999.0 -9999.0 -9999.0 -9999.0 -9999.0 -9999.0 -9999.0 -9999.0 -9999.0 -9999.0 -9999.0 -9999.0 -9999.0 -9999.0 -9999.0 -236.345723 -234.581438 -232.592795 -227.348818 -224.960970 -221.134845 -214.395622 -213.445239 -209.694447 -202.693135 -197.789533 -189.343259 -181.581841 -174.311066 -168.429425 -165.771913 -158.049464 -148.336499 -136.354395 -120.608711 -98.598859 -75.738301 -59.265723 -42.389693 -25.387317 -24.909257 -26.011063 -24.811964 -23.761310 -15.438081 3.429441 10.503138 14.739623 34.487736 49.883377 56.294387 64.694495 84.288073 110.090865 138.873008 173.602555
-9999.0 -9999.0 -9999.0 -9999.0 -9999.0 -9999.0 -9999.0 -9999.0 -9999.0 -9999.0 -9999.0 -9999.0 -9999.0 -280.716983 -276.643770 -267.577368 -259.475455 -257.379003 -253.602612 -248.040645 -236.022660 -232.636474 -226.532750 -219.012826 -207.694690 -199.272755 -190.100351 -178.346900 -169.872716 -162.627123 -155.429668 -148.752398 -134.869888 -119.239059 -103.015876 -82.399260 -60.346512 -38.756385 -17.038991 -1.145324 13.797585 17.865392 16.618145 18.869754 27.864224 47.376620 68.304126 82.549952 106.238906 132.366987 148.914706 163.781150 174.670332 189.360374 212.767256 251.984880 291.709520
-9999.0 -9999.0 -9999.0 -9999.0 -9999.0 -9999.0 -9999.0 -9999.0 -9999.0 -9999.0 -315.610976 -313.097699 -316.635896 -316.011442 -311.496499 -299.791475 -286.770678 -280.038299 -268.980156 -248.594779 -231.572535 -228.175436 -213.433253 -203.536147 -197.001128 -186.313074 -173.125353 -160.013041 -142.547948 -129.626566 -116.690196 -95.638317 -78.695394 -61.789155 -43.530024 -22.967912 -0.927994 30.591106 59.792705 75.883790 102.013847 117.723593 115.805267 117.004337 126.587174 146.669056 173.648537 203.900752 230.450065 260.340247 283.048026 299.449946 311.868358 326.023849 343.084463 376.416715 416.047799
-9999.0 -9999.0 -9999.0 -9999.0 -9999.0 -9999.0 -9999.0 -9999.0 -339.507998 -332.745018 -326.543092 -329.679796 -334.510056 -337.883045 -324.994069 -309.363081 -293.602907 -276.750118 -260.953274 -243.208140 -227.639855 -211.048371 -191.694756 -179.808713 -167.862155 -152.550095 -138.652132 -120.457137 -98.662460 -83.428377 -63.677932 -40.796396 -20.200896 -0.917904 18.966851 39.143364 70.175579 107.767551 144.064691 172.723378 204.499088 232.435014 234.858114 239.792793 246.596288 275.529055 308.630927 341.952471 371.373214 401.107535 431.282481 448.811235 459.920629 473.007427 488.758429 505.446852 530.683214
-9999.0 -9999.0 -9999.0 -9999.0 -9999.0 -9999.0 -365.154999 -341.148107 -326.513860 -334.400380 -342.699512 -346.107205 -349.680154 -330.351552 -309.167333 -292.489986 -275.975894 -258.782335 -242.548008 -227.848348 -192.623464 -175.974871 -160.777742 -140.812087 -126.439430 -111.996146 -94.132850 -69.786205 -45.611084 -11.522471 20.248406 49.530692 78.888379 101.569214 123.220448 145.997833 182.242207 224.685391 265.893037 299.419398 329.675968 360.917236 371.448594 378.650436 387.859867 407.508450 438.060634 468.515926 502.809070 535.194388 560.733216 572.626567 582.998546 594.398372 607.983591 621.349583 635.967202
-9999.0 -9999.0 -9999.0 -9999.0 -398.407857 -377.549978 -357.089663 -326.369111 -303.894084 -309.356077 -302.152361 -301.652327 -302.977808 -300.458398 -294.720234 -276.923994 -259.262040 -241.389585 -222.576588 -184.642886 -142.344795 -125.115755 -97.724130 -64.715595 -49.863405 -34.065677 -17.422684 7.317098 39.072254 77.702376 129.180633 174.050660 205.339202 232.676723 257.139782 283.481734 319.025628 358.481348 396.453037 431.670445 462.374553 487.526479 502.259598 511.040068 522.974925 538.216294 558.147681 584.534125 614.258491 646.225335 671.842207 686.813439 695.080859 705.463597 716.816259 730.438349 744.459322
-9999.0 -9999.0 -9999.0 -445.345608 -406.931456 -370.127232 -342.705819 -311.831616 -280.304302 -274.023135 -265.672349 -259.200990 -252.535786 -243.485699 -233.394717 -216.965665 -202.700877 -189.648824 -168.240335 -130.802013 -93.492342 -58.077766 -23.554154 8.896165 33.796932 51.540209 70.671989 97.832849 141.731344 186.617901 243.436432 301.594257 342.467425 369.653601 391.720500 418.576641 443.279044 477.946404 512.138001 544.164035 574.921735 599.781675 620.165828 629.391418 638.494415 647.604691 664.579196 685.567539 707.132003 735.864523 764.064811 786.270470 798.844430 807.563754 822.442770 837.425084 849.571711
-9999.0 -9999.0 -491.718394 -454.823059 -419.557136 -367.876943 -315.377091 -281.895166 -241.022720 -215.712123 -208.252421 -189.254154 -171.803400 -162.870983 -145.475702 -127.634157 -113.633992 -109.482881 -95.596726 -58.741566 -2.558140 50.296401 85.911979 145.266530 181.639337 207.682332 224.263016 252.132732 288.216152 335.036631 386.761535 437.535062 477.765328 509.525179 525.307525 543.349013 566.276497 588.887908 620.338913 648.728672 677.283168 702.830448 725.697627 736.392961 742.260074 757.066688 778.570910 801.059510 822.724388 843.623795 855.532337 861.620789 864.549345 866.405131 868.914866 870.777039 871.811220
-9999.0 -9999.0 -516.715351 -472.731839 -429.889873 -359.677183 -283.823594 -245.968359 -202.538084 -157.622693 -137.826900 -113.110317 -93.486484 -74.909491 -49.946939 -25.130567 -18.700058 -14.271358 -13.100059 44.687701 108.785801 176.674144 246.980431 310.308429 351.399317 362.981651 372.036784 391.689178 418.073794 463.519953 515.589570 568.548520 612.898926 643.246988 658.919597 675.285616 695.318280 714.563754 732.471656 766.265771 787.627651 810.500706 834.785725 854.456363 862.308288 864.407009 860.055891 864.573391 867.700346 869.272643 869.838980 866.845329 866.256897 866.946472 867.937692 862.951373 856.031876
-9999.0 -603.211686 -551.321465 -497.012023 -426.202649 -356.462644 -269.894786 -188.391205 -137.014616 -93.226913 -63.067291 -41.799090 12.823114 64.038073 92.959403 123.609155 123.554566 124.267392 118.120442 166.175099 226.381830 315.705952 428.420044 480.882049 512.455673 513.602066 509.026062 522.918305 549.548283 592.972589 657.932281 705.151386 753.229523 788.432509 801.534393 807.009914 823.029123 841.692311 846.085107 857.672450 862.493797 867.182895 867.008921 868.782220 869.660321 869.765728 866.523888 860.088147 851.842659 845.453372 840.827765 835.871348 837.956358 840.893460 841.568702 834.119484 824.936839
-9999.0 -637.269761 -576.852267 -504.069895 -431.631144 -353.961111 -240.954230 -110.236357 -61.497277 -24.518075 7.843864 55.431133 145.402323 215.984328 254.300368 296.127906 293.706417 284.115168 282.004442 319.480780 376.013657 451.744128 575.497145 650.856905 660.262426 666.386085 671.945334 695.046714 728.093645 762.476596 796.464077 817.191051 835.930134 845.524407 849.540436 851.712861 854.559385 855.858206 853.968795 850.751852 846.108664 846.492883 851.375976 851.709475 848.670367 844.881169 838.502973 829.776108 822.204437 814.969217 810.348116 806.158466 804.020955 803.853759 799.313392 792.862803 782.581445
-9999.0 -661.502545 -592.188235 -526.269308 -452.118520 -326.403450 -203.111925 -72.320019 19.837826 62.051995 112.240630 201.905145 300.507484 386.789182 433.153625 456.704293 465.819471 457.571412 472.966535 520.392884 586.490165 666.619557 731.984193 789.824327 792.450027 787.554252 774.920560 780.728236 789.537406 797.552709 808.278404 819.108646 831.016976 838.242003 839.501815 837.615998 833.725016 826.671380 822.028103 818.604760 814.154323 813.805008 817.892299 818.735202 814.758036 808.766524 802.437515 795.035962 787.009563 778.245501 772.736755 767.700702 764.779570 759.745522 754.608165 748.039446 734.213820
-9999.0 -748.717090 -664.695263 -602.530921 -467.366456 -301.049544 -175.969042 -19.834658 121.518732 176.017716 269.622793 377.138348 468.745412 531.280695 570.496428 610.449732 637.922374 663.722301 698.678627 699.913304 751.810434 793.239806 808.024080 811.883871 801.616832 793.724113 781.395642 761.996585 754.297296 753.037786 762.280435 777.579839 790.193605 801.410957 801.466866 801.275293 800.366935 796.685196 793.045713 784.837887 776.734182 771.290684 770.617306 775.709706 769.453757 764.206196 756.869511 747.813834 738.051880 728.990642 720.394297 712.905305 709.377946 703.288286 701.298626 693.343551 666.856552
-9999.0 -829.466512 -750.584541 -646.065451 -493.774714 -329.491318 -181.833385 -6.839731 193.131027 305.818677 409.620884 467.095421 533.331807 594.561541 654.350312 691.426709 711.391191 720.022143 722.099418 732.678845 714.958138 717.768811 736.562588 757.803245 761.176774 757.299251 744.268146 732.063136 726.636015 729.268316 733.469958 738.679682 743.113508 745.664461 744.335842 745.727932 749.503920 743.786634 736.094865 728.508492 721.469690 713.627005 708.488260 705.340453 702.749725 701.224577 692.982226 682.031037 670.982877 662.206881 653.817877 647.379361 644.602016 639.555970 632.456980 621.049714 594.100071
-9999.0 -916.461537 -801.465274 -698.314060 -562.045145 -420.829202 -282.232038 -109.861424 55.867198 271.621522 437.257202 496.828221 527.590875 572.952263 630.199254 686.925166 692.535988 665.236396 640.866120 631.545706 639.886438 654.240878 670.187881 688.824796 700.442957 704.392980 701.887361 692.844556 680.566954 674.899476 673.266665 668.761057 666.067450 668.027365 668.676455 674.724813 677.494670 668.624740 656.512407 641.794636 628.774572 618.973937 615.791098 616.308441 615.423284 611.606196 604.116594 593.656530 581.196144 569.752557 561.597753 555.701153 549.156790 540.075257 529.864340 518.251243 493.001128
-9999.0 -9999.0 -871.017892 -758.626842 -642.427165 -512.910974 -383.169137 -225.099858 -65.352161 129.281730 251.454530 355.007742 412.175387 453.270835 503.690122 551.460407 563.752401 576.136066 556.330910 559.818962 567.600906 575.756319 587.099589 598.885525 609.661247 616.239661 620.550161 618.064557 609.640650 595.788296 580.235867 569.092129 563.107218 558.733797 567.396264 578.176980 576.335331 569.983295 558.764429 543.867047 531.177156 518.130375 514.331236 514.627032 514.218269 510.895471 505.602950 492.942079 480.086267 467.617040 461.512802 455.219991 449.177232 438.269512 426.701544 413.433249 389.999829
-9999.0 -9999.0 -952.927409 -841.582124 -720.281270 -593.252013 -483.942765 -376.360486 -214.421052 -88.849181 16.959947 110.992140 187.364946 245.911008 290.328560 345.334881 375.677813 388.803774 399.385795 419.027687 441.750081 464.413953 479.866762 492.259488 504.469695 514.999491 522.686645 512.372259 502.340459 487.470104 469.016814 449.155890 439.056051 434.948574 438.809972 445.367621 440.575647 431.028660 417.117507 401.095593 387.916340 375.656774 371.233507 368.534712 367.321453 364.192233 360.369091 350.636550 338.234380 329.175308 320.676455 313.666934 309.565380 301.292571 290.566932 282.194799 262.057556
-9999.0 -9999.0 -9999.0 -913.656305 -815.515094 -729.618138 -631.610683 -554.259194 -456.601383 -340.555177 -234.724181 -132.108660 -65.125011 -10.596947 41.965404 92.698808 129.864079 153.043110 174.360452 227.829849 261.056178 300.348774 333.981571 350.422214 365.365693 380.156264 383.657190 374.772039 365.408880 350.244940 327.844308 305.158185 293.184032 294.770855 294.095654 295.136766 289.087153 283.760439 271.984785 258.196581 243.839771 233.801175 228.697658 223.223430 219.171928 214.637106 210.121524 203.041975 193.587190 183.589246 175.920022 172.109456 167.675751 161.955892 153.897260 144.740740 131.814211
