tests/Borden05m/sims/sim_1/output-maps/psiliqL0006N0009.asc
ncols         160
nrows         34
xllcorner     620200.000000
yllcorner     5168000.000000
cellsize      0.500000
NODATA_value  -9999.0
[rows 0 to 24 of 34, columns 57 to 113 of 160]
-9999.0 -9999.0 -9999.0 -9999.0 -9999.0 -9999.0 -9999.0 -9999.0 -9999.0 -9999.0 -9999.0 -9999.0 -9999.0 -9999.0 -9999.0 -9999.0 -9999.0 -9999.0 -9999.0 -9999.0 -9999.0 -9999.0 -9999.0 -9999.0 -9999.0 -9999.0 -9999.0 -9999.0 -9999.0 -9999.0 -9999.0 -9999.0 -9999.0 -9999.0 -9999.0 -9999.0 -9999.0 -9999.0 -9999.0 -9999.0 -9999.0 -9999.0 -9999.0 -9999.0 -9999.0 -9999.0 -9999.0 -9999.0 -9999.0 -9999.0 -9999.0 -9999.0 -9999.0 -9999.0 -9999.0 -9999.0 -9999.0
-9999.0 -9999.0 -570.508983 -576.185594 -581.818517 -587.141834 -596.570298 -606.066861 -615.086810 -619.273885 -620.368426 -621.437760 -621.989037 -616.778488 -608.996899 -601.505875 -594.338702 -592.088068 -589.750193 -587.451069 -586.971205 -588.385365 -591.740226 -595.114191 -598.612326 -600.103059 -608.678247 -620.302699 -629.456082 -632.283281 -627.715633 -623.132762 -620.551970 -614.228873 -603.130797 -592.000899 -583.245294 -571.415379 -565.946161 -560.613097 -557.068054 -560.867222 -564.175414 -567.536198 -571.804796 -582.684099 -9999.0 -9999.0 -9999.0 -9999.0 -9999.0 -9999.0 -9999.0 -9999.0 -9999.0 -9999.0 -9999.0
-588.882544 -585.697232 -596.437970 -601.325641 -604.861933 -607.364252 -612.896064 -622.029982 -627.757584 -633.510369 -635.321599 -635.575894 -635.718572 -631.623915 -621.986707 -614.096022 -609.396749 -607.130887 -604.829576 -604.616959 -605.173985 -605.690787 -608.703138 -612.217710 -615.714933 -617.569706 -617.778344 -625.495431 -630.810113 -634.046123 -635.049869 -632.625359 -630.326009 -627.454433 -617.597132 -609.076596 -600.546903 -586.358229 -573.967543 -568.596810 -570.722712 -575.537645 -578.890932 -584.791258 -594.131599 -604.423412 -615.095621 -622.256865 -627.390199 -632.163588 -625.795510 -619.312102 -608.614155 -597.956803 -585.673654 -573.359851 -9999.0
-605.597116 -602.953720 -614.152489 -622.962308 -627.299475 -627.599168 -625.915650 -630.040729 -635.066062 -639.059096 -631.824664 -630.836070 -629.853791 -626.841536 -623.382847 -621.585542 -618.884176 -613.709080 -604.879868 -602.424964 -602.056758 -602.065523 -604.002834 -607.213802 -609.069754 -611.931337 -617.233675 -618.096087 -617.607188 -617.428217 -612.030359 -610.539199 -609.363227 -616.583126 -613.292109 -606.862807 -599.797260 -592.383250 -585.022233 -579.822002 -582.627591 -583.760006 -591.670614 -605.076853 -616.362071 -624.905442 -627.520827 -630.375456 -637.684477 -649.325033 -642.284310 -626.475040 -621.508734 -617.369223 -605.037062 -592.528693 -582.243480
-622.209959 -619.545664 -625.017795 -624.594458 -623.550992 -622.390922 -624.373975 -627.710513 -629.093198 -616.129343 -606.781498 -605.395558 -602.733419 -599.673926 -601.430571 -614.263352 -617.178740 -608.588251 -598.116328 -592.253556 -592.318381 -592.521612 -593.958299 -595.114766 -595.792500 -598.407508 -597.164020 -594.470384 -593.415257 -588.018490 -582.314389 -579.622506 -588.780373 -598.192523 -597.876857 -590.159506 -582.158400 -574.544304 -563.084174 -550.814542 -551.991416 -557.583765 -566.166740 -579.616225 -602.869103 -622.735918 -632.805059 -638.771382 -645.231817 -646.118463 -647.594786 -637.031491 -634.870038 -632.920852 -623.814998 -613.217518 -602.944278
-609.803634 -601.662602 -608.319878 -614.806211 -619.061587 -618.932046 -618.906137 -615.360299 -601.778509 -587.887733 -572.496001 -570.195545 -567.931909 -568.431088 -578.876368 -589.541880 -594.306763 -578.924115 -563.224179 -554.995682 -554.096244 -553.134937 -544.336509 -546.883741 -550.196175 -556.297488 -553.713821 -550.241462 -537.829436 -530.230936 -523.567757 -525.656137 -537.661044 -548.686684 -550.861321 -549.272747 -547.670811 -541.685215 -530.623844 -519.642476 -524.228115 -531.757742 -542.388723 -571.853843 -600.364980 -617.356015 -615.994699 -615.026942 -619.128382 -621.918377 -625.503471 -633.171525 -633.236644 -633.370413 -633.544739 -621.222734 -608.820139
-564.559701 -548.252490 -554.905275 -564.377007 -576.542402 -576.665393 -573.143202 -564.822558 -551.323796 -532.038652 -507.202813 -503.187668 -499.003504 -494.402611 -505.597479 -518.327043 -530.994418 -515.560818 -505.774115 -496.154606 -491.942205 -478.893542 -467.676033 -473.185184 -482.895379 -492.777407 -485.838851 -470.078676 -453.819110 -447.059334 -443.560659 -442.516324 -452.741860 -458.556191 -462.307149 -462.873661 -467.701973 -465.199093 -452.713807 -435.625913 -435.062758 -447.796334 -472.423808 -509.645088 -546.336223 -569.919212 -565.929480 -571.958964 -577.496988 -581.842094 -596.094869 -607.768290 -607.947577 -617.329963 -623.474837 -611.819638 -605.574169
-518.489558 -500.085679 -503.857402 -516.355507 -529.322988 -529.398623 -520.813660 -511.570919 -491.841761 -464.999099 -435.970117 -418.761678 -406.370541 -395.103456 -404.163391 -416.250412 -428.282961 -423.684575 -408.190216 -391.797716 -374.422122 -354.823987 -335.646989 -340.924993 -352.038684 -354.467835 -348.340766 -325.555665 -304.204769 -294.831359 -289.200956 -280.580391 -288.391732 -301.201807 -315.691297 -329.636863 -341.921871 -349.699837 -331.161071 -311.881475 -316.124090 -351.849480 -387.007641 -428.715655 -470.250309 -508.080711 -515.235634 -515.842216 -517.584635 -533.796027 -549.778657 -569.879280 -581.650347 -590.621168 -606.074943 -601.582061 -595.372447
-413.524961 -389.731850 -381.361004 -397.176305 -401.713577 -395.549358 -381.500537 -372.817494 -352.758230 -307.066832 -239.574497 -170.161931 -120.361711 -111.201541 -125.518226 -148.730926 -185.289711 -203.210244 -173.168868 -139.593871 -111.545218 -95.297649 -84.558485 -78.464398 -79.141532 -79.109634 -77.171372 -74.238300 -69.483758 -64.635353 -60.015476 -54.728449 -53.957164 -60.966904 -67.239235 -74.394471 -80.782178 -82.360166 -83.204739 -77.967990 -79.936963 -101.567248 -148.984536 -226.321493 -297.900841 -350.483477 -385.349804 -390.086178 -408.951756 -429.832538 -455.571190 -496.086176 -517.799821 -535.892303 -567.304696 -572.354414 -560.411010
-238.200829 -195.223595 -154.743200 -147.912202 -139.708867 -131.511938 -118.651772 -106.598095 -97.023360 -71.184588 -40.748789 -8.874526 17.555284 26.512200 16.487390 4.422303 -9.735587 -19.499771 -15.662857 0.444476 18.565141 34.002456 43.243798 46.554852 45.425793 45.640212 46.505384 48.617701 49.696038 52.683022 57.654197 66.254896 77.542264 75.331454 61.787464 51.384425 39.202970 34.791576 33.187251 28.608757 27.256917 23.669535 -3.855662 -33.718317 -62.849470 -90.471925 -118.596867 -171.790849 -225.300054 -268.539584 -334.167095 -391.789238 -436.909865 -472.851455 -506.274201 -513.831381 -486.303432
-46.914508 -22.249015 -5.100470 1.677344 5.179433 9.332648 17.220965 24.484653 32.238639 47.489873 77.374972 111.703385 139.108111 142.904812 135.382312 126.187503 113.967361 106.605780 104.015737 110.566108 119.123666 132.851300 143.348789 155.180318 156.273632 156.636891 156.172200 157.209708 157.874667 157.192856 162.449770 171.608363 180.621329 182.978211 174.039489 158.267816 142.603488 135.871582 128.550719 120.410980 117.645413 116.330191 113.140770 92.957967 64.794310 29.334509 2.819317 -23.240299 -40.193951 -55.498549 -70.783008 -107.181482 -146.449895 -228.601039 -303.367887 -352.462703 -322.656525
57.397621 83.141682 102.802192 115.142617 117.829356 120.805717 129.072461 136.784003 147.277952 162.942262 182.339400 213.700676 237.837181 248.339611 246.125395 242.266282 223.759035 225.545455 221.105116 226.217520 227.308486 236.100980 245.083971 262.735720 268.906960 269.151640 267.202835 268.048076 268.074237 263.565055 267.403169 270.224428 275.996050 277.608358 274.457678 256.492804 239.601480 230.137131 220.034048 207.872492 200.980367 197.872641 195.559671 185.689222 164.205318 132.986562 100.699051 77.145071 61.124997 49.581066 41.511288 32.284633 14.521671 -16.682928 -52.885300 -81.977621 -92.862379
148.648894 172.027538 198.224531 222.577536 229.783517 232.032213 240.730758 250.912319 261.455239 280.888774 292.353368 307.119524 324.270911 332.686858 337.920798 340.081871 339.681584 342.398089 341.679766 337.561036 338.006747 339.447963 340.377544 344.693180 346.028450 345.854866 345.830164 345.951832 345.907577 345.313367 345.535589 344.083964 344.703921 344.568119 344.371451 340.446256 335.094554 321.361564 310.415171 301.519032 292.525760 279.641881 273.232361 260.969937 251.761913 224.163004 190.026746 161.171503 148.433458 140.378239 134.516716 129.752769 115.992060 96.794805 73.957747 45.840821 15.314626
249.040740 266.493858 289.928410 307.286662 316.777510 323.403617 328.244551 338.390162 348.139857 349.844000 350.766569 351.874226 352.828377 352.603318 352.775093 352.415291 350.367704 349.864476 348.757335 343.272833 334.108625 334.713965 336.152834 339.538662 343.135749 341.887630 342.527330 345.353983 343.743437 338.519853 335.002501 333.442133 333.717798 340.569127 343.282031 343.939123 344.184970 343.808666 343.364926 342.477556 341.344629 339.821901 339.091845 335.271985 327.336648 307.021216 276.081028 248.800040 232.065393 218.181707 216.044924 212.822412 206.802307 188.751180 163.307480 132.845534 100.887294
342.423536 350.292655 352.740050 354.011545 354.864846 355.934072 358.123257 357.412030 354.085917 350.106309 345.848323 344.793952 343.578795 341.461111 341.873024 339.756541 335.551035 331.684744 326.372945 315.860757 302.360102 295.626742 301.826185 311.542801 316.408803 319.086003 322.017114 323.635431 319.258567 311.496343 303.249652 301.254278 308.438257 314.297159 318.794801 319.402795 317.974571 316.292227 316.597246 314.519217 314.897458 320.353310 331.540445 339.140691 339.900757 339.446504 337.239184 334.588661 316.294222 295.908779 294.093909 293.073265 282.686025 262.274006 234.289114 206.557162 180.819000
349.071238 347.109221 341.718287 336.469434 335.889503 339.569579 345.765849 346.967477 339.514130 330.737728 323.941608 317.842309 316.338756 315.734959 314.846495 314.185968 307.393003 296.668148 284.340671 271.893019 253.378290 244.689237 246.269896 260.111349 270.868986 279.133055 283.382255 278.293367 271.331750 259.857961 246.030860 245.009444 250.072033 264.030769 276.871517 279.660774 280.047627 275.736703 272.355654 266.844534 265.352471 271.637339 282.436364 298.840788 312.652543 319.634284 326.443556 331.355592 337.405182 337.345542 337.404932 337.614506 333.983039 320.601598 301.501126 281.132275 258.399187
329.116191 324.216731 318.321467 312.573436 310.956619 313.911934 317.162118 313.765966 304.127416 288.224474 276.042264 266.638656 263.081355 269.396206 271.755508 270.865317 259.137708 239.858407 222.273619 208.710959 193.486239 189.505243 187.144191 188.211618 200.091291 215.447923 220.765922 209.212574 200.288067 186.529303 177.270515 174.408014 177.079849 187.935897 205.720150 221.419477 221.825697 213.109787 204.760108 200.295165 198.318074 205.438334 223.065397 243.556797 261.538648 268.364455 276.480504 280.488912 288.792624 300.753733 317.043799 327.590959 337.784771 338.773701 338.068715 336.611181 321.077179
299.188204 289.747294 286.436279 279.259471 273.248035 274.251874 272.915616 265.777788 250.796599 236.266485 223.794009 213.175471 201.641283 200.115054 197.745061 198.142412 184.849694 171.713807 152.715168 138.950597 125.448191 118.837184 115.126994 111.646172 119.331635 134.833990 143.592036 129.056312 119.551223 106.676789 100.148756 97.188977 98.652791 107.699217 128.844673 145.643411 150.780029 142.674171 135.959259 132.918719 132.428065 137.561445 152.920243 172.926883 192.894062 205.982809 214.790166 221.381701 231.410157 247.234843 266.665587 280.814649 296.732013 314.665806 327.540922 335.680952 340.814730
257.368789 246.293222 236.636520 225.908272 219.383626 220.419790 213.724416 206.601311 193.520209 152.672962 138.040503 123.061834 110.426003 105.672126 97.314802 91.548436 81.520832 74.550865 65.399711 53.169499 40.748814 30.011928 27.524451 24.899186 20.867996 28.469754 31.984872 30.407008 24.018352 17.327948 14.009322 11.896691 15.643835 27.312215 37.421240 46.505000 50.463425 45.724612 50.349386 55.745413 57.107269 71.735468 84.981448 101.074365 120.321598 140.372072 150.939869 159.078424 169.280579 184.778084 202.557453 219.634188 242.177149 268.948350 284.624115 294.930993 306.317381
210.039301 196.064085 184.078584 172.008514 160.133731 160.125214 156.132164 149.884818 118.409663 79.633944 52.383410 38.247046 21.360328 11.271649 -2.852180 -29.146729 -43.453827 -50.339668 -48.169109 -56.939303 -70.133503 -80.898013 -85.954844 -89.898481 -99.164523 -104.423405 -100.655929 -92.412514 -98.680023 -103.822664 -102.434771 -104.814694 -104.540088 -94.733745 -82.810140 -76.471612 -69.742434 -62.784474 -58.535504 -50.251272 -24.905751 -6.530024 9.761163 27.218109 45.621599 65.673066 82.728957 93.531058 105.673865 122.671972 137.973652 157.067208 179.381973 206.873555 224.857983 238.719721 251.473418
145.391197 130.835377 116.361459 100.528447 79.927902 76.478060 69.245599 58.228111 22.257303 -16.710952 -50.159189 -70.169340 -90.807870 -110.204690 -156.498255 -229.524785 -269.788420 -270.385038 -261.754851 -271.092638 -297.875915 -321.006848 -337.776800 -355.192609 -375.551549 -387.497246 -377.834920 -366.417003 -363.314268 -362.222323 -358.242404 -357.505031 -358.285043 -357.345800 -340.940361 -326.086321 -309.746116 -294.655973 -278.573939 -230.360708 -170.582227 -122.952256 -88.781117 -67.250178 -43.555992 -15.455879 7.603388 21.759154 37.642241 54.907045 73.076203 91.110754 113.164237 139.787119 161.188383 175.118795 188.608184
77.985942 58.535617 38.304121 7.542118 -11.795247 -24.727659 -36.865950 -64.163762 -101.719966 -163.765767 -245.156123 -296.723436 -337.732876 -374.366746 -411.969250 -444.860260 -465.859729 -459.240237 -452.162222 -443.878629 -458.132673 -471.915576 -479.677250 -494.586607 -509.115254 -522.850789 -514.176686 -504.851520 -490.209923 -487.102827 -484.172048 -478.492603 -480.174323 -482.056239 -487.446701 -477.968383 -467.917487 -454.904832 -428.148740 -399.810936 -369.812136 -340.707222 -306.439377 -264.071225 -206.989632 -135.911218 -88.320747 -65.437469 -43.914071 -17.548628 4.485950 21.498805 39.978473 63.022105 84.255843 101.084156 119.036509
-4.666923 -31.774647 -66.084900 -108.832609 -168.941643 -203.939340 -266.690706 -323.156084 -383.782410 -419.247572 -444.936329 -471.024811 -494.094981 -515.792911 -542.884627 -566.271894 -588.736365 -584.381405 -572.295992 -558.733378 -567.109325 -572.178590 -575.559670 -587.285910 -600.751413 -614.105485 -610.357337 -596.006057 -579.709830 -573.698885 -567.834432 -560.645883 -560.781576 -566.963337 -575.371488 -570.024699 -557.396212 -542.200326 -520.449713 -497.892064 -475.853075 -455.398088 -431.843470 -405.508843 -376.085779 -339.411300 -294.620635 -255.076564 -197.374543 -125.773186 -85.112642 -68.247646 -51.638011 -24.266980 -0.576380 20.624210 39.607679
-116.507388 -182.948487 -273.557843 -346.295496 -403.982944 -442.743142 -477.671061 -510.681423 -532.683064 -552.158733 -570.781396 -589.179366 -609.023908 -628.376706 -647.748755 -668.931975 -689.115127 -683.774418 -670.127470 -656.905546 -655.453091 -658.405112 -661.385154 -669.419816 -682.731386 -695.233440 -687.409499 -672.023457 -656.755091 -647.416014 -641.021378 -634.765441 -637.639615 -645.829920 -653.514229 -646.159946 -631.429369 -616.823097 -599.292018 -578.439065 -557.484553 -536.681386 -514.711909 -492.369648 -467.301326 -440.675632 -412.522726 -383.585144 -352.424548 -315.800310 -288.891107 -260.630621 -228.812240 -172.060064 -114.885166 -83.418382 -59.376693
-363.716663 -400.987659 -441.220658 -484.442338 -517.616250 -549.116154 -579.070297 -608.507238 -632.014431 -649.643590 -659.640338 -674.032371 -693.090816 -706.545785 -723.122969 -743.174251 -745.453864 -741.142448 -727.989130 -724.872305 -724.078799 -727.025459 -728.105174 -733.223157 -745.785389 -741.008492 -733.027808 -717.860736 -706.831045 -697.703668 -691.442254 -687.272254 -688.236119 -695.999411 -694.004728 -686.832543 -672.368332 -660.793855 -645.627068 -625.109075 -608.125480 -589.126002 -567.829726 -545.788425 -522.338341 -497.338006 -470.125854 -444.891543 -423.211476 -411.018341 -397.298318 -386.758756 -387.763831 -365.541283 -338.691872 -306.276105 -258.729890
