tests/Borden05m/sims/sim_1/output-maps/psiliqL0012N0006.asc
ncols         160
nrows         34
xllcorner     620200.000000
yllcorner     5168000.000000
cellsize      0.500000
NODATA_value  -9999.0
[rows 0 to 24 of 34, columns 0 to 55 of 160]
-9999.0 -9999.0 -9999.0 -9999.0 -9999.0 -9999.0 -9999.0 -9999.0 -9999.0 -9999.0 -9999.0 -9999.0 -9999.0 -9999.0 -9999.0 -9999.0 -9999.0 -9999.0 -9999.0 -9999.0 -9999.0 -9999.0 -9999.0 -9999.0 -9999.0 -9999.0 -9999.0 -9999.0 -9999.0 -9999.0 -9999.0 -9999.0 -9999.0 -9999.0 -9999.0 -9999.0 -9999.0 -9999.0 -9999.0 -9999.0 -9999.0 -9999.0 -9999.0 -9999.0 -9999.0 -9999.0 -9999.0 -9999.0 -9999.0 -9999.0 -9999.0 -9999.0 -9999.0 -9999.0 -9999.0 -9999.0
-9999.0 -9999.0 -9999.0 -9999.0 -9999.0 -9999.0 -9999.0 -9999.0 -9999.0 -9999.0 -9999.0 -9999.0 -9999.0 -9999.0 -9999.0 -9999.0 -9999.0 -9999.0 -9999.0 -9999.0 -9999.0 -9999.0 -9999.0 -9999.0 -9999.0 -9999.0 -9999.0 -9999.0 -9999.0 -9999.0 -9999.0 -9999.0 -9999.0 -9999.0 -9999.0 -9999.0 -9999.0 -9999.0 -9999.0 -9999.0 -9999.0 -9999.0 -9999.0 -9999.0 -9999.0 -9999.0 -9999.0 -9999.0 -9999.0 -9999.0 -9999.0 -9999.0 -9999.0 -9999.0 -9999.0 -9999.0
-9999.0 -9999.0 -9999.0 -9999.0 -9999.0 -9999.0 -9999.0 -9999.0 -9999.0 -9999.0 -9999.0 -9999.0 -9999.0 -9999.0 -9999.0 -9999.0 -9999.0 -9999.0 -9999.0 -9999.0 -9999.0 -9999.0 -9999.0 -9999.0 -9999.0 -9999.0 -9999.0 -9999.0 -9999.0 -9999.0 -9999.0 -9999.0 -9999.0 -9999.0 -9999.0 -9999.0 -9999.0 -9999.0 -9999.0 -9999.0 -9999.0 -9999.0 -9999.0 -9999.0 -9999.0 -9999.0 -9999.0 490.804844 473.494439 457.646144 455.592250 478.306781 501.832252 525.747146 546.451613 565.205548
-9999.0 -9999.0 -9999.0 -9999.0 -9999.0 -9999.0 -9999.0 -9999.0 -9999.0 -9999.0 -9999.0 -9999.0 -9999.0 -9999.0 -9999.0 -9999.0 -9999.0 -9999.0 -9999.0 -9999.0 -9999.0 -9999.0 -9999.0 -9999.0 -9999.0 -9999.0 -9999.0 -9999.0 -9999.0 -9999.0 -9999.0 -9999.0 -9999.0 -9999.0 -9999.0 -9999.0 -9999.0 -9999.0 -9999.0 -9999.0 538.285675 544.228366 545.595139 535.107808 523.951997 511.902761 491.983787 474.220711 459.267557 456.773094 459.566245 464.972456 487.841300 512.587785 532.390101 549.674669
-9999.0 -9999.0 -9999.0 -9999.0 -9999.0 -9999.0 -9999.0 -9999.0 -9999.0 -9999.0 -9999.0 -9999.0 -9999.0 -9999.0 -9999.0 -9999.0 -9999.0 -9999.0 -9999.0 -9999.0 -9999.0 -9999.0 -9999.0 -9999.0 -9999.0 -9999.0 -9999.0 -9999.0 -9999.0 -9999.0 -9999.0 -9999.0 -9999.0 -9999.0 445.575541 463.118844 481.313966 499.810308 516.619651 523.453288 529.374960 535.217255 531.235030 526.655937 515.433549 496.559684 477.104605 463.278614 461.156462 458.828067 463.354931 476.506415 493.495120 509.986622 531.153885 554.803576
-9999.0 -9999.0 -9999.0 -9999.0 -9999.0 -9999.0 -9999.0 -9999.0 -9999.0 -9999.0 -9999.0 -9999.0 -9999.0 -9999.0 -9999.0 -9999.0 -9999.0 -9999.0 -9999.0 -9999.0 -9999.0 -9999.0 -9999.0 -9999.0 -9999.0 -9999.0 -9999.0 -9999.0 449.595538 443.731072 438.723474 437.315019 436.109979 435.074642 442.043619 454.300658 472.551610 494.331945 507.405362 514.762002 521.519372 522.426561 517.614118 515.724954 516.174833 504.559536 493.076513 482.358503 472.069790 470.877907 480.724074 495.062162 511.523185 526.669033 542.379052 554.082647
-9999.0 -9999.0 -9999.0 -9999.0 -9999.0 -9999.0 -9999.0 -9999.0 -9999.0 -9999.0 -9999.0 -9999.0 -9999.0 -9999.0 -9999.0 -9999.0 -9999.0 -9999.0 -9999.0 -9999.0 -9999.0 -9999.0 -9999.0 419.843428 425.738071 432.294308 439.771431 440.733361 436.650379 431.095842 428.109837 426.698076 425.151090 429.736519 438.059844 451.847763 467.898831 489.904613 498.725800 505.201041 517.708399 520.507397 526.149268 530.409542 528.892924 526.337720 514.277390 505.440119 511.034924 517.376236 524.457219 532.700741 546.397963 562.274048 580.192107 601.004422
-9999.0 -9999.0 -9999.0 -9999.0 -9999.0 -9999.0 -9999.0 -9999.0 -9999.0 -9999.0 -9999.0 -9999.0 -9999.0 -9999.0 -9999.0 -9999.0 -9999.0 -9999.0 -9999.0 394.910013 395.801209 396.936822 401.602293 402.485735 404.697215 411.745414 419.958821 422.307555 420.724652 419.330882 420.995023 423.844718 428.323733 439.891530 453.955991 468.404741 482.680704 503.889193 518.993354 533.039672 549.409049 548.818540 544.965668 543.348272 544.189197 544.968797 550.210018 553.824950 560.536692 566.314849 573.601190 583.494510 595.435645 614.440325 635.186209 656.032967
-9999.0 -9999.0 -9999.0 -9999.0 -9999.0 -9999.0 -9999.0 -9999.0 -9999.0 -9999.0 -9999.0 -9999.0 -9999.0 -9999.0 -9999.0 -9999.0 366.422431 368.274688 370.444022 375.808935 378.557124 382.554117 389.492691 390.706095 394.570380 401.775406 406.807648 415.631304 423.748039 431.250844 437.418614 440.354363 448.196563 458.179910 470.455620 486.295891 508.414577 531.869018 548.672721 565.976198 583.467885 584.484682 583.873702 585.540915 586.788068 594.479711 613.115249 620.120938 623.322348 641.920475 657.393503 663.901821 672.627421 692.487389 717.462170 743.334119
-9999.0 -9999.0 -9999.0 -9999.0 -9999.0 -9999.0 -9999.0 -9999.0 -9999.0 -9999.0 -9999.0 -9999.0 -9999.0 320.886159 325.055394 334.481757 343.318323 345.742256 349.901073 355.837211 368.054262 371.689650 377.980690 385.656957 397.444163 406.148427 415.511717 427.538311 436.233922 443.765010 451.190287 457.603768 471.504926 487.337816 503.769371 524.686608 547.278182 568.833535 590.415019 606.874670 621.660863 625.066655 624.633264 627.670036 636.668827 655.636090 676.287411 688.581681 710.319555 736.128120 752.534119 767.030031 777.807589 792.634950 815.557261 853.043158
-9999.0 -9999.0 -9999.0 -9999.0 -9999.0 -9999.0 -9999.0 -9999.0 -9999.0 -9999.0 286.994052 289.453206 286.064234 286.271366 291.213474 303.253513 316.774889 323.530521 335.003879 355.811342 373.390902 377.004011 391.781295 402.033079 408.907552 419.748404 433.203369 446.486892 463.978039 477.109489 489.778561 510.490008 527.754294 545.107077 563.808811 584.973630 606.519656 637.061286 665.827866 680.932335 705.569587 719.274732 717.807803 719.499375 729.993944 749.192135 774.582065 802.852917 829.098732 859.515193 882.712015 900.974111 914.685688 929.600553 947.938862 985.526989
-9999.0 -9999.0 -9999.0 -9999.0 -9999.0 -9999.0 -9999.0 -9999.0 262.675290 269.822729 276.065013 273.115804 268.590874 265.037089 278.529253 294.427474 310.512334 327.951118 344.034638 362.206859 377.811319 394.422199 414.273013 426.335486 438.448357 454.149114 468.381728 486.518535 508.637116 523.139112 541.896349 564.653972 584.903692 604.350423 624.593673 644.755578 674.290268 710.681595 745.781381 772.508975 803.309724 829.542551 831.640442 836.912568 844.582976 874.545216 909.264857 945.254788 977.237870 1011.400174 1047.098598 1069.350447 1083.052311 1097.703394 1114.829806 1135.032432
-9999.0 -9999.0 -9999.0 -9999.0 -9999.0 -9999.0 236.148242 260.367977 275.322966 267.557257 258.511626 255.121054 251.449335 273.199263 295.010516 312.226538 329.195990 346.875985 363.542976 377.575684 412.254713 429.877458 445.005764 464.347369 479.329035 494.426276 512.718791 537.261068 560.934341 593.386743 622.663895 649.802788 678.324163 700.481794 721.989033 743.953382 779.187375 820.778046 862.262416 896.762576 928.605728 962.173048 973.133087 981.997299 993.452542 1018.614108 1055.485605 1091.100008 1129.787464 1166.597040 1197.150044 1212.277686 1224.577568 1236.858065 1250.796888 1263.965485
-9999.0 -9999.0 -9999.0 -9999.0 202.709014 223.664412 244.000788 274.849402 297.556708 292.567275 299.723240 300.289306 298.965839 302.494963 309.236660 327.504477 345.990859 364.728546 383.339308 419.982630 463.699715 480.533851 506.818508 539.848925 554.731590 571.008481 588.313076 613.071069 643.028255 679.729421 727.744978 769.314413 798.852920 825.543196 850.765638 878.083534 916.831397 960.068715 1003.412644 1044.597590 1079.883450 1108.568814 1124.165657 1134.322826 1148.851666 1168.412939 1193.286657 1223.529493 1256.366493 1289.925222 1316.572198 1331.821289 1340.373455 1350.797999 1361.050561 1372.841400
-9999.0 -9999.0 -9999.0 154.399666 193.017634 230.473656 257.843945 288.970031 321.108517 326.857851 335.946379 342.029729 348.170366 357.416697 367.119095 384.318232 400.009907 415.015498 437.238368 474.823868 511.500488 544.514582 578.337044 608.306510 631.652795 649.326061 669.302740 696.067011 739.118159 781.485395 836.639212 894.794484 936.667620 966.047744 992.811651 1025.483821 1056.168371 1097.200256 1137.362205 1175.261276 1210.206505 1236.790955 1256.827491 1265.461747 1275.810117 1286.287515 1304.582492 1326.940995 1348.855342 1377.001740 1404.650986 1427.854659 1440.912499 1449.894763 1464.674276 1479.412870
-9999.0 -9999.0 107.531190 144.987282 179.717888 230.751400 283.725076 318.019994 359.307686 384.348531 392.095779 410.791780 428.261456 437.029844 454.085053 472.105889 488.572929 494.642131 510.705054 544.746723 598.067791 647.536023 676.081783 731.659451 767.447127 795.800749 814.959459 844.704283 883.667572 931.567222 986.392980 1041.856112 1085.519799 1120.815487 1141.061944 1164.272767 1191.181765 1217.891934 1253.689274 1284.836247 1316.398306 1342.227076 1363.629212 1371.148984 1376.440757 1392.069245 1415.444103 1439.813434 1462.697648 1484.519230 1491.535961 1500.515820 1504.802107 1507.380255 1510.952164 1513.508730
-9999.0 -9999.0 81.592575 126.154314 167.756454 236.139780 314.379263 352.321776 396.100050 442.367775 462.679058 488.562892 505.460804 520.512929 545.642619 569.884333 580.078618 586.392839 587.502782 644.647302 706.310540 765.912220 825.862330 894.065761 940.865295 958.517348 973.068826 997.666825 1028.033057 1076.520677 1129.617240 1185.267611 1231.480788 1264.104343 1282.124841 1301.641596 1323.394250 1342.574134 1362.001393 1399.455262 1424.484864 1448.215789 1472.947768 1492.152831 1500.174996 1503.365067 1496.198952 1504.008589 1509.561670 1512.482868 1513.900370 1511.291232 1511.146854 1512.233919 1513.610461 1509.145972
-9999.0 -6.279031 45.819243 99.651156 169.605658 238.286728 323.483060 404.753457 460.016341 507.035762 538.553846 557.299215 604.568111 653.065112 681.981543 711.513238 714.014274 717.859048 710.676271 759.783256 816.274223 901.371314 1018.193714 1078.361936 1121.803427 1127.820267 1127.106217 1144.166170 1172.633568 1217.682209 1283.248285 1329.292352 1379.490475 1417.321869 1432.148219 1439.327371 1456.915399 1476.588109 1472.356727 1490.332991 1498.673379 1505.538738 1506.734815 1508.630310 1510.265004 1511.443615 1509.465817 1504.449853 1498.021142 1493.703282 1490.725578 1487.012991 1490.005750 1493.699705 1495.046573 1488.844723
-9999.0 -41.112205 18.855636 91.088114 162.996349 235.802874 344.267749 482.258001 534.916878 574.239806 604.719439 642.902619 730.541485 802.901720 842.610495 888.042245 885.311029 875.989621 868.929344 905.906318 962.205606 1041.028568 1179.359883 1264.294084 1288.988581 1302.750224 1313.157572 1340.900435 1377.163520 1411.659708 1442.150632 1449.181730 1470.648517 1481.835898 1486.291225 1489.147488 1493.460351 1495.199755 1494.406829 1492.178631 1488.776822 1489.914381 1494.591262 1495.301156 1493.700491 1492.018208 1487.949044 1481.898315 1477.800356 1474.527819 1472.880882 1470.706345 1469.792522 1470.412368 1466.698137 1461.655770
-9999.0 -68.286656 2.111020 66.940617 136.540273 256.711696 382.018942 516.126644 610.051158 652.985248 694.373290 780.978167 890.480146 991.779111 1047.651645 1075.604847 1082.164018 1067.654446 1076.689756 1122.475111 1187.617813 1273.576975 1354.471395 1425.461781 1439.592516 1445.372183 1433.423772 1446.493832 1458.777064 1463.540838 1467.247594 1471.604786 1478.579523 1482.977033 1483.543136 1482.505630 1479.612421 1473.438564 1469.946523 1467.994389 1465.621455 1466.081346 1469.428305 1471.171449 1469.697437 1467.168003 1464.147854 1460.078901 1455.658302 1450.660525 1448.078205 1445.065748 1443.472037 1439.073710 1434.740566 1428.903699
-9999.0 -162.118025 -75.683741 -17.074882 107.648553 278.517922 405.046112 558.634346 703.241005 754.097332 848.137093 977.120967 1090.462160 1170.245806 1216.974349 1260.884771 1290.118861 1314.519970 1348.215708 1324.757837 1375.559598 1423.116355 1443.705144 1454.645307 1456.273163 1459.971386 1455.489429 1440.129078 1433.310704 1429.770599 1434.032555 1443.261837 1450.434986 1457.304543 1456.514715 1458.028850 1458.820923 1456.264612 1453.529296 1446.348751 1439.559810 1434.586083 1433.539607 1439.366329 1435.362705 1433.318839 1429.035770 1423.026286 1416.435467 1410.583517 1404.449219 1398.697160 1396.162560 1390.321473 1387.991594 1379.005229
-9999.0 -243.158350 -165.114074 -68.256806 76.983898 241.743477 380.664705 552.006970 756.383752 877.331732 1007.072144 1090.735819 1176.307770 1247.983427 1314.941811 1359.786322 1383.783274 1393.924637 1389.334473 1398.654996 1371.218233 1366.717426 1384.453146 1410.233914 1423.440004 1429.116293 1423.241994 1415.472617 1411.392114 1412.979222 1414.028210 1414.696427 1414.725758 1413.836732 1411.517023 1413.753657 1418.436441 1412.910266 1404.993631 1397.194145 1390.002417 1381.906382 1376.612004 1373.732726 1372.973546 1373.676198 1367.775982 1359.310607 1350.738418 1344.295749 1337.846070 1332.691226 1329.905367 1323.790787 1314.113488 1299.326891
-9999.0 -336.503850 -217.856658 -119.073733 10.101240 149.664299 282.784108 451.668797 609.720382 832.569399 1008.966404 1111.513664 1163.073573 1225.616406 1290.329344 1356.497218 1364.788152 1339.335300 1312.346235 1300.431378 1306.213563 1316.520983 1330.296345 1350.126859 1367.418127 1377.693925 1380.824355 1375.191759 1363.960928 1357.121368 1352.799374 1345.078681 1339.488149 1339.202979 1339.687449 1346.193807 1348.350321 1338.887730 1325.396066 1308.569278 1293.526638 1282.094716 1278.351355 1279.169186 1279.196800 1276.396467 1270.561394 1261.564796 1250.626273 1240.395854 1233.608590 1228.147081 1220.496339 1208.663414 1194.134962 1176.713648
-9999.0 -9999.0 -290.645029 -178.484682 -65.897062 60.798473 183.942113 335.633574 492.139583 682.757652 811.778740 943.686062 1021.388553 1074.605188 1132.519441 1190.768542 1211.856480 1231.563765 1216.030120 1220.933573 1227.934537 1234.359612 1244.561648 1256.800895 1270.504300 1281.020689 1289.114955 1288.233073 1280.308580 1264.995761 1246.846829 1233.133369 1225.321334 1219.161858 1227.727570 1238.181258 1234.801447 1226.810622 1212.786289 1194.158475 1177.896464 1161.777549 1156.266184 1155.707411 1155.366769 1152.491055 1148.118624 1135.973033 1123.751120 1112.217299 1106.695685 1100.091235 1093.007096 1079.374802 1063.279720 1044.104405
-9999.0 -9999.0 -374.205543 -263.645463 -145.228081 -19.465134 85.990271 177.704114 336.265732 459.411402 568.802791 671.378552 757.074965 824.810423 876.665544 943.068326 985.311877 1003.843172 1021.825861 1047.889200 1072.583581 1098.232684 1115.813680 1129.489596 1144.377237 1158.287043 1167.780154 1157.123732 1146.362988 1130.015632 1109.505150 1087.464599 1075.996049 1071.852049 1074.289024 1079.252769 1072.775614 1061.279459 1044.009104 1023.961123 1006.535099 991.407841 984.998232 980.731589 978.905929 975.699929 972.182602 963.185457 951.580211 943.480118 935.034442 928.137523 923.474139 914.097287 901.246710 890.233645
