tests/Borden05m/sims/sim_1/output-maps/psiliqL0008N0013.asc
ncols         160
nrows         34
xllcorner     620200.000000
yllcorner     5168000.000000
cellsize      0.500000
NODATA_value  -9999.0
[rows 0 to 24 of 34, columns 57 to 113 of 160]
-9999.0 -9999.0 -9999.0 -9999.0 -9999.0 -9999.0 -9999.0 -9999.0 -9999.0 -9999.0 -9999.0 -9999.0 -9999.0 -9999.0 -9999.0 -9999.0 -9999.0 -9999.0 -9999.0 -9999.0 -9999.0 -9999.0 -9999.0 -9999.0 -9999.0 -9999.0 -9999.0 -9999.0 -9999.0 -9999.0 -9999.0 -9999.0 -9999.0 -9999.0 -9999.0 -9999.0 -9999.0 -9999.0 -9999.0 -9999.0 -9999.0 -9999.0 -9999.0 -9999.0 -9999.0 -9999.0 -9999.0 -9999.0 -9999.0 -9999.0 -9999.0 -9999.0 -9999.0 -9999.0 -9999.0 -9999.0 -9999.0
-9999.0 -9999.0 -189.530231 -195.159489 -200.676907 -205.871177 -215.150965 -224.559886 -233.380691 -237.456119 -238.427513 -239.338683 -239.756755 -234.430359 -226.468004 -218.815367 -211.539299 -209.147496 -206.693663 -204.335286 -203.793882 -205.115583 -208.413010 -211.753670 -215.219015 -216.718864 -225.180417 -236.774814 -245.858600 -248.665597 -244.116309 -239.536590 -236.953246 -230.722906 -219.662346 -208.549491 -199.780957 -187.871801 -182.276101 -177.023724 -173.719661 -177.730768 -181.265898 -184.924724 -189.592845 -200.639483 -9999.0 -9999.0 -9999.0 -9999.0 -9999.0 -9999.0 -9999.0 -9999.0 -9999.0 -9999.0 -9999.0
-207.412841 -204.119882 -214.989154 -219.885042 -223.333679 -225.680120 -230.999026 -239.968769 -245.518436 -251.097488 -252.819292 -252.884715 -252.865815 -248.655516 -238.765239 -230.746677 -225.926750 -223.489326 -220.999748 -220.832746 -221.308188 -221.716038 -224.657542 -228.128572 -231.583561 -233.413632 -233.453424 -241.141040 -246.499529 -249.768371 -250.920837 -248.451317 -246.122643 -243.107217 -233.315214 -224.834814 -216.335176 -202.045258 -189.610151 -184.297825 -186.630324 -191.663918 -195.358301 -201.719501 -211.492644 -221.999672 -232.577556 -239.856475 -245.256591 -250.424456 -244.261920 -237.819647 -227.402468 -217.042607 -204.853287 -192.581077 -9999.0
-223.571886 -220.753851 -231.779360 -240.408061 -244.880489 -244.975462 -242.976147 -246.847196 -251.646898 -255.742499 -247.983006 -246.748856 -245.579545 -242.373602 -238.932013 -236.721576 -233.926699 -228.567108 -219.534514 -216.863412 -216.335755 -216.210943 -218.052080 -221.199116 -223.019468 -225.833350 -231.067802 -231.940528 -231.440183 -231.303538 -225.963282 -224.453893 -223.181519 -230.318143 -226.978342 -220.585461 -213.532673 -206.294342 -199.066074 -194.217233 -197.296878 -198.631273 -207.027895 -220.954064 -232.598788 -241.457738 -244.135472 -247.309764 -254.981171 -267.096873 -260.200964 -244.593499 -239.838153 -236.006813 -223.908264 -211.481166 -201.180545
-238.809157 -235.855015 -241.089338 -240.347434 -239.075936 -237.717706 -239.450645 -242.507753 -243.780269 -230.597872 -220.856277 -219.042451 -216.063842 -212.694502 -214.111143 -226.707447 -229.444403 -220.743086 -210.035992 -203.929214 -203.687532 -203.650973 -205.082358 -206.123706 -206.698295 -209.167434 -207.948406 -205.145657 -204.151650 -198.765748 -192.945286 -190.199833 -199.120395 -208.642999 -208.319451 -200.655219 -192.628020 -185.045534 -173.737595 -161.766037 -163.152513 -169.226706 -178.570138 -192.811005 -216.835903 -237.194244 -247.898120 -254.527390 -261.502523 -262.443432 -264.604246 -254.092263 -252.270181 -250.530790 -241.805908 -231.381362 -221.193227
-224.316930 -215.848830 -222.083948 -228.072323 -231.824144 -231.350885 -231.012719 -227.207974 -213.353717 -198.738726 -182.778518 -179.650275 -176.788235 -176.983757 -187.052199 -197.745621 -202.283194 -186.812089 -170.541357 -161.789114 -160.429114 -159.394257 -150.756911 -152.839093 -155.725705 -161.421469 -158.722465 -155.290828 -143.059494 -135.055517 -128.075219 -130.045806 -142.226376 -153.699729 -156.083329 -154.492567 -152.649311 -146.663897 -135.752943 -125.160932 -130.284718 -138.657395 -150.413780 -181.047116 -210.574782 -228.622856 -228.324507 -228.165035 -233.011379 -236.415929 -240.413457 -248.340618 -248.902631 -249.559646 -250.111415 -238.079891 -225.837099
-175.086591 -158.144795 -164.045587 -172.922291 -184.372269 -183.982791 -180.038368 -170.977978 -156.432643 -136.077412 -109.832120 -104.534754 -99.502226 -94.859247 -105.903159 -118.718942 -131.099228 -114.958817 -104.380180 -94.098974 -89.480353 -76.465402 -65.134136 -70.170883 -79.382299 -89.102398 -81.935027 -66.531111 -49.860093 -42.455300 -38.513737 -38.078298 -48.700339 -55.086014 -58.947301 -59.493835 -64.089564 -61.231223 -49.242866 -32.903444 -33.371082 -46.697028 -72.897819 -112.401836 -150.887135 -175.751689 -172.928206 -180.300732 -187.198794 -192.426348 -207.604205 -219.998434 -220.908149 -230.977809 -237.661324 -226.424222 -220.496106
-121.824423 -101.911667 -104.821680 -116.237581 -128.773180 -128.290002 -119.043751 -108.250071 -86.855129 -58.584407 -28.644204 -12.634653 -2.903719 7.798801 0.773681 -9.639519 -19.817105 -13.150071 1.390343 16.275010 30.546013 46.094920 60.186648 53.345019 42.539218 39.441389 45.081937 65.211135 83.299924 90.489506 93.944583 98.871969 91.627770 82.207404 71.612475 61.762999 52.855621 47.354285 64.326255 80.453672 77.123497 48.629101 18.409146 -22.547787 -65.806033 -105.117710 -113.294921 -116.639002 -120.278420 -138.141937 -156.056232 -177.078361 -189.850175 -200.179153 -216.371378 -212.378479 -206.926791
-7.959415 16.364786 23.105472 8.572742 3.828618 10.044046 23.636533 32.144189 49.930983 83.996534 125.912875 156.029608 180.644943 185.988740 177.061073 167.090017 152.317928 146.829380 161.895957 175.487514 188.236802 200.301163 212.345510 219.244852 217.964921 217.906513 220.859549 225.954835 233.275186 240.208008 246.461592 252.914555 252.734367 243.313366 234.752970 224.639771 215.810542 212.809577 212.271607 219.589408 217.562757 194.775763 165.297175 129.478234 85.317403 45.325691 17.896534 15.402421 -2.777691 -25.617166 -52.917958 -94.711444 -117.732157 -137.650651 -170.472651 -176.776336 -166.702439
131.572718 152.032938 169.642158 169.653075 173.187088 177.580953 184.868158 191.057278 200.052013 233.183677 269.674074 301.819511 327.460993 337.108802 327.971274 318.185729 306.687078 297.170359 298.725197 312.019067 328.102358 343.386837 353.734643 357.292222 356.025204 356.275720 357.726439 360.656554 363.135697 368.006232 374.459022 384.396729 395.992429 392.102888 375.889175 363.006790 348.076110 341.495156 338.441550 334.003731 332.952802 328.629005 301.452720 273.362467 240.092716 206.607755 181.634516 160.253853 136.398554 109.013678 57.167484 8.558063 -32.766411 -67.396921 -101.682584 -110.093491 -85.595560
263.563607 290.275064 306.567668 312.268893 315.652590 319.851735 326.980194 333.280131 341.796880 361.935664 397.215297 433.885417 464.482919 470.894704 463.498321 453.487805 442.208298 433.412802 429.951760 435.760510 445.409169 459.166395 470.212477 480.271486 480.819300 481.234537 480.947496 482.242754 484.080345 485.203277 490.172713 500.200786 509.408556 511.510349 500.545133 484.903031 467.663302 458.000250 448.634939 441.095570 439.480314 439.187121 435.033565 412.578488 378.764988 336.218013 306.626988 282.900846 267.520765 249.987326 228.374475 183.031530 154.862830 117.327935 73.964451 40.732825 71.156101
376.631177 405.951644 425.807551 436.476865 439.860980 445.469920 454.024366 461.774301 473.118321 488.899033 509.733370 537.463728 566.295179 585.224521 583.074173 572.548137 556.074325 553.476449 551.162964 552.496937 559.622717 565.555328 578.548000 590.975163 597.229169 597.962843 595.471061 595.821575 597.698439 597.714118 596.274969 599.791294 604.502931 607.621758 603.180579 590.995170 573.149890 556.529394 543.260339 536.128857 531.918997 531.144265 528.943260 518.136611 491.826353 455.799082 420.899452 395.799850 377.458602 363.015415 351.881650 338.186398 321.450991 292.664129 250.946600 213.676872 202.965352
477.809502 502.210766 526.285250 544.687583 552.781234 563.674926 570.115619 580.911392 595.702411 611.103097 624.181550 639.542914 659.693246 670.980779 676.675098 677.624027 677.010796 679.014435 678.342825 667.659399 669.645049 671.024695 673.695742 677.929493 679.583041 679.765127 679.383892 679.622466 679.930735 680.026522 679.035039 677.945043 678.303515 678.634742 677.769405 674.086199 670.863262 654.884766 642.208666 634.214695 626.413337 617.773890 608.296220 598.558029 582.908451 554.638574 520.544569 490.005031 474.772655 466.238672 459.418063 453.649172 439.041367 418.103105 389.752665 353.805463 317.756697
579.398081 596.860506 619.627138 638.050869 649.415391 659.257152 664.724264 675.988049 687.203643 686.251131 688.360680 690.284634 692.260630 692.990481 693.190357 692.901565 690.533179 689.976122 688.043410 682.244232 672.841583 673.856990 674.817366 676.964558 680.361062 679.300769 680.465968 683.297471 681.558635 676.071955 672.363572 670.480207 670.137987 676.296453 679.032951 679.491258 679.915632 679.468398 678.928502 678.130767 677.375741 676.557960 675.483353 673.770896 664.194175 642.146919 611.989107 579.055413 559.195944 550.419179 549.901815 545.831512 538.847402 519.217779 491.480371 456.683142 420.001872
679.779794 684.553858 688.333592 691.136225 692.813060 695.356143 697.688398 697.985434 694.552349 690.839645 686.026265 684.287275 682.277514 679.946792 680.425594 678.202764 674.046845 670.174431 663.314859 651.162618 638.529397 635.673997 639.857361 644.293368 648.205117 651.721549 655.998252 657.804213 652.264417 644.078651 636.849473 634.318379 639.483600 642.971346 647.787640 647.577558 647.738673 647.056112 648.047547 646.608452 648.064543 655.428233 669.388786 677.176090 678.365795 677.945784 674.631512 668.349543 651.544402 631.664769 633.522045 628.631666 616.683335 594.582020 568.548437 538.938221 510.304143
688.958125 686.531803 680.346899 674.619564 673.923874 677.629209 684.064445 685.202884 678.342452 670.078182 662.362469 653.766387 649.249630 647.921610 646.897134 646.378349 640.628895 632.683647 616.358147 600.705986 587.003493 579.761771 578.086814 583.462387 592.827815 602.624363 609.641098 605.176509 595.525159 583.866103 575.105032 574.592870 576.462814 583.832543 595.821193 598.664931 600.085917 596.667895 594.065551 589.773930 589.938596 599.573477 618.189261 634.321104 647.747978 656.280530 664.509911 670.855093 676.361426 676.584714 676.785771 676.406218 673.095605 658.555958 638.322337 615.849300 591.049820
667.572796 661.615462 653.320360 646.419944 644.110226 646.183017 648.923508 645.496758 638.773060 628.209887 615.649892 601.693716 593.004450 592.433106 593.549749 593.324987 586.682350 572.101735 553.875966 538.261183 522.934814 518.122070 513.440878 510.746392 521.682398 538.305109 545.371419 533.834266 523.340055 508.838210 500.705155 497.545556 498.682422 507.228318 524.889929 541.478318 542.651508 534.452114 526.700993 523.281747 522.721905 532.082068 553.111376 573.981695 589.435925 600.865329 610.395329 620.177386 630.185534 641.821467 654.856593 666.375111 676.810443 678.892266 678.028496 675.196397 659.776213
635.578004 625.610765 614.839492 606.382045 600.822398 597.692358 594.874418 588.596554 581.602072 569.531203 556.452696 542.588174 527.669950 523.281749 520.156540 521.184043 509.668110 498.085195 478.367905 462.244884 446.341936 436.994682 431.273334 426.025589 432.583323 448.866905 458.520813 444.412237 433.872274 420.270551 413.462609 409.968708 411.055425 420.223621 442.038518 459.970315 466.245966 458.773036 453.243922 451.294904 451.743475 458.620667 475.603129 496.818886 517.853203 534.153261 545.541684 554.994575 566.268971 581.581625 597.325741 614.466083 632.561924 652.031066 666.844691 676.068086 681.090260
589.600959 578.246041 565.456824 553.221255 546.024141 545.775947 538.491054 531.768126 519.504942 477.380942 460.580447 442.563765 427.133342 421.155557 413.431037 407.524466 397.632132 390.011614 380.008048 364.262410 347.367857 332.291561 327.318763 323.189717 317.366599 325.195360 329.251038 329.332053 322.000593 315.064193 311.710210 309.109356 312.413801 325.183542 337.208616 348.086765 353.840514 350.792990 357.084406 363.665855 366.595129 382.597634 397.285528 415.698775 437.501643 460.640853 473.921300 484.224376 496.003054 512.482202 530.689291 550.165099 574.116937 599.945558 618.826219 631.234569 643.728047
537.363957 522.541970 508.837360 495.415990 482.504836 482.180344 477.806424 470.202481 434.829862 393.564615 362.647415 344.477651 323.195120 312.224833 301.828929 278.275826 263.979714 255.955108 257.821673 246.366161 228.697006 213.680262 205.626966 199.487498 188.015772 182.231786 186.487008 196.715270 191.087839 188.232045 191.226366 189.173954 186.705216 194.191681 208.629285 217.378857 227.008790 237.238814 243.018594 252.026516 277.459165 292.791130 308.617268 329.325316 351.625623 374.625131 394.313808 407.578916 422.242864 441.447402 458.968980 480.813709 505.524810 534.998013 556.006672 571.749404 584.899945
465.645640 449.424339 432.689804 414.018824 393.108429 389.889221 382.049820 366.358793 323.912920 283.756891 252.058509 228.756223 203.250078 184.617214 158.401661 124.631712 101.852962 103.106919 109.055137 105.076105 86.984138 70.065186 56.883350 41.920823 24.786377 13.646738 22.103416 31.681702 37.151277 39.774434 43.636568 45.166958 44.157139 42.241903 52.509624 63.731036 76.707081 89.547479 104.248708 136.965333 166.257098 187.048174 210.436855 233.334700 258.557065 284.376628 306.556560 323.092623 342.109125 361.917893 383.050627 404.671196 430.480468 460.454419 484.983059 501.144413 516.331836
387.336925 365.708130 341.458640 305.773347 290.181236 280.130633 268.360244 234.479872 191.541222 151.391618 119.868298 88.373538 57.375646 25.670627 -9.484472 -41.201133 -63.298979 -57.797917 -51.361194 -42.937442 -57.247666 -71.271194 -79.634515 -95.371370 -110.418589 -124.704370 -116.435543 -106.687245 -91.105630 -87.453691 -84.183532 -78.010551 -79.294374 -81.024553 -86.777015 -76.747351 -65.437198 -50.657918 -21.671222 7.953652 37.803978 64.783671 92.096273 122.309799 153.927036 184.492658 213.871754 236.298258 257.917578 281.293133 302.889215 322.966812 345.770085 373.001538 396.841567 416.577089 437.608708
291.059387 266.756129 231.527554 186.641594 152.125148 135.925817 97.476617 56.844712 9.925628 -17.863233 -42.676707 -70.477826 -95.843437 -119.929760 -148.882134 -173.964561 -198.236509 -194.660468 -182.666620 -169.294980 -177.354478 -182.595545 -186.517780 -198.654885 -212.685698 -226.396667 -222.645111 -207.795575 -191.067857 -184.400537 -178.123682 -170.677405 -170.604479 -176.819451 -184.887086 -178.871945 -164.975274 -148.380273 -125.391772 -100.869095 -76.368794 -52.967917 -26.398373 2.651623 33.585300 67.708897 103.296681 131.474217 162.804237 193.550748 217.755349 233.707648 251.761404 278.894786 299.568673 322.419913 345.570508
181.939996 151.759716 104.366746 51.856561 0.835952 -40.385377 -77.337938 -112.770153 -136.392585 -158.403558 -179.186322 -199.565748 -221.488621 -242.261216 -262.625911 -284.980239 -304.935233 -299.846183 -286.446620 -273.947202 -272.251155 -275.441493 -278.668955 -286.765477 -300.396960 -312.186514 -304.122718 -288.618216 -273.327652 -263.588200 -256.973708 -250.674129 -253.417775 -261.542791 -268.486873 -260.630010 -245.212276 -229.888630 -211.542336 -189.338542 -166.831128 -144.037877 -119.786771 -94.813420 -66.669210 -36.619604 -5.055432 26.924256 58.664464 90.033973 109.387024 128.183429 144.248390 167.849613 191.667314 216.410356 243.055413
34.989827 0.886975 -39.627868 -85.177097 -121.149170 -155.720474 -188.461324 -220.369146 -246.254764 -265.070175 -276.096120 -291.494526 -311.324853 -325.423982 -342.680771 -362.420978 -364.295770 -360.465801 -347.850409 -345.299964 -344.604083 -347.648832 -348.832899 -353.830695 -365.931067 -360.458072 -352.509062 -337.322944 -326.209743 -316.868727 -310.529548 -306.307420 -306.954085 -314.231628 -311.677642 -304.353179 -289.613963 -277.610712 -262.010277 -240.791311 -222.869033 -202.732428 -179.967219 -156.194696 -130.789661 -103.502482 -73.681339 -45.631054 -21.196348 -6.205541 9.755176 21.648971 22.352190 43.656920 66.547929 90.713718 123.130835
