tests/Borden05m/sims/sim_1/output-maps/psiliqL0019N0016.asc
ncols         160
nrows         34
xllcorner     620200.000000
yllcorner     5168000.000000
cellsize      0.500000
NODATA_value  -9999.0
[rows 0 to 24 of 34, columns 55 to 109 of 160]
-9999.0 -9999.0 -9999.0 -9999.0 -9999.0 -9999.0 -9999.0 -9999.0 -9999.0 -9999.0 -9999.0 -9999.0 -9999.0 -9999.0 -9999.0 -9999.0 -9999.0 -9999.0 -9999.0 -9999.0 -9999.0 -9999.0 -9999.0 -9999.0 -9999.0 -9999.0 -9999.0 -9999.0 -9999.0 -9999.0 -9999.0 -9999.0 -9999.0 -9999.0 -9999.0 -9999.0 -9999.0 -9999.0 -9999.0 -9999.0 -9999.0 -9999.0 -9999.0 -9999.0 -9999.0 -9999.0 -9999.0 -9999.0 -9999.0 -9999.0 -9999.0 -9999.0 -9999.0 -9999.0 -9999.0
-9999.0 -9999.0 -9999.0 -9999.0 2034.125411 2028.893149 2024.182479 2019.873207 2011.631822 2002.858661 1995.203602 1991.628890 1991.089796 1990.759703 1990.726615 1996.239991 2004.678073 2012.671740 2020.008922 2022.671702 2025.309005 2027.602930 2028.198750 2027.233507 2024.226456 2021.144212 2017.931748 2016.476839 2008.856894 1997.697748 1989.192087 1986.497245 1990.786912 1995.138789 1997.528088 2002.925890 2013.290153 2023.708716 2031.861244 2043.605442 2049.499380 2054.221058 2056.487142 2051.901483 2047.960854 2043.614564 2037.677301 2026.397022 -9999.0 -9999.0 -9999.0 -9999.0 -9999.0 -9999.0 -9999.0
1978.920524 1998.014387 2018.791666 2022.204771 2010.698810 2005.909336 2003.023516 2001.560069 1997.432618 1989.329344 1984.625913 1979.680269 1977.941581 1978.456278 1978.910383 1983.270077 1994.130457 2002.400769 2007.402800 2010.263259 2013.228209 2012.574795 2012.149257 2012.078318 2009.380655 2006.102911 2002.872300 2001.184267 2002.199197 1994.697069 1989.034746 1985.413484 1983.127592 1985.681331 1988.123707 1991.933970 2001.079640 2008.856305 2016.583073 2030.850858 2043.152098 2048.095422 2045.025631 2039.647223 2035.270812 2027.733245 2016.953925 2006.482630 1997.440589 1990.420468 1984.355266 1977.616707 1983.064177 1989.506380 1998.412074
1963.740448 1983.412598 2004.103546 2007.171598 1996.934103 1989.259979 1983.812260 1984.617703 1988.100911 1985.227985 1981.029554 1975.257705 1984.942374 1986.579175 1987.996210 1991.703383 1994.682089 1999.120129 2002.054490 2007.685482 2016.898240 2019.867711 2020.555406 2020.837070 2019.103289 2016.073023 2014.331154 2011.680103 2006.549882 2005.202651 2005.231036 2004.499117 2009.014453 2010.446444 2012.633284 2006.385545 2010.162640 2016.149387 2022.745353 2028.449268 2034.436660 2037.227131 2033.368267 2032.533245 2023.499605 2009.133774 1998.028249 1989.495814 1988.074305 1984.354511 1975.736267 1961.773453 1968.610544 1983.594567 1987.492204
1970.261079 1979.877828 1991.586369 1994.828490 1990.272806 1992.481433 1994.660542 1996.542263 1995.379237 1992.686883 1990.146012 2002.198480 2011.586747 2013.691618 2016.874324 2021.133556 2021.670653 2010.681043 2008.801150 2016.890832 2027.125448 2032.811450 2033.197523 2033.154664 2030.499433 2029.555453 2029.376065 2027.477040 2027.726917 2029.798301 2028.675114 2032.506578 2038.038277 2041.093237 2034.365027 2025.444323 2026.767163 2034.647350 2043.029587 2050.143807 2060.113829 2070.621826 2069.553314 2063.736825 2054.206934 2040.379078 2016.614998 1997.274575 1985.579989 1977.206125 1969.102349 1969.567489 1964.835075 1976.356910 1977.196536
1965.138967 1984.477536 2005.720172 2013.260985 2007.910169 2004.069652 2002.625735 2003.932498 2004.189369 2006.623515 2017.919830 2031.316975 2044.884833 2047.834542 2050.540433 2050.171305 2042.235830 2032.398808 2029.520701 2043.892685 2060.632759 2068.928364 2069.228008 2067.011068 2072.280208 2071.720343 2071.139377 2067.079359 2068.603735 2068.351668 2076.201821 2083.821319 2091.245689 2089.571200 2077.283987 2065.310783 2064.279472 2068.064074 2072.757906 2079.222035 2088.920649 2097.759645 2092.131230 2085.161503 2075.572445 2047.511280 2021.531914 2004.980196 2004.269585 2003.705710 1998.016366 1994.349484 1991.148097 1984.483869 1983.332729
2009.346578 2030.385131 2051.244032 2066.439449 2061.232467 2054.180709 2045.543693 2046.649849 2049.149459 2056.840673 2069.226131 2085.069722 2108.529381 2110.355741 2112.769365 2114.112027 2102.681529 2090.482678 2080.314960 2100.349308 2111.189160 2119.310662 2119.225480 2127.019139 2136.417278 2132.444900 2125.369969 2114.444712 2120.510057 2129.921847 2144.999230 2152.243973 2156.644013 2153.787279 2141.330185 2134.994103 2134.693681 2138.556360 2137.451543 2143.409488 2152.432033 2166.747572 2165.139143 2157.952434 2135.851259 2098.103765 2065.136698 2047.245675 2054.410413 2046.974223 2039.147911 2035.904786 2022.159841 2011.847093 2011.904061
2055.516371 2072.236718 2090.373404 2108.552815 2102.712075 2093.142374 2079.248230 2078.338325 2085.047905 2095.822361 2114.715188 2135.840293 2158.334441 2162.745843 2161.977295 2172.013395 2165.949421 2156.488314 2149.035338 2165.064669 2176.424376 2187.547733 2195.568655 2208.305260 2219.381303 2206.804964 2192.692421 2185.302886 2191.378893 2213.665711 2233.133370 2238.020508 2238.176434 2239.235430 2227.289349 2221.369999 2216.069120 2213.168576 2208.482317 2204.973718 2225.733252 2243.741155 2241.974838 2218.775475 2194.589774 2156.164248 2117.658610 2088.142286 2092.649513 2088.537084 2088.303138 2074.423412 2059.540921 2046.137519 2038.530553
2125.277651 2151.691597 2171.153578 2193.241680 2190.440752 2171.821021 2161.168393 2165.696558 2179.378646 2187.541828 2204.797439 2226.131563 2255.408403 2272.917085 2288.892357 2293.762987 2286.338166 2278.017906 2265.853271 2267.459715 2287.832142 2300.119678 2309.940054 2319.701836 2332.234294 2335.480717 2331.037584 2330.031841 2333.798745 2343.692133 2355.027704 2361.651392 2365.810430 2369.638653 2361.496805 2350.044854 2345.694846 2338.304049 2333.745675 2331.557914 2337.537809 2352.129994 2348.786310 2317.278582 2289.510722 2255.112213 2216.798870 2185.621128 2172.400455 2183.174246 2175.106079 2156.767978 2140.335839 2108.535182 2096.139532
2212.563664 2247.590121 2274.430790 2288.192057 2299.739204 2291.355910 2292.137883 2296.957214 2305.397482 2310.179151 2317.928050 2350.634122 2385.046284 2412.615946 2436.534115 2445.021023 2434.301673 2424.995766 2412.771448 2403.993572 2411.513418 2427.404019 2444.597419 2459.915113 2471.152518 2474.057040 2472.621014 2472.853223 2475.463478 2478.368487 2481.902597 2489.049956 2496.531266 2506.476259 2516.061331 2507.829571 2490.156964 2478.967192 2467.097272 2463.577600 2462.837539 2462.987142 2462.641892 2449.993502 2412.964856 2382.227839 2349.611084 2324.292192 2305.914658 2297.129654 2276.796512 2252.420789 2203.174229 2163.513252 2129.480922
2316.092174 2358.960202 2389.554095 2411.214822 2426.104501 2427.155711 2430.144063 2432.836466 2438.453133 2443.036171 2448.727934 2473.715048 2514.094236 2552.727097 2583.527175 2586.041438 2575.096359 2564.672151 2555.216050 2543.093653 2539.645094 2549.775429 2562.884665 2580.829926 2591.662700 2599.426310 2596.968330 2597.287525 2598.791537 2600.544813 2602.401467 2605.143821 2613.427756 2626.876197 2639.522833 2639.406237 2623.132338 2605.870840 2588.931332 2583.551445 2578.699426 2572.694316 2573.126245 2573.520876 2561.229797 2532.215696 2493.051992 2450.713023 2427.880018 2408.398340 2395.003605 2377.475069 2343.730254 2284.131856 2248.555688
2441.939017 2473.602509 2504.610264 2536.009778 2553.665289 2559.627427 2559.507786 2560.802933 2568.746837 2574.010669 2582.498965 2599.108715 2627.369325 2659.777552 2688.215326 2704.901525 2699.594142 2684.800277 2665.470100 2658.198587 2656.194672 2658.939975 2666.815640 2676.999902 2694.208479 2711.698822 2718.378033 2719.190085 2715.635307 2718.950970 2720.491608 2720.656519 2722.631799 2729.151190 2737.403841 2740.055836 2733.287287 2713.297157 2691.159708 2677.878540 2669.819824 2665.293744 2664.103022 2666.492573 2666.959802 2652.859299 2620.238887 2578.528680 2545.999918 2526.288084 2510.361692 2494.339894 2481.098228 2453.918328 2433.324068
2560.558515 2576.251395 2604.191701 2632.644953 2656.387916 2672.655386 2675.696370 2680.814680 2686.305739 2695.506384 2711.405501 2734.282385 2751.353267 2771.346980 2795.376828 2809.894956 2815.507137 2814.945048 2812.326877 2813.712742 2813.783272 2769.412870 2773.747502 2778.040337 2789.853157 2801.352462 2805.502586 2805.889116 2803.925337 2805.541444 2806.194172 2806.282249 2805.965829 2807.090673 2810.574665 2811.737431 2809.684739 2799.584494 2809.703899 2790.993965 2778.063659 2769.922927 2761.620208 2752.812148 2742.770241 2732.130649 2711.966984 2682.423965 2648.063463 2623.225124 2612.368445 2604.474685 2595.487494 2588.492702 2571.147552
2667.531670 2679.626399 2697.497310 2719.712855 2752.181496 2774.085214 2785.562593 2794.943089 2800.095156 2813.454573 2828.662463 2818.742975 2825.011686 2831.328743 2837.501489 2839.619141 2840.155963 2839.713884 2837.145747 2836.209907 2833.731301 2829.217528 2818.827469 2819.923040 2821.253006 2823.507743 2826.923749 2825.552159 2826.443641 2829.366414 2827.791420 2822.125785 2818.375853 2816.834409 2817.533167 2824.690617 2827.831676 2828.499384 2826.172744 2825.254326 2824.463570 2822.003925 2818.944072 2814.595531 2808.922932 2817.437667 2805.743340 2779.680016 2742.555042 2702.909810 2691.241228 2688.897407 2687.829206 2684.365557 2677.307421
2791.024259 2804.483131 2818.926130 2807.190691 2823.874557 2832.568960 2836.788554 2840.364509 2843.086324 2845.236978 2842.119764 2838.854916 2833.957662 2832.336983 2830.744806 2828.014616 2828.252647 2825.876114 2821.358060 2816.950446 2809.064006 2797.270535 2785.385446 2781.742305 2785.644554 2790.501749 2794.876923 2798.420518 2801.759724 2802.255123 2797.220588 2789.237433 2782.089917 2780.398532 2787.080301 2792.737983 2798.621047 2799.458495 2798.222229 2796.217163 2796.517179 2794.073077 2794.857125 2801.971336 2816.155659 2820.587474 2824.740442 2823.931445 2811.708002 2789.611149 2790.990341 2770.794496 2774.781724 2769.388170 2757.163397
2834.073374 2836.555457 2835.790027 2834.622326 2828.699735 2822.884773 2822.098583 2825.864150 2832.492329 2833.287064 2825.845604 2816.910029 2809.278335 2801.616422 2798.747089 2797.158635 2796.000850 2795.544605 2789.476781 2780.059296 2762.903048 2750.475615 2738.552432 2731.852731 2728.390599 2732.060634 2742.078418 2752.538539 2757.132960 2749.128084 2741.276594 2730.248773 2722.393166 2722.886671 2724.682477 2734.024663 2749.469863 2755.738690 2756.859136 2751.648028 2746.864465 2741.422289 2739.759115 2747.196083 2763.008238 2779.739984 2794.850572 2803.853608 2811.556250 2818.348952 2819.384656 2821.252769 2822.105152 2820.229908 2820.610228
2829.164691 2822.468807 2815.645430 2810.296290 2803.473827 2797.544440 2795.262363 2796.808637 2798.532423 2794.051360 2786.602242 2775.399484 2763.497567 2752.878819 2745.036766 2744.922269 2746.153090 2746.441130 2738.659806 2722.741330 2703.050258 2688.700715 2674.003605 2669.259588 2663.238643 2656.788124 2666.600447 2684.510733 2691.021062 2676.272296 2666.015533 2651.563406 2644.832427 2641.536696 2642.934672 2652.331467 2673.701868 2695.731550 2698.011598 2688.584409 2679.463607 2675.925593 2674.292227 2681.004077 2699.447366 2721.792924 2738.309789 2749.239494 2755.576153 2764.226551 2774.281539 2788.138695 2802.465812 2814.322261 2820.983864
2802.888782 2794.719415 2786.547455 2778.338419 2770.607936 2763.383204 2758.180992 2755.162184 2750.835305 2743.684598 2735.288591 2715.221541 2701.704466 2688.140621 2672.767968 2667.973548 2662.990694 2663.286031 2651.056198 2641.205375 2623.469890 2607.376934 2590.842041 2578.179535 2571.770670 2564.978715 2565.697964 2579.688954 2588.132496 2576.777483 2566.891405 2555.396674 2550.326243 2547.277387 2549.775110 2560.462346 2581.620293 2600.607957 2609.019375 2602.385990 2600.428176 2600.813052 2600.930265 2608.301772 2622.054714 2641.783312 2664.608095 2683.432349 2694.382474 2702.928342 2713.727644 2730.092942 2745.120114 2759.999382 2778.112775
2767.559486 2757.435505 2746.748406 2736.228958 2724.605877 2711.712553 2704.206510 2704.902323 2697.331283 2690.014316 2669.641886 2618.159966 2597.296980 2577.688409 2560.797545 2553.402798 2544.362566 2531.137532 2521.329828 2515.002212 2512.154226 2496.619415 2477.772529 2460.122088 2454.509630 2450.183498 2436.455270 2435.952521 2437.503092 2447.873230 2441.294947 2438.058291 2438.269890 2436.128317 2438.676651 2452.249661 2462.423653 2470.732434 2478.010388 2480.869940 2490.854168 2500.055383 2508.900765 2526.818176 2540.309315 2558.051303 2580.369493 2606.690840 2622.701104 2633.749688 2645.787832 2662.328733 2679.969012 2698.731769 2722.168627
2725.589870 2708.145886 2693.016650 2677.832867 2664.107933 2650.675799 2635.075224 2635.111576 2630.909650 2620.011566 2570.131383 2527.331787 2492.271429 2473.422828 2449.468707 2435.814021 2420.732559 2387.096242 2370.353240 2366.579509 2376.175832 2369.349647 2353.061916 2339.829263 2330.629516 2322.165514 2306.427056 2292.055724 2297.317647 2312.787790 2311.329203 2312.535584 2318.877186 2318.106001 2313.316433 2314.836127 2328.438171 2335.750613 2347.052444 2362.719630 2368.405532 2382.571927 2414.081685 2428.785247 2445.424581 2466.201617 2488.987502 2513.807474 2537.196170 2552.647903 2569.265567 2589.619456 2608.008204 2630.025553 2654.341943
2666.789409 2637.129240 2616.036404 2597.938443 2578.315377 2553.181325 2531.709212 2528.000193 2520.005966 2493.993625 2442.558842 2403.657273 2376.598690 2353.818486 2329.448934 2307.036207 2273.299393 2239.447136 2217.829312 2228.242339 2237.091719 2243.342367 2230.552065 2218.661172 2208.578899 2192.287907 2175.993100 2161.678316 2171.446091 2179.969277 2194.140759 2199.616000 2203.628832 2208.267800 2207.317129 2199.861136 2199.917539 2208.879769 2219.641510 2231.771882 2250.625949 2284.562467 2310.433972 2329.555597 2351.594385 2372.671414 2396.317762 2421.250556 2445.203390 2463.618777 2483.883110 2505.278873 2528.141205 2549.870044 2575.378048
2583.308606 2554.715835 2527.409436 2503.335551 2472.122239 2428.141345 2412.218977 2402.119550 2383.240272 2340.007009 2297.379875 2269.368663 2250.939181 2226.544971 2203.748939 2175.180280 2142.159862 2118.065134 2097.387122 2105.661702 2114.021915 2129.757859 2119.380143 2110.439068 2105.829646 2090.600432 2076.946708 2061.344778 2068.120050 2079.216953 2099.864797 2105.133717 2109.138990 2117.681387 2117.125166 2113.881018 2100.720912 2108.857633 2120.116722 2135.086479 2165.289954 2189.653728 2213.836635 2236.562207 2257.776737 2281.529837 2306.173924 2331.309057 2359.048988 2380.321985 2401.063414 2424.233154 2445.765776 2463.899208 2484.321431
2468.664060 2443.270148 2421.614897 2396.638626 2356.099719 2311.626344 2272.813079 2250.074952 2203.630447 2168.679555 2141.481618 2132.811606 2117.487909 2095.911526 2075.335769 2054.639617 2030.646915 2009.895268 1985.032798 1989.345846 2003.288694 2018.625416 2016.587838 2015.351063 2012.983818 2002.737701 1989.130717 1975.492955 1979.130362 1995.347526 2012.853576 2021.860996 2029.274674 2037.169675 2037.376147 2029.408377 2020.542623 2026.200618 2041.572117 2058.467964 2078.317428 2100.554360 2122.884166 2144.487913 2168.283095 2192.615190 2217.363518 2244.123000 2272.799008 2295.351453 2320.676021 2346.848107 2366.544645 2378.750827 2391.225763
2358.716663 2337.444909 2313.145885 2285.443685 2243.500105 2202.381293 2160.423069 2116.392699 2082.772766 2052.483115 2040.525074 2023.350814 2007.789989 1991.429408 1970.585462 1952.663055 1935.914247 1914.119552 1900.452939 1906.555707 1919.509230 1928.700823 1933.514403 1930.864952 1928.103803 1921.575069 1907.710615 1900.951460 1910.257261 1925.504701 1939.739757 1950.797225 1957.774587 1963.521646 1960.906808 1952.502522 1948.697809 1957.267177 1973.237457 1987.883631 2004.390462 2026.067030 2047.594294 2070.188327 2093.825204 2117.262778 2143.163984 2169.858462 2197.263950 2225.223717 2249.691347 2271.750195 2283.473795 2295.611951 2300.619607
2228.555249 2214.247736 2188.257406 2159.714923 2128.564573 2092.855717 2065.424837 2033.376334 2002.614186 1972.713723 1946.831891 1932.179548 1924.133438 1910.225890 1892.115013 1879.773006 1863.496546 1850.015733 1853.136841 1854.830390 1863.963536 1863.211416 1863.825759 1861.019681 1860.095257 1856.886752 1848.763293 1858.445081 1865.375541 1879.298977 1889.682052 1899.349619 1905.459508 1909.440640 1910.257356 1905.377232 1910.532333 1917.431664 1931.882638 1943.786027 1958.475904 1979.322635 1997.097203 2017.015212 2040.101945 2063.989421 2088.987300 2115.719099 2144.650770 2170.574884 2190.567218 2200.064298 2211.555893 2216.693180 2209.883515
