tests/Borden05m/sims/sim_1/output-maps/psiliqL0012N0002.asc
ncols         160
nrows         34
xllcorner     620200.000000
yllcorner     5168000.000000
cellsize      0.500000
NODATA_value  -9999.0
[rows 0 to 24 of 34, columns 57 to 113 of 160]
-9999.0 -9999.0 -9999.0 -9999.0 -9999.0 -9999.0 -9999.0 -9999.0 -9999.0 -9999.0 -9999.0 -9999.0 -9999.0 -9999.0 -9999.0 -9999.0 -9999.0 -9999.0 -9999.0 -9999.0 -9999.0 -9999.0 -9999.0 -9999.0 -9999.0 -9999.0 -9999.0 -9999.0 -9999.0 -9999.0 -9999.0 -9999.0 -9999.0 -9999.0 -9999.0 -9999.0 -9999.0 -9999.0 -9999.0 -9999.0 -9999.0 -9999.0 -9999.0 -9999.0 -9999.0 -9999.0 -9999.0 -9999.0 -9999.0 -9999.0 -9999.0 -9999.0 -9999.0 -9999.0 -9999.0 -9999.0 -9999.0
-9999.0 -9999.0 610.515891 605.015692 599.745290 594.796708 585.806141 576.545420 568.059411 564.061490 563.133673 562.321980 561.933250 567.203615 575.208783 582.863222 590.053943 592.466739 594.905516 597.156527 597.641458 596.383367 593.136209 589.834726 586.428219 584.921716 576.780981 565.384417 556.550700 553.815940 558.293510 562.821310 565.374211 571.332558 582.152908 593.032988 601.624361 613.507015 619.267080 624.401947 627.439371 623.376971 619.853113 616.085882 611.073043 600.043140 -9999.0 -9999.0 -9999.0 -9999.0 -9999.0 -9999.0 -9999.0 -9999.0 -9999.0 -9999.0 -9999.0
593.482286 596.749146 585.681026 580.801101 577.497726 575.387589 570.412110 561.670738 556.329692 550.876998 549.034014 549.064744 549.128457 553.270035 563.379130 571.367432 576.147348 578.643107 581.213063 581.000528 580.469241 580.116841 577.216335 573.783081 570.387646 568.592240 568.929398 561.334938 555.897778 552.539654 551.018510 553.566864 555.986969 559.341468 568.917390 577.158197 585.396922 599.687287 612.089520 617.333315 614.867836 609.883167 606.121126 599.502839 589.505687 579.131054 569.193694 562.131883 556.641468 551.072923 557.130261 563.723218 573.725120 583.561748 595.565972 607.716080 -9999.0
577.670981 580.487586 569.732374 561.411812 556.512302 556.644037 559.068953 555.454223 550.761780 545.931478 554.242310 555.493963 556.628070 559.889793 563.047610 565.978687 568.730344 574.071495 583.037689 585.709698 586.207254 586.312249 584.457687 581.328410 579.524144 576.773402 571.590467 570.552514 570.896638 570.748136 575.821171 577.370479 579.065436 572.360602 575.895444 582.133478 588.998203 595.645748 602.402252 606.536487 603.318744 602.367264 593.993918 580.173048 568.946375 560.371922 558.271993 555.032693 547.179067 534.573283 541.608404 557.129945 561.725288 565.123827 576.828624 589.084094 599.382644
563.042010 565.977345 560.926350 562.124202 563.631536 565.066248 563.422248 560.369131 558.472715 571.015258 580.392179 582.132272 585.023674 588.585145 587.819332 575.819021 573.342731 581.652132 591.977336 597.748074 597.909763 597.801304 595.835423 594.807639 594.392754 592.168998 593.027829 595.533056 595.729852 600.542586 606.285121 609.241290 601.358392 592.258154 592.999604 600.676660 608.713002 615.993725 626.671372 638.042080 636.933263 631.274324 622.279502 608.661615 585.179999 565.499258 554.628129 547.526371 540.309618 540.054072 537.143505 548.189248 549.822448 551.563157 559.786735 569.998335 580.114135
576.622888 584.530654 578.535515 573.286000 570.317764 570.975810 571.126332 574.213514 586.800116 600.523961 615.083411 617.782291 620.320918 619.933886 610.746382 600.517494 596.616354 611.384610 627.394993 635.603845 636.283530 635.845752 642.999634 641.476871 639.556006 634.585583 636.806987 638.727213 649.139849 656.929278 664.129463 662.490219 650.689235 639.383258 637.623766 639.973333 642.735419 648.669474 658.809798 668.543496 663.475507 656.237081 646.101335 617.383029 590.009106 573.029221 573.195098 573.276696 568.329738 565.052986 561.596255 554.377526 553.800423 552.913556 552.222661 564.034195 576.229656
622.785414 638.606495 632.804782 624.615683 614.226347 614.728367 617.857302 625.995639 639.098517 656.856329 680.930640 684.083444 687.524127 690.635907 679.657486 667.466005 656.185116 673.418504 683.450991 692.194993 694.354914 704.654428 714.673688 710.151195 702.144450 692.266686 698.822450 711.376075 726.773247 733.892762 738.107805 737.665432 727.126842 721.408141 719.223397 720.386843 717.047587 720.702243 730.782542 745.632238 745.120706 735.574794 712.858770 676.022897 641.250002 620.070174 624.929322 617.880454 611.031124 606.949633 592.786445 581.600955 581.362315 571.618194 565.207249 576.414118 582.201078
667.190238 685.463022 681.071862 670.422937 657.449728 657.129779 664.855247 674.884618 694.080165 717.596995 742.116747 751.698852 756.097158 765.750249 759.422779 750.192849 741.793428 751.677941 763.831667 775.738857 786.050985 798.994686 810.886163 802.377923 791.301404 787.051338 792.471939 812.025177 829.438650 835.604826 838.262290 842.313836 834.444502 827.399578 819.476231 812.464590 805.112086 799.901660 816.620735 832.088311 830.028647 806.500842 782.150967 746.041665 708.007911 674.750516 672.440346 669.505358 667.884115 652.479363 636.785797 619.600047 609.502875 600.196934 585.554033 590.374725 595.110714
759.618933 780.801136 782.911189 767.134651 760.148503 765.002164 777.421736 784.646159 800.233492 826.011704 859.405545 882.680408 903.204814 907.913944 899.475272 890.358091 876.992070 874.116407 890.336876 902.540135 913.919268 925.568233 938.656913 945.369919 943.885380 944.170019 947.977811 955.386998 965.202514 973.842778 981.600220 989.076707 987.089005 976.707444 968.170075 956.683121 947.055566 942.640436 943.235099 952.601324 950.154725 924.709813 896.993584 864.317829 826.231776 793.375642 773.726185 777.435907 764.938245 746.190631 725.758942 690.230651 672.861807 656.428710 626.646291 621.769659 629.591888
870.425070 886.594277 901.180026 897.836648 899.936196 903.898730 911.206398 917.084218 926.622262 961.367995 998.886315 1030.629380 1056.248226 1065.587591 1055.623163 1045.701983 1033.754034 1024.228545 1027.780748 1042.209596 1059.489098 1076.214081 1088.485253 1093.237221 1092.912260 1094.048935 1096.975477 1101.485664 1106.506465 1115.196494 1125.423912 1137.768898 1149.783533 1143.677242 1124.761222 1108.724478 1091.290358 1083.611310 1080.518332 1077.453507 1076.516270 1068.732826 1036.997039 1006.739219 971.912695 938.979887 914.467716 897.266347 876.012639 852.462309 806.513258 765.835134 730.616938 702.608230 673.656889 669.946062 691.877625
997.314695 1024.254409 1041.305036 1045.586863 1048.331767 1051.256613 1057.713041 1064.317747 1074.153200 1099.719549 1140.087904 1179.213390 1209.848050 1214.612758 1205.775857 1195.516644 1185.113658 1174.987753 1171.987355 1179.757453 1191.062456 1207.392777 1219.531528 1230.005882 1230.138079 1231.287867 1232.615119 1236.094999 1239.949250 1244.383876 1253.817692 1267.170586 1278.648105 1279.188572 1264.644298 1245.221127 1225.424500 1216.297112 1209.185029 1202.846735 1202.219079 1201.793245 1193.487041 1166.452923 1127.250784 1079.910824 1048.486147 1023.404161 1006.955978 988.164593 961.633739 910.517892 879.699317 844.029180 808.332373 785.841590 822.855141
1125.375760 1159.181475 1180.276254 1189.353408 1190.259531 1192.458243 1199.996391 1207.313225 1219.456672 1238.531029 1263.972549 1293.579354 1320.253136 1337.480526 1334.125039 1322.328593 1306.008440 1301.590630 1300.855357 1303.098897 1309.739232 1317.550147 1332.609344 1347.991095 1353.467968 1354.617326 1353.003053 1356.161901 1358.821936 1360.821757 1363.601967 1369.290819 1376.441126 1378.456549 1372.901694 1356.222055 1335.607060 1320.740411 1311.971048 1307.435428 1305.052204 1305.404725 1303.434665 1289.961727 1259.067012 1218.495110 1181.833552 1156.236058 1136.329434 1118.699954 1104.168783 1083.195168 1063.059938 1030.536976 984.982834 946.031312 941.850601
1239.563676 1268.355195 1293.837135 1310.642159 1314.703181 1320.102520 1324.617405 1334.574020 1350.598606 1370.150867 1384.754864 1401.579078 1422.130946 1434.017814 1439.620221 1440.296494 1439.674265 1441.915618 1442.485824 1420.162564 1423.134768 1425.861189 1432.016627 1439.135721 1441.384903 1441.762685 1441.299458 1443.113452 1444.577320 1446.125272 1447.108705 1447.783950 1449.925661 1450.364098 1448.863642 1442.232230 1443.592199 1427.247066 1416.019350 1409.070524 1401.683370 1393.032047 1382.952412 1372.364934 1355.260393 1327.595418 1293.595782 1264.734377 1250.604843 1240.787231 1231.165655 1222.976452 1205.539630 1181.761086 1148.291648 1105.914413 1067.107205
1343.407320 1364.273256 1391.113703 1409.236922 1418.907677 1426.552756 1430.669713 1442.152807 1454.904977 1451.221687 1454.943894 1458.505542 1461.712215 1462.714680 1462.995602 1462.973252 1461.086438 1461.185519 1460.062450 1455.786000 1446.724948 1448.123517 1449.244945 1451.260213 1454.324008 1452.807208 1453.859613 1457.312016 1456.792634 1452.564164 1450.115032 1449.229521 1449.808376 1456.597547 1459.268361 1459.747512 1458.992311 1458.713261 1458.884439 1458.149375 1456.865564 1454.553495 1451.199540 1452.699344 1442.317779 1419.505896 1387.640838 1353.725523 1338.794691 1332.649542 1331.221185 1326.490535 1318.848054 1299.045946 1270.309273 1232.045490 1191.353761
1453.929756 1453.566148 1462.395584 1466.727289 1468.438028 1470.206193 1471.810553 1472.127780 1468.581474 1465.048501 1460.445301 1459.140659 1457.632570 1454.986360 1455.401642 1453.442390 1449.811713 1446.789880 1441.040039 1430.890202 1419.740878 1417.038928 1420.994270 1425.097555 1428.508763 1431.000499 1434.127900 1435.723535 1432.023984 1425.510407 1419.630526 1418.315799 1424.723902 1429.921558 1434.649437 1435.214361 1434.192505 1432.985452 1434.185606 1432.811420 1434.047260 1440.592093 1453.221698 1458.764181 1460.531721 1459.939258 1453.637339 1442.250275 1432.983825 1413.234676 1415.520091 1410.072885 1398.179867 1377.358979 1353.745628 1324.267928 1295.094656
1469.529960 1468.401636 1462.993679 1457.334093 1456.230386 1459.258567 1465.002738 1465.329683 1457.667859 1448.942338 1441.616970 1434.496128 1431.836895 1429.934016 1428.773043 1428.577158 1423.425883 1416.143228 1401.471444 1390.001995 1378.460227 1371.718286 1368.985397 1372.881394 1381.269003 1389.594763 1393.804976 1387.799176 1381.452545 1372.219968 1365.295681 1366.093229 1368.536114 1377.107035 1390.250078 1394.528104 1395.741707 1391.876132 1388.967204 1384.685117 1384.096469 1391.705480 1406.608618 1421.332885 1434.435364 1442.443063 1449.808858 1456.227109 1460.245055 1460.922459 1460.857749 1459.386662 1457.340514 1442.609947 1422.745516 1400.008291 1376.867303
1454.194447 1449.818882 1443.566455 1437.785979 1435.482900 1436.813182 1438.318073 1433.526011 1425.320866 1413.785620 1401.620419 1390.666719 1383.388126 1382.952851 1384.086561 1384.292711 1377.800502 1363.569759 1346.135617 1331.815203 1316.549745 1310.926059 1304.665652 1299.388682 1308.577414 1324.229390 1329.850130 1317.055525 1308.117782 1295.133219 1288.654950 1286.243904 1288.067101 1297.439918 1316.835856 1335.870233 1337.874627 1329.754163 1322.188687 1319.460713 1319.100449 1327.544017 1346.792441 1367.129759 1382.324231 1392.671014 1399.386203 1408.318522 1418.215990 1430.212719 1442.802858 1453.157728 1461.466289 1464.880055 1463.426831 1458.869570 1446.496684
1431.250354 1423.984722 1416.961755 1410.356261 1405.133229 1401.391911 1396.700457 1388.201893 1378.334149 1361.475970 1346.414825 1331.829564 1316.131278 1311.012761 1306.907900 1307.641139 1295.938514 1284.745915 1264.643204 1246.610288 1227.896114 1214.823183 1206.834571 1199.472219 1202.726161 1217.321186 1225.937746 1212.641493 1202.675848 1190.297560 1184.597884 1181.795639 1184.130400 1194.910514 1217.756992 1237.311030 1245.315751 1238.842021 1235.377736 1235.317310 1237.227827 1246.254609 1263.730619 1285.843410 1308.737767 1327.016101 1338.942471 1348.914687 1360.599153 1375.950341 1390.406199 1404.467201 1421.235195 1440.615795 1454.868917 1464.190756 1468.537869
1396.844594 1386.890832 1375.705580 1364.097917 1356.399827 1355.213380 1345.510827 1335.023663 1315.163429 1264.479080 1241.371501 1218.783173 1200.004868 1191.848899 1182.853960 1173.958756 1163.721575 1155.516641 1145.832654 1126.583716 1105.050910 1085.531624 1077.908449 1072.145395 1062.494185 1066.933815 1069.878238 1073.450058 1066.013084 1060.109184 1057.971526 1055.778595 1059.607505 1074.160508 1087.332129 1098.951685 1106.356395 1105.962251 1114.099845 1122.318774 1129.256343 1149.061530 1166.647363 1188.101760 1213.563557 1241.632693 1259.586480 1273.254147 1287.536878 1305.951446 1325.121709 1344.488264 1368.049126 1393.138198 1409.537629 1421.208063 1433.609942
1347.111226 1331.154201 1316.167492 1301.196111 1285.692718 1283.278321 1275.436744 1261.161324 1213.288545 1163.844446 1124.548158 1100.335774 1074.104815 1060.085072 1047.335914 1020.105451 1004.878206 997.466480 1000.257297 987.798212 967.856186 951.367233 941.585558 933.901150 920.513283 911.504365 916.013145 927.942089 923.345287 921.559756 925.583266 924.003509 921.051370 927.257203 942.412808 951.381575 961.867423 973.830216 979.026958 989.420324 1017.599843 1034.397392 1053.134081 1077.225424 1103.916489 1132.488803 1158.880311 1177.673613 1197.266133 1221.089674 1243.222890 1268.760119 1296.052203 1327.606345 1349.785138 1366.297120 1379.631539
1264.869785 1244.236689 1222.514087 1198.022937 1174.163733 1168.062062 1156.307471 1130.835010 1077.281182 1030.004284 994.316931 967.592053 940.541352 920.130060 892.245834 860.487362 839.986764 844.711707 850.868542 850.268980 834.936456 821.105658 810.232332 796.075515 780.593967 769.011940 777.451894 785.831741 793.988833 797.349406 800.930990 803.454361 802.437234 798.253680 803.695587 812.677932 823.081490 833.587568 847.192268 876.781706 902.064349 920.718467 943.345545 966.204494 992.502207 1020.821701 1047.303355 1068.445898 1092.219356 1117.603703 1145.636885 1173.569225 1204.979843 1240.264107 1269.997262 1290.009431 1308.232933
1163.271404 1135.286887 1103.333957 1060.341342 1042.138193 1030.412632 1014.192530 973.792380 926.768168 887.965985 861.053909 834.250025 809.338417 782.062414 750.982450 724.896410 705.054006 711.702815 718.361505 729.154391 716.873102 705.446157 699.074968 684.235053 670.370734 655.997263 663.490082 673.283243 690.274885 694.259278 697.553669 704.366413 703.224801 700.730486 691.801913 700.261389 710.362387 723.601621 750.608956 774.949017 798.846852 820.332505 841.288040 864.806484 890.370295 916.817368 945.034603 967.622863 990.457570 1016.731201 1042.970259 1068.016719 1096.237924 1130.126220 1160.418571 1186.706699 1213.730308
1040.724329 1012.359074 972.420567 926.364853 890.738461 873.395157 834.213831 798.941457 762.498845 743.670856 724.094974 700.412555 678.529498 657.282619 631.628028 609.359679 585.666011 589.552121 601.965234 615.780136 610.020565 606.413535 603.236383 592.064148 578.470371 564.968704 568.576356 583.657118 600.358982 607.666413 614.154274 621.554999 621.540410 614.572988 606.021984 611.439398 625.159531 640.881163 661.413617 683.412375 705.060451 725.444992 748.141521 771.934254 796.362331 822.933980 850.882387 872.653329 898.356915 925.657949 948.849794 965.667701 985.086899 1015.114114 1039.915467 1068.230168 1097.585310
920.361559 891.874260 850.069704 807.351998 764.666208 725.718199 692.506988 661.056053 643.147586 623.797389 605.610640 587.327770 566.379780 547.157071 528.577000 506.814298 489.387141 494.869852 508.014589 519.205708 522.024913 519.053800 516.029370 508.570494 494.928717 484.999650 493.457449 508.752782 523.520865 533.612546 540.226541 546.179619 543.364015 535.022542 529.058139 536.888712 552.101226 566.653120 583.624454 604.716863 625.723461 647.141652 669.628118 692.188099 717.185267 743.095622 769.594063 796.015218 820.512169 843.935403 857.346432 871.559470 882.403008 902.277901 924.679348 949.555345 978.203613
792.104213 763.700446 730.529490 692.130062 661.780975 629.809236 598.975944 568.623589 543.202961 526.126955 516.325188 501.618406 482.573386 469.285985 452.599422 435.381220 435.459207 438.523477 449.810196 451.134339 451.805318 448.874067 447.812373 443.517693 432.944142 439.926896 447.413376 462.008733 472.739628 482.092099 488.240271 492.257863 492.022884 485.483340 488.810861 495.753279 510.107643 521.744955 536.599887 557.157788 574.396899 593.681128 615.591546 638.274291 662.176035 687.649071 715.212556 740.216703 760.498930 771.025782 783.144257 790.744273 787.333309 803.680777 821.128497 838.784351 864.939463
