tests/Borden05m/sims/sim_1/output-maps/psiliqL0029N0004.asc
ncols         160
nrows         34
xllcorner     620200.000000
yllcorner     5168000.000000
cellsize      0.500000
NODATA_value  -9999.0
[rows 0 to 24 of 34, columns 0 to 54 of 160]
-9999.0 -9999.0 -9999.0 -9999.0 -9999.0 -9999.0 -9999.0 -9999.0 -9999.0 -9999.0 -9999.0 -9999.0 -9999.0 -9999.0 -9999.0 -9999.0 -9999.0 -9999.0 -9999.0 -9999.0 -9999.0 -9999.0 -9999.0 -9999.0 -9999.0 -9999.0 -9999.0 -9999.0 -9999.0 -9999.0 -9999.0 -9999.0 -9999.0 -9999.0 -9999.0 -9999.0 -9999.0 -9999.0 -9999.0 -9999.0 -9999.0 -9999.0 -9999.0 -9999.0 -9999.0 -9999.0 -9999.0 -9999.0 -9999.0 -9999.0 -9999.0 -9999.0 -9999.0 -9999.0 -9999.0
-9999.0 -9999.0 -9999.0 -9999.0 -9999.0 -9999.0 -9999.0 -9999.0 -9999.0 -9999.0 -9999.0 -9999.0 -9999.0 -9999.0 -9999.0 -9999.0 -9999.0 -9999.0 -9999.0 -9999.0 -9999.0 -9999.0 -9999.0 -9999.0 -9999.0 -9999.0 -9999.0 -9999.0 -9999.0 -9999.0 -9999.0 -9999.0 -9999.0 -9999.0 -9999.0 -9999.0 -9999.0 -9999.0 -9999.0 -9999.0 -9999.0 -9999.0 -9999.0 -9999.0 -9999.0 -9999.0 -9999.0 -9999.0 -9999.0 -9999.0 -9999.0 -9999.0 -9999.0 -9999.0 -9999.0
-9999.0 -9999.0 -9999.0 -9999.0 -9999.0 -9999.0 -9999.0 -9999.0 -9999.0 -9999.0 -9999.0 -9999.0 -9999.0 -9999.0 -9999.0 -9999.0 -9999.0 -9999.0 -9999.0 -9999.0 -9999.0 -9999.0 -9999.0 -9999.0 -9999.0 -9999.0 -9999.0 -9999.0 -9999.0 -9999.0 -9999.0 -9999.0 -9999.0 -9999.0 -9999.0 -9999.0 -9999.0 -9999.0 -9999.0 -9999.0 -9999.0 -9999.0 -9999.0 -9999.0 -9999.0 -9999.0 -9999.0 3872.392388 3855.232719 3842.357311 3836.923794 3857.437207 3880.279623 3903.956840 3924.328576
-9999.0 -9999.0 -9999.0 -9999.0 -9999.0 -9999.0 -9999.0 -9999.0 -9999.0 -9999.0 -9999.0 -9999.0 -9999.0 -9999.0 -9999.0 -9999.0 -9999.0 -9999.0 -9999.0 -9999.0 -9999.0 -9999.0 -9999.0 -9999.0 -9999.0 -9999.0 -9999.0 -9999.0 -9999.0 -9999.0 -9999.0 -9999.0 -9999.0 -9999.0 -9999.0 -9999.0 -9999.0 -9999.0 -9999.0 -9999.0 3924.039742 3929.884651 3929.147409 3919.331656 3907.829167 3893.584887 3872.686235 3855.596324 3842.911932 3841.038314 3843.255444 3845.083263 3865.024165 3890.457974 3910.271074
-9999.0 -9999.0 -9999.0 -9999.0 -9999.0 -9999.0 -9999.0 -9999.0 -9999.0 -9999.0 -9999.0 -9999.0 -9999.0 -9999.0 -9999.0 -9999.0 -9999.0 -9999.0 -9999.0 -9999.0 -9999.0 -9999.0 -9999.0 -9999.0 -9999.0 -9999.0 -9999.0 -9999.0 -9999.0 -9999.0 -9999.0 -9999.0 -9999.0 -9999.0 3831.973380 3848.642739 3866.364561 3884.813677 3901.713546 3908.742050 3914.480964 3919.590253 3914.629754 3910.072937 3898.052513 3876.266978 3856.828210 3844.179851 3843.370154 3840.766154 3843.872692 3854.774606 3871.086953 3885.500805 3905.663310
-9999.0 -9999.0 -9999.0 -9999.0 -9999.0 -9999.0 -9999.0 -9999.0 -9999.0 -9999.0 -9999.0 -9999.0 -9999.0 -9999.0 -9999.0 -9999.0 -9999.0 -9999.0 -9999.0 -9999.0 -9999.0 -9999.0 -9999.0 -9999.0 -9999.0 -9999.0 -9999.0 -9999.0 3838.595353 3832.516968 3827.588004 3825.777983 3824.065747 3822.956246 3829.384581 3840.025987 3856.555438 3878.537676 3891.713840 3898.797862 3905.563266 3905.569531 3899.160308 3897.233691 3897.461383 3884.245865 3871.472174 3859.495384 3847.729844 3843.828345 3852.198649 3866.150397 3882.037844 3896.199547 3911.071212
-9999.0 -9999.0 -9999.0 -9999.0 -9999.0 -9999.0 -9999.0 -9999.0 -9999.0 -9999.0 -9999.0 -9999.0 -9999.0 -9999.0 -9999.0 -9999.0 -9999.0 -9999.0 -9999.0 -9999.0 -9999.0 -9999.0 -9999.0 3809.072751 3813.610156 3819.942431 3827.461033 3828.226960 3824.955251 3819.425719 3816.596690 3814.916650 3812.178668 3816.423399 3822.786991 3835.195218 3849.914629 3871.960362 3879.735985 3883.125040 3893.844950 3897.434817 3905.445050 3908.870102 3906.489056 3901.626583 3885.612984 3872.958546 3873.859577 3876.885695 3883.287059 3891.263702 3904.321884 3917.133774 3931.398922
-9999.0 -9999.0 -9999.0 -9999.0 -9999.0 -9999.0 -9999.0 -9999.0 -9999.0 -9999.0 -9999.0 -9999.0 -9999.0 -9999.0 -9999.0 -9999.0 -9999.0 -9999.0 -9999.0 3784.894693 3785.892578 3787.351287 3792.099226 3792.198785 3793.644565 3800.078675 3807.742865 3810.482320 3807.800905 3806.592159 3807.447712 3809.535021 3813.607432 3823.262589 3835.910795 3849.096065 3860.904171 3880.787151 3894.344790 3905.554057 3919.866994 3919.992866 3915.892821 3913.656544 3912.784043 3910.023658 3906.245956 3903.677441 3909.200710 3908.172040 3910.277718 3918.734661 3930.235199 3945.631398 3961.902670
-9999.0 -9999.0 -9999.0 -9999.0 -9999.0 -9999.0 -9999.0 -9999.0 -9999.0 -9999.0 -9999.0 -9999.0 -9999.0 -9999.0 -9999.0 -9999.0 3755.872851 3757.497471 3759.760446 3765.153086 3768.899747 3772.593999 3779.304377 3780.575068 3783.462489 3790.010634 3793.769681 3802.593836 3810.411994 3816.677519 3821.648673 3823.075149 3828.309865 3836.300602 3846.440629 3858.754100 3877.252919 3899.797659 3914.232974 3929.811786 3946.051919 3945.654160 3942.858980 3941.990488 3939.146519 3938.370971 3951.059792 3952.760674 3945.069547 3952.214389 3962.619200 3964.112709 3970.145267 3989.375781 4010.544305
-9999.0 -9999.0 -9999.0 -9999.0 -9999.0 -9999.0 -9999.0 -9999.0 -9999.0 -9999.0 -9999.0 -9999.0 -9999.0 3705.768083 3709.510224 3719.701698 3731.610228 3734.559958 3739.424227 3746.002101 3757.720040 3760.897337 3766.269664 3772.716620 3784.879555 3792.691622 3800.437924 3811.106022 3817.886650 3823.566343 3828.530133 3829.430000 3839.120312 3851.436993 3864.069735 3881.538459 3902.121477 3918.760133 3935.130780 3950.505046 3960.558020 3955.785989 3954.092214 3955.242003 3958.266644 3969.271555 3984.322870 3981.804019 3988.525922 4007.588057 4016.278177 4021.842441 4026.721394 4040.163319 4061.335264
-9999.0 -9999.0 -9999.0 -9999.0 -9999.0 -9999.0 -9999.0 -9999.0 -9999.0 -9999.0 3680.918058 3681.947261 3677.817580 3674.076937 3679.718624 3691.770716 3706.183765 3710.998917 3722.660541 3743.644430 3762.014119 3764.237777 3776.510131 3785.840970 3791.468268 3799.790577 3811.102479 3821.398871 3834.768278 3844.516762 3850.894484 3864.707467 3878.557563 3892.865603 3908.244014 3927.079442 3940.869678 3962.075951 3985.193633 3991.735320 4006.341259 4006.357731 4001.172073 3998.105235 4006.608299 4015.722195 4028.089133 4041.077306 4057.974878 4078.318253 4086.315413 4098.294114 4106.480488 4115.984592 4130.914805
-9999.0 -9999.0 -9999.0 -9999.0 -9999.0 -9999.0 -9999.0 -9999.0 3656.552641 3664.629200 3669.421166 3665.605259 3660.597580 3653.649436 3668.017582 3682.708351 3697.796820 3715.618181 3730.278351 3747.727251 3760.306966 3773.553940 3792.573265 3801.718847 3810.530357 3823.844834 3835.000575 3847.515816 3866.004580 3871.022934 3879.129586 3896.402389 3909.787338 3924.771646 3941.236884 3955.868501 3973.468574 4001.697665 4028.845150 4042.677340 4067.359882 4082.467905 4075.214727 4072.096403 4072.247140 4094.021861 4118.813299 4146.825694 4163.744084 4185.765960 4213.255896 4232.181567 4241.149654 4251.993737 4265.625966
-9999.0 -9999.0 -9999.0 -9999.0 -9999.0 -9999.0 3628.014936 3652.133157 3666.935031 3657.614053 3641.759252 3635.574230 3628.175287 3660.233548 3681.959794 3698.466057 3714.157692 3730.637067 3745.683120 3751.847992 3779.257736 3797.761300 3807.637668 3818.356228 3831.286371 3844.144783 3858.536925 3877.839178 3892.916439 3911.710519 3924.323663 3937.830810 3959.642716 3975.279620 3990.712773 4002.420482 4028.350363 4061.714212 4095.208491 4118.209335 4141.666594 4172.925082 4171.076998 4172.088644 4172.621035 4196.735561 4230.731572 4260.186142 4291.456842 4321.595224 4350.149045 4360.491421 4369.334558 4379.116955 4391.630764
-9999.0 -9999.0 -9999.0 -9999.0 3596.488325 3616.958916 3634.752604 3664.078064 3685.259864 3679.604116 3682.665742 3679.357854 3673.464640 3677.901266 3685.383745 3701.330753 3719.435820 3737.919618 3750.181357 3774.313145 3820.474044 3829.247741 3843.464527 3870.992421 3880.090927 3892.487326 3906.616657 3925.344140 3941.054841 3965.992472 3997.373467 4024.034249 4043.805704 4061.702638 4079.834078 4095.335690 4130.153208 4166.625503 4201.762984 4232.587477 4258.854950 4284.862867 4290.543390 4295.084871 4304.888174 4322.152933 4345.123901 4372.798546 4406.895014 4439.106651 4462.216005 4470.679179 4475.636109 4485.172081 4492.418685
-9999.0 -9999.0 -9999.0 3541.361618 3580.277922 3619.924528 3644.603903 3673.935789 3705.539189 3703.504979 3711.244644 3709.029374 3705.712843 3709.413207 3710.355771 3725.515834 3742.827337 3762.263626 3782.337833 3814.064995 3840.909796 3855.134437 3880.964959 3893.897031 3904.386658 3915.693059 3933.275393 3951.722105 3986.631729 4014.382007 4059.099596 4108.847571 4139.984384 4158.519022 4180.967996 4208.551239 4233.846757 4273.120950 4307.126151 4339.192671 4369.366912 4391.310611 4405.064910 4409.465249 4419.312432 4424.844335 4437.009115 4458.048284 4480.591335 4511.685172 4541.205572 4570.876259 4586.488574 4597.882999 4615.313354
-9999.0 -9999.0 3492.720070 3532.488870 3562.811826 3608.156936 3660.565348 3695.103243 3733.330377 3750.233570 3751.747748 3759.999999 3768.420718 3767.179501 3773.577457 3784.335358 3806.394881 3814.960460 3835.257968 3847.173212 3881.105867 3912.050416 3902.510439 3937.786671 3966.788155 3999.926155 4021.591560 4047.969622 4086.001190 4118.479426 4162.199977 4212.240800 4246.083400 4273.718275 4289.851479 4310.548591 4330.858505 4357.892289 4395.316251 4420.785666 4454.976442 4480.545084 4500.044395 4500.110913 4502.705192 4519.095641 4548.193155 4579.978685 4609.750184 4639.728626 4621.263509 4646.785038 4658.205752 4664.577643 4674.596520
-9999.0 -9999.0 3461.467758 3508.227506 3540.970152 3596.345410 3683.822564 3716.629658 3755.136785 3799.738537 3811.632896 3831.588670 3820.776694 3804.547184 3820.338990 3832.272561 3853.991021 3861.318303 3854.016677 3905.129315 3956.255204 3975.306268 3973.617500 4052.262920 4105.890235 4131.754862 4149.459849 4169.912963 4189.116056 4226.967388 4265.088326 4320.227270 4361.548302 4391.650396 4406.355091 4427.081654 4446.898151 4461.950712 4481.933996 4530.216276 4567.363402 4599.247829 4632.219097 4653.968102 4662.318640 4667.807762 4639.744632 4661.106400 4675.593059 4681.841063 4684.368756 4680.516683 4679.985938 4680.850010 4681.771319
-9999.0 3366.837457 3419.329209 3468.862948 3531.654145 3590.912201 3663.042650 3736.040268 3803.694590 3856.269999 3880.104361 3868.547877 3860.071780 3881.139357 3898.790361 3912.818831 3918.712595 3929.942616 3909.292789 3963.712669 3998.010810 4042.466181 4140.116592 4199.189753 4266.360184 4261.700955 4249.263061 4253.253844 4268.248819 4315.677910 4397.308802 4455.654896 4524.238608 4575.274734 4593.188538 4601.231492 4620.554226 4641.899485 4583.201052 4630.622423 4652.566973 4670.877979 4681.670984 4684.194825 4685.604398 4685.341913 4681.573899 4674.416831 4666.138743 4660.215643 4655.929633 4651.426358 4653.870312 4657.211635 4657.253188
-9999.0 3327.533623 3384.221708 3451.483469 3517.501467 3558.671618 3635.328771 3806.380744 3870.339301 3907.923582 3909.147096 3874.079854 3927.306707 3985.779924 4008.200054 4053.741376 4036.369210 4020.729425 3979.055936 4003.155631 4040.095555 4110.966184 4288.571159 4378.803597 4436.286101 4444.203604 4444.257316 4473.385131 4519.549230 4569.731082 4618.639040 4581.548775 4636.138793 4663.140344 4668.782790 4669.572610 4675.630971 4674.002973 4672.785242 4668.228328 4662.986040 4663.168791 4667.944556 4667.807579 4664.789592 4661.310933 4655.546910 4648.128448 4642.985863 4638.344936 4635.702750 4632.894262 4630.831346 4629.886128 4624.842792
-9999.0 3283.943850 3359.577746 3416.039516 3456.498019 3540.733682 3671.222123 3816.871749 3913.664289 3946.542461 3913.103703 3940.391143 4044.126920 4153.299009 4206.425088 4227.197762 4203.965103 4150.079200 4125.478944 4169.545819 4242.118759 4369.008006 4519.162985 4624.410491 4640.784400 4644.547390 4591.184671 4619.897366 4646.510394 4649.668483 4650.918084 4660.037985 4665.206592 4668.277484 4666.666364 4663.761978 4658.897436 4650.612836 4645.834282 4642.054159 4638.212731 4636.895700 4638.771928 4640.779461 4637.882537 4633.948959 4629.457924 4623.884102 4617.504659 4610.668926 4606.225324 4601.864046 4599.679208 4593.888550 4590.466216
-9999.0 3153.274893 3251.838945 3287.774177 3349.959981 3541.954275 3671.295316 3808.466865 3978.176533 3994.091784 4032.518162 4177.248025 4300.806749 4383.861414 4411.116440 4443.667309 4468.212658 4483.397126 4521.548912 4385.303455 4472.285590 4580.107128 4630.172940 4651.883289 4664.014225 4664.429293 4654.204146 4633.044794 4622.227388 4615.461917 4617.076652 4624.407131 4628.938065 4633.607038 4631.264169 4632.468332 4633.840781 4630.683409 4626.582830 4617.701325 4609.764402 4602.819289 4599.196797 4603.771466 4599.144089 4596.931046 4590.614453 4581.981103 4572.858376 4565.447447 4557.305409 4550.664802 4548.456063 4543.449109 4542.208376
-9999.0 3072.098774 3143.057824 3193.370205 3295.156783 3457.938814 3542.909723 3697.558650 3946.932106 4088.604102 4263.090703 4359.806871 4430.965735 4469.955247 4518.891835 4573.507189 4602.112411 4615.215598 4580.495021 4606.270976 4561.613791 4550.241891 4568.447204 4598.803806 4617.216282 4621.509758 4613.844485 4605.018383 4597.723989 4596.600993 4594.232354 4589.562724 4584.874263 4580.949921 4577.811100 4581.045770 4586.568802 4579.180147 4568.439694 4558.621063 4549.782879 4540.289294 4534.187298 4529.188830 4529.882163 4530.210926 4522.432171 4511.773180 4500.702037 4492.246535 4485.019331 4480.639318 4477.791822 4472.654777 4462.399115
-9999.0 2945.372900 3080.966591 3151.202744 3236.189658 3361.304720 3457.447293 3604.625532 3728.786763 3980.224383 4118.139739 4333.101819 4386.307683 4460.345010 4506.383535 4582.572154 4576.968241 4545.814700 4500.762448 4484.947769 4498.174820 4507.736314 4515.524934 4529.436974 4547.588729 4558.113050 4563.953682 4558.331625 4544.001408 4530.844056 4518.741118 4504.163624 4494.218172 4491.430000 4496.243311 4506.939718 4507.063370 4497.658352 4483.177412 4464.327276 4448.252015 4436.079631 4434.230408 4437.296010 4438.584564 4434.302035 4428.596652 4417.603568 4404.795822 4392.018346 4386.551115 4382.285518 4374.543886 4362.781195 4350.451113
-9999.0 -9999.0 2991.291300 3098.125772 3185.506130 3290.946415 3370.323569 3479.068895 3615.264491 3783.657563 3900.382239 4094.135014 4196.198531 4241.222463 4272.774918 4330.179630 4358.152084 4393.320028 4390.990081 4405.257454 4416.681789 4422.574860 4427.496802 4432.465211 4442.779641 4452.881944 4463.926131 4461.074000 4452.354148 4431.033627 4404.034705 4382.958415 4372.037819 4362.210318 4375.006384 4387.858163 4381.715457 4374.684019 4361.778231 4345.317822 4332.737805 4318.259198 4314.807148 4314.579896 4315.237013 4312.977395 4310.796137 4298.267993 4285.958136 4276.333385 4272.482700 4266.800343 4263.455442 4253.650671 4243.013674
-9999.0 -9999.0 2901.377810 3002.682202 3099.410348 3212.725719 3289.574363 3283.662069 3413.495910 3512.414085 3620.843685 3735.927265 3837.220316 3908.212608 3939.390194 4003.046265 4063.941020 4083.836317 4129.780418 4190.365587 4227.459838 4270.381751 4295.183309 4304.432240 4317.044266 4332.095583 4339.489937 4323.495880 4312.138377 4294.860665 4270.795923 4243.146343 4229.180995 4229.401908 4227.672587 4228.352783 4220.222633 4211.318689 4196.700911 4183.036104 4170.909726 4162.462967 4158.925003 4152.771186 4150.186288 4147.414368 4145.946486 4141.318741 4133.581842 4129.547070 4121.200147 4117.823068 4117.367690 4114.943000 4109.750938
