tests/Borden05m/sims/sim_1/output-maps/psiliqL0030N0002.asc
ncols         160
nrows         34
xllcorner     620200.000000
yllcorner     5168000.000000
cellsize      0.500000
NODATA_value  -9999.0
[rows 0 to 24 of 34, columns 55 to 109 of 160]
-9999.0 -9999.0 -9999.0 -9999.0 -9999.0 -9999.0 -9999.0 -9999.0 -9999.0 -9999.0 -9999.0 -9999.0 -9999.0 -9999.0 -9999.0 -9999.0 -9999.0 -9999.0 -9999.0 -9999.0 -9999.0 -9999.0 -9999.0 -9999.0 -9999.0 -9999.0 -9999.0 -9999.0 -9999.0 -9999.0 -9999.0 -9999.0 -9999.0 -9999.0 -9999.0 -9999.0 -9999.0 -9999.0 -9999.0 -9999.0 -9999.0 -9999.0 -9999.0 -9999.0 -9999.0 -9999.0 -9999.0 -9999.0 -9999.0 -9999.0 -9999.0 -9999.0 -9999.0 -9999.0 -9999.0
-9999.0 -9999.0 -9999.0 -9999.0 4197.054388 4191.814464 4187.197590 4182.817468 4174.441958 4165.123519 4157.451739 4153.223682 4151.998896 4151.153616 4150.448365 4155.180448 4163.226923 4170.799554 4177.553052 4179.933072 4182.216114 4183.916602 4184.036055 4182.889602 4179.611835 4176.208604 4172.785270 4170.995886 4163.845686 4152.782478 4144.616668 4141.939306 4146.028814 4150.317631 4152.752407 4157.701058 4167.949637 4178.456220 4187.020757 4199.762527 4207.113582 4212.488634 4214.912374 4210.909619 4207.675630 4203.607388 4197.107346 4185.968519 -9999.0 -9999.0 -9999.0 -9999.0 -9999.0 -9999.0 -9999.0
4142.062151 4160.375282 4181.666295 4184.730191 4172.820866 4167.674058 4164.574231 4163.027341 4158.981805 4150.551075 4145.485122 4139.979768 4137.080604 4137.049908 4136.842543 4140.324751 4151.223400 4158.908936 4163.350775 4165.973901 4168.843802 4166.823481 4165.913827 4165.665561 4162.708478 4159.153660 4155.725331 4153.812055 4155.560987 4147.945911 4141.774893 4137.714577 4134.343003 4137.139283 4139.909105 4144.844407 4153.882161 4161.675568 4169.558707 4184.975438 4198.364265 4204.166932 4201.575736 4197.075459 4193.213642 4185.536174 4174.526443 4164.622402 4157.050085 4151.222824 4145.898313 4139.234656 4145.769387 4154.027759 4163.168913
4125.253462 4144.454029 4165.010769 4167.479862 4157.338920 4149.767692 4142.348590 4142.955356 4146.737889 4143.591999 4138.710519 4130.037165 4140.514524 4141.392996 4141.907128 4144.999214 4146.429933 4152.104100 4154.348642 4159.606672 4168.511006 4171.286216 4171.627410 4171.577921 4169.480658 4166.116484 4164.038017 4161.165492 4155.809837 4153.757083 4153.180885 4151.554306 4155.352456 4156.869513 4160.133199 4154.993597 4159.667100 4165.914139 4172.899913 4178.078285 4184.027446 4186.072302 4182.739067 4183.751846 4175.395975 4161.775093 4152.302118 4145.161037 4146.078904 4143.220464 4135.285802 4121.261092 4129.964024 4146.280994 4151.152306
4129.976391 4138.840261 4149.035758 4151.382203 4146.326785 4148.798401 4150.622409 4151.715194 4149.749329 4146.026041 4140.888363 4150.645033 4158.580897 4159.803554 4162.028848 4166.010069 4167.246636 4156.639616 4154.659343 4161.547226 4170.925136 4175.813979 4175.918519 4175.395084 4171.138305 4169.863840 4169.647394 4167.915226 4166.954513 4168.201566 4164.991483 4167.392307 4172.793663 4176.226136 4171.793240 4163.584318 4166.250380 4174.904042 4184.311426 4191.955100 4201.936459 4212.499973 4213.143739 4208.921628 4200.516321 4188.360836 4166.163121 4149.244624 4138.225931 4129.954973 4122.665558 4126.587767 4121.384441 4136.030016 4137.894939
4112.780143 4134.688054 4154.419260 4159.663987 4153.645275 4150.328334 4149.561032 4150.148181 4148.818120 4148.481595 4156.046137 4167.244273 4177.453778 4179.212915 4180.780102 4179.194878 4172.115038 4161.733145 4159.361883 4172.105125 4188.965506 4196.663250 4195.780882 4190.280719 4192.167864 4192.748946 4193.947831 4191.066760 4191.365592 4187.727356 4191.746077 4199.459963 4207.713664 4206.488418 4193.951632 4181.298578 4181.665391 4187.948460 4196.026144 4203.999328 4214.076007 4222.943087 4218.151088 4213.532982 4206.884612 4182.083007 4160.731814 4147.133080 4147.441386 4148.344064 4144.026217 4142.344396 4142.177124 4138.987511 4139.442576
4147.464882 4166.169711 4186.572928 4198.723484 4192.488874 4185.263289 4177.418191 4177.532019 4177.150176 4182.339683 4191.957169 4203.308533 4224.398106 4222.877868 4222.514939 4219.945123 4206.496956 4192.982483 4183.385465 4206.829425 4218.156296 4224.863812 4220.941923 4224.580910 4232.857411 4229.610779 4223.873601 4211.250544 4216.661528 4221.498498 4236.720891 4245.069581 4250.831424 4245.194471 4230.384137 4223.262402 4225.712697 4233.506060 4235.797427 4245.713940 4253.950358 4268.756413 4267.054685 4265.376748 4246.108989 4208.825231 4180.849675 4170.480721 4183.520408 4178.080850 4171.651211 4172.557673 4162.304501 4156.184266 4159.472086
4176.098540 4188.404762 4204.229169 4220.433616 4210.430156 4200.548196 4183.152732 4179.314766 4182.574147 4192.932628 4210.175212 4226.843104 4245.771814 4241.657506 4232.203142 4241.995798 4234.903297 4223.621633 4216.364744 4241.095430 4250.662607 4260.512410 4265.070277 4277.792960 4287.968995 4269.310729 4250.667457 4238.638637 4246.293472 4273.846431 4297.988805 4302.767792 4301.175457 4299.555171 4282.216569 4277.888780 4275.460498 4277.478875 4275.774844 4274.508924 4302.034017 4325.076220 4325.127582 4303.843725 4281.156831 4240.074283 4201.858683 4179.540060 4196.388627 4192.505768 4196.846140 4187.952612 4177.103217 4172.577848 4172.042609
4220.715306 4240.439667 4255.929985 4278.405000 4266.492022 4241.644615 4223.288445 4225.433440 4239.533535 4248.178472 4267.957949 4283.248219 4307.647410 4317.257595 4326.355077 4330.398007 4323.852673 4315.484996 4303.848526 4311.454002 4337.670424 4349.353943 4357.095391 4364.887673 4377.722555 4376.548959 4368.296115 4366.064795 4370.871307 4386.470186 4402.776335 4409.622927 4412.001737 4413.716200 4397.447735 4383.613534 4382.916405 4378.398901 4378.785395 4378.440299 4392.573843 4415.972491 4412.163366 4371.959529 4344.691532 4308.121272 4268.678021 4239.335418 4236.145469 4258.780759 4258.913310 4242.835971 4234.674338 4210.988571 4208.954587
4286.354093 4319.165265 4343.112905 4352.484924 4358.532744 4340.962290 4338.038362 4342.590572 4351.668014 4354.557751 4360.913399 4393.761769 4427.725928 4451.864064 4474.578699 4481.563121 4468.720312 4458.985618 4444.982910 4436.417282 4449.778494 4468.154083 4486.332168 4501.184455 4512.665324 4514.298243 4512.610615 4512.622618 4516.148666 4519.216626 4524.028108 4533.356883 4541.215077 4549.508223 4556.622918 4544.644095 4527.445351 4519.037912 4511.381312 4511.794877 4513.950586 4519.403033 4520.619105 4500.622020 4454.634554 4421.380346 4388.534001 4371.177078 4359.747525 4363.196193 4344.741590 4319.115669 4265.170402 4228.000259 4197.114173
4369.413890 4415.584158 4445.176470 4460.800835 4473.234688 4468.736620 4470.775296 4471.626944 4475.013151 4476.785007 4478.408203 4507.073032 4550.717848 4591.517474 4623.808913 4622.579174 4607.476654 4595.867037 4587.200139 4571.573748 4567.488642 4581.889026 4598.924206 4620.835345 4631.067637 4636.055632 4631.884906 4632.060436 4634.368253 4636.868589 4639.178796 4643.451960 4654.103899 4670.423380 4686.143657 4684.607062 4663.574713 4645.106220 4629.339934 4628.287042 4626.854200 4622.011958 4624.907561 4626.942601 4607.789234 4573.779649 4531.829062 4491.281343 4477.011535 4463.140374 4452.283655 4434.298153 4387.985504 4315.256348 4272.041273
4486.194267 4523.508212 4553.220665 4584.180306 4598.271747 4599.047958 4595.809023 4593.878106 4601.107889 4602.921727 4607.351347 4624.292752 4659.933351 4698.332083 4729.615510 4744.719043 4735.590722 4715.692171 4691.634060 4680.156036 4676.673462 4680.933388 4691.615949 4706.362760 4727.540481 4748.447801 4754.430728 4755.384349 4752.605112 4755.199927 4756.962702 4757.120341 4760.766383 4770.723104 4781.715427 4785.404412 4776.441515 4753.303072 4728.307431 4717.769937 4711.828204 4708.630707 4710.531997 4716.888433 4721.172247 4704.846062 4666.062543 4618.366751 4588.749440 4575.220038 4562.833856 4547.901603 4534.246010 4495.776778 4472.908615
4598.125410 4614.513576 4644.470705 4674.734409 4697.366678 4711.853606 4711.233969 4713.587625 4718.590912 4725.287079 4740.499269 4765.822930 4787.146861 4812.339865 4841.346981 4859.277143 4864.485846 4862.084345 4856.927835 4857.909364 4858.348179 4780.550508 4788.158949 4795.763828 4816.925654 4835.370946 4842.165707 4842.955131 4839.805487 4841.958639 4842.906033 4842.705030 4842.320277 4845.594346 4851.879184 4854.281229 4851.311702 4836.184196 4860.540969 4839.102751 4824.853640 4816.214565 4807.598532 4799.273754 4789.657437 4779.365360 4757.349950 4724.260482 4688.671418 4668.571731 4661.373659 4654.891500 4645.155555 4638.787998 4620.405898
4698.389465 4709.066122 4728.715741 4752.970900 4790.045670 4815.632543 4827.699419 4837.562160 4842.374922 4857.229472 4875.450003 4855.065281 4865.382767 4876.059463 4886.667879 4890.310901 4891.353981 4890.872678 4888.393428 4887.431290 4884.682428 4881.642317 4870.725136 4872.384478 4874.520681 4877.201296 4881.038440 4880.019215 4881.213076 4884.194948 4882.317122 4876.009950 4871.707186 4870.123816 4871.347731 4878.947215 4882.603206 4883.637512 4879.292948 4878.242923 4877.005834 4872.782502 4867.509758 4860.076743 4850.568450 4870.051666 4856.958377 4826.553762 4782.773073 4738.363920 4732.576020 4736.253785 4735.558892 4734.153494 4728.286281
4832.486031 4847.210068 4863.047717 4833.067269 4860.810903 4875.009007 4881.647792 4886.463567 4889.507079 4893.506594 4890.580051 4887.722593 4882.707241 4880.984208 4879.577625 4877.085249 4877.694895 4875.802147 4871.626094 4867.318944 4858.661273 4846.657086 4835.469915 4831.457330 4835.652423 4841.542628 4847.062297 4852.050862 4855.963337 4855.532887 4849.715943 4840.962484 4833.141862 4831.569367 4838.667849 4844.535957 4851.632166 4852.603783 4851.193317 4848.480925 4848.036929 4844.402330 4844.494777 4851.893557 4867.417573 4868.965832 4876.295150 4875.251387 4854.577766 4817.142182 4836.172295 4815.712684 4822.571364 4817.736437 4806.076723
4881.249282 4884.690369 4882.665454 4881.834345 4875.219631 4868.991886 4868.153295 4872.231496 4879.388222 4880.336667 4873.158041 4864.327021 4856.847492 4849.015838 4846.489895 4846.144184 4845.999112 4846.619947 4841.234545 4831.184187 4813.292164 4801.568236 4790.451842 4784.476933 4779.891571 4782.747814 4794.648834 4807.964826 4813.211562 4802.806661 4793.851449 4781.442411 4773.280804 4773.805225 4774.366914 4784.170876 4802.353637 4811.179546 4812.055320 4805.016415 4797.712508 4790.739317 4787.276822 4793.675261 4809.369609 4827.033612 4843.700513 4853.428256 4861.460559 4868.969092 4865.299255 4868.703407 4870.576547 4867.931931 4872.622817
4876.181350 4868.953981 4861.723042 4856.227918 4849.744436 4844.502198 4842.539517 4844.144032 4845.640655 4841.127036 4834.729924 4824.615283 4813.327542 4803.435913 4795.097443 4796.133605 4798.515468 4800.406817 4792.625270 4776.658315 4758.390056 4744.677119 4730.640825 4726.635446 4720.246597 4711.149996 4721.133720 4742.044353 4749.941350 4732.701851 4721.315040 4705.592275 4699.251910 4694.864435 4695.369586 4704.199102 4727.964073 4754.197245 4756.712268 4745.263184 4733.864082 4729.239330 4725.885585 4729.981815 4746.499173 4768.063699 4785.021827 4796.068494 4801.477717 4809.325718 4818.861379 4834.159747 4849.862651 4862.939825 4866.254614
4850.279481 4842.425790 4834.655177 4826.874644 4819.874942 4813.527450 4809.087261 4807.065070 4802.482581 4796.156374 4788.927957 4765.544206 4752.725344 4739.163732 4723.485583 4719.217286 4713.531730 4714.246448 4702.411503 4695.126785 4679.225394 4663.719016 4647.928468 4633.321522 4627.540893 4620.441281 4616.455792 4629.225474 4637.461620 4629.362372 4619.849685 4609.984941 4606.075799 4602.692507 4605.443401 4616.053009 4634.776397 4653.150862 4662.314421 4655.319168 4655.665680 4656.783967 4655.263475 4662.095778 4671.844261 4689.477030 4712.868977 4733.343540 4743.745489 4750.553224 4759.680684 4774.403113 4788.888720 4803.703751 4822.398846
4819.372533 4809.851204 4799.716131 4789.714656 4778.968301 4768.167274 4761.304701 4764.305251 4758.263438 4752.670361 4726.838695 4667.896698 4645.259931 4625.583453 4608.654011 4601.260993 4592.161849 4572.640383 4563.950353 4560.097661 4565.575549 4552.010752 4534.323338 4515.905227 4511.043055 4507.687458 4487.021039 4478.794804 4478.327691 4499.343169 4493.778910 4494.292076 4497.804940 4495.508984 4496.123751 4508.651452 4514.879650 4518.673355 4525.860273 4533.315468 4545.632558 4554.781716 4567.792987 4585.849372 4596.124156 4610.951187 4631.257135 4658.105768 4674.778477 4684.553607 4694.992228 4710.430927 4726.704864 4744.870167 4767.619312
4784.079803 4766.353929 4751.205236 4736.526676 4723.533131 4710.337592 4693.212403 4695.228938 4693.317546 4682.050548 4621.556215 4580.979709 4546.176833 4529.004314 4504.398068 4489.684393 4470.973623 4427.565827 4408.673720 4410.229402 4428.851022 4427.637706 4412.895161 4401.764767 4391.771468 4381.287557 4361.610628 4338.910298 4345.540924 4366.558662 4369.681480 4375.065874 4384.513365 4384.547935 4376.581677 4370.690639 4381.928053 4386.510368 4398.463147 4418.860686 4424.292533 4443.973799 4481.086116 4493.927910 4509.212096 4527.219384 4547.345735 4569.470628 4593.195007 4607.775907 4623.372245 4641.872205 4658.660844 4678.992687 4701.465765
4731.233167 4698.633971 4676.667275 4658.723968 4638.622444 4608.982574 4588.812650 4586.302909 4580.117514 4546.860881 4491.727908 4457.536174 4436.248360 4414.263204 4391.350172 4365.298412 4323.570570 4287.249383 4264.587608 4284.371272 4297.187764 4313.082387 4302.647720 4292.608107 4283.186254 4263.388339 4245.903594 4227.494254 4239.547771 4248.314299 4271.699444 4280.037887 4284.146257 4291.466930 4289.942312 4276.634740 4267.408927 4275.258954 4285.073577 4297.843027 4322.862670 4361.130631 4386.257327 4405.128709 4425.717429 4443.939419 4464.834304 4487.491246 4510.785947 4528.125578 4546.363636 4564.540385 4585.325033 4603.757927 4625.817843
4646.051307 4617.564197 4591.240735 4567.693011 4533.719347 4484.073084 4469.523197 4460.113576 4434.280176 4381.974964 4340.214272 4324.658323 4315.697578 4292.868489 4272.830261 4242.824756 4207.664228 4187.863912 4167.121517 4179.101909 4190.938122 4214.785775 4207.419874 4202.455679 4200.849021 4185.337924 4172.351084 4155.109177 4160.961126 4174.150266 4200.353139 4207.223552 4211.746871 4222.246744 4221.681251 4216.138260 4194.977621 4200.943568 4211.946441 4227.131006 4259.797551 4281.694173 4303.632040 4325.647093 4344.670797 4365.803181 4387.350357 4409.830639 4436.470130 4455.953086 4474.763766 4496.081423 4514.576272 4527.149785 4541.319850
4533.886328 4510.612656 4492.211905 4467.979782 4422.302286 4377.917463 4333.972066 4302.647878 4244.319695 4208.690388 4194.040236 4199.631348 4190.198870 4172.185811 4154.829393 4136.830042 4117.112453 4100.407606 4075.361979 4081.915179 4099.603358 4118.374633 4122.979460 4126.144565 4125.681602 4117.445931 4104.255024 4090.714928 4094.600659 4112.638612 4131.234220 4142.511902 4150.769521 4158.626840 4158.139515 4147.314556 4136.402401 4140.582313 4156.267421 4172.125407 4187.949439 4207.462059 4227.349039 4247.233220 4269.169482 4290.961943 4312.990227 4337.003684 4363.270166 4384.522204 4407.662720 4431.442971 4446.302566 4453.138608 4457.927456
4429.232097 4411.620907 4389.162869 4361.277294 4318.713030 4279.953826 4239.768943 4189.110771 4156.344855 4129.310688 4127.546708 4114.616966 4104.407670 4092.691638 4073.860870 4059.885932 4047.891049 4027.900429 4021.948807 4030.728970 4044.900484 4052.230081 4061.227729 4059.975163 4058.393229 4053.943399 4040.183704 4038.707534 4049.497066 4064.669293 4077.882889 4090.061998 4097.006185 4101.616738 4098.271601 4088.469337 4086.508876 4094.440792 4109.533438 4121.944894 4134.968537 4154.369774 4172.848039 4193.245003 4214.461621 4235.084399 4258.174094 4282.004029 4306.938906 4333.573320 4354.514237 4370.762213 4377.464111 4385.003923 4380.480122
4303.795866 4295.160224 4269.799790 4241.699064 4214.537127 4184.433722 4163.560947 4133.962587 4105.675632 4078.635493 4054.038419 4045.234421 4042.114342 4031.727521 4017.273468 4008.469430 3994.805737 3989.089128 3998.757195 3999.933463 4007.147095 4004.407408 4006.007434 4004.303822 4004.350420 4003.447999 3999.608287 4013.778413 4019.911865 4032.723705 4042.350969 4052.114653 4057.564122 4060.698729 4062.169513 4058.672523 4065.238758 4070.380792 4083.056478 4093.185981 4105.082360 4123.499744 4138.844822 4156.026541 4176.639347 4197.963288 4219.993525 4244.003040 4270.504502 4293.388094 4308.694454 4312.692013 4319.572366 4317.575666 4302.610375
