tests/Borden05m/sims/sim_1/output-maps/psiliqL0030N0013.asc
ncols         160
nrows         34
xllcorner     620200.000000
yllcorner     5168000.000000
cellsize      0.500000
NODATA_value  -9999.0
[rows 0 to 24 of 34, columns 55 to 109 of 160]
-9999.0 -9999.0 -9999.0 -9999.0 -9999.0 -9999.0 -9999.0 -9999.0 -9999.0 -9999.0 -9999.0 -9999.0 -9999.0 -9999.0 -9999.0 -9999.0 -9999.0 -9999.0 -9999.0 -9999.0 -9999.0 -9999.0 -9999.0 -9999.0 -9999.0 -9999.0 -9999.0 -9999.0 -9999.0 -9999.0 -9999.0 -9999.0 -9999.0 -9999.0 -9999.0 -9999.0 -9999.0 -9999.0 -9999.0 -9999.0 -9999.0 -9999.0 -9999.0 -9999.0 -9999.0 -9999.0 -9999.0 -9999.0 -9999.0 -9999.0 -9999.0 -9999.0 -9999.0 -9999.0 -9999.0
-9999.0 -9999.0 -9999.0 -9999.0 4197.054397 4191.814447 4187.197588 4182.817476 4174.441959 4165.123520 4157.451727 4153.223702 4151.998888 4151.153614 4150.448363 4155.180465 4163.226908 4170.799568 4177.553046 4179.933077 4182.216112 4183.916595 4184.036053 4182.889601 4179.611832 4176.208605 4172.785266 4170.995895 4163.845696 4152.782487 4144.616657 4141.939304 4146.028812 4150.317623 4152.752409 4157.701053 4167.949626 4178.456241 4187.020755 4199.762507 4207.113595 4212.488642 4214.912362 4210.909619 4207.675642 4203.607379 4197.107340 4185.968527 -9999.0 -9999.0 -9999.0 -9999.0 -9999.0 -9999.0 -9999.0
4142.062154 4160.375280 4181.666292 4184.730187 4172.820856 4167.674083 4164.574213 4163.027345 4158.981810 4150.551085 4145.485125 4139.979759 4137.080593 4137.049922 4136.842545 4140.324739 4151.223396 4158.908940 4163.350760 4165.973901 4168.843808 4166.823491 4165.913837 4165.665569 4162.708489 4159.153668 4155.725334 4153.812039 4155.560966 4147.945923 4141.774899 4137.714584 4134.342998 4137.139298 4139.909122 4144.844405 4153.882166 4161.675549 4169.558713 4184.975456 4198.364256 4204.166919 4201.575757 4197.075438 4193.213638 4185.536191 4174.526459 4164.622379 4157.050088 4151.222823 4145.898307 4139.234658 4145.769388 4154.027765 4163.168900
4125.253462 4144.454041 4165.010754 4167.479848 4157.338945 4149.767677 4142.348603 4142.955368 4146.737875 4143.591980 4138.710529 4130.037167 4140.514546 4141.392987 4141.907135 4144.999224 4146.429930 4152.104118 4154.348642 4159.606667 4168.511014 4171.286202 4171.627403 4171.577915 4169.480647 4166.116478 4164.038026 4161.165507 4155.809853 4153.757079 4153.180875 4151.554311 4155.352462 4156.869499 4160.133186 4154.993606 4159.667104 4165.914134 4172.899912 4178.078290 4184.027453 4186.072290 4182.739073 4183.751850 4175.395990 4161.775073 4152.302107 4145.161054 4146.078911 4143.220475 4135.285813 4121.261095 4129.964023 4146.280976 4151.152319
4129.976377 4138.840261 4149.035776 4151.382219 4146.326762 4148.798412 4150.622394 4151.715192 4149.749346 4146.026057 4140.888357 4150.645024 4158.580880 4159.803555 4162.028847 4166.010069 4167.246647 4156.639594 4154.659354 4161.547234 4170.925142 4175.813985 4175.918512 4175.395086 4171.138315 4169.863833 4169.647386 4167.915216 4166.954515 4168.201546 4164.991496 4167.392302 4172.793658 4176.226139 4171.793246 4163.584327 4166.250385 4174.904055 4184.311419 4191.955098 4201.936470 4212.499966 4213.143732 4208.921633 4200.516308 4188.360843 4166.163118 4149.244618 4138.225936 4129.954961 4122.665547 4126.587787 4121.384450 4136.030014 4137.894958
4112.780147 4134.688047 4154.419257 4159.663991 4153.645282 4150.328341 4149.561021 4150.148193 4148.818114 4148.481581 4156.046154 4167.244262 4177.453793 4179.212918 4180.780086 4179.194895 4172.115036 4161.733131 4159.361886 4172.105134 4188.965484 4196.663256 4195.780883 4190.280718 4192.167871 4192.748943 4193.947831 4191.066766 4191.365602 4187.727362 4191.746078 4199.459963 4207.713676 4206.488432 4193.951627 4181.298562 4181.665396 4187.948449 4196.026142 4203.999342 4214.075992 4222.943101 4218.151082 4213.532990 4206.884608 4182.083010 4160.731835 4147.133064 4147.441384 4148.344069 4144.026213 4142.344379 4142.177122 4138.987501 4139.442575
4147.464892 4166.169699 4186.572928 4198.723486 4192.488877 4185.263295 4177.418196 4177.532027 4177.150162 4182.339682 4191.957164 4203.308549 4224.398119 4222.877860 4222.514940 4219.945103 4206.496970 4192.982496 4183.385468 4206.829425 4218.156304 4224.863817 4220.941939 4224.580913 4232.857407 4229.610770 4223.873614 4211.250544 4216.661520 4221.498505 4236.720890 4245.069567 4250.831417 4245.194451 4230.384146 4223.262400 4225.712714 4233.506054 4235.797436 4245.713930 4253.950372 4268.756408 4267.054689 4265.376754 4246.108975 4208.825246 4180.849664 4170.480722 4183.520423 4178.080851 4171.651204 4172.557688 4162.304502 4156.184275 4159.472078
4176.098545 4188.404747 4204.229184 4220.433614 4210.430147 4200.548184 4183.152717 4179.314764 4182.574154 4192.932650 4210.175199 4226.843094 4245.771810 4241.657488 4232.203164 4241.995814 4234.903277 4223.621638 4216.364737 4241.095440 4250.662604 4260.512395 4265.070260 4277.792970 4287.968987 4269.310732 4250.667467 4238.638620 4246.293478 4273.846415 4297.988826 4302.767794 4301.175474 4299.555186 4282.216554 4277.888792 4275.460486 4277.478879 4275.774839 4274.508910 4302.034027 4325.076212 4325.127568 4303.843731 4281.156817 4240.074284 4201.858693 4179.540043 4196.388624 4192.505781 4196.846150 4187.952597 4177.103214 4172.577845 4172.042616
4220.715311 4240.439668 4255.929977 4278.405010 4266.492021 4241.644620 4223.288462 4225.433427 4239.533531 4248.178463 4267.957954 4283.248217 4307.647422 4317.257598 4326.355062 4330.398000 4323.852675 4315.484986 4303.848534 4311.453995 4337.670421 4349.353956 4357.095393 4364.887666 4377.722547 4376.548966 4368.296118 4366.064798 4370.871307 4386.470202 4402.776320 4409.622917 4412.001722 4413.716205 4397.447740 4383.613526 4382.916404 4378.398894 4378.785411 4378.440302 4392.573839 4415.972503 4412.163377 4371.959540 4344.691530 4308.121281 4268.678030 4239.335415 4236.145484 4258.780745 4258.913296 4242.835988 4234.674334 4210.988565 4208.954593
4286.354088 4319.165276 4343.112889 4352.484920 4358.532746 4340.962302 4338.038353 4342.590588 4351.668029 4354.557735 4360.913395 4393.761775 4427.725921 4451.864081 4474.578692 4481.563141 4468.720318 4458.985611 4444.982905 4436.417304 4449.778478 4468.154084 4486.332169 4501.184476 4512.665319 4514.298238 4512.610603 4512.622626 4516.148656 4519.216616 4524.028118 4533.356889 4541.215070 4549.508231 4556.622932 4544.644089 4527.445352 4519.037912 4511.381315 4511.794870 4513.950573 4519.403038 4520.619097 4500.622010 4454.634548 4421.380330 4388.534002 4371.177069 4359.747538 4363.196188 4344.741600 4319.115667 4265.170419 4228.000249 4197.114178
4369.413906 4415.584146 4445.176490 4460.800834 4473.234694 4468.736605 4470.775307 4471.626933 4475.013139 4476.785023 4478.408194 4507.073045 4550.717865 4591.517458 4623.808911 4622.579159 4607.476652 4595.867055 4587.200125 4571.573732 4567.488656 4581.889018 4598.924214 4620.835322 4631.067646 4636.055626 4631.884918 4632.060417 4634.368270 4636.868597 4639.178779 4643.451978 4654.103885 4670.423395 4686.143642 4684.607054 4663.574723 4645.106207 4629.339949 4628.287043 4626.854202 4622.011953 4624.907556 4626.942615 4607.789244 4573.779667 4531.829062 4491.281335 4477.011524 4463.140391 4452.283637 4434.298153 4387.985494 4315.256362 4272.041265
4486.194250 4523.508219 4553.220657 4584.180291 4598.271740 4599.047962 4595.809033 4593.878097 4601.107898 4602.921716 4607.351352 4624.292749 4659.933345 4698.332077 4729.615498 4744.719047 4735.590724 4715.692173 4691.634064 4680.156046 4676.673453 4680.933394 4691.615955 4706.362765 4727.540465 4748.447809 4754.430738 4755.384353 4752.605102 4755.199942 4756.962685 4757.120335 4760.766383 4770.723097 4781.715431 4785.404398 4776.441530 4753.303081 4728.307414 4717.769936 4711.828206 4708.630717 4710.532002 4716.888439 4721.172224 4704.846065 4666.062539 4618.366757 4588.749431 4575.220047 4562.833858 4547.901596 4534.246025 4495.776766 4472.908612
4598.125416 4614.513573 4644.470713 4674.734417 4697.366688 4711.853589 4711.233981 4713.587614 4718.590909 4725.287069 4740.499281 4765.822918 4787.146854 4812.339883 4841.346998 4859.277143 4864.485839 4862.084348 4856.927834 4857.909356 4858.348177 4780.550496 4788.158955 4795.763834 4816.925674 4835.370925 4842.165706 4842.955132 4839.805483 4841.958640 4842.906035 4842.705048 4842.320281 4845.594342 4851.879186 4854.281228 4851.311694 4836.184193 4860.540971 4839.102757 4824.853644 4816.214550 4807.598521 4799.273752 4789.657449 4779.365349 4757.349942 4724.260478 4688.671436 4668.571739 4661.373643 4654.891517 4645.155551 4638.787995 4620.405916
4698.389479 4709.066114 4728.715726 4752.970914 4790.045666 4815.632560 4827.699402 4837.562172 4842.374933 4857.229477 4875.450011 4855.065273 4865.382763 4876.059453 4886.667873 4890.310895 4891.353977 4890.872670 4888.393435 4887.431298 4884.682427 4881.642330 4870.725133 4872.384484 4874.520658 4877.201305 4881.038452 4880.019201 4881.213090 4884.194942 4882.317135 4876.009926 4871.707197 4870.123822 4871.347724 4878.947228 4882.603221 4883.637501 4879.292939 4878.242932 4877.005841 4872.782514 4867.509769 4860.076749 4850.568455 4870.051671 4856.958378 4826.553757 4782.773061 4738.363929 4732.576017 4736.253776 4735.558910 4734.153485 4728.286262
4832.486041 4847.210046 4863.047741 4833.067261 4860.810896 4875.009005 4881.647794 4886.463571 4889.507065 4893.506579 4890.580036 4887.722611 4882.707244 4880.984219 4879.577609 4877.085258 4877.694902 4875.802138 4871.626105 4867.318929 4858.661285 4846.657073 4835.469920 4831.457311 4835.652451 4841.542615 4847.062306 4852.050853 4855.963333 4855.532896 4849.715954 4840.962472 4833.141876 4831.569358 4838.667847 4844.535944 4851.632163 4852.603797 4851.193317 4848.480920 4848.036917 4844.402324 4844.494767 4851.893556 4867.417569 4868.965834 4876.295153 4875.251394 4854.577770 4817.142188 4836.172293 4815.712678 4822.571372 4817.736445 4806.076715
4881.249276 4884.690372 4882.665457 4881.834333 4875.219650 4868.991873 4868.153283 4872.231501 4879.388230 4880.336677 4873.158049 4864.327016 4856.847484 4849.015847 4846.489898 4846.144194 4845.999117 4846.619949 4841.234536 4831.184183 4813.292181 4801.568222 4790.451858 4784.476946 4779.891548 4782.747830 4794.648827 4807.964819 4813.211554 4802.806670 4793.851432 4781.442409 4773.280793 4773.805227 4774.366897 4784.170895 4802.353648 4811.179552 4812.055307 4805.016426 4797.712509 4790.739308 4787.276831 4793.675257 4809.369610 4827.033609 4843.700517 4853.428239 4861.460558 4868.969082 4865.299252 4868.703400 4870.576535 4867.931919 4872.622837
4876.181358 4868.953990 4861.723030 4856.227911 4849.744437 4844.502205 4842.539529 4844.144011 4845.640666 4841.127031 4834.729940 4824.615266 4813.327557 4803.435908 4795.097444 4796.133606 4798.515452 4800.406822 4792.625265 4776.658305 4758.390070 4744.677108 4730.640819 4726.635434 4720.246590 4711.150004 4721.133723 4742.044356 4749.941362 4732.701850 4721.315030 4705.592300 4699.251898 4694.864439 4695.369593 4704.199107 4727.964054 4754.197229 4756.712283 4745.263179 4733.864082 4729.239336 4725.885578 4729.981801 4746.499194 4768.063689 4785.021809 4796.068510 4801.477723 4809.325709 4818.861379 4834.159759 4849.862668 4862.939818 4866.254616
4850.279493 4842.425777 4834.655172 4826.874660 4819.874938 4813.527460 4809.087261 4807.065060 4802.482594 4796.156382 4788.927938 4765.544225 4752.725325 4739.163734 4723.485583 4719.217273 4713.531743 4714.246450 4702.411508 4695.126803 4679.225379 4663.719025 4647.928452 4633.321532 4627.540907 4620.441259 4616.455809 4629.225461 4637.461612 4629.362378 4619.849688 4609.984932 4606.075795 4602.692516 4605.443397 4616.052995 4634.776415 4653.150866 4662.314399 4655.319182 4655.665685 4656.783968 4655.263465 4662.095790 4671.844240 4689.477045 4712.868989 4733.343544 4743.745499 4750.553227 4759.680681 4774.403119 4788.888715 4803.703740 4822.398844
4819.372519 4809.851206 4799.716140 4789.714669 4778.968277 4768.167280 4761.304703 4764.305266 4758.263419 4752.670344 4726.838691 4667.896708 4645.259926 4625.583455 4608.654016 4601.260991 4592.161844 4572.640368 4563.950373 4560.097647 4565.575564 4552.010747 4534.323346 4515.905238 4511.043035 4507.687474 4487.021035 4478.794793 4478.327709 4499.343159 4493.778911 4494.292083 4497.804929 4495.509001 4496.123729 4508.651475 4514.879637 4518.673358 4525.860287 4533.315470 4545.632566 4554.781710 4567.792978 4585.849384 4596.124162 4610.951169 4631.257133 4658.105777 4674.778456 4684.553616 4694.992241 4710.430921 4726.704875 4744.870170 4767.619328
4784.079824 4766.353923 4751.205220 4736.526676 4723.533135 4710.337591 4693.212388 4695.228936 4693.317552 4682.050563 4621.556215 4580.979708 4546.176830 4529.004328 4504.398047 4489.684416 4470.973610 4427.565823 4408.673718 4410.229393 4428.851018 4427.637708 4412.895167 4401.764770 4391.771470 4381.287546 4361.610642 4338.910303 4345.540931 4366.558651 4369.681475 4375.065888 4384.513376 4384.547925 4376.581690 4370.690628 4381.928055 4386.510368 4398.463140 4418.860679 4424.292519 4443.973814 4481.086126 4493.927916 4509.212079 4527.219401 4547.345726 4569.470618 4593.195008 4607.775906 4623.372223 4641.872213 4658.660832 4678.992686 4701.465754
4731.233144 4698.633982 4676.667276 4658.723969 4638.622460 4608.982567 4588.812651 4586.302913 4580.117502 4546.860894 4491.727914 4457.536164 4436.248371 4414.263197 4391.350172 4365.298401 4323.570580 4287.249390 4264.587602 4284.371290 4297.187756 4313.082383 4302.647712 4292.608117 4283.186256 4263.388356 4245.903582 4227.494262 4239.547757 4248.314313 4271.699438 4280.037882 4284.146248 4291.466938 4289.942287 4276.634753 4267.408940 4275.258951 4285.073577 4297.843015 4322.862676 4361.130619 4386.257324 4405.128713 4425.717439 4443.939415 4464.834297 4487.491264 4510.785944 4528.125563 4546.363654 4564.540386 4585.325021 4603.757939 4625.817845
4646.051315 4617.564203 4591.240721 4567.693021 4533.719328 4484.073077 4469.523207 4460.113578 4434.280187 4381.974942 4340.214283 4324.658320 4315.697558 4292.868505 4272.830265 4242.824767 4207.664232 4187.863904 4167.121517 4179.101906 4190.938120 4214.785777 4207.419870 4202.455672 4200.849012 4185.337915 4172.351073 4155.109185 4160.961130 4174.150269 4200.353138 4207.223544 4211.746880 4222.246736 4221.681271 4216.138260 4194.977606 4200.943570 4211.946453 4227.131005 4259.797573 4281.694162 4303.632031 4325.647094 4344.670805 4365.803175 4387.350343 4409.830651 4436.470143 4455.953079 4474.763769 4496.081439 4514.576261 4527.149786 4541.319855
4533.886341 4510.612645 4492.211910 4467.979789 4422.302295 4377.917474 4333.972072 4302.647860 4244.319689 4208.690394 4194.040228 4199.631360 4190.198871 4172.185803 4154.829380 4136.830058 4117.112435 4100.407622 4075.361972 4081.915168 4099.603377 4118.374615 4122.979478 4126.144556 4125.681600 4117.445934 4104.255017 4090.714931 4094.600660 4112.638629 4131.234202 4142.511919 4150.769504 4158.626852 4158.139515 4147.314550 4136.402414 4140.582306 4156.267421 4172.125410 4187.949422 4207.462065 4227.349048 4247.233225 4269.169469 4290.961955 4312.990233 4337.003678 4363.270150 4384.522194 4407.662724 4431.442959 4446.302576 4453.138597 4457.927454
4429.232090 4411.620897 4389.162880 4361.277297 4318.713019 4279.953825 4239.768949 4189.110780 4156.344849 4129.310700 4127.546703 4114.616950 4104.407679 4092.691642 4073.860887 4059.885922 4047.891044 4027.900427 4021.948819 4030.728980 4044.900488 4052.230093 4061.227722 4059.975169 4058.393246 4053.943397 4040.183710 4038.707543 4049.497069 4064.669285 4077.882883 4090.062005 4097.006205 4101.616722 4098.271588 4088.469352 4086.508879 4094.440788 4109.533455 4121.944884 4134.968551 4154.369759 4172.848048 4193.244984 4214.461638 4235.084382 4258.174111 4282.004019 4306.938920 4333.573338 4354.514230 4370.762223 4377.464104 4385.003927 4380.480115
4303.795877 4295.160216 4269.799777 4241.699085 4214.537115 4184.433715 4163.560949 4133.962597 4105.675624 4078.635509 4054.038427 4045.234420 4042.114359 4031.727508 4017.273475 4008.469435 3994.805742 3989.089143 3998.757186 3999.933466 4007.147091 4004.407413 4006.007433 4004.303828 4004.350404 4003.448011 3999.608295 4013.778401 4019.911850 4032.723720 4042.350977 4052.114637 4057.564116 4060.698725 4062.169532 4058.672520 4065.238737 4070.380805 4083.056466 4093.185979 4105.082350 4123.499761 4138.844830 4156.026563 4176.639338 4197.963288 4219.993532 4244.003045 4270.504490 4293.388076 4308.694472 4312.691995 4319.572378 4317.575649 4302.610374
