tests/Borden05m/sims/sim_1/output-maps/psiliqL0015N0008.asc
ncols         160
nrows         34
xllcorner     620200.000000
yllcorner     5168000.000000
cellsize      0.500000
NODATA_value  -9999.0
[rows 0 to 23 of 34, columns 56 to 111 of 160]
-9999.0 -9999.0 -9999.0 -9999.0 -9999.0 -9999.0 -9999.0 -9999.0 -9999.0 -9999.0 -9999.0 -9999.0 -9999.0 -9999.0 -9999.0 -9999.0 -9999.0 -9999.0 -9999.0 -9999.0 -9999.0 -9999.0 -9999.0 -9999.0 -9999.0 -9999.0 -9999.0 -9999.0 -9999.0 -9999.0 -9999.0 -9999.0 -9999.0 -9999.0 -9999.0 -9999.0 -9999.0 -9999.0 -9999.0 -9999.0 -9999.0 -9999.0 -9999.0 -9999.0 -9999.0 -9999.0 -9999.0 -9999.0 -9999.0 -9999.0 -9999.0 -9999.0 -9999.0 -9999.0 -9999.0 -9999.0
-9999.0 -9999.0 -9999.0 1233.171895 1227.827530 1222.901338 1218.381677 1209.902611 1201.089459 1193.225966 1189.690755 1189.217970 1188.902482 1188.952524 1194.607738 1203.079355 1211.173348 1218.749174 1221.632584 1224.548974 1227.240708 1228.218589 1227.539849 1224.837055 1222.036114 1219.091051 1217.941106 1210.310726 1199.254367 1190.748960 1188.168257 1192.654795 1197.155301 1199.646244 1205.333795 1215.887324 1226.458191 1234.714979 1246.327066 1251.857293 1256.454158 1258.736789 1253.983312 1249.801457 1245.333452 1239.549082 1228.187603 -9999.0 -9999.0 -9999.0 -9999.0 -9999.0 -9999.0 -9999.0 -9999.0 -9999.0
1197.444471 1217.894534 1221.280356 1209.796601 1204.978059 1201.981814 1200.339680 1195.966550 1187.776788 1183.013960 1178.100182 1176.629762 1177.192130 1177.736269 1182.270206 1192.993357 1201.406656 1206.614552 1209.640376 1212.804203 1212.872313 1212.887480 1213.168531 1210.857679 1207.962629 1205.060863 1203.677654 1204.613988 1197.312304 1191.975935 1188.648407 1186.893277 1189.494623 1191.930842 1195.451506 1204.774255 1212.704552 1220.563482 1234.624795 1246.674170 1251.388738 1248.181726 1242.484668 1237.888058 1230.317989 1219.492841 1208.745020 1199.155668 1191.776547 1185.576961 1178.993401 1184.261668 1190.275384 1199.328169 1208.217103 1219.659613
1183.177515 1203.745028 1206.866997 1196.445562 1188.561338 1183.637951 1184.318312 1187.504833 1184.560143 1180.465387 1175.637850 1184.949815 1186.765597 1188.391609 1192.181098 1195.577063 1199.481679 1202.677412 1208.570224 1218.148549 1221.523468 1222.725337 1223.544704 1222.362325 1219.848833 1218.575851 1216.297144 1211.491379 1210.604225 1211.028203 1210.780708 1215.708936 1217.255760 1219.165781 1212.630987 1216.210894 1222.240693 1228.829963 1234.821292 1240.889201 1243.962613 1239.861045 1238.249828 1228.828602 1214.003047 1202.109448 1192.935961 1190.619257 1186.618520 1177.840418 1164.040358 1170.377901 1185.074824 1188.817488 1191.235231 1202.126364
1180.375057 1192.517114 1195.949539 1191.422568 1193.357603 1195.477384 1197.468266 1196.448925 1194.024780 1192.371402 1205.250248 1215.181889 1217.601418 1221.085545 1225.345618 1225.486697 1214.273450 1212.462628 1221.185925 1232.109840 1238.597557 1239.687647 1240.462043 1239.018539 1238.766204 1239.086481 1237.526862 1238.545623 1241.190332 1241.055102 1245.598889 1251.325332 1254.336406 1246.959925 1237.922897 1238.878772 1246.567585 1254.592111 1261.538237 1271.494437 1281.882451 1279.974025 1273.257502 1262.940809 1248.123556 1223.467839 1202.958771 1190.851017 1182.355808 1173.928500 1173.173384 1168.697508 1179.192746 1179.775827 1180.687749 1187.825341
1188.604299 1210.379340 1218.690679 1213.467341 1209.283174 1207.434062 1208.875516 1209.645990 1213.105927 1225.856185 1240.181880 1255.027673 1258.523301 1261.741933 1261.859223 1253.623037 1243.939525 1240.925388 1256.125240 1273.238447 1282.496840 1284.166449 1284.152991 1291.622799 1291.494882 1290.959604 1287.023099 1289.441702 1290.792143 1300.349346 1308.191417 1315.515023 1313.825671 1301.788303 1290.194873 1288.777529 1291.760167 1295.283758 1301.217201 1310.692576 1319.253691 1312.824134 1304.298365 1292.825346 1262.788376 1234.511544 1216.304692 1214.796244 1213.388210 1206.972838 1202.431310 1198.031319 1190.035612 1188.246266 1186.082875 1184.305397
1241.171284 1262.224293 1278.567226 1273.710951 1266.636168 1257.614710 1259.048524 1262.681561 1271.518142 1285.287417 1303.228252 1328.015975 1331.507729 1335.283980 1338.224930 1327.447611 1315.590929 1305.239659 1324.398975 1335.831519 1345.704245 1348.503104 1359.380162 1370.650650 1367.638244 1361.035099 1351.464099 1358.367531 1369.944453 1385.382148 1392.553255 1396.720504 1395.091592 1383.655279 1377.742825 1376.567914 1379.143684 1376.913290 1381.455893 1390.598451 1404.254491 1401.783091 1391.300707 1366.625722 1327.153284 1291.076384 1269.421698 1273.489377 1264.627044 1255.842202 1250.653451 1235.241722 1223.041665 1221.594602 1210.523593 1202.944986
1293.254485 1312.687142 1331.981725 1327.857387 1318.455161 1305.850029 1306.120447 1314.396254 1325.877879 1346.159805 1369.841964 1394.608394 1402.997908 1406.041704 1416.484345 1410.613272 1401.568405 1394.033721 1407.388755 1420.537274 1433.919984 1445.331832 1460.295239 1473.730842 1465.012015 1453.802481 1449.044401 1455.267587 1476.233684 1494.473041 1499.764711 1500.876575 1503.254400 1493.486831 1487.132696 1480.878969 1476.381097 1470.812055 1466.555178 1484.652616 1500.129544 1496.349146 1470.466014 1443.369772 1403.477095 1362.717923 1328.780629 1327.240411 1321.739823 1318.758374 1302.105590 1284.889552 1267.471723 1256.657823 1245.763165 1230.245864
1388.955557 1410.919507 1433.708825 1434.691536 1418.536444 1410.830621 1416.504185 1430.581040 1439.436981 1456.944670 1481.836197 1514.309318 1535.851085 1555.043971 1560.164234 1552.504184 1544.015464 1531.650020 1531.617438 1551.082688 1565.181013 1578.115427 1591.200818 1606.030765 1612.869428 1611.327380 1611.838349 1615.970696 1624.350039 1634.293807 1641.162935 1646.310318 1651.458494 1646.590534 1636.217396 1630.602655 1622.516919 1616.585886 1613.981577 1616.820537 1627.419099 1622.676340 1592.019492 1561.399471 1525.362996 1484.836086 1450.619833 1431.579101 1436.112945 1423.289043 1402.511269 1381.520182 1345.196275 1327.588019 1309.988537 1279.260879
1500.857521 1530.190195 1546.070760 1559.991060 1555.119333 1557.363385 1562.530292 1571.291809 1577.685044 1587.160699 1621.190746 1657.161387 1686.828446 1711.567216 1720.550223 1710.494988 1701.229222 1689.815206 1681.641444 1688.320559 1705.104410 1724.245680 1742.198744 1755.612438 1760.884395 1761.116672 1762.464648 1765.356084 1768.821995 1772.277336 1778.834438 1786.160853 1795.984181 1806.559336 1800.306687 1783.955503 1772.534134 1759.880185 1755.488311 1753.810456 1751.488569 1749.288394 1737.368197 1701.274927 1669.117925 1634.040223 1603.527187 1580.447406 1565.256655 1542.716956 1516.854110 1467.193250 1424.334609 1386.861034 1357.975596 1328.077360
1628.316821 1660.767269 1685.211762 1701.117729 1704.036233 1707.153949 1710.438538 1717.065636 1723.179294 1731.064815 1755.334171 1793.907550 1831.544180 1861.557148 1865.130733 1855.503281 1845.538763 1836.184213 1826.177091 1824.265004 1834.534708 1848.177444 1866.683777 1879.571395 1890.010226 1890.069792 1891.338794 1892.622190 1895.132284 1897.280663 1899.662448 1907.118734 1919.405463 1931.146407 1932.148378 1918.531475 1902.117087 1885.673686 1879.588007 1873.975389 1867.459427 1866.289444 1864.889774 1853.708146 1825.320587 1786.719421 1742.505382 1715.231196 1692.396749 1676.804911 1657.713554 1626.743976 1570.079393 1534.855942 1496.391686 1460.763970
1754.044043 1784.918677 1816.206692 1834.830393 1842.073056 1842.427430 1844.361068 1852.252038 1858.700468 1868.834197 1885.886602 1911.017027 1940.624135 1967.401501 1984.175589 1980.047395 1967.259620 1950.194688 1945.385210 1945.185813 1948.886151 1957.354785 1967.433346 1984.533948 2001.731517 2007.997934 2009.401521 2007.421719 2009.986155 2011.525967 2011.869824 2013.392784 2018.833623 2026.438798 2029.379720 2024.601128 2008.548145 1988.784973 1975.609500 1967.552489 1962.863768 1960.407715 1960.878202 1959.374325 1945.563227 1914.503743 1874.675344 1840.851781 1818.548424 1801.157279 1785.087874 1771.025011 1746.587783 1725.086308 1690.868283 1644.607892
1863.543472 1890.195908 1917.376890 1941.217991 1957.225802 1960.600915 1965.841257 1970.803970 1980.368960 1995.961562 2015.687990 2030.342784 2047.757354 2069.388920 2082.285317 2087.984550 2088.422665 2087.460194 2090.085268 2091.383914 2060.668006 2065.320513 2069.773076 2079.298698 2089.067173 2092.655109 2093.375285 2092.414638 2093.986517 2094.775567 2095.241753 2095.226210 2095.873061 2098.749978 2100.079974 2099.281154 2092.312242 2098.434806 2081.759146 2070.095287 2062.572231 2054.466228 2045.326367 2034.967066 2024.434520 2006.958044 1979.251485 1945.822947 1919.271752 1907.382863 1899.246720 1890.249899 1882.422098 1864.733329 1841.332488 1808.642575
1970.421448 1986.839045 2007.251844 2035.232959 2054.433975 2064.637976 2072.965379 2077.538350 2089.800228 2103.409808 2096.597759 2100.892791 2105.201924 2109.429865 2110.841903 2111.333535 2111.416439 2109.727258 2110.075839 2109.228036 2105.798979 2097.137190 2099.329467 2101.348108 2104.107887 2107.776665 2106.600786 2107.705244 2110.902505 2109.788714 2104.748888 2101.603378 2100.483646 2101.434372 2108.975282 2112.635816 2114.050686 2113.384319 2113.381298 2113.432983 2112.007342 2109.832975 2106.451448 2101.963223 2106.479541 2095.761900 2071.844548 2038.064794 2002.449462 1989.334327 1985.238950 1984.183882 1979.981913 1972.560150 1953.404620 1925.918175
2086.552333 2099.865767 2093.970199 2105.540122 2111.329177 2113.899592 2116.388454 2118.509926 2119.665042 2116.284003 2112.737831 2107.812090 2106.178927 2104.503806 2101.781313 2102.205403 2100.319940 2096.761725 2093.810731 2087.995342 2078.095494 2067.599195 2065.388563 2070.059490 2075.027145 2079.205889 2082.351985 2085.662609 2086.792882 2082.472845 2075.285718 2068.920624 2067.696849 2074.707565 2080.782876 2086.787730 2088.239895 2087.797560 2086.759305 2087.891158 2086.175894 2087.182558 2093.870438 2107.078443 2112.089896 2114.875093 2114.199014 2105.365908 2089.421172 2084.694011 2064.699971 2067.605426 2061.997590 2049.821058 2028.624319 2004.972267
2115.837188 2115.316556 2113.739791 2107.686645 2101.634890 2100.499747 2103.846816 2110.098170 2110.818239 2103.445564 2094.783885 2087.414006 2080.082327 2077.301632 2075.491616 2074.357589 2074.233399 2069.102029 2061.612214 2046.917987 2036.230581 2025.727721 2020.024827 2017.697369 2021.909770 2031.184855 2040.482501 2044.856689 2037.980834 2031.007543 2021.097949 2014.012419 2015.119712 2017.929091 2027.622809 2042.592880 2048.507271 2050.353425 2046.442772 2043.084102 2038.445287 2037.338017 2044.695722 2059.798768 2075.166146 2088.938186 2097.145175 2104.389297 2110.678464 2113.091830 2113.915739 2113.853736 2111.795900 2110.417173 2094.518716 2073.379789
2104.580082 2098.181186 2093.115186 2086.322572 2080.233820 2077.822776 2079.316156 2081.168418 2076.911498 2069.537285 2058.722886 2047.142238 2036.636025 2029.187644 2028.788017 2029.841839 2030.123529 2023.432369 2009.323651 1992.706122 1980.065710 1966.764581 1962.847911 1957.438432 1951.885696 1961.244220 1977.650369 1983.483414 1969.806771 1960.413265 1947.060756 1940.911991 1938.752965 1941.191305 1951.465574 1972.591478 1993.711902 1996.553911 1988.499576 1980.716673 1977.814062 1976.763038 1984.069121 2002.551601 2022.976091 2038.262560 2048.306078 2054.236718 2062.437587 2071.801720 2083.924348 2096.569324 2106.858680 2113.791123 2117.905135 2115.341804
2081.558445 2073.919274 2066.152820 2058.676531 2051.676566 2046.359149 2043.020081 2038.855653 2031.619494 2023.371191 2006.683390 1993.301055 1979.858900 1964.478903 1959.225376 1954.313070 1954.607829 1942.865536 1933.056645 1915.409705 1900.500944 1885.143290 1873.951059 1867.393042 1860.232470 1861.891263 1875.617668 1883.759424 1871.232253 1861.532463 1849.986123 1845.204819 1843.131665 1846.509305 1858.255284 1881.298517 1901.440027 1910.460319 1904.791833 1902.692034 1903.166436 1904.208595 1911.979276 1927.285695 1947.977234 1970.195216 1987.770264 1998.216803 2006.606597 2017.020934 2031.489872 2045.050874 2058.302067 2074.552807 2094.095868 2108.191086
2049.920914 2039.861971 2029.793356 2018.462465 2006.614887 1998.805789 1998.450581 1990.113103 1981.987046 1963.335590 1913.741699 1893.183702 1872.954110 1855.127752 1846.616748 1836.609355 1825.091448 1814.873207 1808.149843 1803.022059 1787.884242 1770.278094 1753.219695 1746.944844 1741.363290 1729.040734 1730.408223 1732.157738 1738.516299 1731.703695 1727.460175 1727.079464 1725.895499 1730.357076 1745.735669 1758.769252 1770.014843 1778.478294 1780.727299 1790.805583 1800.081860 1808.217535 1827.097487 1842.757996 1862.435642 1885.979268 1912.171904 1927.996869 1939.427834 1951.729992 1968.173652 1985.065356 2002.390237 2024.208369 2048.293916 2063.645345
2007.532288 1992.918165 1977.687067 1963.370027 1948.631494 1932.584282 1930.942685 1924.969067 1913.291491 1866.387098 1821.547855 1785.827457 1764.691776 1739.000019 1723.683825 1708.155965 1676.702870 1660.049067 1654.265224 1660.856242 1652.229150 1635.146835 1620.750595 1611.075202 1602.215243 1586.644677 1574.278196 1578.467364 1591.727950 1588.598512 1588.486668 1594.193588 1593.977041 1591.594461 1597.394714 1613.499859 1623.294084 1635.688388 1650.912700 1658.066815 1671.845212 1703.094367 1720.458422 1739.677580 1763.437316 1788.910869 1815.358748 1839.823088 1856.669264 1874.309746 1895.330758 1913.814020 1935.487280 1959.205854 1988.017508 2008.058976
1939.066854 1917.746878 1898.808398 1878.274448 1852.990237 1829.134121 1823.089656 1812.581394 1787.432500 1736.099382 1692.900649 1660.632588 1634.662772 1606.973860 1583.255043 1550.354042 1515.517707 1493.118004 1499.674489 1507.028783 1509.736696 1495.793567 1482.721521 1471.612970 1455.576304 1438.646112 1424.974428 1433.434715 1441.687072 1452.500653 1457.095541 1461.468304 1465.825768 1466.110928 1462.073144 1466.896636 1477.579562 1489.904978 1503.008984 1520.955157 1554.704149 1582.850110 1604.548116 1629.886455 1654.737113 1682.287389 1711.154987 1738.182148 1759.489045 1782.474423 1805.594740 1829.910251 1853.091307 1879.567237 1910.111979 1936.168438
1855.759047 1826.534928 1800.383889 1768.632366 1723.873674 1704.577839 1691.390159 1672.292761 1629.420386 1583.067787 1547.300896 1521.943593 1493.831951 1467.195283 1436.523995 1401.858041 1374.372214 1352.604984 1359.035312 1365.977918 1378.691744 1367.007011 1356.233679 1349.966112 1334.129863 1319.514113 1303.932794 1310.713907 1320.925659 1339.579551 1344.406675 1348.521740 1356.854657 1357.011537 1355.479898 1346.166182 1356.030039 1368.278056 1384.081726 1414.576357 1441.392919 1468.236147 1493.455016 1518.007176 1545.120853 1573.888429 1603.400049 1634.931768 1660.198957 1684.829867 1711.674015 1736.720727 1758.646811 1782.461385 1811.630483 1837.338709
1737.544355 1711.983757 1683.364643 1640.812621 1592.421634 1552.125077 1529.210861 1484.005695 1446.316716 1411.303422 1394.151336 1373.682106 1348.238135 1324.318253 1300.826032 1273.586529 1250.087635 1224.503389 1227.639593 1240.118927 1254.179770 1249.633659 1246.594571 1243.215486 1231.831226 1217.654436 1203.641669 1206.986227 1222.477181 1239.622320 1247.919597 1255.236797 1263.468275 1264.360558 1257.950162 1250.391292 1257.162844 1272.974387 1290.729674 1312.768548 1336.985401 1361.377124 1385.122536 1411.493778 1439.017772 1467.307998 1497.904500 1530.143008 1556.259317 1585.626875 1615.883818 1640.415366 1657.282849 1674.956854 1702.746263 1725.517257
1617.037828 1588.835686 1557.531283 1512.157885 1466.275937 1420.016909 1375.335204 1338.820903 1305.105242 1287.127678 1266.122702 1246.578640 1226.801584 1203.739837 1183.087805 1163.553388 1140.348976 1123.434489 1128.384401 1140.879922 1150.784665 1154.083604 1150.861470 1147.531677 1140.051432 1125.936619 1117.078978 1125.738891 1140.987117 1155.628393 1166.360755 1173.480036 1179.823070 1177.705668 1170.080536 1165.904450 1175.030104 1191.676303 1207.534373 1225.756756 1248.781219 1271.939274 1296.121666 1321.674990 1347.496773 1376.051733 1405.758293 1436.345434 1467.236405 1495.540681 1522.016690 1538.167595 1554.581738 1565.639627 1585.939937 1609.333440
