tests/Borden05m/sims/sim_1/output-maps/psiliqL0011N0016.asc
ncols         160
nrows         34
xllcorner     620200.000000
yllcorner     5168000.000000
cellsize      0.500000
NODATA_value  -9999.0
[rows 0 to 24 of 34, columns 57 to 113 of 160]
-9999.0 -9999.0 -9999.0 -9999.0 -9999.0 -9999.0 -9999.0 -9999.0 -9999.0 -9999.0 -9999.0 -9999.0 -9999.0 -9999.0 -9999.0 -9999.0 -9999.0 -9999.0 -9999.0 -9999.0 -9999.0 -9999.0 -9999.0 -9999.0 -9999.0 -9999.0 -9999.0 -9999.0 -9999.0 -9999.0 -9999.0 -9999.0 -9999.0 -9999.0 -9999.0 -9999.0 -9999.0 -9999.0 -9999.0 -9999.0 -9999.0 -9999.0 -9999.0 -9999.0 -9999.0 -9999.0 -9999.0 -9999.0 -9999.0 -9999.0 -9999.0 -9999.0 -9999.0 -9999.0 -9999.0 -9999.0 -9999.0
-9999.0 -9999.0 419.801042 414.314239 409.063550 404.164588 395.240827 386.103388 377.709778 373.875272 373.119636 372.461841 372.233700 377.666582 385.792871 393.569537 400.900845 403.432002 405.997083 408.393172 409.003765 407.830399 404.658162 401.418171 398.054093 396.593917 388.418237 377.015149 368.148791 365.404553 369.883420 374.389232 376.902132 382.867704 393.677778 404.545868 413.112347 424.920331 430.542169 435.572627 438.498519 434.234041 430.464642 426.480543 421.343154 410.179089 -9999.0 -9999.0 -9999.0 -9999.0 -9999.0 -9999.0 -9999.0 -9999.0 -9999.0 -9999.0 -9999.0
402.910659 406.291033 395.245858 390.422459 387.183306 385.143458 380.240237 371.627198 366.436960 361.167999 359.568735 359.779819 360.019329 364.338812 374.527913 382.647561 387.562376 390.175682 392.861810 392.882381 392.495983 392.245548 389.433804 386.069717 382.720592 380.965853 381.253507 373.684452 368.303782 364.984455 363.544303 366.033733 368.371599 371.571754 381.121602 389.346593 397.576801 411.780150 424.083543 429.201001 426.573584 421.324209 417.284624 410.429244 400.215783 389.599837 379.403094 372.071304 366.343048 360.598347 366.396368 372.678808 382.535863 392.292281 404.179131 416.260548 -9999.0
387.658372 390.658345 379.970657 371.708290 367.063374 367.307032 369.823094 366.379895 361.926773 357.561904 366.009094 367.519315 368.892189 372.326649 375.705373 378.590669 381.487397 386.979604 396.122194 398.969357 399.646784 399.909243 398.181952 395.138723 393.394304 390.686536 385.557162 384.627108 385.065755 385.014911 390.134443 391.616474 393.121566 386.222821 389.612175 395.799769 402.634199 409.353212 416.127886 420.282178 416.857311 415.467660 406.681819 392.407589 380.667779 371.661302 369.104833 365.564809 357.434940 344.626590 351.293106 366.510999 370.859315 374.120688 385.721121 397.876019 408.116543
374.251417 377.479386 372.622806 373.910266 375.560857 377.204010 375.811503 373.083194 371.712942 384.803695 394.664236 396.794978 400.016136 403.761153 403.006252 391.011378 388.620323 397.196661 407.827296 413.925229 414.357339 414.504512 412.834000 411.903218 411.507237 409.285866 410.317811 413.001677 413.489272 418.481737 424.207803 427.016690 418.756135 409.424756 409.934016 417.498364 425.454605 432.751293 443.499847 454.843019 453.348490 447.098726 437.405089 422.979874 398.745835 378.342239 367.016946 359.575178 351.977580 351.109302 347.951656 358.443609 359.747340 361.161541 369.233266 379.271427 389.218630
390.365811 398.839784 393.145257 388.006553 385.123878 386.044897 386.617147 390.331728 403.748810 418.261007 433.735453 437.072797 440.115840 440.078035 430.882855 420.695519 416.800143 431.934021 448.287104 456.972408 458.175494 458.399863 466.106717 464.539336 462.413713 457.319505 459.759084 462.195716 473.163929 481.026346 488.078030 486.181462 474.096575 462.573816 460.519102 462.593249 465.097827 471.043983 481.343333 491.117748 485.634479 477.432906 466.005510 435.866639 407.049989 388.979186 388.432862 387.876839 382.335765 378.407207 374.203762 366.225954 365.117632 363.828279 362.787632 374.325095 386.252049
440.853314 457.562046 452.228035 444.256551 433.975455 434.854800 438.676736 447.632610 461.771137 480.899771 506.198228 510.506101 514.826623 518.659266 507.924120 495.768892 484.426987 501.626081 512.132319 521.648539 524.791952 536.017448 546.454047 541.837486 533.517178 523.684721 530.431694 543.715904 559.353317 566.356055 570.174956 569.562885 558.756958 552.752526 550.169985 551.031598 547.569026 551.187291 561.758408 576.762153 575.823959 564.633878 540.064452 501.443525 464.632810 441.510474 444.902438 436.921850 429.226288 423.994214 408.703129 396.365256 395.173143 384.689780 377.674040 388.438361 393.897282
492.354881 511.757761 508.286492 497.902598 485.473611 485.829165 494.477948 505.321438 525.671954 550.803230 576.858800 588.199399 594.087282 604.196846 598.071559 588.948486 580.526284 589.911650 602.831479 615.566028 626.818137 640.179669 652.251201 644.009165 632.925530 628.822297 634.054182 653.215702 670.072628 675.678115 677.611012 681.022762 672.994247 665.570707 657.622696 650.767500 643.858218 639.141448 655.926099 671.265033 668.635874 643.745807 617.597534 579.849427 540.002901 504.606720 500.055296 496.169511 493.119950 476.054473 458.654618 439.350274 427.502046 417.030048 401.295811 405.341685 409.810823
594.457833 616.660446 620.146688 605.127256 599.115793 604.696939 617.729108 625.527804 641.473484 668.311145 702.434774 726.529359 747.728280 752.645063 744.401945 735.551361 722.371045 719.232734 735.222769 747.600520 758.990504 770.308787 782.623613 788.917304 787.062974 786.862912 790.003999 796.166939 804.349747 811.183443 817.004059 822.940118 820.826752 810.900661 803.320337 793.610842 785.530379 782.377095 783.129035 792.105956 789.697712 764.800939 736.700942 703.800855 665.356241 631.915453 610.903400 612.977291 598.753833 578.367703 555.356759 517.168771 497.215794 478.912152 447.639739 441.837679 449.754969
711.320673 727.816232 742.715772 740.163351 742.823226 747.210821 754.744271 760.619285 769.383927 802.396868 837.940998 868.444283 893.351353 902.659752 893.230076 883.840913 872.460401 863.219700 866.314539 880.128237 896.431521 911.935957 922.830717 926.540032 925.345099 925.663307 927.494100 930.587395 933.429735 939.068216 946.070743 956.040849 967.192768 961.976650 945.188731 932.083591 917.214774 910.979403 908.508787 905.380878 904.559999 897.916975 868.018540 839.514931 806.809412 775.640691 752.471340 735.297403 714.214980 690.344656 643.619986 601.120130 564.094846 534.134973 503.757564 498.816762 521.163239
834.018257 859.337636 875.195884 879.484115 882.512366 886.082161 892.919723 899.116350 907.397071 929.422445 966.033302 1002.868710 1032.738978 1037.920372 1029.733923 1019.875376 1009.481535 999.727579 996.759056 1003.744324 1013.906366 1028.835476 1039.979387 1049.831016 1049.437374 1049.822897 1050.013545 1052.003186 1053.771287 1055.404667 1061.807340 1072.788719 1083.135808 1084.250245 1071.737533 1054.651400 1036.562847 1027.742194 1020.388059 1013.866827 1013.094967 1013.053281 1006.620803 982.296292 946.926592 903.941883 875.552616 852.735986 838.169161 821.080796 796.754788 747.507881 717.742982 682.543819 646.648921 623.236153 659.169578
947.715552 978.073873 997.584825 1006.696241 1008.451910 1011.975446 1020.322097 1027.778247 1038.927664 1055.638424 1078.107979 1106.169928 1132.913056 1150.805297 1148.006890 1136.716634 1120.479131 1116.191616 1115.493213 1117.264338 1123.114079 1129.923411 1144.108494 1158.763901 1163.792361 1164.386103 1161.998577 1163.965366 1165.011719 1165.079170 1165.775139 1169.751581 1176.089583 1178.238667 1173.688690 1158.312952 1138.242493 1122.446072 1112.597994 1107.279893 1104.346823 1104.577738 1103.106099 1091.365167 1063.340643 1026.181593 991.911316 968.166371 950.628829 935.980499 924.111022 906.267674 888.193929 858.122485 815.578654 779.381807 775.552768
1047.718174 1073.856569 1098.412999 1115.582407 1121.046781 1128.324871 1134.294047 1145.041564 1160.748309 1178.902284 1192.124340 1208.260263 1228.906854 1241.057978 1246.924994 1247.690610 1246.867379 1248.655374 1248.722985 1228.865884 1230.983479 1232.988210 1238.053958 1244.410509 1246.242369 1246.275231 1245.408386 1246.329304 1246.647752 1246.902118 1246.618534 1246.193541 1247.716906 1248.143470 1247.064566 1241.124536 1240.877561 1223.835240 1211.665925 1203.955092 1196.192358 1187.548000 1177.894795 1168.004271 1151.935489 1125.109968 1091.652399 1062.950745 1049.674935 1041.689691 1034.210011 1027.778326 1012.078112 990.336362 960.351313 922.690743 887.678744
1144.204880 1163.727613 1189.854458 1208.188009 1218.888997 1228.020014 1233.523295 1245.646541 1258.253925 1255.161468 1258.099879 1261.169583 1264.242156 1265.441207 1265.842294 1265.682118 1263.293598 1262.644588 1260.622739 1255.216308 1245.414726 1246.319626 1247.249114 1249.286355 1252.359647 1250.704364 1251.465058 1254.313224 1253.020532 1247.868256 1244.532870 1243.019732 1243.347181 1250.223227 1253.069302 1253.552447 1252.609089 1251.570906 1250.921896 1249.701319 1248.380021 1246.588522 1244.178721 1245.270134 1235.305490 1212.661457 1180.897977 1146.944385 1131.138032 1124.865586 1124.261403 1120.117691 1112.817864 1093.340946 1065.981690 1030.452795 992.821535
1249.407641 1250.099570 1257.803708 1262.004791 1264.262963 1266.999912 1269.601825 1270.466519 1267.175792 1263.492211 1258.558684 1256.985043 1255.354376 1252.792789 1253.323943 1251.164368 1246.902069 1242.840491 1235.789579 1224.197027 1211.950725 1208.824278 1212.780487 1217.079813 1220.682052 1223.139972 1226.191450 1227.399383 1223.142870 1215.846910 1209.212956 1207.390679 1213.690554 1219.097849 1223.987436 1224.580336 1223.241848 1221.453516 1221.994275 1220.200587 1221.439642 1228.528186 1242.083870 1248.835179 1250.875757 1250.403550 1244.638288 1234.191724 1222.828236 1203.017750 1205.315755 1199.981783 1187.670610 1165.978276 1141.842796 1112.502805 1083.732986
1260.585555 1258.681640 1252.907922 1247.287315 1246.609560 1250.346527 1256.854450 1257.911710 1250.616401 1241.920498 1234.210628 1226.673163 1223.650157 1221.681703 1220.700393 1220.329123 1214.501264 1206.170355 1190.123116 1177.146893 1164.711482 1157.743792 1155.423782 1159.964420 1168.783484 1177.250567 1181.519246 1175.363606 1168.498285 1158.582834 1150.944665 1151.307815 1153.809760 1162.557274 1175.697919 1179.738319 1180.600585 1176.224054 1172.756043 1167.968880 1167.352691 1175.591360 1191.718929 1207.504683 1221.314350 1229.790576 1237.435225 1243.822403 1248.202026 1248.879081 1249.118082 1248.054358 1245.474215 1230.205712 1209.615405 1186.128328 1161.790375
1239.117861 1233.583066 1226.497742 1220.368035 1218.263492 1220.224044 1222.616926 1218.929537 1211.500142 1200.530039 1188.440937 1177.483349 1170.365456 1170.139777 1171.546965 1171.662739 1164.780049 1149.906543 1131.870710 1117.369516 1102.554846 1097.716450 1092.413274 1088.269693 1098.232386 1114.147992 1119.828983 1107.043344 1097.763359 1084.312743 1077.250323 1074.557018 1076.267824 1085.608189 1104.665624 1122.991230 1124.389990 1115.654321 1107.337763 1103.696267 1102.601035 1110.773443 1130.308839 1150.995190 1166.472843 1177.041701 1184.063867 1193.128099 1203.153154 1215.352468 1228.507740 1239.594763 1248.749218 1251.847504 1250.281583 1245.578448 1231.679006
1208.146346 1199.511574 1191.604944 1184.710982 1179.782560 1176.878098 1173.660101 1167.087093 1159.341524 1145.136250 1132.010927 1119.182331 1104.872496 1100.716316 1097.374055 1098.416796 1086.771568 1075.565201 1056.163952 1040.017587 1023.808579 1013.228613 1006.905233 1000.766010 1005.210224 1020.301455 1029.079134 1015.542415 1005.546372 992.947033 986.969585 983.924155 985.804016 995.932630 1018.115843 1036.745664 1043.774166 1036.514625 1031.852432 1030.358222 1030.585747 1037.503545 1053.543856 1074.512968 1096.069023 1112.756698 1123.342242 1132.345287 1143.478849 1158.680648 1173.507088 1188.411545 1205.981120 1225.839520 1240.451332 1249.745142 1254.074348
1166.880089 1156.442866 1145.233179 1134.034922 1127.252299 1127.502269 1120.186928 1113.148351 1098.213283 1052.931862 1034.741953 1016.364358 1000.631743 994.387190 986.528848 978.870253 969.107235 961.689197 953.303675 937.241847 919.503112 903.168220 897.488394 892.808365 884.385527 889.689487 892.895609 895.714601 888.572874 882.686124 880.414401 878.102454 881.546299 895.162964 907.385454 918.121964 924.605850 923.242133 930.448868 937.363196 941.780574 958.407295 973.070342 991.751894 1014.077671 1038.243893 1052.300545 1062.950947 1074.997164 1091.622846 1109.429408 1128.031557 1151.424680 1176.636023 1193.447517 1205.355971 1217.896016
1116.356361 1101.791832 1088.567416 1075.411717 1062.007374 1061.955049 1057.637464 1048.850355 1008.887802 966.424094 933.997022 915.312054 892.988566 881.229025 869.902692 844.179529 829.694830 822.761608 826.416646 815.900999 798.382069 783.661702 775.108998 768.147424 755.295077 747.060994 751.517672 763.183278 758.588224 756.824405 760.808329 759.171620 756.222203 762.509308 777.170991 785.820104 796.010494 807.630692 812.994163 822.695626 849.352835 864.387127 880.734241 902.020129 925.006500 948.778784 969.862848 984.156015 999.775228 1019.624781 1037.613812 1059.596820 1084.277535 1113.790406 1134.447976 1150.005923 1162.858682
1043.074487 1026.334545 1008.852480 988.342493 967.327746 964.143768 956.339560 937.514443 891.892151 851.186758 820.592784 797.785814 772.897105 753.731207 726.651517 694.812917 674.210166 678.349109 684.909725 684.424862 669.678591 656.055397 645.091317 630.936940 615.145961 603.685071 612.015431 620.704595 628.406669 631.855979 635.700162 638.120064 637.177830 633.540300 640.017000 649.511443 660.690245 672.106551 686.322108 716.679043 742.839457 761.707833 784.022995 806.017762 830.571639 856.129591 879.069705 896.573431 916.419069 936.986592 959.140606 981.380721 1007.641750 1038.066079 1063.397970 1080.115469 1095.807265
960.533331 937.954843 911.720059 873.444274 857.907662 848.359975 835.389596 799.437789 756.551210 720.263774 694.850905 668.969964 643.739412 615.734968 583.579911 555.875083 535.246961 541.378128 547.932047 558.252255 545.694574 533.656001 526.609538 511.294493 496.901645 482.414849 490.054677 499.923537 516.740661 520.870936 524.367605 531.203075 530.219685 528.149623 520.344618 529.665455 540.738733 555.245787 583.732024 610.319652 636.497262 659.943338 682.730138 707.734275 734.313995 761.050303 788.699628 810.196264 831.192145 854.450100 876.464942 896.714421 919.615098 947.421347 971.808119 992.849818 1015.119588
859.783256 835.272578 799.072584 755.050586 720.768300 704.481708 666.643769 631.806828 594.583899 574.675758 554.418901 529.828844 506.706289 484.049236 456.772275 433.077209 408.701027 412.112543 424.180983 437.715917 431.233610 426.989160 423.335795 411.646129 397.724310 384.056034 387.668853 402.750005 419.575472 426.891092 433.502871 441.093481 441.318768 434.831821 426.813418 432.913562 447.387675 464.259476 486.562929 510.542391 534.366618 557.001352 582.099156 608.472298 635.511809 664.554245 694.581642 717.843450 744.416474 771.545053 793.531424 808.145544 824.676144 850.880025 871.354910 895.085839 919.359021
752.160163 724.673060 682.978053 639.062436 594.675627 554.840774 520.314436 487.571322 467.909797 447.470155 428.108777 408.665023 386.741107 366.348990 346.573062 324.015079 305.456201 310.481575 323.444042 334.767189 337.120849 333.887358 330.592083 322.774848 308.984269 298.505186 306.848975 322.244816 337.237836 347.369191 354.129256 360.331180 357.736173 349.713789 343.853929 352.139045 367.982319 383.474514 401.719328 424.203534 446.872794 470.077528 494.594748 519.477756 547.053822 575.764362 605.140048 634.272718 661.377283 686.941258 701.524086 716.019759 726.884241 746.028008 767.016560 790.071761 815.924661
624.370003 594.699057 559.421064 518.491286 485.627033 451.851767 419.541183 387.945937 361.636417 343.407523 332.619982 317.085775 297.210330 283.120385 265.757486 247.470230 246.698618 249.666359 261.060112 262.520980 263.047198 259.942660 258.709177 254.121725 243.094033 249.646206 257.232217 271.998137 282.891247 292.338486 298.655480 302.866257 302.702656 296.198354 299.611379 307.003636 321.905184 334.203457 349.942448 371.494458 389.873986 410.481522 433.868277 458.257441 484.146609 511.842240 541.827363 569.423311 592.383773 605.348076 619.350251 628.567457 626.499198 643.947217 662.361301 680.930359 707.357651
