tests/Borden05m/sims/sim_1/output-maps/psiliqL0011N0009.asc
ncols         160
nrows         34
xllcorner     620200.000000
yllcorner     5168000.000000
cellsize      0.500000
NODATA_value  -9999.0
[rows 0 to 24 of 34, columns 57 to 113 of 160]
-9999.0 -9999.0 -9999.0 -9999.0 -9999.0 -9999.0 -9999.0 -9999.0 -9999.0 -9999.0 -9999.0 -9999.0 -9999.0 -9999.0 -9999.0 -9999.0 -9999.0 -9999.0 -9999.0 -9999.0 -9999.0 -9999.0 -9999.0 -9999.0 -9999.0 -9999.0 -9999.0 -9999.0 -9999.0 -9999.0 -9999.0 -9999.0 -9999.0 -9999.0 -9999.0 -9999.0 -9999.0 -9999.0 -9999.0 -9999.0 -9999.0 -9999.0 -9999.0 -9999.0 -9999.0 -9999.0 -9999.0 -9999.0 -9999.0 -9999.0 -9999.0 -9999.0 -9999.0 -9999.0 -9999.0 -9999.0 -9999.0
-9999.0 -9999.0 421.258807 415.779011 410.543181 405.663838 396.762278 387.646538 379.274304 375.463451 374.736728 374.113945 373.927476 379.409501 387.590630 395.425672 402.819519 405.420076 408.063875 410.549256 411.257286 410.186608 407.117768 403.978239 400.705903 399.324111 391.211191 379.854303 371.022316 368.309200 372.821777 377.363566 379.912229 385.909612 396.741144 407.614470 416.168578 427.945680 433.525063 438.509044 441.391958 437.092483 433.295401 429.290732 424.140109 412.971356 -9999.0 -9999.0 -9999.0 -9999.0 -9999.0 -9999.0 -9999.0 -9999.0 -9999.0 -9999.0 -9999.0
404.477609 407.860371 396.790133 391.970153 388.746653 386.727794 381.846666 373.253894 368.083270 362.836608 361.266814 361.514737 361.797948 366.168159 376.413394 384.591966 389.569523 392.253023 395.020259 395.134448 394.851999 394.711795 392.011576 388.755265 385.503436 383.829905 384.179349 376.652809 371.301713 368.008193 366.597372 369.122901 371.501730 374.742302 384.323636 392.563064 400.786745 414.962251 427.220404 432.287007 429.613470 424.326346 420.256627 413.378068 403.146962 392.524133 382.350248 374.993016 369.216108 363.416199 369.166064 375.404068 385.215193 394.925263 406.771134 418.825925 -9999.0
389.316339 392.332548 381.654427 373.410802 368.791363 369.062585 371.604059 368.181411 363.746534 359.403924 367.884758 369.438486 370.861201 374.348187 377.780458 380.719956 383.674610 389.234761 398.462148 401.413512 402.210409 402.600081 401.002141 398.084416 396.451679 393.831687 388.761140 387.862604 388.316539 388.278334 393.418976 394.938132 396.496319 389.656958 393.098025 399.318827 406.160345 412.856868 419.580612 423.671815 420.190009 418.754898 409.933021 395.629703 383.861594 374.824705 372.236512 368.646164 360.453305 347.581134 354.196887 369.370667 373.670496 376.881227 388.435266 400.555299 410.788114
376.079606 379.337929 374.518638 375.852939 377.551935 379.237008 377.876240 375.169810 373.816755 386.931914 396.834987 399.030138 402.321596 406.125967 405.417250 393.459310 391.106640 399.739410 410.461316 416.689030 417.274638 417.583384 416.075627 415.305166 415.048990 412.926171 414.006855 416.693937 417.161984 422.138726 427.871622 430.721119 422.536439 413.298391 413.900394 421.539332 429.534453 436.819993 447.505015 458.757271 457.178808 450.864205 441.116850 426.643620 402.362273 381.902607 370.506666 362.982817 355.302262 354.362119 351.146891 361.589458 362.836857 364.188819 372.198395 382.177566 392.068501
392.442414 400.966127 395.352200 390.311261 387.519382 388.508587 389.125272 392.866402 406.302631 420.853675 436.419762 439.906925 443.098377 443.147416 433.974166 423.764480 419.845711 435.008609 451.483949 460.374122 461.819672 462.284021 470.224049 468.885652 466.954863 461.980413 464.450010 466.837826 477.729593 485.536844 492.579477 490.728465 478.745306 467.360901 465.465941 467.692295 470.305634 476.272400 486.484234 496.103506 490.468319 482.138147 470.576621 440.294359 411.352063 393.168824 392.499475 391.812211 386.154594 382.139764 377.876485 369.844144 368.667788 367.294854 366.162767 377.607118 389.437780
443.323059 460.142906 454.989793 447.225038 437.118410 438.118437 442.017484 451.029573 465.230172 484.494163 510.096559 514.865144 519.601939 523.616513 512.827454 500.461033 488.899926 506.063585 516.801902 526.753915 530.389855 542.058820 552.876504 548.611838 540.576185 530.898683 537.658675 550.833712 566.322985 573.220316 577.010075 576.455752 565.786135 559.977616 557.643882 558.773633 555.532902 559.231423 569.680881 584.421308 583.183124 571.656702 546.642241 507.512711 470.274642 446.846445 449.976238 441.726976 433.812277 428.447650 413.095113 400.709674 399.433516 388.825549 381.666446 392.282194 397.589624
495.770577 515.504964 512.492574 502.572556 490.495277 491.088920 499.913204 510.922914 531.482611 557.033721 583.994784 596.667202 603.685564 614.233277 607.885043 598.099322 588.963902 598.120712 611.583029 625.358136 637.714609 651.952301 664.667799 656.901316 646.167819 642.254713 647.503548 666.579682 683.335319 688.862707 690.781376 694.262147 686.317007 679.063924 671.414252 664.953419 658.434288 653.954528 670.747741 685.830031 682.642012 656.797312 629.250104 589.905999 548.813405 512.605823 507.420157 502.863240 499.264241 481.873965 464.344227 444.964023 432.955245 422.229461 406.224394 410.018563 414.245401
600.772952 623.970557 628.627264 614.614311 609.328603 615.406696 628.839903 637.024376 653.429693 681.206361 717.352896 744.278211 767.730992 773.405626 764.627247 754.387005 739.668580 736.028266 753.189966 767.625630 781.020914 793.722232 806.865601 813.720690 812.264283 812.266313 815.395066 821.369072 829.304210 835.907234 841.560175 847.439183 845.436447 835.858917 828.867416 819.902474 812.594889 810.036147 810.971362 819.674713 816.475295 789.992057 759.098526 722.677276 681.474263 646.372227 623.996320 624.454276 608.783891 587.492078 564.049702 525.587677 505.161223 486.161463 454.236521 447.950807 455.453528
725.463765 744.185387 761.342578 760.421906 764.179460 769.338301 777.552927 784.031033 793.196284 826.626730 863.085657 894.959519 920.875140 930.362118 920.402265 910.017819 897.682210 888.243315 892.206893 907.570075 925.451603 942.140167 953.808246 958.073165 957.285065 957.824590 959.674769 962.602191 965.175205 970.523306 977.291473 987.149212 998.421220 993.631766 977.567291 965.410605 951.646616 946.425626 944.465726 941.190920 939.635628 931.634161 899.665103 868.846424 834.459465 802.115335 777.241703 757.214704 733.249797 707.319670 659.306379 615.936543 577.630162 545.860778 513.943041 508.047042 529.674426
859.273915 886.023148 903.362873 908.788921 912.477739 916.351641 923.420968 929.823333 938.156836 960.127604 996.788902 1033.741066 1063.355334 1068.035365 1059.356875 1048.970752 1038.200988 1028.451382 1025.881048 1033.737730 1044.882035 1060.702492 1072.539438 1083.002012 1083.079045 1083.736255 1084.007423 1085.878273 1087.415990 1088.794295 1095.033310 1105.956070 1116.448133 1117.955640 1106.107083 1089.927568 1073.117435 1065.704966 1059.107668 1052.489810 1051.055124 1050.002492 1042.397327 1017.065400 981.230328 938.042885 908.929892 884.564676 868.336475 850.005293 824.797030 774.403113 742.249515 703.444854 664.642335 639.646961 674.542218
979.678510 1010.627496 1030.870929 1040.599342 1042.460412 1045.585128 1053.517721 1060.692220 1071.616034 1088.190765 1110.519828 1138.282258 1164.167118 1181.213589 1178.014855 1166.483860 1150.200942 1145.992162 1145.306207 1147.522120 1153.965397 1161.483585 1176.302049 1191.639625 1197.220477 1198.141409 1195.898664 1197.796017 1198.660114 1198.511435 1199.148069 1203.150602 1209.665505 1212.134002 1208.091338 1193.411576 1174.565638 1160.340223 1151.289560 1145.783227 1142.176981 1141.590245 1139.440556 1127.355022 1099.545841 1062.866871 1028.773655 1004.820560 986.973563 972.005475 959.767285 941.223507 921.646306 889.548676 845.553523 808.658567 804.031393
1082.137986 1108.525135 1133.467751 1151.015263 1156.264776 1162.631419 1167.757630 1177.930247 1193.264964 1211.336079 1224.467929 1240.343991 1260.359375 1271.882565 1277.393568 1277.975792 1277.135380 1279.019316 1279.213200 1259.741118 1262.351089 1264.955441 1270.667082 1277.723323 1280.154130 1280.587585 1279.914582 1280.838699 1281.025060 1281.107955 1280.747420 1280.352305 1282.046418 1282.754681 1282.078889 1276.674364 1277.264067 1261.195149 1249.488185 1241.549495 1233.153882 1223.770543 1213.608072 1203.547864 1187.887010 1161.751794 1128.808254 1100.577181 1087.781907 1079.972355 1072.449785 1065.810931 1049.686472 1027.518231 997.455225 960.051664 925.058078
1179.076995 1198.760011 1225.015174 1243.479203 1253.952558 1262.318465 1267.092526 1278.694919 1290.981018 1287.804863 1290.743856 1293.749916 1296.576168 1297.433426 1297.518676 1297.138293 1294.677346 1294.137739 1292.439772 1287.551428 1278.269608 1279.754130 1281.431494 1284.321951 1288.138227 1287.023800 1288.015784 1290.917575 1289.449070 1284.068730 1280.565991 1279.052295 1279.565779 1286.740256 1289.934052 1290.808396 1290.338634 1289.755103 1289.254536 1287.754709 1285.830534 1283.288210 1280.235090 1281.011365 1271.150518 1248.812765 1217.346475 1183.937530 1168.854075 1162.843782 1162.283845 1158.262895 1151.238090 1132.267329 1105.489868 1070.685706 1033.662766
1284.770528 1285.577997 1293.369947 1297.600246 1299.684800 1301.966202 1304.093229 1304.553307 1301.002904 1297.261016 1292.500167 1291.156721 1289.678358 1287.014039 1287.191887 1284.687580 1280.222558 1276.246429 1269.718019 1258.902295 1247.271798 1244.781092 1249.691538 1255.151802 1259.739518 1262.919959 1266.225342 1267.515526 1262.973121 1255.307408 1248.347999 1246.473642 1253.017081 1258.810992 1264.052781 1264.935895 1263.840809 1262.205272 1262.685477 1260.527235 1261.082612 1267.221299 1279.776453 1285.920829 1287.706586 1287.084512 1281.190882 1270.831542 1259.742101 1240.011937 1242.294203 1237.172897 1225.371225 1204.516421 1181.092159 1152.582716 1124.702073
1297.370091 1295.679946 1290.075148 1284.495139 1283.710813 1287.220152 1293.440776 1294.110521 1286.526510 1277.760300 1270.454618 1263.500554 1261.029666 1259.153639 1257.706940 1256.777094 1250.503923 1242.115635 1226.727622 1214.807582 1203.185953 1197.073762 1195.926501 1201.830073 1211.728899 1220.908960 1225.468449 1219.379808 1212.269051 1201.935961 1193.849889 1194.107747 1196.905628 1206.151435 1219.660383 1223.914888 1224.884112 1220.511658 1216.886038 1211.690924 1210.326816 1217.414976 1232.189268 1247.147329 1260.460335 1268.366935 1275.365656 1281.278720 1285.445738 1285.992249 1286.116879 1285.013173 1282.604669 1267.756775 1247.620019 1224.814031 1201.373861
1278.524473 1273.396275 1266.626523 1260.576566 1258.396425 1260.255816 1262.463512 1258.273991 1250.377460 1239.163209 1227.588592 1217.352424 1210.844346 1210.786764 1211.727987 1211.108078 1203.498725 1188.329043 1170.764599 1157.241237 1143.410393 1139.617269 1135.511015 1132.592115 1143.491738 1159.990717 1165.939707 1153.227288 1143.821069 1130.103675 1122.753241 1120.009804 1121.951390 1131.640839 1150.924622 1169.339287 1170.752615 1161.985092 1153.558299 1149.661058 1148.067493 1155.427734 1173.981505 1193.983927 1208.921415 1218.639367 1224.594339 1232.751988 1242.238815 1254.142110 1267.027738 1277.662775 1286.469708 1289.412156 1287.790865 1283.268896 1269.761049
1251.156441 1243.031976 1235.509460 1228.639108 1223.531635 1220.465399 1216.940251 1209.726301 1201.224216 1186.560609 1173.610728 1161.171293 1147.104847 1142.755273 1138.664241 1138.715438 1126.211797 1114.649257 1095.590776 1080.311702 1065.159173 1055.703056 1050.499717 1045.364942 1050.537935 1066.046264 1075.019466 1061.546634 1051.515838 1038.802051 1032.714600 1029.694083 1031.738716 1042.040580 1064.272794 1082.856720 1089.832943 1082.572496 1077.965794 1076.561562 1076.827117 1083.609789 1099.338721 1119.989338 1141.175733 1157.222725 1166.976399 1175.218435 1185.820926 1200.632673 1214.955188 1228.949421 1245.689492 1264.872039 1278.850079 1287.773653 1291.978432
1213.383365 1203.105550 1191.948968 1180.509306 1173.273003 1173.028366 1165.127736 1157.342758 1141.588986 1095.657621 1077.158599 1058.637640 1042.605168 1035.555748 1026.294702 1017.063321 1006.126906 998.228513 990.044892 974.691199 957.917741 942.624324 937.917837 934.043081 926.173603 931.757792 935.069826 937.899200 930.717711 924.742190 922.417033 920.172263 923.795479 937.550825 949.744045 960.369449 966.786274 965.508633 973.049485 980.607878 985.889203 1003.360269 1018.597615 1037.578641 1060.032710 1084.162754 1098.027620 1108.417532 1120.214716 1136.555484 1153.857211 1171.582207 1194.041064 1218.309456 1234.044581 1245.174149 1257.224660
1165.052683 1150.230722 1136.592363 1122.757331 1108.423049 1107.363096 1102.059822 1092.325592 1051.360518 1007.751323 974.211346 954.638092 931.377637 918.079341 904.355454 875.977316 859.619900 851.851825 855.434307 845.258494 828.313300 814.296189 806.445198 800.084281 787.648702 779.606236 784.107797 795.729299 791.006972 789.075665 792.975881 791.406846 788.696606 795.232885 809.956521 818.569364 828.787653 840.669948 846.737597 857.849815 886.583495 903.806211 921.892229 944.407294 968.451182 993.256838 1015.172773 1030.008554 1045.977365 1066.003889 1083.856137 1105.310529 1129.263533 1157.951059 1177.690030 1192.506758 1204.786855
1092.133579 1074.639918 1056.147812 1034.319311 1011.602355 1006.634133 997.203309 976.993425 929.832284 886.893345 853.711216 828.887216 802.367721 781.136851 750.913093 715.450500 692.329185 695.351660 701.596721 701.022268 686.311705 672.916224 662.291765 648.484730 632.975819 621.670681 630.031430 638.661931 646.263762 649.598386 653.391575 655.879751 655.134561 651.722573 658.355995 667.965910 679.330904 691.160778 706.327514 738.714856 767.912790 790.018371 815.028322 839.243871 866.174852 894.389016 919.623404 938.817255 960.043585 981.793528 1004.670705 1027.072756 1053.151735 1083.273178 1108.257424 1124.639764 1139.980065
1007.348919 983.190102 955.010350 914.457959 896.082500 883.646308 868.096464 830.057325 784.981495 745.334412 715.881569 687.039234 659.911048 630.353430 596.481684 567.006736 545.096581 550.544921 556.819146 567.071648 554.622167 542.808830 536.027651 520.960378 506.761751 492.384490 500.063573 509.918435 526.704803 530.794741 534.284947 541.183572 540.330082 538.407303 530.698372 540.088051 551.235186 565.885419 594.716751 622.123446 649.723995 674.977723 699.729337 727.072307 756.875543 787.564261 818.710999 843.008937 866.749259 892.795869 916.934776 938.448842 962.156436 990.702989 1015.799956 1037.322707 1059.836396
900.296420 872.856398 833.308951 785.937810 747.845824 727.904223 686.699458 649.366749 610.248422 588.321168 565.926574 539.735672 515.549541 492.073179 464.009065 439.574109 414.644315 417.722532 429.639570 443.155391 436.768067 432.682503 429.202710 417.672768 403.874072 390.286705 393.943880 409.047313 425.885010 433.212268 439.851091 447.497324 447.805600 441.406904 433.459391 439.613454 454.138065 471.076162 493.501495 517.749196 542.050257 565.330474 591.184542 618.544345 647.093473 678.247158 710.657381 736.596576 766.668572 797.876173 823.192773 840.180715 858.817522 887.375551 910.205314 935.695114 961.251635
781.256502 749.775767 703.800141 656.608753 609.680230 567.778634 531.479720 497.379515 476.690553 455.256976 434.938743 414.747479 392.274367 371.436476 351.242399 328.295666 309.439532 314.305720 327.217469 338.552408 340.961442 337.803064 334.584059 326.825717 313.068164 302.621452 311.029179 326.505491 341.572368 351.766500 358.584798 364.847851 362.315742 354.355793 348.563452 356.926722 372.850663 388.417427 406.741247 429.341841 452.190335 475.635459 500.435271 525.669853 553.743979 583.122699 613.286939 643.465488 672.225734 700.087672 717.054848 733.948638 747.674599 770.462333 795.220946 821.222476 849.620337
639.959529 608.177568 570.856531 528.373583 494.315784 459.547958 426.384466 394.097905 367.213291 348.441024 337.142977 321.164910 300.911437 286.499846 268.847194 250.312083 249.377634 252.264926 263.643560 265.112508 265.662633 262.587574 261.386188 256.820955 245.806572 252.396684 260.047614 274.900416 285.879287 295.404689 301.790319 306.062692 305.952075 299.496664 302.979161 310.465775 325.481732 337.896109 353.754009 375.432644 393.947969 414.700930 438.235709 462.783175 488.854140 516.748173 546.931407 574.787398 598.236083 612.016352 627.052797 637.536166 637.137602 656.719766 677.553420 698.602118 728.044782
