tests/Borden05m/sims/sim_1/output-maps/psiliqL0005N0002.asc
ncols         160
nrows         34
xllcorner     620200.000000
yllcorner     5168000.000000
cellsize      0.500000
NODATA_value  -9999.0
[rows 0 to 24 of 34, columns 56 to 111 of 160]
-9999.0 -9999.0 -9999.0 -9999.0 -9999.0 -9999.0 -9999.0 -9999.0 -9999.0 -9999.0 -9999.0 -9999.0 -9999.0 -9999.0 -9999.0 -9999.0 -9999.0 -9999.0 -9999.0 -9999.0 -9999.0 -9999.0 -9999.0 -9999.0 -9999.0 -9999.0 -9999.0 -9999.0 -9999.0 -9999.0 -9999.0 -9999.0 -9999.0 -9999.0 -9999.0 -9999.0 -9999.0 -9999.0 -9999.0 -9999.0 -9999.0 -9999.0 -9999.0 -9999.0 -9999.0 -9999.0 -9999.0 -9999.0 -9999.0 -9999.0 -9999.0 -9999.0 -9999.0 -9999.0 -9999.0 -9999.0
-9999.0 -9999.0 -9999.0 -696.060828 -701.713829 -707.342622 -712.664339 -722.072196 -731.526641 -740.541751 -744.714207 -745.809310 -746.889762 -747.445880 -742.264305 -734.550505 -727.124659 -720.009261 -717.792669 -715.483686 -713.197536 -712.722111 -714.141026 -717.478611 -720.830731 -724.308484 -725.781472 -734.334264 -745.894020 -755.014868 -757.829289 -753.278112 -748.719130 -746.154505 -739.840162 -728.802331 -717.744974 -709.059736 -697.357140 -691.986476 -686.693069 -683.129437 -686.860614 -690.110141 -693.392158 -697.538283 -708.313272 -9999.0 -9999.0 -9999.0 -9999.0 -9999.0 -9999.0 -9999.0 -9999.0 -9999.0
-733.365352 -714.429102 -711.272858 -721.914714 -726.766893 -730.299065 -732.819473 -738.368123 -747.480336 -753.203470 -758.943827 -760.729267 -760.999624 -761.151835 -757.075979 -747.540326 -739.706440 -735.045239 -732.819126 -730.564091 -730.307043 -730.861560 -731.390129 -734.388475 -737.881008 -741.358943 -743.201705 -743.459765 -751.127793 -756.385041 -759.580354 -760.519576 -758.123353 -755.853002 -753.055634 -743.247062 -734.774651 -726.298946 -712.262618 -700.006180 -694.686380 -696.757786 -701.507447 -704.781586 -710.549664 -719.743811 -729.951275 -740.624839 -747.761404 -752.841365 -757.522349 -751.174676 -744.759419 -734.062818 -723.393529 -711.168176
-750.400010 -731.098564 -728.484492 -739.652803 -748.452529 -752.692401 -753.024123 -751.415236 -755.554650 -760.569360 -764.435547 -757.347301 -756.380772 -755.409507 -752.434731 -748.958165 -747.284946 -744.602712 -739.486870 -730.750054 -728.344800 -727.995141 -728.016315 -729.943264 -733.130529 -734.970375 -737.811700 -743.075461 -743.905249 -743.399382 -743.184617 -737.799364 -736.327426 -735.209854 -742.415682 -739.186691 -732.811803 -725.812356 -718.413044 -711.089098 -705.849325 -708.583904 -709.716354 -717.490205 -730.725835 -741.925451 -750.410757 -753.074570 -755.886484 -763.115307 -774.618234 -767.637839 -751.903899 -746.947546 -742.770942 -730.456783
-759.363263 -747.741561 -745.113055 -750.576234 -750.220006 -749.216385 -748.078345 -750.067479 -753.393664 -754.699939 -741.788584 -732.532425 -731.197090 -728.582950 -725.602151 -727.427216 -740.198772 -743.120556 -734.597281 -724.246851 -718.463286 -718.564781 -718.787117 -720.164684 -721.319466 -722.010122 -724.624167 -723.355220 -720.683222 -719.569834 -714.200850 -708.598968 -705.966333 -715.094819 -724.380991 -724.113108 -716.510143 -708.646929 -701.141258 -689.815976 -677.679793 -678.826754 -684.276864 -692.629121 -705.817265 -728.757129 -748.463399 -758.388148 -764.217720 -770.585365 -771.565453 -772.912784 -762.490309 -760.313182 -758.378358 -749.251309
-756.105615 -735.472424 -727.388335 -734.032814 -740.561728 -744.886413 -744.796261 -744.771446 -741.210464 -727.693470 -714.024068 -698.865914 -696.711860 -694.565336 -695.088841 -705.435634 -715.902261 -720.645643 -705.503361 -690.208896 -682.239820 -681.419253 -680.443480 -671.779700 -674.399073 -677.753395 -683.804285 -681.294449 -677.862789 -665.713938 -658.474015 -652.144996 -654.220452 -665.771448 -676.346816 -678.436797 -676.941255 -675.481169 -669.672672 -658.900360 -648.175567 -652.504793 -659.652248 -669.799988 -698.501823 -726.539378 -743.271386 -741.808601 -740.774009 -744.767205 -747.504115 -751.094473 -758.780912 -758.820793 -758.900531 -759.048809
-709.127701 -691.033223 -675.068442 -681.711890 -691.103693 -703.200363 -703.388059 -699.934369 -691.852235 -678.820990 -660.254359 -636.654064 -633.215263 -629.548693 -625.219116 -635.817566 -647.840329 -660.006776 -645.423456 -636.369101 -627.495502 -623.804943 -611.802307 -601.798176 -607.307623 -616.586371 -625.961361 -619.655785 -605.173543 -590.713707 -585.077939 -582.351040 -581.523570 -590.633258 -595.451397 -598.471115 -598.579779 -602.758652 -600.284450 -588.580467 -572.742526 -571.647514 -582.531437 -604.617624 -639.119594 -674.039327 -696.871592 -692.911133 -698.649094 -703.897374 -708.137496 -722.154014 -733.712179 -733.881043 -743.144147 -749.226202
-664.566949 -647.371324 -630.159551 -634.039504 -646.217330 -658.699109 -658.897516 -650.890076 -642.613399 -624.753419 -601.163899 -577.146750 -564.907670 -557.315670 -548.963172 -555.705876 -564.519008 -573.584475 -569.469163 -557.023239 -545.239974 -533.884546 -521.951166 -510.440957 -516.130708 -525.207727 -527.424936 -523.796385 -508.416940 -495.007779 -490.134278 -487.672621 -482.759390 -487.566220 -494.989383 -503.381538 -511.532885 -518.738940 -523.493119 -509.139648 -494.942843 -496.125471 -518.411989 -540.714799 -571.841003 -606.288565 -639.948177 -645.957449 -645.658826 -646.795940 -662.067186 -677.184102 -696.770155 -708.311301 -716.988278 -732.249695
-576.541358 -556.304704 -538.423453 -533.601521 -547.964380 -552.425621 -548.166223 -538.153273 -533.711622 -522.614447 -496.660129 -463.653124 -438.321082 -415.290397 -411.673302 -422.185466 -432.366912 -447.029825 -454.258344 -442.117225 -430.409322 -418.500198 -406.112005 -393.284949 -384.078400 -384.136047 -383.947019 -381.560235 -378.461219 -372.623341 -365.001508 -356.208018 -345.704494 -341.294923 -351.609454 -363.886256 -377.379808 -388.924243 -392.508311 -394.871384 -388.412302 -388.379207 -406.967467 -432.591034 -460.271029 -493.196400 -522.060463 -542.624950 -541.306278 -554.317178 -570.261385 -591.604922 -628.106855 -647.982816 -664.764510 -694.949464
-486.674889 -460.398999 -445.698588 -430.983329 -431.697900 -429.703413 -427.694148 -422.874563 -418.451080 -411.084825 -377.172824 -333.654047 -286.828263 -241.639429 -222.489288 -242.981076 -263.955111 -284.467371 -301.028997 -302.372328 -283.898197 -255.889773 -220.605361 -189.276402 -172.876144 -173.221489 -171.189019 -166.133268 -154.860551 -141.809637 -109.578539 -53.921060 -21.417081 -4.454877 -11.200145 -44.905342 -120.705758 -193.811379 -218.915739 -227.801670 -237.932897 -238.147334 -240.672353 -281.947589 -320.448417 -361.025430 -398.852103 -423.007396 -442.146797 -458.994930 -476.545602 -514.658631 -551.941646 -584.293313 -612.278810 -640.390059
-381.051885 -346.864698 -310.027006 -284.920239 -275.105115 -272.338906 -268.230129 -257.347276 -244.805410 -220.371527 -143.721443 -37.557913 15.630836 47.149205 52.237562 43.325273 32.817256 22.148913 13.481858 10.489628 16.216239 26.547853 43.070976 57.352638 69.633976 70.229088 71.449932 73.112090 78.331182 85.737450 97.808627 118.502189 134.963403 140.927381 140.715661 128.179478 96.595382 65.706821 52.074456 43.954874 38.144181 37.859448 37.558387 32.028303 3.869176 -55.745443 -214.201451 -286.540136 -323.788791 -342.085352 -358.222021 -373.497340 -413.962003 -435.825749 -465.412690 -499.585495
-213.508961 -91.687393 -16.043661 14.333177 24.816310 24.991565 26.610227 32.853929 40.614012 56.434287 85.711131 120.135534 142.771001 154.428747 162.098148 160.261288 155.680542 148.695447 148.069478 148.135235 148.759539 151.415230 153.788636 160.083406 166.495591 168.462282 168.734788 167.837284 169.633169 171.312376 173.326910 175.675877 178.198820 180.820200 181.365798 179.336356 171.235098 161.389431 154.469490 151.248309 150.100850 149.327509 149.804114 148.986994 142.840104 116.815776 62.515027 19.185011 -13.485569 -58.498010 -139.441179 -179.538290 -207.173433 -241.291931 -287.738297 -342.865825
49.252917 92.427970 127.241339 144.334404 151.383840 152.014105 153.897681 154.631842 158.844474 166.233975 175.433018 181.917358 187.728569 194.746747 198.469830 203.098698 204.972653 206.400247 208.844027 209.245576 206.532077 207.456866 207.962951 207.964617 210.268930 210.545262 210.297300 210.528422 211.123602 211.871796 212.750633 213.237758 212.114509 212.138245 211.818586 211.694607 209.416246 204.590289 196.507766 192.674016 190.711609 188.240211 184.824421 180.892358 177.400225 171.510504 159.612691 145.293556 128.502072 111.042191 87.256278 70.281648 58.801167 40.432231 14.856638 -31.292832
157.277768 165.457742 174.690206 184.501833 189.981724 192.780727 195.138415 196.033049 202.219966 211.199788 212.317719 212.215882 212.162367 211.149419 210.699219 210.310232 210.693333 208.810955 209.602052 209.205769 205.105350 197.950797 199.127440 199.815436 201.526037 204.215089 202.389157 202.958226 205.922426 205.289900 201.356413 199.232976 198.596400 198.285578 203.742767 205.944367 206.543532 207.413468 208.088140 209.178094 209.997066 210.421249 210.295947 209.716962 206.497674 201.467620 193.844154 183.560392 171.482535 164.797668 160.649106 160.014650 157.637496 155.321472 146.731141 127.674728
200.247851 208.416147 216.049366 215.992334 215.220402 214.603313 214.878838 216.294153 214.970648 211.946629 208.454963 204.780709 204.232858 203.139378 200.936036 201.608866 200.105949 197.752910 197.421714 196.602479 193.374710 189.042602 188.809442 191.090211 192.432781 193.092175 193.169898 194.274721 195.741238 194.621122 192.415397 190.297342 189.562612 192.329801 193.745554 194.771035 194.493069 193.888587 193.659387 194.899379 194.522459 194.943943 197.084888 202.121137 207.457549 207.085619 207.817851 208.653246 209.589114 198.756866 189.565717 191.596709 189.821635 185.769594 178.670779 171.010381
208.571741 208.717819 207.002200 202.319784 198.288734 197.857329 199.959093 205.902081 207.280298 201.781258 197.482858 195.422311 193.316103 193.132812 192.474669 192.094407 192.611572 191.116310 190.115750 185.584072 182.573908 178.933092 176.616960 175.827548 177.705995 180.293133 182.437815 183.991655 182.044536 180.533399 177.876647 175.557442 176.342959 176.877617 179.395210 183.602071 183.441146 183.940138 182.731320 182.505927 180.815187 180.410479 182.806686 187.492017 191.719539 195.684428 197.889458 200.715498 204.326141 211.058779 211.175378 210.227489 209.510852 206.646975 199.260260 192.830348
198.915330 196.963496 196.057537 194.028113 192.139372 191.835397 193.189446 195.042727 193.892694 191.448457 187.947123 184.259342 180.790197 179.078771 179.800187 180.923124 181.603756 180.425982 175.964941 170.036349 163.926064 155.901682 153.395552 150.415050 147.670808 151.372084 157.826948 160.179474 154.518943 151.703529 146.610838 144.280678 143.507461 143.912041 147.385124 155.189711 163.219269 163.825789 160.221998 157.471426 157.028203 157.431172 162.501155 171.040519 177.655749 181.456953 183.861458 185.236065 188.023325 191.119017 194.526932 198.374862 201.550990 209.135097 209.059656 209.308969
193.006231 191.415097 189.821300 188.429082 187.149056 186.002999 185.005183 184.245435 181.579927 178.881379 174.619084 167.865637 160.993511 153.701024 152.053470 150.764451 152.379409 147.682969 143.417227 130.282675 103.340094 70.177126 51.540069 41.676929 33.955737 38.489100 53.305035 62.489268 48.265707 38.384170 25.795442 19.949037 17.240631 19.115838 29.873892 54.676744 76.498526 85.849173 78.861897 75.388687 77.151744 84.725984 108.343573 131.137293 143.485285 153.247032 161.458556 167.518126 171.266395 174.642341 179.210829 183.015875 186.416221 191.071349 196.949484 201.647101
186.136124 183.854575 181.536405 178.412900 174.918951 173.183459 174.011142 170.014947 165.107128 155.700717 121.684731 91.090405 55.929597 33.262049 25.311854 17.483473 13.210896 4.838293 -3.743915 -26.506650 -93.263578 -183.737019 -229.649887 -243.498894 -252.472279 -258.499195 -237.939834 -227.350048 -234.614682 -252.815133 -270.020117 -279.087653 -283.876905 -276.505124 -249.520267 -214.726860 -176.328431 -157.372903 -173.340296 -164.639474 -152.033613 -141.840349 -53.082534 -7.523138 20.557189 50.896723 90.976775 123.371342 137.545098 144.271691 152.319683 161.404210 168.969730 176.615595 184.215723 188.228218
175.648611 170.809174 163.400322 155.999211 149.562624 143.472138 143.302153 138.209752 119.321248 54.093301 -15.250039 -110.972539 -203.109409 -253.156481 -270.850804 -283.082229 -310.710524 -327.110803 -338.508676 -339.880601 -356.609707 -377.169431 -393.258506 -400.505625 -405.395297 -415.598052 -418.805792 -414.348215 -405.141693 -412.948231 -417.684204 -415.846339 -418.629276 -420.643036 -410.767912 -394.678120 -384.968168 -376.149601 -369.111291 -366.590165 -362.782180 -339.528672 -322.408414 -300.308726 -264.763805 -213.102286 -121.319645 -27.939128 6.834016 30.451407 60.766946 99.341860 131.628768 147.168662 161.698222 170.693728
142.678570 127.275816 96.098514 59.836553 32.977637 9.605805 3.804436 -13.279567 -63.716990 -228.769508 -311.717541 -356.466866 -380.550881 -404.457721 -418.450698 -437.996142 -465.409409 -482.493660 -480.516755 -473.830203 -477.218409 -491.162439 -503.567525 -512.749817 -523.239243 -536.871576 -545.294221 -537.814931 -529.421436 -526.723990 -525.216779 -522.011651 -521.608404 -523.091815 -524.932911 -515.465243 -507.598368 -498.690755 -490.956913 -483.895301 -460.438338 -438.785335 -424.733019 -406.205030 -386.577887 -362.831995 -335.263417 -307.070892 -281.971898 -246.573885 -191.597721 -76.784680 -5.424145 39.622788 89.164949 129.623298
26.077207 -17.814114 -99.732782 -206.226648 -278.498718 -302.153843 -312.325420 -321.664744 -357.847096 -403.470406 -443.504591 -469.304994 -490.958017 -512.333650 -534.407863 -560.612028 -586.168789 -603.360378 -596.653188 -589.950585 -581.921593 -594.008935 -605.989544 -612.617885 -626.056720 -639.385708 -652.169745 -643.839815 -635.221762 -621.634009 -618.817831 -616.170610 -611.011085 -612.811146 -614.825419 -620.152436 -611.864119 -603.386835 -592.427529 -569.443112 -546.654297 -525.014903 -507.272139 -489.736900 -470.065616 -448.387701 -426.377302 -403.581644 -385.840914 -367.230515 -343.910596 -316.697646 -282.128574 -229.168600 -120.536245 -24.479658
-268.067293 -308.373707 -341.177995 -377.126470 -419.623330 -446.639808 -453.010720 -479.323736 -507.970938 -545.496425 -566.832039 -584.574072 -605.685343 -625.436523 -644.795932 -670.071920 -692.269259 -713.755124 -709.443564 -697.729628 -684.550810 -692.902422 -697.899303 -701.145823 -712.614127 -725.756257 -738.844913 -735.166446 -721.171356 -705.270887 -699.553981 -693.907151 -686.931102 -687.094296 -693.072261 -701.311604 -696.189805 -684.141036 -669.663954 -648.903780 -627.796122 -607.661379 -589.647192 -569.662701 -548.605153 -527.276574 -504.253198 -480.582148 -463.880495 -442.907730 -420.493700 -400.986885 -387.700116 -369.756609 -338.880189 -310.304158
-395.851822 -419.392684 -442.442607 -478.128256 -516.639118 -555.005287 -584.862558 -613.580735 -642.052758 -661.427813 -679.096100 -696.647501 -714.295856 -733.472113 -752.467204 -771.653731 -792.575841 -812.937766 -807.703061 -794.157490 -780.870617 -779.604926 -782.555668 -785.528943 -793.581818 -806.784582 -819.505626 -811.799720 -796.504692 -781.296074 -772.113840 -765.798212 -759.564249 -762.414486 -770.504549 -778.296483 -771.048523 -756.515715 -742.087810 -724.782551 -704.392568 -684.029193 -664.070351 -643.252641 -622.447076 -599.572497 -576.086292 -552.546104 -530.065319 -508.529119 -487.228089 -476.673792 -465.920972 -456.056971 -438.916540 -420.961321
-502.062471 -524.273830 -548.366308 -579.376246 -616.703357 -646.755814 -676.137554 -704.649402 -733.121550 -755.982535 -773.477772 -783.448273 -797.758032 -816.772017 -830.251170 -846.822506 -867.184817 -869.764797 -865.375980 -852.093657 -848.828743 -848.054969 -851.023395 -852.126364 -857.340544 -870.106175 -865.582318 -857.569025 -842.376415 -831.343737 -822.265622 -816.008620 -811.831173 -812.859289 -820.711461 -818.849335 -811.662916 -797.234315 -785.711199 -770.592726 -750.232136 -733.450716 -714.742894 -693.911379 -672.513879 -649.954501 -626.221015 -600.792392 -577.788659 -558.738161 -549.181466 -538.862779 -531.897755 -535.724672 -521.586068 -507.271873
