tests/Borden05m/sims/sim_1/output-maps/psiliqL0024N0003.asc
ncols         160
nrows         34
xllcorner     620200.000000
yllcorner     5168000.000000
cellsize      0.500000
NODATA_value  -9999.0
[rows 0 to 24 of 34, columns 0 to 54 of 160]
-9999.0 -9999.0 -9999.0 -9999.0 -9999.0 -9999.0 -9999.0 -9999.0 -9999.0 -9999.0 -9999.0 -9999.0 -9999.0 -9999.0 -9999.0 -9999.0 -9999.0 -9999.0 -9999.0 -9999.0 -9999.0 -9999.0 -9999.0 -9999.0 -9999.0 -9999.0 -9999.0 -9999.0 -9999.0 -9999.0 -9999.0 -9999.0 -9999.0 -9999.0 -9999.0 -9999.0 -9999.0 -9999.0 -9999.0 -9999.0 -9999.0 -9999.0 -9999.0 -9999.0 -9999.0 -9999.0 -9999.0 -9999.0 -9999.0 -9999.0 -9999.0 -9999.0 -9999.0 -9999.0 -9999.0
-9999.0 -9999.0 -9999.0 -9999.0 -9999.0 -9999.0 -9999.0 -9999.0 -9999.0 -9999.0 -9999.0 -9999.0 -9999.0 -9999.0 -9999.0 -9999.0 -9999.0 -9999.0 -9999.0 -9999.0 -9999.0 -9999.0 -9999.0 -9999.0 -9999.0 -9999.0 -9999.0 -9999.0 -9999.0 -9999.0 -9999.0 -9999.0 -9999.0 -9999.0 -9999.0 -9999.0 -9999.0 -9999.0 -9999.0 -9999.0 -9999.0 -9999.0 -9999.0 -9999.0 -9999.0 -9999.0 -9999.0 -9999.0 -9999.0 -9999.0 -9999.0 -9999.0 -9999.0 -9999.0 -9999.0
-9999.0 -9999.0 -9999.0 -9999.0 -9999.0 -9999.0 -9999.0 -9999.0 -9999.0 -9999.0 -9999.0 -9999.0 -9999.0 -9999.0 -9999.0 -9999.0 -9999.0 -9999.0 -9999.0 -9999.0 -9999.0 -9999.0 -9999.0 -9999.0 -9999.0 -9999.0 -9999.0 -9999.0 -9999.0 -9999.0 -9999.0 -9999.0 -9999.0 -9999.0 -9999.0 -9999.0 -9999.0 -9999.0 -9999.0 -9999.0 -9999.0 -9999.0 -9999.0 -9999.0 -9999.0 -9999.0 -9999.0 2874.335271 2857.096573 2843.273154 2838.718581 2859.724893 2882.586667 2906.139949 2926.416600
-9999.0 -9999.0 -9999.0 -9999.0 -9999.0 -9999.0 -9999.0 -9999.0 -9999.0 -9999.0 -9999.0 -9999.0 -9999.0 -9999.0 -9999.0 -9999.0 -9999.0 -9999.0 -9999.0 -9999.0 -9999.0 -9999.0 -9999.0 -9999.0 -9999.0 -9999.0 -9999.0 -9999.0 -9999.0 -9999.0 -9999.0 -9999.0 -9999.0 -9999.0 -9999.0 -9999.0 -9999.0 -9999.0 -9999.0 -9999.0 2924.920626 2930.740729 2930.546725 2920.452867 2908.976634 2895.316643 2874.671572 2857.400779 2843.999527 2841.848458 2844.100548 2846.810862 2867.414755 2892.433835 2912.029573
-9999.0 -9999.0 -9999.0 -9999.0 -9999.0 -9999.0 -9999.0 -9999.0 -9999.0 -9999.0 -9999.0 -9999.0 -9999.0 -9999.0 -9999.0 -9999.0 -9999.0 -9999.0 -9999.0 -9999.0 -9999.0 -9999.0 -9999.0 -9999.0 -9999.0 -9999.0 -9999.0 -9999.0 -9999.0 -9999.0 -9999.0 -9999.0 -9999.0 -9999.0 2833.198313 2850.039039 2867.770877 2886.086574 2902.816002 2909.668371 2915.397833 2920.635529 2915.863949 2911.198291 2899.313751 2878.295278 2858.773393 2845.704784 2844.403647 2841.739806 2845.087465 2856.441606 2872.717263 2887.490319 2907.688672
-9999.0 -9999.0 -9999.0 -9999.0 -9999.0 -9999.0 -9999.0 -9999.0 -9999.0 -9999.0 -9999.0 -9999.0 -9999.0 -9999.0 -9999.0 -9999.0 -9999.0 -9999.0 -9999.0 -9999.0 -9999.0 -9999.0 -9999.0 -9999.0 -9999.0 -9999.0 -9999.0 -9999.0 2839.516605 2833.444158 2828.403370 2826.603386 2824.922489 2823.718230 2830.212374 2841.200249 2858.077401 2879.825695 2892.798306 2899.802566 2906.424645 2906.555776 2900.473656 2898.412565 2898.559059 2885.669413 2873.129658 2861.367610 2849.855601 2846.538049 2855.096015 2868.884920 2884.638536 2898.768089 2913.548012
-9999.0 -9999.0 -9999.0 -9999.0 -9999.0 -9999.0 -9999.0 -9999.0 -9999.0 -9999.0 -9999.0 -9999.0 -9999.0 -9999.0 -9999.0 -9999.0 -9999.0 -9999.0 -9999.0 -9999.0 -9999.0 -9999.0 -9999.0 2810.238451 2815.119494 2821.433449 2828.842908 2829.572168 2825.990755 2820.361706 2817.372440 2815.639313 2813.106062 2817.295181 2824.071239 2836.697770 2851.597277 2873.403456 2881.256940 2885.330006 2896.360906 2899.510682 2906.617639 2910.076708 2907.729551 2903.313558 2888.218159 2876.421006 2878.405094 2882.078412 2888.324633 2895.998489 2908.831337 2922.107908 2936.974858
-9999.0 -9999.0 -9999.0 -9999.0 -9999.0 -9999.0 -9999.0 -9999.0 -9999.0 -9999.0 -9999.0 -9999.0 -9999.0 -9999.0 -9999.0 -9999.0 -9999.0 -9999.0 -9999.0 2786.102014 2787.022474 2788.317076 2792.963504 2793.149916 2794.733530 2801.241945 2808.947982 2811.446814 2808.960907 2807.555893 2808.488785 2810.620850 2814.614149 2824.613099 2837.437908 2850.728557 2862.969674 2882.929042 2896.620218 2908.344782 2922.951948 2922.569356 2918.247671 2915.888056 2915.188466 2913.100216 2911.575110 2910.390184 2915.788914 2916.254209 2919.350946 2927.675271 2938.680624 2954.520451 2971.424909
-9999.0 -9999.0 -9999.0 -9999.0 -9999.0 -9999.0 -9999.0 -9999.0 -9999.0 -9999.0 -9999.0 -9999.0 -9999.0 -9999.0 -9999.0 -9999.0 2768.152109 2770.134569 2772.757718 2778.518945 2782.407474 2786.649178 2793.799445 2781.447832 2784.327449 2790.922527 2794.894506 2803.541827 2811.256760 2817.676682 2822.768838 2824.384908 2830.105515 2838.372813 2848.799455 2861.771389 2880.917632 2903.282674 2917.947922 2933.569644 2949.725873 2949.311550 2946.732371 2946.163060 2944.021807 2945.120875 2958.913994 2961.475900 2956.228258 2965.922670 2976.982037 2979.122338 2983.166934 3001.634549 3022.877641
-9999.0 -9999.0 -9999.0 -9999.0 -9999.0 -9999.0 -9999.0 -9999.0 -9999.0 -9999.0 -9999.0 -9999.0 -9999.0 2718.344669 2722.579784 2733.038394 2744.503287 2747.791107 2752.976905 2759.900515 2772.322604 2776.205876 2782.362005 2789.634323 2785.838723 2793.620046 2801.615670 2812.432150 2819.498643 2825.417228 2830.768507 2832.919969 2843.441270 2856.346454 2869.605675 2887.542196 2908.107205 2925.533460 2942.706013 2957.699724 2968.468086 2965.460070 2963.513885 2964.566068 2968.592094 2979.234850 2994.834620 2995.477814 3005.302218 3024.946894 3034.501697 3041.374662 3046.748557 3059.364594 3079.653181
-9999.0 -9999.0 -9999.0 -9999.0 -9999.0 -9999.0 -9999.0 -9999.0 -9999.0 -9999.0 2689.356339 2691.216172 2687.893345 2685.934734 2691.993552 2704.708774 2719.539279 2725.620643 2737.926202 2759.540355 2778.333231 2781.625791 2794.919512 2787.548073 2793.095335 2801.869964 2813.491231 2824.305089 2838.479824 2848.769726 2856.496322 2871.785076 2886.035708 2900.590409 2916.234086 2934.953144 2950.082317 2973.028093 2995.121394 3003.010975 3019.433187 3022.416601 3017.327368 3014.628876 3022.535128 3033.187197 3047.739729 3063.414935 3081.109436 3102.312349 3112.686884 3124.683342 3132.933123 3142.566521 3156.893356
-9999.0 -9999.0 -9999.0 -9999.0 -9999.0 -9999.0 -9999.0 -9999.0 2663.980050 2672.200633 2678.026856 2675.122846 2671.011427 2665.877755 2680.842513 2696.778671 2713.068691 2731.681177 2747.617384 2766.018448 2779.945663 2794.887102 2795.335549 2804.782948 2814.186702 2827.790756 2839.391588 2853.035552 2871.988985 2879.111978 2889.593063 2907.645495 2922.110852 2937.446466 2953.973280 2969.036373 2986.968507 3015.989488 3043.734918 3059.582274 3084.373500 3101.225615 3095.347697 3093.304110 3094.056480 3116.240327 3141.637425 3169.578706 3188.324207 3211.238902 3238.506530 3256.280039 3265.009872 3275.612433 3288.917774
-9999.0 -9999.0 -9999.0 -9999.0 -9999.0 -9999.0 2634.944709 2659.484360 2674.942912 2666.740680 2653.665179 2649.172852 2643.835147 2673.907090 2696.765075 2714.629173 2731.857016 2749.802086 2766.251000 2775.142156 2785.029292 2802.707647 2813.523532 2826.248451 2839.228628 2852.153440 2867.031979 2887.109595 2903.809285 2925.527965 2941.865901 2958.095098 2978.701239 2994.720682 3010.281991 3023.147630 3049.708506 3083.172854 3116.492415 3140.290933 3163.886393 3193.765916 3193.988262 3195.656849 3197.499118 3219.580187 3251.771033 3280.549201 3311.698686 3341.576301 3368.641675 3378.713660 3387.311262 3396.846225 3408.900097
-9999.0 -9999.0 -9999.0 -9999.0 2601.893432 2622.816021 2641.883451 2672.239741 2694.591457 2689.975803 2695.211732 2694.121469 2690.745016 2696.209960 2704.856031 2722.916567 2742.563038 2762.409553 2777.138390 2782.980345 2827.550756 2837.984579 2854.974252 2883.304857 2893.284688 2905.968001 2920.084739 2939.469588 2957.967258 2982.857934 3017.191567 3046.170965 3066.709960 3085.045886 3102.950471 3119.350083 3152.506378 3187.892892 3222.258864 3252.945823 3279.236327 3304.031864 3311.040933 3315.761811 3325.333962 3341.387683 3362.905441 3389.529566 3421.734863 3453.009451 3475.972025 3485.456963 3490.726764 3499.959472 3507.625137
-9999.0 -9999.0 -9999.0 2548.422432 2587.514937 2626.929308 2652.973932 2683.539191 2716.153581 2717.414552 2726.700758 2728.154495 2728.809420 2735.623366 2740.748870 2758.181283 2776.679949 2796.203755 2792.577030 2824.964446 2853.724769 2872.354547 2899.308296 2915.956299 2928.993367 2940.937369 2957.872869 2977.155504 3010.281629 3039.892627 3084.920886 3134.216490 3165.716758 3184.671438 3205.583324 3231.604815 3255.366714 3292.167947 3325.133405 3356.296670 3385.792130 3407.584017 3422.033347 3426.643870 3435.554895 3441.365969 3454.158340 3474.579315 3496.138067 3525.710699 3554.116735 3581.407656 3595.886810 3606.280329 3622.700412
-9999.0 -9999.0 2500.130535 2539.367151 2571.241204 2618.777092 2672.005320 2707.272244 2747.334802 2767.690952 2772.275179 2784.711270 2781.837611 2782.740012 2791.550575 2803.753219 2823.489873 2830.595493 2848.609745 2865.847002 2903.928130 2938.523366 2938.216451 2975.512513 3004.523621 3034.375996 3053.345925 3078.434241 3114.029896 3147.978047 3191.489085 3239.710792 3273.475371 3300.767847 3315.618897 3334.490195 3354.216575 3378.877633 3413.833430 3439.315183 3471.475170 3496.219633 3515.586402 3517.204689 3519.932765 3535.427223 3562.212964 3591.289158 3618.611381 3645.832989 3634.544434 3654.922783 3664.012738 3669.084244 3677.058452
-9999.0 -9999.0 2470.450449 2516.725239 2552.351816 2612.136013 2697.606384 2732.742382 2773.534933 2809.223313 2822.632641 2843.244294 2839.305115 2831.047566 2848.427842 2862.945144 2880.334326 2886.385215 2880.333412 2931.450976 2981.484730 3009.523755 3022.798057 3095.436240 3144.490316 3165.701646 3180.138728 3199.217213 3218.768770 3256.744437 3296.291093 3348.793593 3389.222237 3418.121832 3432.009244 3450.618143 3469.329235 3484.117958 3502.716908 3546.859974 3579.738210 3608.709505 3638.831547 3659.409287 3667.220966 3671.589859 3649.253899 3666.256122 3677.786319 3682.759221 3684.693499 3680.976535 3680.370425 3681.150020 3682.079198
-9999.0 2377.692467 2430.183625 2481.194219 2546.405022 2609.032419 2685.712513 2761.779188 2817.223272 2866.912127 2891.491344 2887.003933 2892.835589 2919.864013 2938.992471 2956.069415 2959.733516 2967.577340 2949.340503 2997.841562 3035.399374 3087.928487 3187.085541 3243.208560 3300.809749 3297.142403 3286.115769 3291.757546 3308.374073 3352.854487 3427.686678 3480.607011 3542.281822 3588.161533 3603.990879 3610.641391 3628.379888 3648.277143 3604.798818 3642.938281 3660.404351 3674.978417 3682.623851 3684.632623 3685.754528 3685.545612 3681.930243 3675.035869 3666.949188 3661.171635 3656.984827 3652.482190 3654.913119 3658.229651 3658.548437
-9999.0 2339.757847 2397.527836 2466.496159 2534.604700 2585.532929 2672.134158 2825.966253 2885.246935 2921.517512 2928.871811 2912.246494 2972.080065 3030.113542 3054.661580 3097.896948 3083.121679 3067.774337 3034.357013 3059.511183 3098.606098 3168.031380 3330.572928 3416.486619 3462.219594 3470.084581 3471.547722 3498.643344 3540.282103 3584.351295 3626.506589 3601.220467 3645.085973 3666.577003 3671.067930 3671.696562 3676.518523 3675.222769 3673.557665 3669.210319 3664.123575 3664.273119 3668.741566 3668.569291 3665.650922 3662.345458 3656.692425 3649.267554 3644.021407 3639.401083 3636.730780 3633.868898 3631.990271 3631.419589 3626.715697
-9999.0 2301.096547 2375.301096 2434.481310 2483.864095 2579.061432 2708.545700 2842.675880 2936.724434 2969.768327 2954.375551 2993.342260 3093.401250 3195.286201 3245.572245 3265.969108 3249.651506 3205.716070 3189.150806 3231.365410 3298.978768 3411.145212 3538.644047 3631.953244 3646.120216 3649.115248 3606.642880 3629.495841 3650.677640 3653.191220 3654.185801 3661.069014 3666.062372 3668.906559 3667.369131 3664.484008 3659.702054 3651.573504 3646.749733 3643.134946 3639.410154 3638.355773 3640.436823 3642.128564 3639.361631 3635.489974 3631.021602 3625.440398 3619.181253 3612.469164 3608.240568 3604.059151 3601.958969 3596.599060 3593.007804
-9999.0 2181.419867 2276.525390 2319.374782 2400.257605 2586.410222 2715.353658 2848.699473 3007.988592 3030.051929 3078.928802 3212.143174 3326.408256 3403.479510 3432.939620 3466.422991 3490.520331 3506.767164 3541.908352 3436.947693 3511.294693 3599.544426 3639.392725 3656.672390 3664.609260 3664.939620 3655.342068 3634.809112 3624.127920 3617.377847 3618.983449 3626.226091 3631.003756 3635.872950 3633.595995 3634.548280 3635.438565 3632.164367 3628.198573 3619.584715 3611.790058 3605.262272 3602.252557 3607.030340 3602.355505 3599.879820 3593.768642 3585.460462 3576.630207 3569.276629 3561.432964 3554.918995 3552.667151 3547.653417 3546.494475
-9999.0 2100.455563 2173.615090 2237.846493 2352.711851 2516.474563 2617.849786 2777.231544 3000.820003 3131.253682 3285.446301 3370.863079 3439.913578 3483.821517 3534.811870 3584.203680 3609.509871 3619.938938 3592.304194 3611.478960 3570.186524 3559.376233 3576.311046 3604.439755 3620.531324 3624.422060 3616.406822 3606.969753 3599.725228 3598.600782 3596.566550 3592.923378 3589.193788 3585.833618 3582.692518 3585.467030 3590.624150 3583.696435 3573.754100 3564.555618 3556.255824 3547.218053 3541.367497 3536.952381 3537.096083 3537.318972 3529.786880 3519.407279 3508.699640 3500.526880 3493.352181 3488.768105 3486.220103 3481.372240 3472.172862
-9999.0 1983.582007 2114.480832 2193.338457 2291.662137 2421.509175 2528.923389 2682.517167 2804.469409 3041.898368 3183.954942 3358.585797 3405.224536 3471.388913 3519.597121 3590.167637 3586.337974 3554.748468 3513.035431 3496.584983 3506.073863 3514.602434 3523.207622 3538.137649 3555.395141 3565.187997 3569.526428 3563.170121 3549.044035 3537.108600 3526.751150 3513.748651 3504.753286 3502.487173 3505.932474 3515.407157 3516.217863 3506.979129 3493.118833 3475.336067 3460.067999 3448.528771 3446.405910 3448.964261 3449.920460 3446.016005 3440.138234 3429.551891 3417.115131 3404.969786 3399.134621 3394.757951 3387.602327 3376.791255 3365.282018
-9999.0 -9999.0 2030.092317 2138.672829 2233.838660 2346.038426 2438.853271 2560.487081 2702.505785 2861.985557 2976.135621 3145.255843 3234.629058 3277.647985 3313.218515 3367.547500 3390.701135 3418.951200 3410.700364 3420.464167 3429.112089 3433.955570 3439.464848 3445.782559 3456.394049 3465.967301 3475.559636 3472.785488 3463.879898 3443.975817 3419.284823 3400.130254 3389.954656 3381.134815 3392.723531 3405.030048 3399.994010 3393.173062 3380.729723 3364.706613 3352.151080 3338.092578 3334.647015 3334.692656 3335.270766 3332.960000 3330.227954 3317.906248 3305.726945 3295.692884 3291.601471 3286.095011 3282.410239 3272.683888 3262.211586
-9999.0 -9999.0 1942.137169 2046.556457 2150.043483 2267.624903 2353.542530 2376.893575 2515.573543 2622.038736 2730.033162 2820.464088 2913.065573 2978.287550 3011.764124 3072.350865 3124.702477 3141.772633 3177.432077 3226.178693 3258.139475 3294.683629 3316.221754 3325.749959 3338.106593 3352.037283 3359.510414 3344.847842 3333.632674 3316.703505 3293.789408 3267.882600 3254.726499 3253.757425 3253.395316 3255.587706 3248.377950 3239.425810 3225.125966 3211.041844 3198.839183 3189.622358 3186.045153 3180.951282 3178.920390 3176.287601 3174.485348 3168.968035 3160.427389 3155.546851 3147.587145 3143.723683 3142.793644 3139.410477 3133.445092
