tests/Borden05m/sims/sim_1/output-maps/psiliqL0004N0013.asc
ncols         160
nrows         34
xllcorner     620200.000000
yllcorner     5168000.000000
cellsize      0.500000
NODATA_value  -9999.0
[rows 0 to 24 of 34, columns 56 to 111 of 160]
-9999.0 -9999.0 -9999.0 -9999.0 -9999.0 -9999.0 -9999.0 -9999.0 -9999.0 -9999.0 -9999.0 -9999.0 -9999.0 -9999.0 -9999.0 -9999.0 -9999.0 -9999.0 -9999.0 -9999.0 -9999.0 -9999.0 -9999.0 -9999.0 -9999.0 -9999.0 -9999.0 -9999.0 -9999.0 -9999.0 -9999.0 -9999.0 -9999.0 -9999.0 -9999.0 -9999.0 -9999.0 -9999.0 -9999.0 -9999.0 -9999.0 -9999.0 -9999.0 -9999.0 -9999.0 -9999.0 -9999.0 -9999.0 -9999.0 -9999.0 -9999.0 -9999.0 -9999.0 -9999.0 -9999.0 -9999.0
-9999.0 -9999.0 -9999.0 -576.386444 -579.236053 -581.349033 -582.698905 -586.860636 -590.282271 -594.164179 -594.968427 -594.662043 -595.328938 -596.697966 -594.590056 -591.778024 -589.321826 -586.161307 -586.496127 -586.007197 -584.838317 -584.536571 -585.097425 -586.561155 -587.605656 -588.795782 -587.632796 -591.920237 -597.657108 -602.117758 -603.090748 -599.485424 -597.238574 -597.420337 -595.193217 -590.531170 -586.461213 -584.693663 -579.919918 -579.970875 -578.007685 -575.304778 -577.570834 -578.323769 -578.338112 -578.031174 -584.173652 -9999.0 -9999.0 -9999.0 -9999.0 -9999.0 -9999.0 -9999.0 -9999.0 -9999.0
-589.566396 -581.080061 -581.303540 -592.339633 -593.756110 -594.233730 -593.917551 -595.797538 -600.389994 -601.785922 -605.174553 -606.600009 -606.966297 -608.194949 -606.955868 -601.296652 -597.277827 -595.958469 -596.505653 -596.680163 -597.737857 -598.530553 -598.333329 -599.766381 -601.151892 -602.604224 -602.389991 -599.345347 -603.565376 -605.825529 -607.912467 -609.978004 -609.057015 -608.268475 -607.788652 -602.396586 -599.970738 -598.062685 -590.838237 -584.314231 -582.429927 -584.793453 -587.607884 -587.303419 -588.038447 -591.083953 -594.113710 -594.907700 -596.472797 -597.298272 -599.814114 -596.073359 -595.591823 -591.194591 -587.408810 -582.965131
-600.439222 -590.620980 -590.979233 -599.806947 -605.375617 -607.248776 -606.153769 -602.520696 -604.165881 -607.460962 -612.294302 -606.707142 -607.323231 -607.727300 -606.610233 -604.739357 -603.936124 -602.981001 -601.434788 -596.421140 -596.547664 -596.901072 -596.686164 -597.593758 -599.234988 -599.264321 -600.247608 -604.311173 -603.813296 -602.896008 -603.695590 -599.696539 -599.368741 -597.251792 -604.118236 -602.806550 -600.767062 -599.112607 -597.739250 -596.172117 -594.454003 -597.409765 -595.583696 -598.445562 -604.489961 -606.612682 -606.818154 -602.883847 -601.034334 -604.027713 -613.845665 -608.533873 -597.634003 -597.999106 -599.234160 -593.669496
-606.676909 -604.046797 -604.983845 -608.882417 -605.461782 -602.673717 -600.883560 -602.566822 -605.985628 -609.980867 -601.107001 -597.215605 -598.827408 -597.748502 -595.288620 -595.349344 -606.028876 -608.853890 -604.341890 -599.512497 -597.385393 -599.129127 -600.008774 -601.802085 -601.892241 -600.924075 -602.167822 -600.597437 -599.109335 -600.690916 -597.816531 -594.551902 -591.719248 -598.392723 -604.725892 -604.335443 -599.093913 -595.110105 -592.764444 -587.157444 -579.105834 -580.329642 -582.414867 -583.996716 -586.073412 -596.403204 -605.856581 -609.829002 -611.708433 -614.616390 -612.672474 -614.556668 -605.759077 -606.221757 -607.329155 -602.923605
-613.635529 -602.247002 -599.292880 -605.130512 -608.527104 -610.127472 -609.249613 -610.344053 -609.955789 -601.911327 -596.999812 -589.463379 -591.526904 -591.156123 -591.473325 -598.811909 -604.804298 -608.648993 -597.244496 -588.055874 -584.819144 -586.768103 -588.443716 -581.033803 -583.208973 -584.385635 -588.971499 -587.318779 -587.611478 -579.440848 -575.988150 -571.725624 -573.316873 -581.370076 -588.408139 -588.939795 -588.083815 -588.536814 -586.181323 -580.557952 -573.918988 -578.333182 -580.922503 -581.752079 -597.180775 -610.089197 -615.164966 -607.623035 -603.368098 -604.423731 -603.915469 -603.801045 -609.572532 -608.290937 -607.750435 -610.261789
-591.042986 -584.211369 -574.552689 -580.724226 -585.637871 -594.013389 -593.236171 -592.081673 -588.863549 -584.141568 -575.887349 -561.579096 -563.470781 -562.372287 -558.245259 -565.764482 -573.222010 -583.876751 -571.745332 -568.237308 -563.889812 -563.940693 -555.147711 -547.468268 -552.132701 -558.896733 -566.915696 -561.998024 -551.410236 -541.418522 -538.622878 -537.196400 -535.733466 -542.624721 -545.006247 -546.677371 -546.148827 -550.390369 -549.760519 -542.172411 -530.099282 -528.924543 -535.211660 -547.804204 -567.595365 -586.486009 -597.220658 -586.971114 -590.325356 -592.165119 -590.906501 -598.294341 -602.884772 -597.478950 -602.998263 -607.237258
-581.906300 -575.046042 -564.022201 -568.335204 -576.951342 -586.378255 -586.338207 -580.743788 -577.377776 -566.412724 -551.329662 -534.039275 -524.042179 -515.994097 -507.612969 -514.097291 -521.758114 -530.492482 -528.471597 -518.048809 -507.693041 -496.192309 -483.115013 -469.142763 -472.960851 -480.638957 -481.713492 -478.168972 -462.409046 -447.248561 -440.662785 -436.413918 -429.047625 -434.532974 -444.282614 -455.398834 -466.180102 -475.530896 -482.375851 -469.234341 -454.861429 -457.543455 -483.360623 -505.410516 -530.328314 -554.235867 -578.480642 -578.647927 -575.076723 -571.983512 -581.005648 -586.319473 -595.195313 -597.677487 -597.759396 -607.053536
-531.587529 -518.047731 -503.291868 -497.334149 -509.587070 -511.925484 -507.486651 -498.054067 -494.017385 -482.173027 -449.020339 -399.349437 -360.940255 -335.278005 -330.803627 -338.652103 -349.580123 -367.698811 -377.573273 -362.020506 -346.023139 -333.095062 -324.234698 -316.605774 -311.497195 -312.058890 -312.029573 -310.442555 -308.257336 -304.307499 -299.777256 -295.198400 -289.921326 -288.448487 -295.013677 -301.388882 -308.306920 -314.548783 -316.254168 -317.765558 -313.713404 -314.362186 -328.222837 -352.404132 -392.003482 -441.299088 -478.419820 -502.829040 -503.541898 -515.557656 -526.557166 -539.038933 -563.557329 -571.600683 -576.798596 -597.984025
-440.223254 -399.247655 -374.002962 -353.020045 -350.050661 -345.802029 -341.911011 -335.849693 -330.801344 -325.852105 -304.333367 -276.611320 -248.474830 -225.098893 -216.217058 -224.476065 -233.726663 -244.367269 -253.315210 -252.685153 -240.980099 -226.916164 -213.590830 -204.924999 -201.929719 -203.326474 -203.198310 -202.326224 -199.887632 -198.362509 -194.723157 -189.159487 -179.705535 -167.899763 -170.264336 -185.105470 -196.926280 -210.914413 -217.311039 -220.746801 -226.038478 -226.810868 -227.563934 -248.602940 -271.610000 -297.167400 -320.629963 -337.858186 -362.980219 -391.686408 -420.538275 -468.772149 -507.088745 -535.983990 -558.291498 -580.179406
-306.402228 -283.368360 -260.838854 -246.634776 -240.601839 -237.386728 -233.240108 -226.755713 -221.271822 -213.906354 -198.061066 -166.710877 -131.405077 -98.711061 -91.355386 -98.425450 -108.044069 -120.338799 -126.988726 -131.018145 -126.348292 -117.326373 -105.729910 -94.716446 -85.420241 -83.100298 -83.051070 -83.473941 -83.809810 -81.244890 -80.137037 -77.462536 -67.462772 -60.299676 -56.050445 -66.805668 -80.428224 -96.895673 -107.833288 -121.052092 -129.618348 -131.722016 -131.831179 -133.011566 -152.362034 -182.303387 -220.447201 -246.516671 -267.110527 -279.981272 -293.063186 -304.932428 -331.732133 -350.598356 -391.053211 -442.445267
-213.515538 -188.981680 -162.437465 -143.049182 -131.378649 -126.458224 -117.106528 -108.431702 -100.599064 -89.279288 -75.500247 -55.591612 -26.424342 23.095638 42.291708 39.977331 30.756932 -0.870981 13.459809 -7.008789 -5.989857 18.901164 23.423488 35.622291 30.860192 53.370339 53.510668 51.560242 35.242845 53.273421 53.320882 35.004545 53.758994 41.678412 61.078665 41.178495 47.025389 30.753042 11.910471 -22.136260 -32.553735 -37.835985 -39.315245 -41.933990 -51.450193 -75.659499 -111.920108 -146.690397 -171.833926 -189.716549 -202.347218 -210.899668 -218.114645 -231.153542 -255.096620 -288.007670
-111.043494 -89.687823 -67.490278 -44.911090 -24.218419 -11.952821 19.889229 26.171799 36.476103 50.574041 49.223408 75.136576 88.073669 107.057233 116.415062 121.451667 123.263118 122.347447 125.698398 123.967878 122.656512 124.711972 124.857437 125.735408 127.166941 129.211278 128.409938 129.108081 127.831121 129.328466 129.429204 127.757514 127.332585 126.092210 127.324943 125.769269 124.781197 117.800802 103.262574 89.743870 83.700530 76.442951 68.309313 59.545801 50.604978 36.591403 -10.927558 -47.386753 -79.546860 -98.375392 -107.474727 -113.346078 -118.110352 -131.172150 -150.446471 -175.399770
21.188129 33.864429 48.730254 54.856369 85.870496 95.810722 105.626701 110.024505 119.878433 130.108925 130.033293 132.243009 131.669708 133.098476 132.168510 133.312675 132.158922 131.052824 129.997185 129.515195 123.696180 114.966773 116.378218 117.282206 119.649502 122.637254 121.745444 122.237930 125.416500 123.413809 118.559737 115.315827 113.693435 113.479243 119.136576 122.682615 122.238587 123.911226 123.546502 123.038427 123.039012 122.656420 122.609155 122.638501 118.153668 110.004339 89.680097 62.619864 32.659716 -8.168394 -21.254320 -21.776934 -25.792782 -32.530950 -52.859430 -82.293753
112.477595 122.985587 131.725399 131.872018 133.457453 132.889170 135.516970 136.280074 137.173239 132.427312 130.006808 124.906321 124.233255 121.785974 120.579946 120.919901 119.213346 115.506544 112.359576 106.745885 94.921498 82.823356 80.938466 85.343601 89.940500 93.037069 96.583154 101.217352 103.218316 95.859596 89.276799 82.631137 80.298196 85.210678 74.456280 93.186067 78.609205 93.147189 92.926783 93.488468 92.020993 92.781253 99.363408 112.734393 120.705767 120.712985 120.634344 119.889540 118.737207 97.670259 78.732476 80.922306 76.887028 65.978313 40.035018 -1.709287
127.847875 127.198690 125.393607 119.431234 114.158322 113.828302 117.382188 123.919367 124.932569 118.920410 111.526594 104.841056 96.317483 79.522960 91.942303 91.380375 91.534375 86.314448 79.518699 63.552044 28.546481 11.716594 4.036127 2.803224 8.643004 17.897413 29.281677 48.547862 53.163066 24.279363 9.939136 0.705478 -0.017909 1.719458 6.882611 19.361331 19.840845 23.052789 20.431097 18.374052 14.363536 15.236681 27.922579 64.828155 80.068956 91.784984 99.390115 107.419798 113.122290 119.852048 119.712031 119.769614 119.665517 115.722023 102.601171 83.634200
113.516033 107.409528 102.896527 94.136007 87.925722 86.584188 89.226281 92.894266 89.586547 84.067808 74.288494 61.238806 28.507006 15.597593 16.299092 17.723840 17.580658 11.399806 -2.751731 -21.243985 -39.945252 -56.151509 -61.058959 -65.349435 -67.021588 -55.771358 -39.010846 -29.942575 -39.547675 -52.652245 -67.790770 -76.300860 -79.307736 -78.198551 -70.117988 -53.575994 -38.709456 -37.704579 -45.498587 -52.880786 -56.273388 -56.451894 -45.731058 -21.472698 -0.513509 14.853210 28.810322 56.309375 65.970394 75.240537 85.527714 97.414267 108.334839 118.954525 119.577220 119.381803
86.785510 78.250867 64.884356 39.605797 28.923324 23.183106 20.125450 17.829525 11.767952 5.392120 -4.711080 -17.972235 -34.471097 -49.960542 -54.058843 -56.502481 -55.100316 -66.185382 -77.933137 -97.805203 -113.870577 -129.212242 -137.138360 -142.254080 -146.774095 -138.644086 -121.978764 -111.902559 -126.456706 -137.187472 -151.003146 -157.915935 -161.272148 -160.607039 -152.386977 -131.253195 -114.246033 -108.874510 -116.653818 -123.250880 -125.928747 -125.560539 -119.076439 -101.398396 -80.252411 -59.925446 -43.783648 -29.808210 -19.885518 -8.566315 6.903077 25.168285 59.304955 76.634611 94.128448 108.101572
23.579936 11.755387 -0.538489 -15.744947 -28.615475 -35.716872 -36.121682 -43.222247 -49.611931 -59.235742 -98.066741 -113.142467 -130.254966 -144.471411 -149.441256 -156.308398 -159.749595 -168.976028 -176.120220 -187.003375 -201.171520 -215.400992 -227.323116 -230.606807 -233.502932 -236.340716 -227.230913 -223.190242 -225.798710 -232.261693 -238.974349 -242.558805 -244.785124 -241.759397 -231.250148 -221.059274 -211.421935 -207.278763 -212.334659 -207.884873 -202.650149 -202.133873 -188.145328 -174.718875 -157.776670 -137.446544 -115.935088 -103.591566 -93.817198 -82.446027 -66.195403 -47.338580 -25.282945 -0.678530 27.332947 63.278973
-29.823472 -43.831111 -58.488296 -72.181981 -85.192821 -96.981976 -97.123180 -101.170899 -107.145702 -137.014752 -175.294566 -202.344888 -217.312955 -234.093827 -241.845931 -249.564291 -268.290233 -279.931645 -286.712365 -285.659078 -294.608234 -306.958277 -316.660958 -320.762776 -323.438466 -329.747484 -332.041765 -329.590838 -323.736543 -328.627528 -331.567411 -330.190094 -331.871220 -332.873499 -326.895426 -317.699979 -312.472473 -306.890076 -301.326095 -297.842024 -292.101441 -272.648081 -260.225649 -248.393919 -232.184152 -213.851012 -194.034662 -177.353282 -166.149373 -153.253601 -135.350221 -118.710191 -97.148982 -72.576249 -42.928858 -19.817708
-95.544692 -112.969176 -127.894349 -142.811617 -158.219731 -177.596937 -179.924547 -186.604292 -196.924138 -231.152155 -263.961862 -290.192918 -306.651665 -322.974102 -333.772531 -355.279332 -393.145718 -419.878193 -420.229163 -413.706397 -421.369654 -442.369118 -459.639213 -470.932964 -481.816247 -495.346057 -503.112464 -495.938528 -488.218214 -487.952204 -488.147399 -485.520683 -485.668995 -486.493103 -485.851753 -472.854753 -462.697538 -451.340728 -441.187433 -431.140778 -396.312766 -362.503542 -340.037454 -322.132657 -306.648464 -287.921865 -267.236887 -250.407284 -238.405365 -223.314466 -206.709310 -188.515661 -168.937376 -144.649517 -115.808520 -92.263643
-159.777901 -182.857037 -201.298776 -220.154239 -247.635154 -259.911358 -268.094585 -275.749951 -298.722677 -326.988597 -360.310680 -403.449720 -440.438561 -469.171507 -492.087501 -514.940456 -534.932656 -547.415536 -540.713549 -536.551962 -530.360258 -540.375434 -548.722197 -551.259910 -559.304314 -566.675754 -576.027445 -568.838711 -564.927309 -556.019030 -556.232212 -555.661258 -551.862820 -553.595862 -554.477556 -559.672236 -553.619043 -549.461362 -544.207496 -528.355228 -512.120924 -494.146911 -476.451952 -453.579070 -421.827516 -382.635428 -345.882385 -321.126905 -305.542425 -289.417916 -270.816996 -254.320573 -238.495951 -219.321670 -195.432325 -173.814580
-242.670579 -259.794579 -278.466481 -303.889230 -334.277179 -362.730629 -377.841346 -415.303321 -454.573186 -496.659205 -518.959413 -532.744249 -546.367618 -556.653505 -564.977307 -577.627576 -586.987083 -600.325641 -595.425783 -588.242742 -578.558736 -585.999850 -587.417103 -586.237077 -591.377382 -596.993101 -605.600708 -604.071705 -596.800910 -588.354494 -588.051048 -586.103940 -581.551322 -581.478246 -585.200019 -592.372431 -590.331015 -585.015531 -579.578604 -569.749993 -560.255256 -550.810943 -542.247687 -530.723858 -516.695933 -499.995674 -476.887111 -445.752006 -416.472682 -377.474581 -340.325041 -319.091301 -307.670148 -294.000525 -271.752185 -254.790093
-319.852463 -337.649577 -368.671072 -424.577039 -476.488272 -513.558080 -534.429234 -552.710547 -569.128846 -576.172188 -582.549781 -589.356972 -595.299903 -601.752956 -607.614013 -612.589894 -619.989697 -633.587621 -627.870083 -619.816938 -611.144412 -610.680057 -611.653649 -611.160922 -613.416888 -619.679728 -630.228019 -625.450505 -618.495121 -612.230933 -609.947790 -608.502384 -604.900699 -607.388370 -612.791356 -620.293924 -616.752015 -610.320779 -606.312368 -601.241589 -594.055477 -586.514677 -578.946579 -570.314904 -561.432753 -550.012937 -537.182762 -522.567907 -506.227147 -486.809448 -461.239523 -442.457477 -420.276351 -396.424239 -363.618237 -336.302822
-460.611877 -486.512406 -508.506105 -531.080594 -554.029926 -567.076129 -578.783575 -588.911173 -599.167851 -605.832046 -610.728130 -609.211144 -611.775586 -618.283194 -618.610214 -622.325356 -633.146097 -629.348956 -626.256874 -617.685627 -619.070815 -619.458176 -621.469317 -620.195730 -621.644714 -631.841049 -626.483168 -623.996868 -617.723370 -616.201372 -614.552302 -613.346490 -612.145164 -613.263591 -620.294727 -618.722705 -616.557701 -610.776930 -609.925450 -606.970682 -600.013082 -597.056435 -592.170268 -585.593045 -578.528217 -570.264823 -560.479191 -547.819457 -535.259515 -523.682772 -519.040589 -511.199118 -504.582860 -508.029321 -492.901307 -475.387256
