tests/Borden05m/sims/sim_1/output-maps/psiliqL0027N0006.asc
ncols         160
nrows         34
xllcorner     620200.000000
yllcorner     5168000.000000
cellsize      0.500000
NODATA_value  -9999.0
[rows 0 to 24 of 34, columns 55 to 109 of 160]
-9999.0 -9999.0 -9999.0 -9999.0 -9999.0 -9999.0 -9999.0 -9999.0 -9999.0 -9999.0 -9999.0 -9999.0 -9999.0 -9999.0 -9999.0 -9999.0 -9999.0 -9999.0 -9999.0 -9999.0 -9999.0 -9999.0 -9999.0 -9999.0 -9999.0 -9999.0 -9999.0 -9999.0 -9999.0 -9999.0 -9999.0 -9999.0 -9999.0 -9999.0 -9999.0 -9999.0 -9999.0 -9999.0 -9999.0 -9999.0 -9999.0 -9999.0 -9999.0 -9999.0 -9999.0 -9999.0 -9999.0 -9999.0 -9999.0 -9999.0 -9999.0 -9999.0 -9999.0 -9999.0 -9999.0
-9999.0 -9999.0 -9999.0 -9999.0 3597.897405 3592.606893 3587.866120 3583.370709 3574.868943 3565.533859 3557.697590 3553.476359 3552.267445 3551.393374 3550.706388 3555.493521 3563.499248 3571.053917 3577.851717 3580.211546 3582.497757 3584.269955 3584.432998 3583.253184 3579.968097 3576.571324 3573.141331 3571.390697 3564.068756 3552.944751 3544.661993 3541.967853 3546.113891 3550.435785 3552.886465 3558.002338 3568.347552 3578.921579 3587.500682 3600.115181 3607.223747 3612.588795 3615.152101 3611.182612 3607.946730 3603.974756 3597.762958 3586.668696 -9999.0 -9999.0 -9999.0 -9999.0 -9999.0 -9999.0 -9999.0
3542.809112 3561.141881 3582.144399 3585.219601 3573.465631 3568.354921 3565.202139 3563.536055 3559.306471 3550.792302 3545.645880 3540.111749 3537.348963 3537.288934 3537.088322 3540.643219 3551.374976 3559.078681 3563.547374 3566.121893 3568.916508 3567.175052 3566.308887 3566.026299 3563.064167 3559.516979 3556.082576 3554.177929 3555.681106 3548.059564 3542.000436 3538.046040 3534.972300 3537.719601 3540.428264 3545.101769 3554.233908 3562.110443 3570.066140 3585.313630 3598.563766 3604.307300 3601.779769 3597.248944 3593.459102 3586.015454 3575.228222 3565.287016 3557.334971 3551.347383 3546.052811 3539.631929 3546.143747 3554.176427 3563.508028
3525.976753 3545.084319 3565.487336 3567.974184 3557.707464 3549.985796 3542.956004 3543.447856 3546.964221 3543.696678 3538.798902 3530.714182 3540.776557 3541.665802 3542.235921 3545.313647 3546.994876 3552.179144 3554.477275 3559.717893 3568.601717 3571.331617 3571.673852 3571.627833 3569.551426 3566.208919 3564.159680 3561.290981 3555.946584 3554.043574 3553.599872 3552.198770 3556.191258 3557.702771 3560.703676 3555.311080 3559.807699 3566.070383 3573.057818 3578.508132 3584.625399 3587.061453 3583.801533 3584.551637 3576.267250 3562.693535 3553.009147 3545.703478 3546.182763 3543.330017 3535.481779 3521.765851 3530.257852 3546.503414 3551.385145
3530.253482 3539.060430 3549.430573 3551.811559 3546.706201 3548.918807 3550.642353 3551.740690 3549.771989 3546.097332 3541.428802 3551.571758 3559.669276 3560.905739 3563.178649 3567.037372 3567.899068 3557.027003 3554.931462 3562.019591 3571.516566 3576.514961 3576.594269 3576.107709 3572.203494 3570.943680 3570.669170 3568.829021 3568.141333 3569.562858 3566.882194 3569.646452 3575.072350 3578.406612 3573.399031 3565.058217 3567.430621 3575.955616 3585.173628 3592.800389 3602.946289 3613.702337 3614.126838 3609.754384 3601.355591 3589.073695 3566.785356 3549.525507 3538.640766 3530.668740 3523.492189 3526.814123 3522.082947 3536.211394 3538.114547
3514.927413 3535.815583 3555.657225 3561.249631 3555.154305 3551.444070 3550.241171 3550.767478 3549.603319 3549.744040 3558.037462 3569.538174 3580.353349 3582.160823 3583.798932 3582.343733 3574.864170 3564.471925 3561.810217 3574.847191 3591.515467 3599.246408 3598.572553 3593.865352 3596.582246 3596.771441 3597.412807 3594.143623 3594.713178 3591.940620 3596.954786 3604.610571 3612.628537 3611.299196 3598.883219 3586.484645 3586.550651 3592.247481 3599.514842 3607.222940 3617.384718 3626.479199 3621.743909 3616.816166 3609.739375 3584.460308 3562.290705 3548.308312 3548.757967 3549.676791 3545.398698 3543.587669 3543.001243 3539.260988 3539.655444
3550.258691 3569.194730 3589.314954 3601.932494 3595.647840 3588.157032 3579.791361 3579.868266 3579.956058 3585.499739 3595.535166 3607.769892 3629.166568 3628.253428 3628.383785 3626.658651 3613.559680 3600.228083 3590.316596 3612.675383 3623.723798 3630.696311 3627.706407 3632.369045 3640.856554 3637.333056 3631.162596 3618.937550 3624.457830 3630.475155 3645.603149 3653.619059 3659.008918 3654.163372 3640.051899 3633.212718 3634.993562 3641.819477 3643.318916 3652.324076 3660.984439 3675.915666 3674.556496 3671.752432 3652.140888 3615.198738 3586.373262 3574.478625 3586.406258 3580.930176 3574.645489 3574.921772 3564.207787 3557.421688 3560.286236
3581.144613 3594.163047 3610.155157 3626.482610 3617.228977 3607.066073 3590.272429 3586.880103 3590.720729 3600.824092 3618.141675 3635.655697 3655.204557 3653.089585 3645.719252 3655.332773 3648.285280 3637.308514 3629.832432 3652.038329 3661.955256 3672.038028 3677.423204 3690.042038 3700.372663 3683.303600 3665.836001 3655.009405 3662.168375 3688.219807 3711.034837 3715.817477 3714.714824 3713.883982 3698.082869 3693.387761 3690.242809 3691.027259 3688.657818 3686.969069 3712.874732 3734.824914 3734.727881 3713.337417 3690.708988 3650.853789 3613.103554 3589.397724 3603.447620 3600.076859 3603.746610 3594.072324 3582.700508 3576.331068 3574.448501
3629.599397 3650.600897 3666.668826 3688.576186 3678.709442 3655.148786 3638.494519 3640.896580 3654.491959 3662.618671 3681.326444 3697.894325 3723.277136 3734.696717 3745.335678 3749.270009 3742.315908 3733.800900 3721.872246 3727.697074 3752.152745 3763.775830 3771.933581 3780.156185 3792.828145 3792.796143 3785.534219 3783.586585 3788.055860 3802.060752 3816.977946 3823.743768 3826.627421 3829.014289 3815.032704 3801.906064 3800.236834 3795.031974 3794.223578 3793.576735 3805.739273 3827.036897 3823.717081 3786.323108 3759.443119 3724.090546 3685.526498 3656.278325 3650.974245 3671.001860 3669.529407 3653.471750 3643.698548 3618.445229 3614.227008
3697.805388 3730.635249 3754.813760 3764.771406 3771.795948 3756.265544 3753.919726 3758.135205 3766.643540 3769.663905 3776.030651 3808.495675 3842.287577 3867.030642 3889.749444 3896.848633 3884.384979 3874.606136 3860.949630 3852.201128 3863.841026 3881.388895 3899.181320 3914.078045 3925.441173 3927.399633 3925.788194 3925.831725 3929.051178 3932.067612 3936.513038 3945.219602 3952.925073 3961.489601 3969.275511 3958.429500 3941.390606 3932.361689 3923.721153 3923.269602 3924.885818 3929.190912 3930.330977 3912.748843 3869.694024 3837.669722 3805.397062 3786.451545 3773.771341 3774.590756 3756.403770 3731.811484 3679.848012 3642.686128 3611.628994
3782.795781 3827.428374 3856.751001 3873.458386 3886.057667 3882.612313 3884.481727 3885.430836 3889.039843 3891.212655 3893.602534 3920.926786 3963.133389 4002.953072 4034.521993 4034.058103 4019.897048 4008.466205 3999.473070 3984.713311 3980.725272 3993.891493 4009.803708 4030.598249 4040.979684 4046.747912 4043.183150 4043.390975 4045.349629 4047.744043 4049.941294 4053.778785 4063.750503 4079.231216 4094.129115 4093.062710 4073.458863 4055.333724 4039.385820 4037.348566 4035.217236 4030.327022 4032.860788 4034.810523 4017.955201 3985.837332 3945.362115 3904.923546 3888.943122 3874.210913 3863.367934 3846.170139 3804.006033 3735.675620 3695.262323
3898.451415 3933.577837 3962.835883 3993.339100 4007.957427 4009.731728 4006.950309 4005.527745 4012.603435 4015.038001 4020.301779 4036.988903 4070.297669 4106.762434 4137.011341 4152.334456 4144.091816 4125.477795 4102.639464 4092.262384 4089.155408 4092.989458 4102.907005 4116.418903 4136.519249 4156.465707 4162.317695 4163.226188 4160.509213 4162.995223 4164.630624 4164.762654 4167.937398 4176.953330 4187.230089 4190.718018 4182.523685 4160.728592 4136.701855 4125.599356 4119.279000 4115.938855 4117.247054 4122.813320 4126.401399 4111.078292 4074.362250 4028.782431 3998.913035 3984.278849 3971.623992 3957.293179 3944.471183 3909.797161 3888.232310
4008.503597 4024.144921 4052.988268 4082.312709 4104.968243 4119.600242 4119.641737 4122.432615 4127.277868 4134.387429 4149.513473 4173.564948 4193.451944 4217.030468 4244.524982 4261.408071 4266.648694 4264.709718 4260.241030 4261.358852 4261.744867 4193.121036 4199.906123 4206.677486 4225.349691 4241.932016 4247.980329 4248.676881 4245.897781 4247.855264 4248.691201 4248.549137 4248.172002 4250.862071 4256.407519 4258.526969 4255.906795 4242.311940 4262.913798 4242.338893 4228.569678 4220.192853 4211.804590 4203.522721 4194.022442 4183.982381 4163.195847 4131.494546 4096.671244 4075.673871 4068.016761 4061.786614 4052.871366 4046.947058 4029.458142
4107.725992 4118.338348 4137.079772 4160.388435 4195.524999 4219.769889 4231.421843 4240.938374 4245.660223 4259.949536 4277.201768 4259.492901 4268.596567 4278.017178 4287.377547 4290.591978 4291.512344 4291.087664 4288.661257 4287.812312 4285.264490 4281.957333 4271.317467 4272.946302 4274.967662 4277.611733 4281.385679 4280.313429 4281.456240 4284.421418 4282.615103 4276.468784 4272.303983 4270.725719 4271.811529 4279.311067 4282.865174 4283.853099 4280.104369 4279.124927 4278.033377 4274.306910 4269.654488 4263.095944 4254.706273 4271.343233 4258.885629 4229.934501 4188.329183 4145.912867 4138.956493 4141.458047 4141.141370 4139.668381 4133.979666
4236.147668 4250.230064 4265.424452 4240.181708 4264.661386 4277.189127 4283.046880 4287.437265 4290.336838 4293.807002 4290.829460 4287.879932 4282.944034 4281.317828 4279.944967 4277.485806 4278.108436 4276.219546 4272.112436 4267.969658 4259.738765 4248.003313 4236.822865 4233.085881 4237.348607 4243.075259 4248.372614 4253.033121 4256.831180 4256.669011 4251.063477 4242.506905 4234.851056 4233.225918 4240.191640 4245.985845 4252.735435 4253.649214 4252.249399 4249.671406 4249.347885 4245.933829 4246.097751 4253.302553 4268.362565 4270.634557 4277.101603 4276.180637 4257.939206 4224.907809 4239.350855 4219.213552 4225.565320 4220.887445 4209.430055
4281.885832 4284.922089 4283.135400 4282.140896 4275.670259 4269.549314 4268.749383 4272.793674 4279.887249 4280.908817 4273.811206 4265.139135 4257.817198 4250.237499 4247.826374 4247.351920 4247.145096 4247.697602 4242.372838 4232.778992 4215.429549 4203.800212 4192.718681 4186.767883 4182.673743 4185.899833 4197.401913 4210.023088 4215.145498 4205.419994 4196.767756 4184.719782 4176.613660 4177.091677 4177.943755 4187.566062 4204.933203 4212.972537 4213.795872 4207.100365 4200.289863 4193.504111 4190.277203 4196.691119 4212.144951 4229.262603 4245.288693 4254.663761 4262.508733 4269.780972 4267.386410 4270.390072 4272.042840 4269.709355 4273.377775
4276.476476 4269.401745 4262.330924 4256.963460 4250.512145 4245.243109 4243.367807 4245.149444 4246.927629 4242.680318 4236.307574 4226.282897 4215.176066 4205.422275 4197.545978 4198.586124 4200.964242 4202.727194 4195.265829 4179.690279 4161.722987 4148.171582 4134.258383 4130.311282 4124.238769 4116.037054 4126.106220 4146.294429 4153.876482 4137.348690 4126.274450 4110.879064 4104.392868 4100.245090 4100.916694 4109.801559 4132.785952 4157.709340 4159.955531 4148.802805 4137.713012 4133.014707 4129.733173 4134.133375 4150.756918 4171.842093 4188.253382 4198.912197 4204.266216 4212.068578 4221.510629 4236.176239 4251.332921 4263.959848 4268.117599
4251.081888 4243.299228 4235.613393 4227.951738 4221.040240 4214.811270 4210.487580 4208.524475 4204.365802 4198.208563 4191.139963 4169.480180 4156.947073 4143.837414 4128.682576 4124.695259 4119.606824 4120.589218 4109.005437 4101.334215 4085.128287 4069.768546 4054.131007 4040.340163 4034.620788 4027.791721 4025.229225 4038.431893 4046.789665 4037.840915 4028.230899 4017.898477 4013.623355 4010.256913 4012.838298 4023.337362 4042.552113 4060.877820 4069.570373 4062.348670 4061.666182 4062.081149 4060.499544 4066.971570 4077.320235 4095.095027 4117.818505 4137.308997 4147.354249 4154.170487 4163.320598 4177.834505 4192.067690 4206.572726 4224.818983
4220.479295 4211.124006 4201.163643 4191.384690 4180.847328 4170.249946 4163.659440 4166.488160 4160.512450 4154.957384 4131.125911 4074.647671 4053.051707 4033.930105 4017.527660 4010.634998 4002.032228 3984.665050 3976.069130 3971.897935 3975.419599 3961.681250 3944.188822 3926.282251 3921.450932 3918.023050 3899.399737 3893.386004 3893.538546 3911.682799 3905.839039 3905.295358 3907.845534 3905.498511 3906.512724 3919.159514 3926.257337 3931.023546 3937.917884 3943.735996 3954.934608 3963.365045 3974.619697 3992.027087 4002.567199 4017.580465 4037.783357 4063.781560 4079.619837 4089.139062 4099.462549 4114.722578 4130.852522 4148.681908 4171.145270
4185.689235 4168.759350 4154.035214 4139.669418 4126.944527 4114.064936 4097.846244 4099.865534 4097.907246 4087.359889 4030.436657 3989.905624 3955.852499 3938.835570 3914.991241 3901.143874 3883.989674 3843.745149 3825.874462 3826.362419 3842.853259 3840.394447 3825.439255 3813.965375 3804.408942 3794.666666 3776.218783 3755.903197 3762.229046 3781.756470 3783.621308 3787.822823 3796.347083 3796.056412 3788.815599 3784.758798 3796.404751 3801.440913 3812.860427 3831.544145 3836.564006 3854.203938 3889.158332 3901.831678 3916.776556 3934.802987 3954.887419 3976.783499 3999.615601 4013.699924 4028.870808 4047.164887 4063.721925 4083.885311 4106.278025
4134.285738 4102.761738 4081.464068 4064.015260 4044.663328 4016.828154 3996.921750 3994.726095 3988.715453 3958.161947 3904.952854 3870.167215 3847.886201 3826.281650 3803.585448 3779.152714 3740.262280 3705.138882 3683.207907 3700.819371 3712.884518 3726.433891 3715.593887 3705.280106 3695.896119 3677.245016 3660.238480 3643.054939 3654.545691 3663.263215 3684.114821 3691.616977 3695.613772 3702.087306 3700.567939 3688.663603 3681.719648 3689.563795 3699.257878 3711.401518 3734.211786 3770.629388 3795.271761 3813.485325 3833.694196 3851.867722 3872.704390 3895.200506 3917.852307 3934.667282 3952.642028 3970.709747 3991.247974 4009.832283 4032.108679
4052.502915 4024.414289 3998.346532 3975.305593 3942.966483 3895.583309 3881.393403 3872.517859 3849.288391 3800.155561 3758.812594 3740.591483 3729.675532 3707.035737 3686.858475 3657.838327 3623.783749 3603.283473 3582.977833 3594.312295 3605.519540 3627.429825 3619.486970 3613.664448 3611.443282 3596.186430 3583.158041 3566.462227 3572.617474 3585.246715 3609.904556 3616.278449 3620.571963 3630.417730 3629.701115 3624.590243 3605.368506 3611.618459 3622.311578 3636.977958 3668.456673 3690.458406 3712.352992 3733.835680 3752.662476 3773.589868 3795.105613 3817.445853 3843.473643 3862.555081 3881.043319 3902.057720 3920.559065 3933.836868 3948.896332
3943.243225 3919.891169 3901.168148 3877.364502 3833.757304 3790.090694 3748.384773 3720.162265 3665.822103 3631.095071 3613.671998 3615.974743 3605.528437 3587.138090 3569.489491 3551.324555 3530.926684 3513.549447 3488.939766 3495.218460 3512.175073 3530.261490 3533.279859 3535.445539 3534.641742 3526.010263 3512.825341 3499.340539 3503.200885 3520.743783 3539.009332 3549.606104 3557.544006 3565.293407 3564.845769 3554.614339 3544.029499 3548.324725 3563.564525 3579.253029 3595.681289 3615.388893 3635.305629 3654.959909 3676.655436 3698.354665 3720.291385 3744.172677 3770.101918 3790.771362 3813.598872 3837.126151 3852.421089 3859.865835 3865.923049
3840.543615 3822.449043 3800.078999 3772.911723 3731.276218 3692.588680 3652.643190 3604.537753 3572.270193 3545.061609 3541.141623 3527.631836 3516.523607 3504.081209 3485.208162 3470.618519 3457.743028 3437.638342 3429.922191 3438.268205 3452.363061 3460.422114 3468.472978 3467.012473 3465.260171 3460.369141 3446.677643 3443.824550 3454.236490 3469.423747 3482.881630 3494.693779 3501.561005 3506.370328 3503.085796 3493.493207 3490.818689 3498.666855 3513.690957 3526.349299 3539.897223 3559.419492 3578.128283 3598.471486 3619.639086 3640.283892 3663.346556 3687.132976 3711.894338 3738.015290 3759.020807 3775.873719 3783.033041 3790.945821 3788.154231
3717.384601 3707.710808 3682.751597 3655.150953 3627.523368 3596.538007 3574.542032 3544.970875 3516.656501 3489.441080 3465.056588 3455.188344 3451.229434 3440.362345 3425.349927 3415.973411 3401.953667 3394.443699 3402.611983 3404.181618 3412.138341 3410.133907 3411.632750 3409.774259 3409.680079 3408.249695 3403.317010 3416.305948 3422.669501 3435.772874 3445.572227 3455.251954 3460.800309 3464.062613 3465.227421 3461.197137 3467.187355 3472.579740 3485.470061 3495.770217 3508.061138 3526.716477 3542.237417 3559.606000 3580.245324 3601.578210 3623.673114 3647.648571 3674.018105 3696.915390 3712.678646 3717.355318 3724.654452 3723.752665 3710.150350
