tests/Borden05m/sims/sim_1/output-maps/psiliqL0020N0017.asc
ncols         160
nrows         34
xllcorner     620200.000000
yllcorner     5168000.000000
cellsize      0.500000
NODATA_value  -9999.0
[rows 0 to 24 of 34, columns 0 to 54 of 160]
-9999.0 -9999.0 -9999.0 -9999.0 -9999.0 -9999.0 -9999.0 -9999.0 -9999.0 -9999.0 -9999.0 -9999.0 -9999.0 -9999.0 -9999.0 -9999.0 -9999.0 -9999.0 -9999.0 -9999.0 -9999.0 -9999.0 -9999.0 -9999.0 -9999.0 -9999.0 -9999.0 -9999.0 -9999.0 -9999.0 -9999.0 -9999.0 -9999.0 -9999.0 -9999.0 -9999.0 -9999.0 -9999.0 -9999.0 -9999.0 -9999.0 -9999.0 -9999.0 -9999.0 -9999.0 -9999.0 -9999.0 -9999.0 -9999.0 -9999.0 -9999.0 -9999.0 -9999.0 -9999.0 -9999.0
-9999.0 -9999.0 -9999.0 -9999.0 -9999.0 -9999.0 -9999.0 -9999.0 -9999.0 -9999.0 -9999.0 -9999.0 -9999.0 -9999.0 -9999.0 -9999.0 -9999.0 -9999.0 -9999.0 -9999.0 -9999.0 -9999.0 -9999.0 -9999.0 -9999.0 -9999.0 -9999.0 -9999.0 -9999.0 -9999.0 -9999.0 -9999.0 -9999.0 -9999.0 -9999.0 -9999.0 -9999.0 -9999.0 -9999.0 -9999.0 -9999.0 -9999.0 -9999.0 -9999.0 -9999.0 -9999.0 -9999.0 -9999.0 -9999.0 -9999.0 -9999.0 -9999.0 -9999.0 -9999.0 -9999.0
-9999.0 -9999.0 -9999.0 -9999.0 -9999.0 -9999.0 -9999.0 -9999.0 -9999.0 -9999.0 -9999.0 -9999.0 -9999.0 -9999.0 -9999.0 -9999.0 -9999.0 -9999.0 -9999.0 -9999.0 -9999.0 -9999.0 -9999.0 -9999.0 -9999.0 -9999.0 -9999.0 -9999.0 -9999.0 -9999.0 -9999.0 -9999.0 -9999.0 -9999.0 -9999.0 -9999.0 -9999.0 -9999.0 -9999.0 -9999.0 -9999.0 -9999.0 -9999.0 -9999.0 -9999.0 -9999.0 -9999.0 2104.145443 2087.143599 2073.072133 2069.875184 2092.028261 2115.718468 2140.010071 2161.035305
-9999.0 -9999.0 -9999.0 -9999.0 -9999.0 -9999.0 -9999.0 -9999.0 -9999.0 -9999.0 -9999.0 -9999.0 -9999.0 -9999.0 -9999.0 -9999.0 -9999.0 -9999.0 -9999.0 -9999.0 -9999.0 -9999.0 -9999.0 -9999.0 -9999.0 -9999.0 -9999.0 -9999.0 -9999.0 -9999.0 -9999.0 -9999.0 -9999.0 -9999.0 -9999.0 -9999.0 -9999.0 -9999.0 -9999.0 -9999.0 2151.948338 2158.059410 2158.781374 2149.030195 2138.158800 2125.503971 2105.464165 2088.143033 2074.570708 2072.789953 2075.791884 2080.018777 2102.019719 2127.598266 2147.901824
-9999.0 -9999.0 -9999.0 -9999.0 -9999.0 -9999.0 -9999.0 -9999.0 -9999.0 -9999.0 -9999.0 -9999.0 -9999.0 -9999.0 -9999.0 -9999.0 -9999.0 -9999.0 -9999.0 -9999.0 -9999.0 -9999.0 -9999.0 -9999.0 -9999.0 -9999.0 -9999.0 -9999.0 -9999.0 -9999.0 -9999.0 -9999.0 -9999.0 -9999.0 2058.188894 2075.583937 2093.943151 2112.851248 2130.127069 2137.396198 2143.372043 2149.175419 2145.142084 2141.042173 2129.938750 2110.184937 2091.191336 2078.318773 2077.261612 2075.303041 2079.693390 2092.330730 2109.545353 2125.597390 2146.808414
-9999.0 -9999.0 -9999.0 -9999.0 -9999.0 -9999.0 -9999.0 -9999.0 -9999.0 -9999.0 -9999.0 -9999.0 -9999.0 -9999.0 -9999.0 -9999.0 -9999.0 -9999.0 -9999.0 -9999.0 -9999.0 -9999.0 -9999.0 -9999.0 -9999.0 -9999.0 -9999.0 -9999.0 2061.006003 2055.398034 2050.955424 2049.959668 2049.120899 2048.580463 2055.627335 2067.536728 2085.450090 2107.825023 2121.444570 2129.136862 2136.311903 2137.257867 2132.209404 2130.850577 2131.757235 2119.950826 2108.413388 2097.643302 2087.210712 2085.311606 2095.040479 2109.771891 2126.527098 2141.763897 2157.597348
-9999.0 -9999.0 -9999.0 -9999.0 -9999.0 -9999.0 -9999.0 -9999.0 -9999.0 -9999.0 -9999.0 -9999.0 -9999.0 -9999.0 -9999.0 -9999.0 -9999.0 -9999.0 -9999.0 -9999.0 -9999.0 -9999.0 -9999.0 2029.244519 2034.851149 2041.821789 2049.909712 2051.363914 2048.133867 2043.136410 2040.853923 2039.994538 2038.571898 2043.643587 2051.624947 2065.345128 2081.362568 2103.984448 2112.910066 2118.519909 2130.764269 2134.537040 2141.918535 2146.418419 2145.118380 2142.083874 2128.764150 2118.724417 2122.697238 2128.061304 2135.400652 2144.082313 2158.015795 2172.981902 2189.663698
-9999.0 -9999.0 -9999.0 -9999.0 -9999.0 -9999.0 -9999.0 -9999.0 -9999.0 -9999.0 -9999.0 -9999.0 -9999.0 -9999.0 -9999.0 -9999.0 -9999.0 -9999.0 -9999.0 2003.177648 2004.458357 2006.231709 2011.457857 2012.433635 2014.827707 2022.220225 2030.862355 2034.097631 2032.688461 2032.105636 2034.156687 2037.444721 2042.534195 2053.983509 2068.129134 2082.707636 2096.525582 2117.795176 2132.845854 2146.234650 2162.321291 2162.771843 2159.515680 2158.302468 2158.983448 2158.678899 2160.236872 2161.480329 2168.137270 2171.193213 2176.516379 2186.206795 2198.403179 2216.176433 2235.244041
-9999.0 -9999.0 -9999.0 -9999.0 -9999.0 -9999.0 -9999.0 -9999.0 -9999.0 -9999.0 -9999.0 -9999.0 -9999.0 -9999.0 -9999.0 -9999.0 1973.390118 1975.488307 1978.187864 1984.038547 1987.789055 1992.245229 1999.712065 2001.612062 2005.752056 2013.443472 2018.710839 2028.387968 2037.227836 2045.034013 2051.549206 2054.699965 2062.237730 2072.188726 2084.330868 2099.334296 2120.515437 2144.261289 2160.636411 2177.827685 2195.444316 2196.528583 2195.629811 2196.805111 2196.733030 2200.922493 2217.160547 2221.976305 2220.255879 2233.616489 2246.872330 2251.310505 2259.358863 2279.293440 2302.584855
-9999.0 -9999.0 -9999.0 -9999.0 -9999.0 -9999.0 -9999.0 -9999.0 -9999.0 -9999.0 -9999.0 -9999.0 -9999.0 1924.378856 1928.729075 1939.049546 1949.887832 1953.132997 1958.254120 1965.153687 1977.843146 1982.023794 1988.690687 1996.663189 2009.576114 2018.841234 2028.442260 2040.836904 2049.643480 2057.324383 2064.619875 2069.461947 2082.387191 2097.549710 2113.129472 2133.272737 2155.656898 2175.558983 2195.296342 2211.852287 2225.013786 2225.190485 2224.814970 2227.578789 2234.291039 2250.054991 2268.191320 2273.318973 2287.523336 2309.592770 2321.837127 2331.815117 2339.803402 2353.917690 2375.583534
-9999.0 -9999.0 -9999.0 -9999.0 -9999.0 -9999.0 -9999.0 -9999.0 -9999.0 -9999.0 1893.208769 1895.387939 1892.224049 1891.200969 1897.091004 1909.812107 1924.470385 1931.068541 1943.428233 1965.154011 1983.989351 1987.892728 2002.509343 2013.453157 2020.892133 2031.702313 2045.297750 2058.308221 2074.969898 2087.601066 2098.385950 2116.895109 2133.552170 2150.445193 2168.483698 2189.313804 2207.806840 2234.459570 2261.198816 2272.651084 2292.828892 2300.350541 2297.515351 2297.319902 2307.008729 2321.252676 2339.794230 2359.718809 2380.001522 2403.976543 2418.329442 2432.334888 2442.787016 2454.745693 2470.902687
-9999.0 -9999.0 -9999.0 -9999.0 -9999.0 -9999.0 -9999.0 -9999.0 1867.866065 1875.843657 1881.979273 1879.234692 1875.185077 1870.795526 1885.494948 1901.668337 1918.176061 1936.730986 1953.121622 1971.974017 1987.237971 2003.420695 2024.148638 2036.134691 2047.990405 2063.849829 2077.881933 2094.560692 2116.079545 2127.154840 2141.890308 2162.994197 2180.882052 2199.040094 2218.201619 2236.290609 2260.706306 2293.251929 2324.382712 2344.574724 2371.971095 2392.552546 2390.180343 2391.419912 2395.064550 2419.988012 2448.180700 2478.311609 2501.690867 2527.759685 2556.936162 2575.311508 2585.875649 2598.478695 2613.803750
-9999.0 -9999.0 -9999.0 -9999.0 -9999.0 -9999.0 1839.342379 1863.885259 1879.345597 1871.458593 1859.913042 1855.983419 1851.409296 1878.919976 1901.655187 1919.559237 1937.006306 1955.249044 1972.325288 1983.889650 2016.480035 2035.854084 2049.864716 2066.494899 2081.856085 2097.218841 2114.923279 2138.118672 2158.696036 2185.530780 2207.654893 2229.007383 2255.169033 2274.720370 2293.574299 2310.564830 2340.854311 2377.392399 2413.599798 2440.923987 2467.373490 2499.767652 2504.530580 2509.359440 2514.754723 2537.585907 2570.513722 2600.492601 2633.947893 2665.944952 2694.026637 2707.545057 2718.278329 2729.735660 2743.492258
-9999.0 -9999.0 -9999.0 -9999.0 1805.860849 1826.894510 1846.546444 1877.227188 1899.876187 1895.322331 1901.384669 1901.037758 1898.552296 1903.568616 1911.788921 1930.163703 1949.739355 1969.685719 1986.696168 2018.912151 2065.188700 2079.561834 2101.429910 2133.092781 2146.485936 2162.138641 2179.028664 2201.820204 2225.718914 2257.483088 2297.745177 2332.138374 2356.888630 2379.025094 2400.253785 2420.845076 2456.124109 2494.800395 2531.918496 2565.438264 2594.142623 2620.892985 2631.766810 2639.248647 2651.095727 2668.493965 2691.083325 2720.616158 2753.761683 2786.444453 2811.177126 2822.448537 2829.792242 2840.642290 2850.447832
-9999.0 -9999.0 -9999.0 1754.021971 1793.041352 1831.931343 1858.587692 1889.523697 1922.169008 1925.110980 1934.495179 1937.668180 1940.435588 1948.228385 1955.053185 1972.635435 1990.531466 2009.146845 2031.957655 2068.249319 2101.545384 2126.754750 2157.678002 2180.455207 2198.618252 2214.137091 2233.647722 2256.905529 2296.385829 2331.472431 2380.565368 2433.372770 2469.019643 2493.063058 2516.741590 2545.210216 2571.172391 2609.119374 2644.454176 2677.922667 2711.404619 2736.149469 2753.845749 2761.073370 2771.493559 2779.612757 2794.780023 2815.794586 2838.434844 2868.652987 2897.809462 2843.964071 2853.541699 2863.603747 2879.753925
-9999.0 -9999.0 1706.116314 1744.840117 1777.821151 1826.657926 1879.984961 1915.131049 1955.815007 1977.944639 1983.709715 1998.462657 2012.737473 2017.917201 2031.195274 2047.198526 2067.857273 2076.742687 2096.356442 2121.204650 2166.173022 2207.215055 2217.829222 2264.100422 2296.935106 2327.779896 2348.147335 2375.968829 2413.652533 2452.892850 2501.223107 2552.220427 2589.676304 2620.753366 2638.492889 2659.579982 2682.331967 2710.197760 2746.616690 2774.934348 2807.391159 2834.020400 2855.702190 2860.775573 2865.622123 2882.240803 2908.758873 2855.210844 2876.540312 2902.072971 2896.950356 2909.113171 2916.496094 2920.876618 2927.511595
-9999.0 -9999.0 1677.717667 1723.516257 1761.326641 1824.132254 1907.395853 1943.709713 1985.873620 2032.257007 2049.407453 2073.177552 2077.666187 2078.701795 2100.373054 2120.083512 2137.261678 2145.711962 2144.281522 2199.396019 2256.259044 2295.827827 2325.233940 2397.189949 2446.547615 2467.882409 2484.368575 2506.433463 2530.286573 2572.366418 2617.228792 2671.885340 2717.365367 2748.659728 2765.664461 2786.174139 2807.432778 2825.515370 2845.999244 2889.254312 2842.062269 2865.154069 2893.700756 2914.064480 2922.105095 2926.208318 2908.886516 2918.192720 2927.521416 2931.850545 2933.646335 2930.206427 2929.783054 2930.686104 2931.754376
-9999.0 1586.586982 1638.994252 1691.069533 1758.083194 1822.920819 1902.674878 1980.839645 2042.728654 2092.955801 2121.076550 2125.367631 2145.920891 2181.147764 2204.940288 2228.025003 2233.583974 2242.566536 2230.373895 2282.520729 2327.568255 2391.226446 2496.879398 2554.767567 2608.722005 2609.728184 2603.810201 2614.651101 2636.337426 2681.738281 2756.934728 2810.233877 2870.562578 2846.135416 2857.480991 2864.025197 2881.542492 2901.272849 2870.821638 2902.319213 2912.481131 2924.442058 2930.114100 2932.192816 2933.508894 2933.720193 2930.562490 2924.046250 2916.367668 2910.922202 2906.992379 2902.627362 2905.139942 2908.474267 2908.990648
-9999.0 1549.738036 1608.305870 1678.505547 1748.110910 1806.635087 1900.817924 2055.066632 2113.496393 2151.846592 2167.491858 2169.223449 2238.096474 2301.858465 2332.489458 2378.289712 2370.086371 2359.627720 2337.682956 2368.772699 2414.565457 2488.314312 2643.667614 2731.364412 2771.840175 2783.388025 2789.576778 2818.600959 2859.894738 2842.169924 2875.916920 2861.131868 2897.507257 2911.541703 2915.740838 2917.000275 2921.526619 2921.134021 2919.696558 2916.055436 2911.466363 2912.029800 2916.639860 2916.771441 2914.213525 2911.279939 2905.904532 2898.623392 2893.536547 2889.001796 2886.341762 2883.432743 2881.650334 2881.270596 2876.666420
-9999.0 1514.983657 1587.998679 1649.226700 1705.595649 1809.437861 1937.780763 2077.753339 2172.829313 2209.523586 2212.391448 2266.375651 2367.949291 2469.179629 2522.044389 2546.948331 2541.076211 2510.174717 2505.296979 2551.345259 2620.041193 2726.556935 2840.397060 2877.542988 2888.415656 2892.212110 2859.752733 2879.155229 2897.027592 2896.158357 2897.621481 2903.544712 2909.164650 2912.417576 2911.561989 2909.245520 2905.017242 2897.450027 2893.103710 2889.973313 2886.660946 2886.102309 2888.590959 2890.229240 2887.720609 2884.006685 2879.622811 2874.328965 2872.890445 2866.327588 2862.148122 2857.943266 2855.687996 2850.378048 2846.421246
-9999.0 1404.051534 1496.337915 1544.619902 1640.375249 1821.718885 1950.027689 2095.906120 2251.262125 2282.333188 2344.022881 2473.040990 2584.638718 2662.843032 2699.112188 2738.431772 2767.354426 2789.793466 2828.022879 2753.620128 2822.911974 2856.361146 2883.556471 2895.370927 2901.131820 2902.560640 2894.473965 2875.330935 2865.559602 2859.454779 2861.723365 2869.504093 2875.026219 2880.543057 2878.746331 2879.863550 2880.681684 2877.827861 2878.637339 2870.537895 2863.019820 2856.964588 2854.551389 2859.560178 2854.883271 2852.192087 2846.328494 2842.946504 2908.607830 2900.492838 2891.979772 2884.593773 2881.250252 2875.057177 2872.679084
-9999.0 1323.204435 1398.071215 1473.345429 1598.584955 1762.924996 1876.813325 2039.963699 2263.639630 2389.378931 2532.304164 2613.407795 2686.610812 2739.625360 2796.539132 2818.492860 2841.556016 2854.520504 2834.795943 2853.973740 2859.669982 2853.200965 2823.253398 2847.639345 2863.082935 2867.754056 2860.389408 2851.249089 2844.710767 2844.161082 2842.894236 2840.497448 2837.901749 2835.312380 2832.438225 2835.068623 2840.235071 2838.265147 2900.664520 2891.953594 2884.082042 2875.336919 2869.499926 2865.226020 2864.460033 2864.000135 2855.988196 2845.275177 2835.363013 2826.730474 2818.646107 2812.830162 2809.335758 2803.341184 2793.302034
-9999.0 1214.333383 1341.214782 1426.874640 1535.714496 1669.009064 1785.093076 1943.415327 2083.543090 2314.833369 2465.150798 2612.026475 2659.125660 2723.828856 2777.800313 2821.291641 2821.732526 2826.456584 2791.745277 2779.847987 2791.771553 2803.948856 2816.832469 2835.859096 2855.069183 2866.439304 2871.440585 2866.257811 2854.072658 2844.947502 2837.834312 2827.867259 2821.231680 2820.725256 2824.110631 2833.364332 2835.278117 2826.706564 2814.770982 2797.760616 2782.961006 2771.694535 2769.027029 2770.739442 2770.863773 2766.571177 2759.763901 2748.685053 2735.854797 2723.313533 2716.146403 2710.539081 2702.567388 2690.893747 2676.930549
-9999.0 -9999.0 1260.909772 1370.779946 1471.950132 1589.218181 1692.245678 1823.680465 1969.349969 2145.971994 2263.270438 2417.040708 2501.003144 2546.804575 2589.599499 2646.513557 2670.583870 2698.793131 2690.666155 2701.638598 2712.747976 2720.976206 2730.640325 2741.207561 2754.635621 2765.865307 2776.044264 2774.906963 2767.337522 2749.995324 2728.513899 2712.191528 2703.764755 2696.700716 2708.053236 2720.430612 2716.596215 2710.124612 2698.043677 2680.803702 2667.852928 2653.746968 2649.857193 2649.584550 2649.456006 2646.335070 2642.232281 2628.952071 2615.874528 2604.492477 2599.136144 2592.629607 2587.475084 2576.648084 2565.496258
-9999.0 -9999.0 1174.612646 1281.150715 1389.779483 1510.319061 1602.929463 1649.056230 1793.732476 1903.939055 2009.873613 2114.343265 2203.607604 2269.814555 2308.843916 2370.921784 2420.324262 2439.239167 2471.607499 2515.338280 2547.339064 2582.572016 2604.927557 2617.840381 2632.535875 2647.588252 2656.763826 2644.530501 2634.592673 2618.913345 2597.669014 2573.890859 2562.041417 2560.645208 2561.759699 2565.390642 2559.004307 2550.015193 2536.026629 2522.035075 2509.597774 2499.367229 2495.258581 2490.433793 2488.185453 2484.890991 2481.827972 2473.870632 2463.649534 2457.099095 2448.400159 2443.032203 2440.551272 2435.185591 2427.363394
