tests/Borden05m/sims/sim_1/output-maps/psiliqL0013N0008.asc
ncols         160
nrows         34
xllcorner     620200.000000
yllcorner     5168000.000000
cellsize      0.500000
NODATA_value  -9999.0
[rows 0 to 24 of 34, columns 56 to 111 of 160]
-9999.0 -9999.0 -9999.0 -9999.0 -9999.0 -9999.0 -9999.0 -9999.0 -9999.0 -9999.0 -9999.0 -9999.0 -9999.0 -9999.0 -9999.0 -9999.0 -9999.0 -9999.0 -9999.0 -9999.0 -9999.0 -9999.0 -9999.0 -9999.0 -9999.0 -9999.0 -9999.0 -9999.0 -9999.0 -9999.0 -9999.0 -9999.0 -9999.0 -9999.0 -9999.0 -9999.0 -9999.0 -9999.0 -9999.0 -9999.0 -9999.0 -9999.0 -9999.0 -9999.0 -9999.0 -9999.0 -9999.0 -9999.0 -9999.0 -9999.0 -9999.0 -9999.0 -9999.0 -9999.0 -9999.0 -9999.0
-9999.0 -9999.0 -9999.0 827.510695 822.097325 817.018889 812.326524 803.648529 794.702426 786.606834 782.957098 782.379859 781.932094 781.883293 787.468475 795.811210 803.796425 811.309670 814.089762 816.915846 819.557094 820.458812 819.646421 816.822621 813.910197 810.854574 809.635521 801.805006 790.633827 781.993743 779.367428 783.879253 788.406007 790.925659 796.762590 807.445336 818.154991 826.543955 838.213656 843.731907 848.471963 850.992125 846.394994 842.330771 838.022147 832.494354 821.193402 -9999.0 -9999.0 -9999.0 -9999.0 -9999.0 -9999.0 -9999.0 -9999.0 -9999.0
791.428988 811.642085 815.022753 803.708612 798.883245 795.777931 793.958762 789.350198 780.984986 776.048876 771.000896 769.511247 769.944374 770.382465 774.854579 785.357307 793.676455 798.801435 801.699695 804.720555 804.878197 804.820025 804.970743 802.545538 799.545234 796.535928 795.065442 795.756950 788.383789 783.072859 779.786727 778.219244 780.789675 783.196643 786.570725 796.010803 804.079887 812.099531 826.185214 838.291748 843.118267 840.098386 834.514712 830.084001 822.764300 812.153468 801.410871 791.519086 784.105314 778.062107 771.814085 777.265256 783.335905 792.718517 801.976972 813.590270
776.756907 797.161233 800.245208 789.700669 781.646409 776.889843 777.387431 780.282891 777.141675 772.926412 768.391953 777.334743 779.061784 780.621669 784.288358 787.728372 791.181739 794.299165 800.083264 809.562783 812.823205 813.937131 814.665556 813.398738 810.797560 809.444231 807.078071 802.206990 801.367797 801.848596 801.736538 806.790221 808.331543 810.065182 803.370097 806.865582 812.969279 819.653167 825.948784 832.274252 835.759551 831.846215 830.181917 820.910855 806.199946 794.236357 785.019342 782.478095 778.597593 770.031954 756.620152 763.020671 777.882487 781.839189 784.598590 795.776722
773.126736 785.316915 788.700687 784.057121 785.717939 787.657354 789.536184 788.403761 785.913301 784.494916 797.575301 807.568015 809.941949 813.384243 817.458904 817.212716 805.670856 803.648578 812.408538 823.346193 829.857433 830.885841 831.637981 830.370605 830.049658 830.242624 828.530575 829.677831 832.417154 832.637342 837.436370 843.188535 846.127694 838.348152 829.202758 829.964044 837.599306 845.563959 852.606869 862.814034 873.473208 871.526952 864.775592 854.495946 839.614136 814.929977 794.252961 782.332650 774.174601 765.988710 765.020062 761.059936 771.419017 772.234792 773.279737 780.778881
781.315093 803.120291 811.604195 806.238549 801.673866 799.407722 800.695614 801.491496 805.225229 818.467751 833.045315 848.364025 851.949186 855.230653 855.372547 846.719479 836.832641 833.451905 848.751506 865.717047 875.038758 876.923618 877.522435 885.596763 885.195707 884.232593 879.980214 882.564541 884.526421 894.812729 902.679331 909.884140 908.120072 896.114468 884.624871 882.958540 885.537015 888.551984 894.396902 904.056331 912.873500 906.491280 897.658470 885.727380 855.192914 826.247365 807.741072 806.365895 805.067630 798.814319 794.341437 789.826649 781.636916 779.989388 778.075778 776.496416
834.719402 855.635985 872.311487 867.378990 860.029532 850.550419 851.886594 855.828499 864.989581 879.234453 898.055842 923.392277 927.613890 931.947580 935.487064 924.758637 912.727217 901.904731 920.244072 931.579471 941.880044 945.657501 957.605058 969.315038 966.254621 959.380547 950.064925 957.091621 969.577136 985.102768 992.176014 996.167508 995.067666 984.017368 978.176869 976.445850 978.306212 975.530875 979.520157 989.036092 1002.786614 1000.329702 988.619426 963.075531 923.202634 886.062946 863.058366 866.199432 857.238017 848.550484 842.975033 827.302465 814.720666 813.081444 801.997018 794.421531
889.053142 908.903208 928.516416 925.001760 915.408511 903.171543 903.776802 912.612222 924.272101 945.154242 970.113319 996.100780 1006.614015 1011.651496 1022.178391 1016.095703 1006.784529 998.683958 1010.232831 1023.878943 1038.022774 1050.832786 1066.633201 1080.881385 1073.604474 1063.329426 1059.445586 1065.440095 1085.582736 1103.130618 1108.567301 1110.078982 1112.977680 1104.125251 1097.372864 1090.499809 1085.088688 1079.048528 1074.536489 1091.593464 1106.183698 1101.712952 1074.652871 1046.192526 1005.774203 964.218982 928.490203 924.427135 918.788122 915.025925 897.591168 879.794105 860.936834 849.067717 837.863064 821.777693
990.097453 1013.220082 1036.242010 1038.980901 1023.862752 1017.423872 1023.507450 1037.700843 1046.936464 1064.744636 1091.677980 1126.081448 1150.068299 1171.257824 1176.619048 1168.365062 1159.137784 1145.990413 1144.597764 1163.303608 1178.265324 1192.749660 1207.481303 1223.253902 1231.479062 1230.897255 1231.723287 1235.700886 1243.084203 1252.168791 1259.018922 1264.476362 1269.980492 1266.514518 1256.531564 1250.277930 1241.816313 1235.211209 1232.509504 1233.996271 1242.845879 1237.518644 1207.121382 1174.693182 1137.531285 1095.948393 1060.353798 1038.553364 1040.212577 1025.421162 1003.902699 981.106056 942.985398 923.223119 904.337678 872.559753
1108.297428 1139.065833 1156.259799 1171.459971 1168.298649 1171.203310 1176.527742 1185.553076 1193.014879 1203.738666 1238.715517 1275.569685 1306.429462 1331.700692 1340.886215 1330.834724 1321.120533 1309.591880 1301.235185 1307.094338 1324.014908 1343.847175 1362.819551 1376.900876 1382.818591 1383.304410 1384.741182 1387.434301 1390.861741 1394.039892 1400.092412 1407.140701 1416.892418 1427.739295 1422.257981 1406.243327 1394.724985 1381.752409 1377.052088 1375.101754 1371.774605 1368.812725 1357.280775 1321.620521 1288.873334 1252.903170 1219.927406 1194.335830 1175.757463 1152.074153 1125.723284 1076.104716 1031.817710 992.706165 961.601169 930.182971
1243.598331 1277.089535 1302.939226 1319.280696 1323.027893 1326.136432 1329.698828 1336.886476 1343.900921 1353.041656 1376.983883 1414.843692 1451.851622 1481.289609 1485.212690 1476.029747 1466.032241 1456.393112 1447.025149 1445.382764 1455.154780 1468.448563 1486.581690 1499.796254 1510.830513 1511.291718 1512.542033 1513.536078 1515.917886 1517.906677 1519.862873 1526.653997 1538.118431 1549.132798 1550.482237 1538.102054 1522.352442 1506.278028 1499.960448 1494.145451 1487.617766 1485.927891 1483.931294 1473.672450 1446.095635 1408.142066 1363.467621 1334.218212 1309.898934 1293.502861 1274.066242 1244.693834 1189.279801 1153.840507 1114.383228 1076.717458
1373.390625 1404.422589 1435.432570 1454.207325 1461.863742 1462.344005 1464.547222 1472.375475 1479.360227 1490.166392 1507.011615 1530.326877 1558.250029 1583.936656 1600.548813 1596.850646 1584.891893 1568.699867 1564.718009 1564.877743 1568.401929 1576.443783 1585.716704 1602.007594 1618.381352 1624.329039 1625.575893 1623.589568 1625.949131 1627.286233 1627.490627 1628.541448 1633.169576 1640.165911 1643.001115 1638.992917 1624.308915 1605.696186 1592.594021 1584.619810 1580.025179 1577.216962 1577.111760 1575.137805 1562.172958 1532.842249 1494.766739 1460.994090 1438.056281 1420.488287 1404.621218 1390.505631 1367.550054 1345.560498 1311.482912 1265.578397
1483.473095 1509.186192 1535.273077 1558.559398 1574.155042 1577.608635 1582.899103 1587.583744 1597.256214 1612.555956 1631.056876 1644.348281 1660.280251 1680.552176 1692.506839 1698.114442 1698.860603 1698.423745 1701.229435 1702.577619 1678.034185 1682.153730 1685.998841 1693.732479 1702.066567 1704.947159 1705.466934 1704.676923 1706.027591 1706.669466 1707.107634 1707.009637 1707.153870 1709.437516 1710.557825 1710.105924 1704.411044 1708.334812 1692.530301 1681.437357 1674.284261 1666.477933 1657.505231 1647.438769 1637.478551 1621.470857 1595.418144 1563.256788 1536.790592 1525.096019 1517.373662 1508.855583 1501.012979 1483.547606 1460.537381 1429.047167
1587.918582 1603.284055 1622.456725 1648.456074 1666.226493 1675.803285 1683.675589 1688.025853 1699.756199 1712.534535 1707.266966 1710.520725 1713.780437 1717.005207 1718.020393 1718.395142 1718.555071 1717.001939 1717.566853 1717.010856 1713.543399 1705.156507 1707.335271 1709.190180 1711.769923 1715.218566 1713.866755 1714.856065 1718.003282 1716.935961 1712.013572 1708.946011 1707.764168 1708.515896 1715.889427 1719.437872 1720.861007 1720.692499 1720.868293 1721.147137 1720.161126 1718.477280 1715.737039 1712.088952 1714.927458 1705.046737 1682.680312 1651.094703 1617.609644 1604.326048 1599.831715 1599.218736 1595.094432 1588.012892 1569.469761 1543.118183
1696.766386 1709.312563 1706.178331 1715.168130 1719.538705 1721.404315 1723.512560 1725.495201 1726.284595 1722.873299 1719.276365 1714.421819 1712.870561 1711.231087 1708.549270 1709.028924 1707.250045 1703.922281 1701.352028 1696.152101 1686.752810 1676.512740 1674.609167 1679.299843 1684.015664 1687.845578 1690.595415 1693.740965 1695.066440 1690.979842 1684.038245 1677.854921 1676.569411 1683.357109 1689.187111 1694.766199 1696.049275 1695.570823 1694.649807 1695.913521 1694.372009 1695.386128 1701.821550 1714.550329 1719.913076 1722.130373 1721.713656 1714.836341 1702.230772 1694.782617 1675.232633 1677.949255 1672.633877 1660.955344 1640.707157 1618.391272
1722.090477 1721.617371 1719.824114 1713.776218 1707.755673 1706.661193 1710.047653 1716.367364 1717.305044 1710.220892 1701.952643 1694.975809 1688.058688 1685.535034 1683.761585 1682.698367 1682.701059 1677.909724 1671.181747 1657.427727 1647.363006 1637.331375 1631.899097 1629.929334 1634.219448 1642.942244 1651.510538 1655.685901 1649.337150 1642.763126 1633.321851 1626.433104 1627.526169 1630.387016 1639.692151 1653.801524 1658.935491 1660.617492 1656.924653 1653.925635 1649.397654 1648.310681 1655.371342 1669.858050 1684.352793 1697.288887 1705.010679 1712.018012 1718.101629 1721.298111 1721.748336 1721.430045 1719.543400 1717.606149 1702.606457 1682.795739
1710.308474 1704.160176 1699.356968 1692.785336 1686.894285 1684.755112 1686.591056 1688.903787 1685.189097 1678.315714 1668.145438 1657.239724 1647.274219 1640.433406 1640.196856 1641.359118 1641.741556 1635.633066 1622.376804 1606.724892 1594.915479 1582.270973 1578.711781 1573.542457 1568.346184 1577.347017 1592.887561 1598.352630 1585.257246 1576.321959 1563.466218 1557.426738 1555.499728 1557.972377 1568.068624 1588.364251 1608.327555 1610.846251 1602.988111 1595.455909 1592.483814 1591.319352 1598.458076 1616.425759 1635.795285 1650.030714 1659.244925 1664.676696 1672.427186 1681.282665 1692.491262 1704.298654 1713.878724 1721.072627 1724.246810 1722.200084
1688.344504 1681.172150 1673.935083 1666.981580 1660.513544 1655.660404 1652.719249 1649.243803 1642.643526 1635.179294 1620.438241 1607.941547 1595.301846 1580.528396 1575.493633 1570.930084 1571.452897 1560.159703 1550.608272 1533.422310 1519.290545 1504.578373 1494.175901 1487.555459 1480.148049 1482.144413 1495.641932 1503.655166 1490.641538 1481.064527 1469.405483 1464.551662 1462.618907 1465.987159 1477.723459 1501.054936 1521.068221 1529.734648 1523.970508 1521.267347 1521.299616 1522.253970 1529.600852 1544.944474 1565.188517 1586.317103 1602.592365 1612.212860 1620.025535 1629.795561 1643.345415 1655.937115 1668.182435 1683.365437 1701.598968 1714.858162
1659.100159 1649.792120 1640.512517 1629.942154 1618.810312 1611.620850 1611.525681 1603.649719 1596.067706 1579.372550 1532.068182 1512.719754 1493.099308 1475.509398 1466.899117 1456.705508 1446.283811 1436.111362 1429.455997 1423.471693 1408.690499 1391.549623 1374.838707 1368.211231 1361.854089 1350.015169 1352.212567 1354.139487 1358.604983 1351.626349 1346.675922 1345.707269 1344.654345 1349.745471 1365.744924 1379.825305 1392.008458 1400.460539 1401.785915 1411.299472 1420.280852 1427.519990 1446.290018 1462.387281 1482.228087 1505.502553 1530.795481 1545.726695 1556.592145 1568.272431 1583.864744 1599.780312 1615.880786 1636.423894 1658.980274 1673.158849
1620.534126 1606.906025 1592.510863 1578.876342 1564.687934 1549.450142 1547.964206 1542.142933 1531.162974 1486.817288 1442.016835 1406.661435 1385.206748 1359.196627 1343.241814 1327.479242 1297.162676 1280.716208 1274.167032 1279.497281 1270.170474 1252.894729 1237.964494 1227.976754 1218.703163 1202.935824 1191.475772 1195.266265 1207.561125 1203.487693 1202.426463 1207.472453 1207.180849 1205.759163 1213.616515 1230.801946 1241.458881 1253.872570 1268.277337 1275.541229 1288.519347 1319.194054 1337.579060 1357.814709 1382.576389 1408.680422 1435.429413 1459.711305 1476.470211 1493.780881 1514.312554 1532.050137 1552.779272 1575.409415 1602.738124 1621.259627
1556.170168 1535.724078 1517.376171 1497.375977 1473.050703 1448.975650 1442.766143 1432.038540 1408.265213 1357.460825 1312.649464 1278.437973 1251.457594 1222.440441 1198.006559 1165.189761 1129.730989 1107.028197 1111.891560 1118.737298 1119.820863 1105.363667 1091.701798 1080.060145 1064.092951 1046.781844 1033.477918 1041.453495 1049.706696 1058.794105 1062.739439 1066.995834 1070.863028 1071.431225 1068.826783 1075.715855 1086.839501 1099.441657 1112.487665 1129.461306 1162.794207 1191.851409 1214.778328 1241.808130 1268.377956 1297.441089 1327.757671 1355.934863 1378.172910 1401.836997 1425.355908 1449.702313 1472.807367 1498.875608 1528.601243 1553.394382
1476.062153 1446.731250 1420.341850 1388.795980 1344.276793 1323.840246 1309.851893 1291.490234 1249.579947 1201.870211 1162.170398 1133.544364 1103.989098 1075.866720 1044.456217 1009.235371 980.311755 958.303461 964.152689 970.690042 982.100383 969.884204 958.290475 951.299140 935.265713 920.276481 904.843517 911.790615 921.674755 939.321658 943.790413 947.720953 955.621802 955.748389 954.655290 946.810207 957.038262 969.246022 984.911479 1014.962639 1042.420165 1070.097971 1096.154267 1122.041854 1150.576205 1181.058703 1212.551568 1245.980453 1273.035140 1299.184498 1327.392516 1353.816703 1377.089160 1401.839156 1431.203421 1456.978533
1357.521124 1330.388859 1300.310473 1257.148763 1207.004805 1166.026542 1143.514367 1099.599800 1061.224292 1022.919490 1002.021958 979.553702 952.865162 927.971720 903.689070 875.407024 851.042065 825.550451 828.510018 840.602316 854.287173 848.681503 844.910771 841.198471 829.415239 815.112557 801.062248 804.398009 819.609723 836.570559 844.409600 851.481830 859.596889 860.467586 854.411036 847.036459 853.866157 869.376849 887.044793 909.591237 934.157590 958.928500 983.055597 1009.988144 1038.333891 1067.672469 1099.607808 1133.309521 1160.789495 1191.788420 1223.909946 1250.804014 1269.701298 1289.394213 1318.775717 1342.899287
1231.832765 1201.663313 1168.522726 1121.521189 1073.615806 1025.759353 981.514622 944.412603 909.823349 889.692486 867.614715 846.934414 826.309178 802.968252 781.716049 761.451400 738.097687 720.029606 724.806779 737.408492 747.935149 750.685880 747.362788 743.926275 736.134444 722.039491 712.259089 720.698289 736.003996 750.839119 761.322826 768.352102 774.759172 772.586030 764.985770 760.215995 769.180214 785.688533 801.632012 820.150995 843.239131 866.576610 890.819460 916.527214 942.659746 971.639576 1001.955569 1033.254939 1064.766768 1094.233164 1122.426464 1140.309806 1158.285088 1171.738634 1194.198064 1219.645798
1085.790284 1055.589522 1022.543552 984.914718 942.306384 908.173155 872.554464 838.618026 805.620523 777.689660 758.690397 747.066616 730.595446 709.979359 695.300128 677.345029 659.566788 659.251198 661.519532 672.071366 672.761029 673.123378 669.909755 668.562783 664.128976 653.654075 660.862361 668.213184 682.763402 693.584203 703.200505 709.637092 714.021519 714.395420 708.645707 712.895041 720.606538 735.879104 748.605479 764.659907 786.691312 805.681215 826.998347 851.296778 876.679979 903.582398 932.410182 963.643598 992.468535 1016.559526 1030.879989 1046.814598 1057.779356 1057.482065 1077.340614 1098.796865
