tests/Borden05m/sims/sim_1/output-maps/psiliqL0024N0004.asc
ncols         160
nrows         34
xllcorner     620200.000000
yllcorner     5168000.000000
cellsize      0.500000
NODATA_value  -9999.0
[rows 0 to 24 of 34, columns 0 to 54 of 160]
-9999.0 -9999.0 -9999.0 -9999.0 -9999.0 -9999.0 -9999.0 -9999.0 -9999.0 -9999.0 -9999.0 -9999.0 -9999.0 -9999.0 -9999.0 -9999.0 -9999.0 -9999.0 -9999.0 -9999.0 -9999.0 -9999.0 -9999.0 -9999.0 -9999.0 -9999.0 -9999.0 -9999.0 -9999.0 -9999.0 -9999.0 -9999.0 -9999.0 -9999.0 -9999.0 -9999.0 -9999.0 -9999.0 -9999.0 -9999.0 -9999.0 -9999.0 -9999.0 -9999.0 -9999.0 -9999.0 -9999.0 -9999.0 -9999.0 -9999.0 -9999.0 -9999.0 -9999.0 -9999.0 -9999.0
-9999.0 -9999.0 -9999.0 -9999.0 -9999.0 -9999.0 -9999.0 -9999.0 -9999.0 -9999.0 -9999.0 -9999.0 -9999.0 -9999.0 -9999.0 -9999.0 -9999.0 -9999.0 -9999.0 -9999.0 -9999.0 -9999.0 -9999.0 -9999.0 -9999.0 -9999.0 -9999.0 -9999.0 -9999.0 -9999.0 -9999.0 -9999.0 -9999.0 -9999.0 -9999.0 -9999.0 -9999.0 -9999.0 -9999.0 -9999.0 -9999.0 -9999.0 -9999.0 -9999.0 -9999.0 -9999.0 -9999.0 -9999.0 -9999.0 -9999.0 -9999.0 -9999.0 -9999.0 -9999.0 -9999.0
-9999.0 -9999.0 -9999.0 -9999.0 -9999.0 -9999.0 -9999.0 -9999.0 -9999.0 -9999.0 -9999.0 -9999.0 -9999.0 -9999.0 -9999.0 -9999.0 -9999.0 -9999.0 -9999.0 -9999.0 -9999.0 -9999.0 -9999.0 -9999.0 -9999.0 -9999.0 -9999.0 -9999.0 -9999.0 -9999.0 -9999.0 -9999.0 -9999.0 -9999.0 -9999.0 -9999.0 -9999.0 -9999.0 -9999.0 -9999.0 -9999.0 -9999.0 -9999.0 -9999.0 -9999.0 -9999.0 -9999.0 2874.827617 2857.595091 2843.782166 2839.240967 2860.262527 2883.140620 2906.710526 2927.003305
-9999.0 -9999.0 -9999.0 -9999.0 -9999.0 -9999.0 -9999.0 -9999.0 -9999.0 -9999.0 -9999.0 -9999.0 -9999.0 -9999.0 -9999.0 -9999.0 -9999.0 -9999.0 -9999.0 -9999.0 -9999.0 -9999.0 -9999.0 -9999.0 -9999.0 -9999.0 -9999.0 -9999.0 -9999.0 -9999.0 -9999.0 -9999.0 -9999.0 -9999.0 -9999.0 -9999.0 -9999.0 -9999.0 -9999.0 -9999.0 2925.371869 2931.198886 2931.015610 2920.934330 2909.471044 2895.822875 2875.186444 2857.917111 2844.524214 2842.385507 2844.652547 2847.379465 2868.000902 2893.037810 2912.650917
-9999.0 -9999.0 -9999.0 -9999.0 -9999.0 -9999.0 -9999.0 -9999.0 -9999.0 -9999.0 -9999.0 -9999.0 -9999.0 -9999.0 -9999.0 -9999.0 -9999.0 -9999.0 -9999.0 -9999.0 -9999.0 -9999.0 -9999.0 -9999.0 -9999.0 -9999.0 -9999.0 -9999.0 -9999.0 -9999.0 -9999.0 -9999.0 -9999.0 -9999.0 2833.603541 2850.452369 2868.196554 2886.526492 2903.270118 2910.134325 2915.869314 2921.117383 2916.359035 2911.708099 2899.838673 2878.834739 2859.326019 2846.269019 2844.981691 2842.334007 2845.699660 2857.072994 2873.368462 2888.161517 2908.379219
-9999.0 -9999.0 -9999.0 -9999.0 -9999.0 -9999.0 -9999.0 -9999.0 -9999.0 -9999.0 -9999.0 -9999.0 -9999.0 -9999.0 -9999.0 -9999.0 -9999.0 -9999.0 -9999.0 -9999.0 -9999.0 -9999.0 -9999.0 -9999.0 -9999.0 -9999.0 -9999.0 -9999.0 2839.868082 2833.803569 2828.774992 2826.989385 2825.323350 2824.132411 2830.634793 2841.634965 2858.527264 2880.292266 2893.281910 2900.302409 2906.939339 2907.086720 2901.022331 2898.979875 2899.145267 2886.274300 2873.753007 2862.009441 2850.517013 2847.220455 2855.800559 2869.612099 2885.388249 2899.540664 2914.342131
-9999.0 -9999.0 -9999.0 -9999.0 -9999.0 -9999.0 -9999.0 -9999.0 -9999.0 -9999.0 -9999.0 -9999.0 -9999.0 -9999.0 -9999.0 -9999.0 -9999.0 -9999.0 -9999.0 -9999.0 -9999.0 -9999.0 -9999.0 2810.552470 2815.440894 2821.766109 2829.188393 2829.929853 2826.356783 2820.739756 2817.765422 2816.049088 2813.533455 2817.740010 2824.532710 2837.177364 2852.096631 2873.923746 2881.798731 2885.893532 2896.946280 2900.118664 2907.249053 2910.731989 2908.408547 2904.015817 2888.944335 2877.171885 2879.181713 2882.881642 2889.154845 2896.854831 2909.710807 2923.013302 2937.903452
-9999.0 -9999.0 -9999.0 -9999.0 -9999.0 -9999.0 -9999.0 -9999.0 -9999.0 -9999.0 -9999.0 -9999.0 -9999.0 -9999.0 -9999.0 -9999.0 -9999.0 -9999.0 -9999.0 2786.442723 2787.372244 2788.678947 2793.336716 2793.478299 2795.071933 2801.594465 2809.316163 2811.831045 2809.360920 2807.973360 2808.925645 2811.078718 2815.094160 2825.115965 2837.964136 2851.279099 2863.545496 2883.530989 2897.248780 2909.001164 2923.637041 2923.283871 2918.992169 2916.662536 2915.991706 2913.929118 2912.433170 2911.279192 2916.709769 2917.207571 2920.336701 2928.689650 2939.693802 2955.561745 2972.487352
-9999.0 -9999.0 -9999.0 -9999.0 -9999.0 -9999.0 -9999.0 -9999.0 -9999.0 -9999.0 -9999.0 -9999.0 -9999.0 -9999.0 -9999.0 -9999.0 2770.810750 2772.827995 2775.494756 2781.290107 2785.229958 2789.531385 2796.734619 2781.916874 2784.702809 2791.315674 2795.308033 2803.976604 2811.713522 2818.156784 2823.273906 2824.916457 2830.664892 2838.961311 2849.418097 2862.420849 2881.598099 2903.994459 2918.689629 2934.345202 2950.537196 2950.159549 2947.617684 2947.085317 2944.976839 2946.079928 2959.905200 2962.503143 2957.292329 2967.024815 2978.122445 2980.288987 2983.264927 3001.718565 3022.964414
-9999.0 -9999.0 -9999.0 -9999.0 -9999.0 -9999.0 -9999.0 -9999.0 -9999.0 -9999.0 -9999.0 -9999.0 -9999.0 2720.912852 2725.201939 2735.727379 2747.240316 2750.589566 2755.841885 2762.831453 2775.325691 2779.286902 2785.516526 2792.861146 2786.328923 2794.076744 2802.098425 2812.942299 2820.037132 2825.985363 2831.367914 2833.552092 2844.107392 2857.048664 2870.345386 2888.319248 2908.918743 2926.379646 2943.564031 2958.595568 2969.405833 2966.440677 2964.538386 2965.634617 2969.692538 2979.326586 2994.913882 2995.560266 3005.387665 3025.035762 3034.594118 3041.470451 3046.830765 3059.449703 3079.740984
-9999.0 -9999.0 -9999.0 -9999.0 -9999.0 -9999.0 -9999.0 -9999.0 -9999.0 -9999.0 2691.711756 2693.648908 2690.428816 2688.562532 2694.717302 2707.530957 2722.455499 2728.631920 2741.032233 2762.737641 2781.619223 2785.004552 2798.344997 2788.149793 2793.608123 2802.414365 2814.069170 2824.917259 2839.126940 2849.452797 2857.217406 2872.545271 2886.834067 2901.431805 2917.120777 2935.882440 2951.026413 2974.003076 2995.203098 3003.082160 3019.507778 3022.494427 3017.408894 3014.714349 3022.624566 3033.264615 3047.820454 3063.498688 3081.193350 3102.399245 3112.777045 3124.776640 3133.029706 3142.666566 3156.995571
-9999.0 -9999.0 -9999.0 -9999.0 -9999.0 -9999.0 -9999.0 -9999.0 2666.148332 2674.463315 2680.412410 2677.639255 2673.667889 2668.674151 2683.778282 2699.852235 2716.275508 2735.016572 2751.071903 2769.574873 2783.562509 2798.611968 2796.006214 2805.363116 2814.805625 2828.450558 2840.092691 2853.778051 2872.772161 2879.934703 2890.460038 2908.556090 2923.040267 2938.423379 2955.002952 2970.107217 2987.059999 3016.069007 3043.804066 3059.654929 3084.449403 3101.302184 3095.427590 3093.387778 3094.144095 3116.331885 3141.732882 3169.676555 3188.330385 3211.243902 3238.511702 3256.285245 3265.015256 3275.618016 3288.923548
-9999.0 -9999.0 -9999.0 -9999.0 -9999.0 -9999.0 2636.853781 2661.503094 2677.117194 2669.076899 2656.177940 2651.870123 2646.720672 2676.981010 2700.024404 2718.067895 2735.467462 2753.571142 2770.150696 2779.103497 2785.731852 2803.387391 2814.181984 2826.953305 2839.982172 2852.956341 2867.884358 2888.010080 2904.751392 2926.488376 2942.874916 2959.145309 2978.791941 2994.800064 3010.365913 3023.236175 3049.785570 3083.250993 3116.574394 3140.377022 3163.975180 3193.771550 3193.992852 3195.661653 3197.504144 3219.585452 3251.776512 3280.554732 3311.703021 3341.580798 3368.646278 3378.713920 3387.311460 3396.846431 3408.900308
-9999.0 -9999.0 -9999.0 -9999.0 2603.525440 2624.547369 2643.774859 2674.306437 2696.862112 2692.469792 2697.943762 2697.096050 2693.956514 2699.659854 2708.537647 2726.820290 2746.675293 2766.705816 2781.523412 2783.767375 2828.243471 2838.731328 2855.775962 2884.160007 2894.196616 2906.937930 2921.111952 2940.549875 2959.056620 2982.952989 3017.274746 3046.258628 3066.786455 3085.123765 3103.032570 3119.436771 3152.596311 3187.898665 3222.263596 3252.950776 3279.241352 3304.035831 3311.045075 3315.766141 3325.338476 3341.392375 3362.910247 3389.529837 3421.735066 3453.009660 3475.972240 3485.457114 3490.726918 3499.959630 3507.625299
-9999.0 -9999.0 -9999.0 2549.954261 2589.132410 2628.686159 2654.921582 2685.715138 2718.591438 2720.139236 2729.730522 2731.483088 2732.388119 2739.485705 2744.887169 2762.579158 2781.320392 2801.052267 2793.457584 2825.744132 2854.564152 2873.257853 2900.272384 2916.954999 2930.054371 2942.063214 2959.061387 2978.393026 3010.391436 3039.972308 3085.002086 3134.302067 3165.805523 3184.677187 3205.588068 3231.609824 3255.371965 3292.172002 3325.137636 3356.301033 3385.792377 3407.584203 3422.033541 3426.644069 3435.555102 3441.366188 3454.158564 3474.579470 3496.138227 3525.710865 3554.116905 3581.407663 3595.886817 3606.280336 3622.700419
-9999.0 -9999.0 2501.600846 2540.897040 2572.873388 2620.592130 2674.056275 2709.605327 2749.984823 2770.674703 2775.628989 2788.401198 2782.384741 2783.311565 2792.199062 2804.480202 2824.296286 2831.480546 2849.482943 2866.785500 2904.910016 2939.574181 2939.322426 2975.609596 3004.610672 3034.468703 3053.441877 3078.535724 3114.118605 3148.070212 3191.495092 3239.715738 3273.480429 3300.771866 3315.623115 3334.494629 3354.221153 3378.877887 3413.833625 3439.315389 3471.475314 3496.219779 3515.586557 3517.204846 3519.932931 3535.427391 3562.213137 3591.289167 3618.611387 3645.832996 3634.544440 3654.922787 3664.012742 3669.084248 3677.058456
-9999.0 -9999.0 2471.927797 2518.274517 2554.025239 2614.034387 2699.788340 2735.252636 2776.367428 2809.606618 2823.054770 2843.746176 2839.837614 2831.663230 2849.130518 2863.735577 2881.211759 2887.348190 2881.375721 2932.529163 2981.579600 3009.609033 3022.886871 3095.515183 3144.574808 3165.790336 3180.144641 3199.222166 3218.773881 3256.749808 3296.295261 3348.797894 3389.222483 3418.122012 3432.009433 3450.618341 3469.329442 3484.118108 3502.717064 3546.860131 3579.738219 3608.709511 3638.831551 3659.409295 3667.220972 3671.589866 3649.253905 3666.256126 3677.786323 3682.759225 3684.693504 3680.976540 3680.370431 3681.150023 3682.079203
-9999.0 2379.121639 2431.664127 2482.775218 2548.138751 2611.023989 2688.027448 2764.431897 2817.572961 2867.268747 2891.929056 2887.531416 2893.457607 2920.573269 2939.802949 2956.981899 2960.745508 2968.685010 2950.523308 2997.946042 3035.477751 3088.009144 3187.090874 3243.212905 3300.814425 3297.147389 3286.119791 3291.761788 3308.378527 3352.859030 3427.686930 3480.607209 3542.281960 3588.161540 3603.990885 3610.641397 3628.379895 3648.277149 3604.798824 3642.938287 3660.404354 3674.978420 3682.623856 3684.632626 3685.754532 3685.545616 3681.930249 3675.035872 3666.949194 3661.171640 3656.984831 3652.482196 3654.913122 3658.229657 3658.548442
-9999.0 2341.205447 2399.033569 2468.123219 2536.417085 2587.598522 2674.540335 2826.270786 2885.564143 2921.917053 2929.364440 2912.835197 2972.760111 3030.170819 3054.718961 3097.963201 3083.196690 3067.858080 3034.448943 3059.594257 3098.694259 3168.037039 3330.576492 3416.486820 3462.219761 3470.084756 3471.547900 3498.643530 3540.282299 3584.351367 3626.506594 3601.220472 3645.085979 3666.577007 3671.067933 3671.696566 3676.518527 3675.222774 3673.557668 3669.210323 3664.123581 3664.273123 3668.741572 3668.569296 3665.650925 3662.345461 3656.692431 3649.267558 3644.021411 3639.401087 3636.730784 3633.868903 3631.990275 3631.419592 3626.715701
-9999.0 2302.576418 2376.843981 2436.157169 2485.741470 2581.207353 2711.069406 2842.966369 2937.063169 2970.197096 2954.891215 2993.385602 3093.445666 3195.288784 3245.574685 3265.971983 3249.654795 3205.719759 3189.154884 3231.369779 3298.983439 3411.145429 3538.644203 3631.953250 3646.120221 3649.115254 3606.642886 3629.495848 3650.677646 3653.191225 3654.185805 3661.069017 3666.062376 3668.906563 3667.369136 3664.484013 3659.702057 3651.573507 3646.749738 3643.134951 3639.410158 3638.355776 3640.436829 3642.128568 3639.361634 3635.489980 3631.021607 3625.440403 3619.181261 3612.469170 3608.240576 3604.059157 3601.958977 3596.599066 3593.007810
-9999.0 2182.937962 2278.112392 2321.100387 2402.188282 2588.630464 2717.977251 2849.023185 3008.010943 3030.076573 3078.959235 3212.144981 3326.410014 3403.479596 3432.939699 3466.423083 3490.520437 3506.767282 3541.908486 3436.947838 3511.294851 3599.544434 3639.392730 3656.672393 3664.609263 3664.939623 3655.342071 3634.809116 3624.127923 3617.377850 3618.983452 3626.226094 3631.003760 3635.872954 3633.595997 3634.548282 3635.438571 3632.164370 3628.198580 3619.584723 3611.790063 3605.262280 3602.252562 3607.030347 3602.355511 3599.879826 3593.768648 3585.460471 3576.630390 3569.276812 3561.433145 3554.919176 3552.667328 3547.653593 3546.494647
-9999.0 2102.009000 2175.244653 2239.616915 2354.693414 2518.765667 2620.603838 2780.457347 3000.877290 3131.272961 3285.447668 3370.864093 3439.913643 3483.821561 3534.811922 3584.203683 3609.509874 3619.938943 3592.304199 3611.478965 3570.186632 3559.376345 3576.311050 3604.439759 3620.531328 3624.422064 3616.406828 3606.969757 3599.725232 3598.600788 3596.566557 3592.923384 3589.193794 3585.833623 3582.692523 3585.467037 3590.624155 3583.696444 3573.754267 3564.555784 3556.255991 3547.218221 3541.367663 3536.952548 3537.096247 3537.319135 3529.787043 3519.407441 3508.699806 3500.527047 3493.352344 3488.768266 3486.220260 3481.372394 3472.173076
-9999.0 1985.162867 2116.160492 2195.157913 2293.697306 2423.869104 2531.694143 2685.796665 2804.882168 3041.926428 3183.956677 3358.587188 3405.224662 3471.388981 3519.597201 3590.167645 3586.337985 3554.748554 3513.035519 3496.585077 3506.073967 3514.602541 3523.207738 3538.137767 3555.395268 3565.188125 3569.526564 3563.170258 3549.044174 3537.108740 3526.751292 3513.748794 3504.753429 3502.487319 3505.932620 3515.407304 3516.218006 3506.979277 3493.118982 3475.336284 3460.068215 3448.528983 3446.406122 3448.964470 3449.920668 3446.016211 3440.138438 3429.552104 3417.115340 3404.969992 3399.134825 3394.758148 3387.602524 3376.791509 3365.286632
-9999.0 -9999.0 2031.854765 2140.552354 2235.928022 2348.432833 2441.656019 2563.767838 2706.397524 2862.487638 2976.229008 3145.292905 3234.639817 3277.650710 3313.221544 3367.548368 3390.702099 3418.952268 3410.700599 3420.464293 3429.112226 3433.955715 3439.465003 3445.782715 3456.394211 3465.967470 3475.559808 3472.785665 3463.880076 3443.975996 3419.285013 3400.130441 3389.954846 3381.135003 3392.723719 3405.030236 3399.994198 3393.173249 3380.729976 3364.711286 3352.155761 3338.097215 3334.651611 3334.697207 3335.275268 3332.964451 3330.232360 3317.911994 3305.732611 3295.698455 3291.606932 3286.100356 3282.415457 3272.688993 3262.216709
-9999.0 -9999.0 1943.946355 2048.495060 2152.179936 2270.057809 2356.342599 2380.124332 2519.345126 2626.518329 2735.121937 2821.173474 2913.812984 2978.429581 3011.914690 3072.416493 3124.774905 3141.851544 3177.451129 3226.182517 3258.143369 3294.687792 3316.226152 3325.753380 3338.110148 3352.040964 3359.514190 3344.851684 3333.636557 3316.707416 3293.794591 3267.887777 3254.731659 3253.762577 3253.400449 3255.592819 3248.383041 3239.430880 3225.131025 3211.047172 3198.844481 3189.627602 3186.050338 3180.956400 3178.925442 3176.292593 3174.491706 3169.070582 3160.529310 3155.646989 3147.685347 3143.819787 3142.887517 3139.502020 3133.534266
