tests/Borden05m/sims/sim_1/output-maps/psiliqL0011N0016.asc
ncols         160
nrows         34
xllcorner     620200.000000
yllcorner     5168000.000000
cellsize      0.500000
NODATA_value  -9999.0
[rows 0 to 24 of 34, columns 0 to 56 of 160]
-9999.0 -9999.0 -9999.0 -9999.0 -9999.0 -9999.0 -9999.0 -9999.0 -9999.0 -9999.0 -9999.0 -9999.0 -9999.0 -9999.0 -9999.0 -9999.0 -9999.0 -9999.0 -9999.0 -9999.0 -9999.0 -9999.0 -9999.0 -9999.0 -9999.0 -9999.0 -9999.0 -9999.0 -9999.0 -9999.0 -9999.0 -9999.0 -9999.0 -9999.0 -9999.0 -9999.0 -9999.0 -9999.0 -9999.0 -9999.0 -9999.0 -9999.0 -9999.0 -9999.0 -9999.0 -9999.0 -9999.0 -9999.0 -9999.0 -9999.0 -9999.0 -9999.0 -9999.0 -9999.0 -9999.0 -9999.0 -9999.0
-9999.0 -9999.0 -9999.0 -9999.0 -9999.0 -9999.0 -9999.0 -9999.0 -9999.0 -9999.0 -9999.0 -9999.0 -9999.0 -9999.0 -9999.0 -9999.0 -9999.0 -9999.0 -9999.0 -9999.0 -9999.0 -9999.0 -9999.0 -9999.0 -9999.0 -9999.0 -9999.0 -9999.0 -9999.0 -9999.0 -9999.0 -9999.0 -9999.0 -9999.0 -9999.0 -9999.0 -9999.0 -9999.0 -9999.0 -9999.0 -9999.0 -9999.0 -9999.0 -9999.0 -9999.0 -9999.0 -9999.0 -9999.0 -9999.0 -9999.0 -9999.0 -9999.0 -9999.0 -9999.0 -9999.0 -9999.0 -9999.0
-9999.0 -9999.0 -9999.0 -9999.0 -9999.0 -9999.0 -9999.0 -9999.0 -9999.0 -9999.0 -9999.0 -9999.0 -9999.0 -9999.0 -9999.0 -9999.0 -9999.0 -9999.0 -9999.0 -9999.0 -9999.0 -9999.0 -9999.0 -9999.0 -9999.0 -9999.0 -9999.0 -9999.0 -9999.0 -9999.0 -9999.0 -9999.0 -9999.0 -9999.0 -9999.0 -9999.0 -9999.0 -9999.0 -9999.0 -9999.0 -9999.0 -9999.0 -9999.0 -9999.0 -9999.0 -9999.0 -9999.0 290.268676 272.916326 256.823317 254.861624 277.562222 300.957538 324.711805 345.282134 363.964805 382.980963
-9999.0 -9999.0 -9999.0 -9999.0 -9999.0 -9999.0 -9999.0 -9999.0 -9999.0 -9999.0 -9999.0 -9999.0 -9999.0 -9999.0 -9999.0 -9999.0 -9999.0 -9999.0 -9999.0 -9999.0 -9999.0 -9999.0 -9999.0 -9999.0 -9999.0 -9999.0 -9999.0 -9999.0 -9999.0 -9999.0 -9999.0 -9999.0 -9999.0 -9999.0 -9999.0 -9999.0 -9999.0 -9999.0 -9999.0 -9999.0 337.702514 343.595240 345.007515 334.397307 323.186707 311.209472 291.317257 273.525411 258.388634 255.765828 258.467522 263.928078 286.786271 311.304296 330.938327 348.213540 367.496048
-9999.0 -9999.0 -9999.0 -9999.0 -9999.0 -9999.0 -9999.0 -9999.0 -9999.0 -9999.0 -9999.0 -9999.0 -9999.0 -9999.0 -9999.0 -9999.0 -9999.0 -9999.0 -9999.0 -9999.0 -9999.0 -9999.0 -9999.0 -9999.0 -9999.0 -9999.0 -9999.0 -9999.0 -9999.0 -9999.0 -9999.0 -9999.0 -9999.0 -9999.0 245.481888 263.013499 281.130213 299.496712 316.163526 322.865094 328.718351 334.511303 330.484742 325.800576 314.528578 295.743905 276.217920 262.252295 259.949631 257.501302 261.945513 275.036721 291.855558 308.262572 329.305854 352.767578 362.146884
-9999.0 -9999.0 -9999.0 -9999.0 -9999.0 -9999.0 -9999.0 -9999.0 -9999.0 -9999.0 -9999.0 -9999.0 -9999.0 -9999.0 -9999.0 -9999.0 -9999.0 -9999.0 -9999.0 -9999.0 -9999.0 -9999.0 -9999.0 -9999.0 -9999.0 -9999.0 -9999.0 -9999.0 249.595735 243.714041 238.650410 237.199909 235.951773 234.850008 241.798488 254.060824 272.286632 293.901994 306.809706 314.029869 320.646930 321.467669 316.606519 314.574315 314.894390 303.238655 291.699912 280.913332 270.541425 269.306579 279.007692 293.118878 309.364336 324.342039 339.915343 352.026581 368.736535
-9999.0 -9999.0 -9999.0 -9999.0 -9999.0 -9999.0 -9999.0 -9999.0 -9999.0 -9999.0 -9999.0 -9999.0 -9999.0 -9999.0 -9999.0 -9999.0 -9999.0 -9999.0 -9999.0 -9999.0 -9999.0 -9999.0 -9999.0 219.801092 225.772810 232.329817 239.784226 240.736392 236.599751 231.002688 227.944057 226.468910 224.901782 229.409642 237.742082 251.477769 267.441342 289.252436 297.935948 304.395196 316.813344 319.371944 324.674651 328.776976 327.100139 324.468550 312.424699 303.576357 309.176012 315.410859 322.210514 330.148945 343.589930 359.408387 377.371921 398.300708 420.393775
-9999.0 -9999.0 -9999.0 -9999.0 -9999.0 -9999.0 -9999.0 -9999.0 -9999.0 -9999.0 -9999.0 -9999.0 -9999.0 -9999.0 -9999.0 -9999.0 -9999.0 -9999.0 -9999.0 194.639828 195.530252 196.654644 201.332140 202.303481 204.561236 211.627680 219.842775 222.128454 220.562414 219.089938 220.714195 223.503208 227.883451 239.422477 253.405551 267.733353 281.928273 302.965951 317.908144 331.871331 348.114823 347.230495 343.124450 341.257303 341.897211 342.571851 348.014330 351.633839 358.015453 363.757347 370.889241 380.428825 392.029715 410.988700 431.848007 452.900903 472.653360
-9999.0 -9999.0 -9999.0 -9999.0 -9999.0 -9999.0 -9999.0 -9999.0 -9999.0 -9999.0 -9999.0 -9999.0 -9999.0 -9999.0 -9999.0 -9999.0 166.029984 167.889250 170.057500 175.460033 178.157217 182.171732 189.123079 190.331658 194.234666 201.442943 206.499112 215.256654 223.308480 230.781191 236.894650 239.771196 247.592107 257.487071 269.648321 285.420986 307.451278 330.648510 347.285062 364.390154 381.661859 382.450008 381.612262 383.032029 384.092263 391.832908 410.340206 417.132320 420.372501 438.949742 453.968677 460.080273 468.420491 487.952779 512.912310 539.270520 571.350439
-9999.0 -9999.0 -9999.0 -9999.0 -9999.0 -9999.0 -9999.0 -9999.0 -9999.0 -9999.0 -9999.0 -9999.0 -9999.0 120.772298 124.925843 134.259998 142.897946 145.262808 149.356837 155.243642 167.475305 171.119353 177.443424 185.163763 196.885886 205.581125 214.956953 226.958195 235.637500 243.124640 250.516196 257.045360 270.947153 286.696800 303.019771 323.776282 346.112686 367.590244 389.114174 405.277519 419.999221 423.512432 422.677620 425.258779 433.968729 452.706385 472.914069 485.203050 506.738787 531.588492 546.931246 560.598582 570.697381 584.858683 607.138229 643.889338 681.666113
-9999.0 -9999.0 -9999.0 -9999.0 -9999.0 -9999.0 -9999.0 -9999.0 -9999.0 -9999.0 86.494301 88.981064 85.563057 85.933418 90.752721 102.703051 116.091693 122.889014 134.289211 155.036963 172.529520 176.186055 191.069700 201.322777 208.197915 219.087266 232.536174 245.828962 263.364202 276.472860 289.266459 310.104671 327.250590 344.409556 362.878049 383.713449 405.246176 435.865875 464.454800 479.520232 504.250852 518.248308 516.297408 517.375169 526.882979 545.346680 569.895820 597.187479 621.599936 649.527742 670.198489 685.966650 697.932863 711.558320 728.233675 762.401278 802.741981
-9999.0 -9999.0 -9999.0 -9999.0 -9999.0 -9999.0 -9999.0 -9999.0 62.299602 69.318569 75.553876 72.553484 67.944672 64.467608 77.767031 93.588294 109.591770 126.884347 142.949412 161.083872 176.803142 193.553820 213.391019 225.545277 237.741644 253.427943 267.636321 285.851882 307.903327 322.679013 341.775499 364.544964 384.827020 404.061731 423.924993 443.704612 473.178493 509.196774 543.680997 569.877423 599.845903 625.652178 627.052916 631.258426 637.250826 664.777793 696.336922 728.633756 756.686404 785.796552 815.993057 833.976643 845.163643 858.266991 873.981380 891.619535 918.186765
-9999.0 -9999.0 -9999.0 -9999.0 -9999.0 -9999.0 36.067754 60.200506 75.038191 67.229164 58.431708 55.036291 51.399838 72.334189 93.927394 110.966520 127.811351 145.390698 162.014883 176.403757 211.421485 228.911123 244.263156 264.006669 278.963984 293.983683 312.222061 336.732391 360.552749 393.461105 423.384343 450.943378 479.333670 501.101813 521.852201 542.959442 576.999126 616.921483 655.933606 687.511128 716.579001 747.644734 757.109390 763.969075 772.615597 792.945894 824.100337 854.744427 889.068864 921.520562 947.629399 959.660132 970.170831 981.651158 995.232668 1008.134439 1022.552184
-9999.0 -9999.0 -9999.0 -9999.0 2.690792 23.609752 43.977780 74.755878 97.351485 92.176377 99.313837 99.824301 98.470637 101.635941 108.024116 126.130284 144.373617 162.903030 181.706996 218.937321 262.379474 279.590502 306.503191 339.777001 354.875290 371.150083 388.276103 412.908605 443.145504 479.919181 528.181077 569.676521 598.512492 623.937585 647.025034 671.601183 706.396673 745.074312 782.770726 817.870948 848.507940 874.046906 888.094861 896.598207 908.608860 924.430615 945.038685 971.855622 1002.138589 1033.953664 1059.139812 1073.530827 1081.671838 1092.170736 1103.112717 1115.863492 1128.536576
-9999.0 -9999.0 -9999.0 -45.152870 -6.610871 30.617726 57.981711 88.977300 120.845342 126.698834 135.453673 141.566563 147.781250 156.873486 166.640058 183.554281 198.801569 213.256738 235.363849 273.093895 310.215114 344.292750 378.599165 409.593780 433.607023 451.343903 470.831939 497.109934 539.294177 580.762885 634.115840 689.630546 728.643850 754.716281 776.881102 803.940125 828.760958 863.987820 898.567340 931.187066 962.430183 987.197246 1006.792196 1015.140663 1024.346548 1033.375920 1050.133106 1071.288078 1092.804629 1121.053329 1148.755883 1171.622534 1184.668598 1193.903909 1209.179796 1224.495572 1236.619311
-9999.0 -9999.0 -91.830684 -54.577723 -19.677779 31.550276 84.320152 118.271452 159.310219 184.293511 191.756982 210.319677 227.529769 236.117374 253.097869 270.951840 286.601016 292.147601 307.672747 342.832214 397.218180 447.771892 478.467797 535.001923 570.725106 597.980601 615.536159 643.120451 678.744868 723.152595 773.065042 822.894874 862.071733 893.365355 909.284333 927.666145 950.185611 972.886449 1005.080588 1033.717994 1063.469906 1088.910923 1110.878413 1119.414597 1124.743078 1139.939056 1162.454682 1186.081779 1208.644439 1230.293153 1238.996376 1247.039500 1250.945563 1253.478569 1256.936194 1259.480415 1260.895865
-9999.0 -9999.0 -117.433950 -73.082980 -31.081175 37.879689 115.254533 153.060862 196.548824 242.092370 261.837079 286.801871 303.976114 319.568588 344.129058 368.242083 377.127287 382.942296 384.252471 441.527482 503.471730 564.715818 626.746850 692.440022 736.833065 751.931203 763.452691 784.065501 809.756883 853.508121 902.334029 953.434338 996.322249 1026.152307 1041.533288 1058.133200 1077.582215 1095.323992 1113.337110 1149.197481 1173.162826 1196.660570 1221.487961 1241.005792 1248.926429 1251.582477 1245.056123 1251.438043 1255.879007 1258.029097 1258.813267 1255.738873 1255.186035 1256.079954 1257.281196 1252.503573 1245.980492
-9999.0 -204.834038 -152.796800 -98.817633 -28.599516 40.402930 125.967731 207.156319 260.852046 306.289932 336.507173 354.823720 402.866179 450.504232 478.065198 507.118909 508.590022 511.551570 504.838416 552.982467 609.186114 693.519233 806.690427 863.410537 903.114319 907.669589 904.979921 919.131053 944.140979 985.345194 1047.242196 1090.785636 1138.490025 1174.208239 1187.354998 1192.885756 1209.000993 1227.608564 1225.825616 1241.544483 1248.863165 1255.103426 1255.857865 1257.617946 1258.695305 1258.967859 1255.815788 1249.461003 1241.503896 1235.531338 1231.079030 1226.131360 1228.165798 1231.321894 1232.164700 1225.122268 1216.798333
-9999.0 -239.402533 -179.268687 -106.855637 -34.782373 39.617422 149.496101 284.856702 335.775805 373.335894 402.510307 440.697679 525.018776 592.687808 629.106357 671.798235 668.822077 659.684698 654.483142 691.016134 745.802659 822.012419 954.522298 1036.928933 1058.525943 1071.279925 1080.338518 1105.482468 1138.515037 1169.945901 1197.998518 1206.850068 1225.780660 1235.315189 1238.679450 1240.410905 1243.420458 1244.368303 1242.780209 1240.039130 1236.280161 1237.158942 1241.493951 1241.605135 1238.873842 1235.481252 1229.330143 1220.940931 1214.211502 1208.152927 1204.126892 1200.122189 1197.936540 1197.785977 1193.351601 1187.284129 1177.568117
-9999.0 -265.587900 -195.536639 -130.317573 -59.200997 62.788424 187.345889 320.112118 412.671896 453.325797 493.349482 574.354095 672.892700 762.437716 810.813794 835.325722 842.314000 830.400766 842.357905 889.266712 954.919720 1039.354343 1116.356576 1185.289611 1198.955084 1203.816083 1192.494193 1202.403113 1211.637645 1214.717808 1217.365299 1220.712882 1227.413815 1231.349814 1231.076089 1228.799492 1224.632772 1217.379795 1212.953957 1210.266139 1207.283670 1207.282911 1210.102828 1210.816722 1207.680773 1202.677205 1196.812253 1189.737820 1182.199401 1174.089610 1168.893754 1163.925925 1161.011352 1155.891411 1150.953126 1144.526997 1130.482689
-9999.0 -357.158739 -271.534182 -211.683532 -83.492935 85.834621 211.842323 365.955835 507.970254 556.238540 642.590310 754.355521 850.901504 917.493055 957.242343 997.832337 1026.079479 1051.548841 1086.973326 1073.429053 1126.329162 1174.044109 1195.262262 1206.798944 1207.898684 1210.703582 1204.407588 1186.820901 1177.839949 1172.558066 1175.583667 1184.045415 1191.089245 1197.634689 1195.937675 1195.957701 1195.180107 1191.390994 1187.761732 1179.928970 1172.603169 1167.210934 1165.682265 1170.545840 1164.825631 1160.279346 1153.158216 1144.139597 1134.477803 1125.657294 1117.098105 1109.604193 1106.085568 1099.990415 1097.964943 1089.689041 1062.480693
-9999.0 -438.169860 -359.732416 -260.281200 -112.686231 51.906926 193.717259 365.814071 566.474093 679.450901 790.814999 854.142770 923.148631 984.223143 1044.619962 1084.776643 1106.617724 1116.389373 1115.012575 1126.510458 1104.513187 1104.962912 1126.012502 1153.450497 1166.724043 1171.400112 1163.290518 1152.904145 1146.574624 1146.356426 1146.128509 1146.104499 1145.897755 1144.663788 1141.569119 1142.651686 1146.226979 1140.017606 1131.861287 1124.118475 1117.107312 1109.101307 1103.602112 1100.138845 1097.957230 1096.700090 1088.454828 1077.404108 1066.218542 1057.348653 1048.929977 1042.524238 1039.544779 1034.272765 1026.604773 1014.601282 987.097426
-9999.0 -529.431394 -411.896055 -311.544588 -179.960850 -39.849437 95.084104 264.768951 423.429900 638.357109 801.379296 878.284561 913.273859 963.350057 1021.129936 1081.169635 1086.706195 1059.777883 1033.798635 1023.926910 1032.556719 1046.676683 1063.887707 1086.005620 1103.806326 1113.312583 1114.502102 1106.763485 1093.740099 1085.614107 1080.420118 1072.092520 1066.098302 1065.458363 1065.202886 1071.006918 1072.996758 1063.648345 1050.983821 1035.657821 1022.214800 1012.027178 1008.785725 1009.430229 1008.704395 1004.763269 997.294488 986.558309 973.820926 962.009818 953.897608 947.929331 941.001676 931.340246 920.537818 908.259900 882.594193
-9999.0 -9999.0 -483.665861 -371.251498 -257.391412 -129.720590 -4.407284 149.166529 305.521616 493.431628 612.915048 726.098888 788.823182 831.688910 881.846042 932.083216 947.076790 962.582292 945.136239 950.200628 958.899270 967.748342 980.254469 994.083048 1008.136870 1017.968846 1024.722249 1022.788494 1013.923508 998.141361 979.778004 965.835912 957.707503 951.445049 959.610876 970.005849 967.253596 960.396916 948.616087 933.221769 920.256834 906.811535 902.843486 902.946843 902.529216 899.163781 893.967369 881.043927 867.965143 855.533571 849.439378 842.984126 836.955490 825.855093 814.027219 800.667527 777.374019
-9999.0 -9999.0 -566.701386 -455.765422 -336.209138 -209.976875 -103.236364 -6.357135 152.709266 274.848424 379.275904 473.607182 550.681172 610.251358 654.337163 711.533328 745.918576 760.485931 775.214468 799.440383 824.322612 850.012001 867.816171 881.707296 895.961497 908.670863 917.415336 906.869051 896.413561 880.544319 860.530083 838.871005 827.465627 823.016658 825.761844 831.327252 825.836959 815.995025 801.681933 785.615145 772.327700 760.269986 755.797648 752.657309 751.213998 748.000517 744.263001 734.890511 722.873928 714.305589 705.814101 699.120533 695.316912 687.593312 677.438401 669.871912 651.297611
