tests/Borden05m/sims/sim_1/output-maps/psiliqL0027N0016.asc
ncols         160
nrows         34
xllcorner     620200.000000
yllcorner     5168000.000000
cellsize      0.500000
NODATA_value  -9999.0
[rows 0 to 24 of 34, columns 0 to 54 of 160]
-9999.0 -9999.0 -9999.0 -9999.0 -9999.0 -9999.0 -9999.0 -9999.0 -9999.0 -9999.0 -9999.0 -9999.0 -9999.0 -9999.0 -9999.0 -9999.0 -9999.0 -9999.0 -9999.0 -9999.0 -9999.0 -9999.0 -9999.0 -9999.0 -9999.0 -9999.0 -9999.0 -9999.0 -9999.0 -9999.0 -9999.0 -9999.0 -9999.0 -9999.0 -9999.0 -9999.0 -9999.0 -9999.0 -9999.0 -9999.0 -9999.0 -9999.0 -9999.0 -9999.0 -9999.0 -9999.0 -9999.0 -9999.0 -9999.0 -9999.0 -9999.0 -9999.0 -9999.0 -9999.0 -9999.0
-9999.0 -9999.0 -9999.0 -9999.0 -9999.0 -9999.0 -9999.0 -9999.0 -9999.0 -9999.0 -9999.0 -9999.0 -9999.0 -9999.0 -9999.0 -9999.0 -9999.0 -9999.0 -9999.0 -9999.0 -9999.0 -9999.0 -9999.0 -9999.0 -9999.0 -9999.0 -9999.0 -9999.0 -9999.0 -9999.0 -9999.0 -9999.0 -9999.0 -9999.0 -9999.0 -9999.0 -9999.0 -9999.0 -9999.0 -9999.0 -9999.0 -9999.0 -9999.0 -9999.0 -9999.0 -9999.0 -9999.0 -9999.0 -9999.0 -9999.0 -9999.0 -9999.0 -9999.0 -9999.0 -9999.0
-9999.0 -9999.0 -9999.0 -9999.0 -9999.0 -9999.0 -9999.0 -9999.0 -9999.0 -9999.0 -9999.0 -9999.0 -9999.0 -9999.0 -9999.0 -9999.0 -9999.0 -9999.0 -9999.0 -9999.0 -9999.0 -9999.0 -9999.0 -9999.0 -9999.0 -9999.0 -9999.0 -9999.0 -9999.0 -9999.0 -9999.0 -9999.0 -9999.0 -9999.0 -9999.0 -9999.0 -9999.0 -9999.0 -9999.0 -9999.0 -9999.0 -9999.0 -9999.0 -9999.0 -9999.0 -9999.0 -9999.0 3472.899307 3455.703817 3442.442142 3437.351232 3458.051628 3480.890931 3504.507485 3524.830445
-9999.0 -9999.0 -9999.0 -9999.0 -9999.0 -9999.0 -9999.0 -9999.0 -9999.0 -9999.0 -9999.0 -9999.0 -9999.0 -9999.0 -9999.0 -9999.0 -9999.0 -9999.0 -9999.0 -9999.0 -9999.0 -9999.0 -9999.0 -9999.0 -9999.0 -9999.0 -9999.0 -9999.0 -9999.0 -9999.0 -9999.0 -9999.0 -9999.0 -9999.0 -9999.0 -9999.0 -9999.0 -9999.0 -9999.0 -9999.0 3524.147666 3529.978422 3529.451801 3519.516760 3508.016376 3493.997998 3473.194916 3456.031573 3443.054653 3441.061599 3443.282545 3445.452109 3465.646359 3490.902290 3510.616720
-9999.0 -9999.0 -9999.0 -9999.0 -9999.0 -9999.0 -9999.0 -9999.0 -9999.0 -9999.0 -9999.0 -9999.0 -9999.0 -9999.0 -9999.0 -9999.0 -9999.0 -9999.0 -9999.0 -9999.0 -9999.0 -9999.0 -9999.0 -9999.0 -9999.0 -9999.0 -9999.0 -9999.0 -9999.0 -9999.0 -9999.0 -9999.0 -9999.0 -9999.0 3432.242542 3448.975783 3466.694448 3485.081883 3501.905314 3508.856623 3514.589191 3519.743663 3514.850393 3510.240558 3498.264563 3476.776109 3457.295059 3444.470489 3443.454537 3440.815271 3444.005748 3455.075268 3471.359269 3485.903013 3506.066544
-9999.0 -9999.0 -9999.0 -9999.0 -9999.0 -9999.0 -9999.0 -9999.0 -9999.0 -9999.0 -9999.0 -9999.0 -9999.0 -9999.0 -9999.0 -9999.0 -9999.0 -9999.0 -9999.0 -9999.0 -9999.0 -9999.0 -9999.0 -9999.0 -9999.0 -9999.0 -9999.0 -9999.0 3438.771806 3432.690999 3427.709971 3425.895349 3424.186866 3423.031895 3429.482567 3440.255548 3456.915140 3478.793857 3491.878438 3498.920822 3505.619962 3505.666038 3499.376303 3497.383654 3497.566206 3484.468253 3471.775254 3459.871249 3448.193105 3444.510138 3452.939668 3466.810106 3482.628042 3496.760702 3511.580435
-9999.0 -9999.0 -9999.0 -9999.0 -9999.0 -9999.0 -9999.0 -9999.0 -9999.0 -9999.0 -9999.0 -9999.0 -9999.0 -9999.0 -9999.0 -9999.0 -9999.0 -9999.0 -9999.0 -9999.0 -9999.0 -9999.0 -9999.0 3409.369425 3414.039452 3420.357078 3427.823816 3428.567476 3425.167108 3419.590442 3416.688180 3414.976658 3412.309894 3416.521946 3423.040686 3435.525348 3450.304805 3472.241921 3480.035486 3483.684636 3494.515208 3497.914516 3505.548048 3508.970736 3506.586986 3501.886836 3486.223412 3473.893932 3475.209312 3478.474681 3484.794070 3492.630309 3505.581359 3518.560169 3533.049019
-9999.0 -9999.0 -9999.0 -9999.0 -9999.0 -9999.0 -9999.0 -9999.0 -9999.0 -9999.0 -9999.0 -9999.0 -9999.0 -9999.0 -9999.0 -9999.0 -9999.0 -9999.0 -9999.0 3385.199243 3386.160040 3387.544928 3392.244250 3392.400859 3393.894252 3400.348722 3408.019426 3410.652339 3408.039118 3406.740849 3407.615123 3409.707170 3413.734132 3423.512612 3436.216958 3449.429238 3461.394748 3481.291887 3494.886170 3506.283820 3520.695865 3520.598988 3516.390161 3514.083991 3513.260432 3510.750384 3507.852293 3505.814105 3511.263500 3510.807662 3513.285000 3521.666855 3532.965915 3548.518048 3565.022505
-9999.0 -9999.0 -9999.0 -9999.0 -9999.0 -9999.0 -9999.0 -9999.0 -9999.0 -9999.0 -9999.0 -9999.0 -9999.0 -9999.0 -9999.0 -9999.0 3356.363541 3357.990555 3360.209310 3365.565918 3369.156541 3372.840509 3379.524061 3380.666339 3383.598280 3390.152390 3393.982949 3402.722324 3410.484756 3416.796849 3421.800282 3423.285550 3428.696781 3436.779499 3447.014829 3459.571915 3478.309834 3500.762574 3515.270706 3530.844570 3547.027443 3546.598414 3543.863983 3543.089180 3540.502470 3540.469770 3553.575609 3555.593086 3548.850565 3556.985211 3567.621414 3569.348005 3575.324220 3594.253351 3615.450601
-9999.0 -9999.0 -9999.0 -9999.0 -9999.0 -9999.0 -9999.0 -9999.0 -9999.0 -9999.0 -9999.0 -9999.0 -9999.0 3306.882674 3310.645856 3320.706585 3332.214173 3335.058670 3339.790741 3346.239417 3357.955800 3361.120364 3366.527070 3373.030190 3384.982201 3392.796327 3400.624183 3411.333027 3418.208888 3423.964343 3429.062335 3430.441274 3440.441664 3452.969948 3465.828559 3483.459789 3504.013036 3520.943897 3537.626039 3552.822689 3563.133379 3559.037444 3557.211759 3558.290570 3561.687885 3573.229347 3588.503379 3587.248186 3595.210034 3614.503926 3623.538655 3629.625071 3634.705654 3647.816013 3668.633577
-9999.0 -9999.0 -9999.0 -9999.0 -9999.0 -9999.0 -9999.0 -9999.0 -9999.0 -9999.0 3281.071360 3282.238885 3278.153888 3274.832008 3280.341376 3292.334918 3306.581735 3311.558787 3323.124788 3344.006363 3362.193168 3364.482575 3376.934811 3386.175058 3391.813756 3400.293807 3411.705842 3422.185290 3435.852627 3445.793013 3452.684373 3467.061191 3481.045919 3495.423595 3510.877348 3529.637248 3543.951271 3565.828860 3589.140265 3596.223944 3611.555193 3612.757369 3607.609023 3604.688174 3612.951074 3622.683401 3635.923276 3649.985134 3667.201227 3687.887234 3696.834099 3708.818704 3717.029097 3726.583572 3741.271281
-9999.0 -9999.0 -9999.0 -9999.0 -9999.0 -9999.0 -9999.0 -9999.0 3256.777302 3264.710914 3269.628443 3265.864011 3260.854661 3254.240033 3268.431265 3283.182733 3298.300425 3315.981105 3330.702970 3348.118219 3360.917399 3374.412963 3393.282197 3402.592315 3411.611444 3425.012117 3436.316031 3449.252930 3467.898595 3473.730944 3482.756344 3500.310606 3514.112947 3529.204749 3545.657531 3560.428812 3578.840447 3607.389577 3634.778957 3649.415920 3674.140774 3689.946070 3683.241796 3680.551990 3680.941960 3702.878805 3727.911034 3755.893839 3773.575158 3795.954355 3823.355308 3841.820111 3850.692848 3861.440276 3874.941733
-9999.0 -9999.0 -9999.0 -9999.0 -9999.0 -9999.0 3228.560014 3252.650278 3267.415612 3258.218655 3243.097051 3237.164231 3230.118000 3260.866856 3282.497374 3298.973515 3314.693543 3331.180932 3346.267496 3353.177327 3381.151049 3399.328840 3409.584573 3421.070394 3433.984411 3446.832559 3461.382318 3480.958877 3496.654323 3516.602207 3530.669888 3545.232210 3567.237859 3583.030977 3598.513786 3610.683027 3636.868422 3670.271894 3703.694870 3727.013284 3750.524666 3781.260540 3780.240790 3781.515166 3782.571442 3805.872569 3839.146454 3868.330441 3899.552820 3929.586836 3957.545243 3967.780329 3976.525229 3986.208665 3998.538473
-9999.0 -9999.0 -9999.0 -9999.0 3196.900019 3217.392021 3235.428602 3264.866782 3286.147817 3280.479269 3283.917733 3280.948128 3275.463538 3279.654063 3286.901147 3302.963748 3320.946300 3339.275747 3352.062132 3377.307845 3422.875919 3432.272101 3447.556282 3475.364647 3484.772209 3497.238709 3511.318701 3530.267893 3547.077907 3572.708574 3605.274004 3632.860493 3652.942080 3671.013889 3689.053077 3704.912211 3739.063815 3775.131546 3809.960572 3840.730023 3867.006668 3892.529755 3898.741671 3903.354885 3913.065680 3929.845956 3952.235638 3979.490939 4012.830963 4044.667766 4067.718390 4076.590282 4081.672357 4091.087025 4098.501254
-9999.0 -9999.0 -9999.0 3142.871142 3181.485589 3220.798458 3245.719278 3275.166941 3306.715767 3305.458832 3313.196114 3311.774394 3309.366977 3313.508083 3315.263421 3330.440925 3347.331262 3365.989212 3385.899727 3417.936329 3445.499795 3461.437195 3487.669720 3502.056480 3513.515559 3525.025222 3542.298455 3561.034729 3596.056120 3624.559606 3669.400548 3718.965949 3750.246672 3768.979054 3790.813329 3817.771840 3842.453847 3880.739028 3914.328302 3946.033455 3975.936988 3997.819976 4011.852293 4016.336672 4025.809394 4031.452997 4043.868806 4064.660679 4086.810011 4117.295380 4146.370039 4175.088801 4190.247882 4201.241940 4218.268182
-9999.0 -9999.0 3094.474397 3133.950761 3164.742509 3210.432813 3262.792327 3297.166482 3335.581505 3353.228835 3355.224731 3364.410587 3373.499080 3373.089795 3380.399138 3391.678351 3412.749742 3420.670895 3440.046718 3454.037513 3489.589874 3521.939462 3516.044078 3552.846141 3581.854103 3613.675667 3634.261527 3660.121498 3697.182243 3730.246661 3773.914655 3823.227953 3857.039331 3884.537391 3900.157679 3920.124425 3940.200868 3966.286421 4002.723100 4028.197481 4061.575934 4086.814876 4106.261204 4106.948395 4109.596223 4125.628247 4153.801084 4184.502877 4213.294658 4242.170373 4226.575873 4250.040141 4260.528543 4266.380283 4275.581289
-9999.0 -9999.0 3063.855741 3110.331125 3144.060822 3200.605250 3286.840136 3320.059834 3358.929951 3403.347873 3415.820056 3435.988491 3427.897278 3414.798996 3431.163822 3444.065396 3463.984948 3470.733790 3463.867211 3514.941625 3566.317172 3588.965795 3593.260585 3669.505601 3721.301402 3745.302826 3761.730461 3781.633840 3800.976249 3838.877312 3877.568644 3931.652994 3972.617857 4002.238956 4016.616737 4036.496234 4055.870565 4070.817614 4090.247162 4136.873729 4172.313342 4203.032504 4234.864061 4256.144602 4264.279566 4269.320602 4243.548333 4263.166290 4276.470360 4282.208323 4284.498658 4280.700627 4280.139747 4280.969996 4281.894477
-9999.0 2971.633982 3022.552762 3072.484932 3136.046754 3196.027792 3269.474809 3343.168408 3408.942317 3460.350133 3484.433737 3475.648518 3472.832604 3496.220074 3514.387190 3529.556567 3534.478910 3544.275719 3524.523050 3577.331069 3612.940288 3660.623644 3758.903355 3816.796562 3880.139204 3875.876663 3864.003410 3868.654541 3884.298106 3930.547648 4009.459960 4065.635754 4131.455871 4180.429454 4197.509478 4204.995455 4223.684500 4244.450549 4191.840151 4235.548762 4255.701912 4272.518141 4282.052131 4284.369937 4285.664452 4285.423393 4281.716445 4274.664429 4266.462940 4260.598043 4256.351699 4251.848704 4254.287419 4257.618859 4257.771296
-9999.0 2932.894997 2988.489258 3056.152450 3122.786110 3167.531242 3247.358531 3414.077762 3476.150135 3513.161603 3516.781725 3489.028450 3544.834830 3603.497346 3626.767790 3671.383545 3655.046913 3639.520849 3601.146614 3625.670053 3663.469559 3733.791329 3905.371235 3993.876790 4046.659510 4054.555976 4055.173475 4083.488396 4127.842372 4175.579166 4221.786052 4189.417439 4239.717671 4264.515010 4269.696846 4270.422191 4275.985996 4274.490904 4273.094199 4268.621120 4263.441072 4263.610526 4268.263374 4268.112274 4265.134115 4261.724728 4256.005130 4248.584081 4243.400078 4238.767394 4236.113953 4233.284127 4231.294910 4230.499501 4225.591952
-9999.0 2891.588815 2966.318900 3022.202768 3065.935861 3154.130223 3283.347033 3427.061737 3522.724610 3555.617625 3529.344178 3561.560229 3663.824266 3770.093601 3822.083611 3842.705890 3822.239200 3772.333377 3750.947030 3794.272943 3864.861970 3985.862893 4126.955408 4227.427586 4242.918732 4246.374541 4197.367962 4223.736765 4248.177300 4251.077586 4252.225184 4260.450389 4265.548915 4268.529115 4266.947482 4264.050803 4259.219271 4250.997092 4246.200471 4242.486478 4238.691689 4237.479718 4239.437901 4241.319090 4238.474164 4234.565382 4230.083398 4224.506626 4218.175306 4211.389014 4207.031432 4202.742083 4200.591117 4194.972748 4191.482850
-9999.0 2770.884579 2862.773622 2900.932678 2970.452132 3157.831949 3286.024970 3424.415622 3590.096411 3608.469804 3651.074587 3791.205897 3911.047156 3991.708655 4019.845725 4052.769581 4077.135715 4092.745126 4129.692702 4005.961149 4087.889233 4187.882056 4233.860861 4253.798937 4264.252243 4264.633433 4254.659309 4233.750526 4222.987597 4216.228285 4217.839371 4225.134704 4229.764345 4234.513404 4232.196883 4233.300297 4234.479916 4231.275774 4227.229135 4218.454698 4210.574645 4203.796501 4200.419090 4205.075026 4200.428657 4198.110551 4191.876129 4183.372852 4174.367095 4166.979096 4158.956410 4152.366476 4150.140479 4145.130843 4143.922817
-9999.0 2689.945655 2761.952026 2812.263495 2918.620951 3079.396049 3169.866332 3325.715837 3568.467994 3705.659169 3872.032806 3964.229245 4034.544859 4075.501768 4125.259852 4177.785783 4205.071400 4217.104942 4185.218694 4208.354151 4165.042877 4153.895626 4171.592727 4201.058190 4218.542295 4222.674669 4214.869430 4205.798914 4198.524479 4197.400917 4195.166042 4190.906994 4186.602079 4182.903390 4179.763662 4182.814285 4188.190939 4180.986670 4170.565451 4160.994859 4152.372048 4143.060798 4137.059367 4132.294254 4132.767714 4133.054133 4125.374054 4114.826810 4103.901070 4095.558680 4088.352465 4083.890818 4081.163112 4076.141749 4066.308590
-9999.0 2567.152427 2701.270891 2775.243125 2859.122530 2983.499767 3083.428313 3232.048847 3358.871374 3604.887751 3744.465751 3943.295264 3993.874435 4064.762572 4111.668978 4185.610347 4180.716151 4149.388200 4105.671649 4089.602660 4101.334443 4110.482737 4118.598023 4132.917218 4150.711300 4160.943003 4166.182789 4160.267015 4146.018451 4133.349855 4121.945117 4107.997626 4098.432207 4095.852878 4100.118973 4110.326703 4110.725135 4101.386676 4087.153955 4068.730793 4052.978407 4041.059270 4039.100601 4041.963294 4043.118916 4038.987606 4033.213277 4022.382897 4009.723533 3997.198911 3991.584531 3987.274473 3979.767286 3968.385207 3956.382659
-9999.0 -9999.0 2614.010617 2721.755233 2806.041947 2913.379421 2995.370597 3108.528172 3245.499630 3414.753797 3530.648689 3714.574853 3811.568569 3855.792409 3888.952019 3945.126729 3971.171622 4003.572388 3998.874204 4011.340116 4021.653907 4027.127133 4032.284026 4037.792153 4048.225402 4058.116098 4068.579522 4065.758596 4056.964440 4036.210491 4010.134760 3989.827132 3979.204555 3969.780110 3982.093233 3994.726908 3989.026874 3982.079634 3969.358815 3953.072495 3940.502277 3926.191716 3922.742290 3922.624202 3923.249706 3920.969661 3918.568090 3906.122368 3893.864735 3884.076292 3880.129320 3874.517374 3871.036511 3861.263168 3850.692049
-9999.0 -9999.0 2524.925431 2627.977824 2727.855072 2835.979981 2916.033198 2921.142499 3050.672034 3150.696511 3257.606262 3369.416651 3467.148991 3536.183248 3568.273070 3630.750138 3688.223657 3706.986344 3748.836315 3804.690322 3839.731134 3880.101876 3903.598001 3912.958766 3925.468563 3940.071630 3947.497463 3932.035981 3920.735436 3903.597127 3879.992471 3853.040003 3839.398355 3839.143277 3837.960834 3839.245908 3831.483942 3822.560727 3808.070104 3794.237574 3782.080697 3773.325907 3769.772270 3764.042431 3761.679165 3758.962911 3757.361087 3752.344316 3744.286397 3739.914032 3731.722728 3728.151877 3727.507522 3724.700283 3719.199762
