tests/Borden05m/sims/sim_1/output-maps/psiliqL0018N0017.asc
ncols         160
nrows         34
xllcorner     620200.000000
yllcorner     5168000.000000
cellsize      0.500000
NODATA_value  -9999.0
[rows 0 to 24 of 34, columns 55 to 109 of 160]
-9999.0 -9999.0 -9999.0 -9999.0 -9999.0 -9999.0 -9999.0 -9999.0 -9999.0 -9999.0 -9999.0 -9999.0 -9999.0 -9999.0 -9999.0 -9999.0 -9999.0 -9999.0 -9999.0 -9999.0 -9999.0 -9999.0 -9999.0 -9999.0 -9999.0 -9999.0 -9999.0 -9999.0 -9999.0 -9999.0 -9999.0 -9999.0 -9999.0 -9999.0 -9999.0 -9999.0 -9999.0 -9999.0 -9999.0 -9999.0 -9999.0 -9999.0 -9999.0 -9999.0 -9999.0 -9999.0 -9999.0 -9999.0 -9999.0 -9999.0 -9999.0 -9999.0 -9999.0 -9999.0 -9999.0
-9999.0 -9999.0 -9999.0 -9999.0 1833.435576 1828.177679 1823.411017 1819.039705 1810.718646 1801.923879 1794.205269 1790.627415 1790.090026 1789.746061 1789.712925 1795.236876 1803.653966 1811.639214 1818.999047 1821.677660 1824.329574 1826.655434 1827.269967 1826.292936 1823.273533 1820.167732 1816.943896 1815.497989 1807.818564 1796.638440 1788.095088 1785.398271 1789.712612 1794.081879 1796.479607 1801.938008 1812.344886 1822.808313 1831.016370 1842.763002 1848.604874 1853.340622 1855.662247 1851.088902 1847.139944 1842.806108 1836.935015 1825.650182 -9999.0 -9999.0 -9999.0 -9999.0 -9999.0 -9999.0 -9999.0
1778.143560 1797.251676 1817.946194 1821.361402 1809.895479 1805.106319 1802.190629 1800.674944 1796.475665 1788.338045 1783.604526 1778.650044 1776.960439 1777.466227 1777.918720 1782.293879 1793.087041 1801.355833 1806.364613 1809.210258 1812.159631 1811.609628 1811.206802 1811.129923 1808.434048 1805.161685 1801.929846 1800.244206 1801.177143 1793.674288 1788.052726 1784.472583 1782.294342 1784.840757 1787.262121 1790.986080 1800.169307 1807.987160 1815.764472 1830.019520 1842.301034 1847.239667 1844.197624 1838.807353 1834.443040 1826.952634 1816.194707 1805.675490 1796.475797 1789.391650 1783.335288 1776.683818 1782.135460 1788.517784 1797.504506
1762.951486 1782.596960 1803.237551 1806.312716 1796.035673 1788.306847 1782.980412 1783.739522 1787.129810 1784.216073 1780.017653 1774.455313 1784.021181 1785.673480 1787.110746 1790.803397 1793.846283 1798.109376 1801.059682 1806.693407 1815.921488 1818.896545 1819.600654 1819.895459 1818.177651 1815.161822 1813.433279 1810.785719 1805.662476 1804.370640 1804.450718 1803.802946 1808.393647 1809.834469 1811.929644 1805.593908 1809.312289 1815.309517 1821.917186 1827.716675 1833.770254 1836.698945 1832.865472 1831.935492 1822.909352 1808.521536 1797.296273 1788.668620 1787.076340 1783.344735 1774.747549 1760.887329 1767.660032 1782.629962 1786.542728
1769.344739 1778.960918 1790.745769 1794.010848 1789.444020 1791.563962 1793.703628 1795.582787 1794.419792 1791.751851 1789.384816 1801.594164 1811.070716 1813.204362 1816.414602 1820.629293 1821.020912 1809.932519 1808.016039 1816.189153 1826.496696 1832.250614 1832.654068 1832.643335 1830.119773 1829.189788 1828.996504 1827.066428 1827.415120 1829.555877 1828.622022 1832.585370 1838.126252 1841.129968 1834.233578 1825.271185 1826.488218 1834.307983 1842.588534 1849.683389 1859.708906 1870.281988 1869.132711 1863.246650 1853.689092 1839.781908 1815.953769 1796.451234 1784.772364 1776.474621 1768.384591 1768.634308 1764.051713 1775.397717 1776.248932
1764.930225 1783.968770 1805.284498 1812.963899 1807.597361 1803.626014 1802.034165 1803.321517 1803.642867 1806.255807 1817.824158 1831.348811 1845.107077 1848.090416 1850.847413 1850.554061 1842.528639 1832.701372 1829.731861 1844.204519 1860.859194 1869.188696 1869.590691 1867.666459 1873.232165 1872.553610 1871.793580 1867.611825 1869.238786 1869.293259 1877.495646 1885.113499 1892.469138 1890.758587 1878.517893 1866.622315 1865.474497 1869.042746 1873.441554 1879.805939 1889.530120 1898.439151 1892.810811 1885.701499 1875.918881 1847.648882 1821.379631 1804.642145 1803.938478 1803.341578 1797.623090 1793.876257 1790.505846 1783.631720 1782.435270
1809.526012 1830.682854 1851.438151 1866.803594 1861.590427 1854.451333 1845.639453 1846.738587 1849.412340 1857.253967 1869.824437 1886.013184 1909.616117 1911.693379 1914.324069 1915.999371 1904.696537 1892.559845 1882.291449 1901.977208 1912.747986 1921.020818 1921.300585 1929.475253 1938.969711 1934.918281 1927.706474 1916.922286 1923.041103 1932.871046 1947.944955 1955.104475 1959.401475 1956.824397 1944.601095 1938.342064 1937.786446 1941.297723 1939.905445 1945.546527 1954.702841 1969.047594 1967.523037 1959.904910 1937.604600 1899.867755 1866.550422 1848.110068 1854.808112 1847.305922 1839.518843 1836.017528 1822.065048 1811.477743 1811.343993
1856.637282 1873.633895 1891.868482 1910.146360 1904.584817 1894.929548 1881.239251 1880.490143 1887.421960 1898.158641 1917.142331 1938.629921 1961.417310 1966.575711 1966.579260 1976.631347 1970.562229 1961.195896 1953.674405 1968.882755 1980.408761 1991.710798 2000.073839 2012.818402 2023.970971 2011.936881 1998.222454 1991.243150 1997.170279 2018.984290 2038.040388 2042.960008 2043.317354 2044.696925 2033.274232 2027.199501 2021.583773 2018.221360 2013.281521 2009.611122 2029.816694 2047.441019 2045.587927 2022.287377 1998.018130 1959.850260 1921.374186 1891.302304 1894.778354 1890.751699 1890.211854 1875.986293 1860.851178 1846.775136 1838.712811
1928.004925 1954.930780 1974.680990 1996.683233 1994.608683 1976.430624 1966.353772 1970.987597 1984.539194 1992.586664 2009.564480 2031.433049 2061.180217 2079.392936 2095.931642 2100.679191 2093.250826 2084.924743 2072.674696 2073.693015 2093.465059 2105.590779 2115.533478 2125.453507 2137.947080 2141.583548 2137.483194 2136.578817 2140.244304 2149.634633 2160.538001 2167.168075 2171.558962 2175.784852 2168.441030 2157.168276 2152.299886 2144.592974 2139.593724 2137.278902 2142.581015 2156.451927 2153.241928 2122.632950 2094.972881 2061.052131 2022.913266 1991.655993 1977.629461 1987.429151 1978.684666 1960.219349 1943.127859 1910.687033 1897.488243
2016.640753 2051.779617 2078.782130 2092.606917 2104.442776 2096.727909 2097.704537 2102.430819 2110.720355 2115.603843 2123.441836 2156.165257 2190.778190 2218.676268 2242.656557 2251.190926 2240.651629 2231.355102 2219.250217 2210.407576 2217.338020 2232.906654 2249.961786 2265.300493 2276.504042 2279.532183 2278.171889 2278.421300 2280.902693 2283.851901 2287.299612 2294.255483 2301.650459 2311.331671 2321.081070 2313.265810 2295.972984 2284.533397 2272.293925 2268.454870 2267.511443 2267.257877 2266.867424 2255.002013 2218.926136 2188.554862 2155.916247 2129.946342 2111.080420 2101.393243 2081.230953 2057.072298 2008.342434 1968.525056 1934.317961
2121.062716 2163.451488 2194.112889 2216.124823 2231.049747 2232.435895 2235.365242 2238.108735 2243.838456 2248.610781 2254.636355 2279.271877 2318.855126 2357.155023 2387.756165 2390.558619 2379.953696 2369.596833 2360.028753 2348.186818 2344.763999 2354.478505 2367.220921 2384.801802 2395.694932 2403.773913 2401.845489 2402.183085 2403.312988 2405.330186 2407.233316 2409.852425 2417.894307 2430.981245 2443.325545 2443.367590 2427.567042 2410.088775 2393.001280 2387.258700 2382.149313 2376.110361 2376.408043 2376.764407 2365.235051 2336.891060 2298.531692 2256.185878 2232.732841 2212.924615 2199.494816 2182.037470 2149.603067 2091.569979 2056.868693
2246.858212 2277.740853 2308.128547 2339.276574 2357.126999 2363.417200 2363.450495 2364.936219 2372.872066 2378.404925 2387.293843 2404.201929 2431.717163 2463.509341 2491.636857 2508.421537 2503.416073 2489.038526 2470.091296 2463.161161 2461.260996 2463.855672 2471.475495 2481.248280 2498.085265 2515.212711 2521.182507 2521.971119 2519.050621 2521.732995 2523.196057 2523.363386 2525.187090 2531.386266 2539.397557 2541.987591 2535.541525 2516.670995 2494.855913 2481.373636 2473.182761 2468.609173 2467.229309 2469.368495 2469.613004 2455.814474 2423.639704 2382.550045 2349.881281 2329.727961 2313.750531 2298.326365 2285.362497 2259.466542 2239.277209
2364.373782 2379.763933 2407.211915 2435.348644 2459.370363 2475.718986 2478.976355 2484.252748 2489.721801 2499.100512 2515.009177 2536.775938 2553.345571 2572.845413 2596.421707 2610.628309 2616.266273 2615.851181 2613.443372 2614.853145 2614.893515 2573.581641 2577.656988 2581.684552 2592.670502 2603.525641 2607.351123 2607.693878 2605.909652 2607.421510 2608.046954 2608.172602 2607.872542 2608.808515 2612.045045 2613.113722 2611.187814 2601.661742 2610.532593 2592.104971 2579.325578 2571.265231 2563.032151 2554.235850 2544.237359 2533.745149 2514.711591 2485.603001 2451.429085 2426.009033 2414.949938 2407.205777 2398.500587 2391.652555 2374.585906
2471.201332 2483.203704 2500.692170 2522.538401 2553.610050 2574.982595 2586.321128 2595.618338 2600.792518 2614.018892 2628.946835 2619.896688 2625.794605 2631.743643 2637.550663 2639.560690 2640.067019 2639.631138 2637.053564 2636.127452 2633.697638 2629.095661 2618.812591 2619.917780 2621.217007 2623.455319 2626.828683 2625.431479 2626.310032 2629.237913 2627.706611 2622.120015 2618.434936 2616.904320 2617.557686 2624.674140 2627.775544 2628.426196 2626.296755 2625.398683 2624.654855 2622.356336 2619.499537 2615.438784 2610.138545 2617.715835 2606.299075 2580.726327 2544.375971 2506.034550 2493.976757 2491.278344 2490.370693 2486.909542 2479.912348
2591.806597 2605.005710 2619.187426 2608.984808 2624.488215 2632.609222 2636.589133 2640.070594 2642.805828 2644.843863 2641.764888 2638.512436 2633.687300 2632.148416 2630.614074 2627.925540 2628.172733 2625.777603 2621.248545 2616.861450 2609.101253 2597.395188 2585.528963 2581.998415 2585.939994 2590.743223 2595.037985 2598.460966 2601.763982 2602.359828 2597.421015 2589.529708 2582.459203 2580.761800 2587.398297 2593.022392 2598.774591 2599.582323 2598.342756 2596.383050 2596.722417 2594.350776 2595.155176 2602.202268 2616.228070 2620.893178 2624.759871 2623.990534 2612.588702 2592.020897 2591.879090 2571.794071 2575.614587 2570.273078 2558.114822
2633.594062 2635.896078 2635.170498 2633.922565 2628.038464 2622.279086 2621.550415 2625.366203 2632.044832 2632.933909 2625.583670 2616.759687 2609.227921 2601.695316 2598.906953 2597.302660 2596.126236 2595.625166 2589.542449 2580.253419 2563.320949 2550.929441 2539.034886 2532.368659 2529.088419 2532.891341 2542.772171 2552.997028 2557.548314 2549.783567 2542.054094 2531.173012 2523.356546 2523.845401 2525.737411 2535.006757 2550.164024 2556.153455 2557.246858 2552.143108 2547.518674 2542.129251 2540.536458 2547.971565 2563.693556 2580.181591 2595.060469 2603.940055 2611.582102 2618.305562 2619.769090 2621.500004 2622.278848 2620.507130 2620.543778
2628.413120 2621.723671 2614.919223 2609.602412 2602.811266 2596.926651 2594.739548 2596.421792 2598.319835 2594.006995 2586.648008 2575.601865 2563.813471 2553.285049 2545.637443 2545.552261 2546.787398 2547.016582 2539.316586 2523.556549 2504.660303 2490.349868 2475.720611 2471.026475 2465.136603 2458.997406 2468.844832 2486.514313 2492.925662 2478.425303 2468.293505 2453.970781 2447.207312 2443.996222 2445.441063 2454.836450 2475.917023 2497.478897 2499.636018 2490.274705 2481.215417 2477.598870 2475.945847 2482.734573 2501.221718 2522.826620 2539.098132 2549.881910 2556.194114 2564.828505 2574.848739 2588.447180 2602.585079 2614.293488 2621.235241
2602.185798 2594.009104 2585.841507 2577.677692 2570.028777 2562.976204 2557.899649 2554.988732 2550.893675 2543.890370 2535.688447 2517.000064 2503.620354 2490.260288 2475.118133 2470.464164 2465.709391 2466.097819 2453.924644 2443.847422 2425.652414 2409.553661 2393.149327 2380.792250 2374.421267 2367.730092 2368.925606 2383.063286 2391.550950 2379.925769 2370.023651 2358.392327 2353.214151 2350.177205 2352.614973 2363.252123 2384.555188 2403.504880 2411.740043 2405.009861 2402.674679 2402.722063 2402.774584 2410.014571 2424.010011 2444.002091 2466.613360 2485.058516 2495.841196 2504.357316 2515.166743 2530.940569 2545.838328 2560.612859 2578.574516
2566.911440 2556.887616 2546.256591 2535.836936 2524.397289 2512.353048 2505.005440 2505.746298 2498.310071 2491.110205 2471.450274 2420.565384 2400.111081 2380.730514 2364.051692 2356.857158 2348.007848 2335.502174 2325.708221 2319.234360 2315.659074 2300.108981 2281.728590 2264.281465 2258.683123 2254.333346 2241.285891 2241.520202 2243.283259 2252.707377 2246.052291 2242.478753 2242.381187 2240.226365 2242.902851 2256.503243 2266.949202 2275.564419 2282.729393 2285.034460 2294.617444 2303.168387 2311.342089 2329.023501 2342.605865 2360.442455 2382.709328 2408.647317 2424.334641 2435.284239 2447.315544 2463.967457 2481.570305 2500.210517 2523.570920
2525.261635 2508.795368 2493.801574 2478.752659 2465.133300 2451.577899 2436.292198 2436.404938 2432.279470 2421.730391 2373.196504 2330.500149 2296.138874 2277.378570 2253.701220 2240.376651 2225.883724 2193.311998 2176.897697 2172.747559 2181.598265 2174.285101 2157.735248 2144.320584 2135.243560 2127.015256 2111.677408 2098.097590 2103.261926 2118.248118 2116.385509 2117.213422 2123.258843 2122.384690 2117.835775 2119.960977 2133.692678 2141.151292 2152.277068 2167.388173 2172.986698 2186.580114 2217.400229 2232.051482 2248.572512 2269.347606 2292.104159 2316.436178 2339.439265 2354.703010 2371.168017 2391.402798 2409.691437 2431.650326 2455.980864
2467.706912 2438.085430 2417.165038 2399.280519 2380.030676 2355.516761 2334.191258 2330.655519 2322.797272 2297.827126 2247.533552 2208.469707 2180.923652 2158.208480 2133.901345 2112.070506 2079.450082 2045.991291 2024.590549 2034.259224 2042.837831 2048.269564 2035.271476 2023.246312 2013.149537 1997.219568 1981.068409 1967.154398 1976.738002 1985.256311 1998.598811 2003.809881 2007.796600 2012.158875 2011.211117 2004.222030 2005.040304 2014.006353 2024.740095 2036.684289 2054.831982 2088.062267 2113.779259 2132.706423 2154.632517 2175.669071 2199.343222 2224.361725 2248.131537 2266.379959 2286.552745 2307.508963 2330.206164 2351.965967 2377.538455
2385.171625 2356.658649 2329.448484 2305.654693 2275.474706 2232.322310 2216.617298 2206.746205 2188.758479 2146.561757 2103.950557 2075.140522 2055.980247 2031.586412 2008.703231 1980.422942 1947.667927 1923.265587 1902.691226 1910.730335 1918.869487 1933.945220 1923.349027 1914.096922 1909.259774 1894.094397 1880.410488 1864.982644 1871.861573 1882.782927 1902.930699 1908.047740 1911.986156 1920.316222 1919.711666 1916.612709 1904.102813 1912.344332 1923.514630 1938.327877 1968.205485 1992.726880 2016.978189 2039.593381 2060.786796 2084.343962 2108.997823 2134.160465 2161.695767 2182.856415 2203.553195 2226.750245 2248.316333 2266.690808 2287.405135
2272.045007 2246.622011 2224.860686 2200.012853 2160.077514 2115.847813 2077.955702 2056.261427 2011.130822 1976.451603 1948.214907 1938.306806 1922.541960 1900.774484 1880.066411 1859.319873 1835.028887 1813.992813 1789.240667 1793.447852 1807.143561 1822.249719 1819.675427 1818.093697 1815.598667 1805.205954 1791.589088 1777.963659 1781.594191 1797.654837 1815.062511 1823.853315 1831.167531 1839.029964 1839.250260 1831.480718 1822.728243 1828.435816 1843.668968 1860.480883 1880.571721 1902.953179 1925.346421 1946.940059 1970.748381 1995.179117 2020.005855 2046.804874 2075.260770 2097.633568 2122.900472 2149.010315 2168.865543 2181.291993 2194.244815
2162.574109 2141.118358 2116.836029 2089.378739 2047.830033 2006.656960 1964.668135 1921.433835 1887.949213 1857.612086 1844.863755 1827.400425 1811.466840 1794.808673 1773.893523 1755.697163 1738.593768 1716.722015 1702.448808 1708.403906 1721.337515 1730.779274 1735.281138 1732.561808 1729.739924 1723.058594 1709.211628 1701.990406 1711.170445 1726.428026 1740.751912 1751.693336 1758.648029 1764.461176 1761.864087 1753.527268 1749.486321 1758.039697 1774.016600 1788.794322 1805.529917 1827.297226 1848.896316 1871.506798 1895.177376 1918.713246 1944.701096 1971.498591 1998.986555 2026.883978 2051.444301 2073.586733 2085.449498 2097.726772 2103.344112
2033.190085 2018.502919 1992.608412 1964.174473 1932.731640 1896.605809 1868.705984 1836.648955 1805.815302 1775.783455 1749.905634 1734.844668 1726.484866 1712.396892 1694.069397 1681.496349 1665.071028 1650.977130 1653.596063 1655.427687 1664.820530 1664.326060 1664.916927 1662.065951 1661.098198 1657.715125 1649.227255 1658.513227 1665.515391 1679.536671 1689.980565 1699.622054 1705.762908 1709.782643 1710.492176 1705.429063 1710.389568 1717.376571 1731.916059 1743.909787 1758.770348 1779.746273 1797.637871 1817.664402 1840.756806 1864.685117 1889.745937 1916.534869 1945.520996 1971.544753 1991.789691 2001.616754 2013.303860 2018.835018 2012.501412
