tests/Borden05m/sims/sim_1/output-maps/psiliqL0001N0007.asc
ncols         160
nrows         34
xllcorner     620200.000000
yllcorner     5168000.000000
cellsize      0.500000
NODATA_value  -9999.0
[rows 0 to 24 of 34, columns 58 to 115 of 160]
-9999.0 -9999.0 -9999.0 -9999.0 -9999.0 -9999.0 -9999.0 -9999.0 -9999.0 -9999.0 -9999.0 -9999.0 -9999.0 -9999.0 -9999.0 -9999.0 -9999.0 -9999.0 -9999.0 -9999.0 -9999.0 -9999.0 -9999.0 -9999.0 -9999.0 -9999.0 -9999.0 -9999.0 -9999.0 -9999.0 -9999.0 -9999.0 -9999.0 -9999.0 -9999.0 -9999.0 -9999.0 -9999.0 -9999.0 -9999.0 -9999.0 -9999.0 -9999.0 -9999.0 -9999.0 -9999.0 -9999.0 -9999.0 -9999.0 -9999.0 -9999.0 -9999.0 -9999.0 -9999.0 -9999.0 -9999.0 -9999.0 -9999.0
-9999.0 -466.090690 -467.404701 -468.147703 -468.360235 -470.125982 -471.338996 -472.976044 -473.019999 -472.661897 -473.007337 -473.914955 -473.060009 -472.036445 -471.251610 -469.909198 -470.493806 -470.473121 -469.933432 -469.775842 -469.986721 -470.590097 -470.877365 -471.261343 -470.178677 -472.174941 -474.795980 -476.801551 -477.140148 -475.179261 -474.151249 -474.599022 -473.813799 -471.912113 -470.473866 -470.472135 -468.705327 -469.692332 -469.094199 -467.582618 -468.708093 -468.716518 -468.141346 -467.164567 -470.177946 -9999.0 -9999.0 -9999.0 -9999.0 -9999.0 -9999.0 -9999.0 -9999.0 -9999.0 -9999.0 -9999.0 -9999.0 -9999.0
-467.498942 -474.209595 -474.535388 -474.387337 -473.815541 -474.431518 -476.511222 -476.781153 -478.423093 -479.178790 -479.395318 -480.201501 -479.844394 -477.139584 -475.322127 -475.001954 -475.696946 -476.136050 -476.917149 -477.400854 -477.189851 -477.788137 -478.285276 -478.833056 -478.448477 -476.299904 -478.270565 -479.175395 -480.201395 -481.460366 -481.127984 -480.873463 -480.895725 -478.449217 -477.880814 -477.717343 -474.593872 -471.677416 -471.141191 -472.599938 -473.931544 -473.153628 -472.765136 -473.612465 -474.355628 -473.505418 -473.721815 -473.683564 -474.885083 -473.002874 -473.465287 -471.667465 -470.338157 -468.794741 -466.032484 -9999.0 -9999.0 -9999.0
-472.278929 -477.104805 -479.830283 -480.563874 -479.788236 -477.511373 -478.145895 -479.787354 -482.534570 -479.655479 -480.187801 -480.573722 -480.181436 -479.336105 -479.008625 -478.691775 -478.287522 -475.937434 -476.368873 -476.671625 -476.517526 -476.891842 -477.611106 -477.379844 -477.686141 -479.811074 -479.358813 -478.788863 -479.361355 -477.279977 -477.250742 -475.909507 -479.760920 -479.288268 -478.733336 -478.558016 -478.670961 -478.681508 -478.276164 -479.960462 -478.465365 -479.291215 -481.568751 -481.498885 -480.562773 -477.565596 -475.946948 -477.161471 -482.417437 -479.687744 -474.028898 -474.899106 -476.289445 -473.956072 -471.728520 -468.008672 -468.800618 -469.186259
-479.985052 -481.935249 -479.685976 -477.906867 -476.808261 -477.728578 -479.656850 -482.170116 -477.735151 -476.237445 -477.566427 -477.167916 -475.838778 -475.630371 -481.363831 -482.889473 -480.962715 -479.066466 -478.415843 -479.644981 -480.233547 -481.278954 -481.166900 -480.389655 -480.876867 -479.954679 -479.296920 -480.570951 -479.343846 -477.885277 -476.235235 -479.637740 -482.664365 -482.447025 -479.933432 -478.325111 -477.857483 -475.653725 -471.687904 -472.432002 -473.026467 -472.722133 -472.053179 -476.198763 -480.175748 -481.628088 -482.180299 -483.358947 -481.999707 -483.064655 -478.415071 -478.977109 -479.950104 -478.044471 -476.827548 -475.070123 -473.749713 -474.047956
-478.420298 -481.546330 -482.985377 -483.504684 -482.934452 -483.663687 -483.861342 -480.211073 -478.788825 -475.735269 -477.646677 -477.751263 -477.897227 -481.474823 -483.979842 -485.884479 -480.328258 -476.220335 -475.247395 -476.901511 -478.365211 -474.349390 -475.530388 -475.781088 -478.115452 -477.334618 -478.214909 -474.307865 -473.108232 -471.036983 -471.874134 -475.785231 -479.035644 -479.050741 -478.756091 -479.450239 -478.872547 -476.833448 -473.968190 -476.532571 -476.940264 -475.358334 -481.500695 -486.002410 -487.035687 -482.214391 -479.437814 -479.636164 -478.945502 -478.423643 -481.415059 -480.553607 -480.175867 -481.829917 -478.580329 -475.375547 -475.227186 -478.342907
-468.466914 -472.117635 -474.190377 -478.371145 -477.773816 -477.500302 -476.512913 -475.363065 -472.641649 -466.127298 -468.717915 -468.768097 -466.285479 -470.013601 -473.250529 -478.986040 -472.635448 -472.038554 -470.723909 -471.897057 -467.674896 -463.777587 -466.331052 -469.571347 -473.829624 -471.274811 -466.075472 -461.434678 -460.759101 -460.398318 -459.295011 -462.662931 -463.078721 -463.639004 -463.230196 -466.158298 -466.541161 -463.416165 -457.212101 -456.279832 -458.269895 -462.840016 -470.714485 -478.032969 -481.759707 -474.896577 -476.423565 -476.890341 -475.268747 -478.481180 -480.060979 -476.248651 -478.890574 -481.009645 -476.282569 -476.183734 -477.170768 -481.267638
-470.093339 -472.775581 -476.808867 -481.301613 -481.235985 -478.746379 -478.153371 -473.804901 -467.462488 -460.493146 -457.560115 -455.056778 -450.499676 -453.486430 -456.267417 -460.093822 -459.211690 -454.672875 -450.856451 -446.439506 -440.984970 -433.031625 -433.162057 -435.647123 -434.613758 -432.057717 -423.352962 -415.692209 -412.450367 -410.203814 -405.757449 -407.903106 -412.541829 -418.745089 -426.316270 -434.784195 -441.787168 -436.300616 -429.085430 -429.961175 -442.841585 -450.456890 -459.323425 -468.417349 -479.628240 -478.300400 -475.406139 -472.516808 -476.332685 -477.296167 -480.315299 -480.193633 -478.869926 -483.125420 -480.413211 -480.258004 -477.385827 -472.496625
-445.988104 -443.469541 -450.735889 -451.533778 -449.249582 -444.824090 -444.545022 -439.784722 -419.832734 -395.576004 -374.005122 -347.969801 -342.624537 -355.839777 -366.488457 -379.817607 -386.908041 -377.765458 -367.049261 -352.186467 -329.020702 -289.143904 -241.476318 -218.048345 -200.594699 -185.282289 -177.151166 -170.392080 -163.397805 -157.056286 -151.259534 -150.675661 -159.104761 -169.833552 -189.988442 -231.944361 -272.708751 -291.946242 -280.604433 -288.553742 -334.545701 -369.738938 -392.113187 -414.124536 -434.776724 -448.645204 -445.923484 -450.880366 -454.493509 -458.433515 -470.198737 -471.904405 -472.314316 -482.594030 -483.481885 -480.303800 -476.068695 -472.415412
-384.521841 -370.022839 -368.772920 -365.444856 -363.140607 -357.809672 -349.952279 -323.400823 -217.759594 -162.086951 -129.207541 -107.629516 -99.768263 -109.280091 -118.056278 -126.835231 -134.575713 -133.827740 -120.800265 -103.174748 -82.789274 -62.334881 -45.793126 -36.655544 -28.442126 -21.511555 -15.862628 -12.999343 -9.006669 -4.670070 0.830810 3.112123 3.010084 -8.103029 -21.397598 -43.543972 -60.166313 -67.454387 -71.859155 -77.030422 -89.880875 -121.440787 -149.073027 -191.982348 -279.111226 -352.167626 -378.818714 -392.824110 -403.853569 -427.444701 -450.306616 -463.375041 -471.619974 -480.632883 -482.395261 -470.886681 -459.585231 -465.429309
-133.314223 -120.592160 -117.634861 -116.876702 -114.993071 -109.204872 -101.303346 -83.934753 -47.030360 -11.933293 3.249183 3.689113 3.693669 3.535302 3.407166 3.275511 3.165006 3.131699 3.235754 3.374597 3.621190 3.821648 4.061770 4.081530 4.138467 4.158643 4.215948 4.249408 4.241882 4.309496 4.440157 4.557875 4.610946 4.451096 4.233207 3.970364 3.863778 3.764753 3.682001 3.663416 3.613626 3.578568 3.147552 -19.039561 -68.128598 -108.802449 -133.016611 -146.018301 -165.525486 -202.659292 -318.560334 -360.666699 -386.576834 -410.296753 -434.285880 -426.316738 -437.234130 -442.002075
3.065261 3.334845 3.404607 3.346483 3.350136 3.440353 3.521619 3.704983 3.990172 4.224604 4.502849 4.790970 5.122694 5.028215 4.885959 4.652762 4.681521 4.695089 4.699115 4.765422 4.781778 4.970519 5.200755 5.286289 5.308932 5.193803 5.273947 5.303963 5.278990 5.223414 5.238626 5.345891 5.454198 5.377414 5.188805 4.951402 4.745972 4.646933 4.629063 4.604332 4.649547 4.679594 4.630574 4.319903 3.848396 3.362949 3.067955 -2.305583 -14.914716 -35.187787 -68.808605 -94.494466 -120.284173 -159.147629 -219.980837 -320.808442 -354.793647 -372.107968
4.348624 4.580535 4.740162 4.737268 4.813405 4.810243 4.939124 5.144158 5.374217 5.469618 7.154128 21.781443 30.623319 35.672358 37.056590 37.748422 39.693541 39.703711 39.761222 40.256220 40.843930 40.582884 43.032178 43.302444 43.222746 43.091078 43.504004 43.349716 43.551218 43.222101 41.408805 41.363502 41.229056 41.025638 38.976594 31.554414 17.862407 7.761944 5.710672 5.555872 5.415491 5.268897 5.169745 5.068170 4.834559 4.556693 4.284164 4.249947 4.202456 4.061183 3.888203 3.614069 3.338208 -0.240883 -32.682783 -86.097615 -107.150250 -126.918095
5.129925 5.443577 6.384060 14.372222 20.313707 24.463856 33.758973 43.294014 45.483170 45.516135 45.447436 45.326355 45.338895 45.013327 45.077980 42.934558 43.021747 41.790616 36.595939 28.080815 29.452640 30.506191 32.655126 35.856953 34.267092 34.956108 37.596344 36.285693 31.307327 28.199990 26.517105 26.497493 32.914610 35.547602 36.040382 36.700073 36.081452 35.937844 35.819306 35.642374 35.527074 35.457240 30.745236 23.121840 6.007941 5.331996 4.945975 4.784769 4.748960 4.856815 4.814409 4.834916 4.684925 4.466337 4.062848 3.504148 3.285176 3.095580
46.989726 46.732527 46.358177 46.433490 47.505464 49.243961 48.655099 45.446734 41.847448 37.608320 36.709663 35.597561 33.266948 33.955472 32.063103 28.494534 25.859976 20.843985 11.711537 5.462233 5.384239 5.613207 7.821897 11.369667 13.148299 16.071387 17.668100 13.916781 6.863806 5.472923 5.374259 5.664354 8.811118 12.568556 13.210512 11.563362 9.820093 10.054417 8.262198 8.619531 14.081457 25.141997 32.692076 32.478197 32.284854 32.241981 32.219073 12.412281 5.418571 5.807755 5.600479 5.404671 5.132026 4.947199 4.736585 4.566776 4.308323 4.319850
37.944322 32.722048 27.562337 26.947406 30.339382 36.692174 38.267260 31.884389 24.819324 18.585931 13.121429 11.834512 10.423561 9.907750 9.740549 5.826474 5.544294 5.286633 5.177208 5.049928 4.983169 4.943671 5.027251 5.142586 5.247440 5.463347 5.241586 5.175963 5.048912 4.950850 4.996362 5.008779 5.104501 5.304071 5.324898 5.418510 5.240865 5.234063 5.129573 5.064420 5.160195 5.361531 5.567646 7.219399 13.301862 19.599098 24.842147 31.730924 31.582561 31.401097 31.207593 27.119797 14.986331 5.630136 5.333138 5.108676 4.804194 4.833633
16.714395 10.810936 5.793559 5.513485 7.609409 11.194624 9.301326 5.672545 5.399222 5.253146 5.121627 5.056682 5.123807 5.182121 5.296533 5.192465 5.043242 4.901458 4.838466 4.697583 4.728106 4.651369 4.532622 4.651228 4.853546 4.971352 4.730319 4.691825 4.549841 4.503283 4.483065 4.487789 4.564305 4.768087 5.042778 5.068277 4.890603 4.796754 4.768054 4.697311 4.757231 4.954719 5.126782 5.217066 5.287253 5.304568 5.397687 5.508619 5.716840 10.886032 19.818930 30.004377 30.221314 30.091067 30.009100 14.647565 5.653586 5.441007
5.385504 5.294650 5.219005 5.178145 5.236707 5.218368 5.128632 5.085003 5.078937 5.012849 4.939608 4.756118 4.749248 4.710157 4.848641 4.684909 4.637014 4.427485 4.302446 4.085884 3.910311 3.742787 3.540156 3.558804 3.761856 3.946540 3.670100 3.589719 3.417797 3.375168 3.346491 3.365381 3.505060 3.924972 4.281270 4.470828 4.364635 4.319317 4.309136 4.284160 4.279576 4.421764 4.608263 4.787584 4.885262 4.922893 4.946731 4.999260 5.114077 5.208393 5.306561 5.481676 7.334787 19.216543 26.894783 32.257560 32.112521 31.888122
5.113214 5.030424 4.914964 4.858591 5.035959 4.880662 4.847910 4.862994 4.228418 4.157909 3.899251 3.585819 3.463320 3.297904 3.253455 3.134189 3.104858 2.989091 -6.001858 -25.003177 -54.070652 -75.061452 -88.861998 -101.581424 -98.127464 -94.944815 -93.078321 -98.958409 -104.696823 -106.851203 -108.125175 -102.265577 -83.747355 -59.527251 -31.764827 -15.080176 -12.185453 -3.036685 2.942965 1.973794 3.221249 3.439413 3.760354 4.085864 4.406463 4.483114 4.538752 4.599670 4.711759 4.821538 4.895372 5.056040 5.264676 5.399447 5.485539 5.706520 10.531382 21.840052
4.849909 4.761231 4.648126 4.498493 4.610288 4.563502 4.508733 3.879746 3.136406 -14.093512 -36.753406 -77.652473 -100.840979 -113.505713 -132.732003 -141.746169 -147.746593 -145.857005 -160.596476 -192.420794 -256.244827 -307.297502 -326.230674 -344.903365 -349.692155 -343.891314 -329.993648 -343.724506 -351.880038 -350.465322 -354.030114 -354.584516 -334.020041 -282.683743 -217.509142 -181.394857 -164.161875 -157.296056 -152.563284 -130.838587 -116.011588 -92.734551 -50.901073 -18.314188 2.694094 3.417239 3.699631 3.955149 4.220640 4.341251 4.501409 4.655276 4.900959 4.993197 5.071299 5.117465 5.171131 5.312692
4.244202 3.991523 3.635770 3.213349 3.213462 3.009003 -13.083723 -67.659912 -121.666576 -162.539843 -207.591412 -306.337906 -347.053427 -369.238386 -390.579130 -401.399263 -400.762348 -397.565089 -402.834950 -415.201510 -427.448246 -434.462582 -438.996259 -445.051612 -448.524484 -444.588818 -440.923776 -442.005767 -442.543392 -441.295253 -441.722628 -442.411912 -442.710212 -434.135630 -426.320910 -418.497930 -413.280573 -410.958611 -396.693331 -380.566897 -366.407778 -331.565261 -233.780941 -170.068852 -130.856682 -98.213450 -59.542077 -25.215489 -3.626761 3.257312 3.630945 3.993429 4.354577 4.571135 4.645980 4.722150 4.790961 4.907264
-5.930889 -36.248663 -93.151099 -115.741215 -126.303621 -135.901627 -181.010949 -283.454333 -370.255919 -397.187623 -414.270142 -431.172576 -441.157343 -449.995909 -457.824205 -462.921354 -458.550161 -457.001183 -453.525914 -459.205079 -463.503860 -463.843208 -467.156075 -469.916421 -474.531707 -470.573390 -469.501069 -465.347643 -466.377517 -466.667937 -464.741631 -465.841598 -466.092541 -469.264665 -466.136119 -464.876632 -463.668301 -456.710564 -450.741203 -444.456076 -439.117977 -431.470976 -416.124210 -396.160171 -373.542785 -335.287002 -246.780166 -176.713095 -135.946988 -101.942863 -62.484018 -26.652822 -2.004526 3.304293 3.633482 4.010852 4.198531 4.445098
-149.298940 -209.659168 -336.489348 -376.906928 -380.015105 -396.668642 -414.300957 -440.608925 -451.291056 -455.657295 -461.050288 -464.774201 -466.915913 -471.652331 -474.625284 -480.749179 -477.951983 -474.646424 -469.572520 -473.941611 -474.194493 -472.753376 -474.745440 -476.831361 -481.008790 -480.471801 -477.380358 -473.682051 -474.439757 -473.953786 -471.706273 -471.613708 -473.400010 -477.351890 -476.721413 -474.893635 -473.516745 -470.104266 -467.340541 -464.738857 -462.776550 -459.175114 -454.265741 -448.507264 -440.716895 -429.736613 -417.374529 -396.932499 -372.078767 -335.065813 -258.234358 -184.850956 -140.766164 -113.528875 -77.144817 -34.230814 -11.367589 3.239035
-381.152025 -409.395504 -435.445479 -451.131077 -458.521577 -464.697599 -470.748518 -472.266744 -473.739819 -475.749866 -477.256793 -479.036343 -480.596101 -481.685750 -484.259914 -490.748304 -487.808924 -484.106140 -479.804146 -479.659161 -480.000222 -479.382991 -480.081504 -482.848664 -488.282699 -486.061278 -483.120378 -480.570604 -480.047812 -479.787350 -478.064368 -479.419751 -482.079462 -486.089935 -484.625203 -482.106730 -481.216754 -480.107908 -478.165713 -476.163738 -474.330949 -472.135698 -470.078494 -466.776563 -462.972430 -458.372176 -452.597120 -445.316602 -435.490232 -429.854035 -418.446561 -403.314708 -384.311150 -360.376252 -303.283694 -200.677654 -149.350292 -102.224867
-447.202862 -455.485866 -464.908437 -468.237753 -471.365140 -473.992948 -477.176486 -478.883282 -480.239589 -478.209318 -478.527413 -481.068263 -480.199137 -481.295732 -486.535533 -484.173886 -482.575968 -478.100871 -479.179586 -479.480383 -480.535182 -479.667429 -480.235968 -485.632493 -482.754695 -481.750401 -478.877164 -478.724239 -478.381843 -478.107115 -477.675216 -478.326204 -482.179952 -481.362766 -480.584086 -478.119514 -478.665978 -478.258823 -475.837185 -475.937797 -475.127668 -473.657334 -472.216815 -470.429915 -468.108422 -464.191798 -460.046118 -455.781446 -455.490073 -452.308009 -449.050573 -452.243739 -445.330527 -439.077685 -429.675083 -409.818397 -388.935396 -344.210418
