tests/Borden05m/sims/sim_1/output-maps/psiliqL0026N0008.asc
ncols         160
nrows         34
xllcorner     620200.000000
yllcorner     5168000.000000
cellsize      0.500000
NODATA_value  -9999.0
[rows 0 to 24 of 34, columns 55 to 109 of 160]
-9999.0 -9999.0 -9999.0 -9999.0 -9999.0 -9999.0 -9999.0 -9999.0 -9999.0 -9999.0 -9999.0 -9999.0 -9999.0 -9999.0 -9999.0 -9999.0 -9999.0 -9999.0 -9999.0 -9999.0 -9999.0 -9999.0 -9999.0 -9999.0 -9999.0 -9999.0 -9999.0 -9999.0 -9999.0 -9999.0 -9999.0 -9999.0 -9999.0 -9999.0 -9999.0 -9999.0 -9999.0 -9999.0 -9999.0 -9999.0 -9999.0 -9999.0 -9999.0 -9999.0 -9999.0 -9999.0 -9999.0 -9999.0 -9999.0 -9999.0 -9999.0 -9999.0 -9999.0 -9999.0 -9999.0
-9999.0 -9999.0 -9999.0 -9999.0 3398.179368 3392.872002 3388.089949 3383.556486 3375.026747 3365.686648 3357.795860 3353.577221 3352.373909 3351.490559 3350.809978 3355.615773 3363.608212 3371.157153 3377.969593 3380.306039 3382.592891 3384.388998 3384.566584 3383.375667 3380.088612 3376.711934 3373.280205 3371.542634 3364.163576 3353.019416 3344.697759 3341.998082 3346.162983 3350.495890 3352.951852 3358.123406 3368.500720 3379.096735 3387.662430 3400.233533 3407.261232 3412.622929 3415.232741 3411.274325 3408.037804 3404.097916 3397.982612 3386.903206 -9999.0 -9999.0 -9999.0 -9999.0 -9999.0 -9999.0 -9999.0
3343.073224 3361.412585 3382.305158 3385.384150 3373.695930 3368.597652 3365.427435 3363.721877 3359.431380 3350.889703 3345.716788 3340.173394 3337.456384 3337.386908 3337.188883 3340.768350 3351.444815 3359.154877 3363.632796 3366.191199 3368.960926 3367.312612 3366.461130 3366.167284 3363.203626 3359.659320 3356.223030 3354.321406 3355.742802 3348.119226 3342.097487 3338.178457 3335.204003 3337.934912 3340.623225 3345.209421 3354.372916 3362.276997 3370.256070 3385.428228 3398.631104 3404.354891 3401.848567 3397.307551 3393.542164 3386.176860 3375.480156 3365.526733 3357.448346 3351.407014 3346.121987 3339.781526 3346.285177 3354.242100 3363.636688
3326.234008 3345.310996 3365.663015 3368.156060 3357.847705 3350.076106 3343.176377 3343.630255 3347.058239 3343.750518 3338.847692 3330.959534 3340.883851 3341.777027 3342.366183 3345.439530 3347.204738 3352.226061 3354.542342 3359.777392 3368.654483 3371.369446 3371.712225 3371.667566 3369.598302 3366.263182 3364.223860 3361.356609 3356.016122 3354.163165 3353.763738 3352.437867 3356.495101 3358.003949 3360.918050 3355.441127 3359.878675 3366.146354 3373.133307 3378.673512 3384.826186 3387.392091 3384.156590 3384.819588 3376.577581 3363.019636 3353.265302 3345.904458 3346.237170 3343.385862 3335.565923 3321.952361 3330.373469 3346.594653 3351.479318
3330.364020 3339.152457 3349.581188 3351.974057 3346.852379 3348.979019 3350.669480 3351.770098 3349.800901 3346.142918 3341.631225 3351.903298 3360.054162 3361.295537 3363.584730 3367.403146 3368.141349 3357.181374 3355.047709 3362.202741 3371.738536 3376.773536 3376.844635 3376.370592 3372.584123 3371.329406 3371.035749 3369.159803 3368.563306 3370.043149 3367.539093 3370.424597 3375.858295 3379.136425 3373.960646 3365.576233 3367.850642 3376.332189 3385.463343 3393.083829 3403.284023 3414.104214 3414.455602 3410.033020 3401.636850 3389.313330 3367.015774 3349.642107 3338.801314 3330.928281 3323.788789 3326.909986 3322.335519 3336.290929 3338.206206
3315.664303 3336.213017 3356.091073 3361.799772 3355.679376 3351.838529 3350.490932 3350.997479 3349.889155 3350.189509 3358.726445 3370.328070 3381.322172 3383.145197 3384.806978 3383.395808 3375.808347 3365.413403 3362.655179 3375.789837 3392.368038 3400.109384 3399.505041 3395.062178 3398.055672 3398.114257 3398.569801 3395.171263 3395.831074 3393.347087 3398.693077 3406.329504 3414.268885 3412.904250 3400.529136 3388.215392 3388.181121 3393.682516 3400.679151 3408.298857 3418.488972 3427.659230 3422.942812 3417.911824 3410.692204 3385.254565 3362.836277 3348.726812 3349.221708 3350.145092 3345.880449 3344.025642 3343.298701 3339.374134 3339.747731
3351.214098 3370.227307 3390.231174 3403.003850 3396.702550 3389.123378 3380.584227 3380.648869 3380.893250 3386.555035 3396.729823 3409.259037 3430.757524 3430.046764 3430.341573 3428.898030 3415.916131 3402.645529 3392.629243 3414.626315 3425.581256 3432.642090 3429.962859 3434.966729 3443.524590 3439.908818 3433.593946 3421.501583 3427.058308 3433.469098 3448.565635 3456.470626 3461.736493 3457.154739 3443.276225 3436.531224 3438.088914 3444.592335 3445.827776 3454.529131 3463.330785 3478.303705 3477.058686 3473.879206 3454.153023 3417.324728 3388.217208 3375.841122 3387.370844 3381.882439 3375.670597 3375.736444 3364.867929 3357.859065 3360.582715
3382.829197 3396.084427 3412.131911 3428.500385 3419.496731 3409.240218 3392.647218 3389.403479 3393.437892 3403.456256 3420.798877 3438.594981 3458.350586 3456.902091 3450.226461 3459.780217 3452.747835 3441.872729 3434.323600 3455.687916 3465.721424 3475.881774 3481.542726 3494.126962 3504.509134 3487.969823 3470.894133 3460.468292 3467.461989 3493.012924 3515.385520 3520.169384 3519.229961 3518.662261 3503.373639 3498.556088 3495.172244 3495.545376 3492.954114 3491.124398 3516.490223 3538.076362 3537.929823 3516.503778 3493.894795 3454.448744 3416.853604 3392.685998 3405.802252 3402.602130 3406.048913 3396.114313 3384.568287 3377.584746 3375.278753
3432.562423 3453.989673 3470.250175 3491.968280 3482.783652 3459.651957 3443.565037 3446.052828 3459.480012 3467.434025 3485.784607 3502.778399 3528.489120 3540.511870 3551.664648 3555.560908 3548.472487 3539.908422 3527.882389 3533.113683 3556.982410 3568.583316 3576.879779 3585.245824 3597.863478 3598.212009 3591.280392 3589.427321 3593.784185 3607.257750 3621.711959 3628.450857 3631.502792 3634.113790 3620.894499 3608.003711 3606.010453 3600.576473 3599.369781 3598.622353 3610.127887 3630.725168 3627.568452 3591.111097 3564.360490 3529.415678 3491.144682 3461.927925 3455.919054 3475.077382 3473.069955 3457.018803 3446.708346 3420.932467 3415.986756
3501.624420 3534.460562 3558.716040 3568.867072 3576.217143 3561.366757 3559.213644 3563.316885 3571.635520 3574.699429 3581.069879 3613.407123 3647.141605 3672.086315 3694.806506 3701.943904 3689.606686 3679.813128 3666.272023 3657.462566 3668.528692 3685.800602 3703.464472 3718.376012 3729.699893 3731.766868 3730.180826 3730.234867 3733.352122 3736.351381 3740.674789 3749.173950 3756.828511 3765.483403 3773.493049 3763.024644 3746.039130 3736.803056 3727.834541 3727.094616 3728.530999 3732.453641 3733.568368 3716.791215 3674.713943 3643.099656 3611.018226 3591.543172 3578.446082 3578.389126 3560.293264 3536.045502 3484.742566 3447.583453 3416.469240
3587.256608 3631.376589 3660.609321 3677.677665 3690.332090 3687.237643 3689.050640 3690.032237 3693.715512 3696.021980 3698.667420 3725.544813 3767.271914 3806.764944 3838.093027 3837.884418 3824.037186 3812.665936 3803.564053 3789.093172 3785.137490 3797.892321 3813.430215 3833.852556 3844.283706 3850.312012 3846.949239 3847.167827 3849.010096 3851.369202 3853.528800 3857.221068 3866.966043 3882.167166 3896.790937 3895.881264 3876.753586 3858.742898 3842.734456 3840.369080 3838.004922 3833.098716 3835.511871 3837.433171 3821.343864 3789.856570 3749.873240 3709.471052 3692.920420 3677.901193 3667.062841 3650.127616 3609.346409 3542.484363 3503.004957
3702.537237 3736.934486 3766.040965 3796.392037 3811.185993 3813.292992 3810.664078 3809.410965 3816.435292 3819.076765 3824.618597 3841.220960 3873.752445 3909.572556 3939.476622 3954.872932 3946.925518 3928.739675 3906.307937 3896.297839 3893.316061 3897.008152 3906.670696 3919.770956 3939.512176 3959.138347 3964.946684 3965.840136 3963.143918 3965.593656 3967.186598 3967.310091 3970.327737 3979.030072 3989.068310 3992.489219 3984.551077 3963.203770 3939.499999 3928.209167 3921.762603 3918.374910 3919.485410 3924.788287 3928.144453 3913.155707 3877.128825 3832.254331 3802.300906 3787.298460 3774.554047 3760.423813 3747.879684 3714.470783 3693.340365
3811.963000 3827.355377 3855.827461 3884.838813 3907.502102 3922.182457 3922.444331 3925.380949 3930.173525 3937.420884 3952.518213 3976.145620 3995.553638 4018.594004 4045.584317 4062.118380 4067.369644 4065.584843 4061.345429 4062.508681 4062.877096 3997.311212 4003.821849 4010.315372 4028.157705 4044.119038 4049.918537 4050.584131 4047.928545 4049.820806 4050.619590 4050.497174 4050.122578 4052.617979 4057.916964 4059.942216 4057.438492 4044.354521 4063.704742 4043.417608 4029.808358 4021.518949 4013.206609 4004.939044 3995.477445 3985.521388 3965.144484 3933.905905 3899.337859 3878.041257 3870.231132 3864.084994 3855.443311 3849.666752 3832.475565
3910.838174 3921.429095 3939.867786 3962.860953 3997.351442 4021.149005 4032.662650 4042.063780 4046.755324 4060.856225 4077.785691 4060.968774 4069.667834 4078.669750 4087.614103 4090.685671 4091.565132 4091.159325 4088.750534 4087.939320 4085.458511 4082.062340 4071.514911 4073.133577 4075.116654 4077.748546 4081.501426 4080.411499 4081.537296 4084.496908 4082.714430 4076.621727 4072.502916 4070.926354 4071.966128 4079.432351 4082.952498 4083.924961 4080.374843 4079.418929 4078.375893 4074.815047 4070.369399 4064.102345 4056.085548 4071.773756 4059.528047 4031.061414 3990.181220 3948.429188 3941.083322 3943.192806 3943.002201 3941.506680 3935.877465
4037.368215 4051.236728 4066.216698 4042.553188 4065.944880 4077.915833 4083.513242 4087.761832 4090.613424 4093.907137 4090.912596 4087.932379 4083.022965 4081.429035 4080.067414 4077.619326 4078.246284 4076.358679 4072.274551 4068.186562 4060.097929 4048.452054 4037.273849 4033.628731 4037.914004 4043.586135 4048.809387 4053.360540 4057.120461 4057.047720 4051.512655 4043.021711 4035.420788 4033.778101 4040.699571 4046.469140 4053.103191 4053.997692 4052.601426 4050.068233 4049.784870 4046.444328 4046.632075 4053.772219 4068.677563 4071.190799 4077.370421 4076.490388 4059.059686 4027.496352 4040.410375 4020.380507 4026.563305 4021.937782 4010.547832
4082.098015 4084.999330 4083.292049 4082.243079 4075.820469 4069.735123 4068.948079 4072.981067 4080.053592 4081.099535 4074.028929 4065.409840 4058.140433 4050.644719 4048.271868 4047.754500 4047.527091 4048.056821 4042.752269 4033.310593 4016.142012 4004.544203 3993.474295 3987.531534 3983.601134 3986.950507 3998.319606 4010.709176 4015.790144 4006.291106 3997.739858 3985.812239 3977.724612 3978.187162 3979.136034 3988.697792 4005.793059 4013.570202 4014.376056 4007.795016 4001.148982 3994.425709 3991.277331 3997.696406 4013.070065 4030.005601 4045.818087 4055.075596 4062.858124 4070.051599 4068.082128 4070.952293 4072.531604 4070.301829 4073.629429
4076.574851 4069.551000 4062.533551 4057.208640 4050.768048 4045.490080 4043.643905 4045.484581 4047.356621 4043.198078 4036.833458 4026.838767 4015.792241 4006.084396 3998.362157 3999.403630 4001.780499 4003.500653 3996.146016 3980.700933 3962.833969 3949.336407 3935.464240 3931.536565 3925.569497 3917.666078 3927.763724 3947.711126 3955.188198 3938.897641 3927.927591 3912.641332 3906.106524 3902.038647 3902.765735 3911.669050 3934.393248 3958.880042 3961.036624 3949.982683 3938.995994 3934.273171 3931.015707 3935.517232 3952.176172 3973.101557 3989.330566 3999.860099 4005.195716 4012.982865 4022.393712 4036.848404 4051.823012 4064.299856 4068.738594
4051.349358 4043.590374 4035.932798 4028.310771 4021.428673 4015.239212 4010.954353 4009.010943 4004.993543 3998.892627 3991.877298 3970.792177 3958.354320 3945.395313 3930.414912 3926.521254 3921.631860 3922.703480 3911.203420 3903.403364 3887.095922 3871.785061 3856.198525 3842.679718 3836.980761 3830.241873 3828.153710 3841.500706 3849.899019 3840.667104 3831.024644 3820.536329 3816.139214 3812.778390 3815.303270 3825.765486 3845.144026 3863.453480 3871.989029 3864.691846 3863.666357 3863.846881 3862.244905 3868.596840 3879.145563 3896.967698 3919.468353 3938.630821 3948.557174 3955.376247 3964.533908 3978.978303 3993.127347 4007.529051 4025.625696
4020.848215 4011.548273 4001.646148 3991.941369 3981.473670 3970.944175 3964.444359 3967.215803 3961.262125 3955.719728 3932.554987 3876.898000 3855.648972 3836.712330 3820.485550 3813.759673 3805.322362 3788.673280 3780.108731 3775.831366 3778.700956 3764.904758 3747.477425 3729.741369 3724.920331 3721.468354 3703.526074 3698.249842 3698.608936 3715.796111 3709.859185 3708.963222 3711.192502 3708.828458 3709.975819 3722.662308 3730.050005 3735.140384 3741.937198 3747.209617 3758.035402 3766.226163 3776.895273 3794.086333 3804.714887 3819.790230 3839.958772 3865.673496 3881.233627 3890.667552 3900.952662 3916.153132 3932.235081 3949.952494 3972.320595
3986.225714 3969.561162 3954.978544 3940.717003 3928.081664 3915.307389 3899.390861 3901.411070 3899.437151 3889.129674 3833.396811 3792.880939 3759.077836 3742.112769 3718.522407 3704.963810 3688.328513 3649.138409 3631.608192 3631.740236 3647.520813 3644.646835 3629.620763 3618.032386 3608.621573 3599.126506 3581.088305 3561.567632 3567.791888 3586.822539 3588.268051 3592.075275 3600.291790 3599.892705 3592.893710 3589.448320 3601.230456 3606.417902 3617.659664 3635.772110 3640.654644 3657.614082 3691.849168 3704.466367 3719.298144 3737.330961 3757.401421 3779.221132 3801.755805 3815.674603 3830.703669 3848.929119 3865.408955 3885.516190 3907.882115
3935.303265 3904.137665 3883.063003 3865.779029 3846.676964 3819.443354 3799.624791 3797.533832 3791.581439 3761.928980 3709.361274 3674.377717 3651.765637 3630.287947 3607.664017 3583.771018 3545.828418 3511.104265 3489.416828 3506.304173 3518.118824 3530.886411 3519.911267 3509.506068 3500.134676 3481.865821 3465.018666 3448.243711 3459.546863 3468.248046 3488.255135 3495.478530 3499.438139 3505.629306 3504.111703 3492.675137 3486.491829 3494.334048 3503.987989 3515.923057 3537.996868 3573.795814 3598.276699 3616.270995 3636.353254 3654.510584 3675.327848 3697.770356 3720.207859 3736.847952 3754.734932 3772.766210 3793.222293 3811.857076 3834.205631
3854.653459 3826.697661 3800.715137 3777.843129 3746.048970 3699.420159 3685.350297 3676.652772 3654.291274 3606.215907 3565.012235 3545.904734 3534.337010 3511.760224 3491.536548 3462.845572 3429.159662 3408.425990 3388.265856 3399.384938 3410.382470 3431.646918 3423.511703 3417.403035 3414.976999 3399.804865 3386.762602 3370.248800 3376.505133 3388.947735 3413.090566 3419.298956 3423.515880 3433.143627 3432.376662 3427.409855 3408.834450 3415.179113 3425.769016 3440.262029 3471.344818 3493.381542 3515.261739 3536.567033 3555.328221 3576.185589 3597.690817 3619.984381 3645.808234 3664.755835 3683.136597 3704.049914 3722.553428 3736.065999 3751.421933
3746.362298 3722.984109 3704.153662 3680.492840 3637.575789 3594.148634 3553.191237 3526.002577 3472.991669 3438.566094 3420.218625 3421.425227 3410.640871 3392.124657 3374.379368 3356.190684 3335.565684 3317.963280 3293.497935 3299.684255 3316.396251 3334.253723 3336.742698 3338.574734 3337.656891 3328.893107 3315.709886 3302.243299 3306.095047 3323.472866 3341.628403 3351.998284 3359.829761 3367.543411 3367.109298 3357.076085 3346.600808 3350.935001 3366.026405 3381.631561 3398.260584 3418.033210 3437.959335 3457.537025 3479.152355 3500.820495 3522.726759 3546.564033 3572.379315 3592.854526 3615.577705 3639.020626 3654.460683 3662.108334 3668.588342
3644.314259 3626.058553 3603.717837 3576.790045 3535.465918 3496.802237 3456.936566 3409.682689 3377.581973 3350.347856 3345.708375 3332.003761 3320.594380 3307.908516 3289.020232 3274.225984 3261.056098 3240.912468 3232.607278 3240.807808 3254.876442 3263.178071 3270.912840 3269.382587 3267.573122 3262.534712 3248.865703 3245.553462 3255.839376 3271.031609 3284.570946 3296.260859 3303.102576 3307.978357 3304.714290 3295.191922 3292.279778 3300.100471 3315.102101 3327.842023 3341.565182 3361.127979 3379.890645 3400.215394 3421.366210 3442.018398 3465.072113 3488.844091 3513.547619 3539.497491 3560.524585 3577.577693 3584.889457 3592.926567 3590.712386
3521.916077 3511.896159 3487.070628 3459.637298 3431.854497 3400.575066 3378.205340 3348.672164 3320.347988 3293.074208 3268.759273 3258.534898 3254.295203 3243.274505 3228.074740 3218.506280 3204.366756 3196.258015 3203.925451 3205.625362 3213.829025 3212.069027 3213.533594 3211.623010 3211.481507 3209.874827 3204.577606 3217.172584 3223.607210 3236.807624 3246.664373 3256.316197 3261.897600 3265.202652 3266.265699 3262.057930 3267.856476 3273.332693 3286.294950 3296.652329 3309.075261 3327.810426 3343.389608 3360.820704 3381.449265 3402.784693 3424.900778 3448.864930 3475.190548 3498.092468 3514.008094 3518.911148 3526.349959 3525.813237 3512.665352
