tests/Borden05m/sims/sim_1/output-maps/psiliqL0014N0016.asc
ncols         160
nrows         34
xllcorner     620200.000000
yllcorner     5168000.000000
cellsize      0.500000
NODATA_value  -9999.0
[rows 0 to 24 of 34, columns 56 to 111 of 160]
-9999.0 -9999.0 -9999.0 -9999.0 -9999.0 -9999.0 -9999.0 -9999.0 -9999.0 -9999.0 -9999.0 -9999.0 -9999.0 -9999.0 -9999.0 -9999.0 -9999.0 -9999.0 -9999.0 -9999.0 -9999.0 -9999.0 -9999.0 -9999.0 -9999.0 -9999.0 -9999.0 -9999.0 -9999.0 -9999.0 -9999.0 -9999.0 -9999.0 -9999.0 -9999.0 -9999.0 -9999.0 -9999.0 -9999.0 -9999.0 -9999.0 -9999.0 -9999.0 -9999.0 -9999.0 -9999.0 -9999.0 -9999.0 -9999.0 -9999.0 -9999.0 -9999.0 -9999.0 -9999.0 -9999.0 -9999.0
-9999.0 -9999.0 -9999.0 1026.915211 1021.538714 1016.515708 1011.866353 1003.227328 994.275910 986.215601 982.534062 981.911568 981.423670 981.307947 986.799243 995.062483 1002.940065 1010.299445 1012.916871 1015.539936 1017.924879 1018.555359 1017.483076 1014.389935 1011.215499 1007.924746 1006.486608 998.544179 987.259697 978.551188 975.838788 980.249791 984.693448 987.147044 992.878555 1003.492744 1014.165193 1022.564011 1034.325744 1040.014065 1044.884885 1047.516817 1043.084840 1039.199180 1035.022082 1029.530156 1018.293190 -9999.0 -9999.0 -9999.0 -9999.0 -9999.0 -9999.0 -9999.0 -9999.0 -9999.0
990.473346 1010.758338 1014.167152 1002.919871 998.124643 995.049630 993.265840 988.702675 980.339667 975.394286 970.308678 968.715736 969.093311 969.456609 973.822134 984.284295 992.481178 997.450869 1000.179635 1002.996630 1002.792827 1002.420257 1002.264482 999.522553 996.217522 992.937772 991.230821 991.813716 984.292813 978.825401 975.404932 973.652409 976.165073 978.530695 981.941725 991.312030 999.336366 1007.347042 1021.545452 1033.803362 1038.804948 1035.962219 1030.613786 1026.391706 1019.214617 1008.716052 998.108807 988.343667 981.082738 975.161839 968.968557 974.550720 980.807272 990.227008 999.482130 1011.156202
975.509634 995.914123 998.982484 988.504916 980.510124 975.613449 976.120082 979.057972 975.895137 971.606656 966.781861 975.757853 977.374829 978.813169 982.386374 985.643725 989.143808 992.084850 997.653336 1006.848397 1009.769531 1010.479686 1010.776589 1009.074364 1006.066215 1004.351714 1001.691496 996.582898 995.510848 995.803719 995.500078 1000.391562 1001.855420 1003.613362 996.952249 1000.464474 1006.540510 1013.240291 1019.518467 1025.931164 1029.506878 1025.861656 1024.626885 1015.696094 1001.325607 989.752228 980.852710 978.657593 974.972191 966.571916 953.239096 959.871809 974.902667 978.990506 981.796624 993.014194
971.228380 983.254887 986.557806 981.888755 983.595025 985.513935 987.314405 986.078037 983.434195 981.689539 994.444601 1004.176636 1006.348296 1009.603051 1013.586776 1013.366619 1001.809648 999.658070 1008.073272 1018.567356 1024.522830 1024.951916 1025.039005 1023.012396 1022.104071 1021.823418 1019.752112 1020.500659 1022.945342 1022.807398 1027.340313 1032.969511 1035.854655 1028.204156 1019.049521 1019.855654 1027.497993 1035.540044 1042.686170 1053.046990 1063.982808 1062.585764 1056.463629 1046.811192 1032.593929 1008.509395 988.435562 976.880673 968.980303 961.074168 960.586989 956.721580 967.482853 968.501554 969.779019 977.366700
977.604125 999.158789 1007.356068 1001.884647 997.336343 995.091612 996.240325 996.764925 1000.053745 1012.698793 1026.774095 1041.472194 1044.645630 1047.580371 1047.478829 1038.873880 1028.933103 1025.493952 1040.337650 1056.768913 1065.256179 1066.076618 1065.336629 1072.095056 1070.925184 1069.426572 1064.753448 1066.828450 1068.184086 1077.888282 1085.583262 1092.726184 1090.907142 1078.803156 1067.172258 1065.534495 1068.251853 1071.545357 1077.608457 1087.552152 1096.845719 1091.262015 1083.565172 1072.920598 1043.675075 1016.017838 998.507193 997.816412 997.137454 991.408613 987.447242 983.495399 975.885688 974.632462 973.035697 971.766444
1027.580130 1048.159293 1064.311293 1059.105206 1051.603587 1042.060324 1043.105259 1046.470549 1054.946567 1068.347297 1086.074571 1110.464213 1113.683175 1117.210752 1120.125680 1109.244713 1097.233799 1086.453583 1104.706895 1115.230999 1124.090021 1125.865562 1135.631209 1145.557161 1141.192112 1133.412696 1123.204663 1129.612720 1141.252481 1156.465250 1163.406772 1167.361359 1165.902042 1154.562758 1148.546059 1146.922132 1148.993066 1146.460882 1150.903574 1160.715346 1175.279243 1174.089490 1164.616731 1141.308064 1103.377017 1068.323709 1047.354011 1052.157591 1044.320258 1036.522450 1031.963545 1017.182046 1005.524026 1004.697110 994.302981 987.355673
1075.890182 1094.818382 1113.649372 1109.306222 1099.352806 1086.493997 1086.415526 1094.296207 1104.995783 1124.541135 1147.753182 1172.002510 1180.372815 1183.542971 1193.559687 1187.537697 1178.473981 1170.577908 1182.453210 1194.623142 1206.523351 1216.289361 1229.149514 1240.673620 1230.813718 1218.680159 1213.362308 1218.788467 1238.865450 1256.441483 1261.610284 1262.802053 1265.348076 1255.936658 1249.198036 1242.363839 1237.129066 1231.158422 1226.886105 1244.982212 1261.154347 1258.911439 1235.009798 1210.125229 1172.733771 1133.989977 1101.275160 1100.361333 1096.480960 1094.554903 1078.777576 1062.440379 1045.460242 1035.275777 1025.316935 1010.497420
1166.228682 1187.511768 1209.356029 1210.372246 1194.083637 1186.399510 1191.546607 1204.686384 1212.418538 1228.502891 1252.770602 1284.587056 1305.839490 1324.841354 1329.570837 1321.736410 1313.214269 1300.527161 1299.175084 1316.665233 1328.729010 1339.343777 1349.967755 1362.330106 1367.529900 1364.778510 1364.298406 1367.617988 1375.071770 1384.329285 1391.029469 1396.241806 1401.500923 1397.194297 1386.714951 1380.283245 1371.432386 1364.683981 1361.881317 1364.519685 1375.534869 1372.804319 1345.593282 1317.944025 1285.036650 1247.200342 1215.188739 1197.546834 1203.160305 1191.534121 1172.281818 1152.193355 1116.847968 1100.064640 1083.592531 1053.882251
1268.973930 1297.079917 1312.127154 1325.591857 1320.824560 1322.765439 1327.256899 1335.044971 1340.422956 1348.698783 1381.472188 1416.493766 1445.727240 1470.088573 1478.971402 1469.068408 1459.747925 1448.093376 1439.009172 1443.667871 1458.133372 1474.702916 1490.128260 1501.188706 1504.671124 1503.483155 1503.797423 1505.884129 1508.909757 1511.997376 1518.192373 1525.340017 1535.075263 1545.607132 1539.307068 1522.407058 1510.006315 1496.280033 1491.129684 1489.348485 1487.463469 1486.838632 1477.985281 1445.501657 1416.317005 1383.759900 1354.965451 1333.778126 1319.980216 1299.584337 1275.945121 1228.878975 1188.098898 1152.775731 1125.500242 1097.099792
1384.750325 1415.666581 1439.511778 1454.956341 1457.992670 1460.933228 1464.057547 1470.334532 1475.884879 1483.202447 1506.337541 1544.013201 1581.260316 1611.201442 1615.232878 1605.995573 1595.920165 1585.917629 1575.245690 1571.986191 1580.067332 1591.303571 1607.374771 1618.447456 1627.608547 1626.677829 1627.068809 1627.606294 1629.669830 1631.514902 1633.574626 1640.663976 1652.496568 1663.679945 1664.339049 1650.434478 1633.131604 1615.552345 1608.250396 1602.011832 1595.773601 1595.489311 1595.626419 1587.021604 1561.033199 1524.542381 1481.906539 1455.675001 1434.207892 1420.256649 1403.155853 1375.573443 1322.833629 1291.189630 1255.670983 1221.862018
1499.304220 1529.036939 1559.731821 1578.565099 1586.448347 1587.360178 1589.811004 1597.797600 1604.355284 1614.554102 1631.416894 1655.926470 1685.335744 1712.335028 1729.592679 1725.854169 1713.223261 1695.896875 1690.446845 1689.081816 1691.109364 1697.673822 1705.739583 1721.065790 1736.762976 1742.007027 1742.689664 1740.242430 1742.336490 1743.515422 1743.612843 1744.781088 1749.691873 1756.736902 1759.085489 1753.789593 1737.193217 1716.575107 1702.098351 1693.191276 1688.304464 1686.080366 1687.142367 1686.415039 1673.827159 1644.100649 1605.420406 1571.960571 1549.851083 1533.156857 1518.443560 1506.225272 1485.014570 1466.105158 1434.568953 1390.705027
1602.137037 1628.195024 1655.243288 1679.631116 1696.417460 1700.797281 1706.921852 1712.396828 1722.429622 1738.163914 1757.614692 1772.141845 1789.565017 1811.274475 1824.211146 1829.970282 1830.223269 1828.756126 1830.371860 1830.360994 1801.264370 1804.192549 1807.048186 1814.644936 1822.921888 1825.572591 1825.750817 1824.521324 1825.651984 1826.066333 1826.243414 1825.938460 1826.086686 1828.339781 1829.047021 1827.635288 1820.248070 1824.024745 1806.565757 1794.264792 1786.463199 1778.513951 1769.798912 1760.000797 1749.952028 1733.020031 1705.547393 1672.009575 1644.867408 1632.791370 1625.140005 1617.252987 1610.710447 1594.496652 1572.349887 1541.015480
1706.454551 1722.816911 1743.364532 1771.334701 1790.881240 1801.780630 1810.787361 1815.975759 1828.490608 1842.054187 1836.341536 1840.505079 1844.756480 1848.933931 1850.431321 1850.843278 1850.547797 1848.084881 1847.327475 1845.146178 1840.115618 1830.113418 1831.094715 1832.174570 1834.298518 1837.517981 1836.010995 1836.821502 1839.691260 1838.240990 1832.860428 1829.352726 1827.823815 1828.290195 1835.276517 1838.245780 1838.831130 1837.424768 1836.511895 1835.870381 1834.203390 1832.209260 1829.404587 1825.707071 1829.593452 1819.144266 1795.429964 1761.908246 1726.503907 1712.665031 1708.175667 1707.577126 1703.824654 1696.798709 1677.738628 1650.257373
1819.670359 1833.042343 1829.105507 1840.093009 1845.943028 1848.909476 1851.883221 1854.467037 1855.788997 1852.569778 1849.061266 1844.201726 1842.676181 1841.117733 1838.475161 1838.804487 1836.494072 1832.112424 1827.955970 1820.714725 1809.228162 1797.220726 1793.941821 1797.891508 1802.419467 1806.364380 1809.315743 1812.458031 1813.406183 1808.760631 1801.142152 1794.289472 1792.512134 1798.959749 1804.470424 1809.745071 1810.447337 1809.171974 1807.329853 1807.795538 1805.739734 1806.739076 1813.696948 1827.297210 1833.065666 1835.881884 1835.308952 1827.168338 1812.514170 1806.129885 1786.320444 1789.331324 1784.060129 1771.992122 1750.608450 1726.529290
1846.655468 1846.220312 1844.666569 1838.866976 1833.186355 1832.473636 1836.220707 1842.784274 1843.730029 1836.417992 1827.703699 1820.200285 1812.806433 1810.020051 1808.200126 1806.997891 1806.488096 1800.547133 1791.899461 1775.723770 1763.293330 1751.260726 1744.485698 1741.770726 1746.006860 1755.315665 1764.585311 1768.970141 1762.115127 1754.811426 1744.425586 1736.681706 1737.091116 1739.339755 1748.330308 1762.358220 1767.256180 1768.232068 1763.549512 1759.575410 1754.488384 1753.350769 1761.037598 1776.687837 1792.554568 1806.712462 1815.260359 1822.782387 1829.268166 1832.413262 1833.548218 1833.998710 1832.614212 1831.219429 1815.527212 1794.297190
1832.313406 1825.615111 1820.316944 1813.438258 1807.443143 1805.302702 1807.149835 1809.356548 1805.356907 1798.009480 1787.117688 1775.400197 1764.832214 1757.623480 1757.469897 1758.721797 1758.831625 1751.604545 1736.462848 1718.437180 1704.238619 1689.636391 1684.909051 1679.361527 1674.364342 1684.289551 1700.978081 1706.969617 1693.434714 1683.745037 1669.878481 1662.918035 1659.997508 1661.610091 1671.006077 1690.968394 1710.710997 1712.451561 1703.446003 1694.787152 1691.096122 1689.662167 1697.076318 1715.932806 1736.671808 1752.317677 1762.775176 1769.220477 1777.938484 1787.884326 1800.583362 1814.040723 1825.248930 1833.381229 1837.686379 1835.552720
1804.394383 1796.193158 1788.001398 1780.352025 1773.484656 1768.502263 1765.591095 1761.996496 1755.204161 1747.315729 1731.463992 1718.397694 1705.469635 1690.876899 1686.518666 1682.542180 1683.281365 1671.400315 1660.666650 1641.742987 1625.662811 1609.437654 1598.100880 1591.737138 1585.342437 1588.389555 1603.077665 1611.728282 1598.990204 1588.994266 1576.767854 1571.107258 1568.064797 1570.214867 1580.621559 1602.496417 1621.320986 1628.901407 1621.878515 1618.190499 1617.280939 1617.368566 1624.358469 1639.466897 1660.016182 1681.963962 1699.257563 1709.726261 1718.382868 1729.280149 1744.451692 1759.076147 1773.630330 1791.159662 1811.632258 1826.503982
1767.051219 1756.570240 1746.312410 1735.138235 1723.821681 1716.798104 1717.232797 1709.834276 1702.667916 1685.638557 1637.846304 1618.702173 1599.905314 1583.761585 1577.099578 1568.813711 1559.079385 1549.298023 1542.255244 1535.879504 1520.035307 1502.119382 1485.292435 1479.616971 1475.059623 1464.649120 1467.785588 1470.367121 1475.991639 1469.011887 1464.071183 1462.704168 1460.460178 1463.614293 1477.299620 1488.843323 1498.734438 1505.546513 1505.761198 1513.946622 1521.390214 1527.349618 1544.414869 1558.638498 1577.013318 1599.332714 1624.195420 1638.882735 1649.627466 1661.661078 1678.279109 1695.869869 1714.273540 1737.438089 1762.773189 1779.358585
1720.458084 1706.035748 1691.308104 1677.900832 1664.458753 1650.164780 1650.124162 1645.830124 1636.213828 1592.503630 1549.840382 1516.632671 1497.883840 1474.958608 1462.553319 1449.949347 1421.369071 1406.103227 1400.346915 1406.172581 1396.969416 1379.812729 1365.652136 1356.909096 1349.456187 1335.590620 1325.093692 1329.837261 1342.882217 1339.405662 1338.710714 1343.554451 1342.241834 1338.631069 1343.177758 1357.468183 1365.608080 1376.177675 1389.252132 1394.645849 1405.917399 1434.273575 1449.102206 1465.536395 1486.652089 1509.581041 1533.506064 1555.413602 1570.164391 1586.192132 1606.209247 1624.301262 1646.213444 1670.674972 1700.340344 1721.236818
1651.371474 1631.234148 1613.953847 1595.675538 1573.347563 1552.128036 1548.751552 1540.890582 1519.403629 1471.822360 1431.736033 1402.383530 1379.648421 1355.123079 1335.010644 1305.845051 1273.565255 1252.787829 1259.326635 1266.720020 1268.785669 1254.901293 1242.147958 1231.755691 1217.044941 1201.285126 1188.867134 1197.686498 1206.203583 1216.249651 1220.412515 1224.289319 1227.532289 1226.589704 1221.492074 1225.444188 1234.572999 1245.405813 1256.876137 1272.547715 1303.799814 1329.467330 1348.129233 1370.116620 1391.579749 1415.699777 1441.022768 1464.336311 1482.206877 1502.243228 1522.918542 1545.340691 1567.431010 1593.435777 1623.810866 1649.687814
1573.111031 1546.143560 1522.982552 1495.124139 1454.731636 1439.156564 1429.537024 1414.501970 1375.963072 1333.279180 1300.359486 1277.852933 1252.943443 1229.131166 1201.454118 1169.472483 1143.543137 1123.142620 1130.098797 1137.264343 1149.599059 1137.983181 1127.289166 1121.333964 1106.230326 1092.270944 1077.445708 1084.718706 1094.955104 1113.126482 1117.643024 1121.308326 1128.776087 1127.966106 1125.458334 1115.602708 1124.377107 1135.375569 1149.848227 1178.678466 1204.032231 1228.973265 1251.648751 1273.331976 1297.254125 1322.622966 1348.379786 1375.743120 1396.957777 1417.765275 1441.008784 1462.898473 1482.445336 1504.500152 1532.066347 1556.341468
1465.985251 1443.532043 1418.862910 1381.139896 1337.218923 1301.711693 1283.413076 1242.794891 1208.465214 1175.581345 1160.367905 1142.393210 1119.347154 1097.565382 1076.003706 1050.223437 1027.823613 1003.352133 1007.055168 1019.724431 1033.861446 1029.055567 1025.982327 1022.858473 1011.768461 998.021134 984.390723 987.981380 1003.428597 1020.455506 1028.379977 1035.283771 1042.994049 1043.242027 1036.242946 1027.941620 1033.878962 1048.658989 1065.446184 1086.707626 1109.855328 1132.854905 1154.791392 1179.024856 1204.175469 1229.795522 1257.345583 1286.124214 1308.534329 1334.162440 1360.571496 1381.512927 1395.166203 1410.203250 1435.384217 1455.388759
1360.617772 1335.937902 1308.768430 1267.654258 1225.538844 1182.800122 1142.006706 1108.325956 1076.977725 1060.564351 1041.586748 1023.816126 1005.648579 984.204148 964.769352 946.137917 923.859877 907.096687 912.440271 925.296021 935.734355 938.963910 935.923105 932.810279 925.470769 911.654014 902.563116 911.240886 926.546432 941.228113 951.696805 958.541606 964.589268 962.023847 953.913293 948.885917 957.335185 973.285387 988.522148 1006.159178 1028.351023 1050.535623 1073.442464 1097.511800 1121.676730 1148.342248 1175.908366 1204.062572 1232.189875 1257.690917 1281.272820 1294.333600 1307.643780 1316.092721 1333.467828 1353.444116
1237.331985 1211.273314 1182.647839 1149.557612 1111.196327 1080.843427 1048.055830 1016.512508 985.656881 959.548248 942.644810 932.840520 917.859867 898.570413 885.045622 868.005149 851.443136 852.052568 854.453653 864.910810 865.467261 865.971910 862.938186 861.787806 857.694439 847.739733 855.445650 862.757321 877.181801 887.868322 897.394916 903.641380 907.784647 908.022629 902.176059 906.300966 913.574069 928.384893 940.631239 956.079234 977.473253 995.732055 1016.167225 1039.470550 1063.684653 1089.192322 1116.416241 1145.824442 1172.529942 1194.068882 1205.437238 1218.228898 1225.695209 1221.645244 1237.503552 1254.380035
