tests/Borden05m/sims/sim_1/output-maps/psiliqL0014N0016.asc
ncols         160
nrows         34
xllcorner     620200.000000
yllcorner     5168000.000000
cellsize      0.500000
NODATA_value  -9999.0
[rows 0 to 24 of 34, columns 0 to 55 of 160]
-9999.0 -9999.0 -9999.0 -9999.0 -9999.0 -9999.0 -9999.0 -9999.0 -9999.0 -9999.0 -9999.0 -9999.0 -9999.0 -9999.0 -9999.0 -9999.0 -9999.0 -9999.0 -9999.0 -9999.0 -9999.0 -9999.0 -9999.0 -9999.0 -9999.0 -9999.0 -9999.0 -9999.0 -9999.0 -9999.0 -9999.0 -9999.0 -9999.0 -9999.0 -9999.0 -9999.0 -9999.0 -9999.0 -9999.0 -9999.0 -9999.0 -9999.0 -9999.0 -9999.0 -9999.0 -9999.0 -9999.0 -9999.0 -9999.0 -9999.0 -9999.0 -9999.0 -9999.0 -9999.0 -9999.0 -9999.0
-9999.0 -9999.0 -9999.0 -9999.0 -9999.0 -9999.0 -9999.0 -9999.0 -9999.0 -9999.0 -9999.0 -9999.0 -9999.0 -9999.0 -9999.0 -9999.0 -9999.0 -9999.0 -9999.0 -9999.0 -9999.0 -9999.0 -9999.0 -9999.0 -9999.0 -9999.0 -9999.0 -9999.0 -9999.0 -9999.0 -9999.0 -9999.0 -9999.0 -9999.0 -9999.0 -9999.0 -9999.0 -9999.0 -9999.0 -9999.0 -9999.0 -9999.0 -9999.0 -9999.0 -9999.0 -9999.0 -9999.0 -9999.0 -9999.0 -9999.0 -9999.0 -9999.0 -9999.0 -9999.0 -9999.0 -9999.0
-9999.0 -9999.0 -9999.0 -9999.0 -9999.0 -9999.0 -9999.0 -9999.0 -9999.0 -9999.0 -9999.0 -9999.0 -9999.0 -9999.0 -9999.0 -9999.0 -9999.0 -9999.0 -9999.0 -9999.0 -9999.0 -9999.0 -9999.0 -9999.0 -9999.0 -9999.0 -9999.0 -9999.0 -9999.0 -9999.0 -9999.0 -9999.0 -9999.0 -9999.0 -9999.0 -9999.0 -9999.0 -9999.0 -9999.0 -9999.0 -9999.0 -9999.0 -9999.0 -9999.0 -9999.0 -9999.0 -9999.0 896.603050 879.404782 864.039848 861.720378 884.285949 907.828100 931.814473 952.593024 971.382590
-9999.0 -9999.0 -9999.0 -9999.0 -9999.0 -9999.0 -9999.0 -9999.0 -9999.0 -9999.0 -9999.0 -9999.0 -9999.0 -9999.0 -9999.0 -9999.0 -9999.0 -9999.0 -9999.0 -9999.0 -9999.0 -9999.0 -9999.0 -9999.0 -9999.0 -9999.0 -9999.0 -9999.0 -9999.0 -9999.0 -9999.0 -9999.0 -9999.0 -9999.0 -9999.0 -9999.0 -9999.0 -9999.0 -9999.0 -9999.0 943.990221 949.976604 951.196309 940.922930 929.882084 917.736416 897.844164 880.226009 865.659312 863.377734 866.241489 871.350845 893.983747 918.920531 938.846955 956.026665
-9999.0 -9999.0 -9999.0 -9999.0 -9999.0 -9999.0 -9999.0 -9999.0 -9999.0 -9999.0 -9999.0 -9999.0 -9999.0 -9999.0 -9999.0 -9999.0 -9999.0 -9999.0 -9999.0 -9999.0 -9999.0 -9999.0 -9999.0 -9999.0 -9999.0 -9999.0 -9999.0 -9999.0 -9999.0 -9999.0 -9999.0 -9999.0 -9999.0 -9999.0 851.194267 868.698236 886.926771 905.513117 922.424925 929.350328 935.249299 941.078374 937.098686 932.668947 921.520413 902.485146 883.208888 869.674153 867.859984 865.653064 870.158275 883.178370 900.213426 916.591751 937.784274 961.681843
-9999.0 -9999.0 -9999.0 -9999.0 -9999.0 -9999.0 -9999.0 -9999.0 -9999.0 -9999.0 -9999.0 -9999.0 -9999.0 -9999.0 -9999.0 -9999.0 -9999.0 -9999.0 -9999.0 -9999.0 -9999.0 -9999.0 -9999.0 -9999.0 -9999.0 -9999.0 -9999.0 -9999.0 854.683540 848.929911 844.127812 842.890532 841.840823 840.977221 847.977051 860.156067 878.322148 900.242968 913.445950 920.880528 927.734705 928.658101 923.805407 922.076022 922.677697 911.066148 899.626435 888.944908 878.653746 877.299549 887.114005 901.541752 918.073618 933.255622 949.034195 959.824280
-9999.0 -9999.0 -9999.0 -9999.0 -9999.0 -9999.0 -9999.0 -9999.0 -9999.0 -9999.0 -9999.0 -9999.0 -9999.0 -9999.0 -9999.0 -9999.0 -9999.0 -9999.0 -9999.0 -9999.0 -9999.0 -9999.0 -9999.0 824.100276 829.982656 836.723724 844.441142 845.611996 841.811409 836.469418 833.736691 832.540206 831.095855 835.860266 844.135278 857.929341 873.981578 896.140878 904.990314 911.252300 923.697058 926.752752 932.848253 937.189685 935.753566 933.110576 920.765786 911.644285 916.823100 922.887875 929.992833 938.315539 952.064308 967.724916 985.365840 1005.868797
-9999.0 -9999.0 -9999.0 -9999.0 -9999.0 -9999.0 -9999.0 -9999.0 -9999.0 -9999.0 -9999.0 -9999.0 -9999.0 -9999.0 -9999.0 -9999.0 -9999.0 -9999.0 -9999.0 798.488925 799.550526 800.952266 805.878627 806.902084 809.262916 816.500576 824.924714 827.597057 826.154539 825.058809 826.913090 829.961930 834.673820 846.276358 860.407466 874.918628 889.095338 910.324081 925.421726 939.309822 955.615446 955.301297 951.613530 950.104895 950.903846 951.397584 955.674692 958.623279 965.206856 970.151550 976.784416 986.494022 998.411291 1017.037621 1037.273344 1057.458577
-9999.0 -9999.0 -9999.0 -9999.0 -9999.0 -9999.0 -9999.0 -9999.0 -9999.0 -9999.0 -9999.0 -9999.0 -9999.0 -9999.0 -9999.0 -9999.0 769.385276 771.363645 773.765125 779.370641 782.486645 786.731404 793.947041 795.478986 799.548309 807.005943 812.224597 821.383717 829.798346 837.490416 843.854163 846.945544 854.798673 864.841312 877.129924 892.786932 914.681169 938.208939 954.905553 972.172539 989.684246 990.711020 990.009357 991.504920 992.331023 998.997651 1016.807538 1022.972188 1024.560802 1041.364800 1055.767002 1061.300492 1069.434964 1088.966574 1113.105443 1136.783870
-9999.0 -9999.0 -9999.0 -9999.0 -9999.0 -9999.0 -9999.0 -9999.0 -9999.0 -9999.0 -9999.0 -9999.0 -9999.0 722.798052 727.054692 736.769165 746.188430 748.913485 753.431245 759.746212 772.233669 776.175911 782.740763 790.667676 802.901789 811.906729 821.482093 833.743432 842.601614 850.298971 857.810981 863.935832 877.675163 893.394286 909.637111 930.357931 952.872052 973.958975 994.994375 1011.364872 1025.626681 1028.115674 1027.562434 1030.322407 1038.403061 1055.996500 1075.318037 1084.987284 1103.809893 1127.412208 1141.439038 1153.653385 1162.816964 1176.660738 1198.262208 1232.880166
-9999.0 -9999.0 -9999.0 -9999.0 -9999.0 -9999.0 -9999.0 -9999.0 -9999.0 -9999.0 689.450209 691.876823 688.603394 688.563781 693.804731 706.087214 719.984205 726.817122 738.655903 759.862667 777.951385 781.854198 796.811238 807.443167 814.662814 825.688837 839.354394 852.725380 870.147661 883.280222 895.583863 915.823390 932.986087 950.226126 968.705761 989.665963 1010.250901 1039.507487 1067.282912 1080.960553 1103.994629 1115.731017 1113.489966 1114.144247 1123.580956 1140.265658 1162.292260 1186.558011 1209.061525 1235.128745 1253.275493 1268.211238 1279.459150 1292.278285 1308.427717 1343.756522
-9999.0 -9999.0 -9999.0 -9999.0 -9999.0 -9999.0 -9999.0 -9999.0 664.804862 672.186792 678.446232 675.603846 671.266902 667.575391 681.438152 697.485422 713.781845 731.641296 747.983879 766.544391 782.308311 799.076139 819.401560 831.699542 843.994811 859.957233 874.326695 892.245985 914.326628 928.050526 945.829800 968.146927 987.716830 1006.654731 1026.299451 1045.428305 1072.897862 1107.340042 1140.158614 1163.798349 1192.402514 1216.112167 1216.084225 1219.168531 1224.128774 1250.301659 1280.184380 1311.279505 1337.173752 1364.973740 1394.738612 1412.996638 1423.960263 1436.796221 1452.202912 1471.013407
-9999.0 -9999.0 -9999.0 -9999.0 -9999.0 -9999.0 637.722199 662.031345 677.139888 669.384579 659.766833 656.304140 652.477421 675.732443 697.844523 715.324364 732.543602 750.544858 767.545365 781.223982 815.652506 834.018534 849.176763 868.141543 883.500257 898.900835 917.213299 941.498670 964.384929 995.299266 1022.510021 1047.776148 1075.093763 1095.860061 1115.678382 1134.983530 1167.133945 1205.174473 1242.444504 1271.932415 1299.633901 1330.556811 1338.212479 1344.282192 1351.743239 1372.748808 1404.357419 1434.801237 1468.676559 1500.861849 1527.598658 1539.639633 1550.154618 1561.568439 1575.081509 1587.480905
-9999.0 -9999.0 -9999.0 -9999.0 604.221656 625.212104 645.399554 676.217218 698.925963 694.076850 700.995308 701.376876 699.815458 703.775787 710.962430 729.360940 748.277406 767.539030 786.017267 821.826725 866.476494 883.018281 908.516591 941.505422 956.283627 972.594104 989.841253 1013.938314 1041.930917 1076.564760 1121.489203 1159.831030 1186.590849 1210.350436 1232.266798 1254.920564 1289.231455 1327.106255 1364.148274 1398.504932 1428.506175 1454.284019 1467.129827 1475.182097 1487.093226 1503.408825 1524.644886 1551.796362 1582.800842 1614.690272 1639.678818 1653.362532 1661.275218 1671.850828 1682.280281 1694.328488
-9999.0 -9999.0 -9999.0 555.021498 593.751491 631.583840 658.791697 689.875783 722.139268 727.186444 736.340331 741.678420 746.954196 755.830155 764.841203 782.221445 798.632300 814.788906 837.431570 874.966244 911.053261 942.333986 975.587698 1003.864301 1025.967891 1043.041723 1062.563782 1087.618287 1128.265143 1166.705323 1217.570634 1271.154469 1308.326143 1333.012281 1355.286329 1382.497355 1407.401942 1443.348337 1478.063450 1510.961369 1542.420378 1567.018345 1585.790850 1593.548159 1603.076140 1611.748826 1627.988320 1649.315184 1671.008825 1699.578488 1727.650861 1751.925814 1765.707832 1775.551044 1791.336352 1807.189811
-9999.0 -9999.0 507.902595 545.678511 579.991407 630.494481 683.561717 718.061792 759.163167 783.401279 790.528455 808.051121 824.482908 832.135417 848.096074 865.583467 883.219525 890.243404 907.469856 939.396245 990.605976 1037.676353 1061.193475 1113.728802 1148.130819 1176.415913 1194.781115 1222.070718 1257.751693 1299.714297 1348.181209 1397.763971 1436.074265 1467.040687 1483.378130 1502.472464 1524.810044 1548.359971 1581.740547 1610.309024 1641.258857 1667.037714 1688.674242 1695.732477 1700.791778 1716.347213 1740.201757 1765.456996 1789.375877 1812.473606 1816.806798 1828.023645 1833.449241 1836.817600 1841.504189 1844.851562
-9999.0 -9999.0 481.374715 526.252664 566.933181 633.942776 713.431255 750.931254 794.194916 840.241604 859.345402 884.088047 897.126354 907.917407 931.588952 954.389446 966.339260 973.403769 974.071556 1030.505456 1090.064468 1143.046992 1193.176929 1260.312944 1306.106101 1323.263797 1336.255939 1357.229004 1382.087325 1424.992284 1472.090257 1523.892953 1566.809446 1597.174197 1612.966938 1630.666792 1650.366228 1667.681394 1686.290025 1724.681837 1751.349515 1776.638378 1803.040269 1823.048739 1831.273233 1834.634779 1824.792630 1833.967114 1840.348619 1843.430129 1844.752835 1841.806279 1841.479905 1842.457735 1843.664793 1838.829167
-9999.0 392.719047 444.896587 498.305717 567.558488 635.309637 719.125088 799.517572 856.158392 903.379541 932.983801 946.518924 985.076707 1028.169655 1054.197975 1081.197694 1084.257387 1089.554410 1081.153558 1130.126640 1181.633828 1258.081332 1368.019592 1424.980098 1469.402673 1472.898319 1469.265684 1482.427277 1506.371607 1549.044961 1614.418148 1660.454066 1711.978481 1750.840522 1765.405165 1771.893365 1788.923660 1808.243174 1797.323137 1818.764097 1828.974580 1837.610826 1840.322981 1842.446116 1843.859662 1844.354053 1841.421099 1835.256530 1827.608044 1822.069221 1817.992274 1813.396452 1815.701495 1818.850266 1819.502549 1812.515667
-9999.0 357.409120 417.035158 488.788008 560.170741 629.449633 734.304105 876.143800 929.670481 967.436017 991.747294 1017.054382 1095.282056 1160.735349 1194.731955 1238.351811 1233.795726 1224.451714 1213.723573 1248.115442 1299.314191 1374.017206 1514.007398 1598.008781 1625.950436 1638.561808 1646.984040 1673.680350 1709.701841 1744.914337 1776.866311 1778.375551 1803.678521 1816.700442 1821.078418 1823.274224 1827.317044 1828.247514 1827.108028 1824.449617 1820.811563 1821.887304 1826.554164 1826.884872 1824.444956 1821.474191 1815.806075 1807.958678 1801.947883 1796.720845 1793.359919 1789.811056 1787.761569 1787.402650 1782.745843 1776.743281
-9999.0 328.380336 399.439716 463.420064 529.775223 645.905675 771.919351 907.138192 1000.245073 1038.922811 1065.508161 1136.245146 1235.050313 1328.135083 1378.041288 1402.859794 1405.764896 1387.638839 1393.863990 1439.967611 1505.803269 1596.534010 1685.895938 1761.593996 1776.561110 1782.252366 1765.034651 1779.123513 1792.153484 1796.002763 1799.027319 1803.847488 1810.689377 1814.962193 1815.081682 1813.417283 1809.779177 1802.836097 1798.718143 1796.157779 1793.306994 1793.305273 1796.153208 1797.323265 1794.622578 1790.382443 1785.256957 1778.811776 1771.826530 1764.347883 1759.573961 1754.845104 1752.055136 1746.695216 1741.818714 1735.276274
-9999.0 230.391711 318.268227 374.354343 491.882678 665.404965 792.316792 943.449199 1088.832331 1129.913779 1206.714295 1323.557642 1425.195465 1495.712177 1534.702972 1575.208432 1603.890331 1628.357045 1664.384903 1629.719188 1686.929964 1743.843619 1770.111006 1784.244745 1788.354941 1792.065578 1786.497762 1769.515673 1761.170767 1756.402309 1759.844455 1768.655393 1775.518380 1782.089058 1780.870251 1781.907834 1782.228523 1779.041186 1775.634485 1767.832303 1760.562238 1755.027661 1753.254447 1758.229528 1752.972855 1749.222027 1742.586710 1733.867274 1724.465265 1716.054538 1707.665829 1700.308227 1696.898874 1690.780306 1688.615126 1679.750001
-9999.0 149.522432 226.751651 318.234480 458.514439 623.210220 755.800185 924.423834 1131.006172 1246.374364 1367.228585 1436.483876 1507.033377 1565.936333 1625.945524 1669.901172 1693.975985 1705.019664 1698.271958 1711.647877 1684.801751 1682.457944 1703.228424 1732.062353 1747.479146 1753.522434 1747.006779 1738.107476 1732.504953 1732.798584 1732.749849 1732.368344 1731.625062 1730.206842 1727.550165 1729.601164 1734.055042 1728.009046 1719.597595 1711.592698 1704.315965 1696.075538 1690.489888 1686.822086 1685.235586 1684.412544 1676.385008 1665.477051 1654.347223 1645.555751 1637.290208 1631.103860 1627.949448 1622.420528 1613.968686 1601.197393
-9999.0 52.495901 173.077228 268.587358 392.725001 530.772801 659.570651 825.150235 976.199471 1194.384807 1351.988223 1452.225977 1491.305006 1546.731773 1604.018232 1668.159891 1672.985466 1646.134579 1617.330952 1606.371149 1615.340501 1628.385851 1644.328801 1665.897383 1684.872958 1695.771323 1698.965622 1692.565361 1680.026032 1671.561069 1665.595857 1656.516082 1650.051216 1649.258788 1650.142677 1657.131809 1659.143535 1650.000137 1637.122470 1621.202364 1607.266345 1596.675959 1593.601885 1594.609519 1594.204714 1590.201380 1582.996719 1572.154157 1559.323488 1547.253544 1539.454152 1533.594469 1526.294803 1515.977670 1504.549304 1491.671666
-9999.0 -9999.0 98.568249 210.105799 319.868038 444.270348 562.368688 708.542504 860.577475 1042.943929 1160.220863 1286.459855 1356.044691 1400.048038 1448.273865 1501.007131 1519.285814 1538.897695 1524.459274 1531.248684 1540.449056 1548.937407 1560.634905 1573.742566 1588.100455 1598.939445 1607.307092 1605.930052 1597.588455 1581.227920 1561.686089 1546.770504 1538.347482 1531.655236 1540.789558 1551.811161 1548.676363 1541.900254 1529.960702 1514.341951 1501.359193 1487.640760 1483.661565 1483.625647 1483.306582 1480.033314 1475.224566 1462.236148 1449.167546 1437.097678 1431.264149 1424.793610 1419.031743 1407.940536 1396.096081 1383.099216
-9999.0 -9999.0 14.554156 123.981137 239.934504 364.441595 466.723414 546.871891 701.038066 818.565932 922.569112 1019.367311 1099.620607 1160.903686 1203.388100 1262.577453 1302.257593 1318.404385 1338.777085 1369.245662 1396.322522 1425.151764 1444.595031 1458.373323 1473.113583 1486.964412 1496.150811 1485.220434 1474.996946 1459.182614 1438.757680 1416.363620 1404.755122 1401.251523 1403.395430 1408.283348 1402.476084 1392.896668 1378.634688 1363.062367 1350.038038 1338.601424 1334.259432 1330.567205 1328.866555 1325.647182 1322.206528 1313.566067 1302.253717 1294.458716 1285.991460 1279.813656 1276.512686 1269.644416 1260.351833 1253.951464
