tests/Borden05m/sims/sim_1/output-maps/psiliqL0027N0011.asc
ncols         160
nrows         34
xllcorner     620200.000000
yllcorner     5168000.000000
cellsize      0.500000
NODATA_value  -9999.0
[rows 0 to 24 of 34, columns 0 to 54 of 160]
-9999.0 -9999.0 -9999.0 -9999.0 -9999.0 -9999.0 -9999.0 -9999.0 -9999.0 -9999.0 -9999.0 -9999.0 -9999.0 -9999.0 -9999.0 -9999.0 -9999.0 -9999.0 -9999.0 -9999.0 -9999.0 -9999.0 -9999.0 -9999.0 -9999.0 -9999.0 -9999.0 -9999.0 -9999.0 -9999.0 -9999.0 -9999.0 -9999.0 -9999.0 -9999.0 -9999.0 -9999.0 -9999.0 -9999.0 -9999.0 -9999.0 -9999.0 -9999.0 -9999.0 -9999.0 -9999.0 -9999.0 -9999.0 -9999.0 -9999.0 -9999.0 -9999.0 -9999.0 -9999.0 -9999.0
-9999.0 -9999.0 -9999.0 -9999.0 -9999.0 -9999.0 -9999.0 -9999.0 -9999.0 -9999.0 -9999.0 -9999.0 -9999.0 -9999.0 -9999.0 -9999.0 -9999.0 -9999.0 -9999.0 -9999.0 -9999.0 -9999.0 -9999.0 -9999.0 -9999.0 -9999.0 -9999.0 -9999.0 -9999.0 -9999.0 -9999.0 -9999.0 -9999.0 -9999.0 -9999.0 -9999.0 -9999.0 -9999.0 -9999.0 -9999.0 -9999.0 -9999.0 -9999.0 -9999.0 -9999.0 -9999.0 -9999.0 -9999.0 -9999.0 -9999.0 -9999.0 -9999.0 -9999.0 -9999.0 -9999.0
-9999.0 -9999.0 -9999.0 -9999.0 -9999.0 -9999.0 -9999.0 -9999.0 -9999.0 -9999.0 -9999.0 -9999.0 -9999.0 -9999.0 -9999.0 -9999.0 -9999.0 -9999.0 -9999.0 -9999.0 -9999.0 -9999.0 -9999.0 -9999.0 -9999.0 -9999.0 -9999.0 -9999.0 -9999.0 -9999.0 -9999.0 -9999.0 -9999.0 -9999.0 -9999.0 -9999.0 -9999.0 -9999.0 -9999.0 -9999.0 -9999.0 -9999.0 -9999.0 -9999.0 -9999.0 -9999.0 -9999.0 3472.891366 3455.695781 3442.433927 3437.342797 3458.042940 3480.881971 3504.498262 3524.820952
-9999.0 -9999.0 -9999.0 -9999.0 -9999.0 -9999.0 -9999.0 -9999.0 -9999.0 -9999.0 -9999.0 -9999.0 -9999.0 -9999.0 -9999.0 -9999.0 -9999.0 -9999.0 -9999.0 -9999.0 -9999.0 -9999.0 -9999.0 -9999.0 -9999.0 -9999.0 -9999.0 -9999.0 -9999.0 -9999.0 -9999.0 -9999.0 -9999.0 -9999.0 -9999.0 -9999.0 -9999.0 -9999.0 -9999.0 -9999.0 3524.140394 3529.971048 3529.444247 3519.509016 3508.008420 3493.989848 3473.186632 3456.023253 3443.046197 3441.052936 3443.273633 3445.442928 3465.636894 3490.892522 3510.606670
-9999.0 -9999.0 -9999.0 -9999.0 -9999.0 -9999.0 -9999.0 -9999.0 -9999.0 -9999.0 -9999.0 -9999.0 -9999.0 -9999.0 -9999.0 -9999.0 -9999.0 -9999.0 -9999.0 -9999.0 -9999.0 -9999.0 -9999.0 -9999.0 -9999.0 -9999.0 -9999.0 -9999.0 -9999.0 -9999.0 -9999.0 -9999.0 -9999.0 -9999.0 3432.235997 3448.969113 3466.687575 3485.074781 3501.897985 3508.849114 3514.581603 3519.735900 3514.842430 3510.232362 3498.256121 3476.767428 3457.286168 3444.461403 3443.445219 3440.805697 3443.995869 3455.065067 3471.348742 3485.892162 3506.055373
-9999.0 -9999.0 -9999.0 -9999.0 -9999.0 -9999.0 -9999.0 -9999.0 -9999.0 -9999.0 -9999.0 -9999.0 -9999.0 -9999.0 -9999.0 -9999.0 -9999.0 -9999.0 -9999.0 -9999.0 -9999.0 -9999.0 -9999.0 -9999.0 -9999.0 -9999.0 -9999.0 -9999.0 3438.766157 3432.685223 3427.703984 3425.889129 3424.180407 3423.025209 3429.475750 3440.248526 3456.907879 3478.786331 3491.870636 3498.912768 3505.611674 3505.657494 3499.367474 3497.374537 3497.556788 3484.458536 3471.765234 3459.860922 3448.182457 3444.499141 3452.928301 3466.798376 3482.615936 3496.748218 3511.567601
-9999.0 -9999.0 -9999.0 -9999.0 -9999.0 -9999.0 -9999.0 -9999.0 -9999.0 -9999.0 -9999.0 -9999.0 -9999.0 -9999.0 -9999.0 -9999.0 -9999.0 -9999.0 -9999.0 -9999.0 -9999.0 -9999.0 -9999.0 3409.364416 3414.034312 3420.351755 3427.818282 3428.561737 3425.161228 3419.584364 3416.681852 3414.970055 3412.303007 3416.514772 3423.033243 3435.517612 3450.296750 3472.233533 3480.026750 3483.675565 3494.505787 3497.904743 3505.537913 3508.960214 3506.576092 3501.875562 3486.211754 3473.881877 3475.196829 3478.461757 3484.780694 3492.616510 3505.567196 3518.545582 3533.034087
-9999.0 -9999.0 -9999.0 -9999.0 -9999.0 -9999.0 -9999.0 -9999.0 -9999.0 -9999.0 -9999.0 -9999.0 -9999.0 -9999.0 -9999.0 -9999.0 -9999.0 -9999.0 -9999.0 3385.191756 3386.152329 3387.536937 3392.236118 3392.395375 3393.888844 3400.343091 3408.013537 3410.646172 3408.032696 3406.734134 3407.608092 3409.699796 3413.726395 3423.504498 3436.208463 3449.420350 3461.385456 3481.282183 3494.876045 3506.273254 3520.684854 3520.587519 3516.378224 3514.071574 3513.247569 3510.737126 3507.838561 3505.799871 3511.248743 3510.792368 3513.269169 3521.650584 3532.950168 3548.501911 3565.006559
-9999.0 -9999.0 -9999.0 -9999.0 -9999.0 -9999.0 -9999.0 -9999.0 -9999.0 -9999.0 -9999.0 -9999.0 -9999.0 -9999.0 -9999.0 -9999.0 3356.314849 3357.940544 3360.157579 3365.514380 3369.103073 3372.784944 3379.468668 3380.654576 3383.592044 3390.146098 3393.976333 3402.715348 3410.477425 3416.789134 3421.792148 3423.276986 3428.687766 3436.770007 3447.004856 3459.561446 3478.298868 3500.751113 3515.258780 3530.832122 3547.014444 3546.584836 3543.849833 3543.074449 3540.487273 3540.454978 3553.560363 3555.577268 3548.834163 3556.968191 3567.603807 3569.330537 3575.320940 3594.250852 3615.448078
-9999.0 -9999.0 -9999.0 -9999.0 -9999.0 -9999.0 -9999.0 -9999.0 -9999.0 -9999.0 -9999.0 -9999.0 -9999.0 3306.838517 3310.600048 3320.658579 3332.164123 3335.006379 3339.735980 3346.182169 3357.895857 3361.057593 3366.461972 3372.969587 3384.972109 3392.788938 3400.616461 3411.324846 3418.200243 3423.955203 3429.052694 3430.431092 3440.430924 3452.958640 3465.816639 3483.447268 3503.999988 3520.930335 3537.612736 3552.808858 3563.118922 3559.022346 3557.196012 3558.274177 3561.671553 3573.226265 3588.501009 3587.245751 3595.207517 3614.501329 3623.535954 3629.622325 3634.703670 3647.814015 3668.631526
-9999.0 -9999.0 -9999.0 -9999.0 -9999.0 -9999.0 -9999.0 -9999.0 -9999.0 -9999.0 3281.033612 3282.199267 3278.111633 3274.787035 3280.293600 3292.284120 3306.527817 3311.501653 3323.064342 3343.942590 3362.126148 3364.412353 3376.867676 3386.160743 3391.805322 3400.285102 3411.696596 3422.175483 3435.842242 3445.782036 3452.672775 3467.048957 3481.033091 3495.410063 3510.863091 3529.622346 3543.936629 3565.814277 3589.137502 3596.221793 3611.552977 3612.755063 3607.606619 3604.685662 3612.948491 3622.681525 3635.921375 3649.983176 3667.199315 3687.885278 3696.832072 3708.816608 3717.026959 3726.581360 3741.269101
-9999.0 -9999.0 -9999.0 -9999.0 -9999.0 -9999.0 -9999.0 -9999.0 3256.744079 3264.675711 3269.590451 3265.822988 3260.810216 3254.191870 3268.379192 3283.126576 3298.240069 3315.916474 3330.634181 3348.045831 3360.844936 3374.339714 3393.266363 3402.582717 3411.601571 3425.001584 3436.304812 3449.241038 3467.886020 3473.717745 3482.742429 3500.296018 3514.098524 3529.189627 3545.641613 3560.412788 3578.837404 3607.387250 3634.777267 3649.414188 3674.138983 3689.944313 3683.239975 3680.550096 3680.939978 3702.876770 3727.908925 3755.891743 3773.574806 3795.954082 3823.355038 3841.819839 3850.692573 3861.439995 3874.941438
-9999.0 -9999.0 -9999.0 -9999.0 -9999.0 -9999.0 3228.531963 3252.620222 3267.382521 3258.182313 3243.056990 3237.120046 3230.069303 3260.813313 3282.438691 3298.909504 3314.624095 3331.106158 3346.188308 3353.101082 3381.134371 3399.315152 3409.573821 3421.059190 3433.972414 3446.819759 3461.368699 3480.944467 3496.639281 3516.587326 3530.654302 3545.216485 3567.234869 3583.028636 3598.511346 3610.680492 3636.866576 3670.270112 3703.693030 3727.011366 3750.522741 3781.260214 3780.240537 3781.514907 3782.571181 3805.872288 3839.146170 3868.330162 3899.552633 3929.586654 3957.545064 3967.780291 3976.525208 3986.208638 3998.538455
-9999.0 -9999.0 -9999.0 -9999.0 3196.876443 3217.367220 3235.401029 3264.836051 3286.113308 3280.440442 3283.874030 3280.899114 3275.408898 3279.593285 3286.833866 3302.889754 3320.865542 3339.188908 3351.977896 3377.289462 3422.864533 3432.260172 3447.543582 3475.351094 3484.757740 3497.223290 3511.302338 3530.250693 3547.061609 3572.705483 3605.271581 3632.858017 3652.940253 3671.012125 3689.051224 3704.910268 3739.061880 3775.131214 3809.960320 3840.729757 3867.006412 3892.529589 3898.741497 3903.354700 3913.065492 3929.845773 3952.235445 3979.490909 4012.830935 4044.667742 4067.718373 4076.590270 4081.672345 4091.087012 4098.501241
-9999.0 -9999.0 -9999.0 3142.712102 3181.446024 3220.772659 3245.690925 3275.134646 3306.678729 3305.416380 3313.147546 3311.719472 3309.307963 3313.442060 3315.189858 3330.359597 3347.242284 3365.896894 3385.879284 3417.923560 3445.486544 3461.422948 3487.654535 3502.041212 3513.499332 3525.007971 3542.280213 3561.016305 3596.052637 3624.557697 3669.398731 3718.964040 3750.244784 3768.978731 3790.813085 3817.771578 3842.453583 3880.738853 3914.328122 3946.033285 3975.936960 3997.819953 4011.852266 4016.336657 4025.809378 4031.452968 4043.868778 4064.660668 4086.810000 4117.295363 4146.370020 4175.088806 4190.247876 4201.241935 4218.268179
-9999.0 -9999.0 3094.316023 3133.786314 3164.579908 3210.398139 3262.762310 3297.131897 3335.541425 3353.184043 3355.173084 3364.354384 3373.486133 3373.078136 3380.386076 3391.663783 3412.733617 3420.653455 3440.032614 3454.022780 3489.574944 3521.923525 3516.027804 3552.843029 3581.851615 3613.673065 3634.258863 3660.118736 3697.180238 3730.244728 3773.914312 3823.227701 3857.039075 3884.537216 3900.157504 3920.124241 3940.200691 3966.286391 4002.723084 4028.197453 4061.575917 4086.814870 4106.261185 4106.948388 4109.596205 4125.628238 4153.801063 4184.502875 4213.294659 4242.170371 4226.575874 4250.040139 4260.528543 4266.380283 4275.581290
-9999.0 -9999.0 3063.695662 3110.164761 3143.889614 3200.568658 3286.808288 3320.022928 3358.890451 3403.338572 3415.811238 3435.978361 3427.888594 3414.789189 3431.152676 3444.052894 3463.971080 3470.718584 3463.850921 3514.925801 3566.314113 3588.963348 3593.258155 3669.503820 3721.299542 3745.300946 3761.730110 3781.633570 3800.975996 3838.877033 3877.568478 3931.652824 3972.617832 4002.238939 4016.616720 4036.496216 4055.870548 4070.817596 4090.247145 4136.873722 4172.313334 4203.032502 4234.864066 4256.144592 4264.279566 4269.320601 4243.548334 4263.166289 4276.470360 4282.208323 4284.498656 4280.700625 4280.139741 4280.970002 4281.894474
-9999.0 2971.105187 3022.353944 3072.314398 3135.869556 3195.979339 3269.440689 3343.132347 3408.933889 3460.344131 3484.426623 3475.640035 3472.822791 3496.209278 3514.374933 3529.542782 3534.463642 3544.259017 3524.505769 3577.327754 3612.938426 3660.621916 3758.903032 3816.796334 3880.138973 3875.876421 3864.003242 3868.654368 3884.297920 3930.547482 4009.459926 4065.635726 4131.455864 4180.429452 4197.509476 4204.995453 4223.684495 4244.450547 4191.840153 4235.548763 4255.701916 4272.518146 4282.052131 4284.369939 4285.664451 4285.423392 4281.716441 4274.664435 4266.462932 4260.598041 4256.351702 4251.848698 4254.287424 4257.618852 4257.771292
-9999.0 2932.355605 2988.248400 3055.973093 3122.591642 3167.328799 3247.314560 3414.069955 3476.144746 3513.155119 3516.773840 3489.019397 3544.824804 3603.495372 3626.766065 3671.381606 3655.044761 3639.518476 3601.144081 3625.668164 3663.467694 3733.791021 3905.371082 3993.876769 4046.659485 4054.555961 4055.173455 4083.488381 4127.842351 4175.579156 4221.786053 4189.417443 4239.717668 4264.515009 4269.696845 4270.422190 4275.985994 4274.490899 4273.094203 4268.621121 4263.441065 4263.610524 4268.263368 4268.112269 4265.134118 4261.724733 4256.005124 4248.584084 4243.400078 4238.767394 4236.113956 4233.284122 4231.294912 4230.499505 4225.591952
-9999.0 2890.961844 2965.764525 3021.936630 3065.684305 3153.911565 3283.300776 3427.055220 3522.719168 3555.610910 3529.336448 3561.558661 3663.822911 3770.093398 3822.083460 3842.705716 3822.238999 3772.333169 3750.946809 3794.272716 3864.861741 3985.862862 4126.955390 4227.427587 4242.918729 4246.374537 4197.367958 4223.736760 4248.177296 4251.077582 4252.225179 4260.450391 4265.548910 4268.529114 4266.947478 4264.050798 4259.219275 4250.997096 4246.200467 4242.486476 4238.691693 4237.479722 4239.437895 4241.319094 4238.474167 4234.565375 4230.083396 4224.506623 4218.175301 4211.389015 4207.031427 4202.742083 4200.591114 4194.972749 4191.482849
-9999.0 2771.783833 2862.057989 2900.299386 2969.814287 3157.561121 3285.975127 3424.407173 3590.095347 3608.468920 3651.073584 3791.205749 3911.047032 3991.708640 4019.845709 4052.769569 4077.135705 4092.745116 4129.692679 4005.961131 4087.889212 4187.882050 4233.860857 4253.798934 4264.252241 4264.633429 4254.659311 4233.750524 4222.987598 4216.228286 4217.839371 4225.134708 4229.764343 4234.513403 4232.196888 4233.300301 4234.479908 4231.275780 4227.229131 4218.454691 4210.574651 4203.796493 4200.419092 4205.075021 4200.428655 4198.110551 4191.876128 4183.372848 4174.367080 4166.979085 4158.956398 4152.366458 4150.140467 4145.130820 4143.922798
-9999.0 2690.878497 2762.932206 2811.488390 2917.936015 3079.112490 3169.799715 3325.671325 3568.464874 3705.658556 3872.032695 3964.229180 4034.544853 4075.501758 4125.259845 4177.785783 4205.071398 4217.104938 4185.218692 4208.354156 4165.042868 4153.895615 4171.592731 4201.058188 4218.542295 4222.674672 4214.869426 4205.798920 4198.524480 4197.400913 4195.166037 4190.906989 4186.602076 4182.903393 4179.763663 4182.814280 4188.190939 4180.986666 4170.565436 4160.994851 4152.372033 4143.060780 4137.059353 4132.294235 4132.767703 4133.054120 4125.374036 4114.826796 4103.901055 4095.558660 4088.352449 4083.890806 4081.163103 4076.141736 4066.308573
-9999.0 2568.112828 2702.303791 2776.363039 2858.358497 2983.136440 3083.150703 3231.970112 3358.859443 3604.886302 3744.465507 3943.295149 3993.874406 4064.762560 4111.668962 4185.610345 4180.716142 4149.388192 4105.671636 4089.602648 4101.334429 4110.482734 4118.598006 4132.917215 4150.711284 4160.942998 4166.182771 4160.267003 4146.018439 4133.349847 4121.945107 4107.997614 4098.432195 4095.852859 4100.118959 4110.326684 4110.725131 4101.386655 4087.153947 4068.730767 4052.978381 4041.059250 4039.100579 4041.963274 4043.118893 4038.987587 4033.213255 4022.382870 4009.723511 3997.198889 3991.584500 3987.274454 3979.767252 3968.385178 3956.382472
-9999.0 -9999.0 2615.118369 2722.933041 2805.155839 2912.595945 2994.937669 3108.127315 3245.402653 3414.736960 3530.643016 3714.572608 3811.567764 3855.792100 3888.951708 3945.126614 3971.171520 4003.572284 3998.874161 4011.340107 4021.653890 4027.127118 4032.284004 4037.792133 4048.225383 4058.116073 4068.579505 4065.758574 4056.964421 4036.210474 4010.134733 3989.827115 3979.204531 3969.780088 3982.093213 3994.726887 3989.026852 3982.079611 3969.358787 3953.072308 3940.502086 3926.191528 3922.742097 3922.624012 3923.249525 3920.969474 3918.567904 3906.122072 3893.864446 3884.076003 3880.129042 3874.517091 3871.036247 3861.262895 3850.691773
-9999.0 -9999.0 2526.082883 2629.238758 2729.260168 2834.975266 2915.026176 2920.159139 3050.135284 3150.495307 3257.498193 3369.369429 3467.131858 3536.175226 3568.264950 3630.746847 3688.221346 3706.983981 3748.835254 3804.690058 3839.730898 3880.101635 3903.597758 3912.958609 3925.468420 3940.071473 3947.497307 3932.035824 3920.735266 3903.596957 3879.992206 3853.039736 3839.398090 3839.143012 3837.960574 3839.245651 3831.483678 3822.560463 3808.069847 3794.237274 3782.080395 3773.325614 3769.771975 3764.042144 3761.678875 3758.962621 3757.360700 3752.342114 3744.284144 3739.911800 3731.720537 3728.149734 3727.505409 3724.698227 3719.197753
