tests/Borden05m/sims/sim_1/output-maps/psiliqL0013N0009.asc
ncols         160
nrows         34
xllcorner     620200.000000
yllcorner     5168000.000000
cellsize      0.500000
NODATA_value  -9999.0
[rows 0 to 24 of 34, columns 56 to 111 of 160]
-9999.0 -9999.0 -9999.0 -9999.0 -9999.0 -9999.0 -9999.0 -9999.0 -9999.0 -9999.0 -9999.0 -9999.0 -9999.0 -9999.0 -9999.0 -9999.0 -9999.0 -9999.0 -9999.0 -9999.0 -9999.0 -9999.0 -9999.0 -9999.0 -9999.0 -9999.0 -9999.0 -9999.0 -9999.0 -9999.0 -9999.0 -9999.0 -9999.0 -9999.0 -9999.0 -9999.0 -9999.0 -9999.0 -9999.0 -9999.0 -9999.0 -9999.0 -9999.0 -9999.0 -9999.0 -9999.0 -9999.0 -9999.0 -9999.0 -9999.0 -9999.0 -9999.0 -9999.0 -9999.0 -9999.0 -9999.0
-9999.0 -9999.0 -9999.0 827.847734 822.450617 817.385043 812.698257 804.018903 795.065202 786.957074 783.291679 782.697215 782.231167 782.161832 787.721488 796.030452 803.970208 811.423016 814.125253 816.855220 819.383079 820.156617 819.206137 816.242072 813.194488 810.014777 808.686897 800.765977 789.523031 780.827279 778.158970 782.641322 787.151210 789.665921 795.507689 806.203664 816.937426 825.365372 837.092020 842.689734 847.533664 850.179330 845.721036 841.797001 837.616929 832.192296 820.953219 -9999.0 -9999.0 -9999.0 -9999.0 -9999.0 -9999.0 -9999.0 -9999.0 -9999.0
791.461287 811.678266 815.093689 803.869067 799.078797 795.988014 794.170453 789.553116 781.170594 776.210977 771.136486 769.620013 770.027298 770.439094 774.881186 785.345804 793.613871 798.669297 801.475588 804.380411 804.399361 804.182723 804.162224 801.563218 798.396846 795.236760 793.635760 794.219306 786.760461 781.383284 778.047891 776.446891 778.999247 781.402686 784.784757 794.241448 802.338210 810.401972 824.554141 836.755456 841.708990 838.845557 833.437035 829.185527 822.033645 811.563147 800.915417 791.038613 783.696330 777.740830 771.581838 777.117080 783.265036 792.716815 802.033517 813.690113
776.560149 796.952907 800.048364 789.536183 781.502336 776.751150 777.237890 780.106332 776.923990 772.658094 768.070262 776.962945 778.646475 780.167339 783.794924 787.189413 790.581283 793.610493 799.271434 808.590206 811.653308 812.537619 813.015101 811.494588 808.654478 807.089669 804.545191 799.529585 798.575588 798.967744 798.790276 803.800339 805.320939 807.054428 800.374754 803.893950 810.032751 816.772721 823.156832 829.613038 833.278788 829.593233 828.188065 819.186101 804.732109 792.994967 783.962079 781.560567 777.812306 769.373173 756.080364 762.591310 777.554940 781.604061 784.443141 795.683257
772.410390 784.559868 787.928419 783.289123 784.953993 786.883335 788.728171 787.533161 784.953213 783.427962 796.399586 806.296973 808.594642 811.975169 815.997107 815.697193 804.082097 801.942801 810.527372 821.225358 827.431667 828.093279 828.438463 826.761537 826.064038 825.935071 823.961447 824.901708 827.479355 827.576716 832.285383 837.980307 840.895956 833.123363 824.002176 824.795142 832.475316 840.514798 847.682920 858.084008 869.021069 867.437121 861.107336 851.266742 836.802920 812.493393 792.136517 780.482936 772.554115 764.570208 763.784002 759.993667 770.511414 771.473447 772.647702 780.255192
779.642523 801.355584 809.789354 804.407113 799.833283 797.538007 798.753517 799.420751 802.970622 815.995329 830.360662 845.503411 848.956020 852.137353 852.207967 843.497658 833.526712 829.990677 845.035498 861.634862 870.465059 871.732352 871.629986 879.003520 877.982869 876.516751 871.875506 874.160909 875.894316 886.004424 893.746357 900.878012 899.093199 887.103753 875.646502 874.017530 876.653270 879.771192 885.796673 895.752293 905.015290 899.238771 891.125444 879.941288 850.100195 821.763408 803.782546 802.855829 801.938487 796.012587 791.832632 787.595109 779.672168 778.273027 776.580167 775.189666
831.371209 852.107362 868.681216 863.712955 856.346437 846.817302 848.019265 851.713202 860.512262 874.329758 892.746048 917.763179 921.756864 925.918431 929.353660 918.579123 906.473439 895.461103 913.440924 924.227416 933.733820 936.451144 947.159583 957.659249 953.583042 945.933720 936.052765 942.650709 954.808646 970.089997 977.000231 980.906102 979.789664 968.765464 962.952065 961.248046 963.160046 960.509341 964.740479 974.686504 989.132199 987.686161 977.235653 953.004380 914.289192 878.127432 855.975774 859.863281 851.538205 843.379867 838.274134 823.061142 810.936351 809.729251 799.026303 791.772833
882.844459 902.358335 921.793292 918.230158 908.627315 896.322387 896.701978 905.089020 916.068182 936.128926 960.329209 985.757374 995.884608 1000.622891 1010.992979 1004.915927 995.585618 987.269269 998.331253 1011.171126 1024.067387 1035.121449 1048.838538 1061.105585 1052.252994 1040.841322 1036.160710 1041.595212 1061.319824 1078.566686 1083.811270 1085.231671 1088.121024 1079.307307 1072.578071 1065.702739 1060.304583 1054.361524 1050.125810 1067.735303 1083.339629 1080.470323 1055.514980 1029.242756 990.660340 950.612933 916.251384 913.434524 908.838879 905.902641 889.204820 872.156102 854.086551 842.979854 832.427353 816.876743
979.018079 1001.507160 1024.220635 1026.905505 1011.829147 1005.322784 1011.066280 1024.522958 1032.593669 1048.960470 1074.588091 1108.083640 1131.491679 1152.227449 1157.417165 1149.272458 1140.111511 1126.738489 1124.741992 1142.385532 1155.664268 1167.721366 1179.559411 1192.645348 1198.786111 1196.759697 1196.630934 1199.977616 1206.945262 1215.734335 1222.381970 1227.748323 1233.266199 1229.846230 1219.852580 1213.483008 1204.873961 1198.203001 1195.659936 1197.737923 1207.802898 1204.540460 1177.013941 1147.639178 1112.954005 1073.422656 1039.837109 1020.045239 1023.340039 1009.790122 989.371308 967.777940 931.029394 912.612360 894.827127 863.911164
1089.425119 1119.101238 1135.836588 1151.018921 1148.017422 1150.948736 1155.934801 1164.061617 1169.979024 1178.742558 1211.990169 1247.794982 1278.206838 1303.300451 1312.459939 1302.468877 1292.660154 1280.712654 1271.604488 1276.333487 1291.593495 1309.188642 1325.610505 1337.373742 1341.519448 1340.768705 1341.363414 1343.482395 1346.509708 1349.415525 1355.312237 1362.338555 1372.169562 1383.079920 1377.493575 1361.154328 1349.169970 1335.771847 1330.869420 1329.129948 1326.652895 1325.357838 1316.221457 1283.199200 1252.738555 1218.880389 1188.254105 1165.202321 1148.724886 1126.570764 1101.659939 1053.851135 1011.770238 974.914817 945.552299 915.408794
1214.238740 1246.301785 1271.685350 1288.282977 1292.553673 1296.046913 1299.603161 1306.259216 1312.194657 1319.965689 1342.851407 1380.337666 1417.589254 1447.440555 1451.628984 1442.457024 1432.145352 1421.845061 1411.577821 1408.826943 1417.271526 1429.005642 1445.522170 1457.331638 1467.328158 1467.047345 1467.751171 1468.330289 1470.384917 1472.133129 1473.957939 1480.765627 1492.345696 1503.426520 1504.589596 1491.679396 1475.134146 1458.221799 1451.238131 1445.061057 1438.639704 1437.678889 1436.948632 1428.111583 1401.773066 1364.983654 1321.677208 1293.968798 1270.983251 1255.714071 1237.668225 1210.364082 1157.821942 1125.392356 1088.209514 1052.193859
1335.174775 1365.472404 1396.696023 1416.384274 1425.161111 1426.530335 1429.222353 1437.145654 1443.878970 1454.320894 1471.093965 1494.854491 1523.621076 1550.104719 1567.149405 1563.449843 1551.069693 1534.091516 1529.154195 1528.257733 1530.706116 1537.685096 1546.034693 1561.652090 1577.622675 1583.301532 1584.309259 1582.085130 1584.187589 1585.283903 1585.307769 1586.301422 1590.960740 1597.953571 1600.556731 1595.979467 1580.410522 1560.798058 1546.768538 1538.020054 1532.913381 1529.997720 1530.143038 1528.529864 1515.749975 1486.391654 1448.171536 1414.260512 1391.234043 1373.818429 1358.662597 1346.040032 1325.243197 1305.552411 1273.245544 1228.765103
1442.225155 1468.242712 1495.328313 1520.111302 1537.263733 1541.929779 1548.015201 1553.189424 1563.130176 1578.651788 1597.571205 1611.554699 1628.336702 1649.312667 1661.609535 1667.144026 1667.417088 1666.169447 1667.983985 1668.267209 1642.710234 1645.942967 1649.157747 1656.574384 1664.857631 1667.786852 1668.321583 1667.452651 1668.605637 1668.974210 1669.128175 1668.817639 1668.842912 1671.033623 1671.938570 1671.033596 1664.626479 1667.679641 1650.975767 1639.020985 1631.130854 1622.818541 1613.573801 1603.327859 1593.038553 1576.401596 1549.347946 1515.977425 1488.400891 1475.989333 1468.146389 1460.169920 1453.313435 1436.799861 1414.314074 1383.094743
1549.092846 1565.270397 1585.661451 1613.154673 1632.368246 1643.054817 1651.670863 1656.499625 1668.524460 1681.532894 1676.575521 1680.262162 1684.011621 1687.614044 1688.750611 1688.911127 1688.491191 1686.022201 1685.446068 1683.661432 1679.025035 1669.680347 1671.284852 1673.030124 1675.852940 1679.660934 1678.585421 1679.649781 1682.631061 1681.202958 1675.821353 1672.326504 1670.860930 1671.465778 1678.697679 1681.966562 1682.896184 1682.048539 1681.440098 1680.922405 1679.231857 1677.043545 1674.027190 1670.240080 1672.863833 1662.489267 1639.198976 1606.362119 1571.628595 1557.391725 1552.382803 1551.717515 1547.752809 1540.620340 1521.530158 1494.259225
1662.106584 1675.317658 1673.037298 1682.999875 1688.290790 1690.858972 1693.415142 1695.622449 1696.449116 1692.960591 1689.278648 1684.409395 1682.911157 1681.311696 1678.536093 1678.652784 1676.141306 1671.685440 1667.684474 1660.933450 1650.059292 1638.640998 1636.125376 1640.892850 1646.201310 1650.781115 1654.135139 1657.536297 1658.703382 1654.112593 1646.466790 1639.586267 1637.831766 1644.429066 1650.204384 1655.664648 1656.623540 1655.583723 1653.933377 1654.432079 1652.247046 1652.880112 1659.260787 1672.191325 1677.825173 1680.123160 1679.421406 1671.948422 1658.678706 1650.705080 1630.890664 1633.600228 1628.308745 1616.320006 1595.190469 1571.467494
1689.979509 1689.688156 1688.147845 1682.426897 1676.724998 1675.855240 1679.322256 1685.533662 1686.144422 1678.547459 1669.703527 1662.238657 1654.990470 1652.266275 1650.286970 1648.786903 1647.927847 1641.767127 1633.269254 1617.608884 1605.769735 1594.387589 1588.366685 1586.697333 1591.970541 1601.902673 1611.468339 1616.116478 1609.621692 1602.406441 1592.032454 1584.192779 1584.609968 1587.153100 1596.376059 1610.399760 1615.242469 1616.349470 1611.860232 1608.025255 1602.832193 1601.443707 1608.664020 1623.723598 1639.017488 1652.681890 1660.835251 1668.010106 1674.172432 1677.562050 1678.407896 1678.642932 1677.250759 1675.472821 1660.093308 1639.321581
1677.786468 1671.216815 1666.025810 1659.163917 1653.048206 1650.709771 1652.310274 1654.226464 1649.854269 1642.067281 1630.903797 1619.165464 1608.663943 1601.584775 1601.237850 1602.075406 1601.632024 1594.080035 1578.921144 1561.253647 1547.662983 1533.802554 1529.906855 1525.358652 1521.533531 1532.190996 1549.119421 1555.287554 1542.125372 1532.559819 1518.743423 1511.669660 1508.868233 1510.703068 1520.341180 1540.228745 1559.665100 1561.413339 1552.583800 1544.069949 1540.332193 1538.801127 1546.082927 1564.679508 1585.008340 1600.260153 1610.308603 1616.397854 1624.774818 1634.439264 1646.735602 1659.828940 1670.665068 1678.873861 1682.630117 1680.630690
1652.228298 1644.067686 1635.902915 1628.197423 1621.137180 1615.829434 1612.503392 1608.529435 1601.177122 1592.711364 1576.949089 1563.691583 1550.719379 1536.039973 1531.310692 1526.833342 1526.880269 1514.446412 1503.295990 1484.417404 1468.891416 1453.432867 1443.186755 1437.679913 1432.137569 1436.255687 1451.484486 1460.409006 1447.505271 1437.523721 1425.138539 1419.355759 1416.385245 1418.614372 1429.130058 1451.272336 1470.151287 1477.657978 1470.693617 1466.861046 1465.968737 1466.298228 1473.372521 1488.804032 1509.472258 1531.217459 1548.100595 1558.285863 1566.753547 1577.493846 1592.440632 1606.784705 1620.924293 1637.958386 1657.785846 1672.188861
1616.895270 1606.320796 1595.917070 1584.495442 1572.777767 1565.223252 1564.900156 1556.766051 1548.805818 1531.624984 1483.903006 1464.479746 1445.305197 1428.692028 1421.303484 1412.015941 1401.789480 1391.101221 1383.483254 1376.463023 1360.947185 1343.712788 1327.764740 1322.799657 1318.827757 1309.559748 1313.733795 1316.690054 1321.442368 1314.412592 1309.132977 1307.472364 1305.299195 1308.729734 1322.588134 1334.497842 1344.777920 1351.614477 1351.535439 1359.800582 1367.671605 1373.866192 1391.557725 1406.585075 1425.587175 1448.328256 1473.265290 1487.930719 1498.759958 1510.866208 1527.466517 1544.925912 1562.966860 1585.694588 1610.431880 1626.509186
1571.581862 1556.954575 1541.826857 1527.842889 1513.648826 1498.627005 1497.478478 1492.059497 1481.600781 1437.979461 1394.160222 1360.031878 1340.237283 1316.427975 1302.906458 1289.074549 1259.746454 1243.454191 1236.603616 1241.524675 1232.049622 1215.160748 1201.324292 1193.184015 1186.384498 1173.230525 1163.718645 1168.474141 1181.091041 1177.209440 1176.117634 1180.686185 1179.361983 1176.158822 1181.504519 1196.082462 1204.523590 1215.157528 1228.103597 1234.117131 1245.878365 1275.053931 1291.444847 1309.211440 1331.567398 1355.617996 1380.543802 1403.098799 1418.445337 1434.937333 1455.337538 1473.595112 1495.461860 1519.755123 1549.025355 1569.442600
1502.484912 1481.956448 1463.952367 1444.793314 1421.696062 1398.959674 1394.008286 1384.588897 1362.496889 1313.989523 1271.873234 1240.210961 1215.807197 1189.699355 1168.324098 1137.962199 1103.880587 1081.692449 1086.610139 1093.400628 1094.589702 1080.599617 1067.878573 1057.671521 1043.512730 1028.046658 1016.139016 1024.865926 1033.437755 1042.681690 1046.592728 1050.483414 1053.549506 1052.775559 1048.343602 1053.283503 1062.673307 1073.832756 1085.670394 1101.558401 1133.716889 1161.220711 1181.815813 1205.700233 1229.037735 1255.087029 1282.371490 1307.309641 1326.560671 1347.858966 1369.652723 1392.849386 1415.512855 1441.886218 1472.435992 1498.222595
1422.505887 1394.611559 1370.159877 1341.062094 1299.371514 1281.611026 1269.805939 1253.417676 1213.896829 1169.290716 1133.069506 1107.315256 1080.208835 1054.481010 1025.406856 992.047543 964.248242 942.771837 948.815710 955.454722 967.035702 955.211607 944.282452 938.214046 923.285308 909.389306 894.813179 902.269903 912.398661 930.128675 934.533418 938.186827 945.538671 944.813715 942.611152 933.577957 942.676084 953.880794 968.645910 997.825188 1024.343715 1050.788322 1075.049600 1098.548709 1124.462227 1152.213292 1180.563989 1210.240598 1233.598263 1256.485295 1281.706750 1305.308014 1326.358115 1349.709143 1378.276064 1403.443051
1310.717940 1286.616432 1259.881627 1220.259812 1173.841683 1136.217560 1116.175719 1074.273517 1037.962834 1002.077809 983.711622 963.372035 938.455497 915.156480 892.316727 865.181692 841.569338 816.505772 819.681406 831.908178 845.758377 840.435390 837.086789 833.927626 822.780028 809.098222 795.547534 799.202930 814.569327 831.567152 839.335256 846.206069 853.967794 854.329376 847.637980 839.571241 845.709394 860.561691 877.605552 899.532302 923.419258 947.330371 970.283364 995.695617 1022.296107 1049.690007 1079.308121 1110.222189 1134.789771 1162.899338 1191.909984 1215.364108 1231.179894 1248.444104 1275.755627 1297.678988
1197.064209 1170.477650 1140.867272 1097.069921 1052.155305 1006.915551 964.674639 929.141395 896.010345 877.391106 856.837057 837.486576 817.983323 795.621277 775.215128 755.617592 732.731401 714.959862 719.914020 732.640864 743.304255 746.245910 743.185979 740.074894 732.642144 718.894044 709.397128 718.024756 733.426076 748.279054 758.707197 765.602424 771.791701 769.321084 761.358607 756.186967 764.732384 780.821710 796.350752 814.444830 837.061016 859.822290 883.326158 908.110754 933.163225 960.898336 989.732935 1019.277959 1048.879583 1076.330344 1102.260889 1117.595994 1133.103303 1144.338344 1164.541906 1187.175477
1063.614270 1035.996097 1005.456757 970.030455 929.374585 896.902564 862.611531 829.750418 797.717159 770.715399 752.597845 741.747836 725.943055 705.902692 691.708280 674.138955 656.643823 656.518129 658.915886 669.568886 670.366126 670.860520 667.812216 666.658045 662.429984 652.151219 659.518262 666.979036 681.586477 692.416429 701.994922 708.346377 712.598069 712.795253 706.833093 710.843825 718.302399 733.315134 745.777267 761.553560 783.273016 801.891050 822.747715 846.482092 871.200361 897.329891 925.250964 955.431666 983.092697 1005.919442 1018.824812 1033.173199 1042.526273 1040.652141 1058.765947 1078.023192
