tests/Borden05m/sims/sim_1/output-maps/psiliqL0005N0004.asc
ncols         160
nrows         34
xllcorner     620200.000000
yllcorner     5168000.000000
cellsize      0.500000
NODATA_value  -9999.0
[rows 0 to 24 of 34, columns 0 to 55 of 160]
-9999.0 -9999.0 -9999.0 -9999.0 -9999.0 -9999.0 -9999.0 -9999.0 -9999.0 -9999.0 -9999.0 -9999.0 -9999.0 -9999.0 -9999.0 -9999.0 -9999.0 -9999.0 -9999.0 -9999.0 -9999.0 -9999.0 -9999.0 -9999.0 -9999.0 -9999.0 -9999.0 -9999.0 -9999.0 -9999.0 -9999.0 -9999.0 -9999.0 -9999.0 -9999.0 -9999.0 -9999.0 -9999.0 -9999.0 -9999.0 -9999.0 -9999.0 -9999.0 -9999.0 -9999.0 -9999.0 -9999.0 -9999.0 -9999.0 -9999.0 -9999.0 -9999.0 -9999.0 -9999.0 -9999.0 -9999.0
-9999.0 -9999.0 -9999.0 -9999.0 -9999.0 -9999.0 -9999.0 -9999.0 -9999.0 -9999.0 -9999.0 -9999.0 -9999.0 -9999.0 -9999.0 -9999.0 -9999.0 -9999.0 -9999.0 -9999.0 -9999.0 -9999.0 -9999.0 -9999.0 -9999.0 -9999.0 -9999.0 -9999.0 -9999.0 -9999.0 -9999.0 -9999.0 -9999.0 -9999.0 -9999.0 -9999.0 -9999.0 -9999.0 -9999.0 -9999.0 -9999.0 -9999.0 -9999.0 -9999.0 -9999.0 -9999.0 -9999.0 -9999.0 -9999.0 -9999.0 -9999.0 -9999.0 -9999.0 -9999.0 -9999.0 -9999.0
-9999.0 -9999.0 -9999.0 -9999.0 -9999.0 -9999.0 -9999.0 -9999.0 -9999.0 -9999.0 -9999.0 -9999.0 -9999.0 -9999.0 -9999.0 -9999.0 -9999.0 -9999.0 -9999.0 -9999.0 -9999.0 -9999.0 -9999.0 -9999.0 -9999.0 -9999.0 -9999.0 -9999.0 -9999.0 -9999.0 -9999.0 -9999.0 -9999.0 -9999.0 -9999.0 -9999.0 -9999.0 -9999.0 -9999.0 -9999.0 -9999.0 -9999.0 -9999.0 -9999.0 -9999.0 -9999.0 -9999.0 -821.757860 -839.342074 -856.761104 -858.172815 -835.463875 -812.660979 -789.699036 -769.903513 -751.826291
-9999.0 -9999.0 -9999.0 -9999.0 -9999.0 -9999.0 -9999.0 -9999.0 -9999.0 -9999.0 -9999.0 -9999.0 -9999.0 -9999.0 -9999.0 -9999.0 -9999.0 -9999.0 -9999.0 -9999.0 -9999.0 -9999.0 -9999.0 -9999.0 -9999.0 -9999.0 -9999.0 -9999.0 -9999.0 -9999.0 -9999.0 -9999.0 -9999.0 -9999.0 -9999.0 -9999.0 -9999.0 -9999.0 -9999.0 -9999.0 -774.789230 -769.110782 -767.374969 -778.596937 -790.078642 -801.671365 -821.450518 -839.405454 -855.530354 -858.810080 -856.551843 -850.713418 -827.798514 -804.458161 -785.808089 -768.832021
-9999.0 -9999.0 -9999.0 -9999.0 -9999.0 -9999.0 -9999.0 -9999.0 -9999.0 -9999.0 -9999.0 -9999.0 -9999.0 -9999.0 -9999.0 -9999.0 -9999.0 -9999.0 -9999.0 -9999.0 -9999.0 -9999.0 -9999.0 -9999.0 -9999.0 -9999.0 -9999.0 -9999.0 -9999.0 -9999.0 -9999.0 -9999.0 -9999.0 -9999.0 -864.954330 -847.534595 -829.852280 -812.130654 -796.131026 -790.012675 -784.349799 -778.711434 -782.885735 -788.069031 -799.572188 -817.872296 -837.812272 -852.534732 -855.770710 -858.792997 -854.704893 -841.837924 -825.863158 -809.927710 -789.756858 -767.752070
-9999.0 -9999.0 -9999.0 -9999.0 -9999.0 -9999.0 -9999.0 -9999.0 -9999.0 -9999.0 -9999.0 -9999.0 -9999.0 -9999.0 -9999.0 -9999.0 -9999.0 -9999.0 -9999.0 -9999.0 -9999.0 -9999.0 -9999.0 -9999.0 -9999.0 -9999.0 -9999.0 -9999.0 -859.405853 -865.515237 -871.059739 -872.927155 -874.598996 -876.247135 -869.558451 -857.374097 -839.318259 -818.554949 -806.458861 -799.868006 -793.884624 -793.414786 -798.425366 -801.132156 -801.438275 -813.277882 -825.108475 -836.235244 -846.979962 -848.319282 -839.258063 -826.266311 -811.200721 -797.385810 -783.129345 -769.678222
-9999.0 -9999.0 -9999.0 -9999.0 -9999.0 -9999.0 -9999.0 -9999.0 -9999.0 -9999.0 -9999.0 -9999.0 -9999.0 -9999.0 -9999.0 -9999.0 -9999.0 -9999.0 -9999.0 -9999.0 -9999.0 -9999.0 -9999.0 -887.507331 -881.413125 -875.255477 -868.348774 -867.847923 -872.634865 -878.721894 -882.415474 -884.469754 -886.375659 -882.519262 -874.336710 -861.034482 -845.614122 -824.848350 -816.867929 -810.428073 -798.412105 -797.066836 -793.487345 -790.095004 -792.513616 -795.474383 -807.381036 -816.224263 -810.459951 -804.628743 -799.197566 -792.877171 -781.082765 -766.315021 -749.425028 -729.707371
-9999.0 -9999.0 -9999.0 -9999.0 -9999.0 -9999.0 -9999.0 -9999.0 -9999.0 -9999.0 -9999.0 -9999.0 -9999.0 -9999.0 -9999.0 -9999.0 -9999.0 -9999.0 -9999.0 -911.629421 -911.070946 -910.484266 -906.309828 -905.501374 -903.495576 -896.825341 -889.087870 -887.605001 -889.489426 -891.754965 -890.684046 -888.546096 -885.013283 -873.914138 -860.611423 -847.114549 -833.463198 -813.418930 -799.436694 -786.019856 -770.546761 -773.046475 -778.433023 -781.498493 -781.802590 -781.627833 -775.076234 -771.420539 -766.772882 -761.078766 -754.613818 -747.045070 -737.903316 -720.676882 -701.656950 -682.659244
-9999.0 -9999.0 -9999.0 -9999.0 -9999.0 -9999.0 -9999.0 -9999.0 -9999.0 -9999.0 -9999.0 -9999.0 -9999.0 -9999.0 -9999.0 -9999.0 -939.172267 -937.542574 -935.829630 -930.862629 -928.983765 -925.447084 -919.053106 -918.522504 -915.028587 -908.411471 -903.817279 -895.994512 -888.835939 -882.028538 -876.684317 -874.573994 -867.271894 -858.207731 -846.955103 -831.786386 -810.484483 -789.026870 -773.742672 -758.228365 -742.666478 -743.441685 -745.532059 -745.308402 -745.137051 -737.177463 -719.590005 -714.177095 -710.730881 -691.955437 -678.830813 -674.593381 -668.998063 -653.275399 -631.723154 -606.517655
-9999.0 -9999.0 -9999.0 -9999.0 -9999.0 -9999.0 -9999.0 -9999.0 -9999.0 -9999.0 -9999.0 -9999.0 -9999.0 -981.866964 -977.906571 -969.289381 -962.129044 -960.455676 -957.188449 -952.172626 -940.519063 -937.541214 -931.806892 -924.637552 -914.059501 -906.182347 -897.482706 -886.342501 -878.449988 -871.887901 -865.354778 -858.834484 -845.508754 -830.713473 -815.435683 -796.065584 -775.839247 -755.773637 -735.736779 -722.455541 -709.380292 -706.216929 -709.471643 -709.165257 -701.757793 -684.233570 -666.537949 -654.190477 -632.851574 -610.980540 -598.153044 -586.345302 -578.986338 -569.285355 -551.953227 -518.220757
-9999.0 -9999.0 -9999.0 -9999.0 -9999.0 -9999.0 -9999.0 -9999.0 -9999.0 -9999.0 -1017.902781 -1015.280019 -1018.931373 -1017.800243 -1013.762692 -1002.450924 -990.045473 -983.384452 -972.904146 -953.179325 -937.014849 -934.076732 -919.647761 -910.442382 -904.592378 -894.421136 -881.940498 -869.501598 -852.639447 -840.645066 -828.241481 -807.811396 -792.387723 -777.271474 -761.017407 -743.077171 -723.125907 -694.020471 -668.427575 -655.495256 -632.325915 -618.336096 -623.089694 -624.437175 -618.727758 -602.244536 -579.422104 -553.431116 -532.171676 -506.613080 -485.772328 -472.098980 -462.057535 -449.606210 -433.438815 -397.466088
-9999.0 -9999.0 -9999.0 -9999.0 -9999.0 -9999.0 -9999.0 -9999.0 -1041.353759 -1034.990088 -1028.770345 -1032.034670 -1037.121892 -1040.217275 -1027.995773 -1012.662640 -997.303796 -981.210047 -965.897577 -948.908037 -933.757863 -917.610778 -899.328648 -888.155246 -876.908918 -862.591131 -849.704871 -832.244632 -811.921916 -797.348786 -778.456806 -757.885351 -739.591591 -723.351502 -707.039324 -690.760956 -663.400185 -631.340125 -601.221576 -577.750694 -552.236292 -528.417291 -529.061731 -526.938581 -523.664696 -498.761255 -468.546147 -435.521621 -398.124408 -352.606136 -295.700620 -253.968821 -217.748816 -155.281108 -73.973296 -40.272196
-9999.0 -9999.0 -9999.0 -9999.0 -9999.0 -9999.0 -1066.039009 -1042.281799 -1027.960583 -1035.882436 -1043.187295 -1046.480660 -1049.814143 -1033.224578 -1012.711706 -996.652423 -980.722498 -964.242392 -948.799565 -933.844631 -898.739878 -884.019772 -869.641886 -849.914464 -837.186083 -824.460245 -808.227990 -785.713137 -763.380413 -731.021469 -701.318262 -675.398241 -651.081128 -633.557767 -617.481214 -600.249311 -571.034818 -536.585284 -502.670305 -473.712580 -445.758147 -413.824190 -400.515254 -391.969236 -378.990390 -351.762774 -294.475838 -187.403605 -65.957829 -12.871967 16.613583 31.814332 48.568269 72.838550 102.496510 121.033410
-9999.0 -9999.0 -9999.0 -9999.0 -1099.053997 -1078.353581 -1057.753596 -1027.156591 -1004.872273 -1010.755380 -1003.349363 -1002.774979 -1003.965960 -1002.528968 -997.927243 -980.739559 -964.193024 -947.631120 -929.174752 -890.770419 -851.466361 -835.388809 -808.640742 -777.827418 -765.111403 -751.904407 -738.367262 -717.041939 -688.386928 -655.063288 -609.618367 -571.778095 -547.920751 -527.337529 -509.456331 -488.313650 -458.349626 -419.378015 -371.188723 -308.956677 -220.680010 -98.794048 -49.639725 -31.776910 -18.329606 -3.400327 19.462736 59.060249 104.183706 134.134381 145.872439 151.617990 154.839550 160.379762 166.482987 172.175104
-9999.0 -9999.0 -9999.0 -1144.247613 -1106.179727 -1070.222425 -1042.752785 -1012.127629 -981.245785 -974.241887 -966.636384 -959.638654 -952.350072 -943.595386 -933.236159 -918.008782 -905.782290 -895.560493 -876.113677 -840.632217 -805.350440 -771.013909 -740.470452 -710.437816 -688.556503 -674.860489 -660.901599 -638.996393 -602.353687 -565.250726 -517.598326 -466.031280 -425.524551 -394.328909 -368.075545 -329.331475 -280.261387 -158.710757 -57.132779 -3.013259 42.959551 88.360888 118.192925 128.418708 133.040327 135.895403 142.890904 152.256640 161.368481 172.101513 181.813916 189.166708 192.990093 195.228575 201.064296 207.615192
-9999.0 -9999.0 -1189.961161 -1153.768349 -1117.962779 -1065.667825 -1013.755696 -981.222049 -940.880437 -915.318568 -908.266105 -889.128547 -872.094631 -863.542487 -846.456744 -829.595583 -819.170152 -818.198344 -808.680134 -772.384955 -719.412794 -671.940287 -638.566591 -584.754646 -555.070451 -536.912335 -527.523160 -506.127681 -476.959634 -429.146279 -362.748191 -262.616295 -109.077149 -47.200044 -25.143689 -6.681362 20.253385 57.331723 102.710936 132.484697 148.383709 160.829164 170.912817 174.432106 175.180117 180.165678 187.592226 195.144443 202.616687 212.981027 225.613086 225.527451 224.984150 224.545154 224.318236 223.942157
-9999.0 -9999.0 -1213.797805 -1170.527931 -1126.336869 -1054.198452 -981.238026 -943.673941 -900.953004 -857.980983 -839.291154 -816.856521 -795.678100 -775.132488 -752.625744 -729.332715 -728.772786 -728.262141 -730.470759 -679.766764 -625.367752 -563.278038 -489.831881 -428.525936 -382.862105 -374.533985 -368.675943 -342.881316 -290.210427 -132.024827 -40.539736 24.355192 86.533969 121.881014 135.119005 142.062362 150.492380 159.780346 168.241496 183.746428 190.562365 198.105094 208.627719 223.437710 228.848182 228.040349 225.745340 225.129859 224.539518 223.869814 223.402599 220.095859 219.107338 219.405751 220.330768 216.273475
-9999.0 -1298.509234 -1246.959012 -1192.134505 -1120.480969 -1049.779019 -961.936628 -880.800121 -834.760968 -795.867439 -769.121114 -748.137124 -690.108242 -641.733047 -617.926691 -590.260520 -595.778436 -601.437274 -611.549591 -575.219740 -523.081641 -423.865773 -175.198584 -63.913489 -24.416558 -20.308378 -25.599194 -13.275145 16.080719 71.369901 130.969442 154.540743 176.192373 191.267711 195.337245 195.324639 201.475112 214.259730 226.581667 229.120870 229.162073 228.575366 223.723252 223.675581 223.621964 223.848273 220.873256 215.590091 208.694764 203.937439 201.079033 198.761309 200.404280 202.594869 204.426185 201.193474
-9999.0 -1331.548226 -1270.730840 -1197.378552 -1124.492904 -1041.590995 -924.047508 -803.275727 -761.450594 -730.613701 -701.247523 -650.350338 -566.287493 -502.640119 -464.498570 -421.322245 -425.318261 -441.397315 -442.946265 -402.208594 -310.451659 -104.650119 49.069686 135.103265 141.733405 147.243261 150.231568 160.217768 173.805531 187.270995 197.987270 213.286979 215.993257 216.052019 215.964261 216.058770 216.038916 216.534700 213.887615 210.903307 206.867845 206.948522 210.190864 210.044803 207.921946 205.925259 202.032235 199.037507 197.446935 196.273640 195.883543 195.138941 194.901420 195.953012 194.960206 193.969437
-9999.0 -1352.296631 -1284.352534 -1217.202262 -1137.967579 -1006.523433 -887.072672 -763.477380 -679.930312 -646.886059 -596.001348 -508.650329 -403.928144 -233.576113 -87.606608 -47.508543 -36.070474 -45.861577 -35.908739 -0.555186 56.817055 135.935733 168.469799 198.486066 203.707104 204.148726 202.294355 203.988907 205.108889 205.175749 204.719810 202.692678 206.541232 208.211265 207.122414 204.588091 200.819478 197.048132 195.705998 195.601944 194.997894 195.707602 197.614237 198.080028 197.499774 196.576444 195.704702 194.707697 193.636697 191.988891 191.629982 190.842323 190.731883 189.473127 188.404260 187.758147
-9999.0 -1431.692503 -1350.450042 -1284.138236 -1137.248899 -977.318151 -856.451490 -704.233003 -581.633294 -536.506732 -443.540744 -291.032233 -61.691160 43.522323 104.006085 137.930779 149.535812 158.705931 170.681283 173.145782 193.267733 212.195464 213.547511 211.829484 203.735340 204.180936 199.475154 191.509099 188.363040 185.864528 186.974164 190.347307 192.724104 195.586153 194.366927 194.695998 194.739871 194.154070 194.361339 192.291442 190.391417 189.151793 189.351717 193.123313 191.060049 190.532273 189.464194 187.812911 185.681848 183.482571 181.047532 178.654560 178.062103 175.907725 176.669195 175.351459
-9999.0 -1512.269458 -1432.109204 -1318.539885 -1158.531855 -996.026237 -841.443184 -672.276073 -499.002812 -402.156118 -246.801412 -77.715971 54.832775 134.773679 169.433167 182.266575 191.059138 192.984195 193.556203 191.547200 177.086306 174.269217 180.284841 188.989498 191.213972 192.435206 188.757551 185.658324 184.847811 186.120773 185.943346 185.500751 184.747072 183.598228 181.915208 182.438880 184.951309 183.369082 181.748100 180.731286 180.017789 178.114284 176.665437 175.920850 175.705363 176.892661 174.925640 171.652112 167.261038 162.622478 157.463225 153.530250 151.944999 149.245734 145.903561 140.136039
-9999.0 -1592.248682 -1480.941885 -1372.305752 -1227.997662 -1085.776575 -943.289251 -774.462622 -617.737630 -420.062811 -118.737017 -26.000026 58.461233 116.169340 150.307042 175.760906 178.398238 164.928407 154.914405 151.070638 155.515063 160.865631 165.741429 172.607248 177.440439 180.131685 180.419416 177.922132 173.230249 170.979928 168.457745 162.000579 156.667339 155.473328 154.413777 157.208918 158.867321 154.674525 149.924985 144.388646 139.856825 136.643132 136.134300 137.139672 137.470494 136.703011 134.036752 128.406016 112.729115 88.148183 64.470111 48.958028 36.109217 22.075887 7.750376 -9.457354
-9999.0 -9999.0 -1546.933240 -1433.690968 -1313.028080 -1180.683405 -1044.856074 -883.682849 -731.099719 -550.709958 -434.714924 -307.902432 -116.864800 -42.026584 13.135183 58.365310 74.831023 94.039068 78.656619 91.070821 112.281614 122.862437 129.116860 133.375968 137.631942 140.498587 142.940553 142.774358 139.254577 130.935514 108.878462 77.625862 54.015399 41.896249 49.246017 61.175704 57.867507 48.601157 35.495525 20.500601 8.883363 -2.568624 -5.333233 -4.146647 -3.772889 -6.165884 -11.215953 -26.270917 -52.484569 -111.331623 -171.281061 -205.392043 -231.802643 -265.797983 -296.204317 -326.675323
-9999.0 -9999.0 -1627.387348 -1514.353319 -1389.007210 -1260.490276 -1147.175990 -1023.098488 -861.768633 -741.757736 -648.909178 -570.387412 -506.949866 -450.307936 -391.103471 -294.638628 -226.366846 -191.706982 -190.211166 -152.619107 -72.764125 -39.900252 -25.650169 -15.370458 -5.266227 3.915802 11.432730 1.316244 -9.644880 -29.176081 -67.170200 -156.577837 -223.366352 -246.645273 -232.047306 -205.804271 -219.160684 -251.360085 -289.649196 -326.154294 -351.526247 -372.967147 -380.001458 -382.391440 -383.049290 -387.177427 -393.281936 -408.107093 -425.063395 -436.738926 -445.331933 -452.406400 -456.035328 -464.304433 -474.429573 -481.417466
