tests/Borden05m/sims/sim_1/output-maps/psiliqL0015N0019.asc
ncols         160
nrows         34
xllcorner     620200.000000
yllcorner     5168000.000000
cellsize      0.500000
NODATA_value  -9999.0
[rows 0 to 24 of 34, columns 56 to 111 of 160]
-9999.0 -9999.0 -9999.0 -9999.0 -9999.0 -9999.0 -9999.0 -9999.0 -9999.0 -9999.0 -9999.0 -9999.0 -9999.0 -9999.0 -9999.0 -9999.0 -9999.0 -9999.0 -9999.0 -9999.0 -9999.0 -9999.0 -9999.0 -9999.0 -9999.0 -9999.0 -9999.0 -9999.0 -9999.0 -9999.0 -9999.0 -9999.0 -9999.0 -9999.0 -9999.0 -9999.0 -9999.0 -9999.0 -9999.0 -9999.0 -9999.0 -9999.0 -9999.0 -9999.0 -9999.0 -9999.0 -9999.0 -9999.0 -9999.0 -9999.0 -9999.0 -9999.0 -9999.0 -9999.0 -9999.0 -9999.0
-9999.0 -9999.0 -9999.0 1229.714385 1224.370289 1219.416446 1214.842909 1206.290485 1197.391956 1189.435102 1185.800437 1185.222278 1184.794641 1184.724394 1190.248876 1198.576105 1206.507652 1213.896568 1216.561041 1219.220687 1221.617220 1222.266637 1221.236968 1218.175918 1215.026572 1211.760450 1210.327286 1202.456450 1191.203000 1182.539660 1179.833694 1184.221548 1188.645997 1191.082984 1196.742737 1207.301724 1217.920151 1226.273143 1238.029648 1243.747612 1248.568102 1251.098061 1246.599038 1242.660019 1238.402910 1232.777206 1221.502050 -9999.0 -9999.0 -9999.0 -9999.0 -9999.0 -9999.0 -9999.0 -9999.0 -9999.0
1193.321227 1213.734493 1217.159151 1205.856049 1201.066357 1198.038163 1196.330911 1191.871231 1183.580883 1178.707969 1173.677410 1172.084667 1172.519509 1172.930489 1177.323669 1187.894095 1196.136102 1201.144307 1203.931725 1206.811426 1206.548800 1206.193149 1206.077706 1203.363982 1200.080212 1196.822495 1195.128414 1195.804627 1188.292857 1182.790362 1179.332139 1177.474026 1179.994473 1182.370640 1185.855796 1195.175119 1203.144017 1211.093519 1225.302845 1237.556402 1242.524396 1239.606287 1234.214322 1229.917084 1222.616636 1212.006200 1201.381268 1191.721947 1184.466949 1178.473221 1172.127395 1177.640888 1183.895922 1193.178850 1202.276467 1213.888981
1178.476610 1198.965576 1202.054081 1191.638375 1183.719869 1178.725655 1179.307045 1182.372543 1179.289465 1175.043669 1170.057174 1179.205493 1180.856645 1182.320200 1185.948855 1189.178800 1192.899033 1195.874120 1201.491680 1210.728239 1213.693406 1214.428436 1214.746666 1213.058253 1210.062311 1208.354790 1205.705062 1200.597596 1199.473356 1199.714201 1199.324405 1204.139565 1205.595843 1207.434700 1200.851287 1204.410879 1210.462068 1217.131905 1223.279513 1229.587579 1232.981138 1229.262073 1228.069922 1219.075457 1204.654497 1193.119699 1184.242469 1182.156186 1178.417788 1169.926916 1156.422068 1163.051420 1178.031352 1182.043734 1184.709560 1195.811552
1174.438886 1186.432636 1189.746876 1185.118504 1186.939841 1188.924619 1190.756437 1189.552095 1186.917520 1185.033186 1197.668028 1207.353203 1209.534357 1212.800381 1216.868216 1216.831305 1205.427223 1203.372456 1211.764346 1222.246980 1228.182976 1228.631086 1228.713684 1226.578610 1225.677874 1225.428717 1223.398204 1224.047347 1226.412357 1226.069114 1230.452346 1236.051518 1238.958506 1231.498830 1222.393829 1223.301658 1230.982592 1239.070881 1246.188775 1256.446963 1267.269520 1265.909201 1259.817681 1250.156459 1235.980681 1211.923020 1191.950603 1180.324392 1172.283489 1164.288848 1163.943913 1159.858493 1170.726884 1171.667604 1172.916309 1180.360531
1180.567373 1202.083494 1210.165726 1204.730644 1200.334553 1198.260429 1199.451300 1199.932377 1203.057087 1215.431930 1229.360421 1243.806646 1246.927258 1249.828169 1249.707520 1241.293079 1231.430848 1228.157152 1242.946640 1259.458123 1267.927864 1268.659864 1267.634205 1274.102769 1273.065423 1271.759776 1267.210724 1269.164129 1270.174869 1279.479815 1287.134023 1294.314299 1292.514836 1280.381711 1268.694430 1267.187965 1270.121810 1273.686210 1279.810162 1289.676000 1298.849097 1293.237458 1285.678803 1275.243872 1246.236943 1218.922687 1201.588480 1200.870833 1200.183218 1194.423651 1190.480055 1186.636646 1179.172790 1177.895997 1176.221561 1174.902436
1229.758598 1250.368274 1266.311165 1261.094378 1253.678220 1244.314561 1245.368304 1248.551349 1256.848802 1270.004400 1287.290335 1311.418781 1314.305047 1317.593121 1320.218849 1309.280287 1297.302156 1286.713719 1305.371135 1315.982439 1324.707907 1326.108763 1335.467958 1345.280941 1341.000541 1333.371226 1323.015370 1329.324245 1340.464867 1355.590469 1362.544427 1366.559021 1364.814206 1353.266311 1347.211066 1345.877206 1348.326090 1346.084140 1350.812355 1360.429406 1374.910808 1373.637077 1364.659166 1341.651207 1303.821567 1269.256244 1248.962024 1254.254457 1246.507179 1238.715988 1234.413811 1219.825329 1208.414543 1207.735960 1197.401547 1190.511817
1276.553836 1295.244487 1313.880866 1309.189670 1299.281817 1286.192388 1285.920261 1293.526796 1304.177642 1323.488899 1346.142250 1369.889472 1377.349407 1379.675819 1389.710474 1383.729651 1374.673912 1366.954924 1379.720643 1391.752881 1403.503847 1412.900234 1425.707981 1437.126787 1426.730406 1414.212530 1408.470296 1413.982520 1434.426139 1452.300723 1457.353849 1458.311216 1460.569005 1450.675057 1444.130077 1437.623974 1432.877907 1427.171244 1423.032484 1441.616590 1458.123373 1455.995499 1432.316388 1407.692674 1370.231500 1331.685559 1299.753453 1300.026282 1296.174417 1294.647903 1279.305884 1263.310975 1247.089055 1237.459868 1227.689534 1213.206449
1364.111018 1384.871380 1406.633160 1406.782294 1389.956883 1381.622623 1386.587706 1399.767004 1407.490083 1423.665090 1447.155500 1478.272054 1498.614845 1516.920936 1521.646766 1514.006893 1505.645796 1493.172552 1492.483452 1510.565142 1522.617500 1533.046576 1543.488486 1555.889450 1560.713712 1557.637546 1557.045460 1560.419478 1568.309733 1577.926700 1584.574103 1589.573490 1594.599714 1589.555289 1578.888102 1572.833434 1564.254608 1557.925082 1555.215984 1558.486610 1570.194976 1567.361568 1539.367684 1511.833522 1478.843837 1441.100260 1409.449037 1392.864083 1399.651347 1388.867294 1369.936785 1350.724714 1316.217351 1300.420370 1284.525732 1255.333858
1464.503593 1492.142428 1506.691936 1519.603727 1513.993048 1515.609120 1520.091787 1527.944060 1533.125874 1541.184384 1573.802202 1608.570542 1637.336215 1661.537759 1670.366542 1660.417434 1651.233890 1639.583359 1630.640212 1635.902279 1650.648689 1667.348595 1682.772081 1693.897063 1697.296429 1696.093144 1696.389935 1698.550023 1701.534425 1704.685160 1711.051816 1718.249742 1727.924127 1738.258624 1731.594813 1714.639167 1702.450359 1689.061473 1684.208914 1682.609838 1681.117139 1680.557959 1670.988568 1637.678935 1608.300380 1575.826701 1547.863295 1527.390723 1514.770737 1494.617339 1471.023795 1423.733436 1383.373090 1348.486540 1322.009064 1294.205438
1578.271084 1608.975623 1632.209392 1647.387325 1649.890078 1652.728571 1655.681481 1661.772939 1667.082590 1674.006350 1697.398304 1735.338688 1772.698815 1802.753423 1806.550334 1797.118650 1787.122243 1777.358796 1766.479540 1763.218097 1771.730596 1783.373224 1799.861830 1810.933869 1819.870958 1818.751680 1819.134740 1819.779880 1821.849226 1823.701833 1825.898805 1833.232365 1845.376956 1856.855961 1857.360922 1842.966200 1825.545021 1808.046037 1801.113843 1795.142676 1788.941868 1788.800014 1789.003863 1779.699565 1753.186720 1716.350574 1673.875063 1648.431940 1627.492342 1613.810644 1596.762039 1568.132160 1514.257953 1482.006384 1446.368284 1413.211103
1691.982726 1721.690158 1752.365646 1770.834666 1778.199715 1778.784481 1780.914561 1788.848520 1795.130493 1804.964986 1821.783510 1846.902296 1876.788846 1904.036314 1921.275363 1917.381895 1904.465287 1886.859602 1881.116545 1879.646123 1881.840515 1888.708246 1897.251828 1913.006600 1929.087209 1934.435149 1935.149756 1932.667627 1934.809524 1936.030441 1936.142738 1937.491842 1942.743380 1950.042571 1952.453230 1946.871045 1929.782038 1908.853783 1894.621601 1885.887436 1881.067396 1879.042567 1880.367245 1879.884561 1867.005536 1836.680593 1797.443665 1764.246628 1742.707715 1726.321648 1711.625145 1699.357604 1677.103834 1657.992153 1626.031224 1581.792922
1793.934060 1820.241212 1847.478626 1871.697317 1888.265205 1892.268283 1898.103919 1903.548350 1913.408397 1929.148434 1948.988870 1963.908892 1981.781279 2003.967537 2017.321941 2023.189121 2023.393115 2021.784138 2023.405694 2023.440740 1991.331665 1994.606030 1997.824666 2006.336453 2015.309987 2018.272155 2018.513134 2017.163187 2018.365697 2018.814906 2018.977846 2018.688719 2019.053464 2021.565686 2022.364558 2020.814619 2012.886787 2017.917739 2000.200421 1987.760686 1979.867883 1971.817237 1963.051226 1953.179064 1943.026828 1925.695309 1897.859837 1864.212621 1837.550264 1825.830164 1818.285360 1810.302807 1803.780772 1787.444723 1765.195972 1733.455716
1897.581459 1914.166270 1934.968078 1963.504000 1983.395938 1994.340154 2003.378949 2008.556113 2021.260008 2035.153413 2028.550148 2033.095749 2037.760238 2042.383843 2044.094977 2044.615816 2044.349763 2041.897915 2041.123083 2038.909528 2034.047899 2024.059345 2025.162647 2026.384750 2028.611591 2031.927807 2030.488034 2031.328621 2034.203263 2032.716336 2027.277644 2023.734115 2022.219918 2022.745560 2029.768411 2032.761842 2033.345408 2031.732250 2030.794576 2030.093086 2028.226189 2025.966551 2022.792076 2018.636860 2023.403368 2012.706362 1988.533983 1954.356656 1918.395077 1905.118614 1901.193025 1900.617993 1897.027090 1890.091689 1871.122836 1843.570961
2012.422213 2025.970723 2020.433541 2032.477507 2038.842333 2042.041044 2045.136354 2047.775597 2049.298466 2046.129736 2042.680288 2037.835462 2036.339951 2034.856173 2032.268477 2032.612982 2030.284905 2025.852436 2021.624084 2014.275839 2002.816797 1990.956832 1987.730608 1991.784023 1996.474784 2000.586274 2003.713302 2006.911498 2007.766923 2003.028075 1995.330299 1988.426171 1986.680723 1993.189003 1998.736066 2004.128017 2004.841443 2003.548881 2001.640718 2002.028762 1999.835975 2000.715898 2007.611219 2021.223246 2026.625379 2029.632486 2028.963856 2020.008782 2003.950680 1999.225686 1979.446574 1982.745186 1977.532417 1965.522203 1944.124230 1919.950910
2040.106030 2039.591455 2038.116632 2032.290395 2026.592654 2025.891593 2029.686095 2036.315510 2037.282699 2029.994331 2021.283766 2013.817711 2006.464315 2003.767131 2002.062879 2000.867098 2000.324489 1994.296899 1985.452254 1969.118428 1956.795544 1944.930162 1938.313712 1935.573904 1939.800983 1949.336274 1958.903449 1963.352011 1956.269546 1948.846640 1938.328835 1930.569789 1931.010918 1933.185678 1942.259332 1956.573482 1961.734707 1962.713620 1957.883597 1953.688434 1948.450706 1947.105404 1954.614433 1970.148806 1986.023994 2000.237347 2008.769391 2016.277818 2022.863880 2025.674849 2027.046376 2027.651907 2026.231871 2025.257982 2009.389846 1987.893742
2025.667867 2018.952774 2013.685737 2006.875400 2000.957509 1998.859237 2000.723499 2002.914044 1998.882889 1991.590608 1980.728615 1969.069570 1958.603794 1951.383707 1951.308173 1952.560567 1952.665014 1945.269546 1929.947767 1911.819713 1897.680026 1883.193615 1878.598797 1873.075664 1867.886170 1877.867009 1894.854433 1900.976441 1887.207183 1877.403336 1863.420563 1856.514578 1853.533884 1855.122036 1864.534107 1884.783624 1904.971762 1906.786954 1897.640263 1888.806901 1885.036334 1883.432499 1890.557818 1909.170489 1929.883595 1945.516576 1955.915140 1962.246792 1970.964467 1981.001901 1993.987005 2007.666153 2019.038385 2026.914175 2031.666597 2029.368110
1997.788835 1989.621367 1981.503118 1973.941443 1967.133039 1962.211647 1959.383061 1955.739341 1948.960535 1941.076975 1924.695174 1911.639560 1898.701581 1884.068593 1879.709884 1875.569425 1876.216610 1864.233510 1853.623211 1834.840754 1818.804210 1802.642769 1791.156167 1784.885195 1778.496702 1781.145299 1795.742194 1804.378599 1791.930389 1781.960043 1769.884335 1764.351313 1761.324419 1763.566154 1774.050814 1795.792937 1814.640659 1822.352075 1815.343332 1811.904695 1811.107976 1811.055159 1817.969932 1832.661891 1852.945912 1874.905980 1892.336968 1902.788740 1911.405320 1922.323899 1937.614330 1952.321115 1966.940158 1984.592371 2005.380537 2020.439551
1960.631103 1950.149300 1939.927788 1928.804650 1917.519629 1910.526192 1911.140610 1903.830772 1896.739617 1879.123650 1830.597305 1811.217393 1792.374210 1776.199227 1769.494119 1761.135126 1750.745419 1740.974337 1734.072405 1728.401856 1712.691997 1694.800850 1677.917127 1672.347121 1667.916742 1656.907183 1659.361319 1661.764624 1668.351962 1661.457786 1656.862276 1655.820202 1653.610983 1656.662215 1670.341050 1681.613525 1691.166717 1698.021647 1698.684544 1707.107192 1714.632889 1720.983145 1738.045718 1751.954979 1770.046386 1792.195157 1817.167696 1832.004422 1842.773004 1854.828219 1871.496094 1889.100963 1907.559480 1930.767310 1956.292551 1972.970516
1913.962916 1899.445368 1884.714244 1871.350718 1857.958806 1843.527271 1843.649098 1839.519386 1829.787082 1784.990681 1742.427617 1709.105843 1690.485751 1667.504273 1655.001453 1642.049118 1612.563482 1597.071578 1591.755124 1598.369689 1589.687043 1572.741247 1558.854176 1550.121205 1542.558608 1528.392560 1517.171304 1522.044892 1535.585008 1532.517141 1532.208049 1537.359256 1536.166153 1532.329982 1536.271844 1550.404793 1558.332944 1568.973620 1582.462570 1587.786380 1599.489707 1628.286027 1642.885458 1659.156625 1680.005438 1702.711314 1726.518863 1748.566216 1763.374945 1779.479075 1799.522846 1817.645216 1839.555411 1863.981170 1893.763735 1914.838367
1844.634238 1824.342391 1807.004218 1788.620033 1765.879181 1744.788471 1741.536720 1733.843898 1711.660980 1663.622572 1623.945519 1595.184195 1572.619494 1548.332267 1527.978312 1498.140733 1465.705329 1444.868962 1452.251716 1459.991406 1462.963416 1449.386665 1436.922537 1426.712655 1411.793475 1396.012450 1383.269608 1392.299703 1400.821757 1411.694811 1416.125012 1420.036376 1423.566250 1422.624716 1417.042817 1420.174819 1429.201881 1439.925831 1451.406046 1467.555004 1499.102680 1524.570473 1543.078286 1564.823903 1585.947798 1609.743695 1634.805935 1658.069149 1675.905632 1695.873712 1716.482274 1738.900799 1760.864883 1786.729711 1817.064659 1843.123617
1765.867159 1738.923329 1715.747976 1687.544968 1646.665706 1631.278232 1621.816012 1606.261074 1567.022931 1524.558070 1492.889219 1471.424875 1446.862006 1423.503008 1395.880507 1363.872522 1338.453920 1318.098931 1325.379150 1332.829161 1345.899673 1334.609491 1324.358101 1318.761492 1303.711783 1289.875826 1274.935798 1282.126027 1292.539886 1311.210570 1315.886156 1319.629844 1327.321844 1326.567731 1323.906355 1313.365666 1321.966954 1332.951183 1347.430092 1376.419107 1401.429150 1426.020752 1448.474196 1469.801159 1493.355987 1518.284556 1543.645846 1570.811236 1591.804723 1612.413165 1635.507824 1657.201656 1676.364402 1698.004916 1725.390332 1749.539109
1658.579026 1636.436251 1611.906373 1573.855853 1530.123540 1494.318593 1475.437640 1433.953745 1399.799812 1368.319224 1354.641965 1337.411736 1314.867973 1293.523482 1272.313911 1247.012550 1225.029394 1200.537556 1204.394657 1217.340353 1231.744857 1227.532995 1224.873791 1221.946529 1211.065389 1197.378603 1183.769094 1187.381097 1202.989264 1220.120126 1228.272640 1235.291607 1243.051889 1243.303075 1236.117392 1227.702854 1233.574658 1248.450603 1265.210253 1286.137908 1309.033646 1331.787660 1353.518167 1377.499116 1402.294890 1427.509020 1454.633647 1483.053493 1505.195772 1530.489593 1556.595747 1577.071198 1590.258418 1604.643750 1629.336294 1649.038835
1553.906279 1529.528533 1502.542363 1461.628328 1420.052649 1377.785283 1336.633161 1303.224370 1272.338578 1257.014770 1238.555360 1221.360647 1203.669037 1182.436167 1163.368722 1145.158208 1123.007227 1106.880821 1112.383223 1125.262060 1135.458290 1139.018003 1136.072248 1133.046470 1125.884396 1112.071143 1103.456263 1112.266250 1127.566995 1142.168739 1152.767555 1159.653086 1165.655874 1163.096451 1154.943078 1150.175702 1158.664884 1174.637606 1189.776447 1207.200942 1229.288166 1251.305271 1274.106200 1298.027053 1321.968063 1348.368574 1375.617754 1403.450052 1431.331308 1456.377373 1479.343965 1491.878315 1504.727386 1512.281034 1528.980087 1548.516632
1431.814457 1406.019737 1377.685355 1345.245311 1307.667148 1278.119159 1245.674501 1214.430110 1183.879582 1157.908787 1141.527728 1132.132320 1117.411692 1098.386261 1085.110534 1068.227567 1052.281766 1053.389600 1055.642554 1065.828457 1066.119660 1066.646325 1063.660571 1062.558739 1058.646059 1049.061187 1057.164812 1064.401502 1078.729959 1089.363587 1098.929116 1105.161022 1109.286726 1109.657422 1104.023251 1108.375968 1115.599979 1130.370729 1142.587704 1157.925574 1179.253000 1197.456088 1217.818877 1241.085040 1265.238763 1290.631007 1317.726695 1346.988544 1373.450476 1394.560310 1405.412109 1417.778464 1424.603356 1419.817009 1435.111786 1451.458092
