tests/Borden05m/sims/sim_1/output-maps/psiliqL0009N0016.asc
ncols         160
nrows         34
xllcorner     620200.000000
yllcorner     5168000.000000
cellsize      0.500000
NODATA_value  -9999.0
[rows 0 to 25 of 34, columns 57 to 113 of 160]
-9999.0 -9999.0 -9999.0 -9999.0 -9999.0 -9999.0 -9999.0 -9999.0 -9999.0 -9999.0 -9999.0 -9999.0 -9999.0 -9999.0 -9999.0 -9999.0 -9999.0 -9999.0 -9999.0 -9999.0 -9999.0 -9999.0 -9999.0 -9999.0 -9999.0 -9999.0 -9999.0 -9999.0 -9999.0 -9999.0 -9999.0 -9999.0 -9999.0 -9999.0 -9999.0 -9999.0 -9999.0 -9999.0 -9999.0 -9999.0 -9999.0 -9999.0 -9999.0 -9999.0 -9999.0 -9999.0 -9999.0 -9999.0 -9999.0 -9999.0 -9999.0 -9999.0 -9999.0 -9999.0 -9999.0 -9999.0 -9999.0
-9999.0 -9999.0 14.223239 8.643793 3.218802 -1.871501 -11.023394 -20.330718 -28.995392 -32.976004 -33.859478 -34.668369 -35.004264 -29.626342 -21.595237 -13.887946 -6.581045 -4.126586 -1.620899 0.761687 1.337152 0.073836 -3.173794 -6.476610 -9.905689 -11.393214 -19.754381 -31.277716 -40.283885 -43.067062 -38.541051 -33.985635 -31.424475 -25.283842 -14.310808 -3.281487 5.420732 17.293645 22.897767 28.068095 31.228648 27.109890 23.465181 19.663072 14.806561 3.704018 -9999.0 -9999.0 -9999.0 -9999.0 -9999.0 -9999.0 -9999.0 -9999.0 -9999.0 -9999.0 -9999.0
-3.300880 0.038032 -10.880722 -15.747213 -19.120194 -21.356872 -26.525256 -35.358726 -40.769748 -46.221132 -47.877196 -47.826175 -47.710471 -43.444762 -33.443128 -25.380061 -20.514169 -17.999099 -15.424531 -15.286096 -15.714604 -16.057391 -18.944773 -22.373233 -25.788807 -27.592111 -27.521825 -35.159376 -40.515406 -43.791268 -45.032144 -42.554829 -40.226602 -37.153590 -27.451062 -19.059650 -10.651710 3.599406 15.980374 21.216636 18.768453 13.632178 9.779117 3.206305 -6.756391 -17.335675 -27.813496 -35.144712 -40.689385 -46.080194 -40.067196 -33.698797 -23.486762 -13.341743 -1.263015 10.938983 -9999.0
-19.066783 -16.160229 -27.048212 -35.538565 -40.055199 -40.023370 -37.834488 -41.534177 -46.179908 -50.319995 -42.291721 -40.924607 -39.654025 -36.349431 -32.915712 -30.468488 -27.624793 -22.200110 -13.109078 -10.349312 -9.742199 -9.547046 -11.330472 -14.431047 -16.221573 -18.991682 -24.172582 -25.043934 -24.540920 -24.445988 -19.174020 -17.675858 -16.337988 -23.399667 -20.060613 -13.752260 -6.782823 0.275919 7.346957 11.949110 8.727032 7.315977 -1.279685 -15.396143 -27.149657 -36.128843 -38.829085 -42.179062 -50.049286 -62.435771 -55.653872 -40.211205 -35.615106 -31.990821 -20.074673 -7.749534 2.525850
-33.469581 -30.374550 -35.445203 -34.502933 -33.087849 -31.609432 -33.187822 -36.077209 -37.308947 -24.086255 -14.229919 -12.234378 -9.120575 -5.595075 -6.772967 -19.141692 -21.742668 -13.062169 -2.346607 3.805692 4.171089 4.298664 2.825087 1.836190 1.322985 -1.047209 0.136145 2.946782 3.827138 9.117481 14.918034 17.677469 8.972353 -0.499724 -0.153132 7.428850 15.396850 22.866649 33.975565 45.712478 44.240638 38.007003 28.409610 13.965692 -10.250558 -30.734439 -41.744139 -48.727307 -55.983298 -56.971241 -59.527056 -49.080605 -47.476881 -45.881201 -37.402839 -27.128635 -17.039216
-17.995175 -9.444657 -15.428852 -21.090330 -24.513690 -23.844330 -23.354928 -19.483375 -5.663247 9.049047 24.974877 28.306415 31.324814 31.243490 21.512326 11.016491 6.721332 22.083532 38.425985 47.240842 48.657769 49.519241 57.889314 55.996508 53.360433 47.892133 50.558833 53.754505 65.649186 73.674608 80.707309 78.752917 66.582997 55.058169 52.722102 54.403756 56.416358 62.368971 73.086863 83.402558 78.084826 69.584334 57.674720 26.961993 -2.542569 -20.804195 -20.983022 -21.209084 -26.410069 -30.112019 -34.294599 -42.341956 -43.180533 -44.121350 -44.889084 -33.068159 -20.966795
32.463919 49.458999 43.857258 35.353622 24.374448 25.007695 29.022196 38.192113 52.781425 72.922984 99.011252 104.117692 109.008103 113.446158 102.569680 90.023669 78.068484 94.611010 105.259364 115.397472 119.637974 132.123427 143.151236 138.276836 129.374383 119.644246 126.726161 141.457763 157.771244 165.035911 168.894758 168.896323 158.253415 152.052330 148.653375 148.568664 144.345751 147.459572 158.928098 174.714315 174.016858 161.316231 135.409168 95.858198 57.617541 33.054708 35.762243 27.969191 20.602885 15.162606 -0.251851 -12.823412 -14.013541 -24.354146 -31.247487 -20.256763 -14.539671
86.507787 106.420064 103.422378 92.426595 80.013002 80.558196 89.733987 100.723630 121.913598 149.023900 177.194104 191.198401 199.336733 209.721497 203.224753 193.564687 184.332066 192.057911 205.918194 219.807331 232.697343 247.064053 259.999184 252.756402 242.078958 238.690969 244.033335 263.218077 280.180799 286.382889 288.981113 293.073713 285.826143 277.655252 268.579320 260.226201 252.325097 247.213734 263.638646 278.960300 275.986344 249.569013 221.427157 182.129585 140.403494 102.461357 95.292322 91.527223 87.835999 69.955922 51.887732 31.104762 18.335018 7.723933 -8.463020 -4.591929 0.438815
196.857208 220.058107 225.432299 210.870306 205.750261 211.719297 224.992241 233.149335 249.712202 279.494907 316.265320 342.852454 365.714793 370.803666 362.215714 352.967996 339.227828 334.820372 349.983594 362.794490 374.840561 386.659801 398.894302 405.747389 404.337315 404.258123 407.308841 412.741088 420.303914 427.221342 433.399082 439.738049 439.030037 429.463644 421.146352 410.925812 402.022370 398.707451 398.407653 406.205621 404.079559 380.692459 352.107045 318.602399 278.699599 242.972458 218.708245 218.044739 201.538298 179.742158 153.982086 113.162698 90.785503 71.141216 38.729409 32.455539 41.668606
323.011778 340.980399 357.010946 355.864958 358.944159 363.272736 370.654980 376.811571 385.841507 418.952706 454.822289 486.173184 511.478763 521.068070 511.924001 502.472034 491.211205 481.870493 484.008276 497.414352 513.486297 528.930151 539.580802 543.316069 542.035366 542.311131 543.949006 547.077204 549.736097 554.950625 561.801544 571.894789 583.444604 578.981130 562.346746 548.891525 533.339587 526.343443 523.418248 519.505489 518.624193 513.580576 485.578879 457.634070 424.891008 392.210018 367.816765 348.374722 326.485236 301.785239 253.937950 208.697953 169.311670 136.642402 104.163736 97.141641 120.796240
449.042999 475.192285 491.215837 496.275574 499.377257 503.324301 510.558688 517.080063 525.808708 546.866261 582.668337 619.372568 649.601729 655.659513 648.045504 638.377287 627.560547 618.444657 615.904472 622.236629 631.669967 645.783078 656.899300 667.153002 667.084815 667.443165 667.385871 669.307906 671.006834 672.323585 678.253293 688.680081 698.485596 699.924382 688.369533 671.454404 652.890397 642.589579 634.237725 627.459329 626.382886 626.300546 621.441809 598.367646 563.900067 520.863602 491.307168 467.812314 452.900628 435.814199 413.580372 366.704011 338.136856 302.693069 264.431052 236.576582 268.634360
562.181005 592.084472 611.953693 621.881274 624.342506 628.956724 637.855197 645.928650 657.598757 674.072523 695.251943 722.855691 750.404194 768.902271 766.307550 756.091096 740.067060 736.592969 737.012104 738.841819 744.271254 750.253584 763.669311 777.641917 782.540950 783.081158 780.717442 782.604451 783.552543 783.593527 783.971407 787.329945 793.214942 795.248581 791.209778 776.610847 756.578122 738.853407 727.875991 722.132434 718.719268 718.434379 716.529083 705.387061 678.401074 641.918039 607.013404 582.192708 564.045423 549.457555 537.937350 522.566561 505.249986 476.246127 434.653146 397.760074 388.984464
662.940042 688.235412 712.982459 730.475835 736.869405 745.708568 752.734532 764.092328 779.723540 796.908594 809.288566 824.692043 844.949186 856.590203 862.369106 863.498189 862.940716 864.868502 865.224347 851.625958 853.264499 854.745084 858.150637 863.261996 864.559795 864.492410 863.871375 864.652812 864.921858 865.242067 864.975417 864.162437 865.209915 865.463023 864.626604 859.655119 856.629245 839.552934 827.318633 819.650835 812.034070 803.464796 793.954505 784.143374 768.334040 740.963130 707.097979 677.083163 662.537050 654.104825 646.884196 640.610998 625.313778 603.833653 574.862804 538.071240 501.946864
762.153009 780.548053 805.790412 823.364510 833.803243 843.454941 849.430758 861.284779 873.215241 871.838999 873.940127 876.209931 878.578289 879.562098 879.961156 879.898388 877.565330 877.017876 875.146951 869.466466 859.857312 860.766659 861.643081 863.646160 866.597434 864.727831 865.523548 868.301050 867.246925 862.300367 859.095912 857.587415 857.821579 864.625652 867.406596 867.842029 867.206199 866.048221 865.369213 864.453782 863.591660 862.496355 861.011835 860.246769 850.503971 828.271612 797.511397 764.195287 746.097359 738.184676 737.472476 733.051189 725.422665 705.228327 677.751089 642.664169 605.415048
864.454555 868.041398 873.654894 876.758958 878.461760 881.115768 883.757543 884.288291 880.937867 877.166817 872.127302 870.450067 868.605688 866.107268 866.989037 865.043242 860.918858 856.934626 849.891846 837.900892 825.458934 822.465814 826.468763 830.615585 833.861495 835.590300 838.811301 839.976058 836.397643 829.470292 823.016411 821.158417 827.355399 832.693970 837.335916 837.867490 836.491118 834.740733 835.316918 833.697818 835.122541 842.419866 856.228559 863.720574 865.233538 864.796158 860.641941 852.932498 837.963243 818.031810 819.869269 814.499696 801.746206 778.853102 754.159931 724.789771 695.832316
874.246792 872.026343 866.266623 860.692988 860.012837 863.699760 870.065517 871.274589 863.932795 855.306803 847.179287 839.238065 835.469142 833.419704 833.222007 833.210288 827.535403 819.348961 802.958098 788.717032 775.639649 768.452925 766.392795 771.129265 779.549020 787.306831 791.571983 785.818303 779.434180 769.926571 762.387149 762.719740 765.382283 773.956725 786.496652 789.958888 790.741198 786.568716 783.438747 778.882408 778.748225 787.793937 805.154565 821.185426 834.830436 843.377296 851.378252 857.796508 862.967585 863.329343 863.476592 862.698407 859.267261 843.975285 823.615761 800.468914 775.171433
851.939136 846.024748 838.709736 832.478377 830.379406 832.288056 834.448471 831.220259 823.469040 812.561935 799.420162 787.684230 780.253296 779.971224 781.778675 782.058273 775.455138 760.705733 742.406629 727.256200 712.085233 707.124547 701.995714 698.435078 708.407155 723.757112 729.242322 716.954375 708.017747 694.896012 687.789107 685.247424 687.001380 696.262148 714.668357 732.011216 733.158308 724.592661 716.505395 712.922974 712.144437 721.075982 741.523623 762.392610 777.918587 788.973148 797.244482 806.879233 817.018541 828.915572 842.005528 853.292868 863.223551 865.499815 864.325227 860.659286 845.411191
818.836428 809.257930 800.900336 793.902742 788.978215 786.007837 782.896769 776.565609 768.823131 755.722025 742.191694 729.189850 714.953998 710.953296 708.146550 709.473211 698.034130 686.532549 666.778013 650.509426 634.309456 624.295987 618.074573 612.166539 617.567661 632.910750 641.765642 627.713909 617.775004 604.987091 598.833175 595.785531 597.432426 607.265012 629.523903 647.918472 654.512063 647.061009 641.734002 639.848624 640.175355 647.083641 663.824785 685.090923 706.426798 722.914575 733.992048 743.421580 754.783892 770.139884 785.517007 801.523645 819.473665 839.107547 853.818437 863.057467 867.806203
774.971555 764.068047 752.668772 741.493982 734.867721 734.991179 727.726698 720.854601 707.392962 663.899851 646.356650 628.302699 612.936028 607.071633 599.588773 593.380242 583.694991 576.116380 566.494947 550.413806 532.953848 517.127000 511.592922 506.945123 499.919281 506.661713 510.268416 511.233530 504.062752 497.627399 494.795595 492.438012 495.988050 509.360668 521.810446 532.926728 539.068575 536.582220 543.093276 549.627086 552.943836 569.157751 583.958608 602.660949 624.842461 648.490874 662.162049 672.743927 684.772841 701.440230 719.602111 738.779770 762.641304 788.240737 806.075532 818.385255 831.006951
723.734627 709.207885 696.108879 683.204540 670.463568 670.463243 666.210947 658.141508 620.942265 578.943412 547.310953 528.916248 507.243154 496.090612 485.693180 461.880466 447.923641 440.317783 442.679239 431.455629 413.823514 398.820170 390.440424 383.817375 371.638967 364.892770 369.178356 379.952934 374.694622 372.277289 375.708075 373.860332 371.298681 378.587242 393.349190 402.240823 412.113670 422.723407 428.085948 436.809238 462.286934 477.309929 493.329552 514.391850 537.098216 560.512633 580.833442 594.625357 609.799508 629.414676 647.293487 669.379737 694.285135 723.909603 744.820950 760.639933 773.820546
651.583957 635.334663 618.558217 599.474055 578.767678 575.826088 568.196701 551.413167 507.545970 466.931651 435.802679 413.076310 388.007037 369.409957 343.471237 311.480695 290.615582 293.143118 299.259979 296.978558 281.190286 266.388669 254.505472 240.179085 223.810611 212.688543 220.915077 230.026461 236.283073 239.279645 243.153832 245.032490 244.074664 241.497462 250.059882 260.241165 272.052817 283.767382 297.420415 327.789636 354.787663 374.073851 396.633549 418.868280 443.535526 469.028151 491.419559 508.356023 527.770822 547.991335 569.705854 591.826537 618.088961 648.471015 673.461613 690.007873 705.547566
571.632672 549.755898 524.947237 488.454943 473.151560 463.712703 452.129927 417.969340 375.066589 336.567911 308.717302 281.332311 254.082317 224.724559 191.272050 161.384996 140.069463 145.753967 152.151571 161.242073 147.716238 134.419450 126.410698 110.694748 95.758896 81.350379 89.368023 99.175628 115.230681 119.125451 122.531512 128.969866 127.825829 126.013490 119.613876 129.463651 140.771117 155.547028 184.353539 212.642697 240.656007 265.570679 290.034227 316.643319 344.761665 372.655370 400.653183 422.278010 443.273970 466.333437 488.093931 508.437802 531.550835 559.233504 583.471100 603.880313 625.563637
473.637506 449.539728 414.537793 370.486613 336.775465 321.438472 284.836079 248.542427 206.814238 182.541721 159.833433 133.479277 108.932491 85.173443 56.590107 31.824041 7.438119 10.838472 22.752742 36.083113 28.485923 23.466419 19.501114 7.406731 -6.665472 -20.393181 -16.706223 -1.779521 14.988460 21.907664 28.326112 35.839376 35.995949 29.749925 21.799827 27.947396 42.168342 59.049357 82.083244 106.759150 131.372525 154.801806 181.014747 209.019306 238.079171 269.359625 301.401975 326.133680 354.083974 382.175689 404.921528 420.041426 437.349535 464.007814 484.537425 507.827935 531.551893
366.649865 338.543338 295.428828 248.634163 201.431586 161.113226 125.249757 90.934518 68.609972 46.962680 26.477130 6.210858 -15.936413 -36.824159 -57.220019 -79.833895 -99.465151 -94.480543 -81.275220 -69.216068 -67.360169 -70.640578 -73.972185 -82.050925 -95.797101 -107.187820 -99.035459 -83.546539 -68.324989 -58.424199 -51.734205 -45.446303 -48.113814 -56.167448 -62.693578 -54.615298 -38.950211 -23.427015 -4.928627 17.596693 40.434381 63.693743 88.427666 113.823367 142.233948 172.197861 203.167737 233.976815 263.338662 291.369671 307.758062 323.606238 336.491364 357.258209 379.172419 402.932972 428.938094
233.282940 201.626086 163.546339 119.788032 84.637330 50.005251 17.165067 -14.857999 -41.143188 -60.021468 -71.203022 -86.857199 -106.891706 -121.140084 -138.533832 -157.829718 -159.397460 -155.925718 -143.791581 -141.641347 -141.034469 -144.127275 -145.358239 -150.234060 -161.959939 -156.152707 -148.356420 -133.341264 -122.306379 -112.921925 -106.575754 -102.342258 -102.812441 -109.814403 -106.945528 -99.551753 -84.684933 -72.482996 -56.708475 -35.229146 -16.976303 3.521657 26.736511 51.018997 76.977383 104.894554 135.331925 163.770666 188.093666 202.561126 217.813552 228.559477 228.054543 247.319737 267.666149 288.491796 316.788271
101.223012 72.914234 44.079795 10.252888 -23.512444 -54.934832 -85.925657 -116.194900 -141.445634 -151.610339 -162.981060 -175.095753 -188.914351 -203.047372 -215.872550 -216.553405 -219.046541 -219.538527 -217.689456 -214.734081 -212.264479 -213.334709 -214.518602 -214.006362 -208.383625 -204.171076 -198.600775 -187.995871 -176.836443 -166.558076 -162.460439 -158.217666 -155.305238 -152.059091 -149.431465 -144.889034 -133.290437 -121.284979 -107.678559 -90.350191 -72.481548 -53.040540 -30.124161 -6.669706 18.611919 46.633652 75.292304 98.153365 110.783267 123.659999 130.583948 129.168399 128.148249 139.854227 156.629369 173.218453 199.949490
