tests/Borden05m/sims/sim_1/output-maps/psiliqL0010N0009.asc
ncols         160
nrows         34
xllcorner     620200.000000
yllcorner     5168000.000000
cellsize      0.500000
NODATA_value  -9999.0
[rows 0 to 25 of 34, columns 0 to 56 of 160]
-9999.0 -9999.0 -9999.0 -9999.0 -9999.0 -9999.0 -9999.0 -9999.0 -9999.0 -9999.0 -9999.0 -9999.0 -9999.0 -9999.0 -9999.0 -9999.0 -9999.0 -9999.0 -9999.0 -9999.0 -9999.0 -9999.0 -9999.0 -9999.0 -9999.0 -9999.0 -9999.0 -9999.0 -9999.0 -9999.0 -9999.0 -9999.0 -9999.0 -9999.0 -9999.0 -9999.0 -9999.0 -9999.0 -9999.0 -9999.0 -9999.0 -9999.0 -9999.0 -9999.0 -9999.0 -9999.0 -9999.0 -9999.0 -9999.0 -9999.0 -9999.0 -9999.0 -9999.0 -9999.0 -9999.0 -9999.0 -9999.0
-9999.0 -9999.0 -9999.0 -9999.0 -9999.0 -9999.0 -9999.0 -9999.0 -9999.0 -9999.0 -9999.0 -9999.0 -9999.0 -9999.0 -9999.0 -9999.0 -9999.0 -9999.0 -9999.0 -9999.0 -9999.0 -9999.0 -9999.0 -9999.0 -9999.0 -9999.0 -9999.0 -9999.0 -9999.0 -9999.0 -9999.0 -9999.0 -9999.0 -9999.0 -9999.0 -9999.0 -9999.0 -9999.0 -9999.0 -9999.0 -9999.0 -9999.0 -9999.0 -9999.0 -9999.0 -9999.0 -9999.0 -9999.0 -9999.0 -9999.0 -9999.0 -9999.0 -9999.0 -9999.0 -9999.0 -9999.0 -9999.0
-9999.0 -9999.0 -9999.0 -9999.0 -9999.0 -9999.0 -9999.0 -9999.0 -9999.0 -9999.0 -9999.0 -9999.0 -9999.0 -9999.0 -9999.0 -9999.0 -9999.0 -9999.0 -9999.0 -9999.0 -9999.0 -9999.0 -9999.0 -9999.0 -9999.0 -9999.0 -9999.0 -9999.0 -9999.0 -9999.0 -9999.0 -9999.0 -9999.0 -9999.0 -9999.0 -9999.0 -9999.0 -9999.0 -9999.0 -9999.0 -9999.0 -9999.0 -9999.0 -9999.0 -9999.0 -9999.0 -9999.0 88.032720 70.553901 54.148203 52.300780 75.134988 98.611469 122.414996 143.008235 161.710013 180.725974
-9999.0 -9999.0 -9999.0 -9999.0 -9999.0 -9999.0 -9999.0 -9999.0 -9999.0 -9999.0 -9999.0 -9999.0 -9999.0 -9999.0 -9999.0 -9999.0 -9999.0 -9999.0 -9999.0 -9999.0 -9999.0 -9999.0 -9999.0 -9999.0 -9999.0 -9999.0 -9999.0 -9999.0 -9999.0 -9999.0 -9999.0 -9999.0 -9999.0 -9999.0 -9999.0 -9999.0 -9999.0 -9999.0 -9999.0 -9999.0 135.798807 141.678623 143.160164 132.414016 121.095018 109.089666 89.080625 71.124393 55.708992 52.924654 55.572892 61.209121 84.265762 108.773038 128.405176 145.767869 165.005264
-9999.0 -9999.0 -9999.0 -9999.0 -9999.0 -9999.0 -9999.0 -9999.0 -9999.0 -9999.0 -9999.0 -9999.0 -9999.0 -9999.0 -9999.0 -9999.0 -9999.0 -9999.0 -9999.0 -9999.0 -9999.0 -9999.0 -9999.0 -9999.0 -9999.0 -9999.0 -9999.0 -9999.0 -9999.0 -9999.0 -9999.0 -9999.0 -9999.0 -9999.0 43.241557 60.842096 79.011903 97.409909 114.089384 120.786348 126.687715 132.500582 128.463022 123.675433 112.310060 93.511373 73.775403 59.551359 57.010720 54.440954 58.873879 72.053143 88.902474 105.420882 126.493731 149.847847 159.163164
-9999.0 -9999.0 -9999.0 -9999.0 -9999.0 -9999.0 -9999.0 -9999.0 -9999.0 -9999.0 -9999.0 -9999.0 -9999.0 -9999.0 -9999.0 -9999.0 -9999.0 -9999.0 -9999.0 -9999.0 -9999.0 -9999.0 -9999.0 -9999.0 -9999.0 -9999.0 -9999.0 -9999.0 47.583330 41.636500 36.460864 34.920109 33.589943 32.402739 39.362117 51.706664 70.042047 91.666359 104.567288 111.786103 118.382338 119.199818 114.342996 112.202368 112.396529 100.645394 88.961820 78.026663 67.539598 66.302125 75.979907 90.040190 106.261420 121.224436 136.746595 149.268428 165.559427
-9999.0 -9999.0 -9999.0 -9999.0 -9999.0 -9999.0 -9999.0 -9999.0 -9999.0 -9999.0 -9999.0 -9999.0 -9999.0 -9999.0 -9999.0 -9999.0 -9999.0 -9999.0 -9999.0 -9999.0 -9999.0 -9999.0 -9999.0 18.113228 24.102700 30.583182 37.933894 38.787873 34.511561 28.797599 25.602254 24.010673 22.383824 26.804046 35.178082 48.947847 64.969344 86.778276 95.493960 102.090902 114.567759 116.996755 122.057046 126.086383 124.306743 121.620460 109.581023 100.725668 106.406783 112.658357 119.332324 127.133553 140.471211 156.321408 174.325440 195.276263 217.357308
-9999.0 -9999.0 -9999.0 -9999.0 -9999.0 -9999.0 -9999.0 -9999.0 -9999.0 -9999.0 -9999.0 -9999.0 -9999.0 -9999.0 -9999.0 -9999.0 -9999.0 -9999.0 -9999.0 -6.774640 -5.966031 -4.969639 -0.413143 0.499600 2.690415 9.674190 17.795566 19.921351 18.278436 16.645028 18.162683 20.839710 25.094968 36.622780 50.592733 64.924094 79.217925 100.304983 115.282966 129.341502 145.623218 144.574781 140.340798 138.353457 138.917224 139.602094 145.367227 149.133760 155.373219 161.296926 168.508122 177.911904 189.343962 208.358405 229.351369 250.594000 270.706634
-9999.0 -9999.0 -9999.0 -9999.0 -9999.0 -9999.0 -9999.0 -9999.0 -9999.0 -9999.0 -9999.0 -9999.0 -9999.0 -9999.0 -9999.0 -9999.0 -35.139865 -33.339608 -31.281571 -25.984554 -23.464551 -19.568383 -12.747591 -11.695640 -7.891506 -0.804696 4.159824 12.748838 20.645270 28.011091 34.008687 36.784473 44.588268 54.452949 66.618149 82.506519 104.679639 127.851740 144.515364 161.594107 178.811113 179.542280 178.685071 180.089488 181.200760 189.241502 207.923012 214.880319 218.632904 237.736502 252.886971 259.151048 267.618680 287.358099 312.923249 340.576550 374.035650
-9999.0 -9999.0 -9999.0 -9999.0 -9999.0 -9999.0 -9999.0 -9999.0 -9999.0 -9999.0 -9999.0 -9999.0 -9999.0 -79.991997 -75.872174 -66.660249 -58.284962 -56.062710 -52.141196 -46.433008 -34.323775 -30.833126 -24.643688 -17.047228 -5.546538 2.995987 12.258088 24.132628 32.714176 40.091514 47.408451 54.054604 68.026512 83.826055 100.226568 121.048909 143.361058 164.971680 186.632297 202.703362 217.610356 221.554177 220.738170 223.340735 232.290557 251.450286 272.125124 285.652949 308.557644 334.161182 350.195766 364.691437 375.723077 391.081709 415.241948 454.769047 495.354180
-9999.0 -9999.0 -9999.0 -9999.0 -9999.0 -9999.0 -9999.0 -9999.0 -9999.0 -9999.0 -114.638128 -112.141318 -115.634929 -115.131502 -110.449279 -98.590494 -85.358441 -78.584162 -67.350199 -46.778737 -29.529415 -26.027466 -11.235458 -1.181244 5.507731 16.289871 29.617909 42.852107 60.408701 73.481288 86.414060 107.454723 124.603953 141.743252 160.199136 180.961600 202.775724 233.851850 262.766492 278.446006 304.110929 319.415225 318.096649 319.727333 329.592217 349.153042 375.631055 405.822197 432.902836 462.848771 485.448134 502.738810 516.766147 533.559431 554.506270 592.283025 634.469187
-9999.0 -9999.0 -9999.0 -9999.0 -9999.0 -9999.0 -9999.0 -9999.0 -138.724571 -131.822837 -125.595248 -128.676819 -133.418184 -136.846857 -123.707777 -107.921028 -91.985879 -74.876423 -58.927662 -40.983129 -25.349763 -8.696324 10.890818 22.911408 34.998578 50.539336 64.659053 82.961428 104.988922 120.060022 139.524354 162.391128 182.897164 202.234471 222.178019 242.239530 272.649793 309.743779 345.506936 373.573658 405.634134 434.287656 437.942781 443.739021 450.991555 480.443568 515.630743 553.359469 586.679206 617.980307 648.685891 666.901642 679.076629 694.037628 712.339723 731.732726 758.441192
-9999.0 -9999.0 -9999.0 -9999.0 -9999.0 -9999.0 -164.711952 -140.590738 -125.815834 -133.666295 -142.227508 -145.641936 -149.255724 -129.063679 -107.585304 -90.645226 -73.902312 -56.476537 -40.033749 -25.492989 9.639448 26.718254 42.033513 61.973971 76.732021 91.564746 109.726553 134.262868 158.326805 191.817438 222.585492 251.005234 280.128380 302.727286 324.314960 346.807836 382.989836 425.952796 468.159784 503.554859 537.495047 573.821870 587.631282 596.845382 606.811126 627.498421 659.734249 692.731866 729.235500 762.135998 787.613002 799.379661 810.246383 822.753777 837.662894 851.370801 865.368195
-9999.0 -9999.0 -9999.0 -9999.0 -198.061280 -177.154986 -156.702878 -125.870558 -103.253504 -108.537354 -101.321123 -100.778596 -102.084339 -99.188057 -93.053999 -75.012493 -56.991867 -38.754568 -19.932254 17.692281 60.670955 77.992387 105.306765 138.657088 153.802343 169.952895 186.895490 211.606604 242.675183 280.556223 330.621091 374.411448 405.979767 434.086143 459.396446 486.945262 526.031262 570.792125 612.651762 650.403892 683.735876 712.115460 728.838617 738.697229 751.128161 766.791247 787.355739 814.658570 845.068441 876.193782 900.679500 914.902032 923.441347 934.776104 946.862895 959.801563 971.708493
-9999.0 -9999.0 -9999.0 -245.485535 -206.981696 -169.928589 -142.462604 -111.409913 -79.582972 -73.417547 -64.758949 -58.356528 -51.803565 -42.616300 -32.570928 -15.789056 -0.952596 12.851634 34.677728 72.418735 109.808277 144.716217 179.371927 211.509322 236.389173 254.399630 273.897324 300.912209 344.753745 389.463151 446.412610 506.592873 551.821031 583.108916 607.891804 636.645574 663.625657 701.357193 737.701321 771.142372 803.185900 829.202515 850.056988 858.857190 867.907938 876.904201 893.812390 915.238730 936.753381 963.887821 990.762106 1012.808664 1025.994431 1035.668926 1051.341115 1066.407430 1077.887623
-9999.0 -9999.0 -292.089666 -254.957360 -219.839425 -168.326060 -115.547514 -81.673949 -40.550458 -15.233106 -7.574203 11.447495 29.047393 38.082329 55.584608 73.737123 88.788837 93.756368 108.580604 144.717545 200.086738 252.077725 286.121975 346.062678 384.077009 411.920434 429.727540 458.531220 497.198232 548.056619 602.795391 655.383428 697.735912 731.849253 749.399406 768.658793 792.156985 815.130887 847.181328 875.957435 905.570356 931.574642 954.256019 963.078565 968.286881 983.255930 1005.350856 1028.908385 1051.233998 1072.035544 1081.934501 1088.892284 1092.608155 1095.230163 1098.586119 1100.922720 1102.126086
-9999.0 -9999.0 -317.454089 -273.201005 -230.723327 -161.046729 -84.215779 -46.190801 -2.507304 43.059053 63.278850 88.690936 107.703952 125.390669 150.816379 175.903770 183.975110 189.275478 190.659187 248.384545 311.924138 378.267444 447.993916 519.284450 568.085447 584.708798 596.509342 617.445174 644.619916 691.029315 742.165526 793.446802 836.944911 867.639267 883.960407 901.181013 921.285922 938.950157 956.415507 991.264851 1014.366447 1037.823018 1062.624183 1082.036798 1089.938366 1092.567843 1087.500464 1093.539730 1097.819650 1099.952118 1100.843930 1098.109678 1097.876674 1098.939998 1100.316745 1095.743623 1089.411009
-9999.0 -404.577679 -352.538091 -298.268953 -227.655522 -158.176827 -71.836709 9.778173 62.710479 107.950846 139.002015 159.890080 212.511371 263.262438 293.283129 325.045166 326.767085 328.841063 322.833581 371.991184 432.197806 524.806875 642.869278 703.113938 743.890668 750.165435 748.323554 762.940123 788.574229 829.926362 891.019763 932.976059 979.032408 1013.993969 1027.364301 1033.436332 1049.940432 1068.352917 1069.449742 1083.161017 1089.591066 1095.436580 1096.030007 1098.063955 1099.481228 1100.302754 1097.861566 1092.307792 1085.076269 1079.784047 1076.020682 1071.783881 1074.310366 1077.511810 1078.531300 1071.755665 1063.635310
-9999.0 -438.922532 -378.606673 -305.859528 -233.487670 -157.325473 -45.558348 87.877608 138.252380 176.520410 208.975832 254.513250 345.655005 418.414496 460.674712 508.480776 508.050590 498.597931 495.658513 535.156726 591.754581 668.967251 799.465833 882.551825 902.608856 915.762307 925.261391 949.957037 982.019113 1012.195213 1038.688461 1049.280272 1065.642092 1074.102475 1077.731419 1080.197692 1083.711232 1085.074856 1083.390362 1080.477337 1076.700441 1077.868537 1082.713190 1083.506766 1081.470659 1079.037292 1073.993666 1066.648970 1060.708173 1055.446758 1052.324281 1049.290325 1047.675800 1047.594418 1043.388291 1037.670346 1028.012695
-9999.0 -464.137367 -394.445602 -328.779464 -255.993810 -131.939969 -7.728672 124.446175 217.376903 260.869799 310.251706 402.443544 511.505944 606.383528 659.651955 689.548614 701.344444 692.014458 704.984818 750.542235 812.772561 891.189044 961.806161 1027.823792 1040.887552 1045.630208 1036.565658 1045.217052 1053.233785 1055.992100 1058.257883 1060.651518 1066.922464 1070.755439 1071.091759 1069.788722 1066.735003 1060.157725 1055.757165 1052.604389 1049.416382 1049.769179 1053.410968 1055.086515 1052.791705 1048.987440 1044.487827 1038.613404 1031.669801 1024.123714 1019.669046 1015.489830 1013.069171 1008.203184 1003.455660 997.336893 983.568254
-9999.0 -553.531111 -468.766367 -407.823652 -275.848082 -107.756764 17.988710 173.302347 315.587356 372.033426 471.985891 592.525295 696.216447 767.851159 814.247374 862.118867 895.777384 922.867251 955.584821 943.482901 987.527610 1025.715145 1041.513464 1050.653374 1050.510567 1053.405729 1047.440226 1029.781646 1020.605008 1015.062456 1017.706459 1025.610266 1032.281527 1038.688833 1037.785728 1038.983931 1039.674800 1036.831572 1033.389286 1025.103017 1017.617788 1012.673928 1012.078191 1017.982465 1013.067333 1009.484671 1003.479057 995.387950 986.187041 977.698683 969.606514 962.596423 959.440094 953.611639 951.883884 944.030182 917.231279
-9999.0 -634.333694 -555.806481 -453.956017 -303.766876 -139.067920 5.852461 179.448633 381.084695 504.118656 623.700742 694.146105 769.586566 837.581943 905.460381 952.872566 979.969281 990.593532 987.867798 991.880278 963.017408 957.078853 974.018034 999.260569 1011.769825 1016.636686 1008.724846 997.695929 990.870661 990.214827 989.577679 989.221994 988.777163 987.529152 985.028532 987.090858 991.956604 986.896206 979.453323 971.994863 965.399691 958.090688 953.451366 950.946157 949.349161 948.755181 941.150446 930.502246 919.434424 910.590524 902.224173 895.917602 893.200220 888.230114 881.059200 869.493935 842.086212
-9999.0 -723.361765 -607.272393 -505.712544 -371.793700 -230.798185 -93.723365 77.812004 241.909164 466.484041 642.871304 720.451227 760.352794 814.803575 879.924073 946.289622 957.904760 932.260220 904.250226 888.288839 889.725106 898.476666 912.828315 933.773270 951.109904 960.636852 961.689366 953.474820 940.034900 931.597213 926.042424 917.278720 910.901639 910.144070 909.878859 916.119401 919.238088 910.943622 899.311713 885.009181 872.587193 863.436657 860.983933 862.218809 861.916318 858.360946 850.896552 839.910007 826.589170 814.187768 805.421182 799.070708 792.112834 782.646874 772.095710 759.988147 733.815892
-9999.0 -9999.0 -677.863202 -565.681571 -450.848191 -322.029691 -194.235726 -37.830309 121.618591 317.337230 448.483968 565.575751 632.043410 681.332793 739.312706 794.632108 812.491306 827.560492 807.103197 807.556570 812.014448 818.203690 829.711095 843.357957 857.333503 867.056630 873.534929 871.448119 862.147460 845.843041 826.623628 811.603455 802.549983 795.957560 803.778353 814.334268 812.423592 806.474249 795.800415 781.607954 769.800093 757.515108 754.380689 755.086844 754.917578 751.477659 745.595047 731.445673 716.528139 702.055765 694.246172 686.589464 679.640602 667.889060 655.520776 641.435327 616.625637
-9999.0 -9999.0 -760.213943 -649.307565 -529.148437 -402.637008 -294.275805 -191.804125 -30.355901 95.400500 204.096648 302.641055 384.233402 451.777993 504.653196 565.966676 600.906252 615.387287 627.253239 647.748175 671.062876 696.510872 715.305327 730.194645 744.612442 756.998448 765.652363 755.241624 744.317736 727.128811 704.670878 680.231638 666.786990 661.039404 663.657022 669.506286 664.396554 654.945832 641.266578 625.868838 613.420553 602.027152 598.156414 595.584996 594.325452 590.809963 585.966670 574.297225 559.024989 547.038378 535.838228 526.893496 521.366237 511.890629 500.065507 490.826667 469.988519
-9999.0 -9999.0 -9999.0 -720.063400 -623.139627 -540.154445 -442.477617 -367.522465 -274.617165 -159.535836 -51.645809 54.889294 123.850376 181.203104 237.744275 290.545120 329.638953 354.615585 378.041717 433.284129 469.953855 514.743145 554.380670 574.396801 590.927529 606.722200 610.521601 601.723006 591.669210 574.266553 547.230118 519.175149 503.789030 503.893647 502.201519 502.464618 495.982576 490.523062 478.818533 465.367644 451.592619 442.511249 437.896708 432.623997 428.523034 423.823806 418.852551 411.214393 400.841554 389.812720 381.488191 377.029718 372.018406 366.042010 357.791630 348.395011 335.654370
