tests/Borden05m/sims/sim_1/output-maps/psiliqL0021N0014.asc
ncols         160
nrows         34
xllcorner     620200.000000
yllcorner     5168000.000000
cellsize      0.500000
NODATA_value  -9999.0
[rows 0 to 24 of 34, columns 55 to 109 of 160]
-9999.0 -9999.0 -9999.0 -9999.0 -9999.0 -9999.0 -9999.0 -9999.0 -9999.0 -9999.0 -9999.0 -9999.0 -9999.0 -9999.0 -9999.0 -9999.0 -9999.0 -9999.0 -9999.0 -9999.0 -9999.0 -9999.0 -9999.0 -9999.0 -9999.0 -9999.0 -9999.0 -9999.0 -9999.0 -9999.0 -9999.0 -9999.0 -9999.0 -9999.0 -9999.0 -9999.0 -9999.0 -9999.0 -9999.0 -9999.0 -9999.0 -9999.0 -9999.0 -9999.0 -9999.0 -9999.0 -9999.0 -9999.0 -9999.0 -9999.0 -9999.0 -9999.0 -9999.0 -9999.0 -9999.0
-9999.0 -9999.0 -9999.0 -9999.0 2434.848757 2429.662287 2425.054176 2420.869113 2412.857334 2404.111714 2396.572394 2392.997048 2392.449232 2392.143037 2392.107033 2397.596878 2406.075084 2414.081698 2421.358564 2423.923172 2426.521471 2428.751340 2429.310585 2428.370303 2425.399455 2422.444052 2419.254186 2417.778898 2410.277526 2399.161376 2390.733498 2388.046014 2392.289755 2396.609852 2398.992396 2404.279412 2414.571126 2424.913457 2432.879743 2444.600459 2450.604207 2455.304979 2457.463523 2452.852499 2448.924584 2444.551532 2438.493201 2427.220995 -9999.0 -9999.0 -9999.0 -9999.0 -9999.0 -9999.0 -9999.0
2379.930373 2398.971348 2419.855203 2423.263287 2411.760675 2406.974749 2404.138349 2402.760933 2398.741711 2390.688394 2386.036319 2381.102020 2379.257344 2379.785961 2380.241761 2384.571167 2395.570000 2403.844694 2408.839988 2411.764193 2414.766382 2413.908082 2413.439047 2413.379755 2410.669518 2407.348974 2404.110234 2402.415524 2403.595527 2396.097605 2390.357721 2386.658042 2384.156447 2386.715724 2389.222166 2393.219195 2402.301264 2410.011265 2417.655714 2431.862860 2444.198107 2449.154964 2446.030272 2440.670879 2436.261440 2428.639926 2417.912958 2407.546059 2398.793196 2391.891945 2385.812747 2378.908853 2384.359645 2390.935693 2399.697577
2364.777707 2384.500268 2405.314146 2408.361555 2398.164553 2390.580269 2384.875683 2385.759615 2389.412036 2386.612181 2382.409215 2376.208761 2386.103869 2387.701468 2389.079722 2392.827519 2395.708646 2400.504819 2403.408579 2409.034567 2418.191852 2421.144651 2421.803361 2422.063827 2420.299254 2417.233286 2415.463246 2412.807128 2407.667126 2406.215450 2406.147858 2405.252765 2409.608410 2410.973468 2413.405235 2407.356975 2411.259651 2417.221004 2423.751582 2429.316291 2435.182926 2437.699099 2433.784068 2433.123926 2424.040384 2409.735326 2398.912030 2390.580231 2389.486167 2385.786077 2377.133289 2362.974314 2369.950164 2384.974211 2388.856789
2371.549537 2381.150979 2392.678445 2395.853193 2391.293961 2393.660531 2395.902963 2397.778045 2396.607637 2393.865182 2390.976072 2402.693465 2411.819688 2413.847678 2416.982310 2421.364675 2422.300426 2411.530137 2409.719685 2417.615492 2427.606685 2433.135761 2433.493766 2433.398866 2430.490648 2429.524196 2429.377430 2427.546121 2427.607229 2429.551671 2428.063652 2431.645735 2437.184930 2440.485345 2433.961125 2425.117453 2426.658386 2434.685885 2443.430130 2450.619371 2460.484713 2470.858521 2469.936808 2464.233321 2454.722364 2441.017219 2417.333585 2398.343726 2386.590970 2378.061072 2369.956210 2370.865468 2365.840802 2377.723121 2378.553482
2364.985662 2384.877769 2405.870401 2413.090425 2407.743547 2404.141205 2402.973688 2404.306761 2404.431237 2406.513733 2417.277927 2430.444232 2443.877472 2446.817756 2449.439847 2448.897139 2440.955193 2431.063074 2428.357394 2442.541028 2459.680244 2467.951569 2468.072801 2465.296473 2469.994013 2469.687030 2469.474941 2465.670590 2467.005751 2466.162020 2473.331103 2480.975971 2488.558753 2486.986861 2474.591582 2462.460635 2461.662086 2465.883747 2471.192070 2477.861701 2487.506456 2496.192463 2490.536048 2483.801670 2474.542693 2446.816880 2421.176555 2405.054436 2404.239376 2403.733279 2398.183753 2394.704707 2391.846946 2385.612581 2384.583435
2408.316326 2429.086411 2450.374287 2465.254931 2460.053689 2453.163931 2444.866053 2445.985168 2448.148985 2455.566880 2467.623816 2482.832288 2506.095066 2507.473033 2509.473233 2510.111209 2498.448423 2486.123630 2476.151531 2496.888925 2507.902128 2515.687975 2514.892797 2521.959067 2531.196510 2527.404239 2520.620556 2509.429928 2515.412505 2524.017552 2539.133799 2546.577143 2551.205947 2547.806162 2534.885755 2528.394594 2528.600462 2533.160673 2532.627742 2539.213863 2547.957787 2562.192044 2560.374326 2553.990577 2532.225256 2494.425808 2462.032190 2444.976087 2453.217507 2445.872588 2437.716955 2434.985351 2421.652941 2411.907233 2412.435777
2452.954561 2469.193305 2487.183428 2505.117667 2498.699396 2489.287534 2474.978609 2473.753032 2480.042376 2490.935808 2509.708507 2530.184838 2552.172593 2555.150205 2552.820896 2562.524547 2556.809195 2547.205111 2539.884524 2557.546732 2568.518058 2578.899636 2586.193255 2598.945534 2609.905093 2596.277353 2581.393879 2573.210302 2579.611752 2602.880899 2623.207293 2628.062049 2627.839067 2628.236949 2615.251663 2609.645074 2605.004606 2603.018383 2598.829717 2595.633232 2617.480353 2636.221921 2634.579436 2611.524585 2587.498038 2548.841356 2510.246857 2481.735559 2488.265219 2483.939325 2484.294319 2471.068645 2456.638824 2444.499319 2437.504752
2519.817050 2545.238390 2564.078752 2585.940506 2581.594929 2562.063112 2550.248518 2554.573940 2568.547726 2576.996028 2594.881621 2615.237069 2643.624661 2659.794214 2674.672988 2680.562028 2672.493084 2664.133592 2652.121213 2654.886501 2676.448651 2689.844540 2699.506579 2709.000707 2721.655404 2724.156797 2719.067574 2717.885711 2721.884597 2732.829078 2745.071211 2751.708050 2755.341568 2757.304612 2747.472673 2735.772648 2733.531695 2726.843382 2723.159125 2721.206629 2728.507457 2744.490736 2740.810561 2707.419477 2679.293836 2643.055928 2604.405215 2573.313223 2561.646877 2574.384268 2567.990510 2549.921555 2534.758691 2504.218059 2493.330920
2604.275232 2639.016075 2665.430975 2679.902562 2690.918484 2681.191507 2681.584333 2686.609167 2695.394793 2700.038449 2707.689304 2740.372096 2773.338250 2800.217962 2824.071953 2832.560991 2821.444966 2812.099920 2799.614396 2790.951613 2799.655088 2816.283776 2833.816161 2849.156791 2860.517791 2863.248181 2861.801459 2862.042886 2864.870344 2867.820402 2871.590613 2879.138462 2886.660832 2823.372128 2829.077272 2823.843364 2878.851076 2868.226013 2857.075672 2854.165645 2853.783789 2854.668841 2854.329576 2840.026149 2801.007112 2769.490321 2737.879898 2713.864147 2696.384889 2689.278338 2667.712893 2642.981222 2592.730093 2553.695641 2520.007517
2707.037360 2750.846317 2780.142213 2801.047531 2815.874834 2816.259677 2819.374117 2821.998836 2827.451115 2831.741566 2836.869117 2862.508705 2826.629180 2861.373646 2891.775543 2893.130901 2881.056917 2870.149312 2860.657347 2847.779258 2844.164268 2855.081897 2868.965415 2887.721582 2898.551779 2905.914912 2902.626692 2903.003662 2905.344481 2906.640023 2908.595342 2911.639901 2920.273693 2930.718650 2943.848135 2943.842566 2930.537138 2914.129239 2897.773564 2893.602348 2889.840363 2884.539017 2885.953300 2887.242817 2874.440154 2848.933975 2881.951460 2839.827581 2818.159991 2799.234896 2785.881060 2769.232829 2732.845581 2669.201805 2631.901343
2832.116549 2865.010697 2820.926514 2847.675341 2863.743597 2867.960598 2866.509396 2866.482585 2873.608092 2877.611791 2884.779038 2900.161418 2925.591985 2958.331264 2986.765057 3002.734732 2996.421854 2980.500891 2960.211164 2952.145196 2949.905232 2953.010393 2961.521313 2972.681443 2990.729953 3008.201320 2986.436477 2987.283259 3011.669624 2986.971568 2987.051240 2987.121433 2989.373202 2996.448036 3005.299833 3008.416582 3003.166432 3011.727582 2990.206970 2977.851297 2970.603226 2966.755962 2966.590865 2970.217043 2971.987281 2958.412679 2929.794564 2887.936833 2856.891218 2839.447068 2829.018726 2886.116473 2872.619797 2842.762930 2821.280028
2867.558372 2882.347610 2906.112513 2933.824999 2955.858999 2971.028218 2972.687555 2976.623199 2981.398241 2989.558732 3004.053350 2997.569157 3013.213662 3033.578001 3058.085054 3072.903040 3078.222334 3077.217043 3074.128894 3075.531024 3075.827633 3025.551572 3030.712704 3035.839948 3049.561907 3062.405127 3065.674689 3066.198033 3065.448943 3065.750959 3066.318443 3066.307524 3065.958163 3067.488745 3071.560900 3073.117162 3071.255270 3062.047371 3075.175103 3056.313539 3043.487217 3035.610670 3027.642582 3019.398903 3010.098223 3001.848782 3011.453450 2982.805242 2949.126151 2926.836189 2917.899100 2915.037204 2907.071820 2901.241094 2884.751427
2963.492163 2974.485702 2991.787636 3012.863653 3015.310155 3035.524014 3046.351962 3055.206302 3059.771224 3072.954007 3088.254820 3074.573277 3081.198313 3088.113059 3094.980059 3097.336546 3098.008670 3097.694031 3095.370967 3094.747729 3092.603620 3088.764983 3078.683542 3080.254993 3082.050227 3084.624417 3088.246187 3087.072797 3088.149944 3091.061311 3089.408680 3083.596476 3079.719446 3078.161800 3078.979862 3086.285971 3089.642500 3090.573730 3088.023979 3087.193013 3086.398614 3083.667948 3080.251686 3075.429052 3069.254788 3080.228666 3070.357962 3044.321336 3008.410104 2998.891620 2989.895752 2989.626114 2989.533325 2987.370751 2981.479772
3051.138603 3064.014661 3077.989048 3062.224012 3078.825577 3087.965255 3092.266750 3095.805459 3098.410969 3100.813307 3097.722610 3094.546767 3089.755521 3088.307340 3086.984093 3084.572409 3085.202288 3083.303848 3079.319419 3075.493378 3068.136921 3056.930522 3045.755632 3042.562518 3046.953450 3052.346831 3057.194731 3061.196891 3064.767537 3065.146706 3059.972637 3051.820688 3044.506416 3042.788423 3049.501188 3055.160586 3061.231114 3062.046034 3060.686985 3058.399836 3058.340147 3055.388572 3055.712850 3062.541442 3076.677704 3080.361828 3085.125687 3084.437239 3071.104818 3048.250598 3053.524384 3033.975169 3039.245188 3034.805863 3023.704163
3089.716556 3091.972247 3090.683335 3089.373856 3083.162118 3077.246877 3076.507853 3080.460416 3087.397960 3088.531535 3081.559627 3073.198877 3066.152336 3059.035651 3056.813483 3056.041971 3055.674353 3056.056205 3050.823200 3042.178642 3027.255382 3015.825143 3004.783246 2998.852896 2995.714000 2999.655238 3010.343346 3021.565711 3026.433681 3018.064276 3010.023186 2998.707106 2990.727503 2991.131531 2992.586795 3001.874251 3017.646172 3024.155547 3024.919226 3018.960115 3013.190688 3006.838254 3004.140508 3010.640162 3025.618233 3040.213598 3054.915304 3063.604337 3071.090674 3077.931781 3078.090084 3080.253142 3081.452005 3079.721054 3081.318220
3083.761617 3076.996955 3070.242182 3065.116570 3058.706829 3053.385417 3051.643241 3053.729331 3056.014249 3052.238262 3045.913178 3037.411601 3026.618637 3017.046949 3010.002127 3010.964082 3013.255258 3014.692099 3007.839253 2994.363895 3004.859862 2992.094583 2978.276490 2974.237520 2968.622389 2962.069746 2972.200148 2990.864506 2997.770079 2982.652459 2972.217903 2957.519457 2950.809967 2947.240002 2948.373522 2957.531237 2979.152086 3001.694285 3003.688805 2993.465626 2983.381818 2978.886551 2976.188547 2981.616053 2998.093550 2988.633771 3002.571094 3012.502715 3017.823628 3025.603653 3034.870576 3046.809205 3060.827964 3072.569517 3078.420689
3059.399703 3051.772789 3044.226436 3036.762376 3030.044625 3025.461958 3021.324462 3019.375133 3015.947187 3010.036486 3004.576110 3014.959848 3003.254335 2990.477589 2975.799289 2971.829417 2967.429762 2968.494154 2957.024982 2948.334379 2932.261937 2917.130334 2904.926004 2892.541753 2886.701700 2880.214218 2880.327643 2894.280874 2902.809080 2892.147214 2882.353690 2871.139469 2866.222041 2863.018895 2865.441397 2875.951530 2896.419320 2914.977747 2923.126636 2915.917412 2913.647673 2909.603375 2908.304080 2914.607801 2926.642728 2944.268051 2966.163042 2984.202121 2994.113007 3001.468586 3010.350209 2994.173543 3006.488895 3020.416814 3037.785150
3029.368593 3021.761250 3012.117180 3002.721756 2993.970209 3013.214164 3007.376361 3009.235733 3002.704761 2996.506057 2976.087094 2924.976318 2908.326005 2889.593669 2873.456542 2866.808037 2858.492774 2844.794472 2835.859648 2830.619542 2830.006429 2819.026639 2869.669721 2851.924216 2846.375813 2842.168939 2827.156850 2825.247643 2826.429674 2838.717441 2832.308553 2829.734003 2830.533420 2828.371608 2830.606350 2844.062925 2853.639892 2861.297773 2868.775427 2872.708950 2883.172650 2820.921365 2825.803906 2842.612463 2854.467930 2870.622514 2891.376320 2912.794331 2927.567773 2937.286691 2947.985510 2962.467553 2978.840002 2996.534590 3018.126471
2998.189978 3012.065536 2998.452592 2984.131561 2971.440609 2959.554774 2944.498333 2945.753701 2942.878937 2933.039343 2885.677656 2847.962725 2884.487830 2865.770951 2841.220175 2826.807211 2810.376754 2774.519683 2757.028847 2753.925791 2764.953746 2759.210337 2744.635588 2731.894661 2722.498115 2713.613042 2697.123598 2681.220067 2686.718241 2703.187109 2702.548118 2704.505314 2711.413575 2710.808099 2705.487081 2705.743156 2719.038000 2726.020432 2737.652363 2754.418041 2760.190643 2774.526538 2807.341238 2822.193557 2839.137497 2859.975867 2882.488710 2832.885322 2851.269908 2865.289851 2880.484897 2895.487522 2912.207536 2932.767323 2955.624822
2977.364464 2948.531589 2928.020349 2910.974669 2895.727851 2870.665562 2850.301392 2847.708080 2841.073178 2818.104838 2832.178710 2794.005050 2769.058453 2746.191753 2721.626019 2697.912549 2660.971289 2626.338431 2604.239613 2616.090899 2625.448895 2633.326189 2620.996523 2609.390534 2599.362142 2582.379808 2565.831620 2550.750003 2560.918640 2569.476299 2585.317823 2591.319871 2595.371202 2600.537588 2599.549167 2591.128454 2589.635176 2598.571836 2609.382412 2621.882433 2642.093473 2678.253762 2704.522301 2724.086093 2746.400064 2767.664337 2791.222727 2815.047307 2839.333995 2858.119606 2878.235569 2824.580995 2841.993298 2861.826042 2885.421321
2903.476262 2875.527120 2849.219145 2829.682712 2864.918512 2819.588991 2803.117954 2792.511206 2771.820601 2726.600213 2685.011063 2657.750285 2640.852930 2616.407683 2593.711238 2564.520377 2531.325626 2507.862164 2486.931503 2495.640066 2504.422695 2521.471693 2511.532460 2503.220564 2499.079653 2483.740391 2470.167186 2454.240849 2460.833134 2472.302254 2493.962203 2499.536488 2503.665726 2512.613803 2512.129564 2508.569801 2494.088613 2502.002392 2513.440410 2528.770854 2559.580925 2583.259463 2607.274547 2630.238430 2651.437160 2676.534736 2701.282473 2726.374776 2754.650387 2776.221941 2797.025566 2819.214263 2840.634725 2858.306823 2877.796466
2861.917187 2836.499922 2814.972287 2789.766443 2749.003074 2704.017723 2662.389930 2637.601636 2588.481218 2552.885644 2527.821577 2521.988346 2507.560789 2486.298091 2465.869462 2444.897759 2421.507885 2401.297098 2376.180963 2380.686222 2395.117827 2410.918698 2409.961647 2409.425587 2407.328158 2397.391556 2383.822495 2370.179869 2373.851947 2390.399784 2408.113878 2417.557010 2425.163418 2433.109557 2433.268925 2424.883105 2415.769636 2421.307120 2436.946271 2454.306802 2473.719346 2495.639799 2517.914497 2539.588038 2563.336064 2587.137005 2611.696067 2638.320379 2668.402813 2691.458640 2716.973179 2743.332327 2762.770298 2774.584231 2786.058463
2752.037079 2731.057171 2706.630295 2678.291790 2634.649119 2593.722409 2552.157000 2506.485489 2472.480179 2441.887605 2431.478392 2414.890380 2400.034883 2384.224656 2363.519217 2346.247077 2330.221024 2308.558492 2296.083758 2302.471757 2315.465651 2324.164177 2329.611481 2327.114149 2324.488308 2318.279432 2304.395433 2298.577312 2308.153470 2323.395220 2337.461335 2348.752888 2355.770899 2361.374722 2358.708551 2350.151112 2346.799999 2355.377853 2371.281528 2385.524903 2401.526577 2423.006738 2444.691174 2467.328805 2490.975202 2514.217211 2539.991225 2566.469473 2593.400129 2621.454626 2645.673899 2668.494697 2680.059832 2691.983673 2695.824396
2619.233706 2605.610391 2579.345467 2550.525398 2520.274512 2485.399827 2458.850302 2426.447125 2395.826248 2366.281736 2340.396238 2326.533600 2319.071898 2305.469604 2287.775223 2275.913831 2259.930049 2247.662308 2251.778894 2253.195188 2261.814863 2260.557768 2261.231614 2258.529018 2257.705491 2254.860416 2247.480469 2257.972324 2264.789674 2278.533218 2288.802014 2298.523696 2304.569921 2308.465515 2309.483527 2304.953845 2310.481897 2317.188416 2331.436105 2343.108807 2357.429512 2377.971106 2395.385150 2415.040492 2438.387847 2462.259535 2487.218832 2513.891882 2542.717164 2568.481863 2587.946891 2596.467521 2607.535410 2611.915381 2604.200960
