tests/Borden05m/sims/sim_1/output-maps/psiliqL0012N0011.asc
ncols         160
nrows         34
xllcorner     620200.000000
yllcorner     5168000.000000
cellsize      0.500000
NODATA_value  -9999.0
[rows 0 to 24 of 34, columns 0 to 56 of 160]
-9999.0 -9999.0 -9999.0 -9999.0 -9999.0 -9999.0 -9999.0 -9999.0 -9999.0 -9999.0 -9999.0 -9999.0 -9999.0 -9999.0 -9999.0 -9999.0 -9999.0 -9999.0 -9999.0 -9999.0 -9999.0 -9999.0 -9999.0 -9999.0 -9999.0 -9999.0 -9999.0 -9999.0 -9999.0 -9999.0 -9999.0 -9999.0 -9999.0 -9999.0 -9999.0 -9999.0 -9999.0 -9999.0 -9999.0 -9999.0 -9999.0 -9999.0 -9999.0 -9999.0 -9999.0 -9999.0 -9999.0 -9999.0 -9999.0 -9999.0 -9999.0 -9999.0 -9999.0 -9999.0 -9999.0 -9999.0 -9999.0
-9999.0 -9999.0 -9999.0 -9999.0 -9999.0 -9999.0 -9999.0 -9999.0 -9999.0 -9999.0 -9999.0 -9999.0 -9999.0 -9999.0 -9999.0 -9999.0 -9999.0 -9999.0 -9999.0 -9999.0 -9999.0 -9999.0 -9999.0 -9999.0 -9999.0 -9999.0 -9999.0 -9999.0 -9999.0 -9999.0 -9999.0 -9999.0 -9999.0 -9999.0 -9999.0 -9999.0 -9999.0 -9999.0 -9999.0 -9999.0 -9999.0 -9999.0 -9999.0 -9999.0 -9999.0 -9999.0 -9999.0 -9999.0 -9999.0 -9999.0 -9999.0 -9999.0 -9999.0 -9999.0 -9999.0 -9999.0 -9999.0
-9999.0 -9999.0 -9999.0 -9999.0 -9999.0 -9999.0 -9999.0 -9999.0 -9999.0 -9999.0 -9999.0 -9999.0 -9999.0 -9999.0 -9999.0 -9999.0 -9999.0 -9999.0 -9999.0 -9999.0 -9999.0 -9999.0 -9999.0 -9999.0 -9999.0 -9999.0 -9999.0 -9999.0 -9999.0 -9999.0 -9999.0 -9999.0 -9999.0 -9999.0 -9999.0 -9999.0 -9999.0 -9999.0 -9999.0 -9999.0 -9999.0 -9999.0 -9999.0 -9999.0 -9999.0 -9999.0 -9999.0 492.030786 474.715783 458.855170 456.779381 479.457303 502.928674 526.775867 547.412329 566.111182 585.124528
-9999.0 -9999.0 -9999.0 -9999.0 -9999.0 -9999.0 -9999.0 -9999.0 -9999.0 -9999.0 -9999.0 -9999.0 -9999.0 -9999.0 -9999.0 -9999.0 -9999.0 -9999.0 -9999.0 -9999.0 -9999.0 -9999.0 -9999.0 -9999.0 -9999.0 -9999.0 -9999.0 -9999.0 -9999.0 -9999.0 -9999.0 -9999.0 -9999.0 -9999.0 -9999.0 -9999.0 -9999.0 -9999.0 -9999.0 -9999.0 539.540335 545.465376 546.814750 536.317251 525.157312 513.107904 493.189609 475.423774 460.455730 457.937194 460.699618 466.065393 488.876823 513.552465 533.282923 550.508351 569.831858
-9999.0 -9999.0 -9999.0 -9999.0 -9999.0 -9999.0 -9999.0 -9999.0 -9999.0 -9999.0 -9999.0 -9999.0 -9999.0 -9999.0 -9999.0 -9999.0 -9999.0 -9999.0 -9999.0 -9999.0 -9999.0 -9999.0 -9999.0 -9999.0 -9999.0 -9999.0 -9999.0 -9999.0 -9999.0 -9999.0 -9999.0 -9999.0 -9999.0 -9999.0 446.996100 464.536589 482.719093 501.188986 517.962160 524.756655 530.637301 536.448398 532.441638 527.843170 516.606934 497.724000 478.257129 464.408487 462.249976 459.876260 464.350768 477.441612 494.359278 510.772978 531.863499 555.452013 564.864368
-9999.0 -9999.0 -9999.0 -9999.0 -9999.0 -9999.0 -9999.0 -9999.0 -9999.0 -9999.0 -9999.0 -9999.0 -9999.0 -9999.0 -9999.0 -9999.0 -9999.0 -9999.0 -9999.0 -9999.0 -9999.0 -9999.0 -9999.0 -9999.0 -9999.0 -9999.0 -9999.0 -9999.0 450.945776 445.091740 440.097335 438.702407 437.510489 436.486893 443.463525 455.718956 473.954727 495.703539 508.735720 516.046541 522.756090 523.621088 518.770336 516.842428 517.253882 505.603453 494.081402 483.311421 472.953057 471.676544 481.427897 495.666910 512.029298 527.084647 542.718831 554.369316 571.413988
-9999.0 -9999.0 -9999.0 -9999.0 -9999.0 -9999.0 -9999.0 -9999.0 -9999.0 -9999.0 -9999.0 -9999.0 -9999.0 -9999.0 -9999.0 -9999.0 -9999.0 -9999.0 -9999.0 -9999.0 -9999.0 -9999.0 -9999.0 421.061475 426.978318 433.564371 441.072489 442.063229 438.004086 432.467448 429.497053 428.099179 426.564041 431.157592 439.482485 453.260272 469.284140 491.242978 500.007043 506.418612 518.858878 521.596526 527.175738 531.366581 529.774253 527.137562 514.987773 506.040946 511.494254 517.672732 524.585646 532.672895 546.236659 562.010381 579.856651 600.621924 622.572725
-9999.0 -9999.0 -9999.0 -9999.0 -9999.0 -9999.0 -9999.0 -9999.0 -9999.0 -9999.0 -9999.0 -9999.0 -9999.0 -9999.0 -9999.0 -9999.0 -9999.0 -9999.0 -9999.0 395.979263 396.895349 398.067258 402.774093 403.700580 405.948558 413.032180 421.279547 423.659099 422.102347 420.729421 422.409813 425.271265 429.756172 441.320944 455.369344 469.783601 484.001736 505.129019 520.141049 534.091015 550.365968 549.690089 545.745680 544.017215 544.723056 545.343637 550.399353 553.796516 560.244088 565.720542 572.702638 582.337308 594.092515 612.977779 633.639106 654.393199 673.718062
-9999.0 -9999.0 -9999.0 -9999.0 -9999.0 -9999.0 -9999.0 -9999.0 -9999.0 -9999.0 -9999.0 -9999.0 -9999.0 -9999.0 -9999.0 -9999.0 367.395124 369.270345 371.473688 376.877352 379.663335 383.702861 390.686961 391.946835 395.854632 403.100363 408.170044 417.025624 425.168006 432.689531 438.868548 441.806447 449.637735 459.592188 471.815348 487.573655 509.579976 532.900171 549.563755 566.730865 584.097261 584.994334 584.240737 585.720647 586.728366 594.129266 612.424289 619.029568 621.729673 639.721624 654.578360 660.597249 669.008573 688.673841 713.446412 738.966876 770.299561
-9999.0 -9999.0 -9999.0 -9999.0 -9999.0 -9999.0 -9999.0 -9999.0 -9999.0 -9999.0 -9999.0 -9999.0 -9999.0 321.793871 325.983965 335.436743 344.301101 346.757140 350.952678 356.928971 369.189914 372.876226 379.221022 386.950913 398.788274 407.537536 416.937906 428.991767 437.704101 445.241028 452.658807 459.047059 472.898599 488.650150 504.962864 525.723228 548.128298 569.477609 590.843651 607.098242 621.705623 624.936712 624.273653 626.982702 635.534584 653.943221 673.937343 685.446321 706.138829 730.618717 745.649924 759.088133 769.231262 783.668042 806.063314 842.446120 880.185468
-9999.0 -9999.0 -9999.0 -9999.0 -9999.0 -9999.0 -9999.0 -9999.0 -9999.0 -9999.0 287.805654 290.289263 286.939294 287.187461 292.164528 304.235586 317.787227 324.576960 336.087544 356.936589 374.568226 378.244692 393.088470 403.405520 410.338171 421.223264 434.704350 447.993320 465.469120 478.567639 491.182660 511.811538 528.961170 546.152390 564.636998 585.533649 606.770748 636.952218 665.302198 679.986451 704.270890 717.658218 715.779171 716.852399 726.446607 744.465789 768.449434 795.072450 819.128072 846.670657 866.853848 882.901861 895.350876 909.507026 926.775768 962.004625 1003.172145
-9999.0 -9999.0 -9999.0 -9999.0 -9999.0 -9999.0 -9999.0 -9999.0 263.418917 270.586866 276.863091 273.950087 269.469122 265.961345 279.492547 295.424109 311.540350 329.013644 345.139988 363.366406 379.039390 395.730596 415.664979 427.804311 439.975938 455.704693 469.926681 488.011696 510.044524 524.438698 543.064183 565.663967 585.711620 604.868648 624.702738 644.341119 673.244912 708.839085 742.917040 768.547804 798.461002 823.974625 825.260863 829.348985 835.221168 862.677452 894.394173 927.159372 955.166012 984.250608 1014.660957 1033.218563 1044.980121 1058.761984 1075.131041 1093.743580 1121.229374
-9999.0 -9999.0 -9999.0 -9999.0 -9999.0 -9999.0 236.824845 261.061018 276.042656 268.304663 259.291102 255.936773 252.307570 274.097397 295.944751 313.195062 330.201292 347.926232 364.652135 378.759046 413.523692 431.242842 446.465452 465.884218 480.909275 495.992042 514.197920 538.584050 562.052295 594.257868 623.243542 650.051566 678.157783 699.697210 720.289706 741.048435 774.820681 814.525079 853.475709 885.148822 914.761482 946.690555 956.197357 963.151951 971.632540 992.489621 1024.337634 1055.570001 1090.249486 1122.870189 1149.361904 1161.686809 1172.677617 1184.773232 1198.974119 1212.123283 1226.650312
-9999.0 -9999.0 -9999.0 -9999.0 203.319029 224.294965 244.661525 275.526796 298.243682 293.267439 300.434185 301.016655 299.720005 303.284981 310.070501 328.384401 346.926426 365.731908 384.420921 421.145255 464.941372 481.861276 508.226567 541.320402 556.214719 572.401514 589.485244 613.891487 643.380828 679.475715 726.682364 767.324919 795.810596 821.051998 844.187048 868.775265 904.335390 943.679138 981.965073 1017.656800 1049.010854 1075.470408 1089.674630 1098.233549 1110.269877 1126.322096 1147.361973 1174.602170 1205.370032 1237.279260 1262.420911 1276.759202 1285.200894 1296.291051 1307.627637 1320.446459 1332.747949
-9999.0 -9999.0 -9999.0 155.000644 193.626446 231.104325 258.495632 289.623047 321.742077 327.467397 336.523225 342.573463 348.694366 357.949193 367.698540 384.976725 400.767930 415.877355 438.184927 475.815470 512.507187 545.541993 579.400748 609.410141 632.680249 650.073189 669.489781 695.379985 737.242538 778.037020 830.992524 886.611157 925.943385 952.365783 975.249168 1003.064499 1028.677370 1064.778349 1099.898371 1133.145275 1165.117282 1190.476552 1210.182601 1218.299865 1227.492044 1236.259804 1252.891349 1274.261598 1296.014245 1324.399733 1352.220820 1375.728977 1389.342312 1399.261631 1415.146924 1430.858233 1442.988049
-9999.0 -9999.0 108.151826 145.598410 180.334700 231.387121 284.364673 318.633786 359.861536 384.815544 392.444473 410.998242 428.338473 437.041696 454.130893 472.274644 488.899615 495.106463 511.224258 545.196768 598.342108 647.579363 675.847492 731.158266 766.452722 793.971406 811.762704 839.445128 875.705460 920.216049 970.441168 1020.913130 1060.553696 1092.424284 1109.078302 1128.243723 1151.117829 1174.187315 1206.796183 1235.640036 1266.282182 1292.399600 1314.575071 1322.461942 1327.555069 1342.655872 1365.654343 1390.007168 1413.344835 1435.741090 1443.187160 1452.542051 1457.257883 1460.387395 1464.495844 1467.399665 1468.875412
-9999.0 -9999.0 82.225226 126.783212 168.389411 236.786853 315.006881 352.891249 396.554790 442.618790 462.611337 488.073712 504.537866 519.288146 544.389898 568.855314 579.357074 585.888856 586.991865 643.757470 704.600937 762.977820 821.299149 888.142221 933.403188 949.266602 961.279525 982.160179 1008.019769 1052.121915 1100.836755 1152.424239 1195.614040 1225.990509 1241.922205 1259.285947 1279.000285 1296.298185 1314.199252 1350.944391 1376.205282 1400.796344 1426.475137 1446.193725 1454.242931 1457.157478 1449.704555 1457.322402 1462.868738 1465.824030 1467.212092 1464.562566 1464.417737 1465.506661 1466.745473 1461.875247 1455.247187
-9999.0 -5.670649 46.453970 100.301873 170.260551 238.956343 324.113564 405.283693 460.331201 506.904778 537.650056 555.304149 601.339185 648.844003 677.525840 707.481066 710.638390 714.904089 707.568304 755.512818 809.625474 891.302463 1003.655713 1060.856254 1102.196765 1106.269420 1103.128831 1116.923568 1141.709442 1183.591534 1246.670044 1290.852717 1339.765579 1376.640327 1390.498780 1396.612966 1413.128510 1431.737776 1426.653221 1444.278661 1452.833197 1460.253189 1461.989783 1464.106381 1465.560558 1466.224955 1463.519951 1457.661187 1450.411464 1445.328358 1441.643338 1437.329609 1439.856783 1443.063799 1443.682702 1436.371247 1427.879982
-9999.0 -40.490482 19.497216 91.759457 163.682476 236.508267 344.919779 482.763517 535.052377 573.493575 602.225446 637.688296 722.044398 791.477339 830.150235 876.188033 874.799243 866.427510 859.149529 893.945693 946.023944 1020.372723 1154.598717 1237.167275 1260.337181 1272.605129 1281.172453 1306.660534 1340.583659 1373.163489 1402.307269 1408.434276 1429.281148 1439.944170 1443.789351 1445.887074 1449.313718 1450.081927 1448.447040 1445.730977 1442.214812 1443.467304 1448.255527 1448.833731 1446.717682 1444.092794 1438.667119 1430.947634 1425.142094 1420.289550 1417.261529 1413.957609 1412.216251 1412.042103 1407.262134 1400.714236 1390.536919
-9999.0 -67.639586 2.766415 67.641615 137.271683 257.463062 382.729471 516.678106 610.054413 651.307119 688.816426 769.067059 871.300538 966.046619 1019.367270 1048.344636 1057.235301 1044.498323 1053.819816 1098.083662 1160.332942 1243.421863 1322.249478 1392.148766 1405.401816 1410.034120 1396.469345 1407.536648 1417.809557 1420.929974 1423.480513 1427.071709 1433.506487 1437.417419 1437.398550 1435.597662 1431.708212 1424.352903 1419.797539 1417.127830 1414.363973 1414.645778 1417.839269 1419.213305 1416.946011 1413.084422 1408.146732 1401.697807 1394.866453 1387.687689 1383.272844 1378.841867 1376.265191 1371.084663 1365.894192 1358.934682 1344.111958
-9999.0 -161.405577 -74.981375 -16.330219 108.431398 279.325581 405.858993 559.334146 703.214392 751.058520 837.418729 954.679711 1057.304861 1130.077892 1175.092437 1221.320982 1254.019460 1280.690822 1314.872854 1290.316814 1339.211768 1385.070131 1404.673003 1415.204791 1416.332865 1418.996678 1412.765782 1395.107319 1386.004826 1380.595929 1383.522310 1391.849000 1398.377634 1404.690213 1403.282154 1404.022540 1403.769456 1399.926207 1396.089688 1388.201321 1381.038264 1375.875053 1374.647303 1380.074389 1375.209676 1371.721931 1365.368205 1356.809893 1347.599018 1339.364530 1331.272593 1324.116115 1320.792902 1314.657199 1312.345906 1303.467374 1275.391476
-9999.0 -242.414663 -164.346899 -67.462916 77.817926 242.615710 381.585080 552.881465 756.399914 872.896314 991.266651 1060.680206 1134.691105 1200.205292 1266.479258 1314.090493 1341.242341 1352.914326 1347.963324 1355.559978 1326.070142 1320.174506 1337.438604 1363.244897 1376.241878 1380.985814 1373.269309 1362.987640 1356.420630 1355.948355 1355.428216 1354.931977 1354.088856 1352.515000 1349.595188 1351.233011 1355.193725 1348.855630 1340.420069 1332.565770 1325.623514 1317.824389 1312.675123 1309.619554 1308.204537 1307.680801 1299.960250 1289.231073 1278.276190 1269.646482 1261.455672 1255.222347 1252.188087 1246.712361 1238.538038 1225.921452 1197.770444
-9999.0 -335.611221 -217.064213 -118.226443 10.980638 150.585166 283.752482 452.541974 609.671219 828.198236 993.141983 1081.696629 1122.241493 1178.990623 1242.207899 1309.259390 1318.758709 1293.180754 1264.578464 1250.260649 1253.999068 1263.199682 1276.741822 1296.712364 1313.877249 1323.352545 1324.918149 1317.179608 1303.800196 1295.064257 1289.143797 1280.093649 1273.464394 1272.446426 1272.463340 1278.702542 1280.702272 1271.313188 1258.491479 1243.017724 1229.605786 1219.580770 1216.751733 1217.916125 1217.720735 1214.155784 1207.061371 1196.432583 1183.708196 1171.802930 1163.738014 1157.688499 1150.448564 1140.299161 1128.945643 1116.058020 1089.871938
-9999.0 -9999.0 -289.739177 -177.600529 -64.982693 61.771297 184.935109 336.498941 492.271907 680.057570 801.705424 922.491202 991.082161 1038.624588 1092.813603 1148.250937 1167.477781 1185.401505 1167.774016 1170.616288 1176.152782 1181.870819 1191.853921 1203.937502 1217.165827 1226.769557 1233.659404 1231.475230 1222.300165 1205.799695 1186.462742 1171.578834 1162.775661 1155.954503 1164.215570 1174.714762 1171.746271 1164.812868 1152.928804 1137.535187 1124.766030 1111.512632 1107.855532 1108.231342 1108.147003 1105.057438 1100.124459 1087.168509 1073.954208 1061.421209 1055.134262 1048.335463 1041.991025 1030.411074 1018.046505 1004.259854 980.634572
-9999.0 -9999.0 -373.229402 -262.691457 -144.244689 -18.461318 87.025266 178.675685 336.752919 458.435964 564.346351 661.492845 742.163537 805.740282 852.803810 913.640621 951.797120 967.605523 983.680061 1008.586767 1032.654665 1058.027497 1075.254009 1088.203121 1101.920759 1114.485800 1122.969008 1111.906484 1101.099224 1084.713711 1063.872597 1041.172639 1028.962945 1024.306587 1026.537974 1031.678755 1025.889952 1015.938735 1001.502545 985.594855 972.533671 960.908071 956.729871 953.647357 952.327555 949.258634 945.660455 936.431559 924.414637 915.783470 906.914055 899.942145 895.790928 887.753375 877.255498 869.500054 851.063137
