tests/Borden05m/sims/sim_1/output-maps/psiliqL0011N0011.asc
ncols         160
nrows         34
xllcorner     620200.000000
yllcorner     5168000.000000
cellsize      0.500000
NODATA_value  -9999.0
[rows 0 to 24 of 34, columns 0 to 56 of 160]
-9999.0 -9999.0 -9999.0 -9999.0 -9999.0 -9999.0 -9999.0 -9999.0 -9999.0 -9999.0 -9999.0 -9999.0 -9999.0 -9999.0 -9999.0 -9999.0 -9999.0 -9999.0 -9999.0 -9999.0 -9999.0 -9999.0 -9999.0 -9999.0 -9999.0 -9999.0 -9999.0 -9999.0 -9999.0 -9999.0 -9999.0 -9999.0 -9999.0 -9999.0 -9999.0 -9999.0 -9999.0 -9999.0 -9999.0 -9999.0 -9999.0 -9999.0 -9999.0 -9999.0 -9999.0 -9999.0 -9999.0 -9999.0 -9999.0 -9999.0 -9999.0 -9999.0 -9999.0 -9999.0 -9999.0 -9999.0 -9999.0
-9999.0 -9999.0 -9999.0 -9999.0 -9999.0 -9999.0 -9999.0 -9999.0 -9999.0 -9999.0 -9999.0 -9999.0 -9999.0 -9999.0 -9999.0 -9999.0 -9999.0 -9999.0 -9999.0 -9999.0 -9999.0 -9999.0 -9999.0 -9999.0 -9999.0 -9999.0 -9999.0 -9999.0 -9999.0 -9999.0 -9999.0 -9999.0 -9999.0 -9999.0 -9999.0 -9999.0 -9999.0 -9999.0 -9999.0 -9999.0 -9999.0 -9999.0 -9999.0 -9999.0 -9999.0 -9999.0 -9999.0 -9999.0 -9999.0 -9999.0 -9999.0 -9999.0 -9999.0 -9999.0 -9999.0 -9999.0 -9999.0
-9999.0 -9999.0 -9999.0 -9999.0 -9999.0 -9999.0 -9999.0 -9999.0 -9999.0 -9999.0 -9999.0 -9999.0 -9999.0 -9999.0 -9999.0 -9999.0 -9999.0 -9999.0 -9999.0 -9999.0 -9999.0 -9999.0 -9999.0 -9999.0 -9999.0 -9999.0 -9999.0 -9999.0 -9999.0 -9999.0 -9999.0 -9999.0 -9999.0 -9999.0 -9999.0 -9999.0 -9999.0 -9999.0 -9999.0 -9999.0 -9999.0 -9999.0 -9999.0 -9999.0 -9999.0 -9999.0 -9999.0 289.648672 272.267583 256.145439 254.177299 276.900235 300.322885 324.085898 344.638565 363.283471 382.254081
-9999.0 -9999.0 -9999.0 -9999.0 -9999.0 -9999.0 -9999.0 -9999.0 -9999.0 -9999.0 -9999.0 -9999.0 -9999.0 -9999.0 -9999.0 -9999.0 -9999.0 -9999.0 -9999.0 -9999.0 -9999.0 -9999.0 -9999.0 -9999.0 -9999.0 -9999.0 -9999.0 -9999.0 -9999.0 -9999.0 -9999.0 -9999.0 -9999.0 -9999.0 -9999.0 -9999.0 -9999.0 -9999.0 -9999.0 -9999.0 337.208966 343.098002 344.504328 333.885972 322.659097 310.652829 290.719368 272.886272 257.710528 255.061389 257.757517 263.234322 286.119108 310.647331 330.263726 347.498635 366.731939
-9999.0 -9999.0 -9999.0 -9999.0 -9999.0 -9999.0 -9999.0 -9999.0 -9999.0 -9999.0 -9999.0 -9999.0 -9999.0 -9999.0 -9999.0 -9999.0 -9999.0 -9999.0 -9999.0 -9999.0 -9999.0 -9999.0 -9999.0 -9999.0 -9999.0 -9999.0 -9999.0 -9999.0 -9999.0 -9999.0 -9999.0 -9999.0 -9999.0 -9999.0 244.854581 262.405823 280.550978 298.944530 315.629130 322.341123 328.203690 333.994951 329.962507 325.267595 313.976170 295.158245 275.584977 261.569583 259.226459 256.752301 261.191290 274.295137 291.129929 307.535735 328.550259 351.960358 361.282199
-9999.0 -9999.0 -9999.0 -9999.0 -9999.0 -9999.0 -9999.0 -9999.0 -9999.0 -9999.0 -9999.0 -9999.0 -9999.0 -9999.0 -9999.0 -9999.0 -9999.0 -9999.0 -9999.0 -9999.0 -9999.0 -9999.0 -9999.0 -9999.0 -9999.0 -9999.0 -9999.0 -9999.0 249.051028 243.146818 238.054341 236.576048 235.304314 234.188872 241.144784 253.424480 271.677350 293.319664 306.243393 313.470121 320.088186 320.904642 316.035300 313.989373 314.287514 302.598421 291.014520 280.177977 269.761126 268.496001 278.185630 292.295413 308.533877 323.484222 339.004319 351.043695 367.679771
-9999.0 -9999.0 -9999.0 -9999.0 -9999.0 -9999.0 -9999.0 -9999.0 -9999.0 -9999.0 -9999.0 -9999.0 -9999.0 -9999.0 -9999.0 -9999.0 -9999.0 -9999.0 -9999.0 -9999.0 -9999.0 -9999.0 -9999.0 219.417241 225.363506 231.886744 239.304698 240.218010 236.044327 230.412502 227.320231 225.814173 224.221299 228.714098 237.046183 250.794551 266.779712 288.611750 297.302761 303.758733 316.167626 318.715676 324.005784 328.090700 326.389167 323.722902 311.635334 302.737840 308.288597 314.480154 321.246295 329.156974 342.563633 358.328330 376.213880 397.050353 419.062203
-9999.0 -9999.0 -9999.0 -9999.0 -9999.0 -9999.0 -9999.0 -9999.0 -9999.0 -9999.0 -9999.0 -9999.0 -9999.0 -9999.0 -9999.0 -9999.0 -9999.0 -9999.0 -9999.0 194.460707 195.318355 196.395735 201.018944 201.931749 204.142800 211.165014 219.336816 221.578715 219.969581 218.456187 220.042529 222.797484 227.151109 238.675828 252.657016 266.991685 281.195062 302.233048 317.159351 331.095578 347.309612 346.403820 342.280438 340.391408 340.999149 341.629706 347.018037 350.577645 356.893608 362.570852 369.652815 379.161599 390.739501 409.661468 430.453200 451.422392 471.130778
-9999.0 -9999.0 -9999.0 -9999.0 -9999.0 -9999.0 -9999.0 -9999.0 -9999.0 -9999.0 -9999.0 -9999.0 -9999.0 -9999.0 -9999.0 -9999.0 166.018037 167.851115 169.974769 175.314282 177.957743 181.915414 188.806011 189.951906 193.796039 200.948738 205.952153 214.660299 222.665454 230.093837 236.165305 239.003508 246.795793 256.672202 268.822142 284.584261 306.593406 329.750368 346.332631 363.381267 380.604613 381.360480 380.500908 381.894158 382.915110 390.606623 409.065661 415.807655 418.984965 437.500294 452.499148 458.649697 467.072467 486.686717 511.689710 538.095371 570.374493
-9999.0 -9999.0 -9999.0 -9999.0 -9999.0 -9999.0 -9999.0 -9999.0 -9999.0 -9999.0 -9999.0 -9999.0 -9999.0 120.848926 124.998141 134.317844 142.921213 145.251191 149.298129 155.124370 167.290534 170.865335 177.117105 184.764581 196.416725 205.046282 214.361791 226.308788 234.937005 242.373218 249.714672 256.197252 270.060505 285.774581 302.057823 322.762935 345.030371 366.424023 387.864296 403.962952 418.643862 422.139337 421.305217 423.878207 432.566748 451.298377 471.551488 483.911803 505.491308 530.378362 545.860916 559.817840 570.324112 584.941807 607.685136 645.016663 683.714373
-9999.0 -9999.0 -9999.0 -9999.0 -9999.0 -9999.0 -9999.0 -9999.0 -9999.0 -9999.0 86.564877 89.054893 85.637558 86.010822 90.834721 102.784171 116.155981 122.920542 134.269436 154.948215 172.362040 175.934647 190.733095 200.901696 207.695510 218.510783 231.893862 245.127588 262.605714 275.648771 288.368996 309.130341 326.198167 343.276956 361.663814 382.418926 403.872144 434.413044 462.947272 478.023558 502.827043 516.927618 515.090835 516.244054 525.817331 544.457610 569.421467 597.260398 622.143527 650.491299 671.736231 688.317568 701.281666 716.003393 733.740587 768.821221 809.917740
-9999.0 -9999.0 -9999.0 -9999.0 -9999.0 -9999.0 -9999.0 -9999.0 62.343354 69.375573 75.624906 72.632302 68.029372 64.565582 77.888676 93.725992 109.723813 126.983627 142.989140 161.042842 176.670118 193.323303 213.064088 225.123539 237.228503 252.830624 266.959103 285.094081 307.052816 321.714843 340.682737 363.331030 383.512762 402.662341 422.463127 442.225518 471.736849 507.826700 542.470588 569.041703 599.572754 625.938454 627.759639 632.232257 638.496120 666.655516 699.437761 733.155856 762.195651 791.784638 822.334262 840.838670 852.774945 866.800642 883.443577 901.773195 928.651031
-9999.0 -9999.0 -9999.0 -9999.0 -9999.0 -9999.0 36.061418 60.229791 75.099828 67.311066 58.531101 55.154387 51.541443 72.520567 94.159826 111.225875 128.067054 145.607978 162.162885 176.463019 211.386650 228.767922 244.007842 263.638866 278.475952 293.370958 311.481041 335.856918 359.538566 392.305426 422.097335 449.594882 478.002680 499.819222 520.679752 542.065469 576.618075 617.191393 657.045012 689.877487 720.488864 752.874137 763.175364 770.423075 779.264432 799.910813 831.743454 863.223060 898.124071 930.762677 956.918793 969.172145 980.168288 992.377847 1006.738197 1020.149104 1034.502183
-9999.0 -9999.0 -9999.0 -9999.0 2.635546 23.574122 43.979668 74.811332 97.457804 92.325248 99.508867 100.069929 98.772302 102.002004 108.452657 126.602569 144.854211 163.350024 182.086253 219.236201 262.582693 279.657409 306.418703 339.528627 354.443149 370.524066 387.470531 411.966750 442.141505 478.926332 527.274751 569.106883 598.469324 624.417771 648.109667 673.664192 709.937999 750.049197 788.807357 824.922561 856.702870 883.276124 897.973227 906.635267 918.592028 934.356788 955.127979 982.240647 1012.752507 1044.565701 1069.631453 1084.134583 1092.646480 1103.826106 1115.505570 1128.705564 1141.076751
-9999.0 -9999.0 -9999.0 -45.213620 -6.666561 30.590995 58.008587 89.070917 121.005085 126.928495 135.766091 141.978066 148.307125 157.525890 167.423670 184.452132 199.766026 214.221323 236.272464 273.900238 310.855106 344.730624 378.869366 409.745288 433.597328 451.135677 470.473734 496.770727 539.273530 581.349416 635.532832 692.421684 732.947687 760.146188 783.119626 811.010079 836.804313 872.796924 907.848421 940.959642 972.903257 998.425331 1018.476671 1026.685238 1035.621148 1044.323388 1061.034836 1082.296991 1104.018703 1132.298052 1159.868386 1182.876200 1196.231849 1206.067954 1221.902187 1237.506564 1249.452783
-9999.0 -9999.0 -91.898236 -54.640557 -19.734556 31.533999 84.379559 118.406687 159.531474 184.633467 192.253425 211.021230 228.480942 237.353911 254.654522 272.804067 288.649066 294.241215 309.672417 344.619359 398.754594 449.177657 479.990352 536.883486 572.752665 599.957706 617.505720 645.484357 682.223647 728.203956 779.301838 830.116289 870.252126 902.339528 918.892872 937.867754 960.860181 983.545011 1015.561759 1044.323591 1074.624161 1100.781131 1123.199537 1131.455099 1136.493255 1151.249917 1173.729959 1197.486323 1220.443135 1242.393350 1251.249783 1259.531170 1263.739808 1266.634729 1270.370876 1273.020447 1274.339915
-9999.0 -9999.0 -117.521602 -73.152717 -31.141301 37.872564 115.338441 153.238003 196.865231 242.629838 262.675822 288.037779 305.708523 321.901413 347.173597 371.970621 381.319568 387.281634 388.463159 445.474218 507.245179 568.817982 631.824733 699.023066 744.218984 759.483528 770.988525 791.768105 818.064273 862.695071 912.105881 963.458077 1006.619025 1036.806512 1052.616725 1069.683712 1089.385706 1106.627996 1124.033908 1159.822597 1184.284021 1208.409556 1233.635201 1253.116153 1260.973713 1263.535930 1257.141851 1263.803997 1268.753181 1271.453533 1272.677751 1270.003765 1269.808889 1270.866878 1272.084000 1267.201841 1260.554902
-9999.0 -205.009199 -152.929839 -98.903286 -28.667618 40.396612 126.064619 207.390016 261.309374 307.105205 337.852970 356.929800 406.042713 455.065238 484.359405 515.107645 517.694549 521.033015 514.146913 561.911186 618.023940 703.199110 817.207091 874.837200 914.796884 919.230309 916.350922 930.422518 955.560451 997.000058 1058.947603 1102.247105 1149.811156 1185.591847 1198.967220 1204.784370 1220.996887 1239.221284 1236.990979 1252.624089 1260.245961 1266.917736 1268.021932 1269.988193 1271.302740 1271.873174 1269.086339 1263.155321 1255.859248 1250.742954 1247.009220 1242.633859 1245.146154 1248.334170 1248.945470 1241.507638 1232.889930
-9999.0 -239.584149 -179.432519 -106.960436 -34.863346 39.605080 149.591165 285.135774 336.356597 374.532298 404.776691 444.611279 531.331679 601.960280 642.109927 688.465729 687.847837 679.461020 673.919826 709.431629 762.693457 837.628358 969.488992 1051.791861 1072.857267 1085.106723 1093.821994 1118.731512 1151.610701 1182.897555 1210.691936 1219.188674 1237.822422 1247.267379 1250.762059 1252.716350 1255.773463 1256.428052 1254.512381 1251.711197 1248.155496 1249.353354 1254.035089 1254.547677 1252.375437 1249.679284 1244.113908 1236.170584 1230.175052 1225.211642 1222.076247 1218.673120 1216.991923 1216.898715 1212.091535 1205.304050 1194.953038
-9999.0 -265.776529 -195.721671 -130.455770 -59.299682 62.769968 187.414203 320.361033 413.360481 455.269208 497.587929 581.908075 684.950321 779.034257 832.464168 862.132175 872.993047 862.430614 873.436748 917.555843 979.200496 1059.596455 1134.002187 1201.613664 1214.390104 1218.713293 1207.096989 1216.727891 1225.687742 1228.513868 1230.902489 1233.954044 1240.245657 1243.987280 1243.849546 1241.895508 1237.803645 1230.178418 1225.365068 1222.599690 1219.791342 1220.079418 1223.272185 1224.534043 1222.224987 1218.259076 1213.102047 1206.299943 1199.238295 1191.934483 1187.464883 1183.008402 1180.466212 1175.385201 1170.108550 1163.042238 1148.358816
-9999.0 -357.436579 -271.751726 -211.899869 -83.619978 85.790214 211.857061 366.122231 508.845673 559.664140 650.260371 766.472683 867.879865 939.777408 985.858496 1033.380543 1067.043263 1094.315260 1127.828265 1109.285318 1155.482527 1197.267407 1214.663338 1224.157418 1224.256640 1226.654460 1220.220755 1202.293724 1192.904193 1187.283558 1190.061212 1198.255499 1204.727264 1210.969533 1209.446623 1209.958486 1209.316165 1205.015508 1200.895995 1192.917494 1185.726713 1180.622690 1179.498516 1184.938819 1180.016273 1176.383362 1169.897301 1161.151114 1151.805513 1143.466657 1135.369757 1128.213304 1124.904656 1118.804084 1116.530212 1107.813571 1080.114276
-9999.0 -438.557397 -360.043618 -260.528152 -112.847167 51.816123 193.685149 365.975861 567.807690 684.746228 800.862305 868.656308 942.365525 1009.043359 1076.452478 1124.351570 1151.949289 1163.439000 1159.677916 1165.373689 1136.026480 1129.878470 1146.617998 1171.746161 1184.035404 1188.401269 1180.197157 1169.248395 1162.293611 1161.581956 1160.981038 1160.583128 1159.839808 1158.285930 1155.255154 1156.647531 1160.303532 1153.753459 1145.267359 1137.451933 1130.606741 1122.915135 1117.830337 1114.890947 1113.346268 1112.752903 1104.990652 1094.190017 1083.201918 1074.562539 1066.350236 1060.076041 1057.137503 1051.782877 1043.903785 1031.588920 1003.700063
-9999.0 -529.828996 -412.297992 -311.820626 -180.200891 -40.012688 95.040493 265.040927 424.936854 643.675663 811.350104 892.418378 931.758701 987.142464 1051.373089 1118.312563 1129.138397 1103.750137 1075.485005 1060.279067 1062.652414 1071.270401 1084.723793 1104.677881 1121.430885 1130.486604 1131.405855 1123.116213 1109.478700 1100.804895 1095.114754 1086.284529 1079.760992 1078.766929 1078.417660 1084.297511 1086.292212 1076.785174 1064.001700 1048.740735 1035.542984 1025.711770 1022.878288 1023.966328 1023.710585 1020.212289 1013.055457 1002.460117 989.756063 977.931242 969.760293 963.677855 956.573872 946.662069 935.550905 922.928861 896.831449
-9999.0 -9999.0 -484.109461 -371.638470 -257.693997 -129.929898 -4.528380 149.310778 306.499580 496.763510 620.243046 737.090246 803.650049 851.321005 906.764227 962.039798 980.728989 997.367774 978.326101 979.845319 984.514013 989.864697 999.847849 1012.045400 1025.129822 1034.396787 1040.754384 1038.357887 1028.986156 1012.662840 993.683374 979.061490 970.290774 963.580052 971.511614 981.809603 978.971666 972.009021 960.194749 944.928274 932.245247 919.166746 915.575617 916.038683 915.952828 912.858214 907.803455 894.845014 881.570721 868.847569 862.401382 855.539316 849.042917 837.388982 824.965499 811.024975 787.091670
-9999.0 -9999.0 -567.118777 -456.261328 -336.567174 -210.298119 -103.442378 -6.416993 153.117001 276.335490 382.633482 479.222655 559.334124 623.211348 671.371481 731.792374 768.301833 783.536044 797.541762 820.150627 843.386326 867.735181 884.443407 897.414795 910.930327 923.083852 931.417078 920.502117 909.643757 893.234193 872.436929 849.810366 837.507434 832.463980 834.874649 840.234497 834.522113 824.441654 809.949617 793.874459 780.759989 768.979075 764.798969 761.925625 760.706499 757.643879 753.923255 744.374367 731.988030 722.941786 713.905674 706.603837 702.120493 693.581785 682.553760 674.194386 654.881755
