tests/Borden05m/sims/sim_1/output-maps/psiliqL0021N0007.asc
ncols         160
nrows         34
xllcorner     620200.000000
yllcorner     5168000.000000
cellsize      0.500000
NODATA_value  -9999.0
[rows 0 to 24 of 34, columns 0 to 54 of 160]
-9999.0 -9999.0 -9999.0 -9999.0 -9999.0 -9999.0 -9999.0 -9999.0 -9999.0 -9999.0 -9999.0 -9999.0 -9999.0 -9999.0 -9999.0 -9999.0 -9999.0 -9999.0 -9999.0 -9999.0 -9999.0 -9999.0 -9999.0 -9999.0 -9999.0 -9999.0 -9999.0 -9999.0 -9999.0 -9999.0 -9999.0 -9999.0 -9999.0 -9999.0 -9999.0 -9999.0 -9999.0 -9999.0 -9999.0 -9999.0 -9999.0 -9999.0 -9999.0 -9999.0 -9999.0 -9999.0 -9999.0 -9999.0 -9999.0 -9999.0 -9999.0 -9999.0 -9999.0 -9999.0 -9999.0
-9999.0 -9999.0 -9999.0 -9999.0 -9999.0 -9999.0 -9999.0 -9999.0 -9999.0 -9999.0 -9999.0 -9999.0 -9999.0 -9999.0 -9999.0 -9999.0 -9999.0 -9999.0 -9999.0 -9999.0 -9999.0 -9999.0 -9999.0 -9999.0 -9999.0 -9999.0 -9999.0 -9999.0 -9999.0 -9999.0 -9999.0 -9999.0 -9999.0 -9999.0 -9999.0 -9999.0 -9999.0 -9999.0 -9999.0 -9999.0 -9999.0 -9999.0 -9999.0 -9999.0 -9999.0 -9999.0 -9999.0 -9999.0 -9999.0 -9999.0 -9999.0 -9999.0 -9999.0 -9999.0 -9999.0
-9999.0 -9999.0 -9999.0 -9999.0 -9999.0 -9999.0 -9999.0 -9999.0 -9999.0 -9999.0 -9999.0 -9999.0 -9999.0 -9999.0 -9999.0 -9999.0 -9999.0 -9999.0 -9999.0 -9999.0 -9999.0 -9999.0 -9999.0 -9999.0 -9999.0 -9999.0 -9999.0 -9999.0 -9999.0 -9999.0 -9999.0 -9999.0 -9999.0 -9999.0 -9999.0 -9999.0 -9999.0 -9999.0 -9999.0 -9999.0 -9999.0 -9999.0 -9999.0 -9999.0 -9999.0 -9999.0 -9999.0 2307.918216 2291.028907 2277.305242 2274.125368 2296.388128 2320.282578 2344.792880 2366.002841
-9999.0 -9999.0 -9999.0 -9999.0 -9999.0 -9999.0 -9999.0 -9999.0 -9999.0 -9999.0 -9999.0 -9999.0 -9999.0 -9999.0 -9999.0 -9999.0 -9999.0 -9999.0 -9999.0 -9999.0 -9999.0 -9999.0 -9999.0 -9999.0 -9999.0 -9999.0 -9999.0 -9999.0 -9999.0 -9999.0 -9999.0 -9999.0 -9999.0 -9999.0 -9999.0 -9999.0 -9999.0 -9999.0 -9999.0 -9999.0 2355.196598 2361.431674 2362.228580 2352.749103 2342.096680 2329.532607 2309.597695 2292.345869 2279.056516 2277.526405 2280.745319 2285.029926 2307.128306 2333.003144 2353.534004
-9999.0 -9999.0 -9999.0 -9999.0 -9999.0 -9999.0 -9999.0 -9999.0 -9999.0 -9999.0 -9999.0 -9999.0 -9999.0 -9999.0 -9999.0 -9999.0 -9999.0 -9999.0 -9999.0 -9999.0 -9999.0 -9999.0 -9999.0 -9999.0 -9999.0 -9999.0 -9999.0 -9999.0 -9999.0 -9999.0 -9999.0 -9999.0 -9999.0 -9999.0 2260.598767 2278.082497 2296.630495 2315.789565 2333.328468 2340.831962 2346.918409 2352.878070 2349.036574 2345.215358 2334.351636 2314.705147 2295.968252 2283.392686 2282.677073 2281.001722 2285.629330 2298.460994 2315.954104 2332.183723 2353.599620
-9999.0 -9999.0 -9999.0 -9999.0 -9999.0 -9999.0 -9999.0 -9999.0 -9999.0 -9999.0 -9999.0 -9999.0 -9999.0 -9999.0 -9999.0 -9999.0 -9999.0 -9999.0 -9999.0 -9999.0 -9999.0 -9999.0 -9999.0 -9999.0 -9999.0 -9999.0 -9999.0 -9999.0 2262.874305 2257.344743 2253.060431 2252.235246 2251.579493 2251.235716 2258.381766 2270.406884 2288.485985 2311.172495 2325.108212 2333.086318 2340.545281 2341.748280 2336.945895 2335.946921 2337.213756 2325.688681 2314.452474 2303.989074 2293.868946 2292.227700 2302.293080 2317.412618 2334.518094 2350.060646 2366.159165
-9999.0 -9999.0 -9999.0 -9999.0 -9999.0 -9999.0 -9999.0 -9999.0 -9999.0 -9999.0 -9999.0 -9999.0 -9999.0 -9999.0 -9999.0 -9999.0 -9999.0 -9999.0 -9999.0 -9999.0 -9999.0 -9999.0 -9999.0 2231.062554 2236.626863 2243.662055 2251.852387 2253.388432 2250.240435 2245.373529 2243.290784 2242.649022 2241.417690 2246.744005 2254.887935 2268.843379 2285.136911 2308.143246 2317.404492 2323.240110 2335.795453 2340.051141 2348.032760 2352.964261 2352.104756 2349.431506 2336.399892 2326.679133 2330.940048 2336.680616 2344.537850 2353.718002 2368.058761 2383.297541 2400.164481
-9999.0 -9999.0 -9999.0 -9999.0 -9999.0 -9999.0 -9999.0 -9999.0 -9999.0 -9999.0 -9999.0 -9999.0 -9999.0 -9999.0 -9999.0 -9999.0 -9999.0 -9999.0 -9999.0 2205.464511 2206.751025 2208.545399 2213.755441 2214.593402 2216.982866 2224.444864 2233.195452 2236.611047 2235.302980 2234.944514 2237.210952 2240.761249 2246.171944 2257.886631 2272.355428 2287.298923 2301.439989 2323.123384 2338.589925 2352.346796 2368.871757 2369.946927 2367.285182 2366.666038 2367.880488 2367.988819 2369.708099 2371.326199 2378.672820 2382.091592 2387.847198 2398.110237 2410.795502 2428.972505 2448.448055
-9999.0 -9999.0 -9999.0 -9999.0 -9999.0 -9999.0 -9999.0 -9999.0 -9999.0 -9999.0 -9999.0 -9999.0 -9999.0 -9999.0 -9999.0 -9999.0 2176.151018 2178.239464 2180.924727 2186.667251 2190.474296 2194.940466 2202.418423 2204.341460 2208.540730 2216.369717 2221.778014 2231.700679 2240.796863 2248.845237 2255.652085 2259.123694 2266.965669 2277.306568 2289.874044 2305.254040 2326.825802 2351.139202 2367.993984 2385.768184 2404.036812 2405.792080 2405.556117 2407.403796 2407.906748 2412.361227 2429.167797 2434.646879 2433.271241 2446.972254 2460.929180 2466.070604 2475.481119 2496.438380 2520.426620
-9999.0 -9999.0 -9999.0 -9999.0 -9999.0 -9999.0 -9999.0 -9999.0 -9999.0 -9999.0 -9999.0 -9999.0 -9999.0 2127.098264 2131.494605 2141.921474 2152.904846 2156.213232 2161.415195 2168.379124 2181.097160 2185.335424 2192.052986 2200.111706 2213.296006 2222.795169 2232.623656 2245.295146 2254.379951 2262.384639 2270.019396 2275.073555 2288.343265 2303.965085 2320.048728 2340.745542 2363.758485 2384.148349 2404.330183 2421.707464 2435.519163 2436.157972 2436.714241 2440.444452 2448.000757 2465.128753 2484.384985 2489.966843 2504.510896 2527.511323 2540.625041 2551.353854 2560.331982 2575.555393 2598.129436
-9999.0 -9999.0 -9999.0 -9999.0 -9999.0 -9999.0 -9999.0 -9999.0 -9999.0 -9999.0 2096.253077 2098.504430 2095.488105 2094.356723 2100.446994 2113.323508 2128.158316 2134.768441 2147.259853 2169.110665 2188.122406 2192.110609 2206.802172 2218.068999 2225.828990 2236.914388 2250.843476 2264.171785 2281.116454 2294.113625 2305.157521 2323.946522 2341.131296 2358.698071 2377.489081 2399.158018 2418.133617 2445.361692 2473.529450 2485.871254 2506.713417 2514.559837 2512.778684 2513.711384 2524.844929 2540.277891 2559.788320 2580.379327 2601.171290 2626.139652 2641.189799 2656.160330 2667.660290 2680.627729 2697.913819
-9999.0 -9999.0 -9999.0 -9999.0 -9999.0 -9999.0 -9999.0 -9999.0 2070.604880 2078.844506 2085.145593 2082.639953 2078.871388 2074.580502 2089.630099 2106.017750 2122.726769 2141.541384 2158.061308 2177.073024 2192.393551 2208.693931 2229.871992 2242.206745 2254.416837 2270.726936 2285.208888 2302.215615 2324.189973 2335.397237 2350.301277 2371.939120 2390.295648 2409.275005 2429.464038 2448.624479 2474.405692 2508.105256 2540.567302 2561.707920 2590.214136 2611.095914 2609.649604 2612.082030 2617.130103 2643.580208 2673.202647 2704.732154 2731.142433 2758.820277 2789.239245 2807.074069 2818.552787 2832.273886 2848.796734
-9999.0 -9999.0 -9999.0 -9999.0 -9999.0 -9999.0 2041.440429 2066.229240 2082.029001 2074.436140 2062.919680 2059.290303 2054.979098 2083.579722 2106.782147 2125.090497 2142.871389 2161.409984 2178.719852 2190.177234 2222.878869 2242.845934 2257.162816 2273.949831 2289.923845 2305.952618 2324.270926 2348.013914 2368.899243 2395.760363 2417.934517 2439.695685 2467.372717 2488.076739 2508.269993 2526.518425 2558.223980 2595.774257 2633.539898 2662.221074 2689.943089 2725.886627 2732.074680 2738.460303 2745.299644 2770.233856 2804.990733 2834.941270 2870.185631 2903.900859 2933.368383 2810.985286 2817.758068 2827.608287 2839.858414
-9999.0 -9999.0 -9999.0 -9999.0 2007.474338 2028.705826 2048.572823 2079.585896 2102.654304 2098.645581 2105.116360 2105.232284 2103.187095 2108.966087 2117.915618 2136.798157 2156.941431 2177.408745 2194.575840 2226.770063 2273.896406 2288.519684 2310.462027 2342.641220 2356.658206 2373.137508 2390.938435 2414.491673 2438.676917 2471.635519 2512.434699 2547.571237 2573.465103 2596.461950 2619.272879 2641.413293 2678.759918 2721.240616 2760.625486 2795.787890 2824.358344 2853.058803 2865.401388 2874.544598 2888.142968 2907.448954 2931.573070 2821.694708 2851.111275 2882.363804 2905.693786 2913.632350 2919.424502 2928.855749 2937.134300
-9999.0 -9999.0 -9999.0 1955.008268 1994.247936 2033.595097 2060.556926 2091.972577 2125.298535 2128.615108 2138.851621 2142.529080 2145.773627 2154.265108 2161.549821 2179.913720 2198.729278 2218.391334 2242.020537 2278.830286 2312.375593 2337.397459 2368.837886 2391.660901 2410.344833 2426.857077 2447.594226 2471.924833 2513.308603 2549.475170 2599.320796 2653.459941 2690.297842 2717.705710 2743.847325 2774.664089 2802.773309 2841.799890 2879.158302 2914.162442 2816.255415 2836.556920 2852.032675 2857.357770 2866.271254 2872.788984 2886.425154 2904.302176 2925.660531 2954.754734 2982.669454 2990.020106 3003.459498 3013.281290 3029.124491
-9999.0 -9999.0 1906.835428 1945.844291 1978.836970 2027.775520 2081.673174 2117.609810 2159.080551 2181.904271 2188.628356 2204.210301 2219.591236 2225.705860 2239.766917 2256.617149 2278.749556 2288.828073 2309.719433 2334.205655 2378.998844 2420.118772 2429.814051 2477.142321 2511.529925 2544.454019 2566.368044 2595.929457 2635.761483 2676.138983 2727.637903 2780.485341 2817.889437 2850.835914 2870.795015 2894.208018 2918.518912 2812.655612 2844.769872 2870.879545 2899.962955 2924.700104 2944.498626 2947.523637 2950.778502 2966.158788 2991.730782 3000.407766 3025.899965 3051.503776 3044.548693 3061.476393 3069.180749 3073.489416 3080.251118
-9999.0 -9999.0 1878.133915 1924.242687 1961.872535 2024.462550 2109.036357 2146.055140 2189.222284 2237.238891 2255.826282 2281.337178 2286.366573 2287.631957 2310.682111 2331.380023 2350.716358 2360.530361 2359.792969 2415.743555 2474.004901 2512.790905 2540.015620 2614.662212 2666.721136 2690.788311 2711.707410 2736.187282 2761.659680 2804.917423 2849.622017 2905.518747 2825.546545 2852.145348 2866.238709 2884.311457 2903.067095 2916.290454 2934.627518 2976.604998 2989.348041 3016.247898 3044.702070 3064.617135 3072.143404 3075.878728 3057.008367 3071.022472 3080.794842 3085.024582 3086.622194 3082.998928 3082.361109 3083.100113 3084.041033
-9999.0 1786.465101 1839.027936 1891.102886 1958.115814 2023.058282 2102.989358 2181.983725 2246.451243 2299.280244 2329.564075 2334.924131 2355.124286 2391.536066 2417.249791 2441.649437 2449.246046 2460.225618 2448.716788 2503.454967 2549.147830 2611.871329 2720.221622 2779.362501 2837.239629 2840.362095 2836.688896 2849.276021 2872.139303 2918.549369 2866.136358 2914.547458 2970.600462 2997.849077 3012.158708 3018.027475 3034.869788 3053.929972 3019.627086 3052.244083 3066.687516 3079.041747 3084.825299 3086.549016 3087.520454 3087.364591 3083.860842 3077.138703 3069.183775 3063.508058 3059.392806 3054.899882 3057.329155 3060.633668 3061.118287
-9999.0 1749.377854 1807.898317 1878.105749 1947.854802 2005.268502 2098.717671 2256.658263 2318.069706 2359.208683 2376.530273 2377.776116 2448.528391 2515.740803 2548.959238 2597.676517 2590.874175 2581.873326 2559.593373 2591.806645 2638.200249 2713.881541 2873.722006 2855.805267 2893.713951 2902.346406 2905.427089 2932.028377 2971.432429 2997.056631 3032.896999 3014.704910 3052.172776 3070.071204 3073.901432 3074.467222 3078.578805 3077.511885 3075.606147 3071.410753 3066.437840 3066.589393 3070.892856 3070.716752 3067.873944 3064.686914 3059.113700 3051.696532 3046.402361 3041.801731 3039.119581 3036.227943 3034.458912 3034.108401 3029.599776
-9999.0 1713.698089 1787.180949 1848.248550 1903.446331 2006.015647 2135.960156 2278.666485 2376.751207 2416.426270 2419.178223 2475.184027 2581.511955 2689.530262 2746.972663 2774.996489 2770.075775 2738.945362 2733.877415 2781.512567 2851.848827 2853.210164 2966.224631 3038.127223 3050.747111 3053.346884 3017.467621 3036.864794 3054.839402 3056.690913 3057.541969 3063.117124 3068.037283 3070.771972 3069.306299 3066.457811 3061.748229 3053.734041 3048.906157 3045.407837 3041.768968 3040.886482 3043.103024 3044.616354 3041.937203 3038.111176 3033.663235 3028.091647 3022.339462 3015.706124 3011.601989 3007.520344 3005.458504 3000.339266 2996.628958
-9999.0 1600.638016 1693.813624 1741.113104 1833.772631 2017.266909 2147.126765 2294.211498 2454.568374 2487.931349 2551.684156 2689.285400 2807.151417 2824.573898 2855.849930 2890.980218 2915.907462 2933.799545 2968.099816 2882.826219 2950.520557 3013.093580 3046.321982 3060.714948 3066.182817 3066.508903 3057.328823 3037.208178 3026.641731 3019.927796 3021.554901 3028.769126 3033.716919 3038.726616 3036.507839 3037.325786 3037.941533 3034.618134 3031.137688 3022.698610 3014.997311 3008.726797 3006.090272 3010.994190 3006.294715 3003.663880 2997.680735 2989.998885 3001.275709 2994.115953 2986.365988 2979.799053 2977.340046 2972.081999 2970.699485
-9999.0 1519.818709 1594.460621 1667.364934 1790.653443 1955.820911 2067.969916 2232.287278 2462.361379 2593.944925 2746.885047 2835.176871 2853.543554 2900.169779 2953.369065 2991.647555 3014.924419 3024.060603 3000.775603 3016.360654 2990.309126 2980.323760 2982.747103 3009.311516 3024.064981 3027.763435 3019.580655 3009.812720 3002.627365 3001.526256 2999.712589 2996.701324 2993.560952 2990.552300 2987.421740 2989.930981 2994.881532 2988.631324 2997.469357 2988.850297 2980.873988 2972.112038 2966.413429 2962.346648 2962.153496 2962.299417 2954.897421 2944.698094 2934.622535 2926.578637 2919.315383 2914.434511 2911.832631 2906.893078 2900.162988
-9999.0 1408.992894 1537.125964 1621.474464 1728.319881 1861.704258 1977.010178 2136.159381 2277.548308 2515.274728 2670.806600 2830.425296 2824.624155 2886.758223 2937.319420 2995.730338 2993.113609 2972.293007 2933.375923 2917.295313 2925.449073 2934.026047 2943.533267 2959.622725 2976.836140 2986.613931 2990.406466 2983.900841 2970.129066 2959.106205 2949.931679 2937.977245 2929.632189 2927.743842 2930.417672 2939.196848 2940.449910 2931.362127 2918.334987 2903.348202 2888.519578 2877.298700 2874.958278 2877.160823 2877.861385 2874.114495 2868.049410 2857.606469 2845.315419 2833.409665 2827.166420 2822.480985 2815.390882 2807.005880 2931.970599
-9999.0 -9999.0 1455.967888 1565.839402 1666.099108 1783.008038 1884.764431 2015.578740 2162.865082 2342.301443 2464.571073 2627.758482 2720.572408 2772.067060 2817.795058 2800.959520 2821.305159 2846.671312 2835.784992 2843.693935 2851.458057 2856.375157 2862.869287 2870.585833 2881.887547 2891.573338 2900.644887 2898.180272 2889.352704 2870.414067 2847.162120 2829.188513 2819.477921 2811.271191 2822.141357 2834.114250 2829.717360 2823.009398 2812.997193 2929.160085 2915.666519 2900.827251 2896.365336 2895.621008 2895.264700 2892.053075 2888.004850 2874.506494 2861.501719 2850.352754 2845.120096 2838.479784 2833.077504 2821.892693 2811.963609
-9999.0 -9999.0 1369.341371 1475.684858 1583.572018 1704.210560 1796.287721 1838.281341 1983.587290 2095.540720 2205.384133 2315.280628 2410.171325 2482.032611 2524.295374 2589.226742 2642.815821 2664.297181 2702.447945 2750.231155 2784.385041 2821.874462 2845.986809 2860.337545 2876.329269 2892.580520 2902.375054 2890.090709 2879.901680 2863.518968 2841.019539 2816.044651 2803.301537 2801.515054 2801.845729 2804.739265 2797.759282 2788.382896 2774.140588 2761.792271 2748.983692 2738.258733 2733.540540 2728.014832 2725.321400 2721.780729 2718.478726 2708.934197 2698.796920 2692.422958 2683.579708 2678.094311 2675.300556 2669.513180 2661.091125
