tests/Borden05m/sims/sim_1/output-maps/psiliqL0005N0012.asc
ncols         160
nrows         34
xllcorner     620200.000000
yllcorner     5168000.000000
cellsize      0.500000
NODATA_value  -9999.0
[rows 0 to 24 of 34, columns 0 to 55 of 160]
-9999.0 -9999.0 -9999.0 -9999.0 -9999.0 -9999.0 -9999.0 -9999.0 -9999.0 -9999.0 -9999.0 -9999.0 -9999.0 -9999.0 -9999.0 -9999.0 -9999.0 -9999.0 -9999.0 -9999.0 -9999.0 -9999.0 -9999.0 -9999.0 -9999.0 -9999.0 -9999.0 -9999.0 -9999.0 -9999.0 -9999.0 -9999.0 -9999.0 -9999.0 -9999.0 -9999.0 -9999.0 -9999.0 -9999.0 -9999.0 -9999.0 -9999.0 -9999.0 -9999.0 -9999.0 -9999.0 -9999.0 -9999.0 -9999.0 -9999.0 -9999.0 -9999.0 -9999.0 -9999.0 -9999.0 -9999.0
-9999.0 -9999.0 -9999.0 -9999.0 -9999.0 -9999.0 -9999.0 -9999.0 -9999.0 -9999.0 -9999.0 -9999.0 -9999.0 -9999.0 -9999.0 -9999.0 -9999.0 -9999.0 -9999.0 -9999.0 -9999.0 -9999.0 -9999.0 -9999.0 -9999.0 -9999.0 -9999.0 -9999.0 -9999.0 -9999.0 -9999.0 -9999.0 -9999.0 -9999.0 -9999.0 -9999.0 -9999.0 -9999.0 -9999.0 -9999.0 -9999.0 -9999.0 -9999.0 -9999.0 -9999.0 -9999.0 -9999.0 -9999.0 -9999.0 -9999.0 -9999.0 -9999.0 -9999.0 -9999.0 -9999.0 -9999.0
-9999.0 -9999.0 -9999.0 -9999.0 -9999.0 -9999.0 -9999.0 -9999.0 -9999.0 -9999.0 -9999.0 -9999.0 -9999.0 -9999.0 -9999.0 -9999.0 -9999.0 -9999.0 -9999.0 -9999.0 -9999.0 -9999.0 -9999.0 -9999.0 -9999.0 -9999.0 -9999.0 -9999.0 -9999.0 -9999.0 -9999.0 -9999.0 -9999.0 -9999.0 -9999.0 -9999.0 -9999.0 -9999.0 -9999.0 -9999.0 -9999.0 -9999.0 -9999.0 -9999.0 -9999.0 -9999.0 -9999.0 -766.272179 -786.299545 -808.256986 -812.201263 -785.689377 -765.877293 -746.316638 -730.188631 -715.266499
-9999.0 -9999.0 -9999.0 -9999.0 -9999.0 -9999.0 -9999.0 -9999.0 -9999.0 -9999.0 -9999.0 -9999.0 -9999.0 -9999.0 -9999.0 -9999.0 -9999.0 -9999.0 -9999.0 -9999.0 -9999.0 -9999.0 -9999.0 -9999.0 -9999.0 -9999.0 -9999.0 -9999.0 -9999.0 -9999.0 -9999.0 -9999.0 -9999.0 -9999.0 -9999.0 -9999.0 -9999.0 -9999.0 -9999.0 -9999.0 -736.557523 -729.374629 -725.504329 -737.932569 -747.802728 -755.103830 -773.786458 -792.386926 -810.164664 -810.076175 -808.496004 -809.645107 -786.658063 -764.913279 -749.971589 -736.313581
-9999.0 -9999.0 -9999.0 -9999.0 -9999.0 -9999.0 -9999.0 -9999.0 -9999.0 -9999.0 -9999.0 -9999.0 -9999.0 -9999.0 -9999.0 -9999.0 -9999.0 -9999.0 -9999.0 -9999.0 -9999.0 -9999.0 -9999.0 -9999.0 -9999.0 -9999.0 -9999.0 -9999.0 -9999.0 -9999.0 -9999.0 -9999.0 -9999.0 -9999.0 -813.552683 -794.565467 -780.018634 -765.540517 -750.664229 -748.074195 -745.400305 -738.634382 -744.113085 -747.819097 -759.044168 -778.051151 -798.365761 -812.285305 -810.234311 -813.656746 -810.932276 -798.698974 -785.646703 -773.754855 -755.130786 -732.865949
-9999.0 -9999.0 -9999.0 -9999.0 -9999.0 -9999.0 -9999.0 -9999.0 -9999.0 -9999.0 -9999.0 -9999.0 -9999.0 -9999.0 -9999.0 -9999.0 -9999.0 -9999.0 -9999.0 -9999.0 -9999.0 -9999.0 -9999.0 -9999.0 -9999.0 -9999.0 -9999.0 -9999.0 -797.132767 -804.210335 -810.138346 -811.035628 -813.301583 -819.166434 -816.353240 -807.921183 -792.224925 -772.383347 -763.415124 -759.696514 -755.164674 -756.126766 -763.196856 -765.455542 -761.679308 -773.706361 -783.742266 -794.029856 -808.203183 -810.801058 -800.702639 -788.040737 -774.474291 -763.899923 -753.019010 -742.953220
-9999.0 -9999.0 -9999.0 -9999.0 -9999.0 -9999.0 -9999.0 -9999.0 -9999.0 -9999.0 -9999.0 -9999.0 -9999.0 -9999.0 -9999.0 -9999.0 -9999.0 -9999.0 -9999.0 -9999.0 -9999.0 -9999.0 -9999.0 -819.274271 -812.401260 -807.717002 -800.862615 -802.169568 -812.004597 -820.027641 -824.121925 -826.920874 -831.739227 -829.776805 -824.737413 -814.108120 -802.473263 -782.128874 -779.648344 -776.850015 -763.641966 -763.726871 -758.132034 -752.216839 -754.729691 -756.058002 -771.203154 -782.471261 -773.280936 -767.095188 -763.520421 -760.075884 -749.909782 -737.015561 -722.015557 -703.296843
-9999.0 -9999.0 -9999.0 -9999.0 -9999.0 -9999.0 -9999.0 -9999.0 -9999.0 -9999.0 -9999.0 -9999.0 -9999.0 -9999.0 -9999.0 -9999.0 -9999.0 -9999.0 -9999.0 -831.519822 -832.495547 -834.626451 -831.536063 -838.720095 -840.669043 -834.827443 -826.640316 -827.937306 -832.936467 -837.527341 -836.495147 -834.760607 -833.324850 -821.750813 -809.749490 -800.002641 -791.872864 -773.424887 -762.419101 -750.559217 -733.423818 -739.202001 -746.878549 -751.050181 -751.454174 -752.405094 -744.346950 -740.717005 -736.978440 -733.125234 -728.193341 -721.651651 -714.096053 -696.995686 -678.799688 -661.110960
-9999.0 -9999.0 -9999.0 -9999.0 -9999.0 -9999.0 -9999.0 -9999.0 -9999.0 -9999.0 -9999.0 -9999.0 -9999.0 -9999.0 -9999.0 -9999.0 -845.670234 -845.716321 -848.285113 -851.104622 -854.453705 -852.685613 -846.058480 -851.488788 -851.360787 -846.363710 -845.939828 -838.736307 -831.789098 -824.596023 -820.027975 -822.138973 -817.034577 -811.686700 -804.591203 -793.021753 -773.045611 -753.413183 -741.554149 -727.355306 -710.971675 -714.353867 -717.098383 -716.820260 -718.384218 -711.032435 -691.138484 -688.153146 -688.184578 -667.526430 -654.113767 -651.896067 -647.871048 -631.620712 -608.854486 -581.294332
-9999.0 -9999.0 -9999.0 -9999.0 -9999.0 -9999.0 -9999.0 -9999.0 -9999.0 -9999.0 -9999.0 -9999.0 -9999.0 -865.330379 -864.621709 -860.099783 -866.287051 -872.426992 -874.858876 -877.595179 -864.815238 -867.876449 -866.082473 -860.988633 -849.658714 -845.020628 -839.363512 -829.706077 -825.889512 -823.107742 -820.126417 -818.217564 -806.064649 -792.906178 -780.250211 -762.613895 -745.143192 -728.222892 -709.654630 -698.749204 -686.504325 -684.772187 -689.518797 -689.711108 -682.095694 -663.154767 -645.151142 -633.748259 -609.858232 -584.541854 -569.359435 -554.150525 -544.586951 -531.640946 -506.960428 -452.027476
-9999.0 -9999.0 -9999.0 -9999.0 -9999.0 -9999.0 -9999.0 -9999.0 -9999.0 -9999.0 -894.920097 -888.417249 -898.081551 -912.606450 -916.925520 -908.557140 -899.496471 -901.047685 -895.460422 -872.935456 -858.054240 -867.223408 -852.250013 -846.974809 -847.525523 -840.420353 -830.339081 -822.089430 -806.244501 -798.208941 -789.804016 -768.979365 -756.580916 -744.138987 -730.156385 -714.646358 -697.772448 -668.573976 -643.160568 -633.070988 -607.555034 -591.843190 -599.065569 -601.194957 -595.225773 -575.805346 -546.511857 -509.121883 -473.488444 -426.094006 -383.282903 -354.188951 -333.268971 -311.152659 -286.309854 -252.516584
-9999.0 -9999.0 -9999.0 -9999.0 -9999.0 -9999.0 -9999.0 -9999.0 -926.562103 -915.113849 -907.150920 -915.443989 -926.839634 -944.501909 -932.777104 -919.912556 -908.863071 -895.655901 -885.609343 -874.889596 -869.273781 -856.490686 -839.466631 -834.430931 -826.858931 -814.276543 -805.822976 -791.421121 -773.563935 -765.048936 -749.465449 -731.209485 -714.931943 -700.363500 -685.309589 -670.946276 -642.917506 -608.926974 -575.180966 -546.591951 -511.695096 -474.517993 -472.540999 -466.134227 -457.115152 -409.386901 -346.328438 -291.572081 -255.303948 -231.395395 -208.313898 -194.865088 -185.137570 -172.496425 -156.458847 -141.760099
-9999.0 -9999.0 -9999.0 -9999.0 -9999.0 -9999.0 -950.323110 -920.617581 -905.504133 -930.583550 -950.065834 -956.913236 -967.592450 -939.397542 -912.216822 -901.663586 -891.790230 -881.026612 -874.639744 -875.017623 -836.030215 -831.963457 -825.807886 -808.407534 -799.933359 -790.544987 -776.587995 -755.421256 -736.788375 -704.488195 -676.483178 -651.966713 -627.163388 -609.555441 -592.578557 -573.176492 -535.642011 -484.700731 -423.811432 -362.759310 -310.741133 -269.757121 -254.941721 -247.827500 -241.029712 -227.489709 -202.788976 -175.404767 -144.658207 -116.763426 -96.132004 -86.632331 -77.048980 -65.160035 -49.991682 -33.113562
-9999.0 -9999.0 -9999.0 -9999.0 -950.527634 -938.621672 -935.183711 -905.918083 -885.774317 -913.361611 -901.517340 -905.620338 -914.021490 -922.212018 -929.497498 -912.970233 -899.642699 -887.441707 -877.176830 -836.824998 -799.005890 -796.353634 -772.718404 -741.722498 -734.551253 -723.856971 -713.107923 -693.454680 -665.727238 -632.781289 -581.935045 -535.415299 -501.765701 -468.305139 -434.927624 -390.174496 -327.953753 -272.062715 -237.320098 -208.478727 -181.136109 -157.846814 -142.621702 -135.206081 -126.108550 -114.632900 -98.401562 -74.198282 -46.061648 -13.083960 10.670106 22.916925 31.261451 45.029012 61.473086 91.353509
-9999.0 -9999.0 -9999.0 -979.718543 -944.290422 -924.762464 -924.956236 -908.944333 -882.186768 -891.226404 -889.471950 -887.770991 -884.986981 -879.909971 -874.677784 -862.128610 -853.849867 -849.303235 -834.256461 -802.042640 -773.751307 -743.496853 -716.702606 -688.501817 -667.235119 -654.477431 -640.873334 -617.352646 -573.610759 -523.150244 -445.613957 -347.144436 -286.148755 -254.641331 -237.717994 -217.446266 -196.208498 -165.781776 -137.374398 -110.331496 -81.977530 -56.615096 -32.705159 -24.547096 -19.366775 -10.925975 4.534628 26.799212 51.373067 94.530956 120.065346 125.393207 136.794983 157.945138 173.057866 188.714134
-9999.0 -9999.0 -987.577173 -963.557836 -963.333158 -930.206400 -895.289125 -891.250746 -857.158632 -840.128631 -848.595941 -831.097788 -817.895693 -818.618120 -803.875880 -788.812394 -779.745381 -784.582937 -780.917302 -746.818445 -693.341849 -646.767729 -612.919937 -544.103203 -503.128517 -477.027234 -461.987787 -423.193999 -361.748512 -286.789461 -237.987397 -196.061335 -160.047625 -131.463445 -119.033028 -104.262843 -82.373281 -60.918989 -34.765232 -6.753997 21.514004 50.268335 89.105467 98.862616 91.414400 113.894604 123.232859 153.989571 174.811709 194.553022 210.140807 210.248982 211.090782 213.231897 214.205649 215.032457
-9999.0 -9999.0 -1011.769185 -975.356004 -979.331432 -922.326106 -868.264497 -872.140694 -842.664619 -801.146066 -793.498957 -777.136260 -763.908510 -748.329422 -727.408332 -702.498848 -705.300732 -706.034659 -713.943391 -657.856418 -598.973748 -514.790369 -388.489869 -295.677152 -252.597410 -244.078059 -239.385428 -225.722629 -204.046361 -163.140426 -116.404287 -68.370283 -27.950088 -0.863284 12.536464 26.637959 48.043072 81.183613 85.415677 126.735508 146.581364 166.103747 188.961652 205.918109 210.942666 212.287537 210.413055 212.598538 213.774292 214.518126 214.260653 210.857342 209.921274 210.842678 211.878487 207.196587
-9999.0 -1036.759077 -1012.442344 -999.237333 -955.569230 -937.774327 -878.481253 -813.791120 -786.968109 -755.914739 -737.012535 -726.637492 -664.768259 -611.467157 -585.319243 -548.446119 -557.347421 -566.029011 -579.975369 -530.032010 -441.117175 -289.329966 -185.743187 -129.524023 -99.910749 -95.542265 -98.693812 -85.664150 -61.569556 -24.999772 31.910320 87.256455 126.789759 154.913740 163.831110 166.349757 179.557566 196.663039 209.064042 214.422380 216.235873 217.297980 214.237220 214.436949 214.826721 214.645089 211.573947 205.513364 197.972732 192.749063 188.402848 181.963735 184.144607 189.073352 190.361972 181.606620
-9999.0 -1090.011610 -1019.173883 -973.463448 -966.274339 -950.599230 -851.355909 -737.770685 -724.624540 -704.656226 -682.148136 -628.222489 -516.100295 -414.102590 -348.109914 -294.430779 -295.663183 -311.780360 -310.027647 -266.952619 -217.368628 -147.713493 -35.112283 60.433316 70.796167 80.665109 88.458202 108.753110 134.380242 156.851231 175.993145 197.586143 202.900830 204.701529 205.274810 205.734463 206.174671 206.195873 203.090395 199.704907 195.540259 195.840554 199.355454 199.169017 196.697369 193.954001 187.885353 177.951435 171.032955 165.371371 158.680349 142.322044 140.812457 154.790613 151.561102 129.783108
-9999.0 -1044.981753 -968.229362 -975.000222 -1001.002385 -899.321840 -824.931771 -721.287746 -648.113256 -625.434155 -563.057643 -418.825093 -283.313911 -217.693115 -178.485294 -152.725019 -135.838127 -136.680929 -116.731946 -65.595380 14.199885 79.105745 125.768072 179.236216 187.321506 188.364458 186.499050 187.778926 189.135328 189.697208 190.372520 189.716609 194.559401 196.895258 195.800842 192.969103 187.873136 177.395418 172.278468 168.964006 165.647811 165.704640 168.648785 169.178519 166.714989 162.353185 153.509712 131.862374 120.729785 111.810852 105.457698 97.601659 95.007509 93.672680 88.576628 78.202290
-9999.0 -1147.656171 -1028.331665 -1097.877425 -963.779025 -849.517260 -799.932805 -663.435707 -540.846913 -485.418345 -321.187714 -229.895098 -155.088256 -104.222011 -66.150676 -26.868315 0.717249 29.473662 70.943709 126.431410 169.127664 189.430397 193.524977 195.877586 189.086477 189.113366 180.227382 160.200474 149.655964 143.048127 144.870086 151.939983 158.166606 164.004597 161.892554 161.261964 157.038254 135.027752 126.472766 117.373721 109.762506 104.803246 104.112400 109.542477 104.247836 99.655550 91.441433 78.749967 67.596845 58.202045 49.463301 41.456421 38.115979 32.976749 31.276333 23.280569
-9999.0 -1232.794837 -1136.644394 -1064.720677 -945.950603 -855.162606 -761.947416 -619.558057 -420.576708 -286.869723 -206.636749 -167.136345 -111.444911 -51.800538 6.432468 38.896989 57.316898 66.637792 79.668791 99.424326 106.606962 105.430138 119.916909 140.847401 148.326142 148.792382 121.838469 101.469395 92.100651 90.539011 89.858998 90.226972 90.273730 88.996342 85.457023 85.476167 86.738965 75.777973 65.979893 58.096308 51.677707 44.515140 39.716335 37.347274 35.045933 34.024838 25.873941 14.314125 3.125895 -5.458972 -13.724863 -20.201595 -22.400592 -26.560791 -32.185065 -41.913036
-9999.0 -1417.354476 -1115.443970 -1074.030018 -994.209031 -944.241292 -873.883173 -732.536780 -575.261059 -304.774083 -155.585056 -131.780720 -110.767698 -73.432841 -17.529944 33.495014 40.715328 15.172456 -3.298097 -9.261994 0.120267 11.542915 26.559626 46.920243 61.161812 66.769116 60.315983 47.776361 33.135888 25.535307 21.796795 14.767591 9.307298 8.768198 6.528534 10.429419 12.307055 1.804391 -10.667532 -24.386672 -35.962226 -44.315492 -46.998748 -46.319717 -46.860571 -49.787886 -56.863183 -66.593433 -78.284077 -88.683990 -96.573946 -102.018536 -107.370895 -114.548586 -122.452607 -130.809004
-9999.0 -9999.0 -1253.609397 -1080.223746 -1048.618149 -1003.088490 -944.070639 -820.487193 -694.712148 -483.241166 -308.365083 -238.366410 -199.994548 -162.221083 -111.634022 -69.896509 -61.888503 -54.360790 -76.019971 -77.269735 -73.995556 -69.146498 -58.930146 -46.542569 -34.927402 -28.261648 -25.656786 -29.029957 -38.541242 -52.542150 -68.086532 -79.893619 -87.377742 -92.723304 -86.654608 -77.703077 -79.482783 -85.739957 -95.749498 -108.410132 -118.653645 -128.881235 -131.255202 -130.125455 -130.025793 -132.538432 -137.180503 -148.332198 -160.134334 -172.049007 -178.070477 -183.899061 -189.415080 -198.854489 -208.446090 -218.686117
-9999.0 -9999.0 -1457.847065 -1170.043628 -1054.887767 -978.556951 -966.558652 -920.852311 -783.374306 -695.023336 -601.473203 -503.105159 -405.134191 -316.215509 -270.559939 -232.212968 -214.847892 -207.324605 -206.037464 -197.005561 -180.584926 -163.177750 -150.732833 -139.834004 -129.794267 -121.716037 -114.918232 -123.722086 -132.591432 -145.971866 -163.431671 -182.977761 -193.765160 -199.156154 -196.021186 -190.114047 -194.373777 -202.585704 -213.829270 -226.339432 -235.586871 -244.231196 -246.643299 -247.675663 -247.956418 -250.045606 -253.343449 -263.473477 -279.086929 -292.801799 -304.956029 -316.164167 -324.005784 -339.640724 -360.879723 -379.239599
