tests/Borden05m/sims/sim_1/output-maps/psiliqL0001N0004.asc
ncols         160
nrows         34
xllcorner     620200.000000
yllcorner     5168000.000000
cellsize      0.500000
NODATA_value  -9999.0
[rows 0 to 25 of 34, columns 57 to 113 of 160]
-9999.0 -9999.0 -9999.0 -9999.0 -9999.0 -9999.0 -9999.0 -9999.0 -9999.0 -9999.0 -9999.0 -9999.0 -9999.0 -9999.0 -9999.0 -9999.0 -9999.0 -9999.0 -9999.0 -9999.0 -9999.0 -9999.0 -9999.0 -9999.0 -9999.0 -9999.0 -9999.0 -9999.0 -9999.0 -9999.0 -9999.0 -9999.0 -9999.0 -9999.0 -9999.0 -9999.0 -9999.0 -9999.0 -9999.0 -9999.0 -9999.0 -9999.0 -9999.0 -9999.0 -9999.0 -9999.0 -9999.0 -9999.0 -9999.0 -9999.0 -9999.0 -9999.0 -9999.0 -9999.0 -9999.0 -9999.0 -9999.0
-9999.0 -9999.0 -495.057615 -496.352867 -497.095713 -497.319728 -499.069583 -500.265621 -501.882365 -501.927018 -501.576332 -501.910557 -502.793345 -501.944441 -500.936765 -500.161155 -498.826473 -499.384631 -499.348623 -498.808099 -498.650331 -498.859575 -499.456851 -499.746080 -500.138051 -499.086008 -501.061334 -503.631848 -505.597318 -505.930080 -504.004063 -502.994311 -503.429384 -502.646758 -500.768383 -499.330691 -499.298658 -497.526064 -498.471825 -497.862582 -496.365561 -497.483403 -497.518465 -496.992978 -496.063581 -499.053836 -9999.0 -9999.0 -9999.0 -9999.0 -9999.0 -9999.0 -9999.0 -9999.0 -9999.0 -9999.0 -9999.0
-495.858828 -496.470028 -503.042778 -503.336902 -503.199792 -502.654173 -503.273653 -505.325752 -505.580463 -507.191308 -507.936973 -508.138677 -508.920746 -508.568578 -505.906382 -504.114592 -503.791204 -504.458551 -504.876792 -505.634210 -506.102911 -505.892504 -506.483091 -506.976510 -507.527870 -507.168009 -505.051050 -506.995081 -507.879364 -508.884081 -510.130976 -509.801348 -509.543465 -509.549734 -507.130602 -506.555768 -506.369586 -503.266839 -500.366489 -499.821503 -501.251258 -502.575406 -501.837486 -501.495329 -502.378055 -503.151498 -502.363633 -502.618407 -502.592384 -503.771547 -501.922166 -502.387574 -500.601113 -499.273432 -497.746135 -495.023028 -9999.0
-500.537166 -501.126417 -505.830805 -508.502086 -509.238757 -508.496552 -506.260108 -506.877298 -508.476150 -511.183830 -508.335647 -508.849379 -509.218367 -508.831632 -508.002453 -507.662033 -507.336023 -506.932448 -504.606707 -505.019505 -505.301064 -505.141291 -505.507386 -506.220853 -506.001647 -506.309431 -508.414539 -507.966547 -507.400340 -507.967732 -505.918981 -505.899383 -504.556676 -508.332252 -507.851083 -507.291721 -507.093332 -507.179350 -507.170682 -506.759841 -508.413756 -506.954408 -507.812917 -510.109166 -510.081847 -509.207716 -506.308453 -504.750832 -505.954419 -511.139168 -508.458541 -502.894962 -503.750665 -505.103473 -502.794130 -500.605989 -496.931297
-507.703036 -508.630997 -510.517948 -508.295591 -506.559521 -505.493186 -506.401179 -508.281636 -510.750461 -506.366582 -504.893184 -506.180686 -505.773424 -504.460445 -504.233687 -509.858495 -511.335472 -509.443556 -507.580258 -506.920472 -508.103279 -508.663927 -509.700294 -509.592667 -508.835243 -509.317909 -508.410856 -507.759891 -509.023141 -507.814683 -506.393575 -504.766723 -508.103193 -511.051053 -510.823295 -508.335187 -506.724437 -506.236019 -504.047962 -500.133425 -500.866839 -501.489260 -501.255443 -500.643094 -504.775072 -508.734434 -510.222976 -510.807956 -511.987444 -510.647100 -511.726427 -507.156389 -507.714383 -508.659023 -506.771173 -505.581410 -503.859250
-507.943921 -507.001317 -510.049825 -511.455956 -511.965120 -511.408537 -512.119017 -512.297979 -508.683238 -507.289274 -504.277501 -506.132460 -506.218463 -506.361662 -509.866421 -512.294565 -514.147768 -508.693153 -504.644913 -503.662255 -505.256676 -506.701027 -502.764136 -503.952741 -504.203423 -506.503851 -505.746304 -506.646277 -502.822524 -501.676768 -499.669793 -500.528901 -504.374541 -507.539850 -507.498250 -507.136990 -507.733498 -507.099618 -505.064341 -502.245017 -504.780932 -505.209301 -503.707763 -509.823758 -514.285828 -515.347012 -510.680775 -507.999624 -508.230725 -507.580573 -507.073739 -510.042250 -509.208084 -508.830306 -510.459407 -507.270283 -504.114684
-501.673935 -497.073301 -500.654555 -502.669883 -506.778014 -506.184240 -505.908867 -504.912400 -503.789281 -501.194391 -494.862818 -497.478807 -497.579667 -495.150581 -498.797521 -501.955602 -507.592785 -501.322977 -500.746572 -499.426050 -500.592010 -496.514461 -492.899009 -495.685227 -499.022494 -503.347868 -500.999897 -496.105843 -491.832304 -491.491252 -491.427578 -490.538374 -493.868965 -494.059543 -494.222685 -493.265865 -495.571895 -495.601636 -492.397630 -486.316978 -485.348911 -487.110090 -491.560145 -499.330865 -506.488529 -510.085636 -503.336560 -504.902285 -505.402471 -503.824053 -507.018069 -508.591425 -504.865625 -507.496762 -509.579686 -504.931074 -504.838372
-503.545367 -498.805147 -501.493840 -505.457230 -509.883740 -509.825947 -507.376129 -506.821710 -502.821555 -497.620642 -491.783993 -489.401670 -487.536738 -483.198187 -485.725487 -488.247451 -491.981583 -491.297823 -487.027644 -483.292451 -479.250091 -475.025529 -469.752698 -473.006982 -477.138920 -477.493908 -476.761987 -470.230718 -464.993057 -463.848136 -463.174258 -459.721330 -461.417021 -464.739895 -468.601975 -472.458573 -475.877216 -479.556389 -473.023848 -466.661452 -466.836396 -476.672659 -482.635742 -490.860085 -498.991558 -508.928707 -507.068088 -504.099077 -501.194456 -504.931380 -505.825161 -508.736871 -508.646672 -507.365920 -511.540244 -508.854767 -508.707069
-483.558688 -478.070179 -475.872992 -482.978622 -483.763042 -481.519480 -477.271220 -477.513756 -475.541297 -465.579306 -448.645741 -428.462461 -409.001804 -405.532349 -412.868796 -420.283334 -432.562616 -442.392469 -436.029468 -425.034896 -414.117613 -404.032715 -394.304634 -386.354787 -385.668264 -385.198208 -383.597269 -382.464238 -378.721019 -372.269365 -364.063172 -353.723980 -348.713421 -359.288897 -370.210701 -381.152816 -390.523917 -393.685269 -397.475223 -394.218083 -394.277763 -407.388964 -426.467420 -446.425622 -462.877603 -473.946283 -482.433254 -478.507977 -482.769226 -485.689795 -488.737408 -499.373938 -500.730944 -501.059677 -511.100128 -511.819977 -508.621398
-450.911418 -442.077838 -427.635652 -424.237799 -420.694573 -418.613095 -415.053948 -411.913883 -407.486718 -380.844546 -328.271312 -208.582970 -156.507651 -141.082471 -147.666293 -159.396401 -185.239696 -242.388118 -246.547194 -184.853339 -152.990075 -134.197316 -125.466493 -123.813200 -125.636745 -125.486776 -124.373825 -121.870333 -120.096172 -115.588137 -109.204668 -99.638799 -88.636406 -92.947730 -107.918466 -118.032414 -129.399733 -133.021321 -133.199895 -136.791827 -138.357926 -145.932820 -195.155399 -304.139376 -365.715508 -399.572837 -420.968228 -440.440085 -450.676139 -457.119746 -473.555669 -486.073899 -495.685844 -503.045394 -511.554861 -512.242222 -499.994814
-353.351571 -286.651142 -198.261327 -165.094891 -155.325278 -151.319111 -146.700763 -143.509665 -137.938400 -120.731043 -79.706896 -25.582271 3.123788 3.280782 3.144301 0.360483 -12.682218 -31.597821 -34.828677 -18.087174 -5.180586 3.104619 3.264917 3.420114 3.371789 3.373361 3.358467 3.390851 3.415476 3.413747 3.495239 3.648954 3.788556 3.830979 3.671679 3.474965 3.271205 3.236104 3.183327 3.116408 3.115497 3.024628 -9.226687 -53.655391 -97.859611 -144.950640 -200.213784 -308.833272 -347.258143 -365.301533 -375.914659 -404.629843 -417.007386 -436.632536 -461.134827 -478.780347 -462.840784
-99.194579 -58.467481 -21.068463 -2.960246 0.828154 2.243607 3.067358 3.118376 3.232410 3.429322 3.704882 4.150897 4.534791 4.870324 4.800089 4.645456 4.358927 4.305468 4.306072 4.376813 4.493865 4.535665 4.713245 4.917965 4.978141 4.982186 4.882806 4.943853 4.961499 4.946743 4.903754 4.917642 5.011592 5.088476 5.050773 4.884377 4.667850 4.481841 4.416040 4.412454 4.389395 4.411490 4.357087 4.122425 3.682059 3.080722 -27.055870 -68.170533 -94.438857 -110.096493 -119.792984 -128.559753 -146.638484 -198.955906 -332.157222 -387.651115 -410.386766
3.436608 3.830801 4.240596 4.498575 4.515922 4.598859 4.598341 4.720414 4.907450 5.116724 5.196278 5.369129 11.847510 20.571710 26.041382 27.078345 28.148463 30.089561 29.726320 30.216148 30.382887 31.174519 30.688346 33.548441 33.335343 33.930140 33.283140 34.376489 33.756771 34.563179 34.313307 32.235304 32.549967 31.984780 32.450027 30.010455 23.154081 9.279114 5.540746 5.439412 5.332468 5.193832 5.037336 4.922066 4.801031 4.561575 4.160263 3.697184 3.548100 3.476611 3.390742 3.327870 1.789387 -23.593121 -72.011952 -114.431644 -161.253504
4.686770 4.877869 5.196214 5.425793 5.649359 10.077854 14.064671 23.865002 32.619531 35.415664 34.587348 35.303298 34.538109 35.161909 34.230732 35.112106 32.584699 33.060010 32.246267 26.768799 18.748947 19.932529 21.188903 23.217443 26.646315 24.904378 25.967739 28.198439 27.360253 22.238540 19.192920 17.805961 17.772439 24.430116 26.724161 27.666443 27.986927 27.821381 27.619450 27.771459 27.546646 27.640876 27.390991 22.972334 15.367929 5.521336 5.097248 4.695786 4.523124 4.504453 4.613990 4.584902 4.585180 4.317879 3.890455 3.356255 -11.003674
26.360813 36.395991 35.738860 36.345887 36.173826 36.832853 39.076829 37.407038 35.397294 31.304434 27.859370 26.516302 25.827443 23.358748 24.291715 22.216282 18.856406 15.769772 10.998013 5.506456 5.203914 5.194485 5.341160 5.438000 5.537920 5.619767 6.738025 8.266702 5.707239 5.407268 5.270061 5.204248 5.377146 5.489845 5.777335 6.030218 5.697882 5.450545 5.707859 5.433620 5.438226 6.120448 17.417836 24.783858 24.854107 24.657001 24.771342 24.698617 5.830781 5.194271 5.501228 5.368045 5.193249 4.918509 4.728455 4.492590 4.255627
29.803763 27.215851 22.370083 16.940298 16.354585 20.383679 26.472792 28.395352 22.015468 14.906760 8.984784 5.517444 5.483179 5.451229 5.445556 5.617116 5.343856 5.275988 5.066705 4.984859 4.892570 4.836552 4.807758 4.890635 4.991515 5.079482 5.241440 5.066316 5.015118 4.920567 4.830791 4.875414 4.880656 4.954448 5.117529 5.107502 5.169589 5.035795 5.031631 4.941334 4.886134 4.962941 5.155971 5.330831 5.553075 6.082797 12.108874 17.497661 24.474590 24.476110 24.240797 24.217249 20.178670 8.119117 5.367293 5.133751 4.908263
10.482848 6.601852 5.450759 5.289601 5.244707 5.429017 5.797973 5.509823 5.343076 5.177989 5.045286 4.930592 4.878101 4.938556 4.983357 5.049624 4.956730 4.797858 4.651719 4.588568 4.460455 4.507844 4.455064 4.358560 4.485887 4.691313 4.799700 4.571014 4.533402 4.394249 4.346720 4.324078 4.316895 4.376373 4.554989 4.793706 4.783284 4.613753 4.517863 4.493449 4.440782 4.515903 4.734263 4.921269 5.012807 5.063753 5.085607 5.182656 5.291000 5.428620 5.786545 12.890418 23.167744 23.441413 23.268698 23.361374 8.088221
5.263310 5.181692 5.130146 5.083611 5.039675 5.058883 5.024087 4.939013 4.900795 4.876340 4.786823 4.707689 4.524632 4.488676 4.367627 4.350789 4.071416 3.947481 3.692961 3.546352 3.359747 3.276335 3.214928 3.088486 3.158774 3.386860 3.567242 3.286526 3.212902 3.045388 2.998059 2.853789 2.290581 3.030908 3.348344 3.581879 3.678273 3.535861 3.473004 3.475346 3.509924 3.626748 3.938537 4.247264 4.488122 4.611169 4.677075 4.728301 4.799434 4.923674 5.009647 5.106324 5.267953 5.603423 12.596535 20.259158 25.742490
5.003649 4.955318 4.871046 4.753711 4.686111 4.812693 4.646492 4.587321 4.547970 3.737317 3.509860 3.229633 1.250901 -4.745507 -22.533113 -48.967181 -71.270099 -82.088262 -91.176659 -104.770741 -118.900011 -131.481547 -134.815412 -138.257077 -144.133676 -137.890917 -135.360469 -135.482071 -139.706338 -144.074727 -146.359810 -147.946971 -144.304561 -133.788869 -126.530346 -119.541679 -115.924654 -119.339170 -112.296033 -104.290889 -97.841992 -71.382171 -36.131333 -9.099718 3.210628 3.652744 3.902261 4.118591 4.274791 4.426452 4.568232 4.675230 4.857649 5.070457 5.190090 5.274744 5.429511
4.747324 4.618529 4.514286 4.364033 4.098015 4.068720 3.921454 3.766342 -2.844847 -50.482155 -98.949783 -121.469424 -142.591827 -158.206118 -188.761388 -280.111009 -325.191872 -343.883200 -346.233264 -363.814120 -382.418074 -395.543917 -400.605396 -403.224173 -409.504750 -410.351430 -407.593847 -401.776563 -409.304741 -414.434643 -414.527389 -416.939538 -416.983624 -407.689892 -394.960622 -387.677541 -381.103661 -375.690456 -374.051082 -371.724524 -345.676079 -310.682301 -218.301408 -156.370573 -121.757622 -90.711447 -52.450332 -18.227808 1.151051 3.399080 3.687969 4.049880 4.333470 4.626180 4.754462 4.863202 4.926840
3.881296 3.582934 3.273228 -4.292898 -34.917159 -56.708385 -76.854574 -102.065134 -158.622508 -259.025081 -357.834765 -385.284064 -404.655287 -414.093543 -427.059850 -447.095334 -457.533907 -456.911233 -453.406436 -456.119360 -462.991060 -467.787460 -470.533776 -473.423849 -478.265313 -481.255222 -477.620801 -474.680883 -475.340829 -475.667393 -474.591398 -474.937599 -475.567398 -476.844444 -471.579665 -468.951448 -465.930623 -464.088598 -464.203238 -453.789612 -443.510578 -436.059451 -420.004706 -400.469120 -376.772596 -340.721220 -265.621737 -177.085378 -134.836718 -105.283481 -68.448082 -25.248131 1.735014 3.592621 4.000750 4.255768 4.428776
-49.995552 -90.351632 -122.082434 -167.169758 -222.347214 -286.578087 -313.892020 -360.305015 -400.601095 -434.430713 -452.179140 -461.252808 -468.516869 -475.017904 -482.742531 -490.172441 -495.017986 -490.535365 -488.823288 -484.898368 -489.737945 -493.184281 -493.143194 -496.298124 -498.928137 -503.440308 -499.552357 -498.550168 -494.378666 -495.340703 -495.613601 -493.688973 -494.771452 -495.097793 -498.512440 -495.849807 -495.085699 -494.273233 -487.667064 -482.218636 -476.759992 -472.479349 -467.404688 -460.148482 -450.755191 -439.336700 -422.803071 -404.366496 -384.798335 -355.852641 -294.228095 -184.584064 -133.072785 -95.319251 -54.605125 -16.832006 3.149122
-260.329849 -343.961718 -383.934464 -417.823657 -437.421710 -439.746997 -452.239471 -463.953251 -479.706860 -484.734467 -487.411036 -491.629532 -494.369182 -496.185657 -500.798264 -503.688912 -509.692715 -506.925822 -503.660411 -498.597195 -502.804213 -502.965091 -501.530414 -503.498506 -505.534764 -509.621229 -509.097936 -506.057138 -502.397573 -503.112456 -502.609049 -500.388027 -500.286018 -502.032731 -505.916517 -505.309852 -503.518747 -502.146093 -498.746038 -495.983938 -493.395425 -491.456405 -488.050251 -483.866901 -479.382731 -473.215846 -465.229834 -460.203814 -450.811434 -438.506408 -423.427284 -405.734837 -384.330891 -345.196900 -272.336948 -176.317959 -130.793106
-425.886200 -440.994494 -457.667542 -471.632195 -484.240812 -491.138763 -496.710493 -501.846287 -502.100703 -502.952645 -504.751632 -506.134611 -507.833742 -509.386243 -510.470622 -512.991297 -519.371489 -516.491917 -512.887432 -508.668273 -508.507850 -508.838370 -508.243373 -508.926731 -511.620325 -516.950199 -514.754842 -511.873793 -509.363115 -508.828522 -508.559252 -506.857011 -508.178426 -510.759874 -514.675287 -513.214467 -510.719177 -509.803074 -508.658101 -506.676636 -504.614590 -502.702762 -500.433152 -498.331149 -495.049610 -491.312956 -486.932104 -481.823116 -475.880302 -467.928955 -465.242218 -460.267807 -454.989993 -444.783620 -430.895519 -409.514975 -386.566221
-473.818656 -479.443701 -486.205960 -494.362230 -497.380985 -500.495329 -503.093863 -506.175252 -507.763659 -509.087225 -507.101106 -507.436237 -509.962137 -509.119581 -510.204144 -515.372340 -513.027340 -511.483877 -507.099886 -508.188379 -508.479090 -509.515821 -508.661075 -509.208949 -514.515489 -511.648361 -510.668074 -507.844605 -507.696865 -507.346603 -507.061972 -506.630237 -507.250039 -511.024293 -510.185968 -509.412477 -506.972796 -507.483415 -507.039931 -504.598049 -504.629519 -503.741997 -502.188863 -500.645037 -498.745241 -496.308436 -492.300091 -488.109516 -483.894428 -483.735832 -480.880184 -478.322975 -482.683983 -477.179585 -472.656581 -467.643949 -458.811350
-494.457254 -497.540943 -500.356664 -503.237804 -505.861236 -508.534193 -510.319039 -512.860635 -515.774897 -513.182577 -512.459616 -512.225646 -512.493211 -513.222278 -515.409720 -512.185930 -511.739204 -512.009382 -512.431216 -512.523338 -512.176061 -512.709350 -513.004322 -512.800031 -510.508714 -510.279568 -511.182847 -510.585254 -510.202059 -509.704740 -510.758992 -510.643514 -510.622302 -509.802517 -509.979218 -510.777069 -509.713408 -509.695433 -509.765645 -509.024242 -508.782187 -508.399820 -507.079004 -506.481973 -505.595568 -503.132510 -499.835373 -497.939944 -498.730914 -496.844477 -496.086234 -498.409804 -500.329232 -497.405053 -494.886508 -493.302099 -488.025891
