tests/Borden05m/sims/sim_1/output-maps/psiliqL0006N0007.asc
ncols         160
nrows         34
xllcorner     620200.000000
yllcorner     5168000.000000
cellsize      0.500000
NODATA_value  -9999.0
[rows 0 to 24 of 34, columns 0 to 55 of 160]
-9999.0 -9999.0 -9999.0 -9999.0 -9999.0 -9999.0 -9999.0 -9999.0 -9999.0 -9999.0 -9999.0 -9999.0 -9999.0 -9999.0 -9999.0 -9999.0 -9999.0 -9999.0 -9999.0 -9999.0 -9999.0 -9999.0 -9999.0 -9999.0 -9999.0 -9999.0 -9999.0 -9999.0 -9999.0 -9999.0 -9999.0 -9999.0 -9999.0 -9999.0 -9999.0 -9999.0 -9999.0 -9999.0 -9999.0 -9999.0 -9999.0 -9999.0 -9999.0 -9999.0 -9999.0 -9999.0 -9999.0 -9999.0 -9999.0 -9999.0 -9999.0 -9999.0 -9999.0 -9999.0 -9999.0 -9999.0
-9999.0 -9999.0 -9999.0 -9999.0 -9999.0 -9999.0 -9999.0 -9999.0 -9999.0 -9999.0 -9999.0 -9999.0 -9999.0 -9999.0 -9999.0 -9999.0 -9999.0 -9999.0 -9999.0 -9999.0 -9999.0 -9999.0 -9999.0 -9999.0 -9999.0 -9999.0 -9999.0 -9999.0 -9999.0 -9999.0 -9999.0 -9999.0 -9999.0 -9999.0 -9999.0 -9999.0 -9999.0 -9999.0 -9999.0 -9999.0 -9999.0 -9999.0 -9999.0 -9999.0 -9999.0 -9999.0 -9999.0 -9999.0 -9999.0 -9999.0 -9999.0 -9999.0 -9999.0 -9999.0 -9999.0 -9999.0
-9999.0 -9999.0 -9999.0 -9999.0 -9999.0 -9999.0 -9999.0 -9999.0 -9999.0 -9999.0 -9999.0 -9999.0 -9999.0 -9999.0 -9999.0 -9999.0 -9999.0 -9999.0 -9999.0 -9999.0 -9999.0 -9999.0 -9999.0 -9999.0 -9999.0 -9999.0 -9999.0 -9999.0 -9999.0 -9999.0 -9999.0 -9999.0 -9999.0 -9999.0 -9999.0 -9999.0 -9999.0 -9999.0 -9999.0 -9999.0 -9999.0 -9999.0 -9999.0 -9999.0 -9999.0 -9999.0 -9999.0 -696.876343 -714.458972 -731.763751 -733.281685 -710.617820 -687.790600 -664.775160 -644.922233 -626.797966
-9999.0 -9999.0 -9999.0 -9999.0 -9999.0 -9999.0 -9999.0 -9999.0 -9999.0 -9999.0 -9999.0 -9999.0 -9999.0 -9999.0 -9999.0 -9999.0 -9999.0 -9999.0 -9999.0 -9999.0 -9999.0 -9999.0 -9999.0 -9999.0 -9999.0 -9999.0 -9999.0 -9999.0 -9999.0 -9999.0 -9999.0 -9999.0 -9999.0 -9999.0 -9999.0 -9999.0 -9999.0 -9999.0 -9999.0 -9999.0 -649.730934 -644.039621 -642.366410 -653.562473 -665.057984 -676.735358 -696.562412 -714.507098 -730.548307 -733.792149 -731.532589 -725.794303 -702.938569 -679.510986 -660.791979 -643.817405
-9999.0 -9999.0 -9999.0 -9999.0 -9999.0 -9999.0 -9999.0 -9999.0 -9999.0 -9999.0 -9999.0 -9999.0 -9999.0 -9999.0 -9999.0 -9999.0 -9999.0 -9999.0 -9999.0 -9999.0 -9999.0 -9999.0 -9999.0 -9999.0 -9999.0 -9999.0 -9999.0 -9999.0 -9999.0 -9999.0 -9999.0 -9999.0 -9999.0 -9999.0 -740.024493 -722.618627 -704.924625 -687.168491 -671.127485 -664.973639 -659.298726 -653.665419 -657.862370 -663.033775 -674.562511 -692.973152 -712.915580 -727.592115 -730.765680 -733.777132 -729.710642 -716.883976 -700.879778 -684.956562 -664.741363 -642.610711
-9999.0 -9999.0 -9999.0 -9999.0 -9999.0 -9999.0 -9999.0 -9999.0 -9999.0 -9999.0 -9999.0 -9999.0 -9999.0 -9999.0 -9999.0 -9999.0 -9999.0 -9999.0 -9999.0 -9999.0 -9999.0 -9999.0 -9999.0 -9999.0 -9999.0 -9999.0 -9999.0 -9999.0 -734.451199 -740.560482 -746.089109 -747.954969 -749.627485 -751.260217 -744.575621 -732.426789 -714.401442 -693.589498 -681.449608 -674.833823 -668.818055 -668.355441 -673.405069 -676.091074 -676.382051 -688.270453 -700.138282 -711.297187 -722.075335 -723.481183 -714.426515 -701.388475 -686.269575 -672.405641 -658.080410 -644.862198
-9999.0 -9999.0 -9999.0 -9999.0 -9999.0 -9999.0 -9999.0 -9999.0 -9999.0 -9999.0 -9999.0 -9999.0 -9999.0 -9999.0 -9999.0 -9999.0 -9999.0 -9999.0 -9999.0 -9999.0 -9999.0 -9999.0 -9999.0 -762.597758 -756.544267 -750.380432 -743.455780 -742.946775 -747.692804 -753.765277 -757.435885 -759.479834 -761.407108 -757.538493 -749.400770 -736.115865 -720.703681 -699.885780 -691.896992 -685.524801 -673.522140 -672.108263 -668.399848 -664.995898 -667.411259 -670.423231 -682.453395 -691.406613 -685.756820 -679.980354 -674.498856 -668.102089 -656.218509 -641.421160 -624.486959 -604.680774
-9999.0 -9999.0 -9999.0 -9999.0 -9999.0 -9999.0 -9999.0 -9999.0 -9999.0 -9999.0 -9999.0 -9999.0 -9999.0 -9999.0 -9999.0 -9999.0 -9999.0 -9999.0 -9999.0 -786.725482 -786.154884 -785.544293 -781.353998 -780.562835 -778.570905 -771.905818 -764.168953 -762.651372 -764.556246 -766.793069 -765.726993 -763.589102 -760.039785 -748.974638 -735.681988 -722.182397 -708.564100 -688.495948 -674.494847 -661.100538 -645.611782 -648.031944 -653.384685 -656.423584 -656.731230 -656.618545 -650.305514 -646.783106 -642.067776 -636.494191 -630.074508 -622.396156 -613.076520 -595.689909 -576.445469 -557.126717
-9999.0 -9999.0 -9999.0 -9999.0 -9999.0 -9999.0 -9999.0 -9999.0 -9999.0 -9999.0 -9999.0 -9999.0 -9999.0 -9999.0 -9999.0 -9999.0 -814.310053 -812.680183 -810.951831 -805.972223 -804.042736 -800.501331 -794.098494 -793.547033 -790.068218 -783.451700 -778.878071 -771.026723 -763.848348 -757.052755 -751.715441 -749.620186 -742.367647 -733.323702 -722.087981 -706.973988 -685.708141 -664.164404 -648.840494 -633.247353 -617.576023 -618.310577 -620.401740 -620.177289 -620.047888 -612.226660 -594.585663 -589.138475 -585.839524 -567.028401 -553.626478 -549.193558 -543.265024 -526.834120 -504.301551 -477.860075
-9999.0 -9999.0 -9999.0 -9999.0 -9999.0 -9999.0 -9999.0 -9999.0 -9999.0 -9999.0 -9999.0 -9999.0 -9999.0 -857.203655 -853.248774 -844.589516 -837.301141 -835.592773 -832.282334 -827.223970 -815.568539 -812.584349 -806.858664 -799.707489 -789.085954 -781.208428 -772.531352 -761.399663 -753.531876 -746.987804 -740.489751 -734.110426 -720.865340 -706.111731 -690.869190 -671.491586 -651.169286 -631.074369 -610.975897 -597.478308 -584.289887 -581.216027 -584.382845 -583.970049 -576.489947 -558.738275 -540.539736 -527.920447 -505.883070 -482.562320 -468.262905 -455.003093 -446.209574 -434.466542 -413.786540 -372.788322
-9999.0 -9999.0 -9999.0 -9999.0 -9999.0 -9999.0 -9999.0 -9999.0 -9999.0 -9999.0 -892.940698 -890.360971 -894.024068 -893.020925 -888.940097 -877.608693 -865.149832 -858.537220 -848.025063 -828.266890 -812.043033 -809.121845 -794.748687 -785.537558 -779.690602 -769.564504 -757.108738 -744.717658 -727.933001 -715.980078 -703.711336 -683.409238 -667.968904 -652.797316 -636.460589 -618.344677 -598.330686 -569.030077 -542.958013 -529.660881 -505.863650 -491.457587 -495.962702 -497.020770 -490.551409 -472.735758 -447.548099 -417.829872 -390.871998 -355.363858 -322.479273 -298.907149 -280.971142 -259.619435 -229.067884 -150.155445
-9999.0 -9999.0 -9999.0 -9999.0 -9999.0 -9999.0 -9999.0 -9999.0 -916.414071 -910.005573 -903.824273 -907.102591 -912.186929 -915.383622 -903.105287 -887.789416 -872.437705 -856.297918 -841.002185 -823.999172 -808.914959 -792.842117 -774.535517 -763.409891 -752.220484 -737.916956 -725.059400 -707.700490 -687.375872 -672.995629 -654.291919 -633.659188 -615.306050 -598.867135 -582.247374 -565.595519 -537.691878 -504.378040 -472.373980 -446.601642 -417.562712 -389.733735 -388.491111 -384.391768 -377.843518 -343.096986 -295.345715 -237.625203 -158.484189 -42.486229 17.847790 43.694555 56.624836 69.790054 88.042334 114.919212
-9999.0 -9999.0 -9999.0 -9999.0 -9999.0 -9999.0 -941.200990 -917.435555 -903.102324 -911.059462 -918.590680 -921.960668 -925.401829 -908.401817 -887.857708 -871.786393 -855.862373 -839.381493 -823.947419 -809.222844 -774.315875 -759.485402 -745.213624 -725.702165 -712.941840 -700.176713 -683.936460 -661.403438 -639.105638 -606.805286 -577.086172 -550.829280 -525.697379 -507.230451 -489.944525 -471.075266 -438.606439 -398.229587 -353.452891 -307.399937 -259.989332 -204.490384 -176.028830 -153.109077 -112.473714 -32.387507 23.046795 65.343822 112.166832 164.059187 197.313493 210.247194 217.858064 223.851912 231.340050 240.074144
-9999.0 -9999.0 -9999.0 -9999.0 -974.177602 -953.483475 -932.957548 -902.395620 -880.141587 -886.016009 -878.726185 -878.254564 -879.569876 -878.052293 -873.373063 -856.218086 -839.629147 -823.014253 -804.718758 -766.682055 -727.162660 -711.242222 -684.751519 -653.888599 -641.151419 -627.822991 -614.081542 -592.485071 -563.537531 -529.267070 -481.862173 -440.729679 -412.693251 -387.008341 -362.207337 -329.285032 -279.797593 -206.097715 -87.939973 2.409195 50.721677 81.406873 99.141397 112.033028 134.088538 166.256048 193.182488 217.766833 237.199916 257.579644 272.180446 279.291944 281.581863 285.205996 289.339397 295.232759
-9999.0 -9999.0 -9999.0 -1019.634778 -981.545813 -945.490669 -918.093897 -887.503038 -856.602766 -849.837610 -842.227886 -835.474411 -828.466951 -819.845417 -809.734536 -794.505243 -782.138113 -771.663791 -752.183584 -716.749716 -681.577377 -647.563964 -616.796472 -586.629665 -564.390314 -550.137836 -535.348020 -512.164227 -472.702096 -430.496801 -370.809737 -296.595204 -229.943501 -167.209595 -95.266469 -15.827196 27.703234 74.833619 128.226647 174.349517 206.910842 225.326358 236.983687 241.090276 247.221760 254.340305 264.861107 275.165651 283.490792 296.366491 309.598359 319.694088 324.582236 327.200143 335.263616 345.771155
-9999.0 -9999.0 -1065.427097 -1029.139927 -993.478840 -941.369426 -889.444985 -856.856255 -816.571016 -791.237427 -784.328150 -765.474802 -748.660097 -740.355649 -723.530315 -706.794786 -696.021514 -694.820116 -684.951278 -649.065787 -595.959703 -547.596498 -512.880367 -455.009333 -420.606846 -398.474800 -385.333689 -355.683297 -310.176326 -228.251752 -83.907814 8.305477 62.781530 103.365086 132.420952 165.139816 193.400265 213.841633 237.699896 255.984192 271.359861 282.933955 293.215818 296.458540 297.653961 305.243497 316.031049 326.619934 337.574129 351.387713 363.045612 363.051011 362.443896 361.820358 361.490839 361.493868
-9999.0 -9999.0 -1089.459973 -1046.098618 -1002.210286 -930.519479 -857.174824 -819.732986 -777.120358 -734.093830 -715.564139 -693.153387 -672.745853 -653.035425 -630.476595 -607.158409 -605.895531 -605.086273 -607.285945 -555.244197 -497.750137 -428.181388 -334.495528 -243.813469 -161.920886 -137.324800 -111.884502 -47.161964 0.639438 58.086490 126.784352 183.732686 223.173216 242.808711 253.077006 264.395309 276.664432 286.452896 293.952915 312.100928 320.644523 330.662946 346.309804 361.282296 366.573213 366.015674 362.659178 362.354656 361.849157 361.551705 360.876519 357.313417 356.241399 356.553669 357.494202 353.076231
-9999.0 -1174.435840 -1122.860847 -1068.176363 -996.759493 -926.360544 -838.936426 -758.012481 -711.376438 -672.062644 -645.283384 -624.941307 -567.805586 -518.194381 -492.264823 -462.201668 -466.906950 -472.036516 -481.890039 -439.444698 -370.801942 -219.632800 -7.822053 67.883021 108.808770 118.596098 122.631850 148.608093 178.616956 213.304189 256.151573 280.133530 305.004215 322.391757 327.292467 328.431988 339.539391 353.564586 363.223001 366.185129 365.871330 365.370432 360.866937 360.745660 360.799902 360.877595 357.818494 351.949394 344.849341 340.161581 336.818810 332.808174 335.580658 339.029129 340.960710 335.507864
-9999.0 -1207.639381 -1146.934362 -1073.745544 -1001.040399 -919.246606 -802.791507 -680.655935 -638.142933 -606.919773 -577.774680 -527.032790 -435.128113 -352.690444 -298.899926 -235.850181 -241.842036 -264.762854 -264.805488 -188.710977 -54.223932 44.489265 177.289178 248.144988 255.415154 263.956908 270.455941 286.848931 305.879196 321.531484 335.073287 349.627127 352.900766 352.928764 352.766780 353.002822 353.611856 353.803732 350.718084 347.313967 342.998203 342.870182 346.078278 345.839935 343.669973 341.732548 337.352044 331.157657 327.621085 325.798571 325.197396 324.080926 324.031289 325.597555 324.257466 322.465228
-9999.0 -1228.998280 -1160.856211 -1093.985401 -1015.777413 -885.591380 -765.842322 -641.574016 -557.262996 -523.189644 -469.817162 -360.372978 -179.077525 -10.988595 51.592851 74.712254 80.548692 68.383212 80.851692 127.117619 195.137171 254.045681 292.068414 332.108993 337.900194 339.031569 336.551261 339.400595 341.528194 341.549823 341.118609 339.372001 343.064023 344.639438 343.519773 341.067322 337.110127 330.470311 326.670287 325.617325 324.337134 324.936390 327.273958 327.849699 326.877703 325.479253 324.059411 322.183883 320.488627 318.427575 318.167011 317.368663 317.475917 315.985213 314.649221 313.667845
-9999.0 -1309.754371 -1228.056175 -1162.546844 -1017.913863 -857.135715 -736.027431 -583.965736 -458.280503 -406.348390 -265.835396 -30.617390 108.194677 189.760028 224.747018 248.614281 261.228849 273.237528 290.599676 294.901838 325.591484 345.217616 347.000197 345.724864 338.131165 338.834205 333.589611 320.245750 315.301063 311.925762 313.639151 318.569238 322.197424 326.219525 324.741339 325.177691 325.174014 323.793120 323.289248 319.926527 316.731763 314.454133 314.329999 318.942811 316.081711 315.200519 313.635967 311.438410 309.042023 307.009461 304.790006 302.502221 302.398950 300.034522 301.170329 299.403493
-9999.0 -1390.346229 -1310.432064 -1198.546144 -1040.091287 -877.581665 -724.839335 -555.610289 -373.336071 -224.507442 -15.486337 109.004558 203.532268 255.208546 291.533600 306.684659 315.615374 317.628547 317.904095 317.502513 298.667576 294.018371 301.988937 314.205323 318.019192 319.968248 315.012555 309.969885 308.379738 310.091628 310.655416 311.231398 311.290208 310.442190 308.352148 309.137778 312.533948 310.336117 307.789509 305.615064 303.396134 299.453019 296.476775 294.894300 294.246717 295.543500 292.886098 289.100522 285.640110 283.699054 281.355145 279.542381 279.877065 277.894064 274.081767 267.075554
-9999.0 -1471.573272 -1359.619127 -1252.004322 -1109.275590 -967.508431 -826.251862 -657.893372 -499.185440 -253.746525 41.779961 148.668027 201.531863 233.986782 271.309869 306.144194 308.379242 288.491836 273.811222 266.080267 268.216097 273.362374 279.865749 290.090396 297.971496 302.663035 303.382003 299.583423 292.758435 289.880125 289.104142 285.379585 282.520610 282.999106 281.699794 284.824357 287.394510 282.815695 277.122343 268.943074 260.094785 251.754720 248.227688 248.023134 247.647078 246.074090 242.461482 237.470673 231.361013 226.193270 222.826270 220.638623 217.258116 209.693583 197.432121 178.111046
-9999.0 -9999.0 -1426.237182 -1313.169683 -1193.390861 -1061.761196 -927.434779 -767.651231 -615.090322 -427.211826 -255.105733 -40.256032 42.739781 92.747555 157.507907 213.653276 225.018833 235.428612 221.042370 222.951321 225.947294 228.646698 234.659489 242.374137 251.435693 258.449694 262.799684 261.267076 254.399560 243.747102 232.312158 224.508393 220.163975 216.451195 221.288007 227.869261 226.530939 223.136350 216.060088 201.053066 179.972823 151.773144 139.102997 135.776725 133.984396 129.606564 122.904019 108.421928 94.474277 82.017270 76.690961 71.245798 65.094367 52.105870 33.901015 1.549307
-9999.0 -9999.0 -1506.948511 -1394.222330 -1269.640951 -1141.531330 -1029.183102 -908.561668 -748.064846 -628.240930 -531.995501 -441.321834 -358.821995 -272.823635 -143.786936 -25.304157 15.605710 30.775154 37.633536 49.228564 67.445931 86.920965 104.151045 122.867170 146.284171 168.589724 179.602139 163.004512 140.732409 114.253976 87.988423 64.575602 53.091299 47.458222 50.777472 56.882687 51.939555 42.085393 26.656601 2.419961 -35.262208 -98.675114 -124.622585 -133.445519 -136.645156 -145.497212 -158.830896 -187.028786 -217.089013 -236.833571 -251.583394 -263.711281 -271.448699 -286.211802 -304.493771 -320.020126
