tests/Borden05m/sims/sim_1/output-maps/psiliqL0029N0016.asc
ncols         160
nrows         34
xllcorner     620200.000000
yllcorner     5168000.000000
cellsize      0.500000
NODATA_value  -9999.0
[rows 0 to 24 of 34, columns 0 to 54 of 160]
-9999.0 -9999.0 -9999.0 -9999.0 -9999.0 -9999.0 -9999.0 -9999.0 -9999.0 -9999.0 -9999.0 -9999.0 -9999.0 -9999.0 -9999.0 -9999.0 -9999.0 -9999.0 -9999.0 -9999.0 -9999.0 -9999.0 -9999.0 -9999.0 -9999.0 -9999.0 -9999.0 -9999.0 -9999.0 -9999.0 -9999.0 -9999.0 -9999.0 -9999.0 -9999.0 -9999.0 -9999.0 -9999.0 -9999.0 -9999.0 -9999.0 -9999.0 -9999.0 -9999.0 -9999.0 -9999.0 -9999.0 -9999.0 -9999.0 -9999.0 -9999.0 -9999.0 -9999.0 -9999.0 -9999.0
-9999.0 -9999.0 -9999.0 -9999.0 -9999.0 -9999.0 -9999.0 -9999.0 -9999.0 -9999.0 -9999.0 -9999.0 -9999.0 -9999.0 -9999.0 -9999.0 -9999.0 -9999.0 -9999.0 -9999.0 -9999.0 -9999.0 -9999.0 -9999.0 -9999.0 -9999.0 -9999.0 -9999.0 -9999.0 -9999.0 -9999.0 -9999.0 -9999.0 -9999.0 -9999.0 -9999.0 -9999.0 -9999.0 -9999.0 -9999.0 -9999.0 -9999.0 -9999.0 -9999.0 -9999.0 -9999.0 -9999.0 -9999.0 -9999.0 -9999.0 -9999.0 -9999.0 -9999.0 -9999.0 -9999.0
-9999.0 -9999.0 -9999.0 -9999.0 -9999.0 -9999.0 -9999.0 -9999.0 -9999.0 -9999.0 -9999.0 -9999.0 -9999.0 -9999.0 -9999.0 -9999.0 -9999.0 -9999.0 -9999.0 -9999.0 -9999.0 -9999.0 -9999.0 -9999.0 -9999.0 -9999.0 -9999.0 -9999.0 -9999.0 -9999.0 -9999.0 -9999.0 -9999.0 -9999.0 -9999.0 -9999.0 -9999.0 -9999.0 -9999.0 -9999.0 -9999.0 -9999.0 -9999.0 -9999.0 -9999.0 -9999.0 -9999.0 3872.392436 3855.232746 3842.357353 3836.923835 3857.437253 3880.279680 3903.956873 3924.328625
-9999.0 -9999.0 -9999.0 -9999.0 -9999.0 -9999.0 -9999.0 -9999.0 -9999.0 -9999.0 -9999.0 -9999.0 -9999.0 -9999.0 -9999.0 -9999.0 -9999.0 -9999.0 -9999.0 -9999.0 -9999.0 -9999.0 -9999.0 -9999.0 -9999.0 -9999.0 -9999.0 -9999.0 -9999.0 -9999.0 -9999.0 -9999.0 -9999.0 -9999.0 -9999.0 -9999.0 -9999.0 -9999.0 -9999.0 -9999.0 3924.039783 3929.884675 3929.147461 3919.331681 3907.829205 3893.584935 3872.686261 3855.596366 3842.911965 3841.038355 3843.255488 3845.083296 3865.024187 3890.458025 3910.271122
-9999.0 -9999.0 -9999.0 -9999.0 -9999.0 -9999.0 -9999.0 -9999.0 -9999.0 -9999.0 -9999.0 -9999.0 -9999.0 -9999.0 -9999.0 -9999.0 -9999.0 -9999.0 -9999.0 -9999.0 -9999.0 -9999.0 -9999.0 -9999.0 -9999.0 -9999.0 -9999.0 -9999.0 -9999.0 -9999.0 -9999.0 -9999.0 -9999.0 -9999.0 3831.973418 3848.642761 3866.364595 3884.813717 3901.713589 3908.742080 3914.480981 3919.590305 3914.629783 3910.072965 3898.052554 3876.267029 3856.828248 3844.179900 3843.370212 3840.766184 3843.872741 3854.774670 3871.087019 3885.500860 3905.663375
-9999.0 -9999.0 -9999.0 -9999.0 -9999.0 -9999.0 -9999.0 -9999.0 -9999.0 -9999.0 -9999.0 -9999.0 -9999.0 -9999.0 -9999.0 -9999.0 -9999.0 -9999.0 -9999.0 -9999.0 -9999.0 -9999.0 -9999.0 -9999.0 -9999.0 -9999.0 -9999.0 -9999.0 3838.595379 3832.516984 3827.588045 3825.778015 3824.065767 3822.956287 3829.384610 3840.026030 3856.555471 3878.537708 3891.713886 3898.797898 3905.563308 3905.569576 3899.160368 3897.233734 3897.461425 3884.245904 3871.472223 3859.495441 3847.729899 3843.828406 3852.198720 3866.150440 3882.037904 3896.199617 3911.071280
-9999.0 -9999.0 -9999.0 -9999.0 -9999.0 -9999.0 -9999.0 -9999.0 -9999.0 -9999.0 -9999.0 -9999.0 -9999.0 -9999.0 -9999.0 -9999.0 -9999.0 -9999.0 -9999.0 -9999.0 -9999.0 -9999.0 -9999.0 3809.072759 3813.610196 3819.942465 3827.461062 3828.226994 3824.955280 3819.425744 3816.596724 3814.916684 3812.178693 3816.423428 3822.787016 3835.195245 3849.914661 3871.960392 3879.736034 3883.125072 3893.845001 3897.434864 3905.445082 3908.870162 3906.489106 3901.626650 3885.613044 3872.958591 3873.859631 3876.885752 3883.287133 3891.263757 3904.321947 3917.133846 3931.398998
-9999.0 -9999.0 -9999.0 -9999.0 -9999.0 -9999.0 -9999.0 -9999.0 -9999.0 -9999.0 -9999.0 -9999.0 -9999.0 -9999.0 -9999.0 -9999.0 -9999.0 -9999.0 -9999.0 3784.894733 3785.892619 3787.351325 3792.099278 3792.198830 3793.644580 3800.078691 3807.742876 3810.482363 3807.800932 3806.592198 3807.447744 3809.535050 3813.607466 3823.262639 3835.910849 3849.096124 3860.904226 3880.787199 3894.344840 3905.554119 3919.867047 3919.992916 3915.892872 3913.656618 3912.784102 3910.023725 3906.246035 3903.677516 3909.200782 3908.172113 3910.277798 3918.734752 3930.235263 3945.631485 3961.902747
-9999.0 -9999.0 -9999.0 -9999.0 -9999.0 -9999.0 -9999.0 -9999.0 -9999.0 -9999.0 -9999.0 -9999.0 -9999.0 -9999.0 -9999.0 -9999.0 3755.873233 3757.497863 3759.760824 3765.153499 3768.900165 3772.594437 3779.304796 3780.575132 3783.462511 3790.010670 3793.769704 3802.593883 3810.412019 3816.677547 3821.648726 3823.075194 3828.309907 3836.300656 3846.440668 3858.754140 3877.252964 3899.797706 3914.233051 3929.811852 3946.051974 3945.654244 3942.859049 3941.990576 3939.146579 3938.371050 3951.059857 3952.760757 3945.069618 3952.214485 3962.619280 3964.112796 3970.145296 3989.375779 4010.544321
-9999.0 -9999.0 -9999.0 -9999.0 -9999.0 -9999.0 -9999.0 -9999.0 -9999.0 -9999.0 -9999.0 -9999.0 -9999.0 3705.768417 3709.510587 3719.702053 3731.610607 3734.560345 3739.424675 3746.002555 3757.720502 3760.897827 3766.270183 3772.717102 3784.879623 3792.691673 3800.437948 3811.106070 3817.886689 3823.566405 3828.530166 3829.430057 3839.120386 3851.437027 3864.069790 3881.538525 3902.121542 3918.760200 3935.130837 3950.505106 3960.558088 3955.786059 3954.092283 3955.242089 3958.266714 3969.271582 3984.322879 3981.804033 3988.525948 4007.588054 4016.278199 4021.842450 4026.721407 4040.163317 4061.335266
-9999.0 -9999.0 -9999.0 -9999.0 -9999.0 -9999.0 -9999.0 -9999.0 -9999.0 -9999.0 3680.918334 3681.947573 3677.817911 3674.077265 3679.718986 3691.771095 3706.184209 3710.999366 3722.661004 3743.644918 3762.014654 3764.238343 3776.510682 3785.841060 3791.468293 3799.790631 3811.102524 3821.398909 3834.768321 3844.516812 3850.894537 3864.707524 3878.557611 3892.865685 3908.244098 3927.079530 3940.869765 3962.076013 3985.193661 3991.735343 4006.341258 4006.357741 4001.172078 3998.105246 4006.608319 4015.722204 4028.089131 4041.077304 4057.974902 4078.318246 4086.315414 4098.294129 4106.480489 4115.984612 4130.914812
-9999.0 -9999.0 -9999.0 -9999.0 -9999.0 -9999.0 -9999.0 -9999.0 3656.552872 3664.629443 3669.421434 3665.605570 3660.597876 3653.649803 3668.018007 3682.708795 3697.797271 3715.618704 3730.278892 3747.727843 3760.307559 3773.554513 3792.573353 3801.718886 3810.530409 3823.844890 3835.000649 3847.515863 3866.004667 3871.023004 3879.129655 3896.402464 3909.787397 3924.771713 3941.236961 3955.868574 3973.468585 4001.697665 4028.845158 4042.677351 4067.359875 4082.467915 4075.214733 4072.096398 4072.247158 4094.021861 4118.813302 4146.825718 4163.744062 4185.765978 4213.255893 4232.181575 4241.149650 4251.993728 4265.625983
-9999.0 -9999.0 -9999.0 -9999.0 -9999.0 -9999.0 3628.015163 3652.133348 3666.935275 3657.614356 3641.759562 3635.574578 3628.175682 3660.233951 3681.960257 3698.466553 3714.158249 3730.637668 3745.683766 3751.848594 3779.257833 3797.761384 3807.637736 3818.356268 3831.286442 3844.144839 3858.536990 3877.839244 3892.916502 3911.710605 3924.323735 3937.830903 3959.642739 3975.279640 3990.712777 4002.420499 4028.350354 4061.714220 4095.208498 4118.209329 4141.666622 4172.925068 4171.077011 4172.088654 4172.621021 4196.735574 4230.731568 4260.186139 4291.456851 4321.595217 4350.149038 4360.491436 4369.334552 4379.116961 4391.630746
-9999.0 -9999.0 -9999.0 -9999.0 3596.488487 3616.959086 3634.752762 3664.078316 3685.260127 3679.604396 3682.666064 3679.358211 3673.465075 3677.901727 3685.384285 3701.331341 3719.436475 3737.920334 3750.182020 3774.313273 3820.474107 3829.247800 3843.464575 3870.992510 3880.090997 3892.487394 3906.616726 3925.344250 3941.054933 3965.992464 3997.373487 4024.034237 4043.805721 4061.702647 4079.834099 4095.335697 4130.153233 4166.625491 4201.762983 4232.587490 4258.854950 4284.862855 4290.543394 4295.084886 4304.888181 4322.152911 4345.123913 4372.798536 4406.895029 4439.106653 4462.215991 4470.679177 4475.636104 4485.172078 4492.418684
-9999.0 -9999.0 -9999.0 3541.363821 3580.278279 3619.924708 3644.604133 3673.936003 3705.539460 3703.505294 3711.245007 3709.029789 3705.713282 3709.413747 3710.356354 3725.516506 3742.828057 3762.264375 3782.337974 3814.065064 3840.909874 3855.134509 3880.965040 3893.897094 3904.386756 3915.693146 3933.275501 3951.722195 3986.631739 4014.382033 4059.099597 4108.847596 4139.984388 4158.519004 4180.967979 4208.551241 4233.846747 4273.120953 4307.126167 4339.192661 4369.366905 4391.310619 4405.064923 4409.465231 4419.312417 4424.844350 4437.009124 4458.048276 4480.591329 4511.685180 4541.205585 4570.876242 4586.488587 4597.883007 4615.313358
-9999.0 -9999.0 3492.722235 3532.491170 3562.814071 3608.157216 3660.565568 3695.103511 3733.330668 3750.233921 3751.748138 3760.000442 3768.420801 3767.179561 3773.577536 3784.335423 3806.394979 3814.960579 3835.258026 3847.173288 3881.105941 3912.050490 3902.510515 3937.786693 3966.788181 3999.926146 4021.591586 4047.969642 4086.001215 4118.479406 4162.199987 4212.240788 4246.083410 4273.718291 4289.851488 4310.548603 4330.858501 4357.892290 4395.316236 4420.785681 4454.976450 4480.545067 4500.044410 4500.110895 4502.705204 4519.095626 4548.193171 4579.978687 4609.750179 4639.728627 4621.263502 4646.785043 4658.205748 4664.577643 4674.596516
-9999.0 -9999.0 3461.469952 3508.229820 3540.972528 3596.345755 3683.822779 3716.629911 3755.137090 3799.738586 3811.632937 3831.588737 3820.776733 3804.547234 3820.339057 3832.272622 3853.991092 3861.318368 3854.016761 3905.129414 3956.255201 3975.306288 3973.617517 4052.262910 4105.890246 4131.754865 4149.459846 4169.912950 4189.116033 4226.967419 4265.088304 4320.227277 4361.548289 4391.650389 4406.355084 4427.081647 4446.898141 4461.950725 4481.934007 4530.216262 4567.363417 4599.247833 4632.219081 4653.968127 4662.318635 4667.807763 4639.744626 4661.106401 4675.593055 4681.841059 4684.368761 4680.516686 4679.985951 4680.849993 4681.771324
-9999.0 3366.863352 3419.332569 3468.865269 3531.656674 3590.912598 3663.042906 3736.040535 3803.694638 3856.270023 3880.104388 3868.547929 3860.071816 3881.139412 3898.790402 3912.818913 3918.712659 3929.942699 3909.292871 3963.712677 3998.010823 4042.466173 4140.116604 4199.189763 4266.360173 4261.700947 4249.263063 4253.253850 4268.248840 4315.677887 4397.308817 4455.654916 4524.238595 4575.274733 4593.188541 4601.231494 4620.554234 4641.899485 4583.201044 4630.622418 4652.566960 4670.877966 4681.670984 4684.194818 4685.604400 4685.341914 4681.573906 4674.416814 4666.138761 4660.215646 4655.929621 4651.426370 4653.870297 4657.211651 4657.253196
-9999.0 3327.560224 3384.226210 3451.486025 3517.504179 3558.674558 3635.329154 3806.380779 3870.339321 3907.923610 3909.147127 3874.079906 3927.306762 3985.779934 4008.200065 4053.741392 4036.369217 4020.729443 3979.055959 4003.155649 4040.095563 4110.966167 4288.571169 4378.803585 4436.286116 4444.203590 4444.257319 4473.385119 4519.549231 4569.731080 4618.639032 4581.548762 4636.138798 4663.140346 4668.782790 4669.572609 4675.630975 4674.002984 4672.785230 4668.228323 4662.986057 4663.168794 4667.944569 4667.807588 4664.789583 4661.310918 4655.546923 4648.128439 4642.985860 4638.344935 4635.702741 4632.894272 4630.831340 4629.886117 4624.842789
-9999.0 3283.983261 3359.605835 3416.044566 3456.502426 3540.736854 3671.222494 3816.871783 3913.664328 3946.542500 3913.103729 3940.391148 4044.126908 4153.299018 4206.425078 4227.197760 4203.965122 4150.079190 4125.478924 4169.545823 4242.118760 4369.008011 4519.162989 4624.410484 4640.784405 4644.547397 4591.184678 4619.897373 4646.510401 4649.668491 4650.918097 4660.037977 4665.206602 4668.277485 4666.666375 4663.761991 4658.897424 4650.612825 4645.834290 4642.054162 4638.212720 4636.895689 4638.771942 4640.779449 4637.882527 4633.948975 4629.457926 4623.884106 4617.504667 4610.668918 4606.225333 4601.864040 4599.679211 4593.888544 4590.466214
-9999.0 3153.547712 3251.892313 3287.807281 3349.994018 3541.958943 3671.295754 3808.466927 3978.176533 3994.091778 4032.518185 4177.248011 4300.806767 4383.861412 4411.116451 4443.667308 4468.212646 4483.397112 4521.548927 4385.303456 4472.285595 4580.107134 4630.172946 4651.883296 4664.014229 4664.429301 4654.204140 4633.044798 4622.227384 4615.461913 4617.076652 4624.407120 4628.938068 4633.607039 4631.264152 4632.468318 4633.840801 4630.683391 4626.582837 4617.701341 4609.764382 4602.819306 4599.196785 4603.771475 4599.144090 4596.931040 4590.614453 4581.981107 4572.858375 4565.447435 4557.305401 4550.664810 4548.456056 4543.449130 4542.208387
-9999.0 3072.470322 3143.351256 3193.429259 3295.193572 3457.943743 3542.910355 3697.558975 3946.932135 4088.604092 4263.090691 4359.806889 4430.965718 4469.955260 4518.891839 4573.507186 4602.112416 4615.215605 4580.495024 4606.270956 4561.613789 4550.241895 4568.447190 4598.803810 4617.216277 4621.509747 4613.844494 4605.018366 4597.723983 4596.601001 4594.232362 4589.562731 4584.874268 4580.949911 4577.811094 4581.045780 4586.568799 4579.180153 4568.439700 4558.621049 4549.782880 4540.289305 4534.187298 4529.188843 4529.882156 4530.210925 4522.432180 4511.773181 4500.702038 4492.246551 4485.019334 4480.639312 4477.791809 4472.654771 4462.399099
-9999.0 2947.200229 3081.361494 3151.525264 3236.240465 3361.312058 3457.451460 3604.626310 3728.786845 3980.224393 4118.139757 4333.101802 4386.307682 4460.345005 4506.383539 4582.572151 4576.968255 4545.814695 4500.762459 4484.947779 4498.174829 4507.736295 4515.524953 4529.436955 4547.588742 4558.113032 4563.953698 4558.331624 4544.001408 4530.844046 4518.741113 4504.163624 4494.218171 4491.430016 4496.243317 4506.939735 4507.063347 4497.658373 4483.177395 4464.327284 4448.252020 4436.079621 4434.230407 4437.296001 4438.584564 4434.302025 4428.596651 4417.603571 4404.795813 4392.018339 4386.551131 4382.285503 4374.543911 4362.781185 4350.451120
-9999.0 -9999.0 2991.718129 3098.474567 3185.576716 3290.991277 3370.332663 3479.076379 3615.265538 3783.657737 3900.382288 4094.135029 4196.198552 4241.222451 4272.774918 4330.179620 4358.152082 4393.320017 4390.990084 4405.257430 4416.681787 4422.574850 4427.496809 4432.465217 4442.779643 4452.881959 4463.926125 4461.074006 4452.354145 4431.033621 4404.034716 4382.958400 4372.037824 4362.210315 4375.006378 4387.858157 4381.715456 4374.684020 4361.778222 4345.317831 4332.737808 4318.259193 4314.807161 4314.579906 4315.237003 4312.977404 4310.796130 4298.268008 4285.958131 4276.333390 4272.482689 4266.800359 4263.455421 4253.650685 4243.013683
-9999.0 -9999.0 2903.462528 3003.236281 3099.799298 3212.811991 3289.650337 3283.723838 3413.507539 3512.418364 3620.844805 3735.927837 3837.220419 3908.212680 3939.390255 4003.046294 4063.941027 4083.836311 4129.780436 4190.365600 4227.459852 4270.381747 4295.183297 4304.432254 4317.044245 4332.095588 4339.489930 4323.495868 4312.138396 4294.860670 4270.795929 4243.146346 4229.180997 4229.401911 4227.672581 4228.352773 4220.222643 4211.318700 4196.700898 4183.036108 4170.909735 4162.462960 4158.925006 4152.771176 4150.186293 4147.414370 4145.946476 4141.318764 4133.581838 4129.547090 4121.200156 4117.823058 4117.367720 4114.943002 4109.750944
