tests/Borden05m/sims/sim_1/output-maps/psiliqL0013N0013.asc
ncols         160
nrows         34
xllcorner     620200.000000
yllcorner     5168000.000000
cellsize      0.500000
NODATA_value  -9999.0
[rows 0 to 24 of 34, columns 0 to 55 of 160]
-9999.0 -9999.0 -9999.0 -9999.0 -9999.0 -9999.0 -9999.0 -9999.0 -9999.0 -9999.0 -9999.0 -9999.0 -9999.0 -9999.0 -9999.0 -9999.0 -9999.0 -9999.0 -9999.0 -9999.0 -9999.0 -9999.0 -9999.0 -9999.0 -9999.0 -9999.0 -9999.0 -9999.0 -9999.0 -9999.0 -9999.0 -9999.0 -9999.0 -9999.0 -9999.0 -9999.0 -9999.0 -9999.0 -9999.0 -9999.0 -9999.0 -9999.0 -9999.0 -9999.0 -9999.0 -9999.0 -9999.0 -9999.0 -9999.0 -9999.0 -9999.0 -9999.0 -9999.0 -9999.0 -9999.0 -9999.0
-9999.0 -9999.0 -9999.0 -9999.0 -9999.0 -9999.0 -9999.0 -9999.0 -9999.0 -9999.0 -9999.0 -9999.0 -9999.0 -9999.0 -9999.0 -9999.0 -9999.0 -9999.0 -9999.0 -9999.0 -9999.0 -9999.0 -9999.0 -9999.0 -9999.0 -9999.0 -9999.0 -9999.0 -9999.0 -9999.0 -9999.0 -9999.0 -9999.0 -9999.0 -9999.0 -9999.0 -9999.0 -9999.0 -9999.0 -9999.0 -9999.0 -9999.0 -9999.0 -9999.0 -9999.0 -9999.0 -9999.0 -9999.0 -9999.0 -9999.0 -9999.0 -9999.0 -9999.0 -9999.0 -9999.0 -9999.0
-9999.0 -9999.0 -9999.0 -9999.0 -9999.0 -9999.0 -9999.0 -9999.0 -9999.0 -9999.0 -9999.0 -9999.0 -9999.0 -9999.0 -9999.0 -9999.0 -9999.0 -9999.0 -9999.0 -9999.0 -9999.0 -9999.0 -9999.0 -9999.0 -9999.0 -9999.0 -9999.0 -9999.0 -9999.0 -9999.0 -9999.0 -9999.0 -9999.0 -9999.0 -9999.0 -9999.0 -9999.0 -9999.0 -9999.0 -9999.0 -9999.0 -9999.0 -9999.0 -9999.0 -9999.0 -9999.0 -9999.0 694.214194 676.963234 661.355138 659.156011 681.767999 705.260373 729.162803 749.859198 768.595993
-9999.0 -9999.0 -9999.0 -9999.0 -9999.0 -9999.0 -9999.0 -9999.0 -9999.0 -9999.0 -9999.0 -9999.0 -9999.0 -9999.0 -9999.0 -9999.0 -9999.0 -9999.0 -9999.0 -9999.0 -9999.0 -9999.0 -9999.0 -9999.0 -9999.0 -9999.0 -9999.0 -9999.0 -9999.0 -9999.0 -9999.0 -9999.0 -9999.0 -9999.0 -9999.0 -9999.0 -9999.0 -9999.0 -9999.0 -9999.0 741.626403 747.581750 748.867459 738.485526 727.391618 715.303743 695.410108 677.727727 662.968379 660.572704 663.384639 668.614445 691.323365 716.115798 735.933629 753.129618
-9999.0 -9999.0 -9999.0 -9999.0 -9999.0 -9999.0 -9999.0 -9999.0 -9999.0 -9999.0 -9999.0 -9999.0 -9999.0 -9999.0 -9999.0 -9999.0 -9999.0 -9999.0 -9999.0 -9999.0 -9999.0 -9999.0 -9999.0 -9999.0 -9999.0 -9999.0 -9999.0 -9999.0 -9999.0 -9999.0 -9999.0 -9999.0 -9999.0 -9999.0 649.011779 666.527884 684.724254 703.242193 720.075662 726.928375 732.811538 738.629822 734.637724 730.127479 718.942211 699.993943 680.635617 666.956221 664.979083 662.694034 667.183876 680.233710 697.200470 713.586575 734.720914 758.460426
-9999.0 -9999.0 -9999.0 -9999.0 -9999.0 -9999.0 -9999.0 -9999.0 -9999.0 -9999.0 -9999.0 -9999.0 -9999.0 -9999.0 -9999.0 -9999.0 -9999.0 -9999.0 -9999.0 -9999.0 -9999.0 -9999.0 -9999.0 -9999.0 -9999.0 -9999.0 -9999.0 -9999.0 652.757672 646.952103 642.051481 640.732676 639.609181 638.662179 645.643836 657.854066 676.045857 697.870623 710.979932 718.346607 725.124435 726.017756 721.167965 719.343879 719.858107 708.238414 696.771409 686.059673 675.746837 674.439825 684.226571 698.559945 715.004819 730.121420 745.827578 757.049509
-9999.0 -9999.0 -9999.0 -9999.0 -9999.0 -9999.0 -9999.0 -9999.0 -9999.0 -9999.0 -9999.0 -9999.0 -9999.0 -9999.0 -9999.0 -9999.0 -9999.0 -9999.0 -9999.0 -9999.0 -9999.0 -9999.0 -9999.0 622.559152 628.455444 635.114180 642.721333 643.796362 639.859543 634.416775 631.562457 630.262759 628.770609 633.446393 641.741523 655.521040 671.550910 693.601309 702.402028 708.735430 721.176766 724.074920 729.916195 734.188842 732.684149 730.057130 717.825118 708.807123 714.138707 720.275016 727.297293 735.513453 749.178525 764.902642 782.652471 803.291114
-9999.0 -9999.0 -9999.0 -9999.0 -9999.0 -9999.0 -9999.0 -9999.0 -9999.0 -9999.0 -9999.0 -9999.0 -9999.0 -9999.0 -9999.0 -9999.0 -9999.0 -9999.0 -9999.0 597.234794 598.222021 599.506168 604.318777 605.287628 607.587809 614.743954 623.074839 625.596052 624.091945 622.854294 624.618880 627.571717 632.167707 643.748025 657.833405 672.290838 686.482658 707.656360 722.710703 736.632461 752.927530 752.438886 748.631089 747.023378 747.789891 748.364029 753.049391 756.242771 762.780840 768.016038 774.848857 784.543231 796.394713 815.158437 835.610032 856.077935
-9999.0 -9999.0 -9999.0 -9999.0 -9999.0 -9999.0 -9999.0 -9999.0 -9999.0 -9999.0 -9999.0 -9999.0 -9999.0 -9999.0 -9999.0 -9999.0 568.402587 570.328026 572.628482 578.129973 581.079282 585.219654 592.317092 593.709973 597.695513 605.043892 610.184512 619.187983 627.462736 635.066427 641.335457 644.348418 652.188668 662.185072 674.438995 690.145460 712.096786 735.526061 752.215901 769.445029 786.895922 787.870213 787.156732 788.661546 789.598491 796.653351 814.725069 821.129159 823.296945 840.724778 855.386692 861.187477 869.468425 889.057882 913.494526 938.062704
-9999.0 -9999.0 -9999.0 -9999.0 -9999.0 -9999.0 -9999.0 -9999.0 -9999.0 -9999.0 -9999.0 -9999.0 -9999.0 522.322047 526.543847 536.124528 545.262238 547.850874 552.206507 558.351715 570.726266 574.541157 580.996008 588.823709 600.858108 609.733371 619.218827 631.373400 640.155736 647.770862 655.234651 661.490802 675.286365 691.023724 707.306772 728.056529 750.529453 771.764584 792.984882 809.315619 823.763399 826.635561 826.043490 828.797971 837.136291 855.153245 874.812717 885.393259 905.151212 929.211504 943.765739 956.598714 966.225281 980.307367 1002.226079 1037.622158
-9999.0 -9999.0 -9999.0 -9999.0 -9999.0 -9999.0 -9999.0 -9999.0 -9999.0 -9999.0 488.661215 491.117345 487.806839 487.909118 493.015854 505.189230 518.910475 525.720841 537.396663 558.427490 576.291614 580.085455 594.988804 605.465196 612.542426 623.497864 637.070048 650.398164 667.845480 680.961364 693.423112 713.861712 731.025313 748.253218 766.752814 787.701529 808.631715 838.369109 866.449611 880.640202 904.292080 916.843436 914.783933 915.658655 925.186361 942.528432 965.474539 990.825406 1014.037075 1040.820270 1059.979611 1075.439014 1087.207251 1100.572881 1117.146954 1152.303018
-9999.0 -9999.0 -9999.0 -9999.0 -9999.0 -9999.0 -9999.0 -9999.0 464.145754 471.421434 477.690287 474.814999 470.408605 466.809031 480.503174 496.489199 512.694037 530.362509 546.602830 565.004638 580.731926 597.470001 617.606430 629.829910 642.067138 657.915436 672.213659 690.218688 712.280041 726.346479 744.558600 767.027007 786.845576 805.907395 825.666195 845.065453 873.253354 908.264563 941.703450 966.303102 995.484895 1020.016407 1020.600408 1024.167048 1029.567771 1056.317049 1086.959006 1118.685894 1145.513561 1173.949557 1204.088271 1222.537658 1233.898015 1247.163801 1262.985081 1281.627293
-9999.0 -9999.0 -9999.0 -9999.0 -9999.0 -9999.0 437.306113 461.576618 476.621844 468.877567 459.565141 456.160060 452.434714 474.955638 496.932419 514.296321 531.412220 549.284121 566.160836 580.068607 614.678858 632.735856 647.938313 667.139330 682.341000 697.593980 715.866430 740.216546 763.406013 794.972713 823.071548 849.098032 876.789861 897.930285 918.130600 938.139254 971.032219 1009.817764 1047.846710 1078.310853 1106.795603 1138.067490 1146.554968 1153.023285 1160.979973 1181.894726 1213.558473 1244.303586 1278.530864 1310.961584 1337.656839 1349.927414 1360.741806 1372.527534 1386.386634 1399.132007
-9999.0 -9999.0 -9999.0 -9999.0 403.799289 424.782915 445.059975 475.898710 498.610046 493.698556 500.742680 501.226272 499.798335 503.560489 510.545776 528.903847 547.641995 566.693139 585.300077 621.589907 665.834976 682.589812 708.541837 741.599119 756.454222 772.727370 789.919231 814.188948 842.925364 878.256442 924.267834 963.671024 991.182532 1015.594460 1038.051330 1061.567535 1096.326339 1134.778524 1172.385519 1207.389643 1238.024108 1264.091427 1277.574791 1285.845422 1297.799501 1313.983262 1335.104874 1362.280192 1393.151164 1425.067579 1450.200128 1464.307386 1472.570885 1483.473743 1494.396579 1506.823971
-9999.0 -9999.0 -9999.0 355.036764 393.716774 431.371920 458.669474 489.771980 521.961253 527.347032 536.451003 542.142357 547.835551 556.893795 566.266159 583.592117 599.703655 615.365014 637.880328 675.505869 711.937588 744.130322 777.703346 806.842862 829.535538 846.793093 866.290501 891.762852 932.951018 972.430216 1024.172957 1078.553683 1116.572144 1141.967373 1164.459590 1191.901565 1217.080956 1253.088373 1288.072534 1321.229402 1353.005765 1378.021754 1397.264844 1405.169268 1414.484305 1423.194798 1439.603073 1460.951687 1482.647479 1511.100599 1539.077203 1563.042969 1576.830926 1586.801846 1602.707346 1618.513333
-9999.0 -9999.0 308.051702 345.663760 380.190920 430.967523 483.985283 518.366974 559.529189 584.120562 591.489807 609.510700 626.369980 634.513815 650.999619 668.785560 685.919273 692.581179 709.330920 742.363885 794.602662 842.765696 868.608850 922.431018 957.226893 985.135220 1003.237674 1030.693463 1066.508451 1109.490363 1158.649671 1208.550675 1247.408740 1278.732869 1295.157063 1314.223600 1336.805485 1360.218756 1393.381244 1422.212646 1453.095234 1479.104280 1501.025800 1508.457776 1513.466110 1528.773718 1552.144716 1576.951400 1600.537983 1623.234093 1629.107255 1639.436567 1644.603294 1647.970042 1652.464227 1655.638814
-9999.0 -9999.0 281.827344 326.544256 367.690100 435.391245 514.239405 551.927953 595.384618 641.424086 660.943554 685.994620 700.665834 713.331042 737.592217 761.114752 772.308834 779.177047 780.203459 836.940449 897.203551 952.802403 1006.841958 1073.583647 1119.007717 1135.537290 1148.098485 1169.056582 1194.358980 1237.727759 1285.535948 1337.206305 1380.243414 1410.580706 1426.385366 1443.845217 1463.531525 1480.995632 1499.458030 1537.135245 1563.154169 1588.142073 1614.202830 1634.036839 1642.109169 1645.195897 1636.481543 1644.861681 1650.783265 1653.727369 1655.008251 1652.210063 1652.087466 1653.280648 1654.638527 1649.859032
-9999.0 193.560376 245.707482 299.332122 368.939864 437.160726 521.639768 602.411864 658.239555 705.102478 735.206710 750.667416 792.742686 837.745678 864.742626 892.884493 895.845806 900.722129 893.119366 941.853720 994.796347 1073.747012 1184.764317 1241.725647 1284.644235 1288.539075 1285.262926 1298.818295 1323.197261 1365.426058 1429.604440 1474.729504 1524.974869 1562.843233 1577.029539 1583.295105 1600.072381 1619.151523 1611.290205 1630.894626 1640.312258 1648.368481 1650.604792 1652.698754 1654.071088 1654.566835 1651.659565 1645.624534 1638.138529 1632.725166 1628.698197 1624.196494 1626.743081 1630.137135 1630.957623 1623.909492
-9999.0 158.496091 218.301295 290.304139 361.959096 433.008391 539.633003 679.456985 732.332588 770.353796 796.694136 826.748225 907.521370 974.313048 1009.849966 1053.901080 1050.518170 1041.773194 1033.280827 1068.535351 1120.724763 1195.510346 1332.704940 1416.019661 1441.760500 1454.402202 1463.054417 1489.263852 1524.305608 1558.221249 1588.778765 1592.634791 1615.743167 1627.600592 1631.713433 1633.857039 1637.602627 1638.509976 1637.185745 1634.518766 1630.942035 1632.106429 1636.826740 1637.251743 1634.906297 1631.995373 1626.326430 1618.534352 1612.613966 1607.468322 1604.093812 1600.601225 1598.820422 1598.791590 1594.291175 1588.131022
-9999.0 130.407032 201.139570 265.565618 333.558396 451.714038 577.346438 711.902947 805.066508 844.822216 876.457200 951.312125 1050.939261 1143.841245 1194.227732 1219.857035 1224.939412 1209.590847 1218.275852 1264.802527 1330.025450 1417.671727 1502.158533 1575.178652 1589.524956 1594.888842 1579.655398 1592.385295 1604.166620 1607.744857 1610.602427 1614.866809 1621.535439 1625.643324 1625.709632 1623.989330 1620.228797 1613.096222 1608.766345 1606.118676 1603.271323 1603.379263 1606.373206 1607.609204 1605.058822 1600.889511 1595.726522 1589.286059 1582.394739 1574.999562 1570.274065 1565.644285 1563.047160 1557.963840 1553.100482 1546.432494
-9999.0 34.545109 121.686893 179.058899 300.195818 472.397216 599.111414 751.368358 895.824214 939.844064 1020.725556 1136.998378 1238.135353 1308.466102 1348.729910 1390.190580 1419.581963 1445.167900 1481.603025 1454.079410 1509.020220 1561.632699 1585.253561 1597.968806 1600.842526 1604.191201 1598.417481 1581.284747 1572.756840 1567.830201 1571.137529 1579.788335 1586.515195 1592.972443 1591.680556 1592.585206 1592.606216 1589.080252 1585.423391 1577.509174 1570.219696 1564.812687 1563.267825 1568.428577 1563.310544 1559.600054 1553.008689 1544.365752 1535.076847 1526.723946 1518.417316 1511.137260 1507.827815 1501.811588 1499.665996 1490.819826
-9999.0 -46.375876 31.260897 125.438183 268.210526 432.953005 568.721814 738.610004 943.369214 1058.636395 1177.515172 1246.090272 1317.359800 1378.087754 1439.193213 1482.736933 1506.857224 1518.204936 1513.810737 1526.660889 1500.745800 1498.152884 1518.045096 1545.843599 1560.310262 1565.822497 1558.791027 1549.414079 1543.571393 1543.687387 1543.559052 1543.223528 1542.478615 1541.007640 1538.241313 1540.092420 1544.269475 1538.026297 1529.526560 1521.496668 1514.289215 1506.190069 1500.765783 1497.361441 1495.817613 1495.088588 1487.161677 1476.338053 1465.308668 1456.596144 1448.351757 1442.145068 1439.087339 1433.638620 1425.354121 1412.637650
-9999.0 -141.463216 -21.921076 75.237956 201.910839 340.735713 471.707770 638.824616 792.639394 1010.315002 1170.858334 1264.548244 1303.423535 1358.117985 1416.489810 1480.045595 1485.793329 1459.516504 1432.104885 1421.615788 1430.047844 1442.631040 1458.241923 1479.492444 1497.813880 1508.112419 1510.570495 1503.674078 1490.924998 1482.519194 1476.738448 1467.793987 1461.319998 1460.456000 1460.929309 1467.541371 1469.503933 1460.158018 1447.197452 1431.374486 1417.580295 1407.176099 1404.157688 1405.201466 1404.871538 1401.061746 1393.897388 1383.175307 1370.429676 1358.474639 1350.572251 1344.651638 1337.421774 1327.221246 1315.832342 1302.905202
-9999.0 -9999.0 -95.506246 16.325879 127.511679 253.088389 373.721174 522.556297 676.296070 860.911470 979.698458 1102.575404 1170.869496 1215.483432 1265.241852 1317.857439 1335.610092 1354.317728 1339.208895 1345.543822 1354.395175 1362.568241 1374.068299 1387.046444 1401.052927 1411.385250 1419.092902 1417.433423 1408.826542 1392.556237 1373.277040 1358.522296 1350.016394 1343.322356 1352.048958 1362.805130 1359.709809 1352.770432 1340.740110 1325.097792 1312.090100 1298.496966 1294.606978 1294.736252 1294.515172 1291.329433 1286.473579 1273.545272 1260.472365 1248.250478 1242.271634 1235.716997 1229.736912 1218.460100 1206.378972 1192.964660
-9999.0 -9999.0 -179.199044 -69.262431 47.923560 173.073401 276.959435 362.858235 518.917406 638.333437 742.949623 839.481443 919.305288 980.801490 1024.574813 1083.699034 1122.053234 1138.007238 1156.752488 1185.286763 1211.659920 1239.321819 1258.011767 1271.604910 1285.986609 1299.293289 1308.199610 1297.283141 1286.869772 1270.903660 1250.446076 1228.094573 1216.348043 1212.360591 1214.585284 1219.598630 1213.772752 1203.947441 1189.505784 1173.648844 1160.488683 1148.861301 1144.537000 1141.115477 1139.594272 1136.459340 1132.974931 1124.109993 1112.547260 1104.451090 1095.903294 1089.446135 1085.830077 1078.480161 1068.658473 1061.605427
