tests/Borden05m/sims/sim_1/output-maps/psiliqL0005N0008.asc
ncols         160
nrows         34
xllcorner     620200.000000
yllcorner     5168000.000000
cellsize      0.500000
NODATA_value  -9999.0
[rows 0 to 24 of 34, columns 0 to 55 of 160]
-9999.0 -9999.0 -9999.0 -9999.0 -9999.0 -9999.0 -9999.0 -9999.0 -9999.0 -9999.0 -9999.0 -9999.0 -9999.0 -9999.0 -9999.0 -9999.0 -9999.0 -9999.0 -9999.0 -9999.0 -9999.0 -9999.0 -9999.0 -9999.0 -9999.0 -9999.0 -9999.0 -9999.0 -9999.0 -9999.0 -9999.0 -9999.0 -9999.0 -9999.0 -9999.0 -9999.0 -9999.0 -9999.0 -9999.0 -9999.0 -9999.0 -9999.0 -9999.0 -9999.0 -9999.0 -9999.0 -9999.0 -9999.0 -9999.0 -9999.0 -9999.0 -9999.0 -9999.0 -9999.0 -9999.0 -9999.0
-9999.0 -9999.0 -9999.0 -9999.0 -9999.0 -9999.0 -9999.0 -9999.0 -9999.0 -9999.0 -9999.0 -9999.0 -9999.0 -9999.0 -9999.0 -9999.0 -9999.0 -9999.0 -9999.0 -9999.0 -9999.0 -9999.0 -9999.0 -9999.0 -9999.0 -9999.0 -9999.0 -9999.0 -9999.0 -9999.0 -9999.0 -9999.0 -9999.0 -9999.0 -9999.0 -9999.0 -9999.0 -9999.0 -9999.0 -9999.0 -9999.0 -9999.0 -9999.0 -9999.0 -9999.0 -9999.0 -9999.0 -9999.0 -9999.0 -9999.0 -9999.0 -9999.0 -9999.0 -9999.0 -9999.0 -9999.0
-9999.0 -9999.0 -9999.0 -9999.0 -9999.0 -9999.0 -9999.0 -9999.0 -9999.0 -9999.0 -9999.0 -9999.0 -9999.0 -9999.0 -9999.0 -9999.0 -9999.0 -9999.0 -9999.0 -9999.0 -9999.0 -9999.0 -9999.0 -9999.0 -9999.0 -9999.0 -9999.0 -9999.0 -9999.0 -9999.0 -9999.0 -9999.0 -9999.0 -9999.0 -9999.0 -9999.0 -9999.0 -9999.0 -9999.0 -9999.0 -9999.0 -9999.0 -9999.0 -9999.0 -9999.0 -9999.0 -9999.0 -816.045650 -834.365223 -852.716079 -854.476486 -830.910755 -808.191207 -785.388359 -765.862367 -748.016928
-9999.0 -9999.0 -9999.0 -9999.0 -9999.0 -9999.0 -9999.0 -9999.0 -9999.0 -9999.0 -9999.0 -9999.0 -9999.0 -9999.0 -9999.0 -9999.0 -9999.0 -9999.0 -9999.0 -9999.0 -9999.0 -9999.0 -9999.0 -9999.0 -9999.0 -9999.0 -9999.0 -9999.0 -9999.0 -9999.0 -9999.0 -9999.0 -9999.0 -9999.0 -9999.0 -9999.0 -9999.0 -9999.0 -9999.0 -9999.0 -771.049176 -765.059168 -762.949515 -774.542678 -785.948635 -797.054096 -816.988361 -835.313666 -851.879004 -854.759719 -852.558519 -847.532585 -824.338427 -800.918213 -782.547088 -765.828673
-9999.0 -9999.0 -9999.0 -9999.0 -9999.0 -9999.0 -9999.0 -9999.0 -9999.0 -9999.0 -9999.0 -9999.0 -9999.0 -9999.0 -9999.0 -9999.0 -9999.0 -9999.0 -9999.0 -9999.0 -9999.0 -9999.0 -9999.0 -9999.0 -9999.0 -9999.0 -9999.0 -9999.0 -9999.0 -9999.0 -9999.0 -9999.0 -9999.0 -9999.0 -860.638033 -842.711928 -825.204700 -807.687128 -791.598908 -785.931890 -780.633848 -774.744943 -779.175013 -784.210460 -795.833188 -814.465226 -834.682904 -849.468879 -852.093317 -855.205330 -851.237185 -838.289948 -822.496295 -806.894268 -786.699090 -764.396301
-9999.0 -9999.0 -9999.0 -9999.0 -9999.0 -9999.0 -9999.0 -9999.0 -9999.0 -9999.0 -9999.0 -9999.0 -9999.0 -9999.0 -9999.0 -9999.0 -9999.0 -9999.0 -9999.0 -9999.0 -9999.0 -9999.0 -9999.0 -9999.0 -9999.0 -9999.0 -9999.0 -9999.0 -853.345878 -859.741523 -865.457698 -867.207729 -869.003772 -871.314560 -865.062859 -853.209826 -835.214457 -814.271362 -802.453693 -796.182397 -790.324325 -790.046883 -795.389852 -798.069898 -797.829550 -809.845591 -821.582103 -832.735538 -844.023702 -845.519772 -836.245168 -823.152629 -808.107461 -794.552958 -780.574642 -767.412802
-9999.0 -9999.0 -9999.0 -9999.0 -9999.0 -9999.0 -9999.0 -9999.0 -9999.0 -9999.0 -9999.0 -9999.0 -9999.0 -9999.0 -9999.0 -9999.0 -9999.0 -9999.0 -9999.0 -9999.0 -9999.0 -9999.0 -9999.0 -881.076332 -874.707014 -868.658871 -861.596777 -861.396435 -867.109412 -873.600355 -877.416122 -879.610978 -881.947155 -878.282596 -870.391172 -857.251726 -842.117473 -821.140464 -813.781930 -807.720232 -795.432569 -794.254210 -790.376580 -786.598819 -789.063283 -791.829505 -804.317137 -813.547372 -807.296866 -801.350019 -796.100504 -790.080855 -778.372149 -763.696685 -746.886823 -727.106961
-9999.0 -9999.0 -9999.0 -9999.0 -9999.0 -9999.0 -9999.0 -9999.0 -9999.0 -9999.0 -9999.0 -9999.0 -9999.0 -9999.0 -9999.0 -9999.0 -9999.0 -9999.0 -9999.0 -903.745072 -903.444912 -903.316761 -899.220943 -899.683493 -898.222356 -891.549778 -883.599711 -882.500198 -884.852152 -887.461721 -886.378674 -884.260244 -880.947670 -869.623851 -856.296620 -843.114081 -830.012869 -809.928861 -796.173497 -782.807067 -766.900279 -769.902471 -775.652766 -778.888650 -779.206725 -779.168586 -772.363524 -768.670988 -764.094491 -758.581536 -752.249584 -744.740355 -735.717082 -718.349190 -699.250296 -680.224596
-9999.0 -9999.0 -9999.0 -9999.0 -9999.0 -9999.0 -9999.0 -9999.0 -9999.0 -9999.0 -9999.0 -9999.0 -9999.0 -9999.0 -9999.0 -9999.0 -929.592767 -928.233870 -927.275863 -923.544119 -922.470383 -919.128419 -912.553698 -912.918299 -909.838343 -903.329894 -899.227644 -891.363297 -884.117082 -877.140047 -871.813971 -870.256320 -863.138828 -854.436323 -843.568316 -828.669163 -807.291631 -785.825775 -770.828933 -755.323612 -739.465364 -740.622137 -742.820617 -742.584351 -742.642719 -734.685906 -716.581684 -711.462338 -708.459690 -689.212678 -675.872116 -671.868832 -666.406895 -650.350853 -628.182719 -601.951768
-9999.0 -9999.0 -9999.0 -9999.0 -9999.0 -9999.0 -9999.0 -9999.0 -9999.0 -9999.0 -9999.0 -9999.0 -9999.0 -969.030537 -965.628625 -957.551002 -952.842983 -952.512683 -950.094389 -946.142774 -934.072440 -931.921362 -926.628628 -919.615046 -908.744758 -901.183298 -892.755863 -881.636544 -874.174875 -868.011480 -861.837089 -855.789693 -842.457093 -827.697731 -812.576478 -793.219414 -773.136998 -753.280388 -733.243212 -720.152354 -707.064290 -704.056135 -707.523586 -707.269917 -699.764351 -681.864386 -663.887755 -651.469296 -629.323668 -606.317041 -592.618918 -579.631280 -571.394502 -560.407450 -540.361900 -497.846609
-9999.0 -9999.0 -9999.0 -9999.0 -9999.0 -9999.0 -9999.0 -9999.0 -9999.0 -9999.0 -1005.220215 -1001.606917 -1006.735455 -1008.561296 -1005.792487 -994.651550 -982.456139 -976.879803 -966.877831 -946.312068 -929.968457 -928.783985 -914.005743 -905.192913 -900.117430 -890.190595 -877.838868 -865.765476 -848.807907 -837.169136 -825.120684 -804.395137 -789.192514 -774.261798 -758.134735 -740.334682 -720.601491 -691.160447 -665.257817 -652.574189 -628.592357 -613.955399 -619.208119 -620.672087 -614.746476 -597.276675 -572.378242 -542.401339 -514.951512 -477.943004 -443.148723 -417.135983 -395.896255 -368.013832 -322.938140 -182.188190
-9999.0 -9999.0 -9999.0 -9999.0 -9999.0 -9999.0 -9999.0 -9999.0 -1031.171605 -1023.622887 -1016.809608 -1021.192097 -1027.587588 -1033.050614 -1020.616093 -1005.284950 -990.210083 -974.176014 -959.309238 -942.882787 -928.778003 -912.805200 -894.387931 -883.867302 -872.933741 -858.640926 -846.156700 -828.869827 -808.621374 -794.657647 -775.988442 -755.517026 -737.312469 -721.139056 -704.835644 -688.637428 -660.838569 -627.923202 -596.437471 -571.167821 -542.360268 -513.281529 -512.722148 -508.750958 -502.561671 -466.494933 -413.915390 -335.194525 -191.642731 -94.110582 -47.518018 -27.334195 -16.551569 -3.010227 18.332585 51.864256
-9999.0 -9999.0 -9999.0 -9999.0 -9999.0 -9999.0 -1056.477099 -1030.840070 -1015.793385 -1027.152797 -1036.446662 -1040.269654 -1044.551086 -1026.158699 -1004.098726 -988.509625 -973.144675 -957.164218 -942.746851 -929.578893 -893.375597 -879.885733 -866.339397 -846.661005 -834.300893 -821.836493 -805.715558 -783.152081 -761.070311 -728.408566 -698.624110 -672.586226 -647.800594 -629.903211 -613.277780 -595.148411 -563.198292 -522.676589 -475.990396 -427.007081 -368.014744 -281.538058 -230.153228 -180.253870 -112.616571 -74.836041 -37.851240 0.100828 51.129217 95.603260 121.338119 128.743160 132.414507 136.469169 142.248958 149.137198
-9999.0 -9999.0 -9999.0 -9999.0 -1084.486989 -1064.721477 -1046.710210 -1015.207713 -992.452042 -1002.614453 -994.234598 -994.435957 -996.785164 -996.671430 -993.446084 -976.082155 -959.672135 -943.389124 -925.630420 -886.479324 -846.765115 -832.273393 -805.612097 -774.408363 -762.310895 -749.298644 -735.994404 -714.683344 -685.837625 -652.082404 -604.703963 -563.743233 -536.077325 -509.970468 -484.680096 -451.019846 -394.946578 -281.626136 -117.398033 -54.272642 -14.516151 15.978911 37.975212 57.697408 83.842135 103.864859 120.089069 135.062701 148.123357 161.300372 170.221680 174.103857 174.885674 177.144286 179.934356 184.088713
-9999.0 -9999.0 -9999.0 -1128.379053 -1088.870338 -1054.920121 -1032.068949 -1003.062665 -971.960321 -967.433461 -960.517288 -954.115259 -947.289680 -938.857835 -928.974590 -913.859633 -901.947266 -892.261153 -873.095135 -837.619083 -802.817907 -768.655924 -738.310951 -708.233521 -686.179925 -672.417715 -658.284551 -635.721075 -596.891086 -555.077040 -493.504148 -411.660448 -319.378111 -209.106966 -115.413900 -68.954611 -35.430676 12.533389 67.978394 104.558392 129.284423 140.112110 148.613387 152.154786 156.717556 159.929935 165.596198 171.338418 176.221986 184.626567 193.430470 200.091664 203.280569 204.913548 211.842652 222.487664
-9999.0 -9999.0 -1167.448010 -1132.052636 -1102.967327 -1052.370843 -1001.831266 -973.500297 -933.131759 -908.357167 -903.498352 -884.258202 -867.475708 -860.025594 -843.018967 -826.181841 -815.805017 -815.540871 -806.595976 -770.264760 -716.734164 -668.777403 -634.579248 -575.615960 -540.382299 -518.759129 -506.725933 -476.839063 -428.907993 -315.601451 -128.859112 -53.155222 -2.194258 43.302156 74.534108 97.342730 118.798359 133.416810 148.803583 159.998790 169.507716 176.617639 183.778215 186.017502 186.532698 191.379659 198.461987 205.476123 214.714221 228.457890 241.202341 240.288319 240.024923 239.295638 238.566698 239.038896
-9999.0 -9999.0 -1193.012765 -1148.608563 -1113.285166 -1041.135499 -969.133077 -937.909663 -896.257611 -852.740180 -835.350080 -813.433956 -793.036419 -772.900190 -750.395228 -726.665263 -726.543371 -726.171466 -729.036314 -677.152973 -620.931856 -550.669773 -446.957187 -329.678309 -200.247682 -153.361688 -119.357356 -90.117303 -59.737194 -6.147387 60.336126 108.364128 138.312299 152.193946 159.237388 165.904876 173.655159 179.789209 183.969080 196.293901 201.499105 208.389846 223.979064 238.843637 244.403625 243.114300 240.999784 239.824108 239.342981 239.167011 237.958665 234.906659 233.457912 233.875994 235.059379 230.255174
-9999.0 -1267.064828 -1219.509454 -1172.274500 -1103.212562 -1040.332645 -954.761476 -874.384214 -830.476059 -792.144336 -766.163073 -746.326533 -687.260051 -637.225504 -612.182187 -580.915206 -587.323920 -593.959462 -605.000227 -562.985080 -492.919785 -293.012378 -73.018076 1.216481 48.414601 64.842376 69.896410 84.779131 105.313927 132.333562 161.023377 176.186218 192.664686 204.402205 207.363999 207.618043 218.376194 231.840144 243.448976 244.756608 244.596630 243.412474 238.866178 239.070254 238.505673 238.969586 235.394184 229.819826 222.374616 217.523730 214.035705 210.029569 212.369066 215.732587 217.576716 211.880997
-9999.0 -1308.640762 -1240.003707 -1168.869047 -1109.003902 -1035.093694 -917.660692 -795.057485 -757.727414 -728.101246 -699.392924 -647.484782 -553.053741 -466.177627 -403.792699 -315.423389 -326.782770 -362.776694 -363.115366 -245.754612 -118.145527 -24.783582 97.919865 156.109123 161.068624 168.112383 172.549589 182.744443 194.817463 204.873358 215.785540 231.378614 233.239148 232.249508 232.007137 232.068857 232.213204 232.449832 228.892684 225.617144 221.116443 221.066122 224.256385 223.868603 221.664869 219.487542 214.842805 208.296606 203.932423 202.347031 201.888346 201.041608 200.977109 202.301304 201.355338 200.153556
-9999.0 -1310.135474 -1227.367980 -1184.240251 -1127.158965 -996.484908 -881.559659 -758.910884 -675.847209 -644.202396 -589.973408 -473.561929 -211.952326 -69.110335 -16.963898 3.409179 7.504707 -5.998092 6.412339 54.102890 114.754028 158.738574 184.134281 215.909189 221.083607 221.707687 220.030507 221.143047 221.812151 221.236544 220.491030 218.325699 221.863957 223.433785 222.101942 219.506833 215.386042 208.578780 204.378341 202.854965 201.812347 202.360847 204.255199 204.693398 203.832867 202.733229 201.653163 200.234311 198.935599 197.431082 197.335985 196.819211 196.996988 196.016769 195.208500 194.861951
-9999.0 -1405.054310 -1301.487230 -1270.288348 -1118.740940 -961.308038 -851.243533 -698.798248 -573.293569 -524.045724 -356.891342 -92.050358 48.020096 116.688837 138.741071 154.497759 162.633466 170.727912 183.054570 187.592151 213.494717 229.142411 228.903979 227.084771 218.877514 219.355668 213.587581 200.210914 196.327088 193.607332 194.686824 198.157112 200.643249 203.666810 202.340777 202.666288 202.616821 201.612320 201.444028 199.153499 197.128173 195.759392 195.807559 199.414442 197.153706 196.478258 195.336059 193.769038 192.061877 190.638512 189.091014 187.489829 187.586490 186.050659 187.414298 186.951895
-9999.0 -1491.738672 -1402.424710 -1291.236828 -1130.005299 -977.451292 -831.260559 -663.021856 -469.459434 -286.448664 -74.844726 42.644827 126.724793 161.825469 185.475558 194.048484 201.222603 202.347652 202.690476 200.620740 186.121951 182.568905 188.211319 196.940652 199.315558 200.691865 196.837799 193.111562 192.113214 193.418264 193.625571 193.884468 193.797798 193.046226 191.425114 191.919825 194.524689 193.109375 191.725749 190.924860 190.287862 188.261069 186.509658 185.368884 184.752160 185.598724 183.466614 180.570847 177.983097 176.594403 174.916411 173.672898 174.243461 173.473098 171.732058 168.280366
-9999.0 -1586.461848 -1432.086234 -1335.922807 -1198.891992 -1071.989669 -937.762304 -770.097080 -609.760093 -319.278629 -10.695993 84.041681 124.947694 146.078640 172.000669 194.823752 195.213264 179.846299 169.537362 164.015073 165.925378 169.923746 174.653713 182.028815 187.450261 190.534979 190.947084 188.329921 183.473338 181.397399 180.763282 177.835812 175.603013 175.976204 174.766391 176.923441 178.975801 175.956661 172.741283 168.650219 164.861985 161.473024 159.985160 159.602090 158.593010 156.535801 152.874608 148.200329 142.852754 138.527017 135.766640 134.142347 132.084856 128.395342 121.087878 108.955009
-9999.0 -9999.0 -1525.562932 -1383.105581 -1282.039359 -1163.719689 -1037.002171 -877.881290 -727.047377 -532.604888 -318.984915 -97.295999 -22.008029 26.953861 93.708151 132.912143 137.868288 144.920310 133.888768 135.746606 138.415421 141.244611 147.043067 153.946212 160.659524 164.821898 167.648192 167.136322 162.601965 153.917908 144.011266 137.305994 133.646370 130.613864 134.027838 138.821256 137.890877 136.025395 132.611797 127.333371 120.882396 108.984158 100.736106 93.996815 87.448557 77.915400 65.389788 44.636253 25.692002 10.337251 3.502247 -2.528196 -8.311711 -19.336436 -33.029629 -53.840583
-9999.0 -9999.0 -1622.324918 -1477.404427 -1340.276437 -1216.371770 -1127.459773 -1014.367554 -852.462201 -735.935151 -640.480921 -548.107956 -463.465321 -354.874971 -157.495308 -77.309405 -49.424617 -38.493484 -33.241323 -22.887933 -4.015205 19.091803 44.565498 73.165975 97.833073 113.106709 121.852522 109.887772 91.572229 58.337517 21.798168 -7.079846 -20.642563 -27.001227 -24.025955 -18.037948 -22.663768 -31.258565 -42.988751 -56.998735 -69.908509 -87.622921 -106.981166 -130.261668 -144.906064 -165.553553 -194.003697 -246.380906 -300.518673 -333.457877 -355.892489 -373.487384 -383.749116 -402.892267 -424.437734 -440.313224
