tests/Borden05m/sims/sim_1/output-maps/psiliqL0003N0009.asc
ncols         160
nrows         34
xllcorner     620200.000000
yllcorner     5168000.000000
cellsize      0.500000
NODATA_value  -9999.0
[rows 0 to 24 of 34, columns 56 to 111 of 160]
-9999.0 -9999.0 -9999.0 -9999.0 -9999.0 -9999.0 -9999.0 -9999.0 -9999.0 -9999.0 -9999.0 -9999.0 -9999.0 -9999.0 -9999.0 -9999.0 -9999.0 -9999.0 -9999.0 -9999.0 -9999.0 -9999.0 -9999.0 -9999.0 -9999.0 -9999.0 -9999.0 -9999.0 -9999.0 -9999.0 -9999.0 -9999.0 -9999.0 -9999.0 -9999.0 -9999.0 -9999.0 -9999.0 -9999.0 -9999.0 -9999.0 -9999.0 -9999.0 -9999.0 -9999.0 -9999.0 -9999.0 -9999.0 -9999.0 -9999.0 -9999.0 -9999.0 -9999.0 -9999.0 -9999.0 -9999.0
-9999.0 -9999.0 -9999.0 -512.881414 -514.602949 -515.720921 -516.256378 -518.653392 -520.456154 -522.673157 -522.928982 -522.596703 -523.020626 -524.028309 -522.849942 -521.355503 -520.121950 -518.303640 -518.796464 -518.641106 -517.937866 -517.744014 -518.048823 -518.880082 -519.375443 -519.977933 -518.908410 -521.489873 -524.901268 -527.525401 -528.028775 -525.673401 -524.338772 -524.698462 -523.535311 -520.915927 -518.772360 -518.259596 -515.672518 -516.348162 -515.365438 -513.550333 -514.978107 -515.208025 -514.828662 -514.084887 -517.912640 -9999.0 -9999.0 -9999.0 -9999.0 -9999.0 -9999.0 -9999.0 -9999.0 -9999.0
-519.711975 -514.754592 -515.267516 -522.999242 -523.624023 -523.659048 -523.178682 -524.130479 -526.846601 -527.420118 -529.493259 -530.411269 -530.661522 -531.558538 -530.969620 -527.530011 -525.155252 -524.564007 -525.193168 -525.541691 -526.375506 -526.930158 -526.729795 -527.543864 -528.274733 -529.058908 -528.735777 -526.404777 -528.940058 -530.191997 -531.478928 -532.923235 -532.438586 -532.043643 -531.923743 -528.736022 -527.664141 -527.011553 -522.820134 -518.954797 -518.040402 -519.714386 -521.433682 -520.822210 -520.776415 -522.231154 -523.602544 -523.244015 -523.831991 -524.035880 -525.566387 -523.226521 -523.410069 -520.939212 -518.955573 -516.628031
-526.625309 -520.760661 -521.293943 -527.088103 -530.517795 -531.547396 -530.708804 -528.126670 -529.020481 -531.066046 -534.305746 -530.767027 -531.304968 -531.683292 -531.102635 -530.001130 -529.548102 -529.062739 -528.351894 -525.328288 -525.657920 -525.963688 -525.796738 -526.309205 -527.265318 -527.115851 -527.602799 -530.202081 -529.752149 -529.103820 -529.722530 -527.173738 -527.062121 -525.543845 -530.112193 -529.418121 -528.463709 -527.874313 -527.559994 -527.117922 -526.349195 -528.340913 -526.802507 -528.187083 -531.458954 -532.009222 -531.424464 -528.263554 -526.633367 -528.302606 -534.651625 -531.297353 -524.367136 -525.069021 -526.371913 -523.205028
-530.581196 -529.583855 -530.514399 -532.941417 -530.437494 -528.435136 -527.179975 -528.283548 -530.563257 -533.408584 -527.883363 -525.761272 -527.123686 -526.544986 -524.938803 -524.810846 -531.743527 -533.579978 -530.994848 -528.334456 -527.284056 -528.614367 -529.262092 -530.483891 -530.431824 -529.626635 -530.311071 -529.237868 -528.366182 -529.685575 -528.032478 -526.107132 -524.173744 -528.394400 -532.255117 -531.994354 -528.791062 -526.555671 -525.560833 -522.442271 -517.406485 -518.268218 -519.288071 -519.556966 -519.716697 -525.497588 -530.882245 -532.992149 -533.897218 -535.515395 -534.033691 -535.295181 -529.647844 -530.165578 -531.144145 -528.606798
-535.953666 -529.317628 -527.839065 -531.622355 -533.559428 -534.361360 -533.724058 -534.530574 -534.557747 -529.796046 -527.425804 -523.183364 -525.065510 -525.020800 -525.209329 -529.749769 -533.168069 -535.558295 -528.530541 -523.088791 -521.477042 -523.148468 -524.608142 -519.712098 -521.136737 -521.645335 -524.557193 -523.548125 -524.229383 -519.199361 -517.368401 -514.706907 -515.750373 -520.780929 -525.041748 -525.199069 -524.734526 -525.319159 -524.231879 -521.192550 -517.282512 -520.335053 -521.410195 -520.630834 -529.299428 -536.048346 -538.184542 -532.774660 -529.682961 -530.118370 -529.502545 -529.110062 -532.774292 -531.825237 -531.414638 -533.253469
-523.274737 -519.885932 -513.907334 -518.183390 -521.019573 -526.270310 -525.639508 -525.118682 -523.507089 -521.328048 -517.039380 -508.338221 -510.609203 -510.250935 -507.311974 -512.146647 -516.610726 -523.658675 -515.774680 -514.286242 -512.035590 -512.744192 -507.056640 -501.927580 -505.056552 -509.308085 -514.628125 -511.468282 -504.803094 -498.665150 -497.429420 -496.823031 -495.698378 -500.133237 -501.099970 -501.881736 -501.276137 -504.368852 -504.339160 -499.850088 -491.886939 -490.966602 -494.483488 -501.739054 -513.218267 -523.802849 -529.448202 -521.863056 -523.887548 -524.745313 -523.287050 -527.587324 -529.968210 -525.837901 -529.203249 -531.843405
-521.433237 -518.315024 -511.692941 -514.791336 -520.090587 -525.911847 -525.844320 -522.480024 -520.997775 -514.650249 -505.863959 -496.044953 -491.059890 -486.167458 -480.126703 -484.796634 -489.535186 -495.015598 -493.759559 -487.406952 -481.295606 -473.628700 -463.939112 -453.336169 -455.099528 -459.644392 -459.853863 -457.830355 -447.965311 -438.943322 -435.300258 -432.802033 -427.556601 -430.730367 -436.700824 -443.647967 -450.765142 -457.223847 -462.672683 -454.567635 -445.689705 -447.649810 -465.691355 -480.005112 -494.143002 -507.474253 -522.184139 -521.472356 -518.579749 -515.757003 -521.028230 -523.263954 -527.899114 -528.553658 -527.693621 -533.230028
-492.572557 -485.360731 -476.618681 -473.045715 -481.933981 -483.195756 -480.145262 -473.816569 -471.560504 -463.528592 -441.927004 -409.722523 -368.586113 -316.624654 -307.779874 -325.482029 -351.904505 -381.798401 -394.354531 -375.854869 -346.712744 -309.874275 -293.684701 -287.692564 -284.289014 -284.365541 -284.265530 -283.529759 -282.814398 -281.101140 -278.923015 -276.651942 -273.765114 -272.632977 -276.087353 -279.203365 -282.567441 -285.655163 -286.236878 -287.315007 -285.261662 -286.141541 -298.375882 -350.731500 -403.689283 -436.077754 -459.191270 -477.328984 -476.669426 -483.778805 -489.539219 -495.987142 -511.408459 -515.163558 -517.086592 -530.230035
-437.277985 -410.683366 -388.911543 -359.418283 -354.612036 -346.674048 -338.556569 -322.822759 -304.912155 -295.164971 -282.680376 -267.743033 -248.378108 -228.496025 -221.396095 -229.874788 -239.712335 -249.896294 -256.437804 -254.265473 -242.811131 -228.211496 -215.700325 -208.496840 -205.985629 -207.000352 -206.838762 -206.341246 -204.717783 -204.189268 -202.131586 -198.388121 -191.148047 -180.841196 -182.075669 -193.592430 -202.066832 -212.061603 -215.614702 -216.787556 -220.837182 -221.727200 -223.126578 -243.715845 -262.720761 -277.657838 -291.507302 -314.265053 -375.139050 -405.382183 -423.364891 -452.955050 -478.618172 -498.411800 -511.170714 -523.622224
-284.353318 -271.462449 -257.561047 -246.633941 -242.074789 -239.764159 -236.559327 -230.013830 -223.469012 -216.902348 -206.092146 -181.724609 -150.109299 -124.276488 -121.183701 -128.078200 -136.214519 -148.510735 -154.655649 -157.522335 -151.919295 -144.543571 -131.709822 -121.952926 -109.663683 -108.230761 -108.015528 -108.543594 -107.800003 -107.244665 -108.660228 -103.440480 -94.841210 -86.228898 -83.674450 -91.695060 -107.612954 -122.706522 -128.945732 -136.366609 -145.009056 -147.931209 -149.078732 -150.574674 -167.747965 -191.043535 -219.109696 -239.117200 -258.231106 -267.784784 -275.045163 -280.609638 -298.570119 -338.892677 -399.234060 -434.447490
-217.821793 -200.080308 -178.686401 -160.683704 -147.873996 -145.285869 -142.661149 -134.361862 -126.689775 -116.662084 -101.206733 -82.328697 -38.579439 -14.663936 -17.928327 -19.831593 -9.298383 -39.928971 -25.287298 -41.935621 -25.081880 -36.477275 -16.643600 -20.035870 7.963092 13.820565 13.385748 11.882019 12.344015 13.421767 -2.264303 12.748714 14.390489 19.973022 21.058984 18.846371 -10.550549 -27.012384 -25.291428 -36.202299 -59.429448 -67.499385 -71.629878 -73.508298 -83.127660 -102.264023 -131.752846 -162.300462 -183.806052 -197.159974 -205.810658 -211.205457 -216.163073 -230.249320 -251.735959 -271.668808
-137.826103 -117.530570 -95.290454 -68.373089 -32.208513 -23.482385 -32.988388 -13.772985 -4.015839 -3.891157 25.193463 34.457010 48.671165 64.097721 72.177342 77.045519 79.425118 78.958590 82.030992 80.824520 81.246116 81.034312 82.254285 81.899913 84.614338 85.660429 84.758096 85.367076 84.841658 85.572755 84.797630 85.320269 83.011253 83.541023 82.768963 83.215677 79.944217 73.157560 59.498307 49.227057 40.693858 33.464639 11.479805 15.796187 -6.782806 -4.342331 -40.634011 -77.873400 -106.538005 -118.900428 -127.170087 -132.371100 -136.451285 -148.941713 -165.867212 -184.398411
-33.047850 -6.290563 9.566587 31.579232 47.826023 56.140837 62.252787 66.552753 76.029051 85.015979 88.349294 87.817937 87.951352 88.794175 87.692955 88.643446 87.462526 86.422710 85.267552 85.089684 79.079509 70.790573 71.562130 72.759459 75.536286 78.401016 77.367682 77.524368 80.763542 78.774877 74.130746 70.675265 69.226519 69.088978 75.795391 78.012138 79.028301 79.117186 78.924653 78.413353 78.225616 77.759844 77.224870 77.062000 72.308692 64.668596 46.675504 10.036151 -8.582163 -25.087015 -50.543045 -53.894578 -56.521777 -62.237950 -79.899785 -105.246131
68.959985 79.574768 88.769315 89.882303 89.259476 90.222421 90.199225 93.183279 91.319069 89.283260 84.552611 81.051651 79.742987 78.334445 76.663145 76.788426 75.210526 71.343265 68.273988 63.460760 53.695358 41.114159 25.519138 33.573645 49.476309 53.271259 55.637354 58.320762 60.094315 55.903433 48.802879 40.000353 38.774263 46.952159 50.921681 54.772169 55.350055 53.693350 52.016055 52.154641 50.255427 50.662838 56.108952 67.078673 74.748613 74.866328 74.593903 73.913312 73.632678 53.897433 34.752757 24.874241 32.883470 22.957635 3.678548 -34.978339
83.934904 83.058148 81.554518 75.749102 70.801603 70.140001 74.058039 79.753820 81.828626 74.839805 67.316534 61.108491 55.286254 53.752464 52.943380 52.052063 51.991690 46.830627 30.764008 25.297757 13.614453 -16.820525 -27.101051 -24.271406 1.085317 11.178363 19.011983 23.074638 18.368847 11.611585 -0.388677 -23.880641 -25.526766 -18.704599 4.234378 16.293176 18.655389 18.657511 14.222325 10.712706 4.767997 3.259152 9.955658 12.640574 34.411188 48.694446 55.069571 61.635780 66.621607 73.391864 73.245932 73.126356 73.148653 69.165247 56.625982 38.845181
69.981563 64.008676 59.640614 53.724962 48.325727 47.551146 50.111415 53.604760 51.447298 42.868734 17.706465 4.902084 -4.394457 -6.785047 10.871992 13.193938 13.378111 -5.362318 -30.584833 -48.020506 -61.522471 -77.569074 -81.654754 -83.584194 -81.095364 -69.121057 -54.152368 -49.024446 -60.221720 -68.955196 -82.625841 -92.678041 -95.521270 -92.599392 -81.120753 -63.822487 -48.837349 -48.653559 -57.280942 -65.561769 -70.136955 -72.154442 -65.036343 -47.969527 -26.749618 -0.937175 -1.398647 14.698233 9.937875 17.589171 29.867034 52.506512 61.996559 72.240137 72.578906 72.272257
47.447067 31.880668 19.040493 25.019696 15.305830 5.312998 13.633900 13.347541 7.613899 -19.446374 -34.863862 -47.300048 -57.493304 -68.415460 -68.751476 -70.621482 -69.969575 -83.589775 -97.235094 -116.004781 -129.089090 -141.771258 -147.357566 -150.621220 -153.675538 -145.703437 -130.734977 -122.225326 -136.750252 -145.745464 -158.059733 -164.268622 -166.964456 -165.734046 -157.540140 -137.441743 -121.457454 -116.823109 -124.911019 -132.028938 -135.443744 -136.130344 -131.618902 -116.634950 -96.989235 -77.118304 -65.154675 -56.149971 -50.305637 -40.405574 -23.917135 4.381965 17.452737 32.447067 49.258833 61.353876
6.130322 -14.566417 -26.242866 -35.106873 -45.809187 -52.382707 -50.775979 -57.193350 -64.167428 -76.992697 -116.054963 -129.233101 -142.854292 -154.175239 -158.162622 -165.668149 -169.503930 -178.093247 -184.003520 -192.483347 -202.270339 -211.517204 -219.153514 -220.613820 -222.528590 -225.096319 -218.680493 -215.691225 -218.009769 -223.050547 -228.735813 -231.543292 -233.181401 -229.977820 -220.755067 -212.983139 -205.679585 -202.861859 -207.845805 -204.656209 -200.800176 -201.228316 -189.333245 -178.001860 -163.911158 -146.487074 -128.169999 -118.683698 -111.189991 -101.478740 -86.301194 -68.084853 -51.207090 -28.346988 5.248215 21.132536
-47.467783 -62.040520 -75.802424 -87.319846 -98.871377 -109.948681 -109.704223 -113.354973 -118.593634 -146.504431 -181.351225 -203.397828 -213.595821 -225.644155 -232.788756 -243.769461 -260.326332 -267.708499 -271.449498 -270.215470 -274.974534 -281.325708 -286.187769 -288.132172 -289.798901 -295.559193 -301.107603 -297.378370 -291.972346 -297.405664 -305.027902 -305.326373 -308.502817 -304.808941 -293.096782 -286.460231 -283.566019 -280.670036 -277.840579 -276.303192 -273.286783 -259.298429 -246.631418 -234.525241 -222.352077 -209.101729 -193.475129 -179.607182 -170.768332 -160.458739 -145.141329 -131.054106 -112.939253 -91.204388 -63.768393 -46.180938
-108.062703 -124.059544 -137.425423 -150.231818 -163.455455 -181.853940 -184.265311 -189.930186 -196.810490 -223.764220 -252.350182 -272.568391 -281.745808 -291.502076 -305.023247 -356.982236 -404.197909 -422.302073 -421.832840 -417.080409 -422.692354 -436.296277 -447.171690 -454.479261 -461.742991 -471.590771 -477.118167 -471.830051 -466.358101 -467.506106 -468.522601 -466.922558 -467.387675 -467.758633 -466.040696 -455.402435 -448.419284 -441.347772 -435.800761 -431.977605 -410.531491 -377.955639 -332.344855 -293.604381 -281.960660 -270.149244 -252.723542 -235.927401 -226.546773 -215.512051 -202.607755 -188.098123 -172.929971 -153.305388 -128.551282 -108.490497
-163.266434 -183.119285 -198.815089 -213.289445 -234.992280 -250.009132 -257.943848 -263.435711 -276.805177 -296.426160 -359.784800 -412.804123 -435.340757 -453.054037 -468.403328 -483.070750 -494.773541 -502.006773 -496.955894 -494.554411 -490.109045 -496.850772 -502.142838 -503.180573 -508.014110 -512.253139 -518.221673 -513.393679 -511.442108 -505.949173 -506.724300 -506.740182 -504.270719 -505.506732 -505.812721 -509.406827 -505.468464 -503.437291 -501.086178 -491.488734 -482.456946 -472.626858 -462.993009 -448.704552 -429.662782 -402.320961 -348.620338 -294.329687 -281.453366 -270.754302 -254.237983 -238.395835 -226.654345 -213.340150 -195.557459 -177.817335
-229.201656 -243.568073 -262.282936 -280.189541 -303.564440 -370.682452 -388.193899 -416.913578 -440.251671 -469.004357 -484.979798 -492.334110 -500.031052 -505.627614 -509.796131 -516.906085 -521.719899 -529.733804 -526.428469 -522.104890 -515.837687 -520.940480 -521.517102 -520.215369 -523.066716 -526.107252 -531.400833 -530.599059 -526.422694 -521.486748 -521.906070 -521.008031 -518.159345 -518.072833 -520.354950 -525.087337 -524.056275 -521.264619 -518.726757 -513.483526 -508.705292 -503.977768 -499.854251 -493.544004 -485.737646 -476.844998 -464.208599 -445.060608 -428.144011 -399.866944 -340.317984 -292.773395 -282.756442 -274.540771 -258.849121 -241.933969
-289.681671 -312.841583 -380.640707 -427.749734 -459.758925 -483.437355 -495.113784 -504.770849 -513.675871 -516.665425 -519.712692 -523.130938 -525.883322 -528.947804 -531.682317 -533.823782 -537.643946 -545.842696 -542.238262 -537.470134 -532.119600 -531.886422 -532.390344 -531.826247 -532.925036 -536.557893 -543.196019 -540.350374 -536.415706 -532.938864 -531.949094 -531.370853 -529.185485 -530.809882 -534.139703 -538.970074 -536.979732 -533.461331 -531.730771 -529.540270 -526.155974 -522.598087 -519.102505 -514.989332 -510.839245 -505.018733 -498.289693 -490.277257 -481.070036 -470.330580 -455.619103 -443.944955 -429.682322 -413.609303 -380.610916 -318.834574
-448.078316 -465.823205 -478.943097 -491.525561 -505.006932 -511.408646 -517.090591 -521.859069 -526.964266 -530.007432 -532.308297 -530.487192 -531.403666 -534.931293 -534.397741 -536.152236 -542.707370 -540.006570 -538.060216 -532.630080 -533.773389 -534.089713 -535.369161 -534.413540 -535.192426 -541.708001 -538.236179 -536.875559 -533.188523 -532.686446 -532.010358 -531.499537 -530.876281 -531.631851 -536.223922 -535.222071 -534.098828 -530.816893 -530.972123 -529.885017 -526.285861 -525.521299 -523.571504 -520.659909 -517.589877 -513.885459 -509.293672 -502.646987 -495.778029 -489.096853 -487.302455 -482.454906 -478.149946 -481.852708 -472.683026 -462.241032
