tests/Borden05m/sims/sim_1/output-maps/psiliqL0024N0002.asc
ncols         160
nrows         34
xllcorner     620200.000000
yllcorner     5168000.000000
cellsize      0.500000
NODATA_value  -9999.0
[rows 0 to 24 of 34, columns 55 to 109 of 160]
-9999.0 -9999.0 -9999.0 -9999.0 -9999.0 -9999.0 -9999.0 -9999.0 -9999.0 -9999.0 -9999.0 -9999.0 -9999.0 -9999.0 -9999.0 -9999.0 -9999.0 -9999.0 -9999.0 -9999.0 -9999.0 -9999.0 -9999.0 -9999.0 -9999.0 -9999.0 -9999.0 -9999.0 -9999.0 -9999.0 -9999.0 -9999.0 -9999.0 -9999.0 -9999.0 -9999.0 -9999.0 -9999.0 -9999.0 -9999.0 -9999.0 -9999.0 -9999.0 -9999.0 -9999.0 -9999.0 -9999.0 -9999.0 -9999.0 -9999.0 -9999.0 -9999.0 -9999.0 -9999.0 -9999.0
-9999.0 -9999.0 -9999.0 -9999.0 2998.747552 2993.406551 2988.542008 2983.933296 2975.704316 2966.361827 2958.370684 2954.166050 2952.982692 2952.089479 2951.430322 2956.281815 2964.255593 2971.799895 2978.646514 2980.502013 2982.789255 2984.633255 2984.839980 2983.626906 2980.337012 2977.464967 2974.032881 2972.324458 2964.833999 2953.651976 2945.254431 2942.544833 2946.747705 2951.102018 2953.567913 2958.849146 2969.287703 2979.923592 2987.993259 3000.475265 3007.341123 3012.695990 3015.398682 3011.462241 3008.224258 3004.348402 2998.426857 2987.377049 -9999.0 -9999.0 -9999.0 -9999.0 -9999.0 -9999.0 -9999.0
2943.945678 2962.307173 2982.632128 2985.718848 2974.524506 2969.455289 2966.256849 2964.479826 2960.072256 2951.484195 2946.267827 2940.715343 2938.098822 2938.019602 2937.836072 2941.474034 2952.049127 2959.779880 2964.283687 2966.821206 2969.546332 2968.088442 2967.270359 2966.957804 2963.993809 2960.453150 2957.015526 2955.123140 2956.384085 2948.759155 2942.814353 2938.967335 2936.191378 2938.887445 2941.535916 2945.946246 2955.169486 2963.124600 2971.148055 2985.665564 2998.771265 3004.455450 3001.991339 2997.429770 2993.714204 2986.506231 2976.410356 2966.427494 2958.093070 2951.934710 2946.655842 2940.461638 2946.933892 2954.724611 2964.231658
2927.123540 2946.151969 2966.417719 2968.931893 2958.540921 2950.676276 2944.045746 2944.433835 2947.695417 2944.318596 2939.417021 2931.932362 2941.588416 2942.499262 2943.137117 2946.213183 2948.159671 2952.864723 2955.224770 2960.454588 2969.319841 2972.008246 2972.356251 2972.318636 2970.267654 2966.950448 2964.934726 2962.074296 2956.745381 2954.995898 2954.687764 2953.514027 2957.699889 2959.190215 2961.942781 2956.296871 2960.613010 2966.884662 2973.852286 2979.573478 2985.235827 2988.059907 2984.873022 2985.362698 2977.698065 2964.160566 2954.259941 2946.777795 2946.805024 2943.942311 2936.163600 2922.738335 2931.000915 2947.157093 2952.032493
2931.021092 2939.786422 2950.344091 2952.772448 2947.628776 2949.595345 2951.232608 2952.351453 2950.395379 2946.785243 2942.601412 2953.143074 2961.395604 2962.656527 2964.990560 2968.743417 2969.266368 2958.142603 2955.940439 2963.232856 2972.830758 2977.940245 2977.999262 2977.555271 2974.009354 2972.769754 2972.442755 2970.500089 2970.090585 2971.691268 2969.544001 2972.674993 2978.126297 2980.610295 2975.778640 2967.304252 2969.379152 2977.770454 2986.054777 2993.660859 3003.968098 3014.916390 3015.121283 3010.598104 3002.207974 2989.802116 2968.048172 2950.432229 2939.657027 2931.961611 2924.878670 2927.578960 2923.298051 2936.888247 2938.809957
2917.665109 2937.549739 2957.500654 2963.455771 2957.300926 2953.215226 2951.595118 2952.079427 2951.100489 2951.738224 2960.780407 2972.600200 2983.272954 2985.125524 2986.834925 2985.514135 2978.468447 2968.075675 2965.132568 2978.469875 2994.088178 3001.848192 3001.383006 2997.468944 3001.015761 3000.813271 3000.897306 2997.240186 2998.080621 2996.173883 3002.183606 3009.781381 3017.563648 3016.126581 3003.834970 2991.690772 2991.455821 2996.566264 3003.019545 3010.462287 3020.708863 3030.030339 3025.351332 3020.113448 3012.607722 2986.854151 2964.607916 2950.239632 2950.778854 2951.684639 2947.439037 2945.474292 2944.442148 2940.126106 2940.438421
2953.760479 2972.946064 2992.075930 3005.157593 2998.823462 2991.068007 2982.182348 2982.222913 2982.780948 2988.679396 2999.133384 3012.252053 3033.952711 3033.647118 3034.271090 3033.390863 3020.645437 3007.496979 2997.271259 3018.545088 3029.310996 3036.548516 3034.490719 3040.177210 3048.875939 3045.075782 3038.472217 3026.645377 3032.275141 3039.472973 3054.506710 3062.189941 3067.207838 3063.153656 3049.740946 3043.184234 3044.295497 3050.153793 3050.861019 3058.954497 3068.038369 3083.094296 3082.077118 3078.146305 3058.190335 3021.589161 2991.920851 2979.392210 2989.314305 2983.800176 2978.433000 2978.050437 2966.843313 2959.362975 2961.796992
2986.213520 2999.940884 3016.097938 3032.548941 3024.045745 3013.602527 2997.411328 2994.465257 2998.887751 3008.736622 3026.129874 3044.490646 3064.660225 3064.545124 3059.259151 3068.693121 3061.691813 3051.020255 3043.325187 3063.006440 3073.273177 3083.588126 3089.800683 3102.315872 3112.801357 3097.321736 3081.030041 3071.405919 3078.069224 3102.619343 3124.107162 3128.893572 3128.280594 3128.239062 3113.975350 3108.912815 3105.051153 3104.601450 3101.566269 3099.454262 3123.739964 3144.597546 3144.351442 3122.853603 3100.282945 3061.655044 3024.369349 2999.279623 3010.525606 3007.666023 3010.668026 3000.212058 2988.316854 2980.106356 2977.692885
3038.503793 3060.783266 3077.429525 3098.769144 3090.949318 3068.676173 3053.724572 3056.384484 3069.475893 3077.085132 3094.721926 3112.568122 3138.935149 3152.164775 3164.345695 3168.142904 3160.809520 3152.147429 3139.926724 3143.971090 3166.666129 3178.198457 3186.772346 3195.425286 3207.934332 3209.043917 3202.772922 3201.108979 3205.241026 3217.651923 3231.180193 3237.865241 3241.253741 3244.312976 3232.618267 3220.199197 3217.557877 3211.665661 3209.662348 3208.713757 3218.905282 3238.101855 3235.271331 3200.687203 3174.195361 3140.086635 3102.400916 3073.246034 3065.826626 3083.245566 3080.167890 3064.128993 3052.743282 3025.921538 3019.521973
3109.282099 3142.131545 3166.541707 3177.058559 3185.059685 3171.569340 3169.801667 3173.680414 3181.619661 3184.770697 3191.148550 3223.230234 3256.849887 3282.197874 3304.920876 3312.134656 3300.050340 3290.227363 3276.917059 3267.985664 3277.904284 3294.624250 3312.031020 3326.972173 3338.217586 3340.501593 3338.966353 3339.041399 3341.954278 3344.919189 3348.998545 3357.082906 3364.635664 3373.470987 3381.928103 3372.214924 3355.336442 3345.686045 3336.061562 3334.744892 3335.821607 3338.979320 3340.043374 3324.876177 3284.753981 3253.959721 3222.260725 3201.726595 3187.795695 3185.985999 3168.093433 3144.533869 3094.551125 3057.397267 3026.167965
3196.178439 3239.273224 3268.326147 3286.116435 3298.881156 3296.488551 3298.188700 3299.235302 3303.067125 3305.640887 3308.797482 3334.781150 3375.548932 3414.388693 3445.235086 3445.537054 3432.317455 3421.065370 3411.746023 3397.852899 3393.961903 3405.893977 3420.683214 3440.361183 3450.891735 3457.440210 3454.481397 3454.721540 3456.331004 3458.619503 3460.703818 3464.105608 3473.397130 3488.039048 3502.114593 3501.518373 3483.343016 3465.561250 3449.431706 3446.410100 3443.580282 3438.642101 3440.814030 3442.678445 3428.121171 3397.895015 3358.895737 3318.566302 3300.875240 3285.281935 3274.452854 3258.042740 3220.027332 3156.125878 3118.513180
3310.709150 3343.648049 3372.451123 3402.497917 3417.643123 3420.415506 3418.091599 3417.177403 3424.098987 3427.154295 3433.252220 3449.685068 3480.662000 3515.192799 3544.407192 3559.949875 3552.592917 3535.263428 3513.644875 3504.368734 3501.637372 3505.045533 3514.198067 3526.475052 3545.498040 3564.483616 3570.204654 3571.068025 3568.413333 3570.790507 3572.298560 3572.404971 3575.108413 3583.183562 3592.744748 3596.031634 3588.605844 3568.154115 3545.096301 3533.428785 3526.729804 3523.247005 3523.962116 3528.738211 3531.630578 3517.310529 3482.661971 3439.198118 3409.076648 3393.337664 3380.414139 3366.685338 3354.696902 3323.818256 3303.556678
3418.881792 3433.776281 3461.505834 3489.891012 3512.569809 3527.346900 3528.049505 3531.277624 3535.964837 3543.487797 3558.527678 3581.306974 3599.757032 3621.721058 3647.702970 3663.538999 3668.811548 3667.335090 3663.554227 3664.808346 3665.141556 3605.691574 3611.653293 3617.591140 3633.773713 3648.493102 3653.794953 3654.398630 3651.990078 3653.751889 3654.476367 3654.393231 3654.023725 3656.129799 3660.935852 3662.772710 3660.501894 3648.439686 3665.286626 3645.575032 3632.285713 3624.171154 3616.010656 3607.771689 3598.387438 3588.599411 3569.041760 3538.728623 3504.671066 3482.776015 3474.659884 3468.681727 3460.587193 3455.106132 3438.510384
3517.062520 3527.610591 3545.443826 3567.805970 3601.004331 3623.907221 3635.144280 3644.314579 3648.945515 3662.669597 3678.953528 3663.920528 3671.810370 3679.974902 3688.087220 3690.873061 3691.670710 3691.302655 3688.929081 3688.193328 3685.846553 3682.272340 3671.909800 3673.508121 3675.414661 3678.022164 3681.732909 3680.607653 3681.699393 3684.647894 3682.913073 3676.927636 3672.900771 3671.327617 3672.275333 3679.674908 3683.127130 3684.068694 3680.915798 3680.006925 3679.060916 3675.831310 3671.799211 3666.115141 3658.844092 3672.634797 3660.812881 3633.315244 3593.885303 3553.461818 3545.336978 3546.662327 3546.723843 3545.183283 3539.673075
3639.809297 3653.250077 3667.801168 3647.296154 3668.511874 3679.369248 3684.445966 3688.410961 3691.166608 3694.107421 3691.078881 3688.037257 3683.180825 3681.651439 3680.312322 3677.886356 3678.521972 3676.636952 3672.598769 3668.620385 3660.816247 3649.349550 3638.175811 3634.714447 3639.044770 3644.607901 3649.682924 3654.015386 3657.699027 3657.805128 3652.411002 3644.051334 3636.560239 3634.882476 3641.715433 3647.435743 3653.838706 3654.694635 3653.305480 3650.861891 3650.658851 3647.465332 3647.700733 3654.711551 3669.307561 3672.303281 3677.908054 3677.109882 3661.300643 3632.673432 3642.529416 3622.714424 3628.559270 3624.038447 3612.783393
3682.522387 3685.153807 3683.605343 3682.447456 3676.120872 3670.106752 3669.345482 3673.355848 3680.386269 3681.480960 3674.464366 3665.951254 3658.786910 3651.459152 3649.162852 3648.559649 3648.291076 3648.775256 3643.511139 3634.373800 3617.566922 3606.032199 3594.985508 3589.058822 3585.455934 3589.051840 3600.154997 3612.081356 3617.079441 3608.033320 3599.684077 3587.997154 3579.946525 3580.378128 3581.520609 3590.961234 3607.512761 3614.765524 3615.536435 3609.184306 3602.867217 3596.268912 3593.277578 3599.706981 3614.920292 3631.491597 3646.876870 3655.899280 3663.556907 3670.592861 3669.473567 3672.076742 3673.509143 3671.486789 3674.132718
3676.771596 3669.849501 3662.938815 3657.699008 3651.279853 3645.984015 3644.196088 3646.154873 3648.214595 3644.233604 3637.885211 3627.950524 3617.024577 3607.408642 3599.994513 3601.038641 3603.413028 3605.047567 3597.906392 3582.722250 3565.055918 3551.666063 3537.875956 3533.987138 3528.230955 3520.924115 3531.078727 3550.544512 3557.811614 3541.995540 3531.233877 3516.165842 3509.533844 3505.625752 3506.463806 3515.404022 3537.607855 3561.221457 3563.198792 3552.342439 3541.561953 3536.790088 3533.580777 3538.284955 3555.014657 3575.620495 3591.484952 3601.755887 3607.054711 3614.811445 3624.159879 3638.192722 3652.803179 3664.979877 3669.980583
3651.884286 3644.172677 3636.571613 3629.028821 3622.205541 3616.095083 3611.887899 3609.983889 3606.249012 3600.260745 3593.351985 3573.416149 3561.168828 3548.511104 3533.879581 3530.173251 3525.681917 3526.931997 3515.599378 3507.541640 3491.031202 3475.818078 3460.333570 3447.358809 3441.700684 3435.142190 3434.002656 3447.638334 3456.117728 3446.319465 3436.612121 3425.812031 3421.170925 3417.821324 3420.233209 3430.621738 3450.327826 3468.604787 3476.826353 3469.378174 3467.666692 3467.378339 3465.735630 3471.847362 3482.796233 3500.713021 3522.768033 3541.274460 3550.963010 3557.787758 3566.960526 3581.265892 3595.246666 3609.441711 3627.239123
3621.586068 3612.396806 3602.611148 3593.054714 3582.726375 3572.332624 3566.014190 3568.671069 3562.761488 3557.244429 3535.413139 3481.398645 3460.843499 3442.276769 3426.401318 3420.009016 3411.902623 3396.689741 3388.187903 3383.698231 3385.263647 3371.351765 3354.054882 3336.659840 3331.859389 3328.359186 3311.778988 3307.977759 3308.749930 3324.022975 3317.899704 3316.299168 3317.886671 3315.488559 3316.902252 3329.668100 3337.635583 3343.374290 3349.976047 3354.157095 3364.237230 3371.948391 3381.446423 3398.204804 3409.010248 3424.209767 3444.309592 3469.457354 3484.461222 3493.724518 3503.932869 3519.014243 3535.000182 3552.493658 3574.671226
3587.298651 3571.164787 3556.865215 3542.812170 3530.355930 3517.792291 3502.480106 3504.502141 3502.496950 3492.669226 3439.317110 3398.831555 3365.528803 3348.667427 3325.585017 3312.603899 3297.006443 3259.925155 3243.075863 3242.496079 3256.856117 3253.151791 3237.983955 3226.166582 3217.047003 3208.046365 3190.827500 3172.896660 3178.917725 3196.954846 3197.561697 3200.580318 3208.181348 3207.565454 3201.050071 3198.827531 3210.882020 3216.372038 3227.258304 3244.228210 3248.836101 3264.434524 3297.231006 3309.735922 3324.341528 3342.387095 3362.429649 3384.096391 3406.036203 3419.623951 3434.369400 3452.457570 3468.783023 3488.777944 3511.090302
3537.338336 3506.889506 3486.260869 3469.306561 3450.704212 3424.673751 3405.030862 3403.149290 3397.313412 3369.463017 3318.178344 3282.798955 3259.524711 3238.300748 3215.821339 3193.007799 3156.984733 3123.058191 3101.857003 3117.295336 3128.608367 3139.811834 3128.566017 3117.977575 3108.631016 3091.126336 3074.597721 3058.639720 3069.567534 3078.235884 3096.553856 3103.219669 3107.104903 3112.731368 3111.217447 3100.716570 3096.054807 3103.893477 3113.467468 3124.985798 3145.587066 3180.128774 3204.286684 3221.842443 3241.671480 3259.796450 3280.574921 3302.910197 3324.919139 3341.209494 3358.920927 3376.879121 3397.170933 3415.906640 3438.399524
3458.954529 3431.264388 3405.452351 3382.918180 3352.214214 3307.094095 3293.264292 3284.922793 3264.297212 3218.336769 3177.411654 3156.554519 3143.682222 3121.230292 3100.912668 3072.881981 3039.933108 3018.731883 2998.861960 3009.549571 3020.127050 3040.099295 3031.578918 3024.897566 3022.061444 3007.058448 2993.988195 2977.838205 2984.296558 2996.365775 3019.478518 3025.355869 3029.419599 3038.611380 3037.743801 3033.065308 3015.782788 3022.317126 3032.700954 3046.845477 3077.136695 3099.243197 3121.095017 3142.046107 3160.676751 3181.377101 3202.861320 3225.061520 3250.477523 3269.157482 3287.323296 3308.034445 3326.542336 3340.524453 3356.473345
3352.600659 3329.170214 3310.124885 3286.749691 3245.212921 3202.264662 3162.827512 3137.705292 3087.351502 3053.530435 3033.333083 3032.346968 3020.885529 3002.116502 2984.179765 2966.934786 2945.824299 2927.737357 2903.528296 2909.500587 2925.697533 2943.074770 2944.485426 2945.633306 2944.472796 2935.432058 2922.242249 2908.804371 2912.633374 2929.677530 2947.611429 2957.527595 2965.148242 2972.794399 2972.393479 2962.764969 2952.519258 2956.944186 2971.752462 2986.403591 3003.432317 3023.335288 3043.278993 3062.704040 3084.159527 3105.765626 3127.611653 3151.361679 3176.934165 3197.020928 3219.535448 3242.809692 3258.539982 3266.593478 3273.919082
3251.855703 3233.277723 3210.995629 3184.546784 3143.865046 3105.248150 3065.541633 3019.992238 2988.226938 2961.964100 2955.839341 2941.698460 2929.639366 2916.421304 2897.466173 2882.256834 2868.471389 2848.221365 2838.711126 2846.596463 2860.591355 2869.359614 2876.446202 2874.762519 2872.826758 2867.483629 2853.851594 2849.615095 2859.645272 2874.845157 2888.546467 2899.992444 2906.785207 2911.797545 2908.579596 2899.204521 2895.825652 2903.601118 2918.565741 2931.456783 2945.541165 2965.200148 2983.427175 3003.713903 3024.830380 3045.497865 3068.534259 3092.278006 3116.866175 3142.474671 3163.545818 3180.985664 3188.602353 3196.888124 3195.828787
3130.997164 3120.284131 3095.724996 3068.627616 3040.534032 3008.665578 2985.549978 2956.978320 2928.595320 2901.187557 2876.971779 2865.993688 2861.151199 2849.840998 2834.231390 2824.252410 2809.846924 2800.515763 2807.158716 2809.098410 2817.777504 2816.490192 2817.872342 2815.845664 2815.599454 2813.631958 2807.599460 2819.402886 2825.940222 2839.333972 2849.305250 2858.902191 2864.552041 2867.945888 2868.809813 2864.252744 2869.674964 2875.326814 2888.441060 2898.919218 2911.616815 2930.522907 2946.215521 2963.786798 2983.866516 3005.206282 3027.364295 3051.306430 3077.544793 3100.456662 3116.677698 3122.033997 3129.753025 3129.947521 3117.709660
