tests/Borden05m/sims/sim_1/output-maps/psiliqL0007N0002.asc
ncols         160
nrows         34
xllcorner     620200.000000
yllcorner     5168000.000000
cellsize      0.500000
NODATA_value  -9999.0
[rows 0 to 24 of 34, columns 56 to 111 of 160]
-9999.0 -9999.0 -9999.0 -9999.0 -9999.0 -9999.0 -9999.0 -9999.0 -9999.0 -9999.0 -9999.0 -9999.0 -9999.0 -9999.0 -9999.0 -9999.0 -9999.0 -9999.0 -9999.0 -9999.0 -9999.0 -9999.0 -9999.0 -9999.0 -9999.0 -9999.0 -9999.0 -9999.0 -9999.0 -9999.0 -9999.0 -9999.0 -9999.0 -9999.0 -9999.0 -9999.0 -9999.0 -9999.0 -9999.0 -9999.0 -9999.0 -9999.0 -9999.0 -9999.0 -9999.0 -9999.0 -9999.0 -9999.0 -9999.0 -9999.0 -9999.0 -9999.0 -9999.0 -9999.0 -9999.0 -9999.0
-9999.0 -9999.0 -9999.0 -396.320715 -401.958392 -407.534174 -412.806084 -422.164438 -431.623664 -440.567222 -444.746813 -445.849156 -446.914092 -447.477245 -442.312853 -434.562699 -427.110537 -419.999807 -417.764487 -415.448664 -413.190666 -412.733802 -414.137693 -417.478322 -420.840735 -424.322406 -425.818628 -434.302494 -445.853248 -454.930497 -457.740755 -453.211187 -448.661096 -446.099284 -439.856892 -428.844745 -417.795192 -409.094016 -397.295738 -391.787213 -386.476102 -382.978914 -386.746490 -390.014275 -393.363679 -397.674179 -408.499489 -9999.0 -9999.0 -9999.0 -9999.0 -9999.0 -9999.0 -9999.0 -9999.0 -9999.0
-433.647884 -414.531579 -411.371450 -422.109285 -426.987660 -430.497770 -432.960601 -438.423198 -447.504094 -453.192713 -458.923271 -460.776217 -461.029590 -461.182595 -457.134711 -447.498497 -439.657421 -434.997533 -432.738709 -430.437326 -430.316182 -430.891281 -431.402322 -434.403476 -437.906613 -441.388033 -443.238644 -443.375388 -451.054045 -456.376457 -459.629593 -460.718256 -458.293081 -455.988117 -453.054817 -443.274987 -434.825034 -426.364357 -412.207138 -399.847616 -394.485092 -396.601203 -401.358175 -404.688702 -410.600282 -419.935973 -430.151475 -440.656756 -447.727998 -452.834429 -457.646430 -451.284008 -444.750712 -434.139311 -423.594187 -411.359513
-450.625339 -431.213390 -428.598701 -439.719639 -448.455201 -452.893804 -453.165834 -451.419041 -455.500552 -460.510647 -464.671758 -457.360805 -456.393349 -455.444235 -452.453213 -449.092864 -447.169239 -444.505724 -439.365081 -430.591943 -428.152278 -427.798508 -427.818812 -429.759495 -432.964618 -434.823214 -437.673187 -442.953656 -443.859561 -443.417551 -443.312485 -438.009397 -436.529382 -435.279781 -442.378365 -439.053501 -432.668552 -425.648611 -418.361828 -411.098246 -406.040314 -408.828853 -409.846984 -417.694570 -431.002526 -442.134359 -450.562983 -453.019183 -455.844473 -463.131103 -474.804155 -467.715255 -451.932610 -446.978331 -442.909384 -430.665750
-459.373148 -447.812081 -445.188740 -450.632357 -450.143264 -449.084158 -447.942244 -449.928211 -453.278637 -454.813009 -442.056465 -432.843569 -431.499315 -428.891918 -425.833975 -427.475676 -440.152305 -443.022739 -434.566329 -424.229576 -418.469454 -418.550760 -418.786203 -420.339529 -421.503283 -422.165982 -424.734387 -423.594029 -420.993152 -420.131317 -414.913270 -409.290051 -406.595100 -415.483113 -424.751320 -424.339794 -416.642821 -408.650893 -401.101468 -389.801345 -377.700053 -378.761212 -384.192592 -392.622657 -405.840017 -428.838871 -448.441720 -458.464368 -464.462031 -470.902593 -471.590083 -473.180425 -462.492520 -460.336222 -458.351091 -449.341013
-456.518070 -435.877383 -427.928456 -434.543554 -440.887606 -445.000389 -444.871596 -444.919048 -441.571308 -428.351575 -414.743886 -399.775223 -397.599285 -395.449555 -396.025478 -406.234112 -416.762010 -421.384948 -406.290541 -390.776411 -382.737975 -381.992192 -381.379283 -373.034182 -375.469619 -378.573211 -384.478533 -382.067718 -379.009049 -367.203736 -359.815946 -353.262849 -355.302312 -367.073034 -377.915317 -379.898122 -378.111289 -376.247089 -370.258651 -359.415800 -348.686227 -353.131804 -360.270300 -370.386936 -399.132571 -426.957493 -443.596555 -442.224454 -441.214853 -445.255219 -447.948931 -451.351450 -458.787084 -458.806028 -458.939110 -459.091284
-410.225850 -391.846846 -375.964840 -382.595220 -391.901185 -403.797033 -403.946694 -400.674622 -392.667284 -379.662945 -361.231503 -337.302028 -333.952918 -330.344000 -326.279703 -337.269803 -349.643674 -361.866182 -346.466666 -337.019904 -327.998448 -324.579476 -312.669410 -302.378050 -307.854597 -317.173776 -326.980218 -320.497394 -306.060473 -290.916668 -284.741932 -281.570861 -281.024494 -290.837636 -296.095136 -299.039556 -298.835923 -302.886490 -299.961927 -288.121580 -271.892693 -271.084465 -282.005963 -304.859900 -340.569373 -375.746686 -398.140240 -393.670122 -399.481682 -404.880962 -408.873445 -422.758287 -434.055638 -434.039275 -443.246845 -449.242154
-366.307189 -348.813757 -331.207253 -335.410816 -347.617428 -360.567638 -360.923563 -352.961331 -344.234999 -325.722160 -301.377220 -276.102059 -263.658399 -256.197896 -247.084315 -254.126133 -263.668465 -273.193429 -267.560407 -254.519926 -241.990668 -230.154872 -217.215076 -204.963750 -211.328895 -221.209929 -224.026147 -219.724058 -202.591518 -187.440184 -181.582732 -178.304009 -172.819530 -178.303036 -186.231612 -195.561220 -204.602118 -212.709350 -217.950597 -202.613375 -187.710433 -189.238052 -212.734265 -236.850498 -270.971373 -307.926619 -342.410620 -347.456972 -347.622102 -348.630955 -363.878610 -379.032935 -397.957770 -408.965909 -417.576304 -432.512679
-276.819868 -255.370201 -235.754753 -231.179418 -246.318233 -251.578490 -246.938622 -235.813954 -230.259640 -217.083716 -188.995278 -152.922631 -125.414036 -100.944927 -96.239306 -106.723775 -117.601417 -132.955132 -139.658699 -126.132657 -113.347888 -100.189357 -86.313192 -71.905971 -62.406350 -62.418141 -61.921045 -58.695122 -53.642723 -45.405095 -35.084927 -23.266161 -11.634420 -8.648038 -19.235375 -32.535968 -49.735694 -64.655996 -70.457440 -72.924588 -66.282354 -67.312996 -88.455917 -116.671426 -148.212074 -185.466773 -218.272882 -240.486768 -239.095772 -252.744371 -270.119752 -292.084090 -329.319019 -348.826664 -365.524728 -395.633551
-178.212416 -148.831991 -131.485841 -115.162863 -115.769098 -113.347172 -110.446358 -104.333357 -98.381774 -87.888967 -48.703501 -2.607931 38.685655 72.590406 85.628774 72.322916 57.530622 41.981360 29.269080 29.636257 45.477778 67.563162 92.331764 112.388356 122.316106 122.739553 124.463262 128.371918 136.058109 145.703397 165.029017 193.117404 215.885615 231.403000 224.933514 197.080642 156.361650 115.389172 97.676536 90.880115 84.284324 83.266861 78.503267 45.184492 10.666835 -30.261281 -74.080026 -103.630238 -125.451084 -145.685889 -166.756617 -209.087951 -249.689473 -284.878249 -314.324276 -343.525947
-54.536328 -14.684338 21.492173 43.456942 51.136972 53.804767 57.246336 65.646423 75.804225 94.923364 141.133296 206.885285 254.934505 287.121087 292.884335 284.198261 273.359585 262.112633 252.988404 250.094361 256.513077 267.405592 284.043290 298.145002 310.469382 311.346457 312.650289 314.192495 319.060766 325.671137 335.216173 351.455378 367.457430 377.059482 376.947509 361.744952 334.356279 306.816561 293.572395 285.149497 279.040607 278.406963 277.755873 271.295994 242.738771 191.028184 103.093151 49.398280 15.290122 -5.619073 -27.336011 -49.169780 -95.122640 -122.215990 -156.456497 -194.382394
106.632912 172.921590 226.357186 254.142913 265.055146 265.738438 267.791695 274.588030 282.959502 298.860303 325.246230 355.948634 383.258427 403.751989 417.192457 414.522838 406.335444 394.412399 392.603984 392.609292 393.970720 398.680749 403.445894 414.423255 425.583670 429.337546 429.971763 428.670041 431.589799 434.402422 437.491442 441.033574 445.497403 450.423789 451.416192 447.280796 433.734107 417.087286 404.832129 398.531782 395.914194 394.265219 394.544737 392.566457 381.752519 351.264506 302.386147 259.369599 227.397779 194.385627 153.238031 126.160452 103.199194 77.237117 39.350378 -11.905442
290.530737 328.004110 361.358134 384.796871 397.553612 399.741109 403.351414 405.484845 413.179212 426.066280 441.683320 452.978310 464.184727 477.585497 484.552992 489.342816 491.036100 492.165485 494.915180 495.565448 488.576764 490.141883 491.163162 492.454672 495.640140 496.094190 495.979995 495.999601 497.205766 498.398827 500.061606 501.194155 500.796600 501.295279 500.965102 500.204252 496.763421 493.360282 481.616223 474.416665 470.401621 465.708898 459.554605 452.346094 445.210218 433.590820 412.552003 386.697092 361.426791 344.057365 325.826460 311.137354 300.078942 281.414891 255.364226 213.786624
409.748328 423.622682 439.763860 457.962481 468.972585 474.605807 479.140467 481.215609 489.670949 499.560331 499.619959 500.768015 501.418918 501.292612 500.802060 500.602244 500.871538 499.407787 500.292203 500.250101 496.527150 488.966428 490.517324 491.174142 492.652050 495.122872 493.113109 493.741872 496.974637 496.708656 493.119569 491.258766 490.467879 490.271950 496.084787 498.156334 498.604539 499.301314 500.098729 501.449048 502.306955 502.574862 501.964462 500.674066 498.428216 491.616429 476.944352 456.773823 434.154640 421.882411 414.920946 413.554439 409.359867 404.213065 388.718680 362.283181
488.792270 499.058346 504.974248 506.741402 506.926208 506.421352 506.739021 507.738947 506.836558 503.452925 500.243138 496.473423 495.878241 494.682277 492.298221 492.962633 491.486273 489.013078 488.081808 485.781711 479.594496 471.830192 470.862837 474.397523 476.962584 478.538468 479.230631 481.259021 483.298116 481.229895 477.110494 473.229125 472.115102 476.780658 479.770636 482.090069 481.850560 480.965614 480.536606 482.314318 481.725161 482.631755 486.863965 495.628183 500.774529 500.687881 501.224017 500.848101 499.351922 486.406515 470.884419 473.126425 469.582141 461.733360 447.894680 432.241209
502.107560 502.455481 501.066421 496.227573 491.374438 490.617966 493.351564 499.178472 500.351484 494.349343 488.367570 484.141552 479.951507 479.012165 477.827498 477.197761 477.759964 474.930062 471.899232 463.014726 456.284659 448.760756 444.210395 442.636402 445.735573 450.850214 455.483370 458.327390 454.687344 451.255947 445.759243 441.285151 442.274419 443.702590 448.895048 457.050890 458.144853 458.964756 456.663397 455.704399 452.818015 452.400034 457.404909 466.951255 475.665165 483.498241 488.172568 493.346747 498.329211 504.344499 504.278013 503.185669 502.016096 499.317394 489.250960 476.830136
492.521602 488.975751 486.854424 483.022414 479.426982 478.558343 480.539640 483.041529 480.593422 475.636824 468.491664 460.846980 453.771258 449.783977 450.407496 452.008387 452.927260 449.859915 441.015960 429.266073 418.227213 404.946038 400.130777 394.922129 390.638415 397.248182 408.511934 412.566135 403.068201 397.369294 388.221955 383.726565 382.261913 383.325500 389.945064 403.956636 417.814133 419.130280 413.100153 408.117834 406.933585 407.617162 415.839946 430.926982 444.250171 452.969487 458.729906 462.438613 468.125241 474.305179 481.257221 488.773702 494.828807 502.414309 502.897898 502.862737
480.581948 476.934001 473.301528 469.888528 466.706285 464.121058 462.151033 460.034712 454.567655 448.347732 438.432199 426.426589 414.439237 401.893913 398.459750 396.083003 397.978075 389.665462 381.341855 362.398444 338.258240 310.235180 292.950997 282.976718 274.998948 279.530204 294.608333 303.723889 289.360272 279.240471 266.298543 260.227848 257.473122 259.626622 270.797109 295.718739 317.242238 326.140476 319.570242 315.866599 317.125665 323.367561 340.937464 362.954223 382.253911 399.834577 414.240392 424.507667 431.898350 439.269555 448.794238 457.242710 465.029452 474.760467 486.391607 495.250570
464.680180 459.424407 453.983215 447.293353 440.150597 436.065136 436.401688 429.028664 419.929522 403.588539 357.724384 328.919795 297.887315 275.520952 266.867193 258.321243 252.782610 243.278128 234.184207 215.496976 175.560021 127.234253 94.824825 82.816074 75.184308 68.719952 80.551125 86.853554 84.192842 72.428870 61.153765 55.303589 52.125600 58.078175 78.129644 101.125191 124.034217 135.863040 130.023102 137.437699 147.728801 158.772108 202.959788 234.990110 262.007533 292.247087 328.598086 355.600959 371.600169 383.542421 398.064636 413.704123 427.762402 443.282164 458.984301 468.209467
440.117913 430.225870 417.397705 404.749274 393.106180 382.090266 380.754919 372.445022 352.765788 294.391191 230.250210 166.421291 114.876710 76.898520 60.263739 48.106627 23.070064 7.812026 -2.474355 -4.706734 -23.929706 -49.075714 -68.387232 -77.838468 -84.248147 -95.638710 -100.085048 -95.312940 -85.551028 -93.108214 -97.725806 -95.689648 -98.266598 -100.105240 -89.913118 -72.357413 -61.060496 -50.731573 -42.194889 -38.221512 -31.262190 -4.703558 16.749167 40.348284 71.647805 111.590584 166.450083 219.500636 248.428228 271.968143 301.394350 333.965591 364.848087 389.108751 414.393900 430.794889
381.372419 360.373009 332.530472 301.340162 274.475302 249.824948 243.251472 227.065607 188.346362 95.034786 26.070178 -21.433351 -52.574524 -81.056081 -98.799945 -122.051294 -152.333912 -171.574343 -169.509989 -163.472072 -167.384514 -183.139784 -196.949624 -207.174169 -219.108551 -233.839339 -243.390992 -235.304823 -226.529032 -222.474183 -220.561736 -217.224127 -216.325821 -217.704656 -219.957164 -210.828606 -202.076066 -192.239019 -183.400025 -174.216248 -148.137634 -124.096988 -106.979175 -85.090492 -61.819163 -33.592713 -0.496072 31.719775 57.340856 88.190799 129.223005 189.971062 239.265866 281.061443 326.587433 363.482147
267.418765 227.439261 175.896848 115.621296 59.750596 37.461715 25.720110 12.462778 -28.152191 -81.989450 -127.894156 -157.928365 -183.311391 -207.190878 -231.868150 -260.801612 -287.968220 -306.613715 -299.588589 -292.505570 -283.456704 -295.968043 -308.144007 -314.840857 -328.900882 -342.620625 -355.984025 -347.651970 -338.540395 -323.841592 -320.689175 -317.841629 -312.194700 -313.926118 -316.163639 -322.512168 -314.009057 -304.936410 -293.106920 -268.343724 -244.248506 -221.149098 -201.639251 -182.247167 -160.345209 -135.996771 -110.597419 -83.808999 -62.276818 -39.605671 -11.270623 21.637306 56.581449 100.313604 164.503869 222.225520
65.187792 29.671418 -5.765583 -48.782725 -96.961533 -129.160392 -139.959251 -171.571992 -204.727917 -245.262152 -267.807846 -286.994931 -309.422249 -330.061173 -350.074886 -375.625363 -397.880552 -419.848037 -415.400538 -403.247361 -389.638119 -397.296624 -401.866605 -404.996280 -416.365915 -429.605539 -442.795453 -439.087496 -424.768810 -408.602051 -402.497058 -396.644330 -389.555384 -389.732908 -396.045393 -404.492479 -399.366463 -386.957744 -372.197098 -351.391905 -329.892105 -309.131382 -290.215513 -269.047131 -246.609151 -223.676257 -198.779470 -172.916210 -153.841879 -130.272479 -104.715920 -81.656805 -64.201901 -41.456376 -4.869888 27.264912
-74.449547 -101.789203 -129.190322 -169.307186 -211.394485 -253.120014 -286.850991 -317.766103 -347.509355 -366.561887 -384.428388 -401.862044 -419.387070 -438.723093 -457.536893 -476.373293 -497.304305 -516.824392 -511.370152 -497.768637 -484.827391 -483.090096 -485.946956 -488.844606 -496.693259 -509.950244 -521.996365 -514.094219 -498.787436 -483.676518 -474.292016 -467.922940 -461.773245 -464.658097 -472.868662 -480.314675 -473.005242 -458.394278 -444.032361 -426.902626 -406.441509 -386.016203 -365.787854 -344.593445 -323.296723 -299.660757 -275.124812 -250.215744 -226.063778 -203.061010 -180.430068 -168.372218 -155.758019 -144.210749 -124.100337 -102.214303
-197.118513 -221.639092 -248.144852 -281.115296 -319.878805 -350.459687 -380.526927 -409.442105 -438.096886 -461.217271 -478.264135 -487.859596 -501.968841 -520.736725 -533.948454 -550.356978 -569.834093 -571.666846 -567.474344 -554.559629 -551.661740 -550.837898 -553.730908 -554.764797 -559.717490 -571.940686 -566.825187 -558.924478 -543.871885 -532.919733 -523.794240 -517.582373 -513.465439 -514.340612 -521.930136 -519.778011 -512.710192 -498.374216 -486.919386 -471.970439 -451.680282 -434.927062 -416.225814 -395.279337 -373.701962 -350.900889 -326.736213 -300.618385 -276.832047 -257.152519 -247.167278 -236.196750 -228.902437 -232.608985 -217.283331 -201.321243
