tests/Borden05m/sims/sim_1/output-maps/psiliqL0013N0018.asc
ncols         160
nrows         34
xllcorner     620200.000000
yllcorner     5168000.000000
cellsize      0.500000
NODATA_value  -9999.0
[rows 0 to 24 of 34, columns 56 to 111 of 160]
-9999.0 -9999.0 -9999.0 -9999.0 -9999.0 -9999.0 -9999.0 -9999.0 -9999.0 -9999.0 -9999.0 -9999.0 -9999.0 -9999.0 -9999.0 -9999.0 -9999.0 -9999.0 -9999.0 -9999.0 -9999.0 -9999.0 -9999.0 -9999.0 -9999.0 -9999.0 -9999.0 -9999.0 -9999.0 -9999.0 -9999.0 -9999.0 -9999.0 -9999.0 -9999.0 -9999.0 -9999.0 -9999.0 -9999.0 -9999.0 -9999.0 -9999.0 -9999.0 -9999.0 -9999.0 -9999.0 -9999.0 -9999.0 -9999.0 -9999.0 -9999.0 -9999.0 -9999.0 -9999.0 -9999.0 -9999.0
-9999.0 -9999.0 -9999.0 825.318157 819.908156 814.814549 810.089374 801.365850 792.366266 784.211602 780.497659 779.850280 779.325536 779.191524 784.680958 792.915024 800.775554 808.143119 810.750676 813.373258 815.779787 816.419733 815.327462 812.219006 809.031113 805.722532 804.282601 796.268587 784.951333 776.196241 773.477341 777.912607 782.376847 784.848964 790.656272 801.332990 812.068686 820.522164 832.296280 837.956159 842.868137 845.578950 841.176934 837.298353 833.151549 827.746674 816.513406 -9999.0 -9999.0 -9999.0 -9999.0 -9999.0 -9999.0 -9999.0 -9999.0 -9999.0
788.752520 808.938204 812.350365 801.171113 796.371826 793.249279 791.389535 786.725803 778.296193 773.288992 768.164121 766.591403 766.935604 767.278467 771.647264 782.035300 790.223468 795.193085 797.902934 800.696415 800.587339 800.228520 800.056890 797.304520 793.989764 790.694588 788.978218 789.469243 781.939629 776.507848 773.126059 771.479918 773.984684 776.339343 779.677596 789.104179 797.192211 805.273107 819.468379 831.733081 836.759480 833.967559 828.622823 824.425227 817.315792 806.873943 796.231172 786.296841 778.980169 773.090879 767.015782 772.639600 778.877323 788.419543 797.823520 809.555427
773.668498 794.014934 797.078461 786.543621 778.470458 773.668520 774.100343 776.914364 773.679635 769.361409 764.716490 773.542407 775.149602 776.589731 780.137423 783.454427 786.769219 789.715796 795.279757 804.479112 807.398369 808.119430 808.423590 806.728113 803.719973 802.004563 799.336666 794.229475 793.212878 793.561532 793.346969 798.315731 799.784614 801.456650 794.714588 798.182060 804.290576 811.030220 817.448754 823.971480 827.723030 824.126360 822.804686 813.878511 799.492188 787.815278 778.834990 776.478008 772.801231 764.453463 751.259638 757.868476 772.928755 777.075587 780.011075 791.338813
769.140689 781.221593 784.522518 779.809212 781.390297 783.233829 784.998768 783.732454 781.087573 779.497096 792.392647 802.194907 804.380485 807.649388 811.576974 811.202674 799.525534 797.319032 805.810295 816.372502 822.399582 822.853247 822.979894 821.086766 820.183530 819.874866 817.763001 818.613499 821.143578 821.217460 825.904388 831.563573 834.420785 826.568098 817.356579 818.063007 825.676023 833.684280 840.872066 851.347026 862.396234 860.938738 854.736768 845.023422 830.684549 806.497005 786.260611 774.730964 766.935146 759.086177 758.427387 754.754477 765.384429 766.461370 767.753756 775.477896
775.748923 797.357828 805.670100 800.143980 795.415986 792.976043 794.068708 794.633909 798.092088 811.019171 825.258210 840.227686 843.471141 846.460197 846.403061 837.633835 827.647236 824.089592 839.052530 855.475060 864.044170 865.005595 864.593982 871.672555 870.381358 868.687654 863.884473 866.080766 867.785834 877.894564 885.630304 892.730333 890.879986 878.790894 867.211139 865.449018 867.962938 870.998700 877.015692 887.054298 896.476823 890.903263 883.019248 872.089392 842.515922 814.435139 796.692876 795.998103 795.308306 789.591585 785.590087 781.503183 773.720207 772.467357 770.932160 769.705957
826.452563 847.004523 863.347208 858.107050 850.462649 840.690236 841.696739 845.231511 853.880564 867.522328 885.685960 910.330937 913.876649 917.651797 920.881468 910.091328 898.089806 887.175527 905.101213 915.618956 924.680750 926.885444 937.101180 947.170290 942.729251 934.792124 924.720023 931.218224 943.350066 958.638457 965.550495 969.426056 968.236029 957.096882 951.127742 949.236145 950.951869 948.143055 952.309934 962.330340 976.989307 975.879443 965.882253 942.217716 904.115841 868.516520 846.843369 851.159978 843.244205 835.444622 830.621141 815.625544 803.691539 802.690359 792.220161 785.212883
876.100156 895.232671 914.198167 910.113778 900.014236 887.303906 887.368985 895.495787 906.215267 925.949628 949.656025 974.332214 983.549948 987.543000 997.570964 991.565859 982.566821 974.574868 985.645868 998.030009 1010.135313 1020.307236 1033.244577 1044.892041 1035.576014 1023.823049 1018.916699 1024.236860 1043.914098 1061.149239 1066.390433 1067.782314 1070.595915 1061.671768 1054.770582 1047.652875 1041.965378 1035.744360 1031.333979 1048.932102 1064.768267 1062.424482 1038.324365 1013.198550 975.890446 936.972309 903.519486 901.481413 897.638216 895.362553 879.176176 862.496854 844.736967 833.972952 823.814680 808.669024
968.764339 990.455282 1012.241845 1013.967304 998.061346 990.907762 996.163384 1009.218804 1016.903074 1032.794455 1057.681371 1090.010481 1112.016392 1131.650650 1136.434604 1128.516695 1119.961426 1107.185239 1105.267783 1122.225045 1134.330240 1145.140425 1155.950653 1168.279685 1173.854509 1171.421417 1171.047466 1174.301825 1181.301265 1190.169290 1196.889074 1202.285512 1207.758819 1204.191733 1193.927236 1187.154203 1178.057942 1170.891402 1167.971799 1169.951542 1180.262395 1177.658234 1151.293899 1123.624011 1090.915709 1053.128943 1020.907946 1002.355593 1006.931383 994.582991 975.105463 954.201952 918.038193 900.270793 883.235072 853.047879
1072.930517 1101.267619 1116.572573 1130.349257 1126.212175 1128.320845 1132.735482 1140.423484 1145.952848 1154.340978 1187.090679 1222.147966 1251.673566 1276.150267 1285.208736 1275.545079 1266.273674 1254.774222 1245.650025 1249.746020 1263.936462 1280.366194 1295.786635 1306.788093 1310.349020 1309.165097 1309.501055 1311.532275 1314.622040 1317.663553 1323.690594 1330.788979 1340.579507 1351.300252 1345.366140 1328.526566 1315.924781 1301.850718 1296.364128 1294.358759 1292.059847 1291.382054 1283.297131 1251.732699 1222.868032 1190.381160 1160.921975 1139.190392 1124.393481 1103.938440 1080.442196 1033.770306 992.683796 957.000618 929.006030 900.113615
1189.443735 1220.299039 1244.469304 1259.890700 1263.205040 1266.072096 1269.296344 1275.777256 1281.584733 1289.243648 1311.989057 1349.228189 1386.218309 1416.067130 1420.570772 1411.823776 1401.901642 1391.846260 1381.471276 1378.221161 1385.850179 1396.653174 1412.290487 1423.373299 1432.743753 1431.973342 1432.387978 1432.863979 1435.000698 1436.909892 1438.877899 1445.750449 1457.265718 1468.129008 1468.927418 1455.503316 1438.337377 1420.674310 1412.958608 1406.402588 1400.093755 1399.660109 1399.751581 1391.890949 1366.490705 1330.419684 1287.716853 1260.811934 1238.960219 1224.907537 1207.945358 1181.599678 1130.160099 1099.273745 1064.039932 1029.766103
1303.678621 1333.221897 1363.669282 1382.549091 1390.667035 1391.726929 1394.468576 1402.610886 1409.543838 1420.111778 1436.938973 1460.719929 1489.562284 1516.404373 1534.008309 1530.772609 1518.663603 1501.795271 1496.698436 1495.407421 1497.228386 1503.457833 1511.031667 1525.960551 1541.270197 1546.398914 1547.079612 1544.718901 1546.891862 1548.142597 1548.295816 1549.333662 1553.902966 1560.664158 1562.925493 1557.890787 1541.799661 1521.497619 1506.735783 1497.607211 1492.615575 1490.169014 1490.959092 1489.986407 1477.690402 1448.560090 1410.440509 1376.754699 1354.150929 1337.253114 1322.648719 1310.623639 1290.593765 1272.024851 1241.064480 1197.739758
1406.586230 1432.249926 1458.879367 1483.107885 1499.821533 1504.425836 1510.865513 1516.555417 1526.924192 1542.711958 1561.761102 1575.856857 1592.814048 1614.186746 1626.987347 1632.904529 1633.364738 1632.132708 1633.748522 1633.653364 1607.559298 1610.162722 1612.698539 1619.444223 1627.058795 1629.419860 1629.585413 1628.533452 1629.691544 1630.159064 1630.419439 1630.153486 1630.101148 1632.082121 1632.682204 1631.391200 1624.555184 1627.092010 1609.878765 1597.690033 1589.948243 1582.068599 1573.374104 1563.614948 1553.618726 1537.009378 1509.834937 1476.387511 1448.792682 1436.412546 1428.732451 1421.037911 1414.570901 1398.567230 1376.602353 1345.747549
1511.042618 1527.094647 1547.219473 1574.348744 1593.316118 1604.081903 1613.138265 1618.532958 1631.037047 1644.360544 1639.566227 1643.359976 1647.251652 1651.134910 1652.617655 1653.052356 1652.763799 1650.258159 1649.438403 1647.222680 1642.051546 1632.128795 1633.103091 1634.152097 1636.254365 1639.445202 1637.947549 1638.780721 1641.709227 1640.342213 1635.074189 1631.659921 1630.149053 1630.564237 1637.507556 1640.437187 1641.022931 1639.841559 1638.960469 1638.367073 1636.870660 1635.101361 1632.620057 1629.324143 1632.255680 1621.962928 1598.628143 1565.727676 1530.885022 1516.519181 1511.530350 1510.985619 1507.140327 1500.067493 1480.929821 1453.518588
1622.215795 1635.325070 1632.868032 1642.634227 1647.853717 1650.588128 1653.555135 1656.269253 1657.559163 1654.396075 1650.869376 1646.037369 1644.583523 1643.131206 1640.572681 1640.897293 1638.508337 1634.014903 1629.735404 1622.467381 1611.004087 1599.009003 1595.860231 1599.865354 1604.353274 1608.234993 1611.113499 1614.244744 1615.330128 1610.791228 1603.296080 1596.554700 1594.792937 1601.203718 1606.679824 1611.820454 1612.500048 1611.259446 1609.495443 1610.027195 1608.072023 1609.138604 1616.100456 1629.620496 1635.660537 1638.172714 1637.601053 1630.246393 1617.047912 1609.096753 1589.361659 1592.181014 1586.923718 1574.829179 1553.437991 1529.398516
1648.070035 1647.601708 1645.893437 1640.083627 1634.441575 1633.810242 1637.670518 1644.359718 1645.452573 1638.228910 1629.544607 1622.039128 1614.730856 1612.058882 1610.236332 1608.957699 1608.296593 1602.188087 1593.452381 1577.228805 1564.743778 1552.745531 1546.037953 1543.539129 1547.929045 1557.126835 1566.196334 1570.563404 1563.971063 1556.803600 1546.594009 1538.927493 1539.360530 1541.719096 1550.639364 1564.373191 1568.997028 1569.975544 1565.437398 1561.655400 1556.663781 1555.662817 1563.452831 1579.136596 1594.876001 1608.829140 1617.265960 1624.773832 1631.269549 1634.911806 1635.966267 1636.389622 1635.137882 1633.382076 1617.880800 1596.897067
1633.380433 1626.551084 1621.183879 1614.310340 1608.373472 1606.370459 1608.411327 1610.852956 1607.061432 1599.780503 1588.873298 1577.114284 1566.550202 1559.529797 1559.394944 1560.586011 1560.528362 1553.229660 1538.004948 1519.895907 1505.685065 1491.156757 1486.517788 1481.136888 1476.478106 1486.457298 1502.930468 1508.838542 1495.573594 1486.027105 1472.324055 1465.368982 1462.565414 1464.245513 1473.649158 1493.327619 1512.615427 1514.267936 1505.371501 1496.826098 1493.125731 1491.753353 1499.338056 1518.307725 1538.915818 1554.384186 1564.737729 1571.259587 1580.125247 1590.185971 1602.788895 1616.177101 1627.347182 1635.834098 1639.755633 1637.819778
1605.019959 1596.621577 1588.356729 1580.761603 1574.041755 1569.233768 1566.485759 1563.173852 1556.559279 1548.799170 1533.519968 1520.491127 1507.685724 1493.288331 1489.037095 1485.223539 1485.964322 1474.037776 1463.023632 1443.872983 1427.807255 1411.677801 1400.682487 1394.399606 1388.134587 1391.679945 1406.530813 1415.242914 1402.253660 1392.268679 1379.938053 1374.203478 1371.197400 1373.298185 1383.653046 1405.664583 1424.447742 1431.857034 1424.750568 1420.709879 1419.554426 1419.623391 1426.512456 1441.843931 1462.440919 1484.150758 1501.121742 1511.541515 1520.336816 1531.380491 1546.607500 1561.298431 1575.926161 1593.455829 1613.714798 1628.480398
1567.226316 1556.639438 1546.391349 1535.342887 1524.228893 1517.444217 1517.969527 1510.734951 1503.708650 1487.438809 1440.507230 1421.719236 1403.122685 1387.185655 1380.711518 1372.578126 1363.512647 1353.687935 1346.458523 1339.374717 1323.475719 1305.677664 1289.080606 1283.459746 1278.903097 1269.185032 1273.069228 1275.876402 1280.577877 1273.550965 1268.308048 1266.662187 1264.426115 1267.715486 1281.422313 1293.228694 1303.418651 1310.115477 1309.772234 1317.571079 1324.752387 1330.107224 1346.938616 1361.226539 1379.623815 1401.858820 1426.400638 1440.820599 1451.543241 1463.622583 1480.276242 1497.942560 1516.388684 1539.611653 1564.866327 1581.465070
1520.667895 1506.319778 1491.697547 1478.460801 1465.250985 1451.400546 1451.502173 1447.331286 1438.088839 1395.688787 1353.127997 1320.233390 1301.579106 1278.939156 1266.832424 1254.728005 1227.156393 1212.178983 1206.028496 1211.129076 1201.521475 1184.315848 1170.057156 1161.460724 1154.239205 1140.762379 1131.053020 1135.714041 1148.302645 1144.457195 1143.416392 1147.990790 1146.591928 1143.226825 1148.376501 1162.794424 1171.082848 1181.479984 1193.998484 1199.279574 1209.894524 1237.544623 1252.311824 1268.604329 1289.676047 1312.527164 1336.310091 1357.881964 1372.461455 1388.359330 1408.330992 1426.394581 1448.329955 1472.863647 1502.461190 1523.245393
1452.096584 1432.191435 1415.138174 1397.223442 1375.629374 1354.627936 1351.475507 1343.786218 1323.313589 1276.480748 1236.269807 1206.617757 1184.008736 1159.527665 1139.895213 1111.584881 1079.598013 1058.982367 1064.765130 1071.909662 1073.196218 1059.155243 1046.266394 1035.825116 1021.421204 1005.749511 993.706197 1002.359967 1010.915754 1020.176590 1024.110915 1027.988621 1030.971707 1030.040004 1025.419162 1030.158246 1039.326352 1050.174320 1061.510829 1076.547153 1107.299076 1132.912167 1151.431635 1173.333674 1194.791922 1218.886484 1244.136714 1267.210046 1284.880193 1304.800134 1325.402639 1347.718604 1369.855900 1395.948517 1426.335247 1452.020461
1374.957328 1348.139808 1325.243370 1298.049695 1258.519561 1243.144078 1233.753302 1219.619654 1182.155794 1139.603027 1105.755018 1082.515197 1057.555406 1033.555174 1006.031587 974.219555 947.871609 927.498680 934.211330 941.185988 952.887722 941.046432 930.003473 923.767992 908.664304 894.615977 879.936129 887.331628 897.437538 915.157116 919.557112 923.180445 930.450506 929.595027 927.234550 918.043830 926.960214 937.931370 952.346701 980.950789 1006.546195 1031.682974 1054.370782 1076.154066 1100.151312 1125.637300 1151.449937 1178.676379 1199.794863 1220.505311 1243.626860 1265.475991 1285.208896 1307.514931 1335.131827 1359.419472
1269.000679 1246.501265 1222.025800 1185.021135 1141.327418 1106.510594 1089.158353 1049.762743 1015.600778 981.619722 965.126454 946.628737 923.276815 901.224158 879.434078 853.255474 830.489547 806.083280 809.689961 822.151655 836.092526 830.754307 827.320066 824.042422 812.771778 798.982571 785.351036 788.951355 804.277526 821.243395 828.978576 835.800405 843.485591 843.742168 836.929385 828.734484 834.731766 849.413661 866.230870 887.828074 911.215104 934.419863 956.486668 980.863019 1006.223265 1032.064385 1059.814476 1088.694234 1111.084150 1136.732902 1163.119118 1184.209255 1198.034834 1213.452556 1238.869914 1258.941232
1164.311906 1139.637519 1112.628551 1071.678483 1029.377018 986.471947 946.290500 912.564100 880.966682 863.655642 844.324366 826.116814 807.590724 786.031417 766.301102 747.295943 724.922093 707.550881 712.772442 725.648761 736.373390 739.310166 736.205467 733.030285 725.530275 711.722500 702.170141 710.738217 726.078190 740.872316 751.241562 758.072712 764.186762 761.628532 753.567061 748.284209 756.702596 772.645961 788.003617 805.882107 828.207299 850.581774 873.605563 897.823742 922.199457 949.099315 976.927039 1005.313481 1033.546432 1059.300458 1083.240853 1096.536124 1110.000490 1119.035024 1136.778574 1156.884310
1041.236289 1015.167572 986.498337 952.985461 914.041510 883.049848 850.056425 818.339023 787.299478 761.166604 743.841270 733.713104 718.542976 699.046409 685.315331 668.146682 650.989071 651.118586 653.689742 664.443274 665.290133 665.794601 662.731199 661.547124 657.284360 646.969409 654.289054 661.691937 676.232973 686.995072 696.505246 702.787256 706.966160 707.085343 701.037397 704.946401 712.285138 727.158871 739.464101 755.058699 776.560848 794.919817 815.474968 838.868523 863.200323 888.884404 916.295016 945.892148 972.844946 994.754525 1006.511448 1019.542550 1027.422589 1023.857130 1040.015981 1057.141678
