tests/Borden05m/sims/sim_1/output-maps/psiliqL0009N0012.asc
ncols         160
nrows         34
xllcorner     620200.000000
yllcorner     5168000.000000
cellsize      0.500000
NODATA_value  -9999.0
[rows 0 to 25 of 34, columns 0 to 56 of 160]
-9999.0 -9999.0 -9999.0 -9999.0 -9999.0 -9999.0 -9999.0 -9999.0 -9999.0 -9999.0 -9999.0 -9999.0 -9999.0 -9999.0 -9999.0 -9999.0 -9999.0 -9999.0 -9999.0 -9999.0 -9999.0 -9999.0 -9999.0 -9999.0 -9999.0 -9999.0 -9999.0 -9999.0 -9999.0 -9999.0 -9999.0 -9999.0 -9999.0 -9999.0 -9999.0 -9999.0 -9999.0 -9999.0 -9999.0 -9999.0 -9999.0 -9999.0 -9999.0 -9999.0 -9999.0 -9999.0 -9999.0 -9999.0 -9999.0 -9999.0 -9999.0 -9999.0 -9999.0 -9999.0 -9999.0 -9999.0 -9999.0
-9999.0 -9999.0 -9999.0 -9999.0 -9999.0 -9999.0 -9999.0 -9999.0 -9999.0 -9999.0 -9999.0 -9999.0 -9999.0 -9999.0 -9999.0 -9999.0 -9999.0 -9999.0 -9999.0 -9999.0 -9999.0 -9999.0 -9999.0 -9999.0 -9999.0 -9999.0 -9999.0 -9999.0 -9999.0 -9999.0 -9999.0 -9999.0 -9999.0 -9999.0 -9999.0 -9999.0 -9999.0 -9999.0 -9999.0 -9999.0 -9999.0 -9999.0 -9999.0 -9999.0 -9999.0 -9999.0 -9999.0 -9999.0 -9999.0 -9999.0 -9999.0 -9999.0 -9999.0 -9999.0 -9999.0 -9999.0 -9999.0
-9999.0 -9999.0 -9999.0 -9999.0 -9999.0 -9999.0 -9999.0 -9999.0 -9999.0 -9999.0 -9999.0 -9999.0 -9999.0 -9999.0 -9999.0 -9999.0 -9999.0 -9999.0 -9999.0 -9999.0 -9999.0 -9999.0 -9999.0 -9999.0 -9999.0 -9999.0 -9999.0 -9999.0 -9999.0 -9999.0 -9999.0 -9999.0 -9999.0 -9999.0 -9999.0 -9999.0 -9999.0 -9999.0 -9999.0 -9999.0 -9999.0 -9999.0 -9999.0 -9999.0 -9999.0 -9999.0 -9999.0 -115.341942 -132.870949 -149.547842 -151.325767 -128.520218 -105.223492 -81.668745 -61.317922 -42.799645 -23.915414
-9999.0 -9999.0 -9999.0 -9999.0 -9999.0 -9999.0 -9999.0 -9999.0 -9999.0 -9999.0 -9999.0 -9999.0 -9999.0 -9999.0 -9999.0 -9999.0 -9999.0 -9999.0 -9999.0 -9999.0 -9999.0 -9999.0 -9999.0 -9999.0 -9999.0 -9999.0 -9999.0 -9999.0 -9999.0 -9999.0 -9999.0 -9999.0 -9999.0 -9999.0 -9999.0 -9999.0 -9999.0 -9999.0 -9999.0 -9999.0 -67.734694 -61.920869 -60.407383 -71.278507 -82.644445 -94.562684 -114.523864 -132.483948 -148.093341 -151.023429 -148.484630 -142.815790 -119.811548 -95.621255 -76.277851 -59.056888 -40.020745
-9999.0 -9999.0 -9999.0 -9999.0 -9999.0 -9999.0 -9999.0 -9999.0 -9999.0 -9999.0 -9999.0 -9999.0 -9999.0 -9999.0 -9999.0 -9999.0 -9999.0 -9999.0 -9999.0 -9999.0 -9999.0 -9999.0 -9999.0 -9999.0 -9999.0 -9999.0 -9999.0 -9999.0 -9999.0 -9999.0 -9999.0 -9999.0 -9999.0 -9999.0 -159.614210 -142.042636 -123.991374 -105.780589 -89.306009 -82.788516 -76.977301 -71.239344 -75.338812 -80.240197 -91.652813 -110.351533 -130.153531 -144.523038 -147.255497 -149.960598 -145.624121 -132.529051 -115.907492 -99.578783 -78.778423 -55.777581 -46.686429
-9999.0 -9999.0 -9999.0 -9999.0 -9999.0 -9999.0 -9999.0 -9999.0 -9999.0 -9999.0 -9999.0 -9999.0 -9999.0 -9999.0 -9999.0 -9999.0 -9999.0 -9999.0 -9999.0 -9999.0 -9999.0 -9999.0 -9999.0 -9999.0 -9999.0 -9999.0 -9999.0 -9999.0 -154.832023 -160.850740 -166.156869 -167.818937 -169.273548 -170.601940 -163.706024 -151.395749 -133.131690 -111.734448 -99.068958 -92.049549 -85.645693 -84.955697 -89.889914 -92.195579 -92.145826 -103.937602 -115.676408 -126.685906 -137.268541 -138.561939 -129.046569 -115.258628 -99.346970 -84.697320 -69.499134 -56.772505 -41.033755
-9999.0 -9999.0 -9999.0 -9999.0 -9999.0 -9999.0 -9999.0 -9999.0 -9999.0 -9999.0 -9999.0 -9999.0 -9999.0 -9999.0 -9999.0 -9999.0 -9999.0 -9999.0 -9999.0 -9999.0 -9999.0 -9999.0 -9999.0 -183.954402 -177.949832 -171.555539 -164.322337 -163.577950 -168.000015 -173.846332 -177.206002 -178.954678 -180.696107 -176.434453 -168.116963 -154.457485 -138.587067 -117.052632 -108.565648 -102.076114 -89.777580 -87.658296 -82.993098 -79.164976 -81.133692 -83.914345 -95.942182 -104.815481 -99.149686 -93.020650 -86.647565 -79.201271 -66.227720 -50.601493 -32.758402 -11.895284 10.131025
-9999.0 -9999.0 -9999.0 -9999.0 -9999.0 -9999.0 -9999.0 -9999.0 -9999.0 -9999.0 -9999.0 -9999.0 -9999.0 -9999.0 -9999.0 -9999.0 -9999.0 -9999.0 -9999.0 -208.653393 -207.920146 -207.042770 -202.595304 -201.723993 -199.600251 -192.708852 -184.697004 -182.750683 -184.493487 -186.319926 -184.952708 -182.446871 -178.395484 -166.985014 -153.179592 -139.058857 -124.952935 -104.170479 -89.501853 -75.674636 -59.654887 -61.106965 -65.676778 -67.973580 -67.654581 -67.105871 -61.162372 -57.412419 -51.501473 -45.555062 -38.412252 -29.310986 -18.254831 0.586281 21.496298 42.781124 63.175024
-9999.0 -9999.0 -9999.0 -9999.0 -9999.0 -9999.0 -9999.0 -9999.0 -9999.0 -9999.0 -9999.0 -9999.0 -9999.0 -9999.0 -9999.0 -9999.0 -236.820014 -235.079775 -233.127974 -227.925096 -225.579714 -221.799892 -215.108302 -214.213401 -210.517223 -203.569635 -198.724864 -190.335992 -182.636146 -175.432080 -169.624120 -167.048364 -159.395905 -149.744425 -137.821857 -122.148039 -100.247985 -77.544611 -61.253650 -44.564789 -27.741486 -27.408651 -28.627602 -27.549224 -26.647952 -18.517289 0.123895 6.946199 10.900155 30.363246 45.535091 51.779252 60.015270 79.350075 104.739471 133.090898 167.686636
-9999.0 -9999.0 -9999.0 -9999.0 -9999.0 -9999.0 -9999.0 -9999.0 -9999.0 -9999.0 -9999.0 -9999.0 -9999.0 -281.115933 -277.059735 -268.020330 -259.953820 -257.896065 -254.167095 -248.660097 -236.696859 -233.374064 -227.334685 -219.879577 -208.622731 -200.266305 -191.159764 -179.469355 -171.067872 -163.908167 -156.807538 -150.235132 -136.451538 -120.933927 -104.855015 -84.428334 -62.616958 -41.310920 -19.895181 -4.295826 10.358599 14.187056 12.781348 14.875731 23.667688 42.928375 63.590207 77.549173 100.916096 126.795668 143.372635 158.447750 169.603921 184.533504 208.269168 248.563911 290.601841
-9999.0 -9999.0 -9999.0 -9999.0 -9999.0 -9999.0 -9999.0 -9999.0 -9999.0 -9999.0 -315.973695 -313.477103 -317.045853 -316.443331 -311.947775 -300.263856 -287.277671 -280.594574 -269.599639 -249.283307 -232.330846 -229.016760 -214.344764 -204.522451 -198.067092 -187.449351 -174.325932 -161.280602 -143.893033 -131.094525 -118.323030 -97.474973 -80.767133 -64.119484 -46.142982 -25.898650 -4.235819 26.843003 55.585162 71.268316 96.992905 112.407706 110.399767 111.495958 120.929081 140.984020 168.280726 199.054739 226.291243 257.273994 281.662379 299.905920 314.025747 329.785038 348.375820 383.077852 423.747952
-9999.0 -9999.0 -9999.0 -9999.0 -9999.0 -9999.0 -9999.0 -9999.0 -339.873387 -333.117985 -326.930969 -330.102969 -334.980395 -338.392251 -325.508109 -309.890018 -294.167968 -277.378841 -261.664218 -244.009073 -228.530182 -212.022522 -192.737587 -180.925101 -169.049098 -153.798633 -139.978043 -121.893055 -100.278537 -85.317966 -65.921936 -43.435342 -23.244530 -4.366591 15.115035 34.883737 65.458240 102.533184 138.485272 167.226204 199.371528 227.833217 230.646393 235.843185 243.110802 273.678686 309.787235 345.946232 377.020998 407.382683 438.006389 456.190519 468.193577 482.364688 499.232539 516.708787 541.967035
-9999.0 -9999.0 -9999.0 -9999.0 -9999.0 -9999.0 -365.528177 -341.490917 -326.857402 -334.782141 -343.134068 -346.597486 -350.228750 -330.897174 -309.718021 -293.077369 -276.628078 -259.521047 -243.388333 -228.793436 -193.619283 -177.051745 -161.931105 -142.031742 -127.753119 -113.429375 -95.731772 -71.627233 -47.795713 -14.173255 17.007552 45.702965 74.539793 96.760242 118.066084 140.757875 177.249354 220.376787 263.250664 299.600813 332.810096 366.171105 377.816166 385.370929 394.679079 414.779105 446.389458 478.004236 512.923680 545.295133 570.534252 582.345753 593.161365 605.486289 620.127378 634.180455 648.071347
-9999.0 -9999.0 -9999.0 -9999.0 -398.765840 -377.907075 -357.441680 -326.693429 -304.224074 -309.722579 -302.561707 -302.113041 -303.496428 -301.031395 -295.351534 -277.625000 -260.047767 -242.274070 -223.562995 -185.662653 -143.373658 -126.260408 -99.011522 -66.163997 -51.492770 -35.893297 -19.491077 4.933438 36.274353 74.343428 125.180036 169.900813 201.435807 229.241191 254.602617 282.912651 321.514597 363.525668 403.039327 439.655557 471.845108 498.230071 513.611648 522.199255 533.689798 548.695730 568.694468 595.438651 625.413947 657.259583 682.139414 696.447668 705.014410 716.622657 729.306176 743.943072 756.553358
-9999.0 -9999.0 -9999.0 -445.697994 -407.292713 -370.478804 -343.039464 -312.157163 -280.662253 -274.433352 -266.143142 -259.737463 -253.140360 -244.155349 -234.118913 -217.730103 -203.515543 -190.538469 -169.193477 -131.808442 -94.678014 -59.521248 -25.175661 7.195492 32.021603 49.665294 68.681704 95.784206 139.825722 185.107330 243.153857 304.376803 347.844150 376.395256 399.092056 426.675292 452.489375 488.002888 522.546089 555.073956 586.667669 612.376554 633.233033 641.502837 649.560327 658.191494 674.925817 696.341995 718.350609 747.191831 774.303797 795.196752 807.960271 818.209187 834.148093 849.737285 861.313901
-9999.0 -9999.0 -492.048513 -455.173023 -419.938382 -368.238726 -315.701812 -282.257512 -241.443552 -216.179262 -208.773835 -189.801899 -172.366672 -163.450497 -146.020876 -128.142091 -114.142750 -110.076484 -96.366491 -59.812597 -3.971203 48.775590 84.960382 145.479683 182.852161 209.684756 226.996278 256.318214 295.111855 344.629328 397.278106 448.566795 489.227222 521.144633 536.856417 554.821462 577.699185 600.011065 631.041912 659.928968 689.581435 715.964272 739.491626 748.417280 752.654337 767.105624 788.213022 811.520033 833.802883 854.935698 866.450455 872.006975 875.079318 877.695564 880.746355 882.908393 883.919073
-9999.0 -9999.0 -517.048813 -473.092544 -430.300029 -360.052706 -284.186079 -246.401821 -203.013827 -158.083858 -138.294879 -113.595551 -94.005893 -75.421252 -50.304201 -25.304459 -18.750091 -14.363108 -13.401276 44.112997 108.253846 177.738349 252.551250 321.772683 366.822933 380.619479 390.834761 411.147182 437.981469 483.091656 533.342722 584.258466 627.194910 656.628000 671.658730 687.519078 707.010389 725.452664 742.397713 777.121142 800.019594 823.025333 847.373195 866.230460 873.381033 875.319404 870.890940 875.859312 879.525028 881.527006 882.120123 878.968557 878.528075 879.680108 880.952220 876.066037 869.457635
-9999.0 -603.469232 -551.642899 -497.389268 -426.637664 -356.876327 -270.333135 -188.873093 -137.524693 -93.787928 -63.683428 -42.413111 12.419135 64.168956 94.232976 125.965608 126.576248 127.470332 121.358200 169.738999 232.075304 326.812884 444.491030 503.101715 540.103823 544.974528 542.334581 556.625729 582.035197 622.116365 681.736531 724.248845 769.376895 802.825815 814.874806 819.663506 835.062854 853.070206 856.952797 868.990512 874.720973 879.690230 879.394887 880.913159 881.805407 882.124457 879.059171 872.912561 865.347115 859.857234 855.492168 850.273025 852.562089 856.190720 857.034369 849.228974 840.436343
-9999.0 -637.492042 -577.160789 -504.457878 -432.106458 -354.427021 -241.494289 -110.837072 -62.309224 -25.414878 7.154184 55.525456 147.426008 221.101607 264.015312 309.549838 308.909944 299.883914 298.409654 336.937597 394.112667 471.216454 598.685934 681.222298 698.311112 710.387688 719.177029 742.712616 773.258359 801.695827 826.702482 840.264143 854.577787 861.515391 864.115061 865.558300 867.742956 868.314146 866.054141 863.169620 859.451749 860.384352 864.716717 864.983664 862.598158 859.644648 853.573089 844.829620 838.140154 832.492003 828.249115 823.338179 821.483449 822.624453 818.151248 810.313538 799.527962
-9999.0 -661.686168 -592.474937 -526.666047 -452.649499 -326.897598 -203.785571 -73.305448 18.335887 60.984427 113.101746 206.774817 311.567037 401.679331 451.588450 478.316366 489.731832 482.917856 499.530813 547.975697 612.964207 690.316566 756.865895 820.452138 832.406306 835.967895 828.016476 834.682480 840.985518 843.174777 845.215871 847.266371 853.309341 856.686303 856.228392 853.856309 849.218790 840.878475 835.600830 832.553620 829.504368 829.656225 832.723161 833.656292 831.151326 826.779623 820.703279 812.344169 804.287695 796.242731 790.961244 785.607568 782.894230 778.564224 773.392861 765.922307 751.531196
-9999.0 -748.795601 -664.892219 -602.906422 -467.935536 -301.604767 -176.829531 -21.459620 119.049084 176.622648 277.164941 389.719017 485.608150 551.156868 592.980482 635.238789 664.704777 692.342475 729.361194 732.230563 780.624270 818.309019 833.118529 841.281143 839.465211 841.058549 833.688179 815.168255 805.380808 799.492314 802.072959 810.084428 816.513757 822.641730 820.863618 820.816076 819.072937 813.080619 808.072973 799.696754 792.261685 787.118874 786.074302 791.431964 786.275037 782.173491 775.095843 765.498500 755.531232 746.655849 738.144055 730.569935 727.146370 721.314164 719.271356 710.905509 684.082030
-9999.0 -829.487201 -750.669751 -646.362064 -494.356301 -330.112242 -182.846752 -8.807512 191.537537 311.259827 421.383398 482.937289 552.226818 615.957642 677.865703 716.787350 738.468719 748.809156 752.675732 764.509348 745.215106 743.975894 762.136576 786.886154 797.905502 800.954933 790.471226 778.017347 770.601062 769.724831 769.189012 769.152023 768.731475 767.286993 764.045017 764.881579 767.722073 760.335373 751.495644 743.562228 736.737519 729.113324 724.034056 721.221270 719.317885 718.472821 710.481070 699.371157 688.192834 679.414079 671.012882 664.520768 661.747385 656.743221 649.585359 638.020159 610.923585
-9999.0 -916.464506 -801.501739 -698.501012 -562.584330 -421.612258 -283.206322 -111.316020 54.690479 277.141567 448.955764 512.241198 545.833586 593.880035 653.322748 711.733535 718.803746 692.837096 669.605255 660.714354 668.038365 680.150728 695.732963 716.630432 732.780797 740.676737 739.640229 730.245748 716.418171 708.221416 703.296846 695.159276 689.040916 688.215194 687.178034 692.316262 694.210926 684.310642 671.472152 656.511982 643.625299 634.080690 631.145385 631.997701 631.557491 628.155535 620.871078 610.385075 597.804243 586.232204 577.929867 571.868853 565.169323 555.923177 545.514779 533.711380 508.248040
-9999.0 -9999.0 -871.027356 -758.712138 -642.793890 -513.671232 -384.146407 -226.377238 -66.826331 130.001158 259.094646 366.413942 426.688605 471.515403 524.768480 574.195650 587.614964 600.843792 581.614609 585.092887 592.281426 599.603820 610.977362 623.996799 636.937552 645.408314 650.496883 647.770007 638.302515 622.712760 604.853148 591.138469 582.741265 576.450323 583.796554 593.694462 591.105830 584.065157 572.367700 557.329133 544.795225 532.056721 528.562305 529.150159 529.035848 525.962626 520.771998 508.003106 494.840733 481.977377 475.441623 468.693279 462.159213 450.633789 438.332841 424.327101 400.055409
-9999.0 -9999.0 -952.928656 -841.601825 -720.448798 -593.807064 -484.886120 -377.529171 -215.758865 -90.019618 17.212723 113.005255 193.030898 257.451623 305.417203 361.796892 392.734885 406.215786 417.112715 437.251760 460.661792 484.046373 500.188012 513.323748 526.381149 537.603448 545.584405 535.109524 524.464478 508.459452 488.266206 466.277885 454.188832 448.656648 451.538116 457.369580 451.847433 441.548342 426.915917 410.435370 397.139588 385.017654 380.798468 378.297566 377.258987 374.243569 370.372881 360.318652 347.290754 337.493297 328.237703 320.426221 315.427013 305.884016 293.547450 283.517101 261.570723
-9999.0 -9999.0 -9999.0 -913.660529 -815.553668 -729.796420 -632.172970 -555.354025 -458.180387 -341.937121 -236.087656 -132.836327 -65.220834 -9.081619 45.173496 96.696205 134.120911 157.456915 179.286839 234.730647 270.603019 312.342654 347.375046 364.424334 379.659346 394.617708 398.168348 389.145276 379.390088 363.380342 339.357085 314.395030 300.266737 300.629040 299.284764 299.855026 292.919802 286.367465 273.009869 257.854709 242.654878 232.276120 227.129619 221.708028 217.734429 213.237026 208.672372 201.423884 191.758369 181.568669 173.716489 169.675789 164.966385 158.882152 150.414217 140.914652 127.789667
