tests/Borden05m/sims/sim_1/output-maps/psiliqL0012N0004.asc
ncols         160
nrows         34
xllcorner     620200.000000
yllcorner     5168000.000000
cellsize      0.500000
NODATA_value  -9999.0
[rows 0 to 24 of 34, columns 57 to 113 of 160]
-9999.0 -9999.0 -9999.0 -9999.0 -9999.0 -9999.0 -9999.0 -9999.0 -9999.0 -9999.0 -9999.0 -9999.0 -9999.0 -9999.0 -9999.0 -9999.0 -9999.0 -9999.0 -9999.0 -9999.0 -9999.0 -9999.0 -9999.0 -9999.0 -9999.0 -9999.0 -9999.0 -9999.0 -9999.0 -9999.0 -9999.0 -9999.0 -9999.0 -9999.0 -9999.0 -9999.0 -9999.0 -9999.0 -9999.0 -9999.0 -9999.0 -9999.0 -9999.0 -9999.0 -9999.0 -9999.0 -9999.0 -9999.0 -9999.0 -9999.0 -9999.0 -9999.0 -9999.0 -9999.0 -9999.0 -9999.0 -9999.0
-9999.0 -9999.0 616.272383 610.809187 605.605379 600.744027 591.854803 582.704805 574.335985 570.459604 569.655927 568.968302 568.700452 574.085739 582.198906 589.955868 597.247209 599.762803 602.308923 604.671831 605.270650 604.124157 600.981447 597.772715 594.443833 592.998240 584.902051 573.534122 564.714499 561.982708 566.456062 570.975597 573.518085 579.463808 590.267390 601.123714 609.680371 621.512611 627.200946 632.238137 635.150997 630.942123 627.261466 623.343466 618.204791 607.097320 -9999.0 -9999.0 -9999.0 -9999.0 -9999.0 -9999.0 -9999.0 -9999.0 -9999.0 -9999.0 -9999.0
599.500446 602.844338 591.749164 586.918537 583.697944 581.689632 576.828794 568.211605 563.002196 557.687375 555.986006 556.157785 556.356781 560.623849 570.847344 578.941891 583.825775 586.429379 589.114672 589.024808 588.619463 588.389971 585.603001 582.268481 578.953674 577.219769 577.599916 570.031155 564.603784 561.242926 559.710883 562.245109 564.651610 567.994970 577.559950 585.786118 593.999932 608.247404 620.580565 625.721277 623.115866 617.959731 614.007394 607.200027 597.036345 586.544142 576.585408 569.399507 563.742764 557.993582 563.870934 570.290059 580.127009 589.814345 601.696470 613.770459 -9999.0
584.129901 587.083309 576.428925 568.219513 563.443284 563.708419 566.276258 562.814715 558.286742 553.631811 562.125678 563.559194 564.862960 568.273897 571.559068 574.602373 577.462507 582.920648 592.019604 594.839311 595.490900 595.744990 594.024135 591.005923 589.287335 586.598038 581.454452 580.435045 580.778245 580.612263 585.657191 587.176733 588.849098 582.135138 585.673519 591.920905 598.788199 605.416369 612.114874 616.137076 612.746053 611.565739 602.924869 588.825105 577.336232 568.535239 566.247174 562.806648 554.741056 541.921657 548.749734 564.072612 568.478798 571.702581 583.255906 595.397585 605.645373
570.430160 573.585804 568.732548 570.117878 571.808331 573.426660 571.972223 569.121522 567.447335 580.236452 589.878672 591.884324 595.015941 598.773082 598.154623 586.268186 583.900032 592.338451 602.828914 608.796339 609.166611 609.256472 607.459820 606.562017 606.237024 604.069280 604.956891 607.464955 607.637056 612.400591 618.077912 620.970538 613.042888 603.935392 604.711571 612.451954 620.552934 627.869052 638.520136 649.772171 648.431628 642.434037 633.022504 618.955543 595.043236 574.980548 563.774260 556.363656 548.854823 548.321456 545.146423 555.939481 557.329734 558.840858 566.853589 576.877831 586.826459
585.575961 593.829468 588.154889 583.198246 580.499866 581.414503 581.822161 585.184764 598.087563 612.184182 627.168042 630.300075 633.220550 633.117363 624.106378 613.979760 610.167149 625.073912 641.304384 649.800115 650.787873 650.634007 658.017115 656.646806 654.810563 649.874756 652.098779 653.986335 664.326019 671.995759 679.048692 677.268443 665.375931 654.066961 652.410150 654.939014 657.896752 663.978783 674.159717 683.769999 678.372532 670.605458 659.788583 630.317820 602.228477 584.629267 584.268186 583.889739 578.529070 574.870956 571.055336 563.490825 562.577834 561.368546 560.374210 571.904274 583.836884
634.246891 650.629550 645.347428 637.617046 627.625251 628.488360 631.965687 640.476936 654.027328 672.359987 697.146479 701.057184 705.157439 708.728872 697.982826 685.856244 674.587852 691.933936 702.247037 711.427063 714.064100 724.786693 735.106899 730.745343 722.790277 712.892986 719.393762 731.836890 747.034578 753.856829 757.728464 756.988099 746.279986 740.592382 738.671234 740.277695 737.417556 741.456305 751.723244 766.473183 765.492807 755.099991 731.236796 693.121716 657.153902 634.981780 639.034532 631.295115 623.841538 619.216393 604.543758 592.864554 592.139265 581.920752 575.059903 585.852398 591.259926
682.591451 701.787205 698.268306 688.370114 676.006161 676.194379 684.368778 694.849235 714.610456 738.939249 764.603072 775.520635 781.064507 791.479344 785.497180 776.281537 767.742881 777.606219 790.102066 802.687040 813.730132 827.234414 839.453660 831.056554 819.954272 815.591091 820.807103 840.038125 856.946567 862.413017 864.295864 867.722133 859.534776 852.593258 845.284637 839.298359 833.050753 828.711554 845.928337 861.381411 858.666239 833.809048 807.609002 769.403793 729.469855 694.710241 691.213226 687.252842 684.745335 668.554317 652.132033 634.224148 623.395466 613.360954 598.022696 602.221953 606.411099
781.086881 803.778398 807.392679 792.881313 786.868055 792.431281 805.351398 812.952981 829.003300 855.665070 890.685950 916.141004 938.497589 944.324083 936.382720 927.229571 913.454087 910.249220 926.829546 940.017077 952.353741 964.548445 977.784487 984.428517 982.753330 982.724929 986.037659 992.669710 1001.363936 1008.519196 1014.654437 1020.872993 1018.324560 1008.240412 1001.058128 991.800491 984.526489 981.914932 983.514458 993.064982 989.842172 962.583084 932.154171 896.290671 855.463018 820.676975 799.452048 801.685940 787.893132 768.072865 746.656985 710.100468 691.640902 674.059021 643.150344 637.313982 644.337734
900.360457 918.750827 935.742165 934.415561 937.936116 942.736576 950.387902 956.229855 965.574598 1000.503378 1039.314497 1073.451549 1101.027884 1111.593177 1102.327298 1092.502443 1080.055347 1069.916129 1073.731650 1089.302910 1107.481691 1124.363232 1136.216475 1140.386103 1139.525240 1140.062913 1142.136579 1145.351897 1148.485480 1154.633910 1162.057188 1172.271626 1183.432385 1178.006765 1161.506858 1149.326893 1135.865689 1131.135758 1129.739874 1127.201207 1125.617869 1116.009485 1081.294663 1047.316103 1009.615223 975.139057 949.153794 930.061539 907.160919 882.406179 835.360159 793.460707 756.768333 727.030934 696.292594 691.116672 711.905075
1036.586578 1065.799634 1085.680854 1092.388245 1096.733307 1100.411255 1106.814017 1112.591118 1120.867883 1144.523302 1183.774611 1223.290807 1254.772938 1260.289329 1251.986686 1241.842260 1231.084910 1220.541440 1217.786918 1226.441747 1238.433054 1254.806967 1266.472441 1276.309272 1275.846753 1276.341593 1276.763668 1278.902049 1280.846710 1282.794471 1289.548806 1300.855270 1311.541404 1312.809147 1300.621972 1284.832868 1268.790756 1262.522859 1257.131600 1251.437188 1250.420337 1248.659724 1238.285516 1209.135101 1169.187089 1122.540123 1090.945179 1064.353687 1046.654948 1027.349469 1000.394770 948.377554 916.065110 878.140474 839.780106 815.177713 850.667959
1169.178716 1203.023462 1225.311500 1235.890455 1237.945756 1240.657891 1247.953855 1254.217308 1264.479026 1281.156227 1304.615067 1333.414835 1360.072687 1377.561312 1374.467834 1362.737773 1346.260258 1341.693531 1341.197530 1344.048049 1351.221182 1359.201528 1374.074043 1389.099964 1394.172635 1394.826288 1392.508661 1394.641141 1395.880313 1396.106627 1397.036347 1401.312460 1407.919152 1410.463428 1406.531049 1392.272149 1374.160361 1361.246709 1353.686850 1349.634330 1347.061080 1346.670138 1343.683592 1329.526310 1299.132685 1260.066010 1224.290813 1198.789484 1179.500128 1163.285720 1149.956587 1129.396035 1108.604334 1074.112114 1025.720131 984.833537 979.338636
1280.525739 1308.245997 1333.641640 1350.962050 1355.607412 1361.322808 1365.690441 1374.918913 1389.610721 1407.457236 1420.542425 1436.523001 1456.837546 1468.783043 1474.480092 1475.171424 1474.498435 1476.765368 1477.602678 1455.765133 1459.250249 1462.331115 1468.629254 1475.722840 1477.825846 1477.931370 1477.026772 1478.187046 1478.756000 1479.221041 1479.100696 1478.926674 1480.724736 1481.448111 1480.846481 1475.528266 1478.236272 1462.932711 1452.353182 1445.662382 1438.173638 1429.162232 1418.672263 1407.975851 1391.446292 1364.917150 1331.932432 1303.963327 1291.219671 1283.301926 1275.346415 1268.134449 1250.851535 1226.456053 1192.360079 1150.558446 1112.326410
1378.774336 1398.720771 1425.176578 1443.380167 1453.327804 1461.224075 1465.387030 1476.589856 1488.691219 1484.116854 1486.999181 1490.026835 1493.018538 1493.972314 1494.233253 1494.176859 1492.288977 1492.519005 1491.749155 1488.034419 1479.625887 1481.616577 1483.166220 1485.423724 1488.562635 1486.974723 1487.821419 1490.930383 1489.924700 1485.106550 1482.049005 1480.669136 1480.999875 1487.855024 1490.891841 1491.942674 1491.791601 1491.987019 1492.443918 1491.789523 1490.398419 1487.866674 1484.312117 1485.772899 1475.653144 1453.378517 1422.153242 1388.987569 1375.113416 1370.289867 1370.059802 1366.148272 1358.919458 1339.348535 1311.278031 1274.607158 1235.360603
1484.660381 1483.780180 1492.326084 1496.643339 1498.518208 1500.524198 1502.322146 1502.701118 1499.033890 1495.238644 1490.356961 1488.863153 1487.251599 1484.509241 1484.792153 1482.704553 1479.059793 1476.265340 1471.070691 1461.782871 1451.658934 1449.928812 1454.646258 1459.248929 1462.919994 1465.494205 1468.598950 1470.101479 1466.236129 1459.493119 1453.335900 1451.733580 1457.894969 1462.927801 1467.594030 1468.204505 1467.301439 1466.218077 1467.476220 1466.039078 1467.081266 1473.362574 1485.759091 1491.129561 1492.838608 1492.320371 1486.207966 1475.113594 1466.286967 1447.122516 1449.967007 1444.930936 1433.307469 1412.792757 1389.876827 1361.635138 1333.674165
1497.310343 1495.934761 1490.377903 1484.714970 1483.754282 1487.051249 1493.140330 1493.846367 1486.546415 1478.134766 1471.085385 1464.188210 1461.620822 1459.601964 1458.141261 1457.619862 1452.368121 1445.453912 1431.754621 1421.795827 1412.000961 1406.859563 1405.344091 1410.017559 1418.803948 1427.289287 1431.590491 1425.708174 1419.501998 1410.366185 1403.427862 1404.059033 1406.176227 1414.287334 1426.915437 1430.752790 1431.694827 1427.711537 1424.710297 1420.228967 1419.262766 1426.354182 1440.744426 1455.006560 1467.692164 1475.340781 1482.451344 1488.716969 1492.663212 1493.338036 1493.274566 1491.764823 1489.642714 1474.902711 1455.295092 1433.124346 1410.632097
1480.541546 1476.126966 1469.882718 1464.171966 1462.028787 1463.669751 1465.696118 1461.667491 1454.423437 1443.941073 1432.818100 1422.715486 1415.851895 1415.262955 1415.764674 1415.194198 1408.291694 1394.486281 1378.563127 1366.716377 1354.290989 1351.161051 1346.699828 1342.497331 1352.157402 1367.937029 1373.688625 1361.228695 1352.765624 1340.228516 1333.994633 1331.507424 1332.866487 1341.394365 1359.714818 1377.747616 1379.109534 1370.725022 1363.014958 1360.003732 1359.062322 1366.642210 1385.036406 1404.600531 1418.981155 1428.444402 1434.344714 1442.630690 1451.993803 1463.476952 1475.531023 1485.351439 1493.140943 1496.123999 1494.437114 1489.848447 1477.562183
1457.882558 1450.881006 1444.102407 1437.670527 1432.596510 1429.161374 1425.165255 1417.903918 1409.753527 1394.843998 1381.774628 1368.864680 1354.002907 1348.609540 1343.255792 1342.330184 1329.487759 1318.468752 1300.261993 1285.662289 1270.934925 1261.232791 1255.537850 1249.447319 1253.154401 1267.750112 1276.456373 1263.663473 1254.473361 1242.856855 1237.627483 1234.830164 1236.582432 1246.169215 1267.418156 1285.471983 1292.567372 1285.844774 1282.350277 1282.114591 1283.469330 1291.532751 1308.165680 1329.502277 1351.319758 1368.173001 1378.703028 1387.599075 1398.364192 1412.695305 1425.973289 1438.825757 1454.453625 1472.832189 1486.307322 1495.070119 1499.018727
1425.842837 1416.571726 1405.964709 1394.627878 1386.928813 1385.843518 1376.864282 1368.057894 1350.686871 1302.710295 1282.312690 1262.067898 1244.401087 1235.668865 1224.550951 1212.734201 1200.191327 1191.389043 1183.238293 1167.346682 1149.822480 1133.598082 1128.108441 1123.458323 1114.158553 1118.536486 1121.533952 1125.573861 1118.909095 1113.765534 1112.115400 1109.979889 1113.315295 1126.784193 1138.481182 1148.724001 1155.398251 1155.026553 1163.471710 1172.015282 1179.130977 1198.872323 1216.750543 1238.301856 1262.997984 1289.503258 1305.904485 1318.538364 1331.859056 1348.874793 1366.177600 1383.562572 1405.227281 1428.558869 1443.475449 1454.001617 1465.501202
1380.708785 1365.924266 1351.928880 1337.250076 1321.290039 1318.314189 1310.741075 1298.131349 1252.961690 1205.853211 1168.495697 1145.968375 1120.286768 1105.140436 1089.631138 1058.681186 1040.335372 1031.441087 1034.548682 1023.668648 1005.771535 991.025677 982.394689 975.290627 962.041188 952.984402 957.570949 969.830707 965.659872 964.287330 968.602603 967.095676 963.969731 969.781976 984.403222 992.922773 1003.366951 1015.788265 1021.754934 1033.240339 1062.965752 1081.698561 1102.817613 1128.685520 1155.943497 1184.183256 1210.344282 1229.390373 1248.818208 1271.418757 1291.405398 1314.558093 1339.415262 1368.474370 1388.447458 1403.278175 1415.219752
1304.652179 1285.369790 1264.833975 1240.383881 1215.175009 1207.216988 1194.423662 1169.388740 1117.244277 1070.260911 1033.806017 1006.363074 978.321595 956.202481 925.793268 891.116637 868.226847 871.663947 877.628461 877.551717 863.018641 849.907388 839.509236 825.569984 810.117221 798.515144 807.035613 815.611707 824.013853 827.607524 831.369711 833.994250 832.996875 828.768189 834.176306 843.225733 853.934878 865.045955 879.546968 910.421827 937.449984 958.329319 983.617257 1009.021005 1037.500823 1067.941272 1096.947731 1120.642741 1145.965619 1171.536841 1198.686689 1225.354765 1254.853270 1287.552909 1314.882590 1333.169598 1349.812911
1207.976226 1180.182760 1148.435213 1104.536740 1083.889536 1069.002392 1050.139094 1007.985906 959.929573 919.788506 891.219932 862.943686 836.629441 807.772654 774.878957 746.960058 725.654361 731.455253 737.841479 748.748728 736.729147 725.553888 719.349298 704.567291 690.693017 676.308369 683.866088 693.790585 710.953831 715.096127 718.527133 725.457461 724.408026 722.002227 713.192146 721.881401 732.368489 746.193476 774.017975 799.435841 824.735728 847.978132 871.013272 896.759348 924.640907 953.661318 984.870303 1010.576484 1036.142182 1064.692758 1092.914682 1119.471577 1147.850102 1180.726902 1210.073771 1235.901269 1262.010912
1083.967139 1053.230948 1011.111353 962.670948 924.222049 903.951938 862.179817 824.863653 786.841932 766.554624 745.547650 720.579279 697.519490 675.108412 648.276318 624.914852 600.360294 603.718606 615.910742 629.708141 624.015305 620.488671 617.362819 606.200503 592.593305 579.091394 582.745656 597.923635 614.747703 622.178253 628.784459 636.299353 636.395656 629.548713 621.159073 626.821860 640.900510 657.114151 678.292068 701.113190 723.791518 745.432270 769.606109 795.053143 821.310857 849.960834 880.282673 904.599779 932.861435 962.731333 988.551840 1007.855789 1029.222345 1060.924510 1087.706307 1117.968492 1148.206084
954.457191 923.298898 878.982740 833.888771 788.862816 747.709777 712.580243 679.546680 660.361408 639.883663 620.665348 601.460058 579.673549 559.663783 540.341777 517.915560 499.967501 505.120678 518.104896 529.244164 532.062946 529.102561 526.080821 518.610494 504.950483 495.022991 503.527921 518.908346 533.778196 543.974943 550.692135 556.748291 554.038865 545.819893 540.017569 548.074893 563.591484 578.532590 595.990956 617.686759 639.433207 661.738532 685.263214 709.006420 735.339009 762.757980 790.946908 819.202718 845.626128 871.072320 886.604729 902.979023 915.930792 938.041568 963.044982 990.676077 1021.780412
816.489996 786.105583 751.040118 710.867699 678.873985 645.405712 613.267624 581.814799 555.473111 537.595662 527.079374 511.725844 492.089465 478.263006 461.086777 443.444966 443.200845 446.050696 457.217798 458.480037 459.122180 456.174728 455.100398 450.791269 440.206697 447.203641 454.734138 469.400921 480.216411 489.658818 495.898098 500.008219 499.870917 493.444116 496.921175 504.063130 518.675170 530.629123 545.866823 566.882655 584.664494 604.586605 627.237408 650.767024 675.628819 702.182200 730.943226 757.239366 778.884997 790.842316 804.471285 813.648100 811.881891 830.063922 849.633691 869.651849 898.327192
