tests/Borden05m/sims/sim_1/output-maps/psiliqL0016N0018.asc
ncols         160
nrows         34
xllcorner     620200.000000
yllcorner     5168000.000000
cellsize      0.500000
NODATA_value  -9999.0
[rows 0 to 24 of 34, columns 55 to 109 of 160]
-9999.0 -9999.0 -9999.0 -9999.0 -9999.0 -9999.0 -9999.0 -9999.0 -9999.0 -9999.0 -9999.0 -9999.0 -9999.0 -9999.0 -9999.0 -9999.0 -9999.0 -9999.0 -9999.0 -9999.0 -9999.0 -9999.0 -9999.0 -9999.0 -9999.0 -9999.0 -9999.0 -9999.0 -9999.0 -9999.0 -9999.0 -9999.0 -9999.0 -9999.0 -9999.0 -9999.0 -9999.0 -9999.0 -9999.0 -9999.0 -9999.0 -9999.0 -9999.0 -9999.0 -9999.0 -9999.0 -9999.0 -9999.0 -9999.0 -9999.0 -9999.0 -9999.0 -9999.0 -9999.0 -9999.0
-9999.0 -9999.0 -9999.0 -9999.0 1431.090632 1425.777056 1420.888947 1416.386108 1407.912675 1399.054038 1391.182410 1387.571679 1387.010938 1386.613572 1386.556449 1392.079823 1400.434842 1408.381974 1415.759911 1418.429703 1421.085978 1423.457734 1424.094703 1423.082265 1420.034522 1416.897761 1413.647227 1412.212691 1404.409002 1393.183277 1384.562648 1381.861607 1386.226077 1390.632534 1393.055471 1398.646193 1409.151789 1419.716313 1428.022084 1439.774799 1445.530983 1450.319609 1452.777539 1448.252588 1444.309812 1440.026165 1434.316796 1423.038177 -9999.0 -9999.0 -9999.0 -9999.0 -9999.0 -9999.0 -9999.0
1375.657237 1394.778485 1415.287041 1418.707363 1407.345014 1402.556572 1399.569861 1397.931732 1393.564821 1385.331854 1380.511357 1375.511244 1373.890257 1374.351112 1374.776380 1379.162062 1389.803732 1398.051429 1403.056483 1405.859781 1408.760071 1408.399632 1408.026982 1407.924153 1405.217403 1401.939730 1398.693681 1397.005627 1397.770473 1390.264387 1384.724277 1381.226930 1379.263404 1381.793653 1384.184246 1387.747746 1397.019663 1404.935624 1412.825853 1427.049870 1439.309483 1444.264008 1441.302391 1435.910629 1431.591565 1424.226796 1413.563636 1402.973991 1393.472470 1386.275050 1380.257758 1373.805252 1379.291780 1385.581869 1394.758313
1360.422797 1380.008337 1400.547918 1403.633100 1393.266229 1385.415542 1380.316331 1380.963311 1384.143759 1381.123445 1376.898927 1371.725171 1381.016681 1382.670055 1384.124385 1387.771577 1390.934572 1394.831728 1397.794566 1403.413231 1412.643743 1415.608986 1416.330959 1416.639748 1414.941740 1411.941381 1410.230083 1407.584295 1402.474138 1401.295499 1401.483355 1401.007789 1405.748833 1407.201602 1409.126772 1402.626682 1406.239029 1412.270656 1418.916715 1424.942686 1431.160330 1434.394612 1430.635987 1429.533051 1420.532114 1406.124812 1394.693831 1385.900291 1383.979900 1380.242288 1371.711727 1358.082698 1364.753043 1379.721981 1383.693033
1366.523222 1376.128204 1388.054189 1391.355215 1386.752785 1388.680635 1390.724576 1392.579505 1391.395587 1388.755275 1386.713595 1399.208541 1408.824598 1410.988711 1414.233363 1418.346023 1418.446521 1407.143578 1405.130124 1413.442768 1423.860305 1429.728615 1430.155314 1430.201769 1427.934747 1427.025322 1426.797935 1424.804337 1425.354916 1427.644634 1427.102330 1431.342979 1436.920063 1439.857043 1432.592710 1423.541103 1424.554955 1432.280954 1440.425917 1447.529228 1457.703429 1468.438292 1467.148661 1461.131679 1451.515562 1437.441636 1413.472034 1393.660537 1382.018330 1373.889151 1365.856585 1365.703040 1361.444936 1372.464947 1373.367464
1363.480880 1381.909235 1403.358410 1411.308401 1405.902039 1401.656227 1399.752289 1400.983461 1401.417330 1404.374405 1416.479209 1430.265665 1444.466454 1447.529907 1450.375669 1450.194353 1441.911575 1432.059146 1428.880106 1443.549754 1460.086348 1468.492185 1469.100335 1467.763780 1473.924608 1473.006195 1471.886232 1467.463467 1469.308828 1469.997451 1478.929301 1486.565979 1493.801266 1492.031828 1479.870686 1468.123091 1466.743916 1469.894474 1473.737949 1479.940013 1489.753815 1498.835394 1493.221977 1485.826226 1475.629544 1446.894095 1419.956339 1402.834552 1402.127064 1401.468661 1395.717928 1391.834323 1388.143550 1380.870497 1379.612889
1408.854688 1430.278880 1450.919902 1466.663594 1461.450787 1454.135888 1444.966336 1446.043033 1449.060085 1457.204830 1470.158143 1487.064234 1510.997089 1513.596252 1516.651583 1518.951788 1507.882201 1495.842821 1485.349323 1504.330645 1514.970796 1523.525222 1524.531885 1533.477859 1543.172704 1538.966808 1531.481242 1520.988217 1527.234482 1537.934088 1553.035576 1560.052004 1564.157674 1562.137853 1550.372761 1544.260213 1543.197400 1546.013271 1544.065674 1549.103906 1558.567088 1573.002557 1571.653566 1563.149518 1540.407518 1502.643120 1468.531331 1448.885027 1454.653882 1446.993314 1439.211926 1435.179423 1420.805267 1409.670447 1409.172250
1458.093896 1475.742062 1494.257143 1512.763844 1507.782942 1497.967303 1484.687536 1484.262682 1491.646055 1502.322091 1521.515121 1543.764354 1567.173337 1573.845950 1575.379476 1585.401459 1579.365952 1570.185637 1562.512229 1576.066876 1587.903160 1599.481033 1608.507439 1621.270790 1632.586483 1621.641089 1608.730270 1602.583165 1608.239291 1629.141544 1647.409539 1652.416530 1653.174375 1655.147405 1644.751073 1638.371265 1632.170467 1627.904042 1622.474241 1618.508569 1637.642585 1654.529199 1652.505873 1628.975708 1604.500740 1566.837264 1528.350753 1497.071153 1498.429090 1494.528657 1493.339195 1478.379905 1462.686701 1447.198713 1438.113537
1533.069991 1561.126985 1581.524419 1603.354037 1602.758493 1585.487555 1576.579513 1581.439011 1594.743576 1602.575426 1619.017135 1641.967754 1672.629188 1692.251556 1709.940091 1714.620018 1707.029152 1698.650196 1686.217841 1686.062061 1704.663964 1716.678310 1726.903843 1737.144647 1749.560911 1753.986712 1750.576886 1749.893602 1753.378160 1761.785307 1771.843618 1778.491641 1783.293837 1788.071741 1782.267068 1771.400548 1765.738549 1757.471312 1751.618089 1749.071903 1753.044214 1765.491754 1762.549931 1733.705358 1706.161466 1672.914183 1635.064772 1603.568351 1587.854094 1595.656569 1585.560324 1566.798273 1548.315320 1514.523221 1499.621043
1624.805444 1660.257292 1687.659348 1701.921857 1714.457100 1708.141689 1709.547378 1714.114097 1722.116539 1727.206662 1735.209411 1767.891433 1802.646576 1831.125981 1855.225951 1863.900162 1853.702474 1844.427063 1832.575521 1823.617557 1829.388724 1844.356533 1861.131960 1876.494405 1887.628136 1890.901974 1889.665885 1889.964976 1892.249634 1895.260200 1898.538904 1905.112370 1912.361075 1921.968366 1932.088342 1925.059854 1908.073671 1896.178180 1883.223008 1878.759238 1877.419982 1876.370728 1875.890068 1865.574113 1831.361646 1801.671493 1769.139576 1741.847876 1721.923879 1710.301100 1690.182221 1666.411210 1618.657204 1578.499019 1543.865114
1731.697647 1773.240252 1803.923491 1826.729409 1841.809911 1843.934866 1846.800999 1849.684856 1855.658210 1860.802033 1867.454799 1891.302369 1929.757106 1967.415420 1997.610100 2001.007074 1991.106498 1980.918004 1971.156330 1959.899528 1956.532465 1965.396221 1977.357271 1994.171147 2005.161266 2013.817051 2012.482747 2012.876047 2013.680135 2015.813501 2017.733213 2020.090320 2027.649166 2040.071066 2051.819226 2052.178764 2037.353080 2019.929413 2002.628116 1996.161616 1990.535708 1984.430238 1984.463535 1984.738932 1974.711787 1947.617088 1910.342228 1867.928820 1843.162514 1822.612625 1809.028228 1791.836860 1761.950509 1706.731741 1673.683021
1857.655637 1887.107155 1916.942394 1947.738511 1965.995537 1972.995023 1973.390301 1975.301468 1983.237230 1989.282597 1998.847585 2015.786739 2041.737292 2072.250144 2099.743888 2116.749197 2112.397091 2098.910593 2080.789203 2074.586895 2072.918474 2075.192507 2082.257874 2091.163707 2107.249443 2123.654513 2129.116090 2129.876642 2127.372028 2129.654079 2130.988812 2131.140492 2132.643528 2138.188658 2145.708894 2148.189224 2142.372360 2124.861975 2103.727245 2089.828556 2081.343647 2076.655755 2074.880744 2076.502640 2076.282789 2063.112169 2032.166687 1992.326479 1959.322137 1938.254270 1922.032769 1907.172140 1894.689627 1871.239160 1851.777842
1974.038234 1988.952654 2015.586269 2043.103190 2067.279765 2083.773337 2087.517924 2093.163113 2098.613812 2108.325466 2124.145243 2144.563149 2160.052825 2178.465385 2201.071886 2214.640935 2220.350835 2220.274871 2218.335378 2219.831194 2219.819099 2184.596294 2188.089819 2191.535904 2200.840682 2210.421843 2213.654396 2213.948554 2212.498187 2213.836816 2214.382519 2214.557264 2214.267593 2214.811796 2217.557315 2218.455724 2216.818504 2208.434008 2214.822648 2196.943434 2184.452863 2176.549209 2168.469117 2159.715162 2149.821277 2139.593093 2121.834959 2093.609990 2059.805349 2033.543049 2022.057238 2014.476066 2006.265527 1999.643908 1983.072129
2080.539331 2092.505509 2109.344242 2130.456836 2159.710788 2180.070070 2191.139648 2200.269226 2205.458068 2218.353870 2232.621385 2225.222882 2230.248462 2235.340113 2240.329524 2242.084329 2242.536722 2242.150433 2239.603630 2238.732692 2236.410566 2231.599776 2221.477173 2222.544438 2223.762496 2225.969619 2229.296590 2227.881506 2228.764190 2231.690742 2230.222590 2224.757899 2221.179627 2219.662069 2220.231879 2227.297861 2230.355167 2231.010761 2229.286677 2228.425280 2227.762312 2225.791423 2223.359837 2219.908675 2215.387160 2221.112079 2210.216272 2185.606949 2150.742186 2114.106269 2101.259908 2097.762663 2097.089514 2093.552469 2086.607846
2196.714602 2209.489751 2223.211958 2216.092446 2229.259096 2236.203798 2239.666358 2242.906111 2245.596676 2247.315494 2244.200265 2240.843084 2236.024034 2234.517967 2232.996897 2230.336506 2230.596518 2228.196638 2223.689162 2219.377542 2211.871258 2200.310159 2188.423813 2185.069537 2189.056865 2193.761860 2197.920356 2201.152817 2204.405167 2205.203616 2200.422643 2192.684434 2185.743236 2184.026616 2190.587507 2196.172935 2201.707308 2202.487697 2201.262249 2199.388027 2199.804881 2197.585990 2198.463592 2205.422811 2219.182204 2224.350898 2227.664621 2226.981547 2217.225276 2199.682141 2196.487597 2176.605666 2180.075566 2174.819249 2162.767567
2236.221714 2238.230609 2237.618360 2236.200593 2230.348779 2224.635300 2223.938473 2227.758600 2234.428156 2235.391243 2228.102326 2219.371366 2211.899004 2204.488591 2201.751268 2200.049556 2198.821149 2198.252378 2192.176482 2183.168168 2166.644453 2154.292751 2142.405985 2135.754086 2132.812528 2136.875519 2146.513367 2156.299749 2160.797407 2153.507160 2146.003206 2135.385165 2127.628602 2128.103013 2130.197750 2139.350757 2153.963865 2159.429251 2160.483997 2155.604159 2151.301884 2146.041446 2144.631234 2152.124646 2167.725542 2183.802208 2198.250676 2206.911332 2214.464724 2221.083155 2223.426076 2224.898368 2225.545266 2223.994663 2223.350964
2230.573600 2223.939685 2217.177251 2211.885192 2205.084258 2199.191801 2197.080218 2198.903899 2201.017195 2196.912934 2189.612948 2178.717619 2167.025670 2156.543404 2149.172461 2149.072527 2150.288314 2150.405273 2142.886375 2127.421488 2109.143385 2094.947790 2080.408813 2075.770530 2070.109221 2064.587806 2074.512268 2091.726982 2097.952769 2083.955040 2074.056843 2059.979726 2053.139998 2050.100069 2051.654950 2061.074354 2081.615769 2102.281489 2104.237715 2095.048014 2086.164893 2082.462658 2080.855286 2087.877823 2106.456827 2127.393438 2143.244174 2153.780504 2160.098252 2168.760409 2178.758707 2191.906597 2205.709065 2217.166935 2224.708632
2204.385139 2196.218948 2188.044107 2179.909933 2172.330368 2165.470410 2160.515061 2157.674938 2153.897383 2147.057240 2139.088555 2122.052173 2108.894860 2095.813764 2081.004839 2076.532118 2072.167356 2072.707150 2060.641255 2050.182545 2031.540617 2015.468071 1999.233033 1987.449834 1981.134820 1974.633511 1976.790311 1991.231607 1999.823568 1987.657819 1977.722005 1965.807667 1960.408840 1957.393921 1959.715776 1970.265779 1991.876769 2010.777341 2018.685727 2011.794432 2008.744033 2008.233896 2008.229620 2015.270982 2029.759581 2050.000286 2072.204475 2089.980911 2100.532269 2109.087036 2119.935013 2135.274611 2150.001718 2164.637122 2182.357626
2169.050266 2159.210835 2148.674251 2138.387693 2127.179509 2115.759118 2108.661119 2109.329993 2101.989260 2094.868076 2076.559167 2027.198005 2007.451260 1988.418101 1972.061436 1965.178785 1956.641424 1945.531041 1935.737356 1928.962239 1923.968904 1908.314169 1890.314525 1873.242542 1867.654911 1863.244988 1851.551595 1853.265513 1855.457032 1862.995011 1856.186418 1851.940691 1851.223941 1849.044892 1851.983716 1865.649437 1876.660401 1885.916059 1892.891973 1894.121057 1902.943669 1910.766554 1917.728824 1935.016145 1948.842457 1966.883963 1989.097225 2014.392971 2029.510945 2040.328082 2052.364061 2069.028216 2086.610444 2105.098633 2128.323405
2127.752527 2112.288861 2097.604816 2082.761150 2069.302902 2055.814844 2041.088174 2041.207608 2037.081502 2027.077921 1981.041315 1938.423938 1904.802088 1886.123717 1862.897174 1850.113474 1836.649983 1806.130333 1790.322949 1785.384891 1792.730968 1784.485516 1767.638753 1753.894041 1745.041650 1737.256348 1722.701263 1710.694942 1715.666575 1729.689189 1727.025571 1727.099702 1732.555872 1731.477493 1727.413579 1730.760396 1744.769991 1752.552335 1763.365931 1777.408939 1782.842194 1795.198572 1824.686220 1839.319799 1855.694173 1876.541688 1899.284491 1923.223971 1945.585618 1960.544661 1976.763550 1996.853836 2015.016185 2036.926516 2061.308193
2071.569174 2042.494962 2021.963540 2004.433321 1985.765383 1962.419056 1941.245235 1937.897673 1930.149145 1907.046615 1858.315266 1818.832359 1790.438164 1767.801638 1743.500665 1722.663056 1691.930301 1659.161306 1638.136264 1646.275085 1654.284907 1658.066048 1644.670163 1632.350642 1622.182942 1606.934655 1591.038191 1577.909854 1587.123705 1595.641634 1607.335555 1612.026677 1615.966017 1619.778503 1618.841525 1612.797199 1615.162937 1624.172806 1634.901862 1646.536866 1663.349737 1695.437082 1720.982735 1739.633463 1761.446113 1782.545656 1806.321172 1831.400554 1854.847696 1872.829057 1892.865653 1913.529977 1936.026403 1957.917144 1983.677644
1991.132722 1962.827608 1935.773257 1912.392116 1883.589233 1841.954725 1826.470921 1816.877044 1800.511911 1760.280454 1717.748141 1687.043446 1666.337750 1641.829348 1618.636444 1590.807557 1558.557550 1533.485742 1513.062166 1520.591769 1528.263504 1541.995830 1530.935899 1521.022684 1515.687679 1500.609663 1486.834057 1471.736637 1478.821990 1489.400157 1508.558648 1513.379357 1517.188597 1525.096122 1524.396823 1521.594984 1510.401503 1518.883003 1529.924859 1544.504958 1573.781955 1598.624279 1623.092254 1645.589748 1666.860867 1690.382187 1715.210130 1740.508345 1767.789420 1788.837577 1809.484970 1832.633594 1854.295866 1873.203534 1894.536577
1880.182692 1854.672727 1832.638901 1807.988916 1769.296632 1725.403845 1688.942042 1669.142429 1626.458421 1592.143209 1561.744610 1549.321663 1532.583425 1510.309363 1489.193544 1468.161026 1443.206587 1421.546605 1396.970896 1400.940256 1414.127531 1428.759075 1425.091497 1422.794158 1420.016019 1409.304203 1395.646807 1382.035097 1385.651675 1401.406265 1418.624938 1426.987861 1434.105081 1441.901496 1442.146798 1434.772127 1426.249795 1432.068717 1447.060013 1463.821717 1484.459080 1507.173312 1529.789567 1551.457611 1575.366800 1600.029058 1625.098703 1652.094540 1680.479196 1702.674029 1727.947928 1754.049008 1774.318911 1787.260105 1801.183644
1771.550688 1749.672181 1725.322190 1698.189382 1657.096595 1615.674158 1573.520226 1531.702286 1498.296759 1467.624188 1453.172018 1435.049659 1418.281036 1400.940244 1379.817441 1361.041302 1343.199761 1321.142046 1305.631208 1311.278335 1324.167164 1334.104866 1337.974975 1335.103915 1332.147126 1325.147509 1311.325268 1303.175469 1312.106698 1327.389604 1341.895617 1352.606962 1359.515588 1365.457105 1362.889147 1354.680084 1350.160474 1358.675981 1374.654505 1389.676245 1406.871004 1428.846441 1450.706816 1473.429101 1497.249577 1521.039961 1547.282309 1574.358895 1602.054431 1629.917507 1654.778094 1677.428418 1689.723701 1702.380621 1709.294209
1642.989896 1627.462241 1601.644999 1573.296679 1541.206108 1504.134567 1475.161406 1442.877382 1411.787467 1381.418901 1355.482523 1339.541911 1330.491872 1315.982311 1297.186303 1284.138748 1267.402859 1252.069647 1253.675803 1255.781427 1265.695469 1265.718263 1266.261852 1263.318408 1262.259982 1258.523463 1249.304005 1257.800398 1264.955727 1279.178780 1289.746981 1299.336714 1305.538270 1309.630278 1310.117278 1304.678105 1309.238631 1316.389002 1331.088626 1343.237971 1358.422223 1379.637183 1397.739499 1417.988116 1441.182298 1465.247138 1490.508778 1517.480013 1546.628154 1572.921483 1593.726171 1604.227874 1616.363003 1622.755579 1617.453958
