tests/Borden05m/sims/sim_1/output-maps/psiliqL0020N0002.asc
ncols         160
nrows         34
xllcorner     620200.000000
yllcorner     5168000.000000
cellsize      0.500000
NODATA_value  -9999.0
[rows 0 to 24 of 34, columns 0 to 54 of 160]
-9999.0 -9999.0 -9999.0 -9999.0 -9999.0 -9999.0 -9999.0 -9999.0 -9999.0 -9999.0 -9999.0 -9999.0 -9999.0 -9999.0 -9999.0 -9999.0 -9999.0 -9999.0 -9999.0 -9999.0 -9999.0 -9999.0 -9999.0 -9999.0 -9999.0 -9999.0 -9999.0 -9999.0 -9999.0 -9999.0 -9999.0 -9999.0 -9999.0 -9999.0 -9999.0 -9999.0 -9999.0 -9999.0 -9999.0 -9999.0 -9999.0 -9999.0 -9999.0 -9999.0 -9999.0 -9999.0 -9999.0 -9999.0 -9999.0 -9999.0 -9999.0 -9999.0 -9999.0 -9999.0 -9999.0
-9999.0 -9999.0 -9999.0 -9999.0 -9999.0 -9999.0 -9999.0 -9999.0 -9999.0 -9999.0 -9999.0 -9999.0 -9999.0 -9999.0 -9999.0 -9999.0 -9999.0 -9999.0 -9999.0 -9999.0 -9999.0 -9999.0 -9999.0 -9999.0 -9999.0 -9999.0 -9999.0 -9999.0 -9999.0 -9999.0 -9999.0 -9999.0 -9999.0 -9999.0 -9999.0 -9999.0 -9999.0 -9999.0 -9999.0 -9999.0 -9999.0 -9999.0 -9999.0 -9999.0 -9999.0 -9999.0 -9999.0 -9999.0 -9999.0 -9999.0 -9999.0 -9999.0 -9999.0 -9999.0 -9999.0
-9999.0 -9999.0 -9999.0 -9999.0 -9999.0 -9999.0 -9999.0 -9999.0 -9999.0 -9999.0 -9999.0 -9999.0 -9999.0 -9999.0 -9999.0 -9999.0 -9999.0 -9999.0 -9999.0 -9999.0 -9999.0 -9999.0 -9999.0 -9999.0 -9999.0 -9999.0 -9999.0 -9999.0 -9999.0 -9999.0 -9999.0 -9999.0 -9999.0 -9999.0 -9999.0 -9999.0 -9999.0 -9999.0 -9999.0 -9999.0 -9999.0 -9999.0 -9999.0 -9999.0 -9999.0 -9999.0 -9999.0 2088.366059 2071.256557 2056.999848 2053.561944 2075.434260 2098.817450 2122.789486 2143.497368
-9999.0 -9999.0 -9999.0 -9999.0 -9999.0 -9999.0 -9999.0 -9999.0 -9999.0 -9999.0 -9999.0 -9999.0 -9999.0 -9999.0 -9999.0 -9999.0 -9999.0 -9999.0 -9999.0 -9999.0 -9999.0 -9999.0 -9999.0 -9999.0 -9999.0 -9999.0 -9999.0 -9999.0 -9999.0 -9999.0 -9999.0 -9999.0 -9999.0 -9999.0 -9999.0 -9999.0 -9999.0 -9999.0 -9999.0 -9999.0 2136.920104 2142.910405 2143.451047 2133.492342 2122.411897 2109.569230 2089.391638 2072.035157 2058.326482 2056.341899 2059.090615 2063.027861 2084.714047 2109.964458 2129.939705
-9999.0 -9999.0 -9999.0 -9999.0 -9999.0 -9999.0 -9999.0 -9999.0 -9999.0 -9999.0 -9999.0 -9999.0 -9999.0 -9999.0 -9999.0 -9999.0 -9999.0 -9999.0 -9999.0 -9999.0 -9999.0 -9999.0 -9999.0 -9999.0 -9999.0 -9999.0 -9999.0 -9999.0 -9999.0 -9999.0 -9999.0 -9999.0 -9999.0 -9999.0 2044.333182 2061.526431 2079.597421 2098.189748 2115.164241 2122.188732 2128.038839 2133.662054 2129.414143 2125.084241 2113.751564 2093.783332 2074.601255 2061.565990 2060.313478 2058.119407 2062.237729 2074.572703 2091.461833 2107.173836 2128.041591
-9999.0 -9999.0 -9999.0 -9999.0 -9999.0 -9999.0 -9999.0 -9999.0 -9999.0 -9999.0 -9999.0 -9999.0 -9999.0 -9999.0 -9999.0 -9999.0 -9999.0 -9999.0 -9999.0 -9999.0 -9999.0 -9999.0 -9999.0 -9999.0 -9999.0 -9999.0 -9999.0 -9999.0 2049.053399 2043.201458 2038.402413 2036.998697 2035.741132 2034.811320 2041.555753 2053.148204 2070.715544 2092.734597 2106.012665 2113.399711 2120.316122 2121.004309 2115.692371 2114.069316 2114.718037 2102.665784 2090.895960 2079.901103 2069.231136 2067.072138 2076.516066 2090.938661 2107.364033 2122.254073 2137.734472
-9999.0 -9999.0 -9999.0 -9999.0 -9999.0 -9999.0 -9999.0 -9999.0 -9999.0 -9999.0 -9999.0 -9999.0 -9999.0 -9999.0 -9999.0 -9999.0 -9999.0 -9999.0 -9999.0 -9999.0 -9999.0 -9999.0 -9999.0 2018.933623 2024.306095 2030.930452 2038.618357 2039.660824 2036.055239 2030.677351 2027.970853 2026.656112 2024.768640 2029.388747 2036.947853 2050.250618 2065.847754 2088.053760 2096.581023 2101.820349 2113.724888 2117.175869 2124.248232 2128.451998 2126.870842 2123.570541 2109.996402 2099.707713 2103.427520 2108.529429 2115.592856 2123.981323 2137.601696 2152.231905 2168.565248
-9999.0 -9999.0 -9999.0 -9999.0 -9999.0 -9999.0 -9999.0 -9999.0 -9999.0 -9999.0 -9999.0 -9999.0 -9999.0 -9999.0 -9999.0 -9999.0 -9999.0 -9999.0 -9999.0 1994.000816 1995.069387 1996.533646 2001.411035 2002.040826 2004.074371 2011.055724 2019.248063 2022.014276 2020.132727 2019.064351 2020.605616 2023.364233 2027.916846 2038.834962 2052.463702 2066.536824 2079.860718 2100.652261 2115.248694 2128.211295 2143.903124 2143.988953 2140.395660 2138.872097 2139.269634 2138.707360 2140.021252 2141.031362 2147.463325 2150.297383 2155.393208 2164.842975 2176.779524 2194.260251 2213.010256
-9999.0 -9999.0 -9999.0 -9999.0 -9999.0 -9999.0 -9999.0 -9999.0 -9999.0 -9999.0 -9999.0 -9999.0 -9999.0 -9999.0 -9999.0 -9999.0 1964.961094 1966.856538 1969.265428 1974.802007 1978.223385 1982.308259 1989.373774 1990.849436 1994.532067 2001.729768 2006.472050 2015.600707 2023.874773 2031.096877 2037.009207 2039.543957 2046.461768 2055.799095 2067.342237 2081.766102 2102.391319 2125.609982 2141.493265 2158.225501 2175.422235 2176.128880 2174.894573 2175.776405 2175.453869 2179.434629 2195.488500 2200.146842 2198.293466 2211.536240 2224.675824 2228.981537 2236.859411 2256.601029 2279.675909
-9999.0 -9999.0 -9999.0 -9999.0 -9999.0 -9999.0 -9999.0 -9999.0 -9999.0 -9999.0 -9999.0 -9999.0 -9999.0 1916.736100 1920.890127 1930.925964 1941.444909 1944.370876 1949.133804 1955.643308 1967.913886 1971.642817 1977.827271 1985.282675 1997.640560 2006.322215 2015.313115 2027.072552 2035.221067 2042.222713 2048.822327 2052.960970 2065.184951 2079.658799 2094.573981 2114.086236 2135.880300 2155.234888 2174.472860 2190.574933 2203.337257 2203.173039 2202.515024 2205.053774 2211.593997 2227.224638 2245.305318 2250.438675 2264.698850 2286.861283 2299.201906 2309.247704 2317.267230 2331.379550 2353.020271
-9999.0 -9999.0 -9999.0 -9999.0 -9999.0 -9999.0 -9999.0 -9999.0 -9999.0 -9999.0 1886.341777 1888.329657 1884.888358 1883.554750 1889.140236 1901.521297 1915.807503 1922.007544 1933.933295 1955.188235 1973.516718 1976.878460 1990.916054 2001.236351 2008.027763 2018.169904 2031.074416 2043.368925 2059.288450 2071.154618 2081.159792 2098.888292 2114.779763 2130.932878 2148.273636 2168.461225 2186.370662 2212.489972 2238.728647 2249.784665 2269.654369 2276.949249 2273.967065 2273.702988 2283.403797 2297.741578 2316.471410 2336.670816 2357.315618 2381.703764 2396.455312 2410.787463 2421.534280 2433.749054 2450.161356
-9999.0 -9999.0 -9999.0 -9999.0 -9999.0 -9999.0 -9999.0 -9999.0 1861.492739 1869.264788 1875.113748 1872.073701 1867.694326 1862.950344 1877.279544 1893.055474 1909.133202 1927.222219 1943.105111 1961.404343 1976.068307 1991.609903 2011.649843 2022.925952 2034.060397 2049.186464 2062.467984 2078.372471 2099.090050 2109.340069 2123.238240 2143.516410 2160.606498 2178.014746 2196.498951 2213.991070 2237.863080 2269.980436 2300.787560 2320.772072 2348.063174 2368.637245 2366.343877 2367.754902 2371.678643 2397.002426 2425.712265 2456.467563 2480.738438 2507.682677 2537.651507 2556.592370 2567.752719 2580.894458 2596.724821
-9999.0 -9999.0 -9999.0 -9999.0 -9999.0 -9999.0 1833.544116 1857.859313 1872.993151 1864.777507 1852.875330 1848.574624 1843.613340 1870.721503 1893.037962 1910.498349 1927.467259 1945.188128 1961.689742 1972.617828 2004.504484 2023.141818 2036.392369 2052.258086 2066.859621 2081.464041 2098.401100 2120.810503 2140.574933 2166.565030 2187.835746 2208.359444 2233.709670 2252.558666 2270.843352 2287.398999 2317.377915 2353.743898 2389.926409 2417.349928 2443.990792 2476.754912 2481.941817 2487.280282 2493.306892 2516.912329 2550.729098 2581.618847 2616.268457 2649.506419 2678.769845 2693.973205 2705.760101 2718.038843 2732.498141
-9999.0 -9999.0 -9999.0 -9999.0 1800.651096 1821.475013 1840.792918 1871.119246 1893.367541 1888.392228 1894.019777 1893.236338 1890.315619 1894.896219 1902.672612 1920.581654 1939.654060 1959.043705 1975.426234 2006.928272 2052.433052 2066.011877 2087.086526 2117.978076 2130.632937 2145.569396 2161.747620 2183.817929 2206.965366 2237.921957 2277.376767 2311.018987 2335.096677 2356.693221 2377.573970 2398.010139 2433.320497 2472.241614 2509.764909 2543.790814 2572.977990 2600.398769 2612.007652 2620.294750 2633.067752 2651.539859 2675.353660 2706.923607 2741.730328 2775.982912 2802.089799 2814.055669 2822.436304 2834.184046 2844.744961
-9999.0 -9999.0 -9999.0 1749.029620 1787.856821 1826.453612 1852.719471 1883.205438 1915.357138 1917.786881 1926.662085 1929.347267 1931.652918 1939.007088 1945.402251 1962.539935 1979.950338 1998.012510 2020.174976 2055.732051 2088.238882 2112.652247 2142.816853 2164.897873 2182.438930 2197.386492 2216.338903 2239.041343 2277.932677 2312.384121 2360.819971 2413.057413 2448.239430 2472.051921 2495.716074 2524.401695 2550.766438 2589.209339 2625.318362 2659.700558 2694.694383 2720.576788 2739.332332 2747.627156 2759.209576 2768.632488 2785.183395 2807.228942 2831.486243 2863.331879 2893.887612 2795.200820 2808.308978 2818.008744 2833.715608
-9999.0 -9999.0 1701.285504 1739.858724 1772.579434 1821.039804 1873.887866 1908.481973 1948.568004 1970.090096 1975.280885 1989.519820 2003.344258 2008.143263 2021.077386 2036.731525 2056.992639 2065.396145 2084.422329 2108.587425 2152.819982 2193.145818 2203.127983 2248.901825 2281.381205 2311.957187 2332.055499 2359.601653 2396.959030 2435.834386 2483.851793 2534.527947 2571.597780 2602.560306 2620.525213 2642.123878 2665.651607 2695.120082 2732.797225 2762.278509 2795.403267 2823.183593 2846.023167 2852.254110 2858.341495 2876.332991 2904.224324 2805.809370 2830.713462 2855.861803 2850.431888 2866.215632 2873.522697 2877.621473 2884.014801
-9999.0 -9999.0 1672.862726 1718.477770 1755.960843 1818.301098 1900.980773 1936.626881 1978.075344 2023.747245 2040.277349 2063.561322 2067.708347 2068.527870 2090.053560 2109.618484 2126.588039 2134.720973 2132.852340 2187.434883 2243.733085 2282.763248 2311.755942 2383.509197 2432.907793 2454.435845 2471.282041 2493.509848 2517.335732 2559.172414 2603.698085 2658.300894 2704.282043 2735.123242 2752.491933 2773.722268 2795.968640 2815.313641 2837.070194 2881.505496 2794.715997 2820.958455 2848.937918 2868.702113 2876.199549 2879.789623 2862.149425 2875.171138 2884.429555 2888.467578 2890.003196 2886.460084 2885.846860 2886.597895 2887.559702
-9999.0 1581.846697 1634.122380 1685.939909 1752.547595 1816.825840 1895.880063 1973.240197 2034.280242 2083.722885 2111.232680 2115.156584 2135.595959 2170.925830 2194.930977 2218.222201 2223.883261 2232.814444 2220.416636 2272.277792 2316.985218 2380.365272 2486.110153 2544.102862 2598.568251 2600.249412 2595.014731 2606.352135 2628.226787 2673.063730 2748.835909 2802.294130 2862.879670 2802.959793 2816.806800 2822.497476 2839.117250 2858.004519 2826.836261 2857.694733 2871.149661 2882.837887 2888.058272 2889.738884 2890.708590 2890.617009 2887.196696 2880.582247 2872.712322 2867.106125 2863.044323 2858.577376 2861.020451 2864.326279 2864.862346
-9999.0 1544.951515 1603.365209 1673.253520 1742.380491 1800.253372 1893.616543 2046.907365 2104.375709 2141.902941 2157.016354 2158.609712 2227.758243 2292.156061 2323.571510 2370.116370 2362.465199 2352.304426 2330.423824 2361.433311 2407.112609 2480.830731 2636.585042 2725.076455 2766.664655 2779.442243 2786.776301 2816.694394 2858.567159 2800.337192 2836.826304 2821.152701 2856.610408 2873.349517 2877.040243 2877.649960 2881.584159 2880.649707 2878.716926 2874.623303 2869.742344 2869.939568 2874.227771 2874.086063 2871.301039 2868.183579 2862.664386 2855.273297 2849.976185 2845.396082 2842.718983 2839.819904 2838.082000 2837.790467 2833.321962
-9999.0 1510.125360 1582.965626 1643.841716 1699.672511 1802.778020 1930.197727 2069.089318 2163.097838 2198.961724 2201.436150 2255.617253 2358.010542 2460.675703 2515.112693 2541.441289 2536.694683 2506.519664 2502.013351 2548.204264 2616.997809 2723.707011 2838.073530 2841.548603 2853.802417 2856.380467 2822.796366 2841.132359 2858.130995 2859.805428 2860.723143 2865.934206 2870.895723 2873.659194 2872.272439 2869.484513 2864.841420 2856.901779 2852.099212 2848.668583 2845.085528 2844.284749 2846.567952 2848.040629 2845.407023 2841.609501 2837.177258 2831.600936 2826.086849 2819.462820 2815.387270 2811.320325 2809.245145 2804.170625 2800.368577
-9999.0 1399.112746 1491.206908 1539.110304 1634.283014 1814.830068 1942.144523 2086.861940 2241.049375 2271.299495 2332.760879 2462.363430 2575.390177 2656.132369 2694.873724 2736.284830 2766.929110 2790.513108 2829.346491 2755.225413 2824.958766 2818.866983 2850.036773 2863.604698 2868.364658 2868.784927 2859.829215 2839.922458 2829.463947 2822.830196 2824.522003 2831.777514 2836.827717 2841.925809 2839.763128 2840.567395 2841.115747 2837.782442 2834.534905 2826.151378 2818.485398 2812.304304 2809.795053 2814.742800 2810.035041 2807.349308 2801.395430 2793.980771 2921.048034 2913.235030 2904.831240 2897.230820 2893.338433 2886.310882 2882.904355
-9999.0 1318.189440 1392.844938 1467.726222 1592.365578 1755.886015 1868.748142 2030.725745 2253.208753 2378.151645 2520.937964 2602.851067 2678.202531 2734.005180 2793.542915 2794.688930 2817.458387 2826.285447 2804.563785 2819.080457 2864.418700 2858.377806 2786.347959 2812.486954 2826.896408 2830.617751 2822.454726 2812.641279 2805.530411 2804.483129 2802.781217 2800.012789 2797.096834 2794.230126 2791.124180 2793.560953 2798.446486 2792.483647 2907.292989 2898.101356 2889.747239 2880.629279 2874.609698 2870.387503 2869.901369 2869.898811 2862.449297 2852.383514 2843.543957 2835.207833 2827.040454 2820.787475 2816.518811 2809.446367 2798.059283
-9999.0 1209.260357 1335.881831 1421.156088 1529.409857 1661.902908 1776.990269 1934.178088 2073.196898 2303.691045 2453.865476 2601.554338 2650.787481 2718.171899 2774.687974 2798.092116 2796.063249 2830.561418 2796.227367 2784.356848 2796.121746 2808.210957 2821.058409 2840.483009 2860.400944 2872.615911 2878.380949 2873.694907 2861.638707 2852.280385 2844.658628 2834.040654 2826.745280 2825.662977 2828.576419 2837.433436 2838.960715 2829.980128 2817.909475 2800.162329 2784.661519 2772.823199 2769.787867 2771.370806 2771.583776 2767.536862 2761.053157 2750.308907 2737.786061 2725.274509 2717.839070 2711.656107 2702.806312 2689.920851 2673.905995
-9999.0 -9999.0 1255.394761 1364.955922 1465.592538 1582.115453 1684.225483 1814.626182 1959.292250 2135.160793 2252.274449 2406.642184 2492.115595 2539.927379 2584.821278 2644.241938 2670.134815 2699.876801 2692.275700 2703.246820 2714.093614 2722.053057 2731.609339 2742.362170 2756.225526 2768.006469 2778.676478 2777.819279 2770.230887 2752.579055 2730.578582 2713.656036 2704.638715 2697.051072 2707.960752 2719.931885 2715.660617 2708.660137 2695.878600 2677.168576 2663.447528 2648.704835 2644.358604 2643.836491 2643.639683 2640.570140 2636.555975 2623.315985 2610.245440 2598.732335 2593.059316 2586.034169 2580.191258 2568.604588 2556.832518
-9999.0 -9999.0 1169.007767 1275.233142 1383.384359 1503.246918 1595.054943 1640.294200 1784.088018 1893.613109 1999.273045 2104.014939 2194.136626 2261.648426 2302.094487 2365.463858 2415.917800 2435.561769 2468.410269 2512.078434 2543.761969 2578.631455 2600.745669 2613.640964 2628.469531 2643.732165 2653.085352 2640.886478 2630.790256 2614.757465 2593.006289 2568.726580 2556.413203 2554.602232 2555.347485 2558.617511 2551.831992 2542.378247 2527.889242 2513.500109 2500.489010 2489.709516 2485.183673 2480.105755 2477.751117 2474.443416 2471.372744 2463.254107 2452.965962 2446.285102 2437.335526 2431.590205 2428.634654 2422.753101 2414.444105
