tests/Borden05m/sims/sim_1/output-maps/psiliqL0002N0013.asc
ncols         160
nrows         34
xllcorner     620200.000000
yllcorner     5168000.000000
cellsize      0.500000
NODATA_value  -9999.0
[rows 0 to 24 of 34, columns 56 to 111 of 160]
-9999.0 -9999.0 -9999.0 -9999.0 -9999.0 -9999.0 -9999.0 -9999.0 -9999.0 -9999.0 -9999.0 -9999.0 -9999.0 -9999.0 -9999.0 -9999.0 -9999.0 -9999.0 -9999.0 -9999.0 -9999.0 -9999.0 -9999.0 -9999.0 -9999.0 -9999.0 -9999.0 -9999.0 -9999.0 -9999.0 -9999.0 -9999.0 -9999.0 -9999.0 -9999.0 -9999.0 -9999.0 -9999.0 -9999.0 -9999.0 -9999.0 -9999.0 -9999.0 -9999.0 -9999.0 -9999.0 -9999.0 -9999.0 -9999.0 -9999.0 -9999.0 -9999.0 -9999.0 -9999.0 -9999.0 -9999.0
-9999.0 -9999.0 -9999.0 -562.674543 -563.792629 -564.549635 -564.952786 -566.507460 -567.691821 -569.109542 -569.307355 -569.125135 -569.385513 -569.978067 -569.226739 -568.261422 -567.444074 -566.274047 -566.532444 -566.405921 -565.953812 -565.830442 -566.032652 -566.570998 -566.909439 -567.313569 -566.703342 -568.339241 -570.469418 -572.098130 -572.420054 -571.001095 -570.173345 -570.353868 -569.594194 -567.920173 -566.504915 -566.072887 -564.360668 -564.681040 -564.004867 -562.852615 -563.769583 -563.965762 -563.797606 -563.415794 -565.853068 -9999.0 -9999.0 -9999.0 -9999.0 -9999.0 -9999.0 -9999.0 -9999.0 -9999.0
-567.270936 -564.101717 -564.348401 -569.046532 -569.467484 -569.536762 -569.293927 -569.926537 -571.618686 -572.013230 -573.274489 -573.819213 -573.965248 -574.483422 -574.100795 -572.014182 -570.542010 -570.140107 -570.480214 -570.658359 -571.127757 -571.455475 -571.345760 -571.857014 -572.322868 -572.820444 -572.656657 -571.309817 -572.870471 -573.643032 -574.412532 -575.246036 -574.944043 -574.696264 -574.608466 -572.650944 -571.925302 -571.436447 -568.800847 -566.341591 -565.715230 -566.736542 -567.828690 -567.517014 -567.570977 -568.553204 -569.494929 -569.436048 -569.875337 -570.049929 -570.980268 -569.549209 -569.597315 -568.011930 -566.693841 -565.147382
-571.509432 -567.861416 -568.133451 -571.652988 -573.747565 -574.372474 -573.899892 -572.396104 -572.962216 -574.193167 -576.077744 -573.979997 -574.280312 -574.485510 -574.120752 -573.437172 -573.174949 -572.859529 -572.390953 -570.522378 -570.686540 -570.858144 -570.759426 -571.080535 -571.677218 -571.611379 -571.928069 -573.502828 -573.241570 -572.851312 -573.200969 -571.649057 -571.571211 -570.677546 -573.429524 -572.995024 -572.365244 -571.933819 -571.641361 -571.276287 -570.732782 -571.934453 -571.060603 -571.980133 -574.056024 -574.512799 -574.276254 -572.497848 -571.584738 -572.623332 -576.385145 -574.399050 -570.224053 -570.578641 -571.280356 -569.275463
-573.896897 -573.191976 -573.697757 -575.156896 -573.712103 -572.546804 -571.807007 -572.471632 -573.822597 -575.462861 -572.104416 -570.753010 -571.527862 -571.154683 -570.183943 -570.143791 -574.340192 -575.435168 -573.836514 -572.161382 -571.465280 -572.240708 -572.614845 -573.330806 -573.313672 -572.857473 -573.294259 -572.641704 -572.088872 -572.821760 -571.769575 -570.567057 -569.398073 -572.020593 -574.388098 -574.246633 -572.291834 -570.884592 -570.191512 -568.171629 -564.968962 -565.512644 -566.224631 -566.534438 -566.846779 -570.562733 -573.939702 -575.263469 -575.833267 -576.819357 -575.997355 -576.724001 -573.392644 -573.670429 -574.220880 -572.643453
-576.914587 -572.849479 -571.873671 -574.152390 -575.362703 -575.890726 -575.525174 -575.981702 -575.936825 -572.987721 -571.415164 -568.677308 -569.741864 -569.674076 -569.785860 -572.614610 -574.742802 -576.198806 -571.906077 -568.486454 -567.394088 -568.351622 -569.161094 -566.073050 -566.988417 -567.374367 -569.215396 -568.562405 -568.865980 -565.616725 -564.381297 -562.662926 -563.335997 -566.565755 -569.272481 -569.413517 -569.135549 -569.484836 -568.743725 -566.723892 -564.146563 -566.062278 -566.872532 -566.645482 -572.270044 -576.601350 -578.038719 -574.911050 -573.113709 -573.415099 -573.098399 -572.925530 -575.152445 -574.609634 -574.364994 -575.431819
-568.890547 -566.619642 -562.760329 -565.429242 -567.275156 -570.571223 -570.202172 -569.825516 -568.733136 -567.201737 -564.257435 -558.471058 -559.714187 -559.372903 -557.435658 -560.627285 -563.586162 -568.056948 -563.086677 -561.977930 -560.367066 -560.644837 -556.810584 -553.356762 -555.487714 -558.390535 -561.853017 -559.769420 -555.215724 -550.917895 -549.926848 -549.438685 -548.647632 -551.735844 -552.534536 -553.181377 -552.869833 -554.935531 -554.861041 -551.642602 -546.040782 -545.406184 -548.125557 -553.432078 -561.390818 -568.486543 -572.253155 -567.791405 -569.084511 -569.667678 -568.903660 -571.638345 -573.200542 -570.818739 -572.900355 -574.505583
-566.878220 -564.638792 -560.221104 -562.150574 -565.627242 -569.322854 -569.263254 -567.071814 -566.010875 -561.762774 -555.665352 -548.463797 -544.281468 -540.386520 -535.992521 -539.380453 -543.027976 -547.152787 -546.389698 -541.559441 -536.617719 -530.538082 -523.416883 -515.464390 -517.407191 -521.396828 -521.726263 -520.009832 -511.565524 -503.216729 -499.554129 -497.054947 -492.134854 -495.386393 -501.254437 -507.709916 -513.876104 -519.105598 -523.165627 -516.181113 -508.270106 -509.810482 -524.323176 -535.688765 -546.904343 -556.704902 -566.591682 -566.416239 -564.674295 -563.057726 -566.575027 -568.222959 -571.358971 -571.978360 -571.619278 -575.065001
-546.476502 -540.746880 -533.852925 -530.736290 -537.241474 -538.173468 -535.852915 -530.917648 -529.019296 -522.966430 -504.724901 -471.189711 -435.270527 -410.431365 -406.351524 -413.610801 -424.413223 -442.697443 -452.953330 -437.772780 -421.633731 -409.023718 -401.236862 -394.883479 -390.313632 -390.635251 -390.572151 -389.318230 -387.844559 -384.795160 -380.955768 -376.920519 -372.150970 -370.470157 -376.187225 -381.770798 -387.692974 -393.047933 -394.401135 -396.080195 -392.973515 -393.411395 -404.826672 -426.947841 -464.703030 -499.733310 -520.209466 -533.628933 -533.776050 -539.576436 -544.228161 -549.347169 -559.982465 -562.827238 -564.395230 -572.718083
-499.970505 -471.955548 -449.514920 -428.790621 -425.413068 -421.159400 -417.427384 -411.705712 -406.885311 -402.827590 -384.850148 -360.113399 -333.408720 -310.739944 -302.068275 -310.101025 -319.170459 -329.521787 -338.230642 -337.749952 -326.495881 -312.896440 -299.910466 -291.503536 -288.525780 -289.924009 -289.782074 -289.003824 -286.614736 -285.243813 -281.810047 -276.334335 -266.970142 -255.139256 -257.351001 -271.938181 -283.606065 -297.408129 -303.727094 -307.150204 -312.478903 -313.226594 -313.535682 -333.421774 -355.120666 -378.191213 -398.329260 -413.128521 -438.470130 -465.767291 -487.005581 -515.417509 -535.418963 -549.501438 -558.818547 -567.324655
-387.062108 -366.714842 -345.555993 -331.927868 -325.925322 -322.785302 -318.794442 -312.508967 -307.173793 -299.966897 -284.748928 -254.081979 -219.110040 -186.344627 -178.932691 -186.071057 -195.521911 -207.576901 -214.144539 -217.834847 -213.289891 -204.853091 -193.750047 -182.591439 -173.087003 -170.780876 -170.912322 -171.213327 -171.492915 -169.186721 -167.928587 -165.311767 -155.586235 -148.480833 -144.094219 -154.674988 -168.372935 -184.727417 -195.756778 -209.305736 -217.902796 -220.048735 -220.155767 -220.944228 -239.861889 -269.219850 -306.513646 -331.773714 -351.485103 -363.530250 -375.244685 -384.661240 -406.660932 -423.221640 -461.882667 -499.160801
-300.389908 -276.499450 -250.361067 -230.997606 -219.259936 -214.247730 -204.583986 -195.985125 -188.138490 -176.746805 -162.909261 -143.404073 -114.304747 -55.017121 -36.963056 -39.233971 -47.649847 -88.079957 -63.803902 -94.204434 -93.268375 -59.338108 -55.709934 -43.006689 -56.904235 -25.316780 -25.947484 -27.104569 -52.553216 -25.130059 -25.435634 -52.869643 -23.985551 -46.409784 -17.074055 -46.829234 -31.279900 -48.374614 -66.948507 -110.204683 -120.890170 -126.276945 -127.867871 -130.575865 -139.918377 -163.772504 -199.886743 -234.544472 -259.631847 -277.324885 -289.613795 -297.779901 -304.129190 -316.594001 -339.435941 -369.676095
-198.922008 -177.855109 -155.932917 -133.317103 -112.494165 -99.883158 -58.676418 -53.577634 -43.539744 -28.728859 -38.645325 -4.968324 6.285265 23.918841 32.694170 37.447475 39.688054 39.139551 42.444812 41.054297 41.253288 42.563224 42.254183 43.140710 44.579521 46.303982 44.958588 46.202674 45.013528 46.391524 46.386325 45.187517 44.554087 43.439953 44.487111 43.113347 42.161922 34.326823 20.433108 7.448164 2.603686 -4.522898 -12.476409 -21.014034 -29.704191 -42.157228 -99.015348 -135.607113 -167.879243 -187.010670 -196.083057 -201.804515 -206.459829 -219.312534 -238.320324 -262.746177
-58.423101 -46.092033 -30.812703 -33.348893 5.250073 13.600549 22.326390 26.273667 35.680335 46.062663 46.227957 48.315278 46.768239 48.460159 46.690433 48.521005 46.739242 46.359453 44.759422 44.987905 39.163014 30.530563 32.097063 32.925115 35.482664 38.233777 37.483312 37.529593 41.029493 38.886305 34.232788 31.169167 29.558164 29.564327 35.666135 39.059322 38.742054 40.084515 39.600260 39.169730 39.359784 38.959071 38.998130 39.130115 34.173701 26.557918 7.739771 -18.322270 -46.312396 -96.428954 -109.944870 -110.419270 -114.433583 -121.127004 -141.460599 -170.974925
28.482836 38.808295 48.122814 48.378781 49.253391 47.760327 50.682956 50.663527 52.242889 46.686669 45.111232 39.585050 39.587747 37.453621 36.116102 36.145845 34.660633 30.984239 28.060677 22.884361 12.247906 0.598034 -0.916435 3.516399 8.275288 11.333438 14.450972 18.489298 20.077449 12.851891 7.332745 0.875345 -1.334133 4.324863 -14.282511 13.576890 -10.162559 12.687166 11.440135 11.696460 10.185694 10.581454 16.643608 28.792846 36.588771 36.326994 36.421207 36.010894 35.916176 15.414220 -2.968167 -0.484074 -4.253154 -14.496783 -41.451767 -90.330899
42.652552 41.731775 40.317130 34.456718 29.283403 29.132871 32.530998 39.195547 40.027532 34.343963 27.108252 20.979090 14.186902 -9.331777 10.697667 9.503879 9.881200 4.767319 -1.643078 -16.473903 -60.364682 -77.443767 -85.133244 -86.292890 -80.389842 -71.178057 -59.744685 -35.410660 -26.281964 -64.520281 -79.054755 -88.296713 -89.027917 -87.251215 -82.319631 -69.758713 -69.613134 -66.190015 -68.764731 -70.755282 -74.737676 -73.817673 -60.887357 -15.515050 -1.622179 9.450539 16.524006 23.452441 28.824171 35.803976 35.634940 35.669254 35.500438 31.550008 19.152024 1.388016
28.550670 22.717696 19.100748 10.905331 5.195310 4.251940 7.024209 11.044607 7.938044 2.524417 -7.003280 -19.247103 -60.470283 -73.737954 -72.856581 -71.425965 -71.576742 -77.703502 -91.787274 -110.234180 -129.172451 -145.396132 -150.297720 -154.535930 -156.072843 -144.818734 -128.124058 -118.926846 -128.305790 -141.620740 -156.743576 -165.272106 -168.230389 -167.079490 -158.993435 -142.637347 -127.991581 -127.039760 -134.780165 -142.109914 -145.510766 -145.669165 -134.865046 -110.344507 -89.461847 -74.172263 -60.039326 -24.281774 -15.747600 -6.792679 3.071320 14.391425 24.169019 34.551537 34.909622 34.834509
4.328870 -3.741316 -17.868707 -49.578958 -60.426753 -66.154000 -69.198721 -71.419297 -77.450705 -83.790102 -93.621206 -106.840823 -123.514266 -138.949264 -143.022697 -145.381953 -143.940247 -154.968616 -166.747692 -186.626243 -202.637046 -217.885616 -225.623414 -230.673769 -235.100122 -226.776515 -210.108813 -200.023165 -214.649460 -225.366087 -239.171362 -246.077563 -249.393512 -248.758098 -240.634843 -219.588207 -202.686149 -197.432743 -205.236789 -211.980005 -214.760964 -214.401861 -208.001541 -190.282044 -169.164093 -148.962504 -132.944612 -118.783956 -108.863876 -97.549890 -82.104595 -63.653669 -21.617199 -5.569445 11.056410 23.822768
-65.761614 -77.575885 -89.889478 -105.265423 -118.137456 -125.203167 -125.636334 -132.731170 -139.113044 -148.392171 -186.770371 -201.615760 -218.566736 -232.601423 -237.458459 -244.207668 -247.292163 -256.413568 -263.505035 -274.516071 -288.415429 -302.192119 -313.568779 -316.616129 -319.327732 -321.708508 -312.584420 -308.601103 -311.563991 -317.817194 -324.407968 -327.971011 -330.096157 -327.137215 -317.057370 -307.165599 -297.736028 -293.814774 -299.074558 -294.930984 -289.934675 -289.727979 -276.094074 -262.866188 -246.129122 -226.003225 -204.742240 -192.565174 -182.863534 -171.540399 -155.336716 -136.480041 -114.245284 -89.671523 -61.539615 -17.612286
-119.288094 -133.231911 -147.838640 -161.493175 -174.440028 -186.069462 -186.206552 -190.243511 -196.053521 -225.197093 -263.082436 -289.516632 -303.969519 -319.956435 -327.207003 -334.479118 -352.045336 -362.808971 -369.134017 -368.316977 -376.440288 -387.137486 -395.246226 -398.402931 -400.331844 -405.347920 -406.992847 -405.026845 -400.299530 -404.716049 -407.512060 -406.535265 -408.048434 -408.645685 -403.224802 -395.522234 -391.208296 -386.648187 -382.169433 -379.318925 -374.549728 -356.791340 -345.090058 -334.003363 -318.631648 -300.993702 -281.710611 -265.481609 -254.542668 -241.872569 -224.143551 -207.631452 -186.151347 -161.629991 -132.054233 -108.823837
-184.686562 -201.946301 -216.715713 -231.411335 -246.392950 -265.529718 -267.761948 -274.294220 -283.904802 -316.780028 -348.045890 -372.549208 -386.888527 -400.488297 -409.301643 -429.337040 -465.529574 -486.080876 -486.226910 -481.519403 -487.163474 -500.470584 -510.292658 -516.404336 -522.127048 -529.422170 -533.487594 -529.621521 -525.509723 -525.930111 -526.365663 -525.023242 -525.279930 -525.655685 -524.984701 -517.301075 -511.714278 -505.436563 -499.900675 -494.878569 -470.351143 -439.097047 -416.817138 -400.772815 -387.645341 -370.973363 -351.724921 -335.988099 -324.764148 -310.371765 -294.312971 -276.579509 -257.299201 -233.222895 -204.550830 -181.178889
-248.048781 -270.771161 -288.756173 -306.786153 -332.763914 -344.423356 -352.154019 -358.930406 -379.014761 -403.036104 -433.539938 -474.586913 -499.262927 -515.183362 -527.285063 -538.753052 -547.778566 -553.047555 -549.752342 -548.018270 -545.057585 -549.797339 -553.512038 -554.377936 -557.696886 -560.604730 -564.460930 -561.365851 -559.998898 -556.362552 -556.764914 -556.698776 -555.060791 -555.880326 -556.124080 -558.397944 -555.754338 -554.239737 -552.400917 -545.512506 -538.402384 -530.065359 -521.212197 -508.857483 -490.060700 -459.282370 -423.001628 -400.271428 -386.901740 -372.523567 -355.247872 -339.837663 -324.846931 -306.365893 -283.073250 -261.804443
-328.296500 -344.417392 -361.829908 -384.545973 -410.262208 -436.884887 -451.156568 -481.607320 -505.573335 -528.859985 -540.429112 -546.336178 -552.035916 -556.089860 -559.128038 -563.977218 -567.270859 -572.283721 -570.301639 -567.618149 -563.711146 -566.943829 -567.407464 -566.708920 -568.577984 -570.538002 -573.775999 -573.265167 -570.679922 -567.573320 -567.757235 -567.149929 -565.351434 -565.304204 -566.730833 -569.633556 -568.938625 -567.107295 -565.339107 -561.733948 -558.295699 -554.791705 -551.608189 -546.853380 -540.800735 -533.406653 -521.982132 -504.857541 -487.220954 -455.378235 -418.370106 -398.663888 -388.771339 -376.599152 -355.958841 -339.907683
-398.069986 -413.251592 -443.404395 -490.032608 -519.822130 -538.830751 -547.806695 -555.053424 -561.353756 -563.685899 -565.852244 -568.203417 -570.115938 -572.161000 -573.987907 -575.454288 -577.834279 -582.688687 -580.636764 -577.834251 -574.638569 -574.534255 -574.863070 -574.573350 -575.291490 -577.470792 -581.370998 -579.723540 -577.375679 -575.252289 -574.613988 -574.224293 -572.890713 -573.855230 -575.839018 -578.696757 -577.497034 -575.339870 -574.174411 -572.670323 -570.401471 -567.964312 -565.510070 -562.584394 -559.526916 -555.254020 -550.185130 -544.023531 -536.748301 -527.617632 -514.012429 -503.383909 -489.573088 -471.663007 -440.506274 -413.123870
-510.772537 -524.872162 -535.804942 -545.789312 -555.541385 -560.298341 -564.336447 -567.655261 -571.048175 -573.071349 -574.611041 -573.693562 -574.367108 -576.553632 -576.369554 -577.491307 -581.368110 -579.918921 -578.792842 -575.615294 -576.219053 -576.395556 -577.147530 -576.618116 -577.109659 -580.897708 -578.960233 -578.146011 -575.953592 -575.590152 -575.143878 -574.803417 -574.409978 -574.858887 -577.554733 -576.989400 -576.290849 -574.290803 -574.273492 -573.490194 -571.182074 -570.526231 -569.123431 -567.082964 -564.871565 -562.168644 -558.788684 -553.947885 -548.829745 -543.757836 -542.043072 -538.327475 -535.017044 -537.346998 -529.815795 -520.572262
