tests/Borden05m/sims/sim_1/output-maps/psiliqL0003N0007.asc
ncols         160
nrows         34
xllcorner     620200.000000
yllcorner     5168000.000000
cellsize      0.500000
NODATA_value  -9999.0
[rows 0 to 24 of 34, columns 0 to 56 of 160]
-9999.0 -9999.0 -9999.0 -9999.0 -9999.0 -9999.0 -9999.0 -9999.0 -9999.0 -9999.0 -9999.0 -9999.0 -9999.0 -9999.0 -9999.0 -9999.0 -9999.0 -9999.0 -9999.0 -9999.0 -9999.0 -9999.0 -9999.0 -9999.0 -9999.0 -9999.0 -9999.0 -9999.0 -9999.0 -9999.0 -9999.0 -9999.0 -9999.0 -9999.0 -9999.0 -9999.0 -9999.0 -9999.0 -9999.0 -9999.0 -9999.0 -9999.0 -9999.0 -9999.0 -9999.0 -9999.0 -9999.0 -9999.0 -9999.0 -9999.0 -9999.0 -9999.0 -9999.0 -9999.0 -9999.0 -9999.0 -9999.0
-9999.0 -9999.0 -9999.0 -9999.0 -9999.0 -9999.0 -9999.0 -9999.0 -9999.0 -9999.0 -9999.0 -9999.0 -9999.0 -9999.0 -9999.0 -9999.0 -9999.0 -9999.0 -9999.0 -9999.0 -9999.0 -9999.0 -9999.0 -9999.0 -9999.0 -9999.0 -9999.0 -9999.0 -9999.0 -9999.0 -9999.0 -9999.0 -9999.0 -9999.0 -9999.0 -9999.0 -9999.0 -9999.0 -9999.0 -9999.0 -9999.0 -9999.0 -9999.0 -9999.0 -9999.0 -9999.0 -9999.0 -9999.0 -9999.0 -9999.0 -9999.0 -9999.0 -9999.0 -9999.0 -9999.0 -9999.0 -9999.0
-9999.0 -9999.0 -9999.0 -9999.0 -9999.0 -9999.0 -9999.0 -9999.0 -9999.0 -9999.0 -9999.0 -9999.0 -9999.0 -9999.0 -9999.0 -9999.0 -9999.0 -9999.0 -9999.0 -9999.0 -9999.0 -9999.0 -9999.0 -9999.0 -9999.0 -9999.0 -9999.0 -9999.0 -9999.0 -9999.0 -9999.0 -9999.0 -9999.0 -9999.0 -9999.0 -9999.0 -9999.0 -9999.0 -9999.0 -9999.0 -9999.0 -9999.0 -9999.0 -9999.0 -9999.0 -9999.0 -9999.0 -540.081400 -546.762076 -554.957820 -557.352398 -548.226867 -544.451280 -541.078984 -539.025540 -537.194969 -534.159362
-9999.0 -9999.0 -9999.0 -9999.0 -9999.0 -9999.0 -9999.0 -9999.0 -9999.0 -9999.0 -9999.0 -9999.0 -9999.0 -9999.0 -9999.0 -9999.0 -9999.0 -9999.0 -9999.0 -9999.0 -9999.0 -9999.0 -9999.0 -9999.0 -9999.0 -9999.0 -9999.0 -9999.0 -9999.0 -9999.0 -9999.0 -9999.0 -9999.0 -9999.0 -9999.0 -9999.0 -9999.0 -9999.0 -9999.0 -9999.0 -541.867939 -538.806715 -536.251701 -540.543139 -542.213966 -541.609293 -546.128275 -551.521016 -557.174198 -555.316473 -555.255532 -559.599819 -553.471201 -548.686153 -547.313413 -546.286394 -542.390516
-9999.0 -9999.0 -9999.0 -9999.0 -9999.0 -9999.0 -9999.0 -9999.0 -9999.0 -9999.0 -9999.0 -9999.0 -9999.0 -9999.0 -9999.0 -9999.0 -9999.0 -9999.0 -9999.0 -9999.0 -9999.0 -9999.0 -9999.0 -9999.0 -9999.0 -9999.0 -9999.0 -9999.0 -9999.0 -9999.0 -9999.0 -9999.0 -9999.0 -9999.0 -554.872742 -549.042682 -546.676453 -544.489262 -541.033799 -542.509591 -543.792734 -541.135406 -543.557471 -543.552230 -546.441317 -552.040407 -557.687772 -560.810801 -557.089137 -558.216394 -558.290535 -555.438649 -553.816797 -553.465139 -549.647067 -543.387044 -547.093754
-9999.0 -9999.0 -9999.0 -9999.0 -9999.0 -9999.0 -9999.0 -9999.0 -9999.0 -9999.0 -9999.0 -9999.0 -9999.0 -9999.0 -9999.0 -9999.0 -9999.0 -9999.0 -9999.0 -9999.0 -9999.0 -9999.0 -9999.0 -9999.0 -9999.0 -9999.0 -9999.0 -9999.0 -545.664325 -547.970689 -549.720774 -549.568923 -550.410461 -553.734106 -554.747019 -554.368386 -551.439597 -546.597458 -546.019136 -546.861260 -546.625749 -547.910306 -551.360178 -551.630687 -547.679303 -551.054920 -552.560711 -554.766824 -560.709743 -562.237351 -558.884827 -555.779016 -553.239080 -552.911144 -552.921565 -553.517935 -553.429924
-9999.0 -9999.0 -9999.0 -9999.0 -9999.0 -9999.0 -9999.0 -9999.0 -9999.0 -9999.0 -9999.0 -9999.0 -9999.0 -9999.0 -9999.0 -9999.0 -9999.0 -9999.0 -9999.0 -9999.0 -9999.0 -9999.0 -9999.0 -549.380633 -547.255215 -546.518815 -544.679295 -545.702958 -550.334087 -553.267279 -554.517155 -555.569306 -558.107051 -558.475589 -558.701114 -557.328230 -556.435123 -551.281432 -554.279546 -556.287548 -551.812709 -552.989115 -549.901969 -546.415976 -547.173782 -546.372753 -552.770004 -557.618310 -552.551230 -550.622233 -551.039776 -552.416315 -551.096687 -549.351973 -547.197694 -543.229740 -538.176951
-9999.0 -9999.0 -9999.0 -9999.0 -9999.0 -9999.0 -9999.0 -9999.0 -9999.0 -9999.0 -9999.0 -9999.0 -9999.0 -9999.0 -9999.0 -9999.0 -9999.0 -9999.0 -9999.0 -548.837068 -549.546058 -550.935717 -550.458324 -555.027368 -556.999047 -555.802228 -553.481125 -554.942472 -557.560906 -559.789528 -559.539030 -559.274598 -559.896071 -556.651404 -554.128766 -553.502690 -554.580582 -550.680349 -549.789736 -547.740462 -541.779111 -545.949136 -549.979789 -552.094847 -552.290061 -553.584020 -549.982820 -549.000219 -548.844816 -549.585869 -549.850814 -549.240390 -549.107344 -544.733988 -541.022335 -538.340553 -536.048295
-9999.0 -9999.0 -9999.0 -9999.0 -9999.0 -9999.0 -9999.0 -9999.0 -9999.0 -9999.0 -9999.0 -9999.0 -9999.0 -9999.0 -9999.0 -9999.0 -549.062408 -549.473756 -551.216733 -554.069536 -556.508698 -556.611708 -554.823123 -558.238442 -559.431897 -558.768476 -560.347370 -558.760526 -557.053024 -555.004140 -554.138314 -556.624783 -556.356869 -556.908420 -557.456861 -556.722695 -552.318302 -548.386701 -547.965685 -545.287358 -540.073554 -543.465642 -544.855202 -544.720418 -546.937618 -545.599173 -537.746898 -539.590083 -543.878407 -536.027421 -532.212147 -534.446496 -535.882408 -531.366767 -524.753258 -516.940552 -503.758626
-9999.0 -9999.0 -9999.0 -9999.0 -9999.0 -9999.0 -9999.0 -9999.0 -9999.0 -9999.0 -9999.0 -9999.0 -9999.0 -549.458843 -549.856607 -549.455060 -553.865731 -557.301450 -559.415133 -562.360067 -558.789928 -561.495398 -562.412474 -561.883987 -558.719221 -558.771603 -558.552162 -556.679814 -557.541134 -558.692532 -559.833867 -562.083853 -559.668962 -557.317622 -555.873735 -552.530209 -550.213344 -548.697099 -545.274525 -545.177928 -543.019870 -544.505181 -547.916694 -548.753218 -546.506948 -539.605555 -534.847311 -534.110979 -525.470641 -516.828560 -513.388266 -508.305672 -506.538822 -504.279040 -497.931368 -478.218974 -451.237575
-9999.0 -9999.0 -9999.0 -9999.0 -9999.0 -9999.0 -9999.0 -9999.0 -9999.0 -9999.0 -555.944512 -553.691020 -557.063491 -563.431983 -566.217813 -564.854538 -563.430780 -565.896753 -565.908578 -559.504963 -556.093964 -562.299663 -558.288796 -558.370064 -561.090917 -560.619498 -559.143341 -559.131398 -555.517212 -555.695623 -556.049280 -550.177187 -549.022067 -547.788199 -545.983140 -544.128325 -542.911418 -535.015905 -528.660773 -530.182953 -520.962116 -515.494791 -521.181454 -523.435998 -522.684638 -516.859043 -507.243045 -494.223702 -484.117777 -465.426198 -444.809638 -431.514695 -422.301305 -411.531032 -397.379351 -347.039333 -199.241943
-9999.0 -9999.0 -9999.0 -9999.0 -9999.0 -9999.0 -9999.0 -9999.0 -565.032598 -561.413772 -559.177233 -562.038961 -565.897132 -572.986671 -570.353104 -567.853458 -566.220897 -563.729823 -562.661650 -561.840727 -563.654705 -561.689825 -557.832709 -559.188443 -558.985170 -556.587882 -556.832984 -554.890699 -551.770024 -554.108972 -552.882783 -550.339660 -548.240675 -546.452849 -544.243355 -543.485972 -535.740907 -525.718211 -515.537621 -507.356156 -495.540817 -481.324862 -484.040469 -482.978459 -482.399593 -462.398755 -434.015417 -401.240883 -351.143537 -218.420395 -151.038135 -125.811811 -114.807657 -104.556688 -89.900232 -67.264270 -22.256729
-9999.0 -9999.0 -9999.0 -9999.0 -9999.0 -9999.0 -570.450572 -562.434575 -558.625999 -567.728223 -574.835320 -577.226991 -581.500537 -572.205954 -564.282977 -562.915415 -561.913482 -560.707905 -561.723536 -567.250098 -555.750759 -559.304153 -562.047300 -558.891305 -559.505942 -559.539497 -557.726067 -553.284306 -551.931109 -543.289249 -537.775391 -533.362273 -526.908718 -523.566711 -520.145797 -516.261737 -504.005411 -487.391997 -466.655786 -440.577388 -413.770097 -380.177839 -363.575430 -350.095231 -317.668502 -211.274962 -149.857367 -110.481634 -68.891553 -18.159007 13.881960 25.319287 30.430666 31.619396 33.095215 34.891073 36.965500
-9999.0 -9999.0 -9999.0 -9999.0 -565.775180 -564.092484 -565.765346 -558.912803 -554.247529 -565.226837 -561.365834 -563.349996 -567.024129 -571.489557 -576.855018 -573.149714 -571.077310 -569.760457 -570.748181 -559.597401 -550.379750 -557.327627 -553.203636 -544.661094 -547.364753 -546.913113 -547.066270 -543.885697 -537.925108 -530.750992 -513.252527 -498.371024 -490.166093 -480.660937 -470.628638 -453.016396 -426.081742 -384.250514 -283.722975 -171.481479 -123.379469 -96.987638 -82.611192 -71.790861 -50.806096 -16.772190 9.308008 29.637193 34.419785 38.810623 41.805978 43.135251 43.375045 43.979488 44.639908 45.808366 46.826895
-9999.0 -9999.0 -9999.0 -570.636498 -562.752611 -560.023788 -564.100293 -562.926454 -557.164036 -563.246536 -564.456288 -565.628228 -566.400764 -566.439398 -567.103760 -565.099898 -564.829729 -566.599611 -565.310420 -559.075665 -556.948080 -552.634005 -549.695316 -544.892855 -540.870879 -539.914092 -538.067950 -532.290806 -516.683145 -501.750318 -473.788831 -431.099045 -393.378150 -356.224887 -293.903166 -189.520118 -145.627165 -102.939511 -53.583684 -8.160863 21.242827 31.921653 34.380880 35.030169 36.312130 37.814584 40.013654 41.985716 43.254431 45.763589 48.458873 50.514753 51.464685 51.854064 55.059508 65.778202 74.265258
-9999.0 -9999.0 -569.040180 -564.566381 -567.972693 -562.597061 -556.680938 -561.476151 -554.439431 -552.450754 -560.148494 -556.254455 -554.454641 -559.375020 -556.847608 -553.963464 -552.482673 -558.065248 -562.328649 -555.561208 -540.685002 -529.941922 -526.499881 -500.491984 -488.258200 -480.530064 -478.276382 -463.805536 -440.165870 -392.854897 -266.688294 -164.590249 -113.391236 -78.360413 -51.865723 -18.352981 8.300477 24.217866 34.451552 38.291022 41.374841 43.514852 45.588080 46.161117 46.174637 47.727769 49.911347 52.042044 56.503864 71.469127 86.759180 86.682490 86.305438 85.992436 85.658464 85.531472 85.462779
-9999.0 -9999.0 -574.366833 -566.828016 -572.470735 -561.119529 -550.754108 -561.836335 -559.188557 -548.873535 -552.335821 -551.693128 -554.078689 -554.503207 -550.673434 -542.285336 -547.071958 -548.853022 -559.715071 -537.363811 -520.004817 -493.062451 -438.858915 -390.453644 -339.586544 -328.326544 -310.195120 -225.595336 -172.046329 -118.546199 -55.270213 -2.109488 31.039554 35.340063 37.336405 39.773208 42.410635 44.426054 45.591539 49.443005 50.820163 52.950813 67.001390 82.320295 87.753455 87.376296 86.591489 86.213293 85.871328 85.768152 85.260324 81.924678 81.004820 81.315575 82.252230 77.715918 72.070209
-9999.0 -576.034830 -572.313310 -572.302531 -564.946359 -567.996395 -559.762973 -548.014755 -549.417421 -545.800046 -546.670273 -555.227627 -534.168825 -516.733271 -512.600469 -498.723681 -505.988936 -510.327149 -522.305075 -504.379418 -470.657013 -374.871143 -172.083508 -106.445415 -72.888656 -65.905529 -63.260289 -37.186017 -9.206096 18.621637 38.178987 43.181968 48.437283 51.942861 52.740053 52.679104 61.639507 75.383198 89.699854 91.191841 90.943113 90.499532 85.865951 85.822184 85.639371 85.748721 82.658409 76.844693 69.632839 64.734000 61.010923 56.752401 59.431946 62.456039 64.085589 57.870148 52.048216
-9999.0 -587.947828 -572.794142 -564.250047 -568.113365 -575.189873 -555.740247 -527.139876 -539.363069 -543.968820 -547.317179 -533.633045 -489.490444 -444.878130 -417.660370 -380.183159 -387.617977 -405.297741 -407.452037 -358.877653 -219.062425 -130.136240 -10.493187 37.029332 37.871156 39.714101 40.945620 44.562341 48.651765 51.910261 59.851614 78.768747 80.386005 80.019052 79.744464 79.782377 79.747960 79.763513 76.243318 72.767789 68.580630 68.329325 71.609615 71.304323 68.823193 66.635284 61.577118 54.667528 51.341164 50.833512 50.722765 50.426661 50.411260 50.980771 50.598710 50.200371 49.569512
-9999.0 -575.731829 -558.697257 -563.456096 -578.375651 -559.234181 -552.613012 -534.352284 -522.273765 -530.017060 -513.839593 -450.931747 -335.803916 -169.319533 -113.971609 -98.372210 -94.760204 -107.227175 -96.930927 -56.937761 4.432610 37.829571 45.727598 63.124565 68.100814 68.136696 67.626813 67.915945 68.026507 67.794087 67.523082 65.507909 69.516205 71.261282 70.053672 67.342399 62.997039 55.971871 51.539449 50.907094 50.545352 50.707511 51.418335 51.727572 51.274257 50.928176 50.600718 50.185679 49.872196 49.458409 49.509385 49.379926 49.482340 49.153911 48.896687 48.826938 48.173856
-9999.0 -596.653539 -571.586614 -593.163645 -565.402104 -542.723551 -548.232027 -518.424620 -486.399518 -483.461319 -395.850144 -184.712286 -59.124589 11.373895 32.150519 37.168846 39.530081 41.943091 45.617761 47.650523 64.359867 76.997870 76.500360 75.467983 67.030797 67.119402 60.553086 50.061853 48.877205 48.017375 48.410716 49.580948 50.390465 51.561456 50.921997 51.122768 51.107066 50.672378 50.643726 49.894277 49.236219 48.770425 48.738016 50.044424 49.259655 49.131479 48.860269 48.485284 48.066727 47.723098 47.309313 46.839204 46.913405 46.377548 46.856985 46.779554 43.937777
-9999.0 -612.029687 -594.097767 -581.728210 -557.898707 -542.053910 -528.258450 -497.172367 -429.588700 -361.973385 -176.869037 -58.878038 27.241218 40.080221 47.307404 49.621873 56.518056 56.875553 57.017375 51.831657 46.279456 45.089487 46.772005 49.412549 49.977127 50.499411 49.105691 48.004531 47.842604 48.412178 48.507381 48.650222 48.660398 48.412632 47.880577 48.022449 48.923177 48.414346 47.981481 47.723345 47.474238 46.736285 46.136690 45.780866 45.660749 46.104411 45.580793 44.869225 44.262841 44.017828 43.611795 43.283503 43.514811 43.168187 42.409683 41.063079 36.877158
-9999.0 -648.873602 -587.681021 -581.672590 -567.666374 -564.313900 -562.018599 -536.876544 -501.904710 -368.947980 -105.923970 -14.500050 28.582885 34.731900 42.309261 49.839275 50.111560 44.990681 41.972646 40.193509 40.822496 41.953417 43.112855 45.118249 46.596889 47.511002 47.641223 46.849934 45.384308 44.955702 45.062090 44.327435 43.747773 43.997785 43.544619 44.184019 44.861120 43.848061 42.788292 41.103884 39.176828 37.267967 36.520329 36.541389 36.491507 36.180510 35.440186 34.453183 33.200264 32.166810 31.515548 31.139041 30.425134 25.119642 13.827204 -5.231285 -48.713528
-9999.0 -9999.0 -614.841629 -581.065106 -577.870065 -573.872329 -570.881014 -550.225336 -530.871336 -459.820585 -366.722809 -181.469366 -111.249260 -73.032610 -18.707104 29.999757 32.429567 35.105094 31.473689 32.070981 32.625488 32.984046 34.128502 35.619980 37.524291 39.041596 40.009528 39.673267 38.168192 35.860082 33.407949 31.856547 31.037026 30.162495 31.291580 32.805638 32.441711 31.810310 30.295422 18.375117 -3.229397 -33.666368 -46.486476 -49.504524 -50.939126 -54.662258 -60.230246 -72.614933 -84.000364 -94.345031 -97.986500 -101.996453 -106.944119 -118.644522 -136.338934 -171.844735 -278.720103
-9999.0 -9999.0 -655.464884 -598.306387 -576.364893 -561.725357 -565.228052 -564.612466 -534.247022 -522.798932 -503.800092 -467.531398 -429.335257 -386.590416 -298.608374 -170.853866 -134.383484 -122.322058 -117.960575 -112.448979 -99.182803 -85.586191 -73.628338 -58.190382 -36.228826 -12.917412 -1.936868 -19.938375 -43.011065 -67.266941 -89.165255 -108.375974 -117.321991 -122.369461 -119.265495 -113.699018 -117.843061 -126.328140 -139.800955 -164.565457 -213.517058 -302.929666 -326.343252 -331.705368 -332.628795 -338.971807 -347.731863 -367.017935 -385.792430 -396.962300 -404.982713 -412.059226 -416.013312 -425.125879 -436.533358 -445.512159 -463.922224
