tests/Borden05m/sims/sim_1/output-maps/psiliqL0011N0019.asc
ncols         160
nrows         34
xllcorner     620200.000000
yllcorner     5168000.000000
cellsize      0.500000
NODATA_value  -9999.0
[rows 0 to 24 of 34, columns 0 to 56 of 160]
-9999.0 -9999.0 -9999.0 -9999.0 -9999.0 -9999.0 -9999.0 -9999.0 -9999.0 -9999.0 -9999.0 -9999.0 -9999.0 -9999.0 -9999.0 -9999.0 -9999.0 -9999.0 -9999.0 -9999.0 -9999.0 -9999.0 -9999.0 -9999.0 -9999.0 -9999.0 -9999.0 -9999.0 -9999.0 -9999.0 -9999.0 -9999.0 -9999.0 -9999.0 -9999.0 -9999.0 -9999.0 -9999.0 -9999.0 -9999.0 -9999.0 -9999.0 -9999.0 -9999.0 -9999.0 -9999.0 -9999.0 -9999.0 -9999.0 -9999.0 -9999.0 -9999.0 -9999.0 -9999.0 -9999.0 -9999.0 -9999.0
-9999.0 -9999.0 -9999.0 -9999.0 -9999.0 -9999.0 -9999.0 -9999.0 -9999.0 -9999.0 -9999.0 -9999.0 -9999.0 -9999.0 -9999.0 -9999.0 -9999.0 -9999.0 -9999.0 -9999.0 -9999.0 -9999.0 -9999.0 -9999.0 -9999.0 -9999.0 -9999.0 -9999.0 -9999.0 -9999.0 -9999.0 -9999.0 -9999.0 -9999.0 -9999.0 -9999.0 -9999.0 -9999.0 -9999.0 -9999.0 -9999.0 -9999.0 -9999.0 -9999.0 -9999.0 -9999.0 -9999.0 -9999.0 -9999.0 -9999.0 -9999.0 -9999.0 -9999.0 -9999.0 -9999.0 -9999.0 -9999.0
-9999.0 -9999.0 -9999.0 -9999.0 -9999.0 -9999.0 -9999.0 -9999.0 -9999.0 -9999.0 -9999.0 -9999.0 -9999.0 -9999.0 -9999.0 -9999.0 -9999.0 -9999.0 -9999.0 -9999.0 -9999.0 -9999.0 -9999.0 -9999.0 -9999.0 -9999.0 -9999.0 -9999.0 -9999.0 -9999.0 -9999.0 -9999.0 -9999.0 -9999.0 -9999.0 -9999.0 -9999.0 -9999.0 -9999.0 -9999.0 -9999.0 -9999.0 -9999.0 -9999.0 -9999.0 -9999.0 -9999.0 290.915810 273.572468 257.494431 255.550047 278.270178 301.691124 325.477944 346.085402 364.807518 383.863103
-9999.0 -9999.0 -9999.0 -9999.0 -9999.0 -9999.0 -9999.0 -9999.0 -9999.0 -9999.0 -9999.0 -9999.0 -9999.0 -9999.0 -9999.0 -9999.0 -9999.0 -9999.0 -9999.0 -9999.0 -9999.0 -9999.0 -9999.0 -9999.0 -9999.0 -9999.0 -9999.0 -9999.0 -9999.0 -9999.0 -9999.0 -9999.0 -9999.0 -9999.0 -9999.0 -9999.0 -9999.0 -9999.0 -9999.0 -9999.0 338.289649 344.195160 345.622643 335.025839 323.827463 311.861453 291.978933 274.193441 259.070306 256.465144 259.186056 264.667977 287.553162 312.105387 331.778587 349.095236 368.418562
-9999.0 -9999.0 -9999.0 -9999.0 -9999.0 -9999.0 -9999.0 -9999.0 -9999.0 -9999.0 -9999.0 -9999.0 -9999.0 -9999.0 -9999.0 -9999.0 -9999.0 -9999.0 -9999.0 -9999.0 -9999.0 -9999.0 -9999.0 -9999.0 -9999.0 -9999.0 -9999.0 -9999.0 -9999.0 -9999.0 -9999.0 -9999.0 -9999.0 -9999.0 245.911643 263.460669 281.603306 300.001300 316.701759 323.434736 329.313702 335.128272 331.120981 326.454160 315.197973 296.428190 276.917630 262.969023 260.686737 258.260898 262.728801 275.846457 292.697613 309.144162 330.232807 353.742640 363.168534
-9999.0 -9999.0 -9999.0 -9999.0 -9999.0 -9999.0 -9999.0 -9999.0 -9999.0 -9999.0 -9999.0 -9999.0 -9999.0 -9999.0 -9999.0 -9999.0 -9999.0 -9999.0 -9999.0 -9999.0 -9999.0 -9999.0 -9999.0 -9999.0 -9999.0 -9999.0 -9999.0 -9999.0 249.801142 243.943010 238.913450 237.502250 236.296119 235.236483 242.224321 254.517878 272.776147 294.427682 307.373385 314.630282 321.280627 322.130303 317.294663 315.286051 315.628619 303.994735 292.478889 281.717488 271.373581 270.168704 279.901500 294.048061 310.335352 325.362645 340.992466 353.164231 369.934144
-9999.0 -9999.0 -9999.0 -9999.0 -9999.0 -9999.0 -9999.0 -9999.0 -9999.0 -9999.0 -9999.0 -9999.0 -9999.0 -9999.0 -9999.0 -9999.0 -9999.0 -9999.0 -9999.0 -9999.0 -9999.0 -9999.0 -9999.0 219.883907 225.861249 232.429411 239.902284 240.882905 236.786479 231.225981 228.207447 226.776074 225.254963 229.808560 238.184911 251.962015 267.968294 289.825481 298.556865 305.063171 317.525183 320.121954 325.458367 329.592001 327.945749 325.345594 313.334834 304.521985 310.160211 316.435584 323.277106 331.260785 344.754254 360.635282 378.670659 399.675948 421.842997
-9999.0 -9999.0 -9999.0 -9999.0 -9999.0 -9999.0 -9999.0 -9999.0 -9999.0 -9999.0 -9999.0 -9999.0 -9999.0 -9999.0 -9999.0 -9999.0 -9999.0 -9999.0 -9999.0 194.711023 195.598900 196.721049 201.398735 202.376463 204.640927 211.718026 219.950785 222.263662 220.734441 219.303907 220.975131 223.815555 228.249696 239.842995 253.880837 268.264993 282.519820 303.621387 318.628958 332.655966 348.958491 348.124005 344.060237 342.232087 342.911501 343.628797 349.117435 352.784585 359.214888 365.005912 372.185775 381.775101 393.433238 412.461392 433.396813 454.519454 474.323455
-9999.0 -9999.0 -9999.0 -9999.0 -9999.0 -9999.0 -9999.0 -9999.0 -9999.0 -9999.0 -9999.0 -9999.0 -9999.0 -9999.0 -9999.0 -9999.0 166.118700 167.974304 170.136832 175.532081 178.222492 182.230678 189.177163 190.384856 194.290110 201.505994 206.578166 215.361703 223.450958 230.971622 237.142498 240.083997 247.973977 257.940834 270.177154 286.029421 308.145050 331.432021 348.158809 365.350462 382.701102 383.553265 382.765631 384.229450 385.334103 393.122980 411.680909 418.520074 421.801666 440.413561 455.458514 461.595890 469.968653 489.538726 514.517536 540.837151 572.810770
-9999.0 -9999.0 -9999.0 -9999.0 -9999.0 -9999.0 -9999.0 -9999.0 -9999.0 -9999.0 -9999.0 -9999.0 -9999.0 120.877074 125.028544 134.358847 142.990684 145.349404 149.435069 155.310508 167.528258 171.158189 177.467945 185.176240 196.890507 205.585711 214.972550 226.998957 235.720907 243.268785 250.736933 257.354529 271.351810 287.202068 303.630392 324.497882 346.951864 368.550952 390.193238 406.465069 421.282554 424.866824 424.077379 426.691947 435.429292 454.186021 474.399760 486.674720 508.167667 532.942995 548.195283 561.785849 571.819869 585.898623 608.015174 644.453428 681.818746
-9999.0 -9999.0 -9999.0 -9999.0 -9999.0 -9999.0 -9999.0 -9999.0 -9999.0 -9999.0 86.605717 89.092666 85.674124 86.041769 90.857992 102.804006 116.186280 122.974554 134.360930 155.088187 172.554829 176.182785 191.034088 201.256344 208.106589 218.981000 232.431368 245.748660 263.336707 276.529241 289.433100 310.399198 327.682045 344.980577 363.589270 384.566749 406.244831 437.004606 465.712731 480.868836 505.667411 519.694807 517.743352 518.802293 528.258141 546.606806 570.978709 598.040600 622.168251 649.774575 670.145061 685.683636 697.469598 710.915312 727.369179 761.261282 801.313640
-9999.0 -9999.0 -9999.0 -9999.0 -9999.0 -9999.0 -9999.0 -9999.0 62.414646 69.434124 75.669334 72.669755 68.061046 64.581681 77.876597 93.691601 109.685664 126.963182 143.004871 161.105002 176.778335 193.473658 213.247131 225.336475 237.474308 253.117529 267.310586 285.549457 307.671854 322.568788 341.826118 364.777588 385.244752 404.653293 424.673539 444.592057 474.184294 510.271280 544.744904 570.864525 600.718625 626.385153 627.676589 631.769441 637.573097 664.749392 695.863513 727.731631 755.423625 784.271871 814.315214 832.203588 843.301454 856.294070 871.873511 889.370473 915.816841
-9999.0 -9999.0 -9999.0 -9999.0 -9999.0 -9999.0 36.187329 60.318264 75.156092 67.349118 58.554225 55.161008 51.524881 72.455612 94.042572 111.071972 127.900747 145.454211 162.038776 176.368859 211.303682 228.694025 243.928988 263.545182 278.381327 293.303651 311.488083 336.006469 359.912128 392.980995 423.115514 450.895733 479.485071 501.405686 522.250865 543.382449 577.365752 617.103663 655.794526 687.002935 715.754420 746.577795 755.892748 762.652272 771.167170 791.252143 822.072244 852.360862 886.373392 918.652011 944.808931 956.936112 967.494264 978.964053 992.505978 1005.365473 1019.763567
-9999.0 -9999.0 -9999.0 -9999.0 2.815262 23.732567 44.099011 74.877541 97.476551 92.305605 99.447012 99.959769 98.605586 101.766057 108.144193 126.232697 144.447357 162.932936 181.670555 218.800254 262.105638 279.142533 305.832832 338.849286 353.688016 369.737386 386.709694 411.286654 441.582085 478.512689 526.958894 568.601759 597.536270 622.984450 646.008845 670.413513 704.972692 743.397165 780.848234 815.721603 846.177632 871.592272 885.581113 894.074931 906.055351 921.721598 942.076935 968.568968 998.505106 1030.136315 1055.565568 1070.237962 1078.547494 1089.111627 1100.077512 1112.839558 1125.543151
-9999.0 -9999.0 -9999.0 -45.026037 -6.483953 30.743146 58.107962 89.108747 120.983895 126.843159 135.601433 141.713778 147.922633 157.001533 166.744467 183.622289 198.818267 213.202607 235.207602 272.788560 309.689913 343.438748 377.284034 407.723391 431.149288 448.355437 467.438350 493.464807 535.562952 577.093141 630.520846 686.083753 725.211107 751.432039 773.720007 800.827669 825.635391 860.824052 895.367227 927.950214 959.179419 983.957330 1003.598665 1012.037905 1021.311967 1030.186218 1046.689911 1067.514713 1088.640412 1116.668143 1144.773807 1168.041407 1181.323265 1190.652980 1205.967949 1221.298495 1233.433069
-9999.0 -9999.0 -91.709321 -54.450304 -19.545661 31.682694 84.458083 118.419866 159.466706 184.452065 191.912120 210.462188 227.649754 236.202546 253.132021 270.921729 286.488823 291.929703 307.305431 342.228959 396.206807 446.071022 475.737798 531.000974 565.385051 591.449949 608.119174 635.132125 670.560480 715.225457 765.763389 816.321811 856.178540 888.047233 904.425048 923.148161 945.907300 968.774543 1001.075584 1029.773867 1059.608730 1085.149202 1107.232779 1115.936116 1121.423782 1136.434817 1158.713778 1182.100272 1204.423967 1226.001148 1235.011160 1243.393607 1247.525428 1250.130167 1253.591743 1256.105216 1257.470671
-9999.0 -9999.0 -117.311296 -72.951862 -30.940690 38.024038 115.411936 153.233251 196.728427 242.266354 261.992710 286.922072 304.038172 319.543092 343.985137 367.969201 376.709762 382.352963 383.417036 440.264852 501.406684 561.233566 621.152774 684.363662 726.242541 739.281810 749.451245 769.500659 795.468806 840.350422 890.940540 943.855598 988.229738 1019.178169 1035.381863 1052.591507 1072.488476 1090.538536 1108.732178 1144.662778 1168.725298 1192.345174 1217.297885 1236.938393 1244.948691 1247.532235 1240.903735 1247.172122 1251.521988 1253.755007 1254.821336 1252.072838 1251.760344 1252.668586 1253.802796 1248.919497 1242.257640
-9999.0 -204.698781 -152.668255 -98.680581 -28.448119 40.565199 126.153647 207.363945 261.071707 306.491741 336.643882 354.834938 402.674246 450.032388 477.270508 506.033486 507.244321 509.932915 502.826311 550.254594 605.121486 687.325678 797.617347 850.746284 886.486082 887.768583 883.086081 896.673364 922.607040 966.185559 1031.427651 1078.170508 1128.284577 1165.696189 1180.027599 1186.430573 1203.189377 1222.226396 1220.659905 1236.412134 1243.720945 1250.043645 1250.942134 1252.790098 1253.888103 1254.192562 1251.086145 1244.711963 1236.732548 1230.998588 1226.918355 1222.368196 1224.711208 1227.818464 1228.526115 1221.313055 1212.774464
-9999.0 -239.260230 -179.131356 -106.710235 -34.616123 39.804181 149.723307 285.128667 336.066045 373.540059 402.481053 440.262706 523.993379 590.955322 626.685810 668.838050 665.465072 655.962547 650.252554 685.950699 739.355906 813.383384 942.624901 1020.471443 1036.598605 1044.702857 1050.969101 1075.443101 1109.940037 1144.865652 1177.774306 1191.139625 1213.357970 1225.146962 1230.039173 1232.924928 1236.814125 1238.333704 1236.987846 1234.176677 1230.206733 1231.110179 1235.673012 1235.868049 1233.092987 1229.853474 1223.923597 1215.607007 1208.873887 1203.204453 1199.662762 1196.085065 1194.187825 1194.047856 1189.513495 1183.295392 1173.398468
-9999.0 -265.442015 -195.390453 -130.161609 -59.016921 63.004688 187.626180 320.474350 413.031053 453.381914 492.755689 572.833168 670.417218 759.195500 806.947596 830.958451 837.521193 825.176077 836.566809 882.617553 946.926427 1029.269583 1103.038285 1167.161024 1174.665159 1173.991340 1159.336984 1168.439765 1179.212624 1185.935580 1193.717658 1202.245294 1212.768959 1219.394279 1220.911629 1220.105625 1217.130547 1210.654073 1206.535716 1203.696115 1200.305921 1200.289477 1203.460029 1204.276498 1201.038267 1196.339843 1190.899161 1184.094151 1176.729901 1169.010125 1164.256239 1159.658690 1156.984171 1151.926088 1146.946869 1140.425670 1126.268200
-9999.0 -357.009250 -271.373472 -211.507173 -83.291762 86.079507 212.175624 366.395798 508.278635 555.794979 640.956448 751.658560 847.373147 913.372117 952.656660 992.840372 1020.688309 1045.697082 1080.510610 1066.085873 1117.686466 1163.469304 1181.697167 1188.778804 1184.076944 1181.361541 1171.837211 1153.464535 1145.806369 1143.656048 1151.108943 1164.242548 1174.924633 1184.284825 1184.468517 1186.223799 1186.935700 1184.143747 1180.980851 1173.151886 1165.596745 1160.210462 1158.935012 1163.912279 1158.200164 1153.941043 1147.225853 1138.540162 1129.147618 1120.664681 1112.451923 1105.244117 1101.915529 1095.900171 1093.876482 1085.557154 1058.295396
-9999.0 -437.983203 -359.564740 -260.090575 -112.475918 52.166782 194.070880 366.234657 566.502558 678.367263 788.495070 850.874036 919.201038 979.796295 1039.823379 1079.647059 1101.126788 1110.444096 1108.446979 1119.070799 1095.829826 1094.490486 1112.879105 1136.453864 1144.822096 1145.114579 1134.643133 1123.769293 1118.524201 1120.717931 1123.844031 1127.422718 1130.267531 1131.519115 1130.259390 1132.985684 1137.967992 1132.756978 1125.156186 1117.598565 1110.577885 1102.629357 1097.290209 1093.937166 1091.836757 1090.800989 1082.861861 1072.103915 1061.181982 1052.584385 1044.425282 1038.233842 1035.405211 1030.217680 1022.583635 1010.585531 983.089318
-9999.0 -529.223323 -411.703726 -311.351546 -179.746597 -39.585600 95.421129 265.141021 423.487443 637.309430 799.103568 875.119933 909.450324 959.038162 1016.463592 1076.214192 1081.436395 1054.090447 1027.521325 1016.824345 1024.314936 1036.856270 1051.855828 1070.980735 1085.246417 1091.722876 1091.267995 1083.211667 1070.994448 1064.598958 1061.778100 1056.037865 1052.388991 1053.734943 1055.062769 1062.235562 1065.380578 1056.895798 1044.783218 1029.744294 1016.429940 1006.343888 1003.220241 1003.962380 1003.332030 999.549870 992.292485 981.779130 969.260135 957.664529 949.753047 943.955373 937.161696 927.601293 916.879539 904.679284 879.117310
-9999.0 -9999.0 -483.442630 -371.052125 -257.163753 -129.463634 -4.094914 149.520952 305.749195 493.013050 611.416561 723.732014 785.704080 827.950776 877.698072 927.672848 942.410415 957.551474 939.566864 943.870140 951.566379 959.111455 969.926439 981.652933 993.405036 1001.305735 1006.963524 1004.803996 996.488094 981.893175 965.157686 953.011441 946.581661 941.799047 951.191712 962.633139 960.764556 954.604245 943.326008 928.261462 915.500746 902.194074 898.335369 898.527620 898.197054 894.946647 889.898355 877.145874 864.251332 852.006956 846.089599 839.793931 833.910074 822.953340 811.284493 798.117928 775.078452
-9999.0 -9999.0 -566.466412 -455.523894 -335.985235 -209.724238 -102.937625 -6.020209 153.034105 274.979254 378.949084 472.688511 548.957711 607.766746 651.377330 708.320103 742.501748 756.757171 770.978749 794.468337 818.451602 843.090996 859.674832 872.186233 885.032773 896.578277 904.639091 893.958403 883.870069 868.790262 849.870694 829.442619 819.225155 815.821045 819.447848 825.767769 820.933290 811.652764 797.810228 782.120612 769.114797 757.251083 752.908700 749.861678 748.500131 745.380738 741.762789 732.540132 720.696431 712.303088 703.976717 697.437588 693.786545 686.238961 676.303797 669.016965 650.803236
