tests/Borden05m/sims/sim_1/output-maps/psiliqL0017N0008.asc
ncols         160
nrows         34
xllcorner     620200.000000
yllcorner     5168000.000000
cellsize      0.500000
NODATA_value  -9999.0
[rows 0 to 24 of 34, columns 0 to 54 of 160]
-9999.0 -9999.0 -9999.0 -9999.0 -9999.0 -9999.0 -9999.0 -9999.0 -9999.0 -9999.0 -9999.0 -9999.0 -9999.0 -9999.0 -9999.0 -9999.0 -9999.0 -9999.0 -9999.0 -9999.0 -9999.0 -9999.0 -9999.0 -9999.0 -9999.0 -9999.0 -9999.0 -9999.0 -9999.0 -9999.0 -9999.0 -9999.0 -9999.0 -9999.0 -9999.0 -9999.0 -9999.0 -9999.0 -9999.0 -9999.0 -9999.0 -9999.0 -9999.0 -9999.0 -9999.0 -9999.0 -9999.0 -9999.0 -9999.0 -9999.0 -9999.0 -9999.0 -9999.0 -9999.0 -9999.0
-9999.0 -9999.0 -9999.0 -9999.0 -9999.0 -9999.0 -9999.0 -9999.0 -9999.0 -9999.0 -9999.0 -9999.0 -9999.0 -9999.0 -9999.0 -9999.0 -9999.0 -9999.0 -9999.0 -9999.0 -9999.0 -9999.0 -9999.0 -9999.0 -9999.0 -9999.0 -9999.0 -9999.0 -9999.0 -9999.0 -9999.0 -9999.0 -9999.0 -9999.0 -9999.0 -9999.0 -9999.0 -9999.0 -9999.0 -9999.0 -9999.0 -9999.0 -9999.0 -9999.0 -9999.0 -9999.0 -9999.0 -9999.0 -9999.0 -9999.0 -9999.0 -9999.0 -9999.0 -9999.0 -9999.0
-9999.0 -9999.0 -9999.0 -9999.0 -9999.0 -9999.0 -9999.0 -9999.0 -9999.0 -9999.0 -9999.0 -9999.0 -9999.0 -9999.0 -9999.0 -9999.0 -9999.0 -9999.0 -9999.0 -9999.0 -9999.0 -9999.0 -9999.0 -9999.0 -9999.0 -9999.0 -9999.0 -9999.0 -9999.0 -9999.0 -9999.0 -9999.0 -9999.0 -9999.0 -9999.0 -9999.0 -9999.0 -9999.0 -9999.0 -9999.0 -9999.0 -9999.0 -9999.0 -9999.0 -9999.0 -9999.0 -9999.0 1506.108961 1489.095297 1474.529229 1471.967762 1494.552285 1518.407783 1542.784921 1563.908607
-9999.0 -9999.0 -9999.0 -9999.0 -9999.0 -9999.0 -9999.0 -9999.0 -9999.0 -9999.0 -9999.0 -9999.0 -9999.0 -9999.0 -9999.0 -9999.0 -9999.0 -9999.0 -9999.0 -9999.0 -9999.0 -9999.0 -9999.0 -9999.0 -9999.0 -9999.0 -9999.0 -9999.0 -9999.0 -9999.0 -9999.0 -9999.0 -9999.0 -9999.0 -9999.0 -9999.0 -9999.0 -9999.0 -9999.0 -9999.0 1553.147555 1559.320911 1560.480557 1550.684987 1539.945814 1527.735476 1507.893754 1490.403875 1476.451016 1474.606491 1477.768311 1482.691300 1505.275641 1530.799333 1551.164856
-9999.0 -9999.0 -9999.0 -9999.0 -9999.0 -9999.0 -9999.0 -9999.0 -9999.0 -9999.0 -9999.0 -9999.0 -9999.0 -9999.0 -9999.0 -9999.0 -9999.0 -9999.0 -9999.0 -9999.0 -9999.0 -9999.0 -9999.0 -9999.0 -9999.0 -9999.0 -9999.0 -9999.0 -9999.0 -9999.0 -9999.0 -9999.0 -9999.0 -9999.0 1458.970264 1476.570960 1495.097286 1514.115312 1531.481791 1538.809955 1544.861642 1550.873267 1547.108858 1543.108371 1532.249269 1513.106457 1494.192653 1481.176096 1479.967047 1478.150657 1482.894572 1496.039269 1513.489747 1530.028797 1551.541626
-9999.0 -9999.0 -9999.0 -9999.0 -9999.0 -9999.0 -9999.0 -9999.0 -9999.0 -9999.0 -9999.0 -9999.0 -9999.0 -9999.0 -9999.0 -9999.0 -9999.0 -9999.0 -9999.0 -9999.0 -9999.0 -9999.0 -9999.0 -9999.0 -9999.0 -9999.0 -9999.0 -9999.0 1461.285796 1455.717909 1451.278552 1450.387584 1449.687016 1449.213780 1456.388521 1468.664557 1486.994429 1509.466161 1523.210385 1531.093072 1538.400495 1539.650605 1535.040372 1533.852487 1534.968087 1523.616444 1512.475743 1502.092540 1492.088940 1490.841508 1501.010921 1516.001956 1533.065219 1548.692117 1564.908183
-9999.0 -9999.0 -9999.0 -9999.0 -9999.0 -9999.0 -9999.0 -9999.0 -9999.0 -9999.0 -9999.0 -9999.0 -9999.0 -9999.0 -9999.0 -9999.0 -9999.0 -9999.0 -9999.0 -9999.0 -9999.0 -9999.0 -9999.0 1429.840872 1435.655061 1442.629180 1450.675215 1452.125993 1448.689709 1443.686693 1441.407084 1440.650348 1439.515506 1444.743692 1453.183325 1467.291813 1483.719303 1506.532842 1515.858927 1522.236592 1535.023504 1538.894933 1546.109763 1551.022089 1550.155716 1547.824111 1535.498033 1526.427350 1531.524391 1537.767135 1545.523292 1554.569373 1568.969071 1584.838084 1602.555060
-9999.0 -9999.0 -9999.0 -9999.0 -9999.0 -9999.0 -9999.0 -9999.0 -9999.0 -9999.0 -9999.0 -9999.0 -9999.0 -9999.0 -9999.0 -9999.0 -9999.0 -9999.0 -9999.0 1404.114180 1405.323581 1406.975381 1412.114099 1413.119438 1415.598045 1423.069312 1431.792006 1434.952600 1433.742595 1433.165934 1435.431085 1438.957314 1444.254436 1456.209113 1470.806210 1485.848447 1500.381545 1522.198396 1537.862610 1552.102773 1568.911405 1569.609725 1566.790704 1566.104752 1567.539932 1568.347002 1571.977677 1574.792084 1582.133239 1586.846717 1593.532695 1603.949759 1616.744827 1635.678719 1656.053080
-9999.0 -9999.0 -9999.0 -9999.0 -9999.0 -9999.0 -9999.0 -9999.0 -9999.0 -9999.0 -9999.0 -9999.0 -9999.0 -9999.0 -9999.0 -9999.0 1374.918288 1376.991017 1379.572037 1385.267536 1388.761654 1393.220060 1400.695823 1402.559336 1406.853328 1414.662499 1420.178267 1429.900656 1438.863981 1446.993844 1453.864923 1457.470252 1465.702539 1476.286034 1489.136587 1505.150881 1527.419543 1551.825354 1569.161593 1587.202249 1605.590748 1607.495032 1607.578769 1609.831942 1611.157914 1617.563043 1635.561307 1642.025855 1642.932200 1658.969049 1673.717223 1679.585230 1688.481373 1709.116787 1733.788404
-9999.0 -9999.0 -9999.0 -9999.0 -9999.0 -9999.0 -9999.0 -9999.0 -9999.0 -9999.0 -9999.0 -9999.0 -9999.0 1327.233412 1331.622034 1341.729073 1351.869161 1354.934498 1359.855136 1366.568753 1379.307833 1383.564401 1390.414556 1398.627968 1411.500204 1420.981694 1430.960412 1443.720657 1453.029528 1461.247727 1469.240387 1475.379354 1489.439787 1505.678010 1522.453778 1543.817511 1567.262289 1588.797246 1610.261954 1627.805555 1642.606376 1645.061736 1645.769232 1649.745893 1658.375175 1676.213537 1696.176478 1704.853426 1722.680608 1746.756564 1761.036662 1773.216710 1782.842662 1797.937718 1820.802372
-9999.0 -9999.0 -9999.0 -9999.0 -9999.0 -9999.0 -9999.0 -9999.0 -9999.0 -9999.0 1294.750803 1297.208512 1294.183747 1293.787155 1299.527558 1312.211112 1326.656059 1333.557997 1345.863112 1367.558645 1386.289655 1390.508546 1405.655208 1416.830639 1424.603301 1436.019600 1450.198878 1463.988747 1481.686784 1495.289620 1507.628850 1527.889461 1545.785419 1563.926417 1583.347733 1605.494346 1626.367141 1655.694381 1684.262606 1698.205641 1721.234184 1732.342297 1731.318211 1733.098069 1744.221692 1761.218474 1783.073343 1806.821708 1829.934540 1856.520249 1874.157582 1889.902730 1901.947548 1915.580698 1933.082941
-9999.0 -9999.0 -9999.0 -9999.0 -9999.0 -9999.0 -9999.0 -9999.0 1269.486477 1277.367538 1283.806070 1281.299960 1277.419115 1273.685662 1288.280674 1304.704128 1321.414810 1339.939500 1356.644081 1375.720605 1391.645614 1408.583421 1429.610308 1442.319525 1455.032037 1471.642089 1486.598649 1504.714043 1527.402264 1540.770529 1558.083240 1580.966848 1601.006152 1620.980113 1641.913745 1662.139679 1689.701732 1724.969017 1758.732995 1782.449230 1812.279136 1836.341886 1837.027885 1841.079442 1847.248291 1874.636928 1905.520989 1938.042898 1964.309218 1992.925431 2023.926610 2043.764518 2055.703085 2069.539950 2086.071492
-9999.0 -9999.0 -9999.0 -9999.0 -9999.0 -9999.0 1241.201795 1265.874254 1281.496158 1274.057783 1263.906705 1260.682174 1256.976146 1282.856642 1305.771890 1323.943218 1341.746729 1360.344663 1377.881848 1391.032302 1425.102034 1444.610474 1459.911514 1478.514285 1494.761147 1511.099585 1530.129473 1554.963039 1577.880292 1608.041809 1634.086087 1658.892712 1687.211337 1709.193379 1730.486221 1750.688352 1784.070680 1823.689722 1862.725156 1893.363420 1922.622218 1956.151014 1964.402384 1971.895979 1980.314371 2004.129573 2038.276677 2070.524413 2105.885717 2139.462495 2168.136793 2181.382753 2192.821638 2205.031425 2219.423684
-9999.0 -9999.0 -9999.0 -9999.0 1207.144219 1228.379909 1248.658118 1279.831440 1303.027362 1298.926408 1306.090701 1306.834128 1305.559997 1310.791880 1319.214450 1338.290365 1358.203128 1378.472299 1396.896470 1431.606821 1477.842276 1494.169501 1518.843025 1552.282413 1567.575306 1584.842854 1603.260823 1628.126982 1655.583136 1690.301822 1734.619577 1772.866608 1800.697620 1825.986940 1849.982871 1874.088278 1911.446294 1952.122313 1991.769079 2028.193015 2060.020283 2088.330658 2102.100878 2111.694282 2125.320998 2143.808322 2167.255543 2196.436512 2229.665146 2262.924049 2288.628348 2302.254391 2310.438254 2321.559181 2332.014735
-9999.0 -9999.0 -9999.0 1156.404266 1195.488053 1234.183045 1261.591446 1293.213698 1326.423177 1331.306827 1341.581184 1346.919939 1352.048844 1361.468374 1370.412732 1388.850245 1406.905211 1425.166165 1448.754232 1486.587627 1522.297654 1551.689689 1585.089269 1612.094964 1633.842288 1651.836815 1673.104086 1699.025650 1740.832530 1779.514900 1831.634759 1887.099004 1925.970483 1952.670310 1978.260745 2008.740435 2036.819331 2076.524793 2114.049683 2149.509090 2183.358204 2209.644971 2229.330216 2238.157843 2249.400619 2258.973718 2275.794313 2298.348654 2321.283195 2351.223338 2380.424039 2406.948937 2421.842338 2432.513838 2449.024874
-9999.0 -9999.0 1108.701668 1147.124945 1181.074814 1231.204095 1285.047184 1320.720142 1362.683500 1387.149899 1395.062527 1412.789922 1429.742486 1437.703769 1453.756859 1471.793479 1492.115046 1501.169437 1520.688312 1550.244159 1599.632022 1645.148577 1663.879264 1715.128158 1750.830076 1782.591865 1804.160180 1833.811892 1872.556414 1915.336759 1965.764767 2018.362738 2058.812035 2092.301280 2111.781773 2134.247360 2159.114093 2186.368384 2223.176394 2253.373238 2286.952032 2314.345793 2336.940140 2343.838842 2349.613235 2366.509374 2392.598772 2420.614158 2446.684753 2471.877650 2472.309277 2487.108023 2494.282353 2498.656416 2504.719662
-9999.0 -9999.0 1081.245992 1126.798568 1166.441384 1231.952118 1314.185567 1352.241226 1396.430719 1444.446478 1464.670980 1491.217542 1502.294868 1510.402114 1535.053227 1558.022086 1574.062265 1583.154466 1584.080471 1641.246850 1700.909470 1748.958316 1790.836246 1862.743040 1912.879333 1934.695143 1951.654223 1975.374559 2001.811342 2046.382519 2094.452097 2149.710500 2195.334577 2228.513384 2246.865701 2267.785468 2289.936880 2309.101322 2330.013237 2372.223425 2402.974120 2430.957630 2459.713913 2480.993117 2490.174890 2494.920573 2482.440941 2495.142994 2504.068905 2508.573502 2510.850566 2508.383950 2508.560106 2509.934131 2511.420250
-9999.0 991.172300 1043.625124 1096.671814 1165.311944 1232.369455 1315.253609 1396.040015 1457.270597 1508.479401 1540.296721 1552.470782 1585.374643 1627.667080 1655.291826 1682.574417 1688.678624 1697.329893 1688.422287 1740.352025 1790.261390 1862.382118 1972.400992 2032.490710 2084.369512 2089.228157 2086.823128 2100.948017 2125.675264 2171.775750 2243.039521 2293.912841 2351.315238 2395.507055 2413.150763 2422.074584 2441.484017 2462.950242 2444.027990 2472.050042 2485.927500 2497.526656 2502.692529 2505.688845 2507.954974 2509.239280 2507.157089 2501.864088 2495.133104 2490.513760 2487.300826 2483.508422 2486.473385 2490.133129 2491.025395
-9999.0 955.106109 1014.376987 1085.718884 1156.820881 1221.647925 1322.515872 1472.454620 1530.978199 1572.354088 1596.389881 1614.487103 1692.787631 1761.730788 1797.711824 1845.305119 1841.030867 1832.700773 1817.693731 1851.743030 1901.743393 1977.618726 2127.584889 2215.754903 2252.442016 2266.962454 2276.504231 2306.295902 2346.794861 2387.736128 2425.208386 2420.772692 2453.641715 2471.339403 2477.760042 2481.371929 2487.400437 2489.257709 2489.386892 2487.490026 2484.547086 2486.293274 2491.728637 2492.722847 2491.031203 2488.960143 2484.374951 2477.767601 2473.096870 2469.155467 2467.003879 2464.493249 2463.124110 2463.118330 2458.675936
-9999.0 923.229778 995.460577 1058.477779 1120.531762 1231.590479 1360.340103 1500.198742 1597.442973 1639.377983 1659.497560 1728.028556 1834.642260 1937.561192 1993.660759 2021.990884 2022.925228 2000.010027 2001.820611 2048.841542 2117.146574 2216.616363 2320.047475 2404.598032 2422.514746 2430.375628 2408.409701 2427.710647 2445.527530 2451.190067 2455.416793 2462.366095 2470.035290 2475.308042 2476.407448 2475.885423 2473.372942 2467.426870 2464.293219 2462.484972 2460.308176 2460.785769 2464.106923 2466.142138 2464.228530 2461.038134 2457.128961 2451.967712 2446.166966 2439.940426 2436.270495 2432.457015 2430.378911 2425.252551 2420.713372
-9999.0 818.779333 909.071487 961.698880 1069.094268 1247.698685 1377.039798 1528.104196 1682.118936 1723.311533 1799.291585 1929.842517 2044.352008 2125.397069 2168.569230 2212.592802 2244.118878 2269.233823 2307.268685 2253.192362 2316.947293 2385.178171 2417.688644 2435.362956 2443.245385 2448.534215 2444.247907 2428.449993 2421.331843 2417.581282 2421.741904 2431.093802 2438.215404 2445.208985 2444.742276 2446.951314 2448.664470 2446.567371 2443.908497 2436.715982 2430.039053 2424.824872 2423.197913 2428.614186 2424.105077 2421.422855 2415.703322 2407.833934 2399.110880 2391.749803 2384.214014 2377.604978 2374.758145 2368.847935 2366.506573
-9999.0 737.929978 814.197846 898.033362 1031.567864 1197.291052 1322.334651 1490.912860 1709.969375 1836.204790 1975.510980 2059.230964 2139.362018 2202.805432 2267.610196 2319.754535 2348.884368 2362.986469 2352.234942 2368.894634 2338.829178 2335.299968 2356.857126 2387.603671 2405.464400 2413.130543 2408.323143 2401.126795 2396.499398 2397.441840 2397.542896 2396.715779 2395.526189 2394.049291 2391.937862 2395.064212 2400.658293 2395.172194 2386.766848 2378.959594 2371.872036 2363.751687 2358.313606 2354.585097 2353.701339 2353.449908 2345.912054 2335.603263 2325.157218 2317.039029 2309.456948 2303.900919 2300.774380 2294.875310 2285.122158
-9999.0 634.988000 758.961710 849.985578 967.226982 1104.076857 1228.293111 1392.903147 1542.349270 1772.681761 1933.977379 2065.905822 2117.072641 2184.543578 2246.628171 2319.530063 2326.722918 2301.858459 2271.611919 2260.828610 2271.441827 2284.604906 2300.078554 2321.629931 2342.168986 2354.756932 2360.089318 2355.101063 2343.003308 2333.971042 2326.847197 2316.598757 2309.378622 2308.271518 2310.235184 2318.476657 2320.777503 2312.308941 2299.803067 2283.702887 2269.603162 2258.799530 2255.912538 2257.172985 2256.920963 2252.697694 2245.672483 2234.759920 2222.014794 2209.893000 2202.585603 2196.916334 2189.114609 2177.632434 2164.489164
-9999.0 -9999.0 681.650890 792.707871 898.854969 1020.776759 1132.968059 1274.190625 1426.507378 1610.930475 1734.516372 1881.838442 1965.908956 2017.593514 2069.098525 2128.600079 2153.312767 2179.438403 2169.761495 2179.707273 2190.684661 2199.982955 2211.890566 2225.179022 2240.581731 2252.958446 2263.196189 2262.363827 2254.221758 2236.656524 2215.119216 2198.425411 2189.068742 2181.518357 2191.397352 2203.014518 2199.662484 2193.288866 2181.528218 2165.759550 2152.846608 2138.809913 2134.585104 2134.021435 2133.325116 2129.634377 2124.695469 2111.144957 2097.714303 2085.718435 2079.900898 2073.133694 2067.215929 2055.455267 2042.540245
-9999.0 -9999.0 596.522821 704.841390 817.722467 941.196343 1040.030271 1105.177913 1257.472098 1375.193712 1485.042643 1591.292482 1681.934588 1751.296198 1797.174181 1862.229331 1910.224921 1930.385794 1958.514984 1997.033994 2027.912362 2061.383731 2083.923179 2098.997089 2115.357870 2131.107553 2141.060323 2129.595324 2118.969743 2102.145056 2079.982622 2055.580870 2042.760965 2039.518497 2040.666563 2044.703284 2038.568637 2029.349682 2015.272878 2000.267019 1987.395168 1976.276705 1971.593084 1966.743348 1964.098157 1960.124594 1956.159051 1947.341421 1935.937603 1928.230576 1919.178774 1912.924071 1909.446599 1902.518002 1892.801823
