tests/Borden05m/sims/sim_1/output-maps/psiliqL0007N0003.asc
ncols         160
nrows         34
xllcorner     620200.000000
yllcorner     5168000.000000
cellsize      0.500000
NODATA_value  -9999.0
[rows 0 to 24 of 34, columns 0 to 55 of 160]
-9999.0 -9999.0 -9999.0 -9999.0 -9999.0 -9999.0 -9999.0 -9999.0 -9999.0 -9999.0 -9999.0 -9999.0 -9999.0 -9999.0 -9999.0 -9999.0 -9999.0 -9999.0 -9999.0 -9999.0 -9999.0 -9999.0 -9999.0 -9999.0 -9999.0 -9999.0 -9999.0 -9999.0 -9999.0 -9999.0 -9999.0 -9999.0 -9999.0 -9999.0 -9999.0 -9999.0 -9999.0 -9999.0 -9999.0 -9999.0 -9999.0 -9999.0 -9999.0 -9999.0 -9999.0 -9999.0 -9999.0 -9999.0 -9999.0 -9999.0 -9999.0 -9999.0 -9999.0 -9999.0 -9999.0 -9999.0
-9999.0 -9999.0 -9999.0 -9999.0 -9999.0 -9999.0 -9999.0 -9999.0 -9999.0 -9999.0 -9999.0 -9999.0 -9999.0 -9999.0 -9999.0 -9999.0 -9999.0 -9999.0 -9999.0 -9999.0 -9999.0 -9999.0 -9999.0 -9999.0 -9999.0 -9999.0 -9999.0 -9999.0 -9999.0 -9999.0 -9999.0 -9999.0 -9999.0 -9999.0 -9999.0 -9999.0 -9999.0 -9999.0 -9999.0 -9999.0 -9999.0 -9999.0 -9999.0 -9999.0 -9999.0 -9999.0 -9999.0 -9999.0 -9999.0 -9999.0 -9999.0 -9999.0 -9999.0 -9999.0 -9999.0 -9999.0
-9999.0 -9999.0 -9999.0 -9999.0 -9999.0 -9999.0 -9999.0 -9999.0 -9999.0 -9999.0 -9999.0 -9999.0 -9999.0 -9999.0 -9999.0 -9999.0 -9999.0 -9999.0 -9999.0 -9999.0 -9999.0 -9999.0 -9999.0 -9999.0 -9999.0 -9999.0 -9999.0 -9999.0 -9999.0 -9999.0 -9999.0 -9999.0 -9999.0 -9999.0 -9999.0 -9999.0 -9999.0 -9999.0 -9999.0 -9999.0 -9999.0 -9999.0 -9999.0 -9999.0 -9999.0 -9999.0 -9999.0 -522.081462 -539.647320 -556.782248 -558.449216 -535.866347 -513.037475 -489.995555 -470.120304 -451.996912
-9999.0 -9999.0 -9999.0 -9999.0 -9999.0 -9999.0 -9999.0 -9999.0 -9999.0 -9999.0 -9999.0 -9999.0 -9999.0 -9999.0 -9999.0 -9999.0 -9999.0 -9999.0 -9999.0 -9999.0 -9999.0 -9999.0 -9999.0 -9999.0 -9999.0 -9999.0 -9999.0 -9999.0 -9999.0 -9999.0 -9999.0 -9999.0 -9999.0 -9999.0 -9999.0 -9999.0 -9999.0 -9999.0 -9999.0 -9999.0 -474.766172 -469.068729 -467.487304 -478.629547 -490.124423 -501.899162 -521.766241 -539.678121 -555.590759 -558.781759 -556.522811 -550.932480 -528.186480 -504.680592 -485.917219 -469.005158
-9999.0 -9999.0 -9999.0 -9999.0 -9999.0 -9999.0 -9999.0 -9999.0 -9999.0 -9999.0 -9999.0 -9999.0 -9999.0 -9999.0 -9999.0 -9999.0 -9999.0 -9999.0 -9999.0 -9999.0 -9999.0 -9999.0 -9999.0 -9999.0 -9999.0 -9999.0 -9999.0 -9999.0 -9999.0 -9999.0 -9999.0 -9999.0 -9999.0 -9999.0 -565.128199 -547.749761 -530.053976 -512.270872 -496.196823 -490.009049 -484.331602 -478.718008 -482.943149 -488.090211 -499.636476 -518.174851 -538.097180 -552.695887 -555.778556 -558.773505 -554.742112 -541.986860 -525.968416 -510.100194 -489.883344 -467.660244
-9999.0 -9999.0 -9999.0 -9999.0 -9999.0 -9999.0 -9999.0 -9999.0 -9999.0 -9999.0 -9999.0 -9999.0 -9999.0 -9999.0 -9999.0 -9999.0 -9999.0 -9999.0 -9999.0 -9999.0 -9999.0 -9999.0 -9999.0 -9999.0 -9999.0 -9999.0 -9999.0 -9999.0 -559.516574 -565.624527 -571.129941 -572.993240 -574.666790 -576.278960 -569.603449 -557.511084 -539.541717 -518.684161 -506.503816 -499.869237 -493.823941 -493.377651 -498.477822 -501.133379 -501.403402 -513.340949 -525.242222 -536.431317 -547.245897 -548.745387 -539.714181 -526.637899 -511.485615 -497.605033 -483.251475 -470.435744
-9999.0 -9999.0 -9999.0 -9999.0 -9999.0 -9999.0 -9999.0 -9999.0 -9999.0 -9999.0 -9999.0 -9999.0 -9999.0 -9999.0 -9999.0 -9999.0 -9999.0 -9999.0 -9999.0 -9999.0 -9999.0 -9999.0 -9999.0 -587.718362 -581.722329 -575.551283 -568.603089 -568.083664 -572.773048 -578.824525 -582.462545 -584.492019 -586.449647 -582.565543 -574.494211 -561.240951 -545.853252 -524.986612 -517.004139 -510.744091 -498.788586 -497.289508 -493.414834 -490.008117 -492.419751 -495.500262 -507.680005 -516.772012 -511.300480 -505.624868 -500.102939 -493.639198 -481.701599 -466.966862 -450.116910 -430.395969
-9999.0 -9999.0 -9999.0 -9999.0 -9999.0 -9999.0 -9999.0 -9999.0 -9999.0 -9999.0 -9999.0 -9999.0 -9999.0 -9999.0 -9999.0 -9999.0 -9999.0 -9999.0 -9999.0 -611.850276 -611.263036 -610.619558 -606.407302 -605.642076 -603.670410 -597.013198 -589.278010 -587.712814 -589.646767 -591.843600 -590.784644 -588.647551 -585.076747 -574.063348 -560.792829 -547.302559 -533.750554 -513.686330 -499.698599 -486.383309 -470.934374 -473.253380 -478.555234 -481.559932 -481.884952 -481.876180 -475.941335 -472.643858 -467.888191 -462.555846 -456.288650 -448.565726 -439.143941 -421.808215 -402.646279 -383.420688
-9999.0 -9999.0 -9999.0 -9999.0 -9999.0 -9999.0 -9999.0 -9999.0 -9999.0 -9999.0 -9999.0 -9999.0 -9999.0 -9999.0 -9999.0 -9999.0 -639.491651 -637.861735 -636.112563 -631.116568 -629.117046 -625.569152 -619.153682 -618.574008 -615.116861 -608.501658 -603.957838 -596.067576 -588.862943 -582.085744 -576.760476 -574.688840 -567.510841 -558.503985 -547.306451 -532.295116 -511.129648 -489.540414 -474.241031 -458.637022 -442.931682 -443.645367 -445.757284 -445.566962 -445.540689 -438.031979 -420.557498 -415.233747 -412.337980 -393.942916 -380.622393 -376.284241 -370.329668 -353.733050 -331.154402 -305.169425
-9999.0 -9999.0 -9999.0 -9999.0 -9999.0 -9999.0 -9999.0 -9999.0 -9999.0 -9999.0 -9999.0 -9999.0 -9999.0 -682.662807 -678.715879 -669.997644 -662.532042 -660.775851 -657.405513 -652.288352 -640.629448 -637.637028 -631.923686 -624.798010 -614.115565 -606.238492 -597.594641 -586.477747 -578.648557 -572.134430 -565.691641 -559.517938 -546.403708 -531.737398 -516.587541 -497.273382 -476.927588 -456.946898 -436.970946 -423.381068 -410.293411 -407.507807 -410.607054 -410.150584 -402.817571 -385.283920 -367.155054 -355.088380 -333.572569 -310.400164 -296.505738 -283.821013 -275.487104 -264.136736 -244.490119 -208.108748
-9999.0 -9999.0 -9999.0 -9999.0 -9999.0 -9999.0 -9999.0 -9999.0 -9999.0 -9999.0 -717.984037 -715.463573 -719.144460 -718.322648 -714.181950 -702.822660 -690.288574 -683.744246 -673.187335 -653.380735 -637.072885 -634.176948 -619.881566 -610.663279 -604.822115 -594.761597 -582.345363 -570.029517 -553.369572 -541.494853 -529.444147 -509.380748 -493.989735 -478.836863 -462.518375 -444.351435 -424.546661 -395.516884 -369.505560 -356.428399 -332.914227 -319.038235 -323.569877 -324.687282 -318.077692 -300.613541 -276.314799 -248.517153 -224.577489 -196.120173 -173.656820 -158.324081 -146.905131 -133.201308 -115.495666 -78.747333
-9999.0 -9999.0 -9999.0 -9999.0 -9999.0 -9999.0 -9999.0 -9999.0 -741.491705 -735.019357 -728.891129 -732.189959 -737.271321 -740.611439 -728.252926 -712.960553 -697.618271 -681.413158 -666.140288 -649.117965 -634.126529 -618.158016 -599.819300 -588.764715 -577.661101 -563.389173 -550.589634 -533.406862 -513.140599 -499.103155 -480.785184 -460.257104 -442.068242 -425.656182 -409.008488 -392.396879 -364.826789 -331.622119 -299.831998 -274.954308 -247.258104 -222.012217 -221.688500 -218.411647 -213.317037 -185.688683 -152.878333 -117.696709 -80.885412 -40.356531 -1.247184 21.669383 37.223158 56.888084 84.886884 123.281257
-9999.0 -9999.0 -9999.0 -9999.0 -9999.0 -9999.0 -766.422207 -742.643222 -728.291973 -736.301220 -744.150793 -747.628414 -751.220910 -733.644611 -713.054748 -696.965995 -681.049635 -664.566920 -649.144968 -634.743885 -600.115717 -585.137827 -571.026187 -551.841053 -539.064250 -526.283963 -510.099211 -487.667001 -465.613472 -433.786236 -404.673941 -378.855576 -353.782961 -335.359617 -318.092266 -299.584770 -268.010482 -230.475170 -193.106106 -161.142164 -131.027435 -98.795590 -85.489517 -75.218402 -60.440186 -35.154841 3.930815 50.682005 119.932989 187.745923 226.280276 241.936740 253.586684 266.735501 284.532771 306.689222
-9999.0 -9999.0 -9999.0 -9999.0 -799.343443 -778.657846 -758.236364 -727.721611 -705.508371 -711.374267 -704.245929 -703.918622 -705.408767 -703.779078 -698.991910 -681.881510 -665.232097 -648.542057 -630.471790 -592.955622 -553.167376 -537.506153 -511.465523 -480.703863 -468.078800 -454.754414 -440.958790 -419.419015 -390.907538 -356.880800 -309.943356 -269.940206 -243.627091 -220.360860 -199.559066 -175.906781 -142.818119 -102.166491 -56.710332 -9.321100 34.719825 74.641628 106.181519 133.816978 172.214632 201.544393 228.200531 261.015972 301.824472 344.399879 371.572689 383.928975 389.247295 396.506160 405.099001 416.324659
-9999.0 -9999.0 -9999.0 -845.170494 -807.049900 -770.857345 -743.564392 -713.021439 -682.093721 -675.664581 -668.049072 -661.637558 -655.023472 -646.587958 -636.824620 -621.592937 -609.030552 -598.206023 -578.691343 -543.378733 -508.494825 -475.200211 -444.579149 -415.043403 -393.214253 -379.011403 -364.014635 -340.925182 -301.648251 -261.288324 -208.857419 -153.247815 -111.015589 -78.743639 -52.269334 -20.884885 9.927353 60.504054 131.323160 194.578062 239.569699 271.322694 297.611507 314.586246 334.480848 349.657461 367.043672 384.230575 401.320070 423.505551 444.033182 458.909427 466.475030 471.065285 481.148684 491.506891
-9999.0 -9999.0 -891.071810 -854.651479 -819.194557 -767.343846 -715.400665 -682.736760 -642.528785 -617.515514 -610.810059 -592.358037 -575.858647 -567.912052 -551.475614 -534.956401 -523.737488 -522.238574 -511.946747 -476.927137 -424.477856 -376.717131 -344.000925 -287.310931 -254.128571 -232.407807 -220.212440 -196.099372 -163.159594 -113.554951 -52.204477 11.344369 74.997036 143.138946 179.358677 204.881103 230.731942 257.890100 301.343589 341.009299 372.012731 393.236416 410.824942 419.270366 425.464839 438.181006 454.302093 469.764821 484.259195 498.273954 509.448773 511.008687 511.258168 511.174166 511.380921 511.663353
-9999.0 -9999.0 -915.380823 -871.889499 -828.427474 -757.360708 -683.474923 -646.208911 -603.750426 -560.659895 -542.379166 -520.055831 -500.833183 -482.492633 -460.186061 -437.295703 -435.197082 -434.076472 -436.398154 -384.250207 -326.823391 -261.260794 -185.495547 -118.210039 -72.873288 -61.573909 -53.829552 -33.176231 -0.233060 68.181667 161.046404 228.505176 282.208791 325.040273 349.390241 367.399095 383.379617 397.824268 413.204446 442.241206 458.456867 473.605887 490.177433 506.040716 512.759723 513.766409 510.498178 511.889583 512.457384 512.552945 512.437152 509.334009 508.349301 508.682556 509.760542 505.726094
-9999.0 -1000.725984 -949.115931 -894.628469 -823.541558 -753.568623 -666.728488 -586.104612 -538.661801 -498.840215 -472.173198 -453.056200 -398.547856 -350.401091 -325.134866 -295.965247 -299.777651 -303.673378 -313.739244 -271.473453 -213.448129 -112.711943 34.928349 137.227090 186.712203 195.220846 192.038139 204.978948 231.191988 276.925588 345.969969 387.546504 425.655622 454.609992 465.768573 469.548751 481.073089 495.222728 503.937673 510.734023 512.734511 513.902397 510.026467 510.307708 511.098701 511.830045 509.654292 504.596876 498.182151 494.392348 492.136356 488.998402 491.504709 494.538307 496.381672 492.054021
-9999.0 -1034.162848 -973.611508 -900.649442 -828.200060 -747.959986 -633.025233 -509.018729 -465.691147 -434.244355 -406.254628 -359.404958 -272.142445 -202.369151 -159.967676 -113.636053 -114.864442 -127.707239 -130.113690 -92.010527 -25.150242 92.058109 247.266557 348.146846 368.359825 380.647780 387.527891 405.266812 428.441344 450.797644 471.225182 486.325114 493.707702 496.933693 498.670595 500.003363 501.486842 502.351784 500.492433 498.076987 494.446552 494.923159 498.450462 498.518783 496.799980 495.538329 492.578131 488.022772 485.216160 483.271142 482.637622 481.337026 480.974668 482.255287 480.159971 477.529044
-9999.0 -1056.372133 -987.943562 -921.470880 -844.706804 -716.278159 -596.115040 -471.037732 -386.325987 -352.564257 -304.565932 -213.299146 -103.450465 6.845371 92.464761 148.428356 169.490358 163.219511 175.308925 214.127003 272.653915 351.868324 412.943255 468.625208 479.571207 482.740733 479.111798 483.378355 486.783692 487.640851 488.101790 487.107180 490.894529 493.051894 492.582648 491.030662 488.576158 483.885255 481.785871 481.366539 480.298672 481.352808 484.351174 485.268064 484.113208 482.254263 480.291441 477.674513 474.995395 471.803063 470.791323 469.248773 468.755826 466.189662 463.517371 460.407610
-9999.0 -1139.037631 -1056.694136 -992.316010 -850.836809 -688.864199 -567.437634 -416.000598 -289.241211 -243.108158 -147.547372 -20.981788 136.042231 235.329379 298.210546 351.163631 378.016628 397.246687 419.794194 420.104148 452.330598 479.395679 488.090753 491.403553 486.724398 488.776894 484.581508 471.611406 465.500988 461.062929 462.719259 468.327228 472.537575 477.301205 475.899029 476.834056 477.545763 476.612530 476.448798 472.715248 469.127012 466.672873 466.805186 472.200064 468.467885 466.340564 462.637682 457.670623 452.502034 448.135521 443.951875 440.030687 438.811794 434.749498 433.887339 427.217463
-9999.0 -1219.651906 -1140.080240 -1030.549389 -874.262257 -711.742021 -561.590721 -393.103272 -213.363616 -112.862527 1.467990 105.695442 234.327687 332.646007 399.613901 432.361053 448.420226 453.314468 453.425419 454.502817 432.132108 428.377128 441.255946 459.373863 466.607420 469.986315 464.493656 458.198955 455.023705 455.202571 453.890619 452.840807 451.771665 450.283617 447.817668 449.210228 453.572805 450.962707 447.731562 445.121421 442.879552 438.921788 435.947590 434.109039 432.439441 431.349160 423.392579 412.510452 402.498920 395.651041 389.719799 385.315999 383.693135 379.149610 370.924510 353.209959
-9999.0 -1302.627326 -1189.760993 -1083.575935 -943.055692 -801.925471 -662.393038 -494.873575 -339.108583 -135.716082 70.077851 153.983096 226.629701 304.256243 370.860657 420.700649 426.428876 403.642455 384.079092 374.644692 378.733148 388.498654 401.892654 419.963896 433.277724 440.368315 441.483448 436.197420 425.731889 417.126376 409.215172 399.269486 392.535301 391.547942 390.482653 395.283077 398.446851 392.398522 384.758616 375.415495 367.352097 361.292731 359.665029 360.181007 358.241298 350.661726 334.134244 310.624247 288.310879 271.531341 260.974679 253.885302 246.070779 234.512556 218.119534 189.903289
-9999.0 -9999.0 -1257.261031 -1144.431920 -1025.892125 -895.264245 -763.039550 -605.204343 -453.434977 -270.669264 -149.857956 -40.012478 47.902507 140.326060 212.022105 264.078660 278.088107 291.678440 271.291321 274.034192 282.680451 294.970108 315.318213 338.184382 355.577051 364.624704 369.757795 367.776419 356.464233 331.054796 297.213691 273.070195 259.877332 252.253128 259.700137 270.491953 268.864971 262.763410 252.369561 238.713292 227.183689 215.018727 211.374293 211.096724 208.151193 197.448073 174.259645 131.457878 95.950560 69.658792 57.114215 46.821262 36.889156 21.004842 3.496865 -18.280460
-9999.0 -9999.0 -1338.333848 -1226.035210 -1102.519150 -974.975169 -863.984827 -748.203205 -588.874355 -469.996464 -374.957118 -289.954821 -216.746039 -152.062015 -96.568326 -30.857425 4.871329 20.495649 25.561077 41.166401 69.221805 103.775594 140.701750 178.300665 202.390777 217.197826 226.009402 213.774766 195.079209 157.211534 99.259438 55.268215 34.421358 25.515518 30.849768 40.612123 34.822901 21.462138 3.028742 -17.571820 -34.356718 -50.169319 -56.321753 -59.433843 -61.331825 -66.634637 -74.652802 -90.624437 -107.870995 -119.707130 -128.992838 -136.511207 -140.827013 -149.686941 -160.908945 -169.628960
