tests/Borden05m/sims/sim_1/output-maps/psiliqL0001N0009.asc
ncols         160
nrows         34
xllcorner     620200.000000
yllcorner     5168000.000000
cellsize      0.500000
NODATA_value  -9999.0
[rows 0 to 24 of 34, columns 56 to 111 of 160]
-9999.0 -9999.0 -9999.0 -9999.0 -9999.0 -9999.0 -9999.0 -9999.0 -9999.0 -9999.0 -9999.0 -9999.0 -9999.0 -9999.0 -9999.0 -9999.0 -9999.0 -9999.0 -9999.0 -9999.0 -9999.0 -9999.0 -9999.0 -9999.0 -9999.0 -9999.0 -9999.0 -9999.0 -9999.0 -9999.0 -9999.0 -9999.0 -9999.0 -9999.0 -9999.0 -9999.0 -9999.0 -9999.0 -9999.0 -9999.0 -9999.0 -9999.0 -9999.0 -9999.0 -9999.0 -9999.0 -9999.0 -9999.0 -9999.0 -9999.0 -9999.0 -9999.0 -9999.0 -9999.0 -9999.0 -9999.0
-9999.0 -9999.0 -9999.0 -508.968517 -510.062222 -510.732839 -511.002086 -512.492959 -513.564996 -514.938223 -515.040249 -514.792115 -515.066437 -515.748635 -515.027673 -514.137996 -513.424031 -512.296582 -512.685902 -512.625020 -512.178700 -512.051600 -512.236707 -512.748879 -513.026100 -513.376242 -512.602353 -514.238022 -516.379944 -518.020152 -518.315967 -516.783797 -515.946806 -516.237886 -515.545843 -513.939790 -512.665322 -512.488304 -510.935424 -511.546593 -510.980688 -509.776341 -510.695678 -510.779110 -510.428903 -509.797007 -512.249982 -9999.0 -9999.0 -9999.0 -9999.0 -9999.0 -9999.0 -9999.0 -9999.0 -9999.0
-512.999143 -509.915324 -510.339565 -515.507556 -515.840611 -515.797214 -515.421102 -515.979534 -517.680109 -517.974099 -519.287423 -519.875572 -520.041905 -520.647015 -520.316379 -518.150936 -516.667328 -516.347937 -516.826150 -517.113999 -517.682988 -518.051992 -517.905117 -518.404693 -518.836340 -519.305141 -519.049008 -517.458045 -519.052296 -519.806940 -520.619836 -521.569854 -521.285588 -521.061562 -521.040969 -519.050253 -518.477926 -518.200085 -515.608758 -513.191891 -512.676809 -513.801127 -514.893808 -514.386742 -514.215552 -515.022142 -515.765589 -515.330752 -515.613455 -515.664980 -516.624530 -515.128614 -515.373429 -513.854644 -512.670354 -511.290092
-517.460172 -513.782778 -514.203063 -517.987358 -520.171101 -520.778126 -520.206591 -518.487489 -519.028706 -520.331223 -522.433176 -520.179078 -520.561591 -520.833755 -520.494088 -519.800175 -519.540582 -519.258065 -518.871009 -516.967165 -517.244980 -517.463203 -517.348111 -517.660872 -518.253295 -518.112868 -518.390580 -520.066224 -519.737749 -519.299745 -519.718293 -518.070170 -518.023178 -517.011370 -520.011826 -519.607704 -519.081694 -518.822658 -518.757527 -518.613370 -518.190373 -519.502629 -518.418652 -519.192530 -521.146004 -521.296775 -520.740956 -518.556512 -517.394691 -518.406557 -522.496505 -520.357307 -515.905903 -516.472248 -517.432219 -515.480094
-520.017533 -519.542005 -520.225286 -521.774963 -520.091302 -518.749436 -517.912360 -518.630540 -520.121039 -522.011099 -518.476719 -517.194443 -518.157879 -517.811515 -516.770270 -516.658713 -521.167314 -522.362929 -520.768086 -519.158390 -518.557144 -519.473853 -519.912606 -520.708380 -520.644503 -520.077368 -520.493478 -519.773607 -519.225276 -520.139607 -519.108026 -517.904846 -516.626033 -519.361794 -521.810273 -521.649825 -519.626483 -518.272249 -517.764530 -515.865814 -512.626761 -513.214274 -513.796777 -513.774452 -513.579449 -517.107815 -520.422688 -521.665863 -522.161515 -523.136499 -522.144147 -522.952820 -519.332690 -519.719194 -520.420184 -518.847557
-523.681632 -519.570638 -518.710628 -521.168380 -522.369746 -522.843337 -522.415025 -522.956526 -523.030188 -520.034936 -518.693204 -516.078961 -517.442754 -517.459972 -517.572281 -520.483900 -522.585834 -524.122465 -519.645850 -516.246473 -515.322021 -516.508034 -517.523343 -514.271438 -515.212151 -515.492384 -517.383999 -516.732911 -517.276301 -514.034128 -512.948887 -511.245210 -511.932176 -515.162057 -517.851850 -517.915713 -517.659313 -518.149609 -517.573461 -515.755493 -513.302749 -515.349691 -515.906032 -515.065202 -520.372456 -524.353245 -525.446594 -521.803650 -519.714137 -519.931596 -519.464932 -519.145366 -521.515861 -520.874313 -520.590432 -521.832582
-515.897655 -513.967589 -510.126209 -512.988431 -514.755592 -518.142772 -517.699669 -517.403050 -516.463057 -515.252511 -512.695811 -507.138157 -508.861016 -508.669736 -506.631249 -509.793736 -512.628752 -517.295723 -512.183951 -511.421933 -510.071728 -510.636828 -506.799702 -503.317818 -505.380627 -508.134687 -511.623051 -509.554770 -505.182805 -501.211827 -500.537777 -500.217636 -499.382511 -502.299401 -502.806383 -503.287614 -502.873437 -505.040888 -505.169843 -502.320789 -497.022154 -496.396985 -498.710489 -503.349668 -510.536266 -517.041309 -520.424845 -515.291485 -516.575731 -517.042947 -515.950833 -518.635738 -520.052392 -517.230672 -519.366553 -521.057631
-515.648086 -513.954010 -509.748070 -511.817642 -515.210475 -518.904326 -518.822875 -516.658063 -515.845732 -511.818991 -506.192741 -499.820060 -496.456769 -492.895094 -488.570772 -491.966475 -495.242100 -499.043483 -498.389533 -494.088194 -489.885082 -484.177840 -476.739696 -468.715821 -469.753686 -472.842022 -472.840879 -471.469041 -464.462222 -458.013321 -455.447357 -453.669951 -449.711124 -452.028388 -456.426063 -461.478986 -466.644797 -471.290979 -475.320960 -469.669382 -463.413309 -465.065385 -478.557999 -489.122660 -498.548502 -507.055471 -516.565647 -516.090789 -514.098846 -512.083473 -515.406041 -516.568891 -519.363369 -519.593024 -518.814419 -522.312114
-497.254859 -492.604276 -486.702680 -484.068598 -490.227283 -490.896094 -488.703522 -484.188736 -482.410943 -476.331983 -460.472876 -436.217858 -403.373560 -354.715887 -346.001339 -363.803693 -388.948994 -414.472289 -424.671078 -409.916673 -384.612105 -348.317871 -332.106694 -326.470265 -323.216855 -323.197764 -323.080169 -322.438458 -321.934512 -320.492273 -318.510395 -316.391203 -313.675003 -312.436945 -315.581168 -318.503668 -321.620232 -324.513049 -325.042578 -326.205819 -324.490599 -325.296525 -336.651262 -387.908128 -431.576675 -455.935298 -472.794309 -486.455128 -486.395764 -491.430312 -495.140337 -499.211343 -509.363109 -511.607704 -512.566027 -521.021312
-457.342474 -437.311198 -420.568392 -396.007657 -391.765189 -384.525258 -376.995895 -361.654109 -343.377681 -333.521974 -322.012036 -308.296157 -290.063521 -270.863341 -263.925322 -272.208438 -281.787683 -291.504508 -297.715920 -295.796698 -284.884620 -270.690961 -258.447471 -251.403990 -248.933557 -249.924875 -249.762063 -249.302605 -247.714567 -247.230327 -245.256908 -241.618421 -234.487549 -224.266322 -225.387985 -236.720362 -245.056644 -254.900055 -258.425031 -259.587948 -263.605895 -264.468639 -265.649650 -285.465344 -303.386263 -317.179778 -330.090098 -352.472603 -409.321942 -433.158044 -446.576051 -468.380148 -486.657534 -500.785360 -509.355387 -517.377143
-323.771262 -311.930938 -298.897373 -288.559040 -284.160902 -281.968247 -278.858707 -272.466060 -265.999633 -259.496130 -249.067784 -225.222741 -193.914498 -168.227142 -165.079670 -171.879790 -179.986520 -192.252109 -198.324280 -201.154354 -195.736547 -188.427447 -175.768311 -166.001554 -153.707805 -152.221229 -152.023608 -152.555804 -151.848361 -151.295914 -152.718787 -147.585898 -139.063351 -130.500629 -127.918719 -135.804383 -151.668448 -166.719023 -173.020549 -180.472877 -189.109315 -192.041983 -193.176847 -194.483922 -211.354007 -234.230945 -261.677237 -281.200159 -299.607989 -308.501318 -315.115302 -319.852116 -336.264147 -375.992680 -427.205352 -454.126017
-260.768394 -243.500929 -222.482878 -204.609603 -191.767614 -189.186148 -186.508157 -178.261336 -170.567464 -160.490881 -145.107794 -126.376465 -78.875422 -54.900239 -62.216413 -64.052831 -49.140366 -83.903027 -65.104531 -85.798229 -64.967248 -80.438022 -56.783916 -64.185179 -32.784318 -27.264354 -27.812164 -29.250398 -28.818924 -27.205145 -46.525722 -27.849402 -26.698848 -21.200408 -20.172103 -22.004916 -54.874002 -71.257627 -66.215555 -77.358040 -103.747356 -111.897446 -116.106002 -118.010029 -127.553268 -146.475403 -175.737169 -206.127285 -227.495748 -240.636200 -249.033729 -254.209404 -258.748551 -272.452934 -292.900253 -311.410654
-181.826374 -161.722276 -139.608536 -112.651109 -73.096867 -63.946144 -77.142371 -54.562623 -44.933664 -48.057351 -15.713449 -7.289693 6.642419 21.637039 29.995554 34.746260 36.932545 36.600743 39.581897 38.424742 39.453675 39.284158 40.315162 39.948137 42.121804 43.156650 42.049961 42.846321 42.120568 43.111013 42.445640 42.873045 40.329782 40.899810 39.962781 40.601373 37.649948 30.679331 16.748145 6.662883 -1.597764 -8.044641 -33.058399 -25.113402 -51.282389 -45.120688 -84.224870 -122.166952 -150.876664 -163.221322 -171.464331 -176.572940 -180.602821 -192.960796 -209.679645 -227.826656
-77.180204 -47.187412 -31.821593 -10.166080 5.636574 13.620823 19.869943 23.830465 33.192613 42.182572 45.699731 44.802213 44.730846 45.656904 44.302098 45.526945 44.049601 43.332106 41.922934 42.027224 35.826891 27.801254 28.787112 29.904417 32.392844 35.061338 34.132786 34.137105 37.528915 35.387323 30.919790 27.469659 26.059898 25.781771 32.506819 34.586090 35.739623 35.739618 35.606743 35.053270 35.040703 34.700903 34.561840 34.298859 29.615084 21.788530 4.692355 -33.900683 -49.928801 -66.280705 -95.029861 -98.413363 -101.017267 -106.712009 -124.340615 -149.634748
26.382940 36.666000 45.980798 46.959588 45.857310 46.962601 46.632936 49.906839 47.680506 46.077377 41.047395 37.798714 36.392363 34.912692 33.381230 33.381759 31.956826 28.122945 25.382448 20.528631 10.953913 -0.952749 -19.237822 -10.618396 6.930172 10.301331 12.611163 15.242659 17.042962 12.892864 6.009640 -2.794816 -3.769104 4.689884 7.914044 11.634750 12.222013 10.517447 8.850474 8.945770 7.097063 7.505844 12.959846 24.044362 31.589020 31.536016 31.297042 31.035196 31.027538 11.103434 -7.338702 -19.768623 -8.928266 -18.931521 -37.717688 -79.535724
40.573343 39.489060 38.171142 32.204578 27.367065 26.645895 30.663849 36.172993 38.497142 31.573018 24.593145 18.532118 12.766207 11.174968 10.067235 9.148302 9.213197 4.769690 -12.972506 -16.307926 -27.661045 -61.532110 -71.882060 -68.957282 -40.442235 -30.751008 -22.995568 -18.974696 -23.605073 -30.301710 -42.280375 -68.523843 -70.199355 -63.075843 -37.519816 -25.812496 -23.510058 -23.598906 -28.067615 -31.617321 -37.683655 -39.196346 -32.211426 -32.042211 -8.506359 5.710202 12.033306 18.401923 23.581737 30.491432 30.316084 30.164964 29.944741 25.899251 13.534783 -3.723576
26.490931 20.822891 16.646203 10.534277 5.260049 4.799773 7.059997 10.570525 8.718916 0.902186 -27.072962 -39.905373 -49.188088 -51.499374 -30.527150 -28.480894 -27.849439 -48.560722 -75.271927 -92.678961 -106.162968 -122.230214 -126.308891 -128.204910 -125.615406 -113.643179 -98.736649 -93.634762 -104.774943 -113.479985 -127.119860 -137.204892 -140.028771 -137.090939 -125.591679 -108.365031 -93.486066 -93.325323 -101.930022 -110.185905 -114.767320 -116.780296 -109.643738 -92.601701 -71.376552 -43.161598 -46.072133 -27.272177 -34.776225 -27.158948 -14.892920 9.514420 18.596976 28.825038 29.048694 28.819404
4.879672 -11.820709 -25.773462 -16.908927 -27.497129 -38.781294 -28.272644 -28.458911 -33.590205 -64.160996 -79.522821 -91.936696 -102.084262 -112.945312 -113.226732 -115.049080 -114.371678 -127.982596 -141.658195 -160.415702 -173.440390 -186.043298 -191.518971 -194.750811 -197.771947 -189.747798 -174.821761 -166.333917 -180.875508 -189.827023 -202.093321 -208.274749 -210.941088 -209.734040 -201.622105 -181.610532 -165.696631 -161.114326 -169.196505 -176.369551 -179.827555 -180.520853 -176.063174 -161.084515 -141.472687 -121.653240 -109.795835 -100.805276 -94.993654 -85.098935 -68.597112 -37.846926 -25.238616 -10.475284 5.944192 17.843586
-37.176801 -59.391828 -71.081662 -79.896443 -90.587810 -97.150331 -95.530346 -101.934984 -108.896860 -121.597381 -160.398613 -173.428806 -186.930317 -198.141454 -202.078739 -209.499192 -213.116011 -221.582364 -227.421138 -235.907661 -245.499859 -254.489297 -261.862730 -263.265688 -265.138335 -267.511696 -261.142796 -258.177768 -260.644627 -265.579010 -271.202655 -273.992663 -275.584936 -272.424839 -263.417154 -255.789976 -248.589309 -245.858582 -250.874141 -247.841170 -244.129799 -244.716760 -233.083130 -221.896944 -207.960379 -190.690453 -172.537962 -163.161458 -155.713720 -146.041562 -130.907594 -112.694557 -95.852772 -72.996173 -37.381880 -21.530337
-92.229791 -106.782620 -120.510201 -131.990249 -143.496477 -154.479794 -154.231163 -157.870482 -163.025733 -190.524369 -225.033263 -246.627130 -256.542348 -268.190952 -275.084283 -285.672973 -301.141311 -307.915425 -311.463355 -310.435618 -314.928040 -320.765306 -325.218165 -326.950608 -328.455803 -333.937420 -339.483835 -335.721976 -330.561636 -335.972443 -343.874395 -344.320463 -347.594695 -343.590473 -331.572594 -325.309897 -322.621625 -320.010592 -317.538186 -316.181740 -313.627831 -300.738924 -288.660417 -276.931096 -265.160427 -252.301817 -237.036072 -223.455788 -214.774533 -204.617330 -189.450476 -175.474119 -157.447438 -135.766691 -108.375606 -90.850399
-152.631605 -168.520611 -181.779455 -194.438085 -207.406487 -225.590667 -227.933224 -233.485723 -240.000455 -266.158787 -293.827320 -312.862112 -321.233613 -330.213897 -343.246557 -393.342513 -431.799093 -445.574280 -445.226136 -441.551168 -445.887127 -456.017235 -463.981084 -469.350180 -474.694198 -482.047794 -486.114344 -482.315574 -478.343602 -479.577879 -480.636112 -479.579265 -480.018069 -480.099401 -478.193051 -469.986193 -464.803453 -459.643073 -455.683608 -453.203352 -437.245231 -411.965227 -371.455108 -332.663692 -321.774573 -310.897487 -294.496327 -278.297293 -269.279080 -258.617208 -246.059571 -231.856244 -216.912876 -197.482597 -172.892744 -152.964188
-207.269326 -226.857361 -242.238657 -256.231033 -277.120136 -291.654232 -299.122529 -303.996556 -316.191292 -334.393017 -395.455896 -438.264797 -455.207387 -468.327583 -479.755797 -490.252337 -498.187971 -502.912230 -499.434581 -497.920833 -494.964658 -499.585257 -503.118160 -503.705823 -506.817334 -509.514043 -513.402840 -510.181884 -509.058616 -505.608675 -506.326724 -506.453166 -504.855739 -505.684234 -505.732390 -508.007500 -505.368047 -504.185406 -502.897749 -496.716269 -490.851883 -484.254798 -477.427729 -466.414635 -452.015555 -431.264813 -386.868301 -333.463795 -321.410054 -311.580524 -296.041311 -280.747623 -269.378090 -256.423639 -239.053209 -221.600436
-271.634448 -285.539679 -303.417119 -319.893097 -341.701534 -405.299401 -419.043079 -440.970819 -458.265244 -479.320518 -491.248729 -496.359736 -501.392342 -504.906372 -507.426782 -511.885245 -514.754772 -519.802062 -517.627188 -514.920777 -510.861557 -514.320301 -514.649035 -513.682315 -515.436296 -517.269194 -520.635471 -520.162738 -517.602124 -514.542624 -514.999164 -514.520690 -512.694613 -512.625918 -514.053624 -517.136992 -516.531669 -514.896074 -513.506255 -510.361036 -507.589687 -504.845003 -502.476342 -498.500903 -493.441210 -487.552896 -478.677645 -464.076829 -451.212976 -429.667174 -379.410490 -332.082448 -322.597814 -314.957373 -300.262346 -284.037280
-328.661504 -351.246171 -413.473503 -449.947393 -473.774722 -490.875610 -498.472480 -504.537620 -510.061259 -511.769032 -513.616474 -515.666589 -517.217263 -518.937871 -520.475310 -521.630634 -523.867948 -529.052998 -526.773328 -523.812913 -520.400697 -520.299859 -520.603827 -520.187402 -520.827181 -523.068993 -527.337039 -525.580747 -523.184096 -521.073208 -520.565149 -520.281731 -518.897303 -519.950180 -522.055423 -525.190322 -523.984103 -521.874362 -520.965403 -519.808709 -517.936840 -515.964191 -514.061789 -511.769958 -509.482305 -506.084274 -502.038873 -496.974888 -490.941668 -483.601404 -472.841341 -463.460649 -452.336147 -439.978193 -414.211977 -357.752247
-464.956107 -478.358094 -487.745941 -496.163302 -504.935900 -508.739561 -511.980954 -514.639606 -517.582556 -519.243714 -520.568057 -519.224298 -519.659676 -521.793619 -521.300990 -522.295928 -526.453998 -524.722944 -523.476332 -519.993144 -520.754841 -520.975676 -521.797921 -521.160940 -521.644557 -525.835437 -523.654122 -522.830247 -520.536162 -520.313929 -519.969493 -519.698689 -519.328117 -519.832997 -522.815797 -522.195594 -521.529700 -519.514983 -519.775317 -519.258086 -517.141941 -516.925296 -515.961127 -514.414681 -512.810650 -510.833061 -508.306427 -504.375269 -500.192634 -495.951085 -494.979594 -491.618995 -488.473661 -491.054799 -484.510695 -476.715388
