tests/Borden05m/sims/sim_1/output-maps/psiliqL0020N0008.asc
ncols         160
nrows         34
xllcorner     620200.000000
yllcorner     5168000.000000
cellsize      0.500000
NODATA_value  -9999.0
[rows 0 to 24 of 34, columns 0 to 54 of 160]
-9999.0 -9999.0 -9999.0 -9999.0 -9999.0 -9999.0 -9999.0 -9999.0 -9999.0 -9999.0 -9999.0 -9999.0 -9999.0 -9999.0 -9999.0 -9999.0 -9999.0 -9999.0 -9999.0 -9999.0 -9999.0 -9999.0 -9999.0 -9999.0 -9999.0 -9999.0 -9999.0 -9999.0 -9999.0 -9999.0 -9999.0 -9999.0 -9999.0 -9999.0 -9999.0 -9999.0 -9999.0 -9999.0 -9999.0 -9999.0 -9999.0 -9999.0 -9999.0 -9999.0 -9999.0 -9999.0 -9999.0 -9999.0 -9999.0 -9999.0 -9999.0 -9999.0 -9999.0 -9999.0 -9999.0
-9999.0 -9999.0 -9999.0 -9999.0 -9999.0 -9999.0 -9999.0 -9999.0 -9999.0 -9999.0 -9999.0 -9999.0 -9999.0 -9999.0 -9999.0 -9999.0 -9999.0 -9999.0 -9999.0 -9999.0 -9999.0 -9999.0 -9999.0 -9999.0 -9999.0 -9999.0 -9999.0 -9999.0 -9999.0 -9999.0 -9999.0 -9999.0 -9999.0 -9999.0 -9999.0 -9999.0 -9999.0 -9999.0 -9999.0 -9999.0 -9999.0 -9999.0 -9999.0 -9999.0 -9999.0 -9999.0 -9999.0 -9999.0 -9999.0 -9999.0 -9999.0 -9999.0 -9999.0 -9999.0 -9999.0
-9999.0 -9999.0 -9999.0 -9999.0 -9999.0 -9999.0 -9999.0 -9999.0 -9999.0 -9999.0 -9999.0 -9999.0 -9999.0 -9999.0 -9999.0 -9999.0 -9999.0 -9999.0 -9999.0 -9999.0 -9999.0 -9999.0 -9999.0 -9999.0 -9999.0 -9999.0 -9999.0 -9999.0 -9999.0 -9999.0 -9999.0 -9999.0 -9999.0 -9999.0 -9999.0 -9999.0 -9999.0 -9999.0 -9999.0 -9999.0 -9999.0 -9999.0 -9999.0 -9999.0 -9999.0 -9999.0 -9999.0 2110.086487 2093.176031 2079.263323 2076.268681 2098.649361 2122.576903 2147.100657 2168.338031
-9999.0 -9999.0 -9999.0 -9999.0 -9999.0 -9999.0 -9999.0 -9999.0 -9999.0 -9999.0 -9999.0 -9999.0 -9999.0 -9999.0 -9999.0 -9999.0 -9999.0 -9999.0 -9999.0 -9999.0 -9999.0 -9999.0 -9999.0 -9999.0 -9999.0 -9999.0 -9999.0 -9999.0 -9999.0 -9999.0 -9999.0 -9999.0 -9999.0 -9999.0 -9999.0 -9999.0 -9999.0 -9999.0 -9999.0 -9999.0 2157.258017 2163.502778 2164.428573 2154.912525 2144.277813 2131.831448 2111.929756 2094.591973 2081.143789 2079.557684 2082.794434 2087.277685 2109.542197 2135.378299 2155.919778
-9999.0 -9999.0 -9999.0 -9999.0 -9999.0 -9999.0 -9999.0 -9999.0 -9999.0 -9999.0 -9999.0 -9999.0 -9999.0 -9999.0 -9999.0 -9999.0 -9999.0 -9999.0 -9999.0 -9999.0 -9999.0 -9999.0 -9999.0 -9999.0 -9999.0 -9999.0 -9999.0 -9999.0 -9999.0 -9999.0 -9999.0 -9999.0 -9999.0 -9999.0 2062.577501 2080.129007 2098.728989 2117.917406 2135.475457 2142.983507 2149.076446 2155.086501 2151.311719 2147.495376 2136.678837 2117.195756 2098.439809 2085.766899 2084.947926 2083.265271 2087.956939 2100.908393 2118.438743 2134.798939 2156.297383
-9999.0 -9999.0 -9999.0 -9999.0 -9999.0 -9999.0 -9999.0 -9999.0 -9999.0 -9999.0 -9999.0 -9999.0 -9999.0 -9999.0 -9999.0 -9999.0 -9999.0 -9999.0 -9999.0 -9999.0 -9999.0 -9999.0 -9999.0 -9999.0 -9999.0 -9999.0 -9999.0 -9999.0 2064.557975 2059.064207 2054.809212 2054.046125 2053.458775 2053.152658 2060.349124 2072.496026 2090.708017 2113.416242 2127.378753 2135.401177 2142.880653 2144.157382 2139.467325 2138.483577 2139.769217 2128.335517 2117.161127 2106.747673 2096.685513 2095.174236 2105.302168 2120.433623 2137.582402 2153.205861 2169.404409
-9999.0 -9999.0 -9999.0 -9999.0 -9999.0 -9999.0 -9999.0 -9999.0 -9999.0 -9999.0 -9999.0 -9999.0 -9999.0 -9999.0 -9999.0 -9999.0 -9999.0 -9999.0 -9999.0 -9999.0 -9999.0 -9999.0 -9999.0 2032.579164 2038.252797 2045.341887 2053.573849 2055.163115 2051.998596 2047.166777 2045.116727 2044.535872 2043.420380 2048.810297 2057.109345 2071.187970 2087.604924 2110.656173 2120.027316 2126.089668 2138.790670 2143.036999 2150.911122 2155.915937 2155.123978 2152.595786 2139.786268 2130.263220 2134.763060 2140.658015 2148.523662 2157.718135 2172.148641 2187.617788 2204.792223
-9999.0 -9999.0 -9999.0 -9999.0 -9999.0 -9999.0 -9999.0 -9999.0 -9999.0 -9999.0 -9999.0 -9999.0 -9999.0 -9999.0 -9999.0 -9999.0 -9999.0 -9999.0 -9999.0 2006.758978 2008.069112 2009.891951 2015.155961 2016.099504 2018.584994 2026.134826 2034.970366 2038.414724 2037.220710 2036.902639 2039.270891 2042.922925 2048.415659 2060.300577 2074.910174 2089.988213 2104.339442 2126.170841 2141.804302 2155.797540 2172.506614 2173.597718 2171.000908 2170.459811 2171.815112 2172.181430 2174.430141 2176.378249 2183.742159 2187.499246 2193.510941 2203.871017 2216.723319 2235.180214 2254.960579
-9999.0 -9999.0 -9999.0 -9999.0 -9999.0 -9999.0 -9999.0 -9999.0 -9999.0 -9999.0 -9999.0 -9999.0 -9999.0 -9999.0 -9999.0 -9999.0 1977.355185 1979.478845 1982.192314 1987.974949 1991.769940 1996.316831 2003.892066 2005.909720 2010.236907 2018.171093 2023.720668 2033.709141 2042.888675 2051.077404 2058.025076 2061.659267 2069.731057 2080.265565 2093.036637 2108.708956 2130.592378 2155.070530 2172.201413 2190.185341 2208.620568 2210.544497 2210.511812 2212.573166 2213.394598 2218.484386 2235.648609 2241.388908 2240.577191 2254.847066 2268.997118 2274.336427 2283.421099 2304.306778 2328.510918
-9999.0 -9999.0 -9999.0 -9999.0 -9999.0 -9999.0 -9999.0 -9999.0 -9999.0 -9999.0 -9999.0 -9999.0 -9999.0 1928.532012 1932.966990 1943.369890 1954.196339 1957.508395 1962.715829 1969.701440 1982.522965 1986.879820 1993.762245 2001.997537 2015.232712 2024.865792 2034.872952 2047.707894 2056.990191 2065.191931 2073.063136 2078.539789 2092.163262 2108.094445 2124.505946 2145.529284 2168.827711 2189.687781 2210.424610 2228.021390 2242.237964 2243.481275 2244.213466 2248.127658 2256.052125 2273.187767 2292.588655 2298.902524 2314.234174 2337.424277 2350.749913 2361.784577 2370.871811 2386.061830 2408.769975
-9999.0 -9999.0 -9999.0 -9999.0 -9999.0 -9999.0 -9999.0 -9999.0 -9999.0 -9999.0 1897.138430 1899.486624 1896.531054 1895.645093 1901.715314 1914.619423 1929.438598 1936.213476 1948.762996 1970.695093 1989.775521 1993.978009 2008.958388 2020.344646 2028.272472 2039.611677 2053.772905 2067.382814 2084.680619 2097.995583 2109.530757 2128.863220 2146.417277 2164.305524 2183.428748 2205.410780 2225.115294 2253.073126 2281.303947 2294.169511 2315.706917 2324.548519 2323.088534 2324.325226 2335.499154 2351.282921 2371.309602 2392.628061 2414.179719 2439.448386 2454.998550 2470.060578 2481.619248 2494.726072 2512.116725
-9999.0 -9999.0 -9999.0 -9999.0 -9999.0 -9999.0 -9999.0 -9999.0 1871.487338 1879.687589 1886.089780 1883.658646 1879.945993 1875.883072 1890.913150 1907.411072 1924.230431 1943.095174 1959.802710 1978.997054 1994.656781 2011.312958 2032.615509 2045.237060 2057.778708 2074.368208 2089.165444 2106.638605 2128.981092 2140.926706 2156.620054 2178.775693 2197.815930 2217.248856 2237.808801 2257.421007 2283.581186 2317.816198 2350.703449 2372.602935 2401.611208 2423.728687 2422.981621 2425.892222 2431.219271 2457.828836 2487.641313 2519.342736 2544.773169 2572.410304 2602.806447 2621.915061 2633.467476 2647.148121 2663.619441
-9999.0 -9999.0 -9999.0 -9999.0 -9999.0 -9999.0 1842.414496 1867.230224 1883.065123 1875.596816 1864.518216 1861.095353 1857.048381 1885.086906 1908.340653 1926.744914 1944.672415 1963.385040 1980.940178 1993.032261 2026.248286 2046.316340 2061.107374 2078.592441 2094.878664 2111.218898 2129.934826 2154.163115 2175.792281 2203.748694 2227.097460 2249.820166 2277.615528 2298.800470 2319.405449 2338.260485 2370.507594 2408.958507 2447.160419 2476.417014 2504.720231 2539.475990 2546.227942 2552.906593 2560.075863 2584.587328 2619.046127 2650.248110 2685.281927 2718.702065 2748.023218 2763.615664 2775.429082 2787.784327 2802.402443
-9999.0 -9999.0 -9999.0 -9999.0 1808.290239 1829.573137 1849.623580 1880.767332 1903.975036 1900.063688 1906.839809 1907.254397 1905.551401 1911.345297 1920.318149 1939.411140 1959.672089 1980.289776 1997.998271 2031.000914 2078.128435 2093.430763 2116.330824 2149.122555 2163.737951 2180.672410 2198.865459 2222.985825 2248.277094 2281.642482 2323.461763 2359.502777 2386.020270 2409.982322 2433.228422 2455.945214 2493.444180 2534.801401 2574.219010 2609.756111 2640.094799 2668.800125 2681.543652 2690.784111 2704.294478 2723.243783 2747.303503 2779.260782 2813.847109 2847.657383 2873.263791 2884.871191 2892.881975 2904.368821 2914.767159
-9999.0 -9999.0 -9999.0 1756.206109 1795.453529 1834.709459 1861.882229 1893.471230 1926.911643 1930.781090 1941.201741 1945.481469 1949.388589 1958.301701 1966.191128 1984.768537 2003.602032 2023.138110 2046.928768 2084.225490 2118.587392 2144.987469 2177.237272 2201.485576 2221.252544 2238.415260 2259.553688 2284.503035 2325.893352 2362.773427 2413.529695 2468.118916 2505.658334 2532.240227 2558.224426 2588.940944 2617.079947 2657.076379 2694.537249 2729.996564 2766.429845 2793.055694 2812.344888 2821.021912 2832.790072 2842.153894 2858.425432 2880.152078 2903.747764 2934.801213 2964.620690 2822.634695 2833.314520 2843.272999 2859.237846
-9999.0 -9999.0 1708.109984 1747.010997 1780.310718 1829.640640 1883.651281 1919.680910 1961.464865 1984.907670 1992.151591 2008.501032 2024.447041 2031.223469 2045.988051 2063.344869 2085.244517 2095.300062 2116.090662 2142.142052 2188.436608 2230.971109 2243.273758 2291.672349 2326.653987 2359.590018 2381.900756 2411.673624 2451.290561 2492.386427 2542.929395 2595.718574 2634.675049 2667.674655 2687.468995 2710.623097 2735.440537 2766.487079 2804.978499 2834.948456 2868.514262 2896.495817 2919.418713 2925.631662 2931.546386 2949.161696 2976.535543 2833.572450 2856.061041 2881.523212 2876.349790 2889.661766 2897.106829 2901.377188 2907.911591
-9999.0 -9999.0 1679.726792 1725.743583 1763.963389 1827.401737 1911.551024 1949.034008 1992.697112 2040.930111 2060.168557 2086.180380 2092.945461 2096.149074 2119.819637 2141.307014 2160.050674 2169.932077 2169.894615 2226.508947 2285.180906 2326.580758 2357.983833 2432.250212 2484.125850 2508.004088 2527.457207 2551.801027 2577.498358 2621.033147 2667.190575 2723.336714 2771.360690 2803.552681 2822.142940 2844.363322 2867.377599 2887.347154 2909.413220 2953.910995 2821.099696 2845.199214 2873.575842 2893.717218 2901.566594 2905.504606 2888.146472 2898.667242 2908.096603 2912.348490 2914.073281 2910.660489 2910.182462 2911.037110 2912.073443
-9999.0 1588.430153 1640.997154 1693.379952 1760.906866 1826.524603 1907.392764 1987.084190 2050.982105 2103.668821 2134.603114 2141.923904 2165.554268 2203.709471 2230.137686 2255.490705 2262.956898 2273.614809 2263.038518 2317.074711 2364.039284 2429.691907 2538.171197 2598.413607 2655.125834 2658.921842 2655.679497 2668.684850 2691.926429 2737.779871 2815.167877 2869.697072 2931.171699 2826.690269 2838.851388 2845.119903 2862.311563 2881.747531 2851.040626 2882.361498 2893.583511 2905.526989 2911.028290 2912.960762 2914.162560 2914.289555 2911.077477 2904.622429 2896.926894 2891.471211 2887.536381 2883.171240 2885.686779 2889.034093 2889.580131
-9999.0 1551.608990 1610.354251 1680.922401 1751.134454 1810.580420 1906.116970 2062.305703 2123.274413 2164.762276 2184.049799 2189.785679 2262.731211 2330.539629 2364.661133 2413.321481 2407.386584 2398.796148 2378.566370 2411.434637 2459.068972 2534.992228 2692.927668 2783.917350 2827.508960 2842.012716 2850.801669 2881.858726 2924.531682 2823.219012 2858.059177 2842.972074 2879.036689 2893.943129 2898.021108 2899.035622 2903.342650 2902.754367 2901.139464 2897.337883 2892.690264 2893.123545 2897.619382 2897.664272 2895.051227 2892.094506 2886.724803 2879.468461 2874.326038 2869.840764 2867.236173 2864.382333 2862.657357 2862.343234 2857.814104
-9999.0 1516.896637 1590.108613 1651.750203 1708.801330 1813.695317 1943.597830 2085.862323 2184.032842 2224.575465 2232.003369 2291.272863 2398.064253 2504.827308 2562.135731 2590.432211 2587.194240 2558.338107 2555.206607 2602.925056 2673.330297 2782.085005 2898.052949 2861.594842 2872.736303 2876.025686 2843.084586 2862.049989 2879.610518 2879.532277 2880.849875 2886.478289 2891.824744 2894.916525 2893.856315 2891.364858 2886.991297 2879.295837 2874.748787 2871.517482 2868.116174 2867.477309 2869.903643 2871.504864 2868.989449 2865.300946 2860.966238 2855.549937 2853.061339 2846.511785 2842.446101 2838.353808 2836.209862 2831.014728 2827.083030
-9999.0 1406.008885 1498.509199 1547.233273 1643.726820 1826.212025 1956.215760 2104.621065 2263.603969 2299.193854 2366.389895 2501.992153 2619.921444 2705.760204 2747.335963 2790.292794 2822.131494 2846.740078 2886.649621 2813.808805 2885.107815 2840.653763 2868.710224 2881.001183 2886.348237 2887.322757 2878.858230 2859.394121 2849.341196 2843.054296 2845.083894 2852.640435 2857.961447 2863.305960 2861.366238 2862.370991 2863.097357 2859.989577 2859.613424 2851.376391 2843.814777 2837.725310 2835.294505 2840.310514 2835.669520 2833.044428 2827.178348 2822.768840 2989.957214 2982.405567 2974.493851 2967.593589 2964.529650 2958.336374 2955.637222
-9999.0 1325.203110 1400.300796 1476.033118 1602.035031 1767.552881 1883.196061 2048.933295 2276.447624 2407.059343 2556.428863 2644.203806 2725.893932 2785.976609 2848.028807 2808.949683 2831.578401 2843.134232 2822.417318 2839.940401 2927.080092 2922.452268 2807.773822 2832.445866 2847.436709 2851.683261 2843.977620 2834.559873 2827.787126 2827.030939 2825.576626 2823.014427 2820.276064 2817.568518 2814.603606 2817.166243 2822.193694 2819.058182 2976.295205 2967.763608 2960.116322 2951.561006 2945.861788 2941.702198 2941.071198 2940.804720 2933.070842 2922.781730 2913.744017 2905.618226 2897.937594 2892.383953 2888.919061 2882.591428 2871.696292
-9999.0 1216.365470 1343.518925 1429.628762 1539.218837 1673.671843 1791.468715 1952.304261 2096.013811 2332.173728 2488.950043 2642.279797 2697.816879 2769.292704 2828.331631 2811.991134 2811.545892 2889.729924 2856.448391 2845.908430 2859.121447 2872.793008 2887.309506 2908.182979 2929.254125 2942.269571 2948.469883 2943.876720 2931.615329 2921.821894 2913.629913 2902.416931 2894.595977 2893.129876 2895.855510 2904.765337 2906.613623 2898.212182 2886.906411 2869.919361 2855.177049 2843.931013 2841.212651 2842.823013 2842.830860 2838.438739 2831.567428 2820.492460 2807.801600 2795.385272 2788.295216 2782.647972 2774.399092 2761.958521 2745.654448
-9999.0 -9999.0 1263.368740 1373.610311 1475.473157 1593.824837 1698.432058 1832.142780 1980.988761 2161.943739 2284.636824 2444.197015 2534.768647 2586.472211 2634.163082 2696.381343 2724.263831 2756.121218 2750.202089 2762.859827 2775.471175 2785.267251 2796.658911 2809.088429 2824.293519 2836.997704 2848.159062 2847.388890 2839.526550 2821.318562 2798.595466 2780.942829 2771.289458 2763.232441 2773.891103 2785.863093 2781.859892 2775.373620 2763.243194 2744.872861 2731.726130 2717.434556 2713.279930 2712.671848 2712.158702 2708.617458 2704.043992 2690.219974 2676.785504 2665.131211 2659.519096 2652.693896 2647.092504 2635.695542 2624.060449
-9999.0 -9999.0 1177.142149 1284.053252 1393.306184 1514.827523 1608.811301 1656.854139 1804.188305 1917.843185 2027.949519 2137.116094 2231.286254 2302.484699 2345.772134 2411.310005 2463.788599 2485.425499 2520.691377 2566.493211 2600.270302 2637.238488 2661.442646 2676.385370 2692.817271 2709.170957 2719.109045 2707.012665 2696.586237 2679.863456 2657.173585 2632.022774 2618.970671 2616.601565 2617.012781 2620.183319 2613.529115 2604.424544 2590.494649 2576.917596 2564.437037 2553.957200 2549.478549 2544.201096 2541.445193 2537.590597 2533.844745 2524.793212 2514.001833 2507.011014 2497.889106 2492.055091 2489.013515 2482.941485 2474.236191
