tests/Borden05m/sims/sim_1/output-maps/psiliqL0001N0004.asc
ncols         160
nrows         34
xllcorner     620200.000000
yllcorner     5168000.000000
cellsize      0.500000
NODATA_value  -9999.0
[rows 0 to 25 of 34, columns 0 to 56 of 160]
-9999.0 -9999.0 -9999.0 -9999.0 -9999.0 -9999.0 -9999.0 -9999.0 -9999.0 -9999.0 -9999.0 -9999.0 -9999.0 -9999.0 -9999.0 -9999.0 -9999.0 -9999.0 -9999.0 -9999.0 -9999.0 -9999.0 -9999.0 -9999.0 -9999.0 -9999.0 -9999.0 -9999.0 -9999.0 -9999.0 -9999.0 -9999.0 -9999.0 -9999.0 -9999.0 -9999.0 -9999.0 -9999.0 -9999.0 -9999.0 -9999.0 -9999.0 -9999.0 -9999.0 -9999.0 -9999.0 -9999.0 -9999.0 -9999.0 -9999.0 -9999.0 -9999.0 -9999.0 -9999.0 -9999.0 -9999.0 -9999.0
-9999.0 -9999.0 -9999.0 -9999.0 -9999.0 -9999.0 -9999.0 -9999.0 -9999.0 -9999.0 -9999.0 -9999.0 -9999.0 -9999.0 -9999.0 -9999.0 -9999.0 -9999.0 -9999.0 -9999.0 -9999.0 -9999.0 -9999.0 -9999.0 -9999.0 -9999.0 -9999.0 -9999.0 -9999.0 -9999.0 -9999.0 -9999.0 -9999.0 -9999.0 -9999.0 -9999.0 -9999.0 -9999.0 -9999.0 -9999.0 -9999.0 -9999.0 -9999.0 -9999.0 -9999.0 -9999.0 -9999.0 -9999.0 -9999.0 -9999.0 -9999.0 -9999.0 -9999.0 -9999.0 -9999.0 -9999.0 -9999.0
-9999.0 -9999.0 -9999.0 -9999.0 -9999.0 -9999.0 -9999.0 -9999.0 -9999.0 -9999.0 -9999.0 -9999.0 -9999.0 -9999.0 -9999.0 -9999.0 -9999.0 -9999.0 -9999.0 -9999.0 -9999.0 -9999.0 -9999.0 -9999.0 -9999.0 -9999.0 -9999.0 -9999.0 -9999.0 -9999.0 -9999.0 -9999.0 -9999.0 -9999.0 -9999.0 -9999.0 -9999.0 -9999.0 -9999.0 -9999.0 -9999.0 -9999.0 -9999.0 -9999.0 -9999.0 -9999.0 -9999.0 -500.693159 -505.119510 -510.594920 -512.260015 -506.272461 -504.202040 -502.467959 -501.662712 -501.017769 -499.534026
-9999.0 -9999.0 -9999.0 -9999.0 -9999.0 -9999.0 -9999.0 -9999.0 -9999.0 -9999.0 -9999.0 -9999.0 -9999.0 -9999.0 -9999.0 -9999.0 -9999.0 -9999.0 -9999.0 -9999.0 -9999.0 -9999.0 -9999.0 -9999.0 -9999.0 -9999.0 -9999.0 -9999.0 -9999.0 -9999.0 -9999.0 -9999.0 -9999.0 -9999.0 -9999.0 -9999.0 -9999.0 -9999.0 -9999.0 -9999.0 -503.642331 -501.557818 -499.668791 -502.502772 -503.329596 -502.448631 -505.162046 -508.588434 -512.217175 -510.774448 -510.780169 -514.062132 -510.324143 -507.588003 -507.250217 -507.158721 -505.017903
-9999.0 -9999.0 -9999.0 -9999.0 -9999.0 -9999.0 -9999.0 -9999.0 -9999.0 -9999.0 -9999.0 -9999.0 -9999.0 -9999.0 -9999.0 -9999.0 -9999.0 -9999.0 -9999.0 -9999.0 -9999.0 -9999.0 -9999.0 -9999.0 -9999.0 -9999.0 -9999.0 -9999.0 -9999.0 -9999.0 -9999.0 -9999.0 -9999.0 -9999.0 -510.328121 -506.563926 -505.341498 -504.281167 -502.225639 -503.545640 -504.713940 -502.917171 -504.586316 -504.378103 -506.121467 -509.613908 -513.063635 -514.857553 -512.098593 -512.826439 -512.991396 -511.298183 -510.613369 -510.878270 -508.788780 -504.962430 -508.114333
-9999.0 -9999.0 -9999.0 -9999.0 -9999.0 -9999.0 -9999.0 -9999.0 -9999.0 -9999.0 -9999.0 -9999.0 -9999.0 -9999.0 -9999.0 -9999.0 -9999.0 -9999.0 -9999.0 -9999.0 -9999.0 -9999.0 -9999.0 -9999.0 -9999.0 -9999.0 -9999.0 -9999.0 -503.836112 -505.362880 -506.495367 -506.332034 -506.889050 -509.236700 -510.113845 -510.155919 -508.533660 -505.610526 -505.574015 -506.412384 -506.444378 -507.408248 -509.770762 -509.881626 -506.949753 -509.031645 -509.723797 -510.961799 -514.912948 -515.949729 -513.825614 -511.994583 -510.640942 -510.879569 -511.420459 -512.388798 -512.931156
-9999.0 -9999.0 -9999.0 -9999.0 -9999.0 -9999.0 -9999.0 -9999.0 -9999.0 -9999.0 -9999.0 -9999.0 -9999.0 -9999.0 -9999.0 -9999.0 -9999.0 -9999.0 -9999.0 -9999.0 -9999.0 -9999.0 -9999.0 -505.887070 -504.470341 -504.078860 -502.893645 -503.646490 -506.901918 -508.860190 -509.662550 -510.360807 -512.114275 -512.456151 -512.804870 -512.157767 -511.941320 -508.823789 -511.262274 -512.923652 -510.078313 -510.991244 -508.848227 -506.386192 -506.874810 -506.150695 -510.444252 -513.650854 -510.136511 -508.912793 -509.414287 -510.659055 -510.133679 -509.438457 -508.569352 -506.514428 -503.729762
-9999.0 -9999.0 -9999.0 -9999.0 -9999.0 -9999.0 -9999.0 -9999.0 -9999.0 -9999.0 -9999.0 -9999.0 -9999.0 -9999.0 -9999.0 -9999.0 -9999.0 -9999.0 -9999.0 -505.018967 -505.532772 -506.539951 -506.268092 -509.549181 -510.984489 -510.272774 -508.777477 -509.856750 -511.665704 -513.185224 -513.023686 -512.875339 -513.393825 -511.344253 -509.862642 -509.767959 -510.943975 -508.732144 -508.547622 -507.516347 -503.645899 -506.681862 -509.459038 -510.897387 -511.017970 -511.979470 -509.564460 -508.960348 -509.041037 -509.841753 -510.321779 -510.203218 -510.548481 -508.136369 -506.375967 -505.502431 -505.015449
-9999.0 -9999.0 -9999.0 -9999.0 -9999.0 -9999.0 -9999.0 -9999.0 -9999.0 -9999.0 -9999.0 -9999.0 -9999.0 -9999.0 -9999.0 -9999.0 -504.709298 -505.017190 -506.279541 -508.391463 -510.154603 -510.280148 -509.119533 -511.542212 -512.442791 -512.102526 -513.312021 -512.358924 -511.302652 -509.986579 -509.481111 -511.304682 -511.280611 -511.908697 -512.606134 -512.519428 -509.995230 -507.863860 -508.147600 -506.792679 -503.541111 -506.078598 -507.000964 -506.887496 -508.566644 -507.944534 -502.835050 -504.564472 -508.071022 -503.114449 -501.000864 -503.111732 -504.673492 -502.281781 -498.710109 -494.672867 -487.087659
-9999.0 -9999.0 -9999.0 -9999.0 -9999.0 -9999.0 -9999.0 -9999.0 -9999.0 -9999.0 -9999.0 -9999.0 -9999.0 -504.346760 -504.674237 -504.498792 -507.745975 -510.178554 -511.698437 -513.836513 -511.527950 -513.465408 -514.206269 -513.963178 -511.940782 -512.138086 -512.162670 -511.075545 -511.873354 -512.843627 -513.806144 -515.559027 -514.203762 -512.951935 -512.391731 -510.620183 -509.693695 -509.430295 -507.792036 -508.410504 -507.502151 -508.806502 -511.188289 -511.825317 -510.559693 -506.385377 -503.975417 -504.410042 -499.249105 -494.403686 -493.413198 -490.845553 -490.496620 -489.866415 -486.534228 -474.832684 -462.499736
-9999.0 -9999.0 -9999.0 -9999.0 -9999.0 -9999.0 -9999.0 -9999.0 -9999.0 -9999.0 -508.504516 -506.941015 -509.239652 -513.640627 -515.592587 -514.802902 -513.985449 -515.764283 -515.927220 -511.797795 -509.672153 -514.082866 -511.523280 -511.757316 -513.793706 -513.673313 -512.908083 -513.204845 -511.047130 -511.497492 -512.108742 -508.461683 -508.156872 -507.813447 -507.127155 -506.537510 -506.624730 -502.168111 -498.822484 -501.062593 -495.485021 -492.214847 -496.520472 -498.249559 -498.220509 -495.293616 -490.313656 -482.857266 -477.628972 -468.845043 -461.176951 -456.277354 -452.203751 -445.181911 -434.482082 -415.530556 -387.639926
-9999.0 -9999.0 -9999.0 -9999.0 -9999.0 -9999.0 -9999.0 -9999.0 -514.478801 -512.065473 -510.585612 -512.516679 -515.074720 -519.805988 -518.184284 -516.686668 -515.779596 -514.294866 -513.780409 -513.483482 -515.022675 -513.935541 -511.589060 -512.794933 -512.896181 -511.532175 -512.051479 -511.147097 -509.513123 -511.724395 -511.528393 -510.533112 -509.824317 -509.307737 -508.540431 -508.994460 -504.900895 -499.553235 -494.195161 -490.427664 -484.017281 -475.035665 -477.453720 -476.929738 -477.790371 -467.779606 -455.710681 -439.341234 -415.608405 -391.610820 -363.440051 -342.702356 -321.343073 -273.313099 -191.082461 -157.229726 -130.553085
-9999.0 -9999.0 -9999.0 -9999.0 -9999.0 -9999.0 -517.855756 -512.682597 -510.209481 -516.344287 -520.995821 -522.511915 -525.257419 -519.328976 -514.213611 -513.496979 -513.028103 -512.433304 -513.379838 -517.477981 -510.087760 -512.950957 -515.235027 -513.497232 -514.296010 -514.708369 -513.935320 -511.524111 -511.464252 -506.482189 -503.906998 -502.178335 -498.830058 -497.573081 -496.305061 -495.158005 -488.648182 -479.488068 -468.782583 -458.762349 -446.659192 -426.762848 -416.639373 -410.874512 -404.176420 -392.084293 -363.506558 -297.631615 -184.580802 -132.507627 -106.701079 -94.058689 -78.702979 -54.812507 -23.985677 -5.767394 2.395245
-9999.0 -9999.0 -9999.0 -9999.0 -514.444055 -513.475754 -514.792431 -510.413966 -507.411281 -514.943035 -512.330400 -513.684047 -516.154037 -519.205594 -522.875866 -520.646486 -519.514368 -518.898859 -519.911361 -512.938439 -507.315899 -512.807393 -510.638275 -505.427588 -507.979584 -508.198817 -508.956600 -507.687593 -504.858630 -501.681425 -491.503236 -483.522989 -479.756554 -474.590427 -470.063156 -463.619034 -452.170505 -432.464357 -404.515347 -371.884008 -321.295433 -218.559133 -166.429064 -148.107564 -135.835578 -123.221858 -103.838333 -67.245674 -22.620736 3.126689 3.546105 3.726520 3.816411 4.009363 4.220726 4.413535 4.559134
-9999.0 -9999.0 -9999.0 -517.341002 -512.307109 -510.756074 -513.818487 -513.356657 -509.757307 -514.056709 -514.986142 -515.874982 -516.489688 -516.633110 -517.249240 -516.165415 -516.239477 -517.698751 -517.250842 -513.833178 -513.493754 -511.657027 -510.950917 -508.981717 -507.244250 -507.434439 -507.051390 -504.484557 -495.701082 -488.060752 -473.389057 -452.301829 -429.968202 -412.643360 -400.265510 -382.018479 -357.494534 -276.873546 -177.789772 -125.095201 -82.498022 -37.732449 -8.042856 1.473078 3.109309 3.184417 3.413773 3.728991 4.030266 4.395809 4.731214 4.997173 5.133998 5.187771 5.429749 7.657121 16.543448
-9999.0 -9999.0 -515.989598 -513.206623 -515.746290 -512.533841 -508.981345 -512.746979 -508.412980 -507.418865 -513.009859 -510.608737 -509.685847 -513.412231 -512.043605 -510.459748 -509.702996 -513.766068 -517.143555 -513.689547 -505.159235 -499.947441 -500.419617 -483.903921 -477.328173 -473.155874 -473.206724 -466.948497 -457.304641 -432.191567 -396.834911 -343.164444 -224.941421 -163.816645 -143.345467 -128.009949 -104.227039 -69.891353 -24.996902 1.505223 3.605926 4.034821 4.387787 4.507996 4.506710 4.677317 4.934567 5.196961 5.508523 13.483374 29.555339 30.095237 29.808858 29.660062 29.938906 29.723133 29.673816
-9999.0 -9999.0 -519.361908 -514.600713 -518.656797 -511.558459 -505.174476 -513.578995 -512.513915 -506.079455 -509.080579 -509.279469 -511.774503 -512.911662 -511.097745 -505.899295 -509.569335 -510.847333 -518.767067 -505.094458 -496.158197 -481.569575 -450.645921 -421.190971 -399.884476 -399.428728 -399.268179 -388.414618 -360.770228 -248.748046 -159.970146 -99.918129 -40.665057 -7.182129 3.138932 3.377649 3.656550 3.984660 4.265400 4.834793 5.038062 5.307495 8.858762 24.406203 30.126880 29.606707 29.963990 29.530379 29.803877 29.492939 29.361722 25.921534 25.244311 25.654175 26.326217 22.035436 16.123164
-9999.0 -520.034335 -517.828276 -518.103948 -513.594002 -516.283169 -511.748345 -504.859875 -507.107665 -505.679745 -507.340577 -514.767768 -502.152568 -492.217615 -490.908649 -481.834567 -487.277474 -490.082704 -499.140291 -489.278574 -473.423873 -419.520588 -274.698522 -176.004491 -140.527461 -137.978402 -144.712722 -135.260732 -109.409911 -57.630483 -2.103221 3.796491 4.575893 5.139648 5.301917 5.226550 5.567295 17.279784 32.815546 34.343725 34.697846 34.308101 29.884515 29.939267 29.418949 29.871866 26.597427 21.206474 13.857614 8.651960 5.722530 5.303344 5.507218 6.346632 7.540490 5.554644 5.363292
-9999.0 -527.518824 -518.040786 -512.670500 -515.695949 -521.128935 -509.405369 -491.167725 -502.228752 -507.157791 -511.617527 -505.487075 -479.084467 -456.201748 -436.767446 -413.557220 -416.930209 -426.486183 -428.398829 -410.225668 -362.200896 -215.290290 -75.175420 3.177005 3.381473 3.577233 3.656727 4.000316 4.477029 4.965161 5.423480 22.042457 23.908304 23.954564 23.787046 23.883658 23.722016 23.837613 20.397059 16.999336 12.611643 12.486249 15.665268 15.434706 13.013367 10.462435 5.880378 5.403047 5.307413 5.240852 5.235285 5.190709 5.164942 5.301318 5.200266 5.150758 5.067587
-9999.0 -519.592369 -508.540376 -512.000992 -522.339280 -510.549877 -507.988994 -498.273541 -493.082981 -502.165856 -495.832327 -462.276694 -406.373479 -313.325468 -195.210402 -158.516476 -148.175146 -158.042782 -149.661227 -118.984663 -68.308300 2.606770 4.286132 6.318062 11.735184 11.721736 11.610480 11.596370 11.530689 11.418465 11.273464 9.288918 13.513371 15.393467 14.164601 11.340601 6.957120 5.357390 5.257734 5.232290 5.158076 5.171626 5.305040 5.481110 5.321951 5.274360 5.219672 5.182414 5.145624 5.075995 5.078402 5.047785 5.071810 5.004817 4.976851 4.953275 4.845334
-9999.0 -532.370639 -516.777777 -530.833255 -513.421293 -499.172401 -505.636395 -488.494687 -471.372188 -477.431626 -435.897897 -348.237449 -171.872533 -75.274396 -20.139412 3.313987 3.717151 4.026673 4.463331 5.063823 8.304576 20.276072 20.196440 20.060722 11.635916 11.647204 5.718886 5.054592 4.927101 4.804554 4.857537 5.022098 5.125746 5.342510 5.143228 5.229138 5.274378 5.190722 5.214631 5.099612 5.014996 4.951041 4.937056 5.197749 5.046697 5.051722 5.001451 4.942960 4.873114 4.805879 4.724862 4.641642 4.644786 4.554757 4.622714 4.591447 4.174632
-9999.0 -541.254072 -530.794894 -523.274989 -508.112805 -498.351162 -490.681884 -472.779692 -432.872769 -409.961146 -330.611799 -194.322703 -63.981137 3.298799 4.610983 5.218634 12.282353 12.335762 12.355751 5.937163 4.555167 4.432333 4.655852 5.002383 5.088523 5.248150 4.983445 4.866132 4.847733 4.935505 4.910058 4.905272 4.874966 4.814963 4.721386 4.753485 4.925996 4.811794 4.755868 4.735076 4.727203 4.659564 4.606123 4.577595 4.568841 4.643445 4.562566 4.452856 4.301540 4.138751 3.950868 3.811837 3.772837 3.681131 3.568651 3.368877 -10.367384
-9999.0 -561.275486 -526.583008 -523.111945 -514.386326 -513.064897 -513.265411 -499.600127 -482.307011 -407.073624 -214.657506 -139.087453 -56.677512 -4.847359 3.778933 4.743340 4.911441 4.212614 3.855185 3.714887 3.911165 4.114310 4.262553 4.490504 4.652409 4.776076 4.783274 4.679481 4.496723 4.430960 4.356684 4.103124 3.900476 3.875596 3.820781 3.936478 4.021348 3.846716 3.683940 3.491923 3.338482 3.231079 3.220028 3.266810 3.280774 3.254741 3.162271 1.909126 -13.214376 -39.068365 -63.704592 -78.947798 -91.024359 -103.610837 -116.194961 -131.455495 -173.091494
-9999.0 -9999.0 -542.725094 -522.499123 -520.834756 -518.822402 -517.856849 -505.969310 -497.230196 -454.251597 -412.979479 -347.733623 -217.604134 -148.543839 -100.278126 -63.220810 -50.307336 -31.182145 -45.913357 -32.757304 -10.161686 -0.031799 3.020638 3.155465 3.292635 3.381487 3.475172 3.475707 3.359614 3.041576 -17.289807 -49.554326 -73.101645 -84.752367 -77.623254 -66.261170 -69.356720 -77.391160 -88.522379 -101.179984 -110.826371 -120.671369 -122.808368 -121.455058 -120.977358 -122.962175 -127.299715 -141.401957 -168.793769 -233.703713 -289.415770 -314.900221 -331.514226 -350.479236 -365.906555 -380.939084 -403.895887
-9999.0 -9999.0 -564.588811 -532.934005 -519.498036 -510.227728 -513.155308 -513.565299 -494.380070 -490.170457 -482.425211 -466.369173 -442.142128 -416.444136 -390.519865 -344.617297 -310.512328 -288.798701 -289.739373 -261.486272 -182.552585 -150.360244 -138.568524 -130.375768 -122.399063 -115.030377 -108.218757 -117.459473 -126.965334 -144.636297 -183.020935 -272.697020 -323.992092 -339.387630 -330.269818 -312.800739 -321.213894 -340.080797 -359.849324 -377.460832 -388.794641 -398.860322 -401.588457 -402.166249 -401.987013 -403.827339 -406.707507 -415.107949 -426.231224 -436.484137 -443.266553 -447.743946 -449.388087 -453.460641 -457.975511 -459.457967 -466.563655
-9999.0 -9999.0 -9999.0 -561.272883 -541.583749 -526.536907 -521.186681 -530.613963 -526.013402 -516.406706 -510.794180 -501.560984 -496.982290 -492.115055 -485.117476 -472.376561 -465.401132 -464.940148 -468.982485 -451.006921 -440.804134 -423.118931 -408.557859 -402.899575 -393.531570 -382.748963 -379.543181 -387.904902 -395.949316 -408.102923 -424.999228 -443.894207 -453.395503 -452.983868 -452.424807 -449.261186 -452.142007 -454.403177 -459.817295 -464.684464 -469.311859 -472.726373 -473.290380 -474.468728 -474.830489 -475.769380 -476.423005 -478.599320 -481.189776 -483.997768 -486.545890 -486.691327 -486.981363 -487.782039 -488.812292 -488.950663 -489.220052
