tests/Borden05m/sims/sim_1/output-maps/psiliqL0009N0018.asc
ncols         160
nrows         34
xllcorner     620200.000000
yllcorner     5168000.000000
cellsize      0.500000
NODATA_value  -9999.0
[rows 0 to 25 of 34, columns 57 to 113 of 160]
-9999.0 -9999.0 -9999.0 -9999.0 -9999.0 -9999.0 -9999.0 -9999.0 -9999.0 -9999.0 -9999.0 -9999.0 -9999.0 -9999.0 -9999.0 -9999.0 -9999.0 -9999.0 -9999.0 -9999.0 -9999.0 -9999.0 -9999.0 -9999.0 -9999.0 -9999.0 -9999.0 -9999.0 -9999.0 -9999.0 -9999.0 -9999.0 -9999.0 -9999.0 -9999.0 -9999.0 -9999.0 -9999.0 -9999.0 -9999.0 -9999.0 -9999.0 -9999.0 -9999.0 -9999.0 -9999.0 -9999.0 -9999.0 -9999.0 -9999.0 -9999.0 -9999.0 -9999.0 -9999.0 -9999.0 -9999.0 -9999.0
-9999.0 -9999.0 14.838708 9.253464 3.824368 -1.267640 -10.422178 -19.729668 -28.390861 -32.363103 -33.235083 -34.031824 -34.354996 -28.961632 -20.913259 -13.188354 -5.864050 -3.395383 -0.876064 1.518939 2.103816 0.846256 -2.399009 -5.701306 -9.130794 -10.618458 -18.983933 -30.512697 -39.521924 -42.304939 -37.776143 -33.218263 -30.655862 -24.512001 -13.531338 -2.491873 6.221129 18.108168 23.719766 28.892213 32.045110 27.903047 24.231053 20.400648 15.516388 4.387923 -9999.0 -9999.0 -9999.0 -9999.0 -9999.0 -9999.0 -9999.0 -9999.0 -9999.0 -9999.0 -9999.0
-2.692863 0.658333 -10.266674 -15.135914 -18.508147 -20.741269 -25.905627 -34.734017 -40.136158 -45.575471 -47.216596 -47.150512 -47.020192 -42.739202 -32.721497 -24.642848 -19.761722 -17.231615 -14.641641 -14.489780 -14.907408 -15.241923 -18.124643 -21.551121 -24.965991 -26.768401 -26.697088 -34.334640 -39.689178 -42.962577 -44.200851 -41.722559 -39.395618 -36.324017 -26.618552 -18.221540 -9.805820 4.457268 16.848678 22.085433 19.621834 14.458205 10.572579 3.963388 -6.035792 -16.647274 -27.151325 -34.508147 -40.077603 -45.491411 -39.494755 -33.138676 -22.933853 -12.791001 -0.707308 11.504447 -9999.0
-18.430341 -15.507663 -26.393927 -34.882480 -39.394124 -39.353482 -37.152804 -40.838936 -45.467235 -49.585353 -41.532159 -40.143364 -38.853802 -35.532891 -32.086460 -29.628674 -26.771412 -21.327611 -12.213791 -9.433958 -8.810516 -8.602105 -10.376718 -13.473692 -15.262936 -18.031904 -23.208614 -24.071854 -23.558816 -23.454814 -18.176144 -16.678299 -15.347637 -22.419480 -19.084064 -12.773994 -5.799781 1.266896 8.346820 12.949967 9.707977 8.261321 -0.383263 -14.555539 -26.361866 -35.384712 -38.118719 -41.498582 -49.398142 -61.812591 -55.052013 -39.624609 -35.042829 -31.428919 -19.514706 -7.185523 3.094543
-32.742988 -29.623630 -34.683114 -33.733181 -32.309105 -30.816961 -32.376826 -35.241687 -36.440628 -23.176529 -13.277546 -11.248443 -8.107350 -4.562086 -5.731935 -18.098043 -20.687625 -11.980401 -1.230172 4.955248 5.347569 5.498718 4.042834 3.058615 2.543612 0.172051 1.368039 4.199938 5.105514 10.417020 16.229808 18.985511 10.259130 0.765214 1.101588 8.683211 16.654226 24.135043 35.264780 47.016972 45.519297 39.225766 29.544662 15.004586 -9.301469 -29.854661 -40.914177 -47.937871 -55.231607 -56.255344 -58.844722 -48.426732 -46.848411 -45.273200 -36.807378 -26.538840 -16.452381
-17.071775 -8.479617 -14.447608 -20.104126 -23.520768 -22.833026 -22.313284 -18.399100 -4.521608 10.260490 26.259747 29.642386 32.700201 32.645312 22.914633 12.413786 8.127768 23.531650 39.931251 48.801457 50.262390 51.165914 59.571367 57.677962 55.026502 49.547519 52.234076 55.469780 67.414980 75.475264 82.524188 80.554323 68.343207 56.788635 54.442989 56.124719 58.137645 64.107714 74.865754 85.215461 79.865859 71.273824 59.222077 28.337091 -1.312352 -19.677379 -19.924747 -20.205204 -25.458657 -29.214834 -33.453406 -41.553864 -42.436879 -43.414068 -44.208597 -32.402374 -20.310260
33.745763 50.813231 45.225439 36.710317 25.725488 26.381804 30.442967 39.676452 54.347361 74.585223 100.769922 105.923744 110.852296 115.327221 104.447199 91.889394 79.943409 96.553899 107.277770 117.478195 121.756323 134.273736 145.320616 140.434860 131.507173 121.754777 128.845265 143.587802 159.899689 167.148756 170.981802 170.948223 160.285657 154.110687 150.766322 150.736241 146.539439 149.675699 161.169977 176.978573 176.279133 163.534676 137.486768 97.716966 59.273903 34.574077 37.200885 29.341401 21.903951 16.378035 0.866184 -11.799330 -13.067927 -23.472116 -30.412075 -19.446712 -13.744572
88.298559 108.281202 105.272932 94.233470 81.793446 82.359267 91.586869 102.628438 123.840734 150.900808 178.950881 192.819915 200.877349 211.259200 204.820870 195.241794 186.099669 193.895296 207.753089 221.568011 234.325111 248.509574 261.308224 254.072915 243.448527 240.059157 245.315052 264.262076 280.953153 286.970158 289.443282 293.453838 286.267206 278.284228 269.461795 261.350683 253.608073 248.533822 264.818181 279.988026 277.084137 250.964799 223.085321 183.925013 142.249255 104.332113 97.168096 93.384613 89.640552 71.653700 53.449448 32.505320 19.597918 8.882951 -7.377158 -3.542059 1.477743
198.720852 221.764447 226.988082 212.360773 207.193724 213.131052 226.362599 234.426458 250.677706 279.843686 315.920656 342.025900 364.664566 369.766952 361.288219 352.179182 338.606362 334.277195 349.359069 362.022380 373.927792 385.650144 397.851639 404.714833 403.317216 403.250178 406.287877 411.673352 419.168689 426.035898 432.182430 438.492858 437.802083 428.299145 420.060380 409.913087 401.033116 397.685196 397.302355 405.038722 402.952175 379.716400 351.380797 318.295333 279.009862 243.958405 220.138047 219.688425 203.342619 181.640691 155.913772 114.974167 92.427798 72.649524 40.157316 33.865707 43.102588
322.753801 340.301375 356.019185 354.670529 357.615927 361.885206 369.285021 375.447597 384.389935 417.286660 452.847794 483.895301 509.071165 518.887309 510.016138 500.694583 489.608032 480.272988 482.259204 495.504417 511.423282 526.750179 537.402993 541.094866 539.742830 540.053641 541.737792 545.013470 547.790419 553.053064 559.930742 569.972300 581.458416 576.976857 560.326010 546.946052 531.423962 524.398361 521.431165 517.497203 516.634837 511.648387 483.746036 455.976360 423.464081 391.007077 366.800199 347.609357 326.075702 301.860055 254.704960 209.922801 170.664774 138.061441 105.709284 98.833285 122.594830
447.186886 473.100609 488.846842 493.646765 496.543087 500.419635 507.821245 514.499928 523.265084 544.266766 579.895449 616.223095 646.276935 653.067818 646.164708 636.589584 626.168772 616.971879 613.989513 619.997992 629.096583 642.857209 654.047135 664.129790 663.762249 664.231188 664.209827 666.592729 668.658801 670.091525 676.110352 686.413743 696.025249 697.359105 685.638071 669.051683 650.718921 640.491695 632.149942 625.370092 624.301575 624.238223 619.401606 596.352722 561.895111 518.842068 489.270533 465.835761 451.074976 434.212417 412.251958 365.536298 337.125977 302.065319 264.453588 237.219010 269.383906
559.811651 589.588697 609.058277 618.574494 620.691495 625.177791 634.491420 642.865824 654.529903 670.891842 691.992689 719.009654 746.300444 766.276879 765.033548 754.742407 739.606729 735.955284 735.332969 736.567723 741.414095 746.619002 760.411334 774.097356 778.347427 779.210373 776.693196 779.452782 781.016356 781.181273 781.728961 784.959518 790.562465 792.386530 787.827200 773.963526 754.370651 736.800604 725.878232 720.152247 716.745441 716.468958 714.555162 703.382951 676.338981 639.792215 604.830522 579.990582 561.868559 547.337849 535.881234 520.535148 503.270459 474.415123 433.032391 396.278470 387.487271
660.623859 685.950656 709.947772 726.805161 732.722223 741.398606 749.174096 760.967329 776.450432 793.279066 805.982077 821.024093 841.680227 854.183023 860.597599 861.763555 861.510828 863.289767 863.166948 849.279814 850.626852 851.798434 855.302900 860.253943 861.345781 861.447203 860.828433 862.014888 862.562953 862.947879 862.784110 861.909115 862.811164 862.964502 861.938651 857.266292 854.507754 837.565921 825.408767 817.770023 810.158632 801.603225 792.074394 782.216066 766.329308 738.904334 704.998655 674.962368 660.408588 651.983537 644.769506 638.487870 623.182965 601.704204 572.712231 535.830786 499.564477
760.035792 778.836139 802.916022 819.771343 829.860474 839.750917 846.314952 858.528499 870.454292 868.962989 871.230675 873.502130 876.191359 877.549911 878.050692 877.907582 875.498384 874.738039 872.569179 866.893727 857.260213 858.136658 859.051420 861.038268 864.008259 862.449473 863.189803 866.209491 865.018725 860.061074 856.909816 855.400291 855.584141 862.339830 865.033747 865.517748 865.074385 864.044966 863.458177 862.580427 861.725619 860.647218 859.146845 858.342064 848.537831 826.252598 795.467006 762.160798 744.069902 736.170821 735.464262 731.034553 723.381545 703.141195 675.585638 640.370713 602.960591
862.037858 865.745335 870.843559 873.637052 875.267126 878.137826 881.134701 881.942001 878.659670 874.779254 869.785805 868.320878 867.063956 864.762417 865.255404 862.942804 858.477996 854.027491 846.483399 834.837376 822.625709 819.781693 823.869581 828.076156 831.499809 833.958841 836.881787 838.428517 834.195084 827.140197 820.726149 818.903907 825.096156 830.402161 834.943106 835.391576 834.229202 832.637836 833.319013 831.742111 833.175006 840.486351 854.283380 861.735354 863.167897 862.640564 858.444467 850.826568 835.949916 816.085613 817.953284 812.591390 799.822451 776.883593 752.121013 722.644820 693.546682
871.397403 869.140452 863.352803 857.794992 857.230207 861.186908 867.931160 869.281477 862.115273 853.189878 844.969949 837.437540 834.896475 833.024399 831.773901 831.048348 824.792940 815.785098 798.341500 784.806294 772.363910 765.527086 763.629532 768.447971 777.003281 785.130186 789.297807 783.677746 776.971337 767.400425 759.913630 760.301396 762.988224 771.551091 784.030912 787.449123 788.372350 784.331664 781.285570 776.762488 776.632759 785.677764 803.020488 818.992944 832.494817 840.829192 848.682459 855.392619 860.815968 861.325349 861.538568 860.793129 857.382794 842.086489 821.698866 798.489302 773.084987
848.466811 842.541028 835.519260 829.529440 827.688958 830.029611 832.877587 829.635755 822.282083 810.636815 797.212588 785.694312 778.940956 778.774967 779.986553 779.718912 772.599861 757.209636 738.279043 723.459035 708.733599 704.067849 699.089324 695.597327 705.634895 721.112520 726.583199 714.322669 705.289401 692.166747 685.114783 682.633241 684.434315 693.723752 712.134166 729.488105 730.717113 722.228169 714.181863 710.604468 709.810799 718.719189 739.123812 759.890491 775.183498 785.823896 793.696172 804.001506 814.607404 826.732686 839.916582 851.255934 861.262757 863.581553 862.420861 858.752714 843.468107
814.685271 805.339681 797.429847 790.783905 786.156377 783.531278 780.835171 774.599969 767.022114 753.529931 739.787692 726.842647 712.862440 708.926666 705.898172 706.945284 695.194412 683.326485 663.269389 647.087445 631.090605 621.237709 615.106439 609.236750 614.662195 630.043307 638.900314 624.851008 614.887954 602.108834 595.992757 592.996378 594.706058 604.609995 626.932001 645.375563 652.017144 644.589465 639.252180 637.328359 637.607490 644.471194 661.161896 682.338538 703.498471 719.715087 730.604103 740.425850 752.140785 767.698008 783.161022 799.211717 817.315175 837.031889 851.784819 861.100617 865.887949
771.006753 760.223338 749.134936 738.253987 731.881459 732.247208 725.207128 718.431026 705.003979 661.343775 643.688341 625.639890 610.362732 604.554805 597.049492 590.777924 580.983671 573.246725 563.492603 547.418719 530.036868 514.286352 508.800620 504.170898 497.148378 503.904422 507.516412 508.480992 501.297429 494.865036 492.056737 489.737503 493.347751 506.806709 519.339264 530.506911 536.661311 534.144484 540.584703 547.013201 550.225255 566.355517 581.095475 599.736680 621.825204 645.351962 658.970158 669.729457 681.960147 698.773289 717.025375 736.274022 760.249489 785.907989 803.772612 816.263130 828.998617
719.993267 705.504678 692.581743 679.883887 667.346017 667.537473 663.444244 655.452809 618.248243 576.175606 544.520306 526.178198 504.599950 493.555105 483.275327 459.581668 445.697414 438.078771 440.412471 429.240085 411.741413 396.891196 388.631143 382.079731 369.937330 363.211853 367.498538 378.268796 373.006426 370.597782 374.048331 372.223784 369.689790 377.014625 391.786842 400.641910 410.431206 420.919714 426.111213 434.598608 459.844540 474.669256 490.547902 511.507108 534.117760 557.440678 577.722699 591.573221 606.841898 626.548915 644.512768 666.686392 691.691429 721.390444 742.370299 758.335484 771.634670
647.939275 631.706524 615.041966 596.115002 575.596517 572.857683 565.417972 548.763761 504.944540 464.376899 433.419295 410.962827 386.184635 367.847611 342.177071 310.481212 289.856313 292.477202 298.642698 296.547264 281.108823 266.693816 255.106856 240.978969 224.751821 213.699762 221.885373 230.940690 237.197752 240.212595 244.098691 245.995761 245.044028 242.432980 250.850741 260.825042 272.385809 283.847492 297.216300 327.169195 353.728326 372.600031 394.802173 416.717100 441.097087 466.338278 488.561390 505.417508 524.801556 545.022572 566.778226 588.973684 615.328202 645.794141 670.865712 687.520273 703.161358
568.065207 546.247297 521.585679 485.293613 470.244624 461.095629 449.847583 416.038518 373.431676 335.235437 307.875523 281.123490 254.526736 225.634853 192.471198 162.691195 141.411796 147.129889 153.568827 162.739695 149.285553 136.045467 128.063821 112.327280 97.354080 82.915187 90.942781 100.782033 116.892894 120.828365 124.268916 130.740990 129.606131 127.785878 121.361228 131.204468 142.511907 157.311732 186.150649 214.347483 242.094153 266.585961 290.507193 316.493406 344.004043 371.323657 398.856570 420.132827 440.843132 463.678784 485.327742 505.648665 528.785097 556.500210 580.775305 601.245610 622.997538
470.443461 446.571907 411.942708 368.355238 335.097659 320.164706 284.093644 248.543691 207.526005 183.648069 161.152657 134.934900 110.472740 86.715266 58.066368 33.216461 8.771151 12.156174 24.079343 37.428448 29.815435 24.771260 20.776828 8.640002 -5.472832 -19.225839 -15.533438 -0.581183 16.224353 23.173931 29.620718 37.161348 37.330769 31.089436 23.148775 29.333313 43.617482 60.599188 83.783850 108.617246 133.355940 156.860840 183.091067 210.992610 239.760469 270.528913 301.925916 326.023118 353.343634 380.851328 403.189857 418.038634 435.154227 461.650476 482.054113 505.283470 528.976873
364.761106 337.167612 294.800222 248.910310 202.316755 162.201792 126.429563 92.225981 69.974778 48.324472 27.800147 7.481886 -14.723839 -35.681002 -56.152581 -78.833794 -98.514522 -93.552179 -80.353396 -68.297330 -66.456807 -69.757487 -73.111291 -81.215723 -94.986435 -106.394384 -98.239904 -82.735370 -67.492390 -57.572100 -50.863751 -44.558728 -47.215006 -55.259483 -61.770000 -53.659302 -37.943864 -22.348722 -3.750018 18.899494 41.879529 65.299579 90.217612 115.805715 144.392820 174.481733 205.475014 236.126258 265.081524 292.517294 308.328161 323.644216 336.052529 356.347841 377.836628 401.261967 426.967857
233.933165 202.714421 164.887599 121.227543 86.041976 51.294020 18.352680 -13.739931 -40.085476 -59.024775 -70.264428 -85.973672 -106.061422 -120.359651 -137.797176 -157.125914 -158.720407 -155.268565 -143.148408 -141.007596 -140.411700 -143.516472 -144.759263 -149.645963 -161.379690 -155.581214 -147.788990 -132.771327 -121.728121 -112.332953 -105.975209 -101.730564 -102.192155 -109.186534 -106.303154 -98.884308 -83.980763 -71.730974 -55.893515 -34.335111 -15.988254 4.622984 27.978713 52.437094 78.614700 106.795059 137.521891 166.213784 190.669810 205.110371 220.235760 230.771288 230.016970 248.917082 268.779954 289.020212 316.649240
102.652398 74.300963 45.369023 11.423345 -22.459469 -53.989339 -85.065764 -115.402377 -140.706432 -150.912137 -162.315394 -174.456581 -188.296754 -202.448701 -215.292204 -215.994852 -218.505763 -219.012175 -217.175465 -214.230651 -211.770703 -212.848522 -214.039436 -213.534096 -207.918627 -203.711651 -198.145535 -187.545135 -176.388431 -166.110210 -162.008881 -157.760984 -154.842597 -151.589120 -148.951073 -144.394021 -132.774696 -120.739992 -107.093580 -89.713784 -71.783209 -52.267295 -29.258386 -5.688392 19.741007 47.954442 76.850107 99.957102 112.787052 125.802791 132.796441 131.380456 130.336990 142.040542 158.803986 175.340186 201.935421
