tests/Borden05m/sims/sim_1/output-maps/psiliqL0023N0019.asc
ncols         160
nrows         34
xllcorner     620200.000000
yllcorner     5168000.000000
cellsize      0.500000
NODATA_value  -9999.0
[rows 0 to 24 of 34, columns 55 to 109 of 160]
-9999.0 -9999.0 -9999.0 -9999.0 -9999.0 -9999.0 -9999.0 -9999.0 -9999.0 -9999.0 -9999.0 -9999.0 -9999.0 -9999.0 -9999.0 -9999.0 -9999.0 -9999.0 -9999.0 -9999.0 -9999.0 -9999.0 -9999.0 -9999.0 -9999.0 -9999.0 -9999.0 -9999.0 -9999.0 -9999.0 -9999.0 -9999.0 -9999.0 -9999.0 -9999.0 -9999.0 -9999.0 -9999.0 -9999.0 -9999.0 -9999.0 -9999.0 -9999.0 -9999.0 -9999.0 -9999.0 -9999.0 -9999.0 -9999.0 -9999.0 -9999.0 -9999.0 -9999.0 -9999.0 -9999.0
-9999.0 -9999.0 -9999.0 -9999.0 2810.960896 2805.677202 2800.943708 2797.778014 2814.518458 2805.712332 2798.288636 2794.726506 2794.189490 2793.929757 2793.915135 2799.407654 2807.955846 2816.011020 2823.259074 2796.857766 2797.772133 2799.717848 2800.063400 2799.013505 2797.442133 2824.619875 2821.395093 2819.893755 2812.508631 2801.432273 2793.078514 2790.394868 2794.589021 2798.870793 2801.241556 2806.413177 2816.640355 2826.998165 2805.133458 2814.107660 2820.489374 2825.630771 2828.166414 2824.024655 2820.627526 2816.697244 2812.219358 2801.143664 -9999.0 -9999.0 -9999.0 -9999.0 -9999.0 -9999.0 -9999.0
2781.071726 2800.050908 2796.629849 2799.869840 2813.316370 2808.536692 2805.752016 2804.439527 2800.351262 2792.331526 2787.739635 2782.833875 2780.903784 2781.471049 2781.953782 2786.278671 2797.446375 2805.761113 2810.808877 2814.069568 2817.186856 2816.176940 2815.706519 2815.686901 2812.957922 2809.396498 2806.134755 2804.433364 2805.777215 2798.280833 2792.460098 2788.678359 2785.953172 2788.481641 2791.072800 2795.251809 2804.268317 2811.939765 2819.763553 2803.284039 2812.775062 2818.072372 2815.401081 2810.688573 2808.412322 2802.544350 2819.625248 2809.289553 2800.545725 2793.687454 2787.553181 2780.457433 2785.895548 2792.598430 2801.225383
2765.889270 2785.697227 2806.865628 2809.931440 2799.589294 2792.085112 2786.122651 2787.081702 2790.891258 2788.168853 2783.974295 2777.360703 2787.449252 2789.028694 2790.395395 2794.217121 2797.074398 2802.268639 2805.188868 2810.876024 2819.994689 2822.981960 2823.659760 2823.936056 2822.164181 2819.062590 2817.269972 2814.610780 2809.460191 2807.901790 2807.735099 2806.670167 2810.824234 2811.685339 2814.774423 2808.949063 2812.965401 2818.860337 2824.898539 2830.655462 2802.362748 2803.340752 2799.920395 2801.650549 2824.824993 2810.664155 2800.228126 2792.054172 2791.209581 2787.479238 2778.757874 2764.377149 2771.475180 2786.530383 2790.397732
2772.795853 2782.398058 2793.734633 2796.849217 2792.276019 2794.795439 2797.093685 2798.955674 2797.775474 2794.987587 2791.758313 2803.102103 2811.389709 2813.288289 2816.400749 2821.011662 2823.013956 2812.549928 2810.857723 2818.563185 2827.740031 2833.102588 2833.477631 2833.370191 2830.236257 2829.260075 2829.150150 2827.385493 2827.254992 2829.068921 2827.212349 2830.535162 2836.034423 2804.981525 2833.207027 2824.484361 2826.225213 2834.360073 2807.641065 2813.186795 2821.546796 2832.206515 2832.048164 2827.245432 2820.159728 2809.112335 2818.139895 2799.622133 2787.737682 2779.017862 2770.924244 2772.258838 2766.924559 2779.156132 2779.974964
2764.559809 2784.950954 2805.094414 2811.904838 2806.521669 2803.118631 2802.189695 2803.518246 2803.488455 2805.205199 2815.415285 2828.178377 2805.450529 2805.851793 2807.883763 2808.819460 2838.640360 2828.731480 2826.237329 2840.167575 2818.300940 2824.224370 2823.925470 2820.426954 2824.394498 2824.201615 2824.230533 2820.563384 2821.598756 2820.068989 2826.478898 2834.108347 2841.785240 2838.546305 2828.002324 2815.926167 2815.512511 2820.281027 2824.495966 2831.575064 2841.573005 2850.687649 2845.692866 2839.973483 2832.009100 2807.571592 2819.829887 2804.961367 2803.455895 2803.013401 2798.177558 2794.929259 2792.404700 2786.595914 2785.730894
2805.946274 2826.141855 2813.445767 2825.373590 2819.364645 2811.903773 2803.225833 2803.635791 2804.737819 2811.152871 2822.152548 2835.918044 2856.315540 2856.446095 2857.509758 2857.208264 2846.802958 2834.011150 2823.901367 2844.966302 2853.822162 2861.097865 2859.478798 2865.660252 2874.579004 2870.823502 2864.199559 2852.619601 2858.395147 2866.084529 2881.164286 2888.784386 2893.686319 2889.813455 2876.634729 2870.119711 2870.946573 2876.385746 2876.636107 2884.232868 2893.208616 2907.996044 2906.718670 2901.980674 2881.448706 2844.687275 2818.074111 2841.308781 2813.479556 2807.137941 2834.773262 2832.797390 2819.920193 2810.835914 2812.505042
2810.711107 2823.297767 2838.239087 2855.001736 2847.152641 2837.025689 2821.437572 2819.041501 2824.063691 2834.239808 2852.073437 2871.120041 2891.826609 2892.722308 2888.357114 2897.125027 2891.365983 2881.106761 2873.549342 2892.568121 2902.971598 2912.463250 2918.989110 2931.617926 2942.308441 2927.502084 2911.731238 2902.629374 2909.236405 2933.379115 2954.497291 2959.326614 2958.867380 2959.011316 2945.202957 2939.976590 2935.856215 2934.907455 2931.501570 2929.042905 2952.521171 2972.682363 2971.986135 2949.995829 2927.040832 2889.259846 2851.789565 2827.550980 2835.268427 2831.935203 2835.973300 2824.646315 2811.941118 2804.319097 2834.518772
2864.021064 2887.184676 2904.411261 2925.054176 2918.271945 2896.868502 2882.926200 2886.103396 2899.452482 2907.310915 2925.002430 2943.669009 2970.710880 2984.894483 2997.346924 2983.592633 2994.296417 2986.315594 2974.186335 2977.803360 2999.468190 2991.345992 2998.881823 3007.695092 3020.200341 3021.727097 3015.818885 3014.285290 3018.341863 3030.258838 3043.354127 3050.026807 3053.559140 3056.522795 3045.544570 3033.383368 3030.720609 3024.609172 3022.175706 3021.071720 3030.544242 3048.955655 3046.173852 3012.418891 2987.053506 2971.348319 2934.008999 2904.299006 2895.434976 2911.398169 2908.151493 2891.528672 2878.924680 2851.047674 2845.067767
2938.188196 2971.518746 2995.913164 2988.890410 2996.226148 2983.502534 2982.044464 2985.927072 2993.790962 2997.094689 3003.582667 3035.610252 3068.955457 3094.563778 3117.329339 3123.580086 3112.767106 3103.020460 3089.868566 3080.924219 3090.282520 3105.575446 3122.830613 3137.831237 3149.076801 3151.500180 3150.010742 3150.123577 3152.965884 3155.929595 3159.903642 3167.792495 3175.096236 3179.135792 3187.504293 3178.475704 3166.533475 3156.873609 3146.895575 3145.246176 3146.084655 3148.785274 3149.732470 3135.262975 3096.062876 3066.686960 3035.365205 3014.150072 2999.644012 2997.943314 2998.312261 2975.088088 2925.167587 2888.303801 2856.384327
3009.117470 3050.631222 3079.357473 3096.507449 3109.378142 3107.443326 3109.184284 3110.353488 3114.345667 3117.136378 3120.622042 3146.006748 3181.383387 3219.591515 3250.200132 3250.735842 3237.872607 3226.688842 3217.267529 3203.669595 3199.818053 3211.311968 3225.735639 3245.051158 3255.638751 3262.447858 3259.640969 3259.897061 3261.446971 3263.653501 3265.699196 3268.959969 3278.014281 3292.064035 3305.846583 3305.426255 3288.044710 3270.444738 3254.254131 3250.897532 3247.825296 3242.857654 3244.892108 3246.707233 3232.900159 3203.634449 3170.020720 3129.810647 3111.395787 3095.420484 3085.607409 3069.663033 3034.082656 2990.962546 2954.206972
3121.493684 3153.553502 3177.363354 3206.929015 3222.256202 3225.379365 3223.225297 3222.496285 3229.381691 3232.657676 3239.042114 3255.333156 3285.224328 3319.100040 3347.977809 3363.600083 3356.544535 3339.647577 3318.439538 3309.534321 3306.932425 3310.202605 3319.104984 3330.975067 3349.642189 3368.268389 3373.095473 3373.944086 3372.128140 3373.650523 3375.059716 3375.156342 3377.702929 3385.454839 3394.777229 3397.999581 3390.898521 3371.761904 3349.067584 3337.208385 3330.377444 3326.839535 3327.347013 3331.847101 3334.493060 3320.516534 3286.914316 3244.146271 3213.912054 3197.789476 3185.111061 3176.528009 3164.960642 3136.391795 3116.398706
3223.810804 3238.469478 3265.532932 3293.596648 3316.238663 3331.070297 3332.003144 3335.385962 3340.028719 3347.696247 3362.670554 3384.154188 3402.057994 3423.482960 3448.961945 3464.449937 3469.733574 3468.411495 3464.859923 3466.159766 3466.475853 3410.083534 3415.771577 3421.432374 3436.786107 3450.882367 3455.879129 3456.452137 3454.221788 3455.864225 3456.548162 3456.484947 3456.118282 3458.029707 3462.589433 3464.332234 3462.181877 3450.688388 3466.286627 3446.862327 3433.732333 3425.704325 3417.618591 3409.392463 3400.046916 3390.400648 3372.138355 3342.318904 3308.505915 3286.350734 3278.087535 3272.497115 3264.662056 3259.333881 3243.002172
3321.358742 3331.902771 3349.437996 3371.450486 3403.099311 3425.495158 3436.593041 3445.648968 3450.250463 3463.786918 3479.745882 3465.546583 3473.028006 3480.773920 3488.470322 3491.113293 3491.869965 3491.520681 3489.164656 3488.466597 3486.186878 3482.523704 3472.253671 3473.841926 3475.710242 3478.305611 3481.993490 3480.850642 3481.927401 3484.868703 3483.157916 3477.226356 3473.245824 3471.674621 3472.576489 3479.942925 3483.361421 3484.289550 3481.335497 3480.450318 3479.552928 3476.488957 3472.663477 3467.270522 3460.371848 3473.216884 3461.665268 3434.655221 3396.010150 3357.164251 3348.683158 3349.611034 3349.780899 3348.199427 3342.729248
3441.243245 3454.472594 3468.811264 3449.883534 3469.951541 3480.248510 3485.064960 3488.888151 3491.595649 3494.359786 3491.313893 3488.239398 3483.408975 3481.911482 3480.583125 3478.167789 3478.807256 3476.923056 3472.907487 3468.983637 3461.323520 3449.946211 3438.774515 3435.404777 3439.757504 3445.265889 3450.266673 3454.489693 3458.135256 3458.330876 3453.007423 3444.713615 3437.277772 3435.582737 3442.371756 3448.067737 3454.355524 3455.192636 3453.807480 3451.409206 3451.246854 3448.127359 3448.386987 3455.333428 3469.774767 3473.009628 3478.328598 3477.571182 3462.576254 3435.477548 3443.806727 3424.097629 3429.771382 3425.300578 3414.112476
3482.890641 3485.387898 3483.919414 3482.707281 3476.426812 3470.448002 3469.699210 3473.697691 3480.706308 3481.824502 3474.834082 3466.374993 3459.262230 3452.017420 3449.758332 3449.111209 3448.821090 3449.281616 3444.037029 3435.055192 3418.488419 3406.987363 3395.951560 3390.031974 3386.591841 3390.310232 3401.279860 3412.974337 3417.930765 3409.110953 3400.862749 3389.296421 3381.264702 3381.681390 3382.921305 3392.302312 3408.583115 3415.575072 3416.329852 3410.093688 3403.942647 3397.408377 3394.497355 3400.933543 3416.064845 3432.390983 3447.559038 3456.464264 3464.060006 3471.019520 3470.325429 3472.792825 3474.151364 3472.232257 3474.536870
3477.028229 3470.157177 3463.299740 3458.102167 3451.693263 3446.389871 3444.630100 3446.646594 3448.798743 3444.905002 3438.567215 3428.722757 3417.857830 3408.284887 3401.021828 3402.064546 3404.435165 3406.024800 3398.990348 3383.995106 3367.308003 3354.010171 3340.264533 3336.388077 3330.730855 3323.716962 3333.895632 3353.117301 3360.277412 3344.697940 3334.040917 3319.083643 3312.405577 3308.581147 3309.479562 3318.444270 3340.395062 3363.580561 3365.478438 3354.732571 3344.068018 3339.275084 3336.103841 3340.922350 3357.651807 3377.161170 3392.781989 3402.924036 3408.206982 3415.950775 3425.266486 3439.024054 3453.448749 3465.475707 3470.757597
3452.310633 3444.624327 3437.050847 3429.546783 3422.755960 3416.748305 3412.580581 3410.693020 3407.095733 3401.161936 3394.364845 3375.909628 3363.795963 3351.269510 3336.791982 3333.160085 3328.851013 3330.174609 3318.912539 3310.719589 3294.154093 3279.004786 3263.878786 3251.178036 3245.529484 3239.051627 3238.377244 3252.150936 3260.666762 3250.585331 3240.845985 3229.892656 3225.133750 3221.795708 3224.159563 3234.522111 3254.403546 3272.678441 3280.760385 3273.256507 3271.209045 3270.369526 3268.703696 3274.713601 3285.877272 3303.804188 3325.651360 3343.839442 3353.428951 3360.274320 3369.421090 3382.698609 3396.532592 3410.624723 3428.271276
3422.116954 3413.046293 3403.319918 3393.836879 3383.640036 3374.255351 3368.057778 3370.635807 3364.723317 3359.193276 3338.017082 3284.876005 3264.974885 3246.574132 3230.838974 3224.581869 3216.647091 3202.123313 3193.628975 3189.014205 3189.926863 3176.264028 3163.846827 3146.781090 3141.940814 3138.369298 3122.434325 3119.345128 3120.306749 3134.611623 3128.395573 3126.451871 3127.737414 3125.352758 3126.941933 3139.801672 3148.126264 3154.269163 3160.865039 3164.597504 3174.180284 3176.567674 3185.172698 3201.736220 3212.663133 3227.956168 3248.040354 3272.594171 3287.325356 3296.528726 3306.718701 3321.695955 3337.650561 3355.050746 3377.100161
3388.119529 3373.186260 3359.060080 3345.092300 3332.717835 3320.293963 3305.262777 3307.257547 3305.206862 3295.606680 3243.727425 3203.604506 3175.523878 3158.777665 3135.779556 3122.987477 3108.900682 3072.747878 3056.089898 3055.036027 3068.590899 3064.425241 3049.435334 3037.463997 3028.423844 3019.608113 3002.746641 2985.568490 2991.467533 3009.001611 3009.197187 3011.840330 3019.162874 3018.479879 3012.259242 3010.711013 3022.985775 3028.728979 3039.559705 3056.095584 3060.640471 3074.244920 3106.373220 3118.990457 3133.666701 3151.871369 3171.843069 3188.329838 3209.674179 3223.129308 3237.757849 3255.467746 3271.723034 3291.688633 3313.995439
3339.557716 3309.507123 3289.083490 3272.288367 3254.228692 3228.777694 3209.217239 3207.395138 3201.579775 3174.889493 3128.894155 3094.517868 3071.067281 3049.769668 3027.176772 3005.927815 2988.986000 2955.518345 2934.040550 2948.280528 2958.944650 2969.040121 2957.421674 2946.498390 2936.929717 2919.602708 2903.066845 2887.400015 2898.068280 2906.697203 2924.185539 2930.635035 2934.589678 2940.082230 2938.769382 2928.994668 2925.418169 2933.641325 2943.632282 2955.394651 2975.167296 2991.307011 3014.332965 3031.854099 3051.745166 3068.972678 3089.850939 3112.023930 3133.977621 3150.306008 3167.895365 3180.730099 3200.645699 3219.466373 3242.057191
3262.590095 3235.004092 3209.251287 3187.171477 3161.842206 3117.578124 3104.801006 3096.421284 3076.390033 3031.350887 2991.784428 2987.796184 2974.199539 2951.057598 2930.043734 2903.736568 2871.583298 2849.634899 2829.352226 2839.329122 2849.274292 2868.249960 2859.235469 2851.995147 2848.706776 2833.572288 2820.316669 2804.225236 2810.714827 2822.586332 2845.224924 2851.017730 2855.129055 2864.275133 2863.577491 2859.315325 2843.008755 2850.047927 2860.766797 2873.399982 2903.660583 2925.385526 2947.774632 2969.316283 2988.078806 2991.720245 3012.339809 3034.658431 3059.068649 3077.790588 3096.055111 3116.544962 3135.253671 3149.691251 3165.906709
3162.281095 3138.669553 3119.339170 3096.009376 3056.364642 3014.654742 2993.690405 2969.413536 2919.578613 2887.148351 2865.368585 2863.512659 2851.005762 2831.359274 2814.594120 2831.785180 2809.294428 2789.736514 2764.478808 2769.279451 2784.282536 2800.605353 2800.759448 2800.938473 2799.114059 2789.481285 2775.941809 2762.290471 2766.004602 2782.900563 2800.853614 2810.773209 2818.618998 2826.663875 2826.820472 2818.055773 2808.722439 2814.133414 2829.801542 2811.948469 2827.840543 2848.262340 2867.217101 2887.242942 2909.310004 2930.763243 2953.355857 2977.354135 2986.594012 3005.718129 3028.331126 3050.742555 3066.798960 3075.296100 3083.256321
3062.700002 3043.769932 3021.333432 2996.023077 2971.882861 2933.206838 2893.866068 2850.260912 2819.828172 2827.488920 2819.075405 2803.145335 2789.122259 2774.030997 2753.724314 2738.089010 2722.954684 2701.515580 2690.317787 2697.070065 2710.171914 2718.429370 2724.544219 2722.217420 2719.732706 2713.840643 2699.930871 2695.049867 2704.901044 2720.151182 2734.073014 2745.630717 2752.725808 2758.224046 2755.542978 2746.866105 2743.998997 2752.607835 2768.393089 2781.438443 2796.828158 2817.838609 2806.300986 2825.576967 2845.873751 2867.211740 2891.059567 2915.607758 2940.132481 2966.403437 2987.837547 2989.801563 2996.842082 3005.510225 3005.312215
2958.882905 2947.167968 2922.130324 2896.345085 2868.337708 2835.515941 2813.166310 2815.708945 2785.836383 2757.690161 2732.034665 2719.097666 2712.352079 2699.156158 2682.007270 2670.784204 2655.181698 2644.203001 2649.386630 2650.591800 2658.755332 2657.039109 2657.805030 2655.226103 2654.513354 2652.034283 2645.396663 2656.698689 2663.429681 2677.006712 2687.180260 2696.980353 2702.991264 2706.830180 2708.078430 2703.927541 2709.856591 2716.399642 2730.469869 2741.889169 2755.862197 2776.052311 2792.340827 2811.339509 2804.092047 2824.657262 2846.230300 2870.903800 2897.911246 2921.723608 2938.934027 2944.548389 2953.278687 2954.847414 2944.120345
