tests/Borden05m/sims/sim_1/output-maps/psiliqL0022N0004.asc
ncols         160
nrows         34
xllcorner     620200.000000
yllcorner     5168000.000000
cellsize      0.500000
NODATA_value  -9999.0
[rows 0 to 24 of 34, columns 55 to 109 of 160]
-9999.0 -9999.0 -9999.0 -9999.0 -9999.0 -9999.0 -9999.0 -9999.0 -9999.0 -9999.0 -9999.0 -9999.0 -9999.0 -9999.0 -9999.0 -9999.0 -9999.0 -9999.0 -9999.0 -9999.0 -9999.0 -9999.0 -9999.0 -9999.0 -9999.0 -9999.0 -9999.0 -9999.0 -9999.0 -9999.0 -9999.0 -9999.0 -9999.0 -9999.0 -9999.0 -9999.0 -9999.0 -9999.0 -9999.0 -9999.0 -9999.0 -9999.0 -9999.0 -9999.0 -9999.0 -9999.0 -9999.0 -9999.0 -9999.0 -9999.0 -9999.0 -9999.0 -9999.0 -9999.0 -9999.0
-9999.0 -9999.0 -9999.0 -9999.0 2628.033750 2622.857401 2618.275966 2614.116464 2606.259306 2597.462141 2589.930625 2586.308490 2585.713695 2585.383983 2585.320194 2590.782249 2599.275514 2607.293592 2614.550817 2617.022482 2619.641622 2621.890951 2622.492060 2621.630299 2618.749270 2616.033709 2612.901805 2611.470302 2604.079793 2593.032954 2584.690726 2582.056463 2586.332938 2590.701537 2593.161726 2598.480291 2608.826286 2619.229799 2627.082583 2638.865906 2645.000378 2649.752476 2651.905655 2647.319966 2643.429314 2639.072094 2632.989791 2621.743886 -9999.0 -9999.0 -9999.0 -9999.0 -9999.0 -9999.0 -9999.0
2573.431761 2592.406611 2613.266564 2616.661258 2605.271312 2600.482302 2597.655047 2596.286176 2592.234487 2584.157046 2579.488602 2574.519100 2572.581870 2573.087890 2573.525498 2577.832285 2588.906167 2597.196330 2602.219635 2605.277682 2608.352791 2607.451076 2607.030283 2607.052549 2604.402728 2601.072170 2597.886995 2596.250388 2597.568678 2590.123200 2584.392857 2580.704237 2578.147829 2580.760405 2583.402777 2587.590499 2596.737615 2604.516365 2612.261907 2626.375022 2638.801980 2643.824402 2640.711818 2635.386030 2630.971735 2623.332401 2612.813714 2602.538107 2593.965110 2587.171052 2581.138871 2574.211392 2579.725820 2586.429330 2595.175775
2558.346239 2578.078340 2599.001019 2602.040719 2591.808756 2584.265172 2578.430521 2579.342349 2583.053155 2580.263764 2576.031042 2569.583630 2579.532011 2581.088886 2582.444327 2586.227422 2589.109531 2594.114640 2597.035321 2602.702168 2611.853787 2614.860397 2615.589456 2615.934914 2614.250871 2611.251106 2609.550033 2606.965658 2601.884426 2600.435892 2600.372170 2599.447251 2603.763687 2605.042816 2607.822752 2601.997567 2606.070270 2612.105672 2618.577525 2624.265618 2630.190145 2632.622114 2628.697972 2628.116203 2618.936809 2604.684363 2594.072532 2585.855002 2584.928673 2581.258529 2572.627064 2558.416074 2565.511652 2580.605437 2584.524754
2565.387781 2574.972652 2586.398480 2589.554209 2585.012623 2587.486965 2589.785916 2591.672495 2590.502447 2587.733168 2584.663639 2596.181311 2604.992732 2606.959204 2610.090703 2614.600762 2615.980238 2605.386126 2603.653083 2611.473489 2621.205441 2626.709232 2627.159902 2627.163208 2624.255122 2623.396399 2623.372496 2621.665654 2621.707044 2623.650934 2622.038206 2625.556046 2631.175061 2634.997219 2628.378858 2619.679284 2621.454369 2629.696950 2639.089539 2646.455180 2656.346374 2666.680518 2665.814216 2660.110000 2650.518937 2636.772733 2613.008499 2594.187094 2582.321246 2573.682858 2565.609061 2566.764532 2561.619794 2573.710114 2574.559410
2558.393321 2578.556046 2599.287090 2606.371494 2601.088278 2597.672331 2596.702520 2598.094564 2598.186057 2600.119779 2610.644420 2623.716901 2637.572220 2640.611964 2643.265041 2642.667786 2634.387605 2624.492736 2621.930055 2636.095706 2654.006309 2662.431868 2662.632520 2659.759365 2664.354715 2664.342856 2664.461018 2660.903576 2662.239898 2661.178064 2668.078340 2675.809101 2683.556163 2682.154366 2669.805980 2657.737338 2657.218947 2661.827196 2667.620080 2674.510651 2684.188554 2692.791852 2687.047345 2680.296413 2671.020360 2643.227915 2617.138261 2601.306053 2600.099722 2599.523639 2594.188916 2590.809771 2588.112272 2582.090062 2581.139782
2601.665514 2622.331975 2644.402862 2659.313009 2654.287928 2647.645037 2639.660512 2640.903961 2642.997041 2650.369292 2662.361998 2677.375550 2700.712888 2702.022796 2703.947682 2704.285748 2692.658883 2680.374089 2670.597349 2691.812078 2703.088203 2710.814795 2709.879144 2716.834102 2726.238761 2722.757413 2716.303827 2705.129955 2711.193693 2719.497823 2734.723015 2742.352002 2747.184535 2743.619808 2730.604623 2724.218953 2724.889322 2730.006365 2729.937280 2736.962446 2745.618030 2759.771577 2757.706471 2751.486220 2729.590153 2691.487977 2658.943188 2641.449575 2650.403294 2642.856745 2633.867257 2631.321548 2618.128507 2608.640448 2609.553828
2647.171354 2663.459571 2681.670816 2699.690391 2693.256980 2684.193992 2669.910405 2668.717862 2674.957384 2686.062026 2704.941880 2725.289230 2747.251359 2749.749218 2746.788844 2755.582988 2751.176780 2741.710921 2734.594964 2753.231891 2764.131581 2773.290888 2780.404032 2793.475783 2804.688861 2790.811359 2775.771307 2767.376314 2774.087098 2797.967239 2818.829386 2823.768609 2823.464239 2823.716964 2810.381815 2805.137510 2801.012491 2799.718364 2795.983473 2793.084165 2815.525372 2834.563379 2832.772422 2809.453376 2785.177027 2746.985677 2707.868369 2679.264876 2686.343964 2681.519993 2681.913110 2668.777316 2654.357292 2642.600414 2635.084671
2714.754931 2740.081389 2758.948207 2780.046943 2775.225690 2755.601988 2743.527472 2748.008662 2762.338269 2771.123830 2789.537679 2809.674580 2838.005241 2853.851441 2868.354728 2788.376723 2867.047803 2858.822376 2847.036784 2850.576085 2872.865216 2795.099430 2803.244813 2812.259003 2824.732126 2826.662416 2821.103438 2819.680030 2823.637150 2835.029222 2847.668900 2854.324696 2858.040772 2861.349526 2851.145625 2839.211497 2836.107242 2829.751709 2826.905300 2825.683685 2834.475465 2852.163752 2849.523368 2816.649502 2790.962236 2841.508672 2802.128923 2770.331853 2758.771293 2772.045189 2767.164511 2748.950115 2734.097376 2703.923754 2693.350529
2799.741866 2834.786973 2861.380895 2791.954551 2800.061436 2788.076709 2786.834663 2790.624073 2798.316207 2801.682950 2808.193016 2840.118073 2873.543564 2899.384674 2922.213696 2928.872315 2917.827377 2908.018663 2894.978315 2885.974107 2894.813846 2910.294287 2927.520095 2942.568412 2953.803200 2956.358319 2954.911955 2955.054764 2957.815427 2960.774332 2964.639373 2972.341172 2979.786024 2981.896828 2990.722420 2981.841644 2971.971852 2961.916070 2951.585701 2949.624004 2950.254942 2952.541231 2953.426872 2939.717774 2901.378414 2871.938444 2840.600881 2818.806280 2803.811103 2800.770882 2868.650360 2843.459384 2792.366652 2754.365579 2720.364014
2812.646855 2854.124921 2882.996525 2900.973951 2914.006288 2912.463613 2914.184274 2915.419736 2919.519071 2922.476361 2926.255008 2951.399017 2984.277715 3022.390484 3052.760427 3053.573324 3040.987813 3029.856574 3020.321091 3007.007008 3003.182858 3014.291249 3028.335426 3047.272581 3057.905585 3064.975725 3062.413696 3062.677730 3064.065649 3066.276847 3068.286887 3071.400423 3080.240362 3094.246769 3107.773772 3107.491097 3090.344740 3072.799139 3056.546044 3052.864330 3049.564218 3044.588413 3046.512500 3048.312065 3035.276991 3006.383991 2975.329322 2934.913930 2915.856608 2899.465646 2889.178782 2873.256156 2838.596678 2870.727156 2832.117794
2926.037012 2957.671653 2979.313962 3008.983553 3024.487548 3027.932787 3025.920826 3025.351861 3032.176820 3035.651721 3042.310596 3058.569889 3087.918179 3121.163747 3149.692519 3165.384515 3158.619842 3142.147727 3121.343032 3112.801629 3110.321789 3113.447581 3122.092044 3133.547910 3151.854935 3170.199190 3175.482580 3176.316031 3174.056960 3176.007617 3177.426204 3177.515593 3179.904920 3187.352466 3196.436627 3199.589470 3192.681099 3173.484091 3151.072622 3139.025434 3132.070696 3128.488918 3128.803933 3133.047493 3135.469121 3121.811313 3088.619579 3046.555650 3016.254275 2999.767801 2986.738373 2980.538270 2968.939968 2941.152392 2921.492369
3026.219669 3040.627741 3067.545542 3095.310785 3118.001965 3132.880415 3134.028554 3137.552449 3142.138256 3149.940729 3164.923846 3186.489432 3203.976480 3224.864356 3249.838020 3264.976103 3270.269964 3269.101845 3265.779493 3267.124457 3267.422469 3214.088338 3219.501205 3224.883440 3239.406367 3252.883842 3257.683610 3258.225416 3256.068489 3257.695342 3258.345506 3258.301708 3257.937319 3259.654084 3263.967217 3265.615661 3263.577763 3252.541872 3266.885488 3247.749316 3234.779806 3226.839944 3218.831127 3210.620564 3201.313440 3191.697782 3173.320785 3143.928826 3110.374383 3087.881125 3079.451935 3073.713208 3066.154523 3060.960997 3044.948079
3123.674913 3134.188406 3151.423609 3173.157966 3204.679122 3226.682529 3237.643122 3246.582757 3251.153202 3264.500578 3280.139062 3266.885257 3273.965886 3281.293068 3288.573372 3291.073480 3291.789296 3291.458951 3289.120559 3288.460224 3286.247437 3282.495164 3272.317486 3273.895462 3275.725445 3278.308596 3281.977199 3280.816613 3281.874365 3284.811735 3283.124616 3277.246447 3273.311584 3271.741858 3272.597520 3279.930466 3283.314754 3284.225407 3281.469709 3280.607866 3279.758854 3276.860452 3273.241849 3268.140684 3261.615281 3273.508399 3262.114757 3235.585887 3197.610809 3158.897100 3149.990182 3150.524554 3150.830723 3149.237264 3143.837773
3242.268179 3255.281499 3269.404028 3252.057649 3271.092537 3280.836358 3285.392432 3289.073845 3291.733522 3294.321409 3291.258843 3288.155779 3283.352285 3281.887408 3280.570721 3278.166832 3278.811031 3276.928505 3272.936198 3269.067311 3261.547637 3250.260026 3239.090709 3235.813035 3240.188410 3245.642485 3250.569286 3254.683036 3258.290398 3258.575358 3253.322182 3245.093789 3237.712560 3235.999726 3242.744202 3248.415268 3254.587174 3255.404564 3254.022530 3251.668558 3251.545851 3248.499371 3248.782426 3255.663921 3269.950578 3273.428722 3278.458622 3277.742244 3263.554442 3237.868117 3244.665963 3225.065660 3230.572358 3226.156003 3215.035591
3282.960890 3285.322522 3283.932953 3282.666196 3276.435659 3270.492735 3269.757196 3273.744882 3280.733105 3281.876428 3274.913714 3266.506464 3259.447046 3252.287125 3250.067241 3249.378081 3249.068213 3249.506712 3244.282891 3235.449819 3219.009389 3207.537583 3196.513959 3190.603204 3187.327677 3191.170049 3202.007190 3213.470303 3218.385472 3209.792245 3201.644965 3190.198740 3182.185113 3182.585811 3183.921939 3193.241537 3209.249419 3215.977910 3216.713962 3210.590858 3204.602804 3198.129573 3195.295416 3201.735272 3216.788337 3232.990481 3247.948553 3256.735904 3264.268688 3271.147179 3270.878101 3273.214280 3274.499779 3272.684830 3274.649061
3276.983053 3270.162726 3263.358770 3258.204026 3251.806241 3246.492463 3244.762652 3246.839358 3249.086597 3245.282929 3238.950606 3229.080796 3218.275133 3208.750731 3201.644376 3202.690852 3205.062456 3206.611133 3199.683184 3184.764614 3167.670798 3154.387424 3140.675216 3136.821218 3131.272589 3124.559698 3134.769250 3153.751881 3160.807851 3145.465411 3134.911611 3120.061722 3113.332928 3109.585712 3110.536493 3119.515991 3141.202308 3163.945937 3165.747506 3155.092454 3144.522292 3139.705542 3136.549205 3141.461054 3158.263106 3178.161141 3193.656303 3203.668938 3208.931258 3216.657857 3225.944113 3239.550172 3253.796561 3265.673214 3271.235979
3252.433953 3244.769640 3237.224975 3229.761285 3222.996696 3216.970493 3212.840669 3210.975656 3207.522880 3201.646814 3194.849263 3176.453800 3164.391153 3152.024638 3137.732609 3134.205064 3130.104146 3131.525827 3120.354586 3112.034526 3095.324850 3080.205838 3064.897573 3052.461335 3046.839174 3040.457153 3040.262894 3054.184820 3062.743433 3052.377876 3042.604795 3031.492761 3026.608207 3023.271265 3025.572702 3035.891102 3055.928732 3074.177784 3082.090533 3074.497057 3072.105668 3071.272259 3069.593985 3075.471748 3086.826688 3104.837162 3126.454180 3144.313329 3153.773551 3160.613231 3169.805936 3183.575884 3197.383673 3211.372431 3228.870941
3222.338159 3213.264761 3203.595284 3194.186841 3184.002882 3174.158736 3168.016147 3170.547645 3164.670327 3159.166016 3138.656249 3086.280925 3066.492385 3048.281604 3032.743659 3026.672344 3018.889735 3005.102524 2996.654788 2991.945404 2992.201584 2978.247911 2968.056937 2950.956963 2946.096726 2942.480077 2927.207517 2924.839891 2925.992607 2939.326960 2933.004443 2930.698689 2931.659030 2929.260436 2930.994034 2943.910944 2952.544366 2959.030207 2965.545695 2968.753777 2978.170225 2978.130384 2986.383662 3002.718329 3013.710767 3029.045177 3049.088229 3073.600513 3088.058741 3097.162740 3107.304911 3122.270333 3138.171255 3155.452033 3177.445483
3188.394972 3173.200305 3159.178688 3145.323847 3133.036919 3120.681995 3105.963589 3107.975395 3105.925917 3096.564775 3045.654761 3005.273215 2979.813248 2962.850513 2940.015160 2927.368736 2913.345607 2878.157637 2861.807707 2860.369398 2873.191021 2868.580442 2853.387604 2841.279168 2832.370534 2823.790307 2807.327925 2790.934873 2796.718972 2813.742062 2813.501871 2815.736570 2822.742046 2821.946615 2815.969969 2815.041481 2827.459535 2833.357605 2844.008790 2859.968692 2864.420909 2877.884428 2909.382187 2921.964821 2936.560416 2954.853695 2975.058023 2989.427987 3010.708086 3023.980536 3038.457993 3056.343402 3072.527251 3092.423365 3114.694705
3139.768729 3110.036858 3089.844502 3073.208847 3055.174777 3030.332504 3010.853516 3009.164618 3003.428673 2977.438551 2934.088134 2898.859088 2874.822985 2853.580358 2830.966081 2809.743895 2862.954685 2827.490825 2804.573415 2816.734676 2826.134219 2834.766834 2822.666118 2811.305216 2801.407422 2784.162420 2767.541681 2752.115662 2762.515279 2771.127765 2787.843438 2794.158925 2798.278293 2803.742711 2802.754218 2793.855324 2791.585228 2800.500981 2811.346931 2824.073008 2844.846037 2793.397048 2816.669254 2833.994044 2853.804782 2871.469514 2892.435249 2914.739909 2936.584348 2952.823114 2970.597408 2981.444258 3001.510969 3020.365950 3043.021067
3063.682093 3036.245468 3010.590093 2988.459949 2965.941935 2922.097962 2908.964930 2900.639823 2881.407359 2837.253006 2797.255746 2860.765619 2843.645311 2818.014725 2794.318366 2763.976885 2731.174527 2707.521718 2685.990735 2694.587879 2703.403603 2721.067500 2711.396230 2703.484744 2699.667420 2684.346693 2670.867705 2654.815265 2661.345947 2673.027038 2695.221915 2700.972183 2705.177991 2714.331569 2713.866888 2710.113010 2694.916649 2702.663230 2714.146249 2729.665118 2760.662996 2782.777778 2806.713803 2830.062448 2851.368292 2793.029353 2814.073129 2836.432483 2861.103605 2879.803366 2898.032521 2918.665161 2937.483445 2952.268718 2969.077919
2966.153769 2942.435655 2922.917884 2899.579156 2860.030935 2818.059171 2868.020512 2841.191976 2789.316820 2751.950907 2726.766586 2722.453740 2707.564769 2685.521915 2664.279404 2641.728654 2618.243684 2597.909815 2572.347843 2576.731640 2591.293083 2607.300041 2606.918922 2606.802955 2604.918999 2595.207483 2581.712474 2568.106116 2571.821180 2588.551489 2606.378788 2616.038947 2623.729367 2631.673927 2631.763531 2623.100377 2613.773582 2619.143820 2634.793614 2652.924429 2672.048006 2693.639893 2715.921660 2737.754121 2761.602935 2784.292885 2809.035695 2835.790594 2787.478494 2806.851254 2829.455761 2852.259072 2868.584497 2877.363774 2885.840835
2866.244035 2847.105567 2824.618220 2799.072618 2838.203625 2796.735128 2755.515272 2707.916541 2672.526123 2639.881644 2629.462251 2612.463261 2597.258239 2581.096965 2559.986845 2542.926859 2526.975814 2505.101922 2493.004866 2499.390931 2512.333238 2520.776052 2526.576602 2524.216216 2521.726012 2515.739914 2501.896409 2496.584921 2506.321494 2521.571746 2535.552200 2546.947450 2553.958642 2559.447209 2556.691995 2547.972774 2544.739985 2553.185137 2568.847692 2582.403668 2597.906646 2619.084881 2641.291821 2663.959981 2687.666775 2710.833145 2736.731677 2763.317569 2789.355558 2817.852105 2842.237939 2790.072127 2797.716588 2806.573071 2806.998485
2821.986750 2807.779326 2780.429235 2750.610791 2721.173861 2686.006685 2659.123828 2624.965684 2593.839114 2564.153325 2537.726691 2523.712349 2516.031757 2502.111848 2484.272283 2472.416377 2456.362566 2444.521931 2449.005912 2450.202162 2458.531560 2457.028277 2457.768705 2455.171522 2454.457108 2451.847999 2444.884231 2455.817697 2462.616851 2476.280809 2486.485103 2496.212783 2502.192612 2505.992734 2507.039064 2502.590481 2508.187600 2514.652411 2528.614249 2539.921954 2553.834261 2573.974344 2590.756552 2610.032117 2633.859990 2657.697831 2682.681050 2709.412853 2738.289036 2764.255247 2783.784661 2791.362437 2802.787802 2807.620102 2800.450009
