tests/Borden05m/sims/sim_1/output-maps/psiliqL0016N0017.asc
ncols         160
nrows         34
xllcorner     620200.000000
yllcorner     5168000.000000
cellsize      0.500000
NODATA_value  -9999.0
[rows 0 to 24 of 34, columns 0 to 54 of 160]
-9999.0 -9999.0 -9999.0 -9999.0 -9999.0 -9999.0 -9999.0 -9999.0 -9999.0 -9999.0 -9999.0 -9999.0 -9999.0 -9999.0 -9999.0 -9999.0 -9999.0 -9999.0 -9999.0 -9999.0 -9999.0 -9999.0 -9999.0 -9999.0 -9999.0 -9999.0 -9999.0 -9999.0 -9999.0 -9999.0 -9999.0 -9999.0 -9999.0 -9999.0 -9999.0 -9999.0 -9999.0 -9999.0 -9999.0 -9999.0 -9999.0 -9999.0 -9999.0 -9999.0 -9999.0 -9999.0 -9999.0 -9999.0 -9999.0 -9999.0 -9999.0 -9999.0 -9999.0 -9999.0 -9999.0
-9999.0 -9999.0 -9999.0 -9999.0 -9999.0 -9999.0 -9999.0 -9999.0 -9999.0 -9999.0 -9999.0 -9999.0 -9999.0 -9999.0 -9999.0 -9999.0 -9999.0 -9999.0 -9999.0 -9999.0 -9999.0 -9999.0 -9999.0 -9999.0 -9999.0 -9999.0 -9999.0 -9999.0 -9999.0 -9999.0 -9999.0 -9999.0 -9999.0 -9999.0 -9999.0 -9999.0 -9999.0 -9999.0 -9999.0 -9999.0 -9999.0 -9999.0 -9999.0 -9999.0 -9999.0 -9999.0 -9999.0 -9999.0 -9999.0 -9999.0 -9999.0 -9999.0 -9999.0 -9999.0 -9999.0
-9999.0 -9999.0 -9999.0 -9999.0 -9999.0 -9999.0 -9999.0 -9999.0 -9999.0 -9999.0 -9999.0 -9999.0 -9999.0 -9999.0 -9999.0 -9999.0 -9999.0 -9999.0 -9999.0 -9999.0 -9999.0 -9999.0 -9999.0 -9999.0 -9999.0 -9999.0 -9999.0 -9999.0 -9999.0 -9999.0 -9999.0 -9999.0 -9999.0 -9999.0 -9999.0 -9999.0 -9999.0 -9999.0 -9999.0 -9999.0 -9999.0 -9999.0 -9999.0 -9999.0 -9999.0 -9999.0 -9999.0 1300.116747 1282.998002 1268.085428 1265.496826 1287.948319 1311.563761 1335.676829 1356.563437
-9999.0 -9999.0 -9999.0 -9999.0 -9999.0 -9999.0 -9999.0 -9999.0 -9999.0 -9999.0 -9999.0 -9999.0 -9999.0 -9999.0 -9999.0 -9999.0 -9999.0 -9999.0 -9999.0 -9999.0 -9999.0 -9999.0 -9999.0 -9999.0 -9999.0 -9999.0 -9999.0 -9999.0 -9999.0 -9999.0 -9999.0 -9999.0 -9999.0 -9999.0 -9999.0 -9999.0 -9999.0 -9999.0 -9999.0 -9999.0 1347.551228 1353.590636 1354.663030 1344.586780 1333.627552 1321.336903 1301.415910 1283.904982 1269.688592 1267.597993 1270.533614 1275.375016 1297.824048 1323.002416 1343.082806
-9999.0 -9999.0 -9999.0 -9999.0 -9999.0 -9999.0 -9999.0 -9999.0 -9999.0 -9999.0 -9999.0 -9999.0 -9999.0 -9999.0 -9999.0 -9999.0 -9999.0 -9999.0 -9999.0 -9999.0 -9999.0 -9999.0 -9999.0 -9999.0 -9999.0 -9999.0 -9999.0 -9999.0 -9999.0 -9999.0 -9999.0 -9999.0 -9999.0 -9999.0 1254.364709 1271.845879 1290.137890 1308.854485 1325.910843 1332.970060 1338.902376 1344.739842 1340.764983 1336.471569 1325.366611 1306.120971 1286.966548 1273.677154 1272.142288 1270.047147 1274.544109 1287.467579 1304.594558 1320.896671 1342.128610
-9999.0 -9999.0 -9999.0 -9999.0 -9999.0 -9999.0 -9999.0 -9999.0 -9999.0 -9999.0 -9999.0 -9999.0 -9999.0 -9999.0 -9999.0 -9999.0 -9999.0 -9999.0 -9999.0 -9999.0 -9999.0 -9999.0 -9999.0 -9999.0 -9999.0 -9999.0 -9999.0 -9999.0 1257.478093 1251.794604 1247.143997 1246.023197 1245.080009 1244.355992 1251.392301 1263.504581 1281.612452 1303.712745 1317.083294 1324.630791 1331.615959 1332.573528 1327.685330 1326.111724 1326.849323 1315.208245 1303.770506 1293.092469 1282.786843 1281.283966 1291.103965 1305.669410 1322.314541 1337.551706 1353.385357
-9999.0 -9999.0 -9999.0 -9999.0 -9999.0 -9999.0 -9999.0 -9999.0 -9999.0 -9999.0 -9999.0 -9999.0 -9999.0 -9999.0 -9999.0 -9999.0 -9999.0 -9999.0 -9999.0 -9999.0 -9999.0 -9999.0 -9999.0 1226.387968 1232.193595 1239.033885 1246.902442 1248.198438 1244.618008 1239.424004 1236.879489 1235.836577 1234.441104 1239.347182 1247.559517 1261.363772 1277.440268 1299.790766 1308.703074 1314.783661 1327.196085 1330.526375 1337.088018 1341.521592 1340.172221 1337.441206 1324.809975 1315.416993 1320.225770 1326.087645 1333.303321 1341.784107 1355.638372 1371.100439 1388.446375
-9999.0 -9999.0 -9999.0 -9999.0 -9999.0 -9999.0 -9999.0 -9999.0 -9999.0 -9999.0 -9999.0 -9999.0 -9999.0 -9999.0 -9999.0 -9999.0 -9999.0 -9999.0 -9999.0 1200.546310 1201.694767 1203.242032 1208.294574 1209.327513 1211.723292 1219.039457 1227.567418 1230.462813 1229.070330 1228.188670 1230.155804 1233.334518 1238.223230 1249.824477 1264.008484 1278.589700 1292.694792 1313.985269 1329.115082 1342.880305 1359.153503 1359.135422 1355.634415 1354.268782 1355.075171 1355.350516 1358.755121 1361.158628 1367.782953 1372.109964 1378.320617 1388.047094 1400.084743 1418.426876 1438.234407
-9999.0 -9999.0 -9999.0 -9999.0 -9999.0 -9999.0 -9999.0 -9999.0 -9999.0 -9999.0 -9999.0 -9999.0 -9999.0 -9999.0 -9999.0 -9999.0 1171.163533 1173.195296 1175.715007 1181.422478 1184.771247 1189.113318 1196.445571 1198.134247 1202.255866 1209.822263 1215.092985 1224.466379 1233.070399 1240.854121 1247.327028 1250.500490 1258.312257 1268.387105 1280.688096 1296.187708 1317.904488 1341.562773 1358.208270 1375.493665 1393.076977 1394.160302 1393.432808 1394.861620 1395.426583 1401.297994 1418.586705 1424.287078 1424.748523 1440.369383 1454.352836 1459.477124 1467.463051 1487.038202 1510.785682
-9999.0 -9999.0 -9999.0 -9999.0 -9999.0 -9999.0 -9999.0 -9999.0 -9999.0 -9999.0 -9999.0 -9999.0 -9999.0 1123.728967 1128.031177 1137.967293 1147.878279 1150.798646 1155.542589 1162.079344 1174.663288 1178.717963 1185.352437 1193.325471 1205.810846 1214.933847 1224.557182 1236.911024 1245.809181 1253.566578 1261.078022 1266.851488 1280.398089 1296.006981 1312.099738 1332.696179 1355.232446 1375.976399 1396.618133 1413.067150 1426.970979 1428.704591 1428.229597 1431.003258 1438.607669 1455.469356 1474.297764 1482.362920 1499.562639 1522.548749 1535.876764 1547.248094 1555.898172 1569.705813 1591.187723
-9999.0 -9999.0 -9999.0 -9999.0 -9999.0 -9999.0 -9999.0 -9999.0 -9999.0 -9999.0 1091.056108 1093.416665 1090.202758 1089.857701 1095.338824 1107.793832 1121.972613 1128.758017 1140.803857 1162.218746 1180.592015 1184.529927 1199.401817 1210.148687 1217.459057 1228.441554 1242.123723 1255.427215 1272.661895 1285.704009 1297.583111 1317.332749 1334.417822 1351.621950 1370.021087 1390.992123 1410.914320 1439.289060 1466.600574 1479.451347 1501.472546 1511.777391 1509.315468 1509.651610 1519.098013 1534.826421 1555.532531 1578.208105 1599.871173 1625.099973 1641.855844 1656.402203 1667.280221 1679.688481 1695.677143
-9999.0 -9999.0 -9999.0 -9999.0 -9999.0 -9999.0 -9999.0 -9999.0 1066.144491 1073.741825 1079.983137 1077.200049 1072.989209 1069.096511 1083.270811 1099.394675 1115.798463 1133.929592 1150.330225 1169.028216 1184.656520 1201.248746 1221.701350 1233.888566 1246.040126 1261.983781 1276.272159 1293.827635 1315.789638 1328.710760 1345.552045 1367.542061 1386.628792 1405.366222 1424.880658 1443.647109 1469.964906 1503.657830 1535.746786 1558.078822 1586.164308 1608.782516 1607.911688 1610.308927 1614.726571 1640.331888 1669.491371 1700.124100 1724.824338 1751.879235 1781.389287 1799.812607 1810.608955 1823.274958 1838.524398
-9999.0 -9999.0 -9999.0 -9999.0 -9999.0 -9999.0 1038.543608 1062.946611 1078.196774 1070.425749 1060.198502 1056.617230 1052.581141 1077.295452 1099.656850 1117.321236 1134.661943 1152.791363 1169.861950 1182.862222 1216.667022 1235.347332 1250.084335 1268.228292 1283.550436 1298.916075 1317.025964 1340.973975 1363.141181 1392.746398 1418.294051 1442.265533 1469.130798 1489.482624 1508.948279 1527.402679 1558.797666 1596.211973 1632.943488 1661.539527 1688.695542 1719.774541 1726.318825 1731.879780 1738.562249 1760.081529 1792.073775 1822.450225 1856.076851 1888.103843 1915.234745 1927.268316 1937.750857 1949.099674 1962.593837
-9999.0 -9999.0 -9999.0 -9999.0 1005.015243 1026.032746 1046.063085 1076.860982 1099.582518 1094.870279 1101.546889 1101.732875 1099.912034 1104.272727 1111.852281 1130.292200 1149.479198 1169.017224 1187.033330 1221.620418 1266.755118 1282.486120 1306.656574 1339.070353 1353.254018 1369.235646 1386.291598 1409.914888 1436.513760 1470.082433 1513.393322 1550.367957 1576.425258 1599.662105 1621.318037 1643.207476 1677.719289 1715.528124 1752.426999 1786.433533 1816.087689 1842.087573 1854.172848 1861.945939 1873.760818 1890.378580 1912.026318 1939.466491 1971.053378 2003.126015 2028.025907 2041.221365 2048.941991 2059.545262 2069.667377
-9999.0 -9999.0 -9999.0 954.924430 993.762910 1031.966300 1059.017500 1090.087410 1122.520502 1126.913222 1136.194973 1140.863503 1145.350333 1153.910501 1162.237636 1179.731067 1196.682741 1213.690377 1236.363827 1273.409604 1308.426304 1337.463283 1369.655529 1395.776340 1416.246607 1432.535845 1451.863909 1476.168588 1516.230010 1553.449519 1603.719648 1657.066242 1693.802782 1718.129068 1740.870995 1768.507924 1793.772858 1830.451244 1865.356319 1898.441883 1930.072242 1954.598941 1972.920147 1980.408516 1990.164787 1998.608724 2014.512548 2036.016577 2057.995934 2087.041982 2115.502007 2140.826149 2155.092832 2165.306630 2181.415087
-9999.0 -9999.0 907.530210 945.634901 979.523844 1029.496932 1082.685978 1117.445721 1158.457202 1182.039706 1188.758242 1205.394186 1221.116677 1227.955601 1243.035958 1260.048054 1278.713092 1286.359808 1304.321957 1333.732533 1382.558992 1427.165633 1445.810703 1495.540941 1528.788633 1557.434417 1576.146815 1603.398105 1639.644090 1680.752331 1729.153531 1779.443214 1817.872294 1849.134620 1866.132068 1886.026321 1908.590583 1933.092156 1967.435253 1995.979450 2027.735139 2053.789422 2075.357156 2081.648004 2086.554863 2102.416829 2127.219831 2153.693257 2178.624212 2202.805314 2204.276146 2217.625699 2224.031159 2227.919814 2233.385200
-9999.0 -9999.0 880.381875 925.582730 965.333667 1030.975201 1111.765298 1148.918762 1191.858352 1238.035946 1256.493632 1280.893293 1291.034536 1298.518172 1321.472961 1343.210844 1356.884899 1364.370761 1364.211697 1419.894342 1477.944757 1525.699475 1568.043901 1635.833310 1681.912030 1699.733787 1713.204217 1734.280856 1758.868512 1801.868031 1848.773656 1902.128895 1946.012289 1977.435526 1994.027920 2012.905779 2033.242952 2050.787174 2070.049486 2110.216644 2138.795868 2165.321216 2192.836286 2213.251121 2221.665417 2225.495365 2213.447892 2224.507534 2232.181050 2235.854126 2237.494432 2234.581922 2234.347810 2235.371985 2236.555347
-9999.0 790.896575 843.158863 896.145100 964.686031 1031.507479 1114.015821 1193.702602 1252.095325 1300.285737 1329.319979 1339.648266 1372.041308 1412.336503 1437.472258 1463.063741 1466.887121 1473.316815 1463.430535 1512.932193 1561.542929 1632.810672 1740.054095 1796.195622 1842.619928 1844.293811 1839.221313 1851.397358 1874.878194 1919.372852 1988.443984 2037.714445 2093.091168 2135.110370 2151.342936 2158.987121 2177.057534 2197.229555 2180.428861 2205.769419 2217.956301 2228.195124 2232.208989 2234.561652 2236.141594 2236.714968 2233.867264 2227.775699 2220.229186 2214.809514 2210.846887 2206.377574 2208.770081 2211.946146 2212.470397
-9999.0 755.079424 814.362466 885.623227 956.454112 1022.195757 1123.531837 1269.500960 1324.594215 1362.416627 1383.626789 1400.794875 1475.614108 1540.186379 1572.838111 1617.037880 1611.150816 1601.276272 1586.505807 1619.253445 1667.888604 1741.156419 1885.052741 1968.690588 1999.341009 2010.369841 2017.271898 2044.559532 2082.892160 2121.754061 2157.932095 2156.301844 2187.387997 2203.942346 2209.838541 2212.906173 2218.036344 2219.253243 2218.593678 2216.078046 2212.554309 2213.763602 2218.637529 2219.064698 2216.707781 2213.845911 2208.349082 2200.729530 2194.992219 2190.000753 2186.858753 2183.482535 2181.448575 2180.960414 2176.146108
-9999.0 724.150654 795.873246 858.964627 922.034787 1034.115943 1160.923955 1297.654005 1391.215414 1428.926141 1447.232039 1511.956183 1611.397190 1706.863680 1757.585073 1782.320636 1782.170680 1759.570612 1761.712315 1807.188273 1873.179771 1967.804722 2064.193009 2142.694196 2156.569864 2160.959113 2138.460946 2154.791727 2170.685587 2176.175424 2181.087162 2188.683154 2197.316874 2203.150139 2204.437311 2203.720729 2200.781420 2194.300237 2190.556512 2188.176897 2185.452993 2185.469137 2188.334350 2189.744964 2187.158152 2183.125676 2178.244444 2172.037245 2165.208277 2157.908852 2153.246401 2148.584685 2145.835457 2140.315086 2135.472324
-9999.0 621.862239 711.220350 764.733515 875.046546 1051.215089 1178.582138 1327.810154 1476.118176 1513.368770 1584.654106 1705.118568 1809.912340 1882.602655 1920.613404 1960.669373 1989.306570 2012.843585 2049.156189 2000.551855 2060.963547 2123.788715 2152.219687 2166.223915 2170.187016 2172.486373 2165.903705 2148.686123 2141.042838 2137.653738 2142.891273 2153.639224 2162.134507 2170.101100 2170.085257 2172.238057 2173.545333 2170.964571 2167.850757 2160.174667 2153.006228 2147.415571 2145.490919 2150.493571 2145.412308 2141.976005 2135.482993 2126.820212 2117.408374 2109.144958 2100.792352 2093.488985 2090.144690 2084.023367 2081.787325
-9999.0 541.022265 617.471333 703.576773 838.881647 1003.490898 1129.816685 1296.413435 1508.174161 1626.404434 1754.037028 1826.992721 1898.039994 1954.890529 2014.086688 2060.214567 2085.473267 2097.130207 2086.683393 2101.384807 2071.487663 2067.078347 2086.633471 2114.677369 2129.484092 2134.533029 2127.617568 2119.077839 2114.177970 2115.706772 2117.102247 2117.993073 2118.421476 2118.121033 2116.597435 2119.774555 2125.116749 2119.400358 2110.935476 2102.872087 2095.509804 2087.176176 2081.562980 2077.745347 2076.493164 2075.865284 2067.913671 2057.079707 2045.999029 2037.262719 2029.102219 2023.076792 2019.832427 2014.167244 2005.236612
-9999.0 440.066568 562.756423 655.002700 774.076381 910.573673 1035.115408 1198.100067 1345.057637 1566.975020 1721.535947 1837.093105 1878.441476 1936.896843 1993.313320 2059.816484 2063.847606 2036.788706 2005.898537 1994.103130 2003.196063 2015.133690 2029.268518 2049.045203 2067.175571 2077.508155 2080.938121 2074.974956 2062.960554 2054.996990 2049.584215 2041.218416 2035.642980 2035.757098 2038.138314 2046.410734 2048.789508 2040.071853 2027.297697 2011.148945 1997.012454 1986.248632 1983.344677 1984.616266 1984.420616 1980.361653 1973.336542 1962.455040 1949.618502 1937.423656 1929.873281 1924.128575 1916.630148 1905.925020 1894.119344
-9999.0 -9999.0 486.342867 597.334324 704.263338 826.325937 939.409828 1080.573676 1230.182754 1410.115163 1526.876184 1661.988839 1736.067438 1780.557788 1827.049693 1881.017970 1901.133855 1923.227512 1910.585731 1918.329825 1927.588062 1935.341678 1945.672433 1957.208180 1970.581045 1981.035008 1989.744626 1988.467028 1980.671490 1964.499158 1944.982892 1930.326238 1922.595626 1916.384425 1926.758484 1938.634785 1935.581384 1929.137456 1917.318423 1901.692100 1888.826812 1875.033292 1871.118657 1871.029607 1870.798528 1867.607137 1863.083607 1850.085185 1837.064551 1825.269391 1819.636130 1813.186696 1807.644968 1796.614087 1784.822682
-9999.0 -9999.0 401.590982 510.064851 623.599245 746.825397 845.918182 914.709359 1065.577939 1180.389438 1284.700326 1383.734167 1466.719562 1529.409548 1570.673273 1630.858942 1673.768897 1690.743250 1714.728879 1749.240406 1777.536259 1808.034154 1827.943683 1840.877179 1855.124889 1869.027635 1878.038501 1866.701576 1856.793966 1841.417973 1821.253533 1798.954099 1787.790666 1785.448692 1787.630071 1792.408795 1786.658711 1777.468885 1763.405478 1748.277742 1735.498240 1724.523848 1720.303414 1716.263619 1714.404712 1711.190550 1707.945432 1699.763124 1688.881560 1681.553129 1673.057917 1667.194392 1664.206139 1657.872130 1649.090004
