tests/Borden05m/sims/sim_1/output-maps/psiliqL0018N0009.asc
ncols         160
nrows         34
xllcorner     620200.000000
yllcorner     5168000.000000
cellsize      0.500000
NODATA_value  -9999.0
[rows 0 to 24 of 34, columns 0 to 54 of 160]
-9999.0 -9999.0 -9999.0 -9999.0 -9999.0 -9999.0 -9999.0 -9999.0 -9999.0 -9999.0 -9999.0 -9999.0 -9999.0 -9999.0 -9999.0 -9999.0 -9999.0 -9999.0 -9999.0 -9999.0 -9999.0 -9999.0 -9999.0 -9999.0 -9999.0 -9999.0 -9999.0 -9999.0 -9999.0 -9999.0 -9999.0 -9999.0 -9999.0 -9999.0 -9999.0 -9999.0 -9999.0 -9999.0 -9999.0 -9999.0 -9999.0 -9999.0 -9999.0 -9999.0 -9999.0 -9999.0 -9999.0 -9999.0 -9999.0 -9999.0 -9999.0 -9999.0 -9999.0 -9999.0 -9999.0
-9999.0 -9999.0 -9999.0 -9999.0 -9999.0 -9999.0 -9999.0 -9999.0 -9999.0 -9999.0 -9999.0 -9999.0 -9999.0 -9999.0 -9999.0 -9999.0 -9999.0 -9999.0 -9999.0 -9999.0 -9999.0 -9999.0 -9999.0 -9999.0 -9999.0 -9999.0 -9999.0 -9999.0 -9999.0 -9999.0 -9999.0 -9999.0 -9999.0 -9999.0 -9999.0 -9999.0 -9999.0 -9999.0 -9999.0 -9999.0 -9999.0 -9999.0 -9999.0 -9999.0 -9999.0 -9999.0 -9999.0 -9999.0 -9999.0 -9999.0 -9999.0 -9999.0 -9999.0 -9999.0 -9999.0
-9999.0 -9999.0 -9999.0 -9999.0 -9999.0 -9999.0 -9999.0 -9999.0 -9999.0 -9999.0 -9999.0 -9999.0 -9999.0 -9999.0 -9999.0 -9999.0 -9999.0 -9999.0 -9999.0 -9999.0 -9999.0 -9999.0 -9999.0 -9999.0 -9999.0 -9999.0 -9999.0 -9999.0 -9999.0 -9999.0 -9999.0 -9999.0 -9999.0 -9999.0 -9999.0 -9999.0 -9999.0 -9999.0 -9999.0 -9999.0 -9999.0 -9999.0 -9999.0 -9999.0 -9999.0 -9999.0 -9999.0 1707.881949 1690.872156 1676.474630 1673.710130 1696.164851 1719.983895 1744.354779 1765.470381
-9999.0 -9999.0 -9999.0 -9999.0 -9999.0 -9999.0 -9999.0 -9999.0 -9999.0 -9999.0 -9999.0 -9999.0 -9999.0 -9999.0 -9999.0 -9999.0 -9999.0 -9999.0 -9999.0 -9999.0 -9999.0 -9999.0 -9999.0 -9999.0 -9999.0 -9999.0 -9999.0 -9999.0 -9999.0 -9999.0 -9999.0 -9999.0 -9999.0 -9999.0 -9999.0 -9999.0 -9999.0 -9999.0 -9999.0 -9999.0 1755.148154 1761.313778 1762.341788 1752.571397 1741.792160 1729.430624 1709.514109 1692.070347 1678.237093 1676.411021 1679.522090 1684.220971 1706.623515 1732.181776 1752.545573
-9999.0 -9999.0 -9999.0 -9999.0 -9999.0 -9999.0 -9999.0 -9999.0 -9999.0 -9999.0 -9999.0 -9999.0 -9999.0 -9999.0 -9999.0 -9999.0 -9999.0 -9999.0 -9999.0 -9999.0 -9999.0 -9999.0 -9999.0 -9999.0 -9999.0 -9999.0 -9999.0 -9999.0 -9999.0 -9999.0 -9999.0 -9999.0 -9999.0 -9999.0 1660.889765 1678.444077 1696.947556 1715.966938 1733.342424 1740.688391 1746.749561 1752.713288 1748.873947 1744.847763 1733.906284 1714.550501 1695.593791 1682.605150 1681.427056 1679.546953 1684.161766 1697.131836 1714.503253 1730.883148 1752.301438
-9999.0 -9999.0 -9999.0 -9999.0 -9999.0 -9999.0 -9999.0 -9999.0 -9999.0 -9999.0 -9999.0 -9999.0 -9999.0 -9999.0 -9999.0 -9999.0 -9999.0 -9999.0 -9999.0 -9999.0 -9999.0 -9999.0 -9999.0 -9999.0 -9999.0 -9999.0 -9999.0 -9999.0 1663.199463 1657.633241 1653.217036 1652.320691 1651.606087 1651.142960 1658.307670 1670.490593 1688.713606 1711.187463 1724.924872 1732.776545 1740.067313 1741.234596 1736.487337 1735.240645 1736.273125 1724.745211 1713.438050 1702.885158 1692.695672 1691.189992 1701.176889 1716.052712 1732.991168 1748.468979 1764.541433
-9999.0 -9999.0 -9999.0 -9999.0 -9999.0 -9999.0 -9999.0 -9999.0 -9999.0 -9999.0 -9999.0 -9999.0 -9999.0 -9999.0 -9999.0 -9999.0 -9999.0 -9999.0 -9999.0 -9999.0 -9999.0 -9999.0 -9999.0 1631.602799 1637.357179 1644.346351 1652.425224 1653.894003 1650.535668 1645.551245 1643.292916 1642.527371 1641.323002 1646.524808 1654.836025 1668.837736 1685.151310 1707.924178 1717.139658 1723.281971 1735.903469 1739.748561 1747.012961 1751.766456 1750.717661 1748.098508 1735.373558 1725.901396 1730.539097 1736.405618 1743.947258 1752.808284 1767.000040 1782.515991 1799.836118
-9999.0 -9999.0 -9999.0 -9999.0 -9999.0 -9999.0 -9999.0 -9999.0 -9999.0 -9999.0 -9999.0 -9999.0 -9999.0 -9999.0 -9999.0 -9999.0 -9999.0 -9999.0 -9999.0 1605.777062 1607.021222 1608.727658 1613.905282 1614.896476 1617.356236 1624.817346 1633.531462 1636.733773 1635.470950 1634.906214 1637.114608 1640.575574 1645.815783 1657.611270 1672.063647 1686.953794 1701.248852 1722.882440 1738.341063 1752.294305 1768.854443 1769.452439 1766.453356 1765.535403 1766.640187 1766.977478 1769.794564 1771.943801 1778.904720 1782.914694 1789.009768 1799.070166 1811.572036 1830.018940 1849.842050
-9999.0 -9999.0 -9999.0 -9999.0 -9999.0 -9999.0 -9999.0 -9999.0 -9999.0 -9999.0 -9999.0 -9999.0 -9999.0 -9999.0 -9999.0 -9999.0 1576.369089 1578.472318 1581.116023 1586.872565 1590.469471 1594.947021 1602.438233 1604.327330 1608.583113 1616.367974 1621.815091 1631.532909 1640.460445 1648.483181 1655.231714 1658.676350 1666.661632 1677.011615 1689.595978 1705.236705 1727.101348 1751.242989 1768.216485 1785.929413 1804.012451 1805.584256 1805.258442 1807.039363 1807.755280 1813.251786 1830.455822 1836.134944 1835.911826 1850.802646 1864.825337 1870.023892 1878.429829 1898.657264 1922.679204
-9999.0 -9999.0 -9999.0 -9999.0 -9999.0 -9999.0 -9999.0 -9999.0 -9999.0 -9999.0 -9999.0 -9999.0 -9999.0 1528.122531 1532.540921 1542.772846 1553.191955 1556.359240 1561.384504 1568.190907 1580.942841 1585.202063 1592.016096 1600.167032 1613.063157 1622.480381 1632.335486 1644.967423 1654.091924 1662.102925 1669.823681 1675.479021 1689.097226 1704.898842 1721.184652 1742.039252 1765.021250 1785.896599 1806.674108 1823.775712 1837.918605 1839.492985 1839.686384 1843.060187 1850.799983 1867.612676 1886.628060 1893.755611 1909.986392 1933.003992 1946.265136 1957.436997 1966.288375 1980.844562 2003.068469
-9999.0 -9999.0 -9999.0 -9999.0 -9999.0 -9999.0 -9999.0 -9999.0 -9999.0 -9999.0 1495.858525 1498.276556 1495.281491 1494.759669 1500.623808 1513.392426 1527.975829 1534.837489 1547.214310 1568.965322 1587.770106 1591.916887 1606.911511 1618.016905 1625.678664 1636.883923 1650.846057 1664.336754 1681.630643 1694.830517 1706.551216 1726.107358 1743.449742 1761.008763 1779.781202 1801.285314 1821.149605 1849.347609 1877.024596 1889.903098 1911.772401 1921.480944 1919.605996 1920.417588 1930.688941 1946.339490 1966.628631 1988.607129 2010.276228 2035.475838 2051.578385 2066.427016 2077.706497 2090.576813 2107.381939
-9999.0 -9999.0 -9999.0 -9999.0 -9999.0 -9999.0 -9999.0 -9999.0 1470.397573 1478.367574 1484.791348 1482.288317 1478.442261 1474.586802 1489.312871 1505.747233 1522.478699 1541.092662 1557.760198 1576.816823 1592.562299 1609.275073 1630.205416 1642.664249 1655.067164 1671.383415 1685.964448 1703.505791 1725.678276 1738.123214 1754.381569 1776.445786 1795.511953 1814.583774 1834.596849 1853.751715 1879.837283 1913.788885 1946.262911 1968.436969 1997.144557 2019.777479 2019.110166 2021.809897 2026.655030 2052.696394 2082.140489 2113.298065 2137.875873 2165.056162 2195.008476 2214.173661 2225.504268 2238.823569 2254.824338
-9999.0 -9999.0 -9999.0 -9999.0 -9999.0 -9999.0 1441.851733 1466.536052 1482.191789 1474.686071 1464.161561 1460.799250 1456.909616 1483.446903 1506.419736 1524.619053 1542.413847 1560.990119 1578.451772 1591.126617 1624.721602 1644.185112 1659.032146 1676.930857 1692.808885 1708.717280 1727.165070 1751.272998 1773.187234 1801.962784 1826.363666 1849.630986 1876.750167 1897.434022 1917.392638 1935.980294 1967.763937 2005.802518 2043.328340 2072.367468 2100.296874 2132.968642 2139.661100 2145.820024 2152.726834 2175.702885 2208.960927 2240.075893 2274.320344 2306.949903 2335.137315 2348.024677 2359.190867 2371.211770 2385.460855
-9999.0 -9999.0 -9999.0 -9999.0 1407.826975 1429.040022 1449.186272 1480.269341 1503.366426 1499.201362 1506.091517 1506.573201 1505.009057 1510.296022 1518.788759 1537.771817 1557.705179 1577.979486 1596.010778 1629.915102 1676.150513 1691.777331 1715.432160 1748.161590 1762.663069 1779.190723 1796.852920 1820.731620 1846.640789 1879.883124 1922.310284 1958.680784 1984.846203 2008.426814 2030.793855 2053.018369 2088.978412 2128.161922 2166.286508 2201.219567 2231.732465 2259.242012 2271.780415 2280.358121 2293.036610 2310.814689 2333.687645 2362.437666 2395.407156 2428.318262 2453.641637 2466.741736 2474.800125 2486.038260 2496.490959
-9999.0 -9999.0 -9999.0 1356.658326 1395.761210 1434.574493 1461.800370 1493.266353 1526.362996 1530.675053 1540.730915 1545.435118 1549.881219 1558.887500 1567.278319 1585.596370 1603.756122 1622.259658 1645.644689 1682.954949 1717.784347 1745.644887 1778.032969 1803.399491 1823.668721 1840.504682 1860.806042 1885.396798 1925.854231 1962.694285 2013.098909 2066.906073 2103.910664 2128.772140 2152.884931 2181.920888 2208.599009 2247.144335 2283.391866 2317.812022 2351.026858 2376.701448 2395.686901 2403.917374 2414.784330 2423.773862 2439.989464 2462.215587 2485.089209 2515.196873 2544.585391 2571.997719 2587.323775 2598.406738 2615.321440
-9999.0 -9999.0 1308.840011 1347.394046 1381.064496 1430.816147 1484.546915 1520.102406 1561.689642 1585.414881 1592.641611 1609.411829 1625.524519 1632.661898 1647.945337 1665.493766 1686.113393 1695.247976 1714.842085 1742.762625 1790.495711 1834.243343 1849.929382 1899.080761 1933.374891 1964.350165 1985.018482 2013.489253 2051.222032 2092.072845 2140.848121 2192.052915 2230.747031 2262.619499 2280.774077 2302.135331 2325.780140 2352.492689 2388.823077 2418.238898 2451.657765 2478.948346 2501.423231 2507.868876 2513.449733 2530.358922 2556.786440 2585.594308 2612.197333 2637.988805 2637.073120 2653.072522 2660.879186 2665.674612 2672.280289
-9999.0 -9999.0 1281.064066 1326.726175 1365.800418 1430.456239 1513.075908 1550.577813 1594.088476 1641.511434 1660.630841 1686.162995 1694.992188 1700.778041 1724.574551 1746.675202 1763.325257 1772.366053 1772.533535 1828.863424 1887.223033 1931.980722 1969.186715 2040.557938 2089.873497 2110.971989 2127.089091 2149.625166 2174.524328 2217.530987 2263.783174 2318.126121 2362.727313 2394.825370 2412.196766 2432.544645 2454.064983 2472.613741 2493.271859 2535.961188 2567.774014 2596.441368 2625.899027 2647.519583 2656.859887 2661.838510 2648.206877 2661.813533 2671.323714 2676.066018 2678.445265 2675.950343 2676.140282 2677.517236 2678.950173
-9999.0 1190.605897 1243.065226 1295.820129 1363.957720 1430.309797 1512.164506 1592.047190 1653.392910 1704.081124 1734.388478 1743.619474 1772.141191 1811.969508 1838.413159 1864.555228 1870.787173 1879.768766 1869.789388 1921.513106 1969.321073 2038.023961 2145.843159 2204.652202 2256.691860 2259.750973 2255.636969 2268.110755 2291.247331 2336.673642 2408.362533 2459.422795 2517.404321 2562.246437 2579.710197 2588.361316 2607.619281 2629.005650 2606.788713 2636.564929 2651.436412 2663.967161 2669.984322 2673.269755 2675.699758 2676.989939 2674.815861 2669.343081 2662.386999 2657.511276 2654.039411 2650.012172 2652.754116 2656.186914 2656.768271
-9999.0 1154.282128 1213.337688 1284.330122 1354.966654 1417.709772 1516.320835 1667.577078 1725.821577 1765.770402 1786.420813 1798.384469 1872.944306 1939.817931 1974.046383 2021.363538 2016.209399 2007.485788 1990.208532 2022.984234 2071.066262 2145.536787 2296.704819 2384.152892 2421.723905 2434.899991 2442.938449 2472.044027 2512.469772 2554.151960 2592.388892 2585.098685 2619.721176 2638.233290 2644.599904 2647.984600 2654.028547 2655.624824 2655.708184 2653.725656 2650.822960 2652.741556 2658.443510 2659.614530 2657.974384 2655.813748 2651.017951 2644.101446 2639.037290 2634.622500 2631.991847 2629.028304 2627.190389 2626.706594 2621.805679
-9999.0 1121.454935 1193.965788 1256.416420 1316.601376 1425.250213 1553.785862 1693.460102 1789.543560 1829.013071 1842.378296 1904.888492 2008.834609 2110.589616 2165.607593 2193.239380 2192.481115 2167.326541 2166.988564 2213.406332 2281.374967 2382.463422 2489.027874 2575.043726 2592.279884 2599.227720 2574.102413 2593.708215 2611.886843 2617.156665 2621.054765 2628.208073 2635.766717 2640.987631 2641.984425 2641.360423 2638.716218 2632.609703 2629.365187 2627.454891 2625.274993 2625.815739 2629.265372 2631.507057 2629.607581 2626.291197 2622.094148 2616.482028 2610.048280 2603.146757 2598.775633 2594.307324 2591.666339 2585.989771 2581.101820
-9999.0 1014.858292 1105.834733 1157.043079 1260.578964 1440.073658 1568.948858 1717.968590 1871.784504 1908.567831 1978.346863 2106.758640 2219.030879 2298.324596 2339.214531 2382.242043 2413.586380 2438.271337 2476.432713 2415.269622 2480.443857 2551.656702 2585.170737 2602.795330 2610.624439 2615.086747 2609.879176 2593.246486 2585.530962 2581.384392 2585.324039 2594.607036 2601.673574 2608.652881 2608.190566 2610.436679 2612.187384 2610.010222 2607.182619 2599.847279 2593.140692 2587.951097 2586.385486 2591.941008 2587.523350 2584.814964 2578.782689 2570.365339 2560.737670 2552.672172 2544.370846 2537.083694 2533.704959 2527.408226 2524.843571
-9999.0 934.028123 1009.852396 1090.865349 1221.654808 1386.887801 1508.070163 1674.474748 1894.302837 2019.135466 2157.895807 2238.967024 2315.226275 2374.421890 2436.689858 2489.178590 2518.623276 2532.953968 2520.217315 2537.348331 2505.519950 2500.695906 2521.680561 2552.038609 2569.602532 2576.640763 2571.250613 2563.621103 2558.583111 2559.303216 2559.271768 2558.277907 2556.987471 2555.497076 2553.467656 2556.727143 2562.383678 2556.730306 2547.890582 2539.898396 2532.758954 2524.731172 2519.526887 2515.985007 2515.438343 2515.283836 2507.591378 2496.967173 2486.145261 2477.437437 2469.242169 2463.177840 2459.587028 2453.434403 2443.521499
-9999.0 829.127220 954.106954 1043.377975 1157.844640 1293.490319 1414.866992 1577.031182 1722.648211 1952.057401 2107.930992 2243.094436 2291.343125 2357.063015 2416.381366 2489.412529 2495.582983 2470.183910 2438.386996 2426.752631 2437.102311 2449.347034 2463.568619 2483.987539 2503.913106 2515.975903 2521.070236 2515.860199 2503.554575 2494.301046 2486.976756 2476.612926 2469.398803 2468.355730 2470.726830 2479.304820 2481.523079 2473.094711 2460.675662 2444.480557 2430.432965 2419.857515 2417.498965 2419.374815 2419.646515 2415.672849 2408.831642 2397.804042 2384.801880 2372.202721 2364.551445 2358.536825 2350.408030 2338.758611 2325.686245
-9999.0 -9999.0 875.847653 986.540706 1091.063856 1211.439821 1320.492398 1458.186507 1607.717443 1788.529811 1908.617267 2056.572821 2139.277746 2188.146865 2236.399160 2294.980158 2319.589962 2346.286817 2336.837565 2346.613974 2357.018494 2365.347565 2375.969383 2387.920688 2402.353270 2414.136770 2424.225527 2423.227484 2415.266820 2397.787738 2376.257209 2359.624196 2350.484161 2343.011342 2353.338544 2365.219380 2361.771491 2355.490463 2343.830426 2328.122866 2315.576632 2301.993672 2298.430411 2298.522450 2298.514017 2295.396865 2290.975022 2277.599275 2264.190112 2252.164732 2246.196638 2239.224709 2233.359199 2221.846617 2209.561535
-9999.0 -9999.0 790.364444 898.134718 1009.646559 1132.183044 1228.919467 1287.578635 1436.971255 1551.546598 1659.175592 1763.768340 1852.976891 1920.509813 1963.613925 2027.443714 2075.768035 2095.344751 2124.474090 2164.259037 2194.969072 2228.455807 2250.356060 2264.150150 2279.504640 2294.721116 2304.283015 2292.600641 2282.382301 2266.189075 2244.564194 2220.501251 2208.044866 2205.418272 2206.557706 2210.496657 2204.367325 2195.379029 2181.551813 2167.102022 2154.785006 2144.480192 2140.568190 2136.311582 2134.327228 2131.009393 2127.656041 2119.378156 2108.360617 2100.890170 2091.732862 2085.550753 2082.251383 2075.818413 2066.869876
