tests/Borden05m/sims/sim_1/output-maps/psiliqL0005N0007.asc
ncols         160
nrows         34
xllcorner     620200.000000
yllcorner     5168000.000000
cellsize      0.500000
NODATA_value  -9999.0
[rows 0 to 24 of 34, columns 0 to 55 of 160]
-9999.0 -9999.0 -9999.0 -9999.0 -9999.0 -9999.0 -9999.0 -9999.0 -9999.0 -9999.0 -9999.0 -9999.0 -9999.0 -9999.0 -9999.0 -9999.0 -9999.0 -9999.0 -9999.0 -9999.0 -9999.0 -9999.0 -9999.0 -9999.0 -9999.0 -9999.0 -9999.0 -9999.0 -9999.0 -9999.0 -9999.0 -9999.0 -9999.0 -9999.0 -9999.0 -9999.0 -9999.0 -9999.0 -9999.0 -9999.0 -9999.0 -9999.0 -9999.0 -9999.0 -9999.0 -9999.0 -9999.0 -9999.0 -9999.0 -9999.0 -9999.0 -9999.0 -9999.0 -9999.0 -9999.0 -9999.0
-9999.0 -9999.0 -9999.0 -9999.0 -9999.0 -9999.0 -9999.0 -9999.0 -9999.0 -9999.0 -9999.0 -9999.0 -9999.0 -9999.0 -9999.0 -9999.0 -9999.0 -9999.0 -9999.0 -9999.0 -9999.0 -9999.0 -9999.0 -9999.0 -9999.0 -9999.0 -9999.0 -9999.0 -9999.0 -9999.0 -9999.0 -9999.0 -9999.0 -9999.0 -9999.0 -9999.0 -9999.0 -9999.0 -9999.0 -9999.0 -9999.0 -9999.0 -9999.0 -9999.0 -9999.0 -9999.0 -9999.0 -9999.0 -9999.0 -9999.0 -9999.0 -9999.0 -9999.0 -9999.0 -9999.0 -9999.0
-9999.0 -9999.0 -9999.0 -9999.0 -9999.0 -9999.0 -9999.0 -9999.0 -9999.0 -9999.0 -9999.0 -9999.0 -9999.0 -9999.0 -9999.0 -9999.0 -9999.0 -9999.0 -9999.0 -9999.0 -9999.0 -9999.0 -9999.0 -9999.0 -9999.0 -9999.0 -9999.0 -9999.0 -9999.0 -9999.0 -9999.0 -9999.0 -9999.0 -9999.0 -9999.0 -9999.0 -9999.0 -9999.0 -9999.0 -9999.0 -9999.0 -9999.0 -9999.0 -9999.0 -9999.0 -9999.0 -9999.0 -819.939764 -837.805909 -855.554717 -857.078021 -834.059400 -811.244887 -788.295910 -768.558040 -750.530094
-9999.0 -9999.0 -9999.0 -9999.0 -9999.0 -9999.0 -9999.0 -9999.0 -9999.0 -9999.0 -9999.0 -9999.0 -9999.0 -9999.0 -9999.0 -9999.0 -9999.0 -9999.0 -9999.0 -9999.0 -9999.0 -9999.0 -9999.0 -9999.0 -9999.0 -9999.0 -9999.0 -9999.0 -9999.0 -9999.0 -9999.0 -9999.0 -9999.0 -9999.0 -9999.0 -9999.0 -9999.0 -9999.0 -9999.0 -9999.0 -773.557463 -767.761066 -765.890064 -777.263166 -788.738743 -800.185330 -820.052310 -838.158283 -854.446439 -857.604437 -855.360762 -849.770379 -826.738013 -803.338983 -784.755593 -767.843344
-9999.0 -9999.0 -9999.0 -9999.0 -9999.0 -9999.0 -9999.0 -9999.0 -9999.0 -9999.0 -9999.0 -9999.0 -9999.0 -9999.0 -9999.0 -9999.0 -9999.0 -9999.0 -9999.0 -9999.0 -9999.0 -9999.0 -9999.0 -9999.0 -9999.0 -9999.0 -9999.0 -9999.0 -9999.0 -9999.0 -9999.0 -9999.0 -9999.0 -9999.0 -863.674429 -846.063658 -828.407911 -810.723241 -794.664198 -788.689313 -783.141635 -777.407570 -781.676908 -786.817835 -798.379802 -816.815944 -836.870071 -851.629296 -854.677876 -857.732323 -853.676555 -840.767401 -824.829669 -808.981919 -788.777076 -766.639314
-9999.0 -9999.0 -9999.0 -9999.0 -9999.0 -9999.0 -9999.0 -9999.0 -9999.0 -9999.0 -9999.0 -9999.0 -9999.0 -9999.0 -9999.0 -9999.0 -9999.0 -9999.0 -9999.0 -9999.0 -9999.0 -9999.0 -9999.0 -9999.0 -9999.0 -9999.0 -9999.0 -9999.0 -857.553773 -863.769463 -869.380417 -871.213309 -872.928061 -874.790436 -868.228768 -856.130793 -838.067001 -817.211396 -805.188202 -798.693756 -792.743262 -792.337197 -797.465039 -800.166624 -800.291773 -812.206704 -824.022402 -835.172374 -846.101837 -847.491119 -838.353280 -825.314171 -810.236408 -796.489538 -782.308024 -768.937875
-9999.0 -9999.0 -9999.0 -9999.0 -9999.0 -9999.0 -9999.0 -9999.0 -9999.0 -9999.0 -9999.0 -9999.0 -9999.0 -9999.0 -9999.0 -9999.0 -9999.0 -9999.0 -9999.0 -9999.0 -9999.0 -9999.0 -9999.0 -885.594264 -879.397141 -873.261686 -866.287920 -865.884895 -870.983281 -877.209989 -880.948268 -883.049956 -885.092669 -881.289824 -873.185869 -859.916184 -844.565510 -823.703424 -815.914150 -809.588671 -797.469756 -796.177795 -792.495055 -788.968640 -791.406523 -794.305790 -806.421777 -815.400402 -809.471348 -803.594175 -798.215762 -791.986785 -780.206212 -765.450784 -748.565676 -728.796948
-9999.0 -9999.0 -9999.0 -9999.0 -9999.0 -9999.0 -9999.0 -9999.0 -9999.0 -9999.0 -9999.0 -9999.0 -9999.0 -9999.0 -9999.0 -9999.0 -9999.0 -9999.0 -9999.0 -909.303111 -908.826339 -908.385316 -904.226218 -903.818639 -901.978760 -895.296391 -887.478328 -886.113636 -888.146658 -890.521505 -889.445154 -887.309932 -883.839883 -872.655048 -859.324379 -845.907292 -832.413059 -812.328517 -798.401612 -784.982953 -769.337899 -772.014362 -777.531149 -780.657264 -780.966097 -780.836441 -774.191775 -770.518339 -765.888533 -760.248367 -753.819949 -746.260924 -737.146516 -719.842139 -700.755033 -681.699427
-9999.0 -9999.0 -9999.0 -9999.0 -9999.0 -9999.0 -9999.0 -9999.0 -9999.0 -9999.0 -9999.0 -9999.0 -9999.0 -9999.0 -9999.0 -9999.0 -936.371958 -934.824590 -933.348925 -928.761141 -927.129578 -923.645974 -917.182722 -916.928751 -913.555722 -906.961064 -902.510498 -894.663230 -887.466380 -880.594727 -875.247117 -873.307182 -866.051923 -857.088616 -845.942224 -830.840047 -809.486731 -787.997487 -772.789372 -757.256672 -741.567098 -742.477581 -744.607875 -744.378687 -744.286365 -736.315556 -718.513564 -713.193899 -709.896104 -690.904577 -677.658770 -673.492987 -667.926314 -652.011123 -630.099573 -604.282277
-9999.0 -9999.0 -9999.0 -9999.0 -9999.0 -9999.0 -9999.0 -9999.0 -9999.0 -9999.0 -9999.0 -9999.0 -9999.0 -978.145989 -974.352962 -965.881197 -959.484850 -958.225791 -955.211563 -950.508388 -938.706899 -935.974865 -930.364304 -923.230572 -912.546382 -904.753412 -896.123826 -884.972594 -877.202345 -870.754766 -864.324108 -857.941987 -844.598882 -829.797567 -814.551824 -795.162569 -774.959023 -754.938853 -734.873910 -721.638536 -708.534335 -705.417141 -708.750587 -708.459864 -701.000994 -683.296435 -665.438121 -653.008224 -631.233552 -608.729017 -595.387044 -582.902755 -575.008403 -564.517241 -545.578135 -506.983680
-9999.0 -9999.0 -9999.0 -9999.0 -9999.0 -9999.0 -9999.0 -9999.0 -9999.0 -9999.0 -1014.355588 -1011.408861 -1015.538604 -1015.308570 -1011.638242 -1000.353839 -987.985347 -981.632866 -971.275371 -951.262703 -935.010045 -932.603176 -918.043473 -908.943071 -903.321064 -893.209768 -880.751166 -868.408598 -851.493359 -839.595294 -827.288942 -806.735346 -791.363568 -776.288673 -760.054829 -742.136455 -722.229192 -692.940383 -667.152931 -654.265509 -630.662032 -616.309509 -621.281977 -622.667366 -616.813129 -599.758992 -575.748913 -547.494359 -522.860988 -490.488536 -460.519080 -438.834517 -421.595044 -399.883485 -369.329140 -279.462146
-9999.0 -9999.0 -9999.0 -9999.0 -9999.0 -9999.0 -9999.0 -9999.0 -1038.637546 -1031.900193 -1025.480251 -1029.095818 -1034.586338 -1038.372644 -1026.068864 -1010.708208 -995.403887 -979.297438 -964.089205 -947.238195 -932.377435 -916.257974 -897.905949 -886.917136 -875.751275 -861.421111 -848.643932 -831.215760 -810.889888 -796.497859 -777.656911 -757.093958 -738.805371 -722.561133 -706.219105 -689.931962 -662.324595 -629.776436 -598.864275 -574.339919 -546.912537 -520.077143 -520.028352 -516.904794 -512.125338 -480.563426 -436.438351 -378.226411 -288.473518 -132.796736 -66.692869 -40.770517 -28.548564 -16.493272 0.439939 26.309069
-9999.0 -9999.0 -9999.0 -9999.0 -9999.0 -9999.0 -1063.560979 -1039.189779 -1024.604048 -1033.580890 -1041.467441 -1044.912391 -1048.508729 -1031.395571 -1010.392484 -994.439238 -978.645531 -962.282772 -947.120600 -932.675311 -897.183740 -882.822756 -868.682075 -848.945998 -836.318211 -823.660935 -807.446771 -784.890590 -762.614999 -730.104093 -700.309168 -674.268809 -649.672549 -631.898261 -615.474649 -597.694766 -566.911101 -529.051753 -488.003072 -446.304339 -399.556890 -337.739674 -305.296384 -280.120849 -231.660897 -123.121125 -63.148183 -21.484223 23.978734 76.923253 109.924122 122.221574 128.783986 132.893770 138.029236 144.154756
-9999.0 -9999.0 -9999.0 -9999.0 -1095.192027 -1074.706686 -1054.822650 -1023.865071 -1001.362206 -1008.574024 -1000.858300 -1000.515515 -1002.050773 -1000.993889 -996.773781 -979.515751 -962.987334 -946.485023 -928.209346 -889.533344 -850.038390 -834.446296 -807.692479 -776.704882 -764.181472 -751.021558 -737.543292 -716.183112 -687.389004 -653.781768 -607.260702 -567.603927 -541.507885 -517.798416 -495.784550 -466.849713 -421.384532 -345.280666 -194.971181 -84.848771 -35.505776 -6.076136 10.529876 22.746734 44.825321 78.789148 105.549957 128.293449 142.307196 156.839734 167.028527 171.805987 173.082748 175.396254 178.020108 182.052729
-9999.0 -9999.0 -9999.0 -1140.146475 -1101.505865 -1066.035151 -1039.890286 -1009.674313 -978.649906 -972.383354 -964.968651 -958.135068 -950.971073 -942.298138 -932.064662 -916.850964 -904.702918 -894.629331 -875.245656 -839.726971 -804.559501 -770.240825 -739.723474 -709.616250 -687.611658 -673.838905 -659.751762 -637.460242 -599.592571 -559.834326 -504.098163 -433.423251 -363.989163 -293.670139 -204.514625 -103.316657 -58.465798 -12.535116 40.705916 87.263665 118.535458 133.944431 142.154818 144.767461 149.077512 154.139757 161.536823 168.508316 173.716326 182.475335 191.628373 198.582613 201.868399 203.475333 209.759623 220.092326
-9999.0 -9999.0 -1184.046118 -1147.931686 -1114.033731 -1062.081703 -1010.429481 -979.103720 -938.664181 -913.292338 -906.909947 -887.709280 -870.726038 -862.507302 -845.424096 -828.548525 -818.124690 -817.380002 -808.034955 -771.691339 -718.443534 -670.649513 -636.705726 -580.040634 -547.135247 -526.960333 -516.092004 -489.465554 -448.566157 -365.590649 -181.687481 -78.065784 -23.930692 14.956621 43.775499 77.581726 105.261507 123.738639 142.608346 155.509563 166.108288 173.848214 180.928725 183.042377 183.567297 188.830235 196.272733 203.535564 211.945654 225.702161 238.581975 238.229398 237.535760 236.911692 236.418901 236.314368
-9999.0 -9999.0 -1208.501773 -1164.704434 -1123.001998 -1050.644798 -977.746889 -942.074097 -899.608434 -856.390090 -838.089476 -815.790485 -794.841045 -774.407202 -751.873708 -728.389906 -727.978975 -727.512143 -729.949104 -678.698546 -623.256768 -556.503253 -463.156326 -369.678803 -275.052413 -250.920166 -223.707306 -137.822611 -85.524847 -28.876173 39.402624 95.195861 131.950181 145.934983 152.977927 161.034293 169.743447 176.552464 181.279607 194.024986 199.432056 206.372779 221.068665 235.980091 241.232508 240.564552 238.068561 237.414638 236.727561 236.440619 235.796611 232.314246 231.287328 231.589430 232.517203 228.054974
-9999.0 -1290.424739 -1239.813319 -1187.026325 -1115.871165 -1047.296511 -959.942061 -878.872335 -833.441124 -794.671413 -768.145115 -747.527023 -689.025513 -639.778394 -615.202484 -585.541678 -591.436723 -597.568114 -608.102441 -568.560578 -504.862342 -344.604631 -91.762645 -17.745722 20.823472 29.595121 33.232387 59.978655 89.290825 121.005928 155.419830 172.242990 189.718314 201.667547 204.686969 205.080575 215.181877 228.828880 240.340935 242.227517 241.613422 240.845164 236.137213 236.007894 235.958682 236.024422 232.939031 227.078227 219.949565 215.216691 211.763686 207.680353 210.412135 213.699919 215.545426 209.873478
-9999.0 -1326.095416 -1262.711080 -1189.622440 -1120.435119 -1039.934706 -922.216034 -800.509401 -760.199340 -729.741709 -700.562167 -649.122203 -559.633867 -480.324204 -426.883633 -356.578664 -364.802524 -392.321674 -393.817819 -308.470633 -138.754762 -41.075335 87.873084 150.460493 154.663644 160.716949 165.134429 176.905574 190.389294 201.268299 212.144331 228.061689 230.039142 229.446282 229.073059 229.157293 229.424484 229.512814 226.227885 222.795733 218.533911 218.356126 221.541109 221.262680 218.991133 216.977655 212.388671 205.988456 202.565671 201.227958 200.838052 200.016396 199.992828 201.286218 200.316087 199.083201
-9999.0 -1341.231597 -1267.529555 -1208.128338 -1135.294235 -1003.752230 -885.446205 -761.929854 -678.379577 -645.779611 -593.166884 -488.405415 -290.549827 -91.733780 -30.475907 -10.029662 -5.216954 -17.728133 -6.165610 38.048506 104.534334 154.076900 180.661239 212.032165 216.955856 217.465343 215.789156 217.364381 218.395796 218.087564 217.523871 215.486898 219.178644 220.718294 219.547838 216.973768 212.858287 206.085772 202.088126 201.234737 200.315694 200.805958 202.606798 203.015486 202.257922 201.256156 200.270033 198.965593 197.853161 196.453319 196.414457 195.919537 196.086771 195.051674 194.150578 193.682696
-9999.0 -1425.592901 -1337.146778 -1280.973415 -1132.316062 -972.500731 -854.868436 -702.213960 -577.841013 -530.245988 -392.813384 -110.598787 26.575297 104.815129 134.171832 150.927805 159.371804 167.645337 179.846021 183.954615 209.542259 225.714070 225.759700 223.785423 215.579257 215.960037 210.349510 198.040562 194.418253 191.866307 193.091051 196.683062 199.263993 202.309705 201.063601 201.397021 201.337164 200.302071 200.070949 197.703812 195.503341 193.947237 193.883122 197.474063 195.287296 194.728818 193.732525 192.324823 190.775008 189.473423 188.002906 186.426224 186.477426 184.793700 185.904914 185.089881
-9999.0 -1507.965360 -1425.190879 -1311.780405 -1150.509742 -990.416639 -838.087270 -668.535808 -482.870542 -333.204767 -97.442549 28.443011 119.811969 157.733069 182.685769 191.883762 199.366147 200.629820 200.972461 198.811748 184.248666 180.660752 186.209415 194.798507 197.091238 198.434488 194.641039 191.069610 190.187303 191.652372 192.052843 192.489606 192.537554 191.868939 190.295534 190.792079 193.350106 191.818316 190.192095 188.943024 187.679191 185.034937 182.980161 181.844643 181.412239 182.537679 180.743639 178.210343 175.954720 174.819804 173.302208 172.111796 172.564860 171.274459 168.668554 163.906965
-9999.0 -1591.252893 -1468.756126 -1363.158312 -1220.217693 -1082.094072 -941.752003 -773.001714 -614.197851 -360.109766 -33.421809 70.417065 119.587181 141.570520 167.518998 192.169510 193.347715 178.282778 168.023309 162.392604 164.081022 167.735564 172.028353 179.013567 184.291582 187.449331 187.913018 185.265486 180.447706 178.671706 178.490005 175.958416 173.990961 174.511346 173.367218 175.521658 177.493644 174.242788 170.428157 164.730226 158.404593 152.295789 149.782734 149.707365 149.481838 148.407935 145.890382 142.456040 138.197957 134.638411 132.347641 130.921326 128.552313 121.876133 110.026324 90.704236
-9999.0 -9999.0 -1542.514402 -1420.591421 -1305.158357 -1176.374815 -1042.815478 -881.948625 -729.665892 -541.824246 -369.034263 -114.420168 -34.462778 11.035489 72.697036 126.575059 134.662962 142.553096 131.631069 133.186744 135.193109 136.819695 140.894781 146.165571 152.560887 157.574923 160.694377 159.585724 154.638571 147.027131 138.906949 133.525903 130.588172 127.870129 131.408448 136.204058 135.170690 132.886672 127.876493 114.026483 92.463612 62.492836 49.450714 46.188275 44.539252 40.342225 33.959628 20.020780 6.821034 -4.943141 -9.685540 -14.616295 -20.320366 -32.884316 -51.061771 -85.612589
-9999.0 -9999.0 -1626.543781 -1505.820042 -1376.116633 -1247.986149 -1141.913225 -1020.751664 -858.785371 -739.684334 -645.369744 -557.619098 -480.774334 -395.445177 -241.282184 -100.184113 -60.134917 -46.214006 -40.593522 -31.556794 -15.342148 1.922995 17.406269 35.139140 58.606204 81.922272 93.011848 75.525390 52.302348 26.019323 0.951948 -21.076585 -31.655738 -37.075745 -33.802419 -27.842644 -32.501864 -41.851359 -56.603181 -81.429727 -125.874096 -213.095774 -244.166899 -253.218633 -255.809942 -266.439982 -282.201595 -316.843536 -352.439938 -374.928135 -391.230286 -404.581817 -412.536384 -427.739531 -445.152787 -457.977290
