tests/Borden05m/sims/sim_1/output-maps/psiliqL0020N0014.asc
ncols         160
nrows         34
xllcorner     620200.000000
yllcorner     5168000.000000
cellsize      0.500000
NODATA_value  -9999.0
[rows 0 to 24 of 34, columns 55 to 109 of 160]
-9999.0 -9999.0 -9999.0 -9999.0 -9999.0 -9999.0 -9999.0 -9999.0 -9999.0 -9999.0 -9999.0 -9999.0 -9999.0 -9999.0 -9999.0 -9999.0 -9999.0 -9999.0 -9999.0 -9999.0 -9999.0 -9999.0 -9999.0 -9999.0 -9999.0 -9999.0 -9999.0 -9999.0 -9999.0 -9999.0 -9999.0 -9999.0 -9999.0 -9999.0 -9999.0 -9999.0 -9999.0 -9999.0 -9999.0 -9999.0 -9999.0 -9999.0 -9999.0 -9999.0 -9999.0 -9999.0 -9999.0 -9999.0 -9999.0 -9999.0 -9999.0 -9999.0 -9999.0 -9999.0 -9999.0
-9999.0 -9999.0 -9999.0 -9999.0 2234.475480 2229.264702 2224.604254 2220.354495 2212.207239 2203.449231 2195.851229 2192.274137 2191.728102 2191.406965 2191.369112 2196.867052 2205.321018 2213.316679 2220.620662 2223.243920 2225.857057 2228.113518 2228.686676 2227.730846 2224.738436 2221.699588 2218.499550 2217.035663 2209.476091 2198.339621 2189.874119 2187.184337 2191.452696 2195.790791 2198.177836 2203.521280 2213.849156 2224.227265 2232.305511 2244.040782 2249.988506 2254.699367 2256.912898 2252.317593 2248.388246 2244.034662 2238.041215 2226.770180 -9999.0 -9999.0 -9999.0 -9999.0 -9999.0 -9999.0 -9999.0
2179.431818 2198.499131 2219.337385 2222.740742 2211.203993 2206.410479 2203.547644 2202.127860 2198.060608 2189.983286 2185.304140 2180.362092 2178.568427 2179.087237 2179.538795 2183.879337 2194.803863 2203.071064 2208.062291 2210.938761 2213.914469 2213.152776 2212.700913 2212.632998 2209.929624 2206.638839 2203.406799 2201.716592 2202.815142 2195.316291 2189.616492 2185.957635 2183.566618 2186.128447 2188.601533 2192.505910 2201.620551 2209.362430 2217.042382 2231.302843 2243.622402 2248.572316 2245.476191 2240.110304 2235.722660 2228.146473 2217.376293 2206.963405 2198.086375 2191.135973 2185.069430 2178.251768 2183.703028 2190.212941 2199.045570
2164.275664 2183.968912 2204.708967 2207.761874 2197.548460 2189.918718 2184.341621 2185.185838 2188.754176 2185.916765 2181.714356 2175.727400 2185.520385 2187.136204 2188.530292 2192.251909 2195.170933 2199.781262 2202.693925 2208.315376 2217.499371 2220.456048 2221.124478 2221.392092 2219.641548 2216.594948 2214.840053 2212.187586 2207.053672 2205.655488 2205.637297 2204.826005 2209.267366 2210.684439 2212.980713 2206.831546 2210.673715 2216.652655 2223.231819 2228.853757 2234.779090 2237.431951 2233.545785 2232.801335 2223.752370 2209.414774 2198.444135 2190.015098 2188.766808 2185.063335 2176.431492 2162.373373 2169.281699 2184.286491 2188.175849
2170.945860 2180.554941 2192.175041 2195.383468 2190.827128 2193.115028 2195.325922 2197.204134 2196.036783 2193.318073 2190.602185 2202.491612 2211.772358 2213.842557 2216.997536 2221.306775 2222.009305 2211.118080 2209.266608 2217.258432 2227.391728 2232.999349 2233.366991 2233.294493 2230.511060 2229.556122 2229.394354 2227.530880 2227.688090 2229.697538 2228.393532 2232.102209 2237.637906 2240.782814 2234.197220 2225.320284 2226.755950 2234.710001 2243.237978 2250.385607 2260.302638 2270.742663 2269.747439 2263.989156 2254.472904 2240.711246 2216.996187 2197.823985 2186.107775 2177.658985 2169.551714 2170.239171 2165.361637 2177.063935 2177.897443
2165.149675 2184.774759 2205.919353 2213.308225 2207.963479 2204.245360 2202.942340 2204.263823 2204.454850 2206.712708 2217.743013 2231.025484 2244.468085 2247.403859 2250.062826 2249.605995 2241.708583 2231.842889 2229.044728 2243.313874 2260.189177 2268.459759 2268.663455 2266.162749 2271.144632 2270.712060 2270.317656 2266.388062 2267.820002 2267.273899 2274.785088 2282.419300 2289.924972 2288.301444 2275.968451 2263.922720 2263.014810 2267.024419 2272.026844 2278.595858 2288.267300 2297.027892 2291.383700 2284.531570 2275.109747 2247.223717 2221.464259 2205.099448 2204.357011 2203.821057 2198.177218 2194.597279 2191.566292 2185.114546 2184.016523
2209.017849 2229.938065 2250.959181 2265.995154 2260.794050 2253.826829 2245.362068 2246.475666 2248.806400 2256.358620 2268.576836 2284.099496 2307.450932 2309.047697 2311.249972 2312.243032 2300.682994 2288.411216 2278.331246 2298.706547 2309.618585 2317.574630 2317.130248 2324.557523 2333.875604 2329.995728 2323.070285 2312.016188 2318.043792 2327.054775 2342.153881 2349.499694 2354.015777 2350.888474 2338.204677 2331.799597 2331.764535 2335.987179 2335.176743 2341.453200 2350.336430 2364.607860 2362.890218 2356.101267 2334.164387 2296.380598 2263.709701 2246.288000 2253.938733 2246.548046 2238.614110 2235.618847 2222.074642 2212.035240 2212.296336
2254.452173 2270.931203 2288.995049 2307.068404 2300.946994 2291.462414 2277.365088 2276.298802 2282.797022 2293.627865 2312.456685 2333.252309 2355.486524 2359.175846 2357.632397 2367.584921 2361.590153 2352.033826 2344.633113 2361.467400 2372.636166 2383.492116 2391.163498 2403.910865 2414.932281 2401.834603 2387.341315 2379.560479 2385.804390 2408.586524 2428.486033 2433.357983 2433.321449 2434.047265 2421.583091 2415.833488 2410.881999 2408.458655 2404.034740 2400.689216 2421.993198 2440.362164 2438.647581 2415.507418 2391.375783 2352.725850 2314.159279 2285.146541 2290.656634 2286.432615 2286.485758 2272.929670 2258.272730 2245.505455 2238.265527
2322.858680 2348.789124 2367.964086 2390.059916 2386.515672 2367.452245 2356.225695 2360.655279 2374.481853 2382.783163 2400.347395 2421.181592 2450.003321 2466.834883 2482.268611 2487.440965 2479.851936 2471.496866 2459.389863 2461.562877 2482.533918 2495.179454 2504.921027 2514.555959 2527.158682 2530.041787 2525.282503 2524.197537 2528.090479 2538.510466 2550.300358 2556.929596 2560.833059 2564.015588 2555.048845 2543.467820 2539.908478 2532.886342 2528.786113 2526.727614 2533.369227 2548.648815 2545.122892 2512.656460 2484.696732 2449.567038 2411.051572 2379.909150 2367.456104 2379.188278 2371.847211 2353.625091 2337.821732 2306.636969 2294.995043
2408.984615 2443.906451 2470.578751 2484.498540 2495.791971 2486.748985 2487.342929 2492.264966 2500.872359 2505.575764 2513.263696 2545.953228 2579.937049 2607.169601 2631.044504 2639.508350 2628.572624 2619.220838 2606.840519 2598.098734 2606.198532 2622.448280 2639.815350 2655.153688 2666.463668 2669.283889 2667.800388 2668.047867 2670.820354 2673.706454 2677.349429 2684.698812 2692.255924 2702.895448 2712.329016 2703.684991 2685.220607 2674.327688 2662.847781 2659.650691 2659.093337 2659.602484 2659.243804 2645.747635 2607.701428 2576.549380 2544.142924 2519.461676 2501.528019 2493.578095 2472.831285 2448.235644 2398.458821 2358.996662 2325.111106
2512.111750 2555.484488 2585.770585 2607.083127 2621.949572 2622.673556 2625.727405 2628.381081 2633.903482 2638.323082 2643.709853 2669.044178 2710.749045 2749.759911 2780.777326 2782.999718 2771.684400 2761.142761 2751.742058 2739.290536 2735.788650 2746.337555 2759.844582 2778.197348 2789.015822 2796.479600 2793.002277 2793.336953 2795.767143 2796.770804 2798.566547 2801.433982 2809.954394 2823.771142 2836.716135 2836.453189 2819.754500 2803.268140 2786.527390 2781.518686 2776.903165 2770.884958 2771.389644 2771.759024 2758.649365 2728.903341 2688.408483 2646.083143 2623.833417 2604.633345 2591.243446 2573.849984 2538.766860 2477.346964 2440.859034
2638.071071 2670.499209 2702.697056 2734.365861 2751.805442 2757.434696 2757.164203 2758.277589 2766.245742 2771.260127 2779.348803 2795.140146 2824.169224 2857.231321 2886.007388 2902.598405 2896.962909 2881.701974 2861.931973 2854.271330 2852.139931 2855.048380 2863.222900 2873.878466 2891.508617 2909.315614 2827.701996 2828.654215 2913.420717 2828.408598 2825.452077 2825.509176 2827.669786 2834.567592 2843.203619 2846.290207 2844.196581 2911.209747 2888.890579 2875.817574 2867.859617 2863.319991 2862.241228 2864.802840 2865.427015 2851.006482 2818.394383 2776.065221 2743.653089 2724.371017 2708.453868 2691.281033 2677.782728 2649.255683 2628.206295
2758.613920 2774.634529 2803.087086 2831.822155 2854.759143 2870.909910 2873.746032 2878.733207 2884.279085 2893.332585 2909.121276 2839.749844 2852.123111 2872.079339 2896.231693 2910.812210 2916.207045 2915.395752 2912.561481 2914.045193 2914.369408 2867.161505 2872.108385 2877.018954 2889.990426 2902.239757 2902.331286 2902.878398 2905.266908 2902.595193 2903.049497 2903.109479 2902.806042 2904.174384 2908.013912 2909.471106 2907.834133 2902.114846 2914.005515 2895.368806 2882.622739 2874.722193 2866.673632 2858.234954 2848.765924 2843.327506 2910.381525 2880.540453 2846.005142 2822.172159 2811.525058 2803.451283 2794.163067 2786.992585 2769.331435
2865.470030 2877.701668 2895.969213 2918.401092 2858.197990 2875.023505 2885.829153 2894.716953 2899.372518 2912.476893 2927.509745 2911.718621 2917.868618 2924.400594 2930.863273 2933.068885 2933.678716 2933.354888 2931.020214 2930.407835 2928.309660 2924.366986 2914.369527 2915.926681 2917.685760 2920.258631 2923.812022 2922.643199 2923.798129 2926.675508 2925.090024 2919.375918 2915.585800 2914.065539 2914.866517 2922.161044 2925.501034 2926.500431 2924.171831 2923.390313 2922.665355 2920.105061 2916.873118 2912.282091 2906.375487 2916.377204 2909.569036 2883.861372 2851.531938 2901.175939 2890.012761 2887.988009 2886.716227 2883.202571 2876.034415
2891.314107 2904.302072 2918.345728 2904.310259 2916.834423 2925.372329 2929.461072 2932.870212 2935.413089 2937.606462 2934.455209 2931.129219 2926.297861 2924.800289 2923.391984 2920.885781 2921.411195 2919.407383 2915.344073 2911.477680 2904.243824 2893.049371 2881.810134 2878.653082 2883.021352 2888.327338 2893.080923 2896.965863 2900.504681 2900.993886 2895.922584 2887.875165 2880.659172 2878.970124 2885.688394 2891.377239 2897.393413 2898.262747 2896.996494 2894.858213 2894.950621 2892.182639 2892.627303 2899.464718 2913.488242 2917.344813 2921.853462 2921.136255 2908.647964 2890.243506 2893.846503 2874.140258 2878.941143 2874.220903 2862.894598
2927.260212 2929.523710 2928.414123 2927.105408 2920.881527 2914.964456 2914.161053 2917.992018 2924.771161 2925.768463 2918.645048 2910.214684 2903.018004 2895.776014 2893.379039 2892.351950 2891.757570 2891.921809 2886.527600 2878.001939 2866.168401 2854.657982 2843.473433 2837.422473 2834.335297 2838.308287 2848.803299 2859.759938 2864.569222 2856.423695 2848.503875 2837.343353 2829.435481 2829.891126 2831.525661 2840.857441 2856.490049 2862.899445 2863.829331 2858.195830 2852.828577 2846.801473 2844.443335 2851.199668 2866.268388 2877.596676 2892.079412 2900.761389 2908.261776 2915.131935 2915.715824 2917.633584 2918.686360 2916.949928 2918.059356
2921.882511 2915.180103 2908.442699 2903.275593 2896.744266 2891.310127 2889.382883 2891.283922 2893.390682 2889.404367 2882.903886 2877.246982 2866.179092 2856.258762 2848.975805 2849.563176 2851.497689 2852.567996 2845.591738 2835.062159 2902.680250 2888.447437 2873.727608 2868.999278 2862.933296 2856.264799 2866.140893 2884.380844 2891.067243 2876.113341 2865.736186 2851.115439 2844.348180 2840.877847 2842.130408 2851.430357 2873.004475 2895.439505 2897.810802 2888.314039 2879.145818 2875.712312 2874.132172 2880.802278 2899.097153 2832.113985 2842.969866 2853.053137 2858.674219 2866.716010 2876.120048 2884.667900 2898.467540 2910.133305 2916.300814
2897.625761 2889.975342 2882.284411 2874.634890 2867.815984 2866.187495 2861.748114 2859.380376 2855.617433 2849.327812 2846.554906 2915.229709 2901.718428 2887.890560 2872.194743 2867.144622 2861.805449 2861.879257 2849.483991 2839.813355 2823.016618 2806.952513 2790.312003 2777.410305 2771.041595 2764.237630 2764.569245 2778.499254 2786.963981 2775.917893 2766.047051 2754.654487 2749.627391 2746.485148 2748.951105 2759.596836 2780.527636 2799.489364 2808.036613 2801.480526 2799.893510 2800.633843 2800.831031 2808.359899 2821.888022 2841.027524 2864.105194 2883.380338 2894.575135 2903.220809 2913.936630 2838.538425 2847.772630 2861.831578 2879.251639
2867.032910 2862.438504 2852.563136 2842.897117 2836.987544 2912.765697 2905.232986 2905.850707 2898.113011 2890.657391 2869.586747 2817.999508 2796.698251 2776.803935 2759.617950 2751.923441 2742.582710 2728.531196 2718.614702 2712.361188 2710.214252 2694.676643 2674.896133 2657.125438 2651.565921 2647.331169 2632.994263 2631.819107 2633.208591 2644.549239 2638.048540 2635.121205 2635.594746 2633.405178 2635.758485 2649.237860 2659.082534 2667.042648 2674.408112 2677.807027 2688.144389 2698.488476 2708.042765 2726.232308 2739.676402 2757.361131 2779.776368 2806.543424 2822.924953 2834.120805 2846.195000 2862.346274 2880.060366 2898.993327 2922.406158
2840.687624 2909.353797 2894.168253 2878.766511 2864.880080 2851.983936 2836.035069 2835.949826 2831.636901 2820.362803 2769.093577 2726.155469 2689.797953 2670.848308 2646.534906 2632.441799 2616.635807 2581.836420 2564.681728 2561.220590 2571.526834 2565.221348 2549.482720 2536.501282 2527.224606 2518.575539 2502.488084 2487.374479 2492.770891 2508.746350 2507.690829 2509.255609 2515.856256 2515.140270 2510.057104 2510.920098 2524.348305 2531.482156 2542.942906 2559.161089 2564.911404 2579.459158 2611.663140 2626.465550 2643.281697 2664.118354 2686.924082 2712.786463 2736.632567 2752.329402 2769.150176 2789.674818 2808.203593 2830.314295 2854.629457
2867.822305 2838.555518 2817.228246 2798.829931 2778.730127 2752.909270 2731.210666 2727.256956 2719.063353 2691.936831 2638.742352 2600.020278 2573.651444 2550.766888 2526.244827 2503.128012 2467.958676 2433.639778 2411.741071 2422.847897 2431.937131 2438.998793 2426.445072 2414.709106 2404.668265 2388.048768 2371.645690 2356.963250 2366.942408 2375.485598 2390.487151 2396.212949 2400.226742 2405.108578 2404.117829 2396.159299 2395.424559 2404.363208 2415.145229 2427.465280 2447.032214 2481.886265 2507.972810 2527.341736 2549.551647 2570.754959 2594.406342 2619.094915 2643.269563 2661.911841 2682.262988 2704.660304 2727.753927 2749.497409 2774.977698
2783.726470 2754.985106 2727.488330 2703.019746 2670.117169 2625.266630 2609.002172 2598.578548 2578.726582 2534.416926 2491.942501 2464.474756 2446.736930 2422.268589 2399.473578 2370.537871 2337.270927 2313.440681 2292.606647 2301.076239 2309.632430 2326.017676 2315.859880 2307.238984 2302.873522 2287.601887 2274.001812 2258.248969 2264.939682 2276.223835 2297.373199 2302.785022 2306.838857 2315.569091 2315.033620 2311.617582 2297.785027 2305.802413 2317.147344 2332.291507 2362.817110 2386.955946 2411.085842 2433.958579 2455.230757 2479.461662 2504.184909 2529.340834 2557.383895 2578.847527 2599.670913 2622.660076 2644.190651 2662.132290 2682.245321
2666.807207 2641.356681 2619.709693 2594.532810 2553.507955 2508.696011 2468.630537 2444.762712 2396.912771 2361.593392 2335.399526 2327.994374 2313.064560 2291.605138 2271.071955 2250.281025 2226.543141 2206.031507 2181.018589 2185.408632 2199.581699 2215.141942 2213.641748 2212.757144 2210.530296 2200.446822 2186.867349 2173.234209 2176.892812 2193.275393 2210.881602 2220.099554 2227.599901 2235.509597 2235.681562 2227.494556 2218.496590 2224.089918 2239.595721 2256.648458 2276.274427 2298.367558 2320.670968 2342.321163 2366.123904 2390.318139 2415.017057 2441.778018 2470.965727 2493.800617 2519.258462 2545.567226 2565.177268 2577.228019 2589.251489
2556.347264 2535.174917 2510.757280 2482.681344 2440.042834 2398.911755 2356.976131 2312.060431 2278.201506 2247.795559 2236.563407 2219.634651 2204.390569 2188.270469 2167.454220 2149.790043 2133.368290 2111.617783 2098.529463 2104.760189 2117.722602 2126.660235 2131.787423 2129.214404 2126.524216 2120.160664 2106.292167 2100.008196 2109.451352 2124.695677 2138.843268 2150.012460 2157.003085 2162.670567 2160.021879 2151.533180 2147.948360 2156.517544 2172.459326 2186.937174 2203.201344 2224.788443 2246.325762 2268.939221 2292.581295 2315.940138 2341.791415 2368.408415 2395.701298 2423.756633 2448.173831 2470.430170 2482.109971 2494.181368 2498.643907
2424.833889 2410.826014 2384.649918 2355.911220 2325.053132 2289.698886 2262.659195 2230.466495 2199.715918 2169.915897 2143.987929 2129.698116 2121.917062 2108.140114 2090.210935 2078.079248 2061.928360 2049.037974 2052.643299 2054.186785 2063.054184 2062.043317 2062.684156 2059.929295 2059.057008 2056.033348 2048.285168 2058.374404 2065.246567 2079.078976 2089.402581 2099.093263 2105.165858 2109.098283 2110.009511 2105.298504 2110.634259 2117.432001 2131.778490 2143.570140 2158.075472 2178.776742 2196.405179 2216.208836 2239.362564 2263.238661 2288.213353 2314.921071 2343.818919 2369.679269 2389.442585 2398.578102 2409.906891 2414.703984 2407.479000
