tests/Borden05m/sims/sim_1/output-maps/psiliqL0012N0006.asc
ncols         160
nrows         34
xllcorner     620200.000000
yllcorner     5168000.000000
cellsize      0.500000
NODATA_value  -9999.0
[rows 0 to 24 of 34, columns 56 to 111 of 160]
-9999.0 -9999.0 -9999.0 -9999.0 -9999.0 -9999.0 -9999.0 -9999.0 -9999.0 -9999.0 -9999.0 -9999.0 -9999.0 -9999.0 -9999.0 -9999.0 -9999.0 -9999.0 -9999.0 -9999.0 -9999.0 -9999.0 -9999.0 -9999.0 -9999.0 -9999.0 -9999.0 -9999.0 -9999.0 -9999.0 -9999.0 -9999.0 -9999.0 -9999.0 -9999.0 -9999.0 -9999.0 -9999.0 -9999.0 -9999.0 -9999.0 -9999.0 -9999.0 -9999.0 -9999.0 -9999.0 -9999.0 -9999.0 -9999.0 -9999.0 -9999.0 -9999.0 -9999.0 -9999.0 -9999.0 -9999.0
-9999.0 -9999.0 -9999.0 620.718185 615.251810 610.057737 605.222263 596.373785 587.277945 578.974131 575.169571 574.439788 573.824134 573.623355 579.069085 587.235550 595.038608 602.368471 604.914779 607.484270 609.864814 610.478356 609.347397 606.224786 603.044043 599.753368 598.357422 590.321813 579.022528 570.273130 567.603556 572.121219 576.659876 579.192726 585.101471 595.847018 606.632751 615.114732 626.875802 632.497258 637.470945 640.321433 636.050618 632.310435 628.338541 623.157178 612.026240 -9999.0 -9999.0 -9999.0 -9999.0 -9999.0 -9999.0 -9999.0 -9999.0 -9999.0
584.251157 604.276959 607.624955 596.444426 591.595268 588.384086 586.405068 581.591437 573.037952 567.905550 562.675502 561.059933 561.313047 561.585765 565.917689 576.197771 584.341759 589.268293 591.907201 594.620273 594.551995 594.165540 593.956905 591.197241 587.900018 584.635384 582.966544 583.426942 575.950413 570.619006 567.345191 565.877037 568.439759 570.833390 574.125155 583.609500 591.739386 599.854240 614.009827 626.260609 631.325986 628.647257 623.417907 619.393295 612.517211 602.296054 591.774899 581.864270 574.629702 568.874786 562.999434 568.735854 575.011426 584.713189 594.283269 606.075381
569.033380 589.259615 592.249812 581.591959 573.385719 568.627340 568.929915 571.558395 568.181705 563.758574 559.218852 567.826067 569.361772 570.752735 574.237076 577.585447 580.685975 583.598673 589.103400 598.240833 601.091747 601.772388 602.060835 600.385367 597.427155 595.786758 593.198377 588.181361 587.311237 587.814247 587.797824 592.956330 594.528028 596.178956 589.375476 592.776313 598.862955 605.570853 612.057629 618.637714 622.558542 619.070987 617.792924 609.051601 594.848782 583.259373 574.368794 572.005633 568.460206 560.260310 547.284366 553.941962 569.092581 573.337270 576.419641 587.859613
564.248484 576.312653 579.538297 574.714872 576.114997 577.826929 579.491159 578.119536 575.393326 573.879415 586.846041 596.656631 598.801147 602.039890 605.879875 605.331412 593.513001 591.216642 599.725160 610.275888 616.292330 616.711002 616.863272 615.150667 614.359771 614.167708 612.169051 613.273442 616.045227 616.508924 621.554327 627.450886 630.446401 622.477682 613.199923 613.715145 621.154838 628.967571 636.042070 646.507141 657.612224 656.135957 649.998992 640.439772 626.212497 602.128188 581.891517 570.514130 562.921797 555.212091 554.456744 551.045474 561.602557 562.773188 564.091396 571.942698
571.152727 592.741965 601.100454 595.463407 590.508281 587.816444 588.779411 589.303636 592.863718 606.036471 620.434855 635.688696 639.013819 642.059334 642.039141 633.097156 623.053183 619.348796 634.374104 650.704651 659.275036 660.340799 660.302736 667.851127 666.680381 665.076751 660.429511 663.031168 665.394168 676.284061 684.500827 691.986660 690.412915 678.449122 666.811027 664.638306 666.570137 668.969281 674.609172 684.477307 693.863322 688.269610 680.303986 669.279864 639.576369 611.216134 593.322730 592.671220 592.006062 586.340941 582.346978 578.171247 570.248743 569.008794 567.518656 566.290560
622.979919 643.485788 660.013693 654.739657 646.945347 636.900595 637.796242 641.440998 650.282261 664.312723 683.186781 708.413563 712.564969 716.772553 720.393460 709.697085 697.677469 686.588422 704.146685 714.613147 723.878711 726.618087 737.547207 748.182085 744.191643 736.639739 727.226174 734.374214 747.663924 763.874226 771.737503 776.452270 776.132848 765.318990 759.027082 756.099890 756.523468 752.575431 755.798466 765.537947 779.958779 778.710222 768.048135 743.930958 705.541856 669.191334 646.541358 650.130480 641.957611 634.049711 628.899603 613.638543 601.372429 600.127522 589.481922 582.280153
675.472471 695.086049 714.449987 710.817474 700.678312 688.114903 688.276794 696.682154 707.706568 728.319207 753.613701 779.936355 791.021264 796.502981 806.827190 800.829126 791.780606 783.596553 793.862212 806.583227 819.187143 830.290535 844.098738 856.873459 849.134212 838.701698 835.112691 841.352276 861.970391 880.612592 887.935132 891.348857 895.550394 887.217761 879.236588 870.103243 861.926699 853.712914 847.966773 864.356775 879.369167 876.326406 851.163687 824.808839 786.504056 746.175202 710.681811 706.478832 701.935299 698.803939 681.791786 664.376914 645.460052 633.772274 623.081091 607.249907
775.212945 798.543350 821.321558 824.450963 809.263865 802.732581 808.117883 821.314183 829.743984 847.202103 875.485248 911.309803 936.418285 958.146680 963.494951 955.381439 946.514595 933.445619 931.029523 947.901172 960.806235 972.907334 985.336222 999.294642 1006.887711 1006.154450 1007.162219 1011.826795 1020.298756 1031.394330 1041.233572 1049.605046 1056.928354 1054.229278 1042.752048 1032.961146 1020.477261 1010.332753 1005.735044 1006.204829 1015.265961 1011.819712 984.527637 954.551574 919.417889 878.595521 842.857213 820.711167 822.387884 807.897632 786.870851 763.768301 725.437338 705.563016 687.009509 655.430323
892.581527 924.361251 942.382439 957.959868 955.073211 957.469074 961.773950 969.643666 976.519231 987.743676 1024.803196 1064.059640 1096.581607 1122.383679 1131.881969 1122.368295 1113.128878 1101.950953 1093.138176 1097.192925 1111.831036 1129.035183 1145.531753 1157.642806 1162.452983 1162.377922 1163.869675 1167.214132 1172.151924 1177.487651 1186.050481 1195.487955 1206.730584 1217.755196 1211.046371 1192.215531 1177.187652 1161.166224 1154.631644 1152.236459 1149.389518 1148.033127 1139.328337 1106.555291 1075.123621 1038.659715 1003.531779 977.051436 958.162644 935.035719 908.811143 859.087540 814.265886 775.421812 744.461828 713.032743
1030.550675 1066.198074 1093.985934 1110.943826 1114.882540 1117.345377 1120.096042 1126.443261 1132.986229 1142.722982 1167.893060 1207.284377 1245.297294 1275.053336 1279.526905 1271.029992 1261.497484 1251.931273 1242.517902 1239.897162 1247.606271 1258.454850 1274.093195 1285.575277 1295.629390 1295.625189 1296.788224 1298.143701 1301.532410 1305.025211 1308.623679 1316.750503 1328.784213 1339.399402 1339.791337 1326.048954 1308.387837 1290.634130 1283.132106 1277.082245 1271.310128 1270.810365 1270.337345 1262.223826 1235.857473 1197.831993 1152.070778 1121.947566 1097.632484 1081.093922 1060.672284 1030.466759 974.583457 939.745858 900.902632 862.418171
1165.247350 1197.847927 1230.009749 1249.457711 1257.327061 1257.480836 1259.165408 1266.189326 1272.813053 1283.875184 1301.339853 1324.842754 1352.802444 1378.443695 1395.299513 1392.126433 1380.837995 1365.121778 1361.194579 1360.695035 1362.850925 1369.113714 1376.376186 1390.878902 1405.847433 1411.099221 1412.133951 1410.400504 1413.316248 1415.502508 1416.714970 1418.470874 1423.213549 1429.822466 1431.897115 1427.108701 1411.815414 1392.742516 1379.126402 1371.218405 1367.242434 1365.229387 1365.981969 1364.770119 1352.720145 1324.142715 1286.662742 1253.050224 1230.068387 1212.144198 1195.264149 1179.511791 1156.222801 1134.119109 1100.201374 1053.271641
1279.119059 1305.167015 1331.473903 1354.871008 1370.277244 1373.527364 1378.432701 1382.499770 1391.832480 1406.883509 1425.086943 1438.213913 1453.866314 1473.777462 1485.487081 1491.224784 1492.211843 1491.948367 1494.486156 1495.203354 1472.829985 1475.603786 1478.041569 1483.900969 1490.780443 1492.874149 1493.144198 1492.557629 1494.158774 1495.258587 1496.269627 1496.621830 1496.750105 1498.623786 1499.186828 1498.230119 1492.460044 1494.741260 1479.132881 1468.444099 1461.926158 1454.938586 1446.786957 1437.495175 1428.179928 1412.986013 1387.809195 1356.478960 1330.200866 1318.356183 1310.094585 1300.826638 1292.280844 1274.721197 1251.449499 1219.108946
1384.536683 1399.739153 1418.667027 1443.889286 1460.938918 1470.040277 1477.428702 1481.376643 1492.595020 1504.854252 1500.452468 1503.394383 1506.346893 1509.252370 1510.213815 1510.624658 1510.823057 1509.185853 1509.503970 1508.523892 1504.296195 1495.212784 1496.544649 1497.569329 1499.486350 1502.474753 1500.899001 1501.881810 1505.209383 1504.467685 1499.929792 1497.146603 1495.995788 1496.482113 1503.415364 1506.464724 1507.485208 1507.311072 1507.538669 1508.128996 1507.755283 1506.814615 1504.901030 1502.094031 1504.373449 1495.070608 1473.637492 1443.353744 1411.055462 1397.597301 1392.559119 1391.686836 1387.220123 1380.068036 1361.391181 1334.658317
1490.902591 1503.245391 1501.686891 1509.504366 1513.167170 1514.573310 1516.310568 1518.008954 1518.415199 1514.852073 1511.184054 1506.388966 1504.939455 1503.402223 1500.835327 1501.410570 1499.668117 1496.292618 1493.550002 1488.084467 1478.204506 1467.295174 1464.764136 1468.793956 1472.894308 1476.268660 1478.720370 1481.826540 1483.401223 1479.641013 1473.030555 1467.057028 1465.679988 1472.098295 1477.421570 1482.409369 1483.350980 1482.794612 1482.084117 1483.745186 1482.729104 1484.200369 1490.904178 1503.694684 1509.448930 1511.546781 1511.429165 1505.712325 1494.910237 1486.137802 1466.738117 1469.201228 1463.883465 1452.322685 1432.302248 1410.180932
1514.912148 1514.559987 1512.760214 1506.783106 1500.779800 1499.619205 1502.853920 1508.985617 1509.797865 1502.647521 1494.401969 1487.492931 1480.715505 1478.338032 1476.677888 1475.761561 1475.860290 1471.097748 1464.344438 1450.356787 1439.666494 1428.842862 1422.601031 1420.100101 1424.006807 1432.274611 1440.461900 1444.631303 1438.723306 1432.555701 1423.518280 1416.762185 1417.668783 1420.165011 1428.774615 1442.022714 1446.574127 1448.296115 1445.118505 1442.881852 1439.030292 1438.479277 1445.752395 1460.146763 1474.362077 1487.036098 1494.705597 1501.799489 1507.961210 1511.684763 1512.031465 1511.615122 1509.829887 1507.611510 1493.000228 1473.714744
1503.213437 1497.230806 1492.603384 1486.174905 1480.377910 1478.287353 1480.095406 1482.350208 1478.568773 1471.596110 1461.398792 1450.508444 1440.586949 1434.015122 1434.033177 1435.517854 1436.126289 1430.212785 1416.855548 1400.646806 1387.793844 1373.850316 1369.060129 1363.115003 1357.752047 1366.598533 1381.877826 1387.375522 1374.825396 1366.372910 1353.938836 1347.922849 1345.793053 1347.687081 1356.971343 1376.289043 1395.529987 1398.254985 1391.286904 1384.880119 1382.829160 1382.305735 1389.735337 1407.601041 1426.587557 1440.515901 1449.598364 1455.073265 1462.870085 1471.719786 1482.693382 1494.265438 1503.656141 1511.118638 1513.919726 1512.193916
1481.791961 1474.829186 1467.847476 1461.151383 1454.929147 1450.223326 1447.253029 1443.728962 1436.911420 1429.225265 1414.803601 1402.083392 1389.308238 1374.701935 1370.136728 1366.374830 1367.516860 1356.493004 1346.396337 1327.909797 1311.839947 1294.764403 1282.502420 1274.590454 1266.815864 1269.355372 1283.240675 1291.596118 1278.681798 1269.483454 1257.971857 1252.997141 1250.645950 1253.116165 1263.789247 1286.536979 1306.458972 1315.703112 1311.247147 1309.842911 1311.082337 1312.887644 1320.346441 1335.726137 1355.870473 1376.840108 1392.955562 1402.621252 1410.572609 1420.461098 1433.998629 1446.505474 1458.604000 1473.565570 1491.417929 1504.504302
1453.280483 1444.198819 1435.205810 1424.946823 1414.141115 1407.216840 1407.012447 1398.818698 1390.652680 1373.919932 1326.710421 1306.769280 1286.343499 1268.493227 1260.501187 1251.472935 1242.705890 1232.920484 1225.557246 1217.093271 1199.168175 1178.260205 1158.398180 1149.886231 1143.027387 1132.233279 1135.736171 1138.342569 1142.264624 1135.566287 1130.505231 1129.122706 1127.489218 1131.696031 1146.589419 1160.339013 1173.171674 1182.851914 1185.691972 1197.138125 1207.803804 1215.479537 1234.185631 1250.154267 1270.192497 1294.071667 1319.746386 1334.875133 1346.060143 1358.148102 1374.087476 1390.234738 1406.378431 1426.898554 1449.259668 1463.342046
1415.392046 1401.918260 1387.673186 1374.202471 1360.297382 1345.577322 1344.015311 1337.556955 1325.599909 1280.917764 1234.627690 1197.685340 1174.214151 1147.269453 1132.023286 1118.190240 1090.297520 1074.807294 1067.364360 1070.057404 1056.912970 1035.188773 1016.375209 1004.472974 995.031197 980.205655 970.252608 974.478585 986.664522 982.444527 981.130503 985.701958 984.682490 982.442691 989.785754 1006.662287 1018.024738 1031.775492 1047.770917 1057.177793 1071.226950 1101.844446 1119.854616 1139.519206 1164.811818 1192.401488 1220.381220 1245.177519 1262.556021 1280.785290 1302.318763 1320.811419 1342.127668 1365.295436 1392.901685 1411.510229
1350.804052 1330.226293 1311.680969 1291.540826 1267.698407 1243.949628 1237.825544 1226.273623 1201.413230 1148.628394 1101.484917 1064.763456 1035.399398 1004.919292 981.450937 951.160089 917.647399 895.995184 899.978652 905.377819 903.522529 886.243009 870.237657 857.438906 841.729390 825.062011 812.746416 820.956229 829.458568 837.863610 841.555815 845.557828 848.598356 848.303476 845.214626 852.274829 863.420467 876.595129 890.415376 907.642543 940.897275 969.483337 991.148569 1017.144130 1044.161136 1074.860879 1106.289046 1134.805008 1157.827866 1183.164204 1208.477117 1234.185342 1258.667335 1286.253937 1317.256688 1342.717474
1268.662882 1238.509467 1211.376735 1179.258932 1134.804009 1114.772786 1101.240044 1083.082725 1040.140667 989.642146 947.277513 916.927575 886.469486 857.988810 827.698405 794.255598 766.402864 745.307606 751.077833 756.922843 766.703346 753.083763 740.222301 732.561679 716.652103 701.978112 687.097855 694.420084 704.280372 721.475461 725.725930 729.359053 736.611885 736.057696 734.393615 726.610850 736.613544 748.662546 764.243214 793.923479 821.114643 847.929032 872.474826 896.963920 924.760217 955.112881 986.138064 1018.803624 1046.156179 1073.839574 1103.646370 1131.408216 1156.650179 1184.129310 1215.878318 1243.245569
1145.393263 1116.869781 1085.987598 1042.226170 991.426817 951.693915 931.022891 888.619268 849.854512 809.530647 787.093530 764.303441 737.649851 713.106493 689.632426 662.187127 638.536628 613.806767 616.934623 628.707482 641.835587 635.266182 630.818947 626.866043 615.034395 600.936519 587.118399 590.608981 605.739959 622.595726 630.120107 636.885331 644.636731 645.070995 638.695056 630.935088 637.397512 652.439239 669.754003 692.125499 716.162216 740.019809 762.837914 788.344434 815.449286 843.632525 874.191169 906.392015 932.848612 963.576896 995.559611 1022.703278 1043.031291 1065.631377 1097.646477 1123.335588
1014.542441 983.455973 950.609197 904.057308 856.569655 809.827485 767.544184 731.350283 697.000054 676.260241 654.306354 633.816795 613.495424 590.768869 570.046143 550.236654 527.484677 509.287767 514.195559 526.873197 537.608547 539.943160 536.476322 532.987960 525.128377 511.173462 501.050439 509.453184 524.806272 539.704389 549.975683 556.811998 563.037278 560.558835 552.648331 547.245873 555.802868 571.920211 587.554792 605.781704 628.297840 650.899404 674.112249 698.657458 723.594806 751.286356 780.152961 809.883112 839.870471 868.216314 895.527464 912.698239 930.687665 945.370829 968.805989 994.581905
868.323359 838.221408 806.059582 769.175416 727.268154 693.904284 659.378759 626.292652 593.864048 566.516982 547.704190 536.370385 520.306017 500.068518 485.762991 468.219562 450.296941 449.831097 452.476958 463.426051 464.432409 464.788794 461.548390 460.201643 455.659597 444.894154 451.773686 459.245855 473.905348 484.751917 494.257510 500.589971 504.825671 504.852868 498.638096 502.384921 509.859496 524.868741 537.280856 553.031977 574.610121 592.999130 613.584211 636.978027 661.354282 687.167317 714.758409 744.643687 772.171156 795.143738 808.438637 823.374157 833.885745 833.522542 853.059139 873.939284
