tests/Borden05m/sims/sim_1/output-maps/psiliqL0029N0017.asc
ncols         160
nrows         34
xllcorner     620200.000000
yllcorner     5168000.000000
cellsize      0.500000
NODATA_value  -9999.0
[rows 0 to 24 of 34, columns 55 to 109 of 160]
-9999.0 -9999.0 -9999.0 -9999.0 -9999.0 -9999.0 -9999.0 -9999.0 -9999.0 -9999.0 -9999.0 -9999.0 -9999.0 -9999.0 -9999.0 -9999.0 -9999.0 -9999.0 -9999.0 -9999.0 -9999.0 -9999.0 -9999.0 -9999.0 -9999.0 -9999.0 -9999.0 -9999.0 -9999.0 -9999.0 -9999.0 -9999.0 -9999.0 -9999.0 -9999.0 -9999.0 -9999.0 -9999.0 -9999.0 -9999.0 -9999.0 -9999.0 -9999.0 -9999.0 -9999.0 -9999.0 -9999.0 -9999.0 -9999.0 -9999.0 -9999.0 -9999.0 -9999.0 -9999.0 -9999.0
-9999.0 -9999.0 -9999.0 -9999.0 3997.335410 3992.078592 3987.420436 3983.001899 3974.584300 3965.260315 3957.533691 3953.307947 3952.088418 3951.233549 3950.534386 3955.284842 3963.317696 3970.884375 3977.652613 3980.025912 3982.309999 3984.034384 3984.168373 3983.010801 3979.730596 3976.329527 3972.903970 3971.127518 3963.920072 3952.836598 3944.631781 3941.948836 3946.057188 3950.357024 3952.797113 3957.801496 3968.082280 3978.611380 3987.180739 3999.880058 4007.150322 4012.522034 4014.992272 4011.000619 4007.766014 4003.729837 3997.325882 3986.201927 -9999.0 -9999.0 -9999.0 -9999.0 -9999.0 -9999.0 -9999.0
3942.311157 3960.630825 3981.825667 3984.893331 3973.035788 3967.901054 3964.783525 3963.196930 3959.090047 3950.631511 3945.538727 3940.023766 3937.170059 3937.129615 3936.924488 3940.430909 3951.273936 3958.965539 3963.416306 3966.023246 3968.868059 3966.940697 3966.045540 3965.785832 3962.827070 3959.274794 3955.844434 3953.934011 3955.601020 3947.983828 3941.850099 3937.825091 3934.552781 3937.332758 3940.082196 3944.930211 3953.999433 3961.820521 3969.727870 3985.088200 3998.430758 4004.213710 4001.643775 3997.133266 3993.295463 3985.695962 3974.760401 3964.843928 3957.145068 3951.264360 3945.949822 3939.367100 3945.894192 3954.077338 3963.281952
3925.494574 3944.664154 3965.169619 3967.644633 3957.461812 3949.840391 3942.551092 3943.119552 3946.813331 3943.626885 3938.740007 3930.262855 3940.601910 3941.483937 3942.016750 3945.104053 3946.618260 3952.129153 3954.391537 3959.643756 3968.541269 3971.301350 3971.642899 3971.594569 3969.504251 3966.147307 3964.078599 3961.207357 3955.855455 3953.852593 3953.320553 3951.769152 3955.632081 3957.147264 3960.323360 3955.099453 3959.713990 3965.966232 3972.952561 3978.221582 3984.226779 3986.402008 3983.093233 3984.018454 3975.686426 3962.081229 3952.537799 3945.341888 3946.113549 3943.257012 3935.351159 3921.429367 3930.061983 3946.355129 3951.229951
3930.068754 3938.913666 3949.167400 3951.525356 3946.453246 3948.838564 3950.629054 3951.723706 3949.756918 3946.049839 3941.068518 3950.953945 3958.943683 3960.170963 3962.412126 3966.352517 3967.464142 3956.768735 3954.750079 3961.704708 3971.122300 3976.047660 3976.143774 3975.632641 3971.493393 3970.223792 3969.987990 3968.219827 3967.350135 3968.655321 3965.621749 3968.143697 3973.553230 3976.952980 3972.328522 3964.075642 3966.643814 3975.254593 3984.598829 3992.236868 4002.273086 4012.900757 4013.471434 4009.199223 4000.796070 3988.598474 3966.370544 3949.338262 3938.364234 3930.192899 3922.941107 3926.663260 3921.617305 3936.090490 3937.968181
3913.495920 3935.063903 3954.831924 3960.192552 3954.148306 3950.700267 3949.787744 3950.354640 3949.079858 3948.902405 3956.709943 3968.008903 3978.420330 3980.195562 3981.786368 3980.244527 3973.031422 3962.646067 3960.178010 3973.019166 3989.815480 3997.524318 3996.711449 3991.475604 3993.639342 3994.089783 3995.102831 3992.092397 3992.481475 3989.131793 3993.482324 4001.176841 4009.351978 4008.092033 3995.595497 3983.027257 3983.293825 3989.381462 3997.189045 4005.073887 4015.178897 4024.121812 4019.348692 4014.627391 4007.836198 3982.875453 3961.251481 3947.524823 3947.880259 3948.788327 3944.483724 3942.758819 3942.451846 3939.078676 3939.513549
3948.396176 3967.178045 3987.486947 3999.793164 3993.541873 3986.227884 3978.209261 3978.310785 3978.085462 3983.393042 3993.149837 4004.795681 4025.987614 4024.669716 4024.471227 4022.182947 4008.851223 3995.397708 3985.695855 4008.778087 4020.012145 4026.807989 4023.196775 4027.176964 4035.523792 4032.184866 4026.303287 4013.812885 4019.260292 4024.490731 4039.681648 4047.919396 4053.557253 4048.184087 4033.606740 4026.579177 4028.806344 4036.277197 4038.304606 4047.917313 4056.295073 4071.142830 4069.555299 4067.501989 4048.119611 4010.949756 3982.690870 3971.813363 3984.482388 3979.030639 3972.649306 3973.345738 3962.938946 3956.596765 3959.743478
3977.780582 3990.324180 4006.204521 4022.449950 4012.696424 4002.720812 3985.525952 3981.836548 3985.289688 3995.563148 4012.830689 4029.780629 4048.916062 4045.468183 4036.708544 4046.441480 4039.363941 4028.183938 4020.853971 4044.743081 4054.426826 4064.354270 4069.187905 4081.876003 4092.103547 4073.975028 4055.723656 4044.095545 4051.585118 4078.637543 4102.337512 4107.117695 4105.688605 4104.331464 4087.505324 4083.055127 4080.387927 4081.995013 4080.069169 4078.662295 4105.647606 4128.325780 4128.327671 4107.008301 4084.340871 4043.667459 4005.606990 3982.825937 3998.741627 3995.029486 3999.146317 3989.992507 3978.968986 3973.828930 3972.844591
4023.676681 4043.826750 4059.509595 4081.795413 4070.564499 4046.146017 4028.357162 4030.587810 4044.519677 4052.991867 4072.414126 4088.130258 4112.857340 4123.070645 4132.681931 4136.688668 4130.007093 4121.590292 4109.856448 4116.868358 4142.497866 4154.161256 4162.041458 4169.977170 4182.757743 4181.964696 4174.042154 4171.905397 4176.599492 4191.667061 4207.510189 4214.329862 4216.876948 4218.815570 4203.309399 4189.711036 4188.689880 4183.943251 4183.931476 4183.485782 4196.962316 4219.660641 4216.014619 4176.747403 4149.608726 4113.444379 4074.294197 4044.983056 4041.088418 4062.854448 4062.451998 4046.381256 4037.682408 4013.474122 4010.712077
4090.171192 4122.988611 4147.013176 4156.580415 4162.953815 4146.063390 4143.332140 4147.772136 4156.659875 4159.593118 4165.952479 4198.673079 4232.579804 4256.919611 4279.635607 4286.658316 4273.941877 4264.192450 4250.305145 4241.678591 4254.465988 4272.565689 4290.615221 4305.482343 4316.923935 4318.665368 4317.003128 4317.025663 4320.449492 4323.500277 4328.189763 4337.311131 4345.118401 4353.502025 4360.840465 4349.239223 4332.093771 4323.479171 4315.494597 4315.619777 4317.595648 4322.665665 4323.856387 4304.664283 4259.654370 4226.810120 4194.155024 4176.268557 4164.422147 4166.994377 4148.629001 4123.347612 4070.062965 4032.895544 4001.952459
4173.874541 4219.532217 4249.034671 4265.020017 4277.509022 4273.361833 4275.344121 4276.228229 4279.688702 4281.594242 4283.472970 4311.690966 4354.856382 4395.329321 4427.379937 4426.405466 4411.616783 4400.066781 4391.291099 4375.953584 4371.900868 4385.889839 4402.550716 4424.089620 4434.371663 4439.619718 4435.651001 4435.837261 4438.028732 4440.493751 4442.766276 4446.894257 4457.319417 4473.359343 4488.805459 4487.425602 4466.869441 4448.515373 4432.688581 4431.307551 4429.641881 4424.783640 4427.558631 4429.565259 4411.177902 4377.798898 4336.340081 4295.828735 4280.988718 4266.830574 4255.978395 4238.255482 4193.325670 4122.062794 4079.781620
4290.279963 4326.864763 4356.425729 4387.233220 4401.500299 4402.609219 4399.522797 4397.761309 4404.939749 4406.960472 4411.668163 4428.524799 4463.388116 4501.142193 4532.080773 4547.257518 4538.424423 4518.954048 4495.302533 4484.191498 4480.834100 4484.952085 4495.379641 4509.714813 4530.533386 4551.120446 4557.059729 4557.998300 4555.239801 4557.798377 4559.518656 4559.667772 4563.156722 4572.799838 4583.553652 4587.175598 4578.468923 4555.778256 4531.105552 4520.379742 4514.311805 4511.066769 4512.770354 4518.863402 4522.915270 4506.923476 4468.829107 4421.838651 4392.137294 4378.239653 4365.763904 4351.032121 4337.654419 4300.450226 4278.016511
4401.584813 4417.724021 4447.309902 4477.260518 4499.900544 4514.435798 4514.036572 4516.535942 4521.486561 4528.320518 4543.504019 4568.403589 4589.248548 4613.903421 4642.406335 4659.987453 4665.206787 4662.959473 4658.032233 4659.059184 4659.480405 4584.740669 4592.074681 4599.401722 4619.733690 4637.557945 4644.103913 4644.862382 4641.836246 4643.924182 4644.834425 4644.653087 4644.270858 4647.350250 4653.388631 4655.696475 4652.843390 4638.226773 4661.331914 4640.181472 4626.092324 4617.540643 4609.000538 4600.690075 4591.112453 4580.904354 4559.298573 4526.671832 4491.338048 4470.939121 4463.588007 4457.189891 4447.727488 4441.507681 4423.423334
4501.501657 4512.156854 4531.503734 4555.443428 4591.872109 4617.011678 4628.940207 4638.687579 4643.470036 4658.136166 4676.033934 4656.541145 4666.454029 4676.712023 4686.904428 4690.404586 4691.406763 4690.944330 4688.482713 4687.558307 4684.876448 4681.747338 4670.922577 4672.571760 4674.669647 4677.338118 4681.154200 4680.117270 4681.294147 4684.270431 4682.416464 4676.162866 4671.906132 4670.324458 4671.502323 4679.068514 4682.690547 4683.709361 4679.563411 4678.536935 4677.348357 4673.290652 4668.224681 4661.083151 4651.947731 4670.482195 4657.600796 4627.680669 4584.625096 4540.880246 4534.702840 4537.988528 4537.419739 4535.991779 4530.184054
4633.706589 4648.216707 4663.839990 4635.438739 4662.094389 4675.735711 4682.114156 4686.788137 4689.783649 4693.606712 4690.663170 4687.775061 4682.786176 4681.095427 4679.700054 4677.218779 4677.832750 4675.941269 4671.788221 4667.535831 4659.020451 4647.105812 4635.920904 4632.000158 4636.217850 4642.053489 4647.499080 4652.378271 4656.252613 4655.911606 4650.165134 4641.477277 4633.711610 4632.121540 4639.175776 4645.019238 4651.999919 4652.952276 4651.545344 4648.877746 4648.473900 4644.912822 4645.029089 4652.363221 4667.732566 4669.522077 4676.563972 4675.561145 4655.698251 4619.730731 4637.231813 4616.879632 4623.569358 4618.786783 4607.194490
4681.461459 4684.767613 4682.822107 4681.936514 4675.369863 4669.177680 4668.351976 4672.418894 4679.554574 4680.527395 4673.375772 4664.597720 4657.170717 4649.423069 4646.935392 4646.546775 4646.381113 4646.979168 4641.613966 4631.715783 4614.004646 4602.312211 4591.207474 4585.240598 4580.818935 4583.798506 4595.566519 4608.650905 4613.856198 4603.677782 4594.823531 4582.534865 4574.391743 4574.900711 4575.559174 4585.302626 4603.213505 4611.777217 4612.635488 4605.711077 4598.571628 4591.660904 4588.276959 4594.680543 4610.294724 4627.776605 4644.229911 4653.840071 4661.809949 4669.239706 4665.994969 4669.265620 4671.065298 4668.524391 4672.874493
4676.279735 4669.103246 4661.925655 4656.473090 4650.000340 4644.749177 4642.815628 4644.479145 4646.069659 4641.644791 4635.255826 4625.171134 4613.943734 4604.098028 4595.913623 4596.951113 4599.331707 4601.180282 4593.505451 4577.668958 4559.501049 4545.841927 4531.846670 4527.860710 4521.577312 4512.779024 4522.791223 4543.461049 4551.253075 4534.250796 4522.968166 4507.354568 4500.965549 4496.657992 4497.218630 4506.066594 4529.571343 4555.367924 4557.793373 4546.443053 4535.147058 4530.497796 4527.168106 4531.365652 4547.918446 4569.323152 4586.098990 4597.016413 4602.407224 4610.239994 4619.744462 4634.831926 4650.352761 4663.279825 4666.875611
4650.546964 4642.716920 4634.974576 4627.233694 4620.263370 4613.955403 4609.554034 4607.551526 4603.110337 4596.840447 4589.665270 4566.856220 4554.132564 4540.721628 4525.217914 4521.043262 4515.556776 4516.360708 4504.609487 4497.195950 4481.193008 4465.735536 4449.995962 4435.661081 4429.900874 4422.891401 4419.380289 4432.294265 4440.570959 4432.188560 4422.643427 4412.622776 4408.591646 4405.213987 4407.908361 4418.481110 4437.368323 4455.726520 4464.733046 4457.662352 4457.665854 4458.549695 4457.008820 4463.721057 4473.669562 4491.349713 4514.518834 4534.665364 4544.948421 4551.758983 4560.893985 4575.546917 4589.948371 4604.660062 4623.205556
4619.741437 4610.275473 4600.198646 4590.271349 4579.594615 4568.861505 4562.089616 4565.032905 4559.013086 4553.432682 4528.267762 4470.147035 4447.857183 4428.365673 4411.611899 4404.385659 4395.451969 4376.648588 4367.989969 4364.031070 4368.856917 4355.234245 4337.611844 4319.364249 4314.512325 4311.132674 4291.147267 4283.658525 4283.397997 4303.456368 4297.798954 4297.959846 4301.151792 4298.838847 4299.586717 4312.154166 4318.672198 4322.790090 4329.879494 4336.788981 4348.733251 4357.642819 4370.068546 4387.908624 4398.271843 4413.160925 4433.432540 4459.997709 4476.392239 4486.082103 4496.482351 4511.861470 4528.087430 4546.140751 4568.794650
4584.616304 4567.155730 4552.148543 4537.574257 4524.670267 4511.580039 4494.756999 4496.774468 4494.847453 4483.820346 4424.516362 4383.955013 4349.402053 4332.281416 4307.929102 4293.504248 4275.312292 4232.958930 4214.407300 4215.607065 4233.518430 4231.889957 4217.076534 4205.831641 4195.983962 4185.747248 4166.480031 4144.574604 4151.103640 4171.624586 4174.328085 4179.318208 4188.457952 4188.384083 4180.659667 4175.380013 4186.753622 4191.487217 4203.262233 4223.088497 4228.383008 4247.383864 4283.776868 4296.562508 4311.733563 4329.747273 4349.859620 4371.908240 4395.335206 4409.750578 4425.205074 4443.636442 4460.347856 4480.623561 4503.069839
4532.250663 4500.009906 4478.266206 4460.487734 4440.636091 4411.597759 4391.515684 4389.110642 4382.983480 4350.627919 4296.136231 4261.746510 4240.127654 4218.269346 4195.428598 4169.916502 4129.134492 4093.212565 4070.794374 4089.853999 4102.420011 4117.532890 4106.963106 4096.832124 4087.422884 4068.007257 4050.681881 4032.681164 4044.547067 4053.297292 4075.837902 4083.897583 4087.968757 4095.007071 4093.484164 4080.644382 4072.179189 4080.027237 4089.801684 4102.362516 4126.645722 4164.296870 4189.262135 4207.914254 4228.376365 4246.582183 4267.457658 4290.061022 4313.141397 4330.306128 4348.456456 4366.596840 4387.299333 4405.782727 4427.914790
4448.201853 4419.847568 4393.609317 4370.230550 4336.801704 4287.909817 4273.479945 4264.248341 4239.282928 4188.035138 4146.413727 4129.969378 4120.356879 4097.590931 4077.506343 4047.829303 4013.037418 3993.003767 3972.406965 3984.172044 3995.798602 4019.000471 4011.442245 4006.191937 4004.380439 3988.954091 3975.953399 3958.893546 3964.846589 3977.849096 4003.536952 4010.241850 4014.688588 4024.970407 4024.354572 4018.955597 3998.441241 4004.501877 4015.401511 4030.413328 4062.683957 4084.615577 4106.539019 4128.376628 4147.334705 4168.398738 4189.935427 4212.369059 4238.804650 4258.153744 4276.856954 4298.073542 4316.570525 4329.378815 4343.845350
4337.005310 4313.705482 4295.197325 4271.108031 4226.120638 4181.975221 4138.776314 4108.485991 4051.487164 4016.158633 4000.584157 4005.079171 3995.308737 3977.169905 3959.716091 3941.661570 3921.717185 3904.788247 3879.887910 3886.349603 3903.793962 3922.336908 3926.412958 3929.244889 3928.668324 3920.300723 3907.111798 3893.590146 3897.467414 3915.340367 3933.825913 3944.876667 3953.027675 3960.849055 3960.374945 3949.747822 3938.944795 3943.163122 3958.699799 3974.501298 3990.526711 4010.104352 4030.001252 4049.808793 4071.664790 4093.426202 4115.423958 4139.393346 4165.547399 4186.605246 4209.641442 4233.337351 4248.342086 4255.381005 4260.592652
4233.002596 4215.230274 4192.801594 4165.155442 4122.900751 4084.165449 4044.060373 3994.253120 3961.653309 3934.561014 3932.078350 3918.955247 3908.446337 3896.488178 3877.643332 3863.463464 3851.175052 3831.146414 3824.606632 3833.242075 3847.388030 3854.960788 3863.642820 3862.320955 3860.682246 3856.085326 3842.348373 3840.413232 3851.076892 3866.254116 3879.549143 3891.605949 3898.524497 3903.201264 3899.876333 3890.143993 3887.945500 3895.849492 3910.919315 3923.413032 3936.611463 3956.053008 3974.608143 3994.987149 4016.187467 4036.817548 4059.898273 4083.713671 4108.590738 4135.054003 4156.016424 4172.466061 4179.320414 4186.984561 4183.038151
4108.325463 4099.343748 4074.117049 4046.183061 4018.865870 3988.468485 3967.221324 3937.632035 3909.335923 3882.237390 3857.711168 3848.552410 3845.152744 3834.605819 3819.965669 3810.970802 3797.188425 3790.874040 3800.042150 3801.349554 3808.810875 3806.316282 3807.882572 3806.127342 3806.126987 3805.048612 3800.844571 3814.620942 3820.831075 3833.740127 3843.424746 3853.160416 3858.642858 3861.820033 3863.188853 3859.514072 3865.888281 3871.113806 3883.861007 3894.047407 3906.075291 3924.572025 3939.975712 3957.219732 3977.841338 3999.168269 4021.220068 4045.218227 4071.675693 4094.563842 4110.022543 4114.246432 4121.266414 4119.634651 4105.123704
