tests/Borden05m/sims/sim_1/output-maps/psiliqL0010N0019.asc
ncols         160
nrows         34
xllcorner     620200.000000
yllcorner     5168000.000000
cellsize      0.500000
NODATA_value  -9999.0
[rows 0 to 25 of 34, columns 57 to 113 of 160]
-9999.0 -9999.0 -9999.0 -9999.0 -9999.0 -9999.0 -9999.0 -9999.0 -9999.0 -9999.0 -9999.0 -9999.0 -9999.0 -9999.0 -9999.0 -9999.0 -9999.0 -9999.0 -9999.0 -9999.0 -9999.0 -9999.0 -9999.0 -9999.0 -9999.0 -9999.0 -9999.0 -9999.0 -9999.0 -9999.0 -9999.0 -9999.0 -9999.0 -9999.0 -9999.0 -9999.0 -9999.0 -9999.0 -9999.0 -9999.0 -9999.0 -9999.0 -9999.0 -9999.0 -9999.0 -9999.0 -9999.0 -9999.0 -9999.0 -9999.0 -9999.0 -9999.0 -9999.0 -9999.0 -9999.0 -9999.0 -9999.0
-9999.0 -9999.0 218.011547 212.475060 207.134930 202.140401 193.104902 183.888726 175.371194 171.480569 170.681751 169.971113 169.713031 175.143235 183.247674 191.016153 198.361956 200.881028 203.441483 205.853421 206.464823 205.259811 202.058274 198.791368 195.396828 193.923247 185.654263 174.191095 165.256362 162.495207 166.999850 171.531911 174.069887 180.124862 191.021586 201.979645 210.626501 222.479972 228.100762 233.198234 236.222674 231.995095 228.242098 224.299347 219.255065 208.086900 -9999.0 -9999.0 -9999.0 -9999.0 -9999.0 -9999.0 -9999.0 -9999.0 -9999.0 -9999.0 -9999.0
200.809298 204.190844 193.209918 188.365359 185.061900 182.929356 177.902498 169.192851 163.911110 158.575582 156.975364 157.134365 157.339349 161.657845 171.777275 179.892952 184.809532 187.402027 190.061179 190.167741 189.783074 189.503871 186.666425 183.277137 179.898479 178.121794 178.303182 170.705171 165.343462 162.052753 160.717075 163.200941 165.530947 168.664644 178.290226 186.602861 194.930089 209.166722 221.514796 226.686161 224.123914 218.887326 214.884237 208.107605 197.958441 187.307877 176.926789 169.550253 163.870989 158.264739 164.137003 170.436335 180.451960 190.392062 202.373128 214.518608 -9999.0
185.372596 188.355046 177.581491 169.213912 164.642597 164.793431 167.164056 163.618326 159.102717 154.890411 163.168826 164.647096 166.003847 169.402449 172.832338 175.521473 178.418464 183.910140 193.063868 195.904618 196.579883 196.835428 195.099262 192.037757 190.274797 187.540755 182.395867 181.509630 181.997389 182.034180 187.236901 188.724989 190.136311 183.146127 186.501948 192.746958 199.651341 206.547288 213.476004 217.846985 214.490584 213.028500 204.255431 189.969232 178.133781 169.063775 166.370866 162.869700 154.819146 142.176040 148.857799 164.151261 168.595259 172.018237 183.765504 196.002417 206.260560
171.650772 174.855560 169.918008 171.047322 172.594326 174.176292 172.722995 169.958468 168.713634 181.932840 191.856098 193.978627 197.194396 200.865631 199.924615 187.767873 185.302717 193.972769 204.697893 210.878033 211.327930 211.508293 209.966120 209.019326 208.567157 206.276298 207.401038 210.176515 210.892927 216.059357 221.833310 224.610682 216.110053 206.688359 207.099327 214.661542 222.619748 230.008856 240.947535 252.482857 250.955813 244.623747 234.850443 220.271749 195.911848 175.355945 164.098033 156.810470 149.316015 148.322276 145.403819 155.815610 157.221533 158.688969 166.937279 177.076702 187.082819
187.791803 196.368191 190.567011 185.186180 182.051671 182.877006 183.456365 187.315250 201.013758 215.717240 231.506297 234.918416 238.010949 237.998857 228.570325 218.259083 214.205015 229.506381 245.924348 254.748218 256.124803 256.720629 264.790549 263.073014 260.690759 255.412098 257.981654 260.826130 272.286169 280.252299 287.298933 285.357183 273.208658 261.669508 259.466552 261.341349 263.600693 269.558195 280.076717 290.113608 284.665195 276.209557 264.373839 233.748967 204.400513 186.078091 185.587722 185.094041 179.629134 175.717619 171.427806 163.323602 162.268305 161.087550 160.135100 171.779966 183.769876
238.814285 255.749132 250.320892 242.097594 231.485599 232.277430 236.254447 245.393234 259.837553 279.539841 305.273364 310.006600 314.639921 318.815521 308.073276 295.791720 284.226573 301.173956 311.816658 321.684617 325.389927 337.224495 347.925009 343.191440 334.599466 324.819985 331.702869 345.629333 361.507010 368.574314 372.360607 372.013672 361.314781 355.277361 352.373634 352.841138 349.055844 352.435429 363.396518 378.707441 377.874518 365.964747 340.695752 301.495278 263.818253 239.838894 242.761881 234.765031 227.120749 221.654517 206.159711 193.560093 192.234345 181.715633 174.683295 185.506241 191.060746
292.162731 311.840726 308.596244 297.908719 285.493794 285.961117 294.896700 305.827317 326.523875 352.416855 379.197991 391.587520 398.436931 408.657080 402.495417 393.317557 384.704399 393.359380 406.692136 419.848007 431.698923 445.306462 457.614036 449.894014 439.104992 435.356541 440.497402 459.325114 475.882207 481.564830 483.698514 487.380490 479.826959 472.235139 463.992385 456.647212 449.423345 444.542901 460.924801 476.035310 473.312096 448.068392 421.366182 383.228708 342.729743 306.259426 300.472213 296.632854 293.215605 275.652697 257.786142 237.569591 225.078655 214.387047 198.325700 202.218248 206.932496
397.882172 420.261813 424.476513 409.674006 404.079170 409.776391 422.801615 430.597897 446.409527 473.916725 508.527985 533.305093 555.105104 560.161691 551.939311 543.133227 529.925258 526.296425 541.828890 554.304152 565.921087 577.439506 589.714599 596.342788 594.750756 594.604421 597.637634 603.292484 611.017010 617.816719 623.805924 629.972161 628.628394 618.952801 611.050748 601.083224 592.541080 589.215709 589.296199 597.580593 595.336475 571.347368 543.273361 510.548164 472.081520 438.319158 416.292059 417.302595 402.233576 381.396676 357.228740 317.792786 296.541851 277.467561 245.581579 239.527652 248.080406
516.563126 533.314936 548.445347 546.399947 549.135586 553.414664 560.852286 566.837550 575.584358 608.330374 643.613241 674.181819 699.164349 708.898082 700.001002 690.880032 679.814605 670.640510 673.200362 686.743734 702.915153 718.426749 729.260020 733.024556 731.782406 732.060008 733.780493 736.837250 739.523816 744.941704 751.929791 762.039005 773.450428 768.626826 751.865418 738.463682 723.112774 716.373644 713.567439 709.980361 709.120632 703.315267 674.447559 646.389630 613.892187 582.197909 558.618907 540.578410 519.504126 495.786177 449.331100 406.172392 368.353328 337.306030 306.175394 300.433675 323.483559
639.152222 664.670810 680.368398 684.810552 687.693914 691.357913 698.487177 704.963467 713.454088 734.784289 770.590090 806.944145 836.821409 843.121407 836.009419 826.630697 816.419255 807.099369 804.110351 810.625671 820.396086 834.958991 846.148578 856.210796 855.917635 856.239567 856.325578 858.255943 859.928858 861.401693 867.675405 878.487749 888.625149 889.913209 877.817627 860.683784 842.250058 832.651360 824.744480 818.045666 817.096924 817.029911 811.387402 787.700330 752.784238 709.759994 680.768017 657.670423 643.101463 626.266501 603.290531 555.418787 526.440125 491.544436 455.193029 430.283723 464.385604
751.992932 782.040015 801.440757 810.646367 812.523708 816.413439 825.216896 833.223602 844.648023 860.956082 882.218571 909.577420 936.428721 955.744651 954.264494 943.839362 928.343405 924.558822 923.800636 925.305025 930.881034 937.308674 951.160310 965.470709 970.357939 970.853821 968.526156 970.443342 971.373426 971.394852 972.061651 975.860296 982.032575 984.139843 979.793098 964.704142 944.610080 927.962461 917.563264 911.999964 908.795527 908.743961 907.021717 895.537454 867.985449 831.166015 796.551795 772.269919 754.490363 739.961951 728.352913 711.779449 694.139746 664.754066 622.894721 586.479223 580.131297
852.208995 877.949046 902.103157 918.987248 924.775583 932.522035 939.225777 950.589875 966.293241 983.653030 995.894060 1011.628733 1032.236051 1044.890591 1051.419179 1052.643528 1052.243684 1054.126781 1054.063586 1037.218337 1039.097167 1040.899716 1045.206810 1050.979477 1052.554398 1052.549800 1051.812379 1052.642036 1052.858408 1053.108274 1052.899792 1052.372350 1053.702453 1054.060321 1053.067657 1047.547772 1045.863964 1028.792229 1016.564642 1008.830203 1001.101859 992.463665 982.827541 972.912976 956.926138 929.945206 896.313631 866.985377 853.169898 845.031061 837.720819 831.379357 815.892059 794.309025 764.818039 727.490716 691.757772
949.822639 969.015252 993.960269 1011.409280 1022.237701 1031.507508 1037.418424 1049.631602 1061.930970 1059.520417 1061.797257 1064.535679 1067.486533 1068.967187 1069.603877 1069.583672 1067.227135 1066.532090 1064.430496 1058.953280 1049.339387 1050.366517 1051.389313 1053.530030 1056.687457 1055.103448 1055.816099 1058.607661 1057.255518 1052.117743 1048.849739 1047.379837 1047.694425 1054.560855 1057.364974 1057.786201 1056.962567 1055.827170 1055.137049 1054.028409 1052.900754 1051.425577 1049.417609 1049.509603 1039.569668 1017.088816 985.799416 952.232985 935.508379 928.535053 927.926165 923.661096 916.214568 896.425837 868.974662 833.554948 795.967711
1053.309135 1055.537159 1061.861216 1065.286412 1067.412324 1070.158352 1072.918613 1073.746193 1070.465459 1066.629552 1061.589108 1060.112433 1058.751241 1056.440061 1056.995178 1054.749088 1050.325631 1045.983022 1038.667715 1027.162084 1015.061689 1012.217211 1016.382520 1020.808277 1024.536591 1027.072291 1030.011116 1031.240211 1026.929472 1019.632097 1013.040930 1011.212719 1017.491070 1022.901778 1027.680824 1028.229629 1026.855590 1025.056541 1025.593046 1023.848078 1025.138326 1032.278399 1045.858546 1052.882997 1054.531711 1053.939069 1048.905816 1039.953693 1026.975132 1007.226883 1009.354096 1004.031174 991.548787 969.420158 945.029694 915.620933 886.703677
1063.469792 1061.449885 1055.632992 1050.012701 1049.443692 1053.322667 1059.978029 1061.113640 1053.890162 1045.057568 1037.151234 1029.706683 1026.996354 1025.171609 1023.993621 1023.341088 1017.164283 1008.357976 991.653579 978.597553 966.354750 959.621898 957.668955 962.515638 971.379636 979.754158 983.942154 977.955683 971.113576 961.279119 953.654260 954.013415 956.631078 965.338821 978.212906 981.975294 982.792557 978.493335 975.159836 970.434717 969.984968 978.494755 994.982159 1010.716125 1024.220744 1032.435918 1040.053701 1046.770168 1051.882838 1052.613324 1052.910086 1052.041736 1049.096840 1033.883234 1013.416944 990.102634 965.381199
1041.129976 1035.522746 1028.456404 1022.382378 1020.442809 1022.673120 1025.380295 1021.769229 1014.413623 1003.097189 990.532760 979.431085 972.580066 972.453282 973.721689 973.551904 966.425786 951.159486 932.640777 918.091414 903.469559 898.854061 893.837162 890.140638 900.255142 916.010428 921.579605 909.005513 899.806414 886.462197 879.363774 876.767094 878.548378 887.915340 906.707843 924.577582 925.854906 917.176749 908.922962 905.237754 904.208951 912.634304 932.431658 952.988344 968.140306 978.411778 985.554906 995.466094 1006.080833 1018.426242 1031.667579 1042.891118 1052.549752 1055.324043 1053.993841 1049.859826 1035.331623
1008.720537 999.907085 992.065744 985.330358 980.596736 977.903978 975.000864 968.520057 960.875890 947.029039 933.682843 920.881202 906.799144 902.806953 899.617865 900.618168 888.840609 877.208826 857.425895 841.294491 825.264374 815.126248 808.973276 803.039029 808.037138 823.315938 832.141059 818.325392 808.312488 795.584619 789.512848 786.493211 788.320890 798.397478 820.713155 839.284538 846.105125 838.710459 833.639035 831.845619 832.008389 838.798460 855.040541 875.964578 897.117787 913.316086 923.881493 933.475829 945.140182 960.657318 975.794815 991.139639 1009.051592 1028.901833 1043.600471 1053.020369 1057.679037
966.300288 955.791508 944.717171 933.732810 927.211898 927.580591 920.444909 913.518855 899.343268 854.869240 836.979333 818.812242 803.356614 797.380560 789.733387 782.777866 772.977909 765.351337 756.241146 740.171774 722.640248 706.638243 701.100145 696.484381 688.793432 694.853728 698.277603 700.162556 692.973196 686.784845 684.231509 681.921990 685.485348 699.089929 711.532013 722.515848 728.821307 726.826765 733.565430 740.129261 743.834846 760.109936 774.709943 793.258995 815.326074 839.022882 852.785684 863.594783 875.883633 892.703231 910.751752 929.638852 953.357695 978.755004 995.960963 1008.316206 1021.112644
915.529168 901.048615 888.031485 875.164656 862.260959 862.404506 858.257189 849.888499 811.302916 769.023919 737.002954 718.541169 696.652548 685.328350 674.611767 649.985626 635.853242 628.580660 631.568669 620.746729 603.301370 588.601489 580.279950 573.592061 561.140425 553.691943 558.071989 569.288598 564.343656 562.245974 565.962184 564.236833 561.512628 568.352647 583.081316 591.809209 601.740918 612.707746 617.858220 626.783125 652.568683 667.348538 683.340520 704.356599 727.044449 750.487674 771.119796 785.229434 800.748358 820.592066 838.608631 860.710894 885.591031 915.195508 935.993589 951.888276 965.092899
842.815517 826.352589 809.327141 789.672393 768.995499 766.143992 758.628405 740.957885 696.259850 655.640163 624.959401 602.485466 577.830383 559.263222 533.084561 501.527475 481.079454 484.520381 490.917317 489.736245 474.863714 461.103982 450.058175 436.115659 420.277084 409.111291 417.328751 426.142449 433.110064 436.348898 440.211344 442.376029 441.431092 438.266510 445.567976 455.129364 466.321511 477.590668 491.178770 521.037452 547.080629 565.663783 587.682221 609.424733 633.693844 658.921489 681.393900 698.529557 718.136206 738.539943 760.521475 782.778719 809.133990 839.614403 864.854964 881.639238 897.402990
761.580210 739.417594 714.040885 676.852766 661.703795 652.536794 640.631148 605.955210 563.393089 526.341857 500.279803 474.382223 448.932237 420.918237 388.639837 360.175506 339.370777 345.307742 351.798282 361.575929 348.699909 336.185160 328.752290 313.291417 298.656562 284.222276 292.039119 301.880686 318.346019 322.400520 325.884708 332.547410 331.499729 329.549550 322.404600 331.930779 343.067281 357.662455 386.192074 413.330544 439.942533 463.529231 486.459368 511.514003 538.128581 564.765850 592.062789 613.238111 633.921197 656.843534 678.620766 698.899954 721.937366 749.720787 774.082056 794.897006 816.971201
662.537541 638.469477 603.256898 559.710996 526.242524 510.931777 474.336258 439.643285 401.135230 379.700655 358.658110 333.514131 309.912952 286.824952 258.928776 234.676585 210.265439 213.635653 225.608591 239.038838 232.003459 227.359880 223.522590 211.595217 197.565889 183.852561 187.502433 202.524651 219.354628 226.510535 233.060296 240.640911 240.853899 234.506541 226.548907 232.714062 247.129894 264.112795 286.912062 311.343888 335.602976 358.602241 384.113497 410.987796 438.511431 467.940674 498.154454 521.383947 547.895125 574.836413 596.752110 611.323488 628.036327 654.297127 674.674707 698.137707 722.120638
556.609222 529.411414 487.894133 443.653014 398.771936 359.172101 324.275562 291.027666 270.256283 249.306772 229.396788 209.515638 187.428343 166.710285 146.532081 123.858287 104.695997 109.655377 122.713075 134.385527 136.468077 133.181444 129.833251 121.850176 108.052581 97.100507 105.348968 120.807529 135.940290 145.984440 152.736217 159.004594 156.394908 148.380890 142.222289 150.454436 166.282851 181.897082 200.408135 223.074807 246.002992 269.419022 294.229061 319.526948 347.612813 376.929668 406.919794 436.498133 464.090600 490.103687 504.881238 519.425306 530.743221 550.138828 571.104859 594.147830 619.761961
429.092682 399.119772 363.002896 321.036471 287.171017 252.936147 220.292458 188.426638 162.065076 143.429740 132.356095 116.674554 96.635117 82.383434 64.930522 46.079714 44.862139 48.044383 59.780921 61.568170 62.116279 58.997800 57.744599 52.994409 41.605567 47.773574 55.459950 70.354949 81.332387 90.765645 97.115973 101.355986 101.056227 94.322506 97.490996 104.925095 119.867435 132.197161 148.056736 169.696800 188.159612 208.882956 232.383553 256.952723 283.141404 311.229165 341.698158 369.879356 393.516827 407.068157 421.421213 431.068554 429.440211 447.253262 465.980262 484.948501 511.522362
302.503471 274.812645 246.865321 213.443757 179.753606 148.508095 117.339941 86.955041 61.764128 51.693090 40.108125 27.906581 14.069899 -0.161635 -12.724043 -13.091467 -15.697613 -16.439196 -14.943103 -12.081898 -9.612754 -10.688043 -11.897367 -11.265257 -5.341787 -1.145420 4.389993 14.862354 26.020236 36.406810 40.503818 44.790547 47.866173 51.347175 54.074571 58.652165 70.294253 82.441512 96.158105 113.618265 131.733310 151.421171 174.631876 198.459270 224.145189 252.528269 281.583119 304.811739 317.527324 330.444065 337.206068 335.576734 334.367111 345.462129 361.706942 377.285432 402.631755
