tests/Borden05m/sims/sim_1/output-maps/psiliqL0016N0007.asc
ncols         160
nrows         34
xllcorner     620200.000000
yllcorner     5168000.000000
cellsize      0.500000
NODATA_value  -9999.0
[rows 0 to 24 of 34, columns 0 to 54 of 160]
-9999.0 -9999.0 -9999.0 -9999.0 -9999.0 -9999.0 -9999.0 -9999.0 -9999.0 -9999.0 -9999.0 -9999.0 -9999.0 -9999.0 -9999.0 -9999.0 -9999.0 -9999.0 -9999.0 -9999.0 -9999.0 -9999.0 -9999.0 -9999.0 -9999.0 -9999.0 -9999.0 -9999.0 -9999.0 -9999.0 -9999.0 -9999.0 -9999.0 -9999.0 -9999.0 -9999.0 -9999.0 -9999.0 -9999.0 -9999.0 -9999.0 -9999.0 -9999.0 -9999.0 -9999.0 -9999.0 -9999.0 -9999.0 -9999.0 -9999.0 -9999.0 -9999.0 -9999.0 -9999.0 -9999.0
-9999.0 -9999.0 -9999.0 -9999.0 -9999.0 -9999.0 -9999.0 -9999.0 -9999.0 -9999.0 -9999.0 -9999.0 -9999.0 -9999.0 -9999.0 -9999.0 -9999.0 -9999.0 -9999.0 -9999.0 -9999.0 -9999.0 -9999.0 -9999.0 -9999.0 -9999.0 -9999.0 -9999.0 -9999.0 -9999.0 -9999.0 -9999.0 -9999.0 -9999.0 -9999.0 -9999.0 -9999.0 -9999.0 -9999.0 -9999.0 -9999.0 -9999.0 -9999.0 -9999.0 -9999.0 -9999.0 -9999.0 -9999.0 -9999.0 -9999.0 -9999.0 -9999.0 -9999.0 -9999.0 -9999.0
-9999.0 -9999.0 -9999.0 -9999.0 -9999.0 -9999.0 -9999.0 -9999.0 -9999.0 -9999.0 -9999.0 -9999.0 -9999.0 -9999.0 -9999.0 -9999.0 -9999.0 -9999.0 -9999.0 -9999.0 -9999.0 -9999.0 -9999.0 -9999.0 -9999.0 -9999.0 -9999.0 -9999.0 -9999.0 -9999.0 -9999.0 -9999.0 -9999.0 -9999.0 -9999.0 -9999.0 -9999.0 -9999.0 -9999.0 -9999.0 -9999.0 -9999.0 -9999.0 -9999.0 -9999.0 -9999.0 -9999.0 1301.850233 1284.786530 1269.971160 1267.510692 1290.110949 1313.883091 1338.146298 1359.162862
-9999.0 -9999.0 -9999.0 -9999.0 -9999.0 -9999.0 -9999.0 -9999.0 -9999.0 -9999.0 -9999.0 -9999.0 -9999.0 -9999.0 -9999.0 -9999.0 -9999.0 -9999.0 -9999.0 -9999.0 -9999.0 -9999.0 -9999.0 -9999.0 -9999.0 -9999.0 -9999.0 -9999.0 -9999.0 -9999.0 -9999.0 -9999.0 -9999.0 -9999.0 -9999.0 -9999.0 -9999.0 -9999.0 -9999.0 -9999.0 1348.909937 1355.027979 1356.217461 1346.274559 1335.448976 1323.276853 1303.437788 1285.926492 1271.790901 1269.825295 1272.914538 1277.926970 1300.552751 1325.900218 1346.129555
-9999.0 -9999.0 -9999.0 -9999.0 -9999.0 -9999.0 -9999.0 -9999.0 -9999.0 -9999.0 -9999.0 -9999.0 -9999.0 -9999.0 -9999.0 -9999.0 -9999.0 -9999.0 -9999.0 -9999.0 -9999.0 -9999.0 -9999.0 -9999.0 -9999.0 -9999.0 -9999.0 -9999.0 -9999.0 -9999.0 -9999.0 -9999.0 -9999.0 -9999.0 1255.131024 1272.699784 1291.129497 1310.009395 1327.233178 1334.439595 1340.458342 1346.422111 1342.599504 1338.472089 1327.536149 1308.452762 1289.446097 1276.289302 1274.914780 1273.007588 1277.712609 1290.855142 1308.201785 1324.713518 1346.134846
-9999.0 -9999.0 -9999.0 -9999.0 -9999.0 -9999.0 -9999.0 -9999.0 -9999.0 -9999.0 -9999.0 -9999.0 -9999.0 -9999.0 -9999.0 -9999.0 -9999.0 -9999.0 -9999.0 -9999.0 -9999.0 -9999.0 -9999.0 -9999.0 -9999.0 -9999.0 -9999.0 -9999.0 1257.919507 1252.273379 1247.691855 1246.664314 1245.829503 1245.214224 1252.327613 1264.571095 1282.849784 1305.144876 1318.718585 1326.464410 1333.636028 1334.793447 1330.121946 1328.778769 1329.755293 1318.356628 1307.163229 1296.734988 1286.696541 1285.478735 1295.595394 1310.459683 1327.397667 1342.914926 1359.010153
-9999.0 -9999.0 -9999.0 -9999.0 -9999.0 -9999.0 -9999.0 -9999.0 -9999.0 -9999.0 -9999.0 -9999.0 -9999.0 -9999.0 -9999.0 -9999.0 -9999.0 -9999.0 -9999.0 -9999.0 -9999.0 -9999.0 -9999.0 1226.947196 1232.753454 1239.608851 1247.502493 1248.819998 1245.228570 1240.085754 1237.630426 1236.705174 1235.449649 1240.511899 1248.892601 1262.898091 1279.207551 1301.814266 1310.995333 1317.350125 1330.041055 1333.662734 1340.534378 1345.297788 1344.296600 1341.930143 1329.679138 1320.684926 1325.913532 1332.207059 1339.853971 1348.756448 1363.020010 1378.880176 1396.615097
-9999.0 -9999.0 -9999.0 -9999.0 -9999.0 -9999.0 -9999.0 -9999.0 -9999.0 -9999.0 -9999.0 -9999.0 -9999.0 -9999.0 -9999.0 -9999.0 -9999.0 -9999.0 -9999.0 1201.481130 1202.604986 1204.121600 1209.130613 1210.080005 1212.468419 1219.812451 1228.388548 1231.343637 1230.019220 1229.238555 1231.340577 1234.686705 1239.774293 1251.605015 1266.048932 1280.924408 1295.355737 1316.998132 1332.497273 1346.644381 1363.311681 1363.705786 1360.644733 1359.753183 1361.070054 1361.891072 1365.876496 1368.895114 1376.161641 1381.138813 1387.987221 1398.326629 1410.956369 1429.886311 1450.294713
-9999.0 -9999.0 -9999.0 -9999.0 -9999.0 -9999.0 -9999.0 -9999.0 -9999.0 -9999.0 -9999.0 -9999.0 -9999.0 -9999.0 -9999.0 -9999.0 1172.489488 1174.499008 1176.970012 1182.570316 1185.881012 1190.207093 1197.531679 1199.219344 1203.376590 1211.010996 1216.375798 1225.865346 1234.608077 1242.561574 1249.240194 1252.658916 1260.759297 1271.168382 1283.849644 1299.774146 1321.955956 1346.112036 1363.279649 1381.105650 1399.245756 1400.911398 1400.811085 1402.925849 1404.242324 1410.932282 1429.101781 1435.735640 1437.172948 1453.787720 1468.726357 1474.739748 1483.576879 1504.010061 1528.671685
-9999.0 -9999.0 -9999.0 -9999.0 -9999.0 -9999.0 -9999.0 -9999.0 -9999.0 -9999.0 -9999.0 -9999.0 -9999.0 1125.301953 1129.628694 1139.573132 1149.423907 1152.330413 1157.062623 1163.579682 1176.167422 1180.247391 1186.927274 1194.968931 1207.555630 1216.813392 1226.603097 1239.153618 1248.279670 1256.301586 1264.121166 1270.254203 1284.221219 1300.317331 1316.964934 1338.180558 1361.393283 1382.863111 1404.270223 1421.506083 1436.208489 1438.768076 1439.184960 1442.945249 1451.651415 1469.729110 1489.864459 1499.322002 1517.999080 1542.467425 1557.178073 1569.798719 1579.601131 1594.560831 1617.316776
-9999.0 -9999.0 -9999.0 -9999.0 -9999.0 -9999.0 -9999.0 -9999.0 -9999.0 -9999.0 1092.603664 1095.044870 1091.924032 1091.621727 1097.173932 1109.694845 1123.917393 1130.748864 1142.840682 1164.304530 1182.743622 1186.771864 1201.764644 1212.667328 1220.172216 1231.389447 1245.346304 1258.963675 1276.553496 1289.997160 1302.334955 1322.615326 1340.316198 1358.234458 1377.450553 1399.337345 1420.267217 1449.736245 1478.206682 1492.231826 1515.427417 1526.917242 1525.705741 1527.422098 1538.419046 1555.861249 1578.416227 1603.070126 1626.806820 1654.098555 1672.715040 1688.848569 1701.120836 1714.889761 1732.377226
-9999.0 -9999.0 -9999.0 -9999.0 -9999.0 -9999.0 -9999.0 -9999.0 1067.572719 1075.287649 1081.661016 1079.040280 1075.002041 1071.272044 1085.608535 1101.883894 1118.422063 1136.677629 1153.199705 1172.027157 1187.806883 1204.585226 1225.268171 1237.733994 1250.216356 1266.544074 1281.268522 1299.312362 1321.817758 1335.343904 1352.868240 1375.641055 1395.636124 1415.427982 1436.152130 1456.278098 1484.102166 1519.429541 1553.244602 1577.306256 1607.067908 1631.327932 1632.127715 1636.337256 1642.775746 1670.618684 1702.138364 1735.227865 1762.467987 1791.964735 1823.598010 1843.728597 1855.915552 1869.843885 1886.408112
-9999.0 -9999.0 -9999.0 -9999.0 -9999.0 -9999.0 1039.695066 1064.251826 1079.707566 1072.172958 1062.210560 1058.919290 1055.184443 1080.197215 1102.844877 1120.773898 1138.354961 1156.708017 1174.000073 1187.238454 1221.319089 1240.325544 1255.452674 1274.058125 1289.915577 1305.888754 1324.677869 1349.377394 1372.374333 1402.907516 1429.488522 1454.625844 1482.836047 1504.732794 1525.958849 1546.371236 1579.911757 1619.642252 1658.789531 1689.738874 1719.076283 1752.205586 1760.735804 1768.371529 1777.328241 1801.282677 1835.748586 1868.560149 1904.557661 1938.760358 1967.720998 1981.222208 1992.820655 2005.080659 2019.428676
-9999.0 -9999.0 -9999.0 -9999.0 1005.820200 1026.977433 1047.232255 1078.301272 1101.356160 1097.035183 1104.154544 1104.819690 1103.492505 1108.337694 1116.373402 1135.230587 1154.795625 1174.687722 1193.060874 1228.040738 1273.629530 1289.895333 1314.707051 1347.872776 1362.909218 1379.841043 1397.939010 1422.703202 1450.557962 1485.519467 1530.374739 1569.039931 1596.973607 1622.339588 1646.381917 1670.860574 1708.118585 1748.813488 1788.616684 1825.331667 1857.344657 1885.380837 1899.331150 1908.987898 1922.833379 1941.576778 1965.306234 1994.721780 2028.065308 2061.643641 2087.769687 2101.923929 2110.344141 2121.464640 2132.005232
-9999.0 -9999.0 -9999.0 955.589828 994.559318 1032.974310 1060.332025 1091.804163 1124.743461 1129.744598 1139.727084 1145.161317 1150.438649 1159.768918 1168.807054 1186.933786 1204.447817 1221.978312 1245.186892 1282.829060 1318.551875 1348.445746 1381.667803 1408.987623 1430.807193 1448.558720 1469.452195 1495.427830 1537.296663 1576.454847 1628.816169 1684.374160 1723.453606 1750.335636 1775.844934 1806.366399 1834.511046 1874.052400 1911.693366 1947.223693 1980.918382 2007.094258 2026.823812 2035.689274 2046.920040 2056.901763 2074.283537 2097.129585 2120.240054 2150.214712 2179.441411 2205.437935 2220.157817 2230.664393 2246.971411
-9999.0 -9999.0 908.071381 946.284719 980.363049 1030.631033 1084.244663 1119.577945 1161.335142 1185.843430 1193.652905 1211.503903 1228.486212 1236.536716 1252.716515 1270.674706 1290.150337 1298.524745 1317.238131 1347.518039 1397.437028 1443.395697 1463.657160 1515.303829 1550.631452 1581.450006 1602.369689 1631.856907 1670.353826 1713.763301 1764.504861 1817.082724 1857.784764 1891.412909 1910.894071 1933.318402 1958.349899 1985.203847 2021.657383 2051.980039 2085.157994 2112.295311 2134.755049 2141.927004 2147.819661 2164.750654 2190.626498 2218.153495 2243.955022 2268.846648 2270.917661 2284.781549 2291.569300 2295.728075 2301.394153
-9999.0 -9999.0 880.918462 926.252255 966.252117 1032.284626 1113.648813 1151.600721 1195.616303 1243.183625 1263.328011 1289.640536 1301.771641 1311.155037 1335.794510 1358.922448 1373.714538 1382.168103 1382.999892 1439.909153 1499.544900 1549.305847 1594.058202 1664.539978 1713.468009 1734.106550 1750.324391 1773.965303 1800.860499 1845.929607 1894.707364 1949.757943 1995.289228 2028.372584 2046.726108 2067.411985 2089.492583 2108.645953 2129.302398 2170.639732 2200.194375 2227.416711 2255.499033 2276.520460 2285.673197 2290.367314 2279.251176 2291.273038 2299.845236 2304.335825 2306.700167 2304.407063 2304.667937 2306.080915 2307.591264
-9999.0 791.299943 843.666953 896.842519 965.701864 1033.021320 1116.280269 1197.055830 1256.969834 1307.205974 1338.814602 1352.123262 1387.679282 1430.974644 1458.663105 1486.254833 1491.556019 1499.166711 1490.440093 1541.420968 1591.998006 1665.820020 1776.131481 1835.470458 1885.159931 1889.970657 1887.767988 1902.410269 1927.828599 1973.732212 2043.818563 2093.778517 2149.841293 2192.750399 2209.974469 2218.700045 2237.863250 2259.056466 2243.149154 2269.229939 2282.032049 2292.747223 2297.204694 2300.096900 2302.397552 2303.871300 2302.058165 2297.081811 2290.670235 2286.346765 2283.379641 2279.755248 2282.826665 2286.538618 2287.509982
-9999.0 755.477314 814.869090 886.355591 957.568706 1023.918003 1126.197021 1273.602169 1330.783278 1371.542466 1396.588188 1418.307127 1497.973736 1567.066025 1603.429696 1650.391015 1646.358007 1637.781687 1624.191592 1658.374074 1708.876653 1784.502319 1931.355493 2018.263857 2052.195283 2066.397790 2076.099115 2105.577383 2145.368444 2185.018216 2221.270706 2219.367702 2250.201258 2266.793540 2273.016850 2276.638336 2282.434487 2284.326918 2284.288220 2282.310450 2279.243000 2280.848991 2286.147674 2287.147765 2285.591256 2283.766859 2279.490618 2273.215230 2268.874431 2265.255786 2263.359119 2261.025820 2259.805837 2259.922955 2255.557220
-9999.0 724.534544 796.376965 859.722230 923.228923 1036.021884 1163.955393 1302.478549 1398.802632 1440.564359 1464.345128 1535.630756 1641.883410 1743.571134 1799.166364 1827.294545 1829.361326 1808.140699 1811.306749 1857.806969 1925.026381 2021.265435 2119.774515 2201.087869 2218.004387 2225.360830 2205.427905 2223.610141 2240.513365 2246.206195 2250.610005 2257.345752 2265.165750 2270.509312 2271.697207 2271.206334 2268.682038 2262.680691 2259.399969 2257.433936 2255.066997 2255.411376 2258.666636 2260.647914 2258.900966 2255.985172 2252.440053 2247.706845 2242.405087 2236.601081 2233.285003 2229.721051 2227.773788 2222.760136 2218.158439
-9999.0 622.215438 711.705621 765.493087 876.286030 1053.242174 1181.876491 1333.211365 1484.945222 1527.393404 1605.857896 1734.693559 1847.858536 1927.876661 1971.524122 2015.557283 2046.735900 2071.778787 2108.922581 2060.820162 2121.707508 2185.371841 2215.202051 2231.295533 2237.799133 2242.721954 2238.419882 2222.802459 2215.912322 2212.442348 2216.925400 2226.578558 2234.017590 2241.242054 2240.895462 2243.072092 2244.618389 2242.353259 2239.530493 2232.100873 2225.119663 2219.694190 2218.009270 2223.451030 2219.095385 2216.682958 2211.451342 2204.198148 2196.230900 2189.377615 2182.273166 2175.936831 2173.198150 2167.283502 2164.855865
-9999.0 541.336543 617.926102 704.319007 840.122014 1005.548651 1133.215081 1302.079770 1517.674302 1641.864923 1777.692734 1859.898735 1940.038998 2004.673341 2069.920789 2120.549550 2148.723998 2162.062834 2152.471946 2167.492857 2137.740709 2133.755450 2154.248141 2183.842333 2200.693900 2207.934627 2202.926664 2195.678620 2191.299312 2192.599376 2193.191178 2192.993323 2192.360108 2191.259852 2189.289127 2192.333132 2197.737519 2192.135851 2183.705378 2175.603908 2168.115388 2159.621818 2153.936299 2150.261866 2149.447707 2149.557115 2142.588824 2132.907779 2123.059174 2115.496585 2108.328994 2102.992738 2100.025385 2094.133165 2084.419500
-9999.0 440.344936 563.185661 655.712346 775.272497 912.569122 1038.426367 1203.645061 1354.321012 1582.157326 1744.874230 1869.479919 1919.722436 1985.844854 2048.453701 2119.829877 2127.193140 2102.157563 2072.405997 2061.129317 2070.453724 2082.746330 2097.638528 2118.692652 2138.509902 2150.620773 2155.532821 2150.473787 2138.676551 2130.308268 2124.055153 2114.657870 2108.094618 2107.430475 2109.298312 2117.299656 2119.560932 2110.749154 2097.775898 2081.225368 2066.526057 2055.145797 2051.734501 2052.748209 2052.599088 2048.871676 2042.399153 2032.226775 2020.181104 2008.748368 2001.807016 1996.386951 1988.784031 1977.405864 1964.245453
-9999.0 -9999.0 486.781484 598.005386 705.377252 828.170539 942.439387 1085.573029 1238.387964 1423.374585 1546.950015 1689.946033 1771.870147 1823.420166 1875.951385 1934.844688 1958.578077 1983.143871 1971.996802 1980.584715 1990.374191 1998.703857 2009.925117 2022.752511 2037.683246 2049.649001 2059.475572 2058.696510 2050.734166 2033.864947 2013.350960 1997.637693 1988.954010 1981.984064 1991.818034 2003.324455 1999.983329 1993.214544 1980.889882 1964.458678 1950.586668 1935.715137 1930.868394 1930.138028 1929.577661 1926.311962 1921.888731 1909.100038 1896.376274 1884.887019 1879.472528 1873.011339 1867.081344 1855.148474 1841.829444
-9999.0 -9999.0 401.998083 510.691755 624.612505 748.464754 848.537208 918.888693 1072.247938 1190.744652 1300.016278 1404.918453 1494.032905 1562.615208 1609.218078 1673.980705 1720.438755 1739.971485 1765.708678 1801.336179 1830.512635 1861.918283 1882.982861 1897.377791 1913.203426 1928.482588 1938.340179 1927.123481 1916.660255 1900.262981 1878.887630 1855.436042 1843.311398 1840.220862 1841.851454 1846.199098 1840.038821 1830.354824 1815.610950 1799.534375 1785.559758 1773.297912 1767.941997 1763.058691 1760.652628 1757.111473 1753.672248 1745.367713 1734.443885 1727.115644 1718.563588 1712.475842 1708.982750 1701.737321 1691.544140
