tests/Borden05m/sims/sim_1/output-maps/psiliqL0010N0019.asc
ncols         160
nrows         34
xllcorner     620200.000000
yllcorner     5168000.000000
cellsize      0.500000
NODATA_value  -9999.0
[rows 0 to 25 of 34, columns 0 to 56 of 160]
-9999.0 -9999.0 -9999.0 -9999.0 -9999.0 -9999.0 -9999.0 -9999.0 -9999.0 -9999.0 -9999.0 -9999.0 -9999.0 -9999.0 -9999.0 -9999.0 -9999.0 -9999.0 -9999.0 -9999.0 -9999.0 -9999.0 -9999.0 -9999.0 -9999.0 -9999.0 -9999.0 -9999.0 -9999.0 -9999.0 -9999.0 -9999.0 -9999.0 -9999.0 -9999.0 -9999.0 -9999.0 -9999.0 -9999.0 -9999.0 -9999.0 -9999.0 -9999.0 -9999.0 -9999.0 -9999.0 -9999.0 -9999.0 -9999.0 -9999.0 -9999.0 -9999.0 -9999.0 -9999.0 -9999.0 -9999.0 -9999.0
-9999.0 -9999.0 -9999.0 -9999.0 -9999.0 -9999.0 -9999.0 -9999.0 -9999.0 -9999.0 -9999.0 -9999.0 -9999.0 -9999.0 -9999.0 -9999.0 -9999.0 -9999.0 -9999.0 -9999.0 -9999.0 -9999.0 -9999.0 -9999.0 -9999.0 -9999.0 -9999.0 -9999.0 -9999.0 -9999.0 -9999.0 -9999.0 -9999.0 -9999.0 -9999.0 -9999.0 -9999.0 -9999.0 -9999.0 -9999.0 -9999.0 -9999.0 -9999.0 -9999.0 -9999.0 -9999.0 -9999.0 -9999.0 -9999.0 -9999.0 -9999.0 -9999.0 -9999.0 -9999.0 -9999.0 -9999.0 -9999.0
-9999.0 -9999.0 -9999.0 -9999.0 -9999.0 -9999.0 -9999.0 -9999.0 -9999.0 -9999.0 -9999.0 -9999.0 -9999.0 -9999.0 -9999.0 -9999.0 -9999.0 -9999.0 -9999.0 -9999.0 -9999.0 -9999.0 -9999.0 -9999.0 -9999.0 -9999.0 -9999.0 -9999.0 -9999.0 -9999.0 -9999.0 -9999.0 -9999.0 -9999.0 -9999.0 -9999.0 -9999.0 -9999.0 -9999.0 -9999.0 -9999.0 -9999.0 -9999.0 -9999.0 -9999.0 -9999.0 -9999.0 88.498642 71.089656 54.750251 52.910294 75.667756 99.031967 122.732166 143.259298 161.935885 180.962052
-9999.0 -9999.0 -9999.0 -9999.0 -9999.0 -9999.0 -9999.0 -9999.0 -9999.0 -9999.0 -9999.0 -9999.0 -9999.0 -9999.0 -9999.0 -9999.0 -9999.0 -9999.0 -9999.0 -9999.0 -9999.0 -9999.0 -9999.0 -9999.0 -9999.0 -9999.0 -9999.0 -9999.0 -9999.0 -9999.0 -9999.0 -9999.0 -9999.0 -9999.0 -9999.0 -9999.0 -9999.0 -9999.0 -9999.0 -9999.0 135.933102 141.804196 143.287555 132.563203 121.291934 109.365588 89.466385 71.615716 56.286386 53.550161 56.200263 61.783827 84.731165 109.129232 128.687998 146.019633 165.262832
-9999.0 -9999.0 -9999.0 -9999.0 -9999.0 -9999.0 -9999.0 -9999.0 -9999.0 -9999.0 -9999.0 -9999.0 -9999.0 -9999.0 -9999.0 -9999.0 -9999.0 -9999.0 -9999.0 -9999.0 -9999.0 -9999.0 -9999.0 -9999.0 -9999.0 -9999.0 -9999.0 -9999.0 -9999.0 -9999.0 -9999.0 -9999.0 -9999.0 -9999.0 43.781605 61.333769 79.428384 97.740551 114.346101 120.990850 126.848871 132.642197 128.605064 123.836911 112.520209 93.811011 74.193208 60.079155 57.612108 55.082613 59.507864 72.627370 89.383239 105.812961 126.824353 150.161343 159.502051
-9999.0 -9999.0 -9999.0 -9999.0 -9999.0 -9999.0 -9999.0 -9999.0 -9999.0 -9999.0 -9999.0 -9999.0 -9999.0 -9999.0 -9999.0 -9999.0 -9999.0 -9999.0 -9999.0 -9999.0 -9999.0 -9999.0 -9999.0 -9999.0 -9999.0 -9999.0 -9999.0 -9999.0 47.982505 42.068407 36.932979 35.429493 34.133511 32.970556 39.923703 52.229067 70.490684 92.023220 104.850499 112.015435 118.569116 119.364924 114.504803 112.373728 112.599077 100.920931 89.338738 78.507378 68.101509 66.902067 76.563709 90.570069 106.724719 121.642916 137.160974 149.730513 166.107970
-9999.0 -9999.0 -9999.0 -9999.0 -9999.0 -9999.0 -9999.0 -9999.0 -9999.0 -9999.0 -9999.0 -9999.0 -9999.0 -9999.0 -9999.0 -9999.0 -9999.0 -9999.0 -9999.0 -9999.0 -9999.0 -9999.0 -9999.0 18.377935 24.380355 30.879252 38.253361 39.144995 34.917535 29.250823 26.100077 24.549671 22.959161 27.399514 35.768680 49.500178 65.449644 87.163113 95.807539 102.348424 114.773852 117.173575 122.214395 126.236671 124.474488 121.837336 109.879885 101.108022 106.838595 113.122893 119.812985 127.616213 140.954385 156.837958 174.935857 196.050355 218.330435
-9999.0 -9999.0 -9999.0 -9999.0 -9999.0 -9999.0 -9999.0 -9999.0 -9999.0 -9999.0 -9999.0 -9999.0 -9999.0 -9999.0 -9999.0 -9999.0 -9999.0 -9999.0 -9999.0 -6.627699 -5.801008 -4.777750 -0.190428 0.760980 2.981335 9.990668 18.139912 20.304604 18.709866 17.125870 18.689665 21.409223 25.696592 37.232377 51.182589 65.464477 79.682031 100.676119 115.585587 129.593129 145.833898 144.759635 140.504450 138.505682 139.079761 139.804384 145.628715 149.459334 155.763417 161.769770 169.064123 178.539927 190.039261 209.146221 230.287835 251.742247 272.074418
-9999.0 -9999.0 -9999.0 -9999.0 -9999.0 -9999.0 -9999.0 -9999.0 -9999.0 -9999.0 -9999.0 -9999.0 -9999.0 -9999.0 -9999.0 -9999.0 -35.055591 -33.242812 -31.162871 -25.839032 -23.294614 -19.371388 -12.522185 -11.434610 -7.598038 -0.480597 4.517531 13.143076 21.080884 28.491277 34.534993 37.355138 45.182125 55.044429 67.179140 83.007664 105.104690 128.217501 144.860336 161.937669 179.154399 179.861808 178.956873 180.326991 181.447934 189.549797 208.309777 215.323567 219.136429 238.352150 253.607923 259.925056 268.357483 287.971532 313.359385 340.829151 374.017764
-9999.0 -9999.0 -9999.0 -9999.0 -9999.0 -9999.0 -9999.0 -9999.0 -9999.0 -9999.0 -9999.0 -9999.0 -9999.0 -79.864038 -75.749122 -66.547683 -58.177245 -55.944217 -52.007050 -46.281970 -34.157854 -30.640036 -24.423499 -16.798789 -5.271831 3.298875 12.592005 24.496911 33.113914 40.534866 47.896616 54.576495 68.551161 84.330479 100.700493 121.493425 143.805562 165.463847 187.209228 203.358770 218.295680 222.174282 221.211290 223.694536 232.605268 251.769548 272.355653 285.613779 308.163637 333.536396 349.366827 363.544109 373.972091 388.290588 410.883239 448.388235 486.609976
-9999.0 -9999.0 -9999.0 -9999.0 -9999.0 -9999.0 -9999.0 -9999.0 -9999.0 -9999.0 -114.451135 -111.948177 -115.421304 -114.920114 -110.249379 -98.418847 -85.211652 -78.443863 -67.213871 -46.650230 -29.395642 -25.868350 -11.058656 -0.983699 5.725718 16.523606 29.861405 43.099498 60.656583 73.755795 86.727068 107.792364 124.966247 142.133283 160.636588 181.482453 203.419856 234.628263 263.640319 279.311249 304.781353 319.640497 317.746287 318.908007 328.423876 347.543791 373.041747 401.449525 426.513880 454.987454 476.335813 492.208324 504.258736 518.008041 534.694229 568.241779 608.062526
-9999.0 -9999.0 -9999.0 -9999.0 -9999.0 -9999.0 -9999.0 -9999.0 -138.496394 -131.602471 -125.380049 -128.441827 -133.153012 -136.571177 -123.472803 -107.742305 -91.856590 -74.781665 -58.850092 -40.912276 -25.274943 -8.611724 10.971198 22.980531 35.046263 50.549246 64.626265 82.884482 104.899718 120.039085 139.628545 162.633485 183.249523 202.675147 222.703329 242.818732 273.162915 309.971285 345.260294 372.509397 403.124962 429.724603 431.535260 436.016056 442.228937 470.032363 501.873497 534.257059 562.694274 591.949302 622.090388 639.843290 650.978039 664.031789 679.699324 696.799801 722.667067
-9999.0 -9999.0 -9999.0 -9999.0 -9999.0 -9999.0 -164.436534 -140.367555 -125.627295 -133.465829 -142.003172 -145.392508 -148.984912 -128.845594 -107.449081 -90.583830 -73.899256 -56.510152 -40.080118 -25.542908 9.557182 26.609793 41.861178 61.687917 76.332692 91.059549 109.136270 133.636559 157.763663 191.437849 222.473326 251.061320 280.065076 302.373404 323.603691 345.486820 380.409638 421.177737 460.781687 492.885221 522.214161 553.140930 563.043651 570.037008 578.910969 598.736876 629.350277 659.632433 693.704150 726.007643 751.961987 764.091028 774.635507 786.113806 799.694355 812.800466 827.269122
-9999.0 -9999.0 -9999.0 -9999.0 -197.755652 -176.866632 -156.449269 -125.695035 -103.149672 -108.453107 -101.266178 -100.742386 -102.062219 -99.201527 -93.122437 -75.161312 -57.203302 -39.000280 -20.196894 17.362186 60.206852 77.400137 104.503219 137.572848 152.474136 168.455891 185.326793 210.047824 241.125193 278.917989 328.782646 371.843626 401.752525 427.944017 451.492256 476.654844 511.503031 550.288273 587.942648 622.985628 653.581455 678.870335 693.247509 701.913032 713.913216 729.354957 749.418490 775.712215 805.332545 836.956868 862.651606 877.670731 886.085235 896.627669 907.809630 920.966302 934.169115
-9999.0 -9999.0 -9999.0 -245.145549 -206.667241 -169.649256 -142.248883 -111.299932 -79.584461 -73.494408 -64.915613 -58.596283 -52.128546 -43.031518 -33.084957 -16.405863 -1.647487 12.107115 33.861111 71.434613 108.621447 143.283346 177.519038 208.966451 233.114879 250.584327 269.687005 296.229473 339.095067 382.044687 436.766828 493.281340 533.116852 559.765869 581.935074 608.911144 633.646537 668.564600 702.974080 735.354429 766.445028 791.272286 811.272589 820.087587 829.327961 838.275298 854.873358 875.561443 896.570424 924.581905 952.976064 975.968047 989.049457 998.165511 1013.311747 1028.513380 1040.636799
-9999.0 -9999.0 -291.678532 -254.597777 -219.506429 -168.049334 -115.399508 -81.657881 -40.676857 -15.501354 -8.002702 10.815411 28.185517 36.980609 54.189930 72.047206 86.877330 91.732256 106.444840 142.418592 197.552087 248.846832 281.279372 338.285672 373.381896 399.243646 415.719972 442.950569 478.500486 524.119440 575.237499 625.918840 666.002532 697.864567 713.988246 732.400522 755.236871 777.925367 809.825927 838.475602 867.890789 893.362034 915.731470 925.281617 931.000928 945.837210 967.589768 990.368523 1012.181589 1033.292340 1043.923581 1051.339679 1054.988662 1057.295486 1060.325505 1062.562281 1063.794159
-9999.0 -9999.0 -316.975849 -272.799795 -230.363523 -160.769972 -84.128093 -46.260786 -2.763337 42.512528 62.343395 87.249248 105.693530 122.789208 147.527668 171.949364 179.588497 184.701351 185.908287 243.212880 305.621590 368.915497 433.344539 496.198872 537.468884 549.653804 559.205122 579.051756 605.280529 650.548907 701.988277 754.977074 799.417970 830.131694 846.116012 862.928222 882.849561 901.323313 919.373874 954.387757 977.529775 1000.561117 1025.045382 1044.636759 1052.578054 1054.882263 1049.308114 1054.594377 1058.234800 1060.142817 1061.080263 1058.338636 1057.976319 1058.831183 1059.931279 1055.027799 1048.285100
-9999.0 -403.940301 -351.959117 -297.799418 -227.268083 -157.876433 -71.765373 9.631475 62.244928 106.943119 137.202256 157.001153 208.194976 257.351578 285.306424 314.901519 315.516253 317.301802 310.727761 358.240344 415.254715 500.479492 611.729813 664.328562 697.842234 698.951625 694.280388 708.083042 734.503112 778.119585 843.179365 890.015910 939.158927 975.529707 989.299787 995.306438 1011.747928 1030.600157 1032.041804 1045.781486 1052.034517 1057.531976 1057.800656 1059.533338 1060.473222 1060.667625 1057.464799 1050.959399 1042.740543 1036.811807 1032.631553 1028.018440 1030.319218 1033.392083 1034.116399 1026.810836 1018.026425
-9999.0 -438.264092 -377.959498 -305.341996 -233.055943 -156.985390 -45.473477 87.666782 137.623294 174.960812 205.630788 248.111539 334.493279 402.724772 439.453618 481.322321 478.418008 468.913632 465.028212 501.562949 556.391070 631.055729 757.466424 833.999654 846.789670 853.921783 859.846778 883.685647 917.530344 952.168889 985.365436 1002.327617 1022.840636 1033.540181 1038.008910 1040.656694 1044.152557 1045.637971 1044.050111 1041.038160 1036.797896 1037.593881 1042.149291 1042.252299 1039.225979 1035.787387 1029.680798 1021.056457 1013.762077 1007.682781 1003.919748 1000.231966 998.324319 998.231820 993.730803 987.423261 977.384029
-9999.0 -463.492561 -393.771422 -328.165510 -255.486517 -131.583868 -7.549965 124.399682 216.854845 258.089568 302.472220 386.637139 484.349526 571.827047 618.888163 642.669069 650.516507 640.226026 653.602286 700.214193 765.072387 845.881242 915.345048 976.337242 981.693873 979.160720 965.622969 973.132081 982.963467 990.314829 999.398346 1008.820901 1019.922681 1026.671128 1027.962030 1026.885241 1023.719757 1017.107170 1012.772876 1009.622568 1005.749786 1005.672965 1009.102606 1009.738724 1006.013081 1000.943076 995.250049 988.166611 980.441941 972.438240 967.549738 962.901671 960.206506 955.219770 950.195157 943.670736 929.701390
-9999.0 -552.934973 -468.051429 -406.960365 -275.241147 -107.350246 18.346464 173.646875 315.042381 365.568081 454.316983 563.241935 656.934414 721.295190 760.604551 800.695489 828.356139 853.735748 888.532849 881.665681 932.811902 976.127473 992.569523 998.034035 990.744275 985.884700 975.147914 956.322765 948.666839 946.952203 955.216563 969.248773 980.622301 990.406919 990.265171 991.619028 992.003330 989.023323 985.715502 977.693057 969.853835 964.462263 963.399853 968.318459 962.264185 957.671146 950.799922 941.999996 932.464056 923.826518 915.570483 908.337881 904.986469 898.979211 896.995564 888.865654 861.989039
-9999.0 -633.912805 -555.148502 -453.046285 -303.036776 -138.518014 6.380644 179.980116 379.387676 491.067014 597.875433 657.854310 725.244724 786.249834 846.213285 884.685167 905.402978 914.343849 914.297701 924.692582 903.796164 904.076221 922.553543 944.995675 951.197212 949.683435 938.040016 926.526124 921.190075 923.587766 927.203425 931.489133 934.935732 936.539575 935.103089 937.504016 942.241954 937.003575 929.457570 921.901082 914.856479 906.955359 901.683771 898.386181 896.018771 894.815322 886.819190 876.031503 865.099569 856.491377 848.301746 842.056188 839.300483 834.209616 826.850453 815.137162 787.886620
-9999.0 -723.162744 -606.744444 -504.846190 -370.800815 -230.056652 -93.131963 78.030244 239.707214 453.509232 617.040798 684.887492 717.499932 765.032030 822.426192 880.705536 886.132126 858.785359 833.250464 823.119467 830.835069 844.053658 859.432864 878.304559 891.355577 896.649649 895.190280 886.630501 874.363878 868.310389 866.053730 860.880763 857.628544 859.180246 860.149409 866.940184 870.110228 861.585338 849.550488 834.690972 821.514014 811.559220 808.393576 809.010718 808.254385 804.492836 797.169251 786.723899 774.270215 762.792817 754.803946 748.993543 742.347762 733.034750 722.561571 710.629663 685.178509
-9999.0 -9999.0 -677.519635 -564.940701 -449.740065 -321.040618 -193.401945 -37.409974 120.576693 310.777431 430.420317 538.281738 597.799935 639.457475 689.612477 738.578322 752.141268 765.902681 746.958697 750.770245 758.407409 766.150750 777.162727 788.884169 800.147722 807.382331 812.347270 809.996038 801.597259 787.350150 771.193152 759.545216 753.338265 748.767095 757.840720 769.064435 767.331442 761.166171 749.966587 734.998241 722.264307 709.072646 705.234292 705.475618 705.110333 701.838672 696.686688 683.994970 671.138201 658.806539 652.825544 646.556759 640.610581 629.687767 618.074861 604.857591 581.626912
-9999.0 -9999.0 -760.076762 -648.820354 -528.175904 -401.385020 -293.248763 -190.897811 -30.266432 93.478979 198.077474 291.537593 367.252083 425.615440 469.627529 525.728549 558.068183 571.775710 584.133782 605.592563 628.862246 652.444300 668.414244 680.834165 693.342679 704.360289 712.210073 701.681973 691.596592 676.608170 657.933399 637.827629 627.716771 624.005250 627.807394 634.321855 629.581306 620.224338 606.389511 590.562150 577.488779 565.433499 561.053740 558.186560 556.906111 553.790749 550.082941 540.626292 528.545621 519.874329 511.515751 504.787948 500.955742 493.103609 482.853236 475.133745 456.153168
-9999.0 -9999.0 -9999.0 -719.794773 -622.461696 -539.009131 -440.915328 -365.816396 -273.421933 -159.050305 -52.730481 51.603966 117.975502 171.785427 224.053855 273.636869 311.165056 335.588462 358.799940 412.969096 446.867347 486.504924 521.019338 538.008186 553.010784 568.034542 571.454760 562.696969 553.519224 538.573316 516.354964 494.142034 482.902226 485.081239 484.386726 485.170533 479.327095 474.523986 463.480962 450.446984 436.796679 427.620725 422.849146 417.473470 413.405765 408.981264 404.668312 398.171431 389.308115 379.780427 372.724914 369.273351 365.040585 359.743191 352.106181 343.286907 331.161835
