tests/Borden05m/sims/sim_1/output-maps/psiliqL0014N0013.asc
ncols         160
nrows         34
xllcorner     620200.000000
yllcorner     5168000.000000
cellsize      0.500000
NODATA_value  -9999.0
[rows 0 to 24 of 34, columns 56 to 111 of 160]
-9999.0 -9999.0 -9999.0 -9999.0 -9999.0 -9999.0 -9999.0 -9999.0 -9999.0 -9999.0 -9999.0 -9999.0 -9999.0 -9999.0 -9999.0 -9999.0 -9999.0 -9999.0 -9999.0 -9999.0 -9999.0 -9999.0 -9999.0 -9999.0 -9999.0 -9999.0 -9999.0 -9999.0 -9999.0 -9999.0 -9999.0 -9999.0 -9999.0 -9999.0 -9999.0 -9999.0 -9999.0 -9999.0 -9999.0 -9999.0 -9999.0 -9999.0 -9999.0 -9999.0 -9999.0 -9999.0 -9999.0 -9999.0 -9999.0 -9999.0 -9999.0 -9999.0 -9999.0 -9999.0 -9999.0 -9999.0
-9999.0 -9999.0 -9999.0 1026.355223 1020.975095 1015.947386 1011.292569 1002.647292 993.688576 985.619695 981.928232 981.294620 980.794638 980.665835 986.142856 994.390579 1002.251472 1009.593112 1012.192180 1014.797087 1017.165104 1017.780794 1016.696530 1013.594406 1010.413696 1007.118565 1005.677105 997.731884 986.444885 977.734041 975.019683 979.429574 983.873496 986.328892 992.063193 1002.680648 1013.356583 1021.759300 1033.525934 1039.221531 1044.103546 1046.751908 1042.341799 1038.482049 1034.332524 1028.866492 1017.648370 -9999.0 -9999.0 -9999.0 -9999.0 -9999.0 -9999.0 -9999.0 -9999.0 -9999.0
989.966490 1010.231898 1013.624743 1002.364747 997.562283 994.481170 992.690872 988.120290 979.748792 974.793760 969.697446 968.092960 968.458390 968.808778 973.160314 983.607244 991.787488 996.739015 999.448415 1002.245820 1002.023548 1001.634762 1001.465839 998.714174 995.402528 992.118249 990.407565 990.986706 983.461829 977.990610 974.567187 972.813272 975.326711 977.695146 981.110457 990.485640 998.515211 1006.531256 1020.735589 1033.001160 1038.014237 1035.188713 1029.863643 1025.669738 1018.523277 1008.055343 997.477946 987.748494 980.518245 974.624169 968.453950 974.054967 980.326256 989.756873 999.019157 1010.697064
975.000121 995.385323 998.438493 987.950060 979.947853 975.044585 975.543666 978.472538 975.299382 970.999752 966.163469 975.128073 976.733736 978.160162 981.720228 984.962906 988.446248 991.367942 996.914739 1006.087221 1008.986801 1009.678011 1009.959631 1008.246493 1005.231598 1003.512853 1000.848687 995.734895 994.656452 994.942996 994.634709 999.524486 1000.989950 1002.752594 996.097996 999.618004 1005.702271 1012.410370 1018.696231 1025.117052 1028.704066 1025.076722 1023.867469 1014.968308 1000.632367 989.093297 980.226469 978.063243 974.406790 966.032667 952.723127 959.375651 974.422615 978.522782 981.337202 992.559324
970.716513 982.724926 986.014689 981.337520 983.038723 984.952342 986.745216 985.498614 982.843147 981.087065 993.832494 1003.556981 1005.721951 1008.968455 1012.941060 1012.706781 1001.132065 998.958532 1007.348126 1017.815284 1023.745229 1024.152102 1024.221610 1022.183304 1021.269245 1020.986161 1018.911808 1019.654287 1022.090344 1021.943884 1026.471266 1032.099084 1034.987383 1027.342987 1018.196740 1019.012954 1026.667510 1034.721824 1041.878358 1052.247158 1063.192591 1061.812163 1055.716062 1046.097062 1031.915783 1007.865187 987.821774 976.294304 968.418925 960.536375 960.071779 956.227461 967.007315 968.040788 969.328022 976.920333
977.104547 998.646067 1006.836298 1001.364073 996.817573 994.572490 995.715625 996.230459 999.508775 1012.147288 1026.223244 1040.928541 1044.110040 1047.047004 1046.938839 1038.319740 1028.357794 1024.891344 1039.703619 1056.103467 1064.562583 1065.359861 1064.602353 1071.350826 1070.178711 1068.681812 1064.008929 1066.079431 1067.427432 1077.125222 1084.817659 1091.962553 1090.147990 1078.049613 1066.424492 1064.796864 1067.529301 1070.841240 1076.919273 1086.871975 1096.171322 1090.597698 1082.919190 1072.299905 1043.080023 1015.443446 997.949128 997.272666 996.607655 990.894171 986.950731 983.019070 975.429686 974.193146 972.606280 971.339352
1027.150191 1047.731971 1063.894168 1058.704379 1051.220001 1041.686850 1042.732186 1046.091423 1054.564269 1067.974790 1085.732465 1110.168459 1113.431996 1116.985960 1119.904024 1109.006930 1096.965880 1086.147212 1104.361691 1114.852559 1123.688138 1125.448689 1135.206115 1145.130481 1140.769370 1132.996829 1122.794182 1129.205060 1140.847924 1156.067231 1163.018191 1166.981738 1165.528161 1154.186816 1148.167039 1146.547205 1148.637085 1146.132745 1150.602673 1160.430493 1174.997997 1173.801536 1164.317879 1140.996531 1103.047286 1067.968415 1046.973786 1051.758854 1043.908613 1036.104611 1031.547760 1016.776812 1005.135203 1004.322359 993.932798 986.978812
1075.685601 1094.657493 1113.538169 1109.245956 1099.336856 1086.506552 1086.439198 1094.323046 1105.035113 1124.624443 1147.925967 1172.297182 1180.778151 1184.015505 1194.049875 1188.004952 1178.892567 1170.940288 1182.768778 1194.913133 1206.810047 1216.586683 1229.461721 1241.001512 1231.152893 1219.029900 1213.723878 1219.163814 1239.261844 1256.863729 1262.054089 1263.258974 1265.805852 1256.381412 1249.627733 1242.797175 1237.592847 1231.674670 1227.454006 1245.586781 1261.762738 1259.484853 1235.513125 1210.535682 1173.029214 1134.160107 1101.335567 1100.340045 1096.395255 1094.417396 1078.601133 1062.242893 1045.259286 1035.073266 1025.099794 1010.249189
1166.588767 1187.997652 1209.964338 1211.086405 1194.879617 1187.249172 1192.423919 1205.577974 1213.338173 1229.499391 1253.917191 1285.931622 1307.356711 1326.459040 1331.207796 1323.332862 1314.737612 1301.972437 1300.564562 1318.037170 1330.118095 1340.766413 1351.422550 1363.812623 1369.037107 1366.308470 1365.846251 1369.177274 1376.637698 1385.901076 1392.601840 1397.802125 1403.043473 1398.720740 1388.247269 1381.857358 1373.093186 1366.455869 1363.752496 1366.437377 1377.444319 1374.651953 1347.329713 1319.519649 1286.403585 1248.335457 1216.120350 1198.319223 1203.799200 1192.045180 1172.675016 1152.493878 1117.091929 1100.264701 1083.730958 1053.935635
1270.403046 1298.722606 1313.955415 1327.572996 1322.921107 1324.937783 1329.462351 1337.255772 1342.642277 1350.963662 1383.841206 1419.003591 1448.355163 1472.771377 1481.639688 1471.672063 1462.262655 1450.526176 1441.382390 1446.010288 1460.489450 1477.101796 1492.571490 1503.672153 1507.191042 1506.040988 1506.383056 1508.479711 1511.495222 1514.563595 1520.725795 1527.825000 1537.514154 1548.027200 1541.753455 1524.937648 1512.684383 1499.143150 1494.145478 1492.425675 1490.515062 1489.810255 1480.837340 1448.194861 1418.817885 1386.059330 1357.086243 1335.741562 1321.777200 1301.195843 1277.360648 1230.113171 1189.203005 1153.765804 1126.348849 1097.775872
1387.549464 1418.637645 1442.628981 1458.195664 1461.336311 1464.347618 1467.493361 1473.743701 1479.257720 1486.561830 1509.723034 1547.452255 1584.735087 1614.663501 1618.632986 1609.303106 1599.124411 1589.036988 1578.297982 1574.978645 1583.057386 1594.343172 1610.474073 1621.607562 1630.828403 1629.965600 1630.406929 1630.961327 1633.003133 1634.808312 1636.805593 1643.802463 1655.555076 1666.697464 1667.387990 1653.584278 1636.475370 1619.141794 1612.045048 1605.869725 1599.589220 1599.210461 1599.233254 1590.502445 1564.381258 1527.765133 1485.023569 1458.693591 1437.110024 1423.018029 1405.763901 1378.040842 1325.181199 1293.403869 1257.687325 1223.627790
1503.319930 1533.122702 1563.869672 1582.758508 1590.712565 1591.682215 1594.133284 1602.052388 1608.525163 1618.661896 1635.497393 1660.003900 1689.389853 1716.326343 1733.486435 1729.635570 1716.888894 1699.476329 1693.954246 1692.507151 1694.522900 1701.148866 1709.292537 1724.704639 1740.492076 1745.848349 1746.620245 1744.213046 1746.284596 1747.407076 1747.406016 1748.436851 1753.223800 1760.192837 1762.542554 1757.328347 1740.920543 1720.566837 1706.312284 1697.469584 1692.533756 1690.219205 1691.182440 1690.361783 1677.691479 1647.901342 1609.177270 1575.678801 1553.519499 1536.760409 1521.977575 1509.701771 1488.448325 1469.474188 1437.814957 1393.773690
1607.068354 1633.096400 1660.106462 1684.474107 1701.291791 1705.707508 1711.809531 1717.184319 1727.106727 1742.757902 1762.162891 1776.666010 1794.037818 1815.653379 1828.467417 1834.094741 1834.227799 1832.676094 1834.232152 1834.168712 1805.076354 1808.067444 1811.012323 1818.719189 1827.126937 1829.937461 1830.264156 1829.122018 1830.247116 1830.571962 1830.600556 1830.109199 1830.086042 1832.205793 1832.853623 1831.463223 1824.207953 1828.192058 1810.925128 1798.695987 1790.876045 1782.865531 1774.081763 1764.219207 1754.119555 1737.155004 1709.668633 1676.125560 1648.978247 1636.897136 1629.247609 1621.380246 1614.876714 1598.698636 1576.549698 1545.155898
1712.039027 1728.312672 1748.759530 1776.643609 1796.165073 1807.055210 1816.005309 1821.091072 1833.507238 1847.005101 1841.256021 1845.390941 1849.574781 1853.641134 1854.996534 1855.256710 1854.830156 1852.283174 1851.482601 1849.287933 1844.284560 1834.350263 1835.432182 1836.649182 1838.951614 1842.395297 1841.121046 1842.087387 1844.972077 1843.384174 1837.780586 1834.025649 1832.261310 1832.528869 1839.372234 1842.292383 1842.930100 1841.669564 1840.910481 1840.357708 1838.707957 1836.692337 1833.849213 1830.112074 1833.965461 1823.496516 1799.776102 1766.257489 1730.863688 1717.047301 1712.598210 1712.067791 1708.416906 1701.513046 1682.552741 1655.099445
1825.746129 1839.018845 1834.953884 1845.804873 1851.556409 1854.443116 1857.327222 1859.814704 1861.065845 1857.816658 1854.302279 1849.423876 1847.821996 1846.135035 1843.330180 1843.476472 1841.013748 1836.541037 1832.354565 1825.127158 1813.687605 1801.756947 1798.594168 1802.709509 1807.465058 1811.705144 1814.982929 1818.357440 1819.342854 1814.500818 1806.579879 1799.408457 1797.337510 1803.520195 1808.820529 1813.977393 1814.670531 1813.487091 1811.776493 1812.338497 1810.331764 1811.340454 1818.287190 1831.865267 1837.611958 1840.412266 1839.831822 1831.690740 1817.045201 1810.685075 1790.923192 1794.015464 1788.868163 1776.959509 1755.726408 1731.722399
1853.192942 1852.664992 1850.964215 1844.977706 1839.115796 1838.248793 1841.867318 1848.335438 1849.228394 1841.925084 1833.238388 1825.734123 1818.247813 1815.305342 1813.291551 1811.869708 1811.178188 1805.133405 1796.456994 1780.307703 1767.934070 1755.989638 1749.347140 1746.823361 1751.321618 1760.968265 1770.611598 1775.277940 1768.474701 1760.949829 1750.218110 1742.120991 1742.205829 1744.168876 1752.920591 1766.797836 1771.639745 1772.661416 1768.073003 1764.192566 1759.169725 1758.068379 1765.766298 1781.412188 1797.267371 1811.413573 1819.952085 1827.467089 1833.951111 1837.108829 1838.279218 1838.795486 1837.513412 1836.252884 1820.695483 1799.556891
1839.348175 1832.551621 1827.080540 1819.946904 1813.682568 1811.308743 1812.980889 1815.074578 1811.021229 1803.698251 1792.848497 1781.132600 1770.444946 1763.038028 1762.653500 1763.661880 1763.571775 1756.222842 1741.040129 1723.033852 1708.893701 1694.386153 1689.800904 1684.452522 1679.719582 1689.969186 1707.000852 1713.247553 1699.763055 1689.886441 1675.713861 1668.427355 1665.206536 1666.549754 1675.721971 1695.524297 1715.190981 1716.937358 1707.997480 1699.422325 1695.812123 1694.439763 1701.894301 1720.770332 1741.516638 1757.162898 1767.617457 1774.056313 1782.766778 1792.714258 1805.431658 1818.927723 1830.197698 1838.412033 1842.803903 1840.739851
1811.892820 1803.561066 1795.152054 1787.179199 1779.961758 1774.673566 1771.528796 1767.779744 1760.905539 1753.012478 1737.172808 1724.075940 1711.006769 1696.196566 1691.587880 1687.358132 1687.882096 1675.856841 1665.056967 1646.132419 1630.096830 1613.957064 1602.751660 1596.570343 1590.408436 1593.726936 1608.684154 1617.527065 1604.825910 1594.699753 1582.244003 1576.328589 1573.040147 1574.968520 1585.182997 1606.916539 1625.661636 1633.235961 1626.265054 1622.668956 1621.865321 1622.054156 1629.124868 1644.291814 1664.880978 1686.857102 1704.170703 1714.651021 1723.312451 1734.215393 1749.398681 1764.041758 1778.622383 1796.186167 1816.696985 1831.601229
1774.815670 1764.130839 1753.601075 1742.065153 1730.360865 1722.985651 1723.135722 1715.528901 1708.229797 1691.132992 1643.287969 1624.052132 1605.083852 1588.708909 1581.787631 1573.237529 1563.267947 1553.309964 1546.166088 1539.753587 1523.918753 1506.050263 1489.314681 1483.777364 1479.398681 1469.188824 1472.514050 1475.221698 1480.869489 1473.806108 1468.712151 1467.163936 1464.740994 1467.728453 1481.269714 1492.701796 1502.534590 1509.349210 1509.630764 1517.935556 1525.532703 1531.648250 1548.855558 1563.196930 1581.669155 1604.071367 1629.004653 1643.748296 1654.535928 1666.603146 1683.248008 1700.858607 1719.276192 1742.451573 1767.796236 1784.386496
1728.167047 1713.487026 1698.446480 1684.664033 1670.823644 1656.152557 1655.782116 1651.220123 1641.401567 1597.541108 1554.734899 1521.348154 1502.369075 1479.181780 1466.501159 1453.619797 1424.777887 1409.300479 1403.403945 1409.152104 1399.905876 1382.734908 1368.601002 1359.933258 1352.595196 1338.861653 1328.483844 1333.303101 1346.360335 1342.828694 1342.033150 1346.756672 1345.320534 1341.596211 1346.046621 1360.270128 1368.383929 1378.985486 1392.154937 1397.705717 1409.180549 1437.758688 1452.799540 1469.428726 1490.725574 1513.824081 1537.904266 1559.946679 1574.811202 1590.933738 1611.026584 1629.172566 1651.118873 1675.600306 1705.276796 1726.177124
1658.692439 1638.269638 1620.649965 1601.981376 1579.242409 1557.617527 1553.862878 1545.663697 1523.890147 1476.063641 1435.734450 1406.102659 1383.058001 1358.224544 1337.823513 1308.382116 1275.842093 1254.845843 1261.232789 1268.525651 1270.510846 1256.562691 1243.783467 1233.413736 1218.764772 1203.084463 1190.738925 1199.602792 1208.123038 1218.132237 1222.229609 1226.026390 1229.188015 1228.171285 1223.014566 1226.932806 1236.062428 1246.941307 1258.513143 1274.345350 1305.816185 1331.726919 1350.639603 1372.883207 1394.610893 1418.997814 1444.577555 1468.127383 1486.211652 1506.438993 1527.277424 1549.827463 1572.012395 1598.087002 1628.515410 1654.432408
1579.704855 1552.428286 1528.894646 1500.612245 1459.775384 1443.762705 1433.718841 1418.280034 1379.370511 1336.362531 1303.130117 1280.288196 1255.032890 1230.908266 1202.971499 1170.774623 1144.660503 1124.106479 1130.948590 1138.031550 1150.302476 1138.641320 1127.932934 1121.999237 1106.943935 1093.043274 1078.267363 1085.566631 1095.800146 1113.943808 1118.414069 1122.024204 1129.436296 1128.576312 1126.027607 1116.143990 1124.908914 1135.923575 1150.444043 1179.360765 1204.840815 1229.943060 1252.813779 1274.730905 1298.928250 1324.599285 1350.667770 1378.342292 1399.862856 1420.964882 1444.478397 1466.598958 1486.337617 1508.553478 1536.257909 1560.651122
1471.468221 1448.675807 1423.595072 1385.403982 1341.003270 1305.043330 1286.320875 1245.285052 1210.566155 1177.353555 1161.863635 1143.627533 1120.334260 1098.342391 1076.617322 1050.710490 1028.207340 1003.649085 1007.283877 1019.902337 1034.003394 1029.178938 1026.108962 1023.009690 1011.959166 998.255025 984.659153 988.266657 1003.711246 1020.718547 1028.611751 1035.478168 1043.150058 1043.362200 1036.331540 1028.003281 1033.920255 1048.689102 1065.477115 1086.753267 1109.933971 1132.987946 1155.005713 1179.354139 1204.659374 1230.473785 1258.258008 1287.310580 1310.028731 1335.989092 1362.733119 1383.989444 1397.931649 1413.235117 1438.661566 1458.889326
1364.626602 1339.592448 1312.009084 1270.436126 1227.874388 1184.749384 1143.626510 1109.648105 1078.032281 1061.398824 1042.239469 1024.308274 1005.998517 984.437273 964.913531 946.215419 923.884185 907.076988 912.384788 925.213837 935.635528 938.861161 935.829895 932.738563 925.428179 911.641464 902.574560 911.264818 926.569831 941.239524 951.688208 958.508229 964.529340 961.937927 953.802425 948.750745 957.175716 973.102544 988.317427 1005.935050 1028.112194 1050.289622 1073.199925 1097.286669 1121.486783 1148.209495 1175.861440 1204.139823 1232.440021 1258.167969 1282.022795 1295.381127 1309.003474 1317.768145 1335.453511 1355.733295
1239.742171 1213.383024 1184.446435 1151.044684 1112.398701 1081.810605 1048.827581 1017.111620 986.102653 959.865664 942.856287 932.961568 917.903479 898.551064 884.977856 867.900287 851.309024 851.895604 854.279225 864.724605 865.275466 865.782078 862.757928 861.623419 857.549475 847.614234 855.336605 862.658390 877.085235 887.766483 897.281721 903.512578 907.637912 907.857073 901.991117 906.095377 913.345867 928.131867 940.351188 955.769911 977.133164 995.360770 1015.765341 1039.039386 1063.226444 1088.711203 1115.921057 1145.333614 1172.076327 1193.699581 1205.203972 1218.176996 1225.860811 1222.051645 1238.168239 1255.323602
