tests/Borden05m/sims/sim_1/output-maps/psiliqL0009N0003.asc
ncols         160
nrows         34
xllcorner     620200.000000
yllcorner     5168000.000000
cellsize      0.500000
NODATA_value  -9999.0
[rows 0 to 25 of 34, columns 0 to 56 of 160]
-9999.0 -9999.0 -9999.0 -9999.0 -9999.0 -9999.0 -9999.0 -9999.0 -9999.0 -9999.0 -9999.0 -9999.0 -9999.0 -9999.0 -9999.0 -9999.0 -9999.0 -9999.0 -9999.0 -9999.0 -9999.0 -9999.0 -9999.0 -9999.0 -9999.0 -9999.0 -9999.0 -9999.0 -9999.0 -9999.0 -9999.0 -9999.0 -9999.0 -9999.0 -9999.0 -9999.0 -9999.0 -9999.0 -9999.0 -9999.0 -9999.0 -9999.0 -9999.0 -9999.0 -9999.0 -9999.0 -9999.0 -9999.0 -9999.0 -9999.0 -9999.0 -9999.0 -9999.0 -9999.0 -9999.0 -9999.0 -9999.0
-9999.0 -9999.0 -9999.0 -9999.0 -9999.0 -9999.0 -9999.0 -9999.0 -9999.0 -9999.0 -9999.0 -9999.0 -9999.0 -9999.0 -9999.0 -9999.0 -9999.0 -9999.0 -9999.0 -9999.0 -9999.0 -9999.0 -9999.0 -9999.0 -9999.0 -9999.0 -9999.0 -9999.0 -9999.0 -9999.0 -9999.0 -9999.0 -9999.0 -9999.0 -9999.0 -9999.0 -9999.0 -9999.0 -9999.0 -9999.0 -9999.0 -9999.0 -9999.0 -9999.0 -9999.0 -9999.0 -9999.0 -9999.0 -9999.0 -9999.0 -9999.0 -9999.0 -9999.0 -9999.0 -9999.0 -9999.0 -9999.0
-9999.0 -9999.0 -9999.0 -9999.0 -9999.0 -9999.0 -9999.0 -9999.0 -9999.0 -9999.0 -9999.0 -9999.0 -9999.0 -9999.0 -9999.0 -9999.0 -9999.0 -9999.0 -9999.0 -9999.0 -9999.0 -9999.0 -9999.0 -9999.0 -9999.0 -9999.0 -9999.0 -9999.0 -9999.0 -9999.0 -9999.0 -9999.0 -9999.0 -9999.0 -9999.0 -9999.0 -9999.0 -9999.0 -9999.0 -9999.0 -9999.0 -9999.0 -9999.0 -9999.0 -9999.0 -9999.0 -9999.0 -119.860851 -137.429702 -154.179536 -156.095205 -133.476132 -110.356462 -86.928419 -66.677875 -48.257149 -29.479852
-9999.0 -9999.0 -9999.0 -9999.0 -9999.0 -9999.0 -9999.0 -9999.0 -9999.0 -9999.0 -9999.0 -9999.0 -9999.0 -9999.0 -9999.0 -9999.0 -9999.0 -9999.0 -9999.0 -9999.0 -9999.0 -9999.0 -9999.0 -9999.0 -9999.0 -9999.0 -9999.0 -9999.0 -9999.0 -9999.0 -9999.0 -9999.0 -9999.0 -9999.0 -9999.0 -9999.0 -9999.0 -9999.0 -9999.0 -9999.0 -72.005019 -66.226464 -64.787874 -75.776091 -87.263905 -99.285253 -119.317963 -137.256344 -152.903330 -155.920955 -153.542604 -148.099052 -125.307584 -101.275748 -82.054997 -64.942013 -46.019487
-9999.0 -9999.0 -9999.0 -9999.0 -9999.0 -9999.0 -9999.0 -9999.0 -9999.0 -9999.0 -9999.0 -9999.0 -9999.0 -9999.0 -9999.0 -9999.0 -9999.0 -9999.0 -9999.0 -9999.0 -9999.0 -9999.0 -9999.0 -9999.0 -9999.0 -9999.0 -9999.0 -9999.0 -9999.0 -9999.0 -9999.0 -9999.0 -9999.0 -9999.0 -163.351385 -145.915390 -128.042755 -109.996621 -93.651588 -87.240025 -81.461653 -75.791903 -80.002991 -85.032292 -96.589512 -115.437675 -135.353219 -149.792103 -152.613326 -155.467378 -151.341444 -138.494159 -122.118016 -106.002263 -85.360795 -62.506271 -53.619848
-9999.0 -9999.0 -9999.0 -9999.0 -9999.0 -9999.0 -9999.0 -9999.0 -9999.0 -9999.0 -9999.0 -9999.0 -9999.0 -9999.0 -9999.0 -9999.0 -9999.0 -9999.0 -9999.0 -9999.0 -9999.0 -9999.0 -9999.0 -9999.0 -9999.0 -9999.0 -9999.0 -9999.0 -157.954792 -164.034500 -169.438198 -171.225360 -172.822844 -174.306643 -167.563874 -155.455744 -137.416140 -116.219947 -103.731288 -96.866269 -90.584666 -90.034025 -95.130802 -97.595874 -97.704466 -109.692698 -121.623838 -132.819246 -143.609234 -145.138405 -135.884856 -122.371009 -106.724032 -92.340915 -77.420250 -65.018187 -49.650936
-9999.0 -9999.0 -9999.0 -9999.0 -9999.0 -9999.0 -9999.0 -9999.0 -9999.0 -9999.0 -9999.0 -9999.0 -9999.0 -9999.0 -9999.0 -9999.0 -9999.0 -9999.0 -9999.0 -9999.0 -9999.0 -9999.0 -9999.0 -186.589151 -180.665275 -174.392977 -167.296767 -166.679396 -171.198977 -177.152208 -180.644169 -182.551039 -184.475578 -180.426149 -172.350058 -158.967315 -143.388953 -122.116579 -113.879077 -107.611639 -95.489780 -93.574667 -89.105280 -85.476476 -87.677701 -90.722190 -103.075925 -112.285232 -106.911957 -101.102775 -95.079354 -88.000045 -75.394930 -60.195858 -42.897467 -22.734150 -1.545529
-9999.0 -9999.0 -9999.0 -9999.0 -9999.0 -9999.0 -9999.0 -9999.0 -9999.0 -9999.0 -9999.0 -9999.0 -9999.0 -9999.0 -9999.0 -9999.0 -9999.0 -9999.0 -9999.0 -210.979095 -210.307745 -209.522763 -205.179954 -204.408953 -202.404104 -195.660010 -187.812611 -186.034185 -187.942156 -189.946724 -188.781330 -186.504166 -182.716647 -171.609109 -158.139471 -144.378308 -130.633550 -110.167108 -95.797271 -82.244804 -66.480219 -68.246336 -73.139539 -75.757087 -75.777237 -75.614213 -70.090611 -66.820298 -61.423542 -56.045082 -49.502889 -41.032518 -30.685939 -12.723635 7.033657 26.861621 45.555598
-9999.0 -9999.0 -9999.0 -9999.0 -9999.0 -9999.0 -9999.0 -9999.0 -9999.0 -9999.0 -9999.0 -9999.0 -9999.0 -9999.0 -9999.0 -9999.0 -238.990595 -237.311241 -235.444007 -230.321200 -228.075584 -224.415169 -217.857118 -217.109800 -213.580505 -206.825186 -202.199252 -194.052198 -186.611755 -179.688163 -174.186801 -171.950037 -164.676405 -155.441412 -143.962456 -128.737896 -107.256830 -84.956610 -69.107736 -52.881087 -36.535703 -36.695964 -38.369346 -37.742877 -37.368871 -29.895626 -12.059425 -6.181434 -3.272424 15.042468 29.025144 34.061072 40.995491 58.774919 82.177033 107.907697 139.333151
-9999.0 -9999.0 -9999.0 -9999.0 -9999.0 -9999.0 -9999.0 -9999.0 -9999.0 -9999.0 -9999.0 -9999.0 -9999.0 -283.145933 -279.162389 -270.212080 -262.230227 -260.280914 -256.669570 -251.285986 -239.453855 -236.301637 -230.452560 -223.207919 -212.186225 -204.103070 -195.309554 -183.971488 -175.959390 -169.221206 -162.578235 -156.501066 -143.234768 -128.246774 -112.709441 -92.835561 -71.643650 -51.082540 -30.541698 -15.906987 -2.243054 0.680140 -1.445968 -0.045274 7.868733 25.879124 44.901192 56.990957 78.440264 102.356240 116.893420 129.919683 139.029847 151.718862 172.701683 209.400787 247.654078
-9999.0 -9999.0 -9999.0 -9999.0 -9999.0 -9999.0 -9999.0 -9999.0 -9999.0 -9999.0 -317.753687 -315.338067 -319.034341 -318.577143 -314.231237 -302.691923 -289.840597 -283.314255 -272.467689 -252.287898 -235.528152 -232.474928 -218.087157 -208.587893 -202.491484 -192.277140 -179.606852 -167.070562 -150.233078 -138.030743 -125.893601 -105.672111 -89.633451 -73.700713 -56.533661 -37.284186 -16.906804 12.568916 39.484942 53.219701 76.967679 90.656157 87.482837 87.627325 95.841288 113.812634 138.202749 165.949397 190.805235 219.741016 241.904877 257.912846 270.059655 284.378153 302.718993 339.675815 385.476828
-9999.0 -9999.0 -9999.0 -9999.0 -9999.0 -9999.0 -9999.0 -9999.0 -341.448906 -334.795642 -328.741887 -332.059679 -337.107288 -340.733005 -328.077501 -312.677732 -297.152355 -280.543973 -265.030535 -247.619786 -232.473778 -216.366184 -197.544287 -186.243506 -174.907001 -160.228558 -147.023517 -129.591647 -108.678842 -94.554491 -76.118492 -54.728681 -35.766139 -18.225269 -0.279530 17.553367 45.642436 79.760024 112.453374 137.717265 166.378046 191.985301 193.503833 198.149552 204.726745 233.027436 266.138212 301.431089 335.878630 372.130893 407.460781 428.279249 441.880835 458.281022 479.816298 506.214375 543.958204
-9999.0 -9999.0 -9999.0 -9999.0 -9999.0 -9999.0 -366.795164 -342.929016 -328.473531 -336.580116 -345.133271 -348.818505 -352.710490 -333.671506 -312.767777 -296.388620 -280.182723 -263.329563 -247.523329 -233.388162 -198.783317 -182.894413 -168.515684 -149.363284 -135.832685 -122.253349 -105.320966 -82.071768 -59.372585 -27.279241 1.879975 28.186349 54.569426 74.407167 93.144222 112.607329 144.967069 183.560482 222.207727 254.856090 285.480663 318.260609 331.316806 342.003292 355.798545 380.119459 416.227715 455.214062 503.368163 549.642250 582.636099 597.668452 609.625121 622.758363 639.386382 657.733587 678.138602
-9999.0 -9999.0 -9999.0 -9999.0 -399.656365 -378.961730 -358.731191 -328.234001 -305.999519 -311.782816 -304.908347 -304.796270 -306.560273 -304.499132 -299.225188 -281.824262 -264.576782 -247.196384 -229.035736 -191.893360 -150.525315 -134.453019 -108.236287 -76.387789 -62.808048 -48.323683 -33.200637 -10.462947 18.534911 53.550744 100.612381 140.932375 168.602643 193.405819 215.826506 240.345904 274.929562 315.937796 359.346127 401.977325 439.969545 472.387879 494.744892 512.356727 535.094828 558.257152 583.668239 615.473168 652.209342 690.227008 718.086534 732.928495 740.444192 750.052474 760.778873 773.927331 787.094761
-9999.0 -9999.0 -9999.0 -446.363153 -408.143992 -371.590274 -344.461060 -313.895755 -282.698757 -276.854837 -268.992587 -263.079062 -257.020469 -248.592013 -239.129784 -223.299109 -209.668188 -197.370536 -176.905054 -140.619534 -104.789401 -71.253727 -38.886013 -8.673751 14.053003 29.696411 46.511152 70.701662 110.911661 151.709872 204.897192 261.214344 303.356289 334.399629 360.355973 390.531520 419.163279 461.846556 510.396432 556.247793 595.773847 625.859119 650.337448 664.229401 679.585496 693.134394 712.032160 733.342077 754.571809 781.581931 807.251406 827.132662 837.880322 845.056784 858.301656 871.785889 882.651834
-9999.0 -9999.0 -492.531329 -455.793983 -420.778763 -369.453434 -317.318789 -284.260174 -243.877704 -219.203507 -212.522815 -194.388431 -177.876225 -169.923437 -153.411849 -136.360529 -123.124035 -119.949675 -107.372806 -72.344845 -18.925478 30.218341 62.193600 118.861133 153.211477 177.405894 191.962537 217.521390 252.179276 300.404975 357.192994 414.564821 464.896649 510.277584 535.890120 559.197996 585.118685 611.741130 650.779179 686.556759 719.113316 744.855029 766.559940 776.393565 783.505648 799.032654 819.949018 840.925918 860.651610 879.352265 889.491250 894.311567 896.299128 897.401755 899.227813 900.721406 901.810384
-9999.0 -9999.0 -517.475674 -473.675971 -431.160833 -361.425241 -286.034661 -248.810519 -206.193237 -162.273171 -143.699158 -120.385005 -102.324857 -85.286633 -61.553337 -37.725061 -32.150289 -28.852360 -29.637839 24.913761 84.466996 148.157610 218.004250 285.662393 331.155655 344.924126 354.788467 375.333920 404.712990 458.539957 523.174682 583.349110 633.913764 671.748164 693.243951 712.224559 731.891815 749.816334 768.576357 803.643116 825.622233 846.440404 868.358025 886.668247 894.646957 897.140937 892.861187 897.230785 900.175959 901.661932 902.263490 899.351786 898.740048 899.426885 900.685520 896.547432 891.285703
-9999.0 -603.672507 -551.978799 -497.931708 -427.561436 -358.445287 -272.544639 -191.979887 -141.901802 -99.758849 -71.672029 -52.926673 -0.956120 47.933846 75.615925 105.667873 105.201728 104.853720 96.387464 140.837727 198.164015 291.649043 419.426898 491.967926 536.476830 543.970952 541.765454 556.160467 583.027834 627.691727 693.698023 738.460300 784.706934 819.959044 834.076698 840.064858 855.269647 872.774140 877.134824 889.262622 894.549421 898.595519 897.296256 898.613433 900.049656 901.238335 899.280105 894.315121 887.919439 883.759656 881.000886 877.401258 880.222732 883.720484 885.398725 879.948301 874.061323
-9999.0 -637.643720 -577.440949 -504.986727 -433.082924 -356.243659 -244.183439 -114.937482 -68.467195 -34.529211 -5.932454 37.803760 125.675036 196.972918 239.386866 285.971245 285.380111 274.982109 270.700449 306.763208 366.162794 455.468819 597.160236 689.568560 711.984891 726.116482 735.233987 758.117132 787.989411 816.690048 842.486497 855.730874 869.760735 877.018300 880.470848 882.860054 885.904079 887.528749 886.521706 884.634045 881.494702 882.573326 886.849184 887.358137 885.767422 884.268481 880.524438 874.849958 871.068320 868.199181 866.894628 864.993684 864.323045 865.311037 862.263950 858.085310 851.103561
-9999.0 -661.797242 -592.711479 -527.141367 -453.642470 -328.980942 -207.082188 -78.838465 8.869493 45.573806 90.674447 179.987314 288.679352 391.464999 456.776701 494.995086 510.036829 501.497554 513.227918 555.369619 616.869284 697.964669 769.098737 835.095478 849.089413 854.210754 847.581960 855.302872 862.172075 864.599233 866.507692 867.897326 873.306685 876.613944 876.781959 875.652480 873.087304 867.745883 865.214588 864.419457 863.040013 864.170856 867.689700 869.091960 867.594086 865.018834 861.984443 857.983831 853.805460 849.161567 847.028604 844.490746 843.281560 839.572435 835.653445 830.511015 818.563998
-9999.0 -748.827810 -665.008573 -603.213285 -468.907800 -303.858058 -180.784071 -28.982045 103.890363 150.837034 244.469740 367.845070 490.690666 578.842067 635.840232 686.410981 717.061110 740.948697 770.193821 762.718778 804.147577 840.406444 855.512228 863.839057 862.867867 866.200618 861.787146 846.621299 839.116339 834.150206 836.448028 843.506150 849.028839 854.840306 853.660499 855.030213 856.055588 854.652040 853.712480 848.697494 843.877366 840.493713 840.357002 846.169185 841.791314 838.868307 833.725083 826.882870 819.688650 813.474990 807.505992 802.078106 799.850344 794.433521 792.275661 783.272961 754.967642
-9999.0 -829.493429 -750.704495 -646.555190 -495.198764 -332.384260 -187.146841 -18.032086 170.213759 276.939640 391.562703 476.005289 576.854195 663.947720 736.851174 779.285876 800.856616 808.735470 807.504368 812.201381 787.140017 783.643631 800.621680 824.453883 835.711416 840.751216 834.680085 826.619381 821.819473 821.428157 819.956394 818.649025 817.327600 815.664397 813.004563 815.020681 820.100094 816.528662 811.620397 807.181033 803.186024 797.599419 793.631352 791.161229 789.158796 787.702884 778.801150 766.798504 755.263696 746.836237 739.315695 733.648378 731.016207 725.194433 715.543532 698.384894 661.743117
-9999.0 -916.465162 -801.513747 -698.596219 -563.115589 -423.347636 -287.090168 -119.449365 36.778070 245.253048 424.806108 508.330149 567.849244 637.739028 707.637620 768.899967 776.942215 751.547655 727.434672 716.266679 721.375530 732.886556 748.848847 770.411343 787.479250 797.057306 798.989541 792.442776 779.726111 769.895979 761.594307 750.590647 742.833180 741.433514 740.725982 746.664577 750.056087 742.754534 732.879714 720.723488 710.105333 702.061047 699.698566 700.191284 698.321363 691.687715 678.803255 661.160577 642.754899 627.617314 617.599674 610.538037 602.541763 590.890872 575.667528 554.166271 512.326175
-9999.0 -9999.0 -871.029812 -758.745424 -643.035732 -514.673450 -387.037975 -232.290028 -78.992594 106.224567 228.241822 343.629378 421.170009 486.098454 550.903521 605.927622 622.442344 637.532530 618.509334 621.984531 630.266661 640.768853 657.406504 676.219957 693.145516 703.943956 710.606113 708.300942 696.654194 674.567240 647.456248 626.743004 614.613041 606.915804 614.498117 625.270637 623.508905 617.387657 606.594802 592.284734 580.164460 567.403272 563.514683 563.123098 560.778293 552.948579 539.092686 514.374076 491.476903 472.476058 462.836157 454.251324 446.010721 432.158763 416.430149 396.961110 365.300918
-9999.0 -9999.0 -952.928902 -841.607467 -720.526031 -594.269109 -486.338582 -381.320285 -222.880058 -102.692272 -1.716100 90.522709 169.086098 234.794274 287.093967 349.330076 384.669619 400.158919 410.950502 430.798414 456.251477 484.906517 509.882425 533.001401 552.566476 567.170359 576.268026 564.393148 548.713009 522.147613 487.392044 455.348980 438.486330 431.282700 434.644020 441.675994 436.509695 425.837953 410.541149 393.238743 379.025545 365.812276 360.694575 357.314485 354.930911 349.452696 341.720204 326.973127 310.422950 298.811789 289.034199 281.348482 276.737889 267.829163 256.261560 246.848983 225.958948
-9999.0 -9999.0 -9999.0 -913.661492 -815.565923 -729.875333 -632.567967 -556.550454 -461.343969 -348.680082 -245.878237 -145.832685 -80.686087 -26.864446 25.647630 76.471078 113.273833 135.589919 155.291258 206.723900 239.356065 280.149891 317.341430 338.248721 357.130025 374.572515 378.807303 368.441732 355.386324 334.205877 304.881644 277.254328 262.600609 262.998210 262.061003 263.291439 257.370311 252.143999 240.623593 227.377907 213.746221 204.339490 199.608126 194.296500 190.133303 185.160555 179.906961 172.084911 162.315417 152.464106 145.208223 141.852105 137.911722 132.778546 125.415870 117.117350 105.509936
