tests/Borden05m/sims/sim_1/output-maps/psiliqL0021N0014.asc
ncols         160
nrows         34
xllcorner     620200.000000
yllcorner     5168000.000000
cellsize      0.500000
NODATA_value  -9999.0
[rows 0 to 24 of 34, columns 0 to 54 of 160]
-9999.0 -9999.0 -9999.0 -9999.0 -9999.0 -9999.0 -9999.0 -9999.0 -9999.0 -9999.0 -9999.0 -9999.0 -9999.0 -9999.0 -9999.0 -9999.0 -9999.0 -9999.0 -9999.0 -9999.0 -9999.0 -9999.0 -9999.0 -9999.0 -9999.0 -9999.0 -9999.0 -9999.0 -9999.0 -9999.0 -9999.0 -9999.0 -9999.0 -9999.0 -9999.0 -9999.0 -9999.0 -9999.0 -9999.0 -9999.0 -9999.0 -9999.0 -9999.0 -9999.0 -9999.0 -9999.0 -9999.0 -9999.0 -9999.0 -9999.0 -9999.0 -9999.0 -9999.0 -9999.0 -9999.0
-9999.0 -9999.0 -9999.0 -9999.0 -9999.0 -9999.0 -9999.0 -9999.0 -9999.0 -9999.0 -9999.0 -9999.0 -9999.0 -9999.0 -9999.0 -9999.0 -9999.0 -9999.0 -9999.0 -9999.0 -9999.0 -9999.0 -9999.0 -9999.0 -9999.0 -9999.0 -9999.0 -9999.0 -9999.0 -9999.0 -9999.0 -9999.0 -9999.0 -9999.0 -9999.0 -9999.0 -9999.0 -9999.0 -9999.0 -9999.0 -9999.0 -9999.0 -9999.0 -9999.0 -9999.0 -9999.0 -9999.0 -9999.0 -9999.0 -9999.0 -9999.0 -9999.0 -9999.0 -9999.0 -9999.0
-9999.0 -9999.0 -9999.0 -9999.0 -9999.0 -9999.0 -9999.0 -9999.0 -9999.0 -9999.0 -9999.0 -9999.0 -9999.0 -9999.0 -9999.0 -9999.0 -9999.0 -9999.0 -9999.0 -9999.0 -9999.0 -9999.0 -9999.0 -9999.0 -9999.0 -9999.0 -9999.0 -9999.0 -9999.0 -9999.0 -9999.0 -9999.0 -9999.0 -9999.0 -9999.0 -9999.0 -9999.0 -9999.0 -9999.0 -9999.0 -9999.0 -9999.0 -9999.0 -9999.0 -9999.0 -9999.0 -9999.0 2304.183337 2287.204623 2273.334603 2269.975634 2292.043678 2315.741566 2340.065990 2361.112963
-9999.0 -9999.0 -9999.0 -9999.0 -9999.0 -9999.0 -9999.0 -9999.0 -9999.0 -9999.0 -9999.0 -9999.0 -9999.0 -9999.0 -9999.0 -9999.0 -9999.0 -9999.0 -9999.0 -9999.0 -9999.0 -9999.0 -9999.0 -9999.0 -9999.0 -9999.0 -9999.0 -9999.0 -9999.0 -9999.0 -9999.0 -9999.0 -9999.0 -9999.0 -9999.0 -9999.0 -9999.0 -9999.0 -9999.0 -9999.0 2352.145074 2358.268539 2358.894781 2349.215345 2338.355714 2325.599560 2305.520182 2288.236969 2274.817707 2273.106152 2276.116171 2280.180795 2302.060722 2327.729856 2348.079049
-9999.0 -9999.0 -9999.0 -9999.0 -9999.0 -9999.0 -9999.0 -9999.0 -9999.0 -9999.0 -9999.0 -9999.0 -9999.0 -9999.0 -9999.0 -9999.0 -9999.0 -9999.0 -9999.0 -9999.0 -9999.0 -9999.0 -9999.0 -9999.0 -9999.0 -9999.0 -9999.0 -9999.0 -9999.0 -9999.0 -9999.0 -9999.0 -9999.0 -9999.0 2258.320333 2275.681981 2294.043511 2312.985145 2330.302655 2337.612740 2343.589451 2349.376233 2345.319851 2341.259344 2330.147068 2310.257152 2291.295514 2278.520047 2277.576442 2275.646909 2280.006023 2292.567351 2309.799093 2325.784004 2346.983763
-9999.0 -9999.0 -9999.0 -9999.0 -9999.0 -9999.0 -9999.0 -9999.0 -9999.0 -9999.0 -9999.0 -9999.0 -9999.0 -9999.0 -9999.0 -9999.0 -9999.0 -9999.0 -9999.0 -9999.0 -9999.0 -9999.0 -9999.0 -9999.0 -9999.0 -9999.0 -9999.0 -9999.0 2261.285404 2255.669938 2251.244014 2250.241579 2249.391444 2248.861504 2255.877266 2267.714285 2285.561422 2307.989822 2321.658536 2329.376153 2336.589742 2337.525234 2332.429580 2331.117494 2332.059628 2320.205591 2308.639038 2297.844127 2287.380186 2285.384185 2295.093351 2309.868444 2326.650782 2341.889745 2357.720266
-9999.0 -9999.0 -9999.0 -9999.0 -9999.0 -9999.0 -9999.0 -9999.0 -9999.0 -9999.0 -9999.0 -9999.0 -9999.0 -9999.0 -9999.0 -9999.0 -9999.0 -9999.0 -9999.0 -9999.0 -9999.0 -9999.0 -9999.0 2229.599942 2235.134597 2242.106108 2250.209795 2251.656002 2248.453190 2243.460981 2241.202186 2240.347416 2238.878495 2243.955458 2251.847592 2265.522351 2281.505824 2304.180305 2313.097190 2318.580936 2330.777717 2334.657251 2342.240773 2346.754736 2345.464087 2342.349873 2328.860754 2318.667818 2322.444467 2327.699785 2335.085719 2343.826076 2357.770394 2372.620526 2389.133165
-9999.0 -9999.0 -9999.0 -9999.0 -9999.0 -9999.0 -9999.0 -9999.0 -9999.0 -9999.0 -9999.0 -9999.0 -9999.0 -9999.0 -9999.0 -9999.0 -9999.0 -9999.0 -9999.0 2203.663535 2204.961590 2206.765799 2211.997214 2212.902627 2215.261377 2222.639455 2231.272252 2234.548462 2233.085426 2232.529595 2234.554791 2237.824464 2242.921107 2254.294111 2268.397959 2282.950475 2296.677297 2317.927431 2332.947138 2346.238671 2362.280889 2362.853229 2359.663840 2358.493659 2359.142421 2358.678192 2359.784412 2360.762732 2367.460659 2370.236114 2375.371919 2385.063997 2397.248020 2414.897617 2433.830668
-9999.0 -9999.0 -9999.0 -9999.0 -9999.0 -9999.0 -9999.0 -9999.0 -9999.0 -9999.0 -9999.0 -9999.0 -9999.0 -9999.0 -9999.0 -9999.0 2173.910775 2176.013434 2178.737491 2184.588681 2188.419052 2192.879082 2200.340855 2202.243115 2206.358483 2214.052638 2219.285543 2228.998197 2237.850328 2245.612136 2252.086558 2255.180770 2262.602123 2272.480983 2284.550536 2299.404587 2320.431131 2344.183054 2360.468579 2377.639306 2395.279897 2396.383690 2395.461741 2396.589500 2396.353033 2400.061301 2416.052139 2420.693491 2418.484427 2431.347001 2444.488326 2448.825606 2457.215384 2477.375699 2500.663102
-9999.0 -9999.0 -9999.0 -9999.0 -9999.0 -9999.0 -9999.0 -9999.0 -9999.0 -9999.0 -9999.0 -9999.0 -9999.0 2124.577608 2128.935933 2139.342252 2150.389688 2153.701480 2158.901322 2165.872750 2178.571156 2182.762869 2189.408752 2197.357659 2210.376592 2219.663717 2229.234996 2241.605144 2250.343921 2257.953106 2265.138452 2269.690019 2282.403335 2297.409488 2312.828218 2332.830446 2355.139641 2374.802749 2394.250157 2410.842371 2423.853389 2423.677702 2423.365956 2426.164234 2432.697929 2448.494558 2466.579769 2471.064379 2484.576446 2506.518881 2518.610325 2528.366481 2536.357859 2550.690417 2572.490788
-9999.0 -9999.0 -9999.0 -9999.0 -9999.0 -9999.0 -9999.0 -9999.0 -9999.0 -9999.0 2093.801680 2095.940858 2092.793803 2091.597739 2097.589988 2110.375494 2125.147498 2131.692997 2144.123748 2165.916928 2184.855969 2188.739364 2203.283218 2214.327894 2221.825314 2232.600274 2246.166300 2259.078748 2275.554213 2288.024378 2298.472994 2316.602096 2333.068946 2349.830435 2367.745440 2388.502405 2406.554849 2432.774847 2459.662858 2470.886432 2490.688415 2497.550874 2494.690738 2494.442451 2504.286847 2518.306294 2536.432856 2555.739904 2575.481879 2599.219385 2613.104884 2627.091803 2637.591309 2649.585442 2665.883981
-9999.0 -9999.0 -9999.0 -9999.0 -9999.0 -9999.0 -9999.0 -9999.0 2068.342301 2076.425154 2082.545274 2079.823476 2075.827411 2071.325274 2086.167852 2102.364379 2118.906770 2137.574136 2153.964212 2172.852439 2188.030056 2204.136642 2225.037368 2237.054691 2248.897045 2264.777612 2278.765395 2295.215723 2316.577046 2327.108339 2341.240591 2362.027072 2379.464064 2397.401578 2416.443131 2434.361467 2458.599658 2490.940029 2521.981136 2541.774547 2569.069466 2588.940880 2586.237883 2587.281131 2590.842430 2615.724284 2643.799511 2673.850046 2697.753740 2723.769635 2752.946787 2770.552533 2781.130073 2793.882419 2809.411626
-9999.0 -9999.0 -9999.0 -9999.0 -9999.0 -9999.0 2039.560676 2064.152370 2079.684088 2071.789084 2059.937293 2055.946055 2051.264164 2079.501927 2102.359342 2120.351601 2137.851631 2156.144348 2173.236361 2184.470504 2216.882742 2236.543450 2250.504799 2266.883000 2282.371309 2297.829972 2315.495307 2338.512369 2358.616991 2384.610214 2405.779090 2426.393553 2452.574177 2471.880680 2490.572657 2507.231631 2537.302538 2573.427776 2609.591854 2636.731268 2663.047154 2696.637444 2701.141592 2705.916902 2711.109098 2734.383958 2767.599070 2796.715560 2830.240542 2862.362303 2890.570680 2828.469255 2834.202928 2844.279831 2856.814819
-9999.0 -9999.0 -9999.0 -9999.0 2006.056548 2027.106973 2046.684966 2077.360166 2100.019951 2095.539777 2101.487406 2101.049132 2098.441968 2103.671071 2112.102823 2130.512933 2150.235299 2170.328433 2187.144227 2218.937600 2265.676286 2279.899828 2301.397053 2333.069800 2346.467345 2362.213237 2379.179943 2401.796457 2424.932532 2456.458927 2495.898374 2529.569504 2553.895308 2575.390139 2596.422329 2616.684911 2652.134768 2691.843478 2729.199952 2762.689286 2790.436991 2817.505781 2828.229468 2835.769528 2847.738782 2865.422036 2888.098976 2839.768071 2868.110262 2899.573434 2923.053408 2929.312775 2935.161950 2944.804489 2953.295448
-9999.0 -9999.0 -9999.0 1953.767993 1992.842496 2031.922503 2058.506409 2089.442312 2122.182133 2124.812463 2134.281740 2137.144595 2139.555889 2147.237827 2153.771270 2171.460554 2189.677616 2208.791893 2231.850164 2268.166300 2301.264695 2325.802668 2356.709779 2378.928486 2396.831817 2412.431237 2432.151562 2455.256334 2494.961116 2529.530745 2577.939575 2630.407228 2665.503395 2690.080682 2713.953084 2742.596271 2768.679208 2806.224390 2841.676092 2875.055412 2833.589142 2852.969995 2868.749858 2874.404967 2883.622738 2890.413964 2904.203223 2920.369417 2941.777274 2971.057415 2998.654510 2996.400376 3008.946120 3018.810562 3034.715859
-9999.0 -9999.0 1905.729847 1944.612744 1977.376438 2025.954008 2079.350060 2114.636893 2155.295495 2177.140749 2182.760535 2197.148626 2211.241580 2216.161839 2229.139299 2245.039082 2266.349283 2275.715063 2295.961363 2319.906048 2364.197602 2404.748145 2413.794730 2460.044051 2493.359170 2525.154122 2545.974157 2574.083699 2612.226668 2650.863381 2699.735096 2750.630114 2786.721304 2817.522543 2835.258665 2856.498412 2878.901263 2830.319718 2861.532014 2887.867447 2915.426499 2940.313668 2960.389501 2963.672393 2967.157694 2982.732016 3007.974964 3006.876411 3031.470355 3057.127120 3050.199798 3066.226285 3073.920005 3078.264287 3085.056487
-9999.0 -9999.0 1877.017301 1922.970903 1960.307688 2022.435617 2106.361322 2142.522362 2184.576904 2231.175557 2248.172968 2271.979310 2275.275553 2274.915890 2296.485964 2315.906205 2334.177110 2343.098975 2341.601093 2396.858918 2454.165595 2492.270773 2518.935936 2592.676584 2643.564056 2666.280509 2684.842715 2707.487742 2731.186143 2772.775031 2816.092147 2870.274818 2842.238298 2867.538739 2881.982225 2900.474588 2919.576282 2931.871667 2950.411861 2992.173431 2995.498788 3021.580357 3050.107101 3070.107269 3077.713346 3081.528315 3062.690668 3075.785889 3085.551315 3089.823334 3091.458505 3087.841424 3087.229981 3087.990067 3088.945845
-9999.0 1785.466209 1837.915673 1889.772225 1956.419291 2020.796859 2099.917169 2177.788202 2240.728177 2291.683424 2319.826901 2322.884988 2340.761166 2374.995043 2398.738247 2421.475574 2427.741034 2437.644257 2425.192096 2478.745222 2523.545872 2585.734732 2692.561473 2751.350717 2808.067500 2809.710744 2804.253889 2815.073306 2836.295919 2881.581414 2882.681169 2930.216453 2984.933328 3003.448091 3017.070678 3023.052948 3040.021348 3059.145385 3024.935467 3057.632257 3071.234967 3083.602891 3089.443179 3091.218358 3092.236542 3092.123984 3088.659706 3081.946640 3074.023751 3068.376181 3064.284560 3059.810060 3062.252379 3065.563627 3066.048215
-9999.0 1748.358489 1806.753327 1876.699560 1946.018286 2002.774173 2095.242222 2251.729206 2311.225434 2349.996125 2364.573929 2362.795200 2430.491203 2494.521060 2525.031423 2571.580578 2563.137487 2552.897682 2529.602731 2560.864172 2606.472778 2681.434522 2840.325651 2869.750020 2907.232826 2916.392077 2919.989815 2947.048140 2986.436511 3003.824528 3037.747877 3019.554087 3057.080470 3074.251137 3078.123206 3078.768084 3082.953144 3081.953195 3080.110049 3075.971894 3071.025722 3071.223361 3075.568417 3075.429175 3072.619362 3069.462005 3063.915243 3056.521752 3051.276101 3046.690978 3044.019171 3041.132883 3039.363102 3039.004816 3034.481933
-9999.0 1712.646943 1785.991117 1846.766844 1901.483843 2003.309460 2132.131825 2273.133426 2368.897854 2405.699139 2405.066368 2456.913893 2559.310314 2662.687689 2716.540633 2741.881330 2734.973464 2702.431692 2696.320173 2743.125083 2812.809312 2866.799376 2979.022124 3042.921579 3054.954134 3057.701655 3021.966758 3041.510630 3059.590663 3060.745942 3061.586194 3067.240482 3072.236186 3075.018413 3073.616135 3070.825657 3066.168267 3058.202102 3053.443700 3049.984427 3046.380210 3045.529107 3047.773221 3049.310592 3046.652383 3042.844199 3038.411846 3032.910259 3028.182244 3021.587592 3017.477323 3013.382147 3011.298460 3006.147119 3002.425945
-9999.0 1599.551994 1692.577290 1739.566226 1831.708397 2014.399352 2143.054412 2288.311679 2445.896508 2475.873504 2535.543698 2667.553928 2780.859490 2832.722192 2864.294075 2899.974459 2925.662390 2944.305378 2979.332549 2894.769439 2963.073167 3018.520201 3050.474354 3064.233895 3069.791447 3070.230933 3061.150972 3041.119789 3030.633667 3023.971193 3025.662805 3032.936454 3037.937887 3042.996015 3040.821102 3041.678050 3042.329016 3039.089410 3036.579137 3028.198037 3020.516483 3014.262447 3011.639191 3016.553312 3011.863172 3009.239220 3003.287911 2996.624631 3016.991369 3010.275133 3002.455533 2995.801541 2993.244683 2987.876009 2986.423028
-9999.0 1518.699191 1593.178297 1665.760778 1788.514190 1952.850860 2063.756208 2226.244487 2453.406316 2581.427104 2729.032317 2812.368364 2860.995240 2907.383194 2960.961386 2994.910840 3018.022339 3027.969888 3004.957031 3021.477088 3002.130726 2992.173496 2987.694807 3013.662109 3028.531344 3032.346783 3024.264724 3014.582058 3007.467576 3006.426158 3004.663082 3001.693194 2998.588389 2995.612104 2992.510195 2995.045360 3000.044239 2994.757148 3012.405523 3004.323481 2996.365597 2987.608493 2981.905412 2977.820917 2977.592466 2977.687599 2970.225950 2960.010860 2950.492686 2942.408262 2935.053231 2930.066449 2927.346692 2922.380780 2916.665391
-9999.0 1407.845804 1535.783847 1619.814101 1726.128616 1858.689720 1972.780187 2130.143932 2268.924636 2503.030902 2653.173379 2808.037809 2831.939763 2894.397043 2945.370191 2998.964740 2996.685976 2981.712541 2943.590368 2928.107656 2937.205305 2946.292102 2955.857761 2972.335113 2989.900466 2999.966036 3003.984514 2997.652988 2984.014442 2973.093187 2963.996228 2952.102348 2943.804602 2941.952438 2944.652245 2953.451602 2954.727122 2945.711857 2933.409125 2919.651148 2904.870650 2893.633793 2891.268350 2893.431618 2894.074755 2890.250346 2884.091563 2873.549686 2861.182863 2849.166605 2842.799950 2837.979463 2830.796222 2823.434692 2875.719431
-9999.0 -9999.0 1454.505724 1564.111585 1663.874907 1780.005424 1880.627449 2009.809481 2154.784958 2330.992754 2448.998303 2607.766758 2694.874275 2741.419521 2783.317203 2809.975193 2830.433027 2856.833038 2846.466066 2855.008157 2863.390165 2868.862506 2875.847383 2884.012596 2895.695739 2905.687823 2914.995877 2912.700988 2903.991548 2885.124747 2861.912182 2843.957349 2834.258437 2826.056876 2836.930412 2848.903081 2844.504262 2837.857992 2829.075004 2878.625222 2865.671894 2851.432522 2847.521300 2847.199495 2847.103831 2844.004608 2839.988550 2826.552160 2813.400097 2802.063165 2796.711865 2790.119614 2784.990822 2774.219143 2764.033190
-9999.0 -9999.0 1367.820509 1473.891222 1581.323811 1701.244475 1792.320325 1832.918475 1976.268584 2085.636063 2192.315626 2298.541267 2389.645723 2457.250901 2496.024441 2558.525227 2609.688585 2629.117215 2664.502947 2710.977035 2744.336346 2781.224755 2804.702468 2818.199014 2833.478054 2849.159198 2858.553884 2846.082579 2835.921432 2819.760918 2797.660374 2772.922953 2760.310834 2758.590363 2758.940136 2761.855449 2754.949239 2745.719035 2731.594381 2718.614708 2706.217795 2696.109900 2691.996842 2686.967525 2684.625440 2681.313465 2678.253246 2669.680636 2659.615482 2653.222119 2644.417114 2639.104887 2636.669921 2631.453248 2623.787765
