tests/Borden05m/sims/sim_1/output-maps/psiliqL0012N0016.asc
ncols         160
nrows         34
xllcorner     620200.000000
yllcorner     5168000.000000
cellsize      0.500000
NODATA_value  -9999.0
[rows 0 to 24 of 34, columns 57 to 113 of 160]
-9999.0 -9999.0 -9999.0 -9999.0 -9999.0 -9999.0 -9999.0 -9999.0 -9999.0 -9999.0 -9999.0 -9999.0 -9999.0 -9999.0 -9999.0 -9999.0 -9999.0 -9999.0 -9999.0 -9999.0 -9999.0 -9999.0 -9999.0 -9999.0 -9999.0 -9999.0 -9999.0 -9999.0 -9999.0 -9999.0 -9999.0 -9999.0 -9999.0 -9999.0 -9999.0 -9999.0 -9999.0 -9999.0 -9999.0 -9999.0 -9999.0 -9999.0 -9999.0 -9999.0 -9999.0 -9999.0 -9999.0 -9999.0 -9999.0 -9999.0 -9999.0 -9999.0 -9999.0 -9999.0 -9999.0 -9999.0 -9999.0
-9999.0 -9999.0 622.367352 616.920359 611.749814 606.939132 598.117178 589.050223 580.776872 577.002110 576.298838 575.705073 575.520591 580.976707 589.150541 596.962371 604.305219 606.868856 609.457364 611.853976 612.475523 611.340111 608.198285 604.983622 601.647149 600.197427 592.104405 580.747029 571.938587 569.207949 573.664514 578.148548 580.639876 586.524070 597.263631 608.061172 616.566979 628.353652 633.991768 638.962306 641.782925 637.455225 633.638092 629.579947 624.316113 613.123822 -9999.0 -9999.0 -9999.0 -9999.0 -9999.0 -9999.0 -9999.0 -9999.0 -9999.0 -9999.0 -9999.0
605.749745 609.143284 598.029017 593.218929 590.039540 588.090838 583.308594 574.788683 569.690726 564.493616 562.906202 563.181795 563.470062 567.809760 578.092550 586.240336 591.176425 593.832030 596.566098 596.517148 596.140962 595.927343 593.143896 589.803993 586.481927 584.746791 585.137155 577.589691 572.185068 568.835373 567.292195 569.788870 572.134602 575.402532 584.887382 593.039588 601.190519 615.384695 627.664615 632.735211 630.028154 624.736620 620.625064 613.650660 603.331302 592.710616 582.657508 575.340540 569.537020 563.631005 569.343398 575.603545 585.302348 594.880935 606.687724 618.722198 -9999.0
590.675557 593.706726 583.097895 574.933331 570.212397 570.551643 573.217860 569.880412 565.495849 560.990887 569.626058 571.183639 572.588268 576.076238 579.420428 582.516612 585.433016 590.954047 600.117508 602.995013 603.690448 603.971093 602.258230 599.232443 597.503183 594.816646 589.699644 588.727174 589.121215 588.988497 594.032016 595.507630 597.097344 590.277672 593.703310 599.846303 606.627600 613.190352 619.833290 623.782807 620.273629 618.922982 610.074788 595.754040 584.054662 575.068361 572.617176 569.012571 560.777074 547.778647 554.416804 569.554826 573.801533 576.898706 588.360270 600.446220 610.675195
577.602058 580.868804 576.089545 577.529746 579.281677 580.989116 579.662568 576.978527 575.499498 588.491830 598.321932 600.480524 603.725402 607.560740 606.996352 595.160796 592.858540 601.383124 611.968985 618.023535 618.461689 618.594930 616.810460 615.893902 615.543969 613.380258 614.322370 616.928421 617.207310 622.045230 627.736724 630.571179 622.519333 613.250697 613.855630 621.437456 629.411884 636.645201 647.246316 658.433627 656.957036 650.737107 641.043940 626.675028 602.475862 582.162056 570.735379 563.115490 555.391233 554.626689 551.210227 561.769232 562.957842 564.309194 572.203992 582.148202 592.043933
593.768636 602.166902 596.568072 591.648039 588.998147 590.012329 590.585853 594.175350 607.347791 621.721081 636.939505 640.230690 643.247612 643.201331 634.225018 624.143837 620.416594 635.452020 651.823435 660.437342 661.510400 661.407528 668.792325 667.364904 665.462205 660.520107 662.837406 664.901902 675.431570 683.225630 690.299674 688.429494 676.351460 664.805378 662.894643 665.182120 667.945287 673.915822 684.066853 693.647817 688.116730 680.085230 668.926470 639.094554 610.663524 592.761876 592.134421 591.502329 585.865950 581.895368 577.746695 569.863593 568.679491 567.263516 566.125306 577.561805 589.435334
643.893168 660.425831 655.158102 647.375538 637.370777 638.325792 642.009459 650.814028 664.701304 683.337546 708.295551 712.216251 716.259750 719.788464 709.036590 696.971961 685.849987 703.397424 713.884962 723.149410 725.801640 736.498121 746.732563 742.207611 734.093468 724.151183 730.767787 743.455717 758.898037 765.845909 769.690644 768.792153 757.831259 751.851624 749.615458 750.902354 747.766307 751.649332 761.916658 776.716487 775.687985 765.121665 741.049057 702.736469 666.566312 644.180524 648.024035 640.059115 632.297729 627.261241 612.113985 599.975786 598.874448 588.392183 581.373266 592.088224 597.468483
693.815751 713.004029 709.251797 699.051197 686.514499 686.738745 695.126821 705.905112 725.934490 750.325927 775.659821 785.918793 790.844430 800.901423 794.844462 785.800354 777.605124 787.820460 800.439355 812.822428 823.499750 836.616311 848.452512 839.677890 828.275440 823.777428 829.043277 848.437033 865.462567 870.880492 872.544055 875.659242 867.188819 860.029505 852.497490 846.228694 839.669174 835.103338 852.267538 867.825855 865.336867 840.874791 815.289961 777.826335 738.499855 704.107047 700.811266 696.928091 694.251905 677.622765 660.588136 642.064824 630.760864 620.442334 604.994576 609.208962 613.480727
792.475486 814.466220 817.100035 801.693218 795.150290 800.578359 813.612211 821.344086 837.246913 863.085840 896.303704 919.363815 939.789251 944.630893 936.536990 927.824516 914.839769 912.303662 928.766629 941.001760 952.103402 963.173375 975.502736 981.450273 979.318111 979.033524 982.225734 988.795363 997.315285 1004.096945 1009.715892 1015.431063 1012.595418 1002.491677 995.297569 985.874183 978.236238 975.192409 976.546612 986.177589 983.657633 958.011020 930.111567 897.307093 859.205185 826.397191 806.624857 809.936908 796.650697 776.732730 754.808109 717.674682 698.841333 681.183720 650.454628 644.941000 652.345109
906.345373 922.283885 936.677503 933.392907 935.819314 940.236259 947.845163 953.549890 962.143276 995.059891 1030.407066 1060.463873 1085.167543 1094.325682 1084.742553 1075.383346 1063.923099 1054.733675 1058.333788 1072.352243 1088.742751 1104.229410 1115.194401 1118.845881 1117.667409 1117.991653 1119.908834 1122.977803 1125.901126 1131.728796 1138.783825 1148.676642 1159.623104 1154.044367 1137.214133 1124.333895 1109.843101 1103.979718 1101.741547 1099.023238 1098.260881 1090.872629 1060.105714 1031.382248 998.744225 968.387118 945.891657 929.863451 909.066713 885.372213 838.698511 796.958071 760.652149 731.708015 702.090676 698.071529 719.954492
1027.489981 1052.319579 1068.045492 1071.920377 1074.912920 1078.316890 1084.956126 1090.943674 1098.921372 1121.334860 1158.297253 1195.236805 1225.073204 1229.848924 1221.321241 1211.390160 1201.144072 1191.079424 1187.984262 1195.319418 1205.837630 1221.153574 1232.284293 1241.915926 1241.350558 1241.742420 1242.050776 1244.067270 1245.863180 1247.642272 1254.274835 1265.536743 1276.159821 1277.120460 1264.142196 1246.984894 1229.090830 1220.837475 1213.894576 1207.481506 1206.871802 1206.881415 1199.712686 1174.823996 1139.075607 1096.201475 1068.515198 1046.137115 1031.785042 1014.716443 989.342141 938.963469 908.610886 873.379470 838.294580 816.704510 854.713897
1141.095425 1171.586642 1190.880524 1199.578751 1201.027903 1204.140132 1212.321105 1219.469043 1230.313922 1247.089184 1270.222973 1298.673625 1325.398752 1343.047460 1339.962253 1328.219828 1311.658749 1306.976771 1305.995255 1307.822309 1313.900919 1321.127635 1335.694725 1350.696705 1355.792871 1356.416783 1354.013118 1356.019787 1357.109344 1357.187445 1358.040570 1362.326064 1368.896988 1371.111524 1366.315742 1350.548124 1330.344807 1315.099740 1305.632075 1300.481670 1297.788780 1298.292472 1297.062338 1285.039736 1256.469159 1218.849498 1184.872354 1161.683978 1144.448156 1129.793625 1117.809346 1098.832059 1080.471103 1049.917060 1006.942087 971.188932 970.041231
1240.753871 1267.216770 1291.710029 1308.738568 1313.806346 1320.608235 1326.329398 1336.814752 1352.533821 1371.125910 1384.772437 1401.309501 1422.263956 1434.664683 1440.507478 1441.102356 1440.080204 1441.806150 1441.820213 1418.868514 1421.247904 1423.530958 1429.437096 1436.430044 1438.532403 1438.615383 1437.628097 1438.617532 1438.963764 1439.189662 1438.897712 1438.663013 1440.428095 1440.947294 1439.758048 1433.342293 1434.459547 1417.326405 1405.143187 1397.411358 1389.585987 1380.913927 1371.207811 1361.274799 1344.969002 1318.032594 1284.613613 1256.480796 1243.672179 1235.839620 1228.236169 1221.765118 1205.894862 1184.028812 1153.590897 1115.614754 1081.321271
1336.429620 1356.323336 1383.035023 1401.760870 1412.523113 1421.559143 1426.916740 1439.162336 1452.091110 1448.127876 1451.475020 1454.935525 1458.368354 1459.663663 1460.064625 1459.855658 1457.441894 1456.754100 1454.676292 1449.400675 1439.529508 1440.454657 1441.429256 1443.493239 1446.619540 1445.026285 1445.799150 1448.656942 1447.296064 1442.058698 1438.662559 1437.143864 1437.517483 1444.430214 1447.316757 1447.834759 1446.742746 1445.758334 1445.120237 1443.752172 1442.203391 1440.066051 1437.214257 1439.237434 1429.133767 1406.180178 1373.868907 1339.490918 1324.449153 1318.834172 1318.254148 1314.251432 1307.071002 1287.792392 1260.427927 1224.686100 1186.886293
1443.205857 1442.372212 1451.160889 1455.908555 1458.405875 1461.208334 1463.795623 1464.811963 1461.547335 1457.923186 1453.026271 1451.483464 1449.896401 1447.305503 1447.742967 1445.515566 1441.206050 1437.116026 1430.025358 1418.512766 1406.362477 1403.186789 1407.138066 1411.515161 1415.246864 1417.902065 1420.971634 1422.102796 1417.680749 1410.258019 1403.545142 1401.737511 1408.087235 1413.529597 1418.547611 1419.177146 1417.861127 1416.057229 1416.575174 1414.692090 1415.841364 1422.860102 1436.387125 1442.791137 1445.089456 1444.589587 1438.034548 1426.204365 1416.544896 1396.760442 1399.302454 1393.997016 1381.810905 1360.330401 1336.291069 1306.868814 1278.031338
1455.042763 1453.270908 1447.492409 1441.852873 1441.166860 1444.911607 1451.447586 1452.462342 1445.169263 1436.472854 1428.874026 1421.431572 1418.544813 1416.624951 1415.511984 1415.061228 1409.186143 1400.764506 1384.733427 1372.037665 1359.788139 1352.901243 1350.452443 1354.893859 1363.886157 1372.638888 1376.941787 1370.555445 1363.522985 1353.437022 1345.758428 1346.136518 1348.555714 1357.386942 1370.826111 1375.154717 1376.056547 1371.578640 1367.940767 1363.046074 1362.232061 1370.226542 1386.094907 1401.858316 1415.763459 1424.239211 1431.804392 1438.208995 1442.181695 1443.013460 1443.315712 1442.136170 1439.964716 1424.601396 1403.839472 1380.072609 1355.843721
1433.922847 1428.503879 1421.507069 1415.429654 1413.318771 1415.256456 1417.615647 1413.811278 1406.431901 1395.500607 1383.621771 1372.863064 1365.762460 1365.563790 1366.886141 1366.977562 1359.973591 1345.023423 1327.034138 1312.695064 1297.985973 1293.195277 1287.810796 1283.381575 1293.334473 1309.514062 1315.297777 1302.260842 1292.833896 1279.235883 1272.203145 1269.434139 1271.116407 1280.482971 1299.850661 1318.655641 1320.172783 1311.348658 1302.916220 1299.250560 1298.023511 1305.901875 1325.147393 1345.809600 1361.311273 1371.785807 1378.522322 1387.423651 1397.407114 1409.760074 1422.988790 1434.074166 1442.869203 1446.369939 1444.616851 1439.372106 1426.043291
1403.640130 1395.230532 1387.451432 1380.584320 1375.645603 1372.748711 1369.419360 1362.766728 1354.984506 1340.243958 1327.187370 1314.363117 1299.978504 1295.754028 1292.185644 1293.115065 1281.384285 1270.334104 1251.099783 1234.990087 1218.781546 1207.944355 1201.598691 1195.366831 1199.342461 1214.301256 1223.036860 1209.762870 1199.757832 1187.273540 1181.396437 1178.352611 1180.331183 1190.569153 1212.668872 1231.379548 1238.602187 1231.426033 1227.088329 1225.784266 1225.958445 1232.888749 1248.602595 1269.423432 1291.097964 1307.953923 1318.444943 1327.300002 1338.337868 1353.502257 1368.203007 1382.894358 1400.394941 1420.420020 1435.077248 1444.419857 1448.519422
1363.143255 1352.815839 1341.647097 1330.423966 1323.564145 1323.876505 1316.532747 1309.440393 1293.795595 1247.664387 1229.158073 1210.639521 1194.762109 1188.367918 1180.357451 1172.000298 1162.224080 1154.920060 1147.191609 1131.189837 1113.378434 1096.862301 1091.168771 1086.518663 1077.427495 1082.009864 1085.007987 1088.757727 1081.658794 1076.076181 1074.099977 1071.811618 1075.171293 1088.835940 1100.859998 1111.337139 1117.944790 1117.113823 1124.646899 1131.732635 1136.665319 1153.447272 1167.979428 1186.579363 1208.918525 1233.318184 1247.575950 1258.254691 1270.296865 1286.910164 1304.610656 1323.085539 1346.349441 1371.532013 1388.171071 1399.986122 1412.498793
1312.745013 1298.138906 1284.855470 1271.596698 1257.885904 1257.828761 1253.507345 1244.421414 1203.175954 1160.605777 1127.889732 1109.159570 1086.614194 1074.627994 1062.877450 1036.211450 1021.471859 1014.920243 1019.280246 1009.185296 991.779352 977.244890 968.633174 961.516389 948.336060 939.354182 943.902162 956.018167 951.783313 950.366527 954.632605 953.103980 949.942171 955.665791 970.216348 978.701148 989.018142 1001.118535 1006.478157 1016.681339 1043.894682 1058.865876 1075.264738 1096.526974 1119.526477 1143.374162 1164.754983 1179.223786 1195.000327 1214.919070 1232.943936 1254.891292 1279.481422 1309.009699 1329.691093 1345.184333 1357.922385
1238.949695 1222.012320 1204.243270 1183.100930 1161.997561 1158.736818 1150.899632 1131.160512 1084.842396 1044.295836 1014.093412 991.311629 966.559875 947.111338 919.390190 887.471425 866.859693 871.803304 878.629165 879.004106 864.595500 851.330477 840.622971 826.349492 810.632083 798.884939 807.358416 815.956525 824.420884 828.100400 831.948890 834.641574 833.700645 829.567353 835.163580 844.487267 855.502065 866.888889 881.528040 912.097889 938.016008 956.762553 978.942960 1000.752496 1025.164309 1050.655413 1073.743899 1091.401253 1111.342392 1131.974946 1154.248138 1176.464361 1202.659078 1233.072206 1258.579118 1275.376357 1291.149926
1155.441525 1132.631881 1105.822361 1066.809353 1051.248314 1041.682224 1028.037457 991.237882 948.433667 913.292953 888.919356 863.470166 838.843293 811.087637 779.132890 752.140231 731.654174 738.055835 744.786816 755.769117 743.563569 732.021448 725.378200 710.174290 695.963561 681.383802 688.886669 698.852829 716.101574 720.353939 723.902824 730.946952 730.026069 727.812638 719.315206 728.429931 739.448510 753.903392 782.429688 808.494462 834.132342 857.197803 879.495334 904.021331 930.093777 956.423273 983.932293 1005.318196 1026.248759 1049.514447 1071.519998 1091.576518 1114.235181 1141.991729 1166.366355 1187.643232 1210.140666
1053.906716 1029.321043 992.616965 948.659402 914.029812 897.145342 858.475253 823.947470 788.349202 770.151644 750.773880 726.799291 704.206000 681.980528 655.259137 632.036494 607.644343 611.133329 623.370289 637.082424 631.159594 627.310796 623.836792 612.354050 598.499665 584.849278 588.446312 603.635529 620.516431 628.031383 634.739571 642.370923 642.611451 635.966373 627.866146 633.917086 648.494668 665.335704 687.275684 710.944561 734.446101 756.788019 781.514498 807.366737 833.791729 862.177613 891.634800 914.485162 940.635813 967.450102 989.062712 1003.360522 1019.410466 1045.292159 1065.634227 1089.448491 1113.861516
946.292795 918.985559 877.627070 834.514347 790.881071 750.875350 716.741313 684.559740 666.061726 646.158817 627.353596 608.347162 586.584524 566.505414 547.102463 524.627610 506.652723 511.760289 524.661091 535.667748 538.301129 535.122286 531.878712 524.215189 510.413724 500.395434 508.845213 524.204553 539.089289 549.332601 556.122472 562.276266 559.699386 551.660813 546.093956 554.447829 570.341422 585.765529 603.824192 626.224748 648.743160 671.854850 696.217701 720.837727 748.059734 776.305561 805.158648 833.817290 860.232850 884.991615 898.963737 912.992543 922.998488 941.495808 962.105645 984.777958 1010.485072
820.008800 790.847536 756.471638 716.553185 684.629557 651.234901 619.201980 587.860322 561.611097 543.804091 533.317553 517.939840 498.231844 484.303044 467.023494 449.290858 448.960542 451.719307 462.781762 463.925838 464.433499 461.343137 460.128856 455.699987 445.026434 451.959453 459.449492 474.097579 484.920001 494.394295 500.690143 504.882232 504.859182 498.583986 502.246174 509.611852 524.498781 536.799709 552.465015 573.989946 592.357274 612.936218 636.321907 660.674946 686.449223 713.983411 743.749280 770.998177 793.416151 805.777698 819.312534 827.895767 825.124006 841.952908 859.745572 877.532402 903.368803
