tests/Borden05m/sims/sim_1/output-maps/psiliqL0022N0013.asc
ncols         160
nrows         34
xllcorner     620200.000000
yllcorner     5168000.000000
cellsize      0.500000
NODATA_value  -9999.0
[rows 0 to 24 of 34, columns 0 to 54 of 160]
-9999.0 -9999.0 -9999.0 -9999.0 -9999.0 -9999.0 -9999.0 -9999.0 -9999.0 -9999.0 -9999.0 -9999.0 -9999.0 -9999.0 -9999.0 -9999.0 -9999.0 -9999.0 -9999.0 -9999.0 -9999.0 -9999.0 -9999.0 -9999.0 -9999.0 -9999.0 -9999.0 -9999.0 -9999.0 -9999.0 -9999.0 -9999.0 -9999.0 -9999.0 -9999.0 -9999.0 -9999.0 -9999.0 -9999.0 -9999.0 -9999.0 -9999.0 -9999.0 -9999.0 -9999.0 -9999.0 -9999.0 -9999.0 -9999.0 -9999.0 -9999.0 -9999.0 -9999.0 -9999.0 -9999.0
-9999.0 -9999.0 -9999.0 -9999.0 -9999.0 -9999.0 -9999.0 -9999.0 -9999.0 -9999.0 -9999.0 -9999.0 -9999.0 -9999.0 -9999.0 -9999.0 -9999.0 -9999.0 -9999.0 -9999.0 -9999.0 -9999.0 -9999.0 -9999.0 -9999.0 -9999.0 -9999.0 -9999.0 -9999.0 -9999.0 -9999.0 -9999.0 -9999.0 -9999.0 -9999.0 -9999.0 -9999.0 -9999.0 -9999.0 -9999.0 -9999.0 -9999.0 -9999.0 -9999.0 -9999.0 -9999.0 -9999.0 -9999.0 -9999.0 -9999.0 -9999.0 -9999.0 -9999.0 -9999.0 -9999.0
-9999.0 -9999.0 -9999.0 -9999.0 -9999.0 -9999.0 -9999.0 -9999.0 -9999.0 -9999.0 -9999.0 -9999.0 -9999.0 -9999.0 -9999.0 -9999.0 -9999.0 -9999.0 -9999.0 -9999.0 -9999.0 -9999.0 -9999.0 -9999.0 -9999.0 -9999.0 -9999.0 -9999.0 -9999.0 -9999.0 -9999.0 -9999.0 -9999.0 -9999.0 -9999.0 -9999.0 -9999.0 -9999.0 -9999.0 -9999.0 -9999.0 -9999.0 -9999.0 -9999.0 -9999.0 -9999.0 -9999.0 2504.377909 2487.422294 2473.753657 2470.233004 2492.217237 2515.925341 2540.286717 2561.361240
-9999.0 -9999.0 -9999.0 -9999.0 -9999.0 -9999.0 -9999.0 -9999.0 -9999.0 -9999.0 -9999.0 -9999.0 -9999.0 -9999.0 -9999.0 -9999.0 -9999.0 -9999.0 -9999.0 -9999.0 -9999.0 -9999.0 -9999.0 -9999.0 -9999.0 -9999.0 -9999.0 -9999.0 -9999.0 -9999.0 -9999.0 -9999.0 -9999.0 -9999.0 -9999.0 -9999.0 -9999.0 -9999.0 -9999.0 -9999.0 2552.492646 2558.629055 2559.159345 2549.550667 2538.701467 2525.842872 2505.723762 2488.480535 2475.214438 2473.571696 2476.589684 2480.492769 2502.253723 2528.017090 2548.417288
-9999.0 -9999.0 -9999.0 -9999.0 -9999.0 -9999.0 -9999.0 -9999.0 -9999.0 -9999.0 -9999.0 -9999.0 -9999.0 -9999.0 -9999.0 -9999.0 -9999.0 -9999.0 -9999.0 -9999.0 -9999.0 -9999.0 -9999.0 -9999.0 -9999.0 -9999.0 -9999.0 -9999.0 -9999.0 -9999.0 -9999.0 -9999.0 -9999.0 -9999.0 2458.560435 2475.893737 2494.263126 2513.243445 2530.607463 2537.963550 2543.947802 2549.720050 2545.640666 2541.618582 2530.496060 2510.468692 2491.538046 2478.859202 2478.028147 2476.126373 2480.453224 2492.938333 2510.188222 2526.108684 2547.301313
-9999.0 -9999.0 -9999.0 -9999.0 -9999.0 -9999.0 -9999.0 -9999.0 -9999.0 -9999.0 -9999.0 -9999.0 -9999.0 -9999.0 -9999.0 -9999.0 -9999.0 -9999.0 -9999.0 -9999.0 -9999.0 -9999.0 -9999.0 -9999.0 -9999.0 -9999.0 -9999.0 -9999.0 2461.574594 2455.960093 2451.561955 2450.565226 2449.717194 2449.212904 2456.216646 2467.991717 2485.780117 2508.268002 2521.990906 2529.738126 2536.993816 2537.920209 2532.777138 2531.510708 2532.486951 2520.583856 2508.986811 2498.165552 2487.668274 2485.573016 2495.260140 2510.076974 2526.884241 2542.125475 2557.951572
-9999.0 -9999.0 -9999.0 -9999.0 -9999.0 -9999.0 -9999.0 -9999.0 -9999.0 -9999.0 -9999.0 -9999.0 -9999.0 -9999.0 -9999.0 -9999.0 -9999.0 -9999.0 -9999.0 -9999.0 -9999.0 -9999.0 -9999.0 2429.892535 2435.353641 2442.325235 2450.447933 2451.897143 2448.746077 2443.774185 2441.552970 2440.717177 2439.216921 2444.314511 2452.132699 2465.774022 2481.733013 2504.467688 2513.381697 2518.743591 2530.895354 2534.882378 2542.667301 2547.194133 2545.911447 2542.714946 2529.054899 2518.706968 2522.284857 2527.427851 2534.855820 2543.646671 2557.576431 2572.299431 2588.613258
-9999.0 -9999.0 -9999.0 -9999.0 -9999.0 -9999.0 -9999.0 -9999.0 -9999.0 -9999.0 -9999.0 -9999.0 -9999.0 -9999.0 -9999.0 -9999.0 -9999.0 -9999.0 -9999.0 2404.080271 2405.389214 2407.214956 2412.443243 2413.277246 2415.595351 2422.954104 2431.576897 2434.900165 2433.396893 2432.883274 2434.899516 2438.169182 2443.292018 2454.607411 2468.686939 2483.228597 2496.876968 2518.117727 2533.112768 2546.311706 2562.311923 2563.006435 2559.882754 2558.753708 2559.365194 2558.719694 2559.368404 2560.079066 2566.815140 2569.304832 2574.242656 2583.898575 2595.879683 2613.350451 2632.081915
-9999.0 -9999.0 -9999.0 -9999.0 -9999.0 -9999.0 -9999.0 -9999.0 -9999.0 -9999.0 -9999.0 -9999.0 -9999.0 -9999.0 -9999.0 -9999.0 2374.385054 2376.486495 2379.228230 2385.078746 2388.979761 2393.427087 2400.855958 2402.719408 2406.791516 2414.473988 2419.664577 2429.413726 2438.288293 2446.022919 2452.479028 2455.542562 2462.874573 2472.707551 2484.728475 2499.453900 2520.341786 2544.110008 2560.296555 2577.447740 2595.113591 2596.236753 2595.288973 2596.362736 2595.930465 2598.979749 2614.685819 2619.143003 2616.442047 2628.796117 2641.798835 2645.961341 2655.020876 2675.393291 2698.655989
-9999.0 -9999.0 -9999.0 -9999.0 -9999.0 -9999.0 -9999.0 -9999.0 -9999.0 -9999.0 -9999.0 -9999.0 -9999.0 2324.735627 2329.096864 2339.581947 2350.832541 2354.199801 2359.462996 2366.487425 2379.167908 2383.334925 2389.908761 2397.777000 2410.879721 2420.160729 2429.683854 2442.024918 2450.706024 2458.266522 2465.374548 2469.674311 2482.215290 2497.103892 2512.395922 2532.282579 2554.517410 2573.927638 2592.931407 2609.529020 2622.381020 2621.849293 2621.591396 2624.403127 2630.689632 2646.859314 2664.900013 2668.747693 2681.558025 2703.373977 2715.305731 2724.827455 2732.803474 2747.322692 2769.200273
-9999.0 -9999.0 -9999.0 -9999.0 -9999.0 -9999.0 -9999.0 -9999.0 -9999.0 -9999.0 2294.367483 2296.460750 2293.322534 2291.946194 2298.031032 2310.868837 2325.739638 2332.211867 2344.685134 2366.505802 2385.492424 2389.283901 2403.649400 2414.775984 2422.275601 2432.964337 2446.467237 2459.270325 2475.571897 2487.913797 2498.075429 2515.879905 2532.199170 2548.883067 2566.720039 2587.412867 2604.870595 2630.582521 2657.956946 2668.964564 2688.396920 2694.589791 2691.705434 2691.401176 2701.393355 2715.191035 2732.904631 2751.583498 2770.196982 2793.649228 2807.077588 2821.156355 2831.695805 2843.672743 2859.829027
-9999.0 -9999.0 -9999.0 -9999.0 -9999.0 -9999.0 -9999.0 -9999.0 2268.804174 2276.985483 2283.081080 2280.371654 2276.417061 2271.788977 2286.758879 2302.959111 2319.511265 2338.256807 2354.595563 2373.440260 2388.417974 2404.329276 2425.367765 2437.322154 2449.051587 2464.869645 2478.756889 2494.956985 2516.172332 2526.190365 2539.787222 2560.314415 2577.221848 2594.990608 2613.961095 2631.684685 2656.154971 2688.309794 2719.281742 2738.682026 2765.859126 2784.434753 2781.343744 2782.172113 2785.641506 2810.480040 2838.454281 2868.324663 2827.098601 2848.527266 2876.306191 2893.402283 2902.652095 2913.878792 2927.742847
-9999.0 -9999.0 -9999.0 -9999.0 -9999.0 -9999.0 2239.782335 2264.415483 2280.007708 2272.092743 2259.920795 2255.851848 2251.043625 2279.987888 2302.943742 2320.995264 2338.510326 2356.797324 2373.811773 2384.571521 2416.756116 2436.571477 2450.335556 2466.298205 2481.757245 2497.180383 2514.715502 2537.508717 2557.108824 2582.151154 2602.430428 2622.352309 2649.050933 2668.241579 2686.885778 2703.298045 2733.195587 2768.375746 2804.469063 2831.427667 2857.464303 2829.300745 2828.804886 2831.573735 2834.795048 2856.907878 2889.107275 2917.434782 2946.624568 2977.010483 3003.614779 2991.935417 2999.623371 3009.161229 3021.149668
-9999.0 -9999.0 -9999.0 -9999.0 2206.273084 2227.334393 2246.828369 2277.486324 2300.142106 2295.717880 2301.529979 2300.975229 2298.215809 2303.626292 2312.234639 2330.638025 2350.450567 2370.600121 2387.067557 2418.387496 2465.438345 2479.312636 2500.204829 2531.620879 2544.779437 2560.414351 2577.311150 2599.641595 2621.767199 2653.474200 2692.252840 2725.406117 2749.509479 2770.010197 2790.959200 2810.994489 2846.436149 2823.799284 2856.461069 2887.972600 2914.309215 2937.027119 2945.327916 2950.930048 2961.180092 2977.469176 2998.545032 3002.383890 3032.957549 3063.970647 3086.958383 3095.859200 3101.292205 3110.486345 3118.399857
-9999.0 -9999.0 -9999.0 2153.542184 2192.665412 2231.927687 2258.427405 2289.347212 2322.159954 2324.451200 2333.972834 2336.481739 2338.481433 2346.001713 2352.190626 2369.924848 2388.380581 2407.870591 2431.150654 2467.334059 2499.989763 2523.563449 2554.087826 2575.213778 2592.457944 2607.818003 2627.505324 2650.245479 2690.554948 2724.728275 2772.166197 2824.559105 2859.226962 2821.959353 2841.041569 2867.536745 2891.682661 2925.262917 2958.599294 2989.757680 2998.122066 3019.073361 3033.935170 3038.776066 3047.453657 3053.509463 3066.640490 3085.802749 3107.015103 3136.069950 3163.994647 3186.450565 3200.315165 3210.315099 3226.340412
-9999.0 -9999.0 2105.381692 2144.416910 2176.951047 2225.261471 2278.711858 2314.116025 2354.712430 2376.227331 2381.647432 2395.595280 2409.522434 2414.139923 2426.762224 2442.494288 2464.373854 2474.106682 2494.832631 2517.603901 2560.751420 2600.367530 2607.255836 2653.286059 2686.537747 2718.790176 2739.198182 2767.374655 2805.988564 2843.950212 2830.466584 2876.635429 2910.611374 2936.418532 2951.709496 2970.852950 2990.768277 2993.138672 3026.376679 3051.976316 3082.418930 3106.906922 3126.332607 3128.676817 3131.556647 3146.782963 3172.606644 3196.656937 3222.837382 3248.965257 3240.551640 3258.710405 3266.866585 3271.422772 3278.583211
-9999.0 -9999.0 2076.355825 2122.457555 2159.305684 2220.746570 2305.313902 2341.282268 2383.160551 2429.972777 2446.771872 2470.557241 2472.608056 2470.784529 2492.184153 2511.237295 2530.505343 2539.763742 2537.966854 2592.841762 2650.525165 2686.604946 2709.397072 2784.182537 2835.801514 2858.891573 2818.575468 2836.019322 2856.836125 2895.857285 2933.909134 2985.699551 3005.805162 3033.376299 3047.090793 3065.033354 3083.453477 3097.389377 3115.528378 3158.013956 3185.482365 3213.140733 3242.134166 3262.256110 3269.864302 3273.797513 3253.757542 3268.850275 3279.197166 3283.666074 3285.368334 3281.706371 3281.073793 3281.822439 3282.756789
-9999.0 1984.390807 2036.877814 2088.507413 2154.771180 2218.674389 2297.129453 2374.644214 2438.629185 2490.269506 2518.372895 2520.120171 2535.222581 2568.310747 2591.897276 2614.183257 2621.034415 2631.684192 2618.631561 2673.623735 2717.684094 2777.047948 2829.987405 2883.558960 2938.564711 2936.510976 2924.990184 2932.282608 2950.490883 2993.967898 3045.389339 3095.428449 3153.530713 3194.040777 3208.911656 3215.021775 3232.144642 3251.461085 3214.083542 3248.522206 3264.045377 3277.126276 3283.520243 3285.329866 3286.343053 3286.161546 3282.612812 3275.824957 3267.819513 3262.104241 3257.960499 3253.460750 3255.888237 3259.195755 3259.625363
-9999.0 1947.025049 2005.242567 2074.927440 2143.943611 2198.901886 2289.610982 2448.327755 2508.848718 2547.973790 2561.385458 2555.945770 2622.239366 2686.493224 2716.762646 2763.944411 2755.139321 2744.953757 2720.062425 2751.129910 2795.780800 2816.084539 2969.105607 3036.189326 3076.731987 3084.766406 3086.940772 3113.401066 3153.296024 3191.796491 3230.271007 3209.684381 3249.257910 3268.412835 3272.447927 3273.022072 3277.358822 3276.204442 3274.368504 3270.112526 3265.091446 3265.233814 3269.584865 3269.403405 3266.529359 3263.297292 3257.692436 3250.268384 3244.987673 3240.377842 3237.697773 3234.815277 3233.010174 3232.588115 3228.017894
-9999.0 1910.358143 1984.026722 2044.341635 2097.389357 2197.163234 2326.416997 2468.438626 2564.829401 2601.637304 2597.280829 2646.951239 2749.785859 2826.430679 2876.230986 2898.182564 2886.240194 2847.826485 2835.970206 2878.908816 2945.407265 3032.712268 3150.449760 3235.603453 3248.765209 3251.473359 3213.376323 3233.906409 3252.930636 3255.060134 3255.938979 3261.936885 3266.869439 3269.628652 3268.128715 3265.258672 3260.516424 3252.456484 3247.623884 3244.080325 3240.406711 3239.461485 3241.628091 3243.196667 3240.484549 3236.640140 3232.182988 3226.608563 3220.583937 3213.927067 3209.783202 3205.671222 3203.601080 3198.407992 3194.746684
-9999.0 1795.102359 1888.861838 1934.548307 2023.056785 2207.060661 2336.010896 2480.557200 2640.428946 2669.218854 2726.413801 2837.687599 2948.694166 3013.989451 3044.256543 3078.350614 3102.543297 3119.468434 3153.650643 3061.434261 3130.949775 3208.068412 3243.585680 3258.971261 3265.240716 3265.551161 3256.216998 3235.945691 3225.328921 3218.591072 3220.200801 3227.415587 3232.298569 3237.253880 3235.008800 3235.865297 3236.567242 3233.257523 3229.519098 3221.020748 3213.285408 3206.926542 3204.163435 3209.023611 3204.330927 3201.751003 3195.726216 3187.733590 3183.134084 3175.912918 3168.169800 3161.677402 3159.368789 3154.301615 3153.132974
-9999.0 1714.244500 1788.330959 1858.211318 1978.458321 2142.762940 2250.647746 2412.332850 2643.064925 2773.029174 2904.302308 2984.972864 3045.837754 3091.306536 3143.290172 3188.884692 3212.836026 3222.325104 3197.562234 3214.252006 3177.075523 3166.534035 3180.090998 3207.219269 3222.398274 3226.143864 3218.002421 3208.332512 3201.117344 3200.000068 3198.106013 3194.878502 3191.536825 3188.406420 3185.268142 3187.862061 3192.879333 3186.308604 3180.488726 3171.671090 3163.589863 3154.735287 3148.985043 3144.801479 3144.721081 3144.895122 3137.453978 3127.190513 3116.788657 3108.720875 3101.538742 3096.833639 3094.354824 3089.596206 3081.673312
-9999.0 1601.408792 1730.398119 1812.788419 1916.560020 2048.365072 2160.419201 2316.740038 2454.062187 2690.787945 2819.954312 2979.256948 3015.120204 3078.124126 3127.415453 3193.644393 3190.570578 3161.136688 3120.942634 3104.411345 3112.660502 3120.929362 3129.904935 3145.364613 3162.377292 3171.973995 3175.791248 3169.205236 3155.210684 3143.801664 3134.170840 3121.819210 3113.220200 3111.176277 3114.085037 3123.079809 3124.173499 3115.020126 3101.609786 3085.179654 3070.246486 3058.945549 3056.699221 3059.039817 3059.845516 3056.069896 3050.098684 3039.698252 3027.386656 3015.454001 3009.422357 3004.940194 2997.964115 2988.389520 2998.579678
-9999.0 -9999.0 1648.145050 1757.478382 1855.820631 1970.791378 2068.974556 2195.836463 2340.019973 2515.669686 2634.351435 2797.752761 2862.767928 2905.705768 2944.149983 2987.071500 3008.290774 3034.214491 3022.091486 3030.197650 3037.939985 3042.549075 3048.457125 3055.424567 3066.285680 3075.757720 3084.858143 3082.178555 3073.242908 3053.931567 3030.221616 3011.837649 3001.960299 2993.542951 3004.648912 3016.735323 3012.136251 3005.413166 2994.081388 2999.416207 2987.230566 2973.236151 2969.677786 2969.708293 2970.112195 2967.609664 2964.540322 2954.598866 2942.238373 2931.743926 2927.221420 2921.409792 2917.183747 2907.132338 2897.161473
-9999.0 -9999.0 1561.071485 1666.667657 1772.891795 1892.174876 1981.686741 2016.704109 2158.654953 2267.101268 2374.355426 2482.272300 2574.843718 2643.977804 2682.474995 2745.825045 2798.745060 2818.357257 2816.984844 2860.421787 2891.449232 2926.502965 2947.666721 2956.123898 2968.993310 2983.020557 2990.938088 2977.097089 2966.111132 2949.477097 2929.352362 2904.132001 2891.240150 2889.742620 2889.859944 2892.583644 2885.665227 2876.630442 2862.484148 2849.072870 2836.812534 2827.162492 2823.417891 2818.579244 2816.588741 2813.859202 2814.298536 2863.871896 2854.142684 2847.944939 2839.071033 2833.852808 2831.497942 2826.439053 2818.832188
