tests/Borden05m/sims/sim_1/output-maps/psiliqL0006N0006.asc
ncols         160
nrows         34
xllcorner     620200.000000
yllcorner     5168000.000000
cellsize      0.500000
NODATA_value  -9999.0
[rows 0 to 24 of 34, columns 0 to 55 of 160]
-9999.0 -9999.0 -9999.0 -9999.0 -9999.0 -9999.0 -9999.0 -9999.0 -9999.0 -9999.0 -9999.0 -9999.0 -9999.0 -9999.0 -9999.0 -9999.0 -9999.0 -9999.0 -9999.0 -9999.0 -9999.0 -9999.0 -9999.0 -9999.0 -9999.0 -9999.0 -9999.0 -9999.0 -9999.0 -9999.0 -9999.0 -9999.0 -9999.0 -9999.0 -9999.0 -9999.0 -9999.0 -9999.0 -9999.0 -9999.0 -9999.0 -9999.0 -9999.0 -9999.0 -9999.0 -9999.0 -9999.0 -9999.0 -9999.0 -9999.0 -9999.0 -9999.0 -9999.0 -9999.0 -9999.0 -9999.0
-9999.0 -9999.0 -9999.0 -9999.0 -9999.0 -9999.0 -9999.0 -9999.0 -9999.0 -9999.0 -9999.0 -9999.0 -9999.0 -9999.0 -9999.0 -9999.0 -9999.0 -9999.0 -9999.0 -9999.0 -9999.0 -9999.0 -9999.0 -9999.0 -9999.0 -9999.0 -9999.0 -9999.0 -9999.0 -9999.0 -9999.0 -9999.0 -9999.0 -9999.0 -9999.0 -9999.0 -9999.0 -9999.0 -9999.0 -9999.0 -9999.0 -9999.0 -9999.0 -9999.0 -9999.0 -9999.0 -9999.0 -9999.0 -9999.0 -9999.0 -9999.0 -9999.0 -9999.0 -9999.0 -9999.0 -9999.0
-9999.0 -9999.0 -9999.0 -9999.0 -9999.0 -9999.0 -9999.0 -9999.0 -9999.0 -9999.0 -9999.0 -9999.0 -9999.0 -9999.0 -9999.0 -9999.0 -9999.0 -9999.0 -9999.0 -9999.0 -9999.0 -9999.0 -9999.0 -9999.0 -9999.0 -9999.0 -9999.0 -9999.0 -9999.0 -9999.0 -9999.0 -9999.0 -9999.0 -9999.0 -9999.0 -9999.0 -9999.0 -9999.0 -9999.0 -9999.0 -9999.0 -9999.0 -9999.0 -9999.0 -9999.0 -9999.0 -9999.0 -696.896078 -714.474020 -731.775282 -733.293318 -710.635700 -687.817889 -664.815543 -644.977623 -626.870221
-9999.0 -9999.0 -9999.0 -9999.0 -9999.0 -9999.0 -9999.0 -9999.0 -9999.0 -9999.0 -9999.0 -9999.0 -9999.0 -9999.0 -9999.0 -9999.0 -9999.0 -9999.0 -9999.0 -9999.0 -9999.0 -9999.0 -9999.0 -9999.0 -9999.0 -9999.0 -9999.0 -9999.0 -9999.0 -9999.0 -9999.0 -9999.0 -9999.0 -9999.0 -9999.0 -9999.0 -9999.0 -9999.0 -9999.0 -9999.0 -649.769362 -644.081395 -642.409719 -653.601279 -665.091955 -676.764324 -696.584030 -714.523160 -730.560725 -733.804131 -731.545569 -725.809571 -702.962213 -679.546992 -660.841817 -643.882900
-9999.0 -9999.0 -9999.0 -9999.0 -9999.0 -9999.0 -9999.0 -9999.0 -9999.0 -9999.0 -9999.0 -9999.0 -9999.0 -9999.0 -9999.0 -9999.0 -9999.0 -9999.0 -9999.0 -9999.0 -9999.0 -9999.0 -9999.0 -9999.0 -9999.0 -9999.0 -9999.0 -9999.0 -9999.0 -9999.0 -9999.0 -9999.0 -9999.0 -9999.0 -740.032150 -722.629379 -704.939873 -687.189845 -671.155802 -665.005923 -659.334478 -653.704734 -657.900856 -663.070663 -674.594879 -692.998384 -712.934269 -727.606905 -730.779918 -733.791173 -729.726505 -716.904858 -700.908770 -684.996250 -664.797478 -642.688745
-9999.0 -9999.0 -9999.0 -9999.0 -9999.0 -9999.0 -9999.0 -9999.0 -9999.0 -9999.0 -9999.0 -9999.0 -9999.0 -9999.0 -9999.0 -9999.0 -9999.0 -9999.0 -9999.0 -9999.0 -9999.0 -9999.0 -9999.0 -9999.0 -9999.0 -9999.0 -9999.0 -9999.0 -734.458327 -740.567023 -746.095244 -747.961150 -749.633744 -751.266563 -744.583043 -732.436506 -714.415509 -693.610407 -681.476304 -674.864857 -668.853396 -668.392578 -673.441317 -676.127390 -676.419155 -688.302816 -700.165990 -711.321080 -722.096347 -723.502770 -714.453012 -701.423239 -686.316358 -672.466940 -658.160146 -644.962544
-9999.0 -9999.0 -9999.0 -9999.0 -9999.0 -9999.0 -9999.0 -9999.0 -9999.0 -9999.0 -9999.0 -9999.0 -9999.0 -9999.0 -9999.0 -9999.0 -9999.0 -9999.0 -9999.0 -9999.0 -9999.0 -9999.0 -9999.0 -762.601422 -756.548495 -750.385388 -743.461680 -742.952983 -747.698671 -753.770717 -757.441199 -759.485209 -761.412574 -757.544722 -749.408456 -736.126319 -720.718434 -699.908085 -691.924347 -685.557125 -673.562629 -672.151990 -668.447914 -665.048221 -667.464454 -670.476458 -682.501104 -691.450970 -685.807129 -680.038197 -674.565660 -668.180458 -656.316433 -641.546963 -624.650654 -604.896612
-9999.0 -9999.0 -9999.0 -9999.0 -9999.0 -9999.0 -9999.0 -9999.0 -9999.0 -9999.0 -9999.0 -9999.0 -9999.0 -9999.0 -9999.0 -9999.0 -9999.0 -9999.0 -9999.0 -786.727530 -786.157019 -785.546547 -781.356564 -780.565520 -778.573822 -771.909325 -764.173259 -762.656062 -764.561004 -766.797894 -765.732217 -763.594895 -760.046429 -748.983385 -735.693966 -722.198852 -708.586750 -688.529671 -674.539774 -661.158582 -645.686522 -648.109902 -653.462567 -656.503209 -656.815139 -656.708197 -650.408085 -646.897142 -642.197296 -636.643990 -630.248635 -622.599247 -613.317428 -595.997756 -576.846484 -557.651539
-9999.0 -9999.0 -9999.0 -9999.0 -9999.0 -9999.0 -9999.0 -9999.0 -9999.0 -9999.0 -9999.0 -9999.0 -9999.0 -9999.0 -9999.0 -9999.0 -814.311134 -812.681335 -810.953069 -805.973640 -804.044283 -800.503093 -794.100632 -793.549320 -790.070829 -783.454890 -778.881815 -771.031417 -763.854136 -757.059818 -751.723835 -749.629633 -742.379341 -733.338723 -722.108027 -707.002382 -685.751364 -664.228509 -648.926264 -633.359334 -617.718528 -618.463478 -620.561155 -620.347115 -620.230822 -612.440859 -594.859657 -589.455975 -586.206300 -567.505262 -554.213770 -549.866716 -544.037994 -527.786124 -505.528739 -479.519400
-9999.0 -9999.0 -9999.0 -9999.0 -9999.0 -9999.0 -9999.0 -9999.0 -9999.0 -9999.0 -9999.0 -9999.0 -9999.0 -857.204091 -853.249250 -844.590101 -837.301818 -835.593497 -832.283154 -827.224944 -815.569898 -812.585903 -806.860562 -799.709875 -789.089174 -781.212520 -772.536625 -761.406771 -753.540894 -746.998956 -740.503530 -734.127495 -720.888945 -706.144901 -690.915684 -671.559369 -651.267354 -631.213274 -611.167585 -597.722224 -584.595875 -581.561543 -584.744315 -584.359068 -576.939154 -559.311569 -541.287625 -528.872674 -507.156083 -484.295855 -470.504862 -457.730491 -449.345803 -438.100007 -418.315382 -379.910288
-9999.0 -9999.0 -9999.0 -9999.0 -9999.0 -9999.0 -9999.0 -9999.0 -9999.0 -9999.0 -892.940906 -890.361206 -894.024279 -893.021114 -888.940298 -877.608965 -865.150215 -858.537687 -848.025709 -828.268013 -812.044800 -809.123904 -794.751748 -785.541619 -779.695626 -769.571238 -757.118140 -744.730776 -727.952550 -716.006766 -703.747758 -683.463892 -668.044612 -652.899854 -636.599184 -618.533800 -598.593776 -569.421640 -543.516576 -530.381821 -506.831001 -492.647248 -497.231670 -498.391389 -492.122359 -474.762400 -450.379712 -421.879512 -396.913731 -365.560532 -336.501954 -314.857377 -298.188666 -279.091026 -254.742088 -198.619778
-9999.0 -9999.0 -9999.0 -9999.0 -9999.0 -9999.0 -9999.0 -9999.0 -916.414186 -910.005715 -903.824442 -907.102745 -912.187064 -915.383736 -903.105445 -887.789655 -872.438074 -856.298513 -841.003122 -824.000709 -808.917364 -792.845898 -774.541652 -763.418439 -752.232241 -737.933892 -725.083138 -707.735969 -687.430336 -673.071965 -654.402784 -633.820723 -615.530614 -599.166890 -582.643783 -566.123915 -538.465492 -505.547700 -474.118046 -449.130710 -421.113356 -394.549168 -393.907009 -390.510846 -385.277229 -354.668861 -312.371881 -262.675456 -205.361541 -121.282688 -15.021027 25.457609 43.195983 57.382192 73.251144 93.436603
-9999.0 -9999.0 -9999.0 -9999.0 -9999.0 -9999.0 -941.201064 -917.435677 -903.102488 -911.059579 -918.590771 -921.960755 -925.401909 -908.401963 -887.857978 -871.786818 -855.863054 -839.382612 -823.949209 -809.225669 -774.322520 -759.495721 -745.229253 -725.727356 -712.977225 -700.225533 -684.006107 -661.509483 -639.265152 -607.063600 -577.493752 -551.442220 -526.570514 -508.391417 -491.467336 -473.150917 -441.702905 -403.230442 -362.638957 -322.464096 -279.945452 -233.882203 -213.127129 -198.405383 -174.253990 -115.753029 -12.882366 41.808333 87.604189 133.398185 177.728542 198.066662 209.954356 218.424414 225.731943 233.229719
-9999.0 -9999.0 -9999.0 -9999.0 -974.177683 -953.483567 -932.957643 -902.395779 -880.141836 -886.016201 -878.726444 -878.254847 -879.570173 -878.052633 -873.373491 -856.218842 -839.630446 -823.016450 -804.722563 -766.691633 -727.186254 -711.279543 -684.817150 -654.002353 -641.304703 -628.023455 -614.342926 -592.854114 -564.103808 -530.180642 -483.439225 -443.351634 -416.566688 -392.601339 -370.541021 -342.500965 -298.882939 -238.962966 -154.997105 -30.253059 31.016008 64.487853 81.050867 90.595220 106.672254 133.338159 171.833725 203.817385 227.934402 248.625708 265.413330 274.388956 277.877298 282.139190 286.224371 291.834203
-9999.0 -9999.0 -9999.0 -1019.634838 -981.545905 -945.490782 -918.094009 -887.503213 -856.603132 -849.838065 -842.228527 -835.475304 -828.468205 -819.847238 -809.737236 -794.509688 -782.144867 -771.673536 -752.200254 -716.787297 -681.657418 -647.718046 -617.066994 -587.087692 -565.050736 -550.982655 -536.409423 -513.633951 -475.001347 -434.399641 -379.019015 -311.490764 -254.612769 -208.349797 -160.764894 -79.853874 -4.227770 50.297528 101.394814 155.805269 194.895993 217.816891 230.188356 233.654177 238.597384 244.999840 257.529283 269.574526 279.000811 292.225439 306.027980 316.684482 321.934499 324.690559 332.257349 342.384253
-9999.0 -9999.0 -1065.427161 -1029.140008 -993.478910 -941.369529 -889.445180 -856.856582 -816.571973 -791.239479 -784.331195 -765.480538 -748.670240 -740.370702 -723.555299 -706.834406 -696.075720 -694.884176 -685.038380 -649.235918 -596.337714 -548.383884 -514.420251 -457.784961 -424.865898 -403.880408 -391.972281 -365.543864 -325.108130 -256.387884 -146.863343 -18.850234 42.971061 81.886300 104.586156 136.407959 173.859014 200.089263 228.523540 249.244888 266.329219 279.001586 289.472974 292.569136 293.526390 301.070012 312.273825 323.210598 333.939277 347.570717 359.351565 359.658044 359.090676 358.650860 358.148413 358.238518
-9999.0 -9999.0 -1089.460021 -1046.098690 -1002.210342 -930.519595 -857.175186 -819.733790 -777.123067 -734.102520 -715.581124 -693.187554 -672.811265 -653.155475 -630.679419 -607.471418 -606.250442 -605.475789 -607.721627 -556.078654 -499.492578 -432.349336 -344.618220 -265.724963 -201.955553 -185.666745 -170.798084 -118.638637 -33.490144 34.058263 101.115861 167.074091 211.559241 234.504165 244.369963 255.718324 269.576853 280.784984 289.487398 308.396699 317.433745 327.653566 342.767099 357.501468 362.675157 362.226657 359.034581 358.755454 358.361228 357.992589 357.541315 353.971526 353.041651 353.287155 354.312857 349.863303
-9999.0 -1174.435884 -1122.860900 -1068.176417 -996.759574 -926.360635 -838.936887 -758.015997 -711.389219 -672.098784 -645.362326 -625.105264 -568.286513 -519.331990 -494.058505 -464.751524 -469.513715 -474.583323 -484.599287 -443.803454 -380.479299 -246.695931 -22.272140 54.103988 90.893768 96.809708 96.413151 119.112363 158.495559 199.571612 247.154455 273.599666 299.861045 318.053091 323.034188 324.133603 334.877402 349.103607 359.163960 362.502465 362.271723 361.839327 357.362041 357.126025 357.343443 357.355748 354.351499 348.660593 341.796122 337.198153 334.027763 330.007063 332.711212 336.089188 337.989707 332.624608
-9999.0 -1207.639404 -1146.934414 -1073.745626 -1001.040468 -919.246683 -802.792616 -680.673472 -638.196977 -607.052762 -578.109750 -528.161610 -439.160435 -361.764296 -312.302664 -258.020150 -262.753740 -281.740641 -282.938071 -223.358463 -82.117181 27.970926 167.641744 241.866728 248.813468 256.466485 262.054242 278.097108 298.760999 315.797445 329.755430 344.940372 348.679150 348.892369 348.865311 349.057512 349.696993 349.961170 347.142746 343.898098 339.573986 339.558998 342.810250 342.623176 340.530172 338.513385 334.233561 328.332712 325.625082 324.007948 323.471785 322.345011 322.238583 323.717988 322.299415 320.464932
-9999.0 -1228.998325 -1160.856320 -1093.985486 -1015.777454 -885.591566 -765.845182 -641.615144 -557.462601 -523.782810 -472.225680 -370.927556 -219.283221 -27.170571 40.904246 64.125806 70.461419 58.873087 70.528270 113.733088 182.847571 247.464469 287.382991 327.457596 333.115019 333.992565 331.347936 334.324165 336.880401 337.325132 337.150121 335.665105 339.551906 341.241047 340.157894 337.709421 333.776769 327.203164 324.048191 323.230331 321.992583 322.639099 325.014716 325.637845 324.761945 323.428189 322.100802 320.359503 318.870293 316.891985 316.640602 315.787003 315.771980 314.098936 312.543149 311.350346
-9999.0 -1309.754385 -1228.056230 -1162.546862 -1017.913942 -857.136139 -736.033625 -584.075430 -459.097789 -410.169283 -286.567817 -46.707688 91.181908 179.806204 219.551165 244.437339 257.414910 269.581380 286.735049 290.407415 320.456820 340.898747 343.054297 341.792357 334.083263 334.692095 329.524925 317.040512 312.430291 309.303423 311.215810 316.309874 320.050193 324.119517 322.668264 323.069235 322.991145 321.501224 320.914747 317.404701 314.122285 311.883311 311.860006 316.587333 313.847737 313.083329 311.641922 309.571820 307.292067 305.316875 303.076650 300.658895 300.266486 297.449959 297.989343 295.594454
-9999.0 -1390.346235 -1310.432080 -1198.546176 -1040.091401 -877.582020 -724.847147 -555.820644 -376.731211 -248.619332 -33.557119 95.156586 193.156319 249.694267 287.767150 303.714612 313.103135 315.318742 315.589078 315.029398 296.018550 291.377655 299.271178 311.307892 314.899758 316.678619 311.723557 306.931296 305.613432 307.611182 308.432121 309.203836 309.381310 308.574246 306.491769 307.194149 310.381802 307.783987 304.569177 301.645929 299.060981 295.270865 292.599366 291.293687 290.880814 292.403169 289.984176 286.446000 283.196460 281.373012 279.003926 276.916627 276.452877 273.148152 267.408320 258.080002
-9999.0 -1471.573272 -1359.619150 -1252.004354 -1109.275659 -967.508519 -826.252642 -657.946092 -500.440028 -274.121979 24.158903 135.562336 193.177197 228.103614 265.700415 302.140928 305.639468 286.254016 271.693368 263.872424 265.794387 270.631223 276.693704 286.370550 293.656997 297.887918 298.494739 294.974437 288.704088 286.457672 286.229073 282.881390 280.204015 280.656563 279.445887 282.439018 284.577480 278.942206 270.807613 259.522364 249.294263 241.994903 239.681430 240.286902 240.462912 239.419662 236.417224 232.138079 226.660871 221.880848 218.581931 215.838825 209.772849 197.679521 178.102243 147.762939
-9999.0 -9999.0 -1426.237187 -1313.169716 -1193.390901 -1061.761246 -927.434865 -767.655542 -615.279733 -430.616864 -280.440209 -55.550418 31.031784 79.738130 139.798887 203.889437 220.393886 232.161147 218.042098 219.757102 222.250576 224.043635 228.705156 234.735789 241.790202 247.133773 251.079334 250.431476 245.453887 236.820384 226.996958 220.185660 216.200900 211.906632 217.475068 223.924397 221.763293 215.650311 198.809725 169.141301 141.873807 120.484140 113.215526 112.589967 112.279152 109.446258 104.739185 92.929466 81.410011 70.420702 65.743372 60.006693 51.790449 33.879342 2.858347 -64.560341
-9999.0 -9999.0 -1506.948512 -1394.222343 -1269.640994 -1141.531423 -1029.183181 -908.561803 -748.071930 -628.417138 -533.450495 -446.855925 -369.120347 -294.518490 -199.852180 -44.513377 5.826814 23.462111 30.733914 41.598989 58.382925 74.879229 87.264192 99.977671 115.240518 130.300731 139.865471 126.734455 112.487075 94.017864 73.726385 53.632992 43.455175 37.938323 41.489723 47.241401 40.960348 26.566263 -3.124435 -65.991360 -126.245967 -166.836961 -180.525204 -185.221975 -186.712976 -192.703106 -201.527719 -221.621672 -244.010807 -259.559044 -272.053377 -282.959512 -290.369644 -304.402256 -321.417594 -334.745335
