tests/Borden05m/sims/sim_1/output-maps/psiliqL0010N0017.asc
ncols         160
nrows         34
xllcorner     620200.000000
yllcorner     5168000.000000
cellsize      0.500000
NODATA_value  -9999.0
[rows 0 to 25 of 34, columns 57 to 113 of 160]
-9999.0 -9999.0 -9999.0 -9999.0 -9999.0 -9999.0 -9999.0 -9999.0 -9999.0 -9999.0 -9999.0 -9999.0 -9999.0 -9999.0 -9999.0 -9999.0 -9999.0 -9999.0 -9999.0 -9999.0 -9999.0 -9999.0 -9999.0 -9999.0 -9999.0 -9999.0 -9999.0 -9999.0 -9999.0 -9999.0 -9999.0 -9999.0 -9999.0 -9999.0 -9999.0 -9999.0 -9999.0 -9999.0 -9999.0 -9999.0 -9999.0 -9999.0 -9999.0 -9999.0 -9999.0 -9999.0 -9999.0 -9999.0 -9999.0 -9999.0 -9999.0 -9999.0 -9999.0 -9999.0 -9999.0 -9999.0 -9999.0
-9999.0 -9999.0 217.367776 211.836040 206.500150 201.508394 192.475900 183.260624 174.740398 170.842552 170.033235 169.310732 169.039553 174.454032 182.540680 190.290554 197.617771 200.120313 202.665095 205.063006 205.663509 204.451325 201.246249 197.978088 194.583563 193.110478 184.844937 173.386125 164.453836 161.692440 166.194815 170.724721 173.261182 179.312720 190.201996 201.149826 209.785067 221.624950 227.237303 232.332954 235.366108 231.160608 227.435252 223.522157 218.506960 207.363080 -9999.0 -9999.0 -9999.0 -9999.0 -9999.0 -9999.0 -9999.0 -9999.0 -9999.0 -9999.0 -9999.0
200.173612 203.541706 192.563042 187.721003 184.418154 182.284216 177.255286 168.542162 163.253408 157.907335 156.293629 156.438378 156.628764 160.931527 171.034112 179.132677 184.031824 186.606697 189.248174 189.339183 188.941979 188.653456 185.810514 182.418725 179.039221 177.262000 177.443055 169.845139 164.482209 161.189279 159.851250 162.334269 164.665212 167.799424 177.421491 185.727481 194.045545 208.270059 220.608275 225.778958 223.230445 218.019858 214.049763 207.310133 197.198134 186.580847 176.229172 168.879878 163.225995 157.642562 163.531863 169.843738 179.867005 189.809574 201.786764 213.925040 -9999.0
184.707759 187.673673 176.896673 168.527797 163.953515 164.098564 166.460985 162.905008 158.375359 154.144715 162.402062 163.860954 165.199769 168.581735 171.996922 174.672083 177.552035 183.021932 192.151321 194.970471 195.628332 195.870265 194.125077 191.059640 189.295436 186.560728 181.412804 180.520600 181.000604 181.030128 186.227776 187.716490 189.134029 182.151434 185.509302 191.751217 198.649067 205.535513 212.454797 216.824600 213.485607 212.056971 203.330788 189.097787 177.314084 168.287923 165.630155 162.159532 154.137758 141.521326 148.224440 163.534076 167.991737 171.423930 183.173125 195.406956 205.662230
170.902817 174.084536 169.136770 170.260711 171.802064 173.374858 171.908414 169.125809 167.856175 181.043776 190.934080 193.029590 196.222058 199.874094 198.920684 186.753834 184.270958 192.911341 203.601356 209.749385 210.173929 210.333403 208.776261 207.824496 207.373367 205.083733 206.201209 208.962982 209.662589 214.814460 220.580373 223.361717 214.877151 205.470880 205.888374 213.449517 221.402085 228.779669 239.701649 251.227653 249.721303 243.437771 233.735053 219.239598 194.959294 174.466619 163.255308 156.005629 148.546083 147.585615 144.698407 155.137415 156.567062 158.053097 166.312590 176.456754 186.465456
186.876791 195.418130 189.603733 184.220346 181.083167 181.897795 182.457973 186.289042 199.949874 214.608044 230.350828 233.730184 236.795236 236.760063 227.320173 216.998337 212.921935 228.179350 244.545888 253.324796 254.668233 255.235707 263.283008 261.563141 259.188923 253.918818 256.481940 259.310173 270.747548 278.697608 285.738148 283.807725 271.683906 260.161756 257.961809 259.831637 262.084950 268.028330 278.524128 288.545220 283.117438 274.719546 262.979739 232.477463 203.240604 185.000879 184.566342 184.117238 178.695665 174.829793 170.587840 162.529946 161.514291 160.365760 159.436299 171.093444 183.090649
237.632065 254.518342 249.081167 240.867407 230.263118 231.046123 235.000735 244.109267 258.517745 278.183864 303.886953 308.612036 313.232035 317.380932 306.615974 294.308569 282.705046 299.589564 310.175025 320.005988 323.697062 335.523706 346.220279 341.487702 332.904069 323.140663 330.039457 343.990604 359.897007 366.989789 370.797319 370.469372 359.776088 353.718709 350.776994 351.205254 347.396184 350.763729 361.724130 377.035908 376.199812 364.293650 339.079526 299.986170 262.421175 238.521702 241.491696 233.535317 225.937426 220.530644 205.106523 192.580182 191.318102 180.851666 173.856860 184.699188 190.263449
290.703121 310.356474 307.128674 296.468500 284.074653 284.544350 293.474597 304.411238 325.148358 351.139862 378.058205 390.577578 397.496703 407.705682 401.467388 392.184188 383.467811 392.046155 405.360224 418.557917 430.492667 444.196887 456.569125 448.833831 438.008783 434.271724 439.492105 458.484064 475.209360 481.004807 483.199530 486.906174 479.315256 471.631819 463.273696 455.819009 448.526626 443.643188 460.113965 475.303133 472.534392 447.115904 420.238892 381.980658 341.408786 304.878862 299.047407 295.189861 291.780414 274.261372 256.465412 236.344073 223.944382 213.326476 197.316386 201.230558 205.946774
396.588448 419.090077 423.407396 408.645284 403.082696 408.820488 421.909712 429.819282 445.864758 473.776132 508.827158 533.938721 555.893879 560.902495 552.525015 543.527209 530.149995 526.407953 541.920230 554.450456 566.137214 577.692394 589.954555 596.522182 594.891119 594.749754 597.847583 603.616333 611.449366 618.314295 624.307696 630.452622 629.070229 619.352751 611.442181 601.490266 592.989502 589.728782 589.892647 598.232219 595.963732 571.865176 543.619571 510.646767 471.850067 437.717577 415.405638 416.245614 401.035631 380.091485 355.853430 316.432610 295.247944 276.238117 244.388450 238.329824 246.852587
516.599347 533.584869 548.883966 546.936585 549.735416 554.059786 561.537986 567.586919 576.485489 609.526845 645.186400 676.090846 701.219460 710.748722 701.528116 692.087045 680.825833 671.511936 673.995777 687.583239 703.806430 719.302124 730.032293 733.647495 732.350245 732.630030 734.427637 737.594197 740.347758 745.812220 752.732961 762.786937 774.159338 769.310677 752.653399 739.382508 724.176652 717.561670 714.849228 711.313234 710.456702 704.612446 675.669116 647.489399 614.833402 582.967438 559.229386 541.010036 519.705218 495.692735 448.857317 405.406656 367.455790 336.327816 305.091800 299.230531 322.188882
640.279241 665.918962 681.734248 686.263303 689.192797 692.887334 700.007929 706.463550 715.019539 736.658837 772.924592 809.734955 839.824792 845.630616 837.903973 827.975793 817.574891 808.077896 804.908717 811.542159 821.422984 835.944538 846.916541 856.639646 856.287479 856.596211 856.846828 858.938016 860.636455 862.203649 868.305454 879.075674 889.181151 890.380694 878.520457 861.615642 843.418495 833.996019 826.199417 819.561651 818.636397 818.571159 812.916848 789.208994 754.271670 711.226673 682.205030 659.036723 644.342240 627.333494 604.152590 556.120229 527.002669 491.883085 455.196890 429.961435 463.948460
753.558349 783.615863 803.132197 812.412539 814.274546 818.185785 826.956034 834.839769 846.226304 863.003664 884.935926 912.846353 940.004697 958.516649 956.183071 944.997551 929.439007 925.483438 924.399718 926.181509 931.947366 938.320833 951.851661 965.603413 970.465040 970.882207 968.840867 970.960100 971.805384 972.032682 972.412275 976.281680 982.454346 984.336217 980.349484 965.523510 945.721204 929.283384 919.012493 913.521380 910.354952 910.327816 908.625590 897.168692 869.655349 832.867085 798.269130 773.972270 756.143418 741.540254 729.848228 713.211679 695.502448 666.003213 623.997906 587.468086 581.082744
853.813269 879.459212 903.849192 920.843455 926.453704 934.260148 940.954805 952.121257 967.628878 985.623379 998.612951 1014.608686 1035.288460 1047.439945 1053.410807 1054.166122 1053.635795 1055.391077 1055.152230 1038.394907 1040.352730 1042.092255 1046.186368 1051.613001 1053.075211 1052.969585 1052.342426 1053.348478 1053.628633 1054.007787 1053.684495 1053.151670 1054.458285 1054.687067 1053.814528 1048.405357 1046.933992 1030.067773 1017.979395 1010.331857 1002.650495 994.052890 984.451554 974.586661 958.664566 931.727886 898.118624 868.781476 854.937104 846.756949 839.405030 833.032938 817.518661 795.906726 766.399125 729.090650 693.403583
951.349296 970.318003 995.699725 1013.341220 1023.771223 1033.177224 1039.168865 1051.326575 1063.575713 1061.489387 1064.149250 1067.037348 1070.022226 1071.274752 1071.640260 1071.382242 1068.918742 1068.151205 1065.977887 1060.450440 1050.819575 1051.781087 1052.655738 1054.577696 1057.537723 1055.740533 1056.375938 1059.398462 1058.239493 1053.245123 1049.981574 1048.499975 1048.768421 1055.518496 1058.221755 1058.540459 1057.906733 1057.034053 1056.533127 1055.538734 1054.475592 1053.054301 1051.093617 1051.245677 1041.379506 1018.963926 987.703472 954.102104 937.325862 930.300516 929.649148 925.356192 917.893893 898.104989 870.674252 835.302681 797.778978
1054.962931 1057.095708 1063.625187 1067.144984 1069.128574 1071.955479 1074.797122 1075.656374 1072.373567 1068.650509 1063.752086 1062.335512 1061.016913 1058.606306 1059.028413 1056.684366 1052.234133 1047.918822 1040.608685 1028.957524 1016.784044 1013.857762 1017.893401 1022.120490 1025.574039 1027.730471 1030.413191 1032.027200 1028.032562 1020.926351 1014.404704 1012.580529 1018.795007 1024.045832 1028.544119 1028.756953 1027.647735 1026.225374 1027.014059 1025.416896 1026.791227 1034.001857 1047.647939 1054.757543 1056.519301 1056.050145 1051.075515 1042.012836 1028.898947 1009.048146 1011.109044 1005.745857 993.236782 971.102927 946.724968 917.348837 888.477058
1065.242882 1063.182106 1057.446068 1051.882194 1051.316344 1055.254025 1061.993141 1063.207779 1055.986722 1047.185103 1039.297502 1031.837175 1029.208229 1027.321738 1026.067933 1025.386490 1019.255313 1010.567816 993.955921 980.734138 968.348598 961.500233 959.414399 964.085206 972.702624 980.782738 984.806022 979.051037 972.445406 962.775006 955.227028 955.593477 958.147671 966.706255 979.346924 982.885060 983.845811 979.817352 976.702666 972.122633 971.772485 980.368029 996.948896 1012.813114 1026.517832 1034.990246 1042.760680 1049.196555 1054.020773 1054.570509 1054.770381 1053.844940 1050.842432 1035.592478 1015.107586 991.789555 967.079354
1043.010315 1037.376489 1030.354370 1024.338836 1022.449314 1024.743275 1027.550416 1024.065421 1016.690984 1005.379564 992.766515 981.621782 974.800117 974.637925 975.863293 975.694076 968.627630 953.472507 935.032146 920.390079 905.650452 900.925314 895.797286 891.965842 901.914816 917.494599 922.982782 910.505284 901.437140 888.197104 881.154248 878.559673 880.285959 889.542267 908.185397 925.940873 927.272677 918.745933 910.642786 907.082057 906.155444 914.681470 934.601098 955.343658 970.799051 981.501068 988.956842 998.342229 1008.497106 1020.593987 1033.727382 1044.892909 1054.446009 1057.145570 1055.762773 1051.566189 1036.992140
1010.742711 1001.906261 994.090467 987.400049 982.717764 980.082659 977.266921 970.878078 963.231241 949.370545 935.981081 923.136586 909.046060 905.020801 901.799988 902.796164 891.058998 879.500902 859.771331 843.604993 827.502289 817.286251 811.052122 805.032194 809.933221 825.120456 833.901706 820.120630 810.169797 797.499618 791.458321 788.433093 790.214952 800.208515 822.430083 840.938873 847.780279 840.469217 835.505698 833.821898 834.091689 840.990343 857.361719 878.467481 899.889071 916.419520 927.174536 936.427461 947.733550 963.042435 978.107238 993.426415 1011.179443 1030.934853 1045.569066 1054.837672 1059.376017
968.470006 957.950689 946.887609 935.927951 929.432396 929.831800 922.739674 915.861619 901.691429 857.210219 839.288927 821.083283 805.590719 799.566099 791.864280 784.870934 775.066502 767.468964 758.383985 742.295600 724.712210 708.644920 703.041209 698.363077 690.616143 696.624904 700.023697 701.916030 694.756430 688.596687 686.056469 683.738236 687.265668 700.811620 713.196684 724.156173 730.487320 728.565827 735.408906 742.099538 745.935216 762.338190 777.068323 795.769885 818.028716 841.928584 855.785957 866.436699 878.519758 895.198414 913.183041 932.034325 955.660727 981.025548 998.207804 1010.310377 1022.910176
917.851646 903.366853 890.348277 877.477457 864.561645 864.686138 860.526586 852.154620 813.565025 771.270311 739.202814 720.665943 698.690447 687.264339 676.434645 651.699906 637.494431 630.196248 633.170271 622.297651 604.755816 589.938444 581.506241 574.730711 562.215685 554.724615 559.089863 570.308427 565.372503 563.283301 567.001151 565.268882 562.530685 569.356363 584.096174 592.867639 602.878409 613.953486 619.247820 628.358353 654.343342 669.313555 685.476973 706.656366 729.512043 753.111121 773.826494 787.899161 803.334142 823.103937 841.069607 863.128373 887.950062 917.521933 938.269450 953.970992 966.999889
845.271950 828.796322 811.742458 792.042546 771.296109 768.357095 760.747725 742.994921 698.228656 657.527282 626.700101 604.028769 579.155670 560.379505 533.996548 502.250351 481.661733 485.032439 491.378200 490.085735 475.027433 461.052441 449.818181 435.731787 419.794031 408.570101 416.795082 425.621007 432.587031 435.820335 439.679332 441.836758 440.893125 437.760046 445.159370 454.851983 466.193158 477.615226 491.382169 521.498983 547.840905 566.724626 589.027473 611.039722 635.566170 661.025900 683.663619 700.883487 720.527173 740.945168 762.919627 785.150148 811.464596 841.907468 867.091720 883.755512 899.396502
764.065062 741.843264 716.367857 679.048294 663.736535 654.385077 642.268072 607.354409 564.558162 527.271852 500.909769 474.655082 448.829980 420.506240 388.002559 359.422283 338.564334 344.465725 350.918194 360.636624 347.695658 335.118650 327.638496 312.158327 297.521776 283.088307 290.895483 300.715059 317.147236 321.176107 324.638995 331.282991 330.232079 328.295552 321.182401 330.735266 341.892716 356.498578 385.053383 412.303957 439.135726 463.013007 486.294237 511.736905 538.749899 565.777775 593.407651 614.842060 635.738307 658.830502 680.710842 701.037400 724.089803 751.876520 776.223143 796.987918 819.000963
664.736762 640.489057 605.017278 561.157087 527.378204 511.795047 474.883552 439.779577 400.844845 379.116266 357.885402 332.606782 308.903970 285.762482 257.859580 233.631152 209.243773 212.616664 224.576889 237.987739 230.949974 226.309783 222.480360 210.571204 196.561997 182.860208 186.503431 201.504711 218.304723 225.435588 231.962945 239.523709 239.727970 233.380325 225.421840 231.568817 245.947181 262.869552 285.587805 309.951403 334.177841 357.182773 382.749725 409.760204 437.527528 467.306983 497.926464 521.554858 548.467519 575.783061 597.979944 612.751025 629.614528 656.004861 676.483852 700.005933 724.025240
557.886701 530.341956 488.376392 443.625162 398.349789 358.556616 323.549779 290.188473 269.316345 248.315704 228.394030 208.521278 186.452828 165.765325 145.627262 122.994269 103.863406 108.837268 121.897824 133.569751 135.659328 132.383490 129.047980 121.080489 107.297712 96.354666 104.599822 120.045253 135.159719 145.186507 151.922097 158.176039 155.557008 147.536047 141.366199 149.574304 165.363665 180.921531 199.357268 221.936472 244.771515 268.089693 292.799236 318.007082 346.030252 375.332338 405.383092 435.132556 463.028289 489.425211 504.569088 519.443156 531.061083 550.757843 572.003596 595.283993 621.110925
428.824431 398.535665 362.190672 320.088536 286.177815 251.970257 219.368218 187.530751 161.190838 142.581535 131.538192 115.889122 95.882788 81.664321 64.243590 45.420687 44.224958 47.421773 59.166992 60.960206 61.515629 58.405504 57.160904 52.419369 41.037825 47.210873 54.897297 69.786889 80.755186 90.177998 96.517586 100.747468 100.439392 93.697618 96.853354 104.266477 119.177991 131.466319 147.271869 168.845543 187.230965 207.863332 231.255376 255.696493 281.736802 309.661040 339.970422 368.039281 391.657884 405.289512 419.786741 429.618241 428.193905 446.275372 465.320939 484.649319 511.612406
301.523187 273.802234 245.870912 212.496524 178.867866 147.688678 116.577995 86.237852 61.082603 51.041286 39.482211 27.303672 13.487457 -0.725169 -13.269252 -13.618128 -16.208925 -16.938602 -15.433164 -12.564327 -10.088220 -11.157512 -12.361257 -11.723795 -5.795376 -1.595648 3.941239 14.413639 25.569695 35.952643 40.044081 44.324398 47.393217 50.866240 53.582776 58.145085 69.765976 81.884796 95.564291 112.978087 131.037363 150.657813 173.785817 197.511375 223.070959 251.299323 280.177981 303.239146 315.832989 328.682944 335.432955 333.837986 332.680612 343.828148 360.135770 375.808550 401.309714
