tests/Borden05m/sims/sim_1/output-maps/psiliqL0003N0014.asc
ncols         160
nrows         34
xllcorner     620200.000000
yllcorner     5168000.000000
cellsize      0.500000
NODATA_value  -9999.0
[rows 0 to 24 of 34, columns 56 to 111 of 160]
-9999.0 -9999.0 -9999.0 -9999.0 -9999.0 -9999.0 -9999.0 -9999.0 -9999.0 -9999.0 -9999.0 -9999.0 -9999.0 -9999.0 -9999.0 -9999.0 -9999.0 -9999.0 -9999.0 -9999.0 -9999.0 -9999.0 -9999.0 -9999.0 -9999.0 -9999.0 -9999.0 -9999.0 -9999.0 -9999.0 -9999.0 -9999.0 -9999.0 -9999.0 -9999.0 -9999.0 -9999.0 -9999.0 -9999.0 -9999.0 -9999.0 -9999.0 -9999.0 -9999.0 -9999.0 -9999.0 -9999.0 -9999.0 -9999.0 -9999.0 -9999.0 -9999.0 -9999.0 -9999.0 -9999.0 -9999.0
-9999.0 -9999.0 -9999.0 -560.968871 -562.388554 -563.383797 -563.957122 -565.960368 -567.531943 -569.365683 -569.671420 -569.472683 -569.799980 -570.517319 -569.537728 -568.256131 -567.154516 -565.643668 -565.906548 -565.714088 -565.139966 -564.986881 -565.251187 -565.949406 -566.412286 -566.953406 -566.260123 -568.342872 -571.077231 -573.174758 -573.605714 -571.831677 -570.768419 -570.942704 -569.935632 -567.754902 -565.880242 -565.203470 -562.951394 -563.202616 -562.295336 -560.877517 -562.030604 -562.330955 -562.207489 -561.859304 -564.935653 -9999.0 -9999.0 -9999.0 -9999.0 -9999.0 -9999.0 -9999.0 -9999.0 -9999.0
-567.074501 -562.988546 -563.219531 -568.972403 -569.568180 -569.712507 -569.463666 -570.307642 -572.482380 -573.048353 -574.657785 -575.346527 -575.527396 -576.157505 -575.632281 -572.957810 -571.061909 -570.501598 -570.867638 -571.037727 -571.603561 -572.007405 -571.884816 -572.550896 -573.172236 -573.830049 -573.662997 -572.045049 -574.045197 -575.065752 -576.050751 -577.083250 -576.678432 -576.339979 -576.181020 -573.659425 -572.642808 -571.905179 -568.489913 -565.330515 -564.478947 -565.726540 -567.114117 -566.816670 -567.004483 -568.351456 -569.657244 -569.759037 -570.393886 -570.685123 -571.881209 -570.068930 -570.012606 -567.952947 -566.211648 -564.158809
-572.411053 -567.729015 -568.006423 -572.400652 -575.064442 -575.900731 -575.329495 -573.482890 -574.227555 -575.794333 -578.156168 -575.491099 -575.838758 -576.073755 -575.583673 -574.707865 -574.350232 -573.927811 -573.275274 -570.882780 -571.033178 -571.232793 -571.115627 -571.536049 -572.308137 -572.262890 -572.693224 -574.675517 -574.380807 -573.907722 -574.330824 -572.380569 -572.258746 -571.164708 -574.584223 -574.000293 -573.130138 -572.484480 -572.000912 -571.422474 -570.677828 -572.170991 -571.145124 -572.401569 -575.147566 -575.894063 -575.745473 -573.628318 -572.574540 -573.939265 -578.676045 -576.154283 -570.884098 -571.227219 -572.005542 -569.403159
-575.419937 -574.387341 -574.955066 -576.810818 -575.050948 -573.625882 -572.717324 -573.547782 -575.233280 -577.252062 -572.999551 -571.221075 -572.125194 -571.633141 -570.414819 -570.391755 -575.647678 -577.021373 -574.943503 -572.739763 -571.799173 -572.729070 -573.184889 -574.080758 -574.084463 -573.548201 -574.119685 -573.321384 -572.613719 -573.484320 -572.129882 -570.578755 -569.133076 -572.426822 -575.452291 -575.266912 -572.765180 -570.918232 -569.933535 -567.294403 -563.255525 -563.912655 -564.869259 -565.420011 -566.067627 -570.915759 -575.302840 -577.067220 -577.858299 -579.158444 -578.156285 -579.071751 -574.857960 -575.160068 -575.792404 -573.751863
-579.058818 -573.793734 -572.484856 -575.345667 -576.912438 -577.614249 -577.167105 -577.725799 -577.624119 -573.844715 -571.701187 -568.148455 -569.366099 -569.242221 -569.390274 -572.974650 -575.753774 -577.599008 -572.131310 -567.724534 -566.251758 -567.369464 -568.325100 -564.507989 -565.636095 -566.159147 -568.466633 -567.644145 -567.940807 -563.847865 -562.211101 -560.037296 -560.870323 -564.952876 -568.417536 -568.627015 -568.240032 -568.588823 -567.555362 -564.894006 -561.591553 -563.942786 -565.079242 -565.072543 -572.396625 -578.170638 -580.217407 -576.395362 -574.208269 -574.639821 -574.297848 -574.138320 -576.932124 -576.273029 -575.983431 -577.277151
-568.624193 -565.545172 -560.681035 -563.949465 -566.329143 -570.481471 -570.046852 -569.539033 -568.078827 -565.980652 -562.092528 -554.768971 -556.099451 -555.612463 -553.291882 -557.279686 -561.059194 -566.606705 -560.365689 -558.795956 -556.672063 -556.895731 -552.157157 -547.910142 -550.514750 -554.138439 -558.437276 -555.835366 -550.162510 -544.755647 -543.383924 -542.691837 -541.779642 -545.626312 -546.760795 -547.612191 -547.261628 -549.723578 -549.521851 -545.451569 -538.577121 -537.847417 -541.294475 -548.040756 -558.235991 -567.443623 -572.407589 -566.984065 -568.628481 -569.434309 -568.598793 -572.116227 -574.184807 -571.319068 -573.967151 -576.000017
-565.301463 -562.212231 -556.591170 -558.950140 -563.350081 -568.062654 -568.011729 -565.227006 -563.736200 -558.260509 -550.461458 -541.221408 -535.794428 -531.031169 -525.768472 -529.802475 -534.344384 -539.434813 -538.385718 -532.355804 -526.149826 -518.855344 -510.386552 -501.022906 -503.523432 -508.481779 -509.034765 -506.848546 -496.484967 -486.229733 -481.719505 -478.728557 -473.169289 -477.101383 -484.083065 -491.818882 -499.170838 -505.403259 -510.088533 -501.498222 -491.840032 -493.690427 -511.046961 -524.911437 -539.218728 -551.889892 -564.419067 -564.295567 -562.256412 -560.399062 -564.892918 -567.206235 -571.324988 -572.264632 -572.001791 -576.409412
-539.257194 -531.841830 -523.169151 -519.365088 -527.130024 -528.395735 -525.597966 -519.640928 -517.221663 -509.781910 -487.628485 -449.694880 -415.141076 -391.708301 -387.718756 -394.862513 -404.752984 -421.507553 -430.899623 -416.619748 -401.960651 -390.310627 -382.295891 -375.311464 -370.373014 -370.794652 -370.740526 -369.287723 -367.440830 -363.887219 -359.573060 -355.109918 -349.940154 -348.239315 -354.519155 -360.727142 -367.369650 -373.353357 -374.956774 -376.661757 -373.122969 -373.628624 -386.024119 -407.673550 -443.294290 -481.976825 -506.947733 -522.820903 -523.143075 -530.376915 -536.430848 -543.084022 -556.332705 -560.136442 -562.379815 -572.902433
-481.647419 -450.077205 -427.830841 -408.474769 -405.546979 -401.603907 -398.122305 -392.749344 -388.246517 -383.879187 -363.864015 -337.234320 -309.661418 -286.580623 -277.740391 -285.831309 -294.890091 -305.197099 -314.041419 -313.760430 -302.461007 -288.713198 -275.392708 -266.694009 -263.593101 -265.124898 -265.046724 -264.135074 -261.536583 -259.934725 -256.336862 -250.576124 -240.982359 -229.019084 -231.368274 -246.238877 -258.401158 -272.747006 -279.437578 -283.049953 -288.488421 -289.271212 -289.743394 -310.126903 -332.341728 -356.843333 -379.003591 -394.662895 -417.698101 -443.687625 -466.908301 -500.962043 -525.283439 -542.439864 -554.327631 -565.331157
-366.156264 -344.209507 -322.162446 -308.304751 -302.355003 -299.256378 -295.005219 -288.484904 -282.997235 -275.459958 -259.632519 -228.393107 -193.046139 -160.028106 -152.268165 -158.673848 -168.415314 -180.566176 -188.508516 -191.848974 -187.257798 -179.545584 -168.109045 -156.664611 -146.594066 -144.726879 -145.847198 -145.190583 -144.865180 -142.151945 -143.105184 -137.610384 -129.964691 -120.259524 -119.629790 -126.895969 -143.220975 -158.620396 -169.977779 -183.289685 -191.887864 -194.117218 -194.242375 -195.168140 -214.165307 -243.946285 -282.323877 -308.579472 -328.803268 -341.144708 -353.564200 -364.225911 -388.593729 -405.116018 -441.418384 -482.098728
-275.664911 -250.998814 -224.391125 -205.009972 -193.421714 -188.371408 -178.718630 -170.172524 -163.177343 -150.813862 -137.200355 -117.671064 -87.707338 -31.623457 -12.579732 -14.389826 -23.661592 -60.813092 -40.259828 -63.634098 -39.436333 -35.512965 -54.443065 -19.528876 -30.239100 -1.645335 -24.814516 -3.401905 -25.386446 -1.091767 -25.082068 -1.920632 -23.961697 4.832289 -17.312572 4.305144 -31.512141 -24.453801 -46.707149 -84.273476 -94.293488 -99.635515 -101.141983 -103.855686 -113.149344 -137.169300 -173.603008 -208.577089 -233.949635 -251.993054 -264.654377 -273.203697 -280.137076 -292.862606 -316.037382 -347.809223
-173.527414 -151.483196 -128.486823 -106.312969 -85.727440 -73.363164 -36.020490 -29.442162 -19.235949 -4.478504 -11.836602 19.402316 31.232703 49.849143 58.802750 63.912122 65.632402 65.164540 68.418116 67.021645 67.746324 67.960215 67.920725 68.924769 70.448305 72.161807 70.766050 72.095559 71.136031 72.552854 71.363458 72.297677 69.355255 70.553830 69.361820 70.457338 67.179168 60.560453 46.422498 30.561395 27.875279 20.786178 12.850261 4.117016 -4.485635 -17.798693 -71.753048 -108.476029 -140.880134 -160.160983 -169.433868 -175.422252 -180.428959 -193.793726 -213.471000 -237.916193
-34.929364 -21.922894 -5.273744 -5.780084 30.083663 38.152604 48.204281 52.256891 61.823806 72.207980 72.480651 74.449859 73.485182 74.933245 73.859156 75.162167 73.905134 72.934733 71.554609 71.544293 65.413032 57.140974 58.469973 59.437344 61.764043 64.217493 63.504806 63.880614 67.242435 65.348883 60.863030 57.661887 56.129194 56.079115 62.569256 64.477658 65.963442 65.854213 66.024740 65.560457 65.744481 65.381910 65.471214 65.461913 60.850390 52.964481 33.419616 7.287206 -21.745566 -68.943017 -82.524151 -83.243404 -87.715547 -95.635018 -119.496965 -146.878284
54.448898 64.628697 75.058399 73.751023 75.524630 74.505915 77.151372 77.522187 78.870809 73.610246 71.583603 66.266000 65.848049 64.227697 62.420499 62.808179 61.205738 57.583127 54.599114 49.430427 37.316625 26.265694 24.460880 28.950748 33.012200 15.921921 38.559026 37.532855 45.943430 35.557944 32.900334 26.306266 24.236693 30.018405 34.741776 17.601146 38.656029 16.640895 36.407322 37.248252 35.785048 36.338894 42.668659 55.307112 63.081496 63.214621 62.968266 62.783197 62.079842 41.338951 22.864163 25.168586 21.313719 9.976349 -40.205482 -68.198875
68.742538 69.247464 66.108755 61.151492 55.999282 55.522409 59.124570 65.608949 66.599402 60.740970 53.626826 47.261467 39.776310 37.120376 36.119596 35.043598 35.272671 30.152852 23.557302 7.939402 -32.928154 -50.009892 -57.878622 -59.388240 -54.479055 -48.544956 -37.921063 -29.158760 -8.790892 -39.632093 -52.607977 -61.307728 -61.644506 -59.192150 -52.046258 -43.948339 -40.184838 -41.332871 -42.098560 -43.739581 -47.645722 -46.678429 -33.578177 9.414441 23.850734 35.476689 42.508011 50.075124 55.629657 62.523266 62.431423 62.418863 62.345391 58.195375 44.665329 26.965967
54.867365 49.052904 42.128892 36.560550 30.888835 29.577226 32.523963 36.326776 33.212392 27.695177 18.050083 2.213758 -33.114669 -43.809385 -44.801958 -43.723311 -43.930323 -50.132378 -64.328463 -82.953046 -102.027025 -118.431303 -123.558845 -128.099002 -130.177679 -119.905866 -104.402965 -97.250685 -104.749004 -116.597483 -130.958161 -139.082514 -141.812067 -140.426912 -131.976726 -115.888539 -100.935804 -100.549082 -108.226159 -115.595253 -119.012536 -119.160142 -108.209668 -83.474943 -62.408928 -46.877851 -32.590845 0.498691 9.950035 19.083918 29.174543 40.662817 50.936907 61.409271 61.813803 61.666036
29.282031 19.774787 -14.622063 -26.843381 -34.499295 -39.329769 -41.987111 -44.091554 -50.136292 -56.584698 -66.707705 -80.463374 -96.812122 -111.950414 -116.101118 -118.469181 -116.974513 -128.064251 -139.925815 -159.952566 -176.189682 -191.732855 -199.811143 -205.152118 -209.922523 -202.057085 -185.929628 -176.318085 -190.488418 -200.725228 -214.264337 -221.058055 -224.338235 -223.621159 -215.283533 -193.974309 -176.893569 -171.580764 -179.386983 -186.107132 -188.886502 -188.550894 -182.050535 -164.196516 -142.929520 -122.400354 -106.062120 -91.672019 -81.527425 -70.077727 -54.516974 -35.978028 3.530895 20.399629 37.367752 50.658900
-41.931007 -53.434931 -68.191662 -80.988842 -92.428184 -98.787066 -98.842188 -105.788460 -112.212928 -121.746235 -160.499922 -175.657464 -192.797302 -207.003219 -211.895225 -218.577862 -221.622982 -230.746138 -237.963364 -249.174603 -263.565834 -277.991884 -290.038072 -293.466392 -296.480883 -299.200960 -290.036699 -286.003762 -288.797146 -295.192708 -301.897165 -305.509486 -307.716987 -304.721457 -294.309616 -284.029587 -274.220739 -270.001340 -275.128023 -270.774626 -265.676302 -265.392703 -251.522874 -237.975400 -220.850697 -200.333050 -178.685929 -166.194566 -156.253438 -144.736447 -128.358183 -109.336437 -86.938389 -62.181613 -33.903928 7.524906
-95.391564 -108.750225 -123.480533 -136.469866 -148.814767 -160.064816 -159.946958 -163.899607 -169.884682 -199.571978 -237.981681 -265.039872 -280.104454 -296.849375 -304.394327 -311.547701 -329.264239 -340.282848 -346.981057 -346.200251 -354.972817 -366.726989 -375.810923 -379.504615 -381.815537 -387.411734 -389.231474 -387.071534 -381.847922 -386.491221 -389.267569 -388.077603 -389.648332 -390.539341 -384.953118 -376.489131 -371.634596 -366.481106 -361.407243 -358.215221 -353.164288 -334.770332 -322.918707 -311.426015 -295.338647 -277.033869 -257.211256 -240.493543 -229.166585 -216.138108 -198.088292 -181.276958 -159.515173 -134.754243 -104.956051 -81.532170
-160.201461 -177.147080 -191.849827 -206.424617 -221.413993 -240.510906 -242.647178 -249.212196 -259.374267 -293.492099 -325.843822 -351.076363 -366.520975 -381.571080 -391.030979 -410.005126 -444.212387 -466.150002 -466.414867 -461.246876 -467.374364 -482.828542 -494.699447 -502.165198 -509.179121 -517.903352 -522.805717 -518.215162 -513.290309 -513.438666 -513.749466 -512.089237 -512.285874 -512.777384 -512.216607 -503.376186 -496.644994 -488.988404 -482.090419 -475.412371 -447.981528 -417.679016 -397.374938 -381.314725 -367.101299 -349.446440 -329.677576 -313.406439 -301.593022 -286.578194 -269.966628 -251.663589 -231.845957 -207.300592 -178.253851 -154.594692
-223.569234 -246.446627 -264.697978 -283.253474 -310.225714 -321.994862 -329.700921 -336.566248 -358.239159 -384.437006 -414.537073 -453.222627 -481.333282 -500.807325 -515.563390 -529.639298 -540.981106 -547.713338 -543.782194 -541.553304 -537.952097 -543.725901 -548.328413 -549.526483 -553.740699 -557.479344 -562.325288 -558.512266 -556.659375 -552.030458 -552.370453 -552.194083 -550.144718 -551.129753 -551.507252 -554.335887 -551.059865 -549.015889 -546.475906 -537.768863 -528.664140 -517.983579 -506.815772 -491.584831 -468.889154 -436.317221 -402.755938 -380.488049 -366.207209 -351.085050 -333.389598 -317.376416 -301.605773 -282.291928 -258.262943 -236.524022
-305.694015 -322.512463 -340.314974 -364.091054 -391.850860 -417.073995 -430.398986 -461.887611 -490.231911 -518.058718 -531.842588 -539.437303 -546.741442 -552.008718 -556.054647 -562.312496 -566.682354 -573.113443 -570.646955 -567.188831 -562.285292 -566.210341 -566.834773 -566.067081 -568.496505 -571.083057 -575.210282 -574.526748 -571.151191 -567.132680 -567.206935 -566.357999 -564.084072 -564.035206 -565.866817 -569.494169 -568.564430 -566.115676 -563.683335 -558.955439 -554.378378 -549.720299 -545.450331 -539.304726 -531.531195 -521.938262 -507.456605 -486.407511 -465.148262 -432.042806 -397.988752 -378.703340 -368.171392 -355.175479 -333.723299 -317.330965
-378.841590 -394.825574 -422.636385 -470.032739 -505.991054 -529.277917 -540.870659 -550.359167 -558.586869 -561.788429 -564.715192 -567.843280 -570.454421 -573.258012 -575.758927 -577.805168 -581.002986 -587.193210 -584.572629 -580.942577 -576.888250 -576.713529 -577.146433 -576.828435 -577.794570 -580.629160 -585.539781 -583.401269 -580.322853 -577.535507 -576.617937 -576.048979 -574.349116 -575.559499 -578.098470 -581.680229 -580.103525 -577.248676 -575.605766 -573.496939 -570.378590 -567.043728 -563.664313 -559.684588 -555.519920 -549.857956 -543.223179 -535.277622 -525.967314 -514.251152 -497.351065 -484.345707 -468.011280 -448.573278 -418.829153 -393.950664
-495.301664 -512.332898 -525.920565 -538.649468 -551.008013 -557.343483 -562.795831 -567.333706 -571.910991 -574.728321 -576.812157 -575.811641 -576.799083 -579.673079 -579.581351 -581.117844 -586.036420 -584.219438 -582.798121 -578.799182 -579.525927 -579.731888 -580.676966 -580.034681 -580.671287 -585.422541 -582.951596 -581.879115 -579.051642 -578.497170 -577.851634 -577.370324 -576.847214 -577.396983 -580.762010 -580.033009 -579.102078 -576.497296 -576.330615 -575.183482 -572.101490 -571.037469 -569.024071 -566.178601 -563.086605 -559.354455 -554.759513 -548.404762 -541.799633 -535.391764 -533.017025 -528.405362 -524.360774 -526.855424 -517.453264 -506.080543
