tests/Borden05m/sims/sim_1/output-maps/psiliqL0018N0007.asc
ncols         160
nrows         34
xllcorner     620200.000000
yllcorner     5168000.000000
cellsize      0.500000
NODATA_value  -9999.0
[rows 0 to 24 of 34, columns 0 to 54 of 160]
-9999.0 -9999.0 -9999.0 -9999.0 -9999.0 -9999.0 -9999.0 -9999.0 -9999.0 -9999.0 -9999.0 -9999.0 -9999.0 -9999.0 -9999.0 -9999.0 -9999.0 -9999.0 -9999.0 -9999.0 -9999.0 -9999.0 -9999.0 -9999.0 -9999.0 -9999.0 -9999.0 -9999.0 -9999.0 -9999.0 -9999.0 -9999.0 -9999.0 -9999.0 -9999.0 -9999.0 -9999.0 -9999.0 -9999.0 -9999.0 -9999.0 -9999.0 -9999.0 -9999.0 -9999.0 -9999.0 -9999.0 -9999.0 -9999.0 -9999.0 -9999.0 -9999.0 -9999.0 -9999.0 -9999.0
-9999.0 -9999.0 -9999.0 -9999.0 -9999.0 -9999.0 -9999.0 -9999.0 -9999.0 -9999.0 -9999.0 -9999.0 -9999.0 -9999.0 -9999.0 -9999.0 -9999.0 -9999.0 -9999.0 -9999.0 -9999.0 -9999.0 -9999.0 -9999.0 -9999.0 -9999.0 -9999.0 -9999.0 -9999.0 -9999.0 -9999.0 -9999.0 -9999.0 -9999.0 -9999.0 -9999.0 -9999.0 -9999.0 -9999.0 -9999.0 -9999.0 -9999.0 -9999.0 -9999.0 -9999.0 -9999.0 -9999.0 -9999.0 -9999.0 -9999.0 -9999.0 -9999.0 -9999.0 -9999.0 -9999.0
-9999.0 -9999.0 -9999.0 -9999.0 -9999.0 -9999.0 -9999.0 -9999.0 -9999.0 -9999.0 -9999.0 -9999.0 -9999.0 -9999.0 -9999.0 -9999.0 -9999.0 -9999.0 -9999.0 -9999.0 -9999.0 -9999.0 -9999.0 -9999.0 -9999.0 -9999.0 -9999.0 -9999.0 -9999.0 -9999.0 -9999.0 -9999.0 -9999.0 -9999.0 -9999.0 -9999.0 -9999.0 -9999.0 -9999.0 -9999.0 -9999.0 -9999.0 -9999.0 -9999.0 -9999.0 -9999.0 -9999.0 1705.121931 1688.140396 1673.780038 1671.051479 1693.535334 1717.373547 1741.751799 1762.861733
-9999.0 -9999.0 -9999.0 -9999.0 -9999.0 -9999.0 -9999.0 -9999.0 -9999.0 -9999.0 -9999.0 -9999.0 -9999.0 -9999.0 -9999.0 -9999.0 -9999.0 -9999.0 -9999.0 -9999.0 -9999.0 -9999.0 -9999.0 -9999.0 -9999.0 -9999.0 -9999.0 -9999.0 -9999.0 -9999.0 -9999.0 -9999.0 -9999.0 -9999.0 -9999.0 -9999.0 -9999.0 -9999.0 -9999.0 -9999.0 1752.174551 1758.349936 1759.399908 1749.664439 1738.932546 1726.627949 1706.770819 1689.372401 1675.592359 1673.821794 1676.984476 1681.726335 1704.160267 1729.736657 1750.104159
-9999.0 -9999.0 -9999.0 -9999.0 -9999.0 -9999.0 -9999.0 -9999.0 -9999.0 -9999.0 -9999.0 -9999.0 -9999.0 -9999.0 -9999.0 -9999.0 -9999.0 -9999.0 -9999.0 -9999.0 -9999.0 -9999.0 -9999.0 -9999.0 -9999.0 -9999.0 -9999.0 -9999.0 -9999.0 -9999.0 -9999.0 -9999.0 -9999.0 -9999.0 1658.020972 1675.565708 1694.057622 1713.066309 1730.433415 1737.772946 1743.824076 1749.800877 1745.991442 1742.011253 1731.131411 1711.850764 1692.978328 1680.076984 1678.990077 1677.200554 1681.899417 1694.941833 1712.370695 1728.791954 1750.234654
-9999.0 -9999.0 -9999.0 -9999.0 -9999.0 -9999.0 -9999.0 -9999.0 -9999.0 -9999.0 -9999.0 -9999.0 -9999.0 -9999.0 -9999.0 -9999.0 -9999.0 -9999.0 -9999.0 -9999.0 -9999.0 -9999.0 -9999.0 -9999.0 -9999.0 -9999.0 -9999.0 -9999.0 1660.510170 1654.925249 1650.484733 1649.563638 1648.826001 1648.340971 1655.479009 1667.651161 1685.868864 1708.341021 1722.080724 1729.939822 1737.245259 1738.443354 1733.745808 1732.569776 1733.694458 1722.278870 1711.100700 1700.688523 1690.646315 1689.287407 1699.412052 1714.409125 1731.448467 1747.006959 1763.140506
-9999.0 -9999.0 -9999.0 -9999.0 -9999.0 -9999.0 -9999.0 -9999.0 -9999.0 -9999.0 -9999.0 -9999.0 -9999.0 -9999.0 -9999.0 -9999.0 -9999.0 -9999.0 -9999.0 -9999.0 -9999.0 -9999.0 -9999.0 1629.136164 1634.858258 1641.804191 1649.837841 1651.263657 1647.864887 1642.853826 1640.573687 1639.790605 1638.573896 1643.768958 1652.078796 1666.088451 1682.416807 1705.209816 1714.450652 1720.625068 1733.289066 1737.193925 1744.542056 1749.408266 1748.503399 1746.058027 1733.532871 1724.280801 1729.151713 1735.252016 1743.014028 1752.070624 1766.429464 1782.087235 1799.529285
-9999.0 -9999.0 -9999.0 -9999.0 -9999.0 -9999.0 -9999.0 -9999.0 -9999.0 -9999.0 -9999.0 -9999.0 -9999.0 -9999.0 -9999.0 -9999.0 -9999.0 -9999.0 -9999.0 1603.561687 1604.761837 1606.408219 1611.521141 1612.447494 1614.857197 1622.271666 1630.943016 1634.108713 1632.817194 1632.234540 1634.434320 1637.896061 1643.147400 1654.965258 1669.451317 1684.386261 1698.735079 1720.429408 1735.954491 1749.980786 1766.624732 1767.326314 1764.462844 1763.722742 1765.052005 1765.658560 1768.783525 1771.271873 1778.592193 1782.964420 1789.402200 1799.768482 1812.535353 1831.213100 1851.249118
-9999.0 -9999.0 -9999.0 -9999.0 -9999.0 -9999.0 -9999.0 -9999.0 -9999.0 -9999.0 -9999.0 -9999.0 -9999.0 -9999.0 -9999.0 -9999.0 1574.398859 1576.450451 1579.020774 1584.690945 1588.217610 1592.626184 1600.050534 1601.878163 1606.082233 1613.823999 1619.237704 1628.933508 1637.851904 1645.879608 1652.647704 1656.127520 1664.165494 1674.587184 1687.262197 1703.010340 1724.995611 1749.267200 1766.376098 1784.228105 1802.457183 1804.196213 1804.081688 1806.136681 1807.198276 1813.109093 1830.780948 1836.967851 1837.283114 1852.723100 1867.263480 1872.917573 1881.722929 1902.291998 1926.633374
-9999.0 -9999.0 -9999.0 -9999.0 -9999.0 -9999.0 -9999.0 -9999.0 -9999.0 -9999.0 -9999.0 -9999.0 -9999.0 1526.441831 1530.809433 1540.963637 1551.281032 1554.367131 1559.309963 1566.031727 1578.704211 1582.888811 1589.635061 1597.728373 1610.580132 1619.967953 1629.810758 1642.449240 1651.600046 1659.658059 1667.447629 1673.195701 1686.934156 1702.886826 1719.354354 1740.417471 1763.628411 1784.746535 1805.773705 1823.118970 1837.499378 1839.328179 1839.834937 1843.615317 1851.872384 1869.309333 1889.008824 1896.868906 1913.880652 1937.690458 1951.683432 1963.479595 1972.843670 1987.831765 2010.476699
-9999.0 -9999.0 -9999.0 -9999.0 -9999.0 -9999.0 -9999.0 -9999.0 -9999.0 -9999.0 1494.438649 1496.821411 1493.766049 1493.153089 1498.943377 1511.631278 1526.124824 1532.898364 1545.187067 1566.850997 1585.573514 1589.645822 1604.577655 1615.636346 1623.271966 1634.476035 1648.465341 1662.012849 1679.393576 1692.710509 1704.580100 1724.320489 1741.888183 1759.719892 1778.813788 1800.682053 1820.944339 1849.563313 1877.673765 1890.956417 1913.198780 1923.280896 1921.847090 1923.226171 1934.215983 1950.713506 1971.929234 1994.896605 2017.616797 2043.875378 2060.933433 2076.553963 2088.433015 2101.792599 2119.087586
-9999.0 -9999.0 -9999.0 -9999.0 -9999.0 -9999.0 -9999.0 -9999.0 1469.123599 1477.067533 1483.437812 1480.892726 1476.995458 1473.074453 1487.730124 1504.085885 1520.731224 1539.256477 1555.835728 1574.807886 1590.476548 1607.124480 1628.007420 1640.442527 1652.854160 1669.219691 1683.894884 1701.576233 1723.933249 1736.606325 1753.137219 1775.523299 1794.971382 1814.493505 1835.029620 1854.772162 1881.500451 1916.112877 1949.248161 1972.033783 2001.284154 2024.438842 2024.352502 2027.783046 2033.541563 2060.652984 2091.244393 2123.611086 2149.505085 2177.950156 2209.004362 2229.023668 2240.969291 2254.742265 2271.156914
-9999.0 -9999.0 -9999.0 -9999.0 -9999.0 -9999.0 1440.685137 1465.353828 1480.976038 1473.450953 1462.905351 1459.522203 1455.603585 1482.098436 1505.015034 1523.144637 1540.859988 1559.353522 1576.735651 1589.339830 1622.877610 1642.300578 1657.131067 1675.048137 1690.994799 1707.034635 1725.683468 1750.061536 1772.311953 1801.489271 1826.349457 1850.138771 1877.865595 1899.242108 1919.989916 1939.443884 1972.146712 2011.130188 2049.587868 2079.472986 2108.131924 2141.508178 2148.903421 2155.891813 2163.818684 2187.960941 2222.447813 2254.810925 2290.328515 2324.158609 2353.399391 2367.218626 2378.948184 2391.293253 2405.772154
-9999.0 -9999.0 -9999.0 -9999.0 1406.729618 1427.932495 1448.058585 1479.136073 1502.235337 1498.085723 1504.999281 1505.505434 1503.956061 1509.238356 1517.702321 1536.634399 1556.502635 1576.709746 1594.683650 1628.548957 1674.766748 1690.401000 1714.098019 1746.919714 1761.585323 1778.370509 1796.392142 1820.732145 1847.199955 1881.093052 1924.239062 1961.387910 1988.406950 2012.954945 2036.404425 2059.789078 2096.950957 2137.382270 2176.678508 2212.632709 2243.972958 2272.178680 2285.374202 2294.706410 2308.306871 2327.139038 2351.129666 2381.109634 2415.151048 2448.999937 2475.105259 2488.816912 2497.227726 2508.615233 2519.115406
-9999.0 -9999.0 -9999.0 1355.588591 1394.682203 1433.492647 1460.724386 1492.216302 1525.363734 1529.753715 1539.909245 1544.721312 1549.264099 1558.335593 1566.748498 1585.048488 1603.166964 1621.629357 1644.995776 1682.320046 1717.202716 1745.158657 1777.690224 1803.266092 1823.843304 1841.113729 1861.990838 1887.293890 1928.593261 1966.361434 2017.773798 2072.637756 2110.753152 2136.859490 2162.288988 2192.676382 2220.684113 2260.530460 2297.966116 2333.406260 2367.525200 2393.802431 2413.270166 2422.029673 2433.556596 2443.316300 2460.352027 2483.416991 2507.037254 2537.785778 2567.725685 2595.743249 2611.305117 2622.422340 2639.283964
-9999.0 -9999.0 1307.790035 1346.337720 1380.007917 1429.773436 1483.542421 1519.174435 1560.888906 1584.797163 1592.253975 1609.279463 1625.635070 1632.959146 1648.351840 1665.934421 1686.546003 1695.671634 1715.299747 1743.320989 1791.235751 1835.230184 1851.220775 1900.774020 1935.577459 1967.216869 1988.718993 2018.171879 2056.994067 2099.023654 2149.083404 2201.553150 2241.492343 2274.636840 2294.090348 2316.749218 2341.663303 2369.679419 2407.049514 2437.252084 2471.236341 2498.868988 2521.580585 2528.299751 2534.266728 2551.673725 2578.682104 2608.282755 2635.449628 2661.693027 2661.153398 2677.471872 2685.434980 2690.269771 2696.858391
-9999.0 -9999.0 1280.020500 1325.683114 1364.769043 1429.462383 1512.164674 1549.817321 1593.571267 1641.343944 1660.906014 1686.934789 1696.242944 1702.414404 1726.458868 1748.668975 1765.347114 1774.416399 1774.687117 1831.254848 1889.992834 1935.221360 1972.967060 2044.934302 2094.957753 2116.922029 2134.125813 2157.851677 2183.990431 2228.263769 2275.835198 2331.476655 2377.424125 2410.689359 2429.171469 2450.575933 2473.082367 2492.541721 2513.915369 2557.141011 2589.490022 2618.308734 2647.789623 2669.471811 2678.993226 2684.280510 2671.066457 2685.186304 2695.175623 2700.352667 2703.115661 2700.935677 2701.346545 2702.866574 2704.403860
-9999.0 1189.572648 1242.029297 1294.789440 1362.952174 1429.370879 1511.365206 1591.500954 1653.253679 1704.531891 1735.603280 1745.707208 1775.098639 1815.648158 1842.556566 1868.911626 1875.202197 1884.235201 1874.419534 1926.520274 1974.900101 2044.326524 2152.985073 2212.572613 2265.446271 2269.453520 2266.444209 2280.122017 2304.487322 2351.150446 2424.202478 2476.439376 2535.528722 2581.637382 2599.996727 2609.382936 2629.273588 2651.190248 2629.363252 2659.375555 2674.372568 2686.858676 2692.775714 2696.027532 2698.564187 2700.121518 2698.355819 2693.400531 2687.004686 2682.691652 2679.740836 2676.162164 2679.261283 2682.972751 2683.779393
-9999.0 1153.248045 1212.304308 1283.307722 1353.983590 1416.825150 1515.641621 1667.277459 1726.137492 1766.999523 1788.866848 1802.260582 1878.266928 1946.363182 1981.377414 2029.050899 2023.978650 2015.297459 1998.213501 2031.441367 2080.218536 2155.546774 2307.676705 2396.112995 2434.570060 2448.682712 2457.767348 2488.002387 2529.615480 2572.789477 2612.150840 2605.763114 2641.149779 2660.378061 2667.307124 2671.141492 2677.546210 2679.413828 2679.663176 2677.731250 2674.770743 2676.539630 2682.084605 2683.194252 2681.664947 2679.813183 2675.512262 2669.233294 2664.889474 2661.219251 2659.292179 2656.935467 2655.584092 2655.466469 2650.831070
-9999.0 1120.417104 1192.930167 1255.396226 1315.632700 1424.410316 1553.214931 1693.398283 1790.340208 1831.115542 1846.279291 1910.955254 2017.067432 2120.687985 2176.870065 2204.990840 2204.353406 2179.242767 2179.120294 2226.031198 2294.739608 2396.729810 2504.182355 2591.378726 2609.477986 2617.250499 2593.032195 2613.619275 2632.814048 2639.127684 2643.890803 2651.734823 2659.841074 2665.507445 2666.842433 2666.468017 2663.993355 2657.973955 2654.721169 2652.715531 2650.351990 2650.651357 2653.882925 2656.033406 2654.250575 2651.292762 2647.679825 2642.823289 2637.226516 2631.212829 2627.683687 2623.929785 2621.826258 2616.496928 2611.771139
-9999.0 1013.813659 1104.792168 1156.017578 1259.612857 1439.257307 1568.448294 1718.084687 1872.990039 1911.470971 1983.661088 2114.958176 2230.090054 2311.834108 2354.221189 2397.936197 2429.492626 2454.286668 2492.703575 2432.035474 2497.947431 2570.116092 2604.403823 2622.754890 2631.221596 2636.352623 2631.912710 2616.128484 2609.280528 2605.958028 2610.599795 2620.442873 2627.938444 2635.231211 2634.978341 2637.338459 2639.110078 2636.842941 2633.784593 2626.162572 2619.097349 2613.511958 2611.602320 2616.974712 2612.621726 2610.259944 2604.837951 2597.211773 2588.377699 2581.225447 2573.807246 2567.241451 2564.342139 2558.241359 2555.591262
-9999.0 932.974849 1008.798707 1089.827525 1220.677477 1386.065626 1507.582213 1674.649227 1895.692654 2022.474459 2164.047143 2248.381459 2327.989904 2389.851673 2453.867189 2507.605824 2537.522734 2552.080391 2539.682610 2557.291053 2525.951604 2521.839582 2543.506147 2574.376406 2592.412733 2599.985865 2595.225749 2588.293792 2583.960896 2585.343283 2585.891593 2585.377649 2584.454918 2583.216765 2581.320225 2584.595285 2590.138852 2584.193084 2574.734008 2566.174429 2558.407464 2549.733529 2543.968799 2540.068476 2539.449415 2539.541076 2532.394590 2522.563785 2512.698807 2504.956346 2497.633483 2492.235278 2489.006175 2482.837847 2472.504989
-9999.0 828.065952 953.038014 1042.320815 1156.842136 1292.632844 1414.328081 1577.131653 1723.910654 1955.258340 2113.945583 2252.322237 2303.898696 2372.267760 2433.464830 2508.057263 2515.000607 2489.979121 2458.675016 2447.588967 2458.448050 2471.212993 2485.897565 2506.711726 2527.035200 2539.543948 2545.130240 2540.426842 2528.611940 2519.821384 2512.930249 2502.954798 2496.055332 2495.220865 2497.670093 2506.185599 2508.188844 2499.361249 2486.328004 2469.298534 2454.334443 2442.837854 2439.677013 2440.992507 2441.021281 2437.140800 2430.703779 2420.336662 2408.171956 2396.447838 2389.579436 2384.127708 2376.223174 2364.346686 2350.488004
-9999.0 -9999.0 874.756275 985.458062 1090.024443 1210.521016 1319.844896 1458.084771 1608.602307 1791.064203 1913.476554 2064.191137 2149.711257 2200.960618 2251.063097 2311.158941 2336.823227 2364.365382 2355.620933 2366.002163 2376.898483 2385.641599 2396.638553 2408.973999 2423.818711 2436.026319 2446.505994 2445.834756 2438.136588 2420.897338 2399.622687 2383.271629 2374.387517 2367.087033 2377.462110 2389.237134 2385.502209 2378.714569 2366.264437 2349.402249 2335.700989 2320.974042 2316.411123 2315.772503 2315.362746 2312.175480 2307.975304 2295.053256 2282.288607 2270.977055 2265.660076 2259.142999 2253.427847 2241.690923 2228.785035
-9999.0 -9999.0 789.256812 897.026361 1008.565860 1131.187603 1228.126990 1287.195071 1437.332337 1553.094890 1662.393782 1769.005657 1860.312622 1929.773984 1974.495040 2039.667360 2089.082311 2109.572823 2139.509012 2179.885103 2211.028630 2244.851210 2267.093848 2281.317088 2297.133992 2312.775541 2322.646355 2311.114583 2300.933013 2284.747766 2263.177461 2239.263249 2226.988595 2224.489676 2225.649821 2229.457692 2223.011328 2213.488884 2198.891585 2183.446828 2169.975516 2158.484618 2153.524306 2148.481442 2146.024922 2142.539604 2139.275474 2131.271492 2120.730142 2113.824978 2105.189014 2099.369068 2096.184485 2089.556110 2080.079885
