tests/Borden05m/sims/sim_1/output-maps/psiliqL0016N0012.asc
ncols         160
nrows         34
xllcorner     620200.000000
yllcorner     5168000.000000
cellsize      0.500000
NODATA_value  -9999.0
[rows 0 to 24 of 34, columns 0 to 54 of 160]
-9999.0 -9999.0 -9999.0 -9999.0 -9999.0 -9999.0 -9999.0 -9999.0 -9999.0 -9999.0 -9999.0 -9999.0 -9999.0 -9999.0 -9999.0 -9999.0 -9999.0 -9999.0 -9999.0 -9999.0 -9999.0 -9999.0 -9999.0 -9999.0 -9999.0 -9999.0 -9999.0 -9999.0 -9999.0 -9999.0 -9999.0 -9999.0 -9999.0 -9999.0 -9999.0 -9999.0 -9999.0 -9999.0 -9999.0 -9999.0 -9999.0 -9999.0 -9999.0 -9999.0 -9999.0 -9999.0 -9999.0 -9999.0 -9999.0 -9999.0 -9999.0 -9999.0 -9999.0 -9999.0 -9999.0
-9999.0 -9999.0 -9999.0 -9999.0 -9999.0 -9999.0 -9999.0 -9999.0 -9999.0 -9999.0 -9999.0 -9999.0 -9999.0 -9999.0 -9999.0 -9999.0 -9999.0 -9999.0 -9999.0 -9999.0 -9999.0 -9999.0 -9999.0 -9999.0 -9999.0 -9999.0 -9999.0 -9999.0 -9999.0 -9999.0 -9999.0 -9999.0 -9999.0 -9999.0 -9999.0 -9999.0 -9999.0 -9999.0 -9999.0 -9999.0 -9999.0 -9999.0 -9999.0 -9999.0 -9999.0 -9999.0 -9999.0 -9999.0 -9999.0 -9999.0 -9999.0 -9999.0 -9999.0 -9999.0 -9999.0
-9999.0 -9999.0 -9999.0 -9999.0 -9999.0 -9999.0 -9999.0 -9999.0 -9999.0 -9999.0 -9999.0 -9999.0 -9999.0 -9999.0 -9999.0 -9999.0 -9999.0 -9999.0 -9999.0 -9999.0 -9999.0 -9999.0 -9999.0 -9999.0 -9999.0 -9999.0 -9999.0 -9999.0 -9999.0 -9999.0 -9999.0 -9999.0 -9999.0 -9999.0 -9999.0 -9999.0 -9999.0 -9999.0 -9999.0 -9999.0 -9999.0 -9999.0 -9999.0 -9999.0 -9999.0 -9999.0 -9999.0 1299.571524 1282.449552 1267.534942 1264.947368 1287.402131 1311.019866 1335.130952 1356.010080
-9999.0 -9999.0 -9999.0 -9999.0 -9999.0 -9999.0 -9999.0 -9999.0 -9999.0 -9999.0 -9999.0 -9999.0 -9999.0 -9999.0 -9999.0 -9999.0 -9999.0 -9999.0 -9999.0 -9999.0 -9999.0 -9999.0 -9999.0 -9999.0 -9999.0 -9999.0 -9999.0 -9999.0 -9999.0 -9999.0 -9999.0 -9999.0 -9999.0 -9999.0 -9999.0 -9999.0 -9999.0 -9999.0 -9999.0 -9999.0 1347.045453 1353.084698 1354.157247 1344.080994 1333.120508 1320.826165 1300.898142 1283.375661 1269.154119 1267.062390 1270.000741 1274.847250 1297.300560 1322.479130 1342.554475
-9999.0 -9999.0 -9999.0 -9999.0 -9999.0 -9999.0 -9999.0 -9999.0 -9999.0 -9999.0 -9999.0 -9999.0 -9999.0 -9999.0 -9999.0 -9999.0 -9999.0 -9999.0 -9999.0 -9999.0 -9999.0 -9999.0 -9999.0 -9999.0 -9999.0 -9999.0 -9999.0 -9999.0 -9999.0 -9999.0 -9999.0 -9999.0 -9999.0 -9999.0 1253.876447 1271.354823 1289.645694 1308.362225 1325.418357 1332.476411 1338.405507 1344.242850 1340.269153 1335.977112 1324.872628 1305.625651 1286.467844 1273.174132 1271.638018 1269.545775 1274.049834 1286.982912 1304.118837 1320.426261 1341.658946
-9999.0 -9999.0 -9999.0 -9999.0 -9999.0 -9999.0 -9999.0 -9999.0 -9999.0 -9999.0 -9999.0 -9999.0 -9999.0 -9999.0 -9999.0 -9999.0 -9999.0 -9999.0 -9999.0 -9999.0 -9999.0 -9999.0 -9999.0 -9999.0 -9999.0 -9999.0 -9999.0 -9999.0 1257.188836 1251.477454 1246.792425 1245.637719 1244.663914 1243.913342 1250.925229 1263.027905 1281.132416 1303.231974 1316.602553 1324.150314 1331.136204 1332.096418 1327.212417 1325.643648 1326.385820 1314.748455 1303.313745 1292.639233 1282.339943 1280.847885 1290.683573 1305.267890 1321.931998 1337.185543 1353.032432
-9999.0 -9999.0 -9999.0 -9999.0 -9999.0 -9999.0 -9999.0 -9999.0 -9999.0 -9999.0 -9999.0 -9999.0 -9999.0 -9999.0 -9999.0 -9999.0 -9999.0 -9999.0 -9999.0 -9999.0 -9999.0 -9999.0 -9999.0 1226.442013 1232.210082 1239.000608 1246.812995 1248.045611 1244.388475 1239.144799 1236.558297 1235.478118 1234.050517 1238.930399 1247.122978 1260.916325 1276.988024 1299.337247 1308.250344 1314.333601 1326.751005 1330.089141 1336.661064 1341.106413 1339.769517 1337.051536 1324.434236 1315.057209 1319.885754 1325.773117 1333.021002 1341.539538 1355.434099 1370.936156 1388.321503
-9999.0 -9999.0 -9999.0 -9999.0 -9999.0 -9999.0 -9999.0 -9999.0 -9999.0 -9999.0 -9999.0 -9999.0 -9999.0 -9999.0 -9999.0 -9999.0 -9999.0 -9999.0 -9999.0 1200.957253 1202.066665 1203.556889 1208.536310 1209.471126 1211.803497 1219.062884 1227.533674 1230.369240 1228.914816 1227.979415 1229.899076 1233.036038 1237.889506 1249.463000 1263.627210 1278.196611 1292.296302 1313.586319 1328.720028 1342.493775 1358.780341 1358.780313 1355.301287 1353.960372 1354.793986 1355.099414 1358.537909 1360.979544 1367.647721 1372.026976 1378.301233 1388.102309 1400.222086 1418.649941 1438.546374
-9999.0 -9999.0 -9999.0 -9999.0 -9999.0 -9999.0 -9999.0 -9999.0 -9999.0 -9999.0 -9999.0 -9999.0 -9999.0 -9999.0 -9999.0 -9999.0 1171.845951 1173.848986 1176.315657 1181.934302 1185.223509 1189.507235 1196.775399 1198.394037 1202.454333 1209.963628 1215.177575 1224.492648 1233.037224 1240.763809 1247.183405 1250.309057 1258.080587 1268.124403 1280.404293 1295.892503 1317.606707 1341.270798 1357.930961 1375.240294 1392.855755 1393.977886 1393.294412 1394.771655 1395.390398 1401.323971 1418.683974 1424.463287 1425.011392 1440.732557 1454.834381 1460.095494 1468.233409 1487.969700 1511.886154
-9999.0 -9999.0 -9999.0 -9999.0 -9999.0 -9999.0 -9999.0 -9999.0 -9999.0 -9999.0 -9999.0 -9999.0 -9999.0 1124.559050 1128.866268 1138.792993 1148.657027 1151.545113 1156.248354 1162.731605 1175.265036 1179.269383 1185.851566 1193.770592 1206.203599 1215.274596 1224.843980 1237.140291 1245.977218 1253.671772 1261.121897 1266.839369 1280.339314 1295.913990 1311.986900 1332.578677 1355.125381 1375.895486 1396.580491 1413.089236 1427.064824 1428.877046 1428.485427 1431.346708 1439.049459 1456.027298 1474.990859 1483.203428 1500.561511 1523.720034 1537.243539 1548.837732 1557.732524 1571.797970 1593.548564
-9999.0 -9999.0 -9999.0 -9999.0 -9999.0 -9999.0 -9999.0 -9999.0 -9999.0 -9999.0 1091.849518 1094.246538 1091.075379 1090.753456 1096.260695 1108.731419 1122.907706 1129.682886 1141.708173 1163.093022 1181.433015 1185.336620 1200.173746 1210.885017 1218.158237 1229.100023 1242.735243 1255.983388 1273.154090 1286.126014 1297.934271 1317.619615 1334.653181 1351.824517 1370.214501 1391.203050 1411.170330 1439.618733 1467.034078 1480.015137 1502.183699 1512.638908 1510.322308 1510.802163 1520.405059 1536.321138 1557.249139 1580.167021 1602.075311 1627.556690 1644.583972 1659.430449 1670.635900 1683.387284 1699.720132
-9999.0 -9999.0 -9999.0 -9999.0 -9999.0 -9999.0 -9999.0 -9999.0 1066.851907 1074.500716 1080.806272 1078.093798 1073.956759 1070.132863 1084.371125 1100.547412 1116.987143 1135.139020 1151.546519 1170.241288 1185.861886 1202.446277 1222.892442 1235.072677 1247.213573 1263.138319 1277.394905 1294.902836 1316.801412 1329.646999 1346.410545 1368.332950 1387.372066 1406.090472 1425.623817 1444.454297 1470.883202 1504.731527 1537.021016 1559.593095 1587.938610 1610.809397 1610.164106 1612.764500 1617.390917 1643.244676 1672.697739 1703.642605 1728.648488 1755.991439 1785.793779 1804.532620 1815.676710 1828.709672 1844.317401
-9999.0 -9999.0 -9999.0 -9999.0 -9999.0 -9999.0 1039.110692 1063.575661 1078.913557 1071.236978 1061.115657 1057.649975 1053.735381 1078.571309 1101.048155 1118.814128 1136.237104 1154.428574 1171.543957 1184.578111 1218.414326 1237.128894 1251.905819 1270.092222 1285.451545 1300.839714 1318.950364 1342.873521 1364.990647 1394.528405 1420.003260 1443.916902 1470.753902 1491.115064 1510.643689 1529.227509 1560.820433 1598.490061 1635.528855 1664.475622 1691.998744 1723.425287 1730.260218 1736.056482 1742.953257 1764.708836 1796.975839 1827.649247 1861.565661 1893.861818 1921.257057 1933.584628 1944.396382 1956.095766 1969.922986
-9999.0 -9999.0 -9999.0 -9999.0 1005.430481 1026.501655 1046.620768 1077.519592 1100.363432 1095.792690 1102.630274 1102.993913 1101.362162 1105.915471 1113.681413 1132.291349 1151.623965 1171.281280 1189.395159 1224.069435 1269.292962 1285.125543 1309.418367 1341.966964 1356.277965 1372.362254 1389.483224 1413.130464 1439.714484 1473.236969 1516.489991 1553.421190 1579.464277 1602.730099 1624.477526 1646.538245 1681.299445 1719.413029 1756.654305 1791.037284 1821.081870 1847.445318 1859.827758 1867.820452 1879.817948 1896.623438 1918.491538 1946.183482 1978.022811 2010.330408 2035.459845 2048.907884 2056.920024 2067.837369 2078.249808
-9999.0 -9999.0 -9999.0 955.280864 994.167552 1032.446318 1059.605065 1090.811587 1123.413622 1128.008719 1137.526224 1142.459897 1147.233626 1156.090735 1164.709347 1182.472362 1199.659449 1216.864986 1239.707520 1276.910112 1312.097616 1341.346669 1373.802953 1400.221703 1420.984751 1437.519843 1457.024170 1481.429128 1521.521080 1558.697725 1608.880585 1662.141809 1698.813916 1723.113299 1745.887242 1773.632459 1799.077893 1835.993145 1871.177554 1904.587960 1936.577066 1961.444942 1980.039360 1987.716708 1997.616720 2006.209837 2022.289961 2044.009471 2066.216702 2095.485813 2124.163170 2149.731641 2164.258171 2174.737873 2191.078223
-9999.0 -9999.0 907.839103 945.980749 979.932790 1030.002856 1083.328404 1118.267909 1159.509742 1183.377776 1190.436968 1207.464513 1223.617178 1230.905561 1246.433089 1263.860537 1282.888564 1290.837587 1309.059907 1338.720678 1387.843544 1432.835390 1451.968873 1502.278974 1536.092106 1565.212016 1584.251581 1611.671089 1647.924815 1688.887142 1737.020491 1786.998537 1825.137908 1856.173477 1873.029366 1892.876463 1915.480183 1940.092188 1974.604897 2003.385914 2035.433940 2061.785895 2083.602109 2090.065146 2095.111167 2111.121016 2136.105413 2162.811236 2187.987895 2212.404323 2214.095692 2227.660078 2234.280258 2238.371135 2243.995840
-9999.0 -9999.0 880.684387 925.927558 965.756147 1031.517821 1112.479680 1149.866728 1193.116790 1239.693362 1258.638950 1283.608889 1294.383257 1302.535779 1326.161297 1348.521270 1362.730352 1370.657633 1370.872233 1426.927170 1485.425071 1533.780251 1576.907281 1645.605914 1692.584006 1711.137735 1725.090174 1746.339977 1770.786148 1813.358157 1859.629496 1912.289340 1955.536821 1986.433909 2002.646788 2021.282037 2041.487455 2058.990335 2078.296486 2118.609660 2147.422428 2174.203441 2201.949568 2222.555503 2231.143628 2235.159750 2223.318648 2234.622665 2242.557780 2246.490486 2248.361544 2245.649066 2245.589732 2246.754601 2248.023128
-9999.0 791.144075 843.443831 896.489635 965.125581 1032.091701 1114.811406 1194.798034 1253.603451 1302.342968 1332.067187 1343.213242 1376.531387 1417.808854 1443.921011 1470.410114 1474.988235 1482.023386 1472.626924 1522.593676 1571.749243 1643.769491 1752.028077 1809.348689 1856.970132 1859.634628 1855.174247 1867.491079 1890.620890 1934.320905 2002.305236 2050.396851 2104.714998 2145.888858 2161.488570 2168.689558 2186.462826 2206.452163 2189.577754 2214.960512 2227.292983 2237.731834 2241.964472 2244.538551 2246.353072 2247.172001 2244.576943 2238.747939 2231.481242 2226.336487 2222.609499 2218.320817 2220.850790 2224.111398 2224.647374
-9999.0 755.322345 814.640577 885.969794 956.910432 1022.820528 1124.409011 1270.754077 1326.385510 1364.952305 1387.119186 1405.431890 1481.541682 1547.465534 1581.442199 1626.844836 1621.949898 1612.847298 1598.675181 1631.917967 1681.055002 1755.005274 1899.942131 1984.935386 2017.008462 2029.261236 2036.915417 2064.322799 2102.115089 2139.856520 2174.484319 2171.198440 2200.790986 2216.160610 2221.189587 2223.648043 2228.346972 2229.261585 2228.423922 2225.861072 2222.407735 2223.771099 2228.854143 2229.536674 2227.471417 2224.915746 2219.704168 2212.352627 2206.882850 2202.153218 2199.223636 2195.995025 2194.055732 2193.600076 2188.729282
-9999.0 724.386563 796.145577 859.311433 922.503352 1034.774929 1161.873180 1299.056247 1393.304978 1431.997514 1451.579971 1517.812702 1618.895854 1716.038897 1768.350620 1794.500426 1795.533754 1773.851344 1776.671780 1822.625529 1888.985752 1984.104035 2081.347925 2161.171969 2176.550759 2182.261160 2160.562148 2176.955593 2192.154919 2196.295385 2199.400652 2205.058575 2211.929970 2216.356356 2216.618567 2215.181845 2211.715112 2204.835819 2200.823363 2198.319217 2195.605275 2195.736712 2198.800914 2200.482527 2198.221801 2194.523904 2189.935976 2183.970160 2177.361798 2170.267172 2165.764784 2161.200210 2158.492442 2152.947139 2147.987936
-9999.0 622.086881 711.483861 765.075679 875.520541 1051.895485 1179.582914 1329.334116 1478.478864 1516.948002 1589.806726 1712.042179 1818.694106 1893.226717 1932.958910 1974.553243 2004.467057 2028.990945 2065.994594 2017.806120 2078.431193 2141.551526 2170.634656 2185.750003 2191.074855 2194.605460 2188.742846 2171.523429 2163.131727 2158.350964 2161.757777 2170.530536 2177.202380 2183.693255 2182.594040 2183.977594 2184.705187 2181.664319 2178.217147 2170.360510 2163.156928 2157.650639 2155.906650 2161.171350 2156.404869 2153.287813 2147.062003 2138.602042 2129.347268 2121.216438 2112.953694 2105.685291 2102.320010 2096.112273 2093.708662
-9999.0 541.233864 617.724245 703.911875 839.353109 1004.175639 1130.839748 1297.999294 1510.691028 1630.286644 1759.633631 1834.448664 1907.421791 1966.146928 2027.083056 2074.780048 2101.316405 2113.931490 2104.130990 2119.175011 2089.402302 2085.147211 2105.155800 2134.041601 2149.926416 2155.947736 2149.555755 2140.913610 2135.269946 2135.505665 2135.233675 2134.323143 2133.064530 2131.369676 2128.796494 2131.209064 2135.965288 2129.778038 2120.958583 2112.693285 2105.272079 2096.998871 2091.541348 2087.952242 2086.971716 2086.612337 2078.882124 2068.207359 2057.238827 2048.571254 2040.432980 2034.377413 2031.048363 2025.235335 2016.084184
-9999.0 440.269983 563.002326 655.329218 774.536736 911.244504 1036.121251 1199.662741 1347.521482 1570.786616 1727.035368 1844.386663 1887.594445 1947.854283 2005.941318 2073.943058 2079.172430 2052.983764 2022.662575 2011.162043 2020.359850 2032.386012 2046.800421 2067.137756 2085.998849 2096.971014 2100.690227 2094.531684 2081.824967 2072.745738 2065.927560 2056.045651 2049.033518 2047.932597 2049.367852 2056.928356 2058.756491 2049.602535 2036.506810 2020.161528 2005.956909 1995.235524 1992.458952 1993.917391 1993.936884 1990.084274 1983.221277 1972.444671 1959.660000 1947.468721 1939.873647 1934.034749 1926.388321 1915.474598 1903.393962
-9999.0 -9999.0 486.593281 597.652161 704.704997 826.963970 940.353614 1082.011216 1232.398534 1413.493420 1531.704427 1668.424630 1744.179947 1790.322634 1838.339645 1893.633241 1914.804277 1937.683881 1925.548506 1933.571462 1942.954712 1950.797792 1961.316760 1973.196801 1986.998709 1997.798793 2006.604270 2005.079490 1996.675128 1979.579143 1958.921426 1943.040519 1934.139795 1926.918208 1936.483991 1947.731363 1944.181014 1937.342530 1925.227825 1909.410169 1896.469421 1882.698551 1878.879668 1878.932640 1878.860737 1875.814575 1871.395021 1858.444599 1845.419938 1833.571723 1827.840724 1821.246611 1815.510392 1804.232538 1792.142505
-9999.0 -9999.0 401.833840 510.374309 624.019341 747.418676 846.769515 915.957624 1067.437252 1183.113913 1288.528290 1388.836136 1473.206822 1537.302119 1579.854903 1641.139972 1684.920546 1702.548648 1726.995977 1761.796794 1790.280200 1820.916624 1840.982393 1854.123454 1868.587502 1882.626895 1891.602967 1879.996194 1869.572109 1853.456338 1832.390504 1809.125181 1797.034606 1793.881093 1795.398551 1799.644685 1793.460383 1783.916075 1769.581009 1754.274825 1741.413042 1730.439428 1726.281656 1722.341366 1720.593510 1717.476609 1714.292583 1706.121503 1695.203991 1687.796768 1679.180234 1673.152931 1669.957842 1663.371167 1654.294138
