tests/Borden05m/sims/sim_1/output-maps/psiliqL0030N0002.asc
ncols         160
nrows         34
xllcorner     620200.000000
yllcorner     5168000.000000
cellsize      0.500000
NODATA_value  -9999.0
[rows 0 to 24 of 34, columns 0 to 54 of 160]
-9999.0 -9999.0 -9999.0 -9999.0 -9999.0 -9999.0 -9999.0 -9999.0 -9999.0 -9999.0 -9999.0 -9999.0 -9999.0 -9999.0 -9999.0 -9999.0 -9999.0 -9999.0 -9999.0 -9999.0 -9999.0 -9999.0 -9999.0 -9999.0 -9999.0 -9999.0 -9999.0 -9999.0 -9999.0 -9999.0 -9999.0 -9999.0 -9999.0 -9999.0 -9999.0 -9999.0 -9999.0 -9999.0 -9999.0 -9999.0 -9999.0 -9999.0 -9999.0 -9999.0 -9999.0 -9999.0 -9999.0 -9999.0 -9999.0 -9999.0 -9999.0 -9999.0 -9999.0 -9999.0 -9999.0
-9999.0 -9999.0 -9999.0 -9999.0 -9999.0 -9999.0 -9999.0 -9999.0 -9999.0 -9999.0 -9999.0 -9999.0 -9999.0 -9999.0 -9999.0 -9999.0 -9999.0 -9999.0 -9999.0 -9999.0 -9999.0 -9999.0 -9999.0 -9999.0 -9999.0 -9999.0 -9999.0 -9999.0 -9999.0 -9999.0 -9999.0 -9999.0 -9999.0 -9999.0 -9999.0 -9999.0 -9999.0 -9999.0 -9999.0 -9999.0 -9999.0 -9999.0 -9999.0 -9999.0 -9999.0 -9999.0 -9999.0 -9999.0 -9999.0 -9999.0 -9999.0 -9999.0 -9999.0 -9999.0 -9999.0
-9999.0 -9999.0 -9999.0 -9999.0 -9999.0 -9999.0 -9999.0 -9999.0 -9999.0 -9999.0 -9999.0 -9999.0 -9999.0 -9999.0 -9999.0 -9999.0 -9999.0 -9999.0 -9999.0 -9999.0 -9999.0 -9999.0 -9999.0 -9999.0 -9999.0 -9999.0 -9999.0 -9999.0 -9999.0 -9999.0 -9999.0 -9999.0 -9999.0 -9999.0 -9999.0 -9999.0 -9999.0 -9999.0 -9999.0 -9999.0 -9999.0 -9999.0 -9999.0 -9999.0 -9999.0 -9999.0 -9999.0 4072.143916 4055.002217 4042.320058 4036.715379 4057.135462 4079.979608 4103.687324 4124.083620
-9999.0 -9999.0 -9999.0 -9999.0 -9999.0 -9999.0 -9999.0 -9999.0 -9999.0 -9999.0 -9999.0 -9999.0 -9999.0 -9999.0 -9999.0 -9999.0 -9999.0 -9999.0 -9999.0 -9999.0 -9999.0 -9999.0 -9999.0 -9999.0 -9999.0 -9999.0 -9999.0 -9999.0 -9999.0 -9999.0 -9999.0 -9999.0 -9999.0 -9999.0 -9999.0 -9999.0 -9999.0 -9999.0 -9999.0 -9999.0 4123.990342 4129.842392 4128.999956 4119.243966 4107.740561 4093.383455 4072.437101 4055.383930 4042.845888 4041.032122 4043.247503 4044.904621 4064.719029 4090.241973 4110.104589
-9999.0 -9999.0 -9999.0 -9999.0 -9999.0 -9999.0 -9999.0 -9999.0 -9999.0 -9999.0 -9999.0 -9999.0 -9999.0 -9999.0 -9999.0 -9999.0 -9999.0 -9999.0 -9999.0 -9999.0 -9999.0 -9999.0 -9999.0 -9999.0 -9999.0 -9999.0 -9999.0 -9999.0 -9999.0 -9999.0 -9999.0 -9999.0 -9999.0 -9999.0 4031.842906 4048.480401 4066.203931 4084.684033 4101.622264 4108.689479 4114.431614 4119.518426 4114.524439 4109.994279 4097.951798 4076.017876 4056.600383 4044.040255 4043.333835 4040.747631 4043.812395 4054.630713 4070.957443 4085.306556 4105.468753
-9999.0 -9999.0 -9999.0 -9999.0 -9999.0 -9999.0 -9999.0 -9999.0 -9999.0 -9999.0 -9999.0 -9999.0 -9999.0 -9999.0 -9999.0 -9999.0 -9999.0 -9999.0 -9999.0 -9999.0 -9999.0 -9999.0 -9999.0 -9999.0 -9999.0 -9999.0 -9999.0 -9999.0 4038.510672 4032.433577 4027.530781 4025.723206 4024.009244 4022.922622 4029.339870 4039.915618 4056.380149 4078.414316 4091.636447 4098.741447 4105.540133 4105.526656 4099.057871 4097.164454 4097.414909 4084.140800 4071.326958 4059.313972 4047.504942 4043.494400 4051.835330 4065.827965 4081.750409 4095.926878 4110.824734
-9999.0 -9999.0 -9999.0 -9999.0 -9999.0 -9999.0 -9999.0 -9999.0 -9999.0 -9999.0 -9999.0 -9999.0 -9999.0 -9999.0 -9999.0 -9999.0 -9999.0 -9999.0 -9999.0 -9999.0 -9999.0 -9999.0 -9999.0 4008.927556 4013.398735 4019.738451 4027.283118 4028.060309 4024.853017 4019.347177 4016.554923 4014.890798 4012.117386 4016.378638 4022.664826 4035.035022 4049.724612 4071.824865 4079.591740 4082.850960 4093.515764 4097.201134 4105.399949 4108.826433 4106.446977 4101.503588 4085.315148 4072.498486 4073.192620 4076.099396 4082.542041 4090.589157 4103.701142 4116.429847 4130.583370
-9999.0 -9999.0 -9999.0 -9999.0 -9999.0 -9999.0 -9999.0 -9999.0 -9999.0 -9999.0 -9999.0 -9999.0 -9999.0 -9999.0 -9999.0 -9999.0 -9999.0 -9999.0 -9999.0 3984.747130 3985.763702 3987.259501 3992.031847 3992.101184 3993.523118 3999.947192 4007.608287 4010.401191 4007.685840 4006.522043 4007.368436 4009.453593 4013.548959 4023.142696 4035.763073 4048.935089 4060.664749 4080.540912 4094.080497 4105.195856 4119.459524 4119.697064 4115.651710 4113.450690 4112.554004 4109.668708 4105.451507 4102.618153 4108.178697 4106.863959 4108.784155 4117.278931 4128.879900 4144.198393 4160.352984
-9999.0 -9999.0 -9999.0 -9999.0 -9999.0 -9999.0 -9999.0 -9999.0 -9999.0 -9999.0 -9999.0 -9999.0 -9999.0 -9999.0 -9999.0 -9999.0 3955.662358 3957.286755 3959.573117 3964.983824 3968.809941 3972.510896 3979.234759 3980.536906 3983.398509 3989.943720 3993.667218 4002.533994 4010.380238 4016.622725 4021.578006 4022.975360 4028.122105 4036.067157 4046.159838 4058.351817 4076.731403 4099.322461 4113.721668 4129.303288 4145.572404 4145.190654 4142.365468 4141.450509 4138.478214 4137.331011 4149.811621 4151.354579 4143.189529 4149.839872 4160.129371 4161.506289 4167.557726 4186.938466 4208.092644
-9999.0 -9999.0 -9999.0 -9999.0 -9999.0 -9999.0 -9999.0 -9999.0 -9999.0 -9999.0 -9999.0 -9999.0 -9999.0 3905.242289 3908.975131 3919.233601 3931.344115 3934.348120 3939.280317 3945.924637 3957.645349 3960.831106 3966.188018 3972.604238 3984.834640 3992.643935 4000.349675 4010.997696 4017.731002 4023.373131 4028.270138 4028.930816 4038.466447 4050.677687 4063.197887 4080.585743 4101.183986 4117.676872 4133.891629 4149.355047 4159.279568 4154.169904 4152.542506 4153.728207 4156.566507 4167.294477 4182.234008 4179.083369 4185.185349 4204.131652 4212.649531 4217.952745 4222.730431 4236.338148 4257.687315
-9999.0 -9999.0 -9999.0 -9999.0 -9999.0 -9999.0 -9999.0 -9999.0 -9999.0 -9999.0 3880.868182 3881.829600 3877.679521 3873.731504 3879.441425 3891.525031 3906.023510 3910.760098 3922.471991 3943.509509 3961.973062 3964.166259 3976.346872 3985.683051 3991.300851 3999.544480 4010.806662 4021.011884 4034.232696 4043.885609 4050.006910 4063.538382 4077.321545 4091.595219 4106.936425 4125.810034 4139.338237 4160.208847 4183.221945 4189.492272 4203.735594 4203.159268 4197.955012 4194.815244 4203.438435 4212.242694 4224.173179 4236.624545 4253.362833 4273.534916 4281.057266 4293.033058 4301.207447 4310.686412 4325.737860
-9999.0 -9999.0 -9999.0 -9999.0 -9999.0 -9999.0 -9999.0 -9999.0 3856.463763 3864.613245 3869.344477 3865.505065 3860.500745 3853.388594 3867.848097 3882.511549 3897.588528 3915.483413 3930.115835 3947.584282 3960.054598 3973.178182 3992.228908 4001.288185 4009.996085 4023.267889 4034.349986 4046.654828 4065.065583 4069.677340 4077.325078 4094.457587 4107.633758 4122.564774 4139.036757 4153.598644 4170.784433 4198.853078 4225.879238 4239.309068 4263.970488 4278.729858 4271.202267 4267.869726 4267.900901 4289.594590 4314.265678 4342.292865 4358.828742 4380.671916 4408.206341 4427.362449 4436.378210 4447.270624 4460.968249
-9999.0 -9999.0 -9999.0 -9999.0 -9999.0 -9999.0 3827.762079 3851.895737 3866.718094 3857.337485 3841.118816 3834.810731 3827.238768 3859.955325 3881.733256 3898.258550 3913.940047 3930.419398 3945.448553 3951.239340 3978.321726 3996.986250 4006.671041 4017.006277 4029.944996 4042.809057 4057.122920 4076.288531 4091.057110 4109.274213 4121.160548 4134.140232 4155.846911 4171.405321 4186.813705 4198.290705 4224.092418 4257.436422 4290.966388 4313.808492 4337.238700 4368.757534 4366.495244 4367.375529 4367.645976 4392.167215 4426.524290 4456.114148 4487.408958 4517.599519 4546.451046 4556.846989 4565.739234 4575.571115 4588.176917
-9999.0 -9999.0 -9999.0 -9999.0 3796.298862 3816.759682 3834.433935 3863.705332 3884.840269 3879.194083 3882.070874 3878.597765 3872.504420 3877.068665 3884.673694 3900.567928 3918.739324 3937.304909 3949.303046 3972.827560 4019.280334 4027.743158 4041.426752 4068.814967 4077.759536 4090.121500 4104.276112 4122.893289 4138.053814 4162.636247 4193.424628 4219.622588 4239.238591 4257.048054 4275.225674 4290.548577 4325.699053 4362.372666 4397.664331 4428.516354 4454.779234 4481.029514 4486.444347 4490.949969 4500.799527 4518.306522 4541.568142 4569.452365 4603.927057 4636.326107 4659.464821 4667.723633 4672.617990 4682.214615 4689.377408
-9999.0 -9999.0 -9999.0 3740.749439 3779.701916 3819.505527 3844.066103 3873.342966 3904.977117 3902.558244 3910.303607 3907.696284 3903.928468 3907.413746 3907.955601 3923.112807 3940.640698 3960.469081 3980.569990 4012.137447 4038.623259 4051.992169 4077.622301 4089.827114 4099.832644 4111.038082 4128.775614 4147.077704 4181.921598 4209.294334 4253.950193 4303.789513 4334.854360 4353.289185 4376.045464 4403.941085 4429.543359 4469.312009 4503.525178 4535.772374 4566.081889 4588.055942 4601.671234 4606.029544 4616.063959 4621.540021 4633.579285 4654.742092 4677.482002 4708.880078 4738.623349 4768.769984 4784.608925 4796.203532 4813.835942
-9999.0 -9999.0 3691.983337 3731.904333 3761.993938 3807.043341 3859.472914 3894.096029 3932.233251 3948.768002 3950.046432 3957.835510 3965.889727 3964.231727 3970.174905 3980.673128 4003.227733 4012.116397 4032.872580 4043.750487 4076.873453 4107.116145 4095.754129 4130.258780 4159.256652 4193.052937 4215.258155 4241.895323 4280.411851 4312.596955 4356.342832 4406.747364 4440.605580 4468.308817 4484.698478 4505.760778 4526.187422 4553.695240 4591.612834 4617.079774 4651.676705 4677.410190 4696.936002 4696.692174 4699.259687 4715.829341 4745.389203 4777.716591 4807.977946 4838.507753 4818.607326 4845.157489 4857.044355 4863.676323 4874.104135
-9999.0 -9999.0 3660.415420 3707.323728 3739.579137 3794.241140 3882.336139 3914.940664 3953.268491 3997.939702 4009.544851 4029.395148 4017.221866 3999.427479 4014.933643 4026.384094 4049.002897 4056.620273 4049.101846 4100.233369 4151.226028 4168.477951 4163.797398 4243.642630 4298.185754 4324.981997 4343.324740 4364.052674 4383.186100 4421.012586 4458.848258 4514.514504 4556.013537 4586.356124 4601.224277 4622.374374 4642.411952 4657.517272 4677.777424 4726.887552 4764.888438 4797.355494 4830.896611 4852.879861 4861.338176 4867.051343 4837.842781 4860.076456 4875.154408 4881.657433 4884.303807 4880.424713 4879.909038 4880.790012 4881.709743
-9999.0 3565.362958 3617.894886 3667.203475 3729.617573 3788.388620 3859.850513 3932.501911 4001.076002 4054.233671 4077.944130 4065.002894 4053.697568 4073.605860 4090.999763 4104.458783 4110.839230 4122.786802 4101.688820 4156.905432 4190.547168 4233.388473 4330.723393 4390.386478 4459.470803 4454.613236 4441.892981 4445.553593 4460.224282 4508.243132 4591.233243 4650.664485 4720.629978 4772.697375 4791.028070 4799.349513 4818.989093 4840.623954 4778.881500 4828.159253 4850.999500 4870.057894 4881.480410 4884.107267 4885.574371 4885.301173 4881.502629 4874.293028 4865.976650 4860.024444 4855.718596 4851.215189 4853.661754 4857.008028 4856.994138
-9999.0 3525.792433 3582.305039 3649.307684 3715.033363 3754.427600 3829.345049 4002.537101 4067.437231 4105.308625 4105.334731 4066.611277 4118.549022 4176.922371 4198.917200 4244.921434 4227.031628 4211.335115 4168.012097 4191.899537 4228.409660 4299.553783 4480.171208 4571.267011 4631.099412 4639.027425 4638.799248 4668.333505 4715.402670 4766.807045 4817.065532 4777.614439 4834.349356 4862.453012 4868.325762 4869.147820 4875.453461 4873.759012 4872.630760 4868.031931 4862.758529 4862.947925 4867.785152 4867.655235 4864.617329 4861.104032 4855.317804 4847.900629 4842.778755 4838.133707 4835.497147 4832.699333 4830.599563 4829.579438 4824.468212
-9999.0 3481.230771 3557.192222 3613.199081 3652.007319 3734.234239 3865.192413 4011.780799 4109.137526 4142.009091 4104.988343 4129.807514 4234.279040 4344.901826 4398.595909 4419.443794 4394.828168 4338.952228 4312.745023 4357.182384 4430.747282 4560.580580 4715.266784 4822.901942 4839.717236 4843.633817 4788.093028 4817.977669 4845.676944 4848.963934 4850.264539 4859.831781 4865.035434 4868.151669 4866.525809 4863.617569 4858.736515 4850.420705 4845.651190 4841.838002 4837.973248 4836.603688 4838.438946 4840.509644 4837.586720 4833.640752 4829.145189 4823.572842 4817.169339 4810.308881 4805.822274 4801.425027 4799.223255 4793.346450 4789.957899
-9999.0 3348.374227 3447.681105 3482.323588 3540.905118 3734.264241 3863.965735 4000.497757 4172.217208 4186.903285 4223.240535 4370.269170 4495.686616 4579.937802 4606.751807 4639.116179 4663.751133 4678.723130 4717.477030 4574.974617 4664.483780 4776.219667 4828.328982 4850.925468 4863.895218 4864.327226 4853.976563 4832.691929 4821.847283 4815.078732 4816.695293 4824.043342 4828.524926 4833.153856 4830.797807 4832.052346 4833.521220 4830.387221 4826.259681 4817.324644 4809.359275 4802.330689 4798.585648 4803.119690 4798.501805 4796.341293 4789.983616 4781.285231 4772.104024 4764.681627 4756.479914 4749.813975 4747.613860 4742.608257 4741.351167
-9999.0 3267.170475 3337.739624 3385.366260 3484.675662 3647.469778 3729.478688 3883.511655 4136.166068 4280.076922 4458.619712 4557.595722 4629.176174 4667.181993 4715.707831 4771.367892 4800.632919 4814.270929 4778.133187 4805.229383 4759.899252 4748.415029 4766.874439 4797.676615 4816.553275 4820.927300 4813.332016 4804.628113 4797.323743 4796.201034 4793.765513 4788.890592 4784.010357 4779.973184 4776.834818 4780.161516 4785.757733 4778.276888 4767.376824 4757.434169 4748.488303 4738.903553 4732.751272 4727.636130 4728.439394 4728.789330 4720.961239 4710.246372 4699.102529 4690.590476 4683.352773 4679.013573 4676.106180 4670.911297 4660.444385
-9999.0 3138.237963 3275.082066 3343.685466 3426.155110 3550.542452 3644.712889 3790.970245 3913.751937 4167.893542 4304.976872 4528.005159 4582.524322 4658.136235 4703.740822 4781.053058 4775.094292 4744.027954 4698.307856 4682.620331 4696.595016 4706.363103 4713.988401 4727.696853 4746.027453 4756.698074 4762.839140 4757.363937 4742.992893 4729.591159 4717.139123 4702.246630 4692.111161 4689.218573 4694.305489 4705.246238 4705.232488 4695.794203 4681.189144 4662.125533 4645.888833 4633.589821 4631.795323 4634.962378 4636.317400 4631.959259 4626.288351 4615.213918 4602.331977 4589.428075 4584.034425 4579.791050 4571.932206 4559.979204 4547.485445
-9999.0 -9999.0 3184.397956 3290.961684 3376.932970 3481.228492 3558.203704 3664.718228 3800.216918 3968.120323 4085.252537 4283.916445 4388.513981 4433.937664 4464.686546 4522.706144 4551.642372 4588.193904 4587.048044 4602.216126 4614.195739 4620.298730 4625.103203 4629.801752 4640.056770 4650.264882 4661.599444 4658.731714 4650.049012 4628.445203 4600.984692 4579.524065 4568.454464 4558.425433 4571.462970 4584.423801 4578.059760 4570.986224 4557.987953 4541.440591 4528.855677 4514.293044 4510.839686 4510.557850 4511.230767 4508.981368 4506.910264 4494.340972 4482.004998 4472.462093 4468.659545 4462.941988 4459.665053 4449.844576 4439.174642
-9999.0 -9999.0 3093.823548 3194.883755 3290.398055 3403.075299 3478.372083 3466.928332 3595.422664 3693.443634 3802.540979 3919.215724 4022.266859 4094.232305 4124.953874 4189.196317 4251.801061 4272.262697 4320.253090 4383.203369 4421.324323 4465.521823 4490.976098 4500.169066 4512.832196 4528.107647 4535.486261 4519.225916 4507.839944 4490.492530 4466.197797 4438.199662 4424.072464 4424.531373 4422.528609 4422.906364 4414.592128 4405.697819 4391.016457 4377.435537 4365.324411 4357.031661 4353.501535 4347.135724 4344.440013 4341.640259 4340.239401 4335.807260 4328.230896 4324.364909 4315.940151 4312.659928 4312.299024 4310.065572 4305.027711
