tests/Borden05m/sims/sim_1/output-maps/psiliqL0029N0008.asc
ncols         160
nrows         34
xllcorner     620200.000000
yllcorner     5168000.000000
cellsize      0.500000
NODATA_value  -9999.0
[rows 0 to 24 of 34, columns 55 to 109 of 160]
-9999.0 -9999.0 -9999.0 -9999.0 -9999.0 -9999.0 -9999.0 -9999.0 -9999.0 -9999.0 -9999.0 -9999.0 -9999.0 -9999.0 -9999.0 -9999.0 -9999.0 -9999.0 -9999.0 -9999.0 -9999.0 -9999.0 -9999.0 -9999.0 -9999.0 -9999.0 -9999.0 -9999.0 -9999.0 -9999.0 -9999.0 -9999.0 -9999.0 -9999.0 -9999.0 -9999.0 -9999.0 -9999.0 -9999.0 -9999.0 -9999.0 -9999.0 -9999.0 -9999.0 -9999.0 -9999.0 -9999.0 -9999.0 -9999.0 -9999.0 -9999.0 -9999.0 -9999.0 -9999.0 -9999.0
-9999.0 -9999.0 -9999.0 -9999.0 3997.335395 3992.078597 3987.420430 3983.001882 3974.584233 3965.260244 3957.533628 3953.307858 3952.088350 3951.233474 3950.534311 3955.284751 3963.317627 3970.884283 3977.652540 3980.025895 3982.309991 3984.034380 3984.168366 3983.010792 3979.730584 3976.329442 3972.903884 3971.127422 3963.919975 3952.836501 3944.631698 3941.948748 3946.057099 3950.356939 3952.797021 3957.801410 3968.082198 3978.611278 3987.180727 3999.880068 4007.150308 4012.522023 4014.992276 4011.000615 4007.766001 4003.729838 3997.325878 3986.201912 -9999.0 -9999.0 -9999.0 -9999.0 -9999.0 -9999.0 -9999.0
3942.311087 3960.630761 3981.825658 3984.893323 3973.035729 3967.900968 3964.783469 3963.196857 3959.089971 3950.631429 3945.538648 3940.023696 3937.169989 3937.129525 3936.924404 3940.430835 3951.273855 3958.965450 3963.416231 3966.023161 3968.867968 3966.940603 3966.045445 3965.785737 3962.826972 3959.274695 3955.844338 3953.933929 3955.600940 3947.983723 3941.849999 3937.824990 3934.552688 3937.332651 3940.082087 3944.930116 3953.999335 3961.820441 3969.727780 3985.088172 3998.430760 4004.213714 4001.643755 3997.133277 3993.295457 3985.695937 3974.760314 3964.843867 3957.144985 3951.264281 3945.949749 3939.367023 3945.894118 3954.077263 3963.281893
3925.494503 3944.664073 3965.169558 3967.644570 3957.461718 3949.840324 3942.551004 3943.119463 3946.813261 3943.626816 3938.739916 3930.262768 3940.601807 3941.483855 3942.016655 3945.103954 3946.618168 3952.129044 3954.391440 3959.643662 3968.541165 3971.301262 3971.642805 3971.594473 3969.504159 3966.147209 3964.078490 3961.207242 3955.855340 3953.852491 3953.320455 3951.769042 3955.631972 3957.147175 3960.323265 3955.099341 3959.713881 3965.966132 3972.952465 3978.221489 3984.226763 3986.402012 3983.093223 3984.018442 3975.686336 3962.081161 3952.537717 3945.341787 3946.113457 3943.256919 3935.351067 3921.429283 3930.061906 3946.355067 3951.229868
3930.068684 3938.913585 3949.167303 3951.525260 3946.453176 3948.838469 3950.628977 3951.723616 3949.756813 3946.049732 3941.068426 3950.953855 3958.943602 3960.170868 3962.412031 3966.352418 3967.464027 3956.768643 3954.749960 3961.704590 3971.122191 3976.047551 3976.143674 3975.632534 3971.493279 3970.223689 3969.987887 3968.219724 3967.350023 3968.655224 3965.621628 3968.143588 3973.553126 3976.952955 3972.328409 3964.075523 3966.643698 3975.254477 3984.598818 3992.236858 4002.273071 4012.900756 4013.471433 4009.199213 4000.796069 3988.598454 3966.370449 3949.338167 3938.364133 3930.192814 3922.941022 3926.663156 3921.617211 3936.090408 3937.968086
3913.495825 3935.063816 3954.831836 3960.192458 3954.148208 3950.700167 3949.787656 3950.354532 3949.079762 3948.902312 3956.709826 3968.008807 3978.420302 3980.195548 3981.786367 3980.244497 3973.031310 3962.645959 3960.177888 3973.019043 3989.815477 3997.524300 3996.711434 3991.475592 3993.639323 3994.089772 3995.102818 3992.092378 3992.481453 3989.131775 3993.482309 4001.176827 4009.351955 4008.092013 3995.595487 3983.027255 3983.293808 3989.381457 3997.189039 4005.073868 4015.178901 4024.121794 4019.348689 4014.627378 4007.836195 3982.875437 3961.251359 3947.524720 3947.880156 3948.788222 3944.483622 3942.758729 3942.451748 3939.078588 3939.513456
3948.396067 3967.177956 3987.486931 3999.793151 3993.541860 3986.227868 3978.209245 3978.310767 3978.085459 3983.393030 3993.149827 4004.795655 4025.987596 4024.669714 4024.471218 4022.182953 4008.851198 3995.397683 3985.695837 4008.778071 4020.012130 4026.807977 4023.196754 4027.176952 4035.523786 4032.184863 4026.303267 4013.812875 4019.260287 4024.490716 4039.681639 4047.919397 4053.557248 4048.184092 4033.606724 4026.579169 4028.806322 4036.277192 4038.304590 4047.917310 4056.295054 4071.142825 4069.555287 4067.501975 4048.119613 4010.949736 3982.690858 3971.813245 3984.482358 3979.030619 3972.649201 3973.345615 3962.938837 3956.596654 3959.743375
3977.780560 3990.324179 4006.204502 4022.449943 4012.696422 4002.720813 3985.525954 3981.836540 3985.289674 3995.563122 4012.830690 4029.780627 4048.916056 4045.468187 4036.708517 4046.441459 4039.363945 4028.183924 4020.853965 4044.743063 4054.426817 4064.354271 4069.187907 4081.875986 4092.103543 4073.975016 4055.723638 4044.095547 4051.585104 4078.637544 4102.337487 4107.117683 4105.688582 4104.331443 4087.505324 4083.055107 4080.387925 4081.995000 4080.069162 4078.662295 4105.647589 4128.325776 4128.327671 4107.008287 4084.340873 4043.667448 4005.606973 3982.825935 3998.741619 3995.029467 3999.146296 3989.992504 3978.968975 3973.828913 3972.844471
4023.676668 4043.826740 4059.509591 4081.795396 4070.564491 4046.146003 4028.357140 4030.587810 4044.519670 4052.991863 4072.414111 4088.130249 4112.857319 4123.070631 4132.681932 4136.688671 4130.007080 4121.590287 4109.856431 4116.868351 4142.497857 4154.161244 4162.041455 4169.977174 4182.757748 4181.964690 4174.042151 4171.905393 4176.599491 4191.667048 4207.510198 4214.329869 4216.876958 4218.815565 4203.309393 4189.711040 4188.689881 4183.943255 4183.931463 4183.485779 4196.962318 4219.660631 4216.014609 4176.747393 4149.608726 4113.444362 4074.294179 4044.983048 4041.088397 4062.854449 4062.451998 4046.381234 4037.682402 4013.474117 4010.712057
4090.171184 4122.988593 4147.013178 4156.580416 4162.953813 4146.063379 4143.332146 4147.772123 4156.659862 4159.593128 4165.952481 4198.673073 4232.579808 4256.919598 4279.635611 4286.658300 4273.941870 4264.192454 4250.305147 4241.678573 4254.465997 4272.565688 4290.615219 4305.482327 4316.923938 4318.665371 4317.003136 4317.025657 4320.449498 4323.500284 4328.189755 4337.311125 4345.118406 4353.502019 4360.840455 4349.239227 4332.093769 4323.479171 4315.494593 4315.619782 4317.595658 4322.665661 4323.856392 4304.664290 4259.654375 4226.810131 4194.155022 4176.268563 4164.422136 4166.994378 4148.628983 4123.347601 4070.062941 4032.895539 4001.952444
4173.874527 4219.532224 4249.034656 4265.020018 4277.509017 4273.361844 4275.344111 4276.228236 4279.688709 4281.594230 4283.472976 4311.690955 4354.856369 4395.329333 4427.379939 4426.405477 4411.616784 4400.066768 4391.291110 4375.953595 4371.900858 4385.889845 4402.550710 4424.089636 4434.371657 4439.619722 4435.650992 4435.837274 4438.028719 4440.493744 4442.766288 4446.894243 4457.319427 4473.359332 4488.805470 4487.425608 4466.869434 4448.515382 4432.688569 4431.307550 4429.641880 4424.783644 4427.558635 4429.565248 4411.177894 4377.798884 4336.340080 4295.828740 4280.988726 4266.830561 4255.978406 4238.255482 4193.325675 4122.062773 4079.781614
4290.279975 4326.864757 4356.425734 4387.233231 4401.500304 4402.609216 4399.522789 4397.761315 4404.939742 4406.960480 4411.668160 4428.524801 4463.388121 4501.142198 4532.080782 4547.257516 4538.424421 4518.954047 4495.302530 4484.191490 4480.834107 4484.952081 4495.379637 4509.714810 4530.533397 4551.120440 4557.059721 4557.998297 4555.239808 4557.798365 4559.518669 4559.667776 4563.156721 4572.799843 4583.553650 4587.175608 4578.468912 4555.778249 4531.105565 4520.379743 4514.311804 4511.066761 4512.770351 4518.863398 4522.915287 4506.923474 4468.829110 4421.838647 4392.137301 4378.239646 4365.763902 4351.032125 4337.654407 4300.450233 4278.016512
4401.584808 4417.724023 4447.309896 4477.260512 4499.900537 4514.435810 4514.036564 4516.535950 4521.486563 4528.320525 4543.504009 4568.403597 4589.248552 4613.903407 4642.406322 4659.987452 4665.206792 4662.959470 4658.032233 4659.059190 4659.480408 4584.740678 4592.074676 4599.401717 4619.733675 4637.557960 4644.103914 4644.862382 4641.836250 4643.924181 4644.834423 4644.653074 4644.270854 4647.350253 4653.388630 4655.696475 4652.843396 4638.226776 4661.331913 4640.181468 4626.092321 4617.540655 4609.000546 4600.690075 4591.112444 4580.904362 4559.298579 4526.671835 4491.338035 4470.939114 4463.588019 4457.189879 4447.727490 4441.507683 4423.423321
4501.501647 4512.156861 4531.503744 4555.443418 4591.872111 4617.011666 4628.940219 4638.687570 4643.470027 4658.136162 4676.033928 4656.541151 4666.454032 4676.712030 4686.904432 4690.404591 4691.406767 4690.944337 4688.482708 4687.558301 4684.876448 4681.747328 4670.922578 4672.571756 4674.669664 4677.338113 4681.154192 4680.117280 4681.294137 4684.270435 4682.416455 4676.162884 4671.906123 4670.324453 4671.502327 4679.068504 4682.690535 4683.709369 4679.563418 4678.536928 4677.348352 4673.290643 4668.224673 4661.083146 4651.947727 4670.482191 4657.600795 4627.680673 4584.625104 4540.880240 4534.702843 4537.988535 4537.419726 4535.991786 4530.184068
4633.706581 4648.216724 4663.839972 4635.438745 4662.094394 4675.735713 4682.114155 4686.788135 4689.783659 4693.606724 4690.663181 4687.775047 4682.786173 4681.095419 4679.700066 4677.218772 4677.832745 4675.941276 4671.788213 4667.535842 4659.020442 4647.105822 4635.920901 4632.000172 4636.217830 4642.053499 4647.499074 4652.378278 4656.252616 4655.911599 4650.165126 4641.477286 4633.711600 4632.121547 4639.175779 4645.019247 4651.999921 4652.952266 4651.545344 4648.877750 4648.473909 4644.912827 4645.029097 4652.363222 4667.732569 4669.522075 4676.563969 4675.561140 4655.698248 4619.730727 4637.231814 4616.879637 4623.569353 4618.786777 4607.194497
4681.461463 4684.767611 4682.822104 4681.936523 4675.369849 4669.177689 4668.351986 4672.418891 4679.554568 4680.527388 4673.375766 4664.597724 4657.170724 4649.423062 4646.935389 4646.546767 4646.381109 4646.979166 4641.613972 4631.715787 4614.004633 4602.312222 4591.207462 4585.240589 4580.818952 4583.798494 4595.566524 4608.650910 4613.856204 4603.677776 4594.823544 4582.534867 4574.391751 4574.900710 4575.559187 4585.302613 4603.213497 4611.777213 4612.635498 4605.711070 4598.571627 4591.660911 4588.276953 4594.680546 4610.294723 4627.776608 4644.229908 4653.840084 4661.809950 4669.239714 4665.994972 4669.265626 4671.065306 4668.524400 4672.874478
4676.279729 4669.103240 4661.925664 4656.473096 4650.000339 4644.749171 4642.815619 4644.479160 4646.069651 4641.644794 4635.255815 4625.171146 4613.943723 4604.098031 4595.913622 4596.951112 4599.331719 4601.180278 4593.505454 4577.668965 4559.501039 4545.841935 4531.846675 4527.860719 4521.577318 4512.779019 4522.791221 4543.461046 4551.253066 4534.250797 4522.968172 4507.354549 4500.965557 4496.657989 4497.218625 4506.066590 4529.571357 4555.367936 4557.793362 4546.443055 4535.147059 4530.497791 4527.168111 4531.365662 4547.918431 4569.323159 4586.099004 4597.016402 4602.407219 4610.240001 4619.744463 4634.831916 4650.352748 4663.279830 4666.875610
4650.546955 4642.716930 4634.974580 4627.233682 4620.263373 4613.955395 4609.554034 4607.551534 4603.110327 4596.840441 4589.665284 4566.856206 4554.132578 4540.721627 4525.217914 4521.043271 4515.556767 4516.360706 4504.609483 4497.195937 4481.193019 4465.735530 4449.995974 4435.661073 4429.900864 4422.891418 4419.380277 4432.294275 4440.570965 4432.188556 4422.643424 4412.622782 4408.591649 4405.213980 4407.908365 4418.481120 4437.368310 4455.726517 4464.733062 4457.662342 4457.665849 4458.549695 4457.008827 4463.721048 4473.669576 4491.349702 4514.518825 4534.665361 4544.948413 4551.758980 4560.893987 4575.546913 4589.948374 4604.660071 4623.205558
4619.741447 4610.275472 4600.198639 4590.271340 4579.594633 4568.861501 4562.089615 4565.032894 4559.013100 4553.432695 4528.267765 4470.147027 4447.857187 4428.365671 4411.611896 4404.385660 4395.451973 4376.648599 4367.989954 4364.031079 4368.856905 4355.234249 4337.611836 4319.364240 4314.512338 4311.132663 4291.147270 4283.658533 4283.397984 4303.456374 4297.798953 4297.959840 4301.151800 4298.838833 4299.586732 4312.154149 4318.672207 4322.790087 4329.879482 4336.788978 4348.733245 4357.642823 4370.068553 4387.908616 4398.271840 4413.160938 4433.432542 4459.997703 4476.392255 4486.082096 4496.482341 4511.861474 4528.087422 4546.140749 4568.794638
4584.616290 4567.155734 4552.148555 4537.574257 4524.670265 4511.580040 4494.757010 4496.774469 4494.847449 4483.820335 4424.516362 4383.955014 4349.402054 4332.281405 4307.929116 4293.504230 4275.312301 4232.958932 4214.407300 4215.607070 4233.518432 4231.889954 4217.076528 4205.831637 4195.983960 4185.747255 4166.480019 4144.574599 4151.103634 4171.624593 4174.328087 4179.318196 4188.457943 4188.384089 4180.659657 4175.380020 4186.753620 4191.487216 4203.262237 4223.088502 4228.383018 4247.383852 4283.776859 4296.562502 4311.733575 4329.747259 4349.859626 4371.908247 4395.335205 4409.750579 4425.205090 4443.636436 4460.347866 4480.623561 4503.069847
4532.250680 4500.009898 4478.266206 4460.487733 4440.636079 4411.597764 4391.515684 4389.110639 4382.983488 4350.627909 4296.136226 4261.746516 4240.127645 4218.269349 4195.428597 4169.916507 4129.134472 4093.212547 4070.794367 4089.853974 4102.420007 4117.532882 4106.963101 4096.832106 4087.422872 4068.007234 4050.681880 4032.681148 4044.547067 4053.297272 4075.837896 4083.897577 4087.968753 4095.007055 4093.484172 4080.644362 4072.179169 4080.027228 4089.801673 4102.362514 4126.645707 4164.296878 4189.262137 4207.914249 4228.376356 4246.582185 4267.457663 4290.061007 4313.141399 4330.306139 4348.456441 4366.596839 4387.299341 4405.782718 4427.914789
4448.201847 4419.847564 4393.609328 4370.230542 4336.801717 4287.909822 4273.479936 4264.248338 4239.282919 4188.035153 4146.413717 4129.969369 4120.356882 4097.590907 4077.506329 4047.829277 4013.037396 3993.003755 3972.406949 3984.172030 3995.798587 4019.000453 4011.442231 4006.191926 4004.380432 3988.954083 3975.953393 3958.893525 3964.846572 3977.849078 4003.536939 4010.241842 4014.688567 4024.970397 4024.354542 4018.955582 3998.441237 4004.501860 4015.401486 4030.413319 4062.683931 4084.615575 4106.539016 4128.376618 4147.334689 4168.398741 4189.935436 4212.369048 4238.804640 4258.153748 4276.856951 4298.073529 4316.570532 4329.378813 4343.845346
4337.005299 4313.705489 4295.197321 4271.108025 4226.120629 4181.975211 4138.776299 4108.485994 4051.487157 4016.158611 4000.584146 4005.079145 3995.308719 3977.169894 3959.716078 3941.661419 3921.717057 3904.788099 3879.887782 3886.349482 3903.793821 3922.336797 3926.412823 3929.244777 3928.668207 3920.300604 3907.111689 3893.590029 3897.467299 3915.340241 3933.825814 3944.876541 3953.027572 3960.848931 3960.374828 3949.747708 3938.944665 3943.163005 3958.699679 3974.501276 3990.526710 4010.104334 4030.001236 4049.808782 4071.664791 4093.426185 4115.423945 4139.393342 4165.547409 4186.605252 4209.641439 4233.337359 4248.342078 4255.381012 4260.592653
4233.002600 4215.230281 4192.801584 4165.155438 4122.900749 4084.165439 4044.060357 3994.253096 3961.653290 3934.560862 3932.078210 3918.955120 3908.446197 3896.488046 3877.643196 3863.463343 3851.174930 3831.146293 3824.606505 3833.241953 3847.387914 3854.960670 3863.642717 3862.320845 3860.682129 3856.085224 3842.348267 3840.413124 3851.076791 3866.254023 3879.549049 3891.605843 3898.524382 3903.201175 3899.876240 3890.143879 3887.945392 3895.849387 3910.919193 3923.412935 3936.611348 3956.052914 3974.608119 3994.987151 4016.187447 4036.817552 4059.898252 4083.713670 4108.590720 4135.053981 4156.016420 4172.466052 4179.320418 4186.984557 4183.038155
4108.325444 4099.343744 4074.117049 4046.183030 4018.865863 3988.468475 3967.221302 3937.631899 3909.335800 3882.237244 3857.711032 3848.552288 3845.152611 3834.605653 3819.965493 3810.970633 3797.188261 3790.873874 3800.042006 3801.349406 3808.810735 3806.316140 3807.882438 3806.127205 3806.126868 3805.048473 3800.844436 3814.620825 3820.831003 3833.740035 3843.424659 3853.160347 3858.642782 3861.819955 3863.188756 3859.513991 3865.888211 3871.113709 3883.860928 3894.047319 3906.075206 3924.571919 3939.975615 3957.219627 3977.841330 3999.168258 4021.220055 4045.218217 4071.675695 4094.563848 4110.022523 4114.246437 4121.266397 4119.634655 4105.123696
