tests/Borden05m/sims/sim_1/output-maps/psiliqL0013N0016.asc
ncols         160
nrows         34
xllcorner     620200.000000
yllcorner     5168000.000000
cellsize      0.500000
NODATA_value  -9999.0
[rows 0 to 24 of 34, columns 56 to 111 of 160]
-9999.0 -9999.0 -9999.0 -9999.0 -9999.0 -9999.0 -9999.0 -9999.0 -9999.0 -9999.0 -9999.0 -9999.0 -9999.0 -9999.0 -9999.0 -9999.0 -9999.0 -9999.0 -9999.0 -9999.0 -9999.0 -9999.0 -9999.0 -9999.0 -9999.0 -9999.0 -9999.0 -9999.0 -9999.0 -9999.0 -9999.0 -9999.0 -9999.0 -9999.0 -9999.0 -9999.0 -9999.0 -9999.0 -9999.0 -9999.0 -9999.0 -9999.0 -9999.0 -9999.0 -9999.0 -9999.0 -9999.0 -9999.0 -9999.0 -9999.0 -9999.0 -9999.0 -9999.0 -9999.0 -9999.0 -9999.0
-9999.0 -9999.0 -9999.0 824.746130 819.335718 814.240961 809.513407 800.786113 791.780909 783.618427 779.894514 779.235543 778.698289 778.551159 784.026832 792.246557 800.092290 807.444722 810.037146 812.644958 815.037796 815.665873 814.564015 811.448359 808.255369 804.943264 803.500904 795.485354 784.167012 775.410753 772.690529 777.124545 781.587970 784.059557 789.865855 800.540422 811.273011 819.723121 831.494678 837.155002 842.072397 844.795150 840.411655 836.556010 832.433850 827.052029 815.835312 -9999.0 -9999.0 -9999.0 -9999.0 -9999.0 -9999.0 -9999.0 -9999.0 -9999.0
788.201668 808.372235 811.775028 800.592912 795.791928 792.667195 790.803866 786.134852 777.697968 772.681270 767.544873 765.959265 766.290047 766.619323 770.974356 781.348401 789.522159 794.476637 797.170658 799.948214 799.824197 799.452310 799.269986 796.509550 793.189148 789.890123 788.170883 788.659509 781.127630 775.693620 772.309849 770.662415 773.166873 775.521916 778.860201 788.285527 796.371110 804.449069 818.641971 830.907027 835.939141 833.160364 827.836092 823.664290 816.583237 806.169288 795.551823 785.642712 778.349693 772.482130 766.426617 772.067312 778.319047 787.872246 797.283893 809.020089
773.100783 793.431882 796.485440 785.945924 777.870159 773.065189 773.492078 776.298740 773.054173 768.723658 764.064539 772.875342 774.467733 775.893605 779.427592 782.731277 786.032304 788.963435 794.509898 803.690785 806.592462 807.298106 807.589606 805.884607 802.870184 801.150732 798.479750 793.369156 792.348729 792.693527 792.476052 797.443486 798.913092 800.587097 793.846516 797.313503 803.419814 810.156544 816.572526 823.095046 826.852078 823.269845 821.971837 813.076658 798.725117 787.082465 778.133036 775.803490 772.151298 763.826104 750.653084 757.280522 772.356870 776.517024 779.462565 790.796829
768.537362 780.602608 783.893499 779.175848 780.755242 782.596398 784.355962 783.080681 780.423489 778.818084 791.697090 801.482877 803.653343 806.908190 810.822470 810.435718 798.745319 796.522497 804.993572 815.533824 821.540044 821.975790 822.087801 820.183924 819.274266 818.962325 816.847946 817.694860 820.220293 820.289819 824.973990 830.633087 833.492892 825.643919 816.434002 817.138572 824.747412 832.751105 839.934725 850.407470 861.460317 860.017298 853.841682 844.164745 829.867646 805.720624 785.519048 774.018201 766.247291 758.421522 757.785239 754.134018 764.784012 765.878426 767.184720 774.918682
775.094839 796.688996 804.993601 799.467361 794.742733 792.304352 793.393414 793.949520 797.394991 810.307803 824.533138 839.490658 842.724477 845.703391 845.634734 836.853451 826.852785 823.276548 838.215936 854.613673 863.160821 864.104838 863.679792 870.748641 869.452644 867.757452 862.954083 865.149192 866.853322 876.962212 884.700562 891.805269 889.960781 877.874991 866.292030 864.520592 867.023222 870.049637 876.059897 886.094657 895.518505 889.955572 882.093628 871.197826 841.665755 813.624246 795.913406 795.242692 794.573536 788.877608 784.898843 780.836495 773.078301 771.847976 770.331036 769.117717
825.754865 846.300378 862.645733 857.417788 849.788690 840.027049 841.035397 844.564934 853.207077 866.846405 885.015099 909.671366 913.228787 917.007862 920.230560 909.426505 897.405618 886.467297 904.366885 914.862470 923.910050 926.108423 936.322278 946.390269 941.947427 934.009723 923.939532 930.444424 942.589272 957.895645 964.825944 968.717659 967.537629 956.396108 950.409386 948.490187 950.178024 947.349583 951.507655 961.527984 976.189213 975.078438 965.079536 941.420838 903.332849 867.746830 846.080766 850.400538 842.488969 834.698369 829.890615 814.917164 803.009499 802.034060 791.584673 784.590800
875.435393 894.591486 913.590335 909.545368 899.482804 886.798517 886.876510 895.008363 905.738315 925.502604 949.264048 974.009004 983.287381 987.313147 997.342219 991.314777 982.282486 974.255207 985.300433 997.676148 1009.790190 1019.981919 1032.941783 1044.603385 1035.287991 1023.530572 1018.625834 1023.959948 1043.668645 1060.942768 1066.219476 1067.638588 1070.467217 1061.533904 1054.598396 1047.431391 1041.695851 1035.442982 1031.023443 1048.633156 1064.478292 1062.117150 1037.971470 1012.790894 975.427095 936.451952 902.942801 900.858346 896.980821 894.682373 878.484859 861.806741 844.061060 833.316493 823.173464 808.033558
968.354352 990.138066 1012.020562 1013.834192 997.997472 990.892989 996.177727 1009.251930 1016.965648 1032.924912 1057.925831 1090.391152 1112.511639 1132.206070 1136.984829 1129.026006 1120.420518 1107.596556 1105.654313 1122.619245 1134.751783 1145.595860 1156.434049 1168.777989 1174.357936 1171.924271 1171.545135 1174.796833 1181.798308 1190.677321 1197.413690 1202.828780 1208.317704 1204.750372 1194.462406 1187.651885 1178.515970 1171.323386 1168.397794 1170.384462 1180.698233 1178.072791 1151.655888 1123.906384 1091.092731 1053.178923 1020.827614 1002.164236 1006.651876 994.224394 974.675610 953.714036 917.518247 899.738722 882.691702 852.482953
1073.131195 1101.638626 1117.100614 1131.017436 1126.992425 1129.177480 1133.628466 1141.321527 1146.858322 1155.286115 1188.120071 1223.290416 1252.921398 1277.441481 1286.456161 1276.714399 1267.378103 1255.825554 1246.688081 1250.810122 1265.044939 1281.522091 1296.979739 1307.997532 1311.571623 1310.394758 1310.717104 1312.718850 1315.764851 1318.769214 1324.780991 1331.882752 1341.695558 1352.434783 1346.495827 1329.630896 1316.988144 1302.880193 1297.378488 1295.370817 1293.068086 1292.373032 1284.251533 1252.628071 1223.682209 1191.097468 1161.535589 1139.705121 1124.804955 1104.234330 1080.608219 1033.800826 992.609864 956.853647 928.791318 899.821301
1190.391389 1221.408796 1245.742163 1261.326994 1264.782549 1267.745104 1271.000755 1277.452255 1283.221351 1290.873544 1313.651447 1350.964017 1388.040508 1417.905385 1422.298034 1413.416997 1403.414265 1393.295609 1382.925107 1379.736597 1387.437695 1398.313179 1414.008665 1425.114541 1434.515577 1433.771438 1434.165010 1434.588525 1436.629476 1438.450743 1440.371228 1447.231993 1458.777122 1469.678965 1470.488466 1457.047487 1439.818915 1422.093075 1414.338877 1407.764541 1401.445538 1400.999421 1401.070782 1393.181352 1367.742568 1331.626172 1288.874023 1261.914180 1239.992415 1225.849688 1208.780028 1182.322301 1130.783783 1099.807277 1064.464269 1030.059734
1305.210372 1334.878126 1365.475603 1384.541257 1392.829225 1393.998303 1396.758022 1404.823013 1411.670759 1422.196221 1439.019070 1462.832289 1491.737671 1518.562784 1536.001549 1532.595095 1520.407831 1503.475120 1498.406004 1497.213210 1499.129477 1505.447055 1513.092699 1528.040048 1543.389153 1548.556082 1549.209745 1546.786981 1548.834931 1549.967915 1550.055621 1551.065887 1555.662638 1562.469463 1564.751161 1559.708249 1543.535838 1523.145959 1508.324534 1499.163181 1494.155237 1491.699229 1492.481088 1491.500808 1479.197734 1450.059996 1411.929165 1378.222546 1355.581892 1338.629447 1323.957619 1311.862424 1291.769755 1273.136494 1242.098099 1198.685870
1408.497286 1434.248712 1461.009692 1485.447755 1502.349048 1507.057547 1513.486977 1519.054373 1529.302708 1545.028686 1564.048540 1578.128795 1595.095668 1616.408606 1629.070147 1634.873229 1635.297163 1634.057188 1635.726006 1635.718113 1609.688322 1612.339038 1614.906599 1621.657004 1629.290582 1631.665571 1631.796963 1630.689344 1631.748112 1632.126213 1632.326369 1632.027168 1631.983294 1633.991764 1634.604999 1633.305957 1626.409503 1628.867766 1611.591581 1599.363056 1591.601522 1583.714694 1575.019628 1565.266353 1555.281625 1538.685819 1511.519403 1478.067691 1450.452141 1438.037781 1430.315598 1422.578667 1416.074341 1400.036001 1378.036718 1347.152935
1513.209489 1529.321284 1549.548045 1576.877282 1596.006863 1606.831893 1615.832530 1621.088621 1633.463730 1646.709831 1641.871619 1645.626171 1649.479757 1653.280667 1654.674372 1655.078414 1654.824160 1652.385518 1651.662301 1649.532618 1644.382415 1634.445931 1635.397926 1636.423715 1638.517135 1641.691649 1640.145852 1640.936657 1643.800441 1642.389179 1637.076500 1633.623020 1632.098850 1632.518758 1639.468430 1642.396732 1642.949916 1641.704465 1640.762104 1640.126838 1638.610396 1636.837270 1634.361973 1631.081667 1634.036978 1623.771572 1600.457528 1567.559648 1532.696035 1518.296169 1513.269980 1512.692020 1508.821271 1501.731403 1482.585860 1455.179106
1624.598583 1637.771336 1635.390909 1645.274901 1650.571595 1653.302763 1656.184646 1658.765601 1659.933472 1656.692415 1653.127419 1648.254645 1646.726919 1645.160982 1642.543025 1642.916754 1640.640800 1636.292552 1632.171756 1625.016644 1613.534807 1601.464429 1598.239219 1602.189470 1606.642987 1610.486713 1613.299945 1616.403301 1617.444489 1612.899424 1605.371746 1598.586396 1596.793570 1603.192503 1608.669487 1613.816284 1614.482866 1613.188429 1611.367057 1611.859917 1609.889174 1610.958159 1617.934273 1631.479908 1637.556808 1640.113249 1639.579513 1632.234198 1619.002075 1610.998764 1591.213888 1593.994964 1588.711768 1576.603324 1555.211380 1531.185808
1650.656476 1650.271573 1648.615438 1642.828634 1637.169375 1636.471131 1640.218173 1646.770539 1647.749504 1640.450384 1631.749980 1624.216201 1616.817126 1614.000016 1612.130175 1610.954163 1610.461828 1604.550623 1596.023269 1579.943878 1567.416328 1555.295842 1548.472488 1545.892475 1550.232532 1559.386930 1568.404226 1572.747120 1566.126396 1558.950881 1548.709546 1540.996020 1541.389494 1543.724229 1552.636514 1566.371577 1570.986228 1571.926098 1567.346268 1563.539478 1558.544656 1557.557960 1565.374574 1581.097457 1596.890911 1610.911708 1619.412417 1626.941109 1633.380283 1636.941007 1637.925255 1638.298856 1637.013849 1635.237095 1619.728543 1598.752428
1636.160207 1629.437857 1624.095027 1617.166581 1611.134677 1609.011852 1610.909475 1613.200809 1609.296502 1601.941314 1591.039524 1579.272671 1568.636069 1561.499533 1561.325191 1562.601086 1562.693297 1555.575702 1540.536549 1522.549142 1508.304921 1493.664281 1488.910660 1483.445389 1478.732118 1488.672395 1505.108802 1510.996229 1497.709306 1488.146765 1474.410720 1467.412197 1464.567458 1466.216794 1475.601488 1495.270327 1514.547259 1516.178048 1507.263656 1498.716589 1495.033763 1493.693917 1501.322247 1520.347415 1541.027704 1556.585962 1567.028889 1573.586474 1582.377313 1592.334413 1604.853018 1618.183600 1629.313402 1637.768725 1641.671197 1639.729692
1607.945759 1599.659867 1591.388291 1583.691632 1576.833555 1571.877011 1568.976844 1565.519535 1558.795800 1550.965626 1535.679271 1522.637769 1509.777502 1495.297585 1491.006752 1487.229269 1488.059045 1476.250605 1465.358487 1446.283011 1430.194798 1413.982158 1402.894586 1396.537170 1390.221438 1393.731974 1408.556158 1417.249201 1404.241497 1394.237180 1381.877942 1376.106894 1373.064110 1375.132114 1385.461265 1407.456355 1426.230411 1433.635941 1426.537824 1422.523754 1421.412959 1421.539052 1428.492681 1443.896157 1464.576234 1486.380674 1503.440522 1513.898287 1522.639891 1533.598679 1548.752646 1563.391358 1577.978983 1595.470588 1615.701702 1630.449290
1570.199019 1559.694041 1549.421800 1538.263797 1527.002837 1520.063474 1520.437586 1513.066100 1505.932703 1489.591377 1442.625712 1423.802579 1405.146107 1389.134247 1382.603598 1374.453044 1365.405733 1355.624879 1348.447573 1341.390840 1325.464500 1307.598466 1290.922383 1285.233478 1280.626734 1270.874641 1274.734574 1277.524135 1282.209026 1275.165064 1269.898885 1268.224818 1265.959148 1269.220968 1282.905356 1294.699469 1304.891656 1311.606328 1311.299640 1319.156843 1326.416005 1331.859444 1348.784021 1363.165972 1381.659678 1403.993015 1428.622206 1443.089429 1453.798529 1465.835283 1482.445638 1500.076547 1518.491374 1541.682432 1566.911237 1583.487616
1523.597743 1509.289049 1494.628125 1481.284404 1467.931334 1453.925217 1453.873137 1449.561222 1440.202263 1397.713112 1355.083163 1322.113534 1303.367858 1280.627800 1268.431305 1256.258248 1228.641469 1213.642496 1207.485495 1212.571744 1202.917220 1185.634423 1171.288602 1162.615029 1155.335500 1141.818026 1132.081823 1136.725808 1149.301815 1145.440721 1144.380826 1148.933656 1147.513119 1144.130009 1149.270833 1163.695094 1172.008174 1182.449780 1195.033132 1200.401627 1211.127298 1238.904022 1253.802084 1270.223546 1291.421647 1314.394814 1338.286564 1359.936548 1374.553550 1390.462563 1410.434003 1428.491451 1450.415134 1474.932363 1504.513767 1525.280568
1454.900123 1434.991701 1417.876884 1399.846383 1378.102278 1356.934288 1353.612203 1345.759584 1325.139520 1278.178793 1237.849151 1208.067054 1185.313129 1160.685793 1140.923474 1112.505699 1080.434381 1059.759278 1065.503284 1072.608815 1073.832357 1059.703233 1046.718618 1036.193573 1021.726438 1006.010803 993.940011 1002.580240 1011.125867 1020.373116 1024.290431 1028.150376 1031.117490 1030.176195 1025.557693 1030.318951 1039.527797 1050.433097 1061.842078 1076.971525 1107.847437 1133.607168 1152.286891 1174.355757 1195.983383 1220.245189 1245.651997 1268.857820 1286.630288 1306.628338 1327.290127 1349.647013 1371.808799 1397.914413 1428.308669 1453.996668
1377.519107 1350.650863 1327.653671 1300.311529 1260.601670 1245.033835 1235.447220 1221.116737 1183.458193 1140.725733 1106.710560 1083.299373 1058.161656 1033.991931 1006.328904 974.414365 947.998380 927.580220 934.259162 941.198529 952.854305 940.957221 929.857830 923.575384 908.438618 894.368828 879.674147 887.057028 897.148552 914.850580 919.231653 922.836908 930.092146 929.228312 926.868335 917.687869 926.622701 937.618469 952.064542 980.712943 1006.379151 1031.619377 1054.441290 1076.383710 1100.560420 1126.238379 1152.246844 1179.660008 1200.948040 1221.811444 1245.066998 1267.023780 1286.838833 1309.208622 1336.878596 1361.211062
1271.133817 1248.527474 1223.896328 1186.690670 1142.770712 1107.732458 1090.174253 1050.570154 1016.195240 982.018396 965.366882 946.736090 923.265968 901.113058 879.248871 853.023107 830.230055 805.805698 809.395221 821.836541 835.752587 830.388715 826.930898 823.634876 812.352730 798.556504 784.918394 788.508945 803.821344 820.770279 828.488026 835.293449 842.964782 843.212089 836.394686 828.198077 834.193447 848.871519 865.682416 887.274287 910.666636 933.895143 956.007353 980.452104 1005.907667 1031.874490 1059.780418 1088.837236 1111.415292 1137.260487 1163.840438 1185.103767 1199.077611 1214.625044 1240.161031 1260.340909
1165.775908 1140.942902 1113.737660 1072.558936 1030.021568 986.912371 946.571714 912.709848 880.985299 863.563668 844.145983 825.871691 807.292818 785.693202 765.936970 746.918940 724.540226 707.166147 712.382401 725.250027 735.963774 738.890348 735.777172 732.596099 725.093047 711.283492 701.728154 710.289583 725.619066 740.400084 750.755552 757.573408 763.675632 761.107979 753.038799 747.747842 756.155026 772.082582 787.419104 805.272261 827.572020 849.924981 872.933314 897.143529 921.522511 948.442182 976.311837 1004.767658 1033.104834 1059.002764 1083.117005 1096.592764 1110.234175 1119.440520 1137.354661 1157.629902
1041.881543 1015.653331 986.821808 953.155769 914.077816 882.984035 849.918309 818.143342 787.051265 760.873090 743.512915 733.359312 718.170863 698.662389 684.925712 667.756634 650.601220 650.732907 653.304298 664.055816 664.899270 665.400416 662.334389 661.148644 656.885073 646.569388 653.887237 661.286050 675.820435 686.573863 696.074338 702.346391 706.515763 706.626215 700.569665 704.468443 711.793615 726.649263 738.931245 754.497388 775.967029 794.290778 814.808324 838.161738 862.451604 888.093979 915.467323 945.039720 971.993568 993.942346 1005.777277 1018.914324 1026.918531 1023.489123 1039.799565 1057.093428
