tests/Borden05m/sims/sim_1/output-maps/psiliqL0010N0006.asc
ncols         160
nrows         34
xllcorner     620200.000000
yllcorner     5168000.000000
cellsize      0.500000
NODATA_value  -9999.0
[rows 0 to 24 of 34, columns 57 to 113 of 160]
-9999.0 -9999.0 -9999.0 -9999.0 -9999.0 -9999.0 -9999.0 -9999.0 -9999.0 -9999.0 -9999.0 -9999.0 -9999.0 -9999.0 -9999.0 -9999.0 -9999.0 -9999.0 -9999.0 -9999.0 -9999.0 -9999.0 -9999.0 -9999.0 -9999.0 -9999.0 -9999.0 -9999.0 -9999.0 -9999.0 -9999.0 -9999.0 -9999.0 -9999.0 -9999.0 -9999.0 -9999.0 -9999.0 -9999.0 -9999.0 -9999.0 -9999.0 -9999.0 -9999.0 -9999.0 -9999.0 -9999.0 -9999.0 -9999.0 -9999.0 -9999.0 -9999.0 -9999.0 -9999.0 -9999.0 -9999.0 -9999.0
-9999.0 -9999.0 214.655486 209.110754 203.753383 198.733509 189.665654 180.405929 171.832777 167.877504 167.011707 166.236229 165.917823 171.293232 179.344813 187.057770 194.343896 196.802009 199.301157 201.656945 202.223392 200.989388 197.776058 194.512961 191.133338 189.681311 181.438105 169.998023 161.083572 158.346661 162.883384 167.449678 170.017710 176.093259 186.994528 197.938427 206.557459 218.380761 223.988746 229.105697 232.195454 228.083067 224.473609 220.683892 215.781834 204.718420 -9999.0 -9999.0 -9999.0 -9999.0 -9999.0 -9999.0 -9999.0 -9999.0 -9999.0 -9999.0 -9999.0
197.494008 200.810806 189.802817 184.930498 181.592730 179.417844 174.339947 165.567050 160.210151 154.791299 153.109229 153.192086 153.329896 157.593796 167.667923 175.737005 180.599022 183.127466 185.716487 185.755701 185.315275 184.997824 182.143138 178.757152 175.396163 173.644050 173.850741 166.272743 160.930551 157.665092 156.364219 158.890855 161.262286 164.425854 174.063870 182.366280 190.667094 204.871567 217.197588 222.387683 219.904814 214.805178 210.976801 204.390607 194.421615 183.927336 173.691154 166.441817 160.873513 155.367872 161.341836 167.730856 177.812846 187.792965 199.788532 211.929873 -9999.0
181.899030 184.798956 173.964638 165.543190 160.915480 161.002111 163.296629 159.657453 155.032440 150.702339 158.870944 160.247804 161.519866 164.856714 168.245823 170.899307 173.746371 179.162791 188.222072 190.965529 191.557521 191.754150 189.992503 186.942851 185.215725 182.521773 177.406098 176.540920 177.052075 177.126326 182.386389 183.941943 185.418119 178.466193 181.830095 188.051952 194.912420 201.754210 208.636306 213.012687 209.753240 208.479331 199.957418 185.942061 174.358290 165.497054 162.976472 159.618222 151.688417 139.154710 145.958127 161.366673 165.895727 169.376433 181.156911 193.405562 203.667945
167.784463 170.868432 165.836645 166.893297 168.367136 169.858870 168.291665 165.389011 163.984390 177.033889 186.784490 188.754404 191.849985 195.443141 194.470023 182.294234 179.784750 188.354836 198.934382 204.956886 205.268107 205.349296 203.771845 202.871993 202.511836 200.307934 201.484361 204.284795 205.034224 210.276009 216.166441 219.072674 210.679658 201.305345 201.693574 209.179438 217.035981 224.304346 235.123268 246.611033 245.201254 239.156663 229.783237 215.636933 191.660132 171.395191 160.354797 153.241632 145.901143 145.060828 142.295307 152.856652 154.378091 155.929870 164.236239 174.408221 184.430161
183.192623 191.578218 185.645003 180.175969 176.950392 177.648084 178.059528 181.722140 195.199618 209.655715 225.192540 228.391191 231.318407 231.200429 221.752828 211.457446 207.379039 222.545176 238.736676 247.305362 248.460335 248.908805 256.967639 255.416536 253.275688 248.200475 250.885895 253.792157 265.368859 273.575959 280.931168 279.267733 267.296349 255.752437 253.377591 254.986761 256.971067 262.645201 272.866165 282.715435 277.378639 269.352991 258.146644 228.188359 199.395754 181.471406 181.268163 181.002581 175.751496 172.060741 167.988835 160.079880 159.185987 158.123450 157.248098 168.938210 180.943974
233.033267 249.678993 244.089108 235.790734 225.077028 225.687331 229.426612 238.329889 252.562750 272.084086 297.655318 302.269410 306.796895 310.859860 300.091813 287.832824 276.244127 293.025453 303.362419 312.906508 316.385231 328.169363 339.088463 334.879231 326.870212 317.555839 324.779739 339.029987 355.459018 363.395459 368.118841 368.444452 357.982800 351.635729 347.961314 347.470579 342.848742 345.544419 355.862150 370.717812 369.851882 358.346083 333.777018 295.339796 258.225034 234.574794 237.726238 229.930920 222.543641 217.386421 202.210347 189.899542 188.809127 178.450718 171.510171 182.364568 187.896900
285.109502 304.538156 301.206091 290.534937 278.021353 278.242889 286.913970 297.773626 318.748237 345.356975 373.049919 386.256120 393.655741 403.968472 397.620930 388.228757 379.421551 387.864662 401.013164 414.168376 426.368653 440.798683 454.373200 448.073018 438.465878 435.701441 441.877612 462.137004 480.879371 489.384852 494.195492 499.513302 492.081260 483.092661 472.180030 461.715711 451.987359 445.523105 460.966326 475.568733 472.291677 446.232232 418.858510 380.289199 339.216015 301.968811 295.676254 291.630554 288.318725 271.019594 253.468681 233.555992 221.316178 210.793171 194.791787 198.628187 203.194301
392.489572 415.501173 420.216784 405.729072 400.126831 405.604098 418.577983 427.090028 445.105482 476.879136 516.356969 545.041764 569.441410 575.170990 566.194915 556.355172 542.283012 538.380838 554.499765 568.200178 581.759655 595.986307 611.513570 621.207667 621.735402 623.328595 628.447986 637.064972 649.320363 661.969146 673.274364 682.327239 681.073013 668.607017 655.225417 638.616822 624.913626 618.783915 617.555806 625.379629 621.667019 594.237333 562.031561 525.200476 482.120194 443.392002 417.959074 417.111999 401.121129 379.674243 354.941557 315.039714 293.534820 274.280752 242.120978 235.643406 243.652974
526.401004 546.827538 564.138459 562.867717 565.701314 569.888763 577.770692 585.764019 599.736654 642.188339 686.315875 721.822815 748.579492 758.314284 748.869858 739.418743 728.386964 719.505535 722.624846 737.028949 754.375532 771.390661 783.970683 789.441932 789.661903 791.413269 795.003582 800.719756 807.182513 817.158921 828.090239 840.204130 851.444665 844.449818 823.963391 806.561193 788.548955 780.916602 778.163003 774.729971 773.050102 764.943006 732.668835 699.999109 659.986385 617.331701 585.513761 562.454455 537.858930 510.463919 459.466263 412.040978 371.475333 338.610768 305.850934 298.388473 319.712188
686.322094 717.751730 735.743715 740.403410 742.571278 745.222606 751.696722 758.874987 770.453197 797.418625 838.117908 876.145730 904.972697 909.508348 901.621790 892.546607 883.242202 874.784962 872.398532 879.200115 889.012738 903.476244 914.582781 924.735763 924.917635 926.063101 927.306904 930.877664 934.756448 938.662566 946.736562 958.158067 967.831841 968.067208 954.946045 937.479813 919.943486 912.317821 906.374542 901.044962 900.474067 899.808928 893.000930 867.470165 828.925837 780.499870 747.425981 721.569562 703.817820 681.226209 648.657232 589.449188 552.584728 512.015017 470.445396 439.962823 469.238533
828.079706 860.936477 880.412944 888.235011 888.110449 889.634814 896.060641 902.638861 913.990962 931.327874 953.100714 978.950593 1002.766440 1018.961503 1016.249026 1006.183807 991.822183 988.969544 988.824990 990.570006 995.981036 1001.894242 1014.986659 1028.648376 1033.398969 1034.231298 1032.514235 1035.348455 1037.509624 1038.803684 1040.256687 1044.181344 1050.006541 1051.761224 1047.616331 1033.766997 1016.179832 1003.063828 995.656718 992.189933 990.227155 990.801721 989.567019 978.835685 952.351012 917.029157 884.404941 861.722804 843.744561 825.946822 807.815118 783.688734 760.296052 725.980733 677.331853 630.661618 614.551321
934.666209 959.426710 981.434897 995.658189 998.493037 1003.051823 1006.413936 1015.305327 1029.501029 1046.093741 1057.509381 1071.216485 1089.344195 1099.860081 1105.491130 1106.926090 1107.365335 1110.172540 1110.944805 1094.665139 1096.783334 1098.437213 1102.293159 1107.562128 1108.891858 1108.946105 1108.534408 1109.945930 1110.952128 1111.996029 1112.318199 1111.925633 1113.121306 1113.373715 1112.701970 1108.228056 1108.435644 1093.869176 1083.954993 1078.088291 1071.726065 1064.100944 1055.499095 1047.200241 1034.038777 1011.501164 982.889096 958.071901 947.115778 939.199717 929.833037 920.844158 903.773343 881.230576 849.412085 807.395719 766.671423
1022.757046 1039.763676 1062.260897 1077.263921 1085.392595 1092.126152 1095.677615 1106.142560 1117.341694 1114.317044 1116.079813 1117.819508 1119.598139 1120.098659 1120.401834 1120.723582 1119.290243 1119.887821 1119.257608 1115.061182 1106.334721 1107.679084 1108.494459 1110.168397 1112.908656 1111.147446 1112.015596 1115.317605 1114.662877 1110.312130 1107.678520 1106.462448 1106.653052 1113.287736 1116.118276 1117.079903 1117.386404 1117.798366 1118.649432 1118.788813 1118.423738 1117.230331 1115.336166 1116.042417 1107.805834 1088.517870 1061.491275 1032.412872 1019.545945 1014.462528 1014.084845 1009.891285 1003.675389 986.482199 961.615677 928.143340 892.158225
1115.917727 1116.838921 1121.815751 1123.866948 1124.466976 1125.778088 1127.314650 1127.327886 1123.721580 1120.028305 1115.339388 1113.997981 1112.518954 1110.020984 1110.688823 1109.114824 1106.083999 1103.897572 1099.280241 1090.180671 1079.845564 1077.798313 1081.840123 1085.586020 1088.501752 1090.469428 1093.385882 1095.234510 1091.855093 1085.703631 1080.120388 1078.707668 1084.701249 1089.476037 1093.764235 1094.355535 1093.686083 1093.087687 1094.904628 1094.085195 1095.519185 1101.812202 1113.871562 1119.728165 1121.110716 1121.333168 1117.888469 1110.799970 1099.656798 1081.019970 1083.446538 1078.701606 1068.209597 1049.992335 1030.202546 1005.774013 981.973166
1122.776126 1120.729676 1114.761545 1108.823861 1107.741494 1111.038812 1117.278673 1118.393017 1111.682527 1104.042444 1097.753630 1091.596262 1089.632453 1088.117897 1087.363117 1087.727302 1083.589280 1078.039973 1065.549083 1056.036492 1046.178927 1040.506115 1038.455055 1042.337855 1049.796372 1056.980266 1060.866617 1055.710514 1050.327115 1042.213483 1035.995719 1036.928057 1039.196303 1046.880288 1058.657584 1062.024077 1063.471507 1060.643778 1058.969991 1055.382786 1054.787752 1061.356186 1074.439901 1087.054948 1098.307806 1105.179245 1111.906550 1117.789281 1122.237361 1122.176863 1121.455374 1119.894194 1117.313264 1103.980818 1086.665356 1067.741272 1048.382959
1105.043035 1100.838356 1094.819513 1089.425353 1087.761937 1089.990749 1092.811843 1089.788683 1083.699318 1074.663016 1064.988099 1056.089433 1050.502043 1050.926574 1052.709886 1053.666874 1048.792281 1036.918957 1022.324712 1010.818999 997.865724 993.595179 988.018519 983.036079 991.271401 1005.315454 1010.357053 998.781669 991.360517 980.039335 974.541294 972.698073 974.287308 982.668863 1000.245988 1017.675282 1019.981600 1013.588618 1007.949907 1006.213622 1005.600914 1012.361790 1028.758764 1045.669192 1057.675978 1065.307396 1069.826800 1076.739212 1084.624968 1094.229053 1104.549863 1112.938884 1120.442102 1122.191950 1121.082424 1118.424404 1106.411533
1084.844204 1078.827137 1073.090980 1067.804280 1063.889737 1061.539142 1058.949222 1053.145644 1046.824481 1035.099115 1023.935798 1012.495561 998.985125 995.065285 992.065367 993.860259 983.877702 974.651279 957.061180 941.695963 924.716235 912.708230 904.571142 896.616586 899.411411 912.837693 921.057003 908.115773 899.615303 888.566907 883.868968 881.659754 883.728798 893.645291 915.825835 935.129707 944.217032 940.479612 939.488843 941.115148 943.103970 949.724043 964.160701 982.763378 1001.738151 1015.837795 1024.079302 1030.862918 1039.466616 1051.387860 1062.175075 1072.505951 1085.610101 1101.463555 1113.328438 1121.162731 1125.246979
1058.867460 1051.322909 1042.465996 1032.964190 1027.173113 1027.562004 1020.155245 1012.937812 998.847607 954.926113 936.630876 916.748619 899.136609 891.411876 882.819815 875.786879 866.638308 859.632667 849.927542 830.818621 807.672599 785.836008 775.895587 768.067983 757.825242 762.280002 765.285991 767.696637 761.097093 755.566408 753.720730 752.086054 756.561097 771.707848 786.466058 800.719459 811.533087 815.159496 827.979858 840.030827 847.561799 865.995552 881.723305 901.431356 924.944718 949.510131 963.339600 973.440579 984.339411 998.720098 1013.020968 1026.916789 1045.014463 1064.753259 1076.814156 1085.096464 1094.775690
1023.376339 1010.757515 998.675303 986.052729 972.866474 971.874858 965.720902 954.345620 912.104779 865.932814 828.447252 802.542289 773.508055 757.251212 743.616543 717.417643 702.547465 694.335711 694.903142 678.562054 652.175931 628.971560 614.937604 604.605107 589.562611 580.773252 585.044049 596.705005 591.428856 589.024943 592.869656 591.517549 589.935558 599.486776 618.400071 632.088206 647.826672 665.369118 677.368793 692.766750 723.847367 742.986565 763.737769 791.220350 821.742026 851.460270 876.486534 893.852887 911.941520 932.965793 950.238107 969.729346 990.715933 1015.668519 1031.722629 1043.297058 1052.513952
958.703014 941.270491 921.781531 899.100989 875.749894 869.826661 857.689785 832.547565 777.361208 726.480382 685.350965 650.771516 615.289528 589.828927 559.483364 525.397362 503.512992 505.896525 510.553657 506.116391 486.667013 468.770676 454.981788 439.429014 422.643006 410.991525 419.022318 427.753024 434.466582 437.484530 441.318787 443.687818 443.371227 441.467425 450.632667 462.503169 476.447308 490.843162 507.817913 541.441086 571.387952 594.383955 622.798050 654.295690 691.153541 726.769789 757.724033 783.095930 811.366006 838.937295 865.407569 889.840307 916.893675 946.699650 970.221981 984.820241 998.104801
869.800304 841.818938 808.047575 761.927329 740.400937 726.159519 707.979135 663.067076 605.494367 555.643553 520.342455 487.012738 456.177480 425.224078 391.692244 362.811512 341.766800 347.278334 352.937704 361.444412 347.114662 333.372944 325.155734 309.309180 294.510720 279.969040 287.648369 297.322722 313.597879 317.506009 320.926779 327.648049 326.843315 325.320568 318.717897 328.879988 340.728590 356.029162 385.137952 412.790738 440.073099 464.887410 490.337973 520.016004 553.390858 587.413868 623.035299 654.510889 687.822893 722.355607 753.341280 781.570506 812.270088 845.986092 873.976675 897.032884 920.843020
740.279264 706.094306 657.876108 600.919578 559.053061 538.781457 497.347779 456.873095 411.690938 385.003703 360.428333 332.848252 307.745990 284.039490 256.102386 232.020902 207.700391 210.995079 222.704056 235.731243 228.286640 223.319570 219.285532 207.278679 193.225001 179.477890 183.069458 198.013230 214.747150 221.825946 228.330925 235.915432 236.197437 229.965076 222.133716 228.419171 242.924630 259.892257 282.477941 306.494499 330.239033 352.798317 378.176608 405.535126 434.336924 465.728104 498.968053 526.932092 560.309111 595.365029 626.143926 650.967476 679.895304 716.960015 745.633615 776.776648 809.139037
589.615559 553.773737 504.233914 453.659540 405.416257 364.132268 327.790262 292.845519 270.266737 247.840551 226.931466 206.411003 183.976240 163.165135 143.038721 120.425205 101.284394 106.292252 119.362980 130.974892 132.961212 129.580910 126.168309 118.134478 104.274269 93.273151 101.538743 117.036602 132.186868 142.229236 148.972361 155.236986 152.625802 144.606664 138.445818 146.685593 162.494924 177.999608 196.266152 218.537132 240.941226 263.747835 287.905011 312.558129 340.027824 368.758626 398.398837 428.287640 457.261356 485.828439 504.364883 524.152367 542.323164 569.095797 597.849874 630.671439 669.090906
434.914855 401.897608 363.687791 320.466834 286.124555 251.717016 218.843064 186.585533 159.743908 140.693838 129.327230 113.433139 93.248558 78.946672 61.482243 42.634084 41.478484 44.736800 56.547870 58.346681 58.879569 55.731496 54.458069 49.678429 38.244373 44.419873 52.140602 67.095405 78.117123 87.578829 93.939461 98.176711 97.853888 91.076177 94.222588 101.649012 116.581055 128.842668 144.560953 165.972415 184.104274 204.399593 227.368865 251.298321 276.710934 303.859437 333.268765 360.449746 383.421762 396.909272 411.917910 423.072600 423.759230 444.220235 466.155170 489.749735 523.185588
