tests/Borden05m/sims/sim_1/output-maps/psiliqL0006N0019.asc
ncols         160
nrows         34
xllcorner     620200.000000
yllcorner     5168000.000000
cellsize      0.500000
NODATA_value  -9999.0
[rows 0 to 24 of 34, columns 56 to 111 of 160]
-9999.0 -9999.0 -9999.0 -9999.0 -9999.0 -9999.0 -9999.0 -9999.0 -9999.0 -9999.0 -9999.0 -9999.0 -9999.0 -9999.0 -9999.0 -9999.0 -9999.0 -9999.0 -9999.0 -9999.0 -9999.0 -9999.0 -9999.0 -9999.0 -9999.0 -9999.0 -9999.0 -9999.0 -9999.0 -9999.0 -9999.0 -9999.0 -9999.0 -9999.0 -9999.0 -9999.0 -9999.0 -9999.0 -9999.0 -9999.0 -9999.0 -9999.0 -9999.0 -9999.0 -9999.0 -9999.0 -9999.0 -9999.0 -9999.0 -9999.0 -9999.0 -9999.0 -9999.0 -9999.0 -9999.0 -9999.0
-9999.0 -9999.0 -9999.0 -566.636098 -572.476789 -578.220984 -583.608287 -593.234355 -602.885392 -612.060768 -616.262816 -617.313499 -618.372107 -618.932795 -613.577353 -605.602988 -597.928343 -590.548925 -588.256792 -585.845067 -583.447475 -582.920430 -584.341273 -587.758990 -591.183052 -594.739330 -596.186352 -604.979176 -616.884969 -626.243501 -629.117421 -624.402326 -619.707132 -617.108339 -610.661565 -599.311004 -587.937999 -579.040920 -566.917953 -561.416552 -555.983385 -552.337086 -556.346280 -559.795392 -563.261492 -567.616783 -578.886578 -9999.0 -9999.0 -9999.0 -9999.0 -9999.0 -9999.0 -9999.0 -9999.0 -9999.0
-604.865556 -585.221156 -582.003055 -593.255142 -598.217357 -601.772392 -604.252109 -609.846143 -619.141593 -624.909858 -630.750712 -632.563282 -632.782734 -632.911113 -628.709274 -618.806701 -610.696989 -605.878462 -603.566545 -601.204140 -600.978660 -601.526156 -602.012073 -605.067012 -608.633594 -612.186101 -614.041257 -614.164202 -622.056979 -627.471285 -630.778968 -631.825810 -629.350559 -627.011216 -624.106079 -614.025198 -605.354897 -596.685493 -582.149325 -569.429858 -563.969870 -566.267448 -571.310582 -574.786490 -580.867214 -590.477717 -601.016073 -611.821621 -619.138243 -624.397914 -629.348776 -622.883667 -616.404215 -605.550736 -594.743943 -582.250964
-622.230525 -602.255285 -599.556797 -611.084676 -620.076127 -624.460774 -624.698150 -622.866475 -627.017075 -632.107365 -636.167635 -628.665303 -627.610198 -626.563324 -623.440496 -619.865387 -618.003608 -615.214425 -609.887956 -600.765038 -598.221330 -597.804585 -597.759696 -599.704557 -602.966957 -604.824397 -607.727628 -613.162765 -613.995087 -613.446980 -613.247011 -607.657907 -606.129947 -604.914258 -612.426285 -609.083365 -602.529865 -595.337260 -587.797254 -580.305571 -575.023146 -578.020157 -579.260049 -587.491412 -601.351455 -612.965352 -621.724062 -624.358957 -627.270791 -634.803337 -646.842690 -639.700578 -623.548720 -618.626726 -614.553840 -602.021830
-630.964698 -619.001268 -616.241781 -621.795428 -621.249609 -620.079831 -618.801337 -620.776276 -624.141518 -625.500291 -612.035608 -602.297338 -600.790292 -597.946880 -594.702692 -596.468583 -609.728944 -612.716965 -603.810753 -592.942628 -586.811238 -586.803578 -586.921325 -588.301583 -589.434392 -590.085457 -592.753818 -591.394167 -588.526275 -587.338644 -581.673032 -575.711662 -572.912104 -582.478050 -592.294295 -592.038924 -584.132023 -575.941039 -568.144605 -556.327801 -543.624311 -545.020814 -551.034436 -560.124767 -574.197635 -598.364986 -618.933281 -629.364381 -635.569212 -642.277757 -643.246476 -644.878365 -634.125366 -632.044831 -630.184118 -620.970651
-627.108606 -605.576414 -597.055355 -603.818650 -610.398662 -614.693483 -614.449977 -614.303793 -610.494908 -596.255029 -581.609208 -565.260434 -562.564737 -559.927072 -560.235965 -571.090974 -582.212277 -587.208012 -571.117598 -554.607740 -545.778889 -544.564279 -543.176939 -533.636642 -536.248841 -539.750864 -546.123234 -543.223596 -539.196188 -525.765902 -517.518975 -510.347080 -512.482865 -525.302540 -537.056389 -539.593882 -538.178781 -536.774865 -530.656401 -519.007533 -507.330171 -512.435399 -521.052127 -532.997596 -564.394824 -594.468609 -612.385994 -611.200350 -610.400776 -614.818398 -617.852033 -621.693379 -629.757947 -629.948561 -630.210494 -630.551460
-576.844190 -557.183448 -539.726763 -546.441073 -556.167534 -568.711261 -568.620673 -564.636937 -555.560718 -540.813809 -519.545387 -491.838884 -486.243632 -480.706693 -475.033249 -487.134042 -501.060033 -514.802066 -498.434380 -487.265272 -475.938006 -470.178531 -454.833098 -441.603999 -447.694193 -458.596204 -469.169722 -461.200051 -442.849955 -423.751064 -415.546286 -411.274569 -409.963015 -421.742436 -428.862325 -433.843675 -435.355852 -441.444976 -439.108048 -424.622758 -404.834779 -404.771463 -421.266177 -451.125104 -493.750498 -534.384253 -560.402480 -557.050758 -563.884419 -570.127984 -575.107809 -590.298063 -602.713377 -603.122873 -613.039073 -619.585545
-524.318119 -503.427234 -482.259681 -485.237974 -498.438708 -511.762220 -511.147275 -501.066948 -490.151424 -467.185079 -434.852553 -399.650461 -379.246581 -366.005437 -353.525546 -362.185916 -374.731373 -387.518782 -381.914561 -364.240116 -346.216927 -328.518071 -310.036720 -293.533892 -299.774977 -311.107633 -313.789842 -307.709780 -286.587357 -268.537675 -261.435967 -257.812961 -252.379531 -258.549852 -267.991678 -279.236747 -290.716079 -301.439413 -308.311657 -290.482964 -273.553896 -277.053610 -308.600209 -343.806894 -391.017371 -440.501458 -484.872013 -495.482479 -497.806042 -501.528669 -520.296239 -538.627515 -560.913974 -573.990343 -583.891124 -600.399385
-405.471964 -373.592442 -345.456696 -336.261207 -353.063746 -357.759093 -350.376865 -334.943462 -325.705480 -306.242770 -268.862052 -227.243926 -197.624448 -173.762202 -168.739978 -177.302881 -186.664321 -201.050420 -207.428230 -193.620746 -180.630739 -168.485951 -157.002156 -145.799613 -138.776693 -139.699255 -139.704286 -137.072098 -133.106371 -127.056744 -120.653835 -114.450318 -107.832292 -106.499701 -115.027731 -123.674733 -133.794975 -143.142843 -146.444021 -148.071772 -142.120705 -143.394226 -162.883722 -189.876260 -223.148890 -265.482622 -307.576573 -340.875492 -345.596231 -367.814330 -394.219016 -427.104694 -475.151404 -501.203906 -522.300170 -556.609466
-258.480332 -223.620521 -203.859174 -186.808674 -186.376640 -183.067646 -179.195246 -172.521483 -166.773119 -158.753735 -128.156101 -94.334921 -63.686995 -38.970257 -28.607119 -36.576033 -45.559063 -56.156538 -65.458756 -64.993433 -52.717637 -37.568427 -22.723038 -12.776224 -9.206477 -10.708631 -10.571782 -9.257055 -6.297327 -4.166006 0.231126 6.816456 17.111688 29.284765 26.053774 9.832909 -3.927891 -20.244462 -28.507532 -32.158051 -37.184492 -37.942575 -40.033132 -64.019016 -89.518568 -120.086868 -152.091169 -175.678447 -196.659837 -219.074874 -244.442495 -295.710434 -351.395196 -400.095966 -440.769019 -479.454798
-131.069612 -101.950230 -76.262248 -61.052393 -55.499805 -52.719035 -48.520449 -40.580429 -33.706419 -24.934222 -6.520295 26.504455 61.670136 92.072273 102.857830 97.955635 89.107847 78.281083 70.299101 67.611782 72.508125 80.674758 93.542849 104.593324 115.322772 115.408563 115.502325 115.373329 117.067355 118.418095 119.106488 124.730710 134.728705 143.893472 145.887333 135.658776 118.810039 99.353802 85.111204 74.759412 67.518407 66.057695 66.087499 63.813740 43.032832 10.568024 -31.610360 -61.551902 -84.658942 -98.862400 -114.401772 -131.568674 -171.674475 -195.937692 -230.416895 -272.927972
-23.113833 4.714845 33.300346 52.841546 63.157149 66.258078 72.441502 84.306099 94.103280 106.309297 121.210876 138.190401 164.910392 194.504437 225.749331 227.024117 218.121117 203.735061 201.559743 201.448500 202.295988 206.925400 211.780581 224.144964 237.231535 241.712186 241.902605 239.972835 241.891059 242.372869 242.028428 242.397682 245.204880 250.454509 252.518955 249.222020 235.990230 215.605766 186.924104 172.578918 165.999746 161.920312 160.960833 158.510347 148.313282 122.570673 85.558471 49.574264 23.515147 4.714761 -9.262114 -19.500045 -30.232846 -45.317502 -71.385497 -109.610114
83.453560 107.552910 131.685457 155.035978 171.001414 179.717418 191.628106 208.536450 222.546739 237.864990 251.842664 255.956156 275.344568 295.607526 308.726193 315.412215 317.032671 317.418035 319.460998 319.495553 314.515484 315.499454 316.381160 317.507630 320.998315 321.547535 321.535046 321.285352 321.980121 321.876647 322.196057 321.979116 320.800043 321.134250 321.310638 320.815963 317.544522 310.903411 293.474833 281.457923 274.114396 266.892210 258.548340 249.354036 239.887936 223.639003 187.865275 151.902825 119.719161 101.757390 92.346280 85.632278 79.846273 65.385371 44.431997 17.436334
204.252381 220.400989 237.785585 258.579899 268.295987 284.306093 294.389553 301.945734 313.216746 323.917608 324.494662 324.159592 326.013471 327.430824 328.546728 328.839628 329.053344 326.835270 326.583008 324.709424 319.176368 310.129679 311.347693 312.453369 314.682581 317.871651 316.238074 316.959094 319.641024 318.460774 313.507460 310.425811 308.900392 308.985019 315.763988 318.550178 318.980204 319.050679 317.964189 317.506643 317.076832 316.816649 316.560421 316.239726 312.872843 303.670532 281.741817 252.952139 220.695362 191.758646 179.974605 179.042970 174.362398 166.128921 143.217980 115.094368
304.414732 316.175033 324.012979 325.687912 325.928682 327.627143 329.925394 332.381398 332.621942 329.116125 325.306285 320.297412 319.037428 317.870322 315.778128 316.519981 314.520183 310.490829 306.323968 298.127532 286.762481 274.629735 272.428387 277.004480 281.429968 285.057181 287.166599 289.977148 291.173666 287.535790 280.474712 274.015432 271.933341 277.976394 283.468345 287.897331 288.327444 286.997541 285.341497 285.981569 284.421367 285.805923 293.083174 307.454139 315.637425 316.168521 315.673029 313.942292 310.801371 290.583886 270.917414 272.627239 267.733415 254.184860 221.822306 194.654972
322.660254 322.405322 320.033886 314.323309 308.885969 308.420574 312.303731 319.018563 320.266007 313.493920 304.796847 295.720225 288.218240 285.568411 284.150160 283.309683 282.869836 276.861851 267.003222 241.016473 225.044537 212.079293 205.287711 204.051231 209.467745 217.884181 225.346803 229.312501 224.044397 217.794067 208.517510 200.975300 201.220708 204.157638 212.616883 224.398974 227.075950 227.790721 223.915935 221.250572 216.956145 217.613215 229.214350 255.224724 271.768530 284.421840 292.132633 299.951689 307.805723 314.688623 314.875990 315.018845 314.814525 310.501882 294.920399 275.348236
306.856249 298.506619 292.657790 285.551166 279.487397 277.749044 280.676557 284.156371 280.768776 273.911353 260.544051 238.845790 225.006319 217.987558 217.983110 219.431151 219.177232 212.272078 196.414398 175.032969 159.206138 144.289066 139.706026 135.170866 132.704918 142.957345 157.740829 162.847526 151.169784 142.531433 129.761915 122.553024 120.251090 122.136522 131.384098 148.948870 164.948291 165.772993 157.445946 149.640252 146.059564 145.704233 156.067863 179.217518 200.231642 215.069205 225.633273 235.728847 255.297182 267.264413 278.792561 291.550336 303.313600 314.506979 315.609137 315.188340
273.765423 255.202635 243.625951 235.137496 228.393009 223.829698 221.359474 219.114356 212.828588 205.488457 192.885126 176.971317 163.415279 149.620209 146.050572 143.753928 145.164050 133.643912 121.159340 100.223471 83.980968 68.263087 59.463503 53.655401 48.269574 55.170430 70.900721 79.799650 64.972745 55.101410 42.070734 35.704164 32.715290 34.078459 43.491882 65.841433 83.887879 89.842174 82.073694 75.683773 73.072758 73.358735 80.115353 97.843011 119.206483 139.607991 154.964562 166.503772 179.267610 192.116147 208.171742 225.366036 248.037035 269.063998 288.259346 303.233438
218.858038 204.906841 193.240434 181.963649 171.165114 165.049770 165.291725 158.356810 151.674103 140.439430 99.298012 82.466580 65.021228 50.541333 45.532140 38.786348 34.826370 25.341922 17.508432 6.101706 -9.612701 -26.014703 -40.430040 -45.279839 -49.503487 -54.220536 -45.487068 -41.463107 -43.231488 -50.269167 -57.273597 -60.790368 -63.116511 -59.501564 -46.883764 -34.565932 -23.275509 -17.913487 -22.245741 -17.078194 -11.519989 -10.298900 4.766409 19.254284 37.438023 58.812009 81.110020 93.955563 105.071186 117.554399 134.549356 153.577320 174.761650 200.218761 227.338000 251.316232
166.646153 152.280288 137.850828 125.203102 112.971168 101.485864 101.826986 97.902166 91.054760 58.188249 17.397896 -12.391506 -29.515064 -49.157097 -58.463576 -66.602061 -86.683218 -99.165511 -107.212396 -106.395809 -117.746170 -134.157305 -148.111691 -155.176311 -160.455312 -170.734480 -175.013371 -171.208272 -162.271361 -168.210213 -171.368705 -168.837945 -170.867411 -172.856719 -164.959930 -151.238107 -142.991088 -134.537352 -126.310624 -121.781381 -115.395840 -93.140247 -79.501745 -65.322701 -45.915914 -24.769063 -2.828937 15.749552 28.612392 43.063586 62.275132 79.987162 102.375449 127.801150 157.867348 180.256738
100.006124 81.986164 66.627061 51.276673 34.840681 15.192478 13.107574 6.316288 -6.625505 -46.352076 -84.620496 -114.362961 -134.858626 -157.667406 -173.341964 -195.901195 -227.447893 -248.829999 -248.304005 -242.496132 -247.294108 -265.201777 -282.676542 -296.857851 -312.964193 -332.764004 -345.082643 -335.331721 -324.029726 -319.923668 -317.885242 -313.664892 -312.638551 -313.774528 -314.482082 -300.703730 -288.284283 -275.009565 -263.019872 -250.562277 -220.280369 -192.782092 -174.265921 -153.644900 -133.499693 -110.890137 -87.493895 -67.620572 -52.734448 -34.889223 -15.914104 4.622268 26.233073 52.295709 82.516503 107.151319
31.840664 7.145715 -12.924977 -34.405398 -66.436566 -79.869075 -88.022437 -96.270631 -125.374232 -164.730676 -202.936215 -233.751947 -263.794632 -295.591657 -330.350134 -370.778865 -408.827142 -433.965495 -427.543958 -420.030321 -411.387402 -428.596207 -445.277200 -454.994848 -472.207175 -488.782119 -503.882439 -494.504103 -484.205421 -468.405333 -464.974607 -461.617108 -455.336793 -457.028315 -458.727310 -463.525590 -452.201227 -440.011717 -424.124618 -391.889913 -357.133921 -322.851394 -293.377637 -264.943408 -235.542684 -205.393647 -176.987511 -150.949378 -131.508404 -112.469977 -91.497842 -71.712048 -52.439802 -29.956496 -3.192743 20.358528
-61.031550 -81.705774 -103.064272 -133.368329 -173.421872 -203.660498 -216.516782 -250.416374 -289.465579 -343.803692 -379.903470 -409.959193 -441.829679 -469.920004 -495.841441 -526.867659 -553.276304 -577.851634 -573.636574 -561.204583 -547.227544 -556.646467 -562.500439 -566.397863 -578.975981 -593.251521 -607.314119 -603.389207 -588.426408 -571.378742 -565.118624 -558.962017 -551.350653 -551.393380 -557.673186 -566.215606 -560.229042 -546.560058 -529.983674 -505.896882 -480.056051 -453.765774 -428.292897 -398.328414 -364.694101 -329.208299 -291.263938 -254.474888 -227.608390 -197.901881 -169.491878 -147.720507 -133.660411 -116.901472 -91.287627 -72.123782
-154.085257 -177.446149 -204.540427 -249.398257 -303.308195 -361.574904 -407.198607 -448.275250 -486.889804 -513.881757 -537.073632 -558.611658 -579.361426 -601.089900 -621.930394 -642.540155 -664.772590 -685.825080 -680.415152 -666.434012 -652.857493 -651.499153 -654.636236 -657.751694 -666.062022 -679.784761 -692.688821 -684.673685 -668.898831 -653.221969 -643.647865 -637.072300 -630.580474 -633.500430 -641.880670 -649.743055 -642.066009 -626.744927 -611.477333 -593.026704 -570.918486 -548.413032 -525.708702 -501.193203 -475.367479 -445.286078 -411.789737 -375.384138 -338.708073 -302.754493 -268.506175 -248.840545 -230.750466 -214.889291 -191.826329 -169.807927
-286.073117 -320.506500 -359.736691 -407.621280 -460.057626 -499.716621 -535.410280 -568.498260 -600.472689 -625.763960 -644.614650 -655.308504 -670.390031 -690.165029 -704.001786 -720.992569 -741.561647 -743.831962 -739.445793 -725.978909 -722.909563 -722.147821 -725.197456 -726.269688 -731.478930 -744.386179 -739.462167 -731.372322 -715.931906 -704.774557 -695.519141 -689.157885 -684.897954 -685.877115 -693.853940 -691.769254 -684.420064 -669.582144 -657.740603 -642.149389 -620.945760 -603.299310 -583.407639 -560.929305 -537.393541 -511.942628 -484.129463 -452.736603 -421.918246 -393.715121 -376.003703 -357.316463 -343.199579 -342.247648 -317.458965 -291.637006
