tests/Borden05m/sims/sim_1/output-maps/psiliqL0023N0003.asc
ncols         160
nrows         34
xllcorner     620200.000000
yllcorner     5168000.000000
cellsize      0.500000
NODATA_value  -9999.0
[rows 0 to 24 of 34, columns 0 to 54 of 160]
-9999.0 -9999.0 -9999.0 -9999.0 -9999.0 -9999.0 -9999.0 -9999.0 -9999.0 -9999.0 -9999.0 -9999.0 -9999.0 -9999.0 -9999.0 -9999.0 -9999.0 -9999.0 -9999.0 -9999.0 -9999.0 -9999.0 -9999.0 -9999.0 -9999.0 -9999.0 -9999.0 -9999.0 -9999.0 -9999.0 -9999.0 -9999.0 -9999.0 -9999.0 -9999.0 -9999.0 -9999.0 -9999.0 -9999.0 -9999.0 -9999.0 -9999.0 -9999.0 -9999.0 -9999.0 -9999.0 -9999.0 -9999.0 -9999.0 -9999.0 -9999.0 -9999.0 -9999.0 -9999.0 -9999.0
-9999.0 -9999.0 -9999.0 -9999.0 -9999.0 -9999.0 -9999.0 -9999.0 -9999.0 -9999.0 -9999.0 -9999.0 -9999.0 -9999.0 -9999.0 -9999.0 -9999.0 -9999.0 -9999.0 -9999.0 -9999.0 -9999.0 -9999.0 -9999.0 -9999.0 -9999.0 -9999.0 -9999.0 -9999.0 -9999.0 -9999.0 -9999.0 -9999.0 -9999.0 -9999.0 -9999.0 -9999.0 -9999.0 -9999.0 -9999.0 -9999.0 -9999.0 -9999.0 -9999.0 -9999.0 -9999.0 -9999.0 -9999.0 -9999.0 -9999.0 -9999.0 -9999.0 -9999.0 -9999.0 -9999.0
-9999.0 -9999.0 -9999.0 -9999.0 -9999.0 -9999.0 -9999.0 -9999.0 -9999.0 -9999.0 -9999.0 -9999.0 -9999.0 -9999.0 -9999.0 -9999.0 -9999.0 -9999.0 -9999.0 -9999.0 -9999.0 -9999.0 -9999.0 -9999.0 -9999.0 -9999.0 -9999.0 -9999.0 -9999.0 -9999.0 -9999.0 -9999.0 -9999.0 -9999.0 -9999.0 -9999.0 -9999.0 -9999.0 -9999.0 -9999.0 -9999.0 -9999.0 -9999.0 -9999.0 -9999.0 -9999.0 -9999.0 2693.829850 2676.828630 2663.241156 2659.399866 2681.112223 2704.622801 2728.802874 2749.687254
-9999.0 -9999.0 -9999.0 -9999.0 -9999.0 -9999.0 -9999.0 -9999.0 -9999.0 -9999.0 -9999.0 -9999.0 -9999.0 -9999.0 -9999.0 -9999.0 -9999.0 -9999.0 -9999.0 -9999.0 -9999.0 -9999.0 -9999.0 -9999.0 -9999.0 -9999.0 -9999.0 -9999.0 -9999.0 -9999.0 -9999.0 -9999.0 -9999.0 -9999.0 -9999.0 -9999.0 -9999.0 -9999.0 -9999.0 -9999.0 2742.482408 2748.573024 2748.918177 2739.277780 2728.335253 2715.280161 2695.049773 2677.821099 2664.624061 2662.921350 2665.782791 2669.332505 2690.762908 2716.398106 2736.624872
-9999.0 -9999.0 -9999.0 -9999.0 -9999.0 -9999.0 -9999.0 -9999.0 -9999.0 -9999.0 -9999.0 -9999.0 -9999.0 -9999.0 -9999.0 -9999.0 -9999.0 -9999.0 -9999.0 -9999.0 -9999.0 -9999.0 -9999.0 -9999.0 -9999.0 -9999.0 -9999.0 -9999.0 -9999.0 -9999.0 -9999.0 -9999.0 -9999.0 -9999.0 2649.081685 2666.267807 2684.477251 2703.316053 2720.560227 2727.835056 2733.773605 2739.447342 2735.243811 2731.151822 2719.911508 2699.645483 2680.654707 2667.988172 2667.159973 2665.144596 2669.268322 2681.481080 2698.534484 2714.163900 2735.120595
-9999.0 -9999.0 -9999.0 -9999.0 -9999.0 -9999.0 -9999.0 -9999.0 -9999.0 -9999.0 -9999.0 -9999.0 -9999.0 -9999.0 -9999.0 -9999.0 -9999.0 -9999.0 -9999.0 -9999.0 -9999.0 -9999.0 -9999.0 -9999.0 -9999.0 -9999.0 -9999.0 -9999.0 2653.302603 2647.540634 2642.953102 2641.713893 2640.614586 2639.902122 2646.713816 2658.241874 2675.772906 2698.120661 2711.712745 2719.332682 2726.507262 2727.307066 2722.000383 2720.666788 2721.569449 2709.515545 2697.788588 2686.837841 2676.186447 2673.847122 2683.341695 2698.007689 2714.628985 2729.650105 2745.247143
-9999.0 -9999.0 -9999.0 -9999.0 -9999.0 -9999.0 -9999.0 -9999.0 -9999.0 -9999.0 -9999.0 -9999.0 -9999.0 -9999.0 -9999.0 -9999.0 -9999.0 -9999.0 -9999.0 -9999.0 -9999.0 -9999.0 -9999.0 2622.600414 2627.848125 2634.610052 2642.508550 2643.712257 2640.390785 2635.211344 2632.773223 2631.684401 2629.877194 2634.730721 2642.231029 2655.602089 2671.303012 2693.873302 2702.577926 2707.635823 2719.587193 2723.545411 2731.411362 2735.844910 2734.477464 2731.114489 2717.198910 2706.602604 2709.872367 2714.772328 2722.089759 2730.757648 2744.468051 2758.857316 2774.749768
-9999.0 -9999.0 -9999.0 -9999.0 -9999.0 -9999.0 -9999.0 -9999.0 -9999.0 -9999.0 -9999.0 -9999.0 -9999.0 -9999.0 -9999.0 -9999.0 -9999.0 -9999.0 -9999.0 2597.512231 2598.709409 2600.380622 2605.414074 2605.992834 2608.060712 2615.152946 2623.493677 2626.581689 2624.757457 2623.999563 2625.709081 2628.672863 2633.516008 2644.475396 2658.245528 2672.503417 2685.814195 2706.804554 2721.558225 2734.473136 2750.268624 2750.952776 2747.790947 2746.626759 2747.148199 2746.273523 2746.422516 2746.812538 2753.517519 2755.631846 2760.258761 2769.725566 2780.894575 2797.952970 2816.148018
-9999.0 -9999.0 -9999.0 -9999.0 -9999.0 -9999.0 -9999.0 -9999.0 -9999.0 -9999.0 -9999.0 -9999.0 -9999.0 -9999.0 -9999.0 -9999.0 2568.265760 2570.246091 2572.839044 2578.531751 2582.318668 2586.545691 2593.720576 2595.285847 2599.047176 2606.422241 2611.255494 2620.715703 2629.282468 2636.655995 2642.756083 2645.451808 2652.362276 2661.827380 2673.492177 2687.800905 2708.285891 2731.834927 2747.712068 2764.666578 2782.214759 2783.255096 2782.222018 2783.221995 2782.590845 2784.601524 2800.001832 2804.273265 2801.078539 2812.889385 2825.682023 2829.412361 2788.435968 2806.574685 2827.925721
-9999.0 -9999.0 -9999.0 -9999.0 -9999.0 -9999.0 -9999.0 -9999.0 -9999.0 -9999.0 -9999.0 -9999.0 -9999.0 2518.783142 2523.024621 2533.412491 2544.672064 2547.902904 2553.018395 2559.872027 2572.294105 2576.180911 2582.406651 2589.872227 2602.749982 2611.675740 2620.790359 2632.734424 2640.987938 2648.130282 2654.796465 2658.489554 2670.517790 2684.963102 2699.824544 2719.321240 2741.232720 2760.172677 2778.209311 2794.626177 2807.202626 2806.266568 2806.057783 2808.916449 2814.839356 2783.710091 2799.272893 2800.650818 2811.189608 2831.057386 2840.896007 2848.142020 2853.454643 2866.011324 2886.216083
-9999.0 -9999.0 -9999.0 -9999.0 -9999.0 -9999.0 -9999.0 -9999.0 -9999.0 -9999.0 2489.333897 2491.258089 2487.950742 2486.193985 2492.179804 2504.859001 2519.600427 2525.758671 2538.016612 2559.590055 2578.327591 2581.712889 2595.496943 2606.410981 2613.524293 2623.733150 2636.774958 2649.070804 2664.804461 2676.634357 2686.139382 2703.273793 2719.115872 2735.425109 2752.915983 2773.299983 2789.555435 2814.379149 2799.317951 2807.361242 2824.252453 2827.927068 2822.968753 2820.464131 2828.377466 2839.209860 2854.318356 2870.635720 2888.514066 2909.993857 2920.957805 2933.067155 2941.447297 2951.227221 2965.530249
-9999.0 -9999.0 -9999.0 -9999.0 -9999.0 -9999.0 -9999.0 -9999.0 2464.007680 2472.151875 2478.033519 2475.148160 2471.028246 2466.053084 2480.921191 2496.880051 2513.179003 2531.721202 2547.706148 2566.169510 2580.535237 2595.842898 2616.729021 2628.198393 2639.392899 2654.728889 2668.101130 2683.645285 2704.326335 2713.450601 2726.170612 2746.119520 2761.828144 2779.146608 2797.811227 2814.958100 2792.160079 2821.205780 2848.970294 2865.342778 2890.264499 2907.502046 2902.011812 2900.311352 2901.318835 2923.723382 2949.377130 2977.408028 2993.386017 3016.459290 3043.687222 3061.231411 3069.918287 3080.477824 3093.723090
-9999.0 -9999.0 -9999.0 -9999.0 -9999.0 -9999.0 2435.147341 2459.668426 2475.101452 2466.954370 2454.238139 2449.864997 2444.697538 2474.107506 2496.910011 2514.752536 2531.992820 2549.959068 2566.532292 2576.336178 2607.998962 2627.544323 2640.673594 2655.785342 2670.789313 2685.762439 2702.765780 2724.957844 2743.669796 2767.005091 2786.056290 2804.833501 2784.995038 2800.968546 2816.696157 2829.939578 2856.510311 2890.051030 2923.468374 2947.565676 2971.297628 2998.066814 2998.685745 3000.491426 3002.601483 3024.281906 3056.117280 3084.762059 3115.867160 3145.697756 3172.469271 3182.363252 3190.910744 3200.396371 3212.358410
-9999.0 -9999.0 -9999.0 -9999.0 2402.042152 2422.971829 2442.154438 2472.561089 2494.956149 2490.328428 2495.748038 2494.826951 2491.667356 2497.012435 2505.541800 2523.662992 2543.262649 2563.116096 2578.729353 2609.305165 2656.217123 2669.294266 2689.149709 2719.876483 2732.401733 2747.551623 2764.033223 2785.736082 2805.879364 2788.839660 2823.638199 2853.228337 2873.810736 2892.301161 2910.303631 2927.038845 2959.994490 2992.282886 3026.477206 3057.142472 3083.439958 3107.975440 3115.255496 3120.017617 3129.548841 3145.365588 3166.596647 3192.881198 3224.707127 3255.794485 3278.727858 3288.416028 3293.748500 3302.920664 3310.670244
-9999.0 -9999.0 -9999.0 2349.001275 2388.053838 2427.306573 2453.466642 2484.085403 2516.671540 2518.327280 2527.622242 2529.515495 2530.828744 2537.945871 2543.546157 2561.057746 2579.441840 2598.910270 2622.241267 2657.854829 2689.588936 2711.771110 2741.507207 2760.720371 2776.919283 2791.732387 2811.172799 2833.091611 2818.049752 2847.625545 2892.793322 2942.148387 2973.850933 2990.038522 3010.626385 3036.342434 3059.804119 3096.089890 3128.852764 3159.839886 3189.082124 3210.842635 3225.431149 3230.083885 3238.807855 3244.674940 3257.592984 3277.889161 3299.251172 3328.519696 3356.702949 3383.514081 3397.766567 3407.959909 3424.177940
-9999.0 -9999.0 2300.810865 2339.906164 2372.044204 2419.853248 2473.058222 2508.247795 2548.436872 2569.277258 2574.197525 2587.414565 2601.135459 2605.322737 2617.463109 2632.864468 2655.089389 2664.889950 2685.730416 2706.855033 2747.944971 2786.202675 2790.456312 2785.736340 2814.680478 2844.054405 2862.593594 2887.603179 2922.599632 2956.990872 2997.490123 3045.330375 3079.082882 3106.289663 3120.890313 3139.402631 3159.017173 3183.079866 3217.541073 3243.025469 3274.778268 3299.358018 3318.698414 3320.627182 3323.382143 3338.697524 3365.020995 3393.551403 3420.383734 3447.053980 3437.200739 3456.550415 3465.174220 3469.985650 3477.550926
-9999.0 -9999.0 2271.445629 2317.582344 2353.736076 2414.208481 2499.067679 2534.457180 2575.722644 2622.460574 2638.817670 2662.458519 2663.242486 2659.982457 2681.250209 2699.920380 2720.071891 2729.449749 2727.015666 2780.397811 2789.134248 2818.912218 2835.313810 2906.693337 2955.031198 2975.476688 2986.413548 3005.201630 3024.829446 3062.836933 3102.648174 3154.628190 3194.761986 3223.420012 3237.144159 3255.329729 3273.819936 3288.554911 3306.877134 3350.192459 3382.213310 3410.601945 3440.154145 3460.497637 3468.201547 3472.346398 3451.155874 3467.286150 3478.225057 3482.942939 3484.758536 3481.068595 3480.447413 3481.210113 3482.140866
-9999.0 2179.104025 2231.558754 2282.805935 2348.437415 2411.537947 2488.923378 2565.599820 2630.245054 2682.237959 2710.145434 2710.617822 2723.122541 2755.124708 2778.770137 2800.748489 2808.187188 2819.430618 2805.273143 2807.548407 2845.455214 2899.720764 2996.604526 3052.122482 3107.818617 3104.358142 3093.598503 3099.577201 3116.524219 3160.418333 3233.767403 3285.601657 3345.893748 3390.739019 3406.151446 3412.523474 3429.945127 3449.552780 3409.118480 3445.401565 3461.971904 3475.798584 3482.814506 3484.720265 3485.784638 3485.586437 3482.001599 3475.159765 3467.111367 3461.362924 3457.195957 3452.693448 3455.121772 3458.433347 3458.807579
-9999.0 2141.432210 2199.382246 2268.618457 2337.047080 2389.825797 2478.304100 2638.772584 2699.866061 2739.063892 2751.270611 2742.299855 2807.350501 2840.513046 2865.623340 2908.674009 2894.692386 2879.676913 2848.178410 2873.536069 2913.266663 2979.579410 3139.072504 3224.027269 3267.409744 3275.264471 3277.009628 3303.699031 3344.432900 3387.276607 3428.080205 3405.154906 3446.875509 3467.264405 3471.525029 3472.121426 3476.696109 3475.466806 3473.712229 3469.406798 3464.351165 3464.494067 3468.901053 3468.721718 3465.823274 3462.552450 3456.921616 3449.495464 3444.228605 3439.612402 3436.936476 3434.063915 3432.222145 3431.726370 3427.090366
-9999.0 2103.733149 2177.620145 2237.265130 2288.330663 2385.634820 2514.804738 2657.330414 2753.861436 2790.421509 2782.174417 2805.072378 2904.526976 3003.740256 3053.460200 3073.792949 3058.869027 3016.934145 3001.986176 3043.839826 3110.469890 3219.576824 3342.543591 3433.461901 3447.187459 3450.028906 3409.734612 3431.415632 3451.511188 3453.895839 3454.839412 3461.275289 3466.233600 3469.032448 3467.509760 3464.628490 3459.863056 3451.765716 3446.932904 3443.351185 3439.649721 3438.647870 3440.769886 3442.398469 3439.657533 3435.798262 3431.334422 3425.751743 3419.516700 3412.829339 3408.643744 3404.498297 3402.415046 3397.141284 3393.516242
-9999.0 1986.227223 2080.603450 2124.761818 2209.301481 2394.179478 2522.891277 2666.062783 2814.498153 2837.914543 2889.058730 3019.160747 3131.569666 3207.404707 3237.305805 3270.975976 3294.984019 3311.443610 3345.982962 3247.279525 3319.099781 3403.432011 3441.236758 3457.630262 3464.728322 3465.041744 3455.569714 3435.162039 3424.508092 3417.761100 3419.364877 3426.589954 3431.416966 3436.326205 3434.062434 3434.964344 3435.758198 3432.460635 3428.521837 3419.961510 3412.195306 3405.750985 3402.863824 3407.682230 3402.997904 3400.469690 3394.399594 3386.156491 3377.388908 3370.046795 3362.262761 3355.774068 3353.513537 3348.498367 3347.355694
-9999.0 1905.279519 1978.839186 2045.781849 2163.177308 2326.999813 2431.341395 2591.512312 2812.091125 2940.363558 3089.946851 3173.100373 3241.704384 3286.595710 3337.997012 3386.343027 3410.989409 3420.883675 3394.666104 3412.520664 3371.903552 3361.205714 3377.883913 3405.567023 3421.194415 3425.004607 3416.919380 3407.360120 3400.125570 3399.000836 3397.033488 3393.595607 3390.057793 3386.810458 3383.668903 3386.351385 3391.435322 3384.599834 3374.820911 3365.746472 3357.554339 3348.607715 3342.807430 3338.508967 3338.542723 3338.744414 3331.261630 3320.937889 3310.303025 3302.186784 3295.022535 3290.397586 3287.909409 3283.119302 3274.132200
-9999.0 1790.397743 1920.258484 2000.770754 2101.657594 2232.264176 2341.758753 2496.476220 2631.766158 2854.922598 2997.146312 3163.714441 3209.009603 3273.598965 3322.241364 3391.686837 3388.212043 3356.537117 3315.492013 3298.914571 3307.656016 3315.978160 3324.746781 3339.880551 3356.959327 3366.606007 3370.644095 3364.141014 3350.055809 3338.364798 3328.356474 3315.668995 3306.863664 3304.701979 3307.873689 3317.104035 3318.052153 3308.846682 3295.110607 3277.542457 3262.435793 3251.023152 3248.845525 3251.302387 3252.192074 3248.363188 3242.450888 3231.945951 3219.583336 3207.564348 3201.655518 3197.256543 3190.218023 3179.598296 3168.376619
-9999.0 -9999.0 1836.865940 1945.732911 2042.335272 2155.720703 2250.983808 2375.020184 2517.963767 2692.740003 2792.068268 2956.495006 3042.487799 3084.982076 3121.364262 3175.035814 3197.227557 3224.096011 3214.645833 3223.508099 3231.600939 3236.234696 3241.861625 3248.449287 3259.120346 3268.587923 3277.889995 3275.131520 3266.188834 3246.568066 3222.338767 3203.568540 3193.541941 3184.923630 3196.270876 3208.468336 3203.653618 3196.874755 3184.525052 3168.715051 3156.163861 3142.188011 3138.742406 3138.841300 3139.402225 3137.079690 3134.235851 3121.979148 3109.823608 3099.705125 3095.562733 3090.088348 3086.332332 3076.618621 3066.179536
-9999.0 -9999.0 1749.312888 1854.223996 1958.941225 2077.183297 2164.692303 2193.689638 2333.864785 2441.223360 2548.971387 2659.263667 2754.027099 2793.667144 2827.709488 2888.097949 2938.988715 2955.701989 2987.297730 3033.431705 3064.370994 3099.646284 3120.537920 3130.107137 3142.416910 3156.127038 3163.618688 3149.224357 3138.038801 3121.179919 3098.519224 3072.960670 3059.966049 3058.758747 3058.669672 3061.163988 3054.137674 3045.175228 3030.938624 3016.774912 3004.556103 2995.183807 2991.597142 2986.713573 2984.791777 2982.185115 2980.340362 2977.915732 2969.174685 2964.066038 2956.119324 2952.087965 2950.987086 2947.332793 2941.132133
