tests/Borden05m/sims/sim_1/output-maps/psiliqL0001N0012.asc
ncols         160
nrows         34
xllcorner     620200.000000
yllcorner     5168000.000000
cellsize      0.500000
NODATA_value  -9999.0
[rows 0 to 24 of 34, columns 0 to 55 of 160]
-9999.0 -9999.0 -9999.0 -9999.0 -9999.0 -9999.0 -9999.0 -9999.0 -9999.0 -9999.0 -9999.0 -9999.0 -9999.0 -9999.0 -9999.0 -9999.0 -9999.0 -9999.0 -9999.0 -9999.0 -9999.0 -9999.0 -9999.0 -9999.0 -9999.0 -9999.0 -9999.0 -9999.0 -9999.0 -9999.0 -9999.0 -9999.0 -9999.0 -9999.0 -9999.0 -9999.0 -9999.0 -9999.0 -9999.0 -9999.0 -9999.0 -9999.0 -9999.0 -9999.0 -9999.0 -9999.0 -9999.0 -9999.0 -9999.0 -9999.0 -9999.0 -9999.0 -9999.0 -9999.0 -9999.0 -9999.0
-9999.0 -9999.0 -9999.0 -9999.0 -9999.0 -9999.0 -9999.0 -9999.0 -9999.0 -9999.0 -9999.0 -9999.0 -9999.0 -9999.0 -9999.0 -9999.0 -9999.0 -9999.0 -9999.0 -9999.0 -9999.0 -9999.0 -9999.0 -9999.0 -9999.0 -9999.0 -9999.0 -9999.0 -9999.0 -9999.0 -9999.0 -9999.0 -9999.0 -9999.0 -9999.0 -9999.0 -9999.0 -9999.0 -9999.0 -9999.0 -9999.0 -9999.0 -9999.0 -9999.0 -9999.0 -9999.0 -9999.0 -9999.0 -9999.0 -9999.0 -9999.0 -9999.0 -9999.0 -9999.0 -9999.0 -9999.0
-9999.0 -9999.0 -9999.0 -9999.0 -9999.0 -9999.0 -9999.0 -9999.0 -9999.0 -9999.0 -9999.0 -9999.0 -9999.0 -9999.0 -9999.0 -9999.0 -9999.0 -9999.0 -9999.0 -9999.0 -9999.0 -9999.0 -9999.0 -9999.0 -9999.0 -9999.0 -9999.0 -9999.0 -9999.0 -9999.0 -9999.0 -9999.0 -9999.0 -9999.0 -9999.0 -9999.0 -9999.0 -9999.0 -9999.0 -9999.0 -9999.0 -9999.0 -9999.0 -9999.0 -9999.0 -9999.0 -9999.0 -571.021310 -574.177265 -578.011201 -579.083680 -574.849524 -573.068837 -571.453987 -570.444124 -569.520379
-9999.0 -9999.0 -9999.0 -9999.0 -9999.0 -9999.0 -9999.0 -9999.0 -9999.0 -9999.0 -9999.0 -9999.0 -9999.0 -9999.0 -9999.0 -9999.0 -9999.0 -9999.0 -9999.0 -9999.0 -9999.0 -9999.0 -9999.0 -9999.0 -9999.0 -9999.0 -9999.0 -9999.0 -9999.0 -9999.0 -9999.0 -9999.0 -9999.0 -9999.0 -9999.0 -9999.0 -9999.0 -9999.0 -9999.0 -9999.0 -571.843845 -570.372589 -569.122995 -571.212603 -572.023297 -571.732427 -573.871261 -576.398855 -579.029935 -578.180537 -578.151773 -580.128432 -577.292843 -575.072231 -574.422440 -573.906855
-9999.0 -9999.0 -9999.0 -9999.0 -9999.0 -9999.0 -9999.0 -9999.0 -9999.0 -9999.0 -9999.0 -9999.0 -9999.0 -9999.0 -9999.0 -9999.0 -9999.0 -9999.0 -9999.0 -9999.0 -9999.0 -9999.0 -9999.0 -9999.0 -9999.0 -9999.0 -9999.0 -9999.0 -9999.0 -9999.0 -9999.0 -9999.0 -9999.0 -9999.0 -577.949804 -575.252118 -574.144481 -573.114354 -571.471105 -572.170448 -572.774559 -571.498492 -572.653020 -572.659060 -574.033701 -576.638118 -579.250829 -580.687485 -578.991674 -579.513680 -579.545301 -578.225034 -577.483740 -577.313122 -575.523784 -572.551611
-9999.0 -9999.0 -9999.0 -9999.0 -9999.0 -9999.0 -9999.0 -9999.0 -9999.0 -9999.0 -9999.0 -9999.0 -9999.0 -9999.0 -9999.0 -9999.0 -9999.0 -9999.0 -9999.0 -9999.0 -9999.0 -9999.0 -9999.0 -9999.0 -9999.0 -9999.0 -9999.0 -9999.0 -573.689228 -574.764121 -575.580255 -575.510460 -575.899177 -577.436608 -577.903246 -577.726120 -576.365925 -574.112252 -573.841394 -574.237165 -574.127666 -574.729999 -576.343336 -576.478546 -574.626212 -576.204502 -576.897240 -577.910604 -580.633161 -581.310942 -579.778065 -578.361173 -577.192484 -577.041358 -577.046392 -577.235217
-9999.0 -9999.0 -9999.0 -9999.0 -9999.0 -9999.0 -9999.0 -9999.0 -9999.0 -9999.0 -9999.0 -9999.0 -9999.0 -9999.0 -9999.0 -9999.0 -9999.0 -9999.0 -9999.0 -9999.0 -9999.0 -9999.0 -9999.0 -575.402970 -574.409587 -574.069421 -573.217127 -573.695446 -575.857188 -577.211856 -577.790724 -578.275317 -579.430631 -579.605555 -579.703609 -579.078329 -578.673787 -576.303090 -577.696212 -578.608829 -576.515468 -577.083590 -575.668659 -574.024199 -574.386788 -573.995511 -576.971016 -579.191895 -576.808143 -575.888317 -576.085460 -576.737751 -576.122805 -575.275590 -574.211497 -572.248180
-9999.0 -9999.0 -9999.0 -9999.0 -9999.0 -9999.0 -9999.0 -9999.0 -9999.0 -9999.0 -9999.0 -9999.0 -9999.0 -9999.0 -9999.0 -9999.0 -9999.0 -9999.0 -9999.0 -575.146473 -575.476423 -576.122536 -575.907853 -577.999001 -578.897605 -578.354333 -577.294443 -577.975424 -579.167085 -580.191675 -580.077530 -579.958200 -580.250364 -578.765798 -577.609303 -577.323109 -577.815251 -576.004728 -575.580709 -574.596058 -571.739972 -573.746681 -575.664881 -576.667028 -576.751505 -577.334054 -575.563949 -575.053732 -574.971418 -575.256070 -575.335278 -575.040114 -574.976135 -572.828489 -570.931459 -569.460796
-9999.0 -9999.0 -9999.0 -9999.0 -9999.0 -9999.0 -9999.0 -9999.0 -9999.0 -9999.0 -9999.0 -9999.0 -9999.0 -9999.0 -9999.0 -9999.0 -575.232950 -575.423332 -576.225943 -577.534349 -578.660100 -578.711544 -577.902675 -579.464158 -580.005719 -579.709133 -580.427097 -579.720411 -578.951536 -578.013840 -577.616617 -578.755555 -578.623008 -578.874585 -579.125909 -578.777600 -576.721810 -574.878533 -574.659552 -573.369111 -570.840646 -572.475539 -573.142022 -573.069480 -574.101214 -573.377481 -569.497107 -570.321512 -572.264556 -568.237756 -566.225766 -567.253083 -567.907473 -565.537468 -561.889096 -557.145058
-9999.0 -9999.0 -9999.0 -9999.0 -9999.0 -9999.0 -9999.0 -9999.0 -9999.0 -9999.0 -9999.0 -9999.0 -9999.0 -575.357628 -575.538888 -575.367653 -577.409558 -578.977483 -579.945091 -581.289910 -579.689435 -580.916239 -581.336186 -581.100434 -579.686614 -579.717879 -579.619272 -578.769297 -579.162467 -579.687902 -580.202442 -581.196540 -580.078326 -578.990144 -578.311584 -576.744131 -575.645112 -574.875799 -573.175216 -573.095964 -571.976740 -572.611814 -574.268828 -574.663332 -573.505253 -569.989210 -567.452250 -566.778261 -561.901498 -556.809305 -554.563412 -551.492621 -550.233162 -548.509566 -543.664347 -527.718562
-9999.0 -9999.0 -9999.0 -9999.0 -9999.0 -9999.0 -9999.0 -9999.0 -9999.0 -9999.0 -578.359940 -577.335175 -578.847528 -581.661206 -582.914673 -582.325636 -581.715725 -582.811052 -582.839509 -579.993383 -578.473351 -581.284044 -579.467268 -579.511874 -580.752756 -580.536688 -579.867298 -579.857768 -578.187063 -578.257678 -578.384510 -575.613354 -575.050454 -574.448267 -573.563191 -572.641878 -571.944757 -567.904766 -564.513699 -565.049269 -560.024106 -556.829837 -559.753901 -560.798423 -560.147597 -556.533263 -550.596781 -541.797020 -532.312309 -517.783709 -503.525681 -492.394636 -482.434105 -467.711633 -444.265641 -413.281788
-9999.0 -9999.0 -9999.0 -9999.0 -9999.0 -9999.0 -9999.0 -9999.0 -582.397709 -580.804176 -579.797953 -581.071353 -582.779777 -585.879800 -584.751336 -583.658532 -582.948613 -581.865954 -581.397708 -581.045796 -581.863266 -580.973650 -579.243303 -579.856036 -579.758167 -578.665291 -578.773661 -577.852282 -576.387639 -577.401320 -576.736157 -575.481519 -574.408092 -573.485733 -572.334641 -571.835515 -567.738723 -562.200094 -556.104709 -550.879823 -543.253638 -533.071124 -533.296383 -531.133379 -528.771762 -513.994837 -490.309600 -449.109568 -414.184013 -397.673504 -381.626873 -372.031818 -364.514133 -353.795108 -339.277545 -326.121490
-9999.0 -9999.0 -9999.0 -9999.0 -9999.0 -9999.0 -584.737749 -581.220106 -579.529426 -583.561930 -586.622005 -587.639697 -589.468301 -585.543059 -582.067629 -581.474131 -581.038134 -580.511288 -580.975906 -583.413596 -578.201331 -579.850421 -581.078814 -579.592672 -579.883172 -579.907127 -579.066205 -576.973043 -576.256656 -571.976801 -569.013754 -566.530508 -563.000703 -560.920551 -558.653492 -556.011393 -548.371773 -536.141874 -518.282634 -497.667102 -467.776502 -429.586154 -414.820489 -408.461329 -403.773280 -395.717351 -378.458754 -355.907495 -328.510724 -303.053983 -284.093228 -275.139816 -265.961188 -254.574690 -239.624770 -222.202624
-9999.0 -9999.0 -9999.0 -9999.0 -582.664401 -581.934211 -582.665998 -579.634053 -577.535726 -582.455810 -580.712993 -581.574580 -583.176899 -585.167280 -587.550408 -585.939390 -585.058659 -584.511023 -584.935978 -579.871769 -575.694595 -578.847246 -576.858275 -572.793928 -574.012175 -573.759109 -573.788544 -572.148964 -568.978303 -564.964370 -554.999448 -545.758037 -539.381635 -530.666604 -521.146212 -507.623750 -480.286906 -430.174856 -403.159330 -382.911348 -361.173617 -340.797969 -326.559676 -319.749791 -311.489449 -301.320849 -286.466956 -263.467015 -236.200841 -203.046459 -179.550557 -167.371034 -159.117684 -145.150152 -127.991108 -80.972493
-9999.0 -9999.0 -9999.0 -584.690410 -581.265694 -580.093722 -581.897424 -581.391129 -578.835042 -581.509130 -582.054526 -582.521204 -582.802105 -582.797992 -583.049043 -582.164678 -582.095001 -582.973725 -582.426528 -579.579827 -578.525743 -576.338713 -574.810915 -572.206458 -569.933564 -569.231749 -568.101116 -564.786297 -555.998283 -545.720021 -524.267384 -489.442718 -443.410414 -414.015938 -402.300876 -388.854448 -373.284913 -347.546742 -322.474134 -297.932076 -271.080389 -246.204691 -221.688950 -213.604600 -208.682565 -200.686072 -185.172138 -163.050480 -137.936567 -76.848341 -52.511306 -65.016045 -53.901531 -17.730665 -6.085464 7.793698
-9999.0 -9999.0 -583.951906 -582.037281 -583.502268 -581.121423 -578.514989 -580.688463 -577.533444 -576.579877 -580.048297 -578.216545 -577.332745 -579.511148 -578.286168 -576.912770 -576.316041 -578.966075 -581.001050 -577.664854 -570.291148 -564.444234 -561.633314 -546.078929 -536.450023 -530.003970 -526.999741 -516.317814 -496.469219 -441.726744 -402.546827 -372.242219 -341.479314 -315.213270 -303.934867 -290.183396 -268.833013 -248.212994 -223.297437 -196.254056 -168.315325 -138.931720 -82.122668 -72.943560 -96.743452 -57.502417 -65.859655 -21.461768 -3.329044 13.721106 29.999879 29.838783 29.990023 30.474584 30.229792 30.322502
-9999.0 -9999.0 -586.191237 -582.969253 -585.359498 -580.305593 -575.778441 -580.749772 -579.576184 -574.881378 -576.437590 -576.095772 -576.920501 -576.801832 -574.897892 -570.728072 -573.185448 -574.116261 -579.169004 -568.141056 -558.431977 -540.702437 -501.452759 -446.639858 -409.999198 -404.290130 -402.023086 -393.598424 -378.350457 -343.353577 -299.932893 -253.899390 -214.559438 -188.101593 -175.054467 -161.443153 -139.531760 -86.493651 -101.751218 -45.021832 -28.305897 -11.757264 8.742534 24.589902 29.840174 30.478030 29.725848 30.043571 30.101108 30.174502 29.645967 26.710407 25.459572 25.916508 26.726101 22.503644
-9999.0 -586.804451 -585.223976 -585.201835 -581.964735 -583.249273 -579.552917 -574.190493 -574.979459 -573.358454 -573.677840 -577.303740 -566.310834 -556.715471 -553.875226 -545.290380 -549.429071 -552.255402 -558.357487 -546.523669 -522.321891 -437.766535 -359.926047 -308.838468 -282.384848 -278.200880 -281.254524 -268.597392 -245.045604 -209.704999 -153.685648 -78.953807 -44.003930 -17.958167 -10.430642 -8.962690 2.501490 17.342737 32.380103 34.774033 35.123877 34.462550 30.568273 29.932077 30.658642 29.895092 27.238261 21.445462 13.956226 9.170168 5.663807 0.247770 2.283802 6.324428 7.790105 0.584328
-9999.0 -591.793408 -585.346117 -581.605594 -583.247996 -586.112550 -577.297961 -564.239806 -570.050807 -572.171290 -573.201565 -564.845583 -537.560191 -508.187779 -483.033746 -443.829222 -447.107088 -464.156568 -462.211154 -419.696479 -382.083297 -323.014512 -216.928257 -102.030800 -94.311620 -86.444619 -79.385948 -60.173785 -36.108699 -15.759613 0.932385 22.018046 24.031371 24.262329 24.055313 24.257556 24.089492 23.988607 20.916138 17.167904 12.846327 12.965826 16.061313 15.741397 13.298318 10.954441 5.758697 -2.695740 -8.885539 -13.761356 -20.894260 -50.341190 -51.745277 -22.872586 -24.531726 -62.610793
-9999.0 -586.465899 -579.154477 -581.133791 -587.325073 -578.738419 -575.815711 -567.266118 -560.898357 -564.049043 -552.786019 -509.132186 -426.411331 -384.090268 -353.148311 -327.915886 -308.347879 -307.364376 -288.725457 -240.845060 -139.737513 -81.552128 -42.044185 5.515350 11.129499 11.154368 11.107011 11.112027 11.139817 11.151880 11.180000 9.361682 13.635755 15.588219 14.329951 11.532792 7.118783 -2.628254 -5.900870 -9.218882 -12.600369 -12.522584 -9.620361 -9.184915 -11.530358 -15.212921 -24.485327 -60.621823 -72.394175 -81.356836 -87.796461 -96.223832 -98.788322 -99.365255 -104.434165 -115.514716
-9999.0 -594.891625 -584.468966 -593.327365 -580.967598 -571.012776 -573.470286 -558.575275 -539.961954 -533.510650 -460.251043 -394.700071 -334.767617 -288.900744 -251.384652 -213.741983 -187.293227 -158.818473 -116.766127 -23.276698 7.160852 19.316519 19.467896 19.517541 11.172230 11.173433 4.465478 -15.302909 -25.521726 -32.213224 -30.618203 -24.098881 -17.717190 -11.938284 -14.056329 -14.408785 -17.589612 -57.178931 -66.468049 -75.606301 -83.211269 -88.096324 -88.674843 -83.209696 -88.513954 -93.156493 -101.462614 -114.791729 -126.031464 -135.446699 -144.147788 -152.177634 -155.507946 -160.557526 -162.213518 -170.072025
-9999.0 -601.166090 -593.741429 -588.106740 -577.387419 -570.201633 -562.951309 -546.140075 -502.201315 -433.346134 -378.981100 -348.895951 -298.876025 -240.437552 -183.521839 -152.745097 -135.199068 -126.378961 -111.534319 -90.344643 -56.592106 -61.868323 -49.715564 -30.225643 -23.824351 -21.773837 -65.879066 -90.870214 -100.501317 -102.116644 -102.762818 -102.231206 -102.006836 -103.190265 -106.747614 -106.838580 -105.739818 -117.445975 -127.250551 -135.034342 -141.333049 -148.383066 -153.116277 -155.364160 -157.766733 -158.806252 -166.911944 -178.451199 -189.538001 -198.006068 -206.185626 -212.625565 -214.698120 -218.699732 -223.986342 -233.289361
-9999.0 -615.268433 -591.039668 -588.128469 -581.727524 -580.134269 -578.838334 -566.814637 -546.238649 -442.679649 -327.080844 -314.265106 -296.456216 -261.732122 -207.235448 -158.437020 -151.004503 -176.192397 -193.269357 -199.106712 -189.950454 -179.137472 -164.273214 -143.914127 -129.980326 -124.629257 -132.213206 -145.251716 -159.918297 -167.284211 -170.668997 -177.365328 -182.617279 -183.050042 -185.572451 -181.949845 -179.970455 -190.476167 -202.755838 -216.111224 -227.338739 -235.387602 -238.035450 -237.436915 -238.014979 -240.797472 -247.755248 -257.172794 -268.466468 -278.374245 -285.994961 -291.156672 -296.041894 -302.507258 -309.532168 -316.730032
-9999.0 -9999.0 -601.969336 -588.004940 -586.321166 -584.420202 -582.795955 -573.213813 -563.165255 -520.345157 -440.984943 -396.695587 -371.473089 -339.683765 -290.663442 -250.995463 -243.721910 -237.836872 -258.981561 -262.941913 -262.084853 -258.547899 -248.889833 -236.693896 -225.327218 -218.939184 -216.738571 -220.148561 -229.614790 -243.127657 -257.928467 -269.069473 -276.174845 -281.157817 -275.511536 -266.908016 -268.394727 -274.317638 -283.688523 -295.435981 -304.791359 -313.999896 -316.020050 -314.833547 -314.706760 -316.982244 -321.294094 -331.468057 -342.235889 -352.987939 -358.314110 -363.268050 -367.786761 -375.248456 -382.322435 -389.429745
-9999.0 -9999.0 -617.675124 -595.164194 -585.710015 -579.234696 -580.423753 -579.314600 -565.166753 -558.625857 -546.995754 -524.987829 -498.550126 -451.957860 -414.280192 -388.248077 -376.789183 -371.778559 -373.437940 -369.868782 -358.107833 -344.043199 -333.179783 -323.299029 -314.341443 -307.238184 -300.854109 -308.849586 -316.909959 -328.972063 -344.700177 -361.874232 -370.795577 -375.315437 -372.548621 -367.393188 -370.617865 -376.815594 -384.814439 -393.361138 -399.135866 -404.647319 -405.932172 -406.304875 -406.324281 -407.734024 -410.394666 -419.426793 -435.339854 -449.722683 -461.080762 -470.377488 -475.669237 -485.238519 -495.495726 -502.280618
