tests/Borden05m/sims/sim_1/output-maps/psiliqL0014N0017.asc
ncols         160
nrows         34
xllcorner     620200.000000
yllcorner     5168000.000000
cellsize      0.500000
NODATA_value  -9999.0
[rows 0 to 24 of 34, columns 0 to 55 of 160]
-9999.0 -9999.0 -9999.0 -9999.0 -9999.0 -9999.0 -9999.0 -9999.0 -9999.0 -9999.0 -9999.0 -9999.0 -9999.0 -9999.0 -9999.0 -9999.0 -9999.0 -9999.0 -9999.0 -9999.0 -9999.0 -9999.0 -9999.0 -9999.0 -9999.0 -9999.0 -9999.0 -9999.0 -9999.0 -9999.0 -9999.0 -9999.0 -9999.0 -9999.0 -9999.0 -9999.0 -9999.0 -9999.0 -9999.0 -9999.0 -9999.0 -9999.0 -9999.0 -9999.0 -9999.0 -9999.0 -9999.0 -9999.0 -9999.0 -9999.0 -9999.0 -9999.0 -9999.0 -9999.0 -9999.0 -9999.0
-9999.0 -9999.0 -9999.0 -9999.0 -9999.0 -9999.0 -9999.0 -9999.0 -9999.0 -9999.0 -9999.0 -9999.0 -9999.0 -9999.0 -9999.0 -9999.0 -9999.0 -9999.0 -9999.0 -9999.0 -9999.0 -9999.0 -9999.0 -9999.0 -9999.0 -9999.0 -9999.0 -9999.0 -9999.0 -9999.0 -9999.0 -9999.0 -9999.0 -9999.0 -9999.0 -9999.0 -9999.0 -9999.0 -9999.0 -9999.0 -9999.0 -9999.0 -9999.0 -9999.0 -9999.0 -9999.0 -9999.0 -9999.0 -9999.0 -9999.0 -9999.0 -9999.0 -9999.0 -9999.0 -9999.0 -9999.0
-9999.0 -9999.0 -9999.0 -9999.0 -9999.0 -9999.0 -9999.0 -9999.0 -9999.0 -9999.0 -9999.0 -9999.0 -9999.0 -9999.0 -9999.0 -9999.0 -9999.0 -9999.0 -9999.0 -9999.0 -9999.0 -9999.0 -9999.0 -9999.0 -9999.0 -9999.0 -9999.0 -9999.0 -9999.0 -9999.0 -9999.0 -9999.0 -9999.0 -9999.0 -9999.0 -9999.0 -9999.0 -9999.0 -9999.0 -9999.0 -9999.0 -9999.0 -9999.0 -9999.0 -9999.0 -9999.0 -9999.0 896.814095 879.617810 864.255921 861.939996 884.509590 908.056654 932.049014 952.834329 971.630903
-9999.0 -9999.0 -9999.0 -9999.0 -9999.0 -9999.0 -9999.0 -9999.0 -9999.0 -9999.0 -9999.0 -9999.0 -9999.0 -9999.0 -9999.0 -9999.0 -9999.0 -9999.0 -9999.0 -9999.0 -9999.0 -9999.0 -9999.0 -9999.0 -9999.0 -9999.0 -9999.0 -9999.0 -9999.0 -9999.0 -9999.0 -9999.0 -9999.0 -9999.0 -9999.0 -9999.0 -9999.0 -9999.0 -9999.0 -9999.0 944.186285 950.175260 951.398168 941.127920 930.090004 917.947069 898.057258 880.440719 865.876742 863.598542 866.466011 871.579501 894.217371 919.160164 939.093354 956.280006
-9999.0 -9999.0 -9999.0 -9999.0 -9999.0 -9999.0 -9999.0 -9999.0 -9999.0 -9999.0 -9999.0 -9999.0 -9999.0 -9999.0 -9999.0 -9999.0 -9999.0 -9999.0 -9999.0 -9999.0 -9999.0 -9999.0 -9999.0 -9999.0 -9999.0 -9999.0 -9999.0 -9999.0 -9999.0 -9999.0 -9999.0 -9999.0 -9999.0 -9999.0 851.350542 868.859878 887.095518 905.689659 922.609303 929.541901 935.446691 941.280355 937.304760 932.878723 921.733605 902.701587 883.428533 869.896995 868.086409 865.883314 870.392484 883.416887 900.457013 916.841359 938.040565 961.944844
-9999.0 -9999.0 -9999.0 -9999.0 -9999.0 -9999.0 -9999.0 -9999.0 -9999.0 -9999.0 -9999.0 -9999.0 -9999.0 -9999.0 -9999.0 -9999.0 -9999.0 -9999.0 -9999.0 -9999.0 -9999.0 -9999.0 -9999.0 -9999.0 -9999.0 -9999.0 -9999.0 -9999.0 854.760901 849.015354 844.224558 843.000119 841.963951 841.114077 848.127835 860.316835 878.492194 900.422243 913.634237 921.077152 927.938565 928.868016 924.020467 922.295608 922.901423 911.293848 899.858111 889.180647 878.893633 877.543519 887.361967 901.793908 918.330588 933.518165 949.302726 960.098455
-9999.0 -9999.0 -9999.0 -9999.0 -9999.0 -9999.0 -9999.0 -9999.0 -9999.0 -9999.0 -9999.0 -9999.0 -9999.0 -9999.0 -9999.0 -9999.0 -9999.0 -9999.0 -9999.0 -9999.0 -9999.0 -9999.0 -9999.0 824.123565 830.006935 836.750591 844.473595 845.654715 841.871561 836.542897 833.823978 832.642273 831.213242 835.992911 844.282588 858.089742 874.154254 896.325405 905.186124 911.458437 923.912191 926.975342 933.076984 937.423617 935.992200 933.353682 921.013319 911.896136 917.079026 923.147322 930.255212 938.580645 952.332434 967.996470 985.640604 1006.145422
-9999.0 -9999.0 -9999.0 -9999.0 -9999.0 -9999.0 -9999.0 -9999.0 -9999.0 -9999.0 -9999.0 -9999.0 -9999.0 -9999.0 -9999.0 -9999.0 -9999.0 -9999.0 -9999.0 798.503690 799.562465 800.960389 805.884135 806.909900 809.270516 816.509038 824.937127 827.617826 826.188412 825.107670 826.978891 830.046238 834.777396 846.399128 860.548772 875.077440 889.270760 910.515233 925.627404 939.528404 955.844901 955.539355 951.858099 950.354587 951.157795 951.655460 955.936144 958.887815 965.473382 970.418551 977.050274 986.757788 998.672656 1017.296129 1037.527124 1057.703601
-9999.0 -9999.0 -9999.0 -9999.0 -9999.0 -9999.0 -9999.0 -9999.0 -9999.0 -9999.0 -9999.0 -9999.0 -9999.0 -9999.0 -9999.0 -9999.0 769.400128 771.376131 773.774007 779.376587 782.486413 786.723217 793.930626 795.455604 799.518620 806.972423 812.191626 821.357026 829.784128 837.493936 843.879724 846.996103 854.875573 864.944529 877.258521 892.939497 914.856110 938.404328 955.118944 972.401028 989.924721 990.959978 990.263659 991.762098 992.589589 999.256293 1017.065284 1023.227425 1024.811192 1041.606748 1055.997319 1061.517420 1069.637473 1089.152494 1113.269203 1136.916143
-9999.0 -9999.0 -9999.0 -9999.0 -9999.0 -9999.0 -9999.0 -9999.0 -9999.0 -9999.0 -9999.0 -9999.0 -9999.0 722.812795 727.067913 736.780136 746.197429 748.917624 753.427922 759.732858 772.206697 776.132242 782.678496 790.586704 802.803835 811.796162 821.365933 833.630772 842.502559 850.223047 857.765897 863.926620 877.703858 893.460464 909.738638 930.491746 953.034613 974.146121 995.201155 1011.586207 1025.857739 1028.351708 1027.798615 1030.555189 1038.628771 1056.211951 1075.519944 1085.172963 1103.974509 1127.550041 1141.545393 1153.726575 1162.856066 1176.662026 1198.216051 1232.771630
-9999.0 -9999.0 -9999.0 -9999.0 -9999.0 -9999.0 -9999.0 -9999.0 -9999.0 -9999.0 689.466458 691.891841 688.616590 688.575235 693.812927 706.090681 719.981100 726.804021 738.628327 759.815157 777.877723 781.748553 796.669187 807.263290 814.447666 825.445522 839.094617 852.464499 869.902734 883.067600 895.416514 915.709146 932.927530 950.221161 968.749051 989.750500 1010.368986 1039.650289 1067.440712 1081.124350 1104.157625 1115.887298 1113.634925 1114.272806 1123.687067 1140.341308 1162.331867 1186.557482 1209.017327 1235.034908 1253.128975 1268.012302 1279.208428 1291.973074 1308.060852 1343.318124
-9999.0 -9999.0 -9999.0 -9999.0 -9999.0 -9999.0 -9999.0 -9999.0 664.822980 672.203573 678.461246 675.616373 671.276013 667.579928 681.436247 697.474608 713.758521 731.599950 747.916847 766.441874 782.159110 798.869252 819.128070 831.355524 843.583376 859.489872 873.823265 891.732582 913.832232 927.602783 945.449853 967.846420 987.497863 1006.511230 1026.219564 1045.397333 1072.900111 1107.358643 1140.175787 1163.799997 1192.380083 1216.061826 1216.004426 1219.056550 1223.976293 1250.098281 1279.924502 1310.965489 1336.808452 1364.559846 1394.276402 1412.486545 1423.400545 1436.182979 1451.530775 1470.277211
-9999.0 -9999.0 -9999.0 -9999.0 -9999.0 -9999.0 637.744066 662.051447 677.157640 669.399642 659.778470 656.311201 652.478325 675.725050 697.826009 715.290751 732.488881 750.459999 767.417534 781.036336 815.385012 833.651074 848.691708 867.528995 882.763136 898.057558 916.297119 940.553980 963.461171 994.442095 1021.754563 1047.139801 1074.576805 1095.449566 1115.351489 1134.712921 1166.892274 1204.935335 1242.183618 1271.632900 1299.289893 1330.167743 1337.782050 1343.811148 1351.229498 1372.188444 1403.754482 1434.159589 1467.999954 1500.152256 1526.858498 1538.866485 1549.343542 1560.713294 1574.176193 1586.520478
-9999.0 -9999.0 -9999.0 -9999.0 604.248044 625.236962 645.421873 676.236717 698.941987 694.088340 701.000764 701.374312 699.802353 703.748889 710.917408 729.291589 748.174370 767.388165 785.797941 821.510632 866.028891 882.401353 907.693644 940.452594 955.001766 971.112836 988.218606 1012.251767 1040.265883 1075.000575 1120.082254 1158.608088 1185.551526 1209.471447 1231.510451 1254.244380 1288.597506 1326.485544 1363.518118 1397.849040 1427.815073 1453.554615 1466.360854 1474.374273 1486.244417 1502.523839 1523.740912 1550.881845 1581.872272 1613.745679 1638.718128 1652.382987 1660.269616 1670.810843 1681.197869 1693.196129
-9999.0 -9999.0 -9999.0 555.049435 593.778398 631.608791 658.813761 689.894081 722.152316 727.191956 736.335422 741.659650 746.917520 755.770621 764.752400 782.094460 798.453698 814.537920 837.076477 874.461444 910.337972 941.334938 974.231017 1002.098062 1023.784164 1040.491629 1059.751627 1084.683866 1125.358834 1163.971415 1215.109703 1269.009107 1306.494242 1331.457313 1353.950831 1381.319521 1406.328594 1442.337917 1477.085326 1509.991018 1541.440206 1566.015324 1584.757910 1592.478750 1601.966584 1610.602366 1626.844064 1648.184089 1669.882554 1698.445821 1726.511135 1750.775675 1764.541021 1774.357584 1790.104387 1805.907781
-9999.0 -9999.0 507.930975 545.706784 580.018830 630.519711 683.583519 718.078410 759.171432 783.396669 790.505654 808.004096 824.405148 832.019682 847.933460 865.362625 882.922790 889.842180 906.916912 938.618269 989.495827 1036.099042 1059.008963 1110.822698 1144.481309 1172.114412 1190.026938 1217.121258 1252.886488 1295.193561 1344.194263 1394.379217 1433.259877 1464.709268 1481.424359 1500.796016 1523.327862 1547.009120 1580.472346 1609.086063 1640.051527 1665.825311 1687.441369 1694.469506 1699.487946 1715.003467 1738.869564 1764.152883 1788.084742 1811.180906 1815.507853 1826.721053 1832.139039 1835.487828 1840.137538 1843.429265
-9999.0 -9999.0 481.403799 526.281672 566.961483 633.968745 713.453138 750.945692 794.195918 840.220659 859.292708 883.993071 896.978563 907.706186 931.302829 954.015918 965.857893 972.777048 973.232533 1029.340599 1088.402951 1140.661397 1189.816017 1255.780304 1300.345548 1316.449137 1328.736400 1349.457111 1374.543408 1418.113168 1466.180132 1519.029977 1562.893669 1594.027223 1610.400509 1628.520350 1648.516448 1666.035574 1684.778051 1723.247900 1749.953559 1775.251230 1801.643676 1821.626890 1829.818176 1833.150853 1823.322870 1832.522958 1838.917367 1841.993537 1843.308701 1840.363743 1840.040211 1841.006172 1842.176589 1837.277969
-9999.0 392.751242 444.927410 498.336055 567.588223 635.337056 719.147708 799.529553 856.149142 903.333058 932.881285 946.341450 984.805986 1027.790972 1053.700096 1080.571219 1083.483833 1088.589906 1079.911722 1128.453339 1179.289561 1254.735701 1363.285504 1418.539732 1461.126788 1463.040007 1458.385679 1471.233995 1495.607856 1539.383215 1606.303830 1653.969545 1706.910653 1746.876272 1762.247865 1769.307730 1786.738435 1806.333529 1795.594461 1817.143899 1827.410113 1836.069691 1838.782778 1840.889390 1842.274936 1842.752407 1839.832928 1833.693346 1826.054800 1820.510646 1816.426218 1811.839267 1814.156465 1817.300703 1817.919039 1810.866654
-9999.0 357.442394 417.067676 488.820109 560.202532 629.479355 734.328454 876.153447 929.646455 967.347639 991.560325 1016.738051 1094.811978 1160.099443 1193.925290 1237.372698 1232.631682 1223.056582 1211.996137 1245.876901 1296.281170 1369.785157 1508.052587 1589.840399 1615.344158 1625.816091 1632.862755 1659.170096 1695.820574 1732.568519 1766.651933 1770.369831 1797.559459 1812.011364 1817.404767 1820.305056 1824.840387 1826.110775 1825.194312 1822.667719 1819.098749 1820.208573 1824.889069 1825.209508 1822.746712 1819.763647 1814.115983 1806.298267 1800.306573 1795.083509 1791.725156 1788.189830 1786.155945 1785.796408 1781.111314 1775.053348
-9999.0 328.414978 399.474120 463.454375 529.809550 645.938278 771.945967 907.144586 1000.197631 1038.767210 1065.191119 1135.731680 1234.329993 1327.215827 1376.932853 1401.564441 1404.263944 1385.879679 1391.737948 1437.286053 1502.265679 1591.698642 1679.198337 1752.438327 1764.631599 1767.855958 1749.057545 1762.723054 1776.478772 1782.049337 1787.465009 1794.815700 1803.834165 1809.750849 1811.024230 1810.153614 1807.075893 1800.524862 1796.665336 1794.257743 1791.486658 1791.529824 1794.401519 1795.569829 1792.849685 1788.604118 1783.504625 1777.099735 1770.145907 1762.687457 1757.927986 1753.217228 1750.442976 1745.084919 1740.189318 1733.608851
-9999.0 230.428297 318.304949 374.391374 491.919591 665.440265 792.344882 943.448993 1088.750087 1129.668923 1206.245111 1322.853670 1424.271253 1494.591160 1533.399657 1573.721170 1602.195090 1626.394519 1662.044938 1626.818300 1683.177217 1738.813074 1763.254836 1774.992329 1776.385240 1777.659815 1770.555630 1753.171987 1745.529164 1742.405685 1748.136339 1759.416932 1768.452727 1776.690998 1776.651818 1778.506656 1779.415698 1776.648178 1773.523789 1765.893080 1758.717846 1753.236818 1751.493130 1756.471978 1751.205302 1747.454602 1740.847460 1732.169548 1722.807644 1714.427524 1706.063482 1698.727628 1695.335153 1689.222672 1687.049557 1678.166514
-9999.0 149.562040 226.790787 318.273757 458.553259 623.247104 755.827738 924.414491 1130.889999 1246.058475 1366.664319 1435.680535 1506.016278 1564.732824 1624.572048 1668.355517 1692.232121 1703.017510 1695.904738 1708.744788 1681.104264 1677.598803 1696.736367 1723.463378 1736.529409 1740.511253 1732.737732 1723.542420 1718.558993 1720.242984 1722.112232 1723.820241 1724.964663 1725.039509 1723.469424 1726.291355 1731.307517 1725.669501 1717.539782 1709.713603 1702.541476 1694.360982 1688.806668 1685.148287 1683.559602 1682.742535 1674.739638 1663.869908 1652.779435 1644.023393 1635.787558 1629.626740 1626.492479 1620.976575 1612.530730 1599.762168
-9999.0 52.536351 173.118809 268.628401 392.765366 530.810695 659.597811 825.139328 976.086607 1194.075654 1351.434786 1451.444419 1490.318621 1545.566321 1602.692564 1666.675976 1671.321177 1644.234836 1615.099034 1603.658660 1611.933837 1623.997153 1638.607233 1658.511627 1675.686940 1685.045752 1687.319166 1680.726623 1668.682872 1661.282823 1656.767981 1649.276147 1644.280339 1644.688704 1646.479490 1654.132605 1656.636058 1647.855304 1635.235210 1619.486583 1605.656853 1595.128271 1592.086991 1593.107571 1592.707373 1588.712837 1581.530165 1570.719722 1557.925766 1545.891289 1538.124570 1532.293925 1525.020086 1514.725996 1503.319586 1490.466693
-9999.0 -9999.0 98.612469 210.149025 319.910320 444.309602 562.398357 708.541990 860.500652 1042.715817 1159.790291 1285.823471 1355.213819 1399.041082 1447.113732 1499.705610 1517.828272 1537.235053 1522.509219 1528.889738 1537.520161 1545.236203 1555.931972 1567.842132 1580.951558 1590.744582 1598.489690 1596.990869 1589.007594 1573.401839 1554.879412 1541.080654 1533.711259 1527.907675 1537.736907 1549.285169 1546.549814 1540.075237 1528.357693 1512.894756 1500.013881 1486.357283 1482.412027 1482.392659 1482.082640 1478.820900 1474.031784 1461.071700 1448.036183 1436.001076 1430.200997 1423.762580 1418.032286 1406.974107 1395.166752 1382.214540
-9999.0 -9999.0 14.600529 124.026904 239.978683 364.483349 466.758330 546.886932 701.005906 818.444067 922.316569 1018.961580 1099.047834 1160.168609 1202.514418 1261.582074 1301.133641 1317.111719 1337.244607 1367.379404 1394.009181 1422.264640 1441.003579 1453.978763 1467.912932 1481.100366 1489.892378 1478.892945 1468.911595 1453.597881 1433.847545 1412.197894 1401.302901 1398.417062 1401.060014 1406.338992 1400.837764 1391.498050 1377.421349 1361.987034 1349.058745 1337.683427 1333.376983 1329.704178 1328.016011 1324.809713 1321.387394 1312.771283 1301.487934 1293.723645 1285.287532 1279.140936 1275.872452 1269.040780 1259.791528 1253.443177
