tests/Borden05m/sims/sim_1/output-maps/psiliqL0002N0002.asc
ncols         160
nrows         34
xllcorner     620200.000000
yllcorner     5168000.000000
cellsize      0.500000
NODATA_value  -9999.0
[rows 0 to 24 of 34, columns 57 to 113 of 160]
-9999.0 -9999.0 -9999.0 -9999.0 -9999.0 -9999.0 -9999.0 -9999.0 -9999.0 -9999.0 -9999.0 -9999.0 -9999.0 -9999.0 -9999.0 -9999.0 -9999.0 -9999.0 -9999.0 -9999.0 -9999.0 -9999.0 -9999.0 -9999.0 -9999.0 -9999.0 -9999.0 -9999.0 -9999.0 -9999.0 -9999.0 -9999.0 -9999.0 -9999.0 -9999.0 -9999.0 -9999.0 -9999.0 -9999.0 -9999.0 -9999.0 -9999.0 -9999.0 -9999.0 -9999.0 -9999.0 -9999.0 -9999.0 -9999.0 -9999.0 -9999.0 -9999.0 -9999.0 -9999.0 -9999.0 -9999.0 -9999.0
-9999.0 -9999.0 -585.226561 -587.177376 -588.497950 -589.190674 -591.969013 -594.088907 -596.676025 -597.030331 -596.690471 -597.163079 -598.254263 -596.861040 -595.098577 -593.626048 -591.505180 -591.974140 -591.739610 -590.921125 -590.698114 -591.055948 -592.019133 -592.623736 -593.363486 -592.246010 -595.223364 -599.129493 -602.150816 -602.753919 -600.100384 -598.563842 -598.900910 -597.497727 -594.438176 -591.879618 -591.127045 -588.079051 -588.691412 -587.512108 -585.478062 -587.092062 -587.437736 -587.151581 -586.456961 -590.813719 -9999.0 -9999.0 -9999.0 -9999.0 -9999.0 -9999.0 -9999.0 -9999.0 -9999.0 -9999.0 -9999.0
-587.667767 -588.097737 -596.615937 -597.318801 -597.434650 -596.987648 -598.150647 -601.294898 -602.005339 -604.374610 -605.415665 -605.674319 -606.641052 -605.917959 -601.977096 -599.234710 -598.494168 -599.112854 -599.431836 -600.312266 -600.915305 -600.700556 -601.646674 -602.515036 -603.458236 -603.173096 -600.619340 -603.540834 -604.993428 -606.451605 -608.065872 -607.486210 -607.000768 -606.796816 -603.100074 -601.747574 -600.837840 -595.975322 -591.519262 -590.417266 -592.254574 -594.223800 -593.658970 -593.769217 -595.590495 -597.332832 -597.225212 -598.073857 -598.406200 -600.150929 -597.483873 -597.599506 -594.680620 -592.301247 -589.565770 -585.441748 -9999.0
-594.357257 -594.835817 -601.272221 -605.172514 -606.399009 -605.526530 -602.676906 -603.719776 -606.024496 -609.649948 -605.606169 -606.158636 -606.534440 -605.843579 -604.576190 -604.029229 -603.423593 -602.542086 -599.053998 -599.351863 -599.648231 -599.450655 -600.037578 -601.149043 -601.032080 -601.624652 -604.592570 -604.099086 -603.360431 -604.033100 -601.134131 -601.008046 -599.294736 -604.411703 -603.570478 -602.388832 -601.572941 -601.049918 -600.405986 -599.450153 -601.664833 -600.026333 -601.758717 -605.683812 -606.567262 -606.168865 -602.851885 -601.179608 -603.151493 -610.356414 -606.553013 -598.678586 -599.359261 -600.677706 -596.973684 -593.428446 -588.321168
-604.136321 -605.055114 -607.760142 -604.995447 -602.813879 -601.444495 -602.691794 -605.213787 -608.338395 -601.978920 -599.484196 -600.904560 -600.193801 -598.384276 -598.250365 -606.051049 -608.079540 -605.086064 -601.988502 -600.696057 -602.100188 -602.773683 -604.142825 -604.107270 -603.253147 -604.056852 -602.844269 -601.820191 -603.241877 -601.313550 -599.138900 -596.976167 -601.741046 -606.083883 -605.789108 -602.133745 -599.515546 -598.255107 -594.635905 -588.961873 -589.918466 -591.184957 -591.738277 -592.215533 -599.016666 -605.364636 -607.969855 -609.141983 -611.075758 -609.470023 -610.935049 -604.557261 -605.094480 -606.112421 -603.132662 -600.914133 -598.076233
-603.376754 -601.580906 -605.789738 -608.028820 -608.997271 -608.305528 -609.169828 -609.085386 -603.532297 -600.686839 -595.754225 -597.699750 -597.578526 -597.796814 -602.910187 -606.755369 -609.427590 -601.470918 -595.272553 -593.350249 -595.086771 -596.665284 -591.225185 -592.860882 -593.478402 -596.744702 -595.597200 -596.298543 -590.613166 -588.545416 -585.607033 -586.804585 -592.382260 -597.134328 -597.306240 -596.746435 -597.285528 -595.920290 -592.419567 -588.051939 -591.430847 -592.747152 -592.143309 -602.198781 -610.194188 -612.971971 -607.146437 -603.827817 -604.445192 -603.888025 -603.550878 -607.786488 -606.777593 -606.318589 -608.348365 -603.540172 -598.801103
-591.983915 -585.202789 -589.889310 -593.059461 -598.978704 -598.283341 -597.632782 -595.680191 -593.089430 -588.202203 -578.581301 -581.080609 -580.810440 -577.664076 -582.857362 -587.664527 -595.379315 -586.576883 -584.914686 -582.419946 -583.297108 -577.398433 -572.323794 -576.017664 -580.791917 -586.713705 -583.321210 -576.148978 -569.730830 -568.623407 -568.214934 -567.198740 -571.927503 -572.733798 -573.299136 -572.266455 -575.209749 -574.859261 -569.886425 -561.440137 -560.310487 -563.615618 -571.135230 -583.667817 -595.613536 -602.190480 -593.938908 -596.374028 -597.487266 -596.035366 -601.076574 -603.963698 -599.521142 -603.450541 -606.468707 -599.951920 -599.371613
-589.374005 -582.095500 -585.530838 -591.383915 -597.887224 -597.862948 -594.141612 -592.547092 -585.876849 -577.242219 -568.074547 -564.573454 -562.280057 -556.919907 -560.333856 -563.802751 -568.400276 -566.658541 -560.449052 -555.439334 -550.297999 -544.830438 -538.271272 -542.490051 -548.006500 -548.701232 -547.475016 -538.748132 -531.694745 -529.957100 -529.098693 -525.218826 -527.579990 -531.648207 -536.547588 -541.405182 -545.590743 -549.718033 -540.863678 -532.403396 -532.658316 -545.401219 -554.130614 -566.358472 -579.364993 -594.580904 -593.136499 -589.729707 -586.622598 -592.620743 -595.285313 -600.691078 -601.740680 -601.011171 -607.368097 -603.751553 -603.068710
-556.402649 -548.585630 -546.115897 -555.615512 -557.247948 -554.567636 -549.086654 -548.872057 -545.528752 -532.534724 -513.559479 -498.199591 -482.148872 -480.237210 -487.965607 -494.256338 -504.205318 -510.116999 -502.299372 -495.399098 -488.036764 -479.885976 -470.857925 -463.333884 -463.054543 -462.783791 -461.297519 -460.104994 -456.616231 -450.657756 -442.382137 -431.837205 -426.143267 -433.912773 -445.178339 -458.001257 -467.950142 -470.702789 -473.848283 -469.714140 -468.885072 -480.705025 -496.707647 -511.919512 -529.658262 -543.720893 -554.281015 -549.403023 -555.388615 -560.596113 -566.641457 -582.632415 -586.456821 -588.583734 -603.246678 -604.545709 -599.583620
-513.588095 -506.083289 -495.747185 -495.962887 -494.099536 -493.113812 -490.389522 -488.041435 -484.376434 -459.132267 -423.528118 -386.935936 -353.098675 -338.738464 -354.504114 -369.997328 -384.996713 -397.848467 -400.077423 -386.661384 -365.915597 -339.291871 -314.870671 -301.322065 -302.018882 -300.401610 -296.295629 -286.473569 -274.966606 -242.230366 -175.528079 -137.721239 -120.275558 -126.913907 -162.790776 -251.289122 -319.822361 -339.753035 -346.470137 -354.761368 -354.491315 -354.176373 -383.629449 -411.513082 -442.989338 -474.182221 -490.865529 -503.825311 -513.588786 -521.728026 -543.137693 -560.791838 -575.026936 -585.980944 -598.131292 -599.206637 -581.959952
-438.139024 -406.932824 -387.095852 -379.312528 -377.471494 -374.617418 -366.589480 -357.558987 -339.217675 -272.938010 -156.964600 -103.280688 -73.782617 -69.831304 -78.295402 -87.874502 -97.434702 -105.435589 -108.448501 -103.541203 -94.315506 -78.881961 -65.564910 -53.947447 -53.589567 -52.459274 -50.805891 -45.688271 -38.162431 -25.285935 -2.893097 12.600179 13.432724 13.397672 6.082546 -26.400147 -57.275169 -70.229783 -77.824215 -83.197325 -83.257797 -83.280822 -87.300321 -113.880534 -173.937518 -332.210667 -389.638815 -419.106272 -434.689131 -447.286083 -455.292557 -482.825564 -494.275571 -511.300689 -531.186441 -550.074518 -529.201163
-219.773066 -135.519630 -104.914171 -95.206681 -95.391107 -94.167094 -88.511134 -81.578830 -66.741820 -37.946065 -3.137098 13.504461 15.007697 16.022227 15.739249 15.149515 14.209234 14.174067 14.185922 14.248666 14.593998 14.859856 15.685138 16.535290 16.777863 16.808107 16.654029 16.909322 17.132080 17.401776 17.717078 18.037342 18.369469 18.460389 18.227980 17.133667 15.823639 14.945989 14.572311 14.458956 14.372962 14.477497 14.418376 13.628531 -5.249210 -59.032344 -100.241657 -132.054953 -183.015708 -274.335363 -309.199734 -328.257291 -352.310092 -385.364259 -427.128976 -465.828407 -483.580616
-29.450671 4.893271 13.780896 14.675643 14.686805 14.921295 14.963790 15.488765 16.449323 17.672382 18.506738 19.208185 20.112239 21.491825 26.367599 27.853634 28.847094 30.702336 30.938476 30.769380 31.369409 31.872988 31.736772 34.233581 34.884453 34.482887 34.940309 34.977647 35.562664 35.603633 35.486965 33.860636 33.905309 33.809208 34.101492 31.895947 24.900634 20.279474 19.776062 19.547198 19.234493 18.790426 18.285386 17.884888 17.197005 15.678921 13.878807 6.805802 -9.864742 -35.456973 -52.817640 -63.754938 -80.929472 -104.647476 -150.416412 -279.297961 -376.686356
16.373270 17.568945 18.805970 19.467142 19.818693 20.141833 20.238655 24.279447 33.613274 36.341690 35.622665 36.065150 35.267293 35.667811 35.044281 35.678065 33.074459 33.740607 32.508754 27.463152 20.270696 20.725076 21.784343 24.047778 27.179434 25.764666 26.445855 29.290044 28.080754 23.456093 20.702450 20.363008 20.340266 25.593837 28.212865 28.989580 29.666995 29.543568 29.722759 29.918788 30.024319 30.101509 30.044333 25.738229 20.940159 19.886779 18.638576 17.126103 16.308146 15.780246 15.737454 15.427857 15.203461 14.120658 5.202188 -42.268236 -90.380244
27.828640 37.466002 37.587212 36.898484 36.954950 37.742899 40.094597 38.531837 36.149079 31.908241 28.090619 27.189122 26.117494 24.014002 24.620344 23.008167 20.467776 20.307659 20.160216 19.698654 19.096039 19.082446 19.430594 19.613020 19.703215 19.698650 19.914405 20.197091 19.910804 19.590474 19.296079 19.173633 19.588073 19.766780 19.938182 19.952823 19.812779 19.699828 19.948255 19.805196 19.843791 20.118082 21.022800 27.644423 27.619304 27.814361 28.061859 28.412319 20.496849 19.204777 19.660492 19.409298 18.892887 18.023551 17.169010 15.615907 14.175871
30.564900 28.386381 23.513237 20.313653 20.186646 21.373237 27.621313 28.943900 23.261256 20.260225 19.962265 19.672132 19.684109 19.599890 19.549427 19.712356 19.433677 19.353984 18.773750 18.464498 18.055331 17.775233 17.667830 17.933247 18.249333 18.495338 18.747878 18.439516 18.280327 17.970379 17.677965 17.814170 17.850907 18.141059 18.676325 18.588603 18.689875 18.492422 18.491941 18.248548 18.162765 18.435660 18.977584 19.486959 20.006621 20.281450 20.706137 23.194757 30.368865 30.435141 30.310883 30.224433 26.522865 20.536605 19.670332 18.902967 18.118080
20.131235 20.017404 19.717183 19.452490 19.407391 19.652105 20.019669 19.794425 19.468263 19.036146 18.612472 18.207906 18.026787 18.170314 18.343999 18.477085 18.341312 17.791301 17.101446 16.338960 15.260075 14.985975 14.599098 14.196659 14.678407 15.533880 15.865608 15.069582 14.755365 14.096934 13.821363 13.723170 13.755223 14.171266 15.164908 16.248134 16.311448 15.804315 15.448151 15.413113 15.446976 16.129035 17.231206 17.996652 18.383985 18.620165 18.717283 19.044171 19.421324 19.835039 20.347002 20.912502 29.482884 29.765543 29.858856 30.120358 20.738996
19.430133 19.247653 19.104207 18.973337 18.840347 18.738643 18.657235 18.332887 18.063069 17.657693 16.794902 15.918410 14.954615 14.781136 14.605101 14.892914 14.259116 13.768388 8.998088 -18.310361 -52.257618 -70.421862 -79.715823 -86.953636 -82.470254 -68.559394 -59.721613 -73.434394 -82.596505 -94.346452 -99.731014 -102.269901 -100.744214 -91.012645 -67.528090 -46.828328 -37.700786 -44.460642 -47.859772 -46.052820 -37.934691 -12.372471 9.918899 13.714190 14.947749 16.002170 16.797662 17.225730 17.581112 18.099823 18.497933 18.842938 19.388832 20.139872 20.928496 27.065351 32.684457
18.599089 18.368679 18.020865 17.606562 17.422565 17.639823 17.104915 16.519788 15.322613 -2.129333 -31.959979 -67.131599 -88.457425 -95.489594 -102.543113 -105.604817 -112.819127 -120.747655 -145.018146 -223.633238 -312.818451 -348.790976 -358.615647 -364.922606 -368.543377 -351.631623 -343.425710 -350.112006 -364.162464 -377.734679 -385.178682 -389.031903 -383.301988 -362.693683 -336.125665 -305.024639 -288.844053 -304.742901 -298.004875 -287.804669 -280.092073 -179.903305 -127.533277 -100.035598 -71.336787 -31.557135 2.331076 12.966593 13.821770 14.829577 16.011605 16.942628 17.813173 18.680396 19.091489 19.380878 19.859372
17.233601 16.266599 15.306569 14.504148 13.717457 13.777374 13.083097 -1.864290 -67.092687 -136.135341 -243.272574 -328.548542 -366.214096 -378.072631 -385.289177 -404.293664 -415.637218 -425.287908 -428.389408 -444.578126 -461.293338 -473.041930 -477.317163 -479.538054 -486.013304 -487.221835 -484.227471 -477.791598 -484.775198 -488.805559 -487.516790 -489.873371 -491.601990 -483.961606 -472.030218 -465.165694 -459.156904 -455.100762 -454.360271 -453.742076 -436.932379 -423.282599 -405.019015 -377.588940 -338.560700 -257.211117 -149.771447 -113.180228 -90.690705 -61.549976 -22.169196 9.657242 14.168384 16.049682 17.175131 17.772346 18.108835
5.494687 -26.167476 -62.668883 -87.539221 -109.366357 -114.484303 -131.480305 -184.866518 -344.077213 -408.750247 -446.000116 -463.851451 -480.242573 -487.433523 -498.022116 -514.582919 -524.376635 -522.723472 -518.333516 -521.018097 -529.148546 -535.257875 -539.142520 -543.445863 -550.207293 -554.510308 -549.859715 -545.661532 -545.656316 -545.406607 -543.616015 -543.846743 -544.918507 -546.913494 -540.706636 -537.216916 -533.055315 -530.131570 -529.117157 -515.603902 -503.373231 -496.207786 -484.516843 -471.653104 -454.944043 -434.024784 -410.990969 -391.597498 -365.154477 -322.652398 -208.118348 -126.888211 -81.972992 -33.238773 7.498521 13.717846 14.683183
-138.689217 -232.681175 -331.103629 -384.733221 -401.172483 -407.855856 -412.858866 -440.218936 -474.921354 -502.295625 -516.976414 -527.408445 -537.003839 -546.221410 -557.238033 -567.808908 -574.920534 -569.255924 -566.643220 -561.501873 -568.007824 -573.131494 -573.910487 -578.939621 -583.360307 -589.865364 -584.575701 -582.509872 -576.325404 -576.970237 -576.903881 -574.195493 -575.608349 -576.231173 -580.622652 -576.712241 -574.809172 -572.459106 -562.346948 -553.468722 -544.750343 -537.831669 -530.521978 -521.202548 -509.799294 -497.387147 -483.129220 -471.884455 -459.454908 -442.586524 -420.956797 -392.096446 -350.683725 -254.829371 -145.822251 -105.243476 -75.595521
-409.281259 -435.960831 -461.899644 -490.976002 -506.548950 -505.599098 -519.654460 -533.371977 -553.119820 -559.936391 -564.453369 -571.439109 -576.722835 -580.887876 -588.705172 -594.150825 -603.205900 -599.548176 -594.697338 -587.671159 -593.301914 -593.951123 -592.598878 -595.915860 -599.420993 -605.397426 -604.477777 -599.679116 -594.004587 -594.327516 -593.220674 -590.016505 -589.906275 -592.447223 -597.708102 -596.504102 -593.252416 -590.195072 -584.112466 -578.613541 -573.290228 -568.805934 -562.444302 -555.087723 -547.331492 -537.676988 -526.410686 -519.491580 -508.096537 -494.621599 -481.848749 -473.235139 -460.127135 -435.475123 -411.275885 -382.959457 -347.344513
-489.738628 -502.303277 -521.768499 -540.107958 -557.640201 -568.635064 -578.195988 -587.116604 -589.393149 -592.072522 -595.842524 -599.085811 -602.761603 -606.182651 -608.945687 -613.535861 -623.056393 -619.013682 -613.578162 -607.445325 -607.165322 -607.782210 -607.260002 -608.632087 -612.829258 -620.431514 -617.133939 -612.527998 -608.402763 -607.117688 -606.347944 -603.821880 -605.638111 -609.374813 -614.814058 -612.447932 -608.270288 -606.009398 -603.171877 -598.975766 -594.573352 -590.273079 -585.355067 -580.486631 -573.925572 -566.665058 -558.625948 -549.964468 -540.659477 -529.594281 -525.602585 -520.058741 -514.659452 -504.358858 -493.287893 -479.418520 -463.210308
-542.525777 -551.244510 -562.298015 -575.612137 -582.368892 -588.961485 -594.665590 -600.744707 -604.450930 -607.368835 -605.618926 -606.968659 -611.292759 -611.000610 -613.268182 -620.993922 -618.053816 -615.857100 -609.613267 -610.850017 -611.181318 -612.656737 -611.627970 -612.584599 -620.073749 -616.118594 -614.478091 -610.125664 -609.377352 -608.449625 -607.746859 -606.975403 -607.802507 -613.006924 -611.824569 -610.434046 -606.518762 -606.422327 -604.856139 -600.418899 -599.152860 -596.523887 -592.812692 -588.916062 -584.333775 -578.853050 -571.303973 -563.755797 -556.643316 -554.973406 -550.522625 -546.942805 -551.864782 -544.435989 -538.204842 -531.903053 -521.161646
