tests/Borden05m/sims/sim_1/output-maps/psiliqL0018N0008.asc
ncols         160
nrows         34
xllcorner     620200.000000
yllcorner     5168000.000000
cellsize      0.500000
NODATA_value  -9999.0
[rows 0 to 24 of 34, columns 0 to 54 of 160]
-9999.0 -9999.0 -9999.0 -9999.0 -9999.0 -9999.0 -9999.0 -9999.0 -9999.0 -9999.0 -9999.0 -9999.0 -9999.0 -9999.0 -9999.0 -9999.0 -9999.0 -9999.0 -9999.0 -9999.0 -9999.0 -9999.0 -9999.0 -9999.0 -9999.0 -9999.0 -9999.0 -9999.0 -9999.0 -9999.0 -9999.0 -9999.0 -9999.0 -9999.0 -9999.0 -9999.0 -9999.0 -9999.0 -9999.0 -9999.0 -9999.0 -9999.0 -9999.0 -9999.0 -9999.0 -9999.0 -9999.0 -9999.0 -9999.0 -9999.0 -9999.0 -9999.0 -9999.0 -9999.0 -9999.0
-9999.0 -9999.0 -9999.0 -9999.0 -9999.0 -9999.0 -9999.0 -9999.0 -9999.0 -9999.0 -9999.0 -9999.0 -9999.0 -9999.0 -9999.0 -9999.0 -9999.0 -9999.0 -9999.0 -9999.0 -9999.0 -9999.0 -9999.0 -9999.0 -9999.0 -9999.0 -9999.0 -9999.0 -9999.0 -9999.0 -9999.0 -9999.0 -9999.0 -9999.0 -9999.0 -9999.0 -9999.0 -9999.0 -9999.0 -9999.0 -9999.0 -9999.0 -9999.0 -9999.0 -9999.0 -9999.0 -9999.0 -9999.0 -9999.0 -9999.0 -9999.0 -9999.0 -9999.0 -9999.0 -9999.0
-9999.0 -9999.0 -9999.0 -9999.0 -9999.0 -9999.0 -9999.0 -9999.0 -9999.0 -9999.0 -9999.0 -9999.0 -9999.0 -9999.0 -9999.0 -9999.0 -9999.0 -9999.0 -9999.0 -9999.0 -9999.0 -9999.0 -9999.0 -9999.0 -9999.0 -9999.0 -9999.0 -9999.0 -9999.0 -9999.0 -9999.0 -9999.0 -9999.0 -9999.0 -9999.0 -9999.0 -9999.0 -9999.0 -9999.0 -9999.0 -9999.0 -9999.0 -9999.0 -9999.0 -9999.0 -9999.0 -9999.0 1707.738382 1690.763244 1676.421094 1673.721849 1696.244725 1720.130112 1744.561747 1765.728968
-9999.0 -9999.0 -9999.0 -9999.0 -9999.0 -9999.0 -9999.0 -9999.0 -9999.0 -9999.0 -9999.0 -9999.0 -9999.0 -9999.0 -9999.0 -9999.0 -9999.0 -9999.0 -9999.0 -9999.0 -9999.0 -9999.0 -9999.0 -9999.0 -9999.0 -9999.0 -9999.0 -9999.0 -9999.0 -9999.0 -9999.0 -9999.0 -9999.0 -9999.0 -9999.0 -9999.0 -9999.0 -9999.0 -9999.0 -9999.0 1754.789710 1760.990543 1762.078333 1752.383564 1741.687587 1729.406809 1709.551821 1692.115375 1678.336336 1676.584888 1679.778904 1684.562241 1707.046487 1732.680521 1753.110837
-9999.0 -9999.0 -9999.0 -9999.0 -9999.0 -9999.0 -9999.0 -9999.0 -9999.0 -9999.0 -9999.0 -9999.0 -9999.0 -9999.0 -9999.0 -9999.0 -9999.0 -9999.0 -9999.0 -9999.0 -9999.0 -9999.0 -9999.0 -9999.0 -9999.0 -9999.0 -9999.0 -9999.0 -9999.0 -9999.0 -9999.0 -9999.0 -9999.0 -9999.0 1660.428051 1678.015893 1696.572063 1715.652981 1733.089452 1740.482613 1746.549855 1752.566062 1748.805391 1744.874828 1734.039235 1714.792477 1695.940072 1683.045592 1681.974475 1680.210898 1684.945636 1698.034043 1715.519162 1732.006254 1753.522472
-9999.0 -9999.0 -9999.0 -9999.0 -9999.0 -9999.0 -9999.0 -9999.0 -9999.0 -9999.0 -9999.0 -9999.0 -9999.0 -9999.0 -9999.0 -9999.0 -9999.0 -9999.0 -9999.0 -9999.0 -9999.0 -9999.0 -9999.0 -9999.0 -9999.0 -9999.0 -9999.0 -9999.0 1662.598326 1657.060381 1652.690412 1651.851197 1651.197477 1650.787621 1657.973662 1670.212302 1688.509556 1711.067395 1724.891889 1732.828327 1740.199695 1741.466478 1736.838734 1735.729032 1736.912263 1725.544653 1714.403475 1704.020019 1694.006256 1692.680044 1702.844976 1717.893064 1734.996424 1750.632686 1766.855456
-9999.0 -9999.0 -9999.0 -9999.0 -9999.0 -9999.0 -9999.0 -9999.0 -9999.0 -9999.0 -9999.0 -9999.0 -9999.0 -9999.0 -9999.0 -9999.0 -9999.0 -9999.0 -9999.0 -9999.0 -9999.0 -9999.0 -9999.0 1630.951312 1636.723278 1643.742514 1651.858275 1653.362778 1650.022605 1645.084327 1642.890592 1642.202747 1641.084708 1646.376417 1654.777577 1668.884618 1685.317507 1708.219635 1717.570515 1723.852638 1736.620387 1740.626953 1748.072656 1753.027936 1752.199874 1749.817534 1737.342821 1728.131707 1733.038774 1739.174274 1746.976840 1756.086549 1770.517252 1786.267812 1803.820437
-9999.0 -9999.0 -9999.0 -9999.0 -9999.0 -9999.0 -9999.0 -9999.0 -9999.0 -9999.0 -9999.0 -9999.0 -9999.0 -9999.0 -9999.0 -9999.0 -9999.0 -9999.0 -9999.0 1605.172302 1606.419478 1608.135266 1613.324531 1614.317267 1616.805843 1624.311761 1633.081283 1636.345975 1635.150748 1634.670679 1636.981575 1640.561772 1645.936280 1657.879491 1672.492019 1687.557482 1702.041754 1723.875961 1739.543569 1753.713630 1770.500466 1771.341415 1768.609014 1767.985498 1769.411964 1770.095181 1773.279836 1775.814098 1783.168566 1787.568086 1794.037099 1804.452349 1817.296367 1836.083408 1856.254270
-9999.0 -9999.0 -9999.0 -9999.0 -9999.0 -9999.0 -9999.0 -9999.0 -9999.0 -9999.0 -9999.0 -9999.0 -9999.0 -9999.0 -9999.0 -9999.0 1575.891771 1577.985339 1580.615639 1586.345431 1589.946517 1594.444298 1601.967112 1603.897778 1608.213717 1616.075222 1621.613579 1631.436470 1640.484067 1648.646390 1655.556452 1659.185412 1667.378502 1677.959502 1690.797132 1706.711802 1728.868548 1753.316675 1770.606638 1788.643947 1807.060044 1808.982522 1809.039680 1811.243510 1812.423044 1818.420613 1836.153397 1842.378389 1842.710483 1858.153186 1872.697966 1878.381039 1887.260942 1907.948958 1932.441258
-9999.0 -9999.0 -9999.0 -9999.0 -9999.0 -9999.0 -9999.0 -9999.0 -9999.0 -9999.0 -9999.0 -9999.0 -9999.0 1527.818791 1532.227536 1542.439263 1552.813127 1555.967598 1560.992210 1567.806169 1580.584783 1584.889904 1591.769030 1600.005261 1613.008302 1622.552310 1632.553882 1645.353053 1654.667609 1662.895366 1670.862778 1676.797043 1690.729063 1706.880609 1723.550275 1744.819116 1768.240821 1789.576560 1810.828601 1828.404750 1843.019739 1845.080739 1845.804091 1849.766381 1858.157837 1875.682518 1895.425796 1903.295568 1920.284119 1944.041377 1957.978113 1969.753088 1979.157897 1994.250317 2017.039805
-9999.0 -9999.0 -9999.0 -9999.0 -9999.0 -9999.0 -9999.0 -9999.0 -9999.0 -9999.0 1495.682768 1498.110175 1495.116863 1494.564609 1500.423119 1513.189100 1527.768257 1534.639004 1547.039140 1568.830023 1587.697002 1591.931683 1607.042704 1618.293804 1626.128409 1637.532900 1651.721464 1665.467391 1683.049093 1696.573805 1708.661680 1728.631711 1746.437293 1764.511291 1783.848188 1805.960712 1826.473461 1855.352643 1883.734100 1897.289789 1919.812523 1930.175224 1929.000442 1930.584471 1941.699724 1958.242746 1979.445558 2002.359698 2024.980208 2051.095308 2068.001767 2083.513479 2095.366731 2108.784927 2126.190390
-9999.0 -9999.0 -9999.0 -9999.0 -9999.0 -9999.0 -9999.0 -9999.0 1470.276357 1478.270606 1484.706175 1482.235545 1478.422481 1474.591033 1489.343165 1505.804174 1522.565110 1541.219853 1557.946306 1577.086983 1592.948106 1609.812671 1630.934464 1643.622062 1656.290584 1672.909154 1687.829070 1705.748500 1728.343382 1741.261746 1758.051887 1780.712429 1800.445800 1820.253416 1841.066973 1861.081877 1888.089965 1922.984456 1956.402997 1979.472248 2009.018215 2032.480002 2032.677039 2036.314288 2042.157985 2069.233546 2099.709807 2131.919231 2157.615533 2185.807090 2216.596681 2236.400511 2248.228597 2261.984095 2278.441968
-9999.0 -9999.0 -9999.0 -9999.0 -9999.0 -9999.0 1441.712628 1466.439669 1482.142834 1474.706134 1464.259495 1460.984190 1457.181021 1483.797460 1506.842229 1525.108623 1542.972939 1561.632724 1579.204542 1592.027772 1625.818277 1645.524311 1660.664399 1678.907098 1695.180666 1711.534060 1730.475303 1755.127701 1777.646565 1807.102545 1832.257185 1856.360475 1884.417708 1906.111359 1927.147970 1946.866014 1979.828289 2019.069148 2057.774130 2087.898429 2116.816377 2150.486274 2158.148932 2165.308474 2173.251175 2197.248481 2231.491360 2263.563745 2298.762964 2332.242404 2361.139155 2374.667663 2386.203184 2398.454194 2412.906122
-9999.0 -9999.0 -9999.0 -9999.0 1407.617174 1428.874291 1449.085981 1480.260477 1503.474226 1499.452954 1506.506807 1507.161934 1505.767450 1511.208859 1519.836817 1538.941196 1558.995323 1579.409893 1597.622216 1631.765606 1678.302828 1694.295950 1718.387724 1751.625037 1766.701306 1783.866870 1802.223093 1826.858774 1853.607817 1887.791256 1931.240150 1968.708304 1996.056225 2020.912789 2044.617846 2068.206336 2105.553674 2146.172198 2185.628592 2221.723248 2253.221892 2281.621197 2294.998203 2304.424637 2317.967030 2336.579973 2360.248044 2389.853110 2423.496324 2456.939081 2482.661759 2496.048574 2504.224579 2515.471471 2525.898206
-9999.0 -9999.0 -9999.0 1356.423300 1395.567398 1434.457495 1461.798951 1493.425272 1526.730705 1531.298253 1541.646213 1546.659442 1551.407161 1560.683738 1569.302324 1587.813252 1606.156310 1624.868538 1648.523677 1686.182684 1721.451420 1749.846948 1782.865331 1808.956641 1830.038247 1847.754394 1868.991756 1894.580414 1936.132818 1974.143089 2025.800552 2080.923176 2119.308331 2145.668656 2171.273465 2201.758158 2229.829808 2269.735395 2307.215622 2342.690498 2376.871717 2403.231797 2422.775133 2431.541660 2442.950070 2452.454693 2469.139957 2491.803934 2515.006836 2545.346131 2574.909878 2602.570467 2617.884171 2628.845190 2645.617720
-9999.0 -9999.0 1308.583032 1347.171349 1380.913755 1430.787259 1484.701185 1520.513363 1562.441735 1586.591748 1594.308450 1611.602598 1628.225695 1635.807700 1651.451289 1669.283976 1690.156366 1699.567824 1719.524633 1747.928718 1796.291337 1840.798002 1857.359209 1907.532115 1942.927933 1975.062791 1996.917860 2026.592211 2065.561699 2107.715114 2157.899758 2210.493706 2250.566729 2283.835333 2303.350712 2326.002871 2350.879323 2378.857835 2416.183305 2446.344758 2480.313105 2507.947267 2530.654665 2537.317800 2543.133091 2560.281578 2586.949930 2616.122010 2642.878666 2668.737785 2667.852845 2683.877407 2691.625786 2696.323638 2702.836492
-9999.0 -9999.0 1280.819238 1326.533350 1365.713913 1430.547642 1513.438994 1551.329095 1595.368057 1643.465096 1663.372759 1689.751054 1699.394742 1705.877476 1730.214136 1752.706314 1769.670052 1779.048758 1779.672976 1836.656292 1895.879011 1941.657953 1980.018722 2052.638149 2103.282092 2125.742841 2143.268944 2167.123240 2193.271491 2237.508609 2285.035846 2340.642093 2386.578974 2419.831173 2438.268860 2459.590943 2482.001075 2501.371674 2522.666594 2565.822199 2598.102423 2626.880320 2656.315370 2677.907004 2687.262276 2692.299187 2678.765576 2692.518546 2702.142234 2706.978121 2709.443017 2707.022485 2707.263643 2708.683373 2710.178591
-9999.0 1190.334664 1242.829618 1295.663983 1363.947975 1430.543555 1512.778698 1593.223198 1655.347874 1707.047444 1738.563211 1749.105704 1778.906270 1819.816562 1847.043197 1873.693876 1880.274488 1889.617874 1880.155435 1932.668933 1981.514487 2051.468995 2160.723090 2220.924898 2274.371665 2278.821837 2276.060383 2289.779800 2314.047048 2360.544689 2433.417028 2485.481269 2544.422984 2590.385877 2608.616063 2617.879783 2637.662576 2659.497227 2637.614543 2667.594320 2682.569331 2695.037687 2700.914989 2704.075678 2706.448892 2707.767664 2705.703101 2700.414961 2693.685904 2689.066694 2685.857339 2682.083627 2685.059304 2688.717852 2689.530543
-9999.0 1154.018287 1213.118687 1284.213025 1355.035671 1418.092138 1517.205841 1669.232105 1728.561229 1769.950605 1792.365090 1806.285603 1882.759922 1951.242523 1986.572382 2034.523953 2029.718521 2021.322549 2004.566906 2038.167756 2087.354751 2163.150477 2315.795546 2404.792608 2443.746241 2458.222898 2467.481753 2497.695262 2539.143488 2582.060543 2621.132389 2614.463954 2649.605320 2668.626858 2675.392321 2679.105035 2685.434558 2687.276029 2687.543874 2685.661410 2682.760992 2684.574947 2690.120262 2691.158969 2689.474702 2687.387489 2682.790319 2676.183591 2671.514801 2667.552455 2665.389891 2662.870838 2661.438966 2661.319818 2656.749610
-9999.0 1121.199140 1193.762264 1256.332452 1316.737808 1425.767003 1554.921847 1695.574175 1793.087880 1834.495244 1850.299262 1915.570326 2022.172811 2126.173236 2182.628697 2210.970571 2210.548560 2185.679430 2185.845198 2233.088529 2302.164808 2404.589525 2512.497025 2600.209986 2618.733907 2626.795940 2602.690813 2623.208537 2642.187874 2648.190754 2652.602541 2660.101198 2667.902635 2673.324346 2674.485213 2674.012523 2671.518883 2665.559449 2662.434571 2660.599135 2658.413538 2658.856569 2662.155393 2664.269078 2662.337058 2659.130599 2655.196995 2649.985807 2644.041893 2637.725414 2633.961637 2630.062294 2627.912001 2622.631660 2618.033509
-9999.0 1014.607309 1105.640751 1156.978986 1260.760093 1440.682882 1570.264686 1720.433709 1875.999975 1915.197140 1988.091733 2120.002993 2235.614796 2317.713946 2360.323440 2404.200910 2435.911666 2460.896298 2499.566281 2439.215627 2505.500861 2578.122099 2612.880080 2631.694454 2640.543149 2645.922240 2641.562751 2625.685624 2618.595535 2614.924718 2619.165250 2628.608004 2635.749976 2642.767806 2642.338328 2644.631148 2646.451155 2644.347504 2641.554467 2634.251015 2627.513060 2622.199001 2620.444936 2625.821025 2621.317729 2618.673827 2612.878199 2604.836428 2595.602809 2588.114407 2580.439515 2573.724743 2570.797734 2564.785082 2562.314664
-9999.0 933.778329 1009.661140 1090.806914 1221.849101 1387.525825 1509.452594 1677.078518 1898.826332 2026.367677 2168.669915 2253.599796 2333.686683 2395.867207 2460.070704 2513.954758 2543.979379 2558.687340 2546.528768 2564.478143 2533.571119 2529.939870 2552.145160 2583.510681 2601.938534 2609.754592 2605.064526 2598.026596 2593.427015 2594.417603 2594.504144 2593.524019 2592.190650 2590.641703 2588.561561 2591.796406 2597.452403 2591.776304 2582.740302 2574.653174 2567.374880 2559.115128 2553.603239 2549.748769 2548.968702 2548.728705 2541.132899 2530.795130 2520.425266 2512.262694 2504.630282 2499.056886 2495.797381 2489.736375 2479.616942
-9999.0 828.876751 953.916109 1043.311916 1158.019470 1294.090408 1416.183993 1579.531037 1726.985543 1959.086404 2118.497092 2257.446834 2309.496178 2378.183401 2439.569654 2514.297551 2521.326936 2496.441172 2465.390141 2454.696813 2466.072704 2479.432086 2494.748739 2516.134676 2536.896141 2549.666698 2555.326939 2550.510144 2538.402692 2529.167883 2521.741224 2511.220806 2503.843839 2502.654460 2504.904243 2513.393234 2515.552934 2507.066337 2494.541057 2478.123313 2463.792283 2452.835610 2450.010551 2451.400594 2451.250847 2446.986669 2440.027088 2429.071504 2416.329436 2404.110643 2396.873277 2391.204336 2383.244975 2371.465499 2357.818778
-9999.0 -9999.0 875.667532 986.459685 1091.192735 1211.944047 1321.626161 1460.350130 1611.468056 1794.614304 1917.680674 2068.952359 2154.937109 2206.531773 2256.852738 2317.077499 2342.838159 2370.552965 2362.109009 2372.949063 2384.451654 2393.902500 2405.634899 2418.630159 2433.967224 2446.461019 2457.022543 2456.235966 2448.223616 2430.490429 2408.607618 2391.636242 2382.212231 2374.514902 2384.669041 2396.414225 2392.848457 2386.431807 2374.539173 2358.366438 2345.376054 2331.262180 2327.081367 2326.530688 2325.926959 2322.321373 2317.550510 2303.985908 2290.596815 2278.744280 2273.014391 2266.238625 2260.426283 2248.742754 2236.004675
-9999.0 -9999.0 790.180602 898.036248 1009.719679 1132.562091 1229.801010 1289.264171 1439.897604 1556.214298 1666.069308 1773.192810 1864.951528 1934.784518 1979.758187 2045.076164 2094.614886 2115.307364 2145.597261 2186.490531 2218.308511 2252.915677 2275.969442 2290.920848 2307.270352 2323.214167 2333.176643 2321.537225 2311.037726 2294.330896 2272.105623 2247.527013 2234.678912 2231.760225 2232.683372 2236.445860 2230.148902 2220.971158 2206.902775 2192.125317 2179.351196 2168.457784 2163.866453 2158.903083 2156.252514 2152.355433 2148.530588 2139.889774 2128.738208 2121.299664 2112.246710 2106.147876 2102.826991 2096.189889 2086.798058
