tests/Borden05m/sims/sim_1/output-maps/psiliqL0025N0013.asc
ncols         160
nrows         34
xllcorner     620200.000000
yllcorner     5168000.000000
cellsize      0.500000
NODATA_value  -9999.0
[rows 0 to 24 of 34, columns 0 to 54 of 160]
-9999.0 -9999.0 -9999.0 -9999.0 -9999.0 -9999.0 -9999.0 -9999.0 -9999.0 -9999.0 -9999.0 -9999.0 -9999.0 -9999.0 -9999.0 -9999.0 -9999.0 -9999.0 -9999.0 -9999.0 -9999.0 -9999.0 -9999.0 -9999.0 -9999.0 -9999.0 -9999.0 -9999.0 -9999.0 -9999.0 -9999.0 -9999.0 -9999.0 -9999.0 -9999.0 -9999.0 -9999.0 -9999.0 -9999.0 -9999.0 -9999.0 -9999.0 -9999.0 -9999.0 -9999.0 -9999.0 -9999.0 -9999.0 -9999.0 -9999.0 -9999.0 -9999.0 -9999.0 -9999.0 -9999.0
-9999.0 -9999.0 -9999.0 -9999.0 -9999.0 -9999.0 -9999.0 -9999.0 -9999.0 -9999.0 -9999.0 -9999.0 -9999.0 -9999.0 -9999.0 -9999.0 -9999.0 -9999.0 -9999.0 -9999.0 -9999.0 -9999.0 -9999.0 -9999.0 -9999.0 -9999.0 -9999.0 -9999.0 -9999.0 -9999.0 -9999.0 -9999.0 -9999.0 -9999.0 -9999.0 -9999.0 -9999.0 -9999.0 -9999.0 -9999.0 -9999.0 -9999.0 -9999.0 -9999.0 -9999.0 -9999.0 -9999.0 -9999.0 -9999.0 -9999.0 -9999.0 -9999.0 -9999.0 -9999.0 -9999.0
-9999.0 -9999.0 -9999.0 -9999.0 -9999.0 -9999.0 -9999.0 -9999.0 -9999.0 -9999.0 -9999.0 -9999.0 -9999.0 -9999.0 -9999.0 -9999.0 -9999.0 -9999.0 -9999.0 -9999.0 -9999.0 -9999.0 -9999.0 -9999.0 -9999.0 -9999.0 -9999.0 -9999.0 -9999.0 -9999.0 -9999.0 -9999.0 -9999.0 -9999.0 -9999.0 -9999.0 -9999.0 -9999.0 -9999.0 -9999.0 -9999.0 -9999.0 -9999.0 -9999.0 -9999.0 -9999.0 -9999.0 3074.164599 3056.942839 3043.311004 3038.583211 3059.493926 3082.355033 3105.936293 3126.234960
-9999.0 -9999.0 -9999.0 -9999.0 -9999.0 -9999.0 -9999.0 -9999.0 -9999.0 -9999.0 -9999.0 -9999.0 -9999.0 -9999.0 -9999.0 -9999.0 -9999.0 -9999.0 -9999.0 -9999.0 -9999.0 -9999.0 -9999.0 -9999.0 -9999.0 -9999.0 -9999.0 -9999.0 -9999.0 -9999.0 -9999.0 -9999.0 -9999.0 -9999.0 -9999.0 -9999.0 -9999.0 -9999.0 -9999.0 -9999.0 3124.951670 3130.778455 3130.478220 3120.442523 3108.963472 3095.188700 3074.494392 3057.260351 3044.003853 3041.910322 3044.157968 3046.694677 3067.169057 3092.274202 3111.916317
-9999.0 -9999.0 -9999.0 -9999.0 -9999.0 -9999.0 -9999.0 -9999.0 -9999.0 -9999.0 -9999.0 -9999.0 -9999.0 -9999.0 -9999.0 -9999.0 -9999.0 -9999.0 -9999.0 -9999.0 -9999.0 -9999.0 -9999.0 -9999.0 -9999.0 -9999.0 -9999.0 -9999.0 -9999.0 -9999.0 -9999.0 -9999.0 -9999.0 -9999.0 3033.138583 3049.948098 3067.682291 3086.029458 3102.797641 3109.689295 3115.423553 3120.638336 3115.831744 3111.190577 3099.281377 3078.111676 3058.608190 3045.625097 3044.423953 3041.774121 3045.075972 3056.342343 3072.628145 3087.332147 3107.525949
-9999.0 -9999.0 -9999.0 -9999.0 -9999.0 -9999.0 -9999.0 -9999.0 -9999.0 -9999.0 -9999.0 -9999.0 -9999.0 -9999.0 -9999.0 -9999.0 -9999.0 -9999.0 -9999.0 -9999.0 -9999.0 -9999.0 -9999.0 -9999.0 -9999.0 -9999.0 -9999.0 -9999.0 3039.489468 3033.418710 3028.404644 3026.607806 3024.926198 3023.746506 3030.232690 3041.156091 3057.968769 3079.769039 3092.787367 3099.812084 3106.466678 3106.576266 3100.431877 3098.400509 3098.565744 3085.613062 3073.028346 3061.224964 3049.663878 3046.231322 3054.753723 3068.577286 3084.359857 3098.497995 3113.298169
-9999.0 -9999.0 -9999.0 -9999.0 -9999.0 -9999.0 -9999.0 -9999.0 -9999.0 -9999.0 -9999.0 -9999.0 -9999.0 -9999.0 -9999.0 -9999.0 -9999.0 -9999.0 -9999.0 -9999.0 -9999.0 -9999.0 -9999.0 3010.146326 3014.960301 3021.280818 3028.715768 3029.456472 3025.941215 3020.336362 3017.384103 3015.667123 3013.098809 3017.305057 3024.004531 3036.593188 3051.462462 3073.322238 3081.165559 3085.106729 3096.079766 3099.321310 3106.612127 3110.067102 3107.715331 3103.211747 3087.934061 3075.966566 3077.735066 3081.279925 3087.558174 3095.293550 3108.171817 3121.356329 3136.102323
-9999.0 -9999.0 -9999.0 -9999.0 -9999.0 -9999.0 -9999.0 -9999.0 -9999.0 -9999.0 -9999.0 -9999.0 -9999.0 -9999.0 -9999.0 -9999.0 -9999.0 -9999.0 -9999.0 2986.083875 2987.023333 2988.355069 2993.022196 2993.110630 2994.660647 3001.157132 3008.858686 3011.410065 3008.889795 3007.529138 3008.452128 3010.581259 3014.596719 3024.533411 3037.329399 3050.605393 3062.766188 3082.716301 3096.386360 3108.012928 3122.565618 3122.288333 3118.013799 3115.680885 3114.947911 3112.725114 3110.749628 3109.287869 3114.711159 3114.877092 3117.774845 3126.123456 3137.196492 3152.943439 3169.687135
-9999.0 -9999.0 -9999.0 -9999.0 -9999.0 -9999.0 -9999.0 -9999.0 -9999.0 -9999.0 -9999.0 -9999.0 -9999.0 -9999.0 -9999.0 -9999.0 2960.496046 2962.220906 2964.523083 2969.907282 2973.487059 2977.318479 2984.049024 2981.597697 2984.311916 2990.892416 2994.825784 3003.513200 3011.253939 3017.648589 3022.722602 3024.307161 3029.937279 3038.156095 3048.532213 3061.379123 3080.402272 3102.809155 3117.433105 3133.050854 3149.227707 3148.819595 3146.198954 3145.570374 3143.286654 3143.979844 3157.547576 3159.934130 3154.194530 3163.375145 3174.298540 3176.270190 3180.786571 3199.364260 3220.594850
-9999.0 -9999.0 -9999.0 -9999.0 -9999.0 -9999.0 -9999.0 -9999.0 -9999.0 -9999.0 -9999.0 -9999.0 -9999.0 2911.307799 2915.210444 2925.299637 2936.554412 2939.455616 2944.232417 2950.733943 2962.643919 2966.000554 2971.629869 2978.149413 2985.894303 2993.594965 3001.541951 3012.333567 3019.348221 3025.224842 3030.504793 3032.412458 3042.774283 3055.568506 3068.709079 3086.558331 3107.132101 3124.404627 3141.394277 3156.464961 3167.091748 3163.731374 3161.834364 3162.902535 3166.691253 3177.453972 3192.904926 3192.920350 3202.129358 3221.663491 3231.051530 3237.666900 3242.899699 3255.683335 3276.152363
-9999.0 -9999.0 -9999.0 -9999.0 -9999.0 -9999.0 -9999.0 -9999.0 -9999.0 -9999.0 2884.071254 2885.510879 2881.660243 2878.953856 2884.531768 2896.683697 2910.987019 2916.357132 2928.065549 2949.084600 2967.326624 2969.924720 2982.545335 2987.555614 2992.938672 3001.617094 3013.180322 3023.895223 3037.913948 3048.101058 3055.563695 3070.563274 3084.739340 3099.250726 3114.846954 3133.592931 3148.429458 3170.998106 3193.326486 3200.913043 3216.977614 3219.373585 3214.271830 3211.506667 3219.537656 3229.843330 3243.961853 3259.103898 3276.634930 3297.669869 3307.573618 3319.571035 3327.811782 3337.423993 3351.869320
-9999.0 -9999.0 -9999.0 -9999.0 -9999.0 -9999.0 -9999.0 -9999.0 2859.521079 2867.454592 2872.698512 2869.202583 2864.437865 2858.421445 2872.714099 2887.817884 2903.264870 2921.108879 2936.191094 2953.844416 2966.986073 2980.917090 2995.148040 3004.344393 3013.619116 3027.167598 3038.682504 3052.104243 3070.968758 3077.674693 3087.685408 3105.585170 3119.811788 3135.078664 3151.594559 3166.539826 3184.476425 3213.300895 3240.892060 3256.340589 3281.115168 3297.615742 3291.467541 3289.214558 3289.852285 3311.958886 3337.240079 3365.193871 3383.441249 3406.170226 3433.482851 3451.486567 3460.264742 3470.916421 3484.287676
-9999.0 -9999.0 -9999.0 -9999.0 -9999.0 -9999.0 2831.247828 2855.456911 2870.404234 2861.564339 2847.443257 2842.057255 2835.685079 2865.470151 2887.369207 2904.193281 2920.326852 2937.201379 2952.662519 2960.348546 2984.254057 3001.993803 3012.519100 3024.833081 3037.803620 3050.716016 3065.498438 3085.422387 3101.797664 3122.906132 3138.498000 3154.151549 3175.091804 3191.000165 3206.543605 3219.184851 3245.582996 3279.023695 3312.383178 3336.028371 3359.595844 3389.628340 3389.430166 3390.968172 3392.549410 3415.038201 3447.590946 3476.503959 3507.670361 3537.600385 3564.963313 3575.072464 3583.718392 3593.302906 3605.448809
-9999.0 -9999.0 -9999.0 -9999.0 2799.101624 2819.731114 2838.214256 2867.991576 2889.644659 2884.273613 2888.437144 2886.184276 2881.509831 2885.890007 2893.360636 2910.013076 2928.350955 2946.971474 2960.363257 2981.643979 3026.315034 3036.403620 3052.832973 3081.000234 3090.801575 3103.425369 3117.542588 3136.791934 3154.667624 3179.692472 3213.399683 3241.921125 3262.271463 3280.516692 3298.473133 3314.700216 3348.188408 3383.670290 3418.184271 3448.899591 3475.185248 3500.216685 3506.960459 3511.646169 3521.265226 3537.561771 3559.370069 3586.186736 3618.769322 3650.231358 3673.223305 3682.503041 3687.710260 3697.003658 3704.585546
-9999.0 -9999.0 -9999.0 2751.911099 2784.871449 2823.611193 2848.997800 2878.848376 2910.683163 2910.592799 2918.763832 2918.593108 2917.469567 2922.563871 2925.676962 2941.431449 2958.458489 2976.727409 2990.953135 3022.968780 3051.323855 3069.066412 3095.788466 3111.659818 3124.178155 3135.986701 3153.043191 3172.114190 3205.782945 3234.936698 3279.898710 3329.291102 3360.718319 3379.471198 3400.684502 3427.019435 3451.088905 3488.377349 3521.551156 3552.895098 3582.510199 3604.331589 3618.641975 3623.210514 3632.308853 3638.064194 3650.731073 3671.274788 3693.030399 3722.907323 3751.536214 3779.301599 3794.007344 3804.601043 3821.223179
-9999.0 -9999.0 2703.482110 2742.929166 2774.616383 2814.911639 2867.291063 2901.844862 2940.849514 2959.640301 2962.625328 2973.164538 2979.533299 2979.934771 2988.269232 3000.188481 3020.392639 3027.783999 3046.125091 3062.273132 3099.485402 3133.336081 3131.139843 3168.174760 3197.150996 3227.668953 3247.180350 3272.533884 3308.576969 3342.228656 3385.662292 3434.241562 3468.021579 3495.376272 3510.484290 3529.721587 3549.564747 3574.683627 3610.132317 3635.611662 3668.177003 3693.086287 3712.479640 3713.787590 3716.488975 3732.162648 3759.410746 3789.027307 3816.839312 3844.612295 3831.888421 3853.295349 3862.851447 3868.183034 3876.566174
-9999.0 -9999.0 2673.514527 2720.016530 2755.211715 2807.161571 2892.262632 2926.283678 2965.821207 3007.651329 3020.719698 3041.216494 3035.826542 3025.970757 3043.029602 3057.021797 3075.264829 3081.556269 3075.232242 3126.271109 3176.644181 3202.852376 3213.133516 3286.939459 3336.913978 3359.057353 3374.033968 3393.381615 3412.863405 3450.815045 3490.069244 3543.098811 3583.690445 3612.829657 3626.880591 3645.913118 3664.845350 3679.686121 3698.561955 3743.532831 3777.263486 3806.817338 3837.509210 3858.321242 3866.240672 3870.833620 3847.352220 3865.226290 3877.347774 3882.575698 3884.628667 3880.884679 3880.293652 3881.090117 3882.017741
-9999.0 2580.337318 2632.906298 2683.804482 2748.724423 2803.800926 2878.450424 2953.137976 3014.828257 3064.994045 3089.438953 3083.551130 3086.523860 3112.334365 3131.154065 3147.603419 3151.691110 3160.186452 3141.409113 3191.238071 3228.064887 3278.971361 3377.720115 3434.426438 3493.942663 3490.077994 3478.763264 3484.075421 3500.368404 3545.438384 3621.614048 3675.618810 3738.674621 3785.584388 3801.830577 3808.759582 3826.814936 3847.001772 3800.479423 3840.475273 3858.836970 3874.158423 3882.433384 3884.545165 3885.724613 3885.504983 3881.859092 3874.912159 3866.787227 3860.980553 3856.773893 3852.271149 3854.704660 3858.026178 3858.289509
-9999.0 2542.189627 2599.841535 2668.699372 2736.720441 2786.043909 2862.225529 3022.346772 3082.469868 3119.022819 3125.171446 3104.851692 3163.344248 3221.389244 3245.498366 3289.208596 3273.927485 3258.534934 3223.476785 3248.386056 3287.049352 3356.647253 3522.188673 3608.952520 3657.034914 3664.910471 3666.091685 3693.593820 3736.137698 3781.428271 3824.933268 3797.286282 3843.296692 3865.889768 3870.610996 3871.271868 3876.341115 3874.978921 3873.403273 3869.014022 3863.896188 3864.052362 3868.582282 3868.417065 3865.478758 3862.138651 3856.463445 3849.039837 3843.814410 3839.189968 3836.525282 3833.674095 3831.758596 3831.113003 3826.341229
-9999.0 2502.657612 2577.253481 2636.137950 2684.092315 2777.424524 2898.432744 3037.768533 3132.315173 3165.349535 3146.350057 3182.869349 3283.652883 3386.905914 3437.757360 3458.231252 3440.532393 3394.608503 3376.437777 3419.023413 3487.629272 3602.720583 3734.749657 3830.444896 3845.053197 3848.201829 3803.551395 3827.576310 3849.844358 3852.486789 3853.532359 3860.862894 3865.891319 3868.780840 3867.228684 3864.339711 3859.541221 3851.381462 3846.566755 3842.918897 3839.170767 3838.063857 3840.103965 3841.858842 3839.065913 3835.181895 3830.708979 3825.129258 3818.846131 3812.109302 3807.837720 3803.620316 3801.503209 3796.057140 3792.499672
-9999.0 2380.917580 2476.839170 2518.566483 2596.016063 2783.716956 2903.824958 3040.975078 3202.101493 3222.931533 3269.727528 3405.177482 3521.299268 3599.557341 3628.576170 3661.873156 3686.060237 3702.094730 3737.838196 3626.620673 3703.494816 3795.657232 3837.548911 3855.714654 3864.490335 3864.837644 3855.114564 3834.456340 3823.747900 3816.994749 3818.602182 3825.862384 3830.590716 3835.419865 3833.129714 3834.132377 3835.119126 3831.868265 3827.875603 3819.208228 3811.385088 3804.773868 3801.641573 3806.378751 3801.713401 3799.290239 3793.137984 3784.764849 3775.877662 3768.512660 3760.609313 3754.070017 3751.826762 3746.814384 3745.639067
-9999.0 2300.026584 2372.888737 2434.589362 2547.150174 2711.145713 2800.407053 2957.268855 3190.189761 3322.776886 3480.985638 3568.658400 3638.125143 3681.048915 3731.628558 3782.064493 3808.030483 3818.994423 3789.942520 3810.437564 3768.473195 3757.550587 3774.738443 3803.312701 3819.868448 3823.839732 3815.894508 3806.579614 3799.325126 3798.200983 3796.099872 3792.251409 3788.330045 3784.857028 3781.716388 3784.582946 3789.813240 3782.793415 3772.692890 3763.370435 3754.962977 3745.834051 3739.933196 3735.401419 3735.655027 3735.899092 3728.317671 3717.882188 3707.101926 3698.872626 3691.687400 3687.144111 3684.536180 3679.630495 3670.220652
-9999.0 2181.227725 2313.312286 2390.690854 2486.685980 2616.168075 2721.850233 2863.697858 2989.733609 3229.655761 3370.806101 3553.498969 3601.443103 3669.181255 3716.955617 3788.648784 3784.464301 3752.962793 3710.581895 3694.258649 3704.495272 3713.230464 3721.672382 3736.398827 3753.835245 3763.774408 3768.413341 3762.203896 3748.037004 3735.857193 3725.150662 3711.833176 3702.647797 3700.277293 3703.996191 3713.715233 3714.388497 3705.116552 3691.132209 3673.136827 3657.707339 3646.041455 3643.973320 3646.633101 3647.655767 3643.675674 3637.832378 3627.164860 3614.653878 3602.382079 3596.620487 3592.265965 3584.993147 3573.992516 3562.336400
-9999.0 -9999.0 2228.083165 2336.519569 2430.501281 2541.830892 2632.627069 2752.159963 2880.713047 3046.766962 3161.207282 3335.146463 3426.989262 3470.381521 3505.148839 3560.081409 3584.198880 3613.833054 3606.761223 3617.424571 3626.627861 3631.681357 3637.073268 3643.121036 3653.673173 3663.352304 3673.235038 3670.445335 3661.576907 3641.389552 3616.237159 3596.698224 3586.373640 3577.352257 3589.182439 3601.598006 3596.340633 3589.477601 3576.942602 3560.849186 3548.289323 3534.146698 3530.699741 3530.690684 3531.284448 3528.983781 3526.362062 3514.007044 3501.801580 3491.849042 3487.805343 3482.263257 3478.645932 3468.903477 3458.398688
-9999.0 -9999.0 2139.819366 2243.917650 2346.406533 2463.660649 2548.340805 2566.318047 2703.700207 2794.554793 2900.547165 3004.759500 3098.310408 3164.577671 3197.586238 3258.661173 3312.710326 3330.352177 3367.969656 3419.038217 3452.024832 3489.845742 3512.037314 3521.502941 3533.910860 3548.066143 3555.523853 3540.595220 3529.351756 3512.353249 3489.216419 3462.961231 3449.643191 3448.912065 3448.276406 3450.166247 3442.772328 3433.829755 3419.466367 3405.468377 3393.280955 3384.217967 3380.648411 3375.342302 3373.200381 3370.539705 3368.812420 3363.611336 3355.236095 3350.522798 3342.483318 3338.714459 3337.876417 3334.681691 3328.867528
