tests/Borden05m/sims/sim_1/output-maps/psiliqL0013N0011.asc
ncols         160
nrows         34
xllcorner     620200.000000
yllcorner     5168000.000000
cellsize      0.500000
NODATA_value  -9999.0
[rows 0 to 24 of 34, columns 0 to 55 of 160]
-9999.0 -9999.0 -9999.0 -9999.0 -9999.0 -9999.0 -9999.0 -9999.0 -9999.0 -9999.0 -9999.0 -9999.0 -9999.0 -9999.0 -9999.0 -9999.0 -9999.0 -9999.0 -9999.0 -9999.0 -9999.0 -9999.0 -9999.0 -9999.0 -9999.0 -9999.0 -9999.0 -9999.0 -9999.0 -9999.0 -9999.0 -9999.0 -9999.0 -9999.0 -9999.0 -9999.0 -9999.0 -9999.0 -9999.0 -9999.0 -9999.0 -9999.0 -9999.0 -9999.0 -9999.0 -9999.0 -9999.0 -9999.0 -9999.0 -9999.0 -9999.0 -9999.0 -9999.0 -9999.0 -9999.0 -9999.0
-9999.0 -9999.0 -9999.0 -9999.0 -9999.0 -9999.0 -9999.0 -9999.0 -9999.0 -9999.0 -9999.0 -9999.0 -9999.0 -9999.0 -9999.0 -9999.0 -9999.0 -9999.0 -9999.0 -9999.0 -9999.0 -9999.0 -9999.0 -9999.0 -9999.0 -9999.0 -9999.0 -9999.0 -9999.0 -9999.0 -9999.0 -9999.0 -9999.0 -9999.0 -9999.0 -9999.0 -9999.0 -9999.0 -9999.0 -9999.0 -9999.0 -9999.0 -9999.0 -9999.0 -9999.0 -9999.0 -9999.0 -9999.0 -9999.0 -9999.0 -9999.0 -9999.0 -9999.0 -9999.0 -9999.0 -9999.0
-9999.0 -9999.0 -9999.0 -9999.0 -9999.0 -9999.0 -9999.0 -9999.0 -9999.0 -9999.0 -9999.0 -9999.0 -9999.0 -9999.0 -9999.0 -9999.0 -9999.0 -9999.0 -9999.0 -9999.0 -9999.0 -9999.0 -9999.0 -9999.0 -9999.0 -9999.0 -9999.0 -9999.0 -9999.0 -9999.0 -9999.0 -9999.0 -9999.0 -9999.0 -9999.0 -9999.0 -9999.0 -9999.0 -9999.0 -9999.0 -9999.0 -9999.0 -9999.0 -9999.0 -9999.0 -9999.0 -9999.0 694.259829 677.002379 661.391769 659.200494 681.832032 705.350127 729.276204 749.988478 768.732744
-9999.0 -9999.0 -9999.0 -9999.0 -9999.0 -9999.0 -9999.0 -9999.0 -9999.0 -9999.0 -9999.0 -9999.0 -9999.0 -9999.0 -9999.0 -9999.0 -9999.0 -9999.0 -9999.0 -9999.0 -9999.0 -9999.0 -9999.0 -9999.0 -9999.0 -9999.0 -9999.0 -9999.0 -9999.0 -9999.0 -9999.0 -9999.0 -9999.0 -9999.0 -9999.0 -9999.0 -9999.0 -9999.0 -9999.0 -9999.0 741.733400 747.692274 748.980723 738.598566 727.499239 715.399489 695.488377 677.785832 663.015589 660.617680 663.438026 668.686900 691.421475 716.238136 736.072791 753.277294
-9999.0 -9999.0 -9999.0 -9999.0 -9999.0 -9999.0 -9999.0 -9999.0 -9999.0 -9999.0 -9999.0 -9999.0 -9999.0 -9999.0 -9999.0 -9999.0 -9999.0 -9999.0 -9999.0 -9999.0 -9999.0 -9999.0 -9999.0 -9999.0 -9999.0 -9999.0 -9999.0 -9999.0 -9999.0 -9999.0 -9999.0 -9999.0 -9999.0 -9999.0 649.002176 666.532013 684.750051 703.292639 720.149066 727.020713 732.918126 738.744790 734.757658 730.248475 719.058926 700.100068 680.726371 667.031478 665.045117 662.759467 667.258972 680.328006 697.319269 713.728393 734.879186 758.628113
-9999.0 -9999.0 -9999.0 -9999.0 -9999.0 -9999.0 -9999.0 -9999.0 -9999.0 -9999.0 -9999.0 -9999.0 -9999.0 -9999.0 -9999.0 -9999.0 -9999.0 -9999.0 -9999.0 -9999.0 -9999.0 -9999.0 -9999.0 -9999.0 -9999.0 -9999.0 -9999.0 -9999.0 652.736844 646.927204 642.023019 640.702975 639.581417 638.640592 645.633980 657.861293 676.076103 697.926447 711.059306 718.445632 725.238987 726.143677 721.301645 719.481306 719.994311 708.367895 696.890179 686.167583 675.848221 674.542192 684.339143 698.690741 715.157755 730.294931 746.016688 757.250134
-9999.0 -9999.0 -9999.0 -9999.0 -9999.0 -9999.0 -9999.0 -9999.0 -9999.0 -9999.0 -9999.0 -9999.0 -9999.0 -9999.0 -9999.0 -9999.0 -9999.0 -9999.0 -9999.0 -9999.0 -9999.0 -9999.0 -9999.0 622.613402 628.498226 635.143218 642.736820 643.798551 639.848021 634.397702 631.539235 630.238657 628.749406 633.432882 641.741406 655.540205 671.594364 693.670864 702.495086 708.848318 721.306328 724.218540 730.071133 734.351429 732.849981 730.221692 717.985384 708.962650 714.291809 720.430078 727.461261 735.694162 749.381478 765.128876 782.899866 803.560007
-9999.0 -9999.0 -9999.0 -9999.0 -9999.0 -9999.0 -9999.0 -9999.0 -9999.0 -9999.0 -9999.0 -9999.0 -9999.0 -9999.0 -9999.0 -9999.0 -9999.0 -9999.0 -9999.0 597.416490 598.386850 599.647236 604.431516 605.366401 607.644950 614.783610 623.099502 625.607650 624.092559 622.847808 624.609082 627.562542 632.163804 643.754902 657.856820 672.335939 686.552612 707.751068 722.826877 736.767159 753.079474 752.608262 748.816773 747.222101 747.997276 748.576679 753.265854 756.462918 763.003730 768.242552 775.086338 784.805265 796.695344 815.505535 836.004525 856.522672
-9999.0 -9999.0 -9999.0 -9999.0 -9999.0 -9999.0 -9999.0 -9999.0 -9999.0 -9999.0 -9999.0 -9999.0 -9999.0 -9999.0 -9999.0 -9999.0 568.696760 570.609938 572.887043 578.349898 581.271396 585.384377 592.453122 593.816940 597.778147 605.106358 610.230537 619.221172 627.486699 635.085130 641.353024 644.369400 652.218549 662.229404 674.502711 690.231986 712.206768 735.657147 752.365753 769.614279 787.087970 788.088259 787.400965 788.928012 789.882955 796.955383 815.049843 821.479380 823.667363 841.110724 855.798934 861.653515 870.020668 889.717362 914.265040 938.949959
-9999.0 -9999.0 -9999.0 -9999.0 -9999.0 -9999.0 -9999.0 -9999.0 -9999.0 -9999.0 -9999.0 -9999.0 -9999.0 522.668262 526.895122 536.475670 545.596296 548.171048 552.506330 558.623025 570.967975 574.752488 581.176532 588.974431 600.982402 609.835621 619.303954 631.446598 640.221900 647.834411 655.300183 661.563568 675.372136 691.127120 707.430845 728.203007 750.698386 771.955569 793.200604 809.565399 824.058602 826.982251 826.440408 829.237849 837.614194 855.678153 875.407901 886.073221 905.902038 930.012569 944.629907 957.578981 967.384777 981.688113 1003.840082 1039.479296
-9999.0 -9999.0 -9999.0 -9999.0 -9999.0 -9999.0 -9999.0 -9999.0 -9999.0 -9999.0 488.982154 491.454531 488.163901 488.280754 493.403947 505.589433 519.312438 526.116297 537.775494 558.780125 576.612715 580.372714 595.242081 605.686255 612.734823 623.666804 637.221822 650.539516 667.982597 681.098861 693.565740 714.015477 731.196016 748.444862 766.969297 787.949107 808.918304 838.701063 866.837445 881.107914 904.867924 917.534639 915.579633 916.538101 926.141698 943.587215 966.704867 992.270869 1015.661976 1042.568216 1061.853464 1077.510333 1089.568361 1103.287777 1120.225089 1155.718653
-9999.0 -9999.0 -9999.0 -9999.0 -9999.0 -9999.0 -9999.0 -9999.0 464.431084 471.730272 478.027657 475.184137 470.812087 467.247894 480.977712 496.993154 513.214782 530.884896 547.111390 565.486600 581.179467 597.879706 617.978557 630.166823 642.372611 658.195003 672.474246 690.468188 712.525903 726.594792 744.816435 767.306282 787.159846 806.264995 826.076195 845.547008 873.832200 908.956697 942.526515 967.308997 996.732407 1021.508644 1022.292481 1026.007344 1031.536080 1058.470134 1089.421013 1121.529128 1148.657622 1177.264233 1207.519729 1226.124664 1237.723202 1251.293202 1267.434484 1286.360928
-9999.0 -9999.0 -9999.0 -9999.0 -9999.0 -9999.0 437.530462 461.833187 476.920094 469.220208 459.957472 456.607651 452.942541 475.528221 497.567881 514.983590 532.132353 550.014346 566.879446 580.759118 615.331751 633.345817 648.505678 667.666972 682.830880 698.049534 716.294934 740.629913 763.820981 795.408005 823.545818 849.641384 877.433537 898.684694 919.008166 939.181358 972.300673 1011.338659 1049.631734 1080.428847 1109.329519 1140.996878 1149.783833 1156.450304 1164.549811 1185.621103 1217.529126 1248.569224 1283.035231 1315.594391 1342.355363 1354.706969 1365.670125 1377.661387 1391.741925 1404.680959
-9999.0 -9999.0 -9999.0 -9999.0 403.956709 424.965938 445.286442 476.178919 498.954245 494.115130 501.242442 501.819579 500.493515 504.362116 511.449971 529.894754 548.691246 567.766090 586.364552 622.623073 666.822646 683.524254 709.426357 742.438680 757.246435 773.471625 790.626969 814.889882 843.667174 879.088444 925.228211 964.821001 992.577116 1017.233753 1039.935844 1063.757118 1098.912254 1137.755914 1175.679167 1210.990353 1241.967696 1268.359871 1282.092605 1290.530646 1302.600681 1318.886299 1340.158186 1367.508666 1398.535964 1430.546820 1455.722918 1469.870971 1478.225331 1489.257279 1500.319459 1512.861246
-9999.0 -9999.0 -9999.0 355.172512 393.872722 431.565173 458.920373 490.098479 522.380403 527.877237 537.113723 542.959008 548.823862 558.063928 567.614885 585.095358 601.314039 617.021925 639.527894 677.102946 713.461875 745.582720 779.105747 808.219299 830.877101 848.085638 867.549244 893.049140 934.373992 974.092787 1026.124692 1080.878215 1119.330819 1145.115477 1167.938914 1195.705548 1221.211807 1257.467450 1292.616087 1325.936396 1357.912224 1383.128073 1402.531687 1410.552925 1419.964880 1428.743269 1445.270749 1466.739792 1488.578435 1517.148901 1545.199655 1569.212415 1583.065072 1593.107529 1609.082744 1624.943403
-9999.0 -9999.0 308.165825 345.795640 380.352121 431.179941 484.275850 518.759929 560.053878 584.814121 592.394225 610.670644 627.824320 636.288051 653.099790 671.173636 688.506332 695.246149 711.964851 744.892143 797.009797 845.094146 870.930677 924.824474 959.647753 987.525828 1005.599269 1033.122507 1069.189436 1112.576544 1162.112030 1212.348229 1251.553126 1283.210206 1299.939629 1319.287901 1342.074058 1365.517044 1398.643831 1427.513669 1458.505564 1484.644235 1506.677070 1514.209443 1519.328090 1534.711188 1558.226425 1583.159988 1606.931268 1629.818162 1635.845411 1646.268906 1651.479823 1654.853087 1659.340774 1662.505062
-9999.0 -9999.0 281.934284 326.675199 367.860467 435.628745 514.579469 552.406237 596.052430 642.349995 662.205632 687.678707 702.852795 716.084532 740.946558 765.013527 776.575077 783.570081 784.506028 841.032974 901.089739 956.615595 1010.730703 1077.675148 1123.188532 1139.678985 1152.176336 1173.145729 1198.610603 1242.262825 1290.317920 1342.147801 1385.347654 1415.883553 1431.918564 1449.604606 1469.409176 1486.757785 1505.061731 1542.724821 1568.829655 1593.933327 1620.107052 1640.061286 1648.280645 1651.515097 1642.995248 1651.556237 1657.712944 1660.932396 1662.476031 1659.843106 1659.742866 1660.862295 1662.119375 1657.252752
-9999.0 193.625949 245.797948 299.460483 369.120288 437.425471 522.034941 602.994544 659.092641 706.342400 736.975643 753.128177 796.074965 842.097532 870.213702 899.398340 903.047054 908.120070 900.273836 948.533236 1001.022194 1079.779136 1190.754103 1247.730376 1290.524478 1294.226105 1290.781395 1304.248344 1328.650591 1370.984113 1435.244081 1480.364794 1530.623408 1568.569455 1582.889227 1589.297064 1606.133009 1625.108725 1617.118226 1636.709093 1646.204794 1654.380634 1656.751794 1659.008181 1660.587072 1661.329994 1658.694173 1652.889539 1645.678562 1640.623880 1636.976781 1632.712757 1635.260573 1638.490342 1639.105501 1631.885410
-9999.0 158.558137 218.383547 290.430435 362.148723 433.299628 540.083585 680.154235 733.404010 772.001860 799.177199 830.364543 912.608953 981.132083 1018.621064 1064.539515 1062.382053 1053.921019 1044.872942 1079.058662 1130.092745 1204.016399 1340.683906 1423.647991 1448.951976 1461.209323 1469.582041 1495.598797 1530.527053 1564.385533 1594.885484 1598.650704 1621.695273 1633.553256 1637.726471 1639.949644 1643.729319 1644.578268 1643.187545 1640.539455 1637.057606 1638.358348 1643.244843 1643.878707 1641.809498 1639.244069 1633.931372 1626.383940 1620.735423 1615.975837 1613.033635 1609.801646 1608.023167 1607.781304 1603.002758 1596.609167
-9999.0 130.460771 201.213649 265.685708 333.753149 452.027608 577.843726 712.704480 806.379426 846.997903 879.926540 956.523211 1058.381577 1153.866781 1207.128544 1235.538119 1242.554104 1227.620912 1235.226456 1279.670969 1342.624922 1428.436311 1511.671043 1583.874248 1597.586358 1602.488148 1586.927265 1599.379098 1610.925672 1614.316947 1617.014998 1621.132149 1627.692070 1631.753739 1631.835580 1630.166134 1626.439960 1619.283166 1614.931654 1612.341973 1609.617361 1609.887272 1613.075324 1614.555270 1612.322992 1608.549232 1603.777393 1597.567812 1590.896038 1583.810936 1579.431817 1575.011376 1572.413890 1567.143068 1562.023731 1555.123001
-9999.0 34.573038 121.744863 179.163532 300.387536 472.720165 599.636592 752.250738 897.380331 942.633739 1025.334522 1143.835937 1247.677807 1321.228806 1365.218718 1410.418287 1442.440415 1468.566265 1503.348888 1472.671466 1524.209051 1574.096871 1595.863590 1607.403371 1609.524626 1612.410649 1606.321109 1588.845848 1579.973875 1574.747375 1577.805447 1586.251152 1592.824802 1599.196406 1597.889740 1598.832960 1598.902139 1595.379967 1591.739933 1583.913079 1576.771388 1571.547536 1570.214961 1575.626842 1570.816030 1567.461122 1561.203052 1552.762569 1543.637797 1535.487074 1527.392205 1520.233941 1516.906429 1510.746901 1508.404101 1499.365925
-9999.0 -46.374389 31.292246 125.527179 268.389278 433.266559 569.251057 739.534940 945.102680 1061.904155 1182.839833 1253.792895 1327.916362 1392.150285 1457.402535 1505.118239 1532.128510 1544.029855 1537.781389 1547.074853 1517.280319 1511.550088 1529.288834 1555.736110 1569.403150 1574.476278 1567.156498 1557.388922 1551.119301 1550.849390 1550.395824 1549.794153 1548.846307 1547.247194 1544.429533 1546.293638 1550.513745 1544.306302 1535.867537 1527.958932 1520.922644 1513.023491 1507.815363 1504.646257 1503.361569 1502.904708 1495.214873 1484.537055 1473.604763 1464.984822 1456.821009 1450.637924 1447.523547 1441.947344 1433.504869 1420.628285
-9999.0 -141.488416 -21.912361 75.306310 202.061915 341.020153 472.212557 639.736525 794.353932 1013.534646 1176.093388 1272.042480 1313.612871 1371.632119 1433.895950 1501.325628 1509.789172 1484.067825 1454.993613 1441.284019 1446.196515 1455.888417 1469.472083 1489.424008 1506.966342 1516.820094 1518.968338 1511.689609 1498.515077 1489.699267 1483.545728 1474.276214 1467.542188 1466.500208 1466.878635 1473.467224 1475.455474 1466.162902 1453.298285 1437.625533 1424.023252 1413.828400 1411.020001 1412.269368 1412.140207 1408.514998 1401.489665 1390.833641 1378.097423 1366.122193 1358.174237 1352.171208 1344.815133 1334.455026 1322.897475 1309.806334
-9999.0 -9999.0 -95.508632 16.363972 127.629978 253.328826 374.155969 523.341153 677.733857 863.529565 983.989703 1108.806139 1179.394388 1226.832153 1279.770526 1335.408756 1355.252445 1374.456064 1358.156141 1362.175772 1368.484604 1374.531386 1384.490809 1396.430034 1409.764978 1419.667867 1427.054477 1425.052753 1416.068085 1399.400677 1379.715088 1364.569813 1355.733252 1348.804032 1357.391600 1368.086927 1364.987373 1358.092028 1346.160498 1330.674581 1317.861594 1304.473536 1300.776330 1301.077729 1301.003582 1297.929581 1293.129475 1280.182965 1267.025920 1254.674934 1248.536427 1241.793003 1235.598317 1224.089460 1211.784873 1198.168661
-9999.0 -9999.0 -179.258682 -69.255077 48.003024 173.251803 277.297756 363.455606 519.979177 640.155357 745.864087 843.766461 925.315408 988.984846 1035.061509 1096.245212 1135.985911 1152.319553 1170.433126 1197.649973 1222.599756 1249.067372 1266.844988 1279.756756 1293.634270 1306.569254 1315.179763 1303.973146 1293.239962 1276.901070 1256.006702 1233.190017 1221.032442 1216.753854 1218.804272 1223.724837 1217.853432 1208.027853 1193.644827 1177.911324 1164.918535 1153.468490 1149.306438 1146.020885 1144.603771 1141.531225 1138.050594 1129.115936 1117.414224 1109.132299 1100.365130 1093.662806 1089.783173 1082.156611 1072.076137 1064.810189
