tests/Borden05m/sims/sim_1/output-maps/psiliqL0027N0012.asc
ncols         160
nrows         34
xllcorner     620200.000000
yllcorner     5168000.000000
cellsize      0.500000
NODATA_value  -9999.0
[rows 0 to 24 of 34, columns 55 to 109 of 160]
-9999.0 -9999.0 -9999.0 -9999.0 -9999.0 -9999.0 -9999.0 -9999.0 -9999.0 -9999.0 -9999.0 -9999.0 -9999.0 -9999.0 -9999.0 -9999.0 -9999.0 -9999.0 -9999.0 -9999.0 -9999.0 -9999.0 -9999.0 -9999.0 -9999.0 -9999.0 -9999.0 -9999.0 -9999.0 -9999.0 -9999.0 -9999.0 -9999.0 -9999.0 -9999.0 -9999.0 -9999.0 -9999.0 -9999.0 -9999.0 -9999.0 -9999.0 -9999.0 -9999.0 -9999.0 -9999.0 -9999.0 -9999.0 -9999.0 -9999.0 -9999.0 -9999.0 -9999.0 -9999.0 -9999.0
-9999.0 -9999.0 -9999.0 -9999.0 3597.897721 3592.607199 3587.866441 3583.371168 3574.872516 3565.537593 3557.701389 3553.480245 3552.271387 3551.397392 3550.710478 3555.497691 3563.503468 3571.058211 3577.855923 3580.212102 3582.498162 3584.270358 3584.433408 3583.253601 3579.968680 3576.575857 3573.146023 3571.395431 3564.073521 3552.949542 3544.666793 3541.972671 3546.118714 3550.440603 3552.891284 3558.007139 3568.352324 3578.926204 3587.501267 3600.115416 3607.223981 3612.589022 3615.152313 3611.182826 3607.946950 3603.974967 3597.763317 3586.669065 -9999.0 -9999.0 -9999.0 -9999.0 -9999.0 -9999.0 -9999.0
3542.812650 3561.145385 3582.144862 3585.220070 3573.469133 3568.358568 3565.205813 3563.539800 3559.310355 3550.796259 3545.649907 3540.115845 3537.353129 3537.293188 3537.092645 3540.647612 3551.379450 3559.083228 3563.551971 3566.126468 3568.921132 3567.179720 3566.313599 3566.031053 3563.068963 3559.521904 3556.087534 3554.182911 3555.686118 3548.064622 3542.005512 3538.051131 3534.977387 3537.724682 3540.433356 3545.106842 3554.238960 3562.115442 3570.070862 3585.314249 3598.564015 3604.307532 3601.780014 3597.249168 3593.459498 3586.016006 3575.232341 3565.291202 3557.339274 3551.351617 3546.056945 3539.635954 3546.147652 3554.180215 3563.511693
3525.980520 3545.088183 3565.491198 3567.978108 3557.711514 3549.989874 3542.960162 3543.452086 3546.968514 3543.701052 3538.803376 3530.718730 3540.781174 3541.670479 3542.240690 3545.318510 3546.999842 3552.184202 3554.482389 3559.723057 3568.606911 3571.336839 3571.679123 3571.633153 3569.556788 3566.214325 3564.165134 3561.296478 3555.952117 3554.049129 3553.605450 3552.204373 3556.196850 3557.708115 3560.709253 3555.316673 3559.813265 3566.075892 3573.063032 3578.513062 3584.625865 3587.061720 3583.801804 3584.552066 3576.271710 3562.698052 3553.013894 3545.708177 3546.187374 3543.334527 3535.486176 3521.770118 3530.261985 3546.507408 3551.389034
3530.257689 3539.064747 3549.434979 3551.816044 3546.710738 3548.923443 3550.647063 3551.745501 3549.776909 3546.102353 3541.433912 3551.576940 3559.674278 3560.910814 3563.183813 3567.042659 3567.904746 3557.032768 3554.937311 3562.025472 3571.522191 3576.520603 3576.599950 3576.113447 3572.209287 3570.949513 3570.675050 3568.834945 3568.147304 3569.568855 3566.888238 3569.652508 3575.078256 3578.407589 3573.404937 3565.064271 3567.436650 3575.961458 3585.174370 3592.800912 3602.946626 3613.702652 3614.127145 3609.754697 3601.356057 3589.074355 3566.790606 3549.530813 3538.645923 3530.673743 3523.497070 3526.818876 3522.087543 3536.215836 3538.118861
3514.932281 3535.820541 3555.662039 3561.254530 3555.159306 3551.449175 3550.246374 3550.772805 3549.608752 3549.749587 3558.043143 3569.543785 3580.354090 3582.161365 3583.799474 3582.344524 3574.870337 3564.478323 3561.816691 3574.853546 3591.516279 3599.247008 3598.573152 3593.865955 3596.582858 3596.772054 3597.413426 3594.144251 3594.713812 3591.941256 3596.955422 3604.611209 3612.629176 3611.299635 3598.883848 3586.485273 3586.551288 3592.248100 3599.515254 3607.223348 3617.385100 3626.479591 3621.744282 3616.816537 3609.739737 3584.460880 3562.296526 3548.314433 3548.763622 3549.682271 3545.404281 3543.593093 3543.006497 3539.266068 3539.660384
3550.264150 3569.200128 3589.315661 3601.933020 3595.648375 3588.157581 3579.791922 3579.868842 3579.956635 3585.500336 3595.535775 3607.770519 3629.167001 3628.253850 3628.384217 3626.659086 3613.560360 3600.228777 3590.317292 3612.676077 3623.724273 3630.696776 3627.706881 3632.369517 3640.857026 3637.333530 3631.163085 3618.938037 3624.458316 3630.475652 3645.603645 3653.619551 3659.009414 3654.163856 3640.052401 3633.213214 3634.994067 3641.819966 3643.319406 3652.324550 3660.984919 3675.916129 3674.556954 3671.752880 3652.141314 3615.199181 3586.374127 3574.485187 3586.407109 3580.930976 3574.651521 3574.927806 3564.213614 3557.427347 3560.291996
3581.145427 3594.163639 3610.155580 3626.483025 3617.229397 3607.066503 3590.272867 3586.880559 3590.721200 3600.824582 3618.142157 3635.656191 3655.205059 3653.090088 3645.719783 3655.333281 3648.285807 3637.309062 3629.832979 3652.038889 3661.955806 3672.038544 3677.423721 3690.042574 3700.373194 3683.304141 3665.836552 3655.009945 3662.168931 3688.220355 3711.035407 3715.818039 3714.715395 3713.884550 3698.083421 3693.388326 3690.243361 3691.027817 3688.658367 3686.969607 3712.875275 3734.825438 3734.728392 3713.337925 3690.709476 3650.854299 3613.104068 3589.398440 3603.448094 3600.077325 3603.747274 3594.072961 3582.701133 3576.331898 3574.454805
3629.599880 3650.601383 3666.669314 3688.576668 3678.709928 3655.149287 3638.495038 3640.897094 3654.492489 3662.619210 3681.327002 3697.894890 3723.277718 3734.697303 3745.336246 3749.270097 3742.316502 3733.801509 3721.872869 3727.697694 3752.153352 3763.775911 3771.933634 3780.156233 3792.828193 3792.796199 3785.534274 3783.586640 3788.055913 3802.060814 3816.977993 3823.743817 3826.627468 3829.014344 3815.032759 3801.906112 3800.236888 3795.032024 3794.223641 3793.576790 3805.739324 3827.036956 3823.717138 3786.323164 3759.443187 3724.091114 3685.527070 3656.278877 3650.974782 3671.002367 3669.529929 3653.472273 3643.699042 3618.445715 3614.227707
3697.805926 3730.635807 3754.814300 3764.771472 3771.795998 3756.265599 3753.919771 3758.135265 3766.643600 3769.663950 3776.030703 3808.495733 3842.287628 3867.030706 3889.749496 3896.848679 3884.385039 3874.606190 3860.949685 3852.201198 3863.841077 3881.388933 3899.181356 3914.078092 3925.441207 3927.399668 3925.788225 3925.831766 3929.051210 3932.067645 3936.513081 3945.219643 3952.925106 3961.489610 3969.275522 3958.429501 3941.390643 3932.361727 3923.721193 3923.269635 3924.885848 3929.190951 3930.331009 3912.748873 3869.694055 3837.669768 3805.397118 3786.451593 3773.771400 3774.590826 3756.404355 3731.812065 3679.848587 3642.686701 3611.629559
3782.795866 3827.428423 3856.751065 3873.458420 3886.057704 3882.612340 3884.481770 3885.430867 3889.039874 3891.212702 3893.602568 3920.926830 3963.133403 4002.953067 4034.521996 4034.058098 4019.897050 4008.466218 3999.473066 3984.713306 3980.725283 3993.891491 4009.803715 4030.598240 4040.979691 4046.747913 4043.183160 4043.390968 4045.349642 4047.744051 4049.941289 4053.778798 4063.750498 4079.231225 4094.129109 4093.062708 4073.458871 4055.333720 4039.385831 4037.348569 4035.217241 4030.327022 4032.860789 4034.810534 4017.955210 3985.837346 3945.362153 3904.923579 3888.943153 3874.210958 3863.367981 3846.170196 3804.006106 3735.676264 3695.262955
3898.451444 3933.577878 3962.835884 3993.339096 4007.957427 4009.731733 4006.950318 4005.527744 4012.603444 4015.037998 4020.301785 4036.988904 4070.297667 4106.762433 4137.011337 4152.334460 4144.091819 4125.477798 4102.639468 4092.262392 4089.155406 4092.989463 4102.907010 4116.418908 4136.519243 4156.465713 4162.317700 4163.226191 4160.509210 4162.995231 4164.630615 4164.762651 4167.937399 4176.953326 4187.230091 4190.718011 4182.523694 4160.728599 4136.701848 4125.599358 4119.279003 4115.938863 4117.247058 4122.813325 4126.401388 4111.078296 4074.362251 4028.782437 3998.913033 3984.278857 3971.623998 3957.293213 3944.471230 3909.797215 3888.232368
4008.503604 4024.144923 4052.988274 4082.312715 4104.968250 4119.600235 4119.641745 4122.432611 4127.277869 4134.387426 4149.513482 4173.564942 4193.451941 4217.030478 4244.524991 4261.408071 4266.648691 4264.709720 4260.241030 4261.358848 4261.744866 4193.121030 4199.906127 4206.677489 4225.349702 4241.932005 4247.980328 4248.676882 4245.897779 4247.855265 4248.691202 4248.549147 4248.172005 4250.862069 4256.407519 4258.526969 4255.906791 4242.311938 4262.913799 4242.338896 4228.569680 4220.192846 4211.804584 4203.522720 4194.022449 4183.982376 4163.195845 4131.494546 4096.671256 4075.673878 4068.016754 4061.786627 4052.871368 4046.947060 4029.458156
4107.726002 4118.338346 4137.079766 4160.388445 4195.524997 4219.769898 4231.421834 4240.938381 4245.660229 4259.949539 4277.201773 4259.492897 4268.596565 4278.017173 4287.377544 4290.591975 4291.512342 4291.087659 4288.661261 4287.812317 4285.264490 4281.957341 4271.317466 4272.946306 4274.967649 4277.611738 4281.385685 4280.313422 4281.456248 4284.421415 4282.615109 4276.468771 4272.303989 4270.725723 4271.811526 4279.311074 4282.865182 4283.853093 4280.104365 4279.124932 4278.033382 4274.306916 4269.654494 4263.095948 4254.706276 4271.343236 4258.885630 4229.934498 4188.329177 4145.912874 4138.956493 4141.458045 4141.141381 4139.668378 4133.979658
4236.147674 4250.230052 4265.424465 4240.181704 4264.661382 4277.189125 4283.046880 4287.437267 4290.336831 4293.806994 4290.829453 4287.879942 4282.944036 4281.317834 4279.944959 4277.485811 4278.108440 4276.219541 4272.112442 4267.969650 4259.738771 4248.003306 4236.822868 4233.085871 4237.348622 4243.075252 4248.372619 4253.033116 4256.831178 4256.669016 4251.063482 4242.506898 4234.851063 4233.225913 4240.191639 4245.985838 4252.735433 4253.649221 4252.249399 4249.671403 4249.347879 4245.933826 4246.097745 4253.302553 4268.362563 4270.634559 4277.101605 4276.180641 4257.939208 4224.907812 4239.350854 4219.213548 4225.565324 4220.887450 4209.430050
4281.885829 4284.922091 4283.135402 4282.140890 4275.670269 4269.549307 4268.749377 4272.793676 4279.887253 4280.908822 4273.811211 4265.139133 4257.817193 4250.237504 4247.826376 4247.351926 4247.145099 4247.697603 4242.372834 4232.778990 4215.429558 4203.800205 4192.718690 4186.767890 4182.673732 4185.899842 4197.401909 4210.023085 4215.145494 4205.419999 4196.767747 4184.719781 4176.613654 4177.091678 4177.943746 4187.566072 4204.933209 4212.972541 4213.795865 4207.100371 4200.289864 4193.504106 4190.277208 4196.691118 4212.144952 4229.262602 4245.288696 4254.663753 4262.508732 4269.780967 4267.386408 4270.390068 4272.042834 4269.709349 4273.377785
4276.476480 4269.401750 4262.330918 4256.963456 4250.512146 4245.243113 4243.367814 4245.149433 4246.927635 4242.680315 4236.307582 4226.282888 4215.176074 4205.422272 4197.545980 4198.586125 4200.964233 4202.727196 4195.265827 4179.690274 4161.722996 4148.171578 4134.258382 4130.311278 4124.238767 4116.037060 4126.106223 4146.294433 4153.876491 4137.348692 4126.274447 4110.879079 4104.392863 4100.245094 4100.916700 4109.801564 4132.785944 4157.709333 4159.955541 4148.802805 4137.713014 4133.014712 4129.733172 4134.133369 4150.756931 4171.842088 4188.253373 4198.912205 4204.266220 4212.068573 4221.510629 4236.176246 4251.332930 4263.959845 4268.117600
4251.081894 4243.299221 4235.613390 4227.951747 4221.040238 4214.811276 4210.487580 4208.524470 4204.365809 4198.208568 4191.139954 4169.480192 4156.947065 4143.837417 4128.682579 4124.695254 4119.606832 4120.589222 4109.005442 4101.334227 4085.128282 4069.768553 4054.131001 4040.340172 4034.620799 4027.791712 4025.229237 4038.431890 4046.789664 4037.840922 4028.230904 4017.898476 4013.623356 4010.256922 4012.838299 4023.337358 4042.552126 4060.877826 4069.570365 4062.348681 4061.666188 4062.081152 4060.499541 4066.971579 4077.320226 4095.095037 4117.818514 4137.309001 4147.354256 4154.170491 4163.320599 4177.834508 4192.067688 4206.572720 4224.818982
4220.479287 4211.124007 4201.163648 4191.384697 4180.847316 4170.249951 4163.659444 4166.488171 4160.512442 4154.957377 4131.125911 4074.647678 4053.051707 4033.930110 4017.527666 4010.635000 4002.032229 3984.665046 3976.069144 3971.897931 3975.419610 3961.681251 3944.188864 3926.282296 3921.450960 3918.023096 3899.399772 3893.386036 3893.538592 3911.682830 3905.839076 3905.295398 3907.845565 3905.498557 3906.512750 3919.159563 3926.257368 3931.023586 3937.917930 3943.736037 3954.934651 3963.365046 3974.619695 3992.027097 4002.567205 4017.580458 4037.783360 4063.781567 4079.619828 4089.139069 4099.462558 4114.722577 4130.852530 4148.681912 4171.145281
4185.689246 4168.759350 4154.035208 4139.669420 4126.944531 4114.064938 4097.846238 4099.865535 4097.907251 4087.359899 4030.436660 3989.905629 3955.852538 3938.835617 3914.991269 3901.143925 3883.989726 3843.745205 3825.874518 3826.362469 3842.853310 3840.394502 3825.439313 3813.965431 3804.408996 3794.666713 3776.218843 3755.903251 3762.229101 3781.756515 3783.621357 3787.822882 3796.347140 3796.056458 3788.815658 3784.758845 3796.404805 3801.440967 3812.860479 3831.544197 3836.564055 3854.203981 3889.158372 3901.831717 3916.776584 3934.803034 3954.887453 3976.783499 3999.615604 4013.699927 4028.870800 4047.164893 4063.721920 4083.885313 4106.278021
4134.285727 4102.761745 4081.464070 4064.015263 4044.663340 4016.828154 3996.921754 3994.726101 3988.715450 3958.161959 3904.952895 3870.167268 3847.886266 3826.281703 3803.585503 3779.152790 3740.262900 3705.139502 3683.208504 3700.819967 3712.885088 3726.434454 3715.594440 3705.280661 3695.896663 3677.245561 3660.239004 3643.055469 3654.546208 3663.263744 3684.115339 3691.617496 3695.614291 3702.087838 3700.568458 3688.664148 3681.720202 3689.564349 3699.258445 3711.402085 3734.212357 3770.629451 3795.271809 3813.485379 3833.694254 3851.867755 3872.704422 3895.200550 3917.852341 3934.667311 3952.642075 3970.709752 3991.247971 4009.832293 4032.108683
4052.502923 4024.414296 3998.346528 3975.305602 3942.966511 3895.583344 3881.393468 3872.517918 3849.288452 3800.155607 3758.812679 3740.592086 3729.676124 3707.036324 3686.859042 3657.839145 3623.784578 3603.284274 3582.978614 3594.313054 3605.520284 3627.430558 3619.487688 3613.665154 3611.443976 3596.187115 3583.158718 3566.462909 3572.618150 3585.247389 3609.905228 3616.279119 3620.572646 3630.418410 3629.701817 3624.590942 3605.369208 3611.619182 3622.312314 3636.978467 3668.457194 3690.458893 3712.353488 3733.836198 3752.663000 3773.589929 3795.105653 3817.445907 3843.473682 3862.555110 3881.043355 3902.057763 3920.559095 3933.836906 3948.896373
3943.243270 3919.891200 3901.168186 3877.364541 3833.757365 3790.090776 3748.385387 3720.162864 3665.822692 3631.095908 3613.672807 3615.975560 3605.529218 3587.138839 3569.490478 3551.332158 3530.934280 3513.556840 3488.946938 3495.225443 3512.181907 3530.268164 3533.286427 3535.451985 3534.648097 3526.016541 3512.831550 3499.346707 3503.207024 3520.749919 3539.015454 3549.612265 3557.550187 3565.299656 3564.852081 3554.620734 3544.036012 3548.331347 3563.571088 3579.253878 3595.681905 3615.389525 3635.306077 3654.960364 3676.655893 3698.355127 3720.291861 3744.173152 3770.101969 3790.771401 3813.598919 3837.126176 3852.421126 3859.865863 3865.923083
3840.543664 3822.449088 3800.079055 3772.911797 3731.276758 3692.589225 3652.643755 3604.538547 3572.271233 3545.069498 3541.149418 3527.639308 3516.530767 3504.088100 3485.214818 3470.625303 3457.749630 3437.644743 3429.928409 3438.274253 3452.368959 3460.427890 3468.478634 3467.018039 3465.265660 3460.374551 3446.683004 3443.829874 3454.241759 3469.429004 3482.886896 3494.699074 3501.566342 3506.375695 3503.091228 3493.498732 3490.824301 3498.672569 3513.696767 3526.354878 3539.902919 3559.425153 3578.129022 3598.472022 3619.639481 3640.284277 3663.346975 3687.133399 3711.894770 3738.015743 3759.021254 3775.873780 3783.033080 3790.945868 3788.154274
3717.385141 3707.711318 3682.752093 3655.151682 3627.524087 3596.538707 3574.542960 3544.977899 3516.663464 3489.448176 3465.063399 3455.194846 3451.235732 3440.370581 3425.357925 3415.981143 3401.961137 3394.450941 3402.618993 3404.188432 3412.144971 3410.140386 3411.639094 3409.780496 3409.686210 3408.255768 3403.323032 3416.311878 3422.673796 3435.777121 3445.576479 3455.256214 3460.804583 3464.066932 3465.231807 3461.201579 3467.191868 3472.584361 3485.474763 3495.775005 3508.066040 3526.721509 3542.242308 3559.610890 3580.245953 3601.578686 3623.673457 3647.648922 3674.018464 3696.915766 3712.679060 3717.355712 3724.654885 3723.753108 3710.150830
