tests/Borden05m/sims/sim_1/output-maps/psiliqL0015N0003.asc
ncols         160
nrows         34
xllcorner     620200.000000
yllcorner     5168000.000000
cellsize      0.500000
NODATA_value  -9999.0
[rows 0 to 24 of 34, columns 56 to 111 of 160]
-9999.0 -9999.0 -9999.0 -9999.0 -9999.0 -9999.0 -9999.0 -9999.0 -9999.0 -9999.0 -9999.0 -9999.0 -9999.0 -9999.0 -9999.0 -9999.0 -9999.0 -9999.0 -9999.0 -9999.0 -9999.0 -9999.0 -9999.0 -9999.0 -9999.0 -9999.0 -9999.0 -9999.0 -9999.0 -9999.0 -9999.0 -9999.0 -9999.0 -9999.0 -9999.0 -9999.0 -9999.0 -9999.0 -9999.0 -9999.0 -9999.0 -9999.0 -9999.0 -9999.0 -9999.0 -9999.0 -9999.0 -9999.0 -9999.0 -9999.0 -9999.0 -9999.0 -9999.0 -9999.0 -9999.0 -9999.0
-9999.0 -9999.0 -9999.0 1218.230965 1212.827891 1207.774707 1203.071705 1194.365941 1185.295205 1177.151421 1173.320730 1172.544757 1171.925189 1171.675866 1177.039265 1185.226327 1193.040003 1200.334521 1202.929549 1205.546656 1207.929605 1208.595015 1207.607926 1204.610010 1201.535193 1198.345335 1196.980764 1189.164616 1177.950145 1169.313659 1166.628999 1171.039031 1175.489808 1177.957117 1183.648197 1194.235726 1204.877945 1213.252404 1225.035605 1230.799147 1235.699684 1238.355988 1234.030859 1230.302248 1226.270025 1220.852061 1209.721635 -9999.0 -9999.0 -9999.0 -9999.0 -9999.0 -9999.0 -9999.0 -9999.0 -9999.0
1181.902547 1202.115100 1205.403393 1194.079024 1189.207659 1186.063887 1184.215405 1179.591941 1171.118079 1166.045450 1160.805092 1159.000957 1159.231885 1159.454328 1163.679957 1174.106511 1182.228975 1187.142171 1189.860890 1192.701452 1192.433125 1192.106050 1192.050431 1189.419810 1186.231506 1183.068325 1181.456029 1182.193270 1174.720905 1169.241814 1165.800553 1163.961694 1166.508505 1168.917814 1172.438271 1181.789215 1189.781990 1197.748618 1211.976231 1224.264707 1229.304455 1226.511375 1221.301991 1217.234215 1210.188385 1199.829985 1189.430908 1179.973139 1172.980210 1167.274138 1161.223563 1167.026837 1173.552583 1183.074795 1192.370050 1204.130218
1166.661753 1186.917246 1189.817762 1179.266065 1171.213405 1166.074929 1166.495445 1169.379806 1166.093844 1161.625676 1156.404304 1165.315965 1166.740772 1167.998073 1171.446540 1174.524672 1178.120865 1180.999411 1186.550342 1195.756860 1198.735465 1199.530097 1199.948861 1198.390804 1195.538227 1193.967554 1191.429397 1186.397674 1185.313720 1185.570736 1185.188832 1190.017548 1191.500747 1193.378915 1186.839389 1190.436794 1196.511222 1203.187685 1209.332486 1215.648319 1219.089717 1215.486216 1214.487239 1205.753510 1191.635187 1180.414717 1171.841359 1170.047986 1166.615391 1158.440805 1145.255342 1152.196665 1167.467772 1171.736730 1174.615764 1185.882397
1161.841515 1173.548242 1176.616845 1171.787392 1173.433124 1175.248514 1176.902168 1175.500233 1172.643338 1170.511887 1182.882070 1192.300549 1194.229515 1197.268960 1201.140802 1200.940080 1189.403799 1187.248141 1195.577627 1206.049639 1212.040561 1212.612597 1212.878283 1210.964955 1210.298150 1210.263358 1208.399245 1209.151263 1211.560317 1211.223413 1215.602137 1221.207780 1224.143472 1216.733236 1207.685139 1208.639882 1216.342061 1224.417427 1231.492712 1241.703639 1252.519905 1251.240253 1245.337503 1235.961772 1222.136104 1198.453195 1178.850152 1167.580828 1159.894849 1152.259654 1152.276330 1148.544009 1159.740104 1160.967715 1162.453187 1170.083423
1166.838330 1188.004695 1195.786576 1190.109863 1185.516612 1183.265524 1184.276595 1184.560381 1187.461339 1199.582742 1213.236255 1227.405677 1230.269096 1232.939885 1232.613938 1224.018546 1214.003087 1210.615017 1225.348749 1241.891846 1250.504612 1251.493243 1250.811915 1257.671466 1257.027073 1256.067666 1251.776844 1253.883319 1254.953895 1264.262347 1271.905638 1279.089867 1277.322988 1265.249472 1253.631790 1252.180660 1255.129467 1258.649179 1264.665315 1274.389530 1283.451204 1277.829422 1270.397768 1260.218645 1231.558927 1204.633050 1187.688819 1187.351792 1187.045747 1181.682040 1178.147453 1174.708093 1167.617743 1166.660480 1165.241623 1164.116379
1214.686642 1234.900709 1250.514918 1245.050006 1237.451705 1227.938101 1228.847007 1231.876706 1240.005582 1252.970465 1270.047113 1293.969416 1296.671797 1299.785901 1302.221513 1291.071584 1278.887171 1268.146229 1286.761528 1297.496229 1306.548808 1308.470091 1318.481411 1328.988111 1325.360960 1318.278546 1308.319573 1314.870853 1326.123879 1341.285039 1348.248817 1352.281564 1350.576069 1339.089728 1333.105798 1331.824389 1334.269950 1331.932435 1336.458222 1345.789878 1359.979725 1358.496670 1349.447506 1326.509261 1288.866948 1254.561063 1234.554286 1240.148265 1232.733647 1225.327482 1221.456044 1207.309284 1196.302837 1195.954275 1185.862333 1179.135745
1260.351527 1278.692115 1297.058886 1292.188620 1282.173202 1269.013748 1268.693009 1276.276697 1286.932742 1306.265450 1328.945349 1352.736898 1360.252199 1362.586885 1372.504824 1366.260485 1356.878584 1348.913133 1361.650773 1373.975447 1386.392976 1396.786376 1410.776030 1423.373415 1414.004273 1402.301222 1397.146555 1403.037101 1423.704495 1441.702210 1446.828327 1447.843578 1450.158900 1440.317398 1433.823214 1427.344302 1422.558662 1416.693778 1412.235571 1430.361874 1446.318994 1443.632118 1419.447063 1394.420964 1356.683964 1317.984178 1285.983109 1286.266972 1282.531328 1281.258033 1266.279030 1250.687067 1234.824991 1225.451029 1215.819391 1201.376852
1347.940585 1368.609377 1390.348714 1390.522255 1373.751969 1365.496905 1370.595842 1384.005342 1392.074458 1408.688531 1432.670678 1464.312114 1485.160576 1503.814166 1508.544768 1500.547562 1491.663830 1478.779786 1478.059585 1496.677316 1509.878457 1521.957829 1534.277346 1548.458417 1554.768580 1552.816391 1553.015033 1556.910541 1565.119394 1574.944852 1581.745132 1586.862864 1591.976488 1586.989977 1576.359233 1570.332656 1561.722545 1555.228068 1552.136142 1554.757344 1565.611667 1561.770802 1532.657183 1503.981206 1469.946980 1431.314662 1398.918745 1381.738993 1388.172817 1377.293612 1358.468340 1339.434679 1305.041647 1289.219611 1273.156316 1243.695760
1451.086948 1479.203380 1494.199288 1507.492172 1502.177577 1504.065273 1508.891085 1517.272846 1523.212516 1532.197749 1565.815074 1601.557987 1631.178771 1655.937522 1664.818797 1654.416645 1644.561053 1632.409130 1623.461999 1629.455189 1645.741715 1664.611025 1682.431004 1695.729942 1700.855102 1700.923963 1702.117915 1704.885264 1708.265057 1711.676681 1718.228102 1725.561773 1735.351569 1745.782270 1739.206043 1722.344048 1710.260242 1696.859087 1691.736860 1689.506722 1687.012955 1685.167657 1674.070636 1639.045286 1607.971906 1573.917095 1544.472185 1522.667722 1509.038208 1488.261320 1464.307752 1416.690689 1375.891099 1340.354371 1313.067201 1284.390170
1571.575895 1603.422220 1627.591348 1643.427834 1646.364222 1649.530225 1652.891755 1659.638386 1665.904461 1673.959500 1698.459414 1737.372872 1775.443221 1805.821431 1809.469725 1799.522611 1788.920068 1778.791696 1768.068208 1765.668133 1775.782302 1789.580012 1808.401921 1821.571669 1832.175073 1832.287630 1833.545597 1834.796001 1837.278914 1839.418395 1841.806443 1849.264894 1861.503781 1873.087957 1873.770834 1859.654940 1842.582859 1825.377528 1818.502446 1812.187195 1805.206778 1803.908126 1802.649751 1791.693343 1763.459158 1724.901676 1680.699566 1653.609928 1631.352643 1616.749520 1598.975518 1569.538897 1514.508790 1480.763938 1443.377312 1408.432853
1695.072209 1726.188258 1757.878831 1776.943456 1784.583856 1785.292080 1787.594281 1795.932956 1802.906657 1813.601771 1831.212622 1856.890729 1887.011166 1914.155289 1931.007671 1926.605888 1913.273344 1895.563746 1890.196432 1889.672394 1893.353477 1902.075786 1912.543424 1930.013341 1947.471758 1953.887158 1955.350449 1953.380823 1955.947853 1957.486705 1957.827394 1959.330442 1964.707622 1972.165981 1974.838814 1969.651307 1953.052530 1932.653847 1918.802171 1910.104657 1904.895912 1902.087657 1902.324734 1900.585910 1886.433315 1854.881237 1814.459503 1780.131946 1757.680985 1740.584186 1725.169923 1711.930583 1688.242059 1667.142003 1632.797724 1586.057028
1806.736530 1834.119512 1862.040548 1886.536956 1903.075970 1906.882050 1912.536166 1917.963146 1928.061093 1944.211405 1964.466606 1979.569546 1997.327230 2019.144166 2032.011700 2037.453457 2037.464972 2036.021652 2038.236131 2039.295633 2008.561873 2013.378094 2018.088399 2027.863141 2037.820074 2041.527420 2042.305417 2041.358551 2042.920703 2043.687782 2044.125508 2044.072697 2044.658357 2047.429030 2048.581876 2047.516877 2040.188040 2045.873752 2028.716798 2016.566858 2008.593925 2000.094371 1990.594662 1979.850796 1968.853221 1950.802912 1922.451434 1888.434224 1861.542537 1849.643495 1841.743327 1833.021698 1825.250112 1807.151048 1782.783512 1748.751542
1917.797299 1934.980808 1956.113302 1984.704924 2004.360343 2014.897204 2023.502950 2028.364728 2040.940772 2054.864848 2048.323654 2052.807766 2057.203445 2061.398506 2062.648330 2062.855397 2062.567937 2060.488270 2060.495944 2059.416106 2055.886014 2047.229739 2049.481535 2051.570405 2054.391291 2058.106582 2056.952743 2058.041935 2061.187971 2059.998697 2054.880755 2051.667476 2050.497850 2051.406651 2058.892872 2062.455518 2063.706291 2062.801646 2062.496131 2062.203686 2060.416971 2057.885149 2054.154717 2049.317268 2053.463111 2042.346718 2018.019896 1983.886081 1948.073683 1934.963131 1930.997579 1930.019349 1925.630695 1917.584001 1897.310781 1868.332290
2038.074754 2051.949267 2046.563486 2058.528543 2064.579832 2067.293239 2069.852363 2072.010360 2073.184121 2069.789195 2066.177379 2061.119099 2059.286095 2057.347438 2054.312503 2054.386842 2052.131786 2048.204903 2044.911882 2038.802393 2028.666777 2017.975830 2015.598158 2020.137457 2025.029787 2029.189870 2032.332735 2035.597427 2036.607639 2032.113636 2024.746502 2018.248833 2016.973683 2024.023896 2030.196426 2036.300286 2037.790361 2037.286793 2036.080742 2036.957128 2034.931330 2035.610088 2041.991404 2054.945230 2059.766873 2062.412091 2061.644854 2052.795715 2036.953620 2032.442808 2012.714737 2015.798342 2010.132594 1997.549960 1975.563549 1950.797781
2070.376248 2070.139998 2068.797684 2062.891429 2056.873419 2055.664209 2058.845549 2064.862347 2065.280656 2057.535236 2048.426836 2040.559118 2032.700897 2029.398423 2027.100512 2025.525893 2024.994227 2019.469620 2011.580144 1996.473461 1985.364425 1974.431638 1968.313354 1965.652802 1969.686317 1978.937983 1988.271590 1992.598431 1985.515237 1978.205870 1967.941982 1960.596824 1961.626227 1964.560088 1974.534582 1989.827072 1995.980775 1997.906739 1993.901893 1990.303829 1985.336130 1983.883824 1990.959187 2005.912744 2021.294477 2035.213485 2043.661751 2051.235314 2057.958088 2060.900684 2062.283111 2062.699895 2060.943196 2059.617424 2043.496965 2021.880241
2060.667407 2054.243996 2049.108927 2042.175567 2035.861032 2033.134816 2034.223985 2035.570789 2030.693052 2022.568358 2010.898432 1998.418005 1987.030916 1978.784886 1977.730232 1978.269601 1978.121304 1971.012632 1956.440126 1939.282734 1926.036345 1912.077930 1907.518100 1901.607674 1895.834306 1905.263108 1921.843542 1927.686167 1913.711314 1903.781584 1889.842236 1883.258243 1880.949283 1883.570131 1894.286525 1915.936222 1937.453526 1940.443837 1932.275158 1924.164790 1920.807755 1919.289382 1926.245731 1944.616960 1965.226828 1980.929835 1991.531903 1998.122161 2007.097654 2017.352626 2030.429406 2043.985363 2055.067680 2062.627403 2067.167253 2064.822938
2037.504387 2029.496413 2021.320009 2013.384852 2005.873172 2000.006387 1996.052869 1991.161564 1983.025417 1973.684800 1955.760931 1941.123823 1926.504333 1910.132775 1904.163147 1898.788111 1898.742361 1886.648710 1876.391785 1858.162807 1842.545980 1826.400437 1814.442218 1807.331616 1800.034556 1801.974406 1816.111417 1824.385556 1811.516060 1801.118634 1788.791565 1783.403355 1781.069189 1784.584313 1796.788362 1820.389380 1840.919895 1850.011489 1844.078082 1841.430364 1841.175593 1841.456538 1848.613679 1863.646920 1884.512881 1907.281114 1925.603702 1936.921302 1946.343231 1957.986509 1973.838547 1988.805116 2003.416430 2020.932848 2041.595531 2056.616507
2003.861726 1993.064558 1982.249211 1970.158151 1957.554018 1949.034705 1947.970615 1938.817664 1929.668929 1909.749742 1858.724082 1836.772931 1815.324956 1796.596171 1787.614969 1777.483419 1765.954624 1755.642935 1748.647648 1743.051450 1727.280771 1708.967444 1691.263038 1684.627023 1679.176840 1667.430058 1669.447071 1671.469111 1677.550030 1670.063851 1665.033536 1663.991087 1662.412166 1666.786884 1682.318897 1695.577489 1706.888001 1715.116806 1716.785801 1725.954940 1734.058542 1740.911492 1758.624393 1773.505781 1792.998034 1816.871057 1843.645650 1860.218840 1872.672694 1886.345759 1904.436485 1923.131242 1942.337552 1966.046439 1991.936080 2008.897061
1957.664274 1942.000809 1925.790086 1910.564357 1895.014386 1878.310281 1876.104575 1869.509632 1857.008287 1809.045032 1763.041321 1726.297358 1704.441946 1678.473636 1663.419273 1648.517270 1617.697594 1601.444877 1595.759305 1602.180319 1593.214129 1575.751476 1561.098262 1551.473214 1543.101256 1528.344590 1516.734863 1521.264860 1534.372825 1530.787293 1530.093929 1535.221616 1534.515018 1531.718495 1537.135055 1552.864246 1562.189138 1573.892362 1588.113705 1593.899528 1605.950883 1635.203567 1650.528360 1668.010105 1690.648883 1715.569141 1741.750955 1766.215126 1783.531871 1802.232521 1824.785552 1845.132437 1868.948193 1894.980606 1926.079379 1948.251167
1884.208074 1861.739895 1841.882317 1820.635217 1794.857343 1770.794667 1764.739323 1754.225693 1728.954817 1677.409088 1634.039171 1601.805329 1576.185049 1549.279451 1526.819129 1495.420574 1461.945309 1440.498661 1447.565294 1455.104348 1457.846667 1443.925595 1430.995537 1420.263535 1404.874894 1388.743345 1375.738164 1384.508954 1392.703549 1403.223680 1407.394552 1411.284580 1415.129349 1414.851877 1410.178912 1414.279613 1424.129371 1435.418102 1447.184809 1463.400756 1494.941515 1520.475044 1539.320784 1561.866051 1584.323918 1609.900760 1637.036133 1662.638678 1683.152311 1706.133902 1729.904267 1755.430543 1780.399527 1809.111911 1842.005564 1870.334251
1796.204376 1766.181377 1739.718399 1708.064470 1663.753803 1645.278774 1633.088220 1614.981883 1573.066734 1527.744640 1493.184279 1469.129497 1442.405775 1417.328880 1388.419981 1355.540778 1329.595852 1308.952630 1316.083464 1323.434544 1336.404667 1324.972362 1314.531489 1308.723041 1293.478644 1279.485314 1264.398890 1271.412927 1281.604581 1300.044513 1304.550767 1308.265192 1316.121699 1315.718403 1313.524666 1303.444639 1312.388177 1323.510764 1337.898167 1366.594311 1391.186715 1415.374136 1437.594050 1458.990821 1482.994508 1508.734296 1535.234768 1563.913229 1586.865562 1609.897987 1635.798342 1660.586335 1683.091249 1708.203900 1738.969646 1766.354771
1676.160726 1650.778196 1623.047329 1581.919492 1535.349843 1497.128694 1476.263749 1433.004186 1397.145435 1363.952988 1348.633380 1329.959698 1306.254682 1284.044130 1262.249268 1236.606640 1214.462537 1189.912303 1193.757315 1206.701387 1221.099480 1216.868654 1214.171813 1211.192654 1200.256461 1186.512043 1172.826998 1176.330076 1191.796044 1208.778266 1216.816317 1223.795962 1231.613461 1232.010020 1225.010394 1216.751080 1222.673636 1237.440158 1253.899288 1274.338710 1296.605327 1318.675484 1339.764638 1363.230252 1387.694061 1412.788067 1440.038245 1468.902522 1491.891477 1518.499238 1546.392258 1569.110224 1584.960870 1602.335867 1630.193047 1653.212216
1559.227765 1532.372437 1503.099775 1460.171346 1416.909676 1373.298695 1331.094654 1296.818390 1265.137190 1249.049447 1229.859581 1212.033297 1193.852099 1172.283915 1153.027138 1134.749086 1112.610710 1096.537176 1102.100507 1115.033978 1125.273788 1128.867103 1125.942586 1122.925486 1115.760100 1101.928333 1093.274201 1102.017633 1117.229853 1131.735326 1142.252494 1149.089431 1155.085668 1152.551623 1144.426715 1139.648173 1148.041585 1163.794982 1178.565516 1195.467214 1216.898195 1238.168198 1260.181437 1283.318052 1306.513987 1332.240564 1358.930436 1386.390745 1414.179114 1439.495665 1463.154671 1476.822407 1491.235806 1500.715248 1519.621064 1541.672808
1428.599717 1401.413057 1371.897168 1338.535407 1300.277112 1270.251386 1237.465356 1205.953141 1175.157712 1148.943976 1132.329614 1122.735228 1107.874119 1088.776321 1075.495657 1058.661640 1042.798549 1043.998310 1046.339417 1056.601637 1056.957385 1057.536260 1054.590489 1053.515645 1049.616017 1040.028113 1048.108038 1055.301535 1069.570135 1080.136149 1089.635608 1095.811826 1099.893945 1100.225331 1094.537530 1098.796887 1105.860441 1120.378215 1132.230525 1147.084768 1167.815822 1185.327922 1204.926381 1227.374655 1250.675185 1275.200075 1301.448994 1329.942202 1355.792729 1376.530633 1387.318709 1399.965019 1407.407218 1403.526164 1419.971186 1437.729835
