tests/Borden05m/sims/sim_1/output-maps/psiliqL0028N0012.asc
ncols         160
nrows         34
xllcorner     620200.000000
yllcorner     5168000.000000
cellsize      0.500000
NODATA_value  -9999.0
[rows 0 to 24 of 34, columns 55 to 109 of 160]
-9999.0 -9999.0 -9999.0 -9999.0 -9999.0 -9999.0 -9999.0 -9999.0 -9999.0 -9999.0 -9999.0 -9999.0 -9999.0 -9999.0 -9999.0 -9999.0 -9999.0 -9999.0 -9999.0 -9999.0 -9999.0 -9999.0 -9999.0 -9999.0 -9999.0 -9999.0 -9999.0 -9999.0 -9999.0 -9999.0 -9999.0 -9999.0 -9999.0 -9999.0 -9999.0 -9999.0 -9999.0 -9999.0 -9999.0 -9999.0 -9999.0 -9999.0 -9999.0 -9999.0 -9999.0 -9999.0 -9999.0 -9999.0 -9999.0 -9999.0 -9999.0 -9999.0 -9999.0 -9999.0 -9999.0
-9999.0 -9999.0 -9999.0 -9999.0 3797.616416 3792.342749 3787.643286 3783.186316 3774.726692 3765.397162 3757.615715 3753.392231 3752.178009 3751.313541 3750.620468 3755.389265 3763.408555 3770.969232 3777.752247 3780.118744 3782.403888 3784.152179 3784.300696 3783.132002 3779.849361 3776.450514 3773.022743 3771.259201 3763.994508 3752.890769 3744.646981 3741.958440 3746.085635 3750.396499 3752.841884 3757.902011 3768.215010 3778.766571 3787.340725 3799.997624 3807.187041 3812.555420 3815.072191 3811.091620 3807.856378 3803.852301 3797.544428 3786.435321 -9999.0 -9999.0 -9999.0 -9999.0 -9999.0 -9999.0 -9999.0
3742.560205 3760.886422 3781.985045 3785.056478 3773.250777 3768.128060 3764.992903 3763.366566 3759.198336 3750.711985 3745.592383 3740.067838 3737.259593 3737.209359 3737.006490 3740.537150 3751.324544 3759.022200 3763.481930 3766.072658 3768.892373 3767.057965 3766.177305 3765.906158 3762.945712 3759.395983 3755.963603 3754.056067 3755.641160 3748.021796 3741.925367 3737.935666 3734.762640 3737.526280 3740.255330 3745.016089 3754.116770 3761.965579 3769.897096 3785.200931 3798.497267 3804.260509 3801.711779 3797.191109 3793.377292 3785.855723 3774.994393 3765.065553 3757.240105 3751.305956 3746.001399 3739.499596 3746.019048 3754.126960 3763.395064
3725.735738 3744.874314 3765.328552 3767.809484 3757.584720 3749.913173 3742.753631 3743.283787 3746.888859 3743.661866 3738.769543 3730.488608 3740.689325 3741.574960 3742.126429 3745.208945 3746.806665 3752.154248 3754.434505 3759.680924 3768.571594 3771.316584 3771.658477 3771.611304 3769.527942 3766.178218 3764.119246 3761.249277 3755.901128 3753.948191 3753.460320 3751.984070 3755.911778 3757.425119 3760.513625 3755.205375 3759.760952 3766.018415 3773.005289 3778.364949 3784.426101 3786.731736 3783.447390 3784.285056 3775.976923 3762.387468 3752.773566 3745.522777 3746.148248 3743.293605 3735.416557 3721.597695 3730.160000 3746.429351 3751.307627
3730.161200 3738.987133 3749.299074 3751.668546 3746.579810 3748.878777 3750.635794 3751.732291 3749.764550 3746.073683 3741.248758 3751.262951 3759.306573 3760.538447 3762.795485 3766.695045 3767.681714 3756.897978 3754.840883 3761.862262 3771.319539 3776.281418 3776.369128 3775.870284 3771.848553 3770.583845 3770.328691 3768.524535 3767.745847 3769.109201 3766.252086 3768.895188 3774.312899 3777.679821 3772.863886 3764.567044 3767.037331 3775.605214 3784.886247 3792.518641 3802.609696 3813.301554 3813.799142 3809.476811 3801.075841 3788.836102 3766.578051 3749.431988 3738.502601 3730.430917 3723.216744 3726.738787 3721.850217 3736.151030 3738.041451
3714.211761 3735.439839 3755.244666 3760.721185 3754.651400 3751.072265 3750.014555 3750.561160 3749.341690 3749.323325 3757.373810 3768.773640 3779.386859 3781.178206 3782.792662 3781.294151 3773.947908 3763.559114 3760.994233 3773.933295 3790.665493 3798.385378 3797.642016 3792.670493 3795.110809 3795.430627 3796.257834 3793.118025 3793.597342 3790.536222 3795.218571 3802.893722 3810.990274 3809.695625 3797.239373 3784.755965 3784.922254 3790.814486 3798.351953 3806.148424 3816.281815 3825.300515 3820.546309 3815.721787 3808.787795 3783.667894 3761.771203 3747.916684 3748.319221 3749.232665 3744.941319 3743.173349 3742.726647 3739.169931 3739.584593
3749.327536 3768.186487 3788.400968 3800.862842 3794.594870 3787.192472 3779.000325 3779.089540 3779.020773 3784.446405 3794.342516 3806.282802 3827.577102 3826.461581 3826.427515 3824.420808 3811.205469 3797.812912 3788.006242 3810.726752 3821.867983 3828.752161 3825.451602 3829.773015 3838.190184 3834.758971 3828.732953 3816.375229 3821.859071 3827.482955 3842.642409 3850.769238 3856.283096 3851.173739 3836.829331 3829.895959 3831.899966 3839.048348 3840.811773 3850.120704 3858.639768 3873.529258 3872.055908 3869.627221 3850.130258 3813.074258 3784.532087 3773.146112 3785.444345 3779.980428 3773.647509 3774.133870 3763.573477 3757.009335 3760.014968
3779.462618 3792.243627 3808.179850 3824.466289 3814.962709 3804.893452 3787.899199 3784.358335 3788.005220 3798.193632 3815.486192 3832.718174 3852.060321 3849.278894 3841.213911 3850.887139 3843.824621 3832.746238 3825.343213 3848.390718 3858.191053 3868.196160 3873.305565 3885.959033 3896.238116 3878.639326 3860.779841 3849.552486 3856.876759 3883.428686 3906.686188 3911.467598 3910.201728 3909.107737 3892.794108 3888.221457 3885.315380 3886.511149 3884.363505 3882.815693 3909.261182 3931.575358 3931.527787 3910.172870 3887.524940 3847.260635 3809.355284 3786.111847 3801.094634 3797.553184 3801.446480 3792.032430 3780.834762 3775.080020 3773.646663
3826.638050 3847.213835 3863.089221 3885.185811 3874.636981 3850.647413 3833.425853 3835.742206 3849.505829 3857.805280 3876.870298 3893.012304 3918.067251 3928.883694 3939.008816 3942.979340 3936.161513 3927.695609 3915.864361 3922.282729 3947.325319 3958.968546 3966.987521 3975.066678 3987.792945 3987.380421 3979.788188 3977.745992 3982.327677 3996.863909 4012.244068 4019.036816 4021.752185 4023.914931 4009.171053 3995.808551 3994.463359 3989.487613 3989.077530 3988.531260 4001.350796 4023.348771 4019.865852 3981.535257 3954.525924 3918.767476 3879.910361 3850.630703 3846.031344 3866.928165 3865.990713 3849.926516 3840.690489 3815.959686 3812.469559
3893.988302 3926.811943 3950.913479 3960.675912 3967.374883 3951.164469 3948.625933 3952.953673 3961.651709 3964.628511 3970.991566 4003.584378 4037.433692 4061.975129 4084.692526 4091.753476 4079.163429 4069.399294 4055.627388 4046.939862 4059.153507 4076.977293 4094.898271 4109.780196 4121.182554 4123.032501 4121.395661 4121.428695 4124.750335 4127.783945 4132.351402 4141.265367 4149.021737 4157.495814 4165.057989 4153.834361 4136.742189 4127.920431 4119.607876 4119.444690 4121.240733 4125.928290 4127.093682 4108.706563 4064.674197 4032.239921 3999.776044 3981.360051 3969.096746 3970.792568 3952.516399 3927.579560 3874.955502 3837.790848 3806.790739
3978.335164 4023.480296 4052.892839 4069.239202 4081.783346 4077.987073 4079.912926 4080.829533 4084.364272 4086.403451 4088.537752 4116.308878 4158.994887 4199.141195 4230.950965 4230.231783 4215.756915 4204.266494 4195.382084 4180.333446 4176.313071 4189.890665 4206.177212 4227.343933 4237.675674 4243.183815 4239.417077 4239.614116 4241.689182 4244.118897 4246.353784 4250.336522 4260.534959 4276.295280 4291.467286 4290.244156 4270.164153 4251.924547 4236.037202 4234.328058 4232.429559 4227.555331 4230.209710 4232.187892 4214.566552 4181.818116 4140.851099 4100.376141 4084.965920 4070.520745 4059.673165 4042.212812 3998.665853 3928.869222 3887.521985
4094.365689 4130.221301 4159.630806 4190.286159 4204.728863 4206.170474 4203.236554 4201.644527 4208.771593 4210.999236 4215.984971 4232.756851 4266.842892 4303.952314 4334.546057 4349.795987 4341.258120 4322.215922 4298.970999 4288.226942 4284.994754 4288.970772 4299.143324 4313.066859 4333.526316 4353.793077 4359.688712 4360.612245 4357.874506 4360.396801 4362.074639 4362.215212 4365.547060 4374.876583 4385.391871 4388.946807 4380.496305 4358.253425 4333.903702 4322.989549 4316.795403 4313.502813 4315.008704 4320.838362 4324.658333 4309.000885 4271.595678 4225.310542 4195.525164 4181.259251 4168.693948 4154.162650 4141.062803 4105.123694 4083.124412
4205.044205 4220.934471 4250.149086 4279.786614 4302.434394 4317.018019 4316.839156 4319.484278 4324.382214 4331.353973 4346.508747 4370.984267 4391.350245 4415.466946 4443.465660 4460.697762 4465.927740 4463.834596 4459.136632 4460.209017 4460.612636 4388.930852 4395.990402 4403.039604 4422.541692 4439.744979 4446.042121 4446.769632 4443.867013 4445.889723 4446.762813 4446.601114 4446.221430 4449.106160 4454.898075 4457.111722 4454.375092 4440.269356 4462.122856 4441.260183 4427.331001 4418.866747 4410.402563 4402.106398 4392.567448 4382.443367 4361.247210 4329.083189 4294.004647 4273.306497 4265.802383 4259.488254 4250.299427 4244.227369 4226.440740
4304.613826 4315.247601 4334.291752 4357.915933 4393.698553 4418.390785 4430.181024 4439.812977 4444.565130 4459.042851 4476.617852 4458.017022 4467.525298 4477.364600 4487.140987 4490.498282 4491.459553 4491.015996 4488.571986 4487.685310 4485.070469 4481.852337 4471.120022 4472.759032 4474.818653 4477.474927 4481.269941 4480.215348 4481.375195 4484.345924 4482.515784 4476.315823 4472.105058 4470.525089 4471.656926 4479.189791 4482.777861 4483.781229 4479.833890 4478.830932 4477.690868 4473.798782 4468.939585 4462.089548 4453.327002 4470.912714 4458.243213 4428.807585 4386.477139 4343.396558 4336.829667 4339.723287 4339.280556 4337.830080 4332.081859
4434.927129 4449.223384 4464.632223 4437.810223 4463.377887 4476.462418 4482.580518 4487.112702 4490.060243 4493.706856 4490.746314 4487.827498 4482.865105 4481.206628 4479.822510 4477.352293 4477.970594 4476.080407 4471.950329 4467.752744 4459.379609 4447.554562 4436.371885 4432.543018 4436.783231 4442.564373 4447.935848 4452.705695 4456.541896 4456.290309 4450.614306 4441.992090 4434.281334 4432.673728 4439.683708 4445.502540 4452.367677 4453.300746 4451.897372 4449.274576 4448.910892 4445.423325 4445.563419 4452.832887 4468.047565 4470.078317 4476.832787 4475.870891 4456.818729 4422.319270 4438.291334 4418.046591 4424.567339 4419.837115 4408.312272
4481.673645 4484.844851 4482.978753 4482.038704 4475.520062 4469.363496 4468.550679 4472.606284 4479.720912 4480.718107 4473.593490 4464.868427 4457.493957 4449.830285 4447.380883 4446.949348 4446.763105 4447.338385 4441.993401 4432.247387 4414.717099 4403.056211 4391.963078 4386.004242 4381.746338 4384.849171 4396.484215 4409.336996 4414.500848 4404.548889 4395.795643 4383.627323 4375.502701 4375.996194 4376.751463 4386.434345 4404.073355 4412.374878 4413.215679 4406.405722 4399.430746 4392.582507 4389.277082 4395.685831 4411.219838 4428.519604 4444.759303 4454.251915 4462.159341 4469.510339 4466.690689 4469.827845 4471.554068 4469.116873 4473.126135
4476.378106 4469.252496 4462.128289 4456.718274 4450.256243 4444.996143 4443.091718 4444.814293 4446.498645 4442.162554 4435.781701 4425.727014 4414.559901 4404.760151 4396.729801 4397.768618 4400.147973 4401.953738 4394.385640 4378.679618 4360.612019 4347.006754 4333.052526 4329.085996 4322.908040 4314.408040 4324.448722 4344.877739 4352.564779 4335.799743 4324.621307 4309.116817 4302.679207 4298.451541 4299.067663 4307.934077 4331.178646 4356.538631 4358.874453 4347.622928 4336.430035 4331.756252 4328.450639 4332.749512 4349.337684 4370.582622 4387.176185 4397.964306 4403.336721 4411.154285 4420.627546 4435.504084 4450.842842 4463.619836 4467.496605
4450.814427 4443.008073 4435.293984 4427.592717 4420.651805 4414.383337 4410.020807 4408.038000 4403.738070 4397.524506 4390.402616 4368.168201 4355.539818 4342.279521 4326.950245 4322.869259 4317.581801 4318.474963 4306.807462 4299.265084 4283.160647 4267.752042 4252.063483 4238.000623 4232.260832 4225.341560 4222.304758 4235.363079 4243.680311 4235.014738 4225.437163 4215.260626 4211.107501 4207.735451 4210.373330 4220.909235 4239.960219 4258.302170 4267.151708 4260.005512 4259.666018 4260.315422 4258.754181 4265.346315 4275.494897 4293.222371 4316.168670 4335.987181 4346.151336 4352.964735 4362.107292 4376.690711 4391.008030 4405.616394 4424.012269
4420.110365 4410.699740 4400.681145 4390.828021 4380.220970 4369.555726 4362.874529 4365.760534 4359.762767 4354.195032 4329.696836 4272.397353 4250.454445 4231.147889 4214.569780 4207.510328 4198.742098 4180.656818 4172.029551 4167.964501 4172.138259 4158.457747 4140.900334 4122.823252 4117.981628 4114.577864 4095.273502 4088.522265 4088.468273 4107.569583 4101.818997 4101.627603 4104.498663 4102.168681 4103.049720 4115.656842 4122.464767 4126.906819 4133.898691 4140.262490 4151.833931 4160.503931 4172.344121 4189.967857 4200.419522 4215.370694 4235.607949 4261.889635 4278.006037 4287.610583 4297.972451 4313.292023 4329.469977 4347.411330 4369.969961
4385.152771 4367.957540 4353.091877 4338.621838 4325.807397 4312.822487 4296.301621 4298.320001 4296.377350 4285.590118 4227.476509 4186.930319 4152.627277 4135.558495 4111.460171 4097.324063 4079.650983 4038.352041 4020.140882 4020.984742 4038.185845 4036.142203 4021.257896 4009.898509 4000.196454 3990.206957 3971.349409 3950.238902 3956.666344 3976.690528 3978.974697 3983.570518 3992.402519 3992.220248 3984.737635 3980.069406 3991.579188 3996.464066 4008.061331 4027.316322 4032.473508 4050.793903 4086.467601 4099.197094 4114.255059 4132.275132 4152.373520 4174.345869 4197.475403 4211.725251 4227.037940 4245.400665 4262.034890 4282.254436 4304.673931
4333.268199 4301.385822 4279.865137 4262.251497 4242.649710 4214.212956 4194.218717 4191.918369 4185.849466 4154.394934 4100.544544 4065.956863 4044.006930 4022.275498 3999.507024 3974.534609 3934.698400 3899.175738 3877.001153 3895.336699 3907.652277 3921.983403 3911.278508 3901.056128 3891.659514 3872.626150 3855.460192 3837.868063 3849.546390 3858.280266 3879.976372 3887.757291 3891.791275 3898.547201 3897.026062 3884.654005 3876.949432 3884.795528 3894.529794 3906.882029 3930.428767 3967.463130 3992.266949 4010.699791 4031.035283 4049.224953 4070.081024 4092.630766 4115.496853 4132.486705 4150.549244 4168.653294 4189.273653 4207.807506 4230.011735
4250.352385 4222.130929 4195.977924 4172.768072 4139.884093 4091.746564 4077.436676 4068.383101 4044.285662 3994.095349 3952.613163 3935.280444 3925.016218 3902.313348 3882.182422 3852.833835 3818.410603 3798.143639 3777.692418 3789.242187 3800.659089 3823.215166 3815.464624 3809.928209 3807.911877 3792.570276 3779.555736 3762.677903 3768.732048 3781.547922 3806.720770 3813.260165 3817.630293 3827.694084 3827.027862 3821.772937 3801.904890 3808.060186 3818.856563 3833.695654 3865.570328 3887.537002 3909.446016 3931.106166 3949.998603 3970.994304 3992.520520 4014.907458 4041.139148 4060.354412 4078.950137 4100.065633 4118.564795 4131.607842 4146.370843
4140.124269 4116.798325 4098.182738 4074.236268 4029.938973 3986.032960 3943.580557 3914.324140 3858.654646 3823.626873 3807.128097 3810.526977 3800.418606 3782.154015 3764.602815 3746.493199 3726.322071 3709.168982 3684.413968 3690.784159 3707.984643 3726.299321 3729.846530 3732.345332 3731.655150 3723.155609 3709.968684 3696.465457 3700.334263 3718.042190 3736.417735 3747.241501 3755.285955 3763.071348 3762.610475 3752.181199 3741.487270 3745.744047 3761.132282 3776.877185 3793.104014 3812.746638 3832.653451 3852.384362 3874.160123 3895.890444 3917.857682 3941.783022 3967.824659 3988.688305 4011.620158 4035.231751 4050.381589 4057.623420 4063.257852
4036.773106 4018.839659 3996.440298 3969.033584 3927.088496 3888.377076 3848.351794 3799.395456 3766.961777 3739.811453 3736.610128 3723.293677 3712.485103 3700.284821 3681.425871 3667.041119 3654.459164 3634.392498 3627.264530 3635.755255 3649.875657 3657.691562 3666.058006 3664.666820 3662.971314 3658.227337 3644.513111 3642.118993 3652.656792 3667.839032 3681.215488 3693.149966 3700.042855 3704.785898 3701.481168 3691.818707 3689.382202 3697.258283 3712.305249 3724.881271 3738.254452 3757.736355 3776.368232 3796.729329 3817.913287 3838.550727 3861.622425 3885.423333 3910.242549 3936.534657 3957.518625 3974.169892 3981.176728 3988.965192 3985.596191
3912.855045 3903.527289 3878.434333 3850.667026 3823.194635 3792.503263 3770.881701 3741.301582 3712.996340 3685.839370 3661.384007 3651.870500 3648.191211 3637.484256 3622.657970 3613.472273 3599.571207 3592.659026 3601.327217 3602.765733 3610.474751 3608.225235 3609.757799 3607.950936 3607.903666 3606.649286 3602.080922 3615.463573 3621.750372 3634.756584 3644.498570 3654.206267 3659.721666 3662.941407 3664.208223 3660.355691 3666.537905 3671.846864 3684.665625 3694.908906 3707.068310 3725.644350 3741.106659 3758.412960 3779.043346 3800.373251 3822.446599 3846.433407 3872.846906 3895.739624 3911.350605 3915.800883 3922.960444 3921.693667 3907.637038
