tests/Borden05m/sims/sim_1/output-maps/psiliqL0002N0017.asc
ncols         160
nrows         34
xllcorner     620200.000000
yllcorner     5168000.000000
cellsize      0.500000
NODATA_value  -9999.0
[rows 0 to 24 of 34, columns 0 to 55 of 160]
-9999.0 -9999.0 -9999.0 -9999.0 -9999.0 -9999.0 -9999.0 -9999.0 -9999.0 -9999.0 -9999.0 -9999.0 -9999.0 -9999.0 -9999.0 -9999.0 -9999.0 -9999.0 -9999.0 -9999.0 -9999.0 -9999.0 -9999.0 -9999.0 -9999.0 -9999.0 -9999.0 -9999.0 -9999.0 -9999.0 -9999.0 -9999.0 -9999.0 -9999.0 -9999.0 -9999.0 -9999.0 -9999.0 -9999.0 -9999.0 -9999.0 -9999.0 -9999.0 -9999.0 -9999.0 -9999.0 -9999.0 -9999.0 -9999.0 -9999.0 -9999.0 -9999.0 -9999.0 -9999.0 -9999.0 -9999.0
-9999.0 -9999.0 -9999.0 -9999.0 -9999.0 -9999.0 -9999.0 -9999.0 -9999.0 -9999.0 -9999.0 -9999.0 -9999.0 -9999.0 -9999.0 -9999.0 -9999.0 -9999.0 -9999.0 -9999.0 -9999.0 -9999.0 -9999.0 -9999.0 -9999.0 -9999.0 -9999.0 -9999.0 -9999.0 -9999.0 -9999.0 -9999.0 -9999.0 -9999.0 -9999.0 -9999.0 -9999.0 -9999.0 -9999.0 -9999.0 -9999.0 -9999.0 -9999.0 -9999.0 -9999.0 -9999.0 -9999.0 -9999.0 -9999.0 -9999.0 -9999.0 -9999.0 -9999.0 -9999.0 -9999.0 -9999.0
-9999.0 -9999.0 -9999.0 -9999.0 -9999.0 -9999.0 -9999.0 -9999.0 -9999.0 -9999.0 -9999.0 -9999.0 -9999.0 -9999.0 -9999.0 -9999.0 -9999.0 -9999.0 -9999.0 -9999.0 -9999.0 -9999.0 -9999.0 -9999.0 -9999.0 -9999.0 -9999.0 -9999.0 -9999.0 -9999.0 -9999.0 -9999.0 -9999.0 -9999.0 -9999.0 -9999.0 -9999.0 -9999.0 -9999.0 -9999.0 -9999.0 -9999.0 -9999.0 -9999.0 -9999.0 -9999.0 -9999.0 -596.805315 -600.038961 -603.923121 -604.981507 -600.644214 -598.666988 -596.815765 -595.556951 -594.378339
-9999.0 -9999.0 -9999.0 -9999.0 -9999.0 -9999.0 -9999.0 -9999.0 -9999.0 -9999.0 -9999.0 -9999.0 -9999.0 -9999.0 -9999.0 -9999.0 -9999.0 -9999.0 -9999.0 -9999.0 -9999.0 -9999.0 -9999.0 -9999.0 -9999.0 -9999.0 -9999.0 -9999.0 -9999.0 -9999.0 -9999.0 -9999.0 -9999.0 -9999.0 -9999.0 -9999.0 -9999.0 -9999.0 -9999.0 -9999.0 -596.977225 -595.477074 -594.250502 -596.427684 -597.368336 -597.241125 -599.543979 -602.190190 -604.904795 -604.101595 -604.049573 -605.927130 -602.930138 -600.498572 -599.621407 -598.876133
-9999.0 -9999.0 -9999.0 -9999.0 -9999.0 -9999.0 -9999.0 -9999.0 -9999.0 -9999.0 -9999.0 -9999.0 -9999.0 -9999.0 -9999.0 -9999.0 -9999.0 -9999.0 -9999.0 -9999.0 -9999.0 -9999.0 -9999.0 -9999.0 -9999.0 -9999.0 -9999.0 -9999.0 -9999.0 -9999.0 -9999.0 -9999.0 -9999.0 -9999.0 -603.942090 -601.159455 -599.903652 -598.705903 -596.917744 -597.507387 -598.012225 -596.699917 -597.875882 -597.950389 -599.433361 -602.183305 -604.941648 -606.487081 -604.857252 -605.396019 -605.389480 -603.975898 -603.084716 -602.734449 -600.737453 -597.537277
-9999.0 -9999.0 -9999.0 -9999.0 -9999.0 -9999.0 -9999.0 -9999.0 -9999.0 -9999.0 -9999.0 -9999.0 -9999.0 -9999.0 -9999.0 -9999.0 -9999.0 -9999.0 -9999.0 -9999.0 -9999.0 -9999.0 -9999.0 -9999.0 -9999.0 -9999.0 -9999.0 -9999.0 -599.769394 -600.864014 -601.702377 -601.649543 -602.038310 -603.542298 -603.934348 -603.653115 -602.154547 -599.742405 -599.333164 -599.629866 -599.443450 -600.019942 -601.651664 -601.819516 -600.023952 -601.701850 -602.507074 -603.610100 -606.374412 -607.049636 -605.461636 -603.941270 -602.628812 -602.306198 -602.114682 -602.101814
-9999.0 -9999.0 -9999.0 -9999.0 -9999.0 -9999.0 -9999.0 -9999.0 -9999.0 -9999.0 -9999.0 -9999.0 -9999.0 -9999.0 -9999.0 -9999.0 -9999.0 -9999.0 -9999.0 -9999.0 -9999.0 -9999.0 -9999.0 -601.675053 -600.663904 -600.283630 -599.398530 -599.853646 -601.987119 -603.350038 -603.940530 -604.427070 -605.566937 -605.703192 -605.729539 -604.999965 -604.458068 -601.932132 -603.192268 -604.004582 -601.817784 -602.350864 -600.925495 -599.286259 -599.672677 -599.331613 -602.369347 -604.636438 -602.251280 -601.289481 -601.407809 -601.953721 -601.190435 -600.148528 -598.842096 -596.588128
-9999.0 -9999.0 -9999.0 -9999.0 -9999.0 -9999.0 -9999.0 -9999.0 -9999.0 -9999.0 -9999.0 -9999.0 -9999.0 -9999.0 -9999.0 -9999.0 -9999.0 -9999.0 -9999.0 -601.615055 -601.928633 -602.549075 -602.306826 -604.330588 -605.189222 -604.609653 -603.517469 -604.165419 -605.337834 -606.352905 -606.231576 -606.095664 -606.351135 -604.810238 -603.564807 -603.154838 -603.493433 -601.508368 -600.921809 -599.790903 -596.806936 -598.778572 -600.711229 -601.726021 -601.809582 -602.373741 -600.565934 -600.020319 -599.863040 -600.049204 -600.019986 -599.602233 -599.372339 -596.962704 -594.721958 -592.841772
-9999.0 -9999.0 -9999.0 -9999.0 -9999.0 -9999.0 -9999.0 -9999.0 -9999.0 -9999.0 -9999.0 -9999.0 -9999.0 -9999.0 -9999.0 -9999.0 -601.889806 -602.061837 -602.825228 -604.061002 -605.140251 -605.164420 -604.330944 -605.843894 -606.345914 -606.007660 -606.675418 -605.925435 -605.117795 -604.148237 -603.715348 -604.804043 -604.609889 -604.770670 -604.905081 -604.409348 -602.167786 -600.101282 -599.669658 -598.179313 -595.472843 -597.060255 -597.738435 -597.663149 -598.657275 -597.820438 -593.746098 -594.420024 -596.216005 -591.929513 -589.677575 -590.536704 -590.998496 -588.261668 -584.067463 -578.575769
-9999.0 -9999.0 -9999.0 -9999.0 -9999.0 -9999.0 -9999.0 -9999.0 -9999.0 -9999.0 -9999.0 -9999.0 -9999.0 -602.263442 -602.417772 -602.200992 -604.136542 -605.646850 -606.564335 -607.845287 -606.210573 -607.385157 -607.759105 -607.480049 -606.023985 -605.997286 -605.835419 -604.918055 -605.235666 -605.688970 -606.129361 -607.041481 -605.820880 -604.605763 -603.772470 -602.007180 -600.654688 -599.594078 -597.596778 -597.254963 -595.896386 -596.436246 -598.102735 -598.475398 -597.196201 -593.395129 -590.480175 -589.461509 -584.126409 -578.458642 -575.688176 -572.089721 -570.333555 -567.873005 -561.659650 -542.785954
-9999.0 -9999.0 -9999.0 -9999.0 -9999.0 -9999.0 -9999.0 -9999.0 -9999.0 -9999.0 -605.337309 -604.328691 -605.812060 -608.552132 -609.754601 -609.126002 -608.465444 -609.501092 -609.473513 -606.582888 -604.999512 -607.721041 -605.852546 -605.828289 -606.994136 -606.705654 -605.950745 -605.835270 -604.052830 -603.998735 -603.991772 -601.067703 -600.321642 -599.524035 -598.417177 -597.218664 -596.167525 -591.656472 -587.757346 -587.876102 -582.349685 -578.802468 -581.723156 -582.758236 -581.928982 -577.772269 -570.807116 -560.375243 -549.184112 -531.972430 -514.072572 -500.142628 -488.643529 -474.475895 -457.356998 -433.940802
-9999.0 -9999.0 -9999.0 -9999.0 -9999.0 -9999.0 -9999.0 -9999.0 -609.363390 -607.778966 -606.774077 -608.029596 -609.711483 -612.759217 -611.602225 -610.467839 -609.703361 -608.562969 -608.022654 -607.577900 -608.285890 -607.306990 -605.483333 -605.991821 -605.802739 -604.610107 -604.592026 -603.518117 -601.859936 -602.661342 -601.756100 -600.215706 -598.858117 -597.652429 -596.194546 -595.328869 -590.665852 -584.340151 -577.345442 -571.095147 -561.914162 -549.780001 -549.671732 -547.299418 -544.506952 -526.043561 -496.291541 -460.982025 -435.387949 -415.510694 -394.071331 -381.446702 -372.463196 -360.993241 -346.719009 -333.998455
-9999.0 -9999.0 -9999.0 -9999.0 -9999.0 -9999.0 -611.741027 -608.221541 -606.512738 -610.477181 -613.506765 -614.513767 -616.324445 -612.394627 -608.908307 -608.255607 -607.750927 -607.147116 -607.505726 -609.801403 -604.480167 -605.954453 -607.027407 -605.398852 -605.547177 -605.427864 -604.416951 -602.086217 -601.057648 -596.366710 -592.900506 -589.873072 -585.793496 -583.220382 -580.459519 -577.154994 -568.101481 -553.313913 -531.662766 -505.130029 -474.550488 -445.789787 -435.356401 -430.199948 -424.379333 -412.972213 -390.883171 -365.758977 -335.883123 -306.893092 -285.124276 -274.855554 -265.466451 -254.692260 -241.438271 -226.909632
-9999.0 -9999.0 -9999.0 -9999.0 -609.827052 -609.047864 -609.688775 -606.616693 -604.474757 -609.293063 -607.556951 -608.395840 -609.965900 -611.895319 -614.204178 -612.539843 -611.586879 -610.950823 -611.254556 -606.046475 -601.629416 -604.521974 -602.293308 -597.948375 -598.928223 -598.465225 -598.250666 -596.249000 -592.553360 -587.789911 -576.738148 -565.951400 -557.726892 -547.217416 -535.580842 -517.712111 -485.546540 -447.588062 -421.318175 -395.842451 -370.606494 -349.487836 -335.124503 -326.916193 -316.864380 -304.718875 -287.981960 -263.655514 -235.296572 -200.888556 -175.035230 -159.623852 -151.572964 -141.658273 -129.398651 -111.356872
-9999.0 -9999.0 -9999.0 -611.939674 -608.491207 -607.227636 -608.885115 -608.262250 -605.621667 -608.192020 -608.673561 -609.093351 -609.330590 -609.274726 -609.462610 -608.493164 -608.331052 -609.101463 -608.406008 -605.291186 -603.859032 -601.273890 -599.281759 -596.162509 -593.469286 -592.434574 -590.954142 -587.058397 -577.125272 -564.759619 -539.482441 -496.100830 -456.387704 -434.330859 -421.250839 -403.580974 -384.869700 -356.598679 -328.171119 -300.830515 -272.871413 -249.064038 -227.109702 -213.616434 -206.049571 -198.203464 -179.626437 -158.656079 -134.061957 -77.319109 -47.720991 -28.948524 -19.007885 -12.668964 0.189614 12.620064
-9999.0 -9999.0 -611.326722 -609.369375 -610.708440 -608.228573 -605.482767 -607.428054 -604.132166 -603.040579 -606.356547 -604.432315 -603.430141 -605.469231 -604.118982 -602.609691 -601.902959 -604.457167 -606.310137 -602.582379 -594.546119 -587.819426 -583.989736 -566.579762 -555.443636 -547.781552 -543.729144 -530.030069 -503.617322 -456.416280 -419.504019 -381.716117 -347.622932 -320.183680 -308.157549 -293.717528 -271.623585 -248.051662 -219.616996 -192.795178 -166.095490 -141.362606 -114.482525 -68.675891 -65.322048 -78.859385 -34.614413 -16.419093 2.172128 19.538743 35.592204 36.567878 36.409652 36.222535 36.539980 36.629489
-9999.0 -9999.0 -613.569975 -610.325875 -612.555746 -607.407774 -602.673106 -607.274936 -605.842208 -600.919143 -602.238666 -601.647779 -602.190945 -601.808207 -599.604156 -595.153804 -597.495294 -598.380449 -603.317374 -591.556462 -580.563954 -559.850670 -513.064163 -460.366255 -430.113598 -424.641559 -421.261807 -409.293384 -389.557012 -351.646718 -304.802001 -254.709935 -213.751837 -186.593617 -173.060134 -158.936216 -136.151627 -83.447917 -68.437801 -40.111719 -23.275754 -5.928229 13.503717 30.455109 35.909718 35.395160 36.417407 35.800546 36.395306 35.982170 36.030966 32.516337 31.395891 32.088500 33.311138 28.529875
-9999.0 -614.315585 -612.687613 -612.568628 -609.231169 -610.246891 -606.252212 -600.502409 -600.787981 -598.738485 -598.660116 -601.840538 -590.114616 -579.585133 -575.831574 -566.224156 -570.268027 -573.251788 -579.357412 -565.876113 -537.005076 -455.758944 -367.718220 -320.513488 -295.889254 -292.499336 -295.218874 -283.499053 -261.642840 -225.745762 -159.317118 -76.019269 -39.827737 -13.754336 -5.827289 -4.357320 7.617934 22.781427 38.164545 40.410449 40.951152 40.622453 36.125335 36.127300 36.319110 36.674151 33.057004 27.477518 20.120440 11.670924 10.052607 4.937826 -15.072687 10.504091 12.401802 5.453143
-9999.0 -619.259875 -612.863376 -609.073353 -610.487546 -613.036585 -603.879547 -590.182795 -595.053742 -596.538979 -596.937201 -587.577304 -557.685356 -523.703984 -494.095120 -460.948992 -462.415073 -473.791135 -471.585803 -441.216200 -399.622482 -331.437305 -228.778713 -161.207161 -169.562541 -167.728128 -163.032404 -143.219944 -114.219212 -78.433304 2.664456 26.576529 29.376883 29.586020 29.696999 29.772852 29.791623 29.794814 26.601340 23.187135 18.976991 18.986338 22.019688 21.714530 19.374849 15.846807 9.757982 2.186071 -7.310291 -42.699479 -51.619167 -57.260344 -61.751341 -59.030326 -62.475603 -68.865880
-9999.0 -614.089357 -606.846951 -608.661033 -614.537275 -605.761613 -602.133514 -592.467809 -584.691028 -586.670182 -573.636883 -525.026778 -452.952331 -404.022366 -372.517591 -354.160706 -341.907471 -342.274002 -321.828644 -274.617870 -198.913439 -80.241152 -39.468271 6.667088 -44.584371 -66.790439 -75.309354 -76.369239 -71.993437 -60.710172 -36.711095 12.205928 18.774722 21.021711 19.779319 16.127605 11.417101 3.803863 -1.262553 -4.832336 -15.986376 -16.100203 -5.799206 -5.541557 -13.041861 -46.487094 -57.128890 -65.774811 -75.345421 -88.611361 -95.904327 -101.604243 -104.944606 -109.148655 -114.106333 -120.427152
-9999.0 -622.487578 -612.169561 -620.741854 -608.447416 -598.153502 -599.578149 -583.147052 -561.725212 -551.353442 -477.326107 -414.329153 -352.068486 -306.662659 -271.421291 -233.603821 -207.756015 -180.953851 -146.283192 -106.129514 6.070816 23.365563 24.020310 23.869488 11.344204 -59.663040 -82.150955 -103.549298 -111.221336 -110.665404 -96.357059 -69.652683 -22.819788 -9.695961 -14.362447 -49.022288 -55.910339 -61.186899 -65.173154 -73.286666 -81.797146 -86.865058 -86.782191 -82.057916 -89.980923 -100.013254 -109.144699 -118.826847 -129.146721 -139.368471 -148.447734 -156.140296 -159.761521 -165.659751 -167.307332 -174.199596
-9999.0 -628.741963 -621.357268 -615.737347 -605.040438 -597.512065 -589.438810 -570.724240 -520.362718 -453.341521 -396.849051 -365.009665 -313.627261 -255.872890 -198.378401 -167.829206 -151.448645 -144.750332 -134.312270 -123.160822 -119.194186 -60.280504 -46.900409 -28.296909 -79.365595 -100.440488 -119.250453 -133.604401 -139.117942 -135.735007 -129.341738 -119.661159 -108.983328 -105.720288 -109.385398 -114.265733 -113.387521 -119.722913 -127.041108 -134.067741 -140.529533 -147.877959 -152.886917 -155.847145 -159.560587 -162.334248 -171.053894 -182.076646 -192.988794 -201.720089 -210.155896 -216.726547 -219.063632 -223.482092 -229.058249 -238.627116
-9999.0 -642.811670 -618.789744 -615.808007 -609.395987 -607.473673 -605.566215 -592.312944 -568.615884 -463.036647 -340.941339 -327.639414 -310.238498 -277.724402 -223.128134 -173.978710 -167.815715 -195.249072 -215.142999 -221.906824 -211.080999 -188.874334 -171.126217 -153.382905 -150.820569 -152.485213 -158.468018 -168.714382 -180.561036 -184.706880 -184.254512 -186.555105 -187.650269 -185.803300 -187.752370 -184.790690 -182.677049 -191.912890 -203.481476 -216.899523 -228.681226 -237.432243 -240.661176 -240.634349 -241.941405 -245.558455 -253.073398 -262.745373 -274.288608 -284.581479 -292.554702 -298.043851 -303.388133 -310.547883 -318.502130 -327.094855
-9999.0 -9999.0 -629.606223 -615.783008 -613.974783 -611.877080 -609.907587 -599.723734 -588.049794 -540.908966 -464.671397 -418.393849 -388.357731 -357.845906 -313.099607 -274.408913 -268.918547 -263.413101 -287.135591 -286.277842 -279.302918 -270.092368 -257.777466 -245.452891 -236.281565 -231.640853 -229.415018 -231.782256 -239.725088 -251.528483 -264.589896 -274.248570 -280.226752 -284.692818 -278.660606 -269.936735 -271.525900 -277.662636 -287.767100 -300.939978 -311.990637 -322.931379 -325.834756 -325.014220 -325.239924 -328.047780 -332.872587 -343.577911 -354.441968 -365.463411 -370.774451 -375.876494 -380.869465 -389.370022 -397.859460 -407.087733
-9999.0 -9999.0 -645.240956 -622.927883 -613.535476 -607.034440 -607.932744 -606.548313 -591.933056 -584.059063 -570.613793 -546.718329 -515.096016 -471.329644 -442.534085 -413.919022 -401.398333 -395.341779 -395.154442 -387.843009 -372.740247 -357.622017 -346.616471 -335.746602 -325.548895 -317.462703 -310.613104 -318.984918 -327.679763 -340.489890 -356.177044 -373.219625 -382.299764 -387.442445 -384.061221 -378.081478 -381.882748 -389.683639 -400.074443 -411.626946 -419.904688 -427.583601 -429.638225 -430.318056 -430.419592 -432.027061 -434.393178 -441.664927 -452.389803 -461.958987 -470.386362 -478.066542 -482.985569 -492.454284 -503.917137 -512.441332
