tests/Borden05m/sims/sim_1/output-maps/psiliqL0027N0007.asc
ncols         160
nrows         34
xllcorner     620200.000000
yllcorner     5168000.000000
cellsize      0.500000
NODATA_value  -9999.0
[rows 0 to 24 of 34, columns 0 to 54 of 160]
-9999.0 -9999.0 -9999.0 -9999.0 -9999.0 -9999.0 -9999.0 -9999.0 -9999.0 -9999.0 -9999.0 -9999.0 -9999.0 -9999.0 -9999.0 -9999.0 -9999.0 -9999.0 -9999.0 -9999.0 -9999.0 -9999.0 -9999.0 -9999.0 -9999.0 -9999.0 -9999.0 -9999.0 -9999.0 -9999.0 -9999.0 -9999.0 -9999.0 -9999.0 -9999.0 -9999.0 -9999.0 -9999.0 -9999.0 -9999.0 -9999.0 -9999.0 -9999.0 -9999.0 -9999.0 -9999.0 -9999.0 -9999.0 -9999.0 -9999.0 -9999.0 -9999.0 -9999.0 -9999.0 -9999.0
-9999.0 -9999.0 -9999.0 -9999.0 -9999.0 -9999.0 -9999.0 -9999.0 -9999.0 -9999.0 -9999.0 -9999.0 -9999.0 -9999.0 -9999.0 -9999.0 -9999.0 -9999.0 -9999.0 -9999.0 -9999.0 -9999.0 -9999.0 -9999.0 -9999.0 -9999.0 -9999.0 -9999.0 -9999.0 -9999.0 -9999.0 -9999.0 -9999.0 -9999.0 -9999.0 -9999.0 -9999.0 -9999.0 -9999.0 -9999.0 -9999.0 -9999.0 -9999.0 -9999.0 -9999.0 -9999.0 -9999.0 -9999.0 -9999.0 -9999.0 -9999.0 -9999.0 -9999.0 -9999.0 -9999.0
-9999.0 -9999.0 -9999.0 -9999.0 -9999.0 -9999.0 -9999.0 -9999.0 -9999.0 -9999.0 -9999.0 -9999.0 -9999.0 -9999.0 -9999.0 -9999.0 -9999.0 -9999.0 -9999.0 -9999.0 -9999.0 -9999.0 -9999.0 -9999.0 -9999.0 -9999.0 -9999.0 -9999.0 -9999.0 -9999.0 -9999.0 -9999.0 -9999.0 -9999.0 -9999.0 -9999.0 -9999.0 -9999.0 -9999.0 -9999.0 -9999.0 -9999.0 -9999.0 -9999.0 -9999.0 -9999.0 -9999.0 3472.889587 3455.693986 3442.432085 3437.340903 3458.040984 3480.879948 3504.496182 3524.818804
-9999.0 -9999.0 -9999.0 -9999.0 -9999.0 -9999.0 -9999.0 -9999.0 -9999.0 -9999.0 -9999.0 -9999.0 -9999.0 -9999.0 -9999.0 -9999.0 -9999.0 -9999.0 -9999.0 -9999.0 -9999.0 -9999.0 -9999.0 -9999.0 -9999.0 -9999.0 -9999.0 -9999.0 -9999.0 -9999.0 -9999.0 -9999.0 -9999.0 -9999.0 -9999.0 -9999.0 -9999.0 -9999.0 -9999.0 -9999.0 3524.138773 3529.969409 3529.442558 3519.507288 3508.006639 3493.988017 3473.184775 3456.021384 3443.044298 3441.050985 3443.271623 3445.440856 3465.634757 3490.890305 3510.604385
-9999.0 -9999.0 -9999.0 -9999.0 -9999.0 -9999.0 -9999.0 -9999.0 -9999.0 -9999.0 -9999.0 -9999.0 -9999.0 -9999.0 -9999.0 -9999.0 -9999.0 -9999.0 -9999.0 -9999.0 -9999.0 -9999.0 -9999.0 -9999.0 -9999.0 -9999.0 -9999.0 -9999.0 -9999.0 -9999.0 -9999.0 -9999.0 -9999.0 -9999.0 3432.234539 3448.967631 3466.686044 3485.073195 3501.896347 3508.847437 3514.579912 3519.734159 3514.840648 3510.230524 3498.254221 3476.765469 3457.284162 3444.459346 3443.443104 3440.803527 3443.993621 3455.062737 3471.346333 3485.889678 3506.052809
-9999.0 -9999.0 -9999.0 -9999.0 -9999.0 -9999.0 -9999.0 -9999.0 -9999.0 -9999.0 -9999.0 -9999.0 -9999.0 -9999.0 -9999.0 -9999.0 -9999.0 -9999.0 -9999.0 -9999.0 -9999.0 -9999.0 -9999.0 -9999.0 -9999.0 -9999.0 -9999.0 -9999.0 3438.764898 3432.683938 3427.702645 3425.887739 3424.178965 3423.023712 3429.474227 3440.246954 3456.906254 3478.784644 3491.868883 3498.910958 3505.609807 3505.655566 3499.365474 3497.372473 3497.554652 3484.456328 3471.762949 3459.858561 3448.180018 3444.496615 3452.925683 3466.795677 3482.613140 3496.745327 3511.564625
-9999.0 -9999.0 -9999.0 -9999.0 -9999.0 -9999.0 -9999.0 -9999.0 -9999.0 -9999.0 -9999.0 -9999.0 -9999.0 -9999.0 -9999.0 -9999.0 -9999.0 -9999.0 -9999.0 -9999.0 -9999.0 -9999.0 -9999.0 3409.363305 3414.033163 3420.350564 3427.817044 3428.560451 3425.159912 3419.583005 3416.680433 3414.968573 3412.301461 3416.513160 3423.031571 3435.515870 3450.294934 3472.231639 3480.024770 3483.673509 3494.503644 3497.902516 3505.535602 3508.957803 3506.573592 3501.872966 3486.209065 3473.879094 3475.193938 3478.458757 3484.777578 3492.613294 3505.563885 3518.542163 3533.030578
-9999.0 -9999.0 -9999.0 -9999.0 -9999.0 -9999.0 -9999.0 -9999.0 -9999.0 -9999.0 -9999.0 -9999.0 -9999.0 -9999.0 -9999.0 -9999.0 -9999.0 -9999.0 -9999.0 3385.190067 3386.150585 3387.535126 3392.234259 3392.394161 3393.887637 3400.341830 3408.012218 3410.644780 3408.031249 3406.732616 3407.606503 3409.698129 3413.724642 3423.502653 3436.206528 3449.418322 3461.383334 3481.279965 3494.873726 3506.270828 3520.682322 3520.584878 3516.375467 3514.068695 3513.244583 3510.734038 3507.835352 3505.796537 3511.245280 3510.788770 3513.265436 3521.646731 3532.946404 3548.498033 3565.002677
-9999.0 -9999.0 -9999.0 -9999.0 -9999.0 -9999.0 -9999.0 -9999.0 -9999.0 -9999.0 -9999.0 -9999.0 -9999.0 -9999.0 -9999.0 -9999.0 3356.298015 3357.923223 3360.139620 3365.496238 3369.084206 3372.765287 3379.448821 3380.651814 3383.590656 3390.144673 3393.974834 3402.713759 3410.475759 3416.787377 3421.790286 3423.275026 3428.685701 3436.767826 3447.002564 3459.559037 3478.296340 3500.748466 3515.256012 3530.829230 3547.011421 3546.581663 3543.846523 3543.070990 3540.483698 3540.451452 3553.556719 3555.573473 3548.830222 3556.964085 3567.599552 3569.326256 3575.320400 3594.250454 3615.447668
-9999.0 -9999.0 -9999.0 -9999.0 -9999.0 -9999.0 -9999.0 -9999.0 -9999.0 -9999.0 -9999.0 -9999.0 -9999.0 3306.823352 3310.584266 3320.641987 3332.146775 3334.988202 3339.716878 3346.162140 3357.874831 3361.035514 3366.438955 3372.947379 3384.969748 3392.787251 3400.614693 3411.322963 3418.198253 3423.953089 3429.050469 3430.428732 3440.428428 3452.956019 3465.813866 3483.444348 3503.996939 3520.927157 3537.609586 3552.805571 3563.115476 3559.018739 3557.192240 3558.270235 3561.667573 3573.225760 3588.500630 3587.245359 3595.207107 3614.500912 3623.535513 3629.621877 3634.703352 3647.813696 3668.631196
-9999.0 -9999.0 -9999.0 -9999.0 -9999.0 -9999.0 -9999.0 -9999.0 -9999.0 -9999.0 3281.020813 3282.185775 3278.097165 3274.771563 3280.277082 3292.266477 3306.509001 3311.481641 3323.043094 3343.920098 3362.102422 3364.387383 3376.843233 3386.157341 3391.803399 3400.283085 3411.694449 3422.173203 3435.839823 3445.779474 3452.670062 3467.046091 3481.030082 3495.406876 3510.859727 3529.618821 3543.933124 3565.810740 3589.137050 3596.221447 3611.552626 3612.754693 3607.606233 3604.685257 3612.948069 3622.681226 3635.921073 3649.982863 3667.198998 3687.884961 3696.831741 3708.816260 3717.026607 3726.580989 3741.268734
-9999.0 -9999.0 -9999.0 -9999.0 -9999.0 -9999.0 -9999.0 -9999.0 3256.732941 3264.663849 3269.577564 3265.808976 3260.794941 3254.175202 3268.361054 3283.106907 3298.218827 3315.893613 3330.609753 3348.019992 3360.818721 3374.312799 3393.262580 3402.580513 3411.599264 3424.999115 3436.302171 3449.238241 3467.883047 3473.714622 3482.739132 3500.292551 3514.095064 3529.185987 3545.637769 3560.408867 3578.836907 3607.386877 3634.776999 3649.413910 3674.138699 3689.944026 3683.239679 3680.549790 3680.939650 3702.876437 3727.908577 3755.891386 3773.574773 3795.954046 3823.355009 3841.819806 3850.692543 3861.439966 3874.941399
-9999.0 -9999.0 -9999.0 -9999.0 -9999.0 -9999.0 3228.522694 3252.610238 3267.371429 3258.170024 3243.043336 3237.104861 3230.052431 3260.794626 3282.418063 3298.886861 3314.599386 3331.079420 3346.159816 3353.072969 3381.130386 3399.311910 3409.571315 3421.056553 3433.969574 3446.816724 3461.365461 3480.941033 3496.635686 3516.583724 3530.650521 3545.212615 3567.234375 3583.028255 3598.510951 3610.680075 3636.866285 3670.269821 3703.692728 3727.011053 3750.522414 3781.260181 3780.240506 3781.514875 3782.571157 3805.872253 3839.146140 3868.330131 3899.552609 3929.586635 3957.545045 3967.780283 3976.525208 3986.208634 3998.538459
-9999.0 -9999.0 -9999.0 -9999.0 3196.868858 3217.359131 3235.391946 3264.825815 3286.101700 3280.427254 3283.859037 3280.882139 3275.389788 3279.571853 3286.809955 3302.863280 3320.836472 3339.157439 3351.946590 3377.285021 3422.861881 3432.257356 3447.540567 3475.347853 3484.754276 3497.219589 3511.298402 3530.246530 3547.057576 3572.704977 3605.271183 3632.857616 3652.939957 3671.011836 3689.050916 3704.909948 3739.061550 3775.131180 3809.960292 3840.729723 3867.006382 3892.529574 3898.741476 3903.354674 3913.065468 3929.845758 3952.235419 3979.490910 4012.830928 4044.667740 4067.718376 4076.590269 4081.672346 4091.087012 4098.501240
-9999.0 -9999.0 -9999.0 3142.621802 3181.432796 3220.764316 3245.681559 3275.123860 3306.666208 3305.401855 3313.130742 3311.700252 3309.286898 3313.418244 3315.163113 3330.329813 3347.209482 3365.862286 3385.874316 3417.920565 3445.483381 3461.419532 3487.650874 3502.037489 3513.495351 3525.003732 3542.275713 3561.011702 3596.052053 3624.557383 3669.398433 3718.963718 3750.244466 3768.978699 3790.813063 3817.771548 3842.453556 3880.738833 3914.328097 3946.033269 3975.936960 3997.819948 4011.852260 4016.336662 4025.809381 4031.452961 4043.868773 4064.660670 4086.810001 4117.295359 4146.370015 4175.088812 4190.247872 4201.241933 4218.268178
-9999.0 -9999.0 3094.227758 3133.694085 3164.485698 3210.386626 3262.752394 3297.120286 3335.527778 3353.168425 3355.154833 3364.334075 3373.483140 3373.075451 3380.383026 3391.660353 3412.729780 3420.649256 3440.029280 3454.019239 3489.571301 3521.919613 3516.023750 3552.842507 3581.851201 3613.672639 3634.258413 3660.118268 3697.179901 3730.244408 3773.914270 3823.227676 3857.039043 3884.537192 3900.157481 3920.124216 3940.200671 3966.286389 4002.723088 4028.197446 4061.575913 4086.814875 4106.261179 4106.948393 4109.596200 4125.628242 4153.801057 4184.502874 4213.294660 4242.170371 4226.575876 4250.040137 4260.528545 4266.380283 4275.581291
-9999.0 -9999.0 3063.606736 3110.071498 3143.791466 3200.556556 3286.797741 3320.010468 3358.876628 3403.336496 3415.809267 3435.976048 3427.886636 3414.786934 3431.150080 3444.049955 3463.967790 3470.714950 3463.846982 3514.921867 3566.313609 3588.962943 3593.257746 3669.503531 3721.299230 3745.300628 3761.730071 3781.633543 3800.975974 3838.876992 3877.568466 3931.652801 3972.617834 4002.238940 4016.616721 4036.496217 4055.870550 4070.817591 4090.247140 4136.873726 4172.313329 4203.032500 4234.864071 4256.144583 4264.279568 4269.320601 4243.548336 4263.166288 4276.470361 4282.208325 4284.498654 4280.700624 4280.139737 4280.970008 4281.894472
-9999.0 2970.419487 3022.241429 3072.219003 3135.767899 3195.962963 3269.429402 3343.119860 3408.932022 3460.342833 3484.425047 3475.638120 3472.820542 3496.206738 3514.372017 3529.539458 3534.459932 3544.254921 3524.501455 3577.327200 3612.938122 3660.621629 3758.902992 3816.796305 3880.138949 3875.876395 3864.003222 3868.654346 3884.297893 3930.547470 4009.459918 4065.635718 4131.455868 4180.429453 4197.509475 4204.995452 4223.684493 4244.450547 4191.840155 4235.548764 4255.701920 4272.518150 4282.052130 4284.369941 4285.664450 4285.423392 4281.716439 4274.664441 4266.462926 4260.598040 4256.351706 4251.848694 4254.287429 4257.618846 4257.771289
-9999.0 2931.658262 2988.109395 3055.873473 3122.481344 3167.209011 3247.299559 3414.068258 3476.143596 3513.153694 3516.772077 3489.017313 3544.822436 3603.495059 3626.765789 3671.381290 3655.044410 3639.518081 3601.143654 3625.667850 3663.467378 3733.790991 3905.371062 3993.876772 4046.659478 4054.555963 4055.173452 4083.488383 4127.842349 4175.579156 4221.786056 4189.417447 4239.717666 4264.515008 4269.696845 4270.422190 4275.985993 4274.490895 4273.094207 4268.621123 4263.441059 4263.610523 4268.263364 4268.112266 4265.134121 4261.724738 4256.005120 4248.584087 4243.400079 4238.767394 4236.113959 4233.284119 4231.294914 4230.499508 4225.591953
-9999.0 2890.135837 2965.033275 3021.781695 3065.538014 3153.784276 3283.285040 3427.053830 3522.717976 3555.609408 3529.334680 3561.558421 3663.822704 3770.093374 3822.083447 3842.705698 3822.238971 3772.333149 3750.946791 3794.272689 3864.861714 3985.862858 4126.955387 4227.427589 4242.918727 4246.374535 4197.367956 4223.736758 4248.177294 4251.077580 4252.225174 4260.450394 4265.548906 4268.529114 4266.947474 4264.050793 4259.219279 4250.997099 4246.200464 4242.486475 4238.691696 4237.479725 4239.437890 4241.319098 4238.474171 4234.565369 4230.083395 4224.506621 4218.175298 4211.389018 4207.031424 4202.742085 4200.591113 4194.972751 4191.482850
-9999.0 2772.380787 2861.080907 2899.465806 2968.935487 3157.400188 3285.958214 3424.405325 3590.095195 3608.468794 3651.073427 3791.205738 3911.047013 3991.708640 4019.845705 4052.769568 4077.135708 4092.745120 4129.692673 4005.961129 4087.889209 4187.882048 4233.860855 4253.798931 4264.252240 4264.633426 4254.659313 4233.750522 4222.987599 4216.228287 4217.839370 4225.134712 4229.764342 4234.513403 4232.196894 4233.300306 4234.479901 4231.275786 4227.229129 4218.454685 4210.574658 4203.796487 4200.419096 4205.075018 4200.428655 4198.110553 4191.876128 4183.372847 4174.367080 4166.979088 4158.956400 4152.366454 4150.140469 4145.130812 4143.922793
-9999.0 2691.519608 2763.657436 2810.415136 2917.014552 3078.945024 3169.776872 3325.656077 3568.464255 3705.658472 3872.032687 3964.229168 4034.544858 4075.501753 4125.259843 4177.785784 4205.071396 4217.104936 4185.218691 4208.354163 4165.042868 4153.895612 4171.592736 4201.058186 4218.542297 4222.674675 4214.869422 4205.798925 4198.524482 4197.400910 4195.166034 4190.906987 4186.602074 4182.903396 4179.763665 4182.814277 4188.190940 4180.986663 4170.565433 4160.994855 4152.372031 4143.060775 4137.059352 4132.294229 4132.767704 4133.054119 4125.374032 4114.826795 4103.901053 4095.558653 4088.352447 4083.890807 4081.163107 4076.141737 4066.308576
-9999.0 2568.782655 2703.104368 2777.320222 2857.299571 2982.918662 3082.985046 3231.942434 3358.856778 3604.886083 3744.465473 3943.295142 3993.874404 4064.762560 4111.668960 4185.610345 4180.716137 4149.388193 4105.671632 4089.602644 4101.334425 4110.482740 4118.597998 4132.917220 4150.711279 4160.943003 4166.182765 4160.267003 4146.018438 4133.349849 4121.945107 4107.997613 4098.432195 4095.852852 4100.118956 4110.326677 4110.725138 4101.386647 4087.153952 4068.730762 4052.978378 4041.059252 4039.100577 4041.963276 4043.118891 4038.987589 4033.213254 4022.382867 4009.723512 3997.198890 3991.584493 3987.274458 3979.767242 3968.385179 3956.382449
-9999.0 -9999.0 2616.029251 2723.970465 2803.900563 2911.496691 2994.674060 3107.878031 3245.367817 3414.732740 3530.641806 3714.572201 3811.567640 3855.792063 3888.951667 3945.126604 3971.171510 4003.572276 3998.874156 4011.340114 4021.653889 4027.127120 4032.284000 4037.792130 4048.225381 4058.116067 4068.579505 4065.758571 4056.964420 4036.210474 4010.134727 3989.827118 3979.204528 3969.780088 3982.093213 3994.726888 3989.026850 3982.079609 3969.358788 3953.072284 3940.502063 3926.191508 3922.742071 3922.623987 3923.249507 3920.969450 3918.567886 3906.122034 3893.864415 3884.075968 3880.129014 3874.517054 3871.036224 3861.262861 3850.691740
-9999.0 -9999.0 2527.055366 2630.395966 2730.672724 2833.520087 2913.545710 2918.704998 3049.793959 3150.393620 3257.458758 3369.353891 3467.127832 3536.173463 3568.263105 3630.746235 3688.220973 3706.983598 3748.835087 3804.690025 3839.730868 3880.101609 3903.597735 3912.958587 3925.468411 3940.071454 3947.497291 3932.035810 3920.735241 3903.596936 3879.992174 3853.039705 3839.398060 3839.142981 3837.960546 3839.245625 3831.483645 3822.560430 3808.069822 3794.237239 3782.080359 3773.325583 3769.771941 3764.042115 3761.678841 3758.962589 3757.360659 3752.341739 3744.283773 3739.911428 3731.720175 3728.149386 3727.505055 3724.697891 3719.197424
