tests/Borden05m/sims/sim_1/output-maps/psiliqL0009N0013.asc
ncols         160
nrows         34
xllcorner     620200.000000
yllcorner     5168000.000000
cellsize      0.500000
NODATA_value  -9999.0
[rows 0 to 25 of 34, columns 57 to 113 of 160]
-9999.0 -9999.0 -9999.0 -9999.0 -9999.0 -9999.0 -9999.0 -9999.0 -9999.0 -9999.0 -9999.0 -9999.0 -9999.0 -9999.0 -9999.0 -9999.0 -9999.0 -9999.0 -9999.0 -9999.0 -9999.0 -9999.0 -9999.0 -9999.0 -9999.0 -9999.0 -9999.0 -9999.0 -9999.0 -9999.0 -9999.0 -9999.0 -9999.0 -9999.0 -9999.0 -9999.0 -9999.0 -9999.0 -9999.0 -9999.0 -9999.0 -9999.0 -9999.0 -9999.0 -9999.0 -9999.0 -9999.0 -9999.0 -9999.0 -9999.0 -9999.0 -9999.0 -9999.0 -9999.0 -9999.0 -9999.0 -9999.0
-9999.0 -9999.0 13.443908 7.866761 2.441553 -2.651644 -11.805955 -21.117358 -29.788898 -33.780833 -34.679247 -35.504262 -35.857451 -30.500171 -22.491368 -14.805843 -7.519733 -5.083394 -2.594782 -0.226787 0.335843 -0.935484 -4.188573 -7.493547 -10.923182 -12.410857 -20.768727 -32.286634 -41.288434 -44.071300 -39.549434 -34.997938 -32.438663 -26.300738 -15.332819 -4.308993 4.388692 16.256140 21.860500 27.036594 30.211941 26.121456 22.509738 18.741985 13.918108 2.842860 -9999.0 -9999.0 -9999.0 -9999.0 -9999.0 -9999.0 -9999.0 -9999.0 -9999.0 -9999.0 -9999.0
-4.081045 -0.759448 -11.675512 -16.542940 -19.920345 -22.164482 -27.341193 -36.183654 -41.606896 -47.073951 -48.749626 -48.718580 -48.622702 -44.378341 -34.398742 -26.356167 -21.510145 -19.015185 -16.460937 -16.340521 -16.784098 -17.138402 -20.032963 -23.464768 -26.881713 -28.686407 -28.617870 -36.256401 -41.614495 -44.893666 -46.138519 -43.663298 -41.333677 -38.258109 -28.556047 -20.166078 -11.760055 2.488129 14.868079 20.111861 17.685178 12.582554 8.770079 2.241925 -7.676580 -18.216330 -28.660761 -35.954935 -41.462382 -46.819190 -40.784103 -34.400091 -24.176924 -14.025059 -1.945742 10.251911 -9999.0
-19.895834 -17.013806 -27.910424 -36.407421 -40.933294 -40.915180 -38.743587 -42.462599 -47.131970 -51.301291 -43.306543 -41.968475 -40.723342 -37.441079 -34.025257 -31.593307 -28.768478 -23.369444 -14.307679 -11.574902 -10.990838 -10.814535 -12.610650 -15.716604 -17.508972 -20.282156 -25.470912 -26.355603 -25.868125 -25.786730 -20.523392 -19.024758 -17.677275 -24.725602 -21.376647 -15.061893 -8.088531 -1.028243 6.041656 10.651144 7.456862 6.092958 -2.441254 -16.488905 -28.175076 -37.094811 -39.745724 -43.050176 -50.874989 -63.218357 -56.408641 -40.947961 -36.333661 -32.695177 -20.773052 -8.447795 1.824830
-34.431820 -31.373848 -36.464822 -35.536629 -34.136829 -32.679863 -34.286377 -37.211609 -38.489239 -25.321084 -15.518726 -13.566722 -10.488095 -6.988600 -8.179800 -20.557171 -23.175923 -14.530424 -3.858947 2.249215 2.574394 2.666132 1.167349 0.172510 -0.336969 -2.711068 -1.546483 1.228258 2.068653 7.328658 13.113915 15.878557 7.196725 -2.249109 -1.878845 5.723640 13.706658 21.179153 32.277279 44.008470 42.574732 36.421880 26.932941 12.606784 -11.500928 -31.893336 -42.830235 -49.751411 -56.949108 -57.883705 -60.392264 -49.909123 -48.272048 -46.649830 -38.155233 -27.872583 -17.776875
-19.233410 -10.742378 -16.757394 -22.433884 -25.873922 -25.235707 -24.793437 -20.984610 -7.242948 7.381391 23.222320 26.491711 29.460916 29.342494 19.601974 9.103053 4.789387 20.100096 36.370706 45.107360 46.450315 47.238336 55.556974 53.667648 51.057213 45.597638 48.223284 51.339417 63.146093 71.112307 78.118405 76.182652 64.065550 52.584675 50.285162 52.003319 54.050580 60.003572 70.675149 80.943954 75.677248 67.324084 55.625046 25.133539 -4.193854 -22.317706 -22.393443 -22.536836 -27.659865 -31.282797 -35.385716 -43.358123 -44.134364 -45.026129 -45.759506 -33.919929 -21.805055
30.731434 47.628761 41.993059 33.490023 22.500117 23.088622 27.027263 36.099984 50.569623 70.586361 96.570550 101.633217 106.481221 110.865782 99.994862 87.458475 75.475712 91.912453 102.429441 112.437110 116.563067 128.922492 139.876666 135.027980 126.193418 116.502213 123.520917 138.139974 154.371536 161.618489 165.504659 165.564937 154.953715 148.729780 145.308979 145.238371 141.065829 144.184901 155.586049 171.292962 170.620669 158.087358 132.503036 93.324436 55.355139 30.977904 33.822210 26.132780 18.872543 13.555202 -1.725884 -14.163124 -15.241185 -25.497602 -32.332473 -21.308471 -15.570959
84.000737 103.786060 100.788083 89.862342 77.475881 77.963854 87.025855 97.886348 118.959937 146.113346 174.559960 188.856305 197.165167 207.559628 200.992664 191.212863 181.821602 189.378725 203.153428 217.051100 230.011029 244.472073 257.545496 250.301156 239.588734 236.207908 241.611037 261.037655 278.361546 284.866134 287.706904 291.984633 284.567991 276.021555 266.583318 258.024078 250.063935 244.986583 261.597266 277.101105 274.042263 247.292652 218.944186 179.527872 137.688423 99.756281 92.666376 88.965150 85.375921 67.662173 49.802162 29.263890 16.693125 6.214615 -9.893297 -5.979856 -0.932953
193.995174 217.367788 222.959415 208.567671 203.532048 209.485905 222.716281 230.890596 247.767013 278.657810 317.186043 345.023675 368.504390 373.727157 365.015215 355.449852 341.311977 336.662201 351.918454 364.997808 377.279632 389.171322 401.400512 408.208258 406.793917 406.715010 409.755625 415.207418 422.842748 429.808966 435.977612 442.286823 441.474818 431.842090 423.553135 413.526357 404.925883 401.890288 401.731894 409.553250 407.318357 383.667065 354.519062 319.880886 278.304240 241.326277 216.533575 215.592204 198.882797 176.970745 151.231489 110.739727 88.681535 69.201718 36.830079 30.552430 39.727267
323.965791 342.910978 359.582756 358.817533 362.115835 366.525361 373.898072 380.036748 389.108351 422.501016 458.957351 490.780122 516.301272 525.879194 516.608109 506.890641 495.390006 485.911031 487.926963 501.415618 517.653644 533.120340 543.738179 547.409271 546.188281 546.479491 548.071918 551.076698 553.694824 558.843707 565.497645 575.444905 586.898999 582.550417 566.141100 553.191736 538.324037 531.926770 529.098063 525.061982 524.005769 518.756402 490.434832 461.954194 428.583325 395.521004 370.855259 350.806561 328.006606 302.100633 252.869544 207.137651 167.716869 134.883652 102.039713 94.730745 118.166160
453.625509 480.128903 496.439037 501.776938 505.099397 509.099252 516.141000 522.441796 530.975926 551.926574 587.815593 624.591868 654.805188 660.768936 653.100129 643.082523 632.120507 622.895309 619.580750 625.763205 635.555840 649.765599 660.891523 670.978967 671.176069 671.604348 671.479195 673.064822 674.810027 676.068109 681.543286 691.801617 701.420331 703.143792 691.774511 675.694209 658.315224 649.140908 640.641111 633.447253 632.045775 631.741879 626.704686 603.472506 568.943458 526.013012 496.552654 472.904544 457.616425 440.029346 417.322301 370.314717 341.406327 304.827726 264.698969 235.519152 267.299148
568.153620 597.966751 617.801610 628.009149 630.847396 635.598568 643.994142 651.608298 662.900467 679.087934 700.414142 728.072626 755.582540 774.053877 771.721291 760.908968 744.828889 741.360645 739.820189 741.241563 747.556638 753.787886 767.225294 780.732299 786.307125 787.019990 784.587133 785.775143 787.052658 787.014909 786.530257 789.888160 795.347793 797.873716 793.718155 780.296376 761.856989 745.857354 734.309102 727.875960 724.042910 723.536186 721.511710 710.335341 683.435863 647.149514 612.441220 587.716398 569.573273 554.949608 543.429159 528.162597 510.803128 481.404627 439.160773 401.900561 393.044343
669.303303 694.327768 718.615184 736.552333 743.652122 752.774934 758.872394 769.589565 784.704884 801.325541 814.186608 829.752784 849.935810 861.486498 867.225598 868.061792 867.414972 869.249688 868.809142 855.026588 856.994652 858.609755 862.102951 867.145220 868.865787 869.086820 868.578500 869.100157 869.290657 869.350180 868.548462 867.533807 868.258251 868.537874 867.666815 863.262918 861.173273 845.005735 832.634425 824.682315 816.831623 808.136193 798.550370 788.732295 773.019951 745.815486 712.115123 682.248757 667.843803 659.547106 652.503386 646.496139 631.507087 610.259808 581.238019 544.489810 508.502013
768.617811 786.835154 810.925051 829.066595 840.227504 849.722762 855.146288 866.663538 878.332594 876.734742 879.071269 881.383880 883.680560 884.537464 884.726656 884.433373 882.003967 881.387109 879.372667 873.692556 864.146197 865.133922 866.118411 868.298169 871.709230 870.595982 871.724779 874.571666 872.880444 867.346741 863.615037 861.716381 861.494296 867.848629 870.549875 871.092206 871.116554 870.571669 870.056596 869.108864 868.154535 866.998313 865.455538 864.664964 854.953650 832.792837 802.109893 768.908172 750.972861 743.229880 742.746626 738.709138 731.715448 712.292960 684.819027 649.769560 612.706041
870.772627 874.160493 879.217782 882.421119 884.326871 886.907014 889.325065 889.774097 886.409058 882.698471 877.856287 876.151365 874.273442 871.739936 872.115136 869.814051 865.560976 861.594386 854.667678 842.798827 830.315061 827.378756 831.533487 836.023430 840.039798 843.411065 847.370904 848.992477 843.805343 835.684817 828.446293 825.982959 831.421316 835.700365 840.254959 840.529773 839.997039 838.974528 839.889207 838.371130 839.781176 847.042728 860.782435 868.220515 869.702888 869.266968 865.114808 857.433983 842.531592 822.704088 824.725407 819.740196 807.801397 786.176855 761.277749 731.923198 703.357119
880.869232 878.540500 872.402324 866.619023 865.876828 869.563496 876.011963 877.117851 870.132249 861.742876 854.077751 845.930269 842.138165 840.228723 838.992190 838.376997 832.529079 824.440614 808.328928 794.141600 781.059991 773.982202 772.170009 777.392272 786.771015 796.287733 802.253052 797.089054 788.633635 777.440338 768.857210 768.460343 770.402090 778.174038 790.412378 793.683474 794.886206 791.193104 788.363081 783.941444 783.833858 792.836762 810.093325 826.029328 839.599434 848.098681 856.040999 862.382059 867.521097 867.907144 868.143860 867.581065 864.596576 849.935258 829.697883 806.965853 782.574067
859.640921 853.761783 845.804352 839.022291 836.662158 838.640659 841.259045 837.755830 830.828201 820.182759 807.966230 795.483623 787.453098 786.830794 787.868394 787.629270 780.841160 766.156053 748.064520 733.033034 717.980797 713.224673 708.418500 705.365744 716.155843 732.731286 739.407773 727.437135 717.332149 703.018271 695.055783 691.890030 693.083418 701.795873 719.844904 736.991734 738.244714 729.906205 722.016069 718.562672 717.836410 726.744042 747.099444 767.859427 783.283416 794.251944 802.418956 811.857646 821.870257 833.710920 846.788297 858.115537 868.171136 870.654438 869.589189 866.166087 851.310048
828.298589 818.880119 809.295557 801.291778 795.820169 792.686330 789.708363 783.331435 776.130277 763.404647 750.403717 736.990561 722.233031 717.790593 714.447455 715.359551 703.722838 692.232428 672.627350 656.534780 640.548566 630.812982 624.943434 619.488362 625.476206 641.523843 650.994782 637.084932 626.643136 613.223818 606.540557 603.066299 604.319718 613.749742 635.662706 653.825604 660.371620 653.008270 647.825529 646.090607 646.522055 653.449131 670.121843 691.271386 712.480016 728.844774 739.784745 749.028556 760.235874 775.473284 790.746074 806.648188 824.498889 844.104064 858.789387 868.051211 872.868363
784.733692 773.663874 761.361343 749.328766 742.121031 741.930531 734.571352 727.709210 714.548120 671.358171 654.063459 635.844465 620.166731 613.937570 606.007929 599.372067 589.405184 581.766460 572.240610 556.316739 539.048930 523.472807 518.240094 513.945509 507.310137 514.414215 518.279240 519.286847 511.929915 505.216207 502.109056 499.509222 502.811620 515.890032 528.041300 538.938588 545.003319 542.592079 549.296038 556.110399 559.671932 576.023008 590.832706 609.457349 631.530834 655.066340 668.611082 679.040637 690.917123 707.434092 725.435383 744.435821 768.113340 793.558410 811.239652 823.395502 835.914185
733.301842 718.456049 704.761823 691.243353 677.991746 677.614606 673.142240 665.032278 627.995194 586.153435 554.526164 535.936218 514.013385 502.524863 491.615840 467.169920 452.677551 444.867032 447.209210 435.923106 418.156052 403.107157 394.818452 388.383100 376.438957 369.880873 374.255965 385.007489 379.655253 377.089740 380.364491 378.385636 375.710915 382.855098 397.467733 406.277949 416.204068 427.034754 432.822770 442.194099 468.261062 483.726135 499.997796 521.191679 543.983433 567.450452 587.765666 601.497215 616.576310 636.063832 653.770332 675.645319 700.324593 729.735706 750.442778 766.059783 779.059869
660.881432 644.309881 627.100579 607.553826 586.366160 582.953981 574.920372 557.919283 514.037818 473.281020 441.619502 418.170748 392.521964 373.444559 346.846859 313.888562 292.076460 294.221424 300.215946 297.482126 280.908777 265.505755 253.367408 238.986705 222.657461 211.614777 219.889900 228.988962 235.164581 238.054460 241.841318 243.640004 242.636348 240.066293 248.750131 259.116947 271.255610 283.469828 297.874604 329.452084 357.533514 377.701317 400.965169 423.882720 449.210861 475.256831 498.015206 515.172222 534.723006 554.996218 576.640550 598.593244 624.642765 654.813208 679.606255 695.954479 711.297290
580.535164 558.293014 533.002804 495.996954 480.079780 469.932166 457.513622 422.595604 379.229651 340.065185 310.843269 281.765578 253.268114 223.281636 189.578323 159.530472 138.044530 143.599066 149.904044 158.838245 145.202812 131.901909 123.985246 108.440543 93.681996 79.390533 87.403816 97.138495 113.079272 116.881144 120.204328 126.567022 125.389533 123.558421 117.136061 126.908753 138.141271 152.844893 181.575919 209.945822 238.228172 263.678143 289.052502 317.034976 346.620913 375.790716 404.786104 427.226880 448.948460 472.582188 494.641061 515.073620 538.167737 565.797781 589.967381 610.258892 631.796806
481.429269 456.653389 420.658802 375.584860 340.925331 324.624781 286.580385 248.564317 205.784050 181.085503 158.013711 131.351632 106.690544 83.000661 54.557267 29.891292 5.546148 8.947766 20.849047 34.162145 26.596194 21.643253 17.765241 5.773698 -8.204367 -21.871403 -18.179481 -3.284709 13.433366 20.305309 26.678742 34.150489 34.279151 28.006167 20.012911 26.084015 40.202302 56.939455 79.753607 104.160943 128.498199 151.698996 177.767781 205.800459 235.149528 267.105364 300.275603 326.409714 355.849446 385.274116 408.944494 424.737504 442.585940 469.696397 490.564734 514.010730 537.820035
371.297346 341.987082 296.994140 248.347253 200.288754 159.752989 123.675977 89.126426 66.747162 45.136505 24.682416 4.459083 -17.609418 -38.387107 -58.666184 -81.180892 -100.738853 -95.732379 -82.527381 -70.467028 -68.582735 -71.817975 -75.096479 -83.115729 -96.805231 -108.154390 -99.997531 -84.530596 -69.343096 -59.473954 -52.813728 -46.553275 -49.240155 -57.310799 -63.865474 -55.846071 -40.265116 -24.850007 -6.494206 15.855107 38.485766 61.505603 85.951125 111.009882 139.054805 168.680817 199.429778 230.262614 260.083745 289.030891 306.489050 323.577806 337.715793 359.641873 382.516143 406.983212 433.706666
232.286642 200.107730 161.683256 117.809154 82.787887 48.331760 15.591013 -16.363612 -42.561954 -61.348227 -72.449079 -88.024575 -107.979538 -122.164725 -139.518052 -158.798303 -160.337760 -156.833016 -144.663778 -142.492720 -141.865014 -144.937266 -146.146997 -151.007864 -162.730009 -156.901139 -149.081925 -134.047356 -123.008515 -113.630178 -107.296465 -103.077402 -103.559134 -110.570656 -107.722225 -100.365950 -85.558186 -73.431588 -57.753966 -36.392361 -18.275493 2.064354 25.088393 49.131377 74.776619 102.286496 132.232812 160.176700 184.134655 198.481632 213.797610 224.819963 224.733484 244.515225 265.572791 287.457983 317.331255
99.266127 71.082768 42.389609 8.716625 -24.884508 -56.160465 -87.034949 -117.213940 -142.414712 -152.545347 -163.891844 -175.988065 -189.791429 -203.907698 -216.713296 -217.365589 -219.833651 -220.303532 -218.433799 -215.460401 -212.973770 -214.030011 -215.200376 -214.675385 -209.039624 -204.815339 -199.233959 -188.613745 -177.439847 -167.150633 -163.052059 -158.811385 -155.904248 -152.665979 -150.049314 -145.519542 -133.935493 -121.957673 -108.398770 -91.142120 -73.366302 -54.037658 -31.254397 -7.957835 17.130960 44.906811 73.249485 95.751359 108.052669 120.672065 127.437851 125.982915 124.971427 136.621045 153.337355 169.944593 196.832674
