tests/Borden05m/sims/sim_1/output-maps/psiliqL0022N0002.asc
ncols         160
nrows         34
xllcorner     620200.000000
yllcorner     5168000.000000
cellsize      0.500000
NODATA_value  -9999.0
[rows 0 to 24 of 34, columns 55 to 109 of 160]
-9999.0 -9999.0 -9999.0 -9999.0 -9999.0 -9999.0 -9999.0 -9999.0 -9999.0 -9999.0 -9999.0 -9999.0 -9999.0 -9999.0 -9999.0 -9999.0 -9999.0 -9999.0 -9999.0 -9999.0 -9999.0 -9999.0 -9999.0 -9999.0 -9999.0 -9999.0 -9999.0 -9999.0 -9999.0 -9999.0 -9999.0 -9999.0 -9999.0 -9999.0 -9999.0 -9999.0 -9999.0 -9999.0 -9999.0 -9999.0 -9999.0 -9999.0 -9999.0 -9999.0 -9999.0 -9999.0 -9999.0 -9999.0 -9999.0 -9999.0 -9999.0 -9999.0 -9999.0 -9999.0 -9999.0
-9999.0 -9999.0 -9999.0 -9999.0 2617.018431 2611.767149 2607.053259 2602.706054 2594.547034 2585.553984 2577.824334 2574.001619 2573.205505 2572.672274 2572.403716 2577.662377 2585.958154 2593.794162 2600.899053 2603.285279 2605.743452 2607.810397 2608.219353 2607.159837 2604.067223 2601.052234 2597.775852 2596.234838 2588.764483 2577.666715 2569.299934 2566.663496 2570.954867 2575.347505 2577.826875 2583.171879 2593.561458 2604.044447 2612.135703 2624.107596 2630.416669 2635.356688 2637.718890 2633.356549 2629.684786 2625.512078 2619.548327 2608.378145 -9999.0 -9999.0 -9999.0 -9999.0 -9999.0 -9999.0 -9999.0
2562.306703 2581.086367 2601.837937 2605.118704 2593.655658 2588.763991 2585.787794 2584.243820 2580.018442 2571.744313 2566.869898 2561.694060 2559.553471 2559.850047 2560.073396 2564.163378 2575.021364 2583.109994 2587.938452 2590.774313 2593.659424 2592.565662 2591.946753 2591.772954 2588.943638 2585.477502 2582.164003 2580.422675 2581.666323 2574.176782 2568.430321 2564.749383 2562.220731 2564.875068 2567.524189 2571.727341 2580.904328 2588.734917 2596.565049 2610.934440 2623.536674 2628.748812 2625.856274 2620.774012 2616.604764 2609.161272 2598.676190 2588.489629 2579.915077 2573.283415 2567.487519 2560.834221 2566.639753 2573.636336 2582.665374
2546.716284 2566.198715 2586.870393 2589.727390 2579.390023 2571.689557 2565.664509 2566.368304 2569.865373 2566.852827 2562.395163 2555.732541 2565.485532 2566.824347 2567.947693 2571.486667 2574.107792 2578.888783 2581.606571 2587.079788 2596.065852 2598.881208 2599.403439 2599.542689 2597.669122 2594.510646 2592.676370 2589.991071 2584.844854 2583.366224 2583.303209 2582.404455 2586.772781 2588.152722 2590.894022 2585.065729 2589.147604 2595.215623 2601.791646 2607.512403 2613.570783 2616.188856 2612.505342 2612.208990 2603.343240 2589.341168 2578.923833 2570.909626 2570.188223 2566.763956 2558.406534 2544.494093 2551.900934 2567.306632 2571.527164
2552.780737 2562.084558 2573.254387 2576.164632 2571.396127 2573.630976 2575.679142 2577.309396 2575.882072 2572.854829 2569.532417 2580.821055 2589.479653 2591.214782 2594.090795 2598.321859 2599.341360 2588.502916 2586.563333 2594.206832 2603.841636 2609.154861 2609.382892 2609.162462 2606.049335 2605.016770 2604.856526 2603.056097 2603.048491 2604.985348 2603.400566 2606.966610 2612.628916 2616.381720 2609.923970 2601.238044 2602.989896 2611.182163 2620.377893 2627.728084 2637.709224 2648.224852 2647.627356 2642.265528 2633.066606 2619.728230 2596.368499 2577.854400 2566.344373 2558.044030 2550.282681 2551.771903 2546.973051 2559.407331 2560.589988
2544.366015 2564.215685 2584.697953 2591.472446 2585.869591 2582.133136 2580.846204 2581.929012 2581.719301 2583.356926 2593.586134 2606.351186 2619.638444 2622.331798 2624.699200 2623.880924 2615.580787 2605.504756 2602.734129 2616.664661 2634.065968 2642.201323 2642.133908 2639.004053 2643.368774 2643.171010 2643.157476 2639.528030 2640.851868 2639.833293 2646.819191 2654.661861 2662.520064 2661.196313 2648.912533 2636.828651 2636.227943 2640.715459 2646.374642 2653.210693 2662.942932 2671.724490 2666.282039 2659.939265 2651.150689 2623.914662 2598.576278 2583.116871 2582.451139 2582.302118 2577.275570 2574.265300 2571.956164 2566.316026 2565.722882
2585.830788 2606.084775 2627.449895 2641.871188 2636.398119 2629.325622 2620.935814 2621.799775 2623.538405 2630.571977 2642.230584 2656.895218 2679.838454 2680.796573 2682.421386 2682.535351 2670.645419 2658.131616 2648.134739 2669.104066 2680.090315 2687.586132 2686.370879 2693.039466 2702.194210 2698.523743 2691.953157 2680.738262 2686.832709 2695.236897 2710.621380 2718.445363 2723.473246 2720.061057 2707.110385 2700.668661 2701.177142 2706.081266 2705.808672 2712.707520 2721.366026 2735.681077 2733.943224 2728.194312 2706.864073 2669.351924 2637.512355 2620.861672 2630.165270 2623.152257 2614.905391 2612.812378 2600.063024 2590.996457 2592.247802
2628.617754 2644.293552 2661.905650 2679.416666 2672.455375 2662.874887 2648.110476 2646.483618 2652.334198 2663.084978 2681.625938 2701.633462 2723.244010 2725.395197 2722.155863 2730.991362 2725.957449 2716.214672 2708.873544 2727.277622 2737.957107 2747.223562 2754.076115 2766.843994 2777.793831 2763.728404 2748.587458 2740.180767 2746.974656 2771.024083 2792.128217 2797.352688 2797.335125 2797.825195 2784.574300 2779.233134 2774.844914 2773.231392 2769.191311 2766.079664 2788.461851 2807.639432 2806.195266 2783.398252 2759.710649 2721.831037 2683.381153 2655.495687 2663.176820 2658.920042 2659.828908 2647.199061 2633.296064 2622.109221 2615.449464
2693.204895 2717.889306 2736.178734 2757.043184 2751.661954 2731.453990 2718.836656 2722.844540 2736.775815 2745.225919 2763.340128 2783.183357 2811.215324 2826.719936 2840.898331 2783.333852 2838.903261 2830.521925 2818.544555 2821.852212 2843.867278 2790.281662 2798.881227 2807.840939 2820.260305 2822.146343 2816.549507 2815.089904 2819.013389 2830.376516 2842.992877 2849.634803 2853.358372 2856.795978 2846.613525 2834.670230 2831.444451 2825.088468 2822.266831 2821.086509 2829.929093 2847.683264 2845.127673 2812.354823 2786.293944 2813.611836 2774.888314 2743.793358 2732.879501 2746.685099 2741.947942 2724.182912 2709.837279 2680.185492 2670.261172
2775.490966 2809.912943 2835.919889 2787.500458 2795.979056 2783.910681 2782.586560 2786.296074 2793.909510 2797.199921 2803.636383 2835.504270 2868.986656 2894.777164 2917.547922 2924.623230 2913.070017 2903.232076 2890.164180 2881.124008 2889.914780 2905.838771 2923.010615 2938.002227 2949.187065 2951.701723 2950.225684 2950.335969 2953.062994 2956.003073 2959.850312 2967.534526 2974.994883 2981.532403 2990.423318 2981.478514 2967.181069 2957.106541 2946.801408 2944.876940 2945.557415 2947.907174 2948.870304 2935.253609 2897.016406 2867.206583 2835.870343 2814.193552 2799.333106 2795.924643 2840.655910 2815.875108 2765.222786 2727.373353 2693.945321
2807.670814 2849.549110 2878.434963 2896.779462 2909.724702 2908.098414 2909.743576 2910.908258 2914.939134 2917.829636 2921.545381 2946.670245 2983.904624 3022.078333 3052.444256 3053.257042 3040.666196 3029.533505 3019.996776 3006.681469 3002.855405 3013.964492 3028.005653 3046.939846 3057.570371 3064.639290 3062.083207 3062.345335 3063.724015 3065.940714 3067.949874 3071.061590 3079.900058 3093.969676 3107.496989 3107.214051 3090.004000 3072.452121 3056.200817 3052.522018 3049.225445 3044.254016 3046.183281 3047.989125 3034.961775 3006.008384 2970.481098 2930.144352 2911.215234 2894.950534 2884.287820 2868.374912 2833.309257 2840.886670 2802.825308
2921.396843 2952.956075 2978.938612 3008.668985 3024.167223 3027.606723 3025.589440 3025.015626 3031.835885 3035.306351 3041.961527 3058.224528 3087.634069 3120.876667 3149.402325 3165.092041 3158.325879 3141.852845 3121.047453 3112.505245 3110.024331 3113.148731 3121.791539 3133.245624 3151.550824 3169.896040 3175.464417 3176.297725 3173.751100 3175.989191 3177.411916 3177.501257 3179.890506 3187.338429 3196.422571 3199.575419 3192.662448 3173.172824 3150.760496 3138.715499 3131.763237 3128.184381 3128.502994 3132.750997 3135.177988 3121.525025 3088.267499 3046.211830 3015.919717 2999.441785 2986.350874 2975.554561 2964.041811 2935.865349 2916.366328
3025.873699 3040.272831 3067.248287 3095.008882 3117.703054 3132.578060 3133.722616 3137.243304 3141.826147 3149.625679 3164.608787 3186.470258 3203.961896 3224.849619 3249.823148 3264.961143 3270.254976 3269.086862 3265.764540 3267.109516 3267.407520 3214.073427 3219.486242 3224.868417 3239.391251 3252.868682 3257.672491 3258.214258 3256.053164 3257.684110 3258.334284 3258.290441 3257.926020 3259.642764 3263.955888 3265.604347 3263.566431 3252.526399 3266.870047 3247.733976 3234.764570 3226.824830 3218.816156 3210.605768 3201.298843 3191.679210 3173.006576 3143.617401 3110.068584 3087.574605 3079.150775 3073.352219 3065.802473 3060.615152 3044.612338
3123.357212 3133.864279 3151.093837 3172.826243 3204.659222 3226.667010 3237.627485 3246.566990 3251.137334 3264.484609 3280.123022 3266.873493 3273.954128 3281.281278 3288.561566 3291.061679 3291.777515 3291.447202 3289.108845 3288.448545 3286.235791 3282.483537 3272.305874 3273.883853 3275.713838 3278.296973 3281.965587 3280.804991 3281.862694 3284.800072 3283.112921 3277.234731 3273.299834 3271.730087 3272.585736 3279.918675 3283.302971 3284.213617 3281.457937 3280.596109 3279.747119 3276.848747 3273.230187 3268.129088 3261.603775 3273.496961 3262.099228 3235.570551 3197.591261 3158.566012 3149.661052 3150.200740 3150.512848 3148.925623 3143.532684
3242.252022 3255.265082 3269.387353 3252.040841 3271.080142 3280.823948 3285.379984 3289.061390 3291.721083 3294.308994 3291.246454 3288.143438 3283.339977 3281.875138 3280.558504 3278.154667 3278.798931 3276.916476 3272.924236 3269.055427 3261.535788 3250.248242 3239.078971 3235.801341 3240.176737 3245.630841 3250.557650 3254.671410 3258.278773 3258.563725 3253.310538 3245.082133 3237.700880 3235.988029 3242.732479 3248.403525 3254.575408 3255.392774 3254.010722 3251.656732 3251.534008 3248.487513 3248.770562 3255.652056 3269.938728 3273.416929 3278.446847 3277.730530 3263.542743 3237.852077 3244.650005 3225.049866 3230.556746 3226.140602 3215.020406
3282.948087 3285.309628 3283.919989 3282.653184 3276.422646 3270.479735 3269.744234 3273.731983 3280.720293 3281.863721 3274.901124 3266.493968 3259.434672 3252.274866 3250.055099 3249.366052 3249.056297 3249.494908 3244.271201 3235.438185 3218.993446 3207.521767 3196.498288 3190.587658 3187.312248 3191.154699 3201.991898 3213.455043 3218.370242 3209.777043 3201.629784 3190.183562 3182.169924 3182.570588 3183.906671 3193.226191 3209.233983 3215.962373 3216.698336 3210.575138 3204.586992 3198.113656 3195.279382 3201.719118 3216.772095 3232.978735 3247.936804 3256.724108 3264.256847 3271.135279 3270.866170 3273.202357 3274.487848 3272.672915 3274.637187
3276.969738 3270.149402 3263.345464 3258.190756 3251.793036 3246.479320 3244.749630 3246.826488 3249.073890 3245.270418 3238.938242 3229.063988 3218.258602 3208.734526 3201.628475 3202.675226 3205.047088 3206.595992 3199.668245 3184.745454 3167.349314 3154.066277 3140.357111 3136.506205 3130.960195 3124.249431 3134.460649 3153.444546 3160.501434 3145.159587 3134.606068 3119.756092 3113.026809 3109.278600 3110.227884 3119.205412 3140.889376 3163.630334 3165.428973 3154.770730 3144.197026 3139.376778 3136.216389 3141.124116 3157.925277 3178.141305 3193.640793 3203.653182 3208.915237 3216.641581 3225.927635 3239.538209 3253.784532 3265.661088 3271.223778
3252.420610 3244.756349 3237.211786 3229.748223 3222.983732 3216.952762 3212.823209 3210.958551 3207.506166 3201.630497 3194.828713 3176.116244 3164.057673 3151.699104 3137.414490 3133.893689 3129.798781 3131.225784 3120.059178 3111.742584 3095.029388 3079.912936 3064.542794 3052.110808 3046.492528 3040.113680 3039.922208 3053.846129 3062.406232 3052.041345 3042.268798 3031.156706 3026.271530 3022.933276 3025.232526 3035.547947 3055.582275 3073.827486 3081.735857 3074.137540 3071.741029 3070.971060 3069.288550 3075.161180 3086.511285 3104.522772 3126.133694 3143.985958 3153.438709 3160.271141 3169.460575 3183.555425 3197.367520 3211.355950 3228.854178
3222.325229 3213.247119 3203.577893 3194.169763 3183.981217 3173.801466 3167.662737 3170.202754 3164.334768 3158.840416 3138.340034 3085.966935 3066.117918 3047.918197 3032.391327 3026.330093 3018.553010 3004.774164 2996.333200 2991.629549 2991.889532 2977.874226 2963.237027 2946.149278 2941.333587 2937.756624 2922.516645 2920.173894 2921.345376 2934.692484 2928.374131 2926.063868 2927.009445 2924.583899 2926.277924 2939.143887 2947.716960 2954.134072 2960.574045 2963.700592 2973.068703 2977.745409 2986.060056 3002.387330 3013.371450 3028.697095 3048.730569 3073.300725 3087.750578 3096.845598 3106.979447 3121.942899 3137.835344 3155.107509 3177.096614
3188.373693 3172.847080 3158.828856 3144.982001 3132.702660 3120.348922 3105.638889 3107.660303 3105.621221 3096.270502 3045.309002 3004.866060 2974.772545 2957.921495 2935.243568 2922.742951 2908.358661 2873.299034 2857.055295 2855.699145 2868.583904 2864.010516 2848.732222 2836.656291 2827.793887 2819.258054 2802.834256 2786.473240 2792.277181 2809.310763 2809.072137 2811.299114 2818.286416 2817.461180 2811.443033 2810.462624 2822.815569 2828.638898 2839.205290 2855.072388 2859.441315 2873.421181 2904.825964 2917.284389 2931.741491 2949.887648 2969.983738 2989.044218 3010.379139 3023.638930 3038.103928 3056.044964 3072.218878 3092.104456 3114.366076
3139.443202 3109.710750 3089.526005 3072.898896 3054.807352 3029.976999 3010.507332 3008.831944 3003.109370 2977.070534 2929.469526 2893.859959 2869.877600 2848.802685 2826.360840 2804.795953 2837.006067 2802.090352 2779.632774 2792.041206 2801.439789 2809.850768 2797.364953 2785.603546 2775.343393 2757.796994 2740.941336 2725.331559 2735.580845 2744.060103 2760.652417 2766.845240 2770.845792 2776.197115 2775.090995 2766.056714 2763.607238 2772.285409 2782.808016 2795.119047 2815.457295 2788.657382 2812.308862 2829.495810 2849.153089 2867.120624 2887.943082 2910.203886 2931.883986 2947.938985 2965.578162 2981.063592 3001.182104 3020.022540 3042.663569
3063.327782 3035.900809 3010.256398 2988.070762 2961.019499 2917.304925 2903.855636 2895.738185 2876.717273 2832.752523 2792.319116 2835.131008 2818.445014 2793.366893 2770.310588 2740.638116 2708.074806 2684.929738 2663.837463 2672.704125 2681.598131 2699.165033 2689.280583 2681.117339 2677.056231 2661.526190 2647.876193 2631.684236 2638.090279 2649.655361 2671.730292 2677.360170 2681.443010 2690.465952 2689.859199 2685.938547 2670.536682 2678.010934 2689.131731 2704.155559 2734.693303 2756.703490 2779.984948 2802.524040 2823.032433 2788.562133 2809.900795 2832.096557 2857.014677 2875.533250 2893.588007 2914.153038 2932.785986 2947.372273 2964.034833
2961.350550 2937.774488 2918.413847 2895.226842 2855.263611 2812.953013 2841.988063 2815.994802 2765.004945 2728.466796 2703.867874 2699.714773 2685.323246 2663.876829 2643.311904 2621.735556 2598.763279 2578.907724 2553.744998 2558.402780 2573.098853 2589.117252 2588.662607 2588.427104 2586.412161 2576.578557 2562.974742 2549.270113 2552.889972 2569.519844 2587.239376 2596.783865 2604.346819 2612.149336 2612.077371 2603.226236 2593.673293 2598.764897 2614.053817 2631.364571 2649.940961 2670.998783 2692.532927 2713.554965 2736.599713 2758.851699 2782.703559 2808.566373 2783.304087 2802.914096 2825.327230 2848.357529 2864.493185 2873.074831 2881.365772
2861.665881 2842.676116 2820.353998 2794.516067 2813.473493 2772.778028 2732.134328 2685.476732 2651.019767 2619.519622 2609.741044 2593.294914 2578.665746 2563.080916 2542.495214 2525.811976 2510.297039 2488.845775 2477.106747 2483.752599 2496.849029 2505.351703 2511.142329 2508.731603 2506.173031 2500.113499 2486.196892 2480.809895 2490.460022 2505.618658 2519.499817 2530.783517 2537.668476 2543.014164 2540.095956 2531.186108 2527.728520 2535.912753 2551.302577 2564.654913 2579.765211 2600.434777 2621.635084 2643.500859 2666.341935 2688.683071 2713.661663 2739.349719 2764.863357 2792.418627 2815.898489 2786.097967 2793.951223 2802.602829 2802.819958
2797.459433 2783.923527 2757.357595 2728.378107 2699.378064 2665.006129 2638.989101 2606.032148 2575.634703 2546.515298 2520.685459 2507.253978 2500.146743 2486.795326 2469.451808 2458.014628 2442.364496 2430.894643 2435.686653 2437.118459 2445.605717 2444.192869 2444.967844 2442.368072 2441.628615 2438.982272 2431.971880 2442.839117 2449.543983 2463.120279 2473.233650 2482.855966 2488.710400 2492.369856 2493.255735 2488.621028 2493.998749 2500.211495 2513.895517 2524.913188 2538.454672 2558.181253 2574.584919 2593.291556 2616.071958 2639.063371 2663.119243 2688.927008 2716.920639 2741.944781 2760.581851 2767.653574 2778.160627 2781.997062 2773.817423
