tests/Borden05m/sims/sim_1/output-maps/psiliqL0026N0008.asc
ncols         160
nrows         34
xllcorner     620200.000000
yllcorner     5168000.000000
cellsize      0.500000
NODATA_value  -9999.0
[rows 0 to 24 of 34, columns 0 to 54 of 160]
-9999.0 -9999.0 -9999.0 -9999.0 -9999.0 -9999.0 -9999.0 -9999.0 -9999.0 -9999.0 -9999.0 -9999.0 -9999.0 -9999.0 -9999.0 -9999.0 -9999.0 -9999.0 -9999.0 -9999.0 -9999.0 -9999.0 -9999.0 -9999.0 -9999.0 -9999.0 -9999.0 -9999.0 -9999.0 -9999.0 -9999.0 -9999.0 -9999.0 -9999.0 -9999.0 -9999.0 -9999.0 -9999.0 -9999.0 -9999.0 -9999.0 -9999.0 -9999.0 -9999.0 -9999.0 -9999.0 -9999.0 -9999.0 -9999.0 -9999.0 -9999.0 -9999.0 -9999.0 -9999.0 -9999.0
-9999.0 -9999.0 -9999.0 -9999.0 -9999.0 -9999.0 -9999.0 -9999.0 -9999.0 -9999.0 -9999.0 -9999.0 -9999.0 -9999.0 -9999.0 -9999.0 -9999.0 -9999.0 -9999.0 -9999.0 -9999.0 -9999.0 -9999.0 -9999.0 -9999.0 -9999.0 -9999.0 -9999.0 -9999.0 -9999.0 -9999.0 -9999.0 -9999.0 -9999.0 -9999.0 -9999.0 -9999.0 -9999.0 -9999.0 -9999.0 -9999.0 -9999.0 -9999.0 -9999.0 -9999.0 -9999.0 -9999.0 -9999.0 -9999.0 -9999.0 -9999.0 -9999.0 -9999.0 -9999.0 -9999.0
-9999.0 -9999.0 -9999.0 -9999.0 -9999.0 -9999.0 -9999.0 -9999.0 -9999.0 -9999.0 -9999.0 -9999.0 -9999.0 -9999.0 -9999.0 -9999.0 -9999.0 -9999.0 -9999.0 -9999.0 -9999.0 -9999.0 -9999.0 -9999.0 -9999.0 -9999.0 -9999.0 -9999.0 -9999.0 -9999.0 -9999.0 -9999.0 -9999.0 -9999.0 -9999.0 -9999.0 -9999.0 -9999.0 -9999.0 -9999.0 -9999.0 -9999.0 -9999.0 -9999.0 -9999.0 -9999.0 -9999.0 3273.150067 3255.936669 3242.481808 3237.562158 3258.355988 3281.193669 3304.779864 3325.078367
-9999.0 -9999.0 -9999.0 -9999.0 -9999.0 -9999.0 -9999.0 -9999.0 -9999.0 -9999.0 -9999.0 -9999.0 -9999.0 -9999.0 -9999.0 -9999.0 -9999.0 -9999.0 -9999.0 -9999.0 -9999.0 -9999.0 -9999.0 -9999.0 -9999.0 -9999.0 -9999.0 -9999.0 -9999.0 -9999.0 -9999.0 -9999.0 -9999.0 -9999.0 -9999.0 -9999.0 -9999.0 -9999.0 -9999.0 -9999.0 3324.199102 3330.022776 3329.601396 3319.606697 3308.107308 3294.201831 3273.446530 3256.246443 3243.123242 3241.070422 3243.293224 3245.633620 3265.954502 3291.121406 3310.786453
-9999.0 -9999.0 -9999.0 -9999.0 -9999.0 -9999.0 -9999.0 -9999.0 -9999.0 -9999.0 -9999.0 -9999.0 -9999.0 -9999.0 -9999.0 -9999.0 -9999.0 -9999.0 -9999.0 -9999.0 -9999.0 -9999.0 -9999.0 -9999.0 -9999.0 -9999.0 -9999.0 -9999.0 -9999.0 -9999.0 -9999.0 -9999.0 -9999.0 -9999.0 3232.374852 3249.140014 3266.857030 3285.213556 3301.998703 3308.911377 3314.640755 3319.817740 3314.958066 3310.321674 3298.367833 3277.027862 3257.525646 3244.612924 3243.493795 3240.836881 3244.069254 3255.222504 3271.492274 3286.100921 3306.264901
-9999.0 -9999.0 -9999.0 -9999.0 -9999.0 -9999.0 -9999.0 -9999.0 -9999.0 -9999.0 -9999.0 -9999.0 -9999.0 -9999.0 -9999.0 -9999.0 -9999.0 -9999.0 -9999.0 -9999.0 -9999.0 -9999.0 -9999.0 -9999.0 -9999.0 -9999.0 -9999.0 -9999.0 3238.858102 3232.776057 3227.768911 3225.951930 3224.245265 3223.067466 3229.529263 3240.367955 3257.092563 3278.919452 3291.958158 3298.979670 3305.645617 3305.711541 3299.481476 3297.455776 3297.615705 3284.576486 3271.923773 3260.056103 3248.421610 3244.847849 3253.306926 3267.136684 3282.919791 3297.037865 3311.831587
-9999.0 -9999.0 -9999.0 -9999.0 -9999.0 -9999.0 -9999.0 -9999.0 -9999.0 -9999.0 -9999.0 -9999.0 -9999.0 -9999.0 -9999.0 -9999.0 -9999.0 -9999.0 -9999.0 -9999.0 -9999.0 -9999.0 -9999.0 3209.516057 3214.252335 3220.562597 3228.003354 3228.735817 3225.271074 3219.670788 3216.731831 3215.004493 3212.373269 3216.568897 3223.165138 3235.687937 3250.497333 3272.380061 3280.182497 3283.961639 3294.847451 3298.151416 3305.596549 3309.017961 3306.632812 3302.013748 3286.525366 3274.358328 3275.880815 3279.265751 3285.544078 3293.310086 3306.207542 3319.269758 3333.870461
-9999.0 -9999.0 -9999.0 -9999.0 -9999.0 -9999.0 -9999.0 -9999.0 -9999.0 -9999.0 -9999.0 -9999.0 -9999.0 -9999.0 -9999.0 -9999.0 -9999.0 -9999.0 -9999.0 3185.347978 3186.290151 3187.638038 3192.313107 3192.499815 3194.017301 3200.481910 3208.155813 3210.735352 3208.156178 3206.813059 3207.696620 3209.790953 3213.795094 3223.635125 3236.367442 3249.593129 3261.637253 3281.541390 3295.153904 3306.645649 3321.107177 3320.898853 3316.635562 3314.294352 3313.495225 3311.110311 3308.651959 3306.878885 3312.291292 3312.121815 3314.784928 3323.129235 3334.328195 3349.958333 3366.580009
-9999.0 -9999.0 -9999.0 -9999.0 -9999.0 -9999.0 -9999.0 -9999.0 -9999.0 -9999.0 -9999.0 -9999.0 -9999.0 -9999.0 -9999.0 -9999.0 3156.644336 3158.273875 3160.472373 3165.814086 3169.328806 3173.009919 3179.683503 3180.706586 3183.663977 3190.221295 3194.087561 3202.784440 3210.518949 3216.854235 3221.873685 3223.388258 3228.887647 3237.016235 3247.299127 3259.977915 3278.835276 3301.241920 3315.786359 3331.357675 3347.511846 3347.067070 3344.362959 3343.634916 3341.176866 3341.516137 3354.830534 3357.006266 3350.738033 3359.367532 3370.119460 3371.963257 3377.910761 3396.689956 3417.901570
-9999.0 -9999.0 -9999.0 -9999.0 -9999.0 -9999.0 -9999.0 -9999.0 -9999.0 -9999.0 -9999.0 -9999.0 -9999.0 3107.470840 3111.246194 3121.243827 3132.553019 3135.347201 3140.015625 3146.402334 3158.120687 3161.281754 3166.708804 3173.247576 3185.029626 3192.846436 3200.715122 3211.444222 3218.367613 3224.160822 3229.325841 3230.944181 3241.099477 3253.733492 3266.704897 3284.417258 3304.955546 3322.032458 3338.870826 3353.978655 3364.418139 3360.660196 3358.768520 3359.811818 3363.396115 3375.205473 3390.591549 3389.968142 3398.549889 3417.959620 3427.166552 3433.514043 3438.696155 3451.640762 3472.281100
-9999.0 -9999.0 -9999.0 -9999.0 -9999.0 -9999.0 -9999.0 -9999.0 -9999.0 -9999.0 3081.172467 3082.410949 3078.350915 3075.241210 3080.687268 3092.654663 3106.821543 3111.882927 3123.404589 3144.238500 3162.337407 3164.663541 3177.211441 3186.336116 3191.983956 3200.543080 3212.005105 3222.575989 3236.392179 3246.428400 3253.576463 3268.235080 3282.287044 3296.699382 3312.190686 3330.912759 3345.489200 3367.703048 3391.111085 3398.466343 3414.160224 3415.955171 3410.825406 3407.977461 3416.120237 3426.162458 3439.838819 3454.437484 3471.812884 3492.670208 3502.091870 3514.079369 3522.301769 3531.881367 3546.447906
-9999.0 -9999.0 -9999.0 -9999.0 -9999.0 -9999.0 -9999.0 -9999.0 3056.909758 3064.773749 3069.756725 3066.020963 3061.014260 3054.570122 3068.676915 3083.463050 3098.599855 3116.214715 3130.971962 3148.374824 3161.288838 3174.915295 3193.630263 3203.026234 3212.149518 3225.593202 3236.971080 3250.118732 3268.842700 3275.081984 3284.566652 3302.261573 3316.273101 3331.418608 3347.865098 3362.706783 3381.523682 3410.233525 3437.744459 3452.783797 3477.529781 3493.683757 3487.253896 3484.778308 3485.287814 3507.305715 3532.458291 3560.426336 3578.490302 3601.048225 3628.404706 3646.639066 3655.464134 3666.163232 3679.599270
-9999.0 -9999.0 -9999.0 -9999.0 -9999.0 -9999.0 3028.847981 3052.926091 3067.675835 3058.543841 3043.792417 3037.989751 3031.124439 3061.223684 3082.811768 3099.278613 3115.018762 3131.516084 3146.628671 3153.918487 3182.090908 3200.107803 3210.555143 3222.424894 3235.330734 3248.173668 3262.802124 3282.515739 3298.520262 3319.045524 3333.840492 3348.930931 3371.032788 3386.904619 3402.412199 3414.812138 3441.125959 3474.549331 3507.936630 3531.413788 3554.952237 3585.427899 3584.822385 3586.228122 3587.546356 3610.440741 3643.353573 3672.402276 3703.600594 3733.582447 3761.243152 3771.424722 3780.120540 3789.754480 3801.992315
-9999.0 -9999.0 -9999.0 -9999.0 2997.116577 3017.621212 3035.781666 3065.278825 3086.612875 3080.941956 3084.573533 3081.778410 3076.504075 3080.578177 3087.714652 3103.842555 3121.771521 3140.031458 3153.089387 3178.798074 3224.073765 3233.781512 3249.599455 3277.547961 3287.109987 3299.611450 3313.666685 3332.726680 3350.087595 3376.063943 3409.222187 3437.271545 3457.508784 3475.668137 3493.661128 3509.698973 3543.517662 3579.384191 3614.059076 3644.800981 3671.082235 3696.363022 3702.840616 3707.489676 3717.154221 3733.692281 3755.791289 3782.837102 3815.798891 3847.448291 3870.469569 3879.545819 3884.690469 3894.044482 3901.542523
-9999.0 -9999.0 -9999.0 2944.094575 2982.096735 3021.247428 3046.292434 3075.801486 3107.327260 3106.464138 3114.206260 3113.188133 3111.243699 3115.613704 3117.784563 3132.980306 3149.669901 3167.949946 3187.672984 3219.868705 3247.792020 3264.585769 3291.019275 3306.133925 3318.077709 3329.688987 3346.807643 3365.689414 3400.765338 3429.646851 3474.549629 3524.023664 3555.376426 3574.208709 3595.735727 3622.381839 3646.757098 3684.547870 3717.929167 3749.453669 3779.221993 3801.074623 3815.245941 3819.772375 3829.057863 3834.757280 3847.298610 3867.966868 3889.919339 3920.100457 3948.952240 3977.195089 3992.127520 4002.921400 4019.745590
-9999.0 -9999.0 2895.792367 2935.146559 2966.215985 3011.582021 3063.922072 3098.218797 3136.733075 3154.759841 3157.004351 3166.666225 3176.032165 3176.040143 3183.804945 3195.344546 3215.921572 3223.520522 3242.437770 3257.466807 3293.829608 3326.881794 3322.809324 3360.373177 3389.384960 3420.548260 3440.594296 3466.195180 3502.771210 3536.128892 3579.771594 3628.721250 3662.517000 3689.946744 3705.310580 3724.912131 3744.871860 3770.483447 3806.426514 3831.903343 3864.875653 3889.949776 3909.369574 3910.367138 3913.041708 3928.894549 3956.605012 3986.764969 4015.066899 4043.391244 4029.232060 4051.667686 4061.689941 4067.281603 4076.073677
-9999.0 -9999.0 2865.489944 2911.852380 2946.122038 3002.746290 3088.366440 3121.797753 3160.856929 3205.147604 3217.909487 3238.184049 3231.454637 3219.922008 3236.573219 3249.958722 3268.978752 3275.438360 3268.789499 3319.846061 3371.345508 3395.793476 3403.080124 3478.125572 3529.005573 3552.075430 3567.865363 3587.493975 3606.906073 3644.831937 3683.808635 3737.365666 3778.152610 3807.533219 3821.747542 3841.203505 3860.356756 3875.251034 3894.403716 3940.202456 3974.788292 4004.924836 4036.186559 4057.232823 4065.260033 4070.077020 4045.450189 4064.196233 4076.909013 4082.391956 4084.563603 4080.792594 4080.216635 4081.030008 4081.956048
-9999.0 2780.838447 2824.615108 2874.772813 2938.777115 2998.596260 3072.709047 3146.758773 3211.561619 3262.387690 3286.595814 3279.195975 3279.210112 3303.757831 3322.183032 3337.922839 3342.359548 3351.439835 3332.136501 3384.137422 3420.403525 3469.701098 3568.296353 3625.599699 3687.028459 3682.964250 3671.373397 3676.354696 3692.322532 3737.982355 3815.535485 3870.626134 3935.064502 3983.006812 3999.669943 4006.877432 4025.249626 4045.726079 3996.159708 4038.011935 4057.269394 4073.338236 4082.242704 4084.457500 4085.694476 4085.464132 4081.787708 4074.788246 4066.625017 4060.789239 4056.562744 4052.059862 4054.495989 4057.822451 4058.030340
-9999.0 2742.471024 2791.097979 2858.973587 2925.989526 2972.622704 3053.391864 3217.921646 3279.053173 3315.778137 3320.596294 3296.500113 3353.596582 3412.354236 3436.050126 3480.202939 3464.383926 3448.914550 3412.189849 3436.925785 3475.155191 3545.203561 3713.771097 3801.413367 3851.846171 3859.732150 3860.631526 3888.540017 3931.988915 3978.503196 4023.359565 3993.351784 4041.507103 4065.202340 4070.153873 4070.846980 4076.163503 4074.734855 4073.248690 4068.817520 4063.668568 4063.831388 4068.422767 4068.264609 4065.306386 4061.931641 4056.234224 4048.811907 4043.607187 4038.978623 4036.319564 4033.479047 4031.526698 4030.806199 4025.966534
-9999.0 2702.086806 2777.104120 2825.824411 2871.258361 2961.504746 3089.428283 3232.152982 3327.252618 3360.152854 3337.462168 3372.143280 3473.671729 3578.490644 3629.912700 3650.459751 3631.375999 3583.460230 3563.680831 3606.636243 3676.233317 3794.290292 3930.851594 4028.936139 4043.985891 4047.288107 4000.459599 4025.656454 4049.010743 4051.782128 4052.878719 4060.656599 4065.720063 4068.654929 4067.088028 4064.195200 4059.380201 4051.189232 4046.383556 4042.702632 4038.931180 4037.771739 4039.770871 4041.588917 4038.769988 4034.873574 4030.396131 4024.817881 4018.510618 4011.749064 4007.434474 4003.181106 4001.047065 3995.514853 3991.991167
-9999.0 2578.293057 2675.093098 2715.880647 2790.028999 2966.493528 3093.406919 3232.384910 3396.055232 3415.657953 3460.351842 3598.184659 3716.167197 3795.632257 3824.210339 3857.320701 3881.597238 3897.419122 3933.764558 3816.289971 3895.691024 3991.769508 4035.704813 4054.756752 4064.371247 4064.735492 4054.886897 4034.103386 4023.367705 4016.611473 4018.220730 4025.498502 4030.177480 4034.966585 4032.663257 4033.716294 4034.799460 4031.571976 4027.552278 4018.831365 4010.979787 4004.285085 4001.030247 4005.726793 4001.070938 3998.700307 3992.506965 3984.068719 3975.121437 3967.744914 3959.781901 3953.217285 3950.982677 3945.971667 3944.780006
-9999.0 2497.474316 2570.095664 2629.423916 2739.819147 2890.865884 2983.360301 3139.823755 3379.233322 3514.186110 3676.503726 3766.440342 3836.334423 3878.275007 3928.443849 3979.925082 4006.550889 4018.049605 3987.580525 4009.395758 3966.757409 3955.722476 3973.165503 4002.185376 4019.205305 4023.257134 4015.381891 4006.189198 3998.924729 3997.800869 3995.632874 3991.579118 3987.465980 3983.880135 3980.739948 3983.698530 3989.002009 3981.889921 3971.628306 3962.181756 3953.666612 3944.446520 3938.495384 3933.846933 3934.210479 3934.475720 3926.844967 3916.353607 3905.500566 3897.214716 3890.019010 3885.516556 3882.848754 3877.885222 3868.263315
-9999.0 2376.750854 2510.103190 2586.115837 2679.949780 2795.397585 2897.328136 3045.783680 3173.906030 3417.217872 3557.628438 3748.391853 3797.657773 3866.971339 3914.311675 3987.129442 3982.590086 3951.174943 3908.126226 3891.930084 3902.914230 3911.855957 3920.134533 3934.657348 3952.272557 3962.357985 3967.297310 3961.234695 3947.026956 3934.602750 3923.547107 3909.914612 3900.539211 3898.064282 3902.056782 3912.020160 3912.556027 3903.250798 3889.142227 3870.932512 3855.341566 3843.549070 3841.535668 3844.296916 3845.386062 3841.330374 3835.521562 3824.772524 3812.187365 3799.789169 3794.101188 3789.768935 3782.378925 3771.187180 3759.348223
-9999.0 -9999.0 2424.084829 2532.472057 2625.574494 2736.366660 2808.880597 2924.425924 3060.645589 3230.290162 3345.777217 3524.792458 3619.252685 3663.077012 3697.040197 3752.600137 3777.681264 3808.698446 3802.816206 3814.381449 3824.139944 3829.403256 3834.677604 3840.455594 3850.948256 3860.733133 3870.906199 3868.100862 3859.269563 3838.798904 3813.184745 3793.261477 3782.787888 3773.564979 3785.636635 3798.161257 3792.682554 3785.777410 3773.149076 3756.949622 3744.384301 3730.157772 3726.709639 3726.646138 3727.255860 3724.965581 3722.453864 3710.049209 3697.817709 3687.947411 3683.952320 3678.375554 3674.826758 3665.069094 3654.530912
-9999.0 -9999.0 2335.544766 2439.469574 2541.196373 2658.641965 2742.792212 2756.111690 2870.682764 2969.939294 3076.039767 3186.149052 3282.105056 3350.162429 3382.708686 3444.598888 3500.362886 3518.559310 3558.363178 3611.852365 3645.866495 3684.961659 3707.805073 3717.221842 3729.680567 3744.059475 3751.501057 3736.305866 3725.033763 3707.965164 3684.590440 3657.986527 3644.506732 3644.013657 3643.104665 3644.692184 3637.114288 3628.181437 3613.754416 3599.837958 3587.665826 3578.757040 3575.195558 3569.677726 3567.425262 3564.736842 3563.067941 3557.855442 3549.636953 3545.095781 3536.982320 3533.314631 3532.575772 3529.577320 3523.922599
