tests/Borden05m/sims/sim_1/output-maps/psiliqL0028N0018.asc
ncols         160
nrows         34
xllcorner     620200.000000
yllcorner     5168000.000000
cellsize      0.500000
NODATA_value  -9999.0
[rows 0 to 24 of 34, columns 0 to 54 of 160]
-9999.0 -9999.0 -9999.0 -9999.0 -9999.0 -9999.0 -9999.0 -9999.0 -9999.0 -9999.0 -9999.0 -9999.0 -9999.0 -9999.0 -9999.0 -9999.0 -9999.0 -9999.0 -9999.0 -9999.0 -9999.0 -9999.0 -9999.0 -9999.0 -9999.0 -9999.0 -9999.0 -9999.0 -9999.0 -9999.0 -9999.0 -9999.0 -9999.0 -9999.0 -9999.0 -9999.0 -9999.0 -9999.0 -9999.0 -9999.0 -9999.0 -9999.0 -9999.0 -9999.0 -9999.0 -9999.0 -9999.0 -9999.0 -9999.0 -9999.0 -9999.0 -9999.0 -9999.0 -9999.0 -9999.0
-9999.0 -9999.0 -9999.0 -9999.0 -9999.0 -9999.0 -9999.0 -9999.0 -9999.0 -9999.0 -9999.0 -9999.0 -9999.0 -9999.0 -9999.0 -9999.0 -9999.0 -9999.0 -9999.0 -9999.0 -9999.0 -9999.0 -9999.0 -9999.0 -9999.0 -9999.0 -9999.0 -9999.0 -9999.0 -9999.0 -9999.0 -9999.0 -9999.0 -9999.0 -9999.0 -9999.0 -9999.0 -9999.0 -9999.0 -9999.0 -9999.0 -9999.0 -9999.0 -9999.0 -9999.0 -9999.0 -9999.0 -9999.0 -9999.0 -9999.0 -9999.0 -9999.0 -9999.0 -9999.0 -9999.0
-9999.0 -9999.0 -9999.0 -9999.0 -9999.0 -9999.0 -9999.0 -9999.0 -9999.0 -9999.0 -9999.0 -9999.0 -9999.0 -9999.0 -9999.0 -9999.0 -9999.0 -9999.0 -9999.0 -9999.0 -9999.0 -9999.0 -9999.0 -9999.0 -9999.0 -9999.0 -9999.0 -9999.0 -9999.0 -9999.0 -9999.0 -9999.0 -9999.0 -9999.0 -9999.0 -9999.0 -9999.0 -9999.0 -9999.0 -9999.0 -9999.0 -9999.0 -9999.0 -9999.0 -9999.0 -9999.0 -9999.0 3672.642072 3655.464429 3642.395812 3637.133491 3657.740277 3680.581012 3704.227749 3724.574979
-9999.0 -9999.0 -9999.0 -9999.0 -9999.0 -9999.0 -9999.0 -9999.0 -9999.0 -9999.0 -9999.0 -9999.0 -9999.0 -9999.0 -9999.0 -9999.0 -9999.0 -9999.0 -9999.0 -9999.0 -9999.0 -9999.0 -9999.0 -9999.0 -9999.0 -9999.0 -9999.0 -9999.0 -9999.0 -9999.0 -9999.0 -9999.0 -9999.0 -9999.0 -9999.0 -9999.0 -9999.0 -9999.0 -9999.0 -9999.0 3724.090248 3729.928016 3729.296021 3719.420509 3707.918979 3693.787564 3672.936614 3655.809983 3642.979253 3641.045822 3643.264741 3645.263292 3665.330721 3690.675467 3710.439091
-9999.0 -9999.0 -9999.0 -9999.0 -9999.0 -9999.0 -9999.0 -9999.0 -9999.0 -9999.0 -9999.0 -9999.0 -9999.0 -9999.0 -9999.0 -9999.0 -9999.0 -9999.0 -9999.0 -9999.0 -9999.0 -9999.0 -9999.0 -9999.0 -9999.0 -9999.0 -9999.0 -9999.0 -9999.0 -9999.0 -9999.0 -9999.0 -9999.0 -9999.0 3632.104851 3648.806077 3666.526233 3684.944402 3701.805945 3708.795753 3714.531446 3719.663271 3714.736270 3710.152829 3698.154510 3676.517408 3657.057386 3644.320835 3643.407904 3640.786122 3643.934497 3654.920068 3671.218085 3685.696715 3705.859585
-9999.0 -9999.0 -9999.0 -9999.0 -9999.0 -9999.0 -9999.0 -9999.0 -9999.0 -9999.0 -9999.0 -9999.0 -9999.0 -9999.0 -9999.0 -9999.0 -9999.0 -9999.0 -9999.0 -9999.0 -9999.0 -9999.0 -9999.0 -9999.0 -9999.0 -9999.0 -9999.0 -9999.0 3638.680888 3632.601223 3627.646146 3625.833704 3624.123219 3622.990892 3629.430323 3640.137430 3656.731826 3678.662174 3691.792425 3698.855497 3705.587661 3705.613709 3699.264103 3697.304316 3697.509290 3684.352406 3671.618920 3659.678380 3647.956378 3644.163979 3652.563723 3666.474615 3682.327136 3696.474141 3711.319666
-9999.0 -9999.0 -9999.0 -9999.0 -9999.0 -9999.0 -9999.0 -9999.0 -9999.0 -9999.0 -9999.0 -9999.0 -9999.0 -9999.0 -9999.0 -9999.0 -9999.0 -9999.0 -9999.0 -9999.0 -9999.0 -9999.0 -9999.0 3609.218690 3613.822369 3620.147226 3627.639790 3628.394488 3625.058378 3619.505180 3616.639421 3614.943507 3612.240988 3616.469245 3622.910278 3635.356582 3650.105865 3672.097126 3679.881567 3683.400492 3694.175578 3697.669990 3705.491684 3708.915388 3706.532799 3701.751316 3685.912610 3673.420442 3674.528445 3677.673975 3684.034143 3691.940360 3704.944801 3717.839950 3732.216779
-9999.0 -9999.0 -9999.0 -9999.0 -9999.0 -9999.0 -9999.0 -9999.0 -9999.0 -9999.0 -9999.0 -9999.0 -9999.0 -9999.0 -9999.0 -9999.0 -9999.0 -9999.0 -9999.0 3585.043495 3586.022731 3587.444394 3592.167957 3592.297247 3593.766823 3600.211004 3607.878322 3610.564398 3607.916943 3606.663303 3607.528057 3609.617567 3613.667082 3623.383730 3636.059825 3649.258413 3661.145021 3681.034874 3694.610632 3705.913885 3720.276151 3720.290421 3716.135757 3713.864317 3713.016055 3710.380649 3707.042529 3704.738926 3710.224999 3709.482480 3711.773729 3720.192915 3731.592911 3747.066896 3763.454804
-9999.0 -9999.0 -9999.0 -9999.0 -9999.0 -9999.0 -9999.0 -9999.0 -9999.0 -9999.0 -9999.0 -9999.0 -9999.0 -9999.0 -9999.0 -9999.0 3556.092376 3557.717473 3559.957372 3565.331926 3568.999496 3572.687451 3579.384279 3580.615235 3583.527424 3590.078511 3593.873145 3602.654756 3610.444860 3616.733484 3621.720595 3623.176251 3628.499003 3636.535508 3646.722940 3659.157977 3677.776109 3700.274608 3714.746128 3730.322201 3746.533425 3746.119770 3743.354671 3742.532753 3739.817156 3739.413211 3752.310298 3754.169209 3746.952085 3754.591542 3765.111741 3766.721819 3772.733315 3791.813452 3812.996339
-9999.0 -9999.0 -9999.0 -9999.0 -9999.0 -9999.0 -9999.0 -9999.0 -9999.0 -9999.0 -9999.0 -9999.0 -9999.0 3506.302015 3510.053791 3520.178673 3531.885625 3534.781509 3539.578367 3546.090267 3557.805946 3560.975336 3566.363529 3572.840295 3584.926140 3592.740457 3600.527343 3611.215610 3618.043621 3623.760972 3628.791595 3629.930754 3639.775848 3652.198020 3664.943415 3682.493107 3703.060978 3719.845484 3736.371966 3751.657161 3761.838690 3757.404393 3755.644339 3756.758330 3759.969282 3771.249109 3786.412078 3784.525029 3791.866877 3811.044831 3819.907229 3825.732535 3830.712638 3843.988758 3864.983491
-9999.0 -9999.0 -9999.0 -9999.0 -9999.0 -9999.0 -9999.0 -9999.0 -9999.0 -9999.0 3480.974823 3482.072191 3477.963417 3474.430654 3480.004664 3492.025826 3506.354089 3511.248416 3522.860407 3543.791317 3562.067792 3564.322536 3576.685997 3586.001331 3591.636978 3600.038023 3611.399719 3621.787358 3635.305452 3645.149604 3651.783844 3665.878437 3679.795549 3694.138091 3709.553819 3728.351166 3742.403387 3763.945284 3787.165750 3793.978695 3808.947239 3809.556531 3804.389481 3801.395593 3809.778549 3819.201959 3832.005341 3845.530330 3862.587202 3883.101846 3891.573833 3903.555465 3911.753817 3921.283087 3936.092048
-9999.0 -9999.0 -9999.0 -9999.0 -9999.0 -9999.0 -9999.0 -9999.0 3456.647528 3464.651541 3469.504780 3465.712981 3460.702569 3453.919191 3468.196768 3482.915641 3498.016400 3515.765110 3530.453832 3547.883906 3560.573012 3573.943483 3592.920318 3602.150997 3611.066156 3624.423409 3635.652915 3648.378633 3666.945545 3672.370576 3680.936249 3698.349453 3711.943132 3726.980845 3743.439467 3758.140819 3776.153171 3804.542583 3831.811298 3846.045855 3870.749510 3886.206196 3879.227437 3876.323330 3876.593661 3898.449404 3923.361204 3951.358825 3968.659454 3990.860055 4018.305484 4037.000730 4045.921130 4056.716879 4070.283737
-9999.0 -9999.0 -9999.0 -9999.0 -9999.0 -9999.0 3428.272850 3452.375970 3467.157964 3457.897268 3442.407032 3436.345873 3429.120837 3460.521721 3482.197305 3498.685578 3514.388437 3530.868888 3545.932711 3552.471034 3580.196598 3598.538616 3608.605984 3619.707900 3632.629615 3645.482486 3659.953042 3679.392059 3694.778094 3714.149139 3727.489186 3741.523828 3763.438981 3779.154272 3794.612194 3806.550634 3832.608550 3865.992248 3899.450846 3922.610429 3946.094770 3977.092662 3975.658797 3976.801802 3977.596116 4001.303956 4034.938888 4064.258170 4095.504757 4125.590945 4153.847060 4164.135872 4172.929880 4182.662804 4195.084596
-9999.0 -9999.0 -9999.0 -9999.0 3396.681998 3417.162566 3435.076181 3464.456363 3485.685729 3480.021231 3483.268633 3480.126988 3474.435029 3478.745220 3486.106451 3502.107555 3520.147644 3538.550867 3551.075629 3575.801889 3621.669542 3630.754177 3645.504260 3673.172000 3682.424567 3694.855546 3708.959742 3727.797694 3744.058401 3769.349144 3801.322671 3828.446253 3848.373080 3866.357468 3884.442750 3900.123071 3934.607644 3970.878375 4005.861670 4036.658647 4062.930700 4088.696229 4094.642459 4099.219810 4108.976851 4125.999347 4148.679695 4176.144722 4209.862989 4241.887201 4264.967179 4273.634724 4278.654224 4288.129546 4295.459963
-9999.0 -9999.0 -9999.0 3342.014402 3380.861948 3420.348167 3445.146814 3474.534427 3506.107997 3504.459487 3512.194633 3510.372648 3507.508187 3511.425051 3512.769795 3527.934274 3545.030895 3564.075737 3584.109193 3615.994550 3643.198403 3658.278923 3684.309985 3697.969308 3708.943210 3720.350722 3737.778029 3756.369366 3791.342382 3819.469964 3864.249245 3913.905909 3945.114664 3963.748887 3985.890545 4013.161430 4038.150181 4076.929916 4110.727161 4142.612981 4172.651933 4194.565290 4208.458601 4212.900939 4222.560894 4228.148666 4240.438957 4261.354470 4283.700664 4314.490275 4343.787808 4372.982518 4388.368236 4399.562474 4416.790770
-9999.0 -9999.0 3293.497079 3333.115442 3363.671375 3409.277228 3461.663192 3496.116730 3534.434802 3551.707354 3553.458584 3562.174894 3570.953895 3570.129183 3576.982161 3587.999976 3609.564702 3617.807424 3637.645553 3650.598232 3685.340598 3716.987158 3709.269268 3745.315040 3774.320038 3806.799739 3827.925370 3854.044334 3891.590824 3924.362139 3968.057178 4017.734259 4051.561264 4079.127770 4095.004510 4115.336438 4135.529606 4162.089344 4199.019657 4224.491574 4258.276188 4283.679963 4303.152804 4303.529637 4306.150709 4322.361928 4350.997124 4382.240782 4411.522417 4440.949500 4423.919686 4448.412592 4459.367145 4465.478962 4475.088902
-9999.0 -9999.0 3262.560892 3309.173803 3342.405130 3398.456819 3485.314721 3518.325322 3557.012252 3601.538916 3613.722367 3633.783844 3624.332853 3609.668397 3625.746067 3638.162963 3658.981301 3666.018693 3658.934048 3710.027731 3761.284826 3782.134954 3783.437964 3860.883442 3913.594977 3938.527983 3955.595005 3975.773277 3995.046026 4032.922255 4071.328396 4125.940064 4167.083059 4196.944663 4211.485901 4231.788930 4251.384342 4266.384166 4286.090581 4333.544988 4369.838381 4401.140169 4433.541568 4455.056367 4463.299099 4468.564182 4441.646478 4462.136345 4476.031707 4482.024690 4484.433710 4480.608656 4480.062851 4480.909992 4481.832901
-9999.0 3168.639328 3220.819609 3270.566079 3333.736351 3393.445615 3466.240985 3539.585125 3606.314570 3658.307234 3682.265664 3672.094162 3666.447479 3688.674505 3706.582823 3721.181017 3726.588313 3737.101022 3716.899434 3770.520400 3805.474717 3851.544113 3949.509847 4007.993069 4073.249586 4068.788698 4056.633165 4060.954122 4076.273399 4123.112688 4203.384379 4260.645329 4327.847226 4377.852092 4395.349010 4403.113474 4422.119367 4443.175016 4387.520596 4433.085589 4454.134434 4471.698052 4481.861557 4484.282377 4485.634426 4485.382653 4481.645176 4474.540619 4466.300853 4460.406845 4456.140658 4451.637539 4454.078856 4457.415257 4457.512247
-9999.0 3129.609615 3186.210895 3253.705648 3320.019951 3362.968445 3441.321041 3610.225687 3673.242181 3710.539511 3712.960646 3681.549809 3736.065917 3794.637772 3817.483163 3862.561608 3845.707105 3830.124090 3790.100156 3814.411998 3851.781706 3922.378611 4096.971139 4186.340175 4241.472807 4249.379773 4249.715390 4278.436748 4323.695793 4372.655118 4420.212540 4385.483098 4437.928235 4463.827678 4469.239817 4469.997400 4475.808486 4474.246945 4472.939713 4468.424721 4463.213567 4463.389660 4468.103973 4467.959932 4464.961847 4461.517820 4455.776028 4448.356258 4443.192968 4438.556164 4435.908345 4433.089201 4431.063124 4430.192807 4425.217370
-9999.0 3087.101616 3162.314304 3218.960710 3261.061364 3347.290514 3477.260831 3621.963762 3718.191878 3751.076841 3721.220210 3750.975000 3853.974980 3961.696228 4014.254278 4034.951751 4013.102082 3961.206192 3938.212877 3981.909288 4053.490267 4177.435441 4323.059193 4425.919033 4441.851569 4445.460970 4394.276320 4421.817070 4447.343851 4450.373039 4451.571642 4460.244182 4465.377759 4468.403300 4466.806930 4463.906398 4459.058345 4450.804956 4446.017381 4442.270320 4438.452202 4437.187702 4439.104924 4441.049267 4438.178344 4434.257180 4429.770662 4424.195366 4417.839987 4411.028964 4406.628383 4402.303060 4400.135163 4394.430645 4390.974531
-9999.0 2960.299688 3056.561043 3093.634462 3159.437555 3349.722023 3478.634853 3616.437413 3784.136019 3801.280402 3841.795949 3984.226889 4105.926915 4187.785027 4215.481085 4248.218439 4272.674173 4288.071111 4325.620810 4195.632296 4280.087407 4383.994595 4432.016904 4452.841118 4464.133237 4464.531368 4454.431724 4433.397662 4422.607490 4415.845098 4417.458012 4424.770910 4429.351206 4434.060221 4431.730515 4432.884305 4434.160361 4430.979579 4426.905986 4418.078021 4410.169510 4403.307905 4399.807935 4404.423252 4399.786373 4397.520794 4391.245290 4382.676979 4373.612729 4366.213258 4358.130898 4351.515638 4349.298260 4344.289984 4343.065598
-9999.0 2879.571512 2950.643602 3001.996369 3106.091418 3268.489626 3356.354620 3511.613762 3757.698699 3897.131359 4067.561699 4162.018044 4232.755281 4272.728514 4322.075844 4375.646484 4403.591908 4416.160274 4382.856859 4407.312550 4363.328328 4352.068757 4370.019956 4399.931000 4417.879285 4422.092206 4414.356963 4405.408637 4398.124229 4397.000959 4394.699202 4390.234863 4385.738174 4381.926649 4378.787376 4381.930033 4387.379868 4380.083412 4369.502571 4359.807946 4351.077458 4341.675047 4335.623326 4330.741544 4331.324928 4331.632523 4323.903113 4313.299990 4302.301548 4293.902612 4286.685894 4282.265058 4279.477453 4274.398253 4264.353832
-9999.0 2760.227572 2889.563666 2961.201449 3046.794242 3172.180656 3270.256132 3418.297434 3543.823746 3792.555471 3931.302663 4138.198482 4190.091047 4262.553783 4309.026254 4384.091247 4378.842204 4347.601443 4303.217052 4287.275217 4299.754633 4309.109509 4317.061487 4331.177079 4349.150018 4359.528011 4365.068241 4359.299314 4345.009924 4332.096944 4320.343109 4306.080620 4296.325184 4293.641444 4298.181141 4308.633216 4308.894233 4299.522523 4285.165666 4266.529030 4250.615205 4238.569435 4236.665495 4239.629636 4240.851730 4236.644804 4230.904954 4219.993225 4207.259661 4194.608614 4189.067823 4184.779976 4177.155592 4165.583181 4153.416810
-9999.0 -9999.0 2801.072199 2907.934380 2994.815811 3101.209579 3182.581536 3293.540109 3430.333406 3599.198376 3715.513040 3904.354013 4003.883234 4048.507304 4080.863343 4137.653127 4164.661810 4198.446156 4194.932128 4208.298762 4219.167840 4224.850982 4229.890411 4235.128678 4245.502515 4255.499023 4266.252815 4263.416294 4254.659284 4233.622047 4207.084731 4186.392754 4175.621181 4165.995202 4178.549796 4191.292523 4185.371156 4178.381818 4165.568504 4149.195085 4136.619960 4122.225371 4118.774646 4118.601974 4119.243272 4116.973454 4114.682027 4102.195066 4089.911308 4080.204719 4076.305882 4070.658750 4067.245847 4057.456814 4046.852751
-9999.0 -9999.0 2717.602571 2813.936759 2911.359745 3023.250459 3101.602265 3101.132869 3231.743991 3331.448006 3439.169676 3552.649763 3652.176808 3722.194444 3753.828062 3816.896828 3876.081329 3895.410276 3939.307925 3997.527855 4033.595399 4075.241708 4099.390542 4108.695446 4121.256336 4136.083542 4143.493627 4127.765853 4116.436848 4099.228826 4075.394089 4048.093062 4034.289563 4034.272481 4032.816594 4033.799227 4025.853183 4016.939604 4002.385387 3988.636715 3976.495092 3967.894308 3964.348514 3958.406679 3955.932608 3953.188519 3951.653615 3946.830538 3938.933088 3934.729549 3926.460445 3922.986487 3922.436667 3919.820706 3914.474439
