tests/Borden05m/sims/sim_1/output-maps/psiliqL0018N0007.asc
ncols         160
nrows         34
xllcorner     620200.000000
yllcorner     5168000.000000
cellsize      0.500000
NODATA_value  -9999.0
[rows 0 to 24 of 34, columns 55 to 109 of 160]
-9999.0 -9999.0 -9999.0 -9999.0 -9999.0 -9999.0 -9999.0 -9999.0 -9999.0 -9999.0 -9999.0 -9999.0 -9999.0 -9999.0 -9999.0 -9999.0 -9999.0 -9999.0 -9999.0 -9999.0 -9999.0 -9999.0 -9999.0 -9999.0 -9999.0 -9999.0 -9999.0 -9999.0 -9999.0 -9999.0 -9999.0 -9999.0 -9999.0 -9999.0 -9999.0 -9999.0 -9999.0 -9999.0 -9999.0 -9999.0 -9999.0 -9999.0 -9999.0 -9999.0 -9999.0 -9999.0 -9999.0 -9999.0 -9999.0 -9999.0 -9999.0 -9999.0 -9999.0 -9999.0 -9999.0
-9999.0 -9999.0 -9999.0 -9999.0 1836.395647 1831.118138 1826.351192 1822.003225 1813.726193 1804.984280 1797.325400 1793.812786 1793.345828 1793.078643 1793.129951 1798.747158 1807.267069 1815.364814 1822.849220 1825.670831 1828.497101 1831.034422 1831.899557 1831.210734 1828.511807 1825.747525 1822.858571 1821.733105 1814.350736 1803.434535 1795.114434 1792.595156 1797.038648 1801.488898 1803.920965 1809.363159 1819.700697 1830.040086 1838.070610 1849.611033 1855.239205 1859.763870 1861.885882 1857.134417 1853.039672 1848.603763 1842.680110 1831.383247 -9999.0 -9999.0 -9999.0 -9999.0 -9999.0 -9999.0 -9999.0
1781.814725 1800.990347 1821.693287 1825.038929 1813.356969 1808.506923 1805.587251 1804.097909 1799.945447 1791.869261 1787.207345 1782.330770 1780.723408 1781.317144 1781.864453 1786.343009 1797.249695 1805.642651 1810.791145 1813.800191 1816.944047 1816.628489 1816.504073 1816.746796 1814.402968 1811.500848 1808.639506 1807.310415 1808.572541 1801.360268 1795.982697 1792.594897 1790.554680 1793.185773 1795.642131 1799.346408 1808.453729 1816.140999 1823.736690 1837.770843 1849.817202 1854.517539 1851.244458 1845.641692 1841.095616 1833.469933 1822.637368 1812.120286 1803.123301 1796.025215 1789.853637 1783.034835 1788.291993 1794.467626 1803.246444
1767.175812 1786.916378 1807.605371 1810.676660 1800.349105 1792.607478 1787.302199 1788.108763 1791.568306 1788.742666 1784.646085 1779.192293 1788.869140 1790.635214 1792.189191 1796.004043 1799.178780 1803.584181 1806.694987 1812.518195 1821.975030 1825.230986 1826.273002 1826.958394 1825.671409 1823.108664 1821.834460 1819.621670 1814.895389 1813.949890 1814.317435 1813.893929 1818.644024 1820.179398 1822.306317 1815.937995 1819.562672 1825.408950 1831.814193 1837.369435 1843.145984 1845.779052 1841.647757 1840.431708 1831.143154 1816.532087 1805.129231 1796.370182 1794.694633 1790.826804 1782.047063 1767.972042 1774.510093 1789.235966 1792.905141
1774.732463 1784.491641 1796.378905 1799.707729 1795.179059 1797.343753 1799.545966 1801.510084 1800.457818 1797.927238 1795.718887 1808.098904 1817.746255 1820.043569 1823.406327 1827.766449 1828.306977 1817.378358 1815.649368 1824.053408 1834.651179 1840.766358 1841.608685 1842.108814 1840.150390 1839.815764 1840.216062 1838.847905 1839.702625 1842.278251 1841.699167 1845.938036 1851.675128 1854.796761 1847.911642 1838.888925 1839.981818 1847.618178 1855.662815 1862.453786 1872.121910 1882.304428 1880.749779 1874.459160 1864.510153 1850.232812 1826.058110 1806.247551 1794.282928 1785.698063 1777.313740 1777.257487 1772.357877 1783.382055 1783.912388
1772.230094 1791.493516 1812.995535 1820.818706 1815.566083 1811.699909 1810.221088 1811.643572 1812.135732 1814.962602 1826.784528 1840.586779 1854.629960 1857.862258 1860.823595 1860.695149 1852.818733 1843.164183 1840.417420 1855.188974 1872.244303 1881.061659 1882.054916 1880.821631 1887.156438 1887.281099 1887.313806 1883.871975 1886.158042 1886.770152 1895.425940 1903.385772 1910.971295 1909.376498 1897.137383 1885.153965 1883.838323 1887.155056 1891.223498 1897.177282 1906.424241 1914.807040 1908.620192 1900.939445 1890.584765 1861.743583 1834.905835 1817.643268 1816.445529 1815.378043 1809.204414 1805.009403 1801.189361 1793.862824 1792.216896
1819.739312 1841.265561 1862.351649 1877.974449 1872.959774 1865.989622 1857.342255 1858.634547 1861.556744 1869.719000 1882.672675 1899.278051 1923.289419 1925.714671 1928.618286 1930.502233 1919.385772 1907.447590 1897.436648 1917.490891 1928.754714 1937.655816 1938.720095 1947.827259 1958.349084 1955.357523 1949.176514 1939.345261 1946.314396 1956.863262 1972.506591 1980.079216 1984.634733 1982.169734 1969.937577 1963.574964 1962.816017 1966.006675 1964.176799 1969.285844 1977.833913 1991.505780 1989.243487 1980.836403 1957.718654 1919.164452 1885.026231 1865.788606 1871.761458 1863.553718 1855.078066 1850.922760 1836.320276 1825.080618 1824.294922
1871.110532 1888.673471 1907.394766 1926.049247 1920.771804 1911.344715 1897.862022 1897.357550 1904.618555 1915.795968 1935.321996 1957.390206 1980.723649 1986.343400 1986.697561 1997.012065 1991.163768 1982.019058 1974.798442 1990.447933 2002.593330 2014.709316 2024.093909 2038.032554 2050.491536 2039.782852 2027.348950 2021.552761 2028.516700 2051.201865 2070.939414 2076.341153 2076.983945 2078.467180 2067.023671 2060.832298 2055.000047 2051.268550 2045.817263 2041.518846 2061.024482 2077.848269 2075.072129 2050.734899 2025.379308 1986.116822 1946.553801 1915.403971 1917.871293 1912.885308 1911.435286 1896.308137 1880.260394 1865.243720 1856.216813
1948.386164 1976.128154 1996.570747 2019.110048 2017.423614 1999.514987 1989.672009 1994.578654 2008.510276 2017.081490 2034.720453 2057.305967 2087.715683 2106.492300 2123.473850 2128.553198 2121.279962 2113.152502 2101.221879 2102.753392 2123.305639 2136.518008 2147.713655 2159.040295 2173.049605 2178.235352 2175.610685 2176.052539 2180.882985 2191.211127 2202.849850 2210.020786 2214.745839 2219.093172 2211.757828 2200.390730 2195.354961 2187.314169 2181.826902 2178.898694 2183.462528 2196.480974 2192.258686 2160.457426 2131.465261 2096.123406 2056.664459 2024.107631 2008.796825 2017.384057 2007.459767 1987.819477 1969.503493 1935.778228 1921.282703
2044.641365 2080.863132 2108.794535 2123.393594 2135.729567 2128.304652 2129.473560 2134.401985 2143.009741 2148.392894 2156.889977 2190.335440 2225.575770 2253.982440 2278.324136 2287.112754 2276.741128 2267.677738 2255.959795 2247.702495 2255.460158 2272.129113 2290.471996 2307.237902 2319.949569 2324.483527 2324.555453 2326.149715 2329.830096 2333.724574 2337.926430 2345.467448 2353.328015 2363.494004 2373.404849 2365.489737 2347.808835 2336.093022 2323.506491 2319.221468 2317.713899 2316.738028 2315.445136 2302.493986 2265.159105 2233.457868 2199.540119 2172.241077 2152.003215 2140.903493 2119.268586 2093.680854 2043.395221 2001.948697 1966.092796
2158.136126 2201.788985 2233.445364 2256.188639 2271.500252 2273.027794 2275.973744 2278.738195 2284.606081 2289.695891 2296.197388 2321.389120 2361.664333 2400.371449 2431.175975 2434.095897 2423.635251 2413.548803 2404.430631 2393.236833 2390.657080 2401.398430 2415.309887 2434.170570 2446.397547 2455.797828 2455.095619 2456.654948 2458.933373 2461.790722 2464.407331 2467.601660 2476.100973 2489.565013 2502.098677 2502.177682 2486.316068 2468.869278 2451.724647 2445.834417 2440.455836 2433.981368 2433.648183 2433.185100 2420.693810 2391.235908 2351.573100 2308.072320 2283.478374 2262.483012 2247.759406 2228.896630 2194.808191 2134.834878 2098.287120
2293.079083 2325.112066 2356.611430 2388.344696 2406.327135 2412.500403 2412.294067 2413.541081 2421.343611 2426.904051 2435.949480 2453.017498 2480.772782 2512.672643 2540.801622 2557.594238 2552.703569 2538.619966 2520.170972 2513.936013 2512.888855 2516.447957 2525.108082 2535.963892 2553.914948 2572.191770 2579.617430 2581.440245 2579.195295 2582.931451 2585.144449 2585.881970 2588.147667 2594.688135 2602.938919 2605.693459 2599.319272 2580.291414 2558.579221 2545.220520 2537.060346 2532.356538 2530.649534 2532.285509 2531.906537 2517.434181 2484.612931 2442.893697 2409.578073 2388.692049 2371.683971 2354.766798 2340.264368 2312.698572 2290.849346
2418.685065 2434.821657 2462.862894 2491.212280 2515.039175 2531.029755 2533.836347 2538.660098 2543.766021 2552.942639 2568.845893 2590.939706 2607.561515 2626.963616 2650.393040 2664.521016 2670.253253 2670.161254 2668.307176 2670.460022 2671.368509 2630.985108 2635.980731 2640.894933 2652.724469 2664.415554 2669.120078 2670.220039 2669.085268 2671.322267 2672.584904 2673.259391 2673.423838 2674.749691 2678.322286 2679.701560 2678.081996 2668.848313 2678.109401 2660.079649 2647.612275 2639.699908 2631.418711 2622.393718 2612.040213 2601.084748 2581.331028 2551.897511 2517.492370 2491.815251 2480.198167 2471.534362 2461.716364 2453.632974 2435.332493
2531.155525 2543.551815 2561.282460 2583.186509 2614.312777 2635.302803 2646.086928 2654.800932 2659.460885 2672.308761 2687.014524 2677.883949 2683.650297 2689.410733 2695.030204 2696.947878 2697.549682 2697.450120 2695.452333 2695.299081 2693.752598 2690.046888 2680.591004 2682.406307 2684.305105 2687.065172 2690.938847 2690.015121 2691.379966 2694.844649 2693.868697 2688.824892 2685.653133 2684.598325 2685.701989 2693.276829 2696.870555 2698.066382 2696.537317 2696.238601 2696.002301 2694.045282 2691.321969 2687.204972 2681.720504 2689.055256 2677.378508 2651.692876 2615.226167 2576.451555 2564.039992 2560.790704 2559.152565 2554.871078 2547.092555
2656.296164 2669.676535 2683.915010 2673.618537 2688.893453 2696.566715 2699.971642 2702.843754 2705.017926 2706.599440 2703.187772 2699.700058 2694.662710 2692.905029 2691.172057 2688.379548 2688.704364 2686.630686 2682.673935 2679.056012 2672.154481 2661.285682 2650.122795 2647.108419 2651.382715 2656.400554 2660.865849 2664.493113 2668.082936 2669.083415 2664.641775 2657.309455 2650.819560 2649.702546 2656.923410 2663.159973 2669.586102 2671.136933 2670.694506 2669.518298 2670.544079 2668.674466 2669.749070 2676.843311 2690.767852 2695.282814 2699.016426 2698.190603 2686.752476 2666.051989 2665.704083 2645.259209 2648.578462 2642.680243 2630.013890
2701.493111 2703.947383 2703.268750 2701.925389 2695.781952 2689.589265 2688.304876 2691.512876 2697.600227 2697.968983 2690.189557 2681.011145 2673.170092 2665.335844 2662.262289 2660.456455 2659.254464 2658.975277 2653.373878 2644.752495 2628.529050 2616.800887 2605.388390 2598.961854 2595.702354 2599.383720 2609.116937 2619.270010 2623.912640 2616.426119 2609.146809 2598.839111 2591.674386 2592.862470 2595.497403 2605.573427 2621.620097 2628.588257 2630.712789 2626.626394 2622.910968 2618.236981 2617.100045 2624.739905 2640.495235 2656.970572 2671.798659 2680.647915 2688.264658 2694.909808 2696.201720 2697.623610 2697.955918 2695.684916 2695.279148
2699.682000 2693.189525 2686.475867 2681.092104 2674.038849 2667.695449 2664.911098 2665.912027 2667.105233 2662.110226 2654.107233 2642.432939 2630.083412 2619.000978 2610.810705 2610.263607 2611.222035 2611.439085 2603.997116 2588.655820 2570.070727 2556.070386 2541.535556 2536.688839 2530.430672 2523.812221 2533.194972 2550.539465 2556.844883 2542.492074 2532.734650 2518.970878 2512.905352 2510.508795 2512.881755 2523.327418 2545.585745 2568.427994 2571.915628 2563.858954 2556.002601 2553.414110 2552.528572 2559.831802 2578.670798 2600.679900 2617.171627 2628.130155 2634.577942 2643.269227 2653.225490 2666.615677 2680.344963 2691.536785 2697.976243
2677.033015 2669.025252 2660.897240 2652.577717 2644.524408 2636.808117 2630.932012 2627.105737 2622.020284 2613.984965 2604.701891 2584.779837 2570.338861 2555.930161 2539.761909 2534.189035 2528.735951 2528.731230 2516.465016 2506.512303 2488.514658 2472.394023 2455.636819 2442.717357 2435.611927 2428.124603 2428.611236 2442.234139 2450.474292 2438.868199 2429.251659 2418.124301 2413.646775 2411.498512 2415.018206 2426.936954 2449.705626 2470.236940 2480.082316 2474.917846 2474.061730 2475.505891 2476.690271 2484.837061 2499.595286 2520.268528 2543.575004 2562.713124 2574.106293 2583.099948 2594.220241 2610.196250 2624.915680 2639.293954 2656.786222
2644.921281 2634.821126 2623.955174 2613.052975 2600.812918 2587.568929 2579.010680 2578.394767 2569.474225 2560.682975 2539.354246 2486.776231 2464.583824 2443.530961 2425.253391 2416.613529 2406.590255 2393.282073 2383.016196 2376.288227 2372.489511 2356.492402 2337.228447 2318.849436 2312.223749 2306.847336 2292.906570 2292.497587 2293.900659 2303.255752 2296.792978 2293.648667 2294.210659 2292.967443 2296.830208 2311.885594 2323.997576 2334.405257 2343.375647 2347.420353 2358.709689 2369.104075 2378.790483 2397.848821 2412.768633 2431.951934 2455.616296 2483.009534 2499.995564 2512.051752 2524.957531 2542.210375 2560.122427 2578.802482 2602.039933
2604.714989 2587.578696 2571.807988 2555.675998 2540.660817 2525.512611 2508.480827 2506.705036 2500.544153 2487.782398 2436.837171 2391.694175 2354.748788 2333.699135 2307.870318 2292.596978 2276.469688 2242.692860 2225.455063 2220.713415 2229.057651 2221.148224 2203.843245 2189.440476 2179.250604 2169.935654 2153.662116 2139.392454 2144.159726 2159.035085 2157.286961 2158.463124 2165.105103 2165.089906 2161.694971 2165.280535 2180.709054 2189.981511 2202.930204 2219.796751 2227.047976 2242.251498 2274.727974 2291.100371 2309.468780 2332.231922 2357.089801 2383.784637 2408.887536 2426.039903 2444.184352 2465.888560 2485.255237 2507.935094 2532.712421
2545.409810 2514.785166 2492.469289 2472.769160 2451.318490 2424.501727 2400.776565 2394.791273 2384.376726 2356.639493 2303.220040 2261.267080 2231.025195 2205.747960 2179.019272 2154.995134 2120.477484 2085.620251 2063.216425 2072.141052 2080.074817 2084.824027 2071.037529 2058.068785 2046.947189 2030.035509 2013.049057 1998.520144 2007.742116 2016.132462 2029.557571 2035.057927 2039.550835 2044.660688 2044.723704 2038.998546 2041.302602 2051.868059 2064.225151 2077.754468 2097.455957 2132.354808 2159.769601 2180.539898 2204.548788 2227.905492 2253.987539 2281.462952 2307.768162 2328.526508 2351.124018 2374.546539 2399.212794 2422.560933 2449.450332
2457.673539 2427.501863 2398.181512 2371.803559 2338.525022 2292.411341 2273.784788 2261.081904 2240.307637 2195.250094 2149.727099 2117.948045 2096.074084 2069.161355 2043.969574 2013.659981 1979.260047 1953.589506 1932.054136 1939.345010 1946.825691 1961.251525 1949.938668 1939.889798 1934.229443 1918.285733 1903.945544 1888.027424 1894.611971 1905.420717 1925.637105 1930.985504 1935.333428 1944.273530 1944.483512 1942.395736 1931.049521 1940.564864 1953.046701 1969.174889 2000.347788 2026.179741 2051.876670 2076.151626 2099.284287 2125.128540 2152.181423 2179.868849 2210.129567 2234.063364 2257.468717 2283.261081 2307.301219 2327.977882 2350.842634
2335.288066 2307.714009 2283.389726 2255.653726 2212.631459 2165.256454 2124.232289 2099.683346 2051.801833 2014.445397 1983.617633 1971.240481 1953.152480 1929.228375 1906.575762 1884.139608 1858.497104 1836.401390 1810.811868 1814.344552 1827.457084 1842.004790 1838.848650 1836.660134 1833.556292 1822.596291 1808.500517 1794.516172 1797.923951 1813.905631 1831.368810 1840.345530 1847.984192 1856.318630 1857.159712 1850.146968 1842.262529 1848.917738 1865.148506 1882.993879 1904.095957 1927.512396 1951.070890 1974.001482 1999.351870 2025.539448 2052.338710 2081.346398 2112.325276 2137.302265 2165.231977 2194.054792 2216.613222 2231.669394 2247.142383
2214.605664 2190.893653 2163.981242 2133.651702 2089.098861 2045.079442 2000.387006 1954.608630 1918.741793 1886.134424 1871.290676 1851.853520 1834.071892 1815.728075 1793.323553 1773.861408 1755.724459 1733.015260 1718.061355 1723.456224 1735.904421 1744.893401 1748.949245 1745.779608 1742.518443 1735.436171 1721.252166 1713.779723 1722.809762 1738.018393 1752.391875 1763.482497 1770.687654 1776.855200 1774.714407 1766.928144 1763.515064 1772.750360 1789.437036 1804.936625 1822.407989 1844.963170 1867.470900 1891.109248 1915.956932 1940.820164 1968.314197 1996.796580 2026.160095 2056.123287 2082.928928 2107.546457 2121.917313 2136.736001 2144.908155
2073.282451 2056.592851 2028.421247 1997.589660 1963.789890 1925.399587 1895.360559 1861.270221 1828.571164 1796.803753 1769.307721 1752.732056 1742.972080 1727.612191 1708.171787 1694.659572 1677.452231 1662.710925 1664.801209 1666.186149 1675.189024 1674.332931 1674.580386 1671.397489 1670.116697 1666.453090 1657.732887 1666.853869 1673.760843 1687.756945 1698.245372 1708.004561 1714.337099 1718.620667 1719.664196 1714.998703 1720.411377 1727.885900 1742.931478 1755.439665 1770.832822 1792.378160 1810.906593 1831.672710 1855.639648 1880.555211 1906.739337 1934.780618 1965.152960 1992.716982 2014.650561 2026.316697 2040.006839 2047.677947 2043.591885
