tests/Borden05m/sims/sim_1/output-maps/psiliqL0004N0008.asc
ncols         160
nrows         34
xllcorner     620200.000000
yllcorner     5168000.000000
cellsize      0.500000
NODATA_value  -9999.0
[rows 0 to 24 of 34, columns 0 to 56 of 160]
-9999.0 -9999.0 -9999.0 -9999.0 -9999.0 -9999.0 -9999.0 -9999.0 -9999.0 -9999.0 -9999.0 -9999.0 -9999.0 -9999.0 -9999.0 -9999.0 -9999.0 -9999.0 -9999.0 -9999.0 -9999.0 -9999.0 -9999.0 -9999.0 -9999.0 -9999.0 -9999.0 -9999.0 -9999.0 -9999.0 -9999.0 -9999.0 -9999.0 -9999.0 -9999.0 -9999.0 -9999.0 -9999.0 -9999.0 -9999.0 -9999.0 -9999.0 -9999.0 -9999.0 -9999.0 -9999.0 -9999.0 -9999.0 -9999.0 -9999.0 -9999.0 -9999.0 -9999.0 -9999.0 -9999.0 -9999.0 -9999.0
-9999.0 -9999.0 -9999.0 -9999.0 -9999.0 -9999.0 -9999.0 -9999.0 -9999.0 -9999.0 -9999.0 -9999.0 -9999.0 -9999.0 -9999.0 -9999.0 -9999.0 -9999.0 -9999.0 -9999.0 -9999.0 -9999.0 -9999.0 -9999.0 -9999.0 -9999.0 -9999.0 -9999.0 -9999.0 -9999.0 -9999.0 -9999.0 -9999.0 -9999.0 -9999.0 -9999.0 -9999.0 -9999.0 -9999.0 -9999.0 -9999.0 -9999.0 -9999.0 -9999.0 -9999.0 -9999.0 -9999.0 -9999.0 -9999.0 -9999.0 -9999.0 -9999.0 -9999.0 -9999.0 -9999.0 -9999.0 -9999.0
-9999.0 -9999.0 -9999.0 -9999.0 -9999.0 -9999.0 -9999.0 -9999.0 -9999.0 -9999.0 -9999.0 -9999.0 -9999.0 -9999.0 -9999.0 -9999.0 -9999.0 -9999.0 -9999.0 -9999.0 -9999.0 -9999.0 -9999.0 -9999.0 -9999.0 -9999.0 -9999.0 -9999.0 -9999.0 -9999.0 -9999.0 -9999.0 -9999.0 -9999.0 -9999.0 -9999.0 -9999.0 -9999.0 -9999.0 -9999.0 -9999.0 -9999.0 -9999.0 -9999.0 -9999.0 -9999.0 -9999.0 -669.148382 -682.940384 -699.737419 -704.350090 -685.206306 -675.965440 -667.293657 -661.130343 -655.387984 -647.419539
-9999.0 -9999.0 -9999.0 -9999.0 -9999.0 -9999.0 -9999.0 -9999.0 -9999.0 -9999.0 -9999.0 -9999.0 -9999.0 -9999.0 -9999.0 -9999.0 -9999.0 -9999.0 -9999.0 -9999.0 -9999.0 -9999.0 -9999.0 -9999.0 -9999.0 -9999.0 -9999.0 -9999.0 -9999.0 -9999.0 -9999.0 -9999.0 -9999.0 -9999.0 -9999.0 -9999.0 -9999.0 -9999.0 -9999.0 -9999.0 -666.668606 -660.655646 -656.078198 -664.929749 -669.318831 -669.668030 -679.934671 -691.642486 -703.745522 -700.586074 -700.243580 -707.739083 -693.898795 -682.478261 -677.570780 -673.284574 -663.758841
-9999.0 -9999.0 -9999.0 -9999.0 -9999.0 -9999.0 -9999.0 -9999.0 -9999.0 -9999.0 -9999.0 -9999.0 -9999.0 -9999.0 -9999.0 -9999.0 -9999.0 -9999.0 -9999.0 -9999.0 -9999.0 -9999.0 -9999.0 -9999.0 -9999.0 -9999.0 -9999.0 -9999.0 -9999.0 -9999.0 -9999.0 -9999.0 -9999.0 -9999.0 -700.374297 -687.902753 -681.828024 -675.982268 -668.005279 -669.816029 -671.294692 -665.941726 -670.689473 -671.365973 -677.907305 -690.140394 -702.750238 -710.178693 -703.571714 -705.984943 -705.703436 -699.043998 -694.263651 -691.639885 -682.149963 -668.149272 -673.045305
-9999.0 -9999.0 -9999.0 -9999.0 -9999.0 -9999.0 -9999.0 -9999.0 -9999.0 -9999.0 -9999.0 -9999.0 -9999.0 -9999.0 -9999.0 -9999.0 -9999.0 -9999.0 -9999.0 -9999.0 -9999.0 -9999.0 -9999.0 -9999.0 -9999.0 -9999.0 -9999.0 -9999.0 -682.761341 -687.547471 -691.269986 -691.132570 -692.839806 -699.228304 -700.545157 -698.704588 -691.479465 -680.452600 -678.012386 -678.673013 -677.474831 -679.654574 -686.386674 -687.236443 -680.302775 -687.787036 -691.904097 -697.181162 -709.343225 -712.328675 -705.080939 -697.855577 -691.384766 -688.914339 -686.788295 -685.577637 -682.939712
-9999.0 -9999.0 -9999.0 -9999.0 -9999.0 -9999.0 -9999.0 -9999.0 -9999.0 -9999.0 -9999.0 -9999.0 -9999.0 -9999.0 -9999.0 -9999.0 -9999.0 -9999.0 -9999.0 -9999.0 -9999.0 -9999.0 -9999.0 -691.934917 -687.478400 -685.635682 -681.669890 -683.524866 -692.554769 -698.570806 -701.234051 -703.396882 -708.391310 -708.753001 -708.443742 -704.578805 -701.321022 -689.578771 -694.009811 -696.744410 -687.175156 -689.041987 -683.119138 -676.570137 -678.226003 -677.208619 -690.061161 -699.883214 -690.069135 -685.885755 -685.889786 -687.397699 -683.327876 -677.975569 -671.434647 -661.256822 -649.085675
-9999.0 -9999.0 -9999.0 -9999.0 -9999.0 -9999.0 -9999.0 -9999.0 -9999.0 -9999.0 -9999.0 -9999.0 -9999.0 -9999.0 -9999.0 -9999.0 -9999.0 -9999.0 -9999.0 -692.562101 -693.875704 -696.494074 -695.294157 -704.006977 -707.658103 -704.850792 -699.815183 -702.475039 -707.620579 -712.071295 -711.494716 -710.799062 -711.676740 -704.517140 -698.543904 -696.047080 -696.552548 -687.127681 -683.745961 -678.317689 -665.857191 -673.321746 -681.023782 -685.123076 -685.498293 -687.695697 -680.500907 -678.239299 -677.208771 -677.490534 -676.770710 -674.334681 -672.303502 -661.767309 -651.791392 -643.164439 -635.038062
-9999.0 -9999.0 -9999.0 -9999.0 -9999.0 -9999.0 -9999.0 -9999.0 -9999.0 -9999.0 -9999.0 -9999.0 -9999.0 -9999.0 -9999.0 -9999.0 -694.617313 -695.316266 -698.586453 -703.834505 -708.466499 -708.432788 -704.528725 -711.122918 -713.197100 -711.418895 -714.130598 -710.438479 -706.574611 -702.102797 -700.006291 -704.519704 -703.341723 -703.495691 -703.333747 -700.252852 -689.668811 -679.851248 -676.860993 -669.839454 -658.574463 -664.254534 -666.883675 -666.607661 -670.200092 -666.523554 -650.558233 -652.363104 -658.258935 -642.022033 -633.265087 -635.500185 -636.097358 -625.395115 -610.076455 -591.973764 -565.455519
-9999.0 -9999.0 -9999.0 -9999.0 -9999.0 -9999.0 -9999.0 -9999.0 -9999.0 -9999.0 -9999.0 -9999.0 -9999.0 -697.454856 -698.061138 -696.879530 -705.172563 -711.860000 -715.862533 -721.429513 -713.639367 -718.786778 -720.217517 -718.676778 -711.725392 -711.245989 -710.146984 -705.649138 -706.612377 -708.187747 -709.697591 -713.246194 -707.268117 -701.208008 -696.661305 -688.072314 -681.009538 -675.081094 -665.742899 -662.866754 -656.642814 -658.165470 -664.094495 -665.268346 -660.045301 -645.407822 -633.924221 -629.442424 -611.376992 -593.348297 -585.052710 -574.879834 -570.206703 -563.949345 -549.838591 -513.148456 -467.607518
-9999.0 -9999.0 -9999.0 -9999.0 -9999.0 -9999.0 -9999.0 -9999.0 -9999.0 -9999.0 -711.719374 -707.107552 -714.004290 -726.906250 -732.433734 -729.126266 -725.628151 -730.298149 -729.749076 -715.796375 -708.115110 -720.143100 -711.288830 -710.787878 -715.617961 -713.876972 -709.967048 -708.796126 -700.353409 -699.397942 -698.604983 -685.520249 -681.430087 -677.090484 -671.444883 -665.247196 -659.430189 -640.954551 -625.490834 -624.318340 -605.108469 -593.695200 -602.676019 -606.059589 -603.287738 -590.523339 -570.998557 -546.014453 -525.182584 -492.363223 -461.625997 -440.688062 -424.856150 -404.798678 -373.609806 -243.729616 -137.434875
-9999.0 -9999.0 -9999.0 -9999.0 -9999.0 -9999.0 -9999.0 -9999.0 -731.092961 -723.412982 -718.634318 -724.590115 -732.704452 -747.603549 -741.570565 -735.720388 -731.651871 -725.776006 -722.805122 -720.175043 -722.811047 -717.791671 -708.910587 -710.604336 -709.213754 -703.331274 -702.477270 -696.971418 -688.870680 -691.028937 -685.994840 -678.182083 -671.275817 -665.047317 -657.937121 -652.782967 -634.295542 -611.228044 -588.501431 -570.540160 -547.311842 -521.563745 -524.362510 -521.760083 -518.539128 -485.463320 -441.263083 -381.643272 -253.225566 -146.593004 -99.956890 -80.668328 -70.892370 -58.544579 -38.597661 -6.367041 30.226245
-9999.0 -9999.0 -9999.0 -9999.0 -9999.0 -9999.0 -743.273042 -725.789856 -717.498405 -736.467761 -751.651721 -756.846903 -766.097471 -745.653101 -728.376743 -724.876790 -722.082753 -718.798547 -719.928217 -729.959370 -704.898459 -710.478043 -714.332671 -706.351686 -705.999566 -704.437099 -698.950585 -687.817980 -681.804765 -661.632641 -646.816323 -634.124964 -618.559335 -609.002418 -599.588039 -589.129865 -564.087505 -531.544575 -492.646087 -451.691094 -406.126568 -339.661213 -296.098822 -245.730077 -166.491578 -127.363580 -91.661183 -55.931258 -6.795637 37.270866 62.191790 68.467478 70.668462 73.067760 76.562513 80.818045 84.346320
-9999.0 -9999.0 -9999.0 -9999.0 -734.500938 -730.394958 -733.211670 -718.065073 -707.830182 -730.271372 -722.071188 -726.082514 -733.647140 -742.753262 -753.614957 -744.956107 -739.696515 -735.919973 -736.538840 -711.647505 -690.736385 -701.818129 -691.035684 -671.851657 -674.477120 -671.429366 -669.112483 -659.654566 -644.011736 -625.045200 -588.265424 -557.533030 -539.086002 -519.512642 -499.572960 -471.389065 -427.175250 -340.344620 -170.143737 -107.667814 -69.595077 -41.471132 -20.660142 -1.083288 25.671275 45.532929 60.606401 72.265582 80.289404 88.388982 93.755159 95.975305 96.251883 97.524731 99.091682 101.590697 103.631599
-9999.0 -9999.0 -9999.0 -745.962800 -728.419665 -721.774086 -729.262798 -725.651320 -712.643036 -724.511920 -726.511502 -728.477910 -729.593911 -729.089210 -729.697507 -724.592046 -723.053882 -725.546506 -721.159375 -705.618429 -697.210926 -684.377804 -673.879945 -659.865142 -648.496203 -643.437777 -636.838992 -622.386461 -590.496209 -558.982228 -506.423519 -437.143721 -367.923959 -272.300718 -168.541543 -121.812008 -89.779191 -44.103293 10.409099 45.921871 68.723178 75.366724 80.543087 82.622131 85.477880 87.342702 90.725860 94.019838 96.684252 101.707846 107.054729 111.087681 113.002646 113.901911 119.403530 130.207667 138.492805
-9999.0 -9999.0 -743.527586 -733.320629 -739.683329 -726.994502 -713.110573 -721.319835 -705.194065 -699.784075 -714.179936 -705.176242 -700.317289 -708.769755 -702.278373 -695.106304 -691.135919 -700.975297 -707.129618 -689.503116 -655.259179 -628.482507 -614.815232 -563.909505 -537.827832 -521.848634 -515.156439 -490.152961 -451.920126 -363.970202 -180.291589 -106.845311 -58.478442 -14.893181 16.279012 38.559572 58.951734 71.085284 80.707157 87.425896 93.088063 97.165521 101.504204 102.793465 102.950172 105.891603 110.197473 114.448300 121.954405 136.225261 150.355664 149.253004 149.418099 148.755016 147.867131 148.587381 148.159730
-9999.0 -9999.0 -755.455699 -738.459187 -749.505168 -723.660178 -700.014981 -719.990838 -711.784300 -688.624353 -693.168237 -689.407634 -690.840073 -688.362791 -677.944451 -659.909524 -667.339152 -669.962835 -687.232131 -641.112168 -602.259235 -547.830273 -456.029033 -369.295150 -257.239493 -209.941377 -172.013844 -142.226251 -113.199100 -62.142572 2.268693 48.198514 74.035529 82.571087 86.811813 90.854852 95.618643 99.305629 101.528113 109.110751 112.015462 116.276493 131.744750 146.640296 152.506869 151.068963 150.214297 148.883991 148.638486 148.688781 147.307960 144.668746 143.064800 143.569897 144.888299 139.846162 134.391625
-9999.0 -760.407541 -751.584318 -750.654487 -733.480604 -737.749019 -717.058783 -689.070720 -687.427890 -676.330081 -673.959519 -684.380179 -639.124114 -602.470440 -590.187722 -563.315790 -574.240690 -581.741035 -600.074111 -564.702471 -504.468596 -339.691771 -124.402289 -54.542315 -9.783569 6.293873 11.341299 25.540486 44.773689 69.028412 88.074084 97.195548 107.235364 114.312403 115.966911 115.962570 126.490329 139.895295 153.282429 153.974383 154.223840 152.910873 148.368928 148.802052 147.874098 148.675914 144.875923 139.587506 132.048594 127.141351 123.581926 119.550426 121.710159 124.975387 126.689896 120.747609 114.634232
-9999.0 -787.459156 -753.028371 -733.646170 -740.287962 -752.629862 -707.071278 -644.718513 -660.560692 -662.702909 -661.339546 -628.134742 -543.815335 -468.269246 -421.330932 -355.349965 -366.423538 -395.796270 -397.707602 -301.106149 -169.667022 -80.821214 36.915884 85.394872 87.925945 92.338545 94.982076 101.267109 108.675843 114.808241 124.516082 141.798860 143.391829 142.252241 142.144014 142.203884 142.077566 142.394446 138.596181 135.491516 130.905008 130.905107 134.109306 133.631672 131.423074 129.097380 124.283036 117.519463 112.923245 111.802018 111.532178 110.978301 110.929221 111.892605 111.252705 110.504279 109.236289
-9999.0 -760.497956 -723.306783 -732.373126 -762.822393 -718.402993 -698.417148 -652.574244 -618.863854 -621.889555 -584.893523 -476.770294 -260.025479 -118.200067 -69.333964 -52.048365 -48.712355 -62.168310 -50.495227 -5.240495 52.920741 86.693813 102.096821 126.627222 131.561372 131.734719 130.768878 131.185487 131.386954 130.890119 130.313703 128.183439 131.882264 133.634848 132.239340 129.583756 125.352912 118.403211 113.937237 112.251813 111.475798 111.840693 113.170936 113.540588 112.841591 112.126847 111.453934 110.577063 109.801634 108.897226 108.916834 108.629939 108.790191 108.179546 107.692478 107.574749 106.231983
-9999.0 -808.927573 -751.569396 -799.054814 -735.506645 -684.809851 -687.779846 -617.789136 -545.209237 -526.715403 -383.987855 -139.366420 -5.424302 58.966028 74.768273 84.340696 89.119032 93.997140 101.575117 105.069292 126.720720 140.290788 139.434096 137.867194 129.362719 129.666454 123.448124 110.736444 108.246186 106.483654 107.175986 109.400433 110.958419 113.036937 112.016527 112.277726 112.224034 111.521826 111.467685 110.016512 108.776412 107.941549 107.963877 110.401255 108.893669 108.521684 107.873321 106.984898 106.007631 105.201223 104.294862 103.322376 103.445225 102.470756 103.466598 103.387287 97.809106
-9999.0 -846.426903 -803.037821 -773.898864 -720.528238 -684.543322 -650.817030 -580.410115 -452.976807 -326.442508 -125.379329 -11.241433 67.969453 89.912245 104.000036 108.577114 115.307993 115.967425 116.236306 112.500440 102.631907 100.300427 103.759008 109.157292 110.430427 111.333678 108.741564 106.420244 105.941292 106.897079 107.019342 107.200688 107.154409 106.651341 105.600955 105.882396 107.594977 106.701578 105.916831 105.552571 105.299559 104.105725 103.039299 102.318826 101.958583 102.608761 101.342504 99.643460 98.158884 97.436658 96.477783 95.755740 96.218893 95.827346 94.823103 92.846939 85.478582
-9999.0 -941.737557 -788.719855 -774.365440 -742.166840 -732.051268 -721.166535 -658.867733 -575.260144 -346.824352 -56.823277 31.667907 67.291146 79.646213 95.383540 109.362499 109.444940 99.389092 93.130013 89.626950 90.926280 93.400020 96.130627 100.532584 103.719178 105.549050 105.789145 104.198062 101.207212 100.075075 99.899585 98.158052 96.817999 97.163529 96.296054 97.601687 98.950272 97.057038 95.169279 92.747800 90.493756 88.436459 87.532965 87.300724 86.665463 85.384097 83.118252 80.260939 76.984392 74.365343 72.714675 71.780578 70.557574 68.284854 61.860355 50.259467 18.764942
-9999.0 -9999.0 -853.816332 -773.527926 -765.359634 -754.578785 -744.376556 -694.206954 -642.556628 -503.503477 -343.153136 -140.266531 -70.190721 -25.698035 37.319196 71.505982 74.316036 78.987797 71.785841 73.071282 74.650722 76.243000 79.757396 83.975460 88.106263 90.613490 92.363688 92.096499 89.322427 83.885401 77.703363 73.638008 71.465477 69.543810 71.720459 74.752583 74.116415 73.030046 71.016966 67.806500 62.676856 51.172054 42.697507 35.496257 28.676287 18.985877 6.471046 -13.822690 -31.768515 -46.167475 -52.228999 -57.627354 -62.885966 -73.164376 -86.174047 -106.636703 -155.155681
-9999.0 -9999.0 -959.984219 -813.811444 -762.891696 -730.066190 -735.592944 -730.897140 -663.355231 -631.429336 -586.489974 -518.018791 -451.889229 -374.102933 -199.124822 -121.522583 -95.858317 -86.172236 -81.812186 -73.681607 -56.750201 -36.085674 -12.594455 15.689948 40.509215 55.564910 64.116746 52.191425 33.809903 0.285198 -35.063516 -62.167651 -74.635625 -80.721036 -77.811713 -72.036831 -76.344891 -84.402231 -95.229748 -108.267753 -120.529555 -138.657226 -161.072783 -188.864280 -204.926037 -227.555552 -257.565804 -309.119622 -353.892578 -378.134436 -394.279507 -407.395893 -414.697084 -429.860624 -447.628224 -460.312549 -488.071238
