tests/Borden05m/sims/sim_1/output-maps/psiliqL0022N0012.asc
ncols         160
nrows         34
xllcorner     620200.000000
yllcorner     5168000.000000
cellsize      0.500000
NODATA_value  -9999.0
[rows 0 to 24 of 34, columns 55 to 109 of 160]
-9999.0 -9999.0 -9999.0 -9999.0 -9999.0 -9999.0 -9999.0 -9999.0 -9999.0 -9999.0 -9999.0 -9999.0 -9999.0 -9999.0 -9999.0 -9999.0 -9999.0 -9999.0 -9999.0 -9999.0 -9999.0 -9999.0 -9999.0 -9999.0 -9999.0 -9999.0 -9999.0 -9999.0 -9999.0 -9999.0 -9999.0 -9999.0 -9999.0 -9999.0 -9999.0 -9999.0 -9999.0 -9999.0 -9999.0 -9999.0 -9999.0 -9999.0 -9999.0 -9999.0 -9999.0 -9999.0 -9999.0 -9999.0 -9999.0 -9999.0 -9999.0 -9999.0 -9999.0 -9999.0 -9999.0
-9999.0 -9999.0 -9999.0 -9999.0 2635.046097 2629.884977 2625.331399 2621.216168 2613.435411 2604.690686 2597.212865 2593.644224 2593.099443 2592.812524 2592.781690 2598.265340 2606.768091 2614.783831 2622.025355 2624.451034 2627.027139 2629.225295 2629.765578 2628.835827 2625.884012 2623.098645 2619.905688 2618.412624 2610.963603 2599.861533 2591.465066 2588.774285 2592.988839 2597.287374 2599.666193 2604.898986 2615.160092 2625.485668 2633.255353 2644.965975 2651.036880 2655.737960 2657.851484 2653.234489 2649.317189 2644.932481 2638.819897 2627.551705 -9999.0 -9999.0 -9999.0 -9999.0 -9999.0 -9999.0 -9999.0
2580.339288 2599.354416 2620.233399 2623.651814 2612.295230 2607.522870 2604.718031 2603.382537 2599.378124 2591.348092 2586.728955 2581.808880 2579.918287 2580.462486 2580.927574 2585.249646 2596.325956 2604.608251 2609.610845 2612.628351 2615.658402 2614.699251 2614.208577 2614.152617 2611.423173 2608.021458 2604.764624 2603.059727 2604.315315 2596.811881 2591.025351 2587.278613 2584.659389 2587.202049 2589.752726 2593.846827 2602.901209 2610.591543 2618.251394 2632.292586 2644.649764 2649.623086 2646.478536 2641.133667 2636.708988 2629.052156 2618.491645 2608.183454 2599.538901 2592.690769 2586.601006 2579.609215 2585.055156 2591.691275 2600.377657
2565.231395 2585.002346 2605.949989 2609.006585 2598.788224 2591.251967 2585.428120 2586.359485 2590.099758 2587.345614 2583.151496 2576.744372 2586.733938 2588.319082 2589.689962 2593.474500 2596.340724 2601.327147 2604.221464 2609.851366 2618.959890 2621.901184 2622.546754 2622.797517 2621.015296 2617.921215 2616.131432 2613.466976 2608.315133 2606.803272 2606.679192 2605.692348 2609.943826 2611.159582 2613.819606 2607.887997 2611.856038 2617.794275 2624.191183 2629.776388 2635.594252 2637.981193 2634.042923 2633.470387 2624.331858 2610.092897 2599.469977 2591.246708 2590.305029 2586.607453 2577.931906 2563.666371 2570.701630 2585.735392 2589.601585
2572.189183 2581.801612 2593.244956 2596.401221 2591.849234 2594.308468 2596.596155 2598.480789 2597.319366 2594.566096 2591.516010 2603.055383 2611.902525 2613.878079 2617.004959 2621.495610 2622.821678 2612.193379 2610.423438 2618.200604 2627.897404 2633.321385 2633.665895 2633.548291 2630.515140 2629.535577 2629.401358 2627.598286 2627.557724 2629.430237 2627.750553 2631.197908 2636.732975 2640.371738 2633.716092 2624.914629 2626.567573 2634.679433 2643.834495 2651.081810 2660.902982 2671.215243 2670.367150 2664.713737 2655.198671 2641.539042 2617.871535 2599.097681 2587.283435 2578.660531 2570.562545 2571.682744 2566.495680 2578.542072 2579.354355
2564.977897 2585.142191 2605.872677 2612.925332 2607.593944 2604.125305 2603.108981 2604.467652 2604.539144 2606.460939 2616.972311 2630.015104 2643.735272 2646.714799 2649.324108 2648.706616 2640.491614 2630.566198 2627.950304 2642.033719 2659.711760 2667.996435 2668.042106 2664.997294 2669.416917 2669.239940 2669.212234 2665.532339 2666.767592 2665.620601 2672.440797 2680.088209 2687.740052 2686.219315 2673.754308 2661.541190 2660.858918 2665.301907 2670.932817 2677.713312 2687.338637 2695.950832 2690.274189 2683.640304 2674.518738 2646.915412 2621.131059 2605.404659 2604.363329 2603.865870 2598.522565 2595.141050 2592.432887 2586.393954 2585.427271
2607.792950 2628.394035 2650.276474 2665.061672 2659.906955 2653.134051 2645.035239 2646.187097 2648.209699 2655.521257 2667.449727 2682.380768 2705.604149 2706.803052 2708.635403 2708.924413 2697.186858 2684.817132 2674.957097 2696.061659 2707.192265 2714.798808 2713.666560 2720.386995 2729.556637 2725.861612 2719.225522 2707.900962 2713.838105 2722.034135 2737.160808 2744.693149 2749.425900 2745.752014 2732.592978 2726.018494 2726.468696 2731.379009 2731.137778 2738.046583 2746.658133 2760.852187 2758.917124 2752.905634 2731.266034 2693.415548 2661.222303 2644.191715 2653.243355 2645.887496 2637.167523 2634.702518 2621.554462 2612.093544 2613.006845
2652.208938 2668.296418 2686.300225 2704.147748 2697.496538 2688.211414 2673.733309 2672.382969 2678.494672 2689.484386 2708.241528 2728.448106 2750.247990 2752.566015 2749.468310 2758.404863 2753.539364 2743.920469 2736.687913 2755.187753 2765.949641 2775.269461 2782.159310 2794.932239 2805.849272 2791.712160 2776.455237 2767.879372 2774.441256 2798.193396 2818.939132 2823.768661 2823.367857 2823.544845 2810.056150 2804.576783 2800.143779 2798.589648 2794.651794 2791.620213 2814.015839 2833.123469 2831.531383 2808.525473 2784.590527 2746.426887 2707.739053 2679.628428 2687.098936 2682.589391 2683.179297 2670.208370 2655.931472 2644.340576 2637.202695
2718.051157 2743.071359 2761.657520 2782.761731 2777.643098 2757.699469 2745.345143 2749.602119 2763.752844 2772.380124 2790.628507 2810.579744 2838.715009 2854.297153 2868.535134 2809.740019 2866.737896 2858.429511 2846.523954 2849.886470 2871.929550 2815.607833 2822.045046 2831.154464 2843.751436 2845.778417 2840.303666 2838.966758 2843.008857 2854.478468 2867.180083 2873.867715 2877.538844 2880.193483 2869.904036 2858.014196 2855.536043 2849.203213 2846.293956 2844.957413 2853.603066 2871.090138 2868.179229 2835.005280 2810.690778 2837.965966 2799.159979 2768.000250 2757.018599 2770.706226 2765.745560 2747.751188 2733.129518 2703.158543 2692.924729
2800.844491 2835.485339 2861.671933 2811.093943 2817.826348 2806.098103 2805.131374 2809.185381 2817.135463 2820.751081 2827.502157 2859.606219 2892.616753 2918.614049 2941.613914 2946.811875 2937.577627 2927.926299 2915.002761 2906.127474 2915.082551 2928.897937 2946.180070 2961.348092 2972.682790 2975.316105 2973.923890 2974.135358 2976.972869 2979.971583 2983.875476 2991.611019 2998.720440 2986.495136 2994.590466 2986.430729 2990.901674 2981.188316 2970.801263 2968.742788 2969.237289 2971.340556 2971.995687 2958.007981 2919.419617 2891.373904 2860.304147 2838.134840 2822.718775 2820.986839 2864.101323 2839.242311 2788.449650 2750.327424 2716.756053
2833.449619 2873.482986 2902.024310 2918.617321 2931.878293 2930.606289 2932.566441 2934.021710 2938.329773 2941.488555 2945.452199 2970.378762 2988.919107 3026.339459 3056.736165 3057.544584 3045.023087 3033.913382 3024.397912 3011.103300 3007.303696 3018.401317 3032.476352 3051.442730 3062.098340 3069.175771 3066.502437 3066.782746 3068.307175 3070.413184 3072.425826 3075.553200 3084.388977 3097.674711 3111.177063 3110.921755 3094.509387 3077.102303 3060.844984 3057.145335 3053.819361 3048.806680 3050.683566 3052.423480 3039.325282 3011.142275 2994.487083 2954.118223 2934.664553 2917.923417 2908.990175 2893.304321 2860.033646 2862.941567 2824.956802
2945.021319 2976.556713 2984.007654 3012.972495 3028.515081 3032.011141 3030.046374 3029.520074 3036.386087 3039.898857 3046.585266 3062.736337 3091.384697 3124.632313 3153.188140 3168.901865 3162.155000 3145.696982 3124.905448 3116.377882 3113.913277 3117.055121 3125.716494 3137.188643 3155.509655 3173.781787 3176.106144 3176.941914 3177.594447 3176.634508 3177.925591 3178.014112 3180.405029 3187.839193 3196.923638 3200.079443 3193.316900 3177.143574 3154.810406 3142.752247 3135.781354 3132.177518 3132.462638 3136.667474 3139.042500 3125.370401 3092.993052 3050.874593 3020.490625 3003.938835 2991.628067 2999.925871 2988.395268 2961.974593 2941.846211
3030.491477 3044.966034 3071.217515 3098.996642 3121.597442 3136.499656 3137.676766 3141.226758 3145.836468 3153.661021 3168.578136 3187.127849 3204.472379 3225.361182 3250.338064 3265.478590 3270.773567 3269.605986 3266.283791 3267.629573 3267.928849 3214.594377 3220.009202 3225.393425 3239.918964 3253.394856 3258.068381 3258.611091 3256.580275 3258.082832 3258.728888 3258.686123 3258.322696 3260.039999 3264.353538 3266.002100 3263.969444 3253.063501 3267.410626 3248.273195 3235.302194 3227.360294 3219.348590 3211.134187 3201.824634 3192.337343 3177.042266 3147.695877 3114.100558 3091.679796 3083.227573 3078.180159 3070.550148 3065.303836 3049.192675
3127.432788 3138.001207 3155.270231 3176.950814 3205.335208 3227.204540 3238.165333 3247.107432 3251.679908 3265.029289 3280.666007 3267.281689 3274.357614 3281.685270 3288.965801 3291.465864 3292.181470 3291.850872 3289.512301 3288.851905 3286.639236 3282.887177 3272.709792 3274.288061 3276.118289 3278.701674 3282.367952 3281.207671 3282.268494 3285.203939 3283.517621 3277.640359 3273.706414 3272.137453 3272.993704 3280.327087 3283.711758 3284.625360 3281.870108 3281.008716 3280.160060 3277.261733 3273.642725 3268.540530 3262.013467 3273.909554 3262.646595 3236.119084 3198.278147 3162.764178 3153.907532 3154.404852 3154.654202 3153.001396 3147.540949
3242.804988 3255.824606 3269.952624 3252.605640 3271.506381 3281.245823 3285.802298 3289.483603 3292.142765 3294.729945 3291.666532 3288.559968 3283.755438 3282.289472 3280.971523 3278.566335 3279.209232 3277.325496 3273.332153 3269.462431 3261.944813 3250.656623 3239.486777 3236.208563 3240.583445 3246.037009 3250.963427 3255.076955 3258.684382 3258.969662 3253.717096 3245.489465 3238.109119 3236.397151 3243.142503 3248.814444 3254.987302 3255.805820 3254.425060 3252.072535 3251.951315 3248.906212 3249.190340 3256.072513 3270.359307 3273.834281 3278.866087 3278.148737 3263.965149 3238.415047 3245.214353 3225.609800 3231.111222 3226.688966 3215.564985
3283.380640 3285.744405 3284.356443 3283.090603 3276.857563 3270.914097 3270.177390 3274.163341 3281.149373 3282.290168 3275.324786 3266.917535 3259.855239 3252.692397 3250.469626 3249.777697 3249.465232 3249.901375 3244.675512 3235.846104 3219.539180 3208.068866 3197.042836 3191.129726 3187.851814 3191.692055 3202.527785 3213.990096 3218.904680 3210.311060 3202.164032 3190.718456 3182.705973 3183.108099 3184.445933 3193.767800 3209.778563 3216.510503 3217.250012 3211.130653 3205.146640 3198.677705 3195.847943 3202.291977 3217.344556 3233.404407 3248.358286 3257.146955 3264.680938 3271.563010 3271.294289 3273.627331 3274.912124 3273.095996 3275.058570
3277.412656 3270.592724 3263.788531 3258.632922 3252.233613 3246.920571 3245.187805 3247.260882 3249.504021 3245.695846 3239.364410 3229.629984 3218.821225 3209.289097 3202.175142 3203.214689 3205.579969 3207.123220 3200.193003 3185.405954 3171.383566 3158.168913 3144.448924 3140.572747 3135.004218 3128.274322 3138.469757 3157.441814 3164.491513 3149.147532 3138.596228 3123.752705 3117.033531 3113.299451 3114.266723 3123.266284 3144.976418 3167.748254 3169.583184 3158.966708 3148.439931 3143.654673 3140.545587 3145.501911 3162.247046 3178.848802 3194.205921 3204.222303 3209.491107 3217.223615 3226.510490 3239.971460 3254.213820 3266.091812 3271.655368
3252.865459 3245.202709 3237.655957 3230.189482 3223.427351 3217.544199 3213.411441 3211.537879 3208.075437 3202.191964 3195.524808 3180.293194 3168.279333 3155.848118 3141.492049 3137.904421 3133.749376 3135.122852 3123.911272 3115.566718 3098.954392 3083.843602 3069.245363 3056.790728 3051.136789 3044.727288 3044.507131 3058.411206 3066.958346 3056.592234 3046.821262 3035.717922 3030.846818 3027.528434 3029.855415 3040.206106 3060.278929 3078.570786 3086.535265 3079.001236 3076.658459 3075.100207 3073.451500 3079.388609 3090.795174 3108.741239 3130.413130 3148.322121 3157.846431 3164.744344 3173.887078 3184.282893 3197.949980 3211.942656 3229.442622
3222.769173 3213.838961 3204.167584 3194.754361 3184.709660 3178.162961 3172.059428 3174.519661 3168.562831 3162.974657 3142.401516 3090.097581 3071.000780 3052.707901 3037.067764 3030.901355 3023.073240 3009.204044 3000.691028 2995.929147 2996.166613 2982.920703 2986.818284 2969.961947 2964.977565 2961.250197 2945.894219 2943.470720 2944.591134 2957.913510 2951.610098 2949.346928 2950.373594 2948.067857 2949.922329 2962.989376 2971.806694 2978.513395 2985.286276 2988.781032 2998.095631 2983.076448 2990.631999 3007.045658 3018.134460 3033.564160 3053.689472 3077.494250 3092.006687 3101.191004 3111.401396 3126.299125 3142.259349 3159.600039 3181.544515
3189.094855 3177.184421 3163.208444 3149.289238 3136.952646 3124.651012 3109.858999 3111.782195 3109.637364 3100.202576 3049.910543 3010.250861 2999.229164 2982.262594 2958.990423 2945.980536 2933.264054 2897.704527 2881.004778 2879.284936 2891.882827 2887.152111 2872.462821 2860.259086 2851.205609 2842.490063 2825.915468 2809.436969 2815.182561 2832.203793 2831.994762 2834.288687 2841.379623 2840.696833 2834.861043 2834.102709 2846.738948 2852.900256 2863.867018 2880.189324 2884.950067 2896.430416 2928.243544 2941.313749 2956.426578 2975.204998 2995.474322 2994.489946 3015.096650 3028.481551 3043.059298 3060.240880 3076.482972 3096.462610 3118.804658
3143.617811 3113.958612 3093.703420 3077.014219 3059.641491 3034.701970 3015.140238 3013.318114 3007.459964 2982.040531 2952.207538 2918.653258 2894.797444 2873.076237 2849.970234 2829.990244 2855.963534 2821.123046 2798.735672 2811.255218 2820.833988 2829.484372 2817.262747 2805.798074 2795.830828 2778.549898 2761.923325 2746.506908 2756.915272 2765.524680 2782.223847 2788.510242 2792.599614 2798.044813 2797.053372 2788.171037 2785.926667 2794.874666 2805.739895 2818.456472 2839.185593 2813.525699 2835.537922 2853.407913 2873.799623 2890.348007 2911.777739 2934.016937 2956.367653 2973.180748 2991.052492 2986.503435 3005.905205 3024.876063 3047.633091
3068.055651 3040.532295 3014.785063 2993.294836 2984.838066 2940.961345 2928.973052 2920.044075 2900.157576 2855.470213 2817.248711 2853.097419 2836.963156 2812.363405 2789.609499 2760.052668 2727.449688 2704.267042 2683.144491 2692.022783 2700.989050 2718.682759 2708.959327 2700.976964 2697.097211 2681.736364 2668.239718 2652.187330 2658.722351 2670.407385 2692.598342 2698.344934 2702.551484 2711.714686 2711.277071 2707.570233 2692.441145 2700.260190 2711.810099 2727.373190 2758.489875 2781.151359 2805.083366 2828.212101 2849.176566 2812.743494 2832.726810 2855.656950 2879.338986 2898.616698 2917.417712 2937.967219 2957.317522 2972.658412 2989.547315
2984.955952 2960.841795 2940.864207 2917.140061 2879.330166 2838.582155 2858.545905 2832.878031 2782.281316 2746.166632 2721.971247 2718.150638 2704.083915 2682.862204 2662.383410 2640.698469 2617.610266 2597.617058 2572.327237 2576.896568 2591.555018 2607.582945 2607.170741 2606.999894 2605.060164 2595.305707 2581.785102 2568.169714 2571.887549 2588.625896 2606.465520 2616.143853 2623.860331 2631.842680 2631.986777 2623.399017 2614.167806 2619.645554 2635.388177 2653.450933 2672.697897 2694.470884 2716.789541 2738.561338 2762.307130 2785.182277 2809.638476 2835.967766 2806.420415 2824.862650 2848.106933 2869.930909 2886.828560 2896.228865 2905.255033
2884.927135 2865.332854 2842.348186 2817.854447 2831.248597 2790.575826 2749.802727 2703.181840 2668.821012 2637.438973 2627.754132 2611.379432 2596.781189 2581.167834 2560.506116 2543.741256 2528.060784 2506.418776 2494.500781 2501.004701 2514.004548 2522.453274 2528.222887 2525.814277 2523.274125 2517.246557 2503.375827 2498.051642 2507.786950 2523.046872 2537.046468 2548.469636 2555.519366 2561.060008 2558.374259 2549.745005 2546.624897 2555.207974 2571.046065 2584.864379 2600.576143 2621.919210 2644.139894 2666.860106 2690.579107 2713.749657 2739.523897 2765.920854 2791.979164 2820.069077 2843.928381 2808.380209 2815.129637 2824.664163 2825.780125
2815.835050 2802.432801 2775.909538 2746.853846 2717.646001 2683.089478 2656.852325 2623.658999 2593.119231 2563.908728 2537.976944 2524.431025 2517.183377 2503.650013 2486.115235 2474.480181 2458.607329 2446.910721 2451.497640 2452.757073 2461.110936 2459.600153 2460.309356 2457.669490 2456.911380 2454.265420 2447.275832 2458.193596 2464.986015 2478.659025 2488.885480 2498.646235 2504.670805 2508.530328 2509.653303 2505.301666 2511.018541 2517.630409 2531.772744 2543.301540 2557.434222 2577.796096 2594.822790 2614.262287 2638.153776 2662.068973 2687.070857 2713.767293 2742.567743 2768.318353 2787.549147 2794.977162 2805.843389 2809.923432 2801.860516
