tests/Borden05m/sims/sim_1/output-maps/psiliqL0006N0012.asc
ncols         160
nrows         34
xllcorner     620200.000000
yllcorner     5168000.000000
cellsize      0.500000
NODATA_value  -9999.0
[rows 0 to 24 of 34, columns 56 to 111 of 160]
-9999.0 -9999.0 -9999.0 -9999.0 -9999.0 -9999.0 -9999.0 -9999.0 -9999.0 -9999.0 -9999.0 -9999.0 -9999.0 -9999.0 -9999.0 -9999.0 -9999.0 -9999.0 -9999.0 -9999.0 -9999.0 -9999.0 -9999.0 -9999.0 -9999.0 -9999.0 -9999.0 -9999.0 -9999.0 -9999.0 -9999.0 -9999.0 -9999.0 -9999.0 -9999.0 -9999.0 -9999.0 -9999.0 -9999.0 -9999.0 -9999.0 -9999.0 -9999.0 -9999.0 -9999.0 -9999.0 -9999.0 -9999.0 -9999.0 -9999.0 -9999.0 -9999.0 -9999.0 -9999.0 -9999.0 -9999.0
-9999.0 -9999.0 -9999.0 -569.733884 -575.442190 -581.099851 -586.441395 -595.910879 -605.444300 -614.497938 -618.692754 -619.780410 -620.844669 -621.390301 -616.143655 -608.311911 -600.770948 -593.552158 -591.280794 -588.919569 -586.595766 -586.102911 -587.516760 -590.884722 -594.271906 -597.784933 -599.275976 -607.899716 -619.589353 -628.791309 -631.631397 -627.035360 -622.425486 -619.831848 -613.474135 -602.311530 -591.115917 -582.311241 -570.407229 -564.913667 -559.556148 -555.999563 -559.848421 -563.199720 -566.600439 -570.908901 -581.871330 -9999.0 -9999.0 -9999.0 -9999.0 -9999.0 -9999.0 -9999.0 -9999.0 -9999.0
-607.404872 -588.164614 -584.959529 -595.778863 -600.687349 -604.232930 -606.736494 -612.284426 -621.452193 -627.194122 -632.963099 -634.771290 -635.015421 -635.148846 -631.024438 -621.326965 -613.383737 -608.649405 -606.361914 -604.037120 -603.813729 -604.364058 -604.873643 -607.895324 -611.423282 -614.934593 -616.793880 -616.995972 -624.754337 -630.095681 -633.347413 -634.355165 -631.915863 -629.603970 -626.718657 -616.805632 -608.237516 -599.659968 -585.383709 -572.915080 -567.520312 -569.683186 -574.555323 -577.954442 -583.915303 -593.332426 -603.695785 -614.423363 -621.632448 -626.805758 -631.620146 -625.236914 -618.742890 -608.010257 -597.316909 -584.984327
-624.500869 -604.925463 -602.258234 -613.513395 -622.359757 -626.708928 -626.998177 -625.291095 -629.422844 -634.459215 -638.457012 -631.164771 -630.154408 -629.151722 -626.109362 -622.621048 -620.805480 -618.078918 -612.859209 -603.956844 -601.470132 -601.084609 -601.078684 -603.016405 -606.238832 -608.098131 -610.971703 -616.302077 -617.161132 -616.660115 -616.471568 -611.028799 -609.524748 -608.345166 -615.624968 -612.316974 -605.847300 -598.737036 -591.276506 -583.869045 -578.642936 -581.495145 -582.670316 -590.674977 -604.207671 -615.595268 -624.211994 -626.857367 -629.744012 -637.110384 -648.828531 -641.772386 -625.902471 -620.934265 -616.796311 -604.419568
-633.295824 -621.528018 -618.829188 -624.316376 -623.875165 -622.810087 -621.626049 -623.602832 -626.938167 -628.301934 -615.220213 -605.767508 -604.337461 -601.625544 -598.520975 -600.283240 -613.210021 -616.139168 -607.461736 -596.876452 -590.933080 -590.968104 -591.142725 -592.558381 -593.707544 -594.380327 -597.009669 -595.737076 -592.995128 -591.894952 -586.420009 -580.640209 -577.922869 -587.189160 -596.714183 -596.413232 -588.639565 -580.577025 -572.898069 -561.331813 -548.956113 -550.194070 -555.912851 -564.659480 -578.314710 -601.821733 -621.877667 -632.047002 -638.080168 -644.605457 -645.521903 -647.032270 -636.438279 -634.290492 -632.354794 -623.224901
-629.849252 -608.838328 -600.591410 -607.267093 -613.779411 -618.048044 -617.891738 -617.831276 -614.210797 -600.451456 -586.338417 -570.673560 -568.242774 -565.867477 -566.316400 -576.880076 -587.686207 -592.514692 -576.922872 -560.976863 -552.559298 -551.549511 -550.451291 -541.441028 -543.981721 -547.336414 -553.507551 -550.830603 -547.193850 -534.496532 -526.704678 -519.899270 -521.996093 -534.221345 -545.464154 -547.743102 -546.193169 -544.627761 -538.589129 -527.366248 -516.226569 -520.963603 -528.809578 -539.842921 -569.885574 -598.877079 -616.146097 -614.852681 -613.945027 -618.135881 -620.998497 -624.658439 -632.419127 -632.521842 -632.691242 -632.897905
-581.613550 -562.703245 -546.087399 -552.731331 -562.273382 -574.543226 -574.612259 -570.954704 -562.401141 -548.511868 -528.630194 -502.976785 -498.398860 -493.731488 -488.814325 -500.284396 -513.410379 -526.423169 -510.731585 -500.503171 -490.323602 -485.552104 -471.741625 -459.827412 -465.447617 -475.467420 -485.510900 -478.272894 -461.725716 -444.535383 -437.268462 -433.459727 -432.195098 -442.983484 -449.312453 -453.540647 -454.465518 -459.697717 -457.295639 -444.220763 -426.266676 -425.946479 -440.078294 -466.348492 -505.135105 -543.015568 -567.357156 -563.582680 -569.852438 -575.601385 -580.143449 -594.660121 -606.545185 -606.812348 -616.334707 -622.581367
-533.409811 -514.359735 -495.144689 -498.589744 -511.249392 -524.317098 -524.182206 -515.105510 -505.290130 -484.488881 -455.618161 -423.376410 -403.721081 -390.307747 -378.099461 -387.364906 -400.213775 -413.262314 -408.523453 -391.489297 -373.506177 -354.957229 -334.825507 -315.689305 -322.249708 -334.490659 -337.226442 -330.736645 -306.461457 -283.700345 -273.753476 -267.930810 -259.520277 -267.662817 -281.205193 -296.668575 -311.322144 -323.967921 -331.849863 -311.815762 -291.373992 -295.598558 -332.387019 -369.454025 -415.306618 -460.754426 -501.009958 -509.379799 -510.639408 -513.062250 -530.029608 -546.705330 -567.453265 -579.630781 -588.899120 -604.655661
-428.498647 -399.594007 -372.398893 -362.641299 -379.527491 -384.188878 -377.194181 -361.779812 -352.520313 -331.273716 -283.194910 -222.086820 -182.028179 -153.969359 -148.423001 -157.672654 -169.330406 -187.293048 -195.842254 -179.578751 -163.363964 -149.110368 -137.603396 -127.116685 -120.869552 -121.917434 -121.948564 -119.592859 -115.748698 -109.797026 -103.803623 -98.124041 -91.935192 -91.109489 -99.414240 -107.353156 -116.278458 -124.291298 -126.734955 -127.750352 -121.733974 -123.073743 -142.567781 -172.240091 -214.899740 -275.573782 -330.403362 -367.046665 -372.233621 -394.041387 -418.080913 -446.888449 -489.746360 -512.859243 -531.988482 -564.343204
-269.950213 -219.326845 -191.889210 -170.366902 -168.241596 -163.920900 -159.468624 -152.302460 -146.269289 -138.817966 -109.730936 -75.739599 -44.415181 -19.358121 -10.005446 -18.788971 -28.642821 -40.035666 -49.501525 -48.223762 -35.473230 -20.195723 -5.984246 3.383716 6.440701 4.971677 5.321591 6.277338 9.034503 11.082192 15.049803 20.985558 30.497119 42.254185 39.249903 24.009701 12.079041 -2.210637 -8.647376 -11.917723 -16.955187 -17.858114 -20.033309 -44.151972 -70.555817 -101.676165 -132.300260 -155.359715 -181.106302 -210.978908 -246.827595 -314.952120 -375.285673 -422.656730 -461.277664 -497.549781
-111.463677 -82.426412 -56.768467 -40.922797 -34.552729 -30.980562 -26.900856 -20.190558 -14.433397 -6.757875 10.346510 42.938025 78.892873 110.724201 117.701148 110.679327 100.760870 89.736274 81.463253 78.943710 82.926101 91.723264 103.416716 114.927309 124.112803 124.510225 126.457676 124.651567 126.467654 129.672624 130.498999 135.693972 144.710960 153.656325 155.226889 144.682883 130.895257 114.069381 103.559024 91.880590 83.599581 81.587719 81.331826 78.967421 58.448047 27.095081 -12.763507 -40.578870 -63.317956 -78.249813 -94.598706 -112.338979 -150.145996 -175.642410 -219.621789 -282.153280
-4.091414 22.021290 49.800154 69.964871 81.949541 87.121239 93.654051 101.544448 108.728247 119.845044 133.336533 151.772573 181.569604 218.730902 238.522671 236.525471 226.695580 212.490613 209.919945 209.294504 203.698026 213.563858 212.564638 230.218107 235.489079 240.306152 248.476585 238.827778 240.847807 250.270418 251.046696 251.481469 253.254041 258.582962 259.188403 250.073938 244.367098 227.720017 209.818698 188.468363 179.189755 174.184127 172.844472 170.287731 160.396827 135.568335 99.936470 65.340330 40.266807 22.183629 8.734380 -0.886278 -10.533366 -25.382715 -52.411089 -91.316636
99.530604 120.993897 143.652146 169.523695 189.622149 202.538597 217.910360 223.812673 233.663713 247.418088 254.833501 265.309535 286.673703 308.286687 319.045641 324.662022 325.839628 326.206083 328.176640 328.121580 322.129340 323.689996 323.640969 325.455542 327.799526 328.641816 329.870491 328.656865 329.382748 330.775997 331.094361 330.916704 329.162712 329.427793 329.169775 327.893428 325.988945 320.501507 305.036858 291.931198 283.908307 276.373433 267.839721 258.579973 249.313197 233.987234 199.166881 163.940696 132.422514 115.245639 106.396756 100.221904 95.168041 81.566908 61.667365 35.431933
218.516986 230.397550 241.713178 269.920655 287.930203 299.543586 308.540745 313.287231 323.471556 333.688358 333.289714 333.976899 336.146231 337.884743 338.351417 338.163627 338.213306 336.097565 335.853596 334.251661 328.375774 319.233977 320.083368 321.122177 323.324686 326.911438 325.904706 327.038540 330.013134 328.566735 323.133720 319.629630 317.827984 317.683085 324.089056 326.866277 327.809055 328.024694 327.214699 326.652500 326.124411 325.839788 325.566517 325.027187 321.568106 312.490204 290.862285 262.207570 230.231107 202.392506 191.128258 190.623232 186.664435 180.005113 160.397655 131.657842
315.980571 326.717890 333.689718 336.330384 338.160122 339.046749 341.048607 342.975462 342.530388 339.147799 335.515241 330.746351 329.321890 327.747266 325.310833 325.865675 323.836058 319.991723 316.603939 310.408005 297.746508 285.022616 282.220844 286.324084 291.268055 295.722532 299.282203 304.620110 306.633384 300.998246 292.007926 284.641653 282.192346 287.774136 292.310114 296.912924 298.497386 296.345775 294.773120 295.478283 294.097678 295.887695 303.865600 316.904387 324.616893 325.143861 324.836717 323.015132 319.581898 299.346562 279.709297 281.524452 277.101471 265.716233 243.306628 210.503334
333.934748 333.804987 331.313628 325.426437 319.832336 319.142455 322.693793 329.031001 330.614768 323.922635 316.090609 308.858898 300.029628 296.290377 294.246827 292.898818 292.857146 287.536483 280.253516 263.898693 240.794985 225.156331 217.462312 216.077919 222.344789 232.611401 244.485046 259.490319 255.554636 240.191181 225.137069 215.309259 214.531377 216.768264 224.620755 236.722725 240.921174 240.061771 235.754877 233.162857 229.482034 231.961627 248.111640 267.210801 282.204395 295.033825 303.837168 311.537158 317.328689 323.371246 323.286571 323.344868 323.252392 319.491516 305.691572 285.588464
319.473908 313.037604 307.382055 298.527660 291.537423 289.394977 291.585334 294.436014 292.225077 285.732626 275.567013 262.757976 241.771819 231.749202 230.446673 231.253578 231.159857 224.919389 210.703294 192.395276 175.036542 159.164622 154.342519 150.090483 148.521900 160.318275 177.753769 186.999753 176.059832 164.327512 148.801020 140.016932 136.817819 138.056552 146.740761 164.077807 180.160423 180.287784 171.638189 163.881550 160.754137 161.324658 172.853479 194.018889 214.553036 231.039137 247.387902 258.622133 267.755199 277.133555 288.006838 300.546754 312.217164 323.009194 324.222674 323.751527
290.374898 281.741742 271.264739 253.769204 243.475894 237.523948 234.285337 231.767836 226.179168 219.621539 208.914691 195.908345 180.658507 165.495733 161.001145 158.087351 159.322865 148.088700 136.467743 116.779680 100.865475 85.529861 77.328076 72.263531 67.811366 75.741593 92.606218 102.837997 88.451082 77.893014 63.959332 56.890236 53.415805 54.304774 63.041018 84.573585 101.915343 107.206310 99.147927 92.762397 90.436807 91.127692 98.060167 115.105324 136.146109 157.120303 174.079649 185.313399 194.264495 205.151121 220.338159 237.331047 260.559266 278.699397 297.345675 312.179046
238.723388 227.066476 215.378957 200.804622 187.851120 180.540348 180.115004 173.011570 166.807544 156.453556 116.667590 101.221477 83.994815 69.443281 64.029494 56.599359 51.984098 42.308704 34.995299 24.552537 9.939377 -5.184542 -18.211420 -21.959299 -25.179935 -29.026254 -20.070400 -15.890781 -17.553963 -24.438512 -31.433911 -35.067350 -37.501515 -34.255517 -22.626494 -11.580493 -1.432138 3.157221 -1.442268 3.681009 9.571282 11.115258 26.076936 39.958611 57.410297 78.353566 100.502731 112.615432 122.075286 133.219962 149.279683 167.681694 188.402097 212.645711 239.547747 264.520559
187.148237 172.987725 158.311968 144.525054 131.282105 119.018899 118.780119 114.681257 108.363487 76.802368 37.601026 9.093605 -7.113502 -25.788740 -35.031825 -44.415184 -66.318269 -80.201883 -87.965919 -86.461079 -97.078369 -112.917990 -126.042492 -132.373962 -136.924681 -146.249014 -150.219710 -146.616775 -138.216979 -143.948486 -147.201809 -144.983595 -147.003272 -148.757710 -141.404056 -128.861281 -121.490818 -113.593220 -105.529936 -100.433461 -92.164860 -68.747180 -54.255727 -40.342508 -22.023056 -1.901054 19.292775 36.981012 48.690088 61.975868 80.113071 96.815628 118.210056 142.583079 171.957037 193.922772
121.189070 103.328706 88.003145 72.481999 55.924859 35.860844 33.096843 25.879097 13.647778 -23.895833 -60.617047 -91.007823 -112.406587 -134.908577 -150.863654 -176.988987 -217.027877 -247.913457 -248.642653 -241.152211 -249.596205 -276.448995 -300.576691 -317.879276 -335.770201 -356.797382 -369.365945 -359.171108 -347.283142 -343.522371 -341.891466 -337.539268 -336.674555 -337.797934 -337.943737 -321.755857 -306.781291 -289.847394 -273.808213 -256.307556 -213.823798 -177.760086 -153.755742 -131.030104 -110.087657 -86.580764 -62.325347 -42.561107 -28.498457 -11.681070 6.251294 25.465306 45.566886 70.127876 99.121194 122.796877
54.923315 30.930887 11.221679 -9.889802 -41.125396 -55.390656 -65.073868 -75.501868 -105.183884 -143.124277 -183.851648 -227.219262 -273.493640 -316.266941 -355.051263 -395.765923 -432.027468 -455.221573 -448.792114 -441.521167 -433.315408 -448.846689 -463.676672 -472.117616 -487.767439 -502.984639 -517.173140 -508.281877 -498.621500 -483.666978 -480.467101 -477.398619 -471.551585 -473.191078 -474.943050 -480.010810 -469.898670 -459.104649 -445.130566 -416.336443 -384.228862 -349.851579 -317.585891 -282.054995 -239.882856 -196.509185 -158.927947 -128.914211 -108.118449 -87.843390 -65.904549 -46.593597 -28.770574 -8.048400 17.168843 39.566067
-34.780220 -54.541952 -76.741153 -108.778851 -149.757296 -184.105453 -201.843748 -247.228929 -303.416491 -366.952265 -403.897151 -432.715928 -461.683238 -486.734255 -509.954617 -538.391908 -562.784683 -585.915638 -581.604783 -569.398569 -555.716304 -564.363394 -569.656711 -573.202702 -585.187263 -598.903054 -612.461814 -608.661616 -594.120968 -577.593172 -571.483693 -565.518680 -558.202668 -558.303981 -564.511073 -572.952006 -567.405800 -554.438867 -538.797838 -516.364091 -492.868040 -469.551005 -447.461426 -421.572899 -391.720919 -357.397561 -316.045130 -269.576656 -230.850254 -188.761113 -151.103465 -125.904323 -110.849379 -93.760870 -67.903125 -48.497739
-130.414375 -154.580064 -188.966111 -251.385904 -324.417750 -386.933084 -429.600779 -467.607181 -503.109635 -527.064979 -547.920431 -567.542937 -586.679738 -607.094518 -626.881744 -646.603429 -668.068766 -688.456289 -683.102742 -669.372719 -656.067777 -654.633363 -657.632209 -660.654319 -668.763569 -682.174817 -694.756245 -686.889323 -671.406416 -656.030997 -646.620293 -640.169960 -633.854313 -636.735102 -644.970641 -652.689540 -645.248300 -630.351709 -615.546715 -597.737002 -576.501069 -555.071642 -533.688431 -510.973383 -487.648658 -461.145032 -432.333160 -400.954179 -367.636174 -330.889015 -290.343745 -263.429524 -235.827611 -210.185119 -177.924473 -149.631444
-303.492573 -344.001815 -384.696646 -430.020510 -477.044068 -512.430916 -545.300631 -576.296716 -606.533587 -630.572613 -648.546289 -658.748470 -673.330272 -692.567215 -706.131562 -722.809314 -742.952144 -745.245541 -740.925897 -727.729913 -724.610225 -723.819922 -726.782805 -727.868821 -733.006241 -745.611533 -740.820369 -732.817722 -717.600513 -706.531934 -697.367962 -691.078289 -686.885909 -687.849151 -695.642230 -693.630168 -686.413710 -671.860073 -660.199703 -644.908012 -624.200399 -607.012049 -587.740527 -566.080623 -543.577297 -519.532522 -493.760354 -465.491818 -438.811150 -415.122234 -400.682375 -384.532544 -371.581884 -371.010595 -345.091308 -315.782456
