tests/Borden05m/sims/sim_1/output-maps/psiliqL0002N0003.asc
ncols         160
nrows         34
xllcorner     620200.000000
yllcorner     5168000.000000
cellsize      0.500000
NODATA_value  -9999.0
[rows 0 to 24 of 34, columns 0 to 56 of 160]
-9999.0 -9999.0 -9999.0 -9999.0 -9999.0 -9999.0 -9999.0 -9999.0 -9999.0 -9999.0 -9999.0 -9999.0 -9999.0 -9999.0 -9999.0 -9999.0 -9999.0 -9999.0 -9999.0 -9999.0 -9999.0 -9999.0 -9999.0 -9999.0 -9999.0 -9999.0 -9999.0 -9999.0 -9999.0 -9999.0 -9999.0 -9999.0 -9999.0 -9999.0 -9999.0 -9999.0 -9999.0 -9999.0 -9999.0 -9999.0 -9999.0 -9999.0 -9999.0 -9999.0 -9999.0 -9999.0 -9999.0 -9999.0 -9999.0 -9999.0 -9999.0 -9999.0 -9999.0 -9999.0 -9999.0 -9999.0 -9999.0
-9999.0 -9999.0 -9999.0 -9999.0 -9999.0 -9999.0 -9999.0 -9999.0 -9999.0 -9999.0 -9999.0 -9999.0 -9999.0 -9999.0 -9999.0 -9999.0 -9999.0 -9999.0 -9999.0 -9999.0 -9999.0 -9999.0 -9999.0 -9999.0 -9999.0 -9999.0 -9999.0 -9999.0 -9999.0 -9999.0 -9999.0 -9999.0 -9999.0 -9999.0 -9999.0 -9999.0 -9999.0 -9999.0 -9999.0 -9999.0 -9999.0 -9999.0 -9999.0 -9999.0 -9999.0 -9999.0 -9999.0 -9999.0 -9999.0 -9999.0 -9999.0 -9999.0 -9999.0 -9999.0 -9999.0 -9999.0 -9999.0
-9999.0 -9999.0 -9999.0 -9999.0 -9999.0 -9999.0 -9999.0 -9999.0 -9999.0 -9999.0 -9999.0 -9999.0 -9999.0 -9999.0 -9999.0 -9999.0 -9999.0 -9999.0 -9999.0 -9999.0 -9999.0 -9999.0 -9999.0 -9999.0 -9999.0 -9999.0 -9999.0 -9999.0 -9999.0 -9999.0 -9999.0 -9999.0 -9999.0 -9999.0 -9999.0 -9999.0 -9999.0 -9999.0 -9999.0 -9999.0 -9999.0 -9999.0 -9999.0 -9999.0 -9999.0 -9999.0 -9999.0 -558.993425 -564.522594 -571.325806 -573.323638 -565.738866 -562.749698 -560.087088 -558.520563 -557.140036 -554.766869
-9999.0 -9999.0 -9999.0 -9999.0 -9999.0 -9999.0 -9999.0 -9999.0 -9999.0 -9999.0 -9999.0 -9999.0 -9999.0 -9999.0 -9999.0 -9999.0 -9999.0 -9999.0 -9999.0 -9999.0 -9999.0 -9999.0 -9999.0 -9999.0 -9999.0 -9999.0 -9999.0 -9999.0 -9999.0 -9999.0 -9999.0 -9999.0 -9999.0 -9999.0 -9999.0 -9999.0 -9999.0 -9999.0 -9999.0 -9999.0 -560.939415 -558.393311 -556.198355 -559.786030 -561.089953 -560.422739 -564.093034 -568.556105 -573.212031 -571.564725 -571.508259 -575.258801 -570.246826 -566.382948 -565.396444 -564.701507 -561.564887
-9999.0 -9999.0 -9999.0 -9999.0 -9999.0 -9999.0 -9999.0 -9999.0 -9999.0 -9999.0 -9999.0 -9999.0 -9999.0 -9999.0 -9999.0 -9999.0 -9999.0 -9999.0 -9999.0 -9999.0 -9999.0 -9999.0 -9999.0 -9999.0 -9999.0 -9999.0 -9999.0 -9999.0 -9999.0 -9999.0 -9999.0 -9999.0 -9999.0 -9999.0 -571.211786 -566.389282 -564.535656 -562.841227 -560.012320 -561.324415 -562.474079 -560.231754 -562.282008 -562.196861 -564.560123 -569.147863 -573.733641 -576.233817 -573.031840 -573.969978 -574.065583 -571.733232 -570.496362 -570.334933 -567.260195 -562.092406 -565.368315
-9999.0 -9999.0 -9999.0 -9999.0 -9999.0 -9999.0 -9999.0 -9999.0 -9999.0 -9999.0 -9999.0 -9999.0 -9999.0 -9999.0 -9999.0 -9999.0 -9999.0 -9999.0 -9999.0 -9999.0 -9999.0 -9999.0 -9999.0 -9999.0 -9999.0 -9999.0 -9999.0 -9999.0 -563.517485 -565.423246 -566.861673 -566.704039 -567.383851 -570.173744 -571.050802 -570.824823 -568.478742 -564.528073 -564.137647 -564.891520 -564.732475 -565.821953 -568.711127 -568.933789 -565.544274 -568.313425 -569.439342 -571.177924 -576.128065 -577.390288 -574.626563 -572.105966 -570.071747 -569.898306 -570.022444 -570.637846 -570.700341
-9999.0 -9999.0 -9999.0 -9999.0 -9999.0 -9999.0 -9999.0 -9999.0 -9999.0 -9999.0 -9999.0 -9999.0 -9999.0 -9999.0 -9999.0 -9999.0 -9999.0 -9999.0 -9999.0 -9999.0 -9999.0 -9999.0 -9999.0 -566.492982 -564.711910 -564.138867 -562.615562 -563.473985 -567.376616 -569.795572 -570.812099 -571.676968 -573.794902 -574.109749 -574.340526 -573.256744 -572.616649 -568.403006 -571.012362 -572.750718 -569.056810 -570.064270 -567.452550 -564.506377 -565.158999 -564.404171 -569.739859 -573.747514 -569.456643 -567.853689 -568.254293 -569.475933 -568.445853 -567.093131 -565.418842 -562.231693 -558.142025
-9999.0 -9999.0 -9999.0 -9999.0 -9999.0 -9999.0 -9999.0 -9999.0 -9999.0 -9999.0 -9999.0 -9999.0 -9999.0 -9999.0 -9999.0 -9999.0 -9999.0 -9999.0 -9999.0 -565.913037 -566.503532 -567.680823 -567.277822 -571.149245 -572.816919 -571.841975 -569.914645 -571.158988 -573.334418 -575.183858 -574.964163 -574.734804 -575.273437 -572.590123 -570.530442 -570.084153 -571.106363 -567.953405 -567.301875 -565.676450 -560.721627 -564.257626 -567.617629 -569.377666 -569.514265 -570.620673 -567.599523 -566.755637 -566.657304 -567.355228 -567.632151 -567.151232 -567.123924 -563.592454 -560.670673 -558.666806 -557.064211
-9999.0 -9999.0 -9999.0 -9999.0 -9999.0 -9999.0 -9999.0 -9999.0 -9999.0 -9999.0 -9999.0 -9999.0 -9999.0 -9999.0 -9999.0 -9999.0 -565.988743 -566.322480 -567.785435 -570.215084 -572.284821 -572.368444 -570.867373 -573.742922 -574.753149 -574.218676 -575.580405 -574.281339 -572.872297 -571.164209 -570.446328 -572.552102 -572.349904 -572.873889 -573.406839 -572.890004 -569.307836 -566.150715 -565.940470 -563.805889 -559.505452 -562.382206 -563.482097 -563.324761 -565.214963 -564.175198 -557.648026 -559.309291 -563.060957 -556.587545 -553.546384 -555.601196 -556.956544 -553.377271 -548.141822 -542.115034 -531.862042
-9999.0 -9999.0 -9999.0 -9999.0 -9999.0 -9999.0 -9999.0 -9999.0 -9999.0 -9999.0 -9999.0 -9999.0 -9999.0 -566.130387 -566.471685 -566.146617 -569.918993 -572.801122 -574.570120 -577.073217 -574.099349 -576.375809 -577.173262 -576.750060 -574.122359 -574.210622 -574.067264 -572.540533 -573.318962 -574.314641 -575.291434 -577.210699 -575.247679 -573.354981 -572.238699 -569.546026 -567.759092 -566.684973 -563.962360 -564.026705 -562.369898 -563.650928 -566.449879 -567.128572 -565.308387 -559.710757 -556.051879 -555.793894 -548.883163 -542.266258 -540.319537 -536.730544 -535.835129 -534.600850 -530.197074 -515.703944 -500.327795
-9999.0 -9999.0 -9999.0 -9999.0 -9999.0 -9999.0 -9999.0 -9999.0 -9999.0 -9999.0 -571.489393 -569.577267 -572.386163 -577.729820 -580.061942 -578.956170 -577.790279 -579.866840 -579.914988 -574.616808 -571.808239 -577.060062 -573.727935 -573.834440 -576.155825 -575.801608 -574.615479 -574.687309 -571.720047 -571.924582 -572.290985 -567.423590 -566.575022 -565.647857 -564.243532 -562.828707 -562.037601 -555.643176 -550.574063 -552.226001 -544.742945 -540.352416 -545.269491 -547.216580 -546.793731 -542.511839 -535.599465 -526.070694 -519.708725 -508.810301 -499.481522 -493.864282 -489.895392 -484.572902 -478.390627 -460.352248 -428.892637
-9999.0 -9999.0 -9999.0 -9999.0 -9999.0 -9999.0 -9999.0 -9999.0 -578.986927 -575.967378 -574.108795 -576.500585 -579.676262 -585.543699 -583.393959 -581.371614 -580.069736 -578.040955 -577.197036 -576.573191 -578.192135 -576.577645 -573.409934 -574.617103 -574.480138 -572.520749 -572.810209 -571.276050 -568.763593 -570.859663 -569.950353 -567.998976 -566.405507 -565.057286 -563.359928 -562.965972 -556.840843 -549.012060 -541.224434 -535.484842 -526.900575 -516.101098 -519.189337 -518.832755 -519.615702 -507.196463 -492.881534 -476.992719 -457.707183 -430.437040 -401.656930 -385.457494 -374.461926 -359.120311 -333.920176 -286.286767 -178.277004
-9999.0 -9999.0 -9999.0 -9999.0 -9999.0 -9999.0 -583.388062 -576.804632 -573.647028 -581.224085 -587.069415 -588.995179 -592.471747 -584.868654 -578.340548 -577.273792 -576.495490 -575.540694 -576.438714 -581.163166 -571.627544 -574.707279 -577.090137 -574.530742 -575.107267 -575.204178 -573.771372 -570.188225 -569.277042 -562.239399 -557.965064 -554.683661 -549.621475 -547.178351 -544.708545 -542.208007 -533.147064 -521.164045 -507.992768 -495.810539 -483.089813 -466.397776 -460.422351 -456.342448 -447.945827 -432.505905 -405.677763 -369.933513 -285.374264 -166.851068 -123.271251 -109.873129 -100.586487 -89.777637 -73.565553 -49.574857 -17.138034
-9999.0 -9999.0 -9999.0 -9999.0 -579.459216 -578.098603 -579.535074 -573.891212 -570.026626 -579.227528 -575.946857 -577.593639 -580.624903 -584.340152 -588.801942 -585.793404 -584.141235 -583.102726 -584.004616 -574.843697 -567.297776 -573.311803 -569.969883 -562.944727 -565.388602 -565.081271 -565.335236 -562.898914 -558.281506 -552.930693 -539.113220 -528.106266 -522.833130 -516.271654 -510.200640 -501.837011 -488.379050 -469.628828 -445.234895 -412.319770 -378.257136 -343.454186 -308.724580 -270.205046 -187.527699 -146.051011 -120.831716 -92.229370 -51.423559 -5.400453 12.982367 13.863610 14.089583 14.538891 15.076787 15.881572 16.789938
-9999.0 -9999.0 -9999.0 -583.397201 -576.895720 -574.706589 -578.204304 -577.308333 -572.571134 -577.682468 -578.682964 -579.662863 -580.296375 -580.309889 -580.876113 -579.277355 -579.109884 -580.619324 -579.610520 -574.630043 -573.178904 -569.824891 -567.789855 -564.259689 -561.181311 -560.578006 -559.246239 -555.001805 -543.095262 -532.737110 -514.231422 -489.943104 -470.531219 -454.042152 -439.315210 -419.145816 -399.702578 -360.702045 -265.784781 -162.377673 -113.108870 -84.327283 -59.702397 -40.826480 -14.533650 1.265443 12.572700 13.753224 14.864379 16.470862 17.920991 18.867596 19.311263 19.483115 20.176451 20.939618 25.657590
-9999.0 -9999.0 -581.997747 -578.323876 -581.238017 -576.873085 -572.035458 -576.189863 -570.392713 -568.795339 -575.319178 -572.057323 -570.580327 -574.778715 -572.727968 -570.428027 -569.213709 -573.893312 -577.495521 -572.180571 -560.276390 -552.276039 -551.342879 -530.618501 -521.599339 -515.708515 -514.853295 -506.605810 -495.332065 -471.451732 -434.120126 -390.228993 -334.339478 -226.999048 -168.182778 -141.310797 -119.711357 -97.137049 -52.475693 -10.767810 12.823902 14.371117 15.566241 16.166552 16.612625 17.553990 18.645168 19.589707 20.486466 22.857401 38.741355 38.511798 38.668165 38.709709 38.078142 38.445577 38.035383
-9999.0 -9999.0 -586.360508 -580.163292 -584.941845 -575.606684 -567.089641 -576.663910 -574.598457 -566.049809 -569.071530 -568.627975 -570.884814 -571.510820 -568.608568 -561.778091 -565.862886 -567.207691 -576.262577 -558.216334 -545.512825 -527.120731 -493.690589 -461.675473 -436.311242 -434.823723 -434.141320 -422.469127 -401.353375 -338.766647 -193.475342 -123.021800 -73.837820 -28.810774 -2.173724 12.538826 13.681924 14.630106 15.676279 17.960029 18.912178 19.793588 21.018741 33.725566 38.847988 39.277451 38.373440 38.705391 38.159474 38.321823 37.529882 34.841738 33.662350 33.969141 35.176148 30.535651 24.874756
-9999.0 -587.626662 -584.614415 -584.692975 -578.632706 -581.355840 -574.789606 -565.217034 -566.705861 -563.854521 -564.770019 -572.473046 -555.726120 -542.583783 -540.440844 -529.190693 -535.200106 -538.346974 -548.432591 -535.270762 -516.589625 -463.854047 -348.474585 -203.371577 -150.349919 -143.269381 -149.359554 -141.576724 -121.344115 -80.747709 -11.770743 13.774442 16.667126 18.847871 19.608503 19.670842 20.463822 26.469300 41.510309 43.695159 42.962073 43.350345 38.344524 38.074447 38.517067 37.937381 35.554835 29.669184 22.576617 20.521248 20.282547 19.895859 20.196730 20.609346 21.022088 20.310499 19.984939
-9999.0 -597.329394 -585.022753 -577.978731 -581.276693 -587.316792 -571.464163 -547.677998 -558.847776 -563.000605 -566.601195 -557.353759 -524.681002 -498.950161 -482.389618 -454.892517 -456.616220 -466.239304 -466.498990 -444.850146 -402.104035 -276.161437 -103.846341 -0.478472 12.704858 13.693593 14.040010 15.245812 16.832671 18.365762 19.886125 30.864474 32.633840 32.567454 32.438660 32.477015 32.448344 32.381566 29.115924 25.780846 21.458013 21.380327 24.335805 24.048960 21.862657 20.785229 20.394004 19.973051 19.776336 19.673536 19.693309 19.607362 19.559688 19.783226 19.579282 19.458758 19.223023
-9999.0 -587.363860 -573.287005 -577.291912 -589.770065 -574.024146 -569.063396 -554.581120 -545.223381 -553.076448 -543.409287 -504.547106 -447.119367 -371.456887 -280.271614 -185.385476 -157.682282 -162.718885 -153.042685 -123.163315 -76.379185 -8.579321 15.579732 20.344028 25.414145 25.463547 25.159554 25.175043 24.997561 24.629433 24.111077 21.515616 22.465937 24.101903 22.879457 20.795350 20.317729 19.779563 19.598791 19.591747 19.478139 19.564600 19.854008 19.993701 19.824763 19.709329 19.625213 19.513445 19.401825 19.209085 19.224583 19.154035 19.187575 19.008137 18.860009 18.763973 18.375784
-9999.0 -604.247437 -583.904726 -601.596107 -578.868701 -560.151777 -565.767771 -541.633078 -516.619685 -519.479402 -473.048825 -395.587724 -202.757720 -100.739613 -42.649857 7.914850 13.956790 15.274798 16.827699 17.542066 21.523807 33.770886 33.975396 33.480994 25.163868 25.240195 20.486339 19.180632 18.760536 18.363939 18.500526 18.970933 19.255726 19.726034 19.453000 19.576619 19.672212 19.589821 19.671703 19.375056 19.122975 18.947102 18.940066 19.556343 19.169110 19.080789 18.884008 18.625867 18.356095 18.138346 17.908880 17.666184 17.664619 17.379103 17.500947 17.181048 15.227580
-9999.0 -616.433705 -602.248115 -592.190030 -572.565627 -559.540779 -548.403640 -523.542873 -471.422097 -441.905182 -379.528314 -275.678884 -102.252157 0.941051 16.409026 18.533421 25.763593 25.998851 26.068874 20.042304 17.243401 16.822625 17.671616 18.914622 19.219991 19.509608 18.924161 18.545032 18.457547 18.634698 18.544404 18.511261 18.450420 18.305200 18.070192 18.147617 18.577378 18.356605 18.196054 18.135510 18.107909 17.877426 17.677299 17.533479 17.435972 17.451208 16.803576 15.909170 15.154007 14.706857 14.318595 14.032097 14.001509 13.718167 13.091300 2.616403 -44.527378
-9999.0 -644.508240 -597.069535 -592.199675 -580.654703 -578.076118 -576.617287 -556.725501 -531.291047 -443.691798 -261.502230 -189.354252 -107.130870 -25.532759 13.588489 17.327729 17.637814 15.496084 14.061639 13.318398 13.742322 14.507556 15.440801 16.772250 17.660422 18.099650 18.155442 17.803460 17.067113 16.411595 15.757441 14.953657 14.445288 14.446108 14.305589 14.687948 14.985475 14.497875 13.997530 13.368391 12.842680 12.455632 12.390997 12.475612 12.300747 5.771156 -14.640360 -45.462932 -70.149484 -86.369522 -95.726955 -101.527586 -108.103174 -117.932616 -133.604632 -169.788362 -293.164896
-9999.0 -9999.0 -618.671233 -591.674052 -589.104045 -585.886453 -583.552522 -566.796937 -552.632279 -498.219736 -452.792496 -395.228218 -327.837287 -187.124183 -115.016189 -75.556107 -67.559803 -54.426226 -74.601235 -72.552509 -65.565183 -54.006289 -31.032850 -3.627434 12.132462 12.828500 13.192248 13.091884 11.261030 -16.466029 -57.734970 -82.265997 -94.034309 -100.607227 -93.352082 -83.353423 -84.807680 -89.308042 -97.059248 -107.471162 -116.087044 -125.719551 -128.241151 -128.089902 -131.401902 -146.329762 -190.776414 -279.688899 -326.974889 -353.586596 -363.779919 -372.037380 -380.053023 -392.897543 -405.914165 -421.257586 -445.838660
-9999.0 -9999.0 -649.461205 -605.630605 -587.805911 -575.696166 -578.706551 -578.254469 -553.054872 -545.295384 -533.513276 -513.680271 -490.186108 -459.462920 -427.035273 -382.592937 -360.886071 -351.873543 -357.394021 -354.230696 -333.600179 -301.490041 -246.198030 -167.389318 -136.430857 -123.147459 -115.435786 -127.107245 -148.025167 -208.993804 -315.728748 -360.496829 -376.261879 -383.666528 -377.212388 -366.258276 -370.988366 -382.486978 -397.342577 -413.775221 -426.396628 -438.884691 -443.199029 -444.450122 -444.850069 -448.043258 -452.763227 -462.455282 -471.850393 -477.325128 -481.300143 -484.930412 -486.061933 -490.235801 -495.315207 -497.156545 -505.598516
