tests/Borden05m/sims/sim_1/output-maps/psiliqL0025N0007.asc
ncols         160
nrows         34
xllcorner     620200.000000
yllcorner     5168000.000000
cellsize      0.500000
NODATA_value  -9999.0
[rows 0 to 24 of 34, columns 55 to 109 of 160]
-9999.0 -9999.0 -9999.0 -9999.0 -9999.0 -9999.0 -9999.0 -9999.0 -9999.0 -9999.0 -9999.0 -9999.0 -9999.0 -9999.0 -9999.0 -9999.0 -9999.0 -9999.0 -9999.0 -9999.0 -9999.0 -9999.0 -9999.0 -9999.0 -9999.0 -9999.0 -9999.0 -9999.0 -9999.0 -9999.0 -9999.0 -9999.0 -9999.0 -9999.0 -9999.0 -9999.0 -9999.0 -9999.0 -9999.0 -9999.0 -9999.0 -9999.0 -9999.0 -9999.0 -9999.0 -9999.0 -9999.0 -9999.0 -9999.0 -9999.0 -9999.0 -9999.0 -9999.0 -9999.0 -9999.0
-9999.0 -9999.0 -9999.0 -9999.0 3198.473065 3193.148962 3188.325824 3183.758113 3175.378893 3166.039365 3158.097834 3153.885631 3152.691775 3151.803021 3151.132726 3155.961000 3163.943795 3171.490173 3178.316864 3180.419918 3182.703300 3184.523418 3184.715692 3183.513874 3180.229591 3177.098858 3173.670083 3171.947318 3164.512700 3153.349707 3144.990187 3142.285643 3146.469656 3150.813427 3153.274459 3158.500997 3168.909088 3179.522294 3187.844835 3200.362781 3207.309202 3212.667352 3215.323467 3211.375907 3208.138588 3204.230709 3198.216011 3187.151417 -9999.0 -9999.0 -9999.0 -9999.0 -9999.0 -9999.0 -9999.0
3143.526394 3161.873844 3182.482096 3185.565129 3174.120239 3169.038316 3165.853318 3164.111368 3159.764348 3151.198833 3146.003445 3140.454812 3137.787456 3137.712546 3137.521233 3141.129447 3151.754766 3159.474858 3163.965410 3166.509870 3169.257295 3167.704420 3166.869906 3166.567016 3163.603700 3160.065198 3156.628653 3154.731830 3156.073102 3148.448912 3142.465684 3138.582726 3135.707668 3138.421441 3141.089823 3145.588213 3154.781809 3162.711561 3170.706654 3185.564584 3198.709855 3204.413522 3201.928167 3197.376833 3193.640464 3186.357488 3175.959227 3165.994658 3157.791720 3151.693007 3146.412268 3140.146114 3146.635141 3154.509896 3163.961449
3126.692777 3145.744355 3166.049306 3168.551923 3158.204444 3150.385526 3143.619364 3144.039247 3147.382981 3144.039595 3139.136316 3131.448985 3141.238568 3142.139848 3142.752608 3145.826535 3147.681465 3152.544162 3154.882105 3160.114518 3168.986205 3171.688275 3172.033981 3171.993134 3169.933315 3166.607527 3164.580200 3161.716442 3156.381753 3154.580500 3154.226672 3152.976859 3157.098535 3158.596340 3161.431744 3155.870491 3160.247677 3166.517812 3173.493390 3179.117040 3185.045108 3187.735341 3184.523984 3185.104342 3177.139576 3163.596698 3153.776362 3146.356528 3146.538130 3143.682734 3135.884924 3122.366944 3130.710097 3146.899924 3151.780924
3130.700401 3139.475924 3149.967793 3152.377004 3147.242966 3149.288038 3150.950252 3152.058297 3150.093972 3146.458227 3142.108857 3152.514410 3160.713628 3161.963774 3164.274293 3168.058716 3168.689532 3157.646951 3155.478786 3162.702693 3172.268573 3177.341356 3177.406704 3176.947884 3173.281848 3172.034783 3171.724456 3169.815067 3169.311928 3170.852006 3168.526158 3171.534146 3176.972620 3179.900185 3174.850320 3166.425198 3168.600336 3177.033308 3185.780257 3193.388120 3203.637034 3214.520988 3214.798941 3210.325967 3201.936843 3189.576669 3167.532873 3150.043585 3139.238346 3131.456510 3124.347246 3127.259896 3122.833980 3136.608355 3138.528203
3116.662656 3136.877535 3156.788596 3162.618491 3156.478657 3152.513043 3151.026779 3151.519781 3150.473719 3150.940331 3159.727435 3171.432219 3182.318041 3184.151132 3185.836980 3184.476689 3177.097754 3166.707563 3163.856495 3177.087902 3193.250969 3200.996192 3200.461504 3196.283196 3199.553498 3199.481701 3199.751643 3196.223957 3196.974201 3194.778939 3200.456871 3208.074044 3215.934818 3214.528924 3202.200611 3189.971703 3189.837049 3195.142806 3201.862525 3209.393509 3219.611642 3228.857332 3224.159397 3219.024716 3211.661895 3186.071317 3163.705736 3149.475809 3149.994950 3150.912989 3146.662678 3144.755487 3143.878420 3139.760298 3140.105048
3152.468671 3171.561880 3191.173451 3204.096139 3197.778675 3190.111678 3181.399594 3181.452514 3181.854034 3187.634480 3197.949205 3210.773371 3232.368263 3231.860167 3232.319740 3231.158126 3218.300024 3205.090817 3194.970031 3216.605573 3227.460598 3234.609686 3232.241289 3237.586602 3246.215030 3242.507189 3236.048090 3224.088593 3229.681938 3236.486348 3251.551564 3259.345734 3264.487650 3260.169614 3246.524066 3239.873194 3241.207655 3247.388462 3248.359650 3256.756944 3265.699552 3280.713770 3279.582425 3276.026992 3256.185606 3219.470806 3190.093662 3177.576912 3188.366385 3182.864014 3177.032806 3176.881981 3165.847720 3158.606188 3161.189624
3184.543897 3198.030112 3214.127876 3230.537717 3221.784548 3211.434942 3195.043096 3191.948446 3196.177157 3206.111040 3223.479236 3241.557937 3261.520712 3260.739139 3254.758498 3264.251889 3257.235972 3246.462862 3238.840922 3259.363855 3269.513983 3279.750995 3285.687823 3298.237682 3308.671652 3292.662324 3275.978757 3265.953887 3272.782500 3297.833120 3319.763418 3324.548613 3323.772439 3323.467801 3308.691617 3303.751580 3300.128835 3300.090518 3297.277215 3295.306230 3320.131831 3341.353473 3341.156886 3319.694642 3297.104540 3258.067936 3220.627397 3196.004068 3208.178965 3205.148667 3208.378004 3198.182269 3186.461133 3178.869159 3176.461422
3235.547833 3257.401425 3273.855030 3295.383479 3286.881479 3264.179337 3248.660352 3251.234462 3264.494023 3272.275911 3290.269862 3307.690107 3333.729211 3346.355631 3358.022255 3361.854661 3354.658546 3346.046028 3333.922810 3338.560785 3361.842354 3373.393177 3381.827754 3390.337253 3402.900620 3403.629691 3397.028395 3395.269900 3399.514367 3412.456617 3426.447863 3433.159844 3436.380058 3439.215119 3426.758108 3414.103179 3411.785946 3406.122845 3404.517835 3403.669804 3414.518314 3434.415219 3431.421563 3395.900785 3369.280077 3334.768697 3296.790406 3267.604211 3260.889526 3279.177748 3276.635564 3260.590140 3249.741584 3223.442476 3217.774892
3305.469702 3338.312831 3362.645539 3372.964914 3380.639999 3366.469664 3364.509303 3368.500338 3376.629314 3379.736815 3386.111003 3418.320497 3451.997534 3477.143911 3499.865519 3507.040581 3494.830386 3485.022138 3471.596444 3462.726037 3473.218411 3490.213768 3507.749087 3522.675450 3533.960103 3536.135603 3534.574968 3534.639523 3537.654597 3540.636688 3544.838080 3553.129846 3560.733482 3569.477323 3577.710670 3567.619908 3550.689182 3541.245967 3531.949460 3530.921146 3532.177678 3535.717838 3536.807202 3520.834998 3479.735245 3448.531485 3416.641289 3396.636643 3383.122598 3382.189798 3364.211463 3340.307832 3289.664570 3252.508357 3221.336171
3391.719891 3435.326702 3464.469509 3481.898309 3494.607902 3491.864400 3493.621005 3494.635123 3498.392695 3500.832838 3503.733872 3530.164396 3571.410557 3610.576911 3641.664153 3641.710824 3628.177419 3616.865756 3607.655135 3593.473132 3589.549800 3601.893241 3617.056811 3637.106961 3647.587819 3653.876207 3650.715415 3650.944775 3652.670652 3654.994450 3657.116402 3660.663439 3670.181681 3685.103172 3699.452824 3698.699879 3680.048400 3662.152171 3646.083183 3643.389689 3640.792700 3635.870503 3638.163043 3640.055903 3624.732609 3593.875925 3554.385902 3514.020079 3496.899186 3481.592895 3470.759704 3454.087053 3414.689316 3349.324731 3310.778645
3506.624595 3540.292668 3569.246173 3599.445065 3614.414648 3616.854343 3614.377936 3613.294279 3620.267239 3623.115628 3628.935510 3645.453112 3677.207286 3712.382741 3741.941970 3757.411470 3749.759285 3732.001618 3709.976473 3700.333355 3697.476782 3701.026911 3710.434450 3723.123073 3742.505173 3761.811050 3767.575677 3768.454087 3765.778691 3768.192090 3769.742580 3769.857534 3772.718079 3781.106819 3790.906534 3794.260428 3786.578469 3765.679014 3742.298217 3730.819045 3724.246272 3720.811027 3721.723831 3726.763316 3729.887575 3715.233183 3679.895497 3635.726324 3605.688870 3590.318156 3577.484227 3563.556020 3551.289745 3519.146541 3498.450486
3615.422497 3630.565930 3658.666717 3687.364983 3710.036025 3724.764744 3725.246989 3728.329354 3733.069251 3740.454410 3755.523019 3778.726301 3797.655338 3820.157538 3846.643651 3862.828694 3868.090598 3866.459971 3862.449832 3863.658516 3864.009330 3801.501394 3807.737576 3813.953261 3830.965717 3846.306070 3851.856747 3852.491383 3849.959315 3851.786350 3852.547981 3852.445209 3852.073155 3854.373890 3859.426410 3861.357465 3858.970194 3846.397107 3864.495688 3844.496325 3831.047040 3822.845053 3814.608634 3806.355370 3796.932448 3787.060403 3767.093189 3736.317333 3702.004534 3680.408706 3672.445573 3666.383466 3658.015352 3652.386547 3635.493080
3713.950421 3724.519914 3742.655877 3765.333538 3799.177891 3822.528120 3833.903466 3843.189186 3847.850426 3861.762916 3878.369615 3862.444652 3870.739104 3879.322326 3887.850663 3890.779367 3891.617923 3891.230991 3888.839811 3888.066328 3885.652534 3882.167345 3871.712357 3873.320853 3875.265655 3877.885359 3881.617172 3880.509576 3881.618350 3884.572402 3882.813756 3876.774679 3872.701848 3871.126989 3872.120732 3879.553635 3883.039819 3883.996828 3880.645321 3879.712931 3878.718408 3875.323183 3871.084310 3865.108746 3857.464824 3872.204280 3860.170469 3832.188332 3792.033264 3750.945578 3743.210223 3744.927637 3744.863097 3743.345050 3737.775334
3838.588762 3852.243403 3867.008942 3844.924674 3867.228378 3878.642543 3883.979607 3888.086400 3890.890016 3894.007279 3890.995738 3887.984824 3883.101898 3881.540242 3880.189868 3877.752845 3878.384132 3876.497816 3872.436665 3868.403473 3860.457093 3848.900802 3837.724833 3834.171587 3838.479395 3844.097018 3849.246160 3853.687964 3857.409746 3857.426428 3851.961833 3843.536523 3835.990519 3834.330289 3841.207504 3846.952441 3853.470950 3854.346169 3852.953456 3850.465063 3850.221861 3846.954832 3847.166404 3854.241887 3868.992563 3871.747043 3877.639240 3876.800139 3860.180168 3830.084897 3841.469900 3821.547469 3827.561293 3822.988121 3811.665615
3882.310203 3885.076572 3883.448699 3882.345268 3875.970677 3869.920938 3869.146781 3873.168461 3880.219935 3881.290252 3874.246651 3865.680548 3858.463672 3851.051940 3848.717363 3848.157079 3847.909087 3848.416041 3843.131705 3833.842198 3816.854474 3805.288203 3794.229909 3788.295185 3784.528533 3788.001181 3799.237304 3811.395269 3816.434795 3807.162219 3798.711968 3786.904700 3778.835570 3779.282649 3780.328322 3789.829520 3806.652916 3814.167868 3814.956247 3808.489667 3802.008104 3795.347313 3792.277460 3798.701697 3813.995183 3830.748601 3846.347482 3855.487437 3863.207518 3870.322230 3868.777849 3871.514519 3873.020374 3870.894309 3873.881079
3876.673228 3869.700255 3862.736183 3857.453825 3851.023954 3845.737052 3843.920002 3845.819725 3847.785613 3843.715843 3837.359340 3827.394647 3816.408417 3806.746522 3799.178340 3800.221140 3802.596764 3804.274115 3797.026207 3781.711595 3763.945017 3750.501305 3736.670168 3732.761920 3726.900295 3719.295168 3729.421296 3749.127889 3756.499977 3740.446659 3729.580801 3714.403661 3707.820250 3703.832269 3704.614841 3713.536606 3736.000618 3760.050817 3762.117782 3751.162632 3740.279046 3735.531704 3732.298314 3736.901166 3753.595493 3774.361030 3790.407759 3800.808000 3806.125219 3813.897157 3823.276800 3837.520568 3852.313101 3864.639868 3869.359591
3851.616827 3843.881525 3836.252207 3828.669801 3821.817109 3815.667154 3811.421130 3809.497419 3805.621284 3799.576692 3792.614644 3772.104241 3759.761646 3746.953282 3732.147318 3728.347320 3723.656960 3724.817806 3713.401466 3705.472572 3689.063626 3673.801638 3658.266146 3645.019366 3639.340825 3632.692126 3631.078284 3644.569614 3653.008468 3643.493382 3633.818479 3623.174274 3618.655165 3615.299955 3617.768336 3628.193707 3647.736029 3666.029234 3674.407788 3667.035115 3665.666629 3665.612678 3663.990334 3670.222173 3680.970965 3698.840432 3721.118266 3739.952714 3749.760168 3756.582079 3765.747292 3780.122104 3794.187010 3808.485383 3826.432413
3821.217141 3811.972545 3802.128654 3792.498049 3782.100024 3771.638480 3765.229354 3767.943516 3762.011878 3756.482148 3733.984133 3679.148397 3658.246342 3639.494655 3623.443536 3616.884442 3608.612595 3592.681608 3584.148419 3579.764891 3581.982400 3568.128390 3550.767572 3533.202035 3528.391268 3524.915172 3507.653918 3503.115178 3503.680809 3519.910910 3513.880811 3512.632562 3514.540953 3512.159886 3513.440416 3526.166606 3533.844205 3539.258770 3545.958078 3550.684833 3561.137787 3569.087402 3579.170938 3596.145664 3606.862664 3622.000093 3642.134282 3667.565494 3682.847489 3692.196108 3702.442841 3717.583759 3733.617708 3751.223153 3773.495991
3786.762192 3770.363052 3755.921954 3741.764663 3729.218872 3716.549915 3700.935554 3702.956677 3700.967120 3690.899520 3636.357059 3595.856389 3562.304819 3545.391583 3522.055140 3508.785259 3492.669429 3454.533688 3437.343883 3437.119973 3452.190251 3448.901079 3433.804161 3422.101267 3412.836048 3403.588171 3385.959625 3367.233850 3373.356503 3391.890381 3392.916564 3396.329493 3404.238271 3403.730787 3396.973616 3394.139661 3406.057998 3411.396756 3422.460801 3440.002012 3444.747244 3461.025596 3494.541393 3507.102486 3521.821216 3539.860454 3559.916972 3581.658884 3603.896097 3617.649373 3632.536630 3650.693414 3667.096056 3687.147138 3709.486280
3736.320869 3705.513661 3684.662009 3667.542866 3648.690695 3622.058653 3602.327932 3600.341662 3594.447520 3565.696128 3513.771182 3478.590279 3455.647117 3434.296214 3411.744481 3388.391842 3351.424886 3317.099608 3295.654910 3311.817419 3323.380980 3335.366284 3324.255637 3313.758644 3304.399490 3286.512566 3269.824541 3253.457969 3264.573387 3273.258139 3292.420679 3299.365337 3303.287847 3309.196789 3307.681182 3296.712672 3291.290389 3299.131126 3308.745437 3320.472440 3341.809912 3376.964444 3401.283318 3419.058395 3439.014095 3457.154777 3477.952677 3500.341569 3522.564833 3539.030112 3556.829350 3574.822789 3595.196704 3613.881957 3636.302679
3656.804096 3628.981123 3603.083836 3580.380784 3549.133036 3503.258564 3489.309276 3480.789688 3459.296057 3412.278158 3371.214348 3351.247875 3339.027745 3316.512745 3296.241633 3267.886652 3234.569522 3213.601537 3193.585948 3204.488812 3215.275925 3235.893956 3227.565874 3221.170610 3218.539293 3203.451511 3190.395076 3174.063049 3180.420304 3192.676204 3216.304034 3222.346984 3226.487439 3235.897373 3235.080323 3230.257923 3212.329253 3218.769130 3229.256327 3243.569791 3274.256980 3296.328226 3318.194596 3339.323337 3358.019399 3378.783338 3400.277606 3422.524543 3448.144056 3466.957878 3485.231222 3506.043458 3524.549214 3538.296625 3553.949070
3549.482899 3526.078532 3507.140597 3483.622554 3441.396194 3398.209042 3358.028080 3331.872496 3280.189544 3246.071933 3226.798868 3226.909039 3215.785309 3197.141907 3179.306603 3161.483163 3140.624508 3122.784435 3098.451711 3104.535211 3120.993479 3138.614173 3140.566892 3142.059324 3141.022265 3132.121802 3118.936819 3105.485928 3109.327524 3126.539634 3144.585419 3154.729458 3162.456424 3170.137105 3169.720218 3159.889872 3149.529785 3153.909547 3168.855061 3184.041470 3200.865002 3220.703086 3240.633509 3260.135273 3281.671131 3303.308121 3325.184826 3348.978699 3374.658580 3394.939168 3417.558082 3440.916272 3456.501500 3464.352133 3471.255001
3448.086725 3429.669820 3407.358359 3380.670594 3339.682515 3301.042124 3261.256316 3214.860066 3182.932973 3156.076863 3150.705681 3136.788374 3125.059624 3112.113491 3093.196046 3078.198810 3064.724150 3044.530527 3035.625966 3043.671847 3057.706293 3066.243623 3073.656372 3072.051199 3070.180122 3064.990655 3051.341259 3047.567871 3057.726324 3072.923235 3086.544421 3098.113210 3104.931251 3109.876055 3106.635741 3097.187669 3094.042779 3101.841496 3116.825449 3129.640230 3143.544765 3163.152206 3181.680042 3201.981252 3223.111022 3243.771238 3266.816835 3290.575262 3315.221089 3341.000887 3362.050285 3379.283427 3386.747281 3394.908802 3393.272127
3326.473343 3316.106319 3291.413553 3264.153381 3236.215292 3204.640698 3181.903383 3152.767408 3124.423232 3097.089133 3072.827954 3062.230800 3057.694978 3046.565116 3031.163443 3021.390847 3007.119572 2998.401112 3005.557626 3007.378622 3015.821065 3014.298466 3015.722805 3013.755042 3013.561931 3011.775562 3006.111439 3018.310585 3024.772345 3038.069059 3047.983712 3057.608748 3063.224655 3066.574756 3067.538908 3063.157153 3068.768218 3074.333003 3087.372147 3097.791100 3110.352328 3129.173780 3144.808315 3162.306333 3182.676387 3204.010174 3226.143902 3250.097478 3276.380016 3299.287530 3315.356470 3320.486175 3328.065764 3327.895415 3315.203363
