tests/Borden05m/sims/sim_1/output-maps/psiliqL0011N0013.asc
ncols         160
nrows         34
xllcorner     620200.000000
yllcorner     5168000.000000
cellsize      0.500000
NODATA_value  -9999.0
[rows 0 to 24 of 34, columns 0 to 56 of 160]
-9999.0 -9999.0 -9999.0 -9999.0 -9999.0 -9999.0 -9999.0 -9999.0 -9999.0 -9999.0 -9999.0 -9999.0 -9999.0 -9999.0 -9999.0 -9999.0 -9999.0 -9999.0 -9999.0 -9999.0 -9999.0 -9999.0 -9999.0 -9999.0 -9999.0 -9999.0 -9999.0 -9999.0 -9999.0 -9999.0 -9999.0 -9999.0 -9999.0 -9999.0 -9999.0 -9999.0 -9999.0 -9999.0 -9999.0 -9999.0 -9999.0 -9999.0 -9999.0 -9999.0 -9999.0 -9999.0 -9999.0 -9999.0 -9999.0 -9999.0 -9999.0 -9999.0 -9999.0 -9999.0 -9999.0 -9999.0 -9999.0
-9999.0 -9999.0 -9999.0 -9999.0 -9999.0 -9999.0 -9999.0 -9999.0 -9999.0 -9999.0 -9999.0 -9999.0 -9999.0 -9999.0 -9999.0 -9999.0 -9999.0 -9999.0 -9999.0 -9999.0 -9999.0 -9999.0 -9999.0 -9999.0 -9999.0 -9999.0 -9999.0 -9999.0 -9999.0 -9999.0 -9999.0 -9999.0 -9999.0 -9999.0 -9999.0 -9999.0 -9999.0 -9999.0 -9999.0 -9999.0 -9999.0 -9999.0 -9999.0 -9999.0 -9999.0 -9999.0 -9999.0 -9999.0 -9999.0 -9999.0 -9999.0 -9999.0 -9999.0 -9999.0 -9999.0 -9999.0 -9999.0
-9999.0 -9999.0 -9999.0 -9999.0 -9999.0 -9999.0 -9999.0 -9999.0 -9999.0 -9999.0 -9999.0 -9999.0 -9999.0 -9999.0 -9999.0 -9999.0 -9999.0 -9999.0 -9999.0 -9999.0 -9999.0 -9999.0 -9999.0 -9999.0 -9999.0 -9999.0 -9999.0 -9999.0 -9999.0 -9999.0 -9999.0 -9999.0 -9999.0 -9999.0 -9999.0 -9999.0 -9999.0 -9999.0 -9999.0 -9999.0 -9999.0 -9999.0 -9999.0 -9999.0 -9999.0 -9999.0 -9999.0 289.766378 272.401313 256.292558 254.321723 277.021139 300.411376 324.148403 344.690609 363.339721 382.322263
-9999.0 -9999.0 -9999.0 -9999.0 -9999.0 -9999.0 -9999.0 -9999.0 -9999.0 -9999.0 -9999.0 -9999.0 -9999.0 -9999.0 -9999.0 -9999.0 -9999.0 -9999.0 -9999.0 -9999.0 -9999.0 -9999.0 -9999.0 -9999.0 -9999.0 -9999.0 -9999.0 -9999.0 -9999.0 -9999.0 -9999.0 -9999.0 -9999.0 -9999.0 -9999.0 -9999.0 -9999.0 -9999.0 -9999.0 -9999.0 337.236318 343.124508 344.531649 333.917213 322.701310 310.715557 290.810881 273.006296 257.852114 255.213718 257.906092 263.363006 286.215708 310.716019 330.319894 347.558408 366.804189
-9999.0 -9999.0 -9999.0 -9999.0 -9999.0 -9999.0 -9999.0 -9999.0 -9999.0 -9999.0 -9999.0 -9999.0 -9999.0 -9999.0 -9999.0 -9999.0 -9999.0 -9999.0 -9999.0 -9999.0 -9999.0 -9999.0 -9999.0 -9999.0 -9999.0 -9999.0 -9999.0 -9999.0 -9999.0 -9999.0 -9999.0 -9999.0 -9999.0 -9999.0 245.009983 262.545712 280.666392 299.032718 315.694335 322.389293 328.238648 334.025030 329.991983 325.301264 314.021446 295.225461 275.682375 261.696102 259.372915 256.907606 261.341017 274.425010 291.232295 307.615530 328.621921 352.039657 361.375618
-9999.0 -9999.0 -9999.0 -9999.0 -9999.0 -9999.0 -9999.0 -9999.0 -9999.0 -9999.0 -9999.0 -9999.0 -9999.0 -9999.0 -9999.0 -9999.0 -9999.0 -9999.0 -9999.0 -9999.0 -9999.0 -9999.0 -9999.0 -9999.0 -9999.0 -9999.0 -9999.0 -9999.0 249.197499 243.300490 238.216443 236.745174 235.478189 234.362968 241.309547 253.573036 271.801123 293.415103 306.315716 313.525712 320.132095 320.942427 316.071457 314.028724 314.336569 302.665945 291.107614 280.297412 269.900897 268.644842 278.329677 292.424750 308.646804 323.588785 339.113926 351.169925 367.825016
-9999.0 -9999.0 -9999.0 -9999.0 -9999.0 -9999.0 -9999.0 -9999.0 -9999.0 -9999.0 -9999.0 -9999.0 -9999.0 -9999.0 -9999.0 -9999.0 -9999.0 -9999.0 -9999.0 -9999.0 -9999.0 -9999.0 -9999.0 219.507017 225.462883 231.998232 239.428580 240.354948 236.193720 230.572807 227.490047 225.991588 224.403546 228.895924 237.219965 250.951830 266.912484 288.716649 297.386650 303.828372 316.227828 318.769950 324.057395 328.144008 326.449768 323.797759 311.729999 302.853780 308.422563 314.627749 321.401178 329.313445 342.721292 358.493623 376.396878 397.257015 419.284589
-9999.0 -9999.0 -9999.0 -9999.0 -9999.0 -9999.0 -9999.0 -9999.0 -9999.0 -9999.0 -9999.0 -9999.0 -9999.0 -9999.0 -9999.0 -9999.0 -9999.0 -9999.0 -9999.0 194.459669 195.331042 196.427931 201.073861 202.011943 204.241578 211.280314 219.467308 221.723856 220.128447 218.627056 220.223260 222.985604 227.342479 238.863695 252.833643 267.149780 281.330076 302.346308 317.260428 331.192652 347.406434 346.497885 342.371425 340.483491 341.099261 341.744943 347.153594 350.735133 357.076253 362.781072 369.885265 379.403643 390.978870 409.895910 430.693057 451.677766 471.381084
-9999.0 -9999.0 -9999.0 -9999.0 -9999.0 -9999.0 -9999.0 -9999.0 -9999.0 -9999.0 -9999.0 -9999.0 -9999.0 -9999.0 -9999.0 -9999.0 165.938951 167.781932 169.923889 175.291987 177.958406 181.939751 188.855517 190.027063 193.894439 201.068093 206.090172 214.814416 222.833216 230.272903 236.353336 239.197579 246.989842 256.859630 268.996880 284.742525 306.737839 329.891612 346.481306 363.541148 380.772069 381.527739 380.664801 382.059817 383.091316 390.799653 409.272574 416.026244 419.226088 437.776423 452.798945 458.937186 467.305856 486.846941 511.795817 538.169620 570.354326
-9999.0 -9999.0 -9999.0 -9999.0 -9999.0 -9999.0 -9999.0 -9999.0 -9999.0 -9999.0 -9999.0 -9999.0 -9999.0 120.739942 124.886960 134.207413 142.821752 145.163072 149.227517 155.078709 167.272551 170.876159 177.157845 184.834897 196.514503 205.168395 214.504356 226.467194 235.107567 242.553667 249.902379 256.388299 270.248817 285.957054 302.235551 322.941420 345.219574 366.633705 388.097085 404.209072 418.887371 422.368912 421.516721 424.081226 432.774242 451.506906 471.728397 484.033574 505.587505 530.495400 545.975870 559.835341 570.136231 584.489811 606.977971 644.054577 682.343596
-9999.0 -9999.0 -9999.0 -9999.0 -9999.0 -9999.0 -9999.0 -9999.0 -9999.0 -9999.0 86.474661 88.959562 85.537293 85.902997 90.717366 102.657786 116.027841 122.799230 134.165173 154.871552 172.318605 175.926259 190.759819 200.961929 207.786387 218.627242 232.029681 245.276206 262.762023 275.813451 288.542755 309.312665 326.390313 343.482916 361.887973 382.661946 404.131549 434.689101 463.235052 478.291034 503.028646 517.047270 515.131546 516.236529 525.786709 544.372317 569.146260 596.691144 621.355978 649.598999 670.705380 686.975019 699.439097 713.545268 730.678843 765.262902 805.955774
-9999.0 -9999.0 -9999.0 -9999.0 -9999.0 -9999.0 -9999.0 -9999.0 62.273979 69.295539 75.532627 72.530499 67.918218 64.439826 77.740090 93.556068 109.542851 126.806565 142.831780 160.917942 176.583879 193.277411 213.056366 225.150893 237.287058 252.914159 267.061908 285.211687 307.186737 321.873111 340.872329 363.548612 383.747046 402.910515 422.723074 442.479326 471.952211 507.994241 542.581640 568.994741 599.230247 625.288092 626.874247 631.203826 637.364871 665.291227 697.489834 730.404194 758.888291 788.278091 818.756929 837.104202 848.720945 862.308205 878.496183 896.466352 923.112247
-9999.0 -9999.0 -9999.0 -9999.0 -9999.0 -9999.0 36.024704 60.170305 75.017413 67.211837 58.415162 55.019696 51.384255 72.326626 93.925731 110.960486 127.787257 145.334337 161.913843 176.249870 211.211391 228.635028 243.915146 263.582261 278.456967 293.390151 311.538667 335.955072 359.676431 392.478765 422.300587 449.793856 478.150675 499.914720 520.721134 541.987148 576.290674 616.563999 656.095884 688.393533 718.203647 749.862392 759.685806 766.683007 775.403084 795.915954 827.412869 858.424202 892.992387 925.546518 951.741070 963.994709 974.854511 986.826681 1000.925623 1014.142087 1028.416195
-9999.0 -9999.0 -9999.0 -9999.0 2.629658 23.555678 43.937040 74.732397 97.340823 92.174171 99.319158 99.837636 98.493086 101.669445 108.066028 126.171145 144.399849 162.899104 181.659760 218.840838 262.221784 279.346208 306.158436 339.321928 354.302064 370.458555 387.477806 412.026056 442.206646 478.946799 527.229812 568.885053 597.944964 623.619670 647.053267 672.180000 707.704789 747.060585 785.335746 821.032139 852.294908 878.384162 892.751829 901.241617 913.123804 928.872075 949.519950 976.474790 1006.847311 1038.636560 1063.765720 1078.331765 1086.782279 1097.831691 1109.365183 1122.475045 1134.871044
-9999.0 -9999.0 -9999.0 -45.216254 -6.673154 30.565529 57.946997 88.960287 120.841663 126.708431 135.479025 141.611684 147.850046 156.969273 166.764270 183.701159 198.957167 213.400279 235.474354 273.145735 310.169818 344.130540 378.334536 409.237406 433.142565 450.769631 470.190351 496.498367 538.846186 580.587251 634.378640 690.608693 730.283319 756.830659 779.365851 806.835355 832.135911 867.791954 902.711021 935.692798 967.428950 992.735025 1012.640430 1020.769899 1029.638417 1038.406837 1055.024719 1076.268696 1097.865512 1126.060891 1153.625912 1176.677165 1189.986940 1199.763036 1215.538195 1231.111915 1243.089634
-9999.0 -9999.0 -91.892079 -54.641692 -19.742613 31.498259 84.289444 118.256113 159.310703 184.319457 191.818698 210.431335 227.704679 236.368133 253.438738 271.376178 287.083115 292.644596 308.135504 343.206486 397.481124 447.980189 478.747607 535.423260 571.201736 598.459621 616.082509 643.966795 680.183581 725.255492 775.685091 826.007684 865.615360 897.230188 913.384609 931.980232 954.710519 977.572203 1009.876950 1038.682848 1068.882069 1094.917425 1117.262871 1125.456534 1130.364825 1145.233379 1167.533352 1191.326013 1214.069020 1235.789001 1244.480523 1252.691924 1256.886838 1259.818026 1263.597082 1266.283448 1267.655990
-9999.0 -9999.0 -117.502095 -73.150601 -31.150876 37.824781 115.219895 153.042348 196.559804 242.159574 261.982790 287.051574 304.359309 320.124571 344.900730 369.218909 378.262244 384.164403 385.492815 442.743738 504.704177 566.186106 628.792419 695.180790 739.972924 755.207354 766.797577 787.572069 813.578055 857.663668 906.690706 957.938849 1000.970619 1030.936425 1046.437341 1063.143059 1082.663515 1100.413921 1118.373107 1154.213165 1178.545027 1202.534714 1227.671442 1247.056024 1254.757333 1257.239166 1250.620064 1257.180370 1261.867412 1264.205962 1265.051863 1262.145874 1261.993203 1263.233884 1264.639392 1259.893239 1253.360703
-9999.0 -204.941501 -152.884368 -98.892884 -28.677080 40.339372 125.920979 207.133166 260.878113 306.408819 336.776684 355.318774 403.692973 451.787376 479.927620 509.512745 511.377083 514.596859 508.061216 556.360380 612.821974 697.642198 811.231633 868.390295 908.394438 913.058390 910.389142 924.568788 949.638279 990.863271 1052.684515 1096.146449 1143.811358 1179.548615 1192.758106 1198.364354 1214.505859 1233.065421 1231.200361 1246.887444 1254.410465 1260.947825 1261.925073 1263.730663 1264.811545 1265.083444 1261.939097 1255.824473 1248.232392 1242.594504 1238.196805 1233.401941 1236.021182 1239.594529 1240.594764 1233.414361 1225.007095
-9999.0 -239.515580 -179.372014 -106.941128 -34.871132 39.539916 149.425875 284.809749 335.789080 373.538750 403.082281 441.852556 527.021096 595.743245 633.409337 677.185630 674.964527 666.363538 661.646033 698.529024 753.198102 828.916194 961.043132 1043.388072 1065.092905 1077.893905 1086.952703 1112.081772 1145.071417 1176.387005 1204.240345 1212.926383 1231.701798 1241.177953 1244.601489 1246.446952 1249.472053 1250.299845 1248.573327 1245.776242 1242.111799 1243.161601 1247.672766 1247.955221 1245.430729 1242.215382 1236.073062 1227.973163 1221.723148 1216.156440 1212.175990 1208.309437 1206.676360 1207.077174 1202.827625 1196.399610 1186.359611
-9999.0 -265.705492 -195.651970 -130.418881 -59.303618 62.694058 187.237419 320.000354 412.659033 453.794658 494.742909 577.050512 677.180064 768.066451 817.686843 843.319324 851.279777 840.259093 853.096998 900.554959 965.558531 1048.364225 1124.146803 1192.512907 1206.026937 1210.862456 1199.557397 1209.489429 1218.715409 1221.744715 1224.310650 1227.554619 1233.995453 1237.799243 1237.632568 1235.592325 1231.445418 1223.922982 1219.221598 1216.398765 1213.441689 1213.548283 1216.529930 1217.506892 1214.766204 1210.160635 1204.308299 1197.378093 1190.172848 1182.432509 1177.344439 1172.532032 1170.008278 1165.297985 1160.473889 1153.741220 1139.339298
-9999.0 -357.306929 -271.667229 -211.821177 -83.612893 85.716756 211.687073 365.763770 507.998802 557.383755 645.544417 758.981184 857.017139 924.784529 965.563506 1007.139799 1036.388131 1062.954785 1099.541874 1086.677023 1138.423862 1184.103764 1203.793244 1214.548906 1215.394269 1218.143360 1211.868845 1194.335314 1185.389047 1180.134164 1183.197223 1191.624451 1198.276447 1204.610689 1203.077141 1203.486351 1202.726419 1198.488389 1194.426013 1186.361064 1178.993585 1173.677030 1172.311300 1177.451912 1172.120452 1167.949134 1160.932215 1152.020440 1142.559607 1133.963336 1125.523701 1118.163343 1114.872260 1108.993370 1107.001057 1098.512761 1071.011347
-9999.0 -438.383364 -359.899557 -260.435160 -112.820264 51.767536 193.535549 365.620536 566.765815 681.490835 794.840664 859.763754 930.043767 992.138887 1053.413093 1094.405563 1117.134809 1127.907385 1127.568919 1139.657157 1116.888076 1115.438384 1134.975095 1161.620282 1174.645928 1179.212618 1170.991254 1160.554287 1154.214174 1154.008525 1153.796328 1153.700893 1153.185102 1151.763836 1148.762453 1150.090413 1153.648167 1147.082116 1138.558191 1130.602606 1123.545349 1115.612114 1110.273334 1107.054451 1105.181903 1104.214772 1096.120269 1085.178309 1074.116507 1065.368972 1057.028297 1050.695143 1047.806777 1042.597346 1034.885839 1022.709780 994.957562
-9999.0 -529.660998 -412.113860 -311.707786 -180.121459 -40.012889 94.911621 264.648185 423.792260 640.412858 805.386562 883.779004 919.963638 971.063987 1029.689197 1090.445509 1096.685063 1070.502925 1045.242606 1035.738735 1043.902419 1056.763440 1072.838183 1094.265101 1111.752908 1121.069316 1122.087877 1114.240004 1101.158912 1092.995974 1087.747952 1079.293824 1073.064958 1072.260870 1071.997411 1077.872198 1079.805355 1070.228305 1057.323974 1041.861129 1028.407180 1018.307918 1015.220042 1016.066565 1015.570969 1011.842594 1004.514140 993.865263 981.185026 969.405598 961.293976 955.306886 948.344567 938.607113 927.659678 915.164769 889.214864
-9999.0 -9999.0 -483.916213 -371.458303 -257.578860 -129.890958 -4.584921 149.031769 305.672083 494.584589 615.761738 730.319514 794.260872 838.336003 889.430401 940.297435 955.794755 971.785379 954.775507 960.073091 968.574216 976.794171 988.629832 1001.950491 1015.676123 1025.272731 1031.842482 1029.788552 1020.843948 1004.979118 986.485377 972.345577 963.979377 957.537300 965.615035 975.964501 973.113060 966.081608 954.123492 938.627480 925.665817 912.309013 908.476368 908.738220 908.485816 905.267054 900.165371 887.274227 874.168177 861.667480 855.473829 848.891588 842.697955 831.367535 819.235472 805.513742 781.797999
-9999.0 -9999.0 -566.949606 -456.040729 -336.410468 -210.181097 -103.428574 -6.530312 152.664239 275.198702 380.365483 475.555009 553.764907 614.733472 659.833929 717.586848 752.312248 767.156453 782.169014 806.672233 831.710058 857.327395 874.899388 888.501210 902.482677 914.962322 923.535774 912.878207 902.336042 886.345443 866.118118 844.156359 832.440528 827.768226 830.374919 835.830123 830.181368 820.118083 805.561300 789.313015 775.959065 763.934532 759.549675 756.517564 755.184508 752.063105 748.371327 738.975926 726.863741 718.156638 709.499377 702.607760 698.556778 690.492012 679.900815 671.846894 652.754922
