tests/Borden05m/sims/sim_1/output-maps/psiliqL0013N0013.asc
ncols         160
nrows         34
xllcorner     620200.000000
yllcorner     5168000.000000
cellsize      0.500000
NODATA_value  -9999.0
[rows 0 to 24 of 34, columns 56 to 111 of 160]
-9999.0 -9999.0 -9999.0 -9999.0 -9999.0 -9999.0 -9999.0 -9999.0 -9999.0 -9999.0 -9999.0 -9999.0 -9999.0 -9999.0 -9999.0 -9999.0 -9999.0 -9999.0 -9999.0 -9999.0 -9999.0 -9999.0 -9999.0 -9999.0 -9999.0 -9999.0 -9999.0 -9999.0 -9999.0 -9999.0 -9999.0 -9999.0 -9999.0 -9999.0 -9999.0 -9999.0 -9999.0 -9999.0 -9999.0 -9999.0 -9999.0 -9999.0 -9999.0 -9999.0 -9999.0 -9999.0 -9999.0 -9999.0 -9999.0 -9999.0 -9999.0 -9999.0 -9999.0 -9999.0 -9999.0 -9999.0
-9999.0 -9999.0 -9999.0 824.140173 818.726578 813.627384 808.894358 800.160653 791.147829 782.976204 779.241480 778.570267 778.019749 777.858376 783.318604 791.521753 799.349991 806.684160 809.257963 811.847475 814.223342 814.836650 813.722960 810.598554 807.399611 804.083488 802.638166 794.620252 783.299836 774.541525 771.819307 776.251869 780.715124 783.188068 788.996586 799.673631 810.408805 818.861885 830.637376 836.304243 841.232592 843.972333 839.612148 835.784315 831.691733 826.337610 815.140982 -9999.0 -9999.0 -9999.0 -9999.0 -9999.0 -9999.0 -9999.0 -9999.0 -9999.0
787.642727 807.791027 811.177203 799.984656 795.177107 792.046263 790.175981 785.498838 777.052522 772.024908 766.876201 765.277233 765.594128 765.908946 770.248645 780.606404 788.762798 793.698574 796.372733 799.130192 798.987257 798.598796 798.403103 795.632910 792.306082 789.002797 787.279995 787.764872 780.228864 774.790719 771.403549 769.754261 772.259182 774.616904 777.959293 787.389071 795.479254 803.561806 817.759735 830.031697 835.075225 832.314771 827.016178 822.875632 815.828552 805.448275 794.862703 784.988812 777.728111 771.889755 765.859720 771.521124 777.788994 787.354231 796.773922 808.514403
772.528690 792.836787 795.873089 785.322260 777.238657 772.426296 772.844321 775.640166 772.383013 768.038544 763.364684 772.160734 773.738882 775.150505 778.669677 781.957731 785.241511 788.152713 793.676461 802.833389 805.712065 806.397410 806.672487 804.955891 801.934626 800.211091 797.536033 792.419480 791.391279 791.728142 791.504650 796.469551 797.940695 799.619908 792.886434 796.361459 802.475887 809.220462 815.643282 822.172988 825.941329 822.379083 821.110938 812.253355 797.942954 786.340794 777.429146 775.135213 771.515631 763.220352 750.074210 756.724390 771.819210 775.993820 778.949443 790.289439
767.938202 779.979555 783.253128 778.524909 780.097525 781.931542 783.680952 782.391988 779.718774 778.096642 790.960198 800.732935 802.892241 806.135460 810.036433 809.634701 797.926311 795.680718 804.124125 814.634470 820.611865 821.022165 821.113682 819.196225 818.280448 817.966408 815.848630 816.687550 819.201071 819.258590 823.934639 829.591229 832.454645 824.613236 815.413019 816.128506 823.749984 831.765858 838.958842 849.437845 860.499834 859.076916 852.935297 843.303044 829.054302 804.952621 784.791010 773.325274 765.585958 757.789937 757.182109 753.557422 764.230864 765.344435 766.664225 774.405692
774.462821 796.034643 804.325253 798.794031 794.068661 791.627226 792.706648 793.247257 796.675016 809.573100 823.791144 838.749361 841.986639 844.964242 844.886435 836.090167 826.067900 822.462587 837.366428 853.727158 862.240231 863.155354 862.707478 869.762956 868.464395 866.772080 861.968942 864.156528 865.847982 875.945656 883.678767 890.785183 888.947012 876.868837 865.292238 863.530696 866.048509 869.093582 875.117528 885.158404 894.586526 889.038196 881.206434 870.353678 840.866823 812.863121 795.182666 794.537776 793.892360 788.221073 784.269647 780.237032 772.508491 771.303228 769.803195 768.597730
825.121597 845.657121 862.003487 856.787452 849.173918 839.419924 840.423298 843.938668 852.568149 866.208623 884.403320 909.106992 912.712358 916.519223 919.743808 908.922233 896.868803 885.887143 903.740197 914.194591 923.211977 925.389621 935.589839 945.653299 941.214529 933.285516 923.221502 929.727122 941.872829 957.186282 964.129456 968.035162 966.865093 955.720443 949.724289 947.802299 949.505484 946.704795 950.890147 960.925424 975.589433 974.474443 964.473180 940.817790 902.729756 867.132692 845.453999 849.766842 841.853218 834.067728 829.274790 814.326306 802.450511 801.503349 791.070009 784.078097
874.941945 894.132568 913.176602 909.183630 899.168795 886.513360 886.597434 894.723791 905.458547 925.267293 949.136809 974.038769 983.460678 987.572824 997.624451 991.569640 982.478222 974.381431 985.368314 997.713309 1009.825522 1020.032116 1033.010549 1044.690905 1035.385953 1023.637634 1018.744861 1024.096057 1043.836606 1061.153386 1066.468038 1067.913096 1070.748891 1061.793790 1054.824681 1047.643494 1041.929906 1035.730570 1031.369031 1049.024532 1064.879287 1062.478815 1038.249879 1012.962476 975.466068 936.344373 902.712491 900.544274 896.604673 894.259662 878.032329 861.347361 843.618535 832.892586 822.749921 807.588499
968.390347 990.319411 1012.345213 1014.283655 998.542728 991.498706 996.810359 1009.894805 1017.637814 1033.696123 1058.908220 1091.661784 1114.030170 1133.867323 1138.676746 1130.669613 1121.971161 1109.046148 1107.032949 1123.979731 1136.140243 1147.030051 1157.905540 1170.277184 1175.878998 1173.466520 1173.104148 1176.366761 1183.377306 1192.269094 1199.012513 1204.417331 1209.886157 1206.295385 1196.006579 1189.238229 1180.202471 1173.145031 1170.342027 1172.386621 1182.692733 1179.995762 1153.446197 1125.497240 1092.410682 1054.183358 1021.564849 1002.707866 1007.039800 994.463815 974.778567 953.715224 917.473962 899.668049 882.568836 852.275052
1074.385895 1103.177551 1118.881775 1132.992732 1129.111294 1131.388543 1135.877086 1143.571056 1149.112769 1157.594168 1190.564231 1225.927238 1255.720909 1280.319055 1289.321706 1279.504734 1270.059794 1258.406606 1249.195558 1253.275273 1267.526459 1284.056485 1299.561412 1310.617069 1314.222975 1313.084529 1313.433411 1315.440493 1318.469253 1321.452093 1327.427643 1334.469172 1344.224492 1354.938554 1349.032842 1332.270899 1319.815485 1305.947265 1300.644835 1298.710322 1296.372787 1295.581942 1287.321513 1255.510804 1226.330201 1193.495898 1163.720373 1141.707402 1126.604701 1105.796416 1081.909356 1034.858675 993.511192 957.631232 929.405969 900.227316
1193.274170 1224.499970 1249.009702 1264.742453 1268.327436 1271.380125 1274.661216 1281.071235 1286.785277 1294.411757 1317.216902 1354.598095 1391.723553 1421.578883 1425.903061 1416.918217 1406.791961 1396.574214 1386.119445 1382.832728 1390.519332 1401.457082 1417.217517 1428.383112 1437.837770 1437.168547 1437.613980 1438.047666 1440.050947 1441.827851 1443.678767 1450.423505 1461.871380 1472.724929 1473.580759 1460.267217 1443.294041 1425.901632 1418.426358 1411.920986 1405.534690 1404.968683 1404.906977 1396.876451 1371.291334 1335.041739 1292.185445 1265.129020 1243.078511 1228.766711 1211.505587 1184.872851 1133.196878 1102.061803 1066.458438 1031.712047
1309.448504 1339.174907 1369.818357 1388.942907 1397.325007 1398.579305 1401.345292 1409.312957 1416.040950 1426.477751 1443.261153 1467.078047 1495.964573 1522.723483 1540.057030 1536.531087 1524.207044 1507.177334 1502.016058 1500.675110 1502.555517 1508.954164 1516.687222 1531.720720 1547.151381 1552.445774 1553.196616 1550.809913 1552.812727 1553.884454 1553.862737 1554.701875 1559.155734 1565.874823 1568.173499 1563.234153 1547.320657 1527.299828 1512.791054 1503.692105 1498.600047 1496.023490 1496.689155 1495.607675 1483.222168 1454.029917 1415.871884 1382.143048 1359.461045 1342.443950 1327.698843 1315.545053 1295.415389 1276.714018 1245.524196 1201.886997
1413.673180 1439.352428 1466.046175 1490.447460 1507.406063 1512.189564 1518.605309 1524.032221 1534.127746 1549.739309 1568.697152 1582.765521 1599.687741 1620.903084 1633.433798 1639.095351 1639.383956 1638.051171 1639.646288 1639.546626 1613.504725 1616.226685 1618.887974 1625.749837 1633.513944 1636.067744 1636.368606 1635.357574 1636.398688 1636.669884 1636.697899 1636.178847 1635.940076 1637.797191 1638.348829 1637.081318 1630.362315 1633.104115 1616.086844 1603.937229 1596.138146 1588.170782 1579.395838 1569.574288 1559.542253 1542.925769 1515.762533 1482.322883 1454.717297 1442.311050 1434.603793 1426.903611 1420.462811 1404.486829 1382.501972 1351.556141
1518.997466 1534.969738 1555.060592 1582.270087 1601.396605 1612.248041 1621.195329 1626.321422 1638.572522 1651.737852 1646.860257 1650.599988 1654.392300 1658.079971 1659.324006 1659.561596 1659.161871 1656.632956 1655.861867 1653.707548 1648.579212 1638.710579 1639.763206 1640.928611 1643.210934 1646.642094 1645.379721 1646.359593 1649.238207 1647.646152 1642.060971 1638.316328 1636.522475 1636.710420 1643.489861 1646.362070 1646.987485 1645.940040 1645.203709 1644.676471 1643.175602 1641.373110 1638.853206 1635.529859 1638.453044 1628.173953 1604.863355 1571.979451 1537.138849 1522.775505 1517.805737 1517.318545 1513.585125 1506.668022 1487.672319 1460.309291
1630.799570 1643.843277 1641.311392 1651.034714 1656.239945 1658.909346 1661.705655 1664.182481 1665.275391 1662.012237 1658.457688 1653.587425 1651.989118 1650.293569 1647.505759 1647.670335 1645.220559 1640.774800 1636.627570 1629.492251 1618.059969 1606.063749 1602.953949 1607.076358 1611.780348 1615.974945 1619.207757 1622.611943 1623.702222 1618.880266 1610.962535 1603.792599 1601.655775 1607.739022 1612.953915 1617.961745 1618.621088 1617.462193 1615.822095 1616.439690 1614.526858 1615.604029 1622.564470 1636.082213 1642.133174 1644.672368 1644.132150 1636.788199 1623.567939 1615.594804 1595.867428 1598.748126 1593.623709 1581.732710 1560.556331 1536.625728
1657.281949 1656.800398 1654.989561 1648.995708 1643.145942 1642.295938 1645.921345 1652.387251 1653.323675 1646.066516 1637.431536 1629.933843 1622.443327 1619.462748 1617.387040 1615.949558 1615.243664 1609.220331 1600.673285 1584.635606 1572.171122 1560.139241 1553.452436 1551.077659 1555.714056 1565.276693 1574.779453 1579.502911 1572.953985 1565.458988 1554.760981 1546.613053 1546.623835 1548.620440 1557.243835 1570.800362 1575.352687 1576.363743 1571.913469 1568.224805 1563.304928 1562.355231 1570.177420 1585.886483 1601.658588 1615.659528 1624.144261 1631.659081 1638.089200 1641.658004 1642.677793 1643.124433 1641.961499 1640.355395 1625.024890 1604.162960
1643.316320 1636.515384 1631.003354 1623.789228 1617.458011 1615.089749 1616.819278 1619.017996 1615.078335 1607.801698 1596.996002 1585.281744 1574.514059 1567.151888 1566.719384 1567.710690 1567.572446 1560.324072 1545.252498 1527.300707 1513.125943 1498.588166 1493.988342 1488.742786 1484.330717 1494.658635 1511.528028 1517.750728 1504.530170 1494.709925 1480.580205 1473.187157 1469.992290 1471.329862 1480.451388 1499.932953 1519.121625 1520.766540 1511.936008 1503.488686 1499.895661 1498.618853 1506.281881 1525.315148 1545.988837 1561.533834 1571.960755 1578.497512 1587.263866 1597.208284 1609.735297 1623.099456 1634.292456 1642.839830 1646.844631 1644.984528
1615.653904 1607.267947 1598.785688 1590.717785 1583.459374 1578.169374 1575.032709 1571.436392 1564.654237 1556.871824 1541.652332 1528.625258 1515.618612 1500.895912 1496.326471 1492.262397 1492.850613 1480.887150 1469.933405 1450.870302 1434.840358 1418.726843 1407.787321 1401.634904 1395.584292 1399.411998 1414.561666 1423.494278 1410.532548 1400.360439 1387.720644 1381.651435 1378.329373 1380.146426 1390.254697 1412.083951 1430.763308 1438.160657 1431.122629 1427.212232 1426.218122 1426.451074 1433.483391 1448.935455 1469.640561 1491.456573 1508.518920 1518.969276 1527.694458 1538.638852 1553.786671 1568.428187 1583.028507 1600.544045 1620.807177 1635.582881
1578.254125 1567.551062 1557.002330 1545.441740 1533.748463 1526.428450 1526.508580 1518.936811 1511.692749 1495.325574 1448.350935 1429.468034 1410.641168 1394.382689 1387.570267 1379.126388 1369.815000 1359.838895 1352.557379 1345.470947 1329.562916 1311.753142 1295.180030 1289.646005 1285.240812 1275.717970 1279.796605 1282.734154 1287.445348 1280.300901 1274.857089 1272.979615 1270.517096 1273.595445 1287.116982 1298.781169 1308.902337 1315.617119 1315.385855 1323.380133 1330.815385 1336.434044 1353.510455 1368.009157 1386.591561 1408.994896 1433.679335 1448.185164 1458.916927 1470.966200 1487.581841 1505.210186 1523.615821 1546.795142 1572.013117 1588.576056
1531.636883 1517.062282 1502.078634 1488.333141 1474.551468 1460.144657 1459.749880 1455.169583 1445.622400 1403.010987 1360.263893 1327.125457 1308.140062 1285.120109 1272.624937 1260.140986 1232.221471 1216.976058 1210.662769 1215.666744 1205.960633 1188.649325 1174.320392 1165.722476 1158.567012 1145.195665 1135.592047 1140.319355 1152.906700 1148.981847 1147.809719 1152.232014 1150.680075 1147.176772 1152.214085 1166.564745 1174.849692 1185.330781 1198.029519 1203.590115 1214.566401 1242.610152 1257.754488 1274.392330 1295.784621 1318.935203 1342.984499 1364.765495 1379.486616 1395.476480 1415.505424 1433.594071 1455.525438 1480.034753 1509.600306 1530.345392
1462.568038 1442.366173 1424.902348 1406.463610 1384.286296 1362.689889 1358.967655 1350.759047 1329.845821 1282.644599 1242.067457 1211.975806 1188.865859 1163.888675 1143.803930 1115.071954 1082.691030 1061.750862 1067.318309 1074.309130 1075.426034 1061.194708 1048.152472 1037.634299 1023.225946 1007.593436 995.599925 1004.286677 1012.832904 1022.037446 1025.882659 1029.657518 1032.540330 1031.524193 1026.847896 1031.580384 1040.799361 1051.768070 1063.307348 1078.642175 1109.800278 1135.866597 1154.853374 1177.229313 1199.172471 1223.750569 1249.455678 1272.927145 1290.931884 1311.131107 1331.956779 1354.431404 1376.668638 1402.819951 1433.241970 1458.944685
1384.459279 1357.274144 1333.887576 1306.094324 1265.907546 1249.866222 1239.813816 1225.030491 1186.955238 1143.866983 1109.501076 1085.688164 1060.124576 1035.580826 1007.624440 975.477398 948.861954 928.275779 934.831410 941.680831 953.259866 941.301912 930.178062 923.915686 908.832528 894.828871 880.188469 887.597199 897.681263 915.349176 919.678445 923.224706 930.422234 929.508546 927.108773 917.901156 926.825816 937.837443 952.332830 981.073715 1006.881991 1032.307799 1055.360391 1077.588356 1102.111111 1128.170660 1154.566895 1182.358866 1204.013073 1225.224550 1248.791556 1271.002044 1291.015960 1313.544057 1341.344068 1365.782866
1276.901918 1253.935591 1228.850767 1191.114612 1146.649316 1111.102772 1093.066964 1052.974378 1018.134020 983.578312 966.622882 947.703255 923.959255 901.582791 879.557557 853.215648 830.328872 805.823546 809.347879 821.739228 835.617704 830.234123 826.780845 823.513468 812.276830 798.529615 784.929455 788.536455 803.843069 820.768309 828.451509 835.217386 842.849252 843.060773 836.211839 827.986687 833.956932 848.616004 865.416536 887.008522 910.418392 933.687132 955.871352 980.430704 1006.053833 1032.242595 1060.426689 1089.818953 1112.780529 1139.041125 1166.034869 1187.675541 1201.986684 1217.839313 1243.651422 1264.075609
1169.874192 1144.644970 1116.960353 1075.233143 1032.165891 988.624786 947.935953 913.759309 881.749455 864.102136 844.507083 826.078141 807.363933 785.658480 765.828521 746.760104 724.342300 706.934851 712.122028 724.966791 735.666100 738.591120 735.490551 732.334574 724.864444 711.088227 701.558930 710.132766 725.460106 740.227032 750.560835 757.352914 763.428235 760.834849 752.740776 747.424008 755.802524 771.699209 787.002970 804.822004 827.088984 849.414083 872.403527 896.607815 920.998940 947.954737 975.894621 1004.469623 1032.991359 1059.150200 1083.591280 1097.427033 1111.448993 1121.039965 1139.328372 1159.962867
1044.082334 1017.516034 988.341963 954.336993 914.959840 883.637146 850.393182 818.461289 787.229044 760.937222 743.487211 733.258493 718.007188 698.450188 684.678814 667.484746 650.310013 650.427042 652.987448 663.732052 664.573282 665.078991 662.024679 660.856552 656.613647 646.318203 653.653356 661.062953 675.600132 686.348419 695.837601 702.094164 706.245924 706.338099 700.262523 704.139905 711.439921 726.266026 738.513880 754.040822 775.466879 793.743857 814.212343 837.514650 861.751692 887.340765 914.665348 944.205660 971.164669 993.178314 1005.146779 1018.476677 1026.722458 1023.565659 1040.170592 1057.786779
