tests/Borden05m/sims/sim_1/output-maps/psiliqL0013N0009.asc
ncols         160
nrows         34
xllcorner     620200.000000
yllcorner     5168000.000000
cellsize      0.500000
NODATA_value  -9999.0
[rows 0 to 24 of 34, columns 0 to 55 of 160]
-9999.0 -9999.0 -9999.0 -9999.0 -9999.0 -9999.0 -9999.0 -9999.0 -9999.0 -9999.0 -9999.0 -9999.0 -9999.0 -9999.0 -9999.0 -9999.0 -9999.0 -9999.0 -9999.0 -9999.0 -9999.0 -9999.0 -9999.0 -9999.0 -9999.0 -9999.0 -9999.0 -9999.0 -9999.0 -9999.0 -9999.0 -9999.0 -9999.0 -9999.0 -9999.0 -9999.0 -9999.0 -9999.0 -9999.0 -9999.0 -9999.0 -9999.0 -9999.0 -9999.0 -9999.0 -9999.0 -9999.0 -9999.0 -9999.0 -9999.0 -9999.0 -9999.0 -9999.0 -9999.0 -9999.0 -9999.0
-9999.0 -9999.0 -9999.0 -9999.0 -9999.0 -9999.0 -9999.0 -9999.0 -9999.0 -9999.0 -9999.0 -9999.0 -9999.0 -9999.0 -9999.0 -9999.0 -9999.0 -9999.0 -9999.0 -9999.0 -9999.0 -9999.0 -9999.0 -9999.0 -9999.0 -9999.0 -9999.0 -9999.0 -9999.0 -9999.0 -9999.0 -9999.0 -9999.0 -9999.0 -9999.0 -9999.0 -9999.0 -9999.0 -9999.0 -9999.0 -9999.0 -9999.0 -9999.0 -9999.0 -9999.0 -9999.0 -9999.0 -9999.0 -9999.0 -9999.0 -9999.0 -9999.0 -9999.0 -9999.0 -9999.0 -9999.0
-9999.0 -9999.0 -9999.0 -9999.0 -9999.0 -9999.0 -9999.0 -9999.0 -9999.0 -9999.0 -9999.0 -9999.0 -9999.0 -9999.0 -9999.0 -9999.0 -9999.0 -9999.0 -9999.0 -9999.0 -9999.0 -9999.0 -9999.0 -9999.0 -9999.0 -9999.0 -9999.0 -9999.0 -9999.0 -9999.0 -9999.0 -9999.0 -9999.0 -9999.0 -9999.0 -9999.0 -9999.0 -9999.0 -9999.0 -9999.0 -9999.0 -9999.0 -9999.0 -9999.0 -9999.0 -9999.0 -9999.0 697.140596 679.898742 664.327173 662.200405 684.922579 708.554231 732.608355 753.450571 772.314258
-9999.0 -9999.0 -9999.0 -9999.0 -9999.0 -9999.0 -9999.0 -9999.0 -9999.0 -9999.0 -9999.0 -9999.0 -9999.0 -9999.0 -9999.0 -9999.0 -9999.0 -9999.0 -9999.0 -9999.0 -9999.0 -9999.0 -9999.0 -9999.0 -9999.0 -9999.0 -9999.0 -9999.0 -9999.0 -9999.0 -9999.0 -9999.0 -9999.0 -9999.0 -9999.0 -9999.0 -9999.0 -9999.0 -9999.0 -9999.0 744.545611 750.551868 751.901432 741.577338 730.524752 718.454507 698.549185 680.813235 666.060265 663.709574 666.601807 671.946257 694.798822 719.748393 739.719074 757.050310
-9999.0 -9999.0 -9999.0 -9999.0 -9999.0 -9999.0 -9999.0 -9999.0 -9999.0 -9999.0 -9999.0 -9999.0 -9999.0 -9999.0 -9999.0 -9999.0 -9999.0 -9999.0 -9999.0 -9999.0 -9999.0 -9999.0 -9999.0 -9999.0 -9999.0 -9999.0 -9999.0 -9999.0 -9999.0 -9999.0 -9999.0 -9999.0 -9999.0 -9999.0 651.294912 668.892356 687.215219 705.882545 722.866791 729.851228 735.823468 741.729851 737.823028 733.388209 722.261297 703.349788 684.009644 670.341440 668.401587 666.183512 670.771164 683.949398 701.069698 717.621663 738.919163 762.806245
-9999.0 -9999.0 -9999.0 -9999.0 -9999.0 -9999.0 -9999.0 -9999.0 -9999.0 -9999.0 -9999.0 -9999.0 -9999.0 -9999.0 -9999.0 -9999.0 -9999.0 -9999.0 -9999.0 -9999.0 -9999.0 -9999.0 -9999.0 -9999.0 -9999.0 -9999.0 -9999.0 -9999.0 654.603311 648.844869 644.019035 642.792610 641.771269 640.928062 648.001474 660.329716 678.669632 700.662299 713.941882 721.467964 728.386942 729.410298 724.680697 722.965036 723.571490 712.024774 700.617418 689.964693 679.726464 678.516092 688.424884 702.905607 719.519052 734.814433 750.696813 762.081311
-9999.0 -9999.0 -9999.0 -9999.0 -9999.0 -9999.0 -9999.0 -9999.0 -9999.0 -9999.0 -9999.0 -9999.0 -9999.0 -9999.0 -9999.0 -9999.0 -9999.0 -9999.0 -9999.0 -9999.0 -9999.0 -9999.0 -9999.0 624.201401 630.131331 636.844580 644.517291 645.658268 641.772855 636.401509 633.638494 632.446276 631.073797 635.878539 644.311476 658.249833 674.463068 696.715071 705.720834 712.254266 724.886326 727.963326 733.972259 738.399699 737.033915 734.529901 722.410336 713.505972 718.962012 725.232623 732.401510 740.782970 754.635118 770.562042 788.517205 809.351992
-9999.0 -9999.0 -9999.0 -9999.0 -9999.0 -9999.0 -9999.0 -9999.0 -9999.0 -9999.0 -9999.0 -9999.0 -9999.0 -9999.0 -9999.0 -9999.0 -9999.0 -9999.0 -9999.0 598.836393 599.846287 601.164693 606.013010 607.003656 609.351847 616.574671 624.984459 627.591095 626.176260 625.041440 626.925528 630.014484 634.762686 646.511506 660.783359 675.449875 689.873992 711.297053 726.605046 740.779054 757.321699 757.071515 753.491477 752.097767 753.062571 753.822330 758.690061 762.069321 768.793092 774.203813 781.209845 791.094361 803.171934 822.201555 842.942587 863.696999
-9999.0 -9999.0 -9999.0 -9999.0 -9999.0 -9999.0 -9999.0 -9999.0 -9999.0 -9999.0 -9999.0 -9999.0 -9999.0 -9999.0 -9999.0 -9999.0 570.006338 571.958086 574.289188 579.805914 582.792190 586.981460 594.134435 595.586893 599.646734 607.084646 612.328011 621.445721 629.846376 637.591355 644.019873 647.212324 655.253744 665.473479 677.973835 693.951428 716.196524 739.933456 756.935430 774.480742 792.253591 793.552050 793.156566 794.960763 796.174603 803.495414 821.844124 828.542429 830.995776 848.670890 863.551263 869.591094 878.188317 898.198652 923.131390 948.201702
-9999.0 -9999.0 -9999.0 -9999.0 -9999.0 -9999.0 -9999.0 -9999.0 -9999.0 -9999.0 -9999.0 -9999.0 -9999.0 523.834635 528.102825 537.743767 546.927805 549.569715 553.982146 560.184519 572.625143 576.514552 583.053032 590.974154 603.115505 612.112457 621.734928 634.043115 642.997190 650.804341 658.483791 664.982425 679.049115 695.083900 711.687818 732.781501 755.619121 777.234687 798.847111 815.589428 830.479679 833.819684 833.693086 836.878812 845.609306 864.011420 884.106630 895.192892 915.451843 939.898584 954.749417 967.909211 978.011214 992.780500 1015.562450 1051.846462
-9999.0 -9999.0 -9999.0 -9999.0 -9999.0 -9999.0 -9999.0 -9999.0 -9999.0 -9999.0 490.013542 492.524884 489.288791 489.465300 494.655759 506.921590 520.734213 527.636168 539.405117 560.531694 578.496376 582.398020 597.420987 608.030515 615.256258 626.377270 640.134771 653.671706 671.354419 684.732730 697.488098 718.257205 735.785456 753.404580 772.315106 793.698635 815.099308 845.347316 873.968775 888.746739 913.073608 926.366543 925.033225 926.550818 936.637850 954.534013 978.176625 1004.421553 1028.503919 1055.891828 1075.447522 1091.320338 1103.725518 1118.067535 1135.896696 1172.300477
-9999.0 -9999.0 -9999.0 -9999.0 -9999.0 -9999.0 -9999.0 -9999.0 465.378056 472.724659 479.082075 476.304483 472.006610 468.525435 482.350290 498.474215 514.816714 532.619925 548.992678 567.528097 583.394570 600.283155 620.588156 633.000188 645.445489 661.521777 676.071460 694.358364 716.736526 731.154313 749.757884 772.668871 792.986245 812.582168 832.893810 852.886583 881.756858 917.545942 951.803774 977.296427 1007.543116 1033.278339 1034.996127 1039.500892 1045.651206 1073.134306 1104.756205 1137.811825 1165.913084 1195.121162 1225.652748 1244.417719 1256.270192 1270.306742 1287.104958 1306.666539
-9999.0 -9999.0 -9999.0 -9999.0 -9999.0 -9999.0 438.353923 462.718031 477.887123 470.272877 461.103431 457.853101 454.294054 476.996075 499.164112 516.720988 534.023912 552.074266 569.123881 583.207214 618.006948 636.274298 651.718666 671.194882 686.692946 702.256378 720.858512 745.572632 769.177688 801.224654 829.867562 856.531278 884.981401 906.932978 927.943656 948.819675 982.764778 1022.792698 1062.066654 1093.811546 1123.808592 1156.777144 1166.787094 1174.432657 1183.245214 1204.859874 1237.333489 1269.087965 1304.232030 1337.157282 1364.042061 1376.447857 1387.540104 1399.780257 1414.174279 1427.357950
-9999.0 -9999.0 -9999.0 -9999.0 404.633842 425.699673 446.110192 477.108084 500.007636 495.301714 502.572186 503.297788 502.122861 506.146375 513.395620 532.012927 550.994436 570.272080 589.099186 625.621997 670.129163 687.184510 713.494521 746.964774 762.247862 778.937791 796.544826 821.275452 850.585839 886.638539 933.493027 973.899861 1002.637497 1028.326895 1051.962675 1076.676394 1112.905897 1153.100278 1192.268497 1228.595433 1260.542970 1287.984555 1302.719715 1312.003288 1324.720093 1341.494171 1363.184288 1390.951575 1422.270839 1454.328697 1479.467995 1493.583090 1501.994044 1513.134986 1524.295595 1536.829444
-9999.0 -9999.0 -9999.0 355.771770 394.536405 432.316728 459.792180 491.122683 523.585511 529.279872 538.728036 544.791287 550.871612 560.319345 570.070955 587.752069 604.181279 620.127465 642.922189 680.853491 717.638367 750.256646 784.356394 814.137611 837.493148 855.344290 875.389975 901.477805 943.516595 984.136624 1037.159808 1093.009316 1132.811460 1159.978391 1183.939596 1212.644760 1239.116568 1276.494745 1312.675319 1346.790412 1379.417296 1405.269248 1425.302565 1433.926719 1443.865415 1453.091620 1469.965310 1491.708820 1513.624033 1542.054804 1569.988054 1593.934997 1607.819732 1617.911946 1633.921850 1649.764256
-9999.0 -9999.0 308.677466 346.372778 381.021460 431.971805 485.234144 519.929407 561.475092 586.517689 594.405161 613.000887 630.462752 639.204666 656.267963 674.578676 692.152438 699.174177 716.266933 749.680443 802.388960 851.175434 877.845069 932.785304 968.703980 997.516075 1016.337101 1044.548443 1081.462704 1126.006082 1176.726609 1228.038498 1268.404280 1301.243157 1318.975414 1339.137561 1362.685146 1386.936649 1420.819009 1450.250046 1481.628060 1508.109430 1530.508852 1538.462035 1544.011510 1559.818933 1583.659487 1608.840066 1632.652073 1655.416589 1661.349151 1671.734294 1676.980686 1680.413335 1684.979448 1688.226178
-9999.0 -9999.0 282.431088 327.245115 368.549771 436.479617 515.654271 553.763246 597.750922 644.453532 664.770446 690.734051 706.372506 719.990601 745.169003 769.508645 781.320012 788.626013 790.037668 847.244208 908.149246 964.711811 1020.013625 1088.426490 1135.469529 1153.183987 1166.579380 1188.257797 1214.452070 1258.987306 1307.902637 1360.454086 1404.419313 1435.789231 1452.619796 1471.014265 1491.478073 1509.490831 1528.413004 1566.515912 1592.882164 1618.223583 1644.680796 1664.979702 1673.571583 1677.191164 1669.002035 1677.825697 1684.079720 1687.278414 1688.805629 1686.200156 1686.160591 1687.380273 1688.801245 1684.155856
-9999.0 194.039081 246.266193 300.025684 369.837150 438.345909 523.243988 604.575246 661.143479 708.987477 740.331915 757.260556 800.946781 847.522908 876.034548 905.535661 909.402430 914.768231 907.521914 956.744837 1010.389370 1090.533243 1202.898239 1261.279649 1305.474071 1310.355874 1307.812369 1321.969479 1346.978470 1389.916625 1454.714901 1500.243136 1550.981569 1589.532916 1604.525606 1611.622473 1629.147191 1648.789717 1641.376836 1661.367399 1671.119758 1679.534294 1682.187209 1684.766229 1686.685889 1687.791227 1685.522149 1680.037493 1673.003807 1668.010453 1664.426648 1660.256410 1662.892759 1666.254000 1667.125705 1660.269463
-9999.0 158.954645 218.837945 290.996228 362.893658 434.291849 541.434440 681.988124 735.881405 775.345304 803.624780 836.088844 919.590338 988.944978 1026.925396 1073.189650 1071.145736 1062.865147 1054.482654 1089.854245 1142.123574 1217.264081 1355.102986 1439.212995 1465.642693 1478.921631 1488.140838 1514.835962 1550.326250 1584.667910 1615.560165 1619.642200 1643.069623 1655.437071 1660.237855 1663.177452 1667.733473 1669.338713 1668.555618 1666.294338 1663.073335 1664.633909 1669.826298 1670.787253 1669.031437 1666.817177 1661.919091 1654.779759 1649.368566 1644.706957 1641.863823 1638.768388 1637.084401 1636.983364 1632.516695 1626.577781
-9999.0 130.823210 201.647035 266.243116 334.514749 453.082664 579.321318 714.783749 809.323430 851.212195 885.864718 964.487394 1068.281309 1164.931444 1218.674458 1247.202914 1254.159850 1239.296345 1247.412715 1292.787033 1356.726158 1443.497373 1527.689575 1600.873837 1615.570670 1621.393300 1606.638300 1619.765305 1631.872780 1635.713572 1638.760253 1643.175467 1650.100519 1654.636997 1655.343316 1654.440733 1651.620259 1645.373897 1641.713022 1639.508720 1637.037762 1637.580390 1641.096771 1642.904991 1640.944761 1637.482501 1633.130794 1627.366850 1620.942917 1613.943751 1609.634813 1605.312473 1602.801175 1597.668787 1592.827616 1586.298287
-9999.0 34.866967 122.128690 179.692449 301.145742 473.810426 601.200022 754.529731 900.790753 947.855029 1033.011038 1154.125966 1260.072757 1334.787275 1379.173134 1424.345413 1456.208071 1482.351068 1517.496918 1487.489422 1539.810917 1590.525448 1613.183351 1625.659468 1628.731253 1632.519037 1627.237330 1610.456250 1602.155643 1597.358362 1600.720309 1609.423033 1616.329460 1623.137536 1622.442858 1624.180357 1625.254248 1622.780548 1619.932196 1612.551731 1605.705176 1600.776687 1599.766729 1605.471982 1600.874512 1597.738317 1591.762770 1583.607590 1574.610452 1566.460223 1558.346027 1551.202585 1547.916392 1541.855869 1539.691656 1530.849920
-9999.0 -46.150431 31.607984 126.008975 269.116001 434.345014 570.835884 741.910415 948.838192 1067.957941 1191.777464 1265.441406 1341.569188 1406.924629 1472.598914 1520.309833 1547.193760 1559.133105 1553.217354 1563.108794 1534.060391 1529.164299 1547.829662 1575.246691 1589.889300 1595.878522 1589.379394 1580.308727 1574.582498 1574.679410 1574.450942 1574.027279 1573.329311 1572.093381 1569.814798 1572.412062 1577.575511 1572.375643 1564.761315 1557.402860 1550.760963 1543.203372 1538.303287 1535.370304 1534.219386 1533.839563 1526.204119 1515.525658 1504.477479 1495.666529 1487.324983 1481.027505 1477.869475 1472.313773 1463.926102 1451.049451
-9999.0 -141.379713 -21.655066 75.724109 202.728973 342.038283 473.735209 642.060748 798.037391 1019.538678 1185.014361 1283.580926 1327.074776 1386.303684 1449.227169 1516.892991 1525.411809 1499.837700 1471.141039 1458.046479 1463.748955 1474.379829 1489.013997 1510.030333 1528.582590 1539.342084 1542.268481 1535.617149 1522.877608 1514.282540 1508.180332 1498.916279 1492.271048 1491.458418 1492.238983 1499.420785 1502.191316 1493.766928 1481.689583 1466.636584 1453.515603 1443.704934 1441.184935 1442.606354 1442.513827 1438.801102 1431.566074 1420.570257 1407.376442 1394.912924 1386.543552 1380.242734 1372.711358 1362.263205 1350.631855 1337.361227
-9999.0 -9999.0 -95.316629 16.713830 128.214438 254.229161 375.518375 525.417915 680.957694 868.614144 991.511233 1118.692151 1191.114444 1239.978520 1294.006894 1350.271545 1370.434820 1389.920980 1374.033647 1378.674114 1385.848284 1393.013461 1404.234087 1417.379547 1431.760450 1442.524440 1450.597035 1449.092468 1440.363462 1423.671280 1403.731943 1388.283392 1379.283205 1372.390669 1381.213351 1392.331993 1389.830444 1383.639105 1372.409596 1357.539659 1345.230476 1332.227080 1328.784458 1329.195187 1329.066379 1325.755002 1320.507670 1306.892623 1292.909847 1279.720748 1272.875279 1265.618293 1259.093480 1247.374766 1234.886010 1220.967296
-9999.0 -9999.0 -179.166630 -68.993573 48.473967 174.005096 278.436191 365.146083 522.532329 643.945128 751.264500 850.879680 933.986284 999.201472 1046.729352 1108.901164 1149.209062 1165.942749 1184.483731 1212.295267 1238.186965 1266.000393 1285.305238 1299.581682 1314.524843 1328.250678 1337.432134 1326.572986 1315.891073 1299.231756 1277.683712 1254.148479 1241.514223 1237.060865 1239.183100 1244.368182 1238.917333 1229.620582 1215.804034 1200.600074 1188.050493 1176.927474 1172.960267 1169.726228 1168.196661 1164.813371 1160.775756 1151.015022 1138.294278 1128.987394 1119.349270 1112.003776 1107.696351 1099.778255 1089.450004 1081.861904
