tests/Borden05m/sims/sim_1/output-maps/psiliqL0015N0013.asc
ncols         160
nrows         34
xllcorner     620200.000000
yllcorner     5168000.000000
cellsize      0.500000
NODATA_value  -9999.0
[rows 0 to 24 of 34, columns 0 to 55 of 160]
-9999.0 -9999.0 -9999.0 -9999.0 -9999.0 -9999.0 -9999.0 -9999.0 -9999.0 -9999.0 -9999.0 -9999.0 -9999.0 -9999.0 -9999.0 -9999.0 -9999.0 -9999.0 -9999.0 -9999.0 -9999.0 -9999.0 -9999.0 -9999.0 -9999.0 -9999.0 -9999.0 -9999.0 -9999.0 -9999.0 -9999.0 -9999.0 -9999.0 -9999.0 -9999.0 -9999.0 -9999.0 -9999.0 -9999.0 -9999.0 -9999.0 -9999.0 -9999.0 -9999.0 -9999.0 -9999.0 -9999.0 -9999.0 -9999.0 -9999.0 -9999.0 -9999.0 -9999.0 -9999.0 -9999.0 -9999.0
-9999.0 -9999.0 -9999.0 -9999.0 -9999.0 -9999.0 -9999.0 -9999.0 -9999.0 -9999.0 -9999.0 -9999.0 -9999.0 -9999.0 -9999.0 -9999.0 -9999.0 -9999.0 -9999.0 -9999.0 -9999.0 -9999.0 -9999.0 -9999.0 -9999.0 -9999.0 -9999.0 -9999.0 -9999.0 -9999.0 -9999.0 -9999.0 -9999.0 -9999.0 -9999.0 -9999.0 -9999.0 -9999.0 -9999.0 -9999.0 -9999.0 -9999.0 -9999.0 -9999.0 -9999.0 -9999.0 -9999.0 -9999.0 -9999.0 -9999.0 -9999.0 -9999.0 -9999.0 -9999.0 -9999.0 -9999.0
-9999.0 -9999.0 -9999.0 -9999.0 -9999.0 -9999.0 -9999.0 -9999.0 -9999.0 -9999.0 -9999.0 -9999.0 -9999.0 -9999.0 -9999.0 -9999.0 -9999.0 -9999.0 -9999.0 -9999.0 -9999.0 -9999.0 -9999.0 -9999.0 -9999.0 -9999.0 -9999.0 -9999.0 -9999.0 -9999.0 -9999.0 -9999.0 -9999.0 -9999.0 -9999.0 -9999.0 -9999.0 -9999.0 -9999.0 -9999.0 -9999.0 -9999.0 -9999.0 -9999.0 -9999.0 -9999.0 -9999.0 1097.974940 1080.814259 1065.673454 1063.218372 1085.726007 1109.301670 1133.343835 1154.164097 1172.958404
-9999.0 -9999.0 -9999.0 -9999.0 -9999.0 -9999.0 -9999.0 -9999.0 -9999.0 -9999.0 -9999.0 -9999.0 -9999.0 -9999.0 -9999.0 -9999.0 -9999.0 -9999.0 -9999.0 -9999.0 -9999.0 -9999.0 -9999.0 -9999.0 -9999.0 -9999.0 -9999.0 -9999.0 -9999.0 -9999.0 -9999.0 -9999.0 -9999.0 -9999.0 -9999.0 -9999.0 -9999.0 -9999.0 -9999.0 -9999.0 1145.400207 1151.413284 1152.560387 1142.387302 1131.388709 1119.170565 1099.261471 1081.690734 1067.296105 1065.108643 1068.008462 1072.984244 1095.523428 1120.574805 1140.567196 1157.680135
-9999.0 -9999.0 -9999.0 -9999.0 -9999.0 -9999.0 -9999.0 -9999.0 -9999.0 -9999.0 -9999.0 -9999.0 -9999.0 -9999.0 -9999.0 -9999.0 -9999.0 -9999.0 -9999.0 -9999.0 -9999.0 -9999.0 -9999.0 -9999.0 -9999.0 -9999.0 -9999.0 -9999.0 -9999.0 -9999.0 -9999.0 -9999.0 -9999.0 -9999.0 1052.422305 1069.913377 1088.172985 1106.824082 1123.807422 1130.798400 1136.711529 1142.544986 1138.569479 1134.210492 1123.086258 1103.947319 1084.731826 1071.318224 1069.643225 1067.493497 1071.997620 1084.972759 1102.054953 1118.391938 1139.596181 1163.597693
-9999.0 -9999.0 -9999.0 -9999.0 -9999.0 -9999.0 -9999.0 -9999.0 -9999.0 -9999.0 -9999.0 -9999.0 -9999.0 -9999.0 -9999.0 -9999.0 -9999.0 -9999.0 -9999.0 -9999.0 -9999.0 -9999.0 -9999.0 -9999.0 -9999.0 -9999.0 -9999.0 -9999.0 1055.838657 1050.103938 1045.357326 1044.158166 1043.143615 1042.334411 1049.338873 1061.479337 1079.614593 1101.624646 1114.911129 1122.402001 1129.322023 1130.264707 1125.398142 1123.751480 1124.426186 1112.804539 1101.369678 1090.693320 1080.399243 1078.977071 1088.802878 1103.308808 1119.904625 1135.117162 1150.921478 1161.227615
-9999.0 -9999.0 -9999.0 -9999.0 -9999.0 -9999.0 -9999.0 -9999.0 -9999.0 -9999.0 -9999.0 -9999.0 -9999.0 -9999.0 -9999.0 -9999.0 -9999.0 -9999.0 -9999.0 -9999.0 -9999.0 -9999.0 -9999.0 1025.189080 1031.013085 1037.776695 1045.538691 1046.736967 1043.004098 1037.707960 1035.045037 1033.903554 1032.464909 1037.285127 1045.517864 1059.311340 1075.373487 1097.627953 1106.509411 1112.682370 1125.114277 1128.313111 1134.649734 1139.046694 1137.664079 1134.987458 1122.509770 1113.263249 1118.269297 1124.247848 1131.427210 1139.850332 1153.672274 1169.249460 1186.753660 1207.093885
-9999.0 -9999.0 -9999.0 -9999.0 -9999.0 -9999.0 -9999.0 -9999.0 -9999.0 -9999.0 -9999.0 -9999.0 -9999.0 -9999.0 -9999.0 -9999.0 -9999.0 -9999.0 -9999.0 999.640734 1000.726330 1002.172256 1007.124994 1008.103882 1010.449321 1017.695846 1026.140687 1028.891566 1027.439724 1026.420852 1028.304584 1031.394528 1036.174833 1047.761294 1061.908322 1076.448732 1090.587460 1111.847463 1126.964037 1140.796214 1157.094429 1156.940956 1153.362568 1151.943390 1152.765351 1153.170114 1157.032184 1159.730977 1166.360508 1171.027242 1177.487506 1187.250379 1199.273457 1217.799117 1237.855754 1257.812409
-9999.0 -9999.0 -9999.0 -9999.0 -9999.0 -9999.0 -9999.0 -9999.0 -9999.0 -9999.0 -9999.0 -9999.0 -9999.0 -9999.0 -9999.0 -9999.0 970.527048 972.517967 974.952768 980.566706 983.770053 988.034739 995.276949 996.852263 1000.916313 1008.398360 1013.612759 1022.847543 1031.324513 1039.031023 1045.419843 1048.525793 1056.336212 1066.378428 1078.662623 1094.235966 1116.041318 1139.638733 1156.319251 1173.610494 1191.178268 1192.259053 1191.574551 1193.069485 1193.799590 1200.105968 1217.696129 1223.672921 1224.746906 1241.018066 1255.284199 1260.698248 1268.847673 1288.488187 1312.514032 1335.534150
-9999.0 -9999.0 -9999.0 -9999.0 -9999.0 -9999.0 -9999.0 -9999.0 -9999.0 -9999.0 -9999.0 -9999.0 -9999.0 923.587495 927.868176 937.687814 947.330136 950.136978 954.748104 961.148410 973.660099 977.634732 984.209424 992.133086 1004.466767 1013.504526 1023.076385 1035.354288 1044.200411 1051.894375 1059.373045 1065.291932 1078.910065 1094.556534 1110.715245 1131.373431 1153.906390 1174.837736 1195.702047 1212.147779 1226.274652 1228.435863 1227.976525 1230.799503 1238.701254 1255.993944 1275.144599 1284.094629 1302.196514 1325.595234 1339.400122 1351.342960 1360.409485 1374.395098 1396.092347 1430.412964
-9999.0 -9999.0 -9999.0 -9999.0 -9999.0 -9999.0 -9999.0 -9999.0 -9999.0 -9999.0 890.565584 892.973664 889.746973 889.563456 894.935000 907.309724 921.345602 928.149711 940.082738 961.380424 979.597289 983.503359 998.403020 1009.076694 1016.325152 1027.311082 1040.963276 1054.274046 1071.570704 1084.621731 1096.675257 1116.635168 1133.731890 1150.938058 1169.375627 1190.354764 1210.635978 1239.494295 1267.097303 1280.440760 1303.059873 1314.176395 1311.919204 1312.505265 1322.041134 1338.358659 1359.858456 1383.475775 1405.709826 1431.521770 1449.164598 1464.126342 1475.426332 1488.278111 1504.572739 1540.606541
-9999.0 -9999.0 -9999.0 -9999.0 -9999.0 -9999.0 -9999.0 -9999.0 865.753530 873.264064 879.540260 876.756224 872.512739 868.749663 882.795961 898.904873 915.271720 933.277947 949.655365 968.286806 983.983708 1000.664913 1021.055517 1033.299513 1045.522806 1061.471770 1075.789888 1093.507525 1115.499122 1128.782951 1146.051067 1168.167473 1187.470660 1206.301529 1225.898341 1244.889667 1271.851929 1306.014718 1338.595803 1361.741259 1390.262389 1413.596457 1413.297485 1416.166754 1420.983665 1447.028885 1476.742914 1507.813464 1533.306482 1560.927188 1590.776657 1609.359916 1620.504620 1633.528838 1649.109035 1668.545149
-9999.0 -9999.0 -9999.0 -9999.0 -9999.0 -9999.0 838.354124 862.736263 877.951951 870.227788 860.349059 856.875322 852.995547 877.033290 899.321894 916.941223 934.261590 952.360337 969.423423 982.786602 1016.926513 1035.475162 1050.451289 1069.035643 1084.403777 1099.807674 1118.028747 1142.141184 1164.647705 1194.873423 1221.212641 1245.800131 1272.878608 1293.452442 1313.146541 1332.122841 1364.034402 1401.939114 1439.159632 1468.463879 1496.168844 1527.420323 1534.719852 1540.680855 1547.875385 1569.278589 1601.254765 1631.859082 1665.794275 1698.073105 1725.190162 1737.440585 1748.194951 1759.851400 1773.607236 1786.060078
-9999.0 -9999.0 -9999.0 -9999.0 804.776331 825.802700 845.948973 876.799425 899.565987 894.844856 901.710601 902.070605 900.462041 904.708765 912.177934 930.678944 949.805133 969.271127 987.577157 1022.830438 1067.779093 1083.978275 1108.885944 1141.667038 1156.224916 1172.437439 1189.638421 1213.526900 1240.827078 1274.910040 1319.003523 1356.652821 1383.076391 1406.621016 1428.499192 1450.920188 1485.534582 1523.611501 1560.850852 1595.334083 1625.476286 1651.645648 1664.319384 1672.352017 1684.294288 1700.845062 1722.400083 1749.828244 1781.263350 1813.378194 1838.472894 1852.111528 1860.169342 1871.025608 1881.539056 1893.571596
-9999.0 -9999.0 -9999.0 755.107420 793.911033 831.960236 859.135311 890.270378 922.690545 927.497334 936.817603 941.937704 946.947420 955.801828 964.609587 982.180907 998.987604 1015.683560 1038.444750 1075.832054 1111.485307 1141.764083 1174.634029 1201.998816 1223.452584 1240.282580 1259.827034 1284.590838 1324.992884 1362.831925 1413.390648 1466.862902 1503.842878 1528.390831 1550.977435 1578.530202 1603.788574 1640.306376 1675.349718 1708.608130 1740.436011 1765.268649 1784.004358 1791.706273 1801.375330 1809.966494 1826.103247 1847.624976 1869.580006 1898.502959 1926.899089 1951.865160 1966.111086 1976.383576 1992.541667 2008.712726
-9999.0 -9999.0 707.831498 745.786710 779.913255 830.191797 883.378038 918.084924 959.240944 983.276718 990.351762 1007.608285 1023.882810 1031.340517 1047.080622 1064.545116 1082.896977 1090.413569 1108.171643 1138.993278 1189.178005 1235.223753 1256.570316 1308.024368 1342.172089 1370.922513 1389.680719 1417.100298 1453.139344 1494.671074 1543.029024 1592.871099 1631.161134 1662.224469 1678.881575 1698.412983 1720.942131 1745.067696 1779.075371 1807.828228 1839.426788 1865.589519 1887.364503 1894.095776 1899.090342 1914.816501 1939.197069 1965.152661 1989.707127 2013.480050 2016.522653 2028.979544 2035.104148 2038.947107 2044.192230 2047.878502
-9999.0 -9999.0 680.989407 726.046415 766.294127 832.670123 912.882828 950.310618 993.549326 1039.841783 1058.847039 1083.683434 1095.571498 1105.032961 1128.685999 1151.287990 1164.408920 1171.961541 1172.462148 1228.750913 1287.802276 1338.490190 1385.157427 1453.143415 1499.611745 1517.549376 1531.098184 1552.291874 1577.028960 1619.842819 1666.579295 1718.849247 1761.961587 1792.636510 1808.685509 1826.897290 1846.884488 1864.316936 1883.303787 1922.698690 1950.488420 1976.599263 2003.717928 2024.012892 2032.379751 2036.027902 2025.160637 2035.402679 2042.589613 2046.131606 2047.772051 2045.021122 2044.948037 2046.138880 2047.465156 2042.627546
-9999.0 591.891127 644.128526 697.352141 766.288782 833.636161 916.888478 997.058813 1054.761380 1102.722891 1132.369830 1144.693250 1180.617928 1222.803418 1248.899593 1275.695402 1279.592840 1285.859245 1277.063561 1326.608452 1376.975536 1451.227624 1560.357443 1617.567647 1663.687542 1666.871727 1662.922824 1675.754495 1699.374271 1742.619640 1809.315454 1856.385385 1909.313314 1949.329244 1964.439501 1971.319292 1988.747329 2008.413456 1994.527468 2017.959346 2029.270804 2038.863480 2042.376543 2044.733197 2046.337707 2046.979431 2044.209567 2038.239751 2030.835003 2025.551142 2021.701804 2017.348473 2019.902442 2023.239657 2023.920180 2016.912815
-9999.0 556.324420 615.794204 687.330827 758.484014 826.065365 929.267748 1073.335654 1127.891129 1166.043234 1189.276946 1211.086289 1288.265687 1353.981985 1388.031257 1432.637540 1428.038828 1418.973848 1406.691739 1440.632185 1490.827885 1565.106650 1707.535760 1792.048042 1822.134675 1834.676482 1842.827106 1869.981562 1906.968630 1943.473721 1976.778263 1975.894438 2003.341813 2017.544052 2022.276464 2024.640295 2029.030589 2029.950152 2028.951023 2026.340891 2022.815234 2024.070546 2028.979369 2029.511889 2027.278588 2024.528342 2019.099266 2011.543204 2005.877048 2000.975714 1997.893114 1994.595420 1992.739138 1992.465861 1987.783813 1981.703329
-9999.0 526.340430 597.746693 661.314759 726.079119 840.264677 966.796499 1102.965023 1196.614389 1235.299969 1258.411891 1326.940575 1426.946529 1522.122639 1573.313860 1598.911987 1601.043914 1581.354737 1586.111637 1632.301057 1698.387326 1791.163548 1884.343652 1962.048204 1977.273553 1983.080782 1963.744135 1979.101456 1993.312347 1997.371959 2000.479474 2005.737846 2012.591045 2016.946008 2017.169961 2015.662474 2012.124985 2005.189670 2001.089364 1998.533570 1995.751634 1995.834583 1998.820063 2000.282930 1997.845745 1993.914783 1989.081487 1982.922694 1976.201834 1968.992146 1964.417995 1959.856164 1957.222883 1951.882011 1947.025610 1940.311339
-9999.0 426.194158 514.827912 569.661107 683.637882 858.569030 985.839581 1136.239635 1283.470273 1323.274617 1398.189829 1517.828632 1622.061583 1694.644628 1734.073431 1775.221659 1804.685599 1829.421367 1866.205183 1824.958121 1883.841371 1943.667806 1971.187544 1985.756457 1990.520601 1994.243119 1988.651100 1971.673894 1963.415168 1958.728996 1962.218358 1971.042003 1977.802180 1984.333470 1983.208555 1984.467056 1985.000103 1981.845318 1978.364744 1970.493552 1963.239316 1957.725205 1955.990330 1961.149870 1956.187465 1952.798812 1946.399409 1937.854789 1928.602724 1920.395970 1912.127245 1904.881425 1901.577058 1895.487486 1893.236235 1884.046331
-9999.0 345.331639 422.187259 511.016821 648.867396 813.608975 943.206130 1111.054246 1320.661084 1438.199292 1563.421520 1635.579510 1707.420031 1766.283476 1826.803919 1872.682054 1898.124155 1910.177445 1902.166371 1916.567177 1888.270701 1884.840879 1905.096540 1933.916170 1949.613799 1955.737875 1949.394095 1940.736932 1935.219782 1935.575121 1935.482876 1934.871393 1933.868451 1932.311904 1929.721674 1931.985560 1936.588164 1930.426980 1921.765776 1913.584053 1906.210295 1897.952120 1892.449792 1888.856444 1887.617359 1887.068044 1879.220275 1868.459919 1857.443758 1848.753591 1840.590812 1834.513677 1831.318323 1825.683190 1816.887500 1803.723992
-9999.0 246.336949 367.986779 461.899384 583.562585 720.925628 847.739613 1012.267886 1161.700989 1382.471833 1539.510620 1648.417726 1689.627976 1747.514148 1805.236048 1871.332373 1876.458814 1850.121105 1820.789260 1809.747167 1818.895281 1831.388481 1846.513347 1867.459351 1886.423326 1897.433163 1900.977228 1894.790208 1882.256713 1873.562833 1867.229352 1857.778196 1851.042084 1850.094768 1851.264777 1858.549911 1860.452943 1851.252483 1838.198040 1822.015632 1807.916583 1797.254720 1794.342460 1795.603197 1795.445917 1791.552652 1784.547489 1773.763088 1760.978107 1748.870201 1741.194145 1735.363579 1727.904649 1717.291191 1705.521100 1692.279123
-9999.0 -9999.0 292.524880 403.816959 512.216574 635.535366 751.262311 895.156207 1046.350147 1228.095782 1345.905713 1477.463269 1550.188675 1595.306224 1643.462265 1697.499559 1717.289015 1738.655830 1725.540998 1733.116685 1742.516323 1750.719165 1761.839090 1774.354673 1788.477961 1799.355096 1808.007106 1806.626300 1798.321836 1781.652354 1761.593634 1746.213488 1737.550352 1730.587276 1739.934224 1751.061014 1747.691185 1740.833483 1728.747620 1712.988642 1699.998259 1686.243587 1682.352185 1682.380997 1682.212479 1679.080475 1674.490791 1661.542716 1648.510849 1636.562075 1630.785081 1624.251589 1618.489919 1607.274363 1595.251590 1582.153830
-9999.0 -9999.0 208.135606 317.114266 431.905169 555.847283 656.650741 731.303991 884.113057 1000.712179 1105.435516 1204.009525 1286.344832 1349.066002 1391.612231 1451.870991 1493.641810 1510.610190 1533.142720 1565.921568 1593.830065 1623.650049 1643.459082 1656.958551 1671.602016 1685.592587 1694.723497 1683.507420 1673.234568 1657.312060 1636.594484 1613.772242 1601.915374 1598.574753 1600.393037 1604.941411 1598.911049 1589.296573 1574.935861 1559.440285 1546.461333 1535.241927 1530.994638 1527.192342 1525.488228 1522.341943 1519.050952 1510.665494 1499.562079 1491.966032 1483.422842 1477.310144 1474.039903 1467.272696 1458.028838 1451.716441
