tests/Borden05m/sims/sim_1/output-maps/psiliqL0001N0016.asc
ncols         160
nrows         34
xllcorner     620200.000000
yllcorner     5168000.000000
cellsize      0.500000
NODATA_value  -9999.0
[rows 0 to 24 of 34, columns 56 to 111 of 160]
-9999.0 -9999.0 -9999.0 -9999.0 -9999.0 -9999.0 -9999.0 -9999.0 -9999.0 -9999.0 -9999.0 -9999.0 -9999.0 -9999.0 -9999.0 -9999.0 -9999.0 -9999.0 -9999.0 -9999.0 -9999.0 -9999.0 -9999.0 -9999.0 -9999.0 -9999.0 -9999.0 -9999.0 -9999.0 -9999.0 -9999.0 -9999.0 -9999.0 -9999.0 -9999.0 -9999.0 -9999.0 -9999.0 -9999.0 -9999.0 -9999.0 -9999.0 -9999.0 -9999.0 -9999.0 -9999.0 -9999.0 -9999.0 -9999.0 -9999.0 -9999.0 -9999.0 -9999.0 -9999.0 -9999.0 -9999.0
-9999.0 -9999.0 -9999.0 -593.900643 -594.977061 -595.722979 -596.140377 -597.642708 -598.797120 -600.163483 -600.371980 -600.211793 -600.457683 -601.002688 -600.278498 -599.343543 -598.542572 -597.414997 -597.634230 -597.499070 -597.063788 -596.945511 -597.143330 -597.663283 -597.999233 -598.397002 -597.848230 -599.414658 -601.443530 -602.994713 -603.306917 -601.978243 -601.191148 -601.339564 -600.596732 -598.983702 -597.600718 -597.133215 -595.465799 -595.717280 -595.047044 -593.950876 -594.827419 -595.039458 -594.915382 -594.595787 -596.921495 -9999.0 -9999.0 -9999.0 -9999.0 -9999.0 -9999.0 -9999.0 -9999.0 -9999.0
-598.417541 -595.381276 -595.576700 -599.959557 -600.376766 -600.468113 -600.268024 -600.891951 -602.504758 -602.902418 -604.091986 -604.597702 -604.732622 -605.206997 -604.831081 -602.867033 -601.467040 -601.066264 -601.362731 -601.511976 -601.930585 -602.233096 -602.136965 -602.626671 -603.076946 -603.556984 -603.420499 -602.193944 -603.673609 -604.408313 -605.127410 -605.888279 -605.598858 -605.360587 -605.270826 -603.412616 -602.688054 -602.177146 -599.658965 -597.304259 -596.683382 -597.636552 -598.681313 -598.422107 -598.514663 -599.483948 -600.424898 -600.458755 -600.916058 -601.107433 -601.980010 -600.631300 -600.642925 -599.111244 -597.816976 -596.304293
-602.413167 -598.946941 -599.173568 -602.475106 -604.454701 -605.041778 -604.616657 -603.237246 -603.784252 -604.939459 -606.670561 -604.719495 -604.988123 -605.167827 -604.816635 -604.162094 -603.925359 -603.616624 -603.154965 -601.382056 -601.516521 -601.670016 -601.578981 -601.885789 -602.454814 -602.406538 -602.715826 -604.195438 -603.955418 -603.589276 -603.902388 -602.438683 -602.359564 -601.538339 -604.115451 -603.700241 -603.079473 -602.633262 -602.300729 -601.903522 -601.349161 -602.471573 -601.686867 -602.592390 -604.594469 -605.095474 -604.939640 -603.344206 -602.527212 -603.518121 -607.017486 -605.168254 -601.256069 -601.549412 -602.157742 -600.231152
-604.657999 -603.936425 -604.379999 -605.749757 -604.430564 -603.361343 -602.677492 -603.299584 -604.553984 -606.050601 -602.879753 -601.574391 -602.273116 -601.910466 -601.003137 -600.988996 -604.929491 -605.952978 -604.426642 -602.815805 -602.129340 -602.840180 -603.181484 -603.838180 -603.830252 -603.419590 -603.843050 -603.226951 -602.693437 -603.341018 -602.323148 -601.176200 -600.085021 -602.580331 -604.822407 -604.700172 -602.855719 -601.508575 -600.810348 -598.851785 -595.789968 -596.307661 -597.020792 -597.387662 -597.795706 -601.383204 -604.620875 -605.893247 -606.441579 -607.376869 -606.646225 -607.308662 -604.217165 -604.458319 -604.953768 -603.444819
-607.368450 -603.509011 -602.546029 -604.681370 -605.845415 -606.370318 -606.037179 -606.449218 -606.369511 -603.551174 -601.997583 -599.340994 -600.293783 -600.208125 -600.310487 -603.005406 -605.038344 -606.417014 -602.357034 -599.093066 -598.012125 -598.873296 -599.582061 -596.634498 -597.516528 -597.922384 -599.683577 -599.049806 -599.266788 -596.125155 -594.910791 -593.264758 -593.909714 -597.003049 -599.591496 -599.750940 -599.498023 -599.827501 -599.093045 -597.114681 -594.608941 -596.419868 -597.261106 -597.185864 -602.643749 -606.861087 -608.304442 -605.432215 -603.781481 -604.085230 -603.819204 -603.695545 -605.800670 -605.306803 -605.078422 -606.057939
-599.624644 -597.391713 -593.680434 -596.196298 -597.984391 -601.128087 -600.790711 -600.401697 -599.315937 -597.771304 -594.842274 -589.223148 -590.287271 -589.900867 -588.029022 -591.102899 -593.972852 -598.236040 -593.526313 -592.390596 -590.767900 -590.932392 -587.184819 -583.823295 -585.897816 -588.744021 -592.063725 -590.043522 -585.559274 -581.305063 -580.260013 -579.742233 -578.948960 -581.983663 -582.840847 -583.542841 -583.307894 -585.317652 -585.233366 -582.016251 -576.497006 -575.886223 -578.704680 -584.036642 -591.878111 -598.836676 -602.560397 -598.469674 -599.711486 -600.289541 -599.645313 -602.278530 -603.815888 -601.649171 -603.627686 -605.143660
-597.244117 -594.971362 -590.667636 -592.466337 -595.833220 -599.361208 -599.292335 -597.161672 -596.088404 -591.927239 -585.856208 -578.507668 -574.017081 -569.999184 -565.615009 -568.974301 -572.680823 -576.849825 -576.158957 -571.209573 -566.050282 -559.788299 -552.499878 -544.278241 -546.483530 -550.784403 -551.190895 -549.316074 -540.186728 -530.908762 -526.746415 -523.956046 -518.773838 -522.348475 -528.845732 -535.972726 -542.664319 -548.215589 -552.345172 -544.790215 -536.125164 -537.821729 -553.272267 -565.156347 -576.830627 -586.816923 -596.531877 -596.537184 -594.921207 -593.482654 -596.926743 -598.625258 -601.748285 -602.459760 -602.213844 -605.509907
-576.846215 -570.810154 -563.620117 -560.258369 -566.753133 -567.689891 -565.326722 -560.272668 -558.228887 -551.851778 -531.896728 -496.629058 -465.526881 -444.238820 -440.533751 -447.313716 -456.000948 -470.720102 -479.132373 -466.513782 -453.770701 -443.394735 -435.485887 -428.223520 -422.933333 -423.306782 -423.231969 -421.668725 -419.736006 -416.001724 -411.359941 -406.520664 -400.999583 -398.998334 -405.586781 -412.363745 -419.623708 -426.181396 -428.022240 -429.980181 -426.467969 -426.944776 -439.317458 -459.439726 -490.897077 -526.666855 -549.249343 -563.045622 -563.441827 -569.594619 -574.530330 -579.922109 -590.394086 -593.350109 -595.029090 -602.997662
-526.523452 -497.144864 -476.898034 -459.579512 -456.985676 -453.428859 -450.352336 -445.569996 -441.492964 -437.047859 -415.941319 -388.246917 -360.137584 -336.743500 -327.600020 -335.574532 -344.575528 -354.708489 -363.685601 -363.865497 -352.696149 -338.784578 -325.096493 -316.170574 -312.931607 -314.438999 -314.324053 -313.418088 -310.710254 -308.867322 -305.161184 -299.191651 -289.337960 -277.163825 -279.644981 -295.013896 -307.808388 -323.032620 -330.692999 -334.267299 -339.693191 -340.419274 -340.739650 -361.132366 -383.370257 -408.539240 -432.011430 -447.834812 -468.190569 -491.320158 -512.918671 -544.166102 -565.136457 -579.190216 -588.625560 -597.100664
-418.740418 -395.942979 -373.277680 -359.331276 -353.355062 -350.332696 -345.939783 -339.076070 -333.259865 -325.370320 -309.015589 -277.303107 -241.667201 -208.554872 -200.393568 -207.406907 -215.829293 -227.695918 -235.266022 -237.081120 -232.954927 -225.428917 -213.412370 -202.838918 -191.879316 -191.026409 -190.928405 -191.519677 -189.958973 -188.200201 -187.961172 -183.084535 -173.471996 -164.752583 -162.550233 -171.997884 -187.989967 -207.204108 -223.330481 -234.190441 -241.374843 -242.969060 -242.868004 -243.604995 -262.748480 -293.083870 -332.649008 -360.137840 -380.820562 -393.195169 -405.791713 -416.665934 -441.730402 -457.024000 -488.891940 -526.439648
-326.478967 -300.899273 -273.775576 -254.069059 -242.647912 -238.289381 -229.763393 -218.986529 -210.383102 -198.047059 -183.121923 -164.550866 -135.414592 -74.997882 -55.272830 -85.427421 -65.328659 -111.344193 -113.112071 -81.501958 -80.951899 -76.576680 -72.115354 -60.582031 -47.185975 -43.095591 -41.789096 -44.823122 -42.420256 -42.655096 -42.097486 -42.413592 -41.032677 -35.837088 -33.870317 -36.142445 -48.051777 -65.631994 -119.914027 -136.085872 -142.813858 -147.155235 -148.483894 -151.123175 -160.550774 -184.854381 -221.826008 -257.466680 -283.363925 -301.775751 -314.751311 -323.638044 -330.833153 -343.716694 -366.749112 -399.065140
-222.690588 -199.921476 -178.481123 -152.332230 -134.283855 -125.828972 -98.420944 -71.797120 -61.786479 -46.712059 -31.663174 -22.947224 -12.216266 6.260970 13.975216 19.201117 21.217424 21.081451 23.257292 23.777619 23.652627 24.438964 25.157424 24.691716 27.924071 27.598520 28.329096 27.548892 28.759490 27.851391 28.763232 28.488909 26.241582 26.526194 26.515464 26.682719 24.446252 16.576133 2.379624 -8.425549 -14.606963 -21.187142 -29.583303 -37.855601 -46.436591 -59.350099 -119.015737 -156.024762 -188.742846 -208.423219 -217.918838 -224.071976 -229.325341 -242.961775 -263.069353 -287.978096
-77.094936 -63.974652 -75.173024 -27.257397 -12.892231 -18.781118 4.605632 8.489224 16.802153 27.118138 29.964635 29.521062 28.562020 29.968905 29.302241 30.218121 28.621734 27.920024 27.584098 26.377683 20.328612 12.573315 13.673562 14.970082 16.930831 20.543391 18.465245 19.616070 22.027673 21.308875 16.030696 13.339077 11.636019 11.661928 17.995149 20.875199 21.656435 22.114323 22.031912 21.452580 21.705384 21.818732 21.398074 21.767776 16.861701 9.210567 -9.361394 -34.959357 -62.819205 -116.123868 -130.056499 -130.859602 -135.462106 -143.559911 -167.833212 -195.615162
9.924115 20.342390 28.515930 30.256199 30.382091 29.712631 31.164085 34.236585 31.559915 28.831791 25.989269 20.757531 20.720755 19.210200 16.817015 17.889212 16.276025 12.768424 10.000396 5.381079 -9.960607 -17.187482 -19.078566 -14.103727 -9.927996 -5.976702 -29.781781 -1.196270 -25.053426 -3.083926 -10.575554 -16.726847 -19.075734 -13.125156 -7.873954 -3.547521 -2.906652 -4.464004 -5.659773 -5.650444 -7.136343 -6.288189 -0.740270 11.326348 18.985570 18.998991 18.963571 18.885503 18.717089 -1.521209 -19.767100 -17.168758 -20.743721 -31.208961 -87.599535 -115.907753
23.603143 23.717924 21.810386 15.779713 10.932571 10.415528 13.806916 20.070033 22.487377 15.296771 8.667415 1.093979 -4.384241 -34.014294 -36.041460 -8.430054 -8.087069 -13.132915 -19.679644 -39.606107 -81.983902 -98.226751 -105.910180 -107.249639 -101.994135 -94.557431 -90.262980 -84.298021 -90.865960 -94.302735 -102.793158 -110.137629 -109.911423 -106.879155 -98.651227 -87.389540 -85.153704 -84.514055 -88.175346 -90.622305 -94.752080 -93.777181 -80.696446 -32.627216 -18.828471 -7.539868 -0.719895 6.201444 11.615120 18.675414 18.446299 18.540774 18.521799 14.481589 1.776227 -15.384632
9.869675 4.734150 -0.609699 -7.695312 -13.133744 -14.479401 -11.537347 -32.262330 -9.183314 -42.362298 -26.321606 -71.629861 -87.681193 -98.089111 -98.422445 -93.402332 -92.495116 -98.386800 -112.711522 -132.015826 -150.846621 -167.086081 -172.225522 -176.851556 -179.006487 -168.968887 -155.053560 -149.915700 -161.170842 -169.231195 -181.633453 -188.857903 -191.057589 -189.203411 -180.139946 -163.212736 -148.061676 -147.454968 -155.620601 -163.223373 -166.759487 -166.925533 -155.976645 -131.127368 -110.004806 -94.524851 -80.352901 -43.708064 -32.760171 -23.593652 -13.858575 -2.575571 7.079004 17.527415 17.782511 17.789009
-14.663412 -40.859938 -65.762160 -76.194422 -83.372236 -88.192153 -91.426962 -96.031676 -100.055550 -109.438630 -118.134926 -134.925122 -148.661609 -162.694559 -166.233733 -167.665466 -165.665727 -176.545010 -188.539065 -208.889605 -225.319266 -241.109912 -249.439239 -255.112769 -260.231957 -252.633918 -236.918966 -228.036379 -243.124602 -252.783379 -265.717268 -272.082583 -275.049261 -274.045454 -265.311455 -243.427113 -225.866395 -220.358793 -228.228534 -235.088512 -237.975525 -237.644413 -231.048929 -212.890450 -191.332886 -170.771906 -154.489555 -140.096410 -129.584457 -117.935119 -102.277628 -83.596908 -39.605136 -22.250176 -5.806012 6.918589
-91.906312 -105.546155 -118.780375 -130.756977 -141.812261 -148.014741 -148.145769 -155.366630 -161.665453 -171.729403 -210.689295 -226.658147 -243.473386 -257.282519 -261.836165 -268.170285 -270.807489 -279.857045 -287.270161 -298.968704 -313.890240 -328.964506 -341.666422 -345.572047 -349.001054 -351.920477 -342.633959 -338.642080 -341.726818 -348.143287 -354.909918 -358.560876 -360.762937 -357.607986 -346.744847 -335.807500 -325.375124 -320.847834 -326.052542 -321.695810 -316.659269 -316.521552 -302.461014 -288.509385 -270.894757 -249.962252 -228.075964 -215.427090 -205.254275 -193.522592 -176.947490 -157.722954 -135.077197 -109.995180 -81.536415 -35.519216
-145.608564 -159.422656 -173.873356 -186.554912 -198.698592 -209.752386 -209.517002 -213.450799 -219.554710 -249.510929 -288.575469 -316.196892 -331.694811 -348.941284 -356.605354 -363.332580 -380.485017 -391.292266 -398.360949 -397.945218 -407.290234 -419.678694 -429.358461 -433.330549 -435.790256 -441.495417 -443.123791 -440.947839 -435.698228 -440.484088 -443.258621 -442.043885 -443.634215 -444.636888 -438.921559 -430.082012 -424.855613 -419.399182 -414.159436 -410.877438 -406.156689 -387.937665 -376.193963 -364.431330 -347.662773 -328.667444 -308.305369 -291.200819 -279.526627 -266.169514 -247.773190 -230.621031 -208.505120 -183.391148 -153.330603 -129.653230
-210.942880 -228.063629 -242.770352 -257.309394 -272.227003 -291.253876 -293.169595 -299.636046 -309.974867 -345.064350 -378.393084 -403.880016 -419.669006 -435.336924 -444.639754 -461.444346 -491.669207 -511.861758 -512.309075 -507.569106 -513.403938 -527.735181 -538.574178 -545.254253 -551.362732 -558.870517 -562.978987 -559.105131 -554.886940 -555.124340 -555.409433 -553.964357 -554.172626 -554.599713 -554.109252 -546.283670 -540.315430 -533.381119 -527.033233 -520.827187 -495.265544 -467.987514 -450.445142 -435.195088 -420.699486 -402.771104 -382.992012 -366.466491 -354.193648 -338.624369 -321.479688 -302.603923 -282.166549 -257.030368 -227.495126 -203.509648
-275.266076 -298.424158 -316.820440 -335.552642 -362.969190 -374.585663 -381.939621 -388.249752 -410.382086 -437.542701 -466.018553 -500.083066 -526.158892 -543.919640 -556.803832 -568.593760 -577.868916 -583.202950 -580.080128 -578.351281 -575.548707 -580.243765 -583.938080 -584.879191 -588.140094 -591.005599 -594.698511 -591.738724 -590.380320 -586.884279 -587.220323 -587.119525 -585.548555 -586.337673 -586.587596 -588.700930 -586.118777 -584.566057 -582.646761 -575.766538 -568.323994 -559.283954 -549.465570 -535.702845 -514.520326 -484.391692 -454.960718 -434.229263 -419.870629 -404.675368 -387.071117 -370.660259 -354.094653 -333.846966 -309.039907 -286.767318
-358.873081 -376.197884 -393.897398 -417.519242 -445.604344 -468.086923 -479.339600 -507.891064 -534.070449 -558.704093 -570.377605 -576.597232 -582.427229 -586.534780 -589.619236 -594.400663 -597.672809 -602.445451 -600.600566 -598.063034 -594.376651 -597.469849 -597.971737 -597.372262 -599.194982 -601.092560 -604.149849 -603.655833 -601.201331 -598.236338 -598.374567 -597.776476 -596.065258 -596.023738 -597.369958 -600.094932 -599.406748 -597.625973 -595.857938 -592.284242 -588.823071 -585.262981 -581.978438 -577.122978 -570.823495 -562.818134 -550.109924 -530.943175 -510.951215 -480.398941 -450.565915 -432.467938 -421.799178 -408.358951 -386.549118 -370.012551
-432.699163 -448.489046 -472.748722 -515.663019 -548.528582 -568.530121 -577.794813 -585.230398 -591.562477 -594.046773 -596.243238 -598.595254 -600.523198 -602.545347 -604.363385 -605.847109 -608.138129 -612.710883 -610.829762 -608.212907 -605.207375 -605.134963 -605.459462 -605.216079 -605.926811 -607.978134 -611.630434 -610.105167 -607.893127 -605.870572 -605.247853 -604.858248 -603.595143 -604.492311 -606.345043 -609.018728 -607.884467 -605.829426 -604.662708 -603.145664 -600.897231 -598.465960 -596.001805 -593.059405 -589.947152 -585.622105 -580.448305 -574.097757 -566.454357 -556.382723 -541.118237 -529.074015 -513.736899 -495.530414 -468.917705 -447.255875
-539.113028 -554.128145 -565.683660 -576.139864 -585.964968 -590.833218 -594.889527 -598.210460 -601.550303 -603.549796 -605.090625 -604.333449 -605.038277 -607.139653 -607.047033 -608.147097 -611.801701 -610.533084 -609.486169 -606.524047 -607.042295 -607.202108 -607.903848 -607.429664 -607.910965 -611.437233 -609.689625 -608.917280 -606.855486 -606.476262 -606.033363 -605.692816 -605.311087 -605.732696 -608.242365 -607.733003 -607.058223 -605.158013 -605.078233 -604.267210 -602.024359 -601.302559 -599.867725 -597.814518 -595.570312 -592.822841 -589.390889 -584.525620 -579.354529 -574.197508 -572.262570 -568.424482 -564.952289 -566.969805 -558.858994 -548.785703
