tests/Borden05m/sims/sim_1/output-maps/psiliqL0019N0019.asc
ncols         160
nrows         34
xllcorner     620200.000000
yllcorner     5168000.000000
cellsize      0.500000
NODATA_value  -9999.0
[rows 0 to 24 of 34, columns 55 to 109 of 160]
-9999.0 -9999.0 -9999.0 -9999.0 -9999.0 -9999.0 -9999.0 -9999.0 -9999.0 -9999.0 -9999.0 -9999.0 -9999.0 -9999.0 -9999.0 -9999.0 -9999.0 -9999.0 -9999.0 -9999.0 -9999.0 -9999.0 -9999.0 -9999.0 -9999.0 -9999.0 -9999.0 -9999.0 -9999.0 -9999.0 -9999.0 -9999.0 -9999.0 -9999.0 -9999.0 -9999.0 -9999.0 -9999.0 -9999.0 -9999.0 -9999.0 -9999.0 -9999.0 -9999.0 -9999.0 -9999.0 -9999.0 -9999.0 -9999.0 -9999.0 -9999.0 -9999.0 -9999.0 -9999.0 -9999.0
-9999.0 -9999.0 -9999.0 -9999.0 2034.917344 2029.686061 2024.976380 2020.668473 2012.429438 2003.660892 1996.013094 1992.448445 1991.922179 1991.607454 1991.592085 1997.125356 2005.585327 2013.602713 2020.965287 2023.655188 2026.318666 2028.636655 2029.253617 2028.306030 2025.312829 2022.240610 2019.035287 2017.585254 2009.968386 1998.810981 1990.306125 1987.611447 1991.900807 1996.251983 1998.640254 2004.037107 2014.400741 2024.818943 2032.970872 2044.712199 2050.599386 2055.309582 2057.559064 2052.951957 2048.986165 2044.613009 2038.650250 2027.351812 -9999.0 -9999.0 -9999.0 -9999.0 -9999.0 -9999.0 -9999.0
1979.654283 1998.761410 2019.550331 2022.972545 2011.475606 2006.688654 2003.803632 2002.341154 1998.215929 1990.116833 1985.420057 1980.483867 1978.757492 1979.287124 1979.758663 1984.138166 1995.020576 2003.315063 2008.343091 2011.230793 2014.222713 2013.594388 2013.190956 2013.138530 2010.455563 2007.188805 2003.965831 2002.282767 2003.300644 1995.799993 1990.138135 1986.516651 1984.230066 1986.782707 1989.223506 1993.032273 2002.176727 2009.952269 2017.677402 2031.941810 2044.235912 2049.167567 2046.081130 2040.681231 2036.279377 2028.714016 2017.905847 2007.406415 1998.326767 1991.278412 1985.190068 1978.431893 1983.862660 1990.290883 1999.185344
1964.463690 1984.147148 2004.846910 2007.920828 1997.686680 1990.012583 1984.563555 1985.368009 1988.851603 1985.980993 1981.787279 1976.022992 1985.718349 1987.368725 1988.802374 1992.529192 1995.530314 1999.993653 2002.955692 2008.615867 2017.857896 2020.854579 2021.566110 2021.867626 2020.149523 2017.130852 2015.396828 2012.750525 2007.622681 2006.276107 2006.303983 2005.570821 2010.084483 2011.514515 2013.698974 2007.449025 2011.224068 2017.208564 2023.801369 2029.500080 2035.479309 2038.257888 2034.382733 2033.526905 2024.468621 2010.076216 1998.943215 1990.384357 1988.936122 1985.193031 1976.554549 1962.574136 1969.395974 1984.366998 1988.253981
1970.958099 1980.582292 1992.295142 1995.537937 1990.979689 1993.183304 1995.356660 1997.233363 1996.066854 1993.372826 1990.832312 2002.887662 2012.282189 2014.397124 2017.594613 2021.873511 2022.434487 2011.472553 2009.623237 2017.745118 2028.012131 2033.728076 2034.140136 2034.118697 2031.480203 2030.548281 2030.376618 2028.481585 2028.732462 2030.802658 2029.676910 2033.505058 2039.033128 2042.084281 2035.353687 2026.430526 2027.750486 2035.626742 2044.002936 2051.109888 2061.070719 2071.566954 2070.483589 2064.649011 2055.098328 2041.248484 2017.462713 1998.102447 1986.390010 1978.000090 1969.881636 1970.333612 1965.589408 1977.100805 1977.931696
1965.781147 1985.119888 2006.358675 2013.891594 2008.529543 2004.675961 2003.219043 2004.514225 2004.761223 2007.186745 2018.475278 2031.865821 2045.429228 2048.381498 2051.098759 2050.750532 2042.843812 2033.039217 2030.196039 2044.603589 2061.377778 2069.705878 2070.033673 2067.839729 2073.126534 2072.579207 2072.005760 2067.948518 2069.471543 2069.215046 2077.058976 2084.671956 2092.090667 2090.411882 2078.121819 2066.145863 2065.110876 2068.890268 2073.576663 2080.031668 2089.719879 2098.547622 2092.907303 2085.924827 2076.322432 2048.248658 2022.259384 2005.699488 2004.982874 2004.413820 1998.719353 1995.047481 1991.841044 1985.171800 1984.016328
2009.882266 2030.907631 2051.747305 2066.920643 2061.689389 2054.612736 2045.952419 2047.037616 2049.518108 2057.190380 2069.556206 2085.380136 2108.823434 2110.642636 2113.062674 2114.426206 2103.026608 2090.865984 2080.740425 2100.816425 2111.696220 2119.854771 2119.800348 2127.618165 2137.035078 2133.076394 2126.009463 2115.086126 2121.147003 2130.549886 2145.616410 2152.851317 2157.244207 2154.383580 2141.923869 2135.584373 2135.278405 2139.133456 2138.018605 2143.964340 2152.974016 2167.278084 2165.661463 2158.470117 2136.367303 2098.620637 2065.659471 2047.778464 2054.952320 2047.526993 2039.711963 2036.477666 2022.739581 2012.431984 2012.493580
2055.860927 2072.548967 2090.648678 2108.789122 2102.907904 2093.298815 2079.369024 2078.427432 2085.107427 2095.851447 2114.710590 2135.801005 2158.264596 2162.657298 2161.888958 2171.946954 2165.918264 2156.503788 2149.101461 2165.180064 2176.584547 2187.749052 2195.802596 2208.565303 2219.662203 2207.102017 2192.999192 2185.611029 2191.680871 2213.955477 2233.409273 2238.284672 2238.433987 2239.491756 2227.544189 2221.619885 2216.308485 2213.395379 2208.693943 2205.168345 2225.910573 2243.905867 2242.135204 2218.940583 2194.766257 2156.356877 2117.874358 2088.386931 2092.923562 2088.840812 2088.634927 2074.782081 2059.923998 2046.542590 2038.957389
2125.321557 2151.681485 2171.085504 2193.113827 2190.252857 2171.577382 2160.875535 2165.361116 2179.005016 2187.129400 2204.341748 2225.629047 2254.864290 2272.342208 2288.308973 2293.195864 2285.827554 2277.569332 2265.468166 2267.131981 2287.550362 2299.870027 2309.722617 2319.513893 2332.071448 2335.337008 2330.906138 2329.903608 2333.664927 2343.548913 2354.872306 2361.485744 2365.640133 2369.472990 2361.329835 2349.869182 2345.497222 2338.084494 2333.502448 2331.290326 2337.249184 2351.826830 2348.479597 2316.982117 2289.238950 2254.880513 2216.604917 2185.470631 2172.297867 2183.119912 2175.099470 2156.808561 2140.421719 2108.662888 2096.306908
2212.196192 2247.149032 2273.910328 2287.578932 2299.041663 2290.584807 2291.305099 2296.075890 2304.475746 2309.217981 2316.921652 2349.578702 2383.948781 2411.486217 2435.399048 2443.916191 2433.260123 2424.029757 2411.879907 2403.169281 2410.744338 2426.678778 2443.911771 2459.266222 2470.536351 2473.468178 2472.053802 2472.292862 2474.898343 2477.799208 2481.325814 2488.464972 2495.937158 2505.854969 2515.430468 2507.193443 2489.524712 2478.310179 2466.409750 2462.858969 2462.091573 2462.222232 2461.869282 2449.226514 2412.218728 2381.513585 2348.928422 2323.655373 2305.334346 2296.615674 2276.358880 2252.049709 2202.869120 2163.268859 2129.295088
2315.214996 2357.995242 2388.504508 2410.069782 2424.869318 2425.839596 2428.762706 2431.406091 2436.987017 2441.536596 2447.189677 2472.126781 2512.425149 2551.015570 2581.817492 2584.376090 2573.507309 2563.169404 2553.797532 2541.748724 2538.363112 2548.547996 2561.708309 2579.700771 2590.575386 2598.375552 2595.959911 2596.290955 2597.781504 2599.547612 2601.403388 2604.143634 2612.425047 2625.866594 2638.507581 2638.381531 2622.088489 2604.778869 2587.799598 2582.382199 2577.496782 2571.465702 2571.881797 2572.272567 2559.990439 2531.002378 2491.892574 2449.599005 2426.818929 2407.400283 2394.077280 2376.617451 2342.949359 2283.437381 2247.933616
2440.535932 2472.111738 2502.996882 2534.296908 2551.865398 2557.749296 2557.566890 2558.820643 2566.739138 2571.984042 2580.448011 2597.036567 2625.250117 2657.633187 2686.083188 2702.824689 2697.598040 2682.893239 2663.645688 2656.446632 2654.505529 2657.310626 2665.245163 2675.486228 2692.743254 2710.265055 2716.926266 2717.752759 2714.245945 2717.518521 2719.051606 2719.218036 2721.199936 2727.724683 2735.978326 2738.622974 2731.841287 2711.860409 2689.692379 2676.372958 2668.276835 2663.718265 2662.502759 2664.876509 2665.337556 2651.239270 2618.621385 2576.934579 2544.443696 2524.782428 2508.929321 2493.011816 2479.852016 2452.750627 2432.228024
2558.614516 2574.237337 2602.094398 2630.468856 2654.149949 2670.349563 2673.338667 2678.425887 2683.905834 2693.099268 2708.981325 2731.782353 2748.819136 2768.803626 2792.862716 2807.442053 2813.133677 2812.648121 2810.097733 2811.541367 2811.667662 2767.357042 2771.759009 2776.120778 2787.996454 2799.544091 2803.722306 2804.131404 2802.185303 2803.800070 2804.453946 2804.548773 2804.242753 2805.377323 2808.864719 2810.021243 2807.951792 2797.828523 2807.912258 2789.160922 2776.188074 2768.006603 2759.666821 2750.827021 2740.760877 2730.111792 2709.988696 2680.459913 2646.122087 2621.310927 2610.511734 2602.693986 2593.780653 2586.856000 2569.575343
2665.164962 2677.209072 2695.020236 2717.171002 2749.523609 2771.365954 2782.807748 2792.178295 2797.337827 2810.711748 2825.923795 2815.993834 2822.256109 2828.587723 2834.798327 2836.975782 2837.574566 2837.187102 2834.660907 2833.762829 2831.327559 2826.872725 2816.555601 2817.730431 2819.135192 2821.452233 2824.914137 2823.574313 2824.485267 2827.417102 2825.849450 2820.193805 2816.456256 2814.925649 2815.629162 2822.781537 2825.906253 2826.547021 2824.183814 2823.222170 2822.384343 2819.875602 2816.766213 2812.369078 2806.651105 2815.128578 2803.413620 2777.341708 2740.235285 2700.671062 2689.059592 2686.781494 2685.779907 2682.379129 2675.376899
2788.220765 2801.649029 2816.055873 2804.279896 2820.919503 2829.585382 2833.797825 2837.384902 2840.133919 2842.315193 2839.225627 2835.979135 2831.104300 2829.515846 2827.972580 2825.294901 2825.578616 2823.230623 2818.729380 2814.337124 2806.482071 2794.744023 2782.936180 2779.379792 2783.366362 2788.296171 2792.728060 2796.311453 2799.675518 2800.185554 2795.162580 2787.191617 2780.057488 2778.377505 2785.065117 2790.719597 2796.588348 2797.400055 2796.127405 2794.077061 2794.324462 2791.821942 2792.543252 2799.591982 2813.709943 2818.078142 2822.179007 2821.337319 2809.111657 2787.049352 2788.480897 2768.346892 2772.396461 2767.060858 2754.887944
2830.968434 2833.433501 2832.649383 2831.468305 2825.539048 2819.731739 2818.967184 2822.769326 2829.442591 2830.286850 2822.891468 2814.000207 2806.411527 2798.801423 2795.987902 2794.451666 2793.327190 2792.884462 2786.815818 2777.401113 2760.271416 2747.897243 2736.051952 2729.442023 2726.067785 2729.815143 2739.894577 2750.399780 2755.023546 2747.038251 2739.201568 2728.188258 2720.346564 2720.852039 2722.654431 2731.995073 2747.427900 2753.672116 2754.755398 2749.495036 2744.651112 2739.138798 2737.398008 2744.751824 2760.476849 2777.117198 2792.148994 2801.096363 2808.778576 2815.589945 2816.670764 2818.595566 2819.505977 2817.684311 2818.111755
2825.848469 2819.145677 2812.319803 2806.981222 2800.185711 2794.297716 2792.068847 2793.676160 2795.467032 2791.053397 2783.672827 2772.538827 2760.701965 2750.149172 2742.374066 2742.314613 2743.580412 2743.880336 2736.097952 2720.184226 2700.547466 2686.249461 2671.627186 2666.968263 2661.031539 2654.655772 2664.529499 2682.486125 2689.030023 2674.305020 2664.067351 2649.631448 2642.915300 2639.631034 2641.035460 2650.430496 2671.788236 2693.791921 2696.031417 2686.548419 2677.356474 2673.732893 2672.004745 2678.616270 2696.957651 2719.167899 2735.580963 2746.432985 2752.729826 2761.382332 2771.468822 2785.369466 2799.744924 2811.647300 2818.349626
2799.446210 2791.283072 2783.125612 2774.951235 2767.277859 2760.131063 2755.010843 2752.079539 2747.841743 2740.780978 2732.477162 2712.530425 2699.096013 2685.615249 2670.321184 2665.594058 2660.658678 2660.981348 2648.764478 2638.923190 2621.201372 2605.156707 2588.697979 2576.116458 2569.786407 2563.065131 2563.842314 2577.878664 2586.355871 2575.027260 2565.161481 2553.684341 2548.628401 2545.590731 2548.093934 2558.778451 2579.921845 2598.881000 2607.248182 2600.553504 2598.515714 2598.798791 2598.806557 2606.063055 2619.698245 2639.310243 2662.019830 2680.746266 2691.632708 2700.153165 2710.954120 2727.324267 2742.379295 2757.289000 2775.430428
2764.088200 2753.993208 2743.342243 2732.881618 2721.345927 2708.586477 2701.186121 2701.994178 2694.537899 2687.334263 2667.071635 2615.687730 2594.930113 2575.420332 2558.621990 2551.308004 2542.332122 2529.151467 2519.374438 2513.072740 2510.257649 2494.779175 2476.024947 2458.449764 2452.908578 2448.646623 2434.972592 2434.512467 2436.096651 2446.492713 2439.935380 2436.715727 2436.941420 2434.809356 2437.360993 2450.928444 2461.085639 2469.363183 2476.593785 2479.388623 2489.286847 2498.359317 2507.082149 2524.872089 2538.231517 2555.840960 2578.029237 2604.229760 2620.153539 2631.151545 2643.167609 2659.708069 2677.349899 2696.116810 2719.557747
2722.212043 2704.848494 2689.781182 2674.681632 2661.062937 2647.743829 2632.269620 2632.439223 2628.372378 2617.610110 2567.867768 2525.198207 2490.283552 2471.549257 2447.701143 2434.143097 2419.144902 2385.572151 2368.877467 2365.145418 2374.783729 2368.006050 2351.769688 2338.598722 2329.462248 2321.056392 2305.367580 2291.036676 2296.330087 2311.824739 2310.386374 2311.609382 2317.963661 2317.201053 2312.413573 2313.925987 2327.509120 2334.789139 2346.042979 2361.645725 2367.251407 2381.321099 2412.714000 2427.288349 2443.790398 2464.426324 2487.072275 2511.733600 2535.009347 2550.380454 2566.939866 2587.246311 2605.602256 2627.596398 2651.896641
2663.659809 2634.058958 2613.047416 2595.058236 2575.571138 2550.578302 2529.256282 2525.700061 2517.859267 2492.003408 2440.744454 2401.981001 2375.042770 2352.379712 2328.123131 2305.815510 2272.176379 2238.395896 2216.834207 2227.294573 2236.189298 2242.487880 2229.748122 2217.912498 2207.885670 2191.645323 2175.393983 2161.114583 2170.910428 2179.456098 2193.646200 2199.136654 2203.161543 2207.808216 2206.859255 2199.396966 2199.436150 2208.369202 2219.088397 2231.161964 2249.943017 2283.780819 2309.542473 2328.542216 2350.447962 2371.383581 2394.893897 2419.702566 2443.537219 2461.848485 2482.020465 2503.308963 2526.098891 2547.770703 2573.228878
2580.513383 2552.009964 2524.811103 2500.873622 2469.842554 2426.023544 2410.267768 2400.331359 2381.609714 2338.528347 2296.041744 2268.173101 2249.866181 2225.587243 2202.898727 2174.425682 2141.482696 2117.450854 2096.824631 2105.143782 2113.546305 2129.324781 2118.991470 2110.096208 2105.531062 2090.342186 2076.723093 2061.150299 2067.949455 2079.066656 2099.731490 2105.015214 2109.032419 2117.582745 2117.029359 2113.781494 2100.610013 2108.725871 2119.954097 2134.881816 2165.032284 2189.331032 2213.431870 2236.060148 2257.163314 2280.784882 2305.301823 2330.313499 2357.927973 2379.084235 2399.720768 2422.798420 2444.240281 2462.287960 2482.627200
2466.369652 2441.084241 2419.551647 2394.714989 2354.327497 2310.017387 2271.379053 2248.798782 2202.505679 2167.697190 2140.626897 2132.071320 2116.853468 2095.376196 2074.890769 2054.274088 2030.343609 2009.642132 1984.821752 1989.171562 2003.148625 2018.519085 2016.515623 2015.312590 2012.977466 2002.760533 1989.179173 1975.563695 1979.220747 1995.455254 2012.976953 2021.998309 2029.423723 2037.327433 2037.538814 2029.571514 2020.701201 2026.348995 2041.703776 2058.574735 2078.393315 2100.590881 2122.868287 2144.407948 2168.129262 2192.379188 2217.036027 2243.695043 2272.253767 2294.694017 2319.908233 2345.969939 2365.558032 2377.660500 2390.038055
2356.952120 2335.793794 2311.621637 2284.060484 2242.272109 2201.298780 2159.481713 2115.587697 2082.095997 2051.926428 2040.071949 2022.989445 2007.511979 1991.226370 1970.447835 1952.579917 1935.875111 1914.116620 1900.480764 1906.610775 1919.589742 1928.806086 1933.643917 1931.018109 1928.279261 1921.770856 1907.924705 1901.182157 1910.503313 1925.765284 1940.014129 1951.084377 1958.073112 1963.829598 1961.221779 1952.821854 1949.018848 1957.587467 1973.554698 1988.195209 2004.692338 2026.353193 2047.855710 2070.418133 2094.016664 2117.410004 2143.258921 2169.893710 2197.231645 2225.112408 2249.489111 2271.438736 2283.054896 2295.085536 2299.986022
2227.360110 2213.158001 2187.281293 2158.857327 2127.822655 2092.227174 2064.905044 2032.961604 2002.293308 1972.477484 1946.671179 1932.086243 1924.100126 1910.245492 1892.179422 1879.873906 1863.627152 1850.170934 1853.312875 1855.025248 1864.176117 1863.441239 1864.072246 1861.282172 1860.372803 1857.178220 1849.067661 1858.761556 1865.703887 1879.639145 1890.033965 1899.712913 1905.833522 1909.824369 1910.649556 1905.776703 1910.938137 1917.843378 1932.300206 1944.209355 1958.903894 1979.753385 1997.527862 2017.441760 2040.519585 2064.394851 2089.375499 2116.084382 2144.985516 2170.867033 2190.804129 2200.234053 2211.644901 2216.691483 2209.784394
