tests/Borden05m/sims/sim_1/output-maps/psiliqL0025N0002.asc
ncols         160
nrows         34
xllcorner     620200.000000
yllcorner     5168000.000000
cellsize      0.500000
NODATA_value  -9999.0
[rows 0 to 24 of 34, columns 55 to 109 of 160]
-9999.0 -9999.0 -9999.0 -9999.0 -9999.0 -9999.0 -9999.0 -9999.0 -9999.0 -9999.0 -9999.0 -9999.0 -9999.0 -9999.0 -9999.0 -9999.0 -9999.0 -9999.0 -9999.0 -9999.0 -9999.0 -9999.0 -9999.0 -9999.0 -9999.0 -9999.0 -9999.0 -9999.0 -9999.0 -9999.0 -9999.0 -9999.0 -9999.0 -9999.0 -9999.0 -9999.0 -9999.0 -9999.0 -9999.0 -9999.0 -9999.0 -9999.0 -9999.0 -9999.0 -9999.0 -9999.0 -9999.0 -9999.0 -9999.0 -9999.0 -9999.0 -9999.0 -9999.0 -9999.0 -9999.0
-9999.0 -9999.0 -9999.0 -9999.0 3198.459487 3193.135268 3188.311887 3183.739640 3175.159147 3165.813109 3157.867337 3153.650785 3152.452617 3151.559494 3150.884827 3155.708785 3163.687496 3171.230285 3178.057695 3180.397333 3182.685631 3184.505640 3184.697741 3183.495686 3180.205756 3176.820528 3173.386173 3171.661419 3164.225036 3153.060543 3144.699864 3141.994551 3146.178276 3150.522209 3152.983467 3158.210790 3168.620374 3179.239251 3187.820781 3200.350371 3207.297255 3212.655633 3215.311995 3211.364673 3208.127519 3204.219735 3198.200125 3187.135563 -9999.0 -9999.0 -9999.0 -9999.0 -9999.0 -9999.0 -9999.0
3143.312360 3161.658361 3182.463247 3185.545991 3173.901131 3168.814550 3165.626608 3163.881178 3159.528988 3150.959338 3145.759439 3140.206294 3137.534579 3137.455134 3137.259187 3140.862708 3151.483350 3159.199295 3163.686026 3166.228310 3168.972817 3167.417340 3166.580238 3166.274839 3163.309390 3159.767273 3156.328870 3154.430046 3155.769448 3148.143622 3142.159129 3138.275366 3135.400184 3138.114774 3140.782672 3145.281628 3154.476627 3162.408519 3170.412490 3185.539243 3198.696854 3204.400965 3201.915854 3197.364687 3193.622851 3186.335096 3175.702589 3165.736557 3157.531297 3151.436663 3146.161834 3139.902551 3146.398844 3154.280815 3163.739170
3126.464762 3145.510534 3165.811343 3168.310179 3157.959610 3150.137795 3143.367686 3143.783110 3147.122230 3143.773787 3138.865329 3131.173219 3140.959059 3141.855675 3142.463288 3145.531634 3147.380107 3152.237922 3154.571915 3159.801025 3168.671189 3171.370954 3171.713954 3171.670329 3169.607905 3166.279903 3164.250213 3161.384137 3156.047314 3154.244208 3153.888888 3152.638122 3156.760144 3158.267699 3161.093652 3155.532364 3159.910996 3166.184000 3173.172175 3178.803756 3185.024172 3187.720990 3184.509934 3185.084954 3176.855891 3163.313462 3153.488046 3146.072436 3146.259121 3143.409920 3135.619035 3122.108688 3130.459786 3146.657482 3151.545887
3130.445108 3139.214340 3149.701107 3152.105328 3146.966891 3149.007018 3150.663841 3151.766117 3149.795771 3146.153798 3141.798305 3152.198990 3160.404160 3161.649985 3163.954852 3167.732171 3168.344538 3157.296001 3155.123721 3162.345406 3171.921439 3176.992889 3177.055465 3176.593580 3172.924502 3171.674565 3171.361444 3169.449405 3168.943815 3170.481747 3168.154069 3171.160678 3176.602941 3179.860556 3174.480964 3166.052184 3168.228744 3176.667858 3185.748665 3193.364091 3203.619630 3214.504042 3214.782361 3210.309666 3201.915260 3189.549113 3167.209277 3149.721620 3138.925774 3131.152688 3124.051075 3126.972470 3122.555728 3136.339102 3138.267427
3116.367435 3136.576044 3156.491281 3162.315716 3156.169597 3152.197465 3150.704490 3151.190539 3150.137320 3150.596545 3159.376204 3171.078924 3182.286635 3184.126290 3185.811697 3184.443228 3176.709807 3166.310821 3163.455606 3176.688491 3193.215740 3200.968729 3200.433888 3196.255332 3199.525388 3199.453335 3199.723023 3196.195096 3196.945131 3194.749697 3200.427497 3208.044550 3215.905352 3214.506558 3202.171187 3189.942270 3189.807723 3195.113736 3201.840819 3209.372179 3219.590704 3228.836762 3224.139286 3219.005102 3211.642700 3186.045366 3163.340962 3149.102788 3149.645809 3150.574917 3146.323221 3144.425671 3143.559375 3139.451634 3139.805341
3152.131660 3171.222150 3191.143204 3204.072021 3197.754011 3190.086393 3181.373681 3181.425977 3181.826881 3187.606676 3197.920742 3210.744371 3232.345735 3231.837346 3232.296557 3231.134561 3218.268433 3205.058756 3194.937633 3216.572975 3227.435683 3234.584864 3232.216277 3237.561361 3246.189549 3242.481479 3236.022152 3224.062458 3229.655610 3236.459830 3251.524898 3259.318965 3264.460830 3260.142896 3246.497310 3239.846505 3241.181035 3247.361996 3248.333469 3256.731068 3265.674041 3280.688722 3279.557911 3276.003086 3256.162357 3219.447919 3190.055956 3177.157488 3188.330421 3182.829977 3176.653251 3176.508939 3165.487230 3158.256759 3160.839029
3184.508944 3198.002145 3214.105994 3230.515469 3221.761731 3211.411542 3195.019120 3191.923888 3196.152013 3206.085295 3223.452909 3241.531023 3261.493320 3260.711253 3254.730255 3264.224350 3257.206899 3246.433386 3238.811187 3259.333880 3269.483983 3279.722066 3285.658783 3298.208370 3308.642070 3292.632472 3275.948654 3265.923560 3272.751942 3297.802373 3319.732485 3324.517573 3323.741366 3323.436820 3308.660717 3303.720709 3300.097993 3300.059810 3297.246764 3295.276130 3320.102150 3341.324321 3341.128353 3319.666795 3297.077348 3258.040370 3220.600362 3195.969800 3208.153828 3205.124444 3208.347162 3198.152376 3186.432258 3178.833486 3176.064753
3235.522352 3257.375290 3273.828308 3295.357219 3286.854648 3264.151831 3248.632168 3251.205636 3264.464540 3272.245782 3290.239086 3307.658723 3333.697279 3346.323138 3357.989769 3361.851357 3354.625089 3346.011870 3333.888417 3338.526159 3361.807994 3373.390420 3381.825711 3390.335203 3402.898549 3403.627600 3397.026292 3395.267781 3399.512234 3412.454457 3426.445703 3433.157674 3436.377893 3439.213017 3426.756019 3414.101095 3411.783794 3406.120700 3404.515696 3403.667696 3414.516235 3434.413166 3431.419556 3395.898825 3369.277518 3334.737030 3296.759107 3267.573881 3260.860352 3279.149525 3276.607065 3260.562498 3249.714919 3223.416556 3217.742217
3305.439883 3338.282203 3362.614655 3372.962403 3380.638089 3366.467710 3364.507313 3368.498289 3376.627219 3379.734690 3386.108828 3418.318281 3451.995355 3477.141689 3499.863285 3507.038966 3494.828092 3485.019826 3471.594120 3462.723684 3473.216065 3490.212108 3507.747425 3522.673763 3533.958413 3536.133901 3534.573261 3534.637796 3537.652864 3540.634948 3544.836323 3553.128083 3560.731747 3569.477181 3577.710564 3567.619774 3550.687447 3541.244212 3531.947717 3530.919429 3532.175986 3535.716166 3536.805568 3520.833403 3479.733678 3448.529322 3416.639107 3396.634533 3383.120548 3382.187141 3364.178864 3340.275665 3289.633364 3252.477001 3221.305811
3391.717039 3435.324532 3464.467349 3481.896759 3494.606320 3491.862790 3493.619346 3494.633443 3498.390984 3500.831083 3503.732099 3530.162619 3571.410406 3610.576814 3641.664047 3641.710732 3628.177312 3616.865638 3607.655033 3593.473030 3589.549683 3601.893142 3617.056703 3637.106867 3647.587709 3653.876104 3650.715305 3650.944679 3652.670535 3654.994340 3657.116304 3660.663324 3670.181581 3685.103096 3699.452763 3698.699814 3680.048289 3662.152068 3646.083067 3643.389581 3640.792593 3635.870402 3638.162943 3640.055796 3624.732506 3593.875776 3554.384156 3514.018358 3496.897525 3481.591265 3470.757472 3454.084801 3414.686400 3349.288817 3310.743371
3506.622863 3540.290921 3569.246034 3599.444973 3614.414551 3616.854239 3614.377827 3613.294177 3620.267127 3623.115524 3628.935397 3645.453005 3677.207218 3712.382672 3741.941903 3757.411395 3749.759210 3732.001544 3709.976398 3700.333276 3697.476712 3701.026834 3710.434373 3723.122995 3742.505106 3761.810972 3767.575666 3768.454079 3765.778621 3768.192077 3769.742583 3769.857533 3772.718074 3781.106819 3790.906528 3794.260430 3786.578456 3765.678933 3742.298148 3730.818969 3724.246196 3720.810947 3721.723755 3726.763241 3729.887516 3715.233111 3679.895390 3635.726214 3605.688771 3590.318051 3577.484080 3563.554240 3551.287960 3519.144097 3498.448115
3615.422385 3630.565820 3658.666638 3687.364904 3710.035946 3724.764677 3725.246907 3728.329282 3733.069175 3740.454336 3755.522934 3778.726300 3797.655337 3820.157526 3846.643639 3862.828689 3868.090598 3866.459965 3862.449828 3863.658516 3864.009327 3801.501396 3807.737569 3813.953254 3830.965703 3846.306076 3851.856745 3852.491380 3849.959313 3851.786347 3852.547978 3852.445197 3852.073150 3854.373890 3859.426407 3861.357463 3858.970195 3846.397105 3864.495683 3844.496318 3831.047034 3822.845056 3814.608635 3806.355367 3796.932438 3787.060403 3767.093117 3736.317258 3702.004450 3680.408627 3672.445506 3666.383346 3658.015244 3652.386433 3635.492960
3713.950336 3724.519837 3742.655803 3765.333449 3799.177887 3822.528108 3833.903470 3843.189176 3847.850416 3861.762909 3878.369607 3862.444653 3870.739103 3879.322329 3887.850663 3890.779367 3891.617922 3891.230992 3888.839805 3888.066322 3885.652532 3882.167336 3871.712356 3873.320847 3875.265664 3877.885352 3881.617164 3880.509580 3881.618340 3884.572403 3882.813748 3876.774688 3872.701840 3871.126984 3872.120732 3879.553626 3883.039809 3883.996830 3880.645323 3879.712924 3878.718402 3875.323175 3871.084302 3865.108741 3857.464818 3872.204275 3860.170464 3832.188330 3792.033264 3750.945493 3743.210144 3744.927562 3744.863010 3743.344977 3737.775269
3838.588753 3852.243409 3867.008926 3844.924673 3867.228379 3878.642541 3883.979603 3888.086395 3890.890020 3894.007283 3890.995742 3887.984813 3883.101894 3881.540234 3880.189872 3877.752838 3878.384126 3876.497818 3872.436656 3868.403478 3860.457084 3848.900806 3837.724828 3834.171594 3838.479379 3844.097022 3849.246153 3853.687965 3857.409745 3857.426421 3851.961826 3843.536526 3835.990509 3834.330291 3841.207502 3846.952445 3853.470949 3854.346159 3852.953453 3850.465063 3850.221864 3846.954832 3847.166407 3854.241885 3868.992563 3871.747039 3877.639236 3876.800133 3860.180163 3830.084890 3841.469896 3821.547468 3827.561285 3822.988112 3811.665614
3882.310203 3885.076568 3883.448695 3882.345271 3875.970665 3869.920941 3869.146784 3873.168455 3880.219928 3881.290244 3874.246645 3865.680548 3858.463674 3851.051933 3848.717359 3848.157072 3847.909082 3848.416038 3843.131706 3833.842197 3816.854462 3805.288205 3794.229897 3788.295174 3784.528540 3788.001168 3799.237303 3811.395267 3816.434794 3807.162210 3798.711972 3786.904697 3778.835571 3779.282644 3780.328326 3789.829507 3806.652907 3814.167861 3814.956249 3808.489658 3802.008098 3795.347313 3792.277452 3798.701694 3813.995178 3830.748600 3846.347477 3855.487443 3863.207516 3870.322232 3868.777848 3871.514519 3873.020377 3870.894312 3873.881068
3876.673221 3869.700248 3862.736186 3857.453826 3851.023950 3845.737045 3843.919993 3845.819733 3847.785605 3843.715842 3837.359330 3827.394650 3816.408405 3806.746520 3799.178334 3800.221135 3802.596768 3804.274108 3797.026205 3781.711594 3763.944932 3750.501231 3736.670092 3732.761848 3726.900221 3719.295087 3729.421218 3749.127811 3756.499896 3740.446584 3729.580730 3714.403573 3707.820180 3703.832191 3704.614762 3713.536527 3736.000550 3760.050747 3762.117696 3751.162555 3740.278966 3735.531620 3732.298237 3736.901090 3753.595401 3774.361029 3790.407764 3800.807988 3806.125212 3813.897157 3823.276795 3837.520560 3852.313091 3864.639869 3869.359588
3851.616819 3843.881529 3836.252207 3828.669791 3821.817108 3815.667144 3811.421126 3809.497419 3805.621273 3799.576683 3792.614647 3772.104149 3759.761572 3746.953200 3732.147239 3728.347249 3723.656878 3724.817731 3713.401391 3705.472490 3689.063560 3673.801561 3658.266043 3645.019251 3639.340709 3632.692029 3631.078169 3644.569514 3653.008367 3643.493274 3633.818373 3623.174174 3618.655062 3615.299845 3617.768232 3628.193607 3647.735912 3666.029123 3674.407688 3667.034996 3665.666514 3665.612603 3663.990264 3670.222091 3680.970897 3698.840349 3721.118182 3739.952633 3749.760082 3756.581994 3765.747210 3780.122095 3794.187008 3808.485384 3826.432410
3821.217146 3811.972539 3802.128645 3792.498038 3782.100029 3771.638390 3765.229266 3767.943424 3762.011804 3756.482076 3733.984056 3679.148313 3658.246227 3639.494539 3623.443423 3616.884336 3608.612485 3592.681505 3584.148302 3579.764793 3581.982289 3568.128252 3550.765811 3533.200266 3528.389535 3524.913440 3507.652210 3503.113483 3503.679109 3519.909229 3513.879130 3512.630879 3514.539276 3512.158189 3513.438726 3526.164878 3533.842475 3539.257009 3545.956286 3550.683019 3561.135975 3569.087268 3579.170842 3596.145557 3606.862557 3621.999995 3642.134173 3667.565416 3682.847424 3692.196025 3702.442755 3717.583683 3733.617620 3751.223068 3773.495898
3786.762176 3770.362968 3755.921876 3741.764579 3729.218788 3716.549833 3700.935480 3702.956599 3700.967042 3690.899440 3636.356952 3595.856235 3562.302951 3545.389736 3522.053376 3508.783519 3492.667056 3454.531372 3437.341631 3437.117775 3452.188091 3448.898945 3433.801985 3422.099117 3412.833928 3403.586085 3385.957549 3367.231799 3373.354461 3391.888354 3392.914535 3396.327452 3404.236226 3403.728742 3396.971543 3394.137583 3406.055886 3411.394614 3422.458624 3439.999794 3444.745003 3461.024026 3494.539806 3507.100856 3521.819544 3539.858715 3559.915219 3581.658754 3603.895996 3617.649268 3632.536532 3650.693336 3667.095986 3687.147060 3709.486205
3736.320800 3705.513575 3684.661929 3667.542788 3648.690574 3622.058545 3602.327817 3600.341551 3594.447421 3565.695983 3513.769486 3478.587921 3455.644760 3434.293958 3411.742304 3388.388930 3351.390440 3317.065557 3295.621778 3311.785082 3323.349338 3335.335201 3324.224969 3313.728390 3304.369647 3286.483072 3269.795356 3253.428998 3264.544586 3273.229420 3292.392011 3299.336641 3303.259055 3309.167819 3307.651977 3296.683110 3291.260397 3299.100639 3308.714365 3320.440811 3341.778157 3376.961906 3401.281390 3419.056405 3439.012039 3457.153264 3477.951123 3500.340005 3522.563220 3539.028432 3556.827615 3574.822655 3595.196608 3613.881846 3636.302568
3656.803982 3628.981014 3603.083739 3580.380641 3549.131259 3503.256802 3489.306874 3480.787386 3459.293866 3412.275979 3371.211475 3351.213938 3338.994513 3316.480874 3296.210914 3267.847737 3234.530459 3213.563537 3193.549048 3204.452879 3215.240802 3235.859495 3227.532001 3221.137257 3218.506414 3203.419054 3190.362962 3174.031195 3180.388641 3192.644615 3216.272435 3222.315319 3226.455619 3235.865328 3235.047949 3230.225172 3212.296050 3218.735333 3229.221949 3243.542823 3274.229639 3296.301463 3318.167199 3339.294980 3357.990508 3378.781001 3400.275797 3422.522658 3448.142646 3466.956418 3485.229689 3506.041912 3524.547605 3538.294926 3553.947322
3549.481152 3526.076856 3507.138978 3483.620982 3441.393982 3398.206181 3357.993585 3331.838862 3280.157353 3246.031896 3226.760201 3226.870681 3215.748481 3197.106597 3179.263281 3161.004762 3140.152856 3122.326710 3098.007079 3104.102233 3120.570641 3138.200100 3140.160448 3141.659556 3140.628266 3131.732687 3118.551582 3105.103495 3108.946814 3126.159595 3144.205089 3154.347889 3162.072696 3169.750197 3169.329128 3159.493531 3149.127072 3153.499409 3168.442536 3184.005057 3200.836089 3220.673671 3240.610198 3260.111222 3281.646278 3303.283337 3325.159029 3348.952228 3374.656434 3394.937477 3417.556307 3440.914948 3456.500100 3464.350663 3471.253450
3448.084637 3429.667811 3407.356416 3380.668012 3339.651974 3301.012195 3261.226291 3214.822731 3182.887486 3155.579882 3150.221789 3136.324490 3124.616118 3111.688682 3092.786794 3077.787303 3064.324254 3044.143009 3035.250009 3043.306154 3057.349523 3065.894541 3073.313938 3071.714548 3069.848445 3064.663115 3051.016934 3047.245782 3057.405924 3072.603162 3086.223879 3097.791381 3104.607321 3109.549238 3106.305193 3096.852485 3093.702082 3101.494584 3116.473108 3129.295803 3143.193404 3162.796603 3181.648662 3201.956001 3223.090867 3243.750386 3266.795016 3290.552454 3315.198127 3340.976780 3362.025392 3379.281386 3386.745669 3394.907087 3393.270312
3326.444019 3316.078124 3291.386385 3264.119159 3236.181158 3204.607809 3181.863087 3152.324809 3123.991512 3096.658975 3072.415513 3061.837053 3057.318203 3046.132501 3030.747167 3020.988479 3006.730851 2998.024826 3005.192827 3007.024291 3015.476048 3013.961459 3015.392580 3013.430601 3013.242387 3011.459852 3005.798404 3017.999821 3024.515286 3037.812971 3047.727044 3057.350825 3062.965130 3066.312616 3067.273497 3062.887793 3068.494126 3074.053521 3087.087080 3097.501095 3110.055220 3128.869358 3144.507454 3162.000829 3182.649493 3203.988303 3226.126290 3250.079052 3276.360653 3299.267082 3315.334921 3320.464364 3328.042680 3327.870868 3315.177211
