tests/Borden05m/sims/sim_1/output-maps/psiliqL0027N0018.asc
ncols         160
nrows         34
xllcorner     620200.000000
yllcorner     5168000.000000
cellsize      0.500000
NODATA_value  -9999.0
[rows 0 to 24 of 34, columns 55 to 109 of 160]
-9999.0 -9999.0 -9999.0 -9999.0 -9999.0 -9999.0 -9999.0 -9999.0 -9999.0 -9999.0 -9999.0 -9999.0 -9999.0 -9999.0 -9999.0 -9999.0 -9999.0 -9999.0 -9999.0 -9999.0 -9999.0 -9999.0 -9999.0 -9999.0 -9999.0 -9999.0 -9999.0 -9999.0 -9999.0 -9999.0 -9999.0 -9999.0 -9999.0 -9999.0 -9999.0 -9999.0 -9999.0 -9999.0 -9999.0 -9999.0 -9999.0 -9999.0 -9999.0 -9999.0 -9999.0 -9999.0 -9999.0 -9999.0 -9999.0 -9999.0 -9999.0 -9999.0 -9999.0 -9999.0 -9999.0
-9999.0 -9999.0 -9999.0 -9999.0 3597.899923 3592.609422 3587.868727 3583.374334 3574.888254 3565.554250 3557.718350 3553.497523 3552.288952 3551.415264 3550.728655 3555.516178 3563.522227 3571.077215 3577.874321 3580.215912 3582.501013 3584.273201 3584.436281 3583.256537 3579.972700 3576.595652 3573.166801 3571.416384 3564.094604 3552.970735 3544.688060 3541.993997 3546.140061 3550.461934 3552.912603 3558.028398 3568.373453 3578.946350 3587.505288 3600.117214 3607.225621 3612.590626 3615.153878 3611.184368 3607.948508 3603.976556 3597.765860 3586.671651 -9999.0 -9999.0 -9999.0 -9999.0 -9999.0 -9999.0 -9999.0
3542.828455 3561.160818 3582.148095 3585.223334 3573.484305 3568.374513 3565.221950 3563.556213 3559.327592 3550.813814 3545.667770 3540.134013 3537.371597 3537.311981 3537.111755 3540.667041 3551.399209 3559.103281 3563.572247 3566.146340 3568.941168 3567.199945 3566.334012 3566.051650 3563.089768 3559.543569 3556.109378 3554.204895 3555.708237 3548.086873 3542.027850 3538.073526 3534.999784 3537.747007 3540.455736 3545.129175 3554.261194 3562.137452 3570.091047 3585.318369 3598.565856 3604.309230 3601.781696 3597.250867 3593.462261 3586.019733 3575.250064 3565.309554 3557.358377 3551.370454 3546.075371 3539.653907 3546.165100 3554.197164 3563.528146
3525.997274 3545.105302 3565.508098 3567.995255 3557.729357 3550.007923 3542.978486 3543.470709 3546.987451 3543.720331 3538.823018 3530.738692 3540.801374 3541.690983 3542.261553 3545.339759 3547.021558 3552.206267 3554.504725 3559.745606 3568.629555 3571.359645 3571.702133 3571.656370 3569.580198 3566.237923 3564.188913 3561.320428 3555.976220 3554.073354 3553.629776 3552.228769 3556.221169 3557.731166 3560.733540 3555.341021 3559.837511 3566.099880 3573.085429 3578.533585 3584.629011 3587.063660 3583.803713 3584.554990 3576.290345 3562.717363 3553.034757 3545.728856 3546.207723 3543.354456 3535.505631 3521.789045 3530.280362 3546.525235 3551.406362
3530.276248 3539.083729 3549.454265 3551.835655 3546.730634 3548.943676 3550.667639 3551.766464 3549.798278 3546.124136 3541.456091 3551.599387 3559.695694 3560.932456 3563.205824 3567.065206 3567.929197 3557.057668 3554.962513 3562.050776 3571.546135 3576.544581 3576.624118 3576.137836 3572.233896 3570.974316 3570.700046 3568.860121 3568.172652 3569.594337 3566.913855 3569.678180 3575.102968 3578.414032 3573.429624 3565.089907 3567.462189 3575.985861 3585.179355 3592.804481 3602.948965 3613.704869 3614.129319 3609.756899 3601.359293 3589.078815 3566.813114 3549.553950 3538.668436 3530.695663 3523.518501 3526.839728 3522.107766 3536.235439 3538.137896
3514.953439 3535.842049 3555.682647 3561.275422 3555.180587 3551.470862 3550.268470 3550.795349 3549.631739 3549.773039 3558.067052 3569.567094 3580.358955 3582.165035 3583.803201 3582.349697 3574.895829 3564.505151 3561.843799 3574.879772 3591.521700 3599.251059 3598.577189 3593.870025 3596.586965 3596.776193 3597.417602 3594.148464 3594.718056 3591.945520 3596.959701 3604.615501 3612.633416 3611.302652 3598.888078 3586.489554 3586.555563 3592.252282 3599.518121 3607.226110 3617.387774 3626.482232 3621.746862 3616.819069 3609.742278 3584.464736 3562.320763 3548.340695 3548.787703 3549.705643 3545.428430 3543.616651 3543.029341 3539.288214 3539.681963
3550.287228 3569.222593 3589.320359 3601.936587 3595.651980 3588.161266 3579.795686 3579.872687 3579.960550 3585.504339 3595.539858 3607.774625 3629.169921 3628.256730 3628.387144 3626.662116 3613.564807 3600.233345 3590.321905 3612.680659 3623.727488 3630.699906 3627.710036 3632.372695 3640.860230 3637.336759 3631.166351 3618.941320 3624.461619 3630.478983 3645.606989 3653.622901 3659.012771 3654.167166 3640.055758 3633.216562 3634.997416 3641.823288 3643.322670 3652.327772 3660.988111 3675.919262 3674.560031 3671.755890 3652.144245 3615.202195 3586.379832 3574.511766 3586.412700 3580.936308 3574.676541 3574.953197 3564.238229 3557.451329 3560.316766
3581.150765 3594.167643 3610.158431 3626.485843 3617.232272 3607.069440 3590.275867 3586.883627 3590.724337 3600.827791 3618.145416 3635.659514 3655.208406 3653.093481 3645.723225 3655.336563 3648.289364 3637.312686 3629.836631 3652.042576 3661.959449 3672.041965 3677.427145 3690.046039 3700.376682 3683.307665 3665.840107 3655.013513 3662.172533 3688.223968 3711.039055 3715.821691 3714.719056 3713.888201 3698.087053 3693.391966 3690.246990 3691.031439 3688.661960 3686.973161 3712.878796 3734.828896 3734.731783 3713.341252 3690.712733 3650.857708 3613.107539 3589.403194 3603.451355 3600.080483 3603.751670 3594.077287 3582.705366 3576.337393 3574.480751
3629.603136 3650.604638 3666.672588 3688.579801 3678.713105 3655.152536 3638.498361 3640.900471 3654.495937 3662.622722 3681.330586 3697.898535 3723.281426 3734.701061 3745.339890 3749.270986 3742.320258 3733.805444 3721.876843 3727.701687 3752.157201 3763.776644 3771.934158 3780.156751 3792.828715 3792.796731 3785.534806 3783.587177 3788.056452 3802.061364 3816.978533 3823.744360 3826.628007 3829.014870 3815.033281 3801.906629 3800.237429 3795.032565 3794.224189 3793.577327 3805.739853 3827.037486 3823.717658 3786.323677 3759.443875 3724.094727 3685.530761 3656.282501 3650.978259 3671.005739 3669.533466 3653.475738 3643.702391 3618.449053 3614.232318
3697.809434 3730.639387 3754.817786 3764.772139 3771.796489 3756.266099 3753.920270 3758.135786 3766.644131 3769.664476 3776.031244 3808.496286 3842.288161 3867.031255 3889.750031 3896.849053 3884.385593 3874.606751 3860.950250 3852.201780 3863.841636 3881.389301 3899.181715 3914.078462 3925.441568 3927.400031 3925.788587 3925.832139 3929.051577 3932.068014 3936.513460 3945.220022 3952.925463 3961.489684 3969.275579 3958.429568 3941.391004 3932.362102 3923.721569 3923.270002 3924.886209 3929.191315 3930.331361 3912.749217 3869.694405 3837.670294 3805.397671 3786.452129 3773.771936 3774.591538 3756.408064 3731.815839 3679.852283 3642.690511 3611.633312
3782.796620 3827.428968 3856.751598 3873.458764 3886.058048 3882.612680 3884.482129 3885.431222 3889.040234 3891.213079 3893.602939 3920.927200 3963.133483 4002.953112 4034.522047 4034.058137 4019.897103 4008.466281 3999.473113 3984.713353 3980.725344 3993.891536 4009.803767 4030.598279 4040.979744 4046.747959 4043.183213 4043.391008 4045.349700 4047.744104 4049.941329 4053.778855 4063.750539 4079.231261 4094.129130 4093.062733 4073.458924 4055.333765 4039.385889 4037.348620 4035.217291 4030.327069 4032.860835 4034.810588 4017.955262 3985.837426 3945.362518 3904.923948 3888.943510 3874.211331 3863.368524 3846.170771 3804.006875 3735.680302 3695.267044
3898.451817 3933.578241 3962.835952 3993.339135 4007.957470 4009.731783 4006.950371 4005.527789 4012.603497 4015.038044 4020.301837 4036.988951 4070.297694 4106.762459 4137.011361 4152.334490 4144.091849 4125.477829 4102.639500 4092.262426 4089.155431 4092.989495 4102.907043 4116.418939 4136.519266 4156.465745 4162.317711 4163.226198 4160.509234 4162.995244 4164.630611 4164.762652 4167.937403 4176.953327 4187.230096 4190.718008 4182.523707 4160.728632 4136.701870 4125.599388 4119.279034 4115.938898 4117.247089 4122.813357 4126.401406 4111.078328 4074.362299 4028.782490 3998.913078 3984.278911 3971.624072 3957.293583 3944.471630 3909.797803 3888.232952
4008.503657 4024.144972 4052.988310 4082.312750 4104.968284 4119.600257 4119.641781 4122.432636 4127.277898 4134.387452 4149.513518 4173.564942 4193.451941 4217.030490 4244.525003 4261.408075 4266.648691 4264.709725 4260.241034 4261.358848 4261.744868 4193.121027 4199.906133 4206.677496 4225.349715 4241.931999 4247.980330 4248.676884 4245.897780 4247.855267 4248.691205 4248.549158 4248.172010 4250.862069 4256.407522 4258.526970 4255.906789 4242.311940 4262.913804 4242.338903 4228.569686 4220.192842 4211.804582 4203.522724 4194.022458 4183.982376 4163.195870 4131.494575 4096.671295 4075.673914 4068.016779 4061.786686 4052.871419 4046.947116 4029.458220
4107.726039 4118.338374 4137.079791 4160.388482 4195.525001 4219.769909 4231.421830 4240.938390 4245.660238 4259.949545 4277.201780 4259.492895 4268.596565 4278.017170 4287.377543 4290.591974 4291.512341 4291.087657 4288.661267 4287.812322 4285.264492 4281.957349 4271.317467 4272.946310 4274.967641 4277.611743 4281.385693 4280.313417 4281.456256 4284.421415 4282.615117 4276.468761 4272.303996 4270.725728 4271.811525 4279.311082 4282.865191 4283.853090 4280.104362 4279.124938 4278.033388 4274.306924 4269.654502 4263.095953 4254.706281 4271.343241 4258.885635 4229.934499 4188.329177 4145.912909 4138.956523 4141.458072 4141.141421 4139.668405 4133.979679
4236.147682 4250.230046 4265.424479 4240.181704 4264.661381 4277.189126 4283.046883 4287.437271 4290.336827 4293.806989 4290.829448 4287.879952 4282.944040 4281.317841 4279.944954 4277.485817 4278.108445 4276.219539 4272.112449 4267.969645 4259.738779 4248.003301 4236.822872 4233.085865 4237.348636 4243.075248 4248.372625 4253.033113 4256.831178 4256.669023 4251.063489 4242.506895 4234.851072 4233.225911 4240.191639 4245.985834 4252.735434 4253.649230 4252.249401 4249.671403 4249.347875 4245.933825 4246.097743 4253.302555 4268.362563 4270.634562 4277.101609 4276.180646 4257.939213 4224.907818 4239.350857 4219.213549 4225.565331 4220.887458 4209.430050
4281.885829 4284.922094 4283.135406 4282.140886 4275.670280 4269.549304 4268.749373 4272.793681 4279.887259 4280.908829 4273.811217 4265.139132 4257.817192 4250.237510 4247.826380 4247.351933 4247.145104 4247.697606 4242.372832 4232.778989 4215.429570 4203.800202 4192.718701 4186.767900 4182.673725 4185.899853 4197.401910 4210.023085 4215.145495 4205.420006 4196.767743 4184.719783 4176.613653 4177.091682 4177.943742 4187.566084 4204.933218 4212.972548 4213.795863 4207.100379 4200.289869 4193.504106 4190.277216 4196.691120 4212.144956 4229.262602 4245.288699 4254.663747 4262.508734 4269.780964 4267.386408 4270.390066 4272.042831 4269.709345 4273.377796
4276.476486 4269.401756 4262.330914 4256.963454 4250.512149 4245.243119 4243.367821 4245.149426 4246.927643 4242.680316 4236.307592 4226.282884 4215.176084 4205.422274 4197.545984 4198.586129 4200.964229 4202.727202 4195.265828 4179.690275 4161.723032 4148.171604 4134.258410 4130.311303 4124.238794 4116.037094 4126.106255 4146.294465 4153.876527 4137.348722 4126.274473 4110.879121 4104.392888 4100.245127 4100.916734 4109.801597 4132.785965 4157.709357 4159.955579 4148.802835 4137.713046 4133.014746 4129.733200 4134.133395 4150.756973 4171.842089 4188.253368 4198.912216 4204.266227 4212.068573 4221.510633 4236.176255 4251.332940 4263.959844 4268.117603
4251.081902 4243.299217 4235.613390 4227.951756 4221.040239 4214.811286 4210.487584 4208.524469 4204.365820 4198.208575 4191.139951 4169.480231 4156.947089 4143.837449 4128.682610 4124.695279 4119.606868 4120.589253 4109.005473 4101.334265 4085.128305 4069.768588 4054.131044 4040.340228 4034.620856 4027.791752 4025.229294 4038.431933 4046.789709 4037.840974 4028.230955 4017.898521 4013.623404 4010.256976 4012.838347 4023.337402 4042.552185 4060.877879 4069.570407 4062.348741 4061.666243 4062.081185 4060.499568 4066.971617 4077.320249 4095.095075 4117.818551 4137.309036 4147.354293 4154.170526 4163.320630 4177.834516 4192.067690 4206.572719 4224.818985
4220.479283 4211.124011 4201.163656 4191.384707 4180.847310 4170.249986 4163.659478 4166.488211 4160.512465 4154.957400 4131.125940 4074.647717 4053.051758 4033.930164 4017.527719 4010.635050 4002.032281 3984.665094 3976.069206 3971.897977 3975.419669 3961.681320 3944.189232 3926.282678 3921.451324 3918.023472 3899.400137 3893.386396 3893.538964 3911.683188 3905.839438 3905.295764 3907.845924 3905.498930 3906.513109 3919.159945 3926.257738 3931.023968 3937.918323 3943.736431 3954.935034 3963.365112 3974.619740 3992.027152 4002.567258 4017.580502 4037.783411 4063.781603 4079.619851 4089.139107 4099.462598 4114.722606 4130.852568 4148.681947 4171.145320
4185.689261 4168.759379 4154.035233 4139.669453 4126.944565 4114.064971 4097.846264 4099.865566 4097.907285 4087.359937 4030.436710 3989.905705 3955.852919 3938.836012 3914.991637 3901.144315 3883.990290 3843.745768 3825.875068 3826.363006 3842.853841 3840.395031 3825.439861 3813.965974 3804.409532 3794.667236 3776.219373 3755.903772 3762.229620 3781.757026 3783.621871 3787.823408 3796.347666 3796.056978 3788.816192 3784.759372 3796.405345 3801.441515 3812.861034 3831.544760 3836.564615 3854.204348 3889.158731 3901.832084 3916.776950 3934.803421 3954.887821 3976.783563 3999.615654 4013.699977 4028.870842 4047.164929 4063.721947 4083.885345 4106.278050
4134.285749 4102.761783 4081.464103 4064.015297 4044.663399 4016.828203 3996.921811 3994.726157 3988.715498 3958.162036 3904.953261 3870.167832 3847.886855 3826.282265 3803.586056 3779.153577 3740.266783 3705.143462 3683.212368 3700.823758 3712.888795 3726.438105 3715.598046 3705.284231 3695.900187 3677.249054 3660.242453 3643.058905 3654.549617 3663.267159 3684.118744 3691.620908 3695.617718 3702.091296 3700.571933 3688.667683 3681.723790 3689.567992 3699.262159 3711.405823 3734.216009 3770.630142 3795.272321 3813.485905 3833.694792 3851.868119 3872.704783 3895.200913 3917.852700 3934.667677 3952.642452 3970.709821 3991.248015 4009.832350 4032.108736
4052.502978 4024.414349 3998.346570 3975.305675 3942.966873 3895.583729 3881.394049 3872.518484 3849.288998 3800.156174 3758.813464 3740.595910 3729.679984 3707.040064 3686.862739 3657.844332 3623.789933 3603.289503 3582.983708 3594.318025 3605.525156 3627.435351 3619.492406 3613.669806 3611.448568 3596.191655 3583.163214 3566.467381 3572.622598 3585.251833 3609.909678 3616.283582 3620.577144 3630.422939 3629.706408 3624.595582 3605.373908 3611.623974 3622.317136 3636.981940 3668.460648 3690.462180 3712.356815 3733.839638 3752.666402 3773.590583 3795.106140 3817.446410 3843.474031 3862.555455 3881.043717 3902.058118 3920.559450 3933.837281 3948.896746
3943.243650 3919.891558 3901.168539 3877.364899 3833.757922 3790.091533 3748.389239 3720.166776 3665.826548 3631.101216 3613.678028 3615.980834 3605.534304 3587.143776 3569.496859 3551.362584 3530.965225 3513.586980 3488.976271 3495.254063 3512.209919 3530.295623 3533.313431 3535.478564 3534.674324 3526.042468 3512.857237 3499.372232 3503.232451 3520.775327 3539.040885 3549.637815 3557.575888 3565.325603 3564.878324 3554.647350 3544.063084 3548.358899 3563.598001 3579.259470 3595.686140 3615.393755 3635.309160 3654.963475 3676.659062 3698.358211 3720.295050 3744.176316 3770.102576 3790.771864 3813.599395 3837.126499 3852.421465 3859.866207 3865.923446
3840.544193 3822.449598 3800.079565 3772.912514 3731.280249 3692.592773 3652.647501 3604.543689 3572.277911 3545.100983 3541.181080 3527.669783 3516.560026 3504.116449 3485.242312 3470.653747 3457.777398 3437.671714 3429.954638 3438.299814 3452.393938 3460.452373 3468.502679 3467.041713 3465.289017 3460.397632 3446.705882 3443.852604 3454.264214 3469.451436 3482.909380 3494.721674 3501.589111 3506.398671 3503.114488 3493.522351 3490.848325 3498.697047 3513.721602 3526.378521 3539.926975 3559.448785 3578.133963 3598.475759 3619.642210 3640.287022 3663.349828 3687.136353 3711.897669 3738.018763 3759.024259 3775.874371 3783.033525 3790.946336 3788.154762
3717.388632 3707.714682 3682.755418 3655.156335 3627.528852 3596.543365 3574.548967 3545.006159 3516.692040 3489.477793 3465.091966 3455.222223 3451.262490 3440.404701 3425.391264 3416.013474 3401.992440 3394.481327 3402.648503 3404.217148 3412.172968 3410.167776 3411.665970 3409.806940 3409.712276 3408.281566 3403.348636 3416.337032 3422.692602 3435.795539 3445.594936 3455.274758 3460.823125 3464.085668 3465.250805 3461.220869 3467.211508 3472.604423 3485.495234 3495.795836 3508.087399 3526.743373 3542.263324 3559.631548 3580.250269 3601.581993 3623.675881 3647.651378 3674.021022 3696.918454 3712.681887 3717.358474 3724.657792 3723.756165 3710.154069
