tests/Borden05m/sims/sim_1/output-maps/psiliqL0029N0017.asc
ncols         160
nrows         34
xllcorner     620200.000000
yllcorner     5168000.000000
cellsize      0.500000
NODATA_value  -9999.0
[rows 0 to 24 of 34, columns 0 to 54 of 160]
-9999.0 -9999.0 -9999.0 -9999.0 -9999.0 -9999.0 -9999.0 -9999.0 -9999.0 -9999.0 -9999.0 -9999.0 -9999.0 -9999.0 -9999.0 -9999.0 -9999.0 -9999.0 -9999.0 -9999.0 -9999.0 -9999.0 -9999.0 -9999.0 -9999.0 -9999.0 -9999.0 -9999.0 -9999.0 -9999.0 -9999.0 -9999.0 -9999.0 -9999.0 -9999.0 -9999.0 -9999.0 -9999.0 -9999.0 -9999.0 -9999.0 -9999.0 -9999.0 -9999.0 -9999.0 -9999.0 -9999.0 -9999.0 -9999.0 -9999.0 -9999.0 -9999.0 -9999.0 -9999.0 -9999.0
-9999.0 -9999.0 -9999.0 -9999.0 -9999.0 -9999.0 -9999.0 -9999.0 -9999.0 -9999.0 -9999.0 -9999.0 -9999.0 -9999.0 -9999.0 -9999.0 -9999.0 -9999.0 -9999.0 -9999.0 -9999.0 -9999.0 -9999.0 -9999.0 -9999.0 -9999.0 -9999.0 -9999.0 -9999.0 -9999.0 -9999.0 -9999.0 -9999.0 -9999.0 -9999.0 -9999.0 -9999.0 -9999.0 -9999.0 -9999.0 -9999.0 -9999.0 -9999.0 -9999.0 -9999.0 -9999.0 -9999.0 -9999.0 -9999.0 -9999.0 -9999.0 -9999.0 -9999.0 -9999.0 -9999.0
-9999.0 -9999.0 -9999.0 -9999.0 -9999.0 -9999.0 -9999.0 -9999.0 -9999.0 -9999.0 -9999.0 -9999.0 -9999.0 -9999.0 -9999.0 -9999.0 -9999.0 -9999.0 -9999.0 -9999.0 -9999.0 -9999.0 -9999.0 -9999.0 -9999.0 -9999.0 -9999.0 -9999.0 -9999.0 -9999.0 -9999.0 -9999.0 -9999.0 -9999.0 -9999.0 -9999.0 -9999.0 -9999.0 -9999.0 -9999.0 -9999.0 -9999.0 -9999.0 -9999.0 -9999.0 -9999.0 -9999.0 3872.392454 3855.232762 3842.357371 3836.923854 3857.437272 3880.279700 3903.956891 3924.328645
-9999.0 -9999.0 -9999.0 -9999.0 -9999.0 -9999.0 -9999.0 -9999.0 -9999.0 -9999.0 -9999.0 -9999.0 -9999.0 -9999.0 -9999.0 -9999.0 -9999.0 -9999.0 -9999.0 -9999.0 -9999.0 -9999.0 -9999.0 -9999.0 -9999.0 -9999.0 -9999.0 -9999.0 -9999.0 -9999.0 -9999.0 -9999.0 -9999.0 -9999.0 -9999.0 -9999.0 -9999.0 -9999.0 -9999.0 -9999.0 3924.039799 3929.884689 3929.147478 3919.331697 3907.829222 3893.584953 3872.686278 3855.596384 3842.911982 3841.038373 3843.255507 3845.083315 3865.024206 3890.458046 3910.271143
-9999.0 -9999.0 -9999.0 -9999.0 -9999.0 -9999.0 -9999.0 -9999.0 -9999.0 -9999.0 -9999.0 -9999.0 -9999.0 -9999.0 -9999.0 -9999.0 -9999.0 -9999.0 -9999.0 -9999.0 -9999.0 -9999.0 -9999.0 -9999.0 -9999.0 -9999.0 -9999.0 -9999.0 -9999.0 -9999.0 -9999.0 -9999.0 -9999.0 -9999.0 3831.973432 3848.642774 3866.364610 3884.813732 3901.713605 3908.742096 3914.480996 3919.590323 3914.629799 3910.072982 3898.052572 3876.267048 3856.828267 3844.179920 3843.370233 3840.766203 3843.872763 3854.774693 3871.087042 3885.500883 3905.663400
-9999.0 -9999.0 -9999.0 -9999.0 -9999.0 -9999.0 -9999.0 -9999.0 -9999.0 -9999.0 -9999.0 -9999.0 -9999.0 -9999.0 -9999.0 -9999.0 -9999.0 -9999.0 -9999.0 -9999.0 -9999.0 -9999.0 -9999.0 -9999.0 -9999.0 -9999.0 -9999.0 -9999.0 3838.595391 3832.516995 3827.588058 3825.778028 3824.065780 3822.956302 3829.384624 3840.026046 3856.555486 3878.537724 3891.713903 3898.797915 3905.563326 3905.569594 3899.160388 3897.233753 3897.461445 3884.245924 3871.472244 3859.495464 3847.729922 3843.828430 3852.198746 3866.150464 3882.037930 3896.199645 3911.071308
-9999.0 -9999.0 -9999.0 -9999.0 -9999.0 -9999.0 -9999.0 -9999.0 -9999.0 -9999.0 -9999.0 -9999.0 -9999.0 -9999.0 -9999.0 -9999.0 -9999.0 -9999.0 -9999.0 -9999.0 -9999.0 -9999.0 -9999.0 3809.072768 3813.610208 3819.942478 3827.461074 3828.227007 3824.955293 3819.425757 3816.596738 3814.916698 3812.178707 3816.423442 3822.787031 3835.195261 3849.914677 3871.960409 3879.736053 3883.125091 3893.845021 3897.434885 3905.445103 3908.870186 3906.489129 3901.626676 3885.613070 3872.958616 3873.859658 3876.885780 3883.287163 3891.263786 3904.321977 3917.133878 3931.399031
-9999.0 -9999.0 -9999.0 -9999.0 -9999.0 -9999.0 -9999.0 -9999.0 -9999.0 -9999.0 -9999.0 -9999.0 -9999.0 -9999.0 -9999.0 -9999.0 -9999.0 -9999.0 -9999.0 3784.894752 3785.892639 3787.351345 3792.099299 3792.198843 3793.644591 3800.078702 3807.742888 3810.482377 3807.800945 3806.592213 3807.447759 3809.535065 3813.607483 3823.262657 3835.910868 3849.096145 3860.904247 3880.787219 3894.344862 3905.554142 3919.867071 3919.992940 3915.892897 3913.656646 3912.784129 3910.023753 3906.246066 3903.677547 3909.200814 3908.172146 3910.277833 3918.734788 3930.235296 3945.631521 3961.902782
-9999.0 -9999.0 -9999.0 -9999.0 -9999.0 -9999.0 -9999.0 -9999.0 -9999.0 -9999.0 -9999.0 -9999.0 -9999.0 -9999.0 -9999.0 -9999.0 3755.873369 3757.498002 3759.760967 3765.153642 3768.900314 3772.594592 3779.304948 3780.575163 3783.462524 3790.010683 3793.769717 3802.593899 3810.412034 3816.677563 3821.648744 3823.075212 3828.309926 3836.300678 3846.440689 3858.754161 3877.252987 3899.797730 3914.233078 3929.811879 3946.052001 3945.654274 3942.859080 3941.990609 3939.146611 3938.371083 3951.059889 3952.760792 3945.069653 3952.214523 3962.619317 3964.112834 3970.145304 3989.375783 4010.544326
-9999.0 -9999.0 -9999.0 -9999.0 -9999.0 -9999.0 -9999.0 -9999.0 -9999.0 -9999.0 -9999.0 -9999.0 -9999.0 3705.768538 3709.510715 3719.702186 3731.610746 3734.560490 3739.424830 3746.002716 3757.720670 3760.898004 3766.270366 3772.717269 3784.879649 3792.691690 3800.437963 3811.106089 3817.886708 3823.566426 3828.530186 3829.430079 3839.120411 3851.437050 3864.069816 3881.538552 3902.121570 3918.760230 3935.130865 3950.505135 3960.558119 3955.786092 3954.092316 3955.242124 3958.266749 3969.271590 3984.322884 3981.804038 3988.525954 4007.588059 4016.278206 4021.842455 4026.721411 4040.163320 4061.335269
-9999.0 -9999.0 -9999.0 -9999.0 -9999.0 -9999.0 -9999.0 -9999.0 -9999.0 -9999.0 3680.918437 3681.947683 3677.818029 3674.077388 3679.719118 3691.771236 3706.184361 3710.999526 3722.661173 3743.645097 3762.014844 3764.238542 3776.510870 3785.841098 3791.468311 3799.790650 3811.102544 3821.398929 3834.768343 3844.516836 3850.894562 3864.707550 3878.557638 3892.865716 3908.244130 3927.079563 3940.869798 3962.076044 3985.193668 3991.735348 4006.341262 4006.357746 4001.172083 3998.105251 4006.608325 4015.722208 4028.089134 4041.077307 4057.974907 4078.318249 4086.315417 4098.294133 4106.480493 4115.984617 4130.914816
-9999.0 -9999.0 -9999.0 -9999.0 -9999.0 -9999.0 -9999.0 -9999.0 3656.552961 3664.629537 3669.421537 3665.605683 3660.597996 3653.649936 3668.018154 3682.708953 3697.797439 3715.618888 3730.279087 3747.728050 3760.307764 3773.554717 3792.573394 3801.718906 3810.530431 3823.844913 3835.000675 3847.515888 3866.004696 3871.023033 3879.129686 3896.402496 3909.787427 3924.771745 3941.236995 3955.868608 3973.468592 4001.697669 4028.845161 4042.677355 4067.359877 4082.467918 4075.214737 4072.096401 4072.247162 4094.021864 4118.813305 4146.825723 4163.744061 4185.765979 4213.255893 4232.181576 4241.149650 4251.993728 4265.625985
-9999.0 -9999.0 -9999.0 -9999.0 -9999.0 -9999.0 3628.015240 3652.133427 3666.935365 3657.614457 3641.759673 3635.574701 3628.175819 3660.234100 3681.960422 3698.466734 3714.158446 3730.637882 3745.683992 3751.848807 3779.257877 3797.761418 3807.637760 3818.356292 3831.286470 3844.144866 3858.537019 3877.839275 3892.916534 3911.710638 3924.323768 3937.830938 3959.642746 3975.279646 3990.712782 4002.420505 4028.350356 4061.714223 4095.208501 4118.209332 4141.666627 4172.925068 4171.077013 4172.088655 4172.621020 4196.735576 4230.731568 4260.186140 4291.456852 4321.595217 4350.149038 4360.491438 4369.334551 4379.116961 4391.630744
-9999.0 -9999.0 -9999.0 -9999.0 3596.488550 3616.959151 3634.752833 3664.078401 3685.260222 3679.604501 3682.666184 3679.358346 3673.465228 3677.901897 3685.384475 3701.331551 3719.436706 3737.920584 3750.182256 3774.313322 3820.474133 3829.247826 3843.464601 3870.992541 3880.091029 3892.487428 3906.616761 3925.344290 3941.054969 3965.992469 3997.373493 4024.034241 4043.805725 4061.702650 4079.834103 4095.335701 4130.153237 4166.625491 4201.762984 4232.587492 4258.854951 4284.862854 4290.543395 4295.084888 4304.888182 4322.152910 4345.123914 4372.798535 4406.895030 4439.106653 4462.215990 4470.679177 4475.636104 4485.172078 4492.418684
-9999.0 -9999.0 -9999.0 3541.364458 3580.278412 3619.924778 3644.604211 3673.936089 3705.539561 3703.505410 3711.245141 3709.029942 3705.713445 3709.413933 3710.356561 3725.516737 3742.828310 3762.264636 3782.338030 3814.065093 3840.909904 3855.134540 3880.965073 3893.897126 3904.386793 3915.693183 3933.275542 3951.722234 3986.631747 4014.382037 4059.099600 4108.847601 4139.984391 4158.519004 4180.967978 4208.551242 4233.846747 4273.120954 4307.126168 4339.192661 4369.366905 4391.310620 4405.064924 4409.465229 4419.312416 4424.844351 4437.009125 4458.048275 4480.591328 4511.685180 4541.205586 4570.876241 4586.488588 4597.883007 4615.313358
-9999.0 -9999.0 3492.722872 3532.491836 3562.814718 3608.157322 3660.565649 3695.103605 3733.330777 3750.234044 3751.748279 3760.000596 3768.420835 3767.179590 3773.577569 3784.335458 3806.395019 3814.960623 3835.258056 3847.173321 3881.105973 3912.050524 3902.510550 3937.786701 3966.788187 3999.926150 4021.591593 4047.969648 4086.001220 4118.479408 4162.199988 4212.240787 4246.083412 4273.718292 4289.851489 4310.548605 4330.858501 4357.892290 4395.316235 4420.785682 4454.976451 4480.545065 4500.044411 4500.110894 4502.705205 4519.095625 4548.193173 4579.978687 4609.750178 4639.728627 4621.263502 4646.785043 4658.205748 4664.577643 4674.596516
-9999.0 -9999.0 3461.470601 3508.230494 3540.973217 3596.345872 3683.822864 3716.630009 3755.137196 3799.738610 3811.632958 3831.588763 3820.776752 3804.547255 3820.339083 3832.272649 3853.991123 3861.318400 3854.016797 3905.129450 3956.255206 3975.306294 3973.617522 4052.262913 4105.890250 4131.754868 4149.459847 4169.912950 4189.116032 4226.967421 4265.088303 4320.227278 4361.548288 4391.650388 4406.355083 4427.081646 4446.898140 4461.950726 4481.934008 4530.216261 4567.363418 4599.247834 4632.219080 4653.968128 4662.318634 4667.807763 4639.744626 4661.106401 4675.593055 4681.841059 4684.368761 4680.516686 4679.985952 4680.849992 4681.771325
-9999.0 3366.868700 3419.333538 3468.865962 3531.657394 3590.912759 3663.043000 3736.040631 3803.694660 3856.270036 3880.104403 3868.547948 3860.071836 3881.139435 3898.790427 3912.818944 3918.712691 3929.942735 3909.292908 3963.712684 3998.010827 4042.466175 4140.116605 4199.189764 4266.360173 4261.700946 4249.263064 4253.253851 4268.248842 4315.677885 4397.308818 4455.654917 4524.238594 4575.274733 4593.188541 4601.231494 4620.554234 4641.899485 4583.201043 4630.622418 4652.566959 4670.877965 4681.670984 4684.194818 4685.604400 4685.341914 4681.573907 4674.416813 4666.138762 4660.215646 4655.929620 4651.426371 4653.870296 4657.211652 4657.253196
-9999.0 3327.565740 3384.227513 3451.486777 3517.504979 3558.675383 3635.329291 3806.380798 3870.339332 3907.923624 3909.147144 3874.079926 3927.306784 3985.779938 4008.200068 4053.741397 4036.369221 4020.729449 3979.055965 4003.155654 4040.095566 4110.966166 4288.571170 4378.803584 4436.286117 4444.203589 4444.257320 4473.385118 4519.549231 4569.731080 4618.639031 4581.548761 4636.138799 4663.140346 4668.782790 4669.572609 4675.630975 4674.002985 4672.785229 4668.228323 4662.986058 4663.168794 4667.944570 4667.807589 4664.789582 4661.310917 4655.546924 4648.128438 4642.985860 4638.344935 4635.702740 4632.894273 4630.831340 4629.886116 4624.842789
-9999.0 3283.991326 3359.611623 3416.046019 3456.503682 3540.737765 3671.222636 3816.871799 3913.664341 3946.542514 3913.103744 3940.391151 4044.126909 4153.299019 4206.425077 4227.197760 4203.965124 4150.079190 4125.478923 4169.545824 4242.118760 4369.008011 4519.162989 4624.410484 4640.784405 4644.547397 4591.184678 4619.897374 4646.510401 4649.668491 4650.918098 4660.037977 4665.206603 4668.277485 4666.666376 4663.761991 4658.897423 4650.612824 4645.834290 4642.054162 4638.212719 4636.895688 4638.771943 4640.779448 4637.882526 4633.948976 4629.457927 4623.884107 4617.504668 4610.668917 4606.225334 4601.864040 4599.679211 4593.888543 4590.466214
-9999.0 3153.581379 3251.903040 3287.814139 3350.000843 3541.960263 3671.295918 3808.466951 3978.176536 3994.091779 4032.518188 4177.248010 4300.806768 4383.861412 4411.116452 4443.667307 4468.212645 4483.397111 4521.548928 4385.303456 4472.285595 4580.107135 4630.172947 4651.883297 4664.014230 4664.429302 4654.204140 4633.044798 4622.227384 4615.461913 4617.076652 4624.407120 4628.938068 4633.607039 4631.264151 4632.468317 4633.840803 4630.683389 4626.582837 4617.701342 4609.764380 4602.819307 4599.196785 4603.771476 4599.144090 4596.931040 4590.614453 4581.981107 4572.858375 4565.447435 4557.305400 4550.664811 4548.456055 4543.449132 4542.208388
-9999.0 3072.516051 3143.387460 3193.441062 3295.201099 3457.945147 3542.910589 3697.559097 3946.932145 4088.604092 4263.090690 4359.806890 4430.965717 4469.955261 4518.891839 4573.507186 4602.112416 4615.215606 4580.495024 4606.270955 4561.613789 4550.241896 4568.447189 4598.803810 4617.216277 4621.509747 4613.844495 4605.018365 4597.723982 4596.601001 4594.232362 4589.562732 4584.874269 4580.949910 4577.811094 4581.045780 4586.568799 4579.180154 4568.439701 4558.621048 4549.782880 4540.289306 4534.187298 4529.188844 4529.882156 4530.210925 4522.432181 4511.773181 4500.702038 4492.246552 4485.019334 4480.639311 4477.791808 4472.654771 4462.399098
-9999.0 2947.292018 3081.409943 3151.564465 3236.250667 3361.314129 3457.452648 3604.626593 3728.786881 3980.224397 4118.139759 4333.101801 4386.307682 4460.345005 4506.383540 4582.572151 4576.968256 4545.814694 4500.762459 4484.947779 4498.174830 4507.736294 4515.524954 4529.436954 4547.588742 4558.113031 4563.953699 4558.331624 4544.001408 4530.844046 4518.741112 4504.163624 4494.218171 4491.430018 4496.243317 4506.939736 4507.063346 4497.658375 4483.177394 4464.327285 4448.252021 4436.079621 4434.230407 4437.296000 4438.584564 4434.302024 4428.596650 4417.603572 4404.795813 4392.018338 4386.551132 4382.285502 4374.543913 4362.781185 4350.451121
-9999.0 -9999.0 2991.770292 3098.517812 3185.590739 3291.000310 3370.335198 3479.078448 3615.265914 3783.657806 3900.382308 4094.135037 4196.198556 4241.222451 4272.774919 4330.179620 4358.152082 4393.320016 4390.990085 4405.257429 4416.681787 4422.574849 4427.496810 4432.465217 4442.779643 4452.881960 4463.926125 4461.074006 4452.354144 4431.033620 4404.034717 4382.958399 4372.037824 4362.210314 4375.006378 4387.858157 4381.715456 4374.684020 4361.778222 4345.317832 4332.737808 4318.259193 4314.807163 4314.579907 4315.237002 4312.977405 4310.796130 4298.268009 4285.958131 4276.333391 4272.482688 4266.800360 4263.455420 4253.650686 4243.013685
-9999.0 -9999.0 2903.564792 3003.301861 3099.846281 3212.828934 3289.665202 3283.735964 3413.510711 3512.419601 3620.845207 3735.928041 3837.220468 3908.212707 3939.390281 4003.046306 4063.941032 4083.836315 4129.780439 4190.365601 4227.459854 4270.381747 4295.183296 4304.432255 4317.044244 4332.095589 4339.489930 4323.495868 4312.138398 4294.860670 4270.795930 4243.146347 4229.180997 4229.401911 4227.672580 4228.352772 4220.222644 4211.318702 4196.700898 4183.036109 4170.909737 4162.462960 4158.925007 4152.771175 4150.186294 4147.414371 4145.946476 4141.318769 4133.581842 4129.547095 4121.200160 4117.823061 4117.367725 4114.943005 4109.750947
