tests/Borden05m/sims/sim_1/output-maps/psiliqL0024N0017.asc
ncols         160
nrows         34
xllcorner     620200.000000
yllcorner     5168000.000000
cellsize      0.500000
NODATA_value  -9999.0
[rows 0 to 24 of 34, columns 55 to 109 of 160]
-9999.0 -9999.0 -9999.0 -9999.0 -9999.0 -9999.0 -9999.0 -9999.0 -9999.0 -9999.0 -9999.0 -9999.0 -9999.0 -9999.0 -9999.0 -9999.0 -9999.0 -9999.0 -9999.0 -9999.0 -9999.0 -9999.0 -9999.0 -9999.0 -9999.0 -9999.0 -9999.0 -9999.0 -9999.0 -9999.0 -9999.0 -9999.0 -9999.0 -9999.0 -9999.0 -9999.0 -9999.0 -9999.0 -9999.0 -9999.0 -9999.0 -9999.0 -9999.0 -9999.0 -9999.0 -9999.0 -9999.0 -9999.0 -9999.0 -9999.0 -9999.0 -9999.0 -9999.0 -9999.0 -9999.0
-9999.0 -9999.0 -9999.0 -9999.0 3000.727579 2995.402957 2990.572634 2986.400048 2985.358052 2976.358814 2968.534619 2964.497736 2963.481966 2962.757274 2962.266061 2967.282096 2975.411759 2983.088770 2989.802121 2983.453465 2985.292865 2987.146440 2987.376431 2986.201279 2983.440035 2989.350814 2986.240713 2984.605679 2977.175131 2966.041941 2957.680155 2954.991004 2959.196823 2963.537619 2965.986106 2971.230322 2981.603463 2991.905836 2991.111502 3002.521289 3009.296399 3014.617888 3017.287551 3013.318154 3010.063157 3006.186974 3000.713703 2989.667183 -9999.0 -9999.0 -9999.0 -9999.0 -9999.0 -9999.0 -9999.0
2953.409043 2971.731164 2985.143274 2988.256982 2983.994823 2979.189798 2976.104861 2974.466997 2970.356073 2961.931240 2956.886572 2951.506416 2949.057177 2949.150397 2949.142484 2952.957019 2963.706382 2971.592169 2976.232424 2978.732753 2981.558488 2980.200094 2979.479860 2979.261154 2976.387785 2973.106746 2969.742892 2967.919394 2969.242137 2961.668480 2955.761420 2951.934955 2949.155635 2951.812054 2954.469700 2958.850865 2968.015651 2975.876004 2983.324310 2988.880080 3000.881666 3006.487218 3003.987471 2999.417496 2996.187970 2989.416728 2987.208603 2977.383222 2969.239532 2962.926150 2957.423245 2950.969400 2957.167323 2964.685320 2973.933180
2937.066229 2956.301997 2976.616641 2979.268382 2969.093640 2961.340983 2954.852753 2955.402883 2958.836676 2955.645247 2950.933447 2943.626237 2953.421816 2954.507028 2955.334416 2958.614132 2960.795900 2965.679186 2968.186268 2973.537881 2982.464915 2985.243577 2985.692567 2985.755852 2983.797719 2980.561046 2978.624414 2975.839160 2970.577322 2968.884094 2968.618370 2967.467132 2971.623892 2972.666992 2975.835461 2970.188585 2974.446897 2980.604181 2987.000627 2992.154846 2988.094538 2990.325585 2987.097432 2988.052709 2989.234350 2975.828274 2966.334526 2958.713463 2958.559631 2955.470161 2947.435415 2933.727341 2941.694916 2957.558886 2962.158456
2941.880735 2950.872622 2961.608008 2964.212990 2959.226692 2961.364324 2963.188934 2964.508366 2962.762670 2959.371030 2955.402670 2966.109836 2974.059023 2975.463234 2977.997947 2982.012658 2983.283440 2972.379904 2970.327098 2977.697452 2986.845416 2991.996299 2992.154338 2991.815655 2988.371220 2987.224473 2986.984789 2985.122601 2984.785398 2986.447359 2984.349102 2987.509070 2992.682808 2985.228232 2990.296553 2982.076892 2984.097489 2992.129972 2989.970416 2996.917865 3006.619749 3017.497280 3017.655692 3013.108855 3005.186746 2993.303227 2981.105417 2963.576541 2952.481766 2944.481136 2937.126225 2939.511107 2934.899148 2948.163712 2949.778428
2929.833411 2949.929426 2969.634236 2975.762895 2969.817843 2965.948481 2964.551282 2965.266834 2964.527496 2965.412528 2974.698057 2986.446160 2987.116250 2988.441241 2990.203827 2989.566904 2993.482869 2983.539845 2980.741140 2993.880223 2998.349920 3005.483919 3005.030961 3001.147013 3004.722907 3004.550116 3004.662366 3001.031183 3001.894051 3000.006176 3006.030198 3013.639657 3021.407639 3019.393219 3007.673415 2995.540198 2995.292968 3000.366698 3006.194498 3013.576824 3023.771094 3033.046194 3028.312590 3023.013588 3015.471107 2990.279157 2978.759797 2964.943769 2964.590095 2965.126011 2961.034331 2958.743094 2957.335537 2952.656304 2952.656792
2967.114216 2986.239509 2995.796113 3008.384640 3002.102736 2994.413959 2985.595312 2985.702600 2986.328155 2992.296381 3002.821718 3015.989340 3037.171728 3036.889106 3037.557426 3036.740124 3024.671495 3011.588332 3001.403405 3022.692609 3032.839818 3040.053408 3038.019285 3043.735111 3052.463103 3048.690338 3042.111970 3030.308353 3035.960166 3043.177815 3058.227633 3065.921757 3070.943331 3066.870492 3053.467268 3046.904108 3048.007047 3053.850316 3054.518917 3062.580483 3071.623090 3086.627559 3085.548233 3081.545823 3061.514285 3024.893619 2996.424023 2994.953670 2993.642753 2987.957617 2992.907782 2992.460168 2980.841335 2973.003200 2975.587889
2990.400838 3003.577618 3019.238935 3035.717634 3027.279220 3016.902312 3000.776147 2997.894940 3002.383182 3012.299220 3029.760507 3048.187420 3068.404130 3068.345358 3063.094934 3072.404002 3065.637454 3055.018989 3047.359130 3067.070792 3077.333024 3087.473565 3093.694840 3106.239493 3116.755915 3101.305931 3085.041190 3075.442311 3082.128278 3106.697781 3128.201389 3132.998154 3132.386612 3132.334621 3118.063950 3112.996864 3109.133962 3108.671174 3105.612012 3103.466296 3127.707469 3148.509509 3148.196361 3126.622099 3103.985281 3065.457769 3028.140700 3003.594306 3014.082656 3011.114680 3014.635459 3004.085174 2992.084399 2984.391185 2992.516745
3042.056314 3064.395062 3081.096068 3102.324528 3094.560866 3072.359249 3057.479237 3060.208784 3073.369090 3081.047080 3098.751503 3116.663007 3143.087672 3156.375317 3168.491089 3169.253298 3165.062917 3156.547219 3144.358650 3148.431194 3171.027370 3179.167459 3187.553710 3196.207996 3208.723450 3209.837513 3203.570591 3201.911298 3206.048236 3218.464453 3231.996981 3238.684200 3242.070353 3245.094847 3233.395029 3220.978254 3218.370088 3212.478834 3210.471856 3209.516747 3219.701462 3238.888426 3236.044494 3201.448512 3175.121370 3144.181217 3106.528745 3077.282458 3069.730270 3087.052270 3084.071963 3067.936940 3056.438499 3029.545655 3023.656588
3113.222156 3146.148300 3170.518206 3177.955694 3185.794568 3172.312801 3170.558347 3174.450551 3182.403160 3185.566869 3191.957364 3224.048106 3257.645082 3283.000309 3305.726102 3312.778118 3300.872371 3291.061891 3277.756498 3268.830821 3278.749383 3295.285582 3312.687607 3327.633973 3338.884067 3341.171847 3339.639248 3339.717682 3342.634349 3345.601420 3349.683022 3357.769106 3365.300688 3373.606442 3382.033236 3372.349851 3356.001354 3346.372383 3336.745084 3335.423591 3336.494018 3339.643731 3340.697902 3325.519124 3285.393274 3254.764177 3223.086351 3202.534280 3188.585587 3186.941692 3172.275270 3148.740988 3098.660649 3061.585405 3030.257526
3197.169854 3240.088416 3269.112944 3286.740377 3299.508108 3297.126772 3298.837212 3299.893276 3303.734195 3306.316870 3309.481391 3335.448641 3375.686405 3414.496430 3445.342973 3445.641144 3432.427080 3421.175809 3411.856968 3397.964341 3394.073902 3406.001550 3420.791463 3440.470238 3451.001465 3457.550033 3454.587694 3454.828262 3456.441986 3458.727177 3460.811487 3464.213720 3473.504230 3488.115918 3502.189784 3501.595244 3483.450530 3465.673850 3449.544219 3446.522012 3443.691402 3438.752095 3440.922637 3442.785355 3428.226866 3398.034663 3359.569278 3319.248713 3301.540865 3285.939821 3275.279045 3258.893676 3221.055121 3160.623698 3123.024285
3311.391814 3344.311872 3372.589492 3402.602479 3417.748093 3420.521969 3418.199492 3417.286560 3424.209417 3427.265840 3433.364538 3449.793108 3480.740160 3515.269957 3544.484965 3560.028108 3552.671639 3535.342461 3513.724186 3504.448335 3501.717265 3505.125708 3514.278623 3526.555986 3545.579232 3564.562115 3570.220155 3571.083541 3568.489682 3570.806013 3572.310279 3572.416634 3575.120093 3583.194383 3592.755555 3596.042579 3588.621588 3568.234329 3545.179320 3533.511547 3526.812129 3523.328766 3524.043116 3528.818254 3531.709476 3517.390368 3482.775418 3439.310828 3409.186931 3393.446823 3380.558001 3367.371510 3355.401583 3324.699713 3304.420374
3418.994002 3433.889323 3461.589925 3489.974235 3512.649853 3527.427418 3528.130800 3531.359560 3536.047398 3543.570873 3558.608209 3581.322772 3599.768148 3621.732145 3647.714137 3663.550208 3668.822774 3667.346338 3663.565467 3664.819592 3665.152836 3605.702818 3611.664609 3617.602506 3633.785163 3648.504372 3653.802509 3654.406207 3652.001292 3653.759496 3654.483772 3654.400673 3654.031168 3656.137227 3660.943294 3662.780156 3660.509574 3648.451215 3665.298341 3645.586716 3632.297352 3624.182713 3616.022145 3607.783099 3598.398860 3588.614662 3569.123104 3538.812069 3504.753660 3482.861355 3474.745916 3468.797841 3460.702414 3455.224143 3438.625638
3517.146408 3527.695780 3545.529282 3567.889104 3601.020018 3623.918937 3635.155906 3644.326307 3648.957298 3662.681422 3678.965223 3663.928323 3671.817937 3679.982467 3688.094797 3690.880636 3691.678284 3691.310217 3688.936657 3688.200902 3685.854117 3682.279923 3671.917367 3673.515705 3675.422211 3678.029756 3681.740398 3680.615115 3681.707011 3684.655388 3682.920601 3676.935133 3672.908332 3671.335186 3672.282896 3679.682504 3683.134740 3684.076391 3680.923507 3680.014664 3679.068656 3675.839053 3671.806943 3666.122843 3658.851764 3672.642653 3660.824626 3633.327164 3593.901206 3553.545997 3545.423452 3546.748514 3546.808745 3545.266821 3539.755128
3639.821289 3653.262183 3667.813455 3647.308280 3668.520006 3679.377167 3684.453895 3688.418893 3691.174509 3694.115308 3691.086748 3688.045035 3683.188558 3681.659161 3680.319984 3677.894024 3678.529610 3676.644543 3672.606364 3668.627932 3660.823933 3649.357193 3638.183464 3634.722057 3639.052428 3644.615497 3649.690540 3654.022974 3657.706624 3657.812747 3652.418632 3644.058949 3636.567903 3634.890127 3641.723109 3647.443422 3653.846417 3654.702390 3653.313242 3650.869672 3650.666650 3647.473164 3647.708578 3654.719421 3669.315424 3672.311025 3677.915895 3677.117716 3661.308689 3632.685516 3642.541633 3622.726545 3628.571280 3624.050318 3612.795210
3682.530502 3685.161977 3683.613546 3682.455654 3676.128995 3670.114820 3669.353528 3673.363882 3680.394265 3681.488908 3674.472264 3665.959201 3658.794800 3651.467005 3649.170637 3648.567387 3648.298755 3648.782880 3643.518711 3634.381578 3617.578689 3606.044059 3594.997360 3589.070610 3585.467615 3589.063517 3600.166611 3612.092952 3617.091022 3608.044908 3599.695633 3588.008739 3579.958122 3580.389772 3581.532268 3590.972992 3607.524580 3614.777422 3615.548388 3609.196375 3602.879365 3596.281133 3593.289923 3599.719408 3614.932608 3631.499699 3646.884761 3655.907165 3663.564844 3670.600925 3669.481649 3672.084686 3673.517063 3671.494686 3674.140628
3676.779849 3669.857766 3662.947047 3657.707228 3651.288059 3645.992315 3644.204339 3646.163008 3648.222688 3644.241590 3637.893377 3627.962705 3617.036846 3607.420699 3600.006392 3601.050350 3603.424560 3605.058994 3597.917803 3582.737566 3565.136990 3551.749783 3537.960036 3534.070663 3528.313978 3521.006735 3531.160992 3550.626513 3557.893460 3542.077306 3531.315651 3516.247767 3509.615906 3505.708112 3506.546538 3515.487211 3537.691555 3561.305797 3563.283921 3552.428402 3541.648848 3536.877080 3533.668762 3538.373887 3555.101133 3575.636882 3591.497228 3601.768233 3607.067206 3614.824067 3624.172424 3638.200994 3652.811237 3664.987931 3669.988662
3651.892583 3644.181043 3636.579950 3629.037133 3622.214020 3616.107860 3611.900703 3609.996476 3606.261397 3600.273002 3593.368142 3573.500387 3561.255806 3548.596583 3533.963477 3530.255663 3525.763127 3527.012005 3515.678389 3507.620145 3491.112979 3475.901216 3460.446854 3447.472407 3441.813359 3435.254003 3434.113703 3447.748786 3456.227810 3446.429563 3436.722225 3425.922321 3421.281548 3417.932438 3420.345005 3430.734425 3450.441484 3468.719572 3476.942513 3469.495962 3467.784832 3467.465175 3465.821933 3471.935016 3482.884942 3500.799124 3522.855291 3541.362332 3551.052412 3557.878547 3567.049044 3581.282764 3595.259349 3609.454430 3627.251787
3621.594533 3612.409558 3602.623974 3593.067490 3582.743289 3572.420707 3566.104326 3568.759531 3562.847964 3557.328899 3535.496753 3481.486263 3460.961591 3442.393401 3426.514956 3420.120098 3412.016439 3396.801099 3388.297254 3383.805926 3385.371346 3371.489543 3354.721667 3337.343843 3332.537632 3329.032093 3312.447747 3308.643520 3309.413673 3324.685314 3318.561948 3316.962302 3318.551793 3316.157048 3317.575382 3330.347286 3338.322142 3344.069603 3350.681271 3354.872721 3364.938916 3372.089203 3381.556675 3398.316702 3409.124797 3424.326840 3444.428041 3469.545217 3484.549240 3493.814524 3504.024460 3519.102583 3535.089912 3552.584889 3574.760290
3587.315429 3571.252224 3556.954819 3542.900305 3530.443534 3517.882292 3502.568474 3504.588351 3502.580862 3492.752394 3439.428437 3398.979036 3366.225905 3349.370937 3326.269408 3313.279903 3297.850530 3260.755874 3243.888489 3243.294766 3257.643621 3253.933406 3238.792064 3226.969467 3217.841629 3208.833141 3191.607667 3173.671287 3179.689780 3197.726009 3198.333871 3201.354763 3208.959239 3208.348253 3201.839149 3199.623759 3211.688126 3217.190093 3228.090681 3245.076418 3249.690790 3265.087749 3297.886752 3310.409310 3325.034331 3343.095119 3363.131305 3384.239407 3406.149748 3419.740189 3434.487559 3452.545401 3468.871202 3488.868252 3511.182319
3537.424201 3506.978200 3486.348120 3469.393598 3450.820620 3424.788486 3405.147414 3403.262059 3397.422948 3369.598734 3318.828913 3283.639729 3260.382219 3239.133016 3216.632337 3194.002275 3161.252408 3127.359448 3106.067664 3121.423397 3132.667395 3143.814489 3132.527407 3121.896633 3112.508978 3094.968249 3078.409939 3062.430706 3073.344925 3082.008255 3100.327719 3107.003535 3110.906834 3116.559075 3115.080043 3104.624552 3100.019216 3107.924269 3117.575532 3129.161056 3149.719207 3181.067868 3205.061373 3222.637077 3242.485481 3260.460044 3281.248803 3303.571714 3325.596916 3341.910528 3359.618647 3377.021751 3397.284607 3416.023249 3438.518196
3459.068957 3431.376337 3405.562124 3383.056656 3352.890772 3307.784148 3294.117024 3285.751475 3265.092356 3219.126957 3178.392894 3160.760326 3147.891761 3125.302442 3104.884090 3077.445690 3044.596343 3023.296172 3003.318026 3013.910758 3024.408744 3044.315737 3035.738501 3029.006216 3026.123465 3011.079101 2997.975720 2981.801239 2988.244711 3000.311571 3023.431857 3029.324105 3033.411198 3042.635839 3041.810190 3037.182576 3019.960606 3026.570169 3037.020231 3050.609962 3080.941805 3102.946297 3124.878171 3145.954279 3164.592091 3182.275887 3203.613683 3225.830010 3251.108556 3269.805297 3287.993503 3308.690656 3327.220629 3341.227436 3357.173853
3353.279809 3329.831699 3310.766409 3287.382516 3246.033537 3203.257195 3167.080116 3141.952745 3091.469453 3058.188773 3037.876354 3036.932105 3025.327239 3006.417397 2989.046355 2983.487665 2962.373943 2943.893632 2919.308650 2924.945601 2940.850394 2957.976599 2959.167825 2960.124924 2958.800188 2949.621927 2936.326548 2922.817750 2926.611950 2943.656009 2961.623203 2971.602803 2979.317938 2987.090711 2986.850138 2977.419186 2967.410605 2972.106339 2986.869761 2990.764348 3007.235358 3027.195059 3046.676339 3066.195896 3087.755412 3109.312050 3131.283527 3155.058887 3177.783886 3197.738301 3220.273597 3243.415842 3259.163910 3267.243823 3274.593003
3252.646345 3234.045116 3211.742122 3185.456570 3147.737548 3109.125855 3069.506522 3024.484117 2993.292540 2978.885912 2972.602534 2957.920740 2945.298129 2931.567042 2912.189803 2897.213969 2883.095169 2862.472233 2852.610908 2860.184537 2873.909122 2882.445049 2889.331449 2887.473796 2885.389239 2879.924506 2866.200919 2861.905678 2871.891021 2887.098894 2900.837266 2912.348774 2919.235278 2924.369800 2921.303549 2912.113260 2908.953896 2916.978372 2932.164939 2944.741573 2959.104370 2978.822630 2987.347532 3007.163606 3027.876656 3048.635443 3071.798413 3095.673934 3120.235601 3145.980244 3167.087531 3181.800407 3189.292273 3197.607660 3196.581878
3134.818152 3123.986611 3099.332567 3072.750572 3044.720667 3012.732883 2990.141149 2972.359724 2943.859850 2916.590092 2891.874242 2880.351308 2875.027904 2864.314488 2848.259235 2837.906116 2823.118766 2813.428771 2819.742811 2821.385143 2829.802150 2828.288075 2829.477656 2827.286981 2826.903586 2824.828528 2818.721593 2830.463981 2836.129156 2849.493175 2859.501767 2869.161918 2874.883255 2878.390305 2879.393038 2875.002626 2880.623455 2886.502639 2899.860426 2910.567083 2923.575777 2942.794588 2958.324144 2975.973109 2987.353650 3008.296840 3030.113190 3054.156838 3080.524418 3103.582302 3119.940176 3125.280038 3133.144521 3133.510478 3121.454006
