tests/Borden05m/sims/sim_1/output-maps/psiliqL0000N0011.asc
ncols         160
nrows         34
xllcorner     620200.000000
yllcorner     5168000.000000
cellsize      0.500000
NODATA_value  -9999.0
[rows 0 to 24 of 34, columns 56 to 111 of 160]
-9999.0 -9999.0 -9999.0 -9999.0 -9999.0 -9999.0 -9999.0 -9999.0 -9999.0 -9999.0 -9999.0 -9999.0 -9999.0 -9999.0 -9999.0 -9999.0 -9999.0 -9999.0 -9999.0 -9999.0 -9999.0 -9999.0 -9999.0 -9999.0 -9999.0 -9999.0 -9999.0 -9999.0 -9999.0 -9999.0 -9999.0 -9999.0 -9999.0 -9999.0 -9999.0 -9999.0 -9999.0 -9999.0 -9999.0 -9999.0 -9999.0 -9999.0 -9999.0 -9999.0 -9999.0 -9999.0 -9999.0 -9999.0 -9999.0 -9999.0 -9999.0 -9999.0 -9999.0 -9999.0 -9999.0 -9999.0
-9999.0 -9999.0 -9999.0 -556.758105 -557.809115 -558.498052 -558.835120 -560.285788 -561.365656 -562.693028 -562.845710 -562.649917 -562.901289 -563.491938 -562.791860 -561.907930 -561.172724 -560.080620 -560.371289 -560.274469 -559.847225 -559.728204 -559.914178 -560.414108 -560.712345 -561.075669 -560.440359 -561.990284 -564.007013 -565.550668 -565.845517 -564.465134 -563.679839 -563.889046 -563.191741 -561.632379 -560.342648 -560.023264 -558.462156 -558.872829 -558.271582 -557.159001 -558.027351 -558.173978 -557.949434 -557.493830 -559.804569 -9999.0 -9999.0 -9999.0 -9999.0 -9999.0 -9999.0 -9999.0 -9999.0 -9999.0
-560.909380 -557.949461 -558.244299 -562.846970 -563.211875 -563.238946 -562.965615 -563.541227 -565.143494 -565.481707 -566.690547 -567.216626 -567.361976 -567.881079 -567.537018 -565.544688 -564.150792 -563.799835 -564.170528 -564.378984 -564.850467 -565.173224 -565.057291 -565.535835 -565.963218 -566.422893 -566.235951 -564.884172 -566.368992 -567.088573 -567.827044 -568.647607 -568.370223 -568.146302 -568.093116 -566.232540 -565.599813 -565.210788 -562.741223 -560.434569 -559.882463 -560.882851 -561.916342 -561.551839 -561.518889 -562.380825 -563.201819 -563.022975 -563.386855 -563.507474 -564.390260 -563.016896 -563.137755 -561.659206 -560.454302 -559.050454
-564.992691 -561.540950 -561.849285 -565.267922 -567.278888 -567.853092 -567.375514 -565.886926 -566.414868 -567.601240 -569.441703 -567.417647 -567.729573 -567.945296 -567.610551 -566.956403 -566.721062 -566.433603 -566.020694 -564.244821 -564.440837 -564.618948 -564.519763 -564.819391 -565.380708 -565.291684 -565.576768 -567.098348 -566.824477 -566.436167 -566.785290 -565.282367 -565.220247 -564.340523 -567.031024 -566.635647 -566.077509 -565.730690 -565.528002 -565.257018 -564.776914 -565.948549 -565.055798 -565.871718 -567.787212 -568.115546 -567.784226 -565.974114 -565.024844 -565.993357 -569.650142 -567.728413 -563.693183 -564.102830 -564.851205 -562.972932
-567.312948 -566.724839 -567.263394 -568.672033 -567.230777 -566.071636 -565.339288 -565.985552 -567.307868 -568.932209 -565.692770 -564.437969 -565.235268 -564.891156 -563.952659 -563.897845 -567.974039 -569.044432 -567.533424 -565.973313 -565.346790 -566.128679 -566.503418 -567.199269 -567.166352 -566.698323 -567.105805 -566.459928 -565.935560 -566.678992 -565.684556 -564.548704 -563.408167 -565.937627 -568.202683 -568.069276 -566.203422 -564.897573 -564.308201 -562.438313 -559.392211 -559.927093 -560.559132 -560.736468 -560.857023 -564.304425 -567.477793 -568.695555 -569.200266 -570.123542 -569.301998 -570.005802 -566.774470 -567.074234 -567.648949 -566.156703
-570.364473 -566.511411 -565.623083 -567.837550 -568.984896 -569.473698 -569.108376 -569.564876 -569.553106 -566.737789 -565.328013 -562.771446 -563.880865 -563.845103 -563.948082 -566.657173 -568.655482 -570.063572 -565.941706 -562.723397 -561.748917 -562.729471 -563.549628 -560.554459 -561.439320 -561.780452 -563.547572 -562.924871 -563.276272 -560.183133 -559.068204 -557.451759 -558.096820 -561.150196 -563.696922 -563.809746 -563.567865 -563.965502 -563.328224 -561.486772 -559.085947 -560.943498 -561.627061 -561.206455 -566.421456 -570.403825 -571.646912 -568.513763 -566.715521 -566.969892 -566.621666 -566.416445 -568.580893 -568.035721 -567.788758 -568.857059
-562.831402 -560.811082 -557.153973 -559.749205 -561.472908 -564.631341 -564.257578 -563.919253 -562.932647 -561.588996 -558.920514 -553.510963 -554.848205 -554.571826 -552.680581 -555.686729 -558.438087 -562.741570 -558.012687 -557.092496 -555.654626 -556.006163 -552.358108 -549.075823 -551.090342 -553.805367 -557.088758 -555.118909 -550.839460 -546.879087 -546.062644 -545.671328 -544.888676 -547.744775 -548.385848 -548.951342 -548.635623 -550.648378 -550.666295 -547.725968 -542.492128 -541.872157 -544.327800 -549.137835 -556.409831 -562.936558 -566.394695 -561.968501 -563.188434 -563.695591 -562.873350 -565.449578 -566.888304 -564.495314 -566.484277 -568.034130
-561.485712 -559.556073 -555.444237 -557.307716 -560.576748 -564.057993 -563.985295 -561.912660 -561.009776 -557.078904 -551.466791 -544.965340 -541.317866 -537.724269 -533.582918 -536.801729 -540.104766 -543.886330 -543.243864 -538.865094 -534.476748 -528.833069 -522.078682 -514.580382 -516.097084 -519.559854 -519.730066 -518.249245 -510.799950 -503.645304 -500.591318 -498.466190 -494.077893 -496.756458 -501.783559 -507.418526 -512.950692 -517.734899 -521.602898 -515.500963 -508.617632 -510.036210 -523.298970 -533.695448 -543.577422 -552.342840 -561.582619 -561.355661 -559.596099 -557.936600 -561.214492 -562.613264 -565.497540 -565.975919 -565.496999 -568.786363
-542.779827 -537.751002 -531.606601 -528.807815 -534.884465 -535.647030 -533.492521 -528.960615 -527.270370 -521.693888 -505.421082 -476.661649 -438.205341 -406.869736 -402.014924 -410.759154 -425.388983 -448.401119 -460.180997 -442.962979 -421.939951 -404.592869 -396.090190 -390.469968 -386.494454 -386.675313 -386.596049 -385.629768 -384.673841 -382.386148 -379.364460 -376.141493 -372.189241 -370.639247 -375.288115 -379.720975 -384.435318 -388.744678 -389.700565 -391.218903 -388.704475 -389.150479 -399.726768 -426.723210 -470.521657 -500.803127 -518.703600 -531.440445 -531.477441 -536.673771 -540.712000 -545.212389 -555.163321 -557.680385 -558.968843 -566.903463
-501.611019 -477.696343 -455.775312 -431.174349 -426.910193 -421.520827 -416.595648 -408.817016 -401.990055 -397.652673 -382.792262 -362.025747 -337.417585 -315.743517 -307.587475 -315.615872 -324.952636 -335.512173 -343.762715 -342.521536 -331.068215 -317.465135 -305.039263 -297.259072 -294.547541 -295.874642 -295.711361 -295.045358 -292.921011 -291.932864 -289.152550 -284.332188 -275.746526 -264.394779 -266.130187 -279.585473 -290.082164 -302.571246 -307.958854 -310.743519 -315.681722 -316.410027 -316.713915 -336.117038 -357.021331 -376.943265 -393.731522 -408.561910 -442.859163 -472.231133 -490.148305 -514.430269 -532.693665 -545.947632 -554.445155 -562.276303
-384.865588 -367.759446 -348.815518 -335.747658 -329.853257 -326.638392 -323.158178 -317.130101 -311.900613 -305.366783 -292.006357 -263.615503 -229.665896 -197.432116 -190.150498 -197.096371 -206.174251 -218.035627 -224.997838 -227.775607 -223.370298 -216.952100 -204.638286 -195.520969 -184.027431 -184.154363 -182.385985 -182.209408 -181.511386 -181.609469 -179.839083 -176.324250 -169.520457 -160.038784 -158.990053 -165.563445 -180.928590 -195.478097 -205.811305 -218.895882 -227.266130 -229.448058 -229.694371 -230.490047 -248.910274 -276.589358 -310.829667 -333.771839 -352.839244 -364.358103 -374.449790 -381.742941 -400.663110 -420.507553 -466.673447 -499.576756
-306.344656 -284.313323 -259.090938 -239.441002 -226.383906 -218.650178 -213.280701 -206.436262 -200.266544 -190.331198 -174.389142 -158.754581 -128.232989 -67.348168 -50.200642 -51.874957 -60.538033 -74.883627 -76.576906 -77.553251 -76.449211 -99.171493 -68.269055 -84.119421 -43.684707 -66.779691 -38.743342 -40.528045 -39.125189 -65.846734 -38.549909 -39.479432 -65.674531 -32.531019 -59.119148 -32.919330 -72.635617 -61.624943 -77.951703 -122.631604 -133.294508 -138.700419 -140.419157 -143.197186 -152.304928 -175.399696 -210.030120 -243.360360 -267.226807 -283.485319 -295.153841 -302.587136 -308.074576 -320.498840 -343.006760 -369.535905
-210.164993 -190.522139 -169.061156 -141.807119 -118.864787 -78.414029 -70.200449 -66.084357 -56.675402 -68.283463 -27.639585 -43.372881 -6.972945 9.999643 18.112440 23.914182 24.749009 25.956454 27.218205 27.835656 27.597780 27.960862 28.598887 28.652042 30.477612 31.563165 31.362323 30.761314 31.820028 30.904172 31.867940 30.826055 29.771503 29.108819 29.549759 28.878305 27.332542 19.592132 5.784209 -5.351858 -11.636997 -18.370673 -26.612558 -35.213905 -43.686424 -55.520435 -112.117917 -147.567126 -178.305788 -193.418718 -204.499162 -211.115284 -216.013568 -228.844975 -247.404393 -270.362789
-71.122410 -58.946963 -68.625394 -22.291485 -9.083989 1.847356 7.996810 12.344456 21.453139 30.637651 33.507574 32.452442 33.323865 32.433272 33.708728 31.918629 33.027824 30.066977 31.195035 29.243555 24.729390 16.243520 17.403703 18.451897 21.031491 23.709400 22.296684 23.434792 25.570197 24.781699 19.535004 16.741066 14.833705 15.059365 21.171141 24.141015 24.219555 25.172482 24.385197 24.431936 24.311511 24.133707 24.124853 23.744947 19.206198 11.389482 -6.875931 -32.536527 -60.174624 -82.178179 -118.499293 -122.117124 -126.823736 -133.443380 -152.724409 -181.889977
14.425912 24.307037 34.653834 33.749917 34.716995 33.696636 35.647283 35.866568 37.102924 33.545184 29.166630 26.049236 24.409779 23.777872 20.927799 22.300886 20.125944 16.982822 13.642357 8.734934 0.137248 -12.913192 -14.835845 -10.134532 -29.363769 -12.173303 1.125177 3.827001 5.735545 1.729171 -6.403028 -12.979495 -15.211312 -9.407712 -3.949719 0.971807 1.356619 0.244363 -2.722693 -2.310678 -4.225093 -3.536434 2.324026 13.812367 21.102386 21.139650 20.882492 20.845413 20.830034 0.912599 -17.610792 -15.217290 -18.814600 -28.948203 -48.829252 -103.009327
28.029006 28.111565 25.484948 20.834775 15.074098 15.059550 18.372151 25.138581 25.937941 19.824132 12.808584 6.603838 1.408676 0.166505 -3.200048 -3.878713 -3.568519 -8.645631 -14.901090 -28.200720 -57.071682 -88.052140 -97.948971 -99.514267 -94.304270 -78.081036 -39.551758 -31.580566 -35.757335 -44.592527 -85.434313 -98.429363 -99.640355 -95.648381 -82.671950 -41.996721 -38.263379 -48.762116 -74.390392 -80.499771 -85.078759 -81.353514 -44.949748 -29.260055 -16.117457 -5.033262 1.824091 8.093219 13.435526 20.278631 20.192772 20.083797 20.022974 15.870528 3.696437 -13.634286
14.231489 8.477093 4.604226 -2.642503 -7.956947 -9.254213 -6.238928 -2.768883 -4.836730 -10.863318 -20.067005 -30.107877 -41.769604 -59.985116 -80.130194 -82.687422 -83.820080 -90.194262 -104.049947 -121.449268 -137.904528 -155.312017 -160.681967 -164.575968 -165.009097 -151.331017 -131.176797 -123.893714 -134.850381 -145.235452 -163.359195 -173.280588 -176.412620 -174.036703 -162.972375 -141.559673 -125.848198 -127.935428 -140.505053 -150.087504 -154.125411 -153.590876 -140.700163 -120.111570 -99.952609 -82.073913 -45.206221 -37.773037 -30.205520 -21.636058 -11.807249 0.020310 8.558683 18.871686 19.132499 18.979573
-8.914109 -16.262989 -23.347030 -61.870884 -73.866723 -80.060740 -83.054176 -84.875213 -90.249532 -96.142574 -105.162478 -115.960717 -127.426121 -142.737446 -150.285474 -154.652308 -154.124068 -165.516817 -177.204151 -196.327405 -211.107626 -225.739122 -232.907831 -237.294678 -240.841742 -231.712983 -214.759781 -205.251643 -220.152602 -230.333951 -244.474496 -251.611365 -254.802019 -253.689146 -244.764856 -222.683423 -205.707357 -201.466914 -210.770038 -218.556168 -221.863094 -221.603905 -215.238559 -198.535333 -177.859401 -157.083799 -139.176247 -129.038659 -120.612723 -109.877617 -94.371179 -72.986337 -35.743677 -20.506996 -4.214287 8.089426
-75.857096 -88.554733 -100.325400 -116.395877 -129.760826 -137.041300 -137.404253 -144.132032 -149.999910 -158.596877 -195.954237 -209.231114 -224.206732 -237.397040 -242.851663 -250.544135 -254.392599 -263.765970 -270.611176 -280.873295 -293.376838 -305.590537 -315.538491 -317.817765 -319.963316 -321.960100 -313.421440 -309.904623 -312.956790 -318.744598 -324.977079 -328.313539 -330.214426 -327.229142 -317.623197 -308.353612 -299.556928 -296.179770 -301.759568 -298.227766 -293.769678 -293.919381 -280.948199 -268.533224 -252.643808 -233.033576 -212.077703 -201.135881 -192.319377 -181.573479 -165.742889 -147.168868 -126.428078 -102.733054 -75.425544 -31.733886
-128.448916 -142.771511 -157.322095 -170.990731 -183.870915 -195.344330 -195.384322 -199.131356 -204.410204 -232.357718 -268.843106 -293.772747 -306.592769 -320.946017 -327.827268 -336.033589 -353.852206 -363.896497 -369.349973 -368.403076 -375.142081 -383.861494 -390.380020 -392.795355 -394.299002 -398.779870 -400.651426 -398.757151 -394.520044 -398.732741 -401.988528 -401.391262 -402.987855 -402.802842 -397.011904 -390.293799 -386.780207 -383.109580 -379.537366 -377.341796 -373.239114 -356.605885 -344.786413 -334.171014 -320.375975 -304.367472 -286.276142 -271.032435 -260.908598 -248.992741 -231.985160 -216.258361 -195.939647 -172.439030 -143.737070 -121.341511
-192.635238 -209.709239 -224.129086 -238.268599 -252.521448 -271.219303 -273.423954 -279.666328 -288.141603 -318.574035 -348.196627 -371.541480 -383.704078 -395.102512 -403.866243 -430.080969 -471.215084 -489.059691 -488.992019 -484.837152 -489.886086 -501.381594 -509.957763 -515.405461 -520.575357 -527.413253 -531.201586 -527.565817 -523.732018 -524.470989 -525.106212 -523.929170 -524.266248 -524.547672 -523.555947 -516.095794 -511.002909 -505.512478 -500.932253 -497.362785 -476.944817 -444.587931 -415.025295 -396.176077 -384.570618 -369.826467 -351.231451 -336.033986 -325.901383 -312.828715 -297.926767 -281.461212 -263.702701 -241.127625 -213.668395 -191.141863
-253.617429 -275.390863 -292.504544 -309.159482 -333.074978 -345.098078 -353.084329 -359.704039 -376.766805 -397.820604 -433.795489 -479.775960 -500.415378 -514.240197 -525.265819 -535.731274 -543.861149 -548.619562 -545.432992 -543.881283 -541.095742 -545.563246 -549.039460 -549.767858 -552.830251 -555.502880 -559.148838 -556.168262 -554.975196 -551.622085 -552.122454 -552.131763 -550.604456 -551.393511 -551.558698 -553.687471 -551.183178 -549.877630 -548.347757 -542.084214 -535.806504 -528.615462 -521.044930 -510.124210 -494.409498 -467.431770 -423.827340 -396.220468 -384.006100 -371.025479 -354.085042 -339.381630 -325.999375 -309.533555 -288.122632 -268.007900
-328.606754 -343.443541 -360.719542 -381.627761 -404.752346 -439.679629 -456.217078 -484.544994 -504.711802 -526.050765 -537.110410 -542.337873 -547.474105 -551.118014 -553.802876 -558.263915 -561.241387 -565.978005 -564.044981 -561.518905 -557.785141 -560.958840 -561.371922 -560.624483 -562.359161 -564.164581 -567.264290 -566.796336 -564.376419 -561.465181 -561.749917 -561.228061 -559.519865 -559.466979 -560.803765 -563.604245 -562.977124 -561.325309 -559.789098 -556.521719 -553.490148 -550.429960 -547.703005 -543.480997 -538.116458 -531.726246 -521.976365 -507.008315 -492.606660 -464.192920 -418.554976 -394.766833 -385.648545 -375.130878 -356.069556 -340.117703
-393.085635 -408.413424 -448.104844 -493.287480 -518.893283 -536.115980 -544.005586 -550.390053 -556.060807 -558.081172 -560.010810 -562.140457 -563.834583 -565.650973 -567.285816 -568.578666 -570.774374 -575.505567 -573.502061 -570.807717 -567.701741 -567.626368 -567.932439 -567.618239 -568.277614 -570.352233 -574.188839 -572.606886 -570.377266 -568.374534 -567.827077 -567.498878 -566.218218 -567.157835 -569.066292 -571.874235 -570.743023 -568.727532 -567.712577 -566.402854 -564.396636 -562.250345 -560.122962 -557.576087 -554.947379 -551.199467 -546.747783 -541.300653 -534.878585 -526.986271 -515.278471 -506.002175 -494.276172 -479.068061 -446.503502 -409.699847
-510.464331 -523.365846 -533.102975 -541.943688 -550.846698 -555.031499 -558.572798 -561.479659 -564.530027 -566.305839 -567.704920 -566.707266 -567.268989 -569.324645 -569.053906 -570.073720 -573.867530 -572.435404 -571.323057 -568.202281 -568.811898 -568.996372 -569.733880 -569.199449 -569.671616 -573.409835 -571.523864 -570.748697 -568.639975 -568.344616 -567.962430 -567.664126 -567.298402 -567.748346 -570.403827 -569.864211 -569.211909 -567.316169 -567.394518 -566.740591 -564.624401 -564.155308 -562.979268 -561.222339 -559.341481 -557.032207 -554.124214 -549.844503 -545.296625 -540.738845 -539.367858 -535.971468 -532.895977 -535.269080 -528.583537 -520.412599
