tests/Borden05m/sims/sim_1/output-maps/psiliqL0016N0006.asc
ncols         160
nrows         34
xllcorner     620200.000000
yllcorner     5168000.000000
cellsize      0.500000
NODATA_value  -9999.0
[rows 0 to 24 of 34, columns 0 to 54 of 160]
-9999.0 -9999.0 -9999.0 -9999.0 -9999.0 -9999.0 -9999.0 -9999.0 -9999.0 -9999.0 -9999.0 -9999.0 -9999.0 -9999.0 -9999.0 -9999.0 -9999.0 -9999.0 -9999.0 -9999.0 -9999.0 -9999.0 -9999.0 -9999.0 -9999.0 -9999.0 -9999.0 -9999.0 -9999.0 -9999.0 -9999.0 -9999.0 -9999.0 -9999.0 -9999.0 -9999.0 -9999.0 -9999.0 -9999.0 -9999.0 -9999.0 -9999.0 -9999.0 -9999.0 -9999.0 -9999.0 -9999.0 -9999.0 -9999.0 -9999.0 -9999.0 -9999.0 -9999.0 -9999.0 -9999.0
-9999.0 -9999.0 -9999.0 -9999.0 -9999.0 -9999.0 -9999.0 -9999.0 -9999.0 -9999.0 -9999.0 -9999.0 -9999.0 -9999.0 -9999.0 -9999.0 -9999.0 -9999.0 -9999.0 -9999.0 -9999.0 -9999.0 -9999.0 -9999.0 -9999.0 -9999.0 -9999.0 -9999.0 -9999.0 -9999.0 -9999.0 -9999.0 -9999.0 -9999.0 -9999.0 -9999.0 -9999.0 -9999.0 -9999.0 -9999.0 -9999.0 -9999.0 -9999.0 -9999.0 -9999.0 -9999.0 -9999.0 -9999.0 -9999.0 -9999.0 -9999.0 -9999.0 -9999.0 -9999.0 -9999.0
-9999.0 -9999.0 -9999.0 -9999.0 -9999.0 -9999.0 -9999.0 -9999.0 -9999.0 -9999.0 -9999.0 -9999.0 -9999.0 -9999.0 -9999.0 -9999.0 -9999.0 -9999.0 -9999.0 -9999.0 -9999.0 -9999.0 -9999.0 -9999.0 -9999.0 -9999.0 -9999.0 -9999.0 -9999.0 -9999.0 -9999.0 -9999.0 -9999.0 -9999.0 -9999.0 -9999.0 -9999.0 -9999.0 -9999.0 -9999.0 -9999.0 -9999.0 -9999.0 -9999.0 -9999.0 -9999.0 -9999.0 1299.457640 1282.380554 1267.539427 1265.043922 1287.602657 1311.329755 1335.547385 1356.520886
-9999.0 -9999.0 -9999.0 -9999.0 -9999.0 -9999.0 -9999.0 -9999.0 -9999.0 -9999.0 -9999.0 -9999.0 -9999.0 -9999.0 -9999.0 -9999.0 -9999.0 -9999.0 -9999.0 -9999.0 -9999.0 -9999.0 -9999.0 -9999.0 -9999.0 -9999.0 -9999.0 -9999.0 -9999.0 -9999.0 -9999.0 -9999.0 -9999.0 -9999.0 -9999.0 -9999.0 -9999.0 -9999.0 -9999.0 -9999.0 1346.607191 1352.698763 1353.847505 1343.857815 1332.986258 1320.776085 1300.916609 1283.420935 1269.269658 1267.273716 1270.323691 1275.290880 1297.867675 1323.164942 1343.345571
-9999.0 -9999.0 -9999.0 -9999.0 -9999.0 -9999.0 -9999.0 -9999.0 -9999.0 -9999.0 -9999.0 -9999.0 -9999.0 -9999.0 -9999.0 -9999.0 -9999.0 -9999.0 -9999.0 -9999.0 -9999.0 -9999.0 -9999.0 -9999.0 -9999.0 -9999.0 -9999.0 -9999.0 -9999.0 -9999.0 -9999.0 -9999.0 -9999.0 -9999.0 1253.036954 1270.564027 1288.932941 1307.745710 1324.905601 1332.061799 1338.061526 1343.985137 1340.111055 1335.927240 1324.935279 1305.801337 1286.754071 1273.567831 1272.157508 1270.207877 1274.865206 1287.955388 1305.245579 1321.697641 1343.058654
-9999.0 -9999.0 -9999.0 -9999.0 -9999.0 -9999.0 -9999.0 -9999.0 -9999.0 -9999.0 -9999.0 -9999.0 -9999.0 -9999.0 -9999.0 -9999.0 -9999.0 -9999.0 -9999.0 -9999.0 -9999.0 -9999.0 -9999.0 -9999.0 -9999.0 -9999.0 -9999.0 -9999.0 1256.153442 1250.461888 1245.812320 1244.705417 1243.788311 1243.097501 1250.158827 1262.336793 1280.540041 1302.755915 1316.252599 1323.928400 1331.038912 1332.130303 1327.387099 1325.968994 1326.870792 1315.401005 1304.142437 1293.654951 1283.558701 1282.283279 1292.341553 1307.144751 1324.015809 1339.458896 1355.474511
-9999.0 -9999.0 -9999.0 -9999.0 -9999.0 -9999.0 -9999.0 -9999.0 -9999.0 -9999.0 -9999.0 -9999.0 -9999.0 -9999.0 -9999.0 -9999.0 -9999.0 -9999.0 -9999.0 -9999.0 -9999.0 -9999.0 -9999.0 1225.445016 1231.207966 1237.998389 1245.817211 1247.060123 1243.408194 1238.194119 1235.654940 1234.636927 1233.284412 1238.250603 1246.539920 1260.450384 1276.660797 1299.167145 1308.249538 1314.509100 1327.107284 1330.633871 1337.406368 1342.067879 1340.964696 1338.499229 1326.154509 1317.072458 1322.219094 1328.438390 1336.017767 1344.852304 1359.038145 1374.804070 1392.430295
-9999.0 -9999.0 -9999.0 -9999.0 -9999.0 -9999.0 -9999.0 -9999.0 -9999.0 -9999.0 -9999.0 -9999.0 -9999.0 -9999.0 -9999.0 -9999.0 -9999.0 -9999.0 -9999.0 1200.142629 1201.230891 1202.693556 1207.641286 1208.534892 1210.855631 1218.119006 1226.605887 1229.468111 1228.050547 1227.170070 1229.163442 1232.392822 1237.357873 1249.062942 1263.380284 1278.127384 1292.429319 1313.942632 1329.314687 1343.336550 1359.878641 1360.144149 1356.949237 1355.919464 1357.097415 1357.783306 1361.640250 1364.538694 1371.697768 1376.586894 1383.365477 1393.638863 1406.184807 1424.998223 1445.258603
-9999.0 -9999.0 -9999.0 -9999.0 -9999.0 -9999.0 -9999.0 -9999.0 -9999.0 -9999.0 -9999.0 -9999.0 -9999.0 -9999.0 -9999.0 -9999.0 1171.226201 1173.206154 1175.634775 1181.193594 1184.448605 1188.705366 1195.950854 1197.553028 1201.614799 1209.143490 1214.394318 1223.763894 1232.381446 1240.202509 1246.739851 1250.008428 1257.950595 1268.195710 1280.709716 1296.465942 1318.479959 1342.470624 1359.476104 1377.142343 1395.121076 1396.618620 1396.339713 1398.267864 1399.396631 1405.906295 1423.907716 1430.387920 1431.693230 1448.211971 1463.097562 1469.071979 1477.839766 1498.142450 1522.614801
-9999.0 -9999.0 -9999.0 -9999.0 -9999.0 -9999.0 -9999.0 -9999.0 -9999.0 -9999.0 -9999.0 -9999.0 -9999.0 1124.108708 1128.405783 1138.309659 1148.123189 1150.981082 1155.653801 1162.102650 1174.609528 1178.595078 1185.167939 1193.091239 1205.548408 1214.666646 1224.308444 1236.703672 1245.667104 1253.517321 1261.154672 1267.093981 1280.855878 1296.737778 1313.167025 1334.164417 1357.162607 1378.423013 1399.627743 1416.667366 1431.172061 1433.520157 1433.705371 1437.218432 1445.676985 1463.525683 1483.461685 1492.741470 1511.269148 1535.657035 1550.374524 1563.032386 1572.823203 1587.671719 1610.216326
-9999.0 -9999.0 -9999.0 -9999.0 -9999.0 -9999.0 -9999.0 -9999.0 -9999.0 -9999.0 1091.501136 1093.907950 1090.740307 1090.394701 1095.896591 1108.360126 1122.520297 1129.279918 1141.288175 1162.655309 1180.982294 1184.881941 1199.729629 1210.472124 1217.803873 1228.837500 1242.602234 1256.019974 1273.401230 1286.625380 1298.729730 1318.760626 1336.195698 1353.835539 1372.768850 1394.378362 1415.040326 1444.252086 1472.480752 1486.283276 1509.253463 1520.492757 1518.994609 1520.398724 1531.089422 1548.274455 1570.635401 1595.127133 1618.738444 1646.008385 1664.753052 1681.067557 1693.447933 1707.177849 1724.486664
-9999.0 -9999.0 -9999.0 -9999.0 -9999.0 -9999.0 -9999.0 -9999.0 1066.536818 1074.211130 1080.533631 1077.854218 1073.750308 1069.951551 1084.214302 1100.409727 1116.860343 1135.017196 1151.425803 1170.121866 1185.749812 1202.354633 1222.842261 1235.093506 1247.345603 1263.431915 1277.907961 1295.697113 1317.939464 1331.189703 1348.421168 1370.879792 1390.536591 1409.971567 1430.339028 1450.127364 1477.638733 1512.677699 1546.239646 1570.089931 1599.643416 1623.647226 1624.128014 1627.975952 1634.073465 1661.674378 1693.083543 1726.116737 1753.329955 1782.922379 1814.843645 1835.326077 1847.771012 1861.785385 1878.276235
-9999.0 -9999.0 -9999.0 -9999.0 -9999.0 -9999.0 1038.760485 1063.267424 1078.655754 1071.047640 1061.004032 1057.625032 1053.797414 1078.713732 1101.260838 1119.083366 1136.548572 1154.771398 1171.913463 1184.977478 1218.855794 1237.631557 1252.499194 1270.818803 1286.370552 1302.027428 1320.497072 1344.877387 1367.550678 1397.746005 1423.971647 1448.731546 1476.528673 1497.988397 1518.788241 1538.828278 1572.056545 1611.522025 1650.466279 1681.296719 1710.525642 1743.471222 1751.717523 1759.008004 1767.649825 1791.446768 1825.958757 1858.902480 1895.054294 1929.496574 1958.841925 1972.770577 1984.709365 1997.151508 2011.538065
-9999.0 -9999.0 -9999.0 -9999.0 1005.006055 1026.115419 1046.295547 1077.280071 1100.236255 1095.805534 1102.806079 1103.346480 1101.891422 1106.607321 1114.511560 1133.231698 1152.648638 1172.373979 1190.553685 1225.306778 1270.632433 1286.597617 1311.067650 1343.853684 1358.485340 1375.004300 1392.699396 1417.077961 1444.558060 1479.137765 1523.600065 1561.860397 1589.350778 1614.234929 1637.824140 1661.958293 1698.994615 1739.541739 1779.283758 1816.052680 1848.138180 1876.153222 1889.956425 1899.383979 1913.024043 1931.712272 1955.587780 1985.251352 2018.872567 2052.773615 2079.294969 2093.858740 2102.613480 2113.946391 2124.585875
-9999.0 -9999.0 -9999.0 954.822795 993.746803 1032.090420 1059.350360 1090.703141 1123.502942 1128.348199 1138.162938 1143.423617 1148.527200 1157.686716 1166.556413 1184.511797 1201.842801 1219.166921 1242.133922 1279.491964 1314.884550 1344.397609 1377.184210 1404.013910 1425.306842 1442.532741 1462.936007 1488.480363 1529.966227 1568.761544 1620.770036 1675.993212 1714.696629 1741.150417 1766.268731 1796.560192 1824.655629 1864.249044 1902.015583 1937.755726 1971.660954 1997.959438 2017.689473 2026.473559 2037.629171 2047.642777 2065.204014 2088.319841 2111.730962 2142.026847 2171.600527 2197.940545 2212.939524 2223.633157 2240.046626
-9999.0 -9999.0 907.343594 945.519181 979.531378 1029.701148 1083.183286 1118.353437 1159.917236 1184.207479 1191.783010 1209.394440 1226.143239 1233.973800 1249.943852 1267.695204 1286.953623 1295.084408 1313.509144 1343.447136 1392.966806 1438.469650 1458.210807 1509.254623 1543.934058 1574.119583 1594.489136 1623.555820 1661.761932 1704.936058 1755.481218 1807.916677 1848.443182 1881.826347 1901.077213 1923.405367 1948.511184 1975.541431 2012.233396 2042.834880 2076.279552 2103.609136 2126.166894 2133.369813 2139.290770 2156.313570 2182.373878 2210.152754 2236.223996 2261.386346 2263.724423 2277.833225 2284.814081 2289.101982 2294.841473
-9999.0 -9999.0 880.186912 925.472454 965.384513 1031.287398 1112.477039 1150.209320 1193.960734 1241.226371 1261.047981 1287.035538 1298.861744 1307.972150 1332.363383 1355.254937 1369.805737 1377.987105 1378.492802 1435.011806 1494.206256 1543.478750 1587.681625 1657.529602 1705.765078 1725.740982 1741.414795 1764.717293 1791.487280 1836.537293 1885.337850 1940.448389 1985.997820 2019.029489 2037.312473 2058.002138 2080.197056 2099.546088 2120.442576 2162.044407 2191.852578 2219.278237 2247.501944 2268.623493 2277.870831 2282.691610 2271.750521 2283.983207 2292.772825 2297.469658 2300.018744 2297.875842 2298.240244 2299.707441 2301.234661
-9999.0 790.608209 842.937196 896.042080 964.787335 1031.940871 1114.973223 1195.456728 1255.015529 1304.843507 1336.016767 1348.897861 1384.065807 1427.040347 1454.460277 1481.807071 1486.865024 1494.199586 1485.135173 1535.717521 1585.870855 1659.255450 1769.096055 1827.894776 1876.983273 1881.215294 1878.560343 1892.967082 1918.383188 1964.415073 2034.679017 2084.822934 2141.025915 2184.005665 2201.258918 2210.027594 2229.286198 2250.621441 2234.888950 2261.159180 2274.153112 2285.041496 2289.648435 2292.673983 2295.109125 2296.733704 2295.093239 2290.300721 2284.064423 2279.889884 2277.032859 2273.471057 2276.554087 2280.233392 2281.144012
-9999.0 754.780698 814.129605 885.528956 956.602225 1022.746427 1124.740158 1271.766182 1328.482359 1368.705682 1393.188161 1414.370647 1493.583644 1562.348327 1598.469377 1645.219925 1640.978780 1632.156906 1618.252482 1652.072527 1702.225557 1777.523836 1924.030331 2010.523440 2043.991699 2057.754349 2067.131095 2096.474552 2136.327220 2176.164267 2212.651138 2210.981095 2241.996593 2258.704005 2264.985328 2268.641490 2274.474555 2276.419529 2276.451475 2274.566049 2271.612382 2273.350131 2278.792563 2279.946687 2278.554464 2276.905027 2272.809426 2266.707825 2262.515161 2259.000355 2257.149463 2254.796442 2253.493422 2253.477708 2248.953949
-9999.0 723.831849 795.625559 858.870183 922.213782 1034.762578 1162.352235 1300.406076 1396.140641 1437.230667 1460.325730 1530.998503 1636.788637 1738.202388 1793.642347 1821.652080 1823.585751 1802.182389 1805.094685 1851.297048 1918.228324 2014.194433 2112.412729 2193.378708 2209.927019 2216.954151 2196.803039 2214.927453 2231.936273 2237.843662 2242.507190 2249.490524 2257.505868 2262.969759 2264.205649 2263.704970 2261.134607 2255.069446 2251.730486 2249.736891 2247.395223 2247.824753 2251.217866 2253.374353 2251.825590 2249.117866 2245.777064 2241.226448 2236.063467 2230.333621 2227.010448 2223.349805 2221.220487 2215.960461 2211.085118
-9999.0 621.509067 710.945293 764.622544 875.233725 1051.915498 1180.157793 1330.943129 1481.973436 1523.634289 1601.335950 1729.560680 1842.314707 1922.126016 1965.697407 2009.697838 2040.829129 2065.766189 2102.725577 2054.374625 2114.986428 2178.355930 2207.865388 2223.607391 2229.766523 2234.410613 2229.954677 2214.343049 2207.607885 2204.394117 2209.168465 2219.091634 2226.734586 2234.074007 2233.745117 2235.848385 2237.243111 2234.773525 2231.733637 2224.133115 2217.075998 2211.690608 2210.146355 2215.796920 2211.686446 2209.531399 2204.547983 2197.509464 2189.694840 2182.906974 2175.759595 2169.259533 2166.240947 2159.958744 2157.131651
-9999.0 540.629159 617.160701 703.438265 839.051586 1004.190970 1131.439437 1299.714333 1514.539145 1637.877587 1772.924496 1854.551202 1934.318345 1998.773347 2063.974407 2114.621255 2142.816390 2156.115603 2146.388839 2161.178873 2131.122539 2126.778109 2146.860078 2176.025304 2192.482722 2199.432152 2194.295277 2187.105562 2182.950874 2184.579982 2185.530685 2185.651973 2185.250302 2184.265060 2182.281696 2185.181753 2190.318817 2184.351854 2175.518012 2167.077405 2159.401950 2150.910445 2145.384928 2141.969892 2141.464565 2141.898245 2135.242927 2125.835071 2116.185088 2108.710158 2101.491137 2095.947927 2092.621135 2086.251843 2076.019584
-9999.0 439.637230 562.413925 654.828944 774.204807 911.221474 1036.670654 1201.310822 1351.239352 1578.222951 1740.158378 1864.197956 1914.060012 1979.969806 2042.507136 2113.918761 2121.349699 2096.319969 2066.455805 2054.933265 2063.890103 2075.714428 2090.063230 2110.553120 2129.864818 2141.619456 2146.397370 2141.449970 2129.972466 2122.048395 2116.262304 2107.268460 2100.986868 2100.454219 2102.289906 2110.088427 2111.975964 2102.644301 2089.081181 2072.012369 2057.014257 2045.613759 2042.402377 2043.741302 2043.973049 2040.643029 2034.558074 2024.731512 2012.947491 2001.648023 1994.677412 1989.045182 1981.048572 1969.133660 1955.386296
-9999.0 -9999.0 485.987528 597.121905 704.328886 826.868656 940.772262 1083.393814 1235.547234 1419.758482 1542.606150 1685.022462 1766.515671 1817.768819 1870.155647 1929.072986 1952.890509 1977.472917 1966.204104 1974.506034 1983.846625 1991.583210 2002.105207 2014.201397 2028.477212 2039.988518 2049.658421 2049.046902 2041.520949 2025.238636 2005.327952 1990.123002 1981.787824 1974.980165 1984.783329 1996.057922 1992.279447 1984.886717 1971.834928 1954.749397 1940.500805 1925.609461 1921.008394 1920.660262 1920.535791 1917.722616 1913.746029 1901.366125 1888.964479 1877.662707 1872.265966 1865.635403 1859.353358 1846.925808 1833.064994
-9999.0 -9999.0 401.200445 509.810278 623.589723 747.225342 846.996584 916.937137 1069.760879 1187.641195 1296.291065 1400.637112 1489.279642 1557.483486 1603.858427 1668.591265 1715.097548 1734.615751 1760.193696 1795.485308 1824.140365 1854.851333 1875.089816 1888.612583 1903.652974 1918.388073 1928.063177 1917.056609 1907.127620 1891.440381 1870.783426 1847.926907 1836.205736 1833.310034 1834.929265 1839.060310 1832.476483 1822.179473 1806.711493 1789.976083 1775.629530 1763.367510 1758.276250 1753.784483 1751.816597 1748.728856 1745.741201 1737.857605 1727.274999 1720.163101 1711.674388 1705.488004 1701.746754 1694.147193 1683.579585
