tests/Borden05m/sims/sim_1/output-maps/psiliqL0004N0019.asc
ncols         160
nrows         34
xllcorner     620200.000000
yllcorner     5168000.000000
cellsize      0.500000
NODATA_value  -9999.0
[rows 0 to 24 of 34, columns 0 to 55 of 160]
-9999.0 -9999.0 -9999.0 -9999.0 -9999.0 -9999.0 -9999.0 -9999.0 -9999.0 -9999.0 -9999.0 -9999.0 -9999.0 -9999.0 -9999.0 -9999.0 -9999.0 -9999.0 -9999.0 -9999.0 -9999.0 -9999.0 -9999.0 -9999.0 -9999.0 -9999.0 -9999.0 -9999.0 -9999.0 -9999.0 -9999.0 -9999.0 -9999.0 -9999.0 -9999.0 -9999.0 -9999.0 -9999.0 -9999.0 -9999.0 -9999.0 -9999.0 -9999.0 -9999.0 -9999.0 -9999.0 -9999.0 -9999.0 -9999.0 -9999.0 -9999.0 -9999.0 -9999.0 -9999.0 -9999.0 -9999.0
-9999.0 -9999.0 -9999.0 -9999.0 -9999.0 -9999.0 -9999.0 -9999.0 -9999.0 -9999.0 -9999.0 -9999.0 -9999.0 -9999.0 -9999.0 -9999.0 -9999.0 -9999.0 -9999.0 -9999.0 -9999.0 -9999.0 -9999.0 -9999.0 -9999.0 -9999.0 -9999.0 -9999.0 -9999.0 -9999.0 -9999.0 -9999.0 -9999.0 -9999.0 -9999.0 -9999.0 -9999.0 -9999.0 -9999.0 -9999.0 -9999.0 -9999.0 -9999.0 -9999.0 -9999.0 -9999.0 -9999.0 -9999.0 -9999.0 -9999.0 -9999.0 -9999.0 -9999.0 -9999.0 -9999.0 -9999.0
-9999.0 -9999.0 -9999.0 -9999.0 -9999.0 -9999.0 -9999.0 -9999.0 -9999.0 -9999.0 -9999.0 -9999.0 -9999.0 -9999.0 -9999.0 -9999.0 -9999.0 -9999.0 -9999.0 -9999.0 -9999.0 -9999.0 -9999.0 -9999.0 -9999.0 -9999.0 -9999.0 -9999.0 -9999.0 -9999.0 -9999.0 -9999.0 -9999.0 -9999.0 -9999.0 -9999.0 -9999.0 -9999.0 -9999.0 -9999.0 -9999.0 -9999.0 -9999.0 -9999.0 -9999.0 -9999.0 -9999.0 -607.879476 -614.846599 -623.168177 -625.377626 -615.822389 -610.785972 -605.940136 -602.307279 -598.870990
-9999.0 -9999.0 -9999.0 -9999.0 -9999.0 -9999.0 -9999.0 -9999.0 -9999.0 -9999.0 -9999.0 -9999.0 -9999.0 -9999.0 -9999.0 -9999.0 -9999.0 -9999.0 -9999.0 -9999.0 -9999.0 -9999.0 -9999.0 -9999.0 -9999.0 -9999.0 -9999.0 -9999.0 -9999.0 -9999.0 -9999.0 -9999.0 -9999.0 -9999.0 -9999.0 -9999.0 -9999.0 -9999.0 -9999.0 -9999.0 -605.104674 -602.031126 -599.810640 -604.407450 -606.890460 -607.475247 -612.928206 -618.927385 -625.026020 -623.639466 -623.434915 -626.825241 -619.713291 -613.636307 -610.717322 -608.106877
-9999.0 -9999.0 -9999.0 -9999.0 -9999.0 -9999.0 -9999.0 -9999.0 -9999.0 -9999.0 -9999.0 -9999.0 -9999.0 -9999.0 -9999.0 -9999.0 -9999.0 -9999.0 -9999.0 -9999.0 -9999.0 -9999.0 -9999.0 -9999.0 -9999.0 -9999.0 -9999.0 -9999.0 -9999.0 -9999.0 -9999.0 -9999.0 -9999.0 -9999.0 -623.650195 -617.387815 -614.038601 -610.751345 -606.489702 -607.131679 -607.642639 -604.919503 -607.312330 -607.822166 -611.296351 -617.650391 -624.172934 -628.046304 -625.001514 -626.204773 -625.976150 -622.533641 -619.857030 -618.188693 -613.077704 -605.659799
-9999.0 -9999.0 -9999.0 -9999.0 -9999.0 -9999.0 -9999.0 -9999.0 -9999.0 -9999.0 -9999.0 -9999.0 -9999.0 -9999.0 -9999.0 -9999.0 -9999.0 -9999.0 -9999.0 -9999.0 -9999.0 -9999.0 -9999.0 -9999.0 -9999.0 -9999.0 -9999.0 -9999.0 -615.281589 -617.665753 -619.536076 -619.527108 -620.370843 -623.382985 -623.851175 -622.693763 -618.844922 -613.077783 -611.556177 -611.675295 -610.923783 -611.955691 -615.332366 -615.806259 -612.511586 -616.413559 -618.717492 -621.530252 -627.554235 -629.017697 -625.358554 -621.597931 -618.122302 -616.575329 -615.171690 -614.231252
-9999.0 -9999.0 -9999.0 -9999.0 -9999.0 -9999.0 -9999.0 -9999.0 -9999.0 -9999.0 -9999.0 -9999.0 -9999.0 -9999.0 -9999.0 -9999.0 -9999.0 -9999.0 -9999.0 -9999.0 -9999.0 -9999.0 -9999.0 -620.236469 -618.043588 -617.031362 -615.024025 -615.872855 -620.173141 -623.123602 -624.453712 -625.511533 -627.888024 -627.984638 -627.668310 -625.564194 -623.667099 -617.589312 -619.482924 -620.652598 -615.725449 -616.591416 -613.646026 -610.409176 -611.257828 -610.891359 -617.370216 -622.326766 -617.494984 -615.344202 -615.182710 -615.728411 -613.435660 -610.404983 -606.683156 -601.001727
-9999.0 -9999.0 -9999.0 -9999.0 -9999.0 -9999.0 -9999.0 -9999.0 -9999.0 -9999.0 -9999.0 -9999.0 -9999.0 -9999.0 -9999.0 -9999.0 -9999.0 -9999.0 -9999.0 -621.071638 -621.670276 -622.860997 -622.226744 -626.224209 -627.877960 -626.437403 -623.940234 -625.137410 -627.583599 -629.718157 -629.433742 -629.073514 -629.414221 -625.830505 -622.731676 -621.230176 -621.120653 -616.119243 -614.115996 -611.121486 -604.646062 -608.310022 -612.209025 -614.291364 -614.493184 -615.551598 -611.869050 -610.686335 -610.028227 -609.975576 -609.436684 -608.032657 -606.757692 -600.921487 -595.185856 -589.977108
-9999.0 -9999.0 -9999.0 -9999.0 -9999.0 -9999.0 -9999.0 -9999.0 -9999.0 -9999.0 -9999.0 -9999.0 -9999.0 -9999.0 -9999.0 -9999.0 -622.579730 -622.881390 -624.354664 -626.667791 -628.755738 -628.684752 -626.771146 -629.805394 -630.703788 -629.754947 -630.920241 -629.047944 -627.101556 -624.878636 -623.789360 -625.849284 -625.143590 -625.002697 -624.667938 -622.852319 -617.275397 -611.956763 -610.040247 -606.137608 -600.101316 -602.906773 -604.305130 -604.183636 -605.945289 -603.856427 -595.317938 -595.956228 -598.737848 -589.781172 -584.716136 -585.568517 -585.574203 -579.191587 -569.771829 -557.722400
-9999.0 -9999.0 -9999.0 -9999.0 -9999.0 -9999.0 -9999.0 -9999.0 -9999.0 -9999.0 -9999.0 -9999.0 -9999.0 -624.674487 -624.891810 -624.211772 -627.859446 -630.905702 -632.696547 -635.162898 -631.386351 -633.711787 -634.272617 -633.436143 -630.023804 -629.640244 -628.955295 -626.630649 -626.900517 -627.500410 -628.081061 -629.635998 -626.519321 -623.301315 -620.765208 -616.142485 -612.144763 -608.630443 -603.386169 -601.497910 -597.876887 -598.553043 -601.738539 -602.343845 -599.402864 -591.157670 -584.312132 -581.156126 -570.131383 -558.258693 -551.692918 -544.074672 -539.591595 -533.288836 -519.692143 -485.747177
-9999.0 -9999.0 -9999.0 -9999.0 -9999.0 -9999.0 -9999.0 -9999.0 -9999.0 -9999.0 -631.717512 -629.592888 -632.803769 -638.680145 -641.158181 -639.490719 -637.717167 -639.763224 -639.357620 -632.624485 -628.799572 -634.275836 -629.933066 -629.519674 -631.642814 -630.638016 -628.560506 -627.736560 -623.397164 -622.668813 -622.002364 -615.268611 -612.852425 -610.306345 -607.060161 -603.424614 -599.819000 -589.421044 -580.336227 -578.884095 -567.494207 -560.339850 -565.138993 -566.791887 -564.561152 -555.514475 -540.648054 -519.759343 -498.736287 -470.172187 -445.305595 -428.791383 -416.511299 -402.401680 -386.045406 -360.542945
-9999.0 -9999.0 -9999.0 -9999.0 -9999.0 -9999.0 -9999.0 -9999.0 -640.898740 -637.322117 -635.065077 -637.826774 -641.622008 -648.480811 -645.574041 -642.687112 -640.601919 -637.670635 -636.066014 -634.571562 -635.499508 -632.910587 -628.430816 -628.975677 -628.110745 -625.049102 -624.342998 -621.324404 -616.944272 -617.582234 -614.655932 -610.217617 -606.241561 -602.601270 -598.432814 -595.167686 -584.350355 -570.142554 -554.905635 -541.132486 -522.028105 -499.708325 -498.645568 -494.542658 -488.992186 -459.664744 -423.744495 -389.243195 -362.649396 -339.209074 -314.727303 -300.736848 -291.178938 -279.316167 -264.750049 -251.458057
-9999.0 -9999.0 -9999.0 -9999.0 -9999.0 -9999.0 -646.772438 -638.500238 -634.533619 -643.298602 -650.358566 -652.809629 -657.118141 -647.545106 -639.365518 -637.508777 -635.981546 -634.209207 -634.471904 -638.827627 -626.590494 -628.837980 -630.347533 -626.174979 -625.737646 -624.716942 -621.718197 -615.752047 -612.172712 -601.207393 -592.603995 -584.890743 -575.471010 -569.048245 -562.343961 -554.271933 -534.897672 -505.552634 -468.459323 -433.326633 -401.909236 -373.189494 -362.739924 -356.998800 -349.895614 -335.971356 -311.269770 -284.673422 -253.689921 -224.037310 -201.035206 -190.107628 -180.416278 -169.545252 -156.205353 -141.662395
-9999.0 -9999.0 -9999.0 -9999.0 -643.082641 -641.006191 -642.062606 -634.782555 -629.796660 -640.123687 -636.335678 -638.172612 -641.679285 -645.819040 -650.754500 -646.535528 -643.864058 -641.871936 -641.877130 -629.592939 -618.893241 -623.661011 -617.905090 -607.818029 -608.630110 -606.742113 -605.155545 -599.667202 -590.572814 -578.930623 -555.926386 -533.262752 -515.336100 -495.493444 -475.028584 -448.391128 -412.626533 -375.254972 -345.314641 -316.598571 -289.717051 -267.777709 -253.065743 -244.366268 -233.622261 -220.809352 -203.587822 -179.358610 -152.146540 -120.649218 -91.089931 -74.555244 -66.079726 -56.055565 -43.719710 -25.908129
-9999.0 -9999.0 -9999.0 -648.699956 -640.412162 -636.989801 -640.051548 -638.008182 -631.607247 -636.935833 -637.747057 -638.551207 -638.975459 -638.644027 -638.791190 -636.140967 -635.203361 -636.210572 -633.823469 -625.665352 -620.723551 -613.628620 -607.480573 -599.246652 -592.410794 -589.008233 -584.716539 -575.317387 -554.210358 -527.811845 -481.741360 -424.507838 -384.597607 -361.461647 -345.919828 -325.413891 -304.984364 -275.066508 -245.171162 -216.725969 -188.156827 -164.030689 -141.967103 -128.358009 -119.409531 -110.642757 -94.060165 -74.371532 -53.863875 -23.019977 28.287501 48.630020 59.484359 66.495264 79.404584 92.710771
-9999.0 -9999.0 -647.945078 -643.048101 -645.601626 -639.304877 -632.339743 -635.550273 -627.512063 -624.539455 -631.013349 -626.494214 -623.870048 -627.611727 -624.190025 -620.364229 -618.239258 -622.963250 -625.802082 -616.252842 -597.544018 -581.582144 -570.852729 -536.452063 -514.660802 -499.725636 -490.900237 -467.415165 -432.597091 -385.927174 -344.569634 -302.630235 -266.907409 -238.563654 -225.868705 -210.716493 -188.124433 -164.208749 -135.003090 -108.056437 -80.889310 -55.701198 -28.996417 6.645274 12.369156 25.105424 43.275764 62.482719 80.884922 98.614097 116.534441 117.839621 118.424626 118.744753 118.926547 119.375973
-9999.0 -9999.0 -653.513500 -645.532955 -650.124476 -637.694006 -625.904060 -634.247878 -629.704199 -618.023998 -619.658269 -617.290877 -617.323577 -615.579949 -609.772868 -599.998620 -603.690768 -605.147171 -614.251073 -588.443628 -563.813999 -521.271245 -448.748877 -392.189135 -360.425977 -354.455759 -350.269924 -336.597026 -315.451146 -276.181516 -226.708716 -173.878963 -131.456451 -103.543266 -89.585858 -75.022918 -52.223926 -9.613239 7.713081 36.571302 53.963201 72.758980 93.130438 111.472994 117.784554 118.168949 117.470963 118.080595 118.312232 118.459980 118.362750 115.347229 114.473070 114.939313 115.954923 111.259499
-9999.0 -656.244819 -651.960971 -651.158155 -642.856952 -643.975383 -633.270079 -618.833935 -616.798713 -610.433263 -608.453280 -612.846474 -587.769023 -565.632746 -556.054290 -537.834952 -543.713694 -548.660703 -558.379172 -531.168554 -479.425713 -387.491804 -291.542767 -247.162585 -227.305148 -227.265815 -231.757398 -219.355157 -193.858715 -151.242853 -79.768254 -5.109156 34.684769 62.316359 71.027421 73.157812 86.201602 103.150931 117.861318 121.028348 121.438993 122.320833 118.398939 118.868549 118.783861 118.683812 115.695252 109.492049 101.037730 94.361010 90.216001 85.599755 87.821146 90.943398 92.246202 85.103178
-9999.0 -668.620506 -652.707963 -643.492426 -645.904621 -650.636074 -628.089890 -596.279383 -601.596848 -601.533018 -599.586717 -578.576771 -521.601760 -465.825975 -429.892962 -395.539146 -397.113843 -407.642684 -405.724506 -374.582053 -327.018274 -255.789068 -151.063164 -83.875676 -92.793889 -92.310251 -88.369932 -67.985598 -37.246348 1.073218 72.079367 102.187428 107.845091 109.525361 110.039644 110.353831 110.866862 111.260189 108.052612 104.261452 97.233428 98.304985 103.334240 103.040127 98.528082 95.091071 89.440150 80.024673 54.095303 40.480619 34.985597 30.782036 28.894699 29.122038 24.910979 18.265188
-9999.0 -656.534812 -639.288897 -643.034004 -656.102007 -634.722346 -623.160663 -597.939340 -577.655472 -576.433797 -548.631218 -469.141736 -388.642912 -330.626831 -296.292905 -277.273234 -265.142184 -266.289770 -245.485087 -197.251576 -121.991509 -17.978498 27.449172 72.466189 34.966008 12.889833 3.006616 2.488273 7.857607 20.111241 44.916020 85.505084 94.779334 99.722677 97.303761 94.249032 89.865078 82.420467 76.982166 71.359386 45.579922 45.344253 69.208791 68.872643 43.593958 34.057674 27.062514 18.520545 6.633367 -3.806762 -9.490774 -14.333134 -17.074319 -21.664361 -26.868145 -33.360124
-9999.0 -678.806487 -652.573635 -673.430577 -643.961106 -618.919944 -617.168650 -578.647232 -532.214184 -506.560898 -414.455539 -341.232098 -273.473453 -225.270050 -189.308964 -151.206824 -125.208456 -98.497220 -63.686251 -27.413912 64.309776 93.470165 96.802286 95.945842 75.067696 20.705241 -1.785651 -23.390683 -31.006339 -30.286858 -16.402205 6.324749 23.917035 56.579351 32.965392 28.931408 27.265508 23.377699 19.396450 10.006137 -2.091466 -7.403176 -4.475887 0.236052 -10.327938 -17.215732 -24.811024 -34.074634 -44.516745 -53.961304 -62.355268 -69.630524 -73.045029 -78.972402 -80.712473 -87.802841
-9999.0 -696.074908 -676.077281 -662.445466 -637.292586 -619.039939 -600.000381 -558.551563 -467.228607 -386.433251 -321.045501 -285.534007 -231.425999 -172.693579 -114.771848 -83.558498 -66.870977 -60.057033 -50.532925 -39.394228 -37.624965 4.311530 20.995571 37.667505 1.005545 -19.694632 -38.887256 -53.542618 -59.217725 -55.838093 -49.729624 -41.487175 -34.407475 -28.376800 -33.688199 -33.768006 -30.328154 -35.602843 -42.756256 -50.271188 -57.699255 -65.223173 -69.648097 -72.566269 -76.549987 -78.585665 -86.683676 -97.379902 -108.143255 -116.605538 -124.782885 -131.176112 -133.479293 -137.962374 -143.757096 -153.655697
-9999.0 -738.959246 -669.981007 -662.767629 -647.554542 -641.698358 -634.683061 -601.191714 -547.650341 -400.175373 -265.619415 -247.687991 -228.774137 -194.672466 -139.535497 -89.504903 -83.425509 -110.979929 -131.528658 -138.718818 -128.185326 -106.900394 -89.656793 -72.618811 -70.279505 -72.493434 -78.938005 -89.640667 -101.876740 -106.127296 -105.575921 -107.906858 -109.112219 -106.256009 -107.517117 -102.860637 -99.561860 -108.110809 -119.491720 -133.122541 -145.275861 -154.199100 -157.283600 -157.146580 -158.428908 -161.895518 -169.215794 -178.843357 -190.421071 -200.797580 -208.774816 -214.313741 -219.833281 -227.317105 -235.701375 -244.911006
-9999.0 -9999.0 -699.432793 -662.845351 -658.385859 -652.653636 -646.773933 -621.221254 -590.912018 -500.152746 -404.977230 -347.634207 -312.694815 -280.446365 -234.182944 -193.956732 -187.660615 -181.460155 -205.078762 -204.118238 -197.256233 -188.576336 -177.144463 -165.961546 -157.900823 -154.137192 -152.364421 -155.154502 -163.355622 -175.178312 -187.742929 -196.376311 -201.195411 -204.611136 -197.595988 -187.997056 -189.082829 -194.902346 -204.984675 -218.403883 -229.816167 -241.215810 -244.317895 -243.589761 -243.896241 -246.839725 -251.802846 -262.913559 -274.165121 -285.559001 -291.027798 -296.362920 -301.638325 -310.753363 -320.020673 -330.410145
-9999.0 -9999.0 -747.081473 -681.477142 -657.890927 -642.354695 -643.877301 -640.578401 -606.868900 -586.557167 -555.680386 -510.748170 -459.412064 -411.459412 -380.139799 -345.574242 -329.938019 -322.546090 -321.084995 -311.879526 -295.274645 -279.208833 -268.013157 -257.483512 -247.857122 -240.222452 -233.619745 -242.184959 -250.721188 -263.266434 -278.644771 -295.476835 -304.360969 -309.315312 -305.543817 -299.126045 -303.053976 -311.365144 -322.760887 -335.873488 -345.769158 -355.104960 -357.853508 -358.931890 -359.225168 -361.232294 -363.973795 -371.964057 -382.906634 -392.036137 -400.130072 -407.504999 -412.215373 -421.562485 -433.515488 -443.473543
