tests/Borden05m/sims/sim_1/output-maps/psiliqL0003N0017.asc
ncols         160
nrows         34
xllcorner     620200.000000
yllcorner     5168000.000000
cellsize      0.500000
NODATA_value  -9999.0
[rows 0 to 24 of 34, columns 0 to 55 of 160]
-9999.0 -9999.0 -9999.0 -9999.0 -9999.0 -9999.0 -9999.0 -9999.0 -9999.0 -9999.0 -9999.0 -9999.0 -9999.0 -9999.0 -9999.0 -9999.0 -9999.0 -9999.0 -9999.0 -9999.0 -9999.0 -9999.0 -9999.0 -9999.0 -9999.0 -9999.0 -9999.0 -9999.0 -9999.0 -9999.0 -9999.0 -9999.0 -9999.0 -9999.0 -9999.0 -9999.0 -9999.0 -9999.0 -9999.0 -9999.0 -9999.0 -9999.0 -9999.0 -9999.0 -9999.0 -9999.0 -9999.0 -9999.0 -9999.0 -9999.0 -9999.0 -9999.0 -9999.0 -9999.0 -9999.0 -9999.0
-9999.0 -9999.0 -9999.0 -9999.0 -9999.0 -9999.0 -9999.0 -9999.0 -9999.0 -9999.0 -9999.0 -9999.0 -9999.0 -9999.0 -9999.0 -9999.0 -9999.0 -9999.0 -9999.0 -9999.0 -9999.0 -9999.0 -9999.0 -9999.0 -9999.0 -9999.0 -9999.0 -9999.0 -9999.0 -9999.0 -9999.0 -9999.0 -9999.0 -9999.0 -9999.0 -9999.0 -9999.0 -9999.0 -9999.0 -9999.0 -9999.0 -9999.0 -9999.0 -9999.0 -9999.0 -9999.0 -9999.0 -9999.0 -9999.0 -9999.0 -9999.0 -9999.0 -9999.0 -9999.0 -9999.0 -9999.0
-9999.0 -9999.0 -9999.0 -9999.0 -9999.0 -9999.0 -9999.0 -9999.0 -9999.0 -9999.0 -9999.0 -9999.0 -9999.0 -9999.0 -9999.0 -9999.0 -9999.0 -9999.0 -9999.0 -9999.0 -9999.0 -9999.0 -9999.0 -9999.0 -9999.0 -9999.0 -9999.0 -9999.0 -9999.0 -9999.0 -9999.0 -9999.0 -9999.0 -9999.0 -9999.0 -9999.0 -9999.0 -9999.0 -9999.0 -9999.0 -9999.0 -9999.0 -9999.0 -9999.0 -9999.0 -9999.0 -9999.0 -587.617189 -591.622993 -596.423947 -597.740796 -592.334560 -589.772669 -587.354874 -585.662732 -584.074409
-9999.0 -9999.0 -9999.0 -9999.0 -9999.0 -9999.0 -9999.0 -9999.0 -9999.0 -9999.0 -9999.0 -9999.0 -9999.0 -9999.0 -9999.0 -9999.0 -9999.0 -9999.0 -9999.0 -9999.0 -9999.0 -9999.0 -9999.0 -9999.0 -9999.0 -9999.0 -9999.0 -9999.0 -9999.0 -9999.0 -9999.0 -9999.0 -9999.0 -9999.0 -9999.0 -9999.0 -9999.0 -9999.0 -9999.0 -9999.0 -587.373413 -585.534436 -584.082537 -586.762318 -587.993520 -587.965416 -590.892837 -594.214242 -597.609887 -596.657218 -596.581335 -598.835138 -595.030333 -591.889075 -590.653476 -589.591954
-9999.0 -9999.0 -9999.0 -9999.0 -9999.0 -9999.0 -9999.0 -9999.0 -9999.0 -9999.0 -9999.0 -9999.0 -9999.0 -9999.0 -9999.0 -9999.0 -9999.0 -9999.0 -9999.0 -9999.0 -9999.0 -9999.0 -9999.0 -9999.0 -9999.0 -9999.0 -9999.0 -9999.0 -9999.0 -9999.0 -9999.0 -9999.0 -9999.0 -9999.0 -596.513038 -593.025812 -591.378287 -589.791662 -587.515782 -588.155884 -588.700812 -587.090199 -588.530288 -588.671401 -590.551406 -594.035750 -597.542777 -599.532571 -597.564366 -598.237325 -598.202515 -596.398707 -595.186701 -594.630698 -592.037792 -587.985509
-9999.0 -9999.0 -9999.0 -9999.0 -9999.0 -9999.0 -9999.0 -9999.0 -9999.0 -9999.0 -9999.0 -9999.0 -9999.0 -9999.0 -9999.0 -9999.0 -9999.0 -9999.0 -9999.0 -9999.0 -9999.0 -9999.0 -9999.0 -9999.0 -9999.0 -9999.0 -9999.0 -9999.0 -591.418955 -592.778963 -593.825437 -593.774852 -594.258623 -596.091374 -596.528492 -596.107823 -594.166902 -591.091473 -590.491840 -590.787268 -590.505382 -591.193659 -593.205661 -593.426350 -591.274797 -593.401308 -594.484507 -595.918683 -599.366497 -600.215839 -598.210428 -596.251107 -594.529085 -594.011163 -593.636029 -593.526440
-9999.0 -9999.0 -9999.0 -9999.0 -9999.0 -9999.0 -9999.0 -9999.0 -9999.0 -9999.0 -9999.0 -9999.0 -9999.0 -9999.0 -9999.0 -9999.0 -9999.0 -9999.0 -9999.0 -9999.0 -9999.0 -9999.0 -9999.0 -593.901913 -592.652352 -592.153348 -591.041771 -591.586689 -594.184418 -595.876071 -596.614774 -597.219152 -598.626024 -598.768354 -598.756214 -597.781382 -597.011191 -593.783376 -595.237591 -596.178269 -593.433191 -594.050662 -592.284317 -590.289319 -590.769449 -590.404580 -594.179949 -597.020554 -594.111494 -592.913522 -593.000708 -593.588204 -592.547000 -591.148273 -589.404836 -586.494372
-9999.0 -9999.0 -9999.0 -9999.0 -9999.0 -9999.0 -9999.0 -9999.0 -9999.0 -9999.0 -9999.0 -9999.0 -9999.0 -9999.0 -9999.0 -9999.0 -9999.0 -9999.0 -9999.0 -593.961614 -594.338438 -595.083983 -594.767707 -597.227570 -598.267809 -597.523478 -596.149938 -596.922799 -598.370211 -599.620936 -599.468262 -599.291434 -599.579057 -597.634379 -596.033996 -595.442047 -595.753008 -593.188286 -592.359770 -590.883705 -587.176526 -589.534737 -591.896655 -593.141997 -593.251895 -593.940037 -591.750237 -591.089406 -590.847918 -591.035191 -590.945796 -590.354882 -589.953524 -586.869524 -583.960995 -581.465950
-9999.0 -9999.0 -9999.0 -9999.0 -9999.0 -9999.0 -9999.0 -9999.0 -9999.0 -9999.0 -9999.0 -9999.0 -9999.0 -9999.0 -9999.0 -9999.0 -594.433622 -594.637562 -595.557594 -597.038596 -598.338026 -598.351675 -597.302631 -599.146194 -599.746477 -599.297892 -600.091749 -599.123533 -598.091631 -596.872344 -596.315547 -597.630128 -597.356799 -597.493477 -597.579745 -596.870682 -593.991223 -591.301391 -590.630332 -588.681792 -585.290419 -587.173694 -588.011288 -587.927719 -589.118621 -588.061671 -583.048532 -583.779730 -585.887911 -580.635765 -577.819446 -578.748570 -579.178145 -575.700885 -570.450635 -563.681209
-9999.0 -9999.0 -9999.0 -9999.0 -9999.0 -9999.0 -9999.0 -9999.0 -9999.0 -9999.0 -9999.0 -9999.0 -9999.0 -595.099089 -595.274397 -594.972725 -597.280196 -599.119262 -600.227733 -601.771230 -599.710682 -601.140020 -601.571848 -601.196598 -599.349142 -599.271743 -599.028355 -597.844468 -598.185285 -598.700683 -599.204337 -600.300172 -598.728082 -597.143703 -596.014948 -593.714024 -591.882604 -590.402285 -587.797877 -587.204998 -585.424755 -586.050755 -588.065456 -588.500468 -586.893809 -582.174905 -578.479450 -577.121381 -570.630466 -563.705431 -560.231025 -555.854493 -553.609196 -550.437365 -542.769278 -520.736693
-9999.0 -9999.0 -9999.0 -9999.0 -9999.0 -9999.0 -9999.0 -9999.0 -9999.0 -9999.0 -598.929203 -597.694156 -599.533320 -602.935165 -604.406176 -603.582743 -602.712091 -603.976830 -603.892849 -600.236649 -598.212224 -601.535399 -599.181659 -599.102780 -600.498032 -600.094153 -599.100056 -598.884831 -596.613816 -596.471316 -596.391880 -592.719177 -591.685069 -590.582251 -589.090062 -587.451489 -585.972217 -580.294195 -575.366186 -575.279442 -568.540219 -564.279706 -567.669234 -568.876037 -567.786281 -562.683666 -554.191176 -541.695466 -528.476986 -508.713651 -488.902602 -474.058105 -462.157435 -447.786365 -430.573472 -406.533164
-9999.0 -9999.0 -9999.0 -9999.0 -9999.0 -9999.0 -9999.0 -9999.0 -603.987682 -601.999855 -600.747785 -602.310940 -604.419775 -608.248018 -606.751954 -605.286963 -604.280170 -602.797698 -602.070344 -601.445987 -602.249352 -600.980432 -598.641267 -599.203553 -598.915313 -597.371303 -597.263397 -595.847705 -593.683633 -594.558284 -593.331190 -591.270250 -589.449341 -587.807290 -585.848940 -584.577707 -578.698322 -570.786814 -562.151739 -554.469769 -543.335181 -529.081295 -528.848579 -526.135557 -522.811733 -501.747770 -469.856360 -434.137097 -408.140072 -387.615970 -365.667257 -352.807365 -343.719975 -332.160694 -317.802872 -304.934160
-9999.0 -9999.0 -9999.0 -9999.0 -9999.0 -9999.0 -607.048318 -602.592033 -600.437160 -605.381738 -609.234979 -610.533225 -612.847353 -607.780366 -603.363962 -602.490789 -601.805729 -600.993282 -601.371672 -604.165450 -597.479127 -599.173586 -600.413057 -598.326139 -598.409938 -598.159482 -596.797003 -593.778294 -592.331213 -586.417648 -581.998336 -578.105905 -572.969808 -569.671358 -566.166053 -561.986058 -550.914317 -533.186811 -508.135131 -479.051737 -447.719169 -418.609630 -408.083017 -402.805498 -396.787678 -384.911344 -362.324404 -336.904234 -306.822940 -277.706005 -255.822657 -245.515042 -236.102321 -225.307922 -212.032976 -197.506868
-9999.0 -9999.0 -9999.0 -9999.0 -604.731329 -603.712789 -604.469808 -600.578537 -597.880405 -603.837165 -601.695521 -602.749990 -604.727916 -607.112122 -609.967260 -607.820404 -606.550585 -605.674074 -605.984226 -599.411024 -593.749467 -597.162184 -594.300126 -588.814244 -589.860126 -589.165039 -588.740288 -586.093406 -581.375751 -575.291094 -561.813155 -548.719074 -538.648487 -526.229382 -512.702717 -492.564766 -458.829927 -420.485684 -393.411750 -367.342572 -341.799117 -320.496225 -306.096480 -297.848595 -287.739108 -275.507421 -258.663690 -234.263899 -205.829880 -171.427806 -145.563538 -130.175486 -122.128176 -112.202326 -99.955892 -81.976690
-9999.0 -9999.0 -9999.0 -607.520044 -603.133779 -601.462520 -603.449269 -602.585730 -599.216028 -602.397977 -602.967044 -603.501152 -603.815289 -603.734667 -603.961535 -602.683225 -602.389653 -603.236523 -602.254191 -598.197562 -596.189084 -592.825489 -590.106816 -586.065484 -582.611952 -581.173631 -579.173159 -574.218478 -562.009147 -546.899871 -517.224253 -469.854761 -429.520930 -407.065780 -393.495442 -375.301387 -356.248212 -327.647211 -299.007052 -271.525516 -243.479838 -219.638773 -197.704514 -184.277578 -176.656033 -168.884892 -150.270331 -129.262385 -104.680659 -51.079401 -21.407407 -2.412854 7.680665 14.175183 27.167717 39.866565
-9999.0 -9999.0 -606.849505 -604.325700 -605.948316 -602.765534 -599.221689 -601.489885 -597.284964 -595.871828 -599.907459 -597.502355 -596.222480 -598.694939 -596.980370 -595.044480 -594.053183 -597.102030 -599.227231 -594.447385 -584.315312 -575.816750 -570.879499 -549.966488 -536.684477 -527.542905 -522.539654 -506.646103 -477.648146 -429.731325 -391.805678 -353.252056 -318.873668 -291.290699 -279.170126 -264.624318 -242.472460 -218.854771 -190.305877 -163.425225 -136.685933 -111.924735 -85.108264 -43.150619 -39.531029 -49.563155 -8.421164 10.372856 29.222972 47.132498 63.252537 64.378471 64.334709 64.267356 64.664793 64.840570
-9999.0 -9999.0 -609.745151 -605.588444 -608.345206 -601.837316 -595.720757 -601.213214 -599.252447 -592.997069 -594.487420 -593.616043 -594.228161 -593.735267 -590.868592 -585.346981 -588.005130 -589.026471 -594.982746 -580.278577 -566.571038 -541.609961 -488.856792 -434.267888 -403.212935 -397.446108 -393.828262 -381.463483 -361.395776 -323.191904 -276.119737 -225.830566 -184.761388 -157.533595 -143.961016 -129.766789 -106.999246 -58.057534 -42.461132 -13.842794 3.203288 20.834627 40.610666 58.124392 63.722529 63.096121 64.134529 63.816393 64.459530 64.129857 64.140763 60.646296 59.305614 60.240087 61.480394 56.700741
-9999.0 -610.853221 -608.729241 -608.516455 -604.263165 -605.403604 -600.210313 -592.829658 -592.757856 -589.909232 -589.573913 -593.287083 -578.936903 -566.101011 -561.288350 -549.889414 -554.389245 -557.799672 -564.853743 -548.508085 -514.743151 -429.715943 -339.812414 -292.423833 -267.676078 -264.417993 -267.252720 -255.480805 -233.438316 -197.145390 -130.485568 -51.626569 -14.237597 12.299902 20.475428 22.165551 34.473652 50.262405 65.423320 68.020262 68.703488 68.588526 64.255339 64.365294 64.556376 64.789744 61.235614 55.559588 48.011187 39.430126 37.168909 31.890713 14.723522 37.428441 39.513671 32.526847
-9999.0 -617.215917 -609.025665 -604.213637 -605.892799 -609.061622 -597.446686 -580.055457 -585.267818 -586.638544 -586.828080 -575.368767 -539.787740 -500.855811 -469.188341 -435.275052 -436.797900 -448.188668 -446.128025 -415.321227 -372.599962 -303.747580 -200.331559 -132.540229 -140.468647 -138.613246 -133.948011 -114.050864 -84.901010 -49.013006 26.647953 52.695336 56.456375 57.085843 57.337678 57.445923 57.570535 57.669509 54.522526 51.111608 46.790768 46.819571 50.011737 49.705170 47.168919 43.207832 36.995480 29.210651 19.538483 -12.863222 -21.741817 -27.375039 -31.830394 -29.161097 -32.618661 -39.008756
-9999.0 -610.760167 -601.566383 -603.809933 -611.231206 -600.165687 -595.129747 -582.480640 -572.317177 -573.972592 -558.214597 -502.623925 -427.434190 -376.580528 -344.469718 -325.932487 -313.784951 -314.441462 -294.097087 -246.701008 -170.966081 -57.422966 -15.029944 30.775766 -15.002444 -36.986987 -45.804504 -46.681650 -42.144377 -30.862471 -7.019349 37.770674 45.813635 48.484964 47.247015 43.209293 38.370644 30.730273 25.658912 22.042416 11.742587 11.621935 21.087083 21.338140 13.875033 -16.671899 -27.267756 -35.911356 -45.480640 -58.699808 -65.990056 -71.694481 -75.037677 -79.256108 -84.208680 -90.533546
-9999.0 -621.842328 -608.507751 -619.500337 -604.129405 -590.930522 -591.981385 -571.275226 -544.800352 -531.674639 -452.373592 -386.884255 -323.410280 -277.510331 -242.219359 -204.372455 -178.489154 -151.707885 -116.950361 -77.853556 27.467183 48.379157 49.926466 49.620999 34.784795 -29.823326 -52.216470 -73.624400 -81.301598 -80.752630 -66.466835 -39.887392 3.403864 16.492246 11.823560 -19.246813 -26.061960 -31.329567 -35.318294 -43.438099 -51.938924 -57.018963 -56.967176 -52.249169 -60.163253 -70.138579 -79.268325 -88.958513 -99.285736 -109.505166 -118.591965 -126.290607 -129.913953 -135.812362 -137.461547 -144.379272
-9999.0 -630.083166 -620.433281 -613.455058 -600.111110 -590.532475 -580.540874 -557.431408 -498.410389 -427.406095 -368.689918 -336.016022 -284.182229 -226.403755 -168.908736 -138.185233 -121.699892 -114.921468 -104.701956 -93.381716 -89.733908 -36.718161 -22.142533 -4.168554 -49.718022 -70.583417 -89.359103 -103.694475 -109.212183 -105.829150 -99.448667 -89.811884 -79.220855 -75.980320 -79.637711 -84.443754 -83.543876 -89.890664 -97.232433 -104.278031 -110.756177 -118.119369 -123.137352 -126.115204 -129.810862 -132.576922 -141.303952 -152.337501 -163.264119 -172.007408 -180.448988 -187.017429 -189.365863 -193.796153 -199.409566 -209.019948
-9999.0 -649.199906 -617.230047 -613.534200 -605.582044 -603.014981 -600.391418 -583.376038 -553.970393 -438.138197 -313.455822 -298.799048 -281.079155 -248.213364 -193.598380 -144.248682 -138.133285 -165.562493 -185.573220 -192.337031 -181.423888 -159.274438 -141.536848 -123.815610 -121.135192 -122.756571 -128.693339 -138.928971 -150.800998 -154.988392 -154.581551 -156.925332 -158.044907 -156.203772 -158.103940 -155.093067 -152.993653 -162.235313 -173.826635 -187.284480 -199.100188 -207.879386 -211.103969 -211.062452 -212.361217 -215.993424 -223.512102 -233.209777 -244.782418 -255.113677 -263.093261 -268.593710 -273.972549 -281.187603 -289.203504 -297.873139
-9999.0 -9999.0 -631.465348 -613.503484 -611.277497 -608.592639 -606.094703 -593.154663 -578.059952 -522.053984 -440.447500 -391.611608 -360.473522 -329.548225 -284.616565 -245.695374 -240.036959 -234.312984 -257.904566 -256.918238 -249.860148 -240.626751 -228.333546 -216.056441 -206.900305 -202.251657 -199.984531 -202.365030 -210.324499 -222.190505 -235.323714 -245.016458 -250.987612 -255.462593 -249.362991 -240.594751 -242.210778 -248.359325 -258.496028 -271.716331 -282.809131 -293.813278 -296.739168 -295.930722 -296.161308 -298.986813 -303.825150 -314.602615 -325.545488 -336.641719 -341.992642 -347.150138 -352.193593 -360.811068 -369.452122 -378.885072
-9999.0 -9999.0 -652.586997 -622.805619 -610.827334 -602.632793 -603.779645 -602.381930 -584.128079 -574.014104 -557.219989 -528.910334 -492.719834 -447.040802 -417.462253 -387.702799 -374.546527 -368.237503 -367.698190 -359.860110 -344.387024 -328.942975 -317.769997 -306.856143 -296.622697 -288.485732 -281.616490 -290.054230 -298.780730 -311.651039 -327.444993 -344.638152 -353.808310 -358.965941 -355.574561 -349.568194 -353.434404 -361.341623 -371.930582 -383.756407 -392.314439 -400.272236 -402.439492 -403.196831 -403.332950 -405.012514 -407.451500 -414.893871 -425.771176 -435.385363 -443.876576 -451.603839 -456.565073 -466.174354 -478.007255 -487.086463
