tests/Borden05m/sims/sim_1/output-maps/psiliqL0021N0002.asc
ncols         160
nrows         34
xllcorner     620200.000000
yllcorner     5168000.000000
cellsize      0.500000
NODATA_value  -9999.0
[rows 0 to 24 of 34, columns 55 to 109 of 160]
-9999.0 -9999.0 -9999.0 -9999.0 -9999.0 -9999.0 -9999.0 -9999.0 -9999.0 -9999.0 -9999.0 -9999.0 -9999.0 -9999.0 -9999.0 -9999.0 -9999.0 -9999.0 -9999.0 -9999.0 -9999.0 -9999.0 -9999.0 -9999.0 -9999.0 -9999.0 -9999.0 -9999.0 -9999.0 -9999.0 -9999.0 -9999.0 -9999.0 -9999.0 -9999.0 -9999.0 -9999.0 -9999.0 -9999.0 -9999.0 -9999.0 -9999.0 -9999.0 -9999.0 -9999.0 -9999.0 -9999.0 -9999.0 -9999.0 -9999.0 -9999.0 -9999.0 -9999.0 -9999.0 -9999.0
-9999.0 -9999.0 -9999.0 -9999.0 2417.088970 2411.817499 2407.057770 2402.658428 2394.352244 2385.360681 2377.575436 2373.752525 2372.959522 2372.413326 2372.145980 2377.416742 2385.692246 2393.519006 2400.647872 2403.110789 2405.578176 2407.669958 2408.092944 2407.020261 2403.913968 2400.795224 2397.518409 2395.990075 2388.461118 2377.341832 2368.935542 2366.294324 2370.607462 2375.015736 2377.497362 2382.896655 2393.317864 2403.820151 2412.035135 2423.997555 2430.235712 2435.177467 2437.589961 2433.241639 2429.570500 2425.425143 2419.538874 2408.377885 -9999.0 -9999.0 -9999.0 -9999.0 -9999.0 -9999.0 -9999.0
2362.248224 2381.050457 2401.768138 2405.045926 2393.509504 2388.614989 2385.616114 2384.036436 2379.789660 2371.495593 2366.594412 2361.409976 2359.319543 2359.606371 2359.827582 2363.932834 2374.721284 2382.806231 2387.629739 2390.389078 2393.243014 2392.243633 2391.640383 2391.457582 2388.639152 2385.232256 2381.928482 2380.191322 2381.352465 2373.860262 2368.151537 2364.508664 2362.088412 2364.748895 2367.356856 2371.465399 2380.672129 2388.525795 2396.349661 2410.809838 2423.380543 2428.577653 2425.709959 2420.621016 2416.479355 2409.094228 2398.529666 2388.311950 2379.648321 2372.973386 2367.191478 2360.624104 2366.428496 2373.356436 2382.452075
2346.643058 2366.089322 2386.657594 2389.516441 2379.188911 2371.445997 2365.549821 2366.215230 2369.630177 2366.578806 2362.118495 2355.665106 2365.318399 2366.673306 2367.812740 2371.328273 2373.984882 2378.584083 2381.312795 2386.779385 2395.797399 2398.613444 2399.141738 2399.285418 2397.424269 2394.286255 2392.466484 2389.783974 2384.642412 2383.215123 2383.199006 2382.382294 2386.842489 2388.338545 2390.876470 2384.939926 2388.960272 2395.050349 2401.736639 2407.462141 2413.546620 2416.294695 2412.638621 2412.261535 2403.466754 2389.429838 2378.849376 2370.748197 2369.885062 2366.463755 2358.131035 2344.322170 2351.662752 2367.049402 2371.275960
2352.573179 2361.875285 2373.135199 2376.073624 2371.306030 2373.460486 2375.476545 2377.109194 2375.682864 2372.675139 2369.519780 2380.981911 2389.876105 2391.662077 2394.557328 2398.704330 2399.400129 2388.435286 2386.456042 2394.204282 2404.075393 2409.474876 2409.708875 2409.507573 2406.517607 2405.496793 2405.322637 2403.491143 2403.579916 2405.581471 2404.180595 2407.875867 2413.544674 2416.982106 2410.617587 2401.896862 2403.543541 2411.662971 2420.491589 2427.797065 2437.825561 2448.405470 2447.736643 2442.327088 2433.135419 2419.755430 2396.388247 2377.682576 2366.231544 2358.022737 2350.258391 2351.533016 2346.888271 2359.148184 2360.337876
2344.874641 2364.452804 2385.164586 2392.113428 2386.511335 2382.659549 2381.238693 2382.310773 2382.166561 2383.976131 2394.468014 2407.363214 2420.474168 2423.154912 2425.550595 2424.812256 2416.726570 2406.679292 2403.819263 2417.848357 2434.791425 2442.917758 2442.924510 2440.063087 2444.707282 2444.381219 2444.183694 2440.426754 2441.843450 2441.117158 2448.439761 2456.268380 2464.049813 2462.671851 2450.453420 2438.456053 2437.748837 2442.027512 2447.380269 2454.115652 2463.872331 2472.728789 2467.304746 2460.857255 2451.923999 2424.549392 2399.281767 2383.461055 2382.979083 2382.808816 2377.599826 2374.489686 2372.020193 2366.173607 2365.511178
2386.921463 2407.350780 2428.249036 2442.810199 2437.326367 2430.169041 2421.607006 2422.459479 2424.356554 2431.512410 2443.317105 2458.281168 2481.298730 2482.462071 2484.273398 2484.744266 2472.938863 2460.476964 2450.372418 2470.978475 2481.856533 2489.528560 2488.652306 2495.673103 2504.903921 2501.144339 2494.431741 2483.352359 2489.488723 2498.294177 2513.657500 2521.382246 2526.297108 2523.152970 2510.439977 2504.089037 2504.366180 2508.934145 2508.381742 2514.966325 2523.760131 2538.112836 2536.483504 2530.347565 2508.871315 2471.384633 2439.301176 2422.542357 2431.049129 2424.011457 2416.228073 2413.854262 2400.901554 2391.537151 2392.419022
2430.238741 2446.127544 2463.788302 2481.433082 2474.752539 2465.089005 2450.528654 2449.053016 2455.101950 2465.776345 2484.356012 2504.661576 2526.491908 2529.333892 2526.882880 2536.469192 2530.639117 2520.926467 2513.505117 2531.078750 2541.971783 2552.287255 2559.557380 2572.326944 2583.343788 2569.809832 2555.061521 2547.063121 2553.709099 2577.283341 2597.975165 2603.230355 2603.392951 2604.087197 2591.341764 2585.884406 2581.320147 2579.283928 2574.995634 2571.716510 2593.544963 2612.342654 2610.822328 2587.936637 2564.107260 2525.672373 2487.260588 2458.908068 2465.593466 2461.464034 2462.081648 2449.152908 2435.055519 2423.273077 2416.646461
2496.228073 2521.388145 2539.997424 2561.652884 2557.112303 2537.377249 2525.347309 2529.458369 2543.241083 2551.541241 2569.329188 2589.618871 2617.937280 2634.077164 2648.937332 2654.834903 2646.632065 2638.199413 2626.127004 2628.855440 2650.422689 2663.957378 2673.715290 2683.330375 2696.138120 2698.822624 2693.950196 2693.058503 2697.431507 2708.818538 2721.589511 2728.807078 2732.954509 2735.000036 2725.430959 2713.918289 2712.057552 2705.259870 2701.360201 2699.214824 2706.396995 2722.346760 2718.684065 2685.315776 2657.174048 2620.772187 2582.120483 2550.984656 2539.274973 2552.026943 2545.751315 2527.846270 2512.898453 2482.614881 2471.970534
2580.712135 2615.344678 2641.661400 2656.158424 2667.130132 2657.301470 2657.547227 2662.413262 2671.075117 2675.670447 2683.355490 2716.101898 2748.876242 2775.841150 2799.785434 2808.323380 2797.193224 2787.828780 2775.337590 2766.698483 2775.470606 2792.235017 2809.935230 2825.472252 2837.048072 2839.997297 2838.778767 2839.372167 2842.685827 2846.148694 2850.555351 2858.817180 2867.004903 2788.879771 2797.630847 2789.419848 2860.332256 2849.480894 2838.045090 2834.886737 2834.343773 2835.141294 2834.747133 2820.363780 2781.189758 2749.479981 2718.017123 2693.696008 2675.850024 2668.410999 2646.486047 2621.732005 2571.512949 2532.593922 2498.964632
2685.019786 2728.980998 2758.047271 2779.055795 2793.951802 2794.316400 2797.332015 2799.830273 2805.197840 2809.497984 2814.741378 2840.551211 2791.584559 2829.115316 2859.294698 2860.404427 2848.149910 2837.090920 2827.454903 2814.436360 2810.655148 2821.374143 2835.063645 2853.648634 2864.348475 2871.684764 2869.267249 2869.556154 2870.907485 2873.033207 2875.011746 2877.997376 2886.632157 2900.079513 2913.339002 2913.206136 2896.822087 2879.436448 2863.102797 2859.061219 2855.490685 2850.454263 2852.204707 2853.910955 2841.559900 2813.502345 2865.254361 2822.562071 2800.291943 2780.834650 2767.088989 2750.576671 2713.937315 2649.781933 2612.269060
2812.735798 2846.006446 2785.675829 2814.981826 2830.733039 2834.578182 2832.779672 2832.434648 2839.259237 2842.989288 2849.967014 2866.123669 2894.432567 2927.084124 2955.309826 2971.105170 2964.653738 2948.618716 2928.224547 2920.053601 2917.704394 2920.696884 2929.098011 2940.156035 2958.119828 2976.154057 2978.202527 2979.021768 2980.020454 2978.698595 2980.058803 2980.139990 2982.372582 2989.506305 2998.351988 3001.437535 2994.801450 2979.311868 2957.203831 2944.939410 2937.827063 2934.161440 2934.234459 2938.159576 2940.281870 2926.884475 2894.655025 2853.198673 2822.709910 2805.756357 2792.836082 2870.787136 2856.830717 2826.495676 2804.588366
2832.946003 2847.208665 2873.541914 2901.066986 2923.763255 2938.739994 2940.158030 2943.871035 2948.443048 2956.421531 2971.406348 2989.168178 3006.159981 3026.510841 3050.981156 3065.770740 3071.075362 3070.061268 3066.967876 3068.358003 3068.638249 3018.361819 3023.500386 3028.605063 3042.298585 3055.155606 3059.691154 3060.202279 3058.185214 3059.730966 3060.344196 3060.320260 3059.958590 3061.480801 3065.547468 3067.101553 3065.179792 3054.670325 3067.761658 3048.912484 3036.102138 3028.248815 3020.314888 3012.117381 3002.847385 2993.329810 2978.632415 2949.634017 2916.257696 2893.440271 2884.779415 2879.343025 2871.960532 2866.811695 2850.996941
2930.229978 2940.805108 2957.817630 2979.296828 3006.608847 3028.148460 3038.971887 3047.797013 3052.337895 3065.497573 3080.814050 3068.435741 3075.112197 3082.021008 3088.885439 3091.242649 3091.917356 3091.605550 3089.284352 3088.661310 3086.515144 3082.673556 3072.588140 3074.155868 3075.947598 3078.518661 3082.166334 3080.988206 3082.029052 3084.960967 3083.297804 3077.473376 3073.584594 3072.016660 3072.826338 3080.125938 3083.476138 3084.371140 3081.813795 3080.975188 3080.174362 3077.441197 3074.028904 3069.218648 3063.065358 3074.008762 3062.841739 3036.795628 2999.560766 2964.966307 2955.613726 2955.685561 2956.047157 2954.357850 2948.940117
3043.579404 3056.380526 3070.290222 3054.524400 3072.454536 3081.642189 3085.938299 3089.478067 3092.089765 3094.501107 3091.421420 3088.287512 3083.510348 3082.077511 3080.771750 3078.378499 3079.026502 3077.144653 3073.174644 3069.359840 3061.981739 3050.783119 3039.615572 3036.429436 3040.827124 3046.226584 3051.079232 3055.083616 3058.652817 3059.027186 3053.844464 3045.681707 3038.355425 3036.625126 3043.325456 3048.972014 3055.028477 3055.826640 3054.448176 3052.138982 3052.056375 3049.083320 3049.390089 3056.206778 3070.338577 3074.057663 3078.799736 3078.123765 3064.746120 3040.543888 3045.811901 3026.318097 3031.654814 3027.289629 3016.235230
3083.254813 3085.482146 3084.172512 3082.851700 3076.669406 3070.762110 3070.039245 3074.015206 3080.981794 3082.148774 3075.212245 3066.857139 3059.849400 3052.772630 3050.590195 3049.857276 3049.525952 3049.940762 3044.736184 3036.054282 3019.810684 3008.369209 2997.356129 2991.452581 2988.340173 2992.305368 3003.009286 3014.240631 3019.114176 3010.747172 3002.700676 2991.374621 2983.379430 2983.764729 2985.197884 2994.457289 3010.193763 3016.660540 3017.379501 3011.371171 3005.547888 2999.137512 2996.382308 3002.827870 3017.801416 3033.804843 3048.549687 3057.219818 3064.690406 3071.490371 3071.646628 3073.849552 3075.061764 3073.350511 3074.973632
3077.167032 3070.397596 3063.646878 3058.534385 3052.146828 3046.823440 3045.121892 3047.256629 3049.596522 3045.880256 3039.554552 3029.731320 3018.983907 3009.503511 3002.549385 3003.595499 3005.964252 3007.468572 3000.645783 2985.873182 2972.298576 2959.028994 2945.310105 2941.435469 2935.960480 2929.521630 2939.741566 2958.469422 2965.408953 2950.294206 2939.837052 2925.091743 2918.314188 2914.652445 2915.670377 2924.685589 2946.133238 2968.464668 2970.202773 2959.674984 2949.240397 2944.437146 2941.346673 2946.405479 2963.281838 2979.518730 2994.816008 3004.700917 3009.946409 3017.659363 3026.915972 3040.294895 3054.360224 3066.087673 3071.932081
3052.786887 3045.145593 3037.628331 3030.203236 3023.466870 3017.497993 3013.405034 3011.557562 3008.243662 3002.421343 2995.692540 2981.485198 2969.431510 2957.119648 2942.914073 2939.400319 2935.425628 2936.869852 2925.720997 2917.222311 2900.420777 2885.302863 2870.299551 2858.083799 2852.442530 2846.120533 2846.376795 2860.425503 2869.010139 2858.350142 2848.534589 2837.260656 2832.253334 2828.928090 2831.187271 2841.490594 2861.718432 2879.981743 2887.771323 2880.139796 2877.451158 2876.121743 2874.475319 2880.288379 2891.898054 2909.966675 2931.434010 2949.053492 2958.486552 2965.419980 2974.694860 2984.820906 2998.529608 3012.417416 3029.768508
3022.788389 3013.787751 3004.174486 2994.837979 2984.740575 2978.796650 2972.663443 2975.032160 2969.062105 2963.448264 2943.485325 2891.868137 2872.643752 2854.497479 2839.025222 2833.020997 2825.308350 2812.157251 2803.668928 2798.789195 2798.341090 2784.581149 2857.013713 2838.732809 2832.671776 2828.041192 2812.702622 2810.561025 2811.588389 2823.790728 2817.355088 2814.799194 2815.648152 2813.557917 2815.873998 2829.408018 2839.041145 2846.730030 2854.213691 2858.154661 2868.682786 2784.126186 2791.547640 2807.737738 2818.897117 2834.377367 2854.488294 2878.525666 2892.814350 2901.940817 2912.147013 2927.112658 2943.075757 2960.358496 2982.350084
2989.040217 2977.875124 2963.918017 2950.067146 2937.770963 2925.480583 2910.963951 2912.862314 2910.673703 2901.419828 2851.851922 2811.673535 2874.167236 2854.280954 2828.715470 2813.560391 2796.600879 2760.397137 2742.620522 2739.205416 2749.866500 2743.742112 2729.107324 2715.962280 2706.159886 2696.936258 2680.182178 2664.079302 2669.437548 2685.814412 2685.114558 2687.037343 2693.931445 2693.320309 2687.992646 2688.229179 2701.475535 2708.365057 2719.861126 2736.455226 2741.988507 2755.635645 2788.312819 2803.239160 2820.424558 2841.672330 2864.728135 2794.950836 2815.761697 2829.000178 2843.470387 2861.120264 2877.358622 2897.330707 2919.700141
2944.260978 2914.866227 2894.803909 2878.220561 2860.629710 2836.264538 2816.738567 2815.020914 2809.206186 2784.264383 2821.246327 2781.673200 2755.782998 2731.874216 2706.479892 2682.167514 2644.665504 2609.811433 2587.540153 2599.202809 2608.327235 2615.940393 2603.365635 2591.487913 2581.207984 2564.015792 2547.299940 2532.083457 2542.142102 2550.605015 2566.361377 2572.281288 2576.248995 2581.324996 2580.226963 2571.662784 2569.979032 2578.667619 2589.167196 2601.303800 2621.142320 2656.949402 2682.907552 2702.285225 2724.561290 2745.937299 2769.698352 2793.406133 2818.233602 2837.815474 2858.817950 2786.553605 2806.398032 2825.460674 2848.346596
2869.116704 2841.714520 2816.027853 2794.251322 2857.364354 2811.073829 2793.530836 2781.875289 2760.086591 2713.726544 2671.272708 2642.657241 2624.934016 2599.810277 2576.633786 2547.165920 2513.868274 2490.349970 2469.373336 2478.011990 2486.684309 2503.591973 2493.500833 2485.036124 2480.757822 2465.303066 2451.633047 2435.618965 2442.124862 2453.503919 2475.066327 2480.532196 2484.539477 2493.346052 2492.690440 2488.915213 2474.161104 2481.734220 2492.754264 2507.576746 2537.829890 2560.881533 2584.314002 2606.776437 2627.593057 2652.449427 2677.054446 2702.098404 2730.573345 2752.558898 2773.906203 2796.381430 2818.796142 2837.742273 2858.532508
2853.350454 2826.969583 2804.508914 2778.496256 2737.462653 2691.763740 2649.103300 2623.687685 2573.917269 2537.655388 2511.982611 2505.598575 2490.692331 2469.067700 2448.424550 2427.391381 2404.033094 2383.890024 2358.840694 2363.386097 2377.821541 2393.595773 2392.596462 2392.012053 2389.868717 2379.890609 2366.278939 2352.585461 2356.191973 2372.655806 2390.266226 2399.585165 2407.043153 2414.811907 2414.756126 2406.106769 2396.670202 2401.817186 2416.988257 2433.722618 2452.486833 2473.707398 2495.245066 2516.215216 2539.305224 2562.496576 2586.532226 2612.760079 2642.579998 2665.588913 2691.245872 2717.913848 2737.988621 2750.688091 2763.161919
2739.625256 2717.957260 2692.890639 2663.992614 2619.775572 2578.574325 2536.833049 2490.923363 2456.642402 2425.744810 2415.086732 2398.288791 2383.276750 2367.384545 2346.671880 2329.451064 2313.542113 2292.022029 2279.683780 2286.180320 2299.248753 2307.992114 2313.464629 2310.981362 2308.362727 2302.153391 2288.256951 2282.408062 2291.927854 2307.090076 2321.052666 2332.214158 2339.072784 2344.483905 2341.585163 2332.745168 2329.052551 2337.223241 2352.655291 2366.362668 2381.737992 2402.518172 2423.341844 2445.161199 2467.973142 2490.413690 2515.431402 2541.235388 2567.600567 2595.203934 2619.135958 2641.822734 2653.549903 2665.864728 2670.268523
2603.707086 2589.766144 2563.261225 2534.311998 2504.068240 2469.224912 2442.740736 2410.384927 2379.789415 2350.246953 2324.367507 2310.527006 2303.118323 2289.614329 2272.049610 2260.344137 2244.542848 2232.464735 2236.754912 2238.319013 2247.056126 2245.890449 2246.633419 2243.983129 2243.197416 2240.375447 2233.000012 2243.467986 2250.228506 2263.895714 2274.064969 2283.657643 2289.540870 2293.239928 2294.021612 2289.207510 2294.393194 2300.694464 2314.471695 2325.609580 2339.321611 2359.198614 2375.908216 2394.787052 2417.185234 2440.161081 2464.212585 2490.025485 2518.066142 2543.144462 2562.058747 2570.199954 2581.017715 2585.301984 2577.638053
