tests/Borden05m/sims/sim_1/output-maps/psiliqL0027N0013.asc
ncols         160
nrows         34
xllcorner     620200.000000
yllcorner     5168000.000000
cellsize      0.500000
NODATA_value  -9999.0
[rows 0 to 24 of 34, columns 55 to 109 of 160]
-9999.0 -9999.0 -9999.0 -9999.0 -9999.0 -9999.0 -9999.0 -9999.0 -9999.0 -9999.0 -9999.0 -9999.0 -9999.0 -9999.0 -9999.0 -9999.0 -9999.0 -9999.0 -9999.0 -9999.0 -9999.0 -9999.0 -9999.0 -9999.0 -9999.0 -9999.0 -9999.0 -9999.0 -9999.0 -9999.0 -9999.0 -9999.0 -9999.0 -9999.0 -9999.0 -9999.0 -9999.0 -9999.0 -9999.0 -9999.0 -9999.0 -9999.0 -9999.0 -9999.0 -9999.0 -9999.0 -9999.0 -9999.0 -9999.0 -9999.0 -9999.0 -9999.0 -9999.0 -9999.0 -9999.0
-9999.0 -9999.0 -9999.0 -9999.0 3597.897888 3592.607366 3587.866614 3583.371411 3574.874027 3565.539181 3557.703005 3553.481894 3552.273063 3551.399098 3550.712213 3555.499458 3563.505260 3571.060029 3577.857696 3580.212395 3582.498379 3584.270574 3584.433626 3583.253824 3579.968989 3576.577766 3573.148013 3571.397438 3564.075541 3552.951573 3544.668831 3541.974715 3546.120760 3550.442647 3552.893328 3558.009177 3568.354350 3578.928151 3587.501577 3600.115548 3607.224105 3612.589143 3615.152430 3611.182941 3607.947067 3603.975084 3597.763510 3586.669261 -9999.0 -9999.0 -9999.0 -9999.0 -9999.0 -9999.0 -9999.0
3542.814157 3561.146868 3582.145109 3585.220320 3573.470603 3568.360104 3565.207366 3563.541379 3559.312002 3550.797936 3545.651614 3540.117581 3537.354895 3537.294986 3537.094474 3540.649472 3551.381342 3559.085150 3563.553915 3566.128388 3568.923070 3567.181677 3566.315575 3566.033046 3563.070975 3559.523985 3556.089631 3554.185021 3555.688241 3548.066759 3542.007658 3538.053283 3534.979539 3537.726829 3540.435507 3545.108988 3554.241097 3562.117559 3570.072832 3585.314570 3598.564152 3604.307659 3601.780142 3597.249294 3593.459710 3586.016295 3575.234067 3565.292974 3557.341104 3551.353421 3546.058708 3539.637671 3546.149319 3554.181834 3563.513263
3525.982121 3545.089822 3565.492826 3567.979761 3557.713225 3549.991603 3542.961918 3543.453872 3546.970329 3543.702901 3538.805261 3530.720646 3540.783116 3541.672450 3542.242697 3545.320554 3547.001931 3552.186325 3554.484539 3559.725228 3568.609093 3571.339036 3571.681340 3571.635391 3569.559044 3566.216599 3564.167426 3561.298788 3555.954443 3554.051466 3553.607797 3552.206728 3556.199199 3557.710353 3560.711599 3555.319024 3559.815607 3566.078210 3573.065212 3578.515093 3584.626108 3587.061866 3583.801948 3584.552292 3576.273553 3562.699939 3553.015903 3545.710165 3546.189328 3543.336441 3535.488043 3521.771933 3530.263745 3546.509114 3551.390691
3530.259469 3539.066570 3549.436833 3551.817931 3546.712651 3548.925391 3550.649044 3551.747521 3549.778970 3546.104455 3541.436053 3551.579109 3559.676360 3560.912922 3563.185958 3567.044854 3567.907114 3557.035177 3554.939751 3562.027924 3571.524525 3576.522943 3576.602309 3576.115828 3572.211690 3570.951935 3570.677492 3568.837405 3568.149782 3569.571346 3566.890744 3569.655020 3575.080691 3578.408096 3573.407371 3565.066782 3567.439150 3575.963866 3585.174759 3592.801187 3602.946804 3613.702821 3614.127310 3609.754864 3601.356305 3589.074701 3566.792799 3549.533048 3538.648096 3530.675857 3523.499134 3526.820884 3522.089489 3536.217720 3538.120690
3514.934323 3535.822620 3555.664044 3561.256567 3555.161382 3551.451292 3550.248531 3550.775008 3549.610999 3549.751881 3558.045485 3569.546085 3580.354471 3582.161648 3583.799761 3582.344931 3574.872858 3564.480957 3561.819353 3574.856141 3591.516703 3599.247322 3598.573465 3593.866270 3596.583176 3596.772375 3597.413750 3594.144578 3594.714142 3591.941587 3596.955754 3604.611542 3612.629507 3611.299864 3598.884177 3586.485605 3586.551620 3592.248425 3599.515472 3607.223560 3617.385305 3626.479794 3621.744479 3616.816731 3609.739930 3584.461179 3562.298921 3548.316989 3548.765976 3549.684553 3545.406623 3543.595374 3543.008708 3539.268209 3539.662468
3550.266408 3569.202346 3589.316029 3601.933296 3595.648654 3588.157866 3579.792214 3579.869141 3579.956939 3585.500647 3595.536092 3607.770840 3629.167225 3628.254071 3628.384443 3626.659318 3613.560709 3600.229134 3590.317652 3612.676436 3623.724520 3630.697018 3627.707125 3632.369763 3640.857274 3637.333779 3631.163338 3618.938291 3624.458571 3630.475910 3645.603903 3653.619809 3659.009673 3654.164112 3640.052661 3633.213473 3634.994327 3641.820223 3643.319659 3652.324800 3660.985167 3675.916371 3674.557192 3671.753113 3652.141539 3615.199412 3586.374577 3574.487851 3586.407549 3580.931393 3574.653999 3574.930301 3564.216029 3557.429696 3560.294405
3581.145848 3594.163950 3610.155799 3626.483242 3617.229619 3607.066729 3590.273098 3586.880796 3590.721443 3600.824831 3618.142409 3635.656449 3655.205320 3653.090352 3645.720053 3655.333540 3648.286083 3637.309344 3629.833263 3652.039176 3661.956090 3672.038813 3677.423990 3690.042847 3700.373469 3683.304419 3665.836832 3655.010225 3662.169215 3688.220639 3711.035696 3715.818327 3714.715684 3713.884839 3698.083707 3693.388613 3690.243647 3691.028103 3688.658650 3686.969887 3712.875553 3734.825710 3734.728658 3713.338187 3690.709730 3650.854564 3613.104336 3589.398813 3603.448345 3600.077568 3603.747618 3594.073297 3582.701461 3576.332330 3574.457384
3629.600131 3650.601636 3666.669569 3688.576915 3678.710178 3655.149543 3638.495301 3640.897360 3654.492761 3662.619487 3681.327285 3697.895178 3723.278013 3734.697601 3745.336536 3749.270154 3742.316803 3733.801821 3721.873184 3727.698011 3752.153660 3763.775958 3771.933667 3780.156265 3792.828226 3792.796232 3785.534307 3783.586674 3788.055947 3802.060850 3816.978026 3823.743850 3826.627501 3829.014378 3815.032793 3801.906144 3800.236921 3795.032058 3794.223676 3793.576824 3805.739357 3827.036989 3823.717171 3786.323197 3759.443230 3724.091403 3685.527361 3656.279161 3650.975056 3671.002631 3669.530203 3653.472542 3643.699301 3618.445972 3614.228068
3697.806202 3730.636091 3754.814578 3764.771514 3771.796028 3756.265631 3753.919802 3758.135299 3766.643634 3769.663982 3776.030737 3808.495768 3842.287662 3867.030742 3889.749530 3896.848704 3884.385074 3874.606225 3860.949721 3852.201236 3863.841112 3881.388956 3899.181379 3914.078117 3925.441229 3927.399690 3925.788248 3925.831790 3929.051233 3932.067668 3936.513105 3945.219668 3952.925128 3961.489614 3969.275525 3958.429504 3941.390666 3932.361750 3923.721217 3923.269658 3924.885870 3929.190974 3930.331030 3912.748894 3869.694077 3837.669800 3805.397153 3786.451626 3773.771434 3774.590871 3756.404652 3731.812363 3679.848879 3642.686998 3611.629852
3782.795915 3827.428457 3856.751100 3873.458441 3886.057726 3882.612361 3884.481793 3885.430889 3889.039896 3891.212726 3893.602591 3920.926855 3963.133408 4002.953068 4034.521998 4034.058099 4019.897053 4008.466222 3999.473067 3984.713308 3980.725287 3993.891493 4009.803718 4030.598241 4040.979695 4046.747915 4043.183163 4043.390969 4045.349646 4047.744054 4049.941290 4053.778802 4063.750500 4079.231228 4094.129109 4093.062709 4073.458874 4055.333722 4039.385835 4037.348572 4035.217244 4030.327024 4032.860791 4034.810537 4017.955213 3985.837351 3945.362176 3904.923602 3888.943174 3874.210982 3863.368015 3846.170232 3804.006155 3735.676588 3695.263279
3898.451466 3933.577901 3962.835887 3993.339097 4007.957428 4009.731736 4006.950321 4005.527746 4012.603447 4015.038000 4020.301788 4036.988907 4070.297668 4106.762434 4137.011338 4152.334462 4144.091821 4125.477800 4102.639470 4092.262394 4089.155406 4092.989465 4102.907013 4116.418909 4136.519244 4156.465715 4162.317701 4163.226191 4160.509211 4162.995233 4164.630614 4164.762651 4167.937399 4176.953326 4187.230091 4190.718010 4182.523695 4160.728601 4136.701848 4125.599359 4119.279005 4115.938865 4117.247060 4122.813327 4126.401388 4111.078298 4074.362253 4028.782440 3998.913035 3984.278860 3971.624002 3957.293237 3944.471255 3909.797252 3888.232405
4008.503607 4024.144926 4052.988276 4082.312717 4104.968252 4119.600235 4119.641748 4122.432612 4127.277870 4134.387427 4149.513484 4173.564941 4193.451940 4217.030480 4244.524993 4261.408071 4266.648690 4264.709720 4260.241030 4261.358847 4261.744866 4193.121029 4199.906127 4206.677490 4225.349704 4241.932003 4247.980328 4248.676882 4245.897778 4247.855265 4248.691202 4248.549149 4248.172006 4250.862068 4256.407520 4258.526969 4255.906790 4242.311938 4262.913800 4242.338897 4228.569680 4220.192845 4211.804583 4203.522721 4194.022450 4183.982375 4163.195846 4131.494547 4096.671259 4075.673880 4068.016754 4061.786631 4052.871370 4046.947063 4029.458160
4107.726004 4118.338347 4137.079767 4160.388448 4195.524997 4219.769899 4231.421833 4240.938382 4245.660230 4259.949539 4277.201773 4259.492896 4268.596565 4278.017172 4287.377544 4290.591974 4291.512341 4291.087659 4288.661262 4287.812317 4285.264490 4281.957342 4271.317466 4272.946306 4274.967648 4277.611739 4281.385686 4280.313421 4281.456249 4284.421415 4282.615110 4276.468769 4272.303990 4270.725723 4271.811526 4279.311075 4282.865183 4283.853092 4280.104364 4279.124933 4278.033382 4274.306917 4269.654495 4263.095948 4254.706277 4271.343237 4258.885631 4229.934498 4188.329176 4145.912876 4138.956495 4141.458046 4141.141384 4139.668379 4133.979658
4236.147675 4250.230051 4265.424467 4240.181704 4264.661382 4277.189125 4283.046881 4287.437268 4290.336830 4293.806993 4290.829451 4287.879943 4282.944036 4281.317835 4279.944958 4277.485812 4278.108441 4276.219540 4272.112443 4267.969649 4259.738772 4248.003305 4236.822868 4233.085870 4237.348624 4243.075251 4248.372620 4253.033115 4256.831178 4256.669017 4251.063483 4242.506898 4234.851065 4233.225912 4240.191639 4245.985837 4252.735433 4253.649223 4252.249399 4249.671403 4249.347878 4245.933825 4246.097745 4253.302553 4268.362563 4270.634559 4277.101605 4276.180641 4257.939209 4224.907812 4239.350854 4219.213548 4225.565325 4220.887451 4209.430050
4281.885829 4284.922091 4283.135402 4282.140889 4275.670271 4269.549306 4268.749376 4272.793677 4279.887254 4280.908823 4273.811211 4265.139132 4257.817193 4250.237505 4247.826376 4247.351926 4247.145100 4247.697604 4242.372833 4232.778989 4215.429560 4203.800204 4192.718691 4186.767891 4182.673730 4185.899844 4197.401909 4210.023084 4215.145494 4205.419999 4196.767746 4184.719781 4176.613653 4177.091678 4177.943745 4187.566073 4204.933210 4212.972542 4213.795864 4207.100371 4200.289864 4193.504106 4190.277209 4196.691117 4212.144952 4229.262601 4245.288696 4254.663751 4262.508732 4269.780966 4267.386408 4270.390067 4272.042833 4269.709348 4273.377787
4276.476481 4269.401751 4262.330917 4256.963455 4250.512146 4245.243114 4243.367815 4245.149432 4246.927636 4242.680315 4236.307584 4226.282886 4215.176075 4205.422272 4197.545980 4198.586125 4200.964232 4202.727197 4195.265827 4179.690273 4161.722999 4148.171579 4134.258383 4130.311279 4124.238768 4116.037062 4126.106225 4146.294435 4153.876493 4137.348693 4126.274448 4110.879082 4104.392864 4100.245096 4100.916702 4109.801566 4132.785944 4157.709334 4159.955544 4148.802806 4137.713016 4133.014714 4129.733173 4134.133370 4150.756935 4171.842087 4188.253371 4198.912207 4204.266220 4212.068573 4221.510629 4236.176247 4251.332932 4263.959845 4268.117600
4251.081895 4243.299220 4235.613390 4227.951748 4221.040238 4214.811278 4210.487580 4208.524469 4204.365810 4198.208568 4191.139952 4169.480195 4156.947065 4143.837418 4128.682580 4124.695255 4119.606835 4120.589224 4109.005444 4101.334230 4085.128282 4069.768555 4054.131002 4040.340176 4034.620802 4027.791713 4025.229241 4038.431891 4046.789665 4037.840925 4028.230907 4017.898477 4013.623359 4010.256925 4012.838301 4023.337359 4042.552130 4060.877829 4069.570365 4062.348685 4061.666191 4062.081153 4060.499542 4066.971582 4077.320226 4095.095040 4117.818516 4137.309003 4147.354259 4154.170493 4163.320600 4177.834509 4192.067688 4206.572719 4224.818982
4220.479286 4211.124007 4201.163649 4191.384698 4180.847314 4170.249953 4163.659446 4166.488174 4160.512442 4154.957377 4131.125912 4074.647681 4053.051710 4033.930113 4017.527669 4010.635003 4002.032231 3984.665048 3976.069149 3971.897933 3975.419614 3961.681255 3944.188888 3926.282321 3921.450982 3918.023120 3899.399795 3893.386058 3893.538616 3911.682852 3905.839099 3905.295422 3907.845587 3905.498581 3906.512772 3919.159588 3926.257391 3931.023610 3937.917956 3943.736062 3954.934675 3963.365049 3974.619697 3992.027100 4002.567208 4017.580460 4037.783362 4063.781569 4079.619828 4089.139071 4099.462561 4114.722578 4130.852533 4148.681914 4171.145284
4185.689248 4168.759351 4154.035208 4139.669422 4126.944533 4114.064939 4097.846239 4099.865536 4097.907253 4087.359902 4030.436662 3989.905633 3955.852562 3938.835642 3914.991291 3901.143950 3883.989761 3843.745240 3825.874552 3826.362503 3842.853344 3840.394535 3825.439347 3813.965465 3804.409030 3794.666745 3776.218877 3755.903284 3762.229134 3781.756547 3783.621389 3787.822916 3796.347174 3796.056490 3788.815692 3784.758877 3796.404839 3801.441001 3812.860514 3831.544231 3836.564090 3854.204005 3889.158395 3901.831740 3916.776606 3934.803059 3954.887476 3976.783501 3999.615607 4013.699929 4028.870801 4047.164895 4063.721921 4083.885314 4106.278022
4134.285727 4102.761748 4081.464072 4064.015265 4044.663344 4016.828156 3996.921757 3994.726104 3988.715452 3958.161964 3904.952918 3870.167304 3847.886304 3826.281738 3803.585538 3779.152839 3740.263211 3705.139817 3683.208810 3700.820268 3712.885381 3726.434742 3715.594725 3705.280943 3695.896941 3677.245837 3660.239276 3643.055741 3654.546476 3663.264014 3684.115607 3691.617764 3695.614560 3702.088110 3700.568730 3688.664427 3681.720485 3689.564636 3699.258737 3711.402379 3734.212648 3770.629493 3795.271841 3813.485411 3833.694288 3851.867777 3872.704443 3895.200574 3917.852364 3934.667333 3952.642100 3970.709755 3991.247972 4009.832297 4032.108686
4052.502926 4024.414299 3998.346529 3975.305606 3942.966533 3895.583368 3881.393505 3872.517954 3849.288487 3800.155642 3758.812730 3740.592392 3729.676429 3707.036621 3686.859333 3657.839559 3623.785002 3603.284687 3582.979016 3594.313446 3605.520668 3627.430935 3619.488059 3613.665519 3611.444336 3596.187471 3583.159071 3566.463260 3572.618499 3585.247738 3609.905577 3616.279468 3620.572999 3630.418764 3629.702177 3624.591305 3605.369575 3611.619557 3622.312693 3636.978734 3668.457462 3690.459149 3712.353748 3733.836467 3752.663269 3773.589969 3795.105682 3817.445939 3843.473704 3862.555131 3881.043377 3902.057786 3920.559117 3933.836929 3948.896396
3943.243295 3919.891222 3901.168208 3877.364564 3833.757400 3790.090825 3748.385697 3720.163174 3665.822995 3631.096333 3613.673222 3615.975978 3605.529619 3587.139227 3569.490986 3551.335219 3530.937367 3513.559843 3488.949857 3495.228289 3512.184692 3530.270891 3533.289108 3535.454621 3534.650697 3526.019110 3512.834093 3499.349234 3503.209540 3520.752433 3539.017968 3549.614792 3557.552727 3565.302221 3564.854675 3554.623365 3544.038688 3548.334072 3563.573770 3579.254318 3595.682233 3615.389854 3635.306313 3654.960603 3676.656137 3698.355367 3720.292110 3744.173400 3770.102006 3790.771429 3813.598949 3837.126195 3852.421147 3859.865883 3865.923106
3840.543697 3822.449120 3800.079087 3772.911842 3731.277036 3692.589505 3652.644047 3604.538954 3572.271765 3545.072672 3541.152581 3527.642347 3516.533681 3504.090913 3485.217540 3470.628098 3457.752355 3437.647387 3429.930979 3438.276756 3452.371402 3460.430283 3468.480982 3467.020349 3465.267939 3460.376801 3446.685233 3443.832088 3454.243949 3469.431191 3482.889088 3494.701277 3501.568562 3506.377934 3503.093494 3493.501034 3490.826642 3498.674954 3513.699190 3526.357197 3539.905283 3559.427492 3578.129408 3598.472309 3619.639689 3640.284485 3663.347194 3687.133625 3711.894994 3738.015978 3759.021489 3775.873817 3783.033107 3790.945897 3788.154304
3717.385417 3707.711582 3682.752352 3655.152052 3627.524462 3596.539072 3574.543437 3544.980739 3516.666306 3489.451094 3465.066207 3455.197532 3451.238345 3440.373963 3425.361218 3415.984331 3401.964221 3394.453933 3402.621895 3404.191254 3412.147719 3410.143073 3411.641729 3409.783087 3409.688762 3408.258293 3403.325537 3416.314344 3422.675607 3435.778902 3445.578263 3455.258006 3460.806378 3464.068746 3465.233647 3461.203447 3467.193768 3472.586304 3485.476744 3495.777021 3508.068107 3526.723628 3542.244357 3559.612923 3580.246286 3601.578939 3623.673640 3647.649109 3674.018658 3696.915970 3712.679277 3717.355924 3724.655110 3723.753344 3710.151081
