tests/Borden05m/sims/sim_1/output-maps/psiliqL0019N0018.asc
ncols         160
nrows         34
xllcorner     620200.000000
yllcorner     5168000.000000
cellsize      0.500000
NODATA_value  -9999.0
[rows 0 to 24 of 34, columns 0 to 54 of 160]
-9999.0 -9999.0 -9999.0 -9999.0 -9999.0 -9999.0 -9999.0 -9999.0 -9999.0 -9999.0 -9999.0 -9999.0 -9999.0 -9999.0 -9999.0 -9999.0 -9999.0 -9999.0 -9999.0 -9999.0 -9999.0 -9999.0 -9999.0 -9999.0 -9999.0 -9999.0 -9999.0 -9999.0 -9999.0 -9999.0 -9999.0 -9999.0 -9999.0 -9999.0 -9999.0 -9999.0 -9999.0 -9999.0 -9999.0 -9999.0 -9999.0 -9999.0 -9999.0 -9999.0 -9999.0 -9999.0 -9999.0 -9999.0 -9999.0 -9999.0 -9999.0 -9999.0 -9999.0 -9999.0 -9999.0
-9999.0 -9999.0 -9999.0 -9999.0 -9999.0 -9999.0 -9999.0 -9999.0 -9999.0 -9999.0 -9999.0 -9999.0 -9999.0 -9999.0 -9999.0 -9999.0 -9999.0 -9999.0 -9999.0 -9999.0 -9999.0 -9999.0 -9999.0 -9999.0 -9999.0 -9999.0 -9999.0 -9999.0 -9999.0 -9999.0 -9999.0 -9999.0 -9999.0 -9999.0 -9999.0 -9999.0 -9999.0 -9999.0 -9999.0 -9999.0 -9999.0 -9999.0 -9999.0 -9999.0 -9999.0 -9999.0 -9999.0 -9999.0 -9999.0 -9999.0 -9999.0 -9999.0 -9999.0 -9999.0 -9999.0
-9999.0 -9999.0 -9999.0 -9999.0 -9999.0 -9999.0 -9999.0 -9999.0 -9999.0 -9999.0 -9999.0 -9999.0 -9999.0 -9999.0 -9999.0 -9999.0 -9999.0 -9999.0 -9999.0 -9999.0 -9999.0 -9999.0 -9999.0 -9999.0 -9999.0 -9999.0 -9999.0 -9999.0 -9999.0 -9999.0 -9999.0 -9999.0 -9999.0 -9999.0 -9999.0 -9999.0 -9999.0 -9999.0 -9999.0 -9999.0 -9999.0 -9999.0 -9999.0 -9999.0 -9999.0 -9999.0 -9999.0 1903.686368 1886.661905 1872.389758 1869.355718 1891.594636 1915.277523 1939.535836 1960.537647
-9999.0 -9999.0 -9999.0 -9999.0 -9999.0 -9999.0 -9999.0 -9999.0 -9999.0 -9999.0 -9999.0 -9999.0 -9999.0 -9999.0 -9999.0 -9999.0 -9999.0 -9999.0 -9999.0 -9999.0 -9999.0 -9999.0 -9999.0 -9999.0 -9999.0 -9999.0 -9999.0 -9999.0 -9999.0 -9999.0 -9999.0 -9999.0 -9999.0 -9999.0 -9999.0 -9999.0 -9999.0 -9999.0 -9999.0 -9999.0 1951.301744 1957.407457 1958.233437 1948.418195 1937.541488 1924.992965 1904.995920 1887.637017 1873.913395 1872.065815 1875.062352 1879.454253 1901.578612 1927.068297 1947.326885
-9999.0 -9999.0 -9999.0 -9999.0 -9999.0 -9999.0 -9999.0 -9999.0 -9999.0 -9999.0 -9999.0 -9999.0 -9999.0 -9999.0 -9999.0 -9999.0 -9999.0 -9999.0 -9999.0 -9999.0 -9999.0 -9999.0 -9999.0 -9999.0 -9999.0 -9999.0 -9999.0 -9999.0 -9999.0 -9999.0 -9999.0 -9999.0 -9999.0 -9999.0 1857.492611 1874.934178 1893.309315 1912.204152 1929.459105 1936.707724 1942.701919 1948.535549 1944.536742 1940.407297 1929.321110 1909.710431 1890.690775 1877.726147 1876.560917 1874.579425 1879.007669 1891.727877 1908.931944 1925.057299 1946.284257
-9999.0 -9999.0 -9999.0 -9999.0 -9999.0 -9999.0 -9999.0 -9999.0 -9999.0 -9999.0 -9999.0 -9999.0 -9999.0 -9999.0 -9999.0 -9999.0 -9999.0 -9999.0 -9999.0 -9999.0 -9999.0 -9999.0 -9999.0 -9999.0 -9999.0 -9999.0 -9999.0 -9999.0 1860.079493 1854.478603 1850.022224 1849.040906 1848.226933 1847.695641 1854.799954 1866.803508 1884.805434 1907.150094 1920.743874 1928.433695 1935.591515 1936.566238 1931.580788 1930.189029 1931.072327 1919.324330 1907.826480 1897.091864 1886.702023 1884.912229 1894.674053 1909.374872 1926.114470 1941.361519 1957.206131
-9999.0 -9999.0 -9999.0 -9999.0 -9999.0 -9999.0 -9999.0 -9999.0 -9999.0 -9999.0 -9999.0 -9999.0 -9999.0 -9999.0 -9999.0 -9999.0 -9999.0 -9999.0 -9999.0 -9999.0 -9999.0 -9999.0 -9999.0 1828.337341 1833.996139 1840.942356 1848.992973 1850.438293 1847.169867 1842.163487 1839.859242 1839.002885 1837.640196 1842.726268 1850.821497 1864.613106 1880.691880 1903.289564 1912.252524 1918.016810 1930.335752 1934.026386 1941.227960 1945.733491 1944.441313 1941.501229 1928.367519 1918.499496 1922.688831 1928.183630 1935.498917 1944.140823 1958.070784 1973.169962 1990.027311
-9999.0 -9999.0 -9999.0 -9999.0 -9999.0 -9999.0 -9999.0 -9999.0 -9999.0 -9999.0 -9999.0 -9999.0 -9999.0 -9999.0 -9999.0 -9999.0 -9999.0 -9999.0 -9999.0 1802.343482 1803.577030 1805.277674 1810.449757 1811.440842 1813.834936 1821.213287 1829.841144 1833.017453 1831.650332 1831.035378 1833.113650 1836.428070 1841.525237 1853.072465 1867.287308 1881.923227 1895.866461 1917.191351 1932.308483 1945.831617 1961.999204 1962.362134 1959.070334 1957.841589 1958.575930 1958.439860 1960.471296 1962.008422 1968.656627 1972.027779 1977.572150 1987.279515 1999.456789 2017.372699 2036.606906
-9999.0 -9999.0 -9999.0 -9999.0 -9999.0 -9999.0 -9999.0 -9999.0 -9999.0 -9999.0 -9999.0 -9999.0 -9999.0 -9999.0 -9999.0 -9999.0 1772.715962 1774.778748 1777.406900 1783.195282 1786.819751 1791.224607 1798.642406 1800.481520 1804.607720 1812.265709 1817.542668 1827.165319 1835.980292 1843.824991 1850.382419 1853.598868 1861.270152 1871.318931 1883.567022 1898.758811 1920.136119 1943.918793 1960.418653 1977.677230 1995.319545 1996.431674 1995.599152 1996.858314 1996.967884 2001.606048 2018.111303 2023.140011 2021.952456 2035.860857 2049.281195 2053.868463 2061.803833 2081.601612 2104.967340
-9999.0 -9999.0 -9999.0 -9999.0 -9999.0 -9999.0 -9999.0 -9999.0 -9999.0 -9999.0 -9999.0 -9999.0 -9999.0 1724.178928 1728.500303 1738.698653 1749.273087 1752.406578 1757.400042 1764.173964 1776.802478 1780.919704 1787.551748 1795.498600 1808.278124 1817.493892 1827.101314 1839.502288 1848.364111 1856.110663 1863.518311 1868.661195 1881.816803 1897.166563 1912.948723 1933.278968 1955.776930 1975.958581 1995.989831 2012.562055 2025.938834 2026.529494 2026.146950 2028.924224 2035.855202 2051.804235 2070.070606 2075.902078 2090.838258 2113.102982 2125.580030 2135.867317 2143.963524 2157.953566 2179.541915
-9999.0 -9999.0 -9999.0 -9999.0 -9999.0 -9999.0 -9999.0 -9999.0 -9999.0 -9999.0 1692.694455 1694.907971 1691.713180 1690.834458 1696.596713 1709.220637 1723.723355 1730.329663 1742.569156 1764.173370 1782.848344 1786.715461 1801.349649 1812.184604 1819.545831 1830.370729 1843.977895 1857.071775 1873.907756 1886.691793 1897.814305 1916.711397 1933.566220 1950.623560 1968.834061 1989.782027 2008.718869 2035.858123 2062.701648 2074.505521 2095.157963 2103.403398 2100.670782 2100.603503 2110.209444 2124.771396 2143.804960 2164.390247 2185.051549 2209.311017 2224.224839 2238.347167 2248.864126 2260.889845 2276.953815
-9999.0 -9999.0 -9999.0 -9999.0 -9999.0 -9999.0 -9999.0 -9999.0 1667.486460 1675.361006 1681.509047 1678.739157 1674.628554 1670.336759 1684.873710 1700.997760 1717.436778 1735.838308 1752.180225 1770.938814 1786.230980 1802.444893 1823.010913 1834.963602 1846.826101 1862.658567 1876.729443 1893.628599 1915.289213 1926.883793 1942.215964 1963.629630 1981.925498 2000.325926 2019.660408 2037.985984 2062.853759 2095.717713 2127.087193 2147.815063 2175.407278 2196.578604 2194.598592 2196.117358 2199.927606 2224.975787 2253.364657 2283.594691 2307.039256 2333.276481 2362.528833 2381.119295 2391.744499 2404.323612 2419.574647
-9999.0 -9999.0 -9999.0 -9999.0 -9999.0 -9999.0 1639.212204 1663.714890 1679.113178 1671.244279 1660.013554 1656.152313 1651.688497 1678.469157 1701.073065 1718.872128 1736.240583 1754.397040 1771.407637 1783.251372 1816.031426 1835.117495 1849.190203 1866.087540 1881.341770 1896.629443 1914.388044 1937.760672 1958.769257 1986.361598 2009.412275 2031.494473 2057.840604 2077.678253 2096.765724 2114.186729 2144.803763 2181.666259 2218.035494 2245.692435 2272.352125 2304.203094 2309.370362 2314.360816 2320.049729 2342.520053 2375.209616 2405.472960 2438.927503 2470.890852 2498.741312 2511.370547 2521.991049 2533.387379 2547.038345
-9999.0 -9999.0 -9999.0 -9999.0 1605.730926 1626.757570 1646.498298 1677.201559 1699.859072 1695.252716 1701.451252 1701.215018 1698.866235 1703.680621 1711.693883 1730.029220 1749.443449 1769.214492 1786.384651 1819.057252 1864.898491 1879.454083 1901.737959 1933.437832 1946.889778 1962.511316 1979.367504 2002.337401 2026.924052 2059.093336 2100.161395 2135.268868 2160.439434 2183.019245 2204.467974 2225.471248 2260.634192 2298.942482 2336.013701 2369.712677 2398.896170 2425.469262 2436.637297 2444.177049 2455.996424 2473.179514 2495.546191 2524.035837 2556.732172 2589.230896 2614.020086 2626.226519 2633.678156 2644.433314 2654.269337
-9999.0 -9999.0 -9999.0 1554.333291 1593.305670 1632.020579 1658.770262 1689.732266 1722.313554 1725.601999 1734.938297 1738.456013 1741.612603 1749.546390 1756.685772 1774.174484 1791.751828 1809.864597 1832.491103 1868.802807 1902.342294 1928.300242 1959.328553 1982.738123 2001.284542 2016.839072 2036.202489 2059.652785 2099.159941 2134.770706 2184.268951 2237.320668 2273.392436 2297.422140 2320.960875 2349.333003 2375.253239 2413.141849 2448.468041 2481.948089 2514.503135 2539.192086 2557.053207 2564.347737 2574.598060 2582.792219 2598.161960 2619.703282 2642.180578 2672.086934 2701.210575 2729.267303 2744.405824 2755.240319 2771.931739
-9999.0 -9999.0 1506.556286 1545.125810 1578.333920 1627.451228 1680.738064 1715.779042 1756.530853 1778.998910 1784.968511 1800.146453 1814.706978 1820.221628 1833.862080 1850.018732 1870.066401 1878.508715 1897.541907 1923.336561 1969.035732 2010.698773 2023.037890 2069.798031 2102.450128 2132.544303 2152.401608 2179.994259 2217.263360 2257.001797 2305.231462 2356.183415 2394.232998 2425.550338 2443.277965 2464.233843 2487.140862 2513.775761 2549.741749 2578.220369 2610.983010 2637.533811 2659.200052 2664.574045 2669.430279 2685.859426 2712.089881 2741.402568 2767.988232 2793.869574 2791.105023 2807.779677 2815.676890 2820.371970 2827.062203
-9999.0 -9999.0 1478.472039 1524.122387 1562.419162 1625.930278 1708.568995 1745.081245 1787.414660 1833.693839 1851.107367 1874.955819 1880.758996 1883.298124 1905.170578 1925.258199 1941.417944 1949.464162 1948.159806 2003.175622 2059.954342 2101.224368 2133.540945 2204.103210 2252.328095 2272.549209 2287.891556 2309.565590 2333.568138 2375.972437 2421.586483 2476.180933 2521.020002 2553.014091 2570.185323 2590.489873 2611.678237 2629.714399 2649.991856 2692.737688 2725.257439 2753.792003 2783.095847 2804.261058 2813.055541 2817.632331 2802.254218 2816.192406 2825.780331 2830.324450 2832.424277 2829.542911 2829.421261 2830.524258 2831.713743
-9999.0 1387.755730 1440.126513 1492.431051 1559.828402 1625.158959 1705.592453 1784.114550 1845.073766 1894.713670 1922.965339 1928.649258 1952.032430 1988.383969 2012.359818 2035.911893 2040.867360 2049.020705 2037.173108 2088.280789 2133.846233 2199.076372 2304.559426 2361.735276 2413.486064 2414.380919 2408.436813 2419.488370 2441.639946 2487.312562 2560.717815 2613.176050 2672.727328 2719.469484 2737.425407 2746.212212 2765.487569 2786.756445 2761.007024 2792.090079 2807.286618 2819.937325 2825.949325 2828.708215 2830.573363 2831.243128 2828.447577 2822.367424 2814.867343 2809.520538 2805.645433 2801.291016 2803.761661 2806.982550 2807.352639
-9999.0 1351.166751 1409.913996 1480.380719 1550.294457 1610.620827 1706.575570 1858.702003 1916.214011 1954.320306 1971.222535 1976.657974 2046.865916 2110.618877 2141.565297 2186.779724 2178.958184 2168.418849 2147.990567 2179.149932 2225.314703 2298.464642 2450.612947 2536.776199 2574.446086 2585.575678 2591.728166 2620.208510 2660.989168 2704.522834 2744.828768 2736.081445 2773.716625 2794.037215 2801.032541 2804.576918 2810.781055 2812.068755 2811.888405 2809.425455 2805.985313 2807.358914 2812.547333 2813.135812 2810.881363 2808.098613 2802.719491 2795.284139 2789.776369 2784.961954 2782.008758 2778.791754 2776.721710 2776.038425 2771.022460
-9999.0 1317.371742 1390.064678 1451.760537 1509.806464 1615.704056 1743.636959 1882.722318 1977.295241 2014.091259 2020.654743 2077.101202 2177.994938 2277.500249 2329.625518 2354.296027 2349.639189 2320.556897 2317.122961 2362.673862 2430.407633 2533.312794 2642.676006 2729.446067 2744.864943 2749.888099 2721.003451 2740.914966 2760.048955 2766.004963 2771.009217 2779.899226 2788.735953 2795.002990 2796.648564 2796.354392 2793.758706 2787.492860 2783.991802 2781.687306 2779.045639 2779.041558 2781.924739 2783.685949 2781.213703 2777.356501 2772.664897 2766.615190 2759.741938 2752.527686 2747.897903 2743.245915 2740.511293 2734.752162 2729.989631
-9999.0 1208.604750 1300.160106 1349.751792 1449.147392 1629.188793 1757.227645 1903.855002 2057.259843 2089.678428 2153.576622 2280.167205 2389.970138 2466.328318 2502.849587 2542.217544 2570.855475 2593.293631 2630.701353 2562.349955 2629.173049 2703.785362 2738.075027 2754.799135 2761.428449 2764.002227 2757.245496 2739.773965 2732.086120 2728.677837 2733.866078 2744.646967 2753.101757 2761.227700 2761.583363 2764.349342 2766.365064 2764.152557 2761.048681 2753.344393 2746.220678 2740.505308 2738.346535 2743.384125 2738.516080 2735.440624 2729.007679 2720.193842 2709.666329 2701.490244 2693.092361 2685.796127 2682.506419 2676.371387 2674.057751
-9999.0 1127.764801 1203.027989 1281.011375 1408.766484 1573.161377 1690.118216 1854.040566 2074.526754 2198.184222 2336.972746 2415.906817 2488.140141 2541.921465 2599.517392 2649.448376 2676.592907 2689.459387 2674.101807 2691.911737 2658.875071 2652.980288 2673.532905 2702.863946 2719.162951 2724.655374 2718.144777 2710.101487 2705.231197 2706.771753 2707.959919 2708.268396 2708.260266 2707.901324 2706.775934 2710.674090 2716.636877 2710.848726 2701.105158 2692.667768 2685.058717 2676.538862 2670.873701 2666.825792 2666.049173 2665.653619 2657.752258 2647.054889 2636.445287 2627.829800 2619.790415 2613.974921 2610.582448 2604.699981 2594.984444
-9999.0 1020.877060 1146.712425 1234.019583 1345.415950 1479.498163 1597.658712 1757.060754 1898.730458 2127.454762 2278.505621 2417.437772 2462.662412 2525.631875 2580.336612 2650.944076 2653.851471 2626.613241 2592.812119 2580.599983 2591.262018 2603.006095 2616.021360 2634.942368 2653.628960 2664.547485 2669.034152 2663.613182 2651.513012 2642.805904 2636.323871 2627.031780 2620.994074 2621.017689 2624.543732 2633.929040 2636.290565 2627.919725 2615.506289 2598.868519 2584.361888 2573.330050 2570.702405 2572.397915 2572.531297 2568.382626 2561.602013 2550.647944 2537.863664 2525.473009 2518.267675 2512.674132 2504.860146 2493.482464 2480.569613
-9999.0 -9999.0 1067.386679 1177.536711 1280.144262 1398.600772 1504.112414 1637.912205 1784.439566 1961.700232 2078.629459 2227.583331 2308.826904 2354.143553 2397.826420 2453.730883 2476.628217 2502.843848 2493.305160 2503.146335 2513.428795 2521.178739 2530.677365 2541.182561 2554.345093 2565.189685 2574.876460 2573.651732 2566.051737 2549.106073 2528.292646 2512.623316 2504.656612 2498.125355 2509.564835 2522.138439 2518.792070 2512.578594 2500.768985 2484.544186 2471.741736 2457.822442 2454.023631 2453.883773 2453.808988 2450.744999 2446.614241 2433.503123 2420.507963 2409.080267 2403.704898 2397.255388 2392.035595 2381.147928 2369.632605
-9999.0 -9999.0 981.480652 1088.502710 1198.355943 1319.560993 1413.773089 1465.522396 1611.660767 1722.888186 1828.267015 1931.216352 2018.774512 2083.908614 2123.371298 2184.921201 2232.590397 2250.886266 2280.766572 2321.897341 2352.681525 2386.438589 2407.894992 2420.511571 2434.859470 2449.449786 2458.474182 2446.427578 2436.538344 2421.057436 2400.293327 2377.125109 2365.718684 2364.377385 2366.051846 2370.251054 2364.281997 2355.466677 2341.613812 2327.261131 2314.832167 2304.520762 2300.475918 2295.926109 2293.844059 2290.633802 2287.607310 2279.839779 2269.509044 2262.808936 2254.203395 2248.750758 2246.179083 2240.602344 2232.553997
