tests/Borden05m/sims/sim_1/output-maps/psiliqL0023N0013.asc
ncols         160
nrows         34
xllcorner     620200.000000
yllcorner     5168000.000000
cellsize      0.500000
NODATA_value  -9999.0
[rows 0 to 24 of 34, columns 55 to 109 of 160]
-9999.0 -9999.0 -9999.0 -9999.0 -9999.0 -9999.0 -9999.0 -9999.0 -9999.0 -9999.0 -9999.0 -9999.0 -9999.0 -9999.0 -9999.0 -9999.0 -9999.0 -9999.0 -9999.0 -9999.0 -9999.0 -9999.0 -9999.0 -9999.0 -9999.0 -9999.0 -9999.0 -9999.0 -9999.0 -9999.0 -9999.0 -9999.0 -9999.0 -9999.0 -9999.0 -9999.0 -9999.0 -9999.0 -9999.0 -9999.0 -9999.0 -9999.0 -9999.0 -9999.0 -9999.0 -9999.0 -9999.0 -9999.0 -9999.0 -9999.0 -9999.0 -9999.0 -9999.0 -9999.0 -9999.0
-9999.0 -9999.0 -9999.0 -9999.0 2807.860931 2802.557397 2797.772342 2794.325792 2813.435802 2804.624377 2797.191080 2793.615404 2793.061000 2792.780613 2792.742153 2798.207550 2806.725201 2814.746386 2821.960794 2792.807993 2793.963819 2795.907811 2796.232090 2795.139880 2793.275791 2823.078018 2819.844841 2818.335588 2810.944461 2799.863953 2791.507629 2788.822805 2793.017085 2797.300625 2799.676461 2804.853944 2815.086442 2825.447312 2801.079863 2810.638418 2817.159364 2822.353536 2824.940058 2820.849128 2817.479435 2813.552594 2808.866564 2797.793567 -9999.0 -9999.0 -9999.0 -9999.0 -9999.0 -9999.0 -9999.0
2780.166979 2799.132069 2793.166722 2796.367748 2812.323294 2807.536705 2804.747453 2803.430184 2799.329021 2791.302465 2786.701888 2781.783591 2779.836339 2780.383820 2780.843974 2785.143317 2796.282403 2804.563366 2809.573894 2812.799961 2815.872921 2814.820978 2814.313900 2814.263646 2811.508974 2807.919765 2804.644373 2802.934134 2804.272040 2796.771799 2790.948820 2787.166038 2784.440374 2786.968265 2789.568210 2793.755200 2802.778965 2810.456932 2818.290688 2799.176170 2809.243032 2814.659245 2812.041963 2807.341663 2804.844734 2798.784080 2818.414044 2808.123721 2799.443552 2792.632477 2786.533939 2779.465780 2784.925217 2791.644081 2800.281902
2765.043502 2784.841330 2806.006511 2809.060558 2798.694469 2791.184201 2785.220771 2786.179706 2789.987488 2787.262770 2783.063309 2776.439334 2786.507857 2788.068685 2789.415331 2793.215306 2796.051664 2801.213624 2804.093857 2809.735250 2818.799567 2821.740504 2822.379751 2822.624680 2820.827871 2817.706539 2815.900929 2813.233400 2808.077610 2806.516258 2806.348222 2805.282831 2809.434768 2810.275609 2813.395622 2807.582177 2811.608185 2817.509656 2823.532829 2829.313931 2798.334726 2799.643286 2796.282409 2797.818202 2823.629637 2809.506141 2799.131878 2791.000696 2790.196592 2786.500752 2777.808652 2763.450735 2770.566164 2785.634294 2789.510538
2772.074951 2781.671774 2792.999679 2796.110924 2791.536749 2794.060793 2796.366182 2798.235471 2797.061488 2794.278595 2791.051555 2802.388541 2810.625705 2812.505428 2815.601113 2820.197166 2822.217432 2811.724652 2809.990194 2817.642490 2826.722226 2832.030162 2832.364323 2832.224958 2829.066663 2828.072814 2827.951278 2826.179608 2826.045412 2827.857909 2826.001560 2829.326120 2834.828484 2799.742146 2832.015468 2823.300783 2825.053760 2833.202629 2802.813924 2808.681624 2817.389454 2828.151205 2828.055961 2823.280139 2815.990596 2804.736512 2817.257598 2798.764790 2786.892983 2778.190666 2770.119976 2771.469152 2766.144392 2778.382577 2779.205506
2764.041581 2784.433151 2804.541927 2811.356013 2805.985442 2802.598535 2801.686500 2803.030955 2803.015875 2804.746729 2814.970790 2827.746689 2800.484404 2801.085126 2803.051148 2803.639221 2838.143857 2828.198253 2825.660520 2839.551186 2812.906591 2819.104023 2818.813629 2815.301189 2819.257396 2819.054918 2819.075606 2815.401068 2816.429966 2814.895108 2821.302339 2828.932481 2836.637695 2833.628582 2822.885377 2810.807336 2810.417335 2815.236570 2819.744860 2826.912140 2836.983470 2846.158499 2841.232620 2835.589199 2827.663783 2803.024560 2819.211499 2804.388978 2802.833716 2802.390352 2797.600019 2794.356104 2791.828953 2786.017671 2785.153837
2805.692184 2825.905548 2808.727220 2820.817429 2814.746154 2807.202490 2798.441475 2798.767924 2799.785447 2806.114673 2817.028873 2830.734362 2851.321931 2851.428497 2852.433179 2852.043248 2841.281729 2828.414711 2818.262360 2839.317262 2848.441629 2855.773022 2854.146348 2860.316598 2869.226693 2865.465156 2858.836646 2847.252210 2853.022268 2860.706446 2875.783394 2883.405199 2888.316540 2884.481326 2871.299373 2864.803400 2865.651983 2871.119398 2871.427751 2879.068475 2888.096339 2902.945546 2901.741050 2897.086425 2876.640908 2839.885285 2812.851736 2841.119737 2808.444800 2802.248603 2834.493397 2832.497124 2819.600476 2810.505284 2812.206355
2805.595599 2818.352646 2833.466742 2850.199814 2842.266009 2832.051008 2816.375494 2813.891930 2818.826237 2828.914553 2846.661689 2865.626619 2886.279372 2887.107475 2882.705100 2891.676135 2885.570265 2875.237717 2867.639503 2886.629846 2897.065218 2906.859399 2913.415041 2926.040998 2936.728518 2921.919586 2906.147609 2897.044174 2903.649940 2927.792879 2948.912737 2953.747024 2953.300319 2953.469472 2939.680796 2934.473648 2930.368331 2929.446397 2926.076712 2923.661707 2947.194083 2967.418016 2966.793799 2944.883125 2921.983367 2884.011067 2846.547463 2822.194230 2830.264242 2827.058770 2830.970794 2819.749203 2807.155270 2799.435682 2834.569620
2858.839630 2881.942043 2899.115058 2919.954555 2913.114607 2891.621510 2877.587544 2880.675082 2893.936465 2901.709476 2919.320238 2937.910469 2964.887631 2979.010166 2991.630991 2979.416745 2988.452068 2980.206409 2968.038049 2971.637432 2993.539943 2987.511804 2995.532595 3004.348890 3016.835996 3018.350190 3012.431085 3010.885059 3014.928534 3026.832165 3039.917218 3046.586299 3050.134731 3053.269821 3042.316430 3030.142725 3027.319163 3021.200648 3018.781050 3017.700794 3027.200505 3045.648917 3042.916368 3009.200763 2983.434872 2966.113838 2928.620543 2898.989562 2890.268460 2906.323053 2902.892779 2886.372812 2873.898188 2846.091234 2840.015985
2932.758649 2966.027043 2990.572889 2985.332787 2993.070829 2980.314562 2978.804266 2982.634819 2990.447719 2993.703159 3000.144877 3032.144080 3065.616002 3091.204182 3113.961065 3120.608665 3109.336434 3099.541537 3086.370710 3077.406760 3086.770962 3102.538106 3119.820325 3134.805608 3146.037382 3148.450425 3146.955206 3147.059034 3149.890193 3152.849616 3156.818908 3164.706840 3172.135264 3178.081844 3186.637017 3177.425205 3163.581626 3153.799630 3143.831181 3142.201183 3143.065160 3145.798129 3146.784668 3132.360102 3093.168992 3063.381243 3031.936545 3010.781332 2996.335877 2994.244527 2993.101093 2969.739997 2919.901861 2882.873756 2851.040411
3005.256002 3047.203067 3076.080152 3093.643250 3106.504561 3104.523098 3106.220611 3107.349297 3111.302948 3114.056906 3117.512251 3143.000436 3180.313237 3218.705114 3249.313511 3249.862283 3236.973111 3225.783669 3216.358065 3202.756177 3198.900534 3210.411026 3224.829836 3244.139619 3254.722999 3261.532457 3258.760883 3259.014040 3260.525437 3262.764798 3264.811915 3268.070547 3277.133546 3291.371544 3305.168210 3304.733665 3287.160347 3269.512460 3253.321459 3249.968923 3246.902479 3241.943018 3243.987731 3245.815467 3232.016218 3202.552037 3167.052547 3126.767435 3108.414950 3092.465847 3082.245162 3066.163726 3030.166724 2985.573972 2948.677513
3118.413571 3150.590327 3176.287526 3206.051421 3221.376715 3224.488959 3222.324292 3221.585621 3228.461746 3231.729377 3238.109339 3254.442014 3284.519747 3318.404631 3347.277619 3362.896110 3355.836635 3338.936911 3317.726370 3308.818698 3306.214208 3309.482145 3318.381704 3330.249068 3348.914643 3367.570023 3372.899913 3373.748457 3371.455309 3373.455485 3374.905629 3375.003359 3377.549844 3385.308867 3394.631520 3397.851804 3390.700773 3371.052434 3348.328055 3336.470598 3329.643145 3326.109851 3326.623369 3331.131090 3333.785573 3319.799827 3285.977817 3243.212616 3212.995426 3196.880074 3184.001068 3173.529644 3161.847615 3132.865896 3112.931195
3222.880301 3237.533550 3264.774209 3292.846388 3315.520686 3330.349218 3331.276059 3334.653350 3339.291053 3346.954701 3361.956790 3383.955626 3401.908468 3423.334358 3448.812434 3464.299700 3469.582998 3468.260763 3464.709160 3466.008771 3466.324503 3409.932382 3415.619872 3421.280098 3436.633104 3450.731184 3455.768930 3456.341740 3454.071877 3455.753461 3456.440206 3456.376824 3456.009938 3457.921368 3462.480998 3464.223667 3462.070004 3450.534419 3466.130216 3446.706230 3433.576685 3425.549282 3417.464379 3409.239297 3399.893530 3390.205133 3371.420042 3341.576015 3307.768448 3285.584119 3277.313955 3271.542068 3263.713090 3258.381621 3242.070001
3320.612365 3331.146072 3348.680212 3370.719313 3402.899578 3425.338797 3436.437493 3445.492699 3450.093571 3463.629471 3479.590335 3465.433391 3472.917969 3480.663848 3488.360180 3491.003152 3491.759872 3491.410654 3489.054676 3488.356635 3486.076866 3482.413656 3472.143562 3473.731745 3475.600003 3478.195369 3481.884734 3480.741813 3481.816945 3484.759587 3483.048686 3477.116921 3473.136158 3471.564773 3472.466496 3479.832808 3483.251105 3484.177558 3481.223307 3480.338004 3479.440525 3476.376534 3472.551155 3467.158459 3460.260116 3473.102535 3461.508387 3434.495568 3395.807050 3356.425068 3347.918022 3348.847575 3349.028153 3347.457775 3341.999370
3441.083787 3454.311360 3468.648664 3449.722660 3469.834029 3480.134004 3484.950424 3488.773620 3491.481228 3494.245524 3491.199900 3488.127179 3483.297114 3481.799906 3480.471885 3478.056881 3478.696691 3476.812817 3472.797518 3468.873813 3461.212239 3449.835033 3438.663486 3435.293910 3439.646761 3445.155291 3450.156190 3454.379263 3458.024775 3458.220340 3452.896737 3444.602747 3437.166676 3435.471425 3442.260214 3447.955962 3454.243480 3455.080245 3453.694741 3451.296072 3451.133312 3448.013430 3448.272742 3455.218963 3469.660302 3472.896858 3478.214475 3477.457146 3462.459236 3435.316625 3443.643887 3423.935886 3429.611202 3425.142098 3413.954156
3482.773612 3485.270309 3483.801416 3482.589142 3476.310271 3470.331674 3469.583180 3473.582088 3480.591248 3481.710066 3474.720218 3466.260175 3459.148079 3451.904030 3449.645711 3448.999325 3448.709905 3449.171066 3443.926946 3434.942317 3418.332549 3406.829607 3395.794296 3389.875373 3386.435926 3390.154907 3401.124915 3412.819585 3417.776159 3408.956458 3400.708194 3389.141685 3381.109648 3381.525932 3382.765367 3392.145706 3408.425662 3415.416596 3416.170366 3409.933098 3403.780874 3397.245458 3394.333119 3400.768107 3415.901049 3432.272989 3447.444052 3456.349009 3463.944331 3470.901967 3470.207814 3472.677091 3474.035970 3472.117224 3474.422209
3476.909892 3470.038718 3463.181363 3457.984027 3451.575458 3446.270871 3444.511788 3446.529229 3448.682425 3444.789747 3438.449775 3428.561647 3417.695848 3408.124994 3400.864091 3401.908788 3404.281221 3405.872383 3398.837735 3383.800066 3366.597267 3353.270615 3339.521171 3335.648783 3329.995382 3322.984615 3333.165870 3352.389462 3359.550708 3343.971519 3333.314150 3318.355842 3311.676198 3307.849490 3308.744970 3317.706049 3339.652539 3362.832912 3364.724591 3353.971508 3343.299127 3338.505383 3335.325626 3340.136372 3356.893205 3376.951703 3392.617110 3402.759120 3408.040258 3415.782434 3425.099622 3438.903993 3453.331800 3465.358547 3470.640339
3452.191856 3444.504155 3436.931149 3429.427725 3422.634281 3416.580892 3412.412362 3410.527108 3406.932463 3400.999773 3394.160291 3375.175206 3363.030855 3350.515438 3336.050081 3332.429722 3328.130692 3329.463828 3318.209721 3310.019976 3293.421019 3278.259336 3262.949537 3250.245291 3244.603021 3238.130757 3237.461783 3251.239151 3259.757320 3249.675755 3239.935986 3228.980916 3224.219376 3220.877684 3223.236394 3233.592377 3253.466824 3271.733072 3279.804352 3272.288375 3270.238635 3269.588165 3267.926536 3273.925207 3285.080208 3303.034963 3324.873848 3343.057709 3352.635565 3359.470729 3368.644139 3382.483515 3396.363096 3410.455210 3428.103080
3421.995297 3412.878904 3403.151416 3393.668701 3383.427110 3373.495091 3367.273163 3369.863612 3363.965758 3358.450555 3337.278669 3284.097132 3264.012451 3245.620471 3229.906270 3223.667781 3215.729120 3201.222644 3192.742798 3188.139379 3189.050735 3175.204372 3160.952944 3143.780937 3138.959000 3135.406231 3119.484975 3116.405311 3117.373134 3131.682287 3125.465671 3123.518097 3124.795957 3122.399118 3123.971501 3136.809706 3145.106914 3151.216709 3157.774199 3161.467338 3171.143449 3175.462381 3184.250913 3200.802424 3211.709025 3226.983251 3247.058395 3271.798534 3286.529402 3295.717704 3305.896466 3320.908201 3336.854069 3354.243787 3376.319646
3387.908709 3372.431647 3358.280103 3344.323040 3331.950888 3319.500380 3304.481188 3306.492844 3304.459891 3294.864223 3242.814266 3202.481163 3172.525167 3155.708604 3132.776068 3120.009483 3105.532768 3069.421353 3052.825089 3051.820973 3065.415754 3061.264638 3046.135253 3034.176096 3025.162571 3016.371898 2999.531252 2982.369600 2988.276282 3005.812158 3006.003681 3008.638462 3015.948564 3015.248423 3009.006027 3007.431805 3019.671575 3025.371713 3036.150143 3052.627453 3057.152158 3071.317707 3103.440864 3115.985347 3130.582629 3148.730735 3168.769008 3187.197622 3208.720960 3222.157953 3236.774135 3254.670832 3270.925190 3290.875117 3313.170203
3338.804762 3308.724376 3288.310705 3271.516026 3253.282302 3227.841560 3208.283954 3206.488649 3200.694484 3173.849039 3126.079446 3091.181236 3067.611758 3046.389162 3023.862981 3002.209751 2983.966116 2950.334829 2928.928563 2943.245240 2953.977081 2964.130941 2952.555433 2941.676309 2932.148853 2914.856683 2898.348589 2882.700380 2893.379936 2902.011375 2919.496965 2925.936191 2929.874363 2935.345556 2934.004333 2924.191343 2920.565296 2928.727243 2938.643765 2950.349764 2970.275513 2987.686763 3011.091272 3028.537574 3048.355071 3065.931732 3086.774397 3109.030082 3130.928474 3147.171324 3164.819343 3179.597418 3199.690357 3218.492378 3241.070695
3261.657285 3234.087757 3208.348841 3186.099047 3158.963204 3114.599335 3101.459600 3093.155159 3073.231254 3028.231776 2988.143430 2982.972508 2969.210816 2946.147530 2925.176028 2898.718321 2866.336453 2844.448426 2824.251055 2834.308459 2844.325649 2863.363822 2854.404150 2847.213762 2843.970231 2828.874199 2815.648572 2799.577803 2806.078032 2817.950129 2840.580548 2846.358499 2850.448597 2859.566711 2858.833793 2854.527334 2838.165128 2845.133825 2855.790205 2868.528970 2898.755693 2920.650374 2942.963018 2964.372870 2983.231847 2988.182468 3009.139144 3031.402724 3056.135295 3074.794263 3092.975715 3113.561000 3132.193991 3146.544083 3162.817801
3159.362105 3135.810191 3116.549861 3093.239315 3053.073719 3010.963356 2989.016854 2964.575841 2914.789427 2882.273384 2860.521682 2858.471961 2846.032848 2826.462128 2809.588237 2833.380825 2810.767112 2791.084439 2765.716412 2770.425834 2785.357117 2801.626272 2801.742294 2801.897008 2800.059454 2790.421574 2776.881238 2763.228609 2766.936761 2783.819444 2801.750723 2811.640848 2819.452429 2827.462112 2827.586348 2818.795805 2809.446408 2814.854152 2830.532511 2807.244283 2823.230832 2843.589724 2862.604241 2882.520413 2904.473931 2926.044088 2948.515827 2972.590533 2983.194216 3002.625691 3025.166409 3047.896710 3063.888700 3072.285027 3080.160559
3059.517249 3040.663962 3018.294431 2992.632195 2967.527742 2928.687646 2889.118238 2845.401991 2814.871650 2829.573612 2820.957062 2804.824522 2790.604557 2775.330645 2754.873137 2739.173948 2723.933029 2702.390954 2691.103069 2697.780968 2710.824130 2719.037496 2725.121394 2722.774611 2720.278932 2714.382428 2700.471342 2695.588611 2705.434876 2720.673784 2734.577315 2746.110634 2753.177193 2758.645382 2755.935494 2747.233668 2744.347419 2752.943099 2768.714222 2781.697460 2797.087074 2818.115937 2801.853131 2821.193805 2841.545516 2862.772654 2886.467687 2910.866092 2935.486251 2961.628308 2983.130665 2986.507590 2993.843485 3002.407812 3002.090020
2954.504285 2942.869592 2917.874033 2891.978465 2863.783718 2831.018257 2808.581701 2817.541559 2787.481410 2759.209909 2733.374602 2720.261045 2713.348937 2699.997848 2682.721969 2671.401271 2655.708840 2644.650145 2649.766060 2650.915225 2659.034385 2657.284397 2658.026676 2655.432691 2654.711810 2652.229351 2645.590583 2656.891984 2663.621079 2677.189500 2687.348185 2697.128476 2703.116091 2706.929601 2708.152289 2703.977300 2709.884941 2716.408979 2730.460533 2741.856817 2755.818644 2775.999512 2792.240313 2811.241363 2799.944398 2820.553533 2842.159136 2866.706463 2893.552691 2917.188197 2934.248055 2939.956658 2948.551719 2949.953575 2939.055997
