tests/Borden05m/sims/sim_1/output-maps/psiliqL0019N0013.asc
ncols         160
nrows         34
xllcorner     620200.000000
yllcorner     5168000.000000
cellsize      0.500000
NODATA_value  -9999.0
[rows 0 to 24 of 34, columns 0 to 54 of 160]
-9999.0 -9999.0 -9999.0 -9999.0 -9999.0 -9999.0 -9999.0 -9999.0 -9999.0 -9999.0 -9999.0 -9999.0 -9999.0 -9999.0 -9999.0 -9999.0 -9999.0 -9999.0 -9999.0 -9999.0 -9999.0 -9999.0 -9999.0 -9999.0 -9999.0 -9999.0 -9999.0 -9999.0 -9999.0 -9999.0 -9999.0 -9999.0 -9999.0 -9999.0 -9999.0 -9999.0 -9999.0 -9999.0 -9999.0 -9999.0 -9999.0 -9999.0 -9999.0 -9999.0 -9999.0 -9999.0 -9999.0 -9999.0 -9999.0 -9999.0 -9999.0 -9999.0 -9999.0 -9999.0 -9999.0
-9999.0 -9999.0 -9999.0 -9999.0 -9999.0 -9999.0 -9999.0 -9999.0 -9999.0 -9999.0 -9999.0 -9999.0 -9999.0 -9999.0 -9999.0 -9999.0 -9999.0 -9999.0 -9999.0 -9999.0 -9999.0 -9999.0 -9999.0 -9999.0 -9999.0 -9999.0 -9999.0 -9999.0 -9999.0 -9999.0 -9999.0 -9999.0 -9999.0 -9999.0 -9999.0 -9999.0 -9999.0 -9999.0 -9999.0 -9999.0 -9999.0 -9999.0 -9999.0 -9999.0 -9999.0 -9999.0 -9999.0 -9999.0 -9999.0 -9999.0 -9999.0 -9999.0 -9999.0 -9999.0 -9999.0
-9999.0 -9999.0 -9999.0 -9999.0 -9999.0 -9999.0 -9999.0 -9999.0 -9999.0 -9999.0 -9999.0 -9999.0 -9999.0 -9999.0 -9999.0 -9999.0 -9999.0 -9999.0 -9999.0 -9999.0 -9999.0 -9999.0 -9999.0 -9999.0 -9999.0 -9999.0 -9999.0 -9999.0 -9999.0 -9999.0 -9999.0 -9999.0 -9999.0 -9999.0 -9999.0 -9999.0 -9999.0 -9999.0 -9999.0 -9999.0 -9999.0 -9999.0 -9999.0 -9999.0 -9999.0 -9999.0 -9999.0 1903.002841 1885.975466 1871.700201 1868.663083 1890.898248 1914.575565 1938.825556 1959.816056
-9999.0 -9999.0 -9999.0 -9999.0 -9999.0 -9999.0 -9999.0 -9999.0 -9999.0 -9999.0 -9999.0 -9999.0 -9999.0 -9999.0 -9999.0 -9999.0 -9999.0 -9999.0 -9999.0 -9999.0 -9999.0 -9999.0 -9999.0 -9999.0 -9999.0 -9999.0 -9999.0 -9999.0 -9999.0 -9999.0 -9999.0 -9999.0 -9999.0 -9999.0 -9999.0 -9999.0 -9999.0 -9999.0 -9999.0 -9999.0 1950.699160 1956.796547 1957.613932 1947.791531 1936.908850 1924.354506 1904.349989 1886.978087 1873.249857 1871.400463 1874.396176 1878.786932 1900.908513 1926.392835 1946.643239
-9999.0 -9999.0 -9999.0 -9999.0 -9999.0 -9999.0 -9999.0 -9999.0 -9999.0 -9999.0 -9999.0 -9999.0 -9999.0 -9999.0 -9999.0 -9999.0 -9999.0 -9999.0 -9999.0 -9999.0 -9999.0 -9999.0 -9999.0 -9999.0 -9999.0 -9999.0 -9999.0 -9999.0 -9999.0 -9999.0 -9999.0 -9999.0 -9999.0 -9999.0 1857.110067 1874.523695 1892.865409 1911.727341 1928.951207 1936.169747 1942.130999 1947.948311 1943.939634 1939.803901 1928.713632 1909.100028 1890.077767 1877.110579 1875.946148 1873.968014 1878.401046 1891.126110 1908.333715 1924.460374 1945.686124
-9999.0 -9999.0 -9999.0 -9999.0 -9999.0 -9999.0 -9999.0 -9999.0 -9999.0 -9999.0 -9999.0 -9999.0 -9999.0 -9999.0 -9999.0 -9999.0 -9999.0 -9999.0 -9999.0 -9999.0 -9999.0 -9999.0 -9999.0 -9999.0 -9999.0 -9999.0 -9999.0 -9999.0 1860.164944 1854.520065 1850.004194 1848.956434 1848.071864 1847.465309 1854.483553 1866.434872 1884.395428 1906.704465 1920.267109 1927.929870 1935.064883 1936.025489 1931.032497 1929.637817 1930.521444 1918.776129 1907.283025 1896.555314 1886.175399 1884.398488 1894.175350 1908.891932 1925.646528 1940.907167 1956.763468
-9999.0 -9999.0 -9999.0 -9999.0 -9999.0 -9999.0 -9999.0 -9999.0 -9999.0 -9999.0 -9999.0 -9999.0 -9999.0 -9999.0 -9999.0 -9999.0 -9999.0 -9999.0 -9999.0 -9999.0 -9999.0 -9999.0 -9999.0 1828.818263 1834.454783 1841.366229 1849.367077 1850.740438 1847.363522 1842.283340 1839.909299 1838.981621 1837.546171 1842.559287 1850.583848 1864.318734 1880.351352 1902.910980 1911.843019 1917.583433 1929.885749 1933.567812 1940.767867 1945.277470 1943.993653 1941.065589 1927.947711 1918.099545 1922.313132 1927.836371 1935.183583 1943.859336 1957.823708 1972.957683 1989.849746
-9999.0 -9999.0 -9999.0 -9999.0 -9999.0 -9999.0 -9999.0 -9999.0 -9999.0 -9999.0 -9999.0 -9999.0 -9999.0 -9999.0 -9999.0 -9999.0 -9999.0 -9999.0 -9999.0 1803.017946 1804.250045 1805.943848 1811.093038 1812.026029 1814.388484 1821.734581 1830.319050 1833.435383 1831.991366 1831.300922 1833.302691 1836.538855 1841.557565 1853.028851 1867.173572 1881.749530 1895.643336 1916.929038 1932.017111 1945.521639 1961.680733 1962.044515 1958.761937 1957.549309 1958.305541 1958.196527 1960.261341 1961.837991 1968.531753 1971.954825 1977.557260 1987.327665 1999.571483 2017.557101 2036.863722
-9999.0 -9999.0 -9999.0 -9999.0 -9999.0 -9999.0 -9999.0 -9999.0 -9999.0 -9999.0 -9999.0 -9999.0 -9999.0 -9999.0 -9999.0 -9999.0 1773.470077 1775.543570 1778.178792 1783.951588 1787.580485 1791.991822 1799.408493 1801.233780 1805.347586 1812.987342 1818.232951 1827.806948 1836.556271 1844.324653 1850.798255 1853.926510 1861.509365 1871.474217 1883.646949 1898.774918 1920.101201 1943.846785 1960.323682 1977.574448 1995.222138 1996.350954 1995.545201 1996.840106 1996.993448 2001.683913 2018.250298 2023.347304 2022.235257 2036.229518 2049.745773 2054.438515 2062.492588 2082.409853 2105.895465
-9999.0 -9999.0 -9999.0 -9999.0 -9999.0 -9999.0 -9999.0 -9999.0 -9999.0 -9999.0 -9999.0 -9999.0 -9999.0 1724.916033 1729.265612 1739.496675 1750.088047 1753.249178 1758.271772 1765.071565 1777.731730 1781.882991 1788.546625 1796.519323 1809.317865 1818.539608 1828.133656 1840.497795 1849.298866 1856.964802 1864.277765 1869.318092 1882.370507 1897.624497 1913.324072 1933.588025 1956.037467 1976.191134 1996.215571 2012.801253 2026.207226 2026.838731 2026.509090 2029.350312 2036.358776 2052.402581 2070.770632 2076.709154 2091.760080 2114.151953 2126.767673 2137.205796 2145.465055 2159.622551 2181.378204
-9999.0 -9999.0 -9999.0 -9999.0 -9999.0 -9999.0 -9999.0 -9999.0 -9999.0 -9999.0 1693.320216 1695.574258 1692.434745 1691.607278 1697.424632 1710.105916 1724.663907 1731.329015 1743.630218 1765.298998 1784.044297 1787.986980 1802.699174 1813.609577 1821.033409 1831.899731 1845.519518 1858.591640 1875.370287 1888.065870 1899.078582 1917.854545 1934.586302 1951.532697 1969.653509 1990.537374 2009.436927 2036.571034 2063.444005 2075.299576 2096.019187 2104.340975 2101.695052 2101.725601 2111.442989 2126.133557 2145.307344 2166.040109 2186.854772 2211.280936 2226.370286 2240.674483 2251.390854 2263.625105 2279.903407
-9999.0 -9999.0 -9999.0 -9999.0 -9999.0 -9999.0 -9999.0 -9999.0 1668.015434 1675.935833 1682.147020 1679.447059 1675.415631 1671.207861 1685.833719 1702.050395 1718.584507 1737.085220 1753.531906 1772.403505 1787.820049 1804.169728 1824.879980 1836.971861 1848.956302 1864.881055 1879.002695 1895.902617 1917.510940 1929.006082 1944.208865 1965.478261 1983.627535 2001.898369 2021.136059 2039.405568 2064.261640 2097.147969 2128.581590 2149.403556 2177.107089 2198.396839 2196.542185 2198.190244 2202.138603 2227.340856 2255.896540 2286.304120 2309.962994 2336.403174 2365.851600 2384.631500 2395.473809 2408.284008 2423.764767
-9999.0 -9999.0 -9999.0 -9999.0 -9999.0 -9999.0 1639.621056 1664.171522 1679.641332 1671.850468 1660.710838 1656.952606 1652.603347 1679.508252 1702.244345 1720.181894 1737.694557 1756.002458 1773.175473 1785.198678 1818.180763 1837.484663 1851.785669 1868.908050 1884.367477 1899.820799 1917.687456 1941.097375 1962.066574 1989.553600 2012.452790 2034.364888 2060.544225 2080.224514 2099.197091 2116.558010 2147.169409 2184.070460 2220.530779 2248.316760 2275.127632 2307.167899 2312.503207 2317.645812 2323.481641 2346.105121 2378.955803 2409.381347 2443.032984 2475.197023 2503.254366 2516.156281 2527.021327 2538.655978 2552.532663
-9999.0 -9999.0 -9999.0 -9999.0 1606.024512 1627.089933 1646.896274 1677.674445 1700.425113 1695.928795 1702.255632 1702.165301 1699.978969 1704.970049 1713.171681 1731.705262 1751.327131 1771.318231 1788.728284 1821.670153 1867.808883 1882.687781 1905.316358 1937.364545 1951.142092 1967.036407 1984.083747 2007.148368 2031.728406 2063.801674 2104.684317 2139.565671 2164.499962 2186.857591 2208.145816 2229.060350 2264.208238 2302.575671 2339.748766 2373.582491 2402.913913 2429.666422 2441.004377 2448.691244 2460.646344 2477.965990 2500.486400 2529.198594 2562.087486 2594.771264 2619.741192 2632.121268 2639.788575 2650.768268 2660.810142
-9999.0 -9999.0 -9999.0 1554.583825 1593.590339 1632.358352 1659.184536 1690.244823 1722.949650 1726.388250 1735.901915 1739.623181 1743.008139 1751.190642 1758.594528 1776.360445 1794.227769 1812.648712 1835.613751 1872.296721 1906.248435 1932.666753 1964.196584 1988.128233 2007.175625 2023.154957 2042.824258 2066.448080 2105.995776 2141.477644 2190.701916 2243.423214 2279.148190 2302.881532 2326.174806 2354.379635 2380.210386 2418.074523 2453.457782 2487.060124 2519.827750 2544.700218 2562.717962 2570.140304 2580.499240 2588.801234 2604.285231 2625.936779 2648.565852 2678.635474 2707.935954 2736.321593 2751.688864 2762.730298 2779.601989
-9999.0 -9999.0 1506.773755 1545.368596 1578.620009 1627.804029 1681.185525 1716.352641 1757.267693 1779.939589 1786.153070 1801.614130 1816.494972 1822.355882 1836.363163 1852.900901 1873.343418 1882.198284 1901.676308 1927.960592 1974.219864 2016.519081 2029.568305 2077.121421 2110.529225 2141.263853 2161.574516 2189.408474 2226.687650 2266.211747 2314.063448 2364.504515 2401.966692 2432.756965 2450.068676 2470.726443 2493.458973 2520.062771 2556.035417 2584.572041 2617.418411 2644.102677 2665.898776 2671.377130 2676.322800 2692.842714 2719.185124 2748.750369 2775.495486 2801.524047 2798.914818 2815.779405 2823.861991 2828.733401 2835.567946
-9999.0 -9999.0 1478.686429 1524.364722 1562.713500 1626.305707 1709.061447 1745.734400 1788.282506 1834.837534 1852.584305 1876.819915 1883.056288 1886.063767 1908.430496 1929.026320 1945.703339 1954.283266 1953.545704 2009.198455 2066.722000 2108.833420 2142.106697 2213.707089 2262.960264 2284.075041 2300.134013 2322.132100 2346.068825 2388.048376 2432.989198 2486.852905 2530.970985 2562.118416 2578.642314 2598.467164 2619.324894 2637.169548 2657.353507 2700.106874 2732.814724 2761.467625 2790.871768 2812.121041 2820.987778 2825.639854 2810.353902 2824.420920 2834.135225 2838.804368 2841.034362 2838.297133 2838.328594 2839.574817 2840.874479
-9999.0 1387.939582 1440.332424 1492.674706 1560.134385 1625.561174 1706.137044 1784.862768 1846.101247 1896.103605 1924.798005 1930.996349 1954.956279 1991.931439 2016.554684 2040.762545 2046.372625 2055.190003 2044.038630 2095.931692 2142.375718 2208.629781 2315.370502 2373.848150 2426.905594 2428.934305 2423.804454 2435.203875 2457.202796 2502.213421 2574.805891 2626.239220 2684.806185 2730.656600 2747.736807 2755.813894 2774.558795 2795.459512 2769.485459 2800.468663 2815.678990 2828.381050 2834.459363 2837.286133 2839.221685 2839.964514 2837.250779 2831.266860 2823.869594 2818.627166 2814.856764 2810.616488 2813.207574 2816.538174 2816.975989
-9999.0 1351.350075 1410.118671 1480.628416 1550.613298 1611.050539 1707.174254 1859.553344 1917.416604 1955.984863 1973.456008 1979.556445 2050.504241 2115.064121 2146.829531 2192.857726 2185.832964 2176.086371 2156.472817 2188.501420 2235.621410 2309.933652 2463.460685 2551.317612 2590.596348 2603.104914 2610.211386 2639.085464 2679.721093 2722.815605 2761.904242 2751.679299 2787.835629 2806.828098 2812.694017 2815.335139 2820.845962 2821.627572 2821.107929 2818.455473 2814.942908 2816.314889 2821.537771 2822.183891 2819.999560 2817.291144 2811.984982 2804.625287 2799.195396 2794.459122 2791.583089 2788.446534 2786.460629 2785.842938 2780.845039
-9999.0 1317.555060 1390.270354 1452.012955 1510.137086 1616.159151 1744.284799 1883.667827 1978.669190 2016.032708 2023.300612 2080.578655 2182.370935 2282.871479 2335.967778 2361.580987 2357.847033 2329.672086 2327.149971 2373.632805 2442.354248 2546.531743 2657.295484 2746.201431 2763.467594 2770.040514 2742.197442 2762.467668 2781.262042 2786.278291 2789.818543 2796.994725 2804.117244 2808.838738 2809.185685 2807.850219 2804.442443 2797.562004 2793.626269 2791.053701 2788.276906 2788.224719 2791.115402 2792.920999 2790.516098 2786.729114 2782.098817 2776.100735 2769.267029 2762.097724 2757.509997 2752.899326 2750.199918 2744.452021 2739.646513
-9999.0 1208.788257 1300.367327 1350.008261 1449.487691 1629.663302 1757.911903 1904.871342 2058.774400 2091.854979 2156.581967 2284.137341 2394.965230 2472.472961 2510.055575 2550.468722 2580.112144 2603.527543 2641.893817 2574.495731 2642.293907 2718.275837 2754.048453 2772.516531 2780.887054 2784.954516 2779.186408 2762.027618 2753.940931 2749.501605 2753.181347 2762.210269 2768.900850 2775.420424 2774.415340 2776.078239 2777.216589 2774.318650 2770.696744 2762.666285 2755.357015 2749.555709 2747.377770 2752.444012 2747.631363 2744.615501 2738.229188 2729.439864 2718.866914 2710.695674 2702.299584 2694.994292 2691.678944 2685.484743 2683.062114
-9999.0 1127.948927 1203.237491 1281.271909 1409.113615 1573.647021 1690.822190 1855.089666 2076.106381 2200.476410 2340.173410 2420.098712 2493.482609 2548.374652 2606.988569 2658.174098 2686.363991 2700.196635 2685.771287 2704.496758 2672.351692 2667.442432 2689.459565 2720.296642 2738.102394 2744.882675 2739.206318 2731.395882 2726.123787 2726.695133 2726.491023 2725.181070 2723.525805 2721.644766 2719.208883 2722.025601 2727.111524 2720.611072 2710.218759 2701.442671 2693.617386 2684.978314 2679.266738 2675.223300 2674.480677 2674.126117 2666.257747 2655.587816 2645.021626 2636.405391 2628.340556 2622.480087 2619.016575 2613.021465 2603.131669
-9999.0 1021.062595 1146.927269 1234.284933 1345.767169 1479.986504 1598.361519 1758.100033 1900.272878 2129.699224 2281.644755 2421.526631 2467.863466 2531.872518 2587.530810 2659.343708 2663.230268 2636.836949 2603.833852 2592.469433 2604.045009 2616.715136 2630.760120 2650.837737 2670.675168 2682.557196 2687.645487 2682.355201 2669.888289 2660.368331 2652.736297 2642.102258 2634.680392 2633.399626 2635.773433 2644.184860 2645.744340 2636.732935 2623.849638 2606.847433 2592.104872 2580.937170 2578.246745 2579.930116 2580.079476 2575.953226 2569.185998 2558.232174 2545.440567 2533.017692 2525.757208 2520.084635 2512.160397 2500.619425 2487.436806
-9999.0 -9999.0 1067.616282 1177.809045 1280.497074 1399.083045 1504.792621 1638.895297 1785.866631 1963.748417 2081.442891 2231.243882 2313.424577 2359.651450 2404.188449 2461.013300 2484.763999 2511.862095 2503.115376 2513.735381 2524.812326 2533.380175 2543.756712 2555.197594 2569.258243 2580.832342 2590.956595 2589.798819 2581.869656 2564.234747 2542.457622 2525.672476 2516.549073 2508.914011 2519.364904 2531.086769 2527.024511 2520.224200 2507.943177 2491.299722 2478.260437 2464.197893 2460.323113 2460.154203 2460.076045 2457.013988 2452.872778 2439.728958 2426.692930 2415.207954 2409.755650 2403.206321 2397.860676 2386.821403 2375.134363
-9999.0 -9999.0 981.716774 1088.782638 1198.709472 1320.032821 1414.416795 1466.418162 1612.922170 1724.638527 1830.619593 1934.255494 2022.555121 2088.451106 2128.629681 2190.859417 2239.193767 2258.164268 2288.765080 2330.581620 2362.046267 2396.489613 2418.657271 2432.011158 2447.024087 2462.126990 2471.438760 2459.399550 2449.224672 2433.184215 2411.642832 2387.597370 2375.284814 2373.069415 2373.947788 2377.446990 2370.876762 2361.559832 2347.310551 2332.673693 2320.036334 2309.584509 2305.457179 2300.867072 2298.769202 2295.548839 2292.498600 2284.671898 2274.289078 2267.525636 2258.837407 2253.279879 2250.580172 2244.850433 2236.623830
