tests/Borden05m/sims/sim_1/output-maps/psiliqL0022N0006.asc
ncols         160
nrows         34
xllcorner     620200.000000
yllcorner     5168000.000000
cellsize      0.500000
NODATA_value  -9999.0
[rows 0 to 24 of 34, columns 55 to 109 of 160]
-9999.0 -9999.0 -9999.0 -9999.0 -9999.0 -9999.0 -9999.0 -9999.0 -9999.0 -9999.0 -9999.0 -9999.0 -9999.0 -9999.0 -9999.0 -9999.0 -9999.0 -9999.0 -9999.0 -9999.0 -9999.0 -9999.0 -9999.0 -9999.0 -9999.0 -9999.0 -9999.0 -9999.0 -9999.0 -9999.0 -9999.0 -9999.0 -9999.0 -9999.0 -9999.0 -9999.0 -9999.0 -9999.0 -9999.0 -9999.0 -9999.0 -9999.0 -9999.0 -9999.0 -9999.0 -9999.0 -9999.0 -9999.0 -9999.0 -9999.0 -9999.0 -9999.0 -9999.0 -9999.0 -9999.0
-9999.0 -9999.0 -9999.0 -9999.0 2636.185332 2631.006142 2626.443660 2622.338733 2614.615596 2605.900878 2598.458574 2594.932097 2594.435811 2594.205619 2594.239421 2599.793738 2608.369122 2616.451633 2623.745360 2626.182023 2628.804374 2631.060721 2631.671638 2630.829150 2627.990940 2625.389516 2622.325786 2620.974328 2613.677431 2602.731520 2594.487385 2591.936013 2596.267957 2600.657005 2603.105166 2608.371181 2618.627331 2628.909351 2636.537931 2648.141614 2654.133229 2658.770607 2660.833390 2656.180312 2652.246337 2647.874560 2641.812256 2630.582839 -9999.0 -9999.0 -9999.0 -9999.0 -9999.0 -9999.0 -9999.0
2582.070369 2601.131011 2621.974114 2625.339168 2613.869881 2609.057219 2606.238316 2604.902275 2600.895681 2592.892311 2588.314278 2583.442224 2581.603583 2582.210963 2582.750037 2587.155418 2598.321150 2606.685935 2611.766638 2614.877079 2617.970924 2617.077383 2616.664712 2616.701606 2614.076475 2610.775307 2607.654137 2606.106742 2607.532789 2600.204916 2594.589875 2590.998947 2588.506021 2591.135897 2593.775264 2597.907502 2606.954408 2614.602485 2622.199951 2636.071696 2648.340394 2653.240129 2650.032134 2644.635949 2640.177831 2632.534462 2622.120313 2611.887742 2603.427127 2596.603328 2590.460295 2583.368792 2588.687568 2595.182680 2603.725274
2567.373547 2587.214316 2608.214445 2611.258865 2600.962717 2593.396972 2587.570232 2588.515529 2592.282142 2589.573831 2585.438432 2579.091740 2589.132093 2590.792042 2592.255324 2596.149716 2599.147625 2604.240810 2607.224312 2612.929508 2622.083424 2625.091591 2625.826598 2626.187608 2624.534453 2621.585563 2619.967066 2617.495486 2612.551434 2611.254511 2611.341437 2610.545932 2614.943991 2616.219650 2619.029163 2613.139621 2617.087964 2622.957979 2629.214217 2634.762475 2640.522216 2642.819668 2638.791652 2638.134178 2628.906354 2614.638474 2604.053904 2595.833397 2594.884227 2591.132093 2582.365012 2567.970854 2574.851934 2589.718872 2593.416894
2575.168799 2584.860913 2596.339830 2599.512299 2594.955981 2597.421424 2599.729325 2601.649948 2600.542919 2597.865102 2594.905552 2606.530301 2615.406663 2617.477597 2620.723439 2625.359286 2626.907476 2616.415483 2614.751159 2622.602468 2632.292748 2637.787317 2638.241216 2638.261894 2635.393707 2634.606209 2634.691764 2633.133021 2633.355824 2635.502384 2634.094443 2637.796284 2643.560803 2647.584275 2640.808658 2631.993508 2633.606743 2641.672564 2650.955954 2658.127370 2667.830000 2678.011367 2677.032026 2671.248481 2661.600984 2647.807226 2623.995727 2605.129387 2593.158723 2584.387443 2576.155236 2577.097904 2571.704496 2583.534069 2584.130452
2569.263883 2589.522712 2610.253453 2617.346805 2612.054535 2608.624279 2607.653001 2609.071962 2609.228280 2611.265589 2621.923051 2635.146695 2649.278033 2652.471987 2655.240794 2654.729289 2646.445375 2636.625643 2634.139920 2648.373807 2666.439738 2674.889260 2675.094859 2672.240661 2676.889059 2676.976184 2677.247305 2673.898553 2675.493981 2674.726151 2681.930093 2689.936624 2697.893555 2696.607976 2684.209171 2671.983672 2671.222474 2675.540977 2681.045229 2687.657558 2697.100000 2705.526931 2699.665021 2692.844547 2683.525041 2655.674981 2629.393408 2613.524720 2612.124878 2611.375784 2605.891285 2602.265683 2599.272742 2592.944619 2591.709591
2613.905850 2634.698601 2657.007654 2671.953188 2666.895499 2660.198308 2652.171317 2653.413669 2655.563908 2663.052967 2675.206815 2690.402857 2713.930779 2715.384248 2717.412434 2717.821667 2706.299285 2694.118532 2684.436638 2705.726443 2717.048143 2724.748035 2723.793320 2730.758194 2740.219230 2736.856012 2730.592311 2719.683306 2726.083348 2734.775042 2750.402219 2758.396879 2763.503064 2760.071379 2747.017229 2740.435266 2740.785122 2745.510390 2745.040094 2751.705485 2760.077875 2774.039685 2771.869043 2765.612139 2743.725196 2705.652530 2673.036273 2655.296036 2664.264828 2656.506903 2647.053580 2644.183769 2630.631268 2620.782431 2621.401754
2661.417538 2677.879575 2696.171314 2714.128614 2707.587777 2698.399663 2684.010695 2682.771767 2689.046773 2700.268883 2719.324466 2739.864924 2761.998004 2764.620714 2761.728730 2770.455426 2766.308148 2756.978077 2749.974555 2768.687503 2779.590847 2788.539955 2795.587760 2808.646854 2819.909161 2806.159241 2791.336513 2783.253233 2790.361259 2814.704546 2836.051432 2841.435168 2841.462583 2841.871268 2828.495468 2823.016806 2818.508123 2816.737949 2812.518289 2809.194834 2831.319341 2850.162000 2848.290168 2824.986037 2800.816199 2762.942110 2723.886547 2695.229128 2702.219994 2697.205726 2697.313677 2683.797107 2668.921289 2656.653726 2648.460471
2731.141957 2756.570109 2775.410957 2796.151820 2791.112474 2771.275435 2759.022198 2763.401711 2777.733924 2786.623596 2805.211405 2825.538517 2854.022364 2869.976153 2884.549565 2794.425155 2883.438857 2875.310083 2863.638939 2867.262974 2889.588018 2800.857679 2808.445080 2817.475599 2829.967289 2831.909274 2826.360964 2824.952925 2828.929398 2840.342693 2853.003000 2859.673447 2863.384077 2866.541875 2856.319053 2844.398998 2841.447472 2835.101291 2832.242331 2830.995241 2839.754783 2857.395735 2854.686747 2821.727186 2796.483672 2859.097300 2819.826494 2788.069202 2776.457841 2789.604569 2784.688513 2766.101333 2750.748979 2720.042154 2708.911276
2817.976952 2853.032286 2879.587980 2797.344209 2805.016747 2793.115614 2791.953701 2795.817627 2803.581780 2807.019317 2813.601119 2845.584951 2878.932015 2904.831894 2927.727815 2933.921044 2923.463877 2913.701528 2900.697965 2891.730186 2900.604540 2915.546910 2932.787998 2947.855949 2959.103385 2961.665346 2960.220827 2960.374414 2963.153223 2966.122413 2970.001605 2977.720463 2985.122265 2982.604114 2991.307863 2982.547558 2977.325897 2967.325805 2956.983734 2955.002353 2955.604004 2957.847782 2958.675618 2944.890899 2906.468223 2877.467416 2846.162565 2824.248734 2809.115424 2806.495093 2887.956208 2862.379208 2810.778813 2772.402317 2737.882551
2818.570155 2859.591834 2888.426256 2905.974458 2919.093024 2917.633704 2919.424201 2920.720877 2924.877442 2927.891292 2931.725749 2956.857119 2985.001390 3022.998858 3053.375144 3054.187839 3041.612817 3030.484808 3020.952224 3007.640927 3003.820602 3014.927329 3028.976731 3047.918764 3058.555524 3065.627013 3063.051056 3063.317626 3064.723595 3066.921716 3068.932468 3072.048454 3080.889504 3094.776911 3108.302173 3108.021716 3090.996284 3073.466946 3057.212536 3053.527476 3050.222695 3045.240361 3047.156115 3048.945080 3035.897282 3007.120764 2980.889813 2940.429179 2921.243527 2904.727427 2894.868558 2878.958069 2844.749952 2890.246702 2851.182286
2931.472203 2963.151364 2980.043607 3009.597230 3025.110332 3028.565238 3026.562152 3026.001127 3032.833635 3036.315491 3042.979885 3059.228332 3088.460409 3121.709365 3150.243285 3165.939262 3159.177526 3142.707531 3121.904670 3113.365254 3110.887748 3114.016208 3122.663569 3134.122297 3152.431997 3170.770500 3175.538804 3176.372597 3174.627216 3176.064433 3177.470641 3177.560084 3179.949604 3187.395944 3196.480154 3199.633101 3192.738680 3174.067985 3151.662938 3139.613389 3132.655599 3129.069748 3129.379267 3133.615672 3136.028507 3122.364291 3089.301308 3047.224775 3016.908111 3000.408123 2987.497519 2986.210183 2974.558694 2947.213508 2927.395252
3026.884904 3041.307229 3068.115013 3095.886420 3118.568948 3133.452743 3134.606556 3138.135468 3142.725811 3150.532638 3165.511427 3186.547805 3204.021108 3224.909284 3249.883298 3265.021625 3270.315576 3269.147475 3265.825092 3267.170088 3267.468189 3214.134007 3219.547066 3224.929506 3239.452714 3252.930238 3257.717848 3258.259756 3256.115218 3257.729879 3258.379891 3258.336208 3257.971914 3259.688739 3264.001905 3265.650334 3263.612654 3252.589263 3266.932960 3247.796585 3234.826854 3226.886719 3218.877548 3210.666530 3201.358951 3191.755467 3173.914738 3144.522675 3110.959645 3088.471805 3080.035323 3074.411609 3066.838649 3061.635391 3045.605162
3124.271533 3134.795501 3152.039014 3173.772128 3204.739456 3226.729824 3237.690639 3246.630581 3251.201273 3264.548894 3280.187444 3266.920942 3274.001395 3281.328646 3288.608975 3291.109069 3291.824842 3291.494439 3289.155994 3288.495612 3286.282796 3282.530521 3272.352854 3273.930855 3275.760858 3278.344049 3282.012558 3280.852004 3281.909943 3284.847240 3283.160207 3277.282118 3273.347345 3271.777689 3272.633399 3279.966378 3283.350673 3284.261452 3281.505752 3280.643911 3279.794887 3276.896445 3273.277756 3268.176443 3261.650820 3273.543913 3262.162736 3235.633562 3197.671327 3159.519150 3150.613331 3151.139665 3151.435905 3149.832018 3144.421628
3242.317176 3255.331191 3269.454367 3252.108212 3271.130013 3280.873707 3285.429856 3289.111271 3291.770900 3294.358716 3291.296069 3288.192787 3283.389193 3281.924202 3280.607373 3278.203337 3278.847377 3276.964691 3272.972241 3269.103212 3261.583566 3250.295851 3239.126457 3235.848709 3240.224034 3245.678054 3250.604825 3254.718551 3258.325914 3258.610900 3253.357770 3245.129434 3237.748281 3236.035518 3242.780072 3248.451214 3254.623200 3255.440676 3254.058733 3251.704861 3251.582253 3248.535860 3248.818974 3255.700495 3269.987136 3273.465072 3278.495003 3277.778486 3263.590800 3237.917611 3244.715367 3225.114621 3230.620798 3226.203849 3215.082913
3282.999325 3285.361193 3283.971808 3282.705171 3276.474545 3270.531581 3269.795926 3273.783431 3280.771417 3281.914461 3274.951439 3266.544015 3259.484271 3252.324032 3250.103832 3249.414367 3249.104206 3249.542431 3244.318350 3235.485319 3219.057821 3207.585883 3196.561946 3190.650912 3187.375119 3191.217273 3202.054267 3213.517294 3218.432390 3209.839098 3201.691802 3190.245602 3182.232051 3182.632865 3183.969146 3193.288964 3209.297119 3216.025928 3216.762279 3210.639491 3204.651768 3198.178903 3195.345123 3201.785355 3216.838575 3233.027055 3247.984998 3256.772488 3264.305391 3271.184114 3270.915104 3273.251164 3274.536649 3272.721623 3274.685709
3277.022770 3270.202476 3263.398489 3258.243651 3251.845696 3246.531826 3244.801690 3246.877999 3249.124794 3245.320616 3238.988045 3229.131454 3218.325162 3208.799894 3201.692711 3202.738434 3205.109348 3206.657424 3199.729045 3184.823183 3168.269886 3154.991014 3141.275702 3137.417665 3131.865542 3125.149714 3135.356864 3154.337658 3161.392410 3146.049411 3135.495651 3120.646403 3113.918804 3110.173414 3111.126633 3120.109194 3141.799199 3164.547208 3166.353920 3155.704824 3145.141494 3140.330935 3137.182368 3142.101836 3158.901562 3178.223049 3193.705009 3203.718228 3208.981261 3216.708534 3225.995184 3239.587422 3253.833791 3265.710659 3271.273577
3252.473822 3244.809480 3237.264565 3229.800553 3223.035873 3217.023769 3212.893349 3211.027390 3207.573555 3201.696502 3194.911604 3177.077701 3165.013795 3152.634684 3138.330626 3134.791935 3130.680978 3132.093765 3120.914988 3112.589776 3095.890358 3080.769555 3065.579965 3053.138700 3047.511064 3041.124458 3040.925926 3054.844860 3063.401378 3053.035346 3043.262065 3032.150840 3027.267878 3023.933426 3026.238570 3036.561827 3056.604761 3074.860280 3082.780862 3075.196479 3072.814152 3071.859945 3070.188701 3076.076218 3087.440069 3105.445853 3127.073205 3144.943113 3154.415498 3161.266662 3170.459717 3183.639650 3197.434146 3211.423628 3228.922690
3222.377319 3213.317955 3203.647962 3194.238788 3184.068484 3174.815075 3168.670843 3171.188633 3165.296209 3159.775830 3139.251787 3086.878312 3067.204842 3048.976754 3033.420154 3027.331598 3019.540093 3005.738221 2997.278787 2992.559876 2992.811000 2978.975479 2973.550031 2956.462684 2951.555735 2947.899960 2932.598356 2930.212063 2931.354978 2944.687493 2938.372590 2936.080724 2937.059821 2934.684874 2936.447661 2949.400805 2958.080401 2964.626014 2971.216770 2974.515541 2983.964077 2978.891442 2987.028220 3003.376732 3014.385012 3029.735639 3049.794887 3074.192777 3088.663845 3097.782764 3107.938333 3122.901778 3138.815435 3156.108927 3178.103631
3188.459677 3173.851658 3159.829521 3145.962200 3133.663945 3121.310911 3106.578652 3108.574312 3106.507344 3097.129954 3046.320188 3006.056647 2985.557099 2968.522149 2945.538543 2932.759687 2919.163674 2883.847572 2867.381701 2865.846247 2878.586576 2873.922597 2858.829629 2846.680175 2837.720002 2829.093910 2812.594893 2796.174884 2801.947749 2818.971417 2818.741528 2820.993668 2828.022083 2827.254689 2821.311600 2820.423529 2832.896547 2838.865064 2849.606201 2865.674930 2870.232050 2883.122002 2914.740224 2927.481387 2942.245492 2960.706381 2981.002008 2990.197945 3011.369448 3024.663383 3039.161217 3056.934691 3073.133088 3093.045698 3115.331792
3140.382461 3110.655748 3090.451243 3073.802937 3055.879142 3031.017362 3011.522968 3009.810409 3004.051543 2978.155239 2939.415429 2904.654734 2880.596415 2859.186147 2836.402194 2815.585798 2882.313441 2846.732634 2823.637593 2835.475074 2844.350436 2852.258383 2839.294893 2827.006429 2816.208066 2798.168306 2780.905648 2765.011270 2775.112699 2783.582711 2800.293761 2806.732780 2811.098986 2816.936898 2816.459089 2808.217057 2806.752819 2816.606289 2828.493145 2842.304936 2864.039532 2799.039782 2821.910861 2839.411528 2859.410760 2876.729303 2897.857484 2920.196859 2942.217958 2958.650047 2976.530118 2982.210843 3002.172462 3021.050900 3043.727945
3064.366361 3036.913560 3011.240230 2989.216622 2971.584162 2927.650256 2914.893779 2906.357127 2886.900371 2842.546190 2803.059960 2880.187565 2862.566279 2836.390564 2812.193375 2781.455122 2748.639994 2724.808721 2703.037648 2711.287773 2719.607836 2736.629818 2726.208545 2717.502655 2712.920442 2696.923678 2682.897721 2666.443882 2672.719757 2684.280159 2706.477461 2712.341470 2716.769272 2726.256541 2726.243474 2723.066209 2708.571261 2717.137837 2729.543009 2746.086251 2778.046648 2800.879079 2825.721353 2849.940705 2871.988447 2798.500656 2819.210108 2841.759029 2866.130066 2885.025938 2903.442845 2924.116537 2943.120429 2958.099727 2975.014352
2971.703134 2947.842962 2928.167366 2904.681937 2865.638673 2824.065448 2888.118810 2860.841637 2808.423011 2770.432081 2744.682598 2740.027501 2724.584524 2701.965737 2680.168806 2656.943072 2633.157422 2612.545804 2586.683653 2590.710061 2604.831309 2620.312996 2619.342406 2618.617135 2616.150002 2605.922240 2592.007164 2578.091069 2581.608893 2598.249651 2616.085971 2625.846421 2633.725968 2641.949390 2642.410923 2634.215540 2625.450948 2631.467133 2647.831567 2667.067359 2687.087695 2709.524980 2732.720001 2755.414987 2780.049366 2803.242988 2828.736258 2856.185930 2792.673299 2811.759540 2834.575545 2857.090078 2873.613121 2882.597466 2891.261857
2871.652899 2852.356283 2829.696118 2804.493147 2857.265863 2815.313244 2773.774464 2725.593167 2689.571709 2656.029375 2645.035688 2627.482369 2611.706383 2595.001716 2573.435765 2556.079745 2539.824621 2517.650435 2505.243267 2511.289257 2523.844425 2531.850261 2537.178361 2534.336334 2531.388336 2524.998097 2510.825395 2505.271752 2514.857906 2530.042491 2544.036884 2555.521953 2562.696664 2568.421994 2565.978449 2557.648192 2554.880208 2563.856463 2580.088484 2594.206770 2610.366323 2632.235367 2655.501080 2679.000384 2703.538705 2727.468034 2754.155470 2781.475913 2807.961200 2837.155940 2862.184802 2795.050657 2802.428889 2811.506593 2812.154769
2841.153674 2826.395946 2798.412510 2767.942191 2738.172774 2702.457009 2674.990902 2639.978982 2608.324545 2578.187219 2551.237044 2536.679141 2528.457058 2514.015463 2495.740743 2483.538986 2467.169271 2455.029654 2459.221461 2460.112176 2468.112377 2466.252946 2466.621987 2463.655051 2462.593622 2459.679690 2452.468724 2463.225946 2469.923506 2483.545036 2493.766982 2503.573688 2509.693888 2513.692024 2514.995485 2510.865109 2516.842349 2523.743118 2538.184390 2549.998030 2564.462544 2585.163565 2602.464044 2622.349531 2647.147064 2671.755906 2697.543001 2725.046025 2754.636098 2781.328185 2801.520092 2809.461176 2821.505335 2826.977459 2820.426451
