tests/Borden05m/sims/sim_1/output-maps/psiliqL0012N0012.asc
ncols         160
nrows         34
xllcorner     620200.000000
yllcorner     5168000.000000
cellsize      0.500000
NODATA_value  -9999.0
[rows 0 to 24 of 34, columns 0 to 56 of 160]
-9999.0 -9999.0 -9999.0 -9999.0 -9999.0 -9999.0 -9999.0 -9999.0 -9999.0 -9999.0 -9999.0 -9999.0 -9999.0 -9999.0 -9999.0 -9999.0 -9999.0 -9999.0 -9999.0 -9999.0 -9999.0 -9999.0 -9999.0 -9999.0 -9999.0 -9999.0 -9999.0 -9999.0 -9999.0 -9999.0 -9999.0 -9999.0 -9999.0 -9999.0 -9999.0 -9999.0 -9999.0 -9999.0 -9999.0 -9999.0 -9999.0 -9999.0 -9999.0 -9999.0 -9999.0 -9999.0 -9999.0 -9999.0 -9999.0 -9999.0 -9999.0 -9999.0 -9999.0 -9999.0 -9999.0 -9999.0 -9999.0
-9999.0 -9999.0 -9999.0 -9999.0 -9999.0 -9999.0 -9999.0 -9999.0 -9999.0 -9999.0 -9999.0 -9999.0 -9999.0 -9999.0 -9999.0 -9999.0 -9999.0 -9999.0 -9999.0 -9999.0 -9999.0 -9999.0 -9999.0 -9999.0 -9999.0 -9999.0 -9999.0 -9999.0 -9999.0 -9999.0 -9999.0 -9999.0 -9999.0 -9999.0 -9999.0 -9999.0 -9999.0 -9999.0 -9999.0 -9999.0 -9999.0 -9999.0 -9999.0 -9999.0 -9999.0 -9999.0 -9999.0 -9999.0 -9999.0 -9999.0 -9999.0 -9999.0 -9999.0 -9999.0 -9999.0 -9999.0 -9999.0
-9999.0 -9999.0 -9999.0 -9999.0 -9999.0 -9999.0 -9999.0 -9999.0 -9999.0 -9999.0 -9999.0 -9999.0 -9999.0 -9999.0 -9999.0 -9999.0 -9999.0 -9999.0 -9999.0 -9999.0 -9999.0 -9999.0 -9999.0 -9999.0 -9999.0 -9999.0 -9999.0 -9999.0 -9999.0 -9999.0 -9999.0 -9999.0 -9999.0 -9999.0 -9999.0 -9999.0 -9999.0 -9999.0 -9999.0 -9999.0 -9999.0 -9999.0 -9999.0 -9999.0 -9999.0 -9999.0 -9999.0 491.982346 474.673267 458.816178 456.736252 479.400625 502.852935 526.681963 547.306259 566.000126 585.013429
-9999.0 -9999.0 -9999.0 -9999.0 -9999.0 -9999.0 -9999.0 -9999.0 -9999.0 -9999.0 -9999.0 -9999.0 -9999.0 -9999.0 -9999.0 -9999.0 -9999.0 -9999.0 -9999.0 -9999.0 -9999.0 -9999.0 -9999.0 -9999.0 -9999.0 -9999.0 -9999.0 -9999.0 -9999.0 -9999.0 -9999.0 -9999.0 -9999.0 -9999.0 -9999.0 -9999.0 -9999.0 -9999.0 -9999.0 -9999.0 539.445543 545.368023 546.715720 536.219057 525.064163 513.024795 493.120542 475.369530 460.410385 457.894774 460.652673 466.005847 488.798543 513.455599 533.173103 550.392899 569.715883
-9999.0 -9999.0 -9999.0 -9999.0 -9999.0 -9999.0 -9999.0 -9999.0 -9999.0 -9999.0 -9999.0 -9999.0 -9999.0 -9999.0 -9999.0 -9999.0 -9999.0 -9999.0 -9999.0 -9999.0 -9999.0 -9999.0 -9999.0 -9999.0 -9999.0 -9999.0 -9999.0 -9999.0 -9999.0 -9999.0 -9999.0 -9999.0 -9999.0 -9999.0 446.989876 464.520640 482.687576 501.139294 517.895296 524.675440 530.544660 536.349465 532.339452 527.741016 516.509203 497.635858 478.182147 464.346111 462.195409 459.823543 464.292667 477.370927 494.271345 510.668344 531.747302 555.331057 564.742541
-9999.0 -9999.0 -9999.0 -9999.0 -9999.0 -9999.0 -9999.0 -9999.0 -9999.0 -9999.0 -9999.0 -9999.0 -9999.0 -9999.0 -9999.0 -9999.0 -9999.0 -9999.0 -9999.0 -9999.0 -9999.0 -9999.0 -9999.0 -9999.0 -9999.0 -9999.0 -9999.0 -9999.0 450.960596 445.106788 440.112019 438.715603 437.520773 436.492025 443.459695 455.703101 473.922341 495.652134 508.666656 515.962623 522.660269 523.516957 518.661059 516.731281 517.144896 505.501328 493.989407 483.229503 472.877867 471.602620 481.348658 495.576659 511.925327 526.968535 542.595368 554.243451 571.287090
-9999.0 -9999.0 -9999.0 -9999.0 -9999.0 -9999.0 -9999.0 -9999.0 -9999.0 -9999.0 -9999.0 -9999.0 -9999.0 -9999.0 -9999.0 -9999.0 -9999.0 -9999.0 -9999.0 -9999.0 -9999.0 -9999.0 -9999.0 421.071299 426.989662 433.577184 441.086309 442.077842 438.019195 432.482651 429.511502 428.111695 426.573012 431.160497 439.475803 453.240002 469.246204 491.185235 499.931464 506.327971 518.755667 521.483246 527.054902 531.241282 529.648235 527.014861 514.871234 505.930953 511.388838 517.569420 524.480698 532.562082 546.117118 561.882624 579.723720 600.486148 622.430270
-9999.0 -9999.0 -9999.0 -9999.0 -9999.0 -9999.0 -9999.0 -9999.0 -9999.0 -9999.0 -9999.0 -9999.0 -9999.0 -9999.0 -9999.0 -9999.0 -9999.0 -9999.0 -9999.0 395.965958 396.885542 398.062190 402.774399 403.706736 405.958210 413.044215 421.293022 423.673324 422.116661 420.743023 422.421626 425.279884 429.759466 441.315805 455.352038 469.750326 483.949620 505.057642 520.053400 533.990136 550.253537 549.566280 545.611665 543.876055 544.578908 545.200254 550.258918 553.659347 560.111452 565.593634 572.579099 582.209643 593.951695 612.818353 633.462415 654.201933 673.503011
-9999.0 -9999.0 -9999.0 -9999.0 -9999.0 -9999.0 -9999.0 -9999.0 -9999.0 -9999.0 -9999.0 -9999.0 -9999.0 -9999.0 -9999.0 -9999.0 367.357853 369.235223 371.443297 376.855561 379.647892 383.693487 390.683657 391.949113 395.861191 403.109841 408.180983 417.036599 425.177666 432.696628 438.871743 441.803990 449.626818 459.569615 471.777929 487.518823 509.507345 532.812432 549.464450 566.621014 583.975084 584.857173 584.088745 585.557748 586.559755 593.958127 612.248564 618.847136 621.545087 639.542350 654.401633 660.406094 668.778054 688.386873 713.103248 738.575254 769.838506
-9999.0 -9999.0 -9999.0 -9999.0 -9999.0 -9999.0 -9999.0 -9999.0 -9999.0 -9999.0 -9999.0 -9999.0 -9999.0 321.751545 325.939230 335.389874 344.255695 346.713512 350.913207 356.896591 369.165550 372.859575 379.211697 386.947817 398.789719 407.541406 416.941898 428.993470 437.701460 445.232609 452.643067 459.021854 472.861076 488.598269 504.895777 525.641311 548.033438 569.372373 590.728227 606.967413 621.550636 624.752456 624.060906 626.748640 635.287046 653.681405 673.646288 685.112427 705.774147 730.246992 745.271083 758.663541 768.706082 783.001999 805.250494 841.494135 879.058668
-9999.0 -9999.0 -9999.0 -9999.0 -9999.0 -9999.0 -9999.0 -9999.0 -9999.0 -9999.0 287.772785 290.253890 286.900601 287.143944 292.114986 304.179860 317.727881 324.517409 336.032047 356.889468 374.531392 378.217580 393.069785 403.392877 410.328798 421.213970 434.691674 447.973815 465.440104 478.528354 491.132426 511.748852 528.884914 546.062860 564.534904 585.417552 606.637138 636.798449 665.124764 679.769996 703.991834 717.307885 715.364652 716.392051 725.955032 743.933776 767.825159 794.309759 818.256553 845.748050 865.887682 881.830243 894.084518 907.979263 924.975653 959.971108 1000.941610
-9999.0 -9999.0 -9999.0 -9999.0 -9999.0 -9999.0 -9999.0 -9999.0 263.391464 270.555200 276.826699 273.908670 269.421663 265.905055 279.424364 295.344423 311.453242 328.925413 345.057371 363.294642 378.980256 395.682780 415.625225 427.768568 439.940309 455.665053 469.879133 487.952856 509.972900 524.355187 542.969548 565.555090 585.581948 604.715689 624.524635 644.128886 672.981546 708.516003 742.530429 768.061676 797.816360 823.160412 824.310332 828.307552 834.116717 861.479060 892.990729 925.460538 953.246195 982.239965 1012.614665 1031.097860 1042.718660 1056.300577 1072.450471 1090.873574 1118.214735
-9999.0 -9999.0 -9999.0 -9999.0 -9999.0 -9999.0 236.807365 261.035172 276.008109 268.262008 259.239536 255.874565 252.232102 274.003304 295.830139 313.063224 330.059767 347.784684 364.519107 378.639319 413.417392 431.148039 446.377277 465.796921 480.819375 495.896762 514.094422 538.469465 561.922422 594.107371 623.067594 649.834882 677.878027 699.350850 719.875802 740.542586 774.173606 813.715689 852.509213 883.968523 913.266553 944.884079 954.163405 960.981297 969.384874 990.176608 1021.894992 1052.945608 1087.485524 1120.061699 1146.547886 1158.825496 1169.740365 1181.728197 1195.797122 1208.825218 1223.257174
-9999.0 -9999.0 -9999.0 -9999.0 203.310388 224.282371 244.640190 275.491167 298.191718 293.198736 300.345669 300.904849 299.581145 303.115085 309.868678 328.155525 346.681869 365.485781 384.184521 420.923325 464.734320 481.669412 508.043140 541.137366 556.029653 572.214131 589.291190 613.677741 643.122654 679.146445 726.269832 766.791314 795.104029 820.177631 843.154018 867.536254 902.794128 941.834230 979.914085 1015.433230 1046.566745 1072.799081 1086.828540 1095.276032 1107.247286 1123.277688 1144.276067 1171.469233 1202.190886 1234.094289 1259.234600 1273.486590 1281.878117 1292.924162 1304.193072 1316.941145 1329.184168
-9999.0 -9999.0 -9999.0 154.989239 193.615487 231.087381 258.464410 289.570836 321.665225 327.361610 336.381192 342.386491 348.453875 357.648314 367.334563 384.556141 400.309725 415.408140 437.727120 475.383690 512.110250 545.177962 579.050095 609.042631 632.290903 649.668839 669.065406 694.903126 736.642262 777.238914 829.982164 885.325143 924.303803 950.416462 973.051136 1000.624725 1025.991795 1061.937661 1097.006170 1130.231352 1162.125992 1187.371727 1206.979764 1215.020768 1224.144905 1232.924551 1249.544657 1270.949233 1292.678749 1321.047585 1348.835549 1372.179746 1385.739154 1395.652921 1411.509928 1427.183811 1439.280646
-9999.0 -9999.0 108.143676 145.587043 180.321061 231.363556 284.318957 318.559850 359.752376 384.657298 392.218761 410.682888 427.911253 436.484390 453.430889 471.442333 487.978301 494.161149 510.312699 544.358614 597.585297 646.872128 675.129033 730.337825 765.537837 793.000593 810.746150 838.325701 874.336392 918.455232 968.361222 1018.596599 1057.983526 1089.596982 1105.996362 1124.905528 1147.598305 1170.724221 1203.487211 1232.465522 1263.114350 1289.164807 1311.273835 1319.092593 1324.094614 1339.224633 1362.193307 1386.605568 1409.881559 1432.185900 1439.527475 1448.721215 1453.368047 1456.494871 1460.600603 1463.492915 1464.963979
-9999.0 -9999.0 82.222017 126.772615 168.373093 236.755610 314.945080 352.790850 396.397137 442.372150 462.237284 487.525170 503.764778 518.243354 543.033635 567.198762 577.501547 583.987141 585.181027 642.109315 703.111801 761.547919 819.806677 886.406013 931.458613 947.208362 959.151132 979.933126 1005.588280 1049.388063 1097.873353 1149.375562 1192.477198 1222.702773 1238.412289 1255.513608 1275.072696 1292.571456 1310.760362 1347.727785 1373.006657 1397.521010 1423.126466 1442.777222 1450.747591 1453.642153 1446.138375 1453.739055 1459.181844 1461.984911 1463.190239 1460.348442 1460.110642 1461.215789 1462.486485 1457.636537 1451.040318
-9999.0 -5.657644 46.459680 100.294022 170.242500 238.917844 324.035294 405.147756 460.100976 506.523503 537.042721 554.371852 599.955045 646.882623 674.867455 704.121417 706.820727 710.999348 703.903561 752.252937 806.743390 888.567595 1000.976679 1058.114008 1099.375326 1103.389326 1100.199102 1113.922114 1138.573266 1180.268549 1243.223086 1287.444629 1336.384813 1373.204420 1386.924132 1392.864808 1409.292935 1428.053083 1423.185255 1440.964518 1449.530538 1456.885382 1458.549911 1460.596689 1461.976844 1462.576304 1459.788231 1453.839679 1446.442684 1441.145144 1437.186557 1432.596395 1434.998085 1438.271919 1438.976923 1431.716061 1423.299014
-9999.0 -40.478692 19.507127 91.754349 163.662864 236.462745 344.825288 482.584597 534.731854 572.923219 601.248507 636.098166 719.570933 787.874728 825.121845 869.660968 867.279480 858.751387 852.047681 887.843718 940.969691 1016.080355 1150.785063 1233.596716 1256.893651 1269.203027 1277.765660 1303.231924 1337.106413 1369.617010 1398.730497 1404.919550 1425.820837 1436.478215 1440.256113 1442.264202 1445.651971 1446.501547 1444.985122 1442.322169 1438.777796 1439.959605 1444.670846 1445.172607 1442.973274 1440.253683 1434.711506 1426.860885 1420.876459 1415.766865 1412.395564 1408.742352 1406.842004 1406.787245 1402.138233 1395.661189 1385.589242
-9999.0 -67.625632 2.779385 67.641743 137.251112 257.410312 382.622059 516.462632 609.628335 650.454275 687.243388 766.432602 867.146686 959.996150 1010.945197 1037.374488 1044.411799 1031.361396 1041.890198 1088.346944 1152.825535 1237.579043 1317.459847 1387.939305 1401.479523 1406.216196 1392.675182 1403.782580 1414.100160 1417.253054 1419.844175 1423.505600 1429.999394 1433.929241 1433.887285 1432.044943 1428.136017 1420.816956 1416.310823 1413.613900 1410.772399 1410.961367 1414.064209 1415.350256 1412.987925 1409.013280 1403.941761 1397.353081 1390.348094 1382.929572 1378.209873 1373.480965 1370.764381 1365.658644 1360.574034 1353.686028 1338.958780
-9999.0 -161.371733 -74.962839 -16.319949 108.413377 279.270911 405.745506 559.092469 702.669593 749.816868 835.045573 950.868001 1051.590885 1121.803946 1163.392961 1205.752585 1235.576441 1261.742692 1297.905282 1276.979471 1329.467855 1377.910033 1399.085140 1410.466821 1411.987002 1414.764616 1408.543370 1390.992463 1382.036810 1376.755336 1379.786501 1388.206829 1394.808052 1401.158813 1399.753325 1400.472887 1400.198126 1396.351867 1392.503849 1384.541295 1377.268925 1371.991819 1370.658820 1375.988570 1371.025228 1367.429245 1360.956200 1352.278276 1342.928298 1334.516445 1326.212486 1318.859828 1315.438709 1309.329360 1307.076727 1298.249198 1270.243343
-9999.0 -242.371249 -164.308949 -67.447493 77.807348 242.568117 381.472731 552.622700 755.748186 871.286200 988.353300 1056.228813 1128.211671 1190.831195 1253.107382 1296.209367 1320.128523 1331.277285 1328.570705 1340.310875 1315.055184 1312.218583 1331.329278 1358.121175 1371.552656 1376.390292 1368.647503 1358.538100 1352.206454 1351.937378 1351.577734 1351.210047 1350.463978 1348.949808 1346.052409 1347.681868 1351.615075 1345.239976 1336.743715 1328.783700 1321.711291 1313.783011 1308.518592 1305.362627 1303.856161 1303.243878 1295.437961 1284.630358 1273.594833 1264.870254 1256.573727 1250.248114 1247.171640 1241.710934 1233.569931 1220.987575 1192.893951
-9999.0 -335.545445 -217.014520 -118.200654 10.987514 150.552562 283.646750 452.275230 609.001519 826.598184 990.269897 1077.384029 1116.054113 1170.122164 1229.702693 1292.703435 1299.211527 1273.107872 1246.498092 1235.873450 1243.363338 1255.323169 1270.564011 1291.460755 1309.052270 1318.652538 1320.242084 1312.663364 1299.506973 1290.985676 1285.256547 1276.372998 1269.875830 1268.945235 1269.005418 1275.248580 1277.218939 1267.771071 1254.856350 1239.253193 1225.695049 1215.530175 1212.582012 1213.650226 1213.377480 1209.751254 1202.613629 1191.963151 1179.233062 1167.328024 1159.266029 1153.228682 1146.020184 1135.920355 1124.615058 1111.770164 1085.654004
-9999.0 -9999.0 -289.692743 -177.553966 -64.964008 61.755420 184.860574 336.291765 491.757099 678.878446 799.482065 919.064453 986.138988 1031.549171 1083.018563 1135.592189 1152.730162 1170.235461 1153.971971 1159.295443 1167.354780 1174.965601 1186.149575 1198.920465 1212.498972 1222.248363 1229.208274 1227.149030 1218.147241 1201.845044 1182.725845 1168.062012 1159.445508 1152.750011 1161.078061 1171.596291 1168.607705 1161.614637 1149.629220 1134.097936 1121.176851 1107.781865 1104.009248 1104.298248 1104.153721 1101.030619 1096.097352 1083.180911 1070.042296 1057.606500 1051.428054 1044.745187 1038.521980 1027.064705 1014.803618 1001.095161 977.562608
-9999.0 -9999.0 -373.124502 -262.637016 -144.207594 -18.447493 86.986344 178.554014 336.435235 457.744925 563.064303 659.435421 739.047164 801.083846 846.367697 905.501236 942.472103 958.022020 974.786783 1000.987343 1026.340069 1052.656732 1070.497635 1083.833060 1097.784751 1110.481434 1119.046222 1108.077089 1097.400941 1081.203107 1060.620826 1038.221480 1026.277903 1021.794637 1024.115650 1029.291439 1023.507468 1013.525510 999.013594 982.987860 969.790671 958.039039 953.760333 950.605545 949.241070 946.158228 942.586463 933.434762 921.542976 913.065557 904.366932 897.575047 893.604773 885.747804 875.400640 867.744611 849.387716
