tests/Borden05m/sims/sim_1/output-maps/psiliqL0026N0004.asc
ncols         160
nrows         34
xllcorner     620200.000000
yllcorner     5168000.000000
cellsize      0.500000
NODATA_value  -9999.0
[rows 0 to 24 of 34, columns 0 to 54 of 160]
-9999.0 -9999.0 -9999.0 -9999.0 -9999.0 -9999.0 -9999.0 -9999.0 -9999.0 -9999.0 -9999.0 -9999.0 -9999.0 -9999.0 -9999.0 -9999.0 -9999.0 -9999.0 -9999.0 -9999.0 -9999.0 -9999.0 -9999.0 -9999.0 -9999.0 -9999.0 -9999.0 -9999.0 -9999.0 -9999.0 -9999.0 -9999.0 -9999.0 -9999.0 -9999.0 -9999.0 -9999.0 -9999.0 -9999.0 -9999.0 -9999.0 -9999.0 -9999.0 -9999.0 -9999.0 -9999.0 -9999.0 -9999.0 -9999.0 -9999.0 -9999.0 -9999.0 -9999.0 -9999.0 -9999.0
-9999.0 -9999.0 -9999.0 -9999.0 -9999.0 -9999.0 -9999.0 -9999.0 -9999.0 -9999.0 -9999.0 -9999.0 -9999.0 -9999.0 -9999.0 -9999.0 -9999.0 -9999.0 -9999.0 -9999.0 -9999.0 -9999.0 -9999.0 -9999.0 -9999.0 -9999.0 -9999.0 -9999.0 -9999.0 -9999.0 -9999.0 -9999.0 -9999.0 -9999.0 -9999.0 -9999.0 -9999.0 -9999.0 -9999.0 -9999.0 -9999.0 -9999.0 -9999.0 -9999.0 -9999.0 -9999.0 -9999.0 -9999.0 -9999.0 -9999.0 -9999.0 -9999.0 -9999.0 -9999.0 -9999.0
-9999.0 -9999.0 -9999.0 -9999.0 -9999.0 -9999.0 -9999.0 -9999.0 -9999.0 -9999.0 -9999.0 -9999.0 -9999.0 -9999.0 -9999.0 -9999.0 -9999.0 -9999.0 -9999.0 -9999.0 -9999.0 -9999.0 -9999.0 -9999.0 -9999.0 -9999.0 -9999.0 -9999.0 -9999.0 -9999.0 -9999.0 -9999.0 -9999.0 -9999.0 -9999.0 -9999.0 -9999.0 -9999.0 -9999.0 -9999.0 -9999.0 -9999.0 -9999.0 -9999.0 -9999.0 -9999.0 -9999.0 3273.138680 3255.925129 3242.469991 3237.549996 3258.343431 3281.180689 3304.766465 3325.064547
-9999.0 -9999.0 -9999.0 -9999.0 -9999.0 -9999.0 -9999.0 -9999.0 -9999.0 -9999.0 -9999.0 -9999.0 -9999.0 -9999.0 -9999.0 -9999.0 -9999.0 -9999.0 -9999.0 -9999.0 -9999.0 -9999.0 -9999.0 -9999.0 -9999.0 -9999.0 -9999.0 -9999.0 -9999.0 -9999.0 -9999.0 -9999.0 -9999.0 -9999.0 -9999.0 -9999.0 -9999.0 -9999.0 -9999.0 -9999.0 3324.188734 3330.012248 3329.590596 3319.595595 3308.095879 3294.190099 3273.434583 3256.234447 3243.111030 3241.057885 3243.280297 3245.620266 3265.940697 3291.107129 3310.771728
-9999.0 -9999.0 -9999.0 -9999.0 -9999.0 -9999.0 -9999.0 -9999.0 -9999.0 -9999.0 -9999.0 -9999.0 -9999.0 -9999.0 -9999.0 -9999.0 -9999.0 -9999.0 -9999.0 -9999.0 -9999.0 -9999.0 -9999.0 -9999.0 -9999.0 -9999.0 -9999.0 -9999.0 -9999.0 -9999.0 -9999.0 -9999.0 -9999.0 -9999.0 3232.365522 3249.130497 3266.847215 3285.203399 3301.988207 3308.900608 3314.629873 3319.806598 3314.946608 3310.309851 3298.355625 3277.015281 3257.512729 3244.599698 3243.480202 3240.822873 3244.054765 3255.207506 3271.476756 3286.084884 3306.248353
-9999.0 -9999.0 -9999.0 -9999.0 -9999.0 -9999.0 -9999.0 -9999.0 -9999.0 -9999.0 -9999.0 -9999.0 -9999.0 -9999.0 -9999.0 -9999.0 -9999.0 -9999.0 -9999.0 -9999.0 -9999.0 -9999.0 -9999.0 -9999.0 -9999.0 -9999.0 -9999.0 -9999.0 3238.850026 3232.767792 3227.760340 3225.943013 3224.235993 3223.057870 3229.519487 3240.357882 3257.082131 3278.908618 3291.946909 3298.968034 3305.633622 3305.699149 3299.468641 3297.442481 3297.601932 3284.562234 3271.909036 3260.040876 3248.405863 3244.831539 3253.290022 3267.119187 3282.901688 3297.019150 3311.812302
-9999.0 -9999.0 -9999.0 -9999.0 -9999.0 -9999.0 -9999.0 -9999.0 -9999.0 -9999.0 -9999.0 -9999.0 -9999.0 -9999.0 -9999.0 -9999.0 -9999.0 -9999.0 -9999.0 -9999.0 -9999.0 -9999.0 -9999.0 3209.508899 3214.244981 3220.554963 3227.995402 3228.727563 3225.262621 3219.662042 3216.722715 3214.994967 3212.363316 3216.558520 3223.154361 3235.676719 3250.485633 3272.367851 3280.169757 3283.948374 3294.833644 3298.137051 3305.581604 3309.002403 3306.616651 3301.996978 3286.507968 3274.340277 3275.862068 3279.246282 3285.523870 3293.289177 3306.186009 3319.247523 3333.847610
-9999.0 -9999.0 -9999.0 -9999.0 -9999.0 -9999.0 -9999.0 -9999.0 -9999.0 -9999.0 -9999.0 -9999.0 -9999.0 -9999.0 -9999.0 -9999.0 -9999.0 -9999.0 -9999.0 3185.338143 3186.279994 3187.627476 3192.302222 3192.492171 3194.009523 3200.473779 3208.147289 3210.726415 3208.146854 3206.803297 3207.686380 3209.780193 3213.783786 3223.623248 3236.354988 3249.580073 3261.623575 3281.527070 3295.138928 3306.629981 3321.090799 3320.881741 3316.617693 3314.275710 3313.475845 3311.090261 3308.631127 3306.857218 3312.268755 3312.098384 3314.760599 3323.104119 3334.303377 3349.932763 3366.554145
-9999.0 -9999.0 -9999.0 -9999.0 -9999.0 -9999.0 -9999.0 -9999.0 -9999.0 -9999.0 -9999.0 -9999.0 -9999.0 -9999.0 -9999.0 -9999.0 3156.524791 3158.150857 3160.344738 3165.684017 3169.193513 3172.868946 3179.539819 3180.690853 3183.655144 3190.212120 3194.077874 3202.774205 3210.508166 3216.842864 3221.861676 3223.375589 3228.874284 3237.002139 3247.284283 3259.962300 3278.818886 3301.224750 3315.768442 3331.338917 3347.492194 3347.046483 3344.341427 3343.612426 3341.153540 3341.492950 3354.806505 3356.981253 3350.712014 3359.340450 3370.091326 3371.934685 3377.908005 3396.687831 3417.899385
-9999.0 -9999.0 -9999.0 -9999.0 -9999.0 -9999.0 -9999.0 -9999.0 -9999.0 -9999.0 -9999.0 -9999.0 -9999.0 3107.363223 3111.134199 3121.125980 3132.429778 3135.218024 3139.879950 3146.260014 3157.971261 3161.124867 3166.545033 3173.085034 3185.015486 3192.835587 3200.703652 3211.432041 3218.354708 3224.147152 3229.311386 3230.928887 3241.083318 3253.716434 3266.686881 3284.398294 3304.935722 3322.011772 3338.850113 3353.957014 3364.395447 3360.636426 3358.743638 3359.785804 3363.369561 3375.202897 3390.589544 3389.966062 3398.547730 3417.957384 3427.164217 3433.511639 3438.694363 3451.638925 3472.279203
-9999.0 -9999.0 -9999.0 -9999.0 -9999.0 -9999.0 -9999.0 -9999.0 -9999.0 -9999.0 3081.081849 3082.315394 3078.248356 3075.131398 3080.569986 3092.529311 3106.687893 3111.740690 3123.253524 3144.078569 3162.168689 3164.485836 3177.034166 3186.316423 3191.971588 3200.530004 3211.991159 3222.561153 3236.376433 3246.411722 3253.558802 3268.216415 3282.267415 3296.678640 3312.168782 3330.889774 3345.466134 3367.679486 3391.108787 3398.464535 3414.158344 3415.953207 3410.823350 3407.975304 3416.117989 3426.160774 3439.837080 3454.435681 3471.811088 3492.668360 3502.089948 3514.077373 3522.299713 3531.879229 3546.445748
-9999.0 -9999.0 -9999.0 -9999.0 -9999.0 -9999.0 -9999.0 -9999.0 3056.831065 3064.689856 3069.665477 3065.921689 3060.905843 3054.451791 3068.548114 3083.323266 3098.448766 3116.052151 3130.798179 3148.190852 3161.100344 3174.719695 3193.608273 3203.012075 3212.134511 3225.577117 3236.953895 3250.100461 3268.823342 3275.061601 3284.545114 3302.238911 3316.250242 3331.394548 3347.839685 3362.680602 3381.521116 3410.231522 3437.742952 3452.782224 3477.528145 3493.682119 3487.252190 3484.776525 3485.285940 3507.303769 3532.456261 3560.424270 3578.490127 3601.048083 3628.404567 3646.638923 3655.463990 3666.163085 3679.599109
-9999.0 -9999.0 -9999.0 -9999.0 -9999.0 -9999.0 3028.782769 3052.855658 3067.597520 3058.457025 3043.695764 3037.882127 3031.004737 3061.090913 3082.665125 3099.117533 3114.842942 3131.325768 3146.425589 3153.714135 3182.067799 3200.088184 3210.538989 3222.407662 3235.312195 3248.153811 3262.780932 3282.493250 3298.496676 3319.021719 3333.815435 3348.905072 3371.030244 3386.902605 3402.410082 3414.809910 3441.124286 3474.547659 3507.934883 3531.411957 3554.950356 3585.427737 3584.822255 3586.227988 3587.546224 3610.440593 3643.353426 3672.402128 3703.600489 3733.582345 3761.243049 3771.424707 3780.120535 3789.754471 3801.992314
-9999.0 -9999.0 -9999.0 -9999.0 2997.063771 3017.564402 3035.717674 3065.206726 3086.530929 3080.848653 3084.467297 3081.657943 3076.368310 3080.425702 3087.544450 3103.653977 3121.564382 3139.806979 3152.861601 3178.772203 3224.056701 3233.763168 3249.579699 3277.526762 3287.087260 3299.587141 3313.640804 3332.699342 3350.060601 3376.061285 3409.220076 3437.269351 3457.507113 3475.666470 3493.659366 3509.697118 3543.515757 3579.384025 3614.058947 3644.800841 3671.082100 3696.362933 3702.840519 3707.489570 3717.154113 3733.692181 3755.791175 3782.837096 3815.798879 3847.448284 3870.469567 3879.545815 3884.690466 3894.044479 3901.542519
-9999.0 -9999.0 -9999.0 2943.419999 2982.016712 3021.189433 3046.226601 3075.725399 3107.238797 3106.361291 3114.087056 3113.051495 3111.092313 3115.442345 3117.591907 3132.765679 3149.433318 3167.697788 3187.643977 3219.849391 3247.771327 3264.563358 3290.995226 3306.109197 3318.051286 3329.660792 3346.777716 3365.658463 3400.762274 3429.645100 3474.547892 3524.021825 3555.374552 3574.208546 3595.735604 3622.381703 3646.756960 3684.547774 3717.929064 3749.453573 3779.221986 3801.074613 3815.245929 3819.772375 3829.057861 3834.757267 3847.298599 3867.966866 3889.919337 3920.100450 3948.952231 3977.195095 3992.127515 4002.921397 4019.745588
-9999.0 -9999.0 2895.139087 2934.464185 2965.504155 3011.507892 3063.852514 3098.136935 3136.636507 3154.648101 3156.873357 3166.518788 3176.015041 3176.024130 3183.786647 3195.323846 3215.898374 3223.494956 3242.416130 3257.443571 3293.805437 3326.855772 3322.782087 3360.370470 3389.382760 3420.545935 3440.591882 3466.192640 3502.769291 3536.126956 3579.771414 3628.721121 3662.516860 3689.946644 3705.310480 3724.912025 3744.871757 3770.483438 3806.426513 3831.903330 3864.875646 3889.949778 3909.369564 3910.367140 3913.041698 3928.894550 3956.605001 3986.764968 4015.066901 4043.391243 4029.232063 4051.667685 4061.689943 4067.281603 4076.073679
-9999.0 -9999.0 2864.833320 2911.161929 2945.387262 3002.668801 3088.292396 3121.709692 3160.757177 3205.135891 3217.897904 3238.170300 3231.442175 3219.907506 3236.556461 3249.939648 3268.957330 3275.414601 3268.763618 3319.819719 3371.342864 3395.791316 3403.077910 3478.123880 3529.003767 3552.073556 3567.865184 3587.493838 3606.905943 3644.831781 3683.808546 3737.365565 3778.152606 3807.533215 3821.747539 3841.203501 3860.356753 3875.251025 3894.403708 3940.202457 3974.788286 4004.924834 4036.186565 4057.232814 4065.260034 4070.077019 4045.450191 4064.196232 4076.909014 4082.391957 4084.563601 4080.792594 4080.216630 4081.030014 4081.956046
-9999.0 2776.222816 2823.867956 2874.067744 2938.015853 2998.496752 3072.630265 3146.668862 3211.551095 3262.379572 3286.585815 3279.183780 3279.195610 3303.741259 3322.163858 3337.900959 3342.334993 3351.412658 3332.107544 3384.134520 3420.401811 3469.699397 3568.296188 3625.599578 3687.028337 3682.964120 3671.373302 3676.354595 3692.322422 3737.982260 3815.535470 3870.626121 3935.064503 3983.006812 3999.669942 4006.877431 4025.249623 4045.726079 3996.159710 4038.011937 4057.269398 4073.338240 4082.242704 4084.457502 4085.694475 4085.464131 4081.787705 4074.788252 4066.625010 4060.789238 4056.562748 4052.059857 4054.495994 4057.822445 4058.030337
-9999.0 2737.780755 2790.242228 2858.243625 2925.174080 2971.714840 3053.293933 3217.912312 3279.046015 3315.769117 3320.585052 3296.486657 3353.581057 3412.352647 3436.048677 3480.201272 3464.382044 3448.912444 3412.187552 3436.923993 3475.153331 3545.203402 3713.771010 3801.413364 3851.846160 3859.732149 3860.631519 3888.540015 3931.988909 3978.503193 4023.359568 3993.351789 4041.507100 4065.202339 4070.153873 4070.846981 4076.163502 4074.734851 4073.248694 4068.817522 4063.668561 4063.831387 4068.422762 4068.264606 4065.306389 4061.931647 4056.234219 4048.811910 4043.607188 4038.978623 4036.319567 4033.479043 4031.526700 4030.806203 4025.966534
-9999.0 2697.247977 2772.112631 2824.868524 2870.289597 2960.554129 3089.325851 3232.145123 3327.245106 3360.143275 3337.450679 3372.142074 3473.670618 3578.490553 3629.912631 3650.459668 3631.375897 3583.460128 3563.680723 3606.636124 3676.233193 3794.290281 3930.851587 4028.936141 4043.985889 4047.288104 4000.459596 4025.656451 4049.010741 4051.782125 4052.878714 4060.656601 4065.720060 4068.654929 4067.088024 4064.195196 4059.380206 4051.189235 4046.383552 4042.702631 4038.931184 4037.771743 4039.770865 4041.588922 4038.769992 4034.873568 4030.396130 4024.817879 4018.510614 4011.749067 4007.434470 4003.181108 4001.047064 3995.514855 3991.991167
-9999.0 2573.281375 2669.901938 2710.283731 2783.959500 2965.395895 3093.299291 3232.374859 3396.054533 3415.657310 3460.351060 3598.184601 3716.167138 3795.632254 3824.210332 3857.320698 3881.597239 3897.419122 3933.764547 3816.289966 3895.691017 3991.769506 4035.704810 4054.756750 4064.371246 4064.735489 4054.886899 4034.103385 4023.367706 4016.611474 4018.220730 4025.498506 4030.177479 4034.966585 4032.663263 4033.716299 4034.799452 4031.571982 4027.552275 4018.831359 4010.979794 4004.285079 4001.030251 4005.726790 4001.070937 3998.700309 3992.506965 3984.068717 3975.121432 3967.744913 3959.781899 3953.217277 3950.982674 3945.971655 3944.779997
-9999.0 2492.322531 2564.738533 2623.681739 2733.592430 2889.729133 2983.222415 3139.715511 3379.230389 3514.185667 3676.503685 3766.440310 3836.334427 3878.275001 3928.443846 3979.925083 4006.550887 4018.049602 3987.580524 4009.395764 3966.757407 3955.722471 3973.165508 4002.185375 4019.205306 4023.257138 4015.381887 4006.189203 3998.924731 3997.800866 3995.632871 3991.579116 3987.465977 3983.880138 3980.739950 3983.698526 3989.002010 3981.889919 3971.628299 3962.181756 3953.666607 3944.446511 3938.495379 3933.846923 3934.210477 3934.475716 3926.844959 3916.353602 3905.500561 3897.214706 3890.019004 3885.516554 3882.848754 3877.885220 3868.263314
-9999.0 2371.492886 2504.556046 2580.203413 2673.518500 2794.048818 2896.084463 3045.616105 3173.892205 3417.216937 3557.628332 3748.391811 3797.657765 3866.971337 3914.311670 3987.129442 3982.590080 3951.174942 3908.126219 3891.930077 3902.914224 3911.855961 3920.134523 3934.657351 3952.272549 3962.357988 3967.297300 3961.234692 3947.026952 3934.602750 3923.547104 3909.914608 3900.539207 3898.064272 3902.056776 3912.020149 3912.556031 3903.250786 3889.142229 3870.932502 3855.341557 3843.549066 3841.535661 3844.296913 3845.386055 3841.330371 3835.521555 3824.772515 3812.187361 3799.789164 3794.101175 3789.768933 3782.378909 3771.187175 3759.348115
-9999.0 -9999.0 2418.255738 2526.339064 2618.843349 2728.857391 2807.253530 2922.735697 3060.438909 3230.270902 3345.771723 3524.790811 3619.252190 3663.076869 3697.040041 3752.600095 3777.681224 3808.698404 3802.816192 3814.381453 3824.139940 3829.403254 3834.677596 3840.455587 3850.948250 3860.733122 3870.906195 3868.100854 3859.269558 3838.798900 3813.184734 3793.261476 3782.787880 3773.564974 3785.636630 3798.161252 3792.682547 3785.777403 3773.149070 3756.949512 3744.384192 3730.157666 3726.709527 3726.646029 3727.255759 3724.965475 3722.453763 3710.049049 3697.817557 3687.947258 3683.952177 3678.375404 3674.826624 3665.068950 3654.530769
-9999.0 -9999.0 2329.544993 2433.095371 2534.277050 2650.852943 2733.967886 2746.283103 2868.529079 2969.460522 3075.792670 3186.073035 3282.082530 3350.154139 3382.699858 3444.596255 3500.360981 3518.557278 3558.362425 3611.852240 3645.866378 3684.961540 3707.804953 3717.221756 3729.680492 3744.059388 3751.500972 3736.305781 3725.033666 3707.965071 3684.590298 3657.986386 3644.506592 3644.013517 3643.104529 3644.692050 3637.114148 3628.181296 3613.754283 3599.837806 3587.665672 3578.756894 3575.195409 3569.677584 3567.425116 3564.736699 3563.067750 3557.853279 3549.634789 3545.093646 3536.980231 3533.312594 3532.573769 3529.575378 3523.920706
