tests/Borden05m/sims/sim_1/output-maps/psiliqL0008N0004.asc
ncols         160
nrows         34
xllcorner     620200.000000
yllcorner     5168000.000000
cellsize      0.500000
NODATA_value  -9999.0
[rows 0 to 24 of 34, columns 57 to 113 of 160]
-9999.0 -9999.0 -9999.0 -9999.0 -9999.0 -9999.0 -9999.0 -9999.0 -9999.0 -9999.0 -9999.0 -9999.0 -9999.0 -9999.0 -9999.0 -9999.0 -9999.0 -9999.0 -9999.0 -9999.0 -9999.0 -9999.0 -9999.0 -9999.0 -9999.0 -9999.0 -9999.0 -9999.0 -9999.0 -9999.0 -9999.0 -9999.0 -9999.0 -9999.0 -9999.0 -9999.0 -9999.0 -9999.0 -9999.0 -9999.0 -9999.0 -9999.0 -9999.0 -9999.0 -9999.0 -9999.0 -9999.0 -9999.0 -9999.0 -9999.0 -9999.0 -9999.0 -9999.0 -9999.0 -9999.0 -9999.0 -9999.0
-9999.0 -9999.0 -193.413247 -199.045645 -204.578861 -209.804350 -219.129535 -228.601587 -237.504987 -241.668458 -242.724835 -243.719987 -244.216771 -238.946587 -231.033436 -223.434894 -216.215388 -213.882497 -211.483687 -209.174142 -208.672943 -210.025407 -213.344608 -216.701093 -220.180320 -221.691055 -230.174666 -241.813766 -250.953053 -253.788800 -249.221656 -244.617108 -242.012462 -235.749525 -224.658023 -213.534787 -204.771840 -192.875133 -187.277908 -181.993239 -178.615953 -182.515662 -185.919420 -189.442418 -193.986693 -204.948639 -9999.0 -9999.0 -9999.0 -9999.0 -9999.0 -9999.0 -9999.0 -9999.0 -9999.0 -9999.0 -9999.0
-211.439109 -208.201659 -219.054620 -223.965997 -227.450843 -229.847860 -235.235949 -244.303060 -249.962272 -255.666903 -257.500462 -257.665894 -257.736931 -253.582465 -243.716821 -235.733692 -230.963888 -228.586238 -226.158047 -226.051178 -226.577436 -227.025250 -230.000988 -233.499756 -236.980027 -238.831194 -238.890358 -246.634528 -252.051327 -255.366297 -256.540222 -254.052642 -251.690230 -248.629050 -238.773698 -230.257763 -221.742737 -207.446132 -195.004983 -189.655214 -191.896781 -196.794012 -200.322625 -206.509303 -216.128500 -226.524917 -237.062156 -244.258435 -249.558905 -254.622348 -248.294595 -241.697799 -231.147106 -220.690789 -208.442463 -196.148116 -9999.0
-227.928310 -225.199689 -236.297251 -245.001588 -249.552679 -249.723800 -247.808081 -251.808602 -256.769987 -261.044356 -253.398470 -252.299240 -251.246137 -248.118218 -244.724176 -242.552581 -239.806147 -234.510459 -225.549804 -222.966048 -222.515639 -222.455749 -224.350321 -227.534687 -229.380335 -232.225199 -237.518572 -238.455180 -238.021686 -237.948023 -232.631813 -231.116711 -229.789323 -236.879328 -233.474441 -227.033464 -219.954332 -212.709625 -205.480048 -200.593375 -203.548546 -204.675011 -212.820406 -226.485117 -237.892788 -246.569571 -249.093276 -252.126510 -259.687546 -271.725674 -264.608873 -248.752168 -243.837300 -239.881992 -227.676376 -215.188516 -204.870332
-243.961385 -241.162465 -246.530702 -245.876041 -244.688741 -243.434117 -245.314078 -248.568252 -250.082306 -237.117254 -227.633662 -226.065179 -223.275211 -220.023245 -221.489887 -234.147660 -236.947871 -228.344854 -217.785152 -211.844580 -211.759432 -211.865157 -213.418695 -214.512221 -215.105059 -217.607153 -216.483004 -213.832821 -213.030268 -207.802168 -202.080004 -199.326744 -208.126225 -217.495008 -217.035385 -209.269163 -201.183969 -193.596925 -182.318204 -170.316064 -171.503128 -177.208928 -186.071305 -199.776057 -223.338068 -243.375993 -253.843133 -260.263649 -267.051903 -267.763273 -269.694368 -258.872947 -256.837243 -254.917651 -246.015207 -235.452709 -225.164753
-230.952726 -222.773884 -229.220444 -235.347097 -239.219922 -238.903613 -238.796951 -235.303514 -221.854433 -207.789723 -192.442914 -189.837657 -187.357174 -187.765207 -197.854987 -208.498243 -213.051264 -197.761009 -181.806774 -173.423804 -172.434955 -171.772143 -163.416814 -165.586328 -168.457484 -174.199855 -171.726888 -168.714068 -156.946809 -149.298346 -142.510572 -144.493489 -156.445578 -167.580530 -169.620198 -167.742604 -165.691526 -159.639959 -148.813503 -138.247338 -143.041907 -150.655624 -161.422224 -191.007098 -219.580212 -236.910668 -236.060606 -235.450299 -239.903247 -242.913803 -246.529093 -254.131263 -254.382470 -254.775308 -255.105247 -242.839007 -230.418291
-184.695466 -168.359501 -174.614864 -183.630364 -195.207956 -195.066284 -191.550433 -183.114736 -169.491199 -150.374077 -125.469522 -121.303552 -117.056825 -112.823122 -123.843434 -136.456879 -148.740447 -132.817132 -122.848812 -113.315234 -109.518013 -97.325008 -86.638908 -91.699477 -100.723437 -110.521456 -103.830458 -89.452485 -73.970054 -67.387208 -63.887484 -63.537795 -73.573544 -79.150563 -82.149638 -81.913417 -85.895921 -82.828996 -71.310999 -55.502390 -55.401245 -66.906416 -90.953600 -128.407367 -165.033897 -188.348927 -184.412425 -190.966259 -197.088015 -201.506742 -215.903049 -227.603336 -227.924688 -237.560253 -243.891721 -232.328604 -226.183068
-137.769951 -119.120088 -122.717962 -134.270581 -147.007813 -147.000050 -138.553000 -128.857933 -109.153383 -83.473257 -56.404727 -42.217237 -33.503805 -23.386739 -30.214618 -40.208593 -50.183361 -44.100126 -30.838766 -17.214064 -4.245753 9.914938 22.960085 16.657038 6.740452 3.748341 8.463610 26.310905 42.181510 48.275323 51.444027 56.543410 50.325438 42.084836 32.815875 24.274295 16.477099 11.415439 27.097067 41.987670 39.458998 13.997291 -12.914525 -50.440220 -90.278701 -126.744626 -132.799934 -134.640083 -136.698275 -152.882145 -169.044515 -188.520818 -200.078849 -209.464609 -224.944722 -220.447134 -214.711110
-37.228989 -15.340158 -9.346554 -23.197738 -27.849753 -22.381254 -10.206310 -3.347658 11.785990 42.268447 83.138994 117.446391 146.367694 153.290737 143.525251 131.830319 114.568956 106.479340 121.268670 137.454151 153.528641 168.931763 184.020159 193.430900 193.258494 193.685543 196.987279 202.296114 210.485984 219.444406 228.620207 238.168675 239.294274 227.633570 215.967258 202.895017 191.956862 188.114532 187.050980 194.484549 191.569665 165.217358 130.403263 89.892461 45.535309 8.520791 -16.253149 -17.253352 -32.686581 -51.915945 -75.089988 -113.605385 -134.317418 -152.459209 -183.891111 -189.270160 -178.812968
86.237873 109.317595 131.526785 134.418443 139.162969 143.752776 151.137606 157.901480 169.426407 211.073635 265.335870 322.601128 360.106305 373.723926 365.166965 353.689128 337.171091 319.128906 320.315265 342.728109 365.207164 383.941419 395.759399 399.881107 398.715658 399.123697 400.839338 404.143148 407.125443 412.976574 420.703808 431.557182 443.278191 438.361062 421.476662 408.649520 394.610339 389.663697 388.482491 385.062401 382.913388 373.365665 333.247459 280.889019 226.553500 179.870154 145.746320 117.382100 91.665295 66.697904 20.867064 -22.402993 -60.279278 -92.554379 -124.817842 -131.633955 -106.778612
251.398057 298.777583 335.075120 350.648219 357.203926 361.387367 367.668025 373.267936 382.281175 405.947851 449.009999 495.510239 529.363389 536.326915 529.794177 520.034296 507.259936 494.671207 491.926837 502.342786 514.811573 529.440988 539.466543 548.311168 547.646433 547.786570 547.626101 549.393357 550.971007 552.101624 557.272765 566.263909 574.605897 576.067629 566.974620 554.258733 541.160094 536.251137 532.028340 527.709097 526.588770 523.434526 511.544668 476.213830 431.159393 379.632356 336.974093 290.958814 261.242093 236.347555 210.243510 158.661152 126.095187 84.924011 38.987686 5.536213 33.443719
430.001570 469.362346 498.630889 513.561435 516.951334 519.751796 525.403108 530.369654 539.098344 552.953628 571.668946 596.497856 619.420163 635.180514 633.110023 623.972321 609.877406 606.391325 606.380150 609.288755 615.368097 620.633276 631.870950 643.340379 646.947433 647.073536 644.757570 646.490633 647.310794 647.295715 647.209741 649.456152 654.191201 656.192820 654.262393 644.229250 630.645146 620.028492 614.408751 611.932082 609.766910 608.879492 604.881572 591.920721 566.021621 532.489556 495.585360 462.800171 438.618213 420.733425 407.004539 389.827619 367.480266 325.231935 255.008807 197.251055 174.603442
551.244681 575.230583 598.246117 613.523504 617.399809 622.152348 624.680310 632.107561 643.698075 656.837465 665.488650 676.886262 692.953881 702.292755 707.755596 709.288693 709.832976 712.269708 713.029947 703.485457 705.757003 707.260946 709.344396 713.021995 713.476649 713.150634 712.577805 713.367573 713.682998 714.205058 714.006818 712.769631 713.196892 713.317777 713.437207 710.951043 709.850673 697.033866 688.700080 683.920491 678.226410 670.760938 662.019660 653.688524 642.163840 622.449875 595.576481 569.935939 558.579821 552.234125 546.209785 540.323400 524.376285 497.520529 456.986391 410.913750 365.359794
633.785169 648.664270 668.584341 681.870595 689.197729 695.396968 698.606055 708.100468 717.798316 715.735230 716.085687 716.628814 717.256038 717.305394 717.347762 717.527080 715.928767 716.542967 716.360434 712.712543 705.124521 707.092937 708.070160 709.668693 712.168555 710.097682 710.655957 713.705449 712.980711 708.740209 706.157636 704.747942 704.489431 710.698739 713.228139 714.196919 715.081143 715.787714 716.974269 717.550405 717.442026 716.421478 714.825689 713.330444 705.743694 688.764925 665.499400 640.066204 628.310871 624.332573 625.817289 623.269371 618.383933 601.665938 577.030436 545.502006 509.803450
714.240217 718.029327 720.673271 721.627499 721.693096 722.706146 724.140158 723.705048 720.027384 716.194656 711.624415 710.486531 709.144412 706.659973 707.189036 705.433110 702.454403 700.719242 697.316005 690.004019 681.685168 681.031741 685.429620 688.837199 691.066551 692.242218 694.697007 696.766498 694.002922 688.886778 684.086272 682.607128 687.676740 691.219506 694.091263 693.956301 692.975735 692.346329 694.069596 693.218057 694.152690 699.267639 710.055799 715.567602 715.830647 716.075078 714.733940 711.311219 698.193964 681.606811 684.709556 681.249927 672.442643 656.524418 639.618970 618.930014 598.159043
717.099814 715.215067 709.815696 704.406916 703.603540 706.954776 713.178362 714.540841 708.256368 701.216478 695.652742 690.403071 689.040588 687.539279 686.456874 686.436948 682.637018 678.534608 668.604587 661.857276 654.875513 651.278970 650.605478 654.755161 661.143632 666.863431 670.214923 666.118221 662.066919 655.627980 650.425257 651.278073 652.736201 658.403556 667.294160 668.420340 668.839999 665.872319 664.287734 660.658132 659.679894 664.932696 675.937684 686.193240 695.283630 700.758089 706.935674 712.538406 717.903063 717.878500 717.119556 716.066801 713.348799 701.518260 686.937993 671.660269 655.452906
699.948200 696.581841 691.698212 687.297749 686.156750 688.476004 691.437280 689.126979 684.123237 676.615039 668.685057 661.484357 657.215130 657.501934 658.208912 657.755358 652.838441 642.564226 630.992806 623.115368 614.085696 612.889999 609.690064 606.317683 614.003887 626.237194 630.610378 620.712964 615.113394 605.795811 601.275940 599.617340 600.205428 606.141638 619.571213 632.756947 632.871076 625.829656 619.871102 617.627013 616.654388 622.748148 637.614445 652.175219 661.819862 667.659658 671.216932 677.266423 684.095668 692.093851 700.827676 708.231919 715.879456 716.589759 716.189761 715.489582 703.694494
683.640465 679.090105 674.848069 670.819507 667.572399 665.383204 663.337259 658.493632 653.630185 644.850629 635.729005 626.762752 615.256253 611.103177 605.871395 603.759335 591.398853 581.812019 566.515776 555.241343 543.412688 536.539150 531.926051 526.276231 530.227309 542.956154 550.832874 538.651007 531.702024 521.975880 517.891639 515.619554 516.341904 523.392648 541.443593 556.164118 561.460328 555.280404 551.733784 551.631597 553.665333 561.245942 577.498046 596.180606 613.294934 625.248747 632.595898 638.952399 646.567697 656.669575 665.462083 673.844170 684.681930 697.910493 708.269708 715.490843 719.920336
663.463293 657.759922 650.729321 642.625917 637.281902 637.067074 629.789483 623.361924 612.000484 571.217646 554.186471 536.878674 521.571103 512.810210 498.325255 481.927038 464.110994 452.850814 442.162092 425.818774 408.164350 392.337054 386.793505 381.721590 374.130491 380.373297 383.884951 384.915690 378.764052 373.057866 370.672166 368.612543 372.276621 385.275846 396.952449 407.470683 413.572202 411.669690 419.660803 428.906065 437.097547 461.368106 486.750928 512.155608 536.503534 560.254378 575.002755 586.796507 597.888560 610.887748 623.554102 635.595837 651.122324 667.630642 677.379636 684.107302 692.344847
634.600117 623.798333 613.539933 601.922054 588.184745 584.621511 576.800879 565.430095 525.376313 474.311618 430.496603 404.543158 378.075734 361.189780 340.346926 298.323703 269.596925 253.459904 251.399529 234.594578 211.815320 193.376363 183.593054 176.303511 163.433028 157.079459 161.694740 172.621565 166.022287 162.175324 164.828400 162.568879 160.776093 170.637345 187.960543 198.794430 210.025126 221.437406 227.821231 238.924286 272.973970 302.937308 341.227641 378.032058 410.848324 444.000825 476.700622 502.098534 523.461543 544.756315 562.633992 583.001073 603.130364 625.409475 639.227885 649.471508 657.353382
574.159745 556.772632 538.451631 516.213695 487.634187 473.964003 456.077573 428.596340 371.181251 307.898908 248.335066 211.169763 178.446462 155.419038 125.118698 87.362821 62.629526 62.570530 67.691138 63.836998 47.514005 33.021564 22.060648 9.108144 -6.284648 -16.531499 -8.402323 0.447271 5.379375 7.567092 10.986466 12.328351 11.312436 9.205037 18.219402 27.728300 38.575744 48.948074 60.561022 89.724119 118.004597 141.114742 171.362667 202.727785 238.375707 280.091031 326.077298 365.131097 398.267060 428.998828 462.621526 496.434669 527.757746 557.812913 581.624307 597.265372 610.225483
476.175627 441.293969 406.012916 359.363667 329.569507 302.536360 276.981122 226.389914 168.150479 115.932739 78.652214 48.161832 20.827354 -7.020636 -38.891333 -68.167244 -88.764741 -82.807941 -76.258883 -67.277544 -80.123052 -92.610448 -99.701593 -114.382731 -128.593596 -142.467576 -134.228809 -124.747178 -109.373594 -105.928669 -102.878397 -96.867846 -98.321018 -100.401127 -106.945319 -97.968085 -88.053824 -75.150617 -49.043364 -23.698693 1.290479 23.638828 46.655973 72.814638 102.077131 133.875989 169.562089 201.025541 232.628843 270.385281 315.062357 361.392577 400.243141 439.228910 475.675555 506.793201 533.673328
317.783003 267.959927 215.587290 159.771248 119.044329 99.861729 60.941717 22.322864 -21.238466 -46.661694 -68.969690 -93.893763 -116.578548 -138.398012 -165.460454 -189.055147 -212.375279 -208.301307 -196.042423 -182.328289 -189.810672 -194.424578 -197.791326 -209.454719 -223.152864 -236.738480 -232.968392 -218.165755 -201.550736 -195.018030 -188.879009 -181.566042 -181.639983 -188.072845 -196.499760 -191.016118 -177.865047 -162.299427 -140.748074 -118.199232 -96.165667 -75.677397 -52.696327 -28.219157 -2.829168 25.172334 55.069204 78.976232 107.796778 139.719962 170.885859 197.689929 227.911260 272.218760 317.043086 363.153996 401.056562
145.773881 109.771014 63.042052 16.073695 -29.403251 -67.017577 -100.999686 -133.587842 -154.545371 -174.470263 -193.482344 -212.336382 -233.043943 -252.891212 -272.594442 -294.600699 -314.419617 -308.879532 -295.001070 -282.104839 -280.130318 -283.119605 -286.176677 -294.206118 -307.926921 -319.852190 -311.640526 -295.914676 -280.467032 -270.677910 -264.073861 -257.807921 -260.680533 -269.027732 -276.238852 -268.549195 -253.351527 -238.462961 -220.805340 -199.575007 -178.313441 -157.016107 -134.579163 -111.885424 -86.673823 -60.404178 -33.524989 -7.025055 18.482554 43.976977 59.688954 76.612879 92.437675 118.206063 148.168688 182.608012 220.481560
0.849854 -29.143122 -64.724269 -105.725977 -138.388799 -170.683462 -201.590527 -231.994622 -256.740130 -274.704056 -284.993421 -299.879684 -319.386922 -333.095898 -350.010833 -369.423017 -370.931032 -366.874416 -354.054241 -351.379120 -350.554035 -353.491338 -354.551244 -359.453482 -371.507486 -365.967103 -358.023864 -342.815994 -331.691317 -322.332787 -315.997087 -311.803780 -312.551695 -320.040112 -317.601242 -310.365701 -295.663153 -283.812380 -268.442085 -247.579202 -230.231543 -210.865585 -189.097336 -166.573550 -142.703093 -117.295760 -89.817914 -64.693789 -43.762651 -32.376380 -19.731505 -10.716432 -12.367617 5.573957 25.082045 46.021420 75.465990
