tests/Borden05m/sims/sim_1/output-maps/psiliqL0020N0006.asc
ncols         160
nrows         34
xllcorner     620200.000000
yllcorner     5168000.000000
cellsize      0.500000
NODATA_value  -9999.0
[rows 0 to 24 of 34, columns 55 to 109 of 160]
-9999.0 -9999.0 -9999.0 -9999.0 -9999.0 -9999.0 -9999.0 -9999.0 -9999.0 -9999.0 -9999.0 -9999.0 -9999.0 -9999.0 -9999.0 -9999.0 -9999.0 -9999.0 -9999.0 -9999.0 -9999.0 -9999.0 -9999.0 -9999.0 -9999.0 -9999.0 -9999.0 -9999.0 -9999.0 -9999.0 -9999.0 -9999.0 -9999.0 -9999.0 -9999.0 -9999.0 -9999.0 -9999.0 -9999.0 -9999.0 -9999.0 -9999.0 -9999.0 -9999.0 -9999.0 -9999.0 -9999.0 -9999.0 -9999.0 -9999.0 -9999.0 -9999.0 -9999.0 -9999.0 -9999.0
-9999.0 -9999.0 -9999.0 -9999.0 2235.571795 2230.344663 2225.679420 2221.442364 2213.328985 2204.604930 2197.046292 2193.514769 2193.020385 2192.757852 2192.784774 2198.351437 2206.873981 2214.931694 2222.285858 2224.943304 2227.597925 2229.904735 2230.540456 2229.663710 2226.772534 2223.863669 2220.790406 2219.461007 2212.043645 2201.052359 2192.728513 2190.169136 2194.548854 2198.974393 2201.424627 2206.798111 2217.120241 2227.455976 2235.449202 2247.098158 2252.975571 2257.630825 2259.803057 2255.182560 2251.247770 2246.914771 2240.968662 2229.741415 -9999.0 -9999.0 -9999.0 -9999.0 -9999.0 -9999.0 -9999.0
2181.072800 2200.196380 2221.037989 2224.392600 2212.700923 2207.861930 2204.990223 2203.580245 2199.535197 2191.493931 2186.861672 2181.973747 2180.239721 2180.826432 2181.353411 2185.774817 2196.781763 2205.124233 2210.182163 2213.119849 2216.148735 2215.444621 2215.062702 2215.080846 2212.480465 2209.307916 2206.211634 2204.672305 2205.931993 2198.598395 2193.060300 2189.550012 2187.283887 2189.940737 2192.485582 2196.421235 2205.526552 2213.224519 2220.831848 2234.994446 2247.235239 2252.118626 2248.967808 2243.561151 2239.151319 2231.585789 2220.877480 2210.547340 2201.901652 2194.994085 2188.881227 2181.967170 2187.292767 2193.661177 2202.346357
2166.347505 2186.119358 2206.902908 2209.954177 2199.696366 2192.050295 2186.479805 2187.347379 2190.953649 2188.170640 2184.035954 2178.123768 2187.994256 2189.698691 2191.190060 2195.016222 2198.044826 2202.751503 2205.746348 2211.437761 2220.679739 2223.704027 2224.457805 2224.831495 2223.208318 2220.309790 2218.724991 2216.261069 2211.328534 2210.138040 2210.324596 2209.702436 2214.302279 2215.835532 2218.215103 2212.092130 2215.911616 2221.830867 2228.325805 2233.867744 2239.709186 2242.273986 2238.304634 2237.485267 2228.370714 2213.992250 2203.009238 2194.573276 2193.331115 2189.578612 2180.852315 2166.663091 2173.414990 2188.249306 2191.963813
2173.914844 2183.630810 2195.322892 2198.574464 2194.039063 2196.350892 2198.595654 2200.521353 2199.419519 2196.788087 2194.179206 2206.187547 2215.589175 2217.789643 2221.076524 2225.518815 2226.361127 2215.588896 2213.841072 2221.922411 2232.132627 2237.830972 2238.312463 2238.381160 2235.767519 2235.011904 2235.076466 2233.462099 2233.885602 2236.171610 2235.142698 2239.111667 2244.878057 2248.226632 2241.684763 2232.804887 2234.192671 2242.074375 2250.547084 2257.590319 2267.382198 2277.691768 2276.567564 2270.681932 2261.036554 2247.140440 2223.280154 2203.978308 2192.115536 2183.508036 2175.231139 2175.722232 2170.626184 2182.098819 2182.699275
2169.575266 2189.357771 2210.625711 2218.111983 2212.842926 2209.190381 2207.953386 2209.352458 2209.645372 2212.039345 2223.242935 2236.735809 2250.444930 2253.600815 2256.440244 2256.124656 2248.328559 2238.590572 2235.928507 2250.346305 2267.416877 2275.839528 2276.206279 2273.901583 2279.119745 2278.959626 2278.871157 2275.276527 2277.069705 2276.902196 2284.798035 2292.793699 2300.604885 2299.197987 2286.946578 2274.886389 2273.890692 2277.761031 2282.606767 2288.995827 2298.478862 2307.049636 2301.213978 2294.165684 2284.532180 2256.395927 2230.308895 2213.666808 2212.626578 2211.802186 2205.878057 2201.998736 2198.649726 2191.871964 2190.449589
2215.641234 2236.834265 2258.145169 2273.376699 2268.315575 2261.458848 2253.092056 2254.316548 2256.794422 2264.548222 2277.023903 2292.848540 2316.526877 2318.414510 2320.855177 2322.034991 2310.679021 2298.594636 2288.693997 2309.257075 2320.357522 2328.472253 2328.235229 2335.928507 2345.558973 2342.031193 2335.495739 2324.871300 2331.374277 2340.893863 2356.508216 2364.333376 2369.237362 2366.359090 2353.779803 2347.356666 2347.202080 2351.219160 2350.159417 2356.179518 2364.813765 2378.841589 2376.868850 2369.801229 2347.556893 2309.437725 2276.323691 2258.390068 2265.648958 2257.802215 2249.342772 2245.877683 2231.861621 2221.346121 2221.134318
2264.361985 2281.265271 2299.684592 2317.999807 2312.067217 2302.730506 2288.755232 2287.824879 2294.511140 2305.609048 2324.786652 2345.979425 2368.613150 2372.673633 2371.432186 2381.609495 2375.936439 2366.632758 2359.464405 2376.531757 2387.923045 2398.951342 2406.897229 2419.986290 2431.398597 2418.725457 2404.701364 2397.448371 2404.277039 2427.693891 2448.243558 2453.717532 2454.149406 2455.120893 2442.769103 2437.003155 2431.956625 2429.285779 2424.553464 2420.897265 2441.923564 2460.012464 2457.979985 2434.463449 2409.920755 2370.866899 2331.759344 2302.110237 2307.011820 2302.173501 2301.619182 2287.423653 2272.091137 2258.601892 2250.551813
2337.210229 2363.687357 2383.306193 2405.690423 2402.396852 2383.510898 2372.421123 2376.995823 2391.029183 2399.633392 2417.604743 2438.900579 2468.157153 2485.446612 2501.330595 2507.073902 2499.568633 2491.423631 2479.573368 2482.043852 2503.404106 2516.737708 2526.958934 2537.036594 2550.101129 2553.483187 2549.255660 2548.774640 2553.346616 2564.480845 2577.026162 2584.383004 2588.828116 2592.092542 2583.242578 2571.695128 2568.295789 2561.067832 2556.658274 2554.299729 2560.656162 2575.654337 2571.785535 2538.850033 2510.232201 2474.092402 2434.879011 2402.972945 2389.716222 2400.671648 2392.608079 2373.579027 2356.892822 2324.784661 2312.156594
2428.860472 2464.466879 2491.751656 2506.502313 2518.243184 2509.429483 2510.139799 2515.153463 2523.917386 2528.903167 2536.993347 2570.119965 2604.330951 2632.006172 2656.326451 2665.212070 2654.538521 2645.468345 2633.411318 2625.032477 2633.551703 2650.326864 2668.177413 2683.974616 2695.736171 2699.003113 2697.956460 2698.805912 2702.336270 2705.924492 2710.362788 2718.526678 2726.875297 2739.000401 2748.839386 2740.061906 2720.500758 2709.335888 2697.610933 2694.207524 2693.478659 2693.793277 2693.162188 2679.256820 2640.609885 2608.738659 2575.902855 2550.435187 2531.561660 2522.527092 2500.372060 2474.744265 2423.852315 2383.289018 2348.206580
2539.043410 2583.314806 2614.055388 2635.969490 2651.199729 2652.072921 2655.139337 2657.775668 2663.351344 2667.956572 2673.661978 2699.418159 2742.432283 2782.047358 2813.476620 2816.027095 2805.014468 2794.810552 2785.802068 2773.781997 2770.731362 2781.736091 2795.671913 2814.429187 2825.626316 2833.390922 2829.666900 2830.547063 2834.237583 2835.388013 2837.904661 2841.598414 2850.918554 2865.499251 2878.806452 2878.571605 2861.703820 2845.757963 2829.040160 2824.051940 2819.485319 2813.486726 2813.902465 2814.015160 2800.449223 2769.939547 2727.772057 2684.577865 2661.440862 2641.267884 2626.797626 2608.555540 2572.144378 2508.859123 2470.925216
2672.085499 2705.469951 2739.414535 2771.739487 2789.319214 2794.886514 2794.422676 2795.315549 2803.138483 2808.138829 2816.288531 2831.711548 2861.133062 2894.555484 2923.614420 2940.468658 2935.124505 2920.224509 2900.886189 2893.707705 2892.061855 2895.424184 2904.000475 2915.007250 2932.966856 2951.094662 2802.616230 2803.509701 2956.758726 2803.276424 2802.315182 2802.437337 2804.581487 2811.466339 2820.100184 2823.123474 2819.061891 2958.562609 2936.306422 2923.419830 2915.705418 2911.372165 2910.376280 2912.847300 2913.203742 2898.420486 2865.865404 2823.066595 2790.084789 2770.155992 2753.156003 2733.713366 2718.817815 2688.777591 2666.301852
2800.666966 2817.376271 2846.515717 2875.514257 2897.840736 2913.690560 2916.176456 2920.797856 2926.049882 2934.955465 2950.764331 2814.232445 2828.528390 2848.464255 2872.538694 2887.059454 2892.421220 2891.591564 2888.749316 2890.219310 2890.527112 2843.328132 2848.250628 2853.132707 2866.060933 2878.342555 2880.377979 2880.893654 2881.342385 2880.564678 2881.160428 2881.210613 2880.898652 2882.261920 2886.101218 2887.561476 2885.776347 2878.098598 2889.936435 2871.346879 2858.661396 2850.837483 2842.884345 2834.560062 2825.150173 2817.888437 2963.063332 2932.925325 2898.150636 2874.494902 2863.241029 2854.098826 2843.689600 2835.325798 2816.478648
2912.569851 2925.240861 2943.862091 2966.488043 2832.098385 2850.853478 2861.632985 2870.424653 2874.997224 2888.028400 2903.074190 2889.264837 2895.543920 2902.060765 2908.519120 2910.731650 2911.357079 2911.054532 2908.744456 2908.157936 2906.083692 2902.163777 2892.182891 2893.749626 2895.509032 2898.074677 2901.692752 2900.507097 2901.566592 2904.507087 2902.911120 2897.186329 2893.387248 2891.857958 2892.649366 2899.934560 2903.263445 2904.174924 2901.838433 2901.052960 2900.328112 2897.774491 2894.558639 2889.997067 2884.135532 2894.045482 2885.349895 2859.616572 2825.418157 2957.793393 2946.181895 2943.470142 2941.371433 2936.956510 2928.906151
2866.801842 2879.623708 2893.528895 2879.481150 2893.966922 2902.622989 2906.681170 2910.069803 2912.604045 2914.798907 2911.659918 2908.434101 2903.636471 2902.181048 2900.825258 2898.378914 2898.968547 2897.030784 2893.033923 2889.230154 2881.976297 2870.837337 2859.646423 2856.526199 2860.918865 2866.237082 2870.993880 2874.874921 2878.405170 2878.885926 2873.804424 2865.746446 2858.517348 2856.810787 2863.505941 2869.166159 2875.148579 2875.977763 2874.666690 2872.477956 2872.515798 2869.691493 2870.082217 2876.872744 2890.864766 2894.793985 2899.232417 2898.543721 2885.944376 2865.618042 2869.254204 2849.706116 2854.685720 2850.157118 2838.946661
2904.224804 2906.423063 2905.273233 2903.950128 2897.814615 2891.921114 2891.152227 2895.028080 2901.861913 2902.924564 2895.873996 2887.445499 2880.343917 2873.207733 2870.923467 2870.012995 2869.535518 2869.813712 2864.526004 2855.938569 2842.233834 2830.742474 2819.647827 2813.668687 2810.638499 2814.652359 2825.167664 2836.130656 2840.941584 2832.796116 2824.868785 2813.695644 2805.765059 2806.188237 2807.778610 2817.050670 2832.606538 2838.923211 2839.751358 2834.002781 2828.505575 2822.332508 2819.825011 2826.435275 2841.457356 2854.768724 2869.347231 2877.971745 2885.432986 2892.208246 2892.807778 2894.855186 2895.967196 2894.303181 2895.498173
2898.644062 2891.946408 2885.241646 2880.131924 2873.677298 2868.249545 2866.427362 2868.443269 2870.672987 2866.816670 2860.289628 2852.782018 2841.812790 2832.086634 2825.007201 2825.796853 2827.928348 2829.180630 2822.292085 2809.936340 2955.310096 2940.869321 2925.751934 2920.505561 2913.840120 2906.559786 2915.891210 2933.734810 2940.238664 2925.350175 2915.265343 2901.106089 2894.898007 2892.040190 2893.944506 2903.964864 2926.373861 2949.805947 2953.344112 2945.154407 2937.355934 2935.258915 2934.806649 2942.350076 2961.260879 2805.432946 2818.178768 2828.165115 2833.626900 2841.538233 2850.934322 2861.553972 2875.497334 2887.144496 2893.310701
2874.532114 2866.864723 2859.273299 2851.749463 2844.904977 2841.432939 2837.105312 2834.948022 2831.406813 2825.261462 2820.714410 2970.004227 2955.433268 2940.543553 2923.921518 2918.120974 2912.227325 2911.932108 2899.291981 2889.450983 2872.745029 2856.212053 2838.741594 2825.032796 2817.851366 2810.280472 2809.969261 2823.434898 2831.659163 2820.600856 2810.947985 2799.945741 2795.431673 2792.889503 2796.038803 2807.476009 2829.355620 2849.442217 2859.293953 2854.190543 2854.168409 2856.622828 2858.239785 2866.920674 2881.371042 2901.053047 2924.993755 2945.192447 2957.226761 2966.579950 2977.817377 2811.298345 2822.517586 2836.534580 2853.936311
2844.229065 2837.773389 2827.992456 2818.458095 2810.778072 2974.586110 2966.034849 2965.332044 2956.051351 2946.862588 2923.952385 2870.747897 2847.649250 2826.220676 2807.712946 2798.918584 2788.707196 2774.024195 2763.610512 2756.886934 2754.189417 2737.744842 2716.011863 2697.212982 2690.698633 2685.602640 2670.557449 2668.877415 2669.974943 2681.243974 2674.874670 2672.245822 2673.151900 2671.519983 2674.562102 2688.877876 2699.720378 2708.864269 2717.585662 2722.475871 2734.443218 2747.643552 2758.948234 2778.609950 2793.394158 2812.357298 2836.150121 2864.491379 2882.231959 2894.604667 2907.652324 2924.376994 2942.722705 2962.102517 2985.794757
2814.762158 2973.696282 2957.673393 2941.154094 2925.965894 2911.895229 2894.471127 2892.690626 2886.451457 2872.985007 2819.219414 2773.838692 2734.282879 2713.434663 2687.432817 2671.865176 2654.788602 2619.053762 2601.150483 2596.982724 2606.556531 2599.481278 2583.169677 2569.292869 2559.076386 2549.579673 2532.796345 2517.175944 2522.273681 2538.158440 2537.177174 2538.972171 2545.942036 2545.720007 2541.269229 2542.928939 2557.325328 2565.596011 2578.357406 2595.994968 2603.174100 2619.000794 2652.743422 2669.123794 2687.557776 2710.088846 2734.674106 2763.583127 2789.419302 2806.855536 2825.292990 2847.424074 2867.222589 2890.318532 2915.378914
2930.358154 2900.245064 2877.576695 2857.509247 2835.408065 2807.706518 2784.029223 2777.992351 2767.521235 2737.766043 2680.773819 2639.584361 2611.264278 2586.426769 2560.090068 2535.333223 2498.498351 2463.149462 2440.430835 2450.789528 2459.120023 2465.387494 2452.050596 2439.456028 2428.570224 2411.200711 2394.188021 2379.062250 2388.775578 2397.216058 2412.261647 2418.162256 2422.468336 2427.758929 2427.301991 2420.011336 2420.102084 2430.014734 2441.911817 2455.458300 2476.341882 2512.941486 2540.559247 2561.467801 2585.335238 2608.393584 2633.837468 2660.090141 2686.214009 2706.883702 2729.264010 2754.888628 2779.985292 2803.370830 2830.317624
2841.116078 2810.765091 2781.359834 2754.582347 2718.135857 2670.994143 2652.368908 2639.667028 2617.526328 2570.877876 2526.238088 2496.098505 2476.303394 2449.947992 2425.465627 2395.104331 2360.811944 2336.122772 2314.538779 2322.313538 2330.171602 2345.844175 2334.956740 2325.597873 2320.536642 2304.653088 2290.559326 2274.443459 2280.911838 2292.100740 2313.278008 2318.818394 2323.098145 2332.155858 2332.049830 2329.173201 2315.992371 2324.789178 2337.032793 2353.187361 2384.724101 2409.826339 2435.093729 2459.239330 2481.962925 2508.215775 2534.737635 2561.678600 2591.787763 2615.344483 2638.182079 2662.916662 2686.464895 2706.424839 2728.509895
2714.777820 2687.402646 2663.631522 2636.234245 2593.148171 2546.025562 2503.249457 2477.208606 2427.208502 2389.750228 2361.597175 2352.396901 2335.734996 2312.650520 2290.657697 2268.568856 2243.913625 2222.657727 2196.992008 2200.781723 2214.373474 2229.352371 2227.267403 2225.814259 2223.059750 2212.515427 2198.562860 2184.654196 2188.137497 2204.445137 2222.065789 2231.377888 2239.049438 2247.207338 2247.705378 2239.923348 2231.412831 2237.581885 2253.766347 2271.663479 2292.084534 2314.965710 2338.188552 2360.842020 2385.719961 2411.039277 2437.070693 2465.367102 2496.678487 2521.463361 2548.887721 2577.248273 2598.972847 2613.132324 2627.168259
2595.559321 2572.499864 2546.000004 2515.705118 2470.592102 2427.503849 2383.756769 2336.973020 2301.261066 2268.960124 2256.104999 2237.687569 2221.036106 2203.635251 2181.720022 2163.167312 2146.026270 2123.665364 2110.038449 2115.778022 2128.273881 2136.755916 2141.438480 2138.438241 2135.355714 2128.652524 2114.508785 2108.021876 2117.338929 2132.527501 2146.684054 2157.923465 2165.042070 2170.893844 2168.485274 2160.293864 2157.063253 2166.039581 2182.428976 2197.383938 2214.174743 2236.354404 2258.651595 2282.044610 2306.535180 2330.785685 2357.658533 2385.393341 2413.879164 2443.340246 2469.357351 2493.739977 2507.379865 2521.424328 2527.883557
2454.469468 2438.832794 2410.905434 2380.412535 2348.007809 2311.131062 2282.599214 2248.824641 2216.673487 2185.563459 2158.393093 2142.927024 2134.047290 2119.273275 2100.500738 2087.685853 2070.965184 2057.586497 2060.767764 2061.923988 2070.427716 2069.065673 2069.371502 2066.301805 2065.144611 2061.875640 2053.929905 2063.879479 2070.668028 2084.463008 2094.793324 2104.535940 2110.704243 2114.772153 2115.858402 2111.361811 2116.951705 2124.036179 2138.692584 2150.809244 2165.672923 2186.763845 2204.823002 2225.146055 2248.969751 2273.542387 2299.308121 2326.873492 2356.691703 2383.604636 2404.524485 2414.895654 2427.671400 2434.072286 2428.566293
