tests/Borden05m/sims/sim_1/output-maps/psiliqL0006N0008.asc
ncols         160
nrows         34
xllcorner     620200.000000
yllcorner     5168000.000000
cellsize      0.500000
NODATA_value  -9999.0
[rows 0 to 24 of 34, columns 0 to 55 of 160]
-9999.0 -9999.0 -9999.0 -9999.0 -9999.0 -9999.0 -9999.0 -9999.0 -9999.0 -9999.0 -9999.0 -9999.0 -9999.0 -9999.0 -9999.0 -9999.0 -9999.0 -9999.0 -9999.0 -9999.0 -9999.0 -9999.0 -9999.0 -9999.0 -9999.0 -9999.0 -9999.0 -9999.0 -9999.0 -9999.0 -9999.0 -9999.0 -9999.0 -9999.0 -9999.0 -9999.0 -9999.0 -9999.0 -9999.0 -9999.0 -9999.0 -9999.0 -9999.0 -9999.0 -9999.0 -9999.0 -9999.0 -9999.0 -9999.0 -9999.0 -9999.0 -9999.0 -9999.0 -9999.0 -9999.0 -9999.0
-9999.0 -9999.0 -9999.0 -9999.0 -9999.0 -9999.0 -9999.0 -9999.0 -9999.0 -9999.0 -9999.0 -9999.0 -9999.0 -9999.0 -9999.0 -9999.0 -9999.0 -9999.0 -9999.0 -9999.0 -9999.0 -9999.0 -9999.0 -9999.0 -9999.0 -9999.0 -9999.0 -9999.0 -9999.0 -9999.0 -9999.0 -9999.0 -9999.0 -9999.0 -9999.0 -9999.0 -9999.0 -9999.0 -9999.0 -9999.0 -9999.0 -9999.0 -9999.0 -9999.0 -9999.0 -9999.0 -9999.0 -9999.0 -9999.0 -9999.0 -9999.0 -9999.0 -9999.0 -9999.0 -9999.0 -9999.0
-9999.0 -9999.0 -9999.0 -9999.0 -9999.0 -9999.0 -9999.0 -9999.0 -9999.0 -9999.0 -9999.0 -9999.0 -9999.0 -9999.0 -9999.0 -9999.0 -9999.0 -9999.0 -9999.0 -9999.0 -9999.0 -9999.0 -9999.0 -9999.0 -9999.0 -9999.0 -9999.0 -9999.0 -9999.0 -9999.0 -9999.0 -9999.0 -9999.0 -9999.0 -9999.0 -9999.0 -9999.0 -9999.0 -9999.0 -9999.0 -9999.0 -9999.0 -9999.0 -9999.0 -9999.0 -9999.0 -9999.0 -696.848553 -714.437495 -731.747124 -733.264941 -710.592565 -687.753060 -664.721091 -644.849785 -626.705320
-9999.0 -9999.0 -9999.0 -9999.0 -9999.0 -9999.0 -9999.0 -9999.0 -9999.0 -9999.0 -9999.0 -9999.0 -9999.0 -9999.0 -9999.0 -9999.0 -9999.0 -9999.0 -9999.0 -9999.0 -9999.0 -9999.0 -9999.0 -9999.0 -9999.0 -9999.0 -9999.0 -9999.0 -9999.0 -9999.0 -9999.0 -9999.0 -9999.0 -9999.0 -9999.0 -9999.0 -9999.0 -9999.0 -9999.0 -9999.0 -649.680050 -643.984526 -642.309263 -653.510885 -665.012299 -676.695815 -696.532309 -714.484361 -730.530508 -733.774893 -731.513967 -725.772647 -702.905780 -679.462331 -660.726166 -643.732636
-9999.0 -9999.0 -9999.0 -9999.0 -9999.0 -9999.0 -9999.0 -9999.0 -9999.0 -9999.0 -9999.0 -9999.0 -9999.0 -9999.0 -9999.0 -9999.0 -9999.0 -9999.0 -9999.0 -9999.0 -9999.0 -9999.0 -9999.0 -9999.0 -9999.0 -9999.0 -9999.0 -9999.0 -9999.0 -9999.0 -9999.0 -9999.0 -9999.0 -9999.0 -740.013240 -722.603068 -704.903046 -687.138938 -671.088981 -664.930193 -659.251025 -653.613208 -657.811173 -662.984436 -674.518764 -692.938464 -712.889410 -727.571128 -730.745367 -733.757077 -729.688110 -716.854696 -700.839856 -684.902964 -664.667285 -642.509955
-9999.0 -9999.0 -9999.0 -9999.0 -9999.0 -9999.0 -9999.0 -9999.0 -9999.0 -9999.0 -9999.0 -9999.0 -9999.0 -9999.0 -9999.0 -9999.0 -9999.0 -9999.0 -9999.0 -9999.0 -9999.0 -9999.0 -9999.0 -9999.0 -9999.0 -9999.0 -9999.0 -9999.0 -734.440545 -740.550677 -746.079888 -747.945669 -749.618083 -751.250750 -744.564685 -732.412713 -714.381479 -693.560479 -681.413146 -674.791858 -668.770654 -668.305759 -673.356461 -676.042284 -676.332083 -688.226405 -700.100110 -711.263928 -722.045883 -723.450929 -714.389695 -701.340820 -686.206512 -672.324379 -657.976470 -644.733239
-9999.0 -9999.0 -9999.0 -9999.0 -9999.0 -9999.0 -9999.0 -9999.0 -9999.0 -9999.0 -9999.0 -9999.0 -9999.0 -9999.0 -9999.0 -9999.0 -9999.0 -9999.0 -9999.0 -9999.0 -9999.0 -9999.0 -9999.0 -762.591967 -756.537640 -750.372781 -743.446780 -742.937377 -747.683978 -753.757090 -757.427885 -759.471755 -761.398933 -757.529257 -749.389516 -736.100801 -720.682813 -699.854896 -691.859606 -685.481059 -673.468020 -672.050026 -668.336055 -664.926631 -667.340753 -670.352445 -682.389359 -691.346646 -685.689090 -679.902935 -674.410041 -667.998749 -656.091026 -641.259744 -624.279908 -604.411318
-9999.0 -9999.0 -9999.0 -9999.0 -9999.0 -9999.0 -9999.0 -9999.0 -9999.0 -9999.0 -9999.0 -9999.0 -9999.0 -9999.0 -9999.0 -9999.0 -9999.0 -9999.0 -9999.0 -786.721940 -786.151238 -785.540510 -781.349765 -780.558531 -778.566309 -771.900373 -764.162349 -762.644259 -764.549076 -766.785830 -765.719185 -763.580491 -760.029989 -748.961886 -735.664784 -722.159150 -708.532668 -688.450152 -674.434854 -661.024186 -645.514833 -647.930938 -653.283513 -656.319989 -656.622062 -656.501976 -650.172685 -646.635763 -641.901020 -636.301985 -629.851980 -622.138038 -612.772136 -595.304268 -575.946550 -556.478288
-9999.0 -9999.0 -9999.0 -9999.0 -9999.0 -9999.0 -9999.0 -9999.0 -9999.0 -9999.0 -9999.0 -9999.0 -9999.0 -9999.0 -9999.0 -9999.0 -814.307896 -812.677934 -810.949499 -805.969695 -804.040069 -800.498357 -794.094954 -793.543341 -790.064086 -783.446742 -778.872359 -771.019657 -763.839729 -757.042332 -751.703159 -749.606483 -742.350851 -733.302387 -722.059919 -706.934906 -685.649943 -664.079999 -648.729381 -633.104333 -617.396218 -618.117908 -620.200680 -619.963100 -619.816990 -611.957015 -594.243634 -588.741400 -585.377814 -566.430660 -552.893563 -548.358995 -542.315916 -525.680219 -502.827711 -475.848451
-9999.0 -9999.0 -9999.0 -9999.0 -9999.0 -9999.0 -9999.0 -9999.0 -9999.0 -9999.0 -9999.0 -9999.0 -9999.0 -857.202459 -853.247526 -844.588096 -837.299682 -835.591308 -832.280762 -827.222217 -815.566177 -812.581746 -806.855582 -799.703707 -789.080946 -781.202196 -772.523468 -761.389205 -753.518795 -746.971807 -740.470173 -734.086395 -720.832537 -706.066318 -690.806551 -671.401995 -651.042097 -630.897102 -610.734360 -597.172841 -583.908143 -580.784374 -583.930071 -583.482288 -575.927480 -558.024208 -539.615409 -526.747934 -504.307560 -480.397420 -465.519423 -451.737419 -442.496708 -430.127409 -408.118212 -363.018306
-9999.0 -9999.0 -9999.0 -9999.0 -9999.0 -9999.0 -9999.0 -9999.0 -9999.0 -9999.0 -892.939986 -890.360174 -894.023371 -893.020357 -888.939541 -877.608014 -865.148966 -858.536257 -848.023833 -828.264875 -812.040035 -809.118529 -794.743890 -785.531356 -779.683091 -769.554607 -757.095142 -744.698988 -727.905635 -715.943234 -703.661744 -683.336234 -667.869349 -652.664308 -636.283034 -618.105166 -598.000028 -568.541901 -542.264714 -528.772572 -504.683388 -490.005007 -494.413882 -495.337565 -488.603663 -470.195675 -444.021093 -412.608867 -382.482551 -342.374551 -306.466579 -280.523484 -259.841833 -233.164655 -190.043319 -81.758299
-9999.0 -9999.0 -9999.0 -9999.0 -9999.0 -9999.0 -9999.0 -9999.0 -916.413639 -910.005051 -903.823678 -907.102059 -912.186474 -915.383269 -903.104840 -887.788818 -872.436891 -856.296734 -841.000482 -823.996588 -808.911156 -792.836342 -774.526401 -763.397458 -752.203652 -737.893084 -725.026446 -707.652128 -687.303151 -672.895212 -654.148282 -633.452876 -615.021657 -598.488533 -581.747431 -564.932340 -536.731651 -502.934954 -470.195458 -443.473635 -413.120925 -383.302996 -381.009204 -375.592658 -366.876640 -327.703569 -273.895533 -200.379963 -89.620442 -9.492766 35.918152 56.902433 68.724717 83.445692 105.919266 139.053593
-9999.0 -9999.0 -9999.0 -9999.0 -9999.0 -9999.0 -941.200680 -917.435080 -903.101727 -911.059056 -918.590376 -921.960387 -925.401584 -908.401406 -887.857023 -871.785453 -855.861035 -839.379492 -823.944459 -809.218468 -774.305983 -759.470503 -745.191531 -725.667279 -712.893567 -700.111033 -683.844251 -661.265753 -638.901776 -606.480139 -576.575647 -550.066032 -524.618143 -505.789050 -488.029204 -468.461405 -434.700040 -391.483090 -340.619353 -289.087997 -232.564366 -159.060706 -116.356649 -76.460948 -26.191230 9.112211 47.125774 86.793094 138.020034 182.147326 208.829707 217.593762 222.964244 228.952338 237.266146 246.872512
-9999.0 -9999.0 -9999.0 -9999.0 -974.177232 -953.483067 -932.957158 -902.395035 -880.140780 -886.015456 -878.725477 -878.253845 -879.569179 -878.051572 -873.372246 -856.216748 -839.626991 -823.010782 -804.713000 -766.668109 -727.129706 -711.191339 -684.664474 -653.741839 -640.955703 -627.568877 -613.751320 -592.020112 -562.829494 -528.138802 -479.900871 -437.446202 -407.598635 -379.081579 -350.223824 -313.001482 -255.126000 -155.885940 -30.890082 30.393894 71.362353 103.592980 126.300694 145.561507 170.236140 190.325520 208.046716 226.741604 245.188707 263.819533 276.766767 282.718784 284.383649 287.929466 292.272583 298.320063
-9999.0 -9999.0 -9999.0 -1019.634487 -981.545382 -945.490170 -918.093458 -887.502486 -856.601829 -849.836623 -842.226629 -835.472787 -828.464794 -819.842423 -809.730267 -794.498451 -782.128066 -771.649605 -752.159886 -716.698212 -681.471665 -647.366056 -616.453938 -586.053856 -563.560080 -549.074118 -534.009275 -510.309640 -469.826563 -425.401855 -359.917098 -276.856158 -192.123429 -103.308644 -29.676725 15.230292 49.963997 99.187399 153.725265 191.416399 218.536093 233.887324 246.021855 251.250357 257.572381 262.391405 270.702549 279.485837 287.300760 299.639812 312.346628 322.024563 326.737036 329.359613 337.843379 348.594751
-9999.0 -9999.0 -1065.426778 -1029.139530 -993.478508 -941.368982 -889.444308 -856.855444 -816.569131 -791.233873 -784.323270 -765.465973 -748.645004 -740.333794 -723.494935 -706.740022 -695.947971 -694.733968 -684.835926 -648.847075 -595.485981 -546.626291 -511.011000 -451.449928 -414.736832 -390.646092 -375.577047 -342.528583 -291.112362 -188.067161 -43.523273 31.607868 84.394132 130.683432 161.057582 184.401161 207.216536 224.769586 246.100713 262.344093 276.356833 287.207354 297.576262 300.996911 302.145782 309.150849 319.374882 329.561298 340.869687 354.572324 365.988776 365.590022 365.141636 364.455230 364.033068 364.372046
-9999.0 -9999.0 -1089.459728 -1046.098263 -1002.210020 -930.518994 -857.173766 -819.731445 -777.115940 -734.080643 -715.539444 -693.105383 -672.656314 -652.874492 -630.211818 -606.757897 -605.444849 -604.595293 -606.738071 -554.217831 -495.648520 -422.959684 -321.416830 -210.297018 -103.692973 -63.056045 -34.958570 -6.775194 24.813488 80.076727 146.766440 197.245492 231.875488 251.476043 261.637610 271.243707 282.258859 291.205244 298.024819 315.590621 323.808826 333.710151 349.902240 364.908273 370.310689 369.305721 366.002454 365.303251 364.849374 364.529545 363.473422 360.063271 358.733296 359.090802 360.173122 355.574757
-9999.0 -1174.435605 -1122.860569 -1068.176093 -996.759106 -926.360182 -838.935375 -758.006635 -711.357494 -672.011984 -645.176243 -624.722019 -567.175083 -516.766085 -490.065218 -458.989028 -463.684455 -468.969683 -478.626832 -433.956867 -359.441003 -182.239463 10.320178 86.892900 135.502394 151.839055 156.644119 172.337435 194.578720 225.167448 263.767086 285.780804 309.464628 326.560054 331.329919 332.189422 343.494227 357.299080 366.868647 369.404119 369.260355 368.507810 364.133151 364.188301 363.948924 364.156205 360.763926 354.948865 347.572956 342.737446 339.302724 335.300143 337.815859 341.297877 343.241893 337.757018
-9999.0 -1207.639254 -1146.934088 -1073.745132 -1001.040069 -919.246328 -802.789384 -680.629591 -638.068522 -606.741603 -577.324912 -525.546337 -429.750247 -341.792366 -280.832091 -204.755691 -211.987452 -240.532315 -238.705501 -143.265639 -34.764847 60.599470 187.951220 255.963082 264.287889 274.059122 280.527257 294.957553 312.166280 326.694983 339.727921 353.761283 356.735658 356.431806 356.268892 356.424150 356.937629 357.159482 353.878592 350.487249 346.037131 345.971637 349.200795 348.905227 346.722064 344.650253 340.149517 333.767482 329.561603 327.486799 326.786873 325.628974 325.536886 327.137215 325.844284 324.106677
-9999.0 -1228.998033 -1160.855607 -1093.984966 -1015.777215 -885.590754 -765.837487 -641.516094 -556.998304 -522.392653 -466.665941 -347.298809 -123.781853 10.013427 64.984507 88.176444 93.404306 80.311117 93.604757 142.845089 205.684501 260.429217 297.058157 337.105534 343.196232 344.554743 342.019334 344.277463 345.854718 345.455944 344.725879 342.744633 346.235312 347.741501 346.484123 343.984500 340.004531 333.337909 329.396972 327.961351 326.630016 327.318615 329.749561 330.340794 329.272082 327.746558 326.184559 324.137905 322.203105 319.988334 319.639685 318.806331 318.930422 317.524649 316.332926 315.540562
-9999.0 -1309.754287 -1228.055863 -1162.546748 -1017.913484 -857.134329 -736.017510 -583.814333 -457.194110 -401.044004 -238.781039 -12.999402 128.649019 201.886590 231.032171 253.702607 265.893191 277.666280 295.187091 299.953719 330.488495 349.481784 350.960330 349.792952 342.274715 343.070980 337.667887 323.548039 318.262332 314.628465 316.110998 320.843138 324.316926 328.259596 326.691407 327.107021 327.122391 325.804170 325.416585 322.220057 319.308539 317.322093 317.370352 322.003129 319.033833 317.971403 316.179905 313.733791 311.093706 308.870284 306.529355 304.202221 304.167611 302.024820 303.538615 302.298345
-9999.0 -1390.346190 -1310.431968 -1198.545968 -1040.090725 -877.580360 -724.825942 -555.301643 -368.167540 -189.223650 5.973009 123.202143 212.337279 261.061180 295.777132 310.031996 318.494451 320.297875 320.572554 320.301769 301.552691 296.971727 305.097670 317.522786 321.465221 323.452500 318.427368 313.201617 311.435507 312.897008 313.159041 313.455318 313.301235 312.319142 310.155476 310.936792 314.405284 312.392368 310.222963 308.725796 307.439274 304.408827 301.892403 300.311624 299.392719 300.269763 297.102642 292.769682 288.805216 286.475751 283.884908 281.988875 282.488571 281.163857 278.480853 273.187532
-9999.0 -1471.573265 -1359.618986 -1252.004141 -1109.275239 -967.508029 -826.250291 -657.813761 -497.389054 -222.673275 63.436908 162.297515 208.873800 240.357109 277.506114 310.159798 311.280444 290.950267 276.197513 268.634172 271.111105 276.780731 283.940351 294.743492 302.845054 307.443415 308.090489 304.327266 297.428844 294.102045 292.651215 288.326444 285.058782 285.306934 283.904707 287.032420 289.727922 285.506378 280.696682 274.622568 269.032672 264.149075 262.026578 261.510455 260.139598 257.277216 252.155550 245.528951 237.956693 231.733255 227.708626 225.240485 222.202858 216.971625 208.614261 195.787693
-9999.0 -9999.0 -1426.237148 -1313.169487 -1193.390647 -1061.760947 -927.434448 -767.643850 -614.809715 -422.418675 -219.697168 -24.198365 55.054947 108.489629 177.340939 221.927920 229.568777 238.856268 224.323382 226.660676 230.591973 234.939959 243.224308 253.002521 262.478187 268.503949 272.497948 271.653919 265.233190 253.244222 239.521029 229.930156 224.571532 220.397410 225.050820 231.627608 230.448072 227.654038 222.590596 215.010762 207.039354 194.661825 186.842965 180.916519 174.872555 165.756363 153.571068 132.966119 113.609684 97.573168 90.083673 83.470772 77.167685 65.455079 51.161481 30.213304
-9999.0 -9999.0 -1506.948506 -1394.222250 -1269.640706 -1141.530835 -1029.182719 -908.561191 -748.052607 -627.976206 -529.934603 -435.084864 -346.150233 -239.281204 -84.127347 -4.606209 25.831563 38.286225 44.880738 57.870236 78.890947 104.263554 130.809245 158.767268 182.786525 198.263256 207.252509 195.269520 177.242644 145.286128 108.909349 78.813160 64.252557 57.595843 60.585366 66.709539 61.811820 52.701403 40.084383 25.092535 11.539011 -5.484277 -21.094100 -38.539135 -50.559335 -67.259637 -90.191783 -131.076034 -174.563230 -203.003927 -223.074937 -238.696517 -248.250008 -265.393159 -285.719726 -302.622055
