tests/Borden05m/sims/sim_1/output-maps/psiliqL0020N0009.asc
ncols         160
nrows         34
xllcorner     620200.000000
yllcorner     5168000.000000
cellsize      0.500000
NODATA_value  -9999.0
[rows 0 to 24 of 34, columns 55 to 109 of 160]
-9999.0 -9999.0 -9999.0 -9999.0 -9999.0 -9999.0 -9999.0 -9999.0 -9999.0 -9999.0 -9999.0 -9999.0 -9999.0 -9999.0 -9999.0 -9999.0 -9999.0 -9999.0 -9999.0 -9999.0 -9999.0 -9999.0 -9999.0 -9999.0 -9999.0 -9999.0 -9999.0 -9999.0 -9999.0 -9999.0 -9999.0 -9999.0 -9999.0 -9999.0 -9999.0 -9999.0 -9999.0 -9999.0 -9999.0 -9999.0 -9999.0 -9999.0 -9999.0 -9999.0 -9999.0 -9999.0 -9999.0 -9999.0 -9999.0 -9999.0 -9999.0 -9999.0 -9999.0 -9999.0 -9999.0
-9999.0 -9999.0 -9999.0 -9999.0 2241.789935 2236.616796 2232.032436 2227.895329 2219.898395 2211.276815 2203.815390 2200.379688 2199.982172 2199.819399 2199.950517 2205.627074 2214.266483 2222.449075 2229.936613 2232.740328 2235.567041 2238.062555 2238.892863 2238.206964 2235.496936 2232.755319 2229.792884 2228.529973 2221.141591 2210.148712 2201.801962 2199.209467 2203.557234 2207.960884 2210.402775 2215.779937 2226.108149 2236.435536 2244.383603 2255.969761 2261.766850 2266.322484 2268.375701 2263.621588 2259.547662 2255.079957 2249.017140 2237.707287 -9999.0 -9999.0 -9999.0 -9999.0 -9999.0 -9999.0 -9999.0
2186.986357 2206.165277 2227.065987 2230.499459 2218.905503 2214.150297 2211.369826 2210.059766 2206.119450 2198.176592 2193.637707 2188.840883 2187.198660 2187.880114 2188.506438 2193.033045 2204.152595 2212.618071 2217.812819 2220.906236 2224.113199 2223.602221 2223.417377 2223.625064 2221.196222 2218.167613 2215.168746 2213.681896 2214.953648 2207.599196 2202.017899 2198.455424 2196.142337 2198.769140 2201.305542 2205.253587 2214.381032 2222.093252 2229.687082 2243.798818 2255.965729 2260.755775 2257.490171 2251.952431 2247.405797 2239.703674 2228.869165 2218.412985 2209.602660 2202.550267 2196.303816 2189.267689 2194.483769 2200.755661 2209.356474
2172.216358 2192.045879 2212.897232 2216.031444 2205.869798 2198.322179 2192.854348 2193.826332 2197.533892 2194.843695 2190.793404 2184.960656 2194.910651 2196.698065 2198.278018 2202.198988 2205.329813 2210.150710 2213.277884 2219.125485 2228.549624 2231.772245 2232.727197 2233.289233 2231.827694 2229.051876 2227.540884 2225.100178 2220.144313 2218.892194 2218.992383 2218.276738 2222.795528 2224.277662 2226.651960 2220.561739 2224.436261 2230.410540 2236.936981 2242.471561 2248.257573 2250.745378 2246.671480 2245.726540 2236.483071 2221.967495 2210.849936 2202.281615 2200.902024 2197.017776 2188.168499 2173.868733 2180.524073 2195.275459 2198.919509
2179.653503 2189.423243 2201.185837 2204.525305 2200.093334 2202.517730 2204.878594 2206.916425 2205.914959 2203.366855 2200.824531 2212.888059 2222.342185 2224.602416 2227.958776 2232.479697 2233.409067 2222.734089 2221.103107 2229.330197 2239.718834 2245.619598 2246.306785 2246.562850 2244.098753 2243.441289 2243.543989 2241.906419 2242.248953 2244.406805 2243.220352 2247.026320 2252.649334 2255.889297 2249.370520 2240.562673 2242.058674 2250.053597 2258.600825 2265.701305 2275.503150 2285.773790 2284.562953 2278.555315 2268.772464 2254.741459 2230.769114 2211.352750 2199.377405 2190.661373 2182.284354 2182.691324 2177.527919 2188.948009 2189.508123
2175.020018 2194.839072 2216.166176 2223.740154 2218.583929 2215.060314 2213.956036 2215.477321 2215.868454 2218.328385 2229.565845 2243.067244 2256.764493 2259.935106 2262.812117 2262.554694 2254.841203 2245.175152 2242.601530 2257.136271 2274.350123 2282.972392 2283.549801 2281.429228 2286.779357 2286.682685 2286.581539 2282.895197 2284.521717 2284.125388 2291.754358 2299.483849 2307.075339 2305.538531 2293.292485 2281.344435 2280.536618 2284.626795 2289.672767 2296.217473 2305.785575 2314.364196 2308.467288 2301.306368 2291.537300 2263.276297 2237.114971 2220.393828 2219.276990 2218.383865 2212.406145 2208.492460 2205.129029 2198.353006 2196.943095
2220.498414 2241.682567 2262.998269 2278.301952 2273.361539 2266.653765 2258.442384 2259.802430 2262.373176 2270.163239 2282.621644 2298.394427 2322.012569 2323.864048 2326.295658 2327.486321 2316.135133 2304.067586 2294.215042 2314.874309 2326.132068 2334.467747 2334.450211 2342.321950 2352.062542 2348.561097 2341.956778 2331.164284 2337.398383 2346.566174 2361.780611 2369.214764 2373.805716 2370.756396 2358.176577 2351.910776 2352.031605 2356.386678 2355.654728 2361.933926 2370.725999 2384.806747 2382.799482 2375.637918 2353.272140 2315.037835 2281.872440 2263.942945 2271.152064 2263.304731 2254.902311 2251.491864 2237.549682 2227.127263 2227.019980
2268.127313 2284.958711 2303.362102 2321.746178 2315.943196 2306.777526 2292.984783 2292.206970 2298.979231 2310.074657 2329.165394 2350.223148 2372.721272 2376.672579 2375.357923 2385.487500 2379.736649 2370.386432 2363.214332 2380.342519 2391.876783 2403.132648 2411.294224 2424.550695 2436.052532 2423.373001 2409.230553 2401.732672 2408.192508 2431.131763 2451.142380 2456.091640 2456.111564 2456.879668 2444.529065 2438.965670 2434.260840 2432.034449 2427.738868 2424.428588 2445.664068 2463.836309 2461.795130 2438.215720 2413.587124 2374.448848 2335.336541 2305.749264 2310.714968 2305.962017 2305.519214 2291.481182 2276.352404 2263.106862 2255.346347
2339.264160 2365.602160 2385.152971 2407.579760 2404.406853 2385.711620 2374.833321 2379.582229 2393.700024 2402.267192 2420.081543 2441.152389 2470.192964 2487.275948 2502.966126 2508.437289 2500.943012 2492.733043 2480.834248 2483.314866 2504.725275 2518.032192 2528.393602 2538.619775 2551.760578 2555.112238 2550.731643 2549.948033 2554.063362 2564.622726 2576.505896 2583.204410 2587.136391 2590.226197 2581.373882 2570.055675 2566.967181 2560.244254 2556.338146 2554.367475 2560.958555 2576.043644 2572.167976 2539.203841 2510.616793 2474.720039 2435.608417 2403.859211 2390.792882 2401.946516 2394.097631 2375.359338 2359.036357 2327.329730 2315.124549
2428.505169 2463.876177 2490.980363 2505.486254 2517.260841 2508.638616 2509.598455 2514.832031 2523.707140 2528.645056 2536.532632 2569.373734 2603.376957 2630.777432 2654.848749 2663.499758 2652.678838 2643.461152 2631.288563 2622.869869 2631.433802 2648.293994 2666.305934 2682.267620 2694.139128 2697.424510 2696.292610 2696.846203 2699.876275 2702.876847 2706.608804 2714.042279 2721.716291 2732.746414 2742.416877 2734.003827 2715.622185 2705.017420 2693.770664 2690.702872 2690.139808 2690.478247 2689.786437 2675.808310 2637.162158 2605.382518 2572.544227 2547.292403 2528.725805 2520.095005 2498.588426 2473.439620 2423.111430 2383.132581 2348.649590
2535.281529 2579.173765 2609.776926 2631.555765 2646.857777 2647.966008 2651.340599 2654.255643 2659.992915 2664.588588 2670.112057 2695.549264 2737.644450 2776.827979 2807.967339 2810.279640 2799.041991 2788.612892 2779.411523 2767.284820 2764.244153 2775.369076 2789.503633 2808.479538 2819.857557 2827.752418 2824.347652 2824.994440 2827.947871 2828.800408 2830.645865 2833.606277 2842.261438 2856.300782 2869.484501 2869.502160 2853.143961 2837.348883 2820.930695 2816.110940 2811.541717 2805.406950 2805.623928 2805.559631 2791.913620 2761.554978 2720.224300 2677.348367 2654.522221 2634.725808 2620.753956 2602.973272 2567.330051 2505.148179 2468.021036
2664.744763 2697.702115 2730.734948 2762.870082 2780.617095 2786.518360 2786.460388 2787.727227 2795.804934 2800.891954 2808.985455 2824.485142 2853.554260 2886.672689 2915.489270 2932.114329 2926.525912 2911.365296 2891.790050 2884.450950 2882.769363 2886.228464 2895.009005 2906.270065 2924.459766 2942.704996 2816.038684 2817.008422 2947.917157 2816.838414 2814.622927 2814.750788 2816.926565 2823.840924 2832.492330 2835.547213 2832.787477 2947.700759 2925.612379 2912.727480 2904.844207 2900.222537 2898.901036 2901.083895 2901.252093 2886.386022 2853.596290 2810.878662 2778.041926 2758.337538 2741.892600 2723.887711 2709.847532 2680.728100 2659.096571
2789.160160 2805.612943 2834.496446 2863.510491 2886.339036 2902.618094 2905.564575 2910.609417 2916.174382 2925.229199 2941.014414 2827.551836 2840.649016 2860.604301 2884.714122 2899.265824 2904.652305 2903.849894 2901.039327 2902.553456 2902.913195 2855.752016 2860.732158 2865.669242 2878.655448 2890.963724 2891.780812 2892.329286 2894.060284 2892.060599 2892.633537 2892.711704 2892.424923 2893.809712 2897.666038 2899.139488 2897.417718 2891.042308 2902.915825 2884.324921 2871.630076 2863.783293 2855.790235 2847.409280 2837.952300 2831.922269 2947.804696 2917.679180 2882.871294 2859.007464 2848.038659 2839.525200 2829.804921 2822.186234 2804.076132
2898.700138 2911.260846 2929.818515 2952.468132 2845.928128 2863.422868 2874.201802 2883.017009 2887.611310 2900.666056 2915.711766 2900.669392 2906.906247 2913.427461 2919.886357 2922.099371 2922.728979 2922.436954 2920.144630 2919.582174 2917.536407 2913.646015 2903.693362 2905.284448 2907.064245 2909.647515 2913.255711 2912.086293 2913.190990 2916.127979 2914.558489 2908.861971 2905.090732 2903.587921 2904.404228 2911.713213 2915.066244 2916.029966 2913.720947 2912.962763 2912.261099 2909.722090 2906.509021 2901.936868 2896.051604 2905.979581 2898.552867 2872.807234 2839.892582 2939.956272 2928.557325 2926.226784 2924.628023 2920.777309 2913.290030
2879.682674 2892.580678 2906.547881 2892.507850 2905.733010 2914.340287 2918.395900 2921.776655 2924.300124 2926.483101 2923.331459 2920.064715 2915.249190 2913.772525 2912.393664 2909.926004 2910.499630 2908.553725 2904.557073 2900.760764 2893.546234 2882.419749 2871.239053 2868.124661 2872.518252 2877.834296 2882.588734 2886.470573 2890.008341 2890.505063 2885.447582 2877.418981 2870.222359 2868.549724 2875.279882 2880.976880 2886.999219 2887.873156 2886.611719 2884.475790 2884.565636 2881.788058 2882.216169 2889.032801 2903.039023 2906.941337 2911.400301 2910.696624 2898.128806 2879.105614 2882.713787 2863.081930 2867.962224 2863.325332 2852.033682
2916.184192 2918.413799 2917.283184 2915.966026 2909.795458 2903.882759 2903.085762 2906.927422 2913.723145 2914.744650 2907.650760 2899.204920 2892.054608 2884.867681 2882.532549 2881.574193 2881.055657 2881.302627 2875.994490 2867.450846 2855.038373 2843.563136 2832.453081 2826.454889 2823.398372 2827.382604 2837.874275 2848.822746 2853.628922 2845.490286 2837.585633 2826.446072 2818.558913 2819.031351 2820.676420 2830.011308 2845.640345 2852.040727 2852.957753 2847.303782 2841.904495 2835.830521 2833.413445 2840.103323 2855.163079 2867.092147 2881.645161 2890.295481 2897.772355 2904.578251 2905.164971 2907.153332 2908.224241 2906.509901 2907.649282
2910.803085 2904.110819 2897.398329 2892.267053 2885.777082 2880.331571 2878.451488 2880.402466 2882.561936 2878.630866 2872.082064 2865.814022 2854.772937 2844.943247 2837.758976 2838.450329 2840.494187 2841.676246 2834.760244 2823.670212 2938.946183 2925.014045 2910.705371 2906.449540 2900.862400 2894.633961 2904.874545 2923.393505 2930.286258 2915.502139 2905.289916 2890.854643 2884.306043 2881.098732 2882.652739 2892.279918 2914.183622 2936.937638 2939.605933 2930.388070 2921.480489 2918.293030 2916.912019 2923.728558 2942.106317 2820.492252 2831.908128 2841.958237 2847.499940 2855.473851 2864.881997 2874.054894 2887.936149 2899.571511 2905.718032
2886.748822 2879.090909 2871.463338 2863.887242 2857.034640 2854.844214 2850.437400 2848.159739 2844.487430 2838.233659 2834.870100 2953.072334 2939.064576 2924.708755 2908.493255 2902.926236 2897.091139 2896.741199 2884.059982 2874.322120 2857.845465 2842.053875 2825.731262 2813.231331 2807.284163 2800.870506 2801.534148 2815.721152 2824.379699 2813.486182 2803.769335 2792.550013 2787.732496 2784.841944 2787.598900 2798.560256 2819.820417 2839.107549 2847.976304 2841.744215 2840.505521 2841.659904 2842.228672 2850.089350 2863.899545 2883.188995 2906.554133 2926.138575 2937.610844 2946.480865 2957.341290 2826.691362 2836.502140 2850.530538 2867.930021
2856.415650 2851.280177 2841.445984 2831.833643 2825.392671 2954.352102 2946.198058 2946.024008 2937.416184 2929.056641 2907.102184 2854.808651 2832.724765 2812.121199 2794.252229 2785.882297 2775.891074 2761.283612 2750.959490 2744.500723 2742.371470 2726.964545 2707.203477 2689.714794 2684.486621 2680.567725 2666.502375 2665.547950 2667.106055 2678.587690 2672.229264 2669.464183 2670.132583 2668.180728 2670.812232 2684.598715 2694.763296 2703.057483 2710.772501 2714.548579 2725.321124 2736.504955 2746.644241 2765.401603 2779.399848 2797.615525 2820.581341 2847.944279 2864.842271 2876.482365 2888.916902 2905.297360 2923.259689 2942.374732 2965.884992
2829.366538 2952.431849 2936.814895 2920.789516 2906.159061 2892.567452 2875.741290 2874.676810 2869.326619 2856.973661 2804.578046 2760.590751 2722.954374 2703.150208 2677.987983 2663.046011 2646.409877 2610.921741 2593.247056 2589.461076 2599.663155 2593.476956 2578.159934 2565.484494 2556.487387 2548.095681 2532.228059 2517.293008 2522.835200 2538.944189 2538.018279 2539.734446 2546.521052 2546.026447 2541.201977 2542.358661 2556.103768 2563.573972 2575.404833 2592.035617 2598.222516 2613.166754 2646.016774 2661.568499 2679.180789 2700.830668 2724.431549 2751.437819 2776.104955 2792.523618 2809.996798 2831.143540 2850.177032 2872.685457 2897.298695
2909.776194 2880.233968 2858.298804 2839.069002 2817.938717 2791.076298 2768.244265 2763.112219 2753.712838 2725.329125 2670.531048 2630.735033 2603.521797 2579.721208 2554.267627 2530.215796 2494.050070 2459.014282 2436.563251 2447.300873 2456.210939 2463.269991 2450.869743 2439.316028 2429.462923 2413.023797 2396.781433 2382.238734 2392.343606 2401.006533 2416.134824 2422.008555 2426.197943 2431.287132 2430.536751 2422.846754 2422.415169 2431.688488 2442.851671 2455.612475 2475.693391 2511.303248 2538.157029 2558.367911 2581.491858 2603.682671 2628.257269 2653.722325 2678.840995 2698.431836 2719.672206 2743.273416 2767.184762 2789.608511 2815.685631
2823.169431 2793.825930 2765.511011 2739.969134 2705.451935 2659.380127 2641.786349 2630.057106 2608.941441 2563.435463 2519.949062 2491.252946 2472.525597 2447.094737 2423.372734 2393.576190 2359.612023 2335.151662 2313.798505 2321.898256 2330.238001 2346.551960 2336.430334 2327.900772 2323.652994 2308.503587 2295.021716 2279.378157 2286.177145 2297.570337 2318.844240 2324.396452 2328.614794 2337.540076 2337.227824 2334.063108 2320.508520 2328.845943 2340.564121 2356.155615 2387.162205 2411.800374 2436.614864 2460.297695 2482.475542 2507.870272 2533.641390 2559.817187 2588.985840 2611.544929 2633.377400 2657.200642 2679.675978 2698.536678 2719.503437
2701.912597 2675.722567 2653.157344 2626.921580 2584.840525 2538.756867 2497.180338 2472.022638 2422.912934 2386.401672 2359.169794 2350.841132 2334.987026 2312.617642 2291.217100 2269.600476 2245.208771 2224.132873 2198.651913 2202.694483 2216.645966 2232.097059 2230.572230 2229.720547 2227.557759 2217.551746 2204.055313 2190.507694 2194.256429 2210.741329 2228.464188 2237.815852 2245.472437 2253.563509 2253.941910 2245.985046 2237.243787 2243.129831 2258.985105 2276.499255 2296.594373 2319.205068 2342.165747 2364.561233 2389.158931 2414.157524 2439.776262 2467.542654 2497.999893 2521.987825 2548.567001 2576.000718 2596.724488 2609.846153 2622.863864
2587.140677 2565.207395 2539.848694 2510.662993 2466.708980 2424.427632 2381.361964 2335.253474 2300.226484 2268.677658 2256.483780 2238.677017 2222.584693 2205.664185 2184.126733 2165.840633 2148.869949 2126.635215 2113.141470 2119.063005 2131.814253 2140.628660 2145.702934 2143.124916 2140.460717 2134.142668 2120.331699 2114.115728 2123.641649 2138.980823 2153.237010 2164.532406 2171.669010 2177.503285 2175.042190 2166.763631 2163.413163 2172.243207 2188.470232 2203.259960 2219.908559 2241.968053 2264.131300 2287.418084 2311.797627 2335.922359 2362.614693 2390.109836 2418.285638 2447.324946 2472.793823 2496.335150 2509.184328 2522.399596 2527.995228
2450.663675 2435.922839 2408.882708 2379.192215 2347.420316 2311.082522 2283.026439 2249.751326 2218.033326 2187.347143 2160.589735 2145.514876 2136.989056 2122.515138 2103.969387 2091.307009 2074.686067 2061.383735 2064.648813 2065.924606 2074.598533 2073.459075 2074.028156 2071.243787 2070.372501 2067.371024 2059.661459 2069.810201 2076.760624 2090.680527 2101.102803 2110.909485 2117.117988 2121.203705 2122.286751 2117.767730 2123.319479 2130.355947 2144.963331 2157.040514 2171.883808 2192.976069 2211.050408 2231.394446 2255.219969 2279.797400 2305.542830 2333.056525 2362.779982 2389.522901 2410.196794 2420.245889 2432.596091 2438.484673 2432.398775
