tests/Borden05m/sims/sim_1/output-maps/psiliqL0008N0008.asc
ncols         160
nrows         34
xllcorner     620200.000000
yllcorner     5168000.000000
cellsize      0.500000
NODATA_value  -9999.0
[rows 0 to 24 of 34, columns 57 to 113 of 160]
-9999.0 -9999.0 -9999.0 -9999.0 -9999.0 -9999.0 -9999.0 -9999.0 -9999.0 -9999.0 -9999.0 -9999.0 -9999.0 -9999.0 -9999.0 -9999.0 -9999.0 -9999.0 -9999.0 -9999.0 -9999.0 -9999.0 -9999.0 -9999.0 -9999.0 -9999.0 -9999.0 -9999.0 -9999.0 -9999.0 -9999.0 -9999.0 -9999.0 -9999.0 -9999.0 -9999.0 -9999.0 -9999.0 -9999.0 -9999.0 -9999.0 -9999.0 -9999.0 -9999.0 -9999.0 -9999.0 -9999.0 -9999.0 -9999.0 -9999.0 -9999.0 -9999.0 -9999.0 -9999.0 -9999.0 -9999.0 -9999.0
-9999.0 -9999.0 -190.441245 -196.084196 -201.618593 -206.831718 -216.141812 -225.588837 -234.453018 -238.563972 -239.560740 -240.494261 -240.928689 -235.593926 -227.610081 -219.935369 -212.636699 -210.229766 -207.755323 -205.370773 -204.801419 -206.092974 -209.364632 -212.680855 -216.125284 -217.604189 -226.080103 -237.722190 -246.855093 -249.674335 -245.085769 -240.463377 -237.849171 -231.572444 -220.449776 -209.288944 -200.494226 -188.557925 -182.957731 -177.703558 -174.400260 -178.423741 -181.963712 -185.623159 -190.293195 -201.358145 -9999.0 -9999.0 -9999.0 -9999.0 -9999.0 -9999.0 -9999.0 -9999.0 -9999.0 -9999.0 -9999.0
-208.340649 -205.061288 -215.961952 -220.882193 -224.353505 -226.721766 -232.073130 -241.093113 -246.691773 -252.323206 -254.079560 -254.170462 -254.170397 -249.951389 -240.024092 -231.974389 -227.132806 -224.678128 -222.165794 -221.976940 -222.425177 -222.799122 -225.713154 -229.159801 -232.594000 -234.402214 -234.424840 -242.146318 -247.537303 -250.824999 -251.973529 -249.471978 -247.110202 -244.057674 -234.193614 -225.660205 -217.122497 -202.787826 -190.326103 -185.013510 -187.364423 -192.415253 -196.114303 -202.482338 -212.269698 -222.798540 -233.407096 -240.703735 -246.116269 -251.291346 -245.069189 -238.563627 -228.086096 -217.680468 -205.452231 -193.152437 -9999.0
-224.590821 -221.792241 -232.872498 -241.552397 -246.064365 -246.183805 -244.205009 -248.125382 -252.987156 -257.143752 -249.388062 -248.182041 -247.034523 -243.828678 -240.373372 -238.148751 -235.334514 -229.942087 -220.857406 -218.148789 -217.579183 -217.402849 -219.194504 -222.295247 -224.068582 -226.853623 -232.090912 -232.960683 -232.457841 -232.319525 -226.943666 -225.410072 -224.110341 -231.262339 -227.882809 -221.441181 -214.351357 -207.093979 -199.861665 -195.024277 -198.137090 -199.480504 -207.895709 -221.853352 -233.521299 -242.399752 -245.073278 -248.248383 -255.948332 -268.112435 -261.133382 -245.401614 -240.589901 -236.718805 -224.564392 -212.092504 -201.761004
-240.019643 -237.100315 -242.396206 -241.685978 -240.438692 -239.105586 -240.882025 -243.999309 -245.333907 -232.156178 -222.441053 -220.679502 -217.732537 -214.373442 -215.800164 -228.446079 -231.185770 -222.432574 -211.657196 -205.485731 -205.177416 -205.052834 -206.387619 -207.317883 -207.788874 -210.194210 -208.937506 -206.124632 -205.149317 -199.754703 -193.907065 -191.134809 -200.066585 -209.596498 -209.224928 -201.481196 -193.396240 -185.793888 -174.482118 -162.520194 -163.969717 -170.093632 -179.467468 -193.732994 -217.816622 -238.242244 -248.979073 -255.623666 -262.617257 -263.529123 -265.648335 -255.015163 -253.137678 -251.354773 -242.561716 -232.072299 -221.835059
-225.769243 -217.354028 -223.679001 -229.735156 -233.537643 -233.102345 -232.812794 -229.049058 -215.207807 -200.641979 -184.745435 -181.713575 -178.905160 -179.149299 -189.295268 -200.048264 -204.592405 -189.014402 -172.612897 -163.718854 -162.192584 -160.928478 -151.969516 -153.785320 -156.465174 -162.074189 -159.313078 -155.900275 -143.645366 -135.621817 -128.601505 -130.592542 -142.825561 -154.301633 -156.582945 -154.872894 -152.960657 -146.953408 -136.096135 -125.637990 -130.982983 -139.509145 -151.383294 -182.176114 -211.787324 -229.856529 -229.492396 -229.283491 -234.104312 -237.461270 -241.413060 -249.322338 -249.838722 -250.460520 -250.976863 -238.851549 -226.538415
-176.882703 -160.025421 -166.057988 -175.020125 -186.559750 -186.210991 -182.291338 -173.214859 -158.642507 -138.305749 -112.091863 -106.824491 -101.669118 -97.034627 -108.318346 -121.407004 -133.968381 -117.652138 -106.841292 -96.127071 -90.826816 -76.814110 -64.471554 -68.620152 -77.249053 -86.759733 -79.408128 -64.023567 -47.512227 -40.254102 -36.405768 -36.026756 -46.512003 -52.637741 -56.174533 -56.442895 -60.930738 -58.145918 -46.618530 -31.015897 -32.223456 -46.195965 -73.095597 -113.133122 -151.955240 -176.939087 -174.054600 -181.464062 -188.330498 -193.464995 -208.591985 -220.952143 -221.802075 -231.881105 -238.559125 -227.228495 -221.260682
-124.197132 -104.461843 -107.508411 -118.951330 -131.589511 -131.113816 -121.702451 -110.509816 -88.550108 -60.029026 -29.903264 -12.637950 -0.833916 10.418321 2.278010 -9.611910 -20.942489 -14.546330 0.805178 17.770014 35.612885 55.826298 73.829261 69.880824 60.885264 58.627839 64.436492 84.185634 101.944921 109.018214 112.462836 117.446976 110.166880 100.993070 90.923779 81.577670 72.960547 67.304823 83.211267 97.603064 91.542977 58.779342 23.428702 -20.398115 -64.735573 -104.838875 -113.638723 -117.497291 -121.204535 -139.018601 -156.814385 -177.868338 -190.703151 -201.074960 -217.312186 -213.259146 -207.800938
-9.754497 14.563895 22.035084 8.381645 4.209706 10.958259 25.677699 36.534088 57.675123 94.688056 141.811528 182.920534 221.443222 230.882164 215.787085 197.179822 174.612479 166.714708 187.193790 211.558983 240.656574 272.370715 297.641946 311.729125 314.029041 315.620204 319.149759 324.071581 331.153893 338.034420 344.148769 350.142559 349.475890 340.214905 332.690344 323.662847 315.661884 312.984064 311.295999 315.301555 304.976722 264.232241 207.951448 154.116467 101.826026 57.841838 25.492482 18.676871 -1.092003 -24.028475 -51.024149 -93.374376 -117.378449 -137.985639 -171.225764 -177.581170 -167.574487
147.054846 173.730886 198.268870 201.078694 207.022632 214.551589 228.005562 244.856336 269.618536 313.677503 356.087630 392.356066 421.639142 431.939423 420.095883 406.952645 393.140305 383.659423 388.717203 408.525446 434.037760 460.294022 478.616457 486.712837 487.794697 489.315247 491.352013 494.404346 496.593163 500.999752 506.602163 514.905784 525.010967 521.525099 507.885800 497.960598 485.885377 481.630073 479.732097 473.830546 467.094307 451.543926 409.748316 371.380109 330.793572 285.828767 238.175739 195.518513 160.767067 128.525824 74.018725 21.681927 -25.433978 -64.049905 -99.958640 -108.805482 -84.949136
352.568047 383.674237 401.829408 407.431846 410.581995 415.219066 424.942805 436.591579 452.498280 477.011420 511.846946 543.785217 568.550365 571.841166 563.772252 554.538748 545.302472 538.306298 537.631692 545.812450 557.526283 573.671129 586.052012 596.742355 597.286114 598.109725 598.227731 599.953442 601.201287 601.725208 606.022651 614.048543 621.863143 623.854193 615.999000 604.483252 592.181829 587.480260 582.793070 577.325749 574.638877 570.724172 562.574644 539.190131 505.907697 460.694873 422.753514 390.725271 370.598330 349.150114 320.660020 259.155936 203.125787 145.287091 93.713848 57.587961 83.472833
501.152063 528.794884 544.734677 551.164705 550.931733 552.988868 559.684573 566.865202 577.859772 591.797277 607.376046 626.937893 646.086896 659.980449 657.235498 648.525255 636.014178 634.645520 635.527770 637.904541 643.649269 649.332499 661.417640 673.709883 677.915824 678.436414 676.303689 678.052052 678.732986 678.467410 678.057807 680.001894 684.643871 686.887047 685.427106 675.835664 662.515692 651.832291 645.722383 642.600884 639.965951 639.369996 637.666308 629.734485 609.299557 580.815606 551.883443 531.202327 515.997415 501.893122 487.038681 464.287732 434.280902 396.207692 349.742591 306.912733 283.723507
591.339071 610.247549 627.689069 639.142722 641.292683 645.572531 648.385355 656.529248 668.810723 681.900087 689.629617 699.759837 715.215603 723.995056 729.228518 731.012486 732.144052 735.356819 736.464675 726.848186 728.985959 730.634363 733.039882 737.138018 737.902677 737.834339 737.356168 738.145739 738.324759 738.674330 738.302360 736.957115 737.466109 737.788837 738.214011 735.926369 734.897292 721.803204 712.624818 707.132811 701.198778 694.019900 686.347464 679.939999 670.643227 653.328638 630.225755 609.564245 602.024825 597.360187 591.080598 583.797358 567.840320 548.464718 523.991613 490.112103 450.589924
659.963752 672.740001 690.588930 702.633218 709.856879 716.139730 719.519732 729.279063 739.257484 737.112017 737.247212 737.360533 737.849273 737.676791 737.752111 738.019628 736.761041 737.621396 737.591844 733.752660 725.877566 727.770536 728.888388 730.759010 733.560100 731.685733 732.365894 735.350839 734.423690 729.804548 726.998746 725.584041 725.538368 732.181658 735.135232 736.389248 737.299294 737.855336 738.640619 738.869614 738.695482 737.903950 736.783394 735.948307 729.074922 712.556546 690.481763 666.682882 656.151763 652.572697 653.976859 651.291694 647.289018 634.295839 616.200793 590.955172 561.475608
736.325713 739.102555 740.890621 741.180893 741.198772 742.249808 743.863311 743.574927 740.004287 736.306133 731.635942 730.392620 728.909809 726.407038 727.006632 725.459778 722.657402 721.116415 717.715685 709.905003 700.823087 699.894752 704.325356 708.069939 710.699277 712.161932 714.781542 716.752769 713.569883 707.662355 702.431365 701.013316 706.550039 711.001173 714.734542 715.072516 714.183486 713.454328 715.002297 713.915175 714.864774 720.309636 731.255662 736.943150 737.444271 737.957070 736.961770 733.876883 720.759475 703.591520 706.452392 702.987332 694.677946 680.199460 665.565606 647.564213 629.945721
737.219370 734.819281 728.748159 722.875493 721.985965 725.540618 732.041743 733.624560 727.450676 720.635822 715.223963 709.935286 708.478642 707.023867 706.200677 706.618040 703.050549 699.297952 689.675232 682.982024 675.824469 672.049147 671.158340 675.079256 681.236058 686.770334 690.002171 685.744507 681.425311 674.647922 669.351345 670.468927 672.549593 679.141084 688.955524 690.756260 691.553816 688.735272 687.138829 683.341981 682.126615 687.090875 697.672659 707.598816 716.707928 722.441898 728.562906 733.944810 738.954527 738.487196 737.573053 736.457719 733.797725 722.239088 707.868277 693.423604 678.422582
718.564783 714.779695 709.158319 704.158427 703.011606 705.925114 709.606869 707.693580 702.914440 696.008373 688.749435 681.999854 678.034788 678.777158 680.419071 681.404608 677.945325 668.971765 658.459994 651.357738 642.695494 641.399352 637.606955 633.225318 639.753637 651.125673 655.072425 644.953240 639.083039 629.550499 625.125622 624.005871 625.678695 633.149328 648.099718 662.440182 663.294099 656.634057 650.739238 648.184012 646.460932 651.306136 664.582488 677.680751 686.250664 691.285526 693.982896 699.150164 705.186356 712.628305 721.310055 728.532412 735.927432 736.530324 736.112280 735.525251 723.892181
700.733277 696.136705 691.842823 687.922284 685.169768 683.860474 682.877129 679.164903 675.685080 668.809423 661.611018 653.857731 642.984124 639.643432 636.573307 638.271088 629.891005 623.527777 610.790369 601.670293 591.136621 584.318539 578.392731 570.134547 570.890846 581.426081 588.546451 576.234910 568.720225 558.438350 554.439423 553.087343 556.019077 566.536768 587.834349 604.768281 611.359614 605.826566 602.357715 601.527776 601.720308 606.005094 617.931858 632.751356 646.974370 656.632212 661.723214 665.916394 671.724626 680.413957 688.083060 695.388106 705.337613 718.132848 728.344060 735.287391 739.475485
682.040808 676.934657 670.522809 663.255273 659.238291 660.787130 655.548077 651.562708 643.537737 607.781461 595.955548 581.367457 566.575193 558.014789 547.248614 539.793176 531.139366 526.636255 521.045522 509.662403 495.326300 480.125031 471.966763 460.914554 445.452013 446.816142 449.597830 451.209552 443.502859 435.945701 433.321028 432.489081 440.415607 461.745119 480.646835 495.359291 503.526692 502.553300 510.559159 518.416962 522.939095 540.037900 555.519252 572.734861 591.298486 610.257241 619.818275 626.541041 633.683892 643.680429 653.556419 662.827451 676.007385 690.782714 699.207692 704.833658 712.322169
659.005554 649.947147 641.175225 631.353415 620.628007 620.994843 617.401914 610.899254 577.298086 537.273100 506.366303 485.742450 457.642499 434.664182 412.422943 381.218208 364.422244 356.708462 360.164332 349.844909 331.973118 314.882716 301.928984 286.011527 260.145195 246.633642 251.835404 265.330617 255.793664 248.337961 250.510913 248.950411 252.446739 276.161503 303.680309 319.221524 332.371466 344.809280 352.325821 364.036068 395.532581 420.375826 449.373694 479.369309 506.520611 532.077640 554.254176 568.854698 582.510860 598.147613 610.030957 623.843489 638.582813 656.906820 667.502814 675.080320 680.959154
612.369828 599.371293 583.833323 564.227640 541.360155 535.998788 526.306213 507.288272 456.386195 401.060313 358.038640 326.007408 287.982485 247.625764 199.108090 150.564106 122.446217 123.026083 129.463213 125.426506 106.814428 89.115079 74.405610 56.815682 36.397640 23.336719 31.503863 41.286888 45.815863 47.381669 51.001439 53.029500 54.073909 56.395025 70.376290 83.914951 98.231927 111.959569 127.772678 164.482891 203.678714 241.535636 291.303618 331.923539 369.329223 407.979300 446.155739 474.562598 500.473917 523.812244 546.181609 565.661106 585.875370 608.051628 624.903502 634.641891 643.272674
542.871488 517.934889 486.407522 438.420727 409.081610 390.854196 373.138749 331.375599 271.434938 197.356918 145.824459 106.500286 71.082049 34.598758 -4.614815 -38.567647 -61.320013 -55.849372 -49.328328 -40.738402 -54.842093 -68.921741 -77.642963 -94.070151 -109.891690 -124.773169 -116.595935 -106.808520 -91.212427 -87.660678 -84.350753 -77.889003 -78.598721 -79.439957 -84.469527 -73.765736 -62.034704 -47.099348 -18.319736 10.910440 41.409209 71.183452 104.228936 141.050683 182.864374 232.552595 291.663555 334.451303 369.873620 406.947099 443.743067 473.243187 499.394821 526.385549 549.331915 568.672002 587.473961
419.509985 379.278328 327.019334 258.531670 195.849333 167.024033 120.135330 75.243075 24.086156 -10.590979 -39.352628 -68.715745 -95.037990 -120.047324 -149.755690 -175.207620 -199.634676 -195.933460 -183.749879 -170.160320 -178.153833 -183.376486 -187.364864 -199.716950 -214.017798 -227.984802 -224.250887 -209.275159 -192.419136 -185.697841 -179.335490 -171.734085 -171.497111 -177.558455 -185.517135 -179.318085 -165.239954 -148.525724 -125.472741 -101.011842 -76.559978 -52.982643 -25.938295 3.508155 35.263970 72.204055 114.062728 149.729676 192.172214 243.032078 296.128378 330.241739 358.602648 394.512519 426.610405 462.859084 493.947150
243.282429 187.447013 124.100261 63.412373 7.168681 -36.400159 -74.756887 -111.084075 -135.514534 -158.616343 -180.044366 -200.732729 -222.912158 -243.942415 -264.555351 -287.207960 -307.462741 -302.165201 -288.415557 -275.655517 -273.882473 -277.102665 -280.393150 -288.648631 -302.554936 -314.585135 -306.373714 -290.585633 -275.055994 -265.171327 -258.454579 -252.056837 -254.785884 -262.964847 -269.949397 -261.939641 -246.305474 -230.852178 -212.448835 -190.240886 -167.743265 -144.907105 -120.550475 -95.517785 -67.391629 -37.342827 -5.614460 26.461343 58.865140 93.439599 119.488416 144.896465 168.264346 204.325135 250.097496 302.066653 344.951878
44.019436 5.232008 -37.526315 -84.197237 -121.037332 -156.214392 -189.305413 -221.464412 -247.627318 -266.726943 -277.915312 -293.535175 -313.683131 -327.972722 -345.429851 -365.346785 -367.122573 -363.144054 -350.285563 -347.644146 -346.899561 -349.954219 -351.125957 -356.164368 -368.383746 -362.853133 -354.820694 -339.452894 -328.190636 -318.720425 -312.292321 -308.013394 -308.680288 -316.080059 -313.509838 -306.070809 -291.105781 -278.940585 -263.186302 -241.829414 -223.853594 -203.687368 -180.895132 -157.103064 -131.673732 -104.371849 -74.635335 -46.920100 -22.975863 -8.083847 8.433106 21.174219 23.245722 46.562249 73.823328 104.755015 144.805022
