tests/Borden05m/sims/sim_1/output-maps/psiliqL0005N0003.asc
ncols         160
nrows         34
xllcorner     620200.000000
yllcorner     5168000.000000
cellsize      0.500000
NODATA_value  -9999.0
[rows 0 to 24 of 34, columns 0 to 55 of 160]
-9999.0 -9999.0 -9999.0 -9999.0 -9999.0 -9999.0 -9999.0 -9999.0 -9999.0 -9999.0 -9999.0 -9999.0 -9999.0 -9999.0 -9999.0 -9999.0 -9999.0 -9999.0 -9999.0 -9999.0 -9999.0 -9999.0 -9999.0 -9999.0 -9999.0 -9999.0 -9999.0 -9999.0 -9999.0 -9999.0 -9999.0 -9999.0 -9999.0 -9999.0 -9999.0 -9999.0 -9999.0 -9999.0 -9999.0 -9999.0 -9999.0 -9999.0 -9999.0 -9999.0 -9999.0 -9999.0 -9999.0 -9999.0 -9999.0 -9999.0 -9999.0 -9999.0 -9999.0 -9999.0 -9999.0 -9999.0
-9999.0 -9999.0 -9999.0 -9999.0 -9999.0 -9999.0 -9999.0 -9999.0 -9999.0 -9999.0 -9999.0 -9999.0 -9999.0 -9999.0 -9999.0 -9999.0 -9999.0 -9999.0 -9999.0 -9999.0 -9999.0 -9999.0 -9999.0 -9999.0 -9999.0 -9999.0 -9999.0 -9999.0 -9999.0 -9999.0 -9999.0 -9999.0 -9999.0 -9999.0 -9999.0 -9999.0 -9999.0 -9999.0 -9999.0 -9999.0 -9999.0 -9999.0 -9999.0 -9999.0 -9999.0 -9999.0 -9999.0 -9999.0 -9999.0 -9999.0 -9999.0 -9999.0 -9999.0 -9999.0 -9999.0 -9999.0
-9999.0 -9999.0 -9999.0 -9999.0 -9999.0 -9999.0 -9999.0 -9999.0 -9999.0 -9999.0 -9999.0 -9999.0 -9999.0 -9999.0 -9999.0 -9999.0 -9999.0 -9999.0 -9999.0 -9999.0 -9999.0 -9999.0 -9999.0 -9999.0 -9999.0 -9999.0 -9999.0 -9999.0 -9999.0 -9999.0 -9999.0 -9999.0 -9999.0 -9999.0 -9999.0 -9999.0 -9999.0 -9999.0 -9999.0 -9999.0 -9999.0 -9999.0 -9999.0 -9999.0 -9999.0 -9999.0 -9999.0 -821.767708 -839.349776 -856.766782 -858.178005 -835.471163 -812.669325 -789.708522 -769.913878 -751.837640
-9999.0 -9999.0 -9999.0 -9999.0 -9999.0 -9999.0 -9999.0 -9999.0 -9999.0 -9999.0 -9999.0 -9999.0 -9999.0 -9999.0 -9999.0 -9999.0 -9999.0 -9999.0 -9999.0 -9999.0 -9999.0 -9999.0 -9999.0 -9999.0 -9999.0 -9999.0 -9999.0 -9999.0 -9999.0 -9999.0 -9999.0 -9999.0 -9999.0 -9999.0 -9999.0 -9999.0 -9999.0 -9999.0 -9999.0 -9999.0 -774.798455 -769.121118 -767.386329 -778.606599 -790.087698 -801.680627 -821.458362 -839.411879 -855.535570 -858.815698 -856.557473 -850.718180 -827.804494 -804.465332 -785.815727 -768.840138
-9999.0 -9999.0 -9999.0 -9999.0 -9999.0 -9999.0 -9999.0 -9999.0 -9999.0 -9999.0 -9999.0 -9999.0 -9999.0 -9999.0 -9999.0 -9999.0 -9999.0 -9999.0 -9999.0 -9999.0 -9999.0 -9999.0 -9999.0 -9999.0 -9999.0 -9999.0 -9999.0 -9999.0 -9999.0 -9999.0 -9999.0 -9999.0 -9999.0 -9999.0 -864.960049 -847.541685 -829.859967 -812.138953 -796.140467 -790.021633 -784.358372 -778.720917 -782.894400 -788.077689 -799.579947 -817.878592 -837.817381 -852.539290 -855.775968 -858.798039 -854.709915 -841.843507 -825.869089 -809.933758 -789.763929 -767.761197
-9999.0 -9999.0 -9999.0 -9999.0 -9999.0 -9999.0 -9999.0 -9999.0 -9999.0 -9999.0 -9999.0 -9999.0 -9999.0 -9999.0 -9999.0 -9999.0 -9999.0 -9999.0 -9999.0 -9999.0 -9999.0 -9999.0 -9999.0 -9999.0 -9999.0 -9999.0 -9999.0 -9999.0 -859.413983 -865.522704 -871.066745 -872.934218 -874.605845 -876.253157 -869.564219 -857.379907 -839.324705 -818.562645 -806.466723 -799.875650 -793.892361 -793.422182 -798.431882 -801.138599 -801.445725 -813.284443 -825.114684 -836.240975 -846.984556 -848.323627 -839.262991 -826.271857 -811.206860 -797.392123 -783.135840 -769.684868
-9999.0 -9999.0 -9999.0 -9999.0 -9999.0 -9999.0 -9999.0 -9999.0 -9999.0 -9999.0 -9999.0 -9999.0 -9999.0 -9999.0 -9999.0 -9999.0 -9999.0 -9999.0 -9999.0 -9999.0 -9999.0 -9999.0 -9999.0 -887.514537 -881.420926 -875.263455 -868.357299 -867.856110 -872.641712 -878.728032 -882.421339 -884.475393 -886.380775 -882.524297 -874.341680 -861.039690 -845.619480 -824.854835 -816.873744 -810.433503 -798.418546 -797.073029 -793.494298 -790.102918 -792.521306 -795.482305 -807.387282 -816.229489 -810.466272 -804.635569 -799.204346 -792.883716 -781.089822 -766.322895 -749.434186 -729.719071
-9999.0 -9999.0 -9999.0 -9999.0 -9999.0 -9999.0 -9999.0 -9999.0 -9999.0 -9999.0 -9999.0 -9999.0 -9999.0 -9999.0 -9999.0 -9999.0 -9999.0 -9999.0 -9999.0 -911.636996 -911.078301 -910.491210 -906.316879 -905.507233 -903.500984 -896.830978 -889.094010 -887.610788 -889.494661 -891.759775 -890.688902 -888.550999 -885.018060 -873.919522 -860.617315 -847.120553 -833.468951 -813.425602 -799.443651 -786.027458 -770.556363 -773.054786 -778.440223 -781.505179 -781.809262 -781.634256 -775.083646 -771.428337 -766.780909 -761.086872 -754.622230 -747.054167 -737.913260 -720.690009 -701.674813 -682.684023
-9999.0 -9999.0 -9999.0 -9999.0 -9999.0 -9999.0 -9999.0 -9999.0 -9999.0 -9999.0 -9999.0 -9999.0 -9999.0 -9999.0 -9999.0 -9999.0 -939.180070 -937.550230 -935.836732 -930.868898 -928.989424 -925.452701 -919.059107 -918.527732 -915.033558 -908.416546 -903.822028 -895.999537 -888.841285 -882.034305 -876.690264 -874.579388 -867.277328 -858.213032 -846.960287 -831.791723 -810.490824 -789.034338 -773.750495 -758.237349 -742.677791 -743.451974 -745.541956 -745.318473 -745.146637 -737.188086 -719.605079 -714.192599 -710.746076 -691.978037 -678.860359 -674.625334 -669.034092 -653.326350 -631.804697 -606.659625
-9999.0 -9999.0 -9999.0 -9999.0 -9999.0 -9999.0 -9999.0 -9999.0 -9999.0 -9999.0 -9999.0 -9999.0 -9999.0 -981.875243 -977.914647 -969.297474 -962.135651 -960.461381 -957.193654 -952.177209 -940.524299 -937.545893 -931.811375 -924.642103 -914.064617 -906.187416 -897.487785 -886.347923 -878.455204 -871.892876 -865.359536 -858.838855 -845.513544 -830.718722 -815.441276 -796.072049 -775.846590 -755.782006 -735.747268 -722.467440 -709.394829 -706.232040 -709.485773 -709.179727 -701.774933 -684.258781 -666.574991 -654.240150 -632.933710 -611.118533 -598.347011 -586.606027 -579.306933 -569.697273 -552.553618 -519.346565
-9999.0 -9999.0 -9999.0 -9999.0 -9999.0 -9999.0 -9999.0 -9999.0 -9999.0 -9999.0 -1017.909439 -1015.287353 -1018.937726 -1017.805037 -1013.766921 -1002.455333 -990.050077 -983.388571 -972.908213 -953.184493 -937.020679 -934.081247 -919.652995 -910.447556 -904.597002 -894.425816 -881.945419 -869.506491 -852.645039 -840.650625 -828.246996 -807.818337 -792.395114 -777.279478 -761.026445 -743.087759 -723.138806 -694.041438 -668.460932 -655.537261 -632.396114 -618.434284 -623.183654 -624.534331 -618.843491 -602.418686 -579.718134 -553.958492 -533.065231 -508.196009 -488.306570 -475.527539 -466.352293 -455.266250 -441.601915 -411.396407
-9999.0 -9999.0 -9999.0 -9999.0 -9999.0 -9999.0 -9999.0 -9999.0 -1041.358412 -1034.995488 -1028.776241 -1032.039891 -1037.126343 -1040.220576 -1027.999402 -1012.666588 -997.307935 -981.214544 -965.902189 -948.912715 -933.762141 -917.615346 -899.333892 -888.160179 -876.913866 -862.596528 -849.710207 -832.250387 -811.928458 -797.354959 -778.463622 -757.893525 -739.601575 -723.363933 -707.055585 -690.782630 -663.438934 -631.418674 -601.376042 -578.016944 -552.700336 -529.181944 -529.922310 -527.925335 -524.839289 -500.630507 -471.863131 -441.918126 -411.294350 -375.064890 -333.288398 -307.014887 -288.471014 -263.467088 -225.125389 -164.597492
-9999.0 -9999.0 -9999.0 -9999.0 -9999.0 -9999.0 -1066.042838 -1042.287029 -1027.966618 -1035.886540 -1043.190363 -1046.483451 -1049.816494 -1033.227963 -1012.716307 -996.657181 -980.727351 -964.247386 -948.804272 -933.848348 -898.745579 -884.024681 -869.646285 -849.919416 -837.190950 -824.465163 -808.233369 -785.719769 -763.388096 -731.033824 -701.337751 -675.429733 -651.134282 -633.637918 -617.600123 -600.431801 -571.381284 -537.290396 -504.096308 -476.400139 -450.625885 -422.694724 -412.743788 -406.891695 -397.118230 -375.857243 -335.446695 -279.897496 -166.579518 -52.511767 -8.871107 6.057243 16.630926 28.869047 46.517006 71.040243
-9999.0 -9999.0 -9999.0 -9999.0 -1099.059027 -1078.358790 -1057.758238 -1027.162542 -1004.879294 -1010.759775 -1003.354503 -1002.779699 -1003.970014 -1002.532331 -997.929936 -980.742632 -964.196312 -947.634538 -929.177999 -890.775311 -851.473201 -835.394083 -808.647026 -777.836421 -765.120128 -751.914079 -738.378205 -717.057024 -688.412492 -655.114534 -609.757993 -572.100679 -548.495673 -528.279001 -510.873206 -490.532166 -462.184634 -427.360152 -388.805100 -343.172965 -291.873361 -237.722085 -189.698215 -145.608136 -71.219460 -33.215892 -6.660976 24.738869 67.848796 114.186249 137.594749 144.519581 146.856519 150.593802 155.130475 161.512233
-9999.0 -9999.0 -9999.0 -1144.252029 -1106.185628 -1070.228606 -1042.757646 -1012.132491 -981.251716 -974.246436 -966.640680 -959.642723 -952.353997 -943.599283 -933.239930 -918.012815 -905.786333 -895.564254 -876.117610 -840.637189 -805.356021 -771.021198 -740.480524 -710.454864 -688.584218 -674.899287 -660.955794 -639.088761 -602.562743 -565.744126 -518.933778 -469.549977 -433.509807 -407.947032 -387.073435 -357.172943 -325.128828 -264.028818 -143.553513 -46.166888 3.276766 34.548089 60.914173 79.878845 104.673685 120.629568 134.798506 144.210360 153.415155 165.974662 177.328194 185.031107 188.721314 190.591475 195.974334 201.527759
-9999.0 -9999.0 -1189.966491 -1153.774422 -1117.967507 -1065.673262 -1013.762112 -981.226991 -940.886722 -915.325184 -908.270936 -889.134116 -872.100553 -863.547379 -846.462123 -829.601591 -819.176551 -818.203622 -808.684814 -772.391733 -719.428539 -671.979634 -638.668107 -585.112924 -555.789599 -537.909293 -528.740266 -507.931457 -480.103522 -437.014300 -382.079573 -314.463000 -229.527411 -109.406845 -55.644079 -28.489661 -4.529555 21.007060 67.552450 109.793650 137.126042 149.136187 158.762548 163.523855 167.101794 174.342158 183.019534 190.856061 198.187275 206.060645 218.811268 218.581579 218.205875 217.791474 217.086491 216.862913
-9999.0 -9999.0 -1213.802140 -1170.533600 -1126.340771 -1054.204148 -981.245889 -943.678592 -900.957984 -857.988231 -839.297460 -816.863014 -795.684200 -775.138929 -752.634083 -729.345814 -728.785231 -728.274802 -730.481663 -679.802387 -625.494780 -563.864658 -493.305035 -437.609102 -398.262115 -391.655799 -387.058711 -366.415181 -331.052211 -238.423057 -80.320501 -7.296021 45.787062 92.163420 118.562075 134.789521 143.713978 151.489523 159.987922 177.025521 185.166559 192.653610 201.527597 215.092243 220.711238 220.809990 218.534477 218.392873 217.657724 217.222082 216.755113 213.822504 212.673253 212.872842 213.917656 209.753183
-9999.0 -1298.514228 -1246.964268 -1192.139056 -1120.486474 -1049.783180 -961.941817 -880.807760 -834.767978 -795.875492 -769.129254 -748.144019 -690.129130 -641.799931 -618.069440 -590.570896 -596.100225 -601.739080 -611.849626 -575.885364 -525.094296 -435.221954 -267.950023 -96.697864 -41.538821 -33.466814 -38.382005 -28.185888 -4.831244 39.569915 111.067878 145.193755 167.193349 183.804056 189.801531 191.147267 197.236885 206.986030 218.973214 221.987584 221.786136 221.570703 216.289975 216.043844 216.468328 216.611180 214.305705 209.017411 202.438479 199.463835 198.179978 196.201242 197.822356 199.682574 201.095212 198.453742
-9999.0 -1331.551134 -1270.736311 -1197.385506 -1124.497678 -1041.594027 -924.053393 -803.292100 -761.460908 -730.623530 -701.259673 -650.394027 -566.700432 -504.853526 -470.148231 -431.287626 -435.318413 -450.209075 -451.787650 -415.571186 -346.657131 -167.584941 12.351600 118.989432 135.806105 143.130687 146.402880 155.999029 168.577043 180.734833 192.240887 205.887049 208.386534 208.698720 209.031529 209.492283 209.794983 210.024451 207.396569 204.479437 200.461685 200.566989 203.630823 203.429514 201.527147 200.455334 198.757122 196.139830 194.690835 193.811826 193.706021 193.092387 192.890032 193.882060 192.767154 191.684756
-9999.0 -1352.302588 -1284.365108 -1217.209945 -1137.970626 -1006.529148 -887.079101 -763.489637 -679.953091 -646.915432 -596.135063 -510.189174 -416.115759 -302.952080 -173.783537 -79.019308 -52.386132 -57.787773 -46.877797 -12.946675 39.635042 115.071253 159.419918 192.945123 199.848174 200.926343 199.263418 200.832721 201.615088 201.276754 200.622541 198.009532 200.207517 201.712018 200.788942 198.936571 197.284035 194.361181 193.149452 193.083859 192.488393 193.174382 195.002599 195.376154 194.747275 193.819930 193.029437 191.950578 190.855991 189.321814 189.145699 188.516553 188.489547 187.199159 185.923114 184.825499
-9999.0 -1431.694856 -1350.457535 -1284.140250 -1137.254505 -977.329379 -856.458894 -704.256115 -581.749024 -536.844494 -447.596886 -333.523414 -97.159616 9.717978 73.015382 126.121822 143.848083 154.378503 166.558519 168.616081 187.530822 205.915124 208.724302 207.926376 200.509646 201.355153 197.278978 189.372101 186.060508 183.324451 184.259087 187.522288 189.766583 192.661785 191.563212 192.070956 192.443621 192.060350 192.362019 190.341391 188.451061 187.176642 187.286646 190.895303 188.568168 187.593216 185.883142 183.556921 181.129685 179.120038 177.131226 175.153136 174.819491 172.665551 172.906954 169.839497
-9999.0 -1512.270720 -1432.111892 -1318.543756 -1158.540461 -996.038294 -841.459552 -672.329137 -499.816731 -408.243604 -300.682827 -159.215331 10.684006 114.553682 159.792072 176.542708 186.665637 188.832010 189.227497 186.772720 171.864505 169.084118 175.853296 185.507616 188.477110 190.105355 186.619724 183.440128 182.288606 182.965110 182.306181 181.856173 181.335411 180.408116 178.863294 179.494626 182.176493 180.800855 179.369225 178.488779 177.834941 175.905327 174.326249 173.288490 172.438238 172.112870 167.326430 160.663703 154.825340 151.129972 147.964519 145.631453 145.074645 142.710429 137.939912 122.703930
-9999.0 -1592.248940 -1480.946308 -1372.310243 -1228.003985 -1085.781843 -943.293953 -774.474014 -617.859944 -426.556015 -166.916263 -78.926854 3.486901 86.600071 140.553340 168.826312 171.288892 156.930319 145.827494 140.281077 142.991763 148.740703 156.234153 166.567873 173.699515 177.235496 177.727132 174.941738 169.169525 164.133211 159.191108 153.175191 149.269813 148.961725 148.125207 150.930887 152.952515 149.411414 145.343442 140.325039 136.068751 132.907303 132.219676 132.689536 131.443945 123.921756 104.474605 75.212241 50.247033 32.963735 22.741482 16.153449 8.860396 -2.004058 -18.490252 -53.450137
-9999.0 -9999.0 -1546.934410 -1433.696584 -1313.032738 -1180.687502 -1044.859769 -883.690043 -731.115424 -551.096981 -440.824565 -344.892636 -242.610112 -84.777342 -9.100432 36.796190 47.719265 60.989803 40.311660 42.626834 50.914779 63.720192 86.811885 113.402687 130.191949 135.441519 138.258192 137.289687 129.688676 102.122626 61.822412 36.057075 23.146648 15.970185 23.458954 34.105046 32.490688 26.950939 17.663483 5.463080 -4.675578 -15.602420 -18.647338 -18.650693 -21.857854 -35.397705 -73.023536 -156.065077 -214.444829 -253.146753 -269.434066 -282.710112 -295.366088 -315.084636 -334.510595 -355.657599
-9999.0 -9999.0 -1627.387551 -1514.355948 -1389.013584 -1260.499893 -1147.181759 -1023.103195 -861.782087 -741.777980 -649.013363 -571.092845 -510.016143 -457.630679 -405.921956 -334.165564 -293.814964 -276.984358 -280.738956 -269.531592 -234.857516 -187.435832 -125.198136 -56.016814 -26.778143 -12.508261 -4.238047 -16.379671 -37.113961 -92.040976 -203.294399 -267.234025 -292.568202 -303.760141 -294.701572 -278.971048 -286.707570 -305.259962 -329.528245 -355.595813 -375.402189 -393.066602 -398.902080 -400.810123 -401.226252 -404.457307 -409.094567 -420.846384 -434.448178 -443.737585 -451.051275 -457.303563 -460.390125 -467.893225 -477.276047 -483.677775
