tests/Borden05m/sims/sim_1/output-maps/psiliqL0012N0019.asc
ncols         160
nrows         34
xllcorner     620200.000000
yllcorner     5168000.000000
cellsize      0.500000
NODATA_value  -9999.0
[rows 0 to 24 of 34, columns 0 to 56 of 160]
-9999.0 -9999.0 -9999.0 -9999.0 -9999.0 -9999.0 -9999.0 -9999.0 -9999.0 -9999.0 -9999.0 -9999.0 -9999.0 -9999.0 -9999.0 -9999.0 -9999.0 -9999.0 -9999.0 -9999.0 -9999.0 -9999.0 -9999.0 -9999.0 -9999.0 -9999.0 -9999.0 -9999.0 -9999.0 -9999.0 -9999.0 -9999.0 -9999.0 -9999.0 -9999.0 -9999.0 -9999.0 -9999.0 -9999.0 -9999.0 -9999.0 -9999.0 -9999.0 -9999.0 -9999.0 -9999.0 -9999.0 -9999.0 -9999.0 -9999.0 -9999.0 -9999.0 -9999.0 -9999.0 -9999.0 -9999.0 -9999.0
-9999.0 -9999.0 -9999.0 -9999.0 -9999.0 -9999.0 -9999.0 -9999.0 -9999.0 -9999.0 -9999.0 -9999.0 -9999.0 -9999.0 -9999.0 -9999.0 -9999.0 -9999.0 -9999.0 -9999.0 -9999.0 -9999.0 -9999.0 -9999.0 -9999.0 -9999.0 -9999.0 -9999.0 -9999.0 -9999.0 -9999.0 -9999.0 -9999.0 -9999.0 -9999.0 -9999.0 -9999.0 -9999.0 -9999.0 -9999.0 -9999.0 -9999.0 -9999.0 -9999.0 -9999.0 -9999.0 -9999.0 -9999.0 -9999.0 -9999.0 -9999.0 -9999.0 -9999.0 -9999.0 -9999.0 -9999.0 -9999.0
-9999.0 -9999.0 -9999.0 -9999.0 -9999.0 -9999.0 -9999.0 -9999.0 -9999.0 -9999.0 -9999.0 -9999.0 -9999.0 -9999.0 -9999.0 -9999.0 -9999.0 -9999.0 -9999.0 -9999.0 -9999.0 -9999.0 -9999.0 -9999.0 -9999.0 -9999.0 -9999.0 -9999.0 -9999.0 -9999.0 -9999.0 -9999.0 -9999.0 -9999.0 -9999.0 -9999.0 -9999.0 -9999.0 -9999.0 -9999.0 -9999.0 -9999.0 -9999.0 -9999.0 -9999.0 -9999.0 -9999.0 493.196000 475.910070 460.082610 458.025899 480.705782 504.179667 528.047634 548.728401 567.489230 586.570387
-9999.0 -9999.0 -9999.0 -9999.0 -9999.0 -9999.0 -9999.0 -9999.0 -9999.0 -9999.0 -9999.0 -9999.0 -9999.0 -9999.0 -9999.0 -9999.0 -9999.0 -9999.0 -9999.0 -9999.0 -9999.0 -9999.0 -9999.0 -9999.0 -9999.0 -9999.0 -9999.0 -9999.0 -9999.0 -9999.0 -9999.0 -9999.0 -9999.0 -9999.0 -9999.0 -9999.0 -9999.0 -9999.0 -9999.0 -9999.0 540.523436 546.462678 547.831097 537.354675 526.221730 514.208533 494.334491 476.610867 461.684918 459.201414 461.984257 467.356483 490.172787 514.870586 534.647458 551.937933 571.332040
-9999.0 -9999.0 -9999.0 -9999.0 -9999.0 -9999.0 -9999.0 -9999.0 -9999.0 -9999.0 -9999.0 -9999.0 -9999.0 -9999.0 -9999.0 -9999.0 -9999.0 -9999.0 -9999.0 -9999.0 -9999.0 -9999.0 -9999.0 -9999.0 -9999.0 -9999.0 -9999.0 -9999.0 -9999.0 -9999.0 -9999.0 -9999.0 -9999.0 -9999.0 447.922181 465.467572 483.655294 502.134841 518.925223 525.740791 531.639442 537.471688 533.487619 528.914417 517.709357 498.867248 479.451167 465.656006 463.546328 461.211126 465.709442 478.813289 495.746306 512.193296 533.341345 557.005406 566.495594
-9999.0 -9999.0 -9999.0 -9999.0 -9999.0 -9999.0 -9999.0 -9999.0 -9999.0 -9999.0 -9999.0 -9999.0 -9999.0 -9999.0 -9999.0 -9999.0 -9999.0 -9999.0 -9999.0 -9999.0 -9999.0 -9999.0 -9999.0 -9999.0 -9999.0 -9999.0 -9999.0 -9999.0 451.531811 445.724025 440.792702 439.465538 438.339964 437.374628 444.392981 456.670067 474.919469 496.683538 509.738779 517.078008 523.816862 524.710782 519.888718 517.991846 518.439798 506.834156 495.365876 484.654063 474.351191 473.120262 482.904329 497.170087 513.566600 528.675674 544.386648 556.128490 573.261513
-9999.0 -9999.0 -9999.0 -9999.0 -9999.0 -9999.0 -9999.0 -9999.0 -9999.0 -9999.0 -9999.0 -9999.0 -9999.0 -9999.0 -9999.0 -9999.0 -9999.0 -9999.0 -9999.0 -9999.0 -9999.0 -9999.0 -9999.0 421.314919 427.264699 433.898295 441.465204 442.528213 438.556374 433.093128 430.196867 428.873626 427.410018 432.066069 440.439989 454.252727 470.304435 492.292916 501.095271 507.550698 520.034962 522.811983 528.427327 532.655209 531.104631 528.517285 516.424118 507.538496 513.053365 519.288200 526.248103 534.377123 547.989271 563.829992 581.764278 602.625495 624.653789
-9999.0 -9999.0 -9999.0 -9999.0 -9999.0 -9999.0 -9999.0 -9999.0 -9999.0 -9999.0 -9999.0 -9999.0 -9999.0 -9999.0 -9999.0 -9999.0 -9999.0 -9999.0 -9999.0 395.986303 396.931250 398.146398 402.908534 403.906833 406.209103 413.347956 421.657417 424.109407 422.634748 421.345150 423.110363 426.056700 430.622063 442.257901 456.367089 470.834641 485.105299 506.291357 521.371116 535.391907 551.732382 551.108238 547.205316 545.517264 546.269172 546.943667 552.059363 555.519173 562.031142 567.567025 574.591878 584.250892 596.024101 614.938600 635.645528 656.436918 675.741778
-9999.0 -9999.0 -9999.0 -9999.0 -9999.0 -9999.0 -9999.0 -9999.0 -9999.0 -9999.0 -9999.0 -9999.0 -9999.0 -9999.0 -9999.0 -9999.0 367.235603 369.130010 371.369186 376.830616 379.660115 383.745240 390.780807 392.098767 396.062960 403.367365 408.502143 417.431534 425.657782 433.271412 439.548987 442.588200 450.516712 460.561805 472.870343 488.713548 510.811759 534.234340 551.004280 568.270203 585.718328 586.672202 585.955976 587.469059 588.513632 595.951753 614.275257 620.901291 623.621823 641.622507 656.446425 662.382526 670.674171 690.208096 714.841287 740.158274 771.128324
-9999.0 -9999.0 -9999.0 -9999.0 -9999.0 -9999.0 -9999.0 -9999.0 -9999.0 -9999.0 -9999.0 -9999.0 -9999.0 321.563503 325.748113 335.202893 344.091673 346.568804 350.794335 356.811053 369.112914 372.842111 379.232401 387.010984 398.899113 407.703834 417.167765 429.296712 438.100046 445.745498 453.285802 459.803569 473.783494 489.661270 506.100224 526.990622 549.532674 571.021362 592.512812 608.860871 623.525340 626.776394 626.104161 628.798685 637.329061 655.678876 675.549351 686.891046 707.409976 731.698680 746.461701 759.530767 769.219494 783.140560 804.949125 840.583433 877.327789
-9999.0 -9999.0 -9999.0 -9999.0 -9999.0 -9999.0 -9999.0 -9999.0 -9999.0 -9999.0 287.612314 290.079351 286.708946 286.937646 291.893001 303.947670 317.496945 324.295173 335.825954 356.704334 374.368124 378.077449 392.952469 403.301812 410.270614 421.198620 434.735518 448.100669 465.680706 478.917605 491.698465 512.506839 529.837654 547.204767 565.854780 586.901564 608.271497 638.559947 666.962968 681.615220 705.792807 719.029142 716.987404 717.913155 727.326179 745.017996 768.454128 794.403102 817.813116 844.747908 864.262793 879.526729 891.077816 904.252002 920.520453 954.795169 995.078680
-9999.0 -9999.0 -9999.0 -9999.0 -9999.0 -9999.0 -9999.0 -9999.0 263.276416 270.417576 276.660645 273.715120 269.198583 265.648145 279.130310 295.019261 311.109157 328.574036 344.707017 362.947763 378.633963 395.333738 415.268901 427.406740 439.582184 455.328256 469.593947 487.761703 509.928693 524.512374 543.365455 566.196475 586.453649 605.788383 625.752424 645.448558 674.323892 709.797781 743.615221 768.785527 798.087865 822.991371 823.797477 827.517963 832.969747 859.674042 890.218143 921.683285 948.669345 977.101658 1007.017974 1025.012702 1036.050652 1048.966535 1064.449746 1082.336035 1109.349101
-9999.0 -9999.0 -9999.0 -9999.0 -9999.0 -9999.0 236.766615 260.957462 275.886997 268.101291 259.036652 255.625195 251.929632 273.636800 295.398253 312.574726 329.528064 347.222191 363.932233 378.024022 412.760278 430.441794 445.610471 464.965748 479.938839 494.998613 513.226781 537.694329 561.309566 593.719497 622.933173 649.918652 678.121512 699.687727 720.199056 740.683463 773.942828 812.944300 850.987226 881.479570 909.770275 940.550351 949.276480 955.783577 963.917202 984.253729 1015.268034 1045.540767 1079.455279 1111.671481 1138.010655 1150.113432 1160.663263 1172.109318 1185.615934 1198.268757 1212.678255
-9999.0 -9999.0 -9999.0 -9999.0 203.350542 224.293388 244.602654 275.397988 298.039255 292.983775 300.059815 300.537974 299.122845 302.555402 309.204731 327.393587 345.835176 364.567698 383.198452 419.853738 463.559227 480.366276 506.572391 539.475927 554.194524 570.251961 587.266984 611.659926 641.175421 677.318864 724.536517 765.012066 793.180968 818.045591 840.678394 864.454189 898.856514 937.018650 974.283779 1008.959508 1039.245137 1064.763269 1078.352950 1086.677591 1098.618743 1114.477801 1135.090430 1161.752491 1191.990761 1223.656183 1248.900686 1263.248016 1271.443916 1282.020020 1292.787982 1305.247148 1317.648916
-9999.0 -9999.0 -9999.0 155.057930 193.663127 231.094768 258.413398 289.450837 321.466263 327.068092 335.972740 341.840549 347.749315 356.767186 366.266300 383.305175 398.895718 413.855163 436.044050 473.554830 510.089093 542.861660 576.293885 605.752304 628.483267 645.434236 664.504701 690.081436 731.582734 771.977052 824.457355 879.327426 917.853024 943.657954 966.040126 993.254835 1018.130520 1053.585974 1088.214903 1120.936675 1152.261553 1176.979144 1196.301969 1204.459509 1213.791600 1222.578232 1238.965233 1259.913661 1281.170943 1309.307435 1337.329005 1360.929483 1374.405565 1383.929341 1399.404234 1414.885182 1427.089470
-9999.0 -9999.0 108.228175 145.662124 180.373919 231.366377 284.250267 318.406842 359.488821 384.243760 391.612364 409.835180 426.777984 435.028273 451.623275 469.294389 485.533917 491.479294 507.422438 541.227427 594.050042 642.607195 669.733861 723.537135 757.421341 783.817772 800.762448 827.677715 863.113844 906.921813 956.917137 1007.357952 1046.944308 1078.755246 1095.328717 1114.329559 1137.031880 1160.152039 1192.854289 1221.560862 1251.797926 1277.422882 1299.316224 1307.382511 1312.695282 1327.873044 1350.659329 1374.640507 1397.470240 1419.536949 1426.986230 1436.346296 1440.949700 1443.836078 1447.716222 1450.502720 1452.003688
-9999.0 -9999.0 82.319883 126.857042 168.432940 236.756695 314.863214 352.600299 396.043173 441.775474 461.313114 486.180700 501.907871 515.787106 539.908293 563.434412 573.203645 579.275773 580.106663 636.556989 696.697555 753.550421 809.424077 873.210005 915.751164 929.650797 940.422155 960.643855 986.312327 1030.777148 1080.541921 1133.453343 1177.737749 1208.862417 1225.235882 1242.831928 1262.783136 1280.610188 1298.992710 1335.806207 1360.774413 1384.975718 1410.415724 1430.161211 1438.246669 1441.097763 1433.403432 1440.644119 1445.687347 1448.236472 1449.435723 1446.677404 1446.407406 1447.362274 1448.525986 1443.656349 1437.050605
-9999.0 -5.488050 46.591275 100.394739 170.313729 238.925073 323.949851 404.918363 459.635823 505.674785 535.625841 552.179807 596.757531 642.483377 669.130851 697.152637 698.896785 702.376378 694.674946 742.227784 795.349969 874.873262 984.267640 1037.880535 1075.749473 1077.129298 1072.382628 1085.700945 1111.123744 1154.752330 1220.463579 1267.435950 1318.556913 1356.949193 1371.774341 1378.528188 1395.600965 1414.866413 1410.286018 1428.015607 1436.346795 1443.479796 1445.009305 1446.971880 1448.207681 1448.609352 1445.594264 1439.332205 1431.533629 1425.950395 1421.954863 1417.463404 1419.846946 1422.988992 1423.680008 1416.544374 1408.177365
-9999.0 -40.293807 19.665422 91.875252 163.752448 236.486480 344.754154 482.340303 534.154078 571.681186 598.926325 632.258528 713.769230 779.861761 814.760922 857.231380 853.343812 843.768675 836.181777 871.078094 923.181503 996.703613 1128.721017 1207.735654 1226.944278 1235.816334 1242.316029 1267.384006 1302.576937 1338.019903 1371.135044 1381.193663 1405.137227 1417.957814 1423.195472 1426.260512 1430.508461 1432.045574 1430.914597 1428.254112 1424.473169 1425.474862 1430.090794 1430.369912 1427.776715 1424.699232 1418.928918 1410.860526 1404.512678 1399.134881 1395.769967 1392.290007 1390.400577 1390.213374 1385.644420 1379.502755 1369.700004
-9999.0 -67.423038 2.963659 67.792284 137.367158 257.460067 382.588237 516.241732 608.893706 648.471987 683.204509 759.709749 857.372103 947.396669 995.737787 1019.900409 1025.117185 1010.677771 1020.084585 1065.707316 1129.826363 1214.100415 1292.203667 1359.271325 1368.430446 1369.177185 1353.191071 1363.820019 1375.567442 1381.833037 1388.676587 1396.682809 1406.726626 1413.235454 1414.878393 1414.268077 1411.442512 1405.076188 1401.137382 1398.519381 1395.426906 1395.460135 1398.515080 1399.499675 1396.564920 1392.139253 1386.911259 1380.337263 1373.235274 1365.729314 1361.080296 1356.524193 1353.868677 1348.739909 1343.806447 1337.284316 1322.922641
-9999.0 -161.122976 -74.737136 -16.115667 108.563570 279.357411 405.761523 558.891493 701.624005 746.561777 828.502522 940.987081 1038.544751 1105.977229 1145.091085 1185.282323 1213.272808 1237.904363 1272.808788 1251.109639 1303.775145 1352.402347 1372.458865 1381.008761 1378.451101 1377.274703 1368.659635 1350.640516 1342.981128 1340.474956 1347.286896 1359.733116 1369.865222 1378.928696 1379.274973 1381.319068 1382.310066 1379.682656 1376.638817 1368.950200 1361.587848 1356.200744 1354.779430 1359.807841 1354.344868 1350.361096 1343.776291 1335.182822 1325.898368 1317.544654 1309.364424 1302.179161 1298.874955 1292.855356 1290.797902 1282.298891 1254.664965
-9999.0 -242.044578 -164.030115 -67.203716 77.989851 242.691165 381.515646 552.360202 754.220132 866.735849 980.146741 1044.691710 1113.702029 1173.690036 1233.652421 1274.757470 1296.966640 1306.662420 1302.778965 1313.840762 1288.692596 1286.191507 1304.581229 1329.133159 1339.186658 1340.851597 1331.339854 1321.033586 1315.872122 1317.893172 1320.595642 1323.553479 1325.872250 1326.834082 1325.676821 1328.665958 1333.863024 1328.666110 1320.999268 1313.422674 1306.400604 1298.406825 1293.023574 1289.614056 1287.751933 1286.864412 1278.976393 1268.247592 1257.334035 1248.747259 1240.621606 1234.489312 1231.594960 1226.321554 1218.429456 1206.174825 1178.476205
-9999.0 -335.183807 -216.675112 -117.925058 11.214906 150.717652 283.696225 451.958439 607.457770 822.095402 982.168255 1066.134492 1101.974827 1153.453808 1210.781372 1271.918070 1276.892019 1249.537269 1221.964241 1210.797598 1218.252335 1230.328042 1244.993268 1264.280554 1279.525199 1286.985614 1287.435249 1279.849701 1267.683125 1260.964511 1257.609469 1251.336572 1247.320974 1248.479409 1250.138711 1257.665450 1260.771972 1252.326239 1240.141384 1224.930261 1211.486519 1201.283795 1198.217817 1199.090600 1198.583766 1194.782281 1187.600001 1177.033670 1164.466035 1152.767269 1144.945604 1139.172810 1132.246378 1122.459938 1111.520528 1099.100660 1073.498798
-9999.0 -9999.0 -289.311825 -177.220745 -64.681738 61.960321 184.956144 336.090399 490.704578 675.777502 793.359565 910.092073 974.440683 1017.168118 1066.358006 1117.207741 1133.042701 1149.530718 1132.510631 1137.338845 1145.147516 1152.548414 1163.164377 1174.842647 1186.986275 1195.473205 1201.784919 1199.813261 1191.597294 1176.682279 1159.397549 1146.775647 1140.135878 1135.143679 1144.837745 1156.477403 1154.466757 1148.319469 1136.981516 1121.846085 1109.086778 1095.693694 1091.835068 1091.988911 1091.700296 1088.482233 1083.555630 1070.767345 1057.859195 1045.720057 1039.877650 1033.566185 1027.759367 1016.789366 1005.091748 992.013562 969.205603
-9999.0 -9999.0 -372.629805 -262.225122 -143.878970 -18.173667 87.165734 178.534942 335.926250 456.194548 559.852007 654.252228 731.484431 790.884258 834.019941 891.664990 927.606570 942.369542 958.450535 984.002020 1008.708967 1034.402534 1051.574481 1064.134113 1077.263412 1089.293467 1097.548298 1086.728389 1076.667916 1061.534001 1042.397706 1021.655833 1011.327245 1008.222258 1011.656098 1017.763935 1012.830269 1003.634403 989.799668 974.265504 961.342999 949.687426 945.394562 942.173401 940.735487 937.619235 934.100342 925.118658 913.506847 905.372965 897.057907 890.691579 887.206846 879.940555 870.285493 863.379072 845.822544
