tests/Borden05m/sims/sim_1/output-maps/psiliqL0013N0004.asc
ncols         160
nrows         34
xllcorner     620200.000000
yllcorner     5168000.000000
cellsize      0.500000
NODATA_value  -9999.0
[rows 0 to 24 of 34, columns 0 to 55 of 160]
-9999.0 -9999.0 -9999.0 -9999.0 -9999.0 -9999.0 -9999.0 -9999.0 -9999.0 -9999.0 -9999.0 -9999.0 -9999.0 -9999.0 -9999.0 -9999.0 -9999.0 -9999.0 -9999.0 -9999.0 -9999.0 -9999.0 -9999.0 -9999.0 -9999.0 -9999.0 -9999.0 -9999.0 -9999.0 -9999.0 -9999.0 -9999.0 -9999.0 -9999.0 -9999.0 -9999.0 -9999.0 -9999.0 -9999.0 -9999.0 -9999.0 -9999.0 -9999.0 -9999.0 -9999.0 -9999.0 -9999.0 -9999.0 -9999.0 -9999.0 -9999.0 -9999.0 -9999.0 -9999.0 -9999.0 -9999.0
-9999.0 -9999.0 -9999.0 -9999.0 -9999.0 -9999.0 -9999.0 -9999.0 -9999.0 -9999.0 -9999.0 -9999.0 -9999.0 -9999.0 -9999.0 -9999.0 -9999.0 -9999.0 -9999.0 -9999.0 -9999.0 -9999.0 -9999.0 -9999.0 -9999.0 -9999.0 -9999.0 -9999.0 -9999.0 -9999.0 -9999.0 -9999.0 -9999.0 -9999.0 -9999.0 -9999.0 -9999.0 -9999.0 -9999.0 -9999.0 -9999.0 -9999.0 -9999.0 -9999.0 -9999.0 -9999.0 -9999.0 -9999.0 -9999.0 -9999.0 -9999.0 -9999.0 -9999.0 -9999.0 -9999.0 -9999.0
-9999.0 -9999.0 -9999.0 -9999.0 -9999.0 -9999.0 -9999.0 -9999.0 -9999.0 -9999.0 -9999.0 -9999.0 -9999.0 -9999.0 -9999.0 -9999.0 -9999.0 -9999.0 -9999.0 -9999.0 -9999.0 -9999.0 -9999.0 -9999.0 -9999.0 -9999.0 -9999.0 -9999.0 -9999.0 -9999.0 -9999.0 -9999.0 -9999.0 -9999.0 -9999.0 -9999.0 -9999.0 -9999.0 -9999.0 -9999.0 -9999.0 -9999.0 -9999.0 -9999.0 -9999.0 -9999.0 -9999.0 689.046268 671.747710 656.065445 653.778395 676.300531 699.710501 723.540332 744.168799 762.837980
-9999.0 -9999.0 -9999.0 -9999.0 -9999.0 -9999.0 -9999.0 -9999.0 -9999.0 -9999.0 -9999.0 -9999.0 -9999.0 -9999.0 -9999.0 -9999.0 -9999.0 -9999.0 -9999.0 -9999.0 -9999.0 -9999.0 -9999.0 -9999.0 -9999.0 -9999.0 -9999.0 -9999.0 -9999.0 -9999.0 -9999.0 -9999.0 -9999.0 -9999.0 -9999.0 -9999.0 -9999.0 -9999.0 -9999.0 -9999.0 736.777583 742.704079 743.936282 733.480939 722.300957 710.124020 690.154031 672.436338 657.611968 655.132075 657.847835 662.979018 685.597146 710.308459 730.049528 747.168214
-9999.0 -9999.0 -9999.0 -9999.0 -9999.0 -9999.0 -9999.0 -9999.0 -9999.0 -9999.0 -9999.0 -9999.0 -9999.0 -9999.0 -9999.0 -9999.0 -9999.0 -9999.0 -9999.0 -9999.0 -9999.0 -9999.0 -9999.0 -9999.0 -9999.0 -9999.0 -9999.0 -9999.0 -9999.0 -9999.0 -9999.0 -9999.0 -9999.0 -9999.0 644.372116 661.823623 679.934539 698.369447 715.133705 721.941062 727.825025 733.606169 729.552756 724.963237 713.684633 694.634594 675.176843 661.409089 659.337365 656.948238 661.327644 674.267218 691.129774 707.417087 728.453168 752.089827
-9999.0 -9999.0 -9999.0 -9999.0 -9999.0 -9999.0 -9999.0 -9999.0 -9999.0 -9999.0 -9999.0 -9999.0 -9999.0 -9999.0 -9999.0 -9999.0 -9999.0 -9999.0 -9999.0 -9999.0 -9999.0 -9999.0 -9999.0 -9999.0 -9999.0 -9999.0 -9999.0 -9999.0 648.724748 642.837900 637.819229 636.364867 635.100659 634.021783 640.905571 653.010441 671.094713 692.820704 705.844610 713.142631 719.868500 720.700279 715.775299 713.862628 714.273707 702.536259 690.943845 680.106317 669.666611 668.230619 677.888552 692.096582 708.419728 723.411241 738.980662 750.052190
-9999.0 -9999.0 -9999.0 -9999.0 -9999.0 -9999.0 -9999.0 -9999.0 -9999.0 -9999.0 -9999.0 -9999.0 -9999.0 -9999.0 -9999.0 -9999.0 -9999.0 -9999.0 -9999.0 -9999.0 -9999.0 -9999.0 -9999.0 619.116944 624.921648 631.447277 638.903977 639.828661 635.762454 630.188022 627.187981 625.731480 624.077476 628.593885 636.739706 650.373905 666.266303 688.193302 696.884793 703.124396 715.484725 718.301035 724.054559 728.228511 726.607672 723.844435 711.460377 702.284126 707.458245 713.438409 720.308681 728.379698 741.902171 757.471089 775.037096 795.464203
-9999.0 -9999.0 -9999.0 -9999.0 -9999.0 -9999.0 -9999.0 -9999.0 -9999.0 -9999.0 -9999.0 -9999.0 -9999.0 -9999.0 -9999.0 -9999.0 -9999.0 -9999.0 -9999.0 594.255777 595.159612 596.319566 600.988587 601.813139 603.967490 610.960750 619.116613 621.458937 619.778704 618.362394 619.941146 622.701260 627.100551 638.484708 652.379174 666.653609 680.675134 701.695209 716.611342 730.411897 746.601571 746.014996 742.110530 740.396370 741.033991 741.451856 745.959961 748.966474 755.317960 760.370447 767.032270 776.574692 788.287833 806.901418 827.161193 847.395889
-9999.0 -9999.0 -9999.0 -9999.0 -9999.0 -9999.0 -9999.0 -9999.0 -9999.0 -9999.0 -9999.0 -9999.0 -9999.0 -9999.0 -9999.0 -9999.0 565.700602 567.554609 569.748263 575.128802 577.947431 581.934664 588.861089 590.071794 593.865434 601.009036 605.933732 614.714575 622.763098 630.136334 636.170100 638.944096 646.544306 656.302517 668.323423 683.805576 705.544875 728.776360 745.284936 762.356678 779.680429 780.555549 779.759111 781.171158 781.980023 788.864169 806.741295 812.954038 814.945859 832.211785 846.742904 852.468155 860.731923 880.329916 904.744772 929.249596
-9999.0 -9999.0 -9999.0 -9999.0 -9999.0 -9999.0 -9999.0 -9999.0 -9999.0 -9999.0 -9999.0 -9999.0 -9999.0 519.837026 523.997393 533.490767 542.532656 545.012057 549.235960 555.229048 567.430820 571.049043 577.287065 584.882183 596.670629 605.287342 614.503167 626.380057 634.878535 642.204387 649.375516 655.339663 668.845999 684.297773 700.297918 720.767743 742.966097 763.940610 784.928916 801.077267 815.410528 818.237445 817.642929 820.382977 828.649929 846.538475 866.072781 876.597905 896.379991 920.508656 935.186982 948.258064 958.277518 972.886398 995.382997 1031.378395
-9999.0 -9999.0 -9999.0 -9999.0 -9999.0 -9999.0 -9999.0 -9999.0 -9999.0 -9999.0 486.401524 488.794535 485.391983 485.398044 490.407084 502.472510 516.073057 522.743138 534.253515 555.090383 572.728458 576.265181 590.887010 601.063274 607.826237 618.456660 631.695101 644.682307 661.781800 674.542254 686.645893 706.730890 723.548680 740.434014 758.588069 779.188003 799.781285 829.222897 857.087236 871.179196 894.879997 907.619744 905.823866 906.933713 916.614193 934.066056 957.244288 983.101853 1007.052421 1034.642686 1054.649838 1071.104528 1084.135692 1099.072286 1117.401089 1154.399510
-9999.0 -9999.0 -9999.0 -9999.0 -9999.0 -9999.0 -9999.0 -9999.0 462.032248 469.241432 475.419576 472.445586 467.926651 464.207897 477.780135 493.635731 509.693262 527.186790 543.214377 561.360028 576.787023 593.186253 612.955344 624.793202 636.633213 652.078565 665.970326 683.564598 705.206312 718.841935 736.619008 758.666269 778.090000 796.775199 816.163232 835.211937 863.123260 898.013222 931.543833 956.496061 986.332315 1011.753154 1013.269338 1017.656065 1023.753505 1051.256820 1083.050450 1116.571850 1145.604799 1176.193151 1208.333641 1228.761735 1242.318463 1258.123315 1276.588178 1297.605024
-9999.0 -9999.0 -9999.0 -9999.0 -9999.0 -9999.0 435.376291 459.569633 474.508687 466.654764 457.223401 453.692785 449.834925 472.221455 494.059962 511.272736 528.210233 545.860119 562.457662 576.024703 610.238005 627.853011 642.584658 661.299266 676.006320 690.764949 708.545955 732.404183 755.099025 786.172085 813.800601 839.423564 866.816065 887.727045 907.743847 927.670155 960.745711 1000.157238 1039.304279 1071.367669 1101.938401 1135.566832 1146.195311 1154.418396 1163.897843 1186.467439 1220.390657 1254.150710 1291.613231 1326.721422 1355.496781 1369.586590 1382.304948 1396.174551 1412.080905 1426.535657
-9999.0 -9999.0 -9999.0 -9999.0 402.086169 422.986789 443.139448 473.854403 496.433167 491.381289 498.283480 498.624535 497.053479 500.671740 507.505980 525.693502 544.217197 562.987097 581.232467 617.081467 660.820137 677.018828 702.386111 734.843484 749.091279 764.764914 781.376504 805.098405 833.352715 868.314639 914.107505 953.526763 981.337551 1006.187634 1029.159693 1053.426469 1089.538805 1130.256962 1170.900481 1209.417864 1243.889728 1273.755552 1290.341212 1300.920469 1314.681554 1332.566017 1355.682410 1385.247490 1418.441127 1452.062834 1478.345805 1493.357541 1502.553979 1514.435054 1526.254677 1539.365687
-9999.0 -9999.0 -9999.0 353.406174 392.009033 429.544429 456.690892 487.631853 519.654411 524.870260 533.813143 539.359345 544.922911 553.858029 563.094978 580.246876 596.112700 611.429312 633.493249 670.574083 706.391626 737.926774 770.828049 799.291104 821.310408 837.926254 856.859365 881.920336 922.995251 962.789236 1015.308697 1071.012598 1110.867754 1138.151118 1162.453850 1191.902920 1219.769432 1259.474878 1298.681308 1335.970330 1371.584849 1399.964834 1421.791687 1431.572984 1442.281923 1452.114239 1469.616418 1492.053083 1514.633352 1543.569067 1571.784572 1595.901281 1609.899671 1620.096439 1636.221028 1652.232734
-9999.0 -9999.0 306.474929 344.031034 378.450047 429.066560 481.891601 516.062502 557.007476 581.391349 588.589723 606.496268 623.298291 631.415880 647.862409 665.537878 682.439921 688.713941 704.926125 737.316252 788.884397 836.447838 861.808296 915.210466 949.579701 977.086237 994.942706 1022.544631 1059.246291 1104.090919 1155.875583 1209.024883 1251.483690 1285.957045 1304.913053 1326.290908 1351.495438 1378.115726 1414.758954 1446.753785 1480.211647 1508.188284 1531.512470 1540.031676 1545.913430 1561.866777 1585.758585 1610.944080 1634.751498 1657.509007 1663.397583 1673.729810 1678.920343 1682.333361 1686.955403 1690.384509
-9999.0 -9999.0 280.240581 324.880660 365.882302 433.372523 511.966881 549.368659 592.530699 638.319751 657.699854 682.774381 697.633416 710.582561 735.106778 758.732953 769.787682 776.249523 776.651000 832.716426 892.537337 948.221268 1002.866391 1070.277763 1116.141244 1132.907872 1145.860411 1167.814741 1195.179557 1241.747984 1293.074115 1348.222797 1394.623495 1427.765405 1445.754373 1465.028005 1486.514244 1506.002816 1526.639565 1566.277693 1593.777603 1619.789421 1646.578813 1667.086222 1675.831682 1679.531484 1671.372996 1680.208429 1686.497162 1689.757757 1691.341728 1688.777682 1688.785153 1690.106584 1691.745456 1687.490080
-9999.0 192.064059 244.128169 297.625232 367.039080 434.979690 519.113298 599.480928 654.904123 701.486033 731.597027 747.487196 790.439571 836.585462 864.649565 893.455279 896.523196 901.007189 892.700552 940.905046 994.133301 1074.787107 1188.569209 1247.760443 1291.958467 1296.543308 1293.916029 1308.590270 1334.897405 1379.765127 1446.565981 1493.918852 1546.173592 1585.777341 1601.420327 1608.974530 1627.035442 1647.530959 1641.185578 1662.187777 1672.708658 1681.575111 1684.464987 1687.239756 1689.396628 1690.771694 1688.799565 1683.654910 1677.007154 1672.402477 1669.133848 1665.196351 1668.038048 1671.661355 1672.921052 1666.654627
-9999.0 156.992177 216.707696 288.543509 359.946366 430.627878 536.777802 676.017953 728.323141 766.067855 792.843084 824.401771 907.815208 977.854734 1016.332230 1062.280554 1059.485707 1050.330024 1040.955387 1075.716006 1128.759760 1206.079048 1346.390251 1431.957797 1458.855945 1472.202568 1481.547162 1508.692431 1545.033479 1580.491270 1612.446829 1617.421011 1641.510166 1654.313609 1659.393996 1662.580684 1667.513076 1669.778874 1669.898469 1668.595713 1666.179912 1668.286620 1673.831278 1675.121336 1673.804385 1672.133110 1667.860600 1661.426262 1656.775754 1652.818582 1650.500315 1647.751193 1646.347658 1646.563192 1642.506129 1637.141200
-9999.0 128.889134 199.525578 263.748338 331.428769 449.117702 574.106145 707.821750 800.165546 839.783805 872.937003 951.707113 1057.421381 1157.235561 1213.394624 1242.426458 1248.732250 1232.954385 1240.324761 1285.550819 1350.483690 1439.175162 1525.039875 1599.114747 1614.127428 1620.097794 1605.642143 1619.321352 1632.127826 1636.661066 1640.219031 1644.928323 1651.958732 1656.524825 1657.262245 1656.493879 1654.002055 1648.406345 1645.701437 1644.602698 1643.122116 1644.387771 1648.402668 1650.679966 1649.349138 1646.656358 1643.156274 1638.293197 1632.772358 1626.524360 1622.699932 1618.626617 1616.245304 1611.227314 1606.526517 1600.202988
-9999.0 33.001700 120.046683 177.193858 297.968005 469.612927 595.502127 746.615804 889.975561 934.291604 1018.722162 1142.472393 1253.380062 1332.986982 1380.190760 1425.658493 1456.551253 1481.826419 1516.710898 1487.179769 1540.640565 1592.750248 1616.348902 1629.133562 1632.219174 1636.125235 1631.318411 1615.333230 1607.825850 1603.573797 1607.119551 1615.683829 1622.262865 1628.767436 1627.885833 1629.625612 1630.925888 1629.025357 1627.102308 1620.861018 1615.081375 1610.978071 1610.570386 1616.830485 1612.934654 1610.627881 1605.531681 1598.206286 1589.875208 1582.093349 1574.023533 1566.682408 1563.061536 1556.599961 1553.972602 1544.571592
-9999.0 -47.922241 29.596561 123.543783 265.930259 430.068957 564.902465 733.459478 936.979802 1053.153918 1177.583491 1255.835292 1338.363677 1408.869638 1476.813153 1524.327094 1550.286137 1561.919593 1556.676737 1568.052687 1540.787653 1537.288582 1556.508010 1583.796111 1598.121498 1604.073537 1598.040992 1589.813335 1584.848560 1585.299235 1584.905630 1583.900129 1582.450197 1580.580539 1577.893867 1580.313502 1585.510361 1580.638857 1573.658597 1567.143279 1561.345044 1554.493197 1550.154681 1547.753152 1547.229239 1547.560338 1540.617524 1530.435644 1519.486491 1510.274727 1501.146826 1493.872072 1489.652299 1482.963258 1473.304046 1458.880439
-9999.0 -143.070789 -23.596457 73.334164 199.636414 337.880783 467.961476 633.836310 786.534766 1005.073024 1171.176751 1274.184491 1323.695462 1387.429557 1452.200477 1519.881307 1528.184204 1503.280251 1476.316978 1465.656909 1473.677551 1485.762241 1500.761676 1521.405533 1539.413306 1549.918057 1553.060376 1546.947705 1534.646059 1526.019858 1519.250862 1508.803555 1500.853739 1499.010465 1499.151920 1505.973351 1508.519761 1500.008017 1488.020375 1473.221919 1460.434694 1450.964816 1448.776959 1450.568408 1450.928759 1447.709470 1440.872275 1429.939232 1416.195101 1402.481734 1392.436144 1384.373652 1375.098419 1362.883319 1349.352294 1333.887615
-9999.0 -9999.0 -97.243689 14.426192 125.291646 250.356293 370.243742 518.070727 670.842630 855.636131 977.712306 1107.307358 1183.858148 1235.804252 1291.271024 1348.219669 1369.249837 1390.299196 1376.653543 1383.991564 1393.572233 1402.053217 1413.442606 1426.103179 1439.884162 1450.273315 1458.273758 1456.861258 1448.072606 1430.848110 1409.686126 1392.422620 1381.554969 1373.282489 1381.346664 1392.033107 1389.072675 1382.325790 1370.543220 1355.232337 1342.642849 1329.513676 1326.100840 1326.682158 1326.827465 1323.818144 1318.767796 1305.016799 1290.299493 1275.661562 1266.978546 1257.871662 1249.582956 1236.140193 1221.904198 1206.144518
-9999.0 -9999.0 -180.992486 -71.167808 45.755194 170.498107 273.812001 358.959220 514.267344 633.464579 739.321628 838.956609 923.048773 988.891296 1036.738267 1099.731355 1141.435446 1159.938256 1180.501323 1210.458979 1238.126091 1266.587074 1285.583100 1299.220594 1313.602841 1326.970484 1335.920449 1324.791675 1313.667539 1296.225266 1273.394943 1248.066428 1233.615371 1227.858760 1229.324816 1234.152323 1228.201058 1218.162560 1203.515427 1187.569908 1174.477405 1163.030459 1158.956039 1155.787345 1154.441166 1151.291307 1147.466425 1137.782938 1124.846535 1114.925548 1104.396042 1096.098540 1090.873441 1082.103161 1070.980124 1062.661966
