tests/Borden05m/sims/sim_1/output-maps/psiliqL0006N0006.asc
ncols         160
nrows         34
xllcorner     620200.000000
yllcorner     5168000.000000
cellsize      0.500000
NODATA_value  -9999.0
[rows 0 to 24 of 34, columns 56 to 111 of 160]
-9999.0 -9999.0 -9999.0 -9999.0 -9999.0 -9999.0 -9999.0 -9999.0 -9999.0 -9999.0 -9999.0 -9999.0 -9999.0 -9999.0 -9999.0 -9999.0 -9999.0 -9999.0 -9999.0 -9999.0 -9999.0 -9999.0 -9999.0 -9999.0 -9999.0 -9999.0 -9999.0 -9999.0 -9999.0 -9999.0 -9999.0 -9999.0 -9999.0 -9999.0 -9999.0 -9999.0 -9999.0 -9999.0 -9999.0 -9999.0 -9999.0 -9999.0 -9999.0 -9999.0 -9999.0 -9999.0 -9999.0 -9999.0 -9999.0 -9999.0 -9999.0 -9999.0 -9999.0 -9999.0 -9999.0 -9999.0
-9999.0 -9999.0 -9999.0 -570.984086 -576.640508 -582.255851 -587.564357 -596.965070 -606.434625 -615.431202 -619.610798 -620.708361 -621.781374 -622.338401 -617.153204 -609.408173 -601.954615 -594.824469 -592.592015 -590.272208 -587.990250 -587.519034 -588.932548 -592.276879 -595.639224 -599.124888 -600.610485 -609.150921 -620.728475 -629.846954 -632.664237 -628.114430 -623.550696 -620.981773 -614.685260 -603.635753 -592.557408 -583.844853 -572.073738 -566.631823 -561.319770 -557.779882 -561.542747 -564.815628 -568.141360 -572.372881 -583.195324 -9999.0 -9999.0 -9999.0 -9999.0 -9999.0 -9999.0 -9999.0 -9999.0 -9999.0
-608.358386 -589.311839 -586.145252 -596.845152 -601.716100 -605.243552 -607.742225 -613.261415 -622.371842 -628.086992 -633.828851 -635.642274 -635.903362 -636.053367 -631.980306 -622.384797 -614.531543 -609.859136 -607.611554 -605.329139 -605.125335 -605.686946 -606.207200 -609.211133 -612.713944 -616.199224 -618.048290 -618.256461 -625.943061 -631.237070 -634.461773 -635.464122 -633.050931 -630.761602 -627.901949 -618.086389 -609.605207 -601.116684 -586.997244 -574.667888 -569.318857 -571.419740 -576.191593 -579.505853 -585.355761 -594.635811 -604.871635 -615.496610 -622.621567 -627.724963 -632.471313 -626.112453 -619.641229 -608.967917 -598.337137 -586.090139
-625.383031 -606.001235 -603.378186 -614.542590 -623.327292 -627.654855 -627.960019 -626.289030 -630.408014 -635.425395 -639.416576 -632.220287 -631.247583 -630.280108 -627.289743 -623.852578 -622.069084 -619.386656 -614.245835 -605.470306 -603.040328 -602.684303 -602.701950 -604.636712 -607.837089 -609.687816 -612.538384 -617.819560 -618.681986 -618.200399 -618.028989 -612.663970 -611.183901 -610.009699 -617.188490 -613.912193 -607.517152 -600.490860 -593.118806 -585.800027 -580.623958 -583.395443 -584.493472 -592.329826 -605.637862 -616.842770 -625.328350 -627.916527 -630.744614 -638.013689 -649.606466 -642.575571 -626.803952 -621.844106 -617.709038 -605.408827
-634.249693 -622.627224 -619.990173 -625.451145 -625.036499 -624.005212 -622.860005 -624.847258 -628.184812 -629.582141 -616.701258 -607.431291 -606.079537 -603.453823 -600.427140 -602.178407 -614.942137 -617.847489 -609.323718 -598.940576 -593.140130 -593.225767 -593.447333 -594.895589 -596.054530 -596.733828 -599.335842 -598.112960 -595.456232 -594.435577 -589.102904 -583.464000 -580.794866 -589.863107 -599.182057 -598.856581 -591.189434 -583.244701 -575.691163 -564.328404 -552.156079 -553.286283 -558.774192 -567.219108 -580.494806 -603.546757 -623.270332 -633.265722 -639.184051 -645.599431 -646.464824 -647.920380 -637.377048 -635.209503 -633.254608 -624.166915
-631.116422 -610.423533 -602.362968 -609.004513 -615.467815 -619.710580 -619.598270 -619.595755 -616.103632 -602.655718 -588.939657 -573.766293 -571.564421 -569.383236 -569.916104 -580.256802 -590.803969 -595.519693 -580.316092 -564.830114 -556.759532 -555.938745 -555.075122 -546.460299 -549.009818 -552.283802 -558.314045 -555.812177 -552.478186 -540.344356 -532.949068 -526.449649 -528.522420 -540.286144 -551.081705 -553.163316 -551.548639 -549.922437 -543.999645 -533.105462 -522.286346 -526.728432 -533.993444 -544.285175 -573.242140 -601.359943 -618.138138 -616.728412 -615.717988 -619.755015 -622.492808 -626.024317 -633.630010 -633.669500 -633.779351 -633.935131
-584.201875 -565.873206 -549.824371 -556.472395 -565.868744 -577.933020 -578.091495 -574.671682 -566.540140 -553.373696 -534.617983 -510.516682 -506.919443 -503.106230 -498.762484 -509.673785 -522.039550 -534.394791 -519.287202 -509.871229 -500.705068 -496.929212 -484.626246 -474.181052 -479.714378 -489.174876 -498.865773 -492.314354 -477.443476 -462.223562 -456.072208 -452.959279 -452.138930 -461.809579 -467.085818 -470.312672 -470.455646 -474.775553 -472.132650 -460.122149 -443.776672 -442.910670 -454.348484 -477.460045 -513.218460 -548.796372 -571.730216 -567.599736 -573.442496 -578.818043 -583.012493 -597.058687 -608.571402 -608.684944 -617.965319 -624.038566
-539.291011 -521.661401 -503.939386 -507.883373 -520.190210 -532.981687 -533.189464 -525.005184 -516.289018 -497.636596 -472.776791 -446.692930 -432.758487 -423.739055 -414.188906 -421.664111 -431.640399 -441.729135 -436.977559 -423.414193 -410.047098 -396.870300 -382.476910 -368.405781 -374.028884 -384.084966 -386.611760 -381.904261 -363.399670 -346.270674 -338.465441 -333.157860 -325.389498 -331.352585 -342.160304 -354.646316 -366.272943 -376.039400 -382.032935 -366.142284 -349.987122 -352.087233 -378.877239 -405.469728 -440.829658 -478.420648 -513.689753 -519.739909 -519.831613 -521.110302 -536.671592 -552.065156 -571.613997 -583.062720 -591.802833 -607.023418
-447.711474 -425.382149 -404.920793 -398.996027 -414.026811 -418.772723 -413.810785 -402.248388 -396.274717 -381.793585 -346.938780 -296.569321 -253.127268 -211.198850 -201.867452 -219.796729 -237.993208 -261.220887 -271.727786 -253.699940 -233.242931 -209.469726 -181.614665 -149.899984 -124.952698 -120.866599 -117.879068 -109.428647 -96.929837 -72.528752 -35.076770 -0.531026 17.227675 19.197391 0.619540 -36.730135 -89.644048 -128.475254 -143.310930 -150.716795 -139.292572 -143.734408 -187.783321 -239.435972 -288.129369 -340.009191 -381.242155 -407.062836 -407.388250 -422.417744 -440.420456 -463.355626 -501.352736 -521.710000 -538.885658 -569.437386
-336.274718 -293.968696 -265.310607 -238.980125 -237.024905 -232.303903 -227.362378 -217.321657 -205.739117 -179.975966 -76.427972 8.201805 54.432209 82.161102 91.593982 82.026112 72.670326 62.521605 53.852862 55.250732 68.761301 85.745469 103.153186 116.649183 123.585324 124.110072 126.115084 130.260020 137.714388 148.093922 164.902493 182.529355 197.074826 207.982778 198.891351 171.804526 145.487392 122.026632 112.534543 109.705738 106.676723 104.925306 96.857464 65.311885 30.480402 -27.619669 -147.300427 -215.380070 -255.413303 -286.850102 -317.334133 -369.123858 -415.330981 -452.399668 -483.336456 -513.629038
-92.616081 1.794271 47.871097 67.799891 72.758271 74.018327 76.020879 81.863677 88.870438 103.330867 139.690080 186.881433 221.635170 240.245852 242.129040 237.051241 231.867236 226.412141 221.900799 220.471004 224.007766 229.081063 237.289526 243.690983 250.356148 249.979032 250.595697 251.192384 253.762309 256.903037 260.127447 265.924750 273.079449 278.483908 278.350941 269.735344 258.087604 246.866219 242.663340 239.421659 236.718115 236.682102 236.198983 233.734137 215.686886 177.166723 116.574485 77.828767 51.243675 31.886330 -0.338745 -68.123434 -186.151653 -239.527173 -291.482076 -344.516670
132.625402 178.154115 211.192519 225.722362 230.109768 228.942048 229.360038 232.697412 236.162792 243.259445 254.755543 267.258877 281.434226 294.191753 304.200210 302.603483 297.433075 289.161834 288.980518 289.339562 289.699660 292.084903 293.713849 300.612779 308.133571 310.507264 310.669833 309.191157 310.913410 312.079693 312.722185 312.902237 314.151855 317.092704 318.027381 316.603313 309.557457 300.029757 292.246598 288.348158 287.226025 286.354815 287.204989 287.344122 283.159583 268.291755 246.970921 227.248663 212.822163 197.764705 177.700415 149.212439 116.870897 92.061841 58.838452 0.353698
242.244926 258.433973 272.389205 284.170255 291.335997 292.031588 294.648163 295.527004 300.531611 308.492179 317.170199 321.823680 328.201886 341.722350 349.425497 354.748223 357.006275 358.724997 361.445133 362.008004 357.098068 357.910766 358.017890 358.072758 360.151353 360.283241 359.915416 359.933844 360.475639 361.018861 361.546935 361.590688 359.925406 359.865197 359.625621 359.597038 357.927056 354.175585 341.561664 333.076284 329.729260 326.271154 321.814677 317.006253 313.346334 308.154893 297.631661 283.841017 270.776794 266.137047 261.807004 254.807438 248.079210 237.746402 223.915596 196.240260
297.163390 303.324145 311.415559 322.833946 330.225106 335.917278 341.680080 344.810305 353.691293 362.618430 361.818356 361.368900 360.537777 360.514649 360.188898 360.416991 360.580656 359.008840 359.627027 358.964941 354.527961 346.461475 347.896413 348.393806 349.865488 352.458594 350.683942 351.300000 354.397907 353.415385 349.108890 346.606051 345.203627 344.767786 350.886045 353.460585 354.128151 355.096098 355.210677 355.944807 356.656377 357.186067 357.406881 357.357525 355.053302 348.883403 334.941826 320.968467 305.782670 298.818636 296.428690 297.698490 295.905292 294.554241 286.519284 273.459551
350.489401 359.549639 365.246160 364.631140 363.943112 363.339301 364.143843 365.740750 365.047349 361.389899 357.819563 353.262276 352.250736 350.883179 348.618578 349.290443 347.745548 344.887013 343.275666 339.885451 332.223944 324.642092 324.021123 327.108390 329.304032 331.363100 332.605741 335.105780 337.377873 334.410657 329.319353 325.835095 324.690690 328.482114 331.167557 334.049894 333.916636 332.792977 331.882596 333.341473 332.447320 333.453571 338.696730 349.089082 354.995515 354.671118 355.268880 356.303677 356.623045 341.426708 327.581551 330.177358 328.012066 322.733829 313.325609 304.398953
358.161448 357.985601 355.472899 349.825427 344.338592 343.597661 347.017621 353.362548 355.025476 349.070757 342.653895 337.594984 332.748172 331.512323 330.230519 329.525610 330.040515 327.526264 325.662677 319.184653 314.811394 309.978877 307.206465 306.415080 309.119095 313.006900 316.289251 318.602621 316.062073 313.706955 309.643081 306.353236 307.318115 308.157780 311.751174 317.661807 317.649875 318.195996 316.583674 316.285036 313.941635 313.214621 316.443022 323.242442 329.221787 334.984476 339.863993 345.722715 350.860970 356.653539 356.254009 355.230244 354.654624 351.775423 341.387886 330.402650
344.577253 339.633759 336.103738 330.925865 326.896222 326.276263 328.586525 332.077154 330.548666 327.353439 322.937549 318.296784 313.940422 311.807273 312.931280 314.618304 315.767748 314.161092 308.452685 301.580122 296.787355 290.135754 289.090003 286.220176 283.052741 287.655313 295.367235 298.056942 291.356540 288.472155 282.679020 280.170761 279.383397 279.669780 283.320509 292.026832 301.089447 301.456552 297.565176 294.660593 293.979109 293.031985 296.028673 304.356202 312.039910 316.588466 319.265550 320.593757 323.918425 327.742385 332.401512 338.881479 345.746006 353.635464 353.290755 353.497195
328.163693 325.168789 322.480173 320.065925 317.991801 316.498919 315.615517 315.271785 312.825390 311.197475 308.369599 304.048063 299.244197 292.051357 290.885455 289.948045 292.653101 287.374210 283.396873 273.246909 264.404603 252.694260 244.868970 239.542387 233.807847 235.626227 243.996677 249.758943 240.693849 236.539484 229.948471 227.630104 226.344131 226.892312 231.898597 245.757203 257.452458 263.349746 261.721417 262.228712 264.433768 265.891993 268.424739 275.535733 284.533314 293.465681 299.196295 301.991685 304.206228 307.527135 312.803354 317.187444 321.402390 327.452365 335.817053 345.179833
317.490224 314.621131 312.074588 308.517358 304.276417 302.331858 304.034281 300.166126 297.558109 293.882396 268.599837 260.175798 247.368773 235.711782 231.556133 226.458089 224.178694 219.163394 215.519393 205.302393 183.013112 149.046519 119.221684 106.473465 97.593129 87.702106 92.916648 96.571615 97.821281 91.646270 85.746614 83.516276 81.741670 86.207833 101.289070 117.263650 133.722916 147.882153 156.184949 175.651481 194.058225 201.928155 217.554635 226.996955 238.966576 254.398080 269.422398 275.971767 280.051540 284.538346 290.990919 297.095385 302.228119 310.124760 319.081256 323.976911
307.022659 302.638747 297.227297 292.065531 286.421757 280.286384 281.482683 278.463130 272.615348 245.926089 213.082416 177.902674 142.006979 104.892700 87.057306 75.093191 53.222445 41.026215 32.307254 28.046147 -2.767509 -75.630365 -136.335274 -162.560450 -177.760732 -199.474859 -206.767065 -198.675414 -181.767162 -196.283054 -205.664207 -203.442620 -207.767150 -208.927223 -187.159384 -148.579769 -117.978796 -85.637112 -51.269955 -19.734009 12.600286 48.462432 69.242546 90.690251 123.762645 167.592210 201.343164 223.266195 234.689963 246.663114 260.108071 269.021628 278.215388 287.542704 299.454875 305.516043
281.493399 273.027771 263.790570 251.572763 237.669096 222.648496 220.208598 209.356810 182.739356 114.915374 55.762020 -0.026096 -83.856264 -166.732023 -206.578986 -245.359414 -289.526712 -316.547439 -316.799264 -310.946791 -319.245703 -341.227518 -358.878351 -370.952796 -383.895936 -399.744690 -409.435519 -401.088263 -391.641884 -388.416019 -386.866481 -383.379733 -382.726768 -384.051835 -385.363197 -373.858062 -363.278217 -351.119172 -339.699612 -327.796702 -292.925151 -254.757290 -224.391661 -180.776599 -116.020686 -12.360456 44.986964 82.400221 113.235914 153.243035 188.700925 214.667806 231.871547 249.061602 267.161160 279.557643
238.205803 217.772096 190.763765 149.317483 93.924997 71.509170 58.753429 41.258664 -18.011893 -158.111455 -253.841104 -303.981062 -340.787579 -370.637628 -397.896650 -428.204390 -456.527186 -475.466710 -468.743029 -461.843417 -453.465914 -466.351501 -478.924940 -485.900837 -499.969437 -513.785217 -527.041776 -518.590892 -509.595468 -495.323684 -492.303055 -489.502119 -484.029059 -485.781863 -487.855248 -493.553815 -484.860999 -475.737292 -463.878008 -439.151358 -414.202585 -389.502629 -367.928000 -345.062015 -316.712417 -279.266389 -234.728130 -182.381172 -123.789224 -35.035619 33.869775 76.198189 111.339863 153.683852 193.828252 220.270592
103.661861 66.701628 21.000990 -69.379229 -196.701755 -254.955795 -272.885090 -315.608335 -359.687519 -409.029864 -435.247289 -455.854547 -478.935916 -499.965157 -520.229106 -546.145889 -568.722374 -590.641463 -586.271147 -574.310727 -560.879243 -569.031289 -573.919068 -577.166120 -588.680664 -601.946171 -615.142476 -611.434262 -597.237043 -581.136773 -575.216935 -569.443041 -562.367446 -562.528767 -568.672573 -577.032309 -571.846195 -559.519803 -544.741597 -523.654331 -501.966618 -481.034735 -461.979763 -440.556277 -417.499671 -393.233468 -365.704472 -335.407219 -310.179295 -274.290661 -228.314429 -180.119723 -129.241359 -42.257855 30.305956 68.935808
-152.740539 -215.279890 -264.268267 -323.679122 -376.002392 -421.137580 -455.050584 -486.518612 -516.884838 -536.955781 -555.195178 -573.017519 -590.841197 -610.251804 -629.289830 -648.419369 -669.412839 -689.467327 -684.136224 -670.545691 -657.380077 -655.918913 -658.840467 -661.791781 -669.777039 -683.025001 -695.480671 -687.683521 -672.360614 -657.164944 -647.877857 -641.523865 -635.308855 -638.177143 -646.332994 -653.992405 -646.697218 -632.086037 -617.628312 -600.311665 -579.766014 -559.207971 -538.912104 -517.623762 -496.185672 -472.383673 -447.597604 -422.252339 -397.338847 -372.548858 -346.604660 -330.844327 -313.142476 -292.573794 -256.788331 -216.346727
-359.645161 -387.945281 -416.538733 -450.916942 -490.470258 -521.663044 -551.913560 -580.976151 -609.776029 -632.889972 -650.281748 -660.141493 -674.409423 -693.357045 -706.744971 -723.264837 -743.270331 -745.540946 -741.232840 -728.098392 -724.985131 -724.190547 -727.129512 -728.204790 -733.312675 -745.856908 -741.085158 -733.115722 -717.974147 -706.967825 -697.862765 -691.618790 -687.462138 -688.426580 -696.174774 -694.189140 -687.043515 -672.634402 -661.118694 -646.038619 -625.655239 -608.825550 -590.036383 -569.034795 -547.390737 -524.483425 -500.218093 -474.012568 -450.072282 -430.024076 -419.530633 -408.008416 -399.873905 -402.738109 -385.700417 -367.242796
