tests/Borden05m/sims/sim_1/output-maps/psiliqL0008N0006.asc
ncols         160
nrows         34
xllcorner     620200.000000
yllcorner     5168000.000000
cellsize      0.500000
NODATA_value  -9999.0
[rows 0 to 24 of 34, columns 0 to 56 of 160]
-9999.0 -9999.0 -9999.0 -9999.0 -9999.0 -9999.0 -9999.0 -9999.0 -9999.0 -9999.0 -9999.0 -9999.0 -9999.0 -9999.0 -9999.0 -9999.0 -9999.0 -9999.0 -9999.0 -9999.0 -9999.0 -9999.0 -9999.0 -9999.0 -9999.0 -9999.0 -9999.0 -9999.0 -9999.0 -9999.0 -9999.0 -9999.0 -9999.0 -9999.0 -9999.0 -9999.0 -9999.0 -9999.0 -9999.0 -9999.0 -9999.0 -9999.0 -9999.0 -9999.0 -9999.0 -9999.0 -9999.0 -9999.0 -9999.0 -9999.0 -9999.0 -9999.0 -9999.0 -9999.0 -9999.0 -9999.0 -9999.0
-9999.0 -9999.0 -9999.0 -9999.0 -9999.0 -9999.0 -9999.0 -9999.0 -9999.0 -9999.0 -9999.0 -9999.0 -9999.0 -9999.0 -9999.0 -9999.0 -9999.0 -9999.0 -9999.0 -9999.0 -9999.0 -9999.0 -9999.0 -9999.0 -9999.0 -9999.0 -9999.0 -9999.0 -9999.0 -9999.0 -9999.0 -9999.0 -9999.0 -9999.0 -9999.0 -9999.0 -9999.0 -9999.0 -9999.0 -9999.0 -9999.0 -9999.0 -9999.0 -9999.0 -9999.0 -9999.0 -9999.0 -9999.0 -9999.0 -9999.0 -9999.0 -9999.0 -9999.0 -9999.0 -9999.0 -9999.0 -9999.0
-9999.0 -9999.0 -9999.0 -9999.0 -9999.0 -9999.0 -9999.0 -9999.0 -9999.0 -9999.0 -9999.0 -9999.0 -9999.0 -9999.0 -9999.0 -9999.0 -9999.0 -9999.0 -9999.0 -9999.0 -9999.0 -9999.0 -9999.0 -9999.0 -9999.0 -9999.0 -9999.0 -9999.0 -9999.0 -9999.0 -9999.0 -9999.0 -9999.0 -9999.0 -9999.0 -9999.0 -9999.0 -9999.0 -9999.0 -9999.0 -9999.0 -9999.0 -9999.0 -9999.0 -9999.0 -9999.0 -9999.0 -320.110149 -337.835371 -354.923939 -356.704489 -333.837837 -310.541099 -286.983131 -266.652151 -248.157675 -229.310193
-9999.0 -9999.0 -9999.0 -9999.0 -9999.0 -9999.0 -9999.0 -9999.0 -9999.0 -9999.0 -9999.0 -9999.0 -9999.0 -9999.0 -9999.0 -9999.0 -9999.0 -9999.0 -9999.0 -9999.0 -9999.0 -9999.0 -9999.0 -9999.0 -9999.0 -9999.0 -9999.0 -9999.0 -9999.0 -9999.0 -9999.0 -9999.0 -9999.0 -9999.0 -9999.0 -9999.0 -9999.0 -9999.0 -9999.0 -9999.0 -272.102409 -266.316912 -264.779168 -275.880062 -287.439474 -299.444734 -319.589056 -337.708564 -353.644317 -356.779090 -354.410889 -348.764576 -325.659149 -301.522296 -282.219400 -264.945065 -245.982145
-9999.0 -9999.0 -9999.0 -9999.0 -9999.0 -9999.0 -9999.0 -9999.0 -9999.0 -9999.0 -9999.0 -9999.0 -9999.0 -9999.0 -9999.0 -9999.0 -9999.0 -9999.0 -9999.0 -9999.0 -9999.0 -9999.0 -9999.0 -9999.0 -9999.0 -9999.0 -9999.0 -9999.0 -9999.0 -9999.0 -9999.0 -9999.0 -9999.0 -9999.0 -363.877006 -346.321957 -328.350010 -310.228464 -293.835965 -287.429388 -281.621841 -275.914645 -280.121194 -285.221050 -296.843045 -315.700154 -335.833908 -350.521242 -353.515605 -356.448487 -352.275771 -339.248027 -322.734338 -306.398986 -285.594775 -262.714594 -253.801989
-9999.0 -9999.0 -9999.0 -9999.0 -9999.0 -9999.0 -9999.0 -9999.0 -9999.0 -9999.0 -9999.0 -9999.0 -9999.0 -9999.0 -9999.0 -9999.0 -9999.0 -9999.0 -9999.0 -9999.0 -9999.0 -9999.0 -9999.0 -9999.0 -9999.0 -9999.0 -9999.0 -9999.0 -358.418742 -364.541231 -370.018295 -371.844246 -373.477324 -375.017752 -368.243411 -356.018203 -337.814114 -316.540883 -304.025085 -297.145647 -290.868461 -290.307720 -295.390341 -297.928693 -298.099181 -310.154838 -322.200654 -333.519204 -344.414547 -345.892198 -336.544061 -322.941704 -307.168975 -292.659780 -277.638352 -264.664850 -249.521214
-9999.0 -9999.0 -9999.0 -9999.0 -9999.0 -9999.0 -9999.0 -9999.0 -9999.0 -9999.0 -9999.0 -9999.0 -9999.0 -9999.0 -9999.0 -9999.0 -9999.0 -9999.0 -9999.0 -9999.0 -9999.0 -9999.0 -9999.0 -387.020484 -381.031319 -374.771602 -367.702946 -367.119517 -371.737575 -377.764966 -381.341031 -383.309420 -385.247123 -381.236097 -373.075388 -359.606147 -343.912584 -322.553040 -314.251775 -307.816438 -295.573270 -293.761464 -289.485535 -285.870668 -288.122267 -291.153479 -303.474009 -312.653970 -307.064418 -301.102694 -295.069946 -287.987992 -275.312734 -259.882622 -242.295824 -221.777852 -200.197425
-9999.0 -9999.0 -9999.0 -9999.0 -9999.0 -9999.0 -9999.0 -9999.0 -9999.0 -9999.0 -9999.0 -9999.0 -9999.0 -9999.0 -9999.0 -9999.0 -9999.0 -9999.0 -9999.0 -411.370095 -410.739549 -410.023249 -405.732410 -404.958596 -402.959946 -396.227418 -388.393634 -386.702876 -388.623185 -390.723846 -389.592924 -387.357107 -383.629543 -372.452121 -358.912949 -345.070619 -331.150915 -310.518505 -296.029190 -282.302718 -266.416267 -268.325319 -273.333724 -276.042354 -276.081292 -275.825019 -269.845088 -266.301669 -260.895448 -255.134465 -248.274688 -239.687876 -229.251655 -210.898352 -190.583684 -170.014021 -150.268489
-9999.0 -9999.0 -9999.0 -9999.0 -9999.0 -9999.0 -9999.0 -9999.0 -9999.0 -9999.0 -9999.0 -9999.0 -9999.0 -9999.0 -9999.0 -9999.0 -439.241581 -437.587106 -435.779846 -430.715794 -428.592622 -424.983618 -418.482515 -417.817636 -414.312070 -407.598238 -402.984936 -394.913429 -387.531187 -380.613143 -375.130199 -372.917439 -365.570807 -356.276205 -344.695862 -329.231581 -307.441765 -285.008322 -269.007282 -252.678825 -236.263576 -236.450531 -238.143175 -237.509483 -237.020333 -229.078092 -210.789682 -204.548561 -200.882990 -181.489147 -166.759604 -161.088421 -153.656341 -135.266286 -110.737880 -82.821577 -48.513954
-9999.0 -9999.0 -9999.0 -9999.0 -9999.0 -9999.0 -9999.0 -9999.0 -9999.0 -9999.0 -9999.0 -9999.0 -9999.0 -482.914772 -478.951750 -470.119993 -462.399103 -460.550746 -457.064224 -451.817379 -440.063598 -436.992209 -431.202536 -423.999299 -413.106947 -405.082049 -396.298028 -384.968196 -376.939887 -370.196848 -363.513357 -357.210909 -343.723926 -328.522861 -312.739099 -292.602165 -271.230392 -250.306146 -229.354238 -214.563462 -200.507734 -197.117836 -199.342413 -197.975239 -189.681003 -170.852130 -150.884540 -137.199704 -113.759593 -87.828535 -70.943311 -55.727043 -45.011663 -31.038818 -8.178935 32.805709 78.495930
-9999.0 -9999.0 -9999.0 -9999.0 -9999.0 -9999.0 -9999.0 -9999.0 -9999.0 -9999.0 -517.870054 -515.403747 -519.094193 -518.457300 -514.217640 -502.774633 -490.089673 -483.562648 -472.870205 -452.875529 -436.324746 -433.348907 -418.960655 -409.554365 -403.538185 -393.305568 -380.614382 -367.985770 -350.929486 -338.578539 -326.104493 -305.431565 -289.198149 -273.108707 -255.749014 -236.292964 -215.252568 -184.770167 -156.910014 -142.046763 -116.923175 -101.909432 -104.863886 -104.460838 -95.722126 -75.793203 -48.269941 -16.834058 11.970585 47.087944 77.615209 99.261151 114.927572 131.825665 153.283468 198.037376 262.160205
-9999.0 -9999.0 -9999.0 -9999.0 -9999.0 -9999.0 -9999.0 -9999.0 -541.467527 -534.905858 -528.816833 -532.126902 -537.193331 -540.678452 -528.177013 -512.839884 -497.418339 -481.025478 -465.642912 -448.422103 -433.322452 -417.216945 -398.508363 -387.198808 -375.810712 -361.081816 -347.765296 -329.997851 -308.825883 -294.155491 -275.064668 -253.287195 -233.851396 -215.950324 -197.560426 -178.920430 -149.142071 -113.019254 -77.832518 -49.333949 -17.841691 10.289986 12.984373 18.519923 27.020097 60.690088 102.730155 146.242939 190.077026 242.637404 300.432197 331.320322 347.786586 362.871549 380.368016 401.533350 436.587059
-9999.0 -9999.0 -9999.0 -9999.0 -9999.0 -9999.0 -566.604726 -542.782060 -528.379878 -536.438716 -544.641422 -548.224958 -551.969724 -533.668801 -512.933573 -496.714298 -480.669913 -464.013905 -448.396108 -434.087473 -399.244769 -383.608479 -369.078973 -349.481663 -335.931961 -322.298497 -305.160694 -281.560234 -258.275114 -225.107818 -194.476779 -166.701235 -139.185198 -118.208326 -98.000380 -76.021429 -40.048563 3.233733 48.539319 90.583375 128.820441 166.671835 182.174440 193.957336 211.797049 248.869123 305.513642 350.951999 395.231709 438.365406 475.891930 494.473730 507.002544 517.706001 529.060816 540.548694 553.877605
-9999.0 -9999.0 -9999.0 -9999.0 -599.496712 -578.805838 -558.479221 -527.973406 -505.751280 -511.577914 -504.580840 -504.366642 -506.000685 -504.165130 -499.148941 -481.912868 -464.977090 -447.931556 -429.743947 -392.059101 -350.795056 -334.348705 -307.397431 -275.221878 -261.461438 -246.876051 -231.572714 -208.185631 -177.610099 -140.591943 -90.332671 -46.356477 -15.711544 11.893178 38.365597 70.212248 114.047454 165.877621 225.313890 292.062776 339.538793 371.366613 388.604102 399.129151 415.332140 439.250594 470.734689 502.879693 532.837977 562.584470 586.562308 600.106079 606.460053 613.859775 621.315579 630.455026 639.363127
-9999.0 -9999.0 -9999.0 -645.765274 -607.593990 -571.219374 -544.007252 -513.453577 -482.392300 -476.257254 -468.520230 -462.357212 -456.016734 -447.574368 -437.930412 -422.314752 -409.105358 -397.397197 -377.029085 -340.302471 -303.705794 -268.947921 -235.991454 -204.578484 -180.873407 -164.592956 -147.008297 -120.807482 -77.337986 -31.679933 28.776984 94.869077 144.334474 181.108900 216.303528 264.647789 310.693120 359.211104 406.787047 453.458175 491.599535 517.293166 534.908588 541.342282 549.342647 558.928100 576.193755 594.688207 611.055549 632.549469 654.208122 671.324182 680.329911 685.842067 697.095941 708.884538 718.024348
-9999.0 -9999.0 -691.801392 -655.221514 -619.984133 -568.393542 -516.353313 -483.491224 -443.169492 -418.254998 -411.495735 -393.026615 -376.256794 -368.032869 -351.100388 -333.785987 -321.116822 -318.456382 -306.352208 -269.860702 -214.733632 -163.309990 -127.278597 -67.393317 -30.936633 -5.625310 10.987016 41.809378 84.696653 144.012948 218.457991 296.334740 349.855890 388.705399 411.573179 439.737379 472.500069 499.855108 533.417508 562.258741 588.170225 608.427547 625.065873 630.634117 633.572762 645.491000 663.199586 681.005074 697.662474 714.054818 724.213851 727.067297 727.922190 728.202890 728.989101 729.678264 730.039352
-9999.0 -9999.0 -716.428610 -672.782148 -629.791993 -559.386720 -484.745445 -447.472096 -404.789381 -360.899349 -342.000566 -318.412158 -298.727845 -279.829455 -255.620764 -231.305033 -226.968716 -224.283344 -224.894469 -168.820772 -105.716946 -34.406660 47.316244 119.554082 170.329523 186.908262 201.917561 235.933687 283.683896 342.398022 405.013617 466.338921 513.302816 542.818292 558.083171 574.704011 594.169899 610.735817 625.483583 654.481631 671.127880 687.881065 706.889155 722.988964 728.971179 729.612581 725.112452 727.399843 728.756903 729.255261 729.139246 725.770907 724.919335 725.420056 726.500801 722.142939 716.732582
-9999.0 -802.199777 -750.548054 -696.280247 -625.549096 -555.999260 -469.614248 -388.784913 -339.463141 -297.517167 -268.795854 -247.866397 -191.375493 -139.153623 -110.022746 -78.952233 -80.701858 -82.499431 -90.132020 -42.344717 25.303666 135.735742 285.943398 355.474541 395.182895 402.454676 403.161144 424.427981 459.180466 503.239383 561.471710 599.786376 639.292807 667.837866 677.538790 681.313519 695.428708 711.877905 717.597566 725.707926 728.130929 729.884314 726.939226 727.251919 727.773755 728.152613 725.461156 719.929670 713.152587 708.631221 705.513221 701.624438 704.475448 708.111778 709.971438 704.547572 699.059575
-9999.0 -835.903662 -775.526936 -702.818445 -630.639171 -552.091123 -438.517562 -311.029018 -264.929028 -230.314220 -198.625243 -147.228185 -50.758513 29.483479 75.417951 121.844317 118.853372 105.832323 104.474785 151.564262 234.673764 328.829165 466.865226 549.762585 564.136812 575.713071 584.790746 608.165893 638.027611 664.263164 685.832730 699.127669 708.858974 712.757681 714.164157 715.289540 717.235000 718.084455 715.942020 712.982135 708.864475 709.119806 712.747912 712.801977 710.882121 709.083874 705.015499 699.154495 695.607840 693.097067 692.051469 690.395244 690.063237 691.508004 689.171090 685.958978 680.579083
-9999.0 -859.084927 -790.328143 -724.306867 -649.172963 -522.612621 -401.357527 -273.200535 -184.449987 -144.555991 -88.179253 19.137479 146.933823 272.551271 334.825427 361.436241 369.457904 358.420308 371.051759 416.722911 484.221058 560.151059 620.347956 676.721709 686.018131 688.903423 683.762697 690.523740 696.801902 699.092939 700.427285 700.864439 705.691077 708.174792 707.536594 705.536507 701.989518 695.598185 692.144402 690.666685 688.726251 689.356499 692.440822 693.584091 692.346457 690.358233 688.195594 685.330553 682.493159 679.113039 677.980472 676.245830 675.690810 672.853133 670.063253 666.925430 658.405236
-9999.0 -943.932760 -860.851612 -797.765527 -659.870835 -496.334603 -373.649694 -219.664596 -84.887263 -26.976168 93.339655 254.034232 381.487647 467.331391 513.917097 551.016059 572.731541 591.948774 618.195730 616.674747 656.339910 686.728977 695.833177 699.111599 694.408345 696.094103 691.233790 676.688381 670.348940 666.523256 669.561371 676.947415 682.580638 688.192836 686.722764 687.453474 687.609359 685.422006 683.773877 678.223040 672.946026 669.261561 668.952637 674.768610 671.224271 669.820304 667.092716 663.230390 659.005607 655.285794 651.294965 647.294623 646.016896 641.609115 640.941327 635.327782 613.284717
-9999.0 -1024.572672 -945.392411 -838.552772 -684.730535 -522.037670 -373.874196 -202.074187 -9.976572 116.184925 271.098252 378.726480 475.855873 548.488058 606.386036 637.040543 652.412323 657.399058 656.679240 659.810391 635.563044 630.250491 642.962385 661.828734 669.392100 672.675322 666.427903 659.340615 656.452866 658.434553 659.547745 660.525832 660.753737 659.822653 657.221971 658.554783 662.678321 658.464203 652.739995 647.128274 641.983517 635.688810 631.487626 629.489515 628.821830 630.221882 626.125348 620.125242 614.312513 610.414418 606.099745 602.456846 600.973453 595.911676 587.557453 574.184856 546.190121
-9999.0 -1109.546244 -995.637381 -891.086254 -753.087072 -612.630011 -474.631020 -305.019580 -141.545340 85.761070 309.381899 411.869505 470.036752 522.513166 579.225666 633.103650 639.661111 614.965232 593.115200 582.188452 585.011026 592.447438 602.745202 618.211455 630.531866 637.689732 639.024704 633.776210 624.405456 619.929151 618.029232 612.518132 608.286094 608.430892 607.523760 612.225490 614.652566 606.335650 594.419267 578.903950 564.786648 554.336623 550.748233 551.330412 551.406697 549.572252 544.909263 538.049949 529.525303 521.867198 516.549944 512.216590 505.281315 493.035401 475.365640 451.128410 412.037154
-9999.0 -9999.0 -1064.145423 -951.588713 -834.464576 -704.970517 -575.015651 -418.315763 -261.559390 -65.179273 81.902031 233.467449 315.861592 370.027519 432.746066 494.183895 513.648910 529.146326 511.587346 513.912628 518.244096 522.175918 529.991733 539.849131 550.851997 559.113493 565.060252 564.038088 556.719858 543.908403 529.232641 518.528168 512.266520 507.081338 514.060037 522.937393 520.019350 511.895361 495.633332 471.168583 448.624467 428.956269 421.873646 421.048820 420.569021 417.598457 412.740622 400.566282 388.427405 376.810990 371.442683 365.066802 356.966043 340.607901 317.085076 280.875824 231.326723
-9999.0 -9999.0 -1145.631375 -1033.821342 -911.522719 -784.623594 -675.162892 -564.723373 -405.218460 -281.493215 -174.755420 -72.489107 12.361387 83.159722 151.978754 242.986191 288.029938 306.788047 317.633330 334.234233 354.588341 374.926728 389.777612 403.631980 419.136871 433.544173 443.058678 431.268249 418.093321 399.823087 378.682360 357.174822 345.996900 340.673437 343.898703 349.546944 343.001285 329.358104 305.903803 270.977903 238.617935 213.539261 203.485562 198.976969 197.173681 193.035083 187.427823 174.500489 159.068557 148.056564 138.359729 129.884487 123.779534 111.826676 95.562874 79.798510 52.195191
