tests/Borden05m/sims/sim_1/output-maps/psiliqL0011N0018.asc
ncols         160
nrows         34
xllcorner     620200.000000
yllcorner     5168000.000000
cellsize      0.500000
NODATA_value  -9999.0
[rows 0 to 24 of 34, columns 0 to 56 of 160]
-9999.0 -9999.0 -9999.0 -9999.0 -9999.0 -9999.0 -9999.0 -9999.0 -9999.0 -9999.0 -9999.0 -9999.0 -9999.0 -9999.0 -9999.0 -9999.0 -9999.0 -9999.0 -9999.0 -9999.0 -9999.0 -9999.0 -9999.0 -9999.0 -9999.0 -9999.0 -9999.0 -9999.0 -9999.0 -9999.0 -9999.0 -9999.0 -9999.0 -9999.0 -9999.0 -9999.0 -9999.0 -9999.0 -9999.0 -9999.0 -9999.0 -9999.0 -9999.0 -9999.0 -9999.0 -9999.0 -9999.0 -9999.0 -9999.0 -9999.0 -9999.0 -9999.0 -9999.0 -9999.0 -9999.0 -9999.0 -9999.0
-9999.0 -9999.0 -9999.0 -9999.0 -9999.0 -9999.0 -9999.0 -9999.0 -9999.0 -9999.0 -9999.0 -9999.0 -9999.0 -9999.0 -9999.0 -9999.0 -9999.0 -9999.0 -9999.0 -9999.0 -9999.0 -9999.0 -9999.0 -9999.0 -9999.0 -9999.0 -9999.0 -9999.0 -9999.0 -9999.0 -9999.0 -9999.0 -9999.0 -9999.0 -9999.0 -9999.0 -9999.0 -9999.0 -9999.0 -9999.0 -9999.0 -9999.0 -9999.0 -9999.0 -9999.0 -9999.0 -9999.0 -9999.0 -9999.0 -9999.0 -9999.0 -9999.0 -9999.0 -9999.0 -9999.0 -9999.0 -9999.0
-9999.0 -9999.0 -9999.0 -9999.0 -9999.0 -9999.0 -9999.0 -9999.0 -9999.0 -9999.0 -9999.0 -9999.0 -9999.0 -9999.0 -9999.0 -9999.0 -9999.0 -9999.0 -9999.0 -9999.0 -9999.0 -9999.0 -9999.0 -9999.0 -9999.0 -9999.0 -9999.0 -9999.0 -9999.0 -9999.0 -9999.0 -9999.0 -9999.0 -9999.0 -9999.0 -9999.0 -9999.0 -9999.0 -9999.0 -9999.0 -9999.0 -9999.0 -9999.0 -9999.0 -9999.0 -9999.0 -9999.0 290.694803 273.348414 257.265023 255.313835 278.025733 301.436278 325.210553 345.804010 364.511253 383.551848
-9999.0 -9999.0 -9999.0 -9999.0 -9999.0 -9999.0 -9999.0 -9999.0 -9999.0 -9999.0 -9999.0 -9999.0 -9999.0 -9999.0 -9999.0 -9999.0 -9999.0 -9999.0 -9999.0 -9999.0 -9999.0 -9999.0 -9999.0 -9999.0 -9999.0 -9999.0 -9999.0 -9999.0 -9999.0 -9999.0 -9999.0 -9999.0 -9999.0 -9999.0 -9999.0 -9999.0 -9999.0 -9999.0 -9999.0 -9999.0 338.091077 343.992136 345.414264 334.812715 323.609924 311.639821 291.753805 273.965918 258.838018 256.226375 258.939685 264.412730 287.286955 311.826009 331.484505 348.785616 368.093508
-9999.0 -9999.0 -9999.0 -9999.0 -9999.0 -9999.0 -9999.0 -9999.0 -9999.0 -9999.0 -9999.0 -9999.0 -9999.0 -9999.0 -9999.0 -9999.0 -9999.0 -9999.0 -9999.0 -9999.0 -9999.0 -9999.0 -9999.0 -9999.0 -9999.0 -9999.0 -9999.0 -9999.0 -9999.0 -9999.0 -9999.0 -9999.0 -9999.0 -9999.0 245.765086 263.308460 281.442545 299.830143 316.519517 323.242122 329.112496 334.919706 330.905756 326.232853 314.971044 296.195954 276.680010 262.725516 260.436021 258.001825 262.460376 275.567281 292.405587 308.837013 329.908658 353.400456 362.808775
-9999.0 -9999.0 -9999.0 -9999.0 -9999.0 -9999.0 -9999.0 -9999.0 -9999.0 -9999.0 -9999.0 -9999.0 -9999.0 -9999.0 -9999.0 -9999.0 -9999.0 -9999.0 -9999.0 -9999.0 -9999.0 -9999.0 -9999.0 -9999.0 -9999.0 -9999.0 -9999.0 -9999.0 249.715980 243.851360 238.812290 237.390012 236.171999 235.100450 242.077296 254.361325 272.609176 294.248951 307.182301 314.427206 321.066584 321.906596 317.062303 315.045569 315.380311 303.738795 292.214996 281.444860 271.091038 269.875072 279.595589 293.728210 309.999234 325.007623 340.616129 352.765034 369.512097
-9999.0 -9999.0 -9999.0 -9999.0 -9999.0 -9999.0 -9999.0 -9999.0 -9999.0 -9999.0 -9999.0 -9999.0 -9999.0 -9999.0 -9999.0 -9999.0 -9999.0 -9999.0 -9999.0 -9999.0 -9999.0 -9999.0 -9999.0 219.835454 225.809623 232.372609 239.838541 240.810360 236.703367 231.132815 228.103088 226.659432 225.125357 229.665925 238.029571 251.794186 267.787145 289.629730 298.345870 304.837065 317.284851 319.869114 325.194331 329.317413 327.660773 325.049911 313.027888 304.202915 309.827704 316.088301 322.913784 330.879649 344.352491 360.209276 378.217118 399.193018 421.331250
-9999.0 -9999.0 -9999.0 -9999.0 -9999.0 -9999.0 -9999.0 -9999.0 -9999.0 -9999.0 -9999.0 -9999.0 -9999.0 -9999.0 -9999.0 -9999.0 -9999.0 -9999.0 -9999.0 194.674455 195.561202 196.681190 201.355663 202.329060 204.588863 211.660059 219.885373 222.189007 220.648841 219.206303 220.864326 223.690449 228.109603 239.687641 253.709806 268.077402 282.314183 303.396146 318.383344 332.390160 348.673766 347.823276 343.745777 341.904780 342.571094 343.274315 348.747863 352.399574 358.813622 364.586876 371.747737 381.316273 392.950515 411.950660 432.855900 453.950344 473.731669
-9999.0 -9999.0 -9999.0 -9999.0 -9999.0 -9999.0 -9999.0 -9999.0 -9999.0 -9999.0 -9999.0 -9999.0 -9999.0 -9999.0 -9999.0 -9999.0 166.082233 167.937728 170.099959 175.494775 178.183988 182.190058 189.133408 190.336880 194.236912 201.446264 206.510311 215.283806 223.360966 230.867550 237.022441 239.946356 247.817756 257.765141 269.980735 285.810414 307.901129 331.161163 347.860205 365.024772 382.350500 383.182596 382.379123 383.828732 384.919065 392.692718 411.235417 418.061502 421.331336 439.930563 454.961902 461.083324 469.437297 488.987678 513.954177 540.279790 572.278950
-9999.0 -9999.0 -9999.0 -9999.0 -9999.0 -9999.0 -9999.0 -9999.0 -9999.0 -9999.0 -9999.0 -9999.0 -9999.0 120.837244 124.988700 134.319248 142.951928 145.310721 149.396220 155.271267 167.487985 171.115974 177.422797 185.127073 196.836129 205.524690 214.902914 226.918251 235.626016 243.156273 250.603694 257.198207 271.170906 286.995197 303.395740 324.232894 346.653433 368.216754 389.823306 406.062015 420.850336 424.413489 423.610384 426.214486 434.943561 453.696221 473.912730 486.200288 507.715020 532.515249 547.787832 561.388690 571.428622 585.521583 607.680417 644.205337 681.678679
-9999.0 -9999.0 -9999.0 -9999.0 -9999.0 -9999.0 -9999.0 -9999.0 -9999.0 -9999.0 86.565111 89.051498 85.632300 85.999881 90.815787 102.761609 116.143961 122.932257 134.318747 155.045998 172.511891 176.138291 190.987348 201.206572 208.052672 218.921193 232.362988 245.667737 263.237979 276.406681 289.281692 310.215821 327.465399 344.730252 363.304352 384.245311 405.884536 436.605998 465.280864 480.411789 505.192682 519.214802 517.264915 518.329727 527.803412 546.194198 570.633776 597.787741 622.025129 649.736538 670.182626 685.762858 697.574754 711.050604 727.551519 761.506548 801.620179
-9999.0 -9999.0 -9999.0 -9999.0 -9999.0 -9999.0 -9999.0 -9999.0 62.373807 69.392659 75.627259 72.626599 68.016701 64.536440 77.830641 93.645116 109.639014 126.916727 142.958744 161.059055 176.732282 193.427387 213.200981 225.290132 237.426607 253.066030 267.250727 285.474289 307.572233 322.435189 341.652056 364.561131 384.988473 404.362135 424.351610 444.242611 473.812276 509.891667 544.378385 570.527281 600.422457 626.138539 627.463681 631.588063 637.450089 664.743478 696.012882 728.044710 755.882802 784.825593 814.889484 832.760699 843.839876 856.828067 872.416985 889.926622 916.375271
-9999.0 -9999.0 -9999.0 -9999.0 -9999.0 -9999.0 36.146237 60.276984 75.114054 67.305701 58.509121 55.114006 51.476069 72.405442 93.991394 111.020251 127.849083 145.403000 161.988112 176.319252 211.256542 228.650317 243.890039 263.511290 278.351024 293.273153 311.450521 335.950964 359.824955 392.851015 422.940603 450.683048 479.248289 501.160938 522.011826 543.164629 577.190790 617.010056 655.811726 687.130602 715.970373 746.861682 756.213305 762.993209 771.546311 791.726511 822.697144 853.166634 887.351496 919.718956 945.809132 957.825148 968.296143 979.713529 993.225785 1006.059663 1020.426846
-9999.0 -9999.0 -9999.0 -9999.0 2.773660 23.691019 44.057143 74.834515 97.431565 92.258224 99.397073 99.907297 98.550805 101.709506 108.086576 126.175048 144.390509 162.877285 181.616761 218.750717 262.063217 279.110054 305.814537 338.846741 353.700858 369.760930 386.735958 411.304601 441.579328 478.485979 526.923758 568.584420 597.560935 623.072946 646.175838 670.675191 705.336081 743.861418 781.399659 816.335476 846.826743 872.268058 886.261159 894.738113 906.718592 922.463980 942.984854 969.705364 999.887326 1031.647104 1056.900995 1071.354362 1079.506885 1089.975133 1100.880817 1113.591893 1126.248498
-9999.0 -9999.0 -9999.0 -45.068607 -6.526520 30.700399 58.063844 89.061905 120.933875 126.789943 135.545249 141.655115 147.862145 156.940231 166.683657 183.563260 198.762028 213.149799 235.159449 272.747719 309.662829 343.438256 377.325898 407.816744 431.300573 448.559458 467.687337 493.751332 535.879344 577.449398 630.957228 686.622575 725.835870 752.124162 774.468938 801.633402 826.496784 861.733844 896.303497 928.878302 960.061410 984.832563 1004.455207 1012.844465 1022.081572 1031.040482 1047.741549 1068.836611 1090.264484 1118.462633 1146.299114 1169.279731 1182.368364 1191.579432 1206.818685 1222.079445 1234.158128
-9999.0 -9999.0 -91.751043 -54.493436 -19.590180 31.637189 84.409504 118.366878 159.409795 184.392201 191.850160 210.399749 227.588393 236.144266 253.079028 270.874753 286.449039 291.897425 307.282373 342.221866 396.239377 446.192006 475.998812 531.422119 565.970683 592.175218 608.961435 636.080717 671.592936 716.309643 766.875103 817.455942 857.333427 889.219688 905.609477 924.340503 947.107141 969.978133 1002.265246 1030.895358 1060.585269 1086.126451 1108.214124 1116.871864 1122.313148 1137.414187 1159.878225 1183.485548 1206.019286 1227.676473 1236.491795 1244.645763 1248.607112 1251.097903 1254.482198 1256.924274 1258.222027
-9999.0 -9999.0 -117.353582 -72.996584 -30.988274 37.974063 115.356425 153.171415 196.661731 242.197563 261.924932 286.859392 303.985829 319.507901 343.972311 367.977078 376.737612 382.399774 383.489411 440.389638 501.654557 561.717377 621.961806 685.488404 727.630123 740.860340 751.154933 771.269397 797.244036 842.079840 892.590621 945.431789 989.763150 1020.692046 1036.879947 1054.064702 1073.933219 1091.959962 1110.118777 1145.949064 1169.783493 1193.451741 1218.468948 1238.126752 1246.138948 1248.782868 1242.270803 1248.685046 1253.154828 1255.371045 1256.272825 1253.334193 1252.872357 1253.675429 1254.733674 1249.784110 1243.050122
-9999.0 -204.743711 -152.712001 -98.727580 -28.499630 40.508755 126.087995 207.288661 260.988775 306.409858 336.577049 354.800310 402.692761 450.125242 477.443177 506.270024 507.528831 510.258412 503.209714 550.756595 605.858292 688.398413 799.045493 852.508059 888.529160 890.013376 885.440129 899.038091 924.893450 968.335408 1033.427426 1080.054767 1130.116119 1167.515395 1181.830528 1188.176147 1204.862616 1223.843832 1222.241780 1237.940065 1245.129234 1251.442431 1252.407074 1254.328210 1255.484644 1255.813917 1252.749385 1246.476528 1238.589085 1232.739674 1228.443907 1223.686204 1225.874925 1228.876052 1229.508780 1222.237339 1213.635840
-9999.0 -239.307563 -179.177571 -106.760111 -34.672837 39.739071 149.643249 285.030543 335.958192 373.454201 402.462575 440.363412 524.265379 591.431433 627.343560 669.624505 666.332185 656.890049 651.260553 687.091563 740.701349 814.989771 944.505627 1022.617967 1038.969623 1047.233110 1053.578870 1078.044825 1112.455501 1147.245723 1180.014599 1193.293592 1215.507037 1227.343153 1232.252175 1235.027430 1238.765971 1240.177217 1238.788462 1235.980201 1231.993310 1232.840270 1237.480786 1237.812049 1235.158256 1231.885973 1225.914577 1217.668357 1211.038784 1205.150472 1201.309846 1197.484905 1195.416184 1195.163752 1190.554567 1184.282451 1174.334811
-9999.0 -265.491000 -195.439463 -130.214985 -59.079852 62.929312 187.528193 320.347062 412.902747 453.342641 492.912191 573.266735 671.121353 760.111608 808.022846 832.148145 838.795893 826.526767 838.012744 884.201470 948.693653 1031.235101 1105.196262 1169.510784 1177.178108 1176.612088 1162.010100 1171.108029 1181.825730 1188.464648 1196.170831 1204.683888 1215.296440 1222.088249 1223.705200 1222.685366 1219.424966 1212.750000 1208.559113 1205.753854 1202.427315 1202.379416 1205.604704 1206.576170 1203.495431 1198.680283 1193.092083 1186.243703 1178.868970 1170.938922 1165.914511 1161.088717 1158.252080 1153.086824 1148.037980 1141.469370 1127.273353
-9999.0 -357.059809 -271.427468 -211.566327 -83.360534 85.994618 212.060556 366.246737 508.177775 555.916893 641.426466 752.437058 848.382878 914.538897 953.935917 994.207178 1022.132526 1047.225823 1082.149397 1067.874488 1119.651895 1165.588269 1183.964232 1191.196394 1186.627477 1183.989853 1174.505260 1156.141168 1148.466063 1146.289093 1153.736948 1166.935366 1177.800983 1187.450957 1187.832690 1189.246402 1189.527523 1186.440086 1183.145981 1175.315260 1167.807235 1162.420079 1161.179665 1166.255047 1160.623867 1156.254173 1149.380690 1140.586716 1131.104411 1122.448060 1114.031140 1106.645422 1103.184678 1097.079215 1094.996551 1086.638392 1059.347763
-9999.0 -438.043705 -359.621282 -260.154571 -112.547979 52.077067 193.949598 366.093598 566.491452 678.682514 789.167243 851.816588 920.330236 981.049281 1041.162141 1081.054002 1102.602191 1112.003900 1110.120409 1120.892931 1097.823520 1096.642684 1115.168844 1138.868393 1147.336276 1147.693952 1137.265147 1126.416781 1121.183850 1123.387225 1126.542353 1130.202078 1133.207169 1134.671539 1133.514103 1135.958894 1140.562657 1135.064512 1127.310776 1119.709044 1112.696445 1104.747476 1099.421092 1096.102888 1094.014253 1092.890103 1084.821943 1073.947735 1062.917143 1054.184118 1045.880293 1039.561133 1036.633700 1031.375559 1023.693032 1011.660958 984.136866
-9999.0 -529.290936 -411.766518 -311.417192 -179.819418 -39.675684 95.305379 265.013248 423.461297 637.610060 799.759602 876.029625 910.543398 960.258672 1017.766624 1077.575195 1082.855938 1055.587903 1029.127390 1018.569968 1026.218368 1038.913296 1054.048363 1073.290926 1087.650720 1094.197783 1093.795735 1085.777555 1073.586040 1067.209543 1064.412454 1058.717079 1055.143724 1056.570297 1057.892580 1064.862668 1067.736770 1059.026448 1046.772241 1031.667338 1018.329506 1008.229320 1005.096863 1005.834550 1005.181643 1001.330329 993.977407 983.366749 970.751368 959.052758 951.038575 945.149681 938.281791 928.663263 917.894856 905.653415 880.046960
-9999.0 -9999.0 -483.515092 -371.118874 -257.240040 -129.551636 -4.202323 149.397739 305.663521 493.122325 611.839300 724.406635 786.595038 829.008290 878.854925 928.883033 943.667968 958.879091 940.997882 945.437118 953.282927 960.974870 971.923360 983.766709 995.616390 1003.594838 1009.311108 1007.191484 998.897182 984.307429 967.564782 955.407685 948.969330 944.168666 953.496332 964.788830 962.736033 956.410804 945.011558 929.869736 917.062335 903.723499 899.840189 900.009486 899.646713 896.343460 891.226727 878.398447 865.423688 853.096838 847.100050 840.732607 834.785656 823.770974 812.043816 798.811594 775.689810
-9999.0 -9999.0 -566.543368 -455.602119 -336.061356 -209.809334 -103.039665 -6.137257 152.916832 274.915588 379.017852 472.934519 549.443793 608.462017 652.191834 709.189398 743.411447 757.732903 772.062645 795.701410 819.840688 844.625888 861.339207 873.962912 886.904939 898.527326 906.642196 895.989365 885.903152 870.800706 851.835661 831.348401 821.069874 817.602929 821.150486 827.360529 822.398437 812.993041 799.039618 783.257593 770.178443 758.259903 753.877525 750.797891 749.402719 746.241563 742.571614 733.286359 721.370722 712.905738 704.512627 697.912824 694.205222 686.598232 676.594305 669.222494 650.898555
