tests/Borden05m/sims/sim_1/output-maps/psiliqL0024N0004.asc
ncols         160
nrows         34
xllcorner     620200.000000
yllcorner     5168000.000000
cellsize      0.500000
NODATA_value  -9999.0
[rows 0 to 24 of 34, columns 55 to 109 of 160]
-9999.0 -9999.0 -9999.0 -9999.0 -9999.0 -9999.0 -9999.0 -9999.0 -9999.0 -9999.0 -9999.0 -9999.0 -9999.0 -9999.0 -9999.0 -9999.0 -9999.0 -9999.0 -9999.0 -9999.0 -9999.0 -9999.0 -9999.0 -9999.0 -9999.0 -9999.0 -9999.0 -9999.0 -9999.0 -9999.0 -9999.0 -9999.0 -9999.0 -9999.0 -9999.0 -9999.0 -9999.0 -9999.0 -9999.0 -9999.0 -9999.0 -9999.0 -9999.0 -9999.0 -9999.0 -9999.0 -9999.0 -9999.0 -9999.0 -9999.0 -9999.0 -9999.0 -9999.0 -9999.0 -9999.0
-9999.0 -9999.0 -9999.0 -9999.0 2998.802031 2993.461470 2988.597776 2984.003417 2976.837593 2967.519977 2959.549736 2955.366485 2954.204475 2953.332856 2952.695434 2957.568504 2965.563051 2973.125918 2979.978789 2980.588189 2982.860276 2984.704878 2984.912323 2983.700097 2980.428080 2978.914625 2975.503368 2973.807217 2966.327637 2955.154709 2946.764145 2944.059100 2948.263803 2952.617426 2955.082002 2960.358928 2970.789508 2981.405887 2988.085533 3000.530622 3007.395005 3012.748810 3015.450376 3011.512782 3008.273803 3004.397210 2998.490814 2987.440623 -9999.0 -9999.0 -9999.0 -9999.0 -9999.0 -9999.0 -9999.0
2945.045493 2963.420907 2982.703854 2985.791656 2975.661656 2970.607894 2967.423930 2965.663904 2961.274518 2952.706710 2947.512566 2941.982289 2939.387218 2939.330278 2939.169691 2942.831061 2953.429652 2961.181659 2965.705771 2968.264858 2971.007277 2969.565487 2968.763903 2968.467746 2965.518113 2961.989677 2958.564351 2956.684707 2957.957188 2950.341997 2944.404678 2940.562377 2937.787433 2940.479664 2943.130134 2947.537259 2956.752846 2964.696744 2972.694740 2985.763242 2998.829538 3004.512232 3002.046901 2997.484248 2993.785388 2986.591900 2977.759042 2967.775030 2959.443841 2953.265633 2947.957772 2941.729619 2948.165816 2955.920527 2965.393580
2928.291715 2947.348150 2967.641093 2970.173240 2959.789247 2951.938415 2945.326990 2945.736887 2949.021109 2945.669103 2940.792816 2933.331544 2943.006081 2943.939821 2944.602881 2947.706433 2949.684706 2954.414482 2956.795382 2962.043681 2970.919724 2973.623212 2973.988683 2973.969201 2971.935558 2968.633435 2966.633092 2963.787240 2958.471344 2956.732879 2956.433336 2955.264951 2959.449711 2960.903014 2963.690892 2958.044351 2962.352707 2968.609595 2975.525380 2981.227349 2985.322087 2988.124910 2984.936579 2985.442549 2979.194391 2965.643666 2955.748533 2948.245230 2948.247767 2945.354874 2937.542247 2924.079428 2932.302707 2948.419795 2953.258093
2932.322638 2941.117946 2951.699977 2954.151955 2949.029150 2951.019364 2952.682783 2953.829698 2951.903006 2948.323282 2944.169310 2954.734968 2962.969524 2964.251968 2966.613679 2970.400922 2971.002077 2959.907838 2957.727206 2965.033328 2974.598122 2979.719107 2979.796780 2979.373162 2975.847482 2974.627049 2974.318216 2972.392265 2971.997634 2973.610946 2971.473845 2974.612430 2980.057454 2980.761243 2977.707682 2969.238699 2971.306015 2979.678601 2986.179415 2993.761324 3004.047255 3014.993800 3015.196946 3010.672036 3002.297771 2989.909739 2969.721823 2952.086762 2941.265897 2933.527961 2926.407562 2929.064971 2924.738949 2938.284629 2940.164083
2919.161564 2939.076114 2959.016173 2964.997547 2958.872781 2954.818564 2953.231212 2953.749552 2952.805821 2953.479807 2962.558440 2974.400111 2983.397333 2985.229613 2986.940883 2985.646416 2980.437242 2970.075354 2967.154033 2980.499615 2994.227738 3001.963304 3001.499062 2997.586141 3001.134094 3000.932794 3001.017991 2997.361965 2998.203376 2996.297484 3002.307884 3009.906249 3017.688742 3016.228817 3003.959901 2991.815394 2991.579878 2996.689467 3003.118957 3010.560287 3020.805213 3030.124834 3025.443660 3020.203369 3012.695255 2986.962004 2966.499555 2952.146550 2952.580949 2953.432721 2949.182826 2947.170886 2946.086025 2941.718908 2941.986590
2955.472625 2974.682367 2992.195943 3005.258852 2998.927281 2991.174510 2982.291556 2982.334826 2982.895591 2988.796855 2999.253725 3012.375053 3034.055920 3033.752177 3034.377801 3033.498890 3020.779464 3007.632679 2997.408385 3018.683425 3029.425197 3036.662853 3034.605980 3040.293645 3048.993593 3045.194610 3038.592156 3026.766362 3032.397145 3039.595924 3054.630456 3062.314261 3067.332434 3063.278045 3049.865212 3043.308166 3044.418992 3050.276515 3050.982474 3059.074436 3068.156427 3083.210107 3082.190327 3078.256600 3058.297539 3021.693823 2992.071523 2981.570841 2989.456647 2983.935042 2980.402684 2979.975578 2968.706780 2961.171379 2963.598741
2986.353128 3000.059456 3016.198242 3032.651436 3024.150924 3013.710456 2997.521979 2994.578640 2999.003905 3008.855604 3026.251702 3044.615252 3064.787298 3064.674544 3059.390186 3068.821711 3061.826525 3051.156746 3043.462905 3063.145250 3073.412447 3083.723431 3089.936632 3102.453152 3112.940062 3097.461809 3081.171396 3071.548513 3078.212991 3102.764175 3124.252909 3129.039950 3128.427154 3128.385192 3114.121129 3109.058353 3105.196538 3104.746037 3101.709499 3099.595677 3123.879195 3144.734172 3144.485039 3122.983830 3100.410018 3061.782844 3024.493801 2999.425928 3010.641076 3007.777189 3010.799010 3000.338527 2988.438611 2980.248453 2979.752229
3038.621257 3060.904315 3077.553609 3098.891940 3091.074890 3068.804937 3053.856551 3056.519625 3069.614192 3077.226576 3094.866478 3112.715618 3139.085219 3152.317543 3164.499590 3168.153366 3160.967937 3152.308024 3140.088364 3144.133893 3166.828926 3178.207381 3186.779254 3195.432250 3207.941366 3209.051006 3202.780057 3201.116170 3205.248276 3217.659240 3231.187557 3237.872640 3241.261132 3244.320142 3232.625386 3220.206317 3217.565197 3211.672958 3209.669580 3208.720885 3218.912307 3238.108757 3235.278070 3200.693756 3174.203576 3140.236552 3102.547888 3073.388094 3065.963350 3083.377734 3080.300069 3064.256984 3052.866659 3026.040837 3019.661155
3109.422242 3142.275588 3166.688141 3177.066689 3185.066147 3171.575966 3169.808458 3173.687380 3181.626795 3184.777987 3191.156004 3223.237822 3256.857395 3282.205502 3304.928612 3312.140593 3300.058269 3290.235349 3276.925081 3267.993739 3277.912409 3294.630408 3312.037218 3326.978439 3338.223902 3340.507955 3338.972745 3339.047840 3341.960769 3344.925710 3349.005103 3357.089500 3364.642231 3373.471315 3381.928346 3372.215246 3355.342984 3345.692605 3336.068057 3334.751300 3335.827917 3338.985520 3340.049441 3324.882093 3284.759744 3253.967127 3222.268108 3201.733729 3187.802563 3185.994532 3168.248052 3144.685199 3094.697674 3057.543410 3026.309000
3196.187713 3239.280633 3268.333549 3286.122177 3298.887049 3296.494597 3298.194893 3299.241622 3303.073572 3305.647465 3308.804175 3334.787885 3375.549279 3414.388949 3445.235349 3445.537305 3432.317723 3421.065643 3411.746291 3397.853166 3393.962178 3405.894236 3420.683479 3440.361443 3450.892004 3457.440477 3454.481662 3454.721801 3456.331280 3458.619773 3460.704083 3464.105883 3473.397398 3488.039239 3502.114776 3501.518559 3483.343289 3465.561523 3449.431982 3446.410370 3443.580549 3438.642362 3440.814286 3442.678699 3428.121416 3397.895350 3358.902293 3318.572711 3300.881409 3285.287893 3274.460487 3258.050337 3220.036765 3156.296719 3118.679578
3310.715635 3343.654658 3372.451461 3402.498162 3417.643375 3420.415767 3418.091866 3417.177672 3424.099264 3427.154573 3433.252505 3449.685349 3480.662196 3515.192998 3544.407392 3559.950080 3552.593123 3535.263634 3513.645081 3504.368942 3501.637576 3505.045741 3514.198276 3526.475262 3545.498247 3564.483827 3570.204666 3571.068036 3568.413542 3570.790521 3572.298564 3572.404978 3575.108420 3583.183567 3592.744756 3596.031639 3588.605858 3568.154331 3545.096512 3533.428997 3526.730013 3523.247213 3523.962320 3528.738412 3531.630768 3517.310721 3482.662246 3439.198387 3409.076905 3393.337916 3380.414481 3366.692030 3354.703471 3323.826655 3303.564768
3418.882070 3433.776565 3461.506040 3489.891222 3512.570017 3527.347107 3528.049720 3531.277838 3535.965056 3543.488017 3558.527902 3581.306983 3599.757038 3621.721069 3647.702981 3663.539006 3668.811554 3667.335098 3663.554234 3664.808352 3665.141563 3605.691579 3611.653302 3617.591148 3633.773725 3648.493105 3653.794957 3654.398635 3651.990085 3653.751894 3654.476372 3654.393239 3654.023730 3656.129803 3660.935857 3662.772714 3660.501897 3648.439693 3665.286634 3645.575040 3632.285721 3624.171158 3616.010661 3607.771696 3598.387448 3588.599419 3569.041971 3538.728832 3504.671275 3482.776222 3474.660082 3468.682013 3460.587467 3455.106410 3438.510656
3517.062743 3527.610816 3545.444054 3567.806206 3601.004341 3623.907232 3635.144284 3644.314590 3648.945525 3662.669606 3678.953538 3663.920531 3671.810375 3679.974905 3688.087224 3690.873065 3691.670715 3691.302659 3688.929087 3688.193335 3685.846558 3682.272347 3671.909805 3673.508128 3675.414661 3678.022170 3681.732916 3680.607656 3681.699401 3684.647898 3682.913081 3676.927636 3672.900778 3671.327624 3672.275336 3679.674916 3683.127138 3684.068697 3680.915801 3680.006932 3679.060922 3675.831317 3671.799218 3666.115147 3658.844098 3672.634803 3660.812889 3633.315251 3593.885311 3553.462044 3545.337201 3546.662544 3546.724061 3545.183491 3539.673276
3639.809307 3653.250081 3667.801182 3647.296161 3668.511878 3679.369253 3684.445972 3688.410967 3691.166611 3694.107423 3691.078883 3688.037266 3683.180831 3681.651447 3680.312324 3677.886363 3678.521979 3676.636956 3672.598777 3668.620387 3660.816254 3649.349552 3638.175817 3634.714448 3639.044780 3644.607903 3649.682931 3654.015389 3657.699031 3657.805135 3652.411009 3644.051337 3636.560247 3634.882479 3641.715438 3647.435745 3653.838710 3654.694643 3653.305485 3650.861895 3650.658854 3647.465336 3647.700736 3654.711555 3669.307565 3672.303286 3677.908059 3677.109888 3661.300648 3632.673441 3642.529424 3622.714431 3628.559279 3624.038457 3612.783398
3682.522391 3685.153814 3683.605349 3682.447459 3676.120881 3670.106755 3669.345485 3673.355854 3680.386276 3681.480967 3674.464373 3665.951258 3658.786914 3651.459159 3649.162858 3648.559656 3648.291083 3648.775262 3643.511142 3634.373804 3617.566933 3606.032204 3594.985519 3589.058833 3585.455937 3589.051851 3600.155004 3612.081362 3617.079447 3608.033330 3599.684081 3587.997161 3579.946530 3580.378136 3581.520613 3590.961245 3607.512771 3614.765533 3615.536440 3609.184316 3602.867225 3596.268919 3593.277587 3599.706988 3614.920300 3631.491602 3646.876876 3655.899282 3663.556912 3670.592864 3669.473571 3672.076746 3673.509145 3671.486792 3674.132727
3676.771603 3669.849509 3662.938819 3657.699012 3651.279859 3645.984022 3644.196096 3646.154874 3648.214603 3644.233608 3637.885220 3627.950529 3617.024589 3607.408649 3599.994521 3601.038650 3603.413032 3605.047575 3597.906399 3582.722259 3565.056143 3551.666283 3537.876174 3533.987352 3528.231168 3520.924329 3531.078939 3550.544723 3557.811826 3541.995749 3531.234083 3516.166055 3509.534049 3505.625961 3506.464017 3515.404233 3537.608063 3561.221668 3563.199010 3552.342656 3541.562172 3536.790311 3533.580999 3538.285179 3555.014888 3575.620503 3591.484955 3601.755898 3607.054720 3614.811452 3624.159887 3638.192730 3652.803187 3664.979881 3669.980588
3651.884294 3644.172680 3636.571618 3629.028829 3622.205546 3616.095094 3611.887908 3609.983895 3606.249023 3600.260755 3593.351993 3573.416389 3561.169057 3548.511331 3533.879801 3530.173464 3525.682130 3526.932203 3515.599581 3507.541843 3491.031400 3475.818279 3460.333848 3447.359089 3441.700961 3435.142457 3434.002927 3447.638598 3456.117991 3446.319731 3436.612386 3425.812293 3421.171188 3417.821590 3420.233474 3430.622003 3450.328100 3468.605061 3476.826626 3469.378457 3467.666977 3467.378538 3465.735830 3471.847569 3482.796438 3500.713231 3522.768247 3541.274678 3550.963235 3557.787988 3566.960757 3581.265904 3595.246672 3609.441716 3627.239130
3621.586071 3612.396815 3602.611159 3593.054725 3582.726382 3572.332875 3566.014437 3568.671312 3562.761716 3557.244650 3535.413355 3481.398864 3460.843800 3442.277061 3426.401600 3420.009288 3411.902900 3396.690007 3388.188169 3383.698483 3385.263902 3371.352098 3354.061514 3336.666436 3331.865886 3328.365615 3311.785356 3307.984084 3308.756225 3324.029236 3317.905947 3316.305403 3317.892906 3315.494823 3316.908552 3329.674469 3337.642020 3343.380817 3349.982670 3354.163817 3364.243993 3371.948716 3381.446665 3398.205055 3409.010505 3424.210028 3444.309864 3469.457551 3484.461419 3493.724728 3503.933087 3519.014458 3535.000407 3552.493890 3574.671465
3587.298666 3571.165031 3556.865453 3542.812405 3530.356159 3517.792519 3502.480325 3504.502355 3502.497157 3492.669428 3439.317383 3398.831924 3365.535906 3348.674350 3325.591671 3312.610341 3297.014682 3259.933143 3243.083617 3242.503644 3256.863525 3253.159087 3237.991355 3226.173887 3217.054198 3208.053457 3190.834516 3172.903603 3178.924628 3196.961718 3197.568559 3200.587184 3208.188228 3207.572363 3201.057036 3198.834553 3210.889134 3216.379259 3227.265649 3244.235693 3248.843691 3264.440205 3297.236787 3309.741871 3324.347670 3342.393457 3362.436163 3384.096708 3406.036449 3419.624207 3434.369663 3452.457766 3468.783222 3488.778154 3511.090518
3537.338553 3506.889730 3486.261085 3469.306770 3450.704504 3424.674028 3405.031142 3403.149558 3397.313666 3369.463345 3318.184688 3282.807112 3259.532769 3238.308474 3215.828747 3193.017160 3157.148693 3123.218968 3102.013362 3117.447806 3128.757503 3139.958202 3128.710301 3118.119706 3108.771053 3091.264534 3074.734382 3058.775211 3069.702177 3078.370003 3096.687719 3103.353623 3107.239302 3112.866591 3111.353903 3100.854697 3096.195033 3104.036142 3113.612938 3125.134211 3145.737176 3180.136849 3204.293069 3221.849041 3241.678316 3259.801855 3280.580519 3302.915841 3324.925021 3341.215661 3358.927312 3376.879436 3397.171176 3415.906901 3438.399796
3458.954806 3431.264656 3405.452605 3382.918516 3352.220947 3307.100645 3293.272564 3284.930687 3264.304692 3218.344073 3177.420847 3156.716172 3143.839193 3121.380535 3101.056718 3073.050589 3040.101279 3018.895378 2999.020657 3009.704036 3020.277902 3040.247125 3031.724083 3025.040316 3022.201981 3007.197016 2994.125151 2977.973897 2984.431350 2996.500139 3019.612829 3025.490411 3029.554727 3038.747498 3037.881296 3033.204523 3015.924055 3022.460976 3032.847685 3046.969520 3077.262936 3099.367649 3121.222627 3142.178181 3160.812336 3181.384453 3202.867272 3225.067729 3250.482497 3269.162707 3287.328787 3308.040029 3326.548218 3340.530673 3356.479817
3352.607143 3329.176456 3310.130875 3286.755457 3245.220431 3202.273935 3162.992105 3137.864171 3087.502717 3053.704396 3033.500344 3032.512155 3021.043978 3002.267954 2984.355174 2969.358413 2948.197801 2930.042037 2905.769504 2911.686305 2927.835807 2945.172651 2946.548060 2947.664924 2946.477034 2937.412608 2924.203605 2910.751514 2914.571618 2931.612270 2949.547943 2959.471028 2967.104081 2974.768362 2974.391310 2964.792380 2954.581853 2959.047184 2973.884166 2986.548827 3003.554435 3023.459989 3043.385415 3062.814283 3084.273706 3105.880256 3127.731081 3151.485270 3176.940876 3197.026447 3219.541275 3242.814379 3258.544952 3266.598755 3273.924663
3251.862777 3233.284522 3211.002140 3184.554955 3144.009976 3105.388921 3065.681159 3020.152922 2988.411410 2964.489862 2958.283568 2944.043292 2931.882654 2918.568533 2899.534525 2884.320082 2870.476328 2850.165431 2840.599022 2848.435252 2862.388050 2871.120354 2878.175934 2876.465021 2874.505506 2869.142344 2855.494399 2851.246664 2861.270188 2876.468465 2890.172362 2901.625423 2908.429907 2913.458552 2910.261517 2900.912109 2897.563412 2905.372313 2920.366380 2933.232277 2947.353013 2967.046318 2983.551434 3003.820034 3024.921766 3045.592886 3068.633825 3092.382240 3116.971894 3142.585841 3163.661705 3180.991985 3188.607596 3196.893723 3195.834756
3131.134841 3120.416427 3095.851840 3068.775238 3040.680362 3008.806162 2985.712740 2959.238315 2930.784940 2903.350468 2879.046661 2867.976072 2863.044070 2851.839104 2836.150048 2826.107635 2811.640112 2802.251859 2808.843190 2810.736704 2819.375400 2818.053289 2819.405861 2817.353758 2817.085884 2815.100880 2809.055610 2820.850878 2827.244724 2840.637469 2850.611947 2860.215827 2865.876195 2869.284569 2870.166568 2865.631290 2871.079245 2876.759868 2889.903745 2900.408089 2913.142045 2932.085397 2947.771563 2965.377489 2983.972344 3005.297573 3027.443698 3051.390043 3077.632785 3100.549709 3116.775839 3122.134277 3129.859342 3130.060882 3117.830678
