tests/Borden05m/sims/sim_1/output-maps/psiliqL0018N0017.asc
ncols         160
nrows         34
xllcorner     620200.000000
yllcorner     5168000.000000
cellsize      0.500000
NODATA_value  -9999.0
[rows 0 to 24 of 34, columns 0 to 54 of 160]
-9999.0 -9999.0 -9999.0 -9999.0 -9999.0 -9999.0 -9999.0 -9999.0 -9999.0 -9999.0 -9999.0 -9999.0 -9999.0 -9999.0 -9999.0 -9999.0 -9999.0 -9999.0 -9999.0 -9999.0 -9999.0 -9999.0 -9999.0 -9999.0 -9999.0 -9999.0 -9999.0 -9999.0 -9999.0 -9999.0 -9999.0 -9999.0 -9999.0 -9999.0 -9999.0 -9999.0 -9999.0 -9999.0 -9999.0 -9999.0 -9999.0 -9999.0 -9999.0 -9999.0 -9999.0 -9999.0 -9999.0 -9999.0 -9999.0 -9999.0 -9999.0 -9999.0 -9999.0 -9999.0 -9999.0
-9999.0 -9999.0 -9999.0 -9999.0 -9999.0 -9999.0 -9999.0 -9999.0 -9999.0 -9999.0 -9999.0 -9999.0 -9999.0 -9999.0 -9999.0 -9999.0 -9999.0 -9999.0 -9999.0 -9999.0 -9999.0 -9999.0 -9999.0 -9999.0 -9999.0 -9999.0 -9999.0 -9999.0 -9999.0 -9999.0 -9999.0 -9999.0 -9999.0 -9999.0 -9999.0 -9999.0 -9999.0 -9999.0 -9999.0 -9999.0 -9999.0 -9999.0 -9999.0 -9999.0 -9999.0 -9999.0 -9999.0 -9999.0 -9999.0 -9999.0 -9999.0 -9999.0 -9999.0 -9999.0 -9999.0
-9999.0 -9999.0 -9999.0 -9999.0 -9999.0 -9999.0 -9999.0 -9999.0 -9999.0 -9999.0 -9999.0 -9999.0 -9999.0 -9999.0 -9999.0 -9999.0 -9999.0 -9999.0 -9999.0 -9999.0 -9999.0 -9999.0 -9999.0 -9999.0 -9999.0 -9999.0 -9999.0 -9999.0 -9999.0 -9999.0 -9999.0 -9999.0 -9999.0 -9999.0 -9999.0 -9999.0 -9999.0 -9999.0 -9999.0 -9999.0 -9999.0 -9999.0 -9999.0 -9999.0 -9999.0 -9999.0 -9999.0 1702.576545 1685.521553 1671.037618 1668.153938 1690.465397 1714.127206 1738.338279 1759.302804
-9999.0 -9999.0 -9999.0 -9999.0 -9999.0 -9999.0 -9999.0 -9999.0 -9999.0 -9999.0 -9999.0 -9999.0 -9999.0 -9999.0 -9999.0 -9999.0 -9999.0 -9999.0 -9999.0 -9999.0 -9999.0 -9999.0 -9999.0 -9999.0 -9999.0 -9999.0 -9999.0 -9999.0 -9999.0 -9999.0 -9999.0 -9999.0 -9999.0 -9999.0 -9999.0 -9999.0 -9999.0 -9999.0 -9999.0 -9999.0 1750.154979 1756.234781 1757.139546 1747.235315 1736.330340 1723.867656 1703.895443 1686.483022 1672.595740 1670.669043 1673.647525 1678.191436 1700.425983 1725.813630 1746.014446
-9999.0 -9999.0 -9999.0 -9999.0 -9999.0 -9999.0 -9999.0 -9999.0 -9999.0 -9999.0 -9999.0 -9999.0 -9999.0 -9999.0 -9999.0 -9999.0 -9999.0 -9999.0 -9999.0 -9999.0 -9999.0 -9999.0 -9999.0 -9999.0 -9999.0 -9999.0 -9999.0 -9999.0 -9999.0 -9999.0 -9999.0 -9999.0 -9999.0 -9999.0 1656.659498 1674.102227 1692.434765 1711.255068 1728.429055 1735.599583 1741.555927 1747.382578 1743.387275 1739.201033 1728.108099 1708.619647 1689.555947 1676.483830 1675.197295 1673.180596 1677.634773 1690.425896 1707.607427 1723.794627 1745.026346
-9999.0 -9999.0 -9999.0 -9999.0 -9999.0 -9999.0 -9999.0 -9999.0 -9999.0 -9999.0 -9999.0 -9999.0 -9999.0 -9999.0 -9999.0 -9999.0 -9999.0 -9999.0 -9999.0 -9999.0 -9999.0 -9999.0 -9999.0 -9999.0 -9999.0 -9999.0 -9999.0 -9999.0 1659.577489 1653.939158 1649.403542 1648.357689 1647.478903 1646.856821 1653.903910 1665.922005 1683.941153 1706.188012 1719.692417 1727.321016 1734.408930 1735.369895 1730.412318 1728.958041 1729.792897 1718.082090 1706.606415 1695.893079 1685.534236 1683.843511 1693.628701 1708.289106 1725.002594 1740.251110 1756.097508
-9999.0 -9999.0 -9999.0 -9999.0 -9999.0 -9999.0 -9999.0 -9999.0 -9999.0 -9999.0 -9999.0 -9999.0 -9999.0 -9999.0 -9999.0 -9999.0 -9999.0 -9999.0 -9999.0 -9999.0 -9999.0 -9999.0 -9999.0 1628.111833 1633.824992 1640.740607 1648.730342 1650.116766 1646.720417 1641.635635 1639.234979 1638.297596 1636.902137 1641.903384 1650.010807 1663.783546 1679.841406 1702.338840 1711.269222 1717.125246 1729.464110 1733.026912 1740.010898 1744.491132 1743.181161 1740.313974 1727.350878 1717.644087 1722.042906 1727.663461 1734.950053 1743.545054 1757.459122 1772.685917 1789.712440
-9999.0 -9999.0 -9999.0 -9999.0 -9999.0 -9999.0 -9999.0 -9999.0 -9999.0 -9999.0 -9999.0 -9999.0 -9999.0 -9999.0 -9999.0 -9999.0 -9999.0 -9999.0 -9999.0 1602.119599 1603.341202 1605.012789 1610.166046 1611.183139 1613.589592 1620.956302 1629.554612 1632.633530 1631.246092 1630.528096 1632.552360 1635.801393 1640.805968 1652.345851 1666.524233 1681.117295 1695.092179 1716.385861 1731.490370 1745.079395 1761.270141 1761.497780 1758.131887 1756.856869 1757.618362 1757.625780 1760.118670 1761.946457 1768.587963 1772.279122 1778.048822 1787.769801 1799.910799 1817.972733 1837.393472
-9999.0 -9999.0 -9999.0 -9999.0 -9999.0 -9999.0 -9999.0 -9999.0 -9999.0 -9999.0 -9999.0 -9999.0 -9999.0 -9999.0 -9999.0 -9999.0 1572.504447 1574.576262 1577.195442 1582.985212 1586.546051 1590.960392 1598.380211 1600.195811 1604.341813 1611.985610 1617.270283 1626.811642 1635.549943 1643.361673 1649.872841 1653.052291 1660.744251 1670.773250 1683.009882 1698.276522 1719.741939 1743.461133 1759.991566 1777.241771 1794.849578 1795.941765 1795.138792 1796.453621 1796.718797 1801.774474 1818.542005 1823.792721 1823.152676 1837.628630 1851.234091 1855.995385 1863.917337 1883.627294 1907.110338
-9999.0 -9999.0 -9999.0 -9999.0 -9999.0 -9999.0 -9999.0 -9999.0 -9999.0 -9999.0 -9999.0 -9999.0 -9999.0 1524.259728 1528.593378 1538.731916 1549.116601 1552.210984 1557.157105 1563.890636 1576.545169 1580.684374 1587.360116 1595.353955 1608.066527 1617.276569 1626.906350 1639.298749 1648.169452 1655.906889 1663.328168 1668.654014 1681.908606 1697.310350 1713.160999 1733.547129 1756.029217 1776.371816 1796.582781 1813.089631 1826.621207 1827.578887 1827.156955 1829.928226 1837.075836 1853.294218 1871.729948 1878.296390 1893.984580 1916.481659 1929.233404 1939.874006 1948.139160 1962.058012 1983.608255
-9999.0 -9999.0 -9999.0 -9999.0 -9999.0 -9999.0 -9999.0 -9999.0 -9999.0 -9999.0 1492.310051 1494.588060 1491.410738 1490.738610 1496.436554 1509.038371 1523.471871 1530.180656 1542.403240 1563.996649 1582.627109 1586.575969 1601.345939 1612.199623 1619.587498 1630.501271 1644.158971 1657.335156 1674.302706 1687.158154 1698.506330 1717.653156 1734.545800 1751.608133 1769.836342 1790.749644 1809.975170 1837.481441 1864.409750 1876.513578 1897.589758 1906.505411 1903.849878 1903.905878 1913.445363 1928.372783 1947.946289 1969.222853 1990.229837 2014.808201 2030.331158 2044.601736 2055.235526 2067.383514 2083.412145
-9999.0 -9999.0 -9999.0 -9999.0 -9999.0 -9999.0 -9999.0 -9999.0 1467.163684 1474.959463 1481.159777 1478.408990 1474.293646 1470.168387 1484.622027 1500.788860 1517.264878 1535.631445 1552.055159 1570.862186 1586.338673 1602.752111 1623.347345 1635.442928 1647.461444 1663.380528 1677.558980 1694.694817 1716.455837 1728.474200 1744.273018 1765.831574 1784.337117 1802.789980 1822.121626 1840.527689 1865.785944 1898.857646 1930.396311 1951.602796 1979.325874 2000.971804 1999.347779 2001.145642 2005.144150 2030.362367 2058.997872 2089.360760 2113.141489 2139.630181 2168.980439 2187.588371 2198.287048 2210.894739 2226.139249
-9999.0 -9999.0 -9999.0 -9999.0 -9999.0 -9999.0 1439.080693 1463.561576 1478.929005 1471.113344 1460.242563 1456.504652 1452.218726 1478.351402 1500.920996 1518.728308 1536.148366 1554.365488 1571.474690 1583.787693 1616.991977 1636.030737 1650.412572 1667.810943 1683.165425 1698.543150 1716.464399 1740.052537 1761.447883 1789.683740 1813.512232 1836.148491 1862.556107 1882.473590 1901.598059 1919.275889 1950.067203 1987.051774 2023.474630 2051.390523 2078.181076 2109.666245 2115.250973 2120.410488 2126.417195 2148.563182 2181.033274 2211.400041 2244.906856 2276.886062 2304.499387 2316.771054 2327.328133 2338.705598 2352.301084
-9999.0 -9999.0 -9999.0 -9999.0 1405.557836 1426.589557 1446.441139 1477.192612 1499.892988 1495.277383 1501.666709 1501.608419 1499.478821 1504.191457 1512.116668 1530.551665 1549.964633 1569.743014 1587.287707 1620.691350 1666.397344 1681.451115 1704.472947 1736.518364 1750.310973 1766.132567 1783.112471 1806.328259 1831.575355 1864.135111 1905.862516 1941.486324 1966.838308 1989.536599 2010.948455 2032.145668 2066.996955 2104.983511 2141.913005 2175.675015 2205.037783 2231.383230 2242.825070 2250.419804 2262.222681 2279.212491 2301.343194 2329.324537 2361.627590 2393.977386 2418.820450 2431.483542 2439.039590 2449.738737 2459.659869
-9999.0 -9999.0 -9999.0 1354.586633 1393.521620 1432.076784 1458.942713 1489.961226 1522.519218 1526.207482 1535.563653 1539.509673 1543.160086 1551.360602 1558.962488 1576.529412 1593.986173 1611.828650 1634.570500 1671.236963 1705.388173 1732.496700 1764.041840 1788.482912 1807.787954 1823.687125 1843.112227 1866.874482 1906.516395 1942.584042 1992.242256 2045.270665 2081.437175 2105.351863 2128.477368 2156.485058 2182.097146 2219.533022 2254.660011 2287.969238 2320.009493 2344.587725 2362.567171 2369.897763 2379.964797 2388.233797 2403.798794 2425.438506 2447.755746 2477.365204 2506.288520 2533.104667 2547.944225 2558.573394 2575.070759
-9999.0 -9999.0 1306.929309 1345.349896 1378.794500 1428.210161 1481.482903 1516.454793 1557.324163 1580.200040 1586.462514 1602.175934 1617.174447 1623.192205 1637.385925 1653.913494 1673.599384 1681.887531 1700.682840 1727.811995 1774.687656 1817.471126 1832.057816 1879.931497 1912.918067 1942.658328 1962.235309 1989.752176 2026.650337 2066.767553 2114.864414 2165.447052 2203.507168 2234.647914 2251.979315 2272.449798 2295.139493 2320.783561 2356.110988 2384.576340 2417.068255 2443.427113 2465.018094 2470.656844 2475.498082 2491.722512 2517.497500 2545.562896 2571.582343 2596.886487 2595.524919 2611.076502 2618.476402 2622.904094 2629.188892
-9999.0 -9999.0 1279.156743 1324.663714 1363.456614 1427.693328 1509.737400 1546.491572 1589.060244 1635.340264 1653.144205 1677.225452 1684.529491 1688.782625 1711.094598 1731.826204 1747.267315 1755.250870 1754.462687 1809.837340 1867.156543 1910.740266 1946.579975 2016.404528 2064.100314 2083.686275 2098.458401 2119.971185 2144.148438 2186.684106 2232.609957 2286.648574 2330.838381 2362.546138 2379.361384 2399.029415 2419.788473 2437.512360 2457.359978 2499.232384 2530.081071 2557.901792 2586.572976 2607.452198 2616.092830 2620.402149 2606.126036 2619.088748 2628.030450 2632.270745 2634.204141 2631.303166 2631.139810 2632.216416 2633.407524
-9999.0 1188.845282 1241.184279 1293.724355 1361.516235 1427.361629 1508.510339 1587.448530 1647.580074 1696.769437 1725.321311 1732.599471 1759.042300 1796.776475 1821.223034 1845.557576 1850.256479 1857.970292 1846.916822 1897.605671 1944.329976 2011.762982 2117.998009 2175.095835 2225.317132 2226.678453 2221.158232 2232.651961 2255.254680 2300.545975 2372.204347 2423.384221 2481.387413 2525.976695 2543.143387 2551.367226 2570.084912 2590.862532 2568.005154 2597.117635 2611.261384 2623.072483 2628.378873 2630.964776 2632.703450 2633.318362 2630.487662 2624.390106 2616.859627 2611.473118 2607.552874 2603.147489 2605.584310 2608.787551 2609.211308
-9999.0 1152.514132 1211.444269 1282.184819 1352.418945 1414.570228 1512.341576 1662.435650 1719.161828 1757.198924 1775.570747 1784.959500 1856.767118 1920.855121 1952.460997 1997.451525 1990.405163 1980.227840 1961.829231 1993.661754 2040.824835 2114.189980 2263.850925 2349.411624 2385.031130 2396.381728 2402.965311 2431.146308 2471.177038 2512.750658 2551.463558 2544.838444 2580.035124 2598.838955 2605.238588 2608.421048 2614.095729 2615.223896 2614.784995 2612.238684 2608.725447 2610.002519 2615.042351 2615.535030 2613.212502 2610.375820 2604.934490 2597.415464 2591.810588 2586.918118 2583.884492 2580.598834 2578.529597 2577.904793 2572.953132
-9999.0 1119.675666 1192.049592 1254.220240 1313.956177 1421.934944 1549.512436 1687.823263 1782.063375 1819.176604 1829.683557 1888.923391 1989.417233 2087.636715 2139.403482 2164.228285 2161.214213 2134.435122 2133.001754 2178.676857 2246.024258 2346.300710 2451.662856 2535.699445 2550.948304 2556.076401 2529.552404 2548.388515 2566.443737 2572.121600 2576.888882 2585.085292 2593.573891 2599.422406 2600.696680 2600.041480 2597.146632 2590.661798 2586.970290 2584.565759 2581.842885 2581.797277 2584.624815 2586.223614 2583.675264 2579.729270 2574.945337 2568.813960 2561.936346 2554.668828 2550.006708 2545.332717 2542.577697 2536.885925 2532.086854
-9999.0 1013.070359 1103.897732 1154.806156 1257.856043 1436.624990 1564.455363 1711.951790 1863.634348 1897.658818 1964.046105 2088.628080 2196.875477 2272.037274 2309.189172 2348.941028 2377.728518 2400.673531 2437.848179 2376.212895 2441.091782 2511.753924 2544.350469 2560.497277 2566.598047 2569.406631 2562.950167 2545.691947 2538.027471 2534.523214 2539.534104 2550.049420 2558.235208 2566.024993 2565.994333 2568.326298 2569.911848 2567.417925 2564.196293 2556.414333 2549.211492 2543.481459 2541.346703 2546.323085 2541.342734 2538.111524 2531.625171 2522.836400 2512.938480 2504.691403 2496.284853 2488.968200 2485.645509 2479.502834 2477.202704
-9999.0 932.233670 1007.896336 1088.596195 1218.882195 1383.365191 1503.457375 1668.269717 1885.811915 2007.648512 2142.713041 2219.740071 2291.601984 2346.523242 2404.876699 2453.520427 2480.182083 2492.783521 2479.188731 2496.084410 2464.286864 2459.193061 2479.486741 2508.697936 2524.834046 2530.482816 2524.064835 2515.980086 2511.113857 2512.562474 2513.647333 2513.917823 2513.790087 2513.178130 2511.662354 2515.091158 2520.650410 2514.729386 2505.542983 2497.148939 2489.554787 2481.039558 2475.339224 2471.321120 2470.345254 2469.836049 2461.880084 2451.077383 2440.123197 2431.415927 2423.307973 2417.398467 2414.033260 2408.205021 2398.750037
-9999.0 827.326342 952.118229 1041.080023 1155.048871 1289.952400 1410.253707 1570.851378 1714.262242 1940.695913 2092.900340 2224.128110 2268.072848 2329.656497 2385.151816 2454.355760 2457.781453 2430.769878 2398.155484 2386.229735 2396.481595 2408.491566 2422.165854 2441.656373 2460.441739 2471.418344 2475.743257 2470.249631 2458.198478 2449.677800 2443.421434 2434.254750 2428.154497 2427.978457 2430.898349 2439.706351 2441.888817 2433.222110 2420.407184 2403.828333 2389.365382 2378.356020 2375.578026 2377.080945 2377.059924 2372.901175 2366.002514 2355.036148 2342.184241 2329.827756 2322.482004 2316.814442 2309.083985 2297.925959 2285.524116
-9999.0 -9999.0 873.769219 984.205956 1088.266183 1207.941555 1315.994236 1452.258849 1599.808301 1777.946705 1894.819463 2039.219570 2118.125409 2163.267803 2208.043516 2263.387787 2285.485244 2310.388135 2299.943640 2309.224395 2319.314928 2327.245517 2337.236596 2348.317139 2361.782477 2372.702134 2382.215258 2381.055614 2373.398137 2356.647079 2336.143533 2320.643979 2312.558835 2305.924118 2316.801271 2328.949589 2325.528639 2319.087815 2307.147279 2291.162932 2278.270394 2264.328520 2260.435866 2260.265194 2260.096608 2256.953966 2252.663748 2239.576580 2226.549330 2214.976414 2209.493836 2203.023511 2197.672814 2186.697742 2174.995993
-9999.0 -9999.0 788.252150 895.764738 1006.856063 1128.752252 1224.611251 1282.060006 1429.787205 1542.216336 1647.256083 1748.935439 1835.028491 1899.408319 1939.571375 2000.800485 2047.015731 2065.004036 2092.994445 2132.040238 2162.141787 2194.978043 2216.099338 2228.998229 2243.493673 2258.013873 2267.151161 2255.404614 2245.515658 2230.023435 2209.373749 2186.367075 2174.886559 2173.042714 2174.715518 2178.945660 2172.902302 2163.831061 2149.780472 2135.005149 2122.370878 2111.776911 2107.623134 2103.200058 2101.154969 2097.911986 2094.796448 2086.931986 2076.402642 2069.474698 2060.889259 2055.283869 2052.557533 2046.709828 2038.389613
