tests/Borden05m/sims/sim_1/output-maps/psiliqL0017N0007.asc
ncols         160
nrows         34
xllcorner     620200.000000
yllcorner     5168000.000000
cellsize      0.500000
NODATA_value  -9999.0
[rows 0 to 24 of 34, columns 55 to 109 of 160]
-9999.0 -9999.0 -9999.0 -9999.0 -9999.0 -9999.0 -9999.0 -9999.0 -9999.0 -9999.0 -9999.0 -9999.0 -9999.0 -9999.0 -9999.0 -9999.0 -9999.0 -9999.0 -9999.0 -9999.0 -9999.0 -9999.0 -9999.0 -9999.0 -9999.0 -9999.0 -9999.0 -9999.0 -9999.0 -9999.0 -9999.0 -9999.0 -9999.0 -9999.0 -9999.0 -9999.0 -9999.0 -9999.0 -9999.0 -9999.0 -9999.0 -9999.0 -9999.0 -9999.0 -9999.0 -9999.0 -9999.0 -9999.0 -9999.0 -9999.0 -9999.0 -9999.0 -9999.0 -9999.0 -9999.0
-9999.0 -9999.0 -9999.0 -9999.0 1634.812305 1629.506786 1624.677400 1620.258835 1611.896233 1603.116378 1595.375495 1591.840495 1591.355254 1591.053564 1591.083631 1596.689871 1605.167112 1613.234479 1620.718165 1623.527594 1626.344469 1628.890338 1629.750435 1629.025923 1626.291988 1623.487319 1620.567015 1619.431416 1611.971724 1601.018473 1592.647240 1590.116003 1594.577878 1599.042590 1601.483796 1606.990785 1617.379317 1627.776014 1635.872342 1647.432439 1653.030483 1657.593391 1659.796555 1655.083467 1651.005128 1646.603150 1640.762892 1629.470760 -9999.0 -9999.0 -9999.0 -9999.0 -9999.0 -9999.0 -9999.0
1580.114247 1599.292497 1619.903435 1623.253466 1611.631850 1606.783197 1603.826962 1602.273990 1598.034298 1589.906151 1585.195554 1580.290617 1578.711761 1579.275556 1579.799669 1584.271687 1595.089061 1603.457966 1608.591052 1611.564519 1614.669955 1614.434357 1614.309126 1614.522526 1612.157191 1609.237176 1606.354399 1605.009465 1606.172655 1598.944333 1593.594657 1590.238258 1588.299121 1590.918787 1593.355295 1596.976989 1606.128861 1613.868249 1621.528382 1635.560901 1647.606711 1652.325479 1649.105543 1643.517310 1639.008878 1631.454707 1620.668398 1610.116341 1600.961217 1593.813634 1587.673819 1580.969503 1586.260605 1592.406763 1601.296276
1565.422030 1585.126245 1605.760145 1608.835625 1598.466671 1590.665088 1585.472186 1586.220026 1589.571108 1586.687504 1582.572712 1577.308725 1586.844696 1588.604880 1590.157595 1593.936201 1597.154021 1601.360710 1604.463072 1610.264772 1619.710846 1622.948690 1623.985521 1624.664280 1623.375102 1620.809662 1619.533442 1617.309572 1612.576288 1611.673199 1612.081309 1611.733223 1616.551601 1618.089181 1620.126635 1613.673188 1617.242852 1623.104492 1629.527213 1635.192427 1641.051556 1643.843213 1639.760791 1638.474819 1629.218042 1614.611295 1603.113635 1594.279077 1592.447876 1588.588478 1579.855005 1565.910960 1572.414993 1587.157692 1590.872129
1572.775362 1582.523617 1594.478441 1597.823872 1593.277878 1595.346075 1597.498411 1599.447008 1598.380067 1595.858719 1593.808868 1606.328505 1616.042746 1618.349881 1621.721318 1626.017619 1626.394821 1615.342339 1613.549421 1622.009038 1632.649861 1638.811058 1639.655260 1640.176996 1638.343379 1638.017884 1638.399491 1636.994567 1637.941141 1640.578839 1640.182278 1644.547494 1650.290475 1653.364120 1646.300852 1637.233626 1638.218464 1645.793289 1653.743967 1660.520949 1670.253434 1680.514568 1678.895614 1672.553213 1662.594592 1648.256116 1624.033725 1604.082553 1592.151142 1583.663786 1575.319836 1575.076692 1570.356768 1581.235530 1581.807596
1570.889172 1589.843913 1611.410274 1619.367362 1614.094422 1610.090437 1608.453818 1609.845400 1610.391176 1613.389088 1625.479529 1639.410128 1653.659720 1656.925550 1659.928411 1659.854376 1651.848241 1642.168767 1639.299368 1654.147509 1671.114051 1679.958255 1681.054667 1680.123945 1686.772112 1686.796595 1686.666562 1683.114255 1685.510143 1686.432516 1695.442639 1703.401766 1710.918220 1709.285867 1697.085838 1685.170048 1683.723927 1686.808179 1690.566990 1696.409636 1705.676689 1714.128277 1707.939974 1700.115743 1689.561962 1660.505434 1633.364369 1615.922981 1614.734275 1613.644981 1607.464072 1603.213091 1599.248606 1591.737961 1590.074425
1618.723510 1640.377163 1661.389367 1677.197943 1672.184978 1665.128656 1656.302673 1657.583549 1660.680676 1669.005365 1682.169787 1699.156293 1723.350395 1726.053398 1729.182634 1731.383934 1720.367162 1708.452894 1698.304929 1717.987397 1729.176551 1738.235381 1739.694326 1749.232362 1759.911606 1756.903277 1750.638945 1740.991097 1748.046045 1759.037704 1774.694988 1782.193594 1786.652053 1784.465547 1772.456106 1766.148339 1765.101935 1767.901992 1765.743587 1770.499301 1779.152610 1792.827481 1790.614112 1781.727464 1758.354887 1719.758269 1685.215010 1665.373858 1670.857029 1662.561889 1654.104132 1649.692504 1634.888682 1623.384193 1622.424172
1671.129203 1689.025873 1707.903360 1726.698523 1721.729777 1712.233100 1698.960903 1698.624968 1706.129040 1717.314666 1737.008158 1759.535718 1783.257307 1789.694970 1790.852961 1801.165530 1795.299442 1786.207515 1778.878044 1793.686165 1806.001105 1818.309353 1828.102159 1842.150893 1854.808968 1844.763194 1832.833598 1827.531627 1834.411033 1856.671854 1876.031703 1881.486469 1882.340669 1884.139611 1873.201270 1866.819056 1860.622169 1856.363182 1850.587347 1846.061211 1864.958928 1881.343692 1878.401872 1853.853833 1828.292435 1789.176663 1749.519400 1717.691563 1719.026557 1714.047694 1712.236319 1696.719611 1680.379292 1664.651229 1655.125739
1750.373773 1778.758035 1799.607462 1822.135555 1821.232481 1803.798338 1794.550334 1799.584086 1813.428802 1821.969085 1839.465548 1862.752167 1893.781982 1913.373753 1930.975191 1935.976883 1928.626292 1920.438976 1908.381157 1909.310150 1929.285085 1942.434293 1953.850672 1965.470698 1979.601880 1985.344291 1983.207208 1983.863011 1988.670661 1998.550190 2009.789847 2016.983659 2021.935388 2026.608892 2020.038748 2008.821647 2003.273041 1994.854793 1988.849669 1985.719698 1989.538709 2001.764839 1997.572465 1966.520776 1937.457428 1902.368484 1862.894087 1830.057571 1813.755235 1821.223814 1810.521617 1790.648151 1771.558503 1737.077685 1721.671721
1848.716445 1885.265413 1913.548233 1928.401859 1941.120330 1934.410443 1935.796796 1940.653141 1949.155521 1954.736698 1963.477232 1997.113850 2032.639602 2061.449476 2085.877172 2094.700187 2084.467015 2075.376534 2063.757294 2055.435176 2062.626902 2079.025710 2097.308471 2114.204477 2127.018124 2131.819172 2132.093305 2133.801909 2137.424961 2141.401607 2145.538507 2152.885079 2160.630223 2170.573880 2180.612133 2173.094809 2155.691807 2143.711492 2130.719276 2126.080191 2124.336891 2122.913841 2121.497777 2109.211437 2072.682584 2041.187760 2007.112561 1978.956711 1958.018932 1945.832868 1924.173438 1898.647903 1848.687844 1806.889613 1770.659506
1964.234246 2007.659523 2039.538077 2062.772485 2078.196014 2080.085711 2082.970820 2085.777126 2091.766512 2097.094887 2104.022447 2128.948663 2168.600358 2206.976193 2237.540007 2240.695170 2230.534300 2220.497702 2211.268891 2200.371219 2197.837727 2208.185917 2221.760423 2240.305459 2252.660017 2262.449139 2262.204455 2263.835287 2265.898610 2268.903652 2271.549062 2274.600255 2282.821002 2295.877328 2308.076014 2308.310110 2292.952890 2275.443219 2258.180618 2251.947601 2246.330396 2239.825906 2239.335544 2238.783306 2226.991487 2198.138129 2159.106038 2115.504745 2090.171761 2068.738961 2053.876211 2034.994433 2002.019074 1943.318893 1907.398925
2100.067152 2131.474745 2162.606678 2194.165149 2212.362968 2218.855376 2218.766956 2220.157345 2227.907985 2233.715925 2243.152052 2260.372543 2287.335493 2318.546045 2346.279830 2363.099810 2358.476063 2344.810529 2326.771175 2320.912059 2319.998618 2323.420662 2331.829218 2342.275894 2359.867882 2377.785434 2384.691033 2386.492889 2384.657830 2387.971084 2390.070191 2390.777141 2392.857522 2399.042206 2407.029170 2409.728597 2403.722606 2385.652870 2364.359341 2350.862597 2342.620537 2337.906033 2336.026131 2337.412924 2336.811890 2322.667934 2290.439550 2249.370325 2215.923846 2194.607340 2177.543143 2161.074303 2146.746160 2120.286203 2098.654809
2225.155473 2241.056607 2268.644233 2296.665019 2320.617567 2336.633857 2339.598927 2344.509806 2349.518131 2358.799411 2374.606719 2395.752496 2411.767266 2430.576038 2453.459746 2467.208740 2472.937253 2473.001224 2471.389810 2473.607593 2474.517666 2437.204745 2441.932775 2446.567162 2457.554251 2468.588424 2472.935172 2473.986921 2473.031434 2475.131505 2476.329400 2477.010414 2477.162379 2478.273664 2481.583924 2482.870127 2481.407929 2472.805540 2480.871632 2463.168731 2450.895095 2443.098905 2434.916939 2425.929462 2415.657601 2404.928419 2386.186335 2357.329021 2323.218673 2297.157618 2285.419709 2276.933796 2267.365165 2259.356018 2241.263318
2337.299047 2349.615356 2366.950643 2388.399656 2418.309814 2438.693504 2449.268853 2457.824026 2462.423773 2475.058261 2489.400753 2481.042416 2486.350982 2491.663150 2496.845534 2498.607908 2499.168384 2499.100847 2497.146114 2497.065000 2495.623309 2491.860039 2482.516819 2484.327207 2486.177056 2488.899061 2492.712316 2491.750232 2493.095910 2496.541567 2495.585627 2490.595644 2487.466321 2486.402063 2487.443749 2494.972754 2498.534256 2499.737807 2498.429159 2498.175824 2498.008743 2496.233881 2493.728004 2489.910303 2484.815967 2491.259555 2479.950890 2454.854533 2419.285540 2381.735330 2369.068251 2365.514247 2364.042962 2359.757931 2352.056378
2459.441700 2472.564043 2486.533210 2477.736392 2491.771632 2498.813332 2501.920522 2504.632380 2506.751802 2508.157523 2504.730823 2501.206036 2496.196720 2494.475395 2492.757870 2489.983124 2490.326311 2488.280299 2484.388875 2480.885887 2474.201806 2463.483336 2452.364315 2449.459692 2453.750688 2458.690097 2463.049065 2466.541583 2470.082226 2471.173011 2466.813669 2459.561819 2453.135128 2451.995571 2459.153934 2465.341617 2471.632128 2473.155366 2472.718438 2471.595890 2472.671008 2470.877232 2471.966658 2478.975414 2492.717912 2497.450846 2500.911378 2500.160052 2489.603734 2470.513089 2468.701155 2448.396320 2451.561510 2445.733710 2433.186265
2503.131718 2505.433343 2504.817745 2503.399386 2497.275746 2491.108053 2489.838268 2493.046411 2499.134086 2499.560253 2491.854624 2482.788694 2475.048160 2467.334798 2464.326739 2462.500481 2461.303991 2461.041481 2455.523447 2447.157068 2431.288108 2419.694180 2408.359171 2401.969202 2398.867409 2402.641321 2412.201002 2422.089121 2426.677021 2419.426486 2412.273827 2402.115546 2394.988842 2396.162362 2398.875957 2408.861636 2424.606936 2431.294345 2433.396221 2429.427544 2425.876842 2421.251014 2420.160391 2427.752211 2443.348660 2459.504396 2474.045356 2482.739461 2490.281631 2496.853095 2498.558255 2499.814748 2500.043736 2497.859700 2497.125982
2501.037750 2494.615794 2487.981907 2482.671177 2475.664843 2469.360891 2466.646256 2467.747133 2469.083415 2464.244214 2456.351968 2444.879609 2432.684394 2421.709580 2413.713439 2413.196131 2414.183609 2414.403988 2407.146685 2392.099986 2374.146719 2360.350518 2345.952488 2341.159070 2334.990069 2328.623218 2337.978079 2355.038132 2361.224783 2347.127504 2337.511835 2323.897188 2317.810398 2315.500043 2317.914669 2328.353610 2350.327280 2372.719090 2376.115548 2368.158479 2360.388441 2357.720357 2356.790432 2364.112124 2382.872487 2404.266627 2420.421934 2431.158221 2437.515198 2446.125392 2455.969091 2469.007566 2482.457256 2493.424126 2500.089424
2478.656676 2470.742793 2462.713874 2454.510205 2446.582577 2439.057668 2433.297913 2429.555702 2424.682270 2416.797708 2407.745531 2388.949910 2374.730044 2360.540465 2344.584377 2339.128157 2333.901963 2334.029927 2321.905338 2311.857502 2293.673190 2277.645316 2261.043485 2248.383245 2241.219542 2233.720132 2234.584083 2248.282878 2256.536983 2244.658582 2235.040974 2223.793347 2219.223737 2217.102874 2220.585941 2232.496090 2255.471789 2276.043687 2285.793269 2280.603147 2279.410761 2280.522140 2281.630367 2289.623103 2304.575045 2325.348161 2348.367910 2367.055405 2378.209912 2387.093327 2398.086834 2413.548428 2428.000706 2442.138753 2459.348342
2447.008327 2437.136911 2426.441599 2415.722382 2403.718146 2391.044170 2382.665487 2382.066563 2373.252316 2364.565691 2343.979430 2292.184519 2270.406044 2249.519564 2231.353622 2222.813203 2212.914881 2200.309254 2190.086278 2183.268376 2178.804637 2162.809204 2143.868516 2125.587971 2118.815919 2113.252718 2099.857823 2100.099677 2101.674151 2110.074267 2103.536492 2100.061286 2100.325700 2099.097435 2103.147827 2118.332284 2130.856751 2141.727714 2150.732121 2154.337237 2165.287871 2175.147096 2184.195232 2203.068322 2218.142429 2237.473193 2261.119581 2288.127290 2304.778328 2316.713164 2329.546348 2346.709109 2364.441049 2382.838042 2405.781413
2407.637626 2391.302484 2375.801716 2359.871725 2345.003716 2329.871462 2313.109448 2311.332193 2305.164244 2292.670300 2242.989887 2197.859269 2161.365555 2140.226481 2114.456156 2099.311645 2083.621991 2050.827235 2033.891227 2028.775712 2036.371560 2027.937789 2010.319929 1995.569739 1985.304581 1976.041876 1960.025777 1946.456024 1951.084182 1965.461578 1963.299030 1964.087994 1970.437445 1970.346732 1967.262839 1971.582014 1987.315313 1996.924576 2009.870268 2026.322250 2033.588134 2048.262136 2080.148736 2096.609162 2115.037643 2137.993171 2162.977058 2189.398006 2214.233611 2231.303946 2249.354069 2270.920433 2290.130025 2312.656984 2337.304608
2349.813149 2319.432807 2297.312798 2277.795863 2256.644471 2230.330825 2206.596096 2200.622076 2190.175532 2163.295309 2110.697125 2068.337177 2037.382544 2011.873088 1984.904325 1961.197820 1927.558173 1892.972506 1870.723615 1878.878953 1886.517034 1890.387518 1876.286953 1863.033583 1851.735434 1835.040111 1818.086089 1803.888277 1812.892666 1821.263787 1833.847490 1839.072368 1843.536608 1848.388351 1848.508036 1843.347201 1846.549011 1857.266565 1869.731764 1883.187118 1902.275247 1936.600141 1963.990413 1984.744363 2008.876800 2032.473499 2058.865633 2086.663754 2113.055055 2133.905006 2156.601535 2179.795075 2204.380381 2227.803172 2254.742881
2263.297062 2233.130585 2203.772630 2177.503644 2144.952354 2099.414091 2080.739195 2068.020194 2047.895207 2003.607597 1957.837356 1924.876370 1901.939935 1874.718490 1849.165925 1818.923289 1784.648076 1758.571222 1737.085882 1744.118963 1751.360018 1765.088628 1753.489737 1743.040149 1737.057676 1721.093429 1706.658945 1690.873596 1697.540995 1708.162764 1727.868900 1733.053434 1737.326653 1746.058710 1746.244413 1744.350441 1733.722655 1743.419592 1755.882688 1771.916179 1802.816875 1828.853988 1854.707685 1879.006943 1902.301951 1928.226726 1955.564091 1983.573483 2013.954081 2038.112781 2061.790295 2087.852609 2112.171014 2133.295893 2156.578635
2141.873006 2114.045889 2089.331737 2061.412835 2018.697653 1971.206154 1930.743066 1906.972733 1860.156597 1822.811604 1790.671534 1776.795224 1758.015521 1733.685688 1710.724352 1688.087584 1662.056292 1639.620744 1614.116139 1617.537415 1630.401666 1644.708400 1640.989610 1638.418640 1635.145787 1624.001726 1609.866961 1595.876036 1599.266462 1615.084925 1632.441596 1641.191070 1648.719583 1657.014907 1657.871292 1651.068347 1643.317216 1650.044595 1666.156125 1683.945738 1705.303602 1728.880585 1752.539493 1775.522976 1800.983120 1827.390353 1854.436077 1883.682630 1914.720471 1939.793493 1967.958089 1997.018523 2020.041239 2035.618152 2051.836677
2020.597981 1996.405885 1969.171257 1938.736670 1894.201085 1849.805863 1804.827939 1759.633492 1723.725717 1690.891303 1675.091226 1655.206861 1636.914218 1618.164799 1595.610938 1575.826181 1557.302093 1534.500020 1518.939569 1524.196942 1536.637535 1545.883967 1549.627447 1546.380494 1543.047895 1535.802233 1521.626921 1513.686794 1522.588070 1537.803675 1552.260122 1563.225202 1570.395535 1576.616229 1574.481399 1566.753274 1563.097092 1572.309754 1588.991741 1604.602718 1622.284816 1644.915178 1667.501080 1691.161822 1716.069338 1741.074035 1768.722237 1797.395613 1826.944826 1856.992863 1884.063722 1909.007205 1923.748707 1938.958189 1948.000664
1878.675320 1861.363184 1833.022735 1802.042672 1767.729103 1728.713899 1698.041995 1663.809268 1630.952721 1598.985322 1571.423487 1554.374799 1544.250422 1528.674091 1508.996411 1495.245367 1477.888916 1462.542400 1464.145421 1465.687454 1474.969225 1474.386698 1474.621736 1471.400565 1470.080062 1466.243795 1457.160347 1465.886720 1472.867373 1486.960662 1497.505721 1507.230572 1513.582086 1517.889165 1518.808436 1513.941909 1519.141578 1526.684848 1541.797946 1554.371096 1569.907854 1591.550960 1610.159241 1631.002715 1654.968596 1679.913147 1706.158378 1734.265037 1764.714456 1792.424006 1814.674121 1826.744600 1840.744982 1848.952827 1845.504925
