tests/Borden05m/sims/sim_1/output-maps/psiliqL0009N0002.asc
ncols         160
nrows         34
xllcorner     620200.000000
yllcorner     5168000.000000
cellsize      0.500000
NODATA_value  -9999.0
[rows 0 to 25 of 34, columns 0 to 56 of 160]
-9999.0 -9999.0 -9999.0 -9999.0 -9999.0 -9999.0 -9999.0 -9999.0 -9999.0 -9999.0 -9999.0 -9999.0 -9999.0 -9999.0 -9999.0 -9999.0 -9999.0 -9999.0 -9999.0 -9999.0 -9999.0 -9999.0 -9999.0 -9999.0 -9999.0 -9999.0 -9999.0 -9999.0 -9999.0 -9999.0 -9999.0 -9999.0 -9999.0 -9999.0 -9999.0 -9999.0 -9999.0 -9999.0 -9999.0 -9999.0 -9999.0 -9999.0 -9999.0 -9999.0 -9999.0 -9999.0 -9999.0 -9999.0 -9999.0 -9999.0 -9999.0 -9999.0 -9999.0 -9999.0 -9999.0 -9999.0 -9999.0
-9999.0 -9999.0 -9999.0 -9999.0 -9999.0 -9999.0 -9999.0 -9999.0 -9999.0 -9999.0 -9999.0 -9999.0 -9999.0 -9999.0 -9999.0 -9999.0 -9999.0 -9999.0 -9999.0 -9999.0 -9999.0 -9999.0 -9999.0 -9999.0 -9999.0 -9999.0 -9999.0 -9999.0 -9999.0 -9999.0 -9999.0 -9999.0 -9999.0 -9999.0 -9999.0 -9999.0 -9999.0 -9999.0 -9999.0 -9999.0 -9999.0 -9999.0 -9999.0 -9999.0 -9999.0 -9999.0 -9999.0 -9999.0 -9999.0 -9999.0 -9999.0 -9999.0 -9999.0 -9999.0 -9999.0 -9999.0 -9999.0
-9999.0 -9999.0 -9999.0 -9999.0 -9999.0 -9999.0 -9999.0 -9999.0 -9999.0 -9999.0 -9999.0 -9999.0 -9999.0 -9999.0 -9999.0 -9999.0 -9999.0 -9999.0 -9999.0 -9999.0 -9999.0 -9999.0 -9999.0 -9999.0 -9999.0 -9999.0 -9999.0 -9999.0 -9999.0 -9999.0 -9999.0 -9999.0 -9999.0 -9999.0 -9999.0 -9999.0 -9999.0 -9999.0 -9999.0 -9999.0 -9999.0 -9999.0 -9999.0 -9999.0 -9999.0 -9999.0 -9999.0 -120.822347 -138.369737 -155.112880 -157.055762 -134.509952 -111.494153 -88.184205 -68.042629 -49.708650 -30.988411
-9999.0 -9999.0 -9999.0 -9999.0 -9999.0 -9999.0 -9999.0 -9999.0 -9999.0 -9999.0 -9999.0 -9999.0 -9999.0 -9999.0 -9999.0 -9999.0 -9999.0 -9999.0 -9999.0 -9999.0 -9999.0 -9999.0 -9999.0 -9999.0 -9999.0 -9999.0 -9999.0 -9999.0 -9999.0 -9999.0 -9999.0 -9999.0 -9999.0 -9999.0 -9999.0 -9999.0 -9999.0 -9999.0 -9999.0 -9999.0 -73.058707 -67.302744 -65.884896 -76.880178 -88.361865 -100.362735 -120.355659 -138.250042 -153.880238 -156.909415 -154.566034 -149.183796 -126.494986 -102.587727 -83.489408 -66.482009 -47.634491
-9999.0 -9999.0 -9999.0 -9999.0 -9999.0 -9999.0 -9999.0 -9999.0 -9999.0 -9999.0 -9999.0 -9999.0 -9999.0 -9999.0 -9999.0 -9999.0 -9999.0 -9999.0 -9999.0 -9999.0 -9999.0 -9999.0 -9999.0 -9999.0 -9999.0 -9999.0 -9999.0 -9999.0 -9999.0 -9999.0 -9999.0 -9999.0 -9999.0 -9999.0 -164.071514 -146.676716 -128.868486 -110.900364 -94.631068 -88.276531 -82.538784 -76.905040 -81.141269 -86.186770 -97.744845 -116.572516 -136.459080 -150.880554 -153.710817 -156.591775 -152.516652 -139.749425 -123.482366 -107.494527 -86.992622 -64.262408 -55.468304
-9999.0 -9999.0 -9999.0 -9999.0 -9999.0 -9999.0 -9999.0 -9999.0 -9999.0 -9999.0 -9999.0 -9999.0 -9999.0 -9999.0 -9999.0 -9999.0 -9999.0 -9999.0 -9999.0 -9999.0 -9999.0 -9999.0 -9999.0 -9999.0 -9999.0 -9999.0 -9999.0 -9999.0 -158.566505 -164.654971 -170.075417 -171.886060 -173.510041 -175.021637 -168.308294 -156.248397 -138.279488 -117.171280 -104.763730 -97.968146 -91.748360 -91.246450 -96.381058 -98.882346 -99.021455 -111.017374 -122.947862 -134.148724 -144.961935 -146.541160 -137.368910 -123.963836 -108.450322 -94.212715 -79.440446 -67.172676 -51.913115
-9999.0 -9999.0 -9999.0 -9999.0 -9999.0 -9999.0 -9999.0 -9999.0 -9999.0 -9999.0 -9999.0 -9999.0 -9999.0 -9999.0 -9999.0 -9999.0 -9999.0 -9999.0 -9999.0 -9999.0 -9999.0 -9999.0 -9999.0 -187.115961 -181.206883 -174.957078 -167.886896 -167.291611 -171.825085 -177.796034 -181.312229 -183.248805 -185.207315 -181.197764 -173.169740 -159.851582 -144.357944 -123.191743 -115.050914 -108.876474 -96.849624 -95.008678 -90.609195 -87.048550 -89.310652 -92.408007 -104.801455 -114.059233 -108.772734 -103.066340 -97.156879 -90.205244 -77.747352 -62.701704 -45.552547 -25.530001 -4.480779
-9999.0 -9999.0 -9999.0 -9999.0 -9999.0 -9999.0 -9999.0 -9999.0 -9999.0 -9999.0 -9999.0 -9999.0 -9999.0 -9999.0 -9999.0 -9999.0 -9999.0 -9999.0 -9999.0 -211.452509 -210.795214 -210.029861 -205.707310 -204.953113 -202.969242 -196.250508 -188.431896 -186.682662 -188.619180 -190.655782 -189.527936 -187.293969 -183.557164 -172.512545 -159.120928 -145.456428 -131.830475 -111.508417 -97.279453 -83.863505 -68.225182 -70.094678 -75.083516 -77.800025 -77.926621 -77.878395 -72.479456 -69.342552 -64.093704 -58.866940 -52.469760 -44.138485 -33.938378 -16.146587 3.382131 22.921642 41.299551
-9999.0 -9999.0 -9999.0 -9999.0 -9999.0 -9999.0 -9999.0 -9999.0 -9999.0 -9999.0 -9999.0 -9999.0 -9999.0 -9999.0 -9999.0 -9999.0 -239.410590 -237.748520 -235.905432 -230.807329 -228.587608 -224.954581 -218.424242 -217.706063 -214.207371 -207.485156 -202.896506 -194.790918 -187.396859 -180.526098 -175.084752 -172.915474 -165.724440 -156.588925 -145.230439 -130.156013 -108.858862 -86.756084 -71.091266 -55.034203 -38.843546 -39.155981 -40.984594 -40.521907 -40.327573 -33.047071 -15.417096 -9.772342 -7.122579 10.933847 24.695837 29.536603 36.239515 53.669984 76.554256 101.615299 132.338621
-9999.0 -9999.0 -9999.0 -9999.0 -9999.0 -9999.0 -9999.0 -9999.0 -9999.0 -9999.0 -9999.0 -9999.0 -9999.0 -283.445989 -279.486168 -270.575012 -262.636396 -260.721297 -257.148888 -251.809157 -240.019657 -236.909474 -231.101944 -223.898771 -212.919404 -204.884174 -196.145644 -184.872334 -176.935705 -170.283414 -163.740387 -157.781711 -144.661496 -129.844888 -114.503589 -94.853775 -73.898986 -53.572419 -33.260244 -18.857672 -5.434043 -2.754445 -5.147993 -4.036201 3.548887 21.186247 39.792808 51.403924 72.276295 95.632271 109.789804 122.531068 131.276572 143.340166 163.312357 198.591754 235.325035
-9999.0 -9999.0 -9999.0 -9999.0 -9999.0 -9999.0 -9999.0 -9999.0 -9999.0 -9999.0 -317.944046 -315.543544 -319.253318 -318.822519 -314.510686 -303.025554 -290.237351 -283.770153 -272.993823 -252.888314 -236.189988 -233.196691 -218.865714 -209.429135 -203.401134 -193.263675 -180.683576 -168.257423 -151.557990 -139.512665 -127.562184 -107.569272 -91.773829 -76.095512 -59.187663 -40.203052 -20.115735 9.010875 35.510963 48.800912 72.067472 85.254968 81.563672 81.117624 88.654117 105.898620 129.518044 156.308705 179.913313 207.730203 229.521960 245.460935 257.188223 270.285508 286.301412 319.799520 362.266996
-9999.0 -9999.0 -9999.0 -9999.0 -9999.0 -9999.0 -9999.0 -9999.0 -341.582533 -334.947861 -328.918635 -332.251341 -337.313439 -340.962080 -328.363403 -313.040133 -297.604901 -281.095222 -265.679359 -248.359249 -233.294652 -217.269492 -198.543746 -187.353961 -176.138213 -161.596288 -148.548542 -131.313019 -110.638116 -96.774430 -78.635696 -57.571308 -38.957728 -21.794661 -4.247848 13.157818 40.730767 74.166035 106.019445 130.419797 158.240049 182.889364 183.261288 186.533720 191.612545 218.597634 250.615095 284.198616 315.640699 349.564484 385.561150 407.706744 421.362099 435.787249 452.887557 472.670024 505.620520
-9999.0 -9999.0 -9999.0 -9999.0 -9999.0 -9999.0 -366.879742 -343.045212 -328.623789 -336.742973 -345.309960 -349.015981 -352.933124 -333.966742 -313.160711 -296.890595 -280.803410 -264.068852 -248.371904 -234.344266 -199.861469 -184.128345 -169.939856 -151.010179 -137.700309 -124.348559 -107.667721 -84.707415 -62.325123 -30.591658 -1.894675 23.814110 49.479563 68.517445 86.470099 105.186373 136.689121 174.060347 211.031124 242.045314 271.282978 302.139234 312.523972 319.834942 330.050336 352.444338 388.429869 426.006191 468.817515 512.672694 552.274562 573.798689 588.626438 601.488291 615.450431 629.761944 647.764762
-9999.0 -9999.0 -9999.0 -9999.0 -399.701412 -379.023901 -358.821367 -328.374150 -306.198795 -312.016718 -305.198755 -305.143106 -306.968529 -304.989258 -299.821662 -282.567277 -265.464115 -248.214747 -230.183250 -193.213423 -152.118560 -136.366317 -110.547776 -79.124067 -65.909816 -51.737353 -36.898020 -14.479806 14.045216 48.340450 94.389294 133.493974 159.632499 182.641995 203.525834 226.989137 260.522658 299.227236 338.853333 378.665713 415.671895 445.488743 462.914355 473.690916 489.320037 511.860476 543.927480 582.252540 620.464725 659.594342 692.789956 713.085299 723.398609 733.565952 743.373232 754.935942 767.251200
-9999.0 -9999.0 -9999.0 -446.386403 -408.184003 -371.658591 -344.571974 -314.078183 -282.979391 -277.219694 -269.457140 -263.657767 -257.728423 -249.442862 -240.134138 -224.462751 -210.990122 -198.856902 -178.610415 -142.682026 -107.349125 -74.411371 -42.726454 -13.275403 8.784046 23.934477 40.367799 64.101837 103.466335 142.864050 194.138058 248.177288 286.822964 313.426526 336.339210 365.873539 394.855306 434.582510 476.496846 520.841366 565.927084 598.470829 621.290394 631.029325 642.121142 655.611264 679.492555 706.819757 731.426968 760.424137 788.861148 811.481324 823.859467 831.592862 844.656068 857.595321 868.067720
-9999.0 -9999.0 -492.542073 -455.813646 -420.814854 -369.529374 -317.477618 -284.528818 -244.281590 -219.745199 -213.225592 -195.296389 -179.032638 -171.354981 -155.156302 -138.421862 -125.464873 -122.535977 -110.290819 -75.786159 -23.084337 24.908940 55.279780 109.987484 142.884918 166.284460 180.552475 205.924736 239.503662 284.949876 338.021453 392.409503 436.473724 472.756080 494.225274 520.975487 554.507941 583.949788 621.535409 657.664320 694.476533 723.341686 745.234073 753.482848 758.946650 774.596368 797.784646 821.736984 843.593273 863.591416 874.865666 880.825213 883.589388 885.037061 886.906014 888.291772 889.382114
-9999.0 -9999.0 -517.483352 -473.691810 -431.195162 -361.516893 -286.265327 -249.191325 -206.753625 -163.083107 -144.835445 -121.964703 -104.461437 -88.055694 -64.990518 -41.758524 -36.589154 -33.560575 -34.639935 19.260202 77.391982 138.494375 204.445456 267.297626 310.175034 323.256984 333.763949 355.812167 384.570004 433.877707 493.940623 556.600709 606.267517 639.957262 659.498408 681.342575 706.878813 728.273927 747.797387 783.632309 807.497590 829.806660 851.934059 869.525829 876.921001 879.552122 876.256384 881.994176 886.165349 888.492150 889.687638 887.251598 886.955255 887.782027 889.071465 884.994561 879.961683
-9999.0 -603.674376 -551.983376 -497.943734 -427.598615 -358.552864 -272.847000 -192.508062 -142.740747 -101.064208 -73.633845 -55.799245 -5.070159 42.356333 68.444776 97.101204 96.001016 95.580288 87.236979 131.029984 186.107455 274.358032 394.526543 457.364870 499.808537 508.369798 509.576501 530.854725 561.130586 605.170079 669.972785 716.977396 764.221633 798.606279 812.287603 819.587523 837.230601 856.294891 861.228997 873.774615 879.745822 884.273363 882.993473 884.060887 885.392993 886.812890 885.429992 881.289350 875.812264 872.294694 869.870688 866.399313 869.200972 872.588446 874.151833 868.666057 862.830473
-9999.0 -637.644793 -577.444100 -504.997649 -433.120339 -356.371367 -244.581782 -115.707133 -69.766300 -36.634782 -9.330283 32.334892 117.173385 185.093745 223.450255 266.598438 265.132678 255.726131 253.752471 290.687825 347.437146 429.776315 570.168146 659.186119 681.017285 696.957897 709.549787 737.432528 770.240789 799.736371 825.680029 839.836786 854.477298 861.702957 865.185314 868.115350 871.978905 874.094919 873.190174 871.298623 868.235904 869.230373 873.272942 873.670107 872.231450 871.108530 867.906892 862.880068 859.726335 857.245688 856.012196 853.894445 852.791177 853.273114 849.812861 845.395874 838.241670
-9999.0 -661.797861 -592.713823 -527.149432 -453.675214 -329.158930 -207.585303 -79.890128 6.943793 42.127574 84.395935 168.817964 270.857420 367.659720 424.727065 456.673695 471.549579 466.613207 486.966397 535.045250 597.601419 676.725366 748.056764 813.237156 827.081411 833.171743 828.438248 838.604135 847.246095 850.658022 853.199458 855.242072 861.097522 864.567289 864.879819 863.984129 861.563406 856.082763 853.077019 851.566618 849.403198 849.799822 852.789067 854.013632 852.724230 850.679370 848.406297 845.242748 841.755141 837.434338 835.129231 831.880389 829.498435 824.472986 819.540419 813.902450 801.670438
-9999.0 -748.827893 -665.009217 -603.216229 -468.935765 -304.081014 -181.379713 -30.333539 101.102531 145.173131 232.850453 346.358129 458.620745 546.951358 603.851534 653.773727 686.568685 714.520692 749.171195 745.346416 787.769702 823.396901 838.131248 845.837241 844.592539 848.306403 844.845324 830.910322 824.570117 820.665111 823.965608 831.911285 838.069224 844.230299 843.206772 844.565801 845.313763 843.213140 841.001930 834.097813 827.089270 821.836362 820.539932 825.972566 821.909882 819.925892 816.227036 811.013144 805.120932 799.494055 793.148093 786.200864 781.305816 772.793890 768.368941 758.651446 730.608810
-9999.0 -829.493438 -750.704586 -646.556465 -495.217732 -332.563142 -187.751342 -19.541497 166.678807 268.696575 373.249266 445.495486 541.669943 631.425098 709.572111 755.116646 779.079115 789.380376 790.547518 796.679916 771.629195 767.089721 782.727311 805.295016 815.904234 821.038217 815.526135 808.208199 804.406492 805.478918 805.789211 806.084828 805.893054 804.859340 802.408834 804.266134 808.745460 803.866447 796.481934 787.988877 778.986392 769.248342 762.884597 759.662815 758.221164 758.569236 752.670143 744.257307 735.635876 728.675549 720.769538 712.455165 704.588332 692.397341 678.300047 660.622356 627.075494
-9999.0 -916.465163 -801.513768 -698.596615 -563.122436 -423.417483 -287.515876 -120.729061 33.468628 236.537515 404.075333 477.912129 534.126541 605.151342 682.147793 748.369167 758.891324 734.813831 711.382978 699.972897 703.618516 712.540181 725.313807 744.092637 759.926935 769.716797 772.331649 766.275583 754.554613 747.212206 742.561315 734.758794 729.104978 728.801322 728.417879 734.110475 736.681847 727.496199 713.606679 693.935961 673.209626 657.094445 650.487008 649.814696 648.907390 645.397552 638.222716 627.929245 615.495766 603.644979 593.887247 583.769498 569.001848 549.019727 528.649591 508.115376 474.210467
-9999.0 -9999.0 -871.029815 -758.745508 -643.037414 -514.693172 -387.193160 -233.081369 -81.160464 100.870846 216.812740 324.638060 394.588551 455.034439 526.677791 586.438809 604.644309 620.004671 600.540096 602.414987 607.347003 612.649842 622.806426 635.988485 650.947782 662.770313 670.856515 668.553642 657.635959 639.841673 620.137002 605.531548 597.028769 591.049884 599.062898 609.520465 606.982610 599.003242 583.777627 560.466879 535.040945 512.194922 503.566533 502.154664 501.107555 497.002458 490.411289 475.861246 461.160224 446.977024 439.023592 429.873617 419.494394 403.343648 386.903999 369.452634 342.422899
-9999.0 -9999.0 -952.928902 -841.607474 -720.526305 -594.273900 -486.375095 -381.540973 -223.898177 -105.114743 -6.537288 82.363883 157.071154 219.805096 272.383193 334.529396 368.844583 383.191591 392.901923 410.477760 431.392400 453.083337 469.114185 484.359641 501.698127 518.028882 529.103013 516.383123 500.975484 479.944526 456.086150 432.275706 419.806649 414.506963 418.179373 424.810121 419.356530 408.107291 391.049051 370.148208 351.177480 334.504183 327.807741 324.287367 322.851939 319.520013 315.325310 305.036308 292.199610 282.908014 274.140264 266.543721 261.510802 252.245342 240.923665 232.650450 213.668645
-9999.0 -9999.0 -9999.0 -913.661492 -815.565944 -729.875599 -632.571125 -556.568398 -461.451975 -349.221898 -247.450390 -148.712459 -85.162814 -32.661443 19.114515 69.135055 105.042923 126.521819 145.356976 195.352096 225.505386 262.656498 295.382063 312.173583 328.755244 345.642504 350.227932 340.270399 328.666696 311.027908 286.703745 262.990332 250.603441 252.051902 251.410681 252.561744 246.503411 240.973029 228.753240 214.313542 199.322894 188.950067 183.827484 178.620156 174.973602 170.937673 167.015888 160.718652 152.251009 143.275499 136.477042 133.278957 129.362102 124.306452 117.232026 109.499669 98.684893
