tests/Borden05m/sims/sim_1/output-maps/psiliqL0027N0017.asc
ncols         160
nrows         34
xllcorner     620200.000000
yllcorner     5168000.000000
cellsize      0.500000
NODATA_value  -9999.0
[rows 0 to 24 of 34, columns 0 to 54 of 160]
-9999.0 -9999.0 -9999.0 -9999.0 -9999.0 -9999.0 -9999.0 -9999.0 -9999.0 -9999.0 -9999.0 -9999.0 -9999.0 -9999.0 -9999.0 -9999.0 -9999.0 -9999.0 -9999.0 -9999.0 -9999.0 -9999.0 -9999.0 -9999.0 -9999.0 -9999.0 -9999.0 -9999.0 -9999.0 -9999.0 -9999.0 -9999.0 -9999.0 -9999.0 -9999.0 -9999.0 -9999.0 -9999.0 -9999.0 -9999.0 -9999.0 -9999.0 -9999.0 -9999.0 -9999.0 -9999.0 -9999.0 -9999.0 -9999.0 -9999.0 -9999.0 -9999.0 -9999.0 -9999.0 -9999.0
-9999.0 -9999.0 -9999.0 -9999.0 -9999.0 -9999.0 -9999.0 -9999.0 -9999.0 -9999.0 -9999.0 -9999.0 -9999.0 -9999.0 -9999.0 -9999.0 -9999.0 -9999.0 -9999.0 -9999.0 -9999.0 -9999.0 -9999.0 -9999.0 -9999.0 -9999.0 -9999.0 -9999.0 -9999.0 -9999.0 -9999.0 -9999.0 -9999.0 -9999.0 -9999.0 -9999.0 -9999.0 -9999.0 -9999.0 -9999.0 -9999.0 -9999.0 -9999.0 -9999.0 -9999.0 -9999.0 -9999.0 -9999.0 -9999.0 -9999.0 -9999.0 -9999.0 -9999.0 -9999.0 -9999.0
-9999.0 -9999.0 -9999.0 -9999.0 -9999.0 -9999.0 -9999.0 -9999.0 -9999.0 -9999.0 -9999.0 -9999.0 -9999.0 -9999.0 -9999.0 -9999.0 -9999.0 -9999.0 -9999.0 -9999.0 -9999.0 -9999.0 -9999.0 -9999.0 -9999.0 -9999.0 -9999.0 -9999.0 -9999.0 -9999.0 -9999.0 -9999.0 -9999.0 -9999.0 -9999.0 -9999.0 -9999.0 -9999.0 -9999.0 -9999.0 -9999.0 -9999.0 -9999.0 -9999.0 -9999.0 -9999.0 -9999.0 3472.902051 3455.706593 3442.444978 3437.354142 3458.054623 3480.894017 3504.510661 3524.833710
-9999.0 -9999.0 -9999.0 -9999.0 -9999.0 -9999.0 -9999.0 -9999.0 -9999.0 -9999.0 -9999.0 -9999.0 -9999.0 -9999.0 -9999.0 -9999.0 -9999.0 -9999.0 -9999.0 -9999.0 -9999.0 -9999.0 -9999.0 -9999.0 -9999.0 -9999.0 -9999.0 -9999.0 -9999.0 -9999.0 -9999.0 -9999.0 -9999.0 -9999.0 -9999.0 -9999.0 -9999.0 -9999.0 -9999.0 -9999.0 3524.150184 3529.980975 3529.454414 3519.519438 3508.019124 3494.000811 3473.197775 3456.034443 3443.057570 3441.064585 3443.285613 3445.455268 3465.649615 3490.905646 3510.620171
-9999.0 -9999.0 -9999.0 -9999.0 -9999.0 -9999.0 -9999.0 -9999.0 -9999.0 -9999.0 -9999.0 -9999.0 -9999.0 -9999.0 -9999.0 -9999.0 -9999.0 -9999.0 -9999.0 -9999.0 -9999.0 -9999.0 -9999.0 -9999.0 -9999.0 -9999.0 -9999.0 -9999.0 -9999.0 -9999.0 -9999.0 -9999.0 -9999.0 -9999.0 3432.244812 3448.978096 3466.696829 3485.084342 3501.907849 3508.859220 3514.591816 3519.746346 3514.853144 3510.243387 3498.267474 3476.779099 3457.298119 3444.473615 3443.457739 3440.818561 3444.009139 3455.078765 3471.362875 3485.906728 3506.070365
-9999.0 -9999.0 -9999.0 -9999.0 -9999.0 -9999.0 -9999.0 -9999.0 -9999.0 -9999.0 -9999.0 -9999.0 -9999.0 -9999.0 -9999.0 -9999.0 -9999.0 -9999.0 -9999.0 -9999.0 -9999.0 -9999.0 -9999.0 -9999.0 -9999.0 -9999.0 -9999.0 -9999.0 3438.773766 3432.693004 3427.712046 3425.897505 3424.189103 3423.034209 3429.484927 3440.257977 3456.917651 3478.796459 3491.881132 3498.923601 3505.622820 3505.668982 3499.379341 3497.386790 3497.569442 3484.471589 3471.778690 3459.874786 3448.196750 3444.513898 3452.943551 3466.814111 3482.632171 3496.764957 3511.584806
-9999.0 -9999.0 -9999.0 -9999.0 -9999.0 -9999.0 -9999.0 -9999.0 -9999.0 -9999.0 -9999.0 -9999.0 -9999.0 -9999.0 -9999.0 -9999.0 -9999.0 -9999.0 -9999.0 -9999.0 -9999.0 -9999.0 -9999.0 3409.371165 3414.041233 3420.358922 3427.825733 3428.569463 3425.169145 3419.592547 3416.690369 3414.978941 3412.312275 3416.524424 3423.043256 3435.528017 3450.307582 3472.244810 3480.038492 3483.687756 3494.518444 3497.917870 3505.551523 3508.974339 3506.590713 3501.890687 3486.227392 3473.898044 3475.213564 3478.479080 3484.798617 3492.634996 3505.586165 3518.565114 3533.054073
-9999.0 -9999.0 -9999.0 -9999.0 -9999.0 -9999.0 -9999.0 -9999.0 -9999.0 -9999.0 -9999.0 -9999.0 -9999.0 -9999.0 -9999.0 -9999.0 -9999.0 -9999.0 -9999.0 3385.201817 3386.162689 3387.547670 3392.247031 3392.402772 3393.896127 3400.350672 3408.021463 3410.654469 3408.041337 3406.743166 3407.617548 3409.709711 3413.736797 3423.515404 3436.219878 3449.432291 3461.397937 3481.295215 3494.889639 3506.287436 3520.699630 3520.602905 3516.394234 3514.088221 3513.264811 3510.754891 3507.856954 3505.818932 3511.268499 3510.812837 3513.290352 3521.672345 3532.971198 3548.523450 3565.027805
-9999.0 -9999.0 -9999.0 -9999.0 -9999.0 -9999.0 -9999.0 -9999.0 -9999.0 -9999.0 -9999.0 -9999.0 -9999.0 -9999.0 -9999.0 -9999.0 3356.377176 3358.004556 3360.223786 3365.580238 3369.171391 3372.855930 3379.539332 3380.670303 3383.600447 3390.154560 3393.985229 3402.724725 3410.487278 3416.799502 3421.803075 3423.288488 3428.699873 3436.782750 3447.018243 3459.575495 3478.313580 3500.766486 3515.274769 3530.848807 3547.031863 3546.603025 3543.868784 3543.094171 3540.507612 3540.474741 3553.580723 3555.598386 3548.856055 3556.990900 3567.627292 3569.353793 3575.325526 3594.254358 3615.451612
-9999.0 -9999.0 -9999.0 -9999.0 -9999.0 -9999.0 -9999.0 -9999.0 -9999.0 -9999.0 -9999.0 -9999.0 -9999.0 3306.895034 3310.658670 3320.720007 3332.228164 3335.073283 3339.806035 3346.255396 3357.972525 3361.137867 3366.545174 3373.046706 3384.985618 3392.798869 3400.626834 3411.335831 3418.211848 3423.967469 3429.065631 3430.444752 3440.445328 3452.973804 3465.832619 3483.464048 3504.017470 3520.948497 3537.630524 3552.827343 3563.138238 3559.042511 3557.217038 3558.296057 3561.693311 3573.230577 3588.504335 3587.249166 3595.211043 3614.504969 3623.539736 3629.626168 3634.706456 3647.816818 3668.634402
-9999.0 -9999.0 -9999.0 -9999.0 -9999.0 -9999.0 -9999.0 -9999.0 -9999.0 -9999.0 3281.081949 3282.249985 3278.165710 3274.844579 3280.354716 3292.349088 3306.596761 3311.574698 3323.141611 3344.024101 3362.211791 3364.502052 3376.953196 3386.179863 3391.816659 3400.296782 3411.708999 3422.188636 3435.856166 3445.796750 3452.688318 3467.065348 3481.050274 3495.428182 3510.882176 3529.642285 3543.956188 3565.833719 3589.141371 3596.224812 3611.556088 3612.758298 3607.609991 3604.689183 3612.952108 3622.684161 3635.924044 3649.985924 3667.201992 3687.888018 3696.834910 3708.819540 3717.029948 3726.584449 3741.272141
-9999.0 -9999.0 -9999.0 -9999.0 -9999.0 -9999.0 -9999.0 -9999.0 3256.786647 3264.720800 3269.639092 3265.875486 3260.867070 3254.253455 3268.445753 3283.198336 3298.317175 3315.999024 3330.722025 3348.138235 3360.937305 3374.432917 3393.287498 3402.595609 3411.614806 3425.015698 3436.319841 3449.256966 3467.902856 3473.735413 3482.761051 3500.315532 3514.117790 3529.209816 3545.662857 3560.434134 3578.841662 3607.390513 3634.779644 3649.416621 3674.141499 3689.946776 3683.242526 3680.552750 3680.942752 3702.879616 3727.911874 3755.894666 3773.575324 3795.954482 3823.355435 3841.820237 3850.692976 3861.440409 3874.941869
-9999.0 -9999.0 -9999.0 -9999.0 -9999.0 -9999.0 3228.567940 3252.658753 3267.424916 3258.228844 3243.108252 3237.176551 3230.131543 3260.881716 3282.513627 3298.991214 3314.712720 3331.201555 3346.289284 3353.198035 3381.156631 3399.333454 3409.588240 3421.074195 3433.988473 3446.836889 3461.386921 3480.963743 3496.659392 3516.607191 3530.675096 3545.237426 3567.239050 3583.031918 3598.514766 3610.684041 3636.869171 3670.272610 3703.695605 3727.014051 3750.525427 3781.260694 3780.240909 3781.515287 3782.571565 3805.872700 3839.146588 3868.330570 3899.552908 3929.586922 3957.545327 3967.780347 3976.525242 3986.208678 3998.538485
-9999.0 -9999.0 -9999.0 -9999.0 3196.906754 3217.399060 3235.436398 3264.875436 3286.157500 3280.490124 3283.929909 3280.961738 3275.478659 3279.670840 3286.919677 3302.984091 3320.968468 3339.299529 3352.084896 3377.313963 3422.879801 3432.276143 3447.560572 3475.369216 3484.777083 3497.243898 3511.324202 3530.273660 3547.083306 3572.709804 3605.274976 3632.861484 3652.942817 3671.014596 3689.053817 3704.912987 3739.064579 3775.131702 3809.960692 3840.730146 3867.006788 3892.529835 3898.741753 3903.354970 3913.065767 3929.846044 3952.235727 3979.490956 4012.830976 4044.667778 4067.718402 4076.590290 4081.672364 4091.087032 4098.501262
-9999.0 -9999.0 -9999.0 3142.905612 3181.496594 3220.805815 3245.727284 3275.176019 3306.726130 3305.470653 3313.209581 3311.789554 3309.383118 3313.526072 3315.283419 3330.462991 3347.355358 3366.014010 3385.906508 3417.940666 3445.504259 3461.441986 3487.674817 3502.061575 3513.520961 3525.030960 3542.304513 3561.040803 3596.057495 3624.560376 3669.401275 3718.966709 3750.247419 3768.979207 3790.813446 3817.771963 3842.453971 3880.739110 3914.328385 3946.033535 3975.937005 3997.819988 4011.852305 4016.336682 4025.809406 4031.453010 4043.868819 4064.660686 4086.810018 4117.295388 4146.370047 4175.088801 4190.247884 4201.241942 4218.268183
-9999.0 -9999.0 3094.509087 3133.986664 3164.777348 3210.442525 3262.800802 3297.176177 3335.592670 3353.241172 3355.238871 3364.425806 3373.503438 3373.093743 3380.403540 3391.683247 3412.755146 3420.676714 3440.051483 3454.042455 3489.594846 3521.944756 3516.049445 3552.847373 3581.855097 3613.676705 3634.262582 3660.122588 3697.183043 3730.247425 3773.914814 3823.228073 3857.039448 3884.537472 3900.157761 3920.124510 3940.200951 3966.286437 4002.723110 4028.197494 4061.575942 4086.814882 4106.261212 4106.948401 4109.596231 4125.628253 4153.801092 4184.502879 4213.294659 4242.170375 4226.575873 4250.040142 4260.528543 4266.380284 4275.581289
-9999.0 -9999.0 3063.890871 3110.367467 3144.097753 3200.615526 3286.849112 3320.070137 3358.940774 3403.351041 3415.823070 3435.991923 3427.900251 3414.802328 3431.167593 3444.069613 3463.989612 3470.738893 3463.872652 3514.946841 3566.318385 3588.966771 3593.261546 3669.506315 3721.302142 3745.303569 3761.730624 3781.633968 3800.976370 3838.877439 3877.568724 3931.653072 3972.617872 4002.238966 4016.616747 4036.496244 4055.870575 4070.817623 4090.247170 4136.873735 4172.313344 4203.032506 4234.864061 4256.144605 4264.279567 4269.320603 4243.548334 4263.166290 4276.470360 4282.208323 4284.498659 4280.700627 4280.139748 4280.969996 4281.894478
-9999.0 2971.720362 3022.595802 3072.522242 3136.084999 3196.041197 3269.484427 3343.178325 3408.945192 3460.352217 3484.436182 3475.651413 3472.835930 3496.223696 3514.391283 3529.561153 3534.483978 3544.281247 3524.528724 3577.332376 3612.941038 3660.624330 3758.903505 3816.796668 3880.139313 3875.876776 3864.003489 3868.654621 3884.298190 3930.547728 4009.459976 4065.635766 4131.455877 4180.429455 4197.509480 4204.995456 4223.684501 4244.450549 4191.840151 4235.548762 4255.701911 4272.518141 4282.052132 4284.369938 4285.664453 4285.423394 4281.716446 4274.664428 4266.462942 4260.598044 4256.351698 4251.848706 4254.287419 4257.618861 4257.771297
-9999.0 2932.983337 2988.540698 3056.191871 3122.828390 3167.574219 3247.370667 3414.080443 3476.152015 3513.163834 3516.784418 3489.031505 3544.838172 3603.498137 3626.768483 3671.384319 3655.047770 3639.521790 3601.147614 3625.670806 3663.470293 3733.791473 3905.371305 3993.876802 4046.659522 4054.555986 4055.173485 4083.488406 4127.842383 4175.579172 4221.786053 4189.417439 4239.717672 4264.515011 4269.696846 4270.422191 4275.985997 4274.490905 4273.094199 4268.621120 4263.441074 4263.610526 4268.263375 4268.112275 4265.134115 4261.724727 4256.005132 4248.584081 4243.400078 4238.767395 4236.113953 4233.284129 4231.294910 4230.499501 4225.591952
-9999.0 2891.690398 2966.409091 3022.259411 3065.989644 3154.177119 3283.359813 3427.064000 3522.726483 3555.619913 3529.346780 3561.560864 3663.824813 3770.093696 3822.083684 3842.705973 3822.239293 3772.333476 3750.947136 3794.273049 3864.862076 3985.862910 4126.955418 4227.427587 4242.918733 4246.374543 4197.367964 4223.736766 4248.177301 4251.077588 4252.225186 4260.450389 4265.548916 4268.529116 4266.947484 4264.050805 4259.219271 4250.997091 4246.200472 4242.486478 4238.691689 4237.479718 4239.437903 4241.319090 4238.474164 4234.565384 4230.083399 4224.506627 4218.175307 4211.389014 4207.031434 4202.742084 4200.591118 4194.972749 4191.482851
-9999.0 2770.882907 2862.887586 2901.035913 2970.554127 3157.889181 3286.038756 3424.418512 3590.096854 3608.470171 3651.074994 3791.205970 3911.047214 3991.708664 4019.845733 4052.769588 4077.135722 4092.745134 4129.692712 4005.961159 4087.889244 4187.882058 4233.860863 4253.798938 4264.252244 4264.633434 4254.659309 4233.750527 4222.987597 4216.228286 4217.839372 4225.134704 4229.764345 4234.513405 4232.196882 4233.300296 4234.479918 4231.275773 4227.229136 4218.454701 4210.574644 4203.796503 4200.419090 4205.075028 4200.428658 4198.110551 4191.876130 4183.372853 4174.367102 4166.979103 4158.956418 4152.366485 4150.140487 4145.130852 4143.922826
-9999.0 2689.942443 2761.946514 2812.386380 2918.731680 3079.456231 3169.884621 3325.728120 3568.469123 3705.659428 3872.032861 3964.229275 4034.544864 4075.501772 4125.259856 4177.785783 4205.071401 4217.104944 4185.218695 4208.354151 4165.042882 4153.895631 4171.592727 4201.058191 4218.542295 4222.674668 4214.869432 4205.798914 4198.524479 4197.400918 4195.166043 4190.906995 4186.602081 4182.903390 4179.763662 4182.814287 4188.190940 4180.986672 4170.565459 4160.994866 4152.372055 4143.060807 4137.059374 4132.294262 4132.767721 4133.054141 4125.374062 4114.826818 4103.901078 4095.558690 4088.352473 4083.890825 4081.163119 4076.141756 4066.308601
-9999.0 2567.147918 2701.262886 2775.230725 2859.244225 2983.576060 3083.487153 3232.070176 3358.875405 3604.888342 3744.465859 3943.295321 3993.874450 4064.762579 4111.668986 4185.610349 4180.716154 4149.388205 4105.671655 4089.602666 4101.334449 4110.482741 4118.598030 4132.917222 4150.711307 4160.943008 4166.182797 4160.267021 4146.018457 4133.349861 4121.945123 4107.997633 4098.432214 4095.852886 4100.118981 4110.326711 4110.725140 4101.386685 4087.153961 4068.730806 4052.978420 4041.059281 4039.100614 4041.963305 4043.118928 4038.987617 4033.213289 4022.382911 4009.723546 3997.198924 3991.584546 3987.274485 3979.767301 3968.385224 3956.382746
-9999.0 -9999.0 2613.999084 2721.740082 2806.181244 2913.504234 2995.460832 3108.610954 3245.525603 3414.759252 3530.650674 3714.575704 3811.568902 3855.792547 3888.952154 3945.126785 3971.171671 4003.572438 3998.874225 4011.340124 4021.653917 4027.127142 4032.284038 4037.792163 4048.225412 4058.116109 4068.579532 4065.758607 4056.964450 4036.210502 4010.134774 3989.827143 3979.204568 3969.780122 3982.093245 3994.726920 3989.026887 3982.079646 3969.358832 3953.072581 3940.502366 3926.191804 3922.742379 3922.624290 3923.249792 3920.969748 3918.568178 3906.122504 3893.864871 3884.076427 3880.129452 3874.517505 3871.036637 3861.263294 3850.692177
-9999.0 -9999.0 2524.911503 2627.958581 2727.828193 2836.136596 2916.189738 2921.295618 3050.781337 3150.743716 3257.635120 3369.430136 3467.154683 3536.186031 3568.275840 3630.751379 3688.224580 3706.987281 3748.836748 3804.690445 3839.731243 3880.101990 3903.598115 3912.958838 3925.468633 3940.071703 3947.497536 3932.036055 3920.735513 3903.597206 3879.992593 3853.040127 3839.398479 3839.143400 3837.960956 3839.246030 3831.484065 3822.560849 3808.070225 3794.237713 3782.080838 3773.326046 3769.772408 3764.042567 3761.679300 3758.963046 3757.361269 3752.345182 3744.287291 3739.914917 3731.723598 3728.152730 3727.508362 3724.701102 3719.200562
