tests/Borden05m/sims/sim_1/output-maps/psiliqL0011N0011.asc
ncols         160
nrows         34
xllcorner     620200.000000
yllcorner     5168000.000000
cellsize      0.500000
NODATA_value  -9999.0
[rows 0 to 24 of 34, columns 57 to 113 of 160]
-9999.0 -9999.0 -9999.0 -9999.0 -9999.0 -9999.0 -9999.0 -9999.0 -9999.0 -9999.0 -9999.0 -9999.0 -9999.0 -9999.0 -9999.0 -9999.0 -9999.0 -9999.0 -9999.0 -9999.0 -9999.0 -9999.0 -9999.0 -9999.0 -9999.0 -9999.0 -9999.0 -9999.0 -9999.0 -9999.0 -9999.0 -9999.0 -9999.0 -9999.0 -9999.0 -9999.0 -9999.0 -9999.0 -9999.0 -9999.0 -9999.0 -9999.0 -9999.0 -9999.0 -9999.0 -9999.0 -9999.0 -9999.0 -9999.0 -9999.0 -9999.0 -9999.0 -9999.0 -9999.0 -9999.0 -9999.0 -9999.0
-9999.0 -9999.0 419.024461 413.540668 408.293054 403.396017 394.474186 385.337567 376.941382 373.098839 372.329983 371.655944 371.408273 376.816228 384.913569 392.660351 399.962418 402.466259 405.006304 407.381434 407.976249 406.793051 403.616979 400.378032 397.017688 395.562423 387.394409 376.001199 367.142180 364.398366 368.870956 373.369569 375.876984 381.835687 392.635589 403.493595 412.052291 423.855377 429.479017 434.520669 437.469971 433.242138 429.518809 425.585837 420.498663 409.373366 -9999.0 -9999.0 -9999.0 -9999.0 -9999.0 -9999.0 -9999.0 -9999.0 -9999.0 -9999.0 -9999.0
402.144333 405.503931 394.457109 389.635865 386.398123 384.357059 379.450959 370.833488 365.634831 360.352478 358.735220 358.927089 359.145949 363.441028 373.602492 381.693740 386.579364 389.162630 391.819542 391.815119 391.409442 391.146191 388.328777 384.964989 381.618808 379.866376 380.154779 372.585761 367.202324 363.877138 362.429769 364.914617 367.252689 370.454374 380.001961 388.223175 396.449644 410.650232 422.955542 428.084972 425.484552 420.277907 416.293448 409.501197 399.353561 388.802626 378.677323 371.408855 365.735053 360.033005 365.855096 372.148155 382.007780 391.760842 403.639342 415.712513 -9999.0
386.851025 389.826983 379.133995 370.872832 366.227203 366.464166 368.968056 365.508807 361.034422 356.643146 365.061645 366.547643 367.898675 371.311027 374.667502 377.529357 380.397025 385.853083 394.957262 397.770283 398.420115 398.662436 396.924513 393.879781 392.137266 389.427476 384.287543 383.337971 383.752952 383.680820 388.786387 390.267207 391.783655 384.903457 388.309097 394.509286 401.352174 408.075060 414.852227 419.017895 415.624900 414.290528 405.578553 391.389369 379.737566 370.815307 368.334942 364.861218 356.790276 344.030872 350.727832 365.961515 370.319824 373.583995 385.178238 397.323095 407.555244
373.337100 376.536771 371.673297 372.961986 374.610228 376.240569 374.824478 372.063134 370.651825 383.698683 393.523630 395.631406 398.834853 402.562426 401.791169 389.776719 387.354299 395.885019 406.465091 412.515941 412.907201 413.021642 411.332852 410.401768 410.011434 407.784287 408.787524 411.421986 411.854968 416.804433 422.508525 425.320788 417.085750 407.791423 408.341482 415.944572 423.931030 431.240860 441.987393 453.333246 451.874287 445.700092 436.109952 421.797915 397.674389 377.373175 366.134398 358.764671 351.231046 350.419074 347.308930 357.836128 359.166699 360.596008 368.668263 378.697141 388.635357
389.251200 397.696762 392.003473 386.878430 384.000198 384.903840 385.437163 389.097578 402.455036 416.920751 432.378219 435.724003 438.775121 438.731280 429.522060 419.307686 415.366601 430.438172 446.725970 455.350586 456.498612 456.673817 464.355436 462.799472 460.697963 455.602033 457.989557 460.332666 471.202952 478.995770 486.017198 484.132067 472.088514 460.620532 458.632300 460.779169 463.346008 469.315958 479.594520 489.343028 483.889176 475.785884 464.498401 434.498476 405.798826 387.830865 387.368042 386.878653 381.400533 377.538729 373.407047 365.498515 364.444138 363.188488 362.159484 373.689032 385.604644
439.476471 456.182376 450.888312 442.970600 432.716092 433.577462 437.344950 446.231337 460.312528 479.442714 504.836750 509.290284 513.718351 517.583230 506.833960 494.620420 483.186198 500.283958 510.710481 520.172555 523.272716 534.452091 544.870529 540.290760 532.026471 522.208708 528.885409 542.040643 557.557685 564.490742 568.294683 567.710959 556.941315 550.976852 548.463760 549.426668 546.069421 549.733550 560.272533 575.218318 574.270748 563.141429 538.675658 500.133741 463.352345 440.266296 443.700218 435.747761 428.086698 422.914259 407.712901 395.479786 394.372037 383.937667 376.936473 387.688495 393.127898
490.875664 510.389192 507.082233 496.861994 484.521378 484.873230 493.459243 504.236943 524.591291 549.937308 576.502220 588.415865 594.695587 604.949105 598.781606 589.492483 580.854423 590.075814 602.969688 615.777763 627.128425 640.566116 652.706703 644.509721 633.465541 629.378115 634.581109 653.718223 670.588982 676.224391 678.202440 681.663848 673.586644 666.094298 658.148436 651.394083 644.635846 640.039657 656.902510 672.249875 669.511375 644.388874 617.928486 579.760915 539.481402 503.838899 499.164624 495.163910 492.022157 474.926097 457.586362 438.411299 426.664802 416.222979 400.462286 404.458452 408.873326
593.911983 616.621870 620.590358 605.941311 600.139493 605.768422 618.764366 626.551148 642.691459 670.247888 705.716120 731.120333 753.147349 758.351753 750.022726 740.841848 727.257575 723.895060 740.015717 752.697356 764.361508 775.821608 788.186593 794.518174 792.710521 792.537934 795.645693 801.722120 809.811353 816.557155 822.289680 828.155856 826.004769 816.140517 808.773231 799.402035 791.710550 788.862439 789.736489 798.676282 796.074901 770.763762 741.870635 707.713540 667.857747 633.501680 611.970148 613.574395 598.862749 578.069150 554.867698 516.732697 496.819997 478.411198 446.937184 440.951182 448.713277
714.643066 732.328395 748.172170 746.260579 749.280317 753.764486 761.245221 767.045005 775.824425 809.140143 845.362654 876.606587 902.001318 911.471494 901.958971 892.320740 880.681413 871.305879 874.452315 888.435175 904.888618 920.475115 931.382924 935.126270 933.996415 934.394486 936.234196 939.226713 941.908240 947.380659 954.178912 963.971747 975.084613 970.020557 953.607727 941.041961 926.807068 921.081191 918.779632 915.571253 914.518020 907.491089 876.972222 847.617146 814.076167 782.372035 758.721530 740.737785 718.559728 693.515138 645.859606 602.950183 565.604784 535.090003 504.020713 498.564991 520.550202
842.002808 868.130272 884.722515 889.597136 892.955479 896.468534 903.008028 908.871587 916.908022 938.873369 975.612579 1012.690983 1042.726933 1047.937298 1039.696679 1029.685912 1019.206829 1009.367152 1006.260973 1013.176998 1023.289049 1038.246551 1049.380789 1059.318476 1059.047257 1059.638114 1059.935102 1061.831820 1063.405242 1064.878833 1071.013019 1081.724869 1092.024035 1093.296202 1081.234460 1064.780647 1047.541104 1039.424911 1032.191165 1025.484206 1024.427947 1024.054472 1017.241988 992.533441 956.909612 913.859063 885.369596 862.174653 846.974960 829.149781 804.224539 754.554794 724.090689 687.565810 650.060882 625.593170 661.006478
958.426348 989.154693 1009.167323 1018.829212 1020.924045 1024.163423 1031.854039 1038.674413 1049.390024 1065.955958 1088.368753 1116.533261 1143.330557 1161.210610 1158.409518 1147.009855 1130.824037 1126.468692 1125.446179 1126.960818 1132.598927 1139.432389 1153.602642 1168.439713 1173.680988 1174.650936 1172.489113 1174.376511 1175.185024 1175.117559 1175.504433 1179.146188 1185.449769 1187.721120 1183.618999 1168.825424 1149.669449 1134.653131 1124.798424 1119.182884 1115.928730 1115.869335 1114.145832 1102.244546 1074.225145 1037.233880 1003.145616 979.466856 961.835869 946.908508 934.750119 916.658404 898.138197 867.294041 823.883407 787.155961 782.984192
1059.538561 1085.794393 1110.709003 1128.418470 1134.281367 1141.102796 1146.177873 1156.138981 1171.358613 1189.448024 1202.619488 1218.907484 1239.597848 1251.681182 1257.446392 1258.088917 1257.251809 1258.993630 1258.897571 1238.900859 1240.891159 1242.920374 1248.079841 1254.721008 1256.964621 1257.491323 1256.918141 1257.828324 1257.904785 1257.884589 1257.254032 1256.548225 1258.042140 1258.621349 1257.900868 1252.378783 1252.653884 1235.980231 1223.730521 1215.755144 1207.721399 1198.834197 1188.968153 1178.965590 1162.949051 1136.335328 1103.162057 1074.773578 1061.743408 1053.667839 1046.015890 1039.477812 1023.691170 1001.809499 971.626247 933.912682 898.880249
1156.417714 1175.905840 1202.188112 1220.826577 1231.746552 1240.484562 1245.356333 1256.961875 1269.297855 1266.222702 1269.249121 1272.472571 1275.549691 1276.569893 1276.700858 1276.328383 1273.851325 1273.193858 1271.197299 1265.814112 1255.956467 1256.888511 1258.012140 1260.496866 1264.305933 1263.454932 1264.648742 1267.549735 1265.887010 1260.212316 1256.392242 1254.585140 1254.920127 1262.033086 1265.234976 1265.985317 1265.161404 1264.058839 1263.188053 1261.714482 1260.176413 1258.174284 1255.506215 1256.420035 1246.427192 1223.893411 1192.335908 1158.717157 1143.278905 1136.918662 1136.158389 1132.015343 1124.915631 1105.731125 1078.456154 1043.054705 1005.579431
1262.005438 1262.586079 1270.231716 1274.431968 1276.671568 1279.163998 1281.468491 1282.134758 1278.849242 1275.358940 1270.742652 1269.421051 1267.799209 1264.869400 1264.852348 1262.313187 1257.893918 1253.875545 1247.023579 1235.620949 1223.341483 1220.241549 1224.481690 1229.430418 1234.204374 1237.970617 1241.676445 1242.995118 1238.123778 1229.932976 1222.567992 1220.365412 1226.732020 1232.529126 1237.920428 1238.710324 1237.158768 1234.893319 1235.004080 1232.923502 1234.002058 1240.913647 1254.083979 1260.528788 1262.434253 1261.936644 1256.159416 1245.789422 1234.551496 1214.657450 1216.858760 1211.592993 1199.617338 1178.432791 1154.440406 1125.293366 1096.800593
1273.899110 1271.836757 1265.787895 1259.872919 1258.975558 1262.560474 1269.025062 1270.115332 1263.101716 1254.841851 1247.784168 1240.696532 1237.682726 1235.061968 1233.147213 1232.172780 1226.097878 1217.839035 1202.130427 1189.501154 1177.126157 1170.286894 1168.406895 1173.817861 1184.022699 1194.015519 1199.123962 1193.074741 1185.500318 1174.424934 1165.869339 1165.794909 1168.390931 1177.657033 1191.465218 1195.672950 1196.069540 1190.896139 1186.811210 1181.708511 1181.002158 1189.126373 1204.729047 1220.106188 1233.732265 1242.096245 1249.457780 1255.607015 1259.847110 1260.378955 1260.502704 1259.422953 1257.009422 1242.038557 1221.619919 1198.420485 1174.480175
1253.636794 1247.910298 1240.290945 1233.561801 1231.047311 1232.869601 1235.380820 1231.846915 1224.915081 1214.553033 1203.401845 1192.967484 1185.642389 1184.502624 1184.831210 1184.193832 1176.947918 1162.076413 1144.336663 1130.207419 1115.637880 1111.115834 1106.370624 1103.104403 1114.247511 1131.364295 1137.749808 1125.055045 1115.245685 1100.905991 1093.101265 1090.035859 1091.785670 1101.479000 1120.960987 1139.327052 1140.286909 1130.877702 1122.038876 1118.142603 1116.981451 1125.056624 1144.225728 1164.620197 1179.992263 1190.452177 1196.956955 1205.535808 1215.238443 1227.210795 1240.174920 1251.080785 1260.156972 1263.283045 1261.762645 1257.204559 1243.512487
1224.184607 1215.317686 1206.639639 1198.927708 1193.428275 1190.273429 1187.083402 1180.672372 1173.367724 1159.732691 1147.338796 1134.874129 1120.297595 1115.315141 1110.979716 1111.214441 1099.087306 1087.764449 1068.551674 1052.743521 1036.894084 1026.753549 1021.015553 1015.626167 1020.929275 1036.803930 1046.046140 1032.575520 1022.277454 1009.159464 1002.718694 999.416217 1001.265508 1011.514242 1033.817791 1052.359420 1059.058772 1051.386207 1046.443629 1044.877386 1045.156063 1052.085140 1067.980215 1088.804848 1110.289793 1126.848609 1137.008663 1145.566903 1156.362026 1171.302615 1185.865058 1200.428285 1217.709838 1237.374358 1251.853891 1261.098404 1265.432347
1183.904331 1173.052751 1161.099155 1149.115511 1141.718644 1141.594182 1134.140796 1127.149992 1112.471793 1067.534358 1049.695278 1031.417408 1015.384270 1008.433130 999.639693 991.067667 980.641097 972.944065 964.602973 948.766160 931.341502 915.417854 910.246773 906.148514 898.313776 904.092404 907.557226 910.405661 903.109788 896.954169 894.425026 891.953800 895.340392 908.934416 921.094634 931.681985 937.958868 936.440588 943.680547 950.851672 955.612157 972.513779 987.301466 1006.035237 1028.406424 1052.551010 1066.412522 1076.809986 1088.622972 1105.023708 1122.554768 1140.788639 1163.813655 1188.706247 1205.247457 1216.956640 1229.358205
1133.736132 1118.661830 1104.775354 1090.919107 1076.875703 1076.306661 1071.638693 1062.697267 1022.737886 980.256620 947.678674 928.698026 905.919038 893.442616 881.096039 854.198651 838.735202 831.296531 834.806757 824.264797 806.785214 792.244636 784.009065 777.443143 764.981339 757.034931 761.623697 773.283233 768.577660 766.645033 770.469909 768.731163 765.740968 771.997163 786.587762 795.139176 805.276695 817.000777 822.755639 833.196965 860.693281 876.439205 893.300536 914.994219 938.367566 962.456712 983.706851 998.055785 1013.675163 1033.461455 1051.279553 1072.975425 1097.325931 1126.523098 1146.899524 1162.222770 1174.874892
1060.220010 1042.922950 1024.777359 1003.551621 981.776385 977.831047 969.342545 950.031635 904.055089 862.805238 831.328329 807.579581 781.897215 761.924393 733.757677 700.539759 678.693445 682.178094 688.460688 687.679370 672.619979 658.877257 648.004739 634.059170 618.498563 607.213456 615.622037 624.291498 631.904598 635.232914 638.968829 641.317151 640.351130 636.712179 643.197714 652.702605 663.967317 675.649675 690.479678 721.958588 749.337928 769.269746 792.497606 815.418271 840.984881 867.476908 891.133573 909.175828 929.463155 950.345851 972.620235 994.801250 1020.912338 1051.169361 1076.340878 1092.899106 1108.422682
976.623618 953.325152 926.203966 886.989902 870.417994 859.729165 845.557573 808.596138 764.918756 727.578526 700.618672 673.210852 646.930467 618.244705 585.506440 557.179102 535.980184 541.743130 548.091469 558.256621 545.627401 533.646560 526.760432 511.659035 497.467998 483.116257 490.800133 500.638175 517.379050 521.420860 524.836307 531.612142 530.600468 528.510188 520.663043 529.907146 540.907853 555.396030 583.991140 610.912221 637.571089 661.614920 685.211146 711.398393 739.472906 767.662559 796.557344 819.180645 841.287338 865.504711 888.173410 908.815772 931.979501 959.996305 984.539973 1005.653661 1027.933648
873.332171 847.700593 810.061879 764.654399 729.056224 711.398841 671.943627 635.674188 597.522470 576.898534 555.869154 530.607918 507.069419 484.182067 456.729568 432.842367 408.273649 411.539033 423.517484 437.006740 430.544255 426.384788 422.858762 411.313890 397.522679 383.944102 387.590341 402.659026 419.443946 426.709990 433.273582 440.824339 441.021417 434.503851 426.434242 432.452245 446.825528 463.590030 485.791783 509.701871 533.487220 556.130265 581.340615 608.026300 635.620590 665.428391 696.464266 721.024747 749.167799 777.806220 800.995623 816.593922 834.047179 861.123732 882.321211 906.568383 931.261116
760.969739 732.018108 688.416169 642.917115 597.533931 556.995757 521.778086 488.453111 468.422983 447.706532 428.078940 408.423324 386.377822 365.930255 346.119631 323.519182 304.911111 309.889082 322.819436 334.132200 336.513533 333.340191 330.123688 322.390675 308.674275 298.250740 306.625262 322.026334 337.003070 347.108829 353.840385 360.015571 357.399775 349.355648 343.459382 351.678433 367.429464 382.810775 400.929094 423.278805 445.807906 468.869696 493.248273 518.014298 545.508388 574.189455 603.654233 633.103500 660.855146 687.344038 702.984299 718.708957 730.980361 751.555518 773.793572 797.886980 824.803027
627.259307 596.829915 560.775394 519.302494 486.146483 452.170655 419.655360 387.884997 361.462402 343.153237 332.290264 316.695377 296.778716 282.656863 265.259753 246.934953 246.142504 249.104805 260.507324 261.980644 262.530105 259.458494 258.264423 253.713790 242.715800 249.303608 256.924009 271.718953 282.627013 292.077301 298.388170 302.587847 302.410886 295.889621 299.278548 306.632983 321.478689 333.701311 349.342728 370.777879 389.025806 409.486504 432.709345 456.914940 482.592073 510.039157 539.758326 567.141882 590.043812 603.157714 617.497662 627.261483 625.921280 644.184218 663.478792 683.112410 711.016762
