tests/Borden05m/sims/sim_1/output-maps/psiliqL0007N0019.asc
ncols         160
nrows         34
xllcorner     620200.000000
yllcorner     5168000.000000
cellsize      0.500000
NODATA_value  -9999.0
[rows 0 to 24 of 34, columns 57 to 113 of 160]
-9999.0 -9999.0 -9999.0 -9999.0 -9999.0 -9999.0 -9999.0 -9999.0 -9999.0 -9999.0 -9999.0 -9999.0 -9999.0 -9999.0 -9999.0 -9999.0 -9999.0 -9999.0 -9999.0 -9999.0 -9999.0 -9999.0 -9999.0 -9999.0 -9999.0 -9999.0 -9999.0 -9999.0 -9999.0 -9999.0 -9999.0 -9999.0 -9999.0 -9999.0 -9999.0 -9999.0 -9999.0 -9999.0 -9999.0 -9999.0 -9999.0 -9999.0 -9999.0 -9999.0 -9999.0 -9999.0 -9999.0 -9999.0 -9999.0 -9999.0 -9999.0 -9999.0 -9999.0 -9999.0 -9999.0 -9999.0 -9999.0
-9999.0 -9999.0 -390.655041 -396.382303 -402.018581 -407.323886 -416.766141 -426.293684 -435.277389 -439.419418 -440.433802 -441.406419 -441.868154 -436.523808 -428.549192 -420.872106 -413.543035 -411.171635 -408.723142 -406.340823 -405.801278 -407.168875 -410.521430 -413.906689 -417.418435 -418.920324 -427.528852 -439.251867 -448.452536 -451.290889 -446.688980 -442.062295 -439.454244 -433.113374 -421.916006 -410.667330 -401.799795 -389.777643 -384.185563 -378.834841 -375.384557 -379.400953 -382.925835 -386.531568 -391.095271 -402.234287 -9999.0 -9999.0 -9999.0 -9999.0 -9999.0 -9999.0 -9999.0 -9999.0 -9999.0 -9999.0 -9999.0
-408.939582 -405.650504 -416.592215 -421.530340 -425.044134 -427.474364 -432.930339 -442.036425 -447.697019 -453.377246 -455.117907 -455.247553 -455.277920 -451.060263 -441.192822 -433.139897 -428.306373 -425.902468 -423.451214 -423.223102 -423.717875 -424.164355 -427.154381 -430.669534 -434.168391 -436.019711 -436.149009 -443.911164 -449.282519 -452.550091 -453.615218 -451.145086 -448.815303 -445.863112 -435.953060 -427.366381 -418.758482 -404.363856 -391.803968 -386.411057 -388.714365 -393.763553 -397.400095 -403.669542 -413.389086 -423.942397 -434.697215 -442.022429 -447.378485 -452.429550 -446.158236 -439.686133 -429.070905 -418.490102 -406.150144 -393.719718 -9999.0
-425.447274 -422.657492 -433.862410 -442.638708 -447.046682 -447.221106 -445.343449 -449.341945 -454.250778 -458.246681 -450.643222 -449.469800 -448.336174 -445.161918 -441.653875 -439.637485 -436.840082 -431.475448 -422.400493 -419.758713 -419.266114 -419.172343 -421.053386 -424.246902 -426.091454 -428.949352 -434.244720 -435.090361 -434.558841 -434.355933 -428.902403 -427.377696 -426.185086 -433.475118 -430.148473 -423.668584 -416.527301 -409.101881 -401.701015 -396.606681 -399.641997 -401.004311 -409.371902 -423.310315 -435.020710 -443.900450 -446.649984 -449.750368 -457.355810 -469.358232 -462.401713 -446.626094 -441.769078 -437.784314 -425.491422 -412.922230 -402.521123
-441.241847 -438.337526 -443.701339 -443.099204 -441.907468 -440.597030 -442.420077 -445.574127 -446.790376 -433.463550 -423.664467 -421.932109 -418.987889 -415.685437 -417.312350 -430.189718 -433.039735 -424.198933 -413.356400 -407.178772 -406.994801 -406.985637 -408.322363 -409.410450 -410.050040 -412.629305 -411.321062 -408.439052 -407.236330 -401.653746 -395.734172 -392.992294 -402.268485 -411.972347 -411.725786 -403.982220 -395.892699 -388.172194 -376.560060 -364.205293 -365.632596 -371.790941 -381.176711 -395.550406 -419.745419 -440.253851 -450.842452 -457.278766 -464.134107 -465.156401 -467.052047 -456.532406 -454.584922 -452.783123 -443.843629 -433.280866 -422.991083
-426.982572 -418.406620 -424.849655 -431.137999 -435.181416 -434.812450 -434.510407 -430.610853 -416.469293 -401.655263 -385.300116 -382.209441 -379.347041 -379.535940 -390.022590 -400.995854 -405.799069 -389.968585 -373.472479 -364.524333 -363.066624 -361.652772 -352.455947 -354.809716 -358.092395 -364.155505 -361.271963 -357.313532 -344.268367 -335.981074 -328.833159 -330.899877 -343.507764 -355.239191 -357.812304 -356.394305 -354.831879 -348.749898 -337.310714 -326.027183 -331.194292 -340.006891 -352.342943 -383.794068 -413.951344 -432.172068 -431.592337 -431.234472 -435.932879 -439.235377 -443.251399 -451.270813 -451.703651 -452.206510 -452.652072 -440.437379 -428.065338
-377.433802 -360.057775 -366.257162 -375.601189 -387.604254 -387.324301 -383.214563 -373.945375 -358.955319 -337.653224 -310.241041 -304.412836 -298.899755 -293.644274 -305.224707 -318.720117 -331.813188 -315.470551 -304.310257 -293.207317 -287.703218 -273.300536 -260.964832 -266.490438 -276.614787 -286.768191 -279.085839 -262.046062 -244.106119 -236.234552 -232.144537 -231.401330 -242.540164 -249.289409 -253.707675 -254.799610 -260.151597 -257.515185 -244.210926 -226.246109 -226.516613 -241.635658 -270.217910 -312.102047 -352.476947 -378.523395 -375.880055 -383.143949 -389.887882 -395.253647 -410.616127 -423.208203 -424.074367 -434.116924 -440.779436 -429.346688 -423.276750
-321.715165 -300.799614 -303.606691 -315.977311 -328.940221 -328.277418 -318.379237 -307.176950 -284.590908 -254.139813 -221.971022 -204.166354 -192.983848 -181.611079 -189.118481 -200.230522 -211.255000 -204.972123 -189.053473 -172.922111 -157.429620 -141.167177 -126.575341 -132.992945 -143.735750 -146.582257 -140.964748 -121.203305 -103.948091 -97.265941 -94.070623 -89.218794 -95.682991 -104.542900 -114.763338 -124.804167 -134.128150 -140.022406 -123.306449 -107.410291 -110.680419 -139.550821 -171.174572 -214.574417 -260.704480 -302.818002 -312.709985 -315.890640 -319.964655 -338.759930 -357.468498 -379.704620 -393.068092 -403.492984 -420.030806 -416.038415 -410.225050
-198.461011 -172.780533 -165.225399 -180.544986 -185.236012 -178.548680 -164.314495 -155.649434 -137.983321 -104.507998 -65.184178 -36.698985 -12.881631 -7.678549 -16.313264 -25.666944 -39.792643 -45.426278 -31.152410 -18.149227 -5.843562 6.035786 17.832196 24.989629 23.934598 23.908133 26.725599 31.190928 37.784208 44.459500 50.777576 57.417207 58.174684 49.240470 40.531923 30.143182 20.666116 17.215767 15.886344 22.442429 20.844876 -0.228999 -28.225262 -61.651338 -102.789158 -141.478504 -170.123169 -173.483943 -193.201102 -217.621421 -247.788167 -293.279669 -318.717854 -339.885564 -373.811913 -380.322824 -369.174090
-60.286111 -41.241754 -24.567858 -24.730141 -21.529932 -17.460940 -10.396951 -4.312790 4.302933 36.213998 71.000346 102.043409 127.112127 137.460573 129.282743 120.226063 109.473925 100.175045 101.135157 113.807883 129.340490 144.491725 154.755946 158.425417 156.979682 157.150065 158.577219 161.605797 163.901148 168.578167 175.306667 185.599330 197.621442 194.001990 177.582652 163.781007 147.522179 139.538324 136.029561 131.299224 130.477518 127.408167 101.992903 75.500097 43.870352 11.014230 -13.420516 -34.165147 -56.304887 -81.310205 -130.573138 -180.680995 -225.035092 -262.418439 -298.605322 -308.198237 -281.541649
64.031785 90.120208 105.638078 110.992334 113.830503 117.970687 125.822232 132.743336 141.616751 160.912037 194.761888 230.346890 260.661726 270.078814 264.738888 255.768573 245.136376 236.828432 234.061199 239.335479 247.882362 261.153122 272.256041 282.848552 282.878068 283.043558 282.912686 284.698844 286.142277 287.036556 292.774761 302.917228 312.298050 314.122182 303.464701 286.533082 267.240300 254.419939 244.661222 237.521852 236.158272 236.138606 233.042400 211.491473 178.266475 135.570165 105.419874 81.926090 67.344494 51.132828 32.096250 -11.005236 -37.294876 -72.235213 -112.773089 -145.879075 -116.501125
173.641991 202.719592 222.279938 232.373452 235.230856 240.868064 251.708868 261.112909 273.205589 288.527422 306.703337 333.363127 361.929196 387.614692 388.371692 379.279395 364.713037 362.219470 361.969651 363.015813 367.841599 373.026313 385.728367 399.033674 403.590472 403.823884 401.796838 403.679090 404.297303 404.047692 404.488407 407.529274 413.025376 415.051427 411.499139 397.680217 377.277225 354.166730 341.097867 334.752976 330.851647 330.082254 327.772667 317.237327 291.061197 254.409454 218.682003 192.889733 174.223931 159.981546 149.250059 136.908543 120.950805 93.780584 54.164349 17.662141 4.913567
275.881603 300.432392 324.026856 340.453376 348.260320 358.882435 370.949911 384.243151 399.722466 414.612382 422.620679 439.336420 459.839836 472.985137 479.860676 481.501157 481.711083 483.767007 483.741021 476.097400 477.248603 478.307129 480.153236 484.115057 484.891996 484.808667 484.484170 485.165561 485.174706 485.444700 485.278784 484.245412 484.838073 485.014521 484.409010 480.508669 474.801717 457.350742 445.093911 437.544856 430.138940 421.693508 412.345220 402.635549 386.480267 355.352214 320.233193 288.660310 271.987596 262.884470 255.984039 250.001977 235.229182 214.063136 186.329076 150.718913 113.812809
382.410354 400.331862 422.201895 435.691653 448.752304 458.796264 466.018703 477.816445 488.950864 488.809782 489.189468 491.151701 493.105884 494.438731 494.961705 495.092795 492.840045 492.369055 490.371680 484.722394 475.493886 476.631436 477.679709 479.875087 483.029573 481.401124 482.086715 484.792173 483.572877 478.596840 475.476383 473.986202 474.139755 480.941633 483.706056 484.114959 483.899763 482.689575 482.094664 481.488832 481.045806 480.579587 479.945351 477.316100 467.764010 445.590078 415.929992 383.136118 359.633003 349.288050 348.411760 343.765702 335.672046 313.837918 285.882848 251.065370 213.955369
480.901611 487.561838 490.225682 491.338609 493.117485 495.641206 498.364512 498.737960 495.333095 491.382715 486.221793 484.853858 483.610422 481.517078 482.232140 480.148334 475.916989 471.522469 463.481419 451.872464 439.685771 437.255630 441.673649 446.068509 449.677581 451.880879 454.668172 455.910681 452.080928 445.021114 438.562552 436.587903 442.698716 448.116735 452.596639 453.064003 451.701425 449.998506 450.621880 449.077719 450.550584 457.981655 472.260231 480.337400 481.134796 480.548932 477.992687 473.396856 454.738167 434.870031 436.498351 431.310485 417.858270 390.520164 364.321902 334.500331 304.300076
488.318960 485.963516 480.177504 474.628613 474.167468 478.088212 484.776869 486.000240 479.018546 470.096541 461.208811 453.534974 450.770561 449.195881 448.240029 447.693483 441.507912 431.868866 410.485336 395.506968 382.717260 375.921245 374.510850 379.793052 388.303316 395.968863 399.975465 394.555456 388.164050 378.772249 371.219160 371.498159 374.363908 382.867798 394.888094 397.807730 398.539844 394.566998 391.756051 387.381551 387.787710 398.362811 419.769424 436.200710 449.210155 457.157689 465.071492 472.678307 479.231535 479.555551 479.739706 479.371710 475.232426 459.638641 439.585664 416.523005 387.107221
464.360985 458.392279 451.204391 445.093771 443.306874 445.960797 449.136293 445.690219 438.544374 425.859620 408.549272 395.638577 388.669084 388.618142 390.016875 389.767296 382.779169 367.051586 346.678959 331.188570 316.325234 311.723170 307.073699 304.327424 314.549356 329.555583 334.768637 322.893008 314.122176 301.219516 294.033907 291.664034 293.525196 302.800361 320.643572 337.064130 337.988063 329.580032 321.676629 318.083916 317.591395 327.474316 349.518678 370.447361 385.400708 395.903494 405.000907 419.953422 431.687123 443.603379 456.658118 468.383682 479.349774 480.866483 480.201527 477.723924 460.837316
425.304055 414.662529 406.325634 399.571424 394.965591 392.425868 390.012688 383.682702 376.240104 363.394776 348.402210 335.063226 321.192852 317.510404 315.001954 316.307885 304.708848 292.393138 271.722718 255.474617 239.645876 230.509374 224.600510 219.072598 225.541190 241.190225 250.085947 235.478518 225.554670 212.566498 206.250295 203.245694 204.723046 214.321768 236.707152 254.898647 261.057332 253.371483 247.284295 244.871516 245.153142 251.947175 269.344315 290.645059 311.248850 326.817328 338.092359 349.793138 362.392903 378.358460 394.869082 414.088773 433.857222 453.444246 468.473911 478.034928 483.312162
377.354448 365.996557 354.756362 343.908173 337.698941 337.969943 330.993171 324.257792 312.338049 270.409510 253.324422 235.666374 220.904204 215.633889 208.645331 203.961077 194.349223 186.503069 175.550672 159.643235 142.829825 127.890030 122.775081 118.365075 112.888800 121.063684 125.005224 124.071795 116.925337 110.022280 106.684754 104.339210 107.994351 121.005778 133.533856 144.887352 150.538137 146.761411 152.333637 158.175719 160.033864 175.478237 190.092318 208.455793 230.065808 252.740489 265.830268 276.877093 289.349848 306.336340 325.125108 345.540745 370.517361 397.059682 417.855941 432.448659 445.539728
325.142317 310.691150 297.944759 285.553546 273.733533 274.025391 270.042628 262.823483 228.572069 187.270502 156.774968 139.142098 118.723697 108.747723 99.834452 78.487671 65.449636 57.412556 58.628625 47.133156 30.076983 15.518366 7.856938 1.974743 -9.174273 -14.310530 -10.258990 -0.556902 -6.384420 -9.378262 -6.517837 -8.522865 -10.700952 -2.729335 11.677148 20.365748 29.435844 38.521017 43.361212 50.481021 73.908192 88.103296 103.009632 123.102328 144.857574 167.333154 186.516980 199.760195 214.536123 233.960353 251.791919 274.138608 299.474031 329.431941 351.234346 368.175886 382.211155
254.197132 238.550000 222.762714 205.507034 185.538535 183.234931 176.210936 162.018451 120.718289 81.263500 50.715156 29.227085 5.269001 -11.701426 -35.646216 -67.386771 -88.430249 -87.261364 -81.350093 -85.200803 -102.027477 -118.098206 -131.062816 -146.055759 -163.902463 -175.242771 -166.574839 -156.481163 -151.621970 -149.153569 -145.133258 -143.791545 -144.824978 -146.249936 -134.933926 -123.734591 -111.275228 -99.512801 -86.732183 -56.649373 -29.424608 -10.648561 10.886259 32.027655 55.568686 79.854856 100.733160 116.437564 134.937646 154.442719 175.472297 197.358220 223.591906 253.947617 278.749239 295.427969 311.107584
177.573644 156.855825 134.220629 100.558829 86.413768 77.845844 68.541597 37.522717 -3.746268 -42.880589 -72.565553 -101.191540 -130.613907 -162.333674 -198.917095 -233.238692 -256.598960 -250.784098 -243.852583 -235.362499 -250.848125 -266.199186 -275.459763 -292.174193 -308.257854 -323.081959 -314.267351 -304.108307 -288.300883 -284.611711 -281.198609 -274.928942 -276.365854 -278.056800 -283.215590 -272.434275 -260.520221 -244.950518 -214.294317 -182.471240 -151.267243 -124.252638 -97.930799 -70.008060 -40.908421 -12.826600 14.096502 34.521380 54.400448 76.246678 96.905112 116.748048 139.642969 166.868188 190.754925 210.458520 231.555652
85.136036 62.643092 30.465086 -11.595060 -43.368497 -57.044974 -91.747623 -129.314661 -177.320572 -207.809924 -234.649510 -264.215950 -291.092042 -316.552302 -347.071332 -373.283058 -397.921748 -394.160882 -381.977296 -368.377526 -377.225347 -382.978716 -387.092518 -399.615169 -413.905313 -427.828809 -423.972277 -409.042153 -392.115476 -385.584326 -379.318197 -371.764505 -371.730842 -377.930406 -386.122554 -379.979284 -366.002080 -349.085583 -325.006695 -299.133901 -273.068546 -248.072610 -219.502727 -188.306223 -155.814021 -121.349606 -87.062632 -61.320151 -32.596922 -4.496772 17.781473 32.384906 49.566305 75.795997 95.607476 117.774364 140.404231
-15.641853 -43.206173 -87.156671 -137.408139 -189.609398 -232.497562 -271.356547 -308.399842 -334.088743 -357.170132 -378.764615 -399.722162 -421.877817 -442.975269 -463.725351 -486.169821 -506.747785 -501.595143 -487.969851 -474.993297 -473.556170 -476.777181 -480.017351 -488.284553 -501.967470 -514.298363 -506.302861 -490.680691 -475.193507 -465.529132 -458.912671 -452.513810 -455.305015 -463.501708 -470.843805 -463.047191 -447.629343 -432.204583 -413.590255 -391.144611 -368.243634 -344.984706 -319.926245 -293.695469 -263.722347 -231.251233 -196.973396 -162.903417 -130.139545 -99.093249 -81.094832 -64.242534 -49.762428 -27.790588 -5.816593 17.385642 42.259878
-153.404734 -188.520044 -231.928672 -280.896352 -319.442973 -355.315375 -388.741871 -421.073079 -446.985238 -466.089102 -477.232454 -492.651045 -512.558315 -526.688564 -543.904067 -564.082840 -566.299041 -562.227638 -549.266291 -546.401742 -545.679518 -548.726491 -549.899764 -555.029043 -567.472746 -562.371363 -554.356614 -539.077237 -527.912323 -518.601603 -512.237215 -507.986144 -508.787327 -516.347613 -514.053074 -506.693964 -491.901356 -479.899096 -464.215874 -442.926283 -424.969789 -404.743504 -381.836518 -357.766343 -331.727240 -303.331812 -271.726439 -241.347651 -214.414791 -197.741941 -180.523999 -167.898871 -167.266690 -145.298150 -122.387237 -99.118848 -69.149591
