tests/Borden05m/sims/sim_1/output-maps/psiliqL0011N0018.asc
ncols         160
nrows         34
xllcorner     620200.000000
yllcorner     5168000.000000
cellsize      0.500000
NODATA_value  -9999.0
[rows 0 to 24 of 34, columns 57 to 113 of 160]
-9999.0 -9999.0 -9999.0 -9999.0 -9999.0 -9999.0 -9999.0 -9999.0 -9999.0 -9999.0 -9999.0 -9999.0 -9999.0 -9999.0 -9999.0 -9999.0 -9999.0 -9999.0 -9999.0 -9999.0 -9999.0 -9999.0 -9999.0 -9999.0 -9999.0 -9999.0 -9999.0 -9999.0 -9999.0 -9999.0 -9999.0 -9999.0 -9999.0 -9999.0 -9999.0 -9999.0 -9999.0 -9999.0 -9999.0 -9999.0 -9999.0 -9999.0 -9999.0 -9999.0 -9999.0 -9999.0 -9999.0 -9999.0 -9999.0 -9999.0 -9999.0 -9999.0 -9999.0 -9999.0 -9999.0 -9999.0 -9999.0
-9999.0 -9999.0 420.396462 414.908289 409.657080 404.759120 395.837354 386.703924 378.317098 374.492384 373.748688 373.103747 372.889072 378.336506 386.478209 394.270647 401.617753 404.163946 406.743509 409.152817 409.774387 408.609241 405.442468 402.205809 398.843679 397.384635 389.208627 377.804691 368.938288 366.195113 370.675701 375.182827 377.696537 383.663851 394.477872 405.351622 413.924570 425.739269 431.364142 436.391835 439.306574 435.021610 431.226685 427.215228 422.051835 410.868065 -9999.0 -9999.0 -9999.0 -9999.0 -9999.0 -9999.0 -9999.0 -9999.0 -9999.0 -9999.0 -9999.0
403.502712 406.894384 395.849835 391.026736 387.789264 385.753021 380.854977 372.249084 367.068788 361.812424 360.227577 360.453395 360.707483 365.041624 375.245467 383.379910 388.310024 390.939227 393.641449 393.676838 393.303025 393.062510 390.257644 386.897771 383.551162 381.798339 382.087751 374.520496 369.142175 365.825387 364.387207 366.877141 369.214135 372.413713 381.965312 390.194137 398.429552 412.638908 424.945784 430.059779 427.418383 422.145262 418.075589 411.186931 400.940759 390.295806 380.072941 372.715798 366.963683 361.197327 366.977564 373.245859 383.092560 392.842788 404.728128 416.810998 -9999.0
388.277913 391.291426 380.608762 372.349323 367.708511 367.958907 370.484525 367.053633 362.616102 358.269768 366.736842 368.265596 369.655333 373.104926 376.496959 379.395113 382.306908 387.817615 396.980639 399.847023 400.540899 400.816672 399.098868 396.060923 394.319275 391.613825 386.488477 385.564285 386.009633 385.964452 391.087235 392.568418 394.069271 387.166023 390.554324 396.744142 403.582730 410.307087 417.085794 421.236998 417.795308 416.375611 407.549365 393.229466 381.445400 372.400595 369.812055 366.243616 358.087249 345.254322 351.899680 367.100049 371.433785 374.684539 386.279494 398.432704 408.672231
374.938661 378.183897 373.335577 374.627498 376.283421 377.935868 376.557305 373.847724 372.501008 385.619087 395.507094 397.661229 400.902205 404.663339 403.919863 391.935359 389.559640 398.159138 408.817058 414.941160 415.395383 415.560834 413.903414 412.978345 412.583556 410.363548 411.402041 414.096589 414.596020 419.597664 425.327476 428.132631 419.862495 410.523185 411.030689 418.598177 426.559536 433.863863 444.621187 455.965825 454.452290 448.162559 438.412112 423.921291 399.624926 379.170273 367.805239 360.330157 352.701651 351.803520 348.617428 359.083701 360.365088 361.761562 369.821345 379.852503 389.794458
391.173890 399.669870 393.983103 388.845088 385.964841 386.896006 387.486811 391.226882 404.675071 419.221160 434.727923 438.089308 441.152430 441.131263 431.945893 421.767949 417.890026 433.054406 449.443340 458.161369 459.390174 459.635505 467.357566 465.793353 463.664326 458.567284 461.012440 463.459630 474.439515 482.308091 489.358757 487.452207 475.354365 463.827634 461.779841 463.865412 466.380094 472.337890 482.650808 492.431641 486.931400 478.686475 467.189354 436.964640 408.069339 389.938442 389.348766 388.756998 383.180780 379.214711 374.971697 366.955135 365.812603 364.495508 363.434971 374.960390 386.879163
441.827818 458.558501 453.222798 445.239003 434.950456 435.837256 439.679358 448.661264 462.824906 481.972542 507.281296 511.588914 515.914016 519.760643 509.038394 496.898977 485.582506 502.820177 513.362119 522.901884 526.054810 537.282765 547.719393 543.100555 534.775075 524.935214 531.674410 544.942846 560.556898 567.534856 571.329830 570.698646 559.891710 553.913275 551.374509 552.280168 548.846621 552.479427 563.053532 578.056735 577.119670 565.924635 541.320364 502.636545 465.763890 442.598859 445.963684 437.958077 430.231328 424.957527 409.615570 397.223176 395.981265 385.457618 378.413892 389.163082 394.614088
493.443890 512.837009 509.332439 498.910266 486.456024 486.807899 495.466470 506.312687 526.634532 551.690548 577.641083 588.885393 594.720813 604.829236 598.738782 589.666215 581.298895 590.723398 603.647434 616.351764 627.549450 640.846256 652.873147 644.627941 633.555961 629.448318 634.644134 653.722683 670.481593 676.008921 677.885806 681.265525 673.258897 665.910933 658.068129 651.313996 644.470077 639.767753 656.511202 671.811583 669.215098 644.430372 618.391750 580.731430 540.959779 505.632839 501.131300 497.272632 494.228990 477.145416 459.707101 440.343477 428.433826 417.913169 402.149065 406.184799 410.655764
595.274201 617.354271 620.728107 605.630239 599.565170 605.115349 618.124666 625.873939 641.682235 668.272394 702.106646 725.973130 747.058205 751.985899 743.812869 735.045124 721.949645 718.850150 734.809828 747.120484 758.436156 769.695400 781.981603 788.267428 786.413184 786.218552 789.356111 795.503210 803.656552 810.458876 816.251512 822.163503 820.053342 810.166940 802.645020 792.995524 784.948360 781.791663 782.514033 791.470701 789.092842 764.287176 736.328500 703.629133 665.444691 632.274761 611.467622 613.676767 599.565406 579.272030 556.328808 518.147513 498.162922 479.832534 448.558255 442.777895 450.727179
711.041368 727.295418 741.993474 739.290138 741.849050 746.192155 753.729814 759.600598 768.300368 801.168639 836.514913 866.830354 891.661961 901.075461 891.798019 882.511105 871.226786 861.997673 865.022213 878.741892 894.949487 910.379333 921.250418 924.929732 923.705304 924.041011 925.911970 929.085162 931.995321 937.662219 944.667572 954.600949 965.715568 960.496980 943.729894 930.684238 915.858493 909.631095 907.149871 904.017527 903.216608 896.623690 866.808982 838.429507 805.879138 774.869034 751.842622 734.824539 713.932953 690.297588 643.847110 601.540300 564.612081 534.733826 504.465945 499.638464 522.071024
832.681542 857.792990 873.430777 877.522259 880.411296 883.938771 890.850218 897.125395 905.419764 927.394328 963.881750 1000.537121 1030.362954 1035.831893 1027.955214 1018.222187 1007.979092 998.199240 995.060788 1001.880262 1011.875005 1026.657628 1037.776253 1047.548353 1047.057783 1047.476486 1047.737383 1049.928293 1051.876145 1053.591243 1060.025765 1070.944722 1081.201448 1082.273842 1069.747021 1052.791554 1034.821576 1026.058264 1018.723715 1012.210458 1011.451178 1011.432150 1005.031235 980.747743 945.421766 902.478070 874.134682 851.395338 836.948273 820.017363 795.865198 746.754726 717.113036 682.103805 646.475202 623.307526 659.357208
945.786010 975.978992 995.216809 1004.061921 1005.630129 1009.115662 1017.637120 1025.251883 1036.444030 1053.135763 1075.540858 1103.414575 1130.152462 1148.519548 1146.179044 1135.006864 1118.992111 1114.636418 1113.636422 1115.162173 1120.775746 1127.358517 1141.552955 1156.095676 1160.963841 1161.618506 1159.294398 1161.556574 1162.859605 1163.033677 1163.791462 1167.703262 1173.922757 1175.998379 1171.379821 1156.212775 1136.330617 1120.634607 1110.832922 1105.534685 1102.611890 1102.851593 1101.383169 1089.637872 1061.600987 1024.429902 990.157570 966.435028 948.948286 934.371968 922.579514 904.797235 886.793030 856.830654 814.423533 778.334597 774.558350
1045.550926 1071.569022 1095.751797 1112.579521 1117.834154 1125.106078 1131.354626 1142.320098 1158.063596 1176.196725 1189.465850 1205.526096 1226.307905 1238.806409 1244.948521 1245.780018 1245.031630 1246.729359 1246.593739 1226.589940 1228.577175 1230.469965 1235.531466 1241.821901 1243.586318 1243.680778 1242.877589 1243.989840 1244.462738 1244.796377 1244.566218 1244.110662 1245.562755 1245.943742 1244.833750 1239.015852 1238.914747 1221.972101 1209.861640 1202.178124 1194.425201 1185.784585 1176.121317 1166.206341 1150.102790 1123.249762 1089.778812 1061.083635 1047.830157 1039.877701 1032.430814 1026.023547 1010.346394 988.631887 958.665284 920.993189 885.947855
1141.935289 1161.415814 1187.114949 1205.116067 1215.685002 1224.920430 1230.696072 1243.030192 1255.710049 1252.634867 1255.634074 1258.744297 1261.979995 1263.367348 1263.831254 1263.619791 1261.146941 1260.344200 1258.158649 1252.723014 1242.924915 1243.835996 1244.786916 1246.817900 1249.905764 1248.360265 1249.155736 1252.114170 1250.835172 1245.719113 1242.430963 1240.924470 1241.227583 1248.077290 1250.897840 1251.422420 1250.590869 1249.650315 1249.067184 1247.878047 1246.565919 1244.774969 1242.349400 1243.409217 1233.402056 1210.721526 1178.944212 1145.007994 1129.230694 1122.989699 1122.410130 1118.279986 1110.982373 1091.494536 1064.104801 1028.518337 990.812296
1246.917017 1247.557559 1255.030918 1259.073299 1261.315647 1264.186434 1267.005814 1268.048800 1264.841839 1261.160267 1256.266730 1254.817914 1253.440956 1250.991937 1251.388363 1249.020615 1244.523104 1240.180654 1232.898518 1221.389706 1209.281664 1206.265561 1210.289577 1214.626755 1218.300773 1220.948360 1223.990611 1225.286795 1220.916447 1213.616966 1207.031101 1205.242658 1211.546985 1216.937225 1221.788974 1222.375050 1221.139436 1219.452950 1220.061963 1218.298700 1219.543342 1226.626529 1240.160358 1246.870066 1248.849288 1248.316090 1242.529301 1232.137190 1220.846025 1201.095552 1203.431796 1198.117878 1185.810162 1164.102213 1139.930867 1110.530530 1081.679707
1257.802810 1255.844404 1250.041041 1244.438396 1243.850466 1247.758612 1254.481924 1255.684597 1248.483080 1239.722840 1232.007033 1224.648849 1222.013606 1220.136939 1218.849375 1218.133977 1211.955657 1203.214211 1186.814071 1174.004073 1161.835645 1155.065331 1152.858479 1157.459511 1166.347174 1174.937750 1179.212165 1173.097034 1166.164164 1156.256492 1148.671042 1149.081250 1151.607236 1160.353787 1173.472879 1177.510199 1178.446493 1174.149466 1170.732616 1165.963540 1165.342457 1173.563483 1189.656785 1205.381268 1219.092236 1227.453489 1235.046524 1241.559200 1246.085033 1246.867026 1247.167577 1246.139797 1243.581228 1228.315681 1207.708357 1184.181203 1159.777852
1235.988969 1230.428090 1223.464672 1217.487264 1215.557704 1217.746455 1220.405815 1216.846254 1209.530979 1198.404652 1186.243064 1175.400488 1168.546806 1168.387039 1169.573085 1169.397919 1162.198041 1146.974154 1128.669845 1114.267643 1099.670720 1095.014510 1089.823754 1085.741484 1095.751358 1111.726714 1117.419934 1104.652731 1095.357216 1081.929878 1074.916856 1072.273317 1074.021532 1083.383978 1102.449341 1120.788518 1122.232352 1113.539652 1105.242401 1101.593865 1100.473514 1108.609266 1128.091586 1148.691813 1164.030738 1174.421489 1181.343284 1190.617445 1200.861366 1213.203428 1226.438251 1237.575909 1246.777809 1249.904732 1248.348226 1243.639243 1229.709987
1204.731894 1196.136132 1188.429090 1181.751578 1177.031113 1174.343840 1171.343649 1164.894312 1157.226656 1142.923950 1129.740193 1116.966988 1102.793490 1098.686626 1095.247786 1096.125705 1084.279282 1072.853626 1053.297734 1037.188702 1021.107855 1010.651888 1004.414569 998.324673 1002.800597 1017.920398 1026.710535 1013.185081 1003.193951 990.617373 984.678826 981.677246 983.601346 993.770784 1015.985389 1034.638235 1041.687066 1034.432110 1029.749963 1028.213013 1028.385330 1035.243058 1051.215319 1072.094488 1093.524589 1110.067647 1120.585839 1129.739580 1141.053037 1156.382903 1171.285216 1186.243984 1203.884109 1223.791549 1238.435269 1247.763664 1252.105747
1163.464524 1153.066093 1142.030607 1131.036788 1124.451625 1124.889525 1117.741517 1110.811695 1095.930682 1050.619127 1032.414290 1014.080915 998.433538 992.249566 984.394396 976.696147 966.858067 959.343579 950.891941 934.853296 917.195782 900.951073 895.341724 890.706606 882.310226 887.633774 890.851330 893.679676 886.545161 880.675926 878.432299 876.154798 879.637852 893.296042 905.550411 916.298802 922.772092 921.371193 928.511146 935.333218 939.649951 956.179055 970.750917 989.338860 1011.559536 1035.622650 1049.633672 1060.354177 1072.504961 1089.218303 1107.088006 1125.743922 1149.199662 1174.457284 1191.308477 1203.287507 1215.877817
1113.045329 1098.513914 1085.422701 1072.439741 1059.215840 1059.337415 1055.172603 1046.494586 1006.593640 964.156547 931.777453 913.180600 890.968950 879.316101 868.079215 842.424562 827.974781 821.041031 824.698740 814.238145 796.824501 782.223447 773.770564 766.877440 754.068147 745.859198 750.325950 761.995794 757.409560 755.661452 759.666572 758.053539 755.126792 761.429513 776.085860 784.701507 794.829257 806.359397 811.600435 821.143327 847.628011 862.496288 878.694801 899.844676 922.701414 946.358202 967.370454 981.656511 997.302416 1017.186883 1035.213089 1057.238562 1081.968798 1111.525073 1132.227176 1147.852140 1160.762138
1039.902033 1023.208766 1005.847957 985.501649 964.671966 961.678851 954.057152 935.386294 889.882026 849.287285 818.847658 796.238551 771.558673 752.579003 725.663156 693.968002 673.470880 677.665616 684.273690 683.888587 669.300081 655.849659 645.027822 630.973311 615.248838 603.822883 612.154162 620.838158 628.548865 632.014890 635.876625 638.313695 637.380046 633.730981 640.155422 649.565918 660.636510 671.929759 685.994928 716.144508 742.067060 760.688182 782.761159 804.520205 828.848622 854.201194 876.980136 894.375064 914.148432 934.670061 956.806326 979.053496 1005.337253 1035.787679 1061.150090 1077.911013 1093.644691
957.595318 935.111986 909.040394 870.971769 855.664833 846.357874 833.642147 797.951382 755.301324 719.237760 694.089708 668.512326 643.581022 615.809498 583.812492 556.196343 535.618931 541.785896 548.379041 558.758793 546.272441 534.302678 527.306820 512.017084 497.633553 483.150738 490.799088 500.684047 517.526680 521.682322 525.202264 532.057465 531.082914 529.008858 521.186267 530.484954 541.533807 556.017944 584.469276 610.969828 636.991817 660.219235 682.738115 707.436991 733.697277 760.114688 787.475280 808.726196 829.508927 852.589136 874.480432 894.654908 917.511415 945.287235 969.654122 990.691128 1012.962908
857.347983 833.032085 797.107630 753.407708 719.434816 703.427575 665.897663 631.415334 594.521921 574.845735 554.761215 530.315404 507.308729 484.721714 457.471369 433.776960 409.397705 412.815565 424.900121 438.458133 431.993145 427.760882 424.112420 412.417683 398.487108 384.814261 388.433803 403.531697 420.380494 427.718742 434.351560 441.960396 442.196543 435.714464 427.700065 433.812038 448.308339 465.216116 487.566807 511.583666 535.418215 558.029143 583.065266 609.322966 636.177139 664.959401 694.678406 717.618447 743.859210 770.667757 792.392615 806.803491 823.169618 849.228771 869.579091 893.211812 917.402609
750.702070 723.517735 682.203116 638.697601 594.628051 554.983838 520.600430 487.999727 468.457587 448.093065 428.776071 409.359595 387.449579 367.054825 347.262669 324.683814 306.108324 311.127413 324.091712 335.419893 337.774816 334.539250 331.238825 323.413145 309.613792 299.129798 307.477485 322.884901 337.893903 348.041639 354.817383 361.033331 358.448814 350.435157 344.586820 352.891735 368.765263 384.300153 402.600588 425.147568 447.880780 471.148261 495.725975 520.659005 548.262426 576.963519 606.278134 635.275861 662.152953 687.420211 701.702200 715.912137 726.508284 745.386984 766.120432 788.941069 814.569806
624.234336 594.810256 559.735204 518.957123 486.176953 452.430106 420.133477 388.556325 362.261699 344.037431 333.246674 317.704364 297.816705 283.710702 266.329512 248.025115 247.239630 250.198284 261.587223 263.045630 263.568803 260.460265 259.222010 254.629338 243.597156 250.146404 257.733270 272.504330 283.405917 292.863213 299.190813 303.411782 303.257163 296.761829 300.187336 307.598354 322.526476 334.860044 350.644199 372.250435 390.691840 411.369790 434.837735 459.319650 485.312445 513.117775 543.205033 570.866399 593.823428 606.708435 620.580737 629.633336 627.379396 644.604273 662.755492 681.025216 707.119281
