tests/Borden05m/sims/sim_1/output-maps/psiliqL0021N0002.asc
ncols         160
nrows         34
xllcorner     620200.000000
yllcorner     5168000.000000
cellsize      0.500000
NODATA_value  -9999.0
[rows 0 to 24 of 34, columns 0 to 54 of 160]
-9999.0 -9999.0 -9999.0 -9999.0 -9999.0 -9999.0 -9999.0 -9999.0 -9999.0 -9999.0 -9999.0 -9999.0 -9999.0 -9999.0 -9999.0 -9999.0 -9999.0 -9999.0 -9999.0 -9999.0 -9999.0 -9999.0 -9999.0 -9999.0 -9999.0 -9999.0 -9999.0 -9999.0 -9999.0 -9999.0 -9999.0 -9999.0 -9999.0 -9999.0 -9999.0 -9999.0 -9999.0 -9999.0 -9999.0 -9999.0 -9999.0 -9999.0 -9999.0 -9999.0 -9999.0 -9999.0 -9999.0 -9999.0 -9999.0 -9999.0 -9999.0 -9999.0 -9999.0 -9999.0 -9999.0
-9999.0 -9999.0 -9999.0 -9999.0 -9999.0 -9999.0 -9999.0 -9999.0 -9999.0 -9999.0 -9999.0 -9999.0 -9999.0 -9999.0 -9999.0 -9999.0 -9999.0 -9999.0 -9999.0 -9999.0 -9999.0 -9999.0 -9999.0 -9999.0 -9999.0 -9999.0 -9999.0 -9999.0 -9999.0 -9999.0 -9999.0 -9999.0 -9999.0 -9999.0 -9999.0 -9999.0 -9999.0 -9999.0 -9999.0 -9999.0 -9999.0 -9999.0 -9999.0 -9999.0 -9999.0 -9999.0 -9999.0 -9999.0 -9999.0 -9999.0 -9999.0 -9999.0 -9999.0 -9999.0 -9999.0
-9999.0 -9999.0 -9999.0 -9999.0 -9999.0 -9999.0 -9999.0 -9999.0 -9999.0 -9999.0 -9999.0 -9999.0 -9999.0 -9999.0 -9999.0 -9999.0 -9999.0 -9999.0 -9999.0 -9999.0 -9999.0 -9999.0 -9999.0 -9999.0 -9999.0 -9999.0 -9999.0 -9999.0 -9999.0 -9999.0 -9999.0 -9999.0 -9999.0 -9999.0 -9999.0 -9999.0 -9999.0 -9999.0 -9999.0 -9999.0 -9999.0 -9999.0 -9999.0 -9999.0 -9999.0 -9999.0 -9999.0 2288.525492 2271.439399 2257.384453 2253.785256 2275.574254 2298.968461 2322.978831 2343.716678
-9999.0 -9999.0 -9999.0 -9999.0 -9999.0 -9999.0 -9999.0 -9999.0 -9999.0 -9999.0 -9999.0 -9999.0 -9999.0 -9999.0 -9999.0 -9999.0 -9999.0 -9999.0 -9999.0 -9999.0 -9999.0 -9999.0 -9999.0 -9999.0 -9999.0 -9999.0 -9999.0 -9999.0 -9999.0 -9999.0 -9999.0 -9999.0 -9999.0 -9999.0 -9999.0 -9999.0 -9999.0 -9999.0 -9999.0 -9999.0 2337.232833 2343.235462 2343.679455 2333.790983 2322.720765 2309.775824 2289.558971 2272.243141 2258.688074 2256.772640 2259.529624 2263.305763 2284.873794 2310.219891 2330.248499
-9999.0 -9999.0 -9999.0 -9999.0 -9999.0 -9999.0 -9999.0 -9999.0 -9999.0 -9999.0 -9999.0 -9999.0 -9999.0 -9999.0 -9999.0 -9999.0 -9999.0 -9999.0 -9999.0 -9999.0 -9999.0 -9999.0 -9999.0 -9999.0 -9999.0 -9999.0 -9999.0 -9999.0 -9999.0 -9999.0 -9999.0 -9999.0 -9999.0 -9999.0 2244.540311 2261.706253 2279.785910 2298.417183 2315.437871 2322.507490 2328.363650 2333.971250 2329.699407 2325.407221 2314.063936 2293.958268 2274.807431 2261.869088 2260.729264 2258.562912 2262.648875 2274.907806 2291.816000 2307.465304 2328.329495
-9999.0 -9999.0 -9999.0 -9999.0 -9999.0 -9999.0 -9999.0 -9999.0 -9999.0 -9999.0 -9999.0 -9999.0 -9999.0 -9999.0 -9999.0 -9999.0 -9999.0 -9999.0 -9999.0 -9999.0 -9999.0 -9999.0 -9999.0 -9999.0 -9999.0 -9999.0 -9999.0 -9999.0 2249.269150 2243.424628 2238.661092 2237.270497 2236.021641 2235.123159 2241.860403 2253.393518 2270.903621 2292.982836 2306.315083 2313.731063 2320.688388 2321.366167 2316.005514 2314.427013 2315.109152 2303.007678 2291.207075 2280.185333 2269.481133 2267.221648 2276.642318 2291.106475 2307.559641 2322.454967 2337.940363
-9999.0 -9999.0 -9999.0 -9999.0 -9999.0 -9999.0 -9999.0 -9999.0 -9999.0 -9999.0 -9999.0 -9999.0 -9999.0 -9999.0 -9999.0 -9999.0 -9999.0 -9999.0 -9999.0 -9999.0 -9999.0 -9999.0 -9999.0 2219.059717 2224.371492 2231.012236 2238.736398 2239.799545 2236.264411 2230.918944 2228.259907 2226.972654 2225.061144 2229.707984 2237.198049 2250.470831 2266.045805 2288.313419 2296.838508 2301.955536 2313.813700 2317.370271 2324.641931 2328.856660 2327.282629 2323.901548 2310.155444 2299.709118 2303.226422 2308.211630 2315.313325 2323.754558 2337.385224 2351.898757 2368.068309
-9999.0 -9999.0 -9999.0 -9999.0 -9999.0 -9999.0 -9999.0 -9999.0 -9999.0 -9999.0 -9999.0 -9999.0 -9999.0 -9999.0 -9999.0 -9999.0 -9999.0 -9999.0 -9999.0 2194.125388 2195.217741 2196.724494 2201.628494 2202.226221 2204.242870 2211.224943 2219.426130 2222.257497 2220.352777 2219.340711 2220.884869 2223.653567 2228.240905 2239.108441 2252.718499 2266.785184 2280.034245 2300.819507 2315.395147 2328.265342 2343.912970 2344.117456 2340.585819 2339.100130 2339.462885 2338.742913 2339.600519 2340.335862 2346.795118 2349.331393 2354.220894 2363.657018 2375.577010 2392.919676 2411.517780
-9999.0 -9999.0 -9999.0 -9999.0 -9999.0 -9999.0 -9999.0 -9999.0 -9999.0 -9999.0 -9999.0 -9999.0 -9999.0 -9999.0 -9999.0 -9999.0 2165.028628 2166.930934 2169.372142 2174.932092 2178.441015 2182.537795 2189.614314 2191.114566 2194.782335 2201.991450 2206.712651 2215.897652 2224.212460 2231.423554 2237.331603 2239.847784 2246.686619 2255.986324 2267.487451 2281.788778 2302.283345 2325.528393 2341.340409 2358.058193 2375.276403 2375.994853 2374.726548 2375.549684 2375.056577 2378.562655 2394.356704 2398.817916 2396.446129 2409.153405 2422.135417 2426.293041 2434.434293 2454.347303 2477.367418
-9999.0 -9999.0 -9999.0 -9999.0 -9999.0 -9999.0 -9999.0 -9999.0 -9999.0 -9999.0 -9999.0 -9999.0 -9999.0 2116.456367 2120.611396 2130.727645 2141.460775 2144.452073 2149.292858 2155.876178 2168.154397 2171.892970 2178.057984 2185.488159 2197.940476 2206.639648 2215.606535 2227.359664 2235.471611 2242.443730 2248.982770 2252.884649 2264.950869 2279.316995 2294.113142 2313.521865 2335.277294 2354.421845 2373.399522 2389.539967 2402.140025 2401.604895 2400.986561 2403.532223 2409.860152 2425.446698 2443.429884 2447.875373 2461.390819 2483.362353 2495.476096 2505.217931 2513.149809 2527.393966 2549.079586
-9999.0 -9999.0 -9999.0 -9999.0 -9999.0 -9999.0 -9999.0 -9999.0 -9999.0 -9999.0 2086.489573 2088.421332 2084.976502 2083.454169 2089.124879 2101.554409 2115.941516 2122.075560 2134.059385 2155.369228 2173.787005 2177.111792 2191.054870 2201.429041 2208.242359 2218.326685 2231.196383 2243.408389 2259.179700 2270.942639 2280.681520 2298.107856 2313.890849 2329.981134 2347.253867 2367.416477 2384.933543 2410.635876 2436.957541 2447.748984 2467.207968 2473.807872 2470.757915 2470.392844 2480.194252 2494.237419 2512.479385 2531.977433 2551.981756 2576.016298 2590.173081 2604.345326 2615.003392 2627.120255 2643.538910
-9999.0 -9999.0 -9999.0 -9999.0 -9999.0 -9999.0 -9999.0 -9999.0 2061.567420 2069.424007 2075.229884 2072.183773 2067.827189 2062.939985 2077.381251 2093.149661 2109.232654 2127.405478 2143.259968 2161.566097 2176.106767 2191.523026 2211.652195 2222.880140 2233.933976 2249.032138 2262.246509 2277.933423 2298.542528 2308.331705 2321.725042 2341.796183 2358.555213 2375.834073 2394.262693 2411.622224 2435.272944 2467.162800 2497.827557 2517.349938 2544.469967 2564.269538 2561.564790 2562.694517 2566.443376 2591.619833 2620.088266 2650.600791 2675.325157 2702.085582 2731.894337 2749.673078 2760.654404 2773.777655 2789.649598
-9999.0 -9999.0 -9999.0 -9999.0 -9999.0 -9999.0 2033.420991 2057.762096 2072.933227 2064.674409 2052.426744 2048.022091 2042.907991 2070.695960 2093.085820 2110.585161 2127.558282 2145.281376 2161.750624 2172.289209 2203.897798 2222.715923 2235.795995 2251.287155 2265.902151 2280.511853 2297.357309 2319.587718 2338.940863 2364.202162 2384.645104 2404.562532 2429.994121 2448.695926 2466.889506 2483.144863 2512.889441 2548.802787 2584.852542 2611.971650 2638.334115 2672.159054 2676.973933 2682.161564 2687.893192 2711.841160 2745.807446 2775.456615 2809.988951 2843.173139 2872.298352 2793.255325 2801.436255 2810.938793 2822.831588
-9999.0 -9999.0 -9999.0 -9999.0 2000.563148 2021.385421 2040.597750 2070.883879 2093.101228 2088.152162 2093.611707 2092.678718 2089.573401 2094.298844 2102.215238 2120.086245 2139.231525 2158.693533 2174.796933 2205.747858 2251.567738 2264.832677 2285.352915 2316.061483 2328.532650 2343.403730 2359.555038 2381.419517 2403.851886 2434.607994 2473.378074 2506.462446 2530.268323 2551.366600 2572.130255 2592.256005 2627.693618 2667.558308 2705.208765 2739.052273 2766.932593 2794.475450 2805.779722 2813.998984 2826.778786 2845.409347 2869.052720 2803.354634 2834.164118 2865.016795 2888.014086 2897.763509 2903.320078 2912.472187 2920.486163
-9999.0 -9999.0 -9999.0 1948.508463 1987.378135 2026.141867 2052.301457 2082.745341 2114.940663 2116.998216 2125.888409 2128.185180 2130.046142 2137.192050 2143.192600 2160.330564 2177.952836 2196.398076 2218.653175 2254.059428 2286.163814 2309.663318 2339.534593 2360.750687 2377.721570 2392.481089 2411.452904 2433.901100 2472.951231 2506.966136 2554.906361 2607.015883 2641.849265 2666.354757 2690.343510 2719.271392 2745.740310 2783.503271 2819.568938 2853.608410 2799.112710 2820.594406 2835.603175 2840.476325 2848.959069 2855.068728 2868.360528 2888.058685 2909.143713 2937.925190 2965.759431 2987.847228 3001.627419 3011.422878 3027.239037
-9999.0 -9999.0 1900.638584 1939.364704 1971.854999 2020.029970 2072.909687 2107.596922 2147.597501 2168.756912 2173.708508 2187.472582 2200.970939 2205.365191 2217.848407 2233.244459 2253.997417 2262.711945 2282.175130 2305.207499 2348.471311 2387.947535 2395.935381 2441.112775 2473.546834 2504.628552 2524.851527 2552.499520 2590.277272 2628.668841 2677.454677 2728.344460 2764.250775 2795.239057 2813.406715 2835.264406 2858.362922 2795.124980 2828.376650 2854.012427 2884.658756 2909.034772 2928.448423 2931.117393 2934.040517 2949.110065 2974.601407 2998.198985 3024.032551 3049.603225 3042.623309 3059.896251 3067.589390 3071.882055 3078.630576
-9999.0 -9999.0 1871.900405 1917.664177 1954.660625 2016.295509 2099.598040 2135.039569 2176.304440 2222.071034 2238.311511 2261.472457 2264.240120 2263.462056 2284.671721 2303.726506 2321.566579 2329.941383 2327.754577 2382.172438 2438.470009 2475.496908 2501.064620 2573.832513 2623.995629 2646.236533 2664.558010 2687.090460 2710.778761 2752.394245 2795.631525 2850.117514 2809.268543 2837.179604 2850.725958 2868.220168 2886.425522 2900.826611 2918.735230 2960.508345 2987.277347 3014.483641 3042.899268 3062.777085 3070.268173 3073.967735 3055.070700 3069.437080 3079.195288 3083.404917 3084.984742 3081.350179 3080.699937 3081.429616 3082.364001
-9999.0 1780.462715 1832.778819 1884.370922 1950.599637 2014.392315 2092.774375 2169.780422 2231.757890 2281.782267 2309.134513 2311.605497 2329.105537 2363.148780 2386.791157 2409.420602 2415.482163 2425.029846 2412.054181 2464.910932 2508.838513 2570.020021 2675.972834 2733.688442 2789.854832 2791.250521 2785.781931 2796.758894 2818.206801 2863.544107 2849.538400 2899.000931 2956.311329 2995.995213 3010.559707 3016.378270 3033.169616 3052.200355 3017.856982 3050.430644 3065.191611 3077.525532 3083.284295 3084.985714 3085.936590 3085.761320 3082.239019 3075.503647 3067.533103 3061.843995 3057.717631 3053.216069 3055.639598 3058.941364 3059.426292
-9999.0 1743.303349 1801.541586 1871.169905 1939.999596 1996.086134 2087.697679 2243.138934 2301.545522 2339.317301 2353.128471 2350.904519 2418.492721 2482.709113 2513.553786 2560.416379 2552.124016 2541.794279 2518.156072 2548.859071 2593.775546 2667.705532 2825.959466 2841.940967 2880.529165 2888.547754 2891.034160 2917.078988 2956.144172 2993.603487 3031.313589 3013.111648 3050.545510 3068.715102 3072.517510 3073.051629 3077.133748 3076.039203 3074.107432 3069.887511 3064.895658 3065.026735 3069.312077 3069.119766 3066.262205 3063.061606 3057.476018 3050.048027 3044.740360 3040.132816 3037.445900 3034.552023 3032.783746 3032.437254 3027.936143
-9999.0 1707.510126 1780.677276 1841.096126 1895.268133 1996.345952 2124.212432 2264.040023 2358.589343 2394.346206 2393.012796 2444.596586 2547.259978 2651.454487 2706.299097 2732.540929 2726.278988 2694.015723 2687.813210 2734.234597 2803.430281 2839.250762 2953.072254 3036.559259 3049.392217 3051.931077 3015.996939 3035.338066 3053.264841 3055.377333 3056.220289 3061.763842 3066.654244 3069.364424 3067.873062 3065.001125 3060.270148 3052.236453 3047.386665 3043.872048 3040.218140 3039.322150 3041.526787 3043.029647 3040.341207 3036.507095 3032.052570 3026.467105 3020.304069 3013.665769 3009.565546 3005.491185 3003.440628 2998.337595 2994.643057
-9999.0 1594.321932 1687.152736 1733.759524 1825.316112 2007.204129 2134.840592 2278.863639 2435.068928 2463.957262 2523.003737 2654.982086 2768.967126 2816.380799 2847.316574 2881.603742 2905.674295 2922.786725 2956.342374 2870.363063 2937.339507 3011.295994 3044.991494 3059.602775 3065.026905 3065.309721 3056.091580 3035.936960 3025.339731 3018.600898 3020.202843 3027.394418 3032.321612 3037.312310 3035.076129 3035.878336 3036.480154 3033.136546 3029.273748 3020.820698 3013.111544 3006.834244 3004.192222 3009.091829 3004.388431 3001.754952 2995.766674 2987.677112 2983.161489 2975.823601 2968.121018 2961.636206 2959.300461 2954.211388 2953.018810
-9999.0 1513.380186 1587.644087 1659.830045 1781.980533 1945.490515 2055.347811 2216.613971 2442.362361 2569.304165 2716.211722 2799.694080 2846.207570 2893.116960 2945.542571 2990.661170 3013.987958 3022.827724 2999.450014 3014.683201 2977.827833 2967.493295 2981.111034 3007.893210 3022.596313 3026.248945 3018.026714 3008.225512 3001.012851 2999.889099 2998.056775 2995.030499 2991.877130 2988.856302 2985.714576 2988.213597 2993.151586 2986.522295 2980.809334 2971.979915 2963.990420 2955.214578 2949.503468 2945.426291 2945.226324 2945.368894 2937.965238 2927.739474 2917.303615 2909.273837 2902.085928 2897.323861 2894.888543 2890.133747 2881.857004
-9999.0 1402.458839 1530.126445 1613.764768 1719.486723 1851.234708 1964.308329 2120.489232 2258.012950 2491.022424 2640.461320 2795.503083 2817.469004 2879.075130 2928.800042 2994.762962 2992.006761 2961.984189 2922.425086 2905.753677 2913.179779 2921.237839 2930.451712 2946.125400 2962.968453 2972.428892 2975.955067 2969.229769 2955.281154 2944.119614 2934.838972 2922.803291 2914.395211 2912.456869 2915.092626 2923.841841 2925.068327 2915.934403 2902.510403 2885.745060 2870.933714 2859.747444 2857.435705 2859.665502 2860.396391 2856.688762 2850.672810 2840.291470 2828.044301 2816.230483 2810.117097 2805.606906 2798.725643 2788.783450 2868.051383
-9999.0 -9999.0 1448.644295 1557.933244 1657.151157 1772.519140 1872.198441 2000.301206 2144.163348 2319.387108 2436.810419 2595.668295 2683.713646 2731.676192 2775.006520 2791.445561 2811.789060 2836.125433 2824.512919 2831.742988 2838.883777 2843.244431 2849.243279 2856.503269 2867.411930 2876.769585 2885.574079 2882.909022 2873.935523 2854.906751 2831.611526 2813.615404 2803.890472 2795.677604 2806.543913 2818.521757 2814.142227 2807.436087 2795.651061 2870.732414 2857.219853 2842.426132 2838.085568 2837.503019 2837.305487 2834.217878 2830.255345 2816.829605 2803.677855 2792.232695 2786.617417 2779.592633 2773.897500 2762.550061 2752.256058
-9999.0 -9999.0 1361.853937 1467.596433 1574.533487 1693.750599 1783.992965 1823.659742 1966.041718 2074.566105 2180.719716 2286.851949 2378.373653 2446.809266 2486.530475 2549.794249 2601.589930 2621.377443 2657.035024 2703.103390 2735.753460 2771.828795 2794.552493 2807.458495 2822.325060 2837.773277 2847.070686 2834.574303 2824.417170 2808.265904 2786.167774 2761.499567 2748.999065 2747.401260 2747.854634 2750.810393 2743.840857 2734.427331 2720.059026 2707.153193 2694.332520 2683.756797 2679.264547 2673.988882 2671.529279 2668.188021 2665.103483 2656.242684 2646.122482 2639.630843 2630.631153 2625.022817 2622.218381 2616.613265 2608.615934
