tests/Borden05m/sims/sim_1/output-maps/psiliqL0016N0008.asc
ncols         160
nrows         34
xllcorner     620200.000000
yllcorner     5168000.000000
cellsize      0.500000
NODATA_value  -9999.0
[rows 0 to 24 of 34, columns 55 to 109 of 160]
-9999.0 -9999.0 -9999.0 -9999.0 -9999.0 -9999.0 -9999.0 -9999.0 -9999.0 -9999.0 -9999.0 -9999.0 -9999.0 -9999.0 -9999.0 -9999.0 -9999.0 -9999.0 -9999.0 -9999.0 -9999.0 -9999.0 -9999.0 -9999.0 -9999.0 -9999.0 -9999.0 -9999.0 -9999.0 -9999.0 -9999.0 -9999.0 -9999.0 -9999.0 -9999.0 -9999.0 -9999.0 -9999.0 -9999.0 -9999.0 -9999.0 -9999.0 -9999.0 -9999.0 -9999.0 -9999.0 -9999.0 -9999.0 -9999.0 -9999.0 -9999.0 -9999.0 -9999.0 -9999.0 -9999.0
-9999.0 -9999.0 -9999.0 -9999.0 1435.551720 1430.238898 1425.383148 1420.942780 1412.554854 1403.795794 1396.033834 1392.541017 1392.106215 1391.843836 1391.932230 1397.613946 1406.143139 1414.284197 1421.881860 1424.804835 1427.754014 1430.458494 1431.461877 1430.837907 1428.185024 1425.431376 1422.531930 1421.406732 1413.866498 1402.857902 1394.411834 1391.848690 1396.320276 1400.807626 1403.286537 1408.903841 1419.398886 1429.906014 1438.100116 1449.689197 1455.235555 1459.774365 1461.953739 1457.138905 1452.916690 1448.388710 1442.494372 1431.113364 -9999.0 -9999.0 -9999.0 -9999.0 -9999.0 -9999.0 -9999.0
1380.738407 1399.966822 1420.524951 1423.908989 1412.348750 1407.530332 1404.580808 1403.016948 1398.748868 1390.631389 1385.938286 1381.074340 1379.596976 1380.208957 1380.793630 1385.349141 1396.175326 1404.628207 1409.868668 1412.947731 1416.170540 1416.179785 1416.216674 1416.547893 1414.279609 1411.423458 1408.562664 1407.211733 1408.260330 1400.985201 1395.628722 1392.275410 1390.423720 1393.039746 1395.492316 1399.089907 1408.360109 1416.228351 1424.014420 1438.072511 1450.106644 1454.781603 1451.498944 1445.764662 1441.106513 1433.434899 1422.526280 1411.791832 1402.355359 1395.008249 1388.750639 1382.021990 1387.223562 1393.233704 1402.144500
1366.117941 1385.844472 1406.479882 1409.608787 1399.238856 1391.427656 1386.407576 1387.164683 1390.479951 1387.614386 1383.559479 1378.564959 1388.041914 1389.884046 1391.528118 1395.367540 1398.732126 1402.852170 1406.076029 1412.011273 1421.624560 1425.039620 1426.266727 1427.112570 1425.953728 1423.466065 1422.217008 1419.968157 1415.183986 1414.264665 1414.654680 1414.336185 1419.200223 1420.748895 1422.746423 1416.292564 1419.919566 1425.921318 1432.475769 1438.331413 1444.290570 1447.180417 1443.007753 1441.447163 1431.976125 1417.120580 1405.290220 1396.164810 1393.983062 1389.947656 1381.090726 1367.124803 1373.460517 1388.104715 1391.767627
1373.522948 1383.334126 1395.430590 1398.866542 1394.377032 1396.428722 1398.618593 1400.645143 1399.660552 1397.246503 1395.452943 1408.210215 1418.092331 1420.516007 1424.004074 1428.341381 1428.660408 1417.594409 1415.873424 1424.564971 1435.467639 1441.925373 1443.025421 1443.789947 1442.237700 1441.998344 1442.362112 1440.862008 1441.805676 1444.397955 1444.084089 1448.501582 1454.217702 1457.265739 1450.083746 1441.095777 1442.150952 1449.876682 1457.949482 1464.869794 1474.727859 1485.010362 1483.149299 1476.477097 1466.168042 1451.409040 1426.794751 1406.402843 1394.237478 1385.612084 1377.103387 1376.493834 1371.798072 1382.398749 1382.900660
1372.655781 1391.400216 1413.134085 1421.332922 1416.152036 1412.128605 1410.459387 1411.950937 1412.683126 1415.982478 1428.467804 1442.656271 1457.262047 1460.705750 1463.881226 1463.966462 1455.909271 1446.296973 1443.441735 1458.579157 1475.761069 1484.978192 1486.528255 1486.197865 1493.352584 1493.341192 1492.996711 1489.199344 1491.527780 1492.576100 1501.778542 1509.617839 1517.007053 1515.354178 1503.289441 1491.632327 1490.334417 1493.521957 1497.311349 1503.310377 1512.725825 1521.194284 1514.767734 1506.411497 1495.177544 1465.398562 1437.469776 1419.443293 1417.912231 1416.498208 1410.051273 1405.524075 1401.227923 1393.374548 1391.558889
1421.405419 1443.331238 1464.436146 1480.591737 1475.743973 1468.771266 1459.943796 1461.397442 1464.853813 1473.514528 1487.046221 1504.563091 1529.106080 1532.262289 1535.778686 1538.412318 1527.573486 1515.753315 1505.593338 1525.143668 1536.628171 1546.301887 1548.638374 1559.014472 1570.087601 1567.095451 1560.608536 1550.893490 1557.737626 1568.880705 1584.301855 1591.543125 1595.808996 1593.912279 1582.265119 1576.296140 1575.383849 1578.307279 1576.347561 1581.181444 1590.169692 1603.809919 1601.332887 1591.427977 1567.131613 1527.811978 1492.238427 1471.257550 1475.819472 1467.048091 1458.257518 1453.308876 1438.073580 1426.109777 1424.805245
1475.695861 1494.125324 1513.358875 1532.494928 1528.051690 1518.716044 1505.896536 1505.981406 1513.977299 1525.392669 1545.429304 1568.558246 1592.824471 1600.273889 1602.422604 1612.852539 1607.032907 1598.024778 1590.684835 1604.909533 1617.843404 1630.934335 1641.778561 1656.469326 1669.604553 1660.204852 1648.528177 1643.328582 1649.678246 1671.089485 1689.713335 1694.958962 1695.879562 1697.985153 1687.732542 1681.550772 1675.589887 1671.534511 1666.193307 1662.071566 1680.715225 1696.641343 1693.138538 1667.679268 1641.048358 1601.230773 1560.739872 1527.614870 1527.294022 1521.850540 1519.269573 1503.027858 1486.121756 1469.440135 1459.171331
1557.990515 1587.245479 1608.716453 1631.459548 1631.606130 1614.937703 1606.597382 1612.084454 1626.157646 1634.924677 1652.437902 1676.496264 1708.217827 1728.775592 1747.184739 1752.265713 1744.808036 1736.528392 1724.409860 1725.008068 1744.939775 1758.810761 1771.237947 1783.778134 1798.333012 1804.574474 1802.583047 1802.944126 1807.159884 1816.042911 1826.424233 1833.304779 1838.283112 1843.220412 1837.621278 1827.044626 1821.771013 1813.901852 1808.334089 1805.800649 1809.320716 1820.751316 1816.150932 1785.058708 1754.926313 1719.078076 1678.817893 1645.080882 1627.222030 1633.038937 1621.102292 1600.635805 1580.491774 1545.003714 1528.412294
1659.590984 1696.682466 1725.509175 1740.912364 1754.316077 1748.646749 1750.600910 1755.748762 1764.488746 1770.526148 1779.607786 1813.363740 1849.041489 1878.238776 1902.812378 1911.724020 1901.606025 1892.471267 1881.038297 1872.938150 1880.090602 1896.944635 1915.921212 1933.546853 1946.748322 1951.746669 1951.856264 1953.158716 1956.150690 1959.621867 1963.202042 1969.996152 1977.446408 1987.310291 1997.729757 1991.080777 1974.562664 1963.250553 1950.824209 1946.639822 1945.122557 1943.275452 1941.343036 1929.011329 1892.422192 1860.324090 1825.515675 1796.014512 1773.870589 1760.049183 1737.835812 1712.050273 1662.193494 1619.839853 1582.951057
1778.195170 1821.547148 1853.692447 1877.550048 1893.286112 1895.801519 1898.934217 1902.110005 1908.521935 1914.290558 1921.672051 1946.188577 1985.180699 2023.122598 2053.389697 2056.754529 2046.873990 2036.906995 2027.691193 2017.378283 2015.363689 2025.928930 2039.798048 2058.531884 2071.264209 2081.379790 2081.198305 2082.460364 2083.889533 2086.435571 2088.639853 2091.212163 2098.975363 2111.650494 2123.727702 2124.552974 2110.356496 2093.709515 2077.184269 2071.297670 2065.840671 2059.346744 2058.403913 2057.224184 2045.492181 2016.642408 1977.664449 1933.618153 1907.194501 1884.945206 1869.627075 1850.593103 1818.641930 1761.025399 1725.490166
1915.263847 1946.112261 1977.040657 2008.465421 2026.943444 2033.911358 2034.161043 2035.939610 2043.856118 2050.037610 2059.824231 2076.931311 2102.910889 2133.272054 2160.506763 2177.301185 2172.936218 2159.742939 2142.264512 2137.060774 2136.694295 2140.487431 2149.164238 2159.626681 2177.095931 2194.674597 2201.133771 2202.599433 2200.564849 2203.269208 2204.913285 2205.314592 2207.053201 2212.874612 2220.758978 2223.744953 2218.591519 2201.852906 2181.581239 2168.444146 2160.404579 2155.706199 2153.443156 2154.206329 2152.954898 2138.779186 2106.955519 2066.363600 2032.603585 2010.680725 1993.391910 1977.152412 1963.009046 1937.635589 1916.124548
2039.763134 2055.398774 2082.490134 2110.110184 2134.083685 2150.185008 2153.452022 2158.623688 2163.690634 2173.164290 2188.868005 2209.216117 2224.501614 2242.583002 2264.827116 2278.150184 2283.879126 2284.168426 2282.957050 2285.502950 2286.781235 2252.975619 2257.883097 2262.617660 2273.007929 2283.465364 2287.400954 2288.205148 2287.135119 2288.824806 2289.687835 2290.162922 2290.178121 2291.059505 2294.214151 2295.637319 2294.665185 2287.065682 2294.322963 2277.254845 2265.345072 2257.672055 2249.448620 2240.258693 2229.796072 2219.030416 2200.854959 2172.458869 2138.571205 2112.149059 2100.274022 2091.966160 2082.722697 2074.859069 2057.014227
2150.809986 2162.984049 2179.851287 2200.790155 2229.716996 2249.562270 2260.026693 2268.546208 2273.202389 2285.701143 2299.699344 2292.101684 2296.888877 2301.688310 2306.388837 2307.980668 2308.524911 2308.573918 2306.828069 2307.081922 2306.101595 2302.702561 2293.908376 2296.101472 2298.184148 2301.011342 2304.771211 2303.665674 2304.815401 2308.038744 2306.907057 2301.813941 2298.630305 2297.532159 2298.562855 2306.165645 2309.865247 2311.268408 2310.359942 2310.282925 2310.238698 2308.610932 2306.207120 2302.518557 2297.626676 2303.007935 2291.910763 2267.312253 2232.556129 2195.952366 2183.018331 2179.184135 2177.940319 2173.728468 2166.194662
2269.527510 2282.327974 2295.970133 2288.637269 2301.460470 2307.922020 2310.820430 2313.485425 2315.668045 2317.000601 2313.633508 2310.118051 2305.161599 2303.491083 2301.800648 2299.060316 2299.461783 2297.534607 2293.882427 2290.772645 2284.687660 2274.579103 2263.989888 2261.642528 2266.297788 2271.369209 2275.692628 2279.010009 2282.391059 2283.431716 2279.015879 2271.730424 2265.291033 2264.094596 2271.190363 2277.348458 2283.524480 2285.030739 2284.593717 2283.499177 2284.573676 2282.778062 2283.776561 2290.570341 2303.987503 2308.798050 2311.858316 2311.077108 2301.315093 2283.745632 2280.431404 2260.256930 2263.286494 2257.572354 2245.217446
2311.186552 2313.309592 2312.747790 2311.265741 2305.203434 2299.133181 2297.980726 2301.315875 2307.545950 2308.177477 2300.690006 2291.869794 2284.347793 2276.849987 2273.971616 2272.162908 2271.008722 2270.843646 2265.582904 2257.772079 2242.673606 2231.755156 2221.086931 2215.290331 2212.790118 2216.936505 2226.438373 2236.053774 2240.509800 2233.391448 2226.262524 2216.167926 2209.018338 2210.135990 2212.888533 2222.717915 2238.048243 2244.297411 2246.200253 2242.183344 2238.658948 2233.972764 2232.838231 2240.290901 2255.621296 2271.348916 2285.468947 2293.874097 2301.215172 2307.593844 2309.605936 2310.607691 2310.664309 2308.523550 2307.450880
2308.548164 2302.228115 2295.724824 2290.555227 2283.682206 2277.522531 2275.004774 2276.356955 2278.015099 2273.535910 2265.973908 2254.905926 2243.075020 2232.378420 2224.682751 2224.231251 2225.248681 2225.508482 2218.583304 2204.127436 2187.085439 2174.129441 2160.585818 2156.541517 2151.020807 2145.253482 2154.718629 2171.488354 2177.481896 2163.546152 2153.980624 2140.440074 2134.279391 2132.016139 2134.415595 2144.725362 2166.190520 2187.822581 2190.797081 2182.653997 2174.771770 2171.923369 2170.913941 2178.238595 2196.874726 2217.743926 2233.444797 2243.805087 2249.907033 2258.263093 2267.813500 2280.333479 2293.332413 2303.918147 2310.677128
2286.503174 2278.785454 2270.975277 2263.014955 2255.343280 2248.125355 2242.629234 2239.142787 2234.693071 2227.215653 2218.663920 2201.067024 2187.352168 2173.605545 2157.980033 2152.630376 2147.538598 2147.731054 2135.821264 2125.989464 2108.254288 2093.077291 2077.470319 2065.922318 2059.386490 2052.284229 2053.668714 2067.419713 2075.599315 2063.347699 2053.631610 2042.182944 2037.469089 2035.343225 2038.734678 2050.484174 2073.354959 2093.521026 2102.698752 2097.089146 2095.320338 2096.052887 2097.139681 2105.074610 2120.265354 2141.045504 2163.672286 2181.781580 2192.542056 2201.124705 2211.762125 2226.614815 2240.546409 2254.174737 2270.838543
2255.716473 2246.236943 2235.900993 2225.542524 2213.916981 2201.742638 2193.688028 2193.262719 2184.762116 2176.452511 2156.939748 2106.342328 2085.285507 2064.822795 2046.886022 2038.362550 2028.363282 2016.247035 2006.018725 1999.330713 1994.731325 1979.490981 1961.660248 1944.420680 1938.263424 1932.942972 1920.214944 1921.055185 1922.694035 1930.024301 1923.299033 1919.398543 1919.311225 1918.080799 1922.290917 1937.467961 1950.064519 1960.881468 1969.368015 1972.097468 1982.494522 1992.003081 2000.643777 2019.615774 2035.071541 2054.630336 2078.238750 2104.817131 2121.020063 2132.650215 2145.152994 2161.886828 2179.114588 2196.883295 2219.164688
2217.817710 2202.319098 2187.327775 2171.796244 2157.239243 2142.316373 2125.929977 2124.258165 2118.257074 2106.279219 2058.125912 2013.280733 1977.340951 1956.323073 1930.668921 1915.445380 1899.779371 1867.574897 1850.742229 1845.349096 1852.618581 1844.382579 1827.409784 1813.244824 1803.630332 1794.811593 1779.140348 1766.201138 1770.584017 1784.358424 1781.673416 1781.984296 1787.995362 1787.826760 1785.053030 1790.007985 1805.741362 1815.202779 1827.637304 1843.304166 1850.443957 1864.704120 1896.381203 1913.430732 1932.365516 1955.783523 1981.033680 2007.433171 2032.053823 2048.960381 2066.730743 2087.928436 2106.671086 2128.656134 2152.720516
2162.042244 2132.323103 2110.682494 2091.521500 2070.736607 2044.963317 2021.180398 2015.188897 2004.765002 1978.861654 1927.076657 1884.444565 1852.949358 1827.309621 1800.045556 1776.330371 1742.998128 1708.188883 1685.801957 1693.179618 1700.805224 1704.327641 1690.611740 1677.776633 1666.853775 1650.675125 1633.822861 1619.906398 1628.617715 1636.896917 1648.568062 1653.461540 1657.873649 1662.474722 1662.655898 1657.988059 1661.871396 1672.400600 1684.632573 1697.806442 1716.305593 1750.408330 1778.321815 1799.720069 1824.596990 1848.910912 1875.951272 1904.341668 1931.067782 1952.116606 1974.891193 1997.924416 2022.257471 2045.423502 2071.980246
2077.547351 2047.749649 2018.573795 1992.456060 1960.405635 1915.295587 1896.315874 1883.350107 1863.750918 1820.231565 1774.268233 1740.023544 1715.952715 1688.330684 1662.240478 1631.727165 1597.143752 1570.240366 1548.532583 1555.255281 1562.423586 1575.800791 1564.368271 1553.978157 1548.040737 1532.264503 1517.798614 1502.127392 1508.839897 1519.237937 1538.404253 1543.404247 1547.600960 1556.140085 1556.308852 1554.566794 1544.530489 1554.222820 1566.499455 1582.384381 1613.123830 1639.673797 1666.206802 1691.177585 1715.296657 1741.965157 1770.156308 1799.039094 1830.068164 1854.806408 1878.954763 1905.376737 1929.980393 1951.376760 1974.765424
1957.183869 1929.403765 1904.400364 1876.208677 1833.610529 1785.679411 1745.284588 1721.885748 1675.830647 1638.305157 1604.740451 1589.238000 1569.605188 1544.688539 1521.192469 1498.039081 1471.282147 1448.197161 1422.570653 1425.822852 1438.530081 1452.804250 1448.797573 1446.126669 1442.914686 1431.727135 1417.609774 1403.618615 1406.982239 1422.630616 1439.878684 1448.405380 1455.838163 1464.115297 1465.000175 1458.391524 1450.717992 1457.440571 1473.385959 1491.173582 1512.944837 1536.978240 1561.191221 1584.777253 1610.923304 1638.112943 1665.995183 1696.114850 1727.903698 1753.614618 1782.462014 1812.159881 1835.917870 1852.062071 1868.901067
1834.954330 1810.477734 1782.873897 1752.048978 1707.087260 1661.887245 1616.167518 1571.112772 1534.799471 1501.453296 1484.506982 1464.004656 1445.020527 1425.682300 1402.786666 1382.464961 1363.325707 1340.223753 1323.915748 1328.988004 1341.466406 1351.088514 1354.679815 1351.521279 1348.255995 1340.939532 1326.820410 1318.431990 1327.215580 1342.449208 1357.002591 1367.860676 1375.019687 1381.319011 1379.210215 1371.547044 1367.639399 1376.817720 1393.503605 1409.286481 1427.325128 1450.282586 1473.322727 1497.446755 1522.898809 1548.544871 1576.884318 1606.312442 1636.605013 1667.271379 1695.123987 1720.949382 1736.467609 1752.298652 1762.334419
1691.180083 1673.313329 1644.679847 1613.250642 1578.057908 1538.016426 1506.298840 1471.519062 1438.190458 1405.786043 1377.971817 1360.282337 1349.630809 1333.677059 1313.605775 1299.460124 1281.798925 1265.710639 1266.733946 1268.396388 1277.976258 1277.729762 1278.041283 1274.876709 1273.599701 1269.651745 1260.243743 1268.602329 1275.679241 1289.890703 1300.514122 1310.229640 1316.628589 1320.988436 1321.810526 1316.765467 1321.772311 1329.408916 1344.631608 1357.345801 1373.157739 1395.094408 1414.044097 1435.292237 1459.651472 1485.043803 1511.806544 1540.456778 1571.462272 1599.789891 1622.809970 1635.705899 1650.389170 1659.426146 1656.859827
