tests/Borden05m/sims/sim_1/output-maps/psiliqL0012N0007.asc
ncols         160
nrows         34
xllcorner     620200.000000
yllcorner     5168000.000000
cellsize      0.500000
NODATA_value  -9999.0
[rows 0 to 24 of 34, columns 0 to 55 of 160]
-9999.0 -9999.0 -9999.0 -9999.0 -9999.0 -9999.0 -9999.0 -9999.0 -9999.0 -9999.0 -9999.0 -9999.0 -9999.0 -9999.0 -9999.0 -9999.0 -9999.0 -9999.0 -9999.0 -9999.0 -9999.0 -9999.0 -9999.0 -9999.0 -9999.0 -9999.0 -9999.0 -9999.0 -9999.0 -9999.0 -9999.0 -9999.0 -9999.0 -9999.0 -9999.0 -9999.0 -9999.0 -9999.0 -9999.0 -9999.0 -9999.0 -9999.0 -9999.0 -9999.0 -9999.0 -9999.0 -9999.0 -9999.0 -9999.0 -9999.0 -9999.0 -9999.0 -9999.0 -9999.0 -9999.0 -9999.0
-9999.0 -9999.0 -9999.0 -9999.0 -9999.0 -9999.0 -9999.0 -9999.0 -9999.0 -9999.0 -9999.0 -9999.0 -9999.0 -9999.0 -9999.0 -9999.0 -9999.0 -9999.0 -9999.0 -9999.0 -9999.0 -9999.0 -9999.0 -9999.0 -9999.0 -9999.0 -9999.0 -9999.0 -9999.0 -9999.0 -9999.0 -9999.0 -9999.0 -9999.0 -9999.0 -9999.0 -9999.0 -9999.0 -9999.0 -9999.0 -9999.0 -9999.0 -9999.0 -9999.0 -9999.0 -9999.0 -9999.0 -9999.0 -9999.0 -9999.0 -9999.0 -9999.0 -9999.0 -9999.0 -9999.0 -9999.0
-9999.0 -9999.0 -9999.0 -9999.0 -9999.0 -9999.0 -9999.0 -9999.0 -9999.0 -9999.0 -9999.0 -9999.0 -9999.0 -9999.0 -9999.0 -9999.0 -9999.0 -9999.0 -9999.0 -9999.0 -9999.0 -9999.0 -9999.0 -9999.0 -9999.0 -9999.0 -9999.0 -9999.0 -9999.0 -9999.0 -9999.0 -9999.0 -9999.0 -9999.0 -9999.0 -9999.0 -9999.0 -9999.0 -9999.0 -9999.0 -9999.0 -9999.0 -9999.0 -9999.0 -9999.0 -9999.0 -9999.0 492.376670 475.074719 459.245664 457.222489 479.977487 503.547781 527.506834 548.252154 567.042187
-9999.0 -9999.0 -9999.0 -9999.0 -9999.0 -9999.0 -9999.0 -9999.0 -9999.0 -9999.0 -9999.0 -9999.0 -9999.0 -9999.0 -9999.0 -9999.0 -9999.0 -9999.0 -9999.0 -9999.0 -9999.0 -9999.0 -9999.0 -9999.0 -9999.0 -9999.0 -9999.0 -9999.0 -9999.0 -9999.0 -9999.0 -9999.0 -9999.0 -9999.0 -9999.0 -9999.0 -9999.0 -9999.0 -9999.0 -9999.0 539.807066 545.769105 547.165221 536.711214 525.587674 513.564275 493.657527 475.879756 460.937063 458.466996 461.295785 466.746605 489.665052 514.461432 534.311292 551.639222
-9999.0 -9999.0 -9999.0 -9999.0 -9999.0 -9999.0 -9999.0 -9999.0 -9999.0 -9999.0 -9999.0 -9999.0 -9999.0 -9999.0 -9999.0 -9999.0 -9999.0 -9999.0 -9999.0 -9999.0 -9999.0 -9999.0 -9999.0 -9999.0 -9999.0 -9999.0 -9999.0 -9999.0 -9999.0 -9999.0 -9999.0 -9999.0 -9999.0 -9999.0 446.919527 464.497900 482.743738 501.295061 518.155676 525.029369 530.967029 536.839846 532.895894 528.358387 517.177159 498.340204 478.914452 465.110266 463.017087 460.726189 465.298833 478.503504 495.550801 512.104040 533.333905 557.044467
-9999.0 -9999.0 -9999.0 -9999.0 -9999.0 -9999.0 -9999.0 -9999.0 -9999.0 -9999.0 -9999.0 -9999.0 -9999.0 -9999.0 -9999.0 -9999.0 -9999.0 -9999.0 -9999.0 -9999.0 -9999.0 -9999.0 -9999.0 -9999.0 -9999.0 -9999.0 -9999.0 -9999.0 450.712587 444.877358 439.914129 438.558662 437.410349 436.429840 443.440840 455.752088 474.066100 495.912100 509.048267 516.461260 523.267436 524.226358 519.469635 517.638865 518.147741 506.589826 495.160949 484.494630 474.259452 473.124241 483.030676 497.433835 513.967519 529.195936 544.998260 556.797878
-9999.0 -9999.0 -9999.0 -9999.0 -9999.0 -9999.0 -9999.0 -9999.0 -9999.0 -9999.0 -9999.0 -9999.0 -9999.0 -9999.0 -9999.0 -9999.0 -9999.0 -9999.0 -9999.0 -9999.0 -9999.0 -9999.0 -9999.0 420.781827 426.706071 433.306716 440.834824 441.847082 437.804509 432.297426 429.367965 428.020213 426.542432 431.199873 439.595912 453.462584 469.597526 491.688591 500.592868 507.147514 519.731558 522.608751 528.332416 532.678264 531.250067 528.784386 516.813406 508.065506 513.749367 520.175186 527.333967 535.656152 549.446276 565.442125 583.509709 604.488030
-9999.0 -9999.0 -9999.0 -9999.0 -9999.0 -9999.0 -9999.0 -9999.0 -9999.0 -9999.0 -9999.0 -9999.0 -9999.0 -9999.0 -9999.0 -9999.0 -9999.0 -9999.0 -9999.0 395.734850 396.649956 397.821899 402.529119 403.451322 405.709258 412.813099 421.088335 423.501515 421.983510 420.659847 422.401548 425.336559 429.908234 441.575239 455.744086 470.302544 484.691988 506.015303 521.232973 535.390923 551.871734 551.395947 547.664147 546.175753 547.152526 548.072039 553.455910 557.217455 564.074310 569.978659 577.361272 587.342107 599.400381 618.585917 639.587252 660.730392
-9999.0 -9999.0 -9999.0 -9999.0 -9999.0 -9999.0 -9999.0 -9999.0 -9999.0 -9999.0 -9999.0 -9999.0 -9999.0 -9999.0 -9999.0 -9999.0 367.194026 369.066193 371.264298 376.658210 379.444579 383.489087 390.482301 391.755092 395.686053 402.965774 408.079667 416.990708 425.200063 432.802432 439.078427 442.132026 450.102653 460.224147 472.646135 488.639070 510.915478 534.530638 551.495325 568.958333 586.611941 587.799019 587.373011 589.242142 590.704821 598.617503 617.477529 624.721162 628.165520 646.959579 662.529080 669.095901 677.940934 698.062432 723.470041 749.875771
-9999.0 -9999.0 -9999.0 -9999.0 -9999.0 -9999.0 -9999.0 -9999.0 -9999.0 -9999.0 -9999.0 -9999.0 -9999.0 321.609126 325.799070 335.253512 344.115712 346.572780 350.772335 356.755960 369.029891 372.732059 379.099489 386.860813 398.742082 407.549360 417.024301 429.171152 437.995843 445.666507 453.243738 459.823429 473.906899 489.937403 506.578354 527.714077 550.532654 572.323646 594.141857 610.831463 625.851853 629.514638 629.372214 632.736899 642.087480 661.399256 682.375840 695.040329 717.195223 743.297505 759.700074 774.096481 784.905404 800.050911 823.648025 862.026546
-9999.0 -9999.0 -9999.0 -9999.0 -9999.0 -9999.0 -9999.0 -9999.0 -9999.0 -9999.0 287.653422 290.136050 286.779452 287.017695 291.995867 304.076498 317.641393 324.446977 335.979067 356.856165 374.518316 378.227275 393.114031 403.487608 410.495379 421.480654 435.090910 448.541151 466.212877 479.541431 492.427561 513.379111 530.910643 548.557536 567.572387 589.059725 610.941045 641.838558 670.958790 686.379960 711.343126 725.435187 724.433024 726.666038 737.736082 757.431509 783.187522 811.938116 838.823707 869.621701 892.427122 910.125136 923.564947 938.720931 957.879431 996.614885
-9999.0 -9999.0 -9999.0 -9999.0 -9999.0 -9999.0 -9999.0 -9999.0 263.289023 270.464920 276.742566 273.834058 269.355292 265.851414 279.397779 295.354044 311.501565 329.011249 345.178454 363.451240 379.175597 395.925892 415.935944 428.175693 440.481814 456.389446 470.840988 489.211275 511.583935 526.369058 545.443150 568.555279 589.210854 609.116221 629.842598 650.478181 680.489907 717.401800 753.004056 780.091144 811.250673 838.004016 840.800561 846.930374 855.495237 886.066570 920.857128 957.101186 989.737286 1024.167173 1058.693622 1079.613554 1092.501532 1107.008312 1124.609126 1145.566121
-9999.0 -9999.0 -9999.0 -9999.0 -9999.0 -9999.0 236.689964 260.947616 275.951419 268.238144 259.250357 255.922870 252.319121 274.141606 296.028577 313.323760 330.379059 348.157720 364.943601 379.121804 413.976389 431.803226 447.165944 466.771980 482.042529 497.444701 516.054304 540.928933 564.965410 597.836121 627.586389 655.243930 684.383336 707.265790 729.520713 752.128261 787.933463 830.186008 872.279212 906.919948 938.871674 972.890776 984.665950 994.623263 1007.209037 1032.836826 1068.885340 1103.790060 1142.290519 1178.814347 1208.185529 1221.992149 1233.363338 1245.255786 1259.287530 1272.755015
-9999.0 -9999.0 -9999.0 -9999.0 203.160964 224.153049 244.546251 275.459758 298.241426 293.334142 300.579794 301.241536 300.017656 303.648580 310.493711 328.868451 347.471265 366.344952 385.123535 421.977005 465.949101 483.083479 509.722118 543.164312 558.502438 575.253282 593.032410 618.264116 648.722397 686.017948 734.707600 776.948539 807.329899 835.096821 861.396520 889.398698 928.475269 972.189738 1015.928903 1056.519253 1091.137358 1119.656402 1135.628687 1146.530367 1161.837520 1181.596347 1205.641445 1234.941908 1267.133327 1300.117602 1325.870249 1340.175859 1348.017710 1358.066099 1368.243712 1380.089627
-9999.0 -9999.0 -9999.0 154.813367 193.466990 230.979153 258.426474 289.646472 321.894594 327.768264 336.993921 343.223145 349.512602 358.906030 368.753332 386.098981 401.947428 417.136687 439.591569 477.473012 514.515514 547.976067 582.342392 612.973572 637.070509 655.500615 676.190261 703.584381 747.216353 790.306287 846.262708 904.962615 947.634579 978.235395 1006.201884 1039.206689 1069.340217 1109.904633 1149.683276 1186.693535 1220.738096 1246.816841 1266.826275 1275.756666 1286.446213 1296.929647 1314.680153 1336.343913 1357.669853 1385.294518 1412.346313 1434.960860 1447.561578 1456.276303 1470.958012 1485.675102
-9999.0 -9999.0 107.910632 145.397010 180.179453 231.292212 284.373491 318.802230 360.252180 385.483575 393.445005 412.371014 430.071593 439.057354 456.317920 474.536666 491.205844 497.510481 513.885047 548.342612 602.194151 652.312870 681.650528 738.263226 775.258790 804.787405 824.953475 855.384638 894.652088 943.041277 998.403018 1053.596111 1097.221027 1133.018713 1153.903766 1177.153223 1203.367515 1229.289634 1264.358028 1294.683404 1325.500745 1350.849064 1372.079532 1379.636424 1385.000023 1400.542249 1423.584971 1447.525904 1470.010182 1491.468734 1498.117487 1506.756844 1510.780821 1513.198714 1516.701280 1519.227277
-9999.0 -9999.0 81.968901 126.569967 168.242249 236.733498 315.122335 353.257421 397.279279 443.844478 464.497241 490.749553 508.008044 523.375964 548.787606 573.290658 583.730198 590.331936 591.853907 649.580501 711.944925 772.352111 833.213341 902.694259 951.073838 970.206012 985.923535 1010.981731 1040.780603 1088.750100 1141.513723 1196.471601 1242.186150 1274.718813 1292.853811 1312.255808 1333.525320 1352.099084 1370.929755 1407.797814 1432.328095 1455.713813 1480.271310 1499.406572 1507.376794 1510.448207 1503.062400 1510.601555 1515.888265 1518.568048 1519.764282 1516.973478 1516.703754 1517.728241 1519.087767 1514.621702
-9999.0 -5.955445 46.181872 100.075147 170.123843 238.948494 324.350525 405.901296 461.532519 509.015569 541.079353 560.416507 608.258607 657.190802 686.464722 716.325509 719.090702 723.239161 716.556237 766.383881 823.585326 909.315615 1026.568867 1087.492498 1132.062556 1139.241409 1139.419513 1156.715885 1184.527640 1228.758356 1293.611040 1338.945354 1388.613476 1426.181589 1440.914505 1447.968601 1465.295891 1484.627608 1480.033724 1497.666597 1505.707931 1512.345122 1513.385207 1515.167804 1516.692488 1517.733040 1515.574546 1510.352394 1503.721748 1499.235447 1496.132803 1492.350438 1495.331502 1499.063585 1500.476093 1494.337325
-9999.0 -40.793467 19.214112 91.523277 163.550969 236.543715 345.286462 483.681870 536.893624 576.936809 608.273441 647.375279 735.849770 808.617219 848.607774 894.347851 891.822537 882.741571 876.198570 913.903547 970.556984 1049.391176 1187.655906 1272.838046 1298.123130 1312.559493 1323.464770 1351.281072 1387.103182 1420.979841 1450.881395 1457.373411 1478.438296 1489.385553 1493.723459 1496.497102 1500.705055 1502.308694 1501.363031 1498.979407 1495.425326 1496.413967 1500.948942 1501.517996 1499.768823 1497.923386 1493.672779 1487.431323 1483.157554 1479.762007 1478.061811 1475.912354 1475.099766 1475.881719 1472.359236 1467.498543
-9999.0 -67.977226 2.464275 67.382481 137.127887 257.533560 383.201956 517.872894 612.619642 656.642991 699.269651 787.054995 897.470615 998.731443 1054.394042 1082.284870 1088.858893 1074.482984 1083.874501 1130.127876 1195.451367 1281.308286 1362.123980 1433.253587 1447.722585 1453.883528 1442.183657 1455.240953 1467.223581 1471.547900 1474.803531 1478.759044 1485.429082 1489.641289 1490.125831 1489.078313 1486.213839 1480.088433 1476.644367 1474.722375 1472.329115 1472.701762 1475.906559 1477.473462 1475.803229 1473.067091 1469.836183 1465.566261 1460.980804 1455.891496 1453.316357 1450.425216 1449.069429 1445.006080 1441.057760 1435.585253
-9999.0 -161.832735 -75.346234 -16.639828 108.255456 279.401189 406.372220 560.699808 706.460431 758.825162 854.308297 984.187036 1097.935126 1177.427266 1223.712494 1267.309121 1296.372617 1320.764676 1354.638373 1331.466776 1382.473321 1430.119883 1450.827092 1462.000632 1463.940793 1467.919646 1463.570048 1448.122467 1441.019373 1437.084824 1440.939074 1449.811044 1456.723105 1463.446431 1462.627305 1464.222892 1465.200511 1462.917536 1460.501440 1453.602971 1446.956791 1441.944730 1440.723687 1446.304104 1442.025505 1439.697848 1435.135152 1428.871114 1422.085448 1416.141911 1410.057873 1404.529861 1402.409750 1397.154208 1395.506262 1387.158728
-9999.0 -242.906331 -164.802948 -67.836748 77.586500 242.641238 382.055740 554.255029 760.047185 882.818357 1013.864620 1098.093884 1183.732995 1255.088494 1321.626398 1366.051197 1389.726337 1399.724202 1395.191296 1404.722993 1377.559359 1373.362380 1391.470917 1417.693645 1431.344581 1437.354134 1431.594290 1423.675415 1419.224389 1420.323124 1420.876275 1421.128393 1420.870567 1419.843761 1417.539542 1419.962952 1425.025030 1420.078635 1412.882091 1405.755165 1398.937745 1390.827477 1385.261029 1382.003091 1380.837045 1381.127518 1374.821037 1365.980893 1357.116618 1350.527012 1344.134784 1339.297785 1337.134565 1331.939079 1323.373157 1309.619196
-9999.0 -336.284155 -217.572948 -118.680042 10.668532 150.515130 284.111043 453.825113 613.235346 837.926157 1015.665882 1118.723212 1170.363584 1232.818656 1297.312693 1362.976545 1370.755228 1345.008305 1317.994946 1306.296525 1312.483180 1323.353181 1337.829771 1358.440617 1376.471820 1387.274546 1390.564927 1384.677768 1372.857008 1365.260579 1360.196929 1351.881262 1345.904990 1345.450619 1345.975903 1352.771232 1355.529649 1347.043955 1334.853680 1319.308907 1304.979770 1293.497229 1289.271892 1289.490220 1288.919598 1285.525916 1279.091621 1269.517174 1258.103419 1247.595614 1240.807801 1235.699072 1228.831324 1218.230625 1205.275267 1189.325901
-9999.0 -9999.0 -290.377455 -178.129126 -65.385706 61.556353 185.098194 337.463648 495.054192 687.211123 817.653819 950.278337 1028.391459 1082.014294 1140.108602 1197.737378 1218.078875 1237.347526 1221.758346 1226.952599 1234.553944 1241.874240 1253.224650 1266.749775 1281.683388 1293.075984 1301.422562 1300.102133 1291.189238 1274.643036 1255.323620 1240.709576 1232.339113 1225.940241 1234.538224 1245.347046 1242.751985 1236.117067 1224.030575 1207.425285 1192.265770 1175.959343 1169.660478 1168.244071 1167.110749 1163.456316 1158.269494 1145.297593 1132.360847 1120.360877 1114.702897 1108.352029 1101.976187 1089.543359 1075.068553 1057.442275
-9999.0 -9999.0 -373.992919 -263.332325 -144.781425 -18.823906 86.933779 179.121725 338.427533 462.583814 573.068923 676.564966 763.083713 831.752719 884.287416 950.086040 991.545775 1009.648135 1027.634426 1054.117070 1079.634106 1106.537954 1125.764489 1141.305874 1158.014968 1173.234219 1183.095047 1171.784181 1159.535823 1141.354896 1119.146202 1095.845134 1083.621566 1079.147533 1081.583162 1086.887378 1081.192766 1071.089850 1055.887682 1038.115487 1021.908622 1006.429741 999.062950 993.852627 991.194321 987.165571 982.758743 972.820688 960.376144 951.698091 942.994920 936.171250 931.912016 923.234535 911.265615 900.965361
