tests/Borden05m/sims/sim_1/output-maps/psiliqL0030N0007.asc
ncols         160
nrows         34
xllcorner     620200.000000
yllcorner     5168000.000000
cellsize      0.500000
NODATA_value  -9999.0
[rows 0 to 24 of 34, columns 55 to 109 of 160]
-9999.0 -9999.0 -9999.0 -9999.0 -9999.0 -9999.0 -9999.0 -9999.0 -9999.0 -9999.0 -9999.0 -9999.0 -9999.0 -9999.0 -9999.0 -9999.0 -9999.0 -9999.0 -9999.0 -9999.0 -9999.0 -9999.0 -9999.0 -9999.0 -9999.0 -9999.0 -9999.0 -9999.0 -9999.0 -9999.0 -9999.0 -9999.0 -9999.0 -9999.0 -9999.0 -9999.0 -9999.0 -9999.0 -9999.0 -9999.0 -9999.0 -9999.0 -9999.0 -9999.0 -9999.0 -9999.0 -9999.0 -9999.0 -9999.0 -9999.0 -9999.0 -9999.0 -9999.0 -9999.0 -9999.0
-9999.0 -9999.0 -9999.0 -9999.0 4197.054392 4191.814456 4187.197589 4182.817471 4174.441958 4165.123520 4157.451733 4153.223691 4151.998892 4151.153615 4150.448364 4155.180456 4163.226915 4170.799561 4177.553049 4179.933074 4182.216113 4183.916599 4184.036054 4182.889601 4179.611834 4176.208604 4172.785268 4170.995890 4163.845690 4152.782482 4144.616662 4141.939305 4146.028813 4150.317627 4152.752408 4157.701055 4167.949631 4178.456230 4187.020756 4199.762518 4207.113588 4212.488638 4214.912368 4210.909619 4207.675636 4203.607384 4197.107343 4185.968523 -9999.0 -9999.0 -9999.0 -9999.0 -9999.0 -9999.0 -9999.0
4142.062152 4160.375281 4181.666294 4184.730189 4172.820861 4167.674070 4164.574222 4163.027342 4158.981807 4150.551080 4145.485123 4139.979763 4137.080599 4137.049914 4136.842544 4140.324745 4151.223398 4158.908937 4163.350767 4165.973901 4168.843805 4166.823485 4165.913831 4165.665564 4162.708483 4159.153664 4155.725332 4153.812047 4155.560976 4147.945917 4141.774895 4137.714580 4134.343000 4137.139290 4139.909112 4144.844406 4153.882163 4161.675558 4169.558710 4184.975447 4198.364261 4204.166926 4201.575746 4197.075449 4193.213640 4185.536182 4174.526450 4164.622390 4157.050086 4151.222823 4145.898310 4139.234657 4145.769387 4154.027762 4163.168907
4125.253462 4144.454035 4165.010761 4167.479855 4157.338932 4149.767684 4142.348596 4142.955361 4146.737882 4143.591990 4138.710524 4130.037165 4140.514534 4141.392991 4141.907131 4144.999219 4146.429931 4152.104108 4154.348641 4159.606669 4168.511009 4171.286209 4171.627406 4171.577918 4169.480653 4166.116481 4164.038021 4161.165498 4155.809844 4153.757080 4153.180879 4151.554308 4155.352459 4156.869506 4160.133192 4154.993601 4159.667102 4165.914136 4172.899912 4178.078287 4184.027449 4186.072297 4182.739070 4183.751848 4175.395982 4161.775083 4152.302112 4145.161045 4146.078907 4143.220469 4135.285807 4121.261093 4129.964024 4146.280985 4151.152312
4129.976384 4138.840261 4149.035766 4151.382211 4146.326774 4148.798406 4150.622401 4151.715193 4149.749337 4146.026048 4140.888360 4150.645028 4158.580889 4159.803554 4162.028847 4166.010069 4167.246641 4156.639605 4154.659348 4161.547229 4170.925139 4175.813981 4175.918515 4175.395085 4171.138309 4169.863836 4169.647390 4167.915221 4166.954513 4168.201556 4164.991489 4167.392304 4172.793660 4176.226137 4171.793242 4163.584322 4166.250382 4174.904048 4184.311422 4191.955099 4201.936464 4212.499970 4213.143736 4208.921631 4200.516315 4188.360839 4166.163119 4149.244621 4138.225933 4129.954967 4122.665552 4126.587777 4121.384445 4136.030015 4137.894948
4112.780144 4134.688050 4154.419258 4159.663988 4153.645278 4150.328337 4149.561027 4150.148186 4148.818117 4148.481587 4156.046145 4167.244267 4177.453785 4179.212917 4180.780094 4179.194886 4172.115037 4161.733138 4159.361884 4172.105129 4188.965495 4196.663253 4195.780882 4190.280719 4192.167867 4192.748945 4193.947831 4191.066763 4191.365596 4187.727359 4191.746078 4199.459963 4207.713670 4206.488424 4193.951630 4181.298570 4181.665394 4187.948455 4196.026143 4203.999335 4214.076000 4222.943094 4218.151085 4213.532986 4206.884610 4182.083008 4160.731824 4147.133072 4147.441385 4148.344066 4144.026215 4142.344387 4142.177123 4138.987506 4139.442575
4147.464887 4166.169705 4186.572928 4198.723485 4192.488875 4185.263292 4177.418193 4177.532023 4177.150169 4182.339683 4191.957166 4203.308540 4224.398112 4222.877864 4222.514940 4219.945113 4206.496963 4192.982489 4183.385466 4206.829425 4218.156300 4224.863814 4220.941930 4224.580911 4232.857409 4229.610775 4223.873607 4211.250544 4216.661524 4221.498502 4236.720890 4245.069574 4250.831421 4245.194461 4230.384142 4223.262401 4225.712705 4233.506057 4235.797431 4245.713935 4253.950364 4268.756410 4267.054687 4265.376751 4246.108982 4208.825238 4180.849669 4170.480722 4183.520415 4178.080850 4171.651207 4172.557680 4162.304501 4156.184270 4159.472082
4176.098542 4188.404755 4204.229176 4220.433615 4210.430152 4200.548190 4183.152725 4179.314765 4182.574151 4192.932639 4210.175205 4226.843100 4245.771812 4241.657498 4232.203152 4241.995806 4234.903288 4223.621636 4216.364740 4241.095435 4250.662605 4260.512403 4265.070269 4277.792965 4287.968991 4269.310730 4250.667462 4238.638629 4246.293475 4273.846423 4297.988815 4302.767793 4301.175465 4299.555178 4282.216562 4277.888786 4275.460492 4277.478877 4275.774841 4274.508917 4302.034022 4325.076216 4325.127575 4303.843728 4281.156824 4240.074284 4201.858688 4179.540052 4196.388626 4192.505774 4196.846145 4187.952604 4177.103216 4172.577846 4172.042612
4220.715309 4240.439668 4255.929981 4278.405005 4266.492021 4241.644617 4223.288454 4225.433434 4239.533533 4248.178468 4267.957952 4283.248218 4307.647416 4317.257596 4326.355070 4330.398003 4323.852674 4315.484991 4303.848530 4311.453998 4337.670422 4349.353949 4357.095392 4364.887670 4377.722552 4376.548962 4368.296117 4366.064797 4370.871307 4386.470194 4402.776328 4409.622922 4412.001730 4413.716202 4397.447737 4383.613530 4382.916405 4378.398898 4378.785403 4378.440301 4392.573841 4415.972496 4412.163371 4371.959534 4344.691531 4308.121276 4268.678025 4239.335417 4236.145477 4258.780752 4258.913303 4242.835979 4234.674336 4210.988568 4208.954590
4286.354090 4319.165271 4343.112897 4352.484922 4358.532745 4340.962295 4338.038358 4342.590580 4351.668022 4354.557743 4360.913397 4393.761772 4427.725924 4451.864073 4474.578696 4481.563130 4468.720315 4458.985614 4444.982908 4436.417292 4449.778486 4468.154084 4486.332168 4501.184465 4512.665322 4514.298241 4512.610609 4512.622622 4516.148661 4519.216621 4524.028113 4533.356886 4541.215074 4549.508226 4556.622925 4544.644092 4527.445351 4519.037912 4511.381313 4511.794874 4513.950580 4519.403035 4520.619101 4500.622015 4454.634552 4421.380338 4388.534002 4371.177074 4359.747531 4363.196191 4344.741595 4319.115668 4265.170410 4228.000254 4197.114175
4369.413898 4415.584152 4445.176480 4460.800834 4473.234691 4468.736613 4470.775301 4471.626939 4475.013145 4476.785014 4478.408199 4507.073038 4550.717856 4591.517466 4623.808912 4622.579167 4607.476653 4595.867046 4587.200132 4571.573740 4567.488649 4581.889022 4598.924210 4620.835334 4631.067642 4636.055629 4631.884911 4632.060427 4634.368261 4636.868593 4639.178788 4643.451969 4654.103892 4670.423387 4686.143650 4684.607058 4663.574718 4645.106213 4629.339941 4628.287042 4626.854201 4622.011956 4624.907559 4626.942608 4607.789239 4573.779658 4531.829062 4491.281339 4477.011530 4463.140382 4452.283646 4434.298153 4387.985499 4315.256355 4272.041269
4486.194259 4523.508216 4553.220661 4584.180299 4598.271744 4599.047960 4595.809028 4593.878102 4601.107893 4602.921722 4607.351349 4624.292751 4659.933348 4698.332080 4729.615504 4744.719045 4735.590723 4715.692172 4691.634062 4680.156041 4676.673457 4680.933391 4691.615952 4706.362762 4727.540473 4748.447805 4754.430733 4755.384351 4752.605107 4755.199934 4756.962694 4757.120338 4760.766383 4770.723100 4781.715429 4785.404405 4776.441522 4753.303077 4728.307423 4717.769937 4711.828205 4708.630712 4710.531999 4716.888436 4721.172236 4704.846063 4666.062541 4618.366754 4588.749435 4575.220042 4562.833857 4547.901600 4534.246017 4495.776772 4472.908613
4598.125413 4614.513575 4644.470709 4674.734413 4697.366683 4711.853598 4711.233975 4713.587619 4718.590911 4725.287074 4740.499275 4765.822925 4787.146858 4812.339874 4841.346989 4859.277143 4864.485843 4862.084346 4856.927834 4857.909360 4858.348178 4780.550502 4788.158952 4795.763831 4816.925664 4835.370936 4842.165707 4842.955132 4839.805485 4841.958639 4842.906034 4842.705039 4842.320279 4845.594344 4851.879185 4854.281229 4851.311698 4836.184194 4860.540970 4839.102754 4824.853642 4816.214558 4807.598527 4799.273753 4789.657443 4779.365355 4757.349947 4724.260480 4688.671426 4668.571734 4661.373651 4654.891508 4645.155553 4638.787996 4620.405907
4698.389472 4709.066118 4728.715733 4752.970907 4790.045668 4815.632551 4827.699411 4837.562165 4842.374927 4857.229475 4875.450007 4855.065277 4865.382766 4876.059458 4886.667876 4890.310898 4891.353979 4890.872675 4888.393431 4887.431294 4884.682428 4881.642323 4870.725134 4872.384481 4874.520670 4877.201301 4881.038446 4880.019208 4881.213083 4884.194945 4882.317128 4876.009938 4871.707191 4870.123819 4871.347728 4878.947221 4882.603213 4883.637506 4879.292944 4878.242927 4877.005837 4872.782508 4867.509763 4860.076746 4850.568452 4870.051669 4856.958377 4826.553760 4782.773067 4738.363925 4732.576019 4736.253780 4735.558901 4734.153490 4728.286272
4832.486036 4847.210057 4863.047728 4833.067265 4860.810900 4875.009006 4881.647793 4886.463569 4889.507072 4893.506587 4890.580044 4887.722602 4882.707243 4880.984213 4879.577617 4877.085253 4877.694898 4875.802143 4871.626100 4867.318937 4858.661279 4846.657080 4835.469918 4831.457321 4835.652437 4841.542621 4847.062302 4852.050858 4855.963335 4855.532891 4849.715948 4840.962478 4833.141869 4831.569363 4838.667848 4844.535950 4851.632165 4852.603790 4851.193317 4848.480922 4848.036923 4844.402327 4844.494772 4851.893556 4867.417571 4868.965833 4876.295151 4875.251390 4854.577768 4817.142185 4836.172294 4815.712681 4822.571368 4817.736441 4806.076719
4881.249279 4884.690371 4882.665456 4881.834339 4875.219640 4868.991880 4868.153289 4872.231498 4879.388226 4880.336672 4873.158044 4864.327019 4856.847488 4849.015842 4846.489896 4846.144188 4845.999114 4846.619948 4841.234541 4831.184185 4813.292172 4801.568229 4790.451849 4784.476939 4779.891560 4782.747822 4794.648830 4807.964823 4813.211558 4802.806665 4793.851441 4781.442410 4773.280799 4773.805226 4774.366906 4784.170885 4802.353642 4811.179549 4812.055314 4805.016420 4797.712508 4790.739312 4787.276826 4793.675259 4809.369609 4827.033611 4843.700515 4853.428248 4861.460558 4868.969087 4865.299253 4868.703404 4870.576541 4867.931925 4872.622827
4876.181354 4868.953986 4861.723036 4856.227915 4849.744436 4844.502201 4842.539523 4844.144022 4845.640660 4841.127033 4834.729932 4824.615275 4813.327549 4803.435910 4795.097444 4796.133605 4798.515460 4800.406820 4792.625268 4776.658310 4758.390063 4744.677114 4730.640822 4726.635440 4720.246594 4711.150000 4721.133721 4742.044354 4749.941356 4732.701850 4721.315035 4705.592287 4699.251904 4694.864437 4695.369589 4704.199104 4727.964064 4754.197237 4756.712275 4745.263181 4733.864082 4729.239333 4725.885581 4729.981808 4746.499183 4768.063695 4785.021818 4796.068502 4801.477720 4809.325714 4818.861379 4834.159753 4849.862659 4862.939821 4866.254615
4850.279487 4842.425784 4834.655175 4826.874652 4819.874940 4813.527455 4809.087261 4807.065065 4802.482587 4796.156378 4788.927948 4765.544216 4752.725335 4739.163733 4723.485583 4719.217280 4713.531736 4714.246449 4702.411505 4695.126794 4679.225387 4663.719021 4647.928460 4633.321527 4627.540900 4620.441270 4616.455800 4629.225468 4637.461616 4629.362375 4619.849687 4609.984936 4606.075797 4602.692511 4605.443399 4616.053002 4634.776405 4653.150864 4662.314410 4655.319175 4655.665682 4656.783967 4655.263470 4662.095784 4671.844251 4689.477037 4712.868983 4733.343542 4743.745494 4750.553226 4759.680682 4774.403116 4788.888717 4803.703746 4822.398845
4819.372526 4809.851205 4799.716136 4789.714662 4778.968289 4768.167277 4761.304702 4764.305258 4758.263429 4752.670353 4726.838693 4667.896703 4645.259929 4625.583454 4608.654014 4601.260992 4592.161847 4572.640376 4563.950363 4560.097654 4565.575556 4552.010749 4534.323342 4515.905233 4511.043045 4507.687466 4487.021037 4478.794799 4478.327700 4499.343164 4493.778910 4494.292080 4497.804934 4495.508992 4496.123740 4508.651463 4514.879644 4518.673357 4525.860280 4533.315469 4545.632562 4554.781713 4567.792983 4585.849378 4596.124159 4610.951178 4631.257134 4658.105772 4674.778467 4684.553611 4694.992235 4710.430924 4726.704869 4744.870168 4767.619320
4784.079813 4766.353926 4751.205229 4736.526676 4723.533133 4710.337591 4693.212396 4695.228937 4693.317549 4682.050555 4621.556215 4580.979708 4546.176832 4529.004321 4504.398058 4489.684404 4470.973617 4427.565825 4408.673719 4410.229398 4428.851020 4427.637707 4412.895164 4401.764768 4391.771469 4381.287552 4361.610635 4338.910300 4345.540927 4366.558657 4369.681477 4375.065881 4384.513371 4384.547930 4376.581684 4370.690634 4381.928054 4386.510368 4398.463144 4418.860683 4424.292526 4443.973806 4481.086121 4493.927913 4509.212088 4527.219393 4547.345731 4569.470623 4593.195007 4607.775907 4623.372235 4641.872209 4658.660838 4678.992687 4701.465760
4731.233156 4698.633976 4676.667276 4658.723968 4638.622452 4608.982570 4588.812650 4586.302911 4580.117508 4546.860887 4491.727910 4457.536169 4436.248365 4414.263201 4391.350172 4365.298407 4323.570575 4287.249386 4264.587605 4284.371281 4297.187760 4313.082385 4302.647716 4292.608112 4283.186255 4263.388347 4245.903589 4227.494258 4239.547764 4248.314305 4271.699441 4280.037885 4284.146253 4291.466934 4289.942300 4276.634746 4267.408933 4275.258952 4285.073577 4297.843022 4322.862673 4361.130625 4386.257326 4405.128711 4425.717434 4443.939417 4464.834300 4487.491255 4510.785945 4528.125570 4546.363645 4564.540385 4585.325027 4603.757933 4625.817844
4646.051311 4617.564200 4591.240728 4567.693016 4533.719338 4484.073080 4469.523202 4460.113577 4434.280181 4381.974953 4340.214277 4324.658322 4315.697568 4292.868497 4272.830263 4242.824761 4207.664230 4187.863908 4167.121517 4179.101908 4190.938121 4214.785776 4207.419872 4202.455676 4200.849017 4185.337920 4172.351079 4155.109181 4160.961128 4174.150267 4200.353139 4207.223548 4211.746875 4222.246740 4221.681261 4216.138260 4194.977614 4200.943569 4211.946447 4227.131005 4259.797562 4281.694168 4303.632036 4325.647093 4344.670801 4365.803178 4387.350350 4409.830645 4436.470136 4455.953083 4474.763767 4496.081431 4514.576267 4527.149786 4541.319852
4533.886334 4510.612651 4492.211908 4467.979785 4422.302290 4377.917468 4333.972069 4302.647869 4244.319692 4208.690391 4194.040232 4199.631354 4190.198870 4172.185807 4154.829386 4136.830049 4117.112444 4100.407613 4075.361975 4081.915173 4099.603367 4118.374624 4122.979469 4126.144560 4125.681600 4117.445932 4104.255020 4090.714929 4094.600659 4112.638620 4131.234211 4142.511910 4150.769512 4158.626845 4158.139514 4147.314553 4136.402407 4140.582310 4156.267420 4172.125408 4187.949431 4207.462062 4227.349043 4247.233222 4269.169476 4290.961949 4312.990230 4337.003681 4363.270158 4384.522199 4407.662722 4431.442965 4446.302571 4453.138603 4457.927455
4429.232094 4411.620902 4389.162874 4361.277295 4318.713025 4279.953826 4239.768946 4189.110776 4156.344852 4129.310693 4127.546705 4114.616958 4104.407674 4092.691639 4073.860878 4059.885926 4047.891047 4027.900428 4021.948813 4030.728974 4044.900485 4052.230086 4061.227725 4059.975165 4058.393237 4053.943397 4040.183707 4038.707538 4049.497067 4064.669288 4077.882886 4090.062001 4097.006194 4101.616730 4098.271594 4088.469344 4086.508877 4094.440790 4109.533446 4121.944889 4134.968544 4154.369766 4172.848043 4193.244993 4214.461629 4235.084390 4258.174102 4282.004024 4306.938913 4333.573329 4354.514234 4370.762218 4377.464108 4385.003925 4380.480118
4303.795871 4295.160220 4269.799783 4241.699074 4214.537121 4184.433718 4163.560948 4133.962591 4105.675628 4078.635500 4054.038422 4045.234420 4042.114350 4031.727514 4017.273471 4008.469432 3994.805739 3989.089135 3998.757190 3999.933464 4007.147092 4004.407410 4006.007433 4004.303825 4004.350412 4003.448004 3999.608290 4013.778406 4019.911857 4032.723712 4042.350973 4052.114645 4057.564119 4060.698727 4062.169522 4058.672521 4065.238748 4070.380798 4083.056472 4093.185980 4105.082355 4123.499752 4138.844825 4156.026552 4176.639343 4197.963288 4219.993528 4244.003042 4270.504496 4293.388085 4308.694463 4312.692004 4319.572372 4317.575658 4302.610375
