tests/Borden05m/sims/sim_1/output-maps/psiliqL0006N0011.asc
ncols         160
nrows         34
xllcorner     620200.000000
yllcorner     5168000.000000
cellsize      0.500000
NODATA_value  -9999.0
[rows 0 to 24 of 34, columns 56 to 111 of 160]
-9999.0 -9999.0 -9999.0 -9999.0 -9999.0 -9999.0 -9999.0 -9999.0 -9999.0 -9999.0 -9999.0 -9999.0 -9999.0 -9999.0 -9999.0 -9999.0 -9999.0 -9999.0 -9999.0 -9999.0 -9999.0 -9999.0 -9999.0 -9999.0 -9999.0 -9999.0 -9999.0 -9999.0 -9999.0 -9999.0 -9999.0 -9999.0 -9999.0 -9999.0 -9999.0 -9999.0 -9999.0 -9999.0 -9999.0 -9999.0 -9999.0 -9999.0 -9999.0 -9999.0 -9999.0 -9999.0 -9999.0 -9999.0 -9999.0 -9999.0 -9999.0 -9999.0 -9999.0 -9999.0 -9999.0 -9999.0
-9999.0 -9999.0 -9999.0 -570.026264 -575.722470 -581.371128 -586.706478 -596.160699 -605.680951 -614.722236 -618.914692 -620.005190 -621.071112 -621.618152 -616.384373 -608.570251 -601.046595 -593.846156 -591.581144 -589.227682 -586.912547 -586.424145 -587.837922 -591.201068 -594.583706 -598.091564 -599.583537 -608.189747 -619.856133 -629.040855 -631.876523 -627.291128 -622.690804 -620.100950 -613.755009 -602.614772 -591.441555 -582.652568 -570.774030 -565.287074 -559.937869 -556.386560 -560.217876 -563.554978 -566.943153 -571.239574 -582.171558 -9999.0 -9999.0 -9999.0 -9999.0 -9999.0 -9999.0 -9999.0 -9999.0 -9999.0
-607.635109 -588.437150 -585.238021 -596.025126 -600.926563 -604.469327 -606.973096 -612.515437 -621.670776 -627.408054 -633.170935 -634.980040 -635.227756 -635.364117 -631.250065 -621.574359 -613.649845 -608.927428 -606.646704 -604.329473 -604.109260 -604.661612 -605.173798 -608.192163 -611.715530 -615.221990 -617.080084 -617.285709 -625.029493 -630.361710 -633.607808 -634.613657 -632.179339 -629.871584 -626.990573 -617.096864 -608.544347 -599.982199 -585.735988 -573.294457 -567.907626 -570.057061 -574.909381 -578.293932 -584.235133 -593.626317 -603.965542 -614.675582 -621.868487 -627.028272 -631.827786 -625.450546 -618.959194 -608.239068 -597.558452 -585.243445
-624.712280 -605.178721 -602.519114 -613.752334 -622.585236 -626.930296 -627.223710 -625.526087 -629.655623 -634.687844 -638.683240 -631.412232 -630.409301 -629.413619 -626.381752 -622.903842 -621.094517 -618.376560 -613.171964 -604.295230 -601.818868 -601.439005 -601.438142 -603.375662 -606.594042 -608.452458 -611.322026 -616.642320 -617.502962 -617.006445 -616.820953 -611.394026 -609.894095 -608.716153 -615.974008 -612.671456 -606.214886 -599.118880 -591.672996 -584.280193 -579.062335 -581.898296 -583.059805 -591.032985 -604.522797 -615.876219 -624.468721 -627.105407 -629.982056 -637.328187 -649.017151 -641.967001 -626.120289 -621.151556 -617.011697 -604.650938
-633.521542 -621.781970 -619.094623 -624.576320 -624.142512 -623.085940 -621.910921 -623.889738 -627.225068 -628.594799 -615.555311 -606.139119 -604.723721 -602.029126 -598.940525 -600.701096 -613.594058 -616.518078 -607.870415 -597.323488 -591.407093 -591.451664 -591.635769 -593.058399 -594.210023 -594.884595 -597.509062 -596.246564 -593.520966 -592.435617 -586.986596 -581.231521 -578.522767 -587.752672 -597.240014 -596.933721 -589.178194 -581.135059 -573.476194 -561.943738 -549.602995 -550.820498 -556.498100 -565.192005 -578.780686 -602.201608 -622.192583 -632.327441 -638.337500 -644.839988 -645.746359 -647.244125 -636.661896 -634.508577 -632.567284 -623.445863
-630.138482 -609.191102 -600.980705 -607.649801 -614.153569 -618.418026 -618.271467 -618.223115 -614.628515 -600.930565 -586.892677 -571.319992 -568.932789 -566.595388 -567.062025 -577.587253 -588.347381 -593.154175 -577.631121 -561.764816 -553.407808 -552.433140 -551.378745 -542.435552 -544.976372 -548.316798 -554.466101 -551.818516 -548.234014 -535.625759 -527.892517 -521.130382 -523.225648 -535.383348 -546.560290 -548.805211 -547.240536 -545.660676 -539.635437 -528.460687 -517.371551 -522.061749 -529.807286 -540.714221 -570.572983 -599.406837 -616.582147 -615.266091 -614.338209 -618.498180 -621.335832 -624.969948 -632.697312 -632.786965 -632.943824 -633.138150
-582.164680 -563.359629 -546.848088 -553.494813 -563.015223 -575.251473 -575.339751 -571.727908 -563.250971 -549.487559 -529.797097 -504.411710 -500.012759 -495.494972 -490.683136 -502.070165 -515.077697 -527.984011 -512.368204 -502.276630 -492.269976 -487.670315 -474.092201 -462.392234 -467.962056 -477.872935 -487.871015 -480.727097 -464.444831 -447.582501 -440.509041 -436.819426 -435.618605 -446.211810 -452.346363 -456.397952 -457.189739 -462.284293 -459.850761 -446.989806 -429.344521 -428.953951 -442.624222 -468.353667 -506.639193 -544.148681 -568.248079 -564.401015 -570.590571 -576.268682 -580.744798 -595.172094 -606.985090 -607.223235 -616.696838 -622.907577
-534.564262 -515.768334 -496.824664 -500.376333 -512.982583 -526.027293 -525.964734 -517.044221 -507.405689 -486.944849 -458.766757 -427.525247 -408.447991 -395.231540 -383.245046 -392.537943 -405.232490 -418.099170 -413.494810 -396.857324 -379.266607 -361.008513 -341.001316 -321.721039 -328.037375 -340.041418 -342.692188 -336.365783 -312.472930 -290.030901 -280.162919 -274.269378 -265.415536 -273.779536 -287.425956 -302.687920 -317.132957 -329.710982 -337.705648 -317.892806 -297.542967 -301.708845 -338.416806 -374.961084 -419.694640 -463.906647 -503.366236 -511.329195 -512.385495 -514.585230 -531.304817 -547.754710 -568.294037 -580.338448 -589.508166 -605.161953
-432.003214 -404.213044 -377.904235 -368.382373 -385.063208 -389.666969 -382.908216 -367.854933 -358.853728 -338.097337 -289.860836 -223.526189 -177.775610 -147.279049 -141.318444 -151.011587 -163.900943 -183.786025 -193.603343 -175.681216 -157.686849 -142.085408 -130.300034 -119.999293 -113.874027 -114.874613 -114.904891 -112.658515 -109.071254 -103.451685 -97.747911 -92.347943 -86.364413 -85.592930 -93.610148 -101.119349 -109.590449 -117.175818 -119.405789 -120.372528 -114.493071 -115.860952 -135.382369 -166.827073 -214.645118 -281.646797 -336.644040 -372.810006 -377.826039 -398.923094 -421.982435 -449.729887 -491.802926 -514.489045 -533.304824 -565.364410
-276.532194 -221.210280 -189.576456 -165.674131 -162.850921 -158.084500 -153.266961 -145.587787 -139.086670 -131.721684 -103.435445 -69.743549 -38.115857 -12.871073 -3.506678 -12.385321 -22.478507 -34.262000 -43.762954 -42.099472 -28.886711 -13.531216 0.749317 9.768655 12.915306 11.426303 11.744768 12.867416 15.365751 16.874034 20.668402 26.207054 35.341907 47.007823 44.209243 29.583318 17.920514 4.265808 -1.733025 -4.727671 -9.642396 -10.550799 -12.819972 -37.234486 -64.225240 -95.381139 -125.206003 -148.372473 -176.993929 -211.208937 -251.591849 -320.908510 -380.452358 -427.022360 -464.975397 -500.442086
-105.152786 -76.291002 -50.544581 -34.412183 -27.857337 -24.122825 -20.217312 -13.597999 -7.948003 -0.581612 16.260784 48.284165 84.045038 115.760679 122.851179 115.922091 106.301713 94.964368 86.948591 84.237762 89.069809 96.077239 109.243480 118.881783 130.144395 129.897197 131.524573 131.647380 132.733127 132.910169 134.498068 138.805549 146.576481 156.103594 157.453754 149.303896 133.693767 118.297978 108.504679 97.210752 89.089999 87.106507 86.813681 84.403684 63.906224 33.024285 -5.922412 -33.143431 -56.072778 -71.448808 -88.039279 -105.438225 -142.537669 -169.326957 -218.609867 -288.037104
2.069518 27.675258 55.226736 75.600416 88.118255 94.223830 99.288715 106.451797 112.951861 122.978652 138.979143 156.708620 186.088968 222.511121 242.198087 240.370616 231.305146 216.554011 214.480861 213.878733 213.871643 211.932037 221.684293 228.293447 246.404775 246.250261 253.119332 252.334686 252.729098 247.415335 253.375802 252.333668 248.282546 258.489061 255.256364 257.940081 240.695306 229.800244 213.234036 192.432817 183.350963 178.392135 177.063870 174.539175 164.681768 140.162045 105.145921 71.136853 46.605119 29.129634 15.657783 6.107200 -3.433820 -18.602067 -46.324063 -85.229055
104.144559 125.422210 148.160894 174.700098 196.125969 213.482617 222.841686 227.326899 235.848681 244.607326 265.265336 271.118657 290.960584 311.659928 322.265744 327.886460 329.331313 329.439586 331.619233 331.366045 326.258924 325.996028 327.345778 327.631784 331.725673 332.126109 333.225333 333.561941 333.797114 332.832339 333.797005 332.976192 330.603248 331.454873 330.927583 331.564967 328.037067 323.313634 308.037127 294.924934 286.983011 279.426236 270.865271 261.612110 252.288680 237.231047 203.152149 168.605645 138.237873 123.420836 113.258073 106.213998 100.792785 87.011915 67.121402 41.341024
221.949294 233.805720 245.423031 274.064720 291.524077 303.788072 311.926587 316.321231 326.092892 335.674902 337.418555 337.623749 339.727732 340.957445 341.495230 341.529587 341.206762 339.181861 338.779961 337.447643 331.644410 322.109280 322.951285 323.646215 325.411864 329.523794 329.368058 330.548669 333.362413 331.715878 326.160783 322.480252 320.501864 320.705138 327.678995 330.922847 331.650193 331.790100 330.640979 329.805893 329.128410 328.744316 328.397723 327.775743 324.220909 315.256919 293.840192 265.614147 235.223259 215.295067 198.402390 195.742290 191.095697 184.263215 164.829164 136.429056
319.064885 329.776382 336.703384 339.628984 341.002361 342.170622 343.739279 345.767769 345.353570 342.094223 338.496432 334.215783 333.202702 331.815155 328.879409 329.101667 327.070221 323.178627 319.788607 313.915035 302.367622 288.378837 284.871241 288.352280 288.016276 296.319691 304.423485 308.829259 310.633585 305.688880 295.991749 288.179739 285.348641 291.898323 298.213639 304.696034 305.605665 303.305865 299.541493 299.386388 297.598801 299.229610 307.158421 319.800782 327.393450 327.874665 327.639225 325.942422 322.902568 304.025845 283.443919 284.705962 280.051843 268.655447 246.750910 214.227331
337.064858 336.798904 334.364733 328.395002 322.605091 321.848507 325.443722 331.899584 333.367350 326.968079 319.349673 313.019004 306.568377 303.292139 299.008326 296.758437 296.535494 291.085969 283.909503 268.589360 250.320195 231.142601 222.067307 220.377303 226.190814 240.048810 259.025330 266.635610 261.904681 252.631575 232.517414 220.876206 219.854277 223.550968 235.316603 256.572743 260.595052 256.716896 244.826767 239.392600 234.692249 237.028457 253.925897 270.863008 285.447899 298.236398 307.241825 314.522929 320.219203 326.394409 326.159434 326.100411 325.839428 322.003944 308.265827 288.232373
322.735164 316.175348 310.649755 301.500877 293.932519 291.524939 293.933440 297.365260 294.820785 288.953472 279.098482 268.959542 257.874584 246.782553 238.961085 237.201071 236.155649 229.561116 215.429204 197.847908 182.073990 165.488497 160.261590 156.118983 155.008219 168.270028 187.542029 194.760707 183.371778 172.997686 156.078447 146.533800 143.353608 145.574489 156.381743 176.987910 193.366835 192.048497 180.387149 170.878152 166.875449 167.080600 178.505987 198.916594 219.262434 236.258673 254.454188 262.554095 270.987107 280.234799 291.111352 303.845120 314.927533 325.526355 326.664969 326.139349
294.330100 285.515428 275.545030 257.668948 246.922589 240.777150 237.728322 235.634497 230.101992 224.006192 213.948997 202.843491 191.147917 176.061640 169.287326 164.819569 165.186857 153.563579 141.956443 122.711000 107.492131 92.347395 84.301717 79.510080 75.456030 83.882509 101.020691 110.684778 96.041803 85.653303 71.464613 64.263224 60.902920 62.204099 71.664221 94.115772 111.598462 116.365603 107.275245 100.080527 97.232616 97.605272 104.284239 120.971167 141.815457 162.871408 180.140027 190.375378 198.870920 209.641244 225.005385 242.627906 263.968261 281.589850 300.018348 314.678930
244.572921 232.218015 220.438042 205.676110 192.534630 185.162136 184.863122 178.009610 171.986120 162.004795 122.783316 108.323426 92.366322 78.158101 72.130945 63.895238 58.598670 48.578526 41.281301 31.153667 17.075991 2.486644 -10.073999 -13.479445 -16.421616 -20.085163 -11.244811 -7.292651 -9.049748 -15.845843 -22.796811 -26.386106 -28.726267 -25.356481 -13.683621 -2.685998 7.294655 11.616262 6.725859 11.531449 17.232341 18.674171 33.460746 47.060575 64.170799 84.866697 106.862503 118.608481 127.817418 138.826766 154.843766 173.180030 193.080803 216.784450 243.236556 267.575197
193.472774 178.986534 164.217762 150.408231 137.183502 124.961509 124.786057 120.816280 114.712444 83.557245 44.793611 16.735076 1.128853 -17.096825 -26.462662 -36.656101 -59.632708 -74.175408 -81.896723 -80.190906 -90.472358 -105.833404 -118.408742 -124.372792 -128.661032 -137.748427 -141.742481 -138.241297 -130.016976 -135.751136 -139.136260 -137.031037 -139.040479 -140.564442 -133.112919 -120.837259 -113.766893 -106.198894 -98.431170 -93.455162 -84.747995 -60.817709 -45.870145 -31.907589 -13.955048 5.810741 26.747504 44.206379 55.697004 68.787974 86.735465 103.154128 123.998574 147.845550 176.771697 198.339402
128.009964 110.138261 94.868710 79.489711 63.110941 43.064053 40.214589 32.979214 21.050419 -15.934578 -52.620225 -83.652177 -105.082698 -127.080623 -143.179650 -171.492133 -216.748845 -252.563900 -253.658194 -245.349183 -254.781924 -282.801811 -306.799291 -323.907319 -341.620310 -362.497029 -374.883633 -364.776710 -352.956642 -349.467865 -348.044819 -343.776691 -342.982743 -344.044874 -343.961281 -327.574870 -312.676164 -295.920430 -280.005086 -262.144303 -215.008757 -174.105307 -147.455065 -123.765450 -102.815849 -78.918626 -54.105762 -34.122793 -20.207141 -3.594683 14.151985 33.041867 52.611678 76.597916 105.105466 128.439589
62.515665 38.743819 19.141737 -1.782230 -32.694615 -47.423401 -57.695636 -68.904881 -98.299070 -135.666256 -178.459896 -229.045433 -279.830836 -322.679759 -360.873130 -400.751537 -436.165218 -458.725313 -452.220128 -445.005397 -436.785992 -451.883644 -466.353503 -474.571671 -489.993848 -505.007757 -519.067136 -510.242027 -500.680081 -485.819357 -482.647909 -479.622451 -473.825527 -475.469214 -477.249396 -482.418139 -472.503996 -461.963048 -448.350322 -420.300433 -389.409088 -356.208368 -324.737448 -289.237729 -245.337285 -195.946340 -153.742208 -121.928709 -100.827863 -79.972334 -57.406253 -37.973290 -20.520236 -0.318144 24.442909 46.568659
-26.154727 -45.733691 -68.499882 -101.281532 -142.217527 -178.823327 -199.057734 -250.599708 -309.308137 -372.083339 -408.606375 -436.661216 -464.740384 -489.157478 -511.911949 -539.933067 -564.002595 -586.913850 -582.585570 -570.414989 -556.767803 -565.322116 -570.540937 -574.033611 -585.934134 -599.567790 -613.057798 -609.275252 -594.797108 -578.344640 -572.265241 -566.331555 -559.055995 -559.168043 -565.367795 -573.799393 -568.317480 -555.456239 -539.952006 -517.731341 -494.538665 -471.640855 -450.093702 -425.014601 -396.387882 -363.587299 -323.338366 -276.622262 -235.897727 -187.863048 -145.760097 -118.948466 -103.675873 -86.416857 -60.160823 -40.299335
-122.775118 -147.294075 -185.337769 -256.199035 -331.020923 -392.333049 -433.738298 -470.865044 -505.591346 -528.939806 -549.376014 -568.677173 -587.568190 -607.791455 -627.430225 -647.030343 -668.395978 -688.709017 -683.360006 -669.659463 -656.384238 -654.942762 -657.924891 -660.932510 -669.015398 -682.390591 -694.942050 -687.090964 -671.642948 -656.305474 -646.919301 -640.487942 -634.193376 -637.071618 -645.291271 -652.997482 -645.586602 -630.747069 -616.009260 -598.292869 -577.183223 -555.907455 -534.707592 -512.225965 -489.215818 -463.190415 -435.130404 -404.887629 -373.106324 -337.936149 -297.936841 -270.567215 -241.520873 -211.972473 -174.546497 -143.040408
-309.664535 -349.895594 -389.746345 -433.689621 -479.477535 -514.166012 -546.610459 -577.273064 -607.244471 -631.102245 -648.955881 -659.086174 -673.600630 -692.772667 -706.297550 -722.937748 -743.044307 -745.333192 -741.017154 -727.839079 -724.719732 -723.927997 -726.884309 -727.968371 -733.098275 -745.685180 -740.900476 -732.906435 -717.709071 -706.654672 -697.504031 -691.224604 -687.040470 -688.003711 -695.784555 -693.779207 -686.578960 -672.058013 -660.427300 -645.178888 -624.537084 -607.417845 -588.237436 -566.697051 -544.341701 -520.483292 -494.953410 -467.035738 -440.868932 -417.899899 -404.209849 -388.871296 -376.700497 -376.705972 -351.657991 -322.908179
