tests/Borden05m/sims/sim_1/output-maps/psiliqL0010N0016.asc
ncols         160
nrows         34
xllcorner     620200.000000
yllcorner     5168000.000000
cellsize      0.500000
NODATA_value  -9999.0
[rows 0 to 25 of 34, columns 0 to 56 of 160]
-9999.0 -9999.0 -9999.0 -9999.0 -9999.0 -9999.0 -9999.0 -9999.0 -9999.0 -9999.0 -9999.0 -9999.0 -9999.0 -9999.0 -9999.0 -9999.0 -9999.0 -9999.0 -9999.0 -9999.0 -9999.0 -9999.0 -9999.0 -9999.0 -9999.0 -9999.0 -9999.0 -9999.0 -9999.0 -9999.0 -9999.0 -9999.0 -9999.0 -9999.0 -9999.0 -9999.0 -9999.0 -9999.0 -9999.0 -9999.0 -9999.0 -9999.0 -9999.0 -9999.0 -9999.0 -9999.0 -9999.0 -9999.0 -9999.0 -9999.0 -9999.0 -9999.0 -9999.0 -9999.0 -9999.0 -9999.0 -9999.0
-9999.0 -9999.0 -9999.0 -9999.0 -9999.0 -9999.0 -9999.0 -9999.0 -9999.0 -9999.0 -9999.0 -9999.0 -9999.0 -9999.0 -9999.0 -9999.0 -9999.0 -9999.0 -9999.0 -9999.0 -9999.0 -9999.0 -9999.0 -9999.0 -9999.0 -9999.0 -9999.0 -9999.0 -9999.0 -9999.0 -9999.0 -9999.0 -9999.0 -9999.0 -9999.0 -9999.0 -9999.0 -9999.0 -9999.0 -9999.0 -9999.0 -9999.0 -9999.0 -9999.0 -9999.0 -9999.0 -9999.0 -9999.0 -9999.0 -9999.0 -9999.0 -9999.0 -9999.0 -9999.0 -9999.0 -9999.0 -9999.0
-9999.0 -9999.0 -9999.0 -9999.0 -9999.0 -9999.0 -9999.0 -9999.0 -9999.0 -9999.0 -9999.0 -9999.0 -9999.0 -9999.0 -9999.0 -9999.0 -9999.0 -9999.0 -9999.0 -9999.0 -9999.0 -9999.0 -9999.0 -9999.0 -9999.0 -9999.0 -9999.0 -9999.0 -9999.0 -9999.0 -9999.0 -9999.0 -9999.0 -9999.0 -9999.0 -9999.0 -9999.0 -9999.0 -9999.0 -9999.0 -9999.0 -9999.0 -9999.0 -9999.0 -9999.0 -9999.0 -9999.0 87.863291 70.445465 54.090318 52.233115 74.972133 98.310012 121.974973 142.461511 161.094476 180.075615
-9999.0 -9999.0 -9999.0 -9999.0 -9999.0 -9999.0 -9999.0 -9999.0 -9999.0 -9999.0 -9999.0 -9999.0 -9999.0 -9999.0 -9999.0 -9999.0 -9999.0 -9999.0 -9999.0 -9999.0 -9999.0 -9999.0 -9999.0 -9999.0 -9999.0 -9999.0 -9999.0 -9999.0 -9999.0 -9999.0 -9999.0 -9999.0 -9999.0 -9999.0 -9999.0 -9999.0 -9999.0 -9999.0 -9999.0 -9999.0 135.342555 141.201136 142.670264 131.935085 120.654000 108.718560 88.811899 70.956445 55.612905 52.858152 55.489151 61.052347 83.972512 108.333848 127.849866 145.135822 164.332979
-9999.0 -9999.0 -9999.0 -9999.0 -9999.0 -9999.0 -9999.0 -9999.0 -9999.0 -9999.0 -9999.0 -9999.0 -9999.0 -9999.0 -9999.0 -9999.0 -9999.0 -9999.0 -9999.0 -9999.0 -9999.0 -9999.0 -9999.0 -9999.0 -9999.0 -9999.0 -9999.0 -9999.0 -9999.0 -9999.0 -9999.0 -9999.0 -9999.0 -9999.0 43.321330 60.860992 78.934708 97.219113 113.793833 120.410492 126.246600 132.019944 127.965319 123.181512 111.850792 93.128520 73.496133 59.364339 56.875401 54.322111 58.723254 71.816117 88.538097 104.924699 125.885423 149.167862 158.455441
-9999.0 -9999.0 -9999.0 -9999.0 -9999.0 -9999.0 -9999.0 -9999.0 -9999.0 -9999.0 -9999.0 -9999.0 -9999.0 -9999.0 -9999.0 -9999.0 -9999.0 -9999.0 -9999.0 -9999.0 -9999.0 -9999.0 -9999.0 -9999.0 -9999.0 -9999.0 -9999.0 -9999.0 47.701876 41.766639 36.600920 35.063173 33.731086 32.533229 39.457665 51.739594 69.975224 91.476042 104.268563 111.399576 117.922273 118.690889 113.806649 111.652560 111.855413 100.155549 88.549832 77.691449 67.254658 66.022085 75.649063 89.616376 105.723861 120.585141 136.037030 148.533874 164.836791
-9999.0 -9999.0 -9999.0 -9999.0 -9999.0 -9999.0 -9999.0 -9999.0 -9999.0 -9999.0 -9999.0 -9999.0 -9999.0 -9999.0 -9999.0 -9999.0 -9999.0 -9999.0 -9999.0 -9999.0 -9999.0 -9999.0 -9999.0 18.196232 24.192257 30.679682 38.036490 38.902719 34.642164 28.942912 25.756412 24.167419 22.536815 26.938894 35.272984 48.971480 64.885308 86.557378 95.156863 101.652333 114.034340 116.396383 121.403235 125.392927 123.598095 120.926350 108.931695 100.118770 105.803231 112.038460 118.677896 126.426479 139.700648 155.506011 173.510770 194.520979 216.693793
-9999.0 -9999.0 -9999.0 -9999.0 -9999.0 -9999.0 -9999.0 -9999.0 -9999.0 -9999.0 -9999.0 -9999.0 -9999.0 -9999.0 -9999.0 -9999.0 -9999.0 -9999.0 -9999.0 -6.789553 -5.964987 -4.945704 -0.363959 0.578287 2.788615 9.785294 17.916630 20.055400 18.427009 16.804849 18.326735 21.000948 25.241611 36.731973 50.636520 64.869817 79.032799 99.965339 114.809528 128.751534 144.930107 143.803856 139.503922 137.462010 137.989932 138.661820 144.426360 148.193719 154.431121 160.368044 167.594379 177.000700 188.420043 207.426334 228.448541 249.779570 270.002099
-9999.0 -9999.0 -9999.0 -9999.0 -9999.0 -9999.0 -9999.0 -9999.0 -9999.0 -9999.0 -9999.0 -9999.0 -9999.0 -9999.0 -9999.0 -9999.0 -35.220800 -33.409704 -31.331686 -26.007921 -23.465080 -19.544535 -12.699013 -11.618793 -7.791622 -0.687073 4.291730 12.891243 20.794253 28.161295 34.153594 36.915557 44.681740 54.480764 66.547920 82.301644 104.314161 127.333982 143.879957 160.861361 177.987553 178.621359 177.658090 178.973581 180.034196 188.063820 206.741638 213.673933 217.407869 236.549119 251.744079 258.004345 266.369879 285.898957 311.210510 338.674054 371.951615
-9999.0 -9999.0 -9999.0 -9999.0 -9999.0 -9999.0 -9999.0 -9999.0 -9999.0 -9999.0 -9999.0 -9999.0 -9999.0 -80.027667 -75.915812 -66.718043 -58.349949 -56.120250 -52.185711 -46.461213 -34.335549 -30.817986 -24.601359 -16.978085 -5.454871 3.106226 12.382188 24.260165 32.836025 40.200246 47.491266 54.089506 67.976071 83.660463 99.927506 120.607117 142.792630 164.312364 185.915874 201.929954 216.740276 220.522581 219.497555 221.928297 230.782982 249.887032 270.417448 283.640292 306.191477 331.615900 347.534162 361.784103 372.269360 386.667268 409.458926 447.417515 486.259531
-9999.0 -9999.0 -9999.0 -9999.0 -9999.0 -9999.0 -9999.0 -9999.0 -9999.0 -9999.0 -114.603365 -112.104999 -115.584371 -115.088341 -110.422930 -98.598333 -85.396827 -78.634036 -67.406016 -46.838379 -29.576350 -26.042515 -11.221508 -1.137048 5.577153 16.374367 29.700482 42.909180 60.413162 73.429614 86.292293 107.231217 124.268149 141.292746 159.647728 180.334644 202.096258 233.119685 261.960161 277.489309 302.837220 317.631396 315.722647 316.887223 326.435467 345.661945 371.346974 400.024466 425.467191 454.407311 476.208628 492.415072 504.712091 518.697605 535.672740 569.575537 609.751511
-9999.0 -9999.0 -9999.0 -9999.0 -9999.0 -9999.0 -9999.0 -9999.0 -138.643156 -131.753533 -125.536875 -128.606596 -133.326844 -136.752721 -123.660795 -107.937757 -92.059333 -74.988662 -59.055851 -41.108622 -25.453284 -8.765514 10.849573 22.891111 34.984713 50.505417 64.578023 82.799368 104.734165 119.742602 139.159635 161.968474 182.383089 201.616823 221.464948 241.408355 271.584104 308.272340 343.545683 370.874611 401.631313 428.430359 430.380125 434.998142 441.457175 469.770369 502.255179 535.222526 564.120672 593.691581 624.006207 641.865487 653.103252 666.287868 682.113798 699.369975 725.348057
-9999.0 -9999.0 -9999.0 -9999.0 -9999.0 -9999.0 -164.580394 -140.510841 -125.775897 -133.623093 -142.171648 -145.573570 -149.178358 -129.047868 -107.660672 -90.804878 -74.126698 -56.737638 -40.298605 -25.737947 9.409058 26.514683 41.831721 61.733111 76.447008 91.225219 109.318789 133.782329 157.797253 191.279469 222.065932 250.397113 279.175195 301.319112 322.453069 344.323515 379.333330 420.390740 460.516001 493.208156 523.015868 554.294980 564.394381 571.496878 580.507506 600.624250 631.641130 662.346266 696.784636 729.279789 755.115703 767.088635 777.559251 789.042753 802.660619 815.800236 830.258684
-9999.0 -9999.0 -9999.0 -9999.0 -197.897780 -177.008396 -156.592440 -125.842600 -103.308207 -108.625255 -101.454284 -100.947074 -102.283276 -99.437292 -93.371075 -75.418329 -57.460921 -39.248131 -20.418381 17.198678 60.124732 77.415960 104.656098 137.896056 152.972419 169.105244 186.068374 210.795688 241.771198 279.366594 329.031122 371.983301 401.877317 428.174639 451.942568 477.479016 512.765117 551.966088 589.978008 625.330925 656.163960 681.611845 696.051940 704.699064 716.691219 732.298061 752.647068 779.330002 809.408549 841.304965 866.583626 881.192049 889.382183 899.843507 910.989235 924.119526 937.257449
-9999.0 -9999.0 -9999.0 -245.287719 -206.811268 -169.792822 -142.396749 -111.460768 -79.763933 -73.693770 -65.135748 -58.836545 -52.387107 -43.303907 -33.363084 -16.678454 -1.904047 11.878031 33.680431 71.330756 108.637416 143.507425 178.079614 209.959882 234.590143 252.506630 271.957382 298.735959 341.715627 384.690124 439.563053 496.337775 536.278563 562.918487 585.058599 612.074481 636.906109 671.918380 706.385504 738.810524 769.910337 794.715169 814.642438 823.303300 832.389381 841.550727 858.472964 879.592619 901.184675 929.614183 957.299075 979.706312 992.481807 1001.490865 1016.588653 1031.764942 1043.861168
-9999.0 -9999.0 -291.809860 -254.739388 -219.656641 -168.200366 -115.561911 -81.843106 -40.884938 -15.729106 -8.250826 10.552363 27.911627 36.702603 53.922042 71.798603 86.661228 91.560336 106.338067 142.430671 197.826837 249.672579 283.064114 341.312068 377.770702 404.865303 422.289591 450.246749 486.216613 531.753860 582.333942 632.362286 671.836681 703.181645 718.889542 736.995096 759.619137 782.156266 813.953690 842.551527 871.861763 897.202699 919.413630 928.693984 934.081466 949.258941 971.359668 994.455710 1016.612004 1037.871463 1048.059595 1055.035245 1058.406994 1060.648399 1063.683087 1065.957289 1067.251296
-9999.0 -9999.0 -317.106668 -272.944641 -230.523634 -160.934255 -84.315834 -46.479473 -3.007640 42.249048 62.059782 86.948830 105.387958 122.505128 147.303038 171.794061 179.518675 184.727750 186.076356 243.672504 306.771539 371.545024 438.423383 504.113442 548.202418 562.633075 573.632587 594.108276 620.085593 664.128762 713.564340 764.535848 807.415549 837.010920 852.199539 868.430055 887.925411 906.107208 923.994708 958.979925 982.008445 1004.885685 1029.214999 1048.638042 1056.430238 1058.870943 1053.454101 1058.900211 1062.689552 1064.517745 1065.108618 1061.961675 1061.289526 1062.181923 1063.393646 1058.632709 1052.083272
-9999.0 -404.088139 -352.094972 -297.949163 -227.439811 -158.061423 -71.989593 9.367106 61.935330 106.599163 136.854177 156.697610 208.020069 257.408306 285.670623 315.524048 316.351054 318.332193 312.059683 360.230168 418.712612 506.393243 620.883452 677.630149 715.870304 720.780939 718.342947 732.739931 758.036930 798.749761 859.645142 902.678739 949.182303 983.817511 996.433614 1001.602931 1017.426545 1035.875801 1037.140879 1050.917265 1057.235224 1062.642931 1062.726746 1064.359991 1065.301421 1065.478618 1062.233010 1055.797988 1047.690660 1041.459948 1036.816495 1031.683380 1033.527106 1036.783241 1037.737941 1030.674733 1022.211346
-9999.0 -438.423146 -378.106461 -305.499149 -233.244254 -157.198924 -45.749931 87.308423 137.177356 174.519265 205.345023 248.198116 335.248572 404.382594 441.997645 484.495374 481.971555 472.754478 469.298731 506.614736 562.817700 639.782542 769.797267 851.722364 871.419308 884.253129 893.457466 917.997296 949.966178 980.128594 1006.967540 1018.364581 1035.182955 1043.516392 1046.484166 1047.993220 1050.610007 1051.545896 1049.779944 1046.978392 1043.146191 1043.934940 1048.145020 1048.165512 1045.291287 1041.658824 1035.265906 1026.638534 1019.540582 1012.911516 1008.501384 1004.262313 1001.972996 1001.934660 997.601501 991.507253 981.730207
-9999.0 -463.655142 -393.927804 -328.331580 -255.695387 -131.832306 -7.896227 123.891552 216.220328 257.697945 302.800484 388.159900 487.110263 575.472731 623.217440 647.513638 655.753910 645.828681 659.685146 707.070403 773.212343 856.118166 929.049141 995.663271 1008.875272 1013.376685 1003.888393 1012.288834 1020.180626 1022.956926 1025.445056 1028.253471 1034.939293 1038.752874 1038.279219 1035.662957 1031.204416 1023.788516 1019.221899 1016.458912 1013.396039 1013.382345 1016.197052 1016.734049 1013.341773 1007.812497 1001.511826 994.126174 986.292647 977.797258 972.353716 967.255020 964.274707 959.247774 954.301985 947.916548 934.113122
-9999.0 -553.105208 -468.232889 -407.157840 -275.468503 -107.634405 17.921175 172.973578 314.351161 365.804147 456.167250 566.386078 661.003414 725.941698 765.676473 806.131385 834.142628 859.926105 895.270531 889.221837 941.610890 986.803183 1006.374397 1016.915149 1016.847680 1019.162437 1012.354385 994.374449 985.084012 979.565923 982.364329 990.595451 997.854439 1004.441569 1002.481260 1001.869854 1000.488411 996.386801 992.633666 984.765136 977.402275 972.053307 970.608943 975.416539 969.467083 964.499162 957.098069 947.912028 938.102989 929.076930 920.418338 912.861006 909.302921 903.227215 901.267302 893.215694 866.434532
-9999.0 -634.055814 -555.337599 -453.267574 -303.271427 -138.820537 5.917363 179.298246 379.139611 492.342646 600.699649 661.726805 729.782350 791.203261 851.466007 890.208075 911.232715 920.578757 921.106512 932.332864 912.642759 914.691943 935.956949 962.799967 975.103318 979.046691 969.992793 958.868790 952.194403 951.755057 951.415734 951.461722 951.513395 950.370384 947.064522 947.656396 950.794357 944.455869 936.350932 928.686293 921.765506 913.846250 908.383809 904.984208 902.576727 901.121410 892.764454 881.650553 870.440855 861.538503 853.068261 846.596622 843.690246 838.528426 831.159449 819.474761 792.257849
-9999.0 -723.241602 -606.915150 -505.073751 -371.037365 -230.366974 -93.568038 77.446541 239.386737 454.730795 619.812058 688.630519 721.897790 769.880563 827.565508 886.062221 891.740957 864.762641 839.778767 830.441328 839.273080 854.077324 871.780383 893.997787 911.242433 920.099419 920.385078 912.059688 898.820198 890.791381 885.845908 877.764694 871.959213 871.382612 870.718584 876.061190 877.988253 868.550980 855.963928 840.856837 827.607532 817.585315 814.311293 814.846508 814.016493 810.095304 802.547273 791.869134 779.191862 767.493341 759.299661 753.319338 746.546464 737.145711 726.610978 714.627037 689.099872
-9999.0 -9999.0 -677.645804 -565.158713 -450.007576 -321.336786 -193.791016 -37.925786 120.069330 311.010082 432.150628 541.020992 601.386812 643.729843 694.273820 743.426351 757.170230 771.240520 752.800140 757.353951 765.978451 775.030481 787.794705 801.786306 815.629096 825.014268 831.124024 828.954014 819.914509 804.351462 786.409443 772.812265 764.802315 758.692319 766.521815 776.682268 774.046164 767.176858 755.483802 740.210878 727.306819 714.008113 710.083399 710.256242 709.823354 706.449157 701.154999 688.294041 675.248892 662.722432 656.556806 650.123248 644.029398 632.957569 621.174432 607.745504 584.222619
-9999.0 -9999.0 -760.134500 -648.990253 -528.440866 -401.673805 -293.609585 -191.343856 -30.789835 93.052568 198.116810 292.228222 369.017729 428.403054 472.958579 529.254167 561.714081 575.677687 588.524993 610.755673 634.947649 659.592765 676.799331 690.640096 704.627663 716.866662 725.407999 714.986409 704.490520 688.656758 668.815528 647.406199 636.064070 631.301997 634.239343 640.018901 634.634407 624.720721 610.409728 594.195407 580.835217 568.593377 564.098196 561.153441 559.806012 556.607005 552.782364 543.165901 530.887826 522.013167 513.464242 506.559625 502.551617 494.484412 483.951501 475.860196 456.372630
-9999.0 -9999.0 -9999.0 -719.899922 -622.685196 -539.324559 -441.285296 -366.223598 -273.935432 -159.565724 -53.199981 51.318169 117.984006 172.207150 224.789250 274.555229 312.166991 336.826474 360.555542 415.665660 450.503651 491.050426 526.445836 544.310327 560.148756 575.860478 579.670505 570.944843 561.483322 545.975598 522.955595 499.832377 487.733898 489.216198 487.959262 488.263830 481.952673 476.671340 465.111059 451.560324 437.466548 427.989830 423.052960 417.581686 413.444660 408.940472 404.523132 397.887210 388.877611 379.229795 372.077928 368.542313 364.226984 358.834329 351.081520 342.124013 329.848576
