tests/Borden05m/sims/sim_1/output-maps/psiliqL0023N0011.asc
ncols         160
nrows         34
xllcorner     620200.000000
yllcorner     5168000.000000
cellsize      0.500000
NODATA_value  -9999.0
[rows 0 to 24 of 34, columns 0 to 54 of 160]
-9999.0 -9999.0 -9999.0 -9999.0 -9999.0 -9999.0 -9999.0 -9999.0 -9999.0 -9999.0 -9999.0 -9999.0 -9999.0 -9999.0 -9999.0 -9999.0 -9999.0 -9999.0 -9999.0 -9999.0 -9999.0 -9999.0 -9999.0 -9999.0 -9999.0 -9999.0 -9999.0 -9999.0 -9999.0 -9999.0 -9999.0 -9999.0 -9999.0 -9999.0 -9999.0 -9999.0 -9999.0 -9999.0 -9999.0 -9999.0 -9999.0 -9999.0 -9999.0 -9999.0 -9999.0 -9999.0 -9999.0 -9999.0 -9999.0 -9999.0 -9999.0 -9999.0 -9999.0 -9999.0 -9999.0
-9999.0 -9999.0 -9999.0 -9999.0 -9999.0 -9999.0 -9999.0 -9999.0 -9999.0 -9999.0 -9999.0 -9999.0 -9999.0 -9999.0 -9999.0 -9999.0 -9999.0 -9999.0 -9999.0 -9999.0 -9999.0 -9999.0 -9999.0 -9999.0 -9999.0 -9999.0 -9999.0 -9999.0 -9999.0 -9999.0 -9999.0 -9999.0 -9999.0 -9999.0 -9999.0 -9999.0 -9999.0 -9999.0 -9999.0 -9999.0 -9999.0 -9999.0 -9999.0 -9999.0 -9999.0 -9999.0 -9999.0 -9999.0 -9999.0 -9999.0 -9999.0 -9999.0 -9999.0 -9999.0 -9999.0
-9999.0 -9999.0 -9999.0 -9999.0 -9999.0 -9999.0 -9999.0 -9999.0 -9999.0 -9999.0 -9999.0 -9999.0 -9999.0 -9999.0 -9999.0 -9999.0 -9999.0 -9999.0 -9999.0 -9999.0 -9999.0 -9999.0 -9999.0 -9999.0 -9999.0 -9999.0 -9999.0 -9999.0 -9999.0 -9999.0 -9999.0 -9999.0 -9999.0 -9999.0 -9999.0 -9999.0 -9999.0 -9999.0 -9999.0 -9999.0 -9999.0 -9999.0 -9999.0 -9999.0 -9999.0 -9999.0 -9999.0 2704.895238 2687.965801 2674.506143 2670.836288 2692.754000 2716.493886 2740.917137 2762.046436
-9999.0 -9999.0 -9999.0 -9999.0 -9999.0 -9999.0 -9999.0 -9999.0 -9999.0 -9999.0 -9999.0 -9999.0 -9999.0 -9999.0 -9999.0 -9999.0 -9999.0 -9999.0 -9999.0 -9999.0 -9999.0 -9999.0 -9999.0 -9999.0 -9999.0 -9999.0 -9999.0 -9999.0 -9999.0 -9999.0 -9999.0 -9999.0 -9999.0 -9999.0 -9999.0 -9999.0 -9999.0 -9999.0 -9999.0 -9999.0 2753.167385 2759.322809 2759.764515 2750.233159 2739.399145 2726.440462 2706.280720 2689.070743 2675.960395 2674.395030 2677.434917 2681.195554 2702.861340 2728.746629 2749.228467
-9999.0 -9999.0 -9999.0 -9999.0 -9999.0 -9999.0 -9999.0 -9999.0 -9999.0 -9999.0 -9999.0 -9999.0 -9999.0 -9999.0 -9999.0 -9999.0 -9999.0 -9999.0 -9999.0 -9999.0 -9999.0 -9999.0 -9999.0 -9999.0 -9999.0 -9999.0 -9999.0 -9999.0 -9999.0 -9999.0 -9999.0 -9999.0 -9999.0 -9999.0 2659.039009 2676.356373 2694.752050 2713.792072 2731.223611 2738.644036 2744.647615 2750.416567 2746.324621 2742.349961 2731.224390 2711.064880 2692.168845 2679.589535 2678.878014 2677.015926 2681.327872 2693.759891 2711.056726 2726.946538 2748.170388
-9999.0 -9999.0 -9999.0 -9999.0 -9999.0 -9999.0 -9999.0 -9999.0 -9999.0 -9999.0 -9999.0 -9999.0 -9999.0 -9999.0 -9999.0 -9999.0 -9999.0 -9999.0 -9999.0 -9999.0 -9999.0 -9999.0 -9999.0 -9999.0 -9999.0 -9999.0 -9999.0 -9999.0 2662.036170 2656.427480 2652.066590 2651.088882 2650.259161 2649.798150 2656.805980 2668.537999 2686.289761 2708.861058 2722.662157 2730.461270 2737.778265 2738.712730 2733.537597 2732.330386 2733.352691 2721.411212 2709.793462 2698.956060 2688.438395 2686.261213 2695.949422 2710.838118 2727.707462 2742.995024 2758.866589
-9999.0 -9999.0 -9999.0 -9999.0 -9999.0 -9999.0 -9999.0 -9999.0 -9999.0 -9999.0 -9999.0 -9999.0 -9999.0 -9999.0 -9999.0 -9999.0 -9999.0 -9999.0 -9999.0 -9999.0 -9999.0 -9999.0 -9999.0 2630.397564 2635.778194 2642.743930 2650.882157 2652.332493 2649.229860 2644.283734 2642.111118 2641.309620 2639.796774 2644.936263 2652.703450 2666.336719 2682.299056 2705.123369 2714.064262 2719.332833 2731.465961 2735.584652 2743.593109 2748.153239 2746.898027 2743.637858 2729.825105 2719.340790 2722.740939 2727.796689 2735.298094 2744.178712 2758.125964 2772.776829 2788.933601
-9999.0 -9999.0 -9999.0 -9999.0 -9999.0 -9999.0 -9999.0 -9999.0 -9999.0 -9999.0 -9999.0 -9999.0 -9999.0 -9999.0 -9999.0 -9999.0 -9999.0 -9999.0 -9999.0 2604.839923 2606.144596 2607.972087 2613.173642 2613.901465 2616.163256 2623.494613 2632.104288 2635.475293 2633.935729 2633.473878 2635.495991 2638.785178 2643.957850 2655.242787 2669.328226 2683.892348 2697.498451 2718.768148 2733.777297 2746.921555 2762.915492 2763.765558 2760.738773 2759.680905 2760.284353 2759.470580 2759.689432 2760.161684 2766.967438 2769.205955 2773.985870 2783.630512 2794.988631 2812.286036 2830.710856
-9999.0 -9999.0 -9999.0 -9999.0 -9999.0 -9999.0 -9999.0 -9999.0 -9999.0 -9999.0 -9999.0 -9999.0 -9999.0 -9999.0 -9999.0 -9999.0 2575.386622 2577.473150 2580.210017 2586.034285 2589.987198 2594.401942 2601.762051 2603.502416 2607.513147 2615.175321 2620.321676 2630.111082 2639.017231 2646.739695 2653.198305 2656.257499 2663.531598 2673.354533 2685.366891 2700.008159 2720.805745 2744.641049 2760.765010 2777.945558 2795.684460 2796.872585 2795.941714 2797.001856 2796.389973 2798.347746 2813.755593 2818.055749 2814.909305 2826.792740 2839.685619 2843.530450 2802.702761 2819.928846 2841.624732
-9999.0 -9999.0 -9999.0 -9999.0 -9999.0 -9999.0 -9999.0 -9999.0 -9999.0 -9999.0 -9999.0 -9999.0 -9999.0 2525.513409 2529.882390 2540.442294 2551.867466 2555.272587 2560.578229 2567.629820 2580.265901 2584.381202 2590.839145 2598.557054 2611.758560 2621.026092 2630.501254 2642.821037 2651.459634 2658.993969 2666.054357 2670.139044 2682.550567 2697.370225 2712.589482 2732.419598 2754.626673 2773.825909 2792.009725 2808.620821 2821.357865 2820.528451 2820.366708 2823.218402 2829.100829 2797.284657 2812.029365 2813.794312 2824.697819 2844.979201 2855.246650 2862.901475 2867.342664 2880.267434 2900.823178
-9999.0 -9999.0 -9999.0 -9999.0 -9999.0 -9999.0 -9999.0 -9999.0 -9999.0 -9999.0 2495.530755 2497.606128 2494.509010 2492.967787 2499.163854 2512.065357 2527.033280 2533.424155 2545.922870 2567.742679 2586.734512 2590.384603 2604.429710 2615.741387 2623.233143 2633.829809 2647.273430 2659.980850 2676.132330 2688.379050 2698.296465 2715.827365 2732.041182 2748.711472 2766.540205 2787.218359 2803.671021 2828.705695 2811.665395 2819.086757 2836.439067 2840.542243 2836.055484 2834.040337 2842.432332 2852.506323 2868.023028 2884.717278 2902.485129 2924.322903 2935.690147 2948.191347 2956.970173 2967.172345 2981.592219
-9999.0 -9999.0 -9999.0 -9999.0 -9999.0 -9999.0 -9999.0 -9999.0 2469.805984 2478.124511 2484.242748 2481.599354 2477.741545 2473.036879 2488.177815 2504.414694 2520.994658 2539.820398 2556.088146 2574.830220 2589.473536 2605.091557 2626.420459 2638.301052 2649.904235 2665.656934 2679.452725 2695.424938 2716.528886 2726.063388 2739.181994 2759.492806 2775.475670 2793.110397 2812.062536 2829.435144 2805.581275 2833.937765 2861.114702 2877.984787 2903.362831 2920.592980 2915.533194 2914.314358 2915.812300 2938.686815 2964.801434 2992.963708 2996.503510 3019.161298 3046.453562 3063.977959 3072.733893 3083.372977 3096.687039
-9999.0 -9999.0 -9999.0 -9999.0 -9999.0 -9999.0 2440.446614 2465.166773 2480.883750 2473.020576 2460.609177 2456.549599 2451.703297 2481.439004 2504.569029 2522.739642 2540.307742 2558.596704 2575.479733 2585.580721 2617.685321 2637.628266 2651.171584 2666.694391 2682.111279 2697.499396 2714.920465 2737.521371 2756.619754 2780.285440 2799.693030 2818.758485 2798.075285 2813.461533 2829.809376 2843.682245 2869.630322 2903.245686 2937.189698 2961.843310 2985.807094 3000.966057 3001.217970 3003.112855 3005.317896 3027.095072 3059.015100 3087.639122 3118.319813 3148.207021 3174.987492 3182.747404 3191.223672 3200.716234 3212.686328
-9999.0 -9999.0 -9999.0 -9999.0 2406.825404 2427.937487 2447.412247 2478.128390 2500.872386 2496.611335 2502.408641 2501.864891 2499.077096 2504.794431 2513.693378 2532.181645 2552.142479 2572.344128 2588.282375 2619.325639 2666.663551 2680.145854 2700.394500 2731.503986 2744.407287 2759.935287 2776.787846 2798.837438 2819.263164 2802.190500 2836.394801 2866.592385 2886.606466 2905.227335 2923.825869 2941.197601 2974.468324 2995.203445 3029.048396 3059.807742 3086.105869 3110.268206 3117.618423 3122.462554 3132.072627 3147.963745 3169.204641 3193.281504 3225.026096 3256.121071 3279.059964 3288.665773 3294.000255 3303.177582 3310.932160
-9999.0 -9999.0 -9999.0 2353.613174 2392.818855 2432.321385 2458.818452 2489.825226 2522.836006 2524.933553 2534.673244 2536.992665 2538.708633 2546.229055 2552.224708 2570.122905 2588.885167 2608.717546 2632.524614 2668.559111 2700.685070 2723.230795 2753.297788 2772.806125 2789.315032 2804.434218 2824.176395 2846.335266 2832.946839 2860.638772 2905.938601 2955.893425 2987.914019 2992.893533 3013.156289 3038.989110 3062.554895 3098.396835 3131.232391 3162.250238 3189.453033 3211.140550 3225.737790 3230.400422 3239.134084 3245.010411 3257.934241 3278.146097 3299.510753 3328.785144 3356.966958 3383.549293 3397.793551 3407.987214 3424.205677
-9999.0 -9999.0 2305.312021 2344.520258 2376.858701 2424.983706 2478.593502 2514.246091 2554.930735 2576.282237 2581.705507 2595.383093 2609.644039 2614.262441 2626.796769 2642.576876 2665.172926 2675.341805 2696.557097 2718.032238 2759.435221 2797.979386 2802.450119 2799.063506 2827.589386 2857.640772 2876.463194 2902.135900 2936.533498 2971.241162 3000.403076 3047.902472 3081.672077 3108.535375 3123.224016 3141.836321 3161.487355 3183.454599 3217.850019 3243.341509 3275.018619 3299.602430 3318.949790 3320.885101 3323.646265 3338.967394 3365.289321 3393.587254 3420.411284 3447.081976 3437.228933 3456.570320 3465.194047 3470.005684 3477.571130
-9999.0 -9999.0 2275.974587 2322.250694 2358.651801 2419.508605 2504.845872 2540.767380 2582.590811 2630.036219 2646.987600 2671.136343 2672.365200 2669.475857 2691.079038 2710.069114 2730.535724 2740.218806 2738.067553 2791.696988 2802.210363 2831.550722 2848.260423 2919.220018 2968.241576 2989.095201 2989.234196 3007.714835 3027.437523 3065.546460 3104.930934 3156.932014 3195.118128 3223.700351 3237.434402 3255.631952 3274.131743 3288.799567 3307.127090 3350.442865 3382.246855 3410.627929 3440.180629 3460.524730 3468.229177 3472.374615 3451.184325 3467.306124 3478.244989 3482.963132 3484.778964 3481.089058 3480.468041 3481.230838 3482.161690
-9999.0 2183.574684 2236.119288 2287.560115 2353.494806 2417.040251 2494.971368 2572.253068 2637.698792 2690.419819 2718.936205 2719.874390 2732.721273 2764.964824 2788.837893 2811.041177 2818.706787 2830.166207 2816.168196 2821.732089 2858.043387 2912.332847 2999.201621 3054.374751 3110.199676 3106.861560 3095.793152 3101.862160 3118.901324 3162.806331 3234.124752 3285.894477 3346.117346 3390.769935 3406.175979 3412.548766 3429.971234 3449.578258 3409.144496 3445.428130 3461.990717 3475.817445 3482.833689 3484.739729 3485.804373 3485.606421 3482.021824 3475.180028 3467.131853 3461.383573 3457.216740 3452.714358 3455.142735 3458.454366 3458.828583
-9999.0 2145.956095 2204.018326 2273.489690 2342.275861 2395.533672 2484.619184 2645.925536 2707.855512 2747.804337 2760.584266 2751.954842 2817.195271 2849.873533 2875.248023 2919.304746 2906.291507 2892.216143 2861.601915 2886.635984 2926.805388 2982.305102 3141.047180 3224.325752 3267.662695 3275.529709 3277.279960 3303.980899 3344.720173 3387.382792 3428.106749 3405.179347 3446.899338 3467.281469 3471.542260 3472.139057 3476.714117 3475.485154 3473.730889 3469.425771 3464.370282 3464.513426 3468.920645 3468.741511 3465.843239 3462.572581 3456.941922 3449.515893 3444.249332 3439.633222 3436.957348 3434.084827 3432.243032 3431.747196 3427.111100
-9999.0 2108.344173 2182.360099 2242.266590 2293.724579 2391.547509 2521.386740 2664.844830 2762.262026 2799.582693 2791.830619 2812.937023 2912.674655 3005.290787 3054.959617 3075.473551 3060.717364 3018.942190 3004.147641 3046.134193 3112.848416 3219.889694 3342.785681 3433.489653 3447.208289 3450.050642 3409.757139 3431.439119 3451.535355 3453.913544 3454.855904 3461.292121 3466.250809 3469.049868 3467.527508 3464.646535 3459.881351 3451.784259 3446.951845 3443.370326 3439.669035 3438.667348 3440.789526 3442.418216 3439.677394 3435.818238 3431.354471 3425.772212 3419.546701 3412.859578 3408.673912 3404.528316 3402.444872 3397.170827 3393.545647
-9999.0 1990.939707 2085.458707 2129.896416 2214.848613 2400.279446 2529.695600 2673.718998 2819.257390 2843.342843 2895.342731 3020.388946 3132.759674 3207.571023 3237.457417 3271.143578 3295.169575 3311.645585 3346.201098 3247.512340 3319.347341 3403.465671 3441.257303 3457.644268 3464.742704 3465.056688 3455.585141 3435.177916 3424.524357 3417.777593 3419.381672 3426.607029 3431.434313 3436.343791 3434.080229 3434.982338 3435.776396 3432.479282 3428.549295 3419.989348 3412.223207 3405.778979 3402.891846 3407.710298 3403.025998 3400.497798 3394.427871 3386.194252 3377.672332 3370.336344 3362.550993 3356.060350 3353.797176 3348.778679 3347.633392
-9999.0 1910.086681 1983.807949 2051.039385 2168.860054 2333.262276 2438.349987 2599.267995 2816.921732 2945.159229 3090.965670 3173.947038 3241.845294 3286.696381 3338.107633 3386.359371 3411.003990 3420.904417 3394.688493 3412.550625 3372.093583 3361.398456 3377.910383 3405.587968 3421.216049 3425.026935 3416.942322 3407.383542 3400.149396 3399.024992 3397.057905 3393.620227 3390.082585 3386.835407 3383.694009 3386.376646 3391.460852 3384.634136 3375.080588 3366.013986 3357.821954 3348.875299 3343.074909 3338.776275 3338.809696 3339.010930 3331.527606 3321.204045 3310.578535 3302.461635 3295.295461 3290.667895 3288.176396 3283.384943 3274.472959
-9999.0 1795.276305 1925.351620 2006.153812 2107.467252 2238.660169 2348.864451 2504.374071 2640.560389 2860.603450 2998.155263 3164.737203 3209.166584 3273.733709 3322.389923 3391.709023 3388.236506 3356.693435 3315.654971 3299.087299 3307.843576 3316.174832 3324.946405 3340.087501 3357.173122 3366.825636 3370.868592 3364.369376 3350.287166 3338.598370 3328.591750 3315.905461 3307.101056 3304.940161 3308.112503 3317.343387 3318.291954 3309.087563 3295.363851 3277.875368 3262.769716 3251.355824 3249.177076 3251.632779 3252.521148 3248.690582 3242.776631 3232.278480 3219.914043 3207.891992 3201.979533 3197.576075 3190.533689 3179.988893 3170.941478
-9999.0 -9999.0 1842.150251 1951.255491 2048.262362 2162.205724 2258.144336 2382.916676 2526.628251 2702.122409 2798.823238 2963.647977 3044.623136 3086.356896 3122.851679 3175.535770 3197.744085 3224.655728 3214.885317 3223.728660 3231.834211 3236.480273 3242.117971 3248.708285 3259.387762 3268.862608 3278.170530 3275.416142 3266.476260 3246.857189 3222.636459 3203.866162 3193.839392 3185.220919 3196.568091 3208.765321 3203.950078 3197.172137 3184.902227 3171.236115 3158.726732 3144.739443 3141.281473 3141.367501 3141.914137 3139.574895 3136.727248 3124.951697 3112.776901 3102.625836 3098.445460 3092.927908 3089.125081 3079.368661 3068.972386
-9999.0 -9999.0 1754.703692 1859.875255 1964.971934 2083.747827 2171.868794 2201.518199 2342.367786 2450.347096 2558.481284 2669.000333 2763.729677 2803.224667 2837.505377 2898.704879 2950.504266 2967.833250 2990.712438 3035.508223 3066.523298 3101.913782 3122.900777 3132.132776 3144.495526 3158.258752 3165.790833 3151.424699 3140.255667 3123.418051 3101.215423 3075.659430 3062.656906 3061.444011 3061.346468 3063.831643 3056.796141 3047.826307 3033.591607 3019.544209 3007.320710 2997.933255 2994.328345 2989.424531 2987.481854 2984.861663 2983.509370 2993.692167 2985.061820 2979.780411 2971.636430 2967.382948 2966.036816 2962.117036 2955.634047
