tests/Borden05m/sims/sim_1/output-maps/psiliqL0005N0013.asc
ncols         160
nrows         34
xllcorner     620200.000000
yllcorner     5168000.000000
cellsize      0.500000
NODATA_value  -9999.0
[rows 0 to 24 of 34, columns 56 to 111 of 160]
-9999.0 -9999.0 -9999.0 -9999.0 -9999.0 -9999.0 -9999.0 -9999.0 -9999.0 -9999.0 -9999.0 -9999.0 -9999.0 -9999.0 -9999.0 -9999.0 -9999.0 -9999.0 -9999.0 -9999.0 -9999.0 -9999.0 -9999.0 -9999.0 -9999.0 -9999.0 -9999.0 -9999.0 -9999.0 -9999.0 -9999.0 -9999.0 -9999.0 -9999.0 -9999.0 -9999.0 -9999.0 -9999.0 -9999.0 -9999.0 -9999.0 -9999.0 -9999.0 -9999.0 -9999.0 -9999.0 -9999.0 -9999.0 -9999.0 -9999.0 -9999.0 -9999.0 -9999.0 -9999.0 -9999.0 -9999.0
-9999.0 -9999.0 -9999.0 -655.584937 -661.576738 -666.893360 -671.333483 -680.807524 -689.646971 -698.653269 -701.913286 -702.282941 -703.552831 -705.156360 -700.083264 -692.837208 -686.095976 -678.911069 -677.857149 -676.002075 -673.563343 -673.004416 -674.371598 -677.718586 -680.704918 -683.899109 -683.738280 -692.829702 -705.067576 -714.667275 -717.275978 -711.239770 -706.413761 -705.014169 -699.142063 -688.201604 -677.792971 -670.868832 -659.459723 -656.107540 -651.114959 -646.617975 -650.869330 -653.559675 -655.640401 -657.940493 -669.971973 -9999.0 -9999.0 -9999.0 -9999.0 -9999.0 -9999.0 -9999.0 -9999.0 -9999.0
-690.098026 -670.869474 -669.211320 -685.447127 -689.720055 -692.364718 -693.677492 -698.771448 -708.455241 -713.251377 -719.791466 -722.142215 -722.621442 -723.741420 -720.086849 -709.256226 -700.879774 -696.813632 -695.852083 -694.538296 -695.221664 -696.209506 -696.400551 -699.498944 -702.886593 -706.319732 -707.360110 -705.006953 -713.444424 -718.701822 -722.487609 -724.773100 -722.462611 -720.339882 -718.106588 -707.389410 -699.911822 -692.820499 -677.946291 -664.779538 -659.825957 -663.043591 -668.351463 -670.273213 -674.606993 -683.009441 -692.040191 -699.371943 -705.139038 -708.960088 -714.129841 -706.811812 -702.519120 -692.015975 -682.109783 -670.673281
-710.337796 -689.689837 -688.410723 -702.967641 -713.175972 -717.456735 -716.803177 -712.755389 -716.776388 -722.749469 -729.189076 -720.050574 -719.924943 -719.612615 -716.769171 -713.003433 -711.252781 -708.734280 -704.152600 -694.434539 -692.973504 -693.022975 -692.865162 -694.845328 -698.233254 -699.463237 -702.104312 -708.769218 -708.933810 -707.877861 -708.371581 -701.665430 -700.446105 -697.985235 -708.179346 -705.016307 -699.205090 -693.261013 -687.236526 -681.091572 -676.274455 -680.196037 -679.739506 -687.119915 -700.516975 -709.740279 -715.603479 -714.111030 -714.240133 -721.385455 -737.126891 -728.182155 -708.708061 -706.029372 -704.497474 -691.987375
-721.328370 -711.652805 -710.658923 -717.283362 -714.392205 -711.464407 -709.229078 -711.919588 -716.884294 -720.890166 -705.398559 -696.247316 -696.657618 -694.088216 -690.186303 -691.408352 -708.112320 -712.143690 -703.059400 -692.494738 -687.009323 -688.317674 -689.081631 -691.273013 -692.145325 -691.961674 -694.639322 -692.663991 -689.770583 -690.114854 -684.399586 -678.242733 -674.405383 -685.408481 -696.198310 -695.745312 -686.862397 -678.634551 -671.799638 -660.064013 -646.001526 -647.675764 -652.892133 -659.675647 -669.925441 -693.121924 -713.541331 -723.232812 -728.579963 -735.092606 -734.163849 -736.584967 -722.526941 -721.552479 -721.232393 -711.715566
-724.547945 -702.133125 -694.485650 -703.258075 -710.158905 -714.275673 -713.592878 -714.346376 -711.593131 -696.599395 -683.711307 -667.946557 -667.893652 -666.132158 -666.707329 -678.833813 -690.134884 -695.913869 -677.872547 -660.949050 -653.170179 -653.893272 -654.260742 -643.277609 -646.572280 -649.721396 -657.009829 -654.150690 -651.854206 -637.899130 -630.463641 -623.120561 -625.647198 -639.161845 -651.209141 -653.072019 -651.456013 -650.656216 -644.973605 -633.675529 -621.747844 -627.620135 -634.473826 -642.365508 -672.791403 -701.117498 -716.449452 -710.381181 -706.523463 -709.997297 -711.395831 -713.618942 -723.292681 -722.295997 -721.910143 -724.013791
-676.039859 -658.788490 -640.796816 -649.920459 -659.865903 -674.090450 -673.682402 -670.485982 -662.639879 -650.306784 -631.663616 -605.154935 -603.970207 -600.478452 -594.487431 -607.164583 -620.737467 -636.153074 -618.094400 -609.156144 -599.744298 -596.744434 -582.022880 -569.175012 -576.270265 -587.569021 -599.319199 -591.520520 -573.555199 -555.574210 -549.041742 -545.676204 -543.659181 -555.232892 -561.026955 -565.055070 -565.416755 -571.689720 -569.706173 -555.795610 -535.532465 -534.167317 -547.421326 -572.637375 -611.001491 -648.363901 -671.613543 -662.043534 -668.389668 -673.318334 -675.261070 -690.202367 -701.409808 -697.315739 -707.792621 -715.120557
-638.624189 -621.685624 -602.004576 -607.337385 -621.598118 -636.232488 -636.252901 -626.884553 -618.473093 -598.163141 -569.502662 -536.901681 -517.488024 -503.492361 -490.348693 -500.751659 -513.996194 -528.168723 -524.282918 -506.533258 -488.279985 -468.804533 -447.032556 -424.955547 -431.528272 -444.609405 -447.033379 -440.475754 -414.262444 -390.271564 -380.173620 -374.099879 -364.910853 -372.614069 -386.486670 -403.158108 -419.880360 -434.690539 -444.639145 -422.895046 -400.268306 -404.557904 -445.410418 -483.861638 -529.362591 -574.494993 -616.167274 -622.022208 -620.042701 -619.270522 -636.165166 -650.549078 -670.304449 -680.156433 -686.272419 -703.310635
-538.232509 -510.715818 -483.785625 -473.531534 -492.860221 -497.418734 -490.197996 -474.278267 -465.985304 -444.568434 -391.431932 -329.294818 -290.300097 -263.765598 -258.796816 -267.351211 -278.424391 -296.167332 -305.246195 -289.592260 -273.807715 -260.444671 -250.191624 -240.955490 -235.190003 -236.041796 -236.056382 -234.030619 -230.911456 -225.843830 -220.458353 -215.217638 -209.361726 -208.113593 -215.652451 -223.032131 -231.211472 -238.595743 -240.779516 -242.058648 -236.916696 -237.872206 -254.697451 -281.435061 -322.003902 -381.530038 -440.590356 -480.797119 -484.369408 -506.082597 -528.416540 -555.530961 -599.768427 -619.828575 -635.357623 -670.597686
-378.065990 -327.799333 -301.512748 -280.595006 -278.229531 -274.040830 -269.927974 -263.392477 -257.950596 -251.679046 -225.803973 -194.647656 -164.895058 -140.693736 -131.549328 -140.048931 -149.522544 -160.502224 -169.688181 -168.971727 -156.792417 -142.149580 -128.348935 -119.337406 -116.286669 -117.657145 -117.522608 -116.549559 -114.042236 -112.298482 -108.436332 -102.751369 -93.151410 -81.365076 -83.924405 -99.085989 -111.127388 -125.397247 -131.925590 -135.371620 -140.617594 -141.440371 -142.748944 -165.128849 -189.652793 -218.067018 -245.683156 -266.074087 -290.945173 -319.780209 -353.418587 -423.730727 -488.790222 -537.368122 -576.379905 -614.267501
-227.803340 -201.632236 -177.523681 -162.630085 -156.528548 -153.231560 -148.932776 -142.203338 -136.500258 -128.869301 -112.234346 -80.026692 -44.352310 -11.943939 -4.654388 -11.678953 -21.450813 -33.783714 -40.730465 -44.893997 -40.064400 -30.659198 -18.570143 -7.658660 1.681797 3.779889 3.968362 3.472836 3.329758 5.880647 6.901648 9.881618 19.909802 27.389134 31.280434 20.542244 6.692324 -9.896773 -20.710017 -33.359811 -41.837748 -43.891216 -44.020252 -45.644340 -65.508318 -96.190984 -135.423715 -162.577157 -184.241130 -198.037292 -212.689769 -227.582736 -260.328473 -282.263072 -323.818789 -385.544372
-127.563346 -102.181001 -75.102330 -55.637553 -44.042397 -39.274347 -30.470726 -21.735561 -13.896654 -2.612397 11.388635 31.489828 60.471262 103.287448 122.943830 120.669962 111.014667 85.028056 93.109054 79.146313 80.233304 99.002365 104.002800 116.085694 117.289111 133.927794 134.423920 132.108362 121.710425 133.746377 133.936786 121.545786 134.120602 128.423401 141.658552 127.832355 127.411118 111.289941 92.599530 64.985999 55.058397 49.907348 48.533285 45.986660 36.275755 11.700399 -24.518903 -59.413180 -84.671550 -102.778211 -115.828680 -124.893868 -133.181629 -146.953851 -172.185990 -208.146013
-23.957657 -2.270738 20.234313 43.027258 63.373471 75.040461 100.375702 107.188400 117.685412 131.574362 135.861333 156.870203 170.790999 190.462584 200.319768 205.548050 207.075669 206.100141 209.245680 207.539461 204.756807 207.072166 207.551234 208.551171 210.300454 212.362809 211.920445 212.260442 211.162921 212.504103 212.657835 210.909564 210.395837 209.340006 210.465339 208.997277 207.668785 201.417166 186.430097 172.785369 165.954477 158.565444 150.295042 141.354808 132.199514 117.356663 76.200756 40.100655 8.088458 -10.207105 -19.285903 -25.319163 -30.227443 -43.536222 -63.127606 -88.732198
102.143009 115.108605 130.098388 141.860460 168.103130 178.909272 189.206046 193.972785 204.164997 214.397792 214.232360 216.408114 216.535135 217.901841 217.529265 218.272205 217.487895 215.918512 215.161145 214.193138 208.347971 199.510475 200.809670 201.746063 203.995041 207.133325 206.181185 206.959215 209.958183 208.037432 203.013878 199.628846 197.967387 197.612439 203.172794 206.607197 206.291760 207.941408 207.642987 207.090690 206.916134 206.519567 206.383378 206.296495 202.256139 193.683431 172.543387 144.685495 113.562715 79.187146 66.758807 66.206450 62.178785 55.385646 35.122801 5.944295
196.605452 207.314465 215.447610 215.918422 217.865530 217.972346 220.481197 221.767735 222.281492 218.029535 215.086330 210.195324 209.076743 206.574227 205.258571 205.767245 203.915900 200.144116 196.819621 190.835203 178.463604 166.065740 163.900073 168.265044 172.759262 175.993824 179.724938 184.600208 186.749756 179.575141 172.307604 165.494925 163.066253 167.703901 161.980508 175.166745 166.167736 175.476829 175.605985 176.378193 174.947987 175.967649 182.907213 196.869454 204.962570 205.202859 205.000413 203.885942 201.765701 180.808507 161.482944 163.475985 159.221655 147.890123 122.849025 86.064776
213.130978 212.634369 210.561625 204.505131 199.136250 198.692421 202.330315 208.801987 209.901498 203.664732 196.093296 189.004290 179.750308 167.260579 174.760179 174.389818 174.378265 169.056491 161.951907 145.464568 116.587521 100.234740 92.587606 91.282452 97.052493 106.339113 117.515153 133.126421 134.738867 112.196299 98.271920 89.074709 88.364306 90.083358 95.631006 107.909131 108.851294 111.710744 109.014769 106.892361 102.851503 103.654165 115.878676 146.961428 162.884309 175.100002 183.076889 191.605686 197.554022 204.055646 203.951093 204.036204 203.956840 200.051056 186.440139 166.815711
198.584818 192.254945 187.147560 178.184219 171.641222 170.003009 172.523192 175.927059 172.552695 166.831622 156.847353 143.510400 116.656548 104.454898 104.864228 106.264510 106.116773 99.872728 85.647380 67.137846 48.909810 32.780931 27.873433 23.526036 21.709459 32.938541 49.725756 58.508682 48.582166 35.909394 20.812725 12.333111 9.283800 10.367579 18.483091 35.200703 50.316936 51.353330 43.503376 36.068455 32.680470 32.468071 43.043276 66.812688 87.824895 103.248504 116.820854 138.627480 148.793827 158.307990 168.933458 181.225122 192.704428 203.473245 204.351716 204.043188
170.294747 161.470816 148.827404 128.041528 117.690278 111.950955 108.877743 106.498853 100.407093 93.967007 83.575272 70.298970 54.202957 38.735202 34.592918 32.054213 33.407135 22.258465 10.534160 -9.335320 -25.445125 -40.900103 -49.049230 -54.256694 -58.889497 -50.965529 -34.303698 -24.253974 -38.752392 -49.489516 -63.324158 -70.254861 -73.657886 -72.950148 -64.589970 -43.316669 -26.162778 -20.653861 -28.402181 -34.845277 -37.413215 -37.030152 -30.458191 -12.837162 8.345626 28.799890 45.015549 58.589961 68.494686 79.822527 95.296484 113.176381 141.885698 159.865890 178.001011 192.583293
112.326849 100.525168 88.320493 73.469436 60.648828 53.518627 53.139205 46.022610 39.606912 29.613042 -9.705215 -25.047447 -42.335105 -56.772956 -61.888557 -68.894733 -72.724946 -82.094773 -89.338386 -100.139953 -114.666437 -129.484105 -142.093684 -145.712976 -148.869752 -152.226530 -143.113584 -138.983478 -141.223919 -147.949487 -154.841699 -158.477335 -160.824621 -157.704524 -146.649931 -136.011096 -126.050091 -121.606433 -126.411271 -121.610997 -116.093982 -115.202761 -100.789561 -87.086541 -69.855613 -49.254529 -27.456975 -14.945996 -5.085255 6.348675 22.647321 41.454223 63.118891 87.706976 115.396069 145.865421
59.380460 45.317760 30.617555 16.900998 3.820341 -8.141667 -8.298567 -12.377117 -18.565183 -49.263084 -88.085994 -115.915821 -131.577277 -149.362381 -157.768016 -166.026295 -186.005631 -198.588759 -205.914303 -204.707895 -214.647268 -228.969688 -240.672637 -246.046775 -249.768572 -257.739422 -260.848329 -257.762640 -250.543762 -255.967986 -259.095419 -257.255013 -259.136495 -260.588276 -253.852128 -242.759295 -236.296814 -229.408639 -222.525007 -218.234294 -211.424117 -190.142766 -176.848618 -164.053851 -146.756798 -127.514542 -107.007613 -89.762389 -78.210517 -65.020283 -46.890050 -30.091476 -8.451574 16.173998 45.846398 68.630085
-6.644301 -24.263551 -39.384567 -54.581660 -70.503574 -90.180989 -92.644607 -99.532590 -110.746613 -146.685987 -181.459408 -209.690658 -228.655412 -248.389397 -261.818377 -285.196804 -323.547803 -353.223301 -353.861866 -346.361875 -355.121524 -382.815188 -409.007525 -427.711628 -446.540353 -469.297454 -482.427185 -470.972943 -457.947817 -455.777259 -455.067348 -450.502897 -450.194610 -451.560866 -451.039869 -431.293163 -414.705335 -396.615451 -380.677817 -364.647462 -323.578179 -288.976204 -266.293414 -246.055424 -227.718146 -206.646991 -184.313785 -166.119179 -153.103379 -137.118454 -119.806293 -101.016117 -81.031364 -56.447729 -27.388781 -3.665543
-71.976520 -95.531852 -114.574927 -134.478923 -163.795919 -176.873376 -185.601508 -194.300615 -220.701650 -254.318760 -291.243746 -333.939968 -379.992343 -425.432750 -465.618612 -506.515482 -543.031991 -566.244422 -557.308438 -549.440266 -539.928021 -557.126746 -572.523889 -579.607424 -595.109139 -609.941050 -625.317685 -614.613529 -605.664309 -589.955259 -588.086236 -585.723758 -579.439055 -581.867665 -583.823512 -590.563965 -580.084544 -570.405596 -558.012884 -529.312597 -497.961347 -464.262803 -432.096159 -394.505534 -350.537701 -308.031452 -271.571386 -244.392484 -226.187228 -208.092730 -187.975060 -170.120743 -153.203398 -133.108505 -108.438977 -86.355087
-158.288193 -176.733834 -196.963485 -225.487407 -261.545216 -292.547474 -308.463469 -350.313663 -405.650298 -475.458600 -514.413961 -541.833849 -569.502922 -592.420192 -612.663007 -639.555430 -661.686916 -685.878246 -679.547546 -666.384403 -650.252050 -661.468800 -665.896702 -667.165135 -678.722038 -691.761435 -707.014693 -703.394825 -688.542775 -671.505464 -667.447351 -662.187628 -654.095601 -654.143852 -660.952280 -671.736733 -666.756530 -654.682702 -640.813333 -619.472840 -597.932848 -576.787002 -557.294283 -533.477507 -505.532898 -472.971457 -431.350450 -381.942735 -342.715623 -301.505172 -264.848914 -241.838552 -228.578309 -213.162825 -189.106117 -171.033014
-244.475513 -265.600449 -297.630043 -358.090536 -435.810651 -500.733582 -540.747159 -577.167611 -611.464356 -632.042363 -649.308486 -666.395727 -682.824893 -700.603971 -717.787251 -734.353427 -754.034322 -778.370842 -770.383213 -754.897049 -738.943951 -737.719739 -740.416134 -741.787931 -748.772283 -762.662878 -780.022658 -770.962172 -755.181859 -740.104647 -732.325291 -727.074958 -720.043146 -723.974830 -733.664856 -744.690854 -737.110475 -722.440571 -709.692456 -694.182728 -675.027665 -655.635796 -636.471698 -615.912910 -595.018298 -570.618727 -544.062668 -514.822767 -483.402682 -447.401171 -404.823991 -376.213823 -347.454151 -321.673263 -289.572897 -262.391452
-411.104851 -454.558253 -494.850701 -538.784453 -584.605059 -615.853896 -644.709663 -671.564270 -698.388806 -718.659511 -733.964405 -738.732989 -749.694843 -767.324138 -775.291364 -788.485487 -811.824772 -808.885848 -802.901995 -785.578755 -785.684749 -785.753464 -789.702163 -788.732067 -793.156133 -811.968649 -803.242982 -796.073933 -780.664121 -773.089924 -766.331111 -761.573112 -757.961627 -759.731757 -771.540390 -768.837143 -762.465432 -748.244934 -740.630165 -728.700081 -709.886813 -696.756734 -680.657837 -661.780943 -642.113303 -620.728797 -597.359099 -570.604848 -545.219641 -522.718673 -511.263912 -496.429655 -484.307394 -486.891402 -460.550134 -430.270059
