tests/Borden05m/sims/sim_1/output-maps/psiliqL0027N0004.asc
ncols         160
nrows         34
xllcorner     620200.000000
yllcorner     5168000.000000
cellsize      0.500000
NODATA_value  -9999.0
[rows 0 to 24 of 34, columns 0 to 54 of 160]
-9999.0 -9999.0 -9999.0 -9999.0 -9999.0 -9999.0 -9999.0 -9999.0 -9999.0 -9999.0 -9999.0 -9999.0 -9999.0 -9999.0 -9999.0 -9999.0 -9999.0 -9999.0 -9999.0 -9999.0 -9999.0 -9999.0 -9999.0 -9999.0 -9999.0 -9999.0 -9999.0 -9999.0 -9999.0 -9999.0 -9999.0 -9999.0 -9999.0 -9999.0 -9999.0 -9999.0 -9999.0 -9999.0 -9999.0 -9999.0 -9999.0 -9999.0 -9999.0 -9999.0 -9999.0 -9999.0 -9999.0 -9999.0 -9999.0 -9999.0 -9999.0 -9999.0 -9999.0 -9999.0 -9999.0
-9999.0 -9999.0 -9999.0 -9999.0 -9999.0 -9999.0 -9999.0 -9999.0 -9999.0 -9999.0 -9999.0 -9999.0 -9999.0 -9999.0 -9999.0 -9999.0 -9999.0 -9999.0 -9999.0 -9999.0 -9999.0 -9999.0 -9999.0 -9999.0 -9999.0 -9999.0 -9999.0 -9999.0 -9999.0 -9999.0 -9999.0 -9999.0 -9999.0 -9999.0 -9999.0 -9999.0 -9999.0 -9999.0 -9999.0 -9999.0 -9999.0 -9999.0 -9999.0 -9999.0 -9999.0 -9999.0 -9999.0 -9999.0 -9999.0 -9999.0 -9999.0 -9999.0 -9999.0 -9999.0 -9999.0
-9999.0 -9999.0 -9999.0 -9999.0 -9999.0 -9999.0 -9999.0 -9999.0 -9999.0 -9999.0 -9999.0 -9999.0 -9999.0 -9999.0 -9999.0 -9999.0 -9999.0 -9999.0 -9999.0 -9999.0 -9999.0 -9999.0 -9999.0 -9999.0 -9999.0 -9999.0 -9999.0 -9999.0 -9999.0 -9999.0 -9999.0 -9999.0 -9999.0 -9999.0 -9999.0 -9999.0 -9999.0 -9999.0 -9999.0 -9999.0 -9999.0 -9999.0 -9999.0 -9999.0 -9999.0 -9999.0 -9999.0 3472.889344 3455.693744 3442.431833 3437.340644 3458.040715 3480.879667 3504.495899 3524.818507
-9999.0 -9999.0 -9999.0 -9999.0 -9999.0 -9999.0 -9999.0 -9999.0 -9999.0 -9999.0 -9999.0 -9999.0 -9999.0 -9999.0 -9999.0 -9999.0 -9999.0 -9999.0 -9999.0 -9999.0 -9999.0 -9999.0 -9999.0 -9999.0 -9999.0 -9999.0 -9999.0 -9999.0 -9999.0 -9999.0 -9999.0 -9999.0 -9999.0 -9999.0 -9999.0 -9999.0 -9999.0 -9999.0 -9999.0 -9999.0 3524.138553 3529.969189 3529.442325 3519.507056 3508.006396 3493.987765 3473.184524 3456.021128 3443.044040 3441.050718 3443.271346 3445.440573 3465.634466 3490.889997 3510.604068
-9999.0 -9999.0 -9999.0 -9999.0 -9999.0 -9999.0 -9999.0 -9999.0 -9999.0 -9999.0 -9999.0 -9999.0 -9999.0 -9999.0 -9999.0 -9999.0 -9999.0 -9999.0 -9999.0 -9999.0 -9999.0 -9999.0 -9999.0 -9999.0 -9999.0 -9999.0 -9999.0 -9999.0 -9999.0 -9999.0 -9999.0 -9999.0 -9999.0 -9999.0 3432.234339 3448.967432 3466.685835 3485.072978 3501.896122 3508.847209 3514.579686 3519.733918 3514.840407 3510.230275 3498.253960 3476.765197 3457.283886 3444.459061 3443.442809 3440.803230 3443.993308 3455.062409 3471.345992 3485.889329 3506.052445
-9999.0 -9999.0 -9999.0 -9999.0 -9999.0 -9999.0 -9999.0 -9999.0 -9999.0 -9999.0 -9999.0 -9999.0 -9999.0 -9999.0 -9999.0 -9999.0 -9999.0 -9999.0 -9999.0 -9999.0 -9999.0 -9999.0 -9999.0 -9999.0 -9999.0 -9999.0 -9999.0 -9999.0 3438.764727 3432.683765 3427.702459 3425.887548 3424.178770 3423.023505 3429.474020 3440.246736 3456.906032 3478.784414 3491.868640 3498.910709 3505.609549 3505.655300 3499.365193 3497.372187 3497.554356 3484.456021 3471.762630 3459.858229 3448.179674 3444.496257 3452.925309 3466.795297 3482.612742 3496.744912 3511.564199
-9999.0 -9999.0 -9999.0 -9999.0 -9999.0 -9999.0 -9999.0 -9999.0 -9999.0 -9999.0 -9999.0 -9999.0 -9999.0 -9999.0 -9999.0 -9999.0 -9999.0 -9999.0 -9999.0 -9999.0 -9999.0 -9999.0 -9999.0 3409.363157 3414.033002 3420.350399 3427.816874 3428.560273 3425.159731 3419.582819 3416.680237 3414.968369 3412.301250 3416.512939 3423.031342 3435.515632 3450.294684 3472.231378 3480.024493 3483.673226 3494.503344 3497.902204 3505.535282 3508.957461 3506.573240 3501.872595 3486.208682 3473.878700 3475.193526 3478.458328 3484.777128 3492.612833 3505.563407 3518.541667 3533.030067
-9999.0 -9999.0 -9999.0 -9999.0 -9999.0 -9999.0 -9999.0 -9999.0 -9999.0 -9999.0 -9999.0 -9999.0 -9999.0 -9999.0 -9999.0 -9999.0 -9999.0 -9999.0 -9999.0 3385.189838 3386.150346 3387.534878 3392.233999 3392.393992 3393.887474 3400.341659 3408.012039 3410.644584 3408.031049 3406.732404 3407.606282 3409.697897 3413.724397 3423.502392 3436.206254 3449.418033 3461.383033 3481.279652 3494.873399 3506.270482 3520.681963 3520.584503 3516.375075 3514.068280 3513.244154 3510.733593 3507.834886 3505.796053 3511.244776 3510.788246 3513.264889 3521.646163 3532.945849 3548.497454 3565.002092
-9999.0 -9999.0 -9999.0 -9999.0 -9999.0 -9999.0 -9999.0 -9999.0 -9999.0 -9999.0 -9999.0 -9999.0 -9999.0 -9999.0 -9999.0 -9999.0 3356.294306 3357.919390 3360.135630 3365.492143 3369.079927 3372.760806 3379.444243 3380.651421 3383.590468 3390.144473 3393.974627 3402.713533 3410.475526 3416.787131 3421.790020 3423.274748 3428.685408 3436.767513 3447.002240 3459.558696 3478.295980 3500.748089 3515.255611 3530.828813 3547.010986 3546.581200 3543.846042 3543.070482 3540.483179 3540.450929 3553.556181 3555.572907 3548.829636 3556.963467 3567.598915 3569.325604 3575.320345 3594.250419 3615.447627
-9999.0 -9999.0 -9999.0 -9999.0 -9999.0 -9999.0 -9999.0 -9999.0 -9999.0 -9999.0 -9999.0 -9999.0 -9999.0 3306.820077 3310.580834 3320.638355 3332.142948 3334.984165 3339.712599 3346.157627 3357.870068 3361.030484 3366.433678 3372.942127 3384.969406 3392.787009 3400.614445 3411.322693 3418.197968 3423.952782 3429.050152 3430.428391 3440.428062 3452.955644 3465.813464 3483.443923 3503.996495 3520.926693 3537.609124 3552.805087 3563.114966 3559.018205 3557.191681 3558.269644 3561.666972 3573.225709 3588.500595 3587.245321 3595.207065 3614.500876 3623.535468 3629.621834 3634.703320 3647.813667 3668.631166
-9999.0 -9999.0 -9999.0 -9999.0 -9999.0 -9999.0 -9999.0 -9999.0 -9999.0 -9999.0 3281.018131 3282.182920 3278.094071 3274.768224 3280.273479 3292.262592 3306.504811 3311.477150 3323.038291 3343.914977 3362.096979 3364.381617 3376.837464 3386.156845 3391.803129 3400.282791 3411.694138 3422.172874 3435.839472 3445.779100 3452.669665 3467.045671 3481.029643 3495.406403 3510.859228 3529.618296 3543.932598 3565.810208 3589.137003 3596.221412 3611.552595 3612.754658 3607.606198 3604.685218 3612.948026 3622.681198 3635.921046 3649.982835 3667.198964 3687.884934 3696.831710 3708.816225 3717.026574 3726.580949 3741.268698
-9999.0 -9999.0 -9999.0 -9999.0 -9999.0 -9999.0 -9999.0 -9999.0 3256.730663 3264.661400 3269.574869 3265.806006 3260.791671 3254.171578 3268.357058 3283.102527 3298.214053 3315.888417 3330.604158 3348.014020 3360.812573 3374.306392 3393.262027 3402.580198 3411.598927 3424.998751 3436.301778 3449.237830 3467.882601 3473.714157 3482.738641 3500.292033 3514.094545 3529.185439 3545.637188 3560.408268 3578.836859 3607.386844 3634.776974 3649.413882 3674.138675 3689.943998 3683.239651 3680.549763 3680.939616 3702.876406 3727.908544 3755.891346 3773.574776 3795.954040 3823.355008 3841.819802 3850.692542 3861.439966 3874.941392
-9999.0 -9999.0 -9999.0 -9999.0 -9999.0 -9999.0 3228.520843 3252.608234 3267.369163 3258.167473 3243.040465 3237.101620 3230.048775 3260.790526 3282.413473 3298.881762 3314.593754 3331.073264 3346.153190 3353.066276 3381.129802 3399.311433 3409.570948 3421.056168 3433.969149 3446.816273 3461.364977 3480.940518 3496.635147 3516.583173 3530.649945 3545.212013 3567.234325 3583.028217 3598.510915 3610.680033 3636.866261 3670.269792 3703.692698 3727.011026 3750.522376 3781.260182 3780.240500 3781.514871 3782.571159 3805.872247 3839.146139 3868.330130 3899.552605 3929.586636 3957.545046 3967.780278 3976.525209 3986.208632 3998.538464
-9999.0 -9999.0 -9999.0 -9999.0 3196.867403 3217.357554 3235.390153 3264.823748 3286.099323 3280.424513 3283.855868 3280.878494 3275.385610 3279.567100 3286.804569 3302.857239 3320.829756 3339.150085 3351.939091 3377.284360 3422.861494 3432.256940 3447.540121 3475.347361 3484.753754 3497.219030 3511.297805 3530.245888 3547.056945 3572.704932 3605.271142 3632.857583 3652.939925 3671.011807 3689.050882 3704.909916 3739.061513 3775.131181 3809.960290 3840.729718 3867.006381 3892.529576 3898.741474 3903.354669 3913.065465 3929.845763 3952.235415 3979.490913 4012.830924 4044.667739 4067.718380 4076.590269 4081.672347 4091.087013 4098.501241
-9999.0 -9999.0 -9999.0 3142.592074 3181.430208 3220.762703 3245.679697 3275.121688 3306.663636 3305.398816 3313.127164 3311.696086 3309.282217 3313.412851 3315.156967 3330.322867 3347.201738 3365.853955 3385.873573 3417.920125 3445.482906 3461.419017 3487.650318 3502.036920 3513.494732 3525.003073 3542.275007 3561.010975 3596.051996 3624.557349 3669.398405 3718.963682 3750.244435 3768.978702 3790.813066 3817.771546 3842.453557 3880.738831 3914.328091 3946.033271 3975.936962 3997.819946 4011.852256 4016.336666 4025.809385 4031.452956 4043.868771 4064.660672 4086.810003 4117.295357 4146.370011 4175.088816 4190.247868 4201.241931 4218.268177
-9999.0 -9999.0 3094.199245 3133.664036 3164.454208 3210.384369 3262.750430 3297.117934 3335.524962 3353.165107 3355.150884 3364.329565 3373.482726 3373.075078 3380.382592 3391.659863 3412.729219 3420.648629 3440.028791 3454.018706 3489.570744 3521.919011 3516.023117 3552.842454 3581.851157 3613.672602 3634.258365 3660.118220 3697.179863 3730.244382 3773.914265 3823.227678 3857.039038 3884.537186 3900.157478 3920.124212 3940.200671 3966.286388 4002.723092 4028.197442 4061.575911 4086.814880 4106.261174 4106.948398 4109.596196 4125.628247 4153.801052 4184.502873 4213.294662 4242.170371 4226.575878 4250.040136 4260.528546 4266.380283 4275.581292
-9999.0 -9999.0 3063.578131 3110.041192 3143.758953 3200.554185 3286.795653 3320.007943 3358.873720 3403.336226 3415.809007 3435.975732 3427.886370 3414.786619 3431.149708 3444.049530 3463.967306 3470.714412 3463.846387 3514.921252 3566.313564 3588.962901 3593.257704 3669.503506 3721.299198 3745.300597 3761.730070 3781.633544 3800.975978 3838.876981 3877.568471 3931.652798 3972.617838 4002.238942 4016.616723 4036.496219 4055.870552 4070.817588 4090.247137 4136.873730 4172.313325 4203.032499 4234.864076 4256.144577 4264.279569 4269.320600 4243.548338 4263.166288 4276.470362 4282.208326 4284.498653 4280.700624 4280.139733 4280.970013 4281.894470
-9999.0 2969.979349 3022.205047 3072.188140 3135.734262 3195.959732 3269.427170 3343.117284 3408.931782 3460.342667 3484.424841 3475.637859 3472.820233 3496.206376 3514.371597 3529.538963 3534.459377 3544.254298 3524.500786 3577.327147 3612.938092 3660.621604 3758.902986 3816.796301 3880.138951 3875.876396 3864.003220 3868.654343 3884.297886 3930.547475 4009.459914 4065.635713 4131.455871 4180.429453 4197.509474 4204.995451 4223.684491 4244.450548 4191.840157 4235.548766 4255.701923 4272.518153 4282.052130 4284.369943 4285.664449 4285.423392 4281.716437 4274.664445 4266.462921 4260.598039 4256.351710 4251.848690 4254.287433 4257.618841 4257.771288
-9999.0 2931.211316 2988.064074 3055.841450 3122.445186 3167.168407 3247.296548 3414.068048 3476.143452 3513.153509 3516.771844 3489.017025 3544.822100 3603.495030 3626.765763 3671.381259 3655.044377 3639.518041 3601.143609 3625.667816 3663.467345 3733.790993 3905.371058 3993.876775 4046.659474 4054.555967 4055.173451 4083.488387 4127.842349 4175.579156 4221.786058 4189.417451 4239.717665 4264.515007 4269.696845 4270.422190 4275.985992 4274.490892 4273.094210 4268.621124 4263.441054 4263.610522 4268.263360 4268.112264 4265.134123 4261.724742 4256.005116 4248.584090 4243.400080 4238.767394 4236.113961 4233.284116 4231.294915 4230.499511 4225.591954
-9999.0 2889.602962 2964.558525 3021.730733 3065.489504 3153.741672 3283.281901 3427.053659 3522.717821 3555.609210 3529.334443 3561.558400 3663.822690 3770.093371 3822.083449 3842.705698 3822.238964 3772.333150 3750.946795 3794.272687 3864.861713 3985.862856 4126.955386 4227.427591 4242.918726 4246.374533 4197.367955 4223.736756 4248.177292 4251.077578 4252.225171 4260.450396 4265.548904 4268.529114 4266.947471 4264.050790 4259.219282 4250.997102 4246.200462 4242.486474 4238.691699 4237.479728 4239.437886 4241.319102 4238.474173 4234.565365 4230.083395 4224.506620 4218.175296 4211.389020 4207.031421 4202.742087 4200.591112 4194.972753 4191.482850
-9999.0 2768.403084 2860.439033 2898.920116 2968.343117 3157.345923 3285.954854 3424.405092 3590.095184 3608.468786 3651.073408 3791.205742 3911.047007 3991.708641 4019.845701 4052.769569 4077.135712 4092.745123 4129.692669 4005.961129 4087.889208 4187.882046 4233.860854 4253.798930 4264.252239 4264.633424 4254.659315 4233.750521 4222.987600 4216.228288 4217.839370 4225.134715 4229.764341 4234.513403 4232.196898 4233.300310 4234.479895 4231.275791 4227.229127 4218.454681 4210.574663 4203.796482 4200.419100 4205.075015 4200.428654 4198.110555 4191.876128 4183.372846 4174.367080 4166.979091 4158.956402 4152.366452 4150.140470 4145.130806 4143.922790
-9999.0 2687.427827 2759.419303 2809.700257 2916.400214 3078.888826 3169.772306 3325.652999 3568.464181 3705.658468 3872.032690 3964.229163 4034.544863 4075.501750 4125.259842 4177.785785 4205.071395 4217.104934 4185.218690 4208.354168 4165.042868 4153.895611 4171.592740 4201.058185 4218.542298 4222.674678 4214.869420 4205.798930 4198.524484 4197.400908 4195.166032 4190.906985 4186.602073 4182.903399 4179.763666 4182.814274 4188.190940 4180.986661 4170.565431 4160.994859 4152.372031 4143.060772 4137.059352 4132.294226 4132.767706 4133.054119 4125.374030 4114.826795 4103.901053 4095.558649 4088.352446 4083.890808 4081.163110 4076.141739 4066.308581
-9999.0 2564.601926 2698.700695 2772.656973 2856.586254 2982.845006 3082.928545 3231.936764 3358.856438 3604.886064 3744.465466 3943.295146 3993.874404 4064.762561 4111.668958 4185.610346 4180.716134 4149.388194 4105.671629 4089.602641 4101.334422 4110.482745 4118.597993 4132.917226 4150.711275 4160.943008 4166.182761 4160.267003 4146.018437 4133.349852 4121.945109 4107.997613 4098.432195 4095.852848 4100.118954 4110.326672 4110.725144 4101.386641 4087.153957 4068.730760 4052.978376 4041.059254 4039.100577 4041.963278 4043.118891 4038.987592 4033.213254 4022.382866 4009.723514 3997.198892 3991.584488 3987.274462 3979.767235 3968.385182 3956.382446
-9999.0 -9999.0 2611.397157 2719.136946 2803.047162 2910.740491 2994.583309 3107.790299 3245.360512 3414.732098 3530.641652 3714.572157 3811.567625 3855.792064 3888.951664 3945.126606 3971.171510 4003.572278 3998.874155 4011.340120 4021.653890 4027.127122 4032.283998 4037.792128 4048.225380 4058.116063 4068.579507 4065.758569 4056.964421 4036.210476 4010.134724 3989.827122 3979.204526 3969.780088 3982.093215 3994.726889 3989.026850 3982.079608 3969.358790 3953.072280 3940.502061 3926.191509 3922.742066 3922.623983 3923.249508 3920.969447 3918.567886 3906.122028 3893.864414 3884.075965 3880.129016 3874.517048 3871.036228 3861.262855 3850.691736
-9999.0 -9999.0 2522.279050 2625.330375 2725.215002 2832.508862 2912.495256 2917.657005 3049.671294 3150.361810 3257.450198 3369.350728 3467.127275 3536.173226 3568.262851 3630.746164 3688.220939 3706.983565 3748.835069 3804.690021 3839.730863 3880.101609 3903.597736 3912.958583 3925.468415 3940.071451 3947.497292 3932.035812 3920.735235 3903.596934 3879.992171 3853.039703 3839.398058 3839.142979 3837.960546 3839.245626 3831.483641 3822.560425 3808.069824 3794.237236 3782.080355 3773.325583 3769.771938 3764.042116 3761.678838 3758.962586 3757.360659 3752.341699 3744.283740 3739.911389 3731.720139 3728.149356 3727.505016 3724.697860 3719.197393
