tests/Borden05m/sims/sim_1/output-maps/psiliqL0017N0007.asc
ncols         160
nrows         34
xllcorner     620200.000000
yllcorner     5168000.000000
cellsize      0.500000
NODATA_value  -9999.0
[rows 0 to 24 of 34, columns 0 to 54 of 160]
-9999.0 -9999.0 -9999.0 -9999.0 -9999.0 -9999.0 -9999.0 -9999.0 -9999.0 -9999.0 -9999.0 -9999.0 -9999.0 -9999.0 -9999.0 -9999.0 -9999.0 -9999.0 -9999.0 -9999.0 -9999.0 -9999.0 -9999.0 -9999.0 -9999.0 -9999.0 -9999.0 -9999.0 -9999.0 -9999.0 -9999.0 -9999.0 -9999.0 -9999.0 -9999.0 -9999.0 -9999.0 -9999.0 -9999.0 -9999.0 -9999.0 -9999.0 -9999.0 -9999.0 -9999.0 -9999.0 -9999.0 -9999.0 -9999.0 -9999.0 -9999.0 -9999.0 -9999.0 -9999.0 -9999.0
-9999.0 -9999.0 -9999.0 -9999.0 -9999.0 -9999.0 -9999.0 -9999.0 -9999.0 -9999.0 -9999.0 -9999.0 -9999.0 -9999.0 -9999.0 -9999.0 -9999.0 -9999.0 -9999.0 -9999.0 -9999.0 -9999.0 -9999.0 -9999.0 -9999.0 -9999.0 -9999.0 -9999.0 -9999.0 -9999.0 -9999.0 -9999.0 -9999.0 -9999.0 -9999.0 -9999.0 -9999.0 -9999.0 -9999.0 -9999.0 -9999.0 -9999.0 -9999.0 -9999.0 -9999.0 -9999.0 -9999.0 -9999.0 -9999.0 -9999.0 -9999.0 -9999.0 -9999.0 -9999.0 -9999.0
-9999.0 -9999.0 -9999.0 -9999.0 -9999.0 -9999.0 -9999.0 -9999.0 -9999.0 -9999.0 -9999.0 -9999.0 -9999.0 -9999.0 -9999.0 -9999.0 -9999.0 -9999.0 -9999.0 -9999.0 -9999.0 -9999.0 -9999.0 -9999.0 -9999.0 -9999.0 -9999.0 -9999.0 -9999.0 -9999.0 -9999.0 -9999.0 -9999.0 -9999.0 -9999.0 -9999.0 -9999.0 -9999.0 -9999.0 -9999.0 -9999.0 -9999.0 -9999.0 -9999.0 -9999.0 -9999.0 -9999.0 1503.621111 1486.600879 1472.016503 1469.425641 1491.971059 1515.779351 1540.103159 1561.169627
-9999.0 -9999.0 -9999.0 -9999.0 -9999.0 -9999.0 -9999.0 -9999.0 -9999.0 -9999.0 -9999.0 -9999.0 -9999.0 -9999.0 -9999.0 -9999.0 -9999.0 -9999.0 -9999.0 -9999.0 -9999.0 -9999.0 -9999.0 -9999.0 -9999.0 -9999.0 -9999.0 -9999.0 -9999.0 -9999.0 -9999.0 -9999.0 -9999.0 -9999.0 -9999.0 -9999.0 -9999.0 -9999.0 -9999.0 -9999.0 1550.661523 1556.810049 1557.932829 1548.097544 1537.323193 1525.089285 1505.244948 1487.791632 1473.837090 1471.973026 1475.103123 1479.984195 1502.517752 1527.983326 1548.285512
-9999.0 -9999.0 -9999.0 -9999.0 -9999.0 -9999.0 -9999.0 -9999.0 -9999.0 -9999.0 -9999.0 -9999.0 -9999.0 -9999.0 -9999.0 -9999.0 -9999.0 -9999.0 -9999.0 -9999.0 -9999.0 -9999.0 -9999.0 -9999.0 -9999.0 -9999.0 -9999.0 -9999.0 -9999.0 -9999.0 -9999.0 -9999.0 -9999.0 -9999.0 1456.687961 1474.246449 1492.709868 1511.657189 1528.955736 1536.231277 1542.266991 1548.239889 1544.427617 1540.378340 1529.475516 1510.298841 1491.364449 1478.339957 1477.114099 1475.270799 1479.977797 1493.075256 1510.467948 1526.939362 1548.376565
-9999.0 -9999.0 -9999.0 -9999.0 -9999.0 -9999.0 -9999.0 -9999.0 -9999.0 -9999.0 -9999.0 -9999.0 -9999.0 -9999.0 -9999.0 -9999.0 -9999.0 -9999.0 -9999.0 -9999.0 -9999.0 -9999.0 -9999.0 -9999.0 -9999.0 -9999.0 -9999.0 -9999.0 1459.310564 1453.697626 1449.190532 1448.220758 1447.439133 1446.892910 1454.020660 1466.231417 1484.483096 1506.870543 1520.531263 1528.337625 1535.579760 1536.761816 1532.082342 1530.828435 1531.885328 1520.484941 1509.305891 1498.892154 1488.858149 1487.576038 1497.702997 1512.640306 1529.635989 1545.180699 1561.302319
-9999.0 -9999.0 -9999.0 -9999.0 -9999.0 -9999.0 -9999.0 -9999.0 -9999.0 -9999.0 -9999.0 -9999.0 -9999.0 -9999.0 -9999.0 -9999.0 -9999.0 -9999.0 -9999.0 -9999.0 -9999.0 -9999.0 -9999.0 1428.126585 1433.892943 1440.796800 1448.764104 1450.139383 1446.646904 1441.573814 1439.210831 1438.361936 1437.131228 1442.265015 1450.614879 1464.627205 1480.951144 1503.656319 1512.872865 1519.143063 1531.826141 1535.595503 1542.712093 1547.534258 1546.589351 1544.192165 1531.812407 1522.697006 1527.754035 1533.957979 1541.669840 1550.657943 1564.978882 1580.746291 1598.342413
-9999.0 -9999.0 -9999.0 -9999.0 -9999.0 -9999.0 -9999.0 -9999.0 -9999.0 -9999.0 -9999.0 -9999.0 -9999.0 -9999.0 -9999.0 -9999.0 -9999.0 -9999.0 -9999.0 1402.596976 1403.761181 1405.346150 1410.411173 1411.352388 1413.755093 1421.138440 1429.766661 1432.831795 1431.528662 1430.852458 1433.009434 1436.419906 1441.596122 1453.427126 1467.898742 1482.810760 1497.207979 1518.883852 1534.403862 1548.498166 1565.161273 1565.717010 1562.763244 1561.956665 1563.290059 1564.014959 1567.579577 1570.340950 1577.641149 1582.321892 1588.971619 1599.332794 1612.039885 1630.849501 1651.071841
-9999.0 -9999.0 -9999.0 -9999.0 -9999.0 -9999.0 -9999.0 -9999.0 -9999.0 -9999.0 -9999.0 -9999.0 -9999.0 -9999.0 -9999.0 -9999.0 1373.514319 1375.546891 1378.070358 1383.708338 1387.130647 1391.502772 1398.883042 1400.646669 1404.832605 1412.526102 1417.921179 1427.520076 1436.357275 1444.355070 1451.086176 1454.543691 1462.621445 1473.045468 1485.732367 1501.577916 1523.671411 1547.895640 1565.044688 1582.893188 1601.086644 1602.798206 1602.700473 1604.795500 1605.995125 1612.305168 1630.232692 1636.647682 1637.526833 1653.554785 1668.294643 1674.127412 1682.936774 1703.431121 1727.924179
-9999.0 -9999.0 -9999.0 -9999.0 -9999.0 -9999.0 -9999.0 -9999.0 -9999.0 -9999.0 -9999.0 -9999.0 -9999.0 1325.938689 1330.288118 1340.340353 1350.426734 1353.426524 1358.268371 1364.892728 1377.528721 1381.667920 1388.388538 1396.462951 1409.188347 1418.517883 1428.341541 1440.944017 1450.091019 1458.140172 1465.954424 1471.905262 1485.768869 1501.804016 1518.372433 1539.523486 1562.748057 1584.053948 1605.281194 1622.579850 1637.129106 1639.332271 1639.802689 1643.580041 1652.063458 1669.808150 1689.717431 1698.369905 1716.207318 1740.333507 1754.673084 1766.872417 1776.443231 1791.404200 1814.086731
-9999.0 -9999.0 -9999.0 -9999.0 -9999.0 -9999.0 -9999.0 -9999.0 -9999.0 -9999.0 1293.581035 1295.996109 1292.912162 1292.457967 1298.133206 1310.742014 1325.104780 1331.912922 1344.109877 1365.681492 1384.270937 1388.330368 1403.301190 1414.288349 1421.865890 1433.084965 1447.067301 1460.659722 1478.155798 1491.547531 1503.662745 1523.685377 1541.332867 1559.220063 1578.386425 1600.275213 1620.880934 1649.928938 1678.208482 1691.857048 1714.576519 1725.368163 1724.048583 1725.594750 1736.578776 1753.528480 1775.392419 1799.182188 1822.386677 1849.128163 1866.938718 1882.804777 1894.867530 1908.413145 1925.767777
-9999.0 -9999.0 -9999.0 -9999.0 -9999.0 -9999.0 -9999.0 -9999.0 1268.402481 1276.235288 1282.611518 1280.033954 1276.072229 1272.252753 1286.754983 1303.077020 1319.675916 1338.074640 1354.635025 1373.545497 1389.280206 1406.003248 1426.793446 1439.251675 1451.707892 1468.064839 1482.775804 1500.650442 1523.094807 1536.207698 1553.246992 1575.837727 1595.570122 1615.236340 1635.872312 1655.806718 1683.068066 1718.026121 1751.480434 1774.885337 1804.381597 1828.086373 1828.435744 1832.241199 1838.314611 1865.756272 1896.775140 1929.463421 1955.942579 1984.849584 2016.161492 2036.245585 2048.309024 2062.147772 2078.611508
-9999.0 -9999.0 -9999.0 -9999.0 -9999.0 -9999.0 1240.236989 1264.853074 1280.397090 1272.873291 1262.626453 1259.297380 1255.479367 1281.241929 1304.032837 1322.071282 1339.729522 1358.164254 1375.513869 1388.446622 1422.264278 1441.488137 1456.475902 1474.747102 1490.659956 1506.678025 1525.409266 1549.960968 1572.597777 1602.462479 1628.187754 1652.650073 1680.605246 1702.235823 1723.212985 1743.130227 1776.228636 1815.559512 1854.322488 1884.702399 1913.672962 1946.865694 1954.795015 1962.077622 1970.481512 1994.486460 2028.931066 2061.507387 2097.222373 2131.199393 2160.273202 2173.849478 2185.499271 2197.800114 2212.207957
-9999.0 -9999.0 -9999.0 -9999.0 1206.314195 1227.497176 1247.692387 1278.771303 1301.855633 1297.629210 1304.655992 1305.253117 1303.826841 1308.902574 1317.164342 1336.071204 1355.800974 1375.864637 1394.051050 1428.482317 1474.393647 1490.352190 1514.615494 1547.618994 1562.479754 1579.348611 1597.419024 1621.979271 1649.140691 1683.549148 1727.532684 1765.419734 1792.874206 1817.810267 1841.525333 1865.419261 1902.583618 1943.062932 1982.545753 2018.836881 2050.504360 2078.600020 2092.152861 2101.626469 2115.322231 2134.081077 2157.916874 2187.525215 2221.192830 2254.900545 2281.030950 2295.014424 2303.449439 2314.713749 2325.239363
-9999.0 -9999.0 -9999.0 1155.625770 1194.660129 1233.277172 1260.578078 1292.068175 1325.121695 1329.829349 1339.912177 1345.050184 1349.974737 1359.190110 1367.930112 1386.158255 1403.989963 1422.001268 1445.298687 1482.790313 1518.099968 1547.029005 1579.908325 1606.357054 1627.556677 1645.071342 1665.960531 1691.592290 1733.143476 1771.569016 1823.417788 1878.588693 1917.147343 1943.561396 1968.969144 1999.370926 2027.407501 2067.068941 2104.568650 2140.022515 2173.836524 2200.043525 2219.640034 2228.450280 2239.823263 2249.689914 2266.911191 2289.910289 2313.294337 2343.672847 2373.277630 2400.158385 2415.305316 2426.134527 2442.733452
-9999.0 -9999.0 1107.964662 1146.347744 1180.226390 1230.249110 1283.948655 1319.442230 1361.191385 1385.414353 1393.063639 1410.517824 1427.199155 1434.899587 1450.699736 1468.485010 1488.544722 1497.310521 1516.493140 1545.650617 1594.565162 1639.530970 1657.639038 1708.205274 1743.247785 1774.464878 1795.666021 1825.112183 1863.730949 1906.397997 1956.708854 2009.180872 2049.482836 2082.837978 2102.266642 2124.772619 2149.715044 2177.040468 2213.922752 2244.192886 2277.817506 2305.222516 2327.821280 2334.775022 2340.710256 2357.888429 2384.349048 2412.795698 2439.288862 2464.878602 2465.666308 2480.762749 2488.154281 2492.665600 2498.803785
-9999.0 -9999.0 1080.504052 1126.005461 1165.554227 1230.925059 1312.968965 1350.784817 1394.684426 1442.367960 1462.235066 1488.417870 1499.146474 1506.932691 1531.284611 1553.966410 1569.717465 1578.494789 1579.055192 1635.785376 1694.935240 1742.390239 1783.595284 1854.775920 1904.213961 1925.483660 1942.128273 1965.767072 1992.249915 2036.900930 2085.049386 2140.371096 2186.026196 2219.230232 2237.645254 2258.677306 2280.957289 2300.238795 2321.253742 2363.555664 2394.381557 2422.412430 2451.216111 2472.586208 2481.938082 2486.943309 2474.794491 2487.868963 2497.165980 2502.016461 2504.595213 2502.370700 2502.716887 2504.190488 2505.717576
-9999.0 990.469287 1042.883167 1095.855513 1164.374086 1231.253319 1313.892755 1394.362567 1455.208172 1505.975467 1537.321639 1549.027470 1581.495651 1623.411136 1650.708212 1677.688756 1683.499631 1691.836026 1682.564256 1734.066067 1783.490132 1855.055401 1964.450391 2023.879473 2075.131307 2079.514049 2076.874452 2091.011417 2115.903771 2162.228398 2233.722073 2284.805470 2342.382115 2386.726783 2404.511206 2413.574012 2433.109108 2454.673443 2435.820801 2463.886626 2477.792278 2489.412608 2494.618860 2497.706209 2500.137017 2501.663090 2499.883780 2494.926551 2488.531039 2484.219391 2481.265644 2477.667905 2480.755079 2484.465800 2485.349804
-9999.0 954.396406 1013.622826 1084.873246 1155.826818 1220.434560 1320.996055 1470.527693 1528.554966 1569.364398 1592.806234 1610.330326 1688.127202 1756.674421 1792.340372 1839.657311 1835.119775 1826.506384 1811.166284 1844.836874 1894.428564 1969.843148 2119.293616 2206.903887 2243.076884 2257.222849 2266.605976 2296.461165 2337.178883 2378.420110 2416.213724 2412.082368 2445.212413 2463.125170 2469.716862 2473.458861 2479.571214 2481.462303 2481.579095 2479.636689 2476.634980 2478.335615 2483.769317 2484.833565 2483.297195 2481.463125 2477.176391 2470.898987 2466.555202 2462.907227 2460.991199 2458.641612 2457.350285 2457.341959 2452.829322
-9999.0 922.510863 994.691229 1057.603147 1119.484879 1230.283770 1358.666625 1498.026669 1594.652515 1635.893750 1655.308932 1723.195135 1829.291599 1931.847336 1987.700273 2015.831959 2016.568662 1993.423710 1994.950835 2041.643315 2109.591474 2208.651712 2311.637076 2395.700432 2413.194498 2420.765844 2398.697249 2418.089765 2436.149623 2442.147650 2446.745339 2454.054649 2462.038465 2467.561746 2468.839414 2468.419272 2465.928703 2459.924248 2456.662154 2454.679741 2452.318612 2452.645731 2455.894591 2457.964558 2456.201027 2453.262274 2449.677947 2444.876044 2439.427570 2433.508449 2430.074790 2426.405355 2424.369396 2419.185913 2414.507914
-9999.0 818.052299 908.289042 960.801885 1068.006399 1246.320513 1375.246471 1525.733916 1679.021541 1719.417168 1794.625796 1924.533504 2038.564921 2119.300484 2162.294852 2206.194938 2237.596590 2262.541341 2300.334459 2245.947491 2309.336403 2377.138558 2409.191360 2426.412373 2433.915996 2438.959858 2434.600626 2418.908178 2412.047564 2408.660834 2413.236639 2423.000063 2430.483057 2437.756185 2437.468469 2439.745546 2441.409133 2439.144656 2436.213322 2428.685579 2421.660952 2416.156494 2414.361567 2419.770311 2415.414907 2413.022977 2407.687769 2400.245762 2391.936944 2384.928611 2377.656460 2371.196152 2368.369659 2362.355879 2359.811027
-9999.0 737.196992 813.405649 897.122244 1030.458722 1195.879520 1320.483657 1488.448438 1706.719562 1832.103559 1970.625024 2053.736009 2133.421196 2196.589744 2261.252026 2313.311384 2342.371173 2356.346560 2345.368859 2361.693998 2331.200694 2327.180487 2348.205145 2378.456004 2395.924993 2403.350901 2398.478857 2391.396285 2387.046478 2388.395207 2388.974436 2388.628588 2387.860822 2386.701339 2384.776197 2387.941948 2393.418646 2387.653095 2378.816161 2370.494396 2362.870856 2354.293942 2348.576525 2344.795334 2344.081842 2344.181393 2337.116814 2327.338359 2317.413517 2309.735848 2302.476631 2297.098654 2293.992786 2287.961951 2277.955728
-9999.0 634.250690 758.158434 849.067841 966.117865 1102.674633 1226.464112 1390.476343 1539.165055 1768.651697 1929.169302 2060.512479 2111.236972 2178.420200 2240.352980 2313.186244 2320.339814 2295.368232 2264.882198 2253.707702 2263.794213 2276.339909 2291.161969 2312.124779 2332.218465 2344.546135 2349.809394 2344.940748 2333.147504 2324.581636 2318.022909 2308.348614 2301.628227 2300.889445 2303.058147 2311.324917 2313.459698 2304.627126 2291.569769 2274.785774 2259.964103 2248.539336 2245.266425 2246.440382 2246.385244 2242.582897 2236.127129 2225.852180 2213.729607 2202.141068 2195.228565 2189.786572 2182.031288 2170.422572 2157.015361
-9999.0 -9999.0 680.820077 791.785802 897.762731 1019.420295 1131.231222 1271.926057 1423.574210 1607.230058 1730.101346 1876.838101 1960.441780 2011.783733 2063.091253 2122.522258 2147.197506 2173.196405 2163.236803 2172.715548 2183.055037 2191.595313 2202.713240 2215.299879 2230.191329 2242.281988 2252.443052 2251.731632 2243.919828 2226.885596 2206.009837 2189.990920 2181.216242 2174.088264 2184.199499 2195.845934 2192.311013 2185.532974 2173.151808 2156.593843 2142.838659 2128.068639 2123.388934 2122.721689 2122.247843 2119.030738 2114.731556 2101.896210 2089.161357 2077.765881 2072.402321 2065.914021 2060.091512 2048.252385 2035.122587
-9999.0 -9999.0 595.683796 703.917088 816.653011 939.901700 1038.422724 1103.147208 1254.898619 1372.007553 1481.245270 1586.941865 1677.097907 1746.062815 1791.687851 1856.637241 1904.562454 1924.560235 1952.351448 1990.333811 2020.483988 2053.089776 2074.730056 2089.011574 2104.812060 2120.260997 2130.128837 2118.775600 2108.487214 2092.236703 2070.807358 2047.152272 2034.969210 2032.184807 2033.587294 2037.670948 2031.372969 2021.773981 2007.102241 1991.327378 1977.624710 1965.782847 1960.654411 1955.710756 1953.291967 1949.790682 1946.460234 1938.355348 1927.642562 1920.536734 1911.949792 1906.000787 1902.665926 1895.732878 1885.902040
