tests/Borden05m/sims/sim_1/output-maps/psiliqL0020N0008.asc
ncols         160
nrows         34
xllcorner     620200.000000
yllcorner     5168000.000000
cellsize      0.500000
NODATA_value  -9999.0
[rows 0 to 24 of 34, columns 55 to 109 of 160]
-9999.0 -9999.0 -9999.0 -9999.0 -9999.0 -9999.0 -9999.0 -9999.0 -9999.0 -9999.0 -9999.0 -9999.0 -9999.0 -9999.0 -9999.0 -9999.0 -9999.0 -9999.0 -9999.0 -9999.0 -9999.0 -9999.0 -9999.0 -9999.0 -9999.0 -9999.0 -9999.0 -9999.0 -9999.0 -9999.0 -9999.0 -9999.0 -9999.0 -9999.0 -9999.0 -9999.0 -9999.0 -9999.0 -9999.0 -9999.0 -9999.0 -9999.0 -9999.0 -9999.0 -9999.0 -9999.0 -9999.0 -9999.0 -9999.0 -9999.0 -9999.0 -9999.0 -9999.0 -9999.0 -9999.0
-9999.0 -9999.0 -9999.0 -9999.0 2241.657454 2236.460473 2231.857586 2227.711942 2219.716729 2211.108499 2203.669855 2200.263042 2199.898704 2199.774345 2199.951179 2205.684018 2214.393922 2222.664364 2230.261941 2233.207128 2236.197957 2238.879687 2239.915263 2239.446939 2236.957794 2234.432514 2231.663113 2230.575616 2223.341000 2212.476100 2204.229702 2201.709798 2206.103749 2210.531018 2212.980775 2218.347323 2228.645759 2238.922409 2246.789931 2258.267563 2263.928490 2268.315079 2270.170166 2265.200037 2260.909525 2256.249408 2250.038561 2238.641950 -9999.0 -9999.0 -9999.0 -9999.0 -9999.0 -9999.0 -9999.0
2187.347162 2206.545659 2227.435252 2230.809279 2219.068490 2214.259642 2211.457507 2210.142382 2206.208262 2198.287562 2193.781917 2189.023861 2187.423011 2188.150627 2188.830357 2193.421644 2204.622021 2213.187079 2218.507573 2221.761009 2225.151615 2224.850556 2224.899052 2225.353778 2223.172141 2220.376609 2217.595991 2216.306938 2217.750041 2210.536846 2205.065585 2201.582245 2199.318408 2201.968838 2204.516808 2208.455740 2217.553465 2225.216043 2232.736845 2246.736217 2258.760116 2263.362131 2259.869097 2254.077225 2249.268397 2241.333644 2230.315925 2219.736610 2210.910052 2203.744953 2197.354585 2190.166941 2195.234713 2201.367986 2209.845199
2172.907782 2192.771850 2213.634507 2216.743658 2206.523485 2198.944006 2193.468068 2194.451434 2198.187496 2195.543033 2191.549915 2185.777754 2195.786618 2197.636631 2199.284966 2203.286080 2206.516761 2211.456450 2214.730376 2220.760174 2230.400029 2233.878454 2235.122568 2235.993643 2234.843091 2232.364147 2231.127067 2228.929290 2224.179451 2223.094877 2223.324692 2222.702770 2227.281622 2228.792904 2231.180109 2225.078480 2228.921469 2234.844521 2241.295886 2246.731851 2252.368503 2254.629202 2250.268334 2248.993169 2239.391101 2224.556862 2213.161257 2204.365744 2202.801743 2198.729726 2189.693294 2175.209433 2181.687595 2196.273298 2199.768162
2181.037562 2190.864792 2202.658847 2206.005048 2201.562681 2203.984253 2206.359723 2208.434265 2207.493537 2205.028473 2202.583902 2214.749447 2224.300709 2226.654234 2230.100684 2234.717335 2235.763847 2225.228073 2223.775034 2232.228150 2242.896852 2249.132407 2250.200341 2250.864162 2248.811304 2248.546291 2249.005693 2247.677508 2248.277515 2250.641239 2249.612448 2253.536810 2259.251591 2262.581410 2256.022518 2247.184037 2248.647897 2256.609116 2265.138855 2272.121379 2281.713245 2291.683293 2290.096305 2283.657609 2273.413319 2258.922928 2234.499928 2214.722983 2202.428365 2193.426230 2184.790667 2184.952314 2179.554503 2190.754802 2191.113401
2177.528275 2197.446462 2218.844204 2226.460907 2221.328468 2217.828455 2216.763941 2218.353143 2218.846735 2221.442303 2232.840013 2246.519573 2260.430240 2263.755890 2266.749420 2266.582951 2258.943732 2249.425972 2247.073218 2261.918111 2279.577491 2288.670693 2289.766044 2288.198694 2294.105984 2294.534619 2294.901463 2291.612832 2293.564391 2293.423618 2301.248586 2309.119893 2316.808299 2315.329588 2303.076785 2291.108057 2290.269938 2294.308335 2299.268273 2305.636001 2314.920013 2323.104438 2316.715638 2308.993709 2298.625019 2269.744080 2242.933263 2225.697042 2224.122971 2222.825455 2216.484563 2212.233016 2208.547880 2201.467539 2199.776267
2224.685572 2246.055911 2267.564845 2282.971766 2278.086917 2271.424156 2263.274604 2264.737400 2267.463033 2275.457490 2288.151124 2304.167801 2328.022324 2330.060316 2332.634350 2333.940826 2322.739839 2310.871009 2301.294329 2322.335144 2334.088010 2342.992730 2343.639056 2352.232978 2362.694884 2359.861404 2353.841359 2343.536371 2350.169091 2359.649801 2375.097181 2382.691493 2387.378592 2384.371758 2371.801935 2365.539139 2365.651286 2369.954477 2369.101296 2375.158640 2383.603746 2397.201030 2394.580960 2386.710100 2363.589893 2324.605894 2290.675273 2272.011836 2278.679314 2270.283742 2261.308082 2257.420269 2243.031863 2232.181738 2231.669353
2274.764610 2291.880081 2310.495312 2328.988167 2323.247442 2314.132634 2300.412096 2299.763702 2306.739882 2318.107857 2337.510834 2358.874629 2381.638097 2385.805236 2384.656162 2394.919077 2389.388017 2380.284776 2373.444821 2391.023741 2403.133042 2415.069957 2424.054310 2438.200971 2450.581853 2438.702833 2425.250009 2418.325352 2425.240926 2448.535843 2468.807933 2473.931933 2474.043768 2474.820964 2462.485471 2456.955151 2452.304348 2450.053472 2445.641832 2442.094881 2462.953136 2480.574398 2477.809522 2453.375216 2427.845017 2387.846380 2347.882183 2317.471907 2321.720957 2316.299520 2315.231503 2300.593033 2284.868063 2271.008388 2262.581944
2349.065732 2375.745108 2395.533273 2418.064709 2414.955509 2396.299147 2385.488384 2390.376792 2404.728358 2413.612334 2431.788683 2453.203603 2482.515307 2499.842762 2515.774618 2521.618676 2514.148372 2506.154619 2494.619757 2497.621502 2519.761853 2534.226563 2545.651646 2556.930188 2571.083170 2575.350936 2571.744925 2571.589015 2576.195272 2587.115019 2599.267181 2606.157604 2610.181922 2613.158339 2604.329640 2593.104177 2590.271573 2583.601225 2579.629686 2577.460927 2583.672458 2598.180983 2593.525233 2559.597102 2529.888548 2492.626927 2452.557557 2419.919170 2406.013716 2416.397896 2407.852596 2388.412791 2371.363915 2338.913615 2325.941868
2442.024283 2477.792484 2505.210414 2520.152772 2532.066336 2523.470140 2524.457116 2529.789936 2538.875438 2544.130258 2552.384369 2585.552701 2619.697998 2647.303282 2671.575272 2680.451741 2669.797253 2660.856226 2649.108727 2641.280486 2650.623278 2668.493631 2687.571627 2704.605160 2717.486849 2721.662624 2721.261315 2722.429654 2725.961466 2729.310983 2733.318827 2740.981285 2748.906731 2760.796620 2770.686381 2762.268479 2743.255354 2732.641860 2721.382898 2718.198833 2717.350593 2717.192529 2715.792323 2700.926624 2661.254229 2628.413415 2594.800514 2568.691336 2549.242305 2539.669708 2516.992791 2491.019337 2439.840272 2399.018354 2363.656963
2553.262136 2597.641802 2628.415791 2650.387958 2665.711666 2666.746734 2670.050535 2672.977314 2678.848877 2683.692576 2689.526178 2715.293802 2758.259079 2797.720840 2829.007768 2831.465881 2820.434279 2810.336471 2801.623271 2790.142833 2787.897397 2799.942002 2815.055280 2835.001911 2847.275499 2855.918068 2852.942976 2854.131286 2857.715077 2858.712243 2860.806052 2863.998182 2872.889872 2887.244918 2900.614176 2900.733251 2884.408797 2868.973529 2852.707000 2847.939502 2843.274963 2836.850135 2836.569970 2835.826851 2821.373192 2790.043909 2747.102133 2703.408250 2679.817823 2659.236716 2644.429901 2625.982432 2589.392551 2525.862440 2487.737679
2686.772438 2720.185111 2754.144171 2786.425767 2804.012860 2809.665580 2809.375387 2810.505870 2818.577844 2823.775238 2832.022382 2847.483485 2876.778983 2910.013631 2938.898836 2955.635944 2950.264189 2935.469949 2916.422467 2909.761754 2908.872258 2913.195035 2922.852220 2934.946419 2953.874387 2972.706152 2811.771999 2812.725390 2979.376490 2812.550830 2810.722410 2810.856441 2813.026754 2819.934135 2828.579107 2831.618692 2828.459787 2981.163436 2959.242226 2946.527006 2938.711564 2933.996746 2932.395653 2934.136008 2933.748984 2918.289576 2885.111092 2841.917900 2808.618361 2788.425079 2771.239458 2751.635094 2736.677129 2706.564278 2684.026324
2815.292966 2831.937217 2860.981309 2889.885957 2912.234427 2928.128021 2930.738505 2935.548047 2941.005033 2950.072716 2965.953838 2823.334006 2836.796115 2856.748032 2880.847292 2895.389848 2900.769515 2899.959801 2897.140247 2898.640549 2898.982650 2851.806742 2856.765355 2861.681700 2874.647182 2886.947766 2888.136172 2888.676067 2890.023352 2888.396179 2888.984623 2889.058678 2888.767417 2890.147265 2893.998320 2895.466125 2893.718655 2886.947168 2898.805410 2880.213663 2867.521832 2859.683442 2851.705003 2843.344483 2833.903468 2827.507672 2981.783137 2951.407921 2916.404503 2892.529785 2881.186449 2872.025185 2861.650078 2853.334334 2834.550945
2926.768217 2939.331798 2957.829762 2980.342179 2841.590073 2859.455321 2870.230370 2879.033074 2883.616673 2896.661837 2911.708747 2897.040411 2903.294336 2909.814601 2916.273599 2918.487023 2919.116366 2918.822410 2916.525712 2915.956083 2913.900407 2909.998403 2900.033261 2901.612329 2903.381302 2905.955454 2909.566197 2908.391109 2909.481208 2912.423871 2910.850100 2905.148773 2901.372243 2899.863438 2900.673015 2907.974689 2911.319801 2912.265377 2909.948427 2909.183311 2908.476655 2905.935683 2902.724410 2898.158148 2892.282670 2902.203853 2894.399176 2868.656570 2835.363167 2975.448657 2963.807584 2961.107919 2959.062464 2954.726549 2946.784860
2875.639029 2888.511871 2902.457931 2888.414606 2902.013052 2910.635382 2914.688154 2918.068037 2920.592334 2922.777452 2919.629187 2916.376918 2911.567356 2910.097644 2908.726470 2906.266348 2906.846368 2904.904723 2900.909518 2897.111333 2889.881760 2878.748535 2867.560143 2864.438090 2868.824994 2874.135708 2878.886217 2882.765048 2886.299942 2886.793372 2881.731555 2873.697610 2866.494514 2864.814239 2871.535606 2877.222759 2883.234313 2884.096450 2882.822498 2880.673670 2880.751036 2877.962299 2878.381509 2885.192058 2899.195565 2903.109671 2907.562213 2906.865047 2894.285838 2874.876272 2878.492254 2858.886173 2863.796007 2859.190933 2847.920979
2912.415192 2914.634122 2913.496404 2912.176035 2906.016308 2900.107483 2899.317024 2903.167385 2909.973520 2911.006955 2903.926053 2895.483758 2888.348681 2881.177832 2878.859096 2877.916727 2877.412673 2877.671423 2872.371269 2863.810839 2851.010862 2839.523892 2828.410942 2822.408960 2819.349912 2823.333050 2833.823533 2844.770735 2849.575834 2841.435604 2833.526813 2822.381087 2814.485123 2814.946747 2816.579027 2825.898698 2841.509927 2847.890162 2848.786207 2843.109712 2837.686314 2831.586630 2829.144800 2835.811811 2850.862934 2863.204013 2877.769540 2886.412855 2893.885842 2900.681313 2901.272626 2903.281385 2904.364513 2902.664844 2903.820625
2906.975170 2900.281214 2893.571097 2888.446310 2881.966727 2876.524040 2874.661019 2876.631402 2878.812074 2874.903622 2868.357406 2861.721046 2850.699235 2840.900710 2833.748559 2834.470974 2836.543663 2837.749725 2830.842084 2819.374115 2971.843578 2958.193002 2943.986542 2939.568193 2933.537657 2926.658502 2936.181831 2954.073131 2960.551305 2945.623308 2935.531736 2921.437084 2915.391371 2912.798209 2915.040074 2925.407206 2948.089858 2971.651560 2975.143155 2966.745218 2958.629787 2956.176166 2955.385305 2962.641105 2981.328464 2815.785960 2827.597387 2837.630431 2843.148314 2851.103800 2860.511159 2870.115122 2884.019112 2895.657170 2901.808934
2882.908944 2875.246816 2867.631091 2860.071705 2853.218102 2850.649911 2846.265190 2844.024157 2840.391411 2834.167794 2830.451543 2985.115643 2970.790320 2956.072994 2939.489205 2933.610006 2927.606753 2927.300018 2914.865734 2905.513076 2889.540450 2873.928690 2857.425267 2844.563157 2838.007817 2830.802283 2830.633645 2844.099303 2852.264589 2841.151071 2831.493896 2820.573951 2816.254883 2814.022332 2817.561365 2829.394730 2851.583868 2871.816849 2881.623137 2876.310474 2875.986214 2878.127929 2879.476174 2887.965219 2902.297341 2921.988570 2945.804369 2965.825403 2977.643885 2986.748465 2997.729020 2821.882647 2832.112805 2846.139330 2863.541116
2852.588929 2847.065134 2837.245367 2827.655080 2820.849098 2988.675584 2980.221702 2979.690563 2970.680761 2961.849183 2939.326383 2886.418937 2863.593802 2842.322656 2823.806321 2814.850012 2804.421036 2789.617680 2779.315436 2773.010882 2771.029786 2755.505678 2734.696968 2716.641190 2710.683747 2705.893637 2690.940141 2689.224130 2690.241002 2701.448032 2695.081090 2692.552004 2693.678457 2692.388764 2695.858807 2710.612812 2721.808339 2731.145661 2739.877031 2744.632849 2756.410397 2769.460074 2780.644604 2800.281556 2815.105559 2834.118688 2857.896780 2886.168144 2903.778035 2915.961193 2928.777016 2945.349463 2963.322435 2982.261283 3005.531580
2824.836239 2988.246430 2972.425169 2956.041076 2940.888828 2926.712053 2909.291666 2907.603324 2901.569870 2888.409804 2834.982024 2789.901858 2750.527358 2729.737695 2703.626170 2687.782045 2670.352947 2634.374648 2616.453936 2612.562587 2622.703982 2616.413664 2600.994036 2587.835829 2578.115399 2568.869704 2552.139167 2536.461144 2541.472507 2557.301629 2556.330486 2558.234476 2565.433661 2565.559443 2561.543383 2563.656797 2578.434532 2586.944515 2599.787573 2617.389494 2624.493645 2640.284843 2674.123013 2690.714958 2709.423391 2732.222708 2757.007635 2786.094923 2811.984916 2829.378182 2847.672088 2869.574696 2889.017026 2911.668948 2936.254649
2945.396065 2915.554734 2893.111020 2873.142597 2851.005767 2823.182248 2799.379839 2793.288832 2782.883857 2753.296284 2696.438243 2655.377224 2627.157186 2602.284136 2575.742952 2550.614827 2513.294313 2477.627973 2454.797247 2465.301259 2474.027165 2480.868248 2468.169104 2456.120832 2445.606858 2428.416241 2411.428648 2396.247960 2405.894190 2414.302074 2429.379799 2435.403021 2439.936081 2445.556258 2445.505682 2438.643260 2439.120375 2449.321500 2461.402104 2475.062944 2496.059813 2532.927554 2560.852341 2582.165184 2606.505224 2630.061691 2655.933887 2682.556910 2709.003427 2729.888115 2752.351214 2777.946442 2802.822476 2825.857908 2852.366204
2856.716617 2826.725525 2797.512345 2770.733281 2734.054113 2686.641026 2667.690664 2654.730750 2632.445635 2585.765665 2541.167502 2510.950717 2491.073793 2464.546587 2439.768885 2409.007017 2374.320479 2349.307979 2327.559615 2335.377625 2343.476680 2359.532223 2349.074766 2340.091592 2335.287191 2319.523620 2305.443309 2289.286332 2295.713329 2306.894187 2328.124915 2333.793477 2338.287709 2347.645208 2347.902381 2345.413983 2332.598303 2341.708331 2354.210208 2370.603204 2402.369912 2427.739404 2453.418450 2478.094027 2501.428793 2528.445877 2555.616494 2583.160588 2613.853064 2637.864843 2661.009910 2685.908350 2709.486590 2729.332596 2751.192879
2730.478335 2703.383510 2679.685138 2652.144878 2608.742004 2561.193680 2517.888601 2491.437035 2441.117598 2403.432871 2375.136793 2365.814653 2348.970355 2325.626329 2303.288269 2280.771052 2255.735826 2234.171522 2208.319521 2212.077207 2225.784004 2240.981964 2239.153946 2237.932288 2235.337751 2224.868991 2210.926421 2196.997010 2200.464241 2216.789636 2234.477864 2243.918462 2251.786548 2260.206466 2261.016968 2253.571584 2245.393599 2251.874071 2268.358022 2286.599183 2307.344714 2330.598034 2354.317401 2377.559064 2403.085792 2429.074024 2455.815504 2484.843685 2517.010921 2542.463212 2570.424669 2599.226062 2621.227613 2635.499551 2649.511875
2610.687953 2587.809098 2561.263999 2530.689499 2485.065744 2441.478065 2397.214849 2349.926926 2313.784836 2281.115207 2267.994898 2249.339349 2232.425103 2214.728072 2192.488837 2173.603477 2156.142857 2133.512454 2119.704211 2125.372998 2137.902297 2146.492975 2151.317141 2148.448147 2145.458142 2138.800917 2124.667056 2118.176200 2127.501416 2142.725024 2156.956050 2168.318662 2175.613023 2181.690081 2179.546041 2171.643219 2168.707983 2177.974302 2194.643911 2209.880027 2226.993928 2249.572015 2272.409564 2296.398833 2321.556779 2346.505478 2374.116860 2402.597745 2431.803779 2461.969373 2488.644999 2513.745322 2527.874534 2542.252336 2548.930732
2468.251601 2452.661575 2424.585523 2393.762241 2360.933621 2323.552527 2294.484325 2260.164766 2227.573959 2196.105130 2168.626536 2152.871735 2143.701352 2128.624397 2109.551124 2096.447441 2079.456558 2065.848578 2068.867884 2069.937127 2078.425236 2077.098864 2077.467935 2074.462638 2073.353467 2070.110315 2062.174500 2072.136084 2078.951729 2092.792919 2103.198295 2113.054512 2119.378346 2123.639196 2124.949674 2120.699620 2126.550007 2133.899933 2148.824438 2161.218260 2176.395376 2197.849795 2216.335887 2237.177203 2261.646435 2286.892810 2313.385301 2341.691791 2372.238664 2399.862547 2421.441355 2432.392436 2445.705921 2452.577112 2447.476156
