tests/Borden05m/sims/sim_1/output-maps/psiliqL0000N0008.asc
ncols         160
nrows         34
xllcorner     620200.000000
yllcorner     5168000.000000
cellsize      0.500000
NODATA_value  -9999.0
[rows 0 to 25 of 34, columns 58 to 115 of 160]
-9999.0 -9999.0 -9999.0 -9999.0 -9999.0 -9999.0 -9999.0 -9999.0 -9999.0 -9999.0 -9999.0 -9999.0 -9999.0 -9999.0 -9999.0 -9999.0 -9999.0 -9999.0 -9999.0 -9999.0 -9999.0 -9999.0 -9999.0 -9999.0 -9999.0 -9999.0 -9999.0 -9999.0 -9999.0 -9999.0 -9999.0 -9999.0 -9999.0 -9999.0 -9999.0 -9999.0 -9999.0 -9999.0 -9999.0 -9999.0 -9999.0 -9999.0 -9999.0 -9999.0 -9999.0 -9999.0 -9999.0 -9999.0 -9999.0 -9999.0 -9999.0 -9999.0 -9999.0 -9999.0 -9999.0 -9999.0 -9999.0 -9999.0
-9999.0 -461.683227 -463.032007 -463.787141 -463.992231 -465.798093 -467.031073 -468.704981 -468.739944 -468.365961 -468.722144 -469.661712 -468.789826 -467.749644 -466.956109 -465.584846 -466.199273 -466.186166 -465.633494 -465.471350 -465.686271 -466.302300 -466.590121 -466.976782 -465.848810 -467.896002 -470.582529 -472.636810 -472.980288 -470.962185 -469.908826 -470.379010 -469.581813 -467.641104 -466.182344 -466.207816 -464.415180 -465.458949 -464.857159 -463.300548 -464.454666 -464.450194 -463.837396 -462.805083 -465.896389 -9999.0 -9999.0 -9999.0 -9999.0 -9999.0 -9999.0 -9999.0 -9999.0 -9999.0 -9999.0 -9999.0 -9999.0 -9999.0
-463.102126 -470.029598 -470.358348 -470.196042 -469.597431 -470.221433 -472.350091 -472.617557 -474.300844 -475.076120 -475.300453 -476.133190 -475.773423 -473.004474 -471.145495 -470.826644 -471.553119 -472.014764 -472.821121 -473.319535 -473.101043 -473.711240 -474.215261 -474.770922 -474.367561 -472.150516 -474.168143 -475.089990 -476.140693 -477.433376 -477.096313 -476.840405 -476.873262 -474.372844 -473.807592 -473.662036 -470.476724 -467.498775 -466.961121 -468.464087 -469.826804 -469.009526 -468.584558 -469.428791 -470.167176 -469.258536 -469.460888 -469.406869 -470.637054 -468.703588 -469.198699 -467.363855 -466.013660 -464.446182 -461.613151 -9999.0 -9999.0 -9999.0
-468.019357 -472.989213 -475.784867 -476.527477 -475.725678 -473.381089 -474.028660 -475.712805 -478.532362 -475.584032 -476.136587 -476.537358 -476.139782 -475.273969 -474.945287 -474.625598 -474.221972 -471.818533 -472.271965 -472.586893 -472.428038 -472.808997 -473.542479 -473.297936 -473.606106 -475.784690 -475.315205 -474.727314 -475.316264 -473.179468 -473.152443 -471.773647 -475.735218 -475.258874 -474.704069 -474.543646 -474.679310 -474.709258 -474.302624 -476.031035 -474.488839 -475.315174 -477.622859 -477.522351 -476.535118 -473.434098 -471.750497 -472.986742 -478.382730 -475.582484 -469.770544 -470.682897 -472.130095 -469.747510 -467.472455 -463.647323 -464.475997 -464.875912
-475.952349 -477.954283 -475.639706 -473.805617 -472.672323 -473.617928 -475.601229 -478.186090 -473.639626 -472.114393 -473.490908 -473.085951 -471.721942 -471.506728 -477.394842 -478.962525 -476.998038 -475.068413 -474.412257 -475.679215 -476.281376 -477.345549 -477.222626 -476.417913 -476.912125 -475.961960 -475.288065 -476.597989 -475.344427 -473.854887 -472.161410 -475.651785 -478.748116 -478.529203 -475.964053 -474.333436 -473.877057 -471.637712 -467.577264 -468.346640 -468.948164 -468.607216 -467.874143 -472.094155 -476.149823 -477.619676 -478.169649 -479.367480 -477.969238 -479.057842 -474.287604 -474.872593 -475.883107 -473.936007 -472.703324 -470.911976 -469.563579 -469.871514
-474.378597 -477.587609 -479.058537 -479.586729 -478.999755 -479.748600 -479.955307 -476.219408 -474.778405 -471.658633 -473.629500 -473.730450 -473.872604 -477.541199 -480.102564 -482.058466 -476.384189 -472.191976 -471.203312 -472.889952 -474.350368 -470.175691 -471.354779 -471.590056 -473.970780 -473.168299 -474.075130 -470.079508 -468.871962 -466.764432 -467.628970 -471.633935 -474.947541 -474.953318 -474.652515 -475.378980 -474.818607 -472.763338 -469.849666 -472.504684 -472.961547 -471.347756 -477.610885 -482.179318 -483.208479 -478.256120 -475.397291 -475.590108 -474.870330 -474.325978 -477.397439 -476.509185 -476.119240 -477.824141 -474.500110 -471.221301 -471.078296 -474.281379
-464.210141 -467.965314 -470.082959 -474.364442 -473.745115 -473.460996 -472.443271 -471.245688 -468.437966 -461.737066 -464.345060 -464.261466 -461.647186 -465.551911 -468.946167 -474.884135 -468.419296 -467.795436 -466.373334 -467.371711 -462.607470 -458.152924 -460.583458 -463.827131 -468.165739 -465.606935 -460.348462 -455.688451 -455.122207 -454.861591 -453.778089 -457.279696 -457.666672 -458.121612 -457.514837 -460.319581 -460.682784 -457.519467 -451.240085 -450.537324 -453.116938 -458.246313 -466.440159 -473.935104 -477.747108 -470.764426 -472.356370 -472.831431 -471.154046 -474.439076 -476.050566 -472.124196 -474.831427 -477.004901 -472.156607 -472.071586 -473.096950 -477.304193
-465.805786 -468.507801 -472.617205 -477.171650 -477.062998 -474.442357 -473.673513 -468.851896 -462.188320 -454.835977 -451.135065 -447.018289 -441.730567 -445.809134 -449.591827 -454.164084 -453.470317 -448.454406 -443.681033 -437.033025 -426.920328 -415.473571 -415.676001 -418.737896 -418.399385 -416.904656 -408.925695 -401.958909 -399.551571 -397.966887 -393.752875 -396.320595 -400.868861 -406.142886 -411.788025 -417.101600 -422.228711 -415.989831 -409.471282 -412.452815 -430.224509 -442.886512 -453.474256 -463.081325 -474.568480 -473.785224 -471.118933 -468.247023 -472.175760 -473.167390 -476.291056 -476.203416 -474.844843 -479.204750 -476.433163 -476.293979 -473.363770 -468.340428
-439.649368 -436.575954 -443.944766 -444.546638 -441.875421 -436.581933 -434.612431 -426.101369 -406.630669 -381.032282 -353.379997 -311.284666 -299.918099 -323.813683 -343.527048 -362.935054 -371.871840 -359.591477 -341.484718 -306.975699 -240.228282 -194.898547 -173.691694 -168.204415 -165.914602 -163.729902 -162.829959 -159.513513 -154.262819 -149.053175 -144.330299 -144.190479 -151.229050 -156.123398 -162.914905 -170.022367 -172.180371 -177.302261 -178.313021 -195.247451 -259.452578 -341.854382 -376.673153 -400.882241 -420.357192 -438.948149 -438.855958 -444.753351 -448.685857 -452.893144 -465.170004 -467.406084 -468.004924 -478.574474 -479.499033 -476.296988 -472.028140 -468.321132
-368.285138 -349.247534 -346.595487 -341.223505 -336.227980 -324.410480 -300.919030 -242.343447 -184.359331 -144.152402 -114.438036 -88.981828 -79.471629 -92.021397 -104.617126 -116.268519 -124.735465 -121.979680 -104.165949 -77.582017 -44.990586 -23.457235 -15.137603 -13.856203 -12.436719 -11.076604 -9.000820 -8.153890 -5.394716 -2.324156 0.006823 0.029743 0.020935 -2.032889 -6.885029 -15.498779 -18.107136 -19.109505 -25.956048 -35.356784 -55.790939 -101.503212 -133.452240 -165.743254 -216.718458 -307.338378 -357.882327 -377.810551 -390.394973 -414.858060 -437.408443 -455.649848 -465.938147 -475.559613 -477.340761 -465.696010 -454.650101 -460.949473
-122.246659 -108.750028 -104.792927 -102.679666 -98.828668 -89.515602 -75.851860 -53.294059 -29.805268 -4.030138 0.029232 0.056625 0.068521 0.044202 0.036859 0.029635 0.023101 0.019509 0.028660 0.036766 0.051096 0.059260 0.076012 0.068210 0.072308 0.058146 0.066664 0.069453 0.061494 0.065433 0.074810 0.095391 0.116657 0.079099 0.069310 0.062188 0.065811 0.063484 0.056241 0.056936 0.061473 0.065258 0.027540 -7.823803 -45.335009 -87.629388 -118.824144 -133.287395 -148.849285 -170.923175 -240.770583 -328.689353 -370.628694 -397.881582 -421.095633 -410.856852 -427.139314 -434.519179
0.021925 0.037198 0.045441 0.035941 0.034796 0.040317 0.042876 0.048966 0.056216 0.060739 0.077711 0.111064 0.212686 0.148403 0.112306 0.082924 0.088078 0.084355 0.088958 0.103653 0.106385 0.129558 0.180345 0.210066 0.225912 0.129515 0.180871 0.205253 0.181261 0.144852 0.166756 0.223895 0.327442 0.224168 0.160222 0.126737 0.111783 0.105152 0.103578 0.100532 0.122667 0.130317 0.100603 0.071705 0.052442 0.034286 0.021834 0.006596 -6.550870 -19.048841 -41.007083 -76.081715 -107.649241 -143.252132 -183.575624 -231.310777 -308.855593 -347.865923
0.072474 0.090919 0.112493 0.103467 0.111316 0.104017 0.115727 0.141706 0.190943 0.233962 3.366247 18.720562 26.659373 32.640100 33.243900 34.193653 36.584886 36.211609 36.520918 36.857686 37.487126 37.040168 40.159008 40.367077 40.174929 39.931849 40.562079 40.389483 40.219842 39.532891 37.880945 38.036539 38.036140 37.919112 35.630478 27.950013 13.807229 4.122242 0.405913 0.287470 0.251091 0.217203 0.181559 0.144531 0.106624 0.083098 0.068848 0.070404 0.073671 0.070759 0.069327 0.049681 0.034919 0.016045 -16.087390 -53.835714 -82.804128 -110.520283
0.147742 0.227085 3.122808 10.063011 17.048638 21.127532 30.034428 40.228497 42.711234 42.384906 42.601510 42.275028 42.841098 42.190465 42.607463 39.930781 39.957175 38.874940 33.578961 24.520116 26.011092 26.888165 29.268227 32.612936 30.477132 31.523398 33.994710 33.068142 27.771188 24.917863 23.091101 22.730605 29.490934 31.632776 32.921027 33.208476 32.845203 32.580631 32.339962 32.187839 32.094960 31.679870 27.256578 19.151003 1.435440 0.167232 0.118091 0.107395 0.096386 0.152922 0.134038 0.128994 0.103428 0.083365 0.063047 0.044347 0.037788 0.027422
43.626215 44.500527 43.631452 43.588653 44.853901 46.419031 45.798499 42.459488 38.799280 34.118332 33.349829 32.392318 29.346546 30.858936 28.775889 25.391325 22.350326 17.655390 8.287551 0.351444 0.238762 0.523624 4.234585 7.781277 9.701220 12.272568 14.084242 10.115202 3.292730 0.305361 0.207178 0.636937 5.345713 9.015069 9.365707 7.916265 6.196616 6.317263 4.483389 4.767560 10.114876 21.563958 29.239734 28.805855 28.648616 28.506348 28.315456 8.499091 0.163221 0.539022 0.332315 0.236136 0.165328 0.135680 0.111621 0.094655 0.078492 0.082629
35.347506 29.304245 24.105468 23.429795 26.958874 34.099647 35.117098 28.806861 21.544579 15.340099 10.033473 8.543316 7.121782 6.203983 6.159440 1.672814 0.378544 0.235189 0.206023 0.172500 0.165109 0.138001 0.146132 0.179787 0.235836 0.436981 0.223112 0.198554 0.156134 0.125524 0.137308 0.142187 0.160744 0.235471 0.303487 0.390422 0.221708 0.211764 0.171275 0.123301 0.161801 0.222249 0.329537 3.263234 9.492990 15.786858 20.999571 28.009853 27.778219 27.679942 27.425110 23.248240 10.930537 0.336202 0.195183 0.149268 0.114991 0.130583
13.716803 7.748319 2.437210 1.187015 4.237062 7.694175 5.853916 0.636782 0.284815 0.228134 0.185589 0.141938 0.182351 0.198177 0.306148 0.201853 0.168244 0.145485 0.140297 0.121392 0.136975 0.119181 0.079082 0.102774 0.140731 0.225326 0.119847 0.118729 0.098373 0.093726 0.081446 0.088220 0.095881 0.120433 0.196606 0.237343 0.144716 0.130427 0.126895 0.093586 0.113721 0.141139 0.171777 0.200424 0.232677 0.236582 0.258385 0.293152 0.441697 6.999229 15.923012 26.126327 26.437918 26.205737 25.962423 10.472472 0.334828 0.245878
0.312477 0.262774 0.222015 0.206441 0.298499 0.264078 0.219170 0.188667 0.154600 0.147928 0.135001 0.106349 0.112784 0.089403 0.152540 0.102870 0.102727 0.085317 0.079978 0.071309 0.070011 0.065082 0.044286 0.050881 0.063718 0.100646 0.056937 0.055284 0.044751 0.043697 0.038394 0.041132 0.046776 0.065350 0.087241 0.123669 0.082688 0.078694 0.080899 0.065900 0.076917 0.091502 0.107450 0.127642 0.151641 0.162408 0.162184 0.163146 0.180451 0.200479 0.220888 0.281347 3.440666 15.178366 22.988998 28.343850 28.095576 27.971057
0.207174 0.184042 0.150046 0.110864 0.250037 0.170923 0.163197 0.127009 0.065562 0.067556 0.057692 0.047613 0.046241 0.033115 0.033055 0.024039 0.024750 0.019458 0.003538 -7.684149 -19.725514 -27.873904 -43.188852 -66.636581 -69.006777 -65.275156 -61.398601 -69.936493 -79.067828 -82.188755 -83.312346 -73.714228 -45.541845 -23.308767 -9.340895 -2.920903 -5.411643 0.001069 0.021788 0.012107 0.034707 0.047301 0.057413 0.067640 0.090917 0.106335 0.112351 0.115140 0.127817 0.140418 0.148174 0.165081 0.207638 0.257173 0.295245 0.439073 6.402481 17.842988
0.143750 0.131164 0.109624 0.072095 0.135664 0.112696 0.101340 0.053682 0.024649 -5.298986 -17.986523 -44.598641 -74.684337 -98.083147 -123.371278 -134.727608 -140.833109 -137.071839 -145.122622 -160.013357 -176.036898 -191.557642 -222.779268 -282.368863 -301.636090 -288.968750 -263.064869 -288.068039 -307.550886 -307.178941 -313.025516 -307.193961 -245.496922 -191.946675 -171.053848 -159.180389 -150.605851 -146.802050 -142.530943 -117.218045 -94.699223 -58.839059 -27.051083 -6.071773 0.023959 0.048072 0.059498 0.066055 0.079781 0.090041 0.103257 0.114415 0.142121 0.163499 0.178022 0.183991 0.185655 0.210635
0.076663 0.066196 0.050549 0.025055 0.037526 0.023012 -2.771476 -46.041727 -103.913802 -142.454729 -170.503515 -215.389949 -292.745652 -345.015347 -376.295655 -389.655153 -388.826384 -384.595420 -388.918029 -399.746334 -408.865816 -415.850330 -423.655943 -434.010828 -438.991762 -434.291324 -429.299875 -431.532808 -433.148318 -431.992410 -432.615229 -432.573382 -428.872140 -416.640533 -409.688330 -403.611488 -399.442705 -397.537031 -381.615094 -360.550321 -331.549209 -241.563087 -180.559169 -142.462584 -106.799294 -63.115327 -31.602040 -9.314535 0.017109 0.040161 0.053865 0.064745 0.081476 0.103278 0.114533 0.124912 0.126542 0.137358
0.005468 -22.202353 -70.191183 -101.112985 -115.266861 -123.869798 -156.444531 -221.471788 -341.445893 -380.855897 -399.004019 -414.897136 -430.405495 -442.735263 -451.946830 -457.465618 -452.938722 -451.227149 -447.537360 -453.262293 -457.555846 -458.105620 -461.888343 -465.081574 -469.931417 -465.819475 -464.637641 -460.498391 -461.672331 -462.000649 -460.043148 -461.090674 -460.954720 -463.691380 -460.332557 -459.113032 -457.973583 -450.876093 -444.563745 -437.498590 -430.152612 -416.452173 -398.552201 -377.406360 -342.490178 -247.774855 -181.522575 -143.839345 -107.840094 -64.135778 -31.915135 -10.715917 0.016165 0.037535 0.052724 0.068315 0.070877 0.084658
-128.436075 -180.647548 -276.106663 -353.785768 -363.457666 -383.520458 -401.612759 -426.910488 -443.098027 -449.338945 -455.184157 -459.171095 -461.916757 -467.079910 -470.225966 -476.512225 -473.640494 -470.253112 -465.043199 -469.551491 -469.824296 -468.369961 -470.445330 -472.602293 -476.891450 -476.342925 -473.185667 -469.421645 -470.236928 -469.757627 -467.456933 -467.352456 -469.140589 -473.134536 -472.460860 -470.601389 -469.223823 -465.757277 -462.944820 -460.253694 -458.080960 -453.833555 -448.250931 -441.938097 -432.221738 -414.859842 -398.707616 -376.842239 -338.167860 -243.000163 -184.429287 -152.278774 -119.611126 -88.778935 -45.120254 -15.345314 -1.682205 0.030403
-359.901974 -394.933406 -423.565197 -443.882604 -452.429700 -459.136022 -465.398597 -466.972854 -469.056380 -471.327330 -472.909341 -474.748946 -476.380840 -477.504344 -480.130035 -486.783170 -483.773268 -479.983835 -475.568479 -475.433049 -475.785527 -475.148030 -475.861640 -478.696564 -484.283486 -482.014632 -479.012485 -476.413431 -475.899667 -475.647244 -473.881976 -475.274794 -477.998090 -482.113060 -480.617818 -478.055190 -477.171572 -476.069792 -474.122093 -472.112273 -470.267364 -468.014786 -465.883799 -462.480760 -458.423128 -453.123176 -446.528831 -438.516207 -426.457890 -414.599413 -399.713164 -385.889414 -363.050276 -317.547334 -215.757681 -163.605845 -126.457890 -79.728047
-440.099435 -449.586803 -459.783964 -463.617573 -466.895275 -469.579189 -472.814858 -474.548429 -475.983516 -473.900238 -474.210321 -476.806447 -475.893721 -477.003073 -482.390174 -479.963376 -478.315133 -473.703542 -474.817072 -475.131684 -476.219340 -475.322601 -475.907707 -481.468650 -478.518993 -477.493195 -474.547357 -474.408400 -474.074207 -473.803693 -473.365595 -474.041772 -478.013995 -477.181226 -476.389918 -473.872409 -474.463187 -474.077266 -471.626528 -471.777618 -470.995325 -469.538403 -468.115517 -466.341668 -464.009683 -459.994105 -455.695672 -451.244267 -450.731340 -446.848891 -442.878411 -446.036661 -438.273892 -429.136911 -413.134833 -393.515569 -368.015204 -293.455416
-463.919985 -467.024806 -470.105667 -472.784584 -475.459899 -477.228245 -479.820269 -482.813180 -480.067032 -479.246554 -478.958755 -479.217638 -479.956436 -482.225478 -478.865572 -478.377535 -478.644228 -479.062344 -479.162426 -478.807947 -479.377210 -479.688098 -479.480795 -477.112234 -476.877296 -477.832372 -477.218461 -476.841129 -476.348612 -477.477811 -477.377361 -477.372822 -476.546768 -476.750504 -477.603699 -476.515926 -476.545985 -476.680932 -475.977632 -475.823937 -475.542613 -474.306247 -473.851684 -473.118726 -470.763661 -467.542643 -465.762727 -466.723224 -464.826969 -463.983673 -466.247525 -468.068343 -464.753250 -461.621661 -458.795096 -451.780068 -444.287870 -432.029633
