tests/Borden05m/sims/sim_1/output-maps/psiliqL0020N0016.asc
ncols         160
nrows         34
xllcorner     620200.000000
yllcorner     5168000.000000
cellsize      0.500000
NODATA_value  -9999.0
[rows 0 to 24 of 34, columns 55 to 109 of 160]
-9999.0 -9999.0 -9999.0 -9999.0 -9999.0 -9999.0 -9999.0 -9999.0 -9999.0 -9999.0 -9999.0 -9999.0 -9999.0 -9999.0 -9999.0 -9999.0 -9999.0 -9999.0 -9999.0 -9999.0 -9999.0 -9999.0 -9999.0 -9999.0 -9999.0 -9999.0 -9999.0 -9999.0 -9999.0 -9999.0 -9999.0 -9999.0 -9999.0 -9999.0 -9999.0 -9999.0 -9999.0 -9999.0 -9999.0 -9999.0 -9999.0 -9999.0 -9999.0 -9999.0 -9999.0 -9999.0 -9999.0 -9999.0 -9999.0 -9999.0 -9999.0 -9999.0 -9999.0 -9999.0 -9999.0
-9999.0 -9999.0 -9999.0 -9999.0 2234.775422 2229.568845 2224.913430 2220.668701 2212.526092 2203.773811 2196.182508 2192.612965 2192.075228 2191.762987 2191.734604 2197.242642 2205.707444 2213.714863 2221.031753 2223.669896 2226.296542 2228.564746 2229.147551 2228.198946 2225.211028 2222.173655 2218.974223 2217.509986 2209.949170 2198.810703 2190.342578 2187.649629 2191.914337 2196.248279 2198.630642 2203.969514 2214.293512 2224.669024 2232.746567 2244.480616 2250.425592 2255.132040 2257.339259 2252.735505 2248.795555 2244.429594 2238.423099 2227.142350 -9999.0 -9999.0 -9999.0 -9999.0 -9999.0 -9999.0 -9999.0
2179.660147 2198.735244 2219.584173 2222.999263 2211.478661 2206.692988 2203.836057 2202.421847 2198.360408 2190.289176 2185.616687 2180.682040 2178.896565 2179.424094 2179.884921 2184.235374 2195.170575 2203.449547 2208.453579 2211.343627 2214.332707 2213.582940 2213.140850 2213.080254 2210.381738 2207.093614 2203.862332 2202.171492 2203.268372 2195.767074 2190.064180 2186.401701 2184.006611 2186.563888 2189.031462 2192.930485 2202.040409 2209.778599 2217.456131 2231.715361 2244.032309 2248.978332 2245.876735 2240.503348 2236.105871 2228.517428 2217.731926 2207.303397 2198.401227 2191.434316 2185.355217 2178.527441 2183.970499 2190.473988 2199.302032
2164.483076 2184.182225 2204.929483 2207.990621 2197.786382 2190.163094 2184.591168 2185.440360 2189.013962 2186.182096 2181.985674 2176.005471 2185.806221 2187.430205 2188.833083 2192.564275 2195.493690 2200.116047 2203.042156 2208.677944 2217.876353 2220.845571 2221.523858 2221.798461 2220.052195 2217.007465 2215.252423 2212.598280 2207.461667 2206.059961 2206.037638 2205.221647 2209.657955 2211.069525 2213.358942 2207.203181 2211.039316 2217.013029 2223.588098 2229.206208 2235.128510 2237.778581 2233.888953 2233.139463 2224.083190 2209.736409 2198.754153 2190.313091 2189.051178 2185.335992 2176.694095 2162.627533 2169.528922 2184.528267 2188.413774
2171.108096 2180.720110 2192.344217 2195.556822 2191.004577 2193.295691 2195.509540 2197.391054 2196.227499 2193.512843 2190.801180 2202.695299 2211.982038 2214.058756 2217.221646 2221.540444 2222.253734 2211.375551 2209.538808 2217.546212 2227.695270 2233.315896 2233.693013 2233.626432 2230.845683 2229.890745 2229.726805 2227.859756 2228.012305 2230.016432 2228.706431 2232.408597 2237.936954 2241.073084 2234.480991 2225.596725 2227.024357 2234.970213 2243.489054 2250.631061 2260.545461 2270.984969 2269.990057 2264.231670 2254.714032 2240.949638 2217.230355 2198.053100 2186.331833 2177.877530 2169.764363 2170.446687 2165.564952 2177.264020 2178.095606
2165.234196 2184.856876 2206.000064 2213.387415 2208.041058 2204.321527 2203.017918 2204.340027 2204.532540 2206.791938 2217.823014 2231.105167 2244.545845 2247.483726 2250.149307 2249.704194 2241.823077 2231.973601 2229.192147 2243.477271 2260.365578 2268.648132 2268.859760 2266.362492 2271.343937 2270.907951 2270.508266 2266.571894 2267.996304 2267.441864 2274.944374 2282.569518 2290.066411 2288.433823 2276.092486 2264.036981 2263.118273 2267.116677 2272.109093 2278.671842 2288.341990 2297.105739 2291.467848 2284.623184 2275.208708 2247.329872 2221.578677 2205.218771 2204.481004 2203.947565 2198.304201 2194.724710 2191.694303 2185.243374 2184.146938
2208.977010 2229.884076 2250.890133 2265.914615 2260.703919 2253.728780 2245.258600 2246.369121 2248.698272 2256.248649 2268.463612 2283.981275 2307.327483 2308.922995 2311.130692 2312.136673 2300.592279 2288.339450 2278.280149 2298.674449 2309.602878 2317.572335 2317.133976 2324.560555 2333.873386 2329.985876 2323.050962 2311.986664 2318.002537 2327.001709 2342.088813 2349.424075 2353.930556 2350.795260 2338.101585 2331.683993 2331.632933 2335.840034 2335.016331 2341.285232 2350.168219 2364.447329 2362.743755 2355.972718 2334.054807 2296.288972 2263.638213 2246.237086 2253.900840 2246.523382 2238.603106 2235.617757 2222.082030 2212.050357 2212.319483
2254.212455 2270.663485 2288.702337 2306.756060 2300.616757 2291.117085 2277.008960 2275.935931 2282.429762 2293.256142 2312.078137 2332.865210 2355.091499 2358.776907 2357.238158 2367.207401 2361.228216 2351.694921 2344.319403 2361.176925 2372.364078 2383.235252 2390.908742 2403.649346 2414.659232 2401.547901 2387.040573 2379.244259 2385.473154 2408.239953 2428.126350 2432.987075 2432.943759 2433.665755 2421.193037 2415.426328 2410.450165 2408.003109 2403.560476 2400.204152 2421.508617 2439.890550 2438.200003 2415.090682 2390.991057 2352.369193 2313.833440 2284.852007 2290.388577 2286.188227 2286.261838 2272.725670 2258.087904 2245.340122 2238.123860
2322.338379 2348.226686 2367.365586 2389.433821 2385.862322 2366.776272 2355.533392 2359.953058 2373.774497 2382.071898 2399.630306 2420.456808 2449.273616 2466.100163 2481.534347 2486.710408 2479.161617 2470.840890 2458.767633 2460.968039 2481.953739 2494.590554 2504.321785 2513.940282 2526.521627 2529.382235 2524.600870 2523.495313 2527.368245 2537.774368 2549.552190 2556.174197 2560.075843 2563.274060 2554.300666 2542.697400 2539.088026 2532.029807 2527.900331 2525.826139 2532.470050 2547.770395 2544.279686 2511.858734 2483.951306 2448.884446 2410.410211 2379.306465 2366.889890 2378.654308 2371.340144 2353.147068 2337.373352 2306.217701 2294.608499
2408.111044 2442.977205 2469.599379 2483.453887 2494.702226 2485.627068 2486.200111 2491.112825 2499.719095 2504.424602 2512.113678 2544.805288 2578.806473 2606.043201 2629.926593 2638.410538 2627.513475 2618.205982 2605.868312 2597.161911 2605.281530 2621.530797 2638.883702 2654.197562 2665.478399 2668.269114 2666.762387 2666.982348 2669.728421 2672.602890 2676.239176 2683.583446 2691.136628 2701.735919 2711.158036 2702.498705 2684.035273 2673.103824 2661.588808 2658.370469 2657.816221 2658.351567 2658.036085 2644.591413 2606.600113 2575.498691 2543.118759 2518.473368 2500.578879 2492.673291 2471.983682 2447.426342 2397.688393 2358.261410 2324.417817
2510.796194 2554.096686 2584.341093 2605.600543 2620.424270 2621.116171 2624.150843 2626.798787 2632.327002 2636.757368 2642.154840 2667.495947 2709.161768 2748.172945 2779.208648 2781.465361 2770.199649 2759.714404 2750.369764 2737.963579 2734.489602 2745.042924 2758.533268 2776.853807 2787.631467 2795.059545 2791.585432 2791.884680 2794.240898 2795.274746 2797.072340 2799.946380 2808.473336 2822.292601 2835.235337 2834.960696 2818.228986 2801.660660 2784.870746 2779.836324 2775.223733 2769.237530 2769.791026 2770.214950 2757.156768 2727.459992 2687.037168 2644.744616 2622.526214 2603.360823 2590.009164 2572.639349 2537.599772 2476.246079 2439.809107
2636.320589 2668.668889 2700.745995 2732.357635 2749.766125 2755.371565 2755.088153 2756.204428 2764.189401 2769.228172 2777.344646 2793.199352 2822.242033 2855.321458 2884.127303 2900.763846 2895.186474 2879.991297 2860.283803 2852.674256 2850.573190 2853.487023 2861.642356 2872.259459 2889.840304 2907.597039 2831.165066 2832.103832 2911.538423 2831.825502 2828.720342 2828.752721 2830.908958 2837.799566 2846.428881 2849.525531 2847.553420 2909.341573 2886.989960 2873.893363 2865.941745 2861.435047 2860.405556 2863.017495 2863.683950 2849.290825 2816.671678 2774.350620 2741.948775 2722.680448 2706.795894 2689.702766 2676.247449 2647.767301 2626.763811
2756.369217 2772.315882 2800.705222 2829.406536 2852.363152 2868.504382 2871.335885 2876.332477 2881.902476 2890.984493 2906.794870 2843.378190 2855.610586 2875.565433 2899.733903 2914.326872 2919.727954 2918.916645 2916.076232 2917.549258 2917.858771 2870.631881 2875.560835 2880.454328 2893.410788 2905.627474 2905.563857 2906.103247 2908.606346 2905.808055 2906.218309 2906.273317 2905.966285 2907.330068 2911.163414 2912.613877 2911.007095 2905.406725 2917.302865 2898.650374 2885.888753 2877.974203 2869.912922 2861.462044 2851.998502 2846.666095 2908.432150 2878.586773 2844.042282 2820.179902 2809.541037 2801.493675 2792.232358 2785.091617 2767.462738
2862.890783 2875.056973 2893.278857 2915.684625 2861.787382 2878.497801 2889.312097 2898.227657 2902.908134 2916.032819 2931.061057 2915.123117 2921.240517 2927.777888 2934.245218 2936.452348 2937.059555 2936.728287 2934.381124 2933.751673 2931.633564 2927.668518 2917.649256 2919.186510 2920.928692 2923.486820 2927.008860 2925.831580 2926.999606 2929.852663 2928.261825 2922.544490 2918.751029 2917.226806 2918.022806 2925.311095 2928.645276 2929.656909 2927.321110 2926.532118 2925.801539 2923.238010 2920.004910 2915.413448 2909.506430 2919.542616 2912.847866 2887.162338 2854.930785 2898.976102 2887.814707 2885.799051 2884.540771 2881.044180 2873.895043
2894.756787 2907.772852 2921.841793 2907.806956 2920.205790 2928.718909 2932.822612 2936.246538 2938.801196 2941.002623 2937.854438 2934.508515 2929.673213 2928.171351 2926.757013 2924.242679 2924.756960 2922.738047 2918.655038 2914.766152 2907.525540 2896.303661 2885.037290 2881.856312 2886.204720 2891.494958 2896.235927 2900.111766 2903.644399 2904.128133 2899.053245 2891.002934 2883.784277 2882.092410 2888.807523 2894.492861 2900.505500 2901.372426 2900.104531 2897.966868 2898.063004 2895.302376 2895.757665 2902.607697 2916.642265 2920.487510 2925.018735 2924.301801 2911.847420 2893.551982 2897.157516 2877.428536 2882.204638 2877.458034 2866.123004
2930.577899 2932.854158 2931.754797 2930.452676 2924.213508 2918.300471 2917.501457 2921.335443 2928.115155 2929.109552 2921.980974 2913.560628 2906.351374 2899.094060 2896.680870 2895.636557 2895.023095 2895.165310 2889.746891 2881.232798 2869.489054 2857.964186 2846.746589 2840.666575 2837.555592 2841.510040 2851.991351 2862.938041 2867.739965 2859.589014 2851.665446 2840.502207 2832.592227 2833.045961 2834.678750 2844.009430 2859.642273 2866.054011 2866.988935 2861.364285 2856.010706 2850.002656 2847.668260 2854.450975 2869.524769 2880.766622 2895.225970 2903.921215 2911.433274 2918.329774 2918.914708 2920.808183 2921.855036 2920.111629 2921.211719
2925.167105 2918.465034 2911.724522 2906.551931 2900.014961 2894.595154 2892.661278 2894.553802 2896.650318 2892.652615 2886.177905 2880.620079 2869.550619 2859.605977 2852.297653 2852.859444 2854.767366 2855.809701 2848.822622 2838.381624 2900.352031 2886.114321 2871.370223 2866.595876 2860.462083 2853.708694 2863.487635 2881.633339 2888.244598 2873.256612 2862.894115 2848.333856 2841.655335 2838.288983 2839.645764 2849.043393 2870.697448 2893.191278 2895.595019 2886.109097 2876.932779 2873.478716 2871.870116 2878.507254 2896.768906 2835.440820 2846.221694 2856.315552 2861.964636 2870.030769 2879.432326 2887.882080 2901.651339 2913.327322 2919.501755
2900.818679 2893.178501 2885.474393 2877.809942 2871.016583 2869.470999 2865.036160 2862.651140 2858.869904 2852.580980 2849.904971 2912.270842 2898.825327 2885.091534 2869.511831 2864.589283 2859.375630 2859.559207 2847.248025 2837.628841 2820.836726 2804.773461 2788.120821 2775.181776 2768.755426 2761.876594 2762.124522 2775.972490 2784.375145 2773.301229 2763.445360 2752.104764 2747.156268 2744.104252 2746.663170 2757.393667 2778.395332 2797.406312 2805.980437 2799.427276 2797.823173 2798.525223 2798.679454 2806.161069 2819.639652 2838.732881 2861.749471 2880.959800 2892.094684 2900.689493 2911.367658 2841.949442 2851.100793 2865.167500 2882.591529
2870.131415 2865.605337 2855.730686 2846.063033 2840.230270 2909.458500 2902.026976 2902.753164 2895.115629 2887.748578 2866.755774 2815.225253 2794.017991 2774.231491 2757.168823 2749.605692 2740.392881 2726.452281 2716.622600 2710.427838 2708.311988 2692.790494 2673.039599 2655.247681 2649.645965 2645.355749 2630.956067 2629.721601 2631.066785 2642.389613 2635.900796 2633.013694 2633.546748 2631.427144 2633.851041 2647.395599 2657.292862 2665.288602 2672.668610 2676.061609 2686.371012 2696.633214 2706.126769 2724.253138 2737.630250 2755.244789 2777.583740 2804.265966 2820.572752 2831.704117 2843.725263 2859.841899 2877.519067 2896.423137 2919.816231
2843.789945 2905.749576 2890.639260 2875.346818 2861.590097 2848.813940 2832.996973 2833.041994 2828.851308 2817.691829 2766.537455 2723.709171 2687.518070 2668.685547 2644.499145 2630.538060 2614.861212 2580.169957 2563.100655 2559.701357 2570.045008 2563.752483 2547.992844 2534.990692 2525.683478 2516.993419 2500.860543 2485.704087 2491.069691 2507.032509 2505.987932 2507.583736 2514.230473 2513.568469 2508.540560 2509.452789 2522.919966 2530.077654 2541.544514 2557.749923 2563.472977 2577.987077 2610.131886 2624.862731 2641.599463 2662.350874 2685.068402 2710.790693 2734.540636 2750.154127 2766.899442 2787.350720 2805.821211 2827.886252 2852.167259
2864.348755 2835.135344 2813.905597 2795.637700 2775.696306 2750.029770 2728.487680 2724.685102 2716.635579 2689.651664 2636.644417 2598.041026 2571.770959 2549.002392 2524.605819 2501.618177 2466.585548 2432.364923 2410.544214 2421.709274 2430.837417 2437.919631 2425.367912 2413.624203 2403.565735 2386.920511 2370.487617 2355.777464 2365.736537 2374.272983 2389.282876 2395.031290 2399.078264 2403.999292 2403.048308 2395.125795 2394.417969 2403.371784 2414.154165 2426.459220 2445.995228 2480.790048 2506.813725 2526.110453 2548.237874 2569.347854 2592.908834 2617.517948 2641.597274 2660.143404 2680.401805 2702.657804 2725.664717 2747.338640 2772.758477
2780.555833 2751.908998 2724.533449 2700.219968 2667.547571 2622.862422 2606.769270 2596.506556 2576.804333 2532.632021 2490.272152 2462.942893 2445.316725 2420.961798 2398.280511 2369.452599 2336.275407 2312.523617 2291.755071 2300.275255 2308.867459 2325.274392 2315.125649 2306.503565 2302.127882 2286.839333 2273.219247 2257.447863 2264.125759 2275.406390 2296.562599 2301.991492 2306.070161 2314.829226 2314.323351 2310.934000 2297.122368 2305.151273 2316.496698 2331.629045 2362.133944 2386.245818 2410.331164 2433.145689 2454.346878 2478.477836 2503.109810 2528.174487 2556.113823 2577.474550 2598.201572 2621.110146 2642.549644 2660.402862 2680.432361
2664.155528 2638.814926 2617.297205 2592.265643 2551.387022 2506.739545 2466.861710 2443.147233 2395.442231 2360.256593 2334.176747 2326.871944 2312.041496 2290.681700 2270.245510 2249.547059 2225.882122 2205.432284 2180.471028 2184.901634 2199.104072 2214.683116 2213.192193 2212.308284 2210.075017 2199.980179 2186.387174 2172.741803 2176.392490 2192.773464 2210.385405 2219.616175 2227.134695 2235.065705 2235.259719 2227.093318 2218.112257 2223.716709 2239.225719 2256.271040 2275.885313 2297.960561 2320.233698 2341.843941 2365.599446 2389.741804 2414.376180 2441.060794 2470.142197 2492.878656 2518.237636 2544.444527 2563.952163 2575.904104 2587.836860
2554.186212 2533.123592 2508.833520 2480.901951 2438.430276 2397.440419 2355.639329 2310.858171 2277.126939 2246.842887 2235.710386 2218.869941 2203.709703 2187.669016 2166.925262 2149.324104 2132.956361 2111.252318 2098.202834 2104.464240 2117.449151 2126.401440 2131.535917 2128.963797 2126.269236 2119.897651 2106.019749 2099.727360 2109.165131 2124.408787 2138.561109 2149.740027 2156.744402 2162.428179 2159.796784 2151.324824 2147.754900 2156.336171 2172.286928 2186.770656 2203.034977 2224.615487 2246.135823 2268.727107 2292.341041 2315.667200 2341.477162 2368.045879 2395.284856 2423.272370 2447.609433 2469.757666 2481.337645 2493.310061 2497.674803
2423.224875 2409.316507 2383.251365 2354.629681 2323.881888 2288.639666 2261.710639 2229.630707 2198.978042 2169.265625 2143.416484 2129.198556 2121.484080 2107.768667 2089.893771 2077.808375 2061.697355 2048.841018 2052.474321 2054.040027 2062.923800 2061.923739 2062.569955 2059.815733 2058.940260 2055.910901 2048.156105 2058.239233 2065.107450 2078.939561 2089.266928 2098.965068 2105.048148 2108.993242 2109.918273 2105.221259 2110.570371 2117.380491 2131.738231 2143.539864 2158.052313 2178.757686 2196.386992 2216.185906 2239.327772 2263.188830 2288.142669 2314.824110 2343.689633 2369.506997 2389.218049 2398.294257 2409.549791 2414.264358 2406.951248
