tests/Borden05m/sims/sim_1/output-maps/psiliqL0028N0009.asc
ncols         160
nrows         34
xllcorner     620200.000000
yllcorner     5168000.000000
cellsize      0.500000
NODATA_value  -9999.0
[rows 0 to 24 of 34, columns 55 to 109 of 160]
-9999.0 -9999.0 -9999.0 -9999.0 -9999.0 -9999.0 -9999.0 -9999.0 -9999.0 -9999.0 -9999.0 -9999.0 -9999.0 -9999.0 -9999.0 -9999.0 -9999.0 -9999.0 -9999.0 -9999.0 -9999.0 -9999.0 -9999.0 -9999.0 -9999.0 -9999.0 -9999.0 -9999.0 -9999.0 -9999.0 -9999.0 -9999.0 -9999.0 -9999.0 -9999.0 -9999.0 -9999.0 -9999.0 -9999.0 -9999.0 -9999.0 -9999.0 -9999.0 -9999.0 -9999.0 -9999.0 -9999.0 -9999.0 -9999.0 -9999.0 -9999.0 -9999.0 -9999.0 -9999.0 -9999.0
-9999.0 -9999.0 -9999.0 -9999.0 3797.616401 3792.342741 3787.643274 3783.186295 3774.726546 3765.397008 3757.615562 3753.392067 3752.177849 3751.313376 3750.620301 3755.389090 3763.408384 3770.969052 3777.752076 3780.118720 3782.403872 3784.152165 3784.300680 3783.131986 3779.849338 3776.450328 3773.022551 3771.259004 3763.994310 3752.890570 3744.646786 3741.958242 3746.085437 3750.396303 3752.841686 3757.901815 3768.214816 3778.766376 3787.340702 3799.997620 3807.187029 3812.555409 3815.072186 3811.091613 3807.856367 3803.852295 3797.544415 3786.435304 -9999.0 -9999.0 -9999.0 -9999.0 -9999.0 -9999.0 -9999.0
3742.560059 3760.886279 3781.985026 3785.056460 3773.250636 3768.127905 3764.992757 3763.366412 3759.198175 3750.711820 3745.592217 3740.067672 3737.259424 3737.209181 3737.006311 3740.536971 3751.324361 3759.022011 3763.481744 3766.072470 3768.892182 3767.057771 3766.177109 3765.905960 3762.945512 3759.395778 3755.963398 3754.055865 3755.640958 3748.021584 3741.925156 3737.935454 3734.762432 3737.526067 3740.255117 3745.015880 3754.116561 3761.965378 3769.896901 3785.200902 3798.497260 3804.260504 3801.711765 3797.191106 3793.377277 3785.855697 3774.994221 3765.065387 3757.239928 3751.305783 3746.001232 3739.499430 3746.018888 3754.126803 3763.394917
3725.735584 3744.874152 3765.328397 3767.809326 3757.584547 3749.913008 3742.753456 3743.283610 3746.888686 3743.661690 3738.769356 3730.488419 3740.689129 3741.574769 3742.126230 3745.208742 3746.806460 3752.154034 3754.434294 3759.680712 3768.571378 3771.316372 3771.658261 3771.611086 3769.527723 3766.177996 3764.119019 3761.249046 3755.900895 3753.947962 3753.460092 3751.983837 3755.911546 3757.424902 3760.513398 3755.205142 3759.760721 3766.018188 3773.005075 3778.364746 3784.426081 3786.731729 3783.447378 3784.285038 3775.976738 3762.387288 3752.773374 3745.522580 3746.148057 3743.293417 3735.416374 3721.597519 3730.159831 3746.429191 3751.307465
3730.161030 3738.986955 3749.298888 3751.668357 3746.579628 3748.878583 3750.635603 3751.732092 3749.764342 3746.073472 3741.248548 3751.262738 3759.306371 3760.538238 3762.795272 3766.694826 3767.681476 3756.897744 3754.840638 3761.862016 3771.319306 3776.281183 3776.368896 3775.870047 3771.848312 3770.583606 3770.328450 3768.524293 3767.745600 3769.108958 3766.251833 3768.894939 3774.312657 3777.679780 3772.863641 3764.566792 3767.037081 3775.604970 3784.886219 3792.518621 3802.609681 3813.301544 3813.799132 3809.476798 3801.075826 3788.836073 3766.577836 3749.431771 3738.502387 3730.430714 3723.216545 3726.738586 3721.850026 3736.150848 3738.041269
3714.211559 3735.439635 3755.244468 3760.720981 3754.651192 3751.072053 3750.014342 3750.560937 3749.341467 3749.323099 3757.373571 3768.773411 3779.386825 3781.178184 3782.792645 3781.294115 3773.947654 3763.558852 3760.993964 3773.933030 3790.665464 3798.385353 3797.641991 3792.670469 3795.110783 3795.430603 3796.257810 3793.117999 3793.597315 3790.536196 3795.218545 3802.893697 3810.990246 3809.695605 3797.239349 3784.755944 3784.922227 3790.814464 3798.351938 3806.148405 3816.281804 3825.300498 3820.546296 3815.721771 3808.787783 3783.667871 3761.770958 3747.916435 3748.318988 3749.232438 3744.941090 3743.173129 3742.726431 3739.169724 3739.584390
3749.327308 3768.186267 3788.400939 3800.862821 3794.594848 3787.192449 3779.000301 3779.089515 3779.020753 3784.446381 3794.342493 3806.282774 3827.577082 3826.461568 3826.427499 3824.420796 3811.205438 3797.812882 3788.006214 3810.726724 3821.867963 3828.752142 3825.451581 3829.772997 3838.190167 3834.758956 3828.732931 3816.375210 3821.859055 3827.482934 3842.642391 3850.769223 3856.283079 3851.173725 3836.829310 3829.895940 3831.899943 3839.048331 3840.811752 3850.120689 3858.639746 3873.529242 3872.055890 3869.627203 3850.130246 3813.074238 3784.532054 3773.145842 3785.444307 3779.980395 3773.647262 3774.133618 3763.573236 3757.009100 3760.014732
3779.462584 3792.243607 3808.179830 3824.466274 3814.962696 3804.893438 3787.899186 3784.358319 3788.005200 3798.193609 3815.486177 3832.718158 3852.060303 3849.278880 3841.213886 3850.887116 3843.824606 3832.746217 3825.343194 3848.390694 3858.191033 3868.196144 3873.305550 3885.959011 3896.238099 3878.639305 3860.779819 3849.552470 3856.876737 3883.428669 3906.686162 3911.467577 3910.201703 3909.107712 3892.794091 3888.221433 3885.315362 3886.511127 3884.363486 3882.815677 3909.261159 3931.575341 3931.527771 3910.172850 3887.524925 3847.260616 3809.355263 3786.111823 3801.094617 3797.553163 3801.446452 3792.032409 3780.834738 3775.079987 3773.646402
3826.638031 3847.213816 3863.089204 3885.185790 3874.636963 3850.647393 3833.425830 3835.742189 3849.505810 3857.805262 3876.870275 3893.012283 3918.067227 3928.883671 3939.008798 3942.979338 3936.161491 3927.695588 3915.864336 3922.282708 3947.325297 3958.968540 3966.987518 3975.066678 3987.792945 3987.380417 3979.788185 3977.745989 3982.327675 3996.863903 4012.244070 4019.036816 4021.752187 4023.914928 4009.171050 3995.808551 3994.463357 3989.487613 3989.077523 3988.531258 4001.350795 4023.348766 4019.865847 3981.535253 3954.525922 3918.767452 3879.910337 3850.630683 3846.031320 3866.928149 3865.990697 3849.926492 3840.690471 3815.959669 3812.469530
3893.988282 3926.811919 3950.913463 3960.675910 3967.374881 3951.164464 3948.625934 3952.953667 3961.651704 3964.628514 3970.991565 4003.584375 4037.433691 4061.975123 4084.692526 4091.753470 4079.163425 4069.399294 4055.627388 4046.939855 4059.153509 4076.977292 4094.898269 4109.780190 4121.182554 4123.032501 4121.395663 4121.428692 4124.750336 4127.783946 4132.351398 4141.265365 4149.021738 4157.495811 4165.057985 4153.834362 4136.742188 4127.920430 4119.607874 4119.444691 4121.240736 4125.928287 4127.093683 4108.706565 4064.674198 4032.239923 3999.776042 3981.360052 3969.096741 3970.792566 3952.516375 3927.579539 3874.955476 3837.790829 3806.790717
3978.335157 4023.480297 4052.892832 4069.239202 4081.783343 4077.987076 4079.912921 4080.829534 4084.364274 4086.403445 4088.537753 4116.308873 4158.994882 4199.141199 4230.950966 4230.231787 4215.756916 4204.266489 4195.382087 4180.333450 4176.313068 4189.890667 4206.177210 4227.343939 4237.675672 4243.183816 4239.417073 4239.614121 4241.689177 4244.118895 4246.353788 4250.336518 4260.534962 4276.295276 4291.467290 4290.244158 4270.164150 4251.924551 4236.037197 4234.328058 4232.429559 4227.555332 4230.209711 4232.187888 4214.566550 4181.818111 4140.851097 4100.376141 4084.965922 4070.520740 4059.673167 4042.212810 3998.665852 3928.869195 3887.521963
4094.365692 4130.221298 4159.630807 4190.286163 4204.728864 4206.170473 4203.236551 4201.644529 4208.771590 4210.999239 4215.984970 4232.756851 4266.842894 4303.952315 4334.546059 4349.795986 4341.258119 4322.215921 4298.970998 4288.226939 4284.994756 4288.970770 4299.143322 4313.066857 4333.526320 4353.793075 4359.688710 4360.612244 4357.874509 4360.396797 4362.074643 4362.215214 4365.547060 4374.876585 4385.391870 4388.946810 4380.496301 4358.253422 4333.903707 4322.989550 4316.795402 4313.502810 4315.008703 4320.838360 4324.658339 4309.000884 4271.595679 4225.310540 4195.525166 4181.259249 4168.693947 4154.162651 4141.062798 4105.123695 4083.124410
4205.044204 4220.934472 4250.149084 4279.786612 4302.434392 4317.018023 4316.839152 4319.484280 4324.382215 4331.353975 4346.508743 4370.984270 4391.350247 4415.466941 4443.465655 4460.697762 4465.927742 4463.834595 4459.136632 4460.209019 4460.612637 4388.930855 4395.990401 4403.039602 4422.541687 4439.744984 4446.042121 4446.769632 4443.867014 4445.889723 4446.762812 4446.601109 4446.221429 4449.106161 4454.898074 4457.111722 4454.375094 4440.269357 4462.122856 4441.260182 4427.331000 4418.866751 4410.402566 4402.106398 4392.567445 4382.443370 4361.247212 4329.083190 4294.004643 4273.306494 4265.802387 4259.488250 4250.299428 4244.227370 4226.440735
4304.613822 4315.247603 4334.291755 4357.915929 4393.698554 4418.390780 4430.181028 4439.812974 4444.565127 4459.042850 4476.617850 4458.017025 4467.525299 4477.364602 4487.140989 4490.498283 4491.459555 4491.015999 4488.571984 4487.685308 4485.070469 4481.852333 4471.120022 4472.759030 4474.818659 4477.474925 4481.269938 4480.215352 4481.375191 4484.345926 4482.515781 4476.315829 4472.105055 4470.525087 4471.656927 4479.189788 4482.777857 4483.781232 4479.833892 4478.830929 4477.690866 4473.798779 4468.939583 4462.089546 4453.327001 4470.912713 4458.243212 4428.807586 4386.477142 4343.396555 4336.829667 4339.723290 4339.280551 4337.830082 4332.081864
4434.927126 4449.223390 4464.632216 4437.810225 4463.377889 4476.462419 4482.580518 4487.112701 4490.060246 4493.706860 4490.746318 4487.827493 4482.865104 4481.206625 4479.822514 4477.352291 4477.970592 4476.080409 4471.950327 4467.752747 4459.379605 4447.554565 4436.371884 4432.543023 4436.783224 4442.564377 4447.935846 4452.705698 4456.541897 4456.290307 4450.614303 4441.992093 4434.281330 4432.673731 4439.683709 4445.502544 4452.367677 4453.300742 4451.897372 4449.274577 4448.910895 4445.423327 4445.563422 4452.832888 4468.047566 4470.078316 4476.832787 4475.870890 4456.818728 4422.319269 4438.291334 4418.046593 4424.567337 4419.837113 4408.312274
4481.673646 4484.844851 4482.978752 4482.038707 4475.520057 4469.363499 4468.550682 4472.606283 4479.720910 4480.718104 4473.593488 4464.868428 4457.493959 4449.830282 4447.380882 4446.949345 4446.763104 4447.338385 4441.993404 4432.247389 4414.717094 4403.056214 4391.963074 4386.004238 4381.746343 4384.849167 4396.484217 4409.336998 4414.500850 4404.548886 4395.795647 4383.627324 4375.502704 4375.996194 4376.751468 4386.434341 4404.073352 4412.374876 4413.215683 4406.405719 4399.430745 4392.582509 4389.277080 4395.685832 4411.219837 4428.519605 4444.759302 4454.251920 4462.159341 4469.510341 4466.690690 4469.827847 4471.554071 4469.116876 4473.126130
4476.378104 4469.252494 4462.128292 4456.718276 4450.256242 4444.996141 4443.091715 4444.814298 4446.498642 4442.162555 4435.781697 4425.727018 4414.559897 4404.760152 4396.729801 4397.768618 4400.147977 4401.953737 4394.385641 4378.679620 4360.612016 4347.006757 4333.052528 4329.085999 4322.908042 4314.408037 4324.448721 4344.877738 4352.564776 4335.799743 4324.621310 4309.116811 4302.679210 4298.451540 4299.067661 4307.934076 4331.178651 4356.538635 4358.874449 4347.622929 4336.430035 4331.756250 4328.450641 4332.749516 4349.337678 4370.582624 4387.176190 4397.964302 4403.336719 4411.154288 4420.627546 4435.504080 4450.842838 4463.619838 4467.496605
4450.814424 4443.008077 4435.293986 4427.592713 4420.651806 4414.383334 4410.020807 4408.038003 4403.738067 4397.524503 4390.402620 4368.168196 4355.539822 4342.279520 4326.950245 4322.869263 4317.581798 4318.474963 4306.807461 4299.265079 4283.160650 4267.752040 4252.063487 4238.000620 4232.260829 4225.341565 4222.304754 4235.363082 4243.680313 4235.014737 4225.437162 4215.260628 4211.107502 4207.735448 4210.373330 4220.909239 4239.960215 4258.302169 4267.151713 4260.005508 4259.666017 4260.315422 4258.754184 4265.346311 4275.494902 4293.222367 4316.168667 4335.987180 4346.151333 4352.964734 4362.107292 4376.690710 4391.008032 4405.616397 4424.012270
4420.110368 4410.699739 4400.681143 4390.828017 4380.220976 4369.555724 4362.874528 4365.760530 4359.762772 4354.195036 4329.696837 4272.397351 4250.454446 4231.147889 4214.569779 4207.510329 4198.742100 4180.656822 4172.029546 4167.964504 4172.138255 4158.457748 4140.900331 4122.823248 4117.981632 4114.577859 4095.273502 4088.522267 4088.468268 4107.569585 4101.818996 4101.627600 4104.498665 4102.168675 4103.049724 4115.656836 4122.464769 4126.906817 4133.898686 4140.262488 4151.833927 4160.503933 4172.344123 4189.967853 4200.419520 4215.370698 4235.607949 4261.889633 4278.006042 4287.610581 4297.972448 4313.292025 4329.469974 4347.411329 4369.969957
4385.152766 4367.957541 4353.091882 4338.621837 4325.807396 4312.822488 4296.301624 4298.320001 4296.377348 4285.590115 4227.476509 4186.930319 4152.627276 4135.558490 4111.460175 4097.324056 4079.650985 4038.352040 4020.140881 4020.984743 4038.185845 4036.142201 4021.257892 4009.898506 4000.196451 3990.206958 3971.349404 3950.238899 3956.666341 3976.690529 3978.974696 3983.570512 3992.402515 3992.220248 3984.737630 3980.069407 3991.579185 3996.464064 4008.061331 4027.316322 4032.473509 4050.793898 4086.467597 4099.197091 4114.255062 4132.275126 4152.373521 4174.345872 4197.475403 4211.725251 4227.037945 4245.400663 4262.034893 4282.254436 4304.673934
4333.268205 4301.385820 4279.865137 4262.251497 4242.649706 4214.212958 4194.218717 4191.918368 4185.849469 4154.394930 4100.544541 4065.956864 4044.006925 4022.275498 3999.507022 3974.534609 3934.698375 3899.175712 3877.001132 3895.336673 3907.652258 3921.983383 3911.278489 3901.056105 3891.659493 3872.626125 3855.460175 3837.868042 3849.546374 3858.280243 3879.976354 3887.757273 3891.791258 3898.547179 3897.026048 3884.653982 3876.949408 3884.795508 3894.529772 3906.882010 3930.428744 3967.463131 3992.266948 4010.699788 4031.035278 4049.224953 4070.081025 4092.630760 4115.496852 4132.486707 4150.549238 4168.653293 4189.273655 4207.807503 4230.011734
4250.352382 4222.130928 4195.977927 4172.768069 4139.884097 4091.746564 4077.436672 4068.383099 4044.285657 3994.095353 3952.613157 3935.280422 3925.016200 3902.313322 3882.182400 3852.833800 3818.410569 3798.143609 3777.692387 3789.242158 3800.659060 3823.215136 3815.464597 3809.928183 3807.911852 3792.570251 3779.555712 3762.677874 3768.732021 3781.547894 3806.720744 3813.260140 3817.630263 3827.694059 3827.027829 3821.772909 3801.904866 3808.060157 3818.856531 3833.695636 3865.570303 3887.536986 3909.446000 3931.106146 3949.998581 3970.994303 3992.520522 4014.907453 4041.139144 4060.354413 4078.950135 4100.065628 4118.564797 4131.607841 4146.370840
4140.124264 4116.798327 4098.182736 4074.236265 4029.938968 3986.032954 3943.580533 3914.324122 3858.654626 3823.626838 3807.128066 3810.526942 3800.418575 3782.153987 3764.602777 3746.492879 3726.321758 3709.168670 3684.413671 3690.783870 3707.984355 3726.299047 3729.846253 3732.345067 3731.654886 3723.155347 3709.968428 3696.465200 3700.334008 3718.041931 3736.417486 3747.241242 3755.285702 3763.071087 3762.610213 3752.180935 3741.486997 3745.743774 3761.132011 3776.877150 3793.103994 3812.746612 3832.653432 3852.384344 3874.160109 3895.890425 3917.857663 3941.783006 3967.824661 3988.688305 4011.620156 4035.231753 4050.381585 4057.623421 4063.257851
4036.773106 4018.839660 3996.440293 3969.033581 3927.088478 3888.377056 3848.351772 3799.395422 3766.961735 3739.811122 3736.609804 3723.293369 3712.484803 3700.284532 3681.425590 3667.040837 3654.458889 3634.392231 3627.264267 3635.755001 3649.875410 3657.691318 3666.057772 3664.666587 3662.971081 3658.227112 3644.512887 3642.118770 3652.656572 3667.838815 3681.215270 3693.149744 3700.042629 3704.785680 3701.480946 3691.818474 3689.381969 3697.258047 3712.305004 3724.881043 3738.254214 3757.736125 3776.368199 3796.729313 3817.913268 3838.550717 3861.622405 3885.423319 3910.242529 3936.534637 3957.518610 3974.169887 3981.176728 3988.965190 3985.596192
3912.855022 3903.527272 3878.434318 3850.666992 3823.194610 3792.503236 3770.881663 3741.301288 3712.996052 3685.839069 3661.383720 3651.870228 3648.190942 3637.483893 3622.657611 3613.471927 3599.570872 3592.658700 3601.326907 3602.765429 3610.474457 3608.224946 3609.757517 3607.950658 3607.903397 3606.649014 3602.080653 3615.463313 3621.750196 3634.756405 3644.498392 3654.206094 3659.721491 3662.941229 3664.208038 3660.355508 3666.537723 3671.846670 3684.665434 3694.908709 3707.068110 3725.644139 3741.106457 3758.412755 3779.043323 3800.373232 3822.446584 3846.433393 3872.846896 3895.739614 3911.350586 3915.800872 3922.960425 3921.693654 3907.637020
