tests/Borden05m/sims/sim_1/output-maps/psiliqL0024N0017.asc
ncols         160
nrows         34
xllcorner     620200.000000
yllcorner     5168000.000000
cellsize      0.500000
NODATA_value  -9999.0
[rows 0 to 24 of 34, columns 0 to 54 of 160]
-9999.0 -9999.0 -9999.0 -9999.0 -9999.0 -9999.0 -9999.0 -9999.0 -9999.0 -9999.0 -9999.0 -9999.0 -9999.0 -9999.0 -9999.0 -9999.0 -9999.0 -9999.0 -9999.0 -9999.0 -9999.0 -9999.0 -9999.0 -9999.0 -9999.0 -9999.0 -9999.0 -9999.0 -9999.0 -9999.0 -9999.0 -9999.0 -9999.0 -9999.0 -9999.0 -9999.0 -9999.0 -9999.0 -9999.0 -9999.0 -9999.0 -9999.0 -9999.0 -9999.0 -9999.0 -9999.0 -9999.0 -9999.0 -9999.0 -9999.0 -9999.0 -9999.0 -9999.0 -9999.0 -9999.0
-9999.0 -9999.0 -9999.0 -9999.0 -9999.0 -9999.0 -9999.0 -9999.0 -9999.0 -9999.0 -9999.0 -9999.0 -9999.0 -9999.0 -9999.0 -9999.0 -9999.0 -9999.0 -9999.0 -9999.0 -9999.0 -9999.0 -9999.0 -9999.0 -9999.0 -9999.0 -9999.0 -9999.0 -9999.0 -9999.0 -9999.0 -9999.0 -9999.0 -9999.0 -9999.0 -9999.0 -9999.0 -9999.0 -9999.0 -9999.0 -9999.0 -9999.0 -9999.0 -9999.0 -9999.0 -9999.0 -9999.0 -9999.0 -9999.0 -9999.0 -9999.0 -9999.0 -9999.0 -9999.0 -9999.0
-9999.0 -9999.0 -9999.0 -9999.0 -9999.0 -9999.0 -9999.0 -9999.0 -9999.0 -9999.0 -9999.0 -9999.0 -9999.0 -9999.0 -9999.0 -9999.0 -9999.0 -9999.0 -9999.0 -9999.0 -9999.0 -9999.0 -9999.0 -9999.0 -9999.0 -9999.0 -9999.0 -9999.0 -9999.0 -9999.0 -9999.0 -9999.0 -9999.0 -9999.0 -9999.0 -9999.0 -9999.0 -9999.0 -9999.0 -9999.0 -9999.0 -9999.0 -9999.0 -9999.0 -9999.0 -9999.0 -9999.0 2881.832733 2864.677332 2850.995202 2846.620886 2867.833045 2890.915372 2914.693477 2935.188149
-9999.0 -9999.0 -9999.0 -9999.0 -9999.0 -9999.0 -9999.0 -9999.0 -9999.0 -9999.0 -9999.0 -9999.0 -9999.0 -9999.0 -9999.0 -9999.0 -9999.0 -9999.0 -9999.0 -9999.0 -9999.0 -9999.0 -9999.0 -9999.0 -9999.0 -9999.0 -9999.0 -9999.0 -9999.0 -9999.0 -9999.0 -9999.0 -9999.0 -9999.0 -9999.0 -9999.0 -9999.0 -9999.0 -9999.0 -9999.0 2931.868125 2937.776857 2937.720102 2927.787199 2916.476970 2902.969449 2882.437917 2865.192813 2851.903517 2849.916755 2852.367902 2855.299913 2876.138513 2901.396293 2921.224628
-9999.0 -9999.0 -9999.0 -9999.0 -9999.0 -9999.0 -9999.0 -9999.0 -9999.0 -9999.0 -9999.0 -9999.0 -9999.0 -9999.0 -9999.0 -9999.0 -9999.0 -9999.0 -9999.0 -9999.0 -9999.0 -9999.0 -9999.0 -9999.0 -9999.0 -9999.0 -9999.0 -9999.0 -9999.0 -9999.0 -9999.0 -9999.0 -9999.0 -9999.0 2839.504606 2856.458972 2874.360901 2892.869873 2909.789277 2916.798112 2922.600624 2927.970379 2923.366161 2918.886428 2907.192922 2886.358771 2867.004753 2854.085684 2852.962821 2850.508518 2854.090690 2865.696116 2882.231991 2897.268036 2917.721061
-9999.0 -9999.0 -9999.0 -9999.0 -9999.0 -9999.0 -9999.0 -9999.0 -9999.0 -9999.0 -9999.0 -9999.0 -9999.0 -9999.0 -9999.0 -9999.0 -9999.0 -9999.0 -9999.0 -9999.0 -9999.0 -9999.0 -9999.0 -9999.0 -9999.0 -9999.0 -9999.0 -9999.0 2844.982814 2839.029255 2834.168648 2832.578974 2831.114816 2830.106499 2836.730215 2847.891925 2864.976368 2886.948917 2900.146186 2907.360762 2914.171430 2914.505693 2908.643440 2906.812687 2907.192710 2894.534349 2882.223846 2870.692322 2859.425964 2856.373370 2865.212342 2879.290230 2895.332894 2909.755582 2924.811922
-9999.0 -9999.0 -9999.0 -9999.0 -9999.0 -9999.0 -9999.0 -9999.0 -9999.0 -9999.0 -9999.0 -9999.0 -9999.0 -9999.0 -9999.0 -9999.0 -9999.0 -9999.0 -9999.0 -9999.0 -9999.0 -9999.0 -9999.0 2815.074997 2820.066519 2826.549449 2834.152367 2835.069958 2831.630217 2826.182512 2823.411394 2821.920254 2819.638667 2824.075198 2831.085563 2843.960565 2859.125207 2881.207058 2889.338323 2893.686561 2904.988668 2908.414729 2915.805152 2919.551398 2917.489307 2913.353402 2898.546887 2887.049361 2889.347239 2893.346622 2899.925114 2907.922437 2921.039098 2934.636494 2949.779577
-9999.0 -9999.0 -9999.0 -9999.0 -9999.0 -9999.0 -9999.0 -9999.0 -9999.0 -9999.0 -9999.0 -9999.0 -9999.0 -9999.0 -9999.0 -9999.0 -9999.0 -9999.0 -9999.0 2791.190179 2792.237655 2793.704522 2798.505008 2798.197341 2799.894361 2806.609281 2814.545948 2817.282084 2815.030480 2813.878684 2815.088025 2817.515712 2821.817002 2832.130068 2845.271593 2858.886374 2871.458747 2891.754175 2905.780840 2917.848633 2932.802986 2932.770248 2928.800643 2926.790475 2926.424773 2924.629265 2923.444598 2922.623470 2928.398583 2929.249437 2932.730920 2941.384312 2952.178373 2968.323740 2985.248246
-9999.0 -9999.0 -9999.0 -9999.0 -9999.0 -9999.0 -9999.0 -9999.0 -9999.0 -9999.0 -9999.0 -9999.0 -9999.0 -9999.0 -9999.0 -9999.0 2773.740660 2775.861035 2778.689957 2784.693803 2788.827590 2793.324900 2800.709829 2788.151468 2789.993708 2796.803366 2801.065601 2810.016463 2818.044020 2824.792067 2830.230713 2832.209789 2838.307076 2846.963096 2857.786372 2871.157862 2890.699741 2913.456476 2928.482968 2944.509138 2961.084577 2961.092524 2958.936619 2958.781719 2956.992999 2957.923035 2972.054420 2975.019427 2970.188411 2980.313145 2991.797578 2993.988517 2987.666083 3005.590412 3026.909672
-9999.0 -9999.0 -9999.0 -9999.0 -9999.0 -9999.0 -9999.0 -9999.0 -9999.0 -9999.0 -9999.0 -9999.0 -9999.0 2723.341761 2727.685154 2738.314736 2750.003969 2753.498283 2758.916641 2766.099455 2778.794740 2782.961485 2789.402436 2796.956219 2792.857574 2800.308012 2808.652248 2819.848995 2827.307118 2833.631444 2839.405363 2841.993324 2852.962266 2866.335083 2880.072697 2898.478427 2919.464901 2937.298893 2954.424570 2969.831493 2981.067162 2978.529558 2977.055547 2978.569864 2982.694515 2983.499811 2998.601629 2999.351953 3009.286122 3029.059121 3038.746873 3045.727217 3050.569334 3063.267784 3083.651605
-9999.0 -9999.0 -9999.0 -9999.0 -9999.0 -9999.0 -9999.0 -9999.0 -9999.0 -9999.0 2693.915876 2695.855109 2692.656239 2690.860666 2697.070725 2709.963469 2725.003505 2731.312321 2743.871865 2765.765924 2784.858155 2788.449349 2802.018816 2795.851964 2800.461371 2809.621814 2821.697278 2832.974998 2847.620766 2858.390640 2866.616938 2882.412262 2897.146838 2912.241010 2928.442403 2947.665983 2962.771756 2985.844957 2998.990909 3006.462971 3023.012172 3026.122019 3021.176257 3018.627116 3026.662559 3036.831252 3051.478617 3067.257505 3084.873218 3106.173976 3116.664475 3128.772856 3137.125707 3146.877611 3161.182666
-9999.0 -9999.0 -9999.0 -9999.0 -9999.0 -9999.0 -9999.0 -9999.0 2668.307333 2676.606600 2682.548222 2679.752598 2675.763149 2670.768607 2685.882460 2701.990468 2718.481761 2737.326103 2753.526839 2772.223587 2786.480538 2801.703719 2804.382315 2812.929073 2822.785901 2836.929749 2849.077951 2863.269095 2882.757851 2890.392734 2901.437542 2920.025484 2934.548296 2950.434884 2967.571785 2982.880813 2991.194182 3019.736444 3047.055790 3063.020720 3087.934658 3104.737162 3098.974979 3097.066963 3097.958102 3120.264783 3145.791220 3173.716728 3189.277940 3212.030540 3239.313148 3257.074703 3265.823560 3276.448954 3289.769247
-9999.0 -9999.0 -9999.0 -9999.0 -9999.0 -9999.0 2639.026217 2663.655604 2679.240621 2671.151205 2658.188250 2653.801319 2648.568616 2678.750854 2701.731284 2719.740857 2737.147435 2755.309750 2772.020350 2781.202841 2794.329640 2811.851108 2822.517540 2835.796138 2849.404776 2862.968520 2878.486011 2899.181981 2916.401777 2938.186260 2955.094032 2971.595442 2982.834335 2998.428228 3014.163851 3027.199142 3053.311437 3086.724105 3120.172485 3144.122104 3167.729831 3194.654694 3194.731623 3196.423230 3198.292756 3220.401855 3252.616473 3281.377079 3312.360268 3342.246419 3369.304471 3378.852272 3387.421599 3396.958523 3409.014955
-9999.0 -9999.0 -9999.0 -9999.0 2605.723380 2626.734663 2645.939699 2676.429471 2698.915967 2694.419844 2699.755949 2698.744807 2695.433186 2700.956988 2709.669955 2727.822289 2747.597893 2767.621387 2782.610471 2793.118403 2836.823499 2847.885044 2865.551388 2894.556345 2905.254232 2918.668623 2933.504347 2953.531842 2971.740442 2987.100347 3020.996383 3050.127911 3070.239423 3088.541395 3106.604333 3123.177011 3156.356649 3188.788962 3223.014319 3253.724884 3280.004505 3304.651335 3311.673427 3316.415780 3326.008721 3342.081650 3363.592217 3389.673802 3421.844956 3453.121348 3476.084830 3485.536838 3490.806184 3500.040418 3507.707601
-9999.0 -9999.0 -9999.0 2552.183745 2591.342936 2630.875393 2657.071256 2687.791034 2720.545546 2721.914049 2731.267670 2732.746936 2733.409543 2740.205997 2745.317089 2762.761180 2781.313519 2800.920537 2803.627850 2835.125632 2864.543011 2883.955919 2911.649726 2928.571891 2942.352848 2955.081146 2972.764550 2992.382778 3015.017648 3043.512615 3088.494895 3137.948568 3169.474698 3185.548380 3206.327841 3232.380372 3256.166943 3292.792819 3325.770560 3356.932411 3385.926164 3407.687137 3422.138758 3426.752518 3435.666767 3441.480897 3454.274272 3474.661459 3496.219831 3525.794124 3554.198451 3581.423017 3595.898382 3606.291973 3622.712226
-9999.0 -9999.0 2503.852980 2543.142433 2575.108689 2622.789417 2676.190832 2711.625501 2751.820733 2772.248772 2776.847213 2789.234456 2789.149863 2790.330804 2799.973109 2813.041435 2833.663300 2841.637190 2859.658868 2877.601987 2916.046608 2951.439259 2951.573544 2979.736302 3008.382290 3038.433813 3057.459629 3082.728920 3117.854807 3151.806216 3192.383936 3240.467366 3274.223554 3301.376205 3316.245169 3335.142267 3354.868683 3379.010863 3413.939993 3439.422868 3471.552238 3496.296829 3515.665693 3517.285931 3520.015908 3535.512006 3562.296009 3591.304806 3618.623170 3645.844904 3634.556319 3654.930861 3664.020663 3669.092244 3677.066514
-9999.0 -9999.0 2474.199485 2520.543714 2556.284962 2616.247793 2701.914743 2737.222159 2778.117166 2814.747760 2828.591827 2850.066974 2846.472080 2839.082224 2857.395105 2872.860096 2891.203124 2898.207556 2893.019188 2944.162263 2985.610167 3013.286309 3026.597056 3098.861241 3148.090215 3169.370896 3181.016207 3199.969065 3219.534647 3257.533969 3296.910166 3349.403338 3389.350651 3418.218043 3432.108104 3450.720939 3469.434449 3484.196127 3502.795731 3546.937660 3579.752911 3608.720670 3638.842846 3659.420867 3667.232738 3671.601871 3649.265900 3666.264227 3677.794285 3682.767278 3684.701646 3680.984634 3680.378589 3681.158192 3682.087428
-9999.0 2381.444632 2433.971125 2485.079142 2550.433630 2613.268363 2690.162967 2766.382227 2822.385575 2872.153204 2897.633523 2894.124875 2900.935093 2928.714740 2948.860651 2966.983270 2971.686169 2980.541584 2962.886916 3002.288055 3038.875913 3091.301620 3187.888983 3243.864953 3301.500479 3297.864328 3286.710484 3292.371470 3309.011778 3353.485319 3427.812685 3480.706252 3542.352341 3588.175384 3604.001743 3610.652542 3628.391368 3648.288063 3604.809913 3642.949518 3660.411995 3674.985970 3682.631534 3684.640405 3685.762420 3685.553596 3681.938319 3675.043877 3666.957306 3661.179799 3656.993026 3652.490456 3654.921380 3658.237962 3658.556735
-9999.0 2343.553844 2401.378665 2470.469791 2538.757287 2589.902031 2676.725205 2830.635188 2890.055132 2927.261538 2935.647630 2919.902052 2980.490334 3032.891148 3057.378779 3100.918024 3086.447006 3071.400254 3038.246907 3063.060824 3102.212233 3168.854728 3331.101541 3416.594014 3462.308202 3470.176873 3471.639764 3498.739004 3540.378725 3584.395103 3626.518856 3601.231224 3645.096120 3666.583979 3671.074872 3671.703655 3676.525765 3675.230138 3673.565133 3669.217910 3664.131184 3664.280801 3668.749344 3668.577141 3665.658819 3662.353412 3656.700470 3649.275628 3644.029661 3639.409378 3636.739087 3633.877237 3631.998587 3631.427878 3626.723966
-9999.0 2304.964762 2379.237793 2438.554267 2488.133507 2583.558524 2713.293862 2847.218104 2941.714955 2975.771965 2961.197846 2995.628249 3095.620337 3195.769371 3246.010916 3266.459548 3250.191006 3206.302604 3189.781783 3232.025443 3299.652806 3411.260871 3538.725871 3631.966188 3646.129551 3649.124916 3606.652834 3629.506210 3650.688232 3653.198799 3654.192499 3661.075789 3666.069295 3668.913506 3667.376207 3664.491198 3659.709317 3651.580866 3646.757322 3643.142610 3639.417869 3638.363550 3640.444684 3642.136442 3639.369553 3635.497965 3631.029613 3625.448697 3619.193870 3612.481966 3608.253361 3604.071872 3601.971621 3596.611593 3593.020359
-9999.0 2185.371635 2280.554146 2323.553000 2404.637760 2591.032524 2720.250884 2853.612352 3009.409626 3031.547547 3080.613209 3212.529429 3326.752046 3403.543277 3432.994311 3466.482411 3490.585766 3506.838155 3541.984852 3437.028953 3511.380378 3599.560350 3639.401964 3656.678250 3664.615156 3664.945735 3655.348358 3634.815586 3624.134535 3617.384504 3618.990211 3626.232950 3631.010732 3635.880013 3633.603122 3634.555485 3635.445884 3632.171938 3628.210163 3619.596571 3611.801912 3605.274196 3602.264465 3607.042284 3602.367453 3599.891771 3593.780725 3585.476850 3576.716758 3569.366324 3561.522328 3555.007801 3552.755164 3547.740516 3546.581290
-9999.0 2104.481578 2177.731136 2242.114795 2357.186737 2521.207844 2622.892435 2782.510413 3002.695824 3132.465089 3285.762106 3371.092278 3439.966590 3483.855569 3534.847880 3584.211408 3609.516701 3619.948593 3592.314609 3611.492810 3570.246767 3559.436002 3576.322767 3604.448849 3620.540648 3624.431659 3616.416688 3606.979791 3599.735438 3598.611136 3596.577012 3592.933919 3589.204396 3585.844275 3582.703240 3585.477830 3590.635100 3583.711380 3573.833706 3564.639245 3556.339578 3547.301809 3541.451210 3537.036054 3537.179630 3537.402378 3529.870138 3519.490783 3508.787191 3500.614357 3493.439066 3488.854192 3486.305217 3481.457915 3472.288112
-9999.0 1987.662309 2118.686360 2197.697059 2296.227565 2426.340867 2534.025952 2687.838969 2810.415353 3043.577008 3184.297712 3358.886642 3405.290936 3471.438795 3519.650299 3590.179306 3586.350447 3554.799645 3513.087651 3496.639978 3506.134225 3514.665568 3523.270841 3538.202930 3555.462536 3565.257142 3569.597085 3563.241936 3549.116763 3537.182000 3526.825139 3513.823013 3504.827931 3502.562073 3506.007552 3515.482403 3516.293207 3507.055004 3493.200482 3475.448749 3460.181761 3448.642120 3446.518893 3449.076846 3450.032607 3446.127577 3440.249458 3429.667730 3417.230518 3405.084123 3399.247751 3394.869553 3387.713113 3376.931457 3365.950007
-9999.0 -9999.0 2034.424257 2143.127266 2238.489311 2350.934627 2444.000014 2565.816404 2707.887596 2868.908973 2978.766751 3147.245784 3235.440069 3278.087768 3313.674552 3367.743187 3390.900956 3419.165101 3410.796864 3420.542792 3429.194455 3434.042220 3439.555069 3445.871611 3456.485744 3466.061431 3475.655699 3472.882905 3463.978237 3444.074888 3419.388888 3400.234370 3390.058702 3381.238777 3392.827436 3405.133841 3400.097605 3393.277381 3380.865073 3365.365709 3352.830473 3338.769255 3335.320352 3335.362445 3335.936584 3333.621445 3330.894185 3318.751976 3306.571602 3296.528134 3292.425535 3286.906538 3283.208349 3273.470637 3263.016938
-9999.0 -9999.0 1946.541258 2051.097020 2154.766359 2272.581021 2358.718709 2382.219705 2520.918565 2627.134005 2734.667159 2829.687685 2922.308401 2981.999873 3015.449497 3075.397725 3127.969931 3145.198623 3178.698388 3226.803193 3258.765490 3295.343395 3316.904983 3326.292365 3338.657755 3352.602488 3360.086425 3345.431452 3334.221024 3317.303087 3294.558410 3268.656606 3255.498340 3254.527800 3254.163086 3256.352632 3249.140133 3240.185923 3225.888086 3211.855642 3199.652721 3190.431473 3186.848772 3181.748640 3179.711399 3177.077262 3175.458197 3173.161633 3164.703600 3159.772558 3151.753698 3147.824108 3146.821724 3143.361118 3137.314765
