tests/Borden05m/sims/sim_1/output-maps/psiliqL0001N0018.asc
ncols         160
nrows         34
xllcorner     620200.000000
yllcorner     5168000.000000
cellsize      0.500000
NODATA_value  -9999.0
[rows 0 to 24 of 34, columns 0 to 55 of 160]
-9999.0 -9999.0 -9999.0 -9999.0 -9999.0 -9999.0 -9999.0 -9999.0 -9999.0 -9999.0 -9999.0 -9999.0 -9999.0 -9999.0 -9999.0 -9999.0 -9999.0 -9999.0 -9999.0 -9999.0 -9999.0 -9999.0 -9999.0 -9999.0 -9999.0 -9999.0 -9999.0 -9999.0 -9999.0 -9999.0 -9999.0 -9999.0 -9999.0 -9999.0 -9999.0 -9999.0 -9999.0 -9999.0 -9999.0 -9999.0 -9999.0 -9999.0 -9999.0 -9999.0 -9999.0 -9999.0 -9999.0 -9999.0 -9999.0 -9999.0 -9999.0 -9999.0 -9999.0 -9999.0 -9999.0 -9999.0
-9999.0 -9999.0 -9999.0 -9999.0 -9999.0 -9999.0 -9999.0 -9999.0 -9999.0 -9999.0 -9999.0 -9999.0 -9999.0 -9999.0 -9999.0 -9999.0 -9999.0 -9999.0 -9999.0 -9999.0 -9999.0 -9999.0 -9999.0 -9999.0 -9999.0 -9999.0 -9999.0 -9999.0 -9999.0 -9999.0 -9999.0 -9999.0 -9999.0 -9999.0 -9999.0 -9999.0 -9999.0 -9999.0 -9999.0 -9999.0 -9999.0 -9999.0 -9999.0 -9999.0 -9999.0 -9999.0 -9999.0 -9999.0 -9999.0 -9999.0 -9999.0 -9999.0 -9999.0 -9999.0 -9999.0 -9999.0
-9999.0 -9999.0 -9999.0 -9999.0 -9999.0 -9999.0 -9999.0 -9999.0 -9999.0 -9999.0 -9999.0 -9999.0 -9999.0 -9999.0 -9999.0 -9999.0 -9999.0 -9999.0 -9999.0 -9999.0 -9999.0 -9999.0 -9999.0 -9999.0 -9999.0 -9999.0 -9999.0 -9999.0 -9999.0 -9999.0 -9999.0 -9999.0 -9999.0 -9999.0 -9999.0 -9999.0 -9999.0 -9999.0 -9999.0 -9999.0 -9999.0 -9999.0 -9999.0 -9999.0 -9999.0 -9999.0 -9999.0 -612.622666 -615.702617 -619.407764 -620.400473 -616.271327 -614.389653 -612.626180 -611.424507 -610.295964
-9999.0 -9999.0 -9999.0 -9999.0 -9999.0 -9999.0 -9999.0 -9999.0 -9999.0 -9999.0 -9999.0 -9999.0 -9999.0 -9999.0 -9999.0 -9999.0 -9999.0 -9999.0 -9999.0 -9999.0 -9999.0 -9999.0 -9999.0 -9999.0 -9999.0 -9999.0 -9999.0 -9999.0 -9999.0 -9999.0 -9999.0 -9999.0 -9999.0 -9999.0 -9999.0 -9999.0 -9999.0 -9999.0 -9999.0 -9999.0 -612.793917 -611.363684 -610.185045 -612.268610 -613.166161 -613.037444 -615.228203 -617.749301 -620.338617 -619.577737 -619.527196 -621.300434 -618.444504 -616.137133 -615.304460 -614.588319
-9999.0 -9999.0 -9999.0 -9999.0 -9999.0 -9999.0 -9999.0 -9999.0 -9999.0 -9999.0 -9999.0 -9999.0 -9999.0 -9999.0 -9999.0 -9999.0 -9999.0 -9999.0 -9999.0 -9999.0 -9999.0 -9999.0 -9999.0 -9999.0 -9999.0 -9999.0 -9999.0 -9999.0 -9999.0 -9999.0 -9999.0 -9999.0 -9999.0 -9999.0 -619.419668 -616.772948 -615.578388 -614.440027 -612.737191 -613.300716 -613.781479 -612.527577 -613.647518 -613.719671 -615.132197 -617.739089 -620.361038 -621.833352 -620.291179 -620.804804 -620.796217 -619.447233 -618.601938 -618.264530 -616.363615 -613.318319
-9999.0 -9999.0 -9999.0 -9999.0 -9999.0 -9999.0 -9999.0 -9999.0 -9999.0 -9999.0 -9999.0 -9999.0 -9999.0 -9999.0 -9999.0 -9999.0 -9999.0 -9999.0 -9999.0 -9999.0 -9999.0 -9999.0 -9999.0 -9999.0 -9999.0 -9999.0 -9999.0 -9999.0 -615.459566 -616.500455 -617.299066 -617.248560 -617.617062 -619.046950 -619.417371 -619.146346 -617.717634 -615.426112 -615.038751 -615.321386 -615.145350 -615.692630 -617.242037 -617.405136 -615.696648 -617.290332 -618.051629 -619.096093 -621.718968 -622.351519 -620.842218 -619.401390 -618.156040 -617.849441 -617.668195 -617.621900
-9999.0 -9999.0 -9999.0 -9999.0 -9999.0 -9999.0 -9999.0 -9999.0 -9999.0 -9999.0 -9999.0 -9999.0 -9999.0 -9999.0 -9999.0 -9999.0 -9999.0 -9999.0 -9999.0 -9999.0 -9999.0 -9999.0 -9999.0 -617.268178 -616.301964 -615.941255 -615.100937 -615.533896 -617.566887 -618.862263 -619.424908 -619.887536 -620.966607 -621.096442 -621.115986 -620.420439 -619.904221 -617.507075 -618.704295 -619.467048 -617.382995 -617.897096 -616.553077 -614.991871 -615.361615 -615.029773 -617.909273 -620.052688 -617.769620 -616.846250 -616.961064 -617.484911 -616.761203 -615.762185 -614.507631 -612.346403
-9999.0 -9999.0 -9999.0 -9999.0 -9999.0 -9999.0 -9999.0 -9999.0 -9999.0 -9999.0 -9999.0 -9999.0 -9999.0 -9999.0 -9999.0 -9999.0 -9999.0 -9999.0 -9999.0 -617.212387 -617.511030 -618.102859 -617.873449 -619.792835 -620.605668 -620.054922 -619.017397 -619.636328 -620.745805 -621.711716 -621.595526 -621.465687 -621.709762 -620.242833 -619.057848 -618.666861 -618.983464 -617.095273 -616.534683 -615.450990 -612.602164 -614.489488 -616.333984 -617.302645 -617.379316 -617.907705 -616.155043 -615.615957 -615.467202 -615.623719 -615.581639 -615.184451 -614.971159 -612.664415 -610.511531 -608.697210
-9999.0 -9999.0 -9999.0 -9999.0 -9999.0 -9999.0 -9999.0 -9999.0 -9999.0 -9999.0 -9999.0 -9999.0 -9999.0 -9999.0 -9999.0 -9999.0 -617.470357 -617.632967 -618.358589 -619.532454 -620.562019 -620.584645 -619.793754 -621.230932 -621.704864 -621.383378 -622.014874 -621.306446 -620.541758 -619.619253 -619.206497 -620.237905 -620.046749 -620.196254 -620.320353 -619.841131 -617.701477 -615.736961 -615.322283 -613.900649 -611.317966 -612.833831 -613.477678 -613.401642 -614.340623 -613.515917 -609.607572 -610.237608 -611.918477 -607.780213 -605.610476 -606.421584 -606.861229 -604.239632 -600.195116 -594.841077
-9999.0 -9999.0 -9999.0 -9999.0 -9999.0 -9999.0 -9999.0 -9999.0 -9999.0 -9999.0 -9999.0 -9999.0 -9999.0 -617.803531 -617.949089 -617.746918 -619.598312 -621.033549 -621.906761 -623.126034 -621.575849 -622.689257 -623.043129 -622.776152 -621.399533 -621.374419 -621.217999 -620.345736 -620.644306 -621.071390 -621.483600 -622.332203 -621.162692 -620.001282 -619.201493 -617.516436 -616.228636 -615.206542 -613.287908 -612.964777 -611.655383 -612.145099 -613.740324 -614.097824 -612.862103 -609.204831 -606.398148 -605.368191 -600.185180 -594.694055 -591.979569 -588.448979 -586.708987 -584.286421 -578.159695 -559.397959
-9999.0 -9999.0 -9999.0 -9999.0 -9999.0 -9999.0 -9999.0 -9999.0 -9999.0 -9999.0 -620.752656 -619.790522 -621.194301 -623.775125 -624.917406 -624.324957 -623.704856 -624.679722 -624.657765 -621.923443 -620.427983 -623.007458 -621.228823 -621.205785 -622.311039 -622.031830 -621.311848 -621.196482 -619.493335 -619.434061 -619.409121 -616.608090 -615.892350 -615.128725 -614.069277 -612.925619 -611.900374 -607.557413 -603.803573 -603.889180 -598.538790 -595.065400 -597.876534 -598.865021 -598.067697 -594.011173 -587.181443 -576.891937 -565.809294 -548.614321 -530.608524 -516.717529 -505.380008 -491.601083 -475.239295 -452.321230
-9999.0 -9999.0 -9999.0 -9999.0 -9999.0 -9999.0 -9999.0 -9999.0 -624.560084 -623.064597 -622.108433 -623.296013 -624.885492 -627.755435 -626.668824 -625.595364 -624.872397 -623.798238 -623.284709 -622.864382 -623.529872 -622.592213 -620.864596 -621.341242 -621.153942 -620.018397 -619.996104 -618.961020 -617.377427 -618.110025 -617.214223 -615.735079 -614.423778 -613.266691 -611.871064 -611.034076 -606.531169 -600.426068 -593.641350 -587.509294 -578.484573 -566.450834 -566.293065 -563.921392 -561.117230 -542.549399 -512.861673 -478.752429 -453.758715 -433.419707 -411.400907 -398.531070 -389.460300 -377.966698 -363.724534 -351.025364
-9999.0 -9999.0 -9999.0 -9999.0 -9999.0 -9999.0 -626.793894 -623.468988 -621.851516 -625.598982 -628.435553 -629.374942 -631.070699 -627.407267 -624.114999 -623.500192 -623.022275 -622.450480 -622.787978 -624.938591 -619.871906 -621.280523 -622.284597 -620.712191 -620.852581 -620.739216 -619.773039 -617.546204 -616.544186 -612.026931 -608.656147 -605.709128 -601.773120 -599.277686 -596.597571 -593.360712 -584.500139 -569.900681 -548.247945 -521.618733 -491.726141 -463.955780 -453.804386 -448.659586 -442.631960 -430.880126 -408.386851 -383.046397 -352.895393 -323.642835 -301.604878 -291.216025 -281.734790 -270.949063 -257.688765 -243.183190
-9999.0 -9999.0 -9999.0 -9999.0 -624.989817 -624.252569 -624.850213 -621.939843 -619.905572 -624.471348 -622.811918 -623.594317 -625.064773 -626.896847 -629.087025 -627.511801 -626.616734 -626.021118 -626.291568 -621.317817 -617.142712 -619.868338 -617.711515 -613.562390 -614.483051 -614.036196 -613.830714 -611.908270 -608.328674 -603.722497 -593.006275 -582.438545 -574.289390 -563.851220 -552.186823 -534.131375 -502.345529 -465.771535 -439.392612 -413.417724 -387.936497 -366.788331 -352.333533 -343.931462 -333.642777 -321.374283 -304.497813 -280.193986 -252.104142 -218.466304 -191.624134 -175.943436 -167.760513 -157.932133 -145.506867 -127.537210
-9999.0 -9999.0 -9999.0 -626.954839 -623.698197 -622.513748 -624.075535 -623.482626 -620.983339 -623.391074 -623.845058 -624.214512 -624.406785 -624.337581 -624.487718 -623.569615 -623.431417 -624.188307 -623.531404 -620.566132 -619.180162 -616.657880 -614.740400 -611.705080 -609.087060 -608.081925 -606.666774 -602.900922 -593.278116 -581.140212 -556.070857 -512.716265 -474.175768 -452.607365 -439.332817 -421.238913 -402.302768 -373.841306 -345.103367 -317.472984 -289.431293 -265.448760 -243.422558 -229.817539 -222.097974 -213.297453 -195.651927 -175.012669 -151.549574 -100.814624 -61.631064 -43.416782 -33.069396 -26.970478 -14.014179 -3.293929
-9999.0 -9999.0 -626.365526 -624.526284 -625.777392 -623.413837 -620.814850 -622.662902 -619.532156 -618.469487 -621.598433 -619.738845 -618.759339 -620.664341 -619.349487 -617.897090 -617.258659 -619.708356 -621.498056 -617.882749 -610.157723 -603.647984 -599.797420 -582.826486 -571.889427 -564.341709 -560.299639 -546.518317 -520.029255 -474.290019 -437.391953 -399.042321 -364.758714 -337.201301 -325.035642 -310.464581 -288.235019 -264.535439 -235.859891 -208.792905 -184.397266 -157.841945 -130.638779 -82.675946 -78.782370 -67.125829 -48.874898 -30.225072 -12.586607 4.879901 21.014977 21.440946 21.703203 21.295920 21.738342 21.289272
-9999.0 -9999.0 -628.460130 -625.407429 -627.481961 -622.565901 -618.120042 -622.469435 -621.098955 -616.427295 -617.659426 -617.084890 -617.502142 -617.024445 -614.901998 -610.616552 -612.915556 -613.779105 -618.468996 -607.232114 -596.623004 -576.239370 -529.431544 -478.036345 -448.540530 -443.265713 -439.888990 -427.849085 -408.244724 -370.892249 -323.612239 -272.430284 -230.811268 -203.311492 -189.582011 -175.325113 -152.430138 -97.588792 -82.310694 -53.991290 -65.837249 -19.981865 -1.094197 15.365635 21.255464 20.843706 21.235310 21.346341 21.136113 21.067956 20.904839 17.521472 16.640764 17.236282 17.968402 13.623189
-9999.0 -629.129548 -627.598284 -627.473786 -624.291857 -625.218543 -621.394939 -615.913229 -616.243315 -614.328365 -614.237610 -617.164501 -605.754405 -595.525989 -591.843776 -582.451133 -586.400604 -589.344300 -595.208493 -582.118649 -553.444037 -473.603494 -385.251020 -340.670378 -320.542154 -319.299091 -322.927188 -311.424922 -288.105843 -248.028211 -177.870789 -89.312427 -53.688274 -27.763810 -20.033786 -18.635173 -6.868431 8.065692 23.620462 25.917077 25.203043 25.998323 20.985815 21.381971 21.116725 21.497179 18.087352 12.336435 5.241214 -0.809113 -4.488648 -9.299962 -6.951096 -3.574722 -2.391171 -8.918263
-9999.0 -633.766345 -627.732917 -624.133022 -625.446335 -627.733236 -618.948357 -606.050948 -610.750425 -612.175659 -612.459614 -603.206901 -574.084375 -540.412241 -511.132121 -479.130121 -480.484052 -491.244056 -488.929838 -459.585971 -417.397983 -348.925704 -247.303256 -180.375457 -190.579484 -189.966002 -185.833646 -165.958978 -136.239791 -98.814224 -10.449617 12.499826 14.798091 14.874378 14.842839 14.937834 14.847392 14.988613 11.522387 8.170025 4.540595 -8.207537 6.877161 6.688821 4.732125 1.030982 -4.736973 -12.523305 -26.511956 -58.993427 -67.097967 -72.093815 -74.240637 -74.084057 -78.342419 -84.976065
-9999.0 -628.830453 -622.012754 -623.694199 -629.128340 -620.696318 -617.280461 -608.131168 -600.692531 -602.553815 -589.643571 -541.654376 -471.650393 -422.303946 -390.666949 -372.399666 -360.021231 -360.222005 -339.332629 -291.878477 -216.125744 -94.675024 -54.606758 -8.406884 -64.349414 -87.714397 -96.681685 -97.984557 -93.413671 -81.444574 -56.258000 -1.866135 3.462597 6.253788 5.039315 1.506746 -3.148367 -10.549865 -15.964572 -19.976144 -49.711792 -56.344958 -21.749322 -21.329668 -41.078514 -65.196285 -74.250150 -82.638750 -92.513951 -105.056720 -111.868740 -117.262074 -120.269638 -124.947089 -130.232033 -136.725538
-9999.0 -636.575304 -626.917649 -634.896889 -623.058187 -613.386053 -614.754577 -598.986459 -578.344043 -567.860172 -495.255451 -432.710896 -370.240254 -324.418962 -288.921449 -251.054979 -225.234823 -198.445038 -163.829849 -123.267691 -7.782089 8.659856 8.869849 8.782911 -3.507213 -79.991815 -103.220524 -124.917132 -132.614101 -131.969203 -118.055844 -94.825078 -76.000335 -26.427316 -36.185438 -67.521481 -73.411220 -78.412049 -82.618151 -91.678906 -103.113434 -109.055827 -105.776019 -100.372368 -109.305371 -117.928289 -126.354093 -135.759243 -145.976137 -155.948743 -164.810489 -172.395915 -175.992165 -182.002442 -183.756919 -190.738591
-9999.0 -642.426585 -635.483411 -630.007352 -619.730132 -612.579844 -604.647927 -586.570807 -537.204095 -471.554059 -415.329089 -383.408132 -331.571981 -273.365426 -215.676318 -185.169659 -168.869444 -162.287508 -151.853540 -140.952106 -137.091410 -75.076544 -62.192278 -43.375067 -98.777013 -120.833623 -140.291330 -155.047465 -160.710662 -157.310606 -151.086647 -142.475054 -134.611994 -126.715988 -129.211410 -132.735482 -131.159405 -137.193872 -144.523654 -151.892196 -159.016376 -166.509712 -170.879166 -173.539344 -177.276938 -179.716526 -188.171684 -199.039570 -209.856646 -218.495021 -226.865421 -233.409842 -235.745229 -240.199895 -245.831233 -255.502686
-9999.0 -655.386152 -633.033299 -630.107386 -623.881783 -622.008996 -620.060002 -607.367530 -584.354798 -481.031369 -358.312492 -345.471782 -327.969663 -295.365893 -240.551298 -191.380112 -185.185690 -212.712011 -232.718591 -239.703741 -229.167159 -207.205940 -189.802349 -172.581129 -170.855824 -173.292469 -179.895149 -190.595906 -202.690756 -206.698953 -205.858306 -207.855295 -208.708811 -205.502080 -206.569675 -202.916175 -200.325492 -209.297436 -220.760447 -234.198128 -246.073842 -254.834577 -257.970241 -257.894094 -259.198542 -262.765411 -270.244926 -279.890836 -291.428391 -301.721374 -309.713084 -315.225065 -320.601031 -327.823163 -335.879172 -344.635159
-9999.0 -9999.0 -643.100033 -630.113383 -628.303978 -626.241446 -624.210049 -614.394767 -603.165333 -557.206083 -482.786088 -436.642053 -406.407604 -375.902516 -330.772103 -291.767060 -286.217604 -280.808439 -304.729090 -304.068505 -297.345626 -288.567146 -276.946673 -265.537835 -257.409099 -253.624598 -251.914815 -254.546056 -262.535853 -273.938388 -286.071743 -294.541816 -299.493696 -303.152132 -296.668285 -287.615940 -288.922062 -294.881554 -304.902247 -318.095272 -329.245527 -340.312255 -343.295662 -342.517070 -342.794963 -345.667013 -350.558871 -361.340298 -372.243712 -383.306262 -388.617999 -393.727372 -398.761567 -407.335021 -415.919718 -425.326656
-9999.0 -9999.0 -657.608932 -636.790400 -627.868106 -621.676473 -622.408056 -620.711170 -606.717048 -599.075407 -586.096484 -562.903139 -531.590253 -489.256508 -461.235709 -432.278380 -419.596338 -413.402382 -413.261745 -405.952717 -390.764752 -375.779756 -365.008971 -354.450806 -344.761019 -337.164263 -330.569026 -338.750477 -347.127808 -359.501944 -374.691005 -391.290156 -400.136730 -405.225763 -401.721240 -395.616902 -399.393457 -407.277728 -417.829520 -429.660195 -438.200536 -446.144199 -448.302834 -449.012094 -449.127130 -450.771452 -453.147990 -460.355581 -470.736157 -479.873595 -487.928807 -495.323747 -500.077092 -509.292904 -520.558742 -529.059235
