tests/Borden05m/sims/sim_1/output-maps/psiliqL0011N0004.asc
ncols         160
nrows         34
xllcorner     620200.000000
yllcorner     5168000.000000
cellsize      0.500000
NODATA_value  -9999.0
[rows 0 to 24 of 34, columns 57 to 113 of 160]
-9999.0 -9999.0 -9999.0 -9999.0 -9999.0 -9999.0 -9999.0 -9999.0 -9999.0 -9999.0 -9999.0 -9999.0 -9999.0 -9999.0 -9999.0 -9999.0 -9999.0 -9999.0 -9999.0 -9999.0 -9999.0 -9999.0 -9999.0 -9999.0 -9999.0 -9999.0 -9999.0 -9999.0 -9999.0 -9999.0 -9999.0 -9999.0 -9999.0 -9999.0 -9999.0 -9999.0 -9999.0 -9999.0 -9999.0 -9999.0 -9999.0 -9999.0 -9999.0 -9999.0 -9999.0 -9999.0 -9999.0 -9999.0 -9999.0 -9999.0 -9999.0 -9999.0 -9999.0 -9999.0 -9999.0 -9999.0 -9999.0
-9999.0 -9999.0 413.990040 408.488717 403.206737 398.258331 389.268264 380.047557 371.556577 367.617272 366.757501 366.001522 365.685443 371.043694 379.105483 386.822256 394.095722 396.571409 399.085801 401.439369 402.018193 400.824933 397.643432 394.401733 391.038346 389.576218 381.391333 369.970163 361.084098 358.331311 362.821659 367.357657 369.915400 375.935679 386.801831 397.718654 406.324662 418.166421 423.829684 428.922820 431.943133 427.805560 424.183639 420.351496 415.349864 404.277984 -9999.0 -9999.0 -9999.0 -9999.0 -9999.0 -9999.0 -9999.0 -9999.0 -9999.0 -9999.0 -9999.0
396.925081 400.250747 389.227688 384.383341 381.101500 379.000090 374.015704 365.300974 359.993047 354.598423 352.877435 352.976917 353.119978 357.361947 367.488810 375.551475 380.408326 382.961587 385.588977 385.557309 385.129987 384.852025 382.025620 378.656955 375.306346 373.545136 373.814972 366.215043 360.801269 357.460857 356.023462 358.544009 360.937089 364.207053 373.831099 382.121723 390.404830 404.651150 416.998973 422.183733 419.663956 414.563690 410.701498 404.032912 393.991899 383.514270 373.406721 366.208213 360.630226 355.046231 361.017339 367.467124 377.468621 387.337729 399.301669 411.422227 -9999.0
381.329551 384.240563 373.498769 365.183509 360.475636 360.637969 363.047707 359.469015 354.857267 350.324705 358.614027 359.983193 361.240632 364.588354 367.903045 370.731667 373.566168 378.985040 388.048228 390.819232 391.433292 391.649730 389.896627 386.846868 385.102055 382.380976 377.212281 376.220348 376.591973 376.492375 381.600952 383.118874 384.703209 377.906775 381.404706 387.689927 394.601191 401.375180 408.196064 412.421475 409.129005 407.939167 399.398962 385.386923 373.894466 365.100432 362.724604 359.362238 351.411903 338.790432 345.661371 361.080659 365.600254 368.997655 380.698139 392.914036 403.173540
367.170895 370.262226 365.309992 366.526081 368.100704 369.639342 368.099770 365.179314 363.580592 376.428904 386.057405 387.993641 391.068701 394.715113 393.898494 381.849359 379.385392 387.857888 398.364065 404.338671 404.663733 404.728280 403.011857 402.078475 401.694081 399.454126 400.408456 402.961565 403.305525 408.191200 413.879499 416.736888 408.605287 399.443120 400.129232 407.853018 415.930799 423.299183 434.083508 445.489904 444.162971 438.201625 428.877848 414.850306 390.989500 370.902634 359.845260 352.648710 345.295106 344.684706 341.795052 352.549468 354.078018 355.672893 363.883381 374.020560 384.036827
381.984955 390.257020 384.442656 379.236341 376.278517 377.069598 377.436112 380.870028 393.943332 408.082018 423.214663 426.299303 429.175362 429.038997 419.799749 409.572492 405.587041 420.559281 436.712016 445.204694 446.241311 446.332939 453.972361 452.431481 450.360649 445.252850 447.551625 449.735557 460.430280 468.102578 475.092820 473.276286 461.398238 450.144329 448.373575 450.712681 453.424751 459.474385 469.775183 479.568718 474.281518 466.487371 455.592503 426.018284 397.728932 380.109585 379.942753 379.726529 374.532464 370.981172 367.170291 359.564099 358.774505 357.734712 356.878173 368.548534 380.568805
430.410079 446.844941 441.414057 433.447052 423.137090 423.868249 427.404259 435.956555 449.602185 468.226764 493.147474 497.284208 501.545922 505.350469 494.608301 482.403546 470.908934 487.845234 498.069436 507.373855 510.364121 521.474980 531.892733 527.413134 519.258607 509.449205 515.994764 528.886318 544.126084 550.900310 554.697619 554.243513 543.737813 538.081050 535.871175 537.107403 533.963338 537.734201 548.240428 563.150697 562.357761 551.598437 527.579200 489.514500 453.241786 430.619752 434.442865 426.857738 419.621255 414.947134 400.271484 388.518541 387.810306 377.681473 370.903435 381.816482 387.360896
479.107622 498.296439 494.934494 484.801839 472.491253 472.717243 481.015067 491.379681 511.215440 535.999320 562.171170 574.096297 580.569936 590.990976 584.911036 575.585449 566.745340 575.638142 588.286901 601.121578 612.645345 626.296708 638.691716 630.853020 620.112657 616.130569 621.218564 640.052481 656.654082 662.259973 664.440692 668.230326 660.537504 653.331574 645.597725 639.034164 632.458026 627.961350 644.720454 659.909895 657.142213 632.073377 605.574036 567.378002 527.273213 491.885963 487.457877 483.751206 481.133213 464.795169 448.308064 429.895384 418.751557 408.751436 393.282137 397.439411 401.922057
579.124117 601.824746 606.263534 592.187813 586.689367 592.300146 605.054424 612.540409 628.454240 656.092305 692.411608 719.652771 743.344967 749.441613 741.277095 731.754662 717.424848 713.253015 729.304165 742.917418 755.875886 768.586938 782.016014 789.165668 787.844941 787.922424 791.179025 797.391661 805.801106 813.163284 819.726439 826.382615 824.608227 814.504210 806.667267 796.894058 789.045343 786.288180 787.271085 796.180125 792.991774 766.169835 734.969565 698.307121 656.711070 621.254613 598.902342 600.002603 585.525963 565.639079 543.635599 506.509925 487.323682 469.404175 438.201383 432.274835 439.952040
700.432181 719.887033 738.020479 737.828565 741.732789 746.494178 754.015914 760.026909 769.760278 805.575080 846.189988 882.830793 911.783136 922.917829 913.834090 903.730555 890.817154 879.920935 883.153045 899.180857 917.862191 935.075504 946.961406 951.192987 950.296543 950.813684 952.793595 956.032814 959.116891 965.154486 972.613645 982.955365 994.284750 989.100214 972.559921 960.191063 946.515965 941.662208 940.250309 937.410163 935.655331 926.248783 891.128358 855.314024 815.708319 779.218612 751.660442 730.605743 707.023589 682.121908 635.350885 593.104236 556.044324 525.530861 494.198162 488.264682 509.625558
841.673236 873.123346 894.837342 902.920865 907.627861 911.438114 917.879034 923.729733 932.329183 955.965919 995.699694 1036.100942 1068.033605 1074.040399 1066.117619 1055.958152 1044.803264 1034.161888 1031.438575 1040.101037 1052.047182 1068.103110 1079.648133 1089.510545 1089.088256 1089.512208 1089.785305 1091.866790 1093.760207 1095.543402 1102.006153 1112.909184 1123.183696 1124.555989 1112.978260 1097.621830 1081.935708 1075.737800 1070.439940 1064.935040 1063.795722 1061.669618 1051.220594 1021.369386 980.679500 933.035991 899.541296 870.754403 851.570114 831.566105 805.283419 754.002813 721.897117 683.453913 643.576725 616.729731 649.896086
980.050921 1014.738647 1038.155500 1049.613420 1052.001071 1054.830754 1061.882188 1068.072700 1078.316199 1094.714206 1117.387710 1145.616305 1171.863540 1189.305894 1186.487787 1175.223191 1159.140296 1154.849566 1154.493281 1157.342132 1164.329321 1171.800806 1186.056496 1200.468136 1205.288748 1205.822998 1203.483176 1205.538604 1206.700469 1206.883486 1207.591491 1211.443040 1217.695498 1220.149212 1216.626666 1203.161346 1185.826705 1173.174144 1165.870485 1162.050870 1159.433690 1158.772853 1155.372794 1141.286088 1111.481032 1073.107974 1036.893411 1010.181933 990.048869 973.533791 960.112365 940.409760 919.351041 884.035231 833.798673 790.682935 781.397412
1093.425417 1120.760823 1146.076222 1163.298549 1167.987082 1173.636040 1177.693104 1186.722267 1200.991482 1218.037921 1230.350488 1245.545194 1265.122943 1276.567149 1282.230478 1283.099074 1282.686037 1285.007671 1285.863103 1267.144979 1270.382800 1273.124199 1278.438665 1284.725909 1286.428259 1286.410593 1285.582015 1286.650937 1287.172691 1287.657395 1287.522447 1287.099224 1288.577190 1289.169011 1288.740089 1284.100047 1285.803854 1271.064396 1260.926611 1254.574479 1247.364881 1238.522115 1228.201034 1217.770307 1202.008802 1176.467132 1144.222961 1116.221731 1103.450150 1095.687304 1088.033286 1080.940065 1063.740398 1038.917155 1004.144471 961.671756 921.813604
1190.213997 1209.411233 1234.775227 1252.153170 1261.679485 1269.253031 1273.211596 1284.037448 1295.611461 1291.735291 1294.055726 1296.534612 1299.003461 1299.755258 1299.969747 1299.969309 1298.162885 1298.513461 1297.923140 1294.250959 1286.044734 1288.046520 1289.480636 1291.592102 1294.571515 1292.859778 1293.634600 1296.737484 1295.803705 1291.114931 1288.156736 1286.765450 1286.969049 1293.688580 1296.624787 1297.669563 1297.796819 1298.140510 1298.789255 1298.432555 1297.340778 1295.150572 1292.016789 1292.640356 1282.992544 1261.669953 1231.787906 1199.881487 1186.069736 1181.167056 1181.255336 1177.504978 1170.540088 1151.205517 1123.455825 1087.330791 1048.405009
1291.746580 1292.168555 1299.367429 1302.923552 1304.393335 1306.165917 1307.863865 1308.037928 1304.349765 1300.539907 1295.722793 1294.307781 1292.749903 1290.057575 1290.391159 1288.380943 1284.893231 1282.356085 1277.575030 1268.684862 1258.844420 1257.342150 1262.051774 1266.454076 1269.855530 1272.149451 1275.136185 1276.774295 1273.129105 1266.657321 1260.713492 1259.114730 1265.098362 1269.883242 1274.210711 1274.670726 1273.750707 1272.773409 1274.159233 1272.863881 1273.916537 1280.012806 1292.083399 1297.544526 1298.918416 1298.551762 1293.502795 1284.173317 1274.096957 1255.284554 1258.111028 1253.318869 1242.087153 1222.209459 1200.131733 1172.977617 1146.032550
1302.422206 1300.942771 1295.417117 1289.798669 1288.866811 1292.176411 1298.299550 1299.144281 1292.050564 1283.918954 1277.166995 1270.587689 1268.242110 1266.296487 1264.890480 1264.448302 1259.436269 1253.038994 1240.005985 1230.583332 1221.235886 1216.356903 1215.052312 1219.709591 1228.097324 1236.090090 1240.244944 1234.712499 1228.880050 1220.192304 1213.513596 1214.174353 1216.219342 1223.927726 1235.883197 1239.172523 1239.998716 1236.191335 1233.470981 1229.135241 1228.198498 1235.047945 1248.948595 1262.568153 1274.646776 1281.927849 1288.866127 1295.001261 1299.320902 1299.797675 1299.572632 1298.141825 1295.780925 1281.591542 1262.844939 1241.869884 1220.353454
1285.569206 1281.375665 1275.359617 1269.854821 1267.905149 1269.727843 1271.998808 1268.311291 1261.443230 1251.439597 1240.830872 1231.183049 1224.769303 1224.313423 1224.823797 1224.217496 1217.600698 1204.331199 1189.074940 1177.857682 1165.962985 1163.158505 1158.919338 1154.930788 1164.336145 1179.554823 1185.086038 1173.056342 1165.053074 1153.020491 1147.016821 1144.677524 1145.918871 1154.060131 1171.587669 1188.754409 1189.866607 1181.664860 1174.230846 1171.331411 1170.425563 1177.909685 1195.925130 1214.780754 1228.426655 1237.303468 1242.839205 1250.792388 1259.767189 1270.631599 1282.087209 1291.408993 1299.219399 1301.667268 1300.254375 1296.533803 1284.203221
1264.056103 1257.493295 1251.152999 1245.130161 1240.371256 1237.159759 1233.536707 1226.669453 1219.027823 1205.211837 1192.710959 1180.374472 1165.982135 1160.720769 1155.343519 1154.158775 1141.253405 1130.262793 1112.335124 1098.195425 1083.872228 1074.674843 1069.103431 1063.051039 1066.997857 1081.451146 1090.096717 1077.210722 1068.312576 1056.881149 1051.763335 1049.034420 1050.592806 1059.797780 1080.727792 1098.359249 1105.139878 1098.431466 1094.791385 1094.542722 1096.102728 1104.219337 1121.097998 1142.284161 1163.496663 1179.620821 1189.713036 1198.293225 1208.629950 1222.316355 1234.870387 1246.966770 1261.786085 1279.250632 1292.134968 1300.580574 1304.682450
1234.094268 1225.424360 1215.393682 1204.547136 1197.199599 1196.190169 1187.390688 1178.834086 1162.434033 1115.523168 1095.540165 1075.572432 1058.112509 1049.279246 1037.606133 1025.423719 1012.050989 1002.740655 993.852465 977.857466 960.339020 944.225134 938.689091 933.912137 925.114670 930.065051 933.225674 936.417072 929.812627 924.463127 922.588806 920.462352 923.888403 937.283889 949.096632 959.524110 966.083944 965.282351 973.576354 982.245950 989.405062 1009.845836 1028.874333 1051.173705 1076.084120 1102.394728 1118.686456 1131.355182 1144.491620 1161.023664 1177.704894 1194.295884 1215.046982 1237.296131 1251.356569 1261.237116 1272.195198
1191.620937 1177.392146 1163.877300 1149.542474 1133.861352 1130.650783 1122.819063 1110.210620 1065.882109 1017.983305 979.767501 956.555490 930.638742 915.164259 899.061726 867.471608 848.059857 838.012005 840.010240 828.271962 809.837564 794.613413 785.889959 778.848856 765.828537 757.459998 761.960959 773.799262 769.201217 767.400835 771.390587 769.760018 766.904092 773.439783 788.352543 797.166644 807.590785 819.625059 825.683277 836.945646 866.923666 887.086044 910.015542 937.388976 965.674567 994.849311 1021.950653 1041.947884 1061.824072 1084.510705 1104.410928 1127.335647 1151.671388 1179.825948 1198.872177 1213.010118 1224.329268
1117.516088 1098.333013 1077.932589 1053.780257 1027.956587 1019.116711 1005.391579 980.164551 927.313882 878.168909 839.106096 810.367973 781.584091 759.388652 729.187017 694.021294 670.709390 673.108498 678.687043 677.650914 662.746966 649.338209 638.803545 625.121309 609.716243 598.464259 606.825963 615.434074 622.998900 626.289323 629.990272 632.315263 631.322702 627.602125 633.846344 642.972562 653.713885 664.687139 678.558521 709.064997 736.419452 757.843952 784.069286 810.553928 840.196911 872.157887 903.029235 928.513568 955.089258 981.661214 1009.854493 1037.615225 1067.630011 1100.286376 1127.275992 1145.293824 1161.457758
1019.950417 991.112165 958.839825 914.636249 892.769592 876.489114 857.030896 814.339747 764.903073 722.439768 691.999395 663.070196 636.335626 607.565152 574.792684 546.390571 525.086824 530.685011 536.928717 547.221179 534.966840 523.445971 516.986570 502.231626 488.286247 474.051590 481.737641 491.521121 508.201656 512.177940 515.520120 522.216747 521.090560 518.800597 510.611667 519.388130 529.764048 543.407605 570.847508 596.345771 621.737529 644.994165 668.268743 694.333750 722.723224 752.475771 784.579011 811.354989 837.988735 867.870728 898.065011 926.965540 957.070388 991.111592 1021.618703 1048.207533 1074.569152
890.923191 858.133945 814.968687 765.486269 726.777786 706.724982 665.566048 627.862272 588.325808 566.492916 544.844268 519.616563 496.437841 473.994345 446.954761 423.389782 399.035394 402.426032 414.513321 428.189945 422.015572 418.176576 414.946734 403.642430 390.013292 376.513091 380.182329 395.238112 411.986134 419.197798 425.690428 433.151334 433.221308 426.514319 418.169295 423.819612 437.700866 453.802326 475.126070 497.954853 520.585337 542.099470 566.168249 591.591037 617.880066 646.645750 677.138442 701.629155 730.247844 760.716338 787.704885 808.456002 831.502537 865.053727 893.965842 926.083369 957.546402
755.714420 723.625685 678.731275 633.064088 587.735656 547.205800 512.104232 478.922709 458.994851 438.359834 418.927515 399.599467 377.927940 357.838641 338.329691 315.955750 297.519088 302.671850 315.782131 327.285555 329.862047 326.876219 323.825045 316.212681 302.561837 292.167906 300.573762 316.002478 330.988384 341.075648 347.762876 353.866326 351.133660 342.919642 336.809669 344.783772 360.225067 375.182140 392.735351 414.375130 436.083219 458.240956 481.614777 505.233693 531.439480 558.751856 586.823780 614.877589 641.330471 667.066221 682.955942 699.772123 713.722076 736.862059 762.978644 791.956694 824.288078
615.635376 585.092042 549.652148 509.072677 476.694175 443.299512 411.258321 379.875965 353.757747 335.701013 325.090561 309.750795 290.082965 276.209938 259.040860 240.914830 240.291592 243.400528 254.938824 256.541591 257.217406 254.264136 253.176425 248.709093 237.764734 244.381229 252.011099 266.803773 277.696843 287.118137 293.382900 297.514841 297.235895 290.574236 293.802233 300.975604 315.608698 327.555459 342.847661 363.850201 381.574496 401.422075 423.928485 447.296558 472.010334 498.384591 526.938210 553.073677 574.702375 586.721553 600.342730 609.758130 608.356338 626.800926 646.693760 667.279664 696.463006
