tests/Borden05m/sims/sim_1/output-maps/psiliqL0005N0007.asc
ncols         160
nrows         34
xllcorner     620200.000000
yllcorner     5168000.000000
cellsize      0.500000
NODATA_value  -9999.0
[rows 0 to 24 of 34, columns 56 to 111 of 160]
-9999.0 -9999.0 -9999.0 -9999.0 -9999.0 -9999.0 -9999.0 -9999.0 -9999.0 -9999.0 -9999.0 -9999.0 -9999.0 -9999.0 -9999.0 -9999.0 -9999.0 -9999.0 -9999.0 -9999.0 -9999.0 -9999.0 -9999.0 -9999.0 -9999.0 -9999.0 -9999.0 -9999.0 -9999.0 -9999.0 -9999.0 -9999.0 -9999.0 -9999.0 -9999.0 -9999.0 -9999.0 -9999.0 -9999.0 -9999.0 -9999.0 -9999.0 -9999.0 -9999.0 -9999.0 -9999.0 -9999.0 -9999.0 -9999.0 -9999.0 -9999.0 -9999.0 -9999.0 -9999.0 -9999.0 -9999.0
-9999.0 -9999.0 -9999.0 -694.566020 -700.291296 -705.951476 -711.268730 -720.759544 -730.256094 -739.339296 -743.497585 -744.565096 -745.662698 -746.272870 -741.058534 -733.310530 -725.862842 -718.686133 -716.513924 -714.210247 -711.896791 -711.412577 -712.840169 -716.204976 -719.564094 -723.054641 -724.452776 -733.101985 -744.776939 -753.978434 -756.801528 -752.155311 -747.552372 -745.024278 -738.686229 -727.572233 -716.461983 -707.802169 -696.019605 -690.720355 -685.400840 -681.751145 -685.546480 -688.792145 -692.033542 -696.106463 -707.045971 -9999.0 -9999.0 -9999.0 -9999.0 -9999.0 -9999.0 -9999.0 -9999.0 -9999.0
-732.038615 -712.919912 -709.821832 -720.843731 -725.698449 -729.212211 -731.692766 -737.258352 -746.455801 -752.173469 -757.981614 -759.799991 -760.079634 -760.270054 -756.188869 -746.546074 -738.638864 -733.974210 -731.791004 -729.563880 -729.346169 -729.922359 -730.439160 -733.459105 -736.966978 -740.462687 -742.283365 -742.431042 -750.178317 -755.464839 -758.700374 -759.695563 -757.290526 -755.014183 -752.223872 -742.326612 -733.847486 -725.381855 -711.220974 -698.832189 -693.492017 -695.639874 -700.451934 -703.682007 -709.419340 -718.639998 -728.861576 -739.451490 -746.575696 -751.632779 -756.369522 -749.930084 -743.571977 -732.804228 -722.090126 -709.808152
-749.348952 -729.846976 -727.279801 -738.679102 -747.585892 -751.849274 -752.145148 -750.427751 -754.586301 -759.667017 -763.648871 -756.447262 -755.508056 -754.556616 -751.571396 -748.064779 -746.378981 -743.687884 -738.565139 -729.732676 -727.354389 -727.019505 -727.032321 -728.972979 -732.187942 -734.012491 -736.862006 -742.213408 -743.020563 -742.489035 -742.301746 -736.830178 -735.360853 -734.176265 -741.551210 -738.307200 -731.920125 -724.925136 -717.541985 -710.227324 -704.976348 -707.776956 -708.849707 -716.651501 -729.962614 -741.142136 -749.571004 -752.083913 -754.798572 -762.070338 -773.802641 -766.713288 -750.719118 -745.835120 -741.750255 -729.346608
-758.446652 -746.837941 -744.259510 -749.792944 -749.337364 -748.249971 -747.058496 -749.089709 -752.500803 -753.915839 -740.832434 -731.524196 -730.255961 -727.627050 -724.586259 -726.394708 -739.403340 -742.379494 -733.793469 -723.379042 -717.573777 -717.724637 -717.968793 -719.385048 -720.534301 -721.194063 -723.824334 -722.519828 -719.823083 -718.761582 -713.347565 -707.688892 -704.985726 -714.251654 -723.645079 -723.369421 -715.677058 -707.753225 -700.230738 -688.812486 -676.487775 -677.675157 -683.160393 -691.500042 -704.638183 -727.752342 -747.604428 -757.572918 -763.414472 -769.817808 -770.735056 -772.128126 -761.514072 -759.373645 -757.492035 -748.298136
-755.406911 -734.606436 -726.494470 -733.257408 -739.830570 -744.167210 -744.055116 -744.056995 -740.506969 -726.865721 -713.149673 -697.863558 -695.785381 -693.637687 -694.164495 -704.648674 -715.201526 -720.003825 -704.672699 -689.204107 -681.179650 -680.421250 -679.495001 -670.646120 -673.320315 -676.691971 -682.847151 -680.299538 -676.888712 -664.542295 -657.216279 -650.759629 -652.882604 -664.654485 -675.391470 -677.490400 -675.980502 -674.541168 -668.694019 -657.805144 -646.916158 -651.376991 -658.588034 -668.725796 -697.715980 -725.909778 -742.667955 -741.043288 -739.896853 -743.892876 -746.592876 -750.148554 -757.956299 -757.958007 -758.020084 -758.243473
-708.100277 -689.912228 -673.691466 -680.526728 -690.017863 -702.295259 -702.455408 -698.985891 -690.851060 -677.741735 -658.983798 -634.894966 -631.521875 -627.786090 -623.261362 -634.155072 -646.433049 -658.903306 -643.971213 -634.787588 -625.727321 -621.993389 -609.572493 -599.131371 -604.867640 -614.468200 -624.152659 -617.632974 -602.599949 -587.486450 -581.587062 -578.691576 -577.708661 -587.288038 -592.345025 -595.556599 -595.719194 -600.178191 -597.698816 -585.557698 -568.915686 -567.793163 -579.245961 -602.179314 -637.583650 -673.037594 -696.069429 -691.845769 -697.663724 -702.940152 -707.109883 -721.261243 -732.872779 -732.865363 -742.238306 -748.402786
-663.479164 -646.097130 -628.492825 -632.485616 -644.918778 -657.629324 -657.808076 -649.628424 -641.213055 -622.900706 -598.404936 -572.786662 -558.913765 -549.459816 -539.894828 -547.727374 -557.729211 -567.999348 -563.878387 -550.231532 -536.880592 -523.461188 -508.787957 -493.889029 -499.276414 -509.377514 -511.608800 -506.961579 -488.162465 -470.502159 -462.657597 -457.600043 -449.280369 -455.370374 -466.563366 -479.316048 -491.609444 -502.191812 -508.755587 -492.713495 -475.595891 -477.542307 -505.713186 -532.391476 -566.973165 -603.619226 -638.505453 -644.648864 -644.300895 -645.385709 -660.937868 -676.174765 -695.924429 -707.477808 -716.107593 -731.523986
-572.624767 -550.764650 -530.708527 -524.517203 -540.066678 -544.586642 -539.632542 -528.118386 -522.646628 -508.736479 -472.187610 -417.679497 -361.849042 -296.220532 -281.269613 -311.844498 -340.818982 -375.319754 -391.076745 -367.484579 -337.543999 -298.662928 -248.348269 -186.351519 -133.185729 -111.366182 -95.720335 -81.736399 -73.158097 -65.327484 -57.737494 -50.992282 -44.705242 -44.423632 -53.885608 -65.195833 -84.701548 -123.653890 -165.708520 -186.852449 -171.008357 -182.595335 -260.323955 -345.192990 -408.576896 -464.725166 -506.747053 -533.362649 -533.284439 -548.250518 -565.673468 -588.319707 -626.273663 -646.514513 -663.464833 -694.156892
-461.313829 -416.216209 -382.511060 -345.581819 -342.199955 -334.657647 -327.362560 -311.897497 -292.851741 -243.604621 -110.715999 -52.036815 -15.237293 10.813514 19.800471 8.780905 -1.951458 -13.025677 -21.837444 -19.738800 -4.515838 15.691029 38.674094 60.662935 77.160330 85.583692 93.219407 99.841255 105.554840 108.725099 113.106312 118.041978 124.700432 131.195188 128.734258 115.005116 100.918882 79.028173 63.174118 55.924437 51.370216 45.832108 30.797552 -5.133921 -37.804605 -84.197813 -179.000023 -309.075536 -371.529713 -409.673749 -441.497740 -494.583345 -541.802583 -578.484347 -608.993009 -638.651165
-113.729713 -54.408638 -20.877548 -5.258789 -1.489709 -0.199114 2.312799 9.302405 18.545683 37.445394 75.531318 112.763487 136.567292 148.852421 149.595221 145.545220 141.614009 137.573159 134.382366 133.599240 136.620326 140.957407 148.023337 154.073004 160.579179 161.583430 163.049085 163.872401 165.368435 166.316820 166.462369 168.444502 172.152587 175.442542 176.416544 172.296905 165.893834 158.353240 154.834420 151.857844 149.438416 148.673426 147.178201 145.172142 133.643668 105.148892 53.928459 9.148103 -19.232378 -35.418280 -57.337598 -98.136540 -246.775843 -339.208298 -408.981235 -468.361868
72.729218 107.705207 130.829740 138.526214 140.862033 139.775165 140.127266 142.765371 145.547847 151.099963 159.290120 166.671518 175.281892 183.663200 190.787235 189.483786 185.820279 179.819348 179.992385 180.398448 180.744530 182.630944 183.869155 189.149368 194.947519 196.980292 197.369903 196.299503 197.463646 197.860194 197.722176 197.121944 197.462179 199.395531 200.317670 199.983712 195.584073 189.113748 183.460283 180.529103 179.612114 178.765137 179.234317 179.452240 177.436417 168.286110 154.448885 140.226649 131.092417 121.580332 107.760149 87.165672 52.043191 22.220526 -9.031870 -52.980523
151.140439 161.363765 169.650539 176.909469 181.561787 181.947717 183.890022 184.401834 188.033223 193.698730 199.670394 202.385995 207.199704 220.575716 228.364201 233.561833 235.628154 237.176529 239.803047 240.147190 237.316030 237.985946 238.376266 238.184437 240.383295 240.544898 240.469184 240.432323 240.979484 241.004397 241.308455 240.968187 239.145544 238.896935 238.729184 238.883824 237.394294 232.690972 219.946069 210.927218 207.495380 204.833320 201.516661 198.060700 195.739152 192.719843 185.880829 176.781233 168.203346 166.058373 164.155433 160.211323 155.252121 147.465448 138.968773 125.004876
185.703686 189.443263 194.535975 202.283124 207.691119 214.299036 220.020201 223.405307 232.299597 241.146720 241.284562 240.636298 239.964620 239.688088 239.478716 239.307250 239.481076 237.738444 238.144055 237.417430 232.701167 224.577104 226.110229 226.852807 228.657708 231.588341 229.865481 230.558187 233.420340 232.337832 227.644780 224.912977 223.399778 223.039538 229.320792 231.928932 232.673053 233.505608 233.403365 233.729292 234.103017 234.410543 234.585118 234.687699 231.655707 225.266896 210.755373 200.824124 190.308532 185.638820 184.315751 185.767184 184.686734 184.277172 179.496037 172.282488
228.232197 237.214194 244.063432 243.097147 242.066829 241.760952 242.676822 244.248543 243.657825 240.199710 236.541647 232.165532 231.161429 229.943544 227.577516 228.245376 226.507285 223.374361 221.515399 217.867256 209.961950 202.411140 202.005220 204.528264 207.121100 209.675576 210.929684 213.531553 215.623136 212.505587 206.683165 203.494612 202.550710 205.550610 208.729604 211.755768 211.939752 210.617430 209.474347 210.497875 209.257238 209.965856 215.075457 225.406746 231.622093 231.171916 231.508937 232.696379 233.501100 217.047518 204.712478 206.910643 205.434734 201.822275 195.416765 189.835599
236.258308 236.017466 233.645428 228.034021 222.553254 221.874389 225.330874 231.762624 233.394879 227.348784 220.847773 215.568246 210.671991 209.610590 208.222966 207.526308 207.733998 204.458695 203.211695 198.738080 195.947151 192.738394 190.910359 190.399451 192.479564 195.188834 197.333197 199.030232 197.227499 195.652664 192.768925 190.430526 191.264844 191.858591 194.513176 198.807378 198.598620 199.031915 197.785938 197.540006 195.604320 194.847288 196.937430 201.596579 205.671087 210.333958 215.424342 221.352517 226.376739 232.405470 232.024870 231.208751 230.827885 227.734267 217.233332 206.859046
222.543638 217.409905 213.626329 208.211071 203.526840 202.992337 205.702180 209.508569 208.008669 204.397641 201.234889 198.113532 195.180287 193.851770 194.713034 195.919416 196.727435 195.688163 191.913938 187.684288 185.170801 181.144961 180.951823 178.890285 176.361828 179.413247 184.687328 186.506950 181.712986 179.940158 175.936459 174.327719 173.903673 174.198861 176.899308 183.201081 189.878009 190.029243 186.982697 184.500948 183.562729 182.349777 184.021797 189.604855 194.649784 197.431970 199.034918 199.719608 201.953678 204.522428 207.772944 214.016002 221.266492 229.693995 229.318346 229.544475
204.551279 202.232422 200.363569 198.722753 197.280296 196.308134 195.825061 195.883485 194.336996 193.530672 192.491356 190.119736 187.420341 182.413128 181.559179 180.725730 182.812444 179.124942 177.028429 171.070184 166.850748 160.615172 155.552449 150.830787 145.602389 146.101505 151.715398 155.972939 149.325871 146.456599 141.627124 140.113875 139.363317 140.143325 144.646636 156.346797 166.293684 170.918855 168.801953 167.507337 167.211471 166.827938 167.348603 171.917671 177.907003 183.536322 186.802566 188.198724 189.358634 191.319919 194.691824 197.476374 200.180258 204.270759 210.820703 220.618341
197.017983 195.213193 193.733016 191.477767 188.627465 187.449344 189.010609 186.475474 185.284844 184.235175 167.113758 163.233005 155.669659 146.913442 142.926878 138.286973 136.368292 132.871239 131.488366 128.201604 116.804166 97.069982 68.669221 47.774794 33.112767 19.117899 22.506908 26.391902 28.735969 21.667952 14.881496 12.611016 11.065941 17.173321 37.607106 63.809538 91.359436 107.712810 110.472621 119.797700 126.759691 127.028540 135.132087 141.869124 151.170246 160.767916 169.954336 173.074652 175.322159 177.795297 181.559481 185.157182 188.073865 193.089238 198.936622 202.048778
191.101123 188.498611 185.195957 182.109427 178.440071 174.255889 175.581412 174.332812 171.857862 154.644375 133.524200 109.528817 85.318984 43.842588 18.184805 1.775249 -21.645191 -33.380956 -40.001852 -38.045848 -53.089175 -84.532754 -147.213507 -211.024260 -242.659465 -281.510312 -292.908783 -278.924421 -250.365412 -277.086667 -294.930452 -292.021024 -299.918792 -301.224185 -259.240977 -179.476506 -109.442537 -75.123892 -57.588803 -49.715647 -42.084954 -16.776727 1.558854 28.486631 71.811721 105.261412 129.095414 140.937070 149.107013 156.593669 164.355711 168.833761 174.230713 179.745493 187.210917 190.542162
175.553721 170.531341 165.380525 157.817054 147.528969 135.911126 134.694908 129.313892 110.442264 53.100351 -7.885113 -52.667383 -99.501871 -215.813021 -293.627508 -353.420611 -411.454127 -441.706882 -441.544890 -433.939789 -442.682866 -465.788078 -484.596738 -497.018174 -509.857269 -526.001420 -535.518773 -526.953548 -517.109976 -514.785946 -513.582767 -509.994736 -509.676857 -511.216223 -512.291200 -499.455415 -488.354656 -475.628512 -464.128181 -453.250761 -416.532407 -372.067263 -330.813978 -253.714513 -120.514616 -55.972974 -14.185528 22.923199 63.401839 97.911033 121.521657 136.503496 147.248428 157.939160 168.687249 175.565215
150.227902 136.223685 118.923859 86.242724 26.289349 -1.090129 -14.246262 -27.840652 -76.291623 -192.423877 -365.146666 -427.362225 -465.313586 -496.363876 -523.546514 -553.509687 -581.637477 -600.050352 -593.060133 -586.118201 -577.781730 -590.746184 -603.332950 -610.165796 -624.028860 -637.683878 -650.795328 -642.223475 -633.455853 -619.495302 -616.689423 -614.008883 -608.660845 -610.531330 -612.569732 -618.078569 -609.452642 -600.664323 -589.269978 -565.011765 -540.349922 -515.952267 -494.824671 -471.875589 -442.017113 -401.071413 -345.448279 -258.085286 -131.771937 -61.271936 -18.524332 19.111513 60.447021 96.613612 123.805024 138.127426
46.872715 3.863552 -36.081465 -101.629266 -277.442344 -370.575156 -389.904260 -437.782168 -482.819552 -533.591198 -560.454002 -580.314528 -602.754205 -623.242526 -643.029524 -668.752056 -691.175008 -712.940100 -708.522598 -696.663314 -683.222099 -691.801842 -696.814508 -699.993176 -711.556332 -724.783965 -738.036788 -734.341239 -720.229671 -704.166319 -698.485753 -692.813469 -685.722442 -685.879075 -691.946409 -700.363569 -695.208437 -683.060391 -668.476452 -647.443092 -625.989035 -605.385756 -586.797475 -565.851977 -543.283845 -519.573880 -492.408543 -461.584606 -435.325618 -395.222533 -337.018673 -255.159469 -143.840692 -70.861220 -25.748614 5.146218
-186.490243 -309.803950 -380.355026 -447.720780 -502.746867 -547.757360 -580.147079 -610.663745 -640.254928 -660.049521 -677.915067 -695.614739 -713.347849 -732.591602 -751.625976 -770.817003 -791.796815 -812.358946 -807.029342 -793.367086 -779.915588 -778.644914 -781.602856 -784.532130 -792.591354 -805.890501 -818.817783 -811.039255 -795.657497 -780.373863 -771.194332 -764.884839 -758.582596 -761.492434 -769.683609 -777.619671 -770.329971 -755.725106 -741.286034 -723.956400 -703.493164 -683.025472 -662.927642 -641.888021 -620.766857 -597.334868 -572.980895 -548.103182 -523.666948 -499.103379 -472.770862 -457.094746 -438.488413 -416.042680 -374.555135 -316.435009
-484.647782 -513.438295 -541.479205 -575.323054 -614.406900 -645.113521 -674.856919 -703.558084 -732.164906 -755.058537 -772.569654 -782.395698 -796.662746 -815.743747 -829.099708 -845.653012 -866.243122 -868.656440 -864.182957 -850.637139 -847.489629 -846.744340 -849.774103 -850.802521 -856.024552 -869.095131 -864.397493 -856.361078 -841.048590 -830.076152 -821.027069 -814.786332 -810.602170 -811.667928 -819.722506 -817.817892 -810.618064 -796.104751 -784.665923 -769.582299 -749.156700 -732.427710 -713.713885 -692.825783 -671.337719 -648.614052 -624.593856 -598.627040 -574.873874 -554.878663 -544.718091 -533.397733 -525.385082 -529.093913 -512.352854 -494.288400
