tests/Borden05m/sims/sim_1/output-maps/psiliqL0028N0002.asc
ncols         160
nrows         34
xllcorner     620200.000000
yllcorner     5168000.000000
cellsize      0.500000
NODATA_value  -9999.0
[rows 0 to 24 of 34, columns 55 to 109 of 160]
-9999.0 -9999.0 -9999.0 -9999.0 -9999.0 -9999.0 -9999.0 -9999.0 -9999.0 -9999.0 -9999.0 -9999.0 -9999.0 -9999.0 -9999.0 -9999.0 -9999.0 -9999.0 -9999.0 -9999.0 -9999.0 -9999.0 -9999.0 -9999.0 -9999.0 -9999.0 -9999.0 -9999.0 -9999.0 -9999.0 -9999.0 -9999.0 -9999.0 -9999.0 -9999.0 -9999.0 -9999.0 -9999.0 -9999.0 -9999.0 -9999.0 -9999.0 -9999.0 -9999.0 -9999.0 -9999.0 -9999.0 -9999.0 -9999.0 -9999.0 -9999.0 -9999.0 -9999.0 -9999.0 -9999.0
-9999.0 -9999.0 -9999.0 -9999.0 3797.616392 3792.342750 3787.643272 3783.186287 3774.726507 3765.396967 3757.615529 3753.392011 3752.177812 3751.313334 3750.620258 3755.389033 3763.408348 3770.968996 3777.752034 3780.118712 3782.403871 3784.152167 3784.300678 3783.131984 3779.849335 3776.450277 3773.022502 3771.258947 3763.994252 3752.890512 3744.646741 3741.958191 3746.085386 3750.396256 3752.841632 3757.901766 3768.214771 3778.766312 3787.340698 3799.997631 3807.187019 3812.555402 3815.072192 3811.091611 3807.856358 3803.852299 3797.544416 3786.435296 -9999.0 -9999.0 -9999.0 -9999.0 -9999.0 -9999.0 -9999.0
3742.560019 3760.886242 3781.985024 3785.056458 3773.250604 3768.127849 3764.992728 3763.366368 3759.198130 3750.711770 3745.592171 3740.067633 3737.259386 3737.209126 3737.006263 3740.536931 3751.324314 3759.021958 3763.481703 3766.072419 3768.892127 3767.057713 3766.177050 3765.905902 3762.945451 3759.395719 3755.963341 3754.055821 3755.640917 3748.021520 3741.925097 3737.935394 3734.762379 3737.526002 3740.255050 3745.015826 3754.116503 3761.965335 3769.896846 3785.200885 3798.497265 3804.260510 3801.711749 3797.191118 3793.377277 3785.855681 3774.994165 3765.065357 3757.239880 3751.305738 3746.001192 3739.499386 3746.018846 3754.126759 3763.394887
3725.735542 3744.874103 3765.328365 3767.809292 3757.584486 3749.912974 3742.753402 3743.283556 3746.888648 3743.661655 3738.769300 3730.488368 3740.689063 3741.574723 3742.126172 3745.208681 3746.806407 3752.153966 3754.434237 3759.680659 3768.571315 3771.316323 3771.658207 3771.611030 3769.527671 3766.177939 3764.118952 3761.248975 3755.900824 3753.947903 3753.460036 3751.983771 3755.911480 3757.424852 3760.513344 3755.205074 3759.760657 3766.018130 3773.005018 3778.364688 3784.426072 3786.731735 3783.447373 3784.285032 3775.976679 3762.387251 3752.773329 3745.522517 3746.148003 3743.293361 3735.416319 3721.597470 3730.159787 3746.429161 3751.307415
3730.160992 3738.986907 3749.298827 3751.668297 3746.579593 3748.878524 3750.635561 3751.732040 3749.764276 3746.073405 3741.248495 3751.262686 3759.306325 3760.538179 3762.795214 3766.694766 3767.681405 3756.897694 3754.840564 3761.861944 3771.319239 3776.281115 3776.368836 3775.869980 3771.848240 3770.583545 3770.328388 3768.524232 3767.745531 3769.108903 3766.251756 3768.894873 3774.312593 3777.679770 3772.863570 3764.566717 3767.037010 3775.604895 3784.886218 3792.518619 3802.609671 3813.301546 3813.799135 3809.476792 3801.075831 3788.836063 3766.577779 3749.431716 3738.502327 3730.430667 3723.216499 3726.738522 3721.849970 3736.150801 3738.041211
3714.211502 3735.439585 3755.244416 3760.720924 3754.651131 3751.071990 3750.014291 3750.560868 3749.341409 3749.323045 3757.373495 3768.773353 3779.386809 3781.178178 3782.792650 3781.294097 3773.947583 3763.558787 3760.993888 3773.932950 3790.665472 3798.385344 3797.641986 3792.670465 3795.110773 3795.430600 3796.257805 3793.117991 3793.597303 3790.536187 3795.218539 3802.893692 3810.990233 3809.695593 3797.239348 3784.755949 3784.922220 3790.814467 3798.351937 3806.148392 3816.281812 3825.300485 3820.546298 3815.721764 3808.787783 3783.667865 3761.770878 3747.916377 3748.318926 3749.232373 3744.941030 3743.173080 3742.726374 3739.169675 3739.584337
3749.327240 3768.186213 3788.400934 3800.862815 3794.594842 3787.192441 3779.000294 3779.089506 3779.020758 3784.446377 3794.342492 3806.282758 3827.577071 3826.461570 3826.427496 3824.420806 3811.205424 3797.812868 3788.006207 3810.726718 3821.867954 3828.752136 3825.451567 3829.772991 3838.190166 3834.758958 3828.732919 3816.375206 3821.859056 3827.482926 3842.642388 3850.769228 3856.283080 3851.173735 3836.829301 3829.895938 3831.899928 3839.048332 3840.811742 3850.120692 3858.639734 3873.529242 3872.055884 3869.627195 3850.130251 3813.074225 3784.532054 3773.145765 3785.444290 3779.980388 3773.647198 3774.133539 3763.573170 3757.009030 3760.014673
3779.462574 3792.243613 3808.179817 3824.466272 3814.962698 3804.893443 3787.899193 3784.358317 3788.005192 3798.193590 3815.486182 3832.718160 3852.060302 3849.278888 3841.213868 3850.887102 3843.824615 3832.746210 3825.343195 3848.390683 3858.191031 3868.196150 3873.305557 3885.959000 3896.238100 3878.639300 3860.779808 3849.552477 3856.876729 3883.428676 3906.686144 3911.467572 3910.201688 3909.107698 3892.794097 3888.221421 3885.315366 3886.511120 3884.363485 3882.815682 3909.261149 3931.575342 3931.527776 3910.172843 3887.524931 3847.260612 3809.355253 3786.111829 3801.094616 3797.553151 3801.446440 3792.032414 3780.834735 3775.079982 3773.646325
3826.638024 3847.213812 3863.089206 3885.185779 3874.636961 3850.647386 3833.425815 3835.742194 3849.505809 3857.805264 3876.870267 3893.012280 3918.067214 3928.883665 3939.008804 3942.979343 3936.161484 3927.695590 3915.864326 3922.282707 3947.325294 3958.968530 3966.987517 3975.066683 3987.792950 3987.380413 3979.788183 3977.745987 3982.327675 3996.863892 4012.244079 4019.036823 4021.752197 4023.914924 4009.171046 3995.808556 3994.463358 3989.487618 3989.077513 3988.531255 4001.350797 4023.348758 4019.865839 3981.535245 3954.525923 3918.767442 3879.910327 3850.630681 3846.031307 3866.928155 3865.990702 3849.926477 3840.690471 3815.959670 3812.469521
3893.988281 3926.811908 3950.913469 3960.675912 3967.374880 3951.164455 3948.625940 3952.953656 3961.651693 3964.628524 3970.991567 4003.584371 4037.433696 4061.975111 4084.692530 4091.753457 4079.163421 4069.399298 4055.627391 4046.939840 4059.153519 4076.977290 4094.898269 4109.780176 4121.182557 4123.032504 4121.395671 4121.428687 4124.750343 4127.783953 4132.351391 4141.265360 4149.021742 4157.495806 4165.057976 4153.834366 4136.742187 4127.920430 4119.607872 4119.444696 4121.240744 4125.928284 4127.093688 4108.706571 4064.674202 4032.239934 3999.776041 3981.360058 3969.096732 3970.792569 3952.516363 3927.579536 3874.955461 3837.790831 3806.790709
3978.335146 4023.480305 4052.892819 4069.239203 4081.783339 4077.987086 4079.912913 4080.829541 4084.364281 4086.403435 4088.537759 4116.308864 4158.994871 4199.141210 4230.950966 4230.231797 4215.756917 4204.266477 4195.382097 4180.333461 4176.313058 4189.890673 4206.177205 4227.343954 4237.675666 4243.183820 4239.417065 4239.614133 4241.689166 4244.118889 4246.353799 4250.336505 4260.534972 4276.295267 4291.467300 4290.244163 4270.164143 4251.924559 4236.037187 4234.328058 4232.429557 4227.555336 4230.209714 4232.187879 4214.566543 4181.818100 4140.851097 4100.376146 4084.965929 4070.520728 4059.673179 4042.212809 3998.665859 3928.869181 3887.521964
4094.365703 4130.221293 4159.630813 4190.286173 4204.728869 4206.170470 4203.236545 4201.644534 4208.771584 4210.999246 4215.984967 4232.756853 4266.842898 4303.952318 4334.546067 4349.795984 4341.258118 4322.215920 4298.970995 4288.226932 4284.994762 4288.970766 4299.143319 4313.066854 4333.526331 4353.793069 4359.688703 4360.612241 4357.874516 4360.396787 4362.074655 4362.215218 4365.547059 4374.876590 4385.391867 4388.946819 4380.496292 4358.253417 4333.903718 4322.989550 4316.795401 4313.502803 4315.008700 4320.838356 4324.658355 4309.000881 4271.595682 4225.310536 4195.525172 4181.259243 4168.693946 4154.162656 4141.062788 4105.123703 4083.124412
4205.044200 4220.934473 4250.149079 4279.786607 4302.434385 4317.018034 4316.839144 4319.484288 4324.382217 4331.353982 4346.508735 4370.984278 4391.350251 4415.466930 4443.465644 4460.697761 4465.927747 4463.834593 4459.136632 4460.209024 4460.612638 4388.930863 4395.990397 4403.039599 4422.541674 4439.744998 4446.042123 4446.769631 4443.867017 4445.889722 4446.762811 4446.601097 4446.221426 4449.106164 4454.898074 4457.111723 4454.375099 4440.269359 4462.122854 4441.260178 4427.330998 4418.866761 4410.402574 4402.106399 4392.567437 4382.443377 4361.247217 4329.083192 4294.004631 4273.306489 4265.802398 4259.488239 4250.299430 4244.227372 4226.440723
4304.613813 4315.247608 4334.291765 4357.915919 4393.698557 4418.390769 4430.181039 4439.812966 4444.565119 4459.042847 4476.617845 4458.017030 4467.525302 4477.364609 4487.140992 4490.498288 4491.459558 4491.016004 4488.571979 4487.685303 4485.070470 4481.852324 4471.120024 4472.759026 4474.818674 4477.474919 4481.269930 4480.215361 4481.375182 4484.345930 4482.515773 4476.315845 4472.105047 4470.525083 4471.656931 4479.189779 4482.777847 4483.781239 4479.833898 4478.830923 4477.690861 4473.798771 4468.939575 4462.089542 4453.326997 4470.912710 4458.243211 4428.807590 4386.477149 4343.396550 4336.829669 4339.723296 4339.280539 4337.830087 4332.081876
4434.927120 4449.223404 4464.632201 4437.810231 4463.377893 4476.462421 4482.580516 4487.112699 4490.060255 4493.706869 4490.746328 4487.827481 4482.865102 4481.206618 4479.822524 4477.352285 4477.970587 4476.080416 4471.950319 4467.752757 4459.379597 4447.554574 4436.371881 4432.543036 4436.783205 4442.564386 4447.935840 4452.705703 4456.541900 4456.290300 4450.614296 4441.992101 4434.281321 4432.673736 4439.683710 4445.502552 4452.367680 4453.300734 4451.897372 4449.274580 4448.910903 4445.423331 4445.563429 4452.832888 4468.047569 4470.078315 4476.832785 4475.870885 4456.818725 4422.319265 4438.291335 4418.046598 4424.567333 4419.837107 4408.312279
4481.673650 4484.844849 4482.978750 4482.038715 4475.520045 4469.363508 4468.550690 4472.606280 4479.720905 4480.718098 4473.593482 4464.868432 4457.493965 4449.830276 4447.380881 4446.949339 4446.763100 4447.338383 4441.993409 4432.247391 4414.717084 4403.056223 4391.963064 4386.004229 4381.746358 4384.849156 4396.484222 4409.337002 4414.500855 4404.548881 4395.795658 4383.627325 4375.502711 4375.996193 4376.751479 4386.434329 4404.073345 4412.374872 4413.215692 4406.405712 4399.430744 4392.582515 4389.277074 4395.685834 4411.219836 4428.519607 4444.759299 4454.251931 4462.159342 4469.510348 4466.690692 4469.827852 4471.554079 4469.116883 4473.126118
4476.378099 4469.252488 4462.128300 4456.718282 4450.256242 4444.996137 4443.091708 4444.814312 4446.498635 4442.162558 4435.781686 4425.727030 4414.559887 4404.760156 4396.729799 4397.768617 4400.147988 4401.953734 4394.385644 4378.679627 4360.612007 4347.006764 4333.052532 4329.086007 4322.908047 4314.408032 4324.448719 4344.877736 4352.564768 4335.799744 4324.621316 4309.116794 4302.679218 4298.451538 4299.067656 4307.934072 4331.178664 4356.538646 4358.874439 4347.622932 4336.430036 4331.756246 4328.450645 4332.749525 4349.337664 4370.582631 4387.176202 4397.964292 4403.336715 4411.154294 4420.627546 4435.504072 4450.842827 4463.619842 4467.496604
4450.814416 4443.008085 4435.293989 4427.592703 4420.651808 4414.383327 4410.020807 4408.038010 4403.738058 4397.524498 4390.402633 4368.168183 4355.539835 4342.279519 4326.950245 4322.869271 4317.581789 4318.474961 4306.807459 4299.265067 4283.160661 4267.752034 4252.063498 4238.000613 4232.260820 4225.341580 4222.304743 4235.363090 4243.680319 4235.014732 4225.437160 4215.260634 4211.107504 4207.735442 4210.373333 4220.909248 4239.960203 4258.302166 4267.151728 4260.005499 4259.666013 4260.315421 4258.754190 4265.346303 4275.494916 4293.222358 4316.168659 4335.987177 4346.151326 4352.964732 4362.107294 4376.690706 4391.008035 4405.616404 4424.012272
4420.110378 4410.699738 4400.681137 4390.828009 4380.220992 4369.555720 4362.874527 4365.760520 4359.762784 4354.195047 4329.696839 4272.397344 4250.454449 4231.147887 4214.569776 4207.510330 4198.742103 4180.656832 4172.029533 4167.964514 4172.138245 4158.457752 4140.900325 4122.823240 4117.981645 4114.577849 4095.273505 4088.522273 4088.468256 4107.569591 4101.818996 4101.627595 4104.498672 4102.168664 4103.049738 4115.656820 4122.464778 4126.906815 4133.898676 4140.262486 4151.833922 4160.503937 4172.344129 4189.967846 4200.419516 4215.370710 4235.607950 4261.889628 4278.006056 4287.610574 4297.972439 4313.292029 4329.469966 4347.411328 4369.969946
4385.152752 4367.957545 4353.091892 4338.621837 4325.807394 4312.822488 4296.301634 4298.320002 4296.377345 4285.590105 4227.476510 4186.930319 4152.627277 4135.558481 4111.460188 4097.324041 4079.650993 4038.352042 4020.140882 4020.984749 4038.185847 4036.142199 4021.257888 4009.898504 4000.196449 3990.206966 3971.349394 3950.238896 3956.666336 3976.690536 3978.974699 3983.570503 3992.402507 3992.220255 3984.737621 3980.069414 3991.579184 3996.464064 4008.061335 4027.316327 4032.473519 4050.793888 4086.467590 4099.197086 4114.255073 4132.275114 4152.373526 4174.345878 4197.475402 4211.725251 4227.037960 4245.400658 4262.034901 4282.254436 4304.673941
4333.268220 4301.385813 4279.865137 4262.251496 4242.649696 4214.212962 4194.218717 4191.918366 4185.849477 4154.394922 4100.544537 4065.956870 4044.006917 4022.275503 3999.507022 3974.534615 3934.698363 3899.175703 3877.001132 3895.336656 3907.652259 3921.983381 3911.278490 3901.056094 3891.659488 3872.626110 3855.460179 3837.868033 3849.546379 3858.280230 3879.976354 3887.757273 3891.791260 3898.547169 3897.026061 3884.653970 3876.949395 3884.795506 3894.529768 3906.882014 3930.428736 3967.463139 3992.266950 4010.699785 4031.035271 4049.224955 4070.081029 4092.630747 4115.496854 4132.486717 4150.549225 4168.653293 4189.273663 4207.807494 4230.011733
4250.352377 4222.130924 4195.977937 4172.768063 4139.884109 4091.746569 4077.436665 4068.383097 4044.285649 3994.095367 3952.613150 3935.280419 3925.016208 3902.313306 3882.182393 3852.833786 3818.410560 3798.143608 3777.692381 3789.242154 3800.659055 3823.215129 3815.464593 3809.928181 3807.911852 3792.570252 3779.555713 3762.677864 3768.732013 3781.547887 3806.720739 3813.260141 3817.630252 3827.694059 3827.027811 3821.772904 3801.904870 3808.060150 3818.856517 3833.695633 3865.570285 3887.536990 3909.446002 3931.106142 3949.998572 3970.994307 3992.520531 4014.907445 4041.139135 4060.354417 4078.950134 4100.065617 4118.564803 4131.607840 4146.370837
4140.124255 4116.798334 4098.182733 4074.236260 4029.938962 3986.032947 3943.580525 3914.324130 3858.654624 3823.626827 3807.128066 3810.526928 3800.418568 3782.153987 3764.602778 3746.492778 3726.321680 3709.168573 3684.413591 3690.783795 3707.984262 3726.298980 3729.846164 3732.344998 3731.654813 3723.155272 3709.968361 3696.465127 3700.333936 3718.041849 3736.417427 3747.241159 3755.285642 3763.071006 3762.610140 3752.180866 3741.486913 3745.743703 3761.131935 3776.877140 3793.104001 3812.746603 3832.653423 3852.384338 3874.160114 3895.890414 3917.857656 3941.783006 3967.824671 3988.688311 4011.620153 4035.231760 4050.381578 4057.623428 4063.257852
4036.773111 4018.839666 3996.440285 3969.033578 3927.088482 3888.377053 3848.351763 3799.395410 3766.961731 3739.811020 3736.609715 3723.293291 3712.484713 3700.284449 3681.425501 3667.040765 3654.458816 3634.392159 3627.264187 3635.754925 3649.875340 3657.691244 3666.057712 3664.666520 3662.971007 3658.227051 3644.512822 3642.118703 3652.656510 3667.838761 3681.215215 3693.149680 3700.042555 3704.785630 3701.480893 3691.818403 3689.381904 3697.257985 3712.304927 3724.880987 3738.254141 3757.736071 3776.368187 3796.729321 3817.913254 3838.550726 3861.622391 3885.423323 3910.242517 3936.534622 3957.518611 3974.169880 3981.176733 3988.965187 3985.596196
3912.855011 3903.527273 3878.434323 3850.666972 3823.194612 3792.503235 3770.881654 3741.301199 3712.995976 3685.838977 3661.383636 3651.870154 3648.190859 3637.483799 3622.657509 3613.471828 3599.570777 3592.658602 3601.326828 3602.765344 3610.474379 3608.224864 3609.757441 3607.950579 3607.903334 3606.648933 3602.080575 3615.463250 3621.750158 3634.756348 3644.498339 3654.206058 3659.721447 3662.941184 3664.207976 3660.355461 3666.537687 3671.846610 3684.665390 3694.908657 3707.068063 3725.644073 3741.106398 3758.412687 3779.043325 3800.373228 3822.446577 3846.433388 3872.846901 3895.739624 3911.350571 3915.800881 3922.960413 3921.693662 3907.637017
