tests/Borden05m/sims/sim_1/output-maps/psiliqL0011N0019.asc
ncols         160
nrows         34
xllcorner     620200.000000
yllcorner     5168000.000000
cellsize      0.500000
NODATA_value  -9999.0
[rows 0 to 24 of 34, columns 57 to 113 of 160]
-9999.0 -9999.0 -9999.0 -9999.0 -9999.0 -9999.0 -9999.0 -9999.0 -9999.0 -9999.0 -9999.0 -9999.0 -9999.0 -9999.0 -9999.0 -9999.0 -9999.0 -9999.0 -9999.0 -9999.0 -9999.0 -9999.0 -9999.0 -9999.0 -9999.0 -9999.0 -9999.0 -9999.0 -9999.0 -9999.0 -9999.0 -9999.0 -9999.0 -9999.0 -9999.0 -9999.0 -9999.0 -9999.0 -9999.0 -9999.0 -9999.0 -9999.0 -9999.0 -9999.0 -9999.0 -9999.0 -9999.0 -9999.0 -9999.0 -9999.0 -9999.0 -9999.0 -9999.0 -9999.0 -9999.0 -9999.0 -9999.0
-9999.0 -9999.0 420.724205 415.234242 409.981147 405.081725 396.158664 387.024938 378.639536 374.818350 374.079916 373.441320 373.233983 378.690118 386.841654 394.644520 402.002173 404.558286 407.147191 409.564761 410.192879 409.032272 405.868048 402.632451 399.270394 397.810815 389.633158 378.227223 369.359520 366.616093 371.097177 375.604795 378.118842 384.087264 394.903987 405.781692 414.359305 426.179100 431.806986 436.834331 439.743771 435.447963 431.639226 427.612798 422.434938 411.239986 -9999.0 -9999.0 -9999.0 -9999.0 -9999.0 -9999.0 -9999.0 -9999.0 -9999.0 -9999.0 -9999.0
403.827052 407.225481 396.181015 391.357022 388.118932 386.082701 381.185120 372.580561 367.403293 362.151819 360.573479 360.806651 361.068789 365.411869 375.625449 383.770075 388.710763 391.350698 394.063447 394.108130 393.741828 393.506840 390.705353 387.347022 384.000781 382.247757 382.536687 374.968857 369.590543 366.274245 364.836632 367.326499 369.662699 372.861706 382.414306 390.645549 398.884483 413.098198 425.408156 430.521242 427.872838 422.587104 418.501179 411.594397 401.330125 390.668862 380.430783 373.059796 367.295108 361.517680 367.289320 373.551239 383.393829 393.142363 405.028651 417.113736 -9999.0
388.616519 391.638071 380.957797 372.698964 368.058858 368.310857 370.839073 367.411944 362.980035 358.641451 367.117780 368.655936 370.055213 373.514557 376.916222 379.824289 382.747397 388.271238 397.448012 400.326658 401.030423 401.313735 399.600802 396.565025 394.823740 392.118013 386.992884 386.069996 386.517450 386.474445 391.598582 393.078950 394.576784 387.670013 391.056730 397.246992 404.087483 410.814835 417.596130 421.746171 418.295797 416.860283 408.012328 393.667908 381.859714 372.793967 370.188033 366.604555 358.434434 345.589019 352.224060 367.416323 371.743579 374.990075 386.583743 398.737681 408.977925
375.313983 378.569720 373.726074 375.019823 376.677150 378.332106 376.957657 374.254212 372.916425 386.046188 395.947090 398.113062 401.365731 405.138242 404.405036 392.430839 390.068537 398.685546 409.362463 415.503542 415.971270 416.147217 414.496899 413.574316 413.178934 410.957435 411.996403 414.693582 415.197126 420.202676 425.934482 428.737556 420.461116 411.115254 411.618888 419.185089 427.146855 434.453559 445.214451 456.559334 455.035754 448.725512 438.945638 424.420118 400.090072 379.607827 368.221748 360.729436 353.085227 352.172177 348.972091 359.425994 360.696778 362.085098 370.139945 380.168917 390.109533
391.616416 400.126625 394.445251 389.307752 386.427244 387.360500 387.956117 391.703937 405.162965 419.722550 435.243447 438.616791 441.692388 441.685206 432.512689 422.348979 418.489528 433.678857 450.093747 458.833962 460.079241 460.337555 468.068574 466.506115 464.373739 459.271415 461.713749 464.160449 475.142278 483.012840 490.064042 488.153781 476.048359 464.515173 462.464116 464.548103 467.061347 473.019590 483.334770 493.115617 487.605730 479.339973 467.809072 437.540894 408.604170 390.441349 389.829354 389.219666 383.626100 379.641642 375.379205 367.343626 366.184485 364.853966 363.784071 375.304513 387.220397
442.364304 459.111234 453.778403 445.790416 435.497144 436.383043 440.227659 449.213051 463.380235 482.529293 507.838317 512.144120 516.475599 520.338992 509.639511 497.526614 486.240641 503.512762 514.084562 523.644797 526.809246 538.044186 548.484431 543.866149 535.536582 525.685861 532.409365 545.656695 561.250326 568.214318 572.002084 571.368188 560.562359 554.589236 552.057392 552.967401 549.532548 553.159498 563.723823 578.718904 577.779635 566.584630 541.967871 503.256091 466.352053 443.164088 446.515462 438.498137 430.757067 425.463749 410.097458 397.678705 396.412810 385.869301 378.811629 389.553943 395.002082
494.049518 513.446365 509.933781 499.501048 487.036031 487.379679 496.028555 506.857896 527.147272 552.150886 578.039882 589.235462 595.052281 605.179568 599.136335 590.124362 581.814909 591.286179 604.235205 616.945272 628.135565 641.420711 653.438413 645.198876 634.131785 630.008331 635.162535 654.172082 670.864079 676.350659 678.213654 681.598898 673.612277 666.288336 658.465506 651.719903 644.871308 640.148325 656.851752 672.121558 669.533668 644.797201 618.812966 581.196284 541.457021 506.159675 501.682804 497.839437 494.801928 477.712725 460.258332 440.868620 428.931042 418.386685 402.606730 406.637255 411.110134
595.768694 617.807589 621.147815 606.033175 599.951656 605.477668 618.451790 626.144160 641.857027 668.299983 701.981316 725.737823 746.785699 751.753049 743.667519 735.001477 721.996620 718.967432 734.964994 747.295972 758.632711 769.915890 782.221570 788.528715 786.681718 786.463806 789.550780 795.614409 803.688361 810.452879 816.251734 822.201469 820.131475 810.261812 802.724993 793.026122 784.918964 781.704101 782.373365 791.295613 788.916522 764.143606 736.241600 703.621103 665.536874 632.478738 611.765871 614.040801 599.986752 579.741651 556.834910 518.664917 498.672007 480.329883 449.051592 443.279754 451.245138
711.089037 727.277213 741.928863 739.196974 741.729878 746.043936 753.546222 759.367557 767.975716 800.697745 835.877942 866.082443 890.891035 900.400905 891.274183 882.144352 870.974803 861.846028 864.933694 878.711208 894.997984 910.515620 921.438938 925.166175 923.961620 924.258082 926.065139 929.106024 931.889767 937.507675 944.542439 954.562700 965.758449 960.561707 943.751507 930.576314 915.617014 909.286276 906.732515 903.556379 902.738889 896.151922 866.361680 838.024527 805.530610 774.584890 751.622358 734.673384 713.865565 690.331836 644.002012 601.793197 564.921061 535.081987 504.858502 500.079099 522.551645
832.333097 857.419121 873.041583 877.117528 879.990088 883.483932 890.366481 896.608983 904.824225 926.625719 962.896767 999.432499 1029.251516 1034.889291 1027.243710 1017.727837 1007.615043 997.974271 994.920445 1001.833748 1011.985783 1026.947939 1038.133457 1047.993125 1047.559967 1047.909663 1048.099618 1050.061344 1051.782695 1053.412940 1059.887489 1070.949255 1081.345900 1082.471240 1069.914579 1052.732924 1034.545187 1025.632923 1018.205132 1011.636124 1010.846812 1010.814348 1004.410594 980.132789 944.817016 901.888242 873.566230 850.862557 836.469760 819.609921 795.538586 746.498787 716.918048 681.986960 646.461515 623.393739 659.496131
945.240246 975.455001 994.711162 1003.567116 1005.147367 1008.587095 1017.066421 1024.670323 1035.799649 1052.277701 1074.360486 1102.144773 1128.880759 1147.467494 1145.392312 1134.457394 1118.558347 1114.366505 1113.452211 1115.091293 1120.923537 1127.774595 1142.009645 1156.675812 1161.661294 1162.214908 1159.844399 1161.795633 1162.794179 1162.849907 1163.634216 1167.704394 1174.094163 1176.256157 1171.667147 1156.208898 1136.060150 1120.191566 1110.285252 1104.922690 1101.960893 1102.174417 1100.686440 1088.925741 1060.873389 1023.693094 989.420978 965.712817 948.254851 933.717915 921.968833 904.224560 886.258602 856.345083 813.995282 777.954938 774.207853
1044.933790 1070.997192 1095.218315 1112.073931 1117.417261 1124.607089 1130.774554 1141.725947 1157.444278 1175.374709 1188.249869 1204.312288 1225.111456 1237.772256 1244.125543 1245.145248 1244.512070 1246.336436 1246.285710 1226.381500 1228.530540 1230.607262 1235.748318 1242.153553 1244.002601 1244.047310 1243.181749 1244.080382 1244.346310 1244.583515 1244.352231 1243.995330 1245.558891 1245.999858 1244.895286 1238.901617 1238.601684 1221.508289 1209.296732 1201.545690 1193.748768 1185.073772 1175.380204 1165.438737 1149.306054 1122.433179 1088.955064 1060.269368 1047.036455 1039.110709 1031.691561 1025.308639 1009.653841 987.961216 958.012269 920.347407 885.301968
1141.286681 1160.815832 1186.546666 1204.568765 1215.314768 1224.437355 1230.084189 1242.359436 1254.987641 1251.772208 1254.544560 1257.639291 1260.888582 1262.380078 1262.983590 1262.910647 1260.533403 1259.822145 1257.712389 1252.358620 1242.661454 1243.690692 1244.739798 1246.886251 1250.067339 1248.509587 1249.247385 1252.059627 1250.674010 1245.474020 1242.149596 1240.671434 1241.028875 1247.923374 1250.761435 1251.213640 1250.236777 1249.161290 1248.479197 1247.219512 1245.858747 1244.026779 1241.562915 1242.587263 1232.541864 1209.829471 1178.039204 1144.119995 1128.371566 1122.160837 1121.608428 1117.500411 1110.220496 1090.744670 1063.359527 1027.768804 990.053561
1246.254462 1246.945108 1254.444953 1258.493078 1260.803545 1263.592378 1266.305451 1267.264901 1264.010261 1260.264464 1255.291960 1253.817611 1252.426748 1250.041257 1250.540891 1248.268067 1243.842329 1239.558789 1232.335930 1220.888669 1208.847997 1205.918184 1210.046570 1214.512855 1218.309007 1220.962203 1223.959488 1225.129417 1220.715176 1213.329821 1206.676376 1204.869225 1211.195307 1216.629452 1221.527561 1222.108320 1220.749544 1218.931061 1219.438962 1217.601560 1218.791795 1225.826956 1239.312898 1245.971741 1247.893636 1247.304927 1241.493701 1231.142062 1219.908481 1200.206061 1202.577649 1197.290071 1185.004494 1163.311463 1139.147914 1109.749147 1080.894871
1257.128333 1255.235841 1249.428857 1243.799539 1243.196789 1247.051329 1253.696578 1254.799853 1247.561129 1238.793433 1231.076400 1223.708648 1221.021121 1219.194921 1217.990286 1217.348154 1211.218620 1202.514734 1186.156537 1173.392856 1161.274033 1154.570930 1152.454137 1157.168912 1166.161762 1174.775214 1179.021205 1172.824162 1165.854094 1155.874700 1148.221051 1148.598733 1151.130624 1159.912993 1173.076999 1177.121662 1177.972072 1173.566506 1170.057003 1165.214286 1164.533286 1172.697873 1188.730608 1204.382709 1218.002768 1226.264494 1233.807416 1240.407053 1245.038291 1245.894012 1246.239165 1245.242708 1242.718147 1227.479724 1206.892465 1183.383081 1158.991200
1235.289985 1229.806945 1222.812738 1216.775444 1214.800259 1216.947004 1219.547573 1215.862747 1208.526111 1197.414089 1185.288309 1174.455254 1167.578723 1167.455131 1168.705727 1168.584203 1161.421550 1146.222513 1127.945830 1113.573472 1099.011513 1094.402459 1089.277051 1085.274393 1095.358055 1111.360643 1117.043809 1104.232022 1094.902730 1081.421363 1074.356594 1071.683920 1073.433025 1082.820029 1101.916462 1120.260082 1121.650947 1112.880590 1104.506816 1100.789586 1099.606152 1107.678044 1127.087008 1147.593082 1162.806053 1173.049763 1179.887905 1189.301097 1199.694215 1212.127578 1225.406172 1236.572328 1245.824907 1248.993474 1247.471098 1242.805812 1228.913256
1203.952259 1195.418733 1187.686700 1180.955897 1176.186714 1173.462114 1170.409173 1163.873264 1156.189256 1141.910519 1128.764097 1116.017657 1101.850382 1097.778523 1094.386810 1095.307671 1083.489775 1072.082882 1052.542722 1036.451379 1020.392581 1009.967883 1003.772439 997.732578 1002.253787 1017.398160 1026.188363 1012.642178 1002.624050 990.011392 984.038373 981.017920 982.942664 993.129004 1015.362578 1034.016000 1041.031684 1033.721801 1028.976894 1027.375100 1027.482055 1034.271224 1050.165554 1070.948201 1092.257656 1108.673543 1119.129303 1128.380426 1139.813226 1155.217211 1170.145550 1185.117511 1202.820519 1222.773302 1237.455952 1246.864401 1251.277000
1162.585435 1152.225790 1141.180575 1130.153534 1123.537183 1123.948057 1116.768839 1109.795903 1094.911206 1049.621085 1031.453166 1013.153031 997.535176 991.389391 983.580218 975.922681 966.114517 958.617187 950.177970 934.153323 916.516235 900.298959 894.723069 890.122609 881.756427 887.098381 890.321081 893.140380 885.989179 880.097551 877.834540 875.545894 879.029737 892.697207 904.958672 915.699645 922.143968 920.696349 927.776828 934.530345 938.774297 955.228249 969.720713 988.219813 1010.340670 1034.309517 1048.276070 1059.041691 1071.262278 1088.024285 1105.913119 1124.579442 1148.069437 1173.343548 1190.218009 1202.311632 1215.003375
1112.076434 1097.570247 1084.481336 1071.490148 1058.258806 1058.378665 1054.211065 1045.529864 1005.639654 963.230550 930.892742 912.345857 890.185495 878.590002 867.412493 841.813457 827.405200 820.497059 824.173088 813.737070 796.359496 781.802883 773.395099 766.541830 753.762302 745.571497 750.043396 761.709884 757.115257 755.356795 759.351854 757.732574 754.802565 761.101026 775.743378 784.332121 794.419021 805.895787 811.069540 820.528852 846.920778 861.695365 877.802360 898.860514 921.624745 945.198987 966.163016 980.450488 996.120237 1016.026085 1034.063995 1056.098698 1080.845868 1110.412527 1131.140867 1146.856799 1159.856448
1038.875752 1022.205990 1004.864068 984.535994 963.731095 960.769139 953.183415 934.549254 889.087285 848.544198 818.176639 795.653676 771.066905 752.177629 725.347129 693.725812 673.283362 677.511247 684.145604 683.799946 669.269139 655.885592 645.126454 631.122838 615.434735 604.028147 612.361985 621.042912 628.751880 632.215345 636.073657 638.507752 637.568069 633.902762 640.291088 649.654385 660.671061 671.906198 685.900792 715.952353 741.758218 760.257965 782.209889 803.849508 828.061318 853.308071 876.008270 893.357749 913.106442 933.613130 955.741632 977.988326 1004.278366 1034.736885 1060.121619 1076.938314 1092.732095
956.578760 934.135306 908.112708 870.101863 854.860761 845.626052 832.990921 797.392686 754.839869 718.875146 693.838613 668.385411 643.581923 615.923060 584.012349 556.448944 535.901148 542.088234 548.700512 559.104496 546.645282 534.702805 527.729933 512.454718 498.078329 483.599185 491.251911 501.143696 517.995158 522.157498 525.682048 532.540228 531.563298 529.479919 521.640843 530.922542 541.955590 556.424594 584.851293 611.297350 637.230380 660.348553 682.739422 707.297059 733.408947 759.679237 786.910663 808.057286 828.753270 851.762830 873.605255 893.750015 916.589391 944.355043 968.723206 989.779924 1012.077576
856.476614 832.241646 796.421073 752.840636 718.985059 703.081770 665.664186 631.317479 594.567305 575.001192 554.997352 530.614874 507.660112 485.109315 457.877849 434.188221 409.809448 413.231541 425.324276 438.892164 432.432717 428.203848 424.556727 412.859437 398.924756 385.249631 388.872245 403.977649 420.836836 428.183727 434.823778 442.438175 442.675733 436.191460 428.174243 434.288382 448.793002 465.715519 488.083862 512.109868 535.938285 558.528667 583.525321 609.716906 636.472857 665.127810 694.705338 717.504393 743.602976 770.278394 791.897165 806.227892 822.530505 848.534801 868.842095 892.447475 916.619492
750.195035 723.141140 681.981782 638.642702 594.709888 555.148545 520.820847 488.274759 468.784046 448.454851 429.157567 409.751297 387.845680 367.449518 347.650509 325.062257 306.478966 311.495144 324.460312 335.790421 338.144775 334.907007 331.603315 323.773089 309.969215 299.482743 307.832098 323.244748 338.260906 348.415487 355.197355 361.418387 358.836826 350.824941 344.979745 353.292386 369.179332 384.733777 403.059397 425.633840 448.394124 471.687839 496.289196 521.238616 548.845773 577.532191 606.806615 635.730058 662.495008 687.628929 701.782764 715.876169 726.364672 745.136089 765.768878 788.500556 814.047591
624.262146 594.955620 559.975659 519.264601 486.520819 452.783076 420.485605 388.909324 362.617075 344.392279 333.597581 318.048915 298.153489 284.038572 266.647685 248.334045 247.541283 250.495407 261.882072 263.339038 263.860155 260.748969 259.507760 254.911915 243.876954 250.424672 258.012117 272.785887 283.691551 293.153324 299.485372 303.710396 303.559086 297.066977 300.497407 307.916578 322.856883 335.207020 351.012491 372.644289 391.114844 411.826211 435.332632 459.857984 485.898412 513.752612 543.882276 571.565413 594.510722 607.351829 621.159629 630.136143 627.799678 644.924610 662.964160 681.111936 707.074881
