tests/Borden05m/sims/sim_1/output-maps/psiliqL0018N0011.asc
ncols         160
nrows         34
xllcorner     620200.000000
yllcorner     5168000.000000
cellsize      0.500000
NODATA_value  -9999.0
[rows 0 to 24 of 34, columns 55 to 109 of 160]
-9999.0 -9999.0 -9999.0 -9999.0 -9999.0 -9999.0 -9999.0 -9999.0 -9999.0 -9999.0 -9999.0 -9999.0 -9999.0 -9999.0 -9999.0 -9999.0 -9999.0 -9999.0 -9999.0 -9999.0 -9999.0 -9999.0 -9999.0 -9999.0 -9999.0 -9999.0 -9999.0 -9999.0 -9999.0 -9999.0 -9999.0 -9999.0 -9999.0 -9999.0 -9999.0 -9999.0 -9999.0 -9999.0 -9999.0 -9999.0 -9999.0 -9999.0 -9999.0 -9999.0 -9999.0 -9999.0 -9999.0 -9999.0 -9999.0 -9999.0 -9999.0 -9999.0 -9999.0 -9999.0 -9999.0
-9999.0 -9999.0 -9999.0 -9999.0 1833.360674 1828.106497 1823.347802 1818.986849 1810.676717 1801.889769 1794.175746 1790.599604 1790.061444 1789.714489 1789.675841 1795.191093 1803.595561 1811.563574 1818.901344 1821.553849 1824.180693 1826.484876 1827.082434 1826.093859 1823.068521 1819.961448 1816.736733 1815.289161 1807.606946 1796.422940 1787.875179 1785.174436 1789.486576 1793.856629 1796.258596 1801.723281 1812.136427 1822.604145 1830.813574 1842.562567 1848.410961 1853.158740 1855.498825 1850.950935 1847.034158 1842.737742 1836.905494 1825.650813 -9999.0 -9999.0 -9999.0 -9999.0 -9999.0 -9999.0 -9999.0
1778.155285 1797.271649 1817.969779 1821.382971 1809.897156 1805.110487 1802.204327 1800.699723 1796.510591 1788.380748 1783.652483 1778.700970 1777.012379 1777.517486 1777.966976 1782.335824 1793.118434 1801.371513 1806.359663 1809.181200 1812.106030 1811.534135 1811.113970 1811.025001 1808.321997 1805.046222 1801.812296 1800.124102 1801.052936 1793.544479 1787.916714 1784.331260 1782.150267 1784.697974 1787.125660 1790.859030 1800.052625 1807.879711 1815.663905 1829.924403 1842.213672 1847.163901 1844.138669 1838.771486 1834.436842 1826.982287 1816.266292 1805.795449 1796.679220 1789.640603 1783.609538 1776.970255 1782.424297 1788.801222 1797.776258
1763.038665 1782.700205 1803.355085 1806.442765 1796.175271 1788.461531 1783.152069 1783.926710 1787.329647 1784.425870 1780.235560 1774.680183 1784.252238 1785.909913 1787.350021 1791.041255 1794.077299 1798.326735 1801.257163 1806.866830 1816.069686 1819.022356 1819.709135 1819.992175 1818.267741 1815.248829 1813.518568 1810.867900 1805.738813 1804.438487 1804.509279 1803.853926 1808.441115 1809.884467 1811.989205 1805.668252 1809.404247 1815.419548 1822.043376 1827.856265 1833.920569 1836.859438 1833.038169 1832.124462 1823.119372 1808.756705 1797.560603 1788.964701 1787.409285 1783.702711 1775.119455 1761.263951 1768.033660 1782.994024 1786.891574
1769.595620 1779.242848 1791.059609 1794.357836 1789.824382 1791.977616 1794.147252 1796.050611 1794.906225 1792.253640 1789.901715 1802.128126 1811.623542 1813.775673 1816.999650 1821.220090 1821.608621 1810.507546 1808.571060 1816.719960 1827.002782 1832.735588 1833.123740 1833.104061 1830.576855 1829.647407 1829.454998 1827.523094 1827.864650 1829.994064 1829.047263 1833.000524 1838.537722 1841.546272 1834.661947 1825.720277 1826.965205 1834.815954 1843.126932 1850.244318 1860.283259 1870.862535 1869.715712 1863.831117 1854.275209 1840.369477 1816.542574 1797.041778 1785.364012 1777.063823 1768.967450 1769.206481 1764.608961 1775.935888 1776.763194
1765.467157 1784.563374 1805.940964 1813.684738 1808.382105 1804.469849 1802.927306 1804.252069 1804.601358 1807.238931 1818.835623 1832.397031 1846.200443 1849.226667 1852.015087 1851.735879 1843.707855 1833.866479 1830.875977 1845.326490 1861.963180 1870.277672 1870.671162 1868.744964 1874.315360 1873.644245 1872.891385 1868.710751 1870.331631 1870.372760 1878.560111 1886.165531 1893.515347 1891.808685 1879.582911 1867.716238 1866.608705 1870.222897 1874.664785 1881.060679 1890.799403 1899.706578 1894.063080 1886.929509 1877.115082 1848.805819 1822.491692 1805.711039 1804.965688 1804.328744 1798.571733 1794.787602 1791.380664 1784.469248 1783.232074
1810.537136 1831.798158 1852.666571 1868.145391 1863.040079 1855.996224 1847.259800 1848.413769 1851.127649 1859.006243 1871.622538 1887.873845 1911.553889 1913.705971 1916.393013 1918.097115 1906.798755 1894.646727 1884.353353 1904.017535 1914.773379 1923.039449 1923.322805 1931.511069 1941.022985 1936.990476 1929.793189 1919.016575 1925.133472 1934.953380 1950.011750 1957.155686 1961.442528 1958.864845 1946.658931 1940.438627 1939.941288 1943.517632 1942.185544 1947.869408 1957.043091 1971.376143 1969.811611 1962.128592 1939.742516 1901.905690 1868.479317 1849.931679 1856.533824 1848.938867 1841.062854 1837.481396 1823.455684 1812.799231 1812.594154
1858.407943 1875.575488 1893.988240 1912.442186 1907.044667 1897.530350 1883.946636 1883.271263 1890.254054 1901.037677 1920.083803 1941.659460 1964.555912 1969.823859 1969.910458 1980.007285 1973.947689 1964.562471 1957.012610 1972.200332 1983.722999 1995.036893 2003.427461 2016.206397 2027.396941 2015.395466 2001.709461 1994.748317 2000.681133 2022.487457 2041.526828 2046.425063 2046.762806 2048.133407 2036.726805 2030.703405 2025.168711 2021.897479 2017.040131 2013.427754 2033.656100 2051.256700 2049.329859 2025.909725 2001.486561 1963.142084 1924.481084 1894.229210 1897.542076 1893.360890 1892.675168 1878.311523 1863.049822 1848.854201 1840.668059
1930.916038 1958.096432 1978.105745 2000.362488 1998.521045 1980.533998 1970.598246 1975.321773 1988.926387 1997.014496 2014.050653 2036.011377 2065.879906 2084.222006 2100.865021 2105.669999 2098.231363 2089.871310 2077.583925 2078.584422 2098.374547 2110.554312 2120.555271 2130.536377 2143.090534 2146.788799 2142.737569 2141.869536 2145.546869 2154.921733 2165.794599 2172.391254 2176.752486 2180.957662 2173.635326 2162.429136 2157.677301 2150.094567 2145.208410 2142.969443 2148.290849 2162.119697 2158.804718 2128.027883 2100.145363 2065.963262 2027.574087 1996.080278 1981.828297 1991.412163 1982.453636 1963.782808 1946.498558 1913.874390 1900.490392
2021.104773 2056.578992 2083.917961 2098.084065 2110.220215 2102.744018 2103.883676 2108.696144 2117.014799 2121.906950 2129.765063 2162.542104 2197.234007 2225.227477 2249.281188 2257.846403 2247.286966 2237.950196 2225.809747 2216.954207 2223.906879 2239.532034 2256.659831 2272.077117 2283.365205 2286.472242 2285.180441 2285.485184 2287.999334 2290.926841 2294.332679 2301.243439 2308.612581 2318.325006 2328.115459 2320.369025 2303.156483 2291.856028 2279.745995 2275.994655 2275.069576 2274.759693 2274.244414 2262.195360 2225.881972 2195.247392 2162.358815 2136.145039 2117.034338 2107.086302 2086.645219 2062.224062 2013.237138 1973.175617 1938.717897
2127.421450 2170.193494 2201.213299 2223.573041 2238.801385 2240.426135 2243.507918 2246.309805 2252.026930 2256.755309 2262.745176 2287.377637 2327.029166 2365.382614 2396.007171 2398.794830 2388.147361 2377.742093 2368.138994 2356.290298 2352.891937 2362.659803 2375.475032 2393.152091 2404.155840 2412.353453 2410.516513 2410.950370 2412.148823 2414.136496 2415.983782 2418.538790 2426.532267 2439.610955 2451.987139 2452.104215 2436.424798 2419.118424 2402.173020 2396.513555 2391.411309 2385.299954 2385.461240 2385.630499 2373.880029 2345.288679 2306.664269 2264.095071 2240.426682 2220.388241 2206.706804 2188.994580 2156.294072 2097.971047 2062.986232
2255.174153 2286.429939 2317.206297 2348.677433 2366.788574 2373.281508 2373.428342 2374.925916 2382.792175 2388.223201 2397.015128 2413.840002 2441.330397 2473.105378 2501.196457 2517.921857 2512.845060 2498.405594 2479.421503 2472.489512 2470.621228 2473.272292 2480.976098 2490.862558 2507.854267 2525.170197 2531.408044 2532.349916 2529.455274 2532.214270 2533.644900 2533.731029 2535.472727 2541.627509 2549.646810 2552.303925 2545.949490 2527.135916 2505.409949 2491.980422 2483.767970 2479.104250 2477.578742 2479.537883 2479.583957 2465.588662 2433.240322 2391.993537 2359.171417 2338.851937 2322.663254 2306.971050 2293.760873 2267.618183 2247.176117
2374.571411 2390.269103 2417.998488 2446.368050 2470.566546 2487.053658 2490.371390 2495.607510 2500.961554 2510.203746 2526.009159 2547.753047 2564.273599 2583.705653 2607.189494 2621.282602 2626.809561 2626.309988 2623.859425 2625.272390 2625.354258 2584.115818 2588.292085 2592.466384 2603.647463 2614.751419 2618.848067 2619.409104 2617.739863 2619.300162 2619.874715 2619.894766 2619.483976 2620.346981 2623.577770 2624.699607 2622.863855 2613.413924 2622.344419 2603.920234 2591.081302 2582.904024 2574.518944 2565.548830 2555.369058 2544.691755 2525.444822 2496.208507 2461.930899 2436.412638 2425.213957 2417.288272 2408.396152 2401.361350 2384.107173
2482.967676 2495.200869 2512.874270 2534.879477 2566.139086 2587.590211 2598.916257 2608.116677 2613.137103 2626.206260 2641.011146 2631.885901 2637.708839 2643.560055 2649.230653 2651.078638 2651.427832 2650.874000 2648.237080 2647.313016 2644.936864 2640.423884 2630.267390 2631.547382 2633.089787 2635.625072 2639.322521 2638.198495 2639.252772 2642.230028 2640.635811 2634.914935 2631.088732 2629.464493 2630.095366 2637.259016 2640.433510 2641.144437 2639.024023 2638.078221 2637.231459 2634.799276 2631.790554 2627.572036 2622.113678 2629.541393 2617.986554 2592.311136 2555.863279 2517.379583 2505.209406 2502.382854 2501.341192 2497.751588 2490.636680
2605.095946 2618.437431 2632.703158 2622.542068 2638.059104 2646.132620 2650.007932 2653.333737 2655.893140 2657.770052 2654.573581 2651.240545 2646.338587 2644.684056 2642.977400 2640.074603 2640.111340 2637.553825 2632.938004 2628.544084 2620.840991 2609.239432 2597.517371 2594.191632 2598.408661 2603.558457 2608.220896 2611.972359 2615.484996 2616.146062 2611.132066 2603.084882 2595.848918 2594.037047 2600.641272 2606.298070 2612.110440 2612.944725 2611.673165 2609.617397 2609.828298 2607.316251 2607.984189 2614.896390 2628.791747 2633.338850 2637.104665 2636.252703 2624.771907 2604.113820 2603.882398 2583.701090 2587.426326 2582.001101 2569.773690
2648.128495 2650.486790 2649.750672 2648.430650 2642.418878 2636.484907 2635.549405 2639.148300 2645.621890 2646.346421 2638.881130 2629.980018 2622.367858 2614.702623 2611.700826 2609.826003 2608.375748 2607.655906 2601.443351 2592.119572 2575.228390 2562.940089 2551.201380 2544.753551 2541.772389 2545.939054 2556.212743 2566.780625 2571.561846 2563.867680 2556.067233 2545.024904 2537.035780 2537.403027 2539.249302 2548.538636 2563.730602 2569.723151 2570.754733 2565.542125 2560.790595 2555.287339 2553.595919 2560.942321 2576.579353 2592.995939 2607.810814 2616.630801 2624.207431 2630.856980 2632.244131 2633.897650 2634.602309 2632.768803 2632.760929
2643.981663 2637.259437 2630.350020 2624.850365 2617.805217 2611.619105 2609.123408 2610.514410 2612.163451 2607.656014 2600.159210 2589.003431 2577.106806 2566.407286 2558.498720 2558.082670 2558.979201 2558.923749 2551.035367 2535.190453 2516.279141 2502.050636 2487.566146 2483.088515 2477.486996 2471.697642 2481.909629 2499.901569 2506.524760 2492.099616 2481.911500 2467.452678 2460.536762 2457.211033 2458.603392 2467.994212 2489.086131 2510.630849 2512.730222 2503.282570 2494.145783 2490.479754 2488.802357 2495.577207 2514.055816 2535.673524 2551.941675 2562.712420 2568.993977 2577.582669 2587.551218 2601.098597 2615.181728 2626.840443 2633.746003
2618.522586 2610.214081 2601.842446 2593.390241 2585.370746 2577.897303 2572.413260 2569.130850 2564.716416 2557.456231 2549.045690 2530.149036 2516.584050 2502.984721 2487.519396 2482.478782 2477.325284 2477.365869 2464.940376 2454.731277 2436.524539 2420.481610 2404.190923 2392.022826 2385.911186 2379.526286 2381.041941 2395.455370 2404.129148 2392.569060 2382.629425 2370.891075 2365.589514 2362.454242 2364.836042 2375.454862 2396.751941 2415.684726 2423.881687 2417.113887 2414.769430 2414.860069 2414.977513 2422.291396 2436.358617 2456.415109 2479.101242 2497.616589 2508.445167 2516.983520 2527.801694 2543.588216 2558.470789 2573.220762 2591.162088
2583.600304 2573.335680 2562.401522 2551.596063 2539.685274 2527.093142 2519.259597 2519.543596 2511.698852 2504.146045 2484.186155 2433.035539 2412.293895 2392.587572 2375.523798 2367.892524 2358.596126 2345.689999 2335.585652 2328.917373 2325.261035 2309.709526 2291.376081 2274.068759 2268.676595 2264.573578 2251.776852 2252.229568 2254.136770 2263.619068 2256.942818 2253.296602 2253.108520 2250.876785 2253.505018 2267.080916 2277.513776 2286.117654 2293.277891 2295.601253 2305.259576 2313.971130 2322.311689 2340.169883 2353.930460 2371.944194 2394.394603 2420.517824 2436.354883 2447.420718 2459.541704 2476.258205 2493.910849 2512.584233 2535.971270
2541.716317 2524.883206 2509.505094 2493.991839 2479.837415 2465.723509 2449.878958 2449.453892 2444.829046 2433.824470 2384.863850 2341.768756 2306.973834 2287.797172 2263.672714 2249.871215 2234.895925 2201.887920 2185.122509 2180.728938 2189.449717 2182.102475 2165.605194 2152.297379 2143.375111 2135.331746 2120.181485 2106.760634 2112.033953 2127.069130 2125.196279 2125.976001 2131.959664 2131.027657 2126.436552 2128.539250 2142.261073 2149.721966 2160.872044 2176.047699 2181.761510 2195.527601 2226.578206 2241.488860 2258.284796 2279.347147 2302.401825 2327.062541 2350.341846 2365.843333 2382.520100 2402.949235 2421.393262 2443.473130 2467.900623
2483.248532 2453.285868 2431.930451 2413.512405 2393.647299 2368.504024 2346.544273 2342.393705 2333.952995 2308.430563 2257.583870 2218.035374 2190.030119 2166.848867 2142.062889 2119.744491 2086.637478 2052.749886 2030.998888 2040.415350 2048.839984 2054.203232 2041.211011 2029.245360 2019.249356 2003.446682 1987.426523 1973.626083 1983.289516 1991.845905 2005.187445 2010.370801 2014.316531 2018.637858 2017.657657 2010.645997 2011.457482 2020.433271 2031.206032 2043.232388 2061.520768 2094.967625 2120.945680 2140.168489 2162.421636 2183.813590 2207.850579 2233.228526 2257.358937 2275.956663 2296.467873 2317.776347 2340.760230 2362.760769 2388.547873
2399.274695 2370.365230 2342.663364 2318.271018 2287.382375 2243.544395 2227.157343 2216.628013 2198.020192 2155.244273 2112.100220 2082.769641 2063.122751 2038.254473 2014.911746 1986.193791 1953.037096 1928.278014 1907.406058 1915.222327 1923.214024 1938.213363 1927.599622 1918.377622 1913.607879 1898.531211 1884.941167 1869.594307 1876.531929 1887.482360 1907.634633 1912.734797 1916.645546 1924.947108 1924.317312 1921.199576 1908.678488 1916.926086 1928.126890 1943.007793 1972.997109 1997.676499 2022.139133 2045.013003 2066.510913 2090.427884 2115.460171 2141.015883 2168.967333 2190.546562 2211.653486 2235.244547 2257.188893 2275.919211 2296.975452
2284.086947 2258.233894 2235.960518 2210.517345 2169.928013 2125.019378 2086.439842 2064.105094 2018.365893 1983.128177 1954.392682 1944.031093 1927.835581 1905.654770 1884.560130 1863.458620 1838.855778 1817.547220 1792.565609 1796.596347 1810.171915 1825.210776 1822.615069 1821.051091 1818.602627 1808.273172 1794.723411 1781.156923 1784.829869 1800.914590 1818.328005 1827.109893 1834.406766 1842.249057 1842.449849 1834.662838 1825.897488 1831.601864 1846.849300 1863.701350 1883.857811 1906.337000 1928.869974 1950.642441 1974.667606 1999.354285 2024.478469 2051.616732 2080.464337 2103.248351 2128.945815 2155.499609 2175.797979 2188.657182 2202.031294
2172.312274 2150.430172 2125.650710 2097.626995 2055.461215 2013.686506 1971.115410 1927.325965 1893.323935 1862.513630 1849.353394 1831.518601 1815.238587 1798.258797 1777.051880 1758.596878 1741.267422 1719.198407 1704.758950 1710.584440 1723.427466 1732.816439 1737.300164 1734.591033 1731.800612 1725.163567 1711.364246 1704.185964 1713.399210 1728.676953 1743.007940 1753.946051 1760.890256 1766.689099 1764.076104 1755.723400 1751.667886 1760.210282 1776.182743 1790.966777 1807.725380 1829.538677 1851.213443 1873.925478 1897.724780 1921.417171 1947.595804 1974.618925 2002.371746 2030.580818 2055.501281 2078.056806 2090.349129 2103.070834 2109.143470
2040.536845 2025.467492 1999.146058 1970.248995 1938.333041 1901.741213 1873.395525 1840.912084 1809.687939 1779.302349 1753.108742 1737.762413 1729.141503 1714.814470 1696.273792 1683.514742 1666.926923 1652.692031 1655.193955 1656.933233 1666.260318 1665.725805 1666.301270 1663.455459 1662.508396 1659.155448 1650.700950 1660.019251 1667.047636 1681.086281 1691.538134 1701.179902 1707.315229 1711.325255 1712.022541 1706.945548 1711.891652 1718.863978 1733.389920 1745.373516 1760.231942 1781.216861 1799.131332 1819.198094 1842.350757 1866.357215 1891.518920 1918.433475 1947.575993 1973.798216 1994.288073 2004.406842 2016.433249 2022.343630 2016.419463
