tests/Borden05m/sims/sim_1/output-maps/psiliqL0004N0008.asc
ncols         160
nrows         34
xllcorner     620200.000000
yllcorner     5168000.000000
cellsize      0.500000
NODATA_value  -9999.0
[rows 0 to 24 of 34, columns 57 to 113 of 160]
-9999.0 -9999.0 -9999.0 -9999.0 -9999.0 -9999.0 -9999.0 -9999.0 -9999.0 -9999.0 -9999.0 -9999.0 -9999.0 -9999.0 -9999.0 -9999.0 -9999.0 -9999.0 -9999.0 -9999.0 -9999.0 -9999.0 -9999.0 -9999.0 -9999.0 -9999.0 -9999.0 -9999.0 -9999.0 -9999.0 -9999.0 -9999.0 -9999.0 -9999.0 -9999.0 -9999.0 -9999.0 -9999.0 -9999.0 -9999.0 -9999.0 -9999.0 -9999.0 -9999.0 -9999.0 -9999.0 -9999.0 -9999.0 -9999.0 -9999.0 -9999.0 -9999.0 -9999.0 -9999.0 -9999.0 -9999.0 -9999.0
-9999.0 -9999.0 -627.643344 -631.902700 -635.063484 -637.079415 -643.333766 -648.469631 -654.331114 -655.546556 -655.084347 -656.088893 -658.145237 -654.951881 -650.715307 -647.022725 -642.263522 -642.761505 -642.017635 -640.258604 -639.803890 -640.644911 -642.837880 -644.405467 -646.203265 -644.452851 -650.922933 -659.554312 -666.276180 -667.753396 -662.329747 -658.936972 -659.195643 -655.818643 -648.798113 -642.673891 -640.014381 -632.882267 -632.960501 -630.038725 -626.023328 -629.384309 -630.517108 -630.559202 -630.078380 -639.270204 -9999.0 -9999.0 -9999.0 -9999.0 -9999.0 -9999.0 -9999.0 -9999.0 -9999.0 -9999.0 -9999.0
-634.632539 -634.974921 -651.463550 -653.559271 -654.305720 -653.872503 -656.726065 -663.641597 -665.760967 -670.851437 -672.987238 -673.519804 -675.317830 -673.423160 -664.947789 -658.911574 -656.908516 -657.679543 -657.897504 -659.424291 -660.581473 -660.301608 -662.444387 -664.529396 -666.722929 -666.467951 -661.988559 -668.327311 -671.728315 -674.841142 -677.883889 -676.484579 -675.280064 -674.506667 -666.437001 -662.731059 -659.772962 -649.020183 -639.326303 -636.518932 -639.985884 -644.149885 -643.763445 -644.913953 -649.512987 -654.114329 -655.411694 -657.827807 -659.087873 -662.883545 -657.220480 -656.516124 -649.856833 -644.142670 -637.490699 -628.434337 -9999.0
-648.947054 -649.460483 -662.599314 -670.894895 -673.720284 -672.156788 -666.797157 -669.279049 -674.196139 -681.338971 -673.019864 -673.897322 -674.454638 -672.763586 -669.966689 -668.750591 -667.290743 -664.936896 -657.449839 -657.595907 -658.090457 -657.770694 -659.121892 -661.574928 -661.656118 -663.143796 -669.181931 -668.468507 -667.111619 -668.272216 -662.325306 -661.838845 -658.690690 -668.848125 -666.865098 -663.761922 -661.192346 -659.012778 -656.563357 -653.960618 -658.205300 -655.675058 -659.997248 -669.036421 -672.451451 -673.020197 -667.354533 -664.656760 -669.192214 -683.910045 -675.966577 -659.546689 -660.084069 -661.866540 -653.487571 -645.313108 -634.895470
-668.948033 -670.228975 -675.968945 -671.000833 -666.914286 -664.269271 -666.787018 -671.845630 -677.674210 -664.446495 -658.611020 -660.926588 -659.293425 -655.657390 -655.752890 -671.497881 -675.595696 -668.898875 -661.713772 -658.502356 -660.968446 -662.204278 -664.785878 -664.954223 -663.619783 -665.471551 -663.191564 -660.986710 -663.201418 -658.948660 -654.176876 -650.057829 -659.815150 -669.015624 -668.457630 -660.805207 -654.907092 -651.349382 -643.089306 -631.336289 -633.113299 -636.225488 -638.674955 -641.840125 -657.300092 -671.497137 -677.551723 -680.457017 -684.860557 -682.047372 -684.859965 -671.738021 -672.400368 -673.986157 -667.337083 -661.768285 -655.137634
-665.957443 -661.497911 -670.007530 -675.054343 -677.486101 -676.244336 -677.787047 -677.082312 -665.170730 -657.806030 -646.665110 -649.516429 -648.918878 -649.387540 -659.991677 -668.666988 -674.150929 -657.742786 -644.357590 -639.572413 -642.263317 -644.569531 -633.972792 -637.138073 -638.897089 -645.498339 -643.116597 -643.415820 -631.644625 -626.654165 -620.540569 -622.852887 -634.369323 -644.419348 -645.220642 -643.981491 -644.510931 -641.003613 -632.879387 -623.413083 -629.613316 -633.416528 -634.897200 -657.384268 -676.495989 -684.385834 -673.794904 -667.687148 -669.334504 -668.685131 -668.581721 -677.222062 -675.365303 -674.562338 -678.229804 -667.741055 -657.458973
-638.937677 -624.709407 -633.733134 -640.917879 -653.141499 -652.046071 -650.305071 -645.508446 -638.534236 -626.519805 -605.912552 -608.724430 -607.265475 -601.417685 -612.054341 -622.588093 -637.528780 -620.423694 -615.443099 -609.305518 -609.462783 -597.375288 -586.957281 -593.739771 -603.312086 -614.566582 -607.779504 -593.106216 -579.421481 -575.865670 -574.147385 -572.245959 -581.677214 -584.612641 -586.662612 -585.620064 -591.356476 -590.305649 -579.735792 -562.952339 -561.058530 -569.172159 -586.448824 -614.439459 -641.602992 -657.323446 -642.859598 -647.841039 -650.621384 -648.915371 -659.902165 -666.808135 -658.979412 -667.251625 -673.538957 -660.170599 -658.146010
-625.081466 -609.495734 -615.603778 -627.719844 -640.902892 -640.898163 -633.103620 -628.357866 -613.301564 -593.109748 -571.288439 -560.610187 -552.506557 -541.834504 -549.740243 -558.470115 -568.787971 -565.560508 -552.638845 -540.920094 -528.515876 -514.332772 -497.916923 -502.734691 -512.338078 -513.487954 -509.456776 -490.690612 -473.608841 -466.377111 -461.306520 -451.727114 -457.092907 -468.173307 -481.516035 -495.178687 -507.317023 -516.535962 -500.706631 -483.557165 -485.439511 -514.700244 -537.883804 -566.907178 -597.397976 -630.207291 -630.246535 -625.178999 -620.839670 -633.790264 -641.600932 -654.617906 -658.573503 -658.959514 -672.617935 -665.559377 -663.213571
-549.044694 -531.219650 -525.089699 -542.265399 -545.694858 -540.335704 -528.988928 -526.104489 -514.412746 -476.760343 -422.001276 -364.879824 -285.686354 -266.182164 -306.184342 -342.392306 -380.464083 -397.825104 -373.440706 -339.270489 -282.598742 -190.151372 -140.632693 -119.825370 -114.899126 -112.731003 -110.219597 -108.334746 -104.022321 -98.234632 -92.647332 -87.424585 -87.370981 -95.113054 -100.941658 -108.523896 -116.154948 -118.555122 -122.941450 -122.922338 -139.781254 -214.213100 -346.245128 -413.213024 -466.913917 -508.737778 -537.164191 -533.028037 -546.554097 -559.644022 -575.369657 -609.378644 -620.537565 -627.998042 -658.400474 -661.726724 -650.977877
-422.958004 -390.106523 -350.243760 -345.813372 -336.301084 -327.234149 -306.713417 -272.352248 -191.189461 -128.234185 -85.425067 -52.442249 -24.050946 -13.931260 -27.283540 -41.115142 -54.354908 -63.564282 -59.815068 -40.516773 -12.536633 20.677978 42.288964 50.778607 52.034657 53.472983 54.928105 57.176975 58.240484 61.233935 64.732174 68.576717 72.049762 71.009110 65.321860 59.540669 50.321187 47.467454 46.320407 39.533174 30.328080 9.760313 -38.141003 -73.502520 -109.215368 -163.094251 -287.950586 -376.888730 -416.139563 -445.284363 -497.770298 -544.715329 -579.100819 -605.593638 -633.514766 -638.289940 -605.936183
-90.888539 -61.340200 -45.771688 -41.261635 -38.757113 -34.490358 -24.502190 -10.316045 12.523576 36.681355 64.250874 76.685326 84.113419 84.443224 81.619543 78.867113 76.116341 74.106724 73.891488 76.358172 79.882563 85.186884 88.873519 92.224534 91.972497 92.175025 92.055447 92.549233 92.841973 92.692357 93.749517 95.858350 97.770501 98.625969 96.805321 93.850346 90.543354 89.795901 88.669925 87.081323 86.243303 84.614483 82.432927 75.324678 60.045926 20.640900 -23.133638 -57.061975 -73.882353 -91.464095 -116.249633 -193.032439 -330.691951 -407.448006 -465.190133 -513.481440 -484.672506
57.965053 72.579513 77.003211 78.444410 77.853105 78.285552 80.277780 82.361789 85.892882 89.816905 93.348699 97.889009 102.843616 107.335909 106.413470 104.157127 100.314499 100.608181 100.932494 101.264496 102.554481 103.318903 106.519078 109.985751 110.987450 111.054739 110.087614 110.734534 110.828478 110.683277 110.190480 110.269191 111.495612 112.142541 112.231648 109.809917 106.218383 103.001508 101.385051 100.861353 100.268937 100.492158 100.560362 99.651670 94.946264 87.390637 78.770363 72.969850 68.726312 60.392921 47.301323 24.586923 -12.506921 -47.575857 -86.812517 -129.364873 -177.695960
89.987209 94.383759 98.584276 101.434859 101.676767 102.990522 103.265037 105.560316 109.023363 112.400175 113.829161 118.196366 132.338791 140.238764 144.975604 147.461337 148.041103 151.193574 150.554030 149.834234 149.835051 150.758997 149.830244 152.707606 151.956435 152.693078 151.675263 152.892561 151.954982 152.833258 152.520889 150.209061 150.453912 149.590749 150.456619 148.265850 143.177682 129.995934 120.640909 116.822993 115.046998 112.896340 110.697818 109.322065 107.782731 103.874484 98.598080 93.503447 92.710591 92.123372 90.423776 88.299928 83.007314 77.641031 71.047522 50.421283 11.706630
105.642501 108.499482 113.324204 117.990285 125.252482 131.231487 134.643485 143.702802 153.211956 152.920784 153.342006 151.746680 152.656489 151.312280 152.415749 151.258449 150.624844 149.683862 149.944279 144.332979 136.595015 137.732705 138.922367 140.519105 144.035415 141.714926 142.986295 145.054348 144.431792 139.132444 136.346859 134.918877 134.471985 141.156404 143.259358 144.495993 144.697473 144.879367 144.733833 144.970558 145.231635 145.063320 145.362077 141.293570 134.695710 119.109671 112.291640 105.827054 103.023213 102.350615 103.565341 103.114621 103.123796 100.444238 96.724981 90.596544 82.113642
148.084292 155.209933 155.356088 153.865740 154.528057 154.430527 157.236957 155.580058 152.484112 149.578429 144.320077 144.049963 142.180426 140.522933 140.596340 139.300062 135.656222 133.624180 129.484868 120.901719 112.930414 112.643004 114.530892 117.765095 120.654319 122.259658 124.853366 126.779512 123.390429 117.060989 113.631595 112.923475 115.176673 119.172154 122.343601 122.613238 121.091814 119.778561 120.511990 118.998421 119.637085 124.733664 135.310870 142.058083 141.435468 141.647599 142.559150 143.224882 125.505407 114.240641 115.862944 114.946816 112.725672 108.821687 105.648570 101.917314 98.639645
147.756037 146.003066 139.872172 134.832391 134.089884 138.041434 143.775608 146.005061 139.363883 132.694079 127.392915 122.425457 120.966013 119.647045 118.681378 118.949398 114.792880 113.419291 110.610423 109.004876 107.128800 106.134857 105.926091 107.370455 109.035770 110.283557 111.392100 110.211041 109.259497 107.463922 105.962521 106.535370 106.860281 108.502668 111.111781 110.738087 110.959086 110.077291 109.954080 108.682921 108.173090 109.439889 112.299848 114.814743 119.088148 124.617201 130.552691 135.636291 141.934277 141.599984 140.968030 140.801715 137.192403 126.305457 115.679642 112.022953 108.450382
128.874375 125.124613 119.472940 114.585043 113.530762 116.698400 120.389584 118.775400 114.271657 112.075638 110.221022 108.492239 107.774890 108.379515 109.114768 109.621081 108.968102 106.672286 104.294808 103.134694 101.025755 101.458000 100.511896 98.983996 100.792581 103.931633 105.002964 101.977201 101.001439 98.542818 97.602864 97.366622 97.536394 99.108685 102.697456 106.512384 106.249639 104.145631 102.521452 101.934959 101.130791 102.114431 105.487451 108.417353 109.951476 110.827963 111.134567 112.472028 114.001390 116.061946 122.744754 130.489867 139.570470 139.228265 139.341332 139.949778 126.485192
112.455049 111.287925 110.309385 109.461191 108.874583 108.658798 108.807253 107.900206 107.505191 107.313431 106.164582 104.907659 102.056732 101.621964 100.978261 102.292282 99.919550 98.834362 95.443270 93.753768 91.084698 89.564111 87.889114 84.667508 84.259237 87.242789 89.919900 85.696395 83.864278 80.619817 79.661724 79.248821 80.001318 83.228825 90.104251 95.018424 96.869047 94.859628 93.682841 93.225878 93.016537 93.230025 95.986695 99.359202 102.454098 104.100984 104.743501 105.262281 106.276639 108.198957 109.813236 111.367797 113.850859 119.350980 129.660994 136.779160 141.577838
108.205753 107.451622 106.200512 104.542252 103.912995 105.068733 103.534108 103.097420 103.207978 92.831326 91.594861 87.925912 83.601038 80.880239 77.036247 75.252222 72.789483 72.103330 70.812351 67.621084 58.522851 45.914455 37.604251 22.497618 -0.649642 -2.749312 1.255458 5.080189 -3.793171 -13.291237 -16.390521 -17.678519 -8.194914 20.287248 42.743941 57.102024 63.871886 61.552935 67.507609 70.080613 70.545334 76.134826 80.990504 85.888097 90.762673 95.566674 97.030686 98.032827 99.145923 101.108182 103.047221 104.516906 107.340613 110.752728 112.528900 113.622212 115.814981
104.870015 103.076413 101.494719 99.546902 97.060540 98.068558 97.611277 97.213019 87.528919 74.972000 62.360553 48.096863 20.814530 -9.734493 -35.302660 -63.397042 -76.535913 -83.028158 -79.237667 -88.088054 -104.219945 -121.159852 -137.215600 -170.745219 -247.498874 -273.419711 -252.774114 -215.661861 -250.314270 -279.314316 -276.978187 -287.601372 -283.579527 -196.958442 -137.438886 -116.273712 -103.740696 -94.251714 -89.532355 -83.074549 -55.303191 -30.550519 6.973692 39.300479 61.695980 73.678521 80.940371 85.160486 88.695697 92.615728 94.662103 97.468865 100.277004 104.444583 106.097262 107.404598 108.275027
95.235258 92.784828 88.852633 83.273590 75.445153 74.649515 71.978473 64.589034 19.190742 -42.369455 -84.131780 -114.295376 -161.381777 -264.279776 -353.413238 -413.922735 -442.517894 -442.099998 -434.555574 -444.691520 -469.170576 -488.796763 -501.079156 -512.741793 -528.424095 -537.519028 -528.207236 -518.647579 -518.778117 -518.800130 -515.397977 -515.782416 -517.518698 -518.526027 -502.740970 -491.196356 -478.485353 -468.124053 -460.635490 -425.153301 -380.116542 -328.536957 -189.208109 -121.995886 -81.940586 -43.460337 2.709642 34.699267 57.974393 71.433196 78.764849 84.257388 89.454713 94.965046 98.532644 100.014480 101.347607
77.273704 69.254021 44.549481 -4.808735 -38.912639 -54.594291 -65.967436 -101.656578 -171.789421 -360.214354 -430.353069 -467.552706 -498.059437 -522.740180 -548.638791 -572.815548 -588.817827 -579.121241 -573.495539 -564.324519 -577.824402 -589.108688 -592.299891 -603.448659 -613.694184 -626.875195 -616.703282 -611.229530 -598.460955 -598.711554 -597.905666 -592.521152 -595.049313 -596.498039 -604.220616 -596.016815 -590.554074 -583.673414 -562.256187 -542.110167 -521.860414 -504.702630 -484.276592 -454.778198 -413.482742 -349.540328 -196.591530 -122.377147 -82.891931 -44.290559 1.519128 34.199526 56.543071 71.592877 78.577648 84.428515 89.847076
-24.895540 -67.558030 -123.154373 -236.171167 -373.380653 -390.592743 -434.714943 -476.629056 -529.615245 -554.502581 -568.864235 -586.155148 -599.888932 -611.279628 -629.407882 -643.049239 -662.466077 -655.462064 -644.986673 -630.788523 -641.686707 -643.769901 -642.085103 -649.719784 -658.053732 -670.718751 -668.451191 -657.679651 -645.162333 -644.632883 -641.714750 -635.041787 -634.921964 -640.368949 -650.794457 -647.792272 -639.979430 -631.944756 -617.633626 -603.991677 -590.681865 -578.983794 -563.781922 -546.394530 -527.625617 -504.599492 -476.219489 -451.244195 -410.305862 -340.230402 -190.354742 -125.600165 -92.445377 -57.540143 -23.979565 20.995649 51.568584
-287.457495 -384.873313 -452.938529 -506.590152 -547.594017 -573.119211 -596.311109 -618.480048 -627.968867 -636.736894 -646.657385 -655.516081 -665.203202 -674.166554 -681.866143 -693.142784 -713.639279 -705.193960 -693.104080 -679.987638 -679.278337 -680.762038 -680.079340 -683.552739 -693.055108 -709.027236 -701.784247 -691.189267 -681.615283 -678.075511 -675.827858 -670.394544 -674.105845 -682.141107 -693.244224 -687.896820 -678.189709 -671.970861 -664.159659 -653.308655 -642.009512 -630.791444 -618.209914 -605.475824 -589.449936 -571.981965 -553.094468 -533.339320 -512.295654 -487.745340 -473.606095 -453.639863 -429.335946 -384.615342 -304.186965 -159.818147 -105.058099
-515.643208 -538.478948 -565.273647 -595.969518 -614.098984 -631.109629 -646.130969 -661.513050 -671.619905 -679.181065 -677.051130 -681.061914 -691.142458 -691.720961 -697.496416 -714.410042 -708.559441 -703.760296 -690.333654 -692.552086 -693.156086 -696.294546 -694.299701 -696.554248 -712.495456 -704.135683 -700.252357 -690.466171 -688.122305 -685.559894 -683.671870 -681.810673 -683.518703 -694.323196 -691.884366 -688.521676 -679.615389 -678.236099 -673.610608 -662.965291 -658.360334 -650.871126 -640.944345 -630.378712 -618.193716 -604.024960 -586.058404 -568.585288 -552.812372 -547.269111 -537.613683 -530.054855 -537.001069 -520.629362 -504.511602 -483.998145 -448.829471
