tests/Borden05m/sims/sim_1/output-maps/psiliqL0007N0013.asc
ncols         160
nrows         34
xllcorner     620200.000000
yllcorner     5168000.000000
cellsize      0.500000
NODATA_value  -9999.0
[rows 0 to 24 of 34, columns 57 to 113 of 160]
-9999.0 -9999.0 -9999.0 -9999.0 -9999.0 -9999.0 -9999.0 -9999.0 -9999.0 -9999.0 -9999.0 -9999.0 -9999.0 -9999.0 -9999.0 -9999.0 -9999.0 -9999.0 -9999.0 -9999.0 -9999.0 -9999.0 -9999.0 -9999.0 -9999.0 -9999.0 -9999.0 -9999.0 -9999.0 -9999.0 -9999.0 -9999.0 -9999.0 -9999.0 -9999.0 -9999.0 -9999.0 -9999.0 -9999.0 -9999.0 -9999.0 -9999.0 -9999.0 -9999.0 -9999.0 -9999.0 -9999.0 -9999.0 -9999.0 -9999.0 -9999.0 -9999.0 -9999.0 -9999.0 -9999.0 -9999.0 -9999.0
-9999.0 -9999.0 -392.525129 -398.213143 -403.826183 -409.122413 -418.537367 -428.051951 -437.033034 -441.196334 -442.242837 -443.245398 -443.735916 -438.437298 -430.516354 -422.893178 -415.621252 -413.280340 -410.864552 -408.515384 -407.996691 -409.371552 -412.718200 -416.096812 -419.600331 -421.106093 -429.685104 -441.375747 -450.558380 -453.394777 -448.805863 -444.189902 -441.583437 -435.254610 -424.089664 -412.880917 -404.045409 -392.086985 -386.509200 -381.177348 -377.732490 -381.666313 -385.116961 -388.654102 -393.153376 -404.184370 -9999.0 -9999.0 -9999.0 -9999.0 -9999.0 -9999.0 -9999.0 -9999.0 -9999.0 -9999.0 -9999.0
-410.775765 -407.517285 -418.373854 -423.300608 -426.820227 -429.267502 -434.734408 -443.846579 -449.531175 -455.239628 -457.020654 -457.190690 -457.258186 -453.081655 -443.263945 -435.257808 -430.463384 -428.092479 -425.676489 -425.474664 -425.990057 -426.454113 -429.449367 -432.964595 -436.462070 -438.315895 -438.452925 -446.207894 -451.580598 -454.852594 -455.924349 -453.457447 -451.123536 -448.162139 -438.262140 -429.688846 -421.098282 -406.749360 -394.242430 -388.858279 -391.102330 -396.065500 -399.622478 -405.798067 -415.415803 -425.884698 -436.589126 -443.851756 -449.143763 -454.128242 -447.818439 -441.308848 -430.681639 -420.103249 -407.793742 -395.432287 -9999.0
-427.327724 -424.582887 -435.767555 -444.545825 -448.973918 -449.182275 -447.348647 -451.385743 -456.341696 -460.401822 -452.878617 -451.767435 -450.688393 -447.560805 -444.085382 -442.087290 -439.319702 -434.005841 -425.000016 -422.407185 -421.950894 -421.887945 -423.786982 -426.985363 -428.833972 -431.693544 -436.996581 -437.867941 -437.367501 -437.194172 -431.770553 -430.248664 -429.032729 -436.273352 -432.929363 -426.450093 -419.316373 -411.904988 -404.522645 -399.430149 -402.397423 -403.667453 -411.899168 -425.680512 -437.247200 -446.013296 -448.685158 -451.712860 -459.236999 -471.156051 -464.139763 -448.334195 -443.429927 -439.404718 -427.112490 -414.569470 -404.223173
-443.389154 -440.563634 -445.965483 -445.402048 -444.251841 -442.993877 -444.874398 -448.102645 -449.427232 -436.250685 -426.607945 -424.987957 -422.138321 -418.901449 -420.537751 -433.387231 -436.250219 -427.492077 -416.758414 -410.679765 -410.568891 -410.629400 -412.026504 -413.126515 -413.760605 -416.337931 -415.075949 -412.275699 -411.175567 -405.681954 -399.823886 -397.084554 -406.267589 -415.877360 -415.568651 -407.792975 -399.688916 -391.984543 -380.445596 -368.191671 -369.515696 -375.459940 -384.577666 -398.649813 -422.544314 -442.833573 -453.278324 -459.597385 -466.341602 -467.260341 -469.055451 -458.452823 -456.427995 -454.559161 -445.578780 -434.996124 -424.701000
-429.834984 -421.426942 -427.941758 -434.268363 -438.347969 -438.055585 -437.867148 -434.129946 -420.221033 -405.710256 -389.713068 -386.864210 -384.193309 -384.505920 -394.954709 -405.864006 -410.641714 -394.937807 -378.656774 -369.943497 -368.675170 -367.486968 -358.535413 -360.842979 -364.011088 -369.995554 -367.255814 -363.595622 -350.980046 -342.992565 -336.053949 -338.078367 -350.353086 -361.805413 -364.197655 -362.651573 -360.967302 -354.921480 -343.762497 -332.818397 -337.771459 -346.024597 -357.637621 -388.299558 -417.908413 -435.734582 -434.902009 -434.343408 -438.853437 -441.972793 -445.803356 -453.650371 -453.949418 -454.335546 -454.684883 -442.418833 -430.015984
-381.832820 -364.902368 -371.190466 -380.514292 -392.519663 -392.375335 -388.497642 -379.548540 -365.072076 -344.580117 -318.245326 -312.967566 -307.892544 -303.016880 -314.334033 -327.474154 -340.331015 -324.390292 -313.795901 -303.331741 -298.364841 -284.703362 -272.915627 -278.236432 -287.920624 -297.784184 -290.494927 -274.270406 -257.074271 -249.537442 -245.545335 -244.670916 -255.443777 -261.992738 -266.244924 -267.178375 -272.216171 -269.616776 -256.910254 -239.638310 -239.799086 -253.931673 -280.680542 -320.343999 -359.094015 -384.199082 -381.048148 -387.937966 -394.321652 -399.299394 -414.259847 -426.495257 -427.094058 -436.911312 -443.389041 -431.854887 -425.710980
-329.833704 -309.936802 -312.940887 -325.022004 -337.860238 -337.475545 -328.122637 -317.568755 -296.033468 -266.697497 -234.944879 -216.880066 -205.368562 -194.045426 -201.912083 -213.392444 -224.826957 -219.072515 -203.334539 -186.962681 -170.773791 -153.376725 -137.424972 -144.026943 -155.335721 -158.230095 -152.169234 -130.463755 -110.796510 -102.579410 -98.258932 -92.276211 -99.571342 -110.374661 -122.767938 -134.542346 -144.982253 -151.309317 -133.265622 -115.688375 -119.399399 -150.989230 -184.185992 -227.640745 -272.738257 -313.367454 -322.242408 -324.861536 -328.225481 -345.967938 -363.612719 -384.871125 -397.605427 -407.582854 -423.753966 -419.534186 -413.614875
-212.594291 -186.736648 -178.567121 -193.878425 -198.507760 -191.887134 -177.525713 -168.539952 -149.198934 -109.968518 -62.504559 -29.335841 -3.542139 1.875143 -7.218929 -17.689461 -33.388468 -39.942011 -24.843675 -10.525272 2.695783 14.698136 26.296752 33.078971 31.892124 31.835560 34.616924 39.268195 46.134497 52.851884 59.029534 65.520619 65.935825 56.872070 48.258772 38.320985 29.503986 26.630279 25.800633 32.592082 30.868535 9.332404 -20.186425 -57.767559 -106.346749 -151.534683 -182.899885 -186.998237 -207.082560 -231.035644 -259.952912 -302.987530 -326.621959 -346.672190 -379.816021 -385.912182 -374.727048
-58.065629 -35.533263 -16.733837 -15.919233 -12.143434 -7.780541 -0.618917 5.495767 14.072078 46.203263 82.119480 114.171833 139.691873 149.300675 140.330759 130.536236 119.079295 109.578669 110.721007 123.751261 139.534840 154.457197 164.404296 167.778366 166.467567 166.669593 167.950953 170.747845 173.025796 177.554085 183.734369 193.611595 205.313650 201.936680 186.016546 173.346444 158.505973 151.828653 148.566269 143.751653 142.757951 139.515295 113.804302 86.466041 53.836346 20.721867 -3.938926 -26.719574 -52.134682 -81.801534 -138.603289 -192.058238 -236.283095 -273.189712 -309.148622 -318.515796 -292.415205
75.397589 101.884245 117.956304 123.936595 127.346391 131.704252 138.823628 145.006797 153.326013 172.349366 206.746594 243.202434 274.387196 281.224454 274.048642 264.065912 252.372404 244.162746 240.435785 245.859755 255.457529 268.683493 279.629398 289.502751 290.551346 290.936120 290.499002 291.337665 293.383853 294.400492 298.697435 308.605131 317.268717 319.914354 309.215896 294.183750 277.165404 267.000782 256.503944 248.566430 246.750821 246.509347 243.325386 221.794075 188.963648 147.215749 117.970904 94.519528 79.299431 62.164214 42.071101 -0.645728 -27.602509 -66.650151 -115.353584 -155.014491 -124.769013
185.372559 213.986136 233.754199 244.858384 248.833231 255.551113 264.250096 272.078339 283.401356 298.579300 319.036677 347.100809 378.675938 398.110535 396.022979 385.749806 367.885185 367.055476 362.820545 364.071843 373.214991 378.878796 391.411709 401.772158 409.714215 410.471501 407.918499 406.419885 409.865277 409.978712 406.586313 411.152401 414.238859 418.889161 413.234822 403.274258 386.170074 368.761659 352.412472 344.332160 339.729339 338.703904 336.356194 325.964389 300.284805 264.336928 229.324354 203.995054 185.576233 171.487958 160.961084 149.152396 133.316038 105.425182 64.720526 28.161027 16.308481
286.348019 310.019929 333.717018 352.757961 362.118132 376.124116 382.945964 393.740194 408.096767 421.314261 435.455205 450.585485 470.767121 481.691180 487.279885 488.359675 487.660160 489.972999 488.941500 481.383170 483.524601 484.647762 486.538029 489.841482 491.565787 491.652581 491.431558 491.242125 491.823659 491.967963 490.686267 489.671856 489.559289 490.079057 489.098799 486.266574 481.924758 466.178493 453.069808 445.165367 437.460522 428.913033 419.586693 409.983181 394.375771 363.690304 328.967518 297.754970 281.463137 272.674000 266.128324 260.673397 246.533968 226.021812 198.544434 163.760261 128.095088
391.698835 408.204266 428.766383 448.289793 459.810764 470.050567 475.451782 486.393201 497.137461 496.663761 498.673432 500.120335 501.786118 502.300509 502.557581 502.223412 499.985031 499.473829 497.716731 491.841209 482.632790 483.713247 484.664497 486.792690 490.149286 489.133575 490.283628 493.109818 491.316895 485.932570 482.285418 480.460291 480.020168 485.920962 488.808630 489.079484 489.993999 489.655307 489.086775 488.475590 487.900849 487.395381 486.770250 484.136969 474.771651 452.816036 423.292275 390.674768 367.605419 357.548966 356.995439 352.923070 345.981341 326.099243 297.920567 263.416714 227.238133
489.882502 496.003576 498.427304 500.901241 502.228214 504.726482 506.863885 507.061531 503.492884 499.860870 495.087405 493.382578 491.177386 489.173603 489.754323 487.635774 483.611174 479.887053 473.188164 460.717675 447.996772 445.292295 449.527327 453.926951 457.652153 461.340177 465.988210 467.998395 461.910244 453.764206 446.606287 444.046868 448.891181 450.742826 456.616777 455.141615 456.839488 456.597857 457.622858 456.230901 457.655183 465.049847 479.254330 487.319402 488.181439 487.792230 485.349705 480.551683 461.821436 441.959724 443.732737 439.002561 427.109247 404.218833 375.976690 345.920894 317.151695
497.891774 495.449361 489.248031 483.619831 482.987413 486.702259 493.125401 494.284121 487.598642 479.531015 471.849306 462.704738 456.735368 456.862554 456.149489 455.776012 450.163620 442.427352 425.834674 407.440750 392.862163 385.439953 383.906296 389.437697 398.787944 409.039466 417.956772 414.715803 402.587267 390.210082 381.255000 380.639717 382.424904 389.228791 401.114588 403.391897 405.199615 402.089660 399.703534 395.529859 395.975601 406.478266 427.658082 443.988303 457.157279 465.658734 474.220529 480.533027 486.406374 486.476455 486.640427 486.435137 482.828916 468.461106 448.225240 426.104732 400.625593
476.553032 470.636424 461.959259 455.013323 452.832852 455.037535 457.941953 454.553852 448.137167 437.715361 424.721626 408.041400 398.293533 397.920705 399.150999 398.956028 392.472033 378.014046 359.634603 343.169485 327.511266 322.645793 318.096724 315.761701 326.838905 343.546521 351.186570 340.190658 329.045015 314.296305 305.998823 302.860559 303.949206 312.309115 329.586373 345.592518 346.702645 338.646562 331.028232 327.633117 327.234688 337.098658 359.047183 380.031163 395.512884 407.633358 419.709413 429.871765 439.810157 451.169691 464.097829 475.829117 486.568776 488.214183 487.560227 485.369180 469.448585
444.171794 433.411593 420.494445 411.402860 405.751034 402.634028 399.982974 393.791268 387.026855 375.626636 362.445468 347.873853 332.727794 328.419934 325.529235 326.686487 315.310381 303.658523 283.853447 267.706894 251.935884 243.033222 237.499687 232.485874 239.613174 256.105297 265.945745 251.661587 241.019043 227.268412 220.369664 216.880909 217.800780 226.664330 248.315547 265.964586 271.943859 264.352627 258.460657 256.275276 256.713668 263.507821 280.785374 302.026509 322.858591 339.137183 351.217532 360.891875 372.213906 387.610157 404.047524 423.552043 441.888739 461.114650 476.073663 485.196218 490.397359
394.412430 382.712011 369.233006 356.751585 349.567921 349.266580 342.057893 335.476996 324.137068 283.127262 266.877888 249.106058 234.003497 228.341735 220.873310 215.750624 205.998212 198.469477 188.073678 172.655330 156.346479 141.993434 137.425291 133.572819 128.642678 137.133136 141.315962 140.461070 133.239748 126.176998 122.631123 120.068994 123.342718 135.640005 147.337714 158.029677 163.361360 159.619659 165.411002 171.671979 173.864523 189.379874 203.802977 221.859393 243.271928 265.938961 278.936505 289.082186 300.734676 317.160047 335.618084 355.802240 380.061538 406.488728 427.709622 440.384406 452.749041
341.081629 326.290554 312.570095 299.268382 286.724576 286.469478 282.218072 275.179194 241.612981 201.149443 171.200844 153.731530 133.435494 123.231119 113.499249 90.983076 76.998629 68.942652 70.469568 59.114429 41.906062 27.299630 19.745885 14.112284 3.362494 -1.582384 2.471230 12.007856 6.199328 3.107895 5.788884 3.704849 1.482867 9.098554 23.019567 31.435079 40.521996 49.919711 55.507578 64.036965 88.526409 103.460516 118.500531 138.327361 159.793905 182.069499 200.946766 213.614117 227.756517 246.591692 263.870261 285.665768 310.381134 339.952008 361.494933 377.371993 390.673274
270.148261 254.340037 238.173302 220.515846 199.999457 197.043995 189.505497 175.386370 134.918339 96.009003 64.750488 42.059937 17.318980 -0.406672 -26.156383 -61.341474 -85.932679 -85.567751 -79.397450 -84.945576 -105.648445 -125.104625 -139.959544 -156.093752 -174.750964 -186.379094 -177.347732 -166.877253 -162.142006 -159.867470 -155.827061 -154.585460 -155.633533 -156.774424 -144.150258 -131.456515 -117.044747 -103.129470 -87.722277 -52.777964 -21.700119 -0.109787 23.055938 45.411706 70.038431 95.216661 116.395852 131.944934 150.112297 169.201080 189.605404 210.721275 236.152016 265.837997 290.075856 306.015662 321.024521
194.357575 173.568685 150.705686 116.871714 101.906931 92.123919 81.188061 48.906775 7.332395 -33.257092 -68.079424 -103.656648 -138.793045 -173.454431 -211.131097 -245.247054 -268.236451 -262.510240 -255.704120 -247.565594 -262.735134 -277.501756 -286.184429 -302.069795 -317.382914 -331.703304 -323.094611 -313.306343 -298.030697 -294.571242 -291.367116 -285.355093 -286.791348 -288.477513 -293.687174 -283.440028 -272.138541 -257.394391 -228.021592 -196.674557 -164.482072 -135.115784 -104.693353 -70.793392 -36.029508 -3.519224 26.009018 47.934849 69.038934 91.788716 112.493822 131.812047 153.963032 180.504751 203.825519 222.856634 243.263785
102.407394 79.033039 45.172863 1.344034 -32.804596 -49.038643 -88.683157 -133.910226 -187.412567 -219.444794 -246.524835 -275.595516 -301.493353 -325.697771 -354.947147 -380.265170 -404.389976 -400.454048 -388.224917 -374.618607 -383.114077 -388.523067 -392.361057 -404.595363 -418.660907 -432.458057 -428.622592 -413.773642 -396.974542 -390.522569 -384.341324 -376.894095 -376.896422 -383.121777 -391.400128 -385.510868 -371.913186 -355.592364 -332.608682 -308.232861 -283.843867 -260.499487 -233.540047 -203.310183 -170.205317 -132.774077 -93.242387 -61.835882 -27.614932 5.025391 29.553859 45.292323 63.139186 89.884467 110.034714 131.876633 153.986759
-3.551774 -34.807745 -86.130154 -145.305274 -201.228680 -243.647315 -281.670626 -317.900773 -342.451177 -364.537268 -385.345992 -405.587831 -427.115990 -447.671147 -467.954442 -490.047777 -510.390616 -505.099966 -491.396016 -478.359714 -476.802900 -479.909604 -483.048509 -491.215738 -504.826688 -517.119284 -509.109307 -493.505603 -478.062413 -468.435666 -461.861625 -455.510828 -458.337532 -466.572782 -473.976803 -466.296226 -451.053264 -435.879407 -417.631494 -395.693347 -373.474212 -351.125382 -327.349202 -302.810582 -274.914744 -244.693118 -212.328855 -178.895050 -144.410629 -109.324627 -87.149992 -65.650794 -46.825079 -20.777900 4.262977 28.823955 54.836267
-163.430102 -200.563937 -243.927611 -291.257311 -327.792902 -362.116809 -394.599061 -426.215716 -451.513713 -470.122438 -480.855729 -495.938959 -515.574678 -529.471871 -546.499098 -566.523511 -568.601403 -564.454377 -551.441866 -548.542737 -547.774297 -550.774190 -551.900859 -556.987433 -569.398089 -564.271469 -556.259807 -540.991688 -529.845710 -520.553873 -514.211685 -509.987755 -510.816026 -518.411895 -516.156660 -508.861459 -494.159349 -482.285756 -466.783320 -445.740007 -428.091360 -408.252936 -385.859453 -362.512735 -337.562592 -310.777937 -281.372185 -253.471914 -228.738537 -213.299377 -196.690846 -183.854114 -182.621663 -159.078318 -133.408630 -105.739187 -69.085462
