tests/Borden05m/sims/sim_1/output-maps/psiliqL0002N0016.asc
ncols         160
nrows         34
xllcorner     620200.000000
yllcorner     5168000.000000
cellsize      0.500000
NODATA_value  -9999.0
[rows 0 to 24 of 34, columns 56 to 111 of 160]
-9999.0 -9999.0 -9999.0 -9999.0 -9999.0 -9999.0 -9999.0 -9999.0 -9999.0 -9999.0 -9999.0 -9999.0 -9999.0 -9999.0 -9999.0 -9999.0 -9999.0 -9999.0 -9999.0 -9999.0 -9999.0 -9999.0 -9999.0 -9999.0 -9999.0 -9999.0 -9999.0 -9999.0 -9999.0 -9999.0 -9999.0 -9999.0 -9999.0 -9999.0 -9999.0 -9999.0 -9999.0 -9999.0 -9999.0 -9999.0 -9999.0 -9999.0 -9999.0 -9999.0 -9999.0 -9999.0 -9999.0 -9999.0 -9999.0 -9999.0 -9999.0 -9999.0 -9999.0 -9999.0 -9999.0 -9999.0
-9999.0 -9999.0 -9999.0 -582.627187 -583.754964 -584.539382 -584.983057 -586.560634 -587.780804 -589.216377 -589.442676 -589.279140 -589.536372 -590.104320 -589.341690 -588.352013 -587.502540 -586.316954 -586.538135 -586.392327 -585.937038 -585.814231 -586.022128 -586.569438 -586.926409 -587.347240 -586.782817 -588.424177 -590.557171 -592.188106 -592.518703 -591.128015 -590.300423 -590.449206 -589.666735 -587.967957 -586.507828 -586.000913 -584.239615 -584.478618 -583.769353 -582.628637 -583.546726 -583.775530 -583.658594 -583.346433 -585.783950 -9999.0 -9999.0 -9999.0 -9999.0 -9999.0 -9999.0 -9999.0 -9999.0 -9999.0
-587.398621 -584.199666 -584.394603 -588.968189 -589.415420 -589.517747 -589.313314 -589.970273 -591.665637 -592.090794 -593.340942 -593.874172 -594.014947 -594.509817 -594.110799 -592.041330 -590.567939 -590.140977 -590.442731 -590.590636 -591.031324 -591.348167 -591.248885 -591.765253 -592.242258 -592.749677 -592.611706 -591.331771 -592.887960 -593.667237 -594.425838 -595.226988 -594.919183 -594.664508 -594.559187 -592.604162 -591.832031 -591.281376 -588.625878 -586.148068 -585.488432 -586.483001 -587.578537 -587.320738 -587.437599 -588.471566 -589.472882 -589.524643 -590.011655 -590.222389 -591.145156 -589.729194 -589.721331 -588.110994 -586.748910 -585.150351
-591.585307 -587.937015 -588.166519 -591.620929 -593.697993 -594.327436 -593.882325 -592.437053 -593.012962 -594.227051 -596.052219 -593.994751 -594.272649 -594.459120 -594.086219 -593.401974 -593.141329 -592.815221 -592.322240 -590.457740 -590.590362 -590.749276 -590.654930 -590.979215 -591.578951 -591.533874 -591.862524 -593.414066 -593.169807 -592.790813 -593.120814 -591.589935 -591.503379 -590.642198 -593.334001 -592.890527 -592.229409 -591.747956 -591.388905 -590.959673 -590.377710 -591.553029 -590.735648 -591.699044 -593.816668 -594.361360 -594.214751 -592.549394 -591.705320 -592.753890 -596.430666 -594.483603 -590.377223 -590.671001 -591.298804 -589.271693
-593.933773 -593.160491 -593.617316 -595.056219 -593.675856 -592.558073 -591.843925 -592.495324 -593.810090 -595.382183 -592.060243 -590.683915 -591.407351 -591.025129 -590.072224 -590.054647 -594.178365 -595.249664 -593.643176 -591.943070 -591.216911 -591.955757 -592.312551 -593.006659 -593.002065 -592.575398 -593.020358 -592.382405 -591.824748 -592.506184 -591.441671 -590.234571 -589.092766 -591.696959 -594.052196 -593.917685 -591.975632 -590.549942 -589.802929 -587.740815 -584.536511 -585.071031 -585.822795 -586.227808 -586.686560 -590.467001 -593.874024 -595.223907 -595.814301 -596.805662 -596.032881 -596.736008 -593.480393 -593.727483 -594.237218 -592.651756
-596.772946 -592.706533 -591.692290 -593.929470 -595.149320 -595.697209 -595.348282 -595.781511 -595.700483 -592.748720 -591.103105 -588.315837 -589.299216 -589.205883 -589.316505 -592.137292 -594.282902 -595.725709 -591.464190 -588.026321 -586.881781 -587.776490 -588.524925 -585.461917 -586.375022 -586.794956 -588.631632 -587.972626 -588.204175 -584.931728 -583.648526 -581.920074 -582.591242 -585.834299 -588.557849 -588.723750 -588.443222 -588.761876 -587.974613 -585.888571 -583.261915 -585.150664 -586.040890 -585.990524 -591.732214 -596.183639 -597.723114 -594.726604 -593.005237 -593.331206 -593.057132 -592.927897 -595.124501 -594.608449 -594.373235 -595.393935
-588.642768 -586.269069 -582.390909 -585.012177 -586.887986 -590.173173 -589.823070 -589.419348 -588.276951 -586.643895 -583.568986 -577.690289 -578.784123 -578.381479 -576.454814 -579.672116 -582.685979 -587.133141 -582.185036 -580.968663 -579.263748 -579.435992 -575.546613 -572.049037 -574.200820 -577.164009 -580.635017 -578.526601 -573.867644 -569.421625 -568.308057 -567.750316 -566.947446 -570.124023 -571.041447 -571.767272 -571.510085 -573.578424 -573.460682 -570.105377 -564.367726 -563.745923 -566.671448 -572.243144 -580.470469 -587.775562 -591.679305 -587.397445 -588.699282 -589.316795 -588.647011 -591.408293 -593.021792 -590.759919 -592.834157 -594.421759
-586.096150 -583.684593 -579.176199 -581.062237 -584.584075 -588.297540 -588.236586 -586.012054 -584.862847 -580.491677 -574.141164 -566.454192 -561.788392 -557.655081 -553.117370 -556.591431 -560.453024 -564.782860 -564.002339 -558.855053 -553.486563 -547.024723 -539.495055 -531.035095 -533.351528 -537.829029 -538.289413 -536.329194 -526.868436 -517.293845 -513.022870 -510.184067 -504.945679 -508.625384 -515.252835 -522.543616 -529.393681 -535.095660 -539.325794 -531.486812 -522.542963 -524.285472 -540.192826 -552.510138 -564.723964 -575.204885 -585.354394 -585.323931 -583.661958 -582.167398 -585.766541 -587.567171 -590.828670 -591.570737 -591.331811 -594.782217
-564.802596 -558.489845 -550.987796 -547.544405 -554.281217 -555.301029 -552.858431 -547.617201 -545.474211 -538.836934 -518.305435 -482.598410 -451.474601 -430.149716 -426.423425 -433.229578 -441.934614 -456.664227 -465.031644 -452.355890 -439.597362 -429.195725 -421.241690 -413.919759 -408.624993 -409.024908 -408.956570 -407.372936 -405.383634 -401.589672 -396.920342 -392.070323 -386.544753 -384.593949 -391.224584 -398.011291 -405.298965 -411.873902 -413.726460 -415.644112 -412.054720 -412.549084 -425.078733 -445.320549 -476.871749 -513.034691 -536.269190 -550.466744 -550.850421 -557.219933 -562.392769 -568.019272 -578.918515 -582.001388 -583.774060 -592.109247
-512.724004 -482.997689 -462.713210 -445.388602 -442.849511 -439.298193 -436.203369 -431.386510 -427.292372 -422.803782 -401.543593 -373.745751 -345.602209 -322.184847 -313.036167 -321.024888 -330.029971 -340.179612 -349.160784 -349.299893 -338.098841 -324.164320 -310.465892 -301.530392 -298.297026 -299.805841 -299.691839 -298.776734 -296.065295 -294.211488 -290.487629 -284.510895 -274.658145 -262.497214 -265.007385 -280.387449 -293.175415 -308.389348 -316.038178 -319.600792 -325.000543 -325.724628 -326.107240 -346.597222 -368.902772 -394.164070 -417.738918 -433.653539 -453.992183 -477.156171 -498.954646 -530.958646 -552.658496 -567.248664 -577.099195 -585.988128
-404.289210 -381.391742 -358.700213 -344.737233 -338.781107 -335.753357 -331.360327 -324.493033 -318.679005 -310.797780 -294.397327 -262.634574 -226.969254 -193.846368 -185.709822 -192.764475 -201.176697 -213.057977 -220.649410 -222.440200 -218.275539 -210.721463 -198.675457 -188.099409 -177.154880 -176.321263 -176.218749 -176.803675 -175.236418 -173.482084 -173.225459 -168.332385 -158.708138 -149.969691 -147.778401 -157.257024 -173.262395 -192.476037 -208.569331 -219.412189 -226.596272 -228.181686 -228.078836 -228.874365 -248.069530 -278.452310 -318.044097 -345.525448 -366.223757 -378.627035 -391.284442 -402.321709 -427.674783 -443.137248 -475.112165 -513.015340
-311.780492 -286.171078 -259.027009 -239.326586 -227.929527 -223.588300 -215.083418 -204.297697 -195.701972 -183.385718 -168.442528 -149.822010 -120.651263 -62.133636 -42.406936 -70.679251 -52.684903 -96.661413 -98.457617 -68.682971 -67.890228 -63.491875 -59.020973 -47.444777 -34.082056 -29.943869 -28.693158 -31.677544 -29.322540 -29.491020 -28.974035 -29.280868 -27.839614 -22.648014 -20.681547 -23.000796 -34.978523 -52.879105 -105.137902 -121.290135 -128.014172 -132.340868 -133.650038 -136.272323 -145.725767 -170.082496 -207.099659 -242.738223 -268.614455 -287.025812 -300.023304 -308.938494 -316.237949 -329.167737 -352.277662 -384.713622
-207.954764 -185.158422 -163.696750 -137.541743 -119.495780 -111.059280 -84.449223 -58.845133 -48.610069 -33.530299 -18.504984 -9.632266 1.314090 20.015837 27.909616 32.996397 35.113025 34.824692 36.996556 37.697299 37.377002 38.178030 38.896672 38.515708 41.741818 41.477810 42.143866 41.410784 42.568415 41.734584 42.608924 42.336735 40.136847 40.418991 40.411723 40.551355 38.263468 30.436316 15.893753 4.990626 -1.264720 -7.885352 -16.278407 -24.606013 -33.239251 -46.470009 -104.224317 -141.243423 -173.940198 -193.599926 -203.101274 -209.275551 -214.541108 -228.201967 -248.334284 -273.293966
-64.264892 -51.029618 -60.392450 -14.135304 0.394877 -4.422894 18.129432 22.347009 30.815961 41.146974 43.901805 43.518953 42.672347 44.048940 43.452279 44.311679 42.837967 42.025133 41.704463 40.491059 34.431438 26.615886 27.727538 29.000879 30.977770 34.535199 32.333895 33.586098 35.894907 35.296580 30.065745 27.348994 25.653815 25.681706 32.040402 34.913345 35.677952 36.118407 35.973308 35.401544 35.619661 35.714570 35.310108 35.650835 30.820037 23.074924 4.163455 -21.642650 -49.925937 -101.310022 -115.203846 -116.016182 -120.617456 -128.720385 -152.989279 -180.786890
23.817054 34.287798 42.330918 44.209101 44.404084 43.734191 45.312181 48.325797 45.815734 43.031870 40.144766 34.932380 34.784687 33.106590 30.711043 31.957924 30.346400 26.831739 24.018625 19.217739 3.947222 -3.651172 -5.558360 -0.626005 3.543320 7.287524 -14.837659 11.894300 -10.113421 10.169890 2.882038 -3.274062 -5.598262 0.355292 5.605344 9.929614 10.561613 9.019673 7.796999 7.848353 6.364206 7.253562 12.933219 25.275743 32.980883 33.024087 32.967589 32.821174 32.486097 12.054554 -6.307549 -3.779330 -7.441109 -18.254033 -72.721121 -101.033984
37.761689 37.861811 35.891400 29.901594 25.016068 24.485673 27.886240 34.027309 36.498269 29.195163 22.597166 14.805727 8.984997 -19.067940 -21.092475 4.847928 5.361044 0.306380 -6.339291 -26.221942 -67.062414 -83.299546 -90.983248 -92.335189 -87.089042 -79.642678 -75.323533 -69.362647 -75.940479 -79.392160 -87.891384 -95.237226 -95.009700 -91.984629 -83.752101 -72.470016 -70.214536 -69.573498 -73.243461 -75.702552 -79.837041 -78.868479 -65.796939 -19.475701 -5.369623 6.026060 12.963453 20.127288 25.617099 32.638410 32.417837 32.510828 32.488131 28.414902 15.386538 -1.945057
23.923920 18.555826 13.075987 5.954426 0.467150 -0.915088 1.836725 -17.324201 3.889055 -27.433417 -13.376874 -56.701313 -72.746837 -83.158941 -83.492374 -78.479564 -77.569213 -83.469077 -97.803873 -117.114181 -135.941192 -152.182904 -157.323704 -161.957925 -164.135933 -154.101499 -140.168916 -135.022340 -146.296767 -154.363460 -166.773041 -173.993496 -176.199042 -174.348772 -165.286189 -148.338896 -133.154741 -132.541229 -140.714347 -148.325028 -151.859455 -152.027620 -141.087555 -116.250088 -95.115170 -79.621673 -65.448057 -30.389996 -19.323674 -10.088527 -0.264272 11.128724 21.041712 31.534331 31.821699 31.807791
-1.310056 -26.654388 -50.808099 -61.238321 -68.419028 -73.242032 -76.478631 -81.087669 -85.123301 -94.505002 -103.251058 -120.038730 -133.786145 -147.834869 -151.380902 -152.825166 -150.831122 -161.716858 -173.701780 -194.045809 -210.480214 -226.276503 -234.627923 -240.304421 -245.431771 -237.868557 -222.162894 -213.282172 -228.350846 -238.008176 -250.933158 -257.291160 -260.258893 -259.249740 -250.509325 -228.632312 -211.067998 -205.548046 -213.412799 -220.247805 -223.117668 -222.785099 -216.180018 -198.035584 -176.480308 -155.901939 -139.595738 -125.202075 -114.690710 -103.041695 -87.379146 -68.700185 -26.295336 -8.731724 7.894961 20.886323
-76.953326 -90.592355 -103.827460 -115.808713 -126.869210 -133.078953 -133.206502 -140.430944 -146.730902 -156.847235 -195.869939 -211.864586 -228.696090 -242.522317 -247.089852 -253.436726 -256.128001 -265.182024 -272.589820 -284.244290 -299.169751 -314.261218 -326.990702 -330.905210 -334.339956 -337.316909 -328.075610 -324.095206 -327.112091 -333.529764 -340.279153 -343.911001 -346.114470 -342.962860 -332.084485 -321.152731 -310.732675 -306.192989 -311.358990 -306.971124 -301.913536 -301.731025 -287.646441 -273.694834 -256.078517 -235.138270 -213.227442 -200.556729 -190.376618 -178.641227 -162.061100 -142.833651 -120.187866 -95.099220 -66.631594 -22.222416
-130.673463 -144.498169 -158.956854 -171.645600 -183.797943 -194.875372 -194.640536 -198.574237 -204.697237 -234.748717 -273.826456 -301.482471 -316.998261 -334.284161 -341.981595 -348.755196 -366.009527 -376.862202 -383.925729 -383.461695 -392.813162 -405.259833 -414.998228 -419.019999 -421.527702 -427.316136 -429.018979 -426.815527 -421.486897 -426.273122 -429.035199 -427.785350 -429.378462 -430.410597 -424.697112 -415.796014 -410.537275 -405.028976 -399.715593 -396.406027 -391.618794 -373.295244 -361.520925 -349.723584 -332.925998 -313.906959 -293.523580 -276.387446 -264.695520 -251.323079 -232.917408 -215.756848 -193.635169 -168.518032 -138.444029 -114.756704
-196.053335 -213.193270 -227.914908 -242.475987 -257.443205 -276.482947 -278.407537 -284.881533 -295.296096 -330.467376 -363.840754 -389.372673 -405.243127 -421.025337 -430.446621 -447.390208 -477.698497 -498.030922 -498.440499 -493.640896 -499.476036 -514.037062 -525.154191 -532.047272 -538.389222 -546.154824 -550.432540 -546.421664 -542.060724 -542.219743 -542.477892 -540.979099 -541.166004 -541.610001 -541.146433 -533.152380 -527.000552 -519.862264 -513.324502 -506.894235 -481.041670 -453.700695 -436.110515 -420.760862 -406.172508 -388.167720 -368.329777 -351.750519 -339.440132 -323.842341 -306.677941 -287.782887 -267.339752 -242.201612 -212.659972 -188.654031
-260.459048 -283.634480 -302.055914 -320.847059 -348.359308 -360.005258 -367.384001 -373.770434 -396.061217 -423.405192 -451.987897 -486.044895 -512.451149 -530.710413 -544.058896 -556.319265 -565.975545 -571.565426 -568.320064 -566.497611 -563.552381 -568.419354 -572.254301 -573.241458 -576.660161 -579.667349 -583.540573 -580.459766 -579.010873 -575.320968 -575.642130 -575.520725 -573.868550 -574.684166 -574.961619 -577.200301 -574.512017 -572.865305 -570.821509 -563.610779 -555.831164 -546.399982 -536.194935 -521.982994 -500.354678 -470.065430 -440.602477 -419.755688 -405.304828 -390.040308 -372.378224 -355.925598 -339.343922 -319.091114 -294.270820 -271.989364
-344.203800 -361.559466 -379.315423 -403.076453 -431.366246 -454.009226 -465.346785 -494.145610 -520.846873 -546.173837 -558.191878 -564.679991 -570.777937 -575.087940 -578.340107 -583.350993 -586.794595 -591.819519 -589.884531 -587.201562 -583.330743 -586.521806 -587.034869 -586.415335 -588.327713 -590.332562 -593.546145 -593.022157 -590.423531 -587.296168 -587.407963 -586.764593 -584.969081 -584.927695 -586.353217 -589.210656 -588.484503 -586.592139 -584.710695 -580.956908 -577.308514 -573.556417 -570.087299 -564.991507 -558.395071 -550.013928 -536.806660 -517.050396 -496.672562 -465.991772 -436.127540 -417.959234 -407.243811 -393.772802 -371.917626 -355.352028
-418.336499 -434.245612 -458.585966 -501.721071 -535.399039 -556.133992 -565.881532 -573.701338 -580.356770 -582.954050 -585.270746 -587.740242 -589.774077 -591.923341 -593.845416 -595.412834 -597.842403 -602.623401 -600.634664 -597.871329 -594.725809 -594.626915 -594.966053 -594.713789 -595.460005 -597.626814 -601.437387 -599.820133 -597.481003 -595.347158 -594.671888 -594.251189 -592.927087 -593.868754 -595.822361 -598.613805 -597.412861 -595.236295 -593.993389 -592.383348 -589.993976 -587.415960 -584.796927 -581.678213 -578.382772 -573.825342 -568.388016 -561.730796 -553.729068 -543.223514 -527.450992 -515.083133 -499.489346 -481.211311 -454.612009 -432.921939
-525.715448 -541.220523 -553.235242 -564.148281 -574.406928 -579.522579 -583.815570 -587.339813 -590.876977 -593.013279 -594.629619 -593.840782 -594.590068 -596.801396 -596.712851 -597.878127 -601.689148 -600.331289 -599.237664 -596.140924 -596.693228 -596.857123 -597.590785 -597.093745 -597.592203 -601.273375 -599.412946 -598.599101 -596.430376 -596.022103 -595.544492 -595.181816 -594.779773 -595.214922 -597.835729 -597.288805 -596.577832 -594.575792 -594.475690 -593.610475 -591.239223 -590.454142 -588.921209 -586.734409 -584.344545 -581.427823 -577.794160 -572.673761 -567.253382 -561.877002 -559.843085 -555.853600 -552.267137 -554.338573 -545.924897 -535.506647
