tests/Borden05m/sims/sim_1/output-maps/psiliqL0009N0017.asc
ncols         160
nrows         34
xllcorner     620200.000000
yllcorner     5168000.000000
cellsize      0.500000
NODATA_value  -9999.0
[rows 0 to 25 of 34, columns 0 to 56 of 160]
-9999.0 -9999.0 -9999.0 -9999.0 -9999.0 -9999.0 -9999.0 -9999.0 -9999.0 -9999.0 -9999.0 -9999.0 -9999.0 -9999.0 -9999.0 -9999.0 -9999.0 -9999.0 -9999.0 -9999.0 -9999.0 -9999.0 -9999.0 -9999.0 -9999.0 -9999.0 -9999.0 -9999.0 -9999.0 -9999.0 -9999.0 -9999.0 -9999.0 -9999.0 -9999.0 -9999.0 -9999.0 -9999.0 -9999.0 -9999.0 -9999.0 -9999.0 -9999.0 -9999.0 -9999.0 -9999.0 -9999.0 -9999.0 -9999.0 -9999.0 -9999.0 -9999.0 -9999.0 -9999.0 -9999.0 -9999.0 -9999.0
-9999.0 -9999.0 -9999.0 -9999.0 -9999.0 -9999.0 -9999.0 -9999.0 -9999.0 -9999.0 -9999.0 -9999.0 -9999.0 -9999.0 -9999.0 -9999.0 -9999.0 -9999.0 -9999.0 -9999.0 -9999.0 -9999.0 -9999.0 -9999.0 -9999.0 -9999.0 -9999.0 -9999.0 -9999.0 -9999.0 -9999.0 -9999.0 -9999.0 -9999.0 -9999.0 -9999.0 -9999.0 -9999.0 -9999.0 -9999.0 -9999.0 -9999.0 -9999.0 -9999.0 -9999.0 -9999.0 -9999.0 -9999.0 -9999.0 -9999.0 -9999.0 -9999.0 -9999.0 -9999.0 -9999.0 -9999.0 -9999.0
-9999.0 -9999.0 -9999.0 -9999.0 -9999.0 -9999.0 -9999.0 -9999.0 -9999.0 -9999.0 -9999.0 -9999.0 -9999.0 -9999.0 -9999.0 -9999.0 -9999.0 -9999.0 -9999.0 -9999.0 -9999.0 -9999.0 -9999.0 -9999.0 -9999.0 -9999.0 -9999.0 -9999.0 -9999.0 -9999.0 -9999.0 -9999.0 -9999.0 -9999.0 -9999.0 -9999.0 -9999.0 -9999.0 -9999.0 -9999.0 -9999.0 -9999.0 -9999.0 -9999.0 -9999.0 -9999.0 -9999.0 -114.445221 -131.935171 -148.560245 -150.316033 -127.533253 -104.247435 -80.664792 -60.254810 -41.663194 -22.704599
-9999.0 -9999.0 -9999.0 -9999.0 -9999.0 -9999.0 -9999.0 -9999.0 -9999.0 -9999.0 -9999.0 -9999.0 -9999.0 -9999.0 -9999.0 -9999.0 -9999.0 -9999.0 -9999.0 -9999.0 -9999.0 -9999.0 -9999.0 -9999.0 -9999.0 -9999.0 -9999.0 -9999.0 -9999.0 -9999.0 -9999.0 -9999.0 -9999.0 -9999.0 -9999.0 -9999.0 -9999.0 -9999.0 -9999.0 -9999.0 -66.919651 -61.091217 -59.563477 -70.428748 -81.785080 -93.682998 -113.610684 -131.532645 -147.088189 -149.977567 -147.419963 -141.756642 -118.771330 -94.562135 -75.160103 -57.859053 -38.740449
-9999.0 -9999.0 -9999.0 -9999.0 -9999.0 -9999.0 -9999.0 -9999.0 -9999.0 -9999.0 -9999.0 -9999.0 -9999.0 -9999.0 -9999.0 -9999.0 -9999.0 -9999.0 -9999.0 -9999.0 -9999.0 -9999.0 -9999.0 -9999.0 -9999.0 -9999.0 -9999.0 -9999.0 -9999.0 -9999.0 -9999.0 -9999.0 -9999.0 -9999.0 -158.763725 -141.213056 -123.181057 -104.976354 -88.490329 -81.957969 -76.136591 -70.380541 -74.465438 -79.351832 -90.746671 -109.415274 -129.162939 -143.467432 -146.146350 -148.809639 -144.455469 -131.363622 -114.740774 -98.377189 -77.499548 -54.396312 -45.207370
-9999.0 -9999.0 -9999.0 -9999.0 -9999.0 -9999.0 -9999.0 -9999.0 -9999.0 -9999.0 -9999.0 -9999.0 -9999.0 -9999.0 -9999.0 -9999.0 -9999.0 -9999.0 -9999.0 -9999.0 -9999.0 -9999.0 -9999.0 -9999.0 -9999.0 -9999.0 -9999.0 -9999.0 -154.117305 -160.106236 -165.373528 -166.997391 -168.414189 -169.711343 -162.812516 -150.511812 -132.266257 -110.878028 -98.200775 -91.160059 -84.731518 -84.017349 -88.929096 -91.208067 -91.125678 -102.879223 -114.563728 -125.506298 -136.019860 -137.260627 -127.716165 -113.901268 -97.940530 -83.206760 -67.889496 -55.022484 -39.139309
-9999.0 -9999.0 -9999.0 -9999.0 -9999.0 -9999.0 -9999.0 -9999.0 -9999.0 -9999.0 -9999.0 -9999.0 -9999.0 -9999.0 -9999.0 -9999.0 -9999.0 -9999.0 -9999.0 -9999.0 -9999.0 -9999.0 -9999.0 -183.345543 -177.323990 -170.904973 -163.644042 -162.863360 -167.248208 -173.050791 -176.365602 -178.069397 -179.766436 -175.472413 -167.139303 -153.480795 -137.619906 -116.087847 -107.577360 -101.050049 -88.704730 -86.545317 -81.839672 -77.968181 -79.890923 -82.617000 -94.583397 -103.383397 -97.631956 -91.415544 -84.957829 -77.422082 -64.336412 -48.564403 -30.539105 -9.465139 12.777925
-9999.0 -9999.0 -9999.0 -9999.0 -9999.0 -9999.0 -9999.0 -9999.0 -9999.0 -9999.0 -9999.0 -9999.0 -9999.0 -9999.0 -9999.0 -9999.0 -9999.0 -9999.0 -9999.0 -208.159763 -207.401451 -206.487896 -202.001823 -201.090587 -198.929162 -192.001910 -183.953751 -181.963242 -183.656474 -185.430774 -184.012937 -181.456412 -177.359003 -165.920052 -152.098949 -137.967623 -123.844782 -103.023376 -88.285784 -74.372382 -58.263183 -59.648715 -64.162525 -66.398555 -66.004465 -65.360039 -59.297887 -55.417475 -49.361320 -43.261002 -35.974180 -26.738944 -15.536542 3.497243 24.673780 46.291506 67.021070
-9999.0 -9999.0 -9999.0 -9999.0 -9999.0 -9999.0 -9999.0 -9999.0 -9999.0 -9999.0 -9999.0 -9999.0 -9999.0 -9999.0 -9999.0 -9999.0 -236.418979 -234.655779 -232.668412 -227.423942 -225.036759 -221.211367 -214.472385 -213.524520 -209.776328 -202.778221 -197.880395 -189.441866 -181.691330 -174.434359 -168.569301 -165.930888 -158.227983 -148.535336 -136.575339 -120.855019 -98.874896 -76.048000 -59.611559 -42.772411 -25.806245 -25.357866 -26.483459 -25.307590 -24.283988 -15.995439 2.830430 9.861366 14.053803 33.756648 49.114027 55.490902 63.852397 83.393248 109.137337 137.885651 172.625069
-9999.0 -9999.0 -9999.0 -9999.0 -9999.0 -9999.0 -9999.0 -9999.0 -9999.0 -9999.0 -9999.0 -9999.0 -9999.0 -280.790075 -276.719119 -267.655287 -259.555337 -257.461783 -253.687873 -248.126949 -236.107244 -232.721819 -226.617603 -219.097274 -207.778953 -199.359782 -190.193112 -178.448587 -169.988111 -162.761172 -155.586803 -148.936279 -135.082651 -119.483783 -103.296439 -82.720471 -60.715148 -39.179926 -17.521888 -1.687428 13.196474 17.217751 15.940664 18.164905 27.125474 46.594289 67.473025 81.675556 105.335502 131.459584 148.028883 162.912960 173.814767 188.527005 212.017423 251.470523 291.528683
-9999.0 -9999.0 -9999.0 -9999.0 -9999.0 -9999.0 -9999.0 -9999.0 -9999.0 -9999.0 -315.675214 -313.164840 -316.707291 -316.087130 -311.576573 -299.876394 -286.860320 -280.132869 -269.077643 -248.689530 -231.662735 -228.264750 -213.517439 -203.617975 -197.083455 -186.398055 -173.216713 -160.115943 -142.669007 -129.775049 -116.874528 -95.864097 -78.967640 -62.111846 -43.908248 -23.409905 -1.446814 29.983482 59.094779 75.105226 101.156495 116.817326 114.883168 116.072327 125.648158 145.747627 172.779099 203.131729 229.859266 259.985758 282.936093 299.509885 312.047223 326.311245 343.502317 376.990864 416.767783
-9999.0 -9999.0 -9999.0 -9999.0 -9999.0 -9999.0 -9999.0 -9999.0 -339.567507 -332.807160 -326.609023 -329.750685 -334.586960 -337.965848 -325.082267 -309.457763 -293.704330 -276.856397 -261.061138 -243.312334 -227.736900 -211.137495 -191.775975 -179.885640 -167.937647 -152.627245 -138.736466 -120.556212 -98.787341 -83.596408 -63.904518 -41.093185 -20.575310 -1.371390 18.433045 38.524558 69.460439 106.967267 143.226373 171.894713 203.717249 231.746883 234.226834 239.220684 246.125087 275.310564 308.729094 342.314970 371.924814 401.778518 432.026038 449.607975 460.767252 473.911455 489.725681 506.469738 531.729318
-9999.0 -9999.0 -9999.0 -9999.0 -9999.0 -9999.0 -365.211316 -341.204172 -326.573441 -334.465066 -342.770900 -346.186317 -349.767494 -330.445378 -309.268826 -292.599856 -276.092529 -258.901849 -242.665888 -227.959208 -192.718545 -176.061445 -160.855915 -140.880801 -126.500661 -112.052877 -94.190848 -69.856532 -45.720305 -11.707891 19.955072 49.122452 78.378083 100.983942 122.583058 145.339583 181.602934 224.180416 265.670262 299.508837 330.002396 361.404212 372.011914 379.243474 388.479260 408.214228 438.918062 469.525234 503.936225 536.377910 561.871930 573.725567 584.087750 595.503499 609.101281 622.468690 637.035843
-9999.0 -9999.0 -9999.0 -9999.0 -398.461155 -377.603511 -357.144508 -326.426561 -303.957902 -309.427601 -302.233184 -301.743367 -303.079892 -300.571763 -294.845126 -277.057735 -259.400016 -241.526255 -222.705645 -184.755055 -142.443445 -125.203680 -97.789485 -64.744146 -49.859732 -34.037673 -17.391367 7.320105 39.007138 77.539584 128.935866 173.780824 205.099574 232.540104 257.144270 283.706994 319.485965 359.144403 397.273094 432.626659 463.439245 488.632356 503.359445 512.096438 523.961254 539.162072 559.216133 585.761816 615.654340 647.732383 673.181310 688.027438 696.242266 706.628450 717.969548 731.572046 745.479635
-9999.0 -9999.0 -9999.0 -445.398677 -406.985237 -370.180770 -342.761704 -311.894744 -280.377742 -274.108004 -265.769636 -259.311315 -252.659103 -243.620359 -233.537115 -217.109510 -202.843028 -189.787676 -168.372888 -130.928003 -93.606936 -58.158825 -23.572917 8.945752 33.918120 51.735932 70.930301 98.153357 142.106760 187.044321 244.063331 302.515965 343.555223 370.808983 392.896524 419.785929 444.535626 479.239200 513.453501 545.534173 576.375405 601.146967 621.423528 630.515920 639.403983 648.268583 665.533369 686.799746 708.637085 737.579282 765.440016 787.447496 799.936926 808.676448 823.563829 838.566179 850.633264
-9999.0 -9999.0 -491.768722 -454.875954 -419.613745 -367.932872 -315.438756 -281.969216 -241.108481 -215.808522 -208.362169 -189.375058 -171.935944 -163.015208 -145.626799 -127.789771 -113.789655 -109.637895 -95.751626 -58.888896 -2.679603 50.258616 86.108907 145.782582 182.501425 208.872108 225.722511 253.902046 290.273812 337.220180 388.915057 439.616662 479.752813 511.403637 527.073115 545.017824 567.871373 590.428066 621.870788 650.399668 679.242136 704.479493 727.080421 737.529847 742.972047 757.134801 779.275861 802.137921 824.007315 844.949279 856.656329 862.602752 865.445053 867.380291 869.962759 871.878888 872.913185
-9999.0 -9999.0 -516.766702 -472.786642 -429.950765 -359.737508 -283.895802 -246.056153 -202.638004 -157.734243 -137.957136 -113.264553 -93.666620 -75.108059 -50.144940 -25.321326 -18.873901 -14.429965 -13.243918 44.572188 108.809526 177.138883 248.316166 312.502686 354.310671 366.421094 375.816311 395.645201 422.018625 467.218908 518.871078 571.407053 615.429518 645.515392 660.973969 677.165675 697.065839 716.226875 734.157830 768.282427 790.359333 812.567997 836.403216 855.799832 863.376528 865.182171 861.038810 865.695446 868.873674 870.322583 870.674649 867.506742 866.749098 867.704576 868.910558 864.028402 857.179936
-9999.0 -603.255681 -551.372602 -497.069779 -426.267386 -356.530492 -269.981760 -188.494167 -137.142135 -93.385218 -63.255258 -42.009677 12.617002 63.880474 92.899098 123.627212 123.636377 124.393738 118.314122 166.550676 227.270898 317.429415 430.999714 484.408587 516.950359 518.840281 514.696704 528.688100 555.031902 597.788972 661.943399 708.499853 756.142630 790.984754 803.793816 809.035076 824.886831 843.456815 847.885698 859.737490 865.033145 869.566936 868.970874 870.447002 871.145687 871.062325 867.798026 861.374714 853.073700 846.379289 841.419567 836.180365 837.815899 841.395492 842.481258 835.208607 826.141958
-9999.0 -637.309332 -576.902943 -504.129781 -431.702081 -354.039405 -241.060829 -110.379853 -61.697110 -24.753952 7.614944 55.294059 145.525301 216.534553 255.271032 297.370742 295.083403 285.562272 283.561223 321.243983 378.108595 454.352784 578.741609 654.864052 665.122791 671.963633 677.959551 701.158276 733.936347 767.715153 800.945845 821.110095 839.467276 848.555517 852.144291 853.980161 856.601415 857.798010 855.997206 853.142758 849.150093 849.827425 853.978806 853.878074 850.694002 846.620369 840.075675 831.306073 823.717334 816.123087 811.144323 806.707888 804.366508 804.550286 800.302446 794.012257 783.834335
-9999.0 -661.536372 -592.236632 -526.331583 -452.198261 -326.494518 -203.245118 -72.538032 19.509391 61.761151 112.206194 202.424093 301.600630 388.233247 434.860375 458.603458 467.850485 459.705005 475.213212 522.806778 589.144415 669.604944 735.417425 793.857069 797.221731 793.000542 780.814723 786.783582 795.468391 803.134662 813.441729 824.009902 835.780263 842.129267 842.701714 840.281976 836.050843 828.859149 824.354265 821.490350 818.108498 818.071663 821.107536 821.457992 817.498769 811.005623 804.310153 796.734992 788.599529 779.581174 773.820854 768.621781 765.626722 760.733910 755.749656 749.287971 735.538157
-9999.0 -748.733184 -664.731798 -602.594271 -467.452927 -301.154469 -176.138017 -20.157961 121.075332 175.974500 270.362168 378.412848 470.364375 533.084814 572.437775 612.515155 640.105137 666.027517 701.126909 702.546069 754.670681 796.348977 811.495097 815.861435 806.250425 799.007767 787.140088 767.966259 760.279384 758.909951 768.114567 783.703331 796.722153 806.392721 805.438125 804.433946 803.022837 799.118268 795.535321 787.701480 780.214841 774.917880 773.675267 778.409676 772.047678 766.453890 758.818871 749.576704 739.682191 730.456073 721.707240 714.120028 710.558354 704.517711 702.598809 694.708028 668.274960
-9999.0 -829.471178 -750.602061 -646.118833 -493.864197 -329.602857 -182.024767 -7.193154 192.948692 306.364900 410.814121 468.664223 535.107754 596.453918 656.330819 693.496243 713.565307 722.326769 724.569214 735.355149 717.880166 720.967783 740.115589 761.829940 765.797080 762.494142 749.893557 737.932539 732.573269 735.160322 739.331007 744.637391 749.060242 750.552455 748.319375 748.978430 752.263053 746.284873 738.543259 731.098246 724.295600 716.489512 711.105189 707.748875 705.030766 703.308909 694.881744 683.793955 672.639120 663.759764 655.280826 648.782705 645.981377 640.947836 633.879524 622.509514 595.596455
-9999.0 -916.462268 -801.473280 -698.350124 -562.132338 -420.947572 -282.411078 -110.145354 55.617825 272.135820 438.424336 498.339080 529.312983 574.814896 632.148632 688.940971 694.635915 667.459246 643.260895 634.162393 642.769815 657.438158 673.768365 692.873116 705.021469 709.467326 707.337757 698.513408 686.290654 680.537164 678.739180 674.042344 671.035709 672.300483 672.278541 677.767608 680.131624 671.008573 658.780495 644.057939 631.083290 621.268848 617.981137 618.390956 617.419358 613.500053 605.911683 595.367755 582.835307 571.324601 563.111625 557.172344 550.603694 541.513888 531.303284 519.693863 494.440254
-9999.0 -9999.0 -871.020120 -758.644627 -642.492957 -513.028584 -383.322613 -225.332052 -65.657423 129.244202 252.166043 356.109229 413.601117 454.960468 505.509872 553.326330 565.668822 578.152476 558.511316 562.230734 570.290220 578.773499 590.504004 602.732591 613.973036 620.965306 625.574143 623.242272 614.819248 600.818029 584.994121 573.503314 567.109386 562.238297 570.434199 580.820657 578.672300 572.101828 560.743462 545.772273 533.047693 519.967644 516.116426 516.358617 515.901938 512.529102 507.183769 494.467672 481.552446 469.022531 462.861381 456.519986 450.435906 439.485414 427.864289 414.525716 390.986030
-9999.0 -9999.0 -952.927726 -841.586634 -720.314549 -593.345457 -484.086540 -376.545579 -214.670540 -89.132204 16.819280 111.085804 187.986595 247.027891 291.669514 346.722854 377.084438 390.289158 401.039692 420.960869 443.983394 466.960075 482.738547 495.471823 508.020197 518.842950 526.728500 516.486887 506.405863 491.369791 472.646108 452.450637 442.001416 437.555233 441.113488 447.410934 442.397811 432.664857 418.592751 402.436592 389.154216 376.825092 372.351973 369.614954 368.370571 365.209800 361.345220 351.549487 339.071669 329.933942 321.362883 314.287360 310.120330 301.760466 290.912388 282.372011 261.984251
-9999.0 -9999.0 -9999.0 -913.657337 -815.523666 -729.653964 -631.709871 -554.431456 -456.834354 -340.802972 -234.996943 -132.349409 -65.294316 -10.612649 42.062076 92.862978 130.034841 153.301069 174.831532 228.742575 262.354593 301.977514 335.883612 352.567785 367.727350 382.703788 386.321426 377.457447 368.033364 352.727638 330.084654 307.100416 294.835870 296.189240 295.324038 296.202675 289.983941 284.473410 272.477642 258.451603 243.880075 233.695427 228.515449 222.998009 218.919207 214.357955 209.802597 202.643733 193.131312 183.092409 175.394708 171.560932 167.105225 161.358477 153.266044 144.068722 131.098624
