tests/Borden05m/sims/sim_1/output-maps/psiliqL0007N0006.asc
ncols         160
nrows         34
xllcorner     620200.000000
yllcorner     5168000.000000
cellsize      0.500000
NODATA_value  -9999.0
[rows 0 to 24 of 34, columns 56 to 111 of 160]
-9999.0 -9999.0 -9999.0 -9999.0 -9999.0 -9999.0 -9999.0 -9999.0 -9999.0 -9999.0 -9999.0 -9999.0 -9999.0 -9999.0 -9999.0 -9999.0 -9999.0 -9999.0 -9999.0 -9999.0 -9999.0 -9999.0 -9999.0 -9999.0 -9999.0 -9999.0 -9999.0 -9999.0 -9999.0 -9999.0 -9999.0 -9999.0 -9999.0 -9999.0 -9999.0 -9999.0 -9999.0 -9999.0 -9999.0 -9999.0 -9999.0 -9999.0 -9999.0 -9999.0 -9999.0 -9999.0 -9999.0 -9999.0 -9999.0 -9999.0 -9999.0 -9999.0 -9999.0 -9999.0 -9999.0 -9999.0
-9999.0 -9999.0 -9999.0 -395.029277 -400.704173 -406.311426 -411.609598 -421.017611 -430.526399 -439.510916 -443.700335 -444.790022 -445.838951 -446.380031 -441.154778 -433.320444 -425.782813 -418.590239 -416.309201 -413.950143 -411.652913 -411.174546 -412.576267 -415.935011 -419.319152 -422.824542 -424.333335 -432.884571 -444.528019 -453.675339 -456.505905 -451.941844 -447.352227 -444.763133 -438.465839 -427.356416 -416.203873 -407.415262 -395.503516 -389.940739 -384.593834 -381.097339 -384.944032 -388.293371 -391.725667 -396.123634 -407.065249 -9999.0 -9999.0 -9999.0 -9999.0 -9999.0 -9999.0 -9999.0 -9999.0 -9999.0
-432.602920 -413.318018 -410.110759 -420.922098 -425.833377 -429.358377 -431.824626 -437.306750 -446.427382 -452.135830 -457.879367 -459.716962 -459.946387 -460.073025 -455.969816 -446.241110 -438.316341 -433.593058 -431.287287 -428.938835 -428.791577 -429.351256 -429.851649 -432.865858 -436.389940 -439.893048 -441.754846 -441.897155 -449.634189 -454.997448 -458.271269 -459.358108 -456.908618 -454.582454 -451.624474 -441.763196 -433.233643 -424.690343 -410.401612 -397.928434 -392.529239 -394.700837 -399.553132 -402.977339 -409.005972 -418.477141 -428.818016 -439.429014 -446.587653 -451.771684 -456.652773 -450.284824 -443.732924 -433.080920 -422.489645 -410.188002
-449.596547 -430.012093 -427.342893 -438.520936 -447.298879 -451.749292 -452.003146 -450.225841 -454.310107 -459.323860 -463.469925 -456.070264 -455.054821 -454.061517 -451.014294 -447.600883 -445.642443 -442.932500 -437.712688 -428.825173 -426.325579 -425.939815 -425.937087 -427.878020 -431.099800 -432.967089 -435.836664 -441.152464 -442.056878 -441.598862 -441.473826 -436.107139 -434.603191 -433.354359 -440.527837 -437.176351 -430.725284 -423.629369 -416.261153 -408.917440 -403.818651 -406.683031 -407.788957 -415.803207 -429.327333 -440.646445 -449.217413 -451.754156 -454.656077 -462.043416 -473.826369 -466.733985 -450.891040 -445.930962 -441.859102 -429.559729
-458.214027 -446.499245 -443.800007 -449.250605 -448.737323 -447.645528 -446.462862 -448.424782 -451.753745 -453.232619 -440.293565 -430.902116 -429.464202 -426.765561 -423.629952 -425.274031 -438.069951 -440.949997 -432.351803 -421.827964 -415.932637 -415.960106 -416.149948 -417.671045 -418.826701 -419.486212 -422.076903 -420.894404 -418.217712 -417.277526 -411.930802 -406.178967 -403.441813 -412.497587 -421.944194 -421.557645 -413.773527 -405.679838 -398.015457 -386.532138 -374.258455 -375.422246 -381.078885 -389.812364 -403.414257 -426.842968 -446.762157 -456.962681 -463.085816 -469.644473 -470.403690 -472.055206 -461.350614 -459.221337 -457.261065 -448.227823
-454.956651 -434.016027 -425.877321 -432.495036 -438.864207 -442.984458 -442.803408 -442.780290 -439.297719 -425.787515 -411.797123 -396.360074 -393.944172 -391.599278 -392.086833 -402.481310 -413.231425 -417.939403 -402.490107 -386.542705 -378.178618 -377.262592 -376.451877 -367.776662 -370.206339 -373.387569 -379.422225 -376.859930 -373.535506 -361.229571 -353.460600 -346.608634 -348.662722 -360.843399 -372.113456 -374.280720 -372.548745 -370.720976 -364.610159 -353.469079 -342.492700 -347.197181 -354.838920 -365.646728 -395.433440 -424.092520 -441.208265 -439.991480 -439.115018 -443.321919 -446.157481 -449.703672 -457.291215 -457.392028 -457.600715 -457.809922
-407.336680 -388.381076 -371.951263 -378.539077 -387.960780 -400.023924 -400.079194 -396.573434 -388.156140 -374.450257 -354.938352 -329.636293 -325.443395 -321.170727 -316.708493 -328.011399 -340.941700 -353.654550 -337.648180 -327.544854 -317.818876 -313.783386 -301.045579 -290.061772 -295.402328 -304.911326 -314.910107 -307.950804 -292.591853 -276.426072 -269.414129 -265.558473 -264.667747 -274.879942 -280.848111 -284.566036 -285.021187 -289.628727 -286.878690 -274.836777 -258.432228 -258.038552 -270.044519 -294.465671 -332.342939 -369.666567 -393.409862 -389.311999 -395.547242 -401.323161 -405.672814 -420.009779 -431.671759 -431.841149 -441.288640 -447.462754
-360.213526 -341.428265 -322.588492 -326.390861 -338.768997 -351.997808 -352.111477 -343.451409 -333.764964 -313.525050 -286.542869 -258.042935 -242.798337 -233.126366 -222.989024 -230.434368 -240.758002 -250.998360 -245.322245 -231.388226 -217.471128 -203.826678 -188.588610 -173.825637 -178.834870 -188.461379 -190.860790 -185.324269 -165.678475 -147.086068 -137.512254 -130.988517 -123.641972 -129.908247 -140.624683 -154.096840 -167.461470 -178.724699 -185.494144 -170.022438 -154.421737 -157.222751 -184.792517 -213.167132 -251.319840 -292.441166 -330.659195 -337.462069 -338.625493 -340.542609 -357.037432 -373.367011 -393.410197 -405.123772 -414.262142 -429.715950
-261.484600 -236.823168 -214.482149 -208.187481 -222.849238 -227.713743 -222.414115 -210.139539 -202.807147 -185.696442 -148.378902 -100.118464 -61.735582 -27.447625 -19.744399 -33.467048 -48.156022 -67.335894 -75.246251 -58.628251 -41.038345 -21.478629 0.645827 25.099043 43.407475 46.627970 49.297489 56.327980 67.221918 86.492633 113.081390 137.674676 152.422967 153.544940 137.021170 109.333367 72.499545 44.124336 32.478429 27.487069 36.189148 31.699964 -3.815737 -46.994987 -90.990631 -140.499373 -184.678344 -213.365703 -215.441769 -231.999324 -252.351275 -277.465464 -317.899456 -339.716424 -358.228360 -390.101629
-137.391170 -95.527203 -69.244039 -46.661268 -45.391285 -41.456592 -36.950207 -28.049877 -17.480286 5.052586 79.896340 147.510362 191.018849 219.163997 228.885586 219.232667 209.555708 198.913613 190.059951 191.919232 205.910267 223.349004 241.103472 254.705298 261.498759 262.075213 264.107537 268.188134 275.382085 284.834962 299.635217 315.279042 329.303845 340.433568 331.935203 306.654739 282.748985 260.399493 251.078067 248.138355 244.780652 242.852443 234.630070 202.438029 167.308622 114.710417 31.062119 -22.525073 -56.667366 -85.577242 -115.566310 -169.294983 -220.099936 -261.167245 -295.242679 -328.837854
72.128240 142.894041 184.807986 204.648952 209.805032 211.310319 213.554095 219.759318 227.207547 241.648802 275.554038 321.066000 357.559735 380.771646 383.739933 377.466213 370.671900 363.556244 357.650095 355.872704 360.529920 367.317622 377.930585 386.335373 394.711322 394.555471 395.375376 396.208832 399.389204 403.179108 407.043441 414.093181 423.086834 430.073990 429.963622 419.290024 404.769443 390.581217 384.849083 380.513031 376.892258 376.663698 376.014181 372.181866 350.668869 311.400184 254.163239 215.847262 188.558873 169.080202 139.613927 87.576620 -1.873714 -49.329857 -96.800357 -146.326283
268.969746 311.634899 345.216254 362.120086 367.951380 366.930211 367.676554 372.101538 376.862068 386.062340 400.471323 416.634755 435.234453 452.170259 464.759460 462.784289 455.908266 445.371971 444.568805 444.883726 445.623157 448.937260 451.752788 460.828398 470.598918 473.787375 474.115144 472.448252 474.644692 476.231957 477.176417 477.728749 479.753982 483.655478 484.840445 482.555991 473.088737 460.560859 450.584515 445.395547 443.565770 442.315137 443.113103 442.834127 436.474932 417.136567 390.013092 364.684105 346.765847 330.483719 310.767457 285.114966 254.963269 229.487837 195.024160 139.296875
384.101293 404.334315 422.576417 438.284400 447.980068 449.277339 452.586151 454.149282 460.669270 471.055207 482.588270 489.378064 498.085390 512.561856 520.808471 526.203313 528.363376 529.907983 532.855332 533.511864 526.111622 527.150977 527.531513 528.268987 530.962080 531.211112 530.936991 530.803418 531.651838 532.303731 533.072423 533.184981 531.827717 531.960716 531.791116 531.674821 529.442951 526.786953 513.929955 505.294379 501.092507 496.593021 490.915159 484.715200 479.569250 471.924183 457.371654 438.362365 420.862875 414.052833 408.276894 399.845738 391.576823 378.256417 360.599143 330.966298
456.467546 465.144984 476.262536 491.438539 501.301841 507.517361 513.319663 516.367564 525.509299 534.801083 533.435680 533.267799 532.934396 533.088995 532.896824 533.070881 533.378375 531.979828 532.699818 532.244198 527.936122 519.780633 521.192119 521.701558 523.090809 525.614043 523.727869 524.410271 527.568502 526.789787 522.554779 520.096848 518.742754 518.404404 524.569317 527.128416 527.928514 528.820831 529.188617 530.117642 530.854308 531.302510 531.267774 530.867920 529.359929 522.974130 507.997295 489.629489 469.622759 460.407920 456.947294 457.906409 455.285697 452.489356 441.227434 423.748888
523.184056 532.590063 536.952829 537.392388 537.042902 536.569889 537.400423 538.871208 538.317581 534.639009 530.963110 526.410770 525.276929 523.899021 521.541687 522.255579 520.763473 518.017833 516.478006 513.059609 505.275595 496.700824 495.711986 499.351758 502.113650 504.253788 505.503001 508.072315 510.314522 507.429032 502.168586 497.861863 496.545111 501.203790 504.534524 507.573282 507.521924 506.521109 505.820801 507.542844 506.793889 507.970294 513.419551 524.093878 529.861442 529.918325 530.585856 530.869521 529.793268 515.679313 499.860787 502.571438 499.599459 492.555963 480.096997 467.584834
532.267139 531.963097 529.538678 523.713102 518.055436 517.206743 520.597540 526.961395 528.529891 522.511242 515.927057 510.726112 505.680930 504.395639 503.088574 502.431926 503.032687 500.119402 497.250388 488.756158 482.718042 476.139457 472.388582 471.271862 474.558203 479.697949 484.249786 487.165663 483.782415 480.486195 475.047526 470.697739 471.720608 473.031400 477.970233 485.814790 486.585071 487.348161 485.303825 484.667907 481.811718 481.039165 485.389983 494.385029 502.533593 510.075789 515.319245 521.339615 526.651721 532.116074 531.667810 530.616797 529.732463 526.983077 516.130139 503.407400
518.704897 513.709817 510.156603 504.879334 500.450777 499.585812 502.146758 505.653681 503.897817 499.886766 494.001314 487.733198 481.873258 478.732242 479.853058 481.811130 483.123695 480.623722 472.898847 463.407585 456.408078 447.439317 445.367824 441.481651 437.568939 443.549710 453.623699 457.187420 448.628208 444.302144 436.560030 433.022158 431.904465 432.533255 437.755034 449.596835 461.602940 462.528601 457.665151 453.862777 452.871091 451.927082 456.171402 467.346812 478.041528 484.823749 488.864920 491.031018 495.501664 500.661691 506.905242 514.492308 521.391970 528.957363 529.014043 528.985007
501.923185 497.960450 494.275928 490.886123 487.878138 485.720769 484.503842 483.672217 480.284042 477.452607 472.213588 465.800933 458.794068 449.266567 447.289481 445.843718 448.649894 441.752127 435.979974 422.862614 411.323662 396.911550 387.063170 380.251738 373.248722 375.568898 386.135597 393.110499 382.100793 376.360472 367.929196 364.721132 363.065448 364.034800 370.863367 388.414565 403.425254 410.835779 408.655346 408.894387 411.247075 413.057918 416.885150 426.667825 439.076354 451.448767 459.810757 464.162334 467.666569 472.573074 479.949485 486.254420 492.246142 500.520916 511.348068 521.028342
487.241318 482.999604 479.060760 473.921949 468.031932 465.029523 466.634264 461.590054 457.571833 450.802576 418.350294 406.390853 390.346760 375.767812 370.094630 363.548402 359.972144 353.384674 348.464645 337.943261 316.263898 285.530834 257.687882 245.158893 236.099598 226.084302 231.290185 234.921987 236.147716 229.806568 223.808415 221.546102 219.800991 224.390120 239.783594 255.979723 272.412268 285.950069 292.929380 310.461744 326.979540 334.811562 351.566477 363.788354 379.256966 398.557235 417.638735 426.756017 432.824591 439.430457 448.545634 457.247446 464.972080 476.092594 488.517743 495.505989
471.005646 464.465722 456.770365 449.323719 441.288755 432.796402 433.564923 429.379460 421.304480 387.944172 348.475945 311.777734 278.653435 243.345405 225.221270 212.250971 188.915083 175.655272 166.831029 163.699330 137.522917 85.770846 41.360676 19.467950 5.939148 -12.378217 -19.898205 -13.699246 0.009220 -10.024805 -16.446462 -13.990145 -16.937297 -17.781324 -0.944078 28.652503 52.265255 77.592031 104.629323 128.044042 152.780892 187.051644 207.921936 229.985228 262.336604 302.338440 335.551021 359.194400 373.574793 388.577782 405.480061 417.514447 430.282169 443.559967 459.921010 468.987675
435.102349 423.018255 410.653638 395.182956 377.456462 358.566697 354.796554 342.968901 316.334377 251.939900 193.592104 141.479739 79.751565 18.118890 -16.472107 -51.312329 -90.749094 -115.384135 -115.131144 -110.313316 -118.331683 -141.536497 -161.519368 -175.413346 -189.819828 -206.543040 -217.011891 -208.624720 -199.082205 -195.065573 -193.255530 -189.701010 -188.626515 -189.548383 -190.383204 -178.471138 -166.373937 -152.413222 -138.638002 -123.518375 -88.340812 -53.455533 -25.816787 11.821862 63.127150 135.477962 185.646475 222.028545 252.292527 289.205303 322.681229 349.406792 370.102264 391.833612 414.920446 431.398450
378.103203 352.970324 324.891908 285.408617 232.266831 208.926675 195.007485 176.710005 121.790617 20.828403 -56.631826 -103.044363 -141.281609 -174.471986 -204.681181 -237.398548 -267.599182 -288.522135 -282.226869 -275.576285 -267.330579 -281.451352 -295.044763 -302.742560 -317.822742 -332.494020 -346.572791 -337.941889 -328.333956 -313.065059 -309.697125 -306.642010 -300.729536 -302.317824 -304.342171 -310.365568 -300.954124 -290.701195 -277.327745 -250.318938 -223.146555 -196.255890 -172.507513 -147.301301 -116.118836 -77.159414 -35.585073 10.271572 58.272931 121.714961 176.718533 216.194416 250.375955 289.739509 328.352325 355.907673
242.079809 205.436144 162.491506 90.035853 -4.131296 -56.453864 -75.884615 -117.433645 -161.425267 -214.243669 -244.553685 -268.665082 -294.868247 -318.328139 -340.524104 -368.057655 -391.830449 -414.873390 -410.540643 -398.212018 -384.413199 -392.484764 -397.405438 -400.807192 -412.587169 -426.218671 -439.710302 -435.929322 -421.314048 -404.765943 -398.469283 -392.430635 -385.119960 -385.243642 -391.627180 -400.155078 -394.714119 -381.710842 -366.122525 -344.068364 -321.034630 -298.519906 -277.684305 -254.228789 -228.775502 -201.599690 -171.238843 -138.398493 -110.078899 -72.365496 -29.255843 12.560138 53.668902 114.198077 172.308037 208.486108
29.945037 -21.723621 -66.423982 -123.822302 -179.387968 -228.091706 -266.015381 -301.194412 -335.146913 -357.312012 -377.342909 -396.326395 -415.011160 -435.245621 -454.735839 -474.119137 -495.502290 -515.345754 -509.900686 -496.193582 -483.153070 -481.449070 -484.385131 -487.361077 -495.332486 -508.744968 -520.904277 -512.939626 -497.481797 -482.204616 -472.701389 -466.239513 -460.001875 -462.889472 -471.159148 -478.638325 -471.190199 -456.316123 -441.627929 -424.039280 -402.933322 -381.680264 -360.412529 -337.896716 -314.988787 -289.391964 -262.576674 -235.033851 -207.649791 -180.254737 -152.016345 -133.758554 -113.335369 -90.503419 -56.578231 -19.895744
-163.515042 -195.076719 -226.972213 -264.788896 -307.635407 -341.310297 -373.783048 -404.514839 -434.496944 -458.480672 -476.094235 -486.061012 -500.506515 -519.582897 -533.009518 -549.607883 -569.244169 -571.127144 -566.933776 -553.970670 -551.064344 -550.249121 -553.170084 -554.224702 -559.214123 -571.495325 -566.369363 -558.432287 -543.302960 -532.280125 -523.090655 -516.829453 -512.674914 -513.544404 -521.162558 -518.983538 -511.838508 -497.358452 -485.746820 -470.582943 -449.985932 -432.881849 -413.716907 -392.136443 -369.719996 -345.815235 -320.276578 -292.591417 -267.187793 -245.776840 -233.891448 -220.823796 -211.147975 -211.961756 -192.511250 -171.463187
