tests/Borden05m/sims/sim_1/output-maps/psiliqL0015N0008.asc
ncols         160
nrows         34
xllcorner     620200.000000
yllcorner     5168000.000000
cellsize      0.500000
NODATA_value  -9999.0
[rows 0 to 23 of 34, columns 0 to 55 of 160]
-9999.0 -9999.0 -9999.0 -9999.0 -9999.0 -9999.0 -9999.0 -9999.0 -9999.0 -9999.0 -9999.0 -9999.0 -9999.0 -9999.0 -9999.0 -9999.0 -9999.0 -9999.0 -9999.0 -9999.0 -9999.0 -9999.0 -9999.0 -9999.0 -9999.0 -9999.0 -9999.0 -9999.0 -9999.0 -9999.0 -9999.0 -9999.0 -9999.0 -9999.0 -9999.0 -9999.0 -9999.0 -9999.0 -9999.0 -9999.0 -9999.0 -9999.0 -9999.0 -9999.0 -9999.0 -9999.0 -9999.0 -9999.0 -9999.0 -9999.0 -9999.0 -9999.0 -9999.0 -9999.0 -9999.0 -9999.0
-9999.0 -9999.0 -9999.0 -9999.0 -9999.0 -9999.0 -9999.0 -9999.0 -9999.0 -9999.0 -9999.0 -9999.0 -9999.0 -9999.0 -9999.0 -9999.0 -9999.0 -9999.0 -9999.0 -9999.0 -9999.0 -9999.0 -9999.0 -9999.0 -9999.0 -9999.0 -9999.0 -9999.0 -9999.0 -9999.0 -9999.0 -9999.0 -9999.0 -9999.0 -9999.0 -9999.0 -9999.0 -9999.0 -9999.0 -9999.0 -9999.0 -9999.0 -9999.0 -9999.0 -9999.0 -9999.0 -9999.0 -9999.0 -9999.0 -9999.0 -9999.0 -9999.0 -9999.0 -9999.0 -9999.0 -9999.0
-9999.0 -9999.0 -9999.0 -9999.0 -9999.0 -9999.0 -9999.0 -9999.0 -9999.0 -9999.0 -9999.0 -9999.0 -9999.0 -9999.0 -9999.0 -9999.0 -9999.0 -9999.0 -9999.0 -9999.0 -9999.0 -9999.0 -9999.0 -9999.0 -9999.0 -9999.0 -9999.0 -9999.0 -9999.0 -9999.0 -9999.0 -9999.0 -9999.0 -9999.0 -9999.0 -9999.0 -9999.0 -9999.0 -9999.0 -9999.0 -9999.0 -9999.0 -9999.0 -9999.0 -9999.0 -9999.0 -9999.0 1101.990408 1084.884454 1069.848342 1067.539484 1090.226503 1114.002797 1138.251184 1159.266620 1178.229940
-9999.0 -9999.0 -9999.0 -9999.0 -9999.0 -9999.0 -9999.0 -9999.0 -9999.0 -9999.0 -9999.0 -9999.0 -9999.0 -9999.0 -9999.0 -9999.0 -9999.0 -9999.0 -9999.0 -9999.0 -9999.0 -9999.0 -9999.0 -9999.0 -9999.0 -9999.0 -9999.0 -9999.0 -9999.0 -9999.0 -9999.0 -9999.0 -9999.0 -9999.0 -9999.0 -9999.0 -9999.0 -9999.0 -9999.0 -9999.0 1149.097914 1155.204801 1156.488764 1146.466847 1135.613545 1123.516058 1103.677448 1086.072238 1071.751221 1069.695121 1072.766518 1077.944174 1100.705316 1125.984721 1146.195719 1163.503283
-9999.0 -9999.0 -9999.0 -9999.0 -9999.0 -9999.0 -9999.0 -9999.0 -9999.0 -9999.0 -9999.0 -9999.0 -9999.0 -9999.0 -9999.0 -9999.0 -9999.0 -9999.0 -9999.0 -9999.0 -9999.0 -9999.0 -9999.0 -9999.0 -9999.0 -9999.0 -9999.0 -9999.0 -9999.0 -9999.0 -9999.0 -9999.0 -9999.0 -9999.0 1055.334648 1072.949924 1091.399781 1110.272355 1127.478531 1134.659888 1140.675823 1146.661454 1142.865447 1138.696131 1127.757686 1108.788722 1089.719305 1076.429680 1074.913961 1072.959853 1077.690090 1090.915754 1108.265319 1124.876193 1146.348105 1170.597349
-9999.0 -9999.0 -9999.0 -9999.0 -9999.0 -9999.0 -9999.0 -9999.0 -9999.0 -9999.0 -9999.0 -9999.0 -9999.0 -9999.0 -9999.0 -9999.0 -9999.0 -9999.0 -9999.0 -9999.0 -9999.0 -9999.0 -9999.0 -9999.0 -9999.0 -9999.0 -9999.0 -9999.0 1058.046376 1052.401509 1047.797489 1046.773090 1045.948532 1045.322688 1052.461752 1064.793454 1083.165823 1105.440250 1118.997353 1126.746613 1133.902260 1135.090693 1130.482435 1129.101231 1130.041066 1118.678110 1107.495129 1097.070940 1087.047183 1085.917389 1096.055528 1110.890239 1127.828595 1143.392673 1159.549058 1170.194000
-9999.0 -9999.0 -9999.0 -9999.0 -9999.0 -9999.0 -9999.0 -9999.0 -9999.0 -9999.0 -9999.0 -9999.0 -9999.0 -9999.0 -9999.0 -9999.0 -9999.0 -9999.0 -9999.0 -9999.0 -9999.0 -9999.0 -9999.0 1027.075925 1032.960208 1039.823144 1047.705723 1049.025230 1045.379506 1040.221517 1037.738696 1036.809288 1035.605016 1040.672194 1049.158402 1063.238330 1079.621672 1102.222713 1111.461791 1117.992948 1130.780506 1134.340914 1141.049537 1145.827752 1144.832239 1142.546304 1130.464212 1121.624843 1127.055375 1133.467589 1141.083628 1149.948570 1164.226420 1180.280233 1198.280059 1219.119146
-9999.0 -9999.0 -9999.0 -9999.0 -9999.0 -9999.0 -9999.0 -9999.0 -9999.0 -9999.0 -9999.0 -9999.0 -9999.0 -9999.0 -9999.0 -9999.0 -9999.0 -9999.0 -9999.0 1001.515355 1002.634300 1004.134849 1009.145673 1010.154472 1012.589045 1019.963932 1028.563266 1031.484281 1030.212607 1029.406425 1031.539597 1034.914290 1040.011587 1051.944387 1066.466317 1081.416573 1095.999595 1117.731634 1133.336440 1147.665667 1164.467396 1164.827317 1161.778378 1160.906874 1162.293403 1163.278975 1167.742973 1171.068748 1178.341379 1183.644630 1190.722564 1201.092615 1213.739352 1232.936361 1253.722808 1274.440487
-9999.0 -9999.0 -9999.0 -9999.0 -9999.0 -9999.0 -9999.0 -9999.0 -9999.0 -9999.0 -9999.0 -9999.0 -9999.0 -9999.0 -9999.0 -9999.0 972.523737 974.541215 977.004650 982.613117 985.868765 990.216456 997.560207 999.250739 1003.465764 1011.134140 1016.565921 1026.045855 1034.796313 1042.813042 1049.554085 1053.056687 1061.309729 1071.840069 1084.657416 1100.809159 1123.235837 1147.488972 1164.847892 1182.832545 1201.107008 1202.914141 1202.987819 1205.274633 1206.827765 1213.990526 1232.481013 1239.402175 1241.445898 1258.669935 1273.822505 1280.066004 1289.061789 1309.645539 1334.752723 1358.948719
-9999.0 -9999.0 -9999.0 -9999.0 -9999.0 -9999.0 -9999.0 -9999.0 -9999.0 -9999.0 -9999.0 -9999.0 -9999.0 925.636393 929.970123 939.848770 949.506190 952.369987 957.053691 963.533540 976.154401 980.268083 987.010683 995.132233 1007.700596 1017.011286 1026.894436 1039.523243 1048.763093 1056.900231 1064.877976 1071.357091 1085.601625 1101.940903 1118.855942 1140.332465 1163.742398 1185.601606 1207.429619 1224.857537 1239.982441 1243.174569 1243.801114 1247.766731 1256.861660 1275.396569 1295.855188 1306.205635 1325.777813 1350.578365 1365.618472 1378.666102 1388.822377 1404.038106 1427.224955 1463.248765
-9999.0 -9999.0 -9999.0 -9999.0 -9999.0 -9999.0 -9999.0 -9999.0 -9999.0 -9999.0 892.503184 895.001566 891.887111 891.780040 897.258400 909.748402 923.893873 930.820874 942.891648 964.345581 982.747767 986.874442 1002.035075 1013.012567 1020.610090 1031.992118 1046.089874 1059.900168 1077.758347 1091.440948 1104.205779 1124.966813 1142.958330 1161.153742 1180.669425 1202.813088 1224.350313 1254.555538 1283.561862 1298.317283 1322.369715 1334.960543 1334.244803 1336.446017 1347.652841 1365.680085 1388.987802 1414.581605 1438.883369 1466.628832 1485.880617 1502.161275 1514.688130 1528.918883 1546.919453 1584.948880
-9999.0 -9999.0 -9999.0 -9999.0 -9999.0 -9999.0 -9999.0 -9999.0 867.556715 875.189636 881.606022 878.994265 874.938634 871.362070 885.602923 901.908980 918.472248 936.682132 953.279272 972.157697 988.140688 1005.157472 1025.940823 1038.636804 1051.372477 1067.894142 1082.847751 1101.274013 1124.062679 1138.245745 1156.529584 1179.790870 1200.380233 1220.635047 1241.775630 1262.426105 1291.191740 1327.303814 1361.911973 1387.062403 1417.565257 1442.918442 1444.698022 1449.722028 1456.714471 1484.932861 1516.863534 1550.310020 1578.272340 1608.110032 1639.691806 1659.543578 1671.724699 1685.828257 1702.717510 1723.641512
-9999.0 -9999.0 -9999.0 -9999.0 -9999.0 -9999.0 839.876647 864.418349 879.845270 872.363944 862.757037 859.580700 856.011866 880.363435 902.962397 920.883830 938.499906 956.899238 974.285319 988.013584 1022.580553 1041.628014 1057.186174 1076.439545 1092.558595 1108.787904 1127.911776 1153.022886 1176.656890 1208.178060 1235.984138 1262.219711 1291.158041 1313.780748 1335.664289 1356.947347 1391.349067 1431.954453 1471.951280 1503.884321 1534.053539 1567.724771 1577.453713 1585.876302 1595.494652 1619.150467 1653.249634 1685.934719 1721.881409 1755.854764 1784.190483 1797.242721 1808.538682 1820.677529 1835.002418 1848.109796
-9999.0 -9999.0 -9999.0 -9999.0 805.943595 827.117299 847.497586 878.631512 901.744086 897.424999 904.741885 905.586250 904.473866 909.207939 917.141475 936.080329 955.624273 975.510353 994.272003 1030.052887 1075.625731 1092.560108 1118.336391 1152.118669 1167.784922 1185.191020 1203.663702 1228.939979 1257.818797 1293.737531 1339.933464 1379.909221 1408.908031 1435.267973 1460.077060 1485.462973 1523.161082 1564.509346 1604.995861 1642.355899 1674.937432 1703.268825 1718.013826 1728.123672 1742.085268 1760.429466 1783.505196 1812.237521 1844.736072 1877.612414 1903.151387 1916.972427 1925.039572 1935.836302 1946.314514 1958.355722
-9999.0 -9999.0 -9999.0 756.128847 795.073655 833.349833 860.851181 892.411695 925.361675 930.796709 940.831729 946.723063 952.518017 962.127656 971.628461 989.822457 1007.199631 1024.458542 1047.840207 1085.962510 1122.508752 1153.869623 1188.027387 1216.880151 1239.978952 1258.527674 1279.839232 1306.472957 1348.996197 1389.298148 1442.648221 1499.119468 1539.304530 1567.237581 1593.207949 1623.975509 1652.304239 1691.847619 1729.711013 1765.302910 1798.935153 1825.175893 1845.173379 1854.154000 1865.088455 1874.770953 1891.736411 1913.814662 1936.068014 1965.071155 1993.399357 2018.204000 2032.199052 2042.183016 2058.082147 2074.059885
-9999.0 -9999.0 708.718180 746.794567 781.130344 831.731200 885.377447 920.698678 962.642500 987.642000 995.837453 1014.324117 1031.849188 1040.480174 1057.260617 1075.607850 1094.721111 1102.955277 1121.518348 1153.337471 1204.802852 1252.433672 1275.662040 1329.334143 1365.870799 1397.022204 1418.100081 1447.837179 1486.379910 1530.780606 1582.268800 1635.230575 1676.622563 1710.802505 1730.457774 1752.725289 1777.715610 1804.062570 1839.970219 1870.158035 1902.713547 1929.489868 1951.770001 1959.085412 1964.729438 1981.036221 2005.841025 2032.044381 2056.659055 2080.368477 2083.289601 2095.589569 2101.517428 2105.156544 2110.255768 2113.890573
-9999.0 -9999.0 681.874252 727.082513 767.610546 834.421847 915.267523 953.562498 997.951224 1045.707821 1066.468751 1093.269116 1107.154385 1118.454440 1143.672889 1167.516156 1181.605465 1190.019472 1191.494437 1249.096020 1309.892062 1362.792321 1412.072724 1482.953841 1532.445942 1553.258591 1569.464511 1593.116101 1620.274498 1665.630943 1714.957196 1769.663223 1815.091427 1848.009792 1866.203343 1886.353696 1908.018149 1926.862888 1946.968661 1987.143116 2015.388728 2041.697115 2068.957681 2089.500368 2098.240654 2102.304697 2091.824257 2102.385017 2109.812517 2113.550390 2115.359166 2112.729051 2112.715035 2113.956606 2115.405907 2110.814529
-9999.0 592.631888 644.987167 698.428526 767.730117 835.642525 919.737727 1001.110361 1060.463972 1110.616954 1142.994447 1158.441813 1197.605584 1242.720601 1271.164070 1299.679275 1304.737228 1311.908888 1304.123589 1355.147606 1407.566126 1484.467306 1596.621721 1656.810856 1705.840088 1711.739845 1710.238535 1725.239804 1750.816717 1795.888408 1864.276011 1912.810241 1967.116865 2008.538300 2025.026313 2033.201683 2051.785903 2072.432875 2059.321082 2083.294688 2094.920979 2104.658543 2108.286577 2110.862786 2112.841306 2113.990808 2111.810003 2106.454806 2099.670688 2095.012222 2091.762627 2087.912909 2090.847687 2094.518202 2095.601605 2089.127901
-9999.0 557.060976 616.656996 688.457201 760.056158 828.340761 932.622924 1078.306473 1135.168936 1176.526914 1203.917333 1230.613707 1312.877233 1383.058004 1420.501008 1467.398760 1464.090790 1455.786584 1444.306328 1479.497016 1531.443531 1607.874348 1752.754793 1839.660986 1871.981006 1886.678380 1896.824463 1925.727736 1964.201379 2001.972180 2036.274004 2036.186895 2064.372496 2079.387743 2085.016915 2088.329969 2093.670918 2095.480756 2095.252978 2093.245903 2090.143046 2091.675986 2096.822593 2097.673813 2095.929659 2093.867390 2089.295087 2082.687536 2078.021013 2074.143765 2072.041726 2069.578979 2068.373106 2068.647204 2064.538352 2059.120591
-9999.0 527.061573 598.610241 662.478722 727.760706 842.786291 970.631347 1108.855034 1205.613621 1248.810453 1277.985021 1353.710554 1460.982069 1562.336738 1617.916851 1646.159824 1649.647787 1630.490856 1635.551604 1682.212176 1749.066292 1842.912592 1937.368582 2016.563142 2033.346638 2040.763669 2023.015999 2039.801905 2055.194537 2060.170564 2063.919974 2069.635531 2076.904022 2081.763533 2082.638968 2081.938573 2079.329935 2073.370901 2070.189996 2068.419018 2066.243991 2066.769095 2070.109449 2071.966793 2070.082885 2066.935758 2063.105332 2058.082328 2052.564739 2046.578788 2043.164635 2039.589950 2037.726025 2032.989596 2028.668257 2022.455867
-9999.0 426.874594 515.668623 570.830248 685.383621 861.257972 990.029578 1142.882506 1294.032583 1339.736055 1422.736833 1551.624419 1664.709786 1744.434363 1788.801493 1832.918064 1863.825702 1889.005717 1925.668066 1884.129302 1942.857810 2002.864510 2030.893949 2046.280270 2052.114116 2057.113271 2052.890940 2037.185433 2029.944832 2025.964346 2029.871853 2038.938668 2045.917644 2052.772197 2052.157626 2054.146098 2055.617929 2053.526966 2051.097835 2044.156676 2037.637667 2032.644510 2031.275240 2036.767722 2032.251333 2029.514583 2023.988104 2016.471589 2008.330320 2001.265057 1994.076710 1987.742902 1985.116041 1979.471080 1977.458404 1968.298858
-9999.0 345.959182 422.985285 512.161427 650.612544 816.337434 947.533014 1118.045094 1332.090784 1456.493978 1591.021197 1673.368905 1754.679270 1821.056966 1886.841490 1936.043119 1963.233121 1975.920141 1967.857774 1981.862678 1953.210947 1949.721802 1970.236238 1999.626806 2016.195726 2023.438880 2018.317857 2010.755846 2006.029961 2006.821353 2006.882342 2006.287352 2005.314839 2003.919284 2001.693149 2004.566100 2010.025050 2004.891218 1997.271807 1990.017342 1983.349434 1975.528826 1970.231727 1966.730616 1965.614182 1965.328339 1957.925605 1947.771947 1937.484691 1929.582290 1922.178648 1916.724839 1913.924264 1908.383644 1899.321540 1885.465345
-9999.0 246.907341 368.744128 462.993184 585.238188 723.555295 851.929301 1019.077732 1172.823613 1400.420991 1566.738066 1685.595471 1736.051545 1801.420220 1864.709544 1934.647661 1942.094096 1916.935829 1888.064587 1877.062620 1886.178750 1898.867210 1914.498042 1936.229385 1956.185871 1968.294543 1972.884368 1967.483066 1955.329991 1946.609060 1939.986056 1930.185211 1923.197495 1922.185380 1923.515650 1931.216880 1933.797497 1925.461273 1913.309812 1897.893525 1884.303775 1873.826262 1870.795496 1871.749349 1871.237201 1867.042481 1859.838974 1848.986393 1836.278651 1824.373024 1816.949097 1811.309142 1803.844264 1792.890850 1780.296807 1765.627770
-9999.0 -9999.0 293.277191 404.845774 513.767099 637.941720 755.051040 901.224678 1056.094058 1243.595637 1369.082958 1509.304496 1590.278655 1642.514959 1696.466004 1754.809023 1777.487641 1800.671670 1788.593861 1796.798623 1806.779578 1815.805828 1828.080324 1841.974545 1857.500721 1869.607913 1879.142362 1878.140041 1869.622145 1852.233678 1831.212083 1814.933430 1805.616196 1798.296221 1807.576711 1818.903911 1815.972865 1809.717953 1798.256211 1782.965749 1770.172755 1756.261382 1751.878026 1751.188449 1750.194089 1746.205276 1740.769186 1727.038252 1713.382835 1701.004340 1694.954855 1688.177595 1682.046145 1670.168601 1657.014135 1642.121932
