tests/Borden05m/sims/sim_1/output-maps/psiliqL0006N0003.asc
ncols         160
nrows         34
xllcorner     620200.000000
yllcorner     5168000.000000
cellsize      0.500000
NODATA_value  -9999.0
[rows 0 to 24 of 34, columns 56 to 111 of 160]
-9999.0 -9999.0 -9999.0 -9999.0 -9999.0 -9999.0 -9999.0 -9999.0 -9999.0 -9999.0 -9999.0 -9999.0 -9999.0 -9999.0 -9999.0 -9999.0 -9999.0 -9999.0 -9999.0 -9999.0 -9999.0 -9999.0 -9999.0 -9999.0 -9999.0 -9999.0 -9999.0 -9999.0 -9999.0 -9999.0 -9999.0 -9999.0 -9999.0 -9999.0 -9999.0 -9999.0 -9999.0 -9999.0 -9999.0 -9999.0 -9999.0 -9999.0 -9999.0 -9999.0 -9999.0 -9999.0 -9999.0 -9999.0 -9999.0 -9999.0 -9999.0 -9999.0 -9999.0 -9999.0 -9999.0 -9999.0
-9999.0 -9999.0 -9999.0 -571.204118 -576.848956 -582.454053 -587.753605 -597.138301 -606.592258 -615.575538 -619.750317 -620.848687 -621.923020 -622.482623 -617.310416 -609.584810 -602.151581 -595.041675 -592.819127 -590.509048 -588.236202 -587.769207 -589.181598 -592.519191 -595.874218 -599.352199 -600.834071 -609.354819 -620.906531 -630.006180 -632.817993 -628.277163 -623.723439 -621.161044 -614.879029 -603.856403 -592.807378 -584.120035 -572.383553 -566.958521 -561.659894 -558.124228 -561.866681 -565.119917 -568.426056 -572.636538 -583.427120 -9999.0 -9999.0 -9999.0 -9999.0 -9999.0 -9999.0 -9999.0 -9999.0 -9999.0
-608.506624 -589.502529 -586.346634 -597.025000 -601.886511 -605.408690 -607.904799 -613.416523 -622.513728 -628.221421 -633.956896 -635.770763 -636.034656 -636.187871 -632.125538 -622.551587 -614.718101 -610.060007 -607.822099 -605.549640 -605.350063 -605.913484 -606.434876 -609.433378 -612.928994 -616.407095 -618.252418 -618.459536 -626.129213 -631.411732 -634.630160 -635.631602 -633.224241 -630.940283 -628.087276 -618.294393 -609.835211 -601.370035 -587.290326 -574.997169 -569.661852 -571.749263 -576.497430 -579.790760 -585.613082 -594.859968 -605.065305 -615.664308 -622.770484 -627.858931 -632.592357 -626.239002 -619.775453 -609.116156 -598.500723 -586.274530
-625.515828 -606.175284 -603.563040 -614.708692 -623.479587 -627.801572 -628.109025 -626.443786 -630.558647 -635.570907 -639.560153 -632.382488 -631.417119 -630.456498 -627.476990 -624.050815 -622.274407 -619.601717 -614.479002 -605.732449 -603.315411 -602.965100 -602.986521 -604.918616 -608.111995 -609.958851 -612.802453 -618.071057 -618.932345 -618.453612 -618.285287 -612.937296 -611.463085 -610.290460 -617.447742 -614.180218 -607.804719 -600.800982 -593.453175 -586.158938 -580.997372 -583.750864 -584.831842 -592.628502 -605.884120 -617.047260 -625.503259 -628.077807 -630.892840 -638.142502 -649.712873 -642.687672 -626.935846 -621.980819 -617.849435 -605.567152
-634.392577 -622.802025 -620.178489 -625.632658 -625.221888 -624.196401 -623.058340 -625.046809 -628.383470 -629.786646 -616.948101 -607.718097 -606.382746 -603.775200 -600.765633 -602.513539 -615.238173 -618.137374 -609.648965 -599.313699 -593.546343 -593.641197 -593.870234 -595.321354 -596.479658 -597.158490 -599.751984 -598.538214 -595.899070 -594.893287 -589.593169 -583.988786 -581.332627 -590.352155 -599.621568 -599.293027 -591.656402 -583.745914 -576.228489 -564.923864 -552.812565 -553.918952 -559.350308 -567.720303 -580.902084 -603.845270 -623.494156 -633.452827 -639.348153 -645.742363 -646.598579 -648.045430 -637.513436 -635.344388 -633.388040 -624.310975
-631.315661 -610.692736 -602.673320 -609.304390 -615.754308 -619.989844 -619.885673 -619.893703 -616.427459 -603.048583 -589.423437 -574.366574 -572.213200 -570.073375 -570.621628 -580.900043 -591.379823 -596.068523 -580.965153 -565.602249 -557.620098 -556.836404 -556.017990 -547.503294 -550.044310 -553.289582 -559.271839 -556.809524 -553.543576 -541.563179 -534.281111 -527.875904 -529.934468 -541.552268 -552.215650 -554.253244 -552.635573 -551.006800 -545.130966 -534.347132 -523.637703 -528.000176 -535.118740 -545.220904 -573.889334 -601.799249 -618.471287 -617.041034 -616.012499 -620.019085 -622.732942 -626.239901 -633.816283 -633.845021 -633.944710 -634.092950
-584.680388 -566.495441 -550.593477 -557.231227 -566.580233 -578.583578 -578.760057 -575.393131 -567.362337 -554.376533 -535.920529 -512.261634 -508.896057 -505.283893 -501.088432 -511.822148 -523.953477 -536.110809 -521.231279 -512.051842 -503.156443 -499.604287 -487.689243 -477.601916 -483.088538 -492.357931 -501.884771 -495.532486 -481.121862 -466.424767 -460.593809 -457.707518 -457.010649 -466.403237 -471.383718 -474.348237 -474.308789 -478.409681 -475.748478 -464.011372 -448.021163 -447.030001 -457.890744 -480.199852 -515.060674 -549.973989 -572.563233 -568.378590 -574.128255 -579.423037 -583.545587 -597.487111 -608.921257 -609.006476 -618.236607 -624.275626
-540.526587 -523.271110 -505.966129 -509.992990 -522.163969 -534.817879 -535.094211 -527.145283 -518.733240 -500.701355 -476.933067 -452.501529 -440.203188 -432.630700 -423.919258 -430.876557 -440.056209 -449.352243 -444.635009 -431.917935 -419.741818 -408.010062 -395.334259 -383.081078 -389.078003 -398.670011 -401.164571 -397.131362 -380.535700 -365.879892 -360.390882 -357.530440 -352.211703 -357.564291 -365.596684 -374.721636 -383.512229 -391.365076 -396.504985 -381.453513 -366.598468 -368.017949 -391.433015 -414.858237 -447.304643 -482.622589 -516.430958 -521.971722 -521.827003 -522.874346 -538.074488 -553.154819 -572.417841 -583.708965 -592.336627 -607.440086
-452.349781 -431.660384 -413.021167 -408.279904 -423.116472 -427.956163 -423.531179 -412.966869 -407.994919 -395.775307 -367.921810 -331.489318 -302.154882 -274.268465 -268.551394 -281.079139 -293.919606 -311.044511 -319.051235 -305.393965 -291.322728 -275.466105 -257.051875 -238.401985 -225.857057 -225.011583 -224.205235 -220.728167 -216.025454 -208.172011 -198.649740 -188.367659 -176.981807 -173.403318 -185.770857 -199.618441 -215.631544 -230.834103 -237.888364 -242.657595 -237.111996 -238.923215 -262.467015 -294.214084 -327.107072 -364.294229 -395.947436 -417.546819 -416.141010 -429.422225 -445.917486 -467.433782 -504.072613 -523.686806 -540.354238 -570.425434
-357.417216 -328.088399 -310.538659 -293.277354 -293.409592 -290.741427 -287.677600 -280.841096 -273.439843 -260.366270 -215.899866 -161.259379 -95.864358 -23.588168 4.736805 -21.580700 -60.810123 -95.419389 -119.589333 -120.001958 -89.692506 -33.817757 31.591755 60.734237 70.492763 71.166947 72.201914 73.853369 76.821009 79.004327 83.704013 90.176323 99.892327 111.267446 107.246045 91.598591 79.593802 64.730001 55.132503 42.082582 17.055051 2.888451 -17.296101 -86.831525 -144.998497 -197.386895 -246.218997 -281.146541 -305.199281 -325.318975 -345.659950 -387.231417 -426.748480 -460.357496 -488.818882 -517.216689
-223.907288 -177.907082 -131.118297 -96.964414 -81.759246 -75.572196 -66.267252 -43.342252 -7.589259 33.248157 65.426922 105.450364 147.664432 186.047383 195.515150 182.584247 163.570294 145.750432 133.334463 131.251019 143.849269 167.621287 199.182118 218.450330 229.547336 230.090845 230.627997 230.513762 231.734360 232.642832 232.898255 235.981436 241.780867 247.232959 248.522532 242.709915 234.205568 224.642816 218.832820 208.816347 195.460124 187.344159 178.100803 160.970448 129.172345 87.174020 21.497914 -81.568616 -141.337705 -167.102395 -188.896632 -211.605448 -264.370501 -295.576861 -332.780659 -371.727250
33.324124 81.632449 117.627434 139.647128 149.879690 151.648795 156.745460 169.766643 187.441373 209.151157 226.925149 239.634950 255.388268 271.108235 282.429161 279.228295 271.008683 259.887542 258.004282 258.497008 261.312727 268.283635 275.338643 285.786917 294.974301 297.873494 298.172545 296.449256 297.765880 298.174354 298.010656 297.389072 298.257554 301.181990 302.533319 301.933724 295.682075 286.602749 278.521455 273.386805 269.829735 266.588863 264.790661 261.346445 253.597564 235.196433 200.608617 151.090171 118.653771 99.508410 85.602224 72.829582 51.242472 3.529128 -89.828488 -171.470280
194.163681 222.131367 240.038116 254.054871 262.737871 264.178404 267.856140 271.055919 279.388792 290.653950 301.126846 306.074142 312.238642 322.286912 329.580143 334.428756 335.827256 336.893162 339.304188 340.115788 336.194281 338.482245 340.243308 341.346795 344.328728 344.456285 344.529103 344.156663 344.937103 344.879211 345.541522 345.123988 343.662818 343.505635 343.388728 343.899150 342.332463 339.096137 327.441705 321.419839 317.926279 313.706399 308.244270 302.273080 297.427141 290.853642 277.264324 257.433515 240.213984 234.512266 231.561660 227.067290 218.481542 191.754426 151.453740 109.630197
275.447992 284.546703 294.011263 306.150174 313.666138 317.813362 321.696239 324.713706 334.216703 343.847202 343.996467 343.374581 342.966165 341.964494 341.722177 341.331122 341.592149 339.754109 340.482234 340.235482 336.839757 329.744299 331.876330 332.917156 334.632546 337.296001 335.283889 335.819103 338.585763 337.949104 333.785794 331.323050 329.995218 329.652056 335.929464 338.410645 339.474102 340.526077 341.164645 342.261865 342.967948 343.106090 342.501909 341.802917 339.025392 332.815816 320.971487 306.163595 290.135737 283.236081 281.459856 283.134279 280.401682 275.125613 261.157171 242.885245
330.925145 340.639260 346.911247 346.694766 345.893987 345.303812 345.607414 347.314354 346.626654 343.677512 339.995468 336.046350 335.182692 333.981201 331.565101 332.193886 330.504280 327.708313 326.263620 323.794864 319.367825 313.738535 313.629398 316.820291 318.813669 319.900237 320.204878 321.732653 323.410029 321.545079 318.089714 314.856187 313.808155 317.747298 320.332906 322.365905 322.419355 321.833390 321.559928 323.081524 322.404610 322.787346 325.907782 334.514247 340.013575 339.604620 340.182649 340.908930 341.294349 327.956328 316.001000 318.898029 316.408524 310.124143 299.320511 288.955599
340.101138 340.295485 338.355475 333.214191 327.992595 327.380482 330.686072 336.904117 338.646753 332.847527 326.473347 322.456802 319.158125 318.515929 317.360324 316.646922 317.095830 314.935216 313.241754 307.168198 303.634775 299.368323 296.592118 295.389983 297.658482 301.348623 304.734507 306.929104 303.850191 300.925361 296.407797 292.763101 293.790833 295.251951 299.923937 306.871136 307.586383 308.447808 306.859249 306.313521 303.671971 302.540844 305.233449 311.710968 317.715468 323.330280 326.581373 331.049902 336.197558 342.526604 342.691129 341.662228 340.802918 337.789406 327.875104 318.556466
328.546039 324.448583 322.636757 319.548485 316.631312 316.091438 318.094782 320.724708 319.439337 316.293694 311.501064 306.527250 301.690010 298.630721 298.744971 299.588338 300.104055 298.182912 292.422541 285.860431 281.683246 275.471350 273.558897 268.332437 263.135642 267.801054 277.510090 281.146799 272.553293 266.418594 257.467577 253.147302 252.242994 254.587594 262.681423 276.224527 287.713547 288.550991 284.210745 280.444742 278.881009 277.355423 280.230557 289.025482 297.708297 303.376769 306.625721 308.249991 312.034837 316.417370 321.415728 326.976506 332.176237 339.956070 339.700245 339.906777
318.023683 315.319372 312.831892 310.547804 308.320026 306.476077 305.202606 304.394545 301.461947 298.804250 294.354764 288.450800 281.055607 269.727126 264.687890 260.852088 261.432820 254.721018 250.217437 240.706488 233.703205 224.083667 212.559665 195.478398 179.414687 181.784083 201.994057 214.117120 196.327587 177.604082 157.011057 147.097384 144.491346 152.446794 176.885631 212.409475 232.657698 239.047851 235.280273 232.690726 231.955119 231.899812 234.670271 244.150782 257.546095 271.643122 280.639235 285.026156 288.596224 293.421479 300.046320 305.221591 309.872062 316.422928 324.738993 331.964537
307.801820 304.508991 301.386686 296.896341 291.304660 288.144287 289.023822 284.473992 280.619368 273.234410 241.382623 228.462659 206.561938 176.983840 157.008148 141.123988 130.782371 119.950977 113.793573 105.661511 90.927562 71.430479 44.197631 8.388624 -21.629522 -33.050574 0.973618 17.899118 5.881232 -30.461006 -63.322907 -79.676708 -85.468063 -68.080157 -8.973701 45.497781 71.115443 81.223915 79.563781 86.626788 93.376630 96.135208 113.458105 132.865196 164.058082 202.986181 230.535921 241.359305 249.453847 259.177591 270.411079 279.508327 286.753260 296.603725 306.898479 312.297070
293.946952 288.014675 280.906792 272.489921 261.408498 250.875586 249.946247 245.777953 237.515996 196.813352 132.445675 86.485009 49.502868 -15.389576 -63.720281 -90.940848 -131.350512 -153.965788 -167.646112 -168.786196 -188.255566 -214.849371 -238.262062 -250.890972 -258.934619 -271.317934 -274.461681 -268.663567 -258.732348 -268.770974 -275.210913 -273.795991 -276.768471 -277.930184 -264.116855 -240.844924 -225.677952 -212.941307 -202.686138 -198.110756 -191.156436 -160.745209 -136.823155 -103.109083 -36.925597 46.077304 91.281988 121.528464 146.824019 180.969056 213.766091 232.342757 247.959862 264.286565 280.904934 289.265767
256.597276 242.780220 229.226919 205.526840 166.798082 133.245678 124.254322 111.692552 86.490740 14.099897 -117.701702 -184.464108 -220.644600 -255.736237 -276.055462 -300.365044 -331.970737 -351.427317 -349.462632 -342.705216 -346.565574 -362.067115 -375.704351 -385.690949 -397.058332 -411.380630 -420.346560 -412.509837 -403.835247 -400.581587 -398.925933 -395.627704 -395.014247 -396.452722 -398.400101 -388.703024 -380.055005 -370.288421 -361.643412 -353.217627 -327.212837 -302.671402 -285.556608 -262.524115 -235.230427 -198.572566 -158.340769 -117.548884 -72.909839 6.716906 68.277021 108.136649 145.699017 192.838139 228.312248 246.590797
169.382136 127.006449 91.944817 42.713955 -62.420920 -110.998877 -130.131016 -146.033311 -193.705707 -253.780180 -306.227467 -337.288350 -362.102114 -385.480170 -409.104116 -436.606641 -462.776452 -480.461423 -473.601143 -466.720323 -458.251334 -470.462906 -482.465742 -489.079974 -502.714595 -516.148761 -529.127383 -520.818178 -512.024750 -498.022020 -495.077762 -492.357393 -487.014704 -488.785815 -490.891968 -496.634024 -488.295298 -479.614404 -468.348275 -444.682891 -421.303923 -398.866614 -380.099675 -361.287495 -339.719931 -315.188233 -289.238237 -261.391527 -237.466183 -208.488759 -171.186258 -128.886055 -69.209773 30.657364 86.622224 123.308359
-46.574677 -118.242371 -166.312510 -216.914243 -274.674619 -309.091988 -318.841983 -349.445854 -381.509004 -421.153022 -443.092002 -461.334995 -482.855185 -502.850107 -522.375583 -547.666868 -569.818799 -591.455447 -587.084684 -575.199653 -561.855419 -569.900284 -574.705710 -577.893017 -589.301110 -602.465042 -615.580924 -611.893366 -597.778533 -581.786410 -575.916832 -570.192680 -563.180170 -563.350493 -569.461337 -577.779896 -572.667912 -560.494048 -545.933540 -525.210837 -504.012250 -483.699856 -465.395985 -444.998548 -423.389432 -401.281119 -377.128724 -351.871525 -333.314013 -309.656237 -283.345936 -258.991663 -239.053687 -209.025506 -164.345232 -122.100575
-248.321751 -279.536723 -307.827437 -348.221583 -389.896578 -430.133190 -461.485073 -490.932451 -519.763077 -538.896497 -556.564981 -574.006555 -591.557130 -610.762996 -629.655385 -648.675719 -669.586003 -689.587150 -684.261244 -670.696265 -657.557461 -656.094630 -659.003774 -661.943163 -669.907006 -683.127492 -695.563964 -687.778073 -672.482729 -657.320418 -648.058095 -641.723495 -635.527910 -638.391744 -646.528757 -654.174308 -646.905206 -632.349484 -617.961431 -600.747186 -580.353350 -559.997126 -539.968890 -519.052445 -498.117915 -475.022135 -451.195193 -427.135711 -403.901252 -381.515264 -359.188549 -347.558946 -335.369439 -323.749468 -303.319820 -280.806334
-374.933371 -398.678906 -423.979886 -455.781681 -493.530671 -523.647887 -553.202044 -581.804766 -610.298690 -633.234461 -650.523517 -660.326842 -674.543207 -693.446195 -706.808793 -723.308017 -743.298136 -745.565899 -741.258931 -728.130838 -725.018980 -724.224153 -727.160555 -728.234334 -733.338826 -745.877263 -741.107175 -733.141505 -718.008807 -707.011142 -697.914667 -691.677550 -687.526149 -688.490553 -696.232370 -694.249930 -687.114591 -672.728127 -661.237515 -646.196042 -625.875424 -609.118524 -590.431244 -569.576814 -548.138419 -525.525630 -501.677527 -476.045634 -452.797877 -433.540134 -423.841306 -413.265280 -406.170576 -410.028300 -395.284019 -380.030305
