tests/Borden05m/sims/sim_1/output-maps/psiliqL0010N0018.asc
ncols         160
nrows         34
xllcorner     620200.000000
yllcorner     5168000.000000
cellsize      0.500000
NODATA_value  -9999.0
[rows 0 to 25 of 34, columns 57 to 113 of 160]
-9999.0 -9999.0 -9999.0 -9999.0 -9999.0 -9999.0 -9999.0 -9999.0 -9999.0 -9999.0 -9999.0 -9999.0 -9999.0 -9999.0 -9999.0 -9999.0 -9999.0 -9999.0 -9999.0 -9999.0 -9999.0 -9999.0 -9999.0 -9999.0 -9999.0 -9999.0 -9999.0 -9999.0 -9999.0 -9999.0 -9999.0 -9999.0 -9999.0 -9999.0 -9999.0 -9999.0 -9999.0 -9999.0 -9999.0 -9999.0 -9999.0 -9999.0 -9999.0 -9999.0 -9999.0 -9999.0 -9999.0 -9999.0 -9999.0 -9999.0 -9999.0 -9999.0 -9999.0 -9999.0 -9999.0 -9999.0 -9999.0
-9999.0 -9999.0 217.680542 212.146870 206.809443 201.816949 192.783705 183.568682 175.050328 171.156327 170.352211 169.635360 169.370200 174.791675 182.886074 190.643959 197.979163 200.488829 203.040441 205.444560 206.049978 204.841152 201.637917 198.370679 194.976598 193.503801 185.237321 173.777178 164.844335 162.083455 166.587125 171.118197 173.655504 179.708736 190.601507 201.554120 210.194797 222.040989 227.657256 232.753707 235.782695 231.566716 227.828202 223.900957 218.871928 207.716580 -9999.0 -9999.0 -9999.0 -9999.0 -9999.0 -9999.0 -9999.0 -9999.0 -9999.0 -9999.0 -9999.0
200.483210 203.857707 192.878091 188.035217 184.732556 182.599850 177.572570 168.861803 163.576993 158.236390 156.629317 156.780825 156.977863 161.287529 171.397277 179.503018 184.409487 186.991869 189.640995 189.738862 189.347302 189.063117 186.222931 182.832681 179.454049 177.677671 177.859558 170.262354 164.900623 161.609189 160.272542 162.756140 165.086832 168.221018 177.844914 186.154205 194.476735 208.707015 221.049914 226.220965 223.666002 218.443091 214.457284 207.699942 197.570215 186.937128 176.571694 169.209269 163.542964 157.948231 163.828853 170.134133 180.153096 190.093818 202.072190 214.213385 -9999.0
185.032118 188.005962 177.230907 168.863071 164.290718 164.439136 166.806188 163.255881 158.733654 154.512261 162.779847 164.247843 165.594709 168.983699 172.404728 175.085257 177.972018 183.450983 192.590791 195.419377 196.085025 196.333210 194.592427 191.529195 189.766166 187.032505 181.887060 180.998615 181.483064 181.516499 186.716731 188.205298 189.620181 182.634569 185.992065 192.236069 199.137625 206.029136 212.953361 217.324085 213.977032 212.532478 203.783996 189.525267 177.716681 168.669406 165.994631 162.509072 154.473134 141.843474 148.535775 163.836990 168.287476 171.714638 183.462239 195.696926 205.953168
171.268219 174.460976 169.518315 170.645168 172.189752 173.767703 172.308525 169.535660 168.278827 181.482157 191.388350 193.496488 196.699116 200.358816 199.409407 187.245477 184.769006 193.421488 204.126373 210.288363 210.724090 210.893082 209.342991 208.393973 207.942972 205.653746 206.776391 209.546282 210.255043 215.414366 221.184100 223.963451 215.471679 206.059120 206.474962 214.038182 221.995054 229.379676 240.311026 251.842559 250.326826 244.019918 234.282911 219.747074 195.428376 174.905130 163.671060 156.402698 148.925825 147.948730 145.045808 155.470987 156.888543 158.365004 166.618472 176.759706 186.766574
187.323720 195.881647 190.073643 184.691717 181.556475 182.377327 182.948234 186.794248 200.474581 215.155367 230.920613 234.314971 237.391569 237.364740 227.926940 217.606477 213.537279 228.812294 245.200615 253.998677 255.356231 255.935906 263.993616 262.275027 259.898130 254.625889 257.195060 260.034023 271.484443 279.442878 286.485760 284.548851 272.412921 260.884378 258.686207 260.562504 262.822697 268.776667 279.286963 289.318533 283.881985 275.455683 263.668071 233.105267 203.813906 185.533814 185.071653 184.600304 179.157013 175.268203 171.002226 162.921073 161.885408 160.720600 159.779413 171.429952 183.422987
238.209175 255.118202 249.684747 241.466005 230.858585 231.647566 235.615467 244.741502 259.169613 278.855089 304.573230 309.300865 313.923762 318.080739 307.319756 295.017710 283.426351 300.336257 310.945018 320.789479 324.482568 336.308720 347.005184 342.272562 333.686793 323.919987 330.816690 344.762067 360.658415 367.739049 371.533266 371.191481 360.493449 354.448965 351.533402 351.990654 348.202550 351.583912 362.551749 377.868557 377.036827 365.128567 339.884941 300.736191 263.115131 239.176355 242.122702 234.145774 226.524174 221.087130 205.627345 193.064061 191.769797 181.277145 174.263559 185.095842 190.654759
291.416641 311.080358 307.842191 297.165710 284.761292 285.232458 294.170402 305.109909 325.831595 351.776847 378.626556 391.076158 397.952768 408.156992 401.944250 392.700118 384.024222 392.630761 405.945194 419.109390 430.987498 444.627603 456.961377 449.234350 438.432265 434.699025 439.891658 458.815194 475.465960 481.204832 483.360739 487.040774 479.460264 471.828249 463.543410 456.167321 448.930768 444.065081 460.502418 475.659007 472.918767 447.592216 420.803572 382.604852 342.070436 305.571879 299.762176 295.912677 292.497558 274.954665 257.121797 236.951290 224.504818 213.849774 197.814405 201.717700 206.432449
397.215036 419.650090 423.909688 409.119305 403.538426 409.260949 422.327295 430.192142 446.126075 473.836920 508.659725 533.586719 555.442726 560.457618 552.137916 543.217247 529.909138 526.205337 541.708707 554.176496 565.781059 577.278394 589.535672 596.135928 594.529694 594.407285 597.495373 603.251346 611.072623 617.916415 623.897132 630.016589 628.621533 618.921725 611.030456 601.116576 592.639257 589.377308 589.520638 597.846450 595.600341 571.564484 543.412241 510.573849 471.957419 438.022838 415.857406 416.783229 401.642193 380.749464 356.544226 317.111326 295.889504 276.846203 244.979366 238.923783 247.461328
516.516670 533.363348 548.556919 546.545082 549.308181 553.617507 561.089881 567.123551 575.967942 608.884008 644.368194 675.074170 700.091671 709.705584 700.629146 691.326244 680.141593 670.859462 673.361367 686.848839 702.927553 718.328358 729.106345 732.808595 731.532608 731.858551 733.642625 736.866914 739.714360 745.189403 752.138455 762.132920 773.436753 768.581029 751.862082 738.627206 723.439354 716.819337 714.094395 710.555222 709.711984 703.898025 675.001431 646.891730 614.324538 582.551241 558.896048 540.770388 519.586437 495.729245 449.093870 405.788932 367.899158 336.810938 305.631398 299.833273 322.838628
639.596441 665.144767 680.859623 685.317782 688.214676 691.913816 699.066298 705.559688 714.121963 735.651455 771.735862 808.234955 838.137793 844.208145 836.805432 827.159597 816.825344 807.340297 804.272686 810.687530 820.249202 834.552274 845.694070 855.635173 855.235147 855.665461 855.802013 858.062597 860.056909 861.638687 867.861149 878.475895 888.416316 889.620351 877.516782 860.710892 842.564219 833.143345 825.340327 818.701124 817.783307 817.730307 812.091952 788.401078 753.479389 710.446973 681.440673 658.309130 643.680112 626.762041 603.687130 555.734047 526.686064 491.686602 455.183327 430.123443 464.170292
752.627654 782.644345 802.019559 811.209770 813.049363 816.996692 825.843158 833.829018 845.286016 861.851201 883.590613 911.025515 937.917016 956.919723 955.097515 944.380910 928.800526 924.806646 923.978967 925.358840 930.617698 936.601380 950.508227 964.638785 969.283065 969.978404 967.620330 970.038788 971.433086 971.612915 972.251630 975.827198 981.751580 983.712851 979.210858 964.598317 944.876651 928.438374 918.154984 912.659770 909.494656 909.470268 907.770025 896.304437 868.775783 831.973296 797.366930 773.076737 755.271935 740.705677 729.054012 712.446370 694.770823 665.331371 623.404703 586.935437 580.568374
852.882423 878.569529 902.682545 919.539884 925.132890 933.004329 939.820941 951.162594 966.822055 984.395771 997.318018 1012.913592 1033.542262 1045.996190 1052.273918 1053.282134 1052.779761 1054.518888 1054.379085 1037.428464 1039.098537 1040.645983 1044.900700 1050.523533 1051.966324 1052.046128 1051.351293 1052.479229 1052.979617 1053.346307 1053.144108 1052.482078 1053.661415 1053.928019 1052.879829 1047.604910 1046.172298 1029.272960 1017.152929 1009.488902 1001.802774 993.199405 983.595835 973.708707 957.758686 930.802069 897.182465 867.848567 854.016942 845.855552 838.521777 832.161407 816.657300 795.057488 765.555942 728.234089 692.519065
950.503853 969.651791 994.576566 1012.039380 1022.445278 1031.914257 1038.016321 1050.289977 1062.614983 1060.359008 1062.977411 1065.684565 1068.633511 1070.001128 1070.485839 1070.311947 1067.864292 1067.074813 1064.896535 1059.332726 1049.606954 1050.494599 1051.415490 1053.417843 1056.448562 1054.889365 1055.661055 1058.645999 1057.413207 1052.377221 1049.156928 1047.650599 1047.894748 1054.696422 1057.455376 1057.954390 1057.307499 1056.324195 1055.738300 1054.702743 1053.621023 1052.186336 1050.217363 1050.342990 1040.444159 1017.999730 986.727962 953.143666 936.391997 929.391486 928.758923 924.476160 917.017066 897.223046 869.776231 834.373089 796.809790
1053.983032 1056.161984 1062.461222 1065.890432 1067.854627 1070.711829 1073.613871 1074.540335 1071.301045 1067.524328 1062.582517 1061.126124 1059.802443 1057.423162 1057.865261 1055.518765 1051.027523 1046.631047 1039.256430 1027.686952 1015.520591 1012.581526 1016.628375 1020.894612 1024.451248 1026.994862 1029.984059 1031.397814 1027.104487 1019.919447 1013.418553 1011.615460 1017.864503 1023.210723 1027.909111 1028.434628 1027.221691 1025.579973 1026.226619 1024.559433 1025.901911 1033.088899 1046.716365 1053.791311 1055.500699 1054.973726 1049.974267 1040.968260 1027.922744 1008.124662 1010.218008 1004.872070 992.370900 970.232916 945.841511 916.439334 887.535420
1064.136845 1062.033857 1056.233348 1050.650592 1050.078362 1054.012489 1060.751517 1062.021606 1054.831998 1045.996482 1038.075449 1030.643529 1028.040667 1026.156007 1024.879375 1024.149644 1017.928956 1009.094356 992.348190 979.244635 966.953265 960.148574 958.092733 962.800536 971.525568 979.880776 984.104521 978.233927 971.417179 961.673004 954.135187 954.534618 957.141716 965.796799 978.598791 982.331452 983.255682 979.084930 975.853743 971.206169 970.816133 979.381759 995.929757 1011.739122 1025.347762 1033.693209 1041.390210 1047.972569 1052.946395 1053.592439 1053.844553 1052.947960 1049.967187 1034.727370 1014.244313 990.915243 966.187969
1041.804786 1036.084439 1029.079563 1023.089325 1021.200719 1023.463836 1026.224078 1022.805581 1015.467273 1004.129921 991.510566 980.398701 973.603565 973.437073 974.630984 974.404602 967.244964 951.960676 933.417098 918.839695 904.185131 899.521670 894.433187 890.643641 900.667812 916.394150 921.977561 909.462558 900.297193 887.018242 879.983307 877.420487 879.196933 888.526820 907.270084 925.121532 926.458386 917.867806 909.696624 906.082834 905.117548 913.606947 933.480050 954.141102 969.449182 979.931608 987.224249 996.891570 1007.290887 1019.524933 1032.725085 1043.927916 1053.522030 1056.248967 1054.885034 1050.701180 1036.133940
1009.488384 1000.589503 992.792065 986.130082 981.454499 978.797815 975.951688 969.600633 961.975992 948.101987 934.709280 921.881110 907.806931 903.780657 900.541108 901.497914 889.695198 878.050704 858.257671 842.113951 826.066920 815.900990 809.706514 803.719026 808.666397 823.918564 832.744570 818.955595 808.973266 796.288611 790.257220 787.257809 789.080114 799.129132 821.412282 839.972569 846.824887 839.487531 834.481110 832.753853 832.982120 839.840429 856.161952 877.190818 898.487591 914.854215 925.513587 934.949719 946.447566 961.876680 977.001179 992.354574 1010.169753 1029.965144 1044.628695 1053.941867 1058.513849
967.189809 956.634024 945.579455 934.641367 928.160171 928.559991 921.463495 914.602241 900.437780 855.945121 838.018500 819.821158 804.343389 798.331903 790.638339 783.641700 773.814160 766.176339 757.061053 740.984639 723.438420 707.413308 701.844306 697.195040 689.474102 695.515264 698.934211 700.830547 693.661518 687.499698 684.968183 682.669211 686.226759 699.812258 712.236361 723.219399 729.550529 727.602747 734.402410 741.037390 744.817176 761.166847 775.844941 794.484420 816.660405 840.467476 854.282063 865.017704 877.210173 893.970666 912.005729 930.893499 954.567681 979.961760 997.168656 1009.348165 1022.006930
916.536283 902.031829 889.020145 876.170571 863.280786 863.430158 859.291533 850.937639 812.351564 770.053689 737.996939 719.488882 697.552203 686.170162 675.389064 650.699999 636.521681 629.225700 632.200123 621.355643 603.871317 589.121149 580.748529 574.016348 561.532714 554.065264 558.441103 569.662625 564.728006 562.642219 566.368916 564.649030 561.925697 568.765962 583.507308 592.263612 602.240048 613.265202 618.490322 627.510476 653.399164 668.279130 684.363961 705.470868 728.252402 751.781677 772.460530 786.554423 802.034045 821.846782 839.848709 861.941739 886.801388 916.403136 937.182844 952.948935 966.034965
843.915100 827.435552 810.399106 790.733214 770.034966 767.152462 759.601053 741.897804 697.165411 656.500680 625.743928 603.172006 578.408380 559.734134 533.450591 501.798146 481.279502 484.682919 491.052952 489.821695 474.867674 461.011590 449.877371 435.864123 419.975506 408.784607 417.004284 425.826101 432.796260 436.037453 439.903862 442.070441 441.131194 437.987502 445.342777 454.971943 466.238349 477.582323 491.258371 521.244079 547.436561 566.168581 588.328807 610.206433 634.605504 659.950375 682.505755 699.682787 719.307342 739.719507 761.701956 783.952444 810.294180 840.763639 865.977869 882.686273 898.371007
762.710620 740.515419 715.094053 677.849282 662.629411 653.380885 641.380977 606.595579 563.919317 526.751911 500.545974 474.480005 448.850480 420.680434 388.285184 359.757823 338.923610 344.841149 351.312388 361.062624 348.157700 335.615110 328.160176 312.689397 298.053386 283.620232 291.432785 301.264625 317.715614 321.760020 325.236814 331.893284 330.847060 328.907121 321.781676 331.324232 342.473358 357.076715 385.624247 412.826619 439.556639 463.287199 486.388746 511.630873 538.438883 565.265690 592.722973 614.021586 634.805309 657.807658 679.634213 699.937313 722.983779 750.770541 775.123109 795.905202 817.939609
663.546220 639.391548 604.058436 560.367108 526.752792 511.314507 474.573754 439.690108 400.974006 379.392044 358.254173 333.043212 309.391022 286.273371 258.370226 234.127301 209.726747 213.097260 225.063169 238.483931 231.448477 226.807802 222.975217 211.057576 197.038901 183.332193 186.979208 201.991649 218.806992 225.951514 232.491446 240.063624 240.274007 233.928591 225.972791 232.130607 246.529194 263.483712 286.245940 310.649069 334.898302 357.904927 383.449156 410.397117 438.046492 467.649951 498.060414 521.480657 548.182838 575.300481 597.347786 612.012063 628.794840 655.115643 675.538206 699.023742 723.017559
557.193286 529.829173 488.100825 443.619907 398.546642 358.849290 323.899012 290.597359 269.775408 248.798734 228.881841 209.004512 186.926265 166.222503 146.063269 123.409093 104.261984 109.228118 122.286845 133.958906 136.045297 132.764546 129.423124 121.448246 107.658456 96.711192 104.958328 120.410664 135.534627 145.570632 152.315009 158.576935 155.963568 147.947253 141.784217 150.005323 165.815000 181.401949 199.876622 222.501433 245.385383 268.754892 293.517992 318.775426 346.835420 376.150867 406.177863 435.847323 463.592562 489.791286 504.742550 519.440790 530.898369 550.435128 571.530564 594.681577 620.390795
428.950701 398.820243 362.587921 320.553397 286.663977 252.441559 219.819260 187.968737 161.618167 142.995560 131.936811 116.271395 96.248315 82.012928 64.575899 45.739067 44.532281 47.721489 59.461989 61.252084 61.803940 58.689868 57.441237 52.695725 41.310941 47.481589 55.167958 70.060199 81.033147 90.461432 96.806763 101.042152 100.738744 94.001543 97.164255 104.588452 119.515945 131.825544 147.658750 169.266338 187.691262 208.369876 231.817081 256.323521 282.439999 310.449064 340.842997 368.974426 392.609002 406.204438 420.631544 430.370272 428.841363 446.786039 465.664072 484.800271 511.553086
302.007465 274.299557 246.358587 212.960271 179.300840 148.088743 116.950024 86.588163 61.415507 51.359674 39.787996 27.598314 13.772198 -0.449640 -13.002719 -13.360878 -15.959415 -16.695179 -15.194582 -12.329667 -9.857052 -10.929237 -12.135632 -11.500708 -5.574679 -1.376611 4.159488 14.631695 25.788496 36.173167 40.267459 44.551124 47.623549 51.100797 53.822996 58.393135 70.024770 82.158024 95.856396 113.293792 131.381390 151.035897 174.205459 197.981988 223.604648 251.910388 280.877893 304.024756 316.682309 329.568343 336.326550 334.715580 333.532505 344.654424 360.930008 376.554543 401.977166
