tests/Borden05m/sims/sim_1/output-maps/psiliqL0023N0002.asc
ncols         160
nrows         34
xllcorner     620200.000000
yllcorner     5168000.000000
cellsize      0.500000
NODATA_value  -9999.0
[rows 0 to 24 of 34, columns 55 to 109 of 160]
-9999.0 -9999.0 -9999.0 -9999.0 -9999.0 -9999.0 -9999.0 -9999.0 -9999.0 -9999.0 -9999.0 -9999.0 -9999.0 -9999.0 -9999.0 -9999.0 -9999.0 -9999.0 -9999.0 -9999.0 -9999.0 -9999.0 -9999.0 -9999.0 -9999.0 -9999.0 -9999.0 -9999.0 -9999.0 -9999.0 -9999.0 -9999.0 -9999.0 -9999.0 -9999.0 -9999.0 -9999.0 -9999.0 -9999.0 -9999.0 -9999.0 -9999.0 -9999.0 -9999.0 -9999.0 -9999.0 -9999.0 -9999.0 -9999.0 -9999.0 -9999.0 -9999.0 -9999.0 -9999.0 -9999.0
-9999.0 -9999.0 -9999.0 -9999.0 2799.460438 2794.106492 2789.207923 2784.632560 2794.610736 2785.583882 2777.906795 2774.082603 2773.281919 2772.759779 2772.487521 2777.731053 2786.043983 2793.887469 2800.970908 2781.243658 2783.461886 2785.334768 2785.561145 2784.342295 2781.135965 2801.144260 2797.844527 2796.288969 2788.876337 2777.799383 2769.471764 2766.840354 2771.110963 2775.489021 2777.965869 2783.256489 2793.616569 2804.112143 2788.836406 2801.096968 2807.871257 2813.212158 2815.949777 2812.012190 2808.761741 2804.908034 2799.148557 2788.108472 -9999.0 -9999.0 -9999.0 -9999.0 -9999.0 -9999.0 -9999.0
2762.209219 2780.961351 2783.320079 2786.419479 2793.725585 2788.827705 2785.872961 2784.358988 2780.085706 2771.827185 2766.978446 2761.810850 2759.620308 2759.925882 2760.149079 2764.219922 2775.142637 2783.231183 2788.064844 2791.060118 2793.982353 2792.795368 2792.161095 2791.995710 2789.149481 2785.541974 2782.215744 2780.469970 2781.795633 2774.308377 2768.524231 2764.806103 2762.170842 2764.814359 2767.510147 2771.806999 2780.954524 2788.768664 2796.719515 2786.510142 2799.375522 2805.027978 2802.572299 2797.987027 2794.366579 2787.296278 2798.740031 2788.570253 2780.006287 2773.416299 2767.608192 2760.871675 2766.681816 2773.750793 2782.718059
2746.630582 2766.151804 2787.005791 2789.867346 2779.438328 2771.776970 2765.621825 2766.362652 2769.938930 2766.964591 2762.509846 2755.640047 2765.488171 2766.811813 2767.917266 2771.474890 2774.061366 2779.018824 2781.723215 2787.205952 2796.155214 2798.972756 2799.490574 2799.626261 2797.741127 2794.560943 2792.712786 2790.024760 2784.873821 2783.344022 2783.234808 2782.255349 2786.525742 2787.583989 2790.735360 2785.022236 2789.164909 2795.202742 2801.459634 2807.313541 2786.158618 2789.003873 2785.826193 2786.296060 2802.942774 2789.021054 2778.831099 2770.900801 2770.317147 2766.890039 2758.508007 2744.493188 2751.968753 2767.396358 2771.613485
2752.830821 2762.140533 2773.218641 2776.103582 2771.333581 2773.649002 2775.728322 2777.354972 2775.925825 2772.878989 2769.390806 2780.498138 2788.658015 2790.318884 2793.171310 2797.501135 2799.116782 2788.409607 2786.508008 2794.037093 2803.151558 2808.361765 2808.583089 2808.342906 2805.105795 2804.059535 2803.910778 2802.138574 2802.031942 2803.901440 2802.130815 2805.563642 2811.175689 2782.474468 2808.696612 2800.083986 2801.940361 2810.173974 2787.340687 2794.819600 2805.073016 2816.069256 2816.182194 2811.587788 2803.261271 2790.883794 2796.141938 2777.867360 2766.288667 2757.895394 2750.142330 2751.844051 2746.890915 2759.499959 2760.675724
2743.703629 2763.821175 2783.808675 2790.384821 2784.771181 2781.139969 2779.976735 2781.060937 2780.777290 2782.235247 2792.190835 2804.731728 2785.281747 2787.059206 2788.810932 2787.675023 2813.872987 2803.787654 2801.099692 2814.859390 2796.111401 2803.760123 2803.372404 2799.731113 2803.563114 2803.238878 2803.145821 2799.367744 2800.306259 2798.695174 2805.042847 2812.626507 2820.333752 2818.749226 2806.608652 2794.544669 2794.203971 2799.112206 2805.174347 2812.516316 2822.774750 2832.151792 2827.467885 2822.099899 2814.421979 2788.589546 2797.276642 2782.607233 2781.462457 2781.346260 2776.787382 2773.884526 2771.732087 2766.295132 2765.776753
2784.255584 2804.206105 2793.986036 2807.146220 2800.824680 2793.009951 2783.979779 2784.036999 2784.780792 2790.827186 2801.450993 2814.894580 2836.613356 2836.534582 2837.342089 2836.755339 2824.269661 2811.196799 2800.878975 2821.803181 2832.356395 2839.683531 2837.943211 2843.980486 2852.759675 2848.877034 2842.138419 2830.453394 2836.128915 2843.729149 2858.739237 2866.317342 2871.214026 2867.422580 2854.240099 2847.774039 2848.657507 2854.184932 2854.615506 2862.388502 2871.592820 2886.665499 2885.733280 2881.394032 2861.288005 2824.766508 2795.018163 2818.522690 2791.438977 2785.848330 2812.923100 2811.238221 2798.707981 2789.970811 2791.917367
2789.076368 2802.958300 2819.102367 2835.624033 2827.403630 2816.900361 2800.942858 2798.178216 2802.827536 2812.624898 2830.076986 2848.752840 2869.160039 2869.739673 2865.167980 2874.522552 2867.597587 2857.047254 2849.291719 2868.141597 2878.528801 2888.880257 2895.371771 2907.863155 2918.412257 2903.473883 2887.585064 2878.372857 2884.881834 2908.941952 2929.996581 2934.790865 2934.342897 2934.559238 2920.804104 2915.616603 2911.514903 2910.644836 2907.372321 2905.098625 2928.819655 2949.283567 2948.953139 2927.380482 2904.791832 2866.570743 2829.395037 2803.921928 2814.049141 2811.309853 2814.159794 2803.393782 2791.274411 2782.523671 2813.537049
2842.688240 2865.439739 2882.317467 2903.464759 2896.362662 2874.558588 2860.214412 2862.999260 2875.961150 2883.436002 2900.753439 2919.061541 2945.788081 2959.654501 2972.375483 2974.489925 2968.721869 2960.023955 2947.716176 2951.178214 2973.295616 2983.055664 2991.759548 3000.556356 3013.011538 3014.502005 3008.561634 3006.992604 3011.012599 3022.892500 3035.958076 3042.616382 3046.173085 3049.455011 3038.522271 3026.339060 3023.374877 3017.253348 3014.851214 3013.801326 3023.335081 3041.830400 3039.161870 3005.513059 2979.157071 2947.013065 2909.572420 2880.386917 2872.199070 2888.692917 2885.066741 2868.984779 2857.008678 2829.614981 2822.553828
2914.602832 2947.507427 2972.036462 2981.198943 2989.518969 2976.709895 2975.136155 2978.903854 2986.654575 2989.850298 2996.232972 3028.187799 3061.749673 3087.300137 3110.025440 3117.269687 3105.320790 3095.483343 3082.288595 3073.296450 3082.641679 3099.077162 3116.355789 3131.312192 3142.518763 3144.911609 3143.401986 3143.487855 3146.298918 3149.246833 3153.204374 3161.081577 3168.583530 3177.465911 3186.146497 3176.811179 3160.029027 3150.171254 3140.218233 3138.612504 3139.508600 3142.282960 3143.320663 3128.957279 3089.811303 3059.433376 3027.925125 3006.859746 2992.510036 2989.830235 2973.624931 2950.358381 2900.978894 2863.812225 2832.465240
3000.690933 3043.265625 3072.228936 3090.373661 3103.194853 3101.154419 3102.799298 3103.879465 3107.786587 3110.495011 3113.908151 3139.445631 3179.688658 3218.201519 3248.807090 3249.364332 3236.458584 3225.266091 3215.838003 3202.233756 3198.375115 3209.895785 3224.310707 3243.616491 3254.196762 3261.005322 3258.248478 3258.499397 3259.992500 3262.245675 3264.292344 3267.548912 3276.613703 3290.975771 3304.777192 3304.337699 3286.638759 3268.971460 3252.781359 3249.431619 3246.368952 3241.414760 3243.466054 3245.302005 3231.510713 3201.915369 3163.450456 3123.155912 3104.892792 3089.010664 3078.192557 3062.044412 3025.419088 2964.766718 2928.022496
3114.838384 3147.049530 3175.657378 3205.551776 3220.872637 3223.977742 3221.806366 3221.061647 3227.931887 3231.194130 3237.570124 3253.918210 3284.117609 3318.003769 3346.873335 3362.489220 3355.427494 3338.526182 3317.314220 3308.405059 3305.798898 3309.065100 3317.962634 3329.827986 3348.491859 3367.157147 3372.833664 3373.681994 3371.048951 3373.388960 3374.854553 3374.952427 3377.498768 3385.260321 3394.582985 3397.802854 3390.633255 3370.630199 3347.895348 3336.039482 3329.214278 3325.683914 3326.201312 3330.713998 3333.374435 3319.388719 3285.429566 3242.670998 3212.465462 3196.358176 3183.345339 3169.860298 3158.148296 3128.541813 3108.712497
3222.342234 3236.987816 3264.345872 3292.417985 3315.104534 3329.930004 3330.853000 3334.226879 3338.861429 3346.522203 3361.533375 3383.887673 3401.858745 3423.284608 3448.762320 3464.249326 3469.532517 3468.210232 3464.658643 3465.958194 3466.273803 3409.881769 3415.569035 3421.229043 3436.581741 3450.680146 3455.733173 3456.305892 3454.020862 3455.717443 3456.404768 3456.341277 3455.974312 3457.885720 3462.445309 3464.187969 3462.033605 3450.482286 3466.077587 3446.653763 3433.524410 3425.497269 3417.412694 3409.188029 3399.842455 3390.138442 3370.991283 3341.140847 3307.338515 3285.144231 3276.875066 3270.981140 3263.160139 3257.826815 3241.528753
3320.175634 3330.702301 3348.232831 3370.279491 3402.830799 3425.286353 3436.385109 3445.440002 3450.040633 3463.576304 3479.537468 3465.396416 3472.881651 3480.627489 3488.323791 3490.966768 3491.723512 3491.374331 3489.018369 3488.320348 3486.040587 3482.377356 3472.107257 3473.695408 3475.563671 3478.158988 3481.848667 3480.705739 3481.780459 3484.723398 3483.012411 3477.080597 3473.099715 3471.528264 3472.429946 3479.796204 3483.214464 3484.140571 3481.186286 3480.300938 3479.403442 3476.339457 3472.514132 3467.121553 3460.223378 3473.065331 3461.455316 3434.442175 3395.737364 3355.979077 3347.464731 3348.397990 3348.585552 3347.022443 3341.571711
3441.029861 3454.256765 3468.593431 3449.667655 3469.795383 3480.095969 3484.912342 3488.735541 3491.443210 3494.207573 3491.162033 3488.089715 3483.259770 3481.762659 3480.434786 3478.019888 3478.659832 3476.776100 3472.760895 3468.837305 3461.175423 3449.798307 3438.626807 3435.257313 3439.610174 3445.118793 3450.119709 3454.342819 3457.988321 3458.183848 3452.860191 3444.566156 3437.129981 3435.434673 3442.223376 3447.919053 3454.206476 3455.043123 3453.657520 3451.258731 3451.095851 3447.975845 3448.235071 3455.181229 3469.622571 3472.859535 3478.176884 3477.419644 3462.421134 3435.261991 3443.588955 3423.881399 3429.557271 3425.088800 3413.901188
3482.734586 3485.231062 3483.762006 3482.549656 3476.271094 3470.292578 3469.544194 3473.543254 3480.552625 3481.671690 3474.682101 3466.221973 3459.110161 3451.866385 3449.608358 3448.962241 3448.673084 3449.134488 3443.890584 3434.905415 3418.279401 3406.776211 3395.741138 3389.822489 3386.383346 3390.102528 3401.072709 3412.767462 3417.724105 3408.904448 3400.656199 3389.089629 3381.057496 3381.473629 3382.712909 3392.092977 3408.372633 3415.363205 3416.116639 3409.878973 3403.726353 3397.190530 3394.277722 3400.712286 3415.845424 3432.234607 3447.406276 3456.311130 3463.906311 3470.863501 3470.169298 3472.638977 3473.997921 3472.079278 3474.384381
3476.869985 3469.998770 3463.141459 3457.944205 3451.535771 3446.231000 3444.472198 3446.490028 3448.643600 3444.751379 3438.411106 3428.506418 3417.640770 3408.070783 3400.810710 3401.856166 3404.229306 3405.821042 3398.786597 3383.732929 3366.167843 3352.831822 3339.082729 3335.213324 3329.562575 3322.554021 3332.737110 3351.962084 3359.124200 3343.545359 3332.887884 3317.928968 3311.248362 3307.420168 3308.313710 3317.272381 3339.216032 3362.393047 3364.280773 3353.523216 3342.845838 3338.049463 3334.864233 3339.669748 3356.434849 3376.879983 3392.562156 3402.703803 3407.984228 3415.725751 3425.042980 3438.864897 3453.293279 3465.319899 3470.601591
3452.151769 3444.463839 3436.891034 3429.387865 3422.593989 3416.523044 3412.354693 3410.470379 3406.876770 3400.944826 3394.089348 3374.729155 3362.577068 3350.069962 3335.612848 3332.000155 3327.707834 3329.047118 3317.798199 3309.611608 3292.999664 3277.835400 3262.402139 3249.699389 3244.061665 3237.593347 3236.928129 3250.708134 3259.228063 3249.146628 3239.406836 3228.450851 3223.687749 3220.343764 3222.699154 3233.050844 3252.920727 3271.181447 3279.246026 3271.722370 3269.667903 3269.144862 3267.481795 3273.473446 3284.622398 3302.586521 3324.418732 3342.597163 3352.166841 3358.994453 3368.174794 3382.409712 3396.306341 3410.398056 3428.045854
3421.955005 3412.821094 3403.093671 3393.611411 3383.352747 3373.027918 3366.800151 3369.399719 3363.512142 3358.007717 3336.843120 3283.649864 3263.441905 3245.060088 3229.360260 3223.134706 3215.193763 3200.698943 3192.228441 3187.632578 3188.545896 3174.576406 3157.388006 3140.162860 3135.372015 3131.847186 3115.947635 3112.883611 3113.862066 3128.177790 3121.961139 3120.008168 3121.274728 3118.859683 3120.406784 3133.212715 3141.470567 3147.533991 3154.038803 3157.674781 3167.382595 3174.810608 3183.722860 3200.264928 3211.158842 3226.420472 3246.485978 3271.350050 3286.075809 3295.253832 3305.423837 3320.445672 3336.383648 3353.765191 3375.847527
3387.835151 3371.967639 3357.809562 3343.860736 3331.494016 3319.035684 3304.025636 3306.048554 3304.027694 3294.439813 3242.278270 3201.808138 3168.802364 3151.991148 3129.160780 3116.466637 3101.395222 3065.366546 3048.856133 3047.919101 3061.567737 3057.447420 3042.209230 3030.276730 3021.302070 3012.548041 2995.738364 2978.602024 2984.521213 3002.061342 3002.248703 3004.872932 3012.166217 3011.442039 3005.168726 3003.557966 3015.749148 3021.391047 3032.100241 3048.499616 3052.970807 3067.880595 3099.958500 3112.408370 3126.902210 3144.955683 3164.985676 3186.535079 3208.177263 3221.599531 3236.203213 3254.222555 3270.470849 3290.409659 3312.695271
3338.356779 3308.266337 3287.860680 3271.071171 3252.718907 3227.289969 3207.734897 3205.957972 3200.180300 3173.231139 3122.628837 3087.058474 3063.452266 3042.353062 3019.943793 2997.677339 2964.350376 2930.771995 2909.760300 2924.426329 2935.447255 2945.834491 2934.428200 2923.722877 2914.364896 2897.221756 2880.835459 2865.272741 2876.002925 2884.647774 2902.116547 2908.502099 2912.352051 2917.701789 2916.199555 2906.180673 2902.298378 2910.157553 2919.717765 2931.057161 2950.947269 2983.337731 3007.327387 3024.665138 3044.369046 3062.472637 3083.233121 3105.515281 3127.311684 3143.429210 3161.054709 3178.936620 3199.146111 3217.932344 3240.497447
3261.106076 3233.548725 3207.821883 3185.456853 3155.341417 3110.973826 3097.270469 3089.104424 3069.344201 3024.439272 2983.661179 2963.626379 2950.036642 2927.570335 2907.131787 2879.523875 2846.932534 2825.448754 2805.673750 2816.100550 2826.428710 2845.721835 2836.980687 2829.987722 2826.924015 2811.986026 2798.885844 2782.905137 2789.455238 2801.331967 2823.926981 2829.638508 2833.628309 2842.608333 2841.700138 2837.178900 2820.559199 2827.209489 2837.516091 2851.387354 2881.305578 2903.431115 2925.301198 2946.121552 2964.733093 2984.010645 3005.479241 3027.634394 3052.842282 3071.390255 3089.450437 3110.061460 3128.573722 3142.793083 3159.040651
3155.762158 3132.303823 3113.149191 3089.915044 3049.075258 3006.373158 2969.417052 2945.248203 2896.130921 2862.680236 2841.484917 2839.377802 2827.510550 2808.542920 2790.599976 2815.477820 2792.936550 2773.353210 2748.080062 2752.856652 2767.817955 2784.083018 2784.172782 2784.287221 2782.403716 2772.718102 2759.125841 2745.413334 2749.049486 2765.846179 2783.675258 2793.444672 2801.111325 2808.945672 2808.855024 2799.799763 2790.127215 2795.153980 2810.439811 2789.983677 2807.109208 2827.101463 2846.983702 2866.373234 2887.790178 2909.375716 2931.242686 2955.002107 2979.245544 2999.134025 3021.546207 3044.732408 3060.609841 3068.868442 3076.619009
3055.667351 3036.926449 3014.671731 2988.468250 2949.598187 2910.947090 2871.293810 2826.661344 2795.141292 2812.707903 2803.984681 2787.759605 2773.484045 2758.208485 2737.785827 2722.069095 2706.946052 2685.554159 2674.411100 2681.205691 2694.330201 2702.592066 2708.700164 2706.361197 2703.861997 2697.951720 2684.014484 2679.088706 2688.868299 2704.023058 2717.822912 2729.228766 2736.139616 2741.419244 2738.480887 2729.500724 2726.278565 2734.478751 2749.816871 2762.440435 2777.256748 2797.705208 2786.190138 2806.389827 2827.441576 2848.155384 2871.230618 2895.008998 2919.561509 2945.058142 2966.210618 2982.721330 2990.487014 2998.899338 2998.419750
2936.969607 2925.849745 2901.359835 2874.501068 2846.233760 2814.012015 2790.605244 2800.914791 2770.942601 2742.704912 2716.923033 2703.877021 2697.060065 2683.850824 2666.722707 2655.556067 2640.049052 2629.184347 2634.478373 2635.779443 2644.018796 2642.360554 2643.168962 2640.620776 2639.928375 2637.458202 2630.812856 2642.078083 2648.728282 2662.212339 2672.269384 2681.920708 2687.745027 2691.363585 2692.352531 2687.896277 2693.465694 2699.591298 2713.186739 2724.081165 2737.460125 2757.031815 2772.801013 2791.187049 2785.903989 2807.197843 2829.345914 2853.322171 2879.561870 2902.531355 2918.958883 2924.571442 2932.496332 2933.133825 2921.435818
