tests/Borden05m/sims/sim_1/output-maps/psiliqL0020N0009.asc
ncols         160
nrows         34
xllcorner     620200.000000
yllcorner     5168000.000000
cellsize      0.500000
NODATA_value  -9999.0
[rows 0 to 24 of 34, columns 0 to 54 of 160]
-9999.0 -9999.0 -9999.0 -9999.0 -9999.0 -9999.0 -9999.0 -9999.0 -9999.0 -9999.0 -9999.0 -9999.0 -9999.0 -9999.0 -9999.0 -9999.0 -9999.0 -9999.0 -9999.0 -9999.0 -9999.0 -9999.0 -9999.0 -9999.0 -9999.0 -9999.0 -9999.0 -9999.0 -9999.0 -9999.0 -9999.0 -9999.0 -9999.0 -9999.0 -9999.0 -9999.0 -9999.0 -9999.0 -9999.0 -9999.0 -9999.0 -9999.0 -9999.0 -9999.0 -9999.0 -9999.0 -9999.0 -9999.0 -9999.0 -9999.0 -9999.0 -9999.0 -9999.0 -9999.0 -9999.0
-9999.0 -9999.0 -9999.0 -9999.0 -9999.0 -9999.0 -9999.0 -9999.0 -9999.0 -9999.0 -9999.0 -9999.0 -9999.0 -9999.0 -9999.0 -9999.0 -9999.0 -9999.0 -9999.0 -9999.0 -9999.0 -9999.0 -9999.0 -9999.0 -9999.0 -9999.0 -9999.0 -9999.0 -9999.0 -9999.0 -9999.0 -9999.0 -9999.0 -9999.0 -9999.0 -9999.0 -9999.0 -9999.0 -9999.0 -9999.0 -9999.0 -9999.0 -9999.0 -9999.0 -9999.0 -9999.0 -9999.0 -9999.0 -9999.0 -9999.0 -9999.0 -9999.0 -9999.0 -9999.0 -9999.0
-9999.0 -9999.0 -9999.0 -9999.0 -9999.0 -9999.0 -9999.0 -9999.0 -9999.0 -9999.0 -9999.0 -9999.0 -9999.0 -9999.0 -9999.0 -9999.0 -9999.0 -9999.0 -9999.0 -9999.0 -9999.0 -9999.0 -9999.0 -9999.0 -9999.0 -9999.0 -9999.0 -9999.0 -9999.0 -9999.0 -9999.0 -9999.0 -9999.0 -9999.0 -9999.0 -9999.0 -9999.0 -9999.0 -9999.0 -9999.0 -9999.0 -9999.0 -9999.0 -9999.0 -9999.0 -9999.0 -9999.0 2110.196664 2093.248477 2079.275529 2076.210144 2098.517377 2122.373987 2146.833408 2168.016788
-9999.0 -9999.0 -9999.0 -9999.0 -9999.0 -9999.0 -9999.0 -9999.0 -9999.0 -9999.0 -9999.0 -9999.0 -9999.0 -9999.0 -9999.0 -9999.0 -9999.0 -9999.0 -9999.0 -9999.0 -9999.0 -9999.0 -9999.0 -9999.0 -9999.0 -9999.0 -9999.0 -9999.0 -9999.0 -9999.0 -9999.0 -9999.0 -9999.0 -9999.0 -9999.0 -9999.0 -9999.0 -9999.0 -9999.0 -9999.0 2157.606556 2163.812845 2164.673359 2155.074866 2144.349612 2131.815698 2111.847531 2094.501674 2080.995328 2079.329216 2082.477321 2086.870920 2109.049581 2134.807136 2155.281040
-9999.0 -9999.0 -9999.0 -9999.0 -9999.0 -9999.0 -9999.0 -9999.0 -9999.0 -9999.0 -9999.0 -9999.0 -9999.0 -9999.0 -9999.0 -9999.0 -9999.0 -9999.0 -9999.0 -9999.0 -9999.0 -9999.0 -9999.0 -9999.0 -9999.0 -9999.0 -9999.0 -9999.0 -9999.0 -9999.0 -9999.0 -9999.0 -9999.0 -9999.0 2063.041247 2080.556289 2099.098971 2118.220530 2135.712409 2143.169301 2149.255397 2155.208702 2151.348954 2147.429619 2136.499507 2116.900060 2098.033400 2085.261251 2084.329777 2082.524819 2087.091196 2099.920148 2117.334522 2133.587344 2154.990860
-9999.0 -9999.0 -9999.0 -9999.0 -9999.0 -9999.0 -9999.0 -9999.0 -9999.0 -9999.0 -9999.0 -9999.0 -9999.0 -9999.0 -9999.0 -9999.0 -9999.0 -9999.0 -9999.0 -9999.0 -9999.0 -9999.0 -9999.0 -9999.0 -9999.0 -9999.0 -9999.0 -9999.0 2065.179258 2059.653873 2055.347330 2054.520833 2053.866313 2053.501890 2060.675316 2072.762382 2090.894793 2113.513195 2127.382763 2135.314866 2142.708640 2143.879540 2139.062647 2137.934276 2139.061905 2127.461403 2116.115070 2105.526996 2095.284526 2093.589868 2103.537039 2118.495926 2135.483129 2150.954164 2167.014029
-9999.0 -9999.0 -9999.0 -9999.0 -9999.0 -9999.0 -9999.0 -9999.0 -9999.0 -9999.0 -9999.0 -9999.0 -9999.0 -9999.0 -9999.0 -9999.0 -9999.0 -9999.0 -9999.0 -9999.0 -9999.0 -9999.0 -9999.0 2033.261213 2038.914520 2045.969296 2054.159553 2055.708693 2052.523665 2047.640874 2045.519810 2044.853991 2043.644780 2048.938014 2057.141448 2071.108918 2087.400713 2110.317047 2119.547310 2125.463997 2138.012436 2142.090431 2149.776452 2154.573779 2153.557610 2150.791669 2137.731358 2127.947709 2132.180302 2137.809712 2145.419458 2154.374205 2168.581665 2183.833156 2200.798841
-9999.0 -9999.0 -9999.0 -9999.0 -9999.0 -9999.0 -9999.0 -9999.0 -9999.0 -9999.0 -9999.0 -9999.0 -9999.0 -9999.0 -9999.0 -9999.0 -9999.0 -9999.0 -9999.0 2007.394067 2008.700206 2010.511897 2015.762197 2016.702770 2019.155086 2026.654427 2035.428352 2038.804069 2037.536384 2037.126613 2039.384427 2042.908828 2048.258936 2059.988363 2074.431110 2089.328441 2103.486786 2125.115508 2140.539084 2154.313212 2170.792062 2171.636594 2168.770975 2167.936900 2168.977982 2169.012675 2170.907653 2172.486759 2179.476990 2182.865616 2188.524012 2198.551611 2211.089145 2229.232239 2248.690104
-9999.0 -9999.0 -9999.0 -9999.0 -9999.0 -9999.0 -9999.0 -9999.0 -9999.0 -9999.0 -9999.0 -9999.0 -9999.0 -9999.0 -9999.0 -9999.0 1977.853713 1979.987364 1982.714482 1988.525125 1992.314898 1996.839320 2004.379802 2006.350980 2010.610145 2018.459429 2023.909553 2033.784840 2042.836285 2050.877194 2057.654968 2061.096852 2068.953834 2079.251571 2091.765854 2107.164473 2128.761104 2152.942163 2169.769432 2187.437772 2205.546225 2207.126492 2206.721294 2208.376958 2208.761456 2213.384521 2230.056567 2235.296156 2233.985129 2247.758389 2261.431478 2266.307864 2274.873094 2295.312635 2319.101864
-9999.0 -9999.0 -9999.0 -9999.0 -9999.0 -9999.0 -9999.0 -9999.0 -9999.0 -9999.0 -9999.0 -9999.0 -9999.0 1928.840841 1933.285900 1943.710385 1954.586241 1957.912000 1963.119978 1970.097644 1982.891152 1987.199458 1994.012231 2002.153350 2015.268763 2024.764130 2034.615283 2047.274445 2056.359225 2064.337868 2071.957267 2077.152169 2090.462413 2106.046832 2122.082094 2142.706879 2165.592091 2186.023227 2206.318254 2223.467737 2237.238094 2238.024848 2238.261702 2241.629512 2248.941694 2265.347295 2284.061878 2289.715762 2304.406114 2326.962457 2339.695677 2350.182389 2358.735925 2373.434045 2395.675683
-9999.0 -9999.0 -9999.0 -9999.0 -9999.0 -9999.0 -9999.0 -9999.0 -9999.0 -9999.0 1897.309334 1899.646921 1896.688937 1895.835694 1901.911418 1914.817746 1929.641277 1936.406613 1948.932374 1970.824376 1989.841802 1993.953426 2008.809963 2020.034863 2027.776537 2038.906392 2052.833482 2066.183147 2083.191853 2096.184764 2107.358879 2126.289661 2143.401332 2160.799483 2179.389880 2200.806684 2219.916767 2247.244350 2274.762930 2286.983769 2307.919792 2316.177930 2314.086768 2314.628513 2325.041114 2340.003369 2359.216039 2379.746003 2400.547096 2425.066793 2439.946339 2454.454889 2465.491168 2478.094219 2494.939043
-9999.0 -9999.0 -9999.0 -9999.0 -9999.0 -9999.0 -9999.0 -9999.0 1871.601121 1879.774838 1886.163912 1883.697625 1879.949227 1875.860153 1890.861450 1907.329858 1924.117316 1942.939694 1959.588237 1978.699333 1994.242521 2010.742460 2031.839549 2044.221027 2056.490081 2072.773931 2087.232875 2104.334520 2126.270579 2137.768322 2152.960708 2174.560395 2192.984993 2211.743893 2231.572767 2250.394314 2275.651595 2309.033013 2341.060937 2362.158959 2390.435544 2411.857637 2410.356790 2412.451434 2416.913383 2442.622204 2471.545125 2502.349951 2526.579617 2553.309610 2583.013960 2601.714545 2612.824319 2626.076808 2642.101040
-9999.0 -9999.0 -9999.0 -9999.0 -9999.0 -9999.0 1842.551019 1867.319971 1883.103037 1875.560751 1864.399556 1860.885020 1856.747202 1884.702042 1907.878748 1926.210644 1944.064119 1962.690845 1980.136143 1992.078871 2025.091088 2044.914337 2059.412264 2076.558718 2092.458947 2108.368261 2126.611185 2150.325868 2171.397932 2198.733174 2221.396810 2243.352676 2270.233943 2290.506015 2310.149490 2327.998385 2359.202974 2396.648145 2433.846855 2462.175371 2489.615975 2523.236160 2529.062929 2534.853173 2541.124548 2564.751544 2598.373286 2628.850915 2662.987863 2695.616125 2724.255042 2738.673385 2750.029172 2762.109848 2776.496953
-9999.0 -9999.0 -9999.0 -9999.0 1808.508796 1829.742449 1849.720403 1880.765586 1903.849633 1899.787979 1906.395009 1906.632183 1904.756264 1910.391313 1919.222770 1938.187135 1958.320603 1978.793800 1996.318443 2029.074619 2075.905304 2090.858612 2113.349632 2145.671784 2159.754993 2176.100607 2193.657321 2217.086685 2241.607254 2274.058339 2314.959054 2350.026196 2375.499867 2398.377803 2420.469413 2442.002488 2478.286190 2518.175817 2556.405063 2590.958789 2620.549039 2648.386890 2660.316516 2668.764404 2681.484890 2699.663888 2722.960493 2753.539151 2787.376630 2820.630655 2845.815261 2857.188213 2865.000223 2876.389385 2886.736257
-9999.0 -9999.0 -9999.0 1756.456512 1795.656993 1834.828092 1861.876228 1893.296315 1926.521044 1930.130611 1940.258327 1944.231321 1947.838248 1956.480348 1964.136828 1982.512154 2001.152092 2020.470145 2043.978554 2080.939338 2114.902151 2140.825705 2172.521252 2196.130995 2215.179175 2231.566833 2251.885443 2275.933300 2316.254618 2352.066106 2401.758507 2455.222927 2491.575581 2516.615034 2541.237893 2570.669506 2597.592616 2636.447879 2672.811590 2707.298636 2742.233272 2768.085929 2786.784592 2794.919357 2806.153082 2814.999598 2830.779639 2852.078469 2875.252329 2905.982238 2935.562337 2826.944463 2837.275174 2847.257082 2863.252927
-9999.0 -9999.0 1708.386630 1747.249490 1780.470328 1829.668204 1883.485703 1919.251519 1960.691936 1983.712755 1990.478904 2006.321534 2021.761332 2028.099670 2042.501784 2059.561398 2081.192413 2090.962871 2111.402767 2137.024272 2182.781743 2224.679575 2236.244873 2283.701085 2317.712418 2349.653150 2370.958185 2399.663204 2438.151346 2478.080630 2527.173708 2578.726068 2616.572057 2648.300090 2666.834586 2688.788715 2712.452431 2741.714109 2779.167632 2808.392904 2841.493446 2869.038191 2891.625183 2897.535830 2903.148192 2920.460137 2947.555322 2837.956966 2860.090132 2885.576071 2880.420055 2893.378500 2900.825411 2905.115192 2911.666565
-9999.0 -9999.0 1679.991133 1725.951371 1764.057213 1827.306912 1911.176226 1948.269169 1991.409405 2038.979500 2057.468577 2082.693646 2088.704305 2091.260024 2114.406326 2135.487197 2153.891057 2163.422739 2162.955333 2218.992744 2276.877720 2317.445785 2347.934053 2421.165685 2471.909259 2494.593754 2512.554699 2535.649633 2560.205742 2602.678501 2647.737934 2702.724882 2748.948510 2780.270504 2797.815397 2819.033852 2841.098258 2860.102263 2881.444095 2925.440749 2825.328933 2849.113531 2877.534644 2897.722423 2905.613047 2909.589366 2892.252760 2902.410562 2911.841729 2916.113378 2917.855957 2914.449110 2913.984916 2914.851092 2915.896056
-9999.0 1588.726215 1641.253157 1693.550157 1760.922885 1826.288559 1906.772908 1985.908548 2049.044894 2100.778638 2130.618096 2136.783388 2159.302733 2196.507660 2222.201492 2247.025404 2254.091883 2264.352947 2253.265716 2306.528822 2352.606992 2417.283315 2524.406333 2583.572493 2639.064976 2641.593873 2637.042800 2648.861137 2671.075749 2716.269897 2791.953327 2845.356215 2905.834013 2830.571160 2842.474697 2848.813815 2866.079094 2885.583995 2854.933945 2886.307055 2897.203901 2909.168738 2914.705589 2916.669039 2917.897442 2918.047278 2914.854718 2908.406049 2900.724703 2895.281223 2891.356991 2887.000830 2889.523440 2892.875231 2893.422466
-9999.0 1551.897312 1610.593295 1681.052648 1751.072021 1810.201748 1905.240119 2060.674535 2120.620156 2160.813561 2178.584318 2182.675589 2254.027890 2320.399470 2353.479341 2401.461403 2395.079721 2386.082003 2365.316645 2397.426534 2444.133120 2518.887854 2675.536731 2764.954373 2807.202410 2820.434489 2828.014034 2857.976864 2899.740183 2827.001550 2861.561143 2846.542188 2882.679144 2897.308560 2901.427364 2902.495043 2906.851289 2906.308586 2904.735469 2900.972131 2896.349528 2896.813443 2901.335855 2901.403090 2898.808396 2895.866399 2890.508262 2883.261011 2878.136581 2873.656620 2871.056002 2868.204779 2866.480378 2866.163923 2861.628898
-9999.0 1517.176401 1590.331733 1651.847011 1708.673289 1813.190883 1942.492984 2083.824219 2180.685169 2219.555663 2224.970099 2281.915817 2386.521033 2491.151099 2547.057577 2574.570360 2570.849023 2541.581821 2537.900899 2584.840719 2654.271672 2761.673682 2876.505706 2864.897462 2875.879805 2879.274992 2846.430135 2865.485405 2883.117005 2882.771695 2884.129372 2889.810033 2895.205219 2898.334056 2897.316372 2894.864585 2890.527830 2882.866716 2878.361418 2875.158949 2871.783688 2871.167761 2873.613234 2875.229555 2872.725281 2869.044197 2864.713921 2859.321694 2857.233042 2850.691553 2846.621740 2842.523937 2840.372246 2835.165571 2831.229282
-9999.0 1406.283028 1498.721949 1547.309930 1643.555862 1825.623067 1954.957120 2102.300957 2259.687378 2293.232690 2357.882324 2490.429375 2605.557527 2688.176544 2727.994380 2770.238660 2801.589294 2825.781175 2865.131646 2791.447670 2861.436974 2844.163518 2871.780846 2883.877610 2889.309688 2890.370515 2881.980079 2862.579259 2852.580615 2846.332716 2848.403426 2855.996447 2861.350733 2866.726438 2864.816344 2865.849277 2866.602676 2863.540885 2863.568340 2855.363660 2847.822599 2841.750387 2839.332462 2844.356426 2839.719265 2837.093682 2831.234222 2827.218715 2956.257133 2948.257606 2939.802293 2932.398706 2928.950433 2922.550187 2919.850959
-9999.0 1325.474849 1400.509315 1476.102581 1601.849572 1766.935816 1881.882839 2046.523051 2272.318657 2400.673848 2546.971672 2631.586865 2709.320065 2766.462592 2826.690524 2811.336075 2833.939985 2845.890467 2825.329102 2843.282712 2900.228003 2894.311683 2811.210516 2835.683433 2850.763936 2855.093589 2847.457207 2838.095423 2831.366631 2830.645081 2829.218299 2826.678174 2823.959298 2821.270808 2818.325033 2820.907717 2825.965969 2823.231724 2942.825380 2934.461339 2927.023344 2918.744126 2913.374622 2909.540953 2909.161898 2909.012461 2901.227487 2890.695562 2881.137001 2872.529423 2864.356297 2858.374535 2854.634598 2848.279602 2837.706679
-9999.0 1216.636498 1343.724080 1429.702470 1539.047768 1673.085336 1790.213615 1949.994330 2092.111809 2326.008719 2479.693409 2629.958335 2681.528784 2750.159672 2807.319766 2814.329214 2814.097909 2864.764841 2830.795329 2819.373011 2831.685888 2844.267220 2857.656914 2877.555706 2897.793569 2910.123709 2915.801543 2910.868929 2898.457757 2888.680207 2880.613719 2869.572932 2861.926370 2860.616144 2863.473771 2872.488908 2874.422557 2866.106861 2854.814883 2838.168321 2823.760357 2812.905376 2810.634392 2812.697229 2813.094502 2808.973136 2802.219972 2791.094102 2778.165650 2765.415837 2757.965294 2752.021337 2743.647292 2731.431548 2716.381268
-9999.0 -9999.0 1263.556943 1373.693379 1475.340201 1593.320539 1697.333478 1830.118135 1977.589617 2156.580925 2276.764722 2433.636360 2521.207910 2570.432078 2616.242141 2676.465414 2703.042918 2733.521671 2726.559292 2738.199457 2749.787499 2758.519270 2768.840102 2780.259349 2794.599582 2806.631547 2817.346188 2816.368454 2808.535493 2790.542728 2768.137173 2750.795490 2741.411150 2733.572978 2744.404949 2756.519402 2752.651197 2746.333617 2734.526531 2717.285754 2704.620163 2690.835079 2687.240376 2687.200246 2687.208622 2684.099157 2679.856475 2666.272007 2652.848358 2641.062119 2635.261950 2628.284543 2622.644885 2611.354608 2599.886434
-9999.0 -9999.0 1177.329730 1284.147410 1393.219951 1514.430866 1607.929437 1655.232025 1801.468379 1913.633862 2021.890467 2128.963574 2221.004644 2290.120737 2331.764639 2396.074987 2447.428406 2467.956500 2501.813944 2546.487431 2579.220514 2615.157722 2638.297434 2652.120150 2667.639258 2683.341317 2692.912850 2680.750693 2670.532463 2654.237634 2632.114433 2607.426448 2594.732848 2592.642693 2593.269252 2596.623238 2590.149615 2581.244576 2567.524091 2554.072091 2541.977127 2532.018384 2528.128827 2523.452850 2521.257739 2517.892960 2514.590383 2506.104868 2495.455611 2488.440978 2479.238193 2473.345014 2470.330490 2464.423773 2456.047435
