tests/Borden05m/sims/sim_1/output-maps/psiliqL0015N0017.asc
ncols         160
nrows         34
xllcorner     620200.000000
yllcorner     5168000.000000
cellsize      0.500000
NODATA_value  -9999.0
[rows 0 to 24 of 34, columns 0 to 55 of 160]
-9999.0 -9999.0 -9999.0 -9999.0 -9999.0 -9999.0 -9999.0 -9999.0 -9999.0 -9999.0 -9999.0 -9999.0 -9999.0 -9999.0 -9999.0 -9999.0 -9999.0 -9999.0 -9999.0 -9999.0 -9999.0 -9999.0 -9999.0 -9999.0 -9999.0 -9999.0 -9999.0 -9999.0 -9999.0 -9999.0 -9999.0 -9999.0 -9999.0 -9999.0 -9999.0 -9999.0 -9999.0 -9999.0 -9999.0 -9999.0 -9999.0 -9999.0 -9999.0 -9999.0 -9999.0 -9999.0 -9999.0 -9999.0 -9999.0 -9999.0 -9999.0 -9999.0 -9999.0 -9999.0 -9999.0 -9999.0
-9999.0 -9999.0 -9999.0 -9999.0 -9999.0 -9999.0 -9999.0 -9999.0 -9999.0 -9999.0 -9999.0 -9999.0 -9999.0 -9999.0 -9999.0 -9999.0 -9999.0 -9999.0 -9999.0 -9999.0 -9999.0 -9999.0 -9999.0 -9999.0 -9999.0 -9999.0 -9999.0 -9999.0 -9999.0 -9999.0 -9999.0 -9999.0 -9999.0 -9999.0 -9999.0 -9999.0 -9999.0 -9999.0 -9999.0 -9999.0 -9999.0 -9999.0 -9999.0 -9999.0 -9999.0 -9999.0 -9999.0 -9999.0 -9999.0 -9999.0 -9999.0 -9999.0 -9999.0 -9999.0 -9999.0 -9999.0
-9999.0 -9999.0 -9999.0 -9999.0 -9999.0 -9999.0 -9999.0 -9999.0 -9999.0 -9999.0 -9999.0 -9999.0 -9999.0 -9999.0 -9999.0 -9999.0 -9999.0 -9999.0 -9999.0 -9999.0 -9999.0 -9999.0 -9999.0 -9999.0 -9999.0 -9999.0 -9999.0 -9999.0 -9999.0 -9999.0 -9999.0 -9999.0 -9999.0 -9999.0 -9999.0 -9999.0 -9999.0 -9999.0 -9999.0 -9999.0 -9999.0 -9999.0 -9999.0 -9999.0 -9999.0 -9999.0 -9999.0 1098.566502 1081.410956 1066.276635 1063.827428 1086.340868 1109.925044 1133.980853 1154.820056 1173.636816
-9999.0 -9999.0 -9999.0 -9999.0 -9999.0 -9999.0 -9999.0 -9999.0 -9999.0 -9999.0 -9999.0 -9999.0 -9999.0 -9999.0 -9999.0 -9999.0 -9999.0 -9999.0 -9999.0 -9999.0 -9999.0 -9999.0 -9999.0 -9999.0 -9999.0 -9999.0 -9999.0 -9999.0 -9999.0 -9999.0 -9999.0 -9999.0 -9999.0 -9999.0 -9999.0 -9999.0 -9999.0 -9999.0 -9999.0 -9999.0 1145.959666 1151.975142 1153.125023 1142.954692 1131.959394 1119.745902 1099.843255 1082.280430 1067.892871 1065.711822 1068.616888 1073.597830 1096.144833 1121.209143 1141.219802 1158.354415
-9999.0 -9999.0 -9999.0 -9999.0 -9999.0 -9999.0 -9999.0 -9999.0 -9999.0 -9999.0 -9999.0 -9999.0 -9999.0 -9999.0 -9999.0 -9999.0 -9999.0 -9999.0 -9999.0 -9999.0 -9999.0 -9999.0 -9999.0 -9999.0 -9999.0 -9999.0 -9999.0 -9999.0 -9999.0 -9999.0 -9999.0 -9999.0 -9999.0 -9999.0 1052.943661 1070.440218 1088.706097 1107.363943 1124.354511 1131.352495 1137.271427 1143.108941 1139.136569 1134.780293 1123.659109 1104.524357 1085.314606 1071.907758 1070.239044 1068.094236 1072.601732 1085.580204 1102.668459 1119.016557 1140.237069 1164.257890
-9999.0 -9999.0 -9999.0 -9999.0 -9999.0 -9999.0 -9999.0 -9999.0 -9999.0 -9999.0 -9999.0 -9999.0 -9999.0 -9999.0 -9999.0 -9999.0 -9999.0 -9999.0 -9999.0 -9999.0 -9999.0 -9999.0 -9999.0 -9999.0 -9999.0 -9999.0 -9999.0 -9999.0 1056.192395 1050.480126 1045.762771 1044.593968 1043.608124 1042.824403 1049.850952 1062.003925 1080.148408 1102.166824 1115.461544 1122.960073 1129.886339 1130.833345 1125.969517 1124.324765 1125.001350 1113.382241 1101.950843 1091.278395 1080.987424 1079.566352 1089.391148 1103.895670 1120.492600 1135.710877 1151.525557 1161.844050
-9999.0 -9999.0 -9999.0 -9999.0 -9999.0 -9999.0 -9999.0 -9999.0 -9999.0 -9999.0 -9999.0 -9999.0 -9999.0 -9999.0 -9999.0 -9999.0 -9999.0 -9999.0 -9999.0 -9999.0 -9999.0 -9999.0 -9999.0 1025.319313 1031.165659 1037.960313 1045.759187 1047.000899 1043.321497 1038.063572 1035.435977 1034.328181 1032.920519 1037.767698 1046.022537 1059.832267 1075.907124 1098.172605 1107.064004 1113.245306 1125.683176 1128.885045 1135.222253 1139.618267 1138.234112 1135.555787 1123.076354 1113.827479 1118.829323 1124.800291 1131.968156 1140.377724 1154.187160 1169.755542 1187.254110 1207.588508
-9999.0 -9999.0 -9999.0 -9999.0 -9999.0 -9999.0 -9999.0 -9999.0 -9999.0 -9999.0 -9999.0 -9999.0 -9999.0 -9999.0 -9999.0 -9999.0 -9999.0 -9999.0 -9999.0 999.580155 1000.685928 1002.161728 1007.153356 1008.185443 1010.566758 1017.847595 1026.329461 1029.121639 1027.714997 1026.738662 1028.663219 1031.791994 1036.607817 1048.225147 1062.397783 1076.958730 1091.114181 1112.388060 1127.515511 1141.354866 1157.655856 1157.500640 1153.916597 1152.489323 1153.301335 1153.694538 1157.542981 1160.225687 1166.835026 1171.474898 1177.900036 1187.621318 1199.600944 1218.084414 1238.099625 1258.009611
-9999.0 -9999.0 -9999.0 -9999.0 -9999.0 -9999.0 -9999.0 -9999.0 -9999.0 -9999.0 -9999.0 -9999.0 -9999.0 -9999.0 -9999.0 -9999.0 970.331769 972.337705 974.799415 980.457224 983.690016 987.983674 995.258112 996.869489 1000.966313 1008.481124 1013.731160 1023.006033 1031.527543 1039.280837 1045.717249 1048.869646 1056.722961 1066.802646 1079.118008 1094.716270 1116.540872 1140.151647 1156.838688 1174.128706 1191.688175 1192.754139 1192.049729 1193.520695 1194.222832 1200.495135 1218.044791 1223.975229 1224.995547 1241.200121 1255.383783 1260.702919 1268.750341 1288.286519 1312.203027 1335.101307
-9999.0 -9999.0 -9999.0 -9999.0 -9999.0 -9999.0 -9999.0 -9999.0 -9999.0 -9999.0 -9999.0 -9999.0 -9999.0 923.316697 927.597342 937.424218 947.090811 949.914496 954.545742 960.971137 973.505149 977.500997 984.097342 992.043823 1004.400887 1013.464701 1023.067903 1035.384458 1044.277291 1052.024735 1059.560847 1065.537228 1079.208636 1094.900837 1111.095520 1131.778941 1154.325887 1175.258928 1196.110413 1212.529247 1226.618398 1228.735226 1228.226133 1230.995518 1238.834452 1256.049487 1275.106251 1283.951682 1301.937007 1325.201619 1338.849310 1350.614138 1359.491798 1373.282659 1394.777071 1428.877899
-9999.0 -9999.0 -9999.0 -9999.0 -9999.0 -9999.0 -9999.0 -9999.0 -9999.0 -9999.0 890.301411 892.696665 889.455262 889.264916 894.627728 906.998040 921.037012 927.846312 939.787255 961.094547 979.319424 983.231195 998.134745 1008.812269 1016.066998 1027.065090 1040.739267 1054.085126 1071.431330 1084.544863 1096.668774 1116.699607 1133.860813 1151.118559 1169.589642 1190.580921 1210.851893 1239.675198 1267.216000 1280.472176 1302.989134 1313.999847 1311.640918 1312.126056 1321.548461 1337.721948 1359.046044 1382.470036 1404.505142 1430.104418 1447.511613 1462.214996 1473.241312 1485.814189 1501.833098 1537.603880
-9999.0 -9999.0 -9999.0 -9999.0 -9999.0 -9999.0 -9999.0 -9999.0 865.520099 873.011427 879.264022 876.453917 872.182821 868.393156 882.413559 898.500299 914.850475 932.843955 949.210726 967.830692 983.512064 1000.172005 1020.536061 1032.751832 1044.950563 1060.885324 1075.206435 1092.949263 1114.990148 1128.344660 1145.695369 1167.893317 1187.265783 1206.143570 1225.754690 1244.720849 1271.615979 1305.669835 1338.096176 1361.047888 1389.357148 1412.489125 1412.015175 1414.732260 1419.388997 1445.232348 1474.701495 1505.515250 1530.762468 1558.149215 1587.754404 1606.068446 1616.919699 1629.636698 1644.923732 1664.113921
-9999.0 -9999.0 -9999.0 -9999.0 -9999.0 -9999.0 838.175407 862.532878 877.714501 869.954233 860.035090 856.516637 852.588530 876.575761 898.814056 916.386331 933.664327 951.724139 968.748322 982.067723 1016.153768 1034.636326 1049.534154 1068.033721 1083.321281 1098.661275 1116.845915 1140.956806 1163.499075 1193.791591 1220.215124 1244.882508 1272.020332 1292.620535 1312.290476 1331.178547 1362.936795 1400.630530 1437.585554 1466.579182 1493.962591 1524.919083 1531.985694 1537.773114 1544.816528 1566.046600 1597.816146 1628.197716 1661.919382 1693.999582 1720.911705 1732.920864 1743.395268 1754.749351 1768.219136 1780.457892
-9999.0 -9999.0 -9999.0 -9999.0 804.658421 825.663510 845.774323 876.584657 899.303174 894.526483 901.328250 901.616041 899.928156 904.090621 911.473903 929.890861 948.936686 968.324419 986.548961 1021.708998 1066.544234 1082.603297 1107.340319 1139.931279 1154.302715 1170.354870 1187.440562 1211.268749 1238.566061 1272.696714 1316.863451 1354.581178 1381.052559 1404.606712 1426.432069 1448.719785 1483.124303 1520.941471 1557.884653 1592.040026 1621.841186 1647.700243 1660.136748 1668.022715 1679.861009 1696.306376 1717.732709 1745.006815 1776.281930 1808.243333 1833.173671 1846.601651 1854.403667 1864.972395 1875.219214 1887.066171
-9999.0 -9999.0 -9999.0 755.012338 793.797704 831.817438 858.949874 890.030750 922.383536 927.108107 936.330147 941.336457 946.218745 954.935443 963.600353 981.029465 997.697758 1014.257289 1036.875319 1074.099079 1109.548684 1139.562469 1172.098476 1199.082242 1220.152663 1236.646496 1255.935282 1280.540456 1320.881879 1358.760605 1409.421479 1463.004979 1500.087166 1524.708603 1547.310894 1574.800224 1599.922422 1636.250369 1671.067221 1704.057799 1735.584433 1760.125573 1778.646803 1786.240548 1795.857593 1804.395963 1820.465822 1841.881263 1863.708720 1892.498955 1920.749208 1945.518122 1959.527277 1969.540289 1985.464271 2001.483276
-9999.0 -9999.0 707.754476 745.696405 779.799715 830.040812 883.173210 917.808249 958.869599 982.783549 989.707904 1006.785071 1022.855316 1030.090012 1045.595742 1062.826972 1080.952970 1088.250345 1105.779133 1136.335203 1186.172640 1231.749578 1252.492581 1303.230356 1336.659453 1364.784042 1383.084031 1410.238999 1446.219060 1487.895737 1536.560870 1586.770750 1625.410109 1656.758037 1673.609769 1693.236548 1715.771485 1739.836954 1773.729037 1802.307312 1833.666704 1859.575641 1881.156624 1887.802942 1892.760111 1908.447587 1932.775317 1958.628956 1983.049022 2006.680247 2009.574128 2021.848705 2027.759218 2031.377802 2036.434754 2040.002705
-9999.0 -9999.0 680.917174 725.958836 766.178230 832.508255 912.653262 949.985639 993.090722 1039.201818 1057.975114 1082.529982 1094.093892 1103.198205 1126.474408 1148.704974 1161.474086 1168.689012 1168.841233 1224.719370 1283.233542 1333.183417 1378.879057 1445.719867 1491.024390 1507.979907 1520.850260 1541.740693 1566.566008 1609.832710 1657.290852 1710.365913 1754.215696 1785.488644 1801.971140 1820.466882 1840.622494 1858.135145 1877.128478 1916.443743 1944.065847 1969.970602 1996.918729 2017.111854 2025.413995 2028.997703 2018.059813 2028.185146 2035.219553 2038.597429 2040.078894 2037.152523 2036.875854 2037.870978 2039.048143 2034.132787
-9999.0 591.847481 644.067887 697.268672 766.170629 833.463058 916.631714 996.675634 1054.190180 1101.882410 1131.172098 1143.055294 1178.464482 1220.082822 1245.590648 1271.817626 1275.192131 1280.968366 1271.682363 1320.672422 1370.341486 1443.640019 1551.495055 1607.179127 1651.690200 1653.495673 1648.640524 1661.156366 1685.079058 1729.191461 1797.136730 1845.560444 1899.691338 1940.653019 1956.450495 1963.804466 1981.553759 2001.432251 1987.660966 2011.107927 2022.332212 2031.782024 2035.145885 2037.376582 2038.864035 2039.396821 2036.519861 2030.410822 2022.828560 2017.360097 2013.348022 2008.827232 2011.186244 2014.345854 2014.917337 2007.884088
-9999.0 556.285333 615.740792 687.251505 758.364887 825.882721 928.984566 1072.887987 1127.180731 1164.932320 1187.619968 1208.755377 1285.158952 1350.050700 1383.268025 1427.085296 1421.774654 1412.053204 1399.128694 1432.412156 1481.884241 1555.221549 1696.281894 1778.995516 1807.103454 1817.891727 1824.893950 1851.704153 1889.187372 1926.938430 1962.006024 1962.996411 1992.103804 2007.591803 2013.238664 2016.231426 2021.071728 2022.320074 2021.536940 2019.021468 2015.479829 2016.643218 2021.423441 2021.802425 2019.402665 2016.494213 2010.935160 2003.229896 1997.383210 1992.296813 1989.063079 1985.617122 1983.587986 1983.164490 1978.415612 1972.377116
-9999.0 526.308324 597.700728 661.241275 725.961518 840.075470 966.490299 1102.451421 1195.736718 1233.838303 1256.151645 1323.730197 1422.713991 1516.870540 1567.086600 1591.773983 1593.053017 1572.558350 1576.540197 1622.011181 1687.437017 1779.404572 1871.330462 1947.203133 1960.290945 1964.163677 1943.563878 1958.584703 1973.404667 1978.897407 1984.005483 1991.423802 2000.214407 2006.076532 2007.362645 2006.584556 2003.590628 1997.085326 1993.292771 1990.906885 1988.166054 1988.200065 1991.071813 1992.368341 1989.728945 1985.609605 1980.637133 1974.348208 1967.478801 1960.119214 1955.422590 1950.744901 1947.987206 1942.548869 1937.680766 1931.061912
-9999.0 426.172995 514.791981 569.596471 683.524579 858.377507 985.515765 1135.662681 1282.412011 1321.426867 1395.295878 1513.797860 1616.895584 1688.403201 1726.826018 1767.023482 1795.582854 1819.443533 1855.398123 1813.429731 1871.742607 1930.900191 1957.313816 1970.207693 1972.952865 1974.819592 1968.035063 1950.763820 1943.122876 1939.844013 1945.287718 1956.256049 1964.986282 1973.075300 1973.055534 1975.079868 1976.207258 1973.547944 1970.443087 1962.798368 1955.632446 1950.100265 1948.269208 1953.266352 1948.104483 1944.527303 1937.992583 1929.339048 1919.981698 1911.674219 1903.325024 1896.010984 1892.645305 1886.529096 1884.323922 1875.271563
-9999.0 345.323600 422.162864 510.961244 648.760437 813.419776 942.872314 1110.433490 1319.472332 1436.084406 1560.149004 1631.121348 1701.816709 1759.618273 1819.159653 1864.115285 1888.683797 1899.896795 1891.092014 1904.814589 1875.983973 1871.975952 1891.295683 1918.705766 1932.705515 1937.291783 1929.999650 1921.159768 1916.224224 1917.819373 1919.427908 1920.698233 1921.460765 1921.339010 1919.799125 1922.815574 1928.011395 1922.349789 1914.077123 1906.142485 1898.880014 1890.625591 1885.044303 1881.310838 1879.898059 1879.185119 1871.215655 1860.367504 1849.280560 1840.536140 1832.340915 1826.249804 1823.061263 1817.471277 1808.784387 1795.802088
-9999.0 246.336581 367.972320 461.853131 583.465153 720.745140 847.411823 1011.650947 1160.532379 1380.389563 1536.289136 1644.059047 1684.171453 1741.040520 1797.836359 1863.080075 1867.420932 1840.344819 1810.319042 1798.668332 1807.306811 1819.273171 1833.637235 1853.499153 1871.196559 1881.090514 1883.978610 1877.721314 1865.699182 1858.014201 1853.040542 1845.099190 1839.803708 1840.062934 1842.155581 1850.130023 1852.581333 1843.836862 1831.138456 1815.193369 1801.212068 1790.566326 1787.594298 1788.742259 1788.447771 1784.425217 1777.324703 1766.480009 1753.662948 1741.548087 1733.890219 1728.102865 1720.716691 1710.218979 1698.621010 1685.610620
-9999.0 -9999.0 292.516643 403.781295 512.132306 635.372332 750.965612 894.610414 1045.350036 1226.343464 1343.195372 1473.737773 1545.458483 1589.621448 1636.921182 1690.211136 1709.336327 1730.080290 1716.383295 1723.422834 1732.339922 1740.054702 1750.563553 1762.298472 1775.564540 1785.715488 1793.964308 1792.588813 1784.704582 1768.815789 1749.794428 1735.564085 1728.012824 1722.007484 1732.114907 1743.834889 1740.946977 1734.491204 1722.725111 1707.190520 1694.320382 1680.595618 1676.665755 1676.612271 1676.343138 1673.118496 1668.464729 1655.488855 1642.462247 1630.548546 1624.833339 1618.390220 1612.753853 1601.707419 1589.904758 1577.080151
-9999.0 -9999.0 208.138936 317.089288 431.835778 555.709597 656.403573 730.867662 883.348075 999.435944 1103.481393 1201.278443 1282.777914 1344.664374 1386.470679 1446.106587 1487.343961 1503.818011 1525.862921 1558.166016 1585.609600 1614.972743 1634.291641 1647.247799 1661.348990 1674.907454 1683.820582 1672.660671 1662.721792 1647.382109 1627.431621 1605.463897 1594.440899 1591.832777 1594.250899 1599.285830 1593.665578 1584.404738 1570.336720 1555.056599 1542.205216 1531.033155 1526.771886 1522.917331 1521.145411 1517.937297 1514.607776 1506.216749 1495.140095 1487.598888 1479.137829 1473.136403 1470.010883 1463.430779 1454.418695 1448.378325
