tests/Borden05m/sims/sim_1/output-maps/psiliqL0019N0017.asc
ncols         160
nrows         34
xllcorner     620200.000000
yllcorner     5168000.000000
cellsize      0.500000
NODATA_value  -9999.0
[rows 0 to 24 of 34, columns 55 to 109 of 160]
-9999.0 -9999.0 -9999.0 -9999.0 -9999.0 -9999.0 -9999.0 -9999.0 -9999.0 -9999.0 -9999.0 -9999.0 -9999.0 -9999.0 -9999.0 -9999.0 -9999.0 -9999.0 -9999.0 -9999.0 -9999.0 -9999.0 -9999.0 -9999.0 -9999.0 -9999.0 -9999.0 -9999.0 -9999.0 -9999.0 -9999.0 -9999.0 -9999.0 -9999.0 -9999.0 -9999.0 -9999.0 -9999.0 -9999.0 -9999.0 -9999.0 -9999.0 -9999.0 -9999.0 -9999.0 -9999.0 -9999.0 -9999.0 -9999.0 -9999.0 -9999.0 -9999.0 -9999.0 -9999.0 -9999.0
-9999.0 -9999.0 -9999.0 -9999.0 2034.354557 2029.123247 2024.414111 2020.107098 2011.868839 2003.099955 1995.450317 1991.882022 1991.350120 1991.027727 1991.002652 1996.524231 2004.970657 2012.972837 2020.318778 2022.990728 2025.636819 2027.938831 2028.541804 2027.582558 2024.580216 2021.501344 2018.291253 2016.837925 2009.218954 1998.060329 1989.554881 1986.860000 1991.149421 1995.500796 1997.889313 2003.286093 2013.649123 2024.066173 2032.216719 2043.957877 2049.847337 2054.562986 2056.821517 2052.226984 2048.276593 2043.920332 2037.973869 2026.687129 -9999.0 -9999.0 -9999.0 -9999.0 -9999.0 -9999.0 -9999.0
1979.133365 1998.229131 2019.008341 2022.423426 2010.920819 2006.132812 2003.248516 2001.787366 1997.663299 1989.564545 1984.866763 1979.927767 1978.196502 1978.719088 1979.181341 1983.549324 1994.418109 2002.697013 2007.707895 2010.577449 2013.551367 2012.906352 2012.488283 2012.423648 2009.730978 2006.456916 2003.228814 2001.542362 2002.558206 1995.056520 1989.394310 1985.772932 1983.486698 1986.039875 1988.481334 1992.290456 2001.434716 2009.209604 2016.933999 2031.198472 2043.494947 2048.432000 2045.354455 2039.966982 2035.580563 2028.032601 2017.242856 2006.761649 1997.706516 1990.676796 1984.603846 1977.858758 1983.300649 1989.738121 1998.639926
1963.947906 1983.620942 2004.312474 2007.380955 1997.144089 1989.470334 1984.023476 1984.830874 1988.317404 1985.449142 1981.256589 1975.491664 1985.184066 1986.828995 1988.254357 1991.969970 1994.957156 1999.403956 2002.347413 2007.987853 2017.210137 2020.188620 2020.884364 2021.172809 2019.444349 2016.417954 2014.678579 2012.029009 2006.899485 2005.552465 2005.580723 2004.848420 2009.363224 2010.794449 2012.980255 2006.731225 2010.506717 2016.491286 2023.084268 2028.784066 2034.766063 2037.549841 2033.682987 2032.838792 2023.795123 2009.419130 1998.303557 1989.761779 1988.331029 1984.603327 1975.978293 1962.009595 1968.841558 1983.821144 1987.715047
1970.455931 1980.071588 1991.778525 1995.018641 1990.460933 1992.667914 1994.846475 1996.729311 1995.569231 1992.881446 1990.346444 2002.405759 2011.801710 2013.914656 2017.105799 2021.373673 2021.919553 2010.938930 2009.068473 2017.167982 2027.412749 2033.108477 2033.503313 2033.467779 2030.818266 2029.878163 2029.701201 2027.803258 2028.053471 2030.124550 2029.000732 2032.831353 2038.361986 2041.415815 2034.686675 2025.764837 2027.085892 2034.963408 2043.341541 2050.450683 2060.414553 2070.915436 2069.838913 2064.013709 2054.474724 2040.637982 2016.865658 1997.518061 1985.817244 1977.437890 1969.329133 1969.789806 1965.053349 1976.571528 1977.407992
1965.309510 1984.643455 2005.880633 2013.415525 2008.058928 2004.213603 2002.766821 2004.073251 2004.332309 2006.770611 2018.072264 2031.475398 2045.049536 2048.006570 2050.720729 2050.360880 2042.435135 2032.607661 2029.739104 2044.120942 2060.870882 2069.176720 2069.485736 2067.276757 2072.551726 2071.995876 2071.416838 2067.357621 2068.881521 2068.628497 2076.477178 2084.095066 2091.518079 2089.842372 2077.554465 2065.580181 2064.547187 2068.328734 2073.018000 2079.476103 2089.167761 2097.999241 2092.363243 2085.386050 2075.789983 2047.722802 2021.739032 2005.184009 2004.471122 2003.905354 1998.214147 1994.545430 1991.342136 1984.675936 1983.522983
2009.473016 2030.500741 2051.347179 2066.530295 2061.311846 2054.250596 2045.607295 2046.711006 2049.211697 2056.906388 2069.296573 2085.145230 2108.610378 2110.443224 2112.864915 2114.216848 2102.795806 2090.606352 2080.448443 2100.492530 2111.342882 2119.475343 2119.400343 2127.202069 2136.606426 2132.637603 2125.564750 2114.639474 2120.703981 2130.113751 2145.188954 2152.431665 2156.830042 2153.972698 2141.514974 2135.178228 2134.875745 2138.735146 2137.624941 2143.575860 2152.590210 2166.897731 2165.282385 2158.090466 2135.985842 2098.236632 2065.270421 2047.382224 2054.549713 2047.116956 2039.294219 2036.053760 2022.310721 2011.999204 2012.057169
2055.567141 2072.267866 2090.383951 2108.543265 2102.683852 2093.098528 2079.193859 2078.279010 2084.988678 2095.766407 2114.663605 2135.793520 2158.292796 2162.710414 2161.949669 2171.995491 2165.940376 2156.488492 2149.044399 2165.082966 2176.452281 2187.586877 2195.617867 2208.363262 2219.444977 2206.872648 2192.761105 2185.371885 2191.446489 2213.731905 2233.197569 2238.083055 2238.238252 2239.297323 2227.351604 2221.431111 2216.127692 2213.222771 2208.530412 2205.013372 2225.763436 2243.762614 2241.990457 2218.788750 2194.603856 2156.181739 2117.682841 2088.175792 2092.692614 2088.589852 2088.364905 2074.493673 2059.618697 2046.221885 2038.621455
2125.212545 2151.596564 2171.027901 2193.085987 2190.256986 2171.614408 2160.945952 2165.466796 2179.149057 2187.317338 2204.579827 2225.920960 2255.205619 2272.721489 2288.704619 2293.582981 2286.171241 2277.860366 2265.703915 2267.317330 2287.696486 2299.989436 2309.819387 2319.589751 2332.128730 2335.376880 2330.935024 2329.928486 2333.696377 2343.590871 2354.927922 2361.552167 2365.711490 2369.542191 2361.400023 2349.946917 2345.591219 2338.195164 2333.629020 2331.432072 2337.401800 2351.985238 2348.635974 2317.127930 2289.365536 2254.978899 2216.677487 2185.514047 2172.309235 2183.098808 2175.045993 2156.722877 2140.304853 2108.516934 2096.133299
2212.341813 2247.327995 2274.126977 2287.842208 2299.349390 2290.934207 2291.695460 2296.506622 2304.950275 2309.742370 2317.504564 2350.224985 2384.653631 2412.237291 2436.168348 2444.667692 2433.959750 2424.661641 2412.441837 2403.668290 2411.193123 2427.091951 2444.296075 2459.624906 2470.867818 2473.775288 2472.339248 2472.572747 2475.183785 2478.095942 2481.635573 2488.786659 2496.267406 2506.201065 2515.783114 2507.551187 2489.886526 2478.692329 2466.815848 2463.286569 2462.536628 2462.676907 2462.325704 2449.675764 2412.651687 2381.923908 2349.316987 2324.013152 2305.654200 2296.890844 2276.582419 2252.227656 2203.001518 2163.358827 2129.344097
2315.675940 2358.494372 2389.040373 2410.650851 2425.495002 2426.509891 2429.475198 2432.161351 2437.786629 2442.387963 2448.101836 2473.110986 2513.503298 2552.155432 2582.976138 2585.507840 2574.574578 2564.154163 2554.698099 2542.574249 2539.128458 2549.267551 2562.391820 2580.349135 2591.189251 2598.952035 2596.499314 2596.816969 2598.321654 2600.090037 2601.959727 2604.710740 2612.997926 2626.444329 2639.088017 2638.970934 2622.695497 2605.425402 2588.478783 2583.092099 2578.230881 2572.217297 2572.641969 2573.033339 2560.743518 2531.737321 2492.591544 2450.267485 2427.451481 2407.989577 2394.616866 2377.108593 2343.386499 2283.813973 2248.258815
2441.320057 2472.929542 2503.869551 2535.212908 2552.821877 2558.746445 2558.605691 2559.899333 2567.860750 2573.153148 2581.675349 2598.326516 2626.619663 2659.059650 2687.526228 2704.234824 2698.938483 2684.145002 2664.808398 2657.530241 2655.524147 2658.278821 2666.170032 2676.370490 2693.583897 2711.069951 2717.714041 2718.524793 2714.998329 2718.305449 2719.858265 2720.038234 2722.022825 2728.544843 2736.797700 2739.447247 2732.681906 2712.711270 2690.574875 2677.289269 2669.225034 2664.690806 2663.492927 2665.876703 2666.341616 2652.241843 2619.622558 2577.919930 2545.402590 2525.705237 2509.799746 2493.808432 2480.589348 2453.430489 2432.854729
2559.725890 2575.366045 2603.250529 2631.654341 2655.359441 2671.595357 2674.621145 2679.746811 2685.264378 2694.502129 2710.437965 2733.342198 2750.454767 2770.491611 2794.560329 2809.105211 2814.727121 2814.157555 2811.523373 2812.891921 2812.954646 2768.590057 2772.943888 2777.254311 2789.077937 2800.572091 2804.712101 2805.092058 2803.138689 2804.764769 2805.437783 2805.544964 2805.242767 2806.374567 2809.857861 2811.018098 2808.960988 2798.862567 2808.981144 2790.272435 2777.339606 2769.194742 2760.884594 2752.069493 2742.021792 2731.381287 2711.232540 2681.694535 2647.340101 2622.507257 2611.664233 2603.788955 2594.818761 2587.839242 2570.507077
2666.524633 2678.569733 2696.392089 2718.563185 2750.971346 2772.849538 2784.326295 2793.728887 2798.922457 2812.331444 2827.589643 2817.717875 2824.036235 2830.402700 2836.618686 2838.764325 2839.307047 2838.851160 2836.257580 2835.297216 2832.804715 2828.296856 2817.925821 2819.045392 2820.388243 2822.646901 2826.054350 2824.679657 2825.572394 2828.510547 2826.955778 2821.314044 2817.581874 2816.049410 2816.749422 2823.899868 2827.034084 2827.694820 2825.368113 2824.450339 2823.661081 2821.197307 2818.130552 2813.772024 2808.089877 2816.597103 2804.900065 2778.835969 2741.715631 2702.090480 2690.433273 2688.101905 2687.045511 2683.591884 2676.540877
2789.823604 2803.236152 2817.637688 2805.870319 2822.532140 2831.225583 2835.464803 2839.081051 2841.856475 2844.066454 2841.006079 2837.795037 2832.950079 2831.381088 2829.833882 2827.131161 2827.371728 2824.975169 2820.425255 2815.986163 2808.083354 2796.293853 2784.431412 2780.813724 2784.737044 2789.599794 2793.974430 2797.510887 2800.853286 2801.359332 2796.347568 2788.387739 2781.260484 2779.580492 2786.262783 2791.914353 2797.785377 2798.615038 2797.374353 2795.371412 2795.670669 2793.222888 2793.996986 2801.098778 2815.268965 2819.687639 2823.830326 2823.014793 2810.790059 2788.698263 2790.084354 2769.896285 2773.890595 2768.502289 2756.280123
2832.726986 2835.166065 2834.366887 2833.182257 2827.262971 2821.471459 2820.728192 2824.550751 2831.245307 2832.106171 2824.726524 2815.846339 2808.267347 2800.656591 2797.832664 2796.271381 2795.115170 2794.637684 2788.536074 2779.087039 2761.915369 2749.494179 2737.593379 2730.923209 2727.482753 2731.166014 2741.183577 2751.642977 2756.236823 2748.244308 2740.410674 2729.406037 2721.569418 2722.074541 2723.873101 2733.208390 2748.643850 2754.901424 2756.016973 2750.801868 2746.014653 2740.562474 2738.885447 2746.304418 2762.097540 2778.809184 2793.903270 2802.894270 2810.590494 2817.382523 2818.420959 2820.292993 2821.148998 2819.275683 2819.655196
2827.708427 2820.973326 2814.124277 2808.773311 2801.974860 2796.092539 2793.872552 2795.491830 2797.291427 2792.883515 2785.499585 2774.355749 2762.505448 2751.936968 2744.139011 2744.053210 2745.289433 2745.562354 2737.754636 2721.812271 2702.123989 2687.783697 2673.109862 2668.392481 2662.395835 2655.959130 2665.779281 2683.690337 2690.205659 2675.464942 2665.224191 2650.788932 2644.074183 2640.789002 2642.190097 2651.583927 2672.945129 2694.965243 2697.234289 2687.797156 2678.661700 2675.105071 2673.448348 2680.135463 2698.553595 2720.865625 2737.358807 2748.270199 2754.594574 2763.238736 2773.291506 2787.147471 2801.474385 2813.329767 2819.987933
2801.364280 2793.163059 2784.975171 2776.777786 2769.088962 2761.930007 2756.804518 2753.868106 2749.624531 2742.551082 2734.225661 2714.229934 2700.763933 2687.248786 2671.920354 2667.157688 2662.190071 2662.484409 2650.243704 2640.380273 2622.636697 2606.553977 2590.042680 2577.406697 2571.020050 2564.245110 2564.972612 2578.969786 2587.417475 2576.072185 2566.197513 2554.717414 2549.659561 2546.619860 2549.121452 2559.806132 2580.957301 2599.933522 2608.332349 2601.682118 2599.703612 2600.059650 2600.146526 2607.486242 2621.208135 2640.907567 2663.703256 2682.501229 2693.430710 2701.962039 2712.751274 2729.103336 2744.124353 2758.998287 2777.104952
2766.019952 2755.877186 2745.186924 2734.691571 2723.122993 2710.320792 2702.893914 2703.675803 2696.190115 2688.953591 2668.652707 2617.232405 2596.426480 2576.869968 2560.024933 2552.667040 2543.650531 2530.436442 2520.630957 2514.303094 2511.459151 2495.939731 2477.124227 2459.498271 2453.907701 2449.597776 2435.881688 2435.386031 2436.944179 2447.321633 2440.753522 2437.526939 2437.748497 2435.613895 2438.165040 2451.736411 2461.903389 2470.201225 2477.462991 2480.302435 2490.259175 2499.418997 2508.226161 2526.105429 2539.558417 2557.263310 2579.545041 2605.830556 2621.811683 2632.837485 2644.857979 2661.385502 2679.012648 2697.763234 2721.187997
2724.098207 2706.662814 2691.546553 2676.397898 2662.731062 2649.370333 2633.852497 2633.976240 2629.861424 2619.045892 2569.243575 2526.512426 2491.521624 2472.727078 2448.821991 2435.208979 2420.160447 2386.546026 2369.817200 2366.054391 2375.662256 2368.851285 2352.580550 2339.368518 2330.188382 2321.741130 2306.014822 2291.653218 2296.922302 2312.400062 2310.949115 2312.163931 2318.512718 2317.747051 2312.959839 2314.477395 2328.072934 2335.373509 2346.658791 2362.303596 2367.962545 2382.096504 2413.568018 2428.230157 2444.826698 2465.560470 2488.303302 2513.072428 2536.421874 2551.840911 2568.429873 2588.756358 2607.121917 2629.119064 2653.417160
2665.417928 2635.759807 2614.688534 2596.634643 2577.077795 2552.020221 2530.632737 2527.011222 2519.103263 2493.175274 2441.827232 2402.993327 2375.992561 2353.266461 2328.946807 2306.578654 2272.880496 2239.055423 2217.457585 2227.886759 2236.751534 2243.018770 2230.246180 2218.374143 2208.310036 2192.034288 2175.751841 2161.446206 2171.221654 2179.751323 2193.929572 2199.411075 2203.429743 2208.072896 2207.123917 2199.666417 2199.716798 2208.668695 2219.414947 2231.525103 2250.353252 2284.255497 2310.089590 2329.170712 2351.166027 2372.197233 2395.799268 2420.690361 2444.600925 2462.975867 2483.201305 2504.550743 2527.377814 2549.076190 2574.555556
2582.088502 2553.514936 2526.242362 2502.222659 2471.090876 2427.187889 2411.348895 2401.332498 2382.533682 2339.376475 2296.818464 2268.873474 2250.500295 2226.157523 2203.408397 2174.880174 2141.891799 2117.822130 2097.164128 2105.455469 2113.831339 2129.582910 2119.221257 2110.296304 2105.701708 2090.485327 2076.841842 2061.248310 2068.030282 2079.133433 2099.786904 2105.061443 2109.071603 2117.617615 2117.063108 2113.818053 2100.654104 2108.783162 2120.030908 2134.985136 2165.169465 2189.510179 2213.664710 2236.357211 2257.534351 2281.243358 2305.844477 2330.936756 2358.631274 2379.859694 2400.558635 2423.688617 2445.181046 2463.275480 2483.659159
2467.660032 2442.296987 2420.683209 2395.760862 2355.286073 2310.885989 2272.153589 2249.490346 2203.118007 2168.234753 2141.096882 2132.480018 2117.204316 2095.672046 2075.135672 2054.473537 2030.507166 2009.776418 1984.931115 1989.258870 2003.215130 2018.564800 2016.539981 2015.315384 2012.959236 2002.722663 1989.123676 1975.492571 1979.135899 1995.358397 2012.869627 2021.881932 2029.299999 2037.198418 2037.406936 2029.439532 2020.572098 2026.226180 2041.591151 2058.477491 2078.315364 2100.538033 2122.849383 2144.431015 2168.200994 2192.505099 2217.221872 2243.945867 2272.579262 2295.089251 2320.370435 2346.497707 2366.149145 2378.311193 2390.743616
2357.933956 2336.697606 2312.442793 2284.794455 2242.914351 2201.858087 2159.962894 2115.994736 2082.434098 2052.200012 2040.290024 2023.158055 2007.635260 1991.308526 1970.493925 1952.595822 1935.866545 1914.087741 1900.434433 1906.548747 1919.512777 1928.714286 1933.537266 1930.896619 1928.143403 1921.621552 1907.763001 1901.009041 1910.319589 1925.571623 1939.811179 1950.872994 1957.854351 1963.604795 1960.992493 1952.589703 1948.785391 1957.354049 1973.322606 1987.965981 2004.468612 2026.139007 2047.657161 2070.239929 2093.863365 2117.285471 2143.168166 2169.841016 2197.221297 2225.150860 2249.583042 2271.598834 2283.279076 2295.373099 2300.336112
2228.005181 2213.732090 2187.781883 2159.284154 2128.180077 2092.518958 2065.135776 2033.134670 2002.415799 1972.554863 1946.708399 1932.087611 1924.069507 1910.186629 1892.096681 1879.771835 1863.509370 1850.040104 1853.170894 1854.872971 1864.013877 1863.269015 1863.890093 1861.090203 1860.171322 1856.967692 1848.848540 1858.534229 1865.468462 1879.395681 1889.782587 1899.453951 1905.567479 1909.551938 1910.371528 1905.493784 1910.650793 1917.551707 1932.004061 1943.908670 1958.599335 1979.446234 1997.220067 2017.136037 2040.219107 2064.101732 2089.092822 2115.815497 2144.734884 2170.641899 2190.612025 2200.081932 2211.540880 2216.641383 2209.792011
