tests/Borden05m/sims/sim_1/output-maps/psiliqL0003N0008.asc
ncols         160
nrows         34
xllcorner     620200.000000
yllcorner     5168000.000000
cellsize      0.500000
NODATA_value  -9999.0
[rows 0 to 24 of 34, columns 0 to 56 of 160]
-9999.0 -9999.0 -9999.0 -9999.0 -9999.0 -9999.0 -9999.0 -9999.0 -9999.0 -9999.0 -9999.0 -9999.0 -9999.0 -9999.0 -9999.0 -9999.0 -9999.0 -9999.0 -9999.0 -9999.0 -9999.0 -9999.0 -9999.0 -9999.0 -9999.0 -9999.0 -9999.0 -9999.0 -9999.0 -9999.0 -9999.0 -9999.0 -9999.0 -9999.0 -9999.0 -9999.0 -9999.0 -9999.0 -9999.0 -9999.0 -9999.0 -9999.0 -9999.0 -9999.0 -9999.0 -9999.0 -9999.0 -9999.0 -9999.0 -9999.0 -9999.0 -9999.0 -9999.0 -9999.0 -9999.0 -9999.0 -9999.0
-9999.0 -9999.0 -9999.0 -9999.0 -9999.0 -9999.0 -9999.0 -9999.0 -9999.0 -9999.0 -9999.0 -9999.0 -9999.0 -9999.0 -9999.0 -9999.0 -9999.0 -9999.0 -9999.0 -9999.0 -9999.0 -9999.0 -9999.0 -9999.0 -9999.0 -9999.0 -9999.0 -9999.0 -9999.0 -9999.0 -9999.0 -9999.0 -9999.0 -9999.0 -9999.0 -9999.0 -9999.0 -9999.0 -9999.0 -9999.0 -9999.0 -9999.0 -9999.0 -9999.0 -9999.0 -9999.0 -9999.0 -9999.0 -9999.0 -9999.0 -9999.0 -9999.0 -9999.0 -9999.0 -9999.0 -9999.0 -9999.0
-9999.0 -9999.0 -9999.0 -9999.0 -9999.0 -9999.0 -9999.0 -9999.0 -9999.0 -9999.0 -9999.0 -9999.0 -9999.0 -9999.0 -9999.0 -9999.0 -9999.0 -9999.0 -9999.0 -9999.0 -9999.0 -9999.0 -9999.0 -9999.0 -9999.0 -9999.0 -9999.0 -9999.0 -9999.0 -9999.0 -9999.0 -9999.0 -9999.0 -9999.0 -9999.0 -9999.0 -9999.0 -9999.0 -9999.0 -9999.0 -9999.0 -9999.0 -9999.0 -9999.0 -9999.0 -9999.0 -9999.0 -525.321566 -531.686226 -539.474729 -541.764465 -533.139731 -529.644893 -526.549677 -524.719413 -523.098354 -520.307099
-9999.0 -9999.0 -9999.0 -9999.0 -9999.0 -9999.0 -9999.0 -9999.0 -9999.0 -9999.0 -9999.0 -9999.0 -9999.0 -9999.0 -9999.0 -9999.0 -9999.0 -9999.0 -9999.0 -9999.0 -9999.0 -9999.0 -9999.0 -9999.0 -9999.0 -9999.0 -9999.0 -9999.0 -9999.0 -9999.0 -9999.0 -9999.0 -9999.0 -9999.0 -9999.0 -9999.0 -9999.0 -9999.0 -9999.0 -9999.0 -527.435992 -524.505147 -522.030347 -526.113250 -527.643866 -526.970015 -531.205750 -536.281639 -541.608292 -539.815524 -539.774744 -543.966689 -538.248631 -533.812317 -532.633271 -531.781361 -528.173648
-9999.0 -9999.0 -9999.0 -9999.0 -9999.0 -9999.0 -9999.0 -9999.0 -9999.0 -9999.0 -9999.0 -9999.0 -9999.0 -9999.0 -9999.0 -9999.0 -9999.0 -9999.0 -9999.0 -9999.0 -9999.0 -9999.0 -9999.0 -9999.0 -9999.0 -9999.0 -9999.0 -9999.0 -9999.0 -9999.0 -9999.0 -9999.0 -9999.0 -9999.0 -539.336739 -533.836757 -531.667860 -529.676617 -526.449793 -527.934995 -529.227009 -526.698041 -529.011823 -528.968267 -531.674123 -536.938573 -542.223814 -545.117089 -541.543823 -542.604122 -542.700853 -540.054568 -538.606442 -538.384098 -534.868763 -529.007241 -532.663337
-9999.0 -9999.0 -9999.0 -9999.0 -9999.0 -9999.0 -9999.0 -9999.0 -9999.0 -9999.0 -9999.0 -9999.0 -9999.0 -9999.0 -9999.0 -9999.0 -9999.0 -9999.0 -9999.0 -9999.0 -9999.0 -9999.0 -9999.0 -9999.0 -9999.0 -9999.0 -9999.0 -9999.0 -530.474980 -532.670399 -534.328575 -534.174220 -534.980434 -538.173894 -539.192012 -538.903467 -536.205449 -531.679921 -531.212158 -532.081668 -531.903841 -533.150404 -536.436519 -536.674126 -532.866160 -536.032477 -537.403603 -539.452303 -545.068536 -546.518763 -543.378831 -540.494811 -538.167714 -537.960061 -538.084824 -538.767823 -538.798174
-9999.0 -9999.0 -9999.0 -9999.0 -9999.0 -9999.0 -9999.0 -9999.0 -9999.0 -9999.0 -9999.0 -9999.0 -9999.0 -9999.0 -9999.0 -9999.0 -9999.0 -9999.0 -9999.0 -9999.0 -9999.0 -9999.0 -9999.0 -533.894983 -531.879774 -531.202106 -529.463999 -530.462124 -534.908864 -537.702090 -538.885432 -539.886371 -542.310709 -542.690381 -542.957426 -541.727659 -540.971416 -536.165258 -539.105589 -541.080472 -536.877731 -538.020609 -535.082850 -531.746378 -532.456140 -531.663682 -537.739443 -542.326438 -537.515592 -535.704841 -536.148408 -537.522658 -536.351369 -534.797423 -532.870330 -529.219039 -524.517200
-9999.0 -9999.0 -9999.0 -9999.0 -9999.0 -9999.0 -9999.0 -9999.0 -9999.0 -9999.0 -9999.0 -9999.0 -9999.0 -9999.0 -9999.0 -9999.0 -9999.0 -9999.0 -9999.0 -533.231580 -533.921900 -535.266600 -534.833695 -539.233681 -541.137916 -540.028221 -537.845191 -539.259043 -541.764225 -543.888118 -543.658177 -543.421479 -544.038387 -541.001334 -538.665716 -538.153895 -539.281514 -535.676409 -534.927053 -533.057906 -527.417803 -531.438694 -535.287077 -537.298528 -537.486466 -538.727867 -535.321977 -534.410396 -534.297949 -535.052834 -535.360365 -534.843078 -534.798843 -530.745687 -527.337317 -524.905391 -522.811071
-9999.0 -9999.0 -9999.0 -9999.0 -9999.0 -9999.0 -9999.0 -9999.0 -9999.0 -9999.0 -9999.0 -9999.0 -9999.0 -9999.0 -9999.0 -9999.0 -533.304264 -533.714260 -535.407444 -538.177629 -540.529247 -540.650821 -538.972976 -542.252861 -543.416319 -542.819371 -544.353654 -542.881858 -541.290229 -539.368345 -538.572298 -540.973653 -540.765468 -541.352193 -541.952537 -541.353919 -537.283573 -533.663603 -533.382864 -530.930518 -526.018625 -529.305449 -530.640477 -530.518214 -532.659252 -531.432303 -523.983205 -525.816996 -529.975129 -522.507455 -518.889544 -521.093240 -522.543087 -518.311579 -512.036101 -504.412880 -491.212599
-9999.0 -9999.0 -9999.0 -9999.0 -9999.0 -9999.0 -9999.0 -9999.0 -9999.0 -9999.0 -9999.0 -9999.0 -9999.0 -533.501572 -533.903282 -533.556888 -537.830028 -541.138672 -543.182378 -546.018504 -542.668802 -545.272206 -546.176999 -545.712468 -542.747544 -542.840479 -542.680096 -540.952563 -541.824726 -542.969984 -544.106209 -546.297921 -544.082045 -541.936316 -540.664816 -537.605653 -535.539593 -534.246467 -531.124864 -531.151310 -529.185796 -530.650054 -533.908815 -534.712921 -532.603329 -526.065455 -521.573504 -520.912173 -512.520240 -503.823809 -500.345212 -495.386387 -493.693955 -491.464358 -484.838403 -462.709874 -431.377330
-9999.0 -9999.0 -9999.0 -9999.0 -9999.0 -9999.0 -9999.0 -9999.0 -9999.0 -9999.0 -539.600645 -537.454692 -540.678670 -546.761310 -549.430020 -548.178824 -546.877708 -549.255407 -549.313625 -543.298621 -540.111253 -546.059903 -542.305731 -542.434548 -545.069061 -544.678476 -543.342552 -543.405808 -540.054920 -540.310398 -540.738422 -535.251102 -534.257271 -533.191824 -531.588887 -529.954076 -528.955207 -521.567079 -515.594584 -517.173678 -508.362061 -503.087088 -508.600116 -510.720341 -509.827414 -503.886911 -494.350677 -481.127584 -468.870927 -445.651195 -425.062623 -411.819367 -402.124251 -389.476062 -368.049879 -269.537864 -169.160301
-9999.0 -9999.0 -9999.0 -9999.0 -9999.0 -9999.0 -9999.0 -9999.0 -548.206965 -544.785658 -542.671284 -545.391567 -549.055444 -555.770351 -553.321864 -551.005193 -549.512312 -547.209340 -546.259340 -545.554844 -547.353642 -545.570016 -541.984952 -543.346689 -543.224799 -541.022616 -541.341971 -539.600010 -536.750227 -539.106734 -538.078527 -535.799337 -533.935280 -532.351901 -530.348599 -529.727190 -522.457490 -512.895438 -502.835638 -494.653356 -482.908686 -468.291471 -470.390695 -468.221713 -464.774526 -441.466964 -412.411538 -372.294678 -276.516515 -177.169581 -131.280766 -112.717207 -103.668721 -92.176496 -73.253191 -42.555674 -6.428276
-9999.0 -9999.0 -9999.0 -9999.0 -9999.0 -9999.0 -553.277336 -545.731178 -542.146237 -550.791603 -557.501311 -559.755938 -563.775115 -555.069258 -547.622826 -546.376457 -545.484827 -544.406847 -545.450224 -550.779325 -539.994012 -543.482929 -546.191270 -543.306328 -543.983733 -544.108323 -542.495954 -538.411283 -537.283516 -529.228934 -524.122904 -520.042287 -513.946742 -510.736084 -507.248080 -503.242107 -491.085908 -473.563813 -447.832755 -420.312258 -390.756760 -345.990775 -314.064190 -271.765327 -197.048620 -158.429427 -123.925416 -89.931867 -42.733667 0.672339 25.021836 30.467532 31.528273 32.670536 34.357612 36.435177 38.126825
-9999.0 -9999.0 -9999.0 -9999.0 -548.736991 -547.196126 -548.850508 -542.420430 -538.034763 -548.501665 -544.867217 -546.765158 -550.262957 -554.506552 -559.596381 -556.168440 -554.279632 -553.111882 -554.138877 -543.733938 -535.124194 -541.901845 -538.142085 -530.146058 -532.856763 -532.535784 -532.791757 -529.881870 -524.337772 -517.561957 -500.480076 -485.776436 -477.271492 -466.216708 -452.177399 -432.566571 -403.328078 -342.182019 -200.115722 -139.575212 -102.900803 -76.648733 -56.836554 -37.596058 -10.782001 8.912713 23.229396 32.294311 36.207423 40.160252 42.743339 43.775465 43.844618 44.433203 45.150517 46.358058 47.327887
-9999.0 -9999.0 -9999.0 -553.230542 -545.847568 -543.342395 -547.307336 -546.299084 -540.918699 -546.762315 -547.957074 -549.108025 -549.882197 -549.969651 -550.657276 -548.829183 -548.641797 -550.391507 -549.286554 -543.555584 -541.746144 -537.858113 -535.234897 -530.807288 -527.029741 -526.149372 -524.348264 -518.657370 -503.475936 -488.028489 -455.732639 -411.101987 -364.735806 -293.333177 -199.049764 -153.241369 -122.458311 -78.671047 -25.633532 9.097470 30.565126 33.808152 36.318985 37.297563 38.708089 39.579206 41.200683 42.735953 43.928040 46.344662 48.949211 50.918536 51.857261 52.269271 56.583735 67.685801 76.190557
-9999.0 -9999.0 -551.626028 -547.461042 -550.766630 -545.799951 -540.327249 -545.035052 -538.489770 -536.713674 -544.134081 -540.524981 -538.902356 -543.665171 -541.358509 -538.704222 -537.367979 -542.743490 -546.885893 -540.664762 -526.715661 -516.546328 -513.133594 -487.438240 -473.952807 -464.953706 -460.758461 -443.978731 -419.499374 -358.485124 -209.251636 -139.046727 -92.771519 -50.926833 -20.231426 1.648738 21.339336 31.654259 36.405712 39.628849 42.340943 44.238346 46.349133 46.955302 46.975709 48.405305 50.504962 52.585021 58.756251 73.769895 89.158187 88.054451 88.732103 88.173766 87.227693 88.224058 87.672961
-9999.0 -9999.0 -556.611117 -549.572348 -554.997651 -544.429563 -534.766648 -545.536685 -543.242651 -533.606747 -537.072168 -536.606280 -539.015953 -539.535826 -536.019747 -528.117823 -532.761344 -534.523256 -544.857024 -523.684172 -506.775114 -479.429572 -422.524071 -364.638705 -280.100254 -238.448874 -202.010034 -172.974465 -145.186542 -96.217471 -34.085604 10.387166 33.076823 37.243077 39.279906 41.237386 43.568074 45.347196 46.318339 50.046477 51.382327 53.548906 69.202792 84.204862 90.420320 88.914108 89.221824 87.925744 88.030959 88.305884 86.736007 84.490227 82.711923 83.306692 84.763492 79.490100 74.075528
-9999.0 -558.059527 -554.619547 -554.691782 -547.892450 -550.975463 -543.466108 -532.612527 -534.274606 -531.080613 -532.114534 -540.372673 -520.351831 -503.488754 -499.493521 -485.687478 -493.003988 -497.480076 -509.011890 -490.193463 -453.567209 -342.883075 -154.529651 -88.634813 -45.977336 -30.307617 -25.393812 -11.683038 6.699325 29.127402 39.951897 44.343104 49.234156 52.681268 53.503912 53.478143 63.990284 77.498442 92.303193 92.796873 93.635489 92.372738 87.909630 88.585766 87.297598 88.449384 84.409242 79.397923 71.755566 66.769129 63.139234 59.068546 61.071133 64.268508 65.853358 59.683343 53.165614
-9999.0 -569.175652 -555.023064 -547.059572 -550.872049 -557.796810 -539.795877 -512.808608 -525.084589 -529.793332 -533.002805 -519.466212 -474.477058 -428.473207 -399.385181 -355.150068 -364.314450 -385.722867 -386.798579 -316.400294 -199.446897 -115.204388 -1.434432 38.765951 39.822102 42.008995 43.267250 46.347730 49.974154 52.992422 62.230675 81.088702 82.925095 81.952856 82.069906 82.167900 81.847747 82.268334 78.264194 75.336852 70.634674 70.694332 73.940671 73.377510 71.179790 68.693794 63.721060 56.735778 51.892174 51.166119 51.030096 50.723727 50.688273 51.284757 50.895340 50.500512 49.854319
-9999.0 -557.697034 -541.662252 -546.264152 -560.492651 -542.767990 -536.972626 -520.151156 -509.062585 -516.632295 -499.666539 -431.993608 -277.558534 -147.272668 -101.116072 -86.110047 -83.219990 -96.517368 -85.329685 -42.082795 13.996308 39.283075 46.750915 65.607434 70.751979 70.694753 70.290636 70.360211 70.404721 70.122827 69.781702 67.786597 71.669889 73.642757 72.181145 69.488693 65.177855 58.099771 53.402522 51.524386 50.971424 51.149655 51.969902 52.345616 51.751260 51.350164 50.988521 50.536703 50.153388 49.709323 49.745781 49.610745 49.716464 49.402075 49.170287 49.132355 48.510349
-9999.0 -577.174354 -553.796775 -574.045737 -548.225332 -526.978091 -532.868599 -504.951224 -473.878654 -469.359252 -370.244915 -166.556079 -38.623827 22.600830 33.568315 38.215459 40.485407 42.842080 46.560087 48.814648 66.940036 79.454547 78.712836 77.916800 69.334804 69.562568 62.877164 50.683105 49.392370 48.485645 48.842555 49.986187 50.776612 52.005187 51.291188 51.504567 51.487067 51.042192 51.021998 50.271924 49.656440 49.238624 49.235487 50.553571 49.743269 49.584523 49.273332 48.856131 48.396042 48.020873 47.587206 47.110828 47.197453 46.699957 47.248274 47.265599 44.530528
-9999.0 -591.371787 -574.779497 -563.318932 -541.020279 -526.221555 -513.502712 -483.823995 -415.116044 -331.447435 -155.368051 -45.022157 30.430135 41.281186 48.052815 50.210959 57.035241 57.355582 57.497046 52.335631 46.781279 45.598678 47.304700 49.989309 50.581427 51.136339 49.698528 48.531931 48.337898 48.866146 48.910248 49.007032 48.982342 48.713743 48.168334 48.311081 49.226903 48.746359 48.376317 48.236140 48.155595 47.583567 47.063308 46.706207 46.535440 46.905620 46.290764 45.482599 44.788399 44.477007 44.029189 43.687346 43.952334 43.784319 43.310304 42.389573 38.783009
-9999.0 -625.106731 -568.788837 -563.194859 -550.173548 -547.277696 -545.601076 -522.312325 -488.147283 -342.572782 -84.344392 -1.217779 30.254106 36.067007 43.682738 50.554465 50.606243 45.393696 42.361544 40.610394 41.296982 42.518839 43.794955 45.906134 47.423879 48.319251 48.435089 47.651100 46.175356 45.665801 45.651065 44.811610 44.162607 44.374961 43.904366 44.545459 45.244518 44.291447 43.394121 42.236168 41.156030 40.157854 39.721211 39.616434 39.302829 38.671387 37.561037 36.173539 34.578180 33.311910 32.520808 32.085686 31.499835 30.384419 24.618778 13.365185 -17.668391
-9999.0 -9999.0 -593.908194 -562.604036 -559.672420 -556.104531 -553.634105 -534.604950 -516.525084 -444.748839 -335.211134 -164.903257 -99.245546 -57.906324 1.894491 32.079807 33.374072 35.791993 32.126799 32.812980 33.563219 34.289239 35.985919 38.031548 40.048620 41.256031 42.122259 42.005232 40.656177 37.971316 34.925543 32.962263 31.928369 30.965829 32.058464 33.572330 33.235744 32.725008 31.768277 30.208399 26.095701 14.867745 6.317329 -1.072396 -8.013524 -17.717840 -30.088356 -49.826012 -66.890439 -80.550280 -86.038534 -90.967952 -95.848197 -105.557062 -118.021784 -138.126229 -185.946746
-9999.0 -9999.0 -631.075008 -578.641741 -558.214715 -544.511853 -547.996320 -547.751251 -519.223043 -508.434331 -489.008343 -450.949725 -411.291142 -357.928767 -220.991122 -147.604840 -123.590576 -114.737658 -110.858946 -104.285790 -88.670150 -69.754053 -47.884576 -20.200740 4.499066 19.381186 27.802095 15.913446 -2.444709 -35.751914 -69.806280 -95.528618 -107.180932 -113.075332 -110.235239 -104.654208 -108.713536 -116.364994 -126.494395 -138.764098 -150.445844 -168.472294 -191.285676 -218.844251 -234.437972 -255.524072 -281.927576 -322.853508 -354.897515 -371.177872 -381.626521 -390.071232 -394.440903 -404.077239 -415.584922 -424.143465 -444.053272
