tests/Borden05m/sims/sim_1/output-maps/psiliqL0018N0009.asc
ncols         160
nrows         34
xllcorner     620200.000000
yllcorner     5168000.000000
cellsize      0.500000
NODATA_value  -9999.0
[rows 0 to 24 of 34, columns 55 to 109 of 160]
-9999.0 -9999.0 -9999.0 -9999.0 -9999.0 -9999.0 -9999.0 -9999.0 -9999.0 -9999.0 -9999.0 -9999.0 -9999.0 -9999.0 -9999.0 -9999.0 -9999.0 -9999.0 -9999.0 -9999.0 -9999.0 -9999.0 -9999.0 -9999.0 -9999.0 -9999.0 -9999.0 -9999.0 -9999.0 -9999.0 -9999.0 -9999.0 -9999.0 -9999.0 -9999.0 -9999.0 -9999.0 -9999.0 -9999.0 -9999.0 -9999.0 -9999.0 -9999.0 -9999.0 -9999.0 -9999.0 -9999.0 -9999.0 -9999.0 -9999.0 -9999.0 -9999.0 -9999.0 -9999.0 -9999.0
-9999.0 -9999.0 -9999.0 -9999.0 1839.482567 1834.251817 1829.544733 1825.260045 1817.045412 1808.359412 1800.751677 1797.288551 1796.871695 1796.655956 1796.759157 1802.426761 1810.993150 1819.131172 1826.647154 1829.489418 1832.325475 1834.856668 1835.694133 1834.952311 1832.174900 1829.308802 1826.297081 1825.034833 1817.512264 1806.463882 1798.030264 1795.425166 1799.817161 1804.253293 1806.707502 1812.204775 1822.622934 1833.058705 1841.192259 1852.835716 1858.559743 1863.167991 1865.356931 1860.653154 1856.586256 1852.158408 1846.226309 1834.912039 -9999.0 -9999.0 -9999.0 -9999.0 -9999.0 -9999.0 -9999.0
1784.443227 1803.654858 1824.414423 1827.846380 1816.297007 1811.529269 1808.679807 1807.255143 1803.161420 1795.135585 1790.518003 1785.683813 1784.120368 1784.760464 1785.355454 1789.880172 1800.828420 1809.256069 1814.429972 1817.452955 1820.597488 1820.263275 1820.093765 1820.260820 1817.810402 1814.774548 1811.756774 1810.258333 1811.350378 1803.980034 1798.467977 1794.979154 1792.878881 1795.494468 1797.978835 1801.750844 1810.957269 1818.763437 1826.486390 1840.647648 1852.813023 1857.619722 1854.434940 1848.899528 1844.399113 1836.795021 1825.959750 1815.406886 1806.292685 1799.136965 1792.933635 1786.098146 1791.349507 1797.527449 1806.313573
1769.629375 1789.399744 1810.139415 1813.285305 1803.052195 1795.395310 1790.164876 1791.035320 1794.545822 1791.757646 1787.688965 1782.260568 1791.966326 1793.767208 1795.359937 1799.212686 1802.419220 1806.847321 1809.969687 1815.790821 1825.228153 1828.438179 1829.398448 1829.959656 1828.506569 1825.741748 1824.240468 1821.789806 1816.831100 1815.673473 1815.862821 1815.306246 1819.976880 1821.492354 1823.661524 1817.389343 1821.152008 1827.163916 1833.747420 1839.481314 1845.427432 1848.216146 1844.218473 1843.110484 1833.905361 1819.349064 1807.976213 1799.220542 1797.520645 1793.636147 1784.849949 1770.779062 1777.331402 1792.079727 1795.775988
1776.793452 1786.568071 1798.495907 1801.891349 1797.448047 1799.700383 1801.981472 1804.006909 1802.992472 1800.475553 1798.263708 1810.634959 1820.280923 1822.591170 1825.978214 1830.364894 1830.924365 1820.000268 1818.258296 1826.630468 1837.171030 1843.194262 1843.893625 1844.189974 1841.967316 1841.319931 1841.378314 1839.662138 1840.184145 1842.461892 1841.636322 1845.691442 1851.317349 1854.407581 1847.594012 1838.714399 1840.006686 1847.881107 1856.181956 1863.241788 1873.170787 1883.591540 1882.242871 1876.123022 1866.311726 1852.144879 1828.062351 1808.317407 1796.398907 1787.853096 1779.508344 1779.498965 1774.656737 1785.746865 1786.347571
1773.591191 1792.839978 1814.360837 1822.241837 1817.076499 1813.307558 1811.915574 1813.396351 1813.905590 1816.706110 1828.469258 1842.202603 1856.187997 1859.396473 1862.360727 1862.245780 1854.375611 1844.699353 1841.902076 1856.593222 1873.529544 1882.185516 1882.946770 1881.391237 1887.315856 1886.965440 1886.491732 1882.545242 1884.357539 1884.551944 1892.864004 1900.572911 1908.013763 1906.391976 1894.249603 1882.466066 1881.435139 1885.103257 1889.561770 1895.919227 1905.554296 1914.289527 1908.410633 1900.989366 1890.850975 1862.197730 1835.536666 1818.424112 1817.353995 1816.401079 1810.339662 1806.262355 1802.572576 1795.387722 1793.886665
1819.943270 1841.396812 1862.456093 1878.120641 1873.201720 1866.348950 1857.806016 1859.155585 1862.065124 1870.138788 1882.948856 1899.397033 1923.281832 1925.637209 1928.513244 1930.382169 1919.233011 1907.230089 1897.119602 1917.038183 1928.127469 1936.791855 1937.512108 1946.142377 1956.066569 1952.397868 1945.508261 1934.983265 1941.303697 1951.284079 1966.467869 1973.712887 1978.088107 1975.598351 1963.491802 1957.387051 1957.006813 1960.678389 1959.395505 1965.065886 1974.146376 1988.299316 1986.465431 1978.434898 1955.643676 1917.377490 1883.516447 1864.546434 1870.748244 1862.761393 1854.508773 1850.577845 1836.219737 1825.242033 1824.721604
1869.500449 1886.907130 1905.551453 1924.233370 1919.069360 1909.793517 1896.446720 1896.006226 1903.220252 1914.228194 1933.491269 1955.278098 1978.388558 1983.872994 1984.156178 1994.413861 1988.490136 1979.230191 1971.849098 1987.298088 1999.195201 2010.974315 2019.883300 2033.177345 2044.840103 2033.243312 2019.892260 2013.201627 2019.344220 2041.312301 2060.474914 2065.470413 2065.893157 2067.350669 2056.060089 2050.185361 2044.818318 2041.688940 2036.924590 2033.330741 2053.489932 2070.908601 2068.681870 2044.853463 2019.952600 1981.103769 1941.940877 1911.196258 1914.037588 1909.398374 1908.282240 1893.513950 1877.868421 1863.292287 1854.716344
1944.118124 1971.586131 1991.867256 2014.394796 2012.833416 1995.124881 1985.463761 1990.454877 2004.315922 2012.641824 2029.894799 2052.056798 2082.123773 2100.675119 2117.512479 2122.469414 2115.117874 2106.843403 2094.700032 2095.966099 2116.174014 2128.905674 2139.501377 2150.060145 2163.133918 2167.275616 2163.581725 2162.993297 2166.881997 2176.406045 2187.393956 2194.089520 2198.540555 2202.834369 2195.649032 2184.630336 2180.107755 2172.724538 2167.983092 2165.812272 2171.090066 2184.750981 2181.130117 2149.917133 2121.500370 2086.743347 2047.817759 2015.804032 2001.028790 2010.103064 2000.661352 1981.544131 1963.833056 1930.776091 1916.941957
2036.782755 2072.585805 2100.233645 2114.724134 2127.177760 2120.001547 2121.422547 2126.498274 2135.065213 2140.183336 2148.233013 2181.168307 2215.992227 2244.127922 2268.310177 2276.970465 2266.468450 2257.200754 2245.204063 2236.619152 2243.996043 2260.177860 2277.916842 2293.928343 2305.745020 2309.289110 2308.338765 2308.918257 2311.648237 2314.720434 2318.243980 2325.267990 2332.765068 2342.651167 2352.626408 2345.079504 2328.071122 2316.996052 2305.075290 2301.442302 2300.530573 2300.093808 2299.308830 2286.860581 2250.052531 2218.897873 2185.531651 2158.830686 2139.204898 2128.716171 2107.745524 2082.857842 2033.414715 1992.890391 1957.933771
2145.845327 2188.969847 2220.288123 2242.944862 2258.447729 2260.324422 2263.633753 2266.649428 2272.569954 2277.481099 2283.613876 2308.348481 2348.118609 2386.553249 2417.226724 2420.041367 2409.419904 2399.078324 2389.621015 2378.042947 2375.052535 2385.343612 2398.736068 2416.981854 2428.492653 2437.100192 2435.559354 2436.252192 2437.681297 2439.789108 2441.756897 2444.443515 2452.589458 2465.852216 2478.426859 2478.764094 2463.330479 2446.320786 2429.613733 2424.129009 2419.098860 2412.924637 2412.877476 2412.718985 2400.566294 2371.543156 2332.479544 2289.496613 2265.393197 2244.900146 2230.772557 2212.657314 2179.535057 2120.724472 2085.237971
2276.289858 2307.869010 2338.970609 2370.694555 2388.996211 2395.650703 2395.935329 2397.559782 2405.551291 2411.091485 2419.951703 2436.776656 2464.282519 2496.055656 2524.129047 2540.838952 2535.773205 2521.397471 2502.562946 2495.893743 2494.409164 2497.540974 2505.776829 2516.188923 2533.654080 2551.360321 2557.939725 2559.122068 2556.401832 2559.327342 2560.910533 2561.157691 2563.078307 2569.428890 2577.657523 2580.535433 2574.420884 2555.857792 2534.371807 2521.146270 2513.055027 2508.382499 2506.713024 2508.420055 2508.160472 2493.859697 2461.251630 2419.729899 2386.610147 2365.977266 2349.443279 2333.367965 2319.791496 2293.250906 2272.384851
2398.150981 2414.092757 2442.049497 2470.586642 2494.868905 2511.431478 2514.801576 2520.078663 2525.470669 2534.745974 2550.567887 2572.330903 2588.820260 2608.199279 2631.626314 2645.684244 2651.218263 2650.787811 2648.485940 2650.146653 2650.578739 2609.778123 2614.437092 2619.090293 2630.700920 2642.157148 2646.530400 2647.291877 2645.782749 2647.501663 2648.247112 2648.457160 2648.251944 2649.330040 2652.776774 2654.120591 2652.517549 2643.320597 2652.509477 2634.322614 2621.643621 2613.507885 2605.035312 2595.883313 2585.474971 2574.568374 2555.096466 2525.677831 2491.222696 2465.548577 2454.141694 2445.967822 2436.809005 2429.481346 2411.919808
2508.511722 2520.923106 2538.761488 2560.906781 2592.305104 2613.807438 2625.128215 2634.288656 2639.254114 2652.256057 2666.983623 2657.776842 2663.511906 2669.280344 2674.890511 2676.711819 2677.079297 2676.595371 2674.097937 2673.398914 2671.343283 2667.230304 2657.517856 2659.237064 2661.169248 2664.013409 2667.932252 2666.964130 2668.151368 2671.279337 2669.869723 2664.363929 2660.769305 2659.376624 2660.233014 2667.616039 2671.021045 2671.983976 2670.136522 2669.447916 2668.792775 2666.439512 2663.393172 2659.047595 2653.424087 2660.684428 2648.980336 2623.176958 2586.608373 2547.996105 2535.694748 2532.711277 2531.490323 2527.701923 2520.390826
2632.411770 2645.892150 2660.292465 2650.250234 2665.855050 2673.951329 2677.780316 2681.004786 2683.421642 2685.129795 2681.750740 2678.243791 2673.192041 2671.429598 2669.662399 2666.745844 2666.805174 2664.309338 2659.808820 2655.610301 2648.194851 2636.960732 2625.648910 2622.728774 2627.299381 2632.716190 2637.552694 2641.415386 2645.031413 2645.832102 2641.010879 2633.198315 2626.212836 2624.647921 2631.483007 2637.361378 2643.400748 2644.492391 2643.505609 2641.731950 2642.164944 2639.775188 2640.453196 2647.292835 2661.074233 2665.504949 2669.168067 2668.230460 2656.671991 2635.940160 2635.628293 2615.350486 2618.959511 2613.403743 2601.049231
2676.943405 2679.433925 2678.826561 2677.619885 2671.684374 2665.757525 2664.745060 2668.182945 2674.427432 2674.873242 2667.111381 2657.930867 2650.091771 2642.269329 2639.183011 2637.276355 2635.825636 2635.129508 2628.987699 2619.813737 2603.174211 2591.213331 2579.846576 2573.767648 2571.104443 2575.502404 2585.913634 2596.560868 2601.421612 2593.855288 2586.246372 2575.444007 2567.713535 2568.333963 2570.418538 2579.932196 2595.356071 2601.611495 2602.944574 2598.039706 2593.554691 2588.233527 2586.629236 2593.983315 2609.584267 2625.943202 2640.713881 2649.497850 2657.045064 2663.664796 2665.014527 2666.609502 2667.234155 2665.302969 2665.196792
2674.132623 2667.546206 2660.761364 2655.363128 2648.372971 2642.163422 2639.539695 2640.696162 2642.015298 2637.111174 2629.189830 2617.636425 2605.409263 2594.465856 2586.395142 2585.873987 2586.692051 2586.582534 2578.690494 2562.936199 2544.242925 2530.286269 2516.117253 2511.958653 2506.632810 2501.042831 2511.373170 2529.432674 2536.125587 2521.815389 2511.803633 2497.570144 2490.902167 2487.827579 2489.462137 2499.089007 2520.424867 2542.246372 2544.660537 2535.548735 2526.731532 2523.341061 2521.872503 2528.794982 2547.365908 2569.011931 2585.337506 2596.173697 2602.516412 2611.155186 2621.146377 2634.672364 2648.708833 2660.294468 2667.111839
2649.823273 2641.637879 2633.358030 2624.955235 2616.925106 2609.350106 2603.646261 2600.019737 2595.154785 2587.365864 2578.397890 2558.975920 2544.960017 2530.983638 2515.216784 2509.925574 2504.553453 2504.414401 2491.881502 2481.680618 2463.627845 2447.802285 2431.767475 2419.868849 2413.993637 2407.782563 2409.407664 2423.888965 2432.629135 2421.167541 2411.380283 2399.839734 2394.764861 2391.869345 2394.494613 2405.358702 2426.916106 2446.137337 2454.660218 2448.247366 2446.273787 2446.742730 2447.208950 2454.835720 2469.180882 2489.473820 2512.407766 2531.168721 2542.225186 2550.957041 2561.909994 2577.722113 2592.626934 2607.359988 2625.244678
2615.716161 2605.523800 2594.596948 2583.724708 2571.666452 2558.836389 2550.634984 2550.421940 2541.976106 2533.751352 2513.093034 2461.281792 2439.927355 2419.694281 2402.173664 2394.129797 2384.453904 2371.230570 2360.904728 2354.145099 2350.533937 2335.121425 2316.965707 2299.870364 2294.673113 2290.717443 2278.018020 2278.537879 2280.506940 2290.075153 2283.526467 2280.048060 2280.059619 2278.053030 2280.924768 2294.757241 2305.459320 2314.360193 2321.852872 2324.548006 2334.627541 2343.841646 2352.678498 2371.038477 2385.288408 2403.771974 2426.685870 2453.274222 2469.539421 2480.985942 2493.424305 2510.381128 2528.219635 2547.008246 2570.433889
2574.066564 2557.216685 2541.702491 2525.934922 2511.422049 2496.867216 2480.462245 2479.371584 2474.002198 2462.192970 2412.389513 2368.477963 2332.897353 2313.054742 2288.326271 2273.954759 2258.444096 2224.980846 2207.884612 2203.305067 2211.991739 2204.734992 2188.422357 2175.298831 2166.535120 2158.612832 2143.543917 2130.180544 2135.510439 2150.625184 2148.858288 2149.780997 2155.943653 2155.219219 2150.861496 2153.221762 2167.220991 2174.983262 2186.473499 2202.037272 2208.189877 2222.460332 2254.113956 2269.682391 2287.156784 2308.897664 2332.626819 2357.995746 2381.929704 2398.028980 2415.243940 2436.152995 2454.988542 2477.367241 2502.009396
2514.974096 2484.851695 2463.188172 2444.309436 2423.846487 2398.024451 2375.289987 2370.301938 2360.981629 2334.544006 2282.724632 2242.283446 2213.468109 2189.542021 2164.060221 2141.079883 2107.341379 2072.926069 2050.782603 2059.960065 2068.289496 2073.673543 2060.782956 2048.936644 2039.046997 2023.327317 2007.366985 1993.615022 2003.332850 2011.961022 2025.400994 2030.715088 2034.823144 2039.336944 2038.577245 2031.808797 2032.892185 2042.168343 2053.283235 2065.705868 2084.461154 2118.492004 2145.142962 2165.110751 2188.153856 2210.362712 2235.213057 2261.398235 2286.347316 2305.736234 2326.993817 2349.034038 2372.639208 2395.161757 2421.393327
2429.378055 2400.129321 2371.929794 2346.867276 2315.136226 2270.416260 2253.083689 2241.586874 2222.024878 2178.308827 2134.251799 2104.002633 2083.512995 2057.869927 2033.816128 2004.442244 1970.702797 1945.446357 1924.191480 1931.755473 1939.614387 1954.582444 1944.000772 1934.836618 1930.127409 1915.101032 1901.552755 1886.245147 1893.233679 1904.252041 1924.500183 1929.720965 1933.780207 1942.260567 1941.835860 1938.948170 1926.680687 1935.218300 1946.752528 1962.024950 1992.470530 2017.683648 2042.788403 2066.393453 2088.687037 2113.471102 2139.388637 2165.851194 2194.741305 2217.239699 2239.225246 2263.646170 2286.379983 2305.835803 2327.562355
2311.487420 2285.162690 2262.258793 2236.034735 2194.559306 2148.679646 2109.064236 2085.725772 2039.009795 2002.848982 1973.248212 1962.069822 1945.097109 1922.191838 1900.436422 1878.736069 1853.614366 1831.867280 1806.538597 1810.325923 1823.756524 1838.730127 1836.121268 1834.573735 1832.151588 1821.848510 1808.325850 1794.791805 1798.510005 1814.661771 1832.165424 1841.060645 1848.496086 1856.502662 1856.892230 1849.316948 1840.788871 1846.763936 1862.326618 1879.552581 1900.134429 1923.107905 1946.229564 1968.668274 1993.417245 2018.876383 2044.831106 2072.856990 2102.657638 2126.389641 2153.032433 2180.528618 2201.739920 2215.462956 2229.660473
2196.391680 2173.979798 2148.513443 2119.661849 2076.570433 2033.855813 1990.329470 1945.591020 1910.684896 1879.026803 1865.096123 1846.536765 1829.570687 1811.958239 1790.183108 1771.226613 1753.460996 1731.019925 1716.280416 1721.886186 1734.584981 1743.891644 1748.337403 1745.615792 1742.826410 1736.198493 1722.415288 1715.263880 1724.521992 1739.863972 1754.279471 1765.323576 1772.395256 1778.343114 1775.900201 1767.740269 1763.902868 1772.693371 1788.947668 1804.053972 1821.187649 1843.443309 1865.644506 1888.947469 1913.395034 1937.781896 1964.709892 1992.526566 2021.107696 2050.181580 2076.001337 2099.504194 2112.726310 2126.364115 2133.353825
2060.924348 2045.327704 2018.353573 1988.703112 1955.989843 1918.575353 1889.401388 1856.094153 1824.096266 1792.991979 1766.131200 1750.158470 1740.952394 1726.086512 1707.064617 1693.885429 1676.931390 1662.383434 1664.633779 1666.180201 1675.370568 1674.744484 1675.264933 1672.388598 1671.427547 1668.072430 1659.627007 1668.971567 1676.042969 1690.141266 1700.669811 1710.407760 1716.659128 1720.803776 1721.655023 1716.752891 1721.898983 1729.097498 1743.878699 1756.150901 1771.342161 1792.711105 1811.066379 1831.636833 1855.358945 1879.982637 1905.813369 1933.435880 1963.315606 1990.306922 2011.592525 2022.530665 2035.408656 2042.198945 2037.187031
