tests/Borden05m/sims/sim_1/output-maps/psiliqL0000N0019.asc
ncols         160
nrows         34
xllcorner     620200.000000
yllcorner     5168000.000000
cellsize      0.500000
NODATA_value  -9999.0
[rows 0 to 24 of 34, columns 0 to 55 of 160]
-9999.0 -9999.0 -9999.0 -9999.0 -9999.0 -9999.0 -9999.0 -9999.0 -9999.0 -9999.0 -9999.0 -9999.0 -9999.0 -9999.0 -9999.0 -9999.0 -9999.0 -9999.0 -9999.0 -9999.0 -9999.0 -9999.0 -9999.0 -9999.0 -9999.0 -9999.0 -9999.0 -9999.0 -9999.0 -9999.0 -9999.0 -9999.0 -9999.0 -9999.0 -9999.0 -9999.0 -9999.0 -9999.0 -9999.0 -9999.0 -9999.0 -9999.0 -9999.0 -9999.0 -9999.0 -9999.0 -9999.0 -9999.0 -9999.0 -9999.0 -9999.0 -9999.0 -9999.0 -9999.0 -9999.0 -9999.0
-9999.0 -9999.0 -9999.0 -9999.0 -9999.0 -9999.0 -9999.0 -9999.0 -9999.0 -9999.0 -9999.0 -9999.0 -9999.0 -9999.0 -9999.0 -9999.0 -9999.0 -9999.0 -9999.0 -9999.0 -9999.0 -9999.0 -9999.0 -9999.0 -9999.0 -9999.0 -9999.0 -9999.0 -9999.0 -9999.0 -9999.0 -9999.0 -9999.0 -9999.0 -9999.0 -9999.0 -9999.0 -9999.0 -9999.0 -9999.0 -9999.0 -9999.0 -9999.0 -9999.0 -9999.0 -9999.0 -9999.0 -9999.0 -9999.0 -9999.0 -9999.0 -9999.0 -9999.0 -9999.0 -9999.0 -9999.0
-9999.0 -9999.0 -9999.0 -9999.0 -9999.0 -9999.0 -9999.0 -9999.0 -9999.0 -9999.0 -9999.0 -9999.0 -9999.0 -9999.0 -9999.0 -9999.0 -9999.0 -9999.0 -9999.0 -9999.0 -9999.0 -9999.0 -9999.0 -9999.0 -9999.0 -9999.0 -9999.0 -9999.0 -9999.0 -9999.0 -9999.0 -9999.0 -9999.0 -9999.0 -9999.0 -9999.0 -9999.0 -9999.0 -9999.0 -9999.0 -9999.0 -9999.0 -9999.0 -9999.0 -9999.0 -9999.0 -9999.0 -622.134380 -625.209633 -628.909831 -629.890524 -625.765187 -623.869207 -622.087058 -620.862279 -619.708606
-9999.0 -9999.0 -9999.0 -9999.0 -9999.0 -9999.0 -9999.0 -9999.0 -9999.0 -9999.0 -9999.0 -9999.0 -9999.0 -9999.0 -9999.0 -9999.0 -9999.0 -9999.0 -9999.0 -9999.0 -9999.0 -9999.0 -9999.0 -9999.0 -9999.0 -9999.0 -9999.0 -9999.0 -9999.0 -9999.0 -9999.0 -9999.0 -9999.0 -9999.0 -9999.0 -9999.0 -9999.0 -9999.0 -9999.0 -9999.0 -622.234072 -620.807616 -619.633808 -621.719862 -622.628519 -622.516076 -624.714292 -627.238942 -629.831073 -629.081013 -629.027767 -630.775526 -627.909289 -625.590574 -624.736355 -623.993756
-9999.0 -9999.0 -9999.0 -9999.0 -9999.0 -9999.0 -9999.0 -9999.0 -9999.0 -9999.0 -9999.0 -9999.0 -9999.0 -9999.0 -9999.0 -9999.0 -9999.0 -9999.0 -9999.0 -9999.0 -9999.0 -9999.0 -9999.0 -9999.0 -9999.0 -9999.0 -9999.0 -9999.0 -9999.0 -9999.0 -9999.0 -9999.0 -9999.0 -9999.0 -628.928162 -626.282595 -625.076147 -623.924350 -622.213619 -622.762635 -623.229368 -621.976342 -623.092434 -623.173168 -624.591199 -627.198119 -629.825856 -631.307299 -629.783341 -630.297314 -630.282866 -628.926099 -628.067380 -627.707959 -625.791205 -622.736470
-9999.0 -9999.0 -9999.0 -9999.0 -9999.0 -9999.0 -9999.0 -9999.0 -9999.0 -9999.0 -9999.0 -9999.0 -9999.0 -9999.0 -9999.0 -9999.0 -9999.0 -9999.0 -9999.0 -9999.0 -9999.0 -9999.0 -9999.0 -9999.0 -9999.0 -9999.0 -9999.0 -9999.0 -624.998484 -626.036926 -626.835340 -626.787108 -627.153795 -628.573901 -628.933277 -628.648999 -627.208296 -624.910451 -624.509945 -624.780018 -624.596712 -625.137615 -626.679898 -626.847356 -625.154393 -626.750538 -627.520172 -628.569122 -631.183504 -631.809167 -630.299196 -628.854087 -627.598556 -627.273352 -627.070323 -626.984482
-9999.0 -9999.0 -9999.0 -9999.0 -9999.0 -9999.0 -9999.0 -9999.0 -9999.0 -9999.0 -9999.0 -9999.0 -9999.0 -9999.0 -9999.0 -9999.0 -9999.0 -9999.0 -9999.0 -9999.0 -9999.0 -9999.0 -9999.0 -626.819331 -625.853184 -625.489731 -624.650265 -625.078851 -627.101393 -628.392482 -628.955095 -629.416341 -630.487462 -630.612597 -630.620915 -629.914786 -629.383581 -626.980918 -628.156286 -628.899130 -626.811785 -627.322518 -625.989853 -624.436741 -624.807784 -624.480668 -627.348100 -629.481580 -627.202037 -626.274069 -626.380221 -626.891192 -626.154938 -625.134645 -623.853417 -621.663976
-9999.0 -9999.0 -9999.0 -9999.0 -9999.0 -9999.0 -9999.0 -9999.0 -9999.0 -9999.0 -9999.0 -9999.0 -9999.0 -9999.0 -9999.0 -9999.0 -9999.0 -9999.0 -9999.0 -626.786633 -627.082629 -627.670085 -627.439207 -629.341086 -630.144708 -629.591823 -628.555055 -629.169047 -630.269969 -631.231859 -631.115005 -630.983641 -631.223015 -629.753992 -628.562925 -628.158512 -628.452726 -626.552353 -625.974321 -624.875235 -622.023164 -623.900916 -625.740106 -626.706894 -626.782154 -627.301712 -625.538051 -624.988425 -624.832475 -624.966807 -624.905684 -624.496939 -624.268282 -621.938633 -619.750972 -617.891331
-9999.0 -9999.0 -9999.0 -9999.0 -9999.0 -9999.0 -9999.0 -9999.0 -9999.0 -9999.0 -9999.0 -9999.0 -9999.0 -9999.0 -9999.0 -9999.0 -627.063048 -627.222794 -627.941457 -629.102342 -630.124568 -630.144057 -629.354162 -630.780221 -631.246465 -630.921334 -631.542909 -630.833950 -630.069035 -629.146150 -628.730481 -629.750197 -629.549585 -629.686040 -629.793979 -629.295309 -627.139474 -625.159114 -624.719784 -623.281184 -620.690601 -622.193995 -622.835085 -622.757475 -623.683166 -622.836476 -618.916716 -619.520046 -621.159059 -616.992298 -614.799589 -615.581920 -615.996354 -613.346778 -609.250859 -603.798394
-9999.0 -9999.0 -9999.0 -9999.0 -9999.0 -9999.0 -9999.0 -9999.0 -9999.0 -9999.0 -9999.0 -9999.0 -9999.0 -627.412385 -627.554008 -627.349710 -629.187873 -630.611967 -631.477666 -632.686406 -631.139014 -632.241570 -632.587986 -632.316003 -630.942696 -630.910779 -630.746198 -629.869181 -630.155864 -630.571083 -630.970198 -631.797120 -630.615494 -629.440730 -628.622412 -626.918902 -625.607327 -624.550403 -622.600179 -622.250084 -620.913887 -621.378393 -622.969540 -623.323903 -622.072964 -618.388766 -615.544665 -614.453654 -609.210921 -603.654299 -600.863838 -597.254728 -595.439726 -592.916023 -586.587567 -567.300993
-9999.0 -9999.0 -9999.0 -9999.0 -9999.0 -9999.0 -9999.0 -9999.0 -9999.0 -9999.0 -630.372814 -629.414136 -630.808025 -633.362738 -634.496469 -633.903028 -633.282452 -634.243519 -634.216806 -631.490994 -629.997755 -632.554458 -630.774503 -630.743557 -631.834635 -631.545419 -630.816797 -630.686310 -628.972679 -628.895468 -628.846070 -626.030554 -625.294054 -624.509498 -623.427322 -622.257157 -621.185678 -616.795906 -612.994750 -613.019277 -607.617759 -604.090946 -606.887447 -607.865088 -607.047926 -602.913769 -595.930053 -585.386601 -574.007204 -556.328851 -537.914713 -523.948456 -512.721871 -499.263062 -483.506455 -460.805068
-9999.0 -9999.0 -9999.0 -9999.0 -9999.0 -9999.0 -9999.0 -9999.0 -634.161409 -632.675529 -631.721468 -632.901308 -634.480920 -637.327250 -636.244988 -635.170444 -634.443925 -633.370098 -632.849447 -632.420625 -633.066812 -632.118467 -630.388552 -630.847773 -630.646944 -629.503254 -629.463507 -628.407986 -626.805942 -627.495994 -626.560154 -625.048940 -623.702782 -622.515344 -621.089488 -620.209742 -615.644343 -609.460266 -602.571015 -596.286762 -587.034719 -574.682859 -574.457980 -572.019019 -569.094948 -549.937387 -520.033298 -486.903772 -462.267622 -441.379697 -418.766939 -405.639110 -396.467268 -384.933717 -370.687393 -357.950845
-9999.0 -9999.0 -9999.0 -9999.0 -9999.0 -9999.0 -636.384426 -633.074033 -631.461857 -635.183720 -637.992542 -638.922293 -640.602908 -636.976466 -633.698801 -633.080572 -632.596472 -632.018218 -632.341089 -634.453088 -629.385381 -630.771924 -631.746357 -630.151296 -630.274179 -630.144347 -629.159690 -626.910224 -625.865228 -621.300880 -617.861036 -614.843270 -610.852548 -608.299592 -605.558902 -602.226672 -593.168097 -578.171737 -555.847199 -528.743889 -499.388447 -472.345329 -462.387133 -457.207163 -450.946545 -438.794911 -415.869975 -390.310981 -360.004640 -330.783865 -308.284961 -297.535451 -287.949817 -277.171696 -263.926418 -249.375366
-9999.0 -9999.0 -9999.0 -9999.0 -634.608048 -633.868102 -634.449025 -631.544684 -629.512389 -634.047605 -632.389635 -633.160564 -634.614169 -636.435226 -638.611133 -637.034687 -636.137220 -635.536393 -635.782464 -630.793895 -626.619102 -629.290360 -627.097059 -622.929355 -623.811604 -623.340366 -623.107331 -621.146634 -617.501841 -612.811239 -601.972335 -591.181869 -582.751494 -572.001396 -559.931874 -541.311672 -509.694294 -474.178656 -447.494278 -420.974507 -395.218995 -373.985004 -359.420792 -350.850713 -340.333799 -327.858452 -310.960081 -286.954022 -260.034999 -228.716253 -198.953831 -182.351316 -173.880464 -163.938160 -151.510446 -133.386405
-9999.0 -9999.0 -9999.0 -636.560453 -633.315796 -632.131317 -633.666398 -633.060876 -630.563614 -632.936062 -633.380476 -633.729680 -633.900848 -633.818514 -633.947153 -633.022858 -632.881468 -633.635026 -632.964235 -629.974964 -628.537907 -625.950727 -623.978911 -620.869790 -618.193849 -617.146467 -615.697145 -611.862899 -602.111442 -589.675456 -563.935282 -519.972757 -482.343527 -461.058217 -447.493791 -428.934858 -409.744716 -381.038776 -351.954452 -324.027845 -295.809761 -271.834082 -249.691442 -235.767925 -226.951279 -218.193825 -201.575738 -181.983508 -161.583921 -130.629874 -66.808982 -48.841772 -38.585801 -32.017296 -19.824931 -7.402617
-9999.0 -9999.0 -635.982975 -634.151542 -635.376208 -633.001891 -630.398890 -632.215549 -629.079243 -627.992988 -631.081928 -629.204256 -628.202678 -630.068062 -628.728975 -627.258383 -626.626336 -629.063963 -630.838825 -627.158533 -619.362936 -612.749358 -608.706917 -591.509936 -580.348917 -572.606261 -568.374206 -554.091112 -527.161505 -482.632613 -445.529852 -406.548114 -372.007630 -344.278306 -331.971920 -317.242910 -294.860575 -271.027354 -242.210787 -215.561327 -188.506996 -163.391442 -136.411109 -87.754156 -84.074342 -71.928284 -54.415717 -35.703675 -17.997915 -1.287625 15.467880 15.934584 15.916966 16.128071 15.669858 16.093425
-9999.0 -9999.0 -638.059023 -635.021180 -637.053634 -632.123985 -627.693942 -631.974923 -630.574001 -625.899119 -627.087550 -626.481723 -626.816881 -626.256570 -624.097861 -619.781887 -622.086557 -622.950854 -627.599389 -616.322880 -605.579864 -584.732441 -536.866109 -486.379234 -457.493328 -452.417863 -449.052498 -436.934451 -417.350093 -380.003736 -331.794670 -279.562773 -237.519875 -209.862625 -196.055970 -181.750093 -158.811137 -103.385926 -87.505337 -59.360431 -43.351567 -25.410622 -6.376514 9.900094 15.757592 15.622180 15.530350 15.731461 15.489039 15.544981 15.412928 12.086090 11.070222 11.518169 12.706371 7.952987
-9999.0 -638.725565 -637.196885 -637.055414 -633.862709 -634.739009 -630.875608 -625.362033 -625.661197 -623.723441 -623.580448 -626.392142 -614.848727 -604.500273 -600.696268 -591.181574 -595.123203 -598.097122 -603.920496 -590.646580 -561.223608 -482.019796 -393.190211 -350.091325 -331.588103 -331.345431 -335.522105 -323.437508 -298.437353 -256.486957 -185.095995 -94.413036 -58.981951 -33.099250 -25.352719 -24.111224 -12.250860 2.577059 18.402291 19.924365 20.496182 19.867327 15.653727 15.764099 15.278105 15.697439 12.515890 6.796359 0.023576 -6.249969 -10.065535 -14.555308 -12.299627 -9.112777 -7.577851 -14.396902
-9999.0 -643.329858 -637.321100 -633.721560 -634.994604 -637.177107 -628.333207 -615.491795 -620.088583 -621.438891 -621.601587 -612.125365 -582.686948 -548.386579 -519.141809 -487.979510 -489.269515 -499.529407 -497.164880 -468.507762 -425.559683 -356.744307 -255.149828 -188.732934 -199.430417 -199.110024 -195.082565 -174.977222 -144.726348 -106.560497 -15.468796 7.319358 9.385640 9.368297 9.347127 9.398286 9.335688 9.381328 5.922943 2.699138 -3.992052 -2.340033 1.463529 1.188000 -2.082418 -4.874764 -9.963632 -18.008590 -53.122107 -68.860949 -74.422445 -78.637561 -80.505637 -80.235830 -84.405198 -91.051485
-9999.0 -638.398902 -631.625977 -633.268382 -638.591205 -630.107280 -626.639131 -617.432709 -609.878461 -611.578680 -598.337056 -549.676706 -480.918237 -430.799460 -398.893383 -380.621790 -368.140463 -368.248396 -347.032754 -299.387162 -223.969546 -103.112273 -62.896396 -16.932791 -73.094418 -96.288662 -105.137733 -106.338273 -101.549845 -89.231279 -63.527283 -7.120360 -2.042603 0.784457 -1.213212 -4.133449 -8.561595 -16.051424 -21.464190 -26.242759 -63.469227 -63.673143 -28.523094 -29.001210 -65.458606 -75.252910 -82.263644 -90.814812 -102.926852 -113.443828 -119.122965 -123.950268 -126.683437 -131.225742 -136.447330 -142.923837
-9999.0 -646.037121 -636.454270 -644.326550 -632.425478 -622.800559 -624.055497 -608.158286 -587.290694 -576.207325 -504.017637 -441.296262 -378.342747 -332.048219 -296.306197 -258.331250 -232.469968 -205.676359 -171.153845 -130.831813 -16.546950 2.351571 2.351388 2.351570 -12.279163 -88.473330 -111.492370 -133.096183 -140.697406 -139.934839 -125.919914 -102.765639 -84.860675 -38.185493 -75.838827 -80.234586 -81.990264 -85.903522 -89.880411 -99.265822 -111.627419 -116.897039 -113.639886 -108.912517 -119.759859 -126.728280 -134.313458 -143.548532 -153.979791 -163.428799 -171.792715 -179.053926 -182.473069 -188.397897 -190.125827 -197.118999
-9999.0 -651.858666 -644.937847 -639.396809 -629.081782 -621.923776 -613.833108 -595.577432 -545.482272 -480.313854 -423.829954 -391.623455 -339.281675 -280.678088 -222.779051 -192.214954 -175.914556 -169.391134 -159.049204 -148.468278 -145.226210 -83.658954 -70.534929 -51.914056 -107.300252 -129.076449 -148.467778 -163.225333 -168.897164 -165.504670 -159.326827 -150.914086 -143.667879 -137.275230 -142.891696 -143.079450 -139.697364 -144.926964 -151.995377 -159.447554 -166.836875 -174.307237 -178.681582 -181.537510 -185.608841 -187.668631 -195.731815 -206.379552 -217.083682 -225.503050 -233.666571 -240.076705 -242.344346 -246.783049 -252.438757 -262.183765
-9999.0 -664.679016 -642.493988 -639.517615 -633.232883 -631.307013 -629.229353 -616.416406 -593.040895 -489.855619 -366.061897 -353.249517 -335.574832 -302.799983 -247.754314 -198.469338 -192.221635 -219.795469 -239.911194 -247.081863 -236.810915 -215.170810 -197.892041 -180.794803 -179.051511 -181.501554 -188.162984 -198.953039 -211.149567 -215.245943 -214.482560 -216.611342 -217.685597 -214.749154 -216.189062 -211.704007 -208.350812 -216.876032 -228.170217 -241.650983 -253.675779 -262.485628 -265.574872 -265.487743 -266.801857 -270.214686 -277.521015 -287.050391 -298.519820 -308.764162 -316.730859 -322.238769 -327.637212 -334.920254 -343.077243 -351.995196
-9999.0 -9999.0 -652.471217 -639.546588 -637.683352 -635.569260 -633.426916 -623.509358 -612.106499 -565.626081 -491.884672 -445.246198 -414.606953 -383.995663 -338.488243 -299.144318 -293.483835 -288.088121 -312.173873 -311.661075 -305.091847 -296.511437 -285.083452 -273.845935 -265.872484 -262.238065 -260.658295 -263.425091 -271.584769 -283.143811 -295.318752 -303.636071 -308.318379 -311.602502 -304.825591 -295.425794 -296.429212 -302.207402 -312.161981 -325.389089 -336.629954 -347.787350 -350.811219 -350.047586 -350.346849 -353.240029 -358.161926 -369.008556 -379.960913 -391.072522 -396.391071 -401.518205 -406.598640 -415.263397 -423.958620 -433.557048
-9999.0 -9999.0 -666.877365 -646.174671 -637.254966 -631.062992 -631.707979 -629.804380 -615.772616 -607.970550 -594.816988 -571.432544 -539.567718 -498.219293 -470.651449 -441.104985 -428.100042 -421.721976 -421.549982 -414.178529 -398.882933 -383.980569 -373.394818 -363.065036 -353.666845 -346.312302 -339.826384 -348.042598 -356.335782 -368.510693 -383.372268 -399.604594 -408.211284 -413.194405 -409.547435 -403.303647 -407.042083 -414.992364 -425.693151 -437.796855 -446.610639 -454.835067 -457.108712 -457.862378 -457.999402 -459.694980 -462.102016 -469.308570 -479.460833 -488.259401 -496.016345 -503.172429 -507.777947 -516.773249 -527.882868 -536.415903
