tests/Borden05m/sims/sim_1/output-maps/psiliqL0006N0012.asc
ncols         160
nrows         34
xllcorner     620200.000000
yllcorner     5168000.000000
cellsize      0.500000
NODATA_value  -9999.0
[rows 0 to 24 of 34, columns 0 to 55 of 160]
-9999.0 -9999.0 -9999.0 -9999.0 -9999.0 -9999.0 -9999.0 -9999.0 -9999.0 -9999.0 -9999.0 -9999.0 -9999.0 -9999.0 -9999.0 -9999.0 -9999.0 -9999.0 -9999.0 -9999.0 -9999.0 -9999.0 -9999.0 -9999.0 -9999.0 -9999.0 -9999.0 -9999.0 -9999.0 -9999.0 -9999.0 -9999.0 -9999.0 -9999.0 -9999.0 -9999.0 -9999.0 -9999.0 -9999.0 -9999.0 -9999.0 -9999.0 -9999.0 -9999.0 -9999.0 -9999.0 -9999.0 -9999.0 -9999.0 -9999.0 -9999.0 -9999.0 -9999.0 -9999.0 -9999.0 -9999.0
-9999.0 -9999.0 -9999.0 -9999.0 -9999.0 -9999.0 -9999.0 -9999.0 -9999.0 -9999.0 -9999.0 -9999.0 -9999.0 -9999.0 -9999.0 -9999.0 -9999.0 -9999.0 -9999.0 -9999.0 -9999.0 -9999.0 -9999.0 -9999.0 -9999.0 -9999.0 -9999.0 -9999.0 -9999.0 -9999.0 -9999.0 -9999.0 -9999.0 -9999.0 -9999.0 -9999.0 -9999.0 -9999.0 -9999.0 -9999.0 -9999.0 -9999.0 -9999.0 -9999.0 -9999.0 -9999.0 -9999.0 -9999.0 -9999.0 -9999.0 -9999.0 -9999.0 -9999.0 -9999.0 -9999.0 -9999.0
-9999.0 -9999.0 -9999.0 -9999.0 -9999.0 -9999.0 -9999.0 -9999.0 -9999.0 -9999.0 -9999.0 -9999.0 -9999.0 -9999.0 -9999.0 -9999.0 -9999.0 -9999.0 -9999.0 -9999.0 -9999.0 -9999.0 -9999.0 -9999.0 -9999.0 -9999.0 -9999.0 -9999.0 -9999.0 -9999.0 -9999.0 -9999.0 -9999.0 -9999.0 -9999.0 -9999.0 -9999.0 -9999.0 -9999.0 -9999.0 -9999.0 -9999.0 -9999.0 -9999.0 -9999.0 -9999.0 -9999.0 -696.584252 -714.228751 -731.584982 -733.105342 -710.362131 -687.440865 -664.308316 -644.334683 -626.083187
-9999.0 -9999.0 -9999.0 -9999.0 -9999.0 -9999.0 -9999.0 -9999.0 -9999.0 -9999.0 -9999.0 -9999.0 -9999.0 -9999.0 -9999.0 -9999.0 -9999.0 -9999.0 -9999.0 -9999.0 -9999.0 -9999.0 -9999.0 -9999.0 -9999.0 -9999.0 -9999.0 -9999.0 -9999.0 -9999.0 -9999.0 -9999.0 -9999.0 -9999.0 -9999.0 -9999.0 -9999.0 -9999.0 -9999.0 -9999.0 -649.297817 -643.571229 -641.876079 -653.118326 -664.654180 -676.368324 -696.269306 -714.277022 -730.363649 -733.608257 -731.337800 -725.582511 -702.636931 -679.092693 -660.260180 -643.165980
-9999.0 -9999.0 -9999.0 -9999.0 -9999.0 -9999.0 -9999.0 -9999.0 -9999.0 -9999.0 -9999.0 -9999.0 -9999.0 -9999.0 -9999.0 -9999.0 -9999.0 -9999.0 -9999.0 -9999.0 -9999.0 -9999.0 -9999.0 -9999.0 -9999.0 -9999.0 -9999.0 -9999.0 -9999.0 -9999.0 -9999.0 -9999.0 -9999.0 -9999.0 -739.889270 -722.439770 -704.696915 -686.879988 -670.769698 -664.586993 -658.887889 -653.218395 -657.426622 -662.608165 -674.178027 -692.658636 -712.668598 -727.386767 -730.559929 -733.574393 -729.488652 -716.607250 -700.524123 -684.506525 -664.151556 -641.842844
-9999.0 -9999.0 -9999.0 -9999.0 -9999.0 -9999.0 -9999.0 -9999.0 -9999.0 -9999.0 -9999.0 -9999.0 -9999.0 -9999.0 -9999.0 -9999.0 -9999.0 -9999.0 -9999.0 -9999.0 -9999.0 -9999.0 -9999.0 -9999.0 -9999.0 -9999.0 -9999.0 -9999.0 -734.302551 -740.423548 -745.960112 -747.824469 -749.497628 -751.136359 -744.442139 -732.268473 -714.193929 -693.307512 -681.114910 -674.463316 -668.410464 -667.934282 -672.995529 -675.679064 -675.953083 -687.885213 -699.794036 -710.989696 -721.802383 -723.202951 -714.095307 -700.975268 -685.746503 -671.761295 -657.290539 -643.915926
-9999.0 -9999.0 -9999.0 -9999.0 -9999.0 -9999.0 -9999.0 -9999.0 -9999.0 -9999.0 -9999.0 -9999.0 -9999.0 -9999.0 -9999.0 -9999.0 -9999.0 -9999.0 -9999.0 -9999.0 -9999.0 -9999.0 -9999.0 -762.494544 -756.429385 -750.256046 -743.316196 -742.806892 -747.568470 -753.651467 -757.325436 -759.370238 -761.300593 -757.423793 -749.270180 -735.953332 -720.495568 -699.596428 -691.566265 -685.152273 -673.072509 -671.631627 -667.879859 -664.431555 -666.837583 -669.842575 -681.924526 -690.908219 -685.196141 -679.349166 -673.790540 -667.299011 -655.258213 -640.245543 -623.028599 -602.844085
-9999.0 -9999.0 -9999.0 -9999.0 -9999.0 -9999.0 -9999.0 -9999.0 -9999.0 -9999.0 -9999.0 -9999.0 -9999.0 -9999.0 -9999.0 -9999.0 -9999.0 -9999.0 -9999.0 -786.635724 -786.066356 -785.458426 -781.263679 -780.482552 -778.492078 -771.818179 -764.067776 -762.548848 -764.457514 -766.696850 -765.625484 -763.480379 -759.922088 -748.828278 -735.496534 -721.949737 -708.272533 -688.096560 -673.997230 -660.491145 -644.857617 -647.257496 -652.611360 -655.633243 -655.900889 -655.737301 -649.309893 -645.687524 -640.843710 -635.103817 -628.490063 -620.590423 -610.989831 -593.119267 -573.214692 -553.031230
-9999.0 -9999.0 -9999.0 -9999.0 -9999.0 -9999.0 -9999.0 -9999.0 -9999.0 -9999.0 -9999.0 -9999.0 -9999.0 -9999.0 -9999.0 -9999.0 -814.227197 -812.598223 -810.874811 -805.901867 -803.976847 -800.433377 -794.022604 -793.476628 -789.996336 -783.372123 -778.794833 -770.930048 -763.736303 -756.922548 -751.568594 -749.465836 -742.188046 -733.109343 -721.822531 -706.625887 -685.219190 -663.493839 -647.996123 -632.197226 -616.288721 -616.944117 -618.977557 -618.664359 -618.426351 -610.358536 -592.269382 -586.482401 -582.775426 -563.171411 -549.012833 -543.979368 -537.376183 -519.813748 -495.501135 -465.997893
-9999.0 -9999.0 -9999.0 -9999.0 -9999.0 -9999.0 -9999.0 -9999.0 -9999.0 -9999.0 -9999.0 -9999.0 -9999.0 -857.119305 -853.166741 -844.506851 -837.234362 -835.535014 -832.228585 -827.174503 -815.508424 -812.527176 -806.799155 -799.641559 -789.005154 -781.117850 -772.427021 -761.271538 -753.383974 -746.818033 -740.292723 -733.880628 -720.565260 -705.715132 -690.347491 -670.780987 -650.208438 -629.791656 -609.289324 -595.401678 -581.749670 -578.355121 -581.369535 -580.726071 -572.789229 -554.155023 -534.731644 -520.581225 -496.288938 -470.061163 -453.018435 -437.112763 -425.877669 -410.798983 -384.142943 -330.923333
-9999.0 -9999.0 -9999.0 -9999.0 -9999.0 -9999.0 -9999.0 -9999.0 -9999.0 -9999.0 -892.874737 -890.286826 -893.961662 -892.976654 -888.901893 -877.568146 -865.106337 -858.497705 -847.983998 -828.209670 -811.971994 -809.059749 -794.668248 -785.445982 -779.592499 -769.446155 -756.958321 -744.526749 -727.669541 -715.645100 -703.282647 -682.806490 -667.182416 -651.785696 -635.157084 -616.647808 -596.069297 -565.831114 -538.592353 -524.150163 -498.670866 -482.556520 -486.404030 -486.673853 -478.871350 -458.056056 -427.699228 -389.925626 -354.136647 -310.787236 -272.670260 -245.652847 -225.913557 -205.178652 -182.031660 -147.275961
-9999.0 -9999.0 -9999.0 -9999.0 -9999.0 -9999.0 -9999.0 -9999.0 -916.371060 -909.954051 -903.767067 -907.053122 -912.146130 -915.355275 -903.073354 -887.753621 -872.398712 -856.252875 -840.952075 -823.941362 -808.850374 -792.758636 -774.418919 -763.268496 -752.043315 -737.680845 -724.753851 -707.278142 -686.776323 -672.206769 -653.208761 -632.161264 -613.302007 -596.266827 -578.897693 -561.244921 -531.584577 -495.477718 -459.487429 -428.684110 -392.476745 -356.175164 -352.187047 -345.441240 -335.746980 -292.403188 -236.817774 -187.117636 -151.285924 -123.719365 -97.077754 -81.619362 -70.775861 -57.236077 -40.541396 -24.958048
-9999.0 -9999.0 -9999.0 -9999.0 -9999.0 -9999.0 -941.166523 -917.385784 -903.043667 -911.022832 -918.564973 -921.937698 -925.383108 -908.372392 -887.814668 -871.740250 -855.812479 -839.325111 -823.885832 -809.157502 -774.188593 -759.323626 -744.997946 -725.383861 -712.523357 -699.630562 -683.200954 -660.355306 -637.620553 -604.543428 -573.680947 -545.875898 -518.802564 -498.149732 -478.277975 -455.801285 -416.480620 -364.397677 -306.520388 -251.672684 -204.366033 -164.993542 -150.573018 -143.072633 -135.011498 -118.570852 -90.372148 -60.747396 -28.209480 1.221532 23.068105 33.095308 43.012007 55.166191 70.371470 86.618850
-9999.0 -9999.0 -9999.0 -9999.0 -974.126274 -953.431490 -932.913972 -902.338127 -880.072342 -885.976391 -878.678185 -878.210684 -879.532604 -878.021150 -873.346823 -856.184089 -839.586166 -822.958729 -804.644651 -766.526988 -726.845363 -710.802372 -684.048937 -652.768387 -639.703182 -625.987424 -611.756062 -589.318657 -558.889758 -522.099951 -470.027412 -421.378170 -384.568529 -349.971829 -317.066154 -275.782725 -220.026988 -167.795610 -129.659226 -96.645572 -66.658111 -41.926887 -26.248867 -18.438022 -8.728019 3.698001 20.944062 45.934025 74.591321 107.231928 131.228335 143.970832 152.385473 165.668791 181.315953 205.243347
-9999.0 -9999.0 -9999.0 -1019.588289 -981.482319 -945.426852 -918.048492 -887.458696 -856.546121 -849.794308 -842.184653 -835.429905 -828.418899 -819.790125 -809.668916 -794.415561 -782.020601 -771.513704 -751.954940 -716.302904 -680.744004 -646.099022 -614.370539 -582.637075 -558.696816 -542.935419 -526.539690 -500.550916 -455.675988 -403.328629 -327.941422 -239.334558 -182.238873 -150.521211 -130.847284 -107.107815 -83.295484 -50.615122 -20.125788 8.625728 37.987357 63.604656 86.839994 95.060104 100.831401 109.270873 125.071113 147.134791 171.062649 208.176792 234.190095 245.619653 257.279775 273.627378 289.492738 305.415955
-9999.0 -9999.0 -1065.363700 -1029.069056 -993.430080 -941.315600 -889.382872 -856.810598 -816.505233 -791.155136 -784.249316 -765.355958 -748.485947 -740.133303 -723.198060 -706.312447 -695.402319 -694.116590 -684.046301 -647.456655 -592.728118 -541.270592 -501.060353 -434.210320 -391.590245 -363.142192 -345.276997 -307.495011 -251.645297 -183.827050 -131.124033 -83.836888 -45.279973 -15.365766 -2.055167 13.533485 35.820213 57.512810 84.845316 113.132514 141.677145 169.805999 202.472503 212.270077 209.916819 227.931810 242.429381 269.288947 290.766568 311.118741 326.130745 327.159986 328.437192 330.853860 332.422356 333.612177
-9999.0 -9999.0 -1089.409628 -1046.032116 -1002.171740 -930.463539 -857.097103 -819.684898 -777.044761 -733.926866 -715.311675 -692.721510 -672.007341 -651.780514 -628.511226 -604.281982 -602.718702 -601.674160 -603.467295 -548.539458 -484.932719 -400.048494 -284.233642 -195.822924 -150.522589 -140.244743 -133.850005 -117.312972 -92.588447 -49.087547 -0.486574 48.587156 89.789049 117.400079 131.116204 145.548426 166.379486 193.179479 203.149333 240.351594 261.063688 281.750834 305.168995 322.660467 328.087843 329.473804 327.256674 330.033268 331.795642 332.870380 332.768945 329.274086 328.473819 329.559715 330.690317 325.865326
-9999.0 -1174.368090 -1122.793374 -1068.124427 -996.700350 -926.323132 -838.887400 -757.902991 -711.165917 -671.607333 -644.426491 -623.294189 -563.488274 -509.507679 -479.200123 -444.132984 -448.271491 -453.719583 -462.592803 -411.363696 -326.004150 -190.116723 -75.645863 -17.151709 14.388012 18.996631 15.960711 29.395737 53.987501 91.415813 148.678958 197.842554 238.912571 268.210521 277.858656 280.929234 294.825936 312.362490 323.448545 330.093566 332.746586 334.723298 332.227764 332.793481 333.176893 333.162382 329.982602 323.823384 316.243461 310.856845 306.290484 299.906282 302.122070 306.915940 308.083833 299.254841
-9999.0 -1207.604024 -1146.860862 -1073.656002 -1000.990744 -919.221715 -802.728268 -680.315877 -637.507462 -605.570133 -574.569290 -517.623434 -411.340826 -314.178103 -250.114008 -197.475683 -197.787544 -211.373259 -209.809850 -167.847246 -112.533359 -38.072846 78.578838 168.102220 179.695324 190.346600 198.474178 219.429556 246.029478 269.736465 290.179833 310.790270 317.993865 320.796704 321.809660 322.459353 323.250187 323.373201 320.345035 317.103132 313.042817 313.483394 317.202445 317.111123 314.625193 311.732250 305.421602 295.428153 288.319518 282.446488 276.287540 264.459387 262.856786 271.677392 267.935968 251.744677
-9999.0 -1228.907811 -1160.648828 -1093.881036 -1015.748988 -885.538732 -765.750798 -641.033784 -555.262211 -517.708170 -452.256717 -320.419572 -189.766801 -112.288768 -68.502381 -42.234800 -26.608048 -28.468475 -8.072670 43.516173 116.862863 184.897690 235.785684 291.675696 300.869630 302.496006 299.509651 301.693325 303.920383 304.817886 305.841419 305.825817 310.976648 313.537573 312.557196 309.744570 304.510010 294.284751 288.700290 285.385458 282.111012 282.177066 285.148255 285.743350 283.229623 278.692507 270.435127 253.875626 243.427122 234.609313 228.414255 221.163000 218.541502 216.467842 211.336931 201.693329
-9999.0 -1309.723974 -1227.936687 -1162.526356 -1017.852355 -857.018780 -735.881142 -582.642796 -449.989150 -378.271405 -227.935957 -125.103701 -42.204073 12.535132 51.550363 91.795249 119.952268 148.701216 189.180648 229.433742 274.875679 299.387401 305.831686 309.499562 303.691273 303.868781 294.834453 274.936379 264.383631 257.868553 259.841478 267.162033 273.384774 279.266260 277.180884 276.522614 272.535795 256.674376 248.910799 239.910219 232.313723 227.314117 226.556243 231.967470 226.683281 222.141098 214.094409 202.106118 191.127043 181.784929 173.054790 165.110924 161.755872 156.498906 154.747144 146.690706
-9999.0 -1390.331509 -1310.395668 -1198.496036 -1039.982083 -877.451644 -724.577444 -552.469927 -337.788931 -192.155399 -98.345325 -52.400287 7.169160 67.986011 127.150343 160.841950 179.874247 189.446527 200.942170 218.659454 216.419994 216.034213 231.622516 253.394799 261.529898 262.119363 241.269158 223.165280 214.129556 212.650276 211.973854 212.258871 212.204128 210.880231 207.370479 207.490331 208.966829 198.828533 189.165401 181.244750 174.745027 167.499321 162.651573 160.202802 157.967000 156.962553 148.809068 137.295184 126.066440 117.414130 109.093481 102.591384 100.286078 95.978155 90.080605 80.005744
-9999.0 -1471.571475 -1359.546878 -1251.938999 -1109.193275 -967.456017 -826.202023 -657.064761 -487.216513 -215.337567 -49.363299 -17.152381 6.594225 46.061407 102.957435 155.456022 162.620662 136.924465 117.551841 111.199191 120.135137 131.879512 147.067703 167.515478 182.043246 187.954030 182.610449 170.615124 156.063766 148.324422 144.353489 137.105854 131.508398 130.901567 128.860896 132.963303 134.806676 124.371309 111.789435 97.810145 85.970321 77.380065 74.647730 75.364449 74.840059 71.810773 64.654701 54.715821 42.767139 32.046575 23.984198 18.345597 12.665099 4.987013 -3.545226 -12.767238
-9999.0 -9999.0 -1426.223290 -1313.077355 -1193.327409 -1061.716929 -927.403257 -767.522190 -612.454749 -399.352657 -222.743014 -137.868632 -91.684557 -50.640139 1.194086 44.688480 53.554641 62.150557 40.519875 40.701672 45.292158 50.936403 61.526395 74.094582 85.951110 92.894147 95.884686 92.570410 83.015079 68.663666 52.612385 40.353959 32.610444 27.029764 33.363645 42.535743 40.564789 34.060824 23.580727 10.263217 -0.626418 -11.544675 -14.196589 -13.152119 -13.093969 -15.771476 -20.635526 -32.356140 -44.716213 -57.181517 -63.539447 -69.794885 -75.821884 -86.225499 -97.069871 -109.014444
-9999.0 -9999.0 -1506.947179 -1394.183400 -1269.538226 -1141.386133 -1029.118131 -908.520215 -747.835772 -625.675210 -519.577300 -417.668804 -315.330466 -228.078164 -179.288271 -133.856896 -112.689255 -103.405235 -99.866908 -87.424584 -68.274934 -48.983585 -35.522686 -23.922761 -13.095366 -4.291899 2.791522 -6.508511 -15.933267 -30.165005 -48.607920 -69.248018 -80.819400 -86.590639 -83.343705 -77.185644 -81.949672 -91.185983 -104.060576 -118.584565 -129.702282 -140.030453 -143.162456 -144.626506 -145.116536 -147.597999 -151.253122 -161.807893 -176.921673 -189.639819 -201.037941 -211.407378 -218.717861 -232.945432 -252.068683 -268.970766
