tests/Borden05m/sims/sim_1/output-maps/psiliqL0000N0018.asc
ncols         160
nrows         34
xllcorner     620200.000000
yllcorner     5168000.000000
cellsize      0.500000
NODATA_value  -9999.0
[rows 0 to 24 of 34, columns 56 to 111 of 160]
-9999.0 -9999.0 -9999.0 -9999.0 -9999.0 -9999.0 -9999.0 -9999.0 -9999.0 -9999.0 -9999.0 -9999.0 -9999.0 -9999.0 -9999.0 -9999.0 -9999.0 -9999.0 -9999.0 -9999.0 -9999.0 -9999.0 -9999.0 -9999.0 -9999.0 -9999.0 -9999.0 -9999.0 -9999.0 -9999.0 -9999.0 -9999.0 -9999.0 -9999.0 -9999.0 -9999.0 -9999.0 -9999.0 -9999.0 -9999.0 -9999.0 -9999.0 -9999.0 -9999.0 -9999.0 -9999.0 -9999.0 -9999.0 -9999.0 -9999.0 -9999.0 -9999.0 -9999.0 -9999.0 -9999.0 -9999.0
-9999.0 -9999.0 -9999.0 -608.944803 -610.031559 -610.795749 -611.236338 -612.758627 -613.937016 -615.320956 -615.544777 -615.392917 -615.638828 -616.174418 -615.440127 -614.488289 -613.667200 -612.525709 -612.727645 -612.582151 -612.142511 -612.023571 -612.225494 -612.752609 -613.099471 -613.507681 -612.978622 -614.557388 -616.599297 -618.161521 -618.480062 -617.157286 -616.365519 -616.498774 -615.739050 -614.104182 -612.691091 -612.183720 -610.484690 -610.698735 -610.008859 -608.912176 -609.793110 -610.022444 -609.922552 -609.633821 -611.970500 -9999.0 -9999.0 -9999.0 -9999.0 -9999.0 -9999.0 -9999.0 -9999.0 -9999.0
-613.571809 -610.507912 -610.678354 -615.020123 -615.452450 -615.561269 -615.380254 -616.021279 -617.645536 -618.061511 -619.252875 -619.754833 -619.888210 -620.353845 -619.966779 -618.000801 -616.591999 -616.176231 -616.455577 -616.591167 -616.995498 -617.293957 -617.202781 -617.697928 -618.156356 -618.644212 -618.519752 -617.321491 -618.807708 -619.549324 -620.266561 -621.013623 -620.719843 -620.477135 -620.380212 -618.511082 -617.758305 -617.212950 -614.672292 -612.297278 -611.657154 -612.601206 -613.653266 -613.419039 -613.541583 -614.539966 -615.516038 -615.608455 -616.093421 -616.303664 -617.175418 -615.826822 -615.812391 -614.258403 -612.933218 -611.386841
-617.564651 -614.080476 -614.286909 -617.575221 -619.559144 -620.148921 -619.735823 -618.379517 -618.935725 -620.089732 -621.797380 -619.857409 -620.116423 -620.287438 -619.930089 -619.269134 -619.035804 -618.719442 -618.242971 -616.462032 -616.581858 -616.729885 -616.640507 -616.950473 -617.524120 -617.485697 -617.802727 -619.279485 -619.045268 -618.681459 -618.984778 -617.521307 -617.437422 -616.629934 -619.194198 -618.773445 -618.133189 -617.659352 -617.289390 -616.856474 -616.276502 -617.391628 -616.632711 -617.564771 -619.599339 -620.149051 -620.038495 -618.493437 -617.706074 -618.707110 -622.183445 -620.343515 -616.442992 -616.707488 -617.280513 -615.330673
-619.806906 -619.045312 -619.466842 -620.835548 -619.542452 -618.491347 -617.816225 -618.435400 -619.678905 -621.147031 -617.971744 -616.645034 -617.321927 -616.952297 -616.049786 -616.049974 -619.979607 -620.998767 -619.457200 -617.823166 -617.116763 -617.813702 -618.148046 -618.794856 -618.792993 -618.395068 -618.826070 -618.211299 -617.670738 -618.292066 -617.258985 -616.102935 -615.020101 -617.525152 -619.775912 -619.658841 -617.810609 -616.448054 -615.719137 -613.727518 -610.647822 -611.165304 -611.903114 -612.319426 -612.803825 -616.443449 -619.717983 -621.010254 -621.569921 -622.513076 -621.807107 -622.458286 -619.389140 -619.616079 -620.095083 -618.570865
-622.438243 -618.552758 -617.561971 -619.690114 -620.869585 -621.411419 -621.084909 -621.486632 -621.384449 -618.541052 -616.939173 -614.238021 -615.154865 -615.055253 -615.156444 -617.866366 -619.920904 -621.304571 -617.232204 -613.942331 -612.829217 -613.661616 -614.336835 -611.379059 -612.267542 -612.697094 -614.468713 -613.826103 -614.000800 -610.822597 -609.578473 -607.921202 -608.568914 -611.683505 -614.292409 -614.467896 -614.217360 -614.540382 -613.781218 -611.758374 -609.213014 -611.019190 -611.908059 -611.925070 -617.475839 -621.786588 -623.293776 -620.466566 -618.843364 -619.160893 -618.915629 -618.816478 -620.924001 -620.440866 -620.215026 -621.177746
-614.579320 -612.285554 -608.542955 -611.047362 -612.861632 -616.021097 -615.691539 -615.282896 -614.163164 -612.555609 -609.538254 -603.842415 -604.828734 -604.403042 -602.519466 -605.619096 -608.530597 -612.807955 -608.093962 -606.899294 -605.216676 -605.317074 -601.508796 -598.099153 -600.196230 -603.092216 -606.429519 -604.383612 -599.807090 -595.447048 -594.329978 -593.772115 -592.959170 -596.056409 -596.983196 -597.740228 -597.545209 -599.577845 -599.481201 -596.169395 -590.540733 -589.933896 -592.900186 -598.408895 -606.425307 -613.532912 -617.359861 -613.345755 -614.598967 -615.196224 -614.600888 -617.265937 -618.843607 -616.727668 -618.715687 -620.234105
-611.893874 -609.519712 -605.145663 -606.922904 -610.332967 -613.884517 -613.809974 -611.643783 -610.519791 -606.266722 -600.009334 -592.333619 -587.532442 -583.332861 -578.831098 -582.272210 -586.118269 -590.428448 -589.737022 -584.570736 -579.128004 -572.567779 -564.924091 -556.302547 -558.718221 -563.341669 -563.815890 -561.775516 -551.980536 -542.022574 -537.562678 -534.639456 -529.399228 -533.113746 -539.930817 -547.499016 -554.616824 -560.496699 -564.772642 -556.669564 -547.390373 -549.222335 -565.627357 -578.218178 -590.538061 -600.964490 -610.895975 -611.007488 -609.422478 -608.046751 -611.557447 -613.347220 -616.566597 -617.355027 -617.170764 -620.496543
-590.853969 -584.430669 -576.826802 -573.238787 -579.925520 -580.908676 -578.446461 -573.166517 -570.942937 -564.103663 -542.712740 -507.265017 -478.343457 -457.949424 -454.286736 -461.078795 -469.185995 -482.716150 -490.386156 -478.718224 -467.055267 -457.166214 -448.939307 -441.109431 -435.385039 -435.758757 -435.677945 -433.948492 -431.803125 -427.757753 -422.742227 -417.526804 -411.667030 -409.484058 -416.435039 -423.763285 -431.727836 -438.982335 -441.141120 -443.258459 -439.545842 -440.055391 -453.054829 -472.991004 -502.071090 -537.428128 -561.559238 -576.035593 -576.595061 -583.141547 -588.418052 -594.152725 -604.842060 -607.957968 -609.760388 -617.788717
-536.991009 -507.587951 -488.612617 -472.499511 -470.258716 -466.919190 -464.011113 -459.377726 -455.362285 -450.533601 -427.788938 -398.885296 -370.228450 -346.614761 -337.106461 -344.949517 -353.871424 -363.984003 -373.042246 -373.429362 -362.258302 -348.192544 -334.218545 -325.049128 -321.723953 -323.235605 -323.066389 -322.085477 -319.191891 -317.309958 -313.471777 -307.335281 -297.394510 -285.187038 -287.667030 -303.139033 -316.387095 -332.308342 -340.620459 -344.316827 -349.746478 -350.417988 -350.748794 -371.455800 -394.008289 -420.063821 -445.214753 -461.913286 -480.907092 -502.165418 -523.352104 -556.149186 -578.354680 -592.843678 -602.638081 -611.382863
-431.028292 -407.135004 -383.821080 -369.729102 -363.858385 -361.130095 -356.964464 -349.420140 -343.042517 -334.649215 -317.882210 -286.050674 -251.226086 -220.278531 -209.099062 -214.195587 -224.482143 -234.881867 -243.125057 -245.357360 -241.019020 -233.994391 -222.733128 -211.505586 -201.062023 -201.742421 -200.569345 -201.896558 -198.574302 -195.991654 -196.115280 -190.412429 -181.666345 -173.705433 -171.218483 -182.073410 -196.369235 -215.021545 -231.212932 -242.201522 -249.458533 -251.070203 -250.981247 -251.768596 -271.063634 -301.806411 -342.186246 -370.668096 -391.933877 -404.533976 -417.495644 -428.976048 -455.836078 -471.150284 -500.562760 -537.471247
-336.074271 -309.948640 -282.585903 -263.183747 -252.330307 -249.002797 -242.013897 -228.732260 -219.277942 -207.508465 -192.534412 -173.695139 -149.529134 -111.435955 -61.635003 -62.801481 -71.773275 -85.218438 -88.002745 -87.258516 -86.936696 -83.169065 -107.604014 -66.218847 -54.820271 -79.810481 -48.217246 -81.420905 -49.414626 -47.957891 -49.131185 -48.497376 -47.344413 -42.288775 -39.742634 -72.556582 -54.156367 -71.663305 -127.140273 -143.323209 -150.068267 -154.442533 -155.745629 -158.444081 -167.978951 -192.532118 -229.751435 -265.745342 -291.960572 -310.619440 -323.814528 -332.962471 -340.554971 -353.746122 -376.997749 -410.195082
-230.817500 -207.644592 -184.401709 -161.420279 -144.489879 -138.481861 -122.617762 -80.710225 -67.743238 -53.325057 -66.584886 -28.934500 -38.976824 0.021462 7.982983 13.285077 14.427745 15.397742 16.969405 17.397135 17.105510 18.017495 18.277224 18.546691 20.573145 21.517605 21.068104 21.466360 21.265914 21.929285 21.732883 21.824192 19.812011 20.146479 19.836633 20.126685 17.696329 10.566703 -4.013425 -14.485858 -20.690689 -27.589824 -35.491600 -44.007767 -52.574151 -66.233356 -126.311470 -163.383304 -196.221706 -216.058871 -225.656546 -231.907702 -237.299792 -251.085505 -271.394367 -296.726951
-84.536016 -70.859499 -53.913585 -34.261853 -19.277439 -36.875840 -4.226351 1.741031 10.333166 19.995593 22.791446 22.083425 22.715506 22.216051 22.589730 21.718448 22.587551 20.132437 20.671205 19.169334 14.441472 6.053675 7.303332 8.494192 10.863944 13.879617 12.552219 13.243676 16.183748 14.653366 9.927207 6.976987 5.306382 5.429112 11.868077 14.478432 15.357906 15.747814 15.423181 15.442057 15.300911 15.403831 15.239561 15.326574 10.616346 2.983525 -15.567283 -40.983358 -68.675029 -123.142634 -137.155245 -138.010289 -142.673858 -150.865532 -175.306175 -203.322796
3.236756 13.380881 23.100699 23.530636 22.990528 23.498255 24.048926 26.410806 25.391415 22.794433 18.682331 15.078787 13.948149 12.871149 10.843934 11.664020 9.780562 6.163188 3.591272 -2.710058 -12.578834 -23.950432 -25.650156 -20.844100 -15.701820 -12.462023 -10.389611 -7.353066 -5.496523 -9.414826 -16.726693 -23.251295 -25.519476 -19.699569 -14.043299 -9.801911 -9.398976 -10.335135 -12.194697 -11.738088 -13.270740 -12.766089 -6.807937 5.154435 12.755500 12.674899 12.714550 12.620044 12.645515 -7.598951 -25.644368 -23.140987 -26.699731 -37.114508 -94.566791 -123.024232
16.768718 16.495134 14.628381 9.479533 4.199792 3.844214 7.444758 13.829082 15.315593 9.411532 2.134479 -6.995783 -10.873016 -12.699888 -14.029754 -14.877194 -14.734778 -19.897768 -27.196236 -76.588638 -94.114293 -107.213155 -114.058818 -115.138327 -109.677912 -101.889535 -94.680560 -90.781934 -95.266504 -101.601284 -110.427856 -117.771078 -117.481006 -114.424045 -106.182593 -95.054191 -93.034738 -92.039171 -95.548478 -97.846640 -101.934987 -100.966610 -87.804356 -38.930799 -24.871167 -13.793986 -7.016084 0.089181 5.361542 12.466106 12.479051 12.393421 12.412702 8.388903 -4.203439 -21.239058
3.132145 -3.030141 -8.219349 -14.288183 -20.265128 -21.511895 -17.873575 -14.160307 -16.053919 -22.329355 -34.627812 -79.046371 -94.250234 -100.800480 -100.887177 -99.539234 -99.858600 -106.562398 -122.295861 -145.162388 -161.298033 -176.209945 -180.780143 -185.200330 -187.325500 -177.294865 -162.922087 -158.013997 -169.128104 -177.633022 -189.972344 -197.057203 -199.150054 -197.215273 -188.102656 -171.206324 -156.104528 -155.299126 -163.319072 -170.842205 -174.358925 -174.523956 -163.557266 -138.696833 -117.672318 -102.750298 -90.775649 -69.158723 -39.223735 -29.727487 -19.782080 -8.660260 1.041370 11.428501 11.793675 11.721454
-22.400291 -63.390428 -76.711268 -85.079285 -91.609829 -95.979109 -98.398514 -100.466699 -106.070801 -113.301943 -125.135476 -142.587437 -156.324401 -169.741948 -173.155854 -175.148173 -173.590892 -184.935163 -197.601390 -218.792602 -234.878782 -250.314288 -258.471977 -264.109009 -269.260766 -261.673185 -245.911106 -237.063323 -252.193477 -261.917591 -274.891978 -281.269431 -284.193386 -283.056004 -274.066220 -251.911708 -234.210745 -228.592235 -236.424617 -243.308152 -246.240063 -245.929615 -239.302678 -221.085668 -199.553254 -179.268156 -163.788094 -151.001389 -138.200069 -125.734328 -109.785092 -91.212336 -48.486788 -28.246230 -11.839465 0.882303
-101.035647 -116.588009 -128.644570 -139.797729 -150.369997 -156.240418 -156.051456 -162.906654 -169.262638 -179.265628 -218.908837 -235.205108 -252.216168 -266.116776 -270.665697 -276.990307 -279.622699 -288.791938 -296.465204 -308.502391 -323.628714 -339.013120 -352.137212 -356.358017 -360.078033 -363.231843 -353.824572 -349.784782 -352.981036 -359.568403 -366.482640 -370.181320 -372.385026 -369.036159 -357.660912 -346.145167 -335.249742 -330.497390 -335.719532 -331.339165 -326.328269 -326.213859 -311.985005 -297.801732 -279.942427 -258.865707 -237.040913 -224.528293 -213.864732 -201.754418 -184.952603 -165.639959 -143.045909 -117.560595 -89.230653 -45.003605
-154.632614 -168.979638 -183.302345 -195.694647 -207.586440 -218.431527 -218.022018 -221.862599 -228.044945 -258.364673 -298.054144 -326.233349 -342.134614 -359.842167 -367.684436 -374.279978 -391.337785 -402.149171 -409.547249 -409.350224 -419.245509 -432.370886 -442.812365 -447.224747 -450.009660 -456.180507 -457.907206 -455.586420 -450.005168 -455.014734 -457.856608 -456.520049 -458.174364 -459.314267 -453.274289 -443.737862 -438.000662 -432.090883 -426.507581 -423.089990 -418.488496 -400.013349 -388.130051 -375.951725 -358.512817 -338.924588 -318.152539 -300.762295 -288.789049 -275.126337 -256.454736 -239.073053 -216.757680 -191.405848 -161.249920 -137.652835
-220.180963 -237.624717 -252.431068 -266.970712 -281.886396 -300.889389 -302.661207 -309.076649 -319.677988 -355.722393 -390.156295 -416.237495 -432.590714 -449.258063 -459.001922 -475.051634 -502.911942 -522.312665 -522.852167 -518.202432 -523.971061 -538.632132 -550.139003 -557.330739 -563.878792 -571.763230 -576.033798 -572.037431 -567.622968 -567.744789 -567.941233 -566.387816 -566.564090 -567.031825 -566.618482 -558.485343 -552.126058 -544.690662 -537.840681 -531.066435 -505.718269 -480.338981 -464.278028 -448.943407 -433.764863 -415.243760 -395.096099 -378.083204 -365.291601 -349.188000 -331.564357 -312.211889 -291.325590 -265.766049 -235.918136 -211.724053
-285.231100 -308.831819 -327.527213 -346.585201 -374.637441 -386.328049 -393.510197 -399.592258 -422.512986 -451.374979 -479.847399 -510.822686 -536.865209 -555.892458 -569.683391 -582.051362 -591.748409 -597.290450 -594.183362 -592.402587 -589.607733 -594.413073 -598.206623 -599.227151 -602.558641 -605.493770 -609.211133 -606.240182 -604.836242 -601.309421 -601.610275 -601.482158 -599.901582 -600.693216 -600.955280 -603.038405 -600.411845 -598.778900 -596.740266 -589.641242 -581.748110 -571.976005 -561.250583 -546.280715 -524.026940 -495.085047 -468.190873 -447.763273 -432.899493 -417.321522 -399.439214 -382.436806 -365.106538 -344.081256 -318.641027 -295.950132
-370.686444 -388.665526 -406.652810 -430.705119 -460.017811 -481.594136 -491.585237 -518.805168 -545.828077 -571.847363 -583.953842 -590.548491 -596.645759 -600.925941 -604.146274 -609.043267 -612.415411 -617.218072 -615.388215 -612.843067 -609.162288 -612.263612 -612.801702 -612.241946 -614.099412 -616.030087 -619.092918 -618.589394 -616.117742 -613.129060 -613.237560 -612.620988 -610.903576 -610.864456 -612.211796 -614.925504 -614.216588 -612.399166 -610.566485 -606.895264 -603.308296 -599.600323 -596.145312 -591.066119 -584.391188 -575.702547 -561.806584 -541.029306 -520.135054 -491.027258 -463.757215 -445.901324 -434.828458 -420.794626 -398.376988 -381.445924
-446.600308 -462.948060 -485.416722 -525.999639 -560.610894 -581.854679 -591.612285 -599.399872 -605.962463 -608.627233 -610.923362 -613.357669 -615.364365 -617.451460 -619.333676 -620.884920 -623.217250 -627.801343 -625.940978 -623.325514 -620.319192 -620.256859 -620.590378 -620.365623 -621.098635 -623.156914 -626.801880 -625.283505 -623.060098 -621.016865 -620.374669 -619.967738 -618.699986 -619.590724 -621.438466 -624.103021 -622.960940 -620.883103 -619.668247 -618.084680 -615.761960 -613.245062 -610.685986 -607.632024 -604.382990 -599.888340 -594.485830 -587.803737 -579.649767 -568.608037 -551.920370 -538.894011 -523.014438 -505.383259 -481.025184 -461.082992
-550.765217 -566.761348 -579.057408 -590.126683 -600.310144 -605.406220 -609.613016 -613.055361 -616.487913 -618.554785 -620.152749 -619.462315 -620.213492 -622.345621 -622.304884 -623.437165 -627.100031 -625.879861 -624.838332 -621.889887 -622.379933 -622.535362 -623.234041 -622.773907 -623.266282 -626.773505 -625.061207 -624.281681 -622.215142 -621.809613 -621.348855 -620.994215 -620.604699 -621.024658 -623.517923 -623.019041 -622.331483 -620.416188 -620.293113 -619.432868 -617.143221 -616.351270 -614.841974 -612.704632 -610.359898 -607.491688 -603.916431 -598.887219 -593.531844 -588.172092 -586.028715 -581.977859 -578.279358 -580.136891 -571.412035 -560.523574
