tests/Borden05m/sims/sim_1/output-maps/psiliqL0030N0007.asc
ncols         160
nrows         34
xllcorner     620200.000000
yllcorner     5168000.000000
cellsize      0.500000
NODATA_value  -9999.0
[rows 0 to 24 of 34, columns 0 to 54 of 160]
-9999.0 -9999.0 -9999.0 -9999.0 -9999.0 -9999.0 -9999.0 -9999.0 -9999.0 -9999.0 -9999.0 -9999.0 -9999.0 -9999.0 -9999.0 -9999.0 -9999.0 -9999.0 -9999.0 -9999.0 -9999.0 -9999.0 -9999.0 -9999.0 -9999.0 -9999.0 -9999.0 -9999.0 -9999.0 -9999.0 -9999.0 -9999.0 -9999.0 -9999.0 -9999.0 -9999.0 -9999.0 -9999.0 -9999.0 -9999.0 -9999.0 -9999.0 -9999.0 -9999.0 -9999.0 -9999.0 -9999.0 -9999.0 -9999.0 -9999.0 -9999.0 -9999.0 -9999.0 -9999.0 -9999.0
-9999.0 -9999.0 -9999.0 -9999.0 -9999.0 -9999.0 -9999.0 -9999.0 -9999.0 -9999.0 -9999.0 -9999.0 -9999.0 -9999.0 -9999.0 -9999.0 -9999.0 -9999.0 -9999.0 -9999.0 -9999.0 -9999.0 -9999.0 -9999.0 -9999.0 -9999.0 -9999.0 -9999.0 -9999.0 -9999.0 -9999.0 -9999.0 -9999.0 -9999.0 -9999.0 -9999.0 -9999.0 -9999.0 -9999.0 -9999.0 -9999.0 -9999.0 -9999.0 -9999.0 -9999.0 -9999.0 -9999.0 -9999.0 -9999.0 -9999.0 -9999.0 -9999.0 -9999.0 -9999.0 -9999.0
-9999.0 -9999.0 -9999.0 -9999.0 -9999.0 -9999.0 -9999.0 -9999.0 -9999.0 -9999.0 -9999.0 -9999.0 -9999.0 -9999.0 -9999.0 -9999.0 -9999.0 -9999.0 -9999.0 -9999.0 -9999.0 -9999.0 -9999.0 -9999.0 -9999.0 -9999.0 -9999.0 -9999.0 -9999.0 -9999.0 -9999.0 -9999.0 -9999.0 -9999.0 -9999.0 -9999.0 -9999.0 -9999.0 -9999.0 -9999.0 -9999.0 -9999.0 -9999.0 -9999.0 -9999.0 -9999.0 -9999.0 4072.143921 4055.002212 4042.320059 4036.715379 4057.135464 4079.979615 4103.687318 4124.083622
-9999.0 -9999.0 -9999.0 -9999.0 -9999.0 -9999.0 -9999.0 -9999.0 -9999.0 -9999.0 -9999.0 -9999.0 -9999.0 -9999.0 -9999.0 -9999.0 -9999.0 -9999.0 -9999.0 -9999.0 -9999.0 -9999.0 -9999.0 -9999.0 -9999.0 -9999.0 -9999.0 -9999.0 -9999.0 -9999.0 -9999.0 -9999.0 -9999.0 -9999.0 -9999.0 -9999.0 -9999.0 -9999.0 -9999.0 -9999.0 4123.990346 4129.842387 4128.999963 4119.243961 4107.740561 4093.383459 4072.437095 4055.383931 4042.845885 4041.032122 4043.247504 4044.904615 4064.719018 4090.241975 4110.104588
-9999.0 -9999.0 -9999.0 -9999.0 -9999.0 -9999.0 -9999.0 -9999.0 -9999.0 -9999.0 -9999.0 -9999.0 -9999.0 -9999.0 -9999.0 -9999.0 -9999.0 -9999.0 -9999.0 -9999.0 -9999.0 -9999.0 -9999.0 -9999.0 -9999.0 -9999.0 -9999.0 -9999.0 -9999.0 -9999.0 -9999.0 -9999.0 -9999.0 -9999.0 4031.842909 4048.480397 4066.203932 4084.684036 4101.622267 4108.689477 4114.431606 4119.518433 4114.524434 4109.994274 4097.951798 4076.017880 4056.600381 4044.040258 4043.333841 4040.747623 4043.812396 4054.630720 4070.957449 4085.306556 4105.468758
-9999.0 -9999.0 -9999.0 -9999.0 -9999.0 -9999.0 -9999.0 -9999.0 -9999.0 -9999.0 -9999.0 -9999.0 -9999.0 -9999.0 -9999.0 -9999.0 -9999.0 -9999.0 -9999.0 -9999.0 -9999.0 -9999.0 -9999.0 -9999.0 -9999.0 -9999.0 -9999.0 -9999.0 4038.510672 4032.433572 4027.530786 4025.723207 4024.009239 4022.922626 4029.339868 4039.915622 4056.380148 4078.414314 4091.636451 4098.741446 4105.540135 4105.526658 4099.057879 4097.164453 4097.414907 4084.140796 4071.326958 4059.313976 4047.504943 4043.494404 4051.835337 4065.827958 4081.750410 4095.926882 4110.824736
-9999.0 -9999.0 -9999.0 -9999.0 -9999.0 -9999.0 -9999.0 -9999.0 -9999.0 -9999.0 -9999.0 -9999.0 -9999.0 -9999.0 -9999.0 -9999.0 -9999.0 -9999.0 -9999.0 -9999.0 -9999.0 -9999.0 -9999.0 4008.927549 4013.398742 4019.738455 4027.283119 4028.060311 4024.853018 4019.347175 4016.554924 4014.890799 4012.117383 4016.378636 4022.664821 4035.035017 4049.724609 4071.824861 4079.591743 4082.850955 4093.515766 4097.201134 4105.399942 4108.826437 4106.446976 4101.503594 4085.315149 4072.498480 4073.192616 4076.099393 4082.542044 4090.589151 4103.701139 4116.429847 4130.583370
-9999.0 -9999.0 -9999.0 -9999.0 -9999.0 -9999.0 -9999.0 -9999.0 -9999.0 -9999.0 -9999.0 -9999.0 -9999.0 -9999.0 -9999.0 -9999.0 -9999.0 -9999.0 -9999.0 3984.747128 3985.763701 3987.259498 3992.031849 3992.101192 3993.523113 3999.947187 4007.608280 4010.401198 4007.685839 4006.522046 4007.368435 4009.453590 4013.548957 4023.142700 4035.763079 4048.935096 4060.664754 4080.540912 4094.080498 4105.195860 4119.459523 4119.697060 4115.651707 4113.450696 4112.554002 4109.668708 4105.451512 4102.618155 4108.178696 4106.863957 4108.784155 4117.278935 4128.879892 4144.198396 4160.352983
-9999.0 -9999.0 -9999.0 -9999.0 -9999.0 -9999.0 -9999.0 -9999.0 -9999.0 -9999.0 -9999.0 -9999.0 -9999.0 -9999.0 -9999.0 -9999.0 3955.662362 3957.286759 3959.573107 3964.983831 3968.809942 3972.510899 3979.234753 3980.536903 3983.398505 3989.943723 3993.667214 4002.533999 4010.380233 4016.622720 4021.578012 4022.975361 4028.122104 4036.067161 4046.159833 4058.351812 4076.731400 4099.322456 4113.721676 4129.303290 4145.572399 4145.190662 4142.365467 4141.450515 4138.478206 4137.331014 4149.811616 4151.354581 4143.189524 4149.839878 4160.129367 4161.506288 4167.557733 4186.938460 4208.092646
-9999.0 -9999.0 -9999.0 -9999.0 -9999.0 -9999.0 -9999.0 -9999.0 -9999.0 -9999.0 -9999.0 -9999.0 -9999.0 3905.242289 3908.975137 3919.233596 3931.344112 3934.348112 3939.280328 3945.924640 3957.645345 3960.831104 3966.188020 3972.604240 3984.834645 3992.643941 4000.349669 4010.997700 4017.731001 4023.373139 4028.270131 4028.930819 4038.466457 4050.677677 4063.197885 4080.585745 4101.183986 4117.676872 4133.891624 4149.355043 4159.279566 4154.169902 4152.542501 4153.728208 4156.566501 4167.294484 4182.234008 4179.083370 4185.185356 4204.131645 4212.649536 4217.952744 4222.730433 4236.338143 4257.687313
-9999.0 -9999.0 -9999.0 -9999.0 -9999.0 -9999.0 -9999.0 -9999.0 -9999.0 -9999.0 3880.868180 3881.829607 3877.679527 3873.731498 3879.441423 3891.525025 3906.023522 3910.760099 3922.471986 3943.509501 3961.973064 3964.166262 3976.346880 3985.683052 3991.300843 3999.544484 4010.806661 4021.011879 4034.232692 4043.885607 4050.006908 4063.538380 4077.321537 4091.595225 4106.936430 4125.810040 4139.338244 4160.208842 4183.221953 4189.492279 4203.735589 4203.159268 4197.955010 4194.815244 4203.438439 4212.242695 4224.173175 4236.624540 4253.362841 4273.534910 4281.057263 4293.033061 4301.207444 4310.686418 4325.737859
-9999.0 -9999.0 -9999.0 -9999.0 -9999.0 -9999.0 -9999.0 -9999.0 3856.463758 3864.613238 3869.344471 3865.505067 3860.500726 3853.388594 3867.848107 3882.511552 3897.588517 3915.483419 3930.115832 3947.584288 3960.054604 3973.178175 3992.228904 4001.288181 4009.996086 4023.267890 4034.349994 4046.654822 4065.065594 4069.677342 4077.325078 4094.457588 4107.633752 4122.564770 4139.036755 4153.598641 4170.784432 4198.853074 4225.879239 4239.309070 4263.970482 4278.729860 4271.202266 4267.869721 4267.900906 4289.594587 4314.265676 4342.292873 4358.828731 4380.671925 4408.206339 4427.362452 4436.378208 4447.270619 4460.968257
-9999.0 -9999.0 -9999.0 -9999.0 -9999.0 -9999.0 3827.762091 3851.895724 3866.718095 3857.337502 3841.118821 3834.810737 3827.238779 3859.955320 3881.733258 3898.258546 3913.940049 3930.419398 3945.448556 3951.239333 3978.321723 3996.986253 4006.671047 4017.006269 4029.945002 4042.809053 4057.122918 4076.288528 4091.057104 4109.274218 4121.160544 4134.140238 4155.846915 4171.405326 4186.813702 4198.290709 4224.092411 4257.436423 4290.966388 4313.808486 4337.238710 4368.757527 4366.495250 4367.375533 4367.645969 4392.167221 4426.524287 4456.114147 4487.408962 4517.599515 4546.451042 4556.846996 4565.739231 4575.571118 4588.176909
-9999.0 -9999.0 -9999.0 -9999.0 3796.298860 3816.759680 3834.433917 3863.705346 3884.840274 3879.194078 3882.070871 3878.597758 3872.504426 3877.068658 3884.673698 3900.567926 3918.739325 3937.304914 3949.303036 3972.827567 4019.280336 4027.743158 4041.426744 4068.814977 4077.759534 4090.121495 4104.276105 4122.893299 4138.053818 4162.636237 4193.424633 4219.622577 4239.238596 4257.048055 4275.225681 4290.548577 4325.699061 4362.372660 4397.664330 4428.516360 4454.779234 4481.029509 4486.444349 4490.949976 4500.799530 4518.306512 4541.568147 4569.452360 4603.927064 4636.326108 4659.464814 4667.723633 4672.617988 4682.214614 4689.377407
-9999.0 -9999.0 -9999.0 3740.749441 3779.701915 3819.505525 3844.066116 3873.342957 3904.977116 3902.558243 3910.303605 3907.696282 3903.928459 3907.413755 3907.955598 3923.112814 3940.640696 3960.469077 3980.569997 4012.137448 4038.623263 4051.992168 4077.622303 4089.827107 4099.832651 4111.038080 4128.775620 4147.077701 4181.921595 4209.294343 4253.950191 4303.789522 4334.854359 4353.289177 4376.045456 4403.941086 4429.543354 4469.312010 4503.525185 4535.772368 4566.081886 4588.055946 4601.671240 4606.029535 4616.063952 4621.540029 4633.579289 4654.742088 4677.481999 4708.880081 4738.623356 4768.769976 4784.608931 4796.203535 4813.835944
-9999.0 -9999.0 3691.983335 3731.904346 3761.993928 3807.043338 3859.472916 3894.096037 3932.233249 3948.768009 3950.046430 3957.835514 3965.889730 3964.231725 3970.174907 3980.673119 4003.227735 4012.116405 4032.872573 4043.750487 4076.873452 4107.116142 4095.754125 4130.258784 4159.256659 4193.052928 4215.258162 4241.895327 4280.411860 4312.596942 4356.342836 4406.747358 4440.605584 4468.308824 4484.698482 4505.760784 4526.187421 4553.695240 4591.612826 4617.079782 4651.676709 4677.410181 4696.936009 4696.692166 4699.259693 4715.829333 4745.389211 4777.716592 4807.977943 4838.507754 4818.607323 4845.157491 4857.044353 4863.676323 4874.104133
-9999.0 -9999.0 3660.415417 3707.323736 3739.579130 3794.241160 3882.336132 3914.940657 3953.268497 3997.939700 4009.544848 4029.395153 4017.221864 3999.427479 4014.933649 4026.384093 4049.002898 4056.620267 4049.101847 4100.233377 4151.226021 4168.477956 4163.797401 4243.642623 4298.185756 4324.981995 4343.324738 4364.052668 4383.186089 4421.012600 4458.848248 4514.514507 4556.013531 4586.356121 4601.224274 4622.374370 4642.411948 4657.517278 4677.777429 4726.887545 4764.888445 4797.355496 4830.896603 4852.879872 4861.338173 4867.051343 4837.842778 4860.076456 4875.154406 4881.657431 4884.303809 4880.424714 4879.909044 4880.790004 4881.709745
-9999.0 3565.362992 3617.894905 3667.203454 3729.617598 3788.388598 3859.850517 3932.501913 4001.076002 4054.233669 4077.944127 4065.002899 4053.697562 4073.605862 4090.999754 4104.458789 4110.839224 4122.786801 4101.688817 4156.905429 4190.547172 4233.388466 4330.723397 4390.386482 4459.470798 4454.613232 4441.892982 4445.553596 4460.224291 4508.243121 4591.233250 4650.664493 4720.629972 4772.697374 4791.028071 4799.349513 4818.989096 4840.623954 4778.881497 4828.159251 4850.999494 4870.057888 4881.480411 4884.107263 4885.574372 4885.301174 4881.502633 4874.293020 4865.976658 4860.024445 4855.718591 4851.215195 4853.661747 4857.008036 4856.994141
-9999.0 3525.792487 3582.305024 3649.307698 3715.033342 3754.427619 3829.345055 4002.537096 4067.437229 4105.308624 4105.334728 4066.611281 4118.549025 4176.922372 4198.917201 4244.921438 4227.031627 4211.335120 4168.012103 4191.899542 4228.409661 4299.553775 4480.171212 4571.267005 4631.099419 4639.027418 4638.799249 4668.333499 4715.402670 4766.807045 4817.065528 4777.614433 4834.349358 4862.453013 4868.325762 4869.147820 4875.453462 4873.759017 4872.630754 4868.031929 4862.758537 4862.947927 4867.785158 4867.655239 4864.617325 4861.104024 4855.317810 4847.900625 4842.778754 4838.133707 4835.497142 4832.699338 4830.599560 4829.579433 4824.468211
-9999.0 3481.230828 3557.192276 3613.199069 3652.007333 3734.234242 3865.192404 4011.780799 4109.137533 4142.009095 4104.988338 4129.807514 4234.279031 4344.901830 4398.595904 4419.443793 4394.828177 4338.952223 4312.745013 4357.182386 4430.747282 4560.580582 4715.266785 4822.901939 4839.717238 4843.633820 4788.093031 4817.977673 4845.676947 4848.963938 4850.264545 4859.831778 4865.035438 4868.151669 4866.525813 4863.617575 4858.736509 4850.420700 4845.651194 4841.838003 4837.973244 4836.603683 4838.438953 4840.509638 4837.586716 4833.640760 4829.145189 4823.572844 4817.169343 4810.308877 4805.822278 4801.425024 4799.223257 4793.346447 4789.957898
-9999.0 3348.375551 3447.681219 3482.323627 3540.905181 3734.264246 3863.965733 4000.497763 4172.217206 4186.903281 4223.240544 4370.269163 4495.686624 4579.937800 4606.751812 4639.116179 4663.751128 4678.723123 4717.477037 4574.974618 4664.483782 4776.219670 4828.328985 4850.925471 4863.895220 4864.327230 4853.976560 4832.691931 4821.847281 4815.078730 4816.695293 4824.043337 4828.524927 4833.153857 4830.797800 4832.052339 4833.521230 4830.387213 4826.259684 4817.324651 4809.359266 4802.330697 4798.585642 4803.119694 4798.501806 4796.341290 4789.983615 4781.285233 4772.104023 4764.681622 4756.479910 4749.813979 4747.613857 4742.608266 4741.351173
-9999.0 3267.172520 3337.741053 3385.366392 3484.675708 3647.469785 3729.478685 3883.511652 4136.166073 4280.076916 4458.619706 4557.595730 4629.176166 4667.181999 4715.707833 4771.367890 4800.632921 4814.270932 4778.133188 4805.229374 4759.899251 4748.415032 4766.874433 4797.676617 4816.553273 4820.927296 4813.332020 4804.628105 4797.323740 4796.201038 4793.765517 4788.890595 4784.010359 4779.973179 4776.834815 4780.161521 4785.757732 4778.276891 4767.376827 4757.434162 4748.488303 4738.903557 4732.751271 4727.636136 4728.439390 4728.789330 4720.961244 4710.246373 4699.102529 4690.590483 4683.352774 4679.013571 4676.106174 4670.911295 4660.444377
-9999.0 3138.274378 3275.084244 3343.687102 3426.155197 3550.542452 3644.712887 3790.970244 3913.751937 4167.893543 4304.976880 4528.005151 4582.524322 4658.136233 4703.740824 4781.053057 4775.094299 4744.027951 4698.307860 4682.620335 4696.595021 4706.363094 4713.988410 4727.696843 4746.027459 4756.698065 4762.839147 4757.363936 4742.992893 4729.591155 4717.139121 4702.246630 4692.111160 4689.218581 4694.305491 4705.246246 4705.232477 4695.794213 4681.189135 4662.125536 4645.888836 4633.589817 4631.795323 4634.962373 4636.317401 4631.959254 4626.288350 4615.213920 4602.331973 4589.428071 4584.034433 4579.791043 4571.932218 4559.979199 4547.485448
-9999.0 -9999.0 3184.400362 3290.963427 3376.933109 3481.228561 3558.203720 3664.718229 3800.216916 3968.120325 4085.252539 4283.916444 4388.513989 4433.937658 4464.686545 4522.706139 4551.642371 4588.193899 4587.048045 4602.216115 4614.195739 4620.298726 4625.103206 4629.801754 4640.056771 4650.264889 4661.599441 4658.731717 4650.049010 4628.445201 4600.984698 4579.524058 4568.454467 4558.425431 4571.462967 4584.423798 4578.059760 4570.986224 4557.987950 4541.440595 4528.855678 4514.293042 4510.839692 4510.557855 4511.230762 4508.981372 4506.910260 4494.340979 4482.004995 4472.462096 4468.659539 4462.941995 4459.665042 4449.844583 4439.174646
-9999.0 -9999.0 3093.866484 3194.887190 3290.400097 3403.075483 3478.372235 3466.928448 3595.422670 3693.443642 3802.540973 3919.215732 4022.266853 4094.232311 4124.953874 4189.196320 4251.801060 4272.262690 4320.253096 4383.203374 4421.324329 4465.521821 4490.976092 4500.169073 4512.832186 4528.107650 4535.486258 4519.225910 4507.839953 4490.492532 4466.197800 4438.199664 4424.072464 4424.531374 4422.528606 4422.906359 4414.592132 4405.697824 4391.016451 4377.435539 4365.324414 4357.031657 4353.501536 4347.135718 4344.440014 4341.640259 4340.239396 4335.807267 4328.230890 4324.364914 4315.940152 4312.659919 4312.299034 4310.065569 4305.027710
