tests/Borden05m/sims/sim_1/output-maps/psiliqL0005N0016.asc
ncols         160
nrows         34
xllcorner     620200.000000
yllcorner     5168000.000000
cellsize      0.500000
NODATA_value  -9999.0
[rows 0 to 24 of 34, columns 56 to 111 of 160]
-9999.0 -9999.0 -9999.0 -9999.0 -9999.0 -9999.0 -9999.0 -9999.0 -9999.0 -9999.0 -9999.0 -9999.0 -9999.0 -9999.0 -9999.0 -9999.0 -9999.0 -9999.0 -9999.0 -9999.0 -9999.0 -9999.0 -9999.0 -9999.0 -9999.0 -9999.0 -9999.0 -9999.0 -9999.0 -9999.0 -9999.0 -9999.0 -9999.0 -9999.0 -9999.0 -9999.0 -9999.0 -9999.0 -9999.0 -9999.0 -9999.0 -9999.0 -9999.0 -9999.0 -9999.0 -9999.0 -9999.0 -9999.0 -9999.0 -9999.0 -9999.0 -9999.0 -9999.0 -9999.0 -9999.0 -9999.0
-9999.0 -9999.0 -9999.0 -636.659962 -642.387637 -647.338134 -651.335150 -660.282768 -668.478773 -676.960906 -679.815626 -679.993313 -681.232665 -682.993262 -678.242490 -671.522344 -665.322707 -658.530944 -657.801266 -656.155335 -653.817829 -653.271117 -654.550144 -657.714007 -660.449888 -663.397255 -662.872698 -671.561683 -683.270339 -692.450491 -694.857285 -688.787276 -684.175205 -683.142674 -677.715959 -667.415523 -657.742158 -651.605593 -640.876295 -638.156903 -633.491206 -629.020802 -633.168910 -635.591365 -637.289894 -639.068731 -650.720366 -9999.0 -9999.0 -9999.0 -9999.0 -9999.0 -9999.0 -9999.0 -9999.0 -9999.0
-668.583474 -650.422299 -649.177695 -665.830320 -669.740802 -672.014797 -672.947487 -677.641476 -686.933989 -691.222363 -697.613305 -699.989532 -700.503626 -701.841915 -698.504537 -687.894271 -679.831133 -676.139780 -675.562616 -674.570304 -675.478996 -676.538909 -676.625963 -679.594879 -682.780385 -686.023458 -686.774859 -683.833473 -692.020529 -696.996996 -700.751179 -703.314194 -701.150599 -699.182941 -697.236326 -686.807069 -679.996999 -673.658276 -659.291766 -646.557891 -641.943898 -645.288497 -650.480288 -651.956014 -655.706368 -663.466518 -671.712806 -677.796008 -682.890561 -686.185972 -691.170610 -684.058788 -680.512611 -670.669841 -661.511715 -650.895109
-688.439020 -668.633729 -667.744965 -682.388866 -692.465695 -696.536743 -695.620321 -691.103358 -694.872093 -700.791499 -707.657557 -698.389226 -698.514279 -698.414870 -695.757460 -692.101492 -690.421321 -688.083370 -683.889731 -674.404778 -673.274238 -673.433627 -673.235375 -675.130571 -678.401280 -679.396422 -681.845514 -688.569840 -688.532439 -687.373726 -688.046885 -681.312722 -680.221754 -677.531706 -688.038163 -685.055219 -679.699441 -674.358698 -669.031156 -663.523483 -659.052209 -663.168514 -662.244907 -669.165524 -681.991517 -690.149642 -694.908335 -692.301023 -691.715874 -698.428433 -714.474705 -705.448817 -686.124137 -684.156535 -683.395527 -671.519106
-699.381761 -690.781492 -690.321366 -696.976237 -693.465108 -690.142616 -687.728508 -690.459526 -695.623199 -700.236163 -684.784349 -676.134546 -677.008443 -674.582945 -670.623744 -671.625741 -688.636290 -692.838368 -683.999449 -673.863301 -668.726830 -670.342786 -671.243944 -673.595531 -674.338470 -673.883104 -676.458360 -674.354584 -671.528223 -672.306816 -666.742117 -660.688876 -656.681885 -667.735440 -678.545380 -678.049833 -669.146523 -661.178735 -654.851072 -643.516504 -629.580946 -631.314109 -636.226676 -642.280923 -651.293294 -673.360503 -692.929485 -702.044414 -706.961871 -713.178671 -711.713803 -714.327423 -699.978444 -699.387946 -699.546551 -690.435436
-704.452010 -682.565830 -675.420777 -684.433394 -691.133815 -694.987942 -694.138758 -695.116646 -692.765282 -677.989740 -665.924565 -650.701366 -651.260190 -649.690704 -650.253342 -662.436746 -673.579803 -679.506935 -661.193451 -644.494177 -637.103505 -638.244306 -638.993643 -627.780642 -631.122703 -634.087655 -641.442751 -638.594038 -636.716566 -622.787182 -615.587638 -608.279577 -610.804054 -624.328518 -636.363442 -638.091534 -636.500568 -635.949292 -630.528402 -619.485571 -607.646220 -613.723197 -620.256779 -627.214574 -656.941961 -684.239029 -698.414868 -691.011904 -686.466666 -689.608558 -690.539922 -692.260873 -701.992876 -700.737719 -700.240610 -702.818569
-657.831837 -641.613621 -623.988563 -633.274162 -642.917062 -657.110676 -656.542242 -653.562117 -646.129755 -634.513782 -616.604775 -590.468401 -589.728309 -586.327424 -580.145796 -592.838666 -606.349621 -622.188168 -603.802829 -595.152295 -585.859017 -582.985303 -567.978561 -554.823891 -561.985642 -573.407354 -585.347613 -577.382746 -559.068656 -540.871251 -534.301124 -530.878905 -528.750804 -540.393648 -546.263387 -550.451064 -551.003240 -557.594328 -555.872445 -541.834964 -521.435772 -520.205197 -533.780655 -558.922124 -596.822098 -633.480741 -655.972886 -645.093752 -651.311819 -655.924534 -657.135206 -671.620671 -682.187389 -677.076650 -687.340890 -694.668653
-623.982245 -607.671165 -587.968676 -593.367112 -607.774067 -622.585516 -622.500131 -612.925052 -604.703801 -584.216381 -554.880109 -521.605901 -501.942658 -487.944887 -474.761210 -484.913040 -498.143069 -512.409826 -508.439562 -490.475892 -472.014891 -452.627082 -431.619889 -411.618260 -417.893598 -430.179833 -432.591482 -426.233979 -402.327283 -381.735871 -373.465460 -368.818930 -361.940297 -368.271236 -379.355894 -393.072867 -407.392439 -420.603392 -429.559347 -409.346195 -389.601996 -393.476216 -430.256176 -467.980229 -513.947992 -559.690617 -602.389659 -608.289712 -605.950578 -604.834736 -621.588979 -635.259727 -654.304037 -663.191581 -668.247989 -685.087287
-523.482824 -495.419932 -468.194329 -457.980797 -476.870168 -481.374960 -473.975383 -458.021302 -449.524238 -428.389320 -382.181167 -333.708633 -301.115005 -277.150714 -272.502999 -280.746104 -290.374516 -305.679688 -313.282870 -299.431987 -285.900797 -273.929985 -263.530566 -253.658992 -247.371365 -248.226051 -248.227314 -245.963192 -242.556285 -237.153167 -231.340120 -225.645867 -219.427162 -217.913613 -225.826005 -233.854201 -242.926630 -251.227277 -253.900581 -255.423535 -250.109297 -251.078334 -268.378369 -293.734798 -328.355953 -375.439707 -425.765238 -464.497241 -468.452873 -490.467782 -513.306886 -541.007980 -585.648257 -605.235377 -619.905947 -655.289743
-371.184078 -331.725840 -309.975718 -291.801298 -290.315339 -286.674562 -282.946704 -276.875022 -271.753641 -265.020404 -237.370196 -205.285125 -175.165969 -150.702833 -141.244236 -149.609505 -158.804724 -169.441573 -178.706380 -178.357168 -166.404030 -151.734738 -137.466464 -128.090663 -124.763990 -126.267936 -126.142993 -125.052777 -122.188532 -120.141558 -116.079483 -109.875781 -99.882543 -87.783631 -90.693630 -106.437261 -119.525497 -135.126994 -142.936581 -146.427701 -151.576494 -152.304107 -153.627291 -176.175726 -200.574340 -229.443091 -258.786290 -279.945312 -301.564130 -325.746382 -353.060592 -411.053081 -472.835924 -521.762109 -561.068872 -599.719653
-240.071250 -213.040490 -188.365099 -173.487193 -167.573091 -164.471515 -160.030783 -152.803838 -146.678935 -138.453545 -120.901091 -88.000127 -51.875452 -19.214767 -11.521405 -19.085452 -27.489904 -39.751437 -47.663002 -48.835682 -43.984515 -36.047584 -23.582283 -12.827042 -1.987398 -1.430919 -1.197274 -1.722565 -0.022921 1.583433 2.153829 7.232630 16.864521 25.798525 27.856641 18.044842 1.788035 -17.483080 -32.524217 -43.059828 -50.243315 -51.733448 -51.642579 -53.234985 -73.263391 -104.671115 -145.497737 -174.150553 -196.265371 -209.929908 -224.625231 -239.849175 -274.757349 -296.048959 -331.501008 -379.957315
-137.883233 -111.212253 -83.426913 -63.547370 -52.404061 -48.452546 -40.630685 -29.899496 -21.213217 -9.051917 6.331094 25.380244 54.254354 96.750980 116.427533 103.273014 104.770515 77.145805 75.036650 89.427195 91.659773 96.336271 101.004014 113.027368 126.199341 130.723942 131.521121 128.932963 130.918391 131.311111 131.502556 131.319329 133.357705 138.584097 140.541606 137.724532 124.979464 105.004436 69.864422 54.656016 48.032120 43.873285 42.784097 40.327648 30.520587 5.499748 -31.499913 -67.203657 -93.063905 -111.660097 -125.187309 -134.790283 -143.857770 -157.927637 -182.938251 -219.249386
-32.888047 -9.731544 12.414470 38.411341 56.436000 64.607250 83.735394 100.499166 112.252519 127.435251 142.488395 152.818755 165.749815 185.846347 195.361162 199.944141 202.293263 201.302906 203.441573 205.020125 202.252080 203.220742 204.004013 204.517696 207.860357 208.128262 208.274591 207.869384 208.635864 208.421441 209.005217 208.745705 207.002286 207.335956 207.368970 207.217134 204.303273 197.066907 180.212209 168.440005 161.504943 154.498079 146.103335 137.277836 128.115314 112.776324 70.993937 34.495588 2.095159 -16.658465 -26.121124 -32.569233 -38.047668 -52.092566 -72.634649 -98.586888
94.292265 108.517160 114.223319 147.317720 163.152535 166.981685 182.748711 189.129250 199.110425 209.702639 211.443251 211.738957 211.961222 213.257034 213.301763 213.780872 213.261225 211.558820 211.291331 209.955336 203.862470 195.390604 196.533052 197.607086 199.664113 202.750802 200.016367 201.581112 203.567073 203.469530 198.624747 195.708205 194.092901 194.154707 200.724852 203.533688 204.142128 204.330989 203.594450 203.026424 202.891460 202.785712 202.471898 202.504242 198.532997 189.858522 168.592494 140.781033 109.391017 74.271157 61.494253 60.607815 55.994867 47.836677 24.302149 -3.596854
190.920066 202.002367 209.099898 211.958687 212.904780 212.667293 215.063620 217.736749 216.657153 213.446691 210.138686 205.006914 203.889967 201.307834 198.896848 200.993426 199.432504 195.787748 192.501984 186.259532 171.936354 161.339808 159.136517 163.673986 167.755752 170.315986 161.569263 174.021648 166.215391 173.091915 166.948537 160.766961 158.659848 164.658019 169.907625 174.238815 174.795841 173.363951 171.903107 172.288780 170.823404 172.086775 178.889586 193.005251 201.119168 201.513750 201.250750 200.262039 198.022998 177.013301 157.633235 159.554217 155.052172 141.965538 103.638122 75.934686
207.732105 207.656642 205.210791 199.487520 194.273484 193.625747 197.091930 202.692746 205.092455 197.313156 190.325041 181.281020 173.143498 158.101255 156.071607 168.135645 169.461209 164.292967 156.822234 137.799590 110.097568 94.396297 86.749804 85.238195 90.368529 97.951386 103.056564 108.518473 102.267011 98.141870 89.508863 82.140792 82.391444 85.334814 93.625867 105.152724 107.643551 108.306802 104.527740 101.936757 97.740457 98.577525 110.930953 142.560130 158.696103 171.124870 179.079048 187.746103 193.887948 200.457635 200.331924 200.423982 200.314175 195.967887 180.802655 161.899269
192.843026 185.813538 179.424488 171.999553 166.078157 164.334641 165.976951 159.182945 165.909505 148.865653 147.593167 120.403840 105.101451 95.243607 94.907849 99.252498 100.136709 94.117592 79.654200 60.408962 42.214775 26.052479 20.908505 16.166445 13.695501 23.688244 37.869304 43.107753 31.598775 23.422463 10.914331 3.738071 1.464349 3.280885 12.359860 29.578539 45.179771 45.884232 37.621648 29.913150 26.389568 26.163623 36.860882 60.912849 82.164261 97.781993 111.419114 133.066017 144.564797 154.395664 165.067528 177.431997 189.007365 199.826091 200.511076 200.244934
162.439120 144.518304 127.020735 116.921282 109.724473 104.859954 101.624137 97.408859 92.765264 83.855272 74.021077 57.878839 44.118696 29.898044 26.260985 24.639990 26.557481 15.575654 3.679974 -16.604477 -33.096747 -49.026751 -57.725269 -63.507044 -68.796197 -61.648193 -45.993945 -37.095025 -51.985140 -61.679847 -74.596802 -80.930871 -83.931486 -82.805431 -73.835953 -51.860090 -34.146251 -28.438326 -36.252323 -42.799065 -45.469024 -45.118957 -38.387504 -20.423497 1.137029 21.932203 38.417398 52.229331 62.659029 74.307647 89.994771 108.093683 137.139354 155.951830 174.192985 188.942418
101.187974 87.935129 75.045210 63.082403 51.967410 45.663173 45.571496 38.304461 31.934195 21.138107 -18.773821 -35.090918 -52.216401 -66.410593 -71.225686 -77.766262 -81.154652 -90.363856 -97.829020 -109.132791 -124.426169 -140.201875 -153.817113 -158.172457 -161.973214 -165.894957 -156.918588 -152.927199 -155.216330 -161.934413 -168.788934 -172.351584 -174.654034 -171.314225 -159.612934 -148.130395 -137.399599 -132.487715 -137.199791 -132.314116 -126.881700 -126.063361 -111.400479 -97.184861 -79.283042 -58.039036 -35.713299 -22.771113 -12.475800 -0.664661 15.982286 35.136621 57.189265 82.246426 110.258705 141.145731
48.090335 34.169278 19.638751 6.849310 -5.446368 -16.853400 -16.650929 -20.631677 -27.075337 -58.558391 -98.311057 -126.998156 -143.303863 -161.851528 -170.450447 -178.123372 -197.339382 -209.393325 -217.056209 -216.235605 -226.839654 -241.933170 -254.526312 -260.540912 -264.801417 -273.469945 -276.761098 -273.499809 -265.829695 -271.447799 -274.531252 -272.464536 -274.385792 -276.077695 -268.997606 -256.997963 -249.839553 -242.395856 -235.158841 -230.903728 -224.788873 -203.707434 -190.648456 -177.469627 -159.256030 -139.102917 -117.862010 -99.967384 -87.823748 -74.063958 -55.377333 -38.020341 -15.811694 9.357511 39.494888 62.710710
-17.860525 -35.331942 -50.350127 -65.338455 -81.132247 -100.575247 -102.685372 -109.407418 -121.162482 -158.656266 -194.681137 -223.003317 -242.125940 -262.801771 -276.527700 -297.760820 -330.499981 -353.920990 -354.100653 -348.084738 -354.544918 -375.870155 -397.298947 -413.959244 -431.611340 -453.435557 -466.418503 -455.278570 -442.810797 -440.303580 -439.349109 -434.949648 -434.497236 -435.791434 -435.519283 -417.663390 -402.894077 -387.408755 -374.105293 -361.015560 -328.270708 -298.937962 -279.621150 -260.171627 -241.600000 -220.384505 -198.108031 -179.546063 -165.861463 -149.111935 -131.066620 -111.427905 -90.534866 -65.083766 -35.294142 -11.009931
-83.923017 -107.751959 -126.993869 -147.247053 -177.346145 -190.144762 -198.245252 -206.062993 -232.964397 -268.373261 -303.988707 -338.414400 -373.551387 -411.613171 -449.763990 -490.477305 -527.160874 -550.585868 -541.658697 -533.920981 -524.607446 -542.022478 -557.662223 -564.785192 -580.285494 -595.073313 -610.607630 -599.645663 -590.864220 -575.318972 -573.712930 -571.464824 -565.193422 -567.642496 -569.477781 -576.066684 -565.346864 -555.616575 -543.223404 -514.236849 -482.261128 -448.075277 -416.376340 -382.827307 -348.134505 -314.201017 -283.458804 -258.139452 -240.036186 -222.072800 -202.139702 -183.741525 -165.777067 -144.474705 -118.749939 -95.926611
-172.321749 -191.480493 -211.534925 -239.788852 -276.464045 -305.006860 -318.063793 -352.922759 -397.011337 -459.993817 -498.368447 -526.037361 -553.976948 -577.043199 -597.065083 -623.458067 -644.750167 -668.752299 -662.053575 -649.048214 -632.916979 -644.344146 -648.437392 -649.127527 -660.145005 -672.527566 -687.698282 -684.262975 -669.854056 -653.322765 -649.896520 -644.985928 -636.978060 -636.997194 -643.707206 -654.719968 -649.992976 -638.423491 -625.297305 -604.654297 -583.766941 -562.988941 -543.537599 -519.298645 -490.468482 -456.830925 -415.499893 -372.134548 -341.152898 -307.777631 -276.862429 -255.465689 -242.277248 -226.548686 -202.170485 -183.999422
-259.072816 -280.334872 -307.928180 -356.943783 -420.841975 -484.334303 -524.995567 -561.367166 -595.674539 -616.259724 -632.992586 -649.319483 -664.710934 -681.255505 -697.032713 -711.939762 -730.177550 -754.531454 -745.995437 -730.728236 -714.924061 -713.780958 -716.250855 -717.102913 -723.376685 -736.620936 -754.361176 -745.388326 -730.374572 -716.214562 -709.275123 -704.619846 -697.759110 -701.774622 -711.421739 -722.912378 -715.605063 -701.629285 -690.042066 -675.830703 -657.919108 -639.655327 -621.500598 -601.796007 -581.583293 -557.516032 -530.776995 -500.693051 -468.005047 -431.041704 -390.977515 -366.894257 -344.778184 -325.274604 -298.984617 -275.774911
-399.559988 -439.211136 -479.174426 -523.507414 -569.801211 -600.639362 -628.276488 -653.529322 -678.601119 -697.097020 -710.924153 -713.999435 -723.416442 -739.530352 -745.583873 -757.027651 -779.376388 -775.260716 -769.359538 -752.541520 -753.332290 -753.577528 -757.438451 -756.090176 -759.998631 -778.769824 -769.696327 -763.272383 -748.995830 -742.744387 -736.999466 -732.926874 -729.698992 -731.521377 -743.511495 -740.774536 -735.036159 -721.802989 -715.655547 -705.284654 -687.966277 -676.513558 -661.945087 -644.504326 -626.188696 -606.022846 -583.675516 -557.630013 -532.603086 -510.005711 -497.851680 -482.243401 -469.384923 -471.089200 -444.226977 -414.668849
