tests/Borden05m/sims/sim_1/output-maps/psiliqL0018N0013.asc
ncols         160
nrows         34
xllcorner     620200.000000
yllcorner     5168000.000000
cellsize      0.500000
NODATA_value  -9999.0
[rows 0 to 24 of 34, columns 55 to 109 of 160]
-9999.0 -9999.0 -9999.0 -9999.0 -9999.0 -9999.0 -9999.0 -9999.0 -9999.0 -9999.0 -9999.0 -9999.0 -9999.0 -9999.0 -9999.0 -9999.0 -9999.0 -9999.0 -9999.0 -9999.0 -9999.0 -9999.0 -9999.0 -9999.0 -9999.0 -9999.0 -9999.0 -9999.0 -9999.0 -9999.0 -9999.0 -9999.0 -9999.0 -9999.0 -9999.0 -9999.0 -9999.0 -9999.0 -9999.0 -9999.0 -9999.0 -9999.0 -9999.0 -9999.0 -9999.0 -9999.0 -9999.0 -9999.0 -9999.0 -9999.0 -9999.0 -9999.0 -9999.0 -9999.0 -9999.0
-9999.0 -9999.0 -9999.0 -9999.0 1832.803029 1827.539959 1822.767265 1818.389504 1810.061283 1801.257517 1793.527949 1789.937303 1789.385521 1789.025794 1788.975547 1794.480874 1802.877571 1810.840341 1818.175434 1820.827259 1823.452871 1825.754403 1826.347647 1825.353148 1822.320483 1819.205450 1815.974812 1814.523748 1806.840291 1795.656983 1787.111242 1784.413048 1788.727344 1793.098279 1795.499562 1800.962856 1811.375366 1821.844648 1830.058863 1841.813745 1847.667523 1852.419584 1854.762353 1850.214879 1846.295586 1841.993351 1836.152571 1824.890005 -9999.0 -9999.0 -9999.0 -9999.0 -9999.0 -9999.0 -9999.0
1777.615922 1796.710637 1817.390064 1820.788676 1809.299426 1804.500112 1801.577479 1800.055020 1795.847979 1787.701134 1782.956778 1777.989894 1776.286450 1776.777191 1777.213303 1781.570485 1792.343739 1800.590255 1805.574352 1808.393469 1811.316083 1810.740963 1810.316084 1810.221053 1807.511220 1804.228779 1800.989825 1799.298975 1800.227811 1792.721578 1787.097428 1783.515775 1781.337528 1783.885890 1786.311463 1790.041297 1799.231418 1807.056872 1814.842367 1829.106980 1841.401102 1846.356179 1843.335022 1837.970226 1833.635332 1826.177000 1815.452738 1804.968516 1795.820382 1788.771755 1782.742564 1776.112794 1781.581744 1787.977374 1796.973503
1762.455773 1782.091112 1802.721100 1805.785764 1795.498204 1787.762959 1782.431597 1783.185183 1786.568497 1783.646323 1779.438276 1773.865199 1783.419260 1785.058677 1786.481443 1790.157441 1793.181221 1797.422062 1800.347059 1805.953157 1815.152915 1818.101341 1818.782262 1819.058235 1817.326274 1814.300569 1812.565476 1809.913259 1804.786218 1803.491045 1803.568475 1802.919284 1807.510324 1808.953657 1811.053975 1804.725379 1808.452798 1814.460484 1821.079921 1826.892239 1832.960043 1835.905062 1832.091192 1831.184662 1822.185392 1807.826404 1796.630971 1788.033125 1786.472648 1782.767890 1774.193106 1760.351551 1767.139528 1782.121379 1786.042541
1768.921502 1778.534139 1790.315830 1793.579012 1789.011528 1791.132130 1793.271825 1795.148923 1793.981535 1791.307867 1788.934785 1801.138412 1810.608874 1812.735035 1815.934577 1820.134504 1820.507271 1809.395824 1807.452631 1815.596610 1825.874336 1831.600489 1831.980176 1831.950831 1829.413958 1828.475808 1828.277827 1826.344933 1826.691123 1828.829509 1827.893706 1831.856479 1837.398675 1840.406084 1833.514630 1824.560304 1825.788688 1833.623281 1841.921064 1849.032952 1859.074257 1869.662606 1868.529261 1862.660831 1853.122403 1839.234512 1815.424643 1795.939161 1784.276345 1775.993211 1767.916620 1768.178374 1763.606193 1774.960563 1775.817139
1764.641811 1783.689273 1805.015311 1812.706298 1807.352223 1803.392476 1801.809111 1803.100409 1803.422271 1806.034796 1817.604833 1831.134278 1844.899440 1847.886023 1850.639022 1850.332553 1842.286430 1832.433581 1829.435383 1843.878128 1860.504309 1868.806961 1869.186831 1867.246204 1872.802077 1872.118757 1871.357833 1867.176333 1868.803877 1868.858396 1877.061400 1884.680398 1892.038000 1890.330117 1878.093961 1866.206683 1865.073110 1868.660433 1873.081830 1879.467638 1889.209470 1898.131029 1892.511132 1885.407642 1875.628638 1847.358902 1821.085964 1804.343778 1803.635381 1803.034945 1797.314638 1793.567526 1790.197910 1783.324481 1782.126607
1809.475649 1830.664544 1851.454344 1866.853728 1861.672432 1854.561201 1845.769748 1846.881729 1849.563041 1857.412632 1869.995965 1886.204765 1909.831067 1911.926293 1914.562307 1916.228442 1904.905136 1892.739989 1882.438918 1902.093523 1912.835531 1921.083964 1921.346145 1929.511346 1939.002010 1934.951688 1927.743252 1916.963971 1923.087959 1932.923127 1948.001130 1955.163392 1959.461150 1956.883943 1944.662721 1938.413167 1937.875830 1941.413776 1940.051658 1945.721802 1954.899194 1969.253864 1967.726268 1960.093908 1937.769937 1900.002337 1866.647895 1848.169057 1854.833724 1847.300881 1839.486812 1835.964235 1821.995000 1811.393733 1811.244918
1856.988645 1874.051384 1892.352365 1910.692988 1905.188858 1895.582002 1881.927155 1881.200847 1888.148042 1898.900764 1917.910040 1939.433697 1962.261997 1967.453657 1967.472099 1977.517674 1971.426285 1962.026199 1954.468597 1969.644750 1981.146847 1992.432495 2000.789201 2013.534267 2024.693613 2012.667737 1998.964101 1991.995409 1997.932452 2019.754011 2038.815067 2043.734686 2044.087669 2045.459730 2034.035577 2027.971488 2022.383453 2019.059138 2014.163659 2010.532885 2030.766661 2048.397240 2046.525685 2023.183265 1998.855228 1960.616034 1922.061366 1891.910417 1895.315840 1891.225400 1890.629074 1876.352911 1861.174374 1847.059936 1838.957819
1928.981565 1956.017683 1975.873954 1997.975926 1995.989734 1977.883108 1967.858174 1972.524636 1986.094879 1994.159013 2011.163491 2033.073265 2062.867042 2081.120235 2097.678354 2102.419296 2094.951425 2086.580034 2074.286546 2075.273224 2095.031231 2107.161603 2117.112883 2127.047134 2139.559419 2143.220136 2139.141263 2138.255874 2141.931450 2151.321665 2162.218075 2168.837719 2173.213114 2177.421319 2170.072737 2158.816650 2153.991654 2146.344105 2141.409285 2139.150946 2144.483805 2158.355668 2155.113161 2124.439547 2096.686337 2062.650316 2024.396854 1993.028023 1978.895989 1988.599005 1979.762851 1961.212607 1944.044335 1911.533937 1898.266398
2018.488005 2053.778326 2080.924339 2094.888416 2106.842953 2099.220518 2100.260651 2105.018884 2113.317521 2118.202301 2126.048572 2158.791881 2193.427249 2221.341950 2245.318479 2253.823340 2243.232857 2233.881774 2221.731870 2212.858418 2219.777107 2235.351966 2252.424701 2267.787793 2279.024705 2282.087446 2280.759557 2281.035162 2283.532432 2286.469581 2289.895712 2296.824170 2304.196626 2313.875565 2323.624253 2315.820612 2298.555198 2287.185461 2275.029296 2271.260302 2270.355108 2270.098558 2269.669103 2257.733124 2221.558178 2191.070829 2158.317175 2132.230861 2113.248734 2103.441782 2083.155778 2058.885162 2010.048622 1970.134634 1935.829918
2123.983230 2166.546574 2197.355988 2219.504271 2234.542587 2236.018657 2239.005286 2241.769226 2247.487295 2252.234496 2258.236575 2282.859647 2322.455027 2360.743348 2391.304444 2394.045321 2383.369297 2372.949655 2363.333819 2351.464746 2348.031798 2357.753582 2370.516035 2388.133703 2399.076114 2407.213623 2405.330256 2405.714033 2406.871542 2408.863660 2410.724359 2413.292783 2421.282962 2434.334099 2446.657784 2446.708342 2430.949696 2413.563340 2396.572577 2390.911332 2385.842515 2379.800654 2380.058097 2380.347078 2368.730074 2340.280360 2301.799211 2259.348051 2235.793998 2215.881974 2202.344489 2184.784899 2152.248024 2094.105177 2059.299290
2250.899217 2281.948152 2312.496980 2343.760462 2361.695496 2368.051378 2368.121216 2369.602435 2377.497304 2382.971392 2391.801036 2408.645710 2436.115181 2467.847486 2495.895767 2512.587909 2507.493968 2493.044853 2474.051010 2467.097814 2465.194644 2467.799950 2475.448532 2485.267986 2502.179208 2519.402586 2525.515360 2526.378864 2523.458186 2526.163470 2527.583654 2527.669952 2529.403792 2535.521982 2543.480141 2546.052797 2539.626822 2520.791137 2499.057599 2485.651552 2477.501764 2472.926466 2471.512496 2473.595462 2473.770936 2459.897582 2427.651882 2386.493305 2353.756406 2333.532909 2317.471797 2301.947096 2288.903688 2262.935242 2242.671263
2369.503140 2385.024896 2412.570774 2440.770078 2464.822817 2481.197804 2484.456775 2489.696584 2495.093101 2504.389012 2520.227082 2541.957618 2558.456292 2577.859424 2601.317555 2615.402066 2620.932280 2620.441096 2617.989964 2619.387053 2619.433262 2578.143603 2582.255082 2586.345380 2597.422498 2608.403086 2612.368869 2612.824406 2611.089213 2612.603836 2613.160569 2613.174015 2612.741413 2613.556232 2616.699494 2617.719988 2615.790302 2606.302163 2615.241582 2596.883146 2584.143074 2576.088519 2567.833842 2558.999496 2548.952487 2538.401992 2519.285843 2490.128689 2455.915756 2430.463615 2419.362571 2411.572132 2402.832963 2395.959876 2378.867357
2477.245309 2489.341394 2506.878429 2528.746261 2559.854982 2581.212047 2592.501654 2601.715479 2606.782261 2619.899025 2634.732631 2625.601514 2631.403527 2637.229559 2642.893864 2644.759724 2645.145948 2644.627659 2642.011333 2641.080088 2638.668470 2634.095947 2623.859922 2625.036287 2626.446765 2628.829057 2632.370147 2631.117364 2632.084705 2635.012222 2633.396268 2627.660544 2623.805490 2622.110774 2622.633638 2629.663718 2632.732912 2633.397710 2631.317089 2630.473244 2629.769256 2627.487047 2624.628198 2620.552374 2615.229858 2622.779117 2611.328994 2585.730958 2549.353906 2510.966433 2498.887888 2496.179915 2495.277141 2491.833371 2484.858072
2598.736659 2611.993046 2626.172708 2615.927444 2631.363335 2639.388363 2643.249508 2646.595339 2649.189343 2651.099077 2647.912675 2644.564479 2639.630025 2637.952773 2636.255531 2633.405900 2633.518554 2631.035190 2626.466067 2622.080325 2614.343397 2602.674576 2590.858871 2587.410276 2591.472235 2596.441767 2600.924377 2604.527104 2607.941211 2608.547819 2603.507217 2595.443301 2588.168128 2586.276082 2592.747058 2598.254507 2603.942800 2604.739799 2603.525327 2601.608684 2601.988583 2599.648175 2600.471739 2607.528950 2621.558129 2626.223105 2630.086219 2629.313493 2617.906543 2597.330405 2597.190419 2577.120829 2580.973675 2575.679912 2563.575685
2641.236846 2643.559798 2642.790833 2641.438606 2635.404599 2629.464236 2628.542214 2632.165449 2638.667147 2639.407766 2631.939577 2623.010488 2615.360712 2607.674892 2604.705534 2602.919871 2601.592366 2600.988159 2594.857135 2585.562218 2568.648308 2556.290629 2544.449320 2537.865982 2534.714957 2538.688423 2548.770940 2559.183127 2563.861080 2556.109094 2548.279558 2537.214926 2529.185227 2529.463583 2531.176285 2540.308262 2555.382221 2561.338238 2562.441341 2557.372747 2552.796526 2547.456624 2545.909532 2553.383074 2569.137624 2585.655753 2600.557274 2609.454323 2617.109462 2623.843815 2625.324082 2627.083809 2627.905961 2626.191903 2626.294203
2636.631770 2629.926436 2623.033399 2617.554433 2610.536349 2604.388722 2601.934415 2603.366451 2605.046508 2600.557224 2593.058338 2581.884689 2569.961091 2559.262250 2551.414199 2551.127562 2552.189016 2552.293387 2544.522423 2528.736119 2509.827812 2495.540363 2480.955704 2476.341714 2470.572127 2464.595820 2474.626735 2492.471022 2498.994784 2484.511568 2474.289609 2459.804703 2452.843511 2449.437487 2450.708331 2459.968316 2480.957908 2502.478493 2504.637047 2495.313288 2486.315563 2482.775742 2481.200945 2488.063143 2506.617071 2528.295827 2544.621657 2555.449897 2561.798258 2570.463052 2580.514845 2594.154356 2608.340090 2620.104950 2627.109505
2610.814051 2602.570499 2594.264545 2585.879208 2577.934931 2570.542483 2565.135860 2561.921327 2557.563574 2550.344491 2541.962347 2523.090100 2509.543769 2495.989303 2480.627784 2475.752622 2470.801229 2471.036635 2458.763518 2448.637123 2430.436007 2414.346993 2397.971078 2385.677812 2379.411552 2372.858031 2374.211921 2388.493393 2397.076338 2385.461833 2375.488396 2363.720628 2358.377258 2355.170836 2357.457212 2367.971648 2389.193212 2408.104546 2416.346460 2409.662639 2407.409108 2407.565657 2407.732076 2415.081238 2429.177502 2449.260339 2471.960020 2490.488340 2501.343230 2509.920763 2520.786672 2536.629519 2551.585726 2566.417803 2584.438972
2575.696200 2565.542539 2554.715565 2544.021357 2532.229431 2519.769817 2512.052211 2512.446933 2504.702671 2497.239536 2477.356114 2426.271174 2405.607383 2386.002197 2369.084031 2361.650742 2352.583035 2339.899404 2329.975330 2323.420671 2319.804025 2304.235310 2285.847901 2268.439096 2262.916082 2258.671537 2245.741143 2246.083748 2247.913598 2257.346461 2250.636590 2246.961561 2246.735355 2244.448855 2247.004662 2260.508661 2270.889165 2279.479513 2286.661856 2289.027703 2298.714360 2307.416468 2315.740236 2333.570742 2347.296657 2365.270578 2387.672602 2413.745159 2429.550145 2440.601530 2452.722525 2469.455616 2487.135590 2505.847121 2529.275449
2533.864473 2517.185359 2501.947251 2486.582560 2472.586394 2458.628853 2442.943571 2442.675754 2438.202729 2427.343216 2378.526829 2335.571420 2300.937284 2281.920156 2257.983602 2244.405157 2229.677534 2196.908059 2180.341333 2176.083432 2184.867939 2177.520066 2160.967385 2147.573400 2138.544578 2130.386975 2115.130266 2101.622121 2106.831726 2121.822330 2119.919679 2120.672534 2126.624455 2125.650841 2121.011248 2123.064711 2136.752581 2144.200774 2155.356591 2170.538894 2176.246347 2189.980524 2220.967334 2235.795583 2252.497662 2273.455521 2296.396306 2320.927583 2344.103623 2359.521460 2376.128399 2396.498948 2414.905911 2436.967202 2461.386960
2475.753529 2445.931213 2424.736525 2406.503538 2386.843969 2361.906185 2340.155865 2336.213547 2327.976390 2302.654753 2252.020426 2212.663845 2184.844540 2161.858641 2137.283730 2115.196886 2082.338440 2048.682988 2027.126679 2036.681210 2045.181207 2050.563093 2037.541686 2025.516139 2015.441706 1999.553665 1983.452834 1969.584791 1979.196259 1987.715443 2001.029180 2006.188259 2010.107963 2014.399502 2013.386263 2006.345616 2007.134921 2016.100424 2026.866880 2038.880013 2057.132926 2090.508790 2116.392736 2135.503236 2157.626839 2178.872504 2202.756372 2227.981946 2251.959269 2270.409633 2290.779294 2311.942203 2334.813483 2356.724382 2382.433482
2392.393601 2363.642350 2336.126530 2311.954870 2281.326246 2237.736833 2221.599688 2211.316336 2192.944727 2150.393599 2107.461514 2078.348257 2058.910663 2034.250861 2011.116319 1982.607324 1949.655358 1925.088261 1904.380747 1912.318099 1920.382922 1935.408791 1924.783889 1915.523328 1910.697707 1895.558615 1881.908144 1866.509593 1873.405757 1884.325053 1904.452210 1909.531341 1913.421656 1921.700851 1921.049088 1917.912294 1905.379227 1913.618531 1924.811082 1939.673579 1969.627525 1994.250463 2018.630468 2041.398542 2062.767914 2086.527638 2111.391473 2136.771036 2164.535535 2185.926860 2206.849955 2230.265973 2252.043507 2270.617574 2291.522785
2278.118060 2252.433671 2230.356462 2205.140775 2164.800696 2120.152274 2081.840067 2059.758387 2014.263914 1979.252560 1950.722000 1940.552835 1924.546921 1902.552851 1881.637597 1860.708500 1836.265996 1815.104901 1790.250398 1794.377630 1808.014204 1823.079972 1820.482367 1818.894173 1816.407456 1806.033699 1792.439965 1778.834445 1782.475171 1798.533510 1815.925328 1824.688867 1831.968508 1839.793957 1839.979011 1832.179684 1823.406179 1829.105174 1844.345084 1861.181453 1881.312344 1903.751350 1926.223663 1947.916885 1971.844442 1996.414000 2021.399954 2048.380140 2077.045544 2099.638787 2125.136569 2151.485157 2171.579128 2184.237716 2197.413938
2167.382291 2145.664914 2121.076875 2093.274226 2051.351775 2009.814266 1967.474900 1923.911239 1890.123261 1859.510668 1846.524540 1828.851564 1812.727995 1795.897570 1774.830144 1756.504014 1739.293300 1717.332667 1702.986672 1708.884322 1721.775130 1731.187860 1735.674089 1732.951245 1730.136265 1723.469047 1709.638609 1702.431259 1711.618557 1726.874147 1741.186446 1752.108263 1759.037831 1764.823309 1762.198793 1753.837076 1749.775637 1758.314312 1774.283436 1789.061144 1805.806058 1827.594149 1849.228505 1871.887270 1895.619606 1919.231012 1945.311691 1972.220956 1999.842969 2027.900645 2052.648449 2075.007981 2087.097237 2099.607360 2105.460264
2036.691040 2021.768151 1995.610245 1966.894081 1935.165481 1898.760144 1870.595406 1838.289259 1807.230507 1776.996755 1750.941228 1735.723419 1727.224072 1713.011876 1694.576911 1681.913880 1665.413936 1651.258411 1653.827600 1655.619819 1664.983357 1664.469192 1665.050015 1662.197667 1661.235671 1657.862981 1649.386903 1658.683122 1665.690755 1679.710899 1690.146688 1699.774170 1705.896664 1709.895441 1710.583205 1705.498821 1710.439541 1717.408572 1731.932227 1743.912702 1758.763844 1779.735158 1797.628082 1817.663338 1840.773001 1864.726484 1889.823237 1916.661212 1945.713950 1971.828653 1992.191852 2002.164688 2014.024052 2019.747981 2013.621330
