tests/Borden05m/sims/sim_1/output-maps/psiliqL0009N0009.asc
ncols         160
nrows         34
xllcorner     620200.000000
yllcorner     5168000.000000
cellsize      0.500000
NODATA_value  -9999.0
[rows 0 to 25 of 34, columns 57 to 113 of 160]
-9999.0 -9999.0 -9999.0 -9999.0 -9999.0 -9999.0 -9999.0 -9999.0 -9999.0 -9999.0 -9999.0 -9999.0 -9999.0 -9999.0 -9999.0 -9999.0 -9999.0 -9999.0 -9999.0 -9999.0 -9999.0 -9999.0 -9999.0 -9999.0 -9999.0 -9999.0 -9999.0 -9999.0 -9999.0 -9999.0 -9999.0 -9999.0 -9999.0 -9999.0 -9999.0 -9999.0 -9999.0 -9999.0 -9999.0 -9999.0 -9999.0 -9999.0 -9999.0 -9999.0 -9999.0 -9999.0 -9999.0 -9999.0 -9999.0 -9999.0 -9999.0 -9999.0 -9999.0 -9999.0 -9999.0 -9999.0 -9999.0
-9999.0 -9999.0 13.940459 8.363781 2.940912 -2.150696 -11.304225 -20.619171 -29.296568 -33.290203 -34.182215 -34.995016 -35.328628 -29.937927 -21.887910 -14.160965 -6.833794 -4.354974 -1.819200 0.603200 1.222875 0.009174 -3.188758 -6.438948 -9.819366 -11.266461 -19.596510 -31.104157 -40.105301 -42.879249 -38.331707 -33.750092 -31.162299 -24.995709 -14.004813 -2.972236 5.723990 17.573195 23.152691 28.302965 31.455837 27.347128 23.720319 19.939797 15.104696 4.021595 -9999.0 -9999.0 -9999.0 -9999.0 -9999.0 -9999.0 -9999.0 -9999.0 -9999.0 -9999.0 -9999.0
-3.559431 -0.233246 -11.160414 -16.031898 -19.408876 -21.650339 -26.827159 -35.677104 -41.109189 -46.582760 -48.252753 -48.208605 -48.092286 -43.812851 -33.786986 -25.699856 -20.810989 -18.270939 -15.666148 -15.489245 -15.871150 -16.161207 -18.992386 -22.364202 -25.728200 -27.489482 -27.390667 -35.016635 -40.370961 -43.644067 -44.873162 -42.371624 -40.011614 -36.903624 -27.171369 -18.766454 -10.362543 3.869659 16.218609 21.431659 18.981226 13.860538 10.033236 3.491807 -6.445474 -17.003730 -27.465806 -34.796106 -40.348426 -45.746432 -39.717797 -33.329552 -23.105173 -12.957446 -0.882663 11.313695 -9999.0
-19.358766 -16.467652 -27.369289 -35.870908 -40.396307 -40.372116 -38.195044 -41.919178 -46.598467 -50.772774 -42.761533 -41.406571 -40.139425 -36.827091 -33.375898 -30.907521 -28.043451 -22.598649 -13.483002 -10.686693 -10.030154 -9.777321 -11.496084 -14.527147 -16.254097 -18.976484 -24.132756 -25.004558 -24.514811 -24.432639 -19.163240 -17.644280 -16.261504 -23.266103 -19.883118 -13.551180 -6.580700 0.461206 7.491487 12.059195 8.836612 7.453929 -1.094393 -15.149657 -26.854341 -35.806376 -38.493490 -41.843613 -49.726515 -62.128096 -55.320775 -39.839539 -35.225396 -31.593537 -19.672654 -7.347572 2.931965
-33.872197 -30.805221 -35.891618 -34.951030 -33.535331 -32.064616 -33.665283 -36.594739 -37.882471 -24.718850 -14.917878 -12.952319 -9.850860 -6.327944 -7.493941 -19.845649 -22.439596 -13.764230 -3.046312 3.138713 3.556132 3.745313 2.346001 1.451033 1.026975 -1.291904 -0.103497 2.660543 3.471153 8.698931 14.469456 17.250652 8.630836 -0.738621 -0.301444 7.344916 15.338055 22.789345 33.835709 45.510413 44.033747 37.861449 28.368002 14.051283 -10.046777 -30.459482 -41.446983 -48.428106 -55.687100 -56.663100 -59.190993 -48.697747 -47.069728 -45.461613 -36.971953 -26.692126 -16.605327
-18.676433 -10.190848 -16.184703 -21.823199 -25.225625 -24.563556 -24.113895 -20.317162 -6.616104 7.959722 23.776201 27.082263 30.111074 30.023835 20.284936 9.769708 5.435547 20.742420 37.075620 45.939879 47.434046 48.373107 56.847024 55.113914 52.633354 47.237537 49.864923 52.910797 64.631008 72.533006 79.515767 77.586974 65.530440 54.159734 52.003637 53.853931 55.990795 61.965467 72.573594 82.731460 77.368206 68.973336 57.230084 26.697632 -2.611229 -20.719196 -20.831005 -21.026384 -26.192622 -29.839610 -33.951127 -41.935531 -42.734016 -43.655549 -44.416191 -32.591018 -20.500046
31.127031 48.012413 42.427946 34.016158 23.107028 23.738103 27.684116 36.737597 51.162760 71.147302 97.232393 102.584753 107.750947 112.236765 101.241222 88.441440 76.202083 92.612516 103.337623 113.726183 118.261063 130.982110 142.231767 137.713840 129.148042 119.556324 126.535318 140.916790 156.813029 163.805681 167.556308 167.619259 157.218005 151.293420 148.219002 148.470175 144.541203 147.711021 158.864739 174.181922 173.294581 160.693010 134.887737 95.347153 57.144431 32.707251 35.506126 27.731721 20.423159 15.119585 -0.094426 -12.486686 -13.569650 -23.859014 -30.736780 -19.758597 -14.075971
84.166735 104.036313 101.281020 90.642083 78.435297 79.034701 88.189303 99.147533 120.266081 147.424359 176.383100 192.172612 201.920136 212.733879 205.788814 195.060665 184.580778 191.672161 206.074437 221.209145 235.383037 250.662548 264.274885 257.569362 247.313248 244.103805 249.344817 268.309848 285.168941 291.348682 294.037115 298.363321 291.083857 282.877196 273.961156 265.969172 258.485167 253.601285 269.966472 285.038188 281.513656 254.082815 224.413505 183.449325 140.783793 102.503114 95.148191 91.020205 87.162026 69.403828 51.679275 31.255752 18.685675 8.133218 -8.040378 -4.200841 0.756955
194.565365 218.576825 225.380534 212.126197 207.829202 214.197993 227.745266 236.235559 253.208393 284.519107 325.954751 359.800342 388.217791 394.856906 384.920354 372.291832 354.341781 348.174649 366.118644 383.492770 399.544621 413.495552 426.571307 433.890493 432.865410 432.930074 435.798642 440.782808 447.837201 454.278918 460.069142 466.181207 465.495890 456.403237 448.962972 439.876903 432.164385 429.750460 429.735049 437.205915 434.148532 408.474770 374.285120 332.518370 286.807272 248.663077 222.975123 220.186162 202.101980 179.841433 154.430527 114.131610 91.776231 71.753809 39.013523 32.593753 41.625123
331.157108 353.939150 374.888964 376.583741 381.454096 387.103949 395.887893 403.343341 412.887870 446.010401 482.893602 516.541277 543.565670 553.331044 543.232166 531.943340 518.740783 508.851232 512.456604 528.385835 546.788018 563.643356 574.948140 579.135800 578.227998 578.658416 580.181955 582.922021 585.047296 589.681036 596.023538 605.743221 617.284732 613.378918 597.831179 585.804182 572.020009 566.750076 564.730470 560.736022 559.014289 552.239491 521.139192 489.513406 454.728378 421.183897 394.205184 368.262625 339.878444 311.104845 261.197585 215.477131 175.029947 140.037436 105.793157 98.048378 121.152590
477.082305 505.035531 523.226264 529.812418 533.692342 537.892341 545.454170 552.330838 560.945805 581.424208 616.750545 653.271331 682.493569 687.384958 679.131530 668.755856 657.422919 648.281384 645.909699 653.262702 663.733382 678.777080 690.444584 701.352993 701.793499 702.369242 702.311559 703.915471 705.146538 705.935760 711.606945 721.844261 731.741801 733.605493 722.877765 707.063136 690.530939 682.962467 676.002712 669.032588 667.063421 665.742839 659.526403 635.503368 601.318316 559.162669 529.218815 503.267578 485.765626 467.164450 444.282146 396.391543 363.220798 318.971136 274.298368 243.991240 274.898047
597.666630 627.784884 648.389016 659.136199 661.459179 664.878535 672.847693 680.373671 691.526656 707.762867 728.703126 755.895864 781.126891 797.659902 794.902662 784.571141 768.820332 765.558166 764.859758 766.968649 772.652865 779.431731 793.237893 808.154376 813.753175 814.552212 812.299668 813.903722 814.442311 813.890785 814.381596 817.803568 823.895769 826.171899 822.576677 808.405068 790.363677 776.342061 766.949323 760.535722 755.974564 754.562679 752.025117 740.812504 714.979541 680.202350 646.266529 621.677908 603.693333 589.251164 577.823134 561.981137 542.433288 509.957782 466.545301 429.608505 420.322464
698.385428 723.837086 749.034551 767.454453 773.346024 779.685755 784.932486 795.247046 810.073411 827.446921 839.852628 855.009016 874.023435 884.579407 890.032531 891.035341 890.565150 892.586625 892.619767 879.260146 881.158056 883.144554 887.079884 892.969732 894.939776 895.242330 894.765711 895.424576 895.410304 895.360365 895.019220 894.229199 895.447905 895.915036 895.415167 890.864271 888.992381 873.684580 862.215165 854.039778 845.398186 835.680831 825.797780 815.934882 801.531947 776.123613 743.448819 714.696738 701.663403 693.877790 686.914444 680.728814 665.181928 643.547765 615.204250 579.801368 544.630206
795.202192 814.104732 839.194294 857.068910 867.308293 875.279544 880.012959 891.128341 902.580891 901.234397 903.457257 905.753279 907.799320 908.330809 908.355986 908.044624 905.619642 905.130533 903.541770 898.393695 889.092487 890.340304 891.948042 895.007212 898.853188 897.691317 898.594495 901.411763 899.894769 894.500417 890.969148 889.409947 889.850343 896.956069 900.037878 900.812307 900.697416 900.159538 899.669464 898.328790 896.634228 894.521556 892.258329 891.205337 881.950232 860.476013 830.171586 798.241017 782.325807 774.877296 774.213865 770.266247 763.492023 744.752746 718.578938 685.121097 649.447400
896.379899 900.221718 905.849526 909.026316 910.610393 912.558437 914.613441 914.684622 911.066192 907.262825 902.633151 901.460395 900.128617 897.628595 897.909953 895.458009 890.994619 887.016663 880.765118 869.960603 857.834519 854.999025 860.157833 866.180777 870.901339 873.921197 877.116069 878.522768 874.013467 866.256458 859.038624 857.018855 863.609042 869.514338 874.545307 875.332047 874.149690 872.508660 872.945258 870.792868 871.246692 877.098414 889.215871 895.916944 897.256992 896.699537 892.342415 884.941597 870.746250 850.927643 852.584203 847.890974 836.413634 815.777491 792.250380 764.348771 737.279384
906.982356 905.129982 899.656202 894.208364 893.516272 897.083912 903.330335 904.074581 896.454287 887.678393 880.523267 873.904027 871.794363 870.221354 868.934873 867.968476 861.461009 852.931754 837.890442 825.759053 813.313448 806.805775 806.388662 813.548514 823.633201 832.462642 836.923710 831.230877 824.183060 813.689296 804.883564 804.854040 808.106006 817.785148 830.894135 834.554959 835.346259 831.050061 827.589031 822.342596 820.949158 827.796475 842.060595 856.848443 869.998607 877.653020 884.488018 890.082555 895.004370 895.263936 895.345806 894.659896 891.689684 877.367934 857.738055 835.862849 812.736031
887.612970 882.534822 875.951504 869.993795 867.996988 870.221739 872.787771 868.755501 860.454069 848.775024 837.243475 827.340261 821.662131 822.411162 823.661831 822.848975 814.795685 799.184839 781.635819 768.120432 754.117042 750.365689 746.853348 745.143095 756.400575 772.469957 778.183099 765.926113 756.684408 742.993676 735.175132 732.431340 734.558393 744.440837 763.116305 780.448558 781.469194 772.723260 764.342241 760.236000 758.513132 765.847116 784.239012 804.054947 818.978717 828.289846 834.189748 841.859950 851.080750 862.745165 875.819768 886.396189 895.836990 897.984728 896.723789 893.399814 878.967837
859.686205 851.482351 844.386973 837.698451 832.758086 830.250060 827.326176 820.160769 811.053232 797.155806 784.493682 772.731946 759.525536 755.873214 752.317212 752.401740 739.726880 727.669594 708.516727 693.648435 678.962326 670.475599 665.753096 661.182849 667.442311 683.151379 692.124492 678.119772 668.127526 655.154694 648.775886 645.712686 647.553574 657.537131 679.648280 697.734280 704.047261 696.421021 690.971681 688.972635 689.056233 695.374802 711.196562 731.695504 752.274075 767.331212 776.576595 784.408514 794.812813 809.679082 824.471032 838.472541 854.967405 873.598492 887.173794 895.809877 900.412026
821.329402 811.030833 800.247127 789.131915 782.262030 782.285972 774.768698 767.233382 752.862479 708.855460 691.573190 674.088824 659.027956 652.583293 643.406593 635.176469 624.106803 616.151686 607.113528 592.327701 576.462569 562.237300 558.060265 554.449865 548.028672 554.887089 558.476154 559.406879 552.195881 545.617647 542.681277 540.389263 544.168902 557.606287 569.708811 580.325852 586.075090 583.447218 590.106253 597.218293 601.435727 618.459843 633.556889 652.057359 673.787382 696.733233 709.513783 719.197985 730.490982 746.512181 763.747738 781.173584 803.448744 827.543906 843.037348 853.899186 865.758135
773.832593 759.362243 746.251206 732.975360 719.493226 718.706561 713.751997 705.103767 667.305466 624.484486 592.106790 573.422339 551.367054 538.532346 524.470869 496.356171 479.768861 471.368127 473.952760 463.406165 446.701311 432.778161 425.381900 419.542881 407.859380 401.185725 405.410501 416.007141 410.461856 407.590403 410.744213 408.924106 406.839231 414.588972 429.218812 437.748406 447.325149 457.949897 463.980552 474.649579 503.312407 521.714155 539.993352 562.042510 585.390969 609.551848 630.372503 644.218578 659.210744 678.497136 695.654727 716.424357 739.848227 767.910207 786.914799 801.335705 813.562365
703.722928 687.059548 669.667010 649.567902 627.117595 622.323091 613.187491 595.522786 550.600868 507.179310 472.224235 447.178923 420.655474 399.325086 367.253206 327.128881 301.361403 302.411660 308.402692 305.710783 289.368216 274.481555 262.854246 248.888836 232.872520 221.941345 230.087438 238.988949 244.968310 247.651021 251.340885 253.239049 252.575551 250.405133 259.187975 269.476042 281.472125 293.649842 308.629835 342.959562 376.559432 402.545428 429.683553 454.726353 482.498872 511.968269 537.474977 556.090340 576.631994 597.830929 619.848870 641.381446 666.590341 695.841497 719.706361 735.284647 749.929603
623.463439 600.098002 573.480647 534.706747 515.489387 502.122635 487.180437 450.978284 405.738695 360.898591 323.879920 291.080701 261.381792 230.607143 195.535659 163.765038 141.253609 146.378297 152.577439 161.581867 148.310582 135.401016 127.759408 112.360412 97.651733 83.335974 91.348375 101.077299 117.030968 120.806095 124.136317 130.593415 129.583842 127.932689 121.563935 131.335061 142.474345 156.988471 185.450173 213.936681 243.203362 270.165714 297.117700 327.268789 361.569047 397.960515 432.337183 457.782109 482.494096 509.760182 534.310479 555.624036 578.875543 606.722908 631.271077 651.643929 672.917309
519.945606 491.520627 451.769443 403.225707 362.591472 340.773644 297.878488 257.723338 214.081872 187.700351 162.547228 134.842125 109.735655 85.686191 56.796906 31.722279 7.162318 10.445658 22.311029 35.684901 28.283942 23.510396 19.775601 7.893109 -6.025538 -19.662827 -15.965402 -1.078677 15.640503 22.518968 28.914109 36.435310 36.634235 30.429911 22.476000 28.551342 42.643998 59.339109 82.110809 106.530389 131.009116 154.409268 180.566545 208.670168 238.713055 272.346527 307.527978 336.243544 370.818670 407.626153 436.340740 454.557958 474.300872 504.166387 528.141516 553.353379 577.902602
397.272104 360.778139 308.751195 256.936099 207.082148 165.174647 127.863448 92.628745 69.867977 47.739234 26.794304 6.323833 -15.872284 -36.787338 -57.288912 -80.081066 -99.867774 -94.858994 -81.542612 -69.376642 -67.419409 -70.616454 -73.886426 -81.953499 -95.757470 -107.199593 -98.962081 -83.333776 -68.001630 -58.032331 -51.297074 -44.972202 -47.617059 -55.665798 -62.186377 -54.083798 -38.422411 -22.978040 -4.643052 17.673044 40.293765 63.347309 87.834422 112.922093 141.031214 170.729673 201.389358 232.158202 262.715363 293.601661 313.184161 332.404739 350.045312 378.153715 407.731432 435.943665 464.928649
239.728973 205.750369 165.861624 121.295593 85.732025 50.799729 17.728005 -14.388214 -40.733563 -59.764189 -71.131786 -86.970314 -107.205218 -121.624043 -139.202895 -158.667774 -160.260615 -156.728792 -144.468305 -142.243997 -141.585681 -144.654635 -145.863006 -150.751763 -162.529087 -156.689728 -148.809747 -133.654207 -122.496408 -113.011842 -106.594833 -102.313221 -102.772555 -109.800293 -106.903870 -99.434915 -84.459650 -72.187317 -56.378832 -34.914357 -16.737019 3.635521 26.660945 50.707421 76.382276 103.918094 133.786922 161.507127 185.267917 199.688516 215.224772 226.666194 227.644447 249.138148 272.358421 296.222561 329.045643
102.287934 73.608565 44.546904 10.703712 -23.044472 -54.559967 -85.794575 -116.382212 -141.919632 -152.221933 -163.693475 -175.885065 -189.758944 -203.917264 -216.750422 -217.423585 -219.899426 -220.367498 -218.485247 -215.497495 -212.997144 -214.044286 -215.207505 -214.677241 -209.036082 -204.802802 -199.205658 -188.559014 -177.350223 -167.020460 -162.890872 -158.620888 -155.692494 -152.436994 -149.793235 -145.212387 -133.526567 -121.424002 -107.710848 -90.267830 -72.308693 -52.816345 -29.912876 -6.557876 18.546746 46.319657 74.664301 97.147081 109.415533 122.057590 128.899878 127.608174 126.940019 139.068898 156.355025 173.458401 200.959224
