tests/Borden05m/sims/sim_1/output-maps/psiliqL0001N0018.asc
ncols         160
nrows         34
xllcorner     620200.000000
yllcorner     5168000.000000
cellsize      0.500000
NODATA_value  -9999.0
[rows 0 to 24 of 34, columns 56 to 111 of 160]
-9999.0 -9999.0 -9999.0 -9999.0 -9999.0 -9999.0 -9999.0 -9999.0 -9999.0 -9999.0 -9999.0 -9999.0 -9999.0 -9999.0 -9999.0 -9999.0 -9999.0 -9999.0 -9999.0 -9999.0 -9999.0 -9999.0 -9999.0 -9999.0 -9999.0 -9999.0 -9999.0 -9999.0 -9999.0 -9999.0 -9999.0 -9999.0 -9999.0 -9999.0 -9999.0 -9999.0 -9999.0 -9999.0 -9999.0 -9999.0 -9999.0 -9999.0 -9999.0 -9999.0 -9999.0 -9999.0 -9999.0 -9999.0 -9999.0 -9999.0 -9999.0 -9999.0 -9999.0 -9999.0 -9999.0 -9999.0
-9999.0 -9999.0 -9999.0 -603.951828 -605.038163 -605.801320 -606.240948 -607.762184 -608.940434 -610.323003 -610.546881 -610.395154 -610.640824 -611.176566 -610.442734 -609.490557 -608.669318 -607.528196 -607.729966 -607.584498 -607.145455 -607.026879 -607.228524 -607.755577 -608.102492 -608.510646 -607.981911 -609.559246 -611.600647 -613.161897 -613.480298 -612.157993 -611.366502 -611.499889 -610.741559 -609.107496 -607.694967 -607.187719 -605.487629 -605.699653 -605.009694 -603.914173 -604.795385 -605.024703 -604.925614 -604.639284 -606.976335 -9999.0 -9999.0 -9999.0 -9999.0 -9999.0 -9999.0 -9999.0 -9999.0 -9999.0
-608.578196 -605.511896 -605.682432 -610.025495 -610.458122 -610.566500 -610.384492 -611.023983 -612.647545 -613.062850 -614.253973 -614.757068 -614.890201 -615.355891 -614.969431 -613.002062 -611.593411 -611.177868 -611.456808 -611.591771 -611.998426 -612.297247 -612.205785 -612.700890 -613.159382 -613.647187 -613.522799 -612.322490 -613.808653 -614.551202 -615.269321 -616.018865 -615.724677 -615.481460 -615.382355 -613.514012 -612.761927 -612.217177 -609.675110 -607.298941 -606.658324 -607.602906 -608.654712 -608.421084 -608.545577 -609.545812 -610.521575 -610.610828 -611.094457 -611.304950 -612.178727 -610.829940 -610.813629 -609.261228 -607.938306 -606.392051
-612.569902 -609.084446 -609.291027 -612.578291 -614.560960 -615.153981 -614.739926 -613.381401 -613.936596 -615.090466 -616.803020 -614.859590 -615.118694 -615.290176 -614.932708 -614.273840 -614.036427 -613.720512 -613.243896 -611.462786 -611.582234 -611.730270 -611.640921 -611.951060 -612.524888 -612.486709 -612.803771 -614.280623 -614.047653 -613.684948 -613.990147 -612.528294 -612.444364 -611.634685 -614.196842 -613.774615 -613.134489 -612.660666 -612.292970 -611.861457 -611.284745 -612.400482 -611.639375 -612.572030 -614.606991 -615.154942 -615.043013 -613.494301 -612.706986 -613.708741 -617.187650 -615.345962 -611.444844 -611.709426 -612.284288 -610.335848
-614.808739 -614.048601 -614.470418 -615.838708 -614.543454 -613.491511 -612.816436 -613.435587 -614.679497 -616.151533 -612.979465 -611.654101 -612.331110 -611.961876 -611.058344 -611.055409 -614.982833 -616.001032 -614.461134 -612.828092 -612.122602 -612.819331 -613.153983 -613.803730 -613.801990 -613.403580 -613.833683 -613.221186 -612.682080 -613.307819 -612.277767 -611.121921 -610.038271 -612.538531 -614.788191 -614.668674 -612.819370 -611.455239 -610.726181 -608.735933 -605.657842 -606.173497 -606.910054 -607.326420 -607.809765 -611.448632 -614.720321 -616.013708 -616.575867 -617.519962 -616.808991 -617.464105 -614.390650 -614.617908 -615.096045 -613.573899
-617.447637 -613.563073 -612.575182 -614.702687 -615.878881 -616.417085 -616.090068 -616.493173 -616.394967 -613.557644 -611.958286 -609.262184 -610.179431 -610.080410 -610.182684 -612.889273 -614.943725 -616.324971 -612.255052 -608.963580 -607.850743 -608.684880 -609.366707 -606.415845 -607.301063 -607.725969 -609.494354 -608.854000 -609.035910 -605.866002 -604.621395 -602.962159 -603.609004 -606.724602 -609.335627 -609.508606 -609.253185 -609.569454 -608.808081 -606.785947 -604.242482 -606.049130 -606.935419 -606.948859 -612.495650 -616.799576 -618.303567 -615.477535 -613.854467 -614.172328 -613.925988 -613.823344 -615.926278 -615.442638 -615.217540 -616.180217
-609.604527 -607.308404 -603.569697 -606.073686 -607.885746 -611.040873 -610.711008 -610.306279 -609.189498 -607.585425 -604.575432 -598.882152 -599.873530 -599.451949 -597.575412 -600.677951 -603.590977 -607.865715 -603.142678 -601.945690 -600.265280 -600.373445 -596.573697 -593.165812 -595.260582 -598.152957 -601.493577 -599.448581 -594.881895 -590.521067 -589.401224 -588.840261 -588.033911 -591.136974 -592.066115 -592.817569 -592.614487 -594.640524 -594.536286 -591.228013 -585.600394 -584.996411 -587.953316 -593.459161 -601.478419 -608.578942 -612.393174 -608.369803 -609.622711 -610.221174 -609.620587 -612.281795 -613.853916 -611.734451 -613.720795 -615.237263
-606.941859 -604.569095 -600.196071 -601.979561 -605.387283 -608.943847 -608.873019 -606.711671 -605.585553 -601.333109 -595.082772 -587.412225 -582.627710 -578.445495 -573.942239 -577.383726 -581.232326 -585.540678 -584.828213 -579.664841 -574.224050 -567.670720 -560.026166 -551.405911 -553.834828 -558.468074 -558.952313 -556.907807 -547.100314 -537.131291 -532.671426 -529.752284 -524.518634 -528.245966 -535.059975 -542.622202 -549.729727 -555.604057 -559.876476 -551.759903 -542.471612 -544.302338 -560.706471 -573.297780 -585.627890 -596.058197 -605.978122 -606.066313 -604.485570 -603.104255 -606.608444 -608.393864 -611.597874 -612.375074 -612.187980 -615.506543
-585.938645 -579.520159 -571.911562 -568.340598 -575.038055 -576.035393 -573.575320 -568.291170 -566.063272 -559.215067 -537.834790 -502.395265 -473.488783 -453.107596 -449.444003 -456.232655 -464.338627 -477.866348 -485.521515 -473.838910 -462.175450 -452.289866 -444.066544 -436.235311 -430.520432 -430.902408 -430.823960 -429.091697 -426.933046 -422.876100 -417.859901 -412.648684 -406.794514 -404.630599 -411.587477 -418.907622 -426.866445 -434.110986 -436.267257 -438.368171 -434.638045 -435.151672 -448.174525 -468.113934 -497.204167 -532.568532 -556.700429 -571.159166 -571.696904 -578.230014 -583.506683 -589.227926 -599.904198 -603.001905 -604.795070 -612.814483
-532.086592 -502.685458 -483.715004 -467.610038 -465.386243 -462.051535 -459.140651 -454.502522 -450.488170 -445.659578 -422.911720 -394.006643 -365.354838 -341.741184 -332.233840 -340.080056 -349.001595 -359.117059 -368.173778 -368.546549 -357.368593 -343.299620 -329.325991 -320.155594 -316.833131 -318.345418 -318.176465 -317.192998 -314.298982 -312.413999 -308.570633 -302.432864 -292.494355 -280.292476 -282.781908 -298.255244 -311.498127 -327.411174 -335.716082 -339.407954 -344.828044 -345.498920 -345.849851 -366.581295 -389.144034 -415.204347 -440.342041 -457.030151 -476.002047 -497.262603 -518.457903 -551.271499 -573.477062 -587.964635 -597.747411 -606.484366
-426.126994 -402.231458 -378.926560 -364.835960 -358.974016 -356.244316 -352.079496 -344.537029 -338.162747 -329.775834 -312.997658 -281.154137 -246.321383 -215.367807 -204.194719 -209.299090 -219.587136 -229.984142 -238.234554 -240.467665 -236.119041 -229.085054 -217.814486 -206.588186 -196.151126 -196.836573 -195.663766 -196.988070 -193.664930 -191.081341 -191.201337 -185.492818 -176.739744 -168.771978 -166.288947 -177.155778 -191.454465 -210.105261 -226.288444 -237.271214 -244.527825 -246.136480 -246.046813 -246.853312 -266.164115 -296.919187 -337.299931 -365.767526 -387.026132 -399.626345 -412.594578 -424.109552 -451.006239 -466.343793 -495.767650 -532.668049
-331.158184 -305.028767 -277.662226 -258.264461 -247.419339 -244.095641 -237.110978 -223.828057 -214.378911 -202.616386 -187.640214 -168.781508 -144.599387 -106.629657 -57.380000 -58.461604 -67.451842 -80.889881 -83.684462 -82.938262 -82.605655 -78.893538 -102.687815 -61.959156 -50.554559 -74.876205 -44.047880 -76.486773 -45.151652 -43.620237 -44.779050 -44.144308 -42.970761 -37.936786 -35.453930 -67.607267 -49.894810 -67.444344 -122.205518 -138.385299 -145.129168 -149.498491 -150.795003 -153.487657 -163.030886 -187.601282 -224.838233 -260.830038 -287.036062 -305.692691 -318.892791 -328.047681 -335.671808 -348.873819 -372.142260 -405.355009
-225.897761 -202.715572 -179.464861 -156.483625 -139.554434 -133.551926 -117.691470 -76.425163 -63.401696 -49.037715 -61.649403 -24.644040 -34.102034 4.466088 12.131440 17.483303 18.962417 19.845058 21.297450 22.263321 22.047304 22.289536 22.903389 23.481701 24.766559 26.106286 26.371228 25.857615 26.216597 26.931164 26.150370 26.794028 24.353853 24.510678 25.088240 24.434019 22.767093 14.912369 0.481747 -10.029321 -16.258433 -23.164202 -31.075036 -39.604566 -48.192243 -61.948783 -121.371754 -158.449969 -191.280890 -211.114230 -220.714005 -226.972001 -232.367785 -246.160941 -266.476905 -291.823577
-80.262552 -66.492087 -49.536043 -29.867828 -14.941494 -31.906860 0.228806 6.369197 15.341409 24.971576 26.865167 28.026621 27.281795 26.987735 27.462286 28.095881 26.959695 25.492808 25.910899 23.921115 18.770993 10.578485 11.787816 12.880637 15.690669 18.501630 16.954894 17.790070 20.534873 19.415346 14.449297 11.498246 9.968691 9.883795 16.379945 19.149916 19.714914 20.759804 20.026429 19.894851 20.101358 19.893859 19.953951 20.070715 15.213664 7.586476 -11.071514 -36.561239 -64.403588 -118.195804 -132.198614 -133.056810 -137.719815 -145.912977 -170.355395 -198.377261
7.772187 17.811881 28.528009 27.638539 28.457162 27.522300 29.075943 30.911904 31.562514 27.397443 23.630004 19.135715 18.698517 17.348652 15.349312 15.877239 14.223398 10.762835 7.983473 1.846574 -8.064664 -19.449782 -21.162132 -16.363167 -11.241687 -8.019880 -5.927992 -2.914832 -1.039235 -4.978448 -12.261216 -18.779516 -21.041155 -15.217000 -9.570293 -5.332006 -4.947934 -5.868371 -7.717490 -7.254558 -8.784891 -8.258756 -2.263945 9.753171 17.478076 17.322631 17.325345 17.346945 17.215036 -3.086346 -21.174481 -18.692711 -22.281342 -32.820183 -89.598438 -118.060615
21.435787 21.731443 18.879821 13.853109 8.817668 8.435554 12.010068 18.093055 19.952940 13.694306 6.494493 -2.402038 -6.382970 -8.198100 -9.536423 -10.387363 -10.258733 -15.440009 -22.838377 -71.606449 -89.132893 -102.232046 -109.077909 -110.161512 -104.704178 -96.912477 -89.697712 -85.798050 -90.288282 -96.625587 -105.455167 -112.798852 -112.508393 -109.453852 -101.210886 -90.075688 -88.049679 -87.053676 -90.565845 -92.868118 -96.958027 -95.991613 -82.829488 -34.565852 -20.404845 -9.290980 -2.483342 4.673757 10.024463 17.099857 17.096960 17.080302 17.052741 13.032997 0.320590 -16.775676
7.682003 1.535812 -3.698029 -9.769747 -15.742411 -16.995997 -13.379560 -9.691319 -11.582364 -17.878453 -30.233915 -74.061776 -89.266787 -95.820884 -95.907615 -94.559640 -94.877936 -101.584403 -117.321128 -140.190162 -156.327153 -171.240092 -175.810775 -180.233598 -182.366226 -172.336302 -157.957504 -153.046790 -164.166828 -172.674351 -185.016401 -192.100044 -194.194893 -192.261499 -183.149343 -166.246506 -151.133796 -150.326154 -158.348569 -165.874280 -169.390386 -169.556019 -158.591862 -133.732314 -112.703805 -97.777228 -85.799346 -64.396724 -34.812623 -25.248051 -15.270327 -4.106814 5.708627 16.101991 16.392767 16.463215
-17.997081 -58.398413 -71.720244 -80.088996 -86.620527 -90.990778 -93.410676 -95.482392 -101.087902 -108.320376 -120.168276 -137.622618 -151.363349 -164.785257 -168.201504 -170.198799 -168.643749 -179.990113 -192.653119 -213.841793 -229.929195 -245.365976 -253.530466 -259.168009 -264.322020 -256.746297 -240.987826 -232.141057 -247.264131 -256.987434 -269.957924 -276.332327 -279.256423 -278.117628 -269.126923 -246.976505 -229.275136 -223.652702 -231.483196 -238.358156 -241.284207 -240.973249 -234.343309 -216.131301 -194.600071 -174.309402 -158.821139 -146.031462 -133.230213 -120.764661 -104.813687 -86.238828 -44.021269 -23.765286 -7.288828 5.562627
-96.046254 -111.600071 -123.658486 -134.813387 -145.387352 -151.260041 -151.069647 -157.925396 -164.281697 -174.301355 -213.965095 -230.270039 -247.285723 -261.190723 -265.743813 -272.072560 -274.722904 -283.892928 -291.563540 -303.584425 -318.709301 -334.095332 -347.223687 -351.444749 -355.164163 -358.334999 -348.946166 -344.911539 -348.083866 -354.668904 -361.574334 -365.264991 -367.468272 -364.122734 -352.748479 -341.239981 -330.352660 -325.597870 -330.806370 -326.416682 -321.399797 -321.270748 -307.036486 -292.855424 -274.997671 -253.920092 -232.088211 -219.568638 -208.902944 -196.791671 -179.988367 -160.674522 -138.077674 -112.589978 -84.254422 -40.530877
-149.652659 -164.003221 -178.328535 -190.723075 -202.617501 -213.470142 -213.060656 -216.900846 -223.089190 -253.438677 -293.128526 -321.313979 -337.216541 -354.930443 -362.779932 -369.388445 -386.472613 -397.292511 -404.681691 -404.466909 -414.351816 -427.475420 -437.914037 -442.330059 -445.121153 -451.302241 -453.048814 -450.725487 -445.131816 -450.130899 -452.962916 -451.618663 -453.270268 -454.416216 -448.391524 -438.858501 -433.125083 -427.210860 -421.613276 -418.192252 -413.573747 -395.080617 -383.195916 -371.014762 -353.576013 -333.987436 -313.213480 -295.815800 -283.838415 -270.172159 -251.498842 -234.115229 -211.798452 -186.445950 -156.285424 -132.682222
-215.215361 -232.664690 -247.475162 -262.021053 -276.951776 -295.956965 -297.731400 -304.148299 -314.772164 -350.832601 -385.261554 -411.334477 -427.690868 -444.360023 -454.117374 -470.190731 -498.061021 -517.467834 -517.989235 -513.333239 -519.082323 -533.740017 -545.244603 -552.436654 -558.994264 -566.882687 -571.163470 -567.162414 -562.747542 -562.848250 -563.037725 -561.483379 -561.652593 -562.120372 -561.718722 -553.604599 -547.245265 -539.808864 -532.953668 -526.161011 -500.797425 -475.414101 -459.347666 -444.009880 -428.830932 -410.309344 -390.160343 -373.142091 -360.346115 -344.240320 -326.615768 -307.261247 -286.376209 -260.818473 -230.969985 -206.769657
-280.288184 -303.891034 -322.590652 -341.662261 -369.733360 -381.426967 -388.613566 -394.717327 -417.664491 -446.529965 -474.980175 -505.939169 -531.983269 -551.009359 -564.808504 -577.185691 -586.876905 -592.422586 -589.310115 -587.524098 -584.713100 -589.513632 -593.300030 -594.315436 -597.649045 -600.583827 -604.305741 -601.337318 -599.928712 -596.389016 -596.685732 -596.555700 -594.969673 -595.760048 -596.025713 -598.124995 -595.500802 -593.865276 -591.822324 -584.713401 -576.821146 -567.048679 -556.318821 -541.347312 -519.091829 -490.149675 -463.254333 -442.821636 -427.954510 -412.373851 -394.489017 -377.486663 -360.162264 -339.144394 -313.706383 -291.016203
-365.763765 -383.740161 -401.731016 -425.800577 -455.119255 -476.714242 -486.731190 -513.984354 -541.014783 -567.010961 -579.090036 -585.676237 -591.770361 -596.048109 -599.267058 -604.158382 -607.524923 -612.331217 -610.499073 -607.947828 -604.261343 -607.349446 -607.879207 -607.316611 -609.170778 -611.101504 -614.164795 -613.661060 -611.185283 -608.193850 -608.296675 -607.677440 -605.959128 -605.920339 -607.272624 -609.989061 -609.281105 -607.459972 -605.625882 -601.959696 -598.374353 -594.666628 -591.209701 -586.128502 -579.452794 -570.763390 -556.866326 -536.086237 -515.187131 -486.076726 -458.804575 -440.952311 -429.884518 -415.861256 -393.450524 -376.521997
-441.690543 -458.039028 -480.513675 -521.104332 -555.716184 -576.961964 -586.740843 -594.532582 -601.093717 -603.740520 -606.031816 -608.458632 -610.459276 -612.546018 -614.423111 -615.967018 -618.298397 -622.867785 -621.003802 -618.387700 -615.387456 -615.317234 -615.649020 -615.422845 -616.152181 -618.211028 -621.844520 -620.322998 -618.099716 -616.058519 -615.413265 -615.005692 -613.739597 -614.630840 -616.480330 -619.138934 -617.996155 -615.917747 -614.704949 -613.125750 -610.804039 -608.289063 -605.729540 -602.675170 -599.426319 -594.931444 -589.528571 -582.845032 -574.686783 -563.645592 -546.962965 -533.940419 -518.063953 -500.447210 -476.098031 -456.158767
-545.869805 -561.869280 -574.169507 -585.234901 -595.411013 -600.497729 -604.704748 -608.146865 -611.577957 -613.646600 -615.235696 -614.538271 -615.285445 -617.412921 -617.367414 -618.496728 -622.144649 -620.911981 -619.873731 -616.931478 -617.427651 -617.582237 -618.279625 -617.818319 -618.306293 -621.804409 -620.082267 -619.304659 -617.240550 -616.836455 -616.374998 -616.021181 -615.632730 -616.050138 -618.538960 -618.035278 -617.349806 -615.436299 -615.314646 -614.457689 -612.170025 -611.379539 -609.871801 -607.734681 -605.390023 -602.522351 -598.946810 -593.916499 -588.561238 -583.205294 -581.067575 -577.020209 -573.330833 -575.199724 -566.480917 -555.596643
