tests/Borden05m/sims/sim_1/output-maps/psiliqL0012N0012.asc
ncols         160
nrows         34
xllcorner     620200.000000
yllcorner     5168000.000000
cellsize      0.500000
NODATA_value  -9999.0
[rows 0 to 24 of 34, columns 57 to 113 of 160]
-9999.0 -9999.0 -9999.0 -9999.0 -9999.0 -9999.0 -9999.0 -9999.0 -9999.0 -9999.0 -9999.0 -9999.0 -9999.0 -9999.0 -9999.0 -9999.0 -9999.0 -9999.0 -9999.0 -9999.0 -9999.0 -9999.0 -9999.0 -9999.0 -9999.0 -9999.0 -9999.0 -9999.0 -9999.0 -9999.0 -9999.0 -9999.0 -9999.0 -9999.0 -9999.0 -9999.0 -9999.0 -9999.0 -9999.0 -9999.0 -9999.0 -9999.0 -9999.0 -9999.0 -9999.0 -9999.0 -9999.0 -9999.0 -9999.0 -9999.0 -9999.0 -9999.0 -9999.0 -9999.0 -9999.0 -9999.0 -9999.0
-9999.0 -9999.0 621.636890 616.188792 611.016188 606.202124 597.375726 588.302804 580.021169 576.235198 575.518036 574.908592 574.706622 580.142825 588.294803 596.083825 603.403407 605.943952 608.510231 610.886797 611.491478 610.343284 607.192796 603.973079 600.633800 599.182315 591.088404 579.730642 570.921180 568.187953 572.640874 577.122285 579.612971 585.497405 596.237103 607.035104 615.542225 627.331666 632.976294 637.959457 640.801137 636.503568 632.722978 628.704178 623.477728 612.313099 -9999.0 -9999.0 -9999.0 -9999.0 -9999.0 -9999.0 -9999.0 -9999.0 -9999.0 -9999.0 -9999.0
605.036749 608.412196 597.290851 592.477120 589.293928 587.339660 582.550031 574.020880 568.911234 563.699835 562.096026 562.354427 562.624636 566.944632 577.206229 585.331752 590.244211 592.874917 595.584070 595.512210 595.116582 594.887958 592.094473 588.748936 585.423668 583.685491 584.071809 576.519302 571.108836 567.753309 566.205625 568.700885 571.048777 574.320897 583.809995 591.966407 600.121490 614.320132 626.606956 631.690778 629.007004 623.749513 619.680193 612.752364 602.479822 591.903969 581.899762 574.627770 568.864203 562.991285 568.727089 575.002587 584.711001 594.294314 606.101516 618.134413 -9999.0
589.936145 592.947797 582.329643 574.160197 569.433797 569.764180 572.417765 569.064582 564.661465 560.135998 568.750340 570.288847 571.675212 575.144587 578.469580 581.544861 584.436552 589.928617 599.061320 601.909782 602.580080 602.840987 601.115215 598.083284 596.351019 593.659807 588.533322 587.546770 587.925379 587.779904 592.816375 594.292540 595.889806 589.081700 592.519891 598.674970 605.466714 612.037192 618.687038 622.649270 619.166309 617.857402 609.062910 594.801586 583.161316 574.230525 571.830961 568.272907 560.079390 547.117083 553.782307 568.939384 573.199816 576.305083 587.768898 599.853620 610.081051
576.802219 580.048624 575.260730 576.697463 578.443860 580.139130 578.793314 576.084602 574.578071 587.543813 597.352264 599.494621 602.724678 606.544050 605.962725 594.106559 591.776356 600.264837 610.811047 616.827357 617.231815 617.337947 615.536927 614.615890 614.266580 612.098197 613.023715 615.602876 615.853160 620.669706 626.351681 629.189924 621.152101 611.902823 612.530032 620.135237 628.129913 635.374993 645.979953 657.174843 655.725829 649.558123 639.934977 625.641496 601.512978 581.261961 569.889662 562.317207 554.636286 553.911550 550.530269 561.118259 562.329563 563.695463 571.595954 581.539709 591.434037
592.875523 601.257639 595.658544 590.744734 588.094732 589.095074 589.641703 593.197243 606.336939 620.688986 635.902748 639.199577 642.218060 642.162926 633.170766 623.064335 619.299613 634.286651 650.606859 659.173161 660.204723 660.067860 667.434480 666.009958 664.118798 659.177530 661.472324 663.496878 673.986710 681.755007 688.821773 686.961097 674.901386 663.376225 661.493095 663.815208 666.612318 672.600378 682.748706 692.324561 686.814417 678.838803 667.760431 638.010499 609.646496 591.799900 591.218365 590.625486 585.027494 581.098365 576.994385 569.155219 568.006975 566.613891 565.484657 576.919432 588.788255
642.922869 659.462181 654.223100 646.474639 636.486387 637.429995 641.080760 649.847771 663.714568 682.372948 707.401953 711.407628 715.507160 719.048016 708.278589 696.170826 684.986330 702.464404 712.892844 722.114682 724.736465 735.409143 745.637236 741.128955 733.041588 723.111854 729.711572 742.367623 757.788011 764.732700 768.590682 767.711483 756.755029 750.772113 748.548438 749.874144 746.789690 750.707109 760.977821 775.763780 774.727234 764.173252 740.131202 701.839989 665.665709 643.275584 647.122627 639.162282 631.412992 626.403806 611.301519 599.219659 598.166299 587.710563 580.695812 591.399473 596.763652
692.973044 712.246600 708.598939 698.495751 686.012499 686.237367 694.593422 705.346870 725.411796 749.965796 775.590170 786.138400 791.249857 801.368493 795.277468 786.137747 777.825204 787.947769 800.534408 812.937126 823.656525 836.814097 848.690379 839.942409 828.565526 824.091198 829.373436 848.802589 865.886227 871.359819 873.070756 876.211508 867.703877 860.484831 852.931282 846.703451 840.227099 835.740967 852.963686 868.530156 865.970424 841.363011 815.589503 777.882104 738.287890 703.699013 700.284060 696.307873 693.558317 676.886481 659.855286 641.380278 630.121097 619.809947 604.332690 608.500518 612.723708
792.497917 814.783542 817.683462 802.478050 796.050763 801.508105 814.525893 822.264220 838.302747 864.530308 898.365366 921.984769 942.751123 947.694607 939.537004 930.660910 917.493609 914.847259 931.332762 943.669718 954.882477 966.024901 978.400898 984.385904 982.297817 982.054389 985.265389 991.847660 1000.384890 1007.171305 1012.778095 1018.466562 1015.596901 1005.495980 998.389924 989.144839 981.723734 978.858025 980.284502 989.888385 987.241816 961.353532 933.056427 899.667911 860.890992 827.565388 807.454990 810.486621 796.920065 776.747516 754.654223 717.479422 698.628847 680.891154 650.022282 644.366313 651.646260
908.704409 925.211082 940.060328 937.099232 939.708853 944.167875 951.730352 957.384243 966.001838 999.102047 1034.789179 1065.179022 1090.077153 1099.262916 1089.587072 1080.068249 1068.469719 1059.200759 1062.800431 1076.880886 1093.358404 1108.905461 1119.920047 1123.612459 1122.502520 1122.906870 1124.857691 1127.942339 1130.869799 1136.660783 1143.647930 1153.462336 1164.373333 1158.845431 1142.199054 1129.640031 1115.516135 1109.939532 1107.783836 1104.990721 1104.061354 1096.427920 1065.309490 1036.129120 1003.014997 972.289700 949.479612 933.044173 911.732402 887.468106 840.288998 798.268669 761.748435 732.492759 702.478003 698.120889 719.751853
1032.538096 1057.795913 1073.902474 1078.085677 1081.253558 1084.638157 1091.111411 1096.905727 1104.739472 1127.087002 1164.088188 1201.112118 1230.982400 1235.699192 1227.056865 1216.975945 1206.657788 1196.531153 1193.362018 1200.661732 1211.222101 1226.577929 1237.780141 1247.465714 1247.017825 1247.566916 1247.937343 1250.003709 1251.847647 1253.592606 1260.132631 1271.274085 1281.835718 1282.835649 1270.068939 1253.336529 1235.936812 1228.070898 1221.176940 1214.618629 1213.798486 1213.574383 1206.153904 1181.012097 1145.054678 1102.044334 1074.218882 1051.596965 1036.893709 1019.425732 993.701948 943.065018 912.374710 876.551111 840.710472 818.533050 856.191672
1147.975917 1178.666411 1198.212920 1207.186711 1208.805197 1211.816265 1219.671379 1226.473381 1237.044032 1253.601324 1276.620022 1305.057253 1331.760225 1349.326061 1346.132085 1334.246001 1317.670967 1312.934247 1311.800243 1313.505441 1319.603103 1326.857805 1341.533616 1356.615859 1361.903093 1362.787240 1360.486589 1362.584114 1363.767435 1363.806239 1364.542199 1368.666542 1375.136721 1377.335100 1372.704225 1357.375389 1337.698433 1322.876323 1313.409557 1308.066837 1305.151306 1305.444737 1304.027994 1291.870864 1263.235500 1225.610872 1191.624213 1168.364766 1150.995204 1136.180260 1124.060364 1104.982214 1086.437859 1055.529085 1012.091820 975.973541 974.552854
1248.625235 1275.111474 1299.745812 1317.016531 1322.255713 1328.897646 1334.191471 1344.258103 1359.660400 1377.979597 1391.477358 1408.000752 1428.931152 1441.240761 1446.957240 1447.425441 1446.370874 1448.059810 1447.992521 1424.980038 1427.383768 1429.728020 1435.783779 1442.974631 1445.384179 1445.819310 1445.044593 1446.142324 1446.480563 1446.563381 1446.070695 1445.624012 1447.236597 1447.696081 1446.609052 1440.493536 1441.969214 1425.116606 1412.947998 1405.092149 1397.111638 1388.282732 1378.427196 1368.397807 1352.061942 1325.145027 1291.749269 1263.619976 1250.799622 1242.953435 1235.362865 1228.942866 1213.117276 1191.225045 1160.661438 1122.576097 1088.177430
1344.841368 1364.647990 1391.379655 1410.240074 1421.091207 1429.943614 1434.955857 1446.886651 1459.590282 1455.448547 1458.688125 1462.097490 1465.459364 1466.620415 1466.844659 1466.499074 1464.029017 1463.328235 1461.248737 1455.986098 1446.157596 1447.176416 1448.354389 1450.758681 1454.363809 1453.296464 1454.433022 1457.421331 1455.895075 1450.338213 1446.605555 1444.789141 1444.938378 1451.727063 1454.644254 1455.324553 1454.413568 1453.572075 1452.966703 1451.565992 1449.959892 1447.731079 1444.737944 1446.644086 1436.477327 1413.497803 1381.164366 1346.771704 1331.737663 1326.155595 1325.656803 1321.811968 1314.863558 1295.808432 1268.498474 1232.779786 1194.991499
1452.078263 1451.115200 1459.807877 1464.518706 1466.966246 1469.600506 1471.971991 1472.820417 1469.471558 1465.798607 1460.871182 1459.253990 1457.553656 1454.761754 1454.931088 1452.518042 1448.134766 1444.055738 1437.025068 1425.576686 1413.492661 1410.444055 1414.662275 1419.519444 1423.928684 1427.351330 1430.980498 1432.281867 1427.509191 1419.548778 1412.336174 1410.127965 1416.174020 1421.424419 1426.411100 1427.113935 1425.849944 1424.099772 1424.661012 1422.826611 1424.020002 1431.014630 1444.374796 1450.611298 1452.798777 1452.213987 1445.552371 1433.626070 1423.913291 1404.128274 1406.741471 1401.613621 1389.731188 1368.592445 1344.673458 1315.347778 1286.612008
1464.505952 1462.584960 1456.590266 1450.736169 1449.863645 1453.437746 1459.855504 1460.821114 1453.584937 1444.962992 1437.426085 1429.886320 1426.834723 1424.629648 1423.128723 1422.425077 1416.451004 1408.052030 1392.117939 1379.519041 1367.381450 1360.683982 1358.575315 1363.576656 1373.343904 1382.993324 1388.025208 1381.832456 1374.356399 1363.605999 1355.330476 1355.247727 1357.328969 1365.940374 1379.300136 1383.626513 1384.494018 1380.007468 1376.414772 1371.625676 1370.941090 1378.974887 1394.650829 1410.214781 1423.989925 1432.343552 1439.702891 1445.901852 1449.729435 1450.489501 1450.796772 1449.715839 1447.746047 1432.627704 1412.012901 1388.415116 1364.368292
1444.195806 1438.604530 1431.242372 1424.763917 1422.330765 1424.059436 1426.345220 1422.552816 1415.330391 1404.548480 1392.792894 1381.864763 1374.477000 1373.910978 1374.820403 1374.618673 1367.474070 1352.518420 1334.619123 1320.405453 1305.865230 1301.326247 1296.324040 1292.446659 1303.109059 1320.070154 1326.483348 1313.624785 1303.868319 1289.725059 1282.169671 1278.982145 1280.348378 1289.492530 1308.730952 1327.460766 1328.901758 1320.049604 1311.669185 1308.133726 1307.061298 1315.010008 1334.144122 1354.672225 1370.085330 1380.443123 1386.901796 1395.510662 1405.272864 1417.483598 1430.636048 1441.709427 1450.558778 1454.154784 1452.482516 1447.346355 1434.130707
1414.787029 1406.158047 1397.861264 1390.430418 1385.040817 1381.850417 1378.392930 1371.738453 1364.086887 1349.481847 1336.498121 1323.496621 1308.795200 1304.182588 1300.199843 1300.791888 1288.852884 1277.738780 1258.558126 1242.576020 1226.560051 1215.996928 1210.023923 1204.272045 1208.810795 1224.340258 1233.513615 1220.376238 1210.188588 1197.353299 1191.107890 1187.747239 1189.469005 1199.500419 1221.442723 1240.035995 1247.175718 1239.989151 1235.738956 1234.607636 1234.975794 1242.031856 1257.749339 1278.530185 1300.163917 1316.926119 1327.186877 1335.778025 1346.591984 1361.583654 1376.149932 1390.738023 1408.171015 1428.162602 1442.800092 1452.146592 1456.259484
1374.760974 1364.102163 1352.390343 1340.577336 1333.212873 1333.155598 1325.594255 1318.422677 1302.810762 1256.719452 1238.176887 1219.453461 1203.256497 1196.465086 1188.008098 1179.228477 1169.136275 1161.677644 1153.932720 1138.000612 1120.326447 1104.027542 1098.635231 1094.356873 1085.672097 1090.631749 1093.895703 1097.731961 1090.543606 1084.761637 1082.555542 1080.056216 1083.232274 1096.730283 1108.606406 1118.973502 1125.532228 1124.752036 1132.463116 1139.833665 1145.071728 1162.100965 1176.781843 1195.470161 1217.866087 1242.263726 1256.420266 1266.949379 1278.840535 1295.312862 1312.875508 1331.213500 1354.350087 1379.422279 1395.962752 1407.695789 1420.142127
1324.380723 1309.367737 1295.560780 1281.738427 1267.500928 1266.998936 1262.345823 1253.055906 1211.699330 1169.001198 1136.056910 1116.991269 1094.057217 1081.629774 1069.362680 1042.145559 1026.941448 1020.117461 1024.359333 1014.201013 996.770694 982.300851 973.857044 966.983762 954.071762 945.323524 950.021553 962.182916 957.891911 956.354788 960.479804 958.817597 955.540077 961.160920 975.622711 984.056726 994.402812 1006.657143 1012.330775 1022.998306 1050.710538 1066.118674 1082.865086 1104.419854 1127.678017 1151.725222 1173.215834 1187.726122 1203.505649 1223.395568 1241.353139 1263.199470 1287.672228 1317.082454 1337.649626 1353.035161 1365.673114
1250.179464 1232.789981 1214.487199 1192.771270 1171.085155 1167.263905 1158.924106 1138.789704 1092.157923 1051.237831 1020.506262 997.122346 971.821341 951.868810 923.597959 891.064867 869.902857 874.511690 881.150354 881.337437 866.738044 853.382029 842.712146 828.565619 813.008160 801.402534 809.964114 818.580553 827.003697 830.603986 834.361632 836.969747 835.961428 831.777366 837.350790 846.689097 857.794248 869.389381 884.407143 915.550490 942.079945 961.399450 984.119529 1006.481052 1031.453764 1057.450997 1080.945795 1098.924436 1119.127167 1139.953000 1162.331602 1184.576252 1210.753113 1241.127860 1266.584995 1283.321145 1299.025708
1165.726563 1142.378021 1114.928793 1075.235921 1058.976714 1048.689555 1034.313281 996.852635 953.504162 917.768749 892.628640 866.371509 841.102622 812.891030 780.573262 753.239496 732.448675 738.637290 745.227591 756.092198 743.803378 732.253067 725.680088 710.598344 696.520673 682.044637 689.598538 699.563211 716.772812 720.965776 724.449369 731.433628 730.465608 728.213734 719.680474 728.765489 739.781448 754.284718 782.940174 809.240221 835.189508 858.641661 881.437141 906.611074 933.424301 960.480798 988.658890 1010.672114 1032.199206 1055.983589 1078.378197 1098.710442 1121.573982 1149.492039 1173.989394 1195.345672 1217.894639
1062.403288 1037.109868 999.542048 954.712279 919.275361 901.603480 862.069798 826.723575 790.515105 771.843117 751.990656 727.573083 704.655228 682.223610 655.357595 632.004644 607.489637 610.880448 623.047796 636.713185 630.778879 626.962445 623.558806 612.169290 598.408042 584.828439 588.459749 603.649289 620.505859 627.983800 634.650317 642.241242 642.446474 635.767033 627.627156 633.630811 648.161109 664.961384 686.873072 710.538482 734.065378 756.477236 781.346061 807.445473 834.228600 863.079805 893.121549 916.671369 943.604116 971.183242 993.458206 1008.331904 1024.907460 1051.265198 1072.012252 1096.155260 1120.861239
951.938366 923.814872 881.465578 837.439703 793.138870 752.628064 718.023105 685.419484 666.614695 646.479344 627.464946 608.279350 586.391172 566.237066 546.786524 524.270835 506.256485 511.327077 524.199942 535.192833 537.835692 534.690075 531.498051 523.895854 510.153837 500.182699 508.658656 524.023018 538.896082 549.118416 555.882584 562.009594 559.407340 551.342273 545.742032 554.050548 569.888736 585.250086 603.239764 625.569159 648.017552 671.065654 695.377870 719.969709 747.194816 775.491465 804.477036 833.392658 860.223518 885.535914 900.132265 914.849414 925.580482 944.785425 966.046952 989.323846 1015.658297
822.380875 792.702240 757.808810 717.467526 685.262198 651.663149 619.442615 587.933288 561.557121 543.654092 533.085853 517.641163 497.885428 483.924240 466.619736 448.864941 448.519101 451.268483 462.328434 463.475961 463.997033 460.930231 459.747287 455.352422 444.711013 451.674502 459.188154 473.850520 484.676158 494.144831 500.428655 504.605181 504.564975 498.270184 501.907015 509.238429 524.081041 536.327600 551.927729 573.377711 591.661859 612.149914 635.436509 659.681168 685.336008 712.743091 742.393010 769.577255 792.030835 804.552981 818.359731 827.319452 824.998285 842.318269 860.650081 879.077254 905.718672
