tests/Borden05m/sims/sim_1/output-maps/psiliqL0021N0007.asc
ncols         160
nrows         34
xllcorner     620200.000000
yllcorner     5168000.000000
cellsize      0.500000
NODATA_value  -9999.0
[rows 0 to 24 of 34, columns 55 to 109 of 160]
-9999.0 -9999.0 -9999.0 -9999.0 -9999.0 -9999.0 -9999.0 -9999.0 -9999.0 -9999.0 -9999.0 -9999.0 -9999.0 -9999.0 -9999.0 -9999.0 -9999.0 -9999.0 -9999.0 -9999.0 -9999.0 -9999.0 -9999.0 -9999.0 -9999.0 -9999.0 -9999.0 -9999.0 -9999.0 -9999.0 -9999.0 -9999.0 -9999.0 -9999.0 -9999.0 -9999.0 -9999.0 -9999.0 -9999.0 -9999.0 -9999.0 -9999.0 -9999.0 -9999.0 -9999.0 -9999.0 -9999.0 -9999.0 -9999.0 -9999.0 -9999.0 -9999.0 -9999.0 -9999.0 -9999.0
-9999.0 -9999.0 -9999.0 -9999.0 2439.094874 2433.897721 2429.303203 2425.165829 2417.251565 2408.585334 2401.130925 2397.647460 2397.198385 2397.000822 2397.085192 2402.708030 2411.331023 2419.489421 2426.920495 2429.640630 2432.448189 2434.930646 2435.783294 2435.175721 2432.579726 2430.060548 2427.233669 2426.104324 2418.926198 2408.098303 2399.913707 2397.417198 2401.795447 2406.195655 2408.615265 2413.883444 2424.096081 2434.291452 2441.989359 2453.438254 2459.186248 2463.639651 2465.561021 2460.732519 2456.622043 2452.123576 2446.012039 2434.720683 -9999.0 -9999.0 -9999.0 -9999.0 -9999.0 -9999.0 -9999.0
2384.947818 2404.064315 2424.937165 2428.282957 2416.594617 2411.764885 2408.937641 2407.598981 2403.634321 2395.659965 2391.101841 2386.268454 2384.528590 2385.174051 2385.760811 2390.237159 2401.399416 2409.846290 2415.029928 2418.177807 2421.418883 2420.836754 2420.687360 2420.986081 2418.659117 2415.725522 2412.875218 2411.559017 2413.091479 2405.906153 2400.428323 2396.931855 2394.567914 2397.200793 2399.755230 2403.735563 2412.735600 2420.302788 2427.741519 2441.637422 2453.697373 2458.383138 2454.991690 2449.380401 2444.751457 2436.985160 2426.241644 2415.875086 2407.302566 2400.350890 2394.118128 2387.005222 2392.217700 2398.544216 2407.059376
2370.380227 2390.211661 2411.094161 2414.143120 2403.883391 2396.289568 2390.616409 2391.560826 2395.295592 2392.601423 2388.518481 2382.439226 2392.448219 2394.179015 2395.708879 2399.630437 2402.713953 2407.710352 2410.823983 2416.681580 2426.088710 2429.350071 2430.376599 2431.053624 2429.737958 2427.133762 2425.827187 2423.617812 2418.889217 2417.799112 2418.032150 2417.367778 2421.874210 2423.301244 2425.800207 2419.729956 2423.537317 2429.336850 2435.632202 2440.977668 2446.568037 2448.769929 2444.528227 2443.544189 2434.149064 2419.614819 2408.639966 2400.175470 2398.969532 2395.101359 2386.236597 2371.827203 2378.528275 2393.268558 2396.872603
2378.341643 2388.078864 2399.692635 2402.921685 2398.392660 2400.805550 2403.118844 2405.091037 2404.044651 2401.452448 2398.730218 2410.612516 2419.877053 2422.072489 2425.388142 2429.972552 2431.160845 2420.616945 2419.041808 2427.193790 2437.459462 2443.355429 2444.161152 2444.578459 2442.226573 2441.838820 2442.268892 2440.987664 2441.549823 2443.929952 2442.800704 2446.664122 2452.420087 2455.960273 2449.331872 2440.408577 2441.833596 2449.720083 2458.382519 2465.319231 2474.840933 2484.821656 2483.482513 2477.354583 2467.425172 2453.323356 2429.257723 2409.973011 2397.904217 2389.069125 2380.671608 2381.258231 2375.888402 2387.420532 2387.907733
2373.637439 2393.709434 2414.818417 2422.147711 2416.897861 2413.394977 2412.342340 2413.816053 2414.115464 2416.410206 2427.419844 2440.866826 2454.711180 2457.932322 2460.771899 2460.393706 2452.534286 2442.845155 2440.409405 2454.946293 2472.660963 2481.452723 2482.158140 2480.046130 2485.470586 2485.916894 2486.449899 2483.348326 2485.318069 2485.019045 2492.635638 2500.620484 2508.438438 2507.005054 2494.587783 2482.368444 2481.420894 2485.428732 2490.474216 2496.779590 2505.980167 2514.165933 2507.974070 2500.689218 2490.874948 2462.569206 2436.222092 2419.634021 2418.294455 2417.330971 2411.389512 2407.482681 2404.174213 2397.489724 2396.030575
2419.635589 2440.721434 2462.432197 2477.550906 2472.520974 2465.784288 2457.645342 2458.955135 2461.358387 2469.071866 2481.469587 2497.048134 2520.700561 2522.399774 2524.646611 2525.461376 2514.054883 2502.003411 2492.354457 2513.506527 2525.039426 2533.371092 2533.278923 2541.179943 2551.329054 2548.475285 2542.611772 2532.284851 2539.050209 2548.327438 2563.982273 2571.818949 2576.690552 2573.389447 2560.457986 2553.885250 2553.936453 2558.233664 2557.331938 2563.454536 2571.656442 2585.287075 2582.813864 2575.742794 2553.290354 2514.839719 2481.667384 2463.731050 2471.472846 2463.479391 2454.505595 2451.150040 2437.208602 2426.866366 2426.839962
2468.273154 2485.014525 2503.404011 2521.561442 2515.340121 2506.113174 2491.992236 2490.994131 2497.577793 2508.841166 2528.043418 2548.962981 2571.363020 2574.699945 2572.628458 2582.408484 2577.182235 2567.927526 2560.984747 2579.112773 2590.621219 2601.467355 2609.579636 2623.329602 2635.378381 2622.860108 2609.061218 2601.898949 2609.213555 2633.262021 2654.207411 2659.500431 2659.514153 2659.908779 2646.892420 2641.225055 2636.523456 2634.269778 2629.665073 2625.938377 2647.181584 2665.236481 2662.826802 2638.948663 2614.137193 2574.932069 2535.540224 2506.131738 2511.864499 2506.752085 2506.357488 2492.353141 2477.105091 2464.076983 2455.977125
2540.210097 2566.201660 2585.445368 2607.374257 2603.229950 2583.894247 2572.281177 2576.850321 2591.145354 2600.000886 2618.359344 2639.185759 2667.945602 2684.515970 2699.801075 2706.575388 2698.265403 2690.137249 2678.509272 2681.807222 2704.113782 2719.184994 2730.054539 2740.773738 2754.711478 2758.516994 2754.681306 2754.670133 2759.708447 2771.502644 2784.422847 2791.552453 2795.375111 2796.531629 2786.591582 2774.957116 2773.532110 2766.702046 2762.616048 2760.129471 2766.779878 2782.023237 2777.493352 2743.120397 2713.821303 2675.681117 2636.114543 2604.059265 2591.422912 2603.278193 2596.260397 2577.328076 2561.194578 2529.652134 2517.632320
2630.412730 2665.782769 2692.731058 2708.419113 2719.891484 2710.403609 2710.965578 2716.177307 2725.237791 2730.272531 2738.384128 2771.447614 2804.039727 2831.212872 2855.431015 2864.314923 2853.396421 2844.350442 2832.307391 2824.256501 2833.787790 2851.569278 2870.313599 2886.931676 2899.608790 2903.640388 2903.424473 2904.862681 2908.793611 2912.609352 2917.092551 2925.206861 2933.156339 2806.121337 2813.117363 2806.640619 2925.551457 2914.676249 2903.164110 2899.789057 2898.843311 2899.046613 2897.905442 2882.673428 2842.589938 2809.999555 2778.338649 2753.419363 2734.846193 2726.465103 2702.856871 2677.097054 2625.745015 2585.785826 2550.867373
2740.886911 2785.565987 2814.649494 2836.063288 2851.210448 2851.742243 2854.920651 2857.629939 2863.264682 2867.862324 2873.383361 2899.401039 2808.954448 2844.909468 2875.238504 2876.487891 2864.331339 2853.357520 2843.803971 2830.866887 2827.182778 2838.020988 2851.825639 2870.513860 2881.294868 2888.663932 2885.935896 2886.290019 2888.058138 2889.903176 2891.910589 2894.960084 2903.646818 2915.396722 2928.642015 2928.536486 2913.901433 2896.868712 2880.517025 2876.413226 2872.752038 2867.586819 2869.168137 2870.656058 2858.036912 2831.478512 2929.469343 2886.441721 2863.748278 2843.718706 2829.217806 2812.349057 2774.630154 2708.518913 2669.768255
2872.593920 2906.336358 2803.364056 2831.188194 2847.130947 2851.162490 2849.530872 2849.335730 2856.304636 2860.171194 2867.256307 2883.172778 2909.868122 2942.619319 2970.963745 2986.857169 2980.484370 2964.516353 2944.185897 2936.081803 2933.803521 2936.869521 2945.342232 2956.466479 2974.490628 2992.403174 2980.259417 2981.088761 2996.276877 2980.774299 2981.780542 2981.864256 2984.103654 2991.223315 3000.071337 3003.159851 2996.904489 2995.944840 2973.983962 2961.679037 2954.510865 2950.765102 2950.723955 2954.495973 2956.427717 2942.871171 2912.562080 2870.847121 2840.050919 2822.802657 2811.378244 2936.405086 2921.642474 2890.196072 2867.257399
2850.324994 2864.906243 2889.752781 2917.432777 2939.923440 2955.001241 2956.528574 2960.339341 2965.001578 2973.069456 2987.959278 2991.291507 3007.911994 3028.273078 3052.754587 3067.552366 3072.860850 3071.848609 3068.755890 3070.148597 3070.432923 3020.156470 3025.301437 3030.412563 3044.114332 3056.973763 3061.160480 3061.675080 3060.014321 3061.211250 3061.821226 3061.801827 3061.444116 3062.969153 3067.037342 3068.591308 3066.676041 3056.525552 3069.619622 3050.765845 3037.950280 3030.089759 3022.145399 3013.933574 3004.648296 2995.479183 2995.683640 2966.691592 2933.135865 2910.444831 2901.583226 2897.691322 2889.958663 2884.422831 2868.223479
2947.128181 2957.936236 2975.138201 2996.585566 3008.828386 3029.998011 3040.828631 3049.662605 3054.210514 3067.377160 3082.696112 3069.956095 3076.628041 3083.539129 3090.404366 3092.761228 3093.434873 3093.121784 3090.799529 3090.175919 3088.029839 3084.188944 3074.104557 3075.673266 3077.465838 3080.037847 3083.682699 3082.505724 3083.552247 3086.482908 3084.823271 3079.002590 3075.117401 3073.552499 3074.364439 3081.665508 3085.016563 3085.916288 3083.360121 3082.523050 3081.723467 3078.990417 3075.576300 3070.761645 3064.600966 3075.541914 3064.732507 3038.675235 3001.808114 2982.763128 2973.420333 2973.280390 2973.391741 2971.438989 2965.753777
3045.489880 3058.314110 3072.244653 3056.487804 3074.046757 3083.231422 3087.529646 3091.068918 3093.678395 3096.086615 3093.003526 3089.862041 3085.080935 3083.643509 3082.332521 3079.933729 3080.576204 3078.689200 3074.714620 3070.895797 3063.518494 3052.317105 3041.147241 3037.958885 3042.354386 3047.751789 3052.602842 3056.606233 3060.175443 3060.551105 3055.370738 3047.210993 3039.888059 3038.161107 3044.864704 3050.514478 3056.574342 3057.376451 3056.002733 3053.698990 3053.622024 3050.654129 3050.964857 3057.783869 3071.916152 3075.629353 3080.372167 3079.691461 3066.316270 3042.490790 3047.753790 3028.244584 3033.563134 3029.177235 3018.104047
3084.886262 3087.122458 3085.819615 3084.503208 3078.318238 3072.409211 3071.681569 3075.650239 3082.607575 3083.763831 3076.815571 3068.452616 3061.432554 3054.343637 3052.149304 3051.404937 3051.062889 3051.467916 3046.254445 3037.572704 3021.698415 3010.252399 2999.229740 2993.317639 2990.196872 2994.154547 3004.853303 3016.081450 3020.952779 3012.584469 3004.538864 2993.215013 2985.223653 2985.613736 2987.052655 2996.319485 3012.065356 3018.543385 3019.274025 3013.278476 3007.469137 3001.074011 2998.333803 3004.793843 3019.775251 3035.385787 3050.128677 3058.804568 3066.279674 3073.087067 3073.245247 3075.444017 3076.654559 3074.939213 3076.555641
3078.848040 3072.080192 3065.328687 3060.212760 3053.818702 3048.490288 3046.776250 3048.896068 3051.218850 3047.483401 3041.145624 3031.693737 3020.923228 3011.414153 3004.432366 3005.453235 3007.798960 3009.283133 3002.445909 2988.035524 2989.289814 2976.116179 2962.312179 2958.336328 2952.767421 2946.244980 2956.395443 2975.072626 2981.984903 2966.868325 2956.431711 2941.725450 2935.000825 2931.404378 2932.499429 2941.606168 2963.164000 2985.629622 2987.529649 2977.192159 2966.973864 2962.384804 2959.525393 2964.799429 2981.658271 2981.826509 2996.745753 3006.650832 3011.919854 3019.654563 3028.924655 3041.904703 3055.970253 3067.704417 3073.553082
3054.475564 3046.832666 3039.306509 3031.869586 3025.127376 3019.554307 3015.439377 3013.560076 3010.210369 3004.353970 2997.979010 2999.031461 2986.925722 2974.324671 2959.839868 2956.065784 2951.856538 2953.097889 2941.780842 2933.170086 2916.598045 2901.412697 2888.056491 2875.701720 2869.924617 2863.484598 2863.637141 2877.614187 2886.156140 2875.492434 2865.693203 2854.461838 2849.516442 2846.271875 2848.635144 2859.067755 2879.444796 2897.890661 2905.900941 2898.526474 2896.118637 2893.176016 2891.780655 2897.870404 2909.726088 2927.736228 2949.464455 2967.357121 2977.073989 2984.265008 2993.544356 2987.194953 3000.520575 3014.430472 3031.798839
3024.450089 3015.846102 3006.214692 2996.853825 2987.139285 2997.145979 2990.960003 2993.011761 2986.691162 2980.702923 2960.392837 2908.766086 2891.043052 2872.503289 2856.631317 2850.252667 2842.197719 2828.744600 2820.013257 2814.934198 2814.360693 2802.233705 2918.534699 2900.045897 2893.614252 2888.509835 2872.702677 2870.196515 2871.021191 2883.217317 2876.993702 2874.860665 2876.345968 2875.117101 2878.527149 2893.376447 2904.506557 2913.809965 2922.931853 2928.432164 2940.271145 2803.060851 2808.959538 2825.522203 2837.073202 2852.941862 2873.453627 2895.943348 2910.573239 2920.052113 2930.564865 2945.502479 2961.731585 2979.267133 3001.257845
2991.413595 2996.181056 2982.205796 2968.070581 2955.495354 2943.215128 2928.364514 2929.875128 2927.264222 2917.589937 2869.275812 2830.490992 2935.914289 2915.500344 2889.155726 2873.055050 2855.078900 2818.145250 2799.886606 2796.191980 2806.726818 2800.597536 2786.411579 2773.029879 2762.759372 2752.982093 2735.698549 2719.187648 2724.318616 2740.684218 2740.179784 2742.517684 2750.051360 2750.308851 2746.092655 2747.684940 2762.486668 2771.060972 2784.295265 2802.596163 2809.700878 2824.561402 2858.735436 2875.111670 2893.692238 2916.273709 2940.401827 2814.388190 2833.770381 2847.504058 2862.443457 2878.559650 2895.148505 2915.476100 2938.151860
2961.732558 2932.435811 2912.088215 2895.175155 2879.008065 2854.188261 2834.156520 2831.910791 2825.568958 2801.773912 2880.708874 2840.418749 2814.185244 2789.420001 2762.925508 2737.325645 2697.972143 2662.208480 2639.258948 2650.431460 2659.199051 2666.513385 2653.656883 2641.340228 2630.508394 2612.734710 2595.492649 2579.882891 2589.729831 2598.179560 2614.124821 2620.442080 2625.017075 2630.917470 2630.872885 2623.584920 2623.385544 2633.703488 2645.926088 2659.816382 2681.370629 2719.865109 2747.717184 2768.869039 2792.937983 2816.234951 2841.634433 2866.439709 2892.725797 2913.617792 2935.590261 2805.976208 2824.416342 2843.981861 2867.337810
2887.105625 2859.348390 2833.248186 2812.822325 2919.643590 2872.078530 2852.981479 2839.939045 2816.901609 2769.432591 2726.353814 2695.946722 2677.117236 2650.763238 2626.254238 2595.468872 2561.299228 2536.891554 2515.153691 2523.188252 2531.367731 2547.841118 2537.304543 2528.330894 2523.499287 2507.495383 2493.348294 2476.983695 2483.309156 2494.685474 2516.436045 2522.271349 2526.836100 2536.399974 2536.703132 2534.087034 2520.669286 2529.737994 2542.382983 2558.971261 2590.873625 2615.320709 2640.508703 2664.854340 2687.630300 2715.597794 2742.407300 2769.446606 2800.056863 2823.904853 2846.761212 2870.052903 2893.435158 2913.085393 2934.280402
2916.845087 2889.646888 2866.011433 2838.552153 2796.176688 2748.682479 2703.466061 2676.387424 2625.005386 2587.192940 2560.254916 2552.879026 2536.744113 2513.765355 2491.692475 2469.061083 2444.623704 2423.547893 2397.696983 2401.578399 2415.458696 2430.738177 2429.253905 2428.177131 2425.538602 2415.093610 2401.089558 2387.117281 2390.586245 2407.071202 2424.860681 2434.514805 2442.469983 2450.902244 2451.678104 2444.022518 2435.729905 2442.154963 2458.755239 2477.390706 2497.801344 2520.619796 2544.005529 2566.884180 2591.881923 2616.789790 2642.866078 2671.231308 2704.361606 2729.703094 2757.404748 2785.989114 2807.655019 2821.617877 2835.016283
2798.766516 2776.031229 2749.505555 2718.766785 2671.858773 2628.881463 2585.529545 2537.785989 2501.712403 2468.881136 2456.791223 2438.693014 2422.352417 2405.142229 2383.208916 2364.956572 2348.086341 2325.687939 2312.579250 2318.423817 2330.936903 2339.187748 2344.199671 2341.268561 2338.221423 2331.626708 2317.416775 2311.356037 2320.792010 2335.995955 2350.128438 2361.593080 2368.890441 2374.876891 2372.689673 2364.696570 2361.976028 2371.222738 2387.789958 2402.649243 2419.335793 2441.584595 2464.406369 2488.096000 2512.878340 2537.255898 2564.338237 2592.188850 2620.375903 2650.061888 2676.088153 2701.894440 2715.694167 2729.754229 2735.685146
2655.343799 2640.174431 2612.124500 2581.437793 2549.711290 2513.157344 2484.890266 2450.478545 2418.288896 2387.351007 2360.122071 2344.968167 2336.270355 2321.509556 2302.824758 2290.153428 2273.468402 2260.590941 2264.188563 2265.152726 2273.370447 2271.739386 2272.059671 2269.017781 2267.875355 2264.744409 2257.128391 2267.457447 2274.194336 2287.923955 2298.251705 2308.113638 2314.383127 2318.577005 2319.963558 2315.864378 2321.873732 2329.089389 2343.847764 2356.012107 2370.857839 2391.944910 2409.920141 2430.301157 2454.723498 2479.609619 2505.710512 2533.576319 2563.612473 2590.734859 2611.602045 2621.400508 2634.110078 2640.303215 2634.499101
