tests/Borden05m/sims/sim_1/output-maps/psiliqL0012N0011.asc
ncols         160
nrows         34
xllcorner     620200.000000
yllcorner     5168000.000000
cellsize      0.500000
NODATA_value  -9999.0
[rows 0 to 24 of 34, columns 57 to 113 of 160]
-9999.0 -9999.0 -9999.0 -9999.0 -9999.0 -9999.0 -9999.0 -9999.0 -9999.0 -9999.0 -9999.0 -9999.0 -9999.0 -9999.0 -9999.0 -9999.0 -9999.0 -9999.0 -9999.0 -9999.0 -9999.0 -9999.0 -9999.0 -9999.0 -9999.0 -9999.0 -9999.0 -9999.0 -9999.0 -9999.0 -9999.0 -9999.0 -9999.0 -9999.0 -9999.0 -9999.0 -9999.0 -9999.0 -9999.0 -9999.0 -9999.0 -9999.0 -9999.0 -9999.0 -9999.0 -9999.0 -9999.0 -9999.0 -9999.0 -9999.0 -9999.0 -9999.0 -9999.0 -9999.0 -9999.0 -9999.0 -9999.0
-9999.0 -9999.0 621.744602 616.300180 611.133034 606.325227 597.505694 588.439771 580.164450 576.383458 575.669920 575.063128 574.862581 580.298292 588.448085 596.234171 603.550822 606.089001 608.653834 611.030343 611.636588 610.491382 607.345271 604.130720 600.796742 599.350317 591.261673 579.909194 571.103509 568.371314 572.822728 577.301742 579.789859 585.670685 596.405067 607.197199 615.698787 627.483490 633.124888 638.106826 640.949577 636.655511 632.880855 628.870101 623.652845 612.496146 -9999.0 -9999.0 -9999.0 -9999.0 -9999.0 -9999.0 -9999.0 -9999.0 -9999.0 -9999.0 -9999.0
605.146924 608.523576 597.404698 592.596257 589.419336 587.471409 582.688143 574.165238 569.061006 563.853865 562.253286 562.514496 562.786705 567.107017 577.367223 585.490472 590.400261 593.028316 595.735518 595.663256 595.268917 595.043137 592.253883 588.913407 585.593018 583.858828 584.248100 576.697738 571.287872 567.931275 566.381537 568.875042 571.222230 574.493598 583.980325 592.133213 600.284327 614.478984 626.762757 631.845246 629.162540 623.908889 619.846266 612.927897 602.667223 592.105678 582.122350 574.863700 569.108146 563.238482 568.972226 575.241820 584.942189 594.516482 606.314855 618.341597 -9999.0
590.051809 593.066242 582.454189 574.292592 569.573816 569.910578 572.569424 569.220760 564.821160 560.298388 568.915461 570.457828 571.847996 575.319763 578.645492 581.720160 584.609713 590.098555 599.228462 602.075919 602.747078 603.010300 601.288325 598.260931 596.532678 593.843290 588.715682 587.724956 588.097527 587.945934 592.977811 594.452881 596.052782 589.249881 592.692474 598.850357 605.642827 612.212150 618.859744 622.820359 619.338111 618.033210 609.245939 594.994958 583.367819 574.451782 572.066757 568.519234 560.332589 547.373406 554.037043 569.188751 573.442088 576.538787 587.992840 600.068692 610.290299
576.925210 580.177102 575.398947 576.846650 578.602625 580.304765 578.963291 576.256948 574.751559 587.719063 597.532903 599.684325 602.923695 606.749685 606.171769 594.316130 591.983676 600.468398 611.011879 617.027709 617.433141 617.541373 615.743778 614.827512 614.481613 612.312136 613.229668 615.794810 616.028744 620.831219 626.504823 629.342134 621.311405 612.074744 612.716817 620.335298 628.339415 635.587951 646.191310 657.382843 655.932897 649.768306 640.150978 625.864857 601.746294 581.507467 570.145766 562.580355 554.903755 554.181020 550.799609 561.384689 562.590901 563.949121 571.839071 581.770969 591.654864
593.007195 601.401039 595.818976 590.922956 588.287172 589.296114 589.846307 593.402269 606.542492 620.901135 636.132753 639.455646 642.498470 642.458704 633.472115 623.363604 619.592850 634.574889 650.894556 659.463761 660.498971 660.364938 667.736258 666.318823 664.433115 659.487696 661.764880 663.759285 674.215658 681.956786 689.007788 687.145688 675.098554 663.597598 661.744446 664.096390 666.915650 672.913102 683.057195 692.623320 687.107378 679.132193 668.054334 638.300868 609.934157 592.089586 591.509944 590.916145 585.316259 581.386302 577.283365 569.444926 568.293837 566.893586 565.752863 577.172731 589.027358
643.082882 659.651066 654.446308 646.730179 636.765131 637.721089 641.375783 650.143317 664.014686 682.695093 707.776780 711.853808 716.015146 719.590890 708.830007 696.711183 685.508118 702.975770 713.407696 722.642611 725.276982 735.957790 746.192857 741.697006 733.619371 723.683819 730.253056 742.855897 758.216612 765.113538 768.944121 768.061206 757.125754 751.183261 749.012271 750.390618 747.347394 751.281454 761.543255 776.308449 775.256402 764.691417 740.628670 702.300342 666.087810 643.675181 647.506976 639.528345 631.761073 626.740329 611.635581 599.554892 598.497638 588.030839 580.999418 591.683034 597.028306
693.237113 712.580211 709.007446 698.969239 686.528579 686.773698 695.135209 705.890189 725.967411 750.576092 776.332230 787.053136 792.304027 802.496309 796.418221 787.248852 778.891328 788.989305 801.593097 814.037513 824.797234 837.980298 849.872790 841.138874 829.771375 825.287549 830.531972 849.896077 866.906353 872.319836 873.992222 877.124571 868.634693 861.464918 853.981187 847.829979 841.417103 836.965457 854.191519 869.738654 867.144304 842.478480 816.605642 778.760645 739.040398 704.379026 700.915076 696.882356 694.074958 677.360279 660.312416 641.833141 630.559781 620.219572 604.706653 608.840842 613.034864
793.085733 815.534138 818.592116 803.510827 797.161827 802.653681 815.679410 823.419105 839.482566 865.822966 899.920409 923.861522 944.874085 949.938455 941.796754 932.863508 919.611394 916.925367 933.459430 945.888144 957.179340 968.366970 980.757987 986.757624 984.676033 984.421496 987.594589 994.098899 1002.540793 1009.246542 1014.792621 1020.453812 1017.602877 1007.566756 1000.558316 991.414787 984.090222 981.290131 982.739133 992.327262 989.628902 963.629316 935.122896 901.436300 862.380088 828.898211 808.682105 811.584479 797.870120 777.576674 755.424771 718.225230 699.329161 681.512995 650.558380 644.836091 652.064696
910.097824 926.905647 942.020957 939.251051 941.974011 946.475846 954.042693 959.689454 968.314179 1001.489804 1037.353385 1067.972418 1093.059080 1102.355352 1092.714302 1083.172671 1071.521053 1062.228763 1065.859060 1080.001638 1096.519396 1112.094929 1123.107179 1126.814873 1125.709978 1126.106809 1128.038305 1131.036271 1133.836846 1139.528642 1146.427375 1156.194942 1167.124613 1161.679951 1145.151323 1132.700233 1118.695087 1113.214537 1111.107392 1108.314099 1107.338515 1099.605556 1068.315943 1038.915996 1005.615086 974.781669 951.857903 935.218972 913.639420 889.121785 841.780028 799.664336 763.018520 733.577793 703.376553 698.893977 720.436188
1034.990440 1060.494512 1076.833255 1081.195767 1084.460812 1087.840810 1094.262943 1100.000541 1107.809709 1130.210520 1167.314123 1204.469442 1234.453761 1239.256816 1230.670683 1220.614418 1210.277447 1200.140481 1196.970354 1204.284826 1214.808744 1230.176831 1241.350932 1251.083609 1250.649584 1251.205866 1251.599121 1253.557767 1255.210616 1256.839946 1263.263628 1274.336912 1284.930948 1286.038589 1273.420464 1256.767339 1239.494956 1231.736963 1224.900325 1218.346602 1217.490339 1217.195021 1209.674102 1184.423578 1148.399100 1105.374681 1077.525475 1054.810449 1039.948264 1022.293024 996.414103 945.625300 914.700180 878.530655 842.353198 819.978860 857.520059
1151.134262 1181.993099 1201.725417 1210.859642 1212.553559 1215.482015 1223.204794 1229.889754 1240.418252 1257.081854 1280.198870 1308.727103 1335.490190 1353.110877 1349.972222 1338.131635 1321.550867 1316.809510 1315.660313 1317.359562 1323.355735 1330.627827 1345.257505 1360.437238 1365.757567 1366.669408 1364.439935 1366.411221 1367.337490 1367.259260 1367.865621 1371.920912 1378.459510 1380.806289 1376.362149 1361.068787 1341.497045 1326.755604 1317.312913 1311.950963 1308.989369 1309.224899 1307.746315 1295.539724 1266.903943 1229.336442 1195.426955 1172.223797 1154.849469 1139.925102 1127.654972 1108.410687 1089.650859 1058.483690 1014.827729 978.591592 977.082149
1252.113808 1278.725525 1303.517520 1320.928391 1326.228563 1332.731173 1337.849751 1347.776673 1363.147346 1381.657532 1395.282493 1411.895418 1432.855408 1445.171535 1450.893461 1451.366634 1450.296850 1451.980850 1451.909168 1428.893958 1431.234082 1433.580921 1439.628979 1446.903997 1449.386259 1449.879381 1449.141407 1450.141213 1450.305057 1450.284200 1449.703611 1449.249102 1450.987452 1451.647222 1450.752801 1444.683537 1446.181050 1429.291155 1417.047188 1409.100573 1401.033129 1392.128350 1382.212079 1372.145396 1355.829410 1329.002308 1295.750309 1267.794090 1255.094243 1247.160997 1239.392015 1232.789392 1216.792972 1194.754868 1164.103961 1125.997397 1091.585004
1348.468533 1368.362795 1395.201856 1414.132322 1425.000668 1433.759969 1438.659464 1450.512545 1463.232502 1459.265644 1462.678993 1466.227488 1469.630694 1470.751727 1470.908543 1470.501165 1467.990538 1467.287203 1465.239538 1460.006970 1450.150938 1451.164277 1452.370701 1454.864386 1458.611826 1457.658266 1458.801572 1461.710913 1460.078164 1454.426771 1450.635501 1448.874571 1449.243251 1456.344012 1459.512904 1460.252656 1459.256430 1458.214539 1457.388505 1455.794773 1454.035219 1451.688351 1448.603871 1450.456802 1440.297631 1417.396302 1385.209811 1351.028104 1336.173564 1330.493804 1329.793621 1325.763699 1318.679723 1299.546031 1272.215865 1236.524866 1198.773615
1455.817470 1454.894749 1463.629075 1468.350823 1470.791546 1473.389712 1475.731336 1476.578511 1473.306556 1469.825969 1465.156539 1463.773867 1462.142088 1459.234119 1459.230990 1456.673767 1452.209971 1448.134159 1441.185913 1429.829377 1417.733747 1414.675311 1418.948264 1423.928075 1428.576444 1432.191420 1435.794664 1437.011659 1432.169842 1424.097744 1416.823233 1414.710593 1421.088325 1426.806568 1432.177384 1432.954649 1431.494188 1429.345781 1429.519581 1427.378074 1428.350012 1435.179361 1448.404394 1454.558015 1456.727235 1456.182177 1449.602666 1437.801876 1428.191383 1408.335138 1410.795299 1405.517758 1393.529429 1372.341120 1348.420979 1319.132604 1290.450036
1468.415305 1466.488487 1460.472257 1454.576527 1453.678349 1457.260397 1463.715379 1464.738469 1457.638381 1449.271422 1442.118356 1434.956402 1431.997060 1429.563551 1427.756545 1426.808461 1420.699996 1412.299225 1396.493394 1384.057484 1371.942968 1365.258627 1363.247428 1368.439553 1378.499840 1388.357782 1393.306109 1387.012486 1379.497315 1368.613172 1360.261356 1360.296013 1362.754997 1371.924574 1385.781080 1390.212171 1390.798919 1385.775782 1381.675970 1376.507920 1375.563597 1383.409096 1398.918520 1414.379871 1428.120645 1436.478869 1443.836987 1450.057364 1453.903495 1454.608316 1454.807366 1453.600196 1451.528298 1436.351170 1415.719377 1392.141418 1368.137753
1448.362952 1442.726361 1435.293176 1428.728086 1426.251748 1428.011101 1430.376662 1426.672380 1419.623086 1409.142420 1397.866170 1387.423015 1380.124914 1379.240054 1379.737097 1379.203773 1371.866961 1356.876957 1339.085753 1325.032489 1310.572061 1306.105070 1301.234576 1297.557881 1308.459886 1325.565889 1331.909826 1318.959940 1309.155218 1294.913800 1287.316941 1284.246320 1285.932296 1295.529873 1315.167697 1333.984908 1335.185640 1325.878209 1317.051413 1313.173686 1311.865414 1319.644001 1338.638067 1359.083240 1374.472774 1384.822419 1391.217372 1399.777793 1409.511640 1421.674807 1434.740547 1445.682922 1454.410331 1457.919849 1456.199175 1451.050207 1437.846855
1419.290501 1410.590364 1402.205905 1394.684310 1389.247696 1386.080581 1382.692307 1376.123091 1368.626519 1354.284688 1341.695026 1329.068069 1314.421914 1309.524857 1305.140884 1305.377333 1293.207209 1282.015434 1262.894005 1247.039005 1231.136678 1220.689303 1214.860941 1209.279525 1213.982444 1229.594330 1238.725898 1225.519831 1215.284575 1202.395836 1196.143469 1192.879249 1194.815613 1205.131547 1227.309561 1245.949722 1252.927068 1245.445184 1240.898559 1239.543055 1239.761920 1246.714853 1262.352055 1283.087514 1304.712156 1321.468369 1331.679294 1340.225005 1351.010853 1365.968097 1380.458318 1394.901506 1412.189089 1432.065767 1446.623779 1455.926593 1460.021397
1379.599793 1368.847478 1357.044444 1345.146593 1337.727285 1337.658971 1330.121490 1322.995488 1307.477494 1261.542034 1243.216163 1224.679268 1208.475567 1201.446739 1192.627630 1183.483475 1173.121084 1165.537408 1157.797880 1141.949793 1124.386883 1108.214654 1102.960234 1098.818618 1090.244000 1095.252068 1098.492942 1102.282935 1095.057858 1089.247916 1087.047799 1084.613365 1087.915099 1101.561473 1113.544487 1123.916585 1130.375170 1129.437097 1137.012024 1144.313275 1149.537515 1166.573998 1181.261199 1199.963518 1222.391366 1246.821646 1260.985664 1271.515806 1283.409309 1299.868725 1317.372358 1335.586883 1358.585608 1383.536453 1399.982844 1411.655860 1424.065519
1329.428486 1314.315081 1300.410628 1286.494662 1272.171312 1271.600217 1266.899255 1257.588393 1216.236246 1173.550128 1140.618420 1121.551185 1098.530195 1085.874550 1073.251627 1045.628671 1030.091992 1023.088820 1027.285764 1017.157504 999.801366 985.435663 977.107612 970.342582 957.510961 948.796742 953.483563 965.614733 961.292235 959.732913 963.859583 962.233882 959.024135 964.718414 979.219891 987.638511 997.924915 1010.117506 1015.784984 1026.543805 1054.406873 1069.959685 1086.821284 1108.482537 1131.863219 1156.034189 1177.624161 1192.212653 1208.056289 1227.983348 1245.926966 1267.701114 1292.077680 1321.396560 1341.890939 1357.227157 1369.827922
1255.233307 1237.729480 1219.300343 1197.450712 1175.614455 1171.633706 1163.145438 1142.899289 1096.166990 1055.095703 1024.159877 1000.591535 975.123470 954.944005 926.330526 893.372693 871.841245 876.246470 882.810969 882.981236 868.407731 855.117532 844.530595 830.462307 814.962770 803.384318 811.943842 820.541238 828.941810 832.524705 836.279660 838.905441 837.932002 833.781675 839.368597 848.689125 859.759944 871.341600 886.424653 917.763558 944.546846 964.096229 987.012941 1009.582341 1034.811226 1061.070314 1084.787046 1102.951931 1123.323703 1144.284730 1166.737241 1188.994058 1215.152430 1245.505197 1270.946607 1287.671614 1303.360194
1170.496024 1146.981177 1119.329050 1079.424066 1062.922829 1052.362661 1037.710935 1000.034925 956.499347 920.495755 894.999815 868.442355 842.976876 814.597788 782.078127 754.508151 733.506932 739.563159 746.092809 756.943665 744.680812 733.184377 726.673663 711.647775 697.610187 683.153794 690.710512 700.666960 717.865186 722.048383 725.529442 732.521908 731.570051 729.332130 720.797484 729.862101 740.845721 755.325209 783.995440 810.373691 836.439962 860.018645 882.965337 908.368690 935.512594 962.916131 991.401201 1013.703519 1035.533795 1059.593573 1082.189013 1102.654039 1125.621622 1153.637339 1178.221098 1199.641111 1222.231877
1066.470284 1040.913073 1003.016594 957.882942 922.140793 904.135631 864.242125 828.628090 792.240053 773.383914 753.319679 728.728258 705.695483 683.170683 656.202022 632.736082 608.119243 611.440276 623.572313 637.230377 631.312754 627.528880 624.162216 612.805842 599.068895 585.503222 589.139365 604.327867 621.180804 628.655499 635.321960 642.917334 643.130028 636.455621 628.312464 634.302024 648.811064 665.591288 687.494919 711.171985 734.723158 757.164789 782.080518 808.272277 835.207096 864.243810 894.501374 918.331251 945.627013 973.567245 996.138626 1011.262571 1028.092411 1054.711644 1075.687465 1100.005846 1124.857718
954.829488 926.383138 883.631332 839.299621 794.777973 754.067578 719.266069 686.512734 667.603087 647.367699 628.249849 608.978813 587.028527 566.823156 547.320556 524.750355 506.686765 511.722286 524.576321 535.564172 538.214865 535.085361 531.911912 524.326231 510.595976 500.632905 509.115685 524.485081 539.360559 549.584206 556.350084 562.480174 559.882401 551.820969 546.220289 554.521286 570.345942 585.691659 603.667850 625.989182 648.434070 671.481746 695.799893 720.411326 747.672034 776.014261 805.062895 834.085188 861.085989 886.608265 901.433082 916.418655 927.485563 947.058960 968.648725 992.196964 1018.804360
823.946176 794.096095 759.004938 718.517590 686.207112 652.511975 620.198585 588.613434 562.179210 544.223960 533.604170 518.113141 498.317126 484.318860 466.977564 449.187632 448.814412 451.546064 462.597737 463.742913 464.266988 461.206642 460.031495 455.643115 445.006214 451.975569 459.496697 474.167601 485.000631 494.475348 500.764053 504.944713 504.907916 498.615475 502.253973 509.585209 524.425069 536.665993 552.258341 573.699749 591.975662 612.455883 635.736200 659.978175 685.633511 713.040896 742.692204 769.890548 792.385846 804.980623 818.892183 828.001284 825.881336 843.429031 861.986281 880.653983 907.618498
