tests/Borden05m/sims/sim_1/output-maps/psiliqL0006N0013.asc
ncols         160
nrows         34
xllcorner     620200.000000
yllcorner     5168000.000000
cellsize      0.500000
NODATA_value  -9999.0
[rows 0 to 24 of 34, columns 56 to 111 of 160]
-9999.0 -9999.0 -9999.0 -9999.0 -9999.0 -9999.0 -9999.0 -9999.0 -9999.0 -9999.0 -9999.0 -9999.0 -9999.0 -9999.0 -9999.0 -9999.0 -9999.0 -9999.0 -9999.0 -9999.0 -9999.0 -9999.0 -9999.0 -9999.0 -9999.0 -9999.0 -9999.0 -9999.0 -9999.0 -9999.0 -9999.0 -9999.0 -9999.0 -9999.0 -9999.0 -9999.0 -9999.0 -9999.0 -9999.0 -9999.0 -9999.0 -9999.0 -9999.0 -9999.0 -9999.0 -9999.0 -9999.0 -9999.0 -9999.0 -9999.0 -9999.0 -9999.0 -9999.0 -9999.0 -9999.0 -9999.0
-9999.0 -9999.0 -9999.0 -569.404826 -575.127110 -580.794714 -586.142607 -595.629305 -605.176946 -614.244305 -618.441216 -619.525431 -620.588196 -621.133200 -615.872894 -608.022673 -600.463803 -593.225390 -590.948480 -588.579604 -586.246650 -585.749249 -587.163438 -590.536836 -593.928791 -597.447291 -598.936119 -607.579120 -619.293942 -628.514409 -631.359048 -626.750886 -622.130809 -619.534073 -613.164308 -601.978186 -590.759404 -581.939686 -570.008830 -564.510237 -559.143897 -555.580074 -559.447814 -562.813172 -566.225545 -570.544576 -581.540943 -9999.0 -9999.0 -9999.0 -9999.0 -9999.0 -9999.0 -9999.0 -9999.0 -9999.0
-607.143233 -587.856275 -584.646176 -595.505288 -600.420980 -603.969051 -606.471661 -612.025478 -621.207124 -626.953544 -632.729574 -634.537138 -634.777618 -634.908509 -630.773465 -621.052363 -613.089114 -608.342754 -606.049213 -603.717331 -603.491417 -604.040101 -604.546916 -607.572264 -611.105050 -614.621472 -616.481580 -616.678388 -624.452429 -629.803211 -633.061104 -634.071553 -631.627236 -629.311270 -626.422002 -616.488631 -607.905155 -599.312767 -585.004964 -572.507304 -567.104386 -569.282131 -574.175124 -577.587878 -583.567743 -593.011237 -603.399006 -614.142760 -621.368016 -626.554747 -631.385231 -624.994671 -618.499051 -607.752667 -597.045621 -584.694027
-624.262822 -604.641512 -601.967304 -613.248501 -622.110013 -626.463502 -626.747819 -625.029337 -629.163390 -634.204659 -638.206169 -630.890553 -629.872844 -628.863182 -625.809996 -622.310767 -620.488855 -617.753565 -612.518627 -603.589193 -601.092619 -600.701714 -600.690623 -602.628747 -605.855617 -607.715557 -610.593205 -615.934748 -616.791694 -616.285649 -616.094325 -610.634564 -609.126585 -607.944629 -615.248976 -611.935704 -605.453239 -598.329366 -590.855071 -583.433761 -578.199645 -581.069044 -582.256854 -590.293105 -603.869519 -615.291006 -623.931264 -626.583218 -629.478567 -636.866171 -648.617360 -641.553941 -625.656908 -620.690640 -616.556301 -604.162063
-633.044344 -621.248010 -618.538135 -624.031632 -623.581284 -622.506179 -621.312010 -623.287077 -626.623252 -627.981978 -614.854850 -605.364303 -603.920217 -601.190468 -598.068930 -599.832631 -612.796445 -615.731451 -607.023518 -596.399416 -590.429156 -590.455417 -590.620876 -592.029984 -593.176715 -593.847453 -596.481788 -595.198624 -592.440044 -591.325615 -585.824747 -580.020392 -577.293898 -586.597492 -596.160647 -595.865413 -588.073839 -579.992602 -572.294887 -560.695469 -548.283168 -549.541896 -555.301348 -564.098980 -577.818424 -601.413395 -621.536375 -631.741058 -637.797853 -644.346893 -645.273072 -646.797263 -636.189257 -634.048020 -632.119139 -622.980034
-629.534033 -608.456701 -600.172389 -606.855749 -613.376727 -617.649370 -617.482585 -617.409753 -613.762832 -599.940149 -585.751626 -569.993738 -567.520508 -565.107368 -565.537924 -576.139705 -586.990832 -591.841327 -576.181332 -560.157144 -551.680982 -550.638210 -549.497873 -540.420772 -542.964124 -546.334228 -552.527587 -549.821693 -546.133213 -533.345842 -525.495633 -518.645644 -520.744198 -533.039242 -544.347386 -546.661005 -545.127697 -543.579425 -537.529682 -526.258364 -515.063021 -519.847163 -527.793861 -538.950669 -569.173658 -598.320005 -615.682724 -614.410889 -613.522778 -617.745164 -620.632967 -624.319110 -632.115687 -632.231607 -632.413922 -632.634595
-581.028309 -562.012959 -545.289825 -551.933441 -561.496948 -573.800491 -573.849237 -570.145888 -561.517005 -547.505089 -527.433848 -501.505601 -496.757956 -491.948685 -486.923503 -498.478108 -511.718895 -524.835319 -509.066279 -498.703408 -488.353443 -483.418195 -469.374134 -457.244839 -462.929506 -473.073774 -483.175922 -475.835882 -459.003519 -441.468223 -434.007036 -430.084524 -428.771227 -439.755007 -446.269935 -450.673138 -451.730175 -457.107799 -454.730325 -441.424803 -423.139766 -422.879962 -437.468431 -464.299673 -503.610708 -541.860939 -566.438976 -562.735055 -569.084784 -574.904464 -579.511680 -594.119115 -606.077263 -606.371924 -615.945078 -622.229549
-532.221028 -512.913090 -493.420154 -496.767871 -509.488680 -522.580100 -522.372502 -513.143499 -503.158737 -482.018585 -452.477991 -419.414516 -399.369302 -385.850711 -373.476213 -382.692007 -395.617903 -408.744305 -403.840237 -386.520348 -368.263635 -349.582591 -329.455843 -310.435501 -317.130013 -329.527349 -332.315541 -325.696101 -301.233791 -278.631073 -268.990923 -263.524179 -255.827572 -263.521200 -276.388962 -291.531852 -306.188686 -318.888622 -326.710727 -306.588146 -286.233216 -290.459096 -327.161821 -364.489437 -411.161967 -457.641245 -498.667074 -507.426167 -508.873648 -511.512274 -528.730808 -545.634078 -566.588912 -578.896624 -588.261395 -604.121811
-424.968862 -395.147740 -367.308954 -357.443777 -374.509209 -379.216007 -372.035955 -356.373611 -346.895179 -325.401198 -278.205978 -222.242774 -185.521586 -158.882477 -153.566111 -162.588784 -173.518015 -190.375744 -198.239312 -182.833267 -167.648011 -154.148502 -142.733810 -132.075612 -125.702007 -126.771961 -126.821389 -124.362516 -120.371480 -114.259403 -108.080864 -102.258825 -95.959008 -95.051895 -103.476350 -111.691937 -120.970663 -129.301809 -131.898302 -132.955740 -126.857892 -128.190861 -147.732915 -176.447136 -216.081985 -271.359198 -325.019296 -361.839813 -367.138417 -389.423645 -414.240258 -444.020384 -487.697093 -511.233388 -530.659694 -563.298746
-265.378239 -219.219548 -194.300758 -174.186371 -172.555308 -168.534850 -164.251280 -157.318587 -151.470311 -143.857625 -114.162239 -80.051909 -48.860332 -23.872785 -14.459950 -23.203444 -32.883880 -44.170845 -53.556209 -52.702099 -40.058403 -24.792139 -10.424596 -0.976336 2.199914 0.857289 1.016409 2.123535 4.752562 6.760809 10.919646 16.808467 26.560233 38.319271 35.428949 19.895085 7.557303 -7.022498 -13.665622 -17.067350 -22.167642 -23.067612 -25.206452 -49.182113 -75.239642 -106.200211 -137.350276 -160.481265 -184.580234 -211.994221 -244.532795 -309.919033 -370.623723 -418.637017 -457.805460 -494.708084
-116.078505 -87.071188 -61.524310 -45.963854 -39.855613 -36.482103 -32.089138 -25.124137 -19.173046 -11.206764 6.511632 39.772136 75.855854 107.741793 114.882634 107.830198 97.932272 85.817492 78.315961 74.278003 79.353156 88.926951 101.558713 112.443948 122.004128 123.654960 123.963423 123.449067 123.721232 126.072040 127.052969 130.592020 140.546483 148.555328 151.881931 141.215220 126.876293 110.107014 99.531985 87.801093 79.517069 77.550713 77.377927 75.103897 54.518775 22.852908 -17.649568 -45.953189 -68.644305 -83.292646 -99.410469 -117.211256 -155.626190 -180.488018 -221.341074 -278.024775
-8.562106 17.874473 45.652211 65.252564 76.678797 81.154122 89.069973 97.830998 105.676128 116.957975 131.441033 151.688281 180.274474 216.813531 236.571344 234.401198 224.397125 203.246459 206.041893 197.767130 198.933864 212.171965 217.548647 229.730468 236.208929 247.741832 248.448099 245.924109 240.706996 247.634715 247.842170 240.661298 248.259549 247.843497 255.928796 247.098868 241.185475 224.780390 206.573163 185.123925 175.987398 171.049492 169.818803 167.358134 157.362531 132.300273 96.225445 61.229738 35.878393 17.564954 4.005191 -5.743361 -15.569116 -30.300875 -56.915824 -95.653413
96.215395 118.372509 141.351830 164.543503 184.321590 195.018126 214.146038 221.162868 231.840011 245.811865 255.167697 272.034032 286.713949 306.799849 317.206894 322.624442 323.898292 323.018330 325.783480 324.328971 319.538463 321.870515 322.684499 323.987207 326.365114 328.290476 328.162110 328.183905 327.470621 328.472996 328.646346 327.043064 326.288403 325.633280 326.484767 325.245610 323.290920 317.906675 302.499544 288.986907 281.485583 273.937300 265.523700 256.391108 247.001255 231.608400 196.352395 160.853719 129.122726 111.684580 102.695947 96.439167 91.305797 77.643432 57.632633 31.168520
216.098487 229.422965 244.966588 261.734714 283.943324 295.318994 305.781992 310.919064 321.478140 331.860171 331.610631 333.686073 334.507397 335.943748 336.075233 336.508374 336.011332 334.045328 333.483473 332.066953 326.188300 317.192115 318.376984 319.327312 321.487469 324.755044 323.767896 324.783301 327.657509 325.805408 320.594434 317.065825 315.332820 314.884478 320.534312 323.712532 323.670243 325.062241 324.784849 324.207822 323.822851 323.371935 323.097914 322.814853 319.369392 310.364121 288.662197 259.952094 227.911765 199.705180 188.293813 187.725917 183.676635 176.810520 156.690648 127.950277
313.753686 324.742272 332.031120 333.242877 335.462862 336.233157 338.701478 340.468457 340.728047 336.884483 333.513263 328.735946 327.243447 324.829864 323.230873 323.834658 321.845237 317.965827 314.443357 308.067429 295.457610 282.820970 280.367659 284.673305 289.091685 292.551619 296.340507 301.242289 303.399620 296.665955 288.833204 281.835199 279.318740 283.927531 282.599000 291.282339 286.854654 291.688338 291.811352 292.758453 291.362023 292.623022 299.865956 314.129828 322.289390 322.813585 322.499142 320.839393 317.510183 297.263950 277.598518 279.430294 274.934159 263.251138 239.268397 207.199453
331.743280 331.355525 329.047089 322.897067 317.405603 316.859366 320.554256 326.985471 328.134991 321.671615 313.865692 306.410167 296.926574 288.204298 291.395806 290.973051 290.783402 285.329544 277.896430 261.182334 238.097989 222.512899 214.943172 213.540191 219.210633 228.532034 239.321803 251.324473 250.202796 233.521214 220.273138 211.159830 210.478608 212.205671 218.322723 230.351591 231.923638 234.283325 231.437960 229.216110 225.126757 225.799321 237.281587 262.879164 279.193065 291.922150 300.227276 308.956007 315.128939 321.347975 321.305516 321.427525 321.328559 317.518396 303.467540 283.397226
316.972936 310.404497 304.788169 295.836419 289.018800 287.083973 289.454026 292.592183 289.202539 283.168767 272.960195 259.629211 238.365905 227.266506 227.280252 228.620629 228.456551 222.115673 207.787625 189.302117 171.839617 155.881651 150.984077 146.553759 144.526620 155.705637 172.482306 180.780490 170.381314 158.392182 143.416073 134.998588 131.902473 132.973715 141.175354 158.126198 173.609047 174.677404 166.744676 159.235281 155.848713 155.570979 165.877589 188.861846 209.897727 225.368352 238.310143 254.739133 265.097624 274.853526 285.848605 298.514696 310.286713 321.132419 322.348072 321.890223
287.463865 278.421125 266.671383 250.191708 240.381301 234.664865 231.570566 229.075469 222.944296 216.382198 205.574786 192.316084 176.884060 161.522392 157.309199 154.628053 155.903013 144.660210 132.964756 113.112231 96.969959 81.367977 72.899662 67.555930 62.763454 70.370712 86.989726 96.970985 82.555607 71.840774 58.015339 51.080933 47.629301 48.415563 56.985138 78.433067 95.797219 101.501855 93.811365 87.594491 85.186354 85.594456 92.273884 109.774731 130.994380 151.616569 167.880600 180.801760 190.638939 201.973723 217.429469 234.682988 258.287035 276.634836 295.387476 310.320233
234.984202 223.259419 211.242211 196.978342 184.278055 177.118366 176.772188 169.623076 163.150623 152.611571 112.595920 96.872069 79.364077 64.629014 59.286999 52.082980 47.702908 38.149593 30.771129 20.113904 5.154642 -10.383581 -23.827517 -27.887395 -31.374405 -35.423440 -26.481006 -22.284521 -23.961374 -30.958128 -37.992029 -41.630346 -44.098628 -40.891558 -29.220111 -18.049688 -7.713609 -2.867177 -7.246839 -1.996697 3.874865 5.322020 20.252807 34.299173 51.908024 72.871846 95.051721 107.777347 117.760468 129.285089 145.643559 164.326914 185.349624 209.842924 236.987458 262.315689
182.921353 168.796519 154.049404 140.321556 127.144639 114.939712 114.747500 110.605664 104.078708 72.186286 32.631579 3.820038 -12.709865 -31.709513 -40.957263 -49.906424 -71.184155 -84.595385 -92.392963 -91.051698 -101.867991 -117.939429 -131.425418 -138.047384 -142.836311 -152.401998 -156.425934 -152.762908 -144.235489 -150.004270 -153.203504 -150.906403 -152.938058 -154.821376 -147.457848 -134.664395 -127.043055 -118.899700 -110.666596 -105.605024 -97.816099 -74.767673 -60.579869 -46.664744 -28.106913 -7.780338 13.571885 31.552141 43.588030 57.189200 75.628348 92.640088 114.361714 139.040304 168.693724 190.930396
116.529609 98.628223 83.220529 67.615640 50.957016 30.897428 28.225503 21.047362 8.567270 -29.508221 -66.431160 -96.469765 -117.677176 -140.469568 -156.418064 -181.325159 -218.446653 -245.940110 -246.317020 -239.480361 -246.924022 -271.781456 -295.359421 -312.705719 -330.710493 -351.827250 -364.492334 -354.280577 -342.349536 -338.419966 -336.632793 -332.236357 -331.317056 -332.474488 -332.790001 -316.753108 -301.776882 -284.932546 -269.315957 -252.809648 -214.233788 -180.964812 -158.577861 -136.420634 -115.602644 -92.416252 -68.483181 -48.766484 -34.524699 -17.479761 0.686722 20.224875 40.729767 65.699680 95.043978 118.995510
49.608101 25.418219 5.586414 -15.677923 -47.181810 -61.206815 -70.502050 -80.346870 -110.053721 -148.486693 -188.151816 -227.311219 -269.119810 -310.870746 -349.908106 -391.198488 -428.110587 -451.806536 -445.418758 -438.097439 -429.866515 -445.800810 -460.996256 -469.663420 -485.548537 -500.966604 -515.280880 -506.322930 -496.567417 -481.510159 -478.279832 -475.168083 -469.266050 -470.907862 -472.641099 -477.626398 -467.313155 -456.263761 -441.928582 -412.414788 -379.333570 -344.192819 -311.622748 -276.635781 -236.958350 -197.827847 -162.994644 -134.077334 -113.583925 -93.706110 -72.115161 -52.783159 -34.642311 -13.506512 12.083199 34.747869
-40.988314 -60.954276 -82.843087 -114.362026 -155.291276 -188.383602 -204.647774 -246.162741 -298.650736 -362.315216 -399.576110 -428.936938 -458.650293 -484.308169 -507.981253 -536.819602 -561.524232 -584.871191 -580.578349 -568.339133 -554.622756 -563.367700 -568.736758 -572.334774 -584.402091 -598.198495 -611.826288 -608.008407 -593.406258 -576.804724 -570.668070 -564.673623 -557.318074 -557.409467 -563.623877 -572.074089 -566.465053 -553.396616 -537.623808 -514.975567 -491.164808 -467.411693 -444.766493 -418.082612 -387.141022 -351.721837 -309.907871 -264.404171 -228.305348 -190.169299 -155.215048 -130.990182 -116.164520 -99.235683 -73.564595 -54.361860
-135.932750 -159.958024 -192.107425 -248.913018 -318.999698 -382.023202 -425.739823 -464.471947 -500.660255 -525.188877 -546.435929 -566.366432 -585.746584 -606.352706 -626.289870 -646.135813 -667.704645 -688.172217 -682.813634 -669.052568 -655.715787 -654.289454 -657.305933 -660.342549 -668.479118 -681.928800 -694.543888 -686.659761 -671.139928 -655.724895 -646.289585 -639.820294 -633.482478 -636.366450 -644.618927 -652.352135 -644.879543 -629.924738 -615.052468 -597.149942 -575.789429 -554.209400 -532.646529 -509.697158 -486.044825 -459.034041 -429.446785 -396.974688 -362.354712 -324.610840 -284.356118 -258.248131 -232.703581 -210.127276 -180.834970 -154.456783
-298.321992 -338.835295 -380.036172 -426.416441 -474.597556 -510.677994 -543.962554 -575.279858 -605.778639 -630.000112 -648.096806 -658.372104 -673.023648 -692.329624 -705.934840 -722.653172 -742.838379 -745.135386 -740.810956 -727.592476 -724.473670 -723.685305 -726.656104 -727.743526 -732.889391 -745.518242 -740.718208 -732.705729 -717.465421 -706.382140 -697.204252 -690.903905 -686.702703 -687.666361 -695.474656 -693.454963 -686.221257 -671.632534 -659.942615 -644.607004 -623.831663 -606.574472 -587.212352 -565.434810 -542.787241 -518.558774 -492.536827 -463.884462 -436.637588 -412.189373 -397.031843 -380.139787 -366.562175 -365.629258 -339.199916 -309.812658
