tests/Borden05m/sims/sim_1/output-maps/psiliqL0013N0006.asc
ncols         160
nrows         34
xllcorner     620200.000000
yllcorner     5168000.000000
cellsize      0.500000
NODATA_value  -9999.0
[rows 0 to 24 of 34, columns 0 to 55 of 160]
-9999.0 -9999.0 -9999.0 -9999.0 -9999.0 -9999.0 -9999.0 -9999.0 -9999.0 -9999.0 -9999.0 -9999.0 -9999.0 -9999.0 -9999.0 -9999.0 -9999.0 -9999.0 -9999.0 -9999.0 -9999.0 -9999.0 -9999.0 -9999.0 -9999.0 -9999.0 -9999.0 -9999.0 -9999.0 -9999.0 -9999.0 -9999.0 -9999.0 -9999.0 -9999.0 -9999.0 -9999.0 -9999.0 -9999.0 -9999.0 -9999.0 -9999.0 -9999.0 -9999.0 -9999.0 -9999.0 -9999.0 -9999.0 -9999.0 -9999.0 -9999.0 -9999.0 -9999.0 -9999.0 -9999.0 -9999.0
-9999.0 -9999.0 -9999.0 -9999.0 -9999.0 -9999.0 -9999.0 -9999.0 -9999.0 -9999.0 -9999.0 -9999.0 -9999.0 -9999.0 -9999.0 -9999.0 -9999.0 -9999.0 -9999.0 -9999.0 -9999.0 -9999.0 -9999.0 -9999.0 -9999.0 -9999.0 -9999.0 -9999.0 -9999.0 -9999.0 -9999.0 -9999.0 -9999.0 -9999.0 -9999.0 -9999.0 -9999.0 -9999.0 -9999.0 -9999.0 -9999.0 -9999.0 -9999.0 -9999.0 -9999.0 -9999.0 -9999.0 -9999.0 -9999.0 -9999.0 -9999.0 -9999.0 -9999.0 -9999.0 -9999.0 -9999.0
-9999.0 -9999.0 -9999.0 -9999.0 -9999.0 -9999.0 -9999.0 -9999.0 -9999.0 -9999.0 -9999.0 -9999.0 -9999.0 -9999.0 -9999.0 -9999.0 -9999.0 -9999.0 -9999.0 -9999.0 -9999.0 -9999.0 -9999.0 -9999.0 -9999.0 -9999.0 -9999.0 -9999.0 -9999.0 -9999.0 -9999.0 -9999.0 -9999.0 -9999.0 -9999.0 -9999.0 -9999.0 -9999.0 -9999.0 -9999.0 -9999.0 -9999.0 -9999.0 -9999.0 -9999.0 -9999.0 -9999.0 693.257845 676.017105 660.435867 658.284776 680.968521 704.551149 728.549538 749.331291 768.130920
-9999.0 -9999.0 -9999.0 -9999.0 -9999.0 -9999.0 -9999.0 -9999.0 -9999.0 -9999.0 -9999.0 -9999.0 -9999.0 -9999.0 -9999.0 -9999.0 -9999.0 -9999.0 -9999.0 -9999.0 -9999.0 -9999.0 -9999.0 -9999.0 -9999.0 -9999.0 -9999.0 -9999.0 -9999.0 -9999.0 -9999.0 -9999.0 -9999.0 -9999.0 -9999.0 -9999.0 -9999.0 -9999.0 -9999.0 -9999.0 740.618228 746.602158 747.922160 737.570396 726.498754 714.423635 694.533526 676.843026 662.103998 659.749693 662.622201 667.931872 690.737898 715.632575 735.541981 752.806760
-9999.0 -9999.0 -9999.0 -9999.0 -9999.0 -9999.0 -9999.0 -9999.0 -9999.0 -9999.0 -9999.0 -9999.0 -9999.0 -9999.0 -9999.0 -9999.0 -9999.0 -9999.0 -9999.0 -9999.0 -9999.0 -9999.0 -9999.0 -9999.0 -9999.0 -9999.0 -9999.0 -9999.0 -9999.0 -9999.0 -9999.0 -9999.0 -9999.0 -9999.0 647.681705 665.224515 683.469072 702.051861 718.957354 725.879816 731.822798 737.692774 733.748760 729.282182 718.133775 699.214505 679.882417 666.235588 664.311057 662.097880 666.677119 679.831501 696.912787 713.412417 734.647187 758.463042
-9999.0 -9999.0 -9999.0 -9999.0 -9999.0 -9999.0 -9999.0 -9999.0 -9999.0 -9999.0 -9999.0 -9999.0 -9999.0 -9999.0 -9999.0 -9999.0 -9999.0 -9999.0 -9999.0 -9999.0 -9999.0 -9999.0 -9999.0 -9999.0 -9999.0 -9999.0 -9999.0 -9999.0 651.428007 645.614765 640.708301 639.388505 638.269692 637.333638 644.332530 656.578739 674.827582 696.727269 709.919247 717.369135 724.226943 725.194868 720.416928 718.664227 719.248247 707.695126 696.297305 685.667274 675.457250 674.274238 684.201506 698.683234 715.274265 730.523387 746.340578 757.647960
-9999.0 -9999.0 -9999.0 -9999.0 -9999.0 -9999.0 -9999.0 -9999.0 -9999.0 -9999.0 -9999.0 -9999.0 -9999.0 -9999.0 -9999.0 -9999.0 -9999.0 -9999.0 -9999.0 -9999.0 -9999.0 -9999.0 -9999.0 621.413844 627.280686 633.902982 641.474383 642.516500 638.549117 633.091943 630.232414 628.935659 627.455114 632.153135 640.484072 654.319177 670.427126 692.575325 701.482201 707.924653 720.475135 723.479429 729.429202 733.816936 732.434403 729.936923 717.845551 708.989582 714.513814 720.866255 728.114154 736.548348 750.410172 766.300746 784.188158 804.945302
-9999.0 -9999.0 -9999.0 -9999.0 -9999.0 -9999.0 -9999.0 -9999.0 -9999.0 -9999.0 -9999.0 -9999.0 -9999.0 -9999.0 -9999.0 -9999.0 -9999.0 -9999.0 -9999.0 596.368308 597.315263 598.542150 603.288176 604.181838 606.430420 613.543243 621.837187 624.328338 622.802342 621.555034 623.321801 626.288920 630.913327 642.539524 656.691962 671.241410 685.551082 706.863583 722.065480 736.137307 752.581886 752.241905 748.593047 747.164276 748.134328 748.938729 753.885268 757.377225 764.258378 769.871147 777.087754 787.133760 799.281462 818.289314 838.959408 859.660271
-9999.0 -9999.0 -9999.0 -9999.0 -9999.0 -9999.0 -9999.0 -9999.0 -9999.0 -9999.0 -9999.0 -9999.0 -9999.0 -9999.0 -9999.0 -9999.0 567.762677 569.653460 571.896757 577.317782 580.203389 584.278372 591.307717 592.633048 596.562013 603.864338 608.969580 617.949779 626.214321 633.822469 640.111733 643.163024 651.064086 661.148317 673.520992 689.379440 711.512836 735.144719 752.045554 769.487362 787.148723 788.338057 787.866079 789.656618 790.933990 798.389854 816.928331 823.869939 826.663704 844.800298 860.181351 866.612059 875.399540 895.412847 920.286922 945.423678
-9999.0 -9999.0 -9999.0 -9999.0 -9999.0 -9999.0 -9999.0 -9999.0 -9999.0 -9999.0 -9999.0 -9999.0 -9999.0 521.825227 526.032909 535.586772 544.674243 547.217866 551.518556 557.597208 569.902938 573.645274 580.027090 587.786058 599.762517 608.594218 618.053586 630.201621 638.997573 646.646635 654.167190 660.507455 674.421189 690.316625 706.801678 727.796663 750.550959 772.095368 793.645658 810.313152 825.090224 828.296651 828.088833 831.316169 840.245747 858.986523 879.505996 891.092204 912.057821 937.512330 953.483953 967.524601 978.071386 992.910193 1015.697686 1052.392387
-9999.0 -9999.0 -9999.0 -9999.0 -9999.0 -9999.0 -9999.0 -9999.0 -9999.0 -9999.0 488.243028 490.697647 487.376995 487.455772 492.549569 504.707460 518.401654 525.174967 536.801053 557.769102 575.559577 579.272478 594.095694 604.499915 611.521083 622.444774 636.015112 649.374214 666.884755 680.093040 692.679055 713.281238 730.654154 748.150077 766.986079 788.341387 809.743810 840.023577 868.714862 883.546356 907.814422 920.956608 919.548596 921.234176 931.822011 950.516649 975.107669 1002.370552 1027.845965 1057.277612 1079.126207 1096.757963 1110.068617 1124.629809 1142.577335 1179.886382
-9999.0 -9999.0 -9999.0 -9999.0 -9999.0 -9999.0 -9999.0 -9999.0 463.756461 471.044530 477.317815 474.452684 470.053341 466.458275 480.160722 496.151031 512.347202 529.989090 546.182010 564.517078 580.162640 596.811217 616.861482 629.013637 641.207150 657.053187 671.400127 689.508356 711.722776 725.984012 744.435460 767.196118 787.379704 806.910978 827.274157 847.424002 876.514039 912.602938 947.316261 973.289683 1003.742014 1029.398421 1031.105565 1036.033592 1043.264781 1072.465861 1106.077609 1141.041164 1171.474730 1203.985389 1238.173238 1259.669690 1272.944380 1287.405568 1304.325084 1324.553624
-9999.0 -9999.0 -9999.0 -9999.0 -9999.0 -9999.0 436.902148 461.200916 476.277094 468.571071 459.300607 455.941387 452.261692 474.830378 496.851559 514.246538 531.370516 549.221893 566.049259 579.885098 614.410947 632.377077 647.497666 666.641973 681.829573 697.134994 715.545107 740.124541 763.629167 795.596965 824.183558 850.792332 879.195854 901.244569 922.627892 944.129304 978.828340 1019.787588 1060.431422 1093.718573 1124.666605 1157.908767 1168.103750 1176.496331 1187.065662 1211.490263 1247.232168 1281.815207 1319.615527 1355.562401 1385.520233 1400.175442 1412.352086 1424.717396 1438.832325 1451.985654
-9999.0 -9999.0 -9999.0 -9999.0 403.362567 424.365112 444.676520 475.574318 498.365087 493.546887 500.700709 501.302994 499.993275 503.865615 510.942969 529.366427 548.131066 567.167425 585.727378 621.955644 666.136325 682.825263 708.728870 741.770794 756.671083 773.096388 790.589972 815.337826 844.742529 880.948640 928.066909 968.767311 997.757181 1023.955014 1048.680108 1075.016355 1113.065312 1155.272982 1197.197002 1236.631594 1270.718486 1299.069583 1314.180726 1324.137084 1338.357836 1357.493193 1381.845587 1411.793549 1444.820673 1478.513841 1505.174668 1520.311766 1528.996851 1539.751832 1550.213951 1562.188512
-9999.0 -9999.0 -9999.0 354.578481 393.280153 430.971380 458.333928 489.542205 521.879690 527.449926 536.776973 542.719055 548.668626 557.961650 567.521021 584.970784 601.137038 616.794297 639.278454 676.880028 713.310353 745.524964 779.155442 808.399970 831.301344 848.944491 869.104719 895.600207 938.226633 979.584774 1033.710463 1090.812574 1131.635255 1160.049903 1186.096180 1217.714379 1247.277471 1287.581940 1326.802791 1363.817169 1398.315496 1424.820664 1444.863561 1453.617109 1464.216220 1474.594684 1492.728354 1515.362773 1537.802713 1566.662069 1594.945762 1619.023967 1632.665823 1642.177300 1657.465789 1672.713438
-9999.0 -9999.0 307.551838 345.193464 379.757948 430.595047 483.722686 518.275941 559.685351 584.608451 592.399635 610.919751 628.305099 636.931152 653.797950 671.828223 689.075836 695.754052 712.503300 745.597933 798.021658 846.508115 872.808387 927.193805 962.674776 991.498542 1010.955187 1040.418188 1078.940298 1125.283295 1178.465003 1232.551654 1275.085471 1309.733831 1329.569953 1352.318839 1378.531783 1405.161098 1441.127284 1472.157220 1504.283573 1530.637816 1552.486941 1560.050786 1565.597326 1581.674326 1605.832332 1631.155176 1654.975232 1677.765806 1683.721993 1694.055628 1699.078816 1702.142402 1706.308348 1709.276933
-9999.0 -9999.0 281.312390 326.062358 367.261146 435.051808 514.066180 552.014311 595.865280 642.484548 662.797367 688.836419 704.582634 718.246803 743.277048 767.263520 778.646281 785.539424 786.598759 843.614329 904.571774 961.352509 1016.985035 1085.292985 1132.246050 1150.386665 1165.094731 1189.072818 1218.103034 1265.370127 1317.051622 1372.271317 1418.201299 1450.954708 1469.083893 1488.902137 1510.770585 1530.032365 1549.924707 1588.557480 1614.900815 1639.704238 1665.442723 1685.224513 1693.628303 1697.299513 1689.267537 1698.253547 1704.691161 1708.122101 1709.873535 1707.417245 1707.429062 1708.634658 1710.063777 1705.558165
-9999.0 193.009421 245.171596 298.834632 368.511662 436.850542 521.557791 602.709209 659.156825 707.019908 738.608659 756.021239 800.334573 847.464374 876.027131 905.057948 908.300144 913.138122 905.551911 954.906592 1009.426704 1090.957630 1205.218728 1264.618399 1309.308287 1314.843726 1313.611389 1329.891583 1357.424756 1402.628372 1469.339735 1516.446979 1568.251371 1607.464717 1623.000372 1630.659351 1648.740585 1668.906817 1661.891693 1682.039367 1691.627169 1699.585045 1701.708427 1703.942062 1705.819129 1707.147245 1705.289755 1700.358779 1694.001072 1689.734462 1686.796728 1683.127832 1686.146866 1689.835673 1691.059021 1684.702191
-9999.0 157.930402 217.748612 289.789646 361.523236 432.716392 539.630764 679.978137 733.791653 773.502663 802.605035 836.527947 921.872302 993.037860 1031.686541 1077.413947 1074.412052 1065.358212 1056.613783 1092.518270 1146.645206 1224.000096 1363.914315 1449.066131 1475.948154 1489.771782 1499.994688 1528.199006 1565.404479 1601.260839 1633.330312 1638.295161 1662.267443 1674.933765 1679.931429 1683.057633 1687.810219 1689.652135 1689.111179 1687.009032 1683.753404 1685.077101 1689.980191 1690.828382 1689.296693 1687.631711 1683.557451 1677.485695 1673.345877 1669.987870 1668.265458 1666.023918 1664.992475 1665.427199 1661.465832 1656.149973
-9999.0 129.810126 200.561871 265.021550 333.099022 451.423134 577.385883 712.596151 807.111200 849.669691 886.349562 968.486558 1076.366181 1176.941430 1232.419969 1260.428289 1266.000375 1249.952417 1257.559117 1303.374273 1368.719694 1457.006081 1542.195949 1615.716332 1630.537238 1636.718628 1622.796514 1637.191365 1650.710245 1655.811957 1659.835391 1664.939045 1672.262135 1676.999508 1677.789587 1676.930075 1674.149337 1668.019402 1664.568809 1662.596811 1660.219499 1660.669759 1664.037908 1665.893797 1664.397062 1661.805419 1658.674376 1654.444416 1649.795361 1644.561941 1641.743513 1638.523411 1636.754803 1632.093425 1627.559574 1621.357178
-9999.0 33.875230 121.054777 178.463764 299.695770 472.078876 599.133617 752.135683 898.410853 946.783409 1036.010075 1163.656961 1276.030903 1355.378341 1401.332458 1445.500777 1475.476296 1500.239283 1534.919135 1505.316959 1558.565234 1610.066927 1632.968987 1645.237126 1648.117906 1652.138523 1647.705921 1632.288668 1625.489892 1622.046300 1626.480220 1635.944922 1643.298326 1650.337023 1649.696978 1651.383763 1652.337899 1649.793813 1646.960818 1639.632504 1632.729145 1627.617370 1626.431675 1632.209930 1628.162103 1626.057524 1621.547936 1615.220005 1608.274313 1602.118074 1595.659741 1589.659363 1586.954268 1580.954493 1578.442529 1569.069372
-9999.0 -47.111147 30.553588 124.785566 267.655427 432.576280 568.682432 739.357564 946.295251 1067.297404 1197.099496 1279.034983 1362.512540 1432.326803 1499.140748 1545.727885 1571.004670 1582.081835 1576.295417 1587.030375 1558.965613 1554.562444 1573.005501 1599.805486 1613.972665 1620.056022 1614.386796 1606.734404 1602.597116 1604.174371 1605.201143 1605.749199 1605.692736 1604.801418 1602.583950 1605.005728 1609.807617 1604.152541 1595.994556 1587.998199 1580.641061 1572.404320 1567.024072 1563.994587 1563.278391 1563.879750 1557.730343 1548.943037 1539.998385 1533.202725 1526.479240 1521.164433 1518.205572 1512.015507 1502.217754 1487.405369
-9999.0 -142.322466 -22.689812 74.520381 201.286313 340.283662 471.595466 639.529289 795.512839 1018.826384 1190.285228 1297.019898 1347.588074 1410.990712 1475.422127 1543.065626 1551.238419 1525.910153 1498.173710 1486.333171 1492.922727 1503.689959 1517.758334 1537.937129 1555.888973 1566.629100 1570.199643 1564.714806 1553.373881 1546.217702 1541.494498 1533.428014 1527.649694 1527.304700 1528.141956 1534.995167 1537.089433 1527.635415 1514.110802 1497.253142 1482.254319 1470.842752 1467.230794 1468.173024 1468.239242 1465.283184 1459.344352 1450.080828 1438.855390 1428.283904 1421.388213 1415.842552 1408.103532 1396.319171 1382.174457 1365.481523
-9999.0 -9999.0 -96.360380 15.535628 126.813242 252.538955 373.482028 523.037720 678.525827 867.317657 994.041105 1127.524521 1205.622478 1258.203873 1314.654769 1372.859872 1394.502218 1415.342687 1400.796967 1406.513852 1414.111502 1420.923766 1431.305205 1443.622572 1457.561385 1468.381410 1476.899729 1476.099197 1468.267589 1452.690734 1434.071353 1419.952722 1411.987008 1405.661792 1414.553767 1425.240860 1421.779766 1413.970162 1400.308768 1382.318705 1366.808463 1351.158983 1345.948429 1345.466311 1345.186258 1342.333388 1338.073151 1325.889844 1313.632750 1302.154221 1296.654639 1290.042382 1283.189304 1269.965240 1254.686454 1236.934903
-9999.0 -9999.0 -180.195362 -70.147478 47.125855 172.402580 276.534458 362.950229 520.218456 642.128676 751.238775 853.969608 940.166154 1007.800171 1057.886828 1123.259625 1166.241919 1184.894121 1204.710397 1233.057437 1258.730937 1285.639352 1303.874260 1317.488153 1332.366662 1346.428810 1355.968266 1345.303165 1334.857421 1318.779762 1298.317859 1276.125840 1264.618805 1260.799049 1263.041301 1267.812797 1261.340280 1250.228772 1233.628110 1214.806870 1198.564371 1184.433560 1178.480971 1174.201947 1172.359830 1169.216490 1165.893254 1157.271324 1146.012484 1138.223574 1129.809487 1123.119670 1118.716968 1109.843082 1097.677735 1087.614685
