tests/Borden05m/sims/sim_1/output-maps/psiliqL0030N0013.asc
ncols         160
nrows         34
xllcorner     620200.000000
yllcorner     5168000.000000
cellsize      0.500000
NODATA_value  -9999.0
[rows 0 to 24 of 34, columns 0 to 54 of 160]
-9999.0 -9999.0 -9999.0 -9999.0 -9999.0 -9999.0 -9999.0 -9999.0 -9999.0 -9999.0 -9999.0 -9999.0 -9999.0 -9999.0 -9999.0 -9999.0 -9999.0 -9999.0 -9999.0 -9999.0 -9999.0 -9999.0 -9999.0 -9999.0 -9999.0 -9999.0 -9999.0 -9999.0 -9999.0 -9999.0 -9999.0 -9999.0 -9999.0 -9999.0 -9999.0 -9999.0 -9999.0 -9999.0 -9999.0 -9999.0 -9999.0 -9999.0 -9999.0 -9999.0 -9999.0 -9999.0 -9999.0 -9999.0 -9999.0 -9999.0 -9999.0 -9999.0 -9999.0 -9999.0 -9999.0
-9999.0 -9999.0 -9999.0 -9999.0 -9999.0 -9999.0 -9999.0 -9999.0 -9999.0 -9999.0 -9999.0 -9999.0 -9999.0 -9999.0 -9999.0 -9999.0 -9999.0 -9999.0 -9999.0 -9999.0 -9999.0 -9999.0 -9999.0 -9999.0 -9999.0 -9999.0 -9999.0 -9999.0 -9999.0 -9999.0 -9999.0 -9999.0 -9999.0 -9999.0 -9999.0 -9999.0 -9999.0 -9999.0 -9999.0 -9999.0 -9999.0 -9999.0 -9999.0 -9999.0 -9999.0 -9999.0 -9999.0 -9999.0 -9999.0 -9999.0 -9999.0 -9999.0 -9999.0 -9999.0 -9999.0
-9999.0 -9999.0 -9999.0 -9999.0 -9999.0 -9999.0 -9999.0 -9999.0 -9999.0 -9999.0 -9999.0 -9999.0 -9999.0 -9999.0 -9999.0 -9999.0 -9999.0 -9999.0 -9999.0 -9999.0 -9999.0 -9999.0 -9999.0 -9999.0 -9999.0 -9999.0 -9999.0 -9999.0 -9999.0 -9999.0 -9999.0 -9999.0 -9999.0 -9999.0 -9999.0 -9999.0 -9999.0 -9999.0 -9999.0 -9999.0 -9999.0 -9999.0 -9999.0 -9999.0 -9999.0 -9999.0 -9999.0 4072.143926 4055.002207 4042.320061 4036.715380 4057.135467 4079.979622 4103.687313 4124.083624
-9999.0 -9999.0 -9999.0 -9999.0 -9999.0 -9999.0 -9999.0 -9999.0 -9999.0 -9999.0 -9999.0 -9999.0 -9999.0 -9999.0 -9999.0 -9999.0 -9999.0 -9999.0 -9999.0 -9999.0 -9999.0 -9999.0 -9999.0 -9999.0 -9999.0 -9999.0 -9999.0 -9999.0 -9999.0 -9999.0 -9999.0 -9999.0 -9999.0 -9999.0 -9999.0 -9999.0 -9999.0 -9999.0 -9999.0 -9999.0 4123.990350 4129.842381 4128.999972 4119.243956 4107.740561 4093.383464 4072.437089 4055.383933 4042.845881 4041.032121 4043.247504 4044.904610 4064.719007 4090.241977 4110.104588
-9999.0 -9999.0 -9999.0 -9999.0 -9999.0 -9999.0 -9999.0 -9999.0 -9999.0 -9999.0 -9999.0 -9999.0 -9999.0 -9999.0 -9999.0 -9999.0 -9999.0 -9999.0 -9999.0 -9999.0 -9999.0 -9999.0 -9999.0 -9999.0 -9999.0 -9999.0 -9999.0 -9999.0 -9999.0 -9999.0 -9999.0 -9999.0 -9999.0 -9999.0 4031.842913 4048.480392 4066.203933 4084.684039 4101.622272 4108.689474 4114.431597 4119.518441 4114.524430 4109.994269 4097.951799 4076.017885 4056.600379 4044.040261 4043.333848 4040.747615 4043.812397 4054.630728 4070.957457 4085.306558 4105.468764
-9999.0 -9999.0 -9999.0 -9999.0 -9999.0 -9999.0 -9999.0 -9999.0 -9999.0 -9999.0 -9999.0 -9999.0 -9999.0 -9999.0 -9999.0 -9999.0 -9999.0 -9999.0 -9999.0 -9999.0 -9999.0 -9999.0 -9999.0 -9999.0 -9999.0 -9999.0 -9999.0 -9999.0 4038.510672 4032.433567 4027.530793 4025.723209 4024.009234 4022.922631 4029.339867 4039.915628 4056.380147 4078.414312 4091.636455 4098.741445 4105.540136 4105.526660 4099.057889 4097.164453 4097.414906 4084.140792 4071.326958 4059.313980 4047.504945 4043.494408 4051.835346 4065.827951 4081.750410 4095.926887 4110.824739
-9999.0 -9999.0 -9999.0 -9999.0 -9999.0 -9999.0 -9999.0 -9999.0 -9999.0 -9999.0 -9999.0 -9999.0 -9999.0 -9999.0 -9999.0 -9999.0 -9999.0 -9999.0 -9999.0 -9999.0 -9999.0 -9999.0 -9999.0 4008.927541 4013.398750 4019.738460 4027.283121 4028.060315 4024.853019 4019.347173 4016.554927 4014.890800 4012.117379 4016.378633 4022.664816 4035.035012 4049.724606 4071.824856 4079.591747 4082.850949 4093.515769 4097.201135 4105.399934 4108.826443 4106.446975 4101.503601 4085.315152 4072.498473 4073.192613 4076.099391 4082.542049 4090.589145 4103.701136 4116.429847 4130.583372
-9999.0 -9999.0 -9999.0 -9999.0 -9999.0 -9999.0 -9999.0 -9999.0 -9999.0 -9999.0 -9999.0 -9999.0 -9999.0 -9999.0 -9999.0 -9999.0 -9999.0 -9999.0 -9999.0 3984.747127 3985.763701 3987.259495 3992.031853 3992.101202 3993.523108 3999.947181 4007.608272 4010.401205 4007.685837 4006.522050 4007.368434 4009.453587 4013.548956 4023.142705 4035.763086 4048.935104 4060.664759 4080.540913 4094.080499 4105.195866 4119.459523 4119.697057 4115.651704 4113.450703 4112.554000 4109.668709 4105.451518 4102.618158 4108.178696 4106.863956 4108.784156 4117.278941 4128.879886 4144.198400 4160.352982
-9999.0 -9999.0 -9999.0 -9999.0 -9999.0 -9999.0 -9999.0 -9999.0 -9999.0 -9999.0 -9999.0 -9999.0 -9999.0 -9999.0 -9999.0 -9999.0 3955.662372 3957.286768 3959.573103 3964.983844 3968.809951 3972.510908 3979.234753 3980.536900 3983.398501 3989.943726 3993.667209 4002.534006 4010.380229 4016.622716 4021.578020 4022.975363 4028.122104 4036.067165 4046.159829 4058.351807 4076.731396 4099.322452 4113.721686 4129.303292 4145.572396 4145.190671 4142.365467 4141.450523 4138.478199 4137.331018 4149.811611 4151.354584 4143.189519 4149.839884 4160.129363 4161.506288 4167.557741 4186.938454 4208.092649
-9999.0 -9999.0 -9999.0 -9999.0 -9999.0 -9999.0 -9999.0 -9999.0 -9999.0 -9999.0 -9999.0 -9999.0 -9999.0 3905.242293 3908.975150 3919.233596 3931.344115 3934.348110 3939.280346 3945.924651 3957.645348 3960.831110 3966.188031 3972.604250 3984.834651 3992.643949 4000.349662 4010.997704 4017.731000 4023.373149 4028.270125 4028.930823 4038.466468 4050.677666 4063.197884 4080.585747 4101.183986 4117.676872 4133.891620 4149.355039 4159.279565 4154.169900 4152.542497 4153.728210 4156.566496 4167.294490 4182.234008 4179.083373 4185.185364 4204.131639 4212.649542 4217.952743 4222.730436 4236.338139 4257.687310
-9999.0 -9999.0 -9999.0 -9999.0 -9999.0 -9999.0 -9999.0 -9999.0 -9999.0 -9999.0 3880.868182 3881.829620 3877.679539 3873.731496 3879.441427 3891.525024 3906.023541 3910.760107 3922.471987 3943.509502 3961.973075 3964.166273 3976.346898 3985.683055 3991.300835 3999.544490 4010.806661 4021.011874 4034.232688 4043.885605 4050.006906 4063.538379 4077.321529 4091.595233 4106.936437 4125.810047 4139.338251 4160.208837 4183.221962 4189.492286 4203.735584 4203.159269 4197.955008 4194.815245 4203.438444 4212.242696 4224.173171 4236.624535 4253.362850 4273.534903 4281.057260 4293.033065 4301.207441 4310.686424 4325.737859
-9999.0 -9999.0 -9999.0 -9999.0 -9999.0 -9999.0 -9999.0 -9999.0 3856.463756 3864.613234 3869.344468 3865.505073 3860.500711 3853.388598 3867.848125 3882.511562 3897.588513 3915.483433 3930.115838 3947.584304 3960.054619 3973.178177 3992.228900 4001.288177 4009.996088 4023.267893 4034.350004 4046.654817 4065.065606 4069.677344 4077.325078 4094.457590 4107.633746 4122.564766 4139.036754 4153.598637 4170.784432 4198.853070 4225.879240 4239.309073 4263.970476 4278.729862 4271.202266 4267.869715 4267.900912 4289.594584 4314.265674 4342.292882 4358.828720 4380.671933 4408.206337 4427.362456 4436.378206 4447.270614 4460.968266
-9999.0 -9999.0 -9999.0 -9999.0 -9999.0 -9999.0 3827.762107 3851.895715 3866.718100 3857.337523 3841.118831 3834.810750 3827.238796 3859.955322 3881.733267 3898.258549 3913.940060 3930.419409 3945.448570 3951.239337 3978.321722 3996.986257 4006.671054 4017.006262 4029.945008 4042.809050 4057.122916 4076.288525 4091.057098 4109.274224 4121.160542 4134.140245 4155.846921 4171.405331 4186.813699 4198.290713 4224.092403 4257.436424 4290.966389 4313.808480 4337.238720 4368.757520 4366.495256 4367.375537 4367.645961 4392.167228 4426.524284 4456.114145 4487.408967 4517.599512 4546.451039 4556.847004 4565.739228 4575.571121 4588.176900
-9999.0 -9999.0 -9999.0 -9999.0 3796.298861 3816.759680 3834.433901 3863.705365 3884.840283 3879.194078 3882.070872 3878.597756 3872.504439 3877.068659 3884.673710 3900.567934 3918.739337 3937.304931 3949.303036 3972.827576 4019.280339 4027.743157 4041.426736 4068.814987 4077.759533 4090.121491 4104.276098 4122.893311 4138.053824 4162.636227 4193.424639 4219.622567 4239.238602 4257.048056 4275.225688 4290.548577 4325.699070 4362.372654 4397.664329 4428.516366 4454.779234 4481.029502 4486.444351 4490.949983 4500.799533 4518.306501 4541.568153 4569.452355 4603.927071 4636.326109 4659.464807 4667.723632 4672.617986 4682.214613 4689.377407
-9999.0 -9999.0 -9999.0 3740.749489 3779.701920 3819.505526 3844.066132 3873.342950 3904.977119 3902.558247 3910.303608 3907.696285 3903.928456 3907.413773 3907.955605 3923.112832 3940.640705 3960.469086 3980.570006 4012.137450 4038.623269 4051.992169 4077.622306 4089.827100 4099.832660 4111.038080 4128.775628 4147.077699 4181.921593 4209.294352 4253.950188 4303.789531 4334.854357 4353.289168 4376.045447 4403.941086 4429.543349 4469.312012 4503.525193 4535.772363 4566.081882 4588.055950 4601.671247 4606.029526 4616.063944 4621.540036 4633.579294 4654.742084 4677.481996 4708.880085 4738.623362 4768.769967 4784.608937 4796.203539 4813.835945
-9999.0 -9999.0 3691.983376 3731.904406 3761.993964 3807.043339 3859.472922 3894.096048 3932.233251 3948.768022 3950.046434 3957.835525 3965.889734 3964.231723 3970.174911 3980.673111 4003.227739 4012.116416 4032.872566 4043.750489 4076.873451 4107.116138 4095.754122 4130.258788 4159.256667 4193.052918 4215.258170 4241.895331 4280.411869 4312.596929 4356.342840 4406.747351 4440.605589 4468.308831 4484.698486 4505.760790 4526.187419 4553.695241 4591.612818 4617.079789 4651.676714 4677.410173 4696.936017 4696.692157 4699.259699 4715.829326 4745.389219 4777.716592 4807.977941 4838.507754 4818.607320 4845.157493 4857.044352 4863.676323 4874.104131
-9999.0 -9999.0 3660.415458 3707.323791 3739.579171 3794.241185 3882.336128 3914.940652 3953.268508 3997.939699 4009.544845 4029.395160 4017.221863 3999.427480 4014.933655 4026.384093 4049.002899 4056.620261 4049.101848 4100.233387 4151.226013 4168.477961 4163.797405 4243.642615 4298.185758 4324.981993 4343.324736 4364.052662 4383.186077 4421.012615 4458.848237 4514.514511 4556.013524 4586.356117 4601.224270 4622.374366 4642.411942 4657.517284 4677.777434 4726.887538 4764.888452 4797.355498 4830.896595 4852.879884 4861.338171 4867.051343 4837.842775 4860.076456 4875.154404 4881.657429 4884.303811 4880.424715 4879.909051 4880.789995 4881.709748
-9999.0 3565.363782 3617.894998 3667.203479 3729.617674 3788.388582 3859.850524 3932.501919 4001.076003 4054.233668 4077.944124 4065.002904 4053.697557 4073.605863 4090.999745 4104.458796 4110.839217 4122.786800 4101.688814 4156.905426 4190.547175 4233.388459 4330.723403 4390.386487 4459.470792 4454.613228 4441.892983 4445.553598 4460.224301 4508.243109 4591.233258 4650.664503 4720.629966 4772.697374 4791.028073 4799.349514 4818.989100 4840.623954 4778.881493 4828.159248 4850.999488 4870.057882 4881.480410 4884.107260 4885.574373 4885.301174 4881.502636 4874.293011 4865.976668 4860.024447 4855.718585 4851.215201 4853.661739 4857.008044 4856.994144
-9999.0 3525.793319 3582.305113 3649.307764 3715.033377 3754.427699 3829.345068 4002.537091 4067.437226 4105.308623 4105.334726 4066.611286 4118.549029 4176.922373 4198.917203 4244.921442 4227.031626 4211.335125 4168.012110 4191.899548 4228.409661 4299.553766 4480.171217 4571.266999 4631.099426 4639.027412 4638.799251 4668.333494 4715.402671 4766.807044 4817.065524 4777.614427 4834.349361 4862.453014 4868.325762 4869.147819 4875.453464 4873.759023 4872.630748 4868.031927 4862.758546 4862.947928 4867.785164 4867.655244 4864.617320 4861.104017 4855.317817 4847.900620 4842.778752 4838.133706 4835.497137 4832.699343 4830.599557 4829.579428 4824.468209
-9999.0 3481.232167 3557.193157 3613.199173 3652.007445 3734.234310 3865.192400 4011.780798 4109.137540 4142.009099 4104.988333 4129.807513 4234.279022 4344.901834 4398.595899 4419.443792 4394.828187 4338.952217 4312.745003 4357.182388 4430.747282 4560.580584 4715.266787 4822.901936 4839.717241 4843.633824 4788.093034 4817.977677 4845.676950 4848.963941 4850.264551 4859.831774 4865.035443 4868.151669 4866.525819 4863.617582 4858.736503 4850.420695 4845.651198 4841.838004 4837.973238 4836.603678 4838.438960 4840.509631 4837.586711 4833.640768 4829.145190 4823.572846 4817.169347 4810.308873 4805.822283 4801.425021 4799.223258 4793.346444 4789.957897
-9999.0 3348.388995 3447.683166 3482.324649 3540.906257 3734.264356 3863.965737 4000.497769 4172.217204 4186.903276 4223.240554 4370.269155 4495.686633 4579.937799 4606.751818 4639.116178 4663.751122 4678.723117 4717.477045 4574.974619 4664.483785 4776.219673 4828.328988 4850.925475 4863.895221 4864.327234 4853.976557 4832.691934 4821.847279 4815.078728 4816.695293 4824.043331 4828.524929 4833.153857 4830.797792 4832.052332 4833.521240 4830.387204 4826.259687 4817.324659 4809.359256 4802.330706 4798.585636 4803.119699 4798.501806 4796.341287 4789.983615 4781.285234 4772.104023 4764.681616 4756.479906 4749.813983 4747.613853 4742.608277 4741.351178
-9999.0 3267.193121 3337.755595 3385.368559 3484.676853 3647.469901 3729.478693 3883.511654 4136.166079 4280.076910 4458.619700 4557.595739 4629.176158 4667.182006 4715.707835 4771.367889 4800.632923 4814.270936 4778.133189 4805.229365 4759.899250 4748.415034 4766.874426 4797.676619 4816.553270 4820.927290 4813.332025 4804.628096 4797.323737 4796.201041 4793.765521 4788.890599 4784.010362 4779.973174 4776.834812 4780.161525 4785.757731 4778.276894 4767.376830 4757.434155 4748.488304 4738.903563 4732.751271 4727.636142 4728.439387 4728.789329 4720.961248 4710.246373 4699.102530 4690.590491 4683.352776 4679.013568 4676.106167 4670.911292 4660.444369
-9999.0 3138.440911 3275.106066 3343.703207 3426.156947 3550.542626 3644.712972 3790.970256 3913.751938 4167.893544 4304.976888 4528.005142 4582.524321 4658.136230 4703.740827 4781.053055 4775.094305 4744.027948 4698.307866 4682.620340 4696.595026 4706.363084 4713.988419 4727.696834 4746.027465 4756.698057 4762.839155 4757.363936 4742.992893 4729.591150 4717.139118 4702.246630 4692.111159 4689.218589 4694.305494 4705.246254 4705.232466 4695.794223 4681.189127 4662.125540 4645.888838 4633.589812 4631.795323 4634.962369 4636.317401 4631.959249 4626.288350 4615.213921 4602.331969 4589.428068 4584.034441 4579.791035 4571.932231 4559.979194 4547.485451
-9999.0 -9999.0 3184.424285 3290.980944 3376.935705 3481.229990 3558.203959 3664.718403 3800.216933 3968.120332 4085.252543 4283.916443 4388.513998 4433.937652 4464.686544 4522.706134 4551.642369 4588.193894 4587.048047 4602.216103 4614.195738 4620.298721 4625.103209 4629.801757 4640.056772 4650.264896 4661.599438 4658.731720 4650.049008 4628.445198 4600.984704 4579.524050 4568.454469 4558.425430 4571.462964 4584.423796 4578.059759 4570.986225 4557.987945 4541.440600 4528.855679 4514.293039 4510.839699 4510.557859 4511.230757 4508.981376 4506.910256 4494.340986 4482.004992 4472.462098 4468.659533 4462.942002 4459.665032 4449.844589 4439.174650
-9999.0 -9999.0 3094.059261 3194.920502 3290.419850 3403.078781 3478.374958 3466.930473 3595.422964 3693.443758 3802.540987 3919.215750 4022.266849 4094.232318 4124.953875 4189.196323 4251.801058 4272.262682 4320.253103 4383.203380 4421.324336 4465.521818 4490.976085 4500.169079 4512.832175 4528.107652 4535.486254 4519.225904 4507.839962 4490.492534 4466.197803 4438.199665 4424.072465 4424.531374 4422.528602 4422.906353 4414.592137 4405.697829 4391.016444 4377.435540 4365.324418 4357.031653 4353.501537 4347.135713 4344.440016 4341.640260 4340.239391 4335.807274 4328.230885 4324.364921 4315.940153 4312.659911 4312.299045 4310.065567 4305.027710
