tests/Borden05m/sims/sim_1/output-maps/psiliqL0004N0016.asc
ncols         160
nrows         34
xllcorner     620200.000000
yllcorner     5168000.000000
cellsize      0.500000
NODATA_value  -9999.0
[rows 0 to 24 of 34, columns 56 to 111 of 160]
-9999.0 -9999.0 -9999.0 -9999.0 -9999.0 -9999.0 -9999.0 -9999.0 -9999.0 -9999.0 -9999.0 -9999.0 -9999.0 -9999.0 -9999.0 -9999.0 -9999.0 -9999.0 -9999.0 -9999.0 -9999.0 -9999.0 -9999.0 -9999.0 -9999.0 -9999.0 -9999.0 -9999.0 -9999.0 -9999.0 -9999.0 -9999.0 -9999.0 -9999.0 -9999.0 -9999.0 -9999.0 -9999.0 -9999.0 -9999.0 -9999.0 -9999.0 -9999.0 -9999.0 -9999.0 -9999.0 -9999.0 -9999.0 -9999.0 -9999.0 -9999.0 -9999.0 -9999.0 -9999.0 -9999.0 -9999.0
-9999.0 -9999.0 -9999.0 -578.630069 -581.155144 -583.069593 -584.344283 -588.045323 -591.131248 -594.570968 -595.346113 -595.123951 -595.701027 -596.841057 -594.969984 -592.445487 -590.214967 -587.410820 -587.618710 -587.147547 -586.118434 -585.856215 -586.360297 -587.663881 -588.622554 -589.702261 -588.791283 -592.556322 -597.587893 -601.495414 -602.368190 -599.287272 -597.320429 -597.400733 -595.399710 -591.259072 -587.590697 -585.870169 -581.574933 -581.432323 -579.639602 -577.298859 -579.288791 -580.018654 -580.141765 -580.030839 -585.417367 -9999.0 -9999.0 -9999.0 -9999.0 -9999.0 -9999.0 -9999.0 -9999.0 -9999.0
-590.592419 -583.068453 -583.154790 -592.535482 -593.847111 -594.343090 -594.155782 -595.854449 -599.874466 -601.176009 -604.110368 -605.326464 -605.635704 -606.650488 -605.525928 -600.624009 -597.108551 -595.893752 -596.279206 -596.357131 -597.216560 -597.883367 -597.737547 -599.000568 -600.237846 -601.527468 -601.401088 -598.911678 -602.584443 -604.580387 -606.378838 -608.098995 -607.280514 -606.573704 -606.107673 -601.412136 -599.180407 -597.366203 -591.013374 -585.269849 -583.545153 -585.552472 -588.016776 -587.875977 -588.665823 -591.447056 -594.233774 -595.185768 -596.662397 -597.474915 -599.665269 -596.426215 -595.856149 -591.951308 -588.535730 -584.515823
-599.992215 -591.401788 -591.619398 -599.186264 -604.001551 -605.651738 -604.759288 -601.733063 -603.195531 -606.035676 -610.105274 -605.332030 -605.812689 -606.119972 -605.122869 -603.490241 -602.789231 -601.932178 -600.519560 -596.155392 -596.187824 -596.468596 -596.293444 -597.095362 -598.534456 -598.611377 -599.499755 -602.981018 -602.595357 -601.828740 -602.477818 -599.045821 -598.732492 -596.968255 -602.807579 -601.640874 -599.783877 -598.220426 -596.867241 -595.349999 -593.769096 -596.281958 -594.823583 -597.416214 -602.774654 -604.838677 -605.237836 -602.076172 -600.629116 -603.275184 -611.631279 -607.090865 -597.731896 -597.897130 -598.797254 -593.883282
-605.356110 -602.889261 -603.588236 -606.943414 -604.124960 -601.806861 -600.304693 -601.740239 -604.638775 -607.953346 -600.318315 -596.856484 -598.139698 -597.179202 -595.073808 -595.182912 -604.315852 -606.722598 -602.770986 -598.497113 -596.574428 -598.008707 -598.738058 -600.248697 -600.358795 -599.585516 -600.686305 -599.360113 -598.056759 -599.313178 -596.787323 -593.926826 -591.523092 -597.287680 -602.779714 -602.452726 -597.917895 -594.402487 -592.232328 -587.249187 -580.217968 -581.264750 -583.169548 -584.760215 -586.914161 -596.089843 -604.404393 -607.927784 -609.619577 -612.170054 -610.598788 -612.177344 -604.684058 -605.006708 -605.868273 -602.008834
-610.994283 -601.071901 -598.406361 -603.396330 -606.374438 -607.812561 -607.087655 -607.986310 -607.566281 -600.569971 -596.109489 -589.431996 -591.045820 -590.666727 -590.941464 -597.309695 -602.579674 -605.893795 -596.041559 -587.987265 -585.045735 -586.609380 -587.934736 -581.539276 -583.418976 -584.514111 -588.494864 -587.045536 -587.141743 -579.980709 -576.853580 -573.098164 -574.481569 -581.553293 -587.732820 -588.252287 -587.495073 -587.816047 -585.666264 -580.622971 -574.722018 -578.517726 -580.948703 -582.058641 -595.749379 -607.257058 -611.918202 -605.667550 -602.142672 -603.119781 -602.775182 -602.782719 -607.723912 -606.671757 -606.230912 -608.299267
-591.086132 -584.872351 -576.384694 -581.684012 -586.050012 -593.322661 -592.692006 -591.627535 -588.712214 -584.359162 -576.859225 -564.099005 -565.436829 -564.319207 -560.702284 -567.392759 -574.071357 -583.327171 -572.777367 -569.451393 -565.422250 -565.206657 -557.292049 -550.313508 -554.455542 -560.540533 -567.583189 -563.203455 -553.617358 -544.379851 -541.589618 -540.132061 -538.785002 -545.158880 -547.577507 -549.258105 -548.948315 -552.760346 -552.148464 -545.117188 -533.995137 -533.006494 -539.195015 -551.058234 -569.119590 -586.085317 -595.727779 -587.201787 -590.135287 -591.816637 -590.933357 -597.427262 -601.543047 -597.117351 -601.905164 -605.556196
-581.925326 -575.548759 -565.683167 -569.358406 -576.995550 -585.256070 -585.210396 -580.245198 -577.074914 -567.132010 -553.135330 -536.501039 -526.495199 -518.673914 -510.674985 -516.807488 -524.226997 -532.501320 -530.577411 -520.530197 -510.227083 -498.764792 -485.695040 -471.922890 -476.012025 -483.912239 -485.142167 -481.399646 -465.307486 -450.077435 -443.617607 -439.676101 -433.209515 -438.388883 -447.630359 -458.463890 -469.111521 -478.364520 -484.907948 -471.465313 -457.056948 -459.837591 -485.665941 -508.057283 -532.787767 -555.735819 -577.717744 -578.306949 -575.425140 -573.012569 -581.066823 -586.047692 -594.049096 -596.474045 -596.831237 -604.927966
-535.230183 -521.573835 -506.770398 -500.698491 -512.397296 -514.705435 -510.351699 -500.990224 -496.609134 -484.247485 -450.954527 -406.959601 -374.950559 -352.380280 -348.250841 -355.728629 -364.848981 -379.857417 -387.903899 -374.697878 -361.610767 -350.509746 -341.452150 -332.953524 -327.190310 -327.801013 -327.764215 -325.875230 -323.246686 -318.700482 -313.496629 -308.252000 -302.397454 -300.663362 -307.908223 -315.262174 -323.369785 -330.732183 -332.950231 -334.695478 -330.273985 -330.971786 -345.729164 -368.308940 -401.313407 -444.289839 -481.209584 -505.492352 -506.823471 -518.991976 -530.198801 -542.692864 -565.117872 -572.756899 -577.780916 -596.277192
-442.357010 -406.334556 -385.198396 -367.433806 -365.348647 -361.732773 -358.362504 -352.999504 -348.477987 -343.028664 -318.765331 -288.928459 -259.856249 -235.956551 -226.660649 -234.810767 -243.909256 -254.280895 -263.406760 -263.322805 -251.767881 -237.497115 -223.557571 -214.447945 -211.197105 -212.706733 -212.595686 -211.600129 -208.825527 -206.879808 -203.006414 -196.929865 -187.006149 -174.876528 -177.576858 -193.126052 -206.025337 -221.394418 -229.113923 -232.634134 -237.910009 -238.626430 -239.435572 -260.879329 -284.144851 -311.110820 -337.368774 -355.647532 -376.553396 -400.262396 -425.341059 -471.584243 -509.980976 -537.589767 -558.588636 -578.758771
-321.447623 -296.606952 -272.989545 -258.617075 -252.691508 -249.619808 -245.196105 -238.170751 -232.239787 -224.234181 -207.342938 -175.051936 -139.147041 -106.139916 -98.221427 -105.645369 -113.932737 -126.112824 -133.848588 -135.221847 -130.719182 -122.985667 -110.738116 -100.074066 -89.177562 -88.494954 -88.316241 -88.880939 -87.239550 -85.576575 -85.151558 -80.167736 -70.558624 -61.722769 -59.593993 -69.222688 -85.353940 -104.606873 -120.300827 -131.024703 -138.214956 -139.751527 -139.646896 -140.821030 -160.404161 -191.248574 -231.375159 -259.346662 -280.680010 -293.671859 -307.294637 -320.271137 -350.019060 -368.017767 -401.617120 -446.261527
-224.471683 -198.393792 -170.976701 -151.205473 -139.938415 -135.780957 -127.549657 -116.708962 -108.066419 -95.843078 -80.670057 -61.848666 -32.718133 16.310574 36.038400 16.969241 24.819355 -9.258749 -11.225678 9.438740 11.244997 15.785459 20.336556 32.150686 45.370174 49.743135 50.718363 47.976765 50.100988 50.266215 50.583493 50.335624 52.105702 57.296573 59.258933 56.674410 44.296126 24.999867 -17.152727 -32.962561 -39.650456 -43.892138 -45.088719 -47.619862 -57.242653 -81.935648 -119.052225 -154.731286 -180.582966 -199.081472 -212.320659 -221.536042 -229.638264 -243.070496 -267.056575 -301.309977
-120.062509 -97.099025 -75.417521 -49.242673 -31.200337 -22.888365 -0.487735 19.955415 31.196022 46.316807 61.247883 70.985619 83.066028 102.726461 111.549425 116.163905 118.572212 117.719306 119.872524 121.266060 119.751718 120.638351 121.376082 121.467688 124.710992 124.755673 125.105133 124.588158 125.496572 125.033054 125.728863 125.465395 123.518567 123.809070 123.821970 123.806569 121.205900 113.646316 97.571367 86.158952 79.516049 72.679555 64.293959 55.680532 46.755994 32.126030 -16.137702 -53.014354 -85.586021 -104.915779 -114.427090 -120.737407 -126.097839 -139.940094 -160.271901 -185.684836
14.002414 27.820145 27.533549 65.720089 81.039686 81.451345 99.922083 105.597714 114.912632 125.357231 127.583236 127.554861 127.304091 128.582270 128.349795 128.958144 128.073104 126.719140 126.451089 125.185314 119.089084 110.925119 112.073938 113.230988 115.270374 118.546178 115.898634 117.471173 119.452993 119.284620 114.291224 111.453600 109.801999 109.844756 116.329379 119.165472 119.842284 120.164328 119.682665 119.129369 119.156539 119.147155 118.812775 118.995768 114.603297 106.339901 85.899627 58.970452 28.725977 -13.062216 -26.516062 -27.375724 -31.978900 -40.118439 -64.144651 -92.019238
107.248463 118.034855 125.498144 127.987608 128.577165 128.046777 130.172162 132.944415 131.273695 128.223695 125.101077 119.955700 119.237682 116.888531 114.483493 116.400135 114.815845 111.244064 108.175809 102.493605 87.687049 78.272615 76.233463 80.942749 85.066395 87.960733 73.976442 91.881606 78.660916 90.785711 84.327715 78.155760 75.957519 81.931425 87.178416 91.498770 92.086368 90.615161 89.255082 89.510283 88.037165 89.142257 95.490135 109.032773 116.983611 117.204679 117.031334 116.469282 115.150812 94.074231 75.113524 77.283661 73.150736 60.812161 15.913835 -12.215989
122.718803 122.726883 120.455402 114.646103 109.567914 108.967832 112.407176 118.101857 120.661894 112.960853 106.296483 97.605902 90.253965 70.001271 67.982936 85.628847 86.790469 81.682667 74.544865 55.034188 21.920634 5.863936 -1.811743 -3.242184 1.947564 9.455090 14.091884 19.868959 13.389557 9.677802 1.120447 -6.235911 -5.997876 -3.014674 5.246665 16.650850 19.023738 19.674866 15.950988 13.423795 9.259879 10.176655 22.999868 60.618230 76.078646 88.053165 95.590857 103.793551 109.672361 116.461157 116.288639 116.378188 116.323519 112.076733 97.624895 79.390636
108.296422 101.859768 95.772313 88.467809 82.728757 81.144766 83.110546 71.506953 83.797296 61.318556 65.897785 32.274644 16.476503 6.235981 5.901075 10.677377 11.591238 5.636207 -8.763699 -28.072364 -46.693946 -62.922632 -68.068644 -72.755917 -75.080344 -65.071441 -51.029285 -45.828378 -57.228460 -65.332841 -77.783891 -84.979037 -87.218454 -85.387261 -76.321018 -59.243120 -43.854092 -43.197365 -51.415875 -59.075732 -62.602883 -62.792105 -51.940498 -27.377551 -6.170167 9.397101 23.404008 50.538993 62.017145 71.603504 81.903195 93.864180 104.902289 115.609886 116.092098 115.954876
79.784473 58.763643 38.452996 28.130709 20.936535 16.093432 12.850172 8.369004 4.098119 -5.132747 -14.341453 -30.912118 -44.698642 -58.855268 -62.444118 -63.955010 -61.990402 -72.920022 -84.858150 -105.175426 -121.647702 -137.505884 -146.019687 -151.739153 -156.939339 -149.578815 -133.904447 -125.017231 -139.993736 -149.660890 -162.573987 -168.915354 -171.898580 -170.838323 -162.000118 -140.091067 -122.465559 -116.859224 -124.701279 -131.394542 -134.165941 -133.825082 -127.154925 -109.088838 -87.530774 -66.841128 -50.418179 -36.207534 -25.716330 -14.066257 1.619158 20.109917 54.607229 73.050582 90.619309 104.785171
12.395439 -1.122531 -14.254290 -26.244601 -37.335518 -43.593014 -43.705386 -50.961968 -57.283032 -67.739730 -107.181346 -123.333224 -140.301515 -154.294279 -158.971898 -165.405695 -168.433323 -177.552076 -184.972902 -196.436881 -211.516004 -226.904994 -240.029126 -244.128232 -247.716692 -251.140880 -242.033664 -238.060121 -240.718843 -247.266911 -254.048676 -257.637720 -259.887649 -256.657276 -245.414260 -234.263735 -223.730237 -219.031304 -223.985561 -219.360513 -214.127228 -213.649251 -199.299697 -185.242650 -167.512529 -146.442470 -124.334074 -111.522247 -101.285779 -89.515586 -72.899597 -53.680707 -31.221763 -6.117716 22.226046 58.626496
-41.182450 -55.064687 -69.567891 -82.306431 -94.524457 -105.760459 -105.537611 -109.488535 -115.752526 -146.480250 -185.835757 -213.949073 -229.799186 -247.642307 -255.733190 -262.912627 -281.107788 -292.525076 -299.867344 -299.198914 -309.135179 -322.833174 -333.899051 -338.814881 -342.087790 -349.176711 -351.594164 -348.917470 -342.500954 -347.697581 -350.611544 -348.975571 -350.729316 -352.089661 -345.768288 -335.451971 -329.346654 -322.948662 -316.730985 -312.985421 -307.557469 -287.896838 -275.544430 -263.136727 -245.715811 -226.203254 -205.446791 -187.971163 -176.082994 -162.540642 -144.011793 -126.760812 -104.588181 -79.439897 -49.306652 -25.746634
-106.859969 -124.154154 -139.008814 -153.760600 -169.107113 -188.323794 -190.325359 -196.901120 -207.921113 -244.121059 -278.660225 -305.475751 -322.877917 -340.934193 -352.278572 -371.130944 -402.610240 -425.074137 -425.434347 -419.827378 -426.298803 -445.233704 -462.064196 -473.586701 -484.784979 -498.307331 -506.000934 -499.076792 -491.441093 -490.735024 -490.649251 -487.960788 -487.960669 -488.778774 -488.351836 -475.780276 -465.583719 -454.205845 -444.044282 -433.984864 -403.632957 -375.235307 -356.866813 -339.610222 -323.147981 -303.625729 -282.647703 -265.177925 -252.262399 -236.156386 -218.608905 -199.390798 -178.760788 -153.494049 -123.842452 -99.693202
-172.007325 -195.462898 -214.238307 -233.678585 -262.365934 -274.510470 -282.213174 -289.251027 -313.690778 -344.716398 -376.458973 -410.861070 -443.109934 -471.731417 -495.374025 -518.264239 -537.698779 -549.623232 -543.783154 -539.865416 -534.331661 -543.683083 -551.456402 -554.035364 -561.423303 -568.188344 -576.447019 -570.180541 -566.531895 -558.573400 -558.602890 -557.980215 -554.587853 -556.098098 -556.906010 -561.332330 -555.829067 -551.798890 -546.650477 -531.658642 -515.378799 -496.718279 -477.772333 -454.011458 -424.156953 -391.187807 -361.103041 -338.133795 -321.953274 -305.409714 -286.684680 -269.356862 -252.172104 -231.472320 -206.263977 -183.754150
-257.793881 -275.931111 -294.713014 -320.582748 -352.794327 -378.044075 -390.056641 -422.160894 -458.706003 -500.549269 -522.255891 -536.057176 -549.281624 -559.124942 -567.054772 -578.566576 -587.112559 -598.783204 -594.620361 -588.337405 -579.945397 -586.339048 -587.687167 -586.838970 -591.428058 -596.448030 -603.904018 -602.534881 -596.150487 -588.723374 -588.281577 -586.495627 -582.521545 -582.471976 -585.732547 -591.889817 -590.034722 -585.248476 -580.244543 -571.327757 -562.533813 -553.651721 -545.390829 -534.212814 -520.100976 -502.602632 -477.937436 -446.008690 -418.801020 -386.061307 -355.647169 -335.929597 -324.049857 -309.517625 -286.467082 -269.181185
-337.717035 -356.065764 -381.866136 -428.616350 -478.633857 -516.338336 -537.015338 -554.617234 -569.951765 -576.898534 -582.938767 -589.182181 -594.658156 -600.547783 -605.889844 -610.482357 -617.085143 -628.738191 -623.902839 -616.953829 -609.514540 -609.107671 -609.981994 -609.643929 -611.686510 -617.145755 -626.103954 -622.004322 -615.937124 -610.434444 -608.337712 -606.993125 -603.875706 -605.992876 -610.646469 -617.011586 -613.919268 -608.256284 -604.572448 -599.904868 -593.363074 -586.477873 -579.514320 -571.553418 -563.258279 -552.582118 -540.344642 -525.958328 -509.246089 -488.523206 -461.437620 -442.441860 -422.210554 -402.444236 -375.810317 -353.414179
-463.241107 -489.526000 -512.121029 -534.729113 -556.561628 -568.952116 -579.800015 -589.131311 -598.433744 -604.546164 -609.003319 -607.998194 -610.429176 -616.181167 -616.717120 -620.091503 -629.369072 -626.276535 -623.644775 -616.339835 -617.423725 -617.731099 -619.445156 -618.412211 -619.699499 -628.336993 -623.839096 -621.652817 -616.209412 -614.752626 -613.222454 -612.109912 -611.035970 -611.981394 -617.934077 -616.607306 -614.679130 -609.614413 -608.656473 -605.870772 -599.639243 -596.744669 -592.176610 -586.101469 -579.538038 -571.856632 -562.746974 -551.004742 -539.200092 -528.119499 -523.146477 -515.198816 -508.322312 -510.799727 -495.145283 -476.657009
