tests/Borden05m/sims/sim_1/output-maps/psiliqL0006N0011.asc
ncols         160
nrows         34
xllcorner     620200.000000
yllcorner     5168000.000000
cellsize      0.500000
NODATA_value  -9999.0
[rows 0 to 24 of 34, columns 0 to 55 of 160]
-9999.0 -9999.0 -9999.0 -9999.0 -9999.0 -9999.0 -9999.0 -9999.0 -9999.0 -9999.0 -9999.0 -9999.0 -9999.0 -9999.0 -9999.0 -9999.0 -9999.0 -9999.0 -9999.0 -9999.0 -9999.0 -9999.0 -9999.0 -9999.0 -9999.0 -9999.0 -9999.0 -9999.0 -9999.0 -9999.0 -9999.0 -9999.0 -9999.0 -9999.0 -9999.0 -9999.0 -9999.0 -9999.0 -9999.0 -9999.0 -9999.0 -9999.0 -9999.0 -9999.0 -9999.0 -9999.0 -9999.0 -9999.0 -9999.0 -9999.0 -9999.0 -9999.0 -9999.0 -9999.0 -9999.0 -9999.0
-9999.0 -9999.0 -9999.0 -9999.0 -9999.0 -9999.0 -9999.0 -9999.0 -9999.0 -9999.0 -9999.0 -9999.0 -9999.0 -9999.0 -9999.0 -9999.0 -9999.0 -9999.0 -9999.0 -9999.0 -9999.0 -9999.0 -9999.0 -9999.0 -9999.0 -9999.0 -9999.0 -9999.0 -9999.0 -9999.0 -9999.0 -9999.0 -9999.0 -9999.0 -9999.0 -9999.0 -9999.0 -9999.0 -9999.0 -9999.0 -9999.0 -9999.0 -9999.0 -9999.0 -9999.0 -9999.0 -9999.0 -9999.0 -9999.0 -9999.0 -9999.0 -9999.0 -9999.0 -9999.0 -9999.0 -9999.0
-9999.0 -9999.0 -9999.0 -9999.0 -9999.0 -9999.0 -9999.0 -9999.0 -9999.0 -9999.0 -9999.0 -9999.0 -9999.0 -9999.0 -9999.0 -9999.0 -9999.0 -9999.0 -9999.0 -9999.0 -9999.0 -9999.0 -9999.0 -9999.0 -9999.0 -9999.0 -9999.0 -9999.0 -9999.0 -9999.0 -9999.0 -9999.0 -9999.0 -9999.0 -9999.0 -9999.0 -9999.0 -9999.0 -9999.0 -9999.0 -9999.0 -9999.0 -9999.0 -9999.0 -9999.0 -9999.0 -9999.0 -696.683272 -714.307500 -731.646034 -733.164735 -710.446521 -687.550465 -664.447455 -644.502248 -626.279706
-9999.0 -9999.0 -9999.0 -9999.0 -9999.0 -9999.0 -9999.0 -9999.0 -9999.0 -9999.0 -9999.0 -9999.0 -9999.0 -9999.0 -9999.0 -9999.0 -9999.0 -9999.0 -9999.0 -9999.0 -9999.0 -9999.0 -9999.0 -9999.0 -9999.0 -9999.0 -9999.0 -9999.0 -9999.0 -9999.0 -9999.0 -9999.0 -9999.0 -9999.0 -9999.0 -9999.0 -9999.0 -9999.0 -9999.0 -9999.0 -649.425721 -643.709640 -642.022076 -653.250572 -664.776499 -676.483260 -696.363775 -714.352818 -730.425275 -733.670706 -731.403191 -725.650444 -702.730090 -679.216284 -660.410522 -643.343397
-9999.0 -9999.0 -9999.0 -9999.0 -9999.0 -9999.0 -9999.0 -9999.0 -9999.0 -9999.0 -9999.0 -9999.0 -9999.0 -9999.0 -9999.0 -9999.0 -9999.0 -9999.0 -9999.0 -9999.0 -9999.0 -9999.0 -9999.0 -9999.0 -9999.0 -9999.0 -9999.0 -9999.0 -9999.0 -9999.0 -9999.0 -9999.0 -9999.0 -9999.0 -739.938499 -722.503440 -704.774150 -686.973338 -670.881973 -664.704714 -659.010048 -653.350913 -657.555043 -662.734755 -674.293664 -692.754938 -712.746036 -727.452604 -730.627527 -733.640874 -729.560211 -716.694113 -700.631381 -684.636646 -664.315898 -642.050496
-9999.0 -9999.0 -9999.0 -9999.0 -9999.0 -9999.0 -9999.0 -9999.0 -9999.0 -9999.0 -9999.0 -9999.0 -9999.0 -9999.0 -9999.0 -9999.0 -9999.0 -9999.0 -9999.0 -9999.0 -9999.0 -9999.0 -9999.0 -9999.0 -9999.0 -9999.0 -9999.0 -9999.0 -734.360889 -740.477308 -746.010794 -747.875819 -749.548360 -751.183502 -744.491163 -732.324059 -714.263529 -693.398353 -681.218749 -674.575132 -668.531180 -668.057608 -673.114632 -675.799014 -676.079690 -688.000147 -699.898828 -711.084762 -721.886606 -723.288241 -714.195423 -701.097131 -685.896065 -671.939474 -657.501967 -644.162277
-9999.0 -9999.0 -9999.0 -9999.0 -9999.0 -9999.0 -9999.0 -9999.0 -9999.0 -9999.0 -9999.0 -9999.0 -9999.0 -9999.0 -9999.0 -9999.0 -9999.0 -9999.0 -9999.0 -9999.0 -9999.0 -9999.0 -9999.0 -762.539074 -756.478476 -750.307997 -743.373467 -742.863359 -747.617490 -753.696059 -757.368576 -759.412696 -761.341044 -757.466293 -749.316804 -736.008961 -720.563378 -699.687112 -691.665680 -685.261091 -673.201773 -671.766993 -668.027261 -664.591696 -667.000048 -670.007973 -682.075279 -691.050475 -685.356008 -679.527178 -673.986887 -667.517081 -655.512902 -640.549341 -623.395596 -603.294357
-9999.0 -9999.0 -9999.0 -9999.0 -9999.0 -9999.0 -9999.0 -9999.0 -9999.0 -9999.0 -9999.0 -9999.0 -9999.0 -9999.0 -9999.0 -9999.0 -9999.0 -9999.0 -9999.0 -786.678484 -786.108120 -785.498279 -781.304915 -780.517758 -778.525679 -771.854682 -764.109127 -762.589697 -764.496044 -766.733765 -765.664013 -763.521041 -759.964955 -748.880281 -735.560076 -722.025812 -708.363046 -688.215499 -674.140103 -660.661221 -645.064509 -647.466946 -652.819417 -655.845180 -656.122814 -655.971382 -649.572719 -645.974722 -641.161007 -635.459577 -628.890126 -621.040036 -611.500986 -593.734900 -573.968410 -553.961258
-9999.0 -9999.0 -9999.0 -9999.0 -9999.0 -9999.0 -9999.0 -9999.0 -9999.0 -9999.0 -9999.0 -9999.0 -9999.0 -9999.0 -9999.0 -9999.0 -814.270022 -812.640237 -810.913646 -805.936170 -804.008126 -800.465026 -794.057357 -793.507775 -790.027178 -783.405277 -778.828166 -770.967698 -763.778903 -756.971089 -751.622086 -749.520138 -742.249265 -733.179553 -721.905893 -706.730661 -685.360499 -663.679899 -648.222285 -632.470992 -616.617965 -617.290001 -619.337056 -619.044937 -618.831508 -610.819775 -592.831290 -587.118518 -583.500990 -564.062244 -550.055599 -545.146016 -538.681132 -521.336586 -497.364641 -468.479036
-9999.0 -9999.0 -9999.0 -9999.0 -9999.0 -9999.0 -9999.0 -9999.0 -9999.0 -9999.0 -9999.0 -9999.0 -9999.0 -857.166556 -853.212355 -844.552177 -837.269895 -835.565095 -832.255928 -827.198747 -815.537227 -812.553569 -806.825613 -799.669899 -789.038939 -781.154145 -772.467063 -761.318841 -753.436168 -746.875645 -740.357267 -733.953224 -720.657211 -705.832728 -690.496841 -670.977141 -650.463734 -630.120629 -609.709276 -595.906704 -582.355802 -579.033478 -582.083745 -581.491867 -573.651713 -555.197212 -536.021618 -522.189906 -498.317752 -472.613770 -456.104493 -440.740371 -430.002578 -415.534432 -389.736258 -337.744562
-9999.0 -9999.0 -9999.0 -9999.0 -9999.0 -9999.0 -9999.0 -9999.0 -9999.0 -9999.0 -892.912865 -890.329691 -893.997652 -893.001829 -888.923327 -877.590533 -865.129846 -858.518456 -848.004837 -828.237818 -812.005515 -809.087123 -794.702404 -785.482959 -779.629914 -769.489257 -757.010719 -744.590032 -727.753534 -715.747626 -703.409016 -682.978551 -667.399301 -652.056154 -635.495448 -617.075210 -596.621439 -566.583416 -539.580690 -525.369032 -500.232346 -484.473045 -488.442097 -488.854954 -481.289381 -461.070125 -431.740505 -395.124735 -360.058654 -317.104972 -279.138869 -250.665281 -228.393063 -204.254621 -177.795871 -140.673590
-9999.0 -9999.0 -9999.0 -9999.0 -9999.0 -9999.0 -9999.0 -9999.0 -916.396138 -909.984071 -903.800299 -907.081794 -912.169709 -915.371458 -903.091373 -887.773430 -872.419697 -856.276310 -840.976950 -823.968263 -808.877917 -792.792020 -774.462973 -763.318584 -752.103178 -737.757507 -724.848681 -707.403751 -686.947296 -672.423030 -653.495958 -632.546154 -613.803577 -596.902069 -579.695562 -562.254619 -532.953095 -497.395594 -462.179997 -432.401247 -397.447640 -362.011703 -358.256071 -351.644672 -342.255207 -299.223354 -240.784844 -183.640986 -144.513641 -117.099046 -91.288228 -76.230369 -65.403985 -51.583046 -34.400404 -18.421230
-9999.0 -9999.0 -9999.0 -9999.0 -9999.0 -9999.0 -941.186877 -917.414953 -903.077785 -911.043962 -918.579692 -921.950807 -925.393710 -908.389006 -887.838658 -871.765210 -855.838389 -839.352888 -823.913943 -809.183963 -774.236837 -759.379345 -745.067183 -725.481467 -712.646898 -699.786746 -683.404707 -660.635414 -638.003239 -605.104614 -574.494076 -547.023868 -520.353611 -500.128936 -480.743873 -458.987466 -420.986154 -370.444102 -313.311278 -257.214631 -203.526377 -159.876429 -143.789143 -135.689654 -127.736946 -111.890827 -84.102701 -54.040607 -21.363450 7.380405 28.387613 38.227490 47.858356 59.899443 75.171318 91.450625
-9999.0 -9999.0 -9999.0 -9999.0 -974.157482 -953.462739 -932.939717 -902.371547 -880.111967 -885.998669 -878.705048 -878.234979 -879.552927 -878.037650 -873.360038 -856.200392 -839.605472 -822.981835 -804.672589 -766.581095 -726.946825 -710.932150 -684.246176 -653.070118 -640.082116 -626.457107 -612.337426 -590.086908 -559.975400 -523.698486 -472.542997 -425.376890 -389.788022 -356.038268 -323.766457 -282.540314 -221.717478 -162.728101 -123.269233 -90.653917 -60.525092 -35.350943 -19.436884 -11.555999 -1.911451 9.924134 26.790436 51.153731 79.512244 111.441282 134.124653 149.238482 156.859473 169.599438 185.197245 209.007124
-9999.0 -9999.0 -9999.0 -1019.617161 -981.521192 -945.465170 -918.075058 -887.483897 -856.577290 -849.817166 -842.206617 -835.451524 -828.441085 -819.814250 -809.695647 -794.449710 -782.062607 -771.564223 -752.027424 -716.434768 -680.973262 -646.482713 -614.982651 -583.615228 -560.047832 -544.603827 -528.524650 -503.080337 -459.241082 -408.433792 -334.522346 -243.057787 -178.516808 -143.999755 -124.076739 -100.734982 -76.691660 -43.746461 -13.676799 14.237549 43.158136 68.675407 91.797529 99.897176 106.671774 113.144317 130.146399 149.792009 174.206228 210.378462 230.878331 255.764857 262.709765 277.089913 292.855533 308.574942
-9999.0 -9999.0 -1065.404063 -1029.113510 -993.459992 -941.347723 -889.418653 -856.835470 -816.538594 -791.193321 -784.281896 -765.401381 -748.547398 -740.205839 -723.301077 -706.455897 -695.581075 -694.314890 -684.293611 -647.875627 -593.520196 -542.741678 -503.662747 -438.155228 -396.392187 -368.690998 -351.495652 -314.481944 -256.955935 -179.751795 -124.878120 -78.167447 -39.371023 -9.157240 4.372008 20.487391 44.122471 63.532258 89.367170 115.752871 144.883106 173.486260 206.176514 216.183020 219.887810 226.573254 250.987440 266.698506 292.782313 313.765626 328.274537 331.335959 332.087191 334.040856 335.493410 336.724935
-9999.0 -9999.0 -1089.441923 -1046.074114 -1002.195383 -930.496689 -857.140694 -819.708727 -777.076559 -733.988598 -715.394065 -692.850687 -672.214089 -652.117178 -629.021280 -605.010128 -603.514463 -602.522521 -604.412170 -550.090178 -487.694769 -405.234966 -290.325543 -192.409885 -144.094791 -133.326859 -127.086049 -111.138306 -86.781074 -42.365218 6.996194 54.129146 94.559483 122.205184 136.681562 153.662811 181.597269 198.672615 204.966520 235.086214 262.201993 284.673672 308.249169 325.807455 332.148433 331.863238 331.039386 332.171419 334.559280 335.894165 335.880971 332.985187 332.284378 333.035259 334.121792 329.217351
-9999.0 -1174.413063 -1122.837343 -1068.157448 -996.736771 -926.345016 -838.913367 -757.950356 -711.238108 -671.743406 -644.660422 -623.718706 -564.509214 -511.384792 -481.893416 -447.517594 -451.848149 -457.431661 -466.525569 -416.460328 -332.213628 -185.753408 -71.373756 -12.263186 19.598287 24.365229 21.344016 34.653785 59.379134 97.834345 157.535467 202.346977 242.544132 271.653304 281.621378 285.280851 300.436986 316.172715 326.298181 331.602622 335.069864 337.541866 335.121662 335.857956 336.132538 336.217202 333.086753 326.848440 319.428682 314.275145 310.296693 305.492622 308.136199 311.343326 312.128397 303.854349
-9999.0 -1207.627647 -1146.909202 -1073.713311 -1001.021305 -919.235994 -802.759152 -680.442210 -637.690571 -605.921704 -575.351958 -519.622306 -414.972772 -319.671117 -251.512773 -191.753806 -191.668879 -207.776722 -206.297852 -160.885488 -106.458636 -32.480222 83.478551 173.657175 183.753206 194.159356 202.268244 223.194161 249.835365 273.777794 294.651843 314.293648 321.223290 323.876161 325.040648 325.775127 326.799969 326.670991 323.093206 319.789058 315.893503 316.416683 320.204103 320.138191 317.660555 314.869126 308.778581 298.943901 292.008806 286.699987 282.581267 275.300555 277.223059 278.686742 273.511595 259.443479
-9999.0 -1228.968906 -1160.785335 -1093.948378 -1015.766409 -885.568707 -765.790384 -641.199434 -555.786754 -518.992634 -455.467887 -324.688045 -182.194920 -103.910266 -58.062127 -26.355054 -4.761126 -6.981629 10.765909 55.849315 124.183920 189.857475 239.867403 295.512997 304.386800 305.998915 303.159782 305.246347 307.369470 308.242564 309.274086 309.076208 314.115984 316.628877 315.673336 312.914244 307.788512 297.798223 291.218643 288.331671 285.304158 285.430130 288.461144 289.081559 286.650961 282.394498 275.201963 258.432356 248.108069 239.812751 234.816510 229.463044 227.912223 223.717030 217.821367 208.555139
-9999.0 -1309.744897 -1228.017219 -1162.539682 -1017.890510 -857.084967 -735.938543 -583.029112 -452.149674 -382.833268 -223.818568 -117.706911 -32.807304 24.656655 73.144172 135.177321 190.912153 220.366262 247.710206 252.687967 284.709383 305.060932 310.072749 313.270876 307.367952 307.921860 300.081363 279.466487 268.332737 261.559847 263.417161 270.683019 276.745760 282.568298 280.496719 279.956233 276.325263 260.357487 252.270184 243.528787 236.194157 231.367632 230.736108 236.244741 231.087344 226.770445 219.146477 207.256963 196.455538 187.476038 179.353410 172.155481 169.168473 163.457359 161.482005 153.529378
-9999.0 -1390.341787 -1310.420762 -1198.529439 -1040.050793 -877.526564 -724.690497 -553.440303 -344.805806 -187.144476 -90.550336 -43.570334 17.126461 83.342725 159.545322 232.470004 268.741517 276.847258 275.889922 266.159199 231.921023 223.276037 236.583355 257.692667 265.955219 268.148821 255.605218 231.122961 219.626731 217.307079 216.293333 216.406241 216.216847 214.826612 211.310007 211.491178 213.109264 203.001691 193.366496 185.688096 179.465790 172.450573 167.771594 165.447512 163.332060 162.477833 154.515623 143.127257 132.040925 123.604471 115.568276 109.378329 107.261792 102.964118 97.155820 87.312987
-9999.0 -1471.572692 -1359.597358 -1251.983363 -1109.246513 -967.487601 -826.226610 -657.327511 -489.731622 -210.259544 -42.009934 -8.791601 15.899690 59.406257 128.236705 203.829235 239.369995 214.678422 184.091641 147.105722 136.962248 141.291527 153.771859 173.279135 187.742664 194.505175 191.437028 177.751601 162.027031 153.705391 149.417325 141.966110 136.236100 135.561440 133.486065 137.606378 139.555692 129.285267 116.944259 103.319741 91.847854 83.565526 81.032352 81.866846 81.434881 78.503630 71.447072 61.576142 49.674616 39.027985 31.051557 25.516502 19.958429 12.441140 4.180910 -4.660656
-9999.0 -9999.0 -1426.233074 -1313.141061 -1193.369698 -1061.744837 -927.421490 -767.575925 -613.220119 -404.400086 -216.449232 -130.080794 -84.054109 -40.788663 15.864628 68.122643 86.493714 96.183975 68.512990 58.625933 56.564637 59.231305 68.663911 80.759578 92.482611 99.621106 103.065724 99.440264 89.558012 74.982779 58.694773 46.198569 38.306677 32.685849 38.936884 48.068196 46.223550 40.012523 29.958538 17.175666 6.809861 -3.688740 -6.115785 -4.980525 -4.870798 -7.498939 -12.369239 -24.216846 -36.875157 -49.605976 -56.255032 -62.754229 -68.908750 -79.407265 -90.212337 -101.844429
-9999.0 -9999.0 -1506.948082 -1394.210818 -1269.608226 -1141.481113 -1029.158652 -908.543907 -747.933275 -626.435184 -521.978433 -421.271525 -320.918513 -222.909887 -169.579223 -122.776618 -100.524747 -91.320389 -89.045762 -78.691604 -60.793663 -41.302145 -27.468864 -15.861893 -5.231803 3.414936 10.473790 1.287539 -8.050365 -22.306915 -41.242418 -62.642349 -74.755261 -80.580910 -77.435581 -71.332948 -76.076854 -85.088401 -97.563298 -111.479472 -122.029406 -131.893404 -134.813187 -136.182596 -136.643712 -139.132439 -143.002045 -154.309866 -170.947749 -185.247278 -198.286318 -210.434732 -219.207615 -235.863251 -257.323636 -275.072722
