tests/Borden05m/sims/sim_1/output-maps/psiliqL0024N0002.asc
ncols         160
nrows         34
xllcorner     620200.000000
yllcorner     5168000.000000
cellsize      0.500000
NODATA_value  -9999.0
[rows 0 to 24 of 34, columns 0 to 54 of 160]
-9999.0 -9999.0 -9999.0 -9999.0 -9999.0 -9999.0 -9999.0 -9999.0 -9999.0 -9999.0 -9999.0 -9999.0 -9999.0 -9999.0 -9999.0 -9999.0 -9999.0 -9999.0 -9999.0 -9999.0 -9999.0 -9999.0 -9999.0 -9999.0 -9999.0 -9999.0 -9999.0 -9999.0 -9999.0 -9999.0 -9999.0 -9999.0 -9999.0 -9999.0 -9999.0 -9999.0 -9999.0 -9999.0 -9999.0 -9999.0 -9999.0 -9999.0 -9999.0 -9999.0 -9999.0 -9999.0 -9999.0 -9999.0 -9999.0 -9999.0 -9999.0 -9999.0 -9999.0 -9999.0 -9999.0
-9999.0 -9999.0 -9999.0 -9999.0 -9999.0 -9999.0 -9999.0 -9999.0 -9999.0 -9999.0 -9999.0 -9999.0 -9999.0 -9999.0 -9999.0 -9999.0 -9999.0 -9999.0 -9999.0 -9999.0 -9999.0 -9999.0 -9999.0 -9999.0 -9999.0 -9999.0 -9999.0 -9999.0 -9999.0 -9999.0 -9999.0 -9999.0 -9999.0 -9999.0 -9999.0 -9999.0 -9999.0 -9999.0 -9999.0 -9999.0 -9999.0 -9999.0 -9999.0 -9999.0 -9999.0 -9999.0 -9999.0 -9999.0 -9999.0 -9999.0 -9999.0 -9999.0 -9999.0 -9999.0 -9999.0
-9999.0 -9999.0 -9999.0 -9999.0 -9999.0 -9999.0 -9999.0 -9999.0 -9999.0 -9999.0 -9999.0 -9999.0 -9999.0 -9999.0 -9999.0 -9999.0 -9999.0 -9999.0 -9999.0 -9999.0 -9999.0 -9999.0 -9999.0 -9999.0 -9999.0 -9999.0 -9999.0 -9999.0 -9999.0 -9999.0 -9999.0 -9999.0 -9999.0 -9999.0 -9999.0 -9999.0 -9999.0 -9999.0 -9999.0 -9999.0 -9999.0 -9999.0 -9999.0 -9999.0 -9999.0 -9999.0 -9999.0 2873.932790 2856.688405 2842.855464 2838.288896 2859.281668 2882.129083 2905.667862 2925.930558
-9999.0 -9999.0 -9999.0 -9999.0 -9999.0 -9999.0 -9999.0 -9999.0 -9999.0 -9999.0 -9999.0 -9999.0 -9999.0 -9999.0 -9999.0 -9999.0 -9999.0 -9999.0 -9999.0 -9999.0 -9999.0 -9999.0 -9999.0 -9999.0 -9999.0 -9999.0 -9999.0 -9999.0 -9999.0 -9999.0 -9999.0 -9999.0 -9999.0 -9999.0 -9999.0 -9999.0 -9999.0 -9999.0 -9999.0 -9999.0 2924.556059 2930.370257 2930.166971 2920.062087 2908.574331 2894.903610 2874.250413 2856.977621 2843.568509 2841.406142 2843.644758 2846.340272 2866.928688 2891.932186 2911.512891
-9999.0 -9999.0 -9999.0 -9999.0 -9999.0 -9999.0 -9999.0 -9999.0 -9999.0 -9999.0 -9999.0 -9999.0 -9999.0 -9999.0 -9999.0 -9999.0 -9999.0 -9999.0 -9999.0 -9999.0 -9999.0 -9999.0 -9999.0 -9999.0 -9999.0 -9999.0 -9999.0 -9999.0 -9999.0 -9999.0 -9999.0 -9999.0 -9999.0 -9999.0 2832.870356 2849.704460 2867.426163 2885.730144 2902.447891 2909.290558 2915.015667 2920.244590 2915.461587 2910.783021 2898.885021 2877.853374 2858.319327 2845.239794 2843.925820 2841.247149 2844.578479 2855.915405 2872.173501 2886.929029 2907.110620
-9999.0 -9999.0 -9999.0 -9999.0 -9999.0 -9999.0 -9999.0 -9999.0 -9999.0 -9999.0 -9999.0 -9999.0 -9999.0 -9999.0 -9999.0 -9999.0 -9999.0 -9999.0 -9999.0 -9999.0 -9999.0 -9999.0 -9999.0 -9999.0 -9999.0 -9999.0 -9999.0 -9999.0 2839.231756 2833.152676 2828.101696 2826.289756 2824.596571 2823.381437 2829.869206 2840.847050 2857.711721 2879.446204 2892.404707 2899.395479 2906.005144 2906.122454 2900.025007 2897.947547 2898.077167 2885.170559 2872.613795 2860.834558 2849.304344 2845.967394 2854.505102 2868.273540 2884.007058 2898.116495 2912.877736
-9999.0 -9999.0 -9999.0 -9999.0 -9999.0 -9999.0 -9999.0 -9999.0 -9999.0 -9999.0 -9999.0 -9999.0 -9999.0 -9999.0 -9999.0 -9999.0 -9999.0 -9999.0 -9999.0 -9999.0 -9999.0 -9999.0 -9999.0 2809.985463 2814.860024 2821.164182 2828.562578 2829.281429 2825.693093 2820.053954 2817.052167 2815.304996 2812.757068 2816.931726 2823.694056 2836.305565 2851.188647 2872.977398 2880.812947 2884.867810 2895.880267 2899.010730 2906.097370 2909.535400 2907.166953 2902.729691 2887.612125 2875.791888 2877.751876 2881.400368 2887.621625 2895.271606 2908.083650 2921.337301 2936.184050
-9999.0 -9999.0 -9999.0 -9999.0 -9999.0 -9999.0 -9999.0 -9999.0 -9999.0 -9999.0 -9999.0 -9999.0 -9999.0 -9999.0 -9999.0 -9999.0 -9999.0 -9999.0 -9999.0 2785.830024 2786.742306 2788.026022 2792.662054 2792.885050 2794.459370 2800.955418 2808.647870 2811.132899 2808.633544 2807.213728 2808.130237 2810.244606 2814.219297 2824.199068 2837.004294 2850.274557 2862.494485 2882.431959 2896.100823 2907.801957 2922.384771 2921.976951 2917.629178 2915.242997 2914.517388 2912.405280 2910.852832 2909.638677 2915.007233 2915.441804 2918.508177 2926.805926 2937.809883 2953.624555 2970.508092
-9999.0 -9999.0 -9999.0 -9999.0 -9999.0 -9999.0 -9999.0 -9999.0 -9999.0 -9999.0 -9999.0 -9999.0 -9999.0 -9999.0 -9999.0 -9999.0 2764.815591 2766.728278 2769.259479 2774.935402 2778.719613 2782.847729 2789.900114 2781.064501 2784.021593 2790.600597 2794.554774 2803.183679 2810.879708 2817.279681 2822.350598 2823.944207 2829.641249 2837.883888 2848.285004 2861.230861 2880.350928 2902.689576 2917.329687 2932.922798 2949.048584 2948.602720 2945.990946 2945.388718 2943.217448 2944.308979 2958.071254 2960.598576 2955.315464 2964.973307 2975.996231 2978.108898 2983.109117 3001.584952 3022.826207
-9999.0 -9999.0 -9999.0 -9999.0 -9999.0 -9999.0 -9999.0 -9999.0 -9999.0 -9999.0 -9999.0 -9999.0 -9999.0 2715.248745 2719.390950 2729.727715 2741.084560 2744.253783 2749.311300 2756.104549 2768.387385 2772.125411 2778.145833 2785.291594 2785.434370 2793.242648 2801.215210 2812.007773 2819.049716 2824.942796 2830.267304 2832.390845 2842.883170 2855.757550 2868.984721 2886.889369 2907.425101 2924.821974 2941.983580 2956.945123 2967.677651 2964.632617 2962.647860 2963.660471 2967.654580 2979.181139 2994.788204 2995.429358 3005.251851 3024.894333 3034.446842 3041.317582 3046.699432 3059.313523 3079.600345
-9999.0 -9999.0 -9999.0 -9999.0 -9999.0 -9999.0 -9999.0 -9999.0 -9999.0 -9999.0 2686.636628 2688.382001 2684.900566 2682.783714 2688.683676 2701.231708 2715.895806 2721.807642 2733.941567 2755.384378 2774.007304 2777.124417 2790.314829 2787.048870 2792.669298 2801.415287 2813.006814 2823.790542 2837.934786 2848.193566 2855.887426 2871.142606 2885.360576 2899.878259 2915.482849 2934.165145 2949.280367 2972.197607 2995.073602 3002.969372 3019.389487 3022.370926 3017.279420 3014.578487 3022.482233 3033.141309 3047.691693 3063.364951 3081.059148 3102.260096 3112.632481 3124.626864 3132.874439 3142.505538 3156.830702
-9999.0 -9999.0 -9999.0 -9999.0 -9999.0 -9999.0 -9999.0 -9999.0 2661.545894 2669.638062 2675.287488 2672.195514 2667.876030 2662.525826 2677.269682 2692.982256 2709.049359 2727.442263 2743.166563 2761.374834 2775.158606 2789.897384 2794.776751 2804.298485 2813.666669 2827.233939 2838.797787 2852.404971 2871.322626 2878.411219 2888.853963 2906.868707 2921.316660 2936.611008 2953.091694 2968.116406 2986.914408 3015.942498 3043.693981 3059.539127 3084.328344 3101.179933 3095.299937 3093.253980 3094.003851 3116.185152 3141.579728 3169.519238 3188.321558 3211.236755 3238.504303 3256.277788 3265.007538 3275.610005 3288.915252
-9999.0 -9999.0 -9999.0 -9999.0 -9999.0 -9999.0 2632.856872 2657.259332 2672.516149 2664.101243 2650.786590 2646.036467 2640.426019 2670.214238 2692.784662 2710.361846 2727.308971 2744.986234 2761.202394 2769.951827 2784.445495 2802.140000 2812.971044 2825.653294 2838.589133 2851.469024 2866.302724 2886.337084 2902.999781 2924.700942 2940.996345 2957.187304 2978.647253 2994.673492 3010.231982 3023.094728 3049.662413 3083.125940 3116.443073 3140.239008 3163.832595 3193.763505 3193.986298 3195.654786 3197.496956 3219.577915 3251.768664 3280.546799 3311.696795 3341.574331 3368.639646 3378.713577 3387.311199 3396.846159 3408.900031
-9999.0 -9999.0 -9999.0 -9999.0 2600.146210 2620.951513 2639.825742 2669.968659 2692.065702 2687.164269 2692.085170 2690.661462 2686.942424 2692.050412 2700.336439 2718.042928 2737.348360 2756.887074 2771.436812 2782.324521 2826.971194 2837.355351 2854.294650 2882.576065 2892.503517 2905.133322 2919.197396 2938.533729 2957.018396 2982.800976 3017.141726 3046.118256 3066.663915 3084.998832 3102.900773 3119.297498 3152.451540 3187.890404 3222.256826 3252.943683 3279.234148 3304.030139 3311.039124 3315.759915 3325.331980 3341.385620 3362.903314 3389.529480 3421.734797 3453.009383 3475.971957 3485.456915 3490.726715 3499.959421 3507.625084
-9999.0 -9999.0 -9999.0 2546.798751 2585.790484 2625.042882 2650.863409 2681.155980 2713.449823 2714.348123 2723.235883 2724.280527 2724.561854 2730.946503 2735.640591 2752.653794 2770.756008 2789.936224 2791.842249 2824.310563 2853.015365 2871.586496 2898.484053 2915.096594 2928.075146 2939.958330 2956.835207 2976.069243 3010.215154 3039.844393 3084.871458 3134.164265 3165.662310 3184.668941 3205.581266 3231.602635 3255.364423 3292.166171 3325.131545 3356.294743 3385.792051 3407.583957 3422.033285 3426.643808 3435.554829 3441.365898 3454.158267 3474.579265 3496.138016 3525.710644 3554.116678 3581.407656 3595.886807 3606.280327 3622.700410
-9999.0 -9999.0 2498.582098 2537.750596 2569.508960 2616.835637 2669.791447 2704.726441 2744.404885 2764.338207 2768.441950 2780.425738 2781.410117 2782.287057 2791.029260 2803.161033 2822.825023 2829.857889 2847.876385 2865.052312 2903.090029 2937.621164 2937.260111 2975.454330 3004.471313 3034.320013 3053.287666 3078.372321 3113.975584 3147.921191 3191.486457 3239.708628 3273.473146 3300.766075 3315.617031 3334.488229 3354.214536 3378.877551 3413.833368 3439.315116 3471.475122 3496.219586 3515.586350 3517.204639 3519.932710 3535.427169 3562.212906 3591.289156 3618.611380 3645.832988 3634.544433 3654.922781 3664.012738 3669.084243 3677.058452
-9999.0 -9999.0 2468.897873 2515.092990 2550.581826 2610.113334 2695.261078 2730.015015 2770.420415 2808.936208 2822.311728 2842.856771 2838.888178 2830.557625 2847.860087 2862.297341 2879.605922 2885.576839 2879.450235 2930.527628 2981.428145 3009.472670 3022.744461 3095.388404 3144.438822 3165.647214 3180.136148 3199.215049 3218.766526 3256.742066 3296.289246 3348.791671 3389.222159 3418.121774 3432.009183 3450.618079 3469.329169 3484.117908 3502.716857 3546.859923 3579.738207 3608.709503 3638.831547 3659.409283 3667.220965 3671.589858 3649.253898 3666.256120 3677.786319 3682.759220 3684.693497 3680.976534 3680.370423 3681.150021 3682.079196
-9999.0 2376.198876 2428.632670 2479.533635 2544.577330 2606.919360 2683.235668 2758.912281 2816.965185 2866.645399 2891.158562 2886.596325 2892.346915 2919.296106 2938.332842 2955.315474 2958.885966 2966.638867 2948.327419 2997.779007 3035.352225 3087.879407 3187.083232 3243.206667 3300.807702 3297.140208 3286.113991 3291.755660 3308.372085 3352.852449 3427.686595 3480.606946 3542.281777 3588.161531 3603.990877 3610.641390 3628.379886 3648.277142 3604.798818 3642.938280 3660.404351 3674.978417 3682.623850 3684.632622 3685.754526 3685.545610 3681.930242 3675.035870 3666.949185 3661.171634 3656.984827 3652.482187 3654.913119 3658.229648 3658.548435
-9999.0 2338.246437 2395.953709 2464.791412 2532.699706 2583.351917 2669.574912 2825.745158 2885.013410 2921.218501 2928.497231 2911.790326 2971.544224 3030.081425 3054.628839 3097.858569 3083.077659 3067.724626 3034.301872 3059.460965 3098.552238 3168.028916 3330.571364 3416.486556 3462.219539 3470.084525 3471.547664 3498.643284 3540.282040 3584.351272 3626.506588 3601.220467 3645.085971 3666.577002 3671.067929 3671.696561 3676.518522 3675.222767 3673.557665 3669.210319 3664.123573 3664.273117 3668.741564 3668.569289 3665.650922 3662.345459 3656.692423 3649.267554 3644.021406 3639.401082 3636.730780 3633.868896 3631.990270 3631.419589 3626.715696
-9999.0 2299.552813 2373.690328 2432.728686 2481.895312 2576.802161 2705.871749 2842.465845 2936.474731 2969.447310 2953.983444 2993.318752 3093.376664 3195.285167 3245.571249 3265.967917 3249.650125 3205.714506 3189.149060 3231.363521 3298.976729 3411.145143 3538.643997 3631.953243 3646.120214 3649.115246 3606.642879 3629.495839 3650.677638 3653.191218 3654.185799 3661.069013 3666.062370 3668.906559 3667.369130 3664.484005 3659.702055 3651.573504 3646.749731 3643.134945 3639.410154 3638.355773 3640.436821 3642.128565 3639.361630 3635.489971 3631.021601 3625.440397 3619.181250 3612.469163 3608.240565 3604.059150 3601.958967 3596.599059 3593.007803
-9999.0 2179.836870 2274.869495 2317.571830 2398.236027 2584.077314 2712.582684 2848.465757 3007.977200 3030.039088 3078.912590 3212.142481 3326.407560 3403.479485 3432.939595 3466.422963 3490.520300 3506.767128 3541.908309 3436.947647 3511.294643 3599.544424 3639.392723 3656.672389 3664.609259 3664.939618 3655.342068 3634.809111 3624.127920 3617.377846 3618.983448 3626.226092 3631.003755 3635.872949 3633.595996 3634.548280 3635.438562 3632.164368 3628.198571 3619.584712 3611.790059 3605.262269 3602.252556 3607.030337 3602.355503 3599.879819 3593.768640 3585.460460 3576.630147 3569.276570 3561.432905 3554.918936 3552.667094 3547.653358 3546.494419
-9999.0 2098.835582 2171.914464 2235.996645 2350.637367 2514.068743 2614.943501 2773.810417 3000.783087 3131.243708 3285.445788 3370.862689 3439.913561 3483.821503 3534.811855 3584.203679 3609.509870 3619.938937 3592.304192 3611.478961 3570.186491 3559.376196 3576.311046 3604.439753 3620.531323 3624.422060 3616.406820 3606.969754 3599.725227 3598.600780 3596.566548 3592.923376 3589.193786 3585.833618 3582.692517 3585.467028 3590.624149 3583.696433 3573.754045 3564.555564 3556.255769 3547.217998 3541.367444 3536.952326 3537.096031 3537.318919 3529.786826 3519.407226 3508.699586 3500.526826 3493.352128 3488.768054 3486.220054 3481.372191 3472.172795
-9999.0 1981.932821 2112.726402 2191.435441 2289.529407 2419.028584 2525.999204 2679.037778 2804.166992 3041.883860 3183.954237 3358.585264 3405.224494 3471.388893 3519.597096 3590.167635 3586.337970 3554.748442 3513.035403 3496.584953 3506.073830 3514.602401 3523.207584 3538.137613 3555.395100 3565.187957 3569.526384 3563.170077 3549.043990 3537.108556 3526.751105 3513.748605 3504.753239 3502.487125 3505.932427 3515.407109 3516.217818 3506.979080 3493.118786 3475.335997 3460.067930 3448.528703 3446.405843 3448.964195 3449.920393 3446.015941 3440.138169 3429.551824 3417.115066 3404.969722 3399.134556 3394.757890 3387.602264 3376.791176 3365.280012
-9999.0 -9999.0 2028.248261 2136.703587 2231.644639 2343.516100 2435.888758 2556.999296 2698.340754 2861.610713 2976.071799 3145.235801 3234.623417 3277.646807 3313.217179 3367.547156 3390.700746 3418.950766 3410.700282 3420.464130 3429.112048 3433.955526 3439.464799 3445.782511 3456.393998 3465.967247 3475.559582 3472.785432 3463.879842 3443.975761 3419.284762 3400.130196 3389.954596 3381.134756 3392.723472 3405.029990 3399.993951 3393.173003 3380.729644 3364.704561 3352.149035 3338.090556 3334.645014 3334.690677 3335.268811 3332.958069 3330.226049 3317.903769 3305.724509 3295.690494 3291.599134 3286.092726 3282.408017 3272.681717 3262.209412
-9999.0 -9999.0 1940.241757 2044.521183 2147.794471 2265.054083 2350.571235 2373.448776 2511.527638 2617.193708 2724.489176 2819.913807 2912.473667 2978.186177 3011.653989 3072.312852 3124.660027 3141.725920 3177.421499 3226.177089 3258.137834 3294.681868 3316.219887 3325.748497 3338.105069 3352.035698 3359.508786 3344.846183 3333.630993 3316.701814 3293.787169 3267.880366 3254.724272 3253.755203 3253.393103 3255.585504 3248.375758 3239.423631 3225.123797 3211.039563 3198.836919 3189.620122 3186.042945 3180.949107 3178.918245 3176.285486 3174.482650 3168.906111 3160.366051 3155.486636 3147.528167 3143.666057 3142.737457 3139.355790 3133.391908
