tests/Borden05m/sims/sim_1/output-maps/psiliqL0018N0006.asc
ncols         160
nrows         34
xllcorner     620200.000000
yllcorner     5168000.000000
cellsize      0.500000
NODATA_value  -9999.0
[rows 0 to 24 of 34, columns 0 to 54 of 160]
-9999.0 -9999.0 -9999.0 -9999.0 -9999.0 -9999.0 -9999.0 -9999.0 -9999.0 -9999.0 -9999.0 -9999.0 -9999.0 -9999.0 -9999.0 -9999.0 -9999.0 -9999.0 -9999.0 -9999.0 -9999.0 -9999.0 -9999.0 -9999.0 -9999.0 -9999.0 -9999.0 -9999.0 -9999.0 -9999.0 -9999.0 -9999.0 -9999.0 -9999.0 -9999.0 -9999.0 -9999.0 -9999.0 -9999.0 -9999.0 -9999.0 -9999.0 -9999.0 -9999.0 -9999.0 -9999.0 -9999.0 -9999.0 -9999.0 -9999.0 -9999.0 -9999.0 -9999.0 -9999.0 -9999.0
-9999.0 -9999.0 -9999.0 -9999.0 -9999.0 -9999.0 -9999.0 -9999.0 -9999.0 -9999.0 -9999.0 -9999.0 -9999.0 -9999.0 -9999.0 -9999.0 -9999.0 -9999.0 -9999.0 -9999.0 -9999.0 -9999.0 -9999.0 -9999.0 -9999.0 -9999.0 -9999.0 -9999.0 -9999.0 -9999.0 -9999.0 -9999.0 -9999.0 -9999.0 -9999.0 -9999.0 -9999.0 -9999.0 -9999.0 -9999.0 -9999.0 -9999.0 -9999.0 -9999.0 -9999.0 -9999.0 -9999.0 -9999.0 -9999.0 -9999.0 -9999.0 -9999.0 -9999.0 -9999.0 -9999.0
-9999.0 -9999.0 -9999.0 -9999.0 -9999.0 -9999.0 -9999.0 -9999.0 -9999.0 -9999.0 -9999.0 -9999.0 -9999.0 -9999.0 -9999.0 -9999.0 -9999.0 -9999.0 -9999.0 -9999.0 -9999.0 -9999.0 -9999.0 -9999.0 -9999.0 -9999.0 -9999.0 -9999.0 -9999.0 -9999.0 -9999.0 -9999.0 -9999.0 -9999.0 -9999.0 -9999.0 -9999.0 -9999.0 -9999.0 -9999.0 -9999.0 -9999.0 -9999.0 -9999.0 -9999.0 -9999.0 -9999.0 1702.440760 1685.445149 1671.058134 1668.294047 1690.736552 1714.530408 1738.864072 1759.932275
-9999.0 -9999.0 -9999.0 -9999.0 -9999.0 -9999.0 -9999.0 -9999.0 -9999.0 -9999.0 -9999.0 -9999.0 -9999.0 -9999.0 -9999.0 -9999.0 -9999.0 -9999.0 -9999.0 -9999.0 -9999.0 -9999.0 -9999.0 -9999.0 -9999.0 -9999.0 -9999.0 -9999.0 -9999.0 -9999.0 -9999.0 -9999.0 -9999.0 -9999.0 -9999.0 -9999.0 -9999.0 -9999.0 -9999.0 -9999.0 1749.595282 1755.742220 1756.748296 1746.962374 1736.180926 1723.835348 1703.956172 1686.573917 1672.777743 1670.976306 1674.099685 1678.797020 1701.183372 1726.711497 1747.032763
-9999.0 -9999.0 -9999.0 -9999.0 -9999.0 -9999.0 -9999.0 -9999.0 -9999.0 -9999.0 -9999.0 -9999.0 -9999.0 -9999.0 -9999.0 -9999.0 -9999.0 -9999.0 -9999.0 -9999.0 -9999.0 -9999.0 -9999.0 -9999.0 -9999.0 -9999.0 -9999.0 -9999.0 -9999.0 -9999.0 -9999.0 -9999.0 -9999.0 -9999.0 1655.661386 1673.162321 1691.590389 1710.528526 1727.828403 1735.115084 1741.146182 1747.080398 1743.216229 1739.176114 1728.236976 1708.903174 1689.988562 1677.057375 1675.934606 1674.103003 1678.755219 1691.747277 1709.122785 1725.488614 1746.876470
-9999.0 -9999.0 -9999.0 -9999.0 -9999.0 -9999.0 -9999.0 -9999.0 -9999.0 -9999.0 -9999.0 -9999.0 -9999.0 -9999.0 -9999.0 -9999.0 -9999.0 -9999.0 -9999.0 -9999.0 -9999.0 -9999.0 -9999.0 -9999.0 -9999.0 -9999.0 -9999.0 -9999.0 1658.510721 1652.875477 1648.359787 1647.351475 1646.524109 1645.957635 1653.040430 1665.143896 1683.282865 1705.672460 1719.331892 1727.118036 1734.359886 1735.489156 1730.716938 1729.463253 1730.511171 1719.023416 1707.780130 1697.309900 1687.211885 1685.797891 1695.867257 1710.807492 1727.786151 1743.279205 1759.344659
-9999.0 -9999.0 -9999.0 -9999.0 -9999.0 -9999.0 -9999.0 -9999.0 -9999.0 -9999.0 -9999.0 -9999.0 -9999.0 -9999.0 -9999.0 -9999.0 -9999.0 -9999.0 -9999.0 -9999.0 -9999.0 -9999.0 -9999.0 1627.430241 1633.104638 1639.978905 1647.930001 1649.273474 1645.807626 1640.718226 1638.346342 1637.462400 1636.141168 1641.233937 1649.447859 1663.358929 1679.585321 1702.275484 1711.415428 1717.492533 1730.061882 1733.869934 1741.117716 1745.881838 1744.876277 1742.334864 1729.720443 1720.386506 1725.182448 1731.215375 1738.916120 1747.912085 1762.204204 1777.784030 1795.139443
-9999.0 -9999.0 -9999.0 -9999.0 -9999.0 -9999.0 -9999.0 -9999.0 -9999.0 -9999.0 -9999.0 -9999.0 -9999.0 -9999.0 -9999.0 -9999.0 -9999.0 -9999.0 -9999.0 1602.033933 1603.195201 1604.782790 1609.829177 1610.694989 1613.030691 1620.356776 1628.930468 1631.994775 1630.601943 1629.911323 1631.994287 1635.331480 1640.453401 1652.140141 1666.495867 1681.300281 1695.518984 1717.084612 1732.483620 1746.385754 1762.905814 1763.480916 1760.487180 1759.614631 1760.813367 1761.295704 1764.305084 1766.688630 1773.918079 1778.216256 1784.593677 1794.902826 1807.601099 1826.188962 1846.115381
-9999.0 -9999.0 -9999.0 -9999.0 -9999.0 -9999.0 -9999.0 -9999.0 -9999.0 -9999.0 -9999.0 -9999.0 -9999.0 -9999.0 -9999.0 -9999.0 1572.952415 1574.971572 1577.495650 1583.121069 1586.587433 1590.921124 1598.260331 1599.995820 1604.096368 1611.723540 1617.014170 1626.581155 1635.366071 1643.253631 1649.873477 1653.197291 1661.072799 1671.328221 1683.835916 1699.418165 1721.240535 1745.353590 1762.308286 1780.008304 1798.084370 1799.665706 1799.386263 1801.272185 1802.167051 1807.920581 1825.449877 1831.513319 1831.728845 1847.096877 1861.592847 1867.210145 1875.957301 1896.433181 1920.649708
-9999.0 -9999.0 -9999.0 -9999.0 -9999.0 -9999.0 -9999.0 -9999.0 -9999.0 -9999.0 -9999.0 -9999.0 -9999.0 1525.074047 1529.409071 1539.518687 1549.794954 1552.827996 1557.706388 1564.354878 1576.940874 1581.024813 1587.657073 1595.623843 1608.336778 1617.575748 1627.261885 1639.737317 1648.719107 1656.600617 1664.204977 1669.758680 1683.294310 1699.038112 1715.295766 1736.152532 1759.164421 1780.091225 1800.934518 1818.101312 1832.303403 1833.945358 1834.251933 1837.823016 1845.872697 1863.116293 1882.653928 1890.383526 1907.299171 1931.061460 1945.056029 1956.869655 1966.221404 1981.142009 2003.666780
-9999.0 -9999.0 -9999.0 -9999.0 -9999.0 -9999.0 -9999.0 -9999.0 -9999.0 -9999.0 1493.172551 1495.517612 1492.410936 1491.750250 1497.485611 1510.111007 1524.536811 1531.232900 1543.432382 1564.994022 1583.598696 1587.536187 1602.315649 1613.205474 1620.659416 1631.672331 1645.463472 1658.807427 1675.978498 1689.078113 1700.719991 1720.220981 1737.538288 1755.112034 1773.947623 1795.566053 1815.590787 1843.985270 1871.882585 1884.969448 1907.017931 1916.893395 1915.230856 1916.367157 1927.121492 1943.417659 1964.481578 1987.340351 2009.999693 2036.264461 2053.404387 2069.134617 2081.083250 2094.431679 2111.641017
-9999.0 -9999.0 -9999.0 -9999.0 -9999.0 -9999.0 -9999.0 -9999.0 1467.932928 1475.832632 1482.147055 1479.538193 1475.569765 1471.574409 1486.150534 1502.420237 1518.971780 1537.392303 1553.852649 1572.688560 1588.200726 1604.670330 1625.352390 1637.568031 1649.746112 1665.868874 1680.296677 1697.727768 1719.831025 1732.243280 1748.502186 1770.601667 1789.747757 1808.958436 1829.187263 1848.639221 1875.098256 1909.471802 1942.397858 1965.002258 1994.077369 2017.031985 2016.710506 2019.884547 2025.404398 2052.336436 2082.828947 2115.153787 2141.049835 2169.582036 2200.816945 2221.054142 2233.167364 2247.013158 2263.411996
-9999.0 -9999.0 -9999.0 -9999.0 -9999.0 -9999.0 1439.606364 1464.221615 1479.770867 1472.166838 1461.534226 1458.057447 1454.040056 1480.432353 1503.242072 1521.258681 1538.851906 1557.209855 1574.438040 1586.865060 1620.198552 1639.391167 1653.965021 1671.602587 1687.253266 1702.989236 1721.333687 1745.411304 1767.362941 1796.235552 1820.781912 1844.242534 1871.616486 1892.634675 1913.038096 1932.186620 1964.630530 2003.403928 2041.699096 2071.467549 2100.015410 2133.234941 2140.427173 2147.187661 2154.911343 2178.937358 2213.416639 2245.846982 2281.478482 2315.489360 2344.983926 2359.081233 2371.045841 2383.534391 2398.071267
-9999.0 -9999.0 -9999.0 -9999.0 1405.780650 1426.932732 1446.979239 1477.967270 1500.962251 1496.697259 1503.486540 1503.862784 1502.180446 1507.328179 1515.655106 1534.444479 1554.159590 1574.196635 1591.976236 1625.616778 1671.578226 1686.924726 1710.300371 1742.770991 1757.066931 1773.477547 1791.134749 1815.126602 1841.258573 1874.815961 1917.627969 1954.436711 1981.097690 2005.275431 2028.380041 2051.485394 2088.446494 2128.736230 2167.963196 2203.908398 2235.251463 2263.409357 2276.494963 2285.679877 2299.154191 2317.944412 2342.001943 2372.124833 2406.364895 2440.460575 2466.854599 2480.863767 2489.527848 2501.090074 2511.689331
-9999.0 -9999.0 -9999.0 1354.688719 1393.734917 1432.470660 1459.600209 1490.968112 1523.971560 1528.201908 1538.187108 1542.824008 1547.191409 1556.090053 1564.331784 1582.457427 1600.390700 1618.647257 1641.777270 1678.830722 1713.406046 1741.015028 1773.158561 1798.307135 1818.433397 1835.256197 1855.712855 1880.637030 1921.590655 1959.042978 2010.157331 2064.731217 2102.537783 2128.310382 2153.443870 2183.627992 2211.538348 2251.368323 2288.852484 2324.390254 2358.605426 2384.941274 2404.405318 2413.120255 2424.612128 2434.402007 2451.554858 2474.803290 2498.654471 2529.662991 2559.881543 2588.204169 2604.004753 2615.286985 2632.251799
-9999.0 -9999.0 1306.929129 1345.438363 1379.040423 1428.704731 1482.339018 1517.805439 1559.325719 1583.017577 1590.245250 1607.038055 1623.166133 1630.274656 1645.460315 1662.837635 1683.234288 1692.123303 1711.479936 1739.189997 1786.749259 1830.345724 1845.891279 1894.940946 1929.219141 1960.348909 1981.397659 2010.480324 2049.016167 2090.812319 2140.667715 2192.962337 2232.715433 2265.645171 2284.908842 2307.458105 2332.364189 2360.447939 2397.951873 2428.322752 2462.473554 2490.235929 2513.024804 2519.783150 2525.791704 2543.283448 2570.440955 2600.273345 2627.676949 2654.159275 2653.854752 2670.394148 2678.530661 2683.483770 2690.143586
-9999.0 -9999.0 1279.153561 1324.767252 1363.763898 1428.326032 1510.853555 1548.289259 1591.786115 1639.269945 1658.529057 1684.256909 1693.282231 1699.196322 1723.002931 1744.984076 1761.427883 1770.239127 1770.214039 1826.439069 1884.791017 1929.596649 1966.872616 2038.319410 2087.795522 2109.236881 2125.984587 2149.389101 2175.339256 2219.511098 2267.023069 2322.628437 2368.514106 2401.694796 2420.097314 2441.474453 2464.026351 2483.595695 2505.126181 2548.537789 2581.096416 2610.084553 2639.693427 2661.477393 2671.098822 2676.510577 2663.458398 2677.775470 2687.966179 2693.334399 2696.268053 2694.227127 2694.733612 2696.304174 2697.857961
-9999.0 1188.739554 1241.159895 1293.849543 1361.898111 1428.152329 1509.925507 1589.781383 1651.200754 1702.105889 1732.789208 1742.517657 1771.566526 1811.821246 1838.474541 1864.593736 1870.648069 1879.420850 1869.304121 1921.057666 1969.061923 2038.086200 2146.297190 2205.402368 2257.771865 2261.302734 2257.904554 2271.338040 2295.610447 2342.282191 2415.390370 2467.704019 2526.851997 2572.993238 2591.361665 2600.766736 2620.713250 2642.724126 2621.024887 2651.186222 2666.347932 2678.989953 2685.049772 2688.435646 2691.109496 2692.817525 2691.219549 2686.440687 2680.211569 2676.039910 2673.193347 2669.673974 2672.784269 2676.465321 2677.214815
-9999.0 1152.406256 1211.420352 1282.337402 1352.875512 1415.518280 1514.063910 1665.348539 1723.791119 1764.187782 1785.577896 1798.520171 1874.135800 1941.918351 1976.683799 2024.140140 2018.854606 2009.934828 1992.568603 2025.476850 2073.920250 2148.895254 2300.645099 2388.645356 2426.667172 2440.384105 2449.168637 2479.246098 2520.845383 2564.111743 2603.623967 2597.397617 2632.913582 2652.226121 2659.195531 2663.049322 2669.472108 2671.370862 2671.670495 2669.814341 2666.956101 2668.849381 2674.534851 2675.798222 2674.433847 2672.756487 2668.633105 2662.522404 2658.320032 2654.748499 2652.865252 2650.491080 2649.063596 2648.824214 2644.043812
-9999.0 1119.562807 1192.027838 1254.394983 1314.473328 1423.019473 1551.507081 1691.271812 1787.707631 1827.926184 1842.528100 1906.689372 2012.388253 2115.700180 2171.670038 2199.625841 2198.823287 2173.517602 2173.153032 2219.785370 2288.199240 2389.864102 2496.981367 2583.775024 2601.500064 2608.955141 2584.522935 2605.033083 2624.287725 2630.759059 2635.729009 2643.776601 2652.045938 2657.812793 2659.184957 2658.794831 2656.270630 2650.186356 2646.876878 2644.847449 2642.511322 2642.894403 2646.260174 2648.581949 2646.993672 2644.239868 2640.825626 2636.143949 2630.676476 2624.730801 2621.194861 2617.352983 2615.085985 2609.538303 2604.572139
-9999.0 1012.946852 1103.872358 1154.990314 1258.411724 1437.800764 1566.639735 1715.803068 1870.126071 1907.974689 1979.539808 2110.294052 2225.013232 2306.465231 2348.684021 2392.288695 2423.740743 2448.395552 2486.618086 2425.703273 2491.333364 2563.166113 2597.099474 2615.076192 2623.195333 2628.051402 2623.453991 2607.655796 2600.927654 2597.819763 2602.714217 2612.796227 2620.474164 2627.869652 2627.630498 2629.921140 2631.553885 2629.104280 2625.856783 2618.095768 2610.974249 2605.431291 2603.653023 2609.221049 2605.100270 2602.983248 2597.795896 2590.368584 2581.665184 2574.564757 2567.104175 2560.392210 2557.251054 2550.841612 2547.865100
-9999.0 932.097236 1007.863607 1088.780450 1219.449985 1384.573016 1505.720042 1672.291372 1892.714200 2018.823347 2159.740260 2243.536791 2322.723607 2384.318860 2448.192581 2501.840706 2531.703113 2546.174563 2533.618265 2550.988531 2519.340500 2514.877432 2536.124747 2566.574863 2584.235015 2591.530935 2586.639868 2579.742453 2575.592453 2577.254872 2578.116578 2577.886594 2577.172806 2576.039166 2574.131072 2577.277482 2582.588101 2576.332510 2566.533333 2557.717952 2549.812635 2541.145138 2535.516825 2531.843802 2531.502497 2531.889064 2525.026258 2515.440223 2505.751591 2498.080803 2490.709473 2485.135756 2481.614653 2475.073864 2464.351857
-9999.0 827.180240 952.085395 1041.259028 1155.604326 1291.135733 1412.469926 1574.788708 1720.969777 1951.646914 2109.679275 2247.530863 2298.685357 2366.783474 2427.834657 2502.344432 2509.260063 2484.182281 2452.732447 2441.392803 2451.895905 2464.227485 2478.413303 2498.721523 2518.599652 2530.794565 2536.252945 2531.624872 2520.059695 2511.628927 2505.126188 2495.494258 2488.839362 2488.120288 2490.541025 2498.882270 2500.576209 2491.339273 2477.866922 2460.473470 2445.301938 2433.790413 2430.781476 2432.359548 2432.709350 2429.169737 2423.063418 2412.985678 2401.033475 2389.410073 2382.509095 2376.882938 2368.673821 2356.403303 2342.137628
-9999.0 -9999.0 873.768064 984.381938 1088.789035 1209.047005 1318.042057 1455.844958 1605.824877 1787.672657 1909.489584 2059.694309 2144.799201 2195.752792 2245.679568 2305.693959 2331.324448 2358.790398 2349.880029 2359.976122 2370.464426 2378.693946 2389.101707 2400.834575 2415.150030 2426.991005 2437.332426 2436.768451 2429.385052 2412.585402 2391.777259 2375.830407 2367.230811 2360.064644 2370.412248 2381.995929 2377.916502 2370.665720 2357.710759 2340.422693 2326.479062 2311.732705 2307.338048 2306.986816 2306.924805 2304.106836 2300.268712 2287.670505 2275.149513 2263.970428 2258.653291 2251.996785 2246.015789 2233.926332 2220.654121
-9999.0 -9999.0 788.254221 895.938304 1007.338139 1129.749376 1226.409001 1285.114169 1434.800240 1550.058963 1658.850084 1764.996655 1855.903855 1925.046905 1969.559994 2034.631126 2083.987075 2104.378739 2134.114595 2174.170468 2204.864226 2238.119389 2259.709576 2273.256554 2288.480130 2303.712994 2313.432658 2302.025901 2292.200886 2276.509866 2255.459415 2231.988399 2220.023678 2217.677143 2218.824801 2222.458154 2215.687110 2205.722744 2190.635768 2174.764927 2161.053631 2149.550399 2144.762768 2140.005686 2137.891046 2134.768065 2131.862261 2124.186203 2113.894549 2107.138249 2098.534457 2092.626853 2089.249886 2082.363260 2072.627762
