tests/Borden05m/sims/sim_1/output-maps/psiliqL0012N0016.asc
ncols         160
nrows         34
xllcorner     620200.000000
yllcorner     5168000.000000
cellsize      0.500000
NODATA_value  -9999.0
[rows 0 to 24 of 34, columns 0 to 56 of 160]
-9999.0 -9999.0 -9999.0 -9999.0 -9999.0 -9999.0 -9999.0 -9999.0 -9999.0 -9999.0 -9999.0 -9999.0 -9999.0 -9999.0 -9999.0 -9999.0 -9999.0 -9999.0 -9999.0 -9999.0 -9999.0 -9999.0 -9999.0 -9999.0 -9999.0 -9999.0 -9999.0 -9999.0 -9999.0 -9999.0 -9999.0 -9999.0 -9999.0 -9999.0 -9999.0 -9999.0 -9999.0 -9999.0 -9999.0 -9999.0 -9999.0 -9999.0 -9999.0 -9999.0 -9999.0 -9999.0 -9999.0 -9999.0 -9999.0 -9999.0 -9999.0 -9999.0 -9999.0 -9999.0 -9999.0 -9999.0 -9999.0
-9999.0 -9999.0 -9999.0 -9999.0 -9999.0 -9999.0 -9999.0 -9999.0 -9999.0 -9999.0 -9999.0 -9999.0 -9999.0 -9999.0 -9999.0 -9999.0 -9999.0 -9999.0 -9999.0 -9999.0 -9999.0 -9999.0 -9999.0 -9999.0 -9999.0 -9999.0 -9999.0 -9999.0 -9999.0 -9999.0 -9999.0 -9999.0 -9999.0 -9999.0 -9999.0 -9999.0 -9999.0 -9999.0 -9999.0 -9999.0 -9999.0 -9999.0 -9999.0 -9999.0 -9999.0 -9999.0 -9999.0 -9999.0 -9999.0 -9999.0 -9999.0 -9999.0 -9999.0 -9999.0 -9999.0 -9999.0 -9999.0
-9999.0 -9999.0 -9999.0 -9999.0 -9999.0 -9999.0 -9999.0 -9999.0 -9999.0 -9999.0 -9999.0 -9999.0 -9999.0 -9999.0 -9999.0 -9999.0 -9999.0 -9999.0 -9999.0 -9999.0 -9999.0 -9999.0 -9999.0 -9999.0 -9999.0 -9999.0 -9999.0 -9999.0 -9999.0 -9999.0 -9999.0 -9999.0 -9999.0 -9999.0 -9999.0 -9999.0 -9999.0 -9999.0 -9999.0 -9999.0 -9999.0 -9999.0 -9999.0 -9999.0 -9999.0 -9999.0 -9999.0 492.541789 475.246925 459.405114 457.331304 479.991457 503.440740 527.278710 547.925755 566.651237 585.697941
-9999.0 -9999.0 -9999.0 -9999.0 -9999.0 -9999.0 -9999.0 -9999.0 -9999.0 -9999.0 -9999.0 -9999.0 -9999.0 -9999.0 -9999.0 -9999.0 -9999.0 -9999.0 -9999.0 -9999.0 -9999.0 -9999.0 -9999.0 -9999.0 -9999.0 -9999.0 -9999.0 -9999.0 -9999.0 -9999.0 -9999.0 -9999.0 -9999.0 -9999.0 -9999.0 -9999.0 -9999.0 -9999.0 -9999.0 -9999.0 539.943021 545.868946 547.221142 536.729469 525.582492 513.556435 493.671086 475.939591 461.000387 458.500076 461.264077 466.614991 489.405348 514.071692 533.813187 551.066727 570.425184
-9999.0 -9999.0 -9999.0 -9999.0 -9999.0 -9999.0 -9999.0 -9999.0 -9999.0 -9999.0 -9999.0 -9999.0 -9999.0 -9999.0 -9999.0 -9999.0 -9999.0 -9999.0 -9999.0 -9999.0 -9999.0 -9999.0 -9999.0 -9999.0 -9999.0 -9999.0 -9999.0 -9999.0 -9999.0 -9999.0 -9999.0 -9999.0 -9999.0 -9999.0 447.525172 465.048996 483.206327 501.650824 518.404722 525.185841 531.055113 536.864126 532.859419 528.267605 517.045537 498.187479 478.755578 464.944005 462.815411 460.459293 464.935127 478.013811 494.916937 511.328484 532.436760 556.059371 565.510037
-9999.0 -9999.0 -9999.0 -9999.0 -9999.0 -9999.0 -9999.0 -9999.0 -9999.0 -9999.0 -9999.0 -9999.0 -9999.0 -9999.0 -9999.0 -9999.0 -9999.0 -9999.0 -9999.0 -9999.0 -9999.0 -9999.0 -9999.0 -9999.0 -9999.0 -9999.0 -9999.0 -9999.0 451.402581 445.568792 440.599732 439.228522 438.055257 437.040660 444.009471 456.248446 474.459874 496.183829 509.198215 516.498335 523.201926 524.065612 519.217193 517.296510 517.722268 506.095318 494.605410 483.870695 473.543027 472.285699 482.041731 496.276388 512.636776 527.703889 543.368146 555.061377 572.148033
-9999.0 -9999.0 -9999.0 -9999.0 -9999.0 -9999.0 -9999.0 -9999.0 -9999.0 -9999.0 -9999.0 -9999.0 -9999.0 -9999.0 -9999.0 -9999.0 -9999.0 -9999.0 -9999.0 -9999.0 -9999.0 -9999.0 -9999.0 421.330518 427.275606 433.898570 441.446153 442.477734 438.458525 432.954609 430.014054 428.642118 427.126767 431.730136 440.052187 453.816427 469.819776 491.758460 500.510787 506.918131 519.358398 522.097337 527.679651 531.877771 530.299059 527.683831 515.562218 506.647007 512.130648 518.333114 525.259585 533.352452 546.923138 562.715733 580.596935 601.404683 623.384949
-9999.0 -9999.0 -9999.0 -9999.0 -9999.0 -9999.0 -9999.0 -9999.0 -9999.0 -9999.0 -9999.0 -9999.0 -9999.0 -9999.0 -9999.0 -9999.0 -9999.0 -9999.0 -9999.0 396.005654 396.957611 398.180923 402.948062 403.942228 406.240808 413.371091 421.663396 424.086930 422.572199 421.236959 422.950614 425.840089 430.345169 441.919332 455.966311 470.371364 484.578124 505.698826 520.713774 534.672886 550.957538 550.286336 546.344145 544.621413 545.340258 545.981303 551.062756 554.488521 560.966961 566.470012 573.462924 583.088379 594.823096 613.693136 634.355486 655.112877 674.401888
-9999.0 -9999.0 -9999.0 -9999.0 -9999.0 -9999.0 -9999.0 -9999.0 -9999.0 -9999.0 -9999.0 -9999.0 -9999.0 -9999.0 -9999.0 -9999.0 367.223528 369.126820 371.379041 376.854680 379.698845 383.798899 390.847586 392.173927 396.142496 403.444334 408.566157 417.469878 425.656649 433.218627 439.433859 442.402375 450.255122 460.221509 472.449239 488.209493 510.222404 533.558809 550.244957 567.432916 584.812071 585.710523 584.951698 586.429863 587.442986 594.851186 613.147031 619.750633 622.455100 640.446122 655.265491 661.195834 669.477704 689.003112 713.647998 739.021649 770.096625
-9999.0 -9999.0 -9999.0 -9999.0 -9999.0 -9999.0 -9999.0 -9999.0 -9999.0 -9999.0 -9999.0 -9999.0 -9999.0 321.517833 325.709552 335.175578 344.078627 346.570978 350.815318 356.854640 369.182403 372.939046 379.356924 387.160141 399.067210 407.880975 417.339832 429.445935 438.206019 445.788020 453.247529 459.671832 473.550923 489.323933 505.655983 526.437850 548.870211 570.251094 591.642260 607.902074 622.492508 625.690080 624.984884 627.659591 636.181254 654.536236 674.427805 685.808390 706.387319 730.754679 745.601911 758.744048 768.497722 782.498259 804.441506 840.302753 877.335486
-9999.0 -9999.0 -9999.0 -9999.0 -9999.0 -9999.0 -9999.0 -9999.0 -9999.0 -9999.0 287.542367 290.013580 286.650366 286.889459 291.856108 303.924996 317.492176 324.312696 335.872167 356.787022 374.494394 378.252225 393.179360 403.579133 410.590972 421.548487 435.094072 448.440391 465.969637 479.123052 491.793274 512.473201 529.667153 546.896512 565.411797 586.328153 607.573192 637.749908 666.064538 680.654846 704.792546 718.015836 715.982248 716.934210 726.405056 744.205728 767.798838 793.940472 817.571192 844.738448 864.463236 879.892430 891.580538 904.896154 921.339070 955.830689 996.347809
-9999.0 -9999.0 -9999.0 -9999.0 -9999.0 -9999.0 -9999.0 -9999.0 263.193598 270.338103 276.587155 273.647813 269.139805 265.601444 279.099107 295.007590 311.122658 328.620754 344.797802 363.096031 378.853815 395.637231 415.665354 427.897607 440.159137 455.971453 470.270512 488.427780 510.533137 525.004099 543.705133 566.363091 586.443917 605.613339 625.430946 645.003610 673.783275 709.207392 743.036094 768.266273 797.655016 822.658095 823.549832 827.363460 832.963498 859.920995 890.786503 922.575102 949.845142 978.491314 1008.539249 1026.617905 1037.733127 1050.743356 1066.342242 1084.354956 1111.488538
-9999.0 -9999.0 -9999.0 -9999.0 -9999.0 -9999.0 236.671272 260.866134 275.800752 268.019466 258.960568 255.556853 251.872528 273.596000 295.378813 312.583048 329.573419 347.317640 364.095423 378.277910 413.131650 430.953732 446.284094 465.811615 480.948969 496.143801 514.456287 538.939208 562.489468 594.759639 623.782138 650.560534 678.569598 699.977248 720.378872 740.813605 774.090558 813.198310 851.435778 882.160033 910.660130 941.608092 950.448581 957.044767 965.298142 985.838187 1017.125297 1047.690715 1081.864165 1114.231977 1140.565311 1152.614197 1163.137528 1174.599066 1188.146813 1200.848016 1215.297470
-9999.0 -9999.0 -9999.0 -9999.0 203.243840 224.189928 244.504190 275.303601 297.948742 292.898309 299.981884 300.471390 299.072721 302.528361 309.208725 327.439082 345.936419 364.744276 383.478153 420.275417 464.168208 481.211647 507.706775 540.933461 555.972944 572.308561 589.519426 613.999017 643.479263 679.481239 726.507284 766.792532 794.794922 819.545121 842.132960 865.948150 900.453455 938.753860 976.174207 1011.005220 1041.421473 1067.033115 1080.675110 1089.024686 1101.015113 1117.014044 1137.842521 1164.770403 1195.272898 1227.070984 1252.177067 1266.335986 1274.409325 1284.936138 1295.691105 1308.152077 1320.549537
-9999.0 -9999.0 -9999.0 154.946538 193.553504 230.988541 258.310483 289.350176 321.369067 326.978228 335.895514 341.782884 347.719501 356.775421 366.325075 383.429513 399.104702 414.175244 436.515679 474.238100 511.070350 544.257655 578.231650 608.317700 631.694099 649.219099 668.720546 694.547296 736.105089 776.375703 828.649110 883.292788 921.562588 947.116614 969.296417 996.386251 1021.203712 1056.643955 1091.278267 1124.018156 1155.351682 1180.062693 1199.356873 1207.464775 1216.775937 1225.680766 1242.265306 1263.464720 1284.988908 1313.249290 1341.032727 1364.358438 1377.655944 1387.100574 1402.545335 1418.020370 1430.226892
-9999.0 -9999.0 108.117903 145.549173 180.259697 231.254163 284.138797 318.295910 359.383740 384.153657 391.547589 409.808795 426.804156 435.122783 451.804039 469.578130 485.943368 492.048071 508.210220 542.339354 595.666648 644.987447 673.160482 728.214984 763.387387 790.917492 808.688216 836.075250 871.583802 915.047062 964.379599 1014.056081 1052.920073 1084.113074 1100.189430 1118.814228 1141.246996 1164.179753 1196.762297 1225.396221 1255.560747 1281.106672 1302.914223 1310.875578 1316.111173 1331.396995 1354.346263 1378.504744 1401.496765 1423.591316 1430.823134 1439.924865 1444.346659 1447.162729 1451.033331 1453.844098 1455.385533
-9999.0 -9999.0 82.207324 126.740140 168.311609 236.634658 314.737879 352.474674 395.928810 441.690820 461.279598 486.223367 502.054425 516.066912 540.348360 564.048219 574.011242 580.317729 581.474622 638.441328 699.436954 757.637810 815.387631 881.372069 926.150727 941.913975 953.926044 974.653921 1000.051062 1043.498536 1091.714798 1142.996640 1185.880482 1215.903152 1231.439245 1248.404083 1267.887575 1285.388736 1303.570336 1340.282788 1365.157599 1389.256673 1414.594295 1434.247828 1442.273849 1445.159211 1437.526592 1444.840320 1449.930297 1452.396159 1453.367187 1450.348068 1449.886460 1450.801201 1452.000190 1447.205423 1440.697590
-9999.0 -5.611463 46.472509 100.271623 170.182749 238.788554 323.803956 404.770459 459.506042 505.603499 535.667667 552.396490 597.216452 643.241950 670.216843 698.549723 700.593199 704.406647 697.167289 745.473164 799.849873 881.276688 993.235242 1049.964900 1091.187711 1095.381092 1092.396807 1106.246511 1130.922000 1172.608744 1235.600727 1279.866509 1328.809661 1365.580386 1379.219084 1385.083733 1401.496419 1420.310716 1415.477937 1433.116597 1441.412132 1448.462708 1449.874791 1451.757236 1452.957220 1453.316216 1450.249836 1443.970747 1436.141418 1430.360407 1426.065533 1421.263945 1423.419529 1426.547812 1427.312218 1420.291972 1412.066700
-9999.0 -40.422674 19.539119 91.743881 163.608693 236.330360 344.578697 482.154819 534.002679 571.667490 599.182112 632.918508 714.955052 781.636085 817.108213 860.067580 856.593105 847.440700 840.422571 876.190553 929.656536 1005.229768 1140.193961 1223.094577 1246.735126 1259.429997 1268.303435 1294.000873 1328.056025 1360.745601 1390.063843 1396.427390 1417.471244 1428.179109 1431.905319 1433.821249 1437.196635 1438.147262 1436.720556 1434.021422 1430.316680 1431.271656 1435.724133 1435.918167 1433.307521 1430.099306 1424.147892 1415.971297 1409.537931 1403.859945 1400.120837 1396.303901 1394.185717 1393.953941 1389.436805 1383.395520 1373.712657
-9999.0 -67.556704 2.829148 67.650640 137.208377 257.280812 382.376572 516.010230 608.744234 648.643221 683.951571 761.210674 859.648603 950.346184 999.262229 1023.915455 1029.583722 1015.628101 1025.664199 1072.199935 1137.685745 1223.995633 1305.071424 1376.263879 1390.368340 1395.541058 1382.311257 1393.666070 1404.201487 1407.557281 1410.342062 1414.192949 1420.929212 1424.982367 1424.871162 1422.856291 1418.916761 1411.796536 1407.492708 1404.862977 1401.939197 1401.945198 1404.776768 1405.656850 1402.712538 1398.059450 1392.515806 1385.699179 1378.397699 1370.569462 1365.561436 1360.697749 1357.836014 1352.632468 1347.710182 1341.246102 1326.954656
-9999.0 -161.263001 -74.883060 -16.272261 108.390188 279.156635 405.517548 558.633174 701.565312 747.125382 829.988981 943.359686 1041.662006 1109.677578 1149.274882 1189.902452 1218.331608 1243.470758 1279.036455 1258.262234 1312.255469 1362.803005 1385.659386 1398.097624 1400.264131 1403.452735 1397.509090 1380.206888 1371.484884 1366.404762 1369.603033 1378.215160 1385.155950 1391.697348 1390.203161 1390.666928 1390.346101 1386.806734 1383.277213 1375.468418 1368.170105 1362.733665 1361.124899 1366.036661 1360.504773 1356.286271 1349.378615 1340.494305 1330.952315 1322.301452 1313.820605 1306.382354 1302.902723 1296.795403 1294.715172 1286.230452 1258.616099
-9999.0 -242.205107 -164.185301 -67.371552 77.807413 242.478919 381.261864 552.128852 754.347641 867.711092 982.118298 1047.505287 1117.175769 1177.672085 1238.050015 1279.536548 1302.153219 1312.346168 1309.121968 1321.089621 1297.202942 1296.470323 1317.360516 1345.304635 1359.388668 1364.635476 1357.211220 1347.421143 1341.383122 1341.361847 1341.216854 1341.091486 1340.681836 1339.379174 1336.460526 1337.933614 1341.863068 1335.744243 1327.523094 1319.700322 1312.601551 1304.514979 1298.985064 1295.457617 1293.488740 1292.401124 1284.248211 1273.255179 1262.093567 1253.255067 1244.890000 1238.556033 1235.513014 1230.145753 1222.201337 1209.915847 1182.180555
-9999.0 -335.345878 -216.844984 -118.098450 11.027365 150.502222 283.451188 451.750367 607.569271 823.042451 984.099612 1068.861135 1105.338327 1157.319659 1215.043053 1276.523367 1281.863379 1254.968882 1228.018377 1217.699746 1226.302353 1239.928758 1256.679757 1278.645834 1296.907602 1306.961343 1308.918206 1301.690506 1288.858348 1280.631386 1275.187463 1266.612800 1260.452003 1259.759038 1259.898686 1266.128484 1268.152449 1258.884590 1246.149301 1230.619516 1217.002049 1206.668723 1203.474474 1204.236346 1203.618244 1199.659193 1192.277703 1181.499674 1168.721729 1156.815980 1148.800789 1142.860455 1135.797705 1125.902700 1114.870996 1102.358900 1076.640482
-9999.0 -9999.0 -289.497128 -177.402010 -64.877825 61.746559 184.720139 335.872215 490.670064 676.299092 794.709866 912.190213 977.207104 1020.499211 1070.107515 1121.272119 1137.421291 1154.318949 1137.865150 1143.465586 1152.278368 1160.962691 1173.196661 1186.815130 1201.018633 1211.238628 1218.580186 1216.860367 1208.176686 1192.196940 1173.434422 1159.163706 1150.932224 1144.525604 1153.022141 1163.639063 1160.767378 1153.935572 1142.091952 1126.609728 1113.621521 1100.066659 1096.081084 1096.129908 1095.739455 1092.398193 1087.321691 1074.364799 1061.278816 1048.961197 1042.950335 1036.485538 1030.538602 1019.431471 1007.586238 994.333807 971.306030
-9999.0 -9999.0 -372.825398 -262.426026 -144.078265 -18.388227 86.930676 178.301321 335.764676 456.269081 560.356001 655.287484 733.161998 793.168203 836.734675 894.670561 930.875466 945.992632 962.592517 988.854973 1014.436629 1041.158794 1059.520488 1073.403647 1087.860042 1100.987716 1109.906470 1099.240769 1088.856154 1072.993207 1052.837231 1030.938607 1019.472341 1015.341593 1017.891439 1023.237296 1017.644665 1007.889164 993.591707 977.690083 964.491317 952.637956 948.204988 944.878202 943.346838 940.128867 936.489242 927.365500 915.597236 907.306867 898.843240 892.337241 888.715638 881.298626 871.464119 864.337630 846.509602
