tests/Borden05m/sims/sim_1/output-maps/psiliqL0002N0014.asc
ncols         160
nrows         34
xllcorner     620200.000000
yllcorner     5168000.000000
cellsize      0.500000
NODATA_value  -9999.0
[rows 0 to 24 of 34, columns 0 to 55 of 160]
-9999.0 -9999.0 -9999.0 -9999.0 -9999.0 -9999.0 -9999.0 -9999.0 -9999.0 -9999.0 -9999.0 -9999.0 -9999.0 -9999.0 -9999.0 -9999.0 -9999.0 -9999.0 -9999.0 -9999.0 -9999.0 -9999.0 -9999.0 -9999.0 -9999.0 -9999.0 -9999.0 -9999.0 -9999.0 -9999.0 -9999.0 -9999.0 -9999.0 -9999.0 -9999.0 -9999.0 -9999.0 -9999.0 -9999.0 -9999.0 -9999.0 -9999.0 -9999.0 -9999.0 -9999.0 -9999.0 -9999.0 -9999.0 -9999.0 -9999.0 -9999.0 -9999.0 -9999.0 -9999.0 -9999.0 -9999.0
-9999.0 -9999.0 -9999.0 -9999.0 -9999.0 -9999.0 -9999.0 -9999.0 -9999.0 -9999.0 -9999.0 -9999.0 -9999.0 -9999.0 -9999.0 -9999.0 -9999.0 -9999.0 -9999.0 -9999.0 -9999.0 -9999.0 -9999.0 -9999.0 -9999.0 -9999.0 -9999.0 -9999.0 -9999.0 -9999.0 -9999.0 -9999.0 -9999.0 -9999.0 -9999.0 -9999.0 -9999.0 -9999.0 -9999.0 -9999.0 -9999.0 -9999.0 -9999.0 -9999.0 -9999.0 -9999.0 -9999.0 -9999.0 -9999.0 -9999.0 -9999.0 -9999.0 -9999.0 -9999.0 -9999.0 -9999.0
-9999.0 -9999.0 -9999.0 -9999.0 -9999.0 -9999.0 -9999.0 -9999.0 -9999.0 -9999.0 -9999.0 -9999.0 -9999.0 -9999.0 -9999.0 -9999.0 -9999.0 -9999.0 -9999.0 -9999.0 -9999.0 -9999.0 -9999.0 -9999.0 -9999.0 -9999.0 -9999.0 -9999.0 -9999.0 -9999.0 -9999.0 -9999.0 -9999.0 -9999.0 -9999.0 -9999.0 -9999.0 -9999.0 -9999.0 -9999.0 -9999.0 -9999.0 -9999.0 -9999.0 -9999.0 -9999.0 -9999.0 -578.729692 -582.012951 -585.973685 -587.073912 -582.669979 -580.733464 -578.945465 -577.772517 -576.685833
-9999.0 -9999.0 -9999.0 -9999.0 -9999.0 -9999.0 -9999.0 -9999.0 -9999.0 -9999.0 -9999.0 -9999.0 -9999.0 -9999.0 -9999.0 -9999.0 -9999.0 -9999.0 -9999.0 -9999.0 -9999.0 -9999.0 -9999.0 -9999.0 -9999.0 -9999.0 -9999.0 -9999.0 -9999.0 -9999.0 -9999.0 -9999.0 -9999.0 -9999.0 -9999.0 -9999.0 -9999.0 -9999.0 -9999.0 -9999.0 -579.214265 -577.687600 -576.421068 -578.611618 -579.514933 -579.309158 -581.596747 -584.256561 -587.001130 -586.152207 -586.110392 -588.092463 -585.094505 -582.695227 -581.902063 -581.249257
-9999.0 -9999.0 -9999.0 -9999.0 -9999.0 -9999.0 -9999.0 -9999.0 -9999.0 -9999.0 -9999.0 -9999.0 -9999.0 -9999.0 -9999.0 -9999.0 -9999.0 -9999.0 -9999.0 -9999.0 -9999.0 -9999.0 -9999.0 -9999.0 -9999.0 -9999.0 -9999.0 -9999.0 -9999.0 -9999.0 -9999.0 -9999.0 -9999.0 -9999.0 -585.957336 -583.139977 -581.921235 -580.770688 -579.003260 -579.660569 -580.226657 -578.897680 -580.095545 -580.138648 -581.609866 -584.369440 -587.133258 -588.666725 -586.957262 -587.501960 -587.514774 -586.109933 -585.265627 -584.994007 -583.042417 -579.863210
-9999.0 -9999.0 -9999.0 -9999.0 -9999.0 -9999.0 -9999.0 -9999.0 -9999.0 -9999.0 -9999.0 -9999.0 -9999.0 -9999.0 -9999.0 -9999.0 -9999.0 -9999.0 -9999.0 -9999.0 -9999.0 -9999.0 -9999.0 -9999.0 -9999.0 -9999.0 -9999.0 -9999.0 -581.625177 -582.740192 -583.590023 -583.527604 -583.927364 -585.488438 -585.928153 -585.691249 -584.220197 -581.816858 -581.461891 -581.813983 -581.658613 -582.263800 -583.932685 -584.087968 -582.216145 -583.893359 -584.668422 -585.760282 -588.582155 -589.281131 -587.676449 -586.162302 -584.881736 -584.632211 -584.528740 -584.626942
-9999.0 -9999.0 -9999.0 -9999.0 -9999.0 -9999.0 -9999.0 -9999.0 -9999.0 -9999.0 -9999.0 -9999.0 -9999.0 -9999.0 -9999.0 -9999.0 -9999.0 -9999.0 -9999.0 -9999.0 -9999.0 -9999.0 -9999.0 -583.492155 -582.464164 -582.092449 -581.198290 -581.676828 -583.880150 -585.276324 -585.876598 -586.375322 -587.555659 -587.714068 -587.778300 -587.080116 -586.590194 -584.067719 -585.426708 -586.313573 -584.113942 -584.675008 -583.210155 -581.524212 -581.908991 -581.537716 -584.633573 -586.945874 -584.503141 -583.539059 -583.697348 -584.306884 -583.592376 -582.618228 -581.396361 -579.225651
-9999.0 -9999.0 -9999.0 -9999.0 -9999.0 -9999.0 -9999.0 -9999.0 -9999.0 -9999.0 -9999.0 -9999.0 -9999.0 -9999.0 -9999.0 -9999.0 -9999.0 -9999.0 -9999.0 -583.335572 -583.665187 -584.313832 -584.077754 -586.191004 -587.093775 -586.515927 -585.409244 -586.089401 -587.305208 -588.351861 -588.231026 -588.099646 -588.379193 -586.824568 -585.588500 -585.227529 -585.651825 -583.696491 -583.172949 -582.084583 -579.083837 -581.121405 -583.097362 -584.132211 -584.219693 -584.811787 -582.987890 -582.453268 -582.327040 -582.574752 -582.602710 -582.231292 -582.070870 -579.725538 -577.594744 -575.867313
-9999.0 -9999.0 -9999.0 -9999.0 -9999.0 -9999.0 -9999.0 -9999.0 -9999.0 -9999.0 -9999.0 -9999.0 -9999.0 -9999.0 -9999.0 -9999.0 -583.529130 -583.714875 -584.517544 -585.821930 -586.951050 -586.989089 -586.144185 -587.721929 -588.258111 -587.930805 -588.642499 -587.891039 -587.078755 -586.098499 -585.671510 -586.815749 -586.649012 -586.859551 -587.055656 -586.620965 -584.411041 -582.394286 -582.054228 -580.619765 -577.926475 -579.577818 -580.269460 -580.195237 -581.237659 -580.444689 -576.364047 -577.133427 -579.061754 -574.807249 -572.618470 -573.584585 -574.149977 -571.517948 -567.489920 -562.266786
-9999.0 -9999.0 -9999.0 -9999.0 -9999.0 -9999.0 -9999.0 -9999.0 -9999.0 -9999.0 -9999.0 -9999.0 -9999.0 -583.804162 -583.975869 -583.773087 -585.805986 -587.384537 -588.350174 -589.695670 -588.031747 -589.264599 -589.671644 -589.406792 -587.928310 -587.928843 -587.794368 -586.884738 -587.249101 -587.751292 -588.242314 -589.227160 -588.026933 -586.842596 -586.064216 -584.348257 -583.080374 -582.135368 -580.232318 -580.004155 -578.728993 -579.339308 -581.041728 -581.433311 -580.185353 -576.433990 -573.632971 -572.779192 -567.567040 -562.071972 -559.524764 -556.142530 -554.622453 -552.504706 -546.919105 -529.468578
-9999.0 -9999.0 -9999.0 -9999.0 -9999.0 -9999.0 -9999.0 -9999.0 -9999.0 -9999.0 -586.912997 -585.871462 -587.410647 -590.269570 -591.528838 -590.900333 -590.243007 -591.339563 -591.336461 -588.383751 -586.783893 -589.625449 -587.732633 -587.740998 -588.976109 -588.717133 -587.984163 -587.919389 -586.146205 -586.154218 -586.219763 -583.298280 -582.622308 -581.898343 -580.869579 -579.771237 -578.870375 -574.479679 -570.731038 -571.063401 -565.660457 -562.228269 -565.221699 -566.293005 -565.535476 -561.582325 -555.041153 -545.322706 -534.930934 -519.110288 -502.988640 -490.090461 -478.801224 -463.635589 -443.258266 -417.223464
-9999.0 -9999.0 -9999.0 -9999.0 -9999.0 -9999.0 -9999.0 -9999.0 -591.059739 -589.424175 -588.392564 -589.692504 -591.435629 -594.601684 -593.421855 -592.275441 -591.515473 -590.368116 -589.848223 -589.435408 -590.219187 -589.260329 -587.429704 -588.005571 -587.858795 -586.682576 -586.727335 -585.703977 -584.096450 -585.035020 -584.235542 -582.795513 -581.544592 -580.444476 -579.095539 -578.385051 -573.891507 -567.804817 -561.115226 -555.293811 -546.786155 -535.546613 -535.638376 -533.399183 -530.880146 -514.356364 -486.904410 -447.492591 -418.451021 -400.490349 -381.732914 -370.429566 -361.959905 -350.616989 -335.998507 -322.983247
-9999.0 -9999.0 -9999.0 -9999.0 -9999.0 -9999.0 -593.493745 -589.873196 -588.124822 -592.236337 -595.380617 -596.427449 -598.306377 -594.241445 -590.658081 -590.014224 -589.528515 -588.944767 -589.365824 -591.806933 -586.398556 -587.994145 -589.178628 -587.585654 -587.806542 -587.752549 -586.797722 -584.521816 -583.624776 -579.025405 -575.735387 -572.912208 -569.004544 -566.619259 -564.049771 -561.027666 -552.555636 -538.918168 -519.239412 -495.382207 -463.699272 -430.549129 -418.474062 -413.018719 -407.915215 -398.221474 -378.341926 -354.356876 -325.741679 -298.382484 -277.915291 -268.202286 -258.879243 -247.739513 -233.716746 -218.415287
-9999.0 -9999.0 -9999.0 -9999.0 -591.446142 -590.668385 -591.375008 -588.236710 -586.058090 -591.059692 -589.278091 -590.157067 -591.794443 -593.805600 -596.214155 -594.528416 -593.580280 -592.966027 -593.345285 -588.077363 -583.644544 -586.753018 -584.595752 -580.273201 -581.399413 -581.026341 -580.922239 -579.045570 -575.525508 -571.020510 -560.276958 -550.109706 -542.748165 -533.104932 -522.612328 -506.988499 -475.923472 -431.960886 -406.009340 -383.060966 -359.197528 -338.152194 -323.618314 -316.449935 -307.462329 -296.318149 -280.472485 -256.776714 -228.880551 -194.988577 -170.882688 -157.875478 -148.283051 -139.622546 -124.331597 -102.975597
-9999.0 -9999.0 -9999.0 -593.592307 -590.055442 -588.794786 -590.572216 -589.989421 -587.314312 -590.019720 -590.546612 -591.013988 -591.294018 -591.269007 -591.505654 -590.549922 -590.420820 -591.252818 -590.608110 -587.540453 -586.262440 -583.826351 -582.011769 -579.084407 -576.545041 -575.651933 -574.302436 -570.610504 -561.046575 -549.567649 -526.128980 -486.323676 -442.534030 -417.790280 -405.616299 -390.061217 -372.732969 -345.620399 -318.798809 -292.420376 -264.544236 -239.426976 -215.173748 -205.943718 -198.973310 -191.460494 -175.518587 -154.033525 -128.801818 -68.834094 -43.410239 -51.509209 -15.231944 -32.801181 4.287713 18.045858
-9999.0 -9999.0 -592.906883 -590.909176 -592.352951 -589.858472 -587.101680 -589.209020 -585.891512 -584.848323 -588.338495 -586.420579 -585.460576 -587.638030 -586.325781 -584.848863 -584.159741 -586.819305 -588.795844 -585.187058 -577.283516 -570.841319 -567.508283 -550.711653 -540.202561 -533.105247 -529.609734 -517.523825 -494.018702 -441.915232 -404.901526 -370.617711 -337.923616 -311.098707 -299.567085 -285.745589 -264.311808 -241.481241 -214.103257 -188.738766 -160.255584 -131.758196 -81.693070 -64.156914 -60.869969 -48.103120 -31.150791 -11.653567 5.905273 23.548332 40.036593 39.710084 40.635205 39.804240 40.779478 40.496111
-9999.0 -9999.0 -595.223593 -591.891706 -594.276915 -589.049527 -584.263188 -589.178091 -587.835926 -582.884372 -584.364359 -583.882894 -584.622623 -584.408431 -582.299755 -577.885359 -580.312513 -581.231711 -586.355632 -574.650310 -564.047794 -544.584454 -501.428515 -446.141000 -413.597107 -408.189226 -405.463205 -395.281833 -377.496218 -340.686207 -295.433338 -246.929915 -206.694413 -180.003478 -166.817504 -153.034813 -130.601301 -78.336123 -64.158482 -62.525785 -19.454945 -7.689451 18.789681 34.380693 39.859679 40.582532 39.624752 40.492264 39.942600 40.522419 39.436765 36.757581 35.280651 36.310642 36.887582 32.623506
-9999.0 -595.943913 -594.288960 -594.218020 -590.845685 -592.035105 -588.091018 -582.379338 -582.887754 -580.971226 -581.088598 -584.614689 -573.037077 -562.763868 -559.406213 -550.136775 -554.296127 -557.243687 -563.503164 -550.600967 -523.936136 -439.963427 -357.063085 -308.480452 -278.278442 -273.074957 -275.700368 -262.448377 -238.219038 -202.261556 -145.286878 -71.048910 -35.248903 -9.375190 -1.338539 -0.067521 11.882939 26.948694 42.603820 43.801822 45.004738 44.321167 40.673143 40.163385 40.920278 39.940721 37.606075 31.454609 24.308699 19.036621 8.513602 9.350362 -10.411341 14.808904 16.079324 9.820694
-9999.0 -601.065976 -594.459135 -590.593302 -592.166273 -594.997672 -585.799775 -571.972484 -577.398936 -579.222312 -579.978538 -571.023140 -541.902372 -510.017896 -481.667572 -444.678751 -446.713108 -460.928254 -458.808307 -423.036371 -383.074341 -320.311763 -217.034711 -137.300728 -89.223526 -80.045073 -72.712522 -53.303254 -29.026103 -8.373819 9.810161 31.245934 33.768739 33.771540 34.002888 33.918290 33.897505 34.137424 30.534922 27.175295 22.923769 22.859346 26.143349 25.844214 23.486154 20.770283 14.663585 6.547020 0.283034 -12.906353 -42.086022 -50.492446 -55.893400 -53.593979 -56.756311 -62.431946
-9999.0 -595.697845 -588.207941 -590.164341 -596.412537 -587.538588 -584.138032 -574.719819 -567.409784 -570.020576 -557.752929 -511.153621 -433.198014 -387.319698 -356.345543 -336.658344 -323.670581 -323.400736 -303.157412 -258.283876 -188.790706 -74.888868 -34.142899 13.562698 20.424842 20.621773 20.428147 20.550509 20.691627 20.753631 20.847503 19.100687 23.383148 25.366426 24.113469 21.231247 15.948182 8.402004 3.015449 -0.001581 -3.757051 -3.904820 -0.453690 -0.032923 -2.640717 -8.605080 -45.084793 -57.434663 -66.650541 -77.292800 -87.150100 -94.208765 -98.205910 -102.627437 -107.349640 -113.191014
-9999.0 -604.434592 -593.732840 -602.740432 -590.165260 -579.709233 -581.660513 -565.563560 -545.005099 -536.605573 -461.363082 -397.745448 -336.858224 -293.264157 -259.050379 -221.548632 -195.772309 -169.081169 -134.821748 -95.955453 11.608660 27.806564 28.528211 28.878255 20.676729 20.651258 11.783015 -7.776824 -18.019683 -24.692881 -23.145962 -20.722621 -9.321124 -3.215124 -5.536114 -7.568839 -43.447242 -53.447672 -58.678216 -66.795648 -74.212013 -79.135736 -79.792603 -74.627426 -80.626719 -86.948991 -99.119757 -110.189768 -120.674531 -130.533902 -140.140910 -148.343394 -152.243783 -158.141605 -159.547929 -166.083594
-9999.0 -610.907349 -603.273744 -597.563064 -586.630212 -579.062178 -571.276738 -553.071777 -505.285514 -436.407068 -380.914457 -350.021703 -300.320899 -244.204206 -187.645108 -157.434047 -141.139272 -134.456679 -124.147380 -113.524299 -110.861198 -54.958685 -41.624599 -21.818336 -16.934581 -15.557116 -65.415351 -84.112164 -92.659586 -93.900795 -94.460654 -94.249903 -93.343550 -94.431526 -98.453333 -100.099072 -103.227379 -111.706107 -119.926466 -127.134069 -133.345854 -140.513300 -145.447331 -148.020136 -150.935176 -152.808083 -161.954621 -173.355878 -184.329675 -192.961769 -201.462502 -208.108371 -210.420086 -214.645380 -219.907337 -229.094436
-9999.0 -625.584609 -600.580565 -597.597908 -591.085844 -589.290671 -587.690812 -574.710455 -552.082929 -445.782198 -327.198237 -314.178653 -297.302864 -265.529096 -211.903014 -163.416118 -157.441744 -184.738611 -204.290031 -211.077005 -200.918116 -179.185117 -160.170744 -138.131996 -123.707141 -118.374874 -126.791413 -138.950634 -153.050664 -160.077792 -163.248377 -169.815198 -174.849019 -175.256593 -177.985632 -174.942562 -173.883036 -183.978575 -195.944116 -209.354636 -220.873657 -229.289218 -232.230609 -231.888250 -232.787817 -236.003787 -243.395011 -252.968387 -264.343050 -274.421576 -282.236861 -287.583468 -292.714308 -299.542040 -307.069079 -315.046792
-9999.0 -9999.0 -611.834063 -597.511916 -595.757846 -593.731022 -591.949858 -581.847314 -570.697540 -524.945164 -445.923092 -401.048422 -373.122906 -342.333528 -298.405042 -261.378011 -256.353765 -250.867256 -273.616952 -272.763918 -266.617342 -258.555906 -246.473924 -232.969678 -220.905367 -214.243472 -212.082443 -215.189879 -224.386165 -237.740804 -252.365742 -263.320745 -270.300348 -275.306187 -269.525467 -260.904471 -262.692867 -268.909796 -278.824747 -291.463605 -301.792520 -311.934321 -314.388552 -313.347459 -313.349328 -315.846725 -320.366196 -330.728847 -341.453667 -352.317339 -357.626218 -362.668541 -367.479379 -375.579452 -383.514246 -391.802461
-9999.0 -9999.0 -628.117596 -604.900165 -595.234176 -588.584403 -589.698271 -588.584416 -573.846209 -566.468500 -553.636391 -530.266015 -500.989298 -454.200258 -421.725941 -394.673723 -383.008237 -377.577609 -378.000796 -372.055705 -358.248920 -343.645983 -332.901891 -322.614928 -312.966864 -305.299769 -298.700518 -306.972339 -315.392409 -327.862094 -343.538724 -360.723956 -369.873618 -374.802734 -371.725489 -366.120018 -369.725556 -376.870682 -386.207927 -396.329547 -403.328632 -409.856816 -411.482610 -411.985538 -412.020854 -413.483442 -415.885479 -423.674556 -436.339588 -448.026829 -457.998401 -466.748792 -472.139040 -482.173422 -493.576880 -501.452161
