tests/Borden05m/sims/sim_1/output-maps/psiliqL0013N0018.asc
ncols         160
nrows         34
xllcorner     620200.000000
yllcorner     5168000.000000
cellsize      0.500000
NODATA_value  -9999.0
[rows 0 to 24 of 34, columns 0 to 55 of 160]
-9999.0 -9999.0 -9999.0 -9999.0 -9999.0 -9999.0 -9999.0 -9999.0 -9999.0 -9999.0 -9999.0 -9999.0 -9999.0 -9999.0 -9999.0 -9999.0 -9999.0 -9999.0 -9999.0 -9999.0 -9999.0 -9999.0 -9999.0 -9999.0 -9999.0 -9999.0 -9999.0 -9999.0 -9999.0 -9999.0 -9999.0 -9999.0 -9999.0 -9999.0 -9999.0 -9999.0 -9999.0 -9999.0 -9999.0 -9999.0 -9999.0 -9999.0 -9999.0 -9999.0 -9999.0 -9999.0 -9999.0 -9999.0 -9999.0 -9999.0 -9999.0 -9999.0 -9999.0 -9999.0 -9999.0 -9999.0
-9999.0 -9999.0 -9999.0 -9999.0 -9999.0 -9999.0 -9999.0 -9999.0 -9999.0 -9999.0 -9999.0 -9999.0 -9999.0 -9999.0 -9999.0 -9999.0 -9999.0 -9999.0 -9999.0 -9999.0 -9999.0 -9999.0 -9999.0 -9999.0 -9999.0 -9999.0 -9999.0 -9999.0 -9999.0 -9999.0 -9999.0 -9999.0 -9999.0 -9999.0 -9999.0 -9999.0 -9999.0 -9999.0 -9999.0 -9999.0 -9999.0 -9999.0 -9999.0 -9999.0 -9999.0 -9999.0 -9999.0 -9999.0 -9999.0 -9999.0 -9999.0 -9999.0 -9999.0 -9999.0 -9999.0 -9999.0
-9999.0 -9999.0 -9999.0 -9999.0 -9999.0 -9999.0 -9999.0 -9999.0 -9999.0 -9999.0 -9999.0 -9999.0 -9999.0 -9999.0 -9999.0 -9999.0 -9999.0 -9999.0 -9999.0 -9999.0 -9999.0 -9999.0 -9999.0 -9999.0 -9999.0 -9999.0 -9999.0 -9999.0 -9999.0 -9999.0 -9999.0 -9999.0 -9999.0 -9999.0 -9999.0 -9999.0 -9999.0 -9999.0 -9999.0 -9999.0 -9999.0 -9999.0 -9999.0 -9999.0 -9999.0 -9999.0 -9999.0 695.091443 677.852911 662.261570 660.078017 682.704494 706.216385 730.148027 750.882659 769.662682
-9999.0 -9999.0 -9999.0 -9999.0 -9999.0 -9999.0 -9999.0 -9999.0 -9999.0 -9999.0 -9999.0 -9999.0 -9999.0 -9999.0 -9999.0 -9999.0 -9999.0 -9999.0 -9999.0 -9999.0 -9999.0 -9999.0 -9999.0 -9999.0 -9999.0 -9999.0 -9999.0 -9999.0 -9999.0 -9999.0 -9999.0 -9999.0 -9999.0 -9999.0 -9999.0 -9999.0 -9999.0 -9999.0 -9999.0 -9999.0 742.422847 748.389385 749.688735 739.320021 728.239380 716.165944 696.288051 678.619664 663.877947 661.500625 664.328994 669.574545 692.303924 717.126584 736.984124 754.225000
-9999.0 -9999.0 -9999.0 -9999.0 -9999.0 -9999.0 -9999.0 -9999.0 -9999.0 -9999.0 -9999.0 -9999.0 -9999.0 -9999.0 -9999.0 -9999.0 -9999.0 -9999.0 -9999.0 -9999.0 -9999.0 -9999.0 -9999.0 -9999.0 -9999.0 -9999.0 -9999.0 -9999.0 -9999.0 -9999.0 -9999.0 -9999.0 -9999.0 -9999.0 649.668357 667.201143 685.420015 703.964501 720.827083 727.708194 733.615052 739.452741 735.477983 730.983679 719.814100 700.882736 681.543667 667.885074 665.929624 663.665030 668.172957 681.240950 698.231303 714.650892 735.828387 759.616122
-9999.0 -9999.0 -9999.0 -9999.0 -9999.0 -9999.0 -9999.0 -9999.0 -9999.0 -9999.0 -9999.0 -9999.0 -9999.0 -9999.0 -9999.0 -9999.0 -9999.0 -9999.0 -9999.0 -9999.0 -9999.0 -9999.0 -9999.0 -9999.0 -9999.0 -9999.0 -9999.0 -9999.0 653.106720 647.336645 642.485267 641.221006 640.153044 639.259165 646.289083 658.532480 676.754465 698.610829 711.753614 719.153326 725.961063 726.879908 722.052065 720.247902 720.781504 709.181999 697.737236 687.049615 676.761272 675.476851 685.283767 699.638094 716.110068 731.263591 747.016003 758.288343
-9999.0 -9999.0 -9999.0 -9999.0 -9999.0 -9999.0 -9999.0 -9999.0 -9999.0 -9999.0 -9999.0 -9999.0 -9999.0 -9999.0 -9999.0 -9999.0 -9999.0 -9999.0 -9999.0 -9999.0 -9999.0 -9999.0 -9999.0 622.650555 628.566715 635.256047 642.904118 644.032966 640.166907 634.781210 631.985088 630.745573 629.313439 634.046062 642.392558 656.216036 672.286946 694.378981 703.222436 709.597430 722.076509 725.006408 730.874290 735.170484 733.688327 731.084313 718.876544 709.883961 715.240844 721.399541 728.440131 736.673843 750.361563 766.117946 783.908500 804.589140
-9999.0 -9999.0 -9999.0 -9999.0 -9999.0 -9999.0 -9999.0 -9999.0 -9999.0 -9999.0 -9999.0 -9999.0 -9999.0 -9999.0 -9999.0 -9999.0 -9999.0 -9999.0 -9999.0 597.189494 598.187420 599.488932 604.327341 605.336955 607.666868 614.855534 623.226901 625.799359 624.357054 623.183547 625.015360 628.037648 632.702707 644.349006 658.496224 673.011854 687.260772 708.492110 723.603330 737.578210 753.919447 753.467571 749.688259 748.104421 748.893001 749.488908 754.195880 757.410074 763.965865 769.211114 776.043290 785.730157 797.575924 816.341755 836.800256 857.264856
-9999.0 -9999.0 -9999.0 -9999.0 -9999.0 -9999.0 -9999.0 -9999.0 -9999.0 -9999.0 -9999.0 -9999.0 -9999.0 -9999.0 -9999.0 -9999.0 568.283409 570.214090 572.525955 578.050013 581.012709 585.166807 592.281949 593.698528 597.708683 605.086548 610.265539 619.318771 627.655423 635.330751 641.679261 644.776560 652.701853 662.781314 675.115511 690.900240 712.929219 736.434470 753.194723 770.484641 787.984620 788.993918 788.302932 789.822529 790.769353 797.828167 815.897150 822.292468 824.442443 841.833481 856.432805 862.153580 870.349678 889.855988 914.199050 938.633368
-9999.0 -9999.0 -9999.0 -9999.0 -9999.0 -9999.0 -9999.0 -9999.0 -9999.0 -9999.0 -9999.0 -9999.0 -9999.0 522.175646 526.391761 535.969188 545.114109 547.705598 552.065421 558.217074 570.595334 574.413251 580.872326 588.707694 600.754286 609.649968 619.168222 631.371536 640.220993 647.921093 655.484227 661.848428 675.754335 691.600225 707.987681 728.837012 751.403919 772.723896 794.012609 810.391263 824.868144 827.751158 827.152824 829.890562 838.197583 856.158338 875.733919 886.213052 905.850268 929.754667 944.107696 956.708933 966.094325 979.927054 1001.563767 1036.602157
-9999.0 -9999.0 -9999.0 -9999.0 -9999.0 -9999.0 -9999.0 -9999.0 -9999.0 -9999.0 488.542527 490.986895 487.660703 487.748659 492.839772 504.999304 518.711126 525.512919 537.180366 558.201271 576.051654 579.828711 594.713392 605.173394 612.241169 623.199489 636.793503 650.168639 667.692381 680.914459 693.505749 714.086408 731.393838 748.758183 767.379908 788.432325 809.446171 839.240014 867.336895 881.499903 905.095050 917.572625 915.431976 916.219702 925.628628 942.780779 965.462270 990.514773 1013.417920 1039.863443 1058.640214 1073.689597 1085.040575 1097.985692 1114.135594 1148.871048
-9999.0 -9999.0 -9999.0 -9999.0 -9999.0 -9999.0 -9999.0 -9999.0 464.059809 471.319724 477.567678 474.670437 470.239040 466.611190 480.274530 496.230787 512.408734 530.051359 546.263840 564.631911 580.316710 597.003954 617.083011 629.249317 641.438319 657.257462 671.557010 689.603445 711.752380 725.951397 744.327590 766.970446 786.956470 806.163461 826.029498 845.486532 873.678199 908.630065 941.922767 966.291565 995.202634 1019.474169 1019.845021 1023.230481 1028.410753 1054.810409 1084.985376 1116.236388 1142.655623 1170.747464 1200.549600 1218.629405 1229.581794 1242.408500 1257.800732 1276.090796
-9999.0 -9999.0 -9999.0 -9999.0 -9999.0 -9999.0 437.269003 461.517720 476.534770 468.762721 459.419179 455.978692 452.212194 474.685044 496.610276 513.922848 530.988438 548.808565 565.626899 579.463009 613.983110 631.933388 647.013435 666.085720 681.169430 696.333306 714.562177 738.927059 762.196521 793.902313 822.175721 848.373138 876.210559 897.452720 917.679878 937.611050 970.317566 1008.813731 1046.434707 1076.388667 1104.349720 1135.172264 1143.342514 1149.612551 1157.394553 1178.058237 1209.376706 1239.754560 1273.670231 1305.868658 1332.361561 1344.370886 1354.843510 1366.218175 1379.671313 1392.130520
-9999.0 -9999.0 -9999.0 -9999.0 403.813594 424.779730 445.027174 475.832847 498.506917 493.553603 500.548813 500.974923 499.480243 503.166528 510.069575 528.342293 546.992913 565.951359 584.452498 620.611766 664.694089 681.249507 706.959140 739.748001 754.343892 770.398880 787.439713 811.638963 840.390408 875.812609 921.941218 961.428084 988.990480 1013.405852 1035.771188 1059.051416 1093.444922 1131.481040 1168.645334 1203.163053 1233.296854 1258.931414 1272.129813 1280.293079 1292.204792 1308.303929 1329.269121 1356.232364 1386.906242 1418.690872 1443.734721 1457.662658 1465.642593 1476.155358 1486.691513 1498.869078
-9999.0 -9999.0 -9999.0 355.068671 393.735885 431.367761 458.631245 489.692422 521.831949 527.155842 536.182904 541.780682 547.363550 556.295641 565.529056 582.708863 598.670385 614.175469 636.516259 673.930965 710.089908 741.912720 775.000931 803.580492 825.714205 842.484388 861.605586 886.822294 927.872084 967.340356 1019.127815 1073.520352 1111.567884 1137.014987 1159.521567 1186.875221 1211.865377 1247.633614 1282.352530 1315.183909 1346.569007 1371.219836 1390.245891 1398.164939 1407.573928 1416.325123 1432.701919 1453.922260 1475.471285 1503.836737 1531.786820 1555.617890 1569.165262 1578.783120 1594.351971 1609.949087
-9999.0 -9999.0 308.094431 345.700009 380.213268 430.961924 483.939163 518.269384 559.361882 583.857318 591.100991 608.963788 625.633323 633.558450 649.801138 667.336153 684.220018 690.632849 707.111131 739.809393 791.572231 839.032984 863.913477 916.580082 950.232283 977.155766 994.521076 1021.483022 1057.062526 1100.123969 1149.652850 1200.024241 1239.344496 1271.075855 1287.818557 1307.086044 1329.758114 1353.187812 1386.294069 1414.957622 1445.535272 1471.242096 1492.998661 1500.524529 1505.694414 1521.089346 1544.478078 1569.176535 1592.620406 1615.220398 1621.050907 1631.262325 1636.208813 1639.272525 1643.492749 1646.490269
-9999.0 -9999.0 281.877449 326.586387 367.716839 435.385980 514.187036 551.808708 595.162807 641.048668 660.357893 685.138321 699.479370 711.758549 735.589595 758.680547 769.463578 775.933779 776.531567 832.717919 892.174737 946.549460 998.887284 1063.618578 1107.059726 1121.973995 1133.442114 1153.883250 1179.262469 1223.307538 1272.266487 1325.211509 1369.389377 1400.645948 1417.142486 1435.097058 1455.128622 1472.823842 1491.403933 1529.039452 1554.832975 1579.606048 1605.560848 1625.452805 1633.625023 1636.769172 1628.064289 1636.347263 1642.123859 1644.955354 1646.180658 1643.275495 1642.922624 1643.824845 1644.940722 1640.014196
-9999.0 193.647422 245.775512 299.384198 368.973962 437.160031 521.585628 602.269276 657.946119 704.561928 734.304106 749.282138 790.749398 835.040139 861.261308 888.658777 890.955669 895.215810 886.967153 934.896411 986.712208 1064.027395 1172.859667 1227.179622 1267.312795 1268.877410 1264.113822 1277.162906 1302.055347 1345.765074 1412.088809 1459.450789 1511.599399 1550.934933 1566.189845 1573.217304 1590.547386 1610.022813 1602.394479 1622.042118 1631.324488 1639.243234 1641.423949 1643.526647 1644.904763 1645.398997 1642.482406 1636.345788 1628.694668 1623.145930 1619.076828 1614.487805 1616.783136 1619.862619 1620.461206 1613.327274
-9999.0 158.591356 218.383535 290.368295 362.004340 433.017982 539.585608 679.297672 731.949634 769.548486 795.234662 824.411870 904.106425 969.709343 1004.014135 1046.930681 1042.579859 1032.961181 1023.571093 1057.853358 1108.962863 1182.319056 1317.330234 1397.624848 1419.904880 1429.510036 1436.223587 1461.870890 1497.772596 1533.850391 1567.435263 1574.375463 1600.091071 1613.933773 1619.451138 1622.572523 1627.047188 1628.503330 1627.517484 1624.949402 1621.286360 1622.361334 1627.078135 1627.479419 1625.052445 1622.081397 1616.414720 1608.538987 1602.449796 1597.156938 1593.754991 1590.191881 1588.172884 1587.838993 1583.160307 1577.024917
-9999.0 130.513525 201.236599 265.645938 333.618814 451.739160 577.314866 711.734121 804.549112 843.562815 874.053726 947.482008 1045.555838 1136.986488 1185.999068 1210.371291 1214.292176 1197.825402 1205.375057 1250.830047 1315.191606 1401.840857 1484.490112 1554.536423 1565.165072 1567.118087 1549.684112 1561.797060 1574.533253 1580.447699 1586.584661 1594.324813 1604.026552 1610.495239 1612.208480 1611.613439 1608.730612 1602.312029 1598.448476 1595.973079 1593.080732 1593.145149 1596.172934 1597.362289 1594.658630 1590.379034 1585.242015 1578.793232 1571.813818 1564.325392 1559.578559 1554.891626 1552.124130 1546.830276 1541.873817 1535.293573
-9999.0 34.672947 121.804669 179.163174 300.274539 472.441182 599.097242 751.177562 895.090066 937.912724 1017.097821 1131.623146 1231.119926 1300.007598 1338.966666 1379.199804 1407.389673 1431.740886 1466.919667 1438.300287 1492.587841 1544.498717 1566.584441 1576.619454 1575.995247 1576.034439 1568.148492 1550.421616 1542.766825 1539.973523 1546.291942 1558.251925 1568.027151 1576.965510 1577.414880 1579.507223 1580.506721 1577.833952 1574.776882 1567.150998 1559.919722 1554.519787 1552.997584 1558.094782 1552.823743 1548.998476 1542.414777 1533.793709 1524.485977 1516.103511 1507.793659 1500.489219 1497.098747 1490.994535 1488.847342 1480.130626
-9999.0 -46.215681 31.403382 125.562141 268.305777 433.012835 568.712372 738.367825 942.383214 1056.108364 1173.091103 1239.895499 1309.599558 1368.971007 1428.870905 1471.287635 1494.284913 1504.460106 1498.867127 1510.675306 1484.082415 1480.867771 1499.468122 1525.000682 1536.516194 1539.311507 1530.633364 1520.858077 1515.791227 1517.685412 1520.049918 1522.510110 1524.441815 1525.230650 1524.129582 1527.174346 1532.336173 1526.946583 1519.076774 1511.405362 1504.340628 1496.287229 1490.867633 1487.396632 1485.728263 1484.900384 1476.957263 1466.153518 1455.142570 1446.449385 1438.237882 1432.058239 1429.012992 1423.591136 1415.399076 1402.865822
-9999.0 -141.289656 -21.752894 75.379341 202.025199 340.811165 471.698784 638.561692 791.656569 1007.817259 1166.494512 1258.502752 1295.884684 1349.263724 1406.491523 1469.028157 1473.796839 1446.517755 1418.083079 1406.667133 1414.384094 1426.291786 1440.790254 1460.278142 1476.415606 1484.766602 1486.079184 1478.964847 1466.870794 1459.863233 1456.020425 1449.273249 1444.951791 1445.957245 1447.888723 1455.607369 1458.478624 1449.902531 1437.528229 1422.076321 1408.466886 1398.129604 1395.110040 1396.094626 1395.671396 1391.785409 1384.599667 1373.900688 1361.204106 1349.316959 1341.499278 1335.673938 1328.551808 1318.492197 1307.302649 1294.647539
-9999.0 -9999.0 -95.317338 16.492043 127.649141 253.181940 373.735947 522.364392 675.575381 859.069996 976.310257 1097.671803 1164.536514 1207.816489 1256.450608 1308.159225 1325.106842 1343.004442 1327.063821 1332.580648 1340.693471 1348.134671 1358.678087 1370.371459 1382.914272 1391.984888 1398.962023 1397.203036 1389.115386 1373.905423 1356.089261 1343.000613 1336.148175 1330.919618 1340.837232 1352.543484 1350.241500 1343.976002 1332.481355 1317.210747 1304.414635 1290.911427 1287.032190 1287.121422 1286.838262 1283.603726 1278.742069 1265.858120 1252.872798 1240.770411 1234.933695 1228.543469 1222.760282 1211.732304 1199.966514 1186.938478
-9999.0 -9999.0 -178.973207 -69.066165 48.083755 173.197695 277.019960 362.777560 518.514386 637.302885 740.984293 836.425232 915.013183 975.235772 1017.962130 1076.304226 1114.021579 1129.348910 1147.397769 1175.167820 1200.753965 1227.639574 1245.504842 1258.185218 1271.640535 1284.186786 1292.666084 1281.736861 1271.726446 1256.545627 1237.176999 1216.082877 1205.591375 1202.722920 1205.878929 1211.666197 1206.517067 1197.298082 1183.378516 1167.922983 1155.021432 1143.526384 1139.244770 1135.813326 1134.260989 1131.104473 1127.633797 1118.832419 1107.380355 1099.427083 1091.047169 1084.785843 1081.404859 1074.353415 1064.901429 1058.278602
