tests/Borden05m/sims/sim_1/output-maps/psiliqL0013N0008.asc
ncols         160
nrows         34
xllcorner     620200.000000
yllcorner     5168000.000000
cellsize      0.500000
NODATA_value  -9999.0
[rows 0 to 24 of 34, columns 0 to 55 of 160]
-9999.0 -9999.0 -9999.0 -9999.0 -9999.0 -9999.0 -9999.0 -9999.0 -9999.0 -9999.0 -9999.0 -9999.0 -9999.0 -9999.0 -9999.0 -9999.0 -9999.0 -9999.0 -9999.0 -9999.0 -9999.0 -9999.0 -9999.0 -9999.0 -9999.0 -9999.0 -9999.0 -9999.0 -9999.0 -9999.0 -9999.0 -9999.0 -9999.0 -9999.0 -9999.0 -9999.0 -9999.0 -9999.0 -9999.0 -9999.0 -9999.0 -9999.0 -9999.0 -9999.0 -9999.0 -9999.0 -9999.0 -9999.0 -9999.0 -9999.0 -9999.0 -9999.0 -9999.0 -9999.0 -9999.0 -9999.0
-9999.0 -9999.0 -9999.0 -9999.0 -9999.0 -9999.0 -9999.0 -9999.0 -9999.0 -9999.0 -9999.0 -9999.0 -9999.0 -9999.0 -9999.0 -9999.0 -9999.0 -9999.0 -9999.0 -9999.0 -9999.0 -9999.0 -9999.0 -9999.0 -9999.0 -9999.0 -9999.0 -9999.0 -9999.0 -9999.0 -9999.0 -9999.0 -9999.0 -9999.0 -9999.0 -9999.0 -9999.0 -9999.0 -9999.0 -9999.0 -9999.0 -9999.0 -9999.0 -9999.0 -9999.0 -9999.0 -9999.0 -9999.0 -9999.0 -9999.0 -9999.0 -9999.0 -9999.0 -9999.0 -9999.0 -9999.0
-9999.0 -9999.0 -9999.0 -9999.0 -9999.0 -9999.0 -9999.0 -9999.0 -9999.0 -9999.0 -9999.0 -9999.0 -9999.0 -9999.0 -9999.0 -9999.0 -9999.0 -9999.0 -9999.0 -9999.0 -9999.0 -9999.0 -9999.0 -9999.0 -9999.0 -9999.0 -9999.0 -9999.0 -9999.0 -9999.0 -9999.0 -9999.0 -9999.0 -9999.0 -9999.0 -9999.0 -9999.0 -9999.0 -9999.0 -9999.0 -9999.0 -9999.0 -9999.0 -9999.0 -9999.0 -9999.0 -9999.0 696.833024 679.608631 664.065793 661.974860 684.737150 708.409578 732.502123 753.377868 772.267509
-9999.0 -9999.0 -9999.0 -9999.0 -9999.0 -9999.0 -9999.0 -9999.0 -9999.0 -9999.0 -9999.0 -9999.0 -9999.0 -9999.0 -9999.0 -9999.0 -9999.0 -9999.0 -9999.0 -9999.0 -9999.0 -9999.0 -9999.0 -9999.0 -9999.0 -9999.0 -9999.0 -9999.0 -9999.0 -9999.0 -9999.0 -9999.0 -9999.0 -9999.0 -9999.0 -9999.0 -9999.0 -9999.0 -9999.0 -9999.0 744.129086 750.154613 751.536946 741.254395 730.247729 718.222032 698.350366 680.617256 665.894396 663.586184 666.527186 671.923520 694.828870 719.829530 739.847239 757.218444
-9999.0 -9999.0 -9999.0 -9999.0 -9999.0 -9999.0 -9999.0 -9999.0 -9999.0 -9999.0 -9999.0 -9999.0 -9999.0 -9999.0 -9999.0 -9999.0 -9999.0 -9999.0 -9999.0 -9999.0 -9999.0 -9999.0 -9999.0 -9999.0 -9999.0 -9999.0 -9999.0 -9999.0 -9999.0 -9999.0 -9999.0 -9999.0 -9999.0 -9999.0 650.829126 668.445139 686.796970 705.498033 722.515603 729.525678 735.500363 741.436349 737.574308 733.194492 722.129054 703.281212 684.002691 670.391686 668.518197 666.373676 671.038979 684.296445 701.496238 718.127256 739.502487 763.462129
-9999.0 -9999.0 -9999.0 -9999.0 -9999.0 -9999.0 -9999.0 -9999.0 -9999.0 -9999.0 -9999.0 -9999.0 -9999.0 -9999.0 -9999.0 -9999.0 -9999.0 -9999.0 -9999.0 -9999.0 -9999.0 -9999.0 -9999.0 -9999.0 -9999.0 -9999.0 -9999.0 -9999.0 654.084509 648.338046 643.532578 642.332304 641.339833 640.522961 647.607434 659.967577 678.350659 700.392523 713.723133 721.299215 728.266475 729.349626 724.692681 723.062044 723.763958 712.320298 701.021547 690.482702 680.365951 679.282758 689.320367 703.928631 720.669087 736.094413 752.111909 763.631689
-9999.0 -9999.0 -9999.0 -9999.0 -9999.0 -9999.0 -9999.0 -9999.0 -9999.0 -9999.0 -9999.0 -9999.0 -9999.0 -9999.0 -9999.0 -9999.0 -9999.0 -9999.0 -9999.0 -9999.0 -9999.0 -9999.0 -9999.0 623.674769 629.610625 636.335318 644.023012 645.178653 641.299435 635.949189 633.217287 632.063995 630.736732 635.591397 644.077521 658.080615 674.368962 696.703775 705.796674 712.420366 725.147293 728.329205 734.458311 739.023782 737.813732 735.481222 723.547284 714.843277 720.514806 727.006432 734.391024 742.978679 757.035025 773.177584 791.371529 812.461662
-9999.0 -9999.0 -9999.0 -9999.0 -9999.0 -9999.0 -9999.0 -9999.0 -9999.0 -9999.0 -9999.0 -9999.0 -9999.0 -9999.0 -9999.0 -9999.0 -9999.0 -9999.0 -9999.0 598.354206 599.361566 600.679086 605.527345 606.513059 608.871225 616.113002 624.548170 627.184946 625.804204 624.713782 626.653469 629.809436 634.636538 646.476628 660.852010 675.636085 690.191339 711.757345 727.216119 741.546413 758.251717 758.175893 754.792788 753.626571 754.850603 755.898718 761.083371 764.810742 771.911728 777.708068 785.079275 795.298151 807.696635 827.074806 848.228428 869.454152
-9999.0 -9999.0 -9999.0 -9999.0 -9999.0 -9999.0 -9999.0 -9999.0 -9999.0 -9999.0 -9999.0 -9999.0 -9999.0 -9999.0 -9999.0 -9999.0 569.605345 571.547746 573.865773 579.362464 582.344955 586.538558 593.702007 595.170499 599.257152 606.732432 612.023204 621.198839 629.668438 637.496032 644.022914 647.331345 655.509245 665.887470 678.569084 694.751269 717.224246 741.209359 758.472526 776.284206 794.327551 795.912232 795.843309 798.030188 799.682518 807.489754 826.374273 833.667848 836.784618 855.148032 870.653845 877.219505 886.292197 906.831235 932.456487 958.402044
-9999.0 -9999.0 -9999.0 -9999.0 -9999.0 -9999.0 -9999.0 -9999.0 -9999.0 -9999.0 -9999.0 -9999.0 -9999.0 523.537571 527.796545 537.421215 546.575866 549.204757 553.610037 559.809877 572.258720 576.166998 582.735596 590.698786 602.896139 611.963864 621.673025 634.085001 643.161343 651.112377 658.960900 665.657897 679.957933 696.264973 713.181012 734.627209 757.858195 779.905400 801.972760 819.166589 834.498964 838.302955 838.717053 842.550731 852.026096 871.235687 892.200774 904.279993 925.709107 951.367398 967.261559 981.231684 991.991884 1007.486097 1031.338273 1069.151390
-9999.0 -9999.0 -9999.0 -9999.0 -9999.0 -9999.0 -9999.0 -9999.0 -9999.0 -9999.0 489.798897 492.310701 489.068996 489.223193 494.404357 506.662060 520.465487 527.365149 539.140063 560.283246 578.278748 582.227060 597.315056 608.008757 615.339239 626.587986 640.497472 654.212730 672.104910 685.729184 698.773610 719.881950 737.808255 755.894145 775.340552 797.325239 819.397920 850.397087 879.816019 895.359646 920.410497 934.451467 934.004709 936.610397 947.943088 967.131232 992.121937 1019.935902 1045.945657 1075.345416 1096.540186 1113.538626 1126.724853 1141.871994 1161.005986 1199.485987
-9999.0 -9999.0 -9999.0 -9999.0 -9999.0 -9999.0 -9999.0 -9999.0 465.203091 472.558553 478.916456 476.149666 471.861913 468.386165 482.217793 498.348513 514.699349 532.518113 548.919212 567.501749 583.438860 600.423975 620.854150 633.421924 646.056108 662.356388 677.165872 695.753884 718.485363 733.321698 752.419151 775.904994 796.897213 817.291115 838.513507 859.506456 889.491519 926.557035 962.208272 988.999096 1020.387298 1047.266261 1050.360512 1056.602059 1064.721535 1094.142017 1127.612949 1162.721412 1193.406501 1225.282397 1257.864780 1277.859188 1290.354132 1304.888745 1322.517493 1343.459047
-9999.0 -9999.0 -9999.0 -9999.0 -9999.0 -9999.0 438.182326 462.566079 477.755037 470.172572 461.039808 457.831265 454.313480 477.053437 499.254446 516.840485 534.174400 552.267206 569.382358 583.565318 618.506519 636.956097 652.628592 672.383920 688.216293 704.168915 723.214218 748.433177 772.629204 805.391778 834.883373 862.512697 892.089359 915.386312 937.922484 960.411780 996.118238 1038.215984 1079.823988 1113.628682 1145.244450 1179.696953 1191.472523 1201.376986 1212.740048 1236.659782 1271.061596 1304.593653 1341.676800 1376.457566 1404.623257 1417.595750 1428.699614 1440.712971 1455.001931 1468.395758
-9999.0 -9999.0 -9999.0 -9999.0 404.439660 425.524482 445.963630 477.007195 499.968144 495.340864 502.704616 503.531424 502.455611 506.567333 513.889575 532.569216 551.613590 570.973648 589.925937 626.638088 671.406134 688.792742 715.515861 749.488107 765.368681 782.743303 801.103360 826.661542 856.927314 894.152893 942.438704 984.422934 1014.945131 1042.802461 1068.869208 1095.992125 1134.670499 1177.690570 1220.075010 1259.067238 1292.811916 1321.521012 1337.567864 1348.536541 1363.157842 1381.545944 1404.319428 1432.742333 1464.532603 1496.927856 1522.086210 1535.846169 1543.569970 1553.853711 1564.212299 1576.175179
-9999.0 -9999.0 -9999.0 355.571970 394.352942 432.169085 459.703350 491.122733 523.710036 529.565564 539.207995 545.485367 551.777370 561.410205 571.306364 589.098392 605.630290 621.709800 644.716204 682.975335 720.222894 753.442900 788.288366 818.960498 843.384424 862.426402 883.719212 911.095750 954.583950 997.010171 1052.302587 1110.521617 1152.817946 1182.919939 1210.078390 1241.709351 1270.788537 1310.779924 1349.568121 1385.606829 1419.227217 1445.417199 1465.684383 1474.819397 1485.450514 1495.154102 1512.050205 1533.375329 1554.656494 1582.412632 1609.586513 1632.679199 1645.603647 1654.707130 1669.826015 1684.990747
-9999.0 -9999.0 308.473274 346.180974 380.861050 431.873694 485.239670 520.093269 561.869001 587.221091 595.491763 614.523421 632.420728 641.531414 658.860595 677.341184 695.049879 702.253681 719.674243 753.642729 807.180661 857.056017 885.047923 941.541750 979.297771 1010.094353 1030.860045 1060.923501 1099.749090 1146.635248 1200.307552 1254.440163 1297.349144 1332.755207 1353.043386 1375.397840 1400.705909 1426.454076 1461.540948 1491.560107 1522.813039 1548.670582 1570.386854 1577.948270 1583.319658 1598.847486 1622.141694 1646.517078 1669.452582 1691.422495 1696.609043 1706.286574 1710.829656 1713.606206 1717.637707 1720.540102
-9999.0 -9999.0 282.232713 327.068098 368.422930 436.451843 515.795691 554.172064 598.562414 645.831782 666.881660 693.706660 710.217950 724.559773 750.206286 774.770182 786.701394 794.212051 796.094418 854.216349 916.525455 974.949316 1032.510579 1103.311147 1153.042237 1173.461067 1189.360706 1213.215170 1241.364174 1287.908842 1338.997493 1393.448645 1438.906136 1471.572943 1489.610510 1508.955448 1530.057725 1548.512941 1567.625919 1605.490499 1631.196833 1655.580030 1681.097548 1700.717179 1708.864736 1712.090336 1703.444276 1711.750380 1717.529934 1720.357324 1721.576709 1718.696645 1718.419461 1719.473424 1720.855129 1716.351462
-9999.0 193.832940 246.072912 299.866349 369.751677 438.406544 523.564309 605.328747 662.570438 711.413353 744.129835 762.740322 808.197080 856.218123 885.526574 915.243228 919.067153 924.537408 917.855842 968.410217 1024.175641 1107.054804 1222.594047 1283.749559 1330.569646 1337.919654 1337.549097 1353.461147 1379.799791 1423.744102 1489.326147 1535.407668 1586.459154 1625.235256 1640.460699 1647.733807 1665.328695 1684.986774 1677.481921 1697.188676 1706.410873 1714.099626 1716.023735 1718.052902 1719.645158 1720.572763 1718.212184 1712.731260 1705.836794 1701.097845 1697.783562 1693.860430 1696.757199 1700.447388 1701.759946 1695.530179
-9999.0 158.750031 218.650785 290.854834 362.851288 434.451948 541.969379 683.183628 738.154244 779.322511 810.094398 845.750653 932.637817 1004.667176 1043.930725 1090.265020 1087.734154 1079.191533 1071.294819 1108.240471 1162.988187 1240.822392 1381.240838 1467.316632 1495.470253 1510.410552 1521.120268 1548.978712 1585.230342 1619.970274 1650.984770 1655.010785 1678.267324 1690.450023 1695.121746 1697.982813 1702.498667 1704.134751 1703.425998 1701.193002 1697.833805 1699.055574 1703.825317 1704.466627 1702.628461 1700.555172 1695.993731 1689.400260 1684.761924 1680.993987 1678.993275 1676.630127 1675.640040 1676.262722 1672.591788 1667.605174
-9999.0 130.620286 201.464071 266.113757 334.508245 453.340521 580.079694 716.468276 812.638944 857.279451 896.213184 980.447913 1089.917075 1190.766081 1246.146956 1274.186818 1279.890934 1264.142951 1272.341436 1318.855408 1384.562288 1473.055658 1558.567210 1632.695548 1648.307289 1655.161698 1641.497130 1655.614811 1668.426206 1672.628120 1675.736962 1680.016343 1686.683853 1690.966575 1691.481387 1690.491937 1687.701957 1681.670106 1678.399592 1676.650494 1674.473558 1675.031813 1678.364470 1680.022640 1678.173754 1675.106379 1671.419150 1666.610551 1661.429989 1655.788498 1652.741931 1649.510556 1647.960673 1643.729264 1639.774061 1634.197546
-9999.0 34.657995 121.941605 179.560475 301.158696 474.136006 602.131719 756.643699 905.143978 956.243818 1047.993419 1177.317603 1290.577962 1369.768914 1415.224620 1458.998175 1488.773760 1513.588951 1548.614240 1519.528521 1573.234510 1625.166330 1648.590919 1661.515162 1665.073312 1669.595060 1665.313907 1649.627597 1642.208331 1637.934778 1641.482408 1650.129146 1656.828993 1663.426748 1662.572074 1664.269167 1665.458930 1663.365985 1661.158942 1654.530122 1648.247874 1643.532047 1642.441061 1648.014616 1643.517452 1640.786057 1635.546354 1628.469194 1620.852166 1614.199955 1607.500178 1601.570520 1599.280000 1594.023001 1592.492013 1584.160053
-9999.0 -46.370270 31.409740 125.866904 269.123943 434.677213 571.821591 744.215967 953.796370 1077.969182 1210.115152 1293.214298 1377.064837 1446.635539 1512.929103 1558.922074 1583.743657 1594.666466 1589.081762 1600.313129 1572.914478 1569.309261 1588.665944 1616.408666 1631.392501 1638.007411 1632.477833 1624.536503 1619.722917 1620.351692 1620.326995 1619.900402 1619.078092 1617.700268 1615.301066 1617.869639 1623.174799 1618.401281 1611.459995 1604.836863 1598.705346 1591.270340 1586.146147 1582.869095 1581.520673 1581.228928 1574.038118 1564.180408 1554.275716 1546.769626 1539.696061 1534.476131 1532.115236 1527.026891 1518.717272 1505.477748
-9999.0 -141.614304 -21.866589 75.564690 202.700879 342.305129 474.618324 644.220443 802.753231 1029.265581 1203.100431 1310.890458 1361.849782 1425.324102 1489.483913 1556.398992 1563.841909 1538.154414 1510.551095 1499.315879 1506.904450 1518.981568 1534.540482 1556.168780 1575.279560 1586.717919 1590.468241 1584.630766 1572.418756 1563.976865 1557.798768 1548.396554 1541.602911 1540.643507 1541.285702 1548.393519 1551.256620 1543.164501 1531.587272 1516.998685 1504.049015 1493.968105 1490.782335 1491.364290 1490.518253 1486.289209 1478.861189 1468.049368 1455.420226 1443.787332 1436.315026 1430.777816 1423.713123 1413.290726 1401.073251 1386.433237
-9999.0 -9999.0 -95.546033 16.526202 128.129245 254.383988 376.174462 527.107300 684.678529 876.213535 1005.350028 1140.195916 1219.196689 1272.553645 1329.240085 1386.594255 1407.222862 1427.540592 1413.148780 1419.691349 1428.733637 1437.520511 1450.177668 1464.672893 1480.276264 1492.038532 1500.792375 1499.540277 1490.523763 1473.115263 1452.388459 1436.366327 1427.003622 1419.864042 1428.490961 1439.476411 1436.961633 1430.893240 1419.831801 1404.985906 1392.343372 1378.529093 1373.862767 1372.862466 1371.370702 1366.863227 1360.660183 1346.427948 1332.284785 1319.347937 1312.971497 1306.142487 1299.784529 1287.780812 1274.342939 1258.582452
-9999.0 -9999.0 -179.429758 -69.218086 48.328840 174.026969 278.804902 366.214719 524.963876 648.769476 759.829332 864.188666 951.890729 1021.034794 1071.972352 1136.618345 1178.600262 1196.793753 1216.914951 1246.369235 1273.948963 1303.513252 1324.852483 1341.413413 1358.458104 1373.664890 1383.485264 1372.310560 1360.387583 1341.878310 1318.569805 1293.854639 1280.559795 1275.724962 1277.610946 1282.630619 1277.063048 1267.669842 1253.703095 1238.150424 1224.908420 1212.658717 1207.200816 1202.313168 1199.176369 1194.297139 1188.926089 1178.109268 1164.802859 1155.403229 1145.950833 1138.820659 1134.559452 1126.343651 1115.210473 1106.173600
