tests/Borden05m/sims/sim_1/output-maps/psiliqL0007N0008.asc
ncols         160
nrows         34
xllcorner     620200.000000
yllcorner     5168000.000000
cellsize      0.500000
NODATA_value  -9999.0
[rows 0 to 24 of 34, columns 56 to 111 of 160]
-9999.0 -9999.0 -9999.0 -9999.0 -9999.0 -9999.0 -9999.0 -9999.0 -9999.0 -9999.0 -9999.0 -9999.0 -9999.0 -9999.0 -9999.0 -9999.0 -9999.0 -9999.0 -9999.0 -9999.0 -9999.0 -9999.0 -9999.0 -9999.0 -9999.0 -9999.0 -9999.0 -9999.0 -9999.0 -9999.0 -9999.0 -9999.0 -9999.0 -9999.0 -9999.0 -9999.0 -9999.0 -9999.0 -9999.0 -9999.0 -9999.0 -9999.0 -9999.0 -9999.0 -9999.0 -9999.0 -9999.0 -9999.0 -9999.0 -9999.0 -9999.0 -9999.0 -9999.0 -9999.0 -9999.0 -9999.0
-9999.0 -9999.0 -9999.0 -394.202739 -399.891209 -405.509642 -410.815739 -420.239795 -429.764329 -438.760237 -442.947927 -444.026343 -445.062490 -445.588312 -440.332602 -432.458643 -424.880849 -417.649823 -415.343778 -412.960458 -410.640354 -410.145890 -411.539238 -414.898454 -418.285429 -421.795055 -423.304371 -431.880502 -443.561398 -452.736700 -455.573623 -450.992307 -446.383941 -443.782459 -437.461101 -426.308852 -415.111606 -406.285742 -394.327773 -388.744868 -383.390212 -379.905413 -383.794995 -387.190176 -390.668819 -395.113508 -406.108272 -9999.0 -9999.0 -9999.0 -9999.0 -9999.0 -9999.0 -9999.0 -9999.0 -9999.0
-431.861452 -412.501191 -409.272394 -420.115047 -425.040332 -428.569913 -431.034688 -436.520455 -445.651478 -451.361531 -457.102637 -458.925864 -459.137910 -459.246553 -455.114518 -445.343304 -437.379622 -432.624802 -430.293055 -427.917600 -427.751318 -428.296420 -428.784504 -431.796665 -435.322912 -438.829044 -440.689957 -440.829937 -448.587563 -453.964223 -457.243087 -458.325532 -455.863896 -453.528984 -450.562490 -440.666937 -432.103303 -423.524235 -409.179819 -396.662100 -391.254573 -393.459766 -398.365350 -401.845298 -407.939061 -417.479940 -427.883559 -438.543915 -445.747777 -450.974794 -455.895624 -449.535795 -442.985313 -432.324544 -421.720615 -409.395862
-448.836797 -429.172063 -426.474584 -437.672797 -446.464987 -450.916115 -451.157404 -449.361648 -453.438581 -458.443229 -462.569895 -455.122571 -454.076512 -453.055487 -449.977848 -446.537911 -444.561916 -441.827550 -436.566892 -427.622516 -425.085835 -424.674423 -424.649401 -426.578005 -429.795893 -431.657368 -434.526945 -439.848778 -440.742659 -440.267656 -440.123935 -434.721186 -433.204122 -431.961396 -439.176287 -435.818572 -429.341185 -422.213847 -414.811284 -407.434272 -402.324081 -405.236372 -406.403719 -414.514506 -428.157240 -439.581027 -448.231123 -450.815819 -453.763246 -461.206228 -473.048103 -465.967550 -450.111611 -445.159614 -441.095055 -428.778672
-457.342278 -445.547876 -442.805151 -448.251577 -447.724045 -446.613819 -445.407051 -447.348267 -450.653330 -452.088383 -439.051885 -429.561749 -428.064464 -425.312683 -422.136693 -423.781307 -436.623438 -439.502550 -430.830730 -420.208056 -414.232409 -414.211067 -414.353207 -415.829240 -416.959207 -417.600493 -420.186616 -418.964110 -416.227717 -415.221686 -409.791070 -403.963820 -401.207934 -410.356976 -419.907939 -419.549373 -411.737365 -403.607491 -395.897730 -384.340132 -372.012444 -373.252559 -379.050636 -387.965838 -401.788395 -425.447477 -445.537106 -455.837748 -462.035011 -468.663750 -469.473525 -471.169891 -460.477560 -458.375688 -456.439779 -447.408378
-453.796203 -432.700505 -424.457478 -431.063640 -437.438425 -441.558097 -441.344032 -441.271249 -437.700898 -424.024558 -409.814324 -394.124585 -391.557854 -389.096162 -389.530394 -400.000604 -410.854474 -415.601065 -399.982819 -383.823903 -375.272257 -374.205599 -373.214407 -364.306368 -366.649778 -369.811353 -375.859756 -373.169078 -369.643083 -357.030326 -349.036094 -342.034802 -344.104533 -356.494877 -367.996028 -370.293508 -368.634975 -366.873582 -360.747780 -349.506629 -338.469314 -343.373111 -351.363765 -362.597504 -392.928130 -422.061830 -439.470462 -438.371357 -437.593930 -441.908975 -444.841055 -448.485350 -456.170064 -456.333326 -456.598354 -456.851037
-405.364293 -386.105421 -369.420049 -375.953257 -385.408250 -397.527710 -397.523242 -393.872526 -385.209569 -371.099715 -351.018445 -325.101351 -320.435622 -315.753222 -311.096585 -322.573371 -335.767197 -348.664222 -332.492942 -322.051531 -311.829954 -307.132886 -293.427269 -281.400442 -286.313030 -295.756052 -305.743161 -298.307969 -282.143256 -265.245574 -257.975959 -254.159367 -253.418243 -263.930697 -270.119098 -273.996697 -274.634495 -279.588323 -277.004666 -264.718096 -248.059767 -248.372337 -261.954527 -288.045848 -327.221276 -365.599319 -390.120919 -386.341372 -392.854613 -398.873024 -403.461752 -418.075437 -429.973602 -430.286183 -439.882860 -446.170846
-356.286282 -336.859892 -317.512587 -321.068068 -333.442796 -346.689347 -346.630298 -337.561170 -327.233162 -305.857465 -277.285327 -247.015237 -229.376387 -216.870209 -205.529082 -214.292101 -226.550984 -238.418212 -232.921008 -217.405513 -200.579853 -182.643457 -162.112699 -143.293381 -147.217494 -156.734199 -158.940943 -152.995159 -132.277593 -113.273455 -105.192763 -100.780943 -94.523160 -101.824123 -112.368850 -124.200535 -135.506018 -145.700690 -152.205236 -135.669689 -119.760888 -125.327739 -159.403772 -195.277871 -238.614302 -282.486530 -322.677463 -330.826528 -332.807022 -335.351282 -352.526346 -369.558250 -390.290599 -402.480089 -411.970718 -427.739011
-251.842166 -225.475077 -201.367923 -193.452514 -207.913671 -212.278637 -205.834168 -191.451096 -181.272688 -159.930352 -119.167343 -65.318819 -14.077361 36.867489 49.147483 28.657175 3.697398 -25.626395 -37.043423 -13.652288 16.567881 54.713209 98.220400 128.909812 144.955066 147.968250 149.703200 153.040525 157.323818 163.892548 170.691151 176.846194 182.809037 182.464369 173.396653 165.910727 156.970315 148.793182 146.133895 143.780483 146.719666 134.360468 86.144878 12.123245 -52.764885 -111.161195 -158.484559 -192.814463 -199.449836 -218.915005 -241.076357 -268.000829 -310.505538 -333.916351 -353.516450 -386.302958
-107.627722 -61.533133 -29.488414 1.463890 6.015573 13.434419 22.258295 38.567832 60.796289 95.769405 144.529769 188.456946 225.694451 256.258467 266.848008 254.112810 239.893507 225.302265 215.480832 220.597250 241.252850 268.635352 297.708304 317.408414 325.865092 327.017012 328.515432 330.365736 333.218413 335.087772 339.043438 344.065537 351.428078 360.511511 357.562944 345.356591 336.464229 325.123427 321.272665 319.585610 313.279977 305.539795 287.993030 242.973922 203.329711 162.289556 113.300932 50.634686 -7.232641 -48.344718 -83.816535 -141.912598 -196.984443 -244.952939 -283.495402 -319.311694
139.734896 184.097273 216.091356 234.501190 240.164959 243.287836 248.095620 258.407408 271.445619 289.917843 314.670837 347.845892 376.256742 397.880711 400.401375 393.058784 384.886956 376.694828 370.705893 370.203126 377.388156 387.737830 402.191227 413.110123 422.592698 422.842720 423.491880 423.444935 424.906304 425.903234 426.095835 429.574857 436.247975 442.711175 444.641869 438.317947 428.742861 418.393870 414.745671 410.876781 406.174576 403.696902 399.801642 392.728754 372.225620 342.272554 297.949760 257.198970 222.800109 202.213507 180.814819 152.290020 86.173560 12.480580 -58.467019 -117.591544
307.008611 338.206109 363.382284 377.066900 382.352759 381.780185 383.475977 389.305346 395.666993 405.567169 417.541640 430.108870 446.068368 462.073370 474.251032 471.840486 464.543731 453.722682 453.046447 453.910553 455.711084 460.370089 464.635300 474.763331 485.185796 488.616757 488.950611 486.905342 488.447479 488.945733 488.628594 487.963282 489.213222 493.029371 494.950302 494.147258 486.313851 475.155606 465.932292 460.819162 458.411345 456.238185 455.915713 454.795226 448.981293 432.380373 408.455527 383.242019 365.281118 352.198436 339.353530 324.686487 301.463182 267.933274 228.616866 182.588608
400.080376 417.199796 432.674257 447.061443 456.502938 458.038405 461.716743 463.756767 470.728355 481.220297 492.075562 497.971948 506.339589 520.710336 528.795875 533.958596 536.019474 537.419767 540.621993 541.452563 534.687916 536.219795 537.347201 538.521183 541.752853 542.045598 541.962278 541.516932 542.233647 542.239879 542.616252 542.222241 540.558320 540.731823 540.791909 541.358413 539.620902 537.565513 524.923204 516.052660 511.068021 506.006410 499.829379 493.329557 488.304350 481.323497 467.453405 448.622986 431.470774 425.973925 422.578038 417.323245 410.903994 396.534618 379.809820 359.069676
465.198145 473.041510 483.291561 498.122343 508.256413 515.043333 521.033230 524.248036 533.544765 542.924449 541.282812 540.912329 540.393149 540.527617 540.115757 540.222603 540.373060 539.133008 539.799356 539.753581 535.620913 527.774642 529.530944 530.489806 532.242489 535.034062 533.089151 533.775236 536.655289 535.738989 531.090587 528.342110 526.896925 526.660236 533.167972 535.930813 537.105416 538.047191 538.543119 539.243092 539.628823 539.758178 539.386476 538.846412 537.248042 530.933133 515.721384 497.193191 477.283461 468.467780 465.648037 467.495099 465.480933 462.839365 452.494544 438.107261
530.568007 539.765254 543.691023 544.150030 543.648070 543.491993 544.327721 545.990505 545.431001 541.869621 538.229327 533.557104 532.452428 530.996297 528.594941 529.169018 527.622867 524.763059 523.262643 520.066383 512.430848 503.687267 502.972431 507.085907 510.578575 513.023267 514.277453 516.805711 518.889149 515.853049 510.130266 505.294760 503.917722 508.876462 512.954677 516.244850 516.383062 515.324711 514.542397 516.018838 514.953021 515.853677 521.059294 531.600967 537.312566 537.369583 537.976971 538.190528 537.059182 522.905384 506.805849 509.685886 506.914181 500.043034 488.004103 476.389680
539.094632 538.575311 536.163932 530.124694 524.374278 523.564901 527.170542 533.625007 535.321703 529.228958 522.687750 517.574307 512.624965 511.364909 509.971553 509.139051 509.564597 506.141300 503.212538 495.116766 489.699172 483.754366 480.639625 479.987624 483.550921 488.699273 493.142246 495.954255 492.446465 489.010726 483.374573 478.880748 479.984074 481.597171 487.000426 495.116822 495.948841 496.520076 494.107571 492.984018 489.628129 488.457758 492.536309 501.386408 509.512246 517.325033 522.623005 528.559304 533.756441 539.101377 538.541179 537.582543 536.754225 534.030017 523.239056 510.365135
524.962128 519.776911 516.188450 510.745198 505.930428 504.957543 508.041050 511.895646 510.279390 505.909795 500.145095 494.223111 488.709118 485.701524 486.657941 488.293805 489.335569 486.718117 479.364572 470.894814 465.529228 458.482106 457.961509 454.826688 450.882256 456.354312 465.950560 469.273423 460.575187 456.043136 448.097880 444.527999 443.651969 444.864342 450.891567 463.234462 475.189335 475.521664 469.656844 464.644228 462.498053 460.760988 464.562095 475.558801 486.072326 492.608275 496.330647 498.198217 502.417700 507.364694 513.521768 521.426107 528.312143 535.837497 535.914424 535.828130
507.277653 503.031951 499.323858 495.929826 492.859671 490.734979 489.798032 489.358554 486.461142 484.140777 479.658987 474.347887 468.480097 459.422315 456.906336 454.466728 456.481416 449.421633 444.510637 433.887891 426.792943 418.101773 412.645908 407.497806 399.672619 399.799997 408.756994 415.273346 404.227672 397.947820 388.877420 385.533188 384.372518 386.876401 396.190394 415.150991 429.818869 435.396599 430.331638 427.132949 426.232840 426.152759 429.118538 438.907107 450.955616 462.304647 469.612633 473.216540 476.191229 480.583272 487.488627 493.482067 499.174048 507.259025 518.238074 527.861128
492.484214 488.345259 484.607237 479.667035 473.868205 470.908939 472.783824 468.452911 465.702493 460.588159 430.107839 421.462335 409.410799 396.598127 388.855232 378.848242 372.605304 365.132398 361.715021 357.078218 347.433963 334.381730 319.849641 311.446875 298.851119 280.967156 281.255589 284.532504 286.549522 278.413505 269.992788 267.066684 266.089547 274.746497 298.590834 318.998835 333.955928 341.819079 340.354159 347.843905 354.835773 358.253396 373.549203 387.406049 402.292163 417.926295 433.686468 440.963981 445.984127 451.333432 459.123093 466.758896 473.664497 484.081088 495.958919 502.492226
477.657202 471.610035 464.595922 457.839281 450.057922 441.322946 442.325403 439.727568 435.155484 406.446390 370.947404 343.468490 324.214262 295.862675 269.954100 245.139051 213.317942 196.737661 189.189746 192.686259 182.457480 164.560479 147.010182 132.947593 113.104827 78.620603 62.338069 70.137754 87.062924 73.486677 61.735563 63.103998 60.054123 65.114892 100.036881 134.019126 151.405868 164.689345 176.508110 183.654198 194.725586 226.373204 252.879374 285.582462 316.951400 343.334948 366.678414 386.576170 399.282015 410.745488 423.728232 432.947843 443.828559 455.313054 470.027805 477.906298
445.799411 434.834474 424.560127 411.585796 394.686958 373.940230 369.652283 361.287433 344.580588 294.254307 234.964222 190.010819 157.172357 115.725251 63.542613 2.170106 -55.802003 -87.299297 -87.280768 -80.294571 -86.358759 -107.984260 -128.017716 -143.833322 -161.718118 -182.679649 -195.400576 -186.485750 -175.819226 -172.188611 -171.055704 -167.404977 -166.042389 -165.651047 -163.070268 -147.448093 -133.109577 -117.913909 -103.636137 -87.794719 -47.963175 -2.379684 44.606725 111.909309 159.441061 199.064194 239.761194 281.955777 312.185444 337.917249 359.699455 379.759350 396.540524 413.436306 431.783185 445.228758
399.837314 376.438941 354.088876 323.577540 274.288616 241.596428 222.863274 205.768532 164.350889 99.154141 -0.126840 -64.529326 -108.139863 -145.877566 -182.940792 -221.941255 -255.842878 -278.037875 -271.889292 -264.989744 -256.598149 -271.188115 -285.705997 -294.369042 -310.469655 -325.966737 -340.523128 -331.801857 -321.945488 -306.482114 -303.058354 -299.878791 -293.758364 -295.064152 -296.539905 -301.824372 -291.375922 -280.067042 -265.630659 -237.390602 -208.401016 -178.250617 -149.006290 -115.149195 -75.736147 -28.797120 31.617692 110.521111 161.262041 199.351068 238.926394 279.874891 311.046603 336.600042 361.267273 381.473394
294.217008 254.387703 211.055633 155.619436 76.745992 -4.606224 -36.679951 -87.746391 -136.311077 -191.502323 -228.252731 -256.441988 -284.944502 -310.371811 -334.188726 -362.969174 -387.611224 -411.231360 -406.983757 -394.578537 -380.723941 -389.052141 -394.236292 -397.864191 -409.920525 -423.800594 -437.470044 -433.659119 -418.896948 -402.167293 -395.770783 -389.630997 -382.199655 -382.252496 -388.593666 -397.064011 -391.362388 -377.945756 -361.820680 -339.037282 -315.139528 -291.583885 -269.319123 -243.646161 -215.322781 -184.545913 -148.026727 -104.979030 -67.148452 -19.611047 42.795721 115.405941 157.172714 187.882617 225.041822 259.504408
122.780513 54.929034 -16.628999 -89.182425 -154.503939 -211.794132 -253.655426 -291.107485 -326.856924 -350.785811 -372.327615 -392.342091 -411.790444 -432.625092 -452.566494 -472.303220 -493.964147 -514.006243 -508.587856 -494.841705 -481.768128 -480.106672 -483.106878 -486.144544 -494.196666 -507.699279 -519.921708 -511.927958 -496.394594 -481.034454 -471.470253 -464.956504 -458.666452 -461.539264 -469.816865 -477.287529 -469.741381 -454.696583 -439.790357 -421.899757 -400.387414 -378.630521 -356.743018 -333.431225 -309.504145 -282.590853 -253.930038 -223.634280 -192.884361 -161.267750 -126.486919 -99.528150 -72.230002 -45.547523 -2.445239 56.771251
-134.310146 -173.129543 -211.643760 -253.781886 -299.736989 -335.436995 -369.216857 -400.969298 -431.762271 -456.317601 -474.324182 -484.562140 -499.240772 -518.526533 -532.112691 -548.855006 -568.618005 -570.550509 -566.362002 -553.368878 -550.459949 -549.655925 -552.601392 -553.676261 -558.696449 -571.022494 -565.891852 -557.927707 -542.744911 -531.674391 -522.443778 -516.150735 -511.970668 -512.830455 -520.454407 -518.251475 -511.051000 -496.478469 -484.763010 -469.461162 -448.672911 -431.342392 -411.881212 -389.904952 -366.982477 -342.443177 -316.122378 -287.439298 -260.792973 -237.902187 -224.268667 -209.035063 -197.250497 -196.346023 -173.610292 -146.537296
