tests/Borden05m/sims/sim_1/output-maps/psiliqL0005N0018.asc
ncols         160
nrows         34
xllcorner     620200.000000
yllcorner     5168000.000000
cellsize      0.500000
NODATA_value  -9999.0
[rows 0 to 24 of 34, columns 0 to 55 of 160]
-9999.0 -9999.0 -9999.0 -9999.0 -9999.0 -9999.0 -9999.0 -9999.0 -9999.0 -9999.0 -9999.0 -9999.0 -9999.0 -9999.0 -9999.0 -9999.0 -9999.0 -9999.0 -9999.0 -9999.0 -9999.0 -9999.0 -9999.0 -9999.0 -9999.0 -9999.0 -9999.0 -9999.0 -9999.0 -9999.0 -9999.0 -9999.0 -9999.0 -9999.0 -9999.0 -9999.0 -9999.0 -9999.0 -9999.0 -9999.0 -9999.0 -9999.0 -9999.0 -9999.0 -9999.0 -9999.0 -9999.0 -9999.0 -9999.0 -9999.0 -9999.0 -9999.0 -9999.0 -9999.0 -9999.0 -9999.0
-9999.0 -9999.0 -9999.0 -9999.0 -9999.0 -9999.0 -9999.0 -9999.0 -9999.0 -9999.0 -9999.0 -9999.0 -9999.0 -9999.0 -9999.0 -9999.0 -9999.0 -9999.0 -9999.0 -9999.0 -9999.0 -9999.0 -9999.0 -9999.0 -9999.0 -9999.0 -9999.0 -9999.0 -9999.0 -9999.0 -9999.0 -9999.0 -9999.0 -9999.0 -9999.0 -9999.0 -9999.0 -9999.0 -9999.0 -9999.0 -9999.0 -9999.0 -9999.0 -9999.0 -9999.0 -9999.0 -9999.0 -9999.0 -9999.0 -9999.0 -9999.0 -9999.0 -9999.0 -9999.0 -9999.0 -9999.0
-9999.0 -9999.0 -9999.0 -9999.0 -9999.0 -9999.0 -9999.0 -9999.0 -9999.0 -9999.0 -9999.0 -9999.0 -9999.0 -9999.0 -9999.0 -9999.0 -9999.0 -9999.0 -9999.0 -9999.0 -9999.0 -9999.0 -9999.0 -9999.0 -9999.0 -9999.0 -9999.0 -9999.0 -9999.0 -9999.0 -9999.0 -9999.0 -9999.0 -9999.0 -9999.0 -9999.0 -9999.0 -9999.0 -9999.0 -9999.0 -9999.0 -9999.0 -9999.0 -9999.0 -9999.0 -9999.0 -9999.0 -707.418458 -725.229644 -745.761111 -750.359073 -726.091596 -710.501560 -695.199027 -682.886959 -671.336774
-9999.0 -9999.0 -9999.0 -9999.0 -9999.0 -9999.0 -9999.0 -9999.0 -9999.0 -9999.0 -9999.0 -9999.0 -9999.0 -9999.0 -9999.0 -9999.0 -9999.0 -9999.0 -9999.0 -9999.0 -9999.0 -9999.0 -9999.0 -9999.0 -9999.0 -9999.0 -9999.0 -9999.0 -9999.0 -9999.0 -9999.0 -9999.0 -9999.0 -9999.0 -9999.0 -9999.0 -9999.0 -9999.0 -9999.0 -9999.0 -689.109211 -682.153071 -677.877426 -689.153580 -696.955933 -701.385249 -716.873870 -732.991237 -748.924522 -747.209730 -746.202730 -750.805610 -731.025043 -713.089879 -702.047953 -691.906468
-9999.0 -9999.0 -9999.0 -9999.0 -9999.0 -9999.0 -9999.0 -9999.0 -9999.0 -9999.0 -9999.0 -9999.0 -9999.0 -9999.0 -9999.0 -9999.0 -9999.0 -9999.0 -9999.0 -9999.0 -9999.0 -9999.0 -9999.0 -9999.0 -9999.0 -9999.0 -9999.0 -9999.0 -9999.0 -9999.0 -9999.0 -9999.0 -9999.0 -9999.0 -748.889412 -732.224191 -721.223984 -710.274653 -698.030115 -697.349301 -696.447840 -690.053443 -695.421261 -697.933608 -707.505322 -724.293796 -742.036784 -753.557670 -748.936907 -752.049921 -750.441415 -740.327952 -730.656063 -722.609505 -707.252571 -687.628286
-9999.0 -9999.0 -9999.0 -9999.0 -9999.0 -9999.0 -9999.0 -9999.0 -9999.0 -9999.0 -9999.0 -9999.0 -9999.0 -9999.0 -9999.0 -9999.0 -9999.0 -9999.0 -9999.0 -9999.0 -9999.0 -9999.0 -9999.0 -9999.0 -9999.0 -9999.0 -9999.0 -9999.0 -730.835896 -737.061126 -742.127939 -742.524371 -744.631165 -751.152957 -750.448926 -745.031983 -732.818057 -716.324703 -710.065560 -708.251193 -705.057608 -706.640293 -713.937609 -715.641331 -710.179662 -720.674739 -728.409814 -736.828099 -750.928985 -753.945804 -744.598847 -733.841881 -722.933244 -715.610146 -708.145030 -701.487578
-9999.0 -9999.0 -9999.0 -9999.0 -9999.0 -9999.0 -9999.0 -9999.0 -9999.0 -9999.0 -9999.0 -9999.0 -9999.0 -9999.0 -9999.0 -9999.0 -9999.0 -9999.0 -9999.0 -9999.0 -9999.0 -9999.0 -9999.0 -747.120143 -741.231748 -737.844212 -732.212515 -733.878101 -743.788692 -751.214129 -754.786649 -757.425371 -762.703471 -761.925667 -759.178079 -751.507500 -743.534335 -726.320194 -727.116268 -726.867768 -714.605806 -715.525606 -709.457861 -702.949207 -705.166209 -705.507825 -720.391112 -731.684732 -721.664586 -716.104387 -714.016700 -712.682879 -704.738972 -694.506288 -682.360638 -666.250710
-9999.0 -9999.0 -9999.0 -9999.0 -9999.0 -9999.0 -9999.0 -9999.0 -9999.0 -9999.0 -9999.0 -9999.0 -9999.0 -9999.0 -9999.0 -9999.0 -9999.0 -9999.0 -9999.0 -753.478358 -754.710041 -757.241090 -755.067640 -763.595139 -766.687193 -762.187537 -755.252116 -757.399041 -762.858327 -767.727297 -766.887314 -765.627720 -765.403576 -755.465661 -745.957051 -739.447381 -735.272502 -720.224607 -712.277206 -702.792892 -686.972277 -693.732101 -701.809081 -706.171685 -706.600166 -708.164906 -700.095931 -696.924603 -694.164742 -691.899807 -688.516035 -683.363929 -677.664450 -662.316542 -646.369540 -631.074448
-9999.0 -9999.0 -9999.0 -9999.0 -9999.0 -9999.0 -9999.0 -9999.0 -9999.0 -9999.0 -9999.0 -9999.0 -9999.0 -9999.0 -9999.0 -9999.0 -761.358613 -761.811241 -764.955471 -769.410537 -773.757305 -772.923554 -767.466372 -773.991714 -775.185627 -771.719371 -773.110211 -767.393160 -761.702281 -755.555456 -752.073044 -755.669640 -752.396272 -749.664510 -745.774450 -737.827684 -721.294764 -705.209671 -696.743433 -684.976066 -670.019254 -674.478544 -677.331814 -677.063226 -679.535244 -673.340040 -654.166889 -652.858911 -655.066717 -635.154073 -622.787315 -621.825572 -619.026831 -603.702162 -581.829654 -554.260263
-9999.0 -9999.0 -9999.0 -9999.0 -9999.0 -9999.0 -9999.0 -9999.0 -9999.0 -9999.0 -9999.0 -9999.0 -9999.0 -772.010947 -772.079359 -769.356840 -777.167196 -784.108373 -787.739858 -792.492582 -781.785064 -786.405683 -786.458151 -783.120675 -773.513223 -770.974563 -767.555950 -760.153933 -758.753781 -758.207758 -757.500075 -758.446716 -748.697170 -738.302485 -728.879918 -714.525615 -700.828797 -687.790191 -672.141817 -663.872538 -653.331559 -652.731521 -658.157400 -658.713143 -651.578704 -633.210798 -616.371010 -606.118680 -582.147476 -556.292543 -540.604653 -524.956478 -515.052210 -501.618612 -475.698526 -422.193203
-9999.0 -9999.0 -9999.0 -9999.0 -9999.0 -9999.0 -9999.0 -9999.0 -9999.0 -9999.0 -793.659855 -787.972397 -796.533437 -811.246182 -816.835266 -811.088885 -804.906376 -808.708862 -805.911391 -786.871146 -775.292172 -786.943706 -774.505600 -771.673870 -774.796366 -770.271674 -762.952137 -758.034885 -745.113522 -740.287299 -735.260213 -717.058350 -707.906535 -698.513264 -687.501474 -675.165457 -661.931130 -635.557874 -612.616904 -604.770388 -579.989987 -564.378997 -571.823260 -573.942591 -567.976191 -547.644216 -517.069806 -478.700960 -443.349116 -402.446026 -372.100111 -353.360574 -339.920705 -324.812069 -307.238774 -278.556120
-9999.0 -9999.0 -9999.0 -9999.0 -9999.0 -9999.0 -9999.0 -9999.0 -819.772498 -809.849923 -803.378225 -810.809177 -821.084782 -838.830694 -829.786875 -820.403076 -812.977519 -803.380203 -797.038874 -790.539101 -789.572934 -780.483861 -766.931473 -765.391398 -760.779414 -751.004033 -746.042346 -735.332089 -721.256542 -717.362687 -705.762801 -691.047393 -677.822224 -665.823101 -653.017292 -641.179068 -614.822999 -581.793704 -547.668275 -518.027646 -481.929946 -445.133244 -442.393703 -435.979293 -426.840658 -387.873966 -347.259884 -310.515828 -281.402381 -255.405473 -229.228578 -214.460492 -204.519731 -192.291832 -177.335343 -163.468308
-9999.0 -9999.0 -9999.0 -9999.0 -9999.0 -9999.0 -837.884378 -813.719643 -801.949346 -825.222929 -844.014551 -850.620703 -861.798921 -835.446183 -812.211174 -805.386085 -799.296775 -792.442798 -790.303290 -796.784551 -762.998123 -764.114083 -763.103298 -749.551982 -744.728825 -738.658926 -727.938910 -710.183982 -696.085056 -667.253620 -643.046189 -621.417470 -598.176463 -581.380889 -564.526362 -544.646231 -505.731200 -453.645053 -399.350946 -357.626553 -323.701021 -292.654133 -281.459959 -275.090310 -267.148775 -251.519488 -225.132467 -197.425209 -165.548016 -135.178550 -112.126721 -101.336512 -91.645538 -80.688210 -67.269394 -52.826578
-9999.0 -9999.0 -9999.0 -9999.0 -831.431318 -823.977457 -824.696634 -802.514159 -787.395926 -813.882653 -803.492333 -807.946796 -816.682104 -826.387940 -837.022248 -823.913735 -814.463163 -806.440998 -802.013630 -767.377820 -736.264670 -740.565523 -721.925662 -694.809631 -691.572121 -683.624395 -675.793278 -659.159612 -634.522493 -604.224937 -553.703782 -506.259120 -471.791599 -438.608275 -408.176835 -374.667846 -335.212696 -294.932505 -261.577674 -230.729364 -202.720354 -180.017014 -165.147978 -156.446971 -145.655275 -132.569855 -114.867807 -89.979929 -61.396993 -27.967053 -1.211103 14.371671 22.564106 32.534135 44.770845 61.929899
-9999.0 -9999.0 -9999.0 -850.645612 -824.763438 -812.565571 -817.858510 -808.886980 -788.943090 -800.643598 -801.205534 -801.781212 -801.321652 -798.744406 -796.757384 -787.600797 -782.605351 -781.778749 -771.542968 -745.791684 -725.450508 -701.463993 -680.027541 -655.511991 -636.167918 -624.701451 -612.101879 -588.684711 -543.994633 -492.173819 -418.115200 -348.935556 -305.747804 -280.237605 -262.652124 -240.291894 -218.642875 -187.586542 -156.949300 -128.056920 -99.373957 -75.018822 -53.137020 -40.351295 -31.997145 -23.095152 -5.768592 14.960711 38.096212 77.188189 111.019865 131.196839 142.253551 149.312038 162.914541 175.971732
-9999.0 -9999.0 -851.498585 -835.375125 -840.025042 -818.397393 -794.904285 -798.527773 -773.177123 -762.017145 -774.584596 -760.812410 -751.440529 -756.467751 -745.164476 -733.191800 -726.107613 -733.718784 -734.557399 -705.827812 -657.524081 -615.390850 -582.435990 -514.366409 -474.224935 -448.260852 -432.720101 -399.173785 -357.988593 -307.918606 -261.848220 -217.045148 -180.098447 -151.101513 -138.031648 -122.531385 -99.846512 -76.180470 -46.746519 -19.540875 5.482603 32.129010 58.618578 87.053845 93.047491 106.414312 125.643583 145.472967 164.758622 184.186575 200.699842 202.594774 203.435942 203.735541 204.538637 204.857053
-9999.0 -9999.0 -869.060033 -843.458604 -853.294022 -813.141463 -775.080433 -789.148738 -770.228826 -736.276840 -734.592968 -723.638799 -716.702901 -706.275914 -688.652637 -665.163777 -669.816223 -671.435354 -683.393720 -627.471330 -569.284733 -483.732015 -380.726850 -317.083521 -281.384568 -274.024850 -268.774237 -253.326360 -230.435698 -189.209053 -138.988714 -86.510531 -43.983398 -15.896765 -1.825898 12.904715 35.267896 70.915371 88.388287 117.282369 123.330146 154.136629 176.363973 195.634254 202.351745 202.851580 202.149036 203.234547 203.836574 204.161716 204.114343 200.882765 200.059156 200.598030 201.465363 196.760074
-9999.0 -881.164837 -866.213324 -861.077578 -832.800195 -829.140539 -790.370676 -743.203745 -728.097215 -705.150758 -692.837682 -690.671633 -631.759690 -580.189828 -555.204375 -519.859581 -528.161555 -536.293041 -550.327744 -499.241662 -416.880812 -311.785107 -207.706950 -160.555860 -138.174206 -137.469951 -141.812405 -129.363106 -104.376030 -62.517217 7.206152 72.567671 114.439828 143.301377 152.690944 155.439674 169.095616 186.812657 200.647335 204.758794 204.458023 206.396020 203.519461 204.496733 204.611872 204.593032 201.227011 195.050895 186.815502 179.427959 174.829796 169.813126 171.973469 175.089021 176.090638 168.911945
-9999.0 -920.499126 -869.529540 -839.262370 -841.701483 -845.154508 -772.135214 -680.866382 -679.407544 -667.723895 -651.822954 -598.589830 -489.192701 -404.204745 -361.011604 -322.411405 -324.183848 -335.299058 -333.593916 -298.805713 -246.302777 -172.445373 -64.432587 4.082554 -2.423693 -1.292191 2.773041 23.222203 53.820654 91.020474 150.124479 181.935552 190.135315 193.138593 194.229741 194.696402 195.387962 196.001340 192.932322 189.220492 183.243308 178.012015 187.782145 188.259567 184.848511 180.191812 173.723708 164.883699 153.111290 133.647608 126.140515 121.217422 119.038936 119.113028 114.782709 108.141916
-9999.0 -883.928563 -829.986801 -838.917403 -871.512707 -800.743336 -754.121516 -674.222805 -614.227672 -597.585594 -534.123145 -409.956352 -315.072205 -248.220143 -211.154954 -191.185234 -179.213685 -181.206499 -160.787028 -112.151399 -37.556005 58.485024 106.993304 152.747811 125.438604 105.241950 94.718563 94.696525 100.278615 111.929859 134.588518 166.110421 177.339270 183.669742 182.969125 178.535985 173.522243 165.946534 160.555071 155.586941 139.197452 135.740218 153.701381 154.753049 142.782622 127.477907 118.842680 110.504501 100.825016 88.912947 82.201624 76.809251 73.793843 69.031968 63.777101 57.255131
-9999.0 -956.847984 -871.777492 -933.463201 -838.064416 -758.302925 -735.303798 -624.572866 -515.339490 -460.288548 -344.794682 -259.216993 -186.358138 -136.240323 -99.966940 -61.693548 -35.551873 -8.891730 26.150466 58.812224 139.480561 171.876029 177.345818 176.413510 155.316135 112.526298 90.949073 69.371384 61.653180 62.153543 75.629649 97.630661 115.521380 144.158728 139.837081 124.449578 119.423298 114.544966 110.356152 101.314896 90.483537 84.608505 87.048841 92.399723 83.901909 75.819850 67.466727 58.037185 47.811487 37.909982 29.024345 21.422244 17.831123 11.808952 10.021627 2.851764
-9999.0 -1016.116269 -948.231085 -901.840069 -820.847066 -760.891817 -697.675350 -583.756435 -412.317556 -311.982279 -236.466945 -197.375993 -141.470005 -82.536637 -24.585415 7.162609 24.181632 31.271728 40.186184 51.789739 51.769041 83.654349 101.654857 118.129219 91.502565 72.544840 53.713893 39.203780 33.536963 36.886298 42.926119 51.134320 58.579362 65.440228 63.177180 60.535004 62.366141 56.290146 48.817893 41.334523 34.137727 26.541619 22.066178 19.300797 15.729297 13.390087 4.913461 -6.018331 -16.928541 -25.638517 -34.041405 -40.573603 -42.993897 -47.553963 -53.467040 -63.466867
-9999.0 -1166.181368 -929.587449 -904.756898 -853.696129 -828.286302 -791.717987 -684.311270 -545.430857 -330.216604 -182.801907 -159.973259 -139.758187 -104.428734 -49.186061 1.439371 7.379682 -20.118469 -40.946379 -48.065850 -37.301301 -16.524114 0.808593 17.999741 21.345497 19.579072 13.449101 2.917888 -9.277037 -13.600543 -13.183231 -15.598736 -16.728334 -13.649804 -14.369888 -10.309175 -7.770024 -16.776677 -28.413100 -42.162209 -54.326131 -63.324379 -66.436504 -66.246799 -67.479014 -71.125796 -78.633516 -88.483098 -100.260292 -110.851630 -118.922927 -124.546444 -130.199111 -137.864455 -146.438630 -155.882889
-9999.0 -9999.0 -1028.909616 -906.137759 -889.504476 -866.137666 -837.254411 -750.447449 -653.127648 -461.439948 -337.605939 -268.172431 -228.557136 -194.384138 -147.226375 -106.229028 -99.407378 -92.519560 -115.690445 -114.255922 -107.033528 -98.132925 -86.490550 -75.121618 -66.729484 -62.650055 -60.571940 -63.276391 -71.427192 -83.422145 -96.353087 -105.401791 -110.532222 -114.278692 -107.221654 -97.739965 -99.188342 -105.260411 -115.581332 -129.222890 -140.797943 -152.421884 -155.606694 -154.910912 -155.224685 -158.244008 -163.300550 -174.712222 -186.317739 -198.051713 -203.735932 -209.318554 -214.825036 -224.410034 -234.274627 -245.452845
-9999.0 -9999.0 -1197.028344 -967.981562 -889.816802 -839.367861 -839.125616 -819.130858 -715.935151 -650.134435 -568.145031 -479.654566 -400.763879 -344.451252 -307.821748 -267.645177 -249.306778 -240.875653 -238.243736 -227.232857 -209.316934 -192.031891 -180.038364 -169.024822 -158.866965 -150.723338 -143.878771 -152.748499 -161.626090 -174.746857 -190.944733 -208.698105 -218.103843 -223.191083 -219.378426 -212.862601 -217.052410 -225.792583 -237.936660 -252.040487 -263.012809 -273.441985 -276.688500 -278.108389 -278.585277 -280.933141 -284.085479 -293.009299 -305.040110 -314.850799 -323.552907 -331.353147 -336.317272 -346.189092 -359.025474 -370.205863
