tests/Borden05m/sims/sim_1/output-maps/psiliqL0028N0011.asc
ncols         160
nrows         34
xllcorner     620200.000000
yllcorner     5168000.000000
cellsize      0.500000
NODATA_value  -9999.0
[rows 0 to 24 of 34, columns 55 to 109 of 160]
-9999.0 -9999.0 -9999.0 -9999.0 -9999.0 -9999.0 -9999.0 -9999.0 -9999.0 -9999.0 -9999.0 -9999.0 -9999.0 -9999.0 -9999.0 -9999.0 -9999.0 -9999.0 -9999.0 -9999.0 -9999.0 -9999.0 -9999.0 -9999.0 -9999.0 -9999.0 -9999.0 -9999.0 -9999.0 -9999.0 -9999.0 -9999.0 -9999.0 -9999.0 -9999.0 -9999.0 -9999.0 -9999.0 -9999.0 -9999.0 -9999.0 -9999.0 -9999.0 -9999.0 -9999.0 -9999.0 -9999.0 -9999.0 -9999.0 -9999.0 -9999.0 -9999.0 -9999.0 -9999.0 -9999.0
-9999.0 -9999.0 -9999.0 -9999.0 3797.616409 3792.342744 3787.643280 3783.186306 3774.726623 3765.397089 3757.615643 3753.392155 3752.177933 3751.313463 3750.620389 3755.389183 3763.408474 3770.969147 3777.752166 3780.118732 3782.403880 3784.152171 3784.300688 3783.131994 3779.849349 3776.450427 3773.022652 3771.259109 3763.994415 3752.890676 3744.646888 3741.958346 3746.085541 3750.396406 3752.841791 3757.901919 3768.214918 3778.766480 3787.340713 3799.997621 3807.187036 3812.555415 3815.072188 3811.091616 3807.856373 3803.852297 3797.544421 3786.435313 -9999.0 -9999.0 -9999.0 -9999.0 -9999.0 -9999.0 -9999.0
3742.560136 3760.886355 3781.985035 3785.056468 3773.250710 3768.127988 3764.992833 3763.366494 3759.198261 3750.711908 3745.592305 3740.067759 3737.259513 3737.209276 3737.006406 3740.537065 3751.324457 3759.022111 3763.481841 3766.072570 3768.892284 3767.057874 3766.177213 3765.906065 3762.945618 3759.395887 3755.963506 3754.055971 3755.641064 3748.021697 3741.925268 3737.935566 3734.762542 3737.526180 3740.255230 3745.015991 3754.116672 3761.965483 3769.897005 3785.200917 3798.497263 3804.260506 3801.711773 3797.191106 3793.377284 3785.855711 3774.994313 3765.065474 3757.240022 3751.305874 3746.001320 3739.499518 3746.018973 3754.126886 3763.394994
3725.735665 3744.874238 3765.328478 3767.809409 3757.584639 3749.913094 3742.753549 3743.283705 3746.888777 3743.661783 3738.769455 3730.488519 3740.689234 3741.574870 3742.126335 3745.208850 3746.806568 3752.154148 3754.434406 3759.680824 3768.571493 3771.316484 3771.658376 3771.611201 3769.527839 3766.178113 3764.119139 3761.249169 3755.901019 3753.948083 3753.460212 3751.983961 3755.911669 3757.425017 3760.513518 3755.205266 3759.760844 3766.018308 3773.005189 3778.364854 3784.426091 3786.731732 3783.447384 3784.285047 3775.976837 3762.387382 3752.773475 3745.522685 3746.148158 3743.293517 3735.416471 3721.597612 3730.159920 3746.429275 3751.307551
3730.161119 3738.987049 3749.298987 3751.668458 3746.579724 3748.878686 3750.635704 3751.732198 3749.764453 3746.073584 3741.248659 3751.262851 3759.306478 3760.538349 3762.795385 3766.694942 3767.681603 3756.897868 3754.840768 3761.862147 3771.319430 3776.281308 3776.369019 3775.870173 3771.848441 3770.583733 3770.328578 3768.524421 3767.745731 3769.109087 3766.251968 3768.895071 3774.312786 3777.679801 3772.863772 3764.566926 3767.037214 3775.605100 3784.886233 3792.518631 3802.609689 3813.301548 3813.799137 3809.476805 3801.075833 3788.836088 3766.577950 3749.431886 3738.502501 3730.430821 3723.216650 3726.738693 3721.850128 3736.150944 3738.041366
3714.211666 3735.439743 3755.244573 3760.721090 3754.651303 3751.072166 3750.014455 3750.561056 3749.341586 3749.323219 3757.373699 3768.773533 3779.386842 3781.178195 3782.792653 3781.294134 3773.947789 3763.558991 3760.994108 3773.933172 3790.665478 3798.385365 3797.642003 3792.670481 3795.110796 3795.430615 3796.257822 3793.118013 3793.597329 3790.536209 3795.218558 3802.893709 3810.990260 3809.695616 3797.239361 3784.755954 3784.922241 3790.814475 3798.351945 3806.148415 3816.281809 3825.300507 3820.546302 3815.721780 3808.787788 3783.667883 3761.771089 3747.916567 3748.319112 3749.232558 3744.941211 3743.173245 3742.726545 3739.169833 3739.584498
3749.327430 3768.186384 3788.400954 3800.862832 3794.594859 3787.192460 3779.000313 3779.089528 3779.020763 3784.446393 3794.342504 3806.282789 3827.577092 3826.461574 3826.427507 3824.420801 3811.205454 3797.812898 3788.006228 3810.726738 3821.867973 3828.752152 3825.451592 3829.773006 3838.190175 3834.758963 3828.732943 3816.375219 3821.859063 3827.482945 3842.642400 3850.769230 3856.283088 3851.173731 3836.829321 3829.895949 3831.899955 3839.048339 3840.811763 3850.120696 3858.639758 3873.529250 3872.055899 3869.627212 3850.130251 3813.074249 3784.532070 3773.145987 3785.444327 3779.980411 3773.647394 3774.133753 3763.573364 3757.009225 3760.014857
3779.462601 3792.243616 3808.179841 3824.466282 3814.962702 3804.893444 3787.899192 3784.358327 3788.005210 3798.193621 3815.486184 3832.718165 3852.060312 3849.278886 3841.213900 3850.887128 3843.824612 3832.746228 3825.343204 3848.390707 3858.191043 3868.196151 3873.305557 3885.959022 3896.238107 3878.639316 3860.779831 3849.552477 3856.876749 3883.428677 3906.686176 3911.467588 3910.201716 3909.107725 3892.794099 3888.221446 3885.315370 3886.511138 3884.363495 3882.815684 3909.261171 3931.575349 3931.527778 3910.172861 3887.524932 3847.260626 3809.355274 3786.111834 3801.094625 3797.553174 3801.446466 3792.032419 3780.834750 3775.080003 3773.646542
3826.638041 3847.213825 3863.089212 3885.185801 3874.636972 3850.647403 3833.425842 3835.742197 3849.505820 3857.805271 3876.870287 3893.012294 3918.067240 3928.883683 3939.008807 3942.979339 3936.161502 3927.695598 3915.864349 3922.282718 3947.325308 3958.968543 3966.987520 3975.066678 3987.792945 3987.380419 3979.788187 3977.745991 3982.327676 3996.863906 4012.244068 4019.036816 4021.752185 4023.914929 4009.171052 3995.808550 3994.463358 3989.487613 3989.077527 3988.531259 4001.350795 4023.348769 4019.865850 3981.535255 3954.525923 3918.767464 3879.910349 3850.630693 3846.031333 3866.928157 3865.990705 3849.926505 3840.690480 3815.959677 3812.469545
3893.988292 3926.811932 3950.913470 3960.675911 3967.374882 3951.164467 3948.625933 3952.953671 3961.651707 3964.628512 3970.991565 4003.584377 4037.433691 4061.975127 4084.692526 4091.753474 4079.163428 4069.399293 4055.627388 4046.939859 4059.153508 4076.977293 4094.898270 4109.780194 4121.182554 4123.032501 4121.395661 4121.428694 4124.750335 4127.783945 4132.351401 4141.265366 4149.021737 4157.495813 4165.057988 4153.834361 4136.742188 4127.920430 4119.607875 4119.444690 4121.240734 4125.928289 4127.093682 4108.706563 4064.674197 4032.239921 3999.776043 3981.360051 3969.096744 3970.792567 3952.516387 3927.579550 3874.955490 3837.790838 3806.790728
3978.335161 4023.480296 4052.892836 4069.239202 4081.783344 4077.987074 4079.912924 4080.829533 4084.364272 4086.403449 4088.537752 4116.308876 4158.994885 4199.141197 4230.950966 4230.231784 4215.756915 4204.266493 4195.382085 4180.333448 4176.313070 4189.890666 4206.177212 4227.343935 4237.675673 4243.183815 4239.417076 4239.614118 4241.689181 4244.118897 4246.353785 4250.336521 4260.534960 4276.295279 4291.467287 4290.244157 4270.164152 4251.924548 4236.037200 4234.328058 4232.429559 4227.555331 4230.209710 4232.187891 4214.566551 4181.818114 4140.851098 4100.376141 4084.965920 4070.520743 4059.673165 4042.212811 3998.665852 3928.869209 3887.521974
4094.365689 4130.221300 4159.630806 4190.286160 4204.728863 4206.170474 4203.236553 4201.644527 4208.771592 4210.999237 4215.984971 4232.756851 4266.842893 4303.952314 4334.546058 4349.795987 4341.258119 4322.215922 4298.970999 4288.226941 4284.994754 4288.970771 4299.143323 4313.066858 4333.526318 4353.793076 4359.688711 4360.612244 4357.874507 4360.396799 4362.074640 4362.215213 4365.547060 4374.876584 4385.391871 4388.946808 4380.496304 4358.253424 4333.903704 4322.989549 4316.795402 4313.502812 4315.008704 4320.838361 4324.658335 4309.000884 4271.595679 4225.310541 4195.525165 4181.259251 4168.693948 4154.162650 4141.062801 4105.123694 4083.124411
4205.044205 4220.934471 4250.149085 4279.786613 4302.434393 4317.018020 4316.839155 4319.484278 4324.382215 4331.353974 4346.508746 4370.984268 4391.350246 4415.466944 4443.465658 4460.697762 4465.927741 4463.834595 4459.136632 4460.209018 4460.612636 4388.930853 4395.990402 4403.039603 4422.541690 4439.744981 4446.042121 4446.769632 4443.867014 4445.889723 4446.762813 4446.601112 4446.221430 4449.106160 4454.898075 4457.111722 4454.375092 4440.269357 4462.122856 4441.260182 4427.331001 4418.866749 4410.402564 4402.106398 4392.567447 4382.443368 4361.247210 4329.083189 4294.004646 4273.306496 4265.802384 4259.488253 4250.299427 4244.227369 4226.440738
4304.613824 4315.247602 4334.291753 4357.915932 4393.698554 4418.390783 4430.181025 4439.812976 4444.565129 4459.042851 4476.617851 4458.017023 4467.525298 4477.364601 4487.140988 4490.498282 4491.459554 4491.015997 4488.571985 4487.685310 4485.070469 4481.852336 4471.120022 4472.759031 4474.818655 4477.474926 4481.269940 4480.215350 4481.375194 4484.345925 4482.515783 4476.315825 4472.105057 4470.525088 4471.656926 4479.189790 4482.777860 4483.781230 4479.833890 4478.830931 4477.690867 4473.798781 4468.939584 4462.089547 4453.327002 4470.912714 4458.243213 4428.807585 4386.477140 4343.396557 4336.829667 4339.723288 4339.280554 4337.830080 4332.081860
4434.927128 4449.223386 4464.632221 4437.810224 4463.377888 4476.462419 4482.580518 4487.112701 4490.060244 4493.706857 4490.746315 4487.827496 4482.865105 4481.206627 4479.822511 4477.352292 4477.970593 4476.080408 4471.950329 4467.752745 4459.379608 4447.554563 4436.371885 4432.543020 4436.783228 4442.564374 4447.935847 4452.705696 4456.541897 4456.290308 4450.614305 4441.992091 4434.281333 4432.673729 4439.683708 4445.502541 4452.367677 4453.300745 4451.897372 4449.274576 4448.910893 4445.423326 4445.563420 4452.832887 4468.047566 4470.078317 4476.832787 4475.870891 4456.818729 4422.319270 4438.291334 4418.046592 4424.567339 4419.837114 4408.312273
4481.673645 4484.844851 4482.978753 4482.038705 4475.520061 4469.363497 4468.550680 4472.606284 4479.720911 4480.718106 4473.593489 4464.868428 4457.493958 4449.830284 4447.380883 4446.949347 4446.763105 4447.338385 4441.993402 4432.247388 4414.717097 4403.056212 4391.963077 4386.004241 4381.746340 4384.849170 4396.484216 4409.336997 4414.500848 4404.548888 4395.795644 4383.627324 4375.502702 4375.996194 4376.751465 4386.434344 4404.073354 4412.374877 4413.215680 4406.405721 4399.430745 4392.582508 4389.277081 4395.685831 4411.219837 4428.519604 4444.759302 4454.251917 4462.159341 4469.510339 4466.690689 4469.827846 4471.554069 4469.116874 4473.126133
4476.378105 4469.252495 4462.128290 4456.718275 4450.256243 4444.996143 4443.091717 4444.814295 4446.498644 4442.162554 4435.781700 4425.727015 4414.559900 4404.760151 4396.729801 4397.768618 4400.147974 4401.953738 4394.385640 4378.679619 4360.612018 4347.006755 4333.052527 4329.085997 4322.908041 4314.408039 4324.448721 4344.877739 4352.564778 4335.799743 4324.621308 4309.116815 4302.679208 4298.451541 4299.067662 4307.934077 4331.178648 4356.538632 4358.874452 4347.622929 4336.430035 4331.756251 4328.450640 4332.749513 4349.337682 4370.582623 4387.176186 4397.964305 4403.336720 4411.154286 4420.627546 4435.504082 4450.842841 4463.619837 4467.496605
4450.814426 4443.008074 4435.293985 4427.592716 4420.651805 4414.383336 4410.020807 4408.038001 4403.738069 4397.524505 4390.402617 4368.168199 4355.539819 4342.279521 4326.950245 4322.869260 4317.581800 4318.474963 4306.807462 4299.265083 4283.160648 4267.752041 4252.063484 4238.000622 4232.260831 4225.341561 4222.304757 4235.363080 4243.680312 4235.014738 4225.437163 4215.260627 4211.107501 4207.735450 4210.373330 4220.909236 4239.960218 4258.302170 4267.151709 4260.005511 4259.666018 4260.315422 4258.754182 4265.346313 4275.494898 4293.222370 4316.168669 4335.987180 4346.151335 4352.964735 4362.107292 4376.690711 4391.008031 4405.616395 4424.012270
4420.110366 4410.699740 4400.681144 4390.828019 4380.220972 4369.555726 4362.874528 4365.760533 4359.762769 4354.195033 4329.696837 4272.397352 4250.454445 4231.147889 4214.569780 4207.510329 4198.742099 4180.656820 4172.029549 4167.964502 4172.138257 4158.457747 4140.900333 4122.823250 4117.981629 4114.577862 4095.273502 4088.522265 4088.468271 4107.569583 4101.818997 4101.627602 4104.498664 4102.168679 4103.049721 4115.656840 4122.464768 4126.906818 4133.898689 4140.262489 4151.833929 4160.503932 4172.344122 4189.967855 4200.419521 4215.370695 4235.607949 4261.889634 4278.006039 4287.610582 4297.972450 4313.292024 4329.469976 4347.411329 4369.969960
4385.152769 4367.957540 4353.091879 4338.621837 4325.807397 4312.822488 4296.301622 4298.320001 4296.377349 4285.590117 4227.476509 4186.930319 4152.627276 4135.558493 4111.460172 4097.324061 4079.650983 4038.352040 4020.140881 4020.984742 4038.185845 4036.142202 4021.257894 4009.898508 4000.196452 3990.206957 3971.349407 3950.238901 3956.666343 3976.690528 3978.974697 3983.570516 3992.402517 3992.220248 3984.737633 3980.069406 3991.579187 3996.464065 4008.061331 4027.316321 4032.473508 4050.793901 4086.467599 4099.197093 4114.255060 4132.275130 4152.373520 4174.345870 4197.475403 4211.725251 4227.037942 4245.400664 4262.034891 4282.254436 4304.673932
4333.268201 4301.385822 4279.865137 4262.251497 4242.649709 4214.212957 4194.218717 4191.918369 4185.849467 4154.394933 4100.544543 4065.956863 4044.006928 4022.275498 3999.507023 3974.534609 3934.698388 3899.175725 3877.001143 3895.336687 3907.652267 3921.983393 3911.278499 3901.056117 3891.659504 3872.626138 3855.460183 3837.868053 3849.546381 3858.280255 3879.976363 3887.757282 3891.791266 3898.547190 3897.026054 3884.653994 3876.949420 3884.795518 3894.529783 3906.882019 3930.428756 3967.463130 3992.266949 4010.699789 4031.035281 4049.224953 4070.081024 4092.630764 4115.496853 4132.486705 4150.549242 4168.653294 4189.273654 4207.807505 4230.011734
4250.352384 4222.130929 4195.977925 4172.768071 4139.884094 4091.746564 4077.436674 4068.383100 4044.285660 3994.095350 3952.613161 3935.280433 3925.016208 3902.313336 3882.182411 3852.833818 3818.410587 3798.143624 3777.692402 3789.242172 3800.659074 3823.215151 3815.464610 3809.928196 3807.911864 3792.570264 3779.555723 3762.677889 3768.732035 3781.547908 3806.720757 3813.260153 3817.630278 3827.694071 3827.027846 3821.772923 3801.904877 3808.060171 3818.856548 3833.695645 3865.570316 3887.536994 3909.446008 3931.106156 3949.998593 3970.994303 3992.520520 4014.907456 4041.139146 4060.354412 4078.950136 4100.065631 4118.564795 4131.607841 4146.370841
4140.124267 4116.798326 4098.182737 4074.236266 4029.938971 3986.032958 3943.580545 3914.324131 3858.654636 3823.626856 3807.128081 3810.526960 3800.418590 3782.154001 3764.602795 3746.493051 3726.321925 3709.168838 3684.413829 3690.784024 3707.984509 3726.299192 3729.846401 3732.345208 3731.655027 3723.155487 3709.968564 3696.465337 3700.334144 3718.042070 3736.417618 3747.241381 3755.285836 3763.071227 3762.610352 3752.181075 3741.487143 3745.743919 3761.132156 3776.877167 3793.104003 3812.746625 3832.653442 3852.384353 3874.160115 3895.890435 3917.857673 3941.783013 3967.824659 3988.688305 4011.620157 4035.231751 4050.381588 4057.623420 4063.257851
4036.773106 4018.839659 3996.440296 3969.033583 3927.088487 3888.377066 3848.351783 3799.395439 3766.961756 3739.811300 3736.609977 3723.293533 3712.484963 3700.284686 3681.425740 3667.040987 3654.459035 3634.392373 3627.264407 3635.755136 3649.875542 3657.691448 3666.057896 3664.666711 3662.971206 3658.227231 3644.513006 3642.118889 3652.656689 3667.838930 3681.215386 3693.149862 3700.042750 3704.785795 3701.481063 3691.818598 3689.382093 3697.258172 3712.305135 3724.881164 3738.254341 3757.736247 3776.368216 3796.729320 3817.913278 3838.550721 3861.622416 3885.423326 3910.242540 3936.534648 3957.518617 3974.169890 3981.176728 3988.965191 3985.596191
3912.855034 3903.527280 3878.434325 3850.667010 3823.194622 3792.503249 3770.881682 3741.301446 3712.996205 3685.839230 3661.383873 3651.870373 3648.191085 3637.484086 3622.657802 3613.472111 3599.571050 3592.658874 3601.327071 3602.765591 3610.474613 3608.225100 3609.757667 3607.950806 3607.903539 3606.649159 3602.080796 3615.463451 3621.750289 3634.756500 3644.498486 3654.206185 3659.721584 3662.941323 3664.208137 3660.355605 3666.537819 3671.846773 3684.665535 3694.908813 3707.068215 3725.644252 3741.106565 3758.412865 3779.043334 3800.373242 3822.446592 3846.433400 3872.846901 3895.739618 3911.350596 3915.800877 3922.960435 3921.693660 3907.637029
