tests/Borden05m/sims/sim_1/output-maps/psiliqL0030N0011.asc
ncols         160
nrows         34
xllcorner     620200.000000
yllcorner     5168000.000000
cellsize      0.500000
NODATA_value  -9999.0
[rows 0 to 24 of 34, columns 0 to 54 of 160]
-9999.0 -9999.0 -9999.0 -9999.0 -9999.0 -9999.0 -9999.0 -9999.0 -9999.0 -9999.0 -9999.0 -9999.0 -9999.0 -9999.0 -9999.0 -9999.0 -9999.0 -9999.0 -9999.0 -9999.0 -9999.0 -9999.0 -9999.0 -9999.0 -9999.0 -9999.0 -9999.0 -9999.0 -9999.0 -9999.0 -9999.0 -9999.0 -9999.0 -9999.0 -9999.0 -9999.0 -9999.0 -9999.0 -9999.0 -9999.0 -9999.0 -9999.0 -9999.0 -9999.0 -9999.0 -9999.0 -9999.0 -9999.0 -9999.0 -9999.0 -9999.0 -9999.0 -9999.0 -9999.0 -9999.0
-9999.0 -9999.0 -9999.0 -9999.0 -9999.0 -9999.0 -9999.0 -9999.0 -9999.0 -9999.0 -9999.0 -9999.0 -9999.0 -9999.0 -9999.0 -9999.0 -9999.0 -9999.0 -9999.0 -9999.0 -9999.0 -9999.0 -9999.0 -9999.0 -9999.0 -9999.0 -9999.0 -9999.0 -9999.0 -9999.0 -9999.0 -9999.0 -9999.0 -9999.0 -9999.0 -9999.0 -9999.0 -9999.0 -9999.0 -9999.0 -9999.0 -9999.0 -9999.0 -9999.0 -9999.0 -9999.0 -9999.0 -9999.0 -9999.0 -9999.0 -9999.0 -9999.0 -9999.0 -9999.0 -9999.0
-9999.0 -9999.0 -9999.0 -9999.0 -9999.0 -9999.0 -9999.0 -9999.0 -9999.0 -9999.0 -9999.0 -9999.0 -9999.0 -9999.0 -9999.0 -9999.0 -9999.0 -9999.0 -9999.0 -9999.0 -9999.0 -9999.0 -9999.0 -9999.0 -9999.0 -9999.0 -9999.0 -9999.0 -9999.0 -9999.0 -9999.0 -9999.0 -9999.0 -9999.0 -9999.0 -9999.0 -9999.0 -9999.0 -9999.0 -9999.0 -9999.0 -9999.0 -9999.0 -9999.0 -9999.0 -9999.0 -9999.0 4072.143924 4055.002208 4042.320060 4036.715379 4057.135465 4079.979620 4103.687314 4124.083623
-9999.0 -9999.0 -9999.0 -9999.0 -9999.0 -9999.0 -9999.0 -9999.0 -9999.0 -9999.0 -9999.0 -9999.0 -9999.0 -9999.0 -9999.0 -9999.0 -9999.0 -9999.0 -9999.0 -9999.0 -9999.0 -9999.0 -9999.0 -9999.0 -9999.0 -9999.0 -9999.0 -9999.0 -9999.0 -9999.0 -9999.0 -9999.0 -9999.0 -9999.0 -9999.0 -9999.0 -9999.0 -9999.0 -9999.0 -9999.0 4123.990348 4129.842383 4128.999969 4119.243957 4107.740561 4093.383462 4072.437091 4055.383932 4042.845882 4041.032121 4043.247504 4044.904612 4064.719010 4090.241976 4110.104588
-9999.0 -9999.0 -9999.0 -9999.0 -9999.0 -9999.0 -9999.0 -9999.0 -9999.0 -9999.0 -9999.0 -9999.0 -9999.0 -9999.0 -9999.0 -9999.0 -9999.0 -9999.0 -9999.0 -9999.0 -9999.0 -9999.0 -9999.0 -9999.0 -9999.0 -9999.0 -9999.0 -9999.0 -9999.0 -9999.0 -9999.0 -9999.0 -9999.0 -9999.0 4031.842912 4048.480394 4066.203933 4084.684038 4101.622270 4108.689475 4114.431599 4119.518439 4114.524431 4109.994271 4097.951799 4076.017883 4056.600380 4044.040260 4043.333845 4040.747617 4043.812396 4054.630725 4070.957454 4085.306557 4105.468762
-9999.0 -9999.0 -9999.0 -9999.0 -9999.0 -9999.0 -9999.0 -9999.0 -9999.0 -9999.0 -9999.0 -9999.0 -9999.0 -9999.0 -9999.0 -9999.0 -9999.0 -9999.0 -9999.0 -9999.0 -9999.0 -9999.0 -9999.0 -9999.0 -9999.0 -9999.0 -9999.0 -9999.0 4038.510672 4032.433569 4027.530790 4025.723208 4024.009236 4022.922629 4029.339867 4039.915626 4056.380147 4078.414313 4091.636454 4098.741446 4105.540135 4105.526659 4099.057885 4097.164453 4097.414906 4084.140793 4071.326958 4059.313978 4047.504944 4043.494407 4051.835343 4065.827953 4081.750410 4095.926885 4110.824738
-9999.0 -9999.0 -9999.0 -9999.0 -9999.0 -9999.0 -9999.0 -9999.0 -9999.0 -9999.0 -9999.0 -9999.0 -9999.0 -9999.0 -9999.0 -9999.0 -9999.0 -9999.0 -9999.0 -9999.0 -9999.0 -9999.0 -9999.0 4008.927543 4013.398747 4019.738458 4027.283120 4028.060314 4024.853018 4019.347173 4016.554926 4014.890800 4012.117380 4016.378634 4022.664817 4035.035014 4049.724607 4071.824857 4079.591745 4082.850951 4093.515768 4097.201134 4105.399936 4108.826441 4106.446975 4101.503598 4085.315151 4072.498475 4073.192614 4076.099391 4082.542047 4090.589146 4103.701137 4116.429847 4130.583371
-9999.0 -9999.0 -9999.0 -9999.0 -9999.0 -9999.0 -9999.0 -9999.0 -9999.0 -9999.0 -9999.0 -9999.0 -9999.0 -9999.0 -9999.0 -9999.0 -9999.0 -9999.0 -9999.0 3984.747128 3985.763701 3987.259496 3992.031851 3992.101198 3993.523110 3999.947183 4007.608274 4010.401202 4007.685837 4006.522049 4007.368434 4009.453588 4013.548956 4023.142703 4035.763084 4048.935102 4060.664757 4080.540912 4094.080498 4105.195864 4119.459523 4119.697058 4115.651704 4113.450700 4112.554001 4109.668708 4105.451516 4102.618157 4108.178696 4106.863956 4108.784155 4117.278939 4128.879888 4144.198398 4160.352982
-9999.0 -9999.0 -9999.0 -9999.0 -9999.0 -9999.0 -9999.0 -9999.0 -9999.0 -9999.0 -9999.0 -9999.0 -9999.0 -9999.0 -9999.0 -9999.0 3955.662367 3957.286763 3959.573102 3964.983838 3968.809946 3972.510902 3979.234751 3980.536901 3983.398502 3989.943725 3993.667211 4002.534004 4010.380230 4016.622717 4021.578017 4022.975362 4028.122104 4036.067164 4046.159830 4058.351808 4076.731397 4099.322453 4113.721682 4129.303291 4145.572396 4145.190668 4142.365467 4141.450520 4138.478201 4137.331016 4149.811612 4151.354583 4143.189520 4149.839882 4160.129364 4161.506288 4167.557739 4186.938456 4208.092648
-9999.0 -9999.0 -9999.0 -9999.0 -9999.0 -9999.0 -9999.0 -9999.0 -9999.0 -9999.0 -9999.0 -9999.0 -9999.0 3905.242290 3908.975144 3919.233594 3931.344112 3934.348108 3939.280338 3945.924645 3957.645344 3960.831105 3966.188025 3972.604245 3984.834649 3992.643946 4000.349664 4010.997702 4017.731000 4023.373145 4028.270127 4028.930822 4038.466464 4050.677669 4063.197884 4080.585746 4101.183986 4117.676872 4133.891621 4149.355040 4159.279565 4154.169900 4152.542498 4153.728209 4156.566498 4167.294488 4182.234008 4179.083372 4185.185361 4204.131641 4212.649540 4217.952744 4222.730435 4236.338140 4257.687311
-9999.0 -9999.0 -9999.0 -9999.0 -9999.0 -9999.0 -9999.0 -9999.0 -9999.0 -9999.0 3880.868180 3881.829614 3877.679533 3873.731495 3879.441424 3891.525022 3906.023533 3910.760102 3922.471984 3943.509499 3961.973068 3964.166266 3976.346889 3985.683053 3991.300837 3999.544488 4010.806661 4021.011876 4034.232689 4043.885605 4050.006907 4063.538379 4077.321531 4091.595231 4106.936435 4125.810044 4139.338248 4160.208838 4183.221959 4189.492283 4203.735586 4203.159269 4197.955009 4194.815244 4203.438443 4212.242696 4224.173172 4236.624537 4253.362847 4273.534905 4281.057261 4293.033064 4301.207442 4310.686422 4325.737859
-9999.0 -9999.0 -9999.0 -9999.0 -9999.0 -9999.0 -9999.0 -9999.0 3856.463755 3864.613234 3869.344467 3865.505069 3860.500714 3853.388595 3867.848117 3882.511557 3897.588511 3915.483426 3930.115833 3947.584296 3960.054611 3973.178173 3992.228901 4001.288178 4009.996087 4023.267892 4034.350000 4046.654818 4065.065602 4069.677343 4077.325078 4094.457589 4107.633748 4122.564767 4139.036754 4153.598638 4170.784432 4198.853071 4225.879239 4239.309072 4263.970478 4278.729861 4271.202266 4267.869717 4267.900910 4289.594585 4314.265674 4342.292879 4358.828723 4380.671930 4408.206337 4427.362454 4436.378207 4447.270616 4460.968263
-9999.0 -9999.0 -9999.0 -9999.0 -9999.0 -9999.0 3827.762101 3851.895717 3866.718097 3857.337515 3841.118826 3834.810744 3827.238789 3859.955319 3881.733262 3898.258545 3913.940053 3930.419402 3945.448562 3951.239332 3978.321722 3996.986255 4006.671051 4017.006264 4029.945006 4042.809051 4057.122917 4076.288525 4091.057099 4109.274222 4121.160542 4134.140242 4155.846919 4171.405329 4186.813700 4198.290712 4224.092405 4257.436424 4290.966388 4313.808482 4337.238717 4368.757523 4366.495254 4367.375536 4367.645964 4392.167226 4426.524285 4456.114145 4487.408965 4517.599513 4546.451040 4556.847001 4565.739228 4575.571120 4588.176902
-9999.0 -9999.0 -9999.0 -9999.0 3796.298860 3816.759680 3834.433905 3863.705358 3884.840279 3879.194077 3882.070870 3878.597754 3872.504433 3877.068656 3884.673703 3900.567928 3918.739330 3937.304921 3949.303032 3972.827572 4019.280337 4027.743157 4041.426738 4068.814984 4077.759533 4090.121492 4104.276100 4122.893307 4138.053822 4162.636230 4193.424637 4219.622570 4239.238600 4257.048056 4275.225686 4290.548577 4325.699067 4362.372656 4397.664330 4428.516364 4454.779234 4481.029504 4486.444350 4490.949981 4500.799532 4518.306504 4541.568151 4569.452357 4603.927069 4636.326108 4659.464809 4667.723632 4672.617987 4682.214613 4689.377407
-9999.0 -9999.0 -9999.0 3740.749459 3779.701916 3819.505525 3844.066126 3873.342951 3904.977117 3902.558244 3910.303605 3907.696281 3903.928455 3907.413764 3907.955600 3923.112823 3940.640698 3960.469079 3980.570003 4012.137449 4038.623267 4051.992168 4077.622305 4089.827102 4099.832657 4111.038080 4128.775625 4147.077699 4181.921594 4209.294349 4253.950189 4303.789528 4334.854358 4353.289170 4376.045450 4403.941086 4429.543350 4469.312011 4503.525190 4535.772365 4566.081883 4588.055949 4601.671244 4606.029529 4616.063947 4621.540034 4633.579292 4654.742085 4677.481997 4708.880084 4738.623360 4768.769970 4784.608935 4796.203538 4813.835945
-9999.0 -9999.0 3691.983348 3731.904372 3761.993938 3807.043337 3859.472919 3894.096043 3932.233248 3948.768016 3950.046430 3957.835519 3965.889732 3964.231723 3970.174909 3980.673113 4003.227737 4012.116412 4032.872568 4043.750488 4076.873451 4107.116139 4095.754123 4130.258787 4159.256664 4193.052921 4215.258168 4241.895330 4280.411866 4312.596933 4356.342839 4406.747353 4440.605587 4468.308829 4484.698485 4505.760788 4526.187419 4553.695240 4591.612821 4617.079787 4651.676712 4677.410175 4696.936014 4696.692160 4699.259697 4715.829328 4745.389216 4777.716592 4807.977942 4838.507754 4818.607321 4845.157492 4857.044352 4863.676323 4874.104132
-9999.0 -9999.0 3660.415431 3707.323759 3739.579142 3794.241175 3882.336128 3914.940652 3953.268503 3997.939699 4009.544846 4029.395158 4017.221864 3999.427480 4014.933653 4026.384092 4049.002898 4056.620263 4049.101847 4100.233383 4151.226015 4168.477959 4163.797403 4243.642618 4298.185757 4324.981994 4343.324737 4364.052664 4383.186081 4421.012610 4458.848240 4514.514510 4556.013526 4586.356118 4601.224271 4622.374368 4642.411944 4657.517282 4677.777432 4726.887540 4764.888450 4797.355497 4830.896598 4852.879880 4861.338172 4867.051343 4837.842776 4860.076456 4875.154405 4881.657430 4884.303811 4880.424715 4879.909049 4880.789998 4881.709747
-9999.0 3565.363327 3617.894945 3667.203456 3729.617633 3788.388584 3859.850520 3932.501916 4001.076003 4054.233668 4077.944125 4065.002902 4053.697558 4073.605862 4090.999747 4104.458793 4110.839219 4122.786800 4101.688815 4156.905427 4190.547174 4233.388461 4330.723401 4390.386485 4459.470794 4454.613229 4441.892983 4445.553597 4460.224298 4508.243113 4591.233255 4650.664500 4720.629968 4772.697374 4791.028072 4799.349514 4818.989099 4840.623954 4778.881494 4828.159249 4850.999490 4870.057884 4881.480410 4884.107261 4885.574373 4885.301174 4881.502635 4874.293014 4865.976665 4860.024446 4855.718587 4851.215199 4853.661741 4857.008042 4856.994143
-9999.0 3525.792845 3582.305051 3649.307726 3715.033348 3754.427654 3829.345062 4002.537093 4067.437227 4105.308623 4105.334727 4066.611284 4118.549027 4176.922373 4198.917203 4244.921440 4227.031626 4211.335123 4168.012108 4191.899546 4228.409661 4299.553769 4480.171216 4571.267001 4631.099424 4639.027414 4638.799250 4668.333496 4715.402671 4766.807044 4817.065525 4777.614429 4834.349360 4862.453014 4868.325762 4869.147819 4875.453463 4873.759021 4872.630750 4868.031927 4862.758543 4862.947928 4867.785162 4867.655243 4864.617321 4861.104019 4855.317815 4847.900622 4842.778753 4838.133706 4835.497139 4832.699341 4830.599558 4829.579429 4824.468210
-9999.0 3481.231398 3557.192654 3613.199102 3652.007378 3734.234268 3865.192399 4011.780798 4109.137537 4142.009098 4104.988335 4129.807514 4234.279025 4344.901833 4398.595900 4419.443792 4394.828184 4338.952219 4312.745006 4357.182387 4430.747282 4560.580584 4715.266787 4822.901937 4839.717240 4843.633822 4788.093033 4817.977675 4845.676949 4848.963940 4850.264549 4859.831775 4865.035442 4868.151669 4866.525817 4863.617580 4858.736505 4850.420696 4845.651196 4841.838004 4837.973240 4836.603679 4838.438958 4840.509633 4837.586712 4833.640765 4829.145190 4823.572845 4817.169345 4810.308874 4805.822281 4801.425022 4799.223258 4793.346445 4789.957897
-9999.0 3348.382273 3447.682060 3482.324059 3540.905647 3734.264288 3863.965733 4000.497767 4172.217205 4186.903277 4223.240551 4370.269158 4495.686630 4579.937799 4606.751816 4639.116178 4663.751124 4678.723119 4717.477042 4574.974619 4664.483784 4776.219672 4828.328987 4850.925473 4863.895221 4864.327233 4853.976558 4832.691933 4821.847279 4815.078729 4816.695293 4824.043333 4828.524928 4833.153857 4830.797794 4832.052334 4833.521236 4830.387206 4826.259686 4817.324657 4809.359259 4802.330703 4798.585638 4803.119697 4798.501806 4796.341288 4789.983615 4781.285234 4772.104023 4764.681618 4756.479907 4749.813982 4747.613854 4742.608273 4741.351176
-9999.0 3267.182823 3337.748323 3385.367330 3484.676195 3647.469829 3729.478686 3883.511651 4136.166077 4280.076912 4458.619702 4557.595736 4629.176160 4667.182004 4715.707834 4771.367889 4800.632922 4814.270934 4778.133189 4805.229368 4759.899251 4748.415034 4766.874428 4797.676619 4816.553271 4820.927292 4813.332024 4804.628099 4797.323738 4796.201040 4793.765519 4788.890598 4784.010361 4779.973176 4776.834813 4780.161524 4785.757731 4778.276893 4767.376829 4757.434157 4748.488304 4738.903561 4732.751271 4727.636140 4728.439388 4728.789329 4720.961247 4710.246373 4699.102530 4690.590488 4683.352775 4679.013569 4676.106169 4670.911293 4660.444372
-9999.0 3138.373235 3275.095168 3343.695193 3426.155949 3550.542514 3644.712917 3790.970248 3913.751937 4167.893543 4304.976886 4528.005145 4582.524321 4658.136231 4703.740826 4781.053056 4775.094303 4744.027949 4698.307864 4682.620339 4696.595024 4706.363087 4713.988416 4727.696837 4746.027463 4756.698060 4762.839152 4757.363936 4742.992893 4729.591152 4717.139119 4702.246630 4692.111159 4689.218586 4694.305493 4705.246251 4705.232469 4695.794220 4681.189129 4662.125539 4645.888837 4633.589813 4631.795323 4634.962370 4636.317401 4631.959250 4626.288350 4615.213921 4602.331970 4589.428069 4584.034438 4579.791037 4571.932227 4559.979196 4547.485450
-9999.0 -9999.0 3184.412353 3290.972180 3376.934231 3481.229175 3558.203813 3664.718293 3800.216920 3968.120329 4085.252542 4283.916443 4388.513995 4433.937654 4464.686544 4522.706136 4551.642370 4588.193896 4587.048046 4602.216107 4614.195738 4620.298722 4625.103208 4629.801756 4640.056772 4650.264894 4661.599439 4658.731719 4650.049009 4628.445199 4600.984702 4579.524053 4568.454468 4558.425430 4571.462965 4584.423796 4578.059760 4570.986224 4557.987946 4541.440598 4528.855678 4514.293040 4510.839697 4510.557858 4511.230758 4508.981375 4506.910258 4494.340984 4482.004993 4472.462098 4468.659535 4462.942000 4459.665035 4449.844587 4439.174649
-9999.0 -9999.0 3093.981286 3194.904002 3290.410041 3403.076917 3478.373422 3466.929331 3595.422780 3693.443687 3802.540975 3919.215741 4022.266850 4094.232316 4124.953874 4189.196322 4251.801059 4272.262684 4320.253101 4383.203378 4421.324334 4465.521819 4490.976087 4500.169077 4512.832179 4528.107651 4535.486255 4519.225906 4507.839959 4490.492533 4466.197802 4438.199664 4424.072464 4424.531374 4422.528603 4422.906355 4414.592135 4405.697827 4391.016446 4377.435540 4365.324417 4357.031655 4353.501536 4347.135714 4344.440016 4341.640260 4340.239393 4335.807272 4328.230886 4324.364919 4315.940153 4312.659913 4312.299042 4310.065567 4305.027710
