tests/Borden05m/sims/sim_1/output-maps/psiliqL0019N0019.asc
ncols         160
nrows         34
xllcorner     620200.000000
yllcorner     5168000.000000
cellsize      0.500000
NODATA_value  -9999.0
[rows 0 to 24 of 34, columns 0 to 54 of 160]
-9999.0 -9999.0 -9999.0 -9999.0 -9999.0 -9999.0 -9999.0 -9999.0 -9999.0 -9999.0 -9999.0 -9999.0 -9999.0 -9999.0 -9999.0 -9999.0 -9999.0 -9999.0 -9999.0 -9999.0 -9999.0 -9999.0 -9999.0 -9999.0 -9999.0 -9999.0 -9999.0 -9999.0 -9999.0 -9999.0 -9999.0 -9999.0 -9999.0 -9999.0 -9999.0 -9999.0 -9999.0 -9999.0 -9999.0 -9999.0 -9999.0 -9999.0 -9999.0 -9999.0 -9999.0 -9999.0 -9999.0 -9999.0 -9999.0 -9999.0 -9999.0 -9999.0 -9999.0 -9999.0 -9999.0
-9999.0 -9999.0 -9999.0 -9999.0 -9999.0 -9999.0 -9999.0 -9999.0 -9999.0 -9999.0 -9999.0 -9999.0 -9999.0 -9999.0 -9999.0 -9999.0 -9999.0 -9999.0 -9999.0 -9999.0 -9999.0 -9999.0 -9999.0 -9999.0 -9999.0 -9999.0 -9999.0 -9999.0 -9999.0 -9999.0 -9999.0 -9999.0 -9999.0 -9999.0 -9999.0 -9999.0 -9999.0 -9999.0 -9999.0 -9999.0 -9999.0 -9999.0 -9999.0 -9999.0 -9999.0 -9999.0 -9999.0 -9999.0 -9999.0 -9999.0 -9999.0 -9999.0 -9999.0 -9999.0 -9999.0
-9999.0 -9999.0 -9999.0 -9999.0 -9999.0 -9999.0 -9999.0 -9999.0 -9999.0 -9999.0 -9999.0 -9999.0 -9999.0 -9999.0 -9999.0 -9999.0 -9999.0 -9999.0 -9999.0 -9999.0 -9999.0 -9999.0 -9999.0 -9999.0 -9999.0 -9999.0 -9999.0 -9999.0 -9999.0 -9999.0 -9999.0 -9999.0 -9999.0 -9999.0 -9999.0 -9999.0 -9999.0 -9999.0 -9999.0 -9999.0 -9999.0 -9999.0 -9999.0 -9999.0 -9999.0 -9999.0 -9999.0 1903.905411 1886.884585 1872.617774 1869.590124 1891.836217 1915.526859 1939.793244 1960.803092
-9999.0 -9999.0 -9999.0 -9999.0 -9999.0 -9999.0 -9999.0 -9999.0 -9999.0 -9999.0 -9999.0 -9999.0 -9999.0 -9999.0 -9999.0 -9999.0 -9999.0 -9999.0 -9999.0 -9999.0 -9999.0 -9999.0 -9999.0 -9999.0 -9999.0 -9999.0 -9999.0 -9999.0 -9999.0 -9999.0 -9999.0 -9999.0 -9999.0 -9999.0 -9999.0 -9999.0 -9999.0 -9999.0 -9999.0 -9999.0 1951.468498 1957.579784 1958.412753 1948.604617 1937.734791 1925.192965 1905.202729 1887.851443 1874.133580 1872.291959 1875.295075 1879.694206 1901.826321 1927.324038 1947.590577
-9999.0 -9999.0 -9999.0 -9999.0 -9999.0 -9999.0 -9999.0 -9999.0 -9999.0 -9999.0 -9999.0 -9999.0 -9999.0 -9999.0 -9999.0 -9999.0 -9999.0 -9999.0 -9999.0 -9999.0 -9999.0 -9999.0 -9999.0 -9999.0 -9999.0 -9999.0 -9999.0 -9999.0 -9999.0 -9999.0 -9999.0 -9999.0 -9999.0 -9999.0 1857.569873 1875.021140 1893.409253 1912.318207 1929.587600 1936.850761 1942.860143 1948.703674 1944.713171 1940.591197 1929.511888 1909.907679 1890.894309 1877.935971 1876.776640 1874.801230 1879.236066 1891.963456 1909.175193 1925.308417 1946.543072
-9999.0 -9999.0 -9999.0 -9999.0 -9999.0 -9999.0 -9999.0 -9999.0 -9999.0 -9999.0 -9999.0 -9999.0 -9999.0 -9999.0 -9999.0 -9999.0 -9999.0 -9999.0 -9999.0 -9999.0 -9999.0 -9999.0 -9999.0 -9999.0 -9999.0 -9999.0 -9999.0 -9999.0 1860.044843 1854.452782 1850.009276 1849.043388 1848.246931 1847.735374 1854.862811 1866.882737 1884.899871 1907.259506 1920.867952 1928.571866 1935.742786 1936.728109 1931.751464 1930.367238 1931.257134 1919.515066 1908.022709 1897.293396 1886.908837 1885.124649 1894.892650 1909.600291 1926.347196 1941.601632 1957.453277
-9999.0 -9999.0 -9999.0 -9999.0 -9999.0 -9999.0 -9999.0 -9999.0 -9999.0 -9999.0 -9999.0 -9999.0 -9999.0 -9999.0 -9999.0 -9999.0 -9999.0 -9999.0 -9999.0 -9999.0 -9999.0 -9999.0 -9999.0 1828.241858 1833.903144 1840.854127 1848.912485 1850.369667 1847.119319 1842.126710 1839.836883 1838.996497 1837.651332 1842.756260 1850.871093 1864.680384 1880.775714 1903.389226 1912.367214 1918.145431 1930.476806 1934.177868 1941.387992 1945.900497 1944.614029 1941.678685 1928.548998 1918.684652 1922.877736 1928.376800 1935.697146 1944.344930 1958.281306 1973.386729 1990.249599
-9999.0 -9999.0 -9999.0 -9999.0 -9999.0 -9999.0 -9999.0 -9999.0 -9999.0 -9999.0 -9999.0 -9999.0 -9999.0 -9999.0 -9999.0 -9999.0 -9999.0 -9999.0 -9999.0 1802.238726 1803.469678 1805.167754 1810.339334 1811.334496 1813.731280 1821.113634 1829.748066 1832.934253 1831.580338 1830.979250 1833.072588 1836.403506 1841.518438 1853.084292 1867.318004 1881.972073 1895.932622 1917.273900 1932.406269 1945.943073 1962.122447 1962.495029 1959.210736 1957.987503 1958.725646 1958.591969 1960.624624 1962.162401 1968.811471 1972.184344 1977.731611 1987.442974 1999.624826 2017.544826 2036.781787
-9999.0 -9999.0 -9999.0 -9999.0 -9999.0 -9999.0 -9999.0 -9999.0 -9999.0 -9999.0 -9999.0 -9999.0 -9999.0 -9999.0 -9999.0 -9999.0 1772.622322 1774.680048 1777.301818 1783.085133 1786.704277 1791.104280 1798.518756 1800.356838 1804.482998 1812.142784 1817.424270 1827.054710 1835.880668 1843.738663 1850.311370 1853.544773 1861.234216 1871.301758 1883.568627 1898.778689 1920.173459 1943.972433 1960.487103 1977.758418 1995.411190 1996.531365 1995.704259 1996.966231 1997.076086 2001.712294 2018.213742 2023.238014 2022.046632 2035.952564 2049.372434 2053.960903 2061.897633 2081.696613 2105.062171
-9999.0 -9999.0 -9999.0 -9999.0 -9999.0 -9999.0 -9999.0 -9999.0 -9999.0 -9999.0 -9999.0 -9999.0 -9999.0 1724.108087 1728.423064 1738.612463 1749.177566 1752.302090 1757.286289 1764.051131 1776.670609 1780.779221 1787.403684 1795.344489 1808.119747 1817.333774 1826.942774 1839.349157 1848.220251 1855.979407 1863.402320 1868.562456 1881.736508 1897.104975 1912.905458 1933.253259 1955.767750 1975.964240 1996.008328 2012.590868 2025.975580 2026.571661 2026.191398 2028.967384 2035.893079 2051.832488 2070.087197 2075.906611 2090.832177 2113.089111 2125.562427 2135.849335 2143.946279 2157.936620 2179.523405
-9999.0 -9999.0 -9999.0 -9999.0 -9999.0 -9999.0 -9999.0 -9999.0 -9999.0 -9999.0 1692.650203 1694.857363 1691.653138 1690.763587 1696.515308 1709.127712 1723.618222 1730.211912 1742.438297 1764.029007 1782.690133 1786.543347 1801.164052 1811.986618 1819.337768 1830.155896 1843.760506 1856.856675 1873.699869 1886.495462 1897.632742 1916.546761 1933.419747 1950.494964 1968.722174 1989.685345 2008.635748 2035.785865 2062.636998 2074.446447 2095.102594 2103.349897 2100.615752 2100.542658 2110.137438 2124.682752 2143.695937 2164.260181 2184.903321 2209.149852 2224.058495 2238.182700 2248.703294 2260.731575 2276.794968
-9999.0 -9999.0 -9999.0 -9999.0 -9999.0 -9999.0 -9999.0 -9999.0 1667.459115 1675.327366 1681.465904 1678.685994 1674.563717 1670.258859 1684.781865 1700.890918 1717.313935 1735.698512 1752.022443 1770.761873 1786.033641 1802.226231 1822.770550 1834.702788 1846.547529 1862.366312 1876.428842 1893.325824 1914.990614 1926.594899 1941.940347 1963.369406 1981.681741 2000.097820 2019.445740 2037.781930 2062.657209 2095.526888 2126.898853 2147.627173 2175.218807 2196.388437 2194.403515 2195.912790 2199.707450 2224.732594 2253.093263 2283.293380 2306.707541 2332.926970 2362.176068 2380.776751 2391.413876 2404.003320 2419.261319
-9999.0 -9999.0 -9999.0 -9999.0 -9999.0 -9999.0 1639.201712 1663.698645 1679.087743 1671.209052 1659.966656 1656.092181 1651.613385 1678.377408 1700.963241 1718.742829 1736.090377 1754.224356 1771.210551 1783.027437 1815.777855 1834.832630 1848.873361 1865.739796 1880.966056 1896.230672 1913.972803 1937.336649 1958.344397 1985.942288 2009.002716 2031.096382 2057.453940 2077.303553 2096.400455 2113.827608 2144.447864 2181.312098 2217.679749 2245.333608 2271.989927 2303.832559 2308.991907 2313.971691 2319.643448 2342.088263 2374.745489 2404.976033 2438.399485 2470.346037 2498.196872 2510.834935 2521.476822 2532.895382 2546.565220
-9999.0 -9999.0 -9999.0 -9999.0 1605.734621 1626.756979 1646.490149 1677.184944 1699.831713 1695.212574 1701.396009 1701.142417 1698.774054 1703.566808 1711.556581 1729.866600 1749.253555 1768.994914 1786.132107 1818.767490 1864.567697 1879.079373 1901.317634 1932.972512 1946.382812 1961.968719 1978.797592 2001.749289 2026.326545 2058.493219 2099.565723 2134.680877 2159.860825 2182.450692 2203.906114 2224.912605 2260.075151 2298.378952 2335.446081 2369.142678 2398.327603 2424.898053 2436.061852 2443.594306 2455.399176 2472.557308 2494.888829 2523.330279 2555.993374 2588.480050 2613.282009 2625.524220 2633.013604 2643.804214 2653.670924
-9999.0 -9999.0 -9999.0 1554.342504 1593.311091 1632.020416 1658.761988 1689.713480 1722.281286 1725.553062 1734.869399 1738.363979 1741.494405 1749.399460 1756.507911 1773.963571 1791.505397 1809.579268 1832.161910 1868.424489 1901.909257 1927.807303 1958.772578 1982.118824 2000.605608 2016.108652 2035.431450 2058.851793 2098.338218 2133.940601 2183.440869 2236.498338 2272.578163 2296.612418 2320.156789 2348.533510 2374.457483 2412.349956 2447.676476 2481.155177 2513.703543 2538.392464 2556.254955 2563.548447 2573.790405 2581.964722 2597.304650 2618.816574 2641.269114 2671.171531 2700.313930 2728.396717 2743.585199 2754.469545 2771.204710
-9999.0 -9999.0 1506.569752 1545.136559 1578.340334 1627.451033 1680.728321 1715.756235 1756.490656 1778.936500 1784.879130 1800.025546 1814.550343 1820.026336 1833.625688 1849.739095 1869.740818 1878.133396 1897.110997 1922.842793 1968.469983 2010.053410 2022.307918 2068.978766 2101.548342 2131.572024 2151.374594 2178.927577 2216.171943 2255.899152 2304.125201 2355.084016 2393.149556 2424.481955 2442.222344 2463.189189 2486.102820 2512.733008 2548.701568 2577.187381 2609.965862 2636.525730 2658.198767 2663.577571 2668.432054 2684.848531 2711.055265 2740.318333 2766.887846 2792.781704 2790.057171 2806.788420 2814.749303 2819.504322 2826.246689
-9999.0 -9999.0 1478.486426 1524.134173 1562.426140 1625.929585 1708.556815 1745.052608 1787.363207 1833.612276 1850.988849 1874.794172 1880.549306 1883.036939 1904.855421 1924.887355 1940.989230 1948.973520 1947.600542 2002.536988 2059.223034 2100.391751 2132.600554 2203.054323 2251.177327 2271.310581 2286.577269 2308.202522 2332.179987 2374.579035 2420.199055 2474.800065 2519.640991 2551.662861 2568.855960 2589.181667 2610.389645 2628.439703 2648.729657 2691.482749 2723.989494 2752.530518 2781.844128 2803.018504 2811.819617 2816.397292 2801.013950 2814.944816 2824.541761 2829.119860 2831.277631 2828.467680 2828.419130 2829.588512 2830.835033
-9999.0 1387.774056 1440.142635 1492.443886 1559.835770 1625.157489 1705.577136 1784.078275 1845.007422 1894.607107 1922.808912 1928.434870 1951.753807 1988.037162 2011.943500 2035.425666 2040.310383 2048.389331 2036.459938 2087.472156 2132.930441 2198.041762 2303.391870 2360.443366 2412.078356 2412.874456 2406.852742 2417.853887 2439.981458 2485.654705 2559.052422 2611.514734 2671.068913 2717.796572 2735.773800 2744.595582 2763.909714 2785.213676 2759.490998 2790.593642 2805.801366 2818.464328 2824.488159 2827.259948 2829.139302 2829.824954 2827.046422 2820.987502 2813.522557 2808.231836 2804.431474 2800.159967 2802.710719 2806.002385 2806.432181
-9999.0 1351.185703 1409.931168 1480.394400 1550.302132 1610.618466 1706.556698 1858.656696 1916.130040 1954.183938 1971.020904 1976.380474 2046.505639 2110.170800 2141.030569 2186.160350 2178.255395 2167.630118 2147.108664 2178.163894 2224.213597 2297.232355 2449.242192 2535.256572 2572.798895 2583.822977 2589.895475 2618.323079 2659.072951 2702.564453 2742.866116 2734.123862 2771.767642 2792.101100 2799.127960 2802.721919 2808.984542 2810.326327 2810.188107 2807.753172 2804.332160 2805.720648 2810.923552 2811.528120 2809.296114 2806.544475 2801.204165 2793.815205 2788.366382 2783.627074 2780.761709 2777.635478 2775.649767 2775.039297 2770.084213
-9999.0 1317.391492 1390.082734 1451.774978 1509.814446 1615.700787 1743.614597 1882.668136 1977.192794 2013.923178 2020.404749 2076.755710 2177.549028 2276.946891 2328.971002 2353.545698 2348.794829 2319.616839 2316.080818 2361.520986 2429.135711 2531.899145 2641.126301 2727.717560 2743.003830 2747.922324 2718.959578 2738.819714 2757.923552 2763.860847 2768.859658 2777.750043 2786.591858 2792.875027 2794.559066 2794.328576 2791.809987 2785.617851 2782.174539 2779.909139 2777.292758 2777.308616 2780.210092 2781.993242 2779.552115 2775.739928 2771.105350 2765.122592 2758.328894 2751.201206 2746.664716 2742.105022 2739.454321 2733.767240 2729.064975
-9999.0 1208.625309 1300.178964 1349.766943 1449.155672 1629.184871 1757.202641 1903.793810 2057.141501 2089.482570 2153.283800 2279.763544 2389.452328 2465.687109 2502.099157 2541.362647 2569.899945 2592.236525 2629.537601 2561.072094 2627.774851 2702.233748 2736.381479 2752.966328 2759.475664 2761.951695 2755.120798 2737.598020 2729.878080 2726.451023 2731.629546 2742.405952 2750.862834 2759.006088 2759.406041 2762.246782 2764.354682 2762.232265 2759.204087 2751.550321 2744.461381 2738.772917 2736.639890 2741.706908 2736.878949 2733.858262 2727.493460 2718.759798 2708.339735 2700.247856 2691.938060 2684.727490 2681.515639 2675.448392 2673.192712
-9999.0 1127.786037 1203.047478 1281.027060 1408.775065 1573.157301 1690.092018 1853.976381 2074.401213 2197.974891 2336.657063 2415.477414 2487.582671 2541.245295 2598.736692 2648.541523 2675.581532 2688.346916 2672.884041 2690.581188 2657.428173 2651.417224 2671.825239 2701.032031 2717.223083 2722.626187 2716.046414 2707.953541 2703.050601 2704.571382 2705.748786 2706.053274 2706.050481 2705.714431 2704.639668 2708.618492 2714.679563 2708.991256 2699.350953 2690.971981 2683.407467 2674.924933 2669.295105 2665.286183 2664.557067 2664.220784 2656.388899 2645.766903 2635.232859 2626.697500 2618.739751 2613.002506 2609.681488 2603.862961 2594.205002
-9999.0 1020.898670 1146.732181 1234.035586 1345.424884 1479.494570 1597.633451 1756.998615 1898.610373 2127.252315 2278.198543 2417.021761 2462.122358 2524.980339 2579.586405 2650.070886 2652.877741 2625.545971 2591.650399 2579.331034 2589.875902 2601.506264 2614.410068 2633.224362 2651.815679 2662.654261 2667.078161 2661.611619 2649.481695 2640.758162 2634.270597 2624.982900 2618.961531 2619.018758 2622.601598 2632.066469 2634.520361 2626.240098 2613.901242 2597.329767 2582.875106 2571.886770 2569.300159 2571.038807 2571.221876 2567.131684 2560.417606 2549.534867 2536.822889 2524.505594 2517.372588 2511.847651 2504.097070 2492.778651 2479.927071
-9999.0 -9999.0 1067.406005 1177.552766 1280.153659 1398.598433 1504.090362 1637.857526 1784.334537 1961.523062 2078.363256 2227.219839 2308.358439 2353.576350 2397.169129 2452.977234 2475.782996 2501.898919 2492.263360 2502.002714 2512.178936 2519.823372 2529.219419 2539.627571 2552.703811 2563.476247 2573.106637 2571.841643 2564.217296 2547.261774 2526.451105 2510.795212 2502.854029 2496.363481 2507.861441 2520.510440 2517.249337 2511.121030 2499.390175 2483.245673 2470.498492 2456.626488 2452.871862 2452.776830 2452.750643 2449.741111 2445.670818 2432.624725 2419.693506 2408.328595 2403.013734 2396.621294 2391.454195 2380.614352 2369.141591
-9999.0 -9999.0 981.499838 1088.518616 1198.365787 1319.560288 1413.755635 1465.478480 1611.576372 1722.748043 1828.057457 1930.927968 2018.402425 2083.452566 2122.837778 2184.313754 2231.907842 2250.122990 2279.911688 2320.949520 2351.639138 2385.302718 2406.668158 2419.197044 2433.468363 2447.995767 2456.972055 2444.893206 2434.987429 2419.505350 2398.754435 2375.609031 2364.235565 2362.938996 2364.670374 2368.937563 2363.043039 2354.302106 2340.516948 2326.220953 2313.843418 2303.579135 2299.578514 2295.072179 2293.035164 2289.873268 2286.899774 2279.191137 2268.913973 2262.265366 2253.709380 2248.303554 2245.775386 2240.238953 2232.228217
