tests/Borden05m/sims/sim_1/output-maps/psiliqL0024N0014.asc
ncols         160
nrows         34
xllcorner     620200.000000
yllcorner     5168000.000000
cellsize      0.500000
NODATA_value  -9999.0
[rows 0 to 24 of 34, columns 55 to 109 of 160]
-9999.0 -9999.0 -9999.0 -9999.0 -9999.0 -9999.0 -9999.0 -9999.0 -9999.0 -9999.0 -9999.0 -9999.0 -9999.0 -9999.0 -9999.0 -9999.0 -9999.0 -9999.0 -9999.0 -9999.0 -9999.0 -9999.0 -9999.0 -9999.0 -9999.0 -9999.0 -9999.0 -9999.0 -9999.0 -9999.0 -9999.0 -9999.0 -9999.0 -9999.0 -9999.0 -9999.0 -9999.0 -9999.0 -9999.0 -9999.0 -9999.0 -9999.0 -9999.0 -9999.0 -9999.0 -9999.0 -9999.0 -9999.0 -9999.0 -9999.0 -9999.0 -9999.0 -9999.0 -9999.0 -9999.0
-9999.0 -9999.0 -9999.0 -9999.0 3000.128958 2994.798973 2989.957185 2985.665538 2983.914372 2974.839993 2966.990609 2962.929451 2961.889599 2961.140972 2960.626258 2965.619657 2973.728300 2981.389009 2988.152504 2982.581198 2984.541000 2986.393824 2986.617548 2985.430225 2982.527964 2987.629727 2984.447250 2982.805536 2975.371177 2964.235338 2955.872283 2953.183563 2957.391852 2961.737127 2964.190478 2969.441878 2979.826749 2990.208000 2990.204443 3001.897619 3008.706230 3014.037877 3016.717125 3012.757105 3009.505178 3005.625914 3000.035179 2988.985655 -9999.0 -9999.0 -9999.0 -9999.0 -9999.0 -9999.0 -9999.0
2951.986572 2970.339027 2984.397422 2987.503724 2982.616715 2977.749219 2974.646443 2972.985343 2968.804967 2960.354446 2955.284962 2949.880037 2947.406881 2947.475776 2947.443502 2951.233995 2961.960074 2969.825665 2974.451067 2976.990979 2979.809521 2978.441370 2977.712320 2977.485887 2974.601906 2971.257368 2967.886178 2966.058328 2967.377400 2959.801055 2953.892685 2950.066804 2947.290964 2949.956609 2952.614676 2957.002097 2966.176672 2974.054916 2981.648072 2987.954763 3000.242913 3005.876522 3003.387134 2998.816142 2995.459414 2988.572870 2985.720793 2975.847335 2967.649210 2961.358738 2955.888242 2949.471020 2955.707111 2963.262693 2972.546889
2935.582840 2954.790959 2975.124951 2977.756179 2967.522273 2959.750575 2953.241430 2953.768049 2957.176049 2953.958134 2949.219424 2941.887130 2951.664053 2952.725117 2953.526651 2956.779005 2958.928455 2963.788700 2966.277519 2971.616093 2980.539048 2983.309477 2983.749730 2983.805117 2981.840579 2978.598103 2976.656968 2973.867471 2968.601968 2966.905959 2966.638759 2965.488289 2969.654894 2970.787197 2973.877036 2968.230182 2972.498315 2978.675348 2985.184350 2990.489885 2987.262931 2989.648615 2986.432378 2987.267661 2987.704910 2974.241134 2964.632635 2957.026852 2956.898179 2953.840948 2945.842149 2932.173264 2940.181314 2956.085059 2960.721928
2940.284382 2949.244428 2959.956332 2962.535860 2957.525639 2959.638745 2961.436843 2962.728057 2960.952908 2957.530922 2953.532927 2964.220117 2972.239580 2973.628961 2976.137377 2980.113596 2981.254025 2970.319366 2968.248431 2975.614010 2984.858376 2990.013126 2990.164171 2989.818455 2986.367994 2985.216604 2984.972840 2983.106972 2982.766422 2984.425763 2982.325754 2985.487621 2990.736264 2983.928536 2988.363150 2980.077296 2982.107331 2990.226459 2988.854402 2995.973010 3005.834942 3016.736319 3016.907789 3012.363939 3004.318924 2992.297684 2979.332409 2961.753989 2950.700987 2942.741116 2935.421949 2937.849309 2933.281699 2946.589664 2948.245002
2928.081142 2948.150903 2967.915619 2974.024393 2968.050984 2964.152424 2962.725238 2963.409685 2962.638256 2963.490499 2972.745763 2984.541108 2986.010286 2987.469033 2989.216618 2988.404282 2991.431730 2981.391168 2978.576093 2991.785199 2997.131031 3004.424134 3003.970871 3000.079612 3003.648509 3003.468656 3003.574263 2999.937024 3000.794714 2998.902562 3004.923474 3012.530638 3020.306026 3018.433300 3006.574480 2994.435810 2994.192231 2999.279174 3005.265723 3012.669255 3022.880192 3032.168283 3027.449725 3022.167331 3014.630829 2989.294757 2976.919679 2962.959923 2962.745186 2963.327636 2959.186153 2956.934402 2955.575445 2950.943142 2950.982553
2965.267187 2984.441417 2994.729725 3007.442103 3001.147556 2993.440249 2984.602935 2984.691640 2985.298426 2991.247349 3001.753167 3014.910213 3036.224097 3035.939180 3036.595179 3035.756423 3023.513420 3010.409356 3000.213452 3021.501971 3031.806414 3039.032309 3036.992761 3042.701522 3051.422579 3047.643417 3041.059238 3029.250300 3034.897073 3042.110247 3057.156543 3064.848481 3069.869895 3065.804648 3052.397336 3045.836163 3046.941683 3052.789360 3053.470678 3061.541102 3070.594929 3085.613304 3084.550797 3080.567785 3060.556324 3023.933424 2995.165711 2993.030488 2992.426165 2986.784320 2991.063523 2990.583529 2979.013070 2971.213997 2973.747627
2989.213448 3002.529590 3018.317976 3034.793393 3026.337173 3015.941777 2999.797458 2996.898177 3001.368173 3011.265681 3028.708319 3047.117353 3067.323348 3067.249558 3061.990628 3071.343752 3064.500748 3053.866495 3046.197079 3065.900959 3076.168536 3086.370068 3092.591783 3105.129897 3115.639402 3100.182733 3083.912016 3074.307607 3080.988736 3105.554304 3127.054835 3131.849769 3131.238582 3131.190024 3116.921539 3111.856136 3107.993929 3107.534837 3104.482138 3102.345272 3126.598292 3147.414992 3147.119435 3125.565122 3102.943965 3064.376427 3027.059266 3002.383892 3013.058260 3010.119996 3013.513647 3002.985761 2991.011227 2983.193588 2990.669041
3041.026862 3063.354119 3080.043601 3101.314085 3093.536732 3071.315697 3056.416172 3059.126822 3072.268559 3079.928131 3097.614636 3115.508842 3141.918440 3155.191435 3167.338751 3168.802071 3163.882115 3155.313127 3143.115516 3147.181701 3169.820963 3178.771180 3187.229947 3195.884366 3208.397395 3209.509777 3203.241332 3201.580298 3205.715405 3218.129635 3231.660591 3238.347083 3241.734481 3244.774800 3233.077265 3220.659339 3218.036068 3212.144171 3210.138573 3209.185960 3219.373323 3238.564067 3235.725398 3201.133505 3174.742892 3143.060227 3105.382722 3076.157016 3068.641664 3085.987552 3082.966358 3066.855868 3055.387586 3028.508798 3022.496573
3112.114031 3145.022654 3169.418349 3177.588328 3185.489898 3172.005297 3170.245624 3174.132510 3182.079840 3185.238552 3191.624114 3223.711568 3257.319631 3282.672396 3305.397970 3312.511409 3300.537646 3290.721385 3277.413975 3268.486062 3278.405578 3295.012818 3312.417978 3327.362439 3338.610765 3340.897133 3339.363569 3339.440761 3342.356023 3345.322336 3349.403161 3357.488795 3365.031235 3373.536987 3381.978744 3372.280651 3355.732055 3346.092179 3336.465814 3335.146156 3336.219012 3339.371846 3340.429875 3325.255555 3285.129910 3254.436751 3222.747490 3202.202059 3188.259726 3186.552194 3171.137194 3147.580224 3097.522677 3060.412711 3029.106968
3196.766293 3239.752790 3268.792149 3286.482887 3299.250594 3296.864897 3298.571307 3299.623642 3303.460989 3306.040197 3309.201752 3335.177959 3375.616049 3414.440798 3445.287385 3445.587444 3432.370624 3421.118924 3411.799803 3397.906914 3394.016225 3405.946089 3420.735701 3440.414065 3450.944975 3457.493519 3454.533176 3454.773526 3456.384948 3458.671995 3460.756334 3464.158380 3473.449526 3488.076227 3502.151076 3501.555541 3483.395595 3465.615989 3449.486366 3446.464436 3443.634209 3438.695451 3440.866677 3442.730238 3428.172229 3397.963144 3359.296927 3318.970246 3301.268689 3285.669409 3274.943647 3258.544797 3220.638532 3159.411253 3121.790596
3311.111775 3344.042989 3372.518665 3402.548448 3417.694001 3420.467157 3418.143980 3417.230420 3424.152660 3427.208531 3433.306894 3449.737970 3480.699861 3515.230333 3544.445049 3559.987982 3552.631256 3535.301914 3513.683491 3504.407490 3501.676261 3505.084576 3514.237303 3526.514481 3545.537608 3564.522108 3570.210922 3571.074304 3568.451032 3570.796798 3572.303245 3572.409649 3575.113106 3583.187898 3592.749087 3596.036008 3588.612231 3568.193494 3545.136801 3533.469139 3526.769930 3523.286846 3524.001566 3528.777174 3531.668933 3517.349144 3482.717265 3439.252854 3409.130124 3393.390437 3380.484388 3367.094643 3355.113629 3324.344140 3304.070610
3418.936331 3433.831419 3461.546373 3489.931327 3512.608795 3527.386156 3528.089172 3531.317609 3536.005146 3543.528382 3558.567266 3581.313385 3599.761492 3621.725533 3647.707479 3663.543517 3668.816069 3667.339624 3663.558755 3664.812871 3665.146097 3605.696094 3611.657853 3617.595720 3633.778337 3648.497643 3653.797953 3654.401641 3651.994622 3653.754913 3654.479325 3654.396214 3654.026701 3656.132765 3660.938827 3662.775684 3660.504942 3648.444345 3665.291348 3645.579740 3632.290400 3624.175796 3616.015270 3607.776274 3598.392024 3588.605577 3569.081687 3538.769310 3504.711272 3482.817318 3474.701311 3468.738367 3460.643197 3455.163504 3438.566342
3517.103508 3527.652247 3545.485726 3567.847017 3601.010713 3623.911949 3635.148963 3644.319322 3648.950281 3662.674379 3678.958273 3663.923631 3671.813400 3679.977929 3688.090254 3690.876094 3691.673743 3691.305680 3688.932120 3688.196365 3685.849581 3682.275382 3671.912827 3673.511159 3675.417669 3678.025207 3681.735920 3680.610639 3681.702451 3684.650897 3682.916101 3676.930632 3672.903812 3671.330659 3672.278365 3679.677965 3683.130192 3684.071769 3680.918876 3680.010025 3679.064014 3675.834411 3671.802306 3666.118220 3658.847157 3672.637919 3660.817623 3633.320028 3593.891747 3553.503306 3545.379318 3546.704417 3546.765289 3545.224020 3539.713054
3639.814149 3653.254961 3667.806156 3647.301075 3668.515120 3679.372426 3684.449152 3688.414149 3691.169774 3694.110581 3691.082033 3688.040398 3683.183940 3681.654554 3680.315397 3677.889447 3678.525049 3676.640000 3672.601829 3668.623408 3660.819333 3649.352603 3638.178877 3634.717482 3639.047850 3644.610933 3649.685977 3654.018418 3657.702064 3657.808182 3652.414061 3644.054375 3636.563313 3634.885532 3641.718503 3647.438808 3653.841789 3654.697744 3653.308584 3650.864999 3650.661962 3647.468459 3647.703862 3654.714694 3669.310700 3672.306382 3677.911187 3677.113012 3661.303840 3632.678320 3642.534340 3622.719303 3628.564109 3624.043229 3612.788133
3682.525647 3685.157095 3683.608645 3682.450749 3676.124160 3670.110001 3669.348722 3673.359092 3680.389499 3681.484170 3674.467552 3665.954444 3658.790073 3651.462309 3649.165977 3648.562758 3648.294158 3648.778313 3643.514166 3634.376896 3617.571701 3606.036983 3594.990301 3589.063586 3585.460633 3589.056557 3600.159675 3612.086027 3617.084104 3608.037994 3599.688723 3588.001819 3579.951189 3580.382818 3581.525294 3590.965979 3607.517527 3614.770320 3615.541242 3609.189173 3602.872111 3596.273830 3593.282556 3599.711986 3614.925270 3631.494811 3646.880019 3655.902416 3663.560072 3670.596065 3669.476783 3672.079909 3673.512300 3671.489938 3674.135888
3676.774934 3669.852845 3662.942134 3657.702324 3651.283167 3645.987361 3644.199415 3646.158134 3648.217855 3644.236809 3637.888483 3627.955465 3617.029553 3607.413514 3599.999313 3601.043370 3603.417671 3605.052176 3597.910979 3582.728470 3565.095932 3551.707105 3537.917069 3534.027952 3528.271510 3520.964467 3531.118894 3550.584543 3557.851566 3542.035439 3531.273769 3516.205817 3509.573865 3505.665925 3506.504164 3515.444607 3537.648685 3561.262608 3563.240345 3552.384393 3541.604371 3536.832636 3533.623818 3538.328477 3555.057251 3575.627125 3591.489860 3601.760855 3607.059739 3614.816521 3624.164947 3638.196013 3652.806404 3664.983091 3669.983814
3651.887644 3644.176039 3636.574967 3629.032173 3622.208933 3616.100295 3611.893097 3609.988988 3606.254037 3600.265701 3593.358562 3573.457812 3561.211462 3548.552950 3533.920614 3530.213521 3525.721576 3526.971041 3515.637912 3507.579886 3491.070810 3475.858174 3460.388893 3447.414147 3441.755540 3435.196588 3434.056678 3447.692039 3456.171240 3446.372981 3436.665625 3425.865609 3421.224660 3417.875301 3420.287516 3430.676483 3450.383067 3468.660580 3476.882812 3469.435453 3467.724270 3467.420106 3465.777283 3471.889698 3482.839101 3500.754855 3522.810491 3541.317330 3551.006680 3557.832160 3567.004107 3581.272732 3595.251755 3609.446827 3627.244243
3621.589448 3612.401999 3602.616356 3593.059890 3582.733273 3572.376319 3566.058606 3568.714611 3562.803988 3557.285881 3535.454009 3481.441058 3460.901327 3442.333688 3426.456701 3420.063066 3411.958020 3396.743867 3388.241026 3383.750492 3385.315811 3371.419117 3354.453216 3337.066075 3332.261883 3328.758345 3312.175521 3308.372384 3309.143256 3324.415386 3318.291993 3316.691945 3318.280610 3315.884530 3317.301035 3330.070594 3338.042546 3343.786557 3350.394301 3354.581728 3364.655988 3372.016979 3381.499582 3398.258862 3409.065619 3424.266415 3444.367091 3469.499496 3484.503619 3493.767950 3503.977154 3519.057282 3535.044008 3552.538293 3574.715117
3587.305510 3571.208132 3556.909334 3542.855509 3530.398862 3517.836140 3502.523079 3504.544022 3502.537658 3492.709383 3439.371367 3398.903937 3365.946191 3349.085913 3325.991451 3313.003867 3297.510429 3260.419920 3243.559459 3242.971098 3257.324229 3253.615927 3238.461956 3226.641054 3217.516325 3208.510806 3191.287839 3173.353532 3179.372952 3197.409439 3198.016816 3201.036735 3208.639782 3208.026806 3201.515202 3199.296952 3211.357396 3216.854588 3227.749431 3244.728880 3249.341649 3264.818378 3297.617688 3310.133230 3324.750561 3342.806052 3362.847505 3384.165825 3406.090852 3419.680066 3434.426651 3452.499662 3468.825492 3488.821531 3511.134817
3537.380355 3506.932680 3486.303260 3469.348658 3450.761192 3424.729676 3405.087666 3403.204151 3397.366542 3369.529353 3318.565876 3283.301186 3260.033484 3238.793552 3216.300256 3193.600118 3160.102236 3126.183803 3104.914260 3120.291207 3131.552921 3142.714472 3131.437770 3120.817562 3111.440011 3093.908011 3077.356801 3061.382499 3072.299813 3080.964053 3099.282922 3105.956011 3109.854591 3115.500279 3114.012411 3103.545315 3098.925475 3106.813325 3116.444530 3128.015344 3148.600412 3180.684239 3204.740586 3222.308781 3242.150232 3260.182876 3280.968815 3303.298966 3325.318675 3341.623490 3359.335802 3376.948295 3397.225622 3415.962958 3438.457083
3459.010335 3431.318897 3405.505645 3382.985998 3352.619553 3307.503720 3293.774783 3285.417355 3264.770816 3218.806167 3177.996748 3159.631508 3146.743773 3124.186787 3103.787350 3076.206015 3043.312185 3022.035544 3002.085069 3012.702275 3023.220799 3043.144645 3034.581968 3027.862626 3024.991611 3009.957546 2996.862309 2980.693707 2987.140562 2999.207626 3022.325612 3028.213692 3032.294514 3041.510523 3040.673932 3036.032996 3018.795017 3025.384725 3035.820296 3049.542309 3079.868426 3101.911927 3123.825523 3144.868837 3163.519436 3181.905964 3203.300235 3225.511555 3250.843635 3269.534766 3287.714488 3308.420156 3326.942044 3340.939627 3356.890040
3353.005012 3329.563463 3310.505713 3287.123613 3245.699842 3202.857177 3165.949250 3140.802304 3090.343819 3056.936202 3036.645219 3035.673991 3024.102573 3005.224579 2987.719705 2981.556255 2960.386247 2941.940186 2917.391392 2923.062126 2938.997760 2956.151455 2957.367452 2958.346483 2957.040684 2947.878269 2934.594945 2921.094129 2924.892196 2941.936279 2959.899798 2969.872613 2977.577859 2985.337551 2985.080437 2975.628749 2965.594835 2970.262906 2985.075961 2989.556190 3006.159409 3026.108539 3045.700282 3065.197488 3086.731282 3108.312772 3130.252745 3154.035629 3177.432159 3197.438052 3219.966430 3243.160523 3258.902659 3266.972310 3274.312611
3252.323801 3233.731465 3211.435848 3185.087868 3146.697884 3108.066666 3068.404172 3023.253882 2991.924910 2976.979779 2970.649072 2956.006894 2943.429482 2929.735489 2910.386624 2895.336378 2881.244499 2860.658691 2850.833869 2858.441050 2872.195688 2880.758212 2887.668100 2885.831189 2883.764526 2878.314459 2864.601868 2860.313860 2870.308052 2885.515285 2899.249238 2910.753118 2917.628994 2922.749673 2919.666226 2910.454757 2907.269770 2915.264601 2930.427043 2943.070951 2957.405105 2977.153459 2986.246898 3006.177769 3026.990403 3047.727562 3070.857130 3094.697582 3119.277788 3144.988310 3166.100198 3181.462001 3189.002741 3197.306980 3196.268075
3133.776984 3122.974492 3098.338744 3071.633063 3043.569510 3011.607683 2988.892918 2970.611843 2942.060348 2914.715943 2890.038579 2878.563770 2873.273657 2862.530002 2846.509594 2836.188538 2821.438162 2811.784692 2818.133167 2819.807427 2828.253280 2826.764862 2827.976796 2825.805498 2825.438494 2823.376450 2817.278835 2829.032430 2834.766036 2848.140767 2858.145168 2867.797841 2873.513543 2877.007323 2877.993345 2873.582641 2879.178880 2885.029279 2898.355514 2909.032564 2921.999856 2941.179595 2956.756033 2974.432211 2986.362316 3007.403317 3029.304816 3053.324493 3079.656709 3102.674272 3118.995865 3124.351863 3132.179583 3132.500881 3120.397472
