tests/Borden05m/sims/sim_1/output-maps/psiliqL0005N0014.asc
ncols         160
nrows         34
xllcorner     620200.000000
yllcorner     5168000.000000
cellsize      0.500000
NODATA_value  -9999.0
[rows 0 to 24 of 34, columns 56 to 111 of 160]
-9999.0 -9999.0 -9999.0 -9999.0 -9999.0 -9999.0 -9999.0 -9999.0 -9999.0 -9999.0 -9999.0 -9999.0 -9999.0 -9999.0 -9999.0 -9999.0 -9999.0 -9999.0 -9999.0 -9999.0 -9999.0 -9999.0 -9999.0 -9999.0 -9999.0 -9999.0 -9999.0 -9999.0 -9999.0 -9999.0 -9999.0 -9999.0 -9999.0 -9999.0 -9999.0 -9999.0 -9999.0 -9999.0 -9999.0 -9999.0 -9999.0 -9999.0 -9999.0 -9999.0 -9999.0 -9999.0 -9999.0 -9999.0 -9999.0 -9999.0 -9999.0 -9999.0 -9999.0 -9999.0 -9999.0 -9999.0
-9999.0 -9999.0 -9999.0 -648.559462 -654.475028 -659.666181 -663.941360 -673.248029 -681.864772 -690.702860 -693.808204 -694.096722 -695.361927 -697.044425 -692.077554 -685.012735 -678.463482 -671.402868 -670.483692 -668.707713 -666.297320 -665.740126 -667.077761 -670.366446 -673.262870 -676.370457 -676.049672 -685.026199 -697.113813 -706.594078 -709.132703 -703.042755 -698.277659 -697.027898 -691.310278 -680.576956 -670.421041 -663.795874 -652.611409 -649.515054 -644.634314 -640.120533 -644.352905 -646.942901 -648.869718 -650.955015 -662.898027 -9999.0 -9999.0 -9999.0 -9999.0 -9999.0 -9999.0 -9999.0 -9999.0 -9999.0
-682.167859 -663.276835 -661.789455 -678.309970 -682.451557 -684.953129 -686.110659 -691.064601 -700.641112 -705.249087 -711.766273 -714.142657 -714.639449 -715.858714 -712.316888 -701.514983 -693.221423 -689.291394 -688.488719 -687.304567 -688.087626 -689.111624 -689.259600 -692.320688 -695.641901 -699.014302 -699.938827 -697.320470 -705.702455 -710.871727 -714.666508 -717.082741 -714.820741 -712.751093 -710.625619 -699.968630 -692.731195 -685.918640 -671.177160 -658.120035 -653.284086 -656.574706 -661.862628 -663.603954 -667.711880 -675.888379 -684.636767 -691.476604 -696.990640 -700.608665 -705.732374 -698.454121 -694.458412 -684.172143 -674.526181 -663.373252
-702.373362 -681.956364 -680.838460 -695.521559 -705.733467 -709.950419 -709.182744 -704.911294 -708.849224 -714.835496 -721.493016 -712.246312 -712.226183 -712.001813 -709.220629 -705.479797 -703.748671 -701.291872 -696.848483 -687.173247 -685.844866 -685.941168 -685.765226 -687.720447 -691.077972 -692.215387 -694.790072 -701.518424 -701.598505 -700.492860 -701.065395 -694.308689 -693.137451 -690.563616 -700.949077 -697.844183 -692.192957 -686.470663 -680.707277 -674.798328 -670.101906 -674.123504 -673.469282 -680.694578 -693.921601 -702.748732 -708.181491 -706.207993 -706.031330 -713.036460 -729.006749 -719.972766 -700.436364 -698.048461 -696.838140 -684.522735
-713.411064 -704.134109 -703.359699 -710.032810 -706.864766 -703.752607 -701.427626 -704.152188 -709.230790 -713.515159 -697.951686 -688.961365 -689.571147 -687.048274 -683.100105 -684.234724 -701.160537 -705.283194 -696.254767 -685.815396 -680.448058 -681.891778 -682.716518 -684.985443 -685.808233 -685.510895 -688.159248 -686.120295 -683.240264 -683.768035 -678.087440 -671.944335 -668.015580 -679.095379 -689.943846 -689.471150 -680.537191 -672.377365 -665.721400 -654.096946 -640.015666 -641.723580 -646.837315 -653.344879 -663.118740 -685.966190 -706.142019 -715.646537 -720.844033 -727.270015 -726.109950 -728.627046 -714.360332 -713.543854 -713.424915 -704.022862
-717.424066 -695.110567 -687.633468 -696.551879 -703.404580 -707.433693 -706.678810 -707.529033 -704.927989 -689.949368 -677.342052 -661.726606 -661.931691 -660.242652 -660.815559 -673.020485 -684.303881 -690.167271 -671.937252 -655.029483 -647.378205 -648.281000 -648.811455 -637.683202 -641.013710 -644.098596 -651.447884 -648.580682 -646.452805 -632.449635 -625.083785 -617.722720 -620.262211 -633.838458 -645.928941 -647.741618 -646.128856 -645.427595 -639.830008 -628.594750 -616.658136 -622.642146 -629.383806 -636.909730 -667.176407 -695.201258 -710.130724 -703.485488 -699.319466 -702.672800 -703.882226 -705.904681 -715.660577 -714.549046 -714.113252 -716.429070
-669.450903 -652.549756 -634.617582 -643.862842 -653.729810 -668.012201 -667.535206 -664.414808 -656.705642 -644.619745 -626.207842 -599.743283 -598.770381 -595.319761 -589.227351 -601.963698 -615.556824 -631.204396 -612.935774 -604.100090 -594.720484 -591.793000 -576.916295 -563.902293 -571.061243 -582.450851 -594.329692 -586.440599 -568.278610 -550.149780 -543.594847 -540.202709 -538.118133 -549.767430 -555.602067 -559.702414 -560.126901 -566.552372 -564.666798 -550.666898 -530.258041 -528.925340 -542.320755 -567.556643 -605.849795 -643.054318 -666.081415 -655.919529 -662.243880 -667.063268 -668.704754 -683.532501 -694.529326 -689.981934 -700.429583 -707.798127
-633.382452 -616.657434 -596.907608 -602.309888 -616.678470 -631.439090 -631.424400 -621.953796 -613.609228 -593.190267 -564.199889 -531.213548 -511.636973 -497.567194 -484.321169 -494.711054 -508.020642 -522.308295 -518.398558 -500.495889 -482.076607 -462.489031 -440.786887 -419.250482 -425.768945 -438.668570 -441.101193 -434.563423 -408.962355 -386.074719 -376.625257 -371.088740 -362.868233 -370.007347 -382.817999 -398.470854 -414.439937 -428.798116 -438.496950 -417.089301 -395.345786 -399.522453 -439.252532 -477.752822 -523.615819 -569.124272 -611.329248 -617.165873 -615.007932 -614.057363 -630.949162 -645.080616 -664.618629 -674.115148 -679.816870 -696.854861
-532.730462 -504.924109 -477.761179 -467.440304 -486.750958 -491.304483 -483.978884 -467.944399 -459.542481 -438.010257 -386.852195 -330.582354 -294.477756 -269.153515 -264.351003 -272.737999 -283.145074 -299.801360 -308.220641 -293.393935 -278.627183 -265.945921 -255.679433 -246.195945 -240.243120 -241.121775 -241.139330 -239.008010 -235.734693 -230.496337 -224.923077 -219.488041 -213.482532 -212.132042 -219.832519 -227.481497 -236.022793 -243.757487 -246.112164 -247.474717 -242.254709 -243.227030 -260.245057 -286.280121 -324.163207 -378.150938 -434.419009 -474.504141 -478.216642 -500.153628 -522.731768 -550.136394 -594.660466 -614.548504 -629.757309 -665.201551
-374.364200 -328.864585 -304.648475 -284.952690 -282.958563 -279.013436 -275.081931 -268.793886 -263.545857 -257.111449 -230.499638 -198.957673 -169.073474 -144.790547 -135.544540 -143.965445 -153.354624 -164.202984 -173.484952 -172.983323 -160.939436 -146.388992 -132.445199 -123.231320 -120.046271 -121.519026 -121.474839 -120.360059 -117.648586 -115.751592 -111.903329 -105.887789 -96.219037 -84.229697 -87.039961 -102.228665 -114.734108 -129.343492 -136.161444 -139.753857 -145.091335 -145.948687 -147.281440 -169.694368 -194.114069 -222.688145 -251.021613 -271.662440 -295.009454 -321.736649 -352.474088 -418.154456 -482.615366 -531.554457 -570.796573 -609.133533
-232.694071 -206.194015 -181.876880 -167.024979 -161.007680 -157.766435 -153.348997 -146.525473 -140.784623 -132.882305 -115.924276 -83.437609 -47.496758 -14.841699 -7.204771 -13.701939 -23.642484 -36.097956 -43.880901 -47.594617 -42.156130 -34.189053 -22.841231 -11.118243 -1.275905 0.495590 -0.515504 0.206860 0.631885 3.304618 2.518481 8.272901 16.177528 26.023553 26.765596 18.890468 2.414514 -13.220633 -24.267019 -36.782639 -45.233240 -47.342253 -47.479648 -49.097152 -68.909387 -99.772844 -139.616829 -167.332749 -189.117909 -202.827286 -217.496503 -232.577313 -266.169209 -287.701453 -326.492985 -382.355721
-131.701683 -105.787172 -78.370920 -58.909472 -47.415307 -42.635703 -33.807806 -25.125575 -17.768409 -5.872213 8.051774 28.106858 57.697039 100.938239 121.109070 119.548403 109.250763 83.067164 90.863941 79.825523 92.328788 96.914812 89.675667 112.269352 114.450969 130.597979 119.949137 128.880850 119.406658 131.254148 119.728541 130.118082 121.170813 137.138797 127.977557 136.369541 113.274966 107.939925 88.068026 61.574664 52.148249 47.038274 45.706226 43.151068 33.532759 8.913613 -27.529021 -62.672380 -88.145842 -106.459458 -119.709105 -128.997987 -137.583673 -151.439523 -176.548523 -212.635910
-28.004753 -5.330482 17.990227 40.502594 60.652794 72.177448 97.352629 104.623911 114.817272 129.230856 133.185991 154.123645 168.482169 188.569992 198.579081 204.048884 205.322256 204.393315 207.412789 206.124291 204.508743 205.143088 204.758770 206.381895 208.322359 210.114449 208.897183 210.097173 209.373678 210.656561 209.530802 210.307585 207.507584 208.801490 207.581700 208.457094 204.759939 199.345431 184.287563 169.400313 163.915152 156.654866 148.466401 139.473800 130.452885 115.474185 73.970081 37.743850 5.578701 -12.908992 -22.161526 -28.407855 -33.636045 -47.403658 -67.586404 -93.051852
98.096036 112.634961 129.038560 139.853628 165.997027 176.358534 187.103341 191.898057 202.034932 212.388238 212.303901 214.358545 214.729676 216.199402 216.001154 216.684525 216.018674 214.241889 213.466691 212.519455 206.570099 197.788817 198.897946 199.871531 201.861119 204.053367 203.500125 204.370510 207.744101 205.973456 201.165084 197.994617 196.307059 196.286165 202.552186 204.126873 205.532656 205.223541 205.688503 205.171750 205.136205 204.778058 204.718561 204.600860 200.691078 192.097861 170.866603 143.149884 111.833503 77.123216 64.528980 63.750146 59.260768 51.286306 28.074049 0.568944
194.033405 205.033054 213.965430 213.681715 215.895694 216.080293 218.567496 219.911571 220.441122 216.192307 213.174873 208.297636 207.243489 205.693074 203.619393 204.138967 202.266104 198.493664 195.165426 189.196784 176.289408 164.220475 161.933577 166.185279 169.494891 162.502859 174.808160 177.471388 183.613713 175.572009 170.175435 163.593025 161.429381 167.108701 171.066453 164.161390 173.837854 163.199958 172.717125 174.371650 173.054377 174.102992 181.145480 195.170933 203.271463 203.706105 203.387130 202.471113 200.224046 179.251472 159.952430 161.840111 157.343084 144.363009 106.517148 79.088053
210.674029 210.841370 207.919185 202.453416 197.250116 196.733398 200.477373 206.904798 208.047609 201.776518 194.250663 187.069322 178.500275 175.134671 173.814423 172.736765 172.634625 167.287948 160.117925 143.397480 114.290980 97.866630 90.040564 88.407613 93.241258 99.779929 109.997028 118.247737 127.096266 107.524243 94.976413 86.317960 85.997220 88.381683 95.605964 104.448847 107.902374 107.285244 105.898510 104.109567 100.150588 101.010390 113.435002 144.996205 160.994103 173.454777 181.366966 190.060531 196.084967 202.604511 202.534797 202.563839 202.419768 198.071094 182.984336 164.101378
196.066206 189.570639 182.135571 175.342932 169.382565 167.808155 170.529916 173.937270 170.586157 164.788205 154.622440 139.561204 114.278375 104.062808 103.101480 104.176968 103.974309 97.670724 83.355584 64.694064 46.293289 29.989708 24.862686 20.220828 17.886296 28.148057 43.843146 50.950003 42.663220 31.305758 16.960951 8.878751 6.084293 7.436467 15.899414 32.254738 47.591378 48.074487 40.296657 32.863520 29.464646 29.273612 39.989786 63.986683 85.146043 100.775530 114.530424 136.643995 147.132558 156.734954 167.420702 179.699680 191.192574 201.895147 202.589164 202.266361
166.949820 156.705256 133.077139 121.431634 113.792857 108.924070 106.236123 104.002083 97.905682 91.370404 80.781747 67.071626 51.237364 36.107194 31.882392 29.350337 30.756627 19.580656 7.771290 -12.242804 -28.553216 -44.258423 -52.678288 -58.159317 -63.118696 -55.612254 -39.449089 -29.819822 -43.926385 -54.199463 -67.746127 -74.530129 -77.849895 -77.041874 -68.500353 -47.061260 -29.773530 -24.273808 -32.028731 -38.494964 -41.096494 -40.732282 -34.091666 -16.330158 5.001849 25.702597 42.164316 55.979383 66.093039 77.552072 93.127588 111.117265 140.083913 158.257723 176.412461 191.032438
106.346585 94.852950 80.711165 67.994645 56.525260 50.095171 50.079552 43.114257 36.672317 26.547374 -12.975804 -28.538676 -45.930567 -60.439589 -65.552072 -72.452133 -76.131139 -85.451638 -92.785794 -103.794257 -118.654806 -133.887262 -146.918075 -150.834616 -154.245051 -157.817793 -148.742526 -144.620404 -146.785820 -153.513995 -160.424991 -164.067401 -166.431750 -163.273175 -152.027044 -141.115399 -130.887283 -126.264030 -131.014021 -126.158270 -120.668299 -119.812869 -105.320450 -91.416615 -73.914233 -53.025230 -30.958273 -18.211898 -8.149448 3.452167 19.900479 38.857849 60.698455 85.442280 113.272600 144.041101
53.477543 40.008033 25.243235 12.175780 -0.299989 -11.834387 -11.730315 -15.708910 -21.992311 -52.960583 -92.118013 -120.270389 -136.256085 -154.416813 -162.918989 -170.917202 -190.553145 -202.906776 -210.364372 -209.308321 -219.516969 -234.167156 -246.257570 -251.902433 -255.839468 -264.071813 -267.232183 -264.072869 -256.672281 -262.165299 -265.264002 -263.336325 -265.236788 -266.809754 -259.982616 -248.549359 -241.812484 -234.684796 -227.634346 -223.331442 -216.798441 -195.619463 -182.457404 -169.540972 -151.895300 -132.304360 -111.506786 -93.984457 -82.175153 -68.739303 -50.377601 -33.348125 -11.477001 13.355544 43.210024 66.179321
-11.904689 -29.155728 -44.143385 -59.133281 -74.891759 -94.403217 -96.703232 -103.527062 -114.979829 -151.543975 -186.751390 -214.959600 -234.006648 -254.175393 -267.719866 -290.077476 -325.863249 -352.593477 -353.055712 -346.271914 -354.021570 -379.097927 -403.679314 -421.825622 -440.399263 -463.020101 -476.197608 -464.755569 -451.825977 -449.543709 -448.762543 -444.222076 -443.867978 -445.218093 -444.765217 -425.489989 -409.414341 -392.149748 -377.124837 -362.197635 -324.955836 -292.753482 -271.564236 -251.696971 -233.250952 -212.147337 -189.874068 -171.565576 -158.291447 -142.006680 -124.407800 -105.274264 -84.918364 -59.987306 -30.644262 -6.710533
-76.961056 -100.502074 -119.584445 -139.617488 -169.245858 -182.177368 -190.645921 -198.976361 -225.632233 -259.978950 -296.173202 -335.094783 -376.403002 -419.450171 -459.297008 -500.373976 -537.092898 -560.468671 -551.471474 -543.619169 -534.136007 -551.515001 -567.066365 -574.162748 -589.707008 -604.556129 -620.053841 -609.199249 -600.299309 -584.590365 -582.834808 -580.519958 -574.212704 -576.665842 -578.582257 -585.316447 -574.708743 -564.994943 -552.588683 -523.700303 -492.015332 -457.957161 -425.628033 -389.049762 -348.696549 -310.145521 -276.212295 -249.864226 -231.696230 -213.676141 -193.668165 -175.632290 -158.310080 -137.737457 -112.647113 -90.277566
-163.919649 -182.626479 -202.740994 -231.128745 -267.466005 -297.308418 -311.980139 -350.589055 -401.389679 -469.281351 -508.283397 -535.892674 -563.762473 -586.789753 -606.965092 -633.727352 -655.583012 -679.800758 -673.287551 -660.127819 -643.909858 -655.274518 -659.579148 -660.606707 -671.995360 -684.824973 -700.123034 -696.562282 -681.819768 -664.906669 -661.097202 -655.958969 -647.860863 -647.896689 -654.698498 -665.633544 -660.736597 -648.820729 -635.205523 -614.074544 -592.744039 -571.714041 -552.231584 -528.227760 -499.890727 -466.803495 -424.860020 -377.145385 -341.291458 -303.688155 -269.543044 -247.258123 -234.027313 -218.505804 -194.353717 -176.293409
-250.280659 -271.443621 -301.476375 -356.700652 -429.474521 -494.490299 -534.840287 -571.336245 -605.760690 -626.358744 -643.429854 -660.256849 -676.319391 -693.668713 -710.354148 -726.316307 -745.506115 -769.995939 -761.734643 -746.246719 -730.253800 -729.056387 -731.673252 -732.831486 -739.557757 -753.264966 -770.902323 -761.820305 -746.262671 -731.477919 -724.007151 -718.977495 -711.974846 -715.966507 -725.695247 -736.978617 -729.469748 -715.008914 -702.677150 -687.629715 -668.900958 -649.891192 -631.069694 -610.793227 -590.125717 -565.818939 -539.175194 -509.585426 -477.619342 -441.007358 -398.792758 -371.584665 -345.517311 -322.600761 -293.127791 -267.729137
-405.828330 -448.334606 -488.795546 -533.047386 -579.191524 -610.303376 -638.740573 -665.033958 -691.255687 -710.887699 -725.658995 -729.732716 -740.103211 -757.206101 -764.399419 -776.931964 -800.037394 -796.556099 -790.555403 -773.297231 -773.712066 -773.860162 -777.805121 -776.657533 -780.891520 -799.855636 -790.898362 -783.995759 -768.952654 -761.901185 -755.534386 -751.039439 -747.567892 -749.374841 -761.354464 -758.615509 -752.470730 -738.573614 -731.541078 -720.201601 -701.908842 -689.417828 -673.879584 -655.513086 -636.322605 -615.358493 -592.328449 -565.780226 -540.481133 -517.916760 -506.236003 -491.087859 -478.636469 -480.944576 -454.210040 -423.829111
