tests/Borden05m/sims/sim_1/output-maps/psiliqL0003N0017.asc
ncols         160
nrows         34
xllcorner     620200.000000
yllcorner     5168000.000000
cellsize      0.500000
NODATA_value  -9999.0
[rows 0 to 24 of 34, columns 56 to 111 of 160]
-9999.0 -9999.0 -9999.0 -9999.0 -9999.0 -9999.0 -9999.0 -9999.0 -9999.0 -9999.0 -9999.0 -9999.0 -9999.0 -9999.0 -9999.0 -9999.0 -9999.0 -9999.0 -9999.0 -9999.0 -9999.0 -9999.0 -9999.0 -9999.0 -9999.0 -9999.0 -9999.0 -9999.0 -9999.0 -9999.0 -9999.0 -9999.0 -9999.0 -9999.0 -9999.0 -9999.0 -9999.0 -9999.0 -9999.0 -9999.0 -9999.0 -9999.0 -9999.0 -9999.0 -9999.0 -9999.0 -9999.0 -9999.0 -9999.0 -9999.0 -9999.0 -9999.0 -9999.0 -9999.0 -9999.0 -9999.0
-9999.0 -9999.0 -9999.0 -575.634780 -577.022332 -578.016685 -578.615884 -580.583375 -582.146722 -583.944609 -584.272429 -584.100058 -584.414245 -585.083516 -584.121028 -582.850990 -581.747401 -580.265387 -580.480436 -580.273261 -579.713331 -579.565586 -579.827960 -580.514765 -580.983656 -581.526285 -580.903264 -582.929042 -585.584853 -587.622337 -588.050067 -586.359957 -585.328438 -585.462774 -584.461373 -582.319328 -580.452959 -579.716387 -577.480116 -577.636634 -576.722018 -575.359915 -576.479214 -576.804741 -576.739070 -576.475720 -579.459283 -9999.0 -9999.0 -9999.0 -9999.0 -9999.0 -9999.0 -9999.0 -9999.0 -9999.0
-581.744529 -577.747813 -577.917225 -583.362997 -583.970157 -584.145903 -583.945891 -584.790408 -586.903116 -587.486222 -589.035619 -589.691329 -589.861295 -590.447184 -589.919419 -587.343296 -585.502953 -584.932216 -585.245504 -585.377486 -585.895543 -586.275486 -586.168046 -586.819526 -587.434305 -588.082828 -587.948711 -586.452775 -588.387962 -589.385978 -590.330077 -591.296397 -590.897143 -590.561094 -590.387329 -587.944269 -586.907600 -586.125362 -582.793004 -579.710598 -578.849500 -580.030438 -581.378700 -581.148121 -581.397862 -582.759255 -584.089372 -584.307207 -584.974114 -585.296258 -586.449242 -584.707148 -584.590235 -582.565678 -580.829703 -578.782334
-586.865883 -582.324168 -582.547668 -586.739189 -589.303660 -590.120386 -589.595736 -587.868341 -588.601653 -590.103768 -592.330736 -589.788834 -590.101506 -590.309156 -589.824562 -588.974428 -588.628824 -588.207721 -587.547930 -585.232423 -585.343870 -585.523963 -585.415307 -585.826586 -586.578531 -586.557282 -586.987684 -588.884347 -588.617647 -588.171628 -588.560636 -586.692684 -586.564558 -585.539371 -588.789627 -588.213407 -587.335371 -586.655164 -586.114847 -585.485247 -584.722861 -586.141956 -585.207929 -586.472573 -589.179382 -589.998515 -589.952088 -588.021013 -587.074064 -588.409558 -592.912573 -590.507774 -585.469349 -585.735259 -586.409757 -583.862090
-589.743465 -588.666896 -589.164411 -590.943199 -589.306768 -587.976118 -587.122614 -587.913569 -589.509406 -591.393517 -587.309835 -585.557596 -586.378542 -585.891940 -584.729891 -584.732136 -589.749548 -591.056674 -589.032615 -586.868209 -585.924141 -586.786413 -587.209967 -588.055105 -588.072266 -587.584063 -588.146786 -587.389192 -586.698244 -587.486978 -586.161303 -584.652317 -583.280470 -586.452546 -589.373491 -589.200956 -586.789068 -584.978939 -583.966917 -581.364698 -577.449511 -578.076426 -579.045006 -579.679530 -580.464132 -585.233559 -589.519924 -591.259527 -592.049765 -593.317419 -592.398667 -593.260952 -589.254329 -589.513264 -590.081788 -588.094014
-593.080766 -587.972592 -586.662036 -589.391513 -590.921181 -591.623122 -591.207288 -591.724217 -591.587062 -587.920367 -585.762558 -582.266778 -583.359971 -583.212632 -583.354795 -586.820198 -589.535204 -591.311157 -586.042719 -581.751647 -580.268788 -581.285325 -582.146302 -578.474440 -579.563406 -580.105266 -582.335703 -581.532437 -581.743447 -577.754279 -576.116737 -573.998397 -574.802820 -578.774085 -582.150278 -582.380053 -582.002190 -582.307967 -581.258864 -578.610871 -575.358698 -577.609015 -578.795212 -578.975946 -586.196435 -591.923173 -594.018674 -590.452019 -588.413005 -588.857955 -588.572166 -588.464922 -591.140191 -590.529901 -590.259866 -591.463957
-582.851675 -579.756027 -575.021748 -578.139634 -580.478152 -584.489788 -584.088886 -583.568181 -582.099982 -579.957314 -576.049627 -568.847217 -569.975845 -569.431978 -567.187989 -571.089133 -574.816892 -580.171339 -574.145525 -572.505472 -570.340916 -570.436123 -565.761833 -561.565030 -564.113634 -567.697218 -571.874725 -569.319816 -563.686452 -558.249417 -556.768634 -556.008609 -555.100629 -558.956837 -560.203535 -561.127729 -560.857800 -563.267711 -563.034378 -558.922344 -552.059225 -551.371039 -554.993463 -561.871531 -572.065557 -581.213321 -586.169484 -581.105002 -582.707050 -583.524724 -582.815546 -586.252663 -588.313145 -585.664338 -588.223333 -590.175687
-579.060570 -575.880963 -570.329719 -572.566600 -576.881166 -581.467678 -581.414307 -578.674737 -577.127579 -571.666269 -563.774943 -554.181145 -548.330593 -543.391884 -538.063130 -542.134042 -546.807868 -552.010791 -550.949942 -544.688543 -538.118543 -530.461525 -521.563735 -511.749108 -514.605727 -520.036840 -520.721576 -518.282016 -506.981265 -495.778329 -490.875531 -487.745018 -482.228945 -486.342318 -493.703775 -501.989533 -509.862635 -516.488592 -521.288698 -511.904814 -501.419077 -503.457746 -522.026873 -536.857116 -552.025365 -565.181403 -577.666052 -577.731054 -575.852696 -574.189390 -578.633090 -581.039607 -585.164585 -586.205180 -586.080329 -590.358458
-552.691294 -544.725255 -535.476103 -531.382050 -539.301854 -540.648944 -537.744061 -531.499569 -528.783386 -520.665807 -496.626722 -459.059097 -428.928471 -407.834386 -404.042004 -410.994575 -419.474029 -433.628349 -441.499500 -429.170304 -416.926100 -406.648665 -398.293707 -390.409316 -384.801487 -385.263454 -385.205719 -383.460712 -381.192710 -377.041810 -372.054953 -366.928179 -361.163120 -359.209295 -366.181176 -373.363729 -381.191483 -388.283915 -390.378284 -392.307875 -388.383098 -388.947194 -402.359751 -423.020807 -453.646037 -491.080352 -518.100427 -534.759681 -535.373018 -543.146451 -549.707979 -556.826266 -570.031865 -573.993164 -576.393014 -586.606059
-490.137520 -459.046420 -439.268995 -422.505528 -420.292046 -416.850772 -413.782810 -408.921381 -404.775317 -399.876296 -377.073478 -348.174659 -319.529180 -295.837703 -286.486675 -294.445495 -303.447616 -313.657017 -322.725411 -322.898683 -311.595931 -297.489449 -283.570170 -274.401412 -271.128162 -272.664851 -272.562657 -271.624015 -268.822769 -266.964980 -263.086998 -256.990651 -247.047442 -234.755156 -237.362476 -252.791504 -265.922352 -281.595940 -289.642527 -293.236038 -298.572305 -299.257855 -299.783479 -320.698503 -343.394663 -369.505558 -394.528106 -411.403073 -431.081228 -453.375499 -475.685501 -511.675374 -537.587986 -555.062387 -567.250028 -578.393079
-379.978173 -356.064075 -332.847223 -318.719897 -312.851960 -309.983149 -305.749008 -298.456904 -292.315196 -284.151784 -267.339415 -235.333030 -199.637255 -166.714433 -157.839697 -163.598580 -174.201077 -184.814154 -192.559144 -196.001260 -191.062659 -182.848352 -170.613958 -160.043331 -151.472899 -150.375856 -151.082555 -150.318892 -147.896428 -147.673445 -145.729520 -142.264544 -132.012513 -122.816441 -122.749177 -129.759529 -146.161186 -164.654955 -180.650658 -191.546923 -198.797080 -200.385666 -200.282079 -201.228050 -220.619030 -251.342464 -291.491686 -319.571637 -340.690929 -353.335921 -366.412333 -378.270562 -405.639387 -421.724145 -452.781889 -491.785938
-285.037932 -259.000681 -231.659936 -212.128045 -201.219210 -197.891354 -191.123384 -178.031338 -168.601008 -157.991575 -141.585830 -123.216464 -93.989501 -41.162332 -17.025923 -18.653058 -50.973853 -41.733962 -43.108004 -66.717409 -43.356211 -38.066520 -34.265225 -22.261448 -33.928396 -6.053456 -29.172143 -7.120338 -4.680071 -28.194654 -4.833598 -28.790337 -3.349483 2.418397 -19.732754 1.349536 -9.979938 -27.922307 -76.907030 -92.989401 -99.719989 -104.058541 -105.274804 -107.939609 -117.473061 -142.078510 -179.307616 -215.147511 -241.166332 -259.723941 -272.905373 -282.050852 -289.818272 -303.041426 -326.489963 -359.818260
-180.252527 -157.239106 -135.620650 -110.215589 -93.405521 -87.530866 -71.974937 -36.376390 -23.832543 -31.545417 6.175600 14.823786 23.964898 46.395063 54.881660 60.335002 61.068857 62.303151 65.007227 63.557904 63.690016 64.859994 64.900624 65.549598 66.947358 68.102911 67.404180 68.119062 69.205277 68.001380 69.242639 68.164340 66.752019 67.450579 66.161172 66.862161 64.842663 57.483702 42.072064 31.158152 24.706455 17.605068 9.843210 0.785214 -7.597105 -21.809967 -75.992042 -113.039357 -145.761541 -165.435364 -175.007342 -181.289274 -186.662629 -200.463540 -220.765721 -246.087253
-40.009317 -26.309632 -32.107109 11.420862 24.946018 14.011944 42.073265 48.237344 57.913159 67.206571 70.666162 69.664334 69.842304 70.826151 70.889866 70.936945 71.308282 68.637782 68.230491 67.590456 62.365746 53.458656 54.810249 55.938691 58.192495 61.535938 60.065262 60.050458 63.068241 62.070823 57.406248 54.171102 52.649734 52.642713 59.409713 62.323477 61.893419 63.056876 62.712770 62.554814 62.660186 62.316640 62.570889 62.240060 57.932551 49.898327 30.349329 4.262760 -24.815039 -72.880330 -86.710231 -87.577787 -92.212074 -100.389476 -124.707723 -152.670024
50.399421 60.904932 70.009705 71.383850 70.811007 70.575861 72.850800 74.097889 75.007739 70.872736 66.737180 63.316406 61.777205 60.748141 58.433316 59.197867 57.367157 53.775880 50.950193 45.611219 34.101075 22.133293 20.459255 25.227848 29.755591 33.438049 34.900939 16.126377 39.084303 36.066904 29.163301 22.477501 20.293890 26.187680 31.910478 35.761744 14.781464 34.206150 33.544896 34.147721 32.637674 33.209736 39.702937 52.361817 60.196351 60.166341 60.062392 59.894047 59.209191 38.439894 19.910943 22.269638 18.462296 6.927400 -44.152759 -72.537998
64.926956 64.572035 62.383147 57.015772 51.852717 51.488030 55.028772 61.498462 63.060612 56.653614 49.543490 42.119715 35.127925 33.613429 31.941683 31.280707 31.200986 25.938411 18.477974 -20.059322 -42.051570 -55.924026 -62.912236 -64.065016 -58.676999 -50.876521 -44.775743 -43.414207 -45.593380 -50.812682 -59.548699 -66.958256 -66.715169 -63.753178 -55.673873 -45.139700 -45.635026 -42.587536 -45.281874 -47.308398 -51.302000 -50.326703 -37.188500 6.035270 20.824491 32.291178 39.410289 47.000154 52.713917 59.709422 59.597601 59.654687 59.650123 55.450164 41.919544 24.173384
50.728552 43.465692 38.614048 32.078674 26.215665 25.003155 28.177837 32.098172 29.758275 23.289097 12.006421 -27.599778 -43.180444 -49.865086 -49.976631 -48.564697 -48.794450 -55.345194 -70.680050 -92.628848 -109.432945 -124.676640 -129.394982 -133.890937 -136.087188 -126.094819 -112.127401 -107.538943 -118.421357 -126.549576 -138.878770 -146.002163 -148.171749 -146.324324 -137.337339 -120.599755 -105.786978 -104.857521 -112.672077 -120.077738 -123.521478 -123.664410 -112.710666 -87.889655 -66.713521 -51.297955 -37.583560 -8.064277 6.502809 16.103485 26.202664 37.768243 48.184672 58.759524 59.218055 59.028992
23.485360 -12.269619 -25.304118 -33.851406 -40.467611 -44.843016 -47.203670 -49.072357 -54.913262 -62.205289 -73.964111 -91.411758 -105.242855 -118.756123 -122.176651 -124.174882 -122.564175 -133.776633 -146.127807 -166.904514 -183.103899 -198.730039 -207.085495 -212.783375 -217.958551 -210.473408 -194.806288 -185.994161 -201.013155 -210.694260 -223.641656 -230.009403 -232.960630 -231.857608 -222.944289 -200.946564 -183.338339 -177.757024 -185.558372 -192.337762 -195.198376 -194.877386 -188.225722 -170.053230 -148.455297 -127.848023 -111.618864 -97.544528 -86.529191 -74.673414 -58.913556 -40.297199 -1.270467 17.538933 34.627638 48.062797
-49.884695 -65.305993 -77.263926 -88.479565 -99.115315 -105.020566 -104.780775 -111.552563 -117.973461 -128.126660 -167.875710 -184.160908 -201.142548 -215.052754 -219.639664 -226.014103 -228.818147 -237.938212 -245.456101 -257.191661 -272.300048 -287.680887 -300.768457 -304.908264 -308.538950 -311.787773 -302.562373 -298.578301 -301.520969 -308.049058 -314.855601 -318.478756 -320.690423 -317.427698 -306.199336 -294.926235 -284.249687 -279.549214 -284.648774 -280.175811 -275.082254 -274.814240 -260.565007 -246.461189 -228.673227 -207.573063 -185.532907 -172.778619 -162.427151 -150.555468 -133.873696 -114.592785 -91.961873 -66.689431 -38.226780 2.690967
-103.394011 -117.686820 -131.972324 -144.380613 -156.303841 -167.240241 -166.850318 -170.683699 -176.879842 -207.375827 -246.889190 -274.956473 -290.745673 -308.402730 -316.290515 -323.102265 -340.571064 -351.562742 -358.838310 -358.396623 -368.145445 -381.264928 -391.698983 -396.161971 -399.025666 -405.375996 -407.334211 -404.943717 -399.163264 -404.142389 -406.951170 -405.529055 -407.187136 -408.384605 -402.397711 -392.816293 -387.107600 -381.151003 -375.420022 -371.936211 -367.031597 -348.233762 -336.262897 -324.110991 -306.821388 -287.371266 -266.665994 -249.264201 -237.367440 -223.795859 -205.215337 -187.903197 -165.648444 -140.394155 -110.219032 -86.526044
-168.831492 -186.229825 -200.992000 -215.524601 -230.542567 -249.573345 -251.432628 -257.899845 -268.642799 -304.578467 -338.761391 -364.857023 -381.374762 -398.199530 -408.308779 -425.313268 -454.658982 -475.051134 -475.452958 -470.508742 -476.395379 -492.058613 -504.767401 -512.935622 -520.575462 -529.775655 -534.892211 -530.185679 -525.025134 -524.887708 -525.010939 -523.198498 -523.312675 -523.858540 -523.474613 -514.378378 -507.148902 -498.821143 -491.213577 -483.644723 -456.891585 -430.320249 -413.345802 -397.524450 -382.156416 -363.498617 -343.214179 -326.174502 -313.449662 -297.452733 -279.948359 -260.721424 -239.997759 -214.607021 -184.864952 -160.692284
-233.673383 -257.129202 -275.768620 -294.887836 -323.030671 -334.822684 -342.188922 -348.645527 -371.889551 -400.954902 -430.183893 -462.633623 -490.271390 -511.451290 -527.500608 -542.334927 -554.160305 -561.105826 -557.336128 -555.064067 -551.565004 -557.368172 -562.004784 -563.319091 -567.536708 -571.286271 -576.010253 -572.325978 -570.434172 -565.885284 -566.132184 -565.901420 -563.894487 -564.844806 -565.237151 -567.926318 -564.678600 -562.531675 -559.823485 -550.938602 -541.209581 -529.431946 -516.853985 -499.905640 -475.908941 -445.683963 -417.441367 -396.280015 -381.169847 -365.411906 -347.365769 -330.414529 -313.314502 -292.570343 -267.331398 -244.778681
-318.818603 -336.675276 -354.806616 -379.304361 -409.141738 -431.910285 -442.778640 -471.683548 -500.980702 -530.524273 -544.701732 -552.818508 -560.433330 -565.878274 -570.067106 -576.324056 -580.727055 -586.977008 -584.635725 -581.282306 -576.567392 -580.326600 -580.985476 -580.326903 -582.728739 -585.286560 -589.263641 -588.585679 -585.296581 -581.378341 -581.372058 -580.510515 -578.309599 -578.268644 -580.043434 -583.510154 -582.574482 -580.134581 -577.656473 -572.916827 -568.252039 -563.456532 -558.978329 -552.569792 -544.269378 -533.618404 -517.310179 -494.012692 -471.656780 -441.305718 -412.690738 -394.321501 -383.147736 -369.151970 -346.727938 -329.813514
-395.349434 -412.100766 -435.803548 -478.498349 -516.652971 -541.655791 -553.923440 -563.827277 -572.233712 -575.668859 -578.695203 -581.862539 -584.527336 -587.361194 -589.891054 -591.987780 -595.149331 -601.078926 -598.601155 -595.116317 -591.236530 -591.071481 -591.503065 -591.235541 -592.204549 -594.945403 -599.613857 -597.568756 -594.586797 -591.868652 -590.936349 -590.349710 -588.711214 -589.860756 -592.292926 -595.695738 -594.163523 -591.370980 -589.692992 -587.534047 -584.382034 -581.001235 -577.552746 -573.491969 -569.200708 -563.395636 -556.521108 -548.151156 -538.089453 -524.878491 -505.871480 -491.528304 -474.646084 -456.402233 -431.023581 -410.113377
-505.504755 -523.858059 -538.525847 -552.102161 -564.775484 -571.342294 -576.907374 -581.528970 -586.124356 -588.983712 -591.089662 -590.260338 -591.302443 -594.120610 -594.138235 -595.680858 -600.385952 -598.720513 -597.374319 -593.577103 -594.226430 -594.412520 -595.310598 -594.722366 -595.348726 -599.846712 -597.529494 -596.486553 -593.764073 -593.174607 -592.512061 -592.019982 -591.502392 -592.021150 -595.205640 -594.517947 -593.599814 -591.067888 -590.814230 -589.611026 -586.552323 -585.380026 -583.288304 -580.374338 -577.189459 -573.348612 -568.628353 -562.164480 -555.410542 -548.806789 -546.093280 -541.191722 -536.825637 -538.931509 -528.648145 -516.059492
