tests/Borden05m/sims/sim_1/output-maps/psiliqL0010N0006.asc
ncols         160
nrows         34
xllcorner     620200.000000
yllcorner     5168000.000000
cellsize      0.500000
NODATA_value  -9999.0
[rows 0 to 24 of 34, columns 0 to 56 of 160]
-9999.0 -9999.0 -9999.0 -9999.0 -9999.0 -9999.0 -9999.0 -9999.0 -9999.0 -9999.0 -9999.0 -9999.0 -9999.0 -9999.0 -9999.0 -9999.0 -9999.0 -9999.0 -9999.0 -9999.0 -9999.0 -9999.0 -9999.0 -9999.0 -9999.0 -9999.0 -9999.0 -9999.0 -9999.0 -9999.0 -9999.0 -9999.0 -9999.0 -9999.0 -9999.0 -9999.0 -9999.0 -9999.0 -9999.0 -9999.0 -9999.0 -9999.0 -9999.0 -9999.0 -9999.0 -9999.0 -9999.0 -9999.0 -9999.0 -9999.0 -9999.0 -9999.0 -9999.0 -9999.0 -9999.0 -9999.0 -9999.0
-9999.0 -9999.0 -9999.0 -9999.0 -9999.0 -9999.0 -9999.0 -9999.0 -9999.0 -9999.0 -9999.0 -9999.0 -9999.0 -9999.0 -9999.0 -9999.0 -9999.0 -9999.0 -9999.0 -9999.0 -9999.0 -9999.0 -9999.0 -9999.0 -9999.0 -9999.0 -9999.0 -9999.0 -9999.0 -9999.0 -9999.0 -9999.0 -9999.0 -9999.0 -9999.0 -9999.0 -9999.0 -9999.0 -9999.0 -9999.0 -9999.0 -9999.0 -9999.0 -9999.0 -9999.0 -9999.0 -9999.0 -9999.0 -9999.0 -9999.0 -9999.0 -9999.0 -9999.0 -9999.0 -9999.0 -9999.0 -9999.0
-9999.0 -9999.0 -9999.0 -9999.0 -9999.0 -9999.0 -9999.0 -9999.0 -9999.0 -9999.0 -9999.0 -9999.0 -9999.0 -9999.0 -9999.0 -9999.0 -9999.0 -9999.0 -9999.0 -9999.0 -9999.0 -9999.0 -9999.0 -9999.0 -9999.0 -9999.0 -9999.0 -9999.0 -9999.0 -9999.0 -9999.0 -9999.0 -9999.0 -9999.0 -9999.0 -9999.0 -9999.0 -9999.0 -9999.0 -9999.0 -9999.0 -9999.0 -9999.0 -9999.0 -9999.0 -9999.0 -9999.0 85.484053 67.999087 51.571851 49.681415 72.455863 95.865079 119.604566 140.136015 158.776345 177.732444
-9999.0 -9999.0 -9999.0 -9999.0 -9999.0 -9999.0 -9999.0 -9999.0 -9999.0 -9999.0 -9999.0 -9999.0 -9999.0 -9999.0 -9999.0 -9999.0 -9999.0 -9999.0 -9999.0 -9999.0 -9999.0 -9999.0 -9999.0 -9999.0 -9999.0 -9999.0 -9999.0 -9999.0 -9999.0 -9999.0 -9999.0 -9999.0 -9999.0 -9999.0 -9999.0 -9999.0 -9999.0 -9999.0 -9999.0 -9999.0 133.249206 139.107003 140.557400 129.778104 118.430680 106.407702 86.397996 68.473047 53.055879 50.248998 52.851188 58.420511 81.405658 105.844642 125.411115 142.708397 161.879999
-9999.0 -9999.0 -9999.0 -9999.0 -9999.0 -9999.0 -9999.0 -9999.0 -9999.0 -9999.0 -9999.0 -9999.0 -9999.0 -9999.0 -9999.0 -9999.0 -9999.0 -9999.0 -9999.0 -9999.0 -9999.0 -9999.0 -9999.0 -9999.0 -9999.0 -9999.0 -9999.0 -9999.0 -9999.0 -9999.0 -9999.0 -9999.0 -9999.0 -9999.0 40.995497 58.540356 76.630292 94.944763 111.548989 118.186378 124.059931 129.835434 125.755576 120.926837 109.524379 90.695549 70.941633 56.711335 54.155528 51.552256 55.933094 69.044941 85.818253 102.258843 123.256604 146.533685 155.763397
-9999.0 -9999.0 -9999.0 -9999.0 -9999.0 -9999.0 -9999.0 -9999.0 -9999.0 -9999.0 -9999.0 -9999.0 -9999.0 -9999.0 -9999.0 -9999.0 -9999.0 -9999.0 -9999.0 -9999.0 -9999.0 -9999.0 -9999.0 -9999.0 -9999.0 -9999.0 -9999.0 -9999.0 45.664590 39.680376 34.447829 32.838239 31.432489 30.168127 37.060089 49.321580 67.561759 89.090475 101.902283 109.043149 115.575484 116.330709 111.412797 109.216437 109.361656 97.565077 85.842984 74.874191 64.349929 63.069055 72.695340 86.692438 102.838480 117.712398 133.133502 145.544224 161.719374
-9999.0 -9999.0 -9999.0 -9999.0 -9999.0 -9999.0 -9999.0 -9999.0 -9999.0 -9999.0 -9999.0 -9999.0 -9999.0 -9999.0 -9999.0 -9999.0 -9999.0 -9999.0 -9999.0 -9999.0 -9999.0 -9999.0 -9999.0 16.467299 22.411090 28.824883 36.101484 36.884353 32.550713 26.774527 23.506308 21.831861 20.113966 24.437816 32.711249 46.370849 62.274580 83.967844 92.571826 99.065782 111.450405 113.789194 118.766339 122.720928 120.873075 118.124121 106.022573 97.109816 102.748035 108.964183 115.602210 123.352928 136.614060 152.350118 170.205429 190.991973 212.901570
-9999.0 -9999.0 -9999.0 -9999.0 -9999.0 -9999.0 -9999.0 -9999.0 -9999.0 -9999.0 -9999.0 -9999.0 -9999.0 -9999.0 -9999.0 -9999.0 -9999.0 -9999.0 -9999.0 -8.208674 -7.441265 -6.505626 -2.018116 -1.172223 0.945437 7.846814 15.879851 17.916631 16.186433 14.461544 15.880008 18.448872 22.586957 33.990661 47.828952 62.020451 76.170202 97.117638 111.959280 125.886137 142.039888 140.859675 136.502717 134.409345 134.884040 135.492390 141.189938 144.890856 151.090938 157.020481 164.261198 173.664123 185.013681 203.842907 224.559080 245.505761 265.369263
-9999.0 -9999.0 -9999.0 -9999.0 -9999.0 -9999.0 -9999.0 -9999.0 -9999.0 -9999.0 -9999.0 -9999.0 -9999.0 -9999.0 -9999.0 -9999.0 -36.438254 -34.676572 -32.674511 -27.438753 -24.986574 -21.169324 -14.435903 -13.476158 -9.770947 -2.790972 2.058014 10.530649 18.307579 25.548055 31.411478 34.042087 41.691707 51.394052 63.390937 79.107838 101.110040 124.111813 140.603333 157.507230 174.538683 175.068844 174.029839 175.294239 176.307754 184.285370 202.913147 209.794136 213.538528 232.806823 248.208192 254.612537 262.974135 282.324322 307.319987 334.526467 367.951465
-9999.0 -9999.0 -9999.0 -9999.0 -9999.0 -9999.0 -9999.0 -9999.0 -9999.0 -9999.0 -9999.0 -9999.0 -9999.0 -81.158423 -77.078514 -67.922058 -59.604911 -57.446326 -53.599284 -47.976598 -35.964160 -32.582140 -26.511798 -19.041836 -7.674181 0.725748 9.841912 21.565160 29.986325 37.192833 44.326752 50.777046 64.545489 80.138223 96.333677 116.953347 139.056983 160.451399 181.895104 197.726270 212.330730 215.927028 214.813157 217.231353 226.120839 245.291677 265.941841 279.357492 302.369846 328.680921 345.787741 361.012132 372.066663 386.729220 409.885515 449.237195 491.500042
-9999.0 -9999.0 -9999.0 -9999.0 -9999.0 -9999.0 -9999.0 -9999.0 -9999.0 -9999.0 -115.665131 -113.208078 -116.761311 -116.323839 -111.710295 -99.925074 -86.771251 -80.085101 -68.951579 -48.496603 -31.382205 -28.032256 -13.403222 -3.521843 2.983359 13.581731 26.721974 39.758778 57.106083 69.950904 82.637835 103.419121 120.294549 137.165727 155.376179 175.908455 197.469751 228.258281 256.893033 272.260245 297.409595 312.020398 310.154525 311.559886 321.583161 341.584248 368.470556 398.711583 426.596663 459.433654 486.014920 505.885218 520.525768 536.277641 555.790899 595.260995 645.148269
-9999.0 -9999.0 -9999.0 -9999.0 -9999.0 -9999.0 -9999.0 -9999.0 -139.658554 -132.802874 -126.636814 -129.786590 -134.607979 -138.129384 -125.086034 -109.398608 -93.567702 -76.574069 -60.762418 -42.981139 -27.537118 -11.092767 8.265287 20.044061 31.884604 47.181739 61.057569 79.110859 100.871897 115.644474 134.778006 157.277698 177.383849 196.355680 216.018787 235.842088 265.926057 302.623840 338.262583 366.366472 397.813370 425.165811 427.887007 433.661302 442.151182 474.019517 511.831968 550.770593 587.124408 626.894710 668.507716 693.544967 708.417820 723.429585 740.957875 761.502550 793.091355
-9999.0 -9999.0 -9999.0 -9999.0 -9999.0 -9999.0 -165.516926 -141.457887 -126.761910 -134.695806 -143.349702 -146.864854 -150.592406 -130.515540 -109.157978 -92.345430 -75.740217 -58.472400 -42.219441 -27.906916 6.970673 23.753207 38.736527 58.322430 72.723213 87.224333 105.084601 129.328779 153.067961 186.186506 216.523309 244.400025 272.828905 294.853192 316.247868 338.827636 374.956394 417.827486 461.400561 499.223121 533.619710 568.445341 581.229973 591.272839 605.159203 633.586947 675.457940 714.490745 755.621724 794.983978 827.819705 844.352124 856.884980 868.730804 881.935904 894.826820 909.551248
-9999.0 -9999.0 -9999.0 -9999.0 -198.710885 -177.865458 -157.507707 -126.776526 -104.267833 -109.672479 -102.582065 -102.178537 -103.636265 -100.901053 -94.934805 -77.059692 -59.221518 -41.195774 -22.626514 14.704147 57.333209 74.220707 101.035335 133.817151 148.399966 164.094607 180.706761 205.148340 235.861924 273.233913 322.841382 366.051789 396.577165 424.152840 450.406549 480.089154 520.980801 567.406156 615.755349 663.744066 703.072899 732.931678 749.499532 760.007857 775.341703 796.461053 823.426729 854.554547 886.686619 919.437497 945.627356 960.697643 968.608884 977.965515 987.341192 998.330621 1009.144459
-9999.0 -9999.0 -9999.0 -246.064420 -207.621564 -170.659491 -143.315895 -112.400034 -80.716947 -74.713824 -66.229173 -60.013693 -53.658353 -44.677955 -34.853503 -18.298970 -3.708050 9.809699 31.302216 68.643830 105.544807 139.820999 173.682250 204.795680 228.720767 246.106751 265.349595 292.345388 336.088243 380.539085 438.331536 499.643039 544.452451 576.540595 605.927287 642.853550 677.889313 721.565086 764.654749 805.583708 841.879288 868.434250 887.984421 895.995635 905.567563 916.035235 934.395290 955.668521 975.789701 1001.692596 1027.341484 1048.236446 1059.718792 1067.299184 1080.710827 1094.175638 1104.617973
-9999.0 -9999.0 -292.603012 -255.524122 -220.493800 -169.103935 -116.483970 -82.789287 -41.853535 -16.740767 -9.310030 9.478709 26.838151 35.607506 52.805719 70.615968 85.317806 89.905005 104.280599 139.894005 194.649018 245.763170 278.661850 336.629413 372.997158 400.215518 418.588274 449.082105 489.654598 541.956007 602.622178 663.912775 711.118524 748.092771 769.533379 794.467174 823.548528 850.643607 885.926382 916.891181 946.692574 970.740568 990.587087 997.576733 1002.016620 1016.327440 1037.604616 1059.471800 1079.907484 1099.353592 1108.159699 1114.203840 1116.852058 1118.326338 1120.580040 1122.226298 1123.129089
-9999.0 -9999.0 -317.952125 -273.771994 -231.411643 -161.894157 -85.267179 -47.477910 -4.043642 41.249597 61.177397 86.311411 105.072054 122.509165 147.525947 172.032999 179.559538 184.363088 185.146199 242.248644 305.247686 370.951503 440.807816 509.870509 557.223114 574.140474 588.701403 615.877729 651.083078 703.319286 760.329824 817.842447 864.707605 896.635496 914.019204 932.668703 953.912147 972.506586 990.420432 1024.758397 1046.467128 1067.433467 1089.712052 1107.510375 1114.592401 1116.624581 1110.954037 1116.169625 1119.742933 1121.498568 1122.152494 1119.170210 1118.665800 1119.471989 1120.711127 1116.318186 1110.643004
-9999.0 -404.894573 -352.980029 -298.846999 -228.385831 -159.115935 -73.045986 8.269602 60.842367 105.709371 136.458731 157.188862 209.870597 260.836608 290.268479 320.678194 321.374635 322.807150 316.038397 364.806826 426.390249 521.128787 647.178812 710.451401 751.821307 758.737745 758.993021 777.941801 808.895619 853.707394 916.607403 959.967493 1006.165729 1040.475890 1053.360103 1059.220378 1075.482621 1093.852101 1094.863197 1108.165959 1113.730362 1118.172975 1117.350882 1118.470925 1119.552440 1120.358807 1118.061081 1112.810557 1106.204592 1101.771893 1098.711277 1094.908275 1097.840662 1101.536317 1103.150896 1097.327253 1090.941278
-9999.0 -439.192558 -379.006445 -306.443783 -234.270777 -158.377458 -46.958239 86.056021 135.904876 173.705177 206.082309 252.241637 344.717715 420.404624 462.763962 507.905748 505.378240 494.956301 491.089326 531.439990 595.307598 679.294107 816.029565 900.625949 920.687521 933.931057 944.281068 970.654981 1004.596891 1035.859165 1062.648938 1073.320955 1089.321844 1097.170699 1100.275464 1102.394668 1105.653799 1107.046526 1105.639045 1103.074791 1099.320036 1100.024262 1104.189693 1104.580516 1102.822056 1101.094150 1097.036822 1091.061231 1087.130408 1084.125152 1082.707158 1080.731011 1080.094097 1081.131683 1078.024394 1073.732553 1066.561151
-9999.0 -464.364144 -394.803955 -329.351663 -256.837439 -133.103067 -9.336974 122.180534 214.263435 257.107228 307.571072 404.311058 519.673540 626.171851 683.954033 711.589225 719.516613 707.420304 718.854406 764.709552 830.278064 911.749387 983.616461 1048.777306 1061.039820 1065.676326 1057.395351 1067.572157 1077.136683 1080.949022 1083.725652 1086.313682 1092.352881 1095.887015 1095.888763 1094.407287 1091.224055 1084.944531 1081.408375 1079.580331 1077.305788 1077.820734 1081.098954 1082.588230 1081.188501 1078.850553 1076.154657 1072.547505 1068.750521 1064.395223 1062.428022 1059.955185 1058.815266 1055.079958 1051.349611 1046.574829 1035.021029
-9999.0 -553.662496 -469.011151 -408.288523 -276.721900 -109.005186 16.154325 170.449234 311.111243 366.813461 472.641944 609.248545 727.186973 809.055950 856.809027 899.006691 925.700431 948.514400 979.506523 967.854930 1013.590558 1053.001010 1068.453782 1076.146077 1074.876883 1077.704994 1073.050316 1057.879716 1051.100949 1047.353604 1051.135595 1059.690098 1066.311265 1072.703866 1071.563942 1072.694824 1073.159978 1070.669868 1068.293220 1061.639690 1055.315364 1050.786926 1050.076706 1055.990261 1052.136973 1050.317209 1046.652735 1041.499225 1035.855589 1030.849021 1025.582026 1020.519143 1018.482387 1013.148796 1011.421756 1003.635975 977.517045
-9999.0 -634.393060 -555.950429 -454.315038 -304.615997 -140.346597 3.862911 176.063735 375.058821 497.456295 632.256415 723.630890 814.722215 889.211167 954.573528 994.334970 1014.868050 1022.715738 1020.272213 1026.631932 1000.488606 995.619155 1011.417600 1034.497913 1045.311991 1049.949842 1043.709496 1035.923764 1032.168909 1033.875920 1034.977248 1035.850988 1036.012174 1035.100433 1032.575332 1034.402328 1038.848843 1033.750956 1026.575647 1019.464321 1012.896996 1005.341090 1000.379491 997.871721 997.096300 998.096924 992.893336 985.353432 977.837100 972.390417 966.749855 962.130274 959.842899 954.020789 944.703970 930.146707 899.844806
-9999.0 -723.379440 -607.357320 -505.965730 -372.497273 -232.045539 -95.676629 74.586541 236.417195 460.049073 651.868631 750.214951 804.879676 864.618590 928.142752 990.124892 998.148049 972.571860 947.427335 935.588039 939.783549 948.917002 961.564954 980.019571 995.444034 1004.490779 1006.712987 1000.975346 990.253700 984.293796 980.967368 974.112967 969.020887 968.895502 968.663640 974.398007 976.695329 967.431001 954.240460 937.612881 922.599280 911.271386 907.381144 908.010137 908.014260 905.609595 900.145968 891.913153 881.821481 872.541780 866.205853 861.087478 853.680548 841.644265 825.881077 806.040312 771.708740
-9999.0 -9999.0 -677.902167 -565.834183 -451.298379 -323.113071 -195.933312 -40.476376 117.440691 311.835142 447.906107 581.430345 659.995927 714.411445 775.212243 834.271653 854.537075 872.148727 854.995913 858.424150 864.179034 869.610934 879.076531 890.704197 903.565309 913.265581 920.423283 919.398514 911.447620 896.909625 879.981882 867.336206 860.010997 854.245458 862.107986 871.984447 868.772607 860.465148 845.437375 824.722340 806.123145 788.585958 782.321579 781.592080 781.142486 778.211984 773.588674 761.459054 749.273992 737.643533 732.120740 725.562325 717.962626 703.201578 684.498397 660.299717 624.895036
-9999.0 -9999.0 -760.224029 -649.371673 -529.400107 -403.340616 -295.662799 -193.885853 -33.312486 91.562213 201.141739 303.946274 389.107381 457.684277 514.989353 586.948627 629.057084 647.638737 662.050693 683.525948 706.223267 729.336568 745.622925 759.459478 774.539459 788.407109 797.851397 786.932863 775.215047 758.052618 737.261824 715.441647 704.040742 699.257224 702.082670 707.409421 700.883085 688.413608 668.982923 644.584236 622.837593 604.512512 596.756801 592.419037 590.596975 587.132179 582.962608 572.766353 560.014278 550.971106 542.249049 534.800690 529.526665 518.997064 504.510931 491.138936 466.390699
