tests/Borden05m/sims/sim_1/output-maps/psiliqL0026N0017.asc
ncols         160
nrows         34
xllcorner     620200.000000
yllcorner     5168000.000000
cellsize      0.500000
NODATA_value  -9999.0
[rows 0 to 24 of 34, columns 0 to 54 of 160]
-9999.0 -9999.0 -9999.0 -9999.0 -9999.0 -9999.0 -9999.0 -9999.0 -9999.0 -9999.0 -9999.0 -9999.0 -9999.0 -9999.0 -9999.0 -9999.0 -9999.0 -9999.0 -9999.0 -9999.0 -9999.0 -9999.0 -9999.0 -9999.0 -9999.0 -9999.0 -9999.0 -9999.0 -9999.0 -9999.0 -9999.0 -9999.0 -9999.0 -9999.0 -9999.0 -9999.0 -9999.0 -9999.0 -9999.0 -9999.0 -9999.0 -9999.0 -9999.0 -9999.0 -9999.0 -9999.0 -9999.0 -9999.0 -9999.0 -9999.0 -9999.0 -9999.0 -9999.0 -9999.0 -9999.0
-9999.0 -9999.0 -9999.0 -9999.0 -9999.0 -9999.0 -9999.0 -9999.0 -9999.0 -9999.0 -9999.0 -9999.0 -9999.0 -9999.0 -9999.0 -9999.0 -9999.0 -9999.0 -9999.0 -9999.0 -9999.0 -9999.0 -9999.0 -9999.0 -9999.0 -9999.0 -9999.0 -9999.0 -9999.0 -9999.0 -9999.0 -9999.0 -9999.0 -9999.0 -9999.0 -9999.0 -9999.0 -9999.0 -9999.0 -9999.0 -9999.0 -9999.0 -9999.0 -9999.0 -9999.0 -9999.0 -9999.0 -9999.0 -9999.0 -9999.0 -9999.0 -9999.0 -9999.0 -9999.0 -9999.0
-9999.0 -9999.0 -9999.0 -9999.0 -9999.0 -9999.0 -9999.0 -9999.0 -9999.0 -9999.0 -9999.0 -9999.0 -9999.0 -9999.0 -9999.0 -9999.0 -9999.0 -9999.0 -9999.0 -9999.0 -9999.0 -9999.0 -9999.0 -9999.0 -9999.0 -9999.0 -9999.0 -9999.0 -9999.0 -9999.0 -9999.0 -9999.0 -9999.0 -9999.0 -9999.0 -9999.0 -9999.0 -9999.0 -9999.0 -9999.0 -9999.0 -9999.0 -9999.0 -9999.0 -9999.0 -9999.0 -9999.0 3273.284278 3256.072536 3242.620515 3237.704462 3258.502392 3281.344456 3304.935081 3325.237895
-9999.0 -9999.0 -9999.0 -9999.0 -9999.0 -9999.0 -9999.0 -9999.0 -9999.0 -9999.0 -9999.0 -9999.0 -9999.0 -9999.0 -9999.0 -9999.0 -9999.0 -9999.0 -9999.0 -9999.0 -9999.0 -9999.0 -9999.0 -9999.0 -9999.0 -9999.0 -9999.0 -9999.0 -9999.0 -9999.0 -9999.0 -9999.0 -9999.0 -9999.0 -9999.0 -9999.0 -9999.0 -9999.0 -9999.0 -9999.0 3324.322371 3330.147812 3329.729220 3319.737761 3308.241753 3294.339387 3273.586380 3256.386792 3243.265853 3241.216363 3243.443181 3245.788020 3266.113589 3291.285272 3310.954938
-9999.0 -9999.0 -9999.0 -9999.0 -9999.0 -9999.0 -9999.0 -9999.0 -9999.0 -9999.0 -9999.0 -9999.0 -9999.0 -9999.0 -9999.0 -9999.0 -9999.0 -9999.0 -9999.0 -9999.0 -9999.0 -9999.0 -9999.0 -9999.0 -9999.0 -9999.0 -9999.0 -9999.0 -9999.0 -9999.0 -9999.0 -9999.0 -9999.0 -9999.0 3232.485956 3249.253281 3266.973590 3285.333880 3302.122747 3309.038486 3314.769262 3319.948928 3315.092638 3310.460041 3298.510126 3277.173959 3257.675204 3244.765587 3243.650152 3240.997536 3244.234730 3255.393115 3271.668166 3286.282121 3306.451232
-9999.0 -9999.0 -9999.0 -9999.0 -9999.0 -9999.0 -9999.0 -9999.0 -9999.0 -9999.0 -9999.0 -9999.0 -9999.0 -9999.0 -9999.0 -9999.0 -9999.0 -9999.0 -9999.0 -9999.0 -9999.0 -9999.0 -9999.0 -9999.0 -9999.0 -9999.0 -9999.0 -9999.0 3238.954068 3232.874214 3227.870443 3226.057397 3224.354791 3223.180666 3229.644777 3240.486795 3257.215421 3279.046707 3292.089866 3299.115569 3305.785322 3305.855396 3299.629868 3297.608928 3297.773719 3284.739338 3272.091454 3260.228655 3248.599342 3245.031157 3253.496123 3267.331873 3283.120957 3297.245071 3312.044432
-9999.0 -9999.0 -9999.0 -9999.0 -9999.0 -9999.0 -9999.0 -9999.0 -9999.0 -9999.0 -9999.0 -9999.0 -9999.0 -9999.0 -9999.0 -9999.0 -9999.0 -9999.0 -9999.0 -9999.0 -9999.0 -9999.0 -9999.0 3209.601230 3214.339497 3220.652849 3228.097146 3228.833026 3225.370720 3219.773772 3216.838916 3215.116157 3212.489715 3216.690071 3223.290805 3235.818443 3250.633063 3272.521269 3280.329293 3284.114006 3295.005395 3298.315088 3305.766143 3309.193631 3306.814522 3302.201439 3286.719249 3274.558653 3276.087909 3279.479864 3285.765326 3293.538193 3306.441473 3319.510419 3334.116644
-9999.0 -9999.0 -9999.0 -9999.0 -9999.0 -9999.0 -9999.0 -9999.0 -9999.0 -9999.0 -9999.0 -9999.0 -9999.0 -9999.0 -9999.0 -9999.0 -9999.0 -9999.0 -9999.0 3185.462579 3186.407972 3187.759978 3192.437460 3192.591566 3194.108930 3200.577275 3208.255464 3210.839442 3208.264617 3206.926286 3207.815116 3209.915131 3213.925240 3223.771409 3236.509957 3249.742080 3261.792831 3281.703750 3295.323102 3306.821936 3321.290708 3321.089768 3316.833989 3314.500318 3313.708408 3311.329757 3308.878871 3307.113805 3312.534515 3312.373547 3315.045127 3323.396385 3334.587548 3350.223818 3366.842848
-9999.0 -9999.0 -9999.0 -9999.0 -9999.0 -9999.0 -9999.0 -9999.0 -9999.0 -9999.0 -9999.0 -9999.0 -9999.0 -9999.0 -9999.0 -9999.0 3157.250458 3158.895966 3161.115538 3166.456858 3169.995255 3173.701983 3180.375842 3180.878470 3183.768064 3190.327229 3194.198934 3202.901611 3210.642087 3216.983700 3222.009899 3223.531571 3229.038388 3237.174717 3247.465559 3260.152428 3279.017847 3301.432530 3315.984350 3331.564144 3347.727224 3347.291558 3344.596655 3343.877741 3341.427282 3341.760283 3355.081956 3357.266650 3351.007708 3359.646828 3370.408106 3372.249970 3377.971001 3396.737827 3417.949924
-9999.0 -9999.0 -9999.0 -9999.0 -9999.0 -9999.0 -9999.0 -9999.0 -9999.0 -9999.0 -9999.0 -9999.0 -9999.0 3108.021382 3111.816409 3121.840505 3133.174484 3135.995690 3140.693704 3147.110548 3158.861494 3162.056662 3167.512362 3174.004267 3185.184922 3192.969705 3200.844352 3211.580843 3218.511873 3224.313069 3229.486434 3231.113491 3241.277786 3253.921265 3266.902488 3284.624529 3305.171407 3322.256625 3339.091296 3354.207633 3364.657101 3360.909345 3359.028009 3360.081458 3363.665153 3375.262240 3390.636953 3390.014777 3398.597955 3418.009360 3427.218052 3433.566577 3438.736453 3451.681589 3472.322953
-9999.0 -9999.0 -9999.0 -9999.0 -9999.0 -9999.0 -9999.0 -9999.0 -9999.0 -9999.0 3081.646066 3082.906674 3078.878004 3075.800873 3081.280215 3093.283584 3107.487509 3112.587314 3124.148584 3145.022363 3163.160304 3165.525153 3178.041888 3186.546398 3192.123429 3200.687829 3212.158746 3222.738811 3236.564373 3246.610193 3253.768339 3268.437242 3282.498943 3296.922465 3312.425447 3331.157922 3345.730708 3367.944173 3391.162112 3398.507581 3414.202901 3415.999465 3410.871565 3408.025566 3416.169712 3426.200665 3439.877739 3454.477557 3471.851863 3492.710267 3502.133261 3514.122036 3522.345409 3531.926339 3546.492341
-9999.0 -9999.0 -9999.0 -9999.0 -9999.0 -9999.0 -9999.0 -9999.0 3057.329214 3065.216791 3070.232937 3066.533018 3061.566941 3055.166560 3069.319374 3084.153731 3099.340205 3117.005486 3131.812131 3149.258237 3162.176689 3175.815772 3193.862139 3203.183785 3212.312868 3225.767249 3237.156146 3250.314831 3269.049643 3275.299158 3284.795402 3302.501182 3316.510702 3331.667445 3348.126697 3362.970535 3381.579799 3410.278270 3437.778986 3452.819290 3477.566594 3493.719796 3487.291211 3484.817146 3485.328237 3507.347349 3532.501388 3560.469028 3578.498329 3601.054395 3628.410972 3646.645267 3655.470487 3666.169775 3679.605920
-9999.0 -9999.0 -9999.0 -9999.0 -9999.0 -9999.0 3029.205275 3053.307593 3068.093459 3058.999957 3044.292606 3038.538505 3031.726139 3061.882308 3083.530459 3100.059668 3115.863427 3132.423261 3147.588401 3154.849865 3182.334018 3200.317025 3210.731117 3222.609425 3235.527902 3248.383859 3263.025443 3282.751787 3298.766566 3319.289718 3334.096123 3349.189148 3371.087750 3386.949296 3402.458908 3414.860667 3441.163672 3474.585851 3507.974373 3531.453179 3554.991536 3585.435332 3584.828138 3586.234047 3587.552493 3610.447136 3643.360162 3672.408709 3703.605108 3733.586968 3761.247606 3771.425575 3780.121174 3789.755134 3801.992967
-9999.0 -9999.0 -9999.0 -9999.0 2997.418571 3017.939498 3036.133444 3065.668072 3087.047139 3081.427361 3085.116292 3082.383383 3077.174610 3081.320207 3088.532093 3104.737942 3122.745437 3141.076524 3154.110600 3179.065587 3224.259128 3233.976820 3249.807573 3277.769614 3287.346406 3299.863083 3313.933391 3333.006573 3350.354278 3376.120756 3409.268305 3437.319031 3457.545830 3475.704175 3493.698879 3509.738607 3543.557117 3579.391704 3614.064928 3644.807020 3671.088160 3696.367205 3702.844863 3707.494087 3717.158778 3733.696961 3755.795927 3782.837973 3815.799509 3847.448908 3870.470178 3879.546205 3884.690848 3894.044870 3901.542919
-9999.0 -9999.0 -9999.0 2945.275375 2982.531529 3021.575484 3046.653259 3076.209560 3107.791469 3106.992111 3114.805795 3113.861722 3111.966109 3116.417296 3118.675523 3133.961049 3150.739414 3169.061158 3187.969493 3220.075707 3248.008385 3264.818107 3291.266581 3306.383192 3318.342114 3329.969777 3347.104095 3365.989361 3400.829045 3429.685313 3474.586696 3524.062423 3555.415003 3574.216072 3595.741500 3622.387865 3646.763281 3684.552112 3717.933462 3749.457920 3779.222799 3801.075193 3815.246526 3819.772957 3829.058467 3834.757924 3847.299254 3867.967262 3889.919728 3920.100865 3948.952642 3977.195144 3992.127576 4002.921453 4019.745641
-9999.0 -9999.0 2896.969567 2936.361599 2967.419013 3011.987292 3064.302296 3098.654086 3137.233465 3155.316270 3157.641020 3167.357142 3176.223219 3176.218764 3184.004413 3195.566304 3216.166083 3223.785035 3242.666151 3257.706429 3294.072884 3327.141110 3323.074414 3360.430071 3389.432114 3420.597788 3440.644613 3466.247457 3502.811613 3536.168422 3579.779166 3628.727152 3662.522805 3689.950890 3705.314807 3724.916544 3744.876244 3770.484230 3806.427088 3831.903942 3864.876033 3889.950133 3909.369965 3910.367516 3913.042116 3928.894947 3956.605423 3986.765038 4015.066944 4043.391294 4029.232104 4051.667719 4061.689968 4067.281631 4076.073703
-9999.0 -9999.0 2866.676316 2913.080091 2947.379606 3003.171682 3088.768822 3122.261191 3161.352609 3205.286915 3218.046162 3238.340929 3231.598019 3220.083642 3236.755905 3250.162781 3269.204191 3275.684858 3269.053394 3320.103350 3371.401538 3395.839805 3403.126259 3478.161722 3529.043292 3552.113626 3567.873046 3587.500125 3606.912067 3644.838112 3683.812851 3737.369775 3778.153380 3807.533744 3821.748080 3841.204066 3860.357326 3875.251422 3894.404102 3940.202818 3974.788366 4004.924884 4036.186594 4057.232887 4065.260078 4070.077070 4045.450234 4064.196263 4076.909039 4082.391982 4084.563636 4080.792626 4080.216674 4081.030025 4081.956082
-9999.0 2778.570637 2825.933492 2876.025756 2940.073172 2999.124766 3073.137117 3147.214195 3211.688947 3262.488357 3286.714942 3279.336910 3279.372541 3303.935803 3322.384082 3338.147675 3342.607740 3351.710391 3332.416504 3384.198016 3420.441006 3469.736334 3568.303358 3625.604849 3687.033858 3682.969872 3671.377472 3676.358871 3692.326882 3737.986609 3815.536241 3870.626694 3935.064834 3983.006874 3999.669992 4006.877482 4025.249681 4045.726123 3996.159748 4038.011978 4057.269413 4073.338254 4082.242732 4084.457524 4085.694506 4085.464161 4081.787742 4074.788263 4066.625059 4060.789271 4056.562765 4052.059901 4054.496009 4057.822493 4058.030375
-9999.0 2740.152849 2792.563357 2860.275739 2927.391455 2974.074863 3053.902181 3218.038180 3279.144099 3315.887537 3320.728324 3296.650789 3353.762838 3412.391012 3436.083211 3480.239928 3464.424889 3448.959476 3412.237810 3436.963832 3475.193053 3545.210541 3713.774717 3801.414012 3851.846697 3859.732676 3860.632036 3888.540536 3931.989452 3978.503473 4023.359618 3993.351822 4041.507148 4065.202367 4070.153898 4070.847006 4076.163532 4074.734890 4073.248709 4068.817545 4063.668607 4063.831418 4068.422804 4068.264644 4065.306408 4061.931659 4056.234263 4048.811930 4043.607216 4038.978653 4036.319587 4033.479085 4031.526724 4030.806222 4025.966561
-9999.0 2699.661877 2774.533984 2827.422954 2872.866395 2963.053640 3089.962803 3232.254062 3327.345010 3360.266257 3337.592190 3372.172874 3473.698135 3578.494974 3629.916208 3650.463704 3631.380387 3583.465000 3563.685959 3606.641420 3676.238575 3794.291045 3930.852048 4028.936197 4043.985935 4047.288155 4000.459647 4025.656504 4049.010794 4051.782164 4052.878752 4060.656618 4065.720096 4068.654955 4067.088061 4064.195235 4059.380219 4051.189250 4046.383589 4042.702662 4038.931200 4037.771759 4039.770909 4041.588937 4038.770010 4034.873615 4030.396162 4024.817915 4018.510676 4011.749112 4007.434533 4003.181154 4001.047120 3995.514900 3991.991218
-9999.0 2575.749748 2672.368577 2712.760849 2786.434191 2968.230773 3093.970985 3232.509633 3396.074671 3415.675409 3460.371415 3598.188029 3716.169918 3795.632658 3824.210658 3857.321040 3881.597606 3897.419522 3933.765013 3816.290441 3895.691522 3991.769592 4035.704858 4054.756779 4064.371271 4064.735520 4054.886915 4034.103413 4023.367726 4016.611494 4018.220754 4025.498519 4030.177508 4034.966611 4032.663271 4033.716310 4034.799500 4031.571991 4027.552330 4018.831425 4010.979822 4004.285147 4001.030288 4005.726850 4001.070988 3998.700353 3992.507015 3984.068793 3975.121853 3967.745340 3959.782327 3953.217719 3950.983096 3945.972102 3944.780433
-9999.0 2494.829425 2567.255716 2626.198826 2736.103411 2892.670774 2984.071959 3140.377171 3379.278623 3514.198695 3676.506331 3766.441837 3836.334723 3878.275176 3928.444018 3979.925114 4006.550922 4018.049654 3987.580574 4009.395808 3966.757694 3955.722761 3973.165543 4002.185417 4019.205339 4023.257166 4015.381938 4006.189227 3998.924766 3997.800916 3995.632923 3991.579167 3987.466027 3983.880171 3980.739987 3983.698581 3989.002052 3981.889991 3971.628693 3962.182151 3953.667019 3944.446934 3938.495789 3933.847347 3934.210878 3934.476122 3926.845376 3916.354011 3905.500992 3897.215152 3890.019433 3885.516969 3882.849157 3877.885637 3868.263936
-9999.0 2374.028515 2507.111425 2582.767169 2676.065741 2797.492934 2899.228136 3046.612747 3174.071079 3417.242413 3557.632585 3748.394378 3797.658372 3866.971658 3914.312012 3987.129524 3982.590181 3951.175209 3908.126486 3891.930350 3902.914524 3911.856245 3920.134847 3934.657645 3952.272888 3962.358304 3967.297659 3961.235039 3947.027306 3934.603096 3923.547459 3909.914969 3900.539569 3898.064654 3902.057148 3912.020534 3912.556374 3903.251179 3889.142615 3870.933140 3855.342201 3843.549691 3841.536294 3844.297532 3845.386681 3841.330982 3835.522176 3824.773200 3812.188030 3799.789827 3794.101854 3789.769569 3782.379583 3771.188025 3759.352750
-9999.0 -9999.0 2420.851807 2528.935625 2621.416563 2731.383336 2811.309097 2926.820357 3061.628314 3230.495750 3345.851694 3524.825143 3619.265911 3663.082373 3697.045542 3752.602332 3777.683357 3808.700656 3802.817073 3814.381901 3824.140419 3829.403751 3834.678132 3840.456085 3850.948759 3860.733659 3870.906721 3868.101400 3859.270100 3838.799445 3813.185355 3793.262069 3782.788494 3773.565579 3785.637231 3798.161853 3792.683152 3785.778014 3773.149895 3756.954115 3744.388951 3730.162395 3726.714250 3726.650718 3727.260395 3724.970097 3722.458451 3710.055874 3697.824384 3687.954012 3683.958809 3678.381949 3674.833010 3665.075267 3654.537209
-9999.0 -9999.0 2332.168173 2435.718068 2536.879105 2653.379164 2736.351640 2748.451488 2873.581609 2971.337567 3077.171987 3186.617593 3282.347792 3350.268523 3382.814808 3444.648254 3500.405279 3518.603284 3558.381845 3611.857934 3645.871648 3684.967087 3707.810629 3717.225560 3729.684272 3744.063298 3751.504949 3736.309809 3725.037763 3707.969277 3684.596469 3657.992626 3644.512810 3644.019724 3643.110701 3644.698191 3637.120285 3628.187416 3613.760407 3599.844644 3587.672520 3578.763683 3575.202155 3569.684253 3567.431739 3564.743320 3563.076509 3557.899949 3549.682649 3545.140907 3537.026740 3533.358254 3532.618565 3529.619179 3523.963507
