tests/Borden05m/sims/sim_1/output-maps/psiliqL0025N0016.asc
ncols         160
nrows         34
xllcorner     620200.000000
yllcorner     5168000.000000
cellsize      0.500000
NODATA_value  -9999.0
[rows 0 to 24 of 34, columns 0 to 54 of 160]
-9999.0 -9999.0 -9999.0 -9999.0 -9999.0 -9999.0 -9999.0 -9999.0 -9999.0 -9999.0 -9999.0 -9999.0 -9999.0 -9999.0 -9999.0 -9999.0 -9999.0 -9999.0 -9999.0 -9999.0 -9999.0 -9999.0 -9999.0 -9999.0 -9999.0 -9999.0 -9999.0 -9999.0 -9999.0 -9999.0 -9999.0 -9999.0 -9999.0 -9999.0 -9999.0 -9999.0 -9999.0 -9999.0 -9999.0 -9999.0 -9999.0 -9999.0 -9999.0 -9999.0 -9999.0 -9999.0 -9999.0 -9999.0 -9999.0 -9999.0 -9999.0 -9999.0 -9999.0 -9999.0 -9999.0
-9999.0 -9999.0 -9999.0 -9999.0 -9999.0 -9999.0 -9999.0 -9999.0 -9999.0 -9999.0 -9999.0 -9999.0 -9999.0 -9999.0 -9999.0 -9999.0 -9999.0 -9999.0 -9999.0 -9999.0 -9999.0 -9999.0 -9999.0 -9999.0 -9999.0 -9999.0 -9999.0 -9999.0 -9999.0 -9999.0 -9999.0 -9999.0 -9999.0 -9999.0 -9999.0 -9999.0 -9999.0 -9999.0 -9999.0 -9999.0 -9999.0 -9999.0 -9999.0 -9999.0 -9999.0 -9999.0 -9999.0 -9999.0 -9999.0 -9999.0 -9999.0 -9999.0 -9999.0 -9999.0 -9999.0
-9999.0 -9999.0 -9999.0 -9999.0 -9999.0 -9999.0 -9999.0 -9999.0 -9999.0 -9999.0 -9999.0 -9999.0 -9999.0 -9999.0 -9999.0 -9999.0 -9999.0 -9999.0 -9999.0 -9999.0 -9999.0 -9999.0 -9999.0 -9999.0 -9999.0 -9999.0 -9999.0 -9999.0 -9999.0 -9999.0 -9999.0 -9999.0 -9999.0 -9999.0 -9999.0 -9999.0 -9999.0 -9999.0 -9999.0 -9999.0 -9999.0 -9999.0 -9999.0 -9999.0 -9999.0 -9999.0 -9999.0 3074.554408 3057.337106 3043.712841 3038.994697 3059.916423 3082.789319 3106.382581 3126.692881
-9999.0 -9999.0 -9999.0 -9999.0 -9999.0 -9999.0 -9999.0 -9999.0 -9999.0 -9999.0 -9999.0 -9999.0 -9999.0 -9999.0 -9999.0 -9999.0 -9999.0 -9999.0 -9999.0 -9999.0 -9999.0 -9999.0 -9999.0 -9999.0 -9999.0 -9999.0 -9999.0 -9999.0 -9999.0 -9999.0 -9999.0 -9999.0 -9999.0 -9999.0 -9999.0 -9999.0 -9999.0 -9999.0 -9999.0 -9999.0 3125.312181 3131.143706 3130.850835 3120.823776 3109.353649 3095.587078 3074.898865 3057.666163 3044.415675 3042.330972 3044.589305 3047.137901 3067.624854 3092.742781 3112.397336
-9999.0 -9999.0 -9999.0 -9999.0 -9999.0 -9999.0 -9999.0 -9999.0 -9999.0 -9999.0 -9999.0 -9999.0 -9999.0 -9999.0 -9999.0 -9999.0 -9999.0 -9999.0 -9999.0 -9999.0 -9999.0 -9999.0 -9999.0 -9999.0 -9999.0 -9999.0 -9999.0 -9999.0 -9999.0 -9999.0 -9999.0 -9999.0 -9999.0 -9999.0 3033.465475 3050.280980 3068.024173 3086.381585 3103.159855 3110.059811 3115.797895 3121.019749 3116.222145 3111.590987 3099.692088 3078.532338 3059.037919 3046.062911 3044.871405 3042.232888 3045.547395 3056.827307 3073.127109 3087.845244 3108.052716
-9999.0 -9999.0 -9999.0 -9999.0 -9999.0 -9999.0 -9999.0 -9999.0 -9999.0 -9999.0 -9999.0 -9999.0 -9999.0 -9999.0 -9999.0 -9999.0 -9999.0 -9999.0 -9999.0 -9999.0 -9999.0 -9999.0 -9999.0 -9999.0 -9999.0 -9999.0 -9999.0 -9999.0 3039.772922 3033.708371 3028.703749 3026.917943 3025.247706 3024.078273 3030.571128 3041.503683 3058.327340 3080.139526 3093.169823 3100.205768 3106.870459 3106.990973 3100.858449 3098.839533 3099.017417 3086.077279 3073.505020 3061.714177 3050.166454 3046.748302 3055.285960 3069.125176 3084.923361 3099.077334 3113.892366
-9999.0 -9999.0 -9999.0 -9999.0 -9999.0 -9999.0 -9999.0 -9999.0 -9999.0 -9999.0 -9999.0 -9999.0 -9999.0 -9999.0 -9999.0 -9999.0 -9999.0 -9999.0 -9999.0 -9999.0 -9999.0 -9999.0 -9999.0 3010.397804 3015.217426 3021.546748 3028.991782 3029.742260 3026.234217 3020.638819 3017.698013 3015.993766 3013.438712 3017.658006 3024.369840 3036.971670 3051.855048 3073.729530 3081.587712 3085.543648 3096.531297 3099.787777 3107.093965 3110.564558 3108.228308 3103.739985 3088.478083 3076.526983 3078.312667 3081.875377 3088.171795 3095.924764 3108.817947 3122.019799 3136.779881
-9999.0 -9999.0 -9999.0 -9999.0 -9999.0 -9999.0 -9999.0 -9999.0 -9999.0 -9999.0 -9999.0 -9999.0 -9999.0 -9999.0 -9999.0 -9999.0 -9999.0 -9999.0 -9999.0 2986.381865 2987.329114 2988.671071 2993.345053 2993.378069 2994.929635 3001.436711 3009.150342 3011.714156 3009.206145 3007.858801 3008.796373 3010.941132 3014.972908 3024.926272 3037.739103 3051.032380 3063.210876 3083.178989 3096.867053 3108.512132 3123.083623 3122.825357 3118.570030 3116.256234 3115.541509 3113.334306 3111.377486 3109.935755 3115.379791 3115.566982 3118.485895 3126.851658 3137.902311 3153.664141 3170.397858
-9999.0 -9999.0 -9999.0 -9999.0 -9999.0 -9999.0 -9999.0 -9999.0 -9999.0 -9999.0 -9999.0 -9999.0 -9999.0 -9999.0 -9999.0 -9999.0 2961.176653 2962.922561 2965.253438 2970.639592 2974.251482 2978.116609 2984.847684 2982.012880 2984.612713 2991.200039 2995.148568 3003.852004 3011.609251 3018.021266 3023.113658 3024.717505 3030.367677 3038.607243 3049.004575 3061.872898 3080.917264 3103.345173 3117.988167 3133.627769 3149.827426 3149.442395 3146.844969 3146.239165 3143.974006 3144.647959 3158.233041 3160.641509 3154.924690 3164.128809 3175.074949 3177.037663 3181.021304 3199.560673 3220.793525
-9999.0 -9999.0 -9999.0 -9999.0 -9999.0 -9999.0 -9999.0 -9999.0 -9999.0 -9999.0 -9999.0 -9999.0 -9999.0 2911.906613 2915.831839 2925.953015 2937.241768 2940.177405 2944.992044 2951.532896 2963.484994 2966.885061 2972.550325 2979.007820 2986.296818 2993.947966 3001.911891 3012.723667 3019.759131 3025.657345 3030.959821 3032.890796 3043.276553 3056.095860 3069.262173 3087.136660 3107.732624 3125.026296 3142.004003 3157.095805 3167.747667 3164.412721 3162.541278 3163.634151 3167.417167 3177.676207 3193.091843 3193.112098 3202.326545 3221.867147 3231.261861 3237.881561 3243.076539 3255.862801 3276.336042
-9999.0 -9999.0 -9999.0 -9999.0 -9999.0 -9999.0 -9999.0 -9999.0 -9999.0 -9999.0 2884.580311 2886.042105 2882.224047 2879.554369 2885.168766 2897.361122 2911.707806 2917.123498 2928.879925 2949.948511 2968.239693 2970.885390 2983.469545 2988.063866 2993.332524 3002.026824 3013.614150 3024.353820 3038.397703 3048.610453 3056.099854 3071.126566 3085.328143 3099.868563 3115.494915 3134.267309 3149.091814 3171.655920 3193.527570 3201.083893 3217.154307 3219.556548 3214.462023 3211.704358 3219.740880 3230.011769 3244.133597 3259.280326 3276.806211 3297.845543 3307.754683 3319.757269 3328.002185 3337.619762 3352.062273
-9999.0 -9999.0 -9999.0 -9999.0 -9999.0 -9999.0 -9999.0 -9999.0 2859.973336 2867.929174 2873.205718 2869.744337 2865.019473 2859.047227 2873.387081 2888.541723 2904.042900 2921.943683 2937.083707 2954.789802 2967.941926 2981.885175 2995.703399 3004.783655 3014.076164 3027.653352 3039.197654 3052.648767 3071.541937 3078.274819 3088.315770 3106.243504 3120.462972 3135.758140 3152.306149 3167.253396 3184.696245 3213.485608 3241.045233 3256.498189 3281.278321 3297.775194 3291.632218 3289.385520 3290.029671 3312.141396 3337.428486 3365.379845 3383.484739 3406.204887 3433.518096 3451.521265 3460.300277 3470.952973 3484.324743
-9999.0 -9999.0 -9999.0 -9999.0 -9999.0 -9999.0 2831.640176 2855.871281 2870.851997 2862.047009 2847.966069 2842.624361 2836.301191 2866.140090 2888.097339 2904.983795 2921.183374 2938.125548 2953.646388 2961.301740 2984.829952 3002.524219 3013.004656 3025.343283 3038.347432 3051.294321 3066.111271 3086.068526 3102.470327 3123.571587 3139.192319 3154.849423 3175.306703 3191.183792 3206.735413 3219.384142 3245.749270 3279.185001 3312.549715 3336.201770 3359.768215 3389.668779 3389.462644 3391.001604 3392.584056 3415.074111 3447.627922 3476.539983 3507.697333 3537.627518 3564.989995 3575.078117 3583.722773 3593.307364 3605.453362
-9999.0 -9999.0 -9999.0 -9999.0 2799.443135 2820.087008 2838.600306 2868.410733 2890.103278 2884.776469 2888.989363 2886.790245 2882.173150 2886.617319 2894.157347 2910.884115 2929.299920 2947.993597 2961.357549 2982.271108 3026.820342 3036.937265 3053.401228 3081.604273 3091.444451 3104.107938 3118.264188 3137.547026 3155.384144 3179.913466 3213.588308 3242.115767 3262.434356 3280.675517 3298.639083 3314.874052 3348.361145 3383.711069 3418.217294 3448.933586 3475.218588 3500.241880 3506.986025 3511.672621 3521.292539 3537.589872 3559.397733 3586.192617 3618.773598 3650.235690 3673.227656 3682.505939 3687.713122 3697.006576 3704.588521
-9999.0 -9999.0 -9999.0 2751.572964 2785.261447 2823.975440 2849.390120 2879.281103 2911.163031 2911.125073 2919.354457 2919.243507 2918.152930 2923.314474 2926.503427 2942.339144 2959.449578 2977.750494 2991.639445 3023.525615 3051.907999 3069.692629 3096.453857 3112.329493 3124.886702 3136.737325 3153.833484 3172.910010 3206.029029 3235.104668 3280.061308 3329.460677 3360.886938 3379.511100 3400.717058 3427.053304 3451.123715 3488.402791 3521.576916 3552.920650 3582.515650 3604.335582 3618.646047 3623.214710 3632.313179 3638.068649 3650.735554 3671.277769 3693.033344 3722.910332 3751.539152 3779.302139 3794.007743 3804.601444 3821.223585
-9999.0 -9999.0 2703.161347 2742.591357 2774.253159 2815.308052 2867.698632 2902.297760 2941.354132 2960.180885 2963.225635 2973.793996 2979.984272 2980.379504 2988.762733 3000.734115 3020.991527 3028.431274 3046.731799 3062.910897 3100.132074 3134.024089 3131.840586 3168.394855 3197.342548 3227.869862 3247.383280 3272.744653 3308.752311 3342.400687 3385.703059 3434.274676 3468.054065 3495.401032 3510.509620 3529.747970 3549.590980 3574.688964 3610.136440 3635.615815 3668.179797 3693.089060 3712.482496 3713.790513 3716.491974 3732.165703 3759.413734 3789.027861 3816.839716 3844.612705 3831.888827 3853.295611 3862.851701 3868.183291 3876.566432
-9999.0 -9999.0 2673.193241 2719.675465 2754.840783 2807.573911 2892.687680 2926.756252 2966.302212 3007.988724 3021.065936 3041.610631 3036.215064 3026.405217 3043.516533 3057.562213 3075.859003 3082.203745 3075.924294 3126.942766 3176.860217 3203.039804 3213.320116 3287.096669 3337.078038 3359.222989 3374.074603 3393.415233 3412.896945 3450.849448 3490.094473 3543.123341 3583.695669 3612.833382 3626.884409 3645.917092 3664.849405 3679.688956 3698.564794 3743.535615 3777.264008 3806.817721 3837.509595 3858.321644 3866.241075 3870.834033 3847.352631 3865.226552 3877.348030 3882.575956 3884.628930 3880.884939 3880.293917 3881.090376 3882.018006
-9999.0 2580.029529 2632.585830 2683.457100 2748.340242 2804.255250 2878.895825 2953.587845 3015.140142 3065.275168 3089.767138 3083.933459 3086.959160 3112.805323 3131.681195 3148.188919 3152.334442 3160.885330 3142.128679 3191.470575 3228.227182 3279.124253 3377.757249 3434.455155 3493.972804 3490.109375 3478.787520 3484.100308 3500.394247 3545.463789 3621.619108 3675.622646 3738.677166 3785.584886 3801.830961 3808.759976 3826.815343 3847.002147 3800.479802 3840.475657 3858.837214 3874.158663 3882.433630 3884.545414 3885.724866 3885.505240 3881.859353 3874.912412 3866.787491 3860.980815 3856.774154 3852.271417 3854.704923 3858.026447 3858.289776
-9999.0 2541.876984 2599.515191 2668.340857 2736.312172 2785.571275 2862.692046 3022.631430 3082.726425 3119.327031 3125.531974 3105.255294 3163.782134 3221.534155 3245.633698 3289.358840 3274.092924 3258.715386 3223.669221 3248.550101 3287.212716 3356.684745 3522.210196 3608.956896 3657.038436 3664.914127 3666.095248 3693.597518 3736.141437 3781.430113 3824.933721 3797.286659 3843.297040 3865.889994 3870.611219 3871.272096 3876.341348 3874.979159 3873.403511 3869.014265 3863.896434 3864.052608 3868.582534 3868.417318 3865.479009 3862.138903 3856.463706 3849.040095 3843.814676 3839.190235 3836.525547 3833.674365 3831.758863 3831.113267 3826.341494
-9999.0 2502.334943 2576.915713 2635.766542 2683.667599 2776.934391 2898.916079 3038.030533 3132.574754 3165.661955 3146.701104 3182.988149 3283.762238 3386.928853 3437.776966 3458.253162 3440.556503 3394.634715 3376.465927 3419.052301 3487.658558 3602.725452 3734.752825 3830.445376 3845.053530 3848.202174 3803.551747 3827.576678 3849.844733 3852.487049 3853.532577 3860.863110 3865.891543 3868.781062 3867.228912 3864.339944 3859.541451 3851.381696 3846.567000 3842.919144 3839.171013 3838.064105 3840.104220 3841.859093 3839.066166 3835.182155 3830.709237 3825.129527 3818.846567 3812.109742 3807.838162 3803.620754 3801.503646 3796.057571 3792.500105
-9999.0 2380.581836 2476.486709 2518.178084 2595.577076 2783.207254 2904.328006 3041.274212 3202.178644 3223.006276 3269.810244 3405.195758 3521.314559 3599.560018 3628.578340 3661.875512 3686.062834 3702.097549 3737.841242 3626.623894 3703.498207 3795.657834 3837.549239 3855.714846 3864.490525 3864.837842 3855.114765 3834.456549 3823.748113 3816.994962 3818.602399 3825.862602 3830.590940 3835.420092 3833.129939 3834.132606 3835.119364 3831.868506 3827.876003 3819.208639 3811.385493 3804.774282 3801.641981 3806.379164 3801.713812 3799.290649 3793.138400 3784.765430 3775.880772 3768.515894 3760.612536 3754.073221 3751.829934 3746.817528 3745.642207
-9999.0 2299.679031 2372.521712 2434.186595 2546.695250 2710.613148 2800.980769 2957.793179 3190.312164 3322.833826 3481.000226 3568.667738 3638.127291 3681.050150 3731.629846 3782.064771 3808.030728 3818.994774 3789.942897 3810.438066 3768.475362 3757.552721 3774.738854 3803.313014 3819.868767 3823.840059 3815.894848 3806.579955 3799.325475 3798.201340 3796.100233 3792.251772 3788.330410 3784.857392 3781.716755 3784.583319 3789.813616 3782.793945 3772.695747 3763.373455 3754.966006 3745.837081 3739.936222 3735.404446 3735.658045 3735.902105 3728.320681 3717.885209 3707.105105 3698.875806 3691.690555 3687.147234 3684.539266 3679.633622 3670.225107
-9999.0 2180.870667 2312.928118 2390.270220 2486.209891 2615.599190 2721.167692 2864.324873 2990.102680 3229.748069 3370.824322 3553.512649 3601.446329 3669.183320 3716.957785 3788.649304 3784.464849 3752.964723 3710.583792 3694.260627 3704.497451 3713.232739 3721.674661 3736.401171 3753.837673 3763.776895 3768.415889 3762.206484 3748.039626 3735.859837 3725.153330 3711.835859 3702.650491 3700.279999 3703.998901 3713.717951 3714.391211 3705.119296 3691.135186 3673.141194 3657.711762 3646.045858 3643.977708 3646.637472 3647.660121 3643.680002 3637.836700 3627.169469 3614.658471 3602.386627 3596.624988 3592.270397 3584.997557 3573.998240 3562.363412
-9999.0 -9999.0 2227.672193 2336.076545 2429.999054 2541.241058 2631.911126 2751.302555 2881.397174 3047.197440 3161.385456 3335.255110 3427.037663 3470.404528 3505.171956 3560.091756 3584.209259 3613.844067 3606.765862 3617.427737 3626.631138 3631.684807 3637.076861 3643.124485 3653.676720 3663.355950 3673.238757 3670.449109 3661.580715 3641.393394 3616.241295 3596.702360 3586.377775 3577.356386 3589.186564 3601.602125 3596.344744 3589.481747 3576.948132 3560.875858 3548.316978 3534.174243 3530.727149 3530.717942 3531.311536 3529.010699 3526.389367 3514.044041 3501.838676 3491.885722 3487.841514 3482.298865 3478.680928 3468.937968 3458.434020
-9999.0 -9999.0 2139.391534 2243.451004 2345.881020 2463.042832 2547.605288 2565.447453 2702.652958 2795.372681 2901.332064 3005.372791 3098.855522 3164.828900 3197.830902 3258.826349 3312.876344 3330.524672 3368.041421 3419.067386 3452.052932 3489.875351 3512.067773 3521.525159 3533.933233 3548.089091 3555.547242 3540.618919 3529.375662 3512.377788 3489.250015 3462.995177 3449.677036 3448.945847 3448.310061 3450.199766 3442.805723 3433.863057 3419.499801 3405.504838 3393.317439 3384.254245 3380.684433 3375.378024 3373.235809 3370.575145 3368.857727 3363.801989 3355.432353 3350.716781 3342.674549 3338.902603 3338.061182 3334.862823 3329.044859
