tests/Borden05m/sims/sim_1/output-maps/psiliqL0022N0012.asc
ncols         160
nrows         34
xllcorner     620200.000000
yllcorner     5168000.000000
cellsize      0.500000
NODATA_value  -9999.0
[rows 0 to 24 of 34, columns 0 to 54 of 160]
-9999.0 -9999.0 -9999.0 -9999.0 -9999.0 -9999.0 -9999.0 -9999.0 -9999.0 -9999.0 -9999.0 -9999.0 -9999.0 -9999.0 -9999.0 -9999.0 -9999.0 -9999.0 -9999.0 -9999.0 -9999.0 -9999.0 -9999.0 -9999.0 -9999.0 -9999.0 -9999.0 -9999.0 -9999.0 -9999.0 -9999.0 -9999.0 -9999.0 -9999.0 -9999.0 -9999.0 -9999.0 -9999.0 -9999.0 -9999.0 -9999.0 -9999.0 -9999.0 -9999.0 -9999.0 -9999.0 -9999.0 -9999.0 -9999.0 -9999.0 -9999.0 -9999.0 -9999.0 -9999.0 -9999.0
-9999.0 -9999.0 -9999.0 -9999.0 -9999.0 -9999.0 -9999.0 -9999.0 -9999.0 -9999.0 -9999.0 -9999.0 -9999.0 -9999.0 -9999.0 -9999.0 -9999.0 -9999.0 -9999.0 -9999.0 -9999.0 -9999.0 -9999.0 -9999.0 -9999.0 -9999.0 -9999.0 -9999.0 -9999.0 -9999.0 -9999.0 -9999.0 -9999.0 -9999.0 -9999.0 -9999.0 -9999.0 -9999.0 -9999.0 -9999.0 -9999.0 -9999.0 -9999.0 -9999.0 -9999.0 -9999.0 -9999.0 -9999.0 -9999.0 -9999.0 -9999.0 -9999.0 -9999.0 -9999.0 -9999.0
-9999.0 -9999.0 -9999.0 -9999.0 -9999.0 -9999.0 -9999.0 -9999.0 -9999.0 -9999.0 -9999.0 -9999.0 -9999.0 -9999.0 -9999.0 -9999.0 -9999.0 -9999.0 -9999.0 -9999.0 -9999.0 -9999.0 -9999.0 -9999.0 -9999.0 -9999.0 -9999.0 -9999.0 -9999.0 -9999.0 -9999.0 -9999.0 -9999.0 -9999.0 -9999.0 -9999.0 -9999.0 -9999.0 -9999.0 -9999.0 -9999.0 -9999.0 -9999.0 -9999.0 -9999.0 -9999.0 -9999.0 2504.475167 2487.522223 2473.858936 2470.346015 2492.339947 2516.059162 2540.432410 2561.518890
-9999.0 -9999.0 -9999.0 -9999.0 -9999.0 -9999.0 -9999.0 -9999.0 -9999.0 -9999.0 -9999.0 -9999.0 -9999.0 -9999.0 -9999.0 -9999.0 -9999.0 -9999.0 -9999.0 -9999.0 -9999.0 -9999.0 -9999.0 -9999.0 -9999.0 -9999.0 -9999.0 -9999.0 -9999.0 -9999.0 -9999.0 -9999.0 -9999.0 -9999.0 -9999.0 -9999.0 -9999.0 -9999.0 -9999.0 -9999.0 2552.587738 2558.726545 2559.260343 2549.655489 2538.809871 2525.954120 2505.836382 2488.591270 2475.328301 2473.691851 2476.718634 2480.632539 2502.405807 2528.182385 2548.596080
-9999.0 -9999.0 -9999.0 -9999.0 -9999.0 -9999.0 -9999.0 -9999.0 -9999.0 -9999.0 -9999.0 -9999.0 -9999.0 -9999.0 -9999.0 -9999.0 -9999.0 -9999.0 -9999.0 -9999.0 -9999.0 -9999.0 -9999.0 -9999.0 -9999.0 -9999.0 -9999.0 -9999.0 -9999.0 -9999.0 -9999.0 -9999.0 -9999.0 -9999.0 2458.638247 2475.974450 2494.348936 2513.335517 2530.705871 2538.067081 2544.053137 2549.829251 2545.754614 2541.737527 2530.619859 2510.596970 2491.670365 2478.995419 2478.170548 2476.277482 2480.615409 2493.113641 2510.378249 2526.314579 2547.523545
-9999.0 -9999.0 -9999.0 -9999.0 -9999.0 -9999.0 -9999.0 -9999.0 -9999.0 -9999.0 -9999.0 -9999.0 -9999.0 -9999.0 -9999.0 -9999.0 -9999.0 -9999.0 -9999.0 -9999.0 -9999.0 -9999.0 -9999.0 -9999.0 -9999.0 -9999.0 -9999.0 -9999.0 2461.680014 2456.059982 2451.657009 2450.657486 2449.808534 2449.304174 2456.306393 2468.084829 2485.879141 2508.374233 2522.104703 2529.859105 2537.121149 2538.054305 2532.918365 2531.659194 2532.642642 2520.746711 2509.157141 2498.344172 2487.856952 2485.773974 2495.475691 2510.309137 2527.134648 2542.395758 2558.242289
-9999.0 -9999.0 -9999.0 -9999.0 -9999.0 -9999.0 -9999.0 -9999.0 -9999.0 -9999.0 -9999.0 -9999.0 -9999.0 -9999.0 -9999.0 -9999.0 -9999.0 -9999.0 -9999.0 -9999.0 -9999.0 -9999.0 -9999.0 2430.135342 2435.577299 2442.525970 2450.625798 2452.052235 2448.875794 2443.891714 2441.663953 2440.825258 2439.324843 2444.424258 2452.245668 2465.892802 2481.859584 2504.603277 2513.526897 2518.898656 2531.060345 2535.057558 2542.852930 2547.390303 2546.118114 2542.932176 2529.283691 2518.948748 2522.541517 2527.701595 2535.148872 2543.960853 2557.912708 2572.661091 2589.000919
-9999.0 -9999.0 -9999.0 -9999.0 -9999.0 -9999.0 -9999.0 -9999.0 -9999.0 -9999.0 -9999.0 -9999.0 -9999.0 -9999.0 -9999.0 -9999.0 -9999.0 -9999.0 -9999.0 2404.536220 2405.820183 2407.610201 2412.793789 2413.568746 2415.850831 2423.181143 2431.779365 2435.080860 2433.558655 2433.032782 2435.042238 2438.309477 2443.433447 2454.752905 2468.838903 2483.389248 2497.047965 2518.300251 2533.307517 2546.519669 2562.533769 2563.242652 2560.133690 2559.019518 2559.645582 2559.013995 2559.679145 2560.408398 2567.165066 2569.677662 2574.640894 2584.323485 2596.329393 2613.833258 2632.601776
-9999.0 -9999.0 -9999.0 -9999.0 -9999.0 -9999.0 -9999.0 -9999.0 -9999.0 -9999.0 -9999.0 -9999.0 -9999.0 -9999.0 -9999.0 -9999.0 2375.023649 2377.106003 2379.812819 2385.605190 2389.465393 2393.872854 2401.258835 2403.070197 2407.101872 2414.751957 2419.915626 2429.642393 2438.499224 2446.221817 2452.671455 2455.733492 2463.068353 2472.908010 2484.938725 2499.676193 2520.577540 2544.360309 2560.561667 2577.730114 2595.414742 2596.557391 2595.629845 2596.724122 2596.311507 2599.376595 2615.105116 2619.587425 2616.913127 2629.297132 2642.332981 2646.532689 2655.655992 2676.080721 2699.395298
-9999.0 -9999.0 -9999.0 -9999.0 -9999.0 -9999.0 -9999.0 -9999.0 -9999.0 -9999.0 -9999.0 -9999.0 -9999.0 2325.472569 2329.838065 2340.317180 2351.535431 2354.879232 2360.112024 2367.095789 2379.734929 2383.859741 2390.389457 2398.212649 2411.271785 2420.516645 2430.009609 2442.326091 2450.988342 2458.536209 2465.638002 2469.937381 2482.483136 2497.381633 2512.687530 2532.590355 2554.841639 2574.270033 2593.289813 2609.910034 2622.786662 2622.280225 2622.048941 2624.888663 2631.205094 2647.425901 2665.504771 2669.387705 2682.230525 2704.084829 2716.059835 2725.630283 2733.665002 2748.244726 2770.180729
-9999.0 -9999.0 -9999.0 -9999.0 -9999.0 -9999.0 -9999.0 -9999.0 -9999.0 -9999.0 2295.068235 2297.190475 2294.085967 2292.728111 2298.831508 2311.678940 2326.544744 2333.003761 2345.452747 2367.237616 2386.181144 2389.927481 2404.245086 2415.326962 2422.781825 2433.430073 2446.898174 2459.672776 2475.952570 2488.279921 2498.435207 2516.240479 2532.565719 2549.263211 2567.119352 2587.833473 2605.309607 2631.047749 2658.470272 2669.515136 2688.982413 2695.206168 2692.357271 2692.091335 2702.125390 2715.970501 2733.730608 2752.450540 2771.076247 2794.570969 2808.048123 2822.179152 2832.780027 2844.824434 2861.044054
-9999.0 -9999.0 -9999.0 -9999.0 -9999.0 -9999.0 -9999.0 -9999.0 2269.431574 2277.653133 2283.799743 2281.144377 2277.244501 2272.664940 2287.676815 2303.907697 2320.475094 2339.219674 2355.539664 2374.348513 2389.278043 2405.142000 2426.134302 2438.036562 2449.713777 2465.483703 2479.329107 2495.494726 2516.682937 2526.681528 2540.271245 2560.800346 2577.711917 2595.498446 2614.495161 2632.250648 2656.775822 2688.970311 2719.988149 2739.434368 2766.651492 2785.240956 2782.190302 2783.065229 2786.584224 2811.476217 2839.504214 2869.421508 2825.621907 2847.107113 2874.869911 2892.007934 2901.235927 2912.433131 2926.273666
-9999.0 -9999.0 -9999.0 -9999.0 -9999.0 -9999.0 2240.298443 2264.978057 2280.637420 2272.793566 2260.700168 2256.714293 2251.989848 2281.013749 2304.040239 2322.147618 2339.698666 2357.998127 2374.999114 2385.724420 2417.870801 2437.632250 2451.334169 2467.229349 2482.622859 2497.986219 2515.469646 2538.220192 2557.784256 2582.796180 2603.067705 2622.998244 2649.734353 2668.952823 2687.634094 2704.089901 2734.033527 2769.232424 2805.374080 2832.384413 2858.466770 2827.874892 2827.427326 2830.168331 2833.357640 2855.439898 2887.616396 2915.995081 2945.249609 2975.624556 3002.263286 2991.157454 2998.941563 3008.468798 3020.443198
-9999.0 -9999.0 -9999.0 -9999.0 2206.673173 2227.774659 2247.334895 2278.066710 2300.811225 2296.487714 2302.411071 2301.974001 2299.333841 2304.860201 2313.573402 2332.062881 2351.935738 2372.114626 2388.578271 2419.882163 2466.884271 2480.689024 2501.499057 2532.823659 2545.897554 2561.457032 2578.288944 2600.567622 2622.648590 2654.351054 2693.125576 2726.292235 2750.419999 2770.925670 2791.915103 2812.000950 2847.491262 2822.358662 2855.064070 2886.548741 2912.923687 2935.696250 2943.976993 2949.549351 2959.771748 2976.037075 2997.149895 3001.577826 3032.256019 3063.258258 3086.239380 3095.265667 3100.698144 3109.882690 3117.786679
-9999.0 -9999.0 -9999.0 2153.897574 2193.056768 2232.374736 2258.952163 2289.968126 2322.896536 2325.321929 2334.993165 2337.661121 2339.825011 2347.507293 2353.844334 2371.702013 2390.248210 2409.792932 2433.104484 2469.260544 2501.842231 2525.322850 2555.738811 2576.732177 2593.868157 2609.133797 2628.737203 2651.421527 2691.714146 2725.869428 2773.268076 2825.670667 2860.362250 2820.535779 2839.654379 2866.110656 2890.225477 2923.917491 2957.238310 2988.422221 2997.361467 3018.406567 3033.254196 3038.077984 3046.739223 3052.779896 3065.903977 3085.194105 3106.405482 3135.450691 3163.388578 3186.284726 3200.180117 3210.179090 3226.202695
-9999.0 -9999.0 2105.705278 2144.766234 2177.345022 2225.725655 2279.271010 2314.794839 2355.537366 2377.226986 2382.843818 2397.005160 2411.181721 2416.030856 2428.863392 2444.771154 2466.779976 2476.587255 2497.331263 2520.049068 2563.075334 2602.568638 2609.328224 2655.252665 2688.381023 2720.512761 2740.764063 2768.856986 2807.424260 2845.363356 2829.029400 2875.238490 2909.244288 2935.097405 2950.359864 2969.467040 2989.405712 2992.366594 3025.692145 3051.282761 3081.841047 3106.324302 3125.737092 3128.069081 3130.937657 3146.154133 3171.991402 3196.488606 3222.700014 3248.826589 3240.412664 3258.602340 3266.759351 3271.314670 3278.474351
-9999.0 -9999.0 2076.678652 2122.809339 2159.710622 2221.235438 2305.916382 2342.029465 2384.089889 2431.142271 2448.206019 2472.279071 2474.634496 2473.107494 2494.783429 2514.069657 2533.507907 2542.863244 2541.084155 2595.889100 2653.506894 2689.426671 2711.967123 2786.573085 2838.038513 2861.007763 2817.204334 2834.670409 2855.441533 2894.426030 2932.578474 2984.400968 3005.077333 3032.756484 3046.454753 3064.376079 3082.780576 3096.805824 3114.937229 3157.431666 3185.323117 3213.009816 3242.001464 3262.121083 3269.727068 3273.658034 3253.617594 3268.741859 3279.089473 3283.557315 3285.258633 3281.596791 3280.963571 3281.711695 3282.645674
-9999.0 1984.687187 2037.196022 2088.864703 2155.191434 2219.190554 2297.777481 2375.467363 2439.694276 2491.623066 2520.052743 2522.155687 2537.627576 2571.076417 2595.008871 2617.588405 2624.652530 2635.423793 2622.407635 2677.407029 2721.351328 2780.477106 2828.767133 2882.382135 2937.331649 2935.223578 2923.724196 2930.979295 2949.147798 2992.656315 3044.666729 3094.793113 3153.000940 3193.894695 3208.789584 3214.896760 3232.016252 3251.333153 3213.953316 3248.390150 3263.942283 3277.023394 3283.415976 3285.224323 3286.236340 3286.053737 3282.504012 3275.716198 3267.709938 3261.993941 3257.849592 3253.349378 3255.776539 3259.083888 3259.513497
-9999.0 1947.324302 2005.564165 2075.293925 2144.381029 2199.443084 2290.301371 2449.239177 2510.039567 2549.498461 2563.288205 2558.266418 2624.982540 2689.740122 2720.458185 2768.010968 2759.470027 2749.426999 2724.564820 2755.570665 2800.096926 2814.899535 2968.031188 3035.580160 3076.181811 3084.194170 3086.350855 3112.790206 3152.684214 3191.545912 3230.145669 3209.563723 3249.138179 3268.318468 3272.353078 3272.925333 3277.260303 3276.104337 3274.266867 3270.009491 3264.988031 3265.129285 3269.479313 3269.296940 3266.422069 3263.189252 3257.583714 3250.159033 3244.876773 3240.266518 3237.586180 3234.703546 3232.898467 3232.476612 3227.906735
-9999.0 1910.662821 1984.354978 2044.718343 2097.842338 2197.727873 2327.143373 2469.409417 2566.115984 2603.293767 2599.344311 2649.556717 2752.862837 2825.823366 2875.590098 2897.476941 2885.462107 2846.969649 2835.030242 2877.886696 2944.361523 3032.096458 3149.925930 3235.475152 3248.660760 3251.365239 3213.264535 3233.790607 3252.812307 3254.966059 3255.848009 3261.844193 3266.775000 3269.533345 3268.031907 3265.160469 3260.416958 3252.355830 3247.521229 3243.976696 3240.302240 3239.356246 3241.522173 3243.090157 3240.377514 3236.532648 3232.075073 3226.498256 3220.438638 3213.780234 3209.636562 3205.525006 3203.455523 3198.263380 3194.602143
-9999.0 1795.413898 1889.198412 1934.935131 2023.523224 2207.644100 2336.760095 2481.542905 2641.781750 2670.978208 2728.600597 2837.160257 2948.189882 3013.626159 3043.903217 3077.972020 3102.130676 3119.023698 3153.175082 3060.929441 3130.419416 3207.917310 3243.482088 3258.891865 3265.159764 3265.467534 3256.130994 3235.857551 3225.238878 3218.500071 3220.108341 3227.321730 3232.203444 3237.157610 3234.911481 3235.767036 3236.468104 3233.155741 3229.384556 3220.884181 3213.148347 3206.789089 3204.025677 3208.885622 3204.192709 3201.612607 3195.586722 3187.559250 3182.509020 3175.266424 3167.525359 3161.036375 3158.732240 3153.670576 3152.504853
-9999.0 1714.563266 1788.676867 1858.608736 1978.937176 2143.361798 2251.415438 2413.322053 2644.425711 2774.762458 2903.827145 2984.517634 3045.513871 3091.034736 3143.002705 3188.800499 3212.758983 3222.222804 3197.452288 3214.112129 3176.619581 3166.080040 3179.962720 3207.112275 3222.288495 3226.031070 3217.887020 3208.214918 3200.997957 3199.879200 3197.983904 3194.755405 3191.412881 3188.281686 3185.142697 3187.735950 3192.751722 3186.148380 3179.906652 3171.063633 3162.981587 3154.126817 3148.376546 3144.193201 3144.113429 3144.288449 3136.848439 3126.583876 3116.155179 3108.087933 3100.909217 3096.208721 3093.735572 3088.976604 3080.955337
-9999.0 1601.733794 1730.756837 1813.198368 1917.051351 2048.976453 2161.195064 2317.737093 2455.364113 2692.480339 2819.485558 2978.788039 3014.797161 3077.805676 3127.076404 3193.554937 3190.472988 3160.767541 3120.545635 3103.991897 3112.203620 3120.453424 3129.429448 3144.874767 3161.873851 3171.459059 3175.266925 3168.673416 3154.672986 3143.259464 3133.625124 3121.270902 3112.669873 3110.624363 3113.531923 3122.525755 3123.618513 3114.462031 3101.017052 3084.479474 3069.542469 3058.242934 3055.998039 3058.340274 3059.148048 3055.375159 3049.406799 3039.003566 3026.694415 3014.766534 3008.740671 3004.265496 2997.293974 2987.620726 2997.420924
-9999.0 -9999.0 1648.528185 1757.904700 1856.324624 1971.411351 2069.752520 2196.823311 2341.283508 2517.299205 2636.478894 2800.334693 2862.223482 2905.156040 2943.591753 2986.628834 3007.864094 3033.743416 3021.624564 3029.712800 3037.429180 3042.014944 3047.902840 3054.856704 3065.701959 3075.160638 3084.250398 3081.563197 3072.622175 3053.307365 3029.590124 3011.205611 3001.328101 2992.910773 3004.016747 3016.103448 3011.505005 3004.778629 2993.339482 2998.235658 2986.000241 2972.008949 2968.455476 2968.491729 2968.902701 2966.408545 2963.337108 2953.344575 2940.990678 2930.509736 2926.001680 2920.204992 2915.993674 2905.950601 2895.928874
-9999.0 -9999.0 1561.467922 1667.110673 1773.408440 1892.803460 1982.460961 2017.666228 2159.865148 2268.627852 2376.250125 2484.607725 2577.600918 2647.299985 2686.243593 2749.924495 2803.105811 2822.872757 2816.159955 2859.587018 2890.556761 2925.551828 2946.668205 2955.129998 2967.973607 2981.973291 2989.869516 2976.012237 2965.014027 2948.359921 2928.167692 2902.937917 2890.044192 2888.546567 2888.665704 2891.392735 2884.478551 2875.447669 2861.298524 2847.824785 2835.563675 2825.918529 2822.179960 2817.348307 2815.365677 2812.638865 2813.023968 2865.621054 2855.881871 2849.664027 2840.758293 2835.497569 2833.092044 2827.977832 2820.314473
