tests/Borden05m/sims/sim_1/output-maps/psiliqL0002N0003.asc
ncols         160
nrows         34
xllcorner     620200.000000
yllcorner     5168000.000000
cellsize      0.500000
NODATA_value  -9999.0
[rows 0 to 24 of 34, columns 57 to 113 of 160]
-9999.0 -9999.0 -9999.0 -9999.0 -9999.0 -9999.0 -9999.0 -9999.0 -9999.0 -9999.0 -9999.0 -9999.0 -9999.0 -9999.0 -9999.0 -9999.0 -9999.0 -9999.0 -9999.0 -9999.0 -9999.0 -9999.0 -9999.0 -9999.0 -9999.0 -9999.0 -9999.0 -9999.0 -9999.0 -9999.0 -9999.0 -9999.0 -9999.0 -9999.0 -9999.0 -9999.0 -9999.0 -9999.0 -9999.0 -9999.0 -9999.0 -9999.0 -9999.0 -9999.0 -9999.0 -9999.0 -9999.0 -9999.0 -9999.0 -9999.0 -9999.0 -9999.0 -9999.0 -9999.0 -9999.0 -9999.0 -9999.0
-9999.0 -9999.0 -548.180047 -549.860445 -550.934829 -551.419604 -553.763395 -555.479198 -557.650292 -557.860212 -557.507707 -557.921371 -558.932072 -557.773254 -556.342390 -555.177480 -553.388398 -553.906318 -553.758341 -553.054468 -552.858017 -553.152436 -553.960273 -554.426574 -555.017620 -553.910400 -556.468459 -559.801594 -562.366259 -562.849311 -560.496753 -559.186599 -559.578767 -558.447577 -555.898326 -553.823133 -553.394620 -550.884777 -551.660989 -550.722852 -548.899831 -550.314158 -550.526260 -550.131856 -549.318322 -553.118165 -9999.0 -9999.0 -9999.0 -9999.0 -9999.0 -9999.0 -9999.0 -9999.0 -9999.0 -9999.0 -9999.0
-549.904899 -550.419259 -558.171812 -558.681445 -558.679733 -558.179728 -559.105360 -561.783947 -562.280696 -564.325885 -565.246258 -565.478618 -566.371436 -565.816350 -562.419922 -560.084706 -559.530632 -560.180165 -560.549571 -561.385366 -561.933467 -561.716297 -562.509544 -563.213995 -563.988872 -563.668867 -561.272637 -563.779725 -564.982142 -566.246358 -567.717969 -567.247504 -566.862016 -566.750968 -563.601494 -562.596229 -562.011510 -557.895012 -554.087178 -553.223560 -554.900878 -556.603297 -555.952449 -555.859807 -557.280879 -558.600044 -558.169053 -558.755787 -558.920198 -560.423659 -558.099830 -558.396252 -555.962364 -554.038868 -551.827847 -548.285692 -9999.0
-555.750219 -556.283821 -561.996451 -565.373021 -566.390455 -565.570928 -562.962517 -563.816070 -565.816881 -569.072150 -565.526681 -566.070059 -566.447632 -565.891783 -564.815755 -564.351073 -563.866112 -563.198514 -560.200913 -560.557837 -560.848963 -560.664822 -561.156179 -562.098672 -561.932223 -562.399731 -565.012719 -564.531745 -563.861822 -564.500060 -561.956770 -561.884229 -560.306807 -564.869638 -564.181229 -563.274571 -562.733279 -562.485939 -562.128254 -561.412230 -563.394996 -561.816214 -563.174542 -566.403214 -566.872889 -566.247625 -563.078709 -561.434175 -563.070519 -569.439158 -566.109359 -559.201750 -559.985883 -561.346094 -558.241213 -555.282684 -550.751215
-564.438750 -565.371759 -567.721628 -565.165164 -563.161703 -561.916474 -563.025750 -565.281198 -568.150971 -562.625182 -560.581352 -561.960770 -561.380316 -559.774837 -559.584789 -566.477332 -568.267303 -565.753288 -563.195531 -562.178537 -563.495548 -564.122723 -565.361074 -565.291077 -564.471700 -565.136445 -564.051221 -563.187866 -564.563662 -562.945784 -561.096302 -559.147936 -563.310272 -567.050863 -566.780289 -563.618154 -561.427346 -560.503543 -557.493897 -552.544258 -553.411336 -554.405399 -554.613770 -554.589607 -560.252294 -565.571601 -567.696384 -568.614540 -570.220815 -568.705185 -570.023464 -564.399679 -564.960216 -565.958697 -563.448960 -561.690200 -559.340118
-564.135204 -562.716811 -566.435228 -568.310391 -569.072857 -568.436560 -569.241240 -569.282013 -564.561901 -562.364184 -558.258832 -560.186282 -560.158703 -560.348801 -564.779724 -568.003475 -570.317535 -563.429921 -558.140866 -556.623086 -558.316452 -559.863331 -555.044292 -556.498349 -556.950441 -559.813859 -558.831500 -559.642564 -554.735652 -553.057293 -550.493299 -551.555657 -556.421202 -560.509855 -560.584155 -560.105182 -560.667137 -559.610151 -556.728689 -553.005405 -556.048615 -556.982497 -555.967322 -564.350894 -570.800098 -572.811532 -567.466856 -564.403742 -564.852615 -564.245860 -563.813180 -567.518386 -566.575983 -566.141802 -568.016696 -563.906643 -559.840616
-554.969863 -549.082281 -553.337525 -556.015247 -561.178806 -560.520274 -560.039941 -558.501953 -556.552432 -552.646853 -544.362716 -546.981134 -546.896531 -544.032901 -548.623011 -552.744876 -559.594997 -551.795674 -550.596930 -548.606244 -549.652449 -544.485762 -539.966110 -543.317452 -547.523581 -552.819543 -549.842785 -543.572035 -537.973901 -537.166710 -536.888847 -535.909674 -540.124439 -540.672105 -541.070345 -540.059752 -542.792266 -542.608701 -538.329810 -530.735904 -529.646115 -532.334750 -538.646404 -549.255791 -559.188433 -564.476345 -556.805788 -558.885502 -559.735876 -558.196701 -562.451593 -564.758437 -560.577680 -563.960365 -566.577479 -560.839898 -560.485449
-554.372763 -548.134966 -551.304795 -556.394371 -562.050190 -562.027007 -558.852839 -557.706406 -552.132148 -544.881247 -537.071504 -534.231446 -532.233481 -527.205688 -530.376519 -533.475123 -537.645263 -536.152200 -530.644842 -526.239859 -521.568336 -516.379008 -509.954918 -513.814837 -518.884619 -519.431479 -518.339675 -510.187560 -503.568261 -501.956068 -501.124849 -497.321251 -499.560583 -503.417479 -508.012609 -512.714842 -516.982826 -521.301548 -513.262527 -505.424198 -505.623144 -517.502982 -525.150402 -535.699046 -546.715309 -559.776259 -558.108242 -554.843839 -551.774430 -556.833356 -558.724191 -563.040521 -563.576378 -562.574510 -567.984666 -564.747657 -564.310669
-526.583776 -519.616576 -517.358308 -526.257220 -527.663292 -525.170602 -520.102183 -520.057602 -516.999374 -504.612221 -486.250693 -470.476863 -452.184320 -448.853953 -458.081730 -465.868302 -476.664604 -483.034877 -475.406133 -468.076000 -458.886416 -446.293329 -433.566648 -424.081627 -423.100882 -422.458299 -420.580803 -419.049847 -415.033649 -408.610913 -400.935891 -391.845697 -387.289811 -395.821578 -405.908866 -417.696879 -429.528464 -435.234609 -441.094834 -438.862301 -438.631009 -451.285902 -469.177619 -484.667160 -501.697834 -515.085958 -525.164667 -520.311774 -525.640172 -529.983404 -534.851852 -548.759267 -551.519506 -552.832518 -565.531920 -566.558910 -562.358542
-486.720025 -479.250305 -468.593969 -468.494390 -466.438032 -465.225538 -461.792562 -457.707220 -450.009230 -420.380950 -382.838700 -331.632007 -250.705203 -211.369663 -250.238954 -299.141494 -332.284456 -353.215543 -355.722117 -331.703579 -272.365675 -176.403761 -141.846300 -132.262838 -131.846346 -131.034275 -129.790410 -127.383992 -125.996102 -122.196454 -116.795017 -108.281204 -97.544656 -100.820375 -114.824045 -124.795741 -137.979567 -148.291158 -167.780523 -210.493427 -229.739880 -250.363672 -325.764498 -370.209946 -405.585053 -439.514704 -462.552573 -476.888502 -486.497857 -494.198732 -514.490339 -530.602466 -543.264648 -552.686477 -563.051603 -563.863237 -548.662704
-397.394724 -362.161304 -334.678094 -321.272869 -316.742860 -308.892046 -284.858017 -236.877920 -173.079528 -139.334567 -103.136108 -64.640299 -26.838410 -17.055974 -31.411628 -51.654335 -69.102011 -80.975471 -83.248395 -71.439439 -46.663401 -11.337961 7.636922 12.897688 12.893388 12.937906 12.908123 13.019322 13.095507 13.079388 13.346969 13.874040 14.363289 14.510562 13.985408 13.257557 12.411059 10.061893 -0.107314 -15.588142 -24.980344 -35.371761 -53.038555 -82.195689 -120.161324 -188.515492 -324.175041 -374.525139 -391.224134 -404.578650 -414.817855 -446.389094 -462.302351 -482.393851 -502.550275 -520.958729 -501.611491
-126.467146 -93.299341 -74.059026 -65.285498 -64.099045 -59.363112 -46.064632 -26.608070 -2.781949 12.476893 13.600908 14.987333 16.411191 17.565802 17.178657 16.377007 15.268234 15.146683 15.195026 15.435055 16.130047 16.791187 17.776807 18.615435 18.851785 18.875381 18.646251 18.804529 18.832827 18.809543 18.691271 18.721842 18.987117 19.135618 19.126841 18.592127 17.808342 17.075176 16.651424 16.339840 16.039364 15.910102 15.607131 14.980557 13.235861 -12.002735 -62.625241 -92.747530 -109.566368 -121.203167 -131.733723 -151.336674 -212.853665 -324.649355 -386.465672 -428.224618 -453.864762
8.809450 13.707035 14.935860 15.675281 15.703464 16.031912 16.282071 17.101526 18.198257 19.170243 19.473935 19.912900 21.253181 29.460019 34.889542 35.938978 37.273044 38.660314 39.404234 38.682007 39.892800 40.316500 40.003146 42.969925 42.481789 43.389665 42.461471 43.916643 42.894900 44.228224 43.230581 42.241501 41.964024 41.541950 42.279136 39.745015 33.205379 21.302206 20.600240 20.322483 19.956563 19.459618 18.924688 18.554229 18.121664 16.998722 15.197377 13.653888 13.275268 13.090792 12.684019 8.252666 -19.792838 -61.910041 -100.235359 -156.463423 -284.112769
17.595010 18.348947 19.394331 20.019654 20.388481 20.834316 23.475033 32.440631 41.380640 44.337023 43.078081 44.016122 42.807422 43.797804 42.628963 43.810799 40.898881 41.906608 40.160681 35.886443 27.477762 28.881881 30.103017 32.221182 35.691978 33.864518 34.989996 37.164060 36.579563 31.560464 28.635688 27.116005 27.019058 33.829411 36.089741 37.234615 37.524737 37.534607 37.480275 37.705475 37.865728 37.625604 37.844394 33.258111 25.970031 20.574145 19.294426 17.905497 17.351683 17.293597 17.570435 17.344966 16.926590 15.631960 13.982698 -1.101498 -49.111633
35.464989 45.498311 45.017327 44.473929 45.013788 45.030545 47.779521 45.880727 44.147219 39.573058 36.350038 34.953308 34.282003 31.870768 32.805589 30.814445 27.479194 24.842741 20.863926 20.216273 19.612040 19.629054 19.999029 20.192488 20.301987 20.307132 20.579590 20.965623 20.485315 20.110772 19.787862 19.644600 20.081684 20.318246 20.568677 20.677763 20.494538 20.324811 20.614359 20.398465 20.417216 20.782572 27.733262 35.142970 35.095997 35.042866 35.402418 35.557197 21.190386 19.850459 20.386141 20.126406 19.568771 18.633525 17.919953 16.810241 15.433127
38.418318 35.770426 30.709432 25.471851 25.206204 28.872889 35.017636 37.007204 30.650000 23.573441 20.558065 20.171479 20.175323 20.070140 20.009806 20.186922 19.860082 19.761175 19.181738 18.956614 18.636346 18.400430 18.283078 18.525843 18.835240 19.092874 19.359102 19.016716 18.814864 18.464579 18.150318 18.291857 18.367206 18.724231 19.324049 19.273379 19.405216 19.195814 19.192094 18.921017 18.780503 18.987315 19.538817 20.043024 20.571367 20.892679 22.917052 28.279497 35.253301 35.422938 35.127431 35.173995 31.272342 21.179034 20.174759 19.438264 18.633154
20.767312 20.473010 20.122685 19.812085 19.760902 20.066114 20.515822 20.275116 19.954520 19.509041 19.107814 18.729551 18.521320 18.617067 18.747700 18.862686 18.728364 18.236194 17.737433 17.489613 16.982862 16.903879 16.356468 15.751918 16.177744 17.150798 17.553684 16.652809 16.114172 15.254818 14.878825 14.792970 14.991398 15.749787 17.026445 18.089466 18.100285 17.658115 17.329108 17.222475 17.039724 17.248246 17.974519 18.636206 19.000907 19.188879 19.237770 19.560658 19.926485 20.342224 20.904206 24.130229 34.227391 34.316284 34.499423 34.646098 21.341445
19.756712 19.570879 19.424806 19.282248 19.144407 19.065601 19.020275 18.768755 18.624902 18.492338 18.092720 17.502374 16.370520 15.906959 15.523021 15.679637 15.020230 14.713096 13.861017 13.316145 12.412325 3.365947 -16.653020 -35.079624 -33.265801 -11.377347 2.203038 -16.098228 -36.922388 -58.264798 -68.202360 -70.765089 -62.649323 -36.148821 1.135530 13.192368 13.835732 13.431018 13.193192 13.132351 13.109388 13.283024 14.107074 15.317515 16.648727 17.396154 17.671885 17.881738 18.205475 18.706152 19.045378 19.355175 19.886436 20.659199 23.995537 31.560846 37.086511
18.999490 18.816321 18.492307 18.045528 17.829738 18.070640 17.622820 17.377371 16.951213 13.747676 12.674331 -5.184240 -37.105732 -58.803484 -74.275103 -82.951981 -91.868546 -96.359968 -103.184131 -115.814679 -133.534582 -164.533980 -223.779603 -267.234243 -279.192327 -226.032103 -198.110712 -219.087245 -271.853511 -310.408772 -326.783951 -332.927174 -317.600397 -244.550028 -162.574258 -133.647980 -124.446550 -126.900677 -120.321382 -114.384019 -113.806406 -98.522590 -81.343746 -50.700520 -8.961185 12.914344 13.926120 14.617966 15.521319 16.548923 17.269495 17.728194 18.459704 19.243413 19.601631 19.869086 20.338479
17.980159 17.457844 16.757590 15.690982 14.678659 14.709202 14.368220 13.630745 -14.891979 -78.334332 -121.560803 -160.971729 -253.273485 -310.129406 -330.809903 -361.004273 -375.771483 -386.058118 -387.260449 -402.633044 -422.051162 -438.805963 -446.672722 -450.323275 -457.080908 -456.685320 -452.625012 -446.881267 -455.812510 -461.099759 -460.285997 -462.784441 -463.978834 -453.808848 -436.710942 -426.313427 -418.659885 -413.621639 -412.236543 -410.852823 -391.181494 -375.518952 -351.719757 -287.010239 -169.015645 -120.130176 -92.003831 -68.096171 -31.629332 2.440463 13.072335 14.508692 15.991351 17.454261 17.989431 18.410888 18.716942
14.025482 12.767365 -6.432054 -47.957417 -80.846192 -88.603493 -99.366455 -121.449681 -196.242363 -353.712443 -403.694928 -426.907284 -450.013534 -459.360601 -470.326441 -486.967544 -496.465346 -494.822346 -490.507144 -493.293719 -501.462011 -507.570038 -511.264904 -515.153767 -521.304059 -525.111097 -520.708800 -516.938626 -517.218762 -517.156122 -515.545953 -515.817305 -516.802415 -518.593693 -512.405427 -508.927277 -504.982862 -502.399927 -501.796063 -488.950978 -477.112271 -470.089992 -458.128803 -443.066863 -418.855528 -390.744867 -362.192937 -327.773928 -229.914227 -145.830551 -104.606863 -68.339936 -18.271998 12.638048 14.392766 15.362403 16.435080
-85.675117 -118.229073 -170.037455 -308.591901 -351.182970 -362.567498 -369.168636 -400.381361 -440.596175 -474.120788 -489.505466 -499.813906 -509.022737 -517.360743 -527.117510 -536.348776 -542.504659 -537.220924 -534.949733 -530.214565 -536.147865 -540.644903 -541.076854 -545.363529 -549.049888 -554.753600 -550.018943 -548.395638 -542.982196 -543.757057 -543.823604 -541.405968 -542.708573 -543.226310 -547.271268 -543.837313 -542.391586 -540.666903 -531.856718 -524.230661 -516.653355 -510.659956 -504.191131 -495.559906 -484.383792 -471.861258 -457.332943 -445.155798 -428.683459 -403.074076 -372.907320 -322.703120 -186.680946 -124.667719 -90.279911 -56.620522 -10.791733
-359.699049 -392.766677 -425.269354 -462.246208 -479.111702 -477.898010 -491.344834 -504.419581 -523.282105 -529.443110 -533.120154 -539.020646 -543.278046 -546.449045 -552.915877 -557.237021 -564.993594 -561.699803 -557.518794 -551.283990 -556.337712 -556.758306 -555.343582 -558.081535 -560.944211 -566.114238 -565.369618 -561.323460 -556.498100 -556.998833 -556.146926 -553.346115 -553.237877 -555.453161 -560.152106 -559.205849 -556.573726 -554.235286 -549.274703 -544.907946 -540.695617 -537.235493 -532.029850 -525.880326 -519.306421 -510.817729 -500.595830 -494.433582 -483.483999 -469.822905 -456.369235 -446.049579 -426.272215 -393.505062 -363.699067 -307.431825 -179.210812
-462.921322 -475.610063 -494.744201 -512.106159 -527.878916 -537.226085 -545.165123 -552.510739 -553.901692 -555.767195 -558.668624 -561.088035 -563.890186 -566.475787 -568.465026 -572.117249 -580.268336 -576.718236 -572.089393 -566.781281 -566.545111 -567.031281 -566.461704 -567.514078 -571.042853 -577.670713 -574.844381 -571.003057 -567.591886 -566.643556 -566.101280 -563.926159 -565.535637 -568.771921 -573.560432 -571.587006 -568.147479 -566.488118 -564.404039 -561.174686 -557.779763 -554.495054 -550.688575 -546.970120 -541.736538 -535.867471 -529.230381 -521.873717 -513.725828 -503.572327 -500.068823 -494.790207 -489.243561 -478.530060 -467.075342 -451.504617 -428.875397
-514.281888 -521.814568 -531.279470 -542.588424 -547.760806 -552.874860 -557.235168 -562.002081 -564.761009 -566.959131 -565.048099 -565.920794 -569.443892 -568.850890 -570.560492 -577.177360 -574.435636 -572.526871 -567.071313 -568.287609 -568.604924 -569.894817 -568.920454 -569.681542 -576.255923 -572.725138 -571.388950 -567.708424 -567.258624 -566.601485 -566.092010 -565.473308 -566.207823 -570.815800 -569.762616 -568.653106 -565.385749 -565.592079 -564.544629 -560.983593 -560.312654 -558.452553 -555.676445 -552.786833 -549.335461 -545.115181 -538.985626 -532.743500 -526.715064 -525.663101 -521.786763 -518.572034 -523.444634 -516.637407 -511.053041 -505.334916 -494.965756
