tests/Borden05m/sims/sim_1/output-maps/psiliqL0018N0003.asc
ncols         160
nrows         34
xllcorner     620200.000000
yllcorner     5168000.000000
cellsize      0.500000
NODATA_value  -9999.0
[rows 0 to 24 of 34, columns 55 to 109 of 160]
-9999.0 -9999.0 -9999.0 -9999.0 -9999.0 -9999.0 -9999.0 -9999.0 -9999.0 -9999.0 -9999.0 -9999.0 -9999.0 -9999.0 -9999.0 -9999.0 -9999.0 -9999.0 -9999.0 -9999.0 -9999.0 -9999.0 -9999.0 -9999.0 -9999.0 -9999.0 -9999.0 -9999.0 -9999.0 -9999.0 -9999.0 -9999.0 -9999.0 -9999.0 -9999.0 -9999.0 -9999.0 -9999.0 -9999.0 -9999.0 -9999.0 -9999.0 -9999.0 -9999.0 -9999.0 -9999.0 -9999.0 -9999.0 -9999.0 -9999.0 -9999.0 -9999.0 -9999.0 -9999.0 -9999.0
-9999.0 -9999.0 -9999.0 -9999.0 1821.425187 1816.099313 1811.221571 1806.707697 1798.220528 1789.249624 1781.347271 1777.581594 1776.857697 1776.334634 1776.136071 1781.513814 1789.808728 1797.700000 1804.997892 1807.648972 1810.304452 1812.664955 1813.343922 1812.455865 1809.541846 1806.547526 1803.434123 1802.089823 1794.497306 1783.386961 1774.898105 1772.244666 1776.596010 1780.999360 1783.429893 1788.919513 1799.355658 1809.847645 1818.087353 1829.871085 1835.762814 1840.570853 1842.995464 1838.557520 1834.770108 1830.609211 1824.899805 1813.730428 -9999.0 -9999.0 -9999.0 -9999.0 -9999.0 -9999.0 -9999.0
1766.499162 1785.397644 1805.910201 1809.190514 1797.673458 1792.790427 1789.750934 1788.088022 1783.722738 1775.406731 1770.485687 1765.338995 1763.458317 1763.780746 1764.064125 1768.290343 1778.959693 1787.134304 1792.081995 1794.902593 1797.863955 1797.363410 1797.044906 1797.081304 1794.517367 1791.383850 1788.285856 1786.719781 1787.751297 1780.324732 1774.760181 1771.223868 1769.082365 1771.662798 1774.117165 1777.872127 1787.082888 1794.924539 1802.724457 1817.005991 1829.325362 1834.324539 1831.376445 1826.117853 1821.917712 1814.611619 1804.041608 1793.702869 1784.696985 1777.846490 1772.045802 1765.657801 1771.368387 1777.993325 1787.196487
1751.059921 1770.478685 1790.914702 1793.818980 1783.408642 1775.546295 1770.076600 1770.679261 1773.899522 1770.803259 1766.412307 1760.651937 1770.020511 1771.483335 1772.746174 1776.285670 1779.202447 1783.372090 1786.266746 1791.887476 1801.149898 1804.207596 1805.040066 1805.499772 1803.969710 1801.146887 1799.600005 1797.108536 1792.108476 1790.906242 1791.048884 1790.446152 1795.073643 1796.549050 1798.677335 1792.372268 1796.115414 1802.128292 1808.742750 1814.544718 1820.608153 1823.568590 1819.805698 1818.993280 1810.128858 1795.935283 1784.922305 1776.513998 1775.152494 1771.672179 1763.341606 1749.753437 1756.792045 1772.010285 1776.142984
1756.998853 1766.365081 1777.917461 1780.978102 1776.235242 1778.194190 1780.176337 1781.894202 1780.561049 1777.712112 1775.153545 1787.164529 1796.442575 1798.385180 1801.419037 1805.478309 1805.742476 1794.563482 1792.601325 1800.784296 1811.166592 1817.063344 1817.673484 1817.919421 1815.679252 1815.033982 1815.100754 1813.387445 1813.899411 1816.152616 1815.291295 1819.303219 1824.882502 1827.923104 1821.058539 1812.125977 1813.364598 1821.189337 1829.454476 1836.512529 1846.495735 1857.045649 1855.917358 1850.111688 1840.693070 1826.971651 1803.358435 1784.087399 1772.654088 1764.618891 1756.805743 1757.337247 1753.029423 1764.629384 1765.702355
1752.012602 1770.781539 1791.844361 1799.297780 1793.737052 1789.595926 1787.848711 1788.984999 1789.152946 1791.605080 1803.003034 1816.349389 1829.926707 1832.734944 1835.327602 1834.884707 1826.734149 1816.819110 1813.817401 1828.334529 1845.130042 1853.701906 1854.442084 1852.924858 1858.928693 1858.677002 1858.297274 1854.422441 1856.274821 1856.478106 1864.773117 1872.448571 1879.844686 1878.168350 1865.960013 1854.095508 1852.966535 1856.523425 1860.869300 1867.137637 1876.740803 1885.536333 1879.838009 1872.725934 1863.012598 1834.872030 1808.772378 1792.232667 1791.751433 1791.401204 1785.951061 1782.483561 1779.386664 1772.761845 1771.774392
1796.091779 1816.983768 1837.489955 1852.635894 1847.239533 1839.950951 1831.012058 1831.998595 1834.567552 1842.307281 1854.771826 1870.846603 1894.330100 1896.287176 1898.794730 1900.341798 1888.919472 1876.693725 1866.406092 1886.187045 1897.196800 1905.866157 1906.685990 1915.497645 1925.655440 1922.229785 1915.556856 1905.199315 1911.629663 1921.667855 1936.870910 1944.107548 1948.450943 1945.903698 1933.711631 1927.488283 1926.954698 1930.439646 1928.950270 1934.421526 1943.352438 1957.454080 1955.709864 1947.930668 1925.541811 1887.790619 1854.514073 1836.157804 1842.989735 1835.662561 1828.090716 1824.832133 1811.122470 1800.747508 1800.773222
1843.065882 1859.859840 1877.909346 1896.027437 1890.340976 1880.593520 1866.837684 1866.049625 1872.970596 1883.720135 1902.727833 1924.233075 1947.025796 1952.176225 1952.141750 1962.112819 1955.928607 1946.458914 1938.925520 1954.292550 1966.201046 1978.129313 1987.326844 2001.024204 2013.139385 2001.975520 1988.991691 1982.584404 1988.928943 2011.028396 2030.268371 2035.298487 2035.715798 2037.121010 2025.726840 2019.694389 2014.114236 2010.717273 2005.642283 2001.723825 2021.592440 2038.810659 2036.523436 2012.802546 1988.170015 1949.714849 1911.032809 1880.820890 1884.236249 1880.228226 1879.789388 1865.712448 1850.730723 1836.766230 1828.737714
1915.189548 1942.081898 1961.809284 1983.803868 1981.729393 1963.560392 1953.514365 1958.220846 1971.900821 1980.129704 1997.321617 2019.402037 2049.336974 2067.711281 2084.349792 2089.093880 2081.521769 2073.056134 2060.787864 2062.034712 2082.377440 2095.449892 2106.587200 2117.826049 2131.611609 2136.397332 2133.229964 2133.046774 2137.233980 2146.964263 2158.095032 2164.883168 2169.375670 2173.647176 2166.354716 2155.139799 2150.341815 2142.621525 2137.483729 2134.877498 2139.724409 2153.016491 2149.132276 2117.787909 2089.382186 2054.754239 2016.050445 1984.324450 1969.924044 1979.482937 1970.619062 1952.116951 1934.996312 1902.464021 1889.075141
2006.133758 2041.538853 2068.801792 2082.883236 2094.916161 2087.347027 2088.462971 2093.367186 2101.917169 2107.151188 2115.390661 2148.514326 2183.473242 2211.658659 2235.809548 2244.360255 2233.686779 2224.247946 2212.154969 2203.621689 2211.266978 2227.982971 2246.495444 2263.417328 2276.133689 2280.454961 2280.117723 2281.173706 2284.266709 2287.589840 2291.301148 2298.466577 2306.071121 2316.062554 2325.976064 2318.210753 2300.819674 2289.388384 2277.060273 2272.964577 2271.562630 2270.648689 2269.440407 2256.640765 2219.550889 2188.190716 2154.683965 2127.915683 2108.342397 2098.075489 2077.462908 2052.996594 2003.935117 1963.699676 1928.939630
2114.974233 2158.009952 2189.235290 2211.718831 2226.960850 2228.557738 2231.654973 2234.603787 2240.639709 2245.829697 2252.328687 2277.430668 2317.562564 2356.199262 2386.939160 2389.706429 2378.966925 2368.509119 2359.029432 2347.603315 2345.005905 2355.955802 2370.228727 2389.457273 2401.905030 2411.300250 2410.367757 2411.535340 2413.341426 2415.703009 2417.881794 2420.733039 2428.996841 2442.326000 2454.853745 2455.035771 2439.356155 2422.092185 2405.071407 2399.210527 2393.753350 2387.125896 2386.621161 2386.008068 2373.407943 2343.922112 2304.359054 2261.008026 2236.687191 2216.164079 2202.152758 2184.192035 2151.147626 2092.257659 2056.582894
2247.065433 2278.844462 2310.175163 2341.936835 2360.093982 2366.534964 2366.649626 2368.239355 2376.380170 2382.230430 2391.479799 2408.662168 2436.465109 2468.399686 2496.515983 2513.189698 2508.052316 2493.641466 2474.887255 2468.483267 2467.482813 2471.312276 2480.396341 2491.695760 2509.977235 2528.394508 2535.776807 2537.356430 2534.735765 2538.118818 2539.981296 2540.428065 2542.489125 2548.919040 2557.152456 2559.959656 2553.662936 2534.657466 2512.941402 2499.490647 2491.131871 2486.143212 2484.106737 2485.400093 2484.687153 2469.912040 2436.843401 2394.932126 2361.543622 2340.799097 2324.210398 2307.990733 2294.235436 2267.355041 2245.959948
2371.959006 2388.196924 2416.411571 2445.030380 2469.186036 2485.546746 2488.732626 2493.937487 2499.412292 2508.921293 2525.091922 2547.410695 2564.145494 2583.588139 2606.981025 2620.973795 2626.475459 2626.106068 2624.012328 2626.053187 2627.036622 2586.920506 2592.312543 2597.648114 2609.814700 2621.694124 2626.422087 2627.387815 2626.006036 2627.955713 2628.926487 2629.348181 2629.329956 2630.553962 2634.101891 2635.507607 2633.925095 2624.687870 2633.880979 2615.688231 2602.952981 2594.685241 2585.991553 2576.526793 2565.725751 2554.330946 2534.151123 2504.391568 2469.771814 2444.070094 2432.654860 2424.386395 2414.999295 2407.229997 2388.996343
2485.537541 2498.204137 2516.257136 2538.528702 2570.121877 2591.496892 2602.619668 2611.638845 2616.576998 2629.661314 2644.543404 2635.519729 2641.306552 2647.011266 2652.504147 2654.226415 2654.581917 2654.226542 2652.026481 2651.784606 2650.302865 2646.810978 2637.670450 2639.823193 2642.006470 2644.946552 2648.875686 2647.882109 2649.071560 2652.294640 2651.052184 2645.765843 2642.412359 2641.258306 2642.338947 2649.939083 2653.558227 2654.732126 2653.099454 2652.597302 2652.059513 2649.723358 2646.575505 2642.018952 2636.105931 2643.037136 2630.996121 2605.017051 2568.353504 2529.512310 2517.228872 2514.237304 2512.857303 2508.698908 2500.804836
2612.810518 2626.471833 2641.013492 2631.030151 2646.611287 2654.536903 2658.137060 2661.158672 2663.437209 2665.073343 2661.651727 2658.085287 2652.899714 2650.936395 2648.950679 2645.875189 2645.908365 2643.569767 2639.414368 2635.702468 2628.829884 2618.109441 2607.172783 2604.407887 2608.903181 2614.079843 2618.619325 2622.218714 2625.672316 2626.442649 2621.720427 2614.114567 2607.416334 2606.186727 2613.390660 2619.663724 2626.119607 2627.632281 2627.048984 2625.620645 2626.299835 2624.022114 2624.667883 2631.353525 2644.921351 2649.151577 2652.668258 2651.706291 2640.230881 2619.613754 2619.476577 2599.321655 2602.908749 2597.145886 2584.404901
2659.954111 2662.566579 2662.053526 2660.862337 2654.842511 2648.720141 2647.453222 2650.623473 2656.619313 2656.831265 2648.824200 2639.346878 2631.160898 2622.949456 2619.487737 2617.301629 2615.752452 2615.181087 2609.368066 2600.631110 2584.394209 2572.760968 2561.516267 2555.283654 2552.213363 2556.058032 2565.903002 2576.078023 2580.612938 2572.884922 2565.272401 2554.623287 2547.188112 2548.230645 2550.840374 2560.959017 2577.026299 2583.916545 2585.826579 2581.396056 2577.241155 2572.082977 2570.476961 2577.716015 2593.184101 2609.513144 2624.291215 2633.187093 2640.956707 2647.870806 2649.544530 2651.419418 2652.182374 2650.238726 2649.998387
2659.303131 2652.785939 2646.038805 2640.604879 2633.466793 2626.996338 2624.045399 2624.836566 2625.760455 2620.423112 2611.989363 2599.806733 2586.939045 2575.343820 2566.665491 2565.680482 2566.265638 2566.187520 2558.537294 2543.079039 2524.447437 2510.540028 2496.180947 2491.544736 2485.508003 2479.109549 2488.682757 2506.125058 2512.365290 2497.757363 2487.608052 2473.417443 2467.002104 2464.395743 2466.700408 2477.144131 2499.356924 2522.013402 2525.141494 2516.573657 2508.108811 2504.879886 2503.404664 2510.236667 2528.784254 2550.764525 2567.306055 2578.431825 2585.171645 2594.288737 2604.807570 2618.890384 2633.300333 2645.106049 2652.056063
2636.720586 2628.472161 2620.098679 2611.520542 2603.185195 2595.149732 2588.966548 2584.815419 2579.362403 2570.883178 2561.059794 2540.475411 2525.470510 2510.535567 2493.903530 2487.946473 2482.195942 2481.973389 2469.575628 2459.590026 2441.675145 2425.736892 2409.259301 2396.647985 2389.868787 2382.714105 2383.501805 2397.317599 2405.547607 2393.695180 2383.648922 2372.035312 2367.135774 2364.705242 2368.073609 2379.888602 2402.470426 2422.636928 2431.917854 2426.030043 2424.349842 2424.925997 2425.319404 2432.810671 2447.085717 2467.446563 2490.675671 2509.919771 2521.588382 2531.029132 2542.787853 2559.728108 2575.361964 2590.636825 2608.993371
2603.499292 2592.945309 2581.655194 2570.347601 2557.696960 2543.983280 2535.088656 2534.167482 2524.927359 2515.773612 2494.025851 2440.999618 2418.389454 2396.975082 2378.425792 2369.614333 2359.498758 2346.148862 2335.897417 2329.262843 2325.662562 2309.984102 2291.188829 2273.281511 2267.145653 2262.255115 2248.745300 2248.625086 2250.089257 2259.244213 2252.379031 2248.748803 2248.858182 2247.251794 2250.827518 2265.582794 2277.268217 2287.044217 2295.186572 2298.257494 2308.473869 2317.686284 2326.292753 2344.400330 2358.533994 2377.129967 2400.440382 2427.670377 2444.706917 2457.037554 2470.441662 2488.388127 2507.201786 2526.906764 2551.235642
2561.225649 2543.449873 2527.203820 2510.678087 2495.352433 2479.976323 2462.770301 2460.866720 2454.603979 2441.736993 2390.682275 2345.419640 2308.438160 2287.413046 2261.720737 2246.678444 2230.834268 2197.318704 2180.331083 2175.867002 2184.546750 2177.056144 2160.252324 2146.440748 2136.881289 2128.174958 2112.424732 2098.511218 2103.395651 2118.133724 2116.061682 2116.814471 2123.013853 2122.582477 2118.766663 2121.846558 2136.603651 2145.004642 2156.898654 2172.576564 2178.545335 2192.386497 2223.488174 2238.532259 2255.669847 2277.356006 2301.343314 2327.311419 2351.968151 2368.961637 2387.252429 2409.384144 2429.478087 2453.107944 2478.963993
2499.584237 2468.535384 2445.884165 2425.985865 2404.493903 2377.745467 2354.184530 2348.441456 2338.327130 2310.943784 2257.966281 2216.411030 2186.570997 2161.792214 2135.670408 2112.320072 2078.491251 2044.211223 2022.294685 2031.664249 2040.052475 2045.314273 2032.108478 2019.792697 2009.349967 1993.075841 1976.622780 1962.453736 1971.816198 1980.130130 1993.312209 1998.461370 2002.552271 2007.226993 2006.795600 2000.459476 2001.972722 2011.558556 2022.763521 2035.000134 2053.286970 2086.599506 2112.388827 2131.506481 2153.855280 2175.598432 2200.228912 2226.425947 2251.637000 2271.575098 2293.691813 2316.947237 2341.857421 2365.774640 2393.463344
2410.394076 2380.035185 2350.704381 2324.550205 2291.763107 2246.243376 2228.323090 2216.378923 2196.400389 2152.182474 2107.528638 2076.680691 2055.700278 2029.704556 2005.464721 1976.093144 1942.533927 1917.585836 1896.664098 1904.492067 1912.490472 1927.448702 1916.715729 1907.287323 1902.246822 1886.874601 1873.000914 1857.400193 1864.117890 1874.888374 1894.918257 1899.984378 1903.979927 1912.502630 1912.212537 1909.504393 1897.385130 1905.950907 1917.317465 1932.175170 1961.950103 1986.261936 2010.302641 2032.803617 2054.063344 2077.934970 2103.100962 2128.991500 2157.545540 2180.005146 2202.263591 2227.263298 2250.859926 2271.431148 2294.478917
2288.356415 2261.017359 2237.178389 2210.193803 2168.155701 2121.924951 2082.153930 2058.822244 2012.163904 1976.028373 1946.391892 1935.158909 1918.185066 1895.361989 1873.781114 1852.359386 1827.598192 1806.256485 1781.313687 1785.407194 1799.029952 1814.076481 1811.434784 1809.767643 1807.170768 1796.669100 1782.943498 1769.209125 1772.729657 1788.683782 1806.004277 1814.749070 1822.082342 1830.038706 1830.418094 1822.837774 1814.257211 1820.069644 1835.302539 1851.986344 1871.811257 1893.821091 1915.810046 1937.032132 1960.555306 1984.828029 2009.659721 2036.664606 2065.595348 2088.693813 2114.964915 2142.368948 2163.806771 2178.056512 2193.014073
2170.392788 2147.338877 2121.370004 2092.245770 2049.114226 2006.556813 1963.343687 1919.024584 1884.565389 1853.319467 1839.739584 1821.498913 1804.861444 1787.598848 1766.199898 1747.646813 1730.308611 1708.294837 1693.944773 1699.861325 1712.775757 1722.202299 1726.684266 1723.933404 1721.068107 1714.334232 1700.427106 1693.139075 1702.244883 1717.427041 1731.683726 1742.580530 1749.523504 1755.362134 1752.817443 1744.537312 1740.524552 1749.043789 1764.894876 1779.437241 1795.825604 1817.153405 1838.257621 1860.356438 1883.532509 1906.624120 1932.256400 1958.821101 1986.244346 2014.294988 2039.267210 2062.124760 2074.970435 2088.487102 2095.560394
2034.093141 2018.309872 1991.297453 1961.816000 1929.459622 1892.552747 1863.984793 1831.336623 1799.985210 1769.482570 1743.169788 1727.706971 1718.986619 1704.595975 1686.035587 1673.304294 1656.786759 1642.652094 1645.262585 1647.103885 1656.512693 1656.033509 1656.633095 1653.781114 1652.801501 1649.396259 1640.876431 1650.119360 1657.069661 1671.034272 1681.423583 1691.018430 1697.126000 1701.125605 1701.820732 1696.732350 1701.635099 1708.508397 1722.858089 1734.572556 1749.062836 1769.586464 1786.962535 1806.433077 1828.947832 1852.301711 1876.816606 1903.119837 1931.720286 1957.508503 1977.707528 1987.710918 1999.814923 2005.994124 2000.511425
