tests/Borden05m/sims/sim_1/output-maps/psiliqL0008N0019.asc
ncols         160
nrows         34
xllcorner     620200.000000
yllcorner     5168000.000000
cellsize      0.500000
NODATA_value  -9999.0
[rows 0 to 24 of 34, columns 0 to 56 of 160]
-9999.0 -9999.0 -9999.0 -9999.0 -9999.0 -9999.0 -9999.0 -9999.0 -9999.0 -9999.0 -9999.0 -9999.0 -9999.0 -9999.0 -9999.0 -9999.0 -9999.0 -9999.0 -9999.0 -9999.0 -9999.0 -9999.0 -9999.0 -9999.0 -9999.0 -9999.0 -9999.0 -9999.0 -9999.0 -9999.0 -9999.0 -9999.0 -9999.0 -9999.0 -9999.0 -9999.0 -9999.0 -9999.0 -9999.0 -9999.0 -9999.0 -9999.0 -9999.0 -9999.0 -9999.0 -9999.0 -9999.0 -9999.0 -9999.0 -9999.0 -9999.0 -9999.0 -9999.0 -9999.0 -9999.0 -9999.0 -9999.0
-9999.0 -9999.0 -9999.0 -9999.0 -9999.0 -9999.0 -9999.0 -9999.0 -9999.0 -9999.0 -9999.0 -9999.0 -9999.0 -9999.0 -9999.0 -9999.0 -9999.0 -9999.0 -9999.0 -9999.0 -9999.0 -9999.0 -9999.0 -9999.0 -9999.0 -9999.0 -9999.0 -9999.0 -9999.0 -9999.0 -9999.0 -9999.0 -9999.0 -9999.0 -9999.0 -9999.0 -9999.0 -9999.0 -9999.0 -9999.0 -9999.0 -9999.0 -9999.0 -9999.0 -9999.0 -9999.0 -9999.0 -9999.0 -9999.0 -9999.0 -9999.0 -9999.0 -9999.0 -9999.0 -9999.0 -9999.0 -9999.0
-9999.0 -9999.0 -9999.0 -9999.0 -9999.0 -9999.0 -9999.0 -9999.0 -9999.0 -9999.0 -9999.0 -9999.0 -9999.0 -9999.0 -9999.0 -9999.0 -9999.0 -9999.0 -9999.0 -9999.0 -9999.0 -9999.0 -9999.0 -9999.0 -9999.0 -9999.0 -9999.0 -9999.0 -9999.0 -9999.0 -9999.0 -9999.0 -9999.0 -9999.0 -9999.0 -9999.0 -9999.0 -9999.0 -9999.0 -9999.0 -9999.0 -9999.0 -9999.0 -9999.0 -9999.0 -9999.0 -9999.0 -316.630414 -334.205294 -351.112382 -352.770029 -329.930504 -306.684508 -283.169304 -262.821715 -244.254786 -225.291194
-9999.0 -9999.0 -9999.0 -9999.0 -9999.0 -9999.0 -9999.0 -9999.0 -9999.0 -9999.0 -9999.0 -9999.0 -9999.0 -9999.0 -9999.0 -9999.0 -9999.0 -9999.0 -9999.0 -9999.0 -9999.0 -9999.0 -9999.0 -9999.0 -9999.0 -9999.0 -9999.0 -9999.0 -9999.0 -9999.0 -9999.0 -9999.0 -9999.0 -9999.0 -9999.0 -9999.0 -9999.0 -9999.0 -9999.0 -9999.0 -269.059978 -263.251510 -261.657894 -272.663653 -284.101246 -295.965037 -315.925543 -333.922247 -349.697525 -352.721172 -350.238350 -344.479017 -321.418967 -297.350100 -278.053842 -260.728915 -241.671674
-9999.0 -9999.0 -9999.0 -9999.0 -9999.0 -9999.0 -9999.0 -9999.0 -9999.0 -9999.0 -9999.0 -9999.0 -9999.0 -9999.0 -9999.0 -9999.0 -9999.0 -9999.0 -9999.0 -9999.0 -9999.0 -9999.0 -9999.0 -9999.0 -9999.0 -9999.0 -9999.0 -9999.0 -9999.0 -9999.0 -9999.0 -9999.0 -9999.0 -9999.0 -360.760665 -343.194089 -325.201045 -307.070296 -290.664118 -284.215359 -278.407026 -272.661209 -276.779709 -281.769975 -293.235415 -311.863250 -331.738347 -346.222640 -349.091314 -351.868374 -347.562845 -334.470364 -317.944215 -301.603081 -280.803181 -257.869219 -248.788630
-9999.0 -9999.0 -9999.0 -9999.0 -9999.0 -9999.0 -9999.0 -9999.0 -9999.0 -9999.0 -9999.0 -9999.0 -9999.0 -9999.0 -9999.0 -9999.0 -9999.0 -9999.0 -9999.0 -9999.0 -9999.0 -9999.0 -9999.0 -9999.0 -9999.0 -9999.0 -9999.0 -9999.0 -355.836698 -361.880443 -367.249311 -368.957760 -370.460208 -371.862108 -364.993892 -352.676979 -334.420602 -313.138578 -300.574591 -293.624670 -287.288033 -286.629955 -291.574127 -293.977643 -294.012443 -305.829792 -317.605460 -328.645642 -339.249081 -340.506860 -331.048017 -317.388048 -301.576792 -286.979105 -271.809166 -258.588564 -243.134012
-9999.0 -9999.0 -9999.0 -9999.0 -9999.0 -9999.0 -9999.0 -9999.0 -9999.0 -9999.0 -9999.0 -9999.0 -9999.0 -9999.0 -9999.0 -9999.0 -9999.0 -9999.0 -9999.0 -9999.0 -9999.0 -9999.0 -9999.0 -384.790723 -378.740631 -372.387508 -365.219115 -364.524300 -369.038906 -374.947801 -378.391898 -380.211887 -381.979864 -377.797035 -369.469374 -355.854966 -340.051060 -318.656482 -310.241027 -303.686402 -291.372470 -289.420334 -285.015098 -281.259969 -283.317263 -286.108889 -298.072144 -306.884305 -301.078469 -294.897188 -288.640638 -281.338444 -268.458554 -252.734777 -234.703925 -213.571786 -191.242507
-9999.0 -9999.0 -9999.0 -9999.0 -9999.0 -9999.0 -9999.0 -9999.0 -9999.0 -9999.0 -9999.0 -9999.0 -9999.0 -9999.0 -9999.0 -9999.0 -9999.0 -9999.0 -9999.0 -409.433298 -408.740426 -407.931662 -403.538969 -402.663495 -400.551658 -393.690676 -385.722044 -383.880792 -385.642789 -387.572698 -386.260596 -383.825256 -379.875978 -368.491464 -354.760004 -340.740083 -326.667024 -305.960494 -291.337821 -277.457489 -261.411560 -263.076701 -267.825057 -270.271771 -270.030762 -269.438190 -263.096993 -259.141447 -253.309259 -247.075571 -239.757513 -230.726205 -219.769382 -200.702962 -179.352421 -157.400486 -136.060371
-9999.0 -9999.0 -9999.0 -9999.0 -9999.0 -9999.0 -9999.0 -9999.0 -9999.0 -9999.0 -9999.0 -9999.0 -9999.0 -9999.0 -9999.0 -9999.0 -437.519790 -435.803090 -433.906366 -428.743765 -426.513164 -422.781055 -416.144689 -415.331318 -411.661511 -404.767381 -399.951542 -391.671967 -384.074257 -376.930121 -371.199250 -368.697683 -361.069762 -351.498097 -339.662782 -323.993680 -302.062854 -279.446741 -263.141441 -246.460763 -229.657436 -229.431203 -230.756735 -229.751042 -228.801916 -220.276658 -201.301485 -194.224927 -189.618662 -169.308313 -153.755560 -147.268314 -138.912273 -119.272375 -92.899929 -62.504480 -25.775521
-9999.0 -9999.0 -9999.0 -9999.0 -9999.0 -9999.0 -9999.0 -9999.0 -9999.0 -9999.0 -9999.0 -9999.0 -9999.0 -481.462985 -477.429754 -468.495208 -460.663793 -458.707188 -455.094443 -449.699299 -437.781106 -434.530062 -428.537371 -421.117055 -409.996728 -401.716977 -392.657841 -381.046671 -372.708996 -365.634767 -358.598946 -351.921262 -338.127254 -322.644087 -306.570843 -286.136002 -264.351639 -242.832782 -221.141007 -205.518429 -190.557656 -186.324172 -187.928694 -185.964704 -176.917823 -157.035385 -135.721097 -120.446188 -95.493552 -68.398670 -50.987918 -35.288259 -23.850105 -8.661116 15.790104 57.009542 98.249875
-9999.0 -9999.0 -9999.0 -9999.0 -9999.0 -9999.0 -9999.0 -9999.0 -9999.0 -9999.0 -516.682343 -514.154681 -517.760092 -517.016123 -512.658221 -501.073891 -488.235366 -481.542664 -470.658686 -450.443144 -433.647742 -430.392806 -415.710164 -405.991160 -399.635053 -389.055181 -376.016648 -363.032028 -345.662112 -332.931468 -320.045313 -299.019623 -282.324222 -265.696345 -247.699122 -227.441338 -205.304904 -173.425529 -143.962106 -127.412520 -100.443884 -83.747602 -85.815710 -84.664834 -75.025021 -53.806635 -25.039235 7.403587 35.586524 66.963950 90.941584 107.758662 120.436458 134.877839 152.135386 184.928876 223.957271
-9999.0 -9999.0 -9999.0 -9999.0 -9999.0 -9999.0 -9999.0 -9999.0 -540.447401 -533.811018 -527.624246 -530.837649 -535.793214 -539.136687 -526.451384 -510.911130 -495.270937 -478.637556 -462.978840 -445.431547 -429.936748 -413.421297 -394.301488 -382.554375 -370.745719 -355.643674 -341.948621 -323.844545 -302.307196 -287.019567 -267.147915 -244.417404 -223.860488 -204.741731 -185.019253 -164.791491 -132.963161 -94.349172 -56.720896 -26.322846 7.024995 36.564740 39.509935 44.835894 52.156137 82.175356 116.292818 150.178983 180.070843 209.821915 239.798707 257.025689 268.059905 281.096036 296.808040 312.948101 337.458703
-9999.0 -9999.0 -9999.0 -9999.0 -9999.0 -9999.0 -565.799267 -541.854787 -527.322319 -535.268196 -543.343790 -546.780819 -550.353673 -531.817648 -510.827786 -494.333248 -477.989617 -460.995231 -444.969875 -430.124518 -394.766088 -378.564418 -363.472400 -343.422291 -329.388208 -315.293508 -297.711015 -273.580797 -249.406114 -214.908094 -182.358634 -152.293007 -122.471357 -99.334629 -77.172353 -53.339005 -15.346676 29.215067 72.169106 106.962985 137.940815 169.256054 180.216183 187.497599 196.858723 215.977243 245.935194 275.943553 309.804054 341.848874 367.205901 379.176019 389.565644 400.963684 414.586265 428.307791 443.322083
-9999.0 -9999.0 -9999.0 -9999.0 -598.943233 -578.140147 -557.656824 -526.967652 -504.555553 -510.189167 -502.970222 -502.505370 -503.856492 -501.698466 -496.321580 -478.692211 -461.330360 -443.797882 -424.989782 -386.687577 -345.004250 -327.857943 -300.316202 -267.489037 -252.798808 -237.279658 -220.946497 -196.229775 -163.758868 -124.124817 -70.570540 -23.295103 9.720834 38.312566 63.666094 91.036320 127.065593 166.869778 204.693760 239.670122 270.217673 295.021730 310.032211 318.990605 330.874069 345.664459 364.938410 390.664101 419.539163 451.224153 477.868211 493.625735 502.181246 512.614724 524.277142 538.678871 554.270200
-9999.0 -9999.0 -9999.0 -645.384436 -607.070609 -570.515947 -543.093336 -512.292632 -480.947860 -474.488839 -466.382109 -459.779865 -452.943645 -443.971491 -433.761040 -417.594484 -403.841765 -391.530341 -370.527666 -333.332674 -296.068590 -260.098017 -225.452179 -192.036371 -166.435821 -148.500761 -129.429188 -101.602265 -56.315442 -8.894329 50.507419 110.299731 151.913301 179.269854 200.879921 227.265518 251.636945 285.800189 319.548266 351.128035 381.681408 406.496764 427.349636 437.398825 446.631478 455.633967 472.315540 492.663124 513.483670 541.940572 572.371231 595.004980 607.591563 616.152223 630.854499 645.805183 658.131789
-9999.0 -9999.0 -691.565894 -654.874614 -619.476439 -567.624869 -515.279969 -482.066313 -441.305855 -415.874857 -408.494139 -389.363860 -371.903764 -362.916570 -345.407319 -327.635708 -314.531257 -311.171669 -298.260385 -260.671754 -203.550559 -149.138500 -110.222796 -48.096859 -10.327977 15.860237 32.372141 60.775484 97.260946 145.081451 197.054585 247.581849 287.661496 319.089895 334.375659 351.942967 374.951067 397.647308 428.695991 457.029623 485.522264 510.894854 534.320029 547.059883 553.449540 567.844141 588.434007 609.921960 630.652082 650.858346 664.961747 670.403139 673.000137 674.626379 676.712310 678.354114 679.313951
-9999.0 -9999.0 -716.244699 -672.474736 -629.281089 -558.510573 -483.445295 -445.623489 -402.281880 -357.780319 -338.122608 -313.744635 -293.084605 -273.142777 -248.046206 -222.847681 -217.746737 -214.157260 -213.239509 -154.919927 -88.847300 -15.751259 60.513709 123.633870 163.730102 174.156600 182.320874 201.464105 227.780568 273.297243 326.139750 379.435148 423.746783 453.681222 469.009681 484.976514 505.378624 526.185045 544.164433 577.129765 598.350769 620.106799 643.627497 663.322594 671.078517 672.754498 669.246383 672.557924 674.742465 675.965988 676.641086 673.878786 673.378413 674.102290 675.128952 670.193410 663.255059
-9999.0 -802.152453 -750.430983 -696.022056 -624.997318 -554.987696 -467.971089 -386.376542 -336.321121 -293.590554 -263.755717 -241.229461 -183.132936 -129.629286 -99.619509 -67.651243 -68.609905 -69.262720 -75.285267 -26.340077 37.326570 130.180640 242.971560 294.045629 322.652651 323.191561 318.397927 332.336300 359.438381 403.290142 469.310116 518.307022 565.443068 599.327805 611.642735 616.624276 632.350557 651.010662 658.387550 667.959085 671.967850 675.736232 674.691967 676.153318 676.697704 676.664110 673.313627 666.557051 657.670178 651.222213 646.826767 642.096500 644.319341 647.341840 648.133119 640.636760 631.054842
-9999.0 -835.877827 -775.446047 -702.574963 -630.060407 -550.894956 -436.396742 -308.157339 -260.804089 -224.447607 -190.605857 -137.689722 -43.394383 30.002896 69.605676 111.043044 108.856831 98.985391 98.360885 136.333220 193.903913 269.986548 390.092328 463.360245 468.393057 472.901955 477.869464 500.319114 532.977706 568.031737 604.711980 629.867099 646.636847 654.738551 658.004323 659.945033 662.502652 663.835522 661.669882 658.111776 652.952634 653.538908 658.339877 658.244126 654.421460 650.525328 644.106882 634.680104 625.113063 617.586752 613.215690 609.282979 607.357605 607.371306 602.949897 596.447154 585.966318
-9999.0 -859.069936 -790.267761 -724.113021 -648.604546 -521.172987 -398.679110 -269.165633 -177.359088 -134.299118 -77.934594 17.869536 116.757022 200.768959 245.679994 268.566218 278.691440 272.306386 289.483335 337.502425 405.007086 485.073292 545.939724 599.971802 598.309895 590.103815 578.094062 582.248711 590.296074 599.500267 612.861632 626.173361 638.575759 645.513655 645.826212 643.934972 640.268519 633.316550 628.454549 624.306354 618.146861 617.938973 623.092336 623.343105 617.336003 611.057558 604.762733 596.997648 588.111225 579.272538 574.032785 569.270746 566.537892 561.701169 556.593569 550.062347 536.433705
-9999.0 -943.930904 -860.836440 -797.693470 -659.326955 -494.690381 -370.340453 -213.381506 -71.234548 -12.526814 85.600786 190.406799 278.744792 338.700480 377.404273 416.977536 444.093176 470.149146 505.096990 514.519637 568.297412 608.117018 620.917878 622.773303 608.571380 596.083311 581.699287 561.684853 554.037547 553.405660 563.865924 580.568037 593.908553 605.622201 603.548701 603.535281 603.106319 599.704153 596.057094 587.472813 578.597218 573.194921 572.985507 577.781307 570.571551 565.101311 557.867520 548.804315 538.882032 529.873911 521.516769 514.239357 510.852079 504.874451 502.990683 495.272625 469.217235
-9999.0 -1024.572503 -945.390443 -838.522023 -684.305818 -520.404866 -370.108466 -193.401668 8.905349 121.897553 220.912433 274.559233 338.794808 399.790920 459.175679 494.727926 513.822447 521.985497 525.978742 536.613422 522.426829 528.619078 547.561272 567.166674 566.356529 559.299418 544.627778 531.675265 526.153809 529.023144 533.772650 539.719552 544.618725 547.291724 545.072779 546.579197 550.752717 545.445825 538.004408 530.416544 523.235543 515.451380 510.430342 507.254179 504.251979 502.668321 494.565098 483.742077 472.807777 464.199351 455.972628 449.643207 447.060480 442.201504 435.451806 424.412337 397.831814
-9999.0 -1109.546236 -995.636960 -891.077256 -752.914996 -611.533033 -471.436959 -298.058398 -127.523008 91.056050 256.949207 307.024220 335.202421 377.953720 434.807834 489.854594 495.549503 468.150131 444.724596 435.953298 444.750912 460.242320 476.513112 494.592609 504.246535 506.533857 502.840350 493.244224 480.912061 475.594511 474.532510 470.573048 468.191049 470.230057 470.368915 476.307856 479.502473 470.915929 459.079390 444.631829 431.781850 422.160155 418.976901 419.372273 418.367850 414.670586 407.267361 397.037328 384.801459 373.640091 365.559330 359.780563 353.499421 344.780719 334.948442 323.784439 298.933902
-9999.0 -9999.0 -1064.145377 -951.586973 -834.425670 -704.524056 -573.009025 -413.085194 -251.618942 -50.941835 73.514811 171.530566 225.403328 265.234001 315.436688 361.749616 372.630773 383.476244 362.588094 365.433179 373.018364 381.280124 392.631036 404.175207 414.162652 419.871546 423.398245 420.713859 412.249300 398.823365 383.948713 373.391169 367.680864 363.545707 371.908661 382.620187 381.149161 375.031737 364.101648 349.478715 336.965119 324.166997 320.473781 320.865179 320.470833 317.220516 311.962657 299.544025 286.917021 274.535781 268.507265 262.366449 256.388911 245.669155 234.344539 221.287836 198.034107
-9999.0 -9999.0 -1145.631373 -1033.821206 -911.516913 -784.509610 -674.424900 -561.998446 -398.955571 -271.619116 -164.143465 -68.905780 8.485502 66.742257 110.918900 164.307993 192.401482 204.709471 213.210016 230.608535 252.298595 273.602862 288.140677 300.160749 311.768159 321.577055 328.971392 318.872454 308.991814 294.427947 276.455201 257.106044 247.230548 242.895473 246.966678 253.785810 249.240065 239.828232 226.167024 210.260311 197.239375 184.984700 180.646933 178.196019 177.122881 174.081588 170.283019 160.464325 147.949950 138.669454 130.165378 122.996185 118.737032 110.156449 99.088566 90.247313 69.123811
