tests/Borden05m/sims/sim_1/output-maps/psiliqL0024N0003.asc
ncols         160
nrows         34
xllcorner     620200.000000
yllcorner     5168000.000000
cellsize      0.500000
NODATA_value  -9999.0
[rows 0 to 24 of 34, columns 55 to 109 of 160]
-9999.0 -9999.0 -9999.0 -9999.0 -9999.0 -9999.0 -9999.0 -9999.0 -9999.0 -9999.0 -9999.0 -9999.0 -9999.0 -9999.0 -9999.0 -9999.0 -9999.0 -9999.0 -9999.0 -9999.0 -9999.0 -9999.0 -9999.0 -9999.0 -9999.0 -9999.0 -9999.0 -9999.0 -9999.0 -9999.0 -9999.0 -9999.0 -9999.0 -9999.0 -9999.0 -9999.0 -9999.0 -9999.0 -9999.0 -9999.0 -9999.0 -9999.0 -9999.0 -9999.0 -9999.0 -9999.0 -9999.0 -9999.0 -9999.0 -9999.0 -9999.0 -9999.0 -9999.0 -9999.0 -9999.0
-9999.0 -9999.0 -9999.0 -9999.0 2998.766860 2993.426022 2988.561791 2983.958250 2976.216576 2966.884646 2958.902869 2954.707816 2953.534010 2952.650450 2952.000996 2956.862101 2964.845095 2972.397574 2979.247490 2980.532878 2982.814623 2984.658822 2984.865778 2983.652968 2980.369459 2978.116085 2974.692712 2972.990096 2965.504976 2954.327588 2945.933752 2943.226711 2947.430773 2951.784945 2954.250228 2959.529268 2969.963787 2980.591168 2988.026058 3000.494799 3007.360163 3012.714642 3015.416920 3011.480052 3008.241687 3004.365533 2998.449390 2987.399419 -9999.0 -9999.0 -9999.0 -9999.0 -9999.0 -9999.0 -9999.0
2944.444224 2962.812770 2982.657672 2985.744816 2975.040703 2969.977677 2966.785611 2965.016104 2960.615892 2952.036875 2946.830478 2941.287950 2938.681019 2938.611761 2938.438484 2942.086902 2952.672473 2960.412630 2964.925355 2967.473094 2970.205578 2968.754445 2967.943329 2967.637789 2964.679996 2961.143829 2957.711890 2955.825635 2957.092340 2949.472464 2943.531714 2939.687418 2936.912320 2939.606778 2942.256160 2946.664727 2955.883934 2963.833275 2971.846246 2985.700473 2998.791923 3004.475595 3002.011034 2997.449040 2993.739476 2986.536648 2977.017089 2967.033202 2958.699802 2952.532506 2947.240378 2941.030546 2947.486154 2955.260237 2964.751599
2927.654134 2946.695422 2966.974308 2969.496500 2959.107604 2951.248954 2944.626878 2945.024677 2948.296369 2944.930700 2940.040512 2932.566352 2942.230613 2943.151685 2943.800826 2946.889231 2948.850035 2953.566111 2955.935323 2961.173114 2970.042683 2972.737355 2973.092777 2973.063010 2971.019709 2967.709382 2965.700964 2962.847728 2957.525495 2955.781897 2955.478549 2954.308006 2958.493855 2959.967986 2962.736062 2957.089412 2961.401199 2967.665105 2974.608652 2980.322189 2985.266777 2988.083145 2984.895724 2985.391258 2978.373296 2964.829215 2954.929989 2947.438515 2947.454691 2944.578272 2936.784017 2923.341428 2931.585821 2947.723897 2952.582136
2931.614327 2940.393365 2950.962027 2953.400945 2948.266481 2950.243525 2951.892423 2953.023819 2951.080954 2947.484559 2943.314247 2953.866725 2962.111441 2963.381974 2965.728435 2969.496811 2970.054660 2958.944170 2956.751535 2964.049771 2973.632622 2978.746750 2978.813772 2978.378754 2974.842002 2973.611389 2973.293244 2971.359062 2970.957421 2972.565060 2970.423609 2973.559096 2979.009302 2980.665068 2976.660716 2968.186983 2970.257291 2978.639914 2986.099913 2993.697165 3003.996682 3014.944344 3015.148584 3010.624734 3002.240282 2989.840833 2968.805676 2951.180387 2940.384443 2932.669613 2925.569477 2928.249918 2923.948046 2937.517541 2939.419630
2918.350105 2938.248370 2958.194575 2964.161408 2958.019971 2953.948289 2952.342796 2952.842368 2951.879329 2952.533546 2961.592382 2973.423163 2983.318730 2985.163785 2986.873896 2985.562924 2979.367710 2968.987846 2966.054498 2979.396449 2994.139583 3001.890436 3001.425555 2997.511856 3001.059038 3000.856942 3000.941371 2997.284634 2998.125421 2996.218998 3002.228985 3009.826997 3017.609384 3016.163940 3003.880661 2991.736326 2991.501156 2996.611284 3003.055842 3010.498070 3020.744031 3030.064807 3025.384982 3020.146191 3012.639536 2986.893351 2965.468852 2951.106216 2951.598182 2952.479196 2948.230860 2946.244140 2945.187361 2940.847436 2941.138919
2954.548487 2973.746142 2992.119991 3005.194763 2998.861645 2991.107235 2982.222626 2982.264239 2982.823329 2988.722864 2999.177966 3012.297686 3033.991030 3033.686180 3034.310789 3033.431035 3020.695315 3007.547464 2997.322261 3018.596534 3029.353412 3036.590946 3034.533430 3040.220296 3048.919425 3045.119659 3038.516475 3026.690006 3032.320146 3039.518342 3054.552395 3062.235864 3067.253886 3063.199652 3049.786888 3043.230045 3044.341130 3050.199112 3050.905848 3058.998731 3068.081877 3083.136945 3082.118779 3078.186862 3058.229716 3021.627528 2991.976093 2980.391033 2989.366285 2983.849241 2979.334103 2978.929359 2967.693181 2960.186867 2962.616589
2986.265114 2999.984721 3016.135090 3032.586985 3024.084845 3013.642707 2997.452573 2994.507567 2998.931139 3008.781111 3026.175470 3044.537328 3064.707887 3064.593706 3059.308369 3068.741472 3061.742445 3051.071563 3043.376944 3063.058579 3073.325449 3083.638862 3089.851581 3102.367196 3112.853150 3097.373989 3081.082737 3071.459062 3078.122808 3102.673344 3124.161537 3128.948217 3128.335335 3128.293652 3114.029810 3108.967179 3105.105443 3104.655405 3101.619669 3099.506936 3123.791784 3144.648361 3144.401098 3122.901971 3100.330103 3061.702396 3024.415352 2999.333632 3010.568104 3007.706843 3010.716026 3000.258282 2988.361244 2980.158144 2978.636682
3038.547566 3060.828481 3077.475959 3098.815196 3090.996481 3068.724602 3053.774271 3056.435426 3069.528074 3077.138548 3094.776567 3112.623925 3138.991972 3152.222672 3164.404163 3168.146067 3160.869773 3152.208405 3139.988079 3144.032855 3166.727961 3178.201148 3186.774421 3195.427376 3207.936443 3209.046045 3202.775062 3201.111136 3205.243200 3217.654118 3231.182401 3237.867460 3241.255957 3244.315126 3232.620401 3220.201331 3217.560070 3211.667845 3209.664512 3208.715887 3218.907379 3238.103913 3235.273337 3200.689150 3174.197801 3140.142843 3102.455848 3073.299011 3065.877511 3083.294643 3080.216817 3064.176274 3052.788765 3025.965414 3019.573073
3109.334885 3142.185889 3166.597129 3177.060996 3185.061622 3171.571332 3169.803713 3173.682517 3181.621818 3184.772903 3191.150809 3223.232538 3256.852170 3282.200197 3304.923234 3312.136468 3300.052761 3290.229799 3276.919504 3267.988125 3277.906759 3294.626126 3312.032909 3326.974083 3338.219509 3340.503529 3338.968298 3339.043360 3341.956253 3344.921173 3349.000541 3357.084913 3364.637667 3373.471066 3381.928162 3372.215001 3355.338436 3345.688038 3336.063534 3334.746835 3335.823518 3338.981195 3340.045206 3324.877960 3284.755714 3253.961941 3222.262930 3201.728720 3187.797734 3185.988529 3168.151335 3144.590337 3094.605703 3057.451565 3026.220265
3196.181234 3239.275456 3268.328386 3286.118176 3298.882949 3296.490394 3298.190593 3299.237236 3303.069100 3305.642907 3308.799539 3334.783227 3375.549017 3414.388754 3445.235150 3445.537114 3432.317520 3421.065438 3411.746088 3397.852963 3393.961971 3405.894039 3420.683279 3440.361245 3450.891801 3457.440274 3454.481462 3454.721602 3456.331072 3458.619569 3460.703881 3464.105676 3473.397194 3488.039095 3502.114637 3501.518418 3483.343083 3465.561316 3449.431773 3446.410166 3443.580347 3438.642164 3440.814091 3442.678507 3428.121230 3397.895096 3358.897727 3318.568238 3300.877098 3285.283723 3274.455136 3258.045003 3220.030142 3156.190084 3118.575511
3310.711126 3343.650074 3372.451204 3402.497975 3417.643184 3420.415570 3418.091665 3417.177468 3424.099055 3427.154363 3433.252290 3449.685137 3480.662048 3515.192848 3544.407240 3559.949926 3552.592968 3535.263479 3513.644926 3504.368786 3501.637421 3505.045584 3514.198119 3526.475104 3545.498090 3564.483668 3570.204657 3571.068027 3568.413384 3570.790511 3572.298560 3572.404972 3575.108414 3583.183562 3592.744750 3596.031634 3588.605848 3568.154169 3545.096352 3533.428837 3526.729855 3523.247056 3523.962166 3528.738260 3531.630623 3517.310575 3482.662037 3439.198183 3409.076709 3393.337724 3380.414221 3366.687365 3354.698882 3323.820780 3303.559103
3418.881860 3433.776350 3461.505885 3489.891064 3512.569861 3527.346950 3528.049558 3531.277676 3535.964891 3543.487851 3558.527734 3581.306975 3599.757033 3621.721061 3647.702973 3663.539000 3668.811549 3667.335092 3663.554228 3664.808347 3665.141557 3605.691574 3611.653295 3617.591142 3633.773717 3648.493101 3653.794954 3654.398631 3651.990079 3653.751890 3654.476368 3654.393234 3654.023726 3656.129799 3660.935853 3662.772710 3660.501894 3648.439688 3665.286628 3645.575034 3632.285715 3624.171154 3616.010656 3607.771691 3598.387441 3588.599412 3569.041811 3538.728673 3504.671117 3482.776066 3474.659931 3468.681797 3460.587258 3455.106198 3438.510450
3517.062575 3527.610646 3545.443882 3567.806030 3601.004333 3623.907224 3635.144280 3644.314582 3648.945518 3662.669599 3678.953530 3663.920528 3671.810371 3679.974902 3688.087221 3690.873061 3691.670711 3691.302655 3688.929082 3688.193330 3685.846554 3682.272342 3671.909801 3673.508123 3675.414660 3678.022166 3681.732911 3680.607653 3681.699396 3684.647894 3682.913075 3676.927635 3672.900773 3671.327619 3672.275333 3679.674911 3683.127133 3684.068694 3680.915798 3680.006927 3679.060917 3675.831312 3671.799213 3666.115142 3658.844094 3672.634798 3660.812883 3633.315245 3593.885303 3553.461874 3545.337032 3546.662380 3546.723897 3545.183333 3539.673123
3639.809300 3653.250076 3667.801173 3647.296155 3668.511874 3679.369249 3684.445967 3688.410963 3691.166608 3694.107420 3691.078880 3688.037260 3683.180826 3681.651442 3680.312322 3677.886358 3678.521974 3676.636952 3672.598771 3668.620384 3660.816249 3649.349550 3638.175812 3634.714446 3639.044774 3644.607901 3649.682926 3654.015386 3657.699027 3657.805130 3652.411004 3644.051334 3636.560241 3634.882476 3641.715434 3647.435743 3653.838707 3654.694637 3653.305481 3650.861891 3650.658851 3647.465333 3647.700733 3654.711551 3669.307561 3672.303282 3677.908055 3677.109884 3661.300644 3632.673434 3642.529418 3622.714425 3628.559272 3624.038450 3612.783393
3682.522388 3685.153809 3683.605344 3682.447456 3676.120875 3670.106752 3669.345481 3673.355849 3680.386271 3681.480962 3674.464367 3665.951254 3658.786910 3651.459154 3649.162853 3648.559651 3648.291078 3648.775257 3643.511139 3634.373800 3617.566925 3606.032199 3594.985511 3589.058825 3585.455933 3589.051843 3600.154998 3612.081357 3617.079442 3608.033323 3599.684076 3587.997156 3579.946525 3580.378129 3581.520608 3590.961237 3607.512764 3614.765526 3615.536435 3609.184309 3602.867218 3596.268913 3593.277580 3599.706982 3614.920293 3631.491598 3646.876872 3655.899279 3663.556908 3670.592861 3669.473567 3672.076742 3673.509142 3671.486789 3674.132721
3676.771597 3669.849504 3662.938815 3657.699008 3651.279855 3645.984017 3644.196091 3646.154872 3648.214598 3644.233604 3637.885214 3627.950524 3617.024581 3607.408643 3599.994515 3601.038643 3603.413028 3605.047568 3597.906393 3582.722251 3565.055974 3551.666116 3537.876009 3533.987190 3528.231007 3520.924168 3531.078779 3550.544564 3557.811667 3541.995591 3531.233927 3516.165895 3509.533893 3505.625803 3506.463858 3515.404073 3537.607905 3561.221508 3563.198846 3552.342492 3541.562006 3536.790143 3533.580831 3538.285009 3555.014714 3575.620496 3591.484951 3601.755890 3607.054713 3614.811446 3624.159880 3638.192724 3652.803181 3664.979878 3669.980584
3651.884289 3644.172676 3636.571614 3629.028823 3622.205542 3616.095086 3611.887901 3609.983889 3606.249015 3600.260748 3593.351985 3573.416209 3561.168884 3548.511161 3533.879635 3530.173303 3525.681970 3526.932047 3515.599428 3507.541691 3491.031249 3475.818127 3460.333636 3447.358877 3441.700751 3435.142253 3434.002722 3447.638397 3456.117791 3446.319530 3436.612185 3425.812094 3421.170988 3417.821388 3420.233273 3430.621800 3450.327893 3468.604853 3476.826418 3469.378242 3467.666761 3467.378386 3465.735678 3471.847412 3482.796281 3500.713072 3522.768085 3541.274513 3550.963065 3557.787814 3566.960582 3581.265895 3595.246667 3609.441711 3627.239124
3621.586068 3612.396808 3602.611151 3593.054717 3582.726375 3572.332686 3566.014251 3568.671130 3562.761543 3557.244483 3535.413191 3481.398699 3460.843572 3442.276840 3426.401386 3420.009082 3411.902690 3396.689804 3388.187968 3383.698290 3385.263709 3371.351845 3354.056905 3336.661846 3331.861362 3328.361140 3311.780922 3307.979680 3308.751842 3324.024875 3317.901597 3316.301057 3317.888558 3315.490454 3316.904156 3329.670025 3337.637527 3343.376261 3349.978045 3354.159122 3364.239273 3371.948468 3381.446480 3398.204863 3409.010309 3424.209828 3444.309656 3469.457401 3484.461268 3493.724569 3503.932922 3519.014294 3535.000237 3552.493715 3574.671285
3587.298655 3571.164847 3556.865272 3542.812228 3530.355986 3517.792347 3502.480158 3504.502193 3502.497000 3492.669276 3439.317176 3398.831644 3365.530980 3348.669541 3325.587045 3312.605860 3297.008944 3259.927575 3243.078208 3242.498362 3256.858348 3253.153986 3237.986177 3226.168773 3217.049160 3208.048490 3190.829603 3172.898740 3178.919793 3196.956902 3197.563749 3200.582370 3208.183402 3207.567514 3201.052148 3198.829622 3210.884138 3216.374187 3227.260487 3244.230433 3248.838355 3264.436213 3297.232726 3309.737692 3324.343356 3342.388994 3362.431599 3384.096465 3406.036261 3419.624011 3434.369461 3452.457617 3468.783070 3488.777994 3511.090354
3537.338388 3506.889561 3486.260922 3469.306612 3450.704283 3424.673817 3405.030929 3403.149354 3397.313472 3369.463096 3318.180271 3282.801421 3259.527142 3238.303074 3215.823565 3193.010613 3157.047059 3123.119134 3101.916189 3117.352957 3128.664626 3139.866948 3128.620262 3118.030935 3108.683529 3091.178115 3074.648894 3058.690434 3069.617915 3078.286053 3096.603909 3103.269730 3107.155094 3112.781825 3111.268313 3100.768006 3096.106974 3103.946505 3113.521502 3125.040913 3145.642895 3180.131146 3204.288554 3221.844378 3241.673488 3259.798040 3280.576572 3302.911867 3324.920883 3341.211327 3358.922835 3376.879195 3397.170990 3415.906702 3438.399589
3458.954596 3431.264452 3405.452411 3382.918261 3352.216258 3307.096074 3293.266786 3284.925167 3264.299457 3218.338954 3177.414407 3156.615772 3143.741523 3121.286976 3100.966916 3072.945446 3039.996300 3018.793259 2998.921459 3009.607395 3020.183425 3040.154446 3031.632989 3024.950663 3022.113658 3007.109885 2994.039002 2977.888519 2984.346518 2996.415556 3019.528256 3025.405662 3029.469571 3038.661672 3037.794550 3033.116636 3015.834818 3022.370062 3032.754932 3046.891059 3077.183093 3099.288947 3121.141948 3142.094713 3160.726781 3181.379240 3202.863050 3225.063331 3250.478978 3269.159015 3287.324912 3308.036096 3326.544080 3340.526305 3356.475283
3352.602617 3329.172094 3310.126686 3286.751419 3245.215165 3202.267432 3162.889805 3137.765216 3087.408405 3053.595815 3033.395835 3032.408833 3020.944796 3002.173061 2984.245324 2968.064951 2946.929086 2928.809364 2904.569730 2910.514658 2926.687366 2944.043071 2945.434208 2946.564441 2945.388177 2936.333849 2923.133123 2909.687258 2913.511301 2930.553470 2948.488177 2958.407783 2966.034574 2973.689644 2973.300404 2963.686332 2953.457763 2957.902328 2972.726012 2986.456593 3003.476758 3023.380684 3043.317725 3062.744211 3084.201175 3105.807506 3127.655342 3151.407035 3176.936104 3197.022524 3219.537140 3242.811057 3258.541437 3266.595029 3273.920728
3251.857806 3233.279741 3210.997557 3184.549202 3143.919498 3105.300895 3065.593788 3020.052232 2988.295807 2963.146501 2956.980727 2942.791841 2930.683724 2917.419252 2898.426194 2883.212865 2869.399735 2849.120809 2839.583642 2847.444963 2861.418654 2870.168155 2877.238011 2875.539279 2873.590225 2868.235840 2854.594876 2850.352051 2860.378512 2875.577269 2889.279651 2900.728957 2907.527311 2912.547438 2909.339478 2899.976656 2896.612185 2904.403591 2919.382302 2932.263043 2946.364528 2966.040639 2983.472069 3003.752202 3024.863386 3045.532234 3068.570329 3092.315821 3116.904617 3142.515177 3163.588203 3180.987484 3188.603865 3196.889746 3195.830523
3131.048538 3120.333433 3095.772177 3068.682479 3040.588323 3008.717674 2985.610352 2958.032676 2929.614877 2902.192989 2877.935212 2866.912920 2862.027368 2850.765460 2835.117876 2825.108787 2810.673954 2801.315727 2807.933998 2809.851271 2818.510312 2817.205259 2818.571901 2816.531591 2816.273588 2814.296441 2808.256770 2820.055561 2826.526877 2839.919960 2849.892516 2859.492578 2865.147346 2868.547939 2869.420285 2864.873386 2870.307625 2875.972911 2889.100968 2899.591294 2912.305684 2931.228912 2946.919237 2964.507336 2983.904429 3005.238972 3027.392772 3051.336490 3077.576479 3100.490234 3116.713184 3122.070365 3129.791689 3129.988871 3117.753943
