tests/Borden05m/sims/sim_1/output-maps/psiliqL0006N0014.asc
ncols         160
nrows         34
xllcorner     620200.000000
yllcorner     5168000.000000
cellsize      0.500000
NODATA_value  -9999.0
[rows 0 to 24 of 34, columns 56 to 111 of 160]
-9999.0 -9999.0 -9999.0 -9999.0 -9999.0 -9999.0 -9999.0 -9999.0 -9999.0 -9999.0 -9999.0 -9999.0 -9999.0 -9999.0 -9999.0 -9999.0 -9999.0 -9999.0 -9999.0 -9999.0 -9999.0 -9999.0 -9999.0 -9999.0 -9999.0 -9999.0 -9999.0 -9999.0 -9999.0 -9999.0 -9999.0 -9999.0 -9999.0 -9999.0 -9999.0 -9999.0 -9999.0 -9999.0 -9999.0 -9999.0 -9999.0 -9999.0 -9999.0 -9999.0 -9999.0 -9999.0 -9999.0 -9999.0 -9999.0 -9999.0 -9999.0 -9999.0 -9999.0 -9999.0 -9999.0 -9999.0
-9999.0 -9999.0 -9999.0 -569.037289 -574.775498 -580.454022 -585.808417 -595.314365 -604.877315 -613.959843 -618.158561 -619.238712 -620.300210 -620.845498 -615.570748 -607.701209 -600.123857 -592.864504 -590.582929 -588.206527 -585.863901 -585.361843 -586.776643 -590.156130 -593.553090 -597.077376 -598.562590 -607.226718 -618.968845 -628.209243 -631.058574 -626.436623 -621.805610 -619.206523 -612.824386 -601.613456 -590.370618 -581.536473 -569.577157 -564.075070 -558.699243 -555.126071 -559.014177 -562.393518 -565.816660 -570.144774 -581.178833 -9999.0 -9999.0 -9999.0 -9999.0 -9999.0 -9999.0 -9999.0 -9999.0 -9999.0
-606.848406 -587.510278 -584.296222 -595.203172 -600.126252 -603.676462 -606.177311 -611.737334 -620.934454 -626.685198 -632.469384 -634.276705 -634.513528 -634.642415 -630.496497 -620.749757 -612.765096 -608.006624 -605.707851 -603.369427 -603.141731 -603.689194 -604.193050 -607.222459 -610.760336 -614.282163 -616.142668 -616.332226 -624.123189 -629.483785 -632.748452 -633.762516 -631.313129 -628.993130 -626.100258 -616.145310 -607.546678 -598.940007 -584.598817 -572.069806 -566.658386 -568.852572 -573.767633 -577.193044 -583.191243 -592.661609 -603.074089 -613.832480 -621.073817 -626.273757 -631.121605 -624.722182 -618.226118 -607.464605 -596.742809 -584.370647
-623.996860 -604.325400 -601.644991 -612.956738 -621.835309 -626.193385 -626.471954 -624.739945 -628.876452 -633.923535 -637.930364 -630.589087 -629.564247 -628.547739 -625.483430 -621.972749 -620.144384 -617.400249 -612.149998 -603.191922 -600.686046 -600.290073 -600.273697 -602.212454 -605.444220 -607.304523 -610.186329 -615.540310 -616.394587 -615.882943 -615.689194 -610.211125 -608.699401 -607.514165 -614.845966 -611.527527 -605.032545 -597.895696 -590.408505 -582.974096 -577.732104 -580.619809 -581.819082 -589.887111 -603.508229 -614.963201 -623.626106 -626.282158 -629.184664 -636.594502 -648.383010 -641.310747 -625.382134 -620.419312 -616.290441 -603.877000
-632.766315 -620.941345 -618.221063 -623.721879 -623.260494 -622.173716 -620.968249 -622.942046 -626.280127 -627.635061 -614.459209 -604.929592 -603.472347 -600.724342 -597.584783 -599.349614 -612.354059 -615.295753 -606.556556 -595.893127 -589.896049 -589.914457 -590.071132 -591.474231 -592.618559 -593.286912 -595.926387 -594.632078 -591.856488 -590.728476 -585.201461 -579.372389 -576.635921 -585.978280 -595.580400 -595.291213 -587.481641 -579.382116 -571.666699 -560.033974 -547.582209 -548.862239 -554.662369 -563.509718 -577.291257 -600.976376 -621.168653 -631.409542 -637.490418 -644.064143 -644.999488 -646.538735 -635.913979 -633.780324 -631.859541 -622.710294
-629.193084 -608.046407 -599.723962 -606.416449 -612.946335 -617.222862 -617.044887 -616.959590 -613.285873 -599.397931 -585.133733 -569.281643 -566.767521 -564.316717 -564.728326 -575.368657 -586.264157 -591.137088 -575.408795 -559.306828 -550.773063 -549.699141 -548.517714 -539.371839 -541.920773 -545.308012 -551.525154 -548.789811 -545.048786 -532.167095 -524.256573 -517.359037 -519.460249 -531.830160 -543.205653 -545.555048 -544.039987 -542.511469 -536.451558 -525.128644 -513.870089 -518.703130 -526.753286 -538.033811 -568.437996 -597.737374 -615.193483 -613.941598 -613.071925 -617.326324 -620.239281 -623.951758 -631.786884 -631.915958 -632.111419 -632.347847
-580.409690 -561.289073 -544.454600 -551.101358 -560.687200 -573.025524 -573.052999 -569.303742 -560.600381 -546.467341 -526.204739 -499.992404 -495.083715 -490.138729 -485.003121 -496.645996 -510.001537 -523.221558 -507.369104 -496.871317 -486.350857 -481.257863 -466.978025 -454.634017 -460.390968 -470.669789 -480.841664 -473.392533 -456.265512 -438.390023 -430.747521 -426.725430 -425.381785 -436.548991 -443.227319 -447.789571 -448.969851 -454.495051 -452.137029 -438.595593 -419.978449 -419.770107 -434.795928 -462.195703 -502.054790 -540.682307 -565.495192 -561.858744 -568.288446 -574.178734 -578.850055 -593.549899 -605.582053 -605.902078 -615.528072 -621.852213
-530.995176 -511.425073 -491.648329 -494.909282 -507.700066 -520.819142 -520.538986 -511.159596 -501.008771 -479.530437 -449.362581 -415.644357 -395.340656 -381.776754 -369.281172 -378.439282 -391.391170 -404.544948 -399.482555 -381.950053 -363.532724 -344.825206 -324.776564 -305.966537 -312.687362 -325.113037 -327.925063 -321.243007 -296.905359 -274.952165 -265.817608 -260.789588 -253.757449 -261.011349 -273.046113 -287.483441 -301.831777 -314.450288 -322.208333 -302.182310 -282.187506 -286.342826 -322.629695 -360.011261 -407.249749 -454.577543 -496.328753 -505.460412 -507.082772 -509.928842 -527.403231 -544.537909 -565.701758 -578.137667 -587.596429 -603.561808
-421.459328 -390.912564 -362.634090 -352.750656 -369.945989 -374.687678 -367.368832 -351.551439 -341.950241 -320.455919 -274.699390 -222.959679 -188.435132 -162.712711 -157.540904 -166.424622 -176.878897 -192.999955 -200.434369 -185.556621 -171.065413 -158.037604 -146.631261 -135.813823 -129.312471 -130.401064 -130.455156 -127.907802 -123.800585 -117.597437 -111.329272 -105.387492 -99.021826 -98.014394 -106.504119 -114.856628 -124.390237 -132.976182 -135.719420 -136.852741 -130.741376 -132.084639 -151.678170 -179.819938 -217.463159 -268.693398 -320.450997 -357.180551 -362.500253 -385.084335 -410.503051 -441.129350 -485.636189 -509.599961 -529.314710 -562.232950
-262.453606 -219.754334 -196.447990 -177.250861 -175.959700 -172.135634 -167.974473 -161.193384 -155.457831 -147.719195 -117.667420 -83.584072 -52.465528 -27.480098 -17.980754 -26.615717 -36.204646 -47.380528 -56.846504 -56.147979 -43.625889 -28.553902 -14.166835 -4.533286 -1.233005 -2.650213 -2.595626 -1.322708 1.503966 3.628431 7.728989 13.950708 23.703145 35.662133 32.492441 17.002189 4.233533 -10.586296 -17.456019 -20.971901 -26.138009 -27.066292 -29.211646 -53.132513 -78.945359 -109.726014 -141.183374 -164.420662 -187.470162 -213.323682 -243.599316 -305.811196 -366.432670 -414.938449 -454.545187 -491.943856
-119.790320 -90.783001 -65.224275 -49.774045 -43.771089 -40.456699 -36.005474 -28.997293 -23.037414 -14.854329 3.097645 36.542649 72.850170 104.968085 112.433785 105.813071 95.779009 83.501599 75.422713 71.788084 77.464390 85.690548 97.457209 109.050790 119.045418 120.433197 119.772875 120.282463 121.058916 123.456052 123.092206 128.775073 137.177611 146.891824 147.911852 139.298195 122.937857 106.849068 96.124354 84.487930 76.237566 74.238168 74.066652 71.818635 51.304908 19.541391 -21.377057 -50.058310 -72.764256 -87.235166 -103.185809 -120.926980 -159.842578 -184.394244 -223.191376 -275.459031
-12.414039 14.477347 42.544227 62.127683 73.461230 77.923093 85.844662 94.552381 102.073316 113.781756 128.237350 148.465121 177.554870 214.509436 234.763577 233.267151 222.716844 201.290638 203.747926 197.724775 205.180515 210.013227 208.073516 225.785255 233.312148 244.272125 238.858889 242.582959 238.349105 245.019077 238.705966 243.958637 240.433956 251.257071 247.381766 250.292268 232.192719 221.316525 202.686856 181.866802 173.106598 168.213319 167.023321 164.573212 154.668509 129.582393 93.324896 58.127531 32.618397 14.167961 0.475211 -9.440867 -19.519892 -34.317670 -60.736669 -99.246909
92.220185 115.353713 139.032389 162.023362 181.624588 192.208964 211.262613 218.488733 228.826244 243.292544 252.453257 269.146988 284.348176 304.843800 315.475567 321.136638 322.211833 321.277873 323.905106 322.903174 319.049466 319.914576 319.740382 321.587821 324.159880 325.782239 324.927631 325.769980 325.456284 326.417448 325.584541 326.003672 323.593701 324.702352 323.766499 324.216407 320.440292 315.600305 300.136689 285.966081 279.245497 271.811905 263.476622 254.328196 245.058292 229.596676 194.111302 158.506426 126.644608 109.043063 99.898309 93.440386 87.997189 73.890886 53.344411 27.023069
211.819580 226.841261 243.581098 259.671218 281.710301 292.838617 303.563294 308.734200 319.218119 329.730650 329.511984 331.498757 332.577118 334.214434 334.462612 334.911638 334.463750 332.339626 331.737075 330.344552 324.436830 315.355915 316.332877 317.269900 319.133071 321.457813 320.749794 321.874416 325.218395 323.548808 318.534300 315.318289 313.568839 313.537263 319.734534 321.410108 322.532400 322.308626 322.606577 322.089052 321.842245 321.431233 321.233773 320.961013 317.627740 308.637087 286.880506 258.249581 226.069127 197.621814 186.055543 185.264087 180.757740 172.788339 150.326154 122.798618
310.857399 322.345028 330.227928 331.014897 333.365540 334.196990 336.693656 338.504139 338.767936 334.934824 331.513351 326.743878 325.417742 323.857834 321.646285 322.183052 320.170034 316.260574 312.713334 306.303043 293.361882 280.858057 278.282095 282.393220 285.654947 283.153426 291.109025 294.941451 299.780552 293.026536 286.461451 279.798048 277.586393 283.227591 287.137116 284.797069 289.864261 283.834403 288.796983 290.518123 289.254590 290.548333 297.902484 312.256018 320.465084 321.142184 320.791567 319.270616 315.872946 295.595646 275.914304 277.613618 272.756841 259.387270 227.583957 200.838316
329.088038 329.111929 326.302877 320.589966 315.308827 314.788062 318.585600 325.015664 326.188244 319.695563 311.881308 304.347439 295.593312 292.025543 290.411462 289.291962 289.005580 283.499658 275.992393 259.093927 235.812795 220.137916 212.390164 210.661560 215.465000 222.582347 232.367699 239.984841 243.392452 229.036066 216.989905 208.400213 208.100526 210.437642 217.771796 227.332540 230.514821 230.364807 228.370466 226.421001 222.405073 223.130082 234.789215 260.726821 277.137886 290.075674 298.400208 307.277837 313.530168 319.773760 319.746487 319.801997 319.559663 315.196787 299.703420 280.209131
314.089043 307.280569 299.936738 292.617923 286.484110 284.754519 287.329523 290.517862 287.130392 281.021445 270.608968 256.256521 236.008465 226.389148 225.464541 226.529527 226.317676 219.918234 205.502892 186.876569 169.250899 153.124002 148.012595 143.288353 140.750735 151.027591 166.818854 173.805483 164.719257 153.900035 139.632905 131.605429 128.766865 130.106549 138.612910 155.243863 170.885473 171.478300 163.587008 156.081573 152.685730 152.429115 162.856713 186.033993 207.208275 222.875087 235.997786 252.684612 263.292250 273.139221 284.184985 296.843974 308.601830 319.331393 320.297574 319.809576
283.605941 273.383356 255.100257 244.119778 236.534130 231.634269 228.915123 226.569299 220.436528 213.785175 202.794801 189.194024 173.972462 158.918344 154.646902 151.974788 153.299593 142.040487 130.269833 110.283639 93.956095 78.125690 69.404471 63.793671 58.675160 65.863689 82.015548 91.628003 77.562643 67.287586 53.760028 46.994597 43.649912 44.550869 53.287355 74.853663 92.326796 98.006407 90.305358 84.061801 81.615897 82.005210 88.742833 106.368114 127.731245 148.570721 165.058164 178.200495 188.229318 199.689086 215.239761 232.589492 256.371184 274.841466 293.596226 308.551130
229.088644 217.671562 204.245240 191.686195 180.210955 173.720188 173.730457 166.734959 160.249158 149.595099 109.401166 93.489250 75.907881 61.139396 55.812595 48.718402 44.490597 35.007541 27.565286 16.740567 1.519631 -14.338361 -28.119403 -32.446964 -36.177335 -40.447384 -31.602330 -27.442356 -29.032993 -35.976813 -42.976138 -46.584004 -49.038895 -45.783410 -33.953316 -22.564485 -12.021434 -7.044519 -11.387499 -6.129521 -0.331747 1.059222 16.024075 30.215208 48.038554 69.241403 91.651229 104.585615 114.751523 126.429446 142.924667 161.745318 182.923682 207.553919 234.820159 260.360269
177.108682 163.555023 148.801524 135.676988 123.082901 111.298358 111.371252 107.343227 100.751914 68.642776 28.834547 -0.193529 -16.918068 -36.153799 -45.440087 -54.129426 -75.007863 -88.092183 -95.925434 -94.713682 -105.669914 -121.860624 -135.559366 -142.386128 -147.365978 -157.148053 -161.243183 -157.537804 -148.877748 -154.657047 -157.816462 -155.447913 -157.481557 -159.430828 -151.988656 -138.957528 -131.140032 -122.856278 -114.573909 -109.621419 -102.232647 -79.435424 -65.436376 -51.481220 -32.707257 -12.153103 9.397427 27.583580 39.824167 53.624542 72.255359 89.465270 111.389964 136.254284 166.072563 188.473704
111.319065 93.786958 78.537006 63.161601 46.706058 26.854976 24.378405 17.311940 4.693623 -33.803168 -70.961090 -100.799672 -121.806701 -144.731521 -160.688644 -184.846502 -220.146039 -245.471328 -245.574161 -239.157310 -245.804630 -268.730256 -291.204696 -308.344618 -326.324436 -347.459067 -360.176496 -349.971032 -338.031945 -334.001776 -332.114328 -327.698936 -326.748547 -327.928708 -328.347181 -312.488283 -297.657021 -281.277701 -266.393373 -250.963451 -215.162779 -183.675745 -162.393265 -140.628002 -119.965464 -96.983388 -73.236731 -53.515982 -39.131686 -21.905077 -3.554229 16.241299 37.038887 62.292493 91.875170 116.010483
44.725879 20.611681 0.824521 -20.434260 -52.041177 -65.854561 -74.827193 -84.211812 -113.819833 -152.606816 -191.678491 -228.145628 -266.392666 -306.438681 -345.350287 -386.988661 -424.402605 -448.500221 -442.129114 -434.763194 -426.477893 -442.761957 -458.304616 -467.195008 -483.322725 -498.944244 -513.386563 -504.359750 -494.509393 -479.338942 -476.076201 -472.920779 -466.958970 -468.607257 -470.327864 -475.246378 -464.731768 -453.434863 -438.757879 -408.583097 -374.759296 -339.211374 -306.748448 -272.636276 -235.554118 -199.270777 -166.286505 -138.140908 -117.928158 -98.323492 -76.953531 -57.561549 -39.162441 -17.701861 8.178065 31.050601
-46.092506 -66.164840 -87.817309 -118.934341 -159.702916 -191.959508 -207.227397 -246.238171 -295.157659 -358.125220 -395.581134 -425.328148 -455.652827 -481.872421 -505.986958 -535.218012 -560.225479 -583.784929 -579.509429 -567.238504 -553.486617 -562.334987 -567.781675 -571.430927 -583.580871 -597.456964 -611.154393 -607.318839 -592.655990 -575.981477 -569.820216 -563.797697 -556.402526 -556.484723 -562.707093 -571.167561 -565.496271 -552.328256 -536.425025 -513.555261 -489.416352 -465.215675 -442.018609 -414.583315 -382.728899 -346.624998 -304.920812 -260.776548 -227.165258 -191.645684 -158.547895 -135.010915 -120.404100 -103.583194 -77.999794 -58.889996
-140.344237 -164.246473 -194.877447 -247.915363 -314.613474 -377.582225 -422.120289 -461.461387 -498.241702 -523.307475 -544.925320 -565.151531 -584.771868 -605.568933 -625.656934 -645.628928 -667.304290 -687.857316 -682.492943 -668.699185 -655.328225 -653.910951 -656.945913 -659.996852 -668.161503 -681.651918 -694.304652 -686.401944 -670.843299 -655.387151 -645.927377 -639.439305 -633.078228 -635.966161 -644.236809 -651.986247 -644.481384 -629.467327 -614.527968 -596.533244 -575.049198 -553.319509 -531.576405 -508.385633 -484.389119 -456.850300 -426.491248 -393.012188 -357.379877 -319.235929 -279.676865 -254.689011 -231.151227 -210.721656 -183.327758 -158.235994
-294.248764 -334.335450 -375.742184 -422.909429 -472.135266 -508.900242 -542.597040 -574.226021 -604.982783 -629.386840 -647.608531 -657.957102 -672.679987 -692.058555 -705.705100 -722.466379 -742.700278 -744.999365 -740.668752 -727.422626 -724.306350 -723.520533 -726.500705 -727.588706 -732.743843 -745.402194 -740.590385 -732.566938 -717.300262 -706.202254 -697.010225 -690.699020 -686.488532 -687.453146 -695.280098 -693.251837 -686.000036 -671.373980 -659.655139 -644.275387 -623.430678 -606.105379 -586.653355 -564.759394 -541.968829 -517.553779 -491.267292 -462.197792 -434.347470 -409.134588 -393.319117 -375.789775 -361.763688 -360.645330 -334.048588 -304.925612
