tests/Borden05m/sims/sim_1/output-maps/psiliqL0022N0011.asc
ncols         160
nrows         34
xllcorner     620200.000000
yllcorner     5168000.000000
cellsize      0.500000
NODATA_value  -9999.0
[rows 0 to 24 of 34, columns 55 to 109 of 160]
-9999.0 -9999.0 -9999.0 -9999.0 -9999.0 -9999.0 -9999.0 -9999.0 -9999.0 -9999.0 -9999.0 -9999.0 -9999.0 -9999.0 -9999.0 -9999.0 -9999.0 -9999.0 -9999.0 -9999.0 -9999.0 -9999.0 -9999.0 -9999.0 -9999.0 -9999.0 -9999.0 -9999.0 -9999.0 -9999.0 -9999.0 -9999.0 -9999.0 -9999.0 -9999.0 -9999.0 -9999.0 -9999.0 -9999.0 -9999.0 -9999.0 -9999.0 -9999.0 -9999.0 -9999.0 -9999.0 -9999.0 -9999.0 -9999.0 -9999.0 -9999.0 -9999.0 -9999.0 -9999.0 -9999.0
-9999.0 -9999.0 -9999.0 -9999.0 2635.581237 2630.427167 2625.884831 2621.784620 2614.027904 2605.296979 2597.831973 2594.275526 2593.742390 2593.466761 2593.446767 2598.940518 2607.452179 2615.474853 2622.720191 2625.140294 2627.718618 2629.921249 2630.467330 2629.544605 2626.602081 2623.834866 2620.648293 2619.158972 2611.711945 2600.610487 2592.213711 2589.522213 2593.736139 2598.034668 2600.414801 2605.648877 2615.909944 2626.232190 2633.985245 2645.685213 2651.748805 2656.444224 2658.553300 2653.933416 2650.015546 2645.633472 2639.527570 2628.264102 -9999.0 -9999.0 -9999.0 -9999.0 -9999.0 -9999.0 -9999.0
2580.867435 2599.896545 2620.783193 2624.213083 2612.869109 2608.107314 2605.315305 2603.993727 2600.002600 2591.986095 2587.380170 2582.472657 2580.593934 2581.150051 2581.626951 2585.960410 2597.047255 2605.338040 2610.347442 2613.372002 2616.406746 2615.452630 2614.967840 2614.918328 2612.195110 2608.797764 2605.545183 2603.843222 2605.100111 2597.596594 2591.809076 2588.061018 2585.440571 2587.982497 2590.536137 2594.633021 2603.689057 2611.378792 2619.034695 2633.058777 2645.407949 2650.375224 2647.225464 2641.876699 2637.450811 2629.797238 2619.255013 2608.955403 2600.328522 2593.483924 2587.390501 2580.390437 2585.825000 2592.447715 2601.119529
2565.790186 2585.579631 2606.546582 2609.619473 2599.413385 2591.891822 2586.083900 2587.031308 2590.786977 2588.047842 2583.868105 2577.474225 2587.475342 2589.073546 2590.458193 2594.256821 2597.137584 2602.134650 2605.036714 2610.672317 2619.783620 2622.729471 2623.381053 2623.638362 2621.862379 2618.773229 2616.987289 2614.324909 2609.173277 2607.660053 2607.533760 2606.544579 2610.793704 2612.005588 2614.673414 2608.747295 2612.719542 2618.659412 2625.051550 2630.636911 2636.447729 2638.828245 2634.883084 2634.304274 2625.163852 2610.923958 2600.306103 2592.084686 2591.144094 2587.443274 2578.760841 2564.484843 2571.506923 2586.525721 2590.375991
2572.808586 2582.442786 2593.907119 2597.084802 2592.553533 2595.033718 2597.341912 2599.245992 2598.102771 2595.366774 2592.333118 2603.887068 2612.743182 2614.733761 2617.877310 2622.385808 2623.735090 2613.119802 2611.358403 2619.140295 2628.833920 2634.261695 2634.612612 2634.502179 2631.475635 2630.501502 2630.370770 2628.568936 2628.527139 2630.396615 2628.713055 2632.157161 2637.691341 2641.338322 2634.680728 2625.885143 2627.546012 2635.665905 2644.837362 2652.088472 2661.906804 2672.212135 2671.354173 2665.689211 2656.162562 2642.492046 2618.818715 2600.038567 2588.212951 2579.578875 2571.470302 2572.576450 2567.372788 2579.401227 2580.194888
2565.689629 2585.879643 2606.632386 2613.712725 2608.410011 2604.969255 2603.978909 2605.361099 2605.453951 2607.395892 2617.927264 2630.991250 2644.749911 2647.755076 2650.385724 2649.783973 2641.570146 2631.654436 2629.047954 2643.141043 2660.844247 2669.138708 2669.193158 2666.156914 2670.584509 2670.413295 2670.388789 2666.708536 2667.940358 2666.787341 2673.600890 2681.242821 2688.892127 2687.373910 2674.914404 2662.712482 2662.044252 2666.501541 2672.144668 2678.930640 2688.553819 2697.157242 2691.466236 2684.814198 2675.672162 2648.046039 2622.228116 2606.490021 2605.421124 2604.904024 2599.549271 2596.149122 2593.419343 2587.358173 2586.370084
2608.630704 2629.267123 2651.206673 2666.035936 2660.922572 2654.188156 2646.123380 2647.304608 2649.352819 2656.688270 2668.641203 2683.599434 2706.854845 2708.083949 2709.941951 2710.248320 2698.531980 2686.176969 2676.328018 2697.443188 2708.584509 2716.194522 2715.070664 2721.801621 2730.980206 2727.291596 2720.657795 2709.331733 2715.263482 2723.451431 2738.568790 2746.092894 2750.821001 2747.147468 2733.997255 2727.439257 2727.911461 2732.842009 2732.616300 2739.532231 2748.141860 2762.324612 2760.370116 2754.332879 2732.664668 2694.787454 2662.557699 2645.477378 2654.513516 2647.126519 2638.359391 2635.865461 2622.688227 2613.199325 2614.090750
2653.254148 2669.398199 2687.458983 2705.356347 2698.756811 2689.520177 2675.083876 2673.768171 2679.908879 2690.925020 2709.709390 2729.946226 2751.779657 2754.132393 2751.061942 2759.990519 2755.185102 2745.587125 2738.367333 2756.877734 2767.645266 2776.931397 2783.826932 2796.611237 2807.538968 2793.408329 2778.153955 2769.575693 2776.130795 2799.872395 2820.606270 2825.425195 2825.016485 2825.190400 2811.711253 2806.254633 2801.852667 2800.325828 2796.406746 2793.384172 2815.777260 2834.870784 2833.253481 2810.214478 2786.247304 2748.085584 2709.360796 2681.205416 2688.636937 2684.088656 2684.642864 2671.632801 2657.314382 2645.678015 2638.473509
2719.357210 2744.444017 2763.091938 2784.222369 2779.161966 2759.275515 2746.970015 2751.265793 2765.447230 2774.100903 2792.376111 2812.357421 2840.525721 2856.147159 2870.421728 2808.007526 2868.691861 2860.393974 2848.499293 2851.873939 2873.931894 2813.943285 2820.488297 2829.603799 2842.201219 2844.230018 2838.757361 2837.421658 2841.464311 2852.934546 2865.637342 2872.327733 2876.008075 2878.739005 2868.460816 2856.568287 2854.022864 2847.688887 2844.785936 2843.459077 2852.116508 2869.618488 2866.726231 2833.568413 2809.186774 2839.918669 2801.070420 2769.862610 2758.833530 2772.480668 2767.517202 2749.481015 2734.809933 2704.789560 2694.495406
2802.417996 2837.130571 2863.385325 2809.541600 2816.345395 2804.597180 2803.605670 2807.636134 2815.564136 2819.159459 2825.891993 2857.984345 2891.051240 2917.039436 2940.030133 2945.306238 2935.968671 2926.303924 2913.374851 2904.495134 2913.452628 2927.372344 2944.666417 2959.834818 2971.170936 2973.806690 2972.418181 2972.631492 2975.469529 2978.471157 2982.377552 2990.116451 2997.283981 2985.745236 2993.949969 2985.682530 2989.479981 2979.714186 2969.332860 2967.283824 2967.790197 2969.907775 2970.579452 2956.610242 2918.030130 2889.912096 2858.792136 2836.646362 2821.255568 2819.466424 2866.179613 2841.273044 2790.427362 2752.285780 2718.650216
2831.802043 2871.910294 2900.506455 2917.175794 2930.423077 2929.126696 2931.064278 2932.498793 2936.787903 2939.929518 2943.879122 2968.850865 2988.160195 3025.685771 3056.079701 3056.888952 3044.357536 3033.244394 3023.725805 3010.428184 3006.624942 3017.724527 3031.795146 3050.757270 3061.409659 3068.486547 3065.835637 3066.113740 3067.612775 3069.740132 3071.753272 3074.879068 3083.717466 3097.112402 3110.620862 3110.359198 3093.835416 3076.400189 3060.143038 3056.446145 3053.124240 3048.117354 3050.001602 3051.750681 3038.660792 3010.370966 2993.072997 2952.669512 2933.242645 2916.519042 2907.522499 2891.786240 2858.455070 2865.218089 2827.161343
2943.501799 2975.080605 2983.243475 3012.314833 3027.852889 3031.341042 3029.368805 3028.835713 3035.695249 3039.202152 3045.884799 3062.059338 3090.814586 3124.064297 3152.616183 3168.326683 3161.577051 3145.116855 3124.323293 3115.793659 3113.326831 3116.466421 3125.125403 3136.595266 3154.914533 3173.203702 3175.963067 3176.798449 3177.029975 3176.491024 3177.810073 3177.898985 3180.289611 3187.726819 3196.811239 3199.966146 3193.171418 3176.556078 3154.204981 3142.148413 3135.180162 3131.579894 3131.869735 3136.080548 3138.462534 3124.789587 3092.284112 3050.171694 3019.800019 3003.256617 2990.838648 2998.517697 2986.942960 2960.462823 2940.360615
3029.793559 3044.259788 3070.611747 3098.391438 3121.011633 3135.910587 3137.083065 3140.628830 3145.234691 3153.055948 3167.989046 3186.982256 3204.358146 3225.247011 3250.223220 3265.363218 3270.657940 3269.490219 3266.167958 3267.513525 3267.812498 3214.478083 3219.892472 3225.276255 3239.801231 3253.277736 3257.979037 3258.521554 3256.463287 3257.992918 3258.640229 3258.597262 3258.233630 3259.950831 3264.264276 3265.912781 3263.878575 3252.944033 3267.290069 3248.152861 3235.182148 3227.240660 3219.229553 3211.015945 3201.706680 3192.191054 3176.447398 3147.087699 3113.497788 3091.060109 3082.608743 3077.458583 3069.837701 3064.599243 3048.502790
3126.824045 3137.384270 3154.649612 3176.344773 3205.186097 3227.084756 3238.045734 3246.987330 3251.559382 3264.908354 3280.545759 3267.190045 3274.267387 3281.594963 3288.875447 3291.375514 3292.091154 3291.760592 3289.422038 3288.761630 3286.548907 3282.796786 3272.619322 3274.197518 3276.027682 3278.611024 3282.277986 3281.117634 3282.177616 3285.113649 3283.427173 3277.549711 3273.615568 3272.046438 3272.902552 3280.235827 3283.620379 3284.533126 3281.777738 3280.916223 3280.067464 3277.169097 3273.550154 3268.448158 3261.921414 3273.816444 3262.524707 3235.996347 3198.125949 3162.149914 3153.279275 3153.780978 3154.039003 3152.395226 3146.943989
3242.682262 3255.700562 3269.827476 3252.480971 3271.411031 3281.151829 3285.708243 3289.389573 3292.048841 3294.636166 3291.572941 3288.467316 3283.663021 3282.197288 3280.879605 3278.474691 3279.117857 3277.234364 3273.241224 3269.371641 3261.853362 3250.565262 3239.395515 3236.117403 3240.492385 3245.946049 3250.872550 3254.986118 3258.593520 3258.878729 3253.626023 3245.398216 3238.017671 3236.305503 3243.050653 3248.722389 3254.895020 3255.713265 3254.332199 3251.979329 3251.857754 3248.812319 3249.096182 3255.978179 3270.264928 3273.740761 3278.771955 3278.054774 3263.869868 3238.289923 3245.088610 3225.484968 3230.987555 3226.566585 3215.443170
3283.284464 3285.647782 3284.259490 3282.993482 3276.761196 3270.817865 3270.081410 3274.067728 3281.054217 3282.195536 3275.230690 3266.823219 3259.761513 3252.599290 3250.377131 3249.685791 3249.373876 3249.810514 3244.585057 3235.754443 3219.418301 3207.947321 3196.921746 3191.009108 3187.731683 3191.572369 3202.408389 3213.870860 3218.785554 3210.192000 3202.044889 3190.599146 3182.586386 3182.988180 3184.325621 3193.646980 3209.657093 3216.388254 3217.126974 3211.006760 3205.021820 3198.551918 3195.721160 3202.164263 3217.217246 3233.308315 3248.263507 3257.051903 3264.585618 3271.466733 3271.197966 3273.531944 3274.816954 3273.001123 3274.964072
3277.314681 3270.494661 3263.690521 3258.535102 3252.136111 3246.822695 3245.090543 3247.164384 3249.408386 3245.601135 3239.269070 3229.505111 3218.696629 3209.166098 3202.053742 3203.094756 3205.461376 3207.005771 3200.075817 3185.259962 3170.793100 3157.561807 3143.841551 3139.968485 3134.402683 3127.675013 3137.872258 3156.845648 3163.896105 3148.552246 3138.000556 3123.156120 3116.435575 3112.699586 3113.664429 3122.661016 3144.367628 3167.135306 3168.965283 3158.343049 3147.809825 3143.021075 3139.904921 3144.854689 3161.615078 3178.691646 3194.079092 3204.094925 3209.362380 3217.093682 3226.380834 3239.873715 3254.117439 3265.995216 3271.558668
3252.767077 3245.103763 3237.557435 3230.091535 3223.328440 3217.414260 3213.281767 3211.409980 3207.949551 3202.067393 3195.371709 3179.684289 3167.654980 3155.232823 3140.886151 3137.307513 3133.160666 3134.541595 3123.336262 3114.995019 3098.362117 3083.247317 3068.543120 3056.089311 3050.439691 3044.033887 3043.817215 3057.723636 3066.272237 3055.906029 3046.134629 3035.029935 3030.156801 3026.835642 3029.158811 3039.504692 3059.572270 3077.857725 3085.814429 3078.271460 3075.922999 3074.472602 3072.821673 3078.749676 3090.148650 3108.110554 3129.774839 3147.677827 3157.192892 3164.082637 3173.240177 3184.121491 3197.819616 3211.811810 3229.311931
3222.670169 3213.708845 3204.037494 3194.625024 3184.550057 3177.533468 3171.417117 3173.887404 3167.941929 3162.365541 3141.799336 3089.475224 3070.275051 3051.992199 3036.366989 3030.214624 3022.393268 3008.536515 3000.033541 2995.279631 2995.518506 2982.166895 2985.464822 2968.559290 2963.579296 2959.855118 2944.499931 2942.076010 2943.195863 2956.518541 2950.215074 2947.952052 2948.978605 2946.671955 2948.524411 2961.588017 2970.399652 2977.098116 2983.859984 2987.341956 2996.701131 2982.277262 2989.936468 3006.339073 3017.413091 3032.828573 3052.943319 3076.854190 3091.361175 3100.533758 3110.734712 3125.650855 3141.603381 3158.935880 3180.895157
3188.936626 3176.558725 3162.569018 3148.658883 3136.327703 3124.011429 3109.229805 3111.166043 3109.035080 3099.608588 3049.222705 3009.453183 2997.835779 2980.831331 2957.582295 2944.585875 2931.811499 2896.271626 2879.595742 2877.896329 2890.510745 2885.786201 2871.035173 2858.833964 2849.786622 2841.075690 2824.503952 2808.027017 2813.772557 2830.792956 2830.582665 2832.875033 2839.964027 2839.278631 2833.439195 2832.675693 2845.303897 2851.453908 2862.405303 2878.708389 2883.457961 2895.068385 2926.872929 2939.912656 2954.993182 2973.746641 2994.049095 2993.669002 3014.376843 3027.746505 3042.311491 3059.599548 3075.835941 3095.803650 3118.136111
3143.003444 3113.326681 3093.080143 3076.396383 3058.926138 3033.998851 3014.449033 3012.646447 3006.805088 2981.300111 2950.909110 2917.233958 2893.320858 2871.620904 2848.537372 2828.501071 2858.544917 2823.603736 2801.119435 2813.564739 2823.098082 2831.731777 2819.519243 2808.073291 2798.129057 2780.871409 2764.264246 2748.861504 2759.277662 2767.891095 2784.593484 2790.886152 2794.986721 2800.448088 2799.476475 2790.614133 2788.387150 2797.346775 2808.219524 2820.942725 2841.679405 2812.065847 2834.129238 2851.968046 2872.326813 2888.921305 2910.331379 2932.607870 2954.935659 2971.716881 2989.621259 2985.681414 3005.183884 3024.139464 3046.883876
3067.353142 3039.841904 3014.106724 2992.521849 2983.537708 2939.617331 2927.582443 2918.680334 2898.826702 2854.156908 2815.812548 2855.745527 2839.528844 2814.829457 2791.967796 2762.303665 2729.650468 2706.378495 2685.171227 2693.982985 2702.905400 2720.578448 2710.853240 2702.880266 2699.015863 2683.671680 2670.189934 2654.148656 2660.691334 2672.381329 2694.577295 2700.330336 2704.546321 2713.722434 2713.299722 2709.607835 2694.491385 2702.320983 2713.880678 2729.457370 2760.579034 2783.198673 2807.153148 2830.325723 2851.341447 2811.291252 2831.316929 2854.220077 2877.944797 2897.194327 2915.962805 2936.554848 2955.877218 2971.186514 2988.108079
2983.641434 2959.547568 2939.593962 2915.878662 2877.948281 2837.143938 2861.254169 2835.481578 2784.768517 2748.539686 2724.257178 2720.403244 2706.254912 2684.939010 2664.358707 2642.542420 2619.377485 2599.308588 2573.950073 2578.464292 2593.084290 2609.090323 2608.669964 2608.500975 2606.568941 2596.824534 2583.313937 2569.707094 2573.431732 2590.175969 2608.021380 2617.706303 2625.431031 2633.423340 2633.578384 2625.001315 2615.779699 2621.266194 2637.019815 2655.124128 2674.386275 2696.170173 2718.520199 2740.332960 2764.122420 2787.005879 2811.524258 2837.924282 2805.003273 2823.483692 2846.695749 2868.565236 2885.434695 2894.796945 2903.791325
2883.592173 2864.022501 2841.060641 2816.523045 2833.696235 2792.943787 2752.123410 2705.397745 2670.926154 2639.405142 2629.637816 2613.188936 2598.511665 2582.818830 2562.083987 2545.263090 2529.520052 2507.815665 2495.841381 2502.299578 2515.266301 2523.694449 2529.454360 2527.044055 2524.507417 2518.486122 2504.622505 2499.305262 2509.047376 2524.313452 2538.319045 2549.748792 2556.806061 2562.355119 2559.678162 2551.057498 2547.945131 2556.534434 2572.374757 2586.183088 2601.900018 2623.257843 2645.528106 2668.286238 2692.049788 2715.264498 2741.096891 2767.555178 2793.642169 2821.809388 2845.750443 2806.992878 2813.780915 2823.276690 2824.350071
2818.112944 2804.650615 2778.057460 2748.928572 2719.699491 2685.070287 2658.750675 2625.433427 2594.816619 2565.544960 2539.544220 2525.928271 2518.610143 2505.006571 2487.409170 2475.719802 2459.793749 2448.046662 2452.589131 2453.811869 2462.138174 2460.608784 2461.307631 2458.663841 2457.906336 2455.263708 2448.278893 2459.202810 2466.002790 2479.682163 2489.914518 2499.681653 2505.713458 2509.580528 2510.711150 2506.366938 2512.090823 2518.708641 2532.855025 2544.384955 2558.523485 2578.893423 2595.923572 2615.383573 2639.327470 2663.285557 2688.339450 2715.092052 2743.949724 2769.770104 2789.073381 2796.544065 2807.500738 2811.686824 2803.738062
