tests/Borden05m/sims/sim_1/output-maps/psiliqL0025N0007.asc
ncols         160
nrows         34
xllcorner     620200.000000
yllcorner     5168000.000000
cellsize      0.500000
NODATA_value  -9999.0
[rows 0 to 24 of 34, columns 0 to 54 of 160]
-9999.0 -9999.0 -9999.0 -9999.0 -9999.0 -9999.0 -9999.0 -9999.0 -9999.0 -9999.0 -9999.0 -9999.0 -9999.0 -9999.0 -9999.0 -9999.0 -9999.0 -9999.0 -9999.0 -9999.0 -9999.0 -9999.0 -9999.0 -9999.0 -9999.0 -9999.0 -9999.0 -9999.0 -9999.0 -9999.0 -9999.0 -9999.0 -9999.0 -9999.0 -9999.0 -9999.0 -9999.0 -9999.0 -9999.0 -9999.0 -9999.0 -9999.0 -9999.0 -9999.0 -9999.0 -9999.0 -9999.0 -9999.0 -9999.0 -9999.0 -9999.0 -9999.0 -9999.0 -9999.0 -9999.0
-9999.0 -9999.0 -9999.0 -9999.0 -9999.0 -9999.0 -9999.0 -9999.0 -9999.0 -9999.0 -9999.0 -9999.0 -9999.0 -9999.0 -9999.0 -9999.0 -9999.0 -9999.0 -9999.0 -9999.0 -9999.0 -9999.0 -9999.0 -9999.0 -9999.0 -9999.0 -9999.0 -9999.0 -9999.0 -9999.0 -9999.0 -9999.0 -9999.0 -9999.0 -9999.0 -9999.0 -9999.0 -9999.0 -9999.0 -9999.0 -9999.0 -9999.0 -9999.0 -9999.0 -9999.0 -9999.0 -9999.0 -9999.0 -9999.0 -9999.0 -9999.0 -9999.0 -9999.0 -9999.0 -9999.0
-9999.0 -9999.0 -9999.0 -9999.0 -9999.0 -9999.0 -9999.0 -9999.0 -9999.0 -9999.0 -9999.0 -9999.0 -9999.0 -9999.0 -9999.0 -9999.0 -9999.0 -9999.0 -9999.0 -9999.0 -9999.0 -9999.0 -9999.0 -9999.0 -9999.0 -9999.0 -9999.0 -9999.0 -9999.0 -9999.0 -9999.0 -9999.0 -9999.0 -9999.0 -9999.0 -9999.0 -9999.0 -9999.0 -9999.0 -9999.0 -9999.0 -9999.0 -9999.0 -9999.0 -9999.0 -9999.0 -9999.0 3073.562666 3056.333598 3042.689366 3037.945811 3058.838581 3081.680527 3105.242339 3125.522205
-9999.0 -9999.0 -9999.0 -9999.0 -9999.0 -9999.0 -9999.0 -9999.0 -9999.0 -9999.0 -9999.0 -9999.0 -9999.0 -9999.0 -9999.0 -9999.0 -9999.0 -9999.0 -9999.0 -9999.0 -9999.0 -9999.0 -9999.0 -9999.0 -9999.0 -9999.0 -9999.0 -9999.0 -9999.0 -9999.0 -9999.0 -9999.0 -9999.0 -9999.0 -9999.0 -9999.0 -9999.0 -9999.0 -9999.0 -9999.0 3124.398026 3130.216954 3129.904506 3119.854488 3108.360627 3094.572239 3073.867824 3056.631628 3043.365218 3041.257147 3043.487245 3046.004496 3066.458361 3091.542709 3111.164660
-9999.0 -9999.0 -9999.0 -9999.0 -9999.0 -9999.0 -9999.0 -9999.0 -9999.0 -9999.0 -9999.0 -9999.0 -9999.0 -9999.0 -9999.0 -9999.0 -9999.0 -9999.0 -9999.0 -9999.0 -9999.0 -9999.0 -9999.0 -9999.0 -9999.0 -9999.0 -9999.0 -9999.0 -9999.0 -9999.0 -9999.0 -9999.0 -9999.0 -9999.0 3032.639795 3049.439597 3067.159138 3085.489559 3102.241194 3109.119159 3114.847044 3120.050055 3115.228506 3110.570667 3098.644288 3077.457972 3057.939330 3044.942720 3043.725496 3041.056858 3044.337744 3055.581770 3071.844559 3086.525413 3106.696911
-9999.0 -9999.0 -9999.0 -9999.0 -9999.0 -9999.0 -9999.0 -9999.0 -9999.0 -9999.0 -9999.0 -9999.0 -9999.0 -9999.0 -9999.0 -9999.0 -9999.0 -9999.0 -9999.0 -9999.0 -9999.0 -9999.0 -9999.0 -9999.0 -9999.0 -9999.0 -9999.0 -9999.0 3039.059129 3032.978571 3027.949515 3026.135098 3024.435315 3023.239200 3029.714785 3040.623342 3057.418099 3079.198829 3092.197440 3099.203570 3105.841344 3105.932673 3099.768414 3097.716158 3097.860134 3084.886326 3072.280596 3060.456047 3048.872443 3045.415681 3053.912533 3067.710001 3083.466638 3097.578584 3112.354242
-9999.0 -9999.0 -9999.0 -9999.0 -9999.0 -9999.0 -9999.0 -9999.0 -9999.0 -9999.0 -9999.0 -9999.0 -9999.0 -9999.0 -9999.0 -9999.0 -9999.0 -9999.0 -9999.0 -9999.0 -9999.0 -9999.0 -9999.0 3009.764502 3014.569631 3020.876470 3028.295722 3029.021233 3025.494967 3019.875214 3016.904725 3015.167361 3012.577729 3016.762911 3023.442331 3036.009472 3050.855580 3072.691093 3080.509773 3084.426343 3095.374907 3098.591334 3105.856216 3109.284754 3106.906633 3102.377046 3087.072443 3075.076976 3076.816182 3080.330677 3086.578114 3094.283728 3107.136252 3120.291584 3135.012723
-9999.0 -9999.0 -9999.0 -9999.0 -9999.0 -9999.0 -9999.0 -9999.0 -9999.0 -9999.0 -9999.0 -9999.0 -9999.0 -9999.0 -9999.0 -9999.0 -9999.0 -9999.0 -9999.0 2985.621063 2986.548385 2987.864174 2992.519195 2992.706384 2994.250735 3000.730439 3008.413044 3010.944855 3008.405239 3007.023373 3007.922977 3010.026900 3014.015909 3023.925424 3036.693808 3049.941327 3062.072813 3081.992978 3095.632916 3107.228380 3121.749336 3121.439803 3117.132556 3114.766933 3114.002533 3111.752045 3109.744205 3108.247814 3113.635263 3113.764523 3116.625797 3124.943451 3136.040051 3151.758647 3168.503349
-9999.0 -9999.0 -9999.0 -9999.0 -9999.0 -9999.0 -9999.0 -9999.0 -9999.0 -9999.0 -9999.0 -9999.0 -9999.0 -9999.0 -9999.0 -9999.0 2958.440881 2960.115280 2962.349978 2967.716818 2971.220094 2974.968694 2981.678612 2980.933734 2983.853863 2990.419922 2994.329101 3002.991022 3010.705369 3017.072083 3022.116346 3023.669515 3029.266811 3037.451473 3047.792475 3060.603750 3079.591388 3101.962856 3116.553952 3132.134501 3148.272448 3147.824785 3145.164148 3144.496044 3142.178390 3142.889191 3156.423977 3158.771519 3152.991592 3162.130562 3173.012897 3174.981795 3180.534587 3199.156786 3220.383603
-9999.0 -9999.0 -9999.0 -9999.0 -9999.0 -9999.0 -9999.0 -9999.0 -9999.0 -9999.0 -9999.0 -9999.0 -9999.0 2909.430823 2913.271855 2923.277882 2934.454045 2937.270293 2941.954194 2948.360205 2960.167523 2963.416619 2968.949873 2975.553067 2985.257416 2993.049104 3000.967657 3011.726825 3018.707864 3024.549403 3029.792546 3031.661886 3041.984112 3054.736594 3067.834068 3085.640759 3106.176160 3123.411210 3140.407747 3155.439805 3166.022699 3162.617745 3160.675535 3161.698987 3165.479520 3177.216496 3192.708207 3192.717649 3201.920352 3221.447126 3230.827541 3237.437191 3242.713897 3255.493585 3275.957582
-9999.0 -9999.0 -9999.0 -9999.0 -9999.0 -9999.0 -9999.0 -9999.0 -9999.0 -9999.0 2882.437749 2883.808078 2879.859213 2877.050486 2882.524640 2894.564579 2908.752616 2914.003187 2925.588289 2946.482821 2964.601518 2967.075321 2979.746313 2986.734746 2992.327188 3000.975975 3012.500104 3023.174808 3037.152481 3047.297490 3054.715902 3069.670303 3083.803020 3098.265380 3113.810414 3132.509769 3147.351504 3169.910329 3193.113035 3200.734398 3216.792055 3219.180921 3214.071045 3211.297397 3219.321340 3229.667160 3243.780955 3258.917394 3276.451952 3297.481532 3307.379063 3319.370493 3327.605915 3337.211777 3351.657604
-9999.0 -9999.0 -9999.0 -9999.0 -9999.0 -9999.0 -9999.0 -9999.0 2858.059366 2865.918483 2871.057984 2867.450130 2862.559002 2856.407005 2870.557606 2885.512785 2900.806827 2918.495659 2933.425177 2950.940769 2964.042263 2977.906345 2994.243794 3003.657493 3012.897832 3026.399421 3037.866395 3051.239965 3070.057140 3076.717701 3086.677693 3104.528931 3118.754131 3133.970181 3150.429234 3165.353850 3184.241693 3213.105975 3240.732923 3256.175687 3280.943848 3297.446530 3291.292143 3289.031979 3289.662298 3311.762448 3337.036612 3364.990431 3383.408188 3406.144231 3433.456292 3451.460218 3460.237681 3470.888526 3484.259224
-9999.0 -9999.0 -9999.0 -9999.0 -9999.0 -9999.0 2829.984618 2854.116444 2868.949149 2859.988214 2845.729452 2840.192909 2833.657571 2863.268018 2884.983597 2901.617588 2917.557531 2934.241372 2949.536629 2957.259187 2983.309397 3001.138351 3011.750724 3024.020372 3036.935895 3049.791838 3064.517366 3084.385939 3100.714855 3121.822169 3137.362007 3152.993377 3174.862108 3190.806755 3206.340663 3218.972848 3245.409024 3278.852350 3312.205161 3335.842389 3359.408580 3389.597773 3389.405949 3390.943127 3392.523397 3415.011151 3447.563007 3476.476425 3507.650052 3537.579778 3564.942802 3575.069283 3583.715966 3593.300422 3605.446274
-9999.0 -9999.0 -9999.0 -9999.0 2798.022997 2818.593505 2836.968782 2866.626914 2888.137832 2882.606848 2886.592733 2884.148693 2879.273460 2883.436578 2890.679342 2907.096800 2925.198129 2943.600374 2957.011558 2980.600763 3025.508885 3035.546870 3051.918366 3080.026672 3089.764243 3102.322383 3116.374454 3135.565225 3153.476130 3179.455279 3213.200169 3241.713810 3262.100805 3280.347851 3298.296015 3314.514053 3348.000613 3383.639402 3418.159595 3448.874047 3475.159914 3500.197826 3506.941161 3511.626142 3521.244499 3537.540394 3559.348765 3586.183427 3618.766943 3650.228937 3673.220862 3682.501432 3687.708658 3697.002020 3704.583873
-9999.0 -9999.0 -9999.0 2753.070709 2783.558090 2822.451364 2847.723579 2877.423911 2909.082470 2908.793640 2916.744784 2916.347097 2915.060136 2919.906612 2922.755692 2938.239617 2954.998156 2973.114631 2989.796653 3022.069358 3050.372970 3068.046617 3094.703533 3110.557049 3123.008754 3134.746089 3151.733963 3170.777506 3205.515901 3234.760489 3279.725217 3329.109312 3360.534871 3379.440902 3400.660128 3426.993955 3451.062549 3488.358286 3521.531666 3552.875536 3582.507146 3604.329380 3618.639707 3623.208184 3632.306443 3638.061695 3650.728545 3671.273133 3693.028745 3722.905623 3751.534534 3779.301375 3794.007170 3804.600869 3821.223005
-9999.0 -9999.0 2704.553664 2744.103802 2775.955899 2813.597852 2865.957167 2900.333652 2939.133238 2957.739014 2960.475264 2970.833072 2978.775515 2979.197604 2987.446999 2999.277419 3019.391380 3026.698624 3045.129778 3061.220083 3098.407636 3132.187878 3129.956691 3167.936763 3196.946840 3227.453802 3246.961076 3272.304711 3308.389202 3342.040843 3385.631183 3434.216626 3467.996780 3495.357655 3510.465100 3529.701538 3549.544580 3574.680624 3610.130031 3635.609328 3668.175452 3693.084742 3712.478032 3713.785954 3716.487282 3732.160929 3759.409035 3789.027068 3816.839143 3844.612120 3831.888250 3853.295237 3862.851341 3868.182925 3876.566066
-9999.0 -9999.0 2674.600251 2721.232791 2756.628643 2805.792714 2890.856771 2924.679600 2964.093167 3007.092609 3020.149863 3040.559099 3035.188238 3025.249882 3042.218424 3056.119589 3074.272085 3080.474308 3074.072475 3125.120696 3176.409661 3202.651626 3212.931023 3286.771347 3336.737228 3358.876649 3374.002916 3393.356242 3412.838029 3450.788813 3490.050217 3543.079964 3583.687505 3612.827581 3626.878450 3645.910884 3664.843057 3679.684538 3698.560355 3743.531254 3777.263257 3806.817174 3837.509054 3858.321062 3866.240502 3870.833443 3847.352047 3865.226179 3877.347668 3882.575590 3884.628554 3880.884567 3880.293534 3881.090014 3882.017626
-9999.0 2581.324020 2633.995263 2685.082264 2750.259561 2802.225344 2876.966487 2951.534409 3014.312422 3064.541263 3088.900742 3082.916864 3085.793432 3111.530799 3130.250080 3146.597338 3150.585141 3158.984704 3140.156830 3190.983086 3227.892686 3278.804631 3377.691758 3434.404670 3493.919664 3490.053902 3478.744931 3484.056469 3500.348661 3545.418758 3621.611165 3675.616635 3738.673197 3785.584177 3801.830415 3808.759415 3826.814761 3847.001614 3800.479265 3840.475111 3858.836873 3874.158327 3882.433280 3884.545062 3885.724504 3885.504874 3881.858979 3874.912058 3866.787107 3860.980440 3856.773786 3852.271030 3854.704554 3858.026056 3858.289391
-9999.0 2543.205417 2600.971463 2670.064129 2738.443928 2788.238975 2860.582138 3021.880910 3082.058928 3118.524235 3124.571701 3104.164224 3162.580693 3221.233009 3245.353152 3289.046076 3273.747713 3258.338076 3223.265625 3248.208724 3286.869277 3356.618268 3522.172336 3608.950061 3657.032939 3664.908421 3666.089679 3693.591736 3736.135568 3781.427273 3824.933079 3797.286127 3843.296542 3865.889674 3870.610903 3871.271773 3876.341016 3874.978816 3873.403178 3869.013921 3863.896076 3864.052256 3868.582170 3868.416953 3865.478655 3862.138550 3856.463329 3849.039732 3843.814299 3839.189855 3836.525173 3833.673976 3831.758486 3831.112895 3826.341117
-9999.0 2503.727060 2578.436913 2637.584878 2685.933216 2779.755212 2896.719250 3037.346981 3131.889264 3164.826295 3145.746228 3182.743098 3283.535299 3386.888976 3437.742894 3458.214899 3440.514265 3394.588695 3376.416394 3419.001386 3487.606603 3602.717832 3734.747870 3830.444694 3845.053056 3848.201681 3803.551243 3827.576152 3849.844195 3852.486677 3853.532263 3860.862807 3865.891221 3868.780746 3867.228583 3864.339608 3859.541128 3851.381368 3846.566648 3842.918792 3839.170668 3838.063756 3840.103851 3841.858741 3839.065810 3835.181778 3830.708869 3825.129142 3818.845940 3812.109117 3807.837526 3803.620131 3801.503021 3796.056959 3792.499489
-9999.0 2382.047583 2478.099285 2520.094392 2597.923233 2786.180500 2902.043364 3040.477678 3202.023452 3222.855442 3269.640352 3405.164350 3521.288071 3599.555921 3628.575011 3661.871880 3686.058821 3702.093183 3737.836503 3626.618882 3703.492912 3795.656973 3837.548772 3855.714574 3864.490255 3864.837559 3855.114483 3834.456251 3823.747814 3816.994661 3818.602091 3825.862297 3830.590621 3835.419770 3833.129626 3834.132287 3835.119017 3831.868171 3827.875429 3819.208046 3811.384923 3804.773685 3801.641403 3806.378571 3801.713225 3799.290066 3793.137807 3784.764596 3775.875869 3768.510819 3760.607480 3754.068189 3751.824960 3746.812592 3745.637289
-9999.0 2301.211976 2374.214548 2436.185797 2549.141099 2713.747849 2798.325129 2955.353701 3190.029509 3322.719876 3480.975346 3568.651887 3638.124027 3681.048279 3731.627877 3782.064382 3808.030382 3818.994275 3789.942363 3810.437360 3768.471998 3757.549386 3774.738276 3803.312569 3819.868316 3823.839598 3815.894360 3806.579476 3799.324980 3798.200829 3796.099716 3792.251252 3788.329888 3784.856878 3781.716235 3784.582784 3789.813082 3782.793184 3772.691248 3763.368730 3754.961263 3745.832333 3739.931485 3735.399704 3735.653325 3735.897390 3728.315969 3717.880487 3707.100149 3698.870846 3691.685641 3687.142375 3684.534472 3679.628775 3670.218155
-9999.0 2182.456497 2314.724261 2392.366207 2488.782219 2618.980723 2725.518342 2861.300206 2989.102677 3229.559956 3370.792291 3553.489143 3601.441218 3669.180156 3716.954432 3788.648545 3784.464038 3752.961733 3710.580856 3694.257562 3704.494079 3713.229225 3721.671113 3736.397530 3753.833886 3763.773025 3768.411908 3762.202446 3748.035534 3735.855713 3725.149167 3711.831671 3702.646287 3700.275769 3703.994669 3713.713701 3714.386982 3705.115006 3691.130570 3673.134359 3657.704852 3646.038987 3643.970857 3646.630654 3647.653328 3643.673254 3637.829963 3627.162280 3614.651318 3602.379547 3596.617976 3592.263508 3584.990697 3573.989307 3562.315546
-9999.0 -9999.0 2229.644650 2338.307344 2432.723031 2544.692888 2636.450680 2757.042685 2877.952250 3046.021491 3160.959109 3335.027220 3426.942505 3470.363283 3505.130147 3560.074101 3584.191469 3613.825112 3606.758386 3617.422852 3626.626066 3631.679463 3637.071281 3643.119129 3653.671206 3663.350274 3673.232972 3670.443233 3661.574788 3641.387418 3616.234849 3596.695927 3586.371336 3577.349960 3589.180145 3601.595715 3596.338345 3589.475299 3576.939487 3560.828521 3548.268117 3534.125602 3530.678758 3530.669828 3531.263740 3528.963221 3526.341347 3513.978467 3501.773066 3491.820882 3487.777619 3482.236000 3478.619200 3468.877188 3458.371957
-9999.0 -9999.0 2141.466322 2245.824315 2348.723042 2466.633047 2552.159991 2571.140461 2709.889460 2791.295336 2897.259352 3003.448879 3097.340216 3164.222418 3197.229844 3258.476170 3312.528654 3330.160843 3367.899206 3419.016195 3452.003583 3489.823272 3512.014055 3521.486270 3533.893943 3548.048751 3555.506110 3540.577231 3529.333600 3512.334725 3489.190582 3462.935228 3449.617276 3448.886201 3448.250647 3450.140599 3442.746775 3433.804280 3419.440848 3405.440651 3393.253258 3384.190450 3380.621105 3375.315248 3373.173567 3370.512963 3368.777686 3363.399654 3355.020645 3350.310117 3342.273872 3338.508651 3337.674580 3334.484140 3328.674447
