tests/Borden05m/sims/sim_1/output-maps/psiliqL0026N0002.asc
ncols         160
nrows         34
xllcorner     620200.000000
yllcorner     5168000.000000
cellsize      0.500000
NODATA_value  -9999.0
[rows 0 to 24 of 34, columns 0 to 54 of 160]
-9999.0 -9999.0 -9999.0 -9999.0 -9999.0 -9999.0 -9999.0 -9999.0 -9999.0 -9999.0 -9999.0 -9999.0 -9999.0 -9999.0 -9999.0 -9999.0 -9999.0 -9999.0 -9999.0 -9999.0 -9999.0 -9999.0 -9999.0 -9999.0 -9999.0 -9999.0 -9999.0 -9999.0 -9999.0 -9999.0 -9999.0 -9999.0 -9999.0 -9999.0 -9999.0 -9999.0 -9999.0 -9999.0 -9999.0 -9999.0 -9999.0 -9999.0 -9999.0 -9999.0 -9999.0 -9999.0 -9999.0 -9999.0 -9999.0 -9999.0 -9999.0 -9999.0 -9999.0 -9999.0 -9999.0
-9999.0 -9999.0 -9999.0 -9999.0 -9999.0 -9999.0 -9999.0 -9999.0 -9999.0 -9999.0 -9999.0 -9999.0 -9999.0 -9999.0 -9999.0 -9999.0 -9999.0 -9999.0 -9999.0 -9999.0 -9999.0 -9999.0 -9999.0 -9999.0 -9999.0 -9999.0 -9999.0 -9999.0 -9999.0 -9999.0 -9999.0 -9999.0 -9999.0 -9999.0 -9999.0 -9999.0 -9999.0 -9999.0 -9999.0 -9999.0 -9999.0 -9999.0 -9999.0 -9999.0 -9999.0 -9999.0 -9999.0 -9999.0 -9999.0 -9999.0 -9999.0 -9999.0 -9999.0 -9999.0 -9999.0
-9999.0 -9999.0 -9999.0 -9999.0 -9999.0 -9999.0 -9999.0 -9999.0 -9999.0 -9999.0 -9999.0 -9999.0 -9999.0 -9999.0 -9999.0 -9999.0 -9999.0 -9999.0 -9999.0 -9999.0 -9999.0 -9999.0 -9999.0 -9999.0 -9999.0 -9999.0 -9999.0 -9999.0 -9999.0 -9999.0 -9999.0 -9999.0 -9999.0 -9999.0 -9999.0 -9999.0 -9999.0 -9999.0 -9999.0 -9999.0 -9999.0 -9999.0 -9999.0 -9999.0 -9999.0 -9999.0 -9999.0 3273.137839 3255.924278 3242.469115 3237.549090 3258.342491 3281.179711 3304.765455 3325.063498
-9999.0 -9999.0 -9999.0 -9999.0 -9999.0 -9999.0 -9999.0 -9999.0 -9999.0 -9999.0 -9999.0 -9999.0 -9999.0 -9999.0 -9999.0 -9999.0 -9999.0 -9999.0 -9999.0 -9999.0 -9999.0 -9999.0 -9999.0 -9999.0 -9999.0 -9999.0 -9999.0 -9999.0 -9999.0 -9999.0 -9999.0 -9999.0 -9999.0 -9999.0 -9999.0 -9999.0 -9999.0 -9999.0 -9999.0 -9999.0 3324.187974 3330.011478 3329.589798 3319.594777 3308.095031 3294.189224 3273.433693 3256.233552 3243.110118 3241.056943 3243.279321 3245.619256 3265.939649 3291.106036 3310.770596
-9999.0 -9999.0 -9999.0 -9999.0 -9999.0 -9999.0 -9999.0 -9999.0 -9999.0 -9999.0 -9999.0 -9999.0 -9999.0 -9999.0 -9999.0 -9999.0 -9999.0 -9999.0 -9999.0 -9999.0 -9999.0 -9999.0 -9999.0 -9999.0 -9999.0 -9999.0 -9999.0 -9999.0 -9999.0 -9999.0 -9999.0 -9999.0 -9999.0 -9999.0 3232.364834 3249.129796 3266.846489 3285.202646 3301.987427 3308.899809 3314.629070 3319.805768 3314.945756 3310.308968 3298.354707 3277.014330 3257.511750 3244.598691 3243.479161 3240.821800 3244.053647 3255.206340 3271.475544 3286.083628 3306.247049
-9999.0 -9999.0 -9999.0 -9999.0 -9999.0 -9999.0 -9999.0 -9999.0 -9999.0 -9999.0 -9999.0 -9999.0 -9999.0 -9999.0 -9999.0 -9999.0 -9999.0 -9999.0 -9999.0 -9999.0 -9999.0 -9999.0 -9999.0 -9999.0 -9999.0 -9999.0 -9999.0 -9999.0 3238.849428 3232.767180 3227.759700 3225.942347 3224.235301 3223.057150 3229.518758 3240.357128 3257.081350 3278.907805 3291.946061 3298.967156 3305.632714 3305.698208 3299.467659 3297.441463 3297.600872 3284.561132 3271.907890 3260.039684 3248.404625 3244.830250 3253.288677 3267.117793 3282.900237 3297.017642 3311.810742
-9999.0 -9999.0 -9999.0 -9999.0 -9999.0 -9999.0 -9999.0 -9999.0 -9999.0 -9999.0 -9999.0 -9999.0 -9999.0 -9999.0 -9999.0 -9999.0 -9999.0 -9999.0 -9999.0 -9999.0 -9999.0 -9999.0 -9999.0 3209.508376 3214.244435 3220.554395 3227.994808 3228.726944 3225.261987 3219.661386 3216.722027 3214.994246 3212.362562 3216.557731 3223.153541 3235.675864 3250.484737 3272.366914 3280.168773 3283.947350 3294.832571 3298.135930 3305.580436 3309.001176 3306.615372 3301.995640 3286.506575 3274.338826 3275.860552 3279.244699 3285.522216 3293.287460 3306.184232 3319.245679 3333.845706
-9999.0 -9999.0 -9999.0 -9999.0 -9999.0 -9999.0 -9999.0 -9999.0 -9999.0 -9999.0 -9999.0 -9999.0 -9999.0 -9999.0 -9999.0 -9999.0 -9999.0 -9999.0 -9999.0 3185.337424 3186.279246 3187.626691 3192.301402 3192.491606 3194.008944 3200.473168 3208.146646 3210.725732 3208.146141 3206.802545 3207.685590 3209.779360 3213.782906 3223.622319 3236.354010 3249.579045 3261.622496 3281.525938 3295.137740 3306.628732 3321.089490 3320.880367 3316.616251 3314.274195 3313.474265 3311.088617 3308.629408 3306.855421 3312.266877 3312.096421 3314.758549 3323.101991 3334.301256 3349.930564 3366.551892
-9999.0 -9999.0 -9999.0 -9999.0 -9999.0 -9999.0 -9999.0 -9999.0 -9999.0 -9999.0 -9999.0 -9999.0 -9999.0 -9999.0 -9999.0 -9999.0 3156.506459 3158.131852 3160.324833 3165.663379 3169.171851 3172.846177 3179.516266 3180.689626 3183.654476 3190.211411 3194.077122 3202.773403 3210.507319 3216.841966 3221.860720 3223.374578 3228.873213 3237.001004 3247.283086 3259.961038 3278.817556 3301.223353 3315.766975 3331.337379 3347.490578 3347.044777 3344.339638 3343.610545 3341.151583 3341.490981 3354.804455 3356.979105 3350.709769 3359.338097 3370.088872 3371.932155 3377.907882 3396.687741 3417.899288
-9999.0 -9999.0 -9999.0 -9999.0 -9999.0 -9999.0 -9999.0 -9999.0 -9999.0 -9999.0 -9999.0 -9999.0 -9999.0 3107.347259 3111.117409 3121.108078 3132.410816 3135.197912 3139.858569 3146.237334 3157.947199 3161.099356 3166.518156 3173.057510 3185.014360 3192.834726 3200.702737 3211.431058 3218.353662 3224.146035 3229.310204 3230.927628 3241.081980 3253.715024 3266.685383 3284.396712 3304.934064 3322.010037 3338.848363 3353.955178 3364.393514 3360.634392 3358.741499 3359.783553 3363.367233 3375.202783 3390.589458 3389.965971 3398.547634 3417.957289 3427.164112 3433.511533 3438.694283 3451.638844 3472.279118
-9999.0 -9999.0 -9999.0 -9999.0 -9999.0 -9999.0 -9999.0 -9999.0 -9999.0 -9999.0 3081.069047 3082.301712 3078.233406 3075.115099 3080.552287 3092.510082 3106.667062 3111.718196 3123.229309 3144.052612 3162.140990 3164.456350 3177.004080 3186.314825 3191.970595 3200.528932 3211.990008 3222.559921 3236.375118 3246.410321 3253.557312 3268.214834 3282.265750 3296.676869 3312.166906 3330.887799 3345.464134 3367.677423 3391.108685 3398.464455 3414.158265 3415.953122 3410.823261 3407.975210 3416.117889 3426.160699 3439.837004 3454.435602 3471.811004 3492.668278 3502.089861 3514.077280 3522.299619 3531.879127 3546.445646
-9999.0 -9999.0 -9999.0 -9999.0 -9999.0 -9999.0 -9999.0 -9999.0 3056.820366 3064.678275 3069.652615 3065.907411 3060.889926 3054.434045 3068.528406 3083.301469 3098.424789 3116.025926 3130.769737 3148.160347 3161.068528 3174.686059 3193.606461 3203.010915 3212.133256 3225.575760 3236.952431 3250.098899 3268.821672 3275.059838 3284.543244 3302.236935 3316.248234 3331.392426 3347.837435 3362.678255 3381.521003 3410.231436 3437.742886 3452.782153 3477.528075 3493.682044 3487.252113 3484.776446 3485.285852 3507.303680 3532.456168 3560.424170 3578.490127 3601.048076 3628.404565 3646.638918 3655.463988 3666.163083 3679.599102
-9999.0 -9999.0 -9999.0 -9999.0 -9999.0 -9999.0 3028.774294 3052.846352 3067.586917 3058.444996 3043.682053 3037.866492 3030.986926 3061.070697 3082.642293 3099.091929 3114.814456 3131.294405 3146.391616 3153.679041 3182.065892 3200.086552 3210.537634 3222.406196 3235.310598 3248.152089 3262.779079 3282.491272 3298.494591 3319.019589 3333.813185 3348.902716 3371.030128 3386.902514 3402.409988 3414.809808 3441.124214 3474.547583 3507.934802 3531.411875 3554.950265 3585.427735 3584.822249 3586.227983 3587.546224 3610.440588 3643.353424 3672.402125 3703.600485 3733.582344 3761.243048 3771.424704 3780.120536 3789.754470 3801.992318
-9999.0 -9999.0 -9999.0 -9999.0 2997.057285 3017.557270 3035.709424 3065.197183 3086.519795 3080.835637 3084.452076 3081.640224 3076.347807 3080.402093 3087.517458 3103.623407 3121.530126 3139.769194 3152.822158 3178.770031 3224.055271 3233.761601 3249.577990 3277.524903 3287.085252 3299.584976 3313.638483 3332.696868 3350.058108 3376.061168 3409.219978 3437.269255 3457.507035 3475.666392 3493.659282 3509.697031 3543.515664 3579.384023 3614.058944 3644.800836 3671.082096 3696.362933 3702.840516 3707.489565 3717.154109 3733.692182 3755.791170 3782.837098 3815.798876 3847.448283 3870.469570 3879.545815 3884.690467 3894.044479 3901.542519
-9999.0 -9999.0 -9999.0 2943.237423 2982.006805 3021.182195 3046.218102 3075.715298 3107.226701 3106.346809 3114.069786 3113.031139 3111.068965 3115.415184 3117.560600 3132.729985 3149.393150 3167.653898 3187.641518 3219.847753 3247.769531 3264.561389 3290.993088 3306.106966 3318.048874 3329.658199 3346.774941 3365.655550 3400.762132 3429.645016 3474.547812 3524.021735 3555.374462 3574.208545 3595.735604 3622.381699 3646.756959 3684.547771 3717.929058 3749.453573 3779.221988 3801.074612 3815.245927 3819.772379 3829.057864 3834.757264 3847.298597 3867.966868 3889.919338 3920.100449 3948.952228 3977.195098 3992.127513 4002.921395 4019.745588
-9999.0 -9999.0 2894.966215 2934.281477 2965.308891 3011.498580 3063.843528 3098.126010 3136.623216 3154.632113 3156.854046 3166.496312 3176.013760 3176.022902 3183.785202 3195.322173 3215.896451 3223.492785 3242.414279 3257.441536 3293.803275 3326.853415 3322.779572 3360.370344 3389.382656 3420.545830 3440.591765 3466.192518 3502.769197 3536.126866 3579.771407 3628.721120 3662.516855 3689.946639 3705.310476 3724.912020 3744.871755 3770.483438 3806.426516 3831.903327 3864.875644 3889.949781 3909.369561 3910.367144 3913.041696 3928.894553 3956.604998 3986.764967 4015.066901 4043.391243 4029.232064 4051.667684 4061.689943 4067.281603 4076.073679
-9999.0 -9999.0 2864.660527 2910.978031 2945.187570 3002.659089 3088.282812 3121.697905 3160.743227 3205.135087 3217.897083 3238.169286 3231.441237 3219.906374 3236.555112 3249.938074 3268.955519 3275.412552 3268.761338 3319.817323 3371.342748 3395.791216 3403.077805 3478.123803 3529.003680 3552.073466 3567.865181 3587.493837 3606.905944 3644.831772 3683.808548 3737.365561 3778.152608 3807.533217 3821.747540 3841.203502 3860.356755 3875.251023 3894.403706 3940.202459 3974.788284 4004.924833 4036.186568 4057.232809 4065.260035 4070.077019 4045.450192 4064.196232 4076.909015 4082.391958 4084.563600 4080.792593 4080.216628 4081.030018 4081.956045
-9999.0 2773.262302 2823.672096 2873.881128 2937.809820 2998.484171 3072.620090 3146.656660 3211.550390 3262.379016 3286.585101 3279.182875 3279.194498 3303.739931 3322.162278 3337.899099 3342.332859 3351.410242 3332.104904 3384.134389 3420.401732 3469.699319 3568.296182 3625.599573 3687.028336 3682.964118 3671.373300 3676.354592 3692.322415 3737.982262 3815.535467 3870.626117 3935.064505 3983.006812 3999.669941 4006.877431 4025.249621 4045.726079 3996.159712 4038.011938 4057.269401 4073.338243 4082.242704 4084.457504 4085.694475 4085.464131 4081.787704 4074.788256 4066.625007 4060.789237 4056.562750 4052.059854 4054.495997 4057.822442 4058.030336
-9999.0 2734.780713 2790.017496 2858.051671 2924.955085 2971.463590 3053.281216 3217.911712 3279.045540 3315.768490 3320.584242 3296.485641 3353.579837 3412.352583 3436.048617 3480.201199 3464.381962 3448.912348 3412.187445 3436.923908 3475.153242 3545.203401 3713.771006 3801.413367 3851.846157 3859.732151 3860.631518 3888.540017 3931.988908 3978.503193 4023.359569 3993.351791 4041.507099 4065.202339 4070.153873 4070.846981 4076.163501 4074.734849 4073.248697 4068.817523 4063.668558 4063.831387 4068.422760 4068.264604 4065.306391 4061.931650 4056.234216 4048.811912 4043.607189 4038.978623 4036.319569 4033.479041 4031.526701 4030.806205 4025.966535
-9999.0 2694.162952 2768.923921 2824.614775 2870.028796 2960.293849 3089.312611 3232.144623 3327.244596 3360.142601 3337.449840 3372.142029 3473.670578 3578.490550 3629.912632 3650.459667 3631.375892 3583.460127 3563.680724 3606.636120 3676.233190 3794.290280 3930.851586 4028.936143 4043.985888 4047.288103 4000.459595 4025.656449 4049.010740 4051.782124 4052.878712 4060.656603 4065.720058 4068.654928 4067.088022 4064.195193 4059.380208 4051.189238 4046.383551 4042.702631 4038.931186 4037.771745 4039.770863 4041.588924 4038.769994 4034.873565 4030.396130 4024.817879 4018.510613 4011.749069 4007.434468 4003.181109 4001.047063 3995.514856 3991.991168
-9999.0 2570.095575 2666.592864 2706.698405 2780.048400 2965.095269 3093.285460 3232.374213 3396.054511 3415.657289 3460.351028 3598.184603 3716.167133 3795.632255 3824.210330 3857.320699 3881.597241 3897.419124 3933.764544 3816.289965 3895.691016 3991.769505 4035.704809 4054.756749 4064.371245 4064.735488 4054.886900 4034.103384 4023.367707 4016.611475 4018.220730 4025.498508 4030.177479 4034.966584 4032.663266 4033.716302 4034.799448 4031.571986 4027.552274 4018.831356 4010.979797 4004.285075 4001.030253 4005.726788 4001.070937 3998.700310 3992.506965 3984.068717 3975.121432 3967.744915 3959.781901 3953.217275 3950.982676 3945.971651 3944.779995
-9999.0 2489.052892 2561.330954 2620.011646 2729.590003 2889.418883 2983.204632 3139.701190 3379.230218 3514.185654 3676.503686 3766.440306 3836.334430 3878.274999 3928.443845 3979.925083 4006.550886 4018.049600 3987.580524 4009.395768 3966.757407 3955.722470 3973.165510 4002.185374 4019.205307 4023.257140 4015.381885 4006.189207 3998.924732 3997.800865 3995.632870 3991.579114 3987.465976 3983.880140 3980.739951 3983.698524 3989.002010 3981.889918 3971.628298 3962.181759 3953.666607 3944.446509 3938.495380 3933.846921 3934.210478 3934.475716 3926.844957 3916.353602 3905.500561 3897.214703 3890.019003 3885.516555 3882.848757 3877.885221 3868.263317
-9999.0 2368.158106 2501.028967 2576.429277 2669.389479 2793.678851 2895.737492 3045.593773 3173.891289 3417.216904 3557.628327 3748.391813 3797.657765 3866.971338 3914.311669 3987.129443 3982.590078 3951.174943 3908.126217 3891.930075 3902.914222 3911.855964 3920.134519 3934.657355 3952.272546 3962.357991 3967.297297 3961.234692 3947.026952 3934.602751 3923.547105 3909.914608 3900.539207 3898.064269 3902.056775 3912.020146 3912.556036 3903.250782 3889.142233 3870.932500 3855.341556 3843.549068 3841.535661 3844.296915 3845.386055 3841.330373 3835.521555 3824.772514 3812.187362 3799.789166 3794.101171 3789.768936 3782.378904 3771.187177 3759.348111
-9999.0 -9999.0 2414.545305 2522.421581 2614.515754 2723.992193 2806.796935 2922.249291 3060.410399 3230.269385 3345.771361 3524.790728 3619.252169 3663.076867 3697.040037 3752.600096 3777.681223 3808.698405 3802.816191 3814.381458 3824.139940 3829.403255 3834.677595 3840.455586 3850.948250 3860.733119 3870.906196 3868.100853 3859.269559 3838.798902 3813.184732 3793.261479 3782.787879 3773.564974 3785.636631 3798.161253 3792.682547 3785.777403 3773.149071 3756.949508 3744.384189 3730.157665 3726.709522 3726.646025 3727.255758 3724.965471 3722.453762 3710.049043 3697.817555 3687.947254 3683.952176 3678.375397 3674.826625 3665.068944 3654.530765
-9999.0 -9999.0 2325.722221 2429.016218 2529.821377 2645.790159 2728.171405 2739.762936 2867.891733 2969.351391 3075.756328 3186.063042 3282.080803 3350.153543 3382.699193 3444.596112 3500.360900 3518.557192 3558.362392 3611.852235 3645.866373 3684.961538 3707.804953 3717.221751 3729.680494 3744.059385 3751.500971 3736.305781 3725.033660 3707.965068 3684.590294 3657.986382 3644.506589 3644.013514 3643.104527 3644.692049 3637.114143 3628.181291 3613.754283 3599.837802 3587.665667 3578.756892 3575.195406 3569.677583 3567.425112 3564.736695 3563.067747 3557.853176 3549.634693 3545.093547 3536.980136 3533.312505 3532.573675 3529.575292 3523.920622
