tests/Borden05m/sims/sim_1/output-maps/psiliqL0029N0011.asc
ncols         160
nrows         34
xllcorner     620200.000000
yllcorner     5168000.000000
cellsize      0.500000
NODATA_value  -9999.0
[rows 0 to 24 of 34, columns 55 to 109 of 160]
-9999.0 -9999.0 -9999.0 -9999.0 -9999.0 -9999.0 -9999.0 -9999.0 -9999.0 -9999.0 -9999.0 -9999.0 -9999.0 -9999.0 -9999.0 -9999.0 -9999.0 -9999.0 -9999.0 -9999.0 -9999.0 -9999.0 -9999.0 -9999.0 -9999.0 -9999.0 -9999.0 -9999.0 -9999.0 -9999.0 -9999.0 -9999.0 -9999.0 -9999.0 -9999.0 -9999.0 -9999.0 -9999.0 -9999.0 -9999.0 -9999.0 -9999.0 -9999.0 -9999.0 -9999.0 -9999.0 -9999.0 -9999.0 -9999.0 -9999.0 -9999.0 -9999.0 -9999.0 -9999.0 -9999.0
-9999.0 -9999.0 -9999.0 -9999.0 3997.335398 3992.078593 3987.420430 3983.001884 3974.584237 3965.260248 3957.533629 3953.307868 3952.088352 3951.233478 3950.534314 3955.284760 3963.317628 3970.884292 3977.652542 3980.025897 3982.309991 3984.034378 3984.168365 3983.010792 3979.730583 3976.329447 3972.903888 3971.127430 3963.919983 3952.836508 3944.631701 3941.948752 3946.057104 3950.356942 3952.797027 3957.801413 3968.082201 3978.611289 3987.180727 3999.880063 4007.150312 4012.522025 4014.992273 4011.000615 4007.766004 4003.729836 3997.325877 3986.201915 -9999.0 -9999.0 -9999.0 -9999.0 -9999.0 -9999.0 -9999.0
3942.311092 3960.630765 3981.825658 3984.893322 3973.035731 3967.900979 3964.783469 3963.196862 3959.089976 3950.631436 3945.538654 3940.023698 3937.169990 3937.129533 3936.924410 3940.430836 3951.273859 3958.965456 3963.416232 3966.023166 3968.867975 3966.940610 3966.045453 3965.785744 3962.826980 3959.274702 3955.844345 3953.933930 3955.600940 3947.983732 3941.850006 3937.824997 3934.552693 3937.332661 3940.082097 3944.930121 3953.999342 3961.820441 3969.727786 3985.088177 3998.430757 4004.213711 4001.643761 3997.133271 3993.295456 3985.695942 3974.760322 3964.843865 3957.144990 3951.264285 3945.949752 3939.367027 3945.894122 3954.077268 3963.281893
3925.494507 3944.664080 3965.169559 3967.644570 3957.461729 3949.840325 3942.551012 3943.119471 3946.813262 3943.626816 3938.739923 3930.262773 3940.601818 3941.483857 3942.016662 3945.103962 3946.618173 3952.129054 3954.391446 3959.643667 3968.541173 3971.301264 3971.642809 3971.594477 3969.504162 3966.147213 3964.078498 3961.207252 3955.855350 3953.852496 3953.320459 3951.769050 3955.631980 3957.147177 3960.323267 3955.099349 3959.713888 3965.966137 3972.952470 3978.221496 3984.226766 3986.402009 3983.093225 3984.018443 3975.686344 3962.081161 3952.537720 3945.341797 3946.113464 3943.256927 3935.351075 3921.429289 3930.061910 3946.355067 3951.229875
3930.068685 3938.913589 3949.167313 3951.525269 3946.453175 3948.838477 3950.628978 3951.723621 3949.756822 3946.049742 3941.068430 3950.953858 3958.943603 3960.170874 3962.412036 3966.352424 3967.464036 3956.768643 3954.749970 3961.704599 3971.122199 3976.047559 3976.143678 3975.632541 3971.493287 3970.223693 3969.987892 3968.219728 3967.350030 3968.655225 3965.621638 3968.143594 3973.553131 3976.952956 3972.328417 3964.075532 3966.643706 3975.254486 3984.598816 3992.236858 4002.273074 4012.900754 4013.471431 4009.199215 4000.796066 3988.598456 3966.370453 3949.338171 3938.364140 3930.192816 3922.941025 3926.663166 3921.617218 3936.090412 3937.968095
3913.495831 3935.063819 3954.831841 3960.192465 3954.148215 3950.700174 3949.787658 3950.354541 3949.079766 3948.902315 3956.709837 3968.008811 3978.420307 3980.195549 3981.786364 3980.244502 3973.031316 3962.645962 3960.177896 3973.019053 3989.815472 3997.524302 3996.711435 3991.475592 3993.639325 3994.089772 3995.102818 3992.092381 3992.481456 3989.131777 3993.482310 4001.176828 4009.351959 4008.092017 3995.595486 3983.027251 3983.293810 3989.381455 3997.189039 4005.073872 4015.178897 4024.121799 4019.348688 4014.627380 4007.836194 3982.875439 3961.251371 3947.524722 3947.880161 3948.788229 3944.483627 3942.758730 3942.451754 3939.078590 3939.513461
3948.396076 3967.177959 3987.486932 3999.793152 3993.541861 3986.227870 3978.209247 3978.310769 3978.085456 3983.393030 3993.149826 4004.795660 4025.987599 4024.669712 4024.471218 4022.182948 4008.851202 3995.397687 3985.695839 4008.778072 4020.012132 4026.807978 4023.196758 4027.176954 4035.523786 4032.184861 4026.303271 4013.812876 4019.260286 4024.490718 4039.681639 4047.919394 4053.557247 4048.184087 4033.606727 4026.579169 4028.806327 4036.277191 4038.304593 4047.917308 4056.295058 4071.142824 4069.555289 4067.501977 4048.119609 4010.949741 3982.690856 3971.813252 3984.482362 3979.030620 3972.649206 3973.345626 3962.938843 3956.596662 3959.743380
3977.780562 3990.324175 4006.204506 4022.449943 4012.696420 4002.720810 3985.525950 3981.836540 3985.289676 3995.563128 4012.830686 4029.780624 4048.916055 4045.468182 4036.708524 4046.441463 4039.363940 4028.183926 4020.853964 4044.743066 4054.426817 4064.354268 4069.187903 4081.875989 4092.103541 4073.975017 4055.723641 4044.095543 4051.585106 4078.637540 4102.337492 4107.117684 4105.688586 4104.331447 4087.505321 4083.055111 4080.387922 4081.995001 4080.069161 4078.662291 4105.647592 4128.325775 4128.327668 4107.008289 4084.340869 4043.667449 4005.606976 3982.825931 3998.741619 3995.029471 3999.146299 3989.992501 3978.968974 3973.828913 3972.844480
4023.676670 4043.826741 4059.509589 4081.795399 4070.564491 4046.146005 4028.357145 4030.587807 4044.519669 4052.991861 4072.414113 4088.130248 4112.857323 4123.070633 4132.681928 4136.688669 4130.007081 4121.590285 4109.856433 4116.868349 4142.497857 4154.161248 4162.041456 4169.977172 4182.757746 4181.964691 4174.042152 4171.905394 4176.599491 4191.667052 4207.510194 4214.329866 4216.876954 4218.815566 4203.309395 4189.711038 4188.689880 4183.943253 4183.931467 4183.485780 4196.962317 4219.660634 4216.014612 4176.747396 4149.608726 4113.444365 4074.294182 4044.983047 4041.088401 4062.854446 4062.451995 4046.381239 4037.682401 4013.474116 4010.712059
4090.171184 4122.988596 4147.013174 4156.580415 4162.953813 4146.063383 4143.332143 4147.772127 4156.659866 4159.593124 4165.952480 4198.673075 4232.579806 4256.919602 4279.635609 4286.658305 4273.941872 4264.192452 4250.305146 4241.678579 4254.465994 4272.565688 4290.615219 4305.482333 4316.923936 4318.665370 4317.003133 4317.025659 4320.449496 4323.500281 4328.189758 4337.311127 4345.118404 4353.502021 4360.840459 4349.239225 4332.093770 4323.479171 4315.494594 4315.619780 4317.595654 4322.665662 4323.856390 4304.664287 4259.654373 4226.810127 4194.155022 4176.268560 4164.422139 4166.994377 4148.628986 4123.347601 4070.062946 4032.895537 4001.952446
4173.874532 4219.532221 4249.034661 4265.020018 4277.509018 4273.361840 4275.344114 4276.228234 4279.688706 4281.594234 4283.472974 4311.690959 4354.856374 4395.329329 4427.379939 4426.405473 4411.616784 4400.066772 4391.291106 4375.953591 4371.900862 4385.889842 4402.550712 4424.089630 4434.371659 4439.619721 4435.650996 4435.837269 4438.028724 4440.493746 4442.766284 4446.894248 4457.319423 4473.359336 4488.805466 4487.425606 4466.869436 4448.515379 4432.688573 4431.307550 4429.641881 4424.783642 4427.558633 4429.565252 4411.177897 4377.798889 4336.340080 4295.828738 4280.988723 4266.830565 4255.978402 4238.255482 4193.325673 4122.062777 4079.781612
4290.279971 4326.864759 4356.425732 4387.233227 4401.500302 4402.609217 4399.522792 4397.761313 4404.939744 4406.960477 4411.668161 4428.524800 4463.388119 4501.142196 4532.080779 4547.257517 4538.424422 4518.954047 4495.302531 4484.191493 4480.834104 4484.952082 4495.379638 4509.714811 4530.533393 4551.120442 4557.059724 4557.998298 4555.239805 4557.798369 4559.518664 4559.667774 4563.156722 4572.799841 4583.553650 4587.175604 4578.468916 4555.778252 4531.105560 4520.379743 4514.311804 4511.066764 4512.770352 4518.863400 4522.915281 4506.923474 4468.829109 4421.838648 4392.137298 4378.239648 4365.763903 4351.032123 4337.654411 4300.450230 4278.016511
4401.584810 4417.724022 4447.309898 4477.260514 4499.900540 4514.435806 4514.036567 4516.535947 4521.486562 4528.320522 4543.504012 4568.403594 4589.248551 4613.903412 4642.406327 4659.987452 4665.206791 4662.959471 4658.032233 4659.059187 4659.480407 4584.740675 4592.074678 4599.401718 4619.733681 4637.557955 4644.103913 4644.862382 4641.836248 4643.924181 4644.834424 4644.653079 4644.270855 4647.350251 4653.388630 4655.696475 4652.843394 4638.226775 4661.331914 4640.181469 4626.092322 4617.540651 4609.000543 4600.690075 4591.112447 4580.904359 4559.298577 4526.671834 4491.338039 4470.939117 4463.588015 4457.189883 4447.727489 4441.507682 4423.423326
4501.501650 4512.156859 4531.503740 4555.443422 4591.872110 4617.011670 4628.940215 4638.687573 4643.470030 4658.136163 4676.033930 4656.541149 4666.454031 4676.712027 4686.904431 4690.404589 4691.406766 4690.944334 4688.482710 4687.558303 4684.876448 4681.747332 4670.922578 4672.571757 4674.669658 4677.338115 4681.154195 4680.117277 4681.294141 4684.270434 4682.416458 4676.162877 4671.906126 4670.324455 4671.502326 4679.068508 4682.690539 4683.709366 4679.563415 4678.536930 4677.348354 4673.290646 4668.224676 4661.083148 4651.947728 4670.482192 4657.600795 4627.680671 4584.625101 4540.880242 4534.702842 4537.988532 4537.419730 4535.991784 4530.184063
4633.706584 4648.216718 4663.839979 4635.438743 4662.094392 4675.735712 4682.114156 4686.788136 4689.783656 4693.606720 4690.663177 4687.775052 4682.786174 4681.095422 4679.700061 4677.218774 4677.832747 4675.941274 4671.788216 4667.535838 4659.020445 4647.105819 4635.920902 4632.000167 4636.217837 4642.053496 4647.499076 4652.378275 4656.252615 4655.911602 4650.165129 4641.477283 4633.711603 4632.121544 4639.175778 4645.019244 4651.999920 4652.952270 4651.545344 4648.877748 4648.473906 4644.912826 4645.029094 4652.363222 4667.732568 4669.522075 4676.563970 4675.561142 4655.698249 4619.730728 4637.231814 4616.879635 4623.569355 4618.786779 4607.194494
4681.461461 4684.767611 4682.822105 4681.936520 4675.369854 4669.177686 4668.351982 4672.418892 4679.554570 4680.527391 4673.375768 4664.597722 4657.170721 4649.423065 4646.935390 4646.546769 4646.381110 4646.979167 4641.613970 4631.715786 4614.004638 4602.312218 4591.207466 4585.240592 4580.818946 4583.798499 4595.566522 4608.650908 4613.856202 4603.677778 4594.823539 4582.534866 4574.391748 4574.900710 4575.559182 4585.302618 4603.213500 4611.777214 4612.635495 4605.711072 4598.571627 4591.660908 4588.276955 4594.680545 4610.294724 4627.776607 4644.229910 4653.840079 4661.809949 4669.239711 4665.994971 4669.265624 4671.065303 4668.524397 4672.874483
4676.279731 4669.103242 4661.925661 4656.473093 4650.000340 4644.749173 4642.815622 4644.479155 4646.069654 4641.644793 4635.255819 4625.171142 4613.943727 4604.098030 4595.913623 4596.951112 4599.331714 4601.180279 4593.505453 4577.668963 4559.501043 4545.841933 4531.846673 4527.860716 4521.577316 4512.779021 4522.791222 4543.461047 4551.253069 4534.250796 4522.968170 4507.354556 4500.965554 4496.657990 4497.218627 4506.066591 4529.571352 4555.367932 4557.793366 4546.443054 4535.147059 4530.497793 4527.168109 4531.365658 4547.918436 4569.323157 4586.098999 4597.016406 4602.407221 4610.239998 4619.744463 4634.831920 4650.352753 4663.279828 4666.875610
4650.546958 4642.716927 4634.974579 4627.233686 4620.263372 4613.955397 4609.554034 4607.551531 4603.110331 4596.840443 4589.665279 4566.856211 4554.132573 4540.721627 4525.217914 4521.043268 4515.556770 4516.360706 4504.609484 4497.195941 4481.193015 4465.735532 4449.995969 4435.661076 4429.900868 4422.891412 4419.380281 4432.294272 4440.570962 4432.188557 4422.643425 4412.622780 4408.591648 4405.213982 4407.908364 4418.481117 4437.368315 4455.726518 4464.733056 4457.662345 4457.665851 4458.549695 4457.008824 4463.721051 4473.669571 4491.349706 4514.518828 4534.665362 4544.948416 4551.758981 4560.893986 4575.546914 4589.948373 4604.660068 4623.205557
4619.741443 4610.275473 4600.198642 4590.271343 4579.594626 4568.861502 4562.089615 4565.032898 4559.013095 4553.432690 4528.267764 4470.147030 4447.857186 4428.365672 4411.611897 4404.385660 4395.451972 4376.648595 4367.989959 4364.031076 4368.856909 4355.234247 4337.611839 4319.364243 4314.512333 4311.132666 4291.147268 4283.658530 4283.397988 4303.456372 4297.798953 4297.959842 4301.151797 4298.838838 4299.586727 4312.154155 4318.672203 4322.790087 4329.879486 4336.788979 4348.733246 4357.642821 4370.068551 4387.908619 4398.271841 4413.160934 4433.432541 4459.997705 4476.392249 4486.082098 4496.482345 4511.861473 4528.087425 4546.140749 4568.794643
4584.616295 4567.155732 4552.148551 4537.574257 4524.670266 4511.580039 4494.757006 4496.774468 4494.847450 4483.820339 4424.516362 4383.955013 4349.402053 4332.281409 4307.929111 4293.504236 4275.312297 4232.958931 4214.407299 4215.607068 4233.518431 4231.889954 4217.076530 4205.831638 4195.983960 4185.747252 4166.480023 4144.574601 4151.103636 4171.624590 4174.328086 4179.318200 4188.457945 4188.384086 4180.659660 4175.380017 4186.753620 4191.487216 4203.262235 4223.088500 4228.383014 4247.383856 4283.776862 4296.562504 4311.733570 4329.747264 4349.859624 4371.908245 4395.335205 4409.750579 4425.205084 4443.636438 4460.347862 4480.623561 4503.069844
4532.250674 4500.009901 4478.266206 4460.487733 4440.636083 4411.597762 4391.515684 4389.110640 4382.983485 4350.627912 4296.136227 4261.746514 4240.127648 4218.269348 4195.428597 4169.916505 4129.134476 4093.212550 4070.794365 4089.853980 4102.420005 4117.532881 4106.963099 4096.832109 4087.422873 4068.007239 4050.681877 4032.681150 4044.547064 4053.297276 4075.837895 4083.897576 4087.968751 4095.007057 4093.484166 4080.644366 4072.179173 4080.027228 4089.801673 4102.362511 4126.645709 4164.296874 4189.262136 4207.914250 4228.376359 4246.582184 4267.457661 4290.061012 4313.141398 4330.306135 4348.456446 4366.596840 4387.299338 4405.782721 4427.914789
4448.201849 4419.847565 4393.609324 4370.230545 4336.801712 4287.909820 4273.479939 4264.248338 4239.282922 4188.035147 4146.413720 4129.969369 4120.356877 4097.590912 4077.506331 4047.829281 4013.037398 3993.003754 3972.406949 3984.172029 3995.798588 4019.000455 4011.442231 4006.191925 4004.380430 3988.954081 3975.953390 3958.893528 3964.846573 3977.849080 4003.536939 4010.241840 4014.688570 4024.970395 4024.354548 4018.955582 3998.441234 4004.501861 4015.401490 4030.413319 4062.683937 4084.615573 4106.539014 4128.376618 4147.334692 4168.398739 4189.935432 4212.369052 4238.804643 4258.153746 4276.856952 4298.073533 4316.570529 4329.378813 4343.845347
4337.005303 4313.705486 4295.197323 4271.108027 4226.120632 4181.975214 4138.776301 4108.485989 4051.487156 4016.158613 4000.584144 4005.079148 3995.308720 3977.169893 3959.716075 3941.661432 3921.717061 3904.788112 3879.887788 3886.349487 3903.793834 3922.336800 3926.412835 3929.244782 3928.668214 3920.300612 3907.111694 3893.590037 3897.467306 3915.340252 3933.825815 3944.876552 3953.027575 3960.848941 3960.374835 3949.747713 3938.944676 3943.163010 3958.699686 3974.501277 3990.526706 4010.104337 4030.001239 4049.808783 4071.664788 4093.426189 4115.423947 4139.393340 4165.547405 4186.605250 4209.641440 4233.337356 4248.342081 4255.381009 4260.592653
4233.002598 4215.230278 4192.801587 4165.155439 4122.900747 4084.165439 4044.060359 3994.253099 3961.653289 3934.560874 3932.078217 3918.955124 3908.446208 3896.488055 3877.643208 3863.463348 3851.174937 3831.146300 3824.606515 3833.241963 3847.387922 3854.960679 3863.642722 3862.320853 3860.682139 3856.085230 3842.348274 3840.413133 3851.076797 3866.254026 3879.549053 3891.605851 3898.524393 3903.201177 3899.876242 3890.143888 3887.945399 3895.849392 3910.919204 3923.412939 3936.611358 3956.052917 3974.608122 3994.987146 4016.187452 4036.817548 4059.898257 4083.713668 4108.590724 4135.053986 4156.016419 4172.466055 4179.320416 4186.984558 4183.038153
4108.325448 4099.343742 4074.117046 4046.183036 4018.865860 3988.468473 3967.221303 3937.631910 3909.335806 3882.237257 3857.711042 3848.552295 3845.152622 3834.605661 3819.965505 3810.970644 3797.188272 3790.873887 3800.042013 3801.349415 3808.810743 3806.316149 3807.882445 3806.127214 3806.126872 3805.048484 3800.844446 3814.620829 3820.831004 3833.740044 3843.424666 3853.160347 3858.642785 3861.819958 3863.188766 3859.513995 3865.888210 3871.113718 3883.860929 3894.047323 3906.075209 3924.571928 3939.975622 3957.219638 3977.841328 3999.168259 4021.220057 4045.218218 4071.675692 4094.563844 4110.022528 4114.246432 4121.266400 4119.634651 4105.123696
