tests/Borden05m/sims/sim_1/output-maps/psiliqL0028N0006.asc
ncols         160
nrows         34
xllcorner     620200.000000
yllcorner     5168000.000000
cellsize      0.500000
NODATA_value  -9999.0
[rows 0 to 24 of 34, columns 0 to 54 of 160]
-9999.0 -9999.0 -9999.0 -9999.0 -9999.0 -9999.0 -9999.0 -9999.0 -9999.0 -9999.0 -9999.0 -9999.0 -9999.0 -9999.0 -9999.0 -9999.0 -9999.0 -9999.0 -9999.0 -9999.0 -9999.0 -9999.0 -9999.0 -9999.0 -9999.0 -9999.0 -9999.0 -9999.0 -9999.0 -9999.0 -9999.0 -9999.0 -9999.0 -9999.0 -9999.0 -9999.0 -9999.0 -9999.0 -9999.0 -9999.0 -9999.0 -9999.0 -9999.0 -9999.0 -9999.0 -9999.0 -9999.0 -9999.0 -9999.0 -9999.0 -9999.0 -9999.0 -9999.0 -9999.0 -9999.0
-9999.0 -9999.0 -9999.0 -9999.0 -9999.0 -9999.0 -9999.0 -9999.0 -9999.0 -9999.0 -9999.0 -9999.0 -9999.0 -9999.0 -9999.0 -9999.0 -9999.0 -9999.0 -9999.0 -9999.0 -9999.0 -9999.0 -9999.0 -9999.0 -9999.0 -9999.0 -9999.0 -9999.0 -9999.0 -9999.0 -9999.0 -9999.0 -9999.0 -9999.0 -9999.0 -9999.0 -9999.0 -9999.0 -9999.0 -9999.0 -9999.0 -9999.0 -9999.0 -9999.0 -9999.0 -9999.0 -9999.0 -9999.0 -9999.0 -9999.0 -9999.0 -9999.0 -9999.0 -9999.0 -9999.0
-9999.0 -9999.0 -9999.0 -9999.0 -9999.0 -9999.0 -9999.0 -9999.0 -9999.0 -9999.0 -9999.0 -9999.0 -9999.0 -9999.0 -9999.0 -9999.0 -9999.0 -9999.0 -9999.0 -9999.0 -9999.0 -9999.0 -9999.0 -9999.0 -9999.0 -9999.0 -9999.0 -9999.0 -9999.0 -9999.0 -9999.0 -9999.0 -9999.0 -9999.0 -9999.0 -9999.0 -9999.0 -9999.0 -9999.0 -9999.0 -9999.0 -9999.0 -9999.0 -9999.0 -9999.0 -9999.0 -9999.0 3672.640862 3655.463224 3642.394567 3637.132214 3657.738956 3680.579642 3704.226361 3724.573535
-9999.0 -9999.0 -9999.0 -9999.0 -9999.0 -9999.0 -9999.0 -9999.0 -9999.0 -9999.0 -9999.0 -9999.0 -9999.0 -9999.0 -9999.0 -9999.0 -9999.0 -9999.0 -9999.0 -9999.0 -9999.0 -9999.0 -9999.0 -9999.0 -9999.0 -9999.0 -9999.0 -9999.0 -9999.0 -9999.0 -9999.0 -9999.0 -9999.0 -9999.0 -9999.0 -9999.0 -9999.0 -9999.0 -9999.0 -9999.0 3724.089144 3729.926913 3729.294865 3719.419348 3707.917776 3693.786322 3672.935371 3655.808721 3642.977979 3641.044510 3643.263389 3645.261909 3665.329304 3690.673979 3710.437564
-9999.0 -9999.0 -9999.0 -9999.0 -9999.0 -9999.0 -9999.0 -9999.0 -9999.0 -9999.0 -9999.0 -9999.0 -9999.0 -9999.0 -9999.0 -9999.0 -9999.0 -9999.0 -9999.0 -9999.0 -9999.0 -9999.0 -9999.0 -9999.0 -9999.0 -9999.0 -9999.0 -9999.0 -9999.0 -9999.0 -9999.0 -9999.0 -9999.0 -9999.0 3632.103857 3648.805079 3666.525194 3684.943324 3701.804830 3708.794624 3714.530316 3719.662083 3714.735073 3710.151598 3698.153231 3676.516083 3657.056041 3644.319450 3643.406477 3640.784682 3643.932993 3654.918502 3671.216467 3685.695059 3705.857871
-9999.0 -9999.0 -9999.0 -9999.0 -9999.0 -9999.0 -9999.0 -9999.0 -9999.0 -9999.0 -9999.0 -9999.0 -9999.0 -9999.0 -9999.0 -9999.0 -9999.0 -9999.0 -9999.0 -9999.0 -9999.0 -9999.0 -9999.0 -9999.0 -9999.0 -9999.0 -9999.0 -9999.0 3638.680036 3632.600361 3627.645230 3625.832762 3624.122252 3622.989872 3629.429295 3640.136359 3656.730730 3678.661039 3691.791236 3698.854280 3705.586402 3705.612410 3699.262747 3697.302932 3697.507862 3684.350934 3671.617394 3659.676800 3647.954752 3644.162293 3652.561973 3666.472835 3682.325283 3696.472221 3711.317695
-9999.0 -9999.0 -9999.0 -9999.0 -9999.0 -9999.0 -9999.0 -9999.0 -9999.0 -9999.0 -9999.0 -9999.0 -9999.0 -9999.0 -9999.0 -9999.0 -9999.0 -9999.0 -9999.0 -9999.0 -9999.0 -9999.0 -9999.0 3609.217948 3613.821578 3620.146413 3627.638950 3628.393614 3625.057487 3619.504264 3616.638460 3614.942505 3612.239953 3616.468163 3622.909159 3635.355417 3650.104650 3672.095862 3679.880234 3683.399124 3694.174141 3697.668503 3705.490155 3708.913775 3706.531139 3701.749582 3685.910824 3673.418610 3674.526540 3677.672000 3684.032083 3691.938253 3704.942632 3717.837708 3732.214481
-9999.0 -9999.0 -9999.0 -9999.0 -9999.0 -9999.0 -9999.0 -9999.0 -9999.0 -9999.0 -9999.0 -9999.0 -9999.0 -9999.0 -9999.0 -9999.0 -9999.0 -9999.0 -9999.0 3585.042260 3586.021457 3587.443076 3592.166608 3592.296389 3593.766014 3600.210161 3607.877445 3610.563450 3607.915972 3606.662278 3607.526992 3609.616453 3613.665908 3623.382487 3636.058520 3649.257045 3661.143597 3681.033394 3694.609086 3705.912263 3720.274470 3720.288674 3716.133937 3713.862404 3713.014087 3710.378614 3707.040411 3704.736735 3710.222730 3709.480129 3711.771289 3720.190399 3731.590506 3747.064411 3763.452365
-9999.0 -9999.0 -9999.0 -9999.0 -9999.0 -9999.0 -9999.0 -9999.0 -9999.0 -9999.0 -9999.0 -9999.0 -9999.0 -9999.0 -9999.0 -9999.0 3556.083411 3557.708256 3559.947848 3565.322422 3568.989632 3572.677186 3579.374081 3580.613234 3583.526473 3590.077550 3593.872147 3602.653682 3610.443752 3616.732317 3621.719342 3623.174942 3628.497629 3636.534051 3646.721424 3659.156387 3677.774439 3700.272863 3714.744286 3730.320289 3746.531439 3746.117671 3743.352498 3742.530475 3739.814832 3739.410937 3752.307970 3754.166776 3746.949573 3754.588913 3765.109038 3766.719138 3772.732808 3791.813098 3812.995967
-9999.0 -9999.0 -9999.0 -9999.0 -9999.0 -9999.0 -9999.0 -9999.0 -9999.0 -9999.0 -9999.0 -9999.0 -9999.0 3506.293935 3510.045379 3520.169859 3531.876411 3534.771870 3539.568215 3546.079649 3557.794821 3560.963662 3566.351409 3572.829102 3584.924475 3592.739312 3600.526176 3611.214352 3618.042301 3623.759558 3628.790131 3629.929188 3639.774182 3652.196305 3664.941589 3682.491181 3703.058974 3719.843401 3736.369938 3751.655052 3761.836479 3757.402081 3755.641930 3756.755808 3759.966789 3771.248634 3786.411732 3784.524670 3791.866496 3811.044464 3819.906824 3825.732137 3830.712358 3843.988491 3864.983213
-9999.0 -9999.0 -9999.0 -9999.0 -9999.0 -9999.0 -9999.0 -9999.0 -9999.0 -9999.0 3480.967981 3482.064972 3477.955694 3474.422429 3479.995888 3492.016473 3506.344097 3511.237820 3522.849181 3543.779448 3562.055278 3564.309406 3576.673501 3585.998897 3591.635688 3600.036679 3611.398301 3621.785862 3635.303864 3645.147920 3651.782064 3665.876557 3679.793588 3694.135993 3709.551610 3728.348857 3742.401126 3763.943063 3787.165320 3793.978368 3808.946925 3809.556194 3804.389134 3801.395226 3809.778164 3819.201696 3832.005087 3845.530068 3862.586924 3883.101591 3891.573560 3903.555170 3911.753529 3921.282772 3936.091751
-9999.0 -9999.0 -9999.0 -9999.0 -9999.0 -9999.0 -9999.0 -9999.0 3456.641557 3464.645196 3469.497901 3465.705505 3460.694473 3453.910343 3468.187140 3482.905234 3498.005201 3515.753046 3530.440973 3547.870335 3560.559453 3573.929823 3592.917631 3602.149513 3611.064634 3624.421784 3635.651170 3648.376809 3666.943583 3672.368533 3680.934100 3698.347197 3711.940924 3726.978526 3743.437019 3758.138366 3776.152716 3804.542253 3831.811062 3846.045612 3870.749276 3886.205952 3879.227189 3876.323080 3876.593379 3898.449131 3923.360920 3951.358523 3968.659426 3990.860003 4018.305451 4037.000686 4045.921097 4056.716850 4070.283682
-9999.0 -9999.0 -9999.0 -9999.0 -9999.0 -9999.0 3428.267823 3452.370612 3467.152006 3457.890664 3442.399738 3436.337785 3429.111871 3460.511846 3482.186417 3498.673660 3514.375444 3530.854853 3545.917815 3552.456775 3580.193754 3598.536356 3608.604301 3619.706184 3632.627750 3645.480514 3659.950937 3679.389833 3694.775775 3714.146832 3727.486786 3741.521396 3763.438521 3779.153920 3794.611843 3806.550258 3832.608309 3865.992002 3899.450594 3922.610178 3946.094489 3977.092629 3975.658751 3976.801759 3977.596094 4001.303906 4034.938855 4064.258135 4095.504725 4125.590928 4153.847044 4164.135852 4172.929883 4182.662795 4195.084611
-9999.0 -9999.0 -9999.0 -9999.0 3396.677811 3417.158176 3435.071302 3464.450830 3485.679498 3480.014198 3483.260666 3480.118007 3474.424935 3478.733955 3486.093896 3502.093693 3520.132445 3538.534470 3551.059815 3575.798739 3621.667760 3630.752329 3645.502309 3673.169882 3682.422325 3694.853160 3708.957211 3727.795000 3744.055876 3769.348698 3801.322306 3828.445911 3848.372816 3866.357223 3884.442482 3900.122803 3934.607363 3970.878340 4005.861637 4036.658600 4062.930665 4088.696219 4094.642433 4099.219773 4108.976821 4125.999344 4148.679660 4176.144728 4209.862972 4241.887196 4264.967190 4273.634724 4278.654227 4288.129546 4295.459963
-9999.0 -9999.0 -9999.0 3341.974535 3380.853976 3420.343555 3445.141734 3474.528648 3506.101306 3504.451767 3512.185744 3510.362538 3507.497303 3511.412769 3512.756058 3527.918994 3545.014126 3564.058334 3584.105687 3615.992549 3643.196340 3658.276713 3684.307623 3697.966956 3708.940680 3720.348046 3737.775182 3756.366517 3791.341861 3819.469681 3864.248999 3913.905630 3945.114409 3963.748858 3985.890528 4013.161392 4038.150155 4076.929891 4110.727124 4142.612969 4172.651936 4194.565280 4208.458585 4212.900954 4222.560906 4228.148649 4240.438944 4261.354477 4283.700668 4314.490266 4343.787794 4372.982535 4388.368224 4399.562466 4416.790766
-9999.0 -9999.0 3293.457501 3333.074149 3363.630504 3409.270570 3461.657813 3496.110497 3534.427550 3551.699196 3553.449135 3562.164571 3570.951714 3570.127280 3576.980015 3587.997595 3609.562037 3617.804532 3637.643364 3650.595944 3685.338289 3716.984694 3709.266757 3745.314563 3774.319658 3806.799374 3827.924964 3854.043922 3891.590529 3924.361898 3968.057123 4017.734237 4051.561221 4079.127734 4095.004480 4115.336403 4135.529587 4162.089339 4199.019669 4224.491557 4258.276178 4283.679979 4303.152787 4303.529652 4306.150696 4322.361941 4350.997107 4382.240780 4411.522422 4440.949498 4423.919692 4448.412588 4459.367148 4465.478963 4475.088906
-9999.0 -9999.0 3262.520794 3309.132031 3342.361981 3398.449721 3485.309024 3518.318694 3557.005130 3601.537375 3613.720945 3633.782196 3624.331525 3609.666894 3625.744342 3638.161034 3658.979151 3666.016340 3658.931515 3710.025269 3761.284380 3782.134586 3783.437603 3860.883210 3913.594717 3938.527729 3955.594959 3975.773251 3995.046013 4032.922190 4071.328394 4125.940035 4167.083068 4196.944668 4211.485906 4231.788935 4251.384350 4266.384152 4286.090569 4333.545000 4369.838366 4401.140165 4433.541583 4455.056344 4463.299104 4468.564181 4441.646484 4462.136344 4476.031710 4482.024694 4484.433705 4480.608654 4480.062838 4480.910008 4481.832896
-9999.0 3168.331472 3220.764512 3270.523183 3333.691557 3393.435842 3466.234824 3539.578669 3606.313181 3658.306329 3682.264595 3672.092864 3666.445997 3688.672857 3706.580964 3721.178886 3726.585968 3737.098439 3716.896766 3770.519906 3805.474452 3851.543890 3949.509791 4007.993029 4073.249565 4068.788674 4056.633141 4060.954094 4076.273356 4123.112688 4203.384361 4260.645308 4327.847237 4377.852093 4395.349007 4403.113472 4422.119360 4443.175016 4387.520603 4433.085594 4454.134446 4471.698064 4481.861557 4484.282383 4485.634424 4485.382653 4481.645169 4474.540635 4466.300835 4460.406842 4456.140669 4451.637526 4454.078870 4457.415241 4457.512239
-9999.0 3129.294620 3186.139680 3253.660044 3319.970480 3362.916676 3441.312547 3610.224390 3673.241373 3710.538541 3712.959463 3681.548434 3736.064396 3794.637477 3817.482909 3862.561319 3845.706793 3830.123734 3790.099774 3814.411725 3851.781450 3922.378585 4096.971111 4186.340184 4241.472790 4249.379783 4249.715384 4278.436756 4323.695789 4372.655119 4420.212548 4385.483110 4437.928230 4463.827676 4469.239817 4469.997400 4475.808482 4474.246935 4472.939724 4468.424725 4463.213550 4463.389657 4468.103961 4467.959923 4464.961856 4461.517835 4455.776015 4448.356267 4443.192971 4438.556165 4435.908354 4433.089191 4431.063130 4430.192818 4425.217372
-9999.0 3086.683709 3161.984466 3218.881434 3260.990076 3347.234215 3477.251889 3621.962701 3718.191054 3751.075832 3721.219065 3750.974771 3853.974801 3961.696191 4014.254267 4034.951729 4013.102037 3961.206173 3938.212866 3981.909253 4053.490236 4177.435432 4323.059186 4425.919040 4441.851564 4445.460963 4394.276314 4421.817062 4447.343844 4450.373032 4451.571630 4460.244189 4465.377750 4468.403299 4466.806919 4463.906386 4459.058357 4450.804967 4446.017373 4442.270317 4438.452213 4437.187712 4439.104910 4441.049279 4438.178353 4434.257165 4429.770660 4424.195362 4417.839979 4411.028972 4406.628375 4402.303065 4400.135161 4394.430650 4390.974532
-9999.0 2958.662918 3056.031972 3093.249605 3159.042174 3349.645824 3478.624958 3616.435977 3784.135858 3801.280283 3841.795789 3984.226881 4105.926881 4187.785027 4215.481073 4248.218439 4272.674183 4288.071122 4325.620793 4195.632292 4280.087400 4383.994588 4432.016898 4452.841111 4464.133233 4464.531360 4454.431729 4433.397658 4422.607493 4415.845102 4417.458011 4424.770921 4429.351203 4434.060221 4431.730531 4432.884318 4434.160342 4430.979597 4426.905980 4418.078006 4410.169529 4403.307889 4399.807946 4404.423242 4399.786372 4397.520799 4391.245290 4382.676975 4373.612728 4366.213267 4358.130904 4351.515628 4349.298265 4344.289961 4343.065585
-9999.0 2877.608660 2948.900975 3001.413737 3105.666292 3268.409418 3356.340846 3511.605698 3757.698144 3897.131283 4067.561694 4162.018021 4232.755296 4272.728501 4322.075839 4375.646486 4403.591904 4416.160267 4382.856856 4407.312568 4363.328329 4352.068752 4370.019969 4399.930996 4417.879289 4422.092216 4414.356954 4405.408653 4398.124235 4397.000952 4394.699194 4390.234856 4385.738169 4381.926658 4378.787382 4381.930024 4387.379871 4380.083405 4369.502563 4359.807958 4351.077455 4341.675035 4335.623325 4330.741530 4331.324933 4331.632523 4323.903102 4313.299987 4302.301545 4293.902595 4286.685889 4282.265062 4279.477463 4274.398257 4264.353845
-9999.0 2760.622120 2887.478524 2959.309171 3046.260809 3172.069222 3270.183172 3418.280931 3543.821595 3792.555223 3931.302606 4138.198479 4190.091043 4262.553785 4309.026247 4384.091249 4378.842190 4347.601446 4303.217040 4287.275207 4299.754623 4309.109526 4317.061467 4331.177096 4349.150005 4359.528026 4365.068224 4359.299314 4345.009923 4332.096952 4320.343112 4306.080619 4296.325183 4293.641427 4298.181134 4308.633198 4308.894253 4299.522500 4285.165681 4266.529020 4250.615196 4238.569441 4236.665492 4239.629643 4240.851728 4236.644812 4230.904953 4219.993217 4207.259666 4194.608617 4189.067804 4184.779987 4177.155565 4165.583187 4153.416781
-9999.0 -9999.0 2798.859357 2905.908777 2994.127517 3100.700222 3182.446262 3293.422160 3430.312215 3599.194818 3715.511944 3904.353585 4003.883081 4048.507261 4080.863291 4137.653116 4164.661797 4198.446151 4194.932118 4208.298783 4219.167839 4224.850989 4229.890401 4235.128671 4245.502511 4255.499006 4266.252818 4263.416286 4254.659284 4233.622050 4207.084716 4186.392766 4175.621173 4165.995202 4178.549798 4191.292525 4185.371153 4178.381814 4165.568509 4149.195053 4136.619934 4122.225352 4118.774609 4118.601941 4119.243259 4116.973423 4114.682010 4102.195013 4089.911274 4080.204676 4076.305856 4070.658698 4067.245831 4057.456765 4046.852706
-9999.0 -9999.0 2718.355687 2811.320896 2909.140453 3022.435491 3100.834355 3100.448161 3231.573102 3331.385697 3439.146570 3552.638881 3652.173781 3722.192915 3753.826517 3816.896215 3876.080979 3895.409938 3939.307746 3997.527806 4033.595353 4075.241679 4099.390520 4108.695414 4121.256337 4136.083518 4143.493613 4127.765844 4116.436809 4099.228800 4075.394048 4048.093023 4034.289527 4034.272444 4032.816565 4033.799202 4025.853139 4016.939559 4002.385365 3988.636671 3976.495042 3967.894273 3964.348471 3958.406649 3955.932564 3953.188477 3951.653570 3946.830222 3938.932788 3934.729231 3926.460143 3922.986208 3922.436357 3919.820429 3914.474165
