tests/Borden05m/sims/sim_1/output-maps/psiliqL0011N0004.asc
ncols         160
nrows         34
xllcorner     620200.000000
yllcorner     5168000.000000
cellsize      0.500000
NODATA_value  -9999.0
[rows 0 to 24 of 34, columns 0 to 56 of 160]
-9999.0 -9999.0 -9999.0 -9999.0 -9999.0 -9999.0 -9999.0 -9999.0 -9999.0 -9999.0 -9999.0 -9999.0 -9999.0 -9999.0 -9999.0 -9999.0 -9999.0 -9999.0 -9999.0 -9999.0 -9999.0 -9999.0 -9999.0 -9999.0 -9999.0 -9999.0 -9999.0 -9999.0 -9999.0 -9999.0 -9999.0 -9999.0 -9999.0 -9999.0 -9999.0 -9999.0 -9999.0 -9999.0 -9999.0 -9999.0 -9999.0 -9999.0 -9999.0 -9999.0 -9999.0 -9999.0 -9999.0 -9999.0 -9999.0 -9999.0 -9999.0 -9999.0 -9999.0 -9999.0 -9999.0 -9999.0 -9999.0
-9999.0 -9999.0 -9999.0 -9999.0 -9999.0 -9999.0 -9999.0 -9999.0 -9999.0 -9999.0 -9999.0 -9999.0 -9999.0 -9999.0 -9999.0 -9999.0 -9999.0 -9999.0 -9999.0 -9999.0 -9999.0 -9999.0 -9999.0 -9999.0 -9999.0 -9999.0 -9999.0 -9999.0 -9999.0 -9999.0 -9999.0 -9999.0 -9999.0 -9999.0 -9999.0 -9999.0 -9999.0 -9999.0 -9999.0 -9999.0 -9999.0 -9999.0 -9999.0 -9999.0 -9999.0 -9999.0 -9999.0 -9999.0 -9999.0 -9999.0 -9999.0 -9999.0 -9999.0 -9999.0 -9999.0 -9999.0 -9999.0
-9999.0 -9999.0 -9999.0 -9999.0 -9999.0 -9999.0 -9999.0 -9999.0 -9999.0 -9999.0 -9999.0 -9999.0 -9999.0 -9999.0 -9999.0 -9999.0 -9999.0 -9999.0 -9999.0 -9999.0 -9999.0 -9999.0 -9999.0 -9999.0 -9999.0 -9999.0 -9999.0 -9999.0 -9999.0 -9999.0 -9999.0 -9999.0 -9999.0 -9999.0 -9999.0 -9999.0 -9999.0 -9999.0 -9999.0 -9999.0 -9999.0 -9999.0 -9999.0 -9999.0 -9999.0 -9999.0 -9999.0 285.195439 267.774729 251.582105 249.512163 272.115204 295.426043 319.103202 339.589684 358.176228 377.088995
-9999.0 -9999.0 -9999.0 -9999.0 -9999.0 -9999.0 -9999.0 -9999.0 -9999.0 -9999.0 -9999.0 -9999.0 -9999.0 -9999.0 -9999.0 -9999.0 -9999.0 -9999.0 -9999.0 -9999.0 -9999.0 -9999.0 -9999.0 -9999.0 -9999.0 -9999.0 -9999.0 -9999.0 -9999.0 -9999.0 -9999.0 -9999.0 -9999.0 -9999.0 -9999.0 -9999.0 -9999.0 -9999.0 -9999.0 -9999.0 333.015557 338.873047 340.218919 329.515670 318.194813 306.100408 286.102362 268.263798 253.038486 250.307358 252.888847 258.230131 280.987905 305.415374 324.953076 342.118855 361.281482
-9999.0 -9999.0 -9999.0 -9999.0 -9999.0 -9999.0 -9999.0 -9999.0 -9999.0 -9999.0 -9999.0 -9999.0 -9999.0 -9999.0 -9999.0 -9999.0 -9999.0 -9999.0 -9999.0 -9999.0 -9999.0 -9999.0 -9999.0 -9999.0 -9999.0 -9999.0 -9999.0 -9999.0 -9999.0 -9999.0 -9999.0 -9999.0 -9999.0 -9999.0 241.002811 258.465151 276.490721 294.769187 311.358837 318.002740 323.852522 329.594696 325.485685 320.696799 309.299484 290.371816 270.702150 256.610966 254.179804 251.592208 255.892709 268.845218 285.535148 301.814649 322.722729 346.029320 355.233382
-9999.0 -9999.0 -9999.0 -9999.0 -9999.0 -9999.0 -9999.0 -9999.0 -9999.0 -9999.0 -9999.0 -9999.0 -9999.0 -9999.0 -9999.0 -9999.0 -9999.0 -9999.0 -9999.0 -9999.0 -9999.0 -9999.0 -9999.0 -9999.0 -9999.0 -9999.0 -9999.0 -9999.0 245.769281 239.798760 234.605983 233.006565 231.601766 230.351002 237.190793 249.332751 267.437391 288.942682 301.747304 308.875591 315.417309 316.146614 311.175125 309.017936 309.194109 297.366540 285.640193 274.663961 264.102502 262.680552 272.202268 286.141195 302.214965 317.002283 332.351015 344.196692 360.619699
-9999.0 -9999.0 -9999.0 -9999.0 -9999.0 -9999.0 -9999.0 -9999.0 -9999.0 -9999.0 -9999.0 -9999.0 -9999.0 -9999.0 -9999.0 -9999.0 -9999.0 -9999.0 -9999.0 -9999.0 -9999.0 -9999.0 -9999.0 216.593455 222.466732 228.880535 236.173644 236.964145 232.689569 226.947635 223.726725 222.074664 220.321492 224.643180 232.798287 246.359036 262.156339 283.817788 292.355182 298.678029 310.972727 313.398361 318.560472 322.508775 320.651423 317.805823 305.515133 296.407469 301.755390 307.738688 314.290508 321.985819 335.175854 350.699062 368.289304 388.763393 410.370910
-9999.0 -9999.0 -9999.0 -9999.0 -9999.0 -9999.0 -9999.0 -9999.0 -9999.0 -9999.0 -9999.0 -9999.0 -9999.0 -9999.0 -9999.0 -9999.0 -9999.0 -9999.0 -9999.0 191.929116 192.728390 193.717377 198.239092 199.054296 201.152836 208.040579 216.063619 218.151375 216.388302 214.712489 216.122022 218.684205 222.828524 234.129118 247.876173 261.972907 275.947223 296.779302 311.517212 325.283274 341.339510 340.263893 335.965492 333.893113 334.294278 334.684080 339.801723 343.067013 349.081764 354.450769 361.222898 370.422661 381.677416 400.221999 420.531325 440.895088 459.937454
-9999.0 -9999.0 -9999.0 -9999.0 -9999.0 -9999.0 -9999.0 -9999.0 -9999.0 -9999.0 -9999.0 -9999.0 -9999.0 -9999.0 -9999.0 -9999.0 163.615988 165.396354 167.446561 172.716846 175.270065 179.115708 185.878754 186.885445 190.574668 197.553135 202.363713 210.866054 218.654664 225.854003 231.681882 234.260859 241.778160 251.366490 263.221098 278.690272 300.419863 323.310162 339.627664 356.418489 373.395697 373.916299 372.836734 373.999832 374.740062 382.075396 400.110810 406.395582 409.114950 427.173094 441.730091 447.469162 455.494679 474.670794 499.103519 524.740077 556.174812
-9999.0 -9999.0 -9999.0 -9999.0 -9999.0 -9999.0 -9999.0 -9999.0 -9999.0 -9999.0 -9999.0 -9999.0 -9999.0 118.560768 122.648618 131.891973 140.431598 142.676025 146.624269 152.343192 164.383620 167.805535 173.884054 181.339824 192.780529 201.176129 210.234176 221.903816 230.236372 237.359585 244.371764 250.512209 264.022753 279.376573 295.291765 315.619547 337.490138 358.461505 379.461418 395.123557 409.405482 412.574211 411.480636 413.785507 422.105206 440.310845 459.929480 471.670246 492.730283 517.166718 532.250720 545.895670 556.218937 570.757836 593.376488 630.401662 668.928098
-9999.0 -9999.0 -9999.0 -9999.0 -9999.0 -9999.0 -9999.0 -9999.0 -9999.0 -9999.0 84.493327 86.907712 83.380392 83.645752 88.356964 100.193967 113.456436 120.100246 131.319387 151.854857 169.090826 172.446041 186.999380 196.896966 203.395683 213.893162 226.934076 239.801539 256.890824 269.519909 281.806945 302.127303 318.740273 335.344009 353.216252 373.391438 394.187725 424.021299 451.850217 466.269288 490.527664 504.276444 502.263888 503.244362 512.486446 530.549913 554.863659 582.353689 607.366102 636.045035 657.705527 674.862668 688.756751 704.934526 724.517135 761.680673 805.589416
-9999.0 -9999.0 -9999.0 -9999.0 -9999.0 -9999.0 -9999.0 -9999.0 60.438146 67.382567 73.516908 70.394720 65.642370 62.016852 75.178486 90.859658 106.706418 123.809449 139.635506 157.472550 172.831461 189.167572 208.551503 220.226607 231.926746 247.107219 260.795546 278.468299 299.929684 314.038805 332.401096 354.402185 373.907533 392.348598 411.371960 430.250568 458.788694 493.945789 527.798572 553.756180 583.986030 610.500672 612.767171 617.639950 624.091569 652.233289 685.363812 720.692003 752.652125 785.459291 819.125983 840.618957 855.861396 873.975207 894.946703 916.714253 946.754752
-9999.0 -9999.0 -9999.0 -9999.0 -9999.0 -9999.0 34.396824 58.450752 73.174349 65.228620 56.275494 52.709913 48.890093 69.657894 91.091270 107.959436 124.603057 141.926270 158.214187 172.177060 206.693160 223.607352 238.341065 257.446196 271.743521 286.093571 303.644177 327.416301 350.399456 382.343614 411.198843 437.701499 465.153857 486.054986 505.963308 526.309002 559.877182 599.941556 639.945306 673.534841 705.745426 740.614261 753.292706 762.460658 773.012373 795.739612 830.933297 867.663370 908.491461 945.609864 974.909381 989.700929 1003.337392 1018.555835 1035.820518 1051.236133 1067.091320
-9999.0 -9999.0 -9999.0 -9999.0 1.260289 22.085479 42.315992 72.963953 95.414058 90.058110 97.004856 97.307002 95.731818 98.677268 104.847555 122.735634 140.714274 158.892652 177.231298 213.884474 256.650302 273.075789 299.147124 331.539600 345.708969 361.039361 377.198870 400.809281 429.962442 465.625284 512.819631 553.584088 582.227312 607.675636 630.911335 656.096694 692.692773 735.000232 777.805153 818.990429 856.728516 889.596519 908.974855 920.683471 934.806240 952.647810 976.116516 1006.891505 1040.968568 1074.898549 1101.003403 1116.115406 1125.322087 1137.211180 1149.366210 1162.539373 1174.895136
-9999.0 -9999.0 -9999.0 -46.488158 -8.032554 29.059145 56.254854 87.073778 118.750238 124.373793 132.883848 138.743456 144.703689 153.545569 163.059920 179.701087 194.604347 208.591545 230.083667 267.051789 303.243077 336.224262 369.341240 399.100117 421.847764 438.345976 456.665804 481.900023 523.372587 564.690046 618.587736 675.893595 717.973870 747.037998 771.869818 801.992363 831.389665 873.534930 915.753336 955.285784 992.847809 1023.209503 1046.548415 1056.837228 1067.066249 1076.664981 1094.081954 1116.094749 1138.069938 1165.798014 1192.670156 1214.951078 1227.839200 1237.171249 1252.479834 1267.556440 1279.265400
-9999.0 -9999.0 -93.113865 -55.913170 -21.134885 29.909403 82.469977 116.178748 156.942586 181.613571 188.752110 207.008069 223.944132 232.289907 249.057934 266.669205 281.967122 286.960360 301.693083 335.805544 388.895043 438.082123 467.601241 523.118183 557.787102 583.978455 600.710733 628.130414 665.039494 712.762704 767.388511 823.402497 869.820364 906.682544 926.378885 947.864760 974.025161 1001.546860 1038.938916 1071.867176 1104.824834 1132.530116 1155.603427 1164.378234 1169.778429 1184.636231 1206.738628 1229.967496 1251.965726 1272.804692 1280.788012 1288.396428 1292.134274 1294.629791 1298.116133 1300.737871 1302.351726
-9999.0 -9999.0 -118.737252 -74.454803 -32.611650 36.107369 113.205911 150.656831 193.726773 238.834141 258.176162 282.837136 299.843821 315.404215 340.014054 364.079421 372.691099 377.891790 378.179049 434.124833 494.830340 555.729610 618.807976 685.940398 731.179826 746.468079 758.334248 780.493658 810.107089 860.458186 915.653282 972.444610 1020.818885 1054.746146 1072.787320 1091.155621 1112.132122 1131.660280 1151.789408 1189.362107 1214.440082 1238.489166 1263.384863 1282.814641 1290.799083 1293.474801 1286.991023 1293.478844 1298.034995 1300.303920 1301.247465 1298.410839 1298.125065 1299.227028 1300.789040 1296.657502 1291.129111
-9999.0 -206.034422 -154.096189 -100.243478 -30.229384 38.443270 123.612403 204.269929 257.334684 302.159130 331.927218 350.139692 398.597159 447.132931 475.782630 505.564501 507.119415 509.497957 501.653365 548.728766 605.195606 693.119181 812.988550 874.749262 916.784042 922.136995 919.981425 935.454697 963.352013 1008.836852 1074.301155 1120.123970 1169.796305 1207.112311 1221.500931 1227.984633 1244.880762 1264.383065 1263.715024 1280.460470 1288.537497 1295.234844 1296.259780 1298.351169 1300.016548 1301.093765 1298.913887 1293.675461 1286.963166 1282.321080 1279.038763 1275.079340 1277.888125 1281.528544 1283.075792 1277.208005 1270.588167
-9999.0 -240.605323 -180.575978 -108.334867 -36.534674 37.421753 146.724841 281.262386 331.163573 367.827648 396.754246 436.003277 523.274757 595.370452 636.350745 682.100720 680.049126 670.315682 663.873659 699.915927 756.735905 838.532646 977.198206 1063.402316 1086.346817 1099.554217 1108.994969 1134.821192 1169.076027 1202.101910 1231.274419 1240.645867 1259.971109 1270.012144 1274.091716 1276.711744 1280.699523 1282.759067 1282.412781 1280.883967 1278.178771 1279.888500 1284.941594 1285.927193 1284.469477 1282.795652 1278.615846 1272.356136 1267.901543 1264.193946 1262.087799 1259.526706 1258.386441 1258.998267 1255.492338 1250.759713 1242.808832
-9999.0 -266.791124 -196.842387 -131.857164 -61.089660 60.342452 184.047947 315.482092 406.317050 445.889815 487.110965 573.387521 681.892205 783.766698 842.663829 872.944161 881.825757 869.211342 879.113396 923.654833 987.828356 1072.726156 1150.721127 1220.154421 1233.979556 1239.179224 1228.621299 1239.579108 1249.893091 1253.861389 1256.912446 1260.209197 1266.612462 1270.559803 1270.885842 1269.764770 1267.050738 1261.420872 1258.697282 1257.685276 1256.236838 1257.511785 1261.449524 1263.473105 1262.194552 1259.669738 1256.469778 1252.021448 1247.008840 1241.234044 1237.861088 1234.192414 1232.167030 1227.716044 1223.490450 1217.970432 1204.950051
-9999.0 -358.412655 -272.864206 -213.294838 -85.496130 83.164773 207.988482 360.066565 499.388355 547.147983 639.022135 764.156371 878.513215 960.939893 1011.658475 1057.824607 1087.729366 1112.352695 1145.069263 1127.501737 1175.878276 1220.397938 1239.633584 1249.882143 1250.515449 1253.813893 1248.985079 1233.248592 1225.814447 1221.440037 1224.629907 1232.640359 1238.773578 1244.894345 1243.712090 1245.110639 1246.096682 1244.224126 1242.584014 1236.755583 1231.318820 1227.565208 1227.456657 1233.808012 1230.017974 1227.868279 1223.263629 1216.564569 1208.813674 1201.395330 1193.703338 1186.656362 1183.276521 1177.152683 1175.000175 1166.468391 1138.563775
-9999.0 -439.251176 -361.104710 -261.914395 -114.744997 49.109333 189.533593 359.111391 556.499312 670.533707 792.742447 874.314108 963.168146 1039.614001 1109.181816 1153.792936 1177.452602 1187.364831 1184.594510 1193.246621 1167.454252 1164.026997 1181.937500 1207.143531 1219.479991 1224.601148 1218.241055 1209.934364 1205.195770 1205.643437 1205.083422 1203.971921 1202.370859 1200.321464 1197.387042 1199.440082 1204.400212 1199.844778 1193.514726 1187.682739 1182.536658 1176.219948 1172.197451 1170.158924 1169.583308 1170.133279 1163.656292 1153.918975 1143.200397 1133.871725 1124.418060 1116.799198 1112.554007 1105.957036 1096.760969 1082.650618 1051.757079
-9999.0 -530.274289 -413.145047 -313.180811 -182.018621 -42.601460 91.062011 258.555386 414.482567 630.266618 804.516577 898.686886 952.147809 1016.134116 1082.180073 1146.839407 1155.423777 1130.567121 1105.508804 1095.328652 1102.488674 1114.183852 1128.770424 1148.631114 1165.150053 1174.608780 1176.882947 1170.594157 1158.589919 1150.415552 1143.832086 1133.118896 1124.666631 1122.451697 1121.778701 1127.948898 1130.623751 1122.157072 1110.557778 1096.468455 1084.340502 1075.419578 1073.312647 1075.014975 1075.366807 1072.470151 1065.726242 1054.870776 1040.600459 1025.803636 1014.103710 1004.804474 994.886034 982.350078 968.484066 952.384136 921.264810
-9999.0 -9999.0 -484.741375 -372.825362 -259.365108 -132.315224 -8.009326 143.934344 298.135990 485.168912 609.841880 734.853572 812.278203 866.878062 925.164346 981.345353 1001.107521 1020.314092 1005.331624 1012.273504 1022.237014 1030.996274 1042.403654 1054.829262 1067.862931 1077.388274 1084.466263 1083.003011 1074.097277 1057.031785 1035.572114 1017.096820 1004.691736 995.773702 1003.049924 1013.450475 1010.638436 1003.490761 991.407050 975.931664 963.179108 950.149300 946.727289 947.431530 947.574752 944.556594 939.169176 924.989661 909.068621 892.142972 881.081981 870.286949 860.538094 845.972643 830.725626 813.629338 785.916484
-9999.0 -9999.0 -567.503901 -457.087191 -338.112671 -212.340669 -106.340062 -10.623576 147.025705 268.017006 373.306703 471.466302 554.440405 620.230135 670.356273 733.756406 773.670479 792.334135 809.904414 836.815252 864.579559 891.773583 909.830202 923.406710 937.342673 949.954050 958.671727 947.768549 936.242020 917.982695 893.682903 866.117125 849.407847 841.845220 843.642038 849.175460 843.167065 832.167501 816.530812 799.430466 785.600163 773.388933 769.066124 766.216520 765.036536 761.848533 757.665958 747.091149 732.965736 721.548650 710.052675 700.738119 694.743557 685.101981 673.220154 664.037947 643.922660
