tests/Borden05m/sims/sim_1/output-maps/psiliqL0012N0007.asc
ncols         160
nrows         34
xllcorner     620200.000000
yllcorner     5168000.000000
cellsize      0.500000
NODATA_value  -9999.0
[rows 0 to 24 of 34, columns 56 to 111 of 160]
-9999.0 -9999.0 -9999.0 -9999.0 -9999.0 -9999.0 -9999.0 -9999.0 -9999.0 -9999.0 -9999.0 -9999.0 -9999.0 -9999.0 -9999.0 -9999.0 -9999.0 -9999.0 -9999.0 -9999.0 -9999.0 -9999.0 -9999.0 -9999.0 -9999.0 -9999.0 -9999.0 -9999.0 -9999.0 -9999.0 -9999.0 -9999.0 -9999.0 -9999.0 -9999.0 -9999.0 -9999.0 -9999.0 -9999.0 -9999.0 -9999.0 -9999.0 -9999.0 -9999.0 -9999.0 -9999.0 -9999.0 -9999.0 -9999.0 -9999.0 -9999.0 -9999.0 -9999.0 -9999.0 -9999.0 -9999.0
-9999.0 -9999.0 -9999.0 622.464521 616.999829 611.814846 606.995862 598.169958 589.101315 580.827871 577.055217 576.357606 575.773837 575.605220 581.085038 589.290567 597.141539 604.532270 607.155738 609.820605 612.314349 613.056316 612.064449 609.085365 606.045688 602.886633 601.606525 593.665432 582.436563 573.734311 571.091232 575.618179 580.152188 582.669708 588.555059 599.269400 610.013080 618.439087 630.128959 635.663555 640.535471 643.272504 638.882549 635.025735 630.948392 625.682370 614.499082 -9999.0 -9999.0 -9999.0 -9999.0 -9999.0 -9999.0 -9999.0 -9999.0 -9999.0
586.116979 606.161050 609.508788 598.294895 593.443218 590.243622 588.285668 583.500353 574.980596 569.885245 564.693369 563.115079 563.403773 563.710609 568.076851 578.394969 586.586178 591.575302 594.297439 597.117136 597.178354 596.941258 596.896104 594.305898 591.174828 588.064171 586.529309 587.097276 579.697967 574.413727 571.160508 569.692198 572.240749 574.611811 577.876066 587.327566 595.413989 603.469169 617.546150 629.699204 634.647624 631.836034 626.465426 622.300782 615.295925 604.967368 594.367957 584.417810 577.117479 571.288950 565.339250 571.003879 577.212358 586.853775 596.373054 608.127289
571.035014 591.288826 594.294165 583.640141 575.445555 570.708850 571.043268 573.712864 570.384544 566.013901 561.526694 570.183217 571.763210 573.193192 576.712210 580.095449 583.240114 586.217884 591.818827 601.088625 604.107440 604.987323 605.497912 604.054500 601.322818 599.889373 597.476642 592.594972 591.813982 592.359139 592.344013 597.476005 599.008438 600.620288 593.783140 597.152864 603.197916 609.840543 616.232599 622.688774 626.457149 622.791830 621.320863 612.385784 598.003031 586.258903 577.242894 574.780046 571.140203 562.849197 549.785810 556.360095 571.432490 575.606072 578.627255 590.019617
566.544412 578.653431 581.912039 577.113612 578.541038 580.289707 582.004174 580.697030 578.047036 576.615214 589.662351 599.545165 601.751248 605.039056 608.913625 608.390146 596.604109 594.371764 602.996756 613.726045 619.982872 620.697917 621.188497 619.832999 619.388612 619.507045 617.763342 619.052556 621.926106 622.405345 627.395249 633.195717 636.093930 628.055332 618.745803 619.252698 626.671803 634.418261 641.370642 651.663779 662.550344 660.810015 654.378861 644.522970 630.023376 605.706335 585.278702 573.742848 566.012341 558.178346 557.308743 553.789632 564.244545 565.320438 566.555126 574.337273
573.957261 595.619052 604.031873 598.437438 593.525908 590.891271 591.934372 592.564483 596.251804 609.561458 624.088299 639.451610 642.867808 645.982353 645.994683 637.051977 627.007827 623.352276 638.519470 655.104998 664.045748 665.588275 666.109295 674.255761 673.660393 672.560777 668.311151 671.177976 673.643979 684.466399 692.473321 699.690891 697.888259 685.803240 674.168119 672.076173 674.067638 676.419153 681.889806 691.497274 700.543752 694.526149 686.076620 674.568127 644.435403 615.726349 597.552827 596.665429 595.796165 589.953762 585.801707 581.477372 573.410207 572.033401 570.421151 569.090742
626.615710 647.234924 663.840854 658.625726 650.892269 640.933012 641.958113 645.781739 654.841962 669.102450 688.175887 713.555221 717.838354 722.153351 725.804759 715.049194 702.948852 691.853863 709.571609 720.406197 730.259961 733.795254 745.688549 757.365353 754.371538 747.674860 738.909897 746.449974 759.805266 775.716703 782.988976 787.034407 786.210333 775.198083 769.042559 766.463483 767.194668 763.280549 766.252393 775.571864 789.449483 787.498169 776.004225 751.063423 711.995584 675.141447 652.102517 655.343812 646.860058 638.691718 633.320563 617.850147 605.370743 603.916172 593.083660 585.729565
680.426775 700.193399 719.641006 716.071936 706.009964 693.573519 693.944273 702.650765 714.047372 735.037887 760.601008 787.063447 798.294738 803.937129 814.280766 808.104504 798.812443 790.500410 800.918922 814.168254 827.690763 840.088281 855.499887 870.037022 863.989400 854.998872 852.473487 859.256941 879.768350 897.574418 903.502887 905.450220 908.637394 900.003549 892.477901 884.311374 877.037738 869.092581 862.961554 878.670627 892.824747 888.651761 862.112762 834.431061 795.133151 754.181362 718.234398 713.531750 708.509368 705.001820 687.696315 670.005419 650.772679 638.750350 627.765015 611.709957
782.177012 805.643180 828.427791 831.579821 816.466286 810.115726 815.825070 829.503238 838.528425 856.547265 885.061965 920.769324 945.845780 967.698542 972.992082 964.526515 955.210185 941.851796 939.555625 957.100104 971.238049 985.111322 999.775966 1016.237066 1026.288911 1027.662207 1030.165817 1035.464181 1043.485191 1052.976266 1060.376402 1066.290113 1071.996251 1068.910259 1058.343632 1050.394319 1039.697945 1030.208888 1025.098565 1024.563372 1032.431267 1027.461269 998.321570 966.609786 930.354620 889.069616 853.081273 830.272318 831.232994 816.238547 794.908444 771.522506 732.750696 712.337493 693.320813 661.431407
902.157114 933.815242 951.516895 966.923147 964.035096 966.622955 971.329600 979.822298 987.471248 999.342037 1036.311177 1074.726265 1106.527324 1131.968498 1141.184234 1131.291273 1121.662356 1110.269150 1101.608146 1106.299867 1122.081177 1140.920699 1159.480235 1173.912826 1181.026207 1182.936180 1185.836002 1189.772407 1194.294413 1198.169176 1204.532209 1211.742411 1221.481005 1232.122647 1226.232176 1209.024163 1195.533933 1180.102908 1173.155138 1169.851242 1165.880340 1163.152505 1152.919458 1118.887457 1086.928187 1050.738075 1016.037337 988.916306 969.179816 945.601998 919.316878 869.561093 824.276060 784.626293 752.999649 721.245924
1042.175778 1077.037539 1103.832920 1120.149350 1123.827126 1126.340637 1129.393827 1136.251355 1143.407840 1153.591008 1178.576119 1217.120438 1254.275851 1283.476163 1287.580664 1278.767694 1268.985151 1259.326078 1250.086156 1247.978198 1256.560038 1268.627891 1285.776453 1298.939607 1310.657410 1312.096751 1314.294617 1316.109989 1319.265088 1321.829003 1324.023536 1330.712874 1341.751595 1352.093617 1352.975218 1340.205186 1323.454465 1306.053977 1298.283287 1291.592121 1284.988771 1283.523817 1282.076900 1273.270054 1246.789758 1209.219361 1163.951297 1133.600162 1108.952755 1092.518714 1072.707468 1043.186877 987.140730 951.403560 911.883209 873.360594
1176.042133 1207.884678 1239.033267 1257.735883 1265.234230 1265.325016 1267.170058 1274.505989 1281.492091 1292.784014 1310.104822 1333.079433 1360.447686 1385.646138 1402.194498 1398.798385 1387.372290 1371.646384 1367.890493 1367.780522 1370.555679 1377.651842 1385.921111 1401.521804 1417.569240 1423.757576 1425.475523 1424.073039 1426.905413 1428.608388 1429.072880 1430.057994 1434.263059 1440.724179 1443.054714 1438.763348 1423.925406 1405.019437 1391.225212 1382.889901 1378.345872 1375.706090 1375.877144 1374.293452 1362.218772 1333.931519 1296.770055 1263.210781 1240.313184 1222.799282 1206.657476 1191.615114 1168.399952 1145.941579 1112.063935 1065.983433
1287.951660 1313.510353 1339.136945 1361.985225 1377.085650 1380.252118 1385.230120 1389.466634 1398.991147 1414.153561 1432.281574 1445.145126 1460.483132 1480.128190 1491.638443 1497.236095 1498.157825 1497.928671 1500.629684 1501.651471 1479.722139 1483.063029 1486.160597 1492.723079 1500.284377 1502.966330 1503.670734 1503.312380 1504.912658 1505.794683 1506.452121 1506.441504 1506.333011 1508.172240 1508.901095 1508.216909 1502.680469 1505.034054 1489.293344 1478.301790 1471.379010 1463.961070 1455.430507 1445.894499 1436.526358 1421.440760 1396.413916 1365.186311 1339.083451 1327.598575 1319.855146 1311.063716 1302.701837 1285.209976 1262.369967 1231.042134
1391.737390 1406.661595 1425.206100 1450.099140 1466.955808 1476.003646 1483.434968 1487.483229 1498.815890 1511.149738 1506.733771 1509.569990 1512.377510 1515.139628 1515.979074 1516.303981 1516.479378 1514.903464 1515.386721 1514.677336 1510.808301 1502.143520 1503.929036 1505.410487 1507.754188 1511.101583 1509.788999 1510.920203 1514.273964 1513.450390 1508.766091 1505.848019 1504.648477 1505.210099 1512.328158 1515.602653 1516.800179 1516.677082 1516.800276 1517.147329 1516.444387 1515.155967 1512.936006 1509.912889 1512.087253 1502.768812 1481.359868 1451.123172 1418.934390 1405.681828 1400.917959 1400.306682 1396.009921 1389.040897 1370.778755 1344.765056
1497.104969 1509.293589 1507.529191 1515.163797 1518.712310 1520.092355 1521.871071 1523.652786 1524.158802 1520.680289 1517.054534 1512.251880 1510.756056 1509.146972 1506.499610 1507.014820 1505.267214 1501.972685 1499.421858 1494.253066 1484.736355 1474.202979 1472.022695 1476.353747 1480.701408 1484.263267 1486.844703 1490.026595 1491.623214 1487.841526 1481.192728 1475.218306 1473.929687 1480.545820 1486.153428 1491.437654 1492.604658 1492.126689 1491.319416 1492.729034 1491.369420 1492.480634 1498.869020 1511.422291 1517.020810 1519.024664 1518.848255 1513.101854 1502.310991 1493.598209 1474.290448 1476.855231 1471.631247 1460.204500 1440.442872 1418.719997
1520.585918 1520.148011 1518.240265 1512.160724 1506.091151 1504.927908 1508.224116 1514.461937 1515.402656 1508.381070 1500.249174 1493.419923 1486.669947 1484.257931 1482.519498 1481.531431 1481.621277 1476.964812 1470.475731 1456.901857 1446.707341 1436.352537 1430.452530 1428.136160 1432.112785 1440.391487 1448.573171 1452.739395 1446.829225 1440.663216 1431.653339 1424.996705 1426.117835 1428.962734 1438.028304 1451.750008 1456.667123 1458.529723 1455.224029 1452.634238 1448.309460 1447.283414 1454.161097 1468.265880 1482.274762 1494.788195 1502.321436 1509.303441 1515.382201 1519.049334 1519.359910 1518.925819 1517.135927 1514.948304 1500.431630 1481.307547
1508.672619 1502.653852 1497.977541 1491.496936 1485.664308 1483.595259 1485.500357 1487.916533 1484.338724 1477.590375 1467.624612 1456.938603 1447.132233 1440.535102 1440.418248 1441.757699 1442.319610 1436.550414 1423.593629 1408.039384 1395.987566 1382.776704 1378.409006 1372.529443 1367.014012 1375.646418 1390.755230 1396.158400 1383.569567 1375.113984 1362.738371 1356.897765 1355.114951 1357.564717 1367.592243 1387.709543 1407.578804 1410.541403 1403.345301 1396.340272 1393.525015 1392.288748 1399.181801 1416.697849 1435.432819 1449.117668 1457.956434 1463.214258 1470.827554 1479.510954 1490.328770 1501.763253 1511.034776 1518.407026 1521.160585 1519.429319
1487.322807 1480.381710 1473.408798 1466.706895 1460.477886 1455.810929 1452.972267 1449.689527 1443.212157 1435.930032 1421.939657 1409.629653 1397.111842 1382.458909 1377.601104 1373.505045 1374.476513 1363.602034 1354.078922 1336.615070 1321.865250 1306.015946 1294.353128 1286.332174 1278.080561 1280.095978 1293.603767 1301.767661 1288.778712 1279.546284 1268.083357 1263.330476 1261.459633 1264.754261 1276.603058 1300.675946 1321.657189 1331.270479 1326.377688 1323.936852 1323.927903 1324.672258 1331.447671 1346.486478 1366.396345 1387.022722 1402.743165 1412.061287 1419.725132 1429.323026 1442.549993 1454.757002 1466.583943 1481.305807 1498.956640 1511.884863
1459.266126 1450.293963 1441.382925 1431.163829 1420.355161 1413.455057 1413.404711 1405.562949 1397.941820 1381.875356 1335.370805 1316.147782 1296.217739 1278.250866 1269.641605 1259.909455 1250.702579 1240.973164 1234.302736 1227.232470 1211.237744 1192.211379 1173.173112 1164.289505 1156.540268 1144.865563 1147.784224 1150.134210 1153.963304 1147.176321 1142.109212 1140.952421 1139.892794 1145.179676 1161.737494 1177.464184 1191.904265 1202.096086 1204.212248 1214.080535 1222.964106 1229.298894 1247.344797 1263.215215 1283.205796 1306.631827 1331.714575 1346.381175 1357.220595 1368.886798 1384.306995 1399.937703 1415.615467 1435.697270 1457.649471 1471.384447
1422.359310 1409.102360 1395.031881 1381.646412 1367.684894 1352.888847 1351.448414 1345.454785 1334.301611 1290.585318 1245.192289 1209.244538 1186.553965 1159.351612 1143.001169 1127.940526 1099.215692 1083.550890 1076.696726 1080.776049 1069.684346 1050.077024 1032.114648 1019.631067 1009.075730 993.199485 982.588021 986.565206 998.685094 994.345474 992.980093 997.752514 997.295830 996.181964 1005.356044 1024.472127 1037.677080 1052.005489 1067.217599 1074.981430 1087.285314 1116.825723 1134.686481 1154.897692 1180.608614 1207.674116 1234.950724 1259.369379 1276.548797 1294.266761 1315.021534 1332.755922 1353.409832 1375.899200 1402.816104 1420.833104
1359.413680 1339.140892 1320.864306 1300.853746 1276.796515 1252.701377 1246.514213 1235.437722 1211.576819 1159.930975 1113.416250 1077.448182 1048.816499 1017.862795 992.934109 961.092804 926.489232 904.428017 908.672948 914.903352 914.240728 898.081656 882.439344 869.185161 852.686143 835.267990 822.461458 830.469456 838.918238 847.280134 850.997329 855.202340 858.706285 859.255038 857.454622 866.069260 878.550476 892.346179 905.986331 922.529592 955.108281 983.528494 1005.806618 1033.049187 1061.056912 1091.459862 1122.586048 1151.395704 1174.811885 1199.710222 1224.074399 1248.949966 1272.743888 1299.431156 1329.395117 1353.988488
1279.554598 1249.641084 1222.748928 1190.749002 1145.775106 1124.891934 1110.864795 1092.870928 1050.742644 1001.164865 958.647590 928.088849 897.487175 868.314753 836.869317 802.279845 773.612284 752.151132 757.972411 764.181302 774.482103 761.295995 748.521096 740.590403 724.243403 709.146504 693.971292 701.157008 710.982112 728.189853 732.511422 736.325374 743.916202 743.904381 743.001367 736.101132 746.907292 759.462349 775.203196 804.829523 831.984399 859.054690 884.322051 909.937378 938.824861 969.780550 1001.590526 1035.572800 1064.134825 1091.786617 1121.018999 1148.512245 1173.538613 1200.088362 1230.528937 1256.905351
1158.600074 1129.848122 1098.728652 1054.776987 1003.054862 961.983563 940.355430 897.537997 858.810292 818.591108 795.784535 772.559965 745.494562 720.370971 696.176748 668.050340 643.902238 618.912657 622.002997 633.898082 647.214667 640.784375 636.335532 632.235897 620.181101 605.862905 591.883492 595.293103 610.410602 627.298347 634.901557 641.812578 649.796972 650.566282 644.624069 637.354714 644.286910 659.695092 677.246931 699.775523 723.993086 748.180468 771.564354 797.861760 825.830177 854.823064 886.383516 919.908808 947.671747 979.171373 1011.744106 1039.726484 1060.671199 1082.706042 1113.685951 1138.869053
1028.235734 996.243068 962.325324 914.830079 866.183217 818.224313 775.031872 738.288349 703.649493 682.695334 660.402837 639.549730 618.874279 595.754324 574.613349 554.425004 531.388184 513.023307 517.872054 530.568073 541.352743 543.717719 540.225700 536.655392 528.682969 514.617044 504.411716 512.773678 528.125390 543.055807 553.394123 560.338725 566.720860 564.450957 556.796446 551.679991 560.524071 576.898582 592.747948 611.166065 633.894774 656.784786 680.403437 705.475654 731.021214 759.377661 789.042281 819.739145 850.736080 879.960778 908.134907 926.274447 945.079517 959.997263 983.507537 1009.824678
878.997760 848.083849 814.941951 777.142325 734.317531 700.107483 664.922085 631.375061 598.630358 571.030166 551.956881 540.366963 524.053579 503.564237 489.011924 471.248595 453.154277 452.577883 455.167951 466.100574 467.105476 467.454701 464.186709 462.791266 458.188904 447.365879 454.205948 461.662000 476.329919 487.207438 496.767257 503.179472 507.522944 507.686592 501.633790 505.560931 513.221947 528.412365 540.995620 556.916169 578.681208 597.297754 618.171636 641.924431 666.721602 693.015922 721.169432 751.704163 779.923360 803.575519 817.560021 833.222291 844.395637 844.507346 864.532323 886.182369
