tests/Borden05m/sims/sim_1/output-maps/psiliqL0006N0019.asc
ncols         160
nrows         34
xllcorner     620200.000000
yllcorner     5168000.000000
cellsize      0.500000
NODATA_value  -9999.0
[rows 0 to 24 of 34, columns 0 to 55 of 160]
-9999.0 -9999.0 -9999.0 -9999.0 -9999.0 -9999.0 -9999.0 -9999.0 -9999.0 -9999.0 -9999.0 -9999.0 -9999.0 -9999.0 -9999.0 -9999.0 -9999.0 -9999.0 -9999.0 -9999.0 -9999.0 -9999.0 -9999.0 -9999.0 -9999.0 -9999.0 -9999.0 -9999.0 -9999.0 -9999.0 -9999.0 -9999.0 -9999.0 -9999.0 -9999.0 -9999.0 -9999.0 -9999.0 -9999.0 -9999.0 -9999.0 -9999.0 -9999.0 -9999.0 -9999.0 -9999.0 -9999.0 -9999.0 -9999.0 -9999.0 -9999.0 -9999.0 -9999.0 -9999.0 -9999.0 -9999.0
-9999.0 -9999.0 -9999.0 -9999.0 -9999.0 -9999.0 -9999.0 -9999.0 -9999.0 -9999.0 -9999.0 -9999.0 -9999.0 -9999.0 -9999.0 -9999.0 -9999.0 -9999.0 -9999.0 -9999.0 -9999.0 -9999.0 -9999.0 -9999.0 -9999.0 -9999.0 -9999.0 -9999.0 -9999.0 -9999.0 -9999.0 -9999.0 -9999.0 -9999.0 -9999.0 -9999.0 -9999.0 -9999.0 -9999.0 -9999.0 -9999.0 -9999.0 -9999.0 -9999.0 -9999.0 -9999.0 -9999.0 -9999.0 -9999.0 -9999.0 -9999.0 -9999.0 -9999.0 -9999.0 -9999.0 -9999.0
-9999.0 -9999.0 -9999.0 -9999.0 -9999.0 -9999.0 -9999.0 -9999.0 -9999.0 -9999.0 -9999.0 -9999.0 -9999.0 -9999.0 -9999.0 -9999.0 -9999.0 -9999.0 -9999.0 -9999.0 -9999.0 -9999.0 -9999.0 -9999.0 -9999.0 -9999.0 -9999.0 -9999.0 -9999.0 -9999.0 -9999.0 -9999.0 -9999.0 -9999.0 -9999.0 -9999.0 -9999.0 -9999.0 -9999.0 -9999.0 -9999.0 -9999.0 -9999.0 -9999.0 -9999.0 -9999.0 -9999.0 -694.805181 -712.750594 -730.414078 -731.997889 -708.891118 -685.754263 -662.397959 -642.239662 -623.799657
-9999.0 -9999.0 -9999.0 -9999.0 -9999.0 -9999.0 -9999.0 -9999.0 -9999.0 -9999.0 -9999.0 -9999.0 -9999.0 -9999.0 -9999.0 -9999.0 -9999.0 -9999.0 -9999.0 -9999.0 -9999.0 -9999.0 -9999.0 -9999.0 -9999.0 -9999.0 -9999.0 -9999.0 -9999.0 -9999.0 -9999.0 -9999.0 -9999.0 -9999.0 -9999.0 -9999.0 -9999.0 -9999.0 -9999.0 -9999.0 -647.578177 -641.712137 -639.892152 -651.310726 -662.917121 -674.616308 -694.720040 -712.953747 -729.240053 -732.422790 -730.130293 -724.459737 -701.243130 -677.429460 -658.427383 -641.165774
-9999.0 -9999.0 -9999.0 -9999.0 -9999.0 -9999.0 -9999.0 -9999.0 -9999.0 -9999.0 -9999.0 -9999.0 -9999.0 -9999.0 -9999.0 -9999.0 -9999.0 -9999.0 -9999.0 -9999.0 -9999.0 -9999.0 -9999.0 -9999.0 -9999.0 -9999.0 -9999.0 -9999.0 -9999.0 -9999.0 -9999.0 -9999.0 -9999.0 -9999.0 -738.805785 -721.134281 -703.280988 -685.344256 -669.053878 -662.896722 -657.219756 -651.424322 -655.707244 -660.880211 -672.558069 -691.250507 -711.466080 -726.300474 -729.372893 -732.409602 -728.289422 -715.252306 -699.014537 -682.856611 -662.228225 -639.542412
-9999.0 -9999.0 -9999.0 -9999.0 -9999.0 -9999.0 -9999.0 -9999.0 -9999.0 -9999.0 -9999.0 -9999.0 -9999.0 -9999.0 -9999.0 -9999.0 -9999.0 -9999.0 -9999.0 -9999.0 -9999.0 -9999.0 -9999.0 -9999.0 -9999.0 -9999.0 -9999.0 -9999.0 -732.882959 -739.094820 -744.690418 -746.532731 -748.230395 -749.997414 -743.338903 -731.137754 -712.929914 -691.818857 -679.553753 -672.884278 -666.777479 -666.309837 -671.456101 -674.125842 -674.257543 -686.308693 -698.285419 -709.566652 -720.549979 -721.959281 -712.686704 -699.363530 -683.909611 -669.737825 -655.055527 -641.460589
-9999.0 -9999.0 -9999.0 -9999.0 -9999.0 -9999.0 -9999.0 -9999.0 -9999.0 -9999.0 -9999.0 -9999.0 -9999.0 -9999.0 -9999.0 -9999.0 -9999.0 -9999.0 -9999.0 -9999.0 -9999.0 -9999.0 -9999.0 -761.190412 -755.033446 -748.839476 -741.816905 -741.357714 -746.328066 -752.516615 -756.224580 -758.296246 -760.305283 -756.429240 -748.265923 -734.873768 -719.332795 -698.191887 -690.177128 -683.739696 -671.449982 -669.984914 -666.089453 -662.476531 -664.866286 -667.810888 -680.087880 -689.186958 -683.252831 -677.236535 -671.555208 -664.936567 -652.629368 -637.263543 -619.596894 -598.808364
-9999.0 -9999.0 -9999.0 -9999.0 -9999.0 -9999.0 -9999.0 -9999.0 -9999.0 -9999.0 -9999.0 -9999.0 -9999.0 -9999.0 -9999.0 -9999.0 -9999.0 -9999.0 -9999.0 -785.168450 -784.647424 -784.125155 -779.923004 -779.378429 -777.475341 -770.763593 -762.926243 -761.462250 -763.458554 -765.761197 -764.669539 -762.502179 -758.946184 -747.720987 -734.263291 -720.634486 -706.899873 -686.470888 -672.208547 -658.492457 -642.501698 -644.961160 -650.377990 -653.389407 -653.574551 -653.326210 -646.625627 -642.798220 -637.727454 -631.709994 -624.775635 -616.520239 -606.499134 -587.890835 -567.034503 -545.604446
-9999.0 -9999.0 -9999.0 -9999.0 -9999.0 -9999.0 -9999.0 -9999.0 -9999.0 -9999.0 -9999.0 -9999.0 -9999.0 -9999.0 -9999.0 -9999.0 -812.548369 -810.966961 -809.386305 -804.631218 -802.847317 -799.322402 -792.847050 -792.457691 -789.030834 -782.389150 -777.868710 -769.945379 -762.681509 -755.777327 -750.370081 -748.330358 -741.002627 -731.879609 -720.517148 -705.162696 -683.434217 -661.348770 -645.584026 -629.426791 -613.058339 -613.646944 -615.589501 -615.111355 -614.715635 -606.228213 -587.341233 -581.058084 -576.755633 -555.928229 -540.681150 -534.818806 -527.323487 -508.283304 -481.526040 -447.990766
-9999.0 -9999.0 -9999.0 -9999.0 -9999.0 -9999.0 -9999.0 -9999.0 -9999.0 -9999.0 -9999.0 -9999.0 -9999.0 -854.991047 -851.131569 -842.538948 -835.715331 -834.262152 -831.097992 -826.211843 -814.428883 -811.577640 -805.898751 -798.732911 -787.989241 -780.107595 -771.403801 -760.165238 -752.277415 -745.704257 -739.152968 -732.720643 -719.217985 -704.139993 -688.521677 -668.576145 -647.564346 -626.621009 -605.451272 -590.983273 -576.599191 -572.679988 -575.468936 -574.472310 -565.862909 -545.943371 -524.769860 -508.525445 -481.506474 -452.087984 -432.558552 -414.566310 -401.787441 -385.017788 -356.529087 -306.299465
-9999.0 -9999.0 -9999.0 -9999.0 -9999.0 -9999.0 -9999.0 -9999.0 -9999.0 -9999.0 -890.944972 -888.158739 -892.129292 -891.665493 -887.792955 -876.456212 -863.994402 -857.548576 -847.082779 -827.097083 -810.757060 -808.135597 -793.609956 -784.398365 -778.633758 -768.449325 -755.872119 -743.370698 -726.292738 -714.140882 -701.610614 -680.700123 -664.739643 -648.945632 -631.815420 -612.667870 -591.222750 -559.543019 -530.590465 -514.538442 -486.480670 -467.999164 -471.374389 -470.914904 -461.635496 -437.640275 -403.508308 -363.446900 -328.491577 -290.364338 -262.106863 -243.924149 -230.622559 -215.591753 -197.991946 -167.217641
-9999.0 -9999.0 -9999.0 -9999.0 -9999.0 -9999.0 -9999.0 -9999.0 -914.974422 -908.333950 -902.018573 -905.514079 -910.847324 -914.441269 -902.098576 -886.740140 -871.389299 -855.204788 -839.926249 -822.944740 -807.961283 -791.812006 -773.323273 -762.184272 -750.891534 -736.357996 -723.307189 -705.573020 -684.691396 -669.827208 -650.282523 -628.483200 -608.752584 -590.754646 -572.242504 -553.132499 -520.963975 -481.118463 -440.512445 -405.434983 -366.178609 -330.059039 -326.211519 -319.747489 -310.607555 -275.100786 -236.902492 -201.018571 -170.879181 -142.578943 -114.397591 -98.552788 -88.127373 -75.546371 -60.262335 -45.639147
-9999.0 -9999.0 -9999.0 -9999.0 -9999.0 -9999.0 -939.942985 -915.777454 -901.254084 -909.850746 -917.720511 -921.178562 -924.764141 -907.459718 -886.598667 -870.552032 -854.666356 -838.201278 -822.870948 -808.366624 -772.989908 -758.196181 -743.833073 -723.943937 -710.890753 -697.742933 -680.927171 -657.461052 -633.961664 -599.521129 -566.805986 -536.577218 -506.809347 -483.493777 -460.741138 -434.707721 -390.858692 -337.458906 -286.261690 -246.876326 -213.746769 -182.293391 -170.929031 -164.009799 -155.132040 -137.806981 -109.745898 -81.035093 -48.397922 -17.483743 6.700372 18.133278 28.136737 39.259944 52.771460 67.116243
-9999.0 -9999.0 -9999.0 -9999.0 -972.188157 -951.575488 -931.424617 -900.584166 -878.139135 -884.831101 -877.346650 -877.010700 -878.528932 -877.221708 -872.740196 -855.505683 -838.873461 -822.220561 -803.918656 -765.396799 -725.175442 -709.083289 -681.752282 -649.563293 -635.965324 -621.576890 -606.550301 -582.790698 -550.166665 -509.945161 -451.961669 -397.284144 -358.251026 -324.256517 -294.734399 -263.352114 -225.131379 -184.609597 -148.633594 -115.627257 -86.383729 -62.852709 -47.742210 -38.766320 -27.421055 -13.720305 4.371789 29.222512 57.122543 88.829007 117.229197 133.590555 142.125727 152.327672 164.448684 180.910382
-9999.0 -9999.0 -9999.0 -1017.600446 -979.099814 -943.243688 -916.568980 -886.159455 -855.103804 -848.769050 -841.250948 -834.565688 -827.596644 -818.976429 -808.873040 -793.536357 -781.084577 -770.546660 -750.788558 -714.570563 -678.235051 -642.346393 -608.873264 -574.543925 -548.227123 -530.540915 -512.278926 -483.335926 -433.842674 -377.600919 -306.246237 -240.049677 -196.851540 -170.059941 -150.501606 -126.189581 -103.278158 -70.891063 -38.958019 -9.039900 20.446585 44.944793 66.669694 78.856377 88.014871 96.890315 113.504360 133.435763 154.095461 183.940371 222.175622 244.273060 256.010885 263.730792 277.591723 291.921715
-9999.0 -9999.0 -1062.462091 -1026.129644 -991.487431 -939.465731 -887.577981 -855.648401 -815.195948 -789.873068 -783.308168 -764.247025 -747.231595 -738.905672 -721.678944 -704.419115 -693.211155 -691.848360 -681.442992 -643.474509 -585.964165 -529.960820 -484.340854 -412.690620 -368.163104 -339.240423 -321.778872 -289.822888 -250.702716 -200.975275 -151.112360 -103.246625 -64.807754 -34.842879 -21.019115 -4.792087 18.169514 41.596298 71.613274 99.220349 126.773293 152.057694 177.440074 199.183908 206.046601 219.643710 238.858945 258.968351 278.417730 297.452076 314.756522 317.915650 319.306210 320.138785 321.126034 322.066746
-9999.0 -9999.0 -1086.900548 -1043.141135 -1000.567185 -928.610866 -855.117018 -818.746380 -776.115859 -732.585653 -713.946564 -691.006835 -669.718595 -648.445970 -623.865301 -598.080932 -596.131957 -594.698262 -595.822014 -537.137781 -466.803091 -375.858638 -278.531474 -214.348870 -176.618470 -168.347017 -162.115756 -144.957384 -120.318412 -76.867356 -24.617107 28.850352 72.259148 100.951564 115.392375 130.486559 152.272301 181.345908 199.421524 229.910116 249.064421 269.213019 291.284923 310.943556 318.112781 319.025860 317.366639 318.898145 319.772087 320.307359 320.609481 317.720147 317.012165 317.582695 318.570716 313.718400
-9999.0 -1170.523594 -1119.336927 -1065.668991 -994.384052 -925.065382 -837.756285 -756.554534 -709.844435 -669.801181 -641.938587 -619.474493 -555.627561 -497.033781 -464.181526 -427.164859 -431.044010 -435.636201 -443.355251 -388.943028 -310.104754 -207.609016 -97.895596 -50.004691 -26.809485 -26.832886 -31.692483 -18.358432 8.344372 51.977439 121.312687 179.698611 223.793768 254.258805 264.551456 268.017738 282.542073 300.905173 313.368866 318.856530 320.593449 322.577905 319.962030 320.941670 321.045671 320.902998 317.648049 310.987215 301.634382 294.767249 290.336395 285.596162 287.789347 290.835011 291.844237 284.371234
-9999.0 -1205.232707 -1142.963186 -1069.712003 -998.984940 -918.401052 -801.600296 -677.894756 -635.273700 -602.222734 -568.344131 -505.109645 -393.475458 -306.300102 -262.928869 -222.531115 -224.420130 -235.170713 -233.721973 -196.570626 -139.843307 -64.132926 47.638014 116.997728 113.146295 114.756589 118.853903 139.938886 171.483604 208.543071 258.403605 290.598069 301.776343 306.304238 307.898628 308.864164 310.239927 311.156289 308.336085 304.353328 297.786493 298.394737 303.760504 303.499315 298.715568 294.705630 288.430502 278.363126 262.312835 251.803506 246.676908 242.537973 240.623361 240.765677 236.465093 229.834417
-9999.0 -1223.537007 -1151.508290 -1089.217224 -1014.499284 -884.038289 -764.600007 -638.757514 -550.041018 -508.133958 -436.177155 -314.564440 -215.175377 -139.923418 -99.740492 -78.773393 -67.089783 -70.128868 -50.128990 -1.244219 71.198313 158.857350 211.046671 258.217251 241.267807 224.440245 213.414653 214.452705 220.857448 232.267153 252.642027 276.741482 289.160075 295.711390 294.164278 291.335047 287.151260 279.856999 274.521174 269.037876 255.371404 255.101408 267.165843 267.051678 253.640131 245.370564 238.535774 230.152848 219.409818 209.485232 203.901978 199.062210 196.314369 191.631595 186.460805 179.944695
-9999.0 -1307.212940 -1221.274018 -1161.202494 -1015.367011 -854.176197 -734.522137 -578.048026 -433.083985 -359.836074 -246.619352 -151.136166 -72.383923 -19.068598 18.034548 56.706415 83.115022 109.647329 144.700164 171.184465 239.159205 275.903052 283.958417 283.039278 261.428714 231.212301 211.639567 190.419620 182.786338 183.172990 196.093059 216.621581 232.682482 251.695196 241.971572 239.555641 238.260746 234.496913 230.577689 221.373009 210.574168 205.204243 206.799442 211.515954 202.285864 195.819124 188.291058 179.041384 168.720147 159.376002 150.961741 143.671280 140.264686 134.322893 132.540302 125.231330
-9999.0 -1388.782636 -1307.468016 -1195.398659 -1035.730426 -874.146350 -721.823576 -542.945636 -322.155268 -210.619415 -125.532680 -81.726045 -22.968650 36.817066 95.226610 127.932407 145.458575 152.803877 160.485101 171.809716 167.491259 188.329471 207.318219 224.011186 207.939305 192.405972 174.483760 160.272531 154.622589 157.886353 163.647225 171.224296 177.646577 182.243586 178.275587 178.691678 182.338735 177.016061 169.726200 162.141022 154.758339 147.128829 142.500687 139.473794 135.796812 133.877080 125.740351 114.963971 104.101211 95.559095 87.349087 80.975481 78.578282 73.968514 67.840248 57.538561
-9999.0 -1471.325203 -1354.018949 -1247.663368 -1105.287055 -965.558387 -825.250481 -653.628572 -472.000310 -233.995813 -75.046547 -44.934808 -22.513341 14.851321 70.642994 122.426175 128.302237 100.794905 79.265362 71.704819 81.941091 101.064013 118.125732 135.352339 140.363097 139.438987 133.757483 123.344642 111.040352 106.427758 106.457636 103.608604 102.038127 104.624788 103.846941 108.935140 112.170856 103.585759 92.019437 78.064854 65.627445 56.429632 53.308730 53.535496 52.332578 48.758811 41.380795 31.497294 19.631942 8.923018 0.873013 -4.779823 -10.604659 -18.589288 -27.571034 -37.601678
-9999.0 -9999.0 -1424.658634 -1306.839611 -1189.584928 -1059.642094 -926.362086 -766.102445 -604.952301 -377.709324 -245.258174 -163.178828 -118.074980 -81.874810 -33.356205 9.325184 17.245497 25.136480 2.407012 4.149048 11.446940 20.126519 31.608823 42.877271 51.497813 55.805186 58.107645 55.289047 46.947243 34.493767 21.029144 11.651257 6.486660 2.791971 10.354424 20.434657 19.212117 13.260625 2.812814 -11.151872 -23.087327 -35.141925 -38.505392 -37.896736 -38.246827 -41.345031 -46.488849 -58.269182 -70.259251 -82.296162 -88.128267 -93.923925 -99.655930 -109.741582 -120.235573 -132.295404
-9999.0 -9999.0 -1506.752155 -1390.653780 -1263.240074 -1134.797714 -1026.443518 -907.271221 -745.404469 -617.944180 -505.680652 -398.242232 -311.062796 -252.673169 -211.751488 -165.185767 -143.139211 -133.210779 -128.898609 -115.938938 -96.674200 -78.216449 -65.583034 -54.373305 -43.962396 -35.503540 -28.570910 -37.896875 -47.110739 -60.663706 -77.339609 -95.496773 -104.960525 -109.810974 -105.720453 -98.885115 -103.149322 -112.214700 -125.059249 -140.146634 -152.212644 -163.747796 -167.563813 -169.388568 -170.099513 -172.798116 -176.319556 -185.891135 -198.372755 -208.130306 -216.808225 -224.451679 -229.201638 -238.688173 -250.927627 -261.328911
