tests/Borden05m/sims/sim_1/output-maps/psiliqL0024N0019.asc
ncols         160
nrows         34
xllcorner     620200.000000
yllcorner     5168000.000000
cellsize      0.500000
NODATA_value  -9999.0
[rows 0 to 24 of 34, columns 55 to 109 of 160]
-9999.0 -9999.0 -9999.0 -9999.0 -9999.0 -9999.0 -9999.0 -9999.0 -9999.0 -9999.0 -9999.0 -9999.0 -9999.0 -9999.0 -9999.0 -9999.0 -9999.0 -9999.0 -9999.0 -9999.0 -9999.0 -9999.0 -9999.0 -9999.0 -9999.0 -9999.0 -9999.0 -9999.0 -9999.0 -9999.0 -9999.0 -9999.0 -9999.0 -9999.0 -9999.0 -9999.0 -9999.0 -9999.0 -9999.0 -9999.0 -9999.0 -9999.0 -9999.0 -9999.0 -9999.0 -9999.0 -9999.0 -9999.0 -9999.0 -9999.0 -9999.0 -9999.0 -9999.0 -9999.0 -9999.0
-9999.0 -9999.0 -9999.0 -9999.0 3001.147571 2995.826886 2991.005048 2986.911039 2986.252582 2977.301832 2969.493453 2965.471639 2964.470898 2963.761217 2963.284814 2968.315193 2976.458263 2984.145527 2990.826057 2984.059173 2985.819804 2987.673216 2987.907386 2986.741050 2984.071945 2990.422898 2987.360040 2985.729587 2978.301483 2967.169979 2958.809011 2956.119625 2960.323956 2964.662024 2967.107550 2972.347379 2982.713042 2992.964546 2991.736795 3002.962010 3009.711553 3015.025706 3017.688681 3013.712843 3010.456304 3006.583255 3001.185801 2990.141987 -9999.0 -9999.0 -9999.0 -9999.0 -9999.0 -9999.0 -9999.0
2954.290856 2972.592232 2985.661588 2988.780296 2984.844876 2980.079870 2977.006079 2975.383194 2971.317224 2962.908697 2957.879333 2952.514518 2950.080185 2950.188636 2950.196037 2954.025753 2964.789904 2972.688634 2977.338005 2979.812047 2982.641985 2981.290249 2980.576074 2980.362727 2977.497355 2974.258349 2970.899916 2969.079274 2970.404364 2962.832408 2956.926181 2953.099380 2950.317922 2952.968443 2955.626095 2960.003466 2969.162253 2977.010674 2984.365420 2989.514955 3001.331596 3006.916026 3004.409031 2999.840800 2996.693470 2989.996923 2988.131568 2978.337131 2970.229100 2963.901353 2958.378151 2951.901563 2958.075897 2965.570729 2974.795998
2937.984416 2957.236501 2977.536862 2980.201079 2970.064745 2962.324190 2955.848624 2956.413018 2959.862768 2956.687510 2951.992188 2944.700419 2954.507373 2955.607621 2956.451188 2959.748107 2961.950431 2966.848455 2969.367408 2974.727451 2983.657509 2986.441981 2986.897019 2986.965722 2985.012023 2981.779616 2979.846022 2977.063520 2971.804011 2970.112520 2969.847706 2968.695960 2972.846050 2973.834496 2977.051135 2971.404893 2975.657209 2981.801662 2988.126791 2993.182378 2988.669065 2990.799877 2987.563428 2988.595505 2990.177436 2976.810474 2967.390352 2959.760747 2959.591342 2956.481724 2948.424657 2934.692372 2942.635029 2958.474569 2963.051246
2942.865605 2951.876704 2962.625661 2965.245901 2960.274228 2962.426538 2964.266999 2965.603356 2963.875405 2960.502107 2956.551693 2967.270371 2975.175741 2976.588205 2979.139269 2983.178951 2984.530887 2973.647719 2971.606761 2978.980144 2988.069100 2993.217386 2993.380379 2993.046616 2989.606370 2988.462855 2988.225930 2986.366156 2986.031082 2987.694671 2985.597466 2988.755877 2993.882446 2986.111483 2991.488201 2983.310337 2985.325162 2993.302621 2990.733888 2997.570416 3007.167745 3018.027621 3018.177042 3013.629299 3005.786713 2993.992598 2982.199019 2964.703155 2953.582856 2945.557200 2938.180610 2940.539494 2935.900417 2949.138468 2950.728405
2930.909289 2951.020179 2970.687012 2976.826266 2970.897847 2967.045662 2965.666148 2966.400132 2965.679899 2966.584509 2975.887738 2987.604420 2987.876232 2989.116380 2990.889285 2990.365069 2994.731220 2984.850860 2982.062906 2995.157530 2999.185993 3006.218451 3005.764684 3001.885331 3005.465620 3005.297230 3005.413608 3001.786182 3002.652261 3000.767028 3006.792942 3014.403677 3022.165605 3020.062556 3008.429165 2996.300308 2996.050425 3001.114101 3006.840393 3014.206752 3024.388832 3033.654923 3028.911048 3023.600867 3016.055652 2990.956080 2979.886993 2966.161437 2965.724109 2966.231831 2962.171217 2959.856779 2958.419816 2953.712188 2953.689403
2968.240339 2987.331867 2996.527103 3009.037526 3002.763648 2995.087496 2986.281611 2986.401621 2987.040033 2993.021455 3003.560039 3016.733966 3037.832938 3037.550638 3038.227405 3037.425957 3025.469833 3012.401885 3002.224368 3023.512920 3033.559777 3040.763030 3038.732123 3044.452381 3053.184690 3049.415878 3042.841085 3031.040744 3036.695675 3043.916090 3058.968062 3066.663459 3071.684866 3067.606149 3054.206073 3047.641455 3048.742440 3054.582443 3055.241596 3063.296916 3072.331798 3087.326805 3086.236088 3082.220568 3062.175710 3025.559031 2997.277347 2996.121581 2994.469698 2988.756373 2994.032463 2993.606795 2981.959530 2974.099161 2976.715761
2991.211379 3004.299634 3019.879851 3036.359274 3027.932892 3017.568646 3001.454951 2998.586172 3003.086951 3013.015698 3030.489733 3048.928753 3069.152109 3069.103409 3063.858239 3073.135089 3066.423725 3055.816698 3048.163364 3067.880096 3078.137132 3088.232393 3094.452104 3107.000655 3117.521257 3102.075342 3085.814212 3076.218670 3082.907535 3107.479344 3128.984730 3133.782498 3133.170522 3133.115941 3118.843664 3113.775228 3109.911684 3109.446184 3106.382452 3104.230655 3128.463746 3149.255900 3148.930985 3127.343481 3104.697097 3066.200244 3028.886084 3004.418572 3014.789875 3011.801754 3015.401739 3004.837344 2992.819616 2985.203036 2993.639055
3042.769304 3065.114267 3081.821694 3103.018364 3095.263169 3073.074687 3058.207953 3060.950365 3074.123303 3081.813805 3099.530348 3117.453536 3143.888235 3157.185437 3169.276156 3169.612847 3165.867278 3157.391444 3145.209262 3149.285608 3171.847916 3179.484839 3187.815764 3196.469481 3208.986710 3210.101993 3203.836171 3202.178151 3206.316441 3218.734127 3232.267807 3238.955515 3242.340441 3245.351263 3233.649416 3221.233720 3218.638548 3212.747954 3210.739875 3209.782790 3219.965393 3239.149363 3236.301306 3201.702461 3175.423280 3144.938794 3107.307810 3078.048909 3070.471565 3087.778409 3084.829641 3068.678777 3057.160155 3030.259487 3024.446359
3113.980126 3146.916566 3171.264641 3178.249870 3186.041179 3172.561379 3170.811083 3174.707535 3182.664350 3185.832034 3192.226419 3224.319565 3257.906599 3283.263495 3305.988978 3312.994952 3301.140445 3291.334987 3278.031206 3269.107224 3279.024416 3295.506424 3312.905193 3327.852909 3339.104301 3341.393105 3339.861168 3339.940501 3342.858214 3345.825804 3349.907951 3357.994230 3365.515862 3373.671563 3382.084943 3372.414730 3356.216239 3346.597190 3336.969230 3335.646274 3336.714769 3339.862015 3340.913148 3325.730923 3285.605612 3255.025248 3223.358151 3202.801145 3188.847799 3187.251774 3173.042427 3149.527866 3099.433644 3062.385432 3031.044156
3197.491879 3240.358833 3269.369645 3286.948721 3299.715844 3297.337939 3299.051605 3300.110665 3303.954449 3306.539889 3309.706673 3335.665496 3375.752445 3414.549175 3445.395574 3445.692046 3432.480481 3421.229630 3411.911053 3398.018668 3394.128432 3406.054051 3420.844200 3440.523342 3451.054845 3457.603394 3454.638991 3454.879749 3456.495763 3458.779048 3460.863286 3464.265664 3473.555452 3488.153593 3502.226405 3501.632927 3483.501987 3465.728353 3449.598756 3446.576297 3443.745334 3438.805523 3440.975433 3442.837382 3428.278566 3398.101580 3359.786226 3319.471865 3301.759235 3286.157497 3275.545954 3259.173266 3221.385747 3161.438042 3123.857644
3311.617592 3344.526809 3372.655885 3402.653706 3417.799252 3420.573786 3418.251956 3417.339610 3424.263037 3427.319971 3433.418935 3449.844845 3480.778452 3515.307465 3544.522730 3560.066058 3552.709837 3535.380813 3513.762679 3504.486966 3501.756040 3505.164587 3514.317668 3526.595195 3545.618526 3564.599671 3570.230235 3571.093615 3568.525706 3570.816048 3572.318025 3572.424314 3575.127767 3583.201521 3592.762667 3596.049823 3588.631772 3568.272584 3545.219374 3533.551513 3526.851899 3523.368278 3524.082286 3528.856990 3531.747737 3517.429466 3482.830019 3439.365439 3409.240496 3393.500132 3380.626798 3367.591717 3355.632581 3324.981578 3304.698320
3419.048425 3433.943797 3461.631469 3490.014988 3512.688659 3527.466375 3528.170094 3531.399159 3536.087279 3543.610961 3558.646625 3581.332992 3599.775481 3621.739408 3647.721449 3663.557555 3668.830138 3667.353710 3663.572839 3664.826974 3665.160236 3605.710204 3611.672026 3617.609954 3633.792652 3648.511738 3653.807584 3654.411290 3652.008571 3653.764596 3654.488703 3654.405612 3654.036116 3656.142168 3660.948240 3662.785110 3660.514727 3648.458728 3665.306006 3645.594365 3632.304976 3624.190302 3616.029691 3607.790591 3598.406377 3588.624559 3569.161863 3538.852327 3504.793636 3482.903100 3474.788384 3468.853644 3460.758146 3455.281160 3438.681454
3517.186841 3527.736786 3545.570209 3567.928407 3601.030129 3623.926611 3635.163521 3644.333963 3648.964987 3662.689140 3678.972818 3663.933540 3671.822962 3679.987491 3688.099825 3690.885664 3691.683309 3691.315239 3688.941679 3688.205922 3685.859140 3682.284948 3671.922394 3673.520736 3675.427242 3678.034789 3681.745343 3680.620060 3681.712054 3684.660348 3682.925567 3676.940104 3672.913318 3671.340180 3672.287895 3679.687512 3683.139759 3684.081505 3680.928631 3680.019795 3679.073791 3675.844189 3671.812073 3666.127960 3658.856866 3672.647917 3660.832283 3633.335002 3593.911489 3553.585802 3545.464855 3546.789977 3546.849625 3545.307107 3539.794748
3639.829108 3653.270091 3667.821435 3647.316139 3668.525426 3679.382406 3684.459134 3688.424132 3691.179741 3694.120532 3691.091958 3688.050146 3683.193648 3681.664239 3680.325042 3677.899070 3678.534640 3676.649555 3672.611366 3668.632925 3660.829019 3649.362272 3638.188538 3634.727121 3639.057491 3644.620548 3649.695587 3654.028017 3657.711670 3657.817797 3652.423689 3644.064012 3636.572980 3634.895210 3641.728204 3647.448528 3653.851536 3654.707528 3653.318394 3650.874842 3650.671837 3647.478370 3647.713798 3654.724651 3669.320652 3672.316153 3677.921105 3677.122925 3661.314079 3632.693375 3642.549619 3622.734480 3628.579136 3624.058087 3612.802982
3682.535859 3685.167363 3683.618952 3682.461063 3676.134312 3670.120123 3669.358816 3673.369152 3680.399510 3681.494123 3674.477453 3665.964454 3658.800022 3651.472193 3649.175787 3648.572503 3648.303837 3648.787932 3643.523740 3634.386780 3617.586312 3606.051802 3595.005087 3589.078301 3585.475265 3589.071140 3600.174212 3612.100543 3617.098604 3608.052485 3599.703208 3588.016325 3579.965722 3580.397394 3581.539912 3590.980675 3607.532306 3614.785201 3615.556216 3609.204262 3602.887310 3596.289129 3593.297988 3599.727532 3614.940619 3631.505134 3646.890013 3655.912426 3663.570129 3670.606319 3669.487047 3672.089974 3673.522333 3671.499940 3674.145871
3676.785249 3669.863173 3662.952448 3657.712618 3651.293436 3645.997772 3644.209765 3646.168384 3648.228018 3644.246869 3637.898803 3627.970594 3617.044816 3607.428558 3600.014139 3601.057994 3603.432108 3605.066466 3597.925297 3582.747447 3565.175267 3551.789811 3538.000425 3534.110829 3528.353924 3521.046500 3531.200603 3550.666010 3557.932888 3542.116713 3531.355074 3516.287251 3509.655475 3505.747814 3506.586409 3515.527290 3537.731878 3561.346411 3563.324888 3552.469772 3541.690642 3536.918766 3533.710900 3538.416440 3555.142018 3575.647491 3591.505327 3601.776320 3607.075387 3614.832333 3624.180588 3638.206530 3652.816585 3664.993285 3669.994022
3651.898009 3644.186553 3636.585441 3629.042598 3622.219650 3616.116081 3611.908993 3610.004646 3606.269432 3600.280990 3593.378528 3573.540037 3561.297433 3548.637593 3534.003787 3530.295315 3525.802243 3527.050580 3515.716515 3507.658109 3491.152945 3475.942173 3460.501197 3447.527160 3441.867723 3435.308006 3434.167353 3447.802189 3456.281056 3446.482823 3436.775506 3425.975708 3421.335096 3417.986214 3420.399103 3430.788935 3450.496425 3468.775041 3476.998635 3469.552819 3467.841605 3467.508063 3465.864280 3471.977977 3482.928361 3500.840853 3522.897456 3541.404591 3551.095322 3557.922032 3567.090914 3581.293663 3595.267684 3609.462754 3627.260019
3621.600161 3612.417774 3602.632277 3593.075791 3582.754124 3572.461910 3566.147024 3568.801525 3562.889109 3557.369199 3535.536951 3481.529162 3461.018008 3442.449470 3426.569714 3420.173774 3412.071364 3396.854964 3388.350195 3383.858147 3385.423757 3371.555319 3354.934811 3337.565651 3332.757971 3329.250886 3312.665378 3308.860321 3309.629931 3324.901194 3318.777854 3317.178518 3318.768644 3316.374920 3317.794654 3330.568350 3338.545451 3344.295588 3350.910311 3355.104805 3365.163213 3372.156726 3381.610625 3398.371267 3409.180593 3424.383752 3444.485287 3469.588790 3484.592553 3493.858694 3504.069252 3519.145178 3535.132989 3552.628564 3574.802370
3587.326157 3571.293134 3556.997279 3542.942176 3530.485425 3517.925808 3502.611344 3504.630249 3502.621744 3492.793263 3439.482031 3399.048967 3366.447664 3349.598359 3326.491550 3313.501310 3298.120012 3261.022735 3244.150017 3243.552111 3257.897630 3254.186155 3239.055896 3227.232181 3218.101950 3209.091171 3191.863770 3173.925807 3179.943595 3197.979638 3198.587886 3201.609539 3209.215126 3208.605677 3202.098502 3199.885328 3211.952737 3217.458426 3228.363504 3245.354104 3249.969036 3265.304371 3298.102257 3310.630294 3325.261330 3343.325835 3363.356361 3384.308304 3406.205451 3419.796909 3434.544836 3452.589014 3468.914607 3488.912561 3511.227288
3537.465325 3507.021115 3486.390483 3469.436202 3450.876167 3424.843668 3405.203448 3403.316452 3397.476063 3369.663507 3319.038275 3283.907689 3260.660236 3239.404222 3216.898337 3194.320946 3162.023951 3128.152679 3106.846710 3122.188432 3133.420651 3144.558071 3133.264082 3122.626206 3113.231775 3095.685203 3079.122144 3063.139623 3074.051771 3082.714511 3101.034375 3107.712017 3111.618460 3117.275031 3115.801827 3105.354008 3100.758259 3108.674696 3118.339157 3129.933366 3150.469103 3181.372646 3205.319085 3222.900367 3242.753741 3260.684674 3281.474845 3303.790717 3325.819623 3342.139901 3359.843188 3377.090577 3397.340413 3416.080129 3438.575656
3459.123885 3431.430233 3405.615243 3383.122467 3353.105139 3308.007901 3294.386976 3286.015853 3265.347292 3219.381973 3178.706118 3161.515498 3148.664865 3126.055390 3105.626831 3078.277447 3045.463085 3024.148446 3004.152243 3014.728858 3025.213225 3045.108962 3036.521982 3029.781005 3026.890373 3011.839108 2998.730267 2982.551865 2988.993101 3001.059831 3024.181658 3030.076709 3034.167994 3043.398370 3042.579979 3037.961216 3020.749919 3027.372640 3037.831350 3051.339936 3081.673681 3103.648661 3125.591283 3146.688769 3165.313760 3182.570897 3203.866294 3226.085655 3251.323830 3270.024369 3288.218952 3308.907778 3327.443705 3341.457518 3357.399232
3353.498135 3330.045100 3310.974092 3287.589810 3246.298894 3203.572846 3167.832715 3142.724391 3092.227678 3059.024363 3038.700856 3037.779177 3026.153774 3007.224494 2989.935441 2984.631568 2963.555204 2945.056402 2920.451153 2926.069099 2941.956513 2959.067249 2960.244561 2961.189368 2959.854049 2950.666967 2937.364955 2923.851907 2927.644277 2944.688847 2962.658812 2972.643091 2980.364789 2988.146035 2987.915965 2978.497947 2968.504909 2973.216987 2987.948769 2991.577924 3007.968040 3027.933071 3047.346771 3066.880155 3088.455756 3109.992408 3131.983737 3155.749863 3178.065254 3197.980904 3220.520819 3243.623735 3259.375842 3267.463741 3274.819654
3252.903202 3234.295169 3211.986921 3185.748129 3148.431373 3109.838369 3070.253788 3025.311051 2994.204335 2980.009570 2973.758502 2959.056224 2946.409107 2932.658454 2913.267450 2898.338186 2884.205450 2863.561546 2853.679441 2861.233919 2874.941338 2883.462086 2890.335097 2888.465642 2886.370923 2880.897899 2867.168170 2862.868950 2872.849117 2888.057733 2901.799267 2913.315909 2920.209353 2925.352779 2922.297429 2913.120386 2909.976863 2918.019469 2933.220039 2945.755897 2960.134405 2979.832480 2988.092305 3007.837264 3028.488476 3049.260533 3072.445462 3096.343965 3120.889986 3146.656251 3167.756281 3182.071706 3189.526669 3197.850466 3196.834909
3135.516638 3124.666522 3100.002451 3073.496860 3045.494332 3013.491578 2990.975013 2973.392561 2944.928703 2917.706888 2892.971186 2881.421718 2876.081023 2865.380056 2849.306176 2838.935744 2824.127573 2814.416784 2820.711168 2822.335257 2830.735784 2829.207046 2830.383857 2828.182127 2827.789404 2825.706975 2819.594788 2831.330465 2836.960008 2850.317386 2860.328830 2869.993900 2875.718885 2879.234366 2880.247683 2875.870002 2881.506123 2887.403099 2900.780267 2911.504851 2924.538738 2943.780619 2959.281033 2976.910742 2988.027696 3008.910185 3030.673621 3054.732117 3081.123291 3104.208401 3120.590142 3125.915895 3133.804004 3134.199472 3122.173990
