tests/Borden05m/sims/sim_1/output-maps/psiliqL0028N0002.asc
ncols         160
nrows         34
xllcorner     620200.000000
yllcorner     5168000.000000
cellsize      0.500000
NODATA_value  -9999.0
[rows 0 to 24 of 34, columns 0 to 54 of 160]
-9999.0 -9999.0 -9999.0 -9999.0 -9999.0 -9999.0 -9999.0 -9999.0 -9999.0 -9999.0 -9999.0 -9999.0 -9999.0 -9999.0 -9999.0 -9999.0 -9999.0 -9999.0 -9999.0 -9999.0 -9999.0 -9999.0 -9999.0 -9999.0 -9999.0 -9999.0 -9999.0 -9999.0 -9999.0 -9999.0 -9999.0 -9999.0 -9999.0 -9999.0 -9999.0 -9999.0 -9999.0 -9999.0 -9999.0 -9999.0 -9999.0 -9999.0 -9999.0 -9999.0 -9999.0 -9999.0 -9999.0 -9999.0 -9999.0 -9999.0 -9999.0 -9999.0 -9999.0 -9999.0 -9999.0
-9999.0 -9999.0 -9999.0 -9999.0 -9999.0 -9999.0 -9999.0 -9999.0 -9999.0 -9999.0 -9999.0 -9999.0 -9999.0 -9999.0 -9999.0 -9999.0 -9999.0 -9999.0 -9999.0 -9999.0 -9999.0 -9999.0 -9999.0 -9999.0 -9999.0 -9999.0 -9999.0 -9999.0 -9999.0 -9999.0 -9999.0 -9999.0 -9999.0 -9999.0 -9999.0 -9999.0 -9999.0 -9999.0 -9999.0 -9999.0 -9999.0 -9999.0 -9999.0 -9999.0 -9999.0 -9999.0 -9999.0 -9999.0 -9999.0 -9999.0 -9999.0 -9999.0 -9999.0 -9999.0 -9999.0
-9999.0 -9999.0 -9999.0 -9999.0 -9999.0 -9999.0 -9999.0 -9999.0 -9999.0 -9999.0 -9999.0 -9999.0 -9999.0 -9999.0 -9999.0 -9999.0 -9999.0 -9999.0 -9999.0 -9999.0 -9999.0 -9999.0 -9999.0 -9999.0 -9999.0 -9999.0 -9999.0 -9999.0 -9999.0 -9999.0 -9999.0 -9999.0 -9999.0 -9999.0 -9999.0 -9999.0 -9999.0 -9999.0 -9999.0 -9999.0 -9999.0 -9999.0 -9999.0 -9999.0 -9999.0 -9999.0 -9999.0 3672.640856 3655.463225 3642.394563 3637.132210 3657.738951 3680.579633 3704.226362 3724.573530
-9999.0 -9999.0 -9999.0 -9999.0 -9999.0 -9999.0 -9999.0 -9999.0 -9999.0 -9999.0 -9999.0 -9999.0 -9999.0 -9999.0 -9999.0 -9999.0 -9999.0 -9999.0 -9999.0 -9999.0 -9999.0 -9999.0 -9999.0 -9999.0 -9999.0 -9999.0 -9999.0 -9999.0 -9999.0 -9999.0 -9999.0 -9999.0 -9999.0 -9999.0 -9999.0 -9999.0 -9999.0 -9999.0 -9999.0 -9999.0 3724.089138 3729.926915 3729.294856 3719.419349 3707.917773 3693.786316 3672.935373 3655.808716 3642.977978 3641.044507 3643.263385 3645.261910 3665.329309 3690.673973 3710.437560
-9999.0 -9999.0 -9999.0 -9999.0 -9999.0 -9999.0 -9999.0 -9999.0 -9999.0 -9999.0 -9999.0 -9999.0 -9999.0 -9999.0 -9999.0 -9999.0 -9999.0 -9999.0 -9999.0 -9999.0 -9999.0 -9999.0 -9999.0 -9999.0 -9999.0 -9999.0 -9999.0 -9999.0 -9999.0 -9999.0 -9999.0 -9999.0 -9999.0 -9999.0 3632.103852 3648.805080 3666.525191 3684.943319 3701.804824 3708.794623 3714.530320 3719.662074 3714.735074 3710.151599 3698.153227 3676.516076 3657.056039 3644.319445 3643.406468 3640.784684 3643.932989 3654.918493 3671.216457 3685.695054 3705.857862
-9999.0 -9999.0 -9999.0 -9999.0 -9999.0 -9999.0 -9999.0 -9999.0 -9999.0 -9999.0 -9999.0 -9999.0 -9999.0 -9999.0 -9999.0 -9999.0 -9999.0 -9999.0 -9999.0 -9999.0 -9999.0 -9999.0 -9999.0 -9999.0 -9999.0 -9999.0 -9999.0 -9999.0 3638.680034 3632.600363 3627.645223 3625.832758 3624.122254 3622.989866 3629.429294 3640.136352 3656.730728 3678.661038 3691.791230 3698.854277 3705.586398 3705.612406 3699.262737 3697.302929 3697.507859 3684.350934 3671.617390 3659.676793 3647.954746 3644.162286 3652.561963 3666.472835 3682.325278 3696.472212 3711.317688
-9999.0 -9999.0 -9999.0 -9999.0 -9999.0 -9999.0 -9999.0 -9999.0 -9999.0 -9999.0 -9999.0 -9999.0 -9999.0 -9999.0 -9999.0 -9999.0 -9999.0 -9999.0 -9999.0 -9999.0 -9999.0 -9999.0 -9999.0 3609.217952 3613.821571 3620.146408 3627.638947 3628.393609 3625.057485 3619.504263 3616.638456 3614.942502 3612.239953 3616.468162 3622.909160 3635.355418 3650.104649 3672.095862 3679.880228 3683.399125 3694.174135 3697.668499 3705.490157 3708.913767 3706.531135 3701.749573 3685.910818 3673.418610 3674.526537 3677.671996 3684.032075 3691.938252 3704.942628 3717.837702 3732.214474
-9999.0 -9999.0 -9999.0 -9999.0 -9999.0 -9999.0 -9999.0 -9999.0 -9999.0 -9999.0 -9999.0 -9999.0 -9999.0 -9999.0 -9999.0 -9999.0 -9999.0 -9999.0 -9999.0 3585.042258 3586.021454 3587.443075 3592.166602 3592.296380 3593.766016 3600.210163 3607.877448 3610.563442 3607.915970 3606.662272 3607.526990 3609.616452 3613.665906 3623.382480 3636.058512 3649.257036 3661.143589 3681.033390 3694.609082 3705.912255 3720.274465 3720.288672 3716.133934 3713.862394 3713.014083 3710.378609 3707.040401 3704.736727 3710.222724 3709.480123 3711.771282 3720.190388 3731.590504 3747.064401 3763.452358
-9999.0 -9999.0 -9999.0 -9999.0 -9999.0 -9999.0 -9999.0 -9999.0 -9999.0 -9999.0 -9999.0 -9999.0 -9999.0 -9999.0 -9999.0 -9999.0 3556.083341 3557.708183 3559.947783 3565.322342 3568.989552 3572.677101 3579.374000 3580.613231 3583.526473 3590.077545 3593.872148 3602.653674 3610.443753 3616.732318 3621.719334 3623.174938 3628.497626 3636.534044 3646.721423 3659.156387 3677.774437 3700.272861 3714.744274 3730.320282 3746.531437 3746.117659 3743.352492 3742.530463 3739.814831 3739.410928 3752.307967 3754.166767 3746.949570 3754.588901 3765.109033 3766.719130 3772.732802 3791.813102 3812.995964
-9999.0 -9999.0 -9999.0 -9999.0 -9999.0 -9999.0 -9999.0 -9999.0 -9999.0 -9999.0 -9999.0 -9999.0 -9999.0 3506.293878 3510.045312 3520.169798 3531.876344 3534.771803 3539.568128 3546.079563 3557.794736 3560.963569 3566.351307 3572.829000 3584.924466 3592.739304 3600.526177 3611.214346 3618.042299 3623.759547 3628.790133 3629.929181 3639.774169 3652.196308 3664.941584 3682.491174 3703.058969 3719.843395 3736.369935 3751.655049 3761.836473 3757.402076 3755.641926 3756.755799 3759.966785 3771.248628 3786.411731 3784.524668 3791.866490 3811.044469 3819.906819 3825.732137 3830.712355 3843.988494 3864.983215
-9999.0 -9999.0 -9999.0 -9999.0 -9999.0 -9999.0 -9999.0 -9999.0 -9999.0 -9999.0 3480.967936 3482.064917 3477.955634 3474.422375 3479.995824 3492.016407 3506.344011 3511.237736 3522.849095 3543.779357 3562.055173 3564.309294 3576.673383 3585.998888 3591.635691 3600.036671 3611.398297 3621.785861 3635.303863 3645.147917 3651.782060 3665.876553 3679.793589 3694.135981 3709.551598 3728.348846 3742.401114 3763.943060 3787.165314 3793.978362 3808.946928 3809.556193 3804.389135 3801.395225 3809.778160 3819.201695 3832.005090 3845.530072 3862.586917 3883.101596 3891.573562 3903.555167 3911.753531 3921.282767 3936.091751
-9999.0 -9999.0 -9999.0 -9999.0 -9999.0 -9999.0 -9999.0 -9999.0 3456.641523 3464.645160 3469.497860 3465.705452 3460.694430 3453.910279 3468.187059 3482.905151 3498.005122 3515.752944 3530.440870 3547.870216 3560.559330 3573.929704 3592.917626 3602.149512 3611.064628 3624.421778 3635.651158 3648.376809 3666.943569 3672.368526 3680.934093 3698.347189 3711.940922 3726.978521 3743.437012 3758.138361 3776.152716 3804.542256 3831.811061 3846.045609 3870.749280 3886.205950 3879.227189 3876.323084 3876.593375 3898.449134 3923.360921 3951.358516 3968.659434 3990.859996 4018.305453 4037.000683 4045.921099 4056.716854 4070.283676
-9999.0 -9999.0 -9999.0 -9999.0 -9999.0 -9999.0 3428.267783 3452.370588 3467.151966 3457.890607 3442.399684 3436.337723 3429.111797 3460.511775 3482.186331 3498.673568 3514.375336 3530.854735 3545.917684 3552.456650 3580.193747 3598.536347 3608.604291 3619.706185 3632.627740 3645.480511 3659.950931 3679.389828 3694.775773 3714.146821 3727.486781 3741.521383 3763.438517 3779.153916 3794.611845 3806.550255 3832.608314 3865.992001 3899.450594 3922.610182 3946.094480 3977.092635 3975.658747 3976.801756 3977.596100 4001.303901 4034.938857 4064.258136 4095.504721 4125.590931 4153.847047 4164.135847 4172.929885 4182.662792 4195.084618
-9999.0 -9999.0 -9999.0 -9999.0 3396.677789 3417.158152 3435.071287 3464.450784 3485.679454 3480.014154 3483.260613 3480.117948 3474.424854 3478.733873 3486.093792 3502.093580 3520.132316 3538.534323 3551.059677 3575.798724 3621.667753 3630.752324 3645.502309 3673.169867 3682.422319 3694.853156 3708.957209 3727.794983 3744.055864 3769.348705 3801.322301 3828.445919 3848.372812 3866.357222 3884.442477 3900.122802 3934.607356 3970.878344 4005.861637 4036.658595 4062.930665 4088.696223 4094.642432 4099.219767 4108.976818 4125.999352 4148.679656 4176.144732 4209.862966 4241.887195 4264.967195 4273.634724 4278.654229 4288.129547 4295.459963
-9999.0 -9999.0 -9999.0 3341.973797 3380.853929 3420.343530 3445.141693 3474.528619 3506.101263 3504.451715 3512.185683 3510.362465 3507.497224 3511.412661 3512.755944 3527.918855 3545.013977 3564.058173 3584.105671 3615.992542 3643.196330 3658.276706 3684.307614 3697.966955 3708.940665 3720.348038 3737.775167 3756.366509 3791.341862 3819.469674 3864.249001 3913.905622 3945.114409 3963.748865 3985.890534 4013.161392 4038.150159 4076.929890 4110.727118 4142.612973 4172.651938 4194.565277 4208.458580 4212.900961 4222.560911 4228.148643 4240.438941 4261.354480 4283.700670 4314.490263 4343.787789 4372.982541 4388.368219 4399.562463 4416.790765
-9999.0 -9999.0 3293.456806 3333.073397 3363.629724 3409.270533 3461.657779 3496.110451 3534.427504 3551.699132 3553.449067 3562.164486 3570.951706 3570.127277 3576.980007 3587.997595 3609.562027 3617.804516 3637.643363 3650.595937 3685.338282 3716.984689 3709.266751 3745.314559 3774.319652 3806.799381 3827.924958 3854.043918 3891.590522 3924.361909 3968.057120 4017.734242 4051.561217 4079.127728 4095.004477 4115.336399 4135.529588 4162.089339 4199.019675 4224.491551 4258.276175 4283.679986 4303.152781 4303.529659 4306.150691 4322.361947 4350.997100 4382.240779 4411.522424 4440.949498 4423.919695 4448.412586 4459.367149 4465.478963 4475.088907
-9999.0 -9999.0 3262.520099 3309.131278 3342.361174 3398.449663 3485.308995 3518.318658 3557.005075 3601.537373 3613.720944 3633.782188 3624.331523 3609.666890 3625.744332 3638.161030 3658.979144 3666.016338 3658.931507 3710.025254 3761.284386 3782.134582 3783.437600 3860.883215 3913.594715 3938.527729 3955.594960 3975.773256 3995.046022 4032.922179 4071.328403 4125.940032 4167.083073 4196.944670 4211.485909 4231.788938 4251.384354 4266.384148 4286.090565 4333.545006 4369.838361 4401.140163 4433.541590 4455.056335 4463.299106 4468.564181 4441.646487 4462.136344 4476.031711 4482.024695 4484.433704 4480.608653 4480.062833 4480.910015 4481.832894
-9999.0 3168.312115 3220.763517 3270.522440 3333.690697 3393.435800 3466.234784 3539.578624 3606.313178 3658.306328 3682.264595 3672.092857 3666.445998 3688.672852 3706.580966 3721.178874 3726.585966 3737.098431 3716.896760 3770.519908 3805.474449 3851.543895 3949.509787 4007.993025 4073.249570 4068.788677 4056.633140 4060.954092 4076.273348 4123.112697 4203.384355 4260.645301 4327.847242 4377.852093 4395.349006 4403.113472 4422.119357 4443.175017 4387.520606 4433.085595 4454.134450 4471.698068 4481.861557 4484.282385 4485.634423 4485.382652 4481.645167 4474.540642 4466.300828 4460.406840 4456.140673 4451.637522 4454.078875 4457.415235 4457.512237
-9999.0 3129.274957 3186.138390 3253.659243 3319.969590 3362.915624 3441.312488 3610.224392 3673.241373 3710.538540 3712.959462 3681.548427 3736.064390 3794.637476 3817.482907 3862.561315 3845.706794 3830.123730 3790.099769 3814.411721 3851.781449 3922.378592 4096.971107 4186.340189 4241.472785 4249.379788 4249.715383 4278.436761 4323.695789 4372.655119 4420.212551 4385.483115 4437.928228 4463.827675 4469.239818 4469.997400 4475.808481 4474.246930 4472.939728 4468.424727 4463.213544 4463.389656 4468.103956 4467.959919 4464.961860 4461.517841 4455.776010 4448.356271 4443.192972 4438.556165 4435.908358 4433.089187 4431.063132 4430.192822 4425.217373
-9999.0 3086.657113 3161.963438 3218.879962 3260.988709 3347.233126 3477.251840 3621.962699 3718.191048 3751.075827 3721.219066 3750.974771 3853.974808 3961.696188 4014.254271 4034.951730 4013.102030 3961.206177 3938.212873 3981.909252 4053.490236 4177.435430 4323.059185 4425.919042 4441.851562 4445.460960 4394.276312 4421.817059 4447.343842 4450.373029 4451.571625 4460.244192 4465.377746 4468.403299 4466.806916 4463.906381 4459.058361 4450.804972 4446.017370 4442.270316 4438.452217 4437.187716 4439.104904 4441.049284 4438.178357 4434.257159 4429.770659 4424.195360 4417.839976 4411.028975 4406.628371 4402.303068 4400.135159 4394.430653 4390.974533
-9999.0 2958.198369 3055.996993 3093.225006 3159.015125 3349.644308 3478.624899 3616.435969 3784.135859 3801.280287 3841.795781 3984.226886 4105.926875 4187.785028 4215.481068 4248.218439 4272.674187 4288.071127 4325.620787 4195.632291 4280.087398 4383.994586 4432.016896 4452.841108 4464.133232 4464.531357 4454.431732 4433.397656 4422.607495 4415.845103 4417.458011 4424.770925 4429.351202 4434.060220 4431.730537 4432.884324 4434.160334 4430.979603 4426.905977 4418.078000 4410.169536 4403.307882 4399.807951 4404.423239 4399.786371 4397.520802 4391.245291 4382.676974 4373.612728 4366.213271 4358.130907 4351.515625 4349.298268 4344.289954 4343.065581
-9999.0 2877.052529 2948.401320 3001.374415 3105.638205 3268.407848 3356.340760 3511.605648 3757.698139 3897.131287 4067.561699 4162.018014 4232.755302 4272.728496 4322.075838 4375.646487 4403.591903 4416.160265 4382.856855 4407.312576 4363.328330 4352.068750 4370.019975 4399.930994 4417.879291 4422.092220 4414.356951 4405.408660 4398.124238 4397.000950 4394.699192 4390.234853 4385.738167 4381.926662 4378.787384 4381.930020 4387.379872 4380.083403 4369.502561 4359.807964 4351.077455 4341.675031 4335.623326 4330.741526 4331.324936 4331.632523 4323.903098 4313.299987 4302.301545 4293.902589 4286.685888 4282.265064 4279.477468 4274.398259 4264.353851
-9999.0 2754.319914 2886.879702 2958.749980 3046.224535 3172.066992 3270.181702 3418.280820 3543.821589 3792.555223 3931.302600 4138.198486 4190.091043 4262.553786 4309.026246 4384.091250 4378.842185 4347.601448 4303.217036 4287.275203 4299.754619 4309.109533 4317.061460 4331.177104 4349.150000 4359.528032 4365.068219 4359.299314 4345.009922 4332.096955 4320.343114 4306.080619 4296.325184 4293.641421 4298.181132 4308.633192 4308.894262 4299.522492 4285.165688 4266.529016 4250.615194 4238.569445 4236.665492 4239.629646 4240.851728 4236.644816 4230.904953 4219.993216 4207.259670 4194.608620 4189.067798 4184.779993 4177.155555 4165.583191 4153.416778
-9999.0 -9999.0 2798.215936 2905.321317 2994.079678 3100.664757 3182.443425 3293.419568 3430.312065 3599.194802 3715.511939 3904.353585 4003.883075 4048.507265 4080.863291 4137.653120 4164.661798 4198.446155 4194.932117 4208.298792 4219.167840 4224.850993 4229.890399 4235.128669 4245.502510 4255.499000 4266.252820 4263.416284 4254.659285 4233.622052 4207.084712 4186.392772 4175.621172 4165.995204 4178.549800 4191.292527 4185.371153 4178.381814 4165.568512 4149.195050 4136.619933 4122.225354 4118.774604 4118.601937 4119.243263 4116.973419 4114.682013 4102.195008 4089.911276 4080.204674 4076.305860 4070.658693 4067.245839 4057.456760 4046.852703
-9999.0 -9999.0 2711.126851 2810.520079 2908.461907 3022.376665 3100.777302 3100.396541 3231.569160 3331.384532 3439.146397 3552.638800 3652.173778 3722.192907 3753.826513 3816.896211 3876.080979 3895.409943 3939.307741 3997.527802 4033.595348 4075.241681 4099.390525 4108.695409 4121.256345 4136.083516 4143.493616 4127.765848 4116.436802 4099.228799 4075.394046 4048.093022 4034.289527 4034.272443 4032.816568 4033.799206 4025.853135 4016.939555 4002.385370 3988.636670 3976.495039 3967.894276 3964.348470 3958.406653 3955.932562 3953.188477 3951.653574 3946.830216 3938.932792 3934.729226 3926.460142 3922.986215 3922.436348 3919.820430 3914.474165
