tests/Borden05m/sims/sim_1/output-maps/psiliqL0027N0003.asc
ncols         160
nrows         34
xllcorner     620200.000000
yllcorner     5168000.000000
cellsize      0.500000
NODATA_value  -9999.0
[rows 0 to 24 of 34, columns 0 to 54 of 160]
-9999.0 -9999.0 -9999.0 -9999.0 -9999.0 -9999.0 -9999.0 -9999.0 -9999.0 -9999.0 -9999.0 -9999.0 -9999.0 -9999.0 -9999.0 -9999.0 -9999.0 -9999.0 -9999.0 -9999.0 -9999.0 -9999.0 -9999.0 -9999.0 -9999.0 -9999.0 -9999.0 -9999.0 -9999.0 -9999.0 -9999.0 -9999.0 -9999.0 -9999.0 -9999.0 -9999.0 -9999.0 -9999.0 -9999.0 -9999.0 -9999.0 -9999.0 -9999.0 -9999.0 -9999.0 -9999.0 -9999.0 -9999.0 -9999.0 -9999.0 -9999.0 -9999.0 -9999.0 -9999.0 -9999.0
-9999.0 -9999.0 -9999.0 -9999.0 -9999.0 -9999.0 -9999.0 -9999.0 -9999.0 -9999.0 -9999.0 -9999.0 -9999.0 -9999.0 -9999.0 -9999.0 -9999.0 -9999.0 -9999.0 -9999.0 -9999.0 -9999.0 -9999.0 -9999.0 -9999.0 -9999.0 -9999.0 -9999.0 -9999.0 -9999.0 -9999.0 -9999.0 -9999.0 -9999.0 -9999.0 -9999.0 -9999.0 -9999.0 -9999.0 -9999.0 -9999.0 -9999.0 -9999.0 -9999.0 -9999.0 -9999.0 -9999.0 -9999.0 -9999.0 -9999.0 -9999.0 -9999.0 -9999.0 -9999.0 -9999.0
-9999.0 -9999.0 -9999.0 -9999.0 -9999.0 -9999.0 -9999.0 -9999.0 -9999.0 -9999.0 -9999.0 -9999.0 -9999.0 -9999.0 -9999.0 -9999.0 -9999.0 -9999.0 -9999.0 -9999.0 -9999.0 -9999.0 -9999.0 -9999.0 -9999.0 -9999.0 -9999.0 -9999.0 -9999.0 -9999.0 -9999.0 -9999.0 -9999.0 -9999.0 -9999.0 -9999.0 -9999.0 -9999.0 -9999.0 -9999.0 -9999.0 -9999.0 -9999.0 -9999.0 -9999.0 -9999.0 -9999.0 3472.889330 3455.693732 3442.431820 3437.340630 3458.040700 3480.879651 3504.495884 3524.818490
-9999.0 -9999.0 -9999.0 -9999.0 -9999.0 -9999.0 -9999.0 -9999.0 -9999.0 -9999.0 -9999.0 -9999.0 -9999.0 -9999.0 -9999.0 -9999.0 -9999.0 -9999.0 -9999.0 -9999.0 -9999.0 -9999.0 -9999.0 -9999.0 -9999.0 -9999.0 -9999.0 -9999.0 -9999.0 -9999.0 -9999.0 -9999.0 -9999.0 -9999.0 -9999.0 -9999.0 -9999.0 -9999.0 -9999.0 -9999.0 3524.138540 3529.969179 3529.442311 3519.507044 3508.006383 3493.987751 3473.184512 3456.021114 3443.044027 3441.050704 3443.271331 3445.440558 3465.634452 3490.889979 3510.604051
-9999.0 -9999.0 -9999.0 -9999.0 -9999.0 -9999.0 -9999.0 -9999.0 -9999.0 -9999.0 -9999.0 -9999.0 -9999.0 -9999.0 -9999.0 -9999.0 -9999.0 -9999.0 -9999.0 -9999.0 -9999.0 -9999.0 -9999.0 -9999.0 -9999.0 -9999.0 -9999.0 -9999.0 -9999.0 -9999.0 -9999.0 -9999.0 -9999.0 -9999.0 3432.234328 3448.967422 3466.685824 3485.072966 3501.896109 3508.847197 3514.579675 3519.733904 3514.840394 3510.230262 3498.253946 3476.765182 3457.283871 3444.459044 3443.442791 3440.803215 3443.993291 3455.062389 3471.345972 3485.889310 3506.052424
-9999.0 -9999.0 -9999.0 -9999.0 -9999.0 -9999.0 -9999.0 -9999.0 -9999.0 -9999.0 -9999.0 -9999.0 -9999.0 -9999.0 -9999.0 -9999.0 -9999.0 -9999.0 -9999.0 -9999.0 -9999.0 -9999.0 -9999.0 -9999.0 -9999.0 -9999.0 -9999.0 -9999.0 3438.764718 3432.683757 3427.702448 3425.887538 3424.178761 3423.023493 3429.474009 3440.246724 3456.906021 3478.784402 3491.868626 3498.910696 3505.609535 3505.655285 3499.365176 3497.372171 3497.554339 3484.456005 3471.762612 3459.858209 3448.179655 3444.496236 3452.925287 3466.795276 3482.612719 3496.744888 3511.564174
-9999.0 -9999.0 -9999.0 -9999.0 -9999.0 -9999.0 -9999.0 -9999.0 -9999.0 -9999.0 -9999.0 -9999.0 -9999.0 -9999.0 -9999.0 -9999.0 -9999.0 -9999.0 -9999.0 -9999.0 -9999.0 -9999.0 -9999.0 3409.363151 3414.032993 3420.350390 3427.816865 3428.560263 3425.159721 3419.582809 3416.680226 3414.968357 3412.301239 3416.512927 3423.031330 3435.515619 3450.294671 3472.231364 3480.024477 3483.673211 3494.503327 3497.902186 3505.535265 3508.957441 3506.573220 3501.872573 3486.208660 3473.878678 3475.193503 3478.458304 3484.777101 3492.612807 3505.563380 3518.541638 3533.030036
-9999.0 -9999.0 -9999.0 -9999.0 -9999.0 -9999.0 -9999.0 -9999.0 -9999.0 -9999.0 -9999.0 -9999.0 -9999.0 -9999.0 -9999.0 -9999.0 -9999.0 -9999.0 -9999.0 3385.189826 3386.150334 3387.534865 3392.233985 3392.393982 3393.887466 3400.341651 3408.012031 3410.644572 3408.031038 3406.732392 3407.606270 3409.697885 3413.724384 3423.502377 3436.206238 3449.418016 3461.383016 3481.279635 3494.873380 3506.270461 3520.681943 3520.584482 3516.375053 3514.068255 3513.244130 3510.733567 3507.834858 3505.796024 3511.244747 3510.788215 3513.264856 3521.646128 3532.945816 3548.497418 3565.002056
-9999.0 -9999.0 -9999.0 -9999.0 -9999.0 -9999.0 -9999.0 -9999.0 -9999.0 -9999.0 -9999.0 -9999.0 -9999.0 -9999.0 -9999.0 -9999.0 3356.293974 3357.919045 3360.135269 3365.491766 3369.079531 3372.760388 3379.443812 3380.651400 3383.590458 3390.144462 3393.974616 3402.713520 3410.475514 3416.787118 3421.790003 3423.274731 3428.685391 3436.767494 3447.002222 3459.558677 3478.295959 3500.748068 3515.255586 3530.828788 3547.010961 3546.581171 3543.846014 3543.070451 3540.483149 3540.450897 3553.556149 3555.572872 3548.829601 3556.963428 3567.598876 3569.325563 3575.320342 3594.250419 3615.447625
-9999.0 -9999.0 -9999.0 -9999.0 -9999.0 -9999.0 -9999.0 -9999.0 -9999.0 -9999.0 -9999.0 -9999.0 -9999.0 3306.819791 3310.580531 3320.638033 3332.142604 3334.983801 3339.712206 3346.157210 3357.869625 3361.030012 3366.433178 3372.941617 3384.969386 3392.786994 3400.614432 3411.322676 3418.197952 3423.952762 3429.050134 3430.428370 3440.428039 3452.955624 3465.813441 3483.443897 3503.996468 3520.926665 3537.609097 3552.805058 3563.114936 3559.018172 3557.191647 3558.269608 3561.666936 3573.225706 3588.500593 3587.245319 3595.207062 3614.500876 3623.535465 3629.621833 3634.703319 3647.813667 3668.631165
-9999.0 -9999.0 -9999.0 -9999.0 -9999.0 -9999.0 -9999.0 -9999.0 -9999.0 -9999.0 3281.017905 3282.182676 3278.093803 3274.767932 3280.273160 3292.262244 3306.504429 3311.476737 3323.037845 3343.914497 3362.096464 3364.381065 3376.836901 3386.156816 3391.803115 3400.282773 3411.694120 3422.172855 3435.839452 3445.779078 3452.669642 3467.045646 3481.029618 3495.406373 3510.859197 3529.618263 3543.932564 3565.810176 3589.137000 3596.221409 3611.552595 3612.754657 3607.606197 3604.685216 3612.948024 3622.681196 3635.921045 3649.982835 3667.198961 3687.884934 3696.831709 3708.816223 3717.026573 3726.580947 3741.268697
-9999.0 -9999.0 -9999.0 -9999.0 -9999.0 -9999.0 -9999.0 -9999.0 3256.730476 3264.661197 3269.574642 3265.805751 3260.791389 3254.171257 3268.356697 3283.102128 3298.213613 3315.887930 3330.603628 3348.013448 3360.811975 3374.305762 3393.261995 3402.580180 3411.598906 3424.998729 3436.301753 3449.237806 3467.882572 3473.714129 3482.738611 3500.292001 3514.094514 3529.185406 3545.637151 3560.408231 3578.836858 3607.386844 3634.776973 3649.413881 3674.138675 3689.943996 3683.239650 3680.549763 3680.939613 3702.876405 3727.908543 3755.891343 3773.574779 3795.954038 3823.355008 3841.819801 3850.692543 3861.439967 3874.941390
-9999.0 -9999.0 -9999.0 -9999.0 -9999.0 -9999.0 3228.520694 3252.608075 3267.368977 3258.167257 3243.040220 3237.101338 3230.048451 3260.790159 3282.413054 3298.881289 3314.593223 3331.072676 3346.152550 3353.065617 3381.129768 3399.311405 3409.570925 3421.056146 3433.969122 3446.816246 3461.364947 3480.940487 3496.635114 3516.583138 3530.649909 3545.211973 3567.234322 3583.028214 3598.510914 3610.680031 3636.866261 3670.269791 3703.692697 3727.011026 3750.522373 3781.260184 3780.240499 3781.514870 3782.571160 3805.872246 3839.146140 3868.330130 3899.552604 3929.586637 3957.545046 3967.780277 3976.525210 3986.208631 3998.538466
-9999.0 -9999.0 -9999.0 -9999.0 3196.867293 3217.357432 3235.390014 3264.823578 3286.099126 3280.424283 3283.855596 3280.878175 3275.385235 3279.566668 3286.804068 3302.856668 3320.829112 3339.149370 3351.938348 3377.284319 3422.861471 3432.256915 3447.540095 3475.347329 3484.753721 3497.218995 3511.297769 3530.245846 3547.056903 3572.704932 3605.271139 3632.857583 3652.939923 3671.011806 3689.050879 3704.909915 3739.061510 3775.131182 3809.960290 3840.729716 3867.006381 3892.529577 3898.741474 3903.354667 3913.065464 3929.845765 3952.235414 3979.490914 4012.830923 4044.667739 4067.718381 4076.590269 4081.672348 4091.087013 4098.501241
-9999.0 -9999.0 -9999.0 3142.588208 3181.430009 3220.762578 3245.679547 3275.121513 3306.663423 3305.398558 3313.126853 3311.695716 3309.281791 3313.412348 3315.156385 3330.322196 3347.200979 3365.853123 3385.873527 3417.920099 3445.482876 3461.418985 3487.650283 3502.036886 3513.494691 3525.003031 3542.274961 3561.010928 3596.051994 3624.557346 3669.398404 3718.963679 3750.244434 3768.978703 3790.813068 3817.771545 3842.453558 3880.738831 3914.328090 3946.033272 3975.936962 3997.819945 4011.852255 4016.336668 4025.809386 4031.452955 4043.868770 4064.660673 4086.810003 4117.295357 4146.370010 4175.088818 4190.247867 4201.241930 4218.268177
-9999.0 -9999.0 3094.195604 3133.660159 3164.450058 3210.384195 3262.750273 3297.117740 3335.524727 3353.164819 3355.150535 3364.329156 3373.482703 3373.075058 3380.382567 3391.659836 3412.729185 3420.648589 3440.028762 3454.018673 3489.570709 3521.918973 3516.023076 3552.842451 3581.851154 3613.672602 3634.258361 3660.118217 3697.179860 3730.244383 3773.914264 3823.227680 3857.039037 3884.537185 3900.157477 3920.124211 3940.200671 3966.286388 4002.723094 4028.197441 4061.575910 4086.814882 4106.261173 4106.948400 4109.596195 4125.628248 4153.801051 4184.502873 4213.294662 4242.170370 4226.575879 4250.040135 4260.528546 4266.380283 4275.581293
-9999.0 -9999.0 3063.574494 3110.037293 3143.754695 3200.553998 3286.795487 3320.007737 3358.873471 3403.336213 3415.808994 3435.975714 3427.886355 3414.786601 3431.149685 3444.049505 3463.967277 3470.714380 3463.846350 3514.921212 3566.313563 3588.962899 3593.257702 3669.503506 3721.299197 3745.300596 3761.730070 3781.633545 3800.975981 3838.876978 3877.568473 3931.652797 3972.617839 4002.238943 4016.616724 4036.496219 4055.870553 4070.817587 4090.247136 4136.873731 4172.313324 4203.032499 4234.864077 4256.144574 4264.279570 4269.320600 4243.548339 4263.166288 4276.470363 4282.208326 4284.498653 4280.700624 4280.139732 4280.970015 4281.894470
-9999.0 2969.882833 3022.200427 3072.184189 3135.729858 3195.959482 3269.426991 3343.117069 3408.931770 3460.342659 3484.424830 3475.637844 3472.820217 3496.206354 3514.371573 3529.538932 3534.459344 3544.254259 3524.500744 3577.327146 3612.938090 3660.621604 3758.902985 3816.796300 3880.138952 3875.876396 3864.003220 3868.654343 3884.297884 3930.547477 4009.459913 4065.635711 4131.455872 4180.429453 4197.509474 4204.995451 4223.684490 4244.450548 4191.840158 4235.548766 4255.701924 4272.518154 4282.052130 4284.369944 4285.664449 4285.423392 4281.716436 4274.664447 4266.462919 4260.598039 4256.351711 4251.848689 4254.287435 4257.618840 4257.771287
-9999.0 2931.113520 2988.058304 3055.837367 3122.440483 3167.162965 3247.296305 3414.068039 3476.143446 3513.153500 3516.771832 3489.017008 3544.822080 3603.495029 3626.765762 3671.381257 3655.044376 3639.518039 3601.143607 3625.667814 3663.467344 3733.790995 3905.371058 3993.876776 4046.659472 4054.555968 4055.173451 4083.488388 4127.842349 4175.579156 4221.786059 4189.417452 4239.717664 4264.515007 4269.696845 4270.422190 4275.985991 4274.490891 4273.094211 4268.621124 4263.441053 4263.610521 4268.263359 4268.112263 4265.134124 4261.724744 4256.005114 4248.584091 4243.400080 4238.767394 4236.113962 4233.284115 4231.294916 4230.499512 4225.591954
-9999.0 2889.486331 2964.454142 3021.724170 3065.483160 3153.736015 3283.281651 3427.053651 3522.717812 3555.609199 3529.334431 3561.558400 3663.822691 3770.093370 3822.083450 3842.705698 3822.238963 3772.333151 3750.946797 3794.272686 3864.861713 3985.862856 4126.955386 4227.427592 4242.918726 4246.374532 4197.367954 4223.736755 4248.177291 4251.077577 4252.225170 4260.450397 4265.548903 4268.529114 4266.947470 4264.050788 4259.219283 4250.997103 4246.200461 4242.486474 4238.691700 4237.479729 4239.437885 4241.319103 4238.474174 4234.565363 4230.083395 4224.506620 4218.175295 4211.389021 4207.031421 4202.742088 4200.591112 4194.972754 4191.482850
-9999.0 2766.837432 2860.297526 2898.799645 2968.210352 3157.338712 3285.954586 3424.405080 3590.095184 3608.468787 3651.073406 3791.205743 3911.047006 3991.708641 4019.845700 4052.769569 4077.135713 4092.745124 4129.692667 4005.961128 4087.889207 4187.882046 4233.860853 4253.798929 4264.252239 4264.633423 4254.659315 4233.750520 4222.987601 4216.228289 4217.839370 4225.134716 4229.764341 4234.513402 4232.196900 4233.300312 4234.479893 4231.275793 4227.229126 4218.454680 4210.574665 4203.796480 4200.419101 4205.075014 4200.428654 4198.110555 4191.876128 4183.372846 4174.367080 4166.979092 4158.956403 4152.366451 4150.140471 4145.130804 4143.922789
-9999.0 2685.820017 2757.751757 2809.541590 2916.263394 3078.881384 3169.771940 3325.652747 3568.464176 3705.658469 3872.032692 3964.229162 4034.544864 4075.501749 4125.259842 4177.785785 4205.071395 4217.104933 4185.218690 4208.354170 4165.042868 4153.895610 4171.592741 4201.058184 4218.542299 4222.674679 4214.869419 4205.798931 4198.524484 4197.400908 4195.166031 4190.906984 4186.602072 4182.903400 4179.763667 4182.814273 4188.190941 4180.986661 4170.565430 4160.994860 4152.372031 4143.060771 4137.059353 4132.294224 4132.767706 4133.054119 4125.374029 4114.826795 4103.901053 4095.558647 4088.352446 4083.890809 4081.163111 4076.141739 4066.308582
-9999.0 2562.961301 2696.969668 2770.819096 2856.426884 2982.835202 3082.920902 3231.936296 3358.856421 3604.886063 3744.465465 3943.295148 3993.874404 4064.762562 4111.668958 4185.610346 4180.716133 4149.388195 4105.671628 4089.602640 4101.334422 4110.482747 4118.597991 4132.917228 4150.711274 4160.943010 4166.182759 4160.267003 4146.018437 4133.349852 4121.945109 4107.997613 4098.432196 4095.852847 4100.118954 4110.326671 4110.725147 4101.386639 4087.153959 4068.730759 4052.978376 4041.059255 4039.100577 4041.963279 4043.118891 4038.987593 4033.213254 4022.382866 4009.723515 3997.198892 3991.584486 3987.274463 3979.767232 3968.385183 3956.382445
-9999.0 -9999.0 2609.577123 2717.233460 2802.855683 2910.569368 2994.570978 3107.778103 3245.359895 3414.732056 3530.641643 3714.572155 3811.567623 3855.792065 3888.951664 3945.126607 3971.171510 4003.572279 3998.874154 4011.340123 4021.653890 4027.127123 4032.283998 4037.792128 4048.225380 4058.116061 4068.579507 4065.758569 4056.964422 4036.210476 4010.134723 3989.827124 3979.204526 3969.780089 3982.093215 3994.726889 3989.026850 3982.079608 3969.358791 3953.072279 3940.502061 3926.191509 3922.742064 3922.623982 3923.249509 3920.969446 3918.567887 3906.122027 3893.864415 3884.075964 3880.129017 3874.517047 3871.036230 3861.262854 3850.691735
-9999.0 -9999.0 2520.402999 2623.334845 2723.056615 2832.278800 2912.253159 2917.413159 3049.653883 3150.357634 3257.449438 3369.350456 3467.127245 3536.173212 3568.262837 3630.746160 3688.220938 3706.983565 3748.835067 3804.690019 3839.730862 3880.101609 3903.597738 3912.958581 3925.468417 3940.071451 3947.497293 3932.035813 3920.735233 3903.596934 3879.992170 3853.039702 3839.398058 3839.142979 3837.960547 3839.245627 3831.483640 3822.560424 3808.069825 3794.237236 3782.080354 3773.325583 3769.771938 3764.042117 3761.678837 3758.962586 3757.360660 3752.341696 3744.283740 3739.911386 3731.720137 3728.149357 3727.505012 3724.697859 3719.197392
