tests/Borden05m/sims/sim_1/output-maps/psiliqL0015N0016.asc
ncols         160
nrows         34
xllcorner     620200.000000
yllcorner     5168000.000000
cellsize      0.500000
NODATA_value  -9999.0
[rows 0 to 24 of 34, columns 0 to 55 of 160]
-9999.0 -9999.0 -9999.0 -9999.0 -9999.0 -9999.0 -9999.0 -9999.0 -9999.0 -9999.0 -9999.0 -9999.0 -9999.0 -9999.0 -9999.0 -9999.0 -9999.0 -9999.0 -9999.0 -9999.0 -9999.0 -9999.0 -9999.0 -9999.0 -9999.0 -9999.0 -9999.0 -9999.0 -9999.0 -9999.0 -9999.0 -9999.0 -9999.0 -9999.0 -9999.0 -9999.0 -9999.0 -9999.0 -9999.0 -9999.0 -9999.0 -9999.0 -9999.0 -9999.0 -9999.0 -9999.0 -9999.0 -9999.0 -9999.0 -9999.0 -9999.0 -9999.0 -9999.0 -9999.0 -9999.0 -9999.0
-9999.0 -9999.0 -9999.0 -9999.0 -9999.0 -9999.0 -9999.0 -9999.0 -9999.0 -9999.0 -9999.0 -9999.0 -9999.0 -9999.0 -9999.0 -9999.0 -9999.0 -9999.0 -9999.0 -9999.0 -9999.0 -9999.0 -9999.0 -9999.0 -9999.0 -9999.0 -9999.0 -9999.0 -9999.0 -9999.0 -9999.0 -9999.0 -9999.0 -9999.0 -9999.0 -9999.0 -9999.0 -9999.0 -9999.0 -9999.0 -9999.0 -9999.0 -9999.0 -9999.0 -9999.0 -9999.0 -9999.0 -9999.0 -9999.0 -9999.0 -9999.0 -9999.0 -9999.0 -9999.0 -9999.0 -9999.0
-9999.0 -9999.0 -9999.0 -9999.0 -9999.0 -9999.0 -9999.0 -9999.0 -9999.0 -9999.0 -9999.0 -9999.0 -9999.0 -9999.0 -9999.0 -9999.0 -9999.0 -9999.0 -9999.0 -9999.0 -9999.0 -9999.0 -9999.0 -9999.0 -9999.0 -9999.0 -9999.0 -9999.0 -9999.0 -9999.0 -9999.0 -9999.0 -9999.0 -9999.0 -9999.0 -9999.0 -9999.0 -9999.0 -9999.0 -9999.0 -9999.0 -9999.0 -9999.0 -9999.0 -9999.0 -9999.0 -9999.0 1098.357054 1081.199789 1066.062846 1063.610542 1086.120443 1109.700391 1133.751183 1154.584807 1173.395849
-9999.0 -9999.0 -9999.0 -9999.0 -9999.0 -9999.0 -9999.0 -9999.0 -9999.0 -9999.0 -9999.0 -9999.0 -9999.0 -9999.0 -9999.0 -9999.0 -9999.0 -9999.0 -9999.0 -9999.0 -9999.0 -9999.0 -9999.0 -9999.0 -9999.0 -9999.0 -9999.0 -9999.0 -9999.0 -9999.0 -9999.0 -9999.0 -9999.0 -9999.0 -9999.0 -9999.0 -9999.0 -9999.0 -9999.0 -9999.0 1145.766023 1151.778973 1152.925758 1142.752396 1131.754279 1119.538181 1099.633203 1082.068665 1067.678754 1065.494867 1068.396796 1073.374239 1095.917117 1120.976568 1140.981857 1158.111046
-9999.0 -9999.0 -9999.0 -9999.0 -9999.0 -9999.0 -9999.0 -9999.0 -9999.0 -9999.0 -9999.0 -9999.0 -9999.0 -9999.0 -9999.0 -9999.0 -9999.0 -9999.0 -9999.0 -9999.0 -9999.0 -9999.0 -9999.0 -9999.0 -9999.0 -9999.0 -9999.0 -9999.0 -9999.0 -9999.0 -9999.0 -9999.0 -9999.0 -9999.0 1052.792741 1070.283450 1088.541785 1107.191602 1124.174263 1131.164985 1137.077766 1142.910755 1138.934477 1134.574732 1123.450407 1104.312738 1085.100205 1071.690678 1070.019109 1067.871315 1072.375742 1085.350904 1102.435339 1118.779005 1139.994722 1164.010888
-9999.0 -9999.0 -9999.0 -9999.0 -9999.0 -9999.0 -9999.0 -9999.0 -9999.0 -9999.0 -9999.0 -9999.0 -9999.0 -9999.0 -9999.0 -9999.0 -9999.0 -9999.0 -9999.0 -9999.0 -9999.0 -9999.0 -9999.0 -9999.0 -9999.0 -9999.0 -9999.0 -9999.0 1056.128109 1050.407308 1045.678068 1044.495724 1043.495485 1042.696895 1049.707773 1061.849865 1079.984556 1101.993552 1115.279317 1122.769690 1129.688934 1130.630229 1125.761687 1124.112924 1124.785975 1113.163607 1101.729103 1091.053641 1080.759754 1079.335948 1089.158194 1103.660140 1120.254188 1135.469228 1151.280626 1161.596410
-9999.0 -9999.0 -9999.0 -9999.0 -9999.0 -9999.0 -9999.0 -9999.0 -9999.0 -9999.0 -9999.0 -9999.0 -9999.0 -9999.0 -9999.0 -9999.0 -9999.0 -9999.0 -9999.0 -9999.0 -9999.0 -9999.0 -9999.0 1025.314250 1031.159936 1037.952320 1045.745618 1046.976467 1043.277859 1038.005738 1035.363610 1034.240258 1032.816393 1037.647292 1045.886353 1059.682218 1075.744419 1097.998074 1106.878552 1113.050113 1125.479696 1128.674877 1135.006777 1139.398530 1138.010768 1135.329267 1122.846926 1113.595481 1118.595208 1124.564732 1131.731827 1140.141030 1153.950197 1169.518419 1187.017503 1207.353977
-9999.0 -9999.0 -9999.0 -9999.0 -9999.0 -9999.0 -9999.0 -9999.0 -9999.0 -9999.0 -9999.0 -9999.0 -9999.0 -9999.0 -9999.0 -9999.0 -9999.0 -9999.0 -9999.0 999.582595 1000.692247 1002.173295 1007.168791 1008.198883 1010.581212 1017.861924 1026.340227 1029.123917 1027.703481 1026.711429 1028.618236 1031.727597 1036.523158 1048.120278 1062.273496 1076.816428 1090.955263 1112.213928 1127.327790 1141.155467 1157.446947 1157.284479 1153.695271 1152.264342 1153.073805 1153.465109 1157.312324 1159.994545 1166.604616 1171.246716 1177.675651 1187.401846 1199.387143 1217.877319 1237.901404 1257.823950
-9999.0 -9999.0 -9999.0 -9999.0 -9999.0 -9999.0 -9999.0 -9999.0 -9999.0 -9999.0 -9999.0 -9999.0 -9999.0 -9999.0 -9999.0 -9999.0 970.331860 972.341275 974.808154 980.470290 983.711166 988.014993 995.299879 996.920199 1001.025219 1008.545423 1013.795932 1023.064873 1031.573642 1039.308547 1045.722012 1048.848348 1056.674201 1066.726569 1079.015898 1094.590101 1116.392925 1139.984509 1156.655296 1173.932275 1191.481933 1192.541445 1191.833563 1193.303577 1194.006496 1200.281222 1217.834566 1223.770395 1224.798259 1241.013497 1255.210551 1260.544904 1268.609080 1288.164528 1312.105221 1335.034881
-9999.0 -9999.0 -9999.0 -9999.0 -9999.0 -9999.0 -9999.0 -9999.0 -9999.0 -9999.0 -9999.0 -9999.0 -9999.0 923.314008 927.597137 937.427711 947.097822 949.928352 954.569510 961.007716 973.558564 977.574694 984.193355 992.162164 1004.539523 1013.618647 1023.229277 1035.543214 1044.422486 1052.146238 1059.650558 1065.589899 1079.222209 1094.875993 1111.034925 1131.686415 1154.205834 1175.116263 1195.950539 1212.357436 1226.439484 1228.553596 1228.046173 1230.820620 1238.668216 1255.894920 1274.966375 1283.828856 1301.835192 1325.125047 1338.801653 1350.597381 1359.507618 1373.334695 1394.872822 1429.028013
-9999.0 -9999.0 -9999.0 -9999.0 -9999.0 -9999.0 -9999.0 -9999.0 -9999.0 -9999.0 890.294577 892.691881 889.453502 889.266185 894.633861 907.010974 921.059064 927.881500 939.840697 961.172306 979.428301 983.377525 998.323170 1009.044125 1016.339219 1027.369602 1041.063131 1054.411693 1071.742416 1084.823309 1096.901099 1116.877681 1133.981931 1151.184999 1169.607243 1190.557462 1210.795940 1239.596108 1267.123380 1280.374645 1302.893311 1313.911182 1311.563565 1312.064690 1321.508019 1337.708584 1359.063855 1382.522444 1404.594725 1430.235452 1447.686503 1462.434716 1473.506877 1486.128881 1502.203190 1538.037479
-9999.0 -9999.0 -9999.0 -9999.0 -9999.0 -9999.0 -9999.0 -9999.0 865.509969 873.003403 879.258845 876.452596 872.186603 868.403476 882.432710 898.531365 914.897802 932.913901 949.311857 967.973683 983.708899 1000.434337 1020.873072 1033.167196 1045.440385 1061.436817 1075.798159 1093.553479 1115.576420 1128.884241 1146.166333 1168.283366 1187.572287 1206.372261 1225.917369 1244.832412 1271.692328 1305.727135 1338.150453 1361.111844 1389.439240 1412.593759 1412.145064 1414.890213 1419.581174 1445.465294 1474.979104 1505.836558 1531.127037 1558.555998 1588.204121 1606.561586 1617.458604 1630.225381 1645.567330 1664.817474
-9999.0 -9999.0 -9999.0 -9999.0 -9999.0 -9999.0 838.160037 862.519899 877.704934 869.948702 860.034681 856.522853 852.603320 876.601669 898.854507 916.446114 933.750434 951.846731 968.921440 982.309344 1016.484893 1035.077800 1050.103625 1068.740363 1084.160906 1099.613756 1117.876069 1142.018275 1164.540725 1194.766453 1221.086686 1245.631760 1272.645479 1293.132894 1312.711445 1331.534093 1363.253080 1400.931976 1437.893792 1466.910142 1494.324216 1525.315310 1532.416153 1538.238859 1545.318934 1566.587919 1598.393235 1628.808609 1662.562224 1694.674229 1721.617371 1733.660377 1744.172785 1755.570291 1769.089197 1781.381828
-9999.0 -9999.0 -9999.0 -9999.0 804.637232 825.644314 845.758499 876.572767 899.296345 894.526198 901.336457 901.635165 899.961192 904.141364 911.547411 929.994313 949.080655 968.524512 986.827352 1022.095340 1067.074214 1083.314817 1108.268707 1141.098030 1155.704396 1171.959639 1189.188648 1213.081247 1240.356553 1274.384936 1318.390559 1355.916831 1382.194276 1405.575161 1427.262451 1449.452287 1483.796268 1521.583101 1558.520238 1592.687460 1622.512324 1648.401010 1660.870992 1668.791046 1680.664947 1697.140738 1718.586611 1745.874310 1777.165755 1809.145321 1834.095610 1847.546465 1855.377274 1865.981903 1876.271818 1888.168440
-9999.0 -9999.0 -9999.0 754.989060 793.775969 831.798377 858.934843 890.021192 922.381537 927.116474 936.352300 941.376363 946.280997 955.025601 963.725578 981.199750 997.928042 1014.570248 1037.304620 1074.691632 1110.364921 1140.672365 1173.569615 1200.959723 1222.439190 1239.289263 1258.831203 1283.551900 1323.860961 1361.565854 1411.951821 1465.214014 1501.974122 1526.307869 1548.677996 1575.995397 1600.998910 1637.251567 1672.026361 1705.001333 1736.531487 1761.090224 1779.636997 1787.262681 1796.912678 1805.478768 1821.551717 1842.963140 1864.791270 1893.590998 1921.853223 1946.638601 1960.668926 1970.711327 1986.674920 2002.742736
-9999.0 -9999.0 707.730022 745.672682 779.777686 830.022033 883.159527 917.802197 958.875031 982.805557 989.752380 1006.858564 1022.964816 1030.243258 1045.802337 1063.099605 1081.311242 1088.725210 1106.419790 1137.214766 1187.393105 1233.433588 1254.762404 1306.182946 1340.306394 1369.036622 1387.755959 1415.087653 1450.981749 1492.332123 1540.496585 1590.135680 1628.223679 1659.094737 1675.566735 1694.909931 1717.243385 1741.171300 1774.975779 1803.504618 1834.844582 1860.754953 1882.353058 1889.025150 1894.014479 1909.727362 1934.051031 1959.889265 1984.303184 2007.937988 2010.840760 2023.124204 2029.047681 2032.689299 2037.783533 2041.403039
-9999.0 -9999.0 680.892076 725.934523 766.155788 832.489651 912.641138 949.984280 993.106851 1039.244454 1058.054425 1082.656641 1094.278347 1103.451015 1126.807435 1149.132565 1162.019318 1169.392180 1169.770269 1225.983576 1284.989313 1335.629654 1382.227738 1450.130092 1496.532656 1514.431035 1527.937019 1549.057237 1573.681542 1616.361110 1662.963905 1715.099927 1758.076295 1788.616690 1804.531398 1822.608368 1842.464578 1859.769925 1878.626211 1917.860260 1945.441419 1971.334032 1998.288274 2018.501934 2026.828993 2030.431372 2019.484096 2029.592408 2036.617207 2039.998869 2041.486967 2038.563738 2038.291122 2039.302527 2040.515485 2035.654945
-9999.0 591.819438 644.041270 697.243338 766.147423 833.444259 916.621049 996.680067 1054.221000 1101.955407 1131.305034 1143.265454 1178.768155 1220.493369 1246.119552 1272.477897 1276.007071 1281.985585 1272.987877 1322.410813 1372.726910 1446.958502 1556.070735 1613.258300 1659.353771 1662.524763 1658.562317 1671.362752 1694.931032 1738.117939 1804.757948 1851.775422 1904.641071 1944.578213 1959.599974 1966.390110 1983.738753 2003.339024 1989.382961 2012.716395 2023.879744 2033.302013 2036.661820 2038.904008 2040.411515 2040.954286 2038.066826 2031.937743 2024.345435 2018.877550 2014.869572 2010.344793 2012.699857 2015.869059 2016.472502 2009.493450
-9999.0 556.256417 615.712831 687.224872 758.340478 825.863197 928.974988 1072.899163 1127.231459 1165.050006 1187.833957 1209.091313 1285.636819 1350.681588 1384.058970 1428.044914 1422.923732 1413.443361 1400.860234 1434.652976 1484.889726 1559.342350 1701.948446 1786.581936 1816.742289 1829.325113 1837.496691 1864.656034 1901.638060 1938.138325 1971.450230 1970.576283 1998.028946 2012.209418 2016.890960 2019.193868 2023.545073 2024.452839 2023.442755 2020.788123 2017.168890 2018.292997 2023.057352 2023.441529 2021.055720 2018.153413 2012.577312 2004.847431 1998.981760 1993.887838 1990.648995 1987.193449 1985.155475 1984.736447 1980.013134 1974.019053
-9999.0 526.278215 597.671273 661.213020 725.935529 840.054826 966.481618 1102.470592 1195.814409 1234.018493 1256.476760 1324.228743 1423.396727 1517.736778 1568.133380 1593.006356 1594.496302 1574.269598 1578.627464 1624.653288 1690.907841 1784.091398 1877.694111 1955.700077 1971.108967 1977.024006 1957.748761 1973.141894 1987.375952 1991.456456 1994.593605 1999.893660 2006.797188 2011.172622 2011.370407 2009.819046 2006.273734 1999.380332 1995.327376 1992.780577 1989.949191 1989.932559 1992.779552 1994.073066 1991.443635 1987.324025 1982.330116 1976.007621 1969.109544 1961.729311 1957.017736 1952.324628 1949.555259 1944.116814 1939.264677 1932.674941
-9999.0 426.141276 514.760734 569.566281 683.496910 858.355729 985.508243 1135.691505 1282.522443 1321.679562 1395.739568 1514.446884 1617.745019 1689.440686 1728.044338 1768.430027 1797.205600 1821.343955 1857.685148 1816.278346 1875.420575 1935.785550 1963.858828 1978.844158 1983.873558 1987.757093 1982.263142 1965.346555 1957.129192 1952.477928 1956.008556 1964.893851 1971.738038 1978.322664 1977.193559 1978.424126 1978.977413 1975.907423 1972.521889 1964.700499 1957.431169 1951.840062 1949.977473 1954.966125 1949.806368 1946.224560 1939.665145 1930.976084 1921.582370 1913.245929 1904.872943 1897.538835 1894.158052 1888.035758 1885.835356 1876.794512
-9999.0 345.289804 422.129750 510.929357 648.731398 813.397190 942.866189 1110.470623 1319.608572 1436.388584 1560.663506 1631.847643 1702.742402 1760.726282 1820.440535 1865.577049 1890.354317 1901.836347 1893.405116 1907.664602 1879.609712 1876.701523 1897.517377 1926.781034 1942.778151 1949.099762 1942.891409 1934.327572 1928.877891 1929.290035 1929.259664 1928.730792 1927.830763 1926.351304 1923.787561 1926.056970 1930.704744 1924.644432 1916.092641 1907.977086 1900.604619 1892.285599 1886.669595 1882.921940 1881.505249 1880.782829 1872.790373 1861.908211 1850.785688 1842.008293 1833.784843 1827.669378 1824.461359 1818.857710 1810.162325 1797.173336
-9999.0 246.301915 367.937488 461.819794 583.434840 720.721601 847.405373 1011.687941 1160.664488 1380.686774 1536.792957 1644.765610 1685.069105 1742.112201 1799.070797 1864.482252 1869.014815 1842.184854 1812.498571 1801.329286 1810.647506 1823.548315 1839.141956 1860.487457 1879.746065 1890.969296 1894.672700 1888.604966 1876.165051 1867.555039 1861.311724 1851.968440 1845.352054 1844.503511 1845.735295 1853.064949 1855.035102 1845.934781 1832.981531 1816.863919 1802.772852 1792.061256 1789.052489 1790.182949 1789.879138 1785.844842 1778.722583 1767.848056 1754.997128 1742.849198 1735.160462 1729.345415 1721.934300 1711.413798 1699.793397 1686.757907
-9999.0 -9999.0 292.480033 403.746314 512.100358 635.346963 750.955354 894.636007 1045.450979 1226.577652 1343.602247 1474.326473 1546.224138 1590.551940 1638.002885 1691.441322 1710.733322 1731.692826 1718.289973 1725.738835 1735.215585 1743.671853 1755.118474 1767.945273 1782.326662 1793.409898 1802.225767 1800.975050 1792.781466 1776.220511 1756.282136 1741.037759 1732.515017 1725.673144 1735.111558 1746.315385 1743.033162 1736.279206 1724.292806 1708.601991 1695.628210 1681.838752 1677.871476 1677.797650 1677.515918 1674.277498 1669.603781 1656.600901 1643.543538 1631.597701 1625.851469 1619.378461 1613.712806 1602.636104 1590.799968 1577.935580
-9999.0 -9999.0 208.100885 317.052650 431.802044 555.681323 656.386816 730.876244 883.407690 999.582029 1103.746788 1201.682494 1283.330869 1345.363345 1387.301859 1447.063293 1488.438289 1505.089623 1527.378672 1560.013341 1587.895173 1617.813758 1637.803959 1651.512564 1666.358393 1680.528569 1689.811485 1678.724928 1668.570613 1652.772690 1632.198414 1609.536700 1597.839918 1594.638282 1596.568198 1601.215333 1595.290348 1585.791687 1571.541168 1556.125767 1543.179848 1531.946078 1527.647351 1523.770836 1521.984151 1518.761677 1515.413864 1506.999695 1495.896347 1488.327130 1479.837612 1473.807655 1470.652718 1464.040269 1454.990832 1448.906301
