tests/Borden05m/sims/sim_1/output-maps/psiliqL0016N0017.asc
ncols         160
nrows         34
xllcorner     620200.000000
yllcorner     5168000.000000
cellsize      0.500000
NODATA_value  -9999.0
[rows 0 to 24 of 34, columns 55 to 109 of 160]
-9999.0 -9999.0 -9999.0 -9999.0 -9999.0 -9999.0 -9999.0 -9999.0 -9999.0 -9999.0 -9999.0 -9999.0 -9999.0 -9999.0 -9999.0 -9999.0 -9999.0 -9999.0 -9999.0 -9999.0 -9999.0 -9999.0 -9999.0 -9999.0 -9999.0 -9999.0 -9999.0 -9999.0 -9999.0 -9999.0 -9999.0 -9999.0 -9999.0 -9999.0 -9999.0 -9999.0 -9999.0 -9999.0 -9999.0 -9999.0 -9999.0 -9999.0 -9999.0 -9999.0 -9999.0 -9999.0 -9999.0 -9999.0 -9999.0 -9999.0 -9999.0 -9999.0 -9999.0 -9999.0 -9999.0
-9999.0 -9999.0 -9999.0 -9999.0 1430.807778 1425.493833 1420.605323 1416.101952 1407.627695 1398.767760 1390.894237 1387.281000 1386.717207 1386.316344 1386.255306 1391.774318 1400.124478 1408.066230 1415.438282 1418.101826 1420.751804 1423.117549 1423.749071 1422.731902 1419.680192 1416.540174 1413.286939 1411.850151 1404.044558 1392.817224 1384.195204 1381.492961 1385.856411 1390.261962 1392.683970 1398.273470 1408.777388 1419.339829 1427.643427 1439.394468 1445.150251 1449.940447 1452.402378 1447.883854 1443.949389 1439.674992 1433.974478 1422.702279 -9999.0 -9999.0 -9999.0 -9999.0 -9999.0 -9999.0 -9999.0
1375.393931 1394.508486 1415.011459 1418.427798 1407.062979 1402.273583 1399.286373 1397.647708 1393.279983 1385.045753 1380.223466 1375.221018 1373.597238 1374.054913 1374.476621 1378.858276 1389.495394 1397.737904 1402.737144 1405.534124 1408.427944 1408.061294 1407.683007 1407.575263 1404.864372 1401.583242 1398.334355 1396.643867 1397.406661 1389.898787 1384.357186 1380.858628 1378.894148 1381.423631 1383.813399 1387.375728 1396.645899 1404.559641 1412.447504 1426.669597 1438.928515 1443.884359 1440.926617 1435.541337 1431.230870 1423.875949 1413.222914 1402.643169 1393.153504 1385.966202 1379.957840 1373.513282 1379.006782 1385.302807 1394.484059
1360.157757 1379.736938 1400.271368 1403.353072 1392.984368 1385.133075 1380.033730 1380.680531 1383.860488 1380.839304 1376.613489 1371.438088 1380.727628 1382.378766 1383.830403 1387.474342 1390.633323 1394.525630 1397.482648 1403.094784 1412.318470 1415.277197 1415.993295 1416.297002 1414.594609 1411.590653 1409.876251 1407.227930 1402.115466 1400.934962 1401.121294 1400.644666 1405.385044 1406.837296 1408.761802 1402.260383 1405.870612 1411.899443 1418.542526 1424.565910 1430.782143 1434.017033 1430.261744 1429.165021 1420.172739 1405.775614 1394.355249 1385.572027 1383.661771 1379.933352 1371.411153 1357.789773 1364.467028 1379.442026 1383.418132
1366.256311 1375.855789 1387.777703 1391.076478 1386.473565 1388.402100 1390.447115 1392.302934 1391.119599 1388.479591 1386.438186 1398.933380 1408.549739 1410.713801 1413.957686 1418.068324 1418.165602 1406.857953 1404.838575 1413.144272 1423.554731 1429.416428 1429.837456 1429.878920 1427.607659 1426.694369 1426.463925 1424.467487 1425.015976 1427.303951 1426.760695 1431.000975 1436.578083 1439.515111 1432.249980 1423.196425 1424.206916 1431.928747 1440.069311 1447.168722 1457.340148 1468.074220 1466.786481 1460.774366 1451.165767 1437.101044 1413.140996 1393.338433 1381.704320 1373.582489 1365.556858 1365.410033 1361.158407 1372.184442 1373.092198
1363.216703 1381.641667 1403.089253 1411.039715 1405.635688 1401.393274 1399.492831 1400.727103 1401.163721 1404.123867 1416.232418 1430.023696 1444.229698 1447.297958 1450.146433 1449.965265 1441.679760 1431.822509 1428.636797 1443.299192 1459.828824 1468.229045 1468.832704 1467.492562 1473.649540 1472.727640 1471.603907 1467.178602 1469.021917 1469.710166 1478.642550 1486.280701 1493.517545 1491.748671 1479.586426 1467.835065 1466.450170 1469.593638 1473.430235 1479.626249 1489.435481 1498.514082 1492.899670 1485.505190 1475.312118 1446.581828 1419.649433 1402.532269 1401.828581 1401.173663 1395.426670 1391.547404 1387.861548 1380.593635 1379.340769
1408.608240 1430.033870 1450.678738 1466.428425 1461.223170 1453.916284 1444.754138 1445.837383 1448.861032 1457.013601 1469.977492 1486.896716 1510.844459 1513.456834 1516.521385 1518.824612 1507.752898 1495.707038 1485.205350 1504.178572 1514.812818 1523.363958 1524.369917 1533.315088 1543.008156 1538.797743 1531.307972 1520.810823 1527.056404 1537.757217 1552.862459 1559.883108 1563.992418 1561.974283 1550.207008 1544.088540 1543.016023 1545.820915 1543.862580 1548.892367 1558.349051 1572.779208 1571.424677 1562.915043 1540.168071 1502.399597 1468.283843 1448.633155 1454.397660 1446.733279 1438.949343 1434.915985 1420.542645 1409.409947 1408.914198
1457.898336 1475.557362 1494.086223 1512.608503 1507.643415 1497.842406 1484.575123 1484.161382 1491.556157 1502.246936 1521.459973 1543.735355 1567.173012 1573.872245 1575.423432 1585.452544 1579.413522 1570.223774 1562.538633 1576.084314 1587.916273 1599.496178 1608.527424 1621.295338 1632.609873 1621.659403 1608.740259 1602.588127 1608.241590 1629.146724 1647.419555 1652.433049 1653.196435 1655.172164 1644.773901 1638.385521 1632.171958 1627.889802 1622.445856 1618.468741 1637.595019 1654.473714 1652.439695 1628.895112 1604.403923 1566.723195 1528.218851 1496.921270 1498.262698 1494.347573 1493.145606 1478.176039 1462.475285 1446.982474 1437.894020
1532.982547 1561.065203 1581.491298 1603.350227 1602.781734 1585.533453 1576.643809 1581.518795 1594.839176 1602.690686 1619.160865 1642.149225 1672.854917 1692.518074 1710.234871 1714.922798 1707.324383 1698.928975 1686.479835 1686.311894 1704.911719 1716.932936 1727.170672 1737.418733 1749.834784 1754.250790 1750.830197 1750.135235 1753.614103 1762.017184 1772.076651 1778.728682 1783.536525 1788.319388 1782.514507 1771.641005 1765.965180 1757.681121 1751.810816 1749.251466 1753.212492 1765.649410 1762.693537 1733.830336 1706.263358 1672.989522 1635.111354 1603.585503 1587.842822 1595.619123 1585.497765 1566.712259 1548.208538 1514.399501 1499.483843
1624.896295 1660.388328 1687.832983 1702.137291 1714.710572 1708.425963 1709.854535 1714.437931 1722.454901 1727.563630 1735.593807 1768.317016 1803.122502 1831.652553 1855.785016 1864.465458 1854.251984 1844.952743 1833.078153 1824.106149 1829.874231 1844.854885 1861.648545 1877.023989 1888.152813 1891.412160 1890.155551 1890.438628 1892.708845 1895.709263 1898.979481 1905.552816 1912.805680 1922.421246 1932.546417 1925.511917 1908.512435 1896.596670 1883.622494 1879.142193 1877.790328 1876.728248 1876.233565 1865.900118 1831.666133 1801.950886 1769.391438 1742.070491 1722.116234 1710.461641 1690.309252 1666.503935 1618.715989 1578.528062 1543.868333
1732.013306 1773.599705 1804.329239 1827.181951 1842.305632 1844.465283 1847.354752 1850.252278 1856.234941 1861.389832 1868.063739 1891.948024 1930.456858 1968.171614 1998.403028 2001.799718 1991.875415 1981.654183 1971.865913 1960.592761 1957.223934 1966.103920 1978.092061 1994.920512 2005.904713 2014.535837 2013.177395 2013.544255 2014.330868 2016.443036 2018.347102 2020.697009 2028.256775 2040.688028 2052.443075 2052.799430 2037.960360 2020.515128 2003.190349 1996.706419 1991.065837 1984.948481 1984.969055 1985.230970 1975.188310 1948.075645 1910.780149 1868.344407 1843.553473 1822.975403 1809.359009 1792.132961 1762.211617 1706.959043 1673.879347
1858.189788 1887.678959 1917.557106 1948.399078 1966.701786 1973.737122 1974.153546 1976.072711 1984.009235 1990.056382 1999.632521 2016.602582 2042.602100 2073.172876 2100.702482 2117.706071 2113.326251 2099.806679 2081.658845 2075.443366 2073.772710 2076.066574 2083.159393 2092.082559 2108.155432 2124.534842 2129.965259 2130.697103 2128.164829 2130.425625 2131.737970 2131.880655 2133.379802 2138.931457 2146.458142 2148.931245 2143.100688 2125.561448 2104.402190 2090.484233 2081.987231 2077.288818 2075.505336 2077.118380 2076.889966 2063.710077 2032.754061 1992.901063 1959.879913 1938.790041 1922.540931 1907.648792 1895.134887 1871.654875 1852.165262
1974.753632 1989.695627 2016.362988 2043.921017 2068.143568 2084.672855 2088.435176 2094.082213 2099.526299 2109.231245 2125.055113 2145.497403 2161.028213 2179.489623 2202.128964 2215.699029 2221.391666 2221.292735 2219.337499 2220.825174 2220.814136 2185.603662 2189.117494 2192.570222 2201.862643 2211.411666 2214.611817 2214.866121 2213.388115 2214.701694 2215.232288 2215.396904 2215.101900 2215.646027 2218.388719 2219.275255 2217.616328 2209.204127 2215.566975 2197.673643 2185.173880 2177.265932 2169.181841 2160.425749 2150.529998 2140.300359 2122.538740 2094.308390 2060.493087 2034.213200 2022.703838 2015.095609 2006.857974 2000.211025 1983.615756
2081.389721 2093.374715 2110.238495 2131.386033 2160.684833 2181.076770 2192.160221 2201.287600 2206.466037 2219.351968 2233.618083 2226.235010 2231.288520 2236.416084 2241.430609 2243.193482 2243.641591 2243.249669 2240.699906 2239.831164 2237.510886 2232.705140 2222.585962 2223.651680 2224.850003 2227.028775 2230.313886 2228.857807 2229.703564 2232.612752 2231.133861 2225.664540 2222.077901 2220.552141 2221.110328 2228.154621 2231.186138 2231.810675 2230.066278 2229.194655 2228.531578 2226.561980 2224.134402 2220.687597 2216.172631 2221.904933 2211.015632 2186.408748 2151.537492 2114.883670 2102.013408 2098.489807 2097.791170 2094.231223 2087.266736
2197.662935 2210.452262 2224.194413 2217.102690 2230.302131 2237.270223 2240.741324 2243.977618 2246.658661 2248.367827 2245.249951 2241.901034 2237.100017 2235.615438 2234.112584 2231.462797 2231.730809 2229.339004 2224.843303 2220.542638 2213.042158 2201.476184 2189.581965 2186.211777 2190.178186 2194.848833 2198.968131 2202.150406 2205.368793 2206.148411 2201.366075 2193.622575 2186.672050 2184.940772 2191.481279 2197.041180 2202.543692 2203.296216 2202.052176 2200.176700 2200.598842 2198.390194 2199.277841 2206.249759 2220.023676 2225.209744 2228.540559 2227.869144 2218.111821 2200.551544 2197.330173 2177.419133 2180.862230 2175.582968 2163.512155
2237.231088 2239.253940 2238.658969 2237.261670 2231.429510 2225.727849 2225.034082 2228.850358 2235.512523 2236.467588 2229.175023 2220.448376 2212.985354 2205.586278 2202.859112 2201.168374 2199.952777 2199.401219 2193.345018 2184.355216 2167.837928 2155.477652 2143.571027 2136.896480 2133.925262 2137.956753 2147.551815 2157.296133 2161.757330 2154.453168 2146.943360 2136.320866 2128.551348 2129.007742 2131.079873 2140.204785 2154.790153 2160.229777 2161.273086 2156.393930 2152.103622 2146.857511 2145.465146 2152.977934 2168.602464 2184.706543 2199.183332 2207.865738 2215.423807 2222.024445 2224.336794 2225.776621 2226.394699 2224.820185 2224.156917
2231.618056 2224.998644 2218.251163 2212.972511 2206.179274 2200.288192 2198.173271 2199.991424 2202.097677 2197.985052 2190.679774 2179.783892 2168.094712 2157.615342 2150.248195 2150.154997 2151.382732 2151.516616 2144.018448 2128.570973 2110.298352 2096.090481 2081.528479 2076.860287 2071.169094 2065.612867 2075.502827 2092.678452 2098.876967 2084.860943 2074.956009 2060.868762 2054.015600 2050.956860 2052.489288 2061.885319 2082.402820 2103.051906 2104.999880 2095.816143 2086.946383 2083.264585 2081.679966 2088.729562 2107.339634 2128.313088 2144.201661 2154.768836 2161.097588 2169.743681 2179.711124 2192.826460 2206.600437 2218.034746 2225.556781
2205.446943 2197.293799 2189.128953 2181.000168 2173.418496 2166.550244 2161.584525 2158.733669 2154.945504 2148.094231 2140.116433 2123.073755 2109.912036 2096.826599 2082.013974 2077.540857 2073.180696 2073.730715 2061.678333 2051.231793 2032.591912 2016.506649 2000.245938 1988.433039 1982.085480 1975.553799 1977.678001 1992.091009 2000.657346 1988.476328 1978.527936 1966.602868 1961.189142 1958.157151 1960.460327 1970.991027 1992.586673 2011.476269 2019.384109 2012.500899 2009.469005 2008.983033 2009.008381 2016.082596 2030.608728 2050.890960 2073.137962 2090.950376 2101.518884 2110.065747 2120.891174 2136.205497 2150.909565 2165.525197 2183.228431
2170.115636 2160.282716 2149.748553 2139.458119 2128.238343 2116.800255 2109.683142 2110.333223 2102.974330 2095.835837 2077.511943 2028.137982 2008.378654 1989.332299 1972.962735 1966.069660 1957.526006 1946.414580 1936.623615 1929.850702 1924.853036 1909.182044 1891.156303 1874.053349 1868.435432 1863.995339 1852.275618 1853.964265 1856.136700 1863.658191 1856.838028 1852.579520 1851.849744 1849.656195 1852.580573 1866.233944 1877.235351 1886.488606 1893.468787 1894.712091 1903.556838 1911.410662 1918.408044 1935.735234 1949.604694 1967.692345 1989.951991 2015.288109 2030.430744 2041.252669 2053.280268 2069.931390 2087.500621 2105.976855 2129.190496
2128.802082 2113.335311 2098.643567 2083.785820 2070.306404 2056.792160 2042.036858 2042.127062 2037.972456 2027.941640 1981.879605 1939.238435 1905.592093 1886.889021 1863.638165 1850.832249 1837.350598 1806.817651 1791.001473 1786.055875 1793.391049 1785.127248 1768.254625 1754.480476 1745.597891 1737.785556 1723.205549 1711.179027 1716.133079 1730.142821 1727.466611 1727.529659 1732.974070 1731.884370 1727.810433 1731.150018 1745.157518 1752.942879 1763.767204 1777.827764 1783.286963 1795.676455 1825.204693 1839.883390 1856.306628 1877.205326 1899.999255 1923.985560 1946.382155 1961.361645 1977.590249 1997.684758 2015.848288 2037.757937 2062.137587
2072.573471 2043.486239 2022.936477 2005.380393 1986.679313 1963.295248 1942.080792 1938.692014 1930.902713 1907.760627 1858.990958 1819.472173 1791.042553 1768.370425 1744.034528 1723.165196 1692.405200 1659.614903 1638.573950 1646.699798 1654.695372 1658.457208 1645.037013 1632.690024 1622.495357 1607.222349 1591.305252 1578.159263 1587.359677 1595.865552 1607.549140 1612.229851 1616.159543 1619.963115 1619.019230 1612.971395 1615.338189 1624.354620 1635.095215 1646.748005 1663.585130 1695.705680 1721.291638 1739.988952 1761.853021 1783.007211 1806.837955 1831.969746 1855.462401 1873.480215 1893.545607 1914.233553 1936.748277 1958.653052 1984.424587
1992.049610 1963.720065 1936.634771 1913.214533 1884.364634 1842.679190 1827.143209 1817.497371 1801.081501 1760.800232 1718.220728 1687.471483 1666.723649 1642.174521 1618.943509 1591.081188 1558.804314 1533.712352 1513.273701 1520.790757 1528.449189 1542.165733 1531.086885 1521.153301 1515.798462 1500.702861 1486.912061 1471.801954 1478.876128 1489.444342 1508.593158 1513.404697 1517.205186 1525.105349 1524.400630 1521.595982 1510.402913 1518.888057 1529.936999 1544.527694 1573.820696 1598.685587 1623.184038 1645.719504 1667.035226 1690.606719 1715.488023 1740.840418 1768.173976 1789.270575 1809.961957 1833.150298 1854.847496 1873.785422 1895.145161
1880.955533 1855.409669 1833.333243 1808.632661 1769.883089 1725.929799 1689.408423 1669.552958 1626.814982 1592.448205 1562.001977 1549.537259 1532.761887 1510.454269 1489.308962 1468.252182 1443.279267 1421.605919 1397.019916 1400.980195 1414.157969 1428.778619 1425.098805 1422.788708 1419.998335 1409.275449 1395.608405 1381.987822 1385.596050 1401.342261 1418.552677 1426.907433 1434.017128 1441.807012 1442.047251 1434.669227 1426.145082 1431.963636 1446.955672 1463.719668 1484.361629 1507.084625 1529.715201 1551.403690 1575.339414 1600.034254 1625.142180 1652.181322 1680.613067 1702.856744 1728.180672 1754.331538 1774.648755 1787.633611 1801.597805
1772.127091 1750.204954 1725.805038 1698.616406 1657.463753 1615.981910 1573.772754 1531.905899 1498.456835 1467.744633 1453.257554 1435.105176 1418.311044 1400.948678 1379.808053 1361.018104 1343.166665 1321.101931 1305.585576 1311.227452 1324.110496 1334.041587 1337.904534 1335.026081 1332.062148 1325.055988 1311.227670 1303.071990 1311.997091 1327.273543 1341.772785 1352.477425 1359.379646 1365.315394 1362.742523 1354.529348 1350.006168 1358.518153 1374.492997 1389.510889 1406.702292 1428.675948 1450.537221 1473.263577 1497.091607 1520.893465 1547.151884 1574.249715 1601.972305 1629.868973 1654.769846 1677.465817 1689.808677 1702.513499 1709.474824
1643.340557 1627.769863 1601.905946 1573.509294 1541.371425 1504.256040 1475.244694 1442.928273 1411.810639 1381.417600 1355.459925 1339.501369 1330.436623 1315.915139 1297.109835 1284.055569 1267.315155 1251.978890 1253.582662 1255.685740 1265.596716 1265.615853 1266.155440 1263.207840 1262.145316 1258.404866 1249.181562 1257.673982 1264.824957 1279.043187 1289.606211 1299.190622 1305.386923 1309.473927 1309.956256 1304.512625 1309.068563 1316.213824 1330.907517 1343.050069 1358.226901 1379.434343 1397.529554 1417.771817 1440.960613 1465.021353 1490.280857 1517.252965 1546.406642 1572.712288 1593.537534 1604.067727 1616.237679 1622.669400 1617.409896
