tests/Borden05m/sims/sim_1/output-maps/psiliqL0007N0012.asc
ncols         160
nrows         34
xllcorner     620200.000000
yllcorner     5168000.000000
cellsize      0.500000
NODATA_value  -9999.0
[rows 0 to 24 of 34, columns 57 to 113 of 160]
-9999.0 -9999.0 -9999.0 -9999.0 -9999.0 -9999.0 -9999.0 -9999.0 -9999.0 -9999.0 -9999.0 -9999.0 -9999.0 -9999.0 -9999.0 -9999.0 -9999.0 -9999.0 -9999.0 -9999.0 -9999.0 -9999.0 -9999.0 -9999.0 -9999.0 -9999.0 -9999.0 -9999.0 -9999.0 -9999.0 -9999.0 -9999.0 -9999.0 -9999.0 -9999.0 -9999.0 -9999.0 -9999.0 -9999.0 -9999.0 -9999.0 -9999.0 -9999.0 -9999.0 -9999.0 -9999.0 -9999.0 -9999.0 -9999.0 -9999.0 -9999.0 -9999.0 -9999.0 -9999.0 -9999.0 -9999.0 -9999.0
-9999.0 -9999.0 -392.801562 -398.489823 -404.104371 -409.403119 -418.820988 -428.339179 -437.324726 -441.493290 -442.545526 -443.553881 -444.050131 -438.757004 -430.841379 -423.223196 -415.955677 -413.618947 -411.206904 -408.860857 -408.344705 -409.721586 -413.069721 -416.449293 -419.953556 -421.459553 -430.039625 -441.731534 -450.915446 -453.752564 -449.163196 -444.546603 -441.939557 -435.609605 -424.443246 -413.233124 -404.396517 -392.435721 -386.855580 -381.519639 -378.069223 -381.996265 -385.438936 -388.967791 -393.459815 -404.486450 -9999.0 -9999.0 -9999.0 -9999.0 -9999.0 -9999.0 -9999.0 -9999.0 -9999.0 -9999.0 -9999.0
-411.062215 -407.807837 -418.662727 -423.590460 -427.112622 -429.563515 -435.034934 -444.152506 -449.843167 -455.558848 -457.347634 -457.524844 -457.599104 -453.428475 -443.615331 -435.613443 -430.823524 -428.457586 -426.046629 -425.849401 -426.368472 -426.835209 -429.832660 -433.349342 -436.848015 -438.702530 -438.839546 -446.596968 -451.971952 -455.246032 -456.319580 -453.852262 -451.516757 -448.552815 -438.649986 -430.075299 -421.483720 -407.131102 -394.619518 -389.230727 -391.469051 -396.424393 -399.970491 -406.134745 -415.742530 -426.203742 -436.904198 -444.159407 -449.442610 -454.418152 -448.098274 -441.579678 -430.944331 -420.359499 -408.045210 -395.681296 -9999.0
-427.636344 -424.898676 -436.087907 -444.870711 -449.303917 -449.518015 -447.690589 -451.735821 -456.701883 -460.774981 -453.262928 -452.162503 -451.092855 -447.972381 -444.501208 -442.505397 -439.741737 -434.434341 -425.434941 -422.849129 -422.398446 -422.339951 -424.242694 -427.443552 -429.293313 -432.154330 -437.461648 -438.337049 -437.840988 -437.672727 -432.250670 -430.728497 -429.507023 -436.744643 -433.396233 -426.914249 -419.778540 -412.365581 -404.981080 -399.883873 -402.843899 -404.098782 -412.314247 -426.077748 -437.624506 -446.373883 -449.032321 -452.048142 -459.561633 -471.471605 -464.442080 -448.623377 -443.709341 -439.676214 -427.377125 -414.829395 -404.481260
-443.754985 -440.942933 -446.353953 -445.796491 -444.652637 -443.402985 -445.294475 -448.537256 -449.881928 -436.725864 -427.105955 -425.506104 -422.671576 -419.443368 -421.081710 -433.934703 -436.801067 -428.053010 -417.331411 -411.264600 -411.165870 -411.237166 -412.644399 -413.747056 -414.380363 -416.959468 -415.702900 -412.912427 -411.827319 -406.341495 -400.485291 -397.742427 -406.924088 -416.528471 -416.209182 -408.420981 -400.306578 -392.595713 -381.048116 -368.782011 -370.094013 -376.017217 -385.106996 -399.146511 -423.011381 -443.274241 -453.698544 -459.999776 -466.727323 -467.628295 -469.406742 -458.785031 -456.746190 -454.865309 -445.873881 -435.282862 -424.980697
-430.319404 -421.936261 -428.469246 -434.806351 -438.894143 -438.614794 -438.446183 -434.736176 -420.860489 -406.391800 -390.435559 -387.628116 -384.986483 -385.319103 -395.780682 -406.693046 -411.471442 -395.767540 -379.491830 -370.794192 -369.549832 -368.386556 -359.441176 -361.744155 -364.903063 -370.894178 -368.166112 -364.539128 -351.954519 -343.994006 -337.074523 -339.102143 -351.355726 -362.791247 -365.155563 -363.580749 -361.872269 -355.812915 -344.664255 -333.747200 -338.680486 -346.869081 -358.407700 -389.024257 -418.580552 -436.347613 -435.468955 -434.873885 -439.353152 -442.441699 -446.241430 -454.062573 -454.338403 -454.704132 -455.037073 -442.756342 -430.340813
-382.536894 -365.645628 -371.969080 -381.314410 -393.344693 -393.223222 -389.378219 -380.466486 -366.041110 -345.632820 -319.427262 -314.233983 -309.221580 -304.406502 -315.697877 -328.815691 -341.670767 -325.745325 -315.212541 -304.837303 -299.962426 -286.454399 -274.801343 -280.057860 -289.617152 -299.407802 -292.224378 -276.265953 -259.341282 -251.953487 -248.032444 -247.157779 -257.817580 -264.242220 -268.363486 -269.188446 -274.110354 -271.512569 -258.988880 -241.926110 -242.048509 -255.886691 -282.226523 -321.520008 -360.109707 -385.126682 -381.878243 -388.715053 -395.044816 -399.962449 -414.871833 -427.056173 -427.607058 -437.391061 -443.839175 -432.279446 -426.118902
-331.068404 -311.326581 -314.378557 -326.427386 -339.280954 -338.946088 -329.664132 -319.200213 -297.893023 -268.950672 -237.427482 -219.368368 -207.818579 -196.559708 -204.467556 -215.960913 -227.434376 -221.819278 -206.213823 -189.947599 -173.798656 -156.398506 -140.396779 -146.919518 -158.125852 -160.984959 -155.015535 -133.433910 -113.626065 -105.280095 -100.771354 -94.459212 -101.962699 -113.084452 -125.614263 -137.455269 -147.836784 -154.180124 -136.179999 -118.504215 -122.235701 -153.912662 -187.002425 -230.157864 -274.874969 -315.026426 -323.676871 -326.204356 -329.444705 -347.041707 -364.545723 -385.705127 -398.364765 -408.277093 -424.396048 -420.129477 -414.185363
-215.424567 -189.747155 -181.528635 -196.684823 -201.259414 -194.738624 -180.526187 -171.681208 -152.437093 -112.464187 -62.264595 -27.043543 -0.291687 5.318852 -3.924151 -14.852361 -31.197965 -38.133060 -22.562099 -7.643742 6.016559 18.090896 29.607149 36.325679 35.153415 35.123835 37.831581 42.391917 49.173412 55.783910 61.899153 68.337443 68.694270 59.666330 51.232735 41.542974 32.949903 30.191945 29.389439 36.144499 34.397885 12.797510 -17.408147 -56.859586 -108.342067 -154.422873 -185.782362 -189.908571 -209.883331 -233.573260 -261.999155 -304.407594 -327.760809 -347.709754 -380.815504 -386.839066 -375.606680
-57.993374 -33.860476 -14.102185 -12.864658 -8.859851 -4.419176 2.827704 8.981108 17.419272 49.277999 85.348601 117.697838 143.385293 152.991121 143.969842 134.027060 122.495290 112.923916 114.418006 127.537137 143.311116 158.108347 168.012506 171.287107 169.867041 170.242240 171.420234 174.362111 176.715790 181.144949 187.406569 197.125530 208.826776 205.324022 189.611822 177.263421 162.636943 156.105910 152.929048 148.142981 147.128632 143.817601 117.896623 90.138144 57.141845 24.185825 -0.512095 -24.297342 -51.249741 -82.859928 -141.211141 -194.520860 -238.402252 -275.138795 -310.956173 -320.146379 -294.189743
78.935072 105.731414 122.171667 128.442485 132.023788 136.129446 142.996842 148.964756 157.028771 175.577687 209.503961 245.936843 277.149230 283.907645 276.727737 266.761919 255.809465 247.242315 244.532031 249.235231 258.161596 270.686890 281.981830 291.572616 291.848831 293.232298 292.100518 293.991819 296.715555 297.774366 303.147189 312.544685 321.674586 323.196582 312.565015 297.931348 280.910638 270.790984 260.328407 252.378825 250.514244 250.187961 246.904081 225.363303 192.694186 151.341228 122.376488 98.805460 83.249714 65.764037 45.549109 3.092087 -24.345161 -65.347923 -117.236036 -157.896488 -127.688634
189.022667 217.738153 238.046889 249.617970 254.014596 259.785952 267.757377 275.026735 286.106466 300.499270 319.745405 348.521720 380.586352 400.096129 398.075956 388.006022 373.429227 370.596845 369.960826 368.005753 374.931940 377.543435 392.307212 401.980812 406.861679 410.996857 405.420402 407.467029 412.629542 413.254483 413.600297 415.817059 421.192397 422.187385 416.297057 406.622569 389.313464 372.000629 355.695903 347.513674 342.841479 341.716221 339.278427 328.950249 303.449104 267.829065 233.105821 207.948450 189.635762 175.578720 165.107484 153.394277 137.407507 109.065752 67.963884 31.623022 19.969110
289.004000 312.609705 338.082936 357.533106 367.933798 379.855733 385.694451 395.745635 409.868857 421.769600 432.769312 450.946599 472.302582 483.555324 489.252645 490.374017 490.513226 492.483689 492.367997 484.004161 485.445246 485.874437 488.083847 491.316908 492.412207 493.375692 492.495937 493.304570 494.375323 494.699292 494.391496 492.848622 493.254777 493.019219 492.004718 489.320363 484.810998 468.965198 455.994369 447.825087 440.092226 431.451436 422.002888 412.460176 396.937822 366.535817 332.021554 300.969768 284.855125 276.163382 269.677120 264.280449 250.174746 229.708685 202.338719 167.927894 132.668721
393.159356 408.193893 434.062649 452.163022 463.741480 472.986548 477.931382 488.482891 499.079838 498.297520 499.395369 501.673894 503.737131 504.424698 504.421370 504.348583 502.153668 501.795894 500.059057 494.101019 484.704888 485.511762 486.493213 488.767477 492.398236 491.504160 492.734887 495.740603 494.250904 488.740267 485.144445 483.273206 483.116441 489.546367 492.320296 493.247274 493.295822 492.445739 491.781467 491.083233 490.622940 490.140276 489.267743 486.555423 477.151627 455.255256 425.768854 393.202108 370.338136 360.382000 359.878026 355.881074 349.107318 329.575676 301.438088 267.130494 231.258276
491.980945 497.960601 501.453354 503.751295 505.096586 507.239623 509.322566 509.161248 505.741414 501.938518 497.088137 495.548589 493.907068 491.372865 491.791865 489.714266 485.753202 482.141103 475.563550 463.061433 450.231521 447.261844 451.358797 456.295126 460.839227 464.564536 469.577251 471.527830 465.989250 457.191424 449.746885 447.231837 452.807314 457.471366 462.069867 463.308940 461.539469 459.939553 460.645352 459.304031 461.174966 469.089877 482.366180 489.994499 490.799359 490.410706 487.790602 482.869008 464.118723 444.260221 446.025785 441.359516 429.716486 407.658376 379.144843 349.135382 320.717747
500.382697 497.876696 491.875322 486.172493 485.432894 488.996037 495.351374 496.780108 489.990557 481.887923 474.356036 465.707595 461.943131 459.653510 458.195810 457.972557 452.491214 444.883288 428.504857 410.124804 395.503348 387.990321 386.506508 392.579226 402.741349 413.812685 424.292803 419.845249 408.252237 394.870367 385.394281 384.701048 386.890005 394.847602 407.032880 410.758541 410.645309 406.391669 403.667521 399.811618 401.495033 414.253025 432.106534 447.390118 460.566402 469.351609 477.105934 482.997519 488.672681 488.664280 488.766224 488.554964 485.009833 470.847646 450.615325 428.690466 403.982868
479.315859 473.435345 464.754202 457.641831 455.292966 457.323532 460.089511 457.485159 450.861322 440.454382 427.758173 411.319983 402.183079 400.994410 401.801724 401.663199 395.266902 380.904847 362.665398 346.295985 330.717814 325.932678 321.563634 319.646487 331.277060 348.555087 356.873787 345.607195 334.591152 319.446883 310.853210 307.632640 308.875480 317.637593 335.253206 351.662913 352.074861 343.416498 335.580002 332.400276 332.665933 343.306927 364.053494 384.605471 400.687812 414.342717 423.669293 432.797069 442.346076 453.540313 466.337672 477.964958 488.651693 490.296741 489.632645 487.494499 471.755997
447.516573 437.381280 423.946638 414.494837 408.639950 405.393483 402.744488 396.973764 390.251397 378.935416 365.940653 351.518033 336.508831 331.976981 328.879078 329.983169 318.602822 307.008801 287.337383 271.374855 255.818475 247.141815 241.859706 237.159386 244.603751 261.357587 271.435331 257.188294 246.640460 232.794895 225.782753 222.270708 223.272353 232.278354 254.020214 271.662087 277.310514 269.404660 263.375498 261.281000 261.979238 268.979296 285.915309 307.001390 328.072465 344.719046 355.609046 364.520374 375.423548 390.559590 406.763735 425.994992 444.156498 463.276798 478.142810 487.224628 492.433477
398.177031 386.672212 372.973809 360.276604 352.951773 352.573247 345.401771 339.039533 327.857845 287.023415 270.972943 253.391059 238.405935 232.661597 224.978303 219.625569 209.728442 202.220720 191.975773 176.798957 160.782781 146.742446 142.443376 138.837735 134.110127 142.681982 146.900068 146.066575 138.915331 131.862171 128.302993 125.757238 129.067635 141.357185 152.978883 163.533275 168.655597 164.735801 170.460506 176.812103 179.159038 194.762355 209.087243 227.039978 248.449250 271.075926 283.576941 293.264493 304.574006 320.728247 338.933603 358.856613 382.893057 409.111603 430.083109 442.608133 454.897975
345.192539 330.437583 316.653660 303.273399 290.653686 290.338131 286.103439 279.220588 245.891171 205.647254 175.847301 158.532505 138.400350 128.140271 118.011740 94.893618 80.402016 72.272947 73.903173 62.634071 45.511740 31.120175 23.788767 18.363989 7.808236 2.943570 6.971979 16.444287 10.640357 7.506760 10.137441 8.059191 5.909618 13.526309 27.305847 35.554719 44.483325 53.798772 59.512495 68.555334 93.505557 108.772690 123.892919 143.644309 165.059080 187.276289 205.946502 218.355412 232.245928 250.838216 267.861217 289.382646 313.836594 343.166528 364.481528 380.181242 393.337277
274.667063 258.892616 242.748949 225.114351 204.534079 201.451977 193.819078 179.817338 139.640548 100.744627 69.044381 45.983876 21.260699 3.442779 -23.132363 -60.096111 -86.631577 -86.626746 -80.225638 -86.331165 -108.028859 -127.821815 -142.686672 -158.708360 -177.263142 -188.814585 -179.787053 -169.356195 -164.720699 -162.544671 -158.546445 -157.334865 -158.352094 -159.401646 -146.713227 -134.007215 -119.475394 -105.345132 -89.265182 -52.152873 -19.348623 3.306505 26.955414 49.619312 74.712348 100.285235 121.601105 137.100248 155.176202 174.144678 194.338274 215.166212 240.293718 269.710317 293.725707 309.468196 324.291150
199.394404 178.619225 155.750254 121.962186 106.735341 96.542015 85.019965 52.519814 11.077480 -30.281888 -67.564316 -105.640077 -141.580588 -176.176039 -213.620651 -247.557278 -270.469796 -264.778188 -257.998696 -249.900025 -264.881494 -279.386562 -287.866592 -303.549662 -318.728490 -333.001564 -324.414518 -314.675272 -299.478576 -296.059062 -292.893898 -286.923492 -288.346841 -290.023611 -295.264024 -285.179112 -274.090412 -259.624179 -230.647948 -199.660545 -167.733127 -138.410983 -107.523207 -72.115238 -34.936534 -0.702506 29.679412 52.046538 73.652577 96.801737 117.594548 136.766534 158.696053 185.033370 208.193360 227.030383 247.222221
107.713217 83.962940 49.461495 5.281760 -29.675916 -46.949964 -88.860543 -136.061189 -189.804888 -221.766503 -248.783614 -277.617699 -303.155263 -327.088045 -356.193127 -381.430290 -405.503393 -401.520334 -389.255682 -375.605606 -384.055941 -389.416479 -393.216167 -405.429417 -419.480089 -433.271817 -429.436721 -414.586813 -397.781508 -391.331253 -385.149930 -377.698113 -377.703957 -383.947563 -392.261180 -386.398285 -372.826896 -356.553043 -333.681406 -309.532062 -285.484300 -262.559179 -236.087884 -206.366545 -173.653674 -136.278232 -96.011209 -63.058570 -26.548374 7.810986 33.115249 49.199066 67.362955 94.424659 114.818905 136.612424 158.568500
0.184654 -32.549462 -87.005960 -147.981394 -203.838493 -245.795800 -283.566053 -319.472460 -343.753202 -365.726746 -386.446605 -406.583726 -428.017764 -448.489632 -468.698673 -490.735026 -511.040408 -505.722634 -492.000156 -478.948087 -477.370467 -480.459355 -483.582704 -491.736134 -505.339166 -517.629027 -509.615721 -494.012127 -478.572422 -468.949444 -462.380690 -456.035437 -458.869741 -467.115139 -474.532686 -466.869205 -451.650356 -436.512264 -418.311629 -396.428353 -374.273699 -352.009551 -328.378864 -304.104099 -276.628735 -246.966339 -215.240903 -182.435728 -148.284713 -112.866774 -90.012111 -67.268386 -46.604384 -18.752592 7.506612 32.450536 58.771520
-166.168617 -203.171006 -246.220288 -292.953227 -329.045447 -363.203892 -395.599327 -427.116130 -452.312372 -470.835751 -481.495136 -496.520697 -516.111374 -529.966171 -546.956066 -566.945952 -568.997375 -564.838872 -551.821044 -548.917296 -548.141347 -551.132855 -552.250858 -557.328409 -569.729966 -564.600453 -556.593099 -541.331418 -530.191390 -520.903903 -514.565741 -510.346369 -511.180124 -518.784665 -516.536561 -509.251711 -494.561633 -482.707152 -467.231045 -446.221988 -428.618012 -408.829906 -386.489391 -363.203520 -338.348551 -311.758111 -282.713943 -255.301384 -231.102749 -216.098219 -199.866980 -187.259447 -186.053917 -162.580995 -136.789449 -108.554695 -70.039418
