tests/Borden05m/sims/sim_1/output-maps/psiliqL0028N0006.asc
ncols         160
nrows         34
xllcorner     620200.000000
yllcorner     5168000.000000
cellsize      0.500000
NODATA_value  -9999.0
[rows 0 to 24 of 34, columns 55 to 109 of 160]
-9999.0 -9999.0 -9999.0 -9999.0 -9999.0 -9999.0 -9999.0 -9999.0 -9999.0 -9999.0 -9999.0 -9999.0 -9999.0 -9999.0 -9999.0 -9999.0 -9999.0 -9999.0 -9999.0 -9999.0 -9999.0 -9999.0 -9999.0 -9999.0 -9999.0 -9999.0 -9999.0 -9999.0 -9999.0 -9999.0 -9999.0 -9999.0 -9999.0 -9999.0 -9999.0 -9999.0 -9999.0 -9999.0 -9999.0 -9999.0 -9999.0 -9999.0 -9999.0 -9999.0 -9999.0 -9999.0 -9999.0 -9999.0 -9999.0 -9999.0 -9999.0 -9999.0 -9999.0 -9999.0 -9999.0
-9999.0 -9999.0 -9999.0 -9999.0 3797.616396 3792.342743 3787.643272 3783.186290 3774.726510 3765.396972 3757.615528 3753.392023 3752.177813 3751.313338 3750.620261 3755.389044 3763.408347 3770.969006 3777.752036 3780.118714 3782.403870 3784.152164 3784.300678 3783.131983 3779.849334 3776.450283 3773.022506 3771.258955 3763.994261 3752.890521 3744.646742 3741.958195 3746.085390 3750.396258 3752.841638 3757.901770 3768.214772 3778.766325 3787.340698 3799.997624 3807.187024 3812.555406 3815.072188 3811.091611 3807.856362 3803.852296 3797.544414 3786.435299 -9999.0 -9999.0 -9999.0 -9999.0 -9999.0 -9999.0 -9999.0
3742.560024 3760.886245 3781.985024 3785.056457 3773.250604 3768.127863 3764.992725 3763.366374 3759.198136 3750.711779 3745.592176 3740.067634 3737.259386 3737.209136 3737.006268 3740.536931 3751.324317 3759.021965 3763.481702 3766.072424 3768.892134 3767.057722 3766.177059 3765.905910 3762.945461 3759.395727 3755.963348 3754.055820 3755.640914 3748.021531 3741.925105 3737.935402 3734.762383 3737.526013 3740.255062 3745.015831 3754.116510 3761.965333 3769.896853 3785.200892 3798.497261 3804.260506 3801.711758 3797.191110 3793.377275 3785.855688 3774.994176 3765.065353 3757.239886 3751.305742 3746.001193 3739.499391 3746.018851 3754.126765 3763.394885
3725.735547 3744.874111 3765.328363 3767.809291 3757.584501 3749.912972 3742.753412 3743.283565 3746.888647 3743.661652 3738.769309 3730.488373 3740.689077 3741.574725 3742.126180 3745.208691 3746.806411 3752.153979 3754.434243 3759.680662 3768.571323 3771.316323 3771.658211 3771.611034 3769.527672 3766.177943 3764.118962 3761.248987 3755.900836 3753.947908 3753.460038 3751.983780 3755.911488 3757.424852 3760.513346 3755.205084 3759.760665 3766.018134 3773.005023 3778.364695 3784.426075 3786.731730 3783.447375 3784.285034 3775.976689 3762.387248 3752.773330 3745.522529 3746.148010 3743.293370 3735.416328 3721.597476 3730.159791 3746.429158 3751.307424
3730.160992 3738.986912 3749.298839 3751.668309 3746.579589 3748.878534 3750.635560 3751.732044 3749.764288 3746.073417 3741.248498 3751.262688 3759.306324 3760.538186 3762.795220 3766.694772 3767.681416 3756.897692 3754.840575 3761.861954 3771.319247 3776.281124 3776.368840 3775.869988 3771.848250 3770.583549 3770.328392 3768.524235 3767.745538 3769.108902 3766.251768 3768.894879 3774.312598 3777.679772 3772.863579 3764.566728 3767.037018 3775.604907 3784.886215 3792.518618 3802.609675 3813.301544 3813.799132 3809.476795 3801.075826 3788.836066 3766.577784 3749.431720 3738.502335 3730.430668 3723.216500 3726.738534 3721.849979 3736.150805 3738.041222
3714.211509 3735.439587 3755.244420 3760.720931 3754.651140 3751.071999 3750.014293 3750.560879 3749.341413 3749.323046 3757.373508 3768.773356 3779.386815 3781.178179 3782.792645 3781.294104 3773.947590 3763.558789 3760.993897 3773.932962 3790.665464 3798.385347 3797.641987 3792.670465 3795.110776 3795.430600 3796.257805 3793.117993 3793.597307 3790.536190 3795.218540 3802.893692 3810.990238 3809.695599 3797.239346 3784.755944 3784.922222 3790.814463 3798.351936 3806.148398 3816.281806 3825.300491 3820.546296 3815.721767 3808.787782 3783.667866 3761.770893 3747.916377 3748.318932 3749.232381 3744.941035 3743.173079 3742.726379 3739.169676 3739.584341
3749.327250 3768.186215 3788.400934 3800.862816 3794.594844 3787.192443 3779.000296 3779.089509 3779.020753 3784.446377 3794.342490 3806.282764 3827.577076 3826.461567 3826.427496 3824.420798 3811.205430 3797.812873 3788.006208 3810.726719 3821.867958 3828.752138 3825.451573 3829.772993 3838.190165 3834.758955 3828.732925 3816.375207 3821.859053 3827.482929 3842.642388 3850.769223 3856.283078 3851.173727 3836.829305 3829.895938 3831.899935 3839.048329 3840.811746 3850.120688 3858.639740 3873.529240 3872.055886 3869.627198 3850.130247 3813.074231 3784.532050 3773.145774 3785.444296 3779.980388 3773.647203 3774.133552 3763.573177 3757.009040 3760.014676
3779.462576 3792.243607 3808.179823 3824.466272 3814.962695 3804.893439 3787.899187 3784.358316 3788.005195 3798.193599 3815.486177 3832.718157 3852.060300 3849.278881 3841.213876 3850.887108 3843.824607 3832.746212 3825.343193 3848.390688 3858.191030 3868.196145 3873.305551 3885.959004 3896.238097 3878.639301 3860.779812 3849.552471 3856.876732 3883.428670 3906.686153 3911.467573 3910.201694 3909.107704 3892.794091 3888.221426 3885.315361 3886.511122 3884.363483 3882.815677 3909.261153 3931.575339 3931.527771 3910.172845 3887.524926 3847.260612 3809.355257 3786.111822 3801.094614 3797.553157 3801.446444 3792.032408 3780.834734 3775.079981 3773.646335
3826.638026 3847.213812 3863.089203 3885.185784 3874.636960 3850.647388 3833.425822 3835.742189 3849.505808 3857.805261 3876.870270 3893.012280 3918.067219 3928.883666 3939.008798 3942.979340 3936.161486 3927.695586 3915.864330 3922.282705 3947.325293 3958.968536 3966.987518 3975.066680 3987.792947 3987.380415 3979.788184 3977.745988 3982.327675 3996.863898 4012.244073 4019.036819 4021.752191 4023.914926 4009.171048 3995.808553 3994.463357 3989.487615 3989.077519 3988.531257 4001.350796 4023.348763 4019.865844 3981.535249 3954.525922 3918.767446 3879.910331 3850.630680 3846.031313 3866.928150 3865.990697 3849.926484 3840.690469 3815.959668 3812.469524
3893.988280 3926.811913 3950.913463 3960.675911 3967.374880 3951.164460 3948.625936 3952.953662 3961.651699 3964.628517 3970.991566 4003.584373 4037.433693 4061.975118 4084.692528 4091.753464 4079.163423 4069.399295 4055.627389 4046.939848 4059.153513 4076.977291 4094.898269 4109.780184 4121.182555 4123.032502 4121.395666 4121.428690 4124.750339 4127.783949 4132.351395 4141.265363 4149.021740 4157.495809 4165.057982 4153.834364 4136.742187 4127.920430 4119.607873 4119.444693 4121.240739 4125.928286 4127.093685 4108.706567 4064.674199 4032.239927 3999.776041 3981.360054 3969.096737 3970.792567 3952.516368 3927.579535 3874.955468 3837.790828 3806.790712
3978.335152 4023.480300 4052.892826 4069.239202 4081.783341 4077.987080 4079.912918 4080.829537 4084.364277 4086.403441 4088.537755 4116.308869 4158.994878 4199.141204 4230.950966 4230.231791 4215.756916 4204.266484 4195.382091 4180.333455 4176.313064 4189.890669 4206.177208 4227.343945 4237.675669 4243.183818 4239.417070 4239.614126 4241.689173 4244.118893 4246.353793 4250.336513 4260.534966 4276.295272 4291.467294 4290.244160 4270.164147 4251.924554 4236.037193 4234.328058 4232.429558 4227.555333 4230.209712 4232.187885 4214.566547 4181.818107 4140.851097 4100.376143 4084.965925 4070.520735 4059.673172 4042.212810 3998.665855 3928.869187 3887.521961
4094.365696 4130.221296 4159.630810 4190.286167 4204.728866 4206.170472 4203.236548 4201.644531 4208.771588 4210.999242 4215.984969 4232.756852 4266.842895 4303.952316 4334.546063 4349.795985 4341.258118 4322.215921 4298.970997 4288.226936 4284.994758 4288.970769 4299.143321 4313.066856 4333.526324 4353.793073 4359.688707 4360.612242 4357.874512 4360.396793 4362.074648 4362.215215 4365.547060 4374.876587 4385.391869 4388.946814 4380.496297 4358.253420 4333.903711 4322.989550 4316.795402 4313.502807 4315.008702 4320.838359 4324.658345 4309.000883 4271.595680 4225.310538 4195.525169 4181.259247 4168.693947 4154.162653 4141.062794 4105.123698 4083.124411
4205.044202 4220.934472 4250.149082 4279.786610 4302.434389 4317.018028 4316.839149 4319.484283 4324.382216 4331.353978 4346.508740 4370.984274 4391.350249 4415.466936 4443.465651 4460.697761 4465.927744 4463.834594 4459.136632 4460.209021 4460.612637 4388.930858 4395.990399 4403.039601 4422.541681 4439.744990 4446.042122 4446.769631 4443.867016 4445.889723 4446.762812 4446.601104 4446.221428 4449.106162 4454.898074 4457.111722 4454.375096 4440.269358 4462.122855 4441.260180 4427.330999 4418.866755 4410.402569 4402.106398 4392.567442 4382.443373 4361.247214 4329.083191 4294.004638 4273.306492 4265.802391 4259.488245 4250.299429 4244.227371 4226.440730
4304.613818 4315.247605 4334.291759 4357.915925 4393.698555 4418.390776 4430.181033 4439.812971 4444.565124 4459.042849 4476.617848 4458.017027 4467.525300 4477.364605 4487.140990 4490.498285 4491.459556 4491.016001 4488.571982 4487.685306 4485.070469 4481.852330 4471.120023 4472.759028 4474.818665 4477.474922 4481.269934 4480.215356 4481.375188 4484.345927 4482.515777 4476.315836 4472.105052 4470.525085 4471.656929 4479.189784 4482.777853 4483.781235 4479.833895 4478.830927 4477.690864 4473.798776 4468.939580 4462.089545 4453.326999 4470.912712 4458.243212 4428.807588 4386.477145 4343.396553 4336.829668 4339.723292 4339.280546 4337.830084 4332.081869
4434.927124 4449.223396 4464.632210 4437.810228 4463.377891 4476.462420 4482.580517 4487.112700 4490.060250 4493.706864 4490.746322 4487.827488 4482.865103 4481.206622 4479.822518 4477.352288 4477.970590 4476.080412 4471.950323 4467.752752 4459.379602 4447.554569 4436.371882 4432.543028 4436.783216 4442.564380 4447.935843 4452.705700 4456.541898 4456.290304 4450.614300 4441.992096 4434.281327 4432.673733 4439.683710 4445.502547 4452.367678 4453.300739 4451.897372 4449.274578 4448.910898 4445.423329 4445.563425 4452.832888 4468.047567 4470.078316 4476.832786 4475.870888 4456.818727 4422.319267 4438.291335 4418.046595 4424.567335 4419.837110 4408.312276
4481.673648 4484.844850 4482.978752 4482.038711 4475.520052 4469.363503 4468.550686 4472.606282 4479.720908 4480.718102 4473.593485 4464.868430 4457.493961 4449.830280 4447.380882 4446.949343 4446.763102 4447.338384 4441.993406 4432.247390 4414.717090 4403.056218 4391.963070 4386.004235 4381.746350 4384.849162 4396.484219 4409.337000 4414.500852 4404.548884 4395.795651 4383.627325 4375.502707 4375.996193 4376.751472 4386.434336 4404.073349 4412.374874 4413.215686 4406.405716 4399.430745 4392.582512 4389.277077 4395.685833 4411.219837 4428.519606 4444.759301 4454.251924 4462.159341 4469.510344 4466.690691 4469.827849 4471.554074 4469.116879 4473.126125
4476.378102 4469.252491 4462.128295 4456.718279 4450.256242 4444.996139 4443.091712 4444.814304 4446.498639 4442.162556 4435.781693 4425.727023 4414.559893 4404.760154 4396.729800 4397.768618 4400.147982 4401.953735 4394.385642 4378.679623 4360.612012 4347.006760 4333.052530 4329.086002 4322.908044 4314.408035 4324.448720 4344.877737 4352.564773 4335.799743 4324.621312 4309.116804 4302.679214 4298.451539 4299.067659 4307.934074 4331.178656 4356.538640 4358.874445 4347.622930 4336.430035 4331.756248 4328.450643 4332.749520 4349.337673 4370.582627 4387.176195 4397.964298 4403.336717 4411.154290 4420.627546 4435.504077 4450.842833 4463.619840 4467.496604
4450.814421 4443.008080 4435.293987 4427.592709 4420.651807 4414.383332 4410.020807 4408.038006 4403.738063 4397.524501 4390.402625 4368.168191 4355.539827 4342.279520 4326.950245 4322.869266 4317.581794 4318.474962 4306.807460 4299.265074 4283.160654 4267.752037 4252.063492 4238.000617 4232.260825 4225.341571 4222.304749 4235.363085 4243.680316 4235.014735 4225.437161 4215.260630 4211.107503 4207.735446 4210.373332 4220.909242 4239.960210 4258.302168 4267.151719 4260.005505 4259.666015 4260.315422 4258.754187 4265.346308 4275.494907 4293.222363 4316.168664 4335.987178 4346.151330 4352.964733 4362.107293 4376.690708 4391.008033 4405.616400 4424.012271
4420.110372 4410.699739 4400.681140 4390.828014 4380.220983 4369.555723 4362.874528 4365.760526 4359.762777 4354.195041 4329.696838 4272.397348 4250.454447 4231.147888 4214.569778 4207.510329 4198.742101 4180.656826 4172.029540 4167.964508 4172.138251 4158.457750 4140.900328 4122.823245 4117.981637 4114.577855 4095.273503 4088.522269 4088.468263 4107.569587 4101.818996 4101.627598 4104.498668 4102.168670 4103.049730 4115.656829 4122.464773 4126.906816 4133.898681 4140.262487 4151.833925 4160.503934 4172.344126 4189.967850 4200.419519 4215.370703 4235.607950 4261.889631 4278.006048 4287.610578 4297.972444 4313.292027 4329.469971 4347.411328 4369.969953
4385.152760 4367.957542 4353.091886 4338.621837 4325.807395 4312.822488 4296.301628 4298.320002 4296.377347 4285.590111 4227.476509 4186.930319 4152.627276 4135.558486 4111.460180 4097.324050 4079.650988 4038.352041 4020.140881 4020.984745 4038.185845 4036.142200 4021.257890 4009.898505 4000.196450 3990.206961 3971.349399 3950.238898 3956.666339 3976.690532 3978.974697 3983.570508 3992.402511 3992.220251 3984.737627 3980.069410 3991.579185 3996.464064 4008.061333 4027.316324 4032.473513 4050.793894 4086.467594 4099.197089 4114.255066 4132.275121 4152.373523 4174.345874 4197.475403 4211.725251 4227.037951 4245.400661 4262.034896 4282.254436 4304.673937
4333.268211 4301.385817 4279.865137 4262.251496 4242.649702 4214.212960 4194.218717 4191.918367 4185.849472 4154.394927 4100.544539 4065.956866 4044.006921 4022.275500 3999.507022 3974.534611 3934.698367 3899.175706 3877.001130 3895.336664 3907.652256 3921.983380 3911.278488 3901.056098 3891.659489 3872.626117 3855.460174 3837.868036 3849.546374 3858.280236 3879.976352 3887.757271 3891.791257 3898.547173 3897.026051 3884.653975 3876.949400 3884.795505 3894.529768 3906.882010 3930.428739 3967.463134 3992.266949 4010.699787 4031.035275 4049.224954 4070.081027 4092.630755 4115.496853 4132.486711 4150.549233 4168.653293 4189.273659 4207.807499 4230.011734
4250.352380 4222.130926 4195.977931 4172.768067 4139.884102 4091.746566 4077.436669 4068.383098 4044.285654 3994.095358 3952.613154 3935.280419 3925.016201 3902.313313 3882.182394 3852.833791 3818.410562 3798.143605 3777.692381 3789.242153 3800.659055 3823.215130 3815.464592 3809.928179 3807.911849 3792.570249 3779.555710 3762.677867 3768.732015 3781.547888 3806.720739 3813.260138 3817.630256 3827.694056 3827.027819 3821.772904 3801.904865 3808.060151 3818.856522 3833.695633 3865.570294 3887.536986 3909.445999 3931.106143 3949.998576 3970.994304 3992.520526 4014.907449 4041.139140 4060.354415 4078.950135 4100.065623 4118.564799 4131.607840 4146.370838
4140.124261 4116.798330 4098.182734 4074.236263 4029.938965 3986.032951 3943.580527 3914.324123 3858.654623 3823.626830 3807.128063 3810.526933 3800.418568 3782.153984 3764.602773 3746.492794 3726.321682 3709.168588 3684.413597 3690.783800 3707.984278 3726.298982 3729.846179 3732.345002 3731.654820 3723.155281 3709.968366 3696.465135 3700.333944 3718.041863 3736.417427 3747.241173 3755.285643 3763.071019 3762.610148 3752.180871 3741.486926 3745.743708 3761.131943 3776.877142 3793.103994 3812.746606 3832.653426 3852.384340 3874.160109 3895.890419 3917.857659 3941.783004 3967.824665 3988.688308 4011.620155 4035.231756 4050.381582 4057.623424 4063.257851
4036.773108 4018.839662 3996.440290 3969.033580 3927.088478 3888.377053 3848.351766 3799.395414 3766.961729 3739.811035 3736.609723 3723.293295 3712.484725 3700.284459 3681.425516 3667.040769 3654.458822 3634.392165 3627.264199 3635.754936 3649.875348 3657.691256 3666.057716 3664.666529 3662.971021 3658.227057 3644.512830 3642.118713 3652.656518 3667.838764 3681.215218 3693.149688 3700.042569 3704.785630 3701.480894 3691.818415 3689.381912 3697.257990 3712.304941 3724.880989 3738.254153 3757.736072 3776.368192 3796.729314 3817.913261 3838.550719 3861.622398 3885.423319 3910.242523 3936.534629 3957.518609 3974.169884 3981.176730 3988.965189 3985.596193
3912.855015 3903.527270 3878.434318 3850.666981 3823.194608 3792.503233 3770.881655 3741.301212 3712.995981 3685.838991 3661.383647 3651.870162 3648.190873 3637.483804 3622.657521 3613.471840 3599.570789 3592.658616 3601.326832 3602.765354 3610.474386 3608.224874 3609.757448 3607.950589 3607.903335 3606.648945 3602.080586 3615.463252 3621.750157 3634.756358 3644.498347 3654.206056 3659.721450 3662.941187 3664.207989 3660.355465 3666.537684 3671.846621 3684.665391 3694.908662 3707.068064 3725.644085 3741.106406 3758.412701 3779.043321 3800.373229 3822.446580 3846.433390 3872.846897 3895.739617 3911.350578 3915.800874 3922.960419 3921.693656 3907.637017
