tests/Borden05m/sims/sim_1/output-maps/psiliqL0010N0016.asc
ncols         160
nrows         34
xllcorner     620200.000000
yllcorner     5168000.000000
cellsize      0.500000
NODATA_value  -9999.0
[rows 0 to 25 of 34, columns 57 to 113 of 160]
-9999.0 -9999.0 -9999.0 -9999.0 -9999.0 -9999.0 -9999.0 -9999.0 -9999.0 -9999.0 -9999.0 -9999.0 -9999.0 -9999.0 -9999.0 -9999.0 -9999.0 -9999.0 -9999.0 -9999.0 -9999.0 -9999.0 -9999.0 -9999.0 -9999.0 -9999.0 -9999.0 -9999.0 -9999.0 -9999.0 -9999.0 -9999.0 -9999.0 -9999.0 -9999.0 -9999.0 -9999.0 -9999.0 -9999.0 -9999.0 -9999.0 -9999.0 -9999.0 -9999.0 -9999.0 -9999.0 -9999.0 -9999.0 -9999.0 -9999.0 -9999.0 -9999.0 -9999.0 -9999.0 -9999.0 -9999.0 -9999.0
-9999.0 -9999.0 217.074942 211.544350 206.208917 201.216591 192.183157 182.965797 174.441929 170.538668 169.722725 168.993196 168.714737 174.121244 182.199448 189.940796 197.259608 199.754504 202.291972 204.683254 205.278389 204.062402 200.855029 197.585705 194.190731 192.717511 184.452954 172.995468 164.063862 161.302262 165.803804 170.333107 172.869397 178.920276 189.807605 200.752654 209.384844 221.221201 226.832235 231.929371 234.968325 230.774003 227.062044 223.162975 218.161107 207.027888 -9999.0 -9999.0 -9999.0 -9999.0 -9999.0 -9999.0 -9999.0 -9999.0 -9999.0 -9999.0 -9999.0
199.881926 203.244415 192.266478 187.424586 184.120692 181.984449 176.952416 168.235198 162.940743 157.587498 155.965546 156.101965 156.284219 160.578858 170.673335 178.763994 183.655166 186.221897 188.855108 188.938605 188.535092 188.241679 185.395551 182.002085 178.621779 176.844015 177.024553 169.426188 164.062341 160.768251 159.429261 161.912158 164.243971 167.379119 177.000828 185.305446 193.621473 207.843166 220.179680 225.352471 222.812005 217.614578 213.660525 206.938410 196.843508 186.241173 175.902182 168.565499 162.923727 157.351406 163.249501 169.568276 179.596436 189.541729 201.518972 213.655538 -9999.0
184.400966 187.359740 176.580552 168.210092 163.633163 163.773856 166.130263 162.566768 158.027677 153.785733 162.030860 163.478527 164.807309 168.180508 171.588462 174.257081 177.129362 182.589437 191.707689 194.516410 195.165392 195.400109 193.650013 190.582217 188.817171 186.081720 180.931991 180.036487 180.512511 180.538546 185.734017 187.223295 188.643907 181.665231 185.024998 191.267001 198.163989 205.048727 211.966506 216.338458 213.009635 211.598305 202.894929 188.687359 176.927845 167.922149 165.280970 161.825056 153.817240 141.213872 147.927854 163.246190 167.711325 171.149022 182.900728 195.134828 205.389966
170.555822 173.727565 168.774926 169.895815 171.433357 172.999831 171.524205 168.729384 167.444185 180.613378 190.484851 192.564476 195.743640 199.385489 198.425993 186.254751 183.764439 192.392029 203.066122 209.198521 209.609569 209.757689 208.192461 207.238184 206.787431 204.497876 205.611390 208.365792 209.056685 214.201522 219.964005 222.747404 214.270170 204.871314 205.292482 212.854087 220.806484 228.181645 239.099002 250.623787 249.130101 242.872411 233.205294 218.750055 194.507077 174.044141 162.855331 155.624310 148.182076 147.238225 144.366709 154.819596 156.261392 157.757153 166.023139 176.171002 186.182361
186.451411 194.978017 189.157906 183.773133 180.633299 181.440024 181.986574 185.798818 199.435930 214.066853 229.782294 233.140721 236.188922 236.141298 226.697026 216.372766 212.288947 227.528463 243.871858 252.627747 253.951905 254.502412 262.537762 260.817333 258.448475 253.181949 255.740160 258.557410 269.981926 277.923541 284.961556 283.037293 270.924773 259.409486 257.209898 259.078167 261.330954 267.270381 277.757082 287.772579 282.358733 273.995034 262.307449 231.867174 202.684289 184.484507 184.078063 183.651707 178.252163 174.409392 170.191437 162.156529 161.160788 160.028415 159.110708 170.774990 182.777108
237.080973 253.947139 248.507911 240.300402 229.699017 230.473646 234.409781 243.493729 257.874212 277.512069 303.189983 307.901048 312.507584 316.642538 305.873280 293.563953 281.951017 298.810995 309.369417 319.177243 322.852343 334.668374 345.360368 340.633222 332.059154 322.304962 329.205458 343.160855 359.076854 366.181764 370.002675 369.687075 358.995874 352.922728 349.955510 350.360966 346.541568 349.904585 360.863185 376.174752 375.342625 363.450964 338.278526 299.248805 261.742232 237.882682 240.878298 232.943998 225.371079 219.995434 204.607519 192.117600 190.887656 180.446926 173.470358 184.323034 189.893313
290.013702 309.658637 306.445495 295.808484 283.429059 283.894656 292.807249 303.726786 324.463390 350.484075 377.454091 390.020588 396.962569 407.168172 400.911042 391.603586 382.857646 391.412945 404.726117 417.938406 429.901758 443.649394 456.060161 448.334192 437.507430 433.778466 439.027226 458.089452 474.901191 480.759175 482.997748 486.727534 479.111118 471.361817 462.916402 455.386778 448.050863 443.163880 459.677295 474.910508 472.123281 446.624056 419.670041 381.361262 340.752493 304.191462 298.342468 294.480696 291.080864 273.588828 255.832046 235.762002 223.410383 212.829051 196.842534 200.767228 205.485722
395.978471 418.552370 422.940685 408.227733 402.699577 408.453598 421.548586 429.480510 445.618288 473.712248 508.975164 534.230918 556.245895 561.247354 552.838525 543.811026 530.385433 526.628385 542.182147 554.749818 566.458052 578.033725 590.324486 596.928169 595.318218 595.188194 598.284477 604.069148 611.936108 618.821017 624.833260 630.980345 629.577295 619.826397 611.865197 601.881716 593.371704 590.124330 590.318923 598.681953 596.400537 572.245597 543.904440 510.779387 471.769841 437.417578 414.957077 415.712871 400.437735 379.445461 355.177853 315.778383 294.638192 275.662342 243.825819 237.762070 246.270449
516.763401 533.923497 549.365152 547.528465 550.407895 554.767885 562.229549 568.263680 577.186777 610.284805 646.021972 676.971641 702.088770 711.545727 702.262199 692.839156 681.524227 672.232703 674.840382 688.454532 704.658388 720.155876 730.951590 734.691905 733.463311 733.765783 735.505128 738.620542 741.377379 746.814845 753.752394 763.791621 775.145446 770.298924 753.571408 740.267520 725.037615 718.422213 715.720701 712.193401 711.330134 705.460657 676.469303 648.209383 615.449559 583.482940 559.660044 541.338476 519.898243 495.708742 448.649515 405.056971 367.055076 335.885316 304.581438 298.649500 321.557983
641.138388 666.914023 682.880079 687.567086 690.633343 694.385565 701.425841 707.807708 716.348519 737.935473 774.171272 810.931572 840.920986 846.530444 838.657264 828.879815 818.303331 808.865437 806.073824 812.725947 822.528660 837.058828 848.199795 858.259201 858.030811 858.405149 858.474333 860.433199 862.169489 863.649925 869.818897 880.521710 890.595986 891.869090 879.829290 862.820535 844.508226 835.020433 827.200538 820.556943 819.628147 819.553219 813.885661 790.157996 755.202882 712.148099 683.115711 659.910084 645.144662 628.036483 604.742299 556.634430 527.444772 492.180722 455.270285 429.831956 463.753385
754.750734 784.924395 804.631396 814.154683 816.246892 820.261787 828.840527 836.608273 848.036859 864.652744 886.471420 914.237432 941.200164 959.374488 956.777330 945.970810 929.953271 926.068486 925.791220 927.556117 933.189199 939.583325 953.384552 967.695337 972.658157 973.222742 970.848956 972.775705 973.776378 973.831285 974.369121 978.037519 984.146458 986.234239 981.934167 966.944315 946.936692 930.371228 920.035724 914.520725 911.346475 911.313526 909.614789 898.164245 870.666448 833.897289 799.315086 775.018571 757.171616 742.536621 730.810097 714.152368 696.411187 666.843021 624.744652 588.148944 581.749027
855.129709 880.891977 905.527071 922.851660 928.756651 936.677162 943.046432 954.084804 969.765524 987.456309 1000.258532 1016.020621 1036.427471 1048.331741 1054.188003 1055.127624 1054.468109 1056.323604 1056.495873 1039.755472 1041.624796 1043.360703 1047.592163 1053.319607 1054.883103 1054.864807 1054.119862 1054.971634 1055.265459 1055.551115 1055.276308 1054.659790 1055.943648 1056.280794 1055.317418 1049.855285 1048.223639 1031.204870 1019.016443 1011.323021 1003.627742 995.017303 985.427243 975.574466 959.676528 932.760314 899.166650 869.838224 855.996262 847.812228 840.456055 834.084454 818.569483 796.951879 767.445871 730.164830 694.524646
952.734231 971.795350 997.403365 1015.354164 1025.968945 1035.285847 1040.991526 1052.991036 1065.267683 1063.038061 1065.562839 1068.238991 1070.957551 1072.056387 1072.458068 1072.348378 1069.985820 1069.382164 1067.426414 1061.884562 1052.165326 1053.062446 1053.957287 1055.972977 1058.987436 1057.245447 1058.008131 1060.835020 1059.638970 1054.583672 1051.312383 1049.803487 1050.084622 1056.924593 1059.734295 1060.187722 1059.393466 1058.293874 1057.629039 1056.557705 1055.466023 1054.024760 1052.071417 1052.232891 1042.385753 1019.986483 988.734840 955.136230 938.363048 931.338033 930.688818 926.402128 918.952515 899.184473 871.788717 836.473283 799.021412
1056.456621 1058.633162 1065.272410 1068.926906 1070.927839 1073.614812 1076.236831 1076.943885 1073.624196 1069.887327 1064.904968 1063.284268 1061.574063 1059.043591 1059.714919 1057.648014 1053.445662 1049.415740 1042.378874 1030.636801 1018.285621 1015.215617 1019.186171 1023.407725 1026.852748 1029.032584 1032.109838 1033.353546 1029.347286 1022.211356 1015.663793 1013.825686 1020.074806 1025.447233 1030.210602 1030.769768 1029.410249 1027.638214 1028.198979 1026.494499 1027.828634 1035.013405 1048.658670 1055.775836 1057.556269 1057.104774 1052.136108 1043.059299 1029.930278 1010.067868 1012.125548 1006.764842 994.268410 972.158750 947.818421 918.497392 889.701161
1066.963087 1064.908935 1059.139573 1053.539372 1052.863996 1056.583347 1063.040468 1064.156173 1056.847171 1048.163854 1040.282825 1032.583183 1029.303155 1027.290136 1026.571610 1026.337768 1020.574346 1012.320153 996.166061 982.722016 970.021182 962.953720 960.762202 965.400697 974.030684 982.175267 986.424629 980.486742 973.828496 964.104012 956.512347 956.860607 959.443604 968.105205 980.945589 984.696663 985.518693 981.243608 977.945408 973.271873 972.881777 981.457919 998.034183 1013.905963 1027.634297 1036.136801 1043.920777 1050.312281 1055.091922 1055.611977 1055.798557 1054.866572 1051.864393 1036.624832 1016.164403 992.885936 968.241974
1045.090955 1039.392474 1032.199194 1026.015023 1023.912793 1025.868557 1028.223312 1024.701473 1017.170831 1006.181926 993.716772 982.449413 975.234655 974.980569 976.536313 976.711523 969.961450 955.153830 937.018092 922.259824 907.293952 902.398132 897.179241 893.324575 903.293750 918.934487 924.515081 911.980256 902.862302 889.570168 882.483061 879.865495 881.600133 890.905301 909.642315 927.480461 928.755726 920.106172 911.905150 908.292412 907.347506 915.867761 935.790210 956.545554 972.032281 982.782740 990.270354 999.570368 1009.649960 1021.701594 1034.812817 1045.962351 1055.496948 1058.188850 1056.813328 1052.633755 1038.099583
1013.199989 1004.204070 996.110844 989.172786 984.248274 981.321037 978.184097 971.710765 963.984173 950.316872 937.046003 924.161966 909.902764 905.820105 902.729048 903.903247 892.354456 880.996432 861.420867 845.221487 829.012770 818.704327 812.420060 806.387016 811.305560 826.525685 835.343779 821.547872 811.572984 798.871359 792.800953 789.753876 791.523757 801.519330 823.758152 842.284377 849.104118 841.753437 836.762484 835.076195 835.356797 842.269230 858.652270 879.772337 901.217572 917.779960 928.547867 937.740422 948.983898 964.250021 979.290113 994.588023 1012.302386 1032.033939 1046.659189 1055.919960 1060.467623
970.849885 960.228987 948.943762 937.760599 931.055086 931.242168 923.954442 916.987559 902.779628 858.373519 840.503499 822.277479 806.710601 800.638919 792.953413 786.008418 776.273149 768.760646 759.740662 743.646543 726.016432 709.902301 704.268801 699.583829 691.844967 697.869467 701.280329 703.171952 696.003966 689.830343 687.272208 684.936516 688.445898 701.972241 714.344963 725.301268 731.634501 729.722047 736.591788 743.326405 747.210851 763.654826 778.414023 797.136369 819.415269 843.334796 857.196595 867.816461 879.860287 896.505342 914.462880 933.286459 956.876049 982.215083 999.379698 1011.447495 1024.028877
920.052574 905.514878 892.350903 879.311775 866.229374 866.195174 861.899496 853.447921 814.827035 772.542919 740.465884 721.880955 699.834265 688.340973 677.456943 652.678402 638.450329 631.159688 634.143030 623.242073 605.636502 590.748372 582.263997 575.459481 562.933722 555.442625 559.812929 571.035190 566.097126 563.998530 567.704732 565.960812 563.212068 570.029294 584.771808 593.565291 603.615588 614.746694 620.117547 629.330916 655.421263 670.485439 686.721462 707.957074 730.860045 754.499290 775.238498 789.312283 804.735720 824.488293 842.431473 864.461390 889.248851 918.791544 939.512951 955.178448 968.179489
847.312743 830.799233 813.643329 793.812892 772.924899 769.843515 762.103262 744.251526 699.423685 658.668568 627.746120 604.941300 579.927948 561.030910 534.539019 502.685951 482.012762 485.345105 491.664484 490.299854 475.117443 461.010054 449.675893 435.526081 419.544894 408.307915 416.541003 425.385550 432.350812 435.575049 439.425384 441.574215 440.627495 437.504183 444.944742 454.703012 466.130038 477.645986 491.524419 521.796565 548.306881 567.356055 589.811375 611.966504 636.624141 662.200257 684.926278 702.205433 721.888667 742.329834 764.306989 786.522656 812.812434 843.230595 868.391322 885.027341 900.642977
765.934757 743.656690 718.073309 680.616332 665.150603 655.636305 643.344026 608.253604 565.307526 527.878618 501.321503 474.828639 448.769293 420.277702 387.674131 359.046784 338.163637 344.045564 350.476113 360.157495 347.176065 334.563712 327.063190 311.581385 296.951765 282.526619 290.331790 300.143043 316.558190 320.571115 324.020144 330.651828 329.596482 327.662694 320.559232 330.121393 341.288671 355.900168 384.462136 411.757775 438.687790 462.715339 486.188462 511.855704 539.096613 566.346116 594.169324 615.763557 636.797221 660.001985 681.952827 702.314073 725.380176 753.173450 777.522884 798.282394 820.286521
666.301105 641.932433 606.275946 562.195832 528.208167 512.436777 475.300296 439.918692 400.734741 378.856607 357.524033 332.162770 308.397834 285.229378 257.330223 233.117388 208.741551 212.114907 224.067979 237.467598 230.426341 225.787111 221.963138 210.065778 196.069263 182.376011 186.017425 201.009675 217.795831 224.914040 231.429618 238.979873 239.178407 232.828085 224.866074 231.002269 245.362037 262.254078 284.928533 309.249297 333.447444 356.445115 382.028410 409.094800 436.975200 466.935485 497.780876 521.644510 548.797736 576.342614 598.716345 613.617871 630.582416 657.059901 677.611625 701.184854 725.243723
558.808510 531.054362 488.804342 443.733773 398.234227 358.333805 323.252414 289.811517 268.878969 247.851459 227.919808 208.044834 185.980676 165.306620 145.188703 122.575754 103.459830 108.439860 121.500905 133.171786 135.264102 131.993534 128.665127 120.706666 106.932880 95.996005 104.240420 119.679702 134.785334 144.803369 151.530681 157.777141 155.152821 147.127432 140.950826 149.146273 164.916144 180.446285 198.844362 221.378718 244.164869 267.430962 292.084381 317.237449 345.216131 374.495905 404.559489 434.378903 462.423171 489.033000 504.393250 519.473668 531.282608 551.166403 572.587172 596.019952 621.990621
428.777044 398.325174 361.861767 319.683241 285.746338 251.547842 218.956438 187.122310 160.786669 142.186584 131.154663 115.517994 95.525311 81.321357 63.914783 45.103523 43.917239 47.120750 58.870284 60.666268 61.225050 58.118921 56.878672 52.141481 40.763498 46.939868 54.627515 69.515703 80.480275 89.898266 96.232584 100.457375 100.145069 93.399218 96.548361 103.950766 118.846772 131.114556 146.893365 168.434139 186.781135 207.368493 230.706550 255.082898 281.046231 308.882615 339.100879 367.096735 390.687849 404.349018 418.912215 428.839196 427.527462 445.753486 464.980067 484.523968 511.734943
301.088679 273.356083 245.432845 212.077607 178.474746 147.323217 116.234893 85.911470 60.769307 50.738720 39.188762 27.018196 13.209195 -0.996341 -13.533064 -13.874002 -16.458066 -17.182361 -15.672545 -12.800116 -10.320694 -11.387095 -12.588043 -11.947847 -6.016832 -1.815074 3.723123 14.196388 25.352450 35.734418 39.823609 44.101059 47.166723 50.635998 53.347436 57.902715 69.513935 81.619411 95.280969 112.671933 130.703634 150.290969 173.378730 197.055077 222.553823 250.707090 279.497897 302.471708 314.997921 327.807656 334.545517 332.964649 331.832880 343.005261 359.344954 375.066983 400.648185
