tests/Borden05m/sims/sim_1/output-maps/psiliqL0016N0007.asc
ncols         160
nrows         34
xllcorner     620200.000000
yllcorner     5168000.000000
cellsize      0.500000
NODATA_value  -9999.0
[rows 0 to 24 of 34, columns 55 to 109 of 160]
-9999.0 -9999.0 -9999.0 -9999.0 -9999.0 -9999.0 -9999.0 -9999.0 -9999.0 -9999.0 -9999.0 -9999.0 -9999.0 -9999.0 -9999.0 -9999.0 -9999.0 -9999.0 -9999.0 -9999.0 -9999.0 -9999.0 -9999.0 -9999.0 -9999.0 -9999.0 -9999.0 -9999.0 -9999.0 -9999.0 -9999.0 -9999.0 -9999.0 -9999.0 -9999.0 -9999.0 -9999.0 -9999.0 -9999.0 -9999.0 -9999.0 -9999.0 -9999.0 -9999.0 -9999.0 -9999.0 -9999.0 -9999.0 -9999.0 -9999.0 -9999.0 -9999.0 -9999.0 -9999.0 -9999.0
-9999.0 -9999.0 -9999.0 -9999.0 1432.910308 1427.576026 1422.681790 1418.190679 1409.743594 1400.920194 1393.089861 1389.524830 1389.013855 1388.670933 1388.674017 1394.264597 1402.695077 1410.727272 1418.203149 1420.989716 1423.789701 1426.338111 1427.187567 1426.422270 1423.650382 1420.807064 1417.850845 1416.699269 1409.156710 1398.161488 1389.735107 1387.188977 1391.667338 1396.145916 1398.598388 1404.173673 1414.617445 1425.074352 1433.231997 1444.810625 1450.383178 1454.991581 1457.283769 1452.616877 1448.562985 1444.204399 1438.458346 1427.176395 -9999.0 -9999.0 -9999.0 -9999.0 -9999.0 -9999.0 -9999.0
1378.092157 1397.265173 1417.775827 1421.129925 1409.578323 1404.731900 1401.735671 1400.113501 1395.779477 1387.591194 1382.823556 1377.881637 1376.322507 1376.848811 1377.343769 1381.804968 1392.530013 1400.871248 1405.984825 1408.918813 1411.980048 1411.818266 1411.686060 1411.863732 1409.469909 1406.524314 1403.612529 1402.245130 1403.303693 1396.054511 1390.728878 1387.400878 1385.560253 1388.166728 1390.586266 1394.129263 1403.330206 1411.126503 1418.853827 1432.883434 1444.933791 1449.678833 1446.520281 1440.954560 1436.492162 1429.021855 1418.299587 1407.720984 1398.407295 1391.214495 1385.114981 1378.535946 1383.873030 1390.002303 1399.014824
1363.323219 1382.984039 1403.557687 1406.632866 1396.218231 1388.351494 1383.264787 1383.946624 1387.180801 1384.230509 1380.088483 1375.004224 1384.387972 1386.133383 1387.678687 1391.417744 1394.677871 1398.682654 1401.771635 1407.545618 1416.971808 1420.183488 1421.208150 1421.873459 1420.574637 1417.998106 1416.711944 1414.470075 1409.724123 1408.859096 1409.304632 1409.029586 1413.913837 1415.451374 1417.401946 1410.866656 1414.385271 1420.267280 1426.713660 1432.499711 1438.451795 1441.411772 1437.386971 1436.038547 1426.820244 1412.229374 1400.651636 1391.752839 1389.772279 1385.929875 1377.254564 1363.454591 1369.938274 1384.711864 1388.485592
1370.423328 1380.149472 1392.160838 1395.513254 1390.940688 1392.903637 1394.997521 1396.921986 1395.831665 1393.311122 1391.411489 1404.061641 1413.832878 1416.142276 1419.516871 1423.745971 1423.959137 1412.777911 1410.913894 1419.420578 1430.094109 1436.293075 1437.132959 1437.670997 1435.956588 1435.633563 1435.989452 1434.541403 1435.575138 1438.272195 1438.057162 1442.549225 1448.301479 1451.336071 1444.084821 1434.970177 1435.849450 1443.371835 1451.249190 1458.027068 1467.835548 1478.185468 1476.510272 1470.121693 1460.157148 1445.760912 1421.493369 1401.412442 1389.522724 1381.145270 1372.858950 1372.446017 1367.922159 1378.672097 1379.302917
1369.078038 1387.709401 1409.326427 1417.405643 1412.101246 1407.948563 1406.143726 1407.494993 1408.086428 1411.249634 1423.606187 1437.669124 1452.143699 1455.449606 1458.491657 1458.460462 1450.302615 1440.583297 1437.581346 1452.503658 1469.394171 1478.267018 1479.466817 1478.840191 1485.803208 1485.726940 1485.431626 1481.766188 1484.271263 1485.505719 1494.873623 1502.835741 1510.286576 1508.619234 1496.452057 1484.599298 1483.021167 1485.874776 1489.331132 1495.069819 1504.365087 1512.893119 1506.707097 1498.738097 1487.980303 1458.699335 1431.235858 1413.617738 1412.443224 1411.344279 1405.174724 1400.887135 1396.796351 1389.120623 1387.460574
1417.154234 1438.931205 1459.881574 1475.874378 1470.855496 1463.703222 1454.688972 1455.951073 1459.219768 1467.709382 1481.094768 1498.480773 1522.882407 1525.880012 1529.239428 1531.748133 1520.821718 1508.917899 1498.620545 1517.926035 1529.042945 1538.256918 1540.117779 1550.101863 1560.955516 1557.943590 1551.604070 1542.145584 1549.293935 1560.738085 1576.419239 1583.851179 1588.215255 1586.303354 1574.509266 1568.249428 1566.910317 1569.311808 1566.816683 1571.213861 1579.972198 1593.650455 1591.478782 1582.095617 1558.448112 1519.791779 1484.814995 1464.341633 1469.341070 1460.960460 1452.513156 1447.854658 1432.862592 1421.108377 1419.992268
1470.572761 1488.821986 1507.869895 1526.803245 1522.138070 1512.564960 1499.496723 1499.327031 1507.079776 1518.291026 1538.184247 1561.214679 1585.368130 1592.659584 1594.638995 1604.943729 1599.062540 1590.009302 1582.554165 1596.512176 1608.994906 1621.492991 1631.716086 1645.913348 1658.813903 1649.468358 1638.070700 1633.284615 1640.099222 1661.954514 1680.952147 1686.468280 1687.529889 1689.621200 1679.172917 1672.593276 1666.035605 1661.234691 1655.109991 1650.333331 1668.609263 1684.542348 1681.408481 1656.605230 1630.790130 1591.785757 1551.992053 1519.439289 1519.614072 1514.627208 1512.450476 1496.543542 1479.906590 1463.457119 1453.410484
1551.848060 1580.912783 1602.195035 1624.715860 1624.599656 1607.640024 1598.986863 1604.153766 1617.930242 1626.477491 1643.892877 1667.953653 1699.661142 1720.123392 1738.392874 1743.377214 1735.897329 1727.614391 1715.406224 1715.726860 1735.149222 1748.331139 1760.034923 1772.014146 1786.336077 1792.697962 1791.096050 1792.003650 1796.819453 1806.269410 1817.122703 1824.342025 1829.498620 1834.425022 1828.591078 1817.528134 1811.516395 1802.718328 1796.164119 1792.796174 1795.840614 1807.246765 1803.038423 1772.660580 1743.421654 1708.437696 1668.874188 1635.680512 1618.315934 1624.620975 1613.125383 1593.003038 1573.113431 1537.847227 1521.494048
1652.463577 1689.412320 1718.108515 1733.326222 1746.471910 1740.491990 1742.103057 1746.899223 1755.322895 1761.152735 1770.212319 1804.112793 1839.940432 1869.186911 1893.729506 1902.607881 1892.493837 1883.357855 1871.826799 1863.441258 1870.086521 1886.263695 1904.533538 1921.610221 1934.578523 1939.691109 1940.187892 1942.043637 1945.650828 1949.709748 1953.784720 1960.937382 1968.578174 1978.433413 1988.610005 1981.457603 1964.182083 1951.928863 1938.514196 1933.496878 1931.495730 1929.601534 1928.023114 1916.341094 1880.543310 1849.179839 1814.925677 1785.837070 1764.099096 1750.726153 1728.915194 1703.406416 1653.714305 1611.500564 1574.825942
1770.432531 1813.744924 1845.879590 1869.656379 1885.212852 1887.469099 1890.293911 1893.147896 1899.276788 1904.879213 1912.282839 1936.996359 1976.215347 2014.307681 2044.637217 2048.024466 2038.156038 2028.166384 2018.829678 2008.235911 2005.760624 2015.732441 2028.987819 2047.236425 2059.735396 2069.905533 2070.019581 2071.736588 2073.692142 2076.756226 2079.406490 2082.306562 2090.245189 2102.913026 2114.771685 2115.151336 2100.296285 2082.845303 2065.495452 2058.923619 2053.066317 2046.525665 2045.861078 2045.190679 2034.062175 2005.753427 1967.170445 1923.410305 1897.278623 1875.353275 1860.300141 1841.391901 1809.440551 1751.821052 1716.406388
1907.492394 1938.374645 1969.367631 2000.797171 2019.180255 2025.966521 2025.978633 2027.502881 2035.199998 2041.259499 2051.073920 2068.343830 2094.526540 2125.046937 2152.373975 2169.211043 2164.851719 2151.610435 2133.992468 2128.521993 2127.753818 2131.048351 2139.212566 2149.254826 2166.488020 2184.050253 2190.692856 2192.479031 2190.836475 2193.949904 2195.955202 2196.626709 2198.511942 2204.330419 2212.043075 2214.682465 2209.025680 2191.680834 2170.811340 2157.187746 2148.869841 2144.145501 2142.087057 2143.214697 2142.386184 2128.588609 2097.044952 2056.658808 2023.096951 2001.371850 1984.213147 1967.981799 1953.743839 1928.275602 1906.769305
2032.438173 2048.134972 2075.307034 2102.962250 2126.891424 2142.873175 2145.969712 2150.954049 2155.857676 2165.238222 2180.950727 2201.402462 2216.822723 2235.018879 2257.335364 2270.689922 2276.409075 2276.632656 2275.273420 2277.567316 2278.488873 2244.253402 2248.716191 2253.068052 2263.204971 2273.573516 2277.580627 2278.578377 2277.776032 2279.759724 2280.893428 2281.577119 2281.710055 2282.597816 2285.636950 2286.826032 2285.521970 2277.536458 2284.422025 2267.063078 2254.998795 2247.332028 2239.259828 2230.319585 2220.141583 2209.633556 2191.657113 2163.415848 2129.667936 2103.364865 2091.546362 2083.204069 2073.851712 2065.871821 2047.952187
2144.082622 2156.318254 2173.249105 2194.220287 2223.125428 2242.888493 2253.227875 2261.605115 2266.131449 2278.541867 2292.512780 2284.944283 2289.786685 2294.637601 2299.371197 2300.971024 2301.489573 2301.460566 2299.561333 2299.568497 2298.248529 2294.442354 2285.221154 2287.028431 2288.823320 2291.495984 2295.238121 2294.227681 2295.546985 2298.973697 2298.039030 2293.104290 2290.016317 2288.936982 2289.907477 2297.381736 2300.906336 2302.117689 2301.036664 2300.838947 2300.751696 2299.167988 2296.885686 2293.371405 2288.673067 2294.235508 2283.291045 2258.820917 2224.176001 2187.656457 2174.760434 2170.903736 2169.587105 2165.283859 2157.660899
2263.353414 2276.198251 2289.875776 2282.552808 2295.346575 2301.736245 2304.529921 2307.072838 2309.134080 2310.364222 2306.925319 2303.369434 2298.392318 2296.710179 2295.010214 2292.256279 2292.624342 2290.618456 2286.812303 2283.450940 2277.013044 2266.473256 2255.419068 2252.633510 2256.938216 2261.787015 2266.023691 2269.367768 2272.852634 2274.035675 2269.766508 2262.604519 2256.246612 2255.082017 2262.166939 2268.290354 2274.431099 2275.918460 2275.486112 2274.421587 2275.551714 2273.836555 2274.937303 2281.849948 2295.396024 2300.336841 2303.521343 2302.856839 2293.202934 2275.723758 2272.468320 2252.314962 2255.330331 2249.580049 2237.171221
2305.400831 2307.540295 2306.980003 2305.479207 2299.370972 2293.225533 2291.971872 2295.185973 2301.284399 2301.783735 2294.172824 2285.242178 2277.625971 2270.053226 2267.125249 2265.289930 2264.111388 2263.884291 2258.478571 2250.403712 2234.910124 2223.490382 2212.262409 2205.921938 2202.974042 2206.823883 2216.187312 2225.790880 2230.315961 2223.307326 2216.296641 2206.305372 2199.228847 2200.388999 2203.170782 2213.047896 2228.472950 2234.867419 2236.944248 2233.098376 2229.718875 2225.142568 2224.088259 2231.608031 2247.011295 2262.830308 2277.055689 2285.575291 2293.033570 2299.524851 2301.636544 2302.717918 2302.831211 2300.727115 2299.671405
2302.955002 2296.612092 2290.071355 2284.849608 2277.907549 2271.659793 2269.033742 2270.254581 2271.757820 2267.105048 2259.358837 2248.106125 2236.104411 2225.267558 2217.484711 2217.008990 2218.037249 2218.280490 2211.239597 2196.511312 2179.015025 2165.454370 2151.208781 2146.466468 2140.368224 2134.223542 2143.516809 2160.264655 2166.320652 2152.484860 2143.027940 2129.582465 2123.490129 2121.273150 2123.727968 2134.153819 2155.837660 2177.781320 2181.099190 2173.261714 2165.599574 2162.871154 2161.899109 2169.220563 2187.864139 2208.785844 2224.577358 2235.053769 2241.287969 2249.786983 2259.485502 2272.152571 2285.285581 2295.991942 2302.856539
2280.889429 2273.096159 2265.200939 2257.150247 2249.382255 2242.059550 2236.447181 2232.817965 2228.187237 2220.489197 2211.689136 2193.831854 2179.870441 2165.916405 2150.169627 2144.818143 2139.808932 2140.071955 2128.111862 2118.027716 2099.800669 2083.910698 2067.440781 2055.017303 2047.760324 2040.207173 2041.408624 2055.154413 2063.412086 2051.267720 2041.663838 2030.311847 2025.662938 2023.577644 2027.030039 2038.940296 2062.138345 2082.772726 2092.452014 2087.261503 2085.757530 2086.583154 2087.623647 2095.447268 2110.549712 2131.321736 2154.014964 2172.235066 2183.134793 2191.885693 2202.717219 2217.784899 2231.928278 2245.765594 2262.633565
2249.856258 2240.232048 2229.754921 2219.265200 2207.517763 2195.227998 2187.062535 2186.499065 2177.803276 2169.236255 2149.425371 2098.516463 2077.154912 2056.427214 2038.344756 2029.866492 2020.061007 2008.146103 1997.974235 1991.092971 1986.004951 1969.993688 1951.191915 1932.947731 1925.967157 1920.156021 1907.257102 1908.119351 1909.855600 1917.304291 1910.697381 1906.896368 1906.868829 1905.664417 1909.921372 1925.270884 1938.259893 1949.652081 1958.741119 1961.943131 1972.591302 1982.109817 1990.567062 2009.271813 2024.510913 2043.987308 2067.622861 2094.280074 2110.599407 2122.399537 2135.120393 2152.101371 2169.597543 2187.655285 2210.238880
2211.489121 2195.764319 2180.573871 2164.877302 2150.189004 2135.169933 2118.711260 2116.941450 2110.765491 2098.522891 2050.054750 2004.894474 1968.648650 1947.358452 1921.566845 1906.459015 1891.116056 1859.257225 1842.606599 1837.118016 1843.974598 1835.027831 1817.128389 1801.989535 1791.578130 1782.300079 1766.489910 1753.591850 1758.074566 1771.957668 1769.379916 1769.778213 1775.834437 1775.674364 1772.923913 1778.024963 1794.133211 1804.153840 1817.157760 1833.235120 1840.528489 1854.661915 1885.984339 1902.583511 1921.144086 1944.373116 1969.557583 1995.933859 2020.579624 2037.606650 2055.580269 2077.027120 2096.060741 2118.390937 2142.835411
2155.081094 2125.062551 2103.178156 2083.840836 2062.938778 2037.113518 2013.340715 2007.349078 1996.831366 1970.719465 1918.673746 1875.812429 1844.116734 1818.300152 1790.978270 1767.459743 1734.538129 1700.161444 1678.041792 1685.421291 1692.762954 1695.749998 1681.325747 1667.747586 1656.221216 1639.695704 1622.740144 1608.856156 1617.641181 1625.996891 1637.739437 1642.685446 1647.118066 1651.713085 1651.901390 1647.333386 1651.476979 1662.395158 1675.010396 1688.423992 1706.928542 1740.767867 1768.194943 1789.006196 1813.367071 1837.341793 1864.140883 1892.308060 1918.873377 1939.910092 1962.789851 1985.986511 2010.554811 2034.064851 2061.041505
2069.926198 2039.765208 2010.334374 1984.081568 1951.982024 1906.909831 1888.076610 1875.267302 1855.728135 1812.140900 1766.055835 1731.743714 1707.656887 1680.042243 1654.040093 1623.787019 1589.602342 1563.097243 1541.650139 1548.424628 1555.428922 1568.459022 1556.564286 1545.693269 1539.364564 1523.358397 1508.814474 1493.155176 1499.906799 1510.345757 1529.543450 1534.562456 1538.757782 1547.279244 1547.441569 1545.748853 1535.853455 1545.749454 1558.211779 1574.170394 1604.802441 1631.036178 1657.066640 1681.434999 1704.970679 1731.145080 1758.880970 1787.307141 1817.948222 1842.467602 1866.517214 1892.899347 1917.570023 1939.214751 1962.972346
1949.099240 1920.943015 1895.740570 1867.535029 1825.030920 1777.281187 1737.183823 1714.099931 1668.277908 1630.870414 1597.364385 1581.941962 1562.423897 1537.640906 1514.321689 1491.430599 1464.998727 1442.220306 1416.802166 1420.119316 1432.744745 1446.817190 1442.537091 1439.580350 1436.133405 1424.800528 1410.623762 1396.626448 1400.003173 1415.662909 1432.915497 1441.437083 1448.852265 1457.103522 1457.969429 1451.371004 1443.749155 1450.546005 1466.540340 1484.295874 1505.910341 1529.639167 1553.409263 1576.462383 1602.051834 1628.698705 1656.030755 1685.581039 1716.837784 1742.127102 1770.631002 1800.038071 1823.637900 1839.842639 1856.878387
1826.914132 1802.138484 1774.451262 1743.769227 1699.073881 1654.202034 1608.874494 1564.207880 1528.210181 1495.087151 1478.303779 1457.959236 1439.144071 1419.980820 1397.277023 1377.178621 1358.279221 1335.393741 1319.236408 1324.368035 1336.813454 1346.327815 1349.766121 1346.446387 1343.045385 1335.638476 1321.473923 1313.069408 1321.846864 1337.073986 1351.615913 1362.455292 1369.588108 1375.856767 1373.720441 1366.041303 1362.131755 1371.309801 1387.971253 1403.674032 1421.549120 1444.242794 1466.920595 1490.608252 1515.581136 1540.725253 1568.534031 1597.406418 1627.152112 1657.316932 1684.705757 1710.107363 1725.312416 1740.995436 1750.980073
1683.843958 1665.834590 1637.238354 1606.031929 1571.164181 1531.488983 1500.156186 1465.742290 1432.722110 1400.560084 1372.940740 1355.427724 1344.946335 1329.160627 1309.259473 1295.288742 1277.799961 1261.861872 1262.990114 1264.702021 1274.275206 1273.977248 1274.208643 1270.956075 1269.601359 1265.596842 1256.154152 1264.490837 1271.551932 1285.747264 1296.351410 1306.042203 1312.411036 1316.737351 1317.525507 1312.449024 1317.425237 1325.025098 1340.190210 1352.808259 1368.468477 1390.187071 1408.851779 1429.756244 1453.726313 1478.694641 1505.000147 1533.167072 1563.682756 1591.533791 1614.095643 1626.564585 1640.888178 1649.658332 1646.879735
