tests/Borden05m/sims/sim_1/output-maps/psiliqL0015N0014.asc
ncols         160
nrows         34
xllcorner     620200.000000
yllcorner     5168000.000000
cellsize      0.500000
NODATA_value  -9999.0
[rows 0 to 24 of 34, columns 56 to 111 of 160]
-9999.0 -9999.0 -9999.0 -9999.0 -9999.0 -9999.0 -9999.0 -9999.0 -9999.0 -9999.0 -9999.0 -9999.0 -9999.0 -9999.0 -9999.0 -9999.0 -9999.0 -9999.0 -9999.0 -9999.0 -9999.0 -9999.0 -9999.0 -9999.0 -9999.0 -9999.0 -9999.0 -9999.0 -9999.0 -9999.0 -9999.0 -9999.0 -9999.0 -9999.0 -9999.0 -9999.0 -9999.0 -9999.0 -9999.0 -9999.0 -9999.0 -9999.0 -9999.0 -9999.0 -9999.0 -9999.0 -9999.0 -9999.0 -9999.0 -9999.0 -9999.0 -9999.0 -9999.0 -9999.0 -9999.0 -9999.0
-9999.0 -9999.0 -9999.0 1228.459592 1223.111121 1218.151335 1213.570080 1205.007498 1196.095469 1188.121125 1184.464862 1183.861455 1183.405603 1183.304541 1188.795704 1197.087285 1204.981148 1212.330828 1214.955530 1217.576624 1219.937827 1220.556871 1219.502871 1216.423836 1213.262367 1209.988780 1208.551540 1200.678998 1189.425319 1180.762534 1178.057747 1182.447610 1186.875150 1189.315903 1194.978988 1205.539874 1216.158783 1224.511861 1236.270243 1241.995239 1246.831304 1249.387847 1244.926575 1241.033701 1236.826426 1231.247667 1220.006352 -9999.0 -9999.0 -9999.0 -9999.0 -9999.0 -9999.0 -9999.0 -9999.0 -9999.0
1192.145013 1212.526479 1215.926774 1204.606348 1199.807485 1196.771663 1195.055507 1190.584313 1182.279020 1177.387251 1172.333958 1170.715127 1171.121208 1171.500998 1175.860570 1186.395004 1194.598655 1199.566289 1202.311880 1205.150471 1204.849986 1204.461769 1204.320280 1201.587459 1198.291050 1195.025830 1193.327675 1194.001903 1186.489339 1180.986956 1177.529909 1175.674508 1178.199371 1180.581141 1184.071607 1193.394795 1201.365954 1209.317047 1223.529153 1235.790000 1240.773726 1237.882978 1232.530488 1228.282355 1221.036231 1210.480430 1199.908118 1190.310262 1183.108260 1177.161273 1170.856687 1176.405710 1182.690304 1191.996519 1201.110863 1212.733818
1177.291403 1197.749949 1200.815924 1190.385654 1182.458388 1177.456725 1178.028805 1181.081652 1177.982155 1173.716210 1168.706214 1177.828317 1179.450948 1180.883394 1184.478030 1187.671044 1191.350986 1194.282185 1199.853152 1209.043273 1211.965610 1212.664127 1212.953535 1211.244515 1208.235834 1206.521579 1203.868829 1198.759885 1197.635005 1197.876113 1197.488410 1202.307996 1203.771394 1205.618846 1199.043780 1202.609909 1208.665978 1215.339665 1221.491476 1227.806830 1231.215429 1227.523711 1226.372651 1217.430831 1203.069063 1191.594178 1182.774000 1180.742726 1177.054002 1168.608103 1155.144041 1161.809654 1176.820731 1180.858432 1183.543074 1194.657610
1173.241952 1185.208921 1188.505229 1183.867720 1185.685236 1187.666452 1189.491283 1188.275344 1185.625223 1183.722606 1196.337538 1206.001300 1208.158687 1211.396327 1215.430251 1215.354083 1203.905313 1201.800125 1210.137676 1220.566163 1226.453242 1226.860768 1226.912349 1224.756331 1223.844261 1223.591312 1221.561036 1222.212091 1224.579588 1224.240307 1228.629474 1234.237434 1237.155253 1229.707217 1220.612027 1221.527812 1229.215315 1237.309921 1244.433443 1254.698289 1265.533031 1264.196567 1258.143423 1248.533704 1234.416742 1210.417493 1190.498169 1178.919178 1170.920707 1162.965771 1162.658957 1158.609801 1169.511278 1170.479976 1171.749804 1179.207863
1179.380739 1200.880044 1208.955841 1203.524349 1199.136692 1197.069090 1198.260119 1198.735230 1201.851249 1214.218812 1228.143161 1242.586623 1245.699956 1248.582597 1248.429533 1239.970933 1230.054347 1226.718856 1241.442678 1257.892001 1266.308640 1266.999806 1265.945270 1272.396355 1271.352322 1270.048114 1265.506451 1267.470253 1268.494630 1277.815288 1285.487018 1292.684084 1290.899997 1278.777809 1267.097337 1265.595279 1268.535411 1272.108415 1278.241535 1288.114744 1297.295409 1291.696454 1284.160695 1273.760258 1244.794365 1217.519261 1200.217754 1199.527071 1198.864014 1193.130005 1189.214981 1185.402961 1177.970954 1176.722322 1175.068552 1173.760937
1228.667385 1249.286051 1265.249520 1260.062498 1252.678255 1243.339474 1244.407453 1247.597409 1255.904275 1269.080854 1286.403134 1310.574493 1313.493105 1316.786149 1319.384899 1308.391664 1296.340523 1285.669313 1304.246688 1314.789161 1323.464710 1324.834065 1334.176800 1343.983431 1339.702965 1332.081323 1321.741268 1328.077637 1339.254746 1354.422157 1361.413352 1365.457489 1363.729621 1352.186913 1346.127801 1344.791173 1347.244667 1345.017495 1349.764570 1359.397134 1373.882816 1372.599950 1363.605228 1340.581187 1302.737652 1268.156173 1247.842892 1253.117381 1245.356061 1237.558235 1233.259048 1218.683185 1207.292124 1206.633009 1196.310338 1189.420968
1275.767942 1294.523526 1313.233844 1308.618529 1298.779200 1285.742060 1285.504946 1293.139242 1303.829210 1323.211664 1345.971845 1369.841867 1377.399774 1379.768883 1389.782146 1383.727816 1374.566005 1366.733564 1379.398824 1391.360482 1403.073456 1412.458283 1425.269486 1436.696807 1426.307407 1413.800401 1408.084232 1413.639874 1434.147091 1452.088024 1457.196339 1458.187446 1460.459947 1450.560005 1444.003373 1437.492800 1432.762782 1427.090277 1422.992963 1441.610418 1458.120814 1455.953504 1432.197589 1407.478038 1369.909600 1331.250549 1299.209238 1299.389037 1295.458676 1293.867240 1278.473571 1262.444280 1246.205803 1236.567150 1226.781332 1212.269748
1364.026881 1384.946373 1406.866171 1407.157357 1390.448206 1382.201110 1387.226453 1400.452031 1408.238428 1424.526947 1448.192730 1479.509712 1500.015661 1518.394658 1523.088499 1515.336333 1506.824263 1494.193409 1493.374936 1511.375771 1523.393123 1533.815833 1544.264599 1556.678514 1561.518374 1558.464081 1557.902069 1561.321195 1569.264321 1578.936428 1585.621097 1590.637547 1595.660354 1590.608448 1579.942313 1573.920232 1565.406132 1559.164999 1556.536530 1559.850501 1571.552229 1568.659086 1540.556818 1512.876809 1479.710942 1441.772981 1409.931894 1393.176486 1399.812706 1388.882433 1369.813257 1350.480463 1315.881481 1300.013426 1284.045730 1254.767501
1465.614343 1493.502429 1508.280392 1521.393887 1515.946835 1517.682485 1522.233610 1530.120403 1535.343428 1543.495398 1576.272018 1611.231443 1640.147932 1664.400024 1673.153080 1663.042657 1653.659168 1641.814240 1632.710397 1637.867304 1652.563474 1669.247758 1684.671569 1695.806848 1699.226459 1698.051805 1698.385465 1700.584894 1703.610243 1706.789501 1713.164019 1720.343806 1729.994103 1740.313218 1733.668629 1716.780268 1704.714519 1691.473280 1686.745813 1685.201371 1683.692578 1683.064617 1673.391892 1639.949446 1610.416802 1577.777152 1549.647222 1529.009647 1516.212120 1495.861877 1472.056240 1424.553615 1384.014685 1348.973239 1322.339546 1294.368102
1580.819686 1611.769830 1635.232187 1650.615643 1653.297016 1656.263573 1659.276958 1665.363519 1670.662077 1677.623106 1701.122927 1739.212203 1776.689739 1806.749740 1810.414780 1800.765324 1790.528154 1780.535676 1769.471282 1766.081454 1774.526282 1786.138365 1802.616445 1813.699940 1822.666428 1821.593905 1822.022421 1822.711514 1824.808984 1826.673207 1828.842791 1836.124106 1848.207295 1859.653839 1860.173903 1845.870059 1828.605943 1811.302250 1804.526425 1798.614106 1792.387498 1792.176390 1792.295122 1782.904056 1756.302948 1719.377881 1676.811594 1651.265849 1630.195189 1616.348341 1599.108013 1570.280576 1516.216518 1483.780307 1447.933673 1414.547223
1695.814136 1725.714254 1756.572777 1775.224313 1782.760086 1783.470927 1785.640272 1793.522675 1799.732137 1809.553079 1826.430825 1851.657846 1881.615842 1908.829120 1925.892909 1921.756030 1908.581948 1890.743155 1884.811968 1883.209955 1885.328963 1892.155553 1900.677651 1916.440407 1932.559355 1937.970858 1938.749058 1936.316845 1938.493404 1939.711257 1939.773308 1941.033697 1946.192964 1953.427602 1955.831912 1950.319712 1933.378218 1912.643241 1898.572672 1889.892042 1885.046513 1882.963106 1884.232404 1883.710539 1870.811023 1840.476218 1801.227029 1767.996923 1746.389729 1729.895959 1715.062642 1702.649748 1680.254390 1660.993049 1628.861779 1584.439507
1798.748278 1825.186253 1852.554485 1876.916896 1893.635041 1897.742566 1903.595891 1908.951756 1918.706415 1934.399025 1954.270998 1969.255435 1987.152108 2009.260501 2022.433596 2028.069724 2028.050223 2026.246717 2027.718755 2027.644047 1995.460668 1998.681834 2001.865445 2010.373156 2019.374820 2022.401368 2022.719047 2021.444565 2022.687986 2023.125571 2023.212696 2022.813327 2023.055615 2025.473498 2026.221013 2024.693307 2016.857720 2022.034197 2004.444747 1992.058837 1984.158640 1976.081198 1967.298463 1957.433728 1947.312647 1930.024205 1902.228202 1868.595492 1841.909478 1830.129237 1822.498672 1814.420671 1807.803071 1791.369042 1769.017948 1737.177129
1903.120562 1919.793665 1940.678418 1969.315170 1989.309754 2000.315212 2009.339009 2014.425888 2027.025696 2040.867400 2034.265509 2038.832413 2043.466627 2047.984026 2049.517123 2049.843825 2049.402461 2046.819206 2045.952256 2043.670124 2038.739713 2028.684701 2029.736542 2030.936074 2033.179317 2036.553646 2035.213272 2036.158120 2039.094844 2037.581008 2032.045309 2028.362325 2026.702699 2027.093945 2034.018137 2036.964442 2037.574636 2036.041526 2035.200098 2034.556604 2032.714491 2030.467786 2027.320327 2023.215005 2028.054522 2017.441604 1993.343840 1959.206555 1923.236838 1909.917827 1905.929812 1905.286491 1901.630021 1894.635080 1875.614426 1848.022523
2018.541915 2032.153230 2026.656282 2038.734734 2045.132496 2048.331850 2051.384517 2053.938006 2055.380038 2052.167049 2048.712022 2043.851953 2042.285558 2040.661220 2037.898509 2038.071957 2035.616605 2031.110074 2026.852976 2019.479479 2007.960015 1996.019915 1992.724046 1996.740811 2001.437046 2005.610537 2008.857463 2012.195231 2013.129260 2008.352400 2000.526814 1993.458386 1991.537423 1997.880916 2003.280760 2008.571597 2009.250644 2007.991398 2006.154828 2006.613091 2004.475511 2005.409437 2012.371076 2026.070046 2031.579649 2034.705190 2034.141114 2025.244610 2009.181874 2004.409718 1984.567065 1987.802203 1982.533019 1970.476594 1949.045460 1924.854014
2046.718111 2046.252473 2044.774343 2038.916577 2033.173358 2032.413422 2036.129765 2042.674584 2043.573137 2036.256137 2027.538409 2020.041611 2012.576841 2009.707366 2007.810553 2006.451991 2005.802895 1999.738262 1990.904044 1974.576856 1962.200861 1950.249426 1943.557131 1940.777218 1945.014915 1954.619753 1964.320071 1968.917777 1961.919917 1954.445236 1943.783356 1935.840209 1936.092940 1938.083347 1946.991833 1961.175482 1966.272593 1967.252794 1962.479984 1958.361301 1953.207501 1951.951451 1959.563214 1975.217229 1991.232103 2005.596496 2014.262533 2021.844479 2028.418034 2031.166362 2032.463066 2032.999133 2031.519105 2030.495414 2014.591590 1993.076481
2032.712688 2026.035016 2020.721962 2013.810243 2007.772986 2005.551268 2007.298070 2009.384415 2005.282151 1997.956898 1987.082340 1975.371469 1964.764208 1957.337144 1957.048583 1958.123606 1958.116958 1950.680394 1935.367754 1917.245416 1903.062177 1888.501284 1883.840353 1878.287060 1873.114910 1883.168369 1900.275191 1906.525435 1892.821176 1882.967579 1868.848193 1861.769336 1858.606072 1860.018011 1869.267327 1889.389809 1909.505307 1911.314758 1902.219196 1893.475890 1889.816437 1888.338652 1895.601882 1914.367091 1935.250911 1951.064509 1961.623993 1968.046074 1976.750669 1986.719335 1999.626037 2013.233982 2024.542341 2032.359235 2037.063980 2034.731715
2005.170874 1997.020987 1988.812131 1981.087314 1974.089722 1968.984594 1965.988223 1962.205451 1955.324206 1947.377356 1930.942731 1917.798470 1904.688851 1889.829158 1885.235776 1880.896103 1881.402977 1869.346474 1858.711991 1839.914647 1823.834748 1807.609145 1796.067792 1789.772332 1783.401566 1786.110389 1800.799014 1809.524550 1797.115010 1787.100436 1774.914443 1769.236472 1766.055108 1768.143519 1778.490164 1800.124651 1818.916566 1826.631841 1819.688268 1816.362085 1815.713502 1815.827945 1822.921564 1837.801308 1858.283612 1880.446123 1898.056777 1908.619880 1917.252306 1928.130682 1943.366451 1958.018618 1972.582323 1990.175587 2010.910078 2025.921826
1968.179196 1957.670689 1947.318199 1935.985680 1924.458511 1917.224856 1917.617539 1910.114592 1902.868609 1885.130844 1836.490563 1816.962200 1797.910183 1781.483267 1774.521205 1765.930834 1755.360464 1745.466792 1738.492255 1732.768090 1716.994844 1699.029733 1682.082580 1676.478413 1672.049518 1661.075563 1663.585576 1666.039308 1672.641754 1665.710735 1661.031949 1659.879955 1657.551118 1660.486467 1674.062823 1685.263021 1694.790251 1701.677949 1702.432935 1711.005304 1718.724557 1725.292242 1742.584355 1756.727662 1775.055897 1797.438588 1822.620863 1837.607590 1848.448878 1860.523403 1877.186134 1894.774251 1913.205287 1936.375123 1961.860182 1978.493579
1921.454746 1906.850677 1891.944646 1878.333353 1864.656471 1849.932000 1849.770263 1845.380665 1835.419651 1790.421346 1747.659149 1714.109047 1695.220673 1671.946924 1659.154201 1645.937197 1616.227629 1600.565787 1595.128611 1601.650244 1592.872824 1575.826764 1561.850142 1553.056149 1545.468431 1531.306523 1520.106426 1524.999857 1538.540919 1535.439253 1535.067833 1540.139343 1538.860443 1534.943783 1538.824689 1552.927566 1560.869314 1571.576454 1585.190002 1590.693742 1602.627449 1631.690198 1646.572226 1663.132515 1684.273491 1707.266562 1731.339939 1753.604222 1768.568887 1784.780152 1804.898544 1823.068823 1845.003292 1869.433871 1899.209174 1920.265102
1851.805139 1831.361245 1813.792317 1795.108583 1772.029512 1750.583849 1746.979782 1738.948205 1716.450162 1668.116536 1628.150395 1599.078716 1576.180010 1551.554428 1530.883973 1500.763746 1468.088711 1447.063710 1454.307172 1461.933814 1464.792029 1451.097061 1438.525778 1428.237110 1413.273147 1397.475641 1384.732596 1393.765709 1402.277938 1413.121122 1417.503280 1421.355898 1424.825297 1423.832074 1418.216914 1421.347970 1430.410606 1441.213282 1452.818257 1469.143857 1500.925786 1526.669848 1545.483110 1567.556233 1589.022527 1613.164253 1638.559149 1662.122081 1680.214998 1700.399289 1721.188350 1743.748439 1765.818042 1791.760209 1822.152947 1848.251516
1772.381864 1745.210036 1721.731627 1693.158465 1651.872535 1636.069144 1626.192716 1610.233004 1570.602473 1527.771166 1495.751183 1473.934068 1449.014609 1425.317419 1397.398536 1365.146779 1339.535260 1319.030426 1326.194961 1333.546866 1346.524726 1335.144454 1324.816088 1319.166083 1304.088023 1290.242578 1275.300277 1282.485128 1292.881834 1311.522314 1316.155936 1319.852040 1327.498298 1326.706524 1324.022051 1313.476615 1322.096293 1333.123369 1347.674125 1376.772309 1401.936898 1426.731335 1449.433812 1471.052109 1494.936083 1520.218367 1545.943242 1573.467095 1594.801311 1615.727392 1639.110661 1661.054206 1680.426929 1702.245042 1729.784934 1754.066222
1664.023105 1641.577181 1616.672655 1578.186855 1533.991802 1497.734146 1478.425450 1436.522076 1401.965335 1370.117555 1356.119309 1338.594767 1315.776080 1294.187137 1272.775723 1247.317183 1225.214105 1200.627834 1204.408012 1217.287376 1231.631746 1227.367435 1224.668118 1221.716349 1210.825628 1197.138463 1183.529004 1187.133792 1202.724247 1219.826912 1227.943941 1234.924387 1242.647605 1242.867478 1235.658415 1227.229176 1233.094579 1247.973233 1264.746334 1285.703357 1308.653701 1331.495534 1353.351061 1377.496784 1402.499377 1427.961837 1455.374013 1484.113712 1506.597137 1532.246780 1558.708190 1579.518157 1593.010156 1607.674528 1632.626530 1652.570854
1557.899319 1533.170325 1505.780242 1464.422350 1422.402300 1379.727702 1338.218011 1304.487370 1273.305885 1257.722939 1239.041109 1221.652595 1203.790961 1182.413755 1163.231616 1144.934853 1122.718803 1106.540701 1111.999133 1124.839126 1135.001432 1138.534577 1135.570966 1132.536740 1125.374251 1111.564211 1102.950607 1111.754886 1127.041006 1141.620017 1152.190791 1159.045732 1165.018251 1162.431224 1154.253499 1149.463887 1157.931200 1173.881682 1188.998396 1206.403515 1228.479859 1250.500134 1273.321787 1297.283638 1321.289796 1347.784769 1375.163506 1403.167010 1431.268232 1456.585470 1479.863917 1492.726271 1505.906826 1513.789187 1530.814044 1550.676694
1434.199780 1408.082761 1379.413133 1346.640563 1308.752807 1278.937825 1246.267378 1214.825838 1184.098017 1157.972048 1141.458984 1131.951540 1117.135569 1098.031635 1084.694927 1067.766447 1051.786476 1052.867439 1055.097286 1065.262881 1065.536966 1066.051310 1063.058614 1061.955024 1058.044397 1048.462729 1056.567572 1063.800380 1078.118551 1088.735852 1098.280588 1104.488985 1108.590234 1108.936795 1103.278681 1107.606258 1114.802174 1129.540812 1141.721354 1157.019332 1178.305665 1196.468917 1216.794673 1240.027664 1264.153894 1289.528113 1316.622014 1345.909700 1372.440515 1393.674804 1404.706528 1417.297309 1424.377551 1419.866564 1435.457131 1452.121694
