tests/Borden05m/sims/sim_1/output-maps/psiliqL0012N0017.asc
ncols         160
nrows         34
xllcorner     620200.000000
yllcorner     5168000.000000
cellsize      0.500000
NODATA_value  -9999.0
[rows 0 to 24 of 34, columns 0 to 56 of 160]
-9999.0 -9999.0 -9999.0 -9999.0 -9999.0 -9999.0 -9999.0 -9999.0 -9999.0 -9999.0 -9999.0 -9999.0 -9999.0 -9999.0 -9999.0 -9999.0 -9999.0 -9999.0 -9999.0 -9999.0 -9999.0 -9999.0 -9999.0 -9999.0 -9999.0 -9999.0 -9999.0 -9999.0 -9999.0 -9999.0 -9999.0 -9999.0 -9999.0 -9999.0 -9999.0 -9999.0 -9999.0 -9999.0 -9999.0 -9999.0 -9999.0 -9999.0 -9999.0 -9999.0 -9999.0 -9999.0 -9999.0 -9999.0 -9999.0 -9999.0 -9999.0 -9999.0 -9999.0 -9999.0 -9999.0 -9999.0 -9999.0
-9999.0 -9999.0 -9999.0 -9999.0 -9999.0 -9999.0 -9999.0 -9999.0 -9999.0 -9999.0 -9999.0 -9999.0 -9999.0 -9999.0 -9999.0 -9999.0 -9999.0 -9999.0 -9999.0 -9999.0 -9999.0 -9999.0 -9999.0 -9999.0 -9999.0 -9999.0 -9999.0 -9999.0 -9999.0 -9999.0 -9999.0 -9999.0 -9999.0 -9999.0 -9999.0 -9999.0 -9999.0 -9999.0 -9999.0 -9999.0 -9999.0 -9999.0 -9999.0 -9999.0 -9999.0 -9999.0 -9999.0 -9999.0 -9999.0 -9999.0 -9999.0 -9999.0 -9999.0 -9999.0 -9999.0 -9999.0 -9999.0
-9999.0 -9999.0 -9999.0 -9999.0 -9999.0 -9999.0 -9999.0 -9999.0 -9999.0 -9999.0 -9999.0 -9999.0 -9999.0 -9999.0 -9999.0 -9999.0 -9999.0 -9999.0 -9999.0 -9999.0 -9999.0 -9999.0 -9999.0 -9999.0 -9999.0 -9999.0 -9999.0 -9999.0 -9999.0 -9999.0 -9999.0 -9999.0 -9999.0 -9999.0 -9999.0 -9999.0 -9999.0 -9999.0 -9999.0 -9999.0 -9999.0 -9999.0 -9999.0 -9999.0 -9999.0 -9999.0 -9999.0 492.753242 475.460961 459.623155 457.553697 480.218528 503.673951 527.519975 548.176411 566.911813 585.968126
-9999.0 -9999.0 -9999.0 -9999.0 -9999.0 -9999.0 -9999.0 -9999.0 -9999.0 -9999.0 -9999.0 -9999.0 -9999.0 -9999.0 -9999.0 -9999.0 -9999.0 -9999.0 -9999.0 -9999.0 -9999.0 -9999.0 -9999.0 -9999.0 -9999.0 -9999.0 -9999.0 -9999.0 -9999.0 -9999.0 -9999.0 -9999.0 -9999.0 -9999.0 -9999.0 -9999.0 -9999.0 -9999.0 -9999.0 -9999.0 540.141876 546.070554 547.426105 536.937549 525.793475 513.770184 493.887359 476.157360 461.221767 458.726009 461.494761 466.850786 489.647609 514.322376 534.073725 551.337635 570.706027
-9999.0 -9999.0 -9999.0 -9999.0 -9999.0 -9999.0 -9999.0 -9999.0 -9999.0 -9999.0 -9999.0 -9999.0 -9999.0 -9999.0 -9999.0 -9999.0 -9999.0 -9999.0 -9999.0 -9999.0 -9999.0 -9999.0 -9999.0 -9999.0 -9999.0 -9999.0 -9999.0 -9999.0 -9999.0 -9999.0 -9999.0 -9999.0 -9999.0 -9999.0 447.690974 465.218814 483.381998 501.833623 518.595153 525.383277 531.257722 537.071441 533.071097 528.483298 517.265004 498.410673 478.982772 465.175588 463.052233 460.701732 465.183241 478.268088 495.178796 511.599854 532.719159 556.353321 565.814884
-9999.0 -9999.0 -9999.0 -9999.0 -9999.0 -9999.0 -9999.0 -9999.0 -9999.0 -9999.0 -9999.0 -9999.0 -9999.0 -9999.0 -9999.0 -9999.0 -9999.0 -9999.0 -9999.0 -9999.0 -9999.0 -9999.0 -9999.0 -9999.0 -9999.0 -9999.0 -9999.0 -9999.0 451.506852 445.680182 440.721123 439.361139 438.199459 437.195989 444.174683 456.421291 474.640459 496.372963 509.396340 516.705095 523.416340 524.286725 519.444245 517.529075 517.960167 506.338600 494.854484 484.126172 473.805475 472.555293 482.318513 496.560980 512.930664 528.008968 543.685960 555.392429 572.491473
-9999.0 -9999.0 -9999.0 -9999.0 -9999.0 -9999.0 -9999.0 -9999.0 -9999.0 -9999.0 -9999.0 -9999.0 -9999.0 -9999.0 -9999.0 -9999.0 -9999.0 -9999.0 -9999.0 -9999.0 -9999.0 -9999.0 -9999.0 421.392719 427.339503 433.965694 441.518802 442.559311 438.553592 433.061100 430.132686 428.773687 427.271544 431.887639 440.221498 453.996599 470.010872 491.961131 500.725368 507.144261 519.595089 522.343124 527.933357 532.138754 530.567226 527.959479 515.845891 506.939265 512.431935 518.643273 525.578263 533.679958 547.260871 563.065740 580.960749 601.782250 623.774226
-9999.0 -9999.0 -9999.0 -9999.0 -9999.0 -9999.0 -9999.0 -9999.0 -9999.0 -9999.0 -9999.0 -9999.0 -9999.0 -9999.0 -9999.0 -9999.0 -9999.0 -9999.0 -9999.0 396.056959 397.008524 398.231364 402.998852 403.996217 406.296510 413.429332 421.726429 424.158025 422.654848 421.332879 423.061442 425.967083 430.488797 442.079320 456.142250 470.563120 484.786111 505.923605 520.955292 534.930301 551.229212 550.569851 546.637379 544.923388 545.650934 546.301434 551.393103 554.829448 561.318012 566.829885 573.829894 583.461887 595.204216 614.083740 634.755771 655.519147 674.807552
-9999.0 -9999.0 -9999.0 -9999.0 -9999.0 -9999.0 -9999.0 -9999.0 -9999.0 -9999.0 -9999.0 -9999.0 -9999.0 -9999.0 -9999.0 -9999.0 367.269976 369.173397 371.425580 376.901503 379.743972 383.841341 390.887132 392.211377 396.178234 403.479996 408.604828 417.515538 425.713947 433.291810 439.526541 442.517112 450.393010 460.382786 472.633880 488.417658 510.454504 533.814852 550.523948 567.732909 585.130391 586.043148 585.294912 586.781570 587.802856 595.219550 613.524399 620.136174 622.846447 640.838561 655.654190 661.578966 669.855890 689.376399 714.010332 739.357332 770.387207
-9999.0 -9999.0 -9999.0 -9999.0 -9999.0 -9999.0 -9999.0 -9999.0 -9999.0 -9999.0 -9999.0 -9999.0 -9999.0 321.557843 325.750143 335.217131 344.121680 346.613716 350.856319 356.892247 369.214154 372.962922 379.371393 387.164893 399.063171 407.871032 417.328739 429.440241 438.213669 445.816977 453.304464 459.761262 473.674880 489.482858 505.849418 526.665105 549.130570 570.543033 591.962573 608.246537 622.856654 626.067724 625.369303 628.047029 636.568783 654.921270 674.807341 686.179333 706.742166 731.081715 745.891808 758.996058 768.713573 782.674235 804.559958 840.329825 877.244038
-9999.0 -9999.0 -9999.0 -9999.0 -9999.0 -9999.0 -9999.0 -9999.0 -9999.0 -9999.0 287.578143 290.049914 286.687502 286.927635 291.894524 303.963335 317.529815 324.347747 335.901877 356.807556 374.501136 378.240905 393.146107 403.522493 410.512459 421.452584 434.989124 448.338237 465.884278 479.068830 491.781915 512.511981 529.758736 547.039740 565.603258 586.563796 607.849022 638.059937 666.399426 681.004691 705.150325 718.372914 716.331043 717.268509 726.715883 744.479061 768.023814 794.110275 817.676609 844.763735 864.401453 879.750217 891.366189 904.609932 920.971137 955.365510 995.775730
-9999.0 -9999.0 -9999.0 -9999.0 -9999.0 -9999.0 -9999.0 -9999.0 263.228284 270.373102 276.622732 273.683949 269.176301 265.637686 279.134170 295.040618 311.152059 328.643326 344.808390 363.087320 378.816881 395.563255 415.546563 427.730084 439.944426 455.717633 469.993062 488.147990 510.275736 524.793624 543.560734 566.295034 586.453682 605.694857 625.573213 645.193780 674.008186 709.449048 743.269878 768.471852 797.822435 822.783191 823.635087 827.406335 832.946444 859.815289 890.578089 922.273999 949.465904 978.044374 1008.028689 1026.047020 1037.101855 1050.048079 1065.577121 1083.515631 1110.572920
-9999.0 -9999.0 -9999.0 -9999.0 -9999.0 -9999.0 236.706713 260.900897 275.835432 268.054462 258.996013 255.592446 251.907518 273.629031 295.408623 312.607871 329.589899 347.319863 364.074025 378.219409 413.019064 430.770956 446.015601 465.447305 480.489579 495.603073 513.861039 538.326505 561.902196 594.238739 623.358969 650.248259 678.365259 699.864449 720.330933 740.799160 774.078657 813.153462 851.318901 881.948243 910.356840 941.225970 950.005179 956.548811 964.744954 985.215027 1016.438199 1046.950033 1081.080906 1113.415375 1139.723536 1151.744363 1162.231138 1173.647604 1187.143553 1199.788345 1214.178593
-9999.0 -9999.0 -9999.0 -9999.0 203.281129 224.226529 244.539870 275.338716 297.983967 292.933637 300.016984 300.505383 299.104273 302.555585 309.229191 327.449183 345.930028 364.711346 383.402642 420.133466 463.930651 480.846365 507.178331 540.215133 555.060034 571.223196 588.310653 612.734202 642.234811 678.329813 725.495346 765.933101 794.079871 818.944845 841.602192 865.435443 899.919861 938.178248 975.542626 1010.307604 1040.656827 1066.207395 1079.796527 1088.099603 1100.037907 1115.981234 1136.796256 1163.725054 1194.220738 1226.009716 1251.115029 1265.269272 1273.324878 1283.821796 1294.537512 1306.949575 1319.291805
-9999.0 -9999.0 -9999.0 154.984159 193.591221 231.025565 258.346871 289.386654 321.405860 327.014387 335.929656 341.813034 347.743160 356.789264 366.324513 383.408231 399.053245 414.078593 436.348983 473.963439 510.633612 543.585727 577.241167 606.943375 629.915231 647.078281 666.315713 692.008553 733.571968 773.985821 826.488473 881.386640 919.911960 945.692384 968.045033 995.245471 1020.123159 1055.591472 1090.234089 1122.964122 1154.274398 1178.952327 1198.210316 1206.276855 1215.529816 1224.350759 1240.961201 1262.207364 1283.752284 1312.013053 1339.807185 1363.140820 1376.433627 1385.858668 1401.269713 1416.693011 1428.835553
-9999.0 -9999.0 108.153828 145.586736 180.298409 231.292564 284.177306 318.335157 359.422415 384.188812 391.575929 409.826043 426.805515 435.102586 451.754944 469.492104 485.808012 491.842695 507.897303 541.853147 594.897053 643.777194 671.328421 725.605775 759.951517 786.746285 803.998726 831.134899 866.686358 910.492522 960.398149 1010.712822 1050.158643 1081.824390 1098.256699 1117.132922 1139.736012 1162.782482 1195.436537 1224.107473 1254.281169 1279.816120 1301.601056 1309.531863 1314.706297 1329.863034 1352.859048 1377.093198 1400.119773 1422.216677 1429.450047 1438.563676 1442.992569 1445.798348 1449.634998 1452.379990 1453.833459
-9999.0 -9999.0 82.243846 126.778554 168.352170 236.675682 314.780339 352.517944 395.969048 441.721659 461.293911 486.212724 502.009162 515.976236 540.200556 563.834956 573.718896 579.918744 580.911056 637.598471 698.116380 755.539355 812.149397 876.701656 919.941140 934.394305 945.544776 965.958572 991.624012 1035.903850 1085.362193 1137.939944 1181.919576 1212.770439 1228.895799 1246.268836 1266.033973 1283.727009 1302.033436 1338.815461 1363.720932 1387.821505 1413.145463 1432.767855 1440.739171 1443.544561 1435.945102 1443.313544 1448.425194 1450.877470 1451.835124 1448.833338 1448.396222 1449.312473 1450.473970 1445.592328 1438.960507
-9999.0 -5.570754 46.511255 100.311747 170.226052 238.833742 323.852458 404.819748 459.549150 505.626718 535.652419 552.321223 597.056709 642.976366 669.830724 698.043839 699.963352 703.623055 696.149140 744.048746 797.715149 877.985121 988.238017 1042.727493 1081.412798 1083.441986 1079.107076 1092.566860 1117.856155 1161.120741 1226.351683 1272.853645 1323.574782 1361.609211 1376.100646 1382.535161 1399.336358 1418.413705 1413.749114 1431.480659 1439.816777 1446.880289 1448.289552 1450.145805 1451.295088 1451.609724 1448.567960 1442.329190 1434.505478 1428.698400 1424.380160 1419.606663 1421.803063 1424.943961 1425.670144 1418.549196 1410.175095
-9999.0 -40.380347 19.580457 91.786524 163.655800 236.381410 344.636229 482.215244 534.051126 571.667929 599.088647 632.683256 714.532738 781.003069 816.260602 859.028905 855.381834 846.032631 838.720797 873.998432 926.631400 1000.829648 1133.628210 1213.466248 1233.460115 1242.976657 1249.889632 1275.091579 1310.137887 1345.208292 1377.842208 1387.447443 1410.996831 1423.416642 1428.247465 1430.876623 1434.740308 1436.022864 1434.804906 1432.212669 1428.547847 1429.523495 1433.991081 1434.163983 1431.500975 1428.257374 1422.341671 1414.211997 1407.794061 1402.105161 1398.357602 1394.568950 1392.489661 1392.270592 1387.718695 1381.589079 1371.783095
-9999.0 -67.513141 2.873130 67.696564 137.260037 257.338974 382.445628 516.085702 608.791554 648.577027 683.681011 760.670501 858.824282 949.274981 997.974499 1022.435065 1027.913601 1013.732733 1023.442155 1069.451505 1134.058906 1218.912447 1297.669842 1365.454423 1375.324097 1376.669461 1361.086368 1371.875149 1383.543721 1389.547667 1396.049454 1403.739426 1413.486634 1419.579784 1420.751641 1419.547643 1416.182141 1409.462021 1405.408151 1402.900277 1400.013238 1400.048482 1402.913990 1403.782725 1400.784224 1396.104106 1390.608600 1383.857759 1376.595603 1368.784499 1363.787879 1358.951164 1356.118410 1350.923061 1345.973836 1339.446603 1325.075899
-9999.0 -161.217492 -74.835534 -16.221130 108.446408 279.221673 405.597308 558.718761 701.584311 746.919955 829.446326 942.493313 1040.521153 1108.321951 1147.738393 1188.196011 1216.441656 1241.346631 1276.572342 1255.266432 1308.395758 1357.535554 1378.168413 1387.353956 1385.439799 1384.817394 1376.594902 1358.770594 1351.114680 1348.473473 1355.103168 1367.398391 1377.353770 1385.991956 1385.821866 1387.123550 1387.426263 1384.336307 1381.094827 1373.438009 1366.202580 1360.805028 1359.228270 1364.133341 1358.564833 1354.331104 1347.466869 1338.645575 1329.155653 1320.539396 1312.084728 1304.672937 1301.215542 1295.114723 1293.018124 1284.497204 1256.842816
-9999.0 -242.152207 -164.134746 -67.316944 77.866363 242.547634 381.344844 552.205624 754.302059 867.354860 981.393665 1046.470226 1115.897774 1176.207667 1236.431833 1277.771789 1300.220159 1310.187208 1306.630318 1318.085797 1293.393593 1291.390109 1310.319511 1335.450212 1346.081728 1348.252096 1339.113798 1329.017558 1323.904976 1325.851947 1328.421941 1331.235280 1333.342020 1333.878754 1332.179224 1334.455547 1338.979712 1333.296235 1325.365920 1317.712731 1310.699617 1302.659888 1297.155248 1293.625391 1291.635877 1290.543353 1282.421535 1271.479783 1260.367757 1251.570419 1243.238067 1236.932044 1233.910366 1228.553804 1220.607890 1208.312597 1180.572425
-9999.0 -335.293892 -216.789039 -118.042382 11.088168 150.572169 283.530800 451.817509 607.525614 822.693030 983.386068 1067.854664 1104.098866 1155.896179 1213.473733 1274.823990 1280.016046 1252.917879 1225.663025 1214.881911 1222.780013 1235.340110 1250.521344 1270.345581 1286.113794 1294.030770 1294.821497 1287.433489 1275.317012 1268.522414 1265.004373 1258.511168 1254.197204 1254.923681 1256.061198 1262.981556 1265.515485 1256.624988 1244.152380 1228.788388 1215.264797 1204.980930 1201.809028 1202.571597 1201.944486 1197.985468 1190.626653 1179.886835 1167.152465 1155.287551 1147.308705 1141.399861 1134.364156 1124.491802 1113.479784 1100.989161 1075.303864
-9999.0 -9999.0 -289.436940 -177.342861 -64.813948 61.815661 184.796456 335.941746 490.674409 676.102479 794.207655 911.414929 976.189742 1019.273825 1068.726842 1119.773711 1135.799813 1152.523508 1135.806109 1141.009982 1149.246321 1157.108550 1168.207097 1180.373781 1192.982012 1201.867024 1208.470238 1206.658958 1198.464171 1183.441200 1165.943582 1153.032851 1146.039608 1140.626911 1149.859083 1161.010485 1158.540778 1152.013342 1140.392491 1125.062407 1112.168320 1098.665186 1094.703010 1094.757675 1094.366263 1091.029939 1085.971866 1073.046535 1059.999660 1047.723645 1041.752537 1035.325487 1029.415793 1018.348895 1006.550662 993.356512 970.404994
-9999.0 -9999.0 -372.760200 -262.360046 -144.013704 -18.318372 87.006812 178.375998 335.812668 456.230675 560.161390 654.903428 732.549082 792.330918 835.736224 893.564892 929.671928 944.648011 961.023003 986.949247 1012.071923 1038.193759 1055.793980 1068.771791 1082.287756 1094.641576 1103.123779 1092.410296 1082.331420 1067.060831 1047.686480 1026.634975 1015.956135 1012.478768 1015.533612 1021.263134 1015.970309 1006.454146 992.347130 976.590225 963.491078 951.696976 947.293574 943.979046 942.454036 939.246025 935.625496 926.530442 914.798985 906.548368 898.124556 891.658201 888.078611 880.712135 870.941340 863.894523 846.164288
