tests/Borden05m/sims/sim_1/output-maps/psiliqL0020N0017.asc
ncols         160
nrows         34
xllcorner     620200.000000
yllcorner     5168000.000000
cellsize      0.500000
NODATA_value  -9999.0
[rows 0 to 24 of 34, columns 55 to 109 of 160]
-9999.0 -9999.0 -9999.0 -9999.0 -9999.0 -9999.0 -9999.0 -9999.0 -9999.0 -9999.0 -9999.0 -9999.0 -9999.0 -9999.0 -9999.0 -9999.0 -9999.0 -9999.0 -9999.0 -9999.0 -9999.0 -9999.0 -9999.0 -9999.0 -9999.0 -9999.0 -9999.0 -9999.0 -9999.0 -9999.0 -9999.0 -9999.0 -9999.0 -9999.0 -9999.0 -9999.0 -9999.0 -9999.0 -9999.0 -9999.0 -9999.0 -9999.0 -9999.0 -9999.0 -9999.0 -9999.0 -9999.0 -9999.0 -9999.0 -9999.0 -9999.0 -9999.0 -9999.0 -9999.0 -9999.0
-9999.0 -9999.0 -9999.0 -9999.0 2234.999881 2229.794240 2225.140331 2220.897792 2212.758116 2204.009989 2196.424034 2192.860859 2192.330282 2192.025716 2192.005320 2197.521532 2205.994642 2214.010529 2221.336159 2223.983827 2226.619411 2228.895766 2229.485762 2228.543183 2225.559971 2222.525853 2219.328752 2217.866102 2210.306272 2199.168322 2190.700390 2188.007378 2192.271820 2196.605244 2198.986775 2204.324567 2214.647275 2225.021267 2233.096951 2244.827966 2250.768381 2255.468741 2257.668432 2253.055922 2249.106382 2244.730605 2238.714943 2227.427829 -9999.0 -9999.0 -9999.0 -9999.0 -9999.0 -9999.0 -9999.0
2179.867811 2198.944352 2219.795059 2223.211973 2211.694733 2206.910472 2204.055019 2202.643067 2198.584999 2190.518211 2185.851283 2180.923224 2179.145151 2179.680543 2180.149485 2184.508180 2195.451723 2203.739239 2208.752087 2211.651266 2214.649375 2213.908047 2213.473449 2213.419185 2210.725711 2207.441348 2204.212618 2202.523389 2203.621189 2196.120320 2190.417506 2186.754885 2184.359452 2186.916186 2189.382777 2193.280589 2202.389036 2210.125396 2217.800556 2232.056560 2244.368663 2249.308358 2246.199052 2240.816748 2236.409446 2228.810763 2218.014616 2207.576327 2198.661037 2191.684773 2185.598235 2178.764263 2184.202070 2190.701129 2199.525545
2164.684247 2184.383731 2205.131124 2208.192435 2197.988796 2190.365818 2184.794671 2185.645721 2189.222536 2186.395191 2182.204511 2176.231167 2186.039707 2187.671828 2189.083000 2192.822547 2195.760295 2200.391323 2203.326488 2208.971735 2218.179777 2221.158040 2221.844368 2222.125746 2220.384834 2217.344041 2215.591563 2212.938941 2207.803039 2206.401521 2206.379036 2205.562643 2209.998447 2211.409340 2213.697614 2207.540481 2211.374923 2217.346384 2223.918432 2229.532271 2235.448980 2238.092279 2234.194728 2233.436253 2224.370126 2210.013552 2199.021378 2190.571300 2189.300501 2185.577768 2176.929426 2162.857354 2169.754000 2184.749268 2188.631349
2171.294616 2180.905018 2192.527170 2195.737526 2191.183147 2193.472532 2195.685732 2197.568214 2196.407414 2193.697114 2190.991139 2202.892052 2212.186701 2214.271594 2217.442934 2221.770310 2222.492141 2211.622807 2209.795418 2217.812643 2227.972059 2233.602472 2233.988325 2233.929053 2231.154041 2230.203068 2230.041646 2228.175773 2228.328698 2230.332541 2229.021914 2232.723248 2238.250536 2241.385326 2234.792513 2225.907071 2227.332753 2235.275668 2243.789797 2250.926378 2260.834402 2271.266703 2270.263858 2264.497007 2254.970650 2241.197839 2217.470635 2198.286652 2186.559705 2178.100323 2169.982464 2170.660708 2165.775385 2177.471242 2178.300050
2165.393899 2185.011602 2206.149218 2213.530565 2208.178416 2204.454098 2203.147593 2204.469250 2204.663750 2206.927088 2217.963331 2231.251284 2244.697808 2247.643051 2250.317109 2249.881640 2242.010957 2232.171025 2229.398989 2243.693672 2260.591313 2268.884061 2269.105106 2266.615845 2271.603234 2271.171407 2270.773849 2266.838423 2268.262502 2267.707216 2275.208389 2282.832070 2290.327729 2288.693967 2276.351926 2264.295123 2263.374323 2267.369225 2272.356580 2278.912971 2288.575943 2297.332066 2291.686586 2284.834578 2275.413321 2247.528821 2221.773918 2205.410968 2204.671433 2204.136357 2198.491169 2194.910132 2191.878261 2185.425820 2184.327932
2209.090580 2229.986583 2250.979352 2265.991481 2260.769497 2253.785063 2245.308709 2246.416751 2248.746865 2256.300662 2268.520491 2284.043582 2307.395722 2308.998301 2311.214667 2312.230640 2300.695662 2288.452107 2278.402510 2298.806506 2309.745532 2317.726643 2317.298842 2324.733784 2334.053100 2330.169494 2323.236948 2312.172935 2318.188220 2327.185700 2342.270974 2349.604571 2354.109740 2350.974058 2338.279646 2331.860847 2331.806927 2336.009996 2335.180360 2341.441905 2350.316540 2364.587498 2362.876797 2356.100210 2334.178325 2296.409968 2263.759874 2246.361942 2254.027680 2246.653496 2238.737296 2235.754791 2222.221225 2212.191078 2212.461376
2254.248792 2270.680231 2288.698988 2306.733894 2300.576937 2291.062418 2276.944253 2275.866491 2282.360465 2293.190316 2312.017312 2332.810299 2355.043146 2358.736004 2357.206179 2367.186839 2361.215522 2351.691062 2344.324404 2361.191380 2372.388889 2383.273457 2390.957937 2403.707816 2414.723948 2401.617156 2387.111394 2379.315755 2385.543601 2408.309340 2428.194192 2433.053732 2433.010277 2433.733311 2421.260863 2415.492137 2410.511642 2408.059099 2403.609678 2400.244625 2421.539545 2439.912633 2438.215766 2415.103137 2391.002639 2352.381100 2313.850181 2284.876753 2290.421633 2286.229856 2286.311388 2272.783061 2258.152559 2245.411544 2238.202839
2322.261774 2348.121846 2367.232639 2389.274703 2385.677568 2366.570346 2355.312765 2359.725651 2373.547419 2381.850144 2399.416232 2420.251384 2449.078576 2465.913812 2481.356002 2486.537064 2479.004856 2470.693939 2458.629146 2460.836926 2481.829251 2494.467949 2504.208289 2513.835690 2526.424244 2529.287628 2524.508444 2523.402618 2527.276561 2537.683853 2549.463215 2556.086061 2559.989114 2563.194786 2554.221736 2542.615747 2538.994784 2531.929411 2527.791372 2525.707577 2532.341145 2547.632514 2544.135733 2511.713609 2483.810894 2448.757580 2410.292705 2379.200947 2366.798145 2378.576136 2371.273997 2353.093751 2337.332622 2306.188421 2294.590832
2407.888503 2442.717889 2469.302303 2483.108556 2494.318391 2485.213227 2485.766970 2490.672154 2499.281758 2503.997580 2511.700421 2544.408260 2578.432927 2605.685275 2629.581408 2638.076846 2627.191708 2617.892599 2605.560231 2596.859098 2604.984443 2621.241437 2638.604824 2653.929962 2665.217380 2668.012705 2666.508201 2666.729995 2669.475963 2672.357392 2675.998616 2683.346018 2690.897986 2701.474649 2710.892695 2702.233628 2683.787950 2672.851090 2661.328535 2658.099944 2657.535351 2658.061041 2657.739147 2644.292273 2606.304577 2575.210754 2542.833996 2518.201039 2500.323550 2492.438718 2471.775787 2447.236591 2397.516223 2358.104060 2324.276251
2510.386914 2553.640540 2583.845479 2605.057531 2619.838391 2620.496444 2623.509822 2626.151952 2631.687994 2636.135468 2641.554109 2666.916113 2708.584086 2747.613229 2778.668707 2780.942028 2769.687919 2759.206937 2749.863057 2737.456451 2733.986300 2744.548747 2758.054023 2776.386894 2787.173060 2794.603296 2791.149160 2791.447801 2793.791837 2794.852174 2796.662970 2799.544784 2808.074108 2821.889735 2834.829106 2834.553749 2817.819664 2801.230163 2784.431187 2779.388986 2774.766541 2768.771377 2769.317244 2769.737530 2756.680251 2726.991627 2686.595645 2644.317315 2622.115252 2602.968901 2589.637958 2572.282103 2537.263448 2475.938347 2439.521189
2635.722673 2668.019502 2700.015114 2731.571059 2748.936031 2754.506195 2754.203156 2755.318256 2763.319959 2768.386310 2776.536676 2792.443619 2821.517436 2854.626558 2883.459125 2900.116560 2894.550005 2879.356341 2859.644074 2852.029891 2849.928557 2852.852398 2861.023058 2871.656229 2889.243028 2906.998954 2832.755212 2833.687436 2910.934495 2833.393150 2830.229159 2830.249983 2832.404555 2839.291987 2847.918538 2851.020250 2849.094623 2908.781590 2886.428832 2873.326347 2865.367878 2860.852185 2859.815069 2862.421141 2863.085302 2848.692221 2816.065468 2773.751105 2741.360326 2722.105597 2706.242443 2689.190136 2675.756759 2647.297956 2626.312542
2755.546671 2771.441058 2799.774082 2828.428358 2851.361604 2867.473866 2870.290478 2875.293255 2880.887529 2890.004108 2905.847001 2845.029494 2857.209644 2877.164367 2901.341327 2915.941192 2921.346314 2920.535972 2917.693482 2919.162062 2919.465112 2872.229858 2877.150717 2882.036468 2894.985912 2907.186851 2907.060989 2907.596408 2910.141962 2907.295120 2907.684349 2907.737271 2907.429124 2908.791401 2912.622380 2914.070089 2912.477801 2906.922345 2918.820369 2900.159562 2887.389924 2879.468465 2871.401236 2862.944969 2853.484706 2848.191743 2907.715375 2877.874582 2843.335531 2819.470312 2808.844476 2800.816511 2791.572273 2784.446854 2766.830872
2861.908779 2874.025371 2892.198853 2914.564443 2863.412367 2880.080920 2890.898214 2899.826687 2904.519574 2917.654916 2932.681843 2916.689294 2922.791844 2929.332717 2935.803425 2938.012484 2938.619552 2938.285668 2935.933259 2935.296226 2933.169130 2929.193885 2919.164681 2920.692839 2922.427210 2924.978247 2928.485062 2927.303490 2928.477570 2931.318955 2929.725655 2924.007281 2920.212960 2918.687655 2919.482026 2926.767837 2930.099505 2931.116744 2928.776965 2927.983656 2927.249753 2924.684262 2921.450435 2916.858801 2910.951914 2921.004939 2914.352937 2888.678780 2856.482493 2898.172602 2887.021703 2885.019039 2883.773092 2880.287061 2873.145483
2896.327862 2909.355044 2923.433878 2909.397560 2921.749923 2930.250337 2934.360749 2937.791937 2940.352908 2942.559165 2939.413431 2936.058987 2931.222821 2929.720212 2928.304443 2925.787672 2926.297943 2924.272867 2920.181247 2916.282362 2909.039110 2897.804770 2886.525979 2883.334023 2887.673218 2892.955976 2897.690696 2901.561905 2905.091376 2905.572408 2900.496061 2892.444956 2885.225835 2883.533541 2890.248012 2895.932339 2901.943596 2902.809302 2901.540140 2899.402097 2899.499323 2896.741625 2897.201564 2904.057354 2918.096966 2921.936912 2926.478901 2925.762491 2913.324651 2895.069610 2898.676933 2878.937673 2883.702483 2878.943830 2867.605068
2932.097448 2934.378040 2933.282107 2931.982113 2925.735174 2919.823995 2919.027413 2922.863451 2929.644281 2930.638279 2923.508413 2915.093944 2907.880057 2900.616956 2898.197720 2897.146882 2896.525811 2896.658720 2891.229772 2882.721975 2871.008953 2859.478075 2848.245501 2842.152200 2839.030211 2842.975881 2853.450438 2864.392013 2869.190143 2861.036585 2853.111573 2841.947747 2834.037735 2834.491662 2836.124708 2845.455736 2861.089187 2867.502058 2868.439001 2862.817877 2857.469963 2851.470074 2849.146154 2855.940649 2871.016137 2882.228634 2896.676594 2905.377879 2912.895622 2919.804832 2920.390411 2922.272451 2923.316468 2921.569840 2922.665671
2926.667287 2919.963868 2913.220751 2908.045152 2901.505892 2896.093668 2894.157697 2896.047214 2898.139917 2894.137984 2887.676709 2882.153215 2871.084742 2861.130532 2853.812352 2854.364171 2856.261428 2857.292108 2850.301221 2839.890693 2899.444243 2885.216275 2870.494738 2865.746009 2859.635909 2852.896778 2862.684506 2880.832374 2887.449337 2872.469319 2862.121858 2847.577347 2840.914088 2837.557833 2838.917888 2848.313076 2869.958609 2892.442920 2894.834812 2885.337158 2876.144208 2872.669547 2871.036156 2877.647689 2895.885974 2836.954662 2847.711274 2857.809481 2863.471366 2871.548753 2880.948801 2889.364358 2903.119022 2914.799626 2920.977115
2902.273774 2894.637194 2886.926178 2879.254869 2872.474573 2870.955537 2866.524685 2864.133209 2860.344936 2854.057876 2851.415353 2911.294581 2897.895043 2884.209300 2868.673265 2863.782712 2858.585984 2858.771443 2846.452706 2836.823115 2820.016769 2803.963604 2787.335063 2774.421831 2768.017241 2761.155419 2761.412110 2775.266893 2783.674225 2772.610055 2762.765272 2751.438756 2746.502337 2743.459147 2746.021827 2756.749887 2777.744907 2796.744448 2805.305581 2798.734944 2797.109371 2797.781006 2797.904306 2805.353967 2818.801921 2837.869693 2860.856953 2880.040004 2891.153074 2899.732061 2910.399802 2843.501180 2852.625297 2866.695146 2884.120405
2871.541990 2867.033676 2857.159285 2847.491645 2841.682660 2908.089387 2900.728882 2901.539393 2893.986425 2886.699652 2865.778424 2814.305084 2793.155356 2773.420627 2756.403318 2748.876880 2739.688327 2725.759710 2715.933589 2709.739776 2707.628211 2692.123080 2672.414635 2654.645880 2649.065171 2644.791059 2630.403825 2629.177136 2630.530344 2641.860694 2635.381728 2632.504200 2633.046603 2630.933494 2633.359928 2646.902726 2656.793003 2664.777733 2672.141486 2675.514375 2685.797080 2696.007140 2705.461782 2723.550227 2736.889563 2754.467579 2776.770181 2803.415375 2819.692502 2830.800597 2842.803847 2858.909914 2876.573049 2895.463885 2918.845406
2845.177651 2904.285523 2889.189983 2873.933734 2860.234195 2847.520808 2831.783899 2831.914845 2827.810345 2816.733208 2765.657885 2722.898648 2686.787857 2668.006721 2643.868049 2629.948280 2614.305255 2579.636614 2562.582519 2559.195204 2569.550835 2563.272201 2547.523531 2534.539795 2525.251205 2516.577472 2500.456811 2485.310320 2490.683438 2506.654028 2505.617063 2507.221046 2513.874668 2513.217871 2508.192089 2509.102113 2522.562849 2529.708930 2541.159631 2557.343446 2563.041313 2577.527789 2609.636220 2624.326878 2641.021834 2661.730982 2684.407227 2710.067233 2733.777141 2749.357872 2766.074303 2786.496997 2804.943636 2826.987932 2851.250532
2862.998559 2833.779232 2812.570979 2794.347395 2774.472921 2748.880953 2727.421902 2723.705368 2715.740980 2688.841620 2635.933511 2597.394308 2571.175746 2548.458256 2524.109768 2501.166052 2466.175227 2431.981152 2410.180252 2421.361592 2430.505019 2437.602968 2425.067022 2413.340716 2403.299385 2386.668883 2370.248182 2355.547331 2365.514273 2374.057384 2389.074008 2394.828534 2398.881074 2403.806039 2402.856582 2394.932530 2394.218904 2403.162810 2413.930408 2426.216261 2445.727855 2480.486613 2506.474098 2525.732077 2547.817806 2568.883129 2592.402571 2616.976593 2641.015816 2659.522655 2679.743537 2701.941114 2724.911746 2746.554959 2771.945845
2779.349195 2750.721157 2723.379464 2699.121121 2666.546004 2621.934992 2605.923511 2595.741134 2576.116497 2532.016803 2489.719602 2462.457725 2444.884009 2420.577575 2397.940890 2369.151498 2336.003477 2312.275411 2291.526417 2300.063228 2308.670873 2325.092915 2314.959388 2306.352624 2301.991221 2286.715244 2273.105426 2257.342577 2264.027369 2275.314331 2296.476163 2301.910519 2305.993878 2314.756365 2314.252071 2310.861787 2297.046386 2305.067853 2316.402226 2331.519444 2362.006523 2386.098281 2410.157371 2432.941004 2454.107126 2478.191720 2502.782572 2527.807563 2555.703153 2577.021345 2597.708899 2620.584409 2641.985727 2659.800799 2679.792866
2663.178044 2637.868111 2616.391056 2591.410893 2550.588844 2506.011328 2466.217428 2442.574226 2394.938090 2359.817168 2333.793308 2326.537214 2311.751797 2290.434123 2270.036091 2249.371616 2225.731802 2205.302282 2180.358076 2184.803423 2199.019253 2214.611073 2213.132616 2212.260622 2210.038317 2199.953070 2186.368226 2172.729728 2176.386483 2192.772857 2210.389912 2219.625428 2227.148154 2235.082411 2235.278343 2227.112229 2218.129458 2223.729978 2239.232341 2256.267311 2275.870010 2297.931681 2320.186841 2341.775852 2365.507929 2389.625697 2414.231267 2440.883049 2469.919728 2492.615377 2517.933558 2544.098207 2563.562898 2575.472654 2587.365617
2553.415596 2532.386874 2508.139365 2480.260101 2437.853743 2396.921858 2355.178564 2310.456728 2276.782939 2246.554121 2235.467453 2218.667128 2203.543485 2187.535697 2166.820509 2149.242883 2132.894312 2111.206249 2098.170368 2104.443637 2117.439295 2126.401646 2131.545621 2128.982417 2126.295966 2119.931512 2106.059800 2099.772859 2109.215552 2124.463864 2138.620656 2149.803823 2156.812062 2162.499088 2159.870102 2151.399513 2147.829841 2156.410225 2172.359108 2186.840011 2203.099908 2224.673918 2246.184122 2268.763689 2292.364115 2315.675507 2341.467780 2368.016442 2395.233361 2423.193190 2447.497324 2469.600621 2481.138776 2493.069197 2497.391715
2422.681717 2408.805930 2382.778851 2354.199331 2323.492996 2288.295116 2261.411537 2229.379073 2198.768407 2169.094138 2143.279366 2129.092440 2121.405832 2107.715206 2089.861322 2077.793139 2061.696390 2048.852049 2052.495529 2054.070214 2062.962122 2061.969626 2062.622848 2059.875081 2059.005434 2055.981250 2048.231050 2058.318317 2065.190469 2079.026451 2089.357664 2099.059564 2105.146213 2109.094550 2110.022354 2105.327592 2110.678428 2117.489881 2131.848704 2143.651249 2158.164015 2178.869051 2196.497199 2216.293378 2239.430334 2263.285681 2288.231936 2314.903862 2343.757451 2369.558306 2389.248647 2398.300769 2409.525935 2414.205759 2406.854983
