tests/Borden05m/sims/sim_1/output-maps/psiliqL0028N0018.asc
ncols         160
nrows         34
xllcorner     620200.000000
yllcorner     5168000.000000
cellsize      0.500000
NODATA_value  -9999.0
[rows 0 to 24 of 34, columns 55 to 109 of 160]
-9999.0 -9999.0 -9999.0 -9999.0 -9999.0 -9999.0 -9999.0 -9999.0 -9999.0 -9999.0 -9999.0 -9999.0 -9999.0 -9999.0 -9999.0 -9999.0 -9999.0 -9999.0 -9999.0 -9999.0 -9999.0 -9999.0 -9999.0 -9999.0 -9999.0 -9999.0 -9999.0 -9999.0 -9999.0 -9999.0 -9999.0 -9999.0 -9999.0 -9999.0 -9999.0 -9999.0 -9999.0 -9999.0 -9999.0 -9999.0 -9999.0 -9999.0 -9999.0 -9999.0 -9999.0 -9999.0 -9999.0 -9999.0 -9999.0 -9999.0 -9999.0 -9999.0 -9999.0 -9999.0 -9999.0
-9999.0 -9999.0 -9999.0 -9999.0 3797.616582 3792.342905 3787.643454 3783.186560 3774.727982 3765.398529 3757.617103 3753.393660 3752.179449 3751.315009 3750.621962 3755.390793 3763.410092 3770.970802 3777.753756 3780.119036 3782.404098 3784.152386 3784.300907 3783.132219 3779.849666 3776.452143 3773.024453 3771.260932 3763.996250 3752.892520 3744.648729 3741.960196 3746.087393 3750.398254 3752.843643 3757.903761 3768.216747 3778.768238 3787.341030 3799.997739 3807.187158 3812.555532 3815.072291 3811.091724 3807.856489 3803.852406 3797.544613 3786.435515 -9999.0 -9999.0 -9999.0 -9999.0 -9999.0 -9999.0 -9999.0
3742.561503 3760.887686 3781.985289 3785.056724 3773.252015 3768.129379 3764.994220 3763.367916 3759.199755 3750.713434 3745.593854 3740.069330 3737.261109 3737.210914 3737.008066 3740.538746 3751.326172 3759.023856 3763.483596 3766.074296 3768.894028 3767.059637 3766.178993 3765.907860 3762.947433 3759.397776 3755.965408 3754.057875 3755.642978 3748.023639 3741.927215 3737.937519 3734.764489 3737.528131 3740.257187 3745.017934 3754.118609 3761.967389 3769.898760 3785.201252 3798.497390 3804.260619 3801.711902 3797.191216 3793.377494 3785.856013 3774.995854 3765.067052 3757.241679 3751.307505 3746.002912 3739.501072 3746.020481 3754.128352 3763.396407
3725.737116 3744.875727 3765.329935 3767.810889 3757.586200 3749.914654 3742.755147 3743.285329 3746.890416 3743.663451 3738.771170 3730.490259 3740.691005 3741.576652 3742.128158 3745.210708 3746.808462 3752.156084 3754.436357 3759.682791 3768.573474 3771.318468 3771.660380 3771.613225 3769.529877 3766.180171 3764.121221 3761.251268 3755.903133 3753.950197 3753.462333 3751.986096 3755.913797 3757.427021 3760.515634 3755.207398 3759.762965 3766.020401 3773.007140 3778.366643 3784.426335 3786.731863 3783.447522 3784.285272 3775.978460 3762.389049 3752.775285 3745.524492 3746.149930 3743.295253 3735.418166 3721.599256 3730.161512 3746.430809 3751.309056
3730.162726 3738.988701 3749.300676 3751.670175 3746.581447 3748.880456 3750.637492 3751.734029 3749.766330 3746.075498 3741.250598 3751.264810 3759.308341 3760.540242 3762.797309 3766.696916 3767.683754 3756.900042 3754.842986 3761.864373 3771.321530 3776.283411 3776.371131 3775.872309 3771.850601 3770.585902 3770.330763 3768.526622 3767.747954 3769.111311 3766.254221 3768.897321 3774.314949 3777.680322 3772.865938 3764.569180 3767.039457 3775.607245 3784.886623 3792.518902 3802.609862 3813.301702 3813.799287 3809.476964 3801.076073 3788.836443 3766.579915 3749.433905 3738.504469 3730.432727 3723.218513 3726.740520 3721.851893 3736.152648 3738.043030
3714.213518 3735.441621 3755.246372 3760.722919 3754.653169 3751.074069 3750.016385 3750.563039 3749.343600 3749.325271 3757.375808 3768.775575 3779.387236 3781.178478 3782.792931 3781.294553 3773.950033 3763.561348 3760.996499 3773.935486 3790.665897 3798.385679 3797.642314 3792.670793 3795.111115 3795.430931 3796.258142 3793.118339 3793.597660 3790.536540 3795.218887 3802.894039 3810.990592 3809.695842 3797.239683 3784.756274 3784.922571 3790.814789 3798.352151 3806.148620 3816.281992 3825.300703 3820.546484 3815.721965 3808.787968 3783.668181 3761.773226 3747.918867 3748.321221 3749.234607 3744.943325 3743.175300 3742.728543 3739.171764 3739.586382
3749.329462 3768.188349 3788.401326 3800.863106 3794.595137 3787.192746 3779.000604 3779.089827 3779.021056 3784.446700 3794.342815 3806.283113 3827.577311 3826.461778 3826.427719 3824.421011 3811.205803 3797.813257 3788.006586 3810.727091 3821.868211 3828.752380 3825.451828 3829.773238 3838.190404 3834.759191 3828.733185 3816.375457 3821.859297 3827.483189 3842.642642 3850.769465 3856.283327 3851.173960 3836.829568 3829.896190 3831.900206 3839.048576 3840.812003 3850.120923 3858.639994 3873.529473 3872.056123 3869.627432 3850.130455 3813.074474 3784.532517 3773.148330 3785.444778 3779.980835 3773.649590 3774.135993 3763.575528 3757.011335 3760.017030
3779.463028 3792.243915 3808.180055 3824.466484 3814.962904 3804.893650 3787.899401 3784.358548 3788.005441 3798.193865 3815.486414 3832.718401 3852.060551 3849.279122 3841.214161 3850.887374 3843.824861 3832.746493 3825.343465 3848.390980 3858.191305 3868.196390 3873.305796 3885.959278 3896.238355 3878.639572 3860.780093 3849.552726 3856.877012 3883.428931 3906.686451 3911.467853 3910.201990 3909.107997 3892.794355 3888.221715 3885.315627 3886.511402 3884.363753 3882.815934 3909.261430 3931.575594 3931.528016 3910.173103 3887.525159 3847.260873 3809.355531 3786.112190 3801.094860 3797.553410 3801.446808 3792.032743 3780.835073 3775.080437 3773.648833
3826.638280 3847.214062 3863.089445 3885.186033 3874.637201 3850.647641 3833.426092 3835.742435 3849.506068 3857.805521 3876.870550 3893.012557 3918.067516 3928.883958 3939.009064 3942.979396 3936.161776 3927.695880 3915.864642 3922.283006 3947.325586 3958.968599 3966.987555 3975.066708 3987.792975 3987.380457 3979.788223 3977.746028 3982.327711 3996.863950 4012.244096 4019.036845 4021.752212 4023.914967 4009.171089 3995.808580 3994.463392 3989.487645 3989.077572 3988.531296 4001.350828 4023.348810 4019.865890 3981.535295 3954.525968 3918.767730 3879.910622 3850.630954 3846.031592 3866.928393 3865.990954 3849.926764 3840.690720 3815.959916 3812.469902
3893.988544 3926.812196 3950.913715 3960.675954 3967.374915 3951.164506 3948.625961 3952.953713 3961.651750 3964.628538 3970.991598 4003.584416 4037.433723 4061.975172 4084.692558 4091.753508 4079.163468 4069.399327 4055.627422 4046.939909 4059.153537 4076.977316 4094.898293 4109.780228 4121.182574 4123.032520 4121.395678 4121.428721 4124.750353 4127.783963 4132.351429 4141.265393 4149.021755 4157.495822 4165.057999 4153.834362 4136.742211 4127.920453 4119.607901 4119.444708 4121.240749 4125.928313 4127.093700 4108.706579 4064.674215 4032.239947 3999.776080 3981.360081 3969.096786 3970.792613 3952.516661 3927.579823 3874.955767 3837.791110 3806.791003
3978.335221 4023.480326 4052.892881 4069.239223 4081.783369 4077.987087 4079.912952 4080.829549 4084.364289 4086.403480 4088.537771 4116.308906 4158.994899 4199.141191 4230.950967 4230.231779 4215.756918 4204.266506 4195.382080 4180.333442 4176.313081 4189.890664 4206.177219 4227.343925 4237.675680 4243.183815 4239.417085 4239.614111 4241.689193 4244.118904 4246.353779 4250.336534 4260.534955 4276.295289 4291.467280 4290.244154 4270.164160 4251.924545 4236.037212 4234.328062 4232.429563 4227.555331 4230.209710 4232.187901 4214.566560 4181.818128 4140.851121 4100.376159 4084.965937 4070.520776 4059.673192 4042.212848 3998.665899 3928.869510 3887.522267
4094.365704 4130.221326 4159.630806 4190.286155 4204.728862 4206.170478 4203.236561 4201.644525 4208.771600 4210.999234 4215.984976 4232.756852 4266.842891 4303.952312 4334.546053 4349.795990 4341.258122 4322.215925 4298.971002 4288.226948 4284.994751 4288.970776 4299.143328 4313.066862 4333.526311 4353.793082 4359.688717 4360.612247 4357.874504 4360.396808 4362.074631 4362.215210 4365.547060 4374.876580 4385.391872 4388.946800 4380.496313 4358.253430 4333.903696 4322.989550 4316.795405 4313.502819 4315.008708 4320.838366 4324.658323 4309.000888 4271.595679 4225.310547 4195.525162 4181.259259 4168.693953 4154.162669 4141.062833 4105.123726 4083.124448
4205.044211 4220.934473 4250.149091 4279.786619 4302.434400 4317.018013 4316.839163 4319.484274 4324.382214 4331.353970 4346.508754 4370.984262 4391.350243 4415.466954 4443.465668 4460.697762 4465.927737 4463.834597 4459.136632 4460.209014 4460.612635 4388.930846 4395.990406 4403.039608 4422.541701 4439.744969 4446.042120 4446.769632 4443.867011 4445.889723 4446.762814 4446.601122 4446.221433 4449.106158 4454.898075 4457.111721 4454.375088 4440.269355 4462.122857 4441.260186 4427.331003 4418.866741 4410.402558 4402.106398 4392.567454 4382.443362 4361.247207 4329.083189 4294.004658 4273.306502 4265.802377 4259.488265 4250.299428 4244.227371 4226.440751
4304.613834 4315.247599 4334.291747 4357.915941 4393.698552 4418.390792 4430.181016 4439.812983 4444.565136 4459.042853 4476.617855 4458.017019 4467.525295 4477.364595 4487.140984 4490.498278 4491.459551 4491.015993 4488.571990 4487.685314 4485.070469 4481.852343 4471.120021 4472.759034 4474.818642 4477.474930 4481.269946 4480.215342 4481.375201 4484.345922 4482.515790 4476.315811 4472.105063 4470.525092 4471.656923 4479.189798 4482.777869 4483.781225 4479.833885 4478.830936 4477.690872 4473.798787 4468.939591 4462.089551 4453.327006 4470.912717 4458.243213 4428.807582 4386.477134 4343.396563 4336.829666 4339.723285 4339.280566 4337.830077 4332.081851
4434.927134 4449.223374 4464.632234 4437.810220 4463.377884 4476.462417 4482.580519 4487.112703 4490.060237 4493.706849 4490.746307 4487.827506 4482.865107 4481.206634 4479.822502 4477.352298 4477.970597 4476.080403 4471.950335 4467.752737 4459.379614 4447.554555 4436.371887 4432.543010 4436.783243 4442.564367 4447.935852 4452.705691 4456.541895 4456.290314 4450.614311 4441.992084 4434.281340 4432.673724 4439.683706 4445.502534 4452.367676 4453.300752 4451.897371 4449.274574 4448.910886 4445.423322 4445.563415 4452.832887 4468.047563 4470.078319 4476.832789 4475.870895 4456.818731 4422.319273 4438.291333 4418.046588 4424.567343 4419.837119 4408.312268
4481.673643 4484.844853 4482.978755 4482.038699 4475.520071 4469.363490 4468.550673 4472.606286 4479.720916 4480.718112 4473.593494 4464.868425 4457.493953 4449.830289 4447.380885 4446.949353 4446.763108 4447.338386 4441.993397 4432.247385 4414.717107 4403.056204 4391.963086 4386.004248 4381.746328 4384.849179 4396.484212 4409.336993 4414.500844 4404.548893 4395.795635 4383.627322 4375.502695 4375.996195 4376.751455 4386.434354 4404.073360 4412.374881 4413.215673 4406.405727 4399.430747 4392.582503 4389.277086 4395.685829 4411.219839 4428.519602 4444.759304 4454.251907 4462.159340 4469.510334 4466.690687 4469.827842 4471.554063 4469.116867 4473.126144
4476.378110 4469.252501 4462.128283 4456.718271 4450.256244 4444.996147 4443.091724 4444.814283 4446.498650 4442.162553 4435.781709 4425.727007 4414.559908 4404.760149 4396.729802 4397.768619 4400.147966 4401.953740 4394.385637 4378.679614 4360.612027 4347.006751 4333.052525 4329.085992 4322.908038 4314.408045 4324.448725 4344.877742 4352.564787 4335.799744 4324.621305 4309.116831 4302.679204 4298.451545 4299.067668 4307.934081 4331.178639 4356.538625 4358.874461 4347.622929 4336.430037 4331.756256 4328.450637 4332.749507 4349.337695 4370.582617 4387.176177 4397.964314 4403.336724 4411.154281 4420.627546 4435.504090 4450.842850 4463.619833 4467.496606
4450.814432 4443.008067 4435.293982 4427.592725 4420.651803 4414.383343 4410.020807 4408.037995 4403.738077 4397.524510 4390.402607 4368.168211 4355.539810 4342.279523 4326.950247 4322.869255 4317.581808 4318.474966 4306.807466 4299.265095 4283.160641 4267.752047 4252.063478 4238.000631 4232.260841 4225.341552 4222.304769 4235.363075 4243.680310 4235.014744 4225.437167 4215.260625 4211.107501 4207.735459 4210.373330 4220.909231 4239.960230 4258.302175 4267.151701 4260.005522 4259.666024 4260.315424 4258.754178 4265.346322 4275.494889 4293.222379 4316.168678 4335.987185 4346.151342 4352.964739 4362.107292 4376.690714 4391.008028 4405.616388 4424.012269
4420.110358 4410.699740 4400.681149 4390.828027 4380.220959 4369.555731 4362.874531 4365.760543 4359.762760 4354.195025 4329.696836 4272.397360 4250.454445 4231.147893 4214.569785 4207.510330 4198.742099 4180.656815 4172.029563 4167.964498 4172.138269 4158.457749 4140.900360 4122.823280 4117.981641 4114.577893 4095.273523 4088.522282 4088.468304 4107.569600 4101.819019 4101.627628 4104.498680 4102.168710 4103.049733 4115.656875 4122.464784 4126.906843 4133.898721 4140.262515 4151.833957 4160.503932 4172.344119 4189.967865 4200.419527 4215.370688 4235.607951 4261.889640 4278.006029 4287.610589 4297.972459 4313.292023 4329.469984 4347.411333 4369.969970
4385.152781 4367.957539 4353.091871 4338.621839 4325.807401 4312.822489 4296.301615 4298.320002 4296.377354 4285.590127 4227.476512 4186.930323 4152.627299 4135.558525 4111.460184 4097.324097 4079.651014 4038.352075 4020.140916 4020.984773 4038.185878 4036.142238 4021.257934 4009.898546 4000.196488 3990.206986 3971.349449 3950.238938 3956.666380 3976.690556 3978.974728 3983.570558 3992.402558 3992.220277 3984.737675 3980.069435 3991.579223 3996.464101 4008.061364 4027.316354 4032.473537 4050.793931 4086.467627 4099.197119 4114.255074 4132.275162 4152.373538 4174.345868 4197.475406 4211.725253 4227.037933 4245.400670 4262.034886 4282.254437 4304.673928
4333.268190 4301.385829 4279.865139 4262.251500 4242.649721 4214.212956 4194.218721 4191.918374 4185.849463 4154.394945 4100.544569 4065.956895 4044.006972 4022.275532 3999.507059 3974.534658 3934.698678 3899.176019 3877.001422 3895.336973 3907.652533 3921.983657 3911.278757 3901.056382 3891.659761 3872.626401 3855.460427 3837.868307 3849.546622 3858.280510 3879.976607 3887.757526 3891.791510 3898.547445 3897.026293 3884.654257 3876.949688 3884.795781 3894.530053 3906.882283 3930.429023 3967.463169 3992.266980 4010.699826 4031.035321 4049.224974 4070.081043 4092.630796 4115.496873 4132.486720 4150.549275 4168.653298 4189.273650 4207.807515 4230.011738
4250.352391 4222.130935 4195.977920 4172.768080 4139.884106 4091.746584 4077.436718 4068.383139 4044.285701 3994.095377 3952.613220 3935.280710 3925.016480 3902.313617 3882.182684 3852.834227 3818.411005 3798.144025 3777.692797 3789.242555 3800.659450 3823.215523 3815.464973 3809.928552 3807.912213 3792.570609 3779.556064 3762.678239 3768.732380 3781.548253 3806.721099 3813.260492 3817.630629 3827.694417 3827.028210 3821.773280 3801.905231 3808.060541 3818.856925 3833.695896 3865.570577 3887.537225 3909.446242 3931.106404 3949.998841 3970.994343 3992.520545 4014.907495 4041.139174 4060.354430 4078.950160 4100.065661 4118.564812 4131.607865 4146.370867
4140.124298 4116.798342 4098.182761 4074.236293 4029.939012 3986.033014 3943.580829 3914.324407 3858.654916 3823.627271 3807.128483 3810.527375 3800.418985 3782.154379 3764.603300 3746.495779 3726.324684 3709.171539 3684.416445 3690.786571 3707.987015 3726.301629 3729.848813 3732.347567 3731.657356 3723.157791 3709.970840 3696.467603 3700.336400 3718.044331 3736.419862 3747.243652 3755.288104 3763.073530 3762.612676 3752.183428 3741.489545 3745.746354 3761.134536 3776.877612 3793.104318 3812.746951 3832.653669 3852.384578 3874.160335 3895.890661 3917.857904 3941.783236 3967.824691 3988.688329 4011.620190 4035.231765 4050.381614 4057.623436 4063.257872
4036.773137 4018.839686 3996.440336 3969.033634 3927.088734 3888.377324 3848.352061 3799.395843 3766.962288 3739.814126 3736.612810 3723.296250 3712.487581 3700.287221 3681.428203 3667.043522 3654.461511 3634.394778 3627.266750 3635.757417 3649.877766 3657.693630 3666.060029 3664.668815 3662.973286 3658.229277 3644.515036 3642.120906 3652.658675 3667.840907 3681.217367 3693.151861 3700.044768 3704.787813 3701.483107 3691.820688 3689.384212 3697.260328 3712.307331 3724.883237 3738.256460 3757.738312 3776.368610 3796.729594 3817.913482 3838.550909 3861.622628 3885.423531 3910.242753 3936.534872 3957.518828 3974.169934 3981.176754 3988.965223 3985.596219
3912.855293 3903.527519 3878.434561 3850.667380 3823.194984 3792.503606 3770.882163 3741.303972 3712.998750 3685.841887 3661.386430 3651.872815 3648.193489 3637.487327 3622.660983 3613.475192 3599.574030 3592.661770 3601.329869 3602.768316 3610.477265 3608.227696 3609.760208 3607.953309 3607.905994 3606.651602 3602.083218 3615.465813 3621.751944 3634.758129 3644.500114 3654.207807 3659.723207 3662.942964 3664.209812 3660.357294 3666.539529 3671.848537 3684.667321 3694.910634 3707.070079 3725.646171 3741.108402 3758.414675 3779.043667 3800.373491 3822.446769 3846.433577 3872.847075 3895.739799 3911.350806 3915.801064 3922.960648 3921.693869 3907.637259
