tests/Borden05m/sims/sim_1/output-maps/psiliqL0025N0019.asc
ncols         160
nrows         34
xllcorner     620200.000000
yllcorner     5168000.000000
cellsize      0.500000
NODATA_value  -9999.0
[rows 0 to 24 of 34, columns 0 to 54 of 160]
-9999.0 -9999.0 -9999.0 -9999.0 -9999.0 -9999.0 -9999.0 -9999.0 -9999.0 -9999.0 -9999.0 -9999.0 -9999.0 -9999.0 -9999.0 -9999.0 -9999.0 -9999.0 -9999.0 -9999.0 -9999.0 -9999.0 -9999.0 -9999.0 -9999.0 -9999.0 -9999.0 -9999.0 -9999.0 -9999.0 -9999.0 -9999.0 -9999.0 -9999.0 -9999.0 -9999.0 -9999.0 -9999.0 -9999.0 -9999.0 -9999.0 -9999.0 -9999.0 -9999.0 -9999.0 -9999.0 -9999.0 -9999.0 -9999.0 -9999.0 -9999.0 -9999.0 -9999.0 -9999.0 -9999.0
-9999.0 -9999.0 -9999.0 -9999.0 -9999.0 -9999.0 -9999.0 -9999.0 -9999.0 -9999.0 -9999.0 -9999.0 -9999.0 -9999.0 -9999.0 -9999.0 -9999.0 -9999.0 -9999.0 -9999.0 -9999.0 -9999.0 -9999.0 -9999.0 -9999.0 -9999.0 -9999.0 -9999.0 -9999.0 -9999.0 -9999.0 -9999.0 -9999.0 -9999.0 -9999.0 -9999.0 -9999.0 -9999.0 -9999.0 -9999.0 -9999.0 -9999.0 -9999.0 -9999.0 -9999.0 -9999.0 -9999.0 -9999.0 -9999.0 -9999.0 -9999.0 -9999.0 -9999.0 -9999.0 -9999.0
-9999.0 -9999.0 -9999.0 -9999.0 -9999.0 -9999.0 -9999.0 -9999.0 -9999.0 -9999.0 -9999.0 -9999.0 -9999.0 -9999.0 -9999.0 -9999.0 -9999.0 -9999.0 -9999.0 -9999.0 -9999.0 -9999.0 -9999.0 -9999.0 -9999.0 -9999.0 -9999.0 -9999.0 -9999.0 -9999.0 -9999.0 -9999.0 -9999.0 -9999.0 -9999.0 -9999.0 -9999.0 -9999.0 -9999.0 -9999.0 -9999.0 -9999.0 -9999.0 -9999.0 -9999.0 -9999.0 -9999.0 3074.976664 3057.764080 3044.147823 3039.439889 3060.373273 3083.258665 3106.864668 3127.187331
-9999.0 -9999.0 -9999.0 -9999.0 -9999.0 -9999.0 -9999.0 -9999.0 -9999.0 -9999.0 -9999.0 -9999.0 -9999.0 -9999.0 -9999.0 -9999.0 -9999.0 -9999.0 -9999.0 -9999.0 -9999.0 -9999.0 -9999.0 -9999.0 -9999.0 -9999.0 -9999.0 -9999.0 -9999.0 -9999.0 -9999.0 -9999.0 -9999.0 -9999.0 -9999.0 -9999.0 -9999.0 -9999.0 -9999.0 -9999.0 3125.703412 3131.539911 3131.254771 3121.236785 3109.776037 3096.018093 3075.336311 3058.105082 3044.860944 3042.785555 3045.055168 3047.616322 3068.116574 3093.248040 3112.915796
-9999.0 -9999.0 -9999.0 -9999.0 -9999.0 -9999.0 -9999.0 -9999.0 -9999.0 -9999.0 -9999.0 -9999.0 -9999.0 -9999.0 -9999.0 -9999.0 -9999.0 -9999.0 -9999.0 -9999.0 -9999.0 -9999.0 -9999.0 -9999.0 -9999.0 -9999.0 -9999.0 -9999.0 -9999.0 -9999.0 -9999.0 -9999.0 -9999.0 -9999.0 3033.821105 3050.642974 3068.395697 3086.763935 3103.552836 3110.461524 3116.203623 3121.432882 3116.644694 3112.024022 3100.135917 3078.986596 3059.501685 3046.535160 3045.353767 3042.727127 3046.054932 3057.349089 3073.663641 3088.396690 3108.618610
-9999.0 -9999.0 -9999.0 -9999.0 -9999.0 -9999.0 -9999.0 -9999.0 -9999.0 -9999.0 -9999.0 -9999.0 -9999.0 -9999.0 -9999.0 -9999.0 -9999.0 -9999.0 -9999.0 -9999.0 -9999.0 -9999.0 -9999.0 -9999.0 -9999.0 -9999.0 -9999.0 -9999.0 3040.081283 3034.023476 3029.029060 3027.255141 3025.597127 3024.438715 3030.938793 3041.881091 3058.716369 3080.541126 3093.584015 3100.631740 3107.306998 3107.438927 3101.318791 3099.312870 3099.503949 3086.576895 3074.017622 3062.239851 3050.706061 3047.302941 3055.856539 3069.712131 3085.526666 3099.697251 3114.527865
-9999.0 -9999.0 -9999.0 -9999.0 -9999.0 -9999.0 -9999.0 -9999.0 -9999.0 -9999.0 -9999.0 -9999.0 -9999.0 -9999.0 -9999.0 -9999.0 -9999.0 -9999.0 -9999.0 -9999.0 -9999.0 -9999.0 -9999.0 3010.670192 3015.495974 3021.834966 3029.291063 3030.052303 3026.552361 3020.967271 3018.038829 3016.348270 3013.807421 3018.040655 3024.765658 3037.381444 3052.279708 3074.169660 3082.043429 3086.014810 3097.017701 3100.289733 3107.611902 3111.098714 3108.778569 3104.306054 3089.060507 3077.126394 3078.929882 3082.511099 3088.826370 3096.597579 3109.505919 3122.725737 3137.499782
-9999.0 -9999.0 -9999.0 -9999.0 -9999.0 -9999.0 -9999.0 -9999.0 -9999.0 -9999.0 -9999.0 -9999.0 -9999.0 -9999.0 -9999.0 -9999.0 -9999.0 -9999.0 -9999.0 2986.698363 2987.654144 2989.007290 2993.688352 2993.668383 2995.220611 3001.739136 3009.465940 3012.043303 3009.548641 3008.215691 3009.168940 3011.330434 3015.379614 3025.350701 3038.181371 3051.492879 3063.689984 3083.676957 3097.383818 3109.048174 3123.639194 3123.400640 3119.165181 3116.871123 3116.175170 3113.983637 3112.045960 3110.624823 3116.090198 3116.299258 3119.239909 3127.622544 3138.645418 3154.421087 3171.139178
-9999.0 -9999.0 -9999.0 -9999.0 -9999.0 -9999.0 -9999.0 -9999.0 -9999.0 -9999.0 -9999.0 -9999.0 -9999.0 -9999.0 -9999.0 -9999.0 2961.752554 2963.516133 2965.870952 2971.254918 2974.893498 2978.786627 2985.514637 2982.447352 2984.938262 2991.531752 2995.496598 3004.217348 3011.992397 3018.423065 3023.535123 3025.159531 3030.831002 3039.092517 3049.512208 3062.403010 3081.469558 3103.919347 3118.581788 3134.243966 3150.467167 3150.105915 3147.532349 3146.949853 3144.702888 3145.352216 3158.953840 3161.384459 3155.690761 3164.918706 3175.887488 3177.835167 3181.322987 3199.816266 3221.051009
-9999.0 -9999.0 -9999.0 -9999.0 -9999.0 -9999.0 -9999.0 -9999.0 -9999.0 -9999.0 -9999.0 -9999.0 -9999.0 2912.412677 2916.356561 2926.504312 2937.821724 2940.786008 2945.632058 2952.205319 2964.192329 2967.628311 2973.321385 2979.714432 2986.722171 2994.327278 3002.308962 3013.142364 3020.200132 3026.121419 3031.447885 3033.403596 3043.814643 3056.660354 3069.853643 3087.754433 3108.373083 3125.687905 3142.648978 3157.761421 3168.438782 3165.129702 3163.284157 3164.401593 3168.172966 3177.962406 3193.335449 3193.361349 3202.582467 3222.131148 3231.534184 3238.158698 3243.308192 3256.097010 3276.575261
-9999.0 -9999.0 -9999.0 -9999.0 -9999.0 -9999.0 -9999.0 -9999.0 -9999.0 -9999.0 2885.011787 2886.491666 2882.700270 2880.060890 2885.705189 2897.930670 2912.312935 2917.765876 2929.561439 2950.670274 2969.000902 2971.683766 2984.229222 2988.593222 2993.754472 3002.464353 3014.077348 3024.843476 3038.914186 3049.154201 3056.671969 3071.727301 3085.955402 3100.526156 3116.183830 3134.982847 3149.790042 3172.343396 3193.787565 3201.307388 3217.384829 3219.794847 3214.709389 3211.961085 3220.003917 3230.232875 3244.358080 3259.510381 3277.028121 3298.072616 3307.988462 3319.997440 3328.247155 3337.871246 3352.308259
-9999.0 -9999.0 -9999.0 -9999.0 -9999.0 -9999.0 -9999.0 -9999.0 2860.358155 2868.332128 2873.635250 2870.201884 2865.509322 2859.572898 2873.950927 2889.146637 2904.691503 2922.637912 2937.824126 2955.570919 2968.726193 2982.671219 2996.278612 3005.251968 3014.561490 3028.169061 3039.744632 3053.226957 3072.150498 3078.911628 3088.984383 3106.940806 3121.148927 3136.472407 3153.052956 3167.996767 3184.979654 3213.725977 3241.247085 3256.704956 3281.491847 3297.982508 3291.845796 3289.606929 3290.259036 3312.376707 3337.670903 3365.617194 3383.553074 3406.259987 3433.573936 3451.575950 3460.356171 3471.010398 3484.382768
-9999.0 -9999.0 -9999.0 -9999.0 -9999.0 -9999.0 2831.976141 2856.225121 2871.232936 2862.456151 2848.407561 2843.101433 2836.817531 2866.699491 2888.703187 2905.639319 2921.891307 2938.886855 2954.452585 2962.072676 2985.422574 3003.077349 3013.518382 3025.881678 3038.921306 3051.904742 3066.758217 3086.750589 3103.179409 3124.269521 3139.919089 3155.574910 3175.583822 3191.423259 3206.984828 3219.642396 3245.967543 3279.394713 3312.765285 3336.425724 3359.989026 3389.732546 3389.514454 3391.054778 3392.639082 3415.131044 3447.686415 3476.596512 3507.740231 3537.670418 3565.031839 3575.088884 3583.731215 3593.315928 3605.462100
-9999.0 -9999.0 -9999.0 -9999.0 2799.738437 2820.393375 2838.931086 2868.768316 2890.492674 2885.201330 2889.453616 2887.297179 2882.725166 2887.219791 2894.814437 2911.599533 2930.076179 2948.825009 2962.155311 2982.910394 3027.351278 3037.496667 3053.996692 3082.237294 3092.118466 3104.823760 3119.020987 3138.337827 3156.125917 3180.197818 3213.833785 3242.367963 3262.648171 3280.882066 3298.854289 3315.098984 3348.582502 3383.775343 3418.269921 3448.987554 3475.271088 3500.282092 3507.026604 3511.714536 3521.335762 3537.634270 3559.441093 3586.203804 3618.781833 3650.244001 3673.235968 3682.511542 3687.718617 3697.012172 3704.594221
-9999.0 -9999.0 -9999.0 2751.562135 2785.590796 2824.289561 2849.726031 2879.649497 2911.569135 2911.572559 2919.847904 2919.783093 2918.714736 2923.927188 2927.174470 2943.072458 2960.245887 2978.563709 2992.332904 3024.105778 3052.514647 3070.343526 3097.145544 3113.022726 3125.619729 3137.514067 3154.650887 3173.727577 3206.343559 3235.325064 3280.272396 3329.680079 3361.103040 3379.573973 3400.768936 3427.107099 3451.178746 3488.443419 3521.617764 3552.960832 3582.526052 3604.343299 3618.653886 3623.222782 3632.321490 3638.077186 3650.744101 3671.283531 3693.038994 3722.916088 3751.544725 3779.303377 3794.008663 3804.602365 3821.224519
-9999.0 -9999.0 2703.162198 2742.582750 2774.231202 2815.645380 2868.047208 2902.682232 2941.778853 2960.630873 2963.720647 2974.307245 2980.438277 2980.832140 2989.263839 3001.287896 3021.599458 3029.087862 3047.357410 3063.566604 3100.794467 3134.728741 3132.554154 3168.676205 3197.590451 3228.129187 3247.643794 3273.014172 3308.979406 3342.620764 3385.767159 3434.327291 3468.105189 3495.440513 3510.549798 3529.789731 3549.632165 3574.699140 3610.144388 3635.623761 3668.185208 3693.094397 3712.487975 3713.796121 3716.497716 3732.171549 3759.419398 3789.029124 3816.840650 3844.613646 3831.889758 3853.296222 3862.852293 3868.183888 3876.567033
-9999.0 -9999.0 2673.195758 2719.667918 2754.818044 2807.924967 2893.050516 2927.155410 2966.702469 3008.330722 3021.419251 3042.009942 3036.613451 3026.848279 3044.012157 3058.111941 3076.463639 3082.863199 3076.628422 3127.618625 3177.134701 3203.280885 3213.558362 3287.300014 3337.289375 3359.434744 3374.138427 3393.468586 3412.950114 3450.903704 3490.134655 3543.161906 3583.705620 3612.840543 3626.891715 3645.924683 3664.857120 3679.694427 3698.570241 3743.540915 3777.265197 3806.818607 3837.510486 3858.322562 3866.242005 3870.834982 3847.353572 3865.227165 3877.348624 3882.576557 3884.629538 3880.885539 3880.294522 3881.090979 3882.018616
-9999.0 2580.043753 2632.591985 2683.449826 2748.314839 2804.636417 2879.275239 2953.964227 3015.456356 3065.566364 3090.103788 3084.323122 3087.399870 3113.277771 3132.208382 3148.774087 3152.977712 3161.584603 3142.844368 3191.763470 3228.437423 3279.319079 3377.815479 3434.500553 3494.020247 3490.158581 3478.826100 3484.139699 3500.435064 3545.503576 3621.628689 3675.629952 3738.682053 3785.586029 3801.831849 3808.760885 3826.816277 3847.003013 3800.480677 3840.476538 3858.837791 3874.159225 3882.434204 3884.545994 3885.725456 3885.505836 3881.859956 3874.913003 3866.788094 3860.981420 3856.774759 3852.272030 3854.705532 3858.027064 3858.290392
-9999.0 2541.890803 2599.521672 2668.331883 2736.279282 2785.506987 2863.083007 3022.921642 3082.992842 3119.639010 3125.898586 3105.660314 3164.215547 3221.716293 3245.805114 3289.548540 3274.301653 3258.942974 3223.911489 3248.759625 3287.418991 3356.742966 3522.244238 3608.965230 3657.045187 3664.921115 3666.102060 3693.604574 3736.148527 3781.433740 3824.934767 3797.287534 3843.297841 3865.890523 3870.611739 3871.272627 3876.341891 3874.979711 3873.404067 3869.014831 3863.897001 3864.053178 3868.583112 3868.417901 3865.479593 3862.139490 3856.464303 3849.040691 3843.815291 3839.190853 3836.526166 3833.674989 3831.759482 3831.113884 3826.342111
-9999.0 2502.347042 2576.920926 2635.755469 2683.631115 2776.865555 2899.320380 3038.300883 3132.840650 3165.978152 3147.051167 3183.138166 3283.899702 3386.964948 3437.808013 3458.287674 3440.594398 3394.675857 3376.510047 3419.097561 3487.704001 3602.734680 3734.758856 3830.446484 3845.054302 3848.202969 3803.552560 3827.577525 3849.845594 3852.487653 3853.533084 3860.863617 3865.892061 3868.781578 3867.229438 3864.340478 3859.541987 3851.382240 3846.567567 3842.919717 3839.171587 3838.064684 3840.104809 3841.859679 3839.066756 3835.182753 3830.709836 3825.130155 3818.847557 3812.110751 3807.839173 3803.621757 3801.504644 3796.058559 3792.501100
-9999.0 2380.591307 2476.488557 2518.163669 2595.538810 2783.133352 2904.749404 3041.576294 3202.278752 3223.103224 3269.915150 3405.224884 3521.338717 3599.565233 3628.582586 3661.880075 3686.067843 3702.102975 3737.847085 3626.630067 3703.504664 3795.659213 3837.550002 3855.715298 3864.490972 3864.838305 3855.115240 3834.457039 3823.748611 3816.995461 3818.602905 3825.863113 3830.591462 3835.420619 3833.130469 3834.133142 3835.119914 3831.869077 3827.876913 3819.209578 3811.386428 3804.775227 3801.642921 3806.380109 3801.714756 3799.291592 3793.139358 3784.766749 3775.886619 3768.522021 3760.618644 3754.079295 3751.835952 3746.823492 3745.648187
-9999.0 2299.685802 2372.520201 2434.168853 2546.652953 2710.532210 2801.456019 2958.228225 3190.454808 3322.908597 3481.023720 3568.683009 3638.131520 3681.052632 3731.632387 3782.065428 3808.031307 3818.995591 3789.943777 3810.439230 3768.479540 3757.556790 3774.739803 3803.313739 3819.869506 3823.840819 3815.895632 3806.580748 3799.326283 3798.202161 3796.101062 3792.252607 3788.331250 3784.858234 3781.717602 3784.584174 3789.814485 3782.795149 3772.701135 3763.379210 3754.971778 3745.842855 3739.941991 3735.410214 3735.663802 3735.907853 3728.326421 3717.890982 3707.111216 3698.881920 3691.696628 3687.153250 3684.545218 3679.639682 3670.233591
-9999.0 2180.875019 2312.921614 2390.247660 2486.161140 2615.504576 2721.015628 2864.836099 2990.469511 3229.865703 3370.852722 3553.534489 3601.452296 3669.187349 3716.961954 3788.650433 3784.466027 3752.968433 3710.587465 3694.264455 3704.501686 3713.237159 3721.679048 3736.405682 3753.842331 3763.781668 3768.420770 3762.211441 3748.044646 3735.864902 3725.158443 3711.840998 3702.655649 3700.285176 3704.004089 3713.723151 3714.396413 3705.124551 3691.140956 3673.149496 3657.720198 3646.054263 3643.986087 3646.645819 3647.668437 3643.688274 3637.844969 3627.178270 3614.667254 3602.395330 3596.633602 3592.278892 3585.006024 3574.009110 3562.405447
-9999.0 -9999.0 2227.656584 2336.046679 2429.941500 2541.141140 2631.746336 2751.063157 2881.945939 3047.622563 3161.586620 3335.390752 3427.103285 3470.439582 3505.206813 3560.108720 3584.226150 3613.861896 3606.774268 3617.433856 3626.637459 3631.691455 3637.083765 3643.131124 3653.683535 3663.362945 3673.245892 3670.456343 3661.588016 3641.400767 3616.249211 3596.710289 3586.385699 3577.364302 3589.194473 3601.610023 3596.352625 3589.489710 3576.958624 3560.917381 3548.360342 3534.217467 3530.770166 3530.760732 3531.354071 3529.052983 3526.432451 3514.101498 3501.896461 3491.942889 3487.897917 3482.354419 3478.735575 3468.991911 3458.489568
-9999.0 -9999.0 2139.370270 2243.412841 2345.815763 2462.933155 2547.436431 2565.207065 2702.314441 2796.029922 2901.954219 3005.957442 3099.387286 3165.110166 3198.101976 3259.031006 3313.083814 3330.738576 3368.138635 3419.113030 3452.096952 3489.921664 3512.115242 3521.560375 3533.968517 3548.125249 3555.584084 3540.656245 3529.413322 3512.416615 3489.302337 3463.048200 3449.729924 3448.998640 3448.362666 3450.252165 3442.857934 3433.915135 3419.552174 3405.562092 3393.374808 3384.311313 3380.741114 3375.434256 3373.291595 3370.631055 3368.928278 3364.042293 3355.681489 3350.963186 3342.917533 3339.141760 3338.296164 3335.093335 3329.270720
