tests/Borden05m/sims/sim_1/output-maps/psiliqL0006N0009.asc
ncols         160
nrows         34
xllcorner     620200.000000
yllcorner     5168000.000000
cellsize      0.500000
NODATA_value  -9999.0
[rows 0 to 24 of 34, columns 0 to 56 of 160]
-9999.0 -9999.0 -9999.0 -9999.0 -9999.0 -9999.0 -9999.0 -9999.0 -9999.0 -9999.0 -9999.0 -9999.0 -9999.0 -9999.0 -9999.0 -9999.0 -9999.0 -9999.0 -9999.0 -9999.0 -9999.0 -9999.0 -9999.0 -9999.0 -9999.0 -9999.0 -9999.0 -9999.0 -9999.0 -9999.0 -9999.0 -9999.0 -9999.0 -9999.0 -9999.0 -9999.0 -9999.0 -9999.0 -9999.0 -9999.0 -9999.0 -9999.0 -9999.0 -9999.0 -9999.0 -9999.0 -9999.0 -9999.0 -9999.0 -9999.0 -9999.0 -9999.0 -9999.0 -9999.0 -9999.0 -9999.0 -9999.0
-9999.0 -9999.0 -9999.0 -9999.0 -9999.0 -9999.0 -9999.0 -9999.0 -9999.0 -9999.0 -9999.0 -9999.0 -9999.0 -9999.0 -9999.0 -9999.0 -9999.0 -9999.0 -9999.0 -9999.0 -9999.0 -9999.0 -9999.0 -9999.0 -9999.0 -9999.0 -9999.0 -9999.0 -9999.0 -9999.0 -9999.0 -9999.0 -9999.0 -9999.0 -9999.0 -9999.0 -9999.0 -9999.0 -9999.0 -9999.0 -9999.0 -9999.0 -9999.0 -9999.0 -9999.0 -9999.0 -9999.0 -9999.0 -9999.0 -9999.0 -9999.0 -9999.0 -9999.0 -9999.0 -9999.0 -9999.0 -9999.0
-9999.0 -9999.0 -9999.0 -9999.0 -9999.0 -9999.0 -9999.0 -9999.0 -9999.0 -9999.0 -9999.0 -9999.0 -9999.0 -9999.0 -9999.0 -9999.0 -9999.0 -9999.0 -9999.0 -9999.0 -9999.0 -9999.0 -9999.0 -9999.0 -9999.0 -9999.0 -9999.0 -9999.0 -9999.0 -9999.0 -9999.0 -9999.0 -9999.0 -9999.0 -9999.0 -9999.0 -9999.0 -9999.0 -9999.0 -9999.0 -9999.0 -9999.0 -9999.0 -9999.0 -9999.0 -9999.0 -9999.0 -696.810093 -714.407476 -731.723761 -733.241522 -710.557827 -687.702872 -664.650753 -644.757669 -626.589696 -608.007614
-9999.0 -9999.0 -9999.0 -9999.0 -9999.0 -9999.0 -9999.0 -9999.0 -9999.0 -9999.0 -9999.0 -9999.0 -9999.0 -9999.0 -9999.0 -9999.0 -9999.0 -9999.0 -9999.0 -9999.0 -9999.0 -9999.0 -9999.0 -9999.0 -9999.0 -9999.0 -9999.0 -9999.0 -9999.0 -9999.0 -9999.0 -9999.0 -9999.0 -9999.0 -9999.0 -9999.0 -9999.0 -9999.0 -9999.0 -9999.0 -649.614312 -643.913478 -642.235411 -653.443970 -664.952431 -676.643141 -696.491470 -714.453047 -730.505731 -733.750698 -731.487996 -725.742983 -702.861868 -679.398806 -660.642171 -643.626478 -625.057744
-9999.0 -9999.0 -9999.0 -9999.0 -9999.0 -9999.0 -9999.0 -9999.0 -9999.0 -9999.0 -9999.0 -9999.0 -9999.0 -9999.0 -9999.0 -9999.0 -9999.0 -9999.0 -9999.0 -9999.0 -9999.0 -9999.0 -9999.0 -9999.0 -9999.0 -9999.0 -9999.0 -9999.0 -9999.0 -9999.0 -9999.0 -9999.0 -9999.0 -9999.0 -739.996934 -722.580873 -704.873080 -687.098927 -671.037762 -664.873158 -659.189050 -653.545584 -657.744892 -662.920237 -674.461363 -692.892307 -712.854009 -727.542361 -730.717273 -733.729336 -729.657174 -716.815056 -700.786877 -684.833287 -664.572979 -642.384052 -633.895217
-9999.0 -9999.0 -9999.0 -9999.0 -9999.0 -9999.0 -9999.0 -9999.0 -9999.0 -9999.0 -9999.0 -9999.0 -9999.0 -9999.0 -9999.0 -9999.0 -9999.0 -9999.0 -9999.0 -9999.0 -9999.0 -9999.0 -9999.0 -9999.0 -9999.0 -9999.0 -9999.0 -9999.0 -734.424501 -740.535892 -746.065966 -747.931614 -749.603933 -751.236704 -744.548771 -732.392710 -714.353804 -693.521177 -681.364662 -674.736728 -668.708930 -668.241318 -673.293415 -675.978916 -676.266903 -688.168453 -700.049299 -711.219222 -722.006136 -723.410157 -714.340491 -701.277995 -686.124736 -672.220722 -657.845971 -644.573424 -630.632498
-9999.0 -9999.0 -9999.0 -9999.0 -9999.0 -9999.0 -9999.0 -9999.0 -9999.0 -9999.0 -9999.0 -9999.0 -9999.0 -9999.0 -9999.0 -9999.0 -9999.0 -9999.0 -9999.0 -9999.0 -9999.0 -9999.0 -9999.0 -762.582544 -756.526959 -750.360704 -743.432793 -742.922951 -747.670630 -753.744740 -757.415836 -759.459643 -761.386805 -757.515734 -749.373347 -736.079616 -720.654150 -699.813396 -691.810214 -685.423948 -673.398092 -671.975113 -668.254181 -664.837833 -667.250331 -670.261372 -682.306492 -691.268671 -685.601256 -679.803093 -674.296338 -667.867610 -655.931161 -641.059917 -624.026771 -604.085876 -583.153465
-9999.0 -9999.0 -9999.0 -9999.0 -9999.0 -9999.0 -9999.0 -9999.0 -9999.0 -9999.0 -9999.0 -9999.0 -9999.0 -9999.0 -9999.0 -9999.0 -9999.0 -9999.0 -9999.0 -786.715428 -786.144640 -785.533831 -781.342456 -780.551416 -778.558911 -771.891787 -764.152102 -762.633418 -764.538282 -766.775031 -765.707611 -763.567829 -760.015780 -748.943644 -735.640629 -722.127214 -708.490449 -688.389969 -674.357360 -660.926935 -645.392684 -647.804080 -653.156354 -656.189710 -656.484820 -656.355597 -650.006405 -646.451723 -641.693512 -636.063810 -629.577653 -621.821906 -612.402167 -594.840509 -575.351966 -555.707814 -536.770854
-9999.0 -9999.0 -9999.0 -9999.0 -9999.0 -9999.0 -9999.0 -9999.0 -9999.0 -9999.0 -9999.0 -9999.0 -9999.0 -9999.0 -9999.0 -9999.0 -814.303219 -812.673167 -810.944754 -805.964883 -804.035210 -800.493093 -794.088832 -793.537199 -790.057410 -783.438932 -778.863613 -771.009042 -763.826979 -757.027095 -751.685427 -749.586998 -742.327308 -733.273012 -722.021922 -706.882985 -685.574250 -663.972459 -648.589969 -632.927102 -617.175529 -617.881879 -619.954219 -619.700556 -619.534122 -611.627933 -593.829566 -588.261947 -584.819961 -565.714182 -552.021004 -547.362803 -541.182115 -524.307729 -501.076128 -473.440691 -438.924391
-9999.0 -9999.0 -9999.0 -9999.0 -9999.0 -9999.0 -9999.0 -9999.0 -9999.0 -9999.0 -9999.0 -9999.0 -9999.0 -857.199041 -853.244080 -844.584395 -837.296272 -835.588099 -832.277517 -827.218861 -815.561835 -812.577202 -806.850431 -799.697593 -789.073055 -781.192678 -772.511747 -761.374000 -753.500187 -746.949431 -740.443171 -734.053699 -720.788535 -706.006341 -690.725140 -671.287587 -650.882439 -630.677800 -610.439111 -596.802631 -583.448736 -580.264583 -583.382379 -582.890486 -575.244864 -557.160792 -538.498013 -525.325044 -502.389077 -477.813240 -462.339442 -448.006021 -438.257438 -425.107271 -401.434584 -352.574556 -294.249794
-9999.0 -9999.0 -9999.0 -9999.0 -9999.0 -9999.0 -9999.0 -9999.0 -9999.0 -9999.0 -892.937664 -890.357577 -894.021140 -893.018646 -888.937964 -877.606214 -865.146853 -858.534108 -848.021318 -828.261025 -812.034684 -809.113047 -794.736247 -785.521846 -779.671958 -769.540296 -757.075908 -744.673149 -727.868468 -715.894034 -703.596546 -683.241892 -667.742581 -652.497034 -636.062239 -617.810636 -597.597740 -567.955985 -541.440416 -527.708150 -503.265160 -488.230174 -492.508131 -493.261313 -486.216657 -467.144050 -439.847732 -406.344019 -373.233301 -331.490640 -294.944029 -268.069569 -245.670904 -216.027342 -171.263219 -110.480745 -73.494248
-9999.0 -9999.0 -9999.0 -9999.0 -9999.0 -9999.0 -9999.0 -9999.0 -916.412168 -910.003292 -903.821700 -907.100319 -912.185010 -915.382184 -903.103548 -887.787236 -872.434953 -856.294192 -840.997186 -823.992061 -808.905060 -792.827526 -774.512985 -763.379737 -752.180171 -737.860398 -724.982167 -707.588397 -687.209220 -672.767463 -653.968018 -633.197165 -614.672285 -598.026423 -581.139655 -564.124427 -535.562881 -501.176168 -467.558599 -439.767841 -407.784811 -375.385794 -371.919484 -365.414495 -356.006823 -315.366948 -258.869703 -180.743588 -113.862882 -83.506589 -59.811324 -46.847442 -37.449173 -24.129603 -5.115661 14.264692 33.940079
-9999.0 -9999.0 -9999.0 -9999.0 -9999.0 -9999.0 -941.199565 -917.433429 -903.099719 -911.057732 -918.589409 -921.959508 -925.400841 -908.400216 -887.855179 -871.783203 -855.858193 -839.375692 -823.939404 -809.211703 -774.291401 -759.449524 -745.161318 -725.620608 -712.830011 -700.025734 -683.726225 -661.092448 -638.648852 -606.082831 -575.959059 -549.144965 -523.299806 -504.004116 -485.675409 -465.326698 -430.046522 -383.534465 -329.190069 -275.500066 -214.312091 -143.575333 -115.161446 -101.050703 -91.911588 -77.669943 -52.700290 -22.265831 13.304971 40.481967 59.423799 67.484733 76.145932 87.613425 103.085635 116.520741 127.054710
-9999.0 -9999.0 -9999.0 -9999.0 -974.175807 -953.481542 -932.955761 -902.393061 -880.138231 -886.013845 -878.723483 -878.251922 -879.567426 -878.049924 -873.370592 -856.214277 -839.623333 -823.005293 -804.704444 -766.648308 -727.085040 -711.124459 -684.552891 -653.557675 -640.712106 -627.254505 -613.345408 -591.453786 -561.971379 -526.762333 -477.512979 -433.450126 -401.299915 -369.879719 -339.035358 -300.219688 -238.124410 -144.579283 -92.083834 -60.091766 -31.507841 -4.271761 13.404422 22.702018 32.356701 43.264121 58.270137 81.713568 109.463591 136.471795 158.886438 171.639015 180.663191 193.343672 212.237941 225.375856 232.110539
-9999.0 -9999.0 -9999.0 -1019.633324 -981.543701 -945.488304 -918.091936 -887.500779 -856.599316 -849.834334 -842.224006 -835.469688 -828.460975 -819.837445 -809.723557 -794.488258 -782.113514 -771.629637 -752.127453 -716.630294 -681.337017 -647.119714 -616.033685 -585.346096 -562.520286 -547.731166 -532.332509 -508.034257 -466.360322 -419.318371 -349.696112 -261.087601 -172.115330 -115.376857 -91.216665 -69.418150 -47.424072 -12.021693 19.251693 45.211115 71.239421 94.816040 116.346579 124.510066 130.869166 138.907429 154.296980 176.322766 202.215551 223.522697 252.060483 267.720483 283.464859 292.575854 308.384381 321.646556 331.012759
-9999.0 -9999.0 -1065.425422 -1029.137895 -993.477211 -941.367349 -889.442090 -856.853326 -816.565162 -791.227479 -784.315450 -765.452594 -748.623150 -740.303240 -723.446793 -706.667248 -695.851950 -694.622598 -684.688934 -648.575182 -594.912826 -545.452422 -508.739456 -446.922247 -407.596184 -381.652331 -365.528777 -330.882319 -275.941805 -170.742286 -96.911198 -51.356147 -12.213945 20.649389 34.767836 49.268152 70.141032 88.514196 115.182797 140.533081 165.616455 192.181429 221.288831 230.559045 230.677976 247.339230 263.493558 288.370312 309.502550 326.937851 341.943320 343.657594 345.633337 346.688448 348.297206 348.967562 349.381915
-9999.0 -9999.0 -1089.458679 -1046.096778 -1002.208983 -930.517242 -857.170647 -819.728321 -777.108703 -734.060994 -715.504814 -693.040673 -672.538869 -652.667477 -629.878521 -606.260683 -604.891280 -603.996679 -606.064934 -552.971026 -493.137715 -416.690309 -308.130533 -189.274155 -116.709011 -101.059377 -94.277583 -80.160990 -58.818570 -15.080432 33.980555 76.582022 115.010124 142.592840 157.087611 173.254439 198.619300 215.231261 229.242552 258.620168 272.827262 297.190736 320.765132 338.240360 344.061289 345.476244 343.580806 346.318611 347.828350 348.474893 348.276294 345.428035 344.702178 345.447741 346.471235 342.090865 335.811469
-9999.0 -1174.434503 -1122.859325 -1068.174957 -996.757580 -926.358921 -838.932845 -757.996764 -711.330239 -671.943702 -645.036795 -624.441006 -566.383140 -515.039552 -487.394483 -455.021565 -459.733255 -465.263080 -474.704419 -427.535071 -348.146896 -171.151416 -50.781199 7.336269 42.386541 48.902304 46.572717 58.880256 81.860894 119.566200 181.005935 216.674564 254.821313 283.830360 293.885736 297.917467 313.163393 329.234043 340.545380 345.784825 346.968307 349.460707 347.199068 347.873319 348.400528 348.471099 345.819376 340.131635 332.704093 326.649846 322.664727 318.969118 321.266563 323.728350 324.892918 318.894093 310.458748
-9999.0 -1207.638668 -1146.932823 -1073.743331 -1001.038771 -919.245408 -802.785129 -680.590180 -637.969801 -606.512682 -576.752222 -523.665051 -423.630187 -331.984635 -266.803326 -186.955684 -191.997726 -221.272825 -218.136249 -140.988694 -82.429290 -10.867881 100.832534 187.397303 197.161718 208.001256 216.364677 237.220072 263.620781 287.408891 308.048509 326.039578 332.404564 335.081527 336.396918 337.542466 339.104145 339.662526 336.557230 332.095186 327.196962 327.637755 331.970734 332.834433 329.812565 326.839238 321.840361 314.901630 307.937114 297.741457 293.900240 295.064278 293.557041 289.303341 285.446613 284.170170 272.060630
-9999.0 -1228.996777 -1160.852463 -1093.983001 -1015.776438 -885.588765 -765.829239 -641.437084 -556.658919 -521.376046 -462.779704 -335.729216 -150.995607 -73.015063 -32.484893 -3.910056 11.958291 5.811063 22.417677 71.272093 137.447362 201.622699 251.426383 306.641394 315.621329 317.543882 314.939166 317.180881 319.486658 320.385692 321.130797 319.853602 325.304579 327.322604 327.223525 324.507683 321.292609 314.104334 308.247414 298.939049 292.712531 292.703480 298.276984 304.064608 297.099287 291.110364 287.212694 285.465272 273.459927 262.472066 257.393331 254.340552 252.052765 246.545123 241.943392 237.342700 224.341539
-9999.0 -1309.753874 -1228.054238 -1162.546331 -1017.911960 -857.129939 -736.001835 -583.610995 -455.759509 -394.231072 -223.769548 -88.403532 1.777661 55.292983 97.984900 154.604345 205.008021 232.225591 258.881130 263.645313 295.503216 315.609747 320.874952 324.163646 318.748231 319.687192 312.310587 292.122760 281.728335 275.103273 276.065607 277.983070 288.316497 289.952820 292.660679 289.053282 293.503822 290.384018 284.616597 268.125795 257.635289 252.442059 253.256768 261.436099 254.095308 249.182142 243.400783 236.410989 226.013826 216.482223 208.374535 201.823204 198.958651 193.402636 192.448398 186.444165 162.422973
-9999.0 -1390.345998 -1310.431489 -1198.545151 -1040.088333 -877.575908 -724.802647 -554.852251 -360.785031 -172.424194 -61.634259 -8.437109 50.511281 111.845719 182.892459 249.821593 280.738714 287.363870 286.387833 278.413832 244.099789 234.942218 248.882815 270.057983 279.416843 282.371597 271.436571 249.469402 239.256258 237.355095 236.007468 234.811387 235.589848 233.606968 231.597975 232.200691 237.660653 232.968298 225.307271 216.091157 209.007926 202.083622 198.108698 196.611221 194.084628 193.135847 185.860341 175.801102 165.055154 156.626319 148.776520 143.000839 141.327742 137.673492 132.863070 124.349625 100.932932
-9999.0 -1471.573235 -1359.618207 -1252.003237 -1109.273675 -967.506510 -826.247031 -657.697972 -494.942230 -200.843014 -15.598472 24.387109 48.436269 88.320002 153.456282 224.782142 255.662197 229.470318 199.234458 164.588311 155.221005 159.799871 173.171501 193.382782 208.862536 216.520269 214.588080 202.289593 187.526135 179.614882 175.265099 167.626725 162.265095 161.804776 160.279879 165.059277 168.858331 161.150791 150.627249 137.837539 127.075787 119.544936 117.567489 118.721651 118.199732 115.135708 108.024448 98.059289 85.856353 75.089922 67.267636 62.157141 57.290847 50.782369 43.719220 36.141223 15.858466
-9999.0 -9999.0 -1426.236978 -1313.168413 -1193.389635 -1061.759920 -927.433327 -767.631392 -614.408287 -416.070243 -200.783909 -98.241261 -53.305420 -11.497025 45.888219 95.235924 110.745174 119.226884 91.910662 83.128786 81.536075 84.979740 95.847440 108.953622 121.371868 129.016306 133.091216 130.377856 121.252943 106.911022 90.238193 77.543322 70.053552 64.860489 71.036937 80.162429 79.291823 74.783491 66.655858 55.698997 46.870456 37.645806 35.806968 37.057187 37.005075 33.980340 28.120027 14.262311 -1.222334 -16.062712 -23.968162 -30.819578 -36.575340 -46.125185 -55.650389 -66.000351 -86.270996
-9999.0 -9999.0 -1506.948484 -1394.221825 -1269.639400 -1141.528430 -1029.181159 -908.559643 -748.031532 -627.592952 -527.245338 -429.225174 -334.957130 -220.865914 -136.528632 -89.029085 -68.976454 -61.134337 -59.285015 -50.109569 -33.514212 -11.790143 6.935899 20.832736 31.893433 40.376712 47.480034 39.142868 30.382053 15.463070 -7.085180 -31.697283 -44.070744 -49.458395 -46.520193 -40.663061 -44.693997 -52.248210 -62.781401 -74.674012 -83.624613 -92.226739 -94.664722 -95.918028 -96.603135 -99.831498 -106.297385 -125.074625 -155.235849 -182.731342 -205.156599 -222.889363 -233.712947 -252.129917 -273.509156 -290.393380 -324.304993
