tests/Borden05m/sims/sim_1/output-maps/psiliqL0011N0009.asc
ncols         160
nrows         34
xllcorner     620200.000000
yllcorner     5168000.000000
cellsize      0.500000
NODATA_value  -9999.0
[rows 0 to 24 of 34, columns 0 to 56 of 160]
-9999.0 -9999.0 -9999.0 -9999.0 -9999.0 -9999.0 -9999.0 -9999.0 -9999.0 -9999.0 -9999.0 -9999.0 -9999.0 -9999.0 -9999.0 -9999.0 -9999.0 -9999.0 -9999.0 -9999.0 -9999.0 -9999.0 -9999.0 -9999.0 -9999.0 -9999.0 -9999.0 -9999.0 -9999.0 -9999.0 -9999.0 -9999.0 -9999.0 -9999.0 -9999.0 -9999.0 -9999.0 -9999.0 -9999.0 -9999.0 -9999.0 -9999.0 -9999.0 -9999.0 -9999.0 -9999.0 -9999.0 -9999.0 -9999.0 -9999.0 -9999.0 -9999.0 -9999.0 -9999.0 -9999.0 -9999.0 -9999.0
-9999.0 -9999.0 -9999.0 -9999.0 -9999.0 -9999.0 -9999.0 -9999.0 -9999.0 -9999.0 -9999.0 -9999.0 -9999.0 -9999.0 -9999.0 -9999.0 -9999.0 -9999.0 -9999.0 -9999.0 -9999.0 -9999.0 -9999.0 -9999.0 -9999.0 -9999.0 -9999.0 -9999.0 -9999.0 -9999.0 -9999.0 -9999.0 -9999.0 -9999.0 -9999.0 -9999.0 -9999.0 -9999.0 -9999.0 -9999.0 -9999.0 -9999.0 -9999.0 -9999.0 -9999.0 -9999.0 -9999.0 -9999.0 -9999.0 -9999.0 -9999.0 -9999.0 -9999.0 -9999.0 -9999.0 -9999.0 -9999.0
-9999.0 -9999.0 -9999.0 -9999.0 -9999.0 -9999.0 -9999.0 -9999.0 -9999.0 -9999.0 -9999.0 -9999.0 -9999.0 -9999.0 -9999.0 -9999.0 -9999.0 -9999.0 -9999.0 -9999.0 -9999.0 -9999.0 -9999.0 -9999.0 -9999.0 -9999.0 -9999.0 -9999.0 -9999.0 -9999.0 -9999.0 -9999.0 -9999.0 -9999.0 -9999.0 -9999.0 -9999.0 -9999.0 -9999.0 -9999.0 -9999.0 -9999.0 -9999.0 -9999.0 -9999.0 -9999.0 -9999.0 291.224371 273.837851 257.727099 255.797225 278.592745 302.120361 326.010461 346.693848 365.457971 384.524391
-9999.0 -9999.0 -9999.0 -9999.0 -9999.0 -9999.0 -9999.0 -9999.0 -9999.0 -9999.0 -9999.0 -9999.0 -9999.0 -9999.0 -9999.0 -9999.0 -9999.0 -9999.0 -9999.0 -9999.0 -9999.0 -9999.0 -9999.0 -9999.0 -9999.0 -9999.0 -9999.0 -9999.0 -9999.0 -9999.0 -9999.0 -9999.0 -9999.0 -9999.0 -9999.0 -9999.0 -9999.0 -9999.0 -9999.0 -9999.0 338.857689 344.780348 346.221244 335.623072 324.400739 312.382257 292.419304 274.542468 259.361006 256.732439 259.472602 265.020586 288.010652 312.668854 332.422137 349.784698 369.122854
-9999.0 -9999.0 -9999.0 -9999.0 -9999.0 -9999.0 -9999.0 -9999.0 -9999.0 -9999.0 -9999.0 -9999.0 -9999.0 -9999.0 -9999.0 -9999.0 -9999.0 -9999.0 -9999.0 -9999.0 -9999.0 -9999.0 -9999.0 -9999.0 -9999.0 -9999.0 -9999.0 -9999.0 -9999.0 -9999.0 -9999.0 -9999.0 -9999.0 -9999.0 246.069150 263.667552 281.889961 300.380722 317.166557 323.966380 329.893579 335.741692 331.755203 327.093648 315.818640 296.998098 277.412730 263.390255 261.062852 258.624802 263.121894 276.310378 293.258822 309.800212 330.961085 354.508569 363.940579
-9999.0 -9999.0 -9999.0 -9999.0 -9999.0 -9999.0 -9999.0 -9999.0 -9999.0 -9999.0 -9999.0 -9999.0 -9999.0 -9999.0 -9999.0 -9999.0 -9999.0 -9999.0 -9999.0 -9999.0 -9999.0 -9999.0 -9999.0 -9999.0 -9999.0 -9999.0 -9999.0 -9999.0 250.026595 244.149458 239.099281 237.672417 236.456056 235.395266 242.399111 254.743974 273.085442 294.836558 307.872560 315.204571 321.917256 322.814385 318.012845 316.025524 316.369092 304.705072 293.136663 282.320770 271.942161 270.735688 280.506987 294.723136 311.093055 326.190347 341.860475 354.034920 370.781512
-9999.0 -9999.0 -9999.0 -9999.0 -9999.0 -9999.0 -9999.0 -9999.0 -9999.0 -9999.0 -9999.0 -9999.0 -9999.0 -9999.0 -9999.0 -9999.0 -9999.0 -9999.0 -9999.0 -9999.0 -9999.0 -9999.0 -9999.0 220.234014 226.206042 232.767983 240.230507 241.187496 237.049368 231.460217 228.420208 226.974115 225.446375 230.008225 238.414369 252.252018 268.348540 290.314153 299.142806 305.735490 318.277425 320.940469 326.334366 330.513684 328.892673 326.292320 314.259229 305.423148 311.058441 317.345895 324.216390 332.245510 345.791493 361.708953 379.744423 400.707961 422.818056
-9999.0 -9999.0 -9999.0 -9999.0 -9999.0 -9999.0 -9999.0 -9999.0 -9999.0 -9999.0 -9999.0 -9999.0 -9999.0 -9999.0 -9999.0 -9999.0 -9999.0 -9999.0 -9999.0 195.173610 196.054212 197.164906 201.825435 202.771281 205.022071 212.092186 220.316913 222.613324 221.059235 219.606412 221.261217 224.092578 228.530496 240.148865 254.236891 268.698939 283.055980 304.273088 319.384846 333.506688 349.899686 349.149858 345.168059 343.411988 344.144043 344.891525 350.398371 354.084370 360.535069 366.336072 373.529275 383.149305 394.858198 413.941833 434.916116 456.053377 475.888866
-9999.0 -9999.0 -9999.0 -9999.0 -9999.0 -9999.0 -9999.0 -9999.0 -9999.0 -9999.0 -9999.0 -9999.0 -9999.0 -9999.0 -9999.0 -9999.0 166.644841 168.500778 170.657432 176.034510 178.718317 182.721490 189.662194 190.859523 194.760450 201.975867 207.046682 215.825873 223.906604 231.417759 237.581519 240.523299 248.433192 258.443961 270.749815 286.696981 308.923398 332.317532 349.135406 366.414382 383.862652 384.835594 384.186241 385.776311 386.975363 394.831813 413.463359 420.405808 423.792521 442.472461 457.584034 463.834724 472.413231 492.300111 517.685734 544.461481 576.982431
-9999.0 -9999.0 -9999.0 -9999.0 -9999.0 -9999.0 -9999.0 -9999.0 -9999.0 -9999.0 -9999.0 -9999.0 -9999.0 121.347194 125.521179 134.881832 143.533711 145.905895 150.001956 155.885959 168.115965 171.754857 178.075632 185.796006 197.525940 206.237852 215.640360 227.681492 236.413801 243.966425 251.440562 258.076740 272.118104 288.035560 304.547192 325.507414 348.049693 369.724421 391.438234 407.808160 422.781429 426.599790 426.094960 428.967887 437.912637 456.876095 477.406959 490.159596 512.185184 537.379459 553.001921 567.053633 577.789077 592.933925 616.521283 654.706362 693.948524
-9999.0 -9999.0 -9999.0 -9999.0 -9999.0 -9999.0 -9999.0 -9999.0 -9999.0 -9999.0 86.973865 89.479509 86.081988 86.486279 91.347125 103.348722 116.782806 123.612812 135.038462 155.806819 173.310894 176.970314 191.860931 202.125689 209.021735 219.945571 233.447359 246.816165 264.451324 277.672498 290.598455 311.601655 328.938132 346.304617 364.986493 386.040081 407.806289 438.690271 467.582550 483.035781 508.308146 522.992757 521.749974 523.415629 533.396282 552.386156 577.837685 606.536487 632.389227 661.273505 682.667022 699.322456 712.644118 728.350643 747.795609 784.649265 826.675522
-9999.0 -9999.0 -9999.0 -9999.0 -9999.0 -9999.0 -9999.0 -9999.0 62.709239 69.762708 76.038432 73.070025 68.493172 65.064893 78.441924 94.350475 110.433407 127.789309 143.899686 162.065649 177.805765 194.572606 214.435229 226.627151 238.876404 254.637202 268.944736 287.289245 309.489764 324.415469 343.674058 366.644294 387.184116 406.709491 426.878901 447.017489 476.985559 513.666606 548.914877 576.088502 607.449265 634.987683 637.960237 643.323132 650.173745 678.772791 712.343936 747.794509 778.783608 809.300196 840.036442 858.515526 870.620657 885.248647 902.936134 922.278564 949.665777
-9999.0 -9999.0 -9999.0 -9999.0 -9999.0 -9999.0 36.372186 60.573975 75.485665 67.731839 58.988718 55.650920 52.080463 73.120674 94.840576 112.003191 128.953861 146.614105 163.293862 177.723721 212.786192 230.320473 245.741422 265.586527 280.655754 295.796196 314.170355 338.838059 362.837599 395.948173 426.107875 454.032852 483.005843 505.452576 526.898739 548.866717 584.215342 625.958186 666.897343 700.726974 732.834492 767.420928 779.654644 788.251572 797.869102 818.939513 851.286188 883.777144 919.747762 952.758990 978.853824 990.946910 1001.951819 1014.385142 1029.087460 1042.623294 1056.989605
-9999.0 -9999.0 -9999.0 -9999.0 2.882381 23.847509 44.295909 75.188891 97.910669 92.844927 100.103072 100.737215 99.511461 102.820498 109.363268 127.627465 146.003266 164.630522 183.507678 220.818910 264.367812 281.689730 308.760420 342.239855 357.529047 373.957915 391.222908 416.041353 446.612389 483.929664 532.901010 575.476078 605.951760 633.109992 657.746372 684.139056 721.772071 764.208692 804.846111 842.120825 874.983901 902.948535 918.950929 928.627889 941.233155 957.380940 978.436623 1005.951626 1036.690867 1068.224523 1093.012920 1107.271472 1115.777036 1127.009036 1138.693442 1151.499962 1163.601842
-9999.0 -9999.0 -9999.0 -45.023975 -6.430704 30.873714 58.357284 89.517694 121.576061 127.619638 136.583610 142.922324 149.373139 158.706477 168.712832 185.849927 201.276453 215.863557 238.089932 275.970142 313.253852 347.519066 382.114457 413.567341 438.033721 456.087897 475.849623 502.581678 545.744390 588.853235 644.139187 702.314338 744.983343 774.407097 798.833098 827.625955 854.413160 891.905095 928.236325 962.063302 994.439577 1020.447591 1041.023314 1049.792894 1059.205343 1068.336805 1085.294918 1106.814792 1128.409662 1156.035862 1183.279705 1206.010657 1219.400967 1229.188729 1244.941461 1260.280844 1272.085646
-9999.0 -9999.0 -91.796499 -54.474907 -19.501276 31.837888 84.792250 118.968378 160.270224 185.551990 193.362189 212.325559 229.969085 238.998558 256.436147 274.714890 290.688428 296.441054 312.135619 347.473174 402.071088 453.058742 484.612201 542.703094 579.886742 608.039171 626.191810 654.676280 692.347737 740.249532 793.184728 845.265008 886.874284 920.511304 938.173595 957.822053 981.387027 1004.843396 1037.610682 1066.730229 1097.027443 1123.182782 1145.690277 1154.233981 1159.626587 1174.887878 1197.608714 1221.664179 1244.455319 1265.934865 1274.526778 1282.650370 1286.874244 1289.768818 1293.529308 1296.181970 1297.584178
-9999.0 -9999.0 -117.448109 -73.009345 -30.905054 38.208355 115.840792 153.943137 197.798227 243.832312 264.200842 289.923819 307.934472 324.377859 349.826657 374.761358 384.202450 390.313956 391.853218 449.467301 512.044054 574.741520 639.066920 708.486150 756.128200 773.000747 785.392732 806.680935 833.570568 879.248434 929.618025 981.454260 1025.222117 1056.211881 1072.753199 1090.371283 1110.532041 1128.337297 1146.366291 1182.382388 1206.653153 1230.712940 1256.029038 1275.752216 1283.923852 1286.900832 1280.815508 1287.773765 1292.711294 1295.214118 1296.329060 1293.642553 1293.480155 1294.605585 1296.003783 1291.408579 1285.074414
-9999.0 -204.998084 -152.888827 -98.786309 -28.423570 40.767789 126.661426 208.252635 262.503874 308.754157 340.079086 359.813123 409.547756 458.929543 488.434789 519.403340 521.974941 525.348854 519.034709 568.014288 625.538903 712.830371 828.626871 888.008621 929.788090 935.601745 933.596325 948.174030 973.705257 1015.612186 1077.897737 1121.120998 1168.826068 1205.046779 1219.002515 1225.432717 1242.263863 1261.112004 1259.420913 1275.275023 1282.857941 1289.567042 1290.846184 1293.077153 1294.686543 1295.620899 1293.245752 1287.715543 1280.563295 1275.399892 1271.703836 1267.472752 1270.039768 1273.317619 1274.291322 1267.475283 1259.406407
-9999.0 -239.600987 -179.407347 -106.857216 -34.614051 40.012533 150.288733 286.192679 337.903314 376.784824 408.029676 449.192483 537.427907 608.745408 649.191535 695.990164 695.102486 686.381618 681.623426 719.196494 774.126247 850.488654 983.479394 1066.832537 1089.024749 1102.281793 1111.761552 1137.203923 1170.478678 1202.082551 1230.054541 1238.528681 1257.297976 1267.106519 1271.161730 1273.814423 1277.690630 1279.161363 1277.818178 1275.182706 1271.635471 1272.950177 1277.906555 1278.749974 1276.837141 1274.498386 1269.502082 1262.216847 1256.494589 1251.515288 1248.501461 1245.396037 1243.759816 1243.728855 1239.436906 1233.600715 1223.980347
-9999.0 -265.842958 -195.716435 -130.381725 -59.062591 63.213938 188.189333 321.594205 415.260160 458.351583 502.626430 589.654491 695.824886 791.237073 844.763814 874.123059 884.310931 873.285740 884.696421 930.041505 992.722034 1073.969677 1149.199801 1217.645039 1231.311894 1236.481373 1225.585561 1235.794969 1245.220962 1248.373543 1250.933202 1254.052368 1260.565155 1264.671984 1265.147270 1264.008884 1261.036021 1254.590243 1250.496333 1247.790139 1244.923263 1245.356437 1248.920602 1250.590172 1248.467932 1244.819978 1240.359389 1234.486359 1227.796247 1220.515289 1216.132133 1211.883929 1209.431164 1204.498050 1199.713132 1193.428261 1179.350938
-9999.0 -357.650283 -271.833646 -211.878072 -83.416054 86.250410 212.667832 367.471773 511.137922 564.061421 658.083679 778.251577 882.589315 955.526872 1001.386281 1048.147706 1080.925244 1107.702721 1141.344516 1123.422564 1170.310900 1212.767980 1230.931997 1241.248178 1242.231700 1245.480895 1239.813472 1222.547941 1213.711727 1208.447829 1211.374513 1219.619493 1226.356887 1232.946137 1232.093764 1233.512466 1234.292971 1231.580561 1228.411059 1220.587608 1213.404815 1208.484730 1207.724114 1213.526092 1208.756874 1205.351183 1199.351204 1191.222398 1182.124558 1173.781235 1165.686932 1158.618406 1155.406998 1149.492251 1147.595119 1139.368466 1111.996727
-9999.0 -438.774797 -360.275123 -260.581174 -112.707265 52.232805 194.475484 367.355083 570.454970 690.819984 811.233028 882.807132 958.828820 1026.272058 1093.426499 1140.532251 1167.282838 1178.346821 1174.695848 1180.910952 1152.200599 1146.741202 1164.323132 1190.351037 1203.607714 1208.896083 1201.547019 1191.354870 1184.984334 1184.610879 1184.131594 1183.781252 1183.242416 1182.013761 1179.579771 1181.836537 1186.782616 1181.674410 1174.205991 1166.846164 1160.267697 1152.874543 1148.130146 1145.465236 1144.027872 1143.510895 1135.885621 1125.208834 1114.139469 1105.295010 1096.916187 1090.585196 1087.690555 1082.488151 1074.857916 1062.772053 1034.870261
-9999.0 -530.002273 -412.541575 -311.997925 -180.154157 -39.677662 95.744928 266.375281 427.611787 649.683794 821.771755 906.426372 947.870516 1004.185976 1068.622500 1135.187662 1145.461065 1119.819528 1091.744657 1077.098868 1080.198936 1089.698064 1104.200894 1125.217564 1142.994932 1152.972407 1154.708226 1147.105752 1133.937880 1125.449220 1119.704622 1110.765490 1104.279703 1103.496207 1103.578828 1110.141448 1113.133629 1104.775568 1092.972899 1078.399935 1065.713568 1056.306649 1053.805108 1055.087991 1054.850983 1051.233458 1043.827102 1032.815861 1019.518156 1007.070452 998.404509 992.032011 984.834217 974.978743 963.984104 951.367456 924.886590
-9999.0 -9999.0 -484.330498 -371.913171 -257.738958 -129.769500 -4.018622 150.397726 308.649050 501.127745 628.235375 748.408695 817.017165 866.198051 922.853652 978.524540 997.126747 1013.711573 994.881441 996.913348 1002.406724 1008.969633 1020.397746 1033.917524 1048.081873 1058.202469 1065.247727 1063.369213 1054.238229 1037.769600 1018.292332 1003.118970 994.057661 987.341697 995.500175 1006.256427 1004.137848 998.067884 987.146532 972.651409 960.595346 947.997880 944.719035 945.309371 945.143567 941.733401 936.057078 922.108991 907.564217 893.577371 886.127421 878.615182 871.792164 860.026699 847.576595 833.474625 808.914232
-9999.0 -9999.0 -567.279104 -456.528609 -336.824584 -210.278297 -103.160389 -5.756064 154.524609 278.933601 387.034369 485.654717 567.396365 633.374311 683.917014 745.583236 782.467788 797.815125 811.978659 834.950261 859.108840 885.198230 904.014076 918.688162 933.352784 946.262188 955.125827 944.537109 933.635426 916.593424 894.527827 870.533104 857.413930 852.083309 854.533162 860.166559 854.942837 845.520460 831.758773 816.372899 803.834563 792.477213 788.544221 785.739512 784.383913 780.913022 776.380967 765.496988 751.354720 740.555036 730.108548 721.860877 716.850986 708.037887 696.865226 688.310517 668.524315
