tests/Borden05m/sims/sim_1/output-maps/psiliqL0010N0014.asc
ncols         160
nrows         34
xllcorner     620200.000000
yllcorner     5168000.000000
cellsize      0.500000
NODATA_value  -9999.0
[rows 0 to 25 of 34, columns 57 to 113 of 160]
-9999.0 -9999.0 -9999.0 -9999.0 -9999.0 -9999.0 -9999.0 -9999.0 -9999.0 -9999.0 -9999.0 -9999.0 -9999.0 -9999.0 -9999.0 -9999.0 -9999.0 -9999.0 -9999.0 -9999.0 -9999.0 -9999.0 -9999.0 -9999.0 -9999.0 -9999.0 -9999.0 -9999.0 -9999.0 -9999.0 -9999.0 -9999.0 -9999.0 -9999.0 -9999.0 -9999.0 -9999.0 -9999.0 -9999.0 -9999.0 -9999.0 -9999.0 -9999.0 -9999.0 -9999.0 -9999.0 -9999.0 -9999.0 -9999.0 -9999.0 -9999.0 -9999.0 -9999.0 -9999.0 -9999.0 -9999.0 -9999.0
-9999.0 -9999.0 216.555211 211.024498 205.687396 200.691806 191.654614 182.432136 173.901196 169.988450 169.161197 168.419656 168.128640 173.521393 181.585130 189.312031 196.616661 199.098384 201.623319 204.003378 204.589393 203.367099 200.155354 196.883952 193.488248 192.014935 183.751712 172.296202 163.365990 160.604573 165.105330 169.634350 172.171289 178.222513 189.108837 200.052000 208.681968 220.515588 226.126595 231.227590 234.276629 230.100315 226.410198 222.534309 217.554467 206.438431 -9999.0 -9999.0 -9999.0 -9999.0 -9999.0 -9999.0 -9999.0 -9999.0 -9999.0 -9999.0 -9999.0
199.366129 202.716097 191.736171 186.891678 183.583574 181.441372 176.402313 167.676877 162.372133 157.006520 155.370515 155.492739 155.660995 159.941438 170.021732 178.098580 182.975766 185.528083 188.146781 188.217118 187.802596 187.500790 184.649207 181.253015 177.871610 176.093107 176.272790 168.673446 163.308159 160.012523 158.672581 161.156177 163.490591 166.628773 176.252152 184.557235 192.872773 207.092973 219.429010 224.606364 222.079027 216.902892 212.975350 206.282488 196.216421 185.639763 175.323070 168.010393 162.392343 156.841812 162.756857 169.088839 179.126960 189.078749 201.058235 213.193821 -9999.0
183.854627 186.797126 176.009901 167.633223 163.049021 163.180073 165.524497 161.946952 157.391108 153.129750 161.354154 162.782871 164.094585 167.452570 170.847539 173.504015 176.362049 181.804270 190.902746 193.692898 194.326022 194.548120 192.789703 189.718390 187.952391 185.215812 180.062486 179.160641 179.629424 179.649819 184.842819 186.334619 187.762079 180.791619 184.157774 190.404166 197.303583 204.188705 211.105213 215.481008 212.168447 210.785924 202.120916 187.956335 176.238560 167.269595 164.659613 161.232413 153.252286 140.674791 147.409474 162.744107 167.223353 170.671733 182.429192 194.665101 204.920155
169.932130 173.081304 168.115081 169.226436 170.753843 172.306453 170.812548 167.994898 166.682085 179.820225 189.661040 191.714832 194.872143 198.496493 197.525251 185.343837 182.838037 191.441328 202.086207 208.189924 208.575802 208.702892 207.123918 206.166314 205.717599 203.428005 204.534096 207.273082 207.947308 213.080193 218.838684 221.628045 213.165089 203.780520 204.213603 211.784788 219.743870 227.118904 238.029283 249.550837 248.077126 241.863885 232.258995 217.872901 193.693828 173.284094 162.138082 154.943846 147.536107 146.625015 143.783702 154.262717 155.727200 157.240845 165.518707 175.673435 185.689684
185.679729 194.173782 188.336485 182.942994 179.793010 180.581233 181.100140 184.876949 198.472342 213.059210 228.733683 232.061475 235.083898 235.014800 225.559962 215.226078 211.122829 226.325382 242.622805 251.332993 252.617414 253.133098 261.146564 259.427599 257.070372 251.810399 254.356028 257.147339 268.544027 276.469771 283.505219 281.595570 269.506748 258.008696 255.820511 257.701078 259.966230 265.904605 276.372030 286.369205 280.976033 272.677064 261.089537 230.761295 201.672503 183.545126 183.193771 182.813040 177.457341 173.659852 169.488095 161.497388 160.539440 159.436649 158.539531 170.215955 182.226354
236.071114 252.892622 247.439566 239.234496 228.629183 229.380837 233.277197 242.312478 256.641813 276.238332 301.891306 306.596800 311.191780 315.304557 304.525059 292.201569 280.555047 297.351074 307.839959 317.587961 321.217867 332.995496 343.673205 338.956882 330.404790 320.667589 327.563287 341.509385 357.432481 364.559115 368.410595 368.125643 357.441821 351.344810 348.350425 348.747257 344.941693 348.310362 359.256752 374.545597 373.711287 361.859306 336.790149 297.893147 260.491924 236.705962 239.757274 231.870009 224.348051 219.033431 203.714273 191.295890 190.127695 179.733331 172.787380 183.656659 189.236086
288.724813 308.337493 305.137984 294.536362 282.172473 282.615292 291.479616 302.352084 323.075779 349.175693 376.310517 389.030690 396.058907 406.274161 399.978327 390.595935 381.752820 390.211670 403.470347 416.680167 428.676542 442.476584 454.956571 447.238959 436.397655 432.679657 437.981841 457.173953 474.159169 480.157475 482.497984 486.287210 478.609573 470.721053 462.137180 454.532398 447.193130 442.343197 458.940183 474.226134 471.374874 445.713425 418.631969 380.225728 339.519148 302.897073 297.034972 293.177765 289.804707 272.368551 254.691070 234.726321 222.469125 211.951740 195.999397 199.936748 204.655667
394.816222 417.509007 422.014927 407.388206 401.906369 407.661647 420.739603 428.688610 444.988668 473.534681 509.426956 535.151379 557.410384 562.469218 554.003238 544.822369 531.203155 527.298982 542.821108 555.447615 567.226724 578.840586 591.159714 597.768349 596.164876 596.044486 599.171589 605.007302 612.942974 619.865931 625.889244 632.015689 630.565415 620.776094 612.843850 602.971301 594.648838 591.571884 591.836320 600.179770 597.800233 573.477286 544.879091 511.330155 471.736280 436.887151 414.158594 414.760282 399.360647 378.269384 353.949001 314.622261 293.585084 274.662159 242.822261 236.729933 245.200775
517.327148 534.871714 550.577933 548.915806 551.901111 556.288878 563.710759 569.706120 578.663056 611.929863 647.954601 679.152029 704.406664 713.894762 704.563883 694.963079 683.447422 673.974259 676.425733 690.021340 706.242141 721.728971 732.549759 736.307115 735.121002 735.432520 737.203686 740.314558 743.072671 748.451944 755.319967 765.258293 776.564249 771.736638 755.185126 742.179840 727.404131 721.169847 718.514488 714.865317 713.841435 707.815697 678.649411 650.156908 617.131455 584.964297 560.990405 542.430445 520.644476 495.997971 448.411392 404.565453 366.485084 335.196565 303.688369 297.573365 320.356061
643.396114 669.372559 685.487157 690.329745 693.528323 697.298486 704.177121 710.372989 718.804724 740.357124 776.683155 813.572930 843.659225 849.326939 841.482494 831.439865 820.617995 810.912101 807.664808 814.215515 823.993946 838.426940 849.635372 859.716687 859.622568 859.987832 860.152226 862.050083 863.799136 865.111295 871.172758 881.665828 891.693611 892.946889 881.196563 864.617424 847.141582 838.369116 830.499435 823.565212 822.374177 822.125494 816.352345 792.570528 757.609658 714.598699 685.599622 662.329394 647.397156 630.050316 606.506143 558.261212 528.891416 493.196938 455.626886 429.663496 463.406623
757.825244 788.041888 807.749515 817.443475 819.771210 823.836390 832.048449 839.432385 850.637412 867.095659 889.018691 916.966586 944.077773 962.396011 959.988871 948.785608 932.509602 928.352252 927.220001 928.881168 934.465080 940.594285 954.523184 968.801754 974.041845 974.557102 972.415915 974.209150 975.295671 975.034950 975.493935 978.842921 984.947796 986.891749 982.920754 968.314663 949.438583 933.885590 923.341102 917.415059 913.929683 913.733160 911.973255 900.559070 873.165269 836.531427 802.066830 777.825659 759.972153 745.291182 733.513238 716.832887 699.011326 669.233530 626.848835 590.061846 583.591587
858.503819 884.278473 908.690557 926.249471 932.560040 940.591491 946.393597 956.922229 972.318785 989.730605 1002.749161 1018.765932 1039.310751 1051.288439 1057.166322 1057.856288 1056.985342 1058.613399 1058.345730 1041.505382 1043.323687 1044.944291 1049.234427 1054.980638 1056.727696 1056.848057 1056.329414 1057.203625 1057.450882 1057.474923 1057.033239 1056.168887 1057.333111 1057.508215 1056.616075 1051.391248 1050.391582 1033.960284 1021.702028 1013.816204 1005.937468 997.242033 987.635120 977.855272 962.086279 935.311249 901.843057 872.606293 858.826138 850.678510 843.349223 837.008583 821.507366 799.874616 770.354458 733.115396 697.546466
956.218585 975.362749 1000.430380 1018.627131 1029.642562 1038.923661 1044.270499 1055.977511 1068.095498 1065.752323 1068.418757 1071.243487 1074.050439 1075.131458 1075.404067 1075.087318 1072.554136 1071.809441 1069.712763 1064.125262 1054.355796 1055.208141 1056.112656 1058.142162 1061.278666 1059.970969 1061.074175 1064.140535 1062.687310 1057.302679 1053.762484 1052.002934 1052.051196 1058.606272 1061.168622 1061.673271 1061.125800 1060.442246 1059.896080 1058.800260 1057.638135 1056.180432 1054.241606 1054.470668 1044.728552 1022.440466 991.289837 957.772892 941.072091 934.100212 933.491680 929.247285 921.847833 902.144352 874.833468 839.638490 802.319320
1059.895263 1062.091614 1068.454266 1072.188601 1074.364850 1077.055748 1079.547267 1080.166697 1076.851318 1073.169567 1068.340582 1066.806624 1065.207763 1062.602403 1062.917592 1060.555096 1056.185603 1052.095612 1045.066386 1033.323698 1020.903625 1017.792390 1021.746529 1025.944892 1029.485288 1032.532226 1036.188688 1038.007176 1033.393438 1025.689929 1018.732988 1016.568668 1022.478411 1027.381457 1031.566646 1032.060713 1030.729154 1029.456703 1030.294433 1028.677747 1030.018727 1037.229226 1050.902961 1058.067883 1059.928474 1059.562113 1054.667846 1045.640876 1032.552412 1012.721703 1014.801639 1009.466809 997.014206 974.977271 950.727055 921.521495 892.859756
1070.514492 1068.419549 1062.523040 1056.910865 1056.297958 1060.090513 1066.617630 1067.704772 1060.620993 1052.128794 1044.538136 1036.855444 1033.742353 1031.573831 1030.177822 1029.493307 1023.536209 1015.271774 999.207297 985.743745 972.984771 965.901283 963.735265 968.445869 977.320987 986.254161 991.334332 986.125196 978.767872 968.280342 960.147342 960.101457 962.309850 970.527940 982.884173 986.461666 987.263947 983.276869 980.192123 975.622599 975.272458 983.881519 1000.476039 1016.368957 1030.157383 1038.728846 1046.564590 1052.965510 1057.745551 1058.266961 1058.448963 1057.513173 1054.518341 1039.308314 1018.894410 995.689437 971.153649
1049.025470 1043.216535 1035.872808 1029.605526 1027.518419 1029.619970 1032.239518 1028.665271 1021.585057 1010.837864 998.812547 987.271815 979.821907 979.249423 980.255276 980.034486 973.097994 958.271613 940.203792 925.462282 910.502601 905.648151 900.517887 896.813708 907.070248 923.263797 929.474094 917.388085 907.884142 894.033436 886.489180 883.511247 884.916517 893.869848 912.262732 929.904892 931.125470 922.585616 914.504692 910.975121 910.080108 918.629651 938.560112 959.320336 974.843698 985.645343 993.164881 1002.427464 1012.467556 1024.489582 1037.567674 1048.678726 1058.173750 1060.844915 1059.463425 1055.299024 1040.812461
1017.733270 1008.522293 1000.153456 993.036570 988.046456 985.174531 982.182932 975.748588 968.358954 954.953961 941.958176 928.864055 914.302590 909.891891 906.412911 907.282738 895.566220 884.171106 864.637818 848.487445 832.337792 822.118485 815.960278 810.101358 815.265578 830.829063 840.008787 826.433166 816.295509 803.284764 796.912133 793.601221 795.117608 804.850508 826.836234 845.188431 851.936965 844.622438 839.710440 838.111413 838.461333 845.413844 861.804175 882.918642 904.374378 920.957946 931.731379 940.883544 952.076586 967.292384 982.274689 997.501099 1015.127249 1034.790304 1049.359993 1058.577482 1063.111976
975.521619 964.751759 953.225531 941.846014 935.016586 935.156050 927.886931 920.963560 906.948918 862.728770 844.983053 826.628067 810.827933 804.485222 796.499053 789.285975 779.370852 771.793318 762.785934 746.728593 729.146468 713.106849 707.582654 703.042404 695.482462 701.702132 705.288406 707.268973 700.038573 693.714561 690.986325 688.485146 691.826283 705.167655 717.362388 728.191184 734.480245 732.610486 739.588072 746.468947 750.489191 767.028158 781.834067 800.572881 822.864823 846.798662 860.661485 871.254161 883.254109 899.842926 917.728303 936.461396 959.945286 985.186722 1002.258059 1014.228948 1026.743245
924.754462 910.116101 896.769875 883.547611 870.304460 870.142728 865.767183 857.300109 818.756129 776.542499 744.445486 725.704275 703.442368 691.701675 680.523933 655.431542 640.949236 633.536250 636.475992 625.518089 607.825067 592.879548 584.404294 577.665226 565.238901 557.849378 562.292834 573.540535 568.566626 566.387772 569.998380 568.160123 565.319629 572.044461 586.709634 595.468881 605.559221 616.813579 622.392769 631.894357 658.262597 673.555172 689.954532 711.311898 734.317613 758.044057 778.840967 792.938025 808.356682 828.077703 845.958443 867.897638 892.576974 922.010835 942.624811 958.180483 971.087618
852.024896 835.410744 818.087158 798.064175 776.965470 773.666205 765.724248 747.733291 702.844945 661.990366 630.813989 607.643262 582.277058 563.073553 536.256862 504.021343 483.002208 486.158909 492.384231 490.830968 475.354338 460.994905 449.536152 435.349716 419.381352 408.185199 416.453793 425.305312 432.239914 435.411190 439.207094 441.300366 440.311096 437.172769 444.656371 454.491493 466.067243 477.800079 491.982165 522.691623 549.632108 569.072799 591.882837 614.390132 639.383645 665.254979 688.206976 705.648513 725.447121 745.955798 767.938421 790.106466 816.317449 846.647463 871.718386 888.260061 903.784814
770.499311 748.057747 722.232460 684.497784 668.720199 658.858813 646.170621 610.692474 567.456210 529.708594 502.626037 475.482151 448.866135 420.023202 387.230255 358.476465 337.485992 343.288667 349.655547 359.248995 346.184422 333.527507 326.035844 310.606887 296.044644 281.671640 289.484508 299.270793 315.638492 319.603555 323.005718 329.593323 328.509471 326.559372 319.447949 328.993517 340.154912 354.769088 383.345644 410.726423 437.830336 462.143587 486.034635 512.259508 540.083733 567.880567 596.180614 618.187016 639.584539 663.085387 685.219620 705.670741 728.769917 756.570319 780.910525 801.636676 823.595185
670.236052 645.540146 609.416864 564.827562 530.375414 514.160471 476.443872 440.378925 400.692686 378.550054 356.993809 331.423804 307.518696 284.301616 256.412727 232.215497 207.839828 211.199565 223.133293 236.511219 229.467661 224.845043 221.054825 209.204818 195.255934 181.595719 185.242883 200.219661 216.977862 224.066301 230.551801 238.073316 238.250147 231.881167 223.896379 229.996349 244.309171 261.137121 283.721468 307.945097 332.061872 355.016384 380.610023 407.772092 435.860048 466.178076 497.530859 521.978477 549.741793 577.859341 600.674913 615.916607 633.154051 659.859981 680.591886 704.281626 728.428480
561.182018 532.907212 489.930385 444.112223 398.160885 358.056669 322.800512 289.174406 268.131277 247.061186 227.101778 207.207457 185.143678 164.493501 144.412314 121.833036 102.740829 107.727240 120.786157 132.455413 134.557286 131.305672 128.002962 120.074966 106.330931 95.416265 103.665332 119.095234 134.183665 144.182822 150.890680 157.118314 154.478260 146.437867 140.240858 148.403697 164.128905 179.600943 197.923288 220.367178 243.052646 266.210312 290.745279 315.775815 343.641221 372.843534 402.899873 432.826474 461.152596 488.209685 504.064269 519.669202 531.986173 552.346900 574.193085 597.989313 624.324907
428.781660 398.021528 361.317805 318.982875 285.006895 250.828462 218.244884 186.405867 160.076783 141.494502 130.481371 114.864767 94.896005 80.716255 63.330244 44.532768 43.360393 46.576379 58.336944 60.140906 60.709510 57.615332 56.388663 51.664405 40.296653 46.485412 54.182226 69.074394 80.035985 89.446364 95.770159 99.983545 99.660843 92.904668 96.038043 103.416135 118.278019 130.502490 146.226469 167.700943 185.971404 206.470718 229.704812 253.955925 279.766485 307.421442 337.442328 365.263976 388.762602 402.449136 417.125393 427.248343 426.183408 444.704242 464.302553 484.335772 512.181441
300.320062 272.576960 244.668543 211.345069 177.790628 146.689214 115.638654 85.342667 60.218976 50.202360 38.663232 26.501659 12.701141 -1.495126 -14.021389 -14.349524 -16.921845 -17.635707 -16.116259 -13.235157 -10.747019 -11.805085 -12.997452 -12.348792 -6.409628 -2.200533 3.343788 13.822724 24.982445 35.365313 39.451246 43.723550 46.782704 50.243970 52.944973 57.487019 69.081344 81.162876 94.790775 112.137154 130.114068 149.635991 172.645821 196.228881 221.614156 249.627691 278.251529 301.051050 313.432448 326.147387 332.847422 331.286337 330.200908 341.410478 357.800017 373.616306 399.363560
