tests/Borden05m/sims/sim_1/output-maps/psiliqL0003N0008.asc
ncols         160
nrows         34
xllcorner     620200.000000
yllcorner     5168000.000000
cellsize      0.500000
NODATA_value  -9999.0
[rows 0 to 24 of 34, columns 57 to 113 of 160]
-9999.0 -9999.0 -9999.0 -9999.0 -9999.0 -9999.0 -9999.0 -9999.0 -9999.0 -9999.0 -9999.0 -9999.0 -9999.0 -9999.0 -9999.0 -9999.0 -9999.0 -9999.0 -9999.0 -9999.0 -9999.0 -9999.0 -9999.0 -9999.0 -9999.0 -9999.0 -9999.0 -9999.0 -9999.0 -9999.0 -9999.0 -9999.0 -9999.0 -9999.0 -9999.0 -9999.0 -9999.0 -9999.0 -9999.0 -9999.0 -9999.0 -9999.0 -9999.0 -9999.0 -9999.0 -9999.0 -9999.0 -9999.0 -9999.0 -9999.0 -9999.0 -9999.0 -9999.0 -9999.0 -9999.0 -9999.0 -9999.0
-9999.0 -9999.0 -512.643441 -514.593222 -515.846781 -516.431166 -519.141533 -521.167913 -523.676382 -523.952125 -523.565386 -524.047863 -525.202975 -523.870126 -522.186788 -520.804180 -518.746999 -519.326704 -519.160013 -518.362701 -518.142020 -518.484796 -519.423116 -519.974995 -520.650880 -519.411350 -522.341341 -526.209069 -529.182327 -529.749082 -527.065832 -525.551674 -525.974678 -524.665280 -521.705999 -519.296591 -518.756738 -515.850038 -516.667241 -515.573492 -513.507024 -515.125672 -515.367475 -514.907955 -514.019665 -518.366226 -9999.0 -9999.0 -9999.0 -9999.0 -9999.0 -9999.0 -9999.0 -9999.0 -9999.0 -9999.0 -9999.0
-514.686528 -515.297499 -524.139606 -524.828254 -524.851349 -524.288703 -525.356934 -528.434704 -529.068854 -531.422223 -532.467006 -532.751162 -533.774756 -533.115117 -529.213716 -526.523687 -525.865699 -526.596024 -527.004711 -527.961157 -528.593211 -528.361064 -529.279516 -530.101098 -530.984692 -530.609725 -527.938437 -530.812215 -532.225539 -533.685852 -535.333627 -534.787648 -534.343256 -534.213522 -530.606014 -529.414177 -528.704322 -523.972733 -519.606117 -518.590212 -520.500596 -522.444467 -521.723426 -521.638178 -523.261377 -524.787031 -524.328832 -524.977278 -525.192117 -526.932370 -524.268345 -524.507343 -521.712564 -519.482237 -516.870308 -512.756651 -9999.0
-521.517813 -522.142791 -528.736585 -532.623921 -533.787391 -532.829845 -529.881670 -530.888871 -533.210130 -536.898582 -532.878386 -533.495587 -533.930099 -533.276872 -532.031629 -531.516910 -530.971135 -530.177808 -526.752937 -527.141240 -527.491958 -527.300297 -527.878252 -528.958977 -528.780562 -529.326212 -532.278553 -531.761481 -531.022354 -531.731433 -528.837577 -528.717093 -526.979919 -532.176358 -531.394259 -530.328790 -529.684523 -529.360510 -528.893426 -528.045151 -530.305118 -528.540533 -530.084527 -533.762569 -534.347587 -533.652658 -530.031956 -528.156674 -530.045734 -537.271582 -533.460687 -525.572510 -526.399102 -527.909811 -524.330925 -520.861443 -515.699595
-531.560758 -532.631578 -535.379228 -532.520426 -530.235294 -528.803602 -530.060024 -532.654310 -535.899510 -529.632581 -527.244148 -528.809578 -528.158493 -526.332461 -526.173663 -534.045029 -536.125478 -533.210803 -530.219606 -529.047012 -530.566045 -531.305626 -532.697478 -532.634051 -531.712841 -532.482205 -531.263487 -530.281723 -531.797812 -529.937986 -527.769571 -525.570282 -530.345288 -534.701441 -534.403184 -530.782606 -528.266996 -527.170849 -523.674205 -517.986780 -518.965864 -520.094570 -520.343927 -520.438499 -526.951949 -533.032556 -535.412303 -536.431414 -538.260848 -536.566713 -538.005679 -531.585098 -532.185000 -533.308381 -530.438102 -528.341938 -525.576303
-531.299382 -529.646146 -533.935306 -536.116634 -537.013291 -536.287954 -537.207493 -537.252697 -531.879085 -529.245071 -524.483565 -526.655129 -526.623514 -526.839432 -531.956999 -535.787962 -538.479728 -530.549243 -524.425036 -522.640943 -524.570699 -526.270328 -520.752655 -522.373916 -522.932094 -526.221741 -525.089011 -525.903514 -520.245554 -518.212455 -515.214183 -516.392891 -522.052720 -526.840218 -527.002600 -526.481592 -527.154900 -525.952292 -522.569900 -518.198596 -521.643954 -522.783013 -521.775364 -531.469370 -539.007199 -541.370413 -535.218922 -531.695017 -532.178839 -531.466665 -531.002968 -535.164976 -534.081658 -533.611953 -535.710666 -530.965280 -526.285182
-520.749381 -513.995701 -518.865003 -522.048275 -527.983547 -527.262476 -526.692717 -524.909584 -522.531960 -517.796685 -508.047805 -510.757880 -510.462178 -507.154301 -512.553698 -517.502977 -525.427000 -516.524743 -514.943092 -512.513365 -513.487320 -507.283254 -501.634144 -505.206405 -509.991565 -516.011661 -512.450487 -504.967126 -498.093751 -496.753899 -496.083684 -494.777739 -499.740134 -500.758592 -501.628913 -500.952218 -504.511174 -504.534090 -499.561192 -490.602156 -489.478048 -493.165143 -500.979828 -513.662550 -525.431379 -531.698463 -523.020755 -525.294308 -526.241793 -524.541293 -529.388930 -532.052284 -527.323295 -531.137386 -534.129510 -527.573539 -527.092975
-519.428979 -512.044312 -515.583724 -521.523015 -528.067092 -528.009339 -524.284548 -522.765053 -515.864966 -506.195930 -495.441578 -490.417795 -486.078060 -479.571166 -484.235884 -488.864369 -494.570478 -493.066206 -486.198200 -479.996406 -472.746734 -463.208292 -450.592468 -451.870099 -456.718982 -456.651300 -454.157621 -442.576564 -432.106588 -427.875017 -424.938518 -418.805066 -422.239163 -429.010205 -437.196441 -445.975801 -454.300962 -461.477734 -452.579710 -442.330443 -444.604645 -465.113201 -478.751274 -493.444595 -507.995024 -524.380234 -523.268463 -519.821592 -516.514373 -522.391921 -524.798276 -529.928162 -530.581605 -529.537910 -535.778721 -532.099949 -531.519456
-483.424585 -473.858502 -470.187302 -480.375078 -481.878215 -478.632538 -471.995951 -470.551871 -462.457111 -436.476940 -400.734311 -362.566945 -305.010277 -289.727386 -321.482494 -347.712178 -374.052552 -386.051581 -369.498457 -345.800014 -302.581593 -220.367386 -171.154940 -149.918235 -144.645623 -142.398222 -140.065054 -138.729333 -134.969546 -129.475543 -124.092855 -119.142473 -119.038712 -126.394973 -131.710072 -138.862795 -146.217223 -148.494023 -153.310750 -153.889733 -170.984251 -242.897267 -349.277779 -394.904833 -429.095500 -456.310450 -476.693708 -474.180872 -481.706369 -487.889001 -494.831336 -512.045392 -515.903138 -517.838815 -532.625113 -534.012984 -529.194239
-401.955555 -381.022740 -354.122131 -350.965131 -344.041091 -337.637033 -322.545551 -294.593337 -221.652103 -159.691353 -118.174250 -86.984588 -60.195186 -50.405969 -63.336189 -76.492531 -88.856743 -97.660446 -94.464752 -75.984707 -48.758892 -15.825972 5.762951 14.162604 15.433417 16.861465 18.262808 20.413891 21.355088 24.216191 27.474126 30.520744 32.264060 31.744052 27.897929 22.638118 13.759659 11.045395 9.979400 3.157014 -6.161294 -26.692969 -73.450672 -106.923462 -140.770210 -193.389677 -304.720366 -370.352775 -396.606882 -414.807037 -448.605906 -479.064075 -499.392180 -512.493677 -526.142245 -528.532246 -511.854048
-123.701130 -95.284223 -80.859726 -76.658393 -74.371006 -70.335702 -60.718041 -46.808277 -24.063863 -0.261177 26.302887 34.452121 38.087262 38.190986 36.780145 35.448387 34.120250 33.137565 33.020491 34.225908 35.935957 38.559481 40.346049 41.996365 41.833654 41.935504 41.866008 42.110541 42.252465 42.158887 42.671145 43.696267 44.609970 45.052944 44.174383 42.750701 41.146892 40.832695 40.298347 39.518602 39.117659 38.305161 37.282644 33.790659 22.330216 -16.020889 -59.051478 -91.491689 -107.000243 -123.466878 -146.820975 -221.271620 -334.925241 -388.928056 -426.300554 -458.082585 -442.984011
20.559955 32.475254 34.614369 35.286603 34.958199 35.153164 36.128931 37.127311 38.854234 40.756332 42.425371 44.571430 46.962827 49.240881 48.752377 47.659425 45.744980 45.942617 46.098537 46.236890 46.847508 47.156126 48.710619 50.423840 50.910384 50.949724 50.412267 50.764037 50.811021 50.731590 50.455675 50.472667 51.094834 51.447367 51.481957 50.285838 48.531087 46.939196 46.154963 45.925787 45.649160 45.802704 45.881286 45.524919 43.293157 39.640887 35.429484 32.643093 30.586388 23.198824 10.439278 -11.869048 -47.916966 -81.040821 -118.271514 -159.727852 -208.907944
40.878099 42.952464 44.948377 46.323234 46.416032 47.073090 47.163628 48.284453 49.978518 51.624665 52.297827 56.016932 70.736191 79.022183 83.534181 86.066369 86.034150 89.286156 88.159130 88.597814 88.270061 89.431470 88.282082 91.561755 90.559045 91.686867 90.317316 91.859042 90.567214 91.673847 91.380623 88.936404 89.426030 88.299281 89.285555 86.575570 80.742010 67.065000 57.345797 53.730532 52.805412 51.731167 50.636433 49.966837 49.265653 47.397658 44.916349 42.486898 42.199768 41.959164 41.127929 40.106080 37.489058 34.908650 31.722691 13.470387 -24.719689
48.260997 49.616905 52.006550 55.519212 63.233980 69.358384 72.891708 82.138109 92.087832 92.103830 93.165135 91.358009 92.773391 91.034122 92.623009 90.911178 90.661968 89.124991 89.664323 83.586812 75.930487 76.841742 78.261414 79.777511 83.598793 81.066798 82.625115 84.365088 83.935859 78.381393 75.542492 74.121563 73.699122 80.531854 82.421911 83.785744 83.689988 83.863698 83.471264 83.599881 83.743273 83.386819 83.695292 78.964878 72.008934 55.378922 51.421031 48.253300 46.887734 46.582900 47.244907 47.033087 47.124641 45.877307 44.154340 41.229778 37.075774
86.238202 94.083296 94.881804 93.339296 94.409453 93.936170 97.253301 95.190889 92.286520 89.669334 84.102976 84.156613 82.033485 80.684271 80.508838 79.393259 75.467611 73.282340 68.611501 59.551151 51.710452 51.515791 52.609745 55.926464 59.101990 60.977931 63.647461 65.448337 61.836426 55.114456 52.042532 51.631779 53.024038 57.242615 60.643162 61.045265 59.436180 57.933560 58.430544 56.715658 57.270805 62.479735 73.338933 80.581868 79.967284 80.044081 80.529019 80.827318 62.021953 52.273721 53.283677 52.746375 51.621316 49.685624 48.179485 46.435710 44.954954
87.271916 85.792599 79.527857 74.725219 73.928450 78.041883 83.458237 85.932411 79.027721 72.144876 66.610417 61.435929 59.799965 58.504175 57.529333 57.771231 53.237780 52.007581 50.558021 49.776889 48.856415 48.369189 48.251548 48.984791 49.807067 50.416709 51.056856 50.391551 49.931839 49.043747 48.298395 48.604566 48.741216 49.539617 50.842205 50.626983 50.781377 50.275048 50.235881 49.583434 49.307599 49.934329 51.349284 52.608351 56.140403 62.052476 68.096505 73.296492 79.881757 79.644184 79.184706 79.096091 75.087197 63.665562 53.082982 51.246445 49.519989
68.343651 64.407769 58.579299 53.557252 52.385084 55.519379 59.099970 57.350046 52.571960 51.278334 50.354867 49.496636 49.153789 49.486071 49.864584 50.162662 49.820916 48.693179 47.565085 47.051478 46.031180 46.305351 45.845856 45.066564 45.960159 47.500863 48.048514 46.520895 46.097467 44.908082 44.473269 44.357753 44.421675 45.147112 46.849701 48.730119 48.583207 47.512812 46.720574 46.451464 46.029307 46.494366 48.126400 49.519312 50.225724 50.645862 50.775053 51.437584 52.190494 53.264612 59.873327 68.148919 77.844198 77.677831 77.688798 77.876134 63.505452
51.483797 50.880903 50.391660 49.972992 49.686410 49.622313 49.704423 49.237527 49.046435 49.062812 48.539710 47.984762 46.595023 46.425771 46.116929 46.841752 45.657002 45.181291 43.526225 42.762202 41.473057 40.753721 39.946238 38.322037 38.092178 39.553902 40.921528 38.791374 37.931533 36.329479 35.880928 35.675541 36.032185 37.602265 41.000773 43.395699 44.313038 43.291241 42.713214 42.478458 42.362085 42.393933 43.693750 45.284757 46.745440 47.492371 47.771303 47.989047 48.449695 49.365708 50.134313 50.880325 52.105571 56.331158 67.326123 74.776140 79.808194
49.368945 49.034819 48.444088 47.639326 47.345058 48.007373 47.206619 47.019905 47.240555 42.115969 41.678217 39.908319 37.796961 36.477289 34.570334 33.738875 32.541919 32.248458 31.645079 30.081227 21.745695 9.454969 1.232331 -14.007354 -37.382338 -39.645735 -35.777077 -31.896022 -40.608807 -49.923006 -53.032302 -54.237310 -44.690830 -16.315397 6.045956 20.190114 26.764643 24.348179 30.010342 31.295102 31.440839 34.211062 36.575927 38.949324 41.295915 43.608313 44.234613 44.669341 45.157355 46.067212 46.974749 47.627239 48.962002 50.600346 51.464739 51.990275 53.139996
47.888729 47.044458 46.325296 45.428466 44.242614 44.813368 44.612698 44.526811 39.767177 33.612151 24.765183 11.384866 -15.528688 -45.890569 -70.282985 -96.820459 -108.966067 -115.244524 -111.466073 -119.880743 -135.346895 -151.841728 -167.816828 -201.533552 -273.246798 -295.665091 -278.627239 -245.546147 -276.962111 -301.511080 -299.952070 -308.299036 -303.932668 -227.188047 -168.106812 -146.875895 -134.669128 -125.677624 -121.471400 -116.235525 -89.824145 -66.308906 -29.617677 2.432741 24.038123 32.988808 36.572201 38.618182 40.316470 42.197896 43.099013 44.405621 45.689973 47.676725 48.410905 49.016056 49.399245
43.376507 42.272543 40.387909 37.681382 33.791915 33.482738 32.193155 27.165589 -17.051558 -76.662569 -116.654410 -145.696421 -192.039272 -286.066241 -353.465077 -394.663844 -412.928661 -412.240265 -407.033372 -413.623409 -429.606076 -443.168826 -452.560866 -461.005940 -471.319393 -476.821400 -471.067285 -465.200689 -466.390553 -467.089913 -465.203018 -465.681086 -466.519827 -465.825613 -452.858106 -443.898203 -435.157646 -428.654402 -424.802500 -402.370640 -373.196355 -337.000971 -220.913523 -154.850178 -115.719846 -78.779486 -33.895413 -2.137324 20.585835 31.897787 35.517869 38.177418 40.675467 43.315223 44.981918 45.622969 46.209261
34.763326 30.817133 7.457822 -41.184755 -73.580274 -88.397834 -98.221168 -132.204396 -199.862047 -354.063224 -403.977685 -428.700519 -450.079006 -466.827857 -481.426381 -493.797754 -501.715123 -495.936499 -493.319516 -488.279297 -495.947498 -501.910291 -502.960070 -508.251828 -512.823620 -519.480456 -514.041233 -511.942634 -505.735468 -506.629885 -506.680005 -503.896274 -505.339532 -505.810104 -510.029590 -505.640994 -503.439313 -500.917894 -490.222348 -480.391457 -469.968218 -460.557761 -446.820343 -424.744956 -396.325785 -351.898514 -228.205020 -155.577342 -116.916461 -79.728717 -34.987041 -2.532266 19.170456 31.957510 35.373201 38.228017 40.878698
-60.625642 -101.503161 -155.391177 -262.867130 -366.877153 -378.093132 -406.438199 -432.546610 -466.889145 -483.675009 -491.031997 -499.442395 -505.544585 -509.909349 -517.694822 -522.978919 -532.002663 -528.250501 -523.374708 -516.263244 -522.066362 -522.680188 -521.148809 -524.336058 -527.732642 -533.715787 -532.820188 -528.113734 -522.540096 -523.051750 -522.055511 -518.833160 -518.734410 -521.327940 -526.716856 -525.583292 -522.474226 -519.681559 -513.862078 -508.628357 -503.505392 -499.154679 -492.494167 -484.119050 -474.639876 -461.803891 -443.050485 -423.884892 -395.121654 -345.919531 -222.515286 -158.636103 -125.852277 -92.156600 -60.089066 -15.746784 14.387775
-304.001903 -374.719752 -420.915645 -457.589470 -481.982988 -494.383120 -504.815980 -514.629907 -517.783364 -520.899009 -524.596195 -527.609140 -530.996987 -534.023765 -536.389862 -540.683641 -549.974528 -545.887999 -540.490261 -534.412157 -534.143556 -534.708411 -534.055129 -535.288816 -539.403808 -546.944252 -543.715523 -539.260379 -535.323940 -534.214179 -533.570179 -531.089925 -532.938480 -536.714520 -542.198465 -539.950370 -535.982331 -534.056115 -531.627446 -527.866923 -523.929939 -520.094500 -515.608163 -511.127103 -504.811020 -497.589103 -489.126947 -479.276577 -467.803988 -452.702309 -442.168279 -425.366492 -407.248811 -376.784430 -318.410447 -191.503351 -137.765942
-463.748879 -476.595646 -490.040838 -504.820193 -511.598829 -517.792017 -523.040166 -528.731160 -532.107791 -534.661609 -532.537800 -533.549533 -537.549432 -536.913776 -538.895075 -546.363608 -543.276272 -541.059058 -534.854287 -536.174988 -536.537689 -537.998608 -536.901466 -537.785193 -545.220818 -541.253734 -539.705027 -535.500504 -534.941791 -534.179819 -533.602857 -532.895715 -533.757155 -538.996251 -537.849649 -536.576544 -532.847632 -533.051254 -531.844766 -527.785039 -526.975684 -524.829630 -521.615365 -518.252636 -514.210672 -509.218669 -501.960938 -494.481096 -487.200680 -485.498664 -480.382447 -475.708844 -480.097199 -470.231886 -460.165666 -444.424887 -418.990303
