tests/Borden05m/sims/sim_1/output-maps/psiliqL0026N0012.asc
ncols         160
nrows         34
xllcorner     620200.000000
yllcorner     5168000.000000
cellsize      0.500000
NODATA_value  -9999.0
[rows 0 to 24 of 34, columns 0 to 54 of 160]
-9999.0 -9999.0 -9999.0 -9999.0 -9999.0 -9999.0 -9999.0 -9999.0 -9999.0 -9999.0 -9999.0 -9999.0 -9999.0 -9999.0 -9999.0 -9999.0 -9999.0 -9999.0 -9999.0 -9999.0 -9999.0 -9999.0 -9999.0 -9999.0 -9999.0 -9999.0 -9999.0 -9999.0 -9999.0 -9999.0 -9999.0 -9999.0 -9999.0 -9999.0 -9999.0 -9999.0 -9999.0 -9999.0 -9999.0 -9999.0 -9999.0 -9999.0 -9999.0 -9999.0 -9999.0 -9999.0 -9999.0 -9999.0 -9999.0 -9999.0 -9999.0 -9999.0 -9999.0 -9999.0 -9999.0
-9999.0 -9999.0 -9999.0 -9999.0 -9999.0 -9999.0 -9999.0 -9999.0 -9999.0 -9999.0 -9999.0 -9999.0 -9999.0 -9999.0 -9999.0 -9999.0 -9999.0 -9999.0 -9999.0 -9999.0 -9999.0 -9999.0 -9999.0 -9999.0 -9999.0 -9999.0 -9999.0 -9999.0 -9999.0 -9999.0 -9999.0 -9999.0 -9999.0 -9999.0 -9999.0 -9999.0 -9999.0 -9999.0 -9999.0 -9999.0 -9999.0 -9999.0 -9999.0 -9999.0 -9999.0 -9999.0 -9999.0 -9999.0 -9999.0 -9999.0 -9999.0 -9999.0 -9999.0 -9999.0 -9999.0
-9999.0 -9999.0 -9999.0 -9999.0 -9999.0 -9999.0 -9999.0 -9999.0 -9999.0 -9999.0 -9999.0 -9999.0 -9999.0 -9999.0 -9999.0 -9999.0 -9999.0 -9999.0 -9999.0 -9999.0 -9999.0 -9999.0 -9999.0 -9999.0 -9999.0 -9999.0 -9999.0 -9999.0 -9999.0 -9999.0 -9999.0 -9999.0 -9999.0 -9999.0 -9999.0 -9999.0 -9999.0 -9999.0 -9999.0 -9999.0 -9999.0 -9999.0 -9999.0 -9999.0 -9999.0 -9999.0 -9999.0 3273.187756 3255.974842 3242.520817 3237.602221 3258.397253 3281.236218 3304.823706 3325.123472
-9999.0 -9999.0 -9999.0 -9999.0 -9999.0 -9999.0 -9999.0 -9999.0 -9999.0 -9999.0 -9999.0 -9999.0 -9999.0 -9999.0 -9999.0 -9999.0 -9999.0 -9999.0 -9999.0 -9999.0 -9999.0 -9999.0 -9999.0 -9999.0 -9999.0 -9999.0 -9999.0 -9999.0 -9999.0 -9999.0 -9999.0 -9999.0 -9999.0 -9999.0 -9999.0 -9999.0 -9999.0 -9999.0 -9999.0 -9999.0 3324.233588 3330.057778 3329.637219 3319.643468 3308.145076 3294.240517 3273.485890 3256.285952 3243.163417 3241.111579 3243.335563 3245.677264 3265.999520 3291.167829 3310.834230
-9999.0 -9999.0 -9999.0 -9999.0 -9999.0 -9999.0 -9999.0 -9999.0 -9999.0 -9999.0 -9999.0 -9999.0 -9999.0 -9999.0 -9999.0 -9999.0 -9999.0 -9999.0 -9999.0 -9999.0 -9999.0 -9999.0 -9999.0 -9999.0 -9999.0 -9999.0 -9999.0 -9999.0 -9999.0 -9999.0 -9999.0 -9999.0 -9999.0 -9999.0 3232.405859 3249.171640 3266.889608 3285.247223 3302.033448 3308.947010 3314.676788 3319.854562 3314.995880 3310.360606 3298.407926 3277.069082 3257.567890 3244.656091 3243.538060 3240.882416 3244.116218 3255.270988 3271.542316 3286.152527 3306.318020
-9999.0 -9999.0 -9999.0 -9999.0 -9999.0 -9999.0 -9999.0 -9999.0 -9999.0 -9999.0 -9999.0 -9999.0 -9999.0 -9999.0 -9999.0 -9999.0 -9999.0 -9999.0 -9999.0 -9999.0 -9999.0 -9999.0 -9999.0 -9999.0 -9999.0 -9999.0 -9999.0 -9999.0 3238.884846 3232.803425 3227.797245 3225.981389 3224.275883 3223.099135 3229.561578 3240.401228 3257.126996 3278.955161 3291.995164 3299.017899 3305.684961 3305.752107 3299.523385 3297.499092 3297.660464 3284.622683 3271.971411 3260.105196 3248.472249 3244.900153 3253.360986 3267.192524 3282.977411 3297.097280 3311.892677
-9999.0 -9999.0 -9999.0 -9999.0 -9999.0 -9999.0 -9999.0 -9999.0 -9999.0 -9999.0 -9999.0 -9999.0 -9999.0 -9999.0 -9999.0 -9999.0 -9999.0 -9999.0 -9999.0 -9999.0 -9999.0 -9999.0 -9999.0 3209.539779 3214.276636 3220.587780 3228.029545 3228.762979 3225.298914 3219.699578 3216.761797 3215.035774 3212.405923 3216.602912 3223.200447 3235.724648 3250.535563 3272.419889 3280.223963 3284.004740 3294.892199 3298.197860 3305.644750 3309.067975 3306.684629 3302.067359 3286.580835 3274.415730 3275.940253 3279.327300 3285.607773 3293.375841 3306.275078 3319.339319 3333.941743
-9999.0 -9999.0 -9999.0 -9999.0 -9999.0 -9999.0 -9999.0 -9999.0 -9999.0 -9999.0 -9999.0 -9999.0 -9999.0 -9999.0 -9999.0 -9999.0 -9999.0 -9999.0 -9999.0 3185.380300 3186.323414 3187.672503 3192.348386 3192.525241 3194.042896 3200.508593 3208.183724 3210.764538 3208.186607 3206.844866 3207.729945 3209.825919 3213.831788 3223.673601 3236.407731 3249.635296 3261.681359 3281.587486 3295.202016 3306.695859 3321.159536 3320.953412 3316.692367 3314.353421 3313.556468 3311.173481 3308.717394 3306.946745 3312.361669 3312.194773 3314.860459 3323.206949 3334.404234 3350.036374 3366.657986
-9999.0 -9999.0 -9999.0 -9999.0 -9999.0 -9999.0 -9999.0 -9999.0 -9999.0 -9999.0 -9999.0 -9999.0 -9999.0 -9999.0 -9999.0 -9999.0 3156.878174 3158.513831 3160.720440 3166.063738 3169.587655 3173.278790 3179.954409 3180.756292 3183.693001 3190.251078 3194.118924 3202.817480 3210.553711 3216.890830 3221.912242 3223.428878 3228.930432 3237.061283 3247.346503 3260.027666 3278.887404 3301.296429 3315.843091 3331.416936 3347.573771 3347.131732 3344.430394 3343.705119 3341.249444 3341.587502 3354.904229 3357.082728 3350.817354 3359.449824 3370.204676 3372.048712 3377.923994 3396.700324 3417.912114
-9999.0 -9999.0 -9999.0 -9999.0 -9999.0 -9999.0 -9999.0 -9999.0 -9999.0 -9999.0 -9999.0 -9999.0 -9999.0 3107.683938 3111.466953 3121.474820 3132.793409 3135.597993 3140.277827 3146.676207 3158.407154 3161.581471 3167.020267 3173.547354 3185.074271 3192.881259 3200.751755 3211.483011 3218.408624 3224.204166 3229.371620 3230.992516 3241.150457 3253.787253 3266.761561 3284.476794 3305.017669 3322.097124 3338.934956 3354.045442 3364.487965 3360.733126 3358.844619 3359.891080 3363.475986 3375.217898 3390.601354 3389.978253 3398.560336 3417.970447 3427.177789 3433.525557 3438.704841 3451.649616 3472.290203
-9999.0 -9999.0 -9999.0 -9999.0 -9999.0 -9999.0 -9999.0 -9999.0 -9999.0 -9999.0 3081.355827 3082.603065 3078.555387 3075.458362 3080.917463 3092.898929 3107.080237 3112.156582 3123.693651 3144.543061 3162.657263 3164.998874 3177.539126 3186.397334 3192.023425 3200.584345 3212.048982 3222.622554 3236.441493 3246.480535 3253.631567 3268.293224 3282.348096 3296.763763 3312.258551 3330.983803 3345.559798 3367.774287 3391.122204 3398.475210 3414.169431 3415.964750 3410.835407 3407.987909 3416.131039 3426.170663 3439.847233 3454.446173 3471.821415 3492.678996 3502.100970 3514.088769 3522.311420 3531.891340 3546.457860
-9999.0 -9999.0 -9999.0 -9999.0 -9999.0 -9999.0 -9999.0 -9999.0 3057.071915 3064.945299 3069.941413 3066.219912 3061.229350 3054.802547 3068.927558 3083.732736 3098.889096 3116.523761 3131.300374 3148.720489 3161.638524 3175.272995 3193.698067 3203.071011 3212.196352 3225.643204 3237.024331 3250.175235 3268.902415 3275.144755 3284.632868 3302.331088 3316.342590 3331.491572 3347.941974 3362.785052 3381.535979 3410.243229 3437.751839 3452.791434 3477.537723 3493.691603 3487.262045 3484.786806 3485.296685 3507.314890 3532.467815 3560.435877 3578.491619 3601.049231 3628.405728 3646.640087 3655.465180 3666.164311 3679.600379
-9999.0 -9999.0 -9999.0 -9999.0 -9999.0 -9999.0 3028.985503 3053.073298 3067.837463 3058.720896 3043.987138 3038.203955 3031.359864 3061.481877 3083.093939 3099.585608 3115.350997 3131.873066 3147.006889 3154.290553 3182.162122 3200.168529 3210.605559 3222.478115 3235.387717 3248.234507 3262.866860 3282.584268 3298.591946 3319.117171 3333.915704 3349.007634 3371.044864 3386.914307 3402.422362 3414.822750 3441.134073 3474.557296 3507.944907 3531.422448 3554.960975 3585.429113 3584.823317 3586.229085 3587.547351 3610.441788 3643.354651 3672.403340 3703.601332 3733.583189 3761.243892 3771.424831 3780.120615 3789.754561 3801.992390
-9999.0 -9999.0 -9999.0 -9999.0 2997.231539 3017.743175 3035.917079 3065.429302 3086.781478 3081.131206 3084.785970 3082.016014 3076.768259 3080.871206 3088.038022 3104.197185 3122.157559 3140.446301 3153.500398 3178.877032 3224.126986 3233.837995 3249.659852 3277.612427 3287.178851 3299.684856 3313.744606 3332.808676 3350.166982 3376.076476 3409.232235 3437.281952 3457.516781 3475.676015 3493.669408 3509.707686 3543.526451 3579.385423 3614.060023 3644.801967 3671.083211 3696.363697 3702.841312 3707.490403 3717.154972 3733.693048 3755.792065 3782.837207 3815.798969 3847.448367 3870.469641 3879.545865 3884.690514 3894.044529 3901.542571
-9999.0 -9999.0 -9999.0 2944.758756 2982.266896 3021.372678 3046.431595 3075.959769 3107.508309 3106.671191 3114.442501 3113.454803 3111.532468 3115.935997 3118.142551 3133.374841 3150.100618 3168.401093 3187.760997 3219.928503 3247.855086 3264.653639 3291.091687 3306.207494 3318.155934 3329.772183 3346.895650 3365.779311 3400.779536 3429.655169 3474.557765 3524.032209 3555.385035 3574.209919 3595.736662 3622.382824 3646.758112 3684.548560 3717.929875 3749.454372 3779.222090 3801.074693 3815.246015 3819.772442 3829.057933 3834.757362 3847.298691 3867.966914 3889.919385 3920.100510 3948.952294 3977.195089 3992.127528 4002.921407 4019.745595
-9999.0 -9999.0 2896.448280 2935.825417 2966.900439 3011.739580 3064.068966 3098.388341 3136.929428 3154.981027 3157.259106 3166.946096 3176.087840 3176.091865 3183.863057 3195.409409 3215.993346 3223.598568 3242.504251 3257.537123 3293.901633 3326.958791 3322.888768 3360.385806 3389.395305 3420.559169 3440.605466 3466.206851 3502.780107 3536.137743 3579.772850 3628.722213 3662.517964 3689.947423 3705.311277 3724.912862 3744.872590 3770.483543 3806.426579 3831.903420 3864.875701 3889.949815 3909.369626 3910.367180 3913.041761 3928.894594 3956.605067 3986.764975 4015.066902 4043.391249 4029.232062 4051.667690 4061.689943 4067.281605 4076.073678
-9999.0 -9999.0 2866.150353 2912.538448 2946.833323 3002.911457 3088.522394 3121.979270 3161.055310 3205.187557 3217.948584 3238.229422 3231.495694 3219.968743 3236.626324 3250.018289 3269.044787 3275.510779 3268.867422 3319.923335 3371.357946 3395.803662 3403.090391 3478.133511 3529.013924 3552.083978 3567.866637 3587.494981 3606.907053 3644.832966 3683.809321 3737.366353 3778.152702 3807.533281 3821.747606 3841.203572 3860.356824 3875.251084 3894.403766 3940.202497 3974.788303 4004.924841 4036.186558 4057.232835 4065.260035 4070.077025 4045.450191 4064.196236 4076.909014 4082.391957 4084.563607 4080.792598 4080.216642 4081.030005 4081.956053
-9999.0 2779.196431 2825.357828 2875.472847 2939.510605 2998.804986 3072.875148 3146.940415 3211.598033 3262.415943 3286.629723 3279.236463 3279.257231 3303.810171 3322.242516 3337.989647 3342.433542 3351.520757 3332.221118 3384.150970 3420.411678 3469.708956 3568.297516 3625.600548 3687.029351 3682.965186 3671.374066 3676.355387 3692.323258 3737.983064 3815.535583 3870.626208 3935.064540 3983.006818 3999.669948 4006.877437 4025.249633 4045.726083 3996.159709 4038.011938 4057.269392 4073.338234 4082.242706 4084.457500 4085.694479 4085.464135 4081.787713 4074.788243 4066.625026 4060.789243 4056.562743 4052.059869 4054.495987 4057.822459 4058.030345
-9999.0 2740.788957 2791.934618 2859.699453 2926.778479 2973.459139 3053.594378 3217.954668 3279.078541 3315.809194 3320.634178 3296.544083 3353.645902 3412.362230 3436.057312 3480.211048 3464.392959 3448.924512 3412.200560 3436.934181 3475.163702 3545.204726 3713.771694 3801.413443 3851.846239 3859.732211 3860.631589 3888.540078 3931.988983 3978.503228 4023.359568 3993.351784 4041.507108 4065.202343 4070.153875 4070.846983 4076.163507 4074.734861 4073.248689 4068.817521 4063.668576 4063.831392 4068.422773 4068.264615 4065.306385 4061.931639 4056.234231 4048.811907 4043.607189 4038.978626 4036.319563 4033.479053 4031.526699 4030.806198 4025.966535
-9999.0 2700.322104 2775.226564 2826.741501 2872.176789 2962.389697 3089.640512 3232.181245 3327.278810 3360.185465 3337.500219 3372.149603 3473.677435 3578.491332 3629.913254 3650.460385 3631.376714 3583.461006 3563.681669 3606.637097 3676.234198 3794.290386 3930.851651 4028.936142 4043.985896 4047.288113 4000.459605 4025.656460 4049.010750 4051.782133 4052.878725 4060.656598 4065.720069 4068.654931 4067.088034 4064.195207 4059.380200 4051.189230 4046.383561 4042.702636 4038.931179 4037.771738 4039.770878 4041.588916 4038.769988 4034.873582 4030.396134 4024.817885 4018.510625 4011.749067 4007.434482 4003.181108 4001.047071 3995.514855 3991.991171
-9999.0 2576.440123 2673.097554 2713.577515 2787.355793 2967.499460 3093.630662 3232.420488 3396.059204 3415.661540 3460.355992 3598.185174 3716.167628 3795.632302 3824.210379 3857.320741 3881.597279 3897.419166 3933.764616 3816.290029 3895.691086 3991.769518 4035.704819 4054.756757 4064.371250 4064.735497 4054.886897 4034.103390 4023.367706 4016.611474 4018.220732 4025.498501 4030.177484 4034.966588 4032.663254 4033.716292 4034.799469 4031.571972 4027.552284 4018.831375 4010.979785 4004.285096 4001.030248 4005.726801 4001.070943 3998.700310 3992.506970 3984.068727 3975.121489 3967.744964 3959.781952 3953.217341 3950.982727 3945.971726 3944.780061
-9999.0 2495.545628 2568.015847 2627.042463 2737.054515 2891.909148 2983.644927 3140.044867 3379.244950 3514.188649 3676.504116 3766.440568 3836.334453 3878.275029 3928.443869 3979.925084 4006.550892 4018.049611 3987.580530 4009.395757 3966.757443 3955.722512 3973.165503 4002.185381 4019.205306 4023.257134 4015.381897 4006.189196 3998.924731 3997.800875 3995.632881 3991.579125 3987.465985 3983.880135 3980.739950 3983.698537 3989.002012 3981.889930 3971.628356 3962.181801 3953.666663 3944.446574 3938.495434 3933.846987 3934.210527 3934.475769 3926.845020 3916.353657 3905.500618 3897.214773 3890.019062 3885.516605 3882.848800 3877.885270 3868.263387
-9999.0 2374.765584 2507.910745 2583.646945 2677.061407 2796.620560 2898.433136 3046.120724 3173.953910 3417.223011 3557.629144 3748.392243 3797.657852 3866.971375 3914.311717 3987.129450 3982.590099 3951.174973 3908.126259 3891.930118 3902.914268 3911.855986 3920.134576 3934.657379 3952.272600 3962.358020 3967.297356 3961.234737 3947.026999 3934.602790 3923.547148 3909.914656 3900.539254 3898.064331 3902.056828 3912.020210 3912.556064 3903.250850 3889.142270 3870.932591 3855.341645 3843.549143 3841.535745 3844.296989 3845.386137 3841.330445 3835.521636 3824.772607 3812.187444 3799.789247 3794.101273 3789.769008 3782.379011 3771.187281 3759.348978
-9999.0 -9999.0 2421.712309 2529.865701 2622.485133 2732.638941 2810.312153 2925.855928 3061.050905 3230.351776 3345.797308 3524.799972 3619.255380 3663.077961 3697.041167 3752.600481 3777.681590 3808.698792 3802.816327 3814.381497 3824.140000 3829.403312 3834.677669 3840.455654 3850.948317 3860.733200 3870.906261 3868.100929 3859.269627 3838.798968 3813.184822 3793.261545 3782.787963 3773.565051 3785.636705 3798.161328 3792.682626 3785.777483 3773.149174 3756.950375 3744.385072 3730.158536 3726.710404 3726.646897 3727.256606 3724.966328 3722.454613 3710.050322 3697.818813 3687.948504 3683.953389 3678.376612 3674.827782 3665.070110 3654.531940
-9999.0 -9999.0 2333.067728 2436.706621 2537.999989 2654.717303 2737.962858 2750.339411 2872.445208 2970.580989 3076.509533 3186.318595 3282.177449 3350.191452 3382.738426 3444.610403 3500.372212 3518.569098 3558.367059 3611.853272 3645.867336 3684.962545 3707.805985 3717.222446 3729.681167 3744.060102 3751.501693 3736.306510 3725.034423 3707.965835 3684.591442 3657.987535 3644.507736 3644.014660 3643.105661 3644.693174 3637.115280 3628.182426 3613.755399 3599.839057 3587.666925 3578.758127 3575.196638 3569.678791 3567.426321 3564.737897 3563.069355 3557.865448 3549.647123 3545.105813 3536.992181 3533.324298 3532.585248 3529.586571 3523.931627
