tests/Borden05m/sims/sim_1/output-maps/psiliqL0007N0019.asc
ncols         160
nrows         34
xllcorner     620200.000000
yllcorner     5168000.000000
cellsize      0.500000
NODATA_value  -9999.0
[rows 0 to 24 of 34, columns 0 to 56 of 160]
-9999.0 -9999.0 -9999.0 -9999.0 -9999.0 -9999.0 -9999.0 -9999.0 -9999.0 -9999.0 -9999.0 -9999.0 -9999.0 -9999.0 -9999.0 -9999.0 -9999.0 -9999.0 -9999.0 -9999.0 -9999.0 -9999.0 -9999.0 -9999.0 -9999.0 -9999.0 -9999.0 -9999.0 -9999.0 -9999.0 -9999.0 -9999.0 -9999.0 -9999.0 -9999.0 -9999.0 -9999.0 -9999.0 -9999.0 -9999.0 -9999.0 -9999.0 -9999.0 -9999.0 -9999.0 -9999.0 -9999.0 -9999.0 -9999.0 -9999.0 -9999.0 -9999.0 -9999.0 -9999.0 -9999.0 -9999.0 -9999.0
-9999.0 -9999.0 -9999.0 -9999.0 -9999.0 -9999.0 -9999.0 -9999.0 -9999.0 -9999.0 -9999.0 -9999.0 -9999.0 -9999.0 -9999.0 -9999.0 -9999.0 -9999.0 -9999.0 -9999.0 -9999.0 -9999.0 -9999.0 -9999.0 -9999.0 -9999.0 -9999.0 -9999.0 -9999.0 -9999.0 -9999.0 -9999.0 -9999.0 -9999.0 -9999.0 -9999.0 -9999.0 -9999.0 -9999.0 -9999.0 -9999.0 -9999.0 -9999.0 -9999.0 -9999.0 -9999.0 -9999.0 -9999.0 -9999.0 -9999.0 -9999.0 -9999.0 -9999.0 -9999.0 -9999.0 -9999.0 -9999.0
-9999.0 -9999.0 -9999.0 -9999.0 -9999.0 -9999.0 -9999.0 -9999.0 -9999.0 -9999.0 -9999.0 -9999.0 -9999.0 -9999.0 -9999.0 -9999.0 -9999.0 -9999.0 -9999.0 -9999.0 -9999.0 -9999.0 -9999.0 -9999.0 -9999.0 -9999.0 -9999.0 -9999.0 -9999.0 -9999.0 -9999.0 -9999.0 -9999.0 -9999.0 -9999.0 -9999.0 -9999.0 -9999.0 -9999.0 -9999.0 -9999.0 -9999.0 -9999.0 -9999.0 -9999.0 -9999.0 -9999.0 -519.157681 -536.823711 -554.026029 -555.609289 -532.729965 -509.559832 -486.154823 -465.917532 -447.425131 -428.501558
-9999.0 -9999.0 -9999.0 -9999.0 -9999.0 -9999.0 -9999.0 -9999.0 -9999.0 -9999.0 -9999.0 -9999.0 -9999.0 -9999.0 -9999.0 -9999.0 -9999.0 -9999.0 -9999.0 -9999.0 -9999.0 -9999.0 -9999.0 -9999.0 -9999.0 -9999.0 -9999.0 -9999.0 -9999.0 -9999.0 -9999.0 -9999.0 -9999.0 -9999.0 -9999.0 -9999.0 -9999.0 -9999.0 -9999.0 -9999.0 -471.582232 -465.795775 -464.137047 -475.297481 -486.817764 -498.639336 -518.630616 -536.697136 -552.697228 -555.857436 -553.471737 -547.663708 -524.560280 -500.673185 -481.539313 -464.252485 -445.307458
-9999.0 -9999.0 -9999.0 -9999.0 -9999.0 -9999.0 -9999.0 -9999.0 -9999.0 -9999.0 -9999.0 -9999.0 -9999.0 -9999.0 -9999.0 -9999.0 -9999.0 -9999.0 -9999.0 -9999.0 -9999.0 -9999.0 -9999.0 -9999.0 -9999.0 -9999.0 -9999.0 -9999.0 -9999.0 -9999.0 -9999.0 -9999.0 -9999.0 -9999.0 -563.010054 -545.445320 -527.518592 -509.489344 -493.184540 -486.847033 -481.073275 -475.346120 -479.515731 -484.616496 -496.163404 -514.761757 -534.773978 -549.445030 -552.501191 -555.412760 -551.190629 -538.134705 -521.751639 -505.493894 -484.836631 -462.133058 -453.258783
-9999.0 -9999.0 -9999.0 -9999.0 -9999.0 -9999.0 -9999.0 -9999.0 -9999.0 -9999.0 -9999.0 -9999.0 -9999.0 -9999.0 -9999.0 -9999.0 -9999.0 -9999.0 -9999.0 -9999.0 -9999.0 -9999.0 -9999.0 -9999.0 -9999.0 -9999.0 -9999.0 -9999.0 -557.719340 -563.822772 -569.299640 -571.100466 -572.701777 -574.233761 -567.430160 -555.136159 -536.902423 -515.753363 -503.334779 -496.508454 -490.291810 -489.715646 -494.719780 -497.266866 -497.426295 -509.330653 -521.216531 -532.380297 -543.121813 -544.444035 -535.112023 -521.657098 -506.062323 -491.693618 -476.787003 -463.355108 -448.476360
-9999.0 -9999.0 -9999.0 -9999.0 -9999.0 -9999.0 -9999.0 -9999.0 -9999.0 -9999.0 -9999.0 -9999.0 -9999.0 -9999.0 -9999.0 -9999.0 -9999.0 -9999.0 -9999.0 -9999.0 -9999.0 -9999.0 -9999.0 -586.337591 -580.266090 -573.992611 -566.928447 -566.332425 -570.992174 -577.015897 -580.598616 -582.549258 -584.413177 -580.378013 -572.104676 -558.583553 -542.883908 -521.662688 -513.396638 -506.868703 -494.623873 -492.918389 -488.837086 -485.221283 -487.451311 -490.350188 -502.382813 -511.283245 -505.487884 -499.426571 -493.468648 -486.508624 -473.956093 -458.435793 -440.596474 -419.636008 -397.463372
-9999.0 -9999.0 -9999.0 -9999.0 -9999.0 -9999.0 -9999.0 -9999.0 -9999.0 -9999.0 -9999.0 -9999.0 -9999.0 -9999.0 -9999.0 -9999.0 -9999.0 -9999.0 -9999.0 -610.767343 -610.141770 -609.442287 -605.149147 -604.324011 -602.275422 -595.498396 -587.626420 -585.954890 -587.806203 -589.913295 -588.730651 -586.445666 -582.688671 -571.407446 -557.819518 -543.971807 -530.019488 -509.492045 -495.063026 -481.295606 -465.373812 -467.399431 -472.452068 -475.176053 -475.166342 -474.736528 -468.236720 -464.356905 -458.924888 -452.746919 -445.584845 -436.946272 -426.445938 -407.579067 -386.366147 -364.460006 -342.858491
-9999.0 -9999.0 -9999.0 -9999.0 -9999.0 -9999.0 -9999.0 -9999.0 -9999.0 -9999.0 -9999.0 -9999.0 -9999.0 -9999.0 -9999.0 -9999.0 -638.655346 -636.986177 -635.182471 -630.110010 -628.042407 -624.409647 -617.883607 -617.218990 -613.647457 -606.881906 -602.182548 -594.098310 -586.690470 -579.696893 -574.143706 -571.838483 -564.351567 -554.976164 -543.346944 -527.819636 -506.038777 -483.757375 -467.735430 -451.363466 -434.854629 -435.005814 -436.650489 -435.929663 -435.220891 -426.662106 -407.744754 -400.941699 -396.268162 -375.575596 -360.047690 -353.712196 -345.633631 -326.119795 -299.274481 -267.042241 -227.543152
-9999.0 -9999.0 -9999.0 -9999.0 -9999.0 -9999.0 -9999.0 -9999.0 -9999.0 -9999.0 -9999.0 -9999.0 -9999.0 -682.136360 -678.145693 -669.347151 -661.795247 -659.979703 -656.532691 -651.315993 -639.508953 -636.406027 -630.548284 -623.254475 -612.360202 -604.264034 -595.367107 -583.947327 -575.803174 -568.954936 -562.139810 -555.536836 -541.894573 -526.631192 -510.802041 -490.667049 -469.315001 -448.072700 -426.626299 -411.531757 -396.779936 -392.600077 -394.761536 -393.255146 -384.346157 -364.284789 -342.792712 -326.691170 -300.431386 -272.070692 -253.541669 -236.739738 -224.614757 -208.668231 -182.445534 -137.699598 -93.702025
-9999.0 -9999.0 -9999.0 -9999.0 -9999.0 -9999.0 -9999.0 -9999.0 -9999.0 -9999.0 -717.663906 -715.118663 -718.785886 -717.929476 -713.736320 -702.282759 -689.633105 -682.989033 -672.290699 -652.259390 -635.716408 -632.649492 -618.075779 -608.589418 -602.477564 -592.075606 -579.254007 -566.471133 -549.254302 -536.795753 -524.067649 -503.176474 -486.875729 -470.694702 -453.155554 -433.450960 -411.534467 -379.601305 -350.174898 -333.525826 -305.789250 -288.063389 -290.580534 -289.657881 -280.035713 -257.338584 -226.020109 -190.213517 -159.256252 -125.209333 -99.277311 -81.771907 -68.730273 -53.922353 -36.389676 -4.286214 33.748910
-9999.0 -9999.0 -9999.0 -9999.0 -9999.0 -9999.0 -9999.0 -9999.0 -741.274410 -734.769413 -728.600782 -731.883647 -736.952478 -740.268682 -727.815041 -712.391891 -696.890935 -680.490577 -664.991341 -647.681561 -632.351765 -615.996692 -597.197737 -585.694179 -574.112280 -559.290526 -545.878997 -527.947260 -506.773936 -491.632245 -471.894586 -449.610803 -429.399662 -410.755677 -391.515735 -371.608541 -339.264741 -299.660186 -260.366652 -227.653384 -191.739158 -159.552554 -156.044765 -150.211177 -142.087477 -109.915607 -73.933906 -38.993311 -8.635213 20.826612 50.226385 66.900975 77.709780 90.589345 106.166595 121.616931 145.208208
-9999.0 -9999.0 -9999.0 -9999.0 -9999.0 -9999.0 -766.292700 -742.450065 -728.036076 -736.036194 -743.877673 -747.333126 -750.899961 -733.196711 -712.431609 -696.149196 -680.001382 -663.236427 -647.477568 -632.639810 -597.280939 -581.672183 -566.841318 -546.823220 -533.247811 -519.612435 -502.425912 -478.663105 -454.761121 -420.209863 -387.307126 -356.835987 -326.770321 -303.290341 -280.619464 -255.519625 -214.858338 -166.624485 -120.464309 -83.553634 -51.434583 -19.901136 -8.589000 -1.366893 7.947965 26.396800 55.652522 85.194346 118.599734 150.202259 175.051687 186.798095 197.015450 208.296724 221.888791 235.956714 251.557992
-9999.0 -9999.0 -9999.0 -9999.0 -799.283378 -778.565438 -758.091917 -727.478292 -705.151303 -710.972441 -703.746969 -703.333937 -704.736086 -702.981323 -698.024116 -680.612434 -663.605364 -646.484370 -627.836508 -589.338012 -548.385252 -531.571092 -504.095728 -471.627390 -457.335133 -442.309759 -426.528542 -402.114335 -369.250755 -328.897767 -272.923572 -222.231430 -186.544545 -155.829259 -128.803901 -99.664207 -62.579882 -22.210081 15.168896 49.538345 79.659573 103.950783 119.111017 128.134925 139.807187 154.095496 172.806832 198.114814 226.513850 258.237366 285.690253 301.802347 310.369336 320.697390 332.611162 347.983356 366.438169
-9999.0 -9999.0 -9999.0 -845.147356 -806.998558 -770.751052 -743.376680 -712.696912 -681.567812 -674.979484 -667.163116 -660.508692 -653.600506 -644.809480 -634.612035 -618.824260 -605.684515 -594.226934 -573.773626 -536.987739 -500.065114 -463.939537 -429.584765 -395.400726 -369.206755 -351.189637 -332.294712 -303.709738 -256.436606 -205.151299 -141.183254 -78.504084 -35.871551 -8.481250 12.400192 38.035931 61.885879 95.343876 128.349771 159.191902 189.264799 213.963947 235.293006 246.338520 255.561747 264.520467 281.179892 301.315292 322.055750 351.110721 384.335575 406.810858 419.027256 427.195465 441.540305 456.269284 468.766692
-9999.0 -9999.0 -891.063970 -854.632825 -819.151799 -767.223813 -715.112516 -682.225579 -641.648292 -616.201677 -609.048961 -589.938407 -572.643664 -563.828055 -546.367077 -528.780024 -516.671906 -514.269966 -502.616956 -464.654800 -407.035798 -351.255045 -308.545100 -242.202321 -201.813515 -174.743333 -157.865897 -128.076801 -90.455351 -41.430862 10.219622 59.947585 99.487297 130.320127 144.928212 161.872564 184.914742 207.897834 238.445825 266.456271 294.445476 319.777346 344.105405 360.254147 367.015291 381.067864 400.978070 421.759292 441.865163 461.545418 477.449551 481.780545 483.770808 484.995509 486.534792 487.829778 488.626077
-9999.0 -9999.0 -915.376400 -871.876371 -828.389481 -757.209677 -683.023254 -645.364911 -602.272323 -558.306416 -539.005809 -515.274731 -493.971044 -473.020058 -448.042802 -422.548588 -418.970570 -416.453589 -416.266135 -357.546134 -288.989155 -208.078665 -122.895724 -59.021088 -19.753346 -10.337313 -3.058580 15.343745 41.156567 86.078155 139.050764 192.505212 236.474765 265.807572 280.685791 296.198186 317.197116 341.001977 359.061601 390.801289 410.985503 431.973327 454.867385 474.651990 482.196937 483.495696 480.990558 483.333581 484.797845 485.658918 486.169432 483.358308 482.759511 483.405300 484.402834 479.485721 472.508797
-9999.0 -1000.725539 -949.114079 -894.620406 -823.498560 -753.387174 -666.089672 -584.594893 -536.060313 -494.684384 -465.675605 -442.529099 -381.130904 -324.966122 -293.447938 -259.379883 -261.551616 -263.995671 -270.390831 -219.333240 -149.832708 -51.941352 60.508397 110.251156 136.084223 136.283652 131.409904 145.158787 172.256634 216.139438 283.597748 335.906371 381.750227 414.012760 425.354445 429.629051 444.848010 463.451068 473.658524 481.066570 483.880632 486.722871 484.920612 486.176616 486.485496 486.367778 483.019971 476.231160 466.988876 460.266625 455.803660 451.043805 453.241380 456.262229 457.136324 449.597123 439.458162
-9999.0 -1034.162677 -973.610538 -900.642441 -828.157907 -747.735233 -632.010676 -506.454110 -461.004515 -425.936407 -391.244883 -332.597600 -231.527426 -152.663007 -110.928375 -69.683872 -71.665597 -81.970143 -81.317811 -43.165623 14.956567 91.371016 207.528503 278.787538 279.264795 282.202044 286.652100 308.368739 340.456259 376.375700 417.885213 447.315551 461.583483 467.984180 470.422862 471.879412 473.856244 475.025353 472.522184 468.679777 462.815608 463.351273 468.449372 468.257162 463.891133 459.834000 453.387347 443.529577 431.498252 422.687846 417.926766 413.874371 411.949265 412.027208 407.662538 401.076793 390.319766
-9999.0 -1056.371993 -987.942789 -921.466646 -844.674011 -715.920138 -594.564492 -466.898035 -376.213220 -332.745395 -268.556489 -162.907544 -62.911568 17.914767 60.880576 82.938031 93.987648 89.421159 108.257438 156.914847 226.757063 308.988386 365.423764 415.696861 407.784573 395.408342 383.894909 386.352022 393.534304 403.919851 420.613870 438.072625 450.878882 457.772093 457.206652 454.797977 450.845843 443.706687 438.567824 433.712338 424.795353 424.538482 432.129835 432.184930 423.449191 416.227387 409.621461 401.497537 391.722334 382.325048 376.890516 372.078440 369.333742 364.577450 359.434437 352.906929 339.446018
-9999.0 -1139.037607 -1056.693974 -992.315398 -850.809160 -688.357079 -565.217813 -408.373526 -264.571230 -199.794950 -94.573163 6.927374 91.127938 147.946954 185.922845 225.056518 251.812144 278.147622 313.193913 331.504896 390.283210 428.860867 439.486487 439.608619 421.202616 401.553112 384.600531 363.912342 356.271295 356.218670 368.006359 386.593519 401.284643 415.515458 410.779922 409.648980 408.752699 405.142687 401.332254 392.404129 382.642365 377.248013 377.842783 382.587592 374.435485 368.433394 361.023933 351.842226 341.697315 332.496430 324.097987 316.808005 313.408885 307.450754 305.622603 298.123110 272.505138
-9999.0 -1219.651898 -1140.080211 -1030.549182 -874.246735 -711.329816 -558.964385 -381.049929 -172.106159 -58.050304 35.191965 84.266966 145.965841 206.458760 265.348084 299.371207 317.623725 325.366591 331.373442 342.401447 332.999272 344.974722 364.155818 382.116767 375.074975 363.923835 347.485146 333.813799 328.213030 331.313385 336.640325 343.484833 349.206529 352.749513 349.763433 350.699109 354.578109 349.250291 341.877740 334.278424 326.989414 319.281522 314.456479 311.353808 307.990354 306.214770 298.079819 287.267720 276.357430 267.772761 259.547332 253.190661 250.706367 245.979675 239.560159 228.907581 202.768216
-9999.0 -1302.627325 -1189.760955 -1083.575855 -943.053157 -801.826248 -661.100441 -487.867251 -311.434692 -85.450318 79.298079 119.231229 144.527530 184.503400 240.841638 294.151722 299.934797 272.481351 250.089965 242.017437 251.604747 268.844077 285.577920 303.172165 310.521302 311.065943 306.249213 296.178705 283.846831 278.910124 278.447524 275.099510 273.164789 275.490338 275.150341 280.632242 283.841113 275.245428 263.541505 249.341816 236.696223 227.286788 224.130259 224.431604 223.313873 219.671964 212.268037 202.202593 190.140004 179.196584 171.115208 165.390646 159.337413 150.984751 141.570925 130.952942 106.714230
-9999.0 -9999.0 -1257.261024 -1144.431860 -1025.891859 -895.252309 -762.738380 -602.168224 -439.989291 -229.061966 -100.033439 -8.609578 41.428154 79.707349 129.307310 173.842484 183.185706 192.477048 170.596928 172.898146 180.394294 188.917071 200.372024 211.766537 221.011229 225.933281 228.771657 225.984704 217.560263 204.626400 190.474814 180.523928 175.093626 171.187850 179.145277 189.546211 188.206974 182.160769 171.453925 157.129489 144.864608 132.400416 128.855647 129.354975 128.974936 125.785431 120.555074 108.408434 96.042237 83.765569 77.794363 71.792339 65.891145 55.415617 44.417236 31.717364 8.903251
-9999.0 -9999.0 -1338.333847 -1226.035191 -1102.519060 -974.973935 -863.956039 -747.731095 -584.931677 -456.511914 -346.289527 -247.465754 -166.199474 -107.399028 -63.990996 -13.190250 12.146547 23.414346 29.803303 45.022859 65.641354 85.578528 99.199301 110.853800 121.868093 130.984058 138.139236 128.382558 118.777990 104.646206 87.243105 68.421983 58.718071 54.087284 58.217926 65.105669 60.684897 51.370534 37.997916 22.318930 9.590229 -2.503963 -6.673338 -8.844866 -9.761139 -12.683613 -16.417407 -26.256031 -38.883597 -48.471147 -57.089953 -64.520987 -69.038915 -78.084825 -89.729541 -99.338945 -122.115891
