tests/Borden05m/sims/sim_1/output-maps/psiliqL0025N0002.asc
ncols         160
nrows         34
xllcorner     620200.000000
yllcorner     5168000.000000
cellsize      0.500000
NODATA_value  -9999.0
[rows 0 to 24 of 34, columns 0 to 54 of 160]
-9999.0 -9999.0 -9999.0 -9999.0 -9999.0 -9999.0 -9999.0 -9999.0 -9999.0 -9999.0 -9999.0 -9999.0 -9999.0 -9999.0 -9999.0 -9999.0 -9999.0 -9999.0 -9999.0 -9999.0 -9999.0 -9999.0 -9999.0 -9999.0 -9999.0 -9999.0 -9999.0 -9999.0 -9999.0 -9999.0 -9999.0 -9999.0 -9999.0 -9999.0 -9999.0 -9999.0 -9999.0 -9999.0 -9999.0 -9999.0 -9999.0 -9999.0 -9999.0 -9999.0 -9999.0 -9999.0 -9999.0 -9999.0 -9999.0 -9999.0 -9999.0 -9999.0 -9999.0 -9999.0 -9999.0
-9999.0 -9999.0 -9999.0 -9999.0 -9999.0 -9999.0 -9999.0 -9999.0 -9999.0 -9999.0 -9999.0 -9999.0 -9999.0 -9999.0 -9999.0 -9999.0 -9999.0 -9999.0 -9999.0 -9999.0 -9999.0 -9999.0 -9999.0 -9999.0 -9999.0 -9999.0 -9999.0 -9999.0 -9999.0 -9999.0 -9999.0 -9999.0 -9999.0 -9999.0 -9999.0 -9999.0 -9999.0 -9999.0 -9999.0 -9999.0 -9999.0 -9999.0 -9999.0 -9999.0 -9999.0 -9999.0 -9999.0 -9999.0 -9999.0 -9999.0 -9999.0 -9999.0 -9999.0 -9999.0 -9999.0
-9999.0 -9999.0 -9999.0 -9999.0 -9999.0 -9999.0 -9999.0 -9999.0 -9999.0 -9999.0 -9999.0 -9999.0 -9999.0 -9999.0 -9999.0 -9999.0 -9999.0 -9999.0 -9999.0 -9999.0 -9999.0 -9999.0 -9999.0 -9999.0 -9999.0 -9999.0 -9999.0 -9999.0 -9999.0 -9999.0 -9999.0 -9999.0 -9999.0 -9999.0 -9999.0 -9999.0 -9999.0 -9999.0 -9999.0 -9999.0 -9999.0 -9999.0 -9999.0 -9999.0 -9999.0 -9999.0 -9999.0 3073.390388 3056.158939 3042.510656 3037.761963 3058.648885 3081.484580 3105.040045 3125.313735
-9999.0 -9999.0 -9999.0 -9999.0 -9999.0 -9999.0 -9999.0 -9999.0 -9999.0 -9999.0 -9999.0 -9999.0 -9999.0 -9999.0 -9999.0 -9999.0 -9999.0 -9999.0 -9999.0 -9999.0 -9999.0 -9999.0 -9999.0 -9999.0 -9999.0 -9999.0 -9999.0 -9999.0 -9999.0 -9999.0 -9999.0 -9999.0 -9999.0 -9999.0 -9999.0 -9999.0 -9999.0 -9999.0 -9999.0 -9999.0 3124.241050 3130.057491 3129.741120 3119.686485 3108.187808 3094.394967 3073.687245 3056.450367 3043.180692 3041.067825 3043.292147 3045.803002 3066.250122 3091.327606 3110.942887
-9999.0 -9999.0 -9999.0 -9999.0 -9999.0 -9999.0 -9999.0 -9999.0 -9999.0 -9999.0 -9999.0 -9999.0 -9999.0 -9999.0 -9999.0 -9999.0 -9999.0 -9999.0 -9999.0 -9999.0 -9999.0 -9999.0 -9999.0 -9999.0 -9999.0 -9999.0 -9999.0 -9999.0 -9999.0 -9999.0 -9999.0 -9999.0 -9999.0 -9999.0 3032.498663 3049.295571 3067.010678 3085.335992 3102.082552 3108.956337 3114.682403 3119.881679 3115.055311 3110.392041 3098.460022 3077.268214 3057.744533 3044.743395 3043.520776 3040.845847 3044.119713 3055.356266 3071.611364 3086.284472 3106.448476
-9999.0 -9999.0 -9999.0 -9999.0 -9999.0 -9999.0 -9999.0 -9999.0 -9999.0 -9999.0 -9999.0 -9999.0 -9999.0 -9999.0 -9999.0 -9999.0 -9999.0 -9999.0 -9999.0 -9999.0 -9999.0 -9999.0 -9999.0 -9999.0 -9999.0 -9999.0 -9999.0 -9999.0 3038.937034 3032.853583 3027.820063 3026.000419 3024.295256 3023.094350 3029.567097 3040.471241 3057.260542 3079.035246 3092.027715 3099.028008 3105.660443 3105.745867 3099.575091 3097.515934 3097.652827 3084.671929 3072.059092 3060.227343 3048.636060 3045.171034 3053.659162 3067.447733 3083.195513 3097.298498 3112.065739
-9999.0 -9999.0 -9999.0 -9999.0 -9999.0 -9999.0 -9999.0 -9999.0 -9999.0 -9999.0 -9999.0 -9999.0 -9999.0 -9999.0 -9999.0 -9999.0 -9999.0 -9999.0 -9999.0 -9999.0 -9999.0 -9999.0 -9999.0 3009.656123 3014.458496 3020.761154 3028.175657 3028.896667 3025.367370 3019.743210 3016.767243 3015.023736 3012.427678 3016.606515 3023.279905 3035.840458 3050.679372 3072.507267 3080.318119 3084.226789 3095.167376 3098.375515 3105.631745 3109.051368 3106.664303 3102.125815 3086.811944 3074.806795 3076.535814 3080.039720 3086.276382 3093.971576 3106.814916 3119.959972 3134.672013
-9999.0 -9999.0 -9999.0 -9999.0 -9999.0 -9999.0 -9999.0 -9999.0 -9999.0 -9999.0 -9999.0 -9999.0 -9999.0 -9999.0 -9999.0 -9999.0 -9999.0 -9999.0 -9999.0 2985.488054 2986.411333 2987.721880 2992.372362 2992.591944 2994.133273 3000.607716 3008.284486 3010.810314 3008.264852 3006.876517 3007.768958 3009.865133 3013.845987 3023.747089 3036.506885 3049.745464 3061.867664 3081.778243 3095.408424 3106.993673 3121.504074 3121.183677 3116.865280 3114.488391 3113.713069 3111.452718 3109.433462 3107.924812 3113.299518 3113.415676 3116.263839 3124.569946 3135.668854 3151.376367 3168.114852
-9999.0 -9999.0 -9999.0 -9999.0 -9999.0 -9999.0 -9999.0 -9999.0 -9999.0 -9999.0 -9999.0 -9999.0 -9999.0 -9999.0 -9999.0 -9999.0 2956.872395 2958.504810 2960.683624 2966.012771 2969.452406 2973.131531 2979.797822 2980.733036 2983.721852 2990.281969 2994.183506 3002.837443 3010.543565 3016.901555 3021.936499 3023.479821 3029.066784 3037.240629 3047.570446 3060.370284 3079.346431 3101.706315 3116.286423 3131.854472 3147.979182 3147.517885 3144.843300 3144.161231 3141.831116 3142.542288 3156.064517 3158.397705 3152.602940 3161.726445 3172.593240 3174.553713 3180.495785 3199.125356 3220.351259
-9999.0 -9999.0 -9999.0 -9999.0 -9999.0 -9999.0 -9999.0 -9999.0 -9999.0 -9999.0 -9999.0 -9999.0 -9999.0 2908.005338 2911.792870 2921.727599 2932.838906 2935.583403 2940.189036 2946.514812 2958.236292 2961.395120 2966.843759 2973.425948 2985.064641 2992.886992 3000.795944 3011.544726 3018.515051 3024.345396 3029.576787 3031.433844 3041.743337 3054.482323 3067.565733 3085.358439 3105.881029 3123.103244 3140.097617 3155.115814 3165.683210 3162.262359 3160.303768 3161.310618 3165.081265 3177.180195 3192.678594 3192.686911 3201.888508 3221.414017 3230.793093 3237.401582 3242.685532 3255.464318 3275.927382
-9999.0 -9999.0 -9999.0 -9999.0 -9999.0 -9999.0 -9999.0 -9999.0 -9999.0 -9999.0 2881.221160 2882.529916 2878.494135 2875.596289 2880.979014 2892.920595 2907.008280 2912.155071 2923.633793 2944.421704 2962.434556 2964.799377 2977.449291 2986.480120 2992.143455 3000.780959 3012.292265 3022.953865 3036.918180 3047.049487 3054.453461 3069.393064 3083.511462 3097.957565 3113.485471 3132.168804 3147.007381 3169.556860 3193.080669 3200.707746 3216.764193 3219.151859 3214.040612 3211.265508 3219.288077 3229.640466 3243.753241 3258.888660 3276.423343 3297.451929 3307.348336 3319.338677 3327.573020 3337.177681 3351.622983
-9999.0 -9999.0 -9999.0 -9999.0 -9999.0 -9999.0 -9999.0 -9999.0 2856.992214 2864.785305 2869.832265 2866.123956 2861.118992 2854.844952 2868.867468 2883.689016 2898.846281 2916.397221 2931.192185 2948.585262 2961.619206 2975.382229 2993.959413 3003.448065 3012.674652 3026.160486 3037.611466 3050.969006 3069.770434 3076.415823 3086.358843 3104.193510 3118.413882 3133.612095 3150.051185 3164.962469 3184.205499 3213.076315 3240.709035 3256.150676 3280.917736 3297.420359 3291.264857 3289.003425 3289.632406 3311.731288 3337.004144 3364.957364 3383.405482 3406.142123 3433.454128 3451.458043 3460.235439 3470.886205 3484.256823
-9999.0 -9999.0 -9999.0 -9999.0 -9999.0 -9999.0 2829.090320 2853.154409 2867.886086 2858.816809 2844.433511 2838.759391 2832.074023 2861.523439 2883.069753 2899.528869 2915.291586 2931.802035 2946.944292 2954.623092 2983.010999 3000.870013 3011.511991 3023.764673 3036.661319 3049.498011 3064.204136 3084.053807 3100.366526 3121.468851 3136.990087 3152.607865 3174.826293 3190.777110 3206.309378 3218.939923 3245.382440 3278.825655 3312.177205 3335.813038 3359.378487 3389.595293 3389.404007 3390.941103 3392.521293 3415.008938 3447.560715 3476.474127 3507.648372 3537.578056 3564.941054 3575.069133 3583.715862 3593.300308 3605.446168
-9999.0 -9999.0 -9999.0 -9999.0 2797.292632 2817.808120 2836.089498 2865.642658 2887.026548 2881.350236 2885.172309 2882.549807 2877.484945 2881.442937 2888.470391 2904.666486 2922.545966 2940.741364 2954.081959 2980.266165 3025.257180 3035.275338 3051.625895 3079.713436 3089.428754 3101.963978 3115.993269 3135.162953 3153.074732 3179.417788 3213.169139 3241.681267 3262.074430 3280.321268 3298.267994 3314.484475 3347.970163 3383.636870 3418.157604 3448.871963 3475.157819 3500.196293 3506.939563 3511.624470 3521.242761 3537.538604 3559.346933 3586.183281 3618.766831 3650.228827 3673.220757 3682.501360 3687.708586 3697.001945 3704.583797
-9999.0 -9999.0 -9999.0 2746.176005 2782.639842 2821.653522 2846.819423 2876.386013 2907.884772 2907.411745 2915.155582 2914.539098 2913.059648 2917.660027 2920.249584 2935.468529 2951.963888 2969.876591 2989.421491 3021.784824 3050.066707 3067.715486 3094.348721 3110.190632 3122.617841 3134.329405 3151.292191 3170.318545 3205.472738 3234.732990 3279.697529 3329.080124 3360.504840 3379.438394 3400.658146 3426.991859 3451.060366 3488.356717 3521.530034 3552.873878 3582.507012 3604.329279 3618.639600 3623.208087 3632.306341 3638.061575 3650.728426 3671.273062 3693.028672 3722.905541 3751.534448 3779.301377 3794.007160 3804.600861 3821.222999
-9999.0 -9999.0 2697.860979 2737.174190 2768.654135 2812.673013 2865.003728 2899.218403 2937.827242 2956.230721 2958.720551 2968.858602 2978.550460 2978.976650 2987.194964 2998.992968 3019.073612 3026.348368 3044.810586 3060.876460 3098.048884 3131.802260 3129.551678 3167.898638 3196.914504 3227.419431 3246.925565 3272.267244 3308.358885 3342.009718 3385.628560 3434.214566 3467.994682 3495.356100 3510.463481 3529.699836 3549.542844 3574.680487 3610.129936 3635.609216 3668.175379 3693.084679 3712.477951 3713.785886 3716.487198 3732.160856 3759.408946 3789.027061 3816.839140 3844.612115 3831.888248 3853.295232 3862.851340 3868.182923 3876.566065
-9999.0 -9999.0 2667.861350 2714.198405 2749.147825 2804.827188 2889.842199 2923.479768 2962.725724 3006.937257 3019.988866 3040.367580 3035.001052 3025.032271 3041.968006 3055.835563 3073.954220 3080.122778 3073.689946 3124.728067 3176.372311 3202.619867 3212.898265 3286.744399 3336.708494 3358.846690 3374.000300 3393.354135 3412.835913 3450.786576 3490.048626 3543.078331 3583.687376 3612.827490 3626.878356 3645.910785 3664.842956 3679.684461 3698.560276 3743.531186 3777.263245 3806.817168 3837.509057 3858.321046 3866.240500 3870.833438 3847.352045 3865.226176 3877.347667 3882.575589 3884.628549 3880.884564 3880.293525 3881.090019 3882.017621
-9999.0 2574.740156 2627.214499 2677.883737 2742.495659 2801.083943 2875.889965 2950.292602 3014.171848 3064.418077 3088.748977 3082.732610 3085.574760 3111.280867 3129.961988 3146.270062 3150.219030 3158.580782 3139.725299 3190.942056 3227.865663 3278.777341 3377.689387 3434.402853 3493.917726 3490.051845 3478.743385 3484.054848 3500.346955 3545.417051 3621.611024 3675.616526 3738.673137 3785.584172 3801.830409 3808.759410 3826.814753 3847.001610 3800.479265 3840.475109 3858.836876 3874.158330 3882.433277 3884.545063 3885.724500 3885.504871 3881.858973 3874.912063 3866.787096 3860.980435 3856.773789 3852.271021 3854.704558 3858.026045 3858.289385
-9999.0 2536.523289 2594.053996 2662.629226 2730.229160 2779.030528 2859.353159 3021.757701 3081.949888 3118.386577 3124.400794 3103.959655 3162.344270 3221.210322 3245.331659 3289.021370 3273.719817 3258.306972 3223.231641 3248.180311 3286.839479 3356.615814 3522.170961 3608.949956 3657.032844 3664.908333 3666.089586 3693.591645 3736.135468 3781.427230 3824.933078 3797.286129 3843.296535 3865.889670 3870.610901 3871.271771 3876.341012 3874.978808 3873.403181 3869.013921 3863.896065 3864.052252 3868.582162 3868.416946 3865.478656 3862.138554 3856.463319 3849.039733 3843.814297 3839.189853 3836.525174 3833.673968 3831.758485 3831.112897 3826.341115
-9999.0 2496.865367 2571.319723 2629.902674 2677.402001 2770.210066 2895.434211 3037.237645 3131.773821 3164.679364 3145.569598 3182.725783 3283.518594 3386.887734 3437.741816 3458.213638 3440.512827 3394.587107 3376.414654 3418.999560 3487.604673 3602.717706 3734.747787 3830.444693 3845.053051 3848.201675 3803.551237 3827.576144 3849.844189 3852.486671 3853.532255 3860.862808 3865.891214 3868.780743 3867.228576 3864.339599 3859.541131 3851.381371 3846.566641 3842.918788 3839.170670 3838.063759 3840.103842 3841.858744 3839.065812 3835.181768 3830.708865 3825.129138 3818.845931 3812.109115 3807.837517 3803.620129 3801.503015 3796.056957 3792.499485
-9999.0 2374.973909 2470.738760 2512.139786 2589.154919 2776.288722 2900.709608 3040.345804 3202.013889 3222.845849 3269.628730 3405.163463 3521.287264 3599.555868 3628.574961 3661.871829 3686.058768 3702.093123 3737.836423 3626.618802 3703.492825 3795.656964 3837.548766 3855.714569 3864.490252 3864.837553 3855.114484 3834.456247 3823.747813 3816.994661 3818.602089 3825.862300 3830.590617 3835.419767 3833.129631 3834.132291 3835.119005 3831.868177 3827.875422 3819.208034 3811.384928 3804.773672 3801.641405 3806.378563 3801.713220 3799.290065 3793.137803 3784.764588 3775.875784 3768.510737 3760.607397 3754.068100 3751.824880 3746.812499 3745.637202
-9999.0 2293.951897 2366.632054 2428.010962 2540.128482 2703.505388 2796.747497 2953.861620 3189.996752 3322.712879 3480.974681 3568.651453 3638.123994 3681.048250 3731.627849 3782.064381 3808.030378 3818.994268 3789.942358 3810.437364 3768.471946 3757.549330 3774.738278 3803.312563 3819.868315 3823.839600 3815.894352 3806.579480 3799.324979 3798.200822 3796.099709 3792.251245 3788.329881 3784.856879 3781.716234 3784.582776 3789.813079 3782.793175 3772.691167 3763.368657 3754.961183 3745.832249 3739.931407 3735.399619 3735.653250 3735.897313 3728.315887 3717.880409 3707.100069 3698.870760 3691.685561 3687.142300 3684.534401 3679.628701 3670.218050
-9999.0 2175.053766 2306.886086 2383.943679 2479.479947 2608.251277 2713.148741 2859.393177 2988.929593 3229.547815 3370.791194 3553.488478 3601.441126 3669.180114 3716.954381 3788.648539 3784.464024 3752.961690 3710.580808 3694.257511 3704.494023 3713.229180 3721.671048 3736.397481 3753.833820 3763.772970 3768.411837 3762.202381 3748.035467 3735.855649 3725.149101 3711.831602 3702.646219 3700.275693 3703.994597 3713.713623 3714.386923 3705.114927 3691.130505 3673.134242 3657.704737 3646.038880 3643.970746 3646.630549 3647.653218 3643.673151 3637.829857 3627.162164 3614.651209 3602.379439 3596.617858 3592.263408 3584.990579 3573.989170 3562.313784
-9999.0 -9999.0 2221.406009 2329.575703 2423.089188 2533.778711 2623.746395 2742.478648 2875.645186 3045.811123 3160.902166 3335.009471 3426.936753 3470.361674 3505.128418 3560.073586 3584.190938 3613.824532 3606.758228 3617.422791 3626.625990 3631.679387 3637.071193 3643.119044 3653.671119 3663.350178 3673.232884 3670.443137 3661.574696 3641.387326 3616.234742 3596.695832 3586.371232 3577.349860 3589.180046 3601.595616 3596.338244 3589.475198 3576.939351 3560.826743 3548.266323 3534.123826 3530.676987 3530.668074 3531.262012 3528.961502 3526.339643 3513.976068 3501.770701 3491.818551 3487.775341 3482.233757 3478.617025 3468.875043 3458.369802
-9999.0 -9999.0 2132.992090 2236.779439 2338.823191 2455.431878 2539.375795 2556.624386 2693.220473 2788.538958 2894.334707 3002.816498 3097.042349 3164.135835 3197.137823 3258.446402 3312.501112 3330.131099 3367.889793 3419.014456 3452.001890 3489.821472 3512.012172 3521.484927 3533.892573 3548.047323 3555.504653 3540.575752 3529.332094 3512.333208 3489.188425 3462.933069 3449.615127 3448.884056 3448.248514 3450.138477 3442.744653 3433.802166 3419.438746 3405.438375 3393.250988 3384.188206 3380.618880 3375.313055 3373.171393 3370.510810 3368.774842 3363.365024 3354.986003 3350.276058 3342.240474 3338.475982 3337.642659 3334.453033 3328.644150
