tests/Borden05m/sims/sim_1/output-maps/psiliqL0026N0017.asc
ncols         160
nrows         34
xllcorner     620200.000000
yllcorner     5168000.000000
cellsize      0.500000
NODATA_value  -9999.0
[rows 0 to 24 of 34, columns 55 to 109 of 160]
-9999.0 -9999.0 -9999.0 -9999.0 -9999.0 -9999.0 -9999.0 -9999.0 -9999.0 -9999.0 -9999.0 -9999.0 -9999.0 -9999.0 -9999.0 -9999.0 -9999.0 -9999.0 -9999.0 -9999.0 -9999.0 -9999.0 -9999.0 -9999.0 -9999.0 -9999.0 -9999.0 -9999.0 -9999.0 -9999.0 -9999.0 -9999.0 -9999.0 -9999.0 -9999.0 -9999.0 -9999.0 -9999.0 -9999.0 -9999.0 -9999.0 -9999.0 -9999.0 -9999.0 -9999.0 -9999.0 -9999.0 -9999.0 -9999.0 -9999.0 -9999.0 -9999.0 -9999.0 -9999.0 -9999.0
-9999.0 -9999.0 -9999.0 -9999.0 3398.202636 3392.895549 3388.114028 3383.588810 3375.190342 3365.858674 3357.970992 3353.755444 3352.555178 3351.674931 3350.997456 3355.806328 3363.801662 3371.353043 3378.160497 3380.344928 3382.622863 3384.418975 3384.596854 3383.406526 3380.129667 3376.917155 3373.494287 3371.758373 3364.380634 3353.237580 3344.916758 3342.217636 3346.382737 3350.715509 3353.171291 3358.342252 3368.718325 3379.305408 3387.703617 3400.253899 3407.280066 3412.641399 3415.250862 3411.292131 3408.055609 3404.115985 3398.009609 3386.930472 -9999.0 -9999.0 -9999.0 -9999.0 -9999.0 -9999.0 -9999.0
3343.236490 3361.572988 3382.338182 3385.417519 3373.854677 3368.763287 3365.595150 3363.892239 3359.609237 3351.070678 3345.900919 3340.360687 3337.646741 3337.580470 3337.385706 3340.968479 3351.648256 3359.361269 3363.841639 3366.396965 3369.168474 3367.522091 3366.672546 3366.380593 3363.418938 3359.882266 3356.447708 3354.547582 3355.970358 3348.347981 3342.327146 3338.408681 3335.434291 3338.164453 3340.853236 3345.439005 3354.601479 3362.503553 3370.466358 3385.470542 3398.652015 3404.374515 3401.867849 3397.327018 3393.571496 3386.215093 3375.665163 3365.717230 3357.645211 3351.601130 3346.311946 3339.966652 3346.465179 3354.417008 3363.806672
3326.406792 3345.487524 3365.838329 3368.333873 3358.031548 3350.262100 3343.365043 3343.821945 3347.253178 3343.948923 3339.049665 3331.164790 3341.091535 3341.987922 3342.580661 3345.657906 3347.427790 3352.452573 3354.771669 3360.008984 3368.887111 3371.603834 3371.948674 3371.906120 3369.838836 3366.505556 3364.468004 3361.602449 3356.263497 3354.411843 3354.013451 3352.688216 3356.744815 3358.242081 3361.167482 3355.690937 3360.127462 3366.392734 3373.365117 3378.888820 3384.859776 3387.414343 3384.178415 3384.850914 3376.773503 3363.221144 3353.480163 3346.117105 3346.446469 3343.590887 3335.766139 3322.147250 3330.562798 3346.778464 3351.657950
3330.555008 3339.347688 3349.779543 3352.175702 3347.057009 3349.186918 3350.880928 3351.985381 3350.020211 3346.366399 3341.858796 3352.133751 3360.275519 3361.519295 3363.812257 3367.635935 3368.391978 3357.436526 3355.305787 3362.462058 3371.985598 3377.021166 3377.094277 3376.622460 3372.838194 3371.585517 3371.293821 3369.419707 3368.824891 3370.306166 3367.803337 3370.689519 3376.114825 3379.201453 3374.216857 3365.840692 3368.114141 3376.585545 3385.514722 3393.122005 3403.310567 3414.129678 3414.480578 3410.058053 3401.671561 3389.359199 3367.248240 3349.879494 3339.032395 3331.153438 3324.008915 3327.124127 3322.543328 3336.492513 3338.401947
3315.881413 3336.433865 3356.304034 3362.015730 3355.899283 3352.062540 3350.719167 3351.230140 3350.126380 3350.431464 3358.972988 3370.570010 3381.372263 3383.184235 3384.846677 3383.448968 3376.072521 3365.689685 3362.934258 3376.061538 3392.423927 3400.152414 3399.548050 3395.105557 3398.099416 3398.158382 3398.614305 3395.216123 3395.876235 3393.392494 3398.738660 3406.375242 3414.314187 3412.938013 3400.574390 3388.261067 3388.226663 3393.727307 3400.711556 3408.330255 3418.519618 3427.689392 3422.972378 3417.940766 3410.721082 3385.295519 3363.087673 3348.995938 3349.469970 3350.386151 3346.128017 3344.267130 3343.532915 3339.601317 3339.969051
3351.451948 3370.460553 3390.279639 3403.041828 3396.741021 3389.162674 3380.624363 3380.689840 3380.935042 3386.597703 3396.773369 3409.302901 3430.790415 3430.079540 3430.374827 3428.932298 3415.963604 3402.694110 3392.678337 3414.675282 3425.617476 3432.677638 3429.998658 3435.002843 3443.561027 3439.945564 3433.631000 3421.538899 3427.095875 3433.506909 3448.603634 3456.508751 3461.774671 3457.192552 3443.314333 3436.569269 3438.126884 3444.630111 3445.864964 3454.565940 3463.367153 3478.339498 3477.093812 3473.913563 3454.186575 3417.358680 3388.276271 3376.117998 3387.428285 3381.937313 3375.929932 3375.997956 3365.121541 3358.106035 3360.836259
3382.884186 3396.127268 3412.164038 3428.532445 3419.529470 3409.273673 3392.681377 3389.438351 3393.473485 3403.492592 3420.835929 3438.632748 3458.388703 3456.940799 3450.265557 3459.817691 3452.788278 3441.913797 3434.365036 3455.729679 3465.762905 3475.921021 3481.582043 3494.166627 3504.549138 3488.010178 3470.934810 3460.509245 3467.503227 3493.054379 3515.427194 3520.211179 3519.271801 3518.703997 3503.415291 3498.597717 3495.213842 3495.586836 3492.995291 3491.165189 3516.530534 3538.116049 3537.968776 3516.541917 3493.932231 3454.487602 3416.892718 3392.737091 3405.839038 3402.637716 3406.095931 3396.160483 3384.613332 3377.641394 3375.547160
3432.599118 3454.026625 3470.287515 3492.004132 3482.820077 3459.689163 3443.603028 3446.091553 3459.519491 3467.474251 3485.825582 3502.820087 3528.531450 3540.554822 3551.706593 3555.570753 3548.515616 3539.953427 3527.927757 3533.159328 3557.026650 3568.591476 3576.885815 3585.251843 3597.869550 3598.218124 3591.286537 3589.433505 3593.790409 3607.264036 3621.718264 3628.457184 3631.509097 3634.119844 3620.900508 3608.009727 3606.016725 3600.582747 3599.376040 3598.628546 3610.134022 3630.731237 3627.574409 3591.116971 3564.368236 3529.457229 3491.186894 3461.969310 3455.958813 3475.116085 3473.110204 3457.058068 3446.746388 3420.970137 3416.036049
3501.664560 3534.501499 3558.756227 3568.874582 3576.222806 3561.372479 3559.219459 3563.322832 3571.641581 3574.705575 3581.076141 3613.413473 3647.147781 3672.092570 3694.812733 3701.948326 3689.613063 3679.819631 3666.278566 3657.469174 3668.535237 3685.805086 3703.468873 3718.380463 3729.704359 3731.771361 3730.185334 3730.239414 3733.356685 3736.355962 3740.679402 3749.178574 3756.832957 3765.484230 3773.493664 3763.025455 3746.043582 3736.807674 3727.839141 3727.099170 3728.535503 3732.458099 3733.572745 3716.795508 3674.718256 3643.105845 3611.024615 3591.549408 3578.452199 3578.397148 3560.335885 3536.088704 3484.784766 3447.626842 3416.511761
3587.264988 3631.382921 3660.615406 3677.681881 3690.336291 3687.241908 3689.055001 3690.036650 3693.719992 3696.026545 3698.672025 3725.549302 3767.272763 3806.765555 3838.093647 3837.884979 3824.037817 3812.666588 3803.564684 3789.093805 3785.138147 3797.892905 3813.430813 3833.853137 3844.284313 3850.312610 3846.949831 3847.168399 3849.010718 3851.369800 3853.529380 3857.221677 3866.966619 3882.167548 3896.791286 3895.881629 3876.754182 3858.743507 3842.735085 3840.369694 3838.005532 3833.099314 3835.512460 3837.433764 3821.344450 3789.857426 3749.877751 3709.475634 3692.924878 3677.905662 3667.069221 3650.134249 3609.355087 3542.530663 3503.051706
3702.541875 3736.938942 3766.041798 3796.392600 3811.186561 3813.293576 3810.664677 3809.411557 3816.435905 3819.077371 3824.619219 3841.221550 3873.752820 3909.572922 3939.476987 3954.873309 3946.925898 3928.740056 3906.308321 3896.298229 3893.316439 3897.008541 3906.671086 3919.771347 3939.512554 3959.138728 3964.946762 3965.840208 3963.144274 3965.593737 3967.186636 3967.310138 3970.327788 3979.030111 3989.068356 3992.489254 3984.551159 3963.204160 3939.500386 3928.209563 3921.762999 3918.375309 3919.485801 3924.788673 3928.144812 3913.156095 3877.129442 3832.254953 3802.301502 3787.299065 3774.554919 3760.428416 3747.884502 3714.477644 3693.347120
3811.963623 3827.355994 3855.827876 3884.839221 3907.502493 3922.182832 3922.444731 3925.381335 3930.173920 3937.421277 3952.518609 3976.145682 3995.553679 4018.594063 4045.584375 4062.118427 4067.369684 4065.584892 4061.345475 4062.508721 4062.877140 3997.311249 4003.821900 4010.315424 4028.157767 4044.119069 4049.918563 4050.584160 4047.928588 4049.820834 4050.619618 4050.497215 4050.122609 4052.618003 4057.916991 4059.942242 4057.438514 4044.354566 4063.704791 4043.417660 4029.808408 4021.518985 4013.206647 4004.939090 3995.477500 3985.521446 3965.144866 3933.906302 3899.338267 3878.041673 3870.231538 3864.085641 3855.443943 3849.667433 3832.476245
3910.838588 3921.429499 3939.868186 3962.861361 3997.351508 4021.149066 4032.662686 4042.063837 4046.755381 4060.856277 4077.785744 4060.968797 4069.667858 4078.669770 4087.614126 4090.685693 4091.565155 4091.159346 4088.750567 4087.939353 4085.458538 4082.062377 4071.514937 4073.133609 4075.116665 4077.748580 4081.501462 4080.411516 4081.537333 4084.496931 4082.714466 4076.621736 4072.502951 4070.926386 4071.966151 4079.432388 4082.952536 4083.924981 4080.374863 4079.418964 4078.375926 4074.815083 4070.369435 4064.102377 4056.085580 4071.773789 4059.528096 4031.061459 3990.181280 3948.429596 3941.083733 3943.193213 3943.002622 3941.507075 3935.877844
4037.368272 4051.236762 4066.216766 4042.553232 4065.944905 4077.915860 4083.513272 4087.761863 4090.613443 4093.907155 4090.912614 4087.932421 4083.022996 4081.429071 4080.067430 4077.619360 4078.246316 4076.358699 4072.274586 4068.186579 4060.097966 4048.452072 4037.273880 4033.628745 4037.914051 4043.586153 4048.809421 4053.360560 4057.120486 4057.047755 4051.512691 4043.021730 4035.420826 4033.778122 4040.699596 4046.469159 4053.103217 4053.997730 4052.601454 4050.068257 4049.784889 4046.444352 4046.632096 4053.772247 4068.677588 4071.190829 4077.370452 4076.490421 4059.059719 4027.496405 4040.410424 4020.380552 4026.563361 4021.937837 4010.547874
4082.098041 4084.999362 4083.292081 4082.243100 4075.820513 4069.735143 4068.948099 4072.981099 4080.053627 4081.099571 4074.028963 4065.409865 4058.140455 4050.644755 4048.271898 4047.754535 4047.527124 4048.056850 4042.752290 4033.310618 4016.142073 4004.544242 3993.474356 3987.531592 3983.601166 3986.950568 3998.319649 4010.709218 4015.790186 4006.291159 3997.739893 3985.812285 3977.724651 3978.187210 3979.136070 3988.697853 4005.793116 4013.570256 4014.376095 4007.795073 4001.149033 3994.425752 3991.277388 3997.696454 4013.070117 4030.005627 4045.818118 4055.075612 4062.858152 4070.051620 4068.082154 4070.952316 4072.531624 4070.301849 4073.629471
4076.574887 4069.551037 4062.533571 4057.208664 4050.768079 4045.490116 4043.643943 4045.484595 4047.356659 4043.198105 4036.833500 4026.838805 4015.792303 4006.084442 3998.362208 3999.403680 4001.780534 4003.500703 3996.146059 3980.700993 3962.834366 3949.336801 3935.464640 3931.536959 3925.569890 3917.666481 3927.764122 3947.711522 3955.188600 3938.898033 3927.927977 3912.641744 3906.106909 3902.039045 3902.766137 3911.669453 3934.393636 3958.880435 3961.037043 3949.983093 3938.996411 3934.273590 3931.016121 3935.517646 3952.176599 3973.101621 3989.330603 3999.860161 4005.195773 4012.982910 4022.393764 4036.848444 4051.823054 4064.299880 4068.738624
4051.349396 4043.590394 4035.932825 4028.310812 4021.428701 4015.239273 4010.954406 4009.010988 4004.993604 3998.892684 3991.877355 3970.792594 3958.354727 3945.395727 3930.415317 3926.521641 3921.632261 3922.703867 3911.203803 3903.403755 3887.096306 3871.785472 3856.199135 3842.680352 3836.981391 3830.242472 3828.154332 3841.501302 3849.899617 3840.667712 3831.025250 3820.536927 3816.139817 3812.779006 3815.303880 3825.766093 3845.144662 3863.454113 3871.989651 3864.692503 3863.667006 3863.847302 3862.245310 3868.597268 3879.145973 3896.968119 3919.468778 3938.631242 3948.557606 3955.376682 3964.534327 3978.978380 3993.127396 4007.529094 4025.625746
4020.848236 4011.548327 4001.646208 3991.941432 3981.473726 3970.944604 3964.444796 3967.216241 3961.262527 3955.720122 3932.555387 3876.898438 3855.649620 3836.712977 3820.486180 3813.760285 3805.323017 3788.673913 3780.109377 3775.831977 3778.701589 3764.905591 3747.481921 3729.746005 3724.924902 3721.472910 3703.530585 3698.254325 3698.613423 3715.800567 3709.863645 3708.967691 3711.196970 3708.832968 3709.980334 3722.666896 3730.054620 3735.145072 3741.941961 3747.214444 3758.040109 3766.226979 3776.895865 3794.086948 3804.715513 3819.790853 3839.959412 3865.673924 3881.234032 3890.667989 3900.953109 3916.153547 3932.235515 3949.952931 3972.321031
3986.225802 3969.561579 3954.978964 3940.717428 3928.082090 3915.307825 3899.391280 3901.411487 3899.437561 3889.130091 3833.397423 3792.881840 3759.082553 3742.117558 3718.527032 3704.968458 3688.335102 3649.144924 3631.614553 3631.746475 3647.526961 3644.652935 3629.627060 3618.038634 3608.627746 3599.132601 3581.094359 3561.573628 3567.797862 3586.828492 3588.274017 3592.081272 3600.297812 3599.898751 3592.899820 3589.454467 3601.236689 3606.424230 3617.666102 3635.778667 3640.661210 3657.618491 3691.853538 3704.470854 3719.302747 3737.335672 3757.406048 3779.221950 3801.756420 3815.675231 3830.704291 3848.929546 3865.409366 3885.516621 3907.882549
3935.303662 3904.138103 3883.063426 3865.779455 3846.677615 3819.443983 3799.625467 3797.534487 3791.582064 3761.929820 3709.365716 3674.384284 3651.772372 3630.294452 3607.670378 3583.779726 3545.872735 3511.149246 3489.460786 3506.347211 3518.161055 3530.927998 3519.952371 3509.546694 3500.174820 3481.905557 3465.058035 3448.282840 3459.585806 3468.286933 3488.294002 3495.517486 3499.477274 3505.668722 3504.151467 3492.715415 3486.532712 3494.375626 3504.030375 3515.965925 3538.038921 3573.803647 3598.282638 3616.277076 3636.359455 3654.515036 3675.332323 3697.774740 3720.212322 3736.852569 3754.739536 3772.767032 3793.222900 3811.857717 3834.206274
3854.654095 3826.698279 3800.715729 3777.843950 3746.053527 3699.424888 3685.356976 3676.659287 3654.297521 3606.222362 3565.020840 3545.948454 3534.381008 3511.802693 3491.578289 3462.900896 3429.216547 3408.481579 3388.320005 3399.437825 3410.434318 3431.697919 3423.561944 3417.452606 3415.025951 3399.853263 3386.810550 3370.296421 3376.552525 3388.995087 3413.138001 3419.346563 3423.563784 3433.191931 3432.425508 3427.459310 3408.884623 3415.230206 3425.820583 3440.301230 3471.384003 3493.419209 3515.300005 3536.606571 3555.367511 3576.192996 3597.696522 3619.990182 3645.812445 3664.760112 3683.141037 3704.054231 3722.557884 3736.070644 3751.426553
3746.366909 3722.988573 3704.157992 3680.497159 3637.582187 3594.157075 3553.235385 3526.047147 3473.035232 3438.622756 3420.274177 3421.481225 3410.694932 3392.177060 3374.444941 3356.502895 3335.881476 3318.270806 3293.797465 3299.976673 3316.682480 3334.534581 3337.018891 3338.846811 3337.925429 3329.158653 3315.973083 3302.504864 3306.355684 3323.733295 3341.889276 3352.260275 3360.093471 3367.809559 3367.378547 3357.349185 3346.878531 3351.217812 3366.304438 3381.689242 3398.305827 3418.078621 3437.994201 3457.572490 3479.188684 3500.855967 3522.763483 3546.600726 3572.386249 3592.859933 3615.583240 3639.024636 3654.464800 3662.112626 3668.592813
3644.320399 3626.064496 3603.723653 3576.797955 3535.505953 3496.842643 3456.978659 3409.737399 3377.650581 3350.670568 3346.031151 3332.314644 3320.892955 3308.197167 3289.300030 3274.513892 3261.337085 3241.185504 3232.872869 3241.066782 3255.129672 3263.426363 3271.156855 3269.622889 3267.810230 3262.769164 3249.098130 3245.784478 3256.068322 3271.260465 3284.800368 3296.491441 3303.334881 3308.212948 3304.951790 3295.432994 3292.525044 3300.350441 3315.355867 3328.085442 3341.813113 3361.373276 3379.941748 3400.255617 3421.397103 3442.049856 3465.104749 3488.878036 3513.581008 3539.532275 3560.559481 3577.584331 3584.894646 3592.931992 3590.718080
3521.955826 3511.934561 3487.108344 3459.687006 3431.905286 3400.624550 3378.267097 3348.962527 3320.639660 3293.373650 3269.048062 3258.811831 3254.564241 3243.598528 3228.390037 3218.812161 3204.663081 3196.545694 3204.205056 3205.897579 3214.094635 3212.329000 3213.788817 3211.874197 3211.729272 3210.119980 3204.820969 3217.412749 3223.797584 3236.995289 3246.852564 3256.505439 3262.087330 3265.394428 3266.460079 3262.255407 3268.057638 3273.538069 3286.504686 3296.865885 3309.294338 3328.034806 3343.606911 3361.035865 3381.494110 3402.820308 3424.928323 3448.893112 3475.220009 3498.123439 3514.040506 3518.943118 3526.383483 3525.848592 3512.702699
