tests/Borden05m/sims/sim_1/output-maps/psiliqL0027N0003.asc
ncols         160
nrows         34
xllcorner     620200.000000
yllcorner     5168000.000000
cellsize      0.500000
NODATA_value  -9999.0
[rows 0 to 24 of 34, columns 55 to 109 of 160]
-9999.0 -9999.0 -9999.0 -9999.0 -9999.0 -9999.0 -9999.0 -9999.0 -9999.0 -9999.0 -9999.0 -9999.0 -9999.0 -9999.0 -9999.0 -9999.0 -9999.0 -9999.0 -9999.0 -9999.0 -9999.0 -9999.0 -9999.0 -9999.0 -9999.0 -9999.0 -9999.0 -9999.0 -9999.0 -9999.0 -9999.0 -9999.0 -9999.0 -9999.0 -9999.0 -9999.0 -9999.0 -9999.0 -9999.0 -9999.0 -9999.0 -9999.0 -9999.0 -9999.0 -9999.0 -9999.0 -9999.0 -9999.0 -9999.0 -9999.0 -9999.0 -9999.0 -9999.0 -9999.0 -9999.0
-9999.0 -9999.0 -9999.0 -9999.0 3597.897395 3592.606891 3587.866113 3583.370697 3574.868786 3565.533697 3557.697428 3553.476184 3552.267274 3551.393199 3550.706209 3555.493333 3563.499066 3571.053724 3577.851530 3580.211532 3582.497749 3584.269948 3584.432990 3583.253175 3579.968085 3576.571121 3573.141125 3571.390485 3564.068543 3552.944537 3544.661783 3541.967641 3546.113678 3550.435574 3552.886251 3558.002127 3568.347344 3578.921367 3587.500669 3600.115182 3607.223739 3612.588787 3615.152100 3611.182607 3607.946722 3603.974754 3597.762951 3586.668686 -9999.0 -9999.0 -9999.0 -9999.0 -9999.0 -9999.0 -9999.0
3542.808958 3561.141727 3582.144389 3585.219592 3573.465477 3568.354752 3565.201981 3563.535888 3559.306299 3550.792125 3545.645701 3540.111571 3537.348782 3537.288742 3537.088130 3540.643027 3551.374777 3559.078477 3563.547172 3566.121686 3568.916297 3567.174838 3566.308670 3566.026081 3563.063947 3559.516757 3556.082354 3554.177710 3555.680887 3548.059334 3542.000207 3538.045811 3534.972074 3537.719370 3540.428032 3545.101543 3554.233681 3562.110225 3570.065923 3585.313610 3598.563764 3604.307298 3601.779758 3597.248945 3593.459094 3586.015437 3575.228034 3565.286839 3557.334784 3551.347201 3546.052635 3539.631757 3546.143581 3554.176265 3563.507877
3525.976588 3545.084146 3565.487167 3567.974012 3557.707278 3549.985619 3542.955816 3543.447664 3546.964033 3543.696487 3538.798698 3530.713976 3540.776343 3541.665593 3542.235703 3545.313424 3546.994652 3552.178909 3554.477043 3559.717659 3568.601478 3571.331383 3571.673614 3571.627593 3569.551185 3566.208675 3564.159429 3561.290727 3555.946327 3554.043322 3553.599620 3552.198513 3556.191001 3557.702529 3560.703425 3555.310823 3559.807445 3566.070134 3573.057579 3578.507898 3584.625386 3587.061450 3583.801526 3584.551626 3576.267039 3562.693335 3553.008940 3545.703266 3546.182559 3543.329817 3535.481585 3521.765666 3530.257674 3546.503247 3551.384976
3530.253298 3539.060237 3549.430371 3551.811353 3546.706002 3548.918594 3550.642143 3551.740470 3549.771759 3546.097097 3541.428568 3551.571520 3559.669046 3560.905501 3563.178406 3567.037124 3567.898801 3557.026740 3554.931186 3562.019315 3571.516300 3576.514694 3576.594004 3576.107439 3572.203218 3570.943407 3570.668894 3568.828744 3568.141050 3569.562580 3566.881904 3569.646167 3575.072068 3578.406588 3573.398746 3565.057928 3567.430335 3575.955334 3585.173613 3592.800378 3602.946278 3613.702332 3614.126832 3609.754375 3601.355584 3589.073677 3566.785117 3549.525270 3538.640534 3530.668520 3523.491976 3526.813908 3522.082743 3536.211200 3538.114354
3514.927190 3535.815357 3555.657002 3561.249401 3555.154069 3551.443828 3550.240928 3550.767222 3549.603062 3549.743779 3558.037185 3569.537903 3580.353327 3582.160809 3583.798923 3582.343709 3574.863868 3564.471618 3561.809902 3574.846876 3591.515453 3599.246392 3598.572538 3593.865338 3596.582229 3596.771427 3597.412793 3594.143607 3594.713160 3591.940603 3596.954771 3604.610556 3612.628518 3611.299182 3598.883206 3586.484634 3586.550634 3592.247470 3599.514833 3607.222926 3617.384713 3626.479186 3621.743902 3616.816155 3609.739368 3584.460294 3562.290422 3548.308033 3548.757705 3549.676537 3545.398445 3543.587429 3543.001007 3539.260763 3539.655224
3550.258429 3569.194472 3589.314937 3601.932482 3595.647827 3588.157017 3579.791346 3579.868250 3579.956048 3585.499724 3595.535152 3607.769872 3629.166554 3628.253420 3628.383774 3626.658646 3613.559660 3600.228062 3590.316578 3612.675366 3623.723784 3630.696299 3627.706391 3632.369033 3640.856544 3637.333047 3631.162580 3618.937538 3624.457820 3630.475141 3645.603137 3653.619051 3659.008908 3654.163365 3640.051884 3633.212707 3634.993545 3641.819467 3643.318901 3652.324067 3660.984424 3675.915657 3674.556484 3671.752420 3652.140882 3615.198723 3586.373244 3574.478300 3586.406233 3580.930157 3574.645202 3574.921485 3564.207515 3557.421423 3560.285975
3581.144592 3594.163037 3610.155143 3626.482601 3617.228969 3607.066066 3590.272422 3586.880092 3590.720716 3600.824074 3618.141667 3635.655687 3655.204545 3653.089577 3645.719233 3655.332756 3648.285272 3637.308499 3629.832420 3652.038311 3661.955242 3672.038019 3677.423195 3690.042021 3700.372652 3683.303585 3665.835985 3655.009396 3662.168359 3688.219797 3711.034817 3715.817462 3714.714805 3713.883964 3698.082859 3693.387743 3690.242798 3691.027243 3688.657805 3686.969059 3712.874716 3734.824903 3734.727872 3713.337402 3690.708980 3650.853776 3613.103539 3589.397711 3603.447610 3600.076844 3603.746591 3594.072314 3582.700494 3576.331049 3574.448196
3629.599384 3650.600884 3666.668815 3688.576171 3678.709430 3655.148772 3638.494501 3640.896570 3654.491946 3662.618659 3681.326428 3697.894311 3723.277118 3734.696701 3745.335666 3749.270010 3742.315891 3733.800886 3721.872227 3727.697060 3752.152729 3763.775825 3771.933580 3780.156186 3792.828147 3792.796140 3785.534218 3783.586583 3788.055859 3802.060746 3816.977950 3823.743770 3826.627425 3829.014286 3815.032702 3801.906066 3800.236834 3795.031975 3794.223573 3793.576734 3805.739274 3827.036893 3823.717077 3786.323104 3759.443119 3724.090529 3685.526481 3656.278312 3650.974227 3671.001852 3669.529398 3653.471732 3643.698537 3618.445219 3614.226989
3697.805375 3730.635231 3754.813750 3764.771406 3771.795948 3756.265539 3753.919728 3758.135200 3766.643535 3769.663909 3776.030651 3808.495672 3842.287579 3867.030637 3889.749445 3896.848627 3884.384976 3874.606137 3860.949631 3852.201121 3863.841030 3881.388894 3899.181319 3914.078038 3925.441174 3927.399634 3925.788197 3925.831722 3929.051180 3932.067615 3936.513034 3945.219600 3952.925074 3961.489599 3969.275507 3958.429502 3941.390605 3932.361688 3923.721152 3923.269604 3924.885822 3929.190910 3930.330979 3912.748846 3869.694025 3837.669726 3805.397061 3786.451547 3773.771336 3774.590757 3756.403751 3731.811469 3679.847992 3642.686117 3611.628978
3782.795775 3827.428377 3856.750995 3873.458386 3886.057664 3882.612317 3884.481723 3885.430838 3889.039846 3891.212650 3893.602536 3920.926781 3963.133384 4002.953076 4034.521993 4034.058107 4019.897048 4008.466199 3999.473074 3984.713316 3980.725268 3993.891495 4009.803705 4030.598256 4040.979681 4046.747914 4043.183146 4043.390980 4045.349624 4047.744040 4049.941299 4053.778780 4063.750507 4079.231211 4094.129119 4093.062713 4073.458860 4055.333728 4039.385815 4037.348566 4035.217236 4030.327024 4032.860790 4034.810519 4017.955198 3985.837327 3945.362114 3904.923547 3888.943125 3874.210907 3863.367939 3846.170138 3804.006035 3735.675599 3695.262308
3898.451420 3933.577834 3962.835886 3993.339105 4007.957429 4009.731727 4006.950306 4005.527748 4012.603433 4015.038004 4020.301778 4036.988903 4070.297670 4106.762436 4137.011345 4152.334455 4144.091815 4125.477795 4102.639463 4092.262381 4089.155411 4092.989456 4102.907004 4116.418902 4136.519254 4156.465704 4162.317692 4163.226187 4160.509216 4162.995218 4164.630629 4164.762656 4167.937398 4176.953332 4187.230088 4190.718022 4182.523681 4160.728590 4136.701860 4125.599356 4119.278999 4115.938852 4117.247052 4122.813318 4126.401406 4111.078291 4074.362251 4028.782429 3998.913038 3984.278847 3971.623991 3957.293181 3944.471178 3909.797164 3888.232310
4008.503595 4024.144922 4052.988266 4082.312707 4104.968240 4119.600247 4119.641733 4122.432618 4127.277869 4134.387432 4149.513469 4173.564951 4193.451946 4217.030463 4244.524977 4261.408071 4266.648696 4264.709717 4260.241031 4261.358854 4261.744867 4193.121039 4199.906121 4206.677484 4225.349685 4241.932022 4247.980330 4248.676880 4245.897782 4247.855264 4248.691200 4248.549132 4248.172001 4250.862072 4256.407518 4258.526969 4255.906797 4242.311941 4262.913797 4242.338892 4228.569677 4220.192858 4211.804593 4203.522721 4194.022439 4183.982384 4163.195849 4131.494547 4096.671239 4075.673869 4068.016766 4061.786609 4052.871368 4046.947059 4029.458137
4107.725989 4118.338350 4137.079776 4160.388431 4195.525000 4219.769884 4231.421848 4240.938371 4245.660219 4259.949535 4277.201766 4259.492904 4268.596568 4278.017181 4287.377549 4290.591980 4291.512345 4291.087666 4288.661255 4287.812310 4285.264490 4281.957329 4271.317468 4272.946300 4274.967669 4277.611731 4281.385676 4280.313433 4281.456236 4284.421420 4282.615099 4276.468791 4272.303979 4270.725717 4271.811531 4279.311063 4282.865170 4283.853102 4280.104372 4279.124925 4278.033375 4274.306907 4269.654485 4263.095942 4254.706271 4271.343232 4258.885629 4229.934503 4188.329186 4145.912865 4138.956494 4141.458050 4141.141365 4139.668383 4133.979672
4236.147665 4250.230070 4265.424445 4240.181711 4264.661388 4277.189127 4283.046879 4287.437265 4290.336842 4293.807006 4290.829464 4287.879927 4282.944033 4281.317825 4279.944972 4277.485803 4278.108434 4276.219549 4272.112433 4267.969663 4259.738761 4248.003317 4236.822864 4233.085887 4237.348599 4243.075263 4248.372612 4253.033123 4256.831181 4256.669008 4251.063474 4242.506908 4234.851052 4233.225920 4240.191641 4245.985848 4252.735436 4253.649210 4252.249399 4249.671407 4249.347889 4245.933831 4246.097754 4253.302554 4268.362567 4270.634556 4277.101602 4276.180635 4257.939205 4224.907807 4239.350855 4219.213554 4225.565318 4220.887443 4209.430057
4281.885834 4284.922088 4283.135399 4282.140899 4275.670253 4269.549318 4268.749387 4272.793672 4279.887247 4280.908814 4273.811204 4265.139137 4257.817200 4250.237496 4247.826374 4247.351918 4247.145094 4247.697602 4242.372841 4232.778993 4215.429545 4203.800216 4192.718677 4186.767879 4182.673750 4185.899828 4197.401915 4210.023090 4215.145501 4205.419992 4196.767761 4184.719782 4176.613663 4177.091677 4177.943760 4187.566057 4204.933200 4212.972535 4213.795876 4207.100362 4200.289862 4193.504114 4190.277201 4196.691120 4212.144950 4229.262604 4245.288692 4254.663766 4262.508733 4269.780975 4267.386410 4270.390074 4272.042844 4269.709359 4273.377770
4276.476474 4269.401742 4262.330927 4256.963462 4250.512145 4245.243107 4243.367804 4245.149450 4246.927626 4242.680319 4236.307569 4226.282902 4215.176061 4205.422277 4197.545978 4198.586123 4200.964246 4202.727192 4195.265831 4179.690282 4161.722983 4148.171585 4134.258385 4130.311286 4124.238771 4116.037051 4126.106219 4146.294428 4153.876478 4137.348690 4126.274453 4110.879056 4104.392871 4100.245089 4100.916692 4109.801557 4132.785957 4157.709345 4159.955526 4148.802806 4137.713012 4133.014705 4129.733175 4134.133379 4150.756912 4171.842096 4188.253387 4198.912192 4204.266214 4212.068581 4221.510629 4236.176236 4251.332916 4263.959850 4268.117599
4251.081885 4243.299232 4235.613395 4227.951734 4221.040241 4214.811267 4210.487580 4208.524478 4204.365798 4198.208560 4191.139969 4169.480174 4156.947079 4143.837413 4128.682576 4124.695262 4119.606820 4120.589218 4109.005436 4101.334210 4085.128292 4069.768544 4054.131011 4040.340160 4034.620784 4027.791728 4025.229220 4038.431897 4046.789667 4037.840913 4028.230898 4017.898479 4013.623356 4010.256911 4012.838299 4023.337366 4042.552108 4060.877819 4069.570379 4062.348666 4061.666180 4062.081149 4060.499547 4066.971567 4077.320241 4095.095023 4117.818502 4137.308996 4147.354246 4154.170486 4163.320599 4177.834503 4192.067692 4206.572730 4224.818984
4220.479299 4211.124005 4201.163641 4191.384686 4180.847335 4170.249944 4163.659440 4166.488156 4160.512456 4154.957389 4131.125911 4074.647668 4053.051708 4033.930105 4017.527659 4010.634998 4002.032230 3984.665055 3976.069125 3971.897939 3975.419594 3961.681251 3944.188819 3926.282248 3921.450938 3918.023045 3899.399738 3893.386007 3893.538540 3911.682801 3905.839039 3905.295355 3907.845537 3905.498505 3906.512730 3919.159507 3926.257340 3931.023544 3937.917879 3943.735995 3954.934605 3963.365047 3974.619699 3992.027084 4002.567197 4017.580470 4037.783358 4063.781558 4079.619843 4089.139059 4099.462546 4114.722580 4130.852519 4148.681908 4171.145265
4185.689229 4168.759352 4154.035218 4139.669418 4126.944526 4114.064936 4097.846248 4099.865534 4097.907244 4087.359885 4030.436657 3989.905624 3955.852499 3938.835565 3914.991247 3901.143867 3883.989677 3843.745149 3825.874462 3826.362421 3842.853259 3840.394446 3825.439252 3813.965373 3804.408940 3794.666669 3776.218778 3755.903195 3762.229043 3781.756472 3783.621308 3787.822819 3796.347079 3796.056414 3788.815595 3784.758800 3796.404750 3801.440912 3812.860429 3831.544146 3836.564010 3854.203934 3889.158328 3901.831675 3916.776560 3934.802981 3954.887421 3976.783502 3999.615600 4013.699924 4028.870815 4047.164885 4063.721928 4083.885311 4106.278028
4134.285744 4102.761735 4081.464068 4064.015260 4044.663324 4016.828156 3996.921750 3994.726094 3988.715457 3958.161943 3904.952852 3870.167217 3847.886196 3826.281651 3803.585447 3779.152716 3740.262261 3705.138864 3683.207893 3700.819351 3712.884505 3726.433878 3715.593875 3705.280089 3695.896105 3677.244998 3660.238470 3643.054923 3654.545682 3663.263197 3684.114809 3691.616965 3695.613761 3702.087290 3700.567933 3688.663586 3681.719631 3689.563782 3699.257863 3711.401506 3734.211770 3770.629391 3795.271761 3813.485324 3833.694193 3851.867723 3872.704392 3895.200500 3917.852308 3934.667285 3952.642022 3970.709747 3991.247977 4009.832279 4032.108678
4052.502913 4024.414287 3998.346536 3975.305590 3942.966488 3895.583311 3881.393400 3872.517858 3849.288387 3800.155566 3758.812590 3740.591468 3729.675522 3707.035717 3686.858459 3657.838303 3623.783727 3603.283455 3582.977813 3594.312276 3605.519522 3627.429806 3619.486953 3613.664433 3611.443267 3596.186416 3583.158027 3566.462208 3572.617457 3585.246698 3609.904540 3616.278435 3620.571944 3630.417715 3629.701093 3624.590226 3605.368493 3611.618441 3622.311557 3636.977947 3668.456654 3690.458398 3712.352982 3733.835667 3752.662461 3773.589869 3795.105617 3817.445849 3843.473639 3862.555082 3881.043318 3902.057715 3920.559068 3933.836867 3948.896330
3943.243220 3919.891172 3901.168147 3877.364500 3833.757300 3790.090690 3748.384755 3720.162254 3665.822089 3631.095048 3613.671980 3615.974719 3605.528417 3587.138074 3569.489469 3551.324163 3530.926307 3513.549073 3488.939410 3495.218116 3512.174729 3530.261165 3533.279530 3535.445225 3534.641431 3526.009955 3512.825040 3499.340238 3503.200586 3520.743480 3539.009040 3549.605801 3557.543712 3565.293102 3564.845465 3554.614032 3544.029183 3548.324409 3563.564205 3579.253008 3595.681280 3615.388876 3635.305616 3654.959897 3676.655429 3698.354650 3720.291372 3744.172667 3770.101922 3790.771364 3813.598870 3837.126154 3852.421085 3859.865837 3865.923049
3840.543617 3822.449045 3800.078995 3772.911721 3731.276207 3692.588667 3652.643174 3604.537730 3572.270169 3545.061204 3541.141234 3527.631467 3516.523249 3504.080868 3485.207831 3470.618194 3457.742711 3437.638035 3429.921890 3438.267914 3452.362779 3460.421837 3468.472712 3467.012209 3465.259908 3460.368887 3446.677390 3443.824298 3454.236242 3469.423503 3482.881386 3494.693530 3501.560751 3506.370083 3503.085547 3493.492946 3490.818428 3498.666591 3513.690684 3526.349042 3539.896954 3559.419228 3578.128263 3598.471479 3619.639073 3640.283888 3663.346541 3687.132969 3711.894324 3738.015274 3759.020798 3775.873715 3783.033043 3790.945819 3788.154232
3717.384584 3707.710797 3682.751588 3655.150929 3627.523353 3596.537992 3574.542008 3544.970520 3516.656161 3489.440733 3465.056258 3455.188033 3451.229131 3440.361951 3425.349544 3415.973042 3401.953311 3394.443352 3402.611655 3404.181297 3412.138032 3410.133603 3411.632455 3409.773968 3409.679800 3408.249411 3403.316730 3416.305677 3422.669310 3435.772677 3445.572031 3455.251765 3460.800116 3464.062418 3465.227217 3461.196937 3467.187157 3472.579528 3485.469853 3495.770002 3508.060921 3526.716247 3542.237194 3559.605769 3580.245312 3601.578199 3623.673104 3647.648562 3674.018100 3696.915387 3712.678632 3717.355314 3724.654439 3723.752659 3710.150338
