tests/Borden05m/sims/sim_1/output-maps/psiliqL0022N0003.asc
ncols         160
nrows         34
xllcorner     620200.000000
yllcorner     5168000.000000
cellsize      0.500000
NODATA_value  -9999.0
[rows 0 to 24 of 34, columns 55 to 109 of 160]
-9999.0 -9999.0 -9999.0 -9999.0 -9999.0 -9999.0 -9999.0 -9999.0 -9999.0 -9999.0 -9999.0 -9999.0 -9999.0 -9999.0 -9999.0 -9999.0 -9999.0 -9999.0 -9999.0 -9999.0 -9999.0 -9999.0 -9999.0 -9999.0 -9999.0 -9999.0 -9999.0 -9999.0 -9999.0 -9999.0 -9999.0 -9999.0 -9999.0 -9999.0 -9999.0 -9999.0 -9999.0 -9999.0 -9999.0 -9999.0 -9999.0 -9999.0 -9999.0 -9999.0 -9999.0 -9999.0 -9999.0 -9999.0 -9999.0 -9999.0 -9999.0 -9999.0 -9999.0 -9999.0 -9999.0
-9999.0 -9999.0 -9999.0 -9999.0 2622.776798 2617.542998 2612.869976 2608.591433 2600.560189 2591.645352 2583.994037 2580.250325 2579.533920 2579.083412 2578.902918 2584.257244 2592.658108 2600.607515 2607.828979 2610.333451 2612.970818 2615.251473 2615.899315 2615.095618 2612.274388 2609.587220 2606.513381 2605.143051 2597.805809 2586.798625 2578.479539 2575.850415 2580.113825 2584.451062 2586.860834 2592.118736 2602.402563 2612.756169 2620.604494 2632.367551 2638.485683 2643.242880 2645.431071 2640.909884 2637.104961 2632.837694 2626.828846 2615.637645 -9999.0 -9999.0 -9999.0 -9999.0 -9999.0 -9999.0 -9999.0
2568.336011 2587.167183 2607.908679 2611.190446 2599.713916 2594.839047 2591.905201 2590.420908 2586.259674 2578.062802 2573.270207 2568.175759 2566.114769 2566.495120 2566.808879 2570.999028 2581.970108 2590.183852 2595.157953 2598.183411 2601.274127 2600.415640 2600.057984 2600.159589 2597.601786 2594.377113 2591.280178 2589.720745 2591.102352 2583.703089 2577.999390 2574.317259 2571.747966 2574.329029 2576.909523 2581.025474 2590.096662 2597.802613 2605.484484 2619.590943 2631.989337 2637.007561 2633.926918 2628.670077 2624.352377 2616.811909 2606.339953 2596.145201 2587.631780 2580.971635 2575.102137 2568.345785 2574.028563 2580.890538 2589.781370
2552.993198 2572.545095 2593.278586 2596.164498 2585.824151 2578.154951 2572.185878 2572.962277 2576.541736 2573.619708 2569.253902 2562.676749 2572.503816 2573.926858 2575.144560 2578.792267 2581.544914 2586.463319 2589.338394 2595.000435 2604.201648 2607.278963 2608.098938 2608.553124 2606.990757 2604.117729 2602.533448 2600.050378 2595.050824 2593.660477 2593.629902 2592.713307 2597.017164 2598.271941 2600.959495 2595.043518 2599.019113 2604.958811 2611.354010 2616.938643 2622.789007 2625.194200 2621.294884 2620.790299 2611.736389 2597.612001 2587.127002 2579.053911 2578.284565 2574.791830 2566.345342 2552.320188 2559.594828 2574.855869 2578.926966
2559.538222 2568.915570 2580.139150 2583.097600 2578.372977 2580.668275 2582.794843 2584.519456 2583.197335 2580.281228 2577.067311 2588.449004 2597.159228 2598.979127 2601.953193 2606.302072 2607.493081 2596.801691 2595.028623 2602.869530 2612.720722 2618.338035 2618.921686 2619.080033 2616.340461 2615.651637 2615.785102 2614.214068 2614.362762 2616.381931 2614.810866 2618.337003 2623.930861 2627.654228 2620.980810 2612.182102 2613.831634 2621.932226 2631.094112 2638.298917 2648.073922 2658.349653 2657.494268 2651.875001 2642.436157 2628.892571 2605.368379 2586.750007 2575.121618 2566.714757 2558.854739 2560.218872 2555.272107 2567.543723 2568.556887
2551.823147 2571.745456 2592.258858 2599.093562 2593.562829 2589.912583 2588.729868 2589.933141 2589.856439 2591.632308 2601.997714 2614.895282 2628.415489 2631.235049 2633.700128 2632.960353 2624.678590 2614.719426 2612.122117 2626.289450 2644.150457 2652.712160 2653.116805 2650.485682 2655.340367 2655.584761 2655.937385 2652.577943 2654.067519 2653.110274 2660.066066 2667.805975 2675.518502 2674.038009 2661.584039 2649.371789 2648.673800 2653.072944 2658.631027 2665.304897 2674.809763 2683.309885 2677.553708 2670.890329 2661.797630 2634.277606 2608.602763 2593.020005 2592.153866 2591.868592 2586.764784 2583.619685 2581.142727 2575.317815 2574.537110
2594.177430 2614.534903 2636.106867 2650.640140 2645.269632 2638.314514 2630.062819 2631.088111 2633.003574 2640.218888 2652.050686 2666.874843 2689.972567 2691.047510 2692.758424 2692.929703 2681.140297 2668.755246 2658.949162 2680.206666 2691.604632 2699.586233 2698.956178 2706.256692 2716.026582 2712.902336 2706.770209 2695.863789 2702.129278 2710.568559 2725.865260 2733.507980 2738.302208 2734.651111 2721.501725 2714.930958 2715.367318 2720.212536 2719.847962 2726.583813 2734.992540 2748.981642 2746.866806 2740.727537 2719.032495 2681.218406 2649.073253 2632.075291 2641.315614 2634.138435 2625.596371 2623.328896 2610.384299 2601.107063 2602.174471
2638.294197 2654.132683 2671.882187 2689.477725 2682.623508 2673.177678 2658.580621 2657.151921 2663.221676 2674.192439 2692.934787 2713.109976 2734.853028 2737.104583 2733.920821 2742.663044 2737.867856 2728.261415 2721.117350 2739.832613 2750.941640 2760.630324 2768.167346 2781.691743 2793.376764 2779.954697 2765.320004 2757.256011 2764.215685 2788.261034 2809.211260 2814.170146 2813.827503 2813.991210 2800.503009 2795.039775 2790.628919 2789.005975 2784.910844 2781.648508 2803.767383 2822.576003 2820.693662 2797.439914 2773.356577 2735.329149 2696.610946 2668.475234 2675.990028 2671.586484 2672.359987 2659.555645 2645.423267 2633.930168 2626.758724
2704.365324 2729.201742 2747.588292 2768.363000 2763.066380 2743.001058 2730.573555 2734.813075 2748.998554 2757.697263 2776.024862 2796.028819 2824.165430 2839.754254 2853.999877 2785.676614 2852.115126 2843.806061 2832.008789 2835.639201 2858.088966 2792.517506 2800.903121 2809.889217 2822.335469 2824.245080 2818.669777 2817.231778 2821.176239 2832.558262 2845.190654 2851.843369 2855.566072 2858.944315 2848.750193 2836.807658 2833.632569 2827.269543 2824.428025 2823.220520 2832.033151 2849.752819 2847.156567 2814.337443 2788.455016 2828.626046 2789.654404 2758.343890 2747.270245 2760.985213 2756.376277 2738.489430 2723.923666 2693.979660 2683.638773
2788.011636 2822.557060 2848.667018 2789.586661 2797.886211 2785.855079 2784.567225 2788.312579 2795.962323 2799.289058 2805.761306 2837.657176 2871.114163 2896.928337 2919.726382 2926.604818 2915.290967 2905.466725 2892.412160 2883.388982 2892.202737 2907.917652 2925.115279 2940.134229 2951.344401 2953.881019 2952.422746 2952.553179 2955.301592 2958.255954 2962.116856 2969.813988 2977.273086 2981.672033 2990.537664 2981.617626 2969.447768 2959.372187 2949.046572 2947.096415 2947.747186 2950.063298 2950.989004 2937.330228 2899.047185 2869.414398 2838.079696 2816.349324 2801.425639 2798.191413 2856.840811 2831.948194 2781.109394 2743.176898 2709.338626
2810.019456 2851.705363 2880.585246 2898.753961 2911.739103 2910.149949 2911.828403 2913.024780 2917.087410 2920.010182 2923.757296 2948.895574 2984.049142 3022.199144 3052.566789 3053.379715 3040.790974 3029.658849 3020.122566 3006.807654 3002.982215 3014.090899 3028.133072 3047.068258 3057.699612 3064.768895 3062.210497 3062.473341 3063.855559 3066.070238 3068.079808 3071.192333 3080.031530 3094.076765 3107.604052 3107.321101 3090.135599 3072.585884 3056.333745 3052.653683 3049.355638 3044.382447 3046.309659 3048.113022 3035.082562 3006.152374 2972.767001 2932.390713 2913.400758 2897.074670 2886.588231 2870.666221 2835.790367 2858.479097 2819.981546
2923.598637 2955.197832 2979.083757 3008.790630 3024.291326 3027.733218 3025.718133 3025.146300 3031.968467 3035.440740 3042.097449 3058.359254 3087.744963 3120.988929 3149.515914 3165.206597 3158.441050 3141.968372 3121.163209 3112.621238 3110.140635 3113.265453 3121.908773 3133.363432 3151.669254 3170.014253 3175.470098 3176.303452 3173.870564 3175.994958 3177.416373 3177.505732 3179.895006 3187.342813 3196.426961 3199.579802 3192.668277 3173.294179 3150.881848 3138.835881 3131.882566 3128.302509 3128.619670 3132.865886 3135.290703 3121.635648 3088.403285 3046.344116 3016.048149 2999.566613 2986.499153 2977.914345 2966.353491 2938.357755 2918.778679
3026.008053 3040.410934 3067.364079 3095.126746 3117.820014 3132.696505 3133.842574 3137.364596 3141.948661 3149.749409 3164.732813 3186.476310 3203.966494 3224.854273 3249.827849 3264.965873 3270.259715 3269.091597 3265.769262 3267.114230 3267.412233 3214.078124 3219.490953 3224.873145 3239.396008 3252.873455 3257.675988 3258.217768 3256.057994 3257.687642 3258.337818 3258.293989 3257.929577 3259.646327 3263.959454 3265.607906 3263.569989 3252.531260 3266.874891 3247.738783 3234.769340 3226.829557 3218.820833 3210.610385 3201.303389 3191.684996 3173.128961 3143.738287 3110.187060 3087.693018 3079.266833 3073.491182 3065.937730 3060.747823 3044.740958
3123.481787 3133.991545 3151.223542 3172.957120 3204.665505 3226.671906 3237.632426 3246.571978 3251.142357 3264.489667 3280.128110 3266.877221 3273.957861 3281.285023 3288.565317 3291.065429 3291.781257 3291.450932 3289.112561 3288.452246 3286.239477 3282.487214 3272.309544 3273.887520 3275.717503 3278.300644 3281.969257 3280.808663 3281.866381 3284.803757 3283.116616 3277.238431 3273.303544 3271.733803 3272.589455 3279.922396 3283.306688 3284.217331 3281.461643 3280.599807 3279.750807 3276.852423 3273.233847 3268.132724 3261.607379 3273.500535 3262.104082 3235.575330 3197.597355 3158.695145 3149.789035 3150.326462 3150.636135 3149.046375 3143.650778
3242.257124 3255.270271 3269.392632 3252.046170 3271.084070 3280.827889 3285.383940 3289.065349 3291.725038 3294.312942 3291.250394 3288.147367 3283.343896 3281.879045 3280.562393 3278.158539 3278.802781 3276.920299 3272.928035 3269.059195 3261.539539 3250.251968 3239.082679 3235.805032 3240.180422 3245.634516 3250.561323 3254.675080 3258.282442 3258.567396 3253.314211 3245.085808 3237.704562 3235.991714 3242.736172 3248.407223 3254.579112 3255.396485 3254.014436 3251.660448 3251.537727 3248.491234 3248.774282 3255.655775 3269.942440 3273.420624 3278.450532 3277.734194 3263.546394 3237.857090 3244.654985 3225.054792 3230.561613 3226.145401 3215.025131
3282.952153 3285.313726 3283.924111 3282.657322 3276.426790 3270.483875 3269.748363 3273.736091 3280.724373 3281.867767 3274.905131 3266.497940 3259.438604 3252.278760 3250.058955 3249.369870 3249.060076 3249.498649 3244.274900 3235.441856 3218.998477 3207.526746 3196.503216 3190.592543 3187.317093 3191.159519 3201.996700 3213.459835 3218.375024 3209.781814 3201.634545 3190.188320 3182.174682 3182.575355 3183.911450 3193.230994 3209.238813 3215.967234 3216.703221 3210.580050 3204.591929 3198.118623 3195.284384 3201.724156 3216.777165 3232.982398 3247.940473 3256.727791 3264.260546 3271.138994 3270.869896 3273.206084 3274.491580 3272.676644 3274.640905
3276.973979 3270.153645 3263.349700 3258.194980 3251.797238 3246.483499 3244.753769 3246.830576 3249.077925 3245.274387 3238.942157 3229.069311 3218.263829 3208.739644 3201.633493 3202.680153 3205.051929 3206.600756 3199.672936 3184.751473 3167.475584 3154.191973 3140.481359 3136.629071 3131.081919 3124.370254 3134.580787 3153.564175 3160.620694 3145.278597 3134.724942 3119.874963 3113.145820 3109.397941 3110.347744 3119.325975 3141.010791 3163.752728 3165.552448 3154.895393 3144.323034 3139.504182 3136.345399 3141.254796 3158.056631 3178.147462 3193.645599 3203.658073 3208.920216 3216.646645 3225.932772 3239.541939 3253.788292 3265.664883 3271.227600
3252.424854 3244.760571 3237.215973 3229.752366 3222.987835 3216.958378 3212.828729 3210.963953 3207.511439 3201.635635 3194.835190 3176.249267 3164.188643 3151.826808 3137.539177 3134.015650 3129.918303 3131.343113 3120.174545 3111.856410 3095.144258 3080.026507 3064.680182 3052.246285 3046.626354 3040.246190 3040.053598 3053.976727 3062.536239 3052.171071 3042.398282 3031.286162 3026.401161 3023.063334 3025.363339 3035.679819 3055.715334 3073.961946 3081.871931 3074.275422 3071.880909 3071.086568 3069.405809 3075.280493 3086.632554 3104.643868 3126.257297 3144.112446 3153.568289 3160.403740 3169.594884 3183.561780 3197.372538 3211.361084 3228.859415
3222.329315 3213.252694 3203.583378 3194.175138 3183.988043 3173.942508 3167.801859 3170.338350 3164.466499 3158.968016 3138.463690 3086.089304 3066.263732 3048.059458 3032.528139 3026.462877 3018.683532 3004.901315 2996.457563 2991.751481 2992.009722 2978.018109 2965.505348 2948.399638 2943.553402 2939.950029 2924.689366 2922.331916 2923.493522 2936.835068 2930.516190 2928.210177 2929.165280 2926.755371 2928.471467 2941.365530 2949.971785 2956.426438 2962.907097 2966.076715 2975.474390 2977.891845 2986.182935 3002.513158 3013.500576 3028.829717 3048.867106 3073.415341 3087.868701 3096.967401 3107.104689 3122.069319 3137.965346 3155.241178 3177.232514
3188.380382 3172.986121 3158.966149 3145.115988 3132.833482 3120.479029 3105.765585 3107.783085 3105.739756 3096.384687 3045.442909 3005.023663 2977.175581 2960.263289 2937.506334 2924.933370 2910.721134 2875.599707 2859.304355 2857.906146 2870.755467 2866.156575 2850.907668 2838.806593 2829.913232 2821.349061 2804.901886 2788.522761 2794.316159 2811.344996 2811.106791 2813.339231 2820.337362 2819.528781 2813.533238 2812.580944 2824.968815 2830.831948 2841.442813 2857.357661 2861.769250 2875.509220 2906.959804 2919.477618 2934.000704 2952.217617 2972.369468 2989.189686 3010.503865 3023.768784 3038.238881 3056.158967 3072.337083 3092.227057 3114.492773
3139.570165 3109.837682 3089.649811 3073.019129 3054.949757 3030.114566 3010.641104 3008.960304 3003.232322 2977.212213 2931.668919 2896.233970 2872.218630 2851.059227 2828.531551 2807.128914 2850.298504 2815.078705 2792.419310 2804.772559 2814.236302 2822.777185 2810.426742 2798.723163 2788.436086 2770.802753 2753.832907 2738.110261 2748.268733 2756.696552 2773.304775 2779.616202 2783.872419 2789.632324 2789.085817 2780.726625 2779.017541 2788.432751 2799.640352 2812.542893 2833.314470 2790.861575 2814.335326 2831.587762 2851.317730 2869.144007 2890.035151 2912.318805 2934.078225 2950.222225 2967.931066 2981.207732 3001.306811 3020.153229 3042.800118
3063.464484 3036.033609 3010.384745 2988.220520 2963.368177 2919.586186 2906.287435 2898.068631 2878.944354 2834.885583 2794.655969 2849.120569 2832.098326 2806.570519 2783.002298 2752.819740 2720.008506 2696.555060 2675.244837 2684.006997 2692.889039 2710.495558 2700.652219 2692.487593 2688.374514 2672.754988 2659.001907 2642.715658 2649.054050 2660.593635 2682.706725 2688.461960 2692.779000 2702.160411 2702.028296 2698.675718 2683.892554 2691.997013 2703.723061 2719.324706 2750.279073 2772.333032 2795.909367 2818.773585 2839.591100 2790.629374 2811.830021 2834.103414 2858.907790 2877.513431 2895.652137 2916.253404 2934.977581 2949.662569 2966.402378
2963.633731 2939.986677 2920.548564 2897.286835 2857.518933 2815.370267 2856.338925 2829.844657 2778.357642 2741.371834 2716.441213 2712.152566 2697.404729 2675.519595 2654.461921 2632.259681 2608.940112 2588.790423 2563.404187 2567.918369 2582.536224 2598.515435 2598.028568 2597.747348 2595.665155 2585.748897 2572.062241 2558.288803 2561.868300 2578.498664 2596.273493 2605.940750 2613.708763 2621.803203 2622.106239 2613.694824 2604.621481 2610.202161 2625.971867 2644.011489 2663.032901 2684.423462 2706.339327 2727.722340 2751.092189 2773.427313 2797.647554 2823.907517 2785.226790 2804.727278 2827.231918 2850.159225 2866.387219 2875.065189 2883.447539
2863.826058 2844.763206 2822.360455 2796.661296 2827.388662 2786.151126 2745.088244 2697.862514 2662.877391 2630.754512 2620.611319 2603.824785 2588.820374 2572.840817 2551.881777 2534.906661 2519.094650 2497.377006 2485.425207 2491.917225 2504.909889 2513.340203 2519.070728 2516.596697 2513.967199 2507.833724 2493.849064 2488.411823 2498.040981 2513.214199 2527.154225 2538.552755 2545.615388 2551.204955 2548.591452 2540.036772 2536.965624 2545.543790 2561.297047 2574.923772 2590.355447 2611.352185 2633.122579 2655.382142 2678.621301 2701.319677 2726.710807 2752.807382 2778.526626 2806.551358 2830.507841 2787.924185 2795.682858 2804.433098 2804.750744
2811.764183 2797.768511 2770.642597 2741.063131 2711.694864 2676.780570 2650.209921 2616.556745 2585.739090 2556.294700 2530.118775 2516.336801 2508.868670 2495.148869 2477.471033 2465.745026 2449.826459 2438.120513 2442.720044 2444.002004 2452.375693 2450.873539 2451.573089 2448.902838 2448.094854 2445.384053 2438.319985 2449.155787 2455.861294 2469.461325 2479.632432 2489.356183 2495.362676 2499.222013 2500.353364 2496.001814 2501.690083 2508.223413 2522.218770 2533.519094 2547.347165 2567.340158 2583.947160 2602.942344 2626.258419 2649.654299 2674.154347 2700.406945 2728.830015 2754.333057 2773.438823 2780.778417 2791.797953 2796.203141 2788.612111
