tests/Borden05m/sims/sim_1/output-maps/psiliqL0027N0013.asc
ncols         160
nrows         34
xllcorner     620200.000000
yllcorner     5168000.000000
cellsize      0.500000
NODATA_value  -9999.0
[rows 0 to 24 of 34, columns 0 to 54 of 160]
-9999.0 -9999.0 -9999.0 -9999.0 -9999.0 -9999.0 -9999.0 -9999.0 -9999.0 -9999.0 -9999.0 -9999.0 -9999.0 -9999.0 -9999.0 -9999.0 -9999.0 -9999.0 -9999.0 -9999.0 -9999.0 -9999.0 -9999.0 -9999.0 -9999.0 -9999.0 -9999.0 -9999.0 -9999.0 -9999.0 -9999.0 -9999.0 -9999.0 -9999.0 -9999.0 -9999.0 -9999.0 -9999.0 -9999.0 -9999.0 -9999.0 -9999.0 -9999.0 -9999.0 -9999.0 -9999.0 -9999.0 -9999.0 -9999.0 -9999.0 -9999.0 -9999.0 -9999.0 -9999.0 -9999.0
-9999.0 -9999.0 -9999.0 -9999.0 -9999.0 -9999.0 -9999.0 -9999.0 -9999.0 -9999.0 -9999.0 -9999.0 -9999.0 -9999.0 -9999.0 -9999.0 -9999.0 -9999.0 -9999.0 -9999.0 -9999.0 -9999.0 -9999.0 -9999.0 -9999.0 -9999.0 -9999.0 -9999.0 -9999.0 -9999.0 -9999.0 -9999.0 -9999.0 -9999.0 -9999.0 -9999.0 -9999.0 -9999.0 -9999.0 -9999.0 -9999.0 -9999.0 -9999.0 -9999.0 -9999.0 -9999.0 -9999.0 -9999.0 -9999.0 -9999.0 -9999.0 -9999.0 -9999.0 -9999.0 -9999.0
-9999.0 -9999.0 -9999.0 -9999.0 -9999.0 -9999.0 -9999.0 -9999.0 -9999.0 -9999.0 -9999.0 -9999.0 -9999.0 -9999.0 -9999.0 -9999.0 -9999.0 -9999.0 -9999.0 -9999.0 -9999.0 -9999.0 -9999.0 -9999.0 -9999.0 -9999.0 -9999.0 -9999.0 -9999.0 -9999.0 -9999.0 -9999.0 -9999.0 -9999.0 -9999.0 -9999.0 -9999.0 -9999.0 -9999.0 -9999.0 -9999.0 -9999.0 -9999.0 -9999.0 -9999.0 -9999.0 -9999.0 3472.893538 3455.697979 3442.436176 3437.345107 3458.045321 3480.884429 3504.500792 3524.823558
-9999.0 -9999.0 -9999.0 -9999.0 -9999.0 -9999.0 -9999.0 -9999.0 -9999.0 -9999.0 -9999.0 -9999.0 -9999.0 -9999.0 -9999.0 -9999.0 -9999.0 -9999.0 -9999.0 -9999.0 -9999.0 -9999.0 -9999.0 -9999.0 -9999.0 -9999.0 -9999.0 -9999.0 -9999.0 -9999.0 -9999.0 -9999.0 -9999.0 -9999.0 -9999.0 -9999.0 -9999.0 -9999.0 -9999.0 -9999.0 3524.142379 3529.973061 3529.446312 3519.511132 3508.010597 3493.992079 3473.188900 3456.025532 3443.048514 3441.055311 3443.276078 3445.445448 3465.639493 3490.895207 3510.609433
-9999.0 -9999.0 -9999.0 -9999.0 -9999.0 -9999.0 -9999.0 -9999.0 -9999.0 -9999.0 -9999.0 -9999.0 -9999.0 -9999.0 -9999.0 -9999.0 -9999.0 -9999.0 -9999.0 -9999.0 -9999.0 -9999.0 -9999.0 -9999.0 -9999.0 -9999.0 -9999.0 -9999.0 -9999.0 -9999.0 -9999.0 -9999.0 -9999.0 -9999.0 3432.237782 3448.970932 3466.689452 3485.076721 3501.899988 3508.851166 3514.583676 3519.738024 3514.844609 3510.234605 3498.258434 3476.769809 3457.288608 3444.463897 3443.447780 3440.808328 3443.998587 3455.067876 3471.351642 3485.895153 3506.058454
-9999.0 -9999.0 -9999.0 -9999.0 -9999.0 -9999.0 -9999.0 -9999.0 -9999.0 -9999.0 -9999.0 -9999.0 -9999.0 -9999.0 -9999.0 -9999.0 -9999.0 -9999.0 -9999.0 -9999.0 -9999.0 -9999.0 -9999.0 -9999.0 -9999.0 -9999.0 -9999.0 -9999.0 3438.767697 3432.686798 3427.705618 3425.890827 3424.182170 3423.027037 3429.477612 3440.250445 3456.909864 3478.788389 3491.872772 3498.914973 3505.613945 3505.659837 3499.369897 3497.377041 3497.559376 3484.461208 3471.767992 3459.863767 3448.185392 3444.502175 3452.931441 3466.801616 3482.619283 3496.751672 3511.571154
-9999.0 -9999.0 -9999.0 -9999.0 -9999.0 -9999.0 -9999.0 -9999.0 -9999.0 -9999.0 -9999.0 -9999.0 -9999.0 -9999.0 -9999.0 -9999.0 -9999.0 -9999.0 -9999.0 -9999.0 -9999.0 -9999.0 -9999.0 3409.365781 3414.035715 3420.353208 3427.819794 3428.563305 3425.162834 3419.586025 3416.683582 3414.971861 3412.304891 3416.516736 3423.035281 3435.519731 3450.298958 3472.235833 3480.029149 3483.678056 3494.508378 3497.907432 3505.540703 3508.963115 3506.579097 3501.878675 3486.214976 3473.885210 3475.200283 3478.465337 3484.784403 3492.620338 3505.571128 3518.549635 3533.038241
-9999.0 -9999.0 -9999.0 -9999.0 -9999.0 -9999.0 -9999.0 -9999.0 -9999.0 -9999.0 -9999.0 -9999.0 -9999.0 -9999.0 -9999.0 -9999.0 -9999.0 -9999.0 -9999.0 3385.193810 3386.154446 3387.539133 3392.238360 3392.396865 3393.890320 3400.344630 3408.015147 3410.647860 3408.034454 3406.735974 3407.610019 3409.701818 3413.728518 3423.506726 3436.210798 3449.422794 3461.388013 3481.284855 3494.878835 3506.276168 3520.687893 3520.590687 3516.381524 3514.075011 3513.251131 3510.740802 3507.842373 3505.803825 3511.252846 3510.796623 3513.273578 3521.655121 3532.954578 3548.506438 3565.011056
-9999.0 -9999.0 -9999.0 -9999.0 -9999.0 -9999.0 -9999.0 -9999.0 -9999.0 -9999.0 -9999.0 -9999.0 -9999.0 -9999.0 -9999.0 -9999.0 3356.330418 3357.956540 3360.174134 3365.530953 3369.120276 3372.802834 3379.486584 3380.657853 3383.593744 3390.147823 3393.978148 3402.717264 3410.479439 3416.791255 3421.794386 3423.279344 3428.690249 3436.772623 3447.007606 3459.564335 3478.301897 3500.754281 3515.262081 3530.835569 3547.018046 3546.588604 3543.853762 3543.078544 3540.491502 3540.459115 3553.564633 3555.581703 3548.838765 3556.972971 3567.608757 3569.335475 3575.321737 3594.251453 3615.448689
-9999.0 -9999.0 -9999.0 -9999.0 -9999.0 -9999.0 -9999.0 -9999.0 -9999.0 -9999.0 -9999.0 -9999.0 -9999.0 3306.852627 3310.614695 3320.673939 3332.180143 3335.023125 3339.753529 3346.200527 3357.915090 3361.077745 3366.482910 3372.989342 3384.974913 3392.790969 3400.618587 3411.327101 3418.202627 3423.957726 3429.055356 3430.433906 3440.433896 3452.961768 3465.819940 3483.450738 3504.003607 3520.934102 3537.616448 3552.812722 3563.122965 3559.026572 3557.200424 3558.278777 3561.676160 3573.227012 3588.501579 3587.246338 3595.208125 3614.501955 3623.536607 3629.622990 3634.704146 3647.814496 3668.632021
-9999.0 -9999.0 -9999.0 -9999.0 -9999.0 -9999.0 -9999.0 -9999.0 -9999.0 -9999.0 3281.045646 3282.211911 3278.125135 3274.801418 3280.308896 3292.300399 3306.545112 3311.519994 3323.083760 3343.963092 3362.147714 3364.434979 3376.889495 3386.164746 3391.807639 3400.287507 3411.699152 3422.178196 3435.845117 3445.785078 3452.675991 3467.052352 3481.036653 3495.413825 3510.867057 3529.626497 3543.940727 3565.818382 3589.138171 3596.222310 3611.553509 3612.755618 3607.607198 3604.686268 3612.949117 3622.681975 3635.921832 3649.983647 3667.199779 3687.885751 3696.832564 3708.817117 3717.027479 3726.581900 3741.269636
-9999.0 -9999.0 -9999.0 -9999.0 -9999.0 -9999.0 -9999.0 -9999.0 3256.754645 3264.686921 3269.602569 3265.836094 3260.824436 3254.207305 3268.395904 3283.144621 3298.259484 3315.937286 3330.656351 3348.069195 3360.868432 3374.363598 3393.270799 3402.585360 3411.604306 3425.004506 3436.307928 3449.244342 3467.889518 3473.721418 3482.746304 3500.300086 3514.102563 3529.193868 3545.646082 3560.417311 3578.838142 3607.387811 3634.777671 3649.414604 3674.139412 3689.944737 3683.240416 3680.550554 3680.940459 3702.877264 3727.909438 3755.892258 3773.574878 3795.954140 3823.355094 3841.819897 3850.692630 3861.440053 3874.941502
-9999.0 -9999.0 -9999.0 -9999.0 -9999.0 -9999.0 3228.540853 3252.629761 3267.393048 3258.193900 3243.069790 3237.134193 3230.084927 3260.830521 3282.457583 3298.930141 3314.646513 3331.130321 3346.213944 3353.125982 3381.139044 3399.318970 3409.576796 3421.062303 3433.975753 3446.823324 3461.372496 3480.948487 3496.643483 3516.591503 3530.658683 3545.220930 3567.235597 3583.029201 3598.511935 3610.681107 3636.867018 3670.270543 3703.693476 3727.011831 3750.523213 3781.260281 3780.240591 3781.514961 3782.571234 3805.872348 3839.146229 3868.330221 3899.552673 3929.586692 3957.545101 3967.780299 3976.525211 3986.208643 3998.538457
-9999.0 -9999.0 -9999.0 -9999.0 3196.883855 3217.375053 3235.409762 3264.845814 3286.124300 3280.452844 3283.888027 3280.914851 3275.426487 3279.612889 3286.855608 3302.913702 3320.891714 3339.217101 3352.005489 3377.294634 3422.867684 3432.263490 3447.547122 3475.354879 3484.761784 3497.227603 3511.306918 3530.255517 3547.066221 3572.706235 3605.272168 3632.858617 3652.940693 3671.012553 3689.051674 3704.910740 3739.062354 3775.131283 3809.960372 3840.729813 3867.006466 3892.529622 3898.741534 3903.354740 3913.065532 3929.845810 3952.235487 3979.490914 4012.830941 4044.667747 4067.718375 4076.590272 4081.672347 4091.087014 4098.501243
-9999.0 -9999.0 -9999.0 3142.772183 3181.458672 3220.780781 3245.699913 3275.144918 3306.690550 3305.429977 3313.163150 3311.737175 3309.327106 3313.463536 3315.213832 3330.386144 3347.271373 3365.927243 3385.885049 3417.927104 3445.490245 3461.426933 3487.658790 3502.045509 3513.503907 3525.012839 3542.285367 3561.021538 3596.053490 3624.558157 3669.399172 3718.964506 3750.245247 3768.978798 3790.813135 3817.771633 3842.453637 3880.738890 3914.328161 3946.033320 3975.936965 3997.819958 4011.852272 4016.336658 4025.809379 4031.452974 4043.868784 4064.660670 4086.810002 4117.295367 4146.370025 4175.088803 4190.247878 4201.241937 4218.268180
-9999.0 -9999.0 3094.375492 3133.848177 3164.641742 3210.409179 3262.771827 3297.142918 3335.554254 3353.198494 3355.189814 3364.372726 3373.489734 3373.081368 3380.389712 3391.667848 3412.738129 3420.658354 3440.036542 3454.026908 3489.579149 3521.928023 3516.032423 3552.843789 3581.852219 3613.673697 3634.259515 3660.119414 3697.180726 3730.245201 3773.914385 3823.227753 3857.039130 3884.537254 3900.157542 3920.124281 3940.200728 3966.286397 4002.723086 4028.197460 4061.575921 4086.814870 4106.261190 4106.948388 4109.596209 4125.628239 4153.801069 4184.502875 4213.294658 4242.170372 4226.575873 4250.040139 4260.528543 4266.380283 4275.581289
-9999.0 -9999.0 3063.755707 3110.227332 3143.954474 3200.580291 3286.818398 3320.034720 3358.903232 3403.341132 3415.813662 3435.981165 3427.890982 3414.791903 3431.155772 3444.056376 3463.974953 3470.722839 3463.855497 3514.930292 3566.314859 3588.963943 3593.258749 3669.504251 3721.299996 3745.301407 3761.730184 3781.633625 3800.976047 3838.877094 3877.568511 3931.652860 3972.617836 4002.238942 4016.616722 4036.496218 4055.870550 4070.817601 4090.247149 4136.873722 4172.313337 4203.032502 4234.864063 4256.144596 4264.279566 4269.320601 4243.548333 4263.166289 4276.470360 4282.208323 4284.498657 4280.700625 4280.139743 4280.970000 4281.894475
-9999.0 2971.345118 3022.429074 3072.378486 3135.936680 3195.994887 3269.451517 3343.143984 3408.936205 3460.345761 3484.428571 3475.642371 3472.825509 3496.212294 3514.378369 3529.546660 3534.467946 3544.263738 3524.510685 3577.328566 3612.938875 3660.622338 3758.903101 3816.796383 3880.139020 3875.876472 3864.003277 3868.654405 3884.297961 3930.547516 4009.459933 4065.635733 4131.455864 4180.429452 4197.509477 4204.995453 4223.684497 4244.450547 4191.840152 4235.548762 4255.701914 4272.518144 4282.052131 4284.369938 4285.664451 4285.423393 4281.716442 4274.664432 4266.462935 4260.598042 4256.351701 4251.848701 4254.287422 4257.618854 4257.771293
-9999.0 2932.600023 2988.340091 3056.040322 3122.665001 3167.406220 3247.328702 3414.072088 3476.146204 3513.156891 3516.776008 3489.021911 3544.827615 3603.495847 3626.766480 3671.382076 3655.045284 3639.519054 3601.144702 3625.668624 3663.468152 3733.791085 3905.371115 3993.876772 4046.659491 4054.555962 4055.173459 4083.488383 4127.842355 4175.579158 4221.786052 4189.417441 4239.717669 4264.515009 4269.696845 4270.422190 4275.985995 4274.490901 4273.094201 4268.621121 4263.441068 4263.610524 4268.263370 4268.112271 4265.134116 4261.724730 4256.005127 4248.584083 4243.400078 4238.767394 4236.113954 4233.284124 4231.294911 4230.499503 4225.591952
-9999.0 2891.247439 2966.016771 3022.038161 3065.780077 3153.994709 3283.315642 3427.056986 3522.720654 3555.612758 3529.338596 3561.559035 3663.823235 3770.093441 3822.083490 3842.705752 3822.239042 3772.333212 3750.946854 3794.272764 3864.861790 3985.862868 4126.955394 4227.427586 4242.918730 4246.374538 4197.367960 4223.736762 4248.177297 4251.077584 4252.225181 4260.450390 4265.548912 4268.529114 4266.947479 4264.050800 4259.219273 4250.997094 4246.200469 4242.486476 4238.691691 4237.479720 4239.437897 4241.319092 4238.474166 4234.565378 4230.083397 4224.506624 4218.175303 4211.389014 4207.031429 4202.742083 4200.591115 4194.972749 4191.482849
-9999.0 2771.230005 2862.386975 2900.587095 2970.107285 3157.664922 3285.991133 3424.409487 3590.095594 3608.469126 3651.073823 3791.205778 3911.047058 3991.708642 4019.845713 4052.769571 4077.135706 4092.745117 4129.692685 4005.961134 4087.889217 4187.882052 4233.860859 4253.798935 4264.252242 4264.633430 4254.659310 4233.750525 4222.987597 4216.228286 4217.839371 4225.134706 4229.764343 4234.513403 4232.196886 4233.300299 4234.479911 4231.275777 4227.229132 4218.454694 4210.574648 4203.796496 4200.419091 4205.075023 4200.428656 4198.110551 4191.876128 4183.372849 4174.367083 4166.979086 4158.956400 4152.366462 4150.140469 4145.130826 4143.922803
-9999.0 2690.304242 2762.327042 2811.845636 2918.248638 3079.220924 3169.821206 3325.685651 3568.465694 3705.658696 3872.032716 3964.229194 4034.544853 4075.501761 4125.259847 4177.785783 4205.071398 4217.104940 4185.218692 4208.354154 4165.042869 4153.895617 4171.592729 4201.058189 4218.542295 4222.674670 4214.869427 4205.798917 4198.524479 4197.400914 4195.166038 4190.906991 4186.602077 4182.903391 4179.763662 4182.814282 4188.190939 4180.986667 4170.565439 4160.994851 4152.372036 4143.060784 4137.059356 4132.294239 4132.767704 4133.054122 4125.374040 4114.826799 4103.901058 4095.558665 4088.352452 4083.890808 4081.163104 4076.141738 4066.308574
-9999.0 2567.522601 2701.666036 2775.668522 2858.710049 2983.276156 3083.257018 3231.995738 3358.862740 3604.886645 3744.465561 3943.295171 3993.874412 4064.762562 4111.668966 4185.610345 4180.716145 4149.388193 4105.671639 4089.602651 4101.334433 4110.482733 4118.598011 4132.917214 4150.711288 4160.942998 4166.182776 4160.267005 4146.018441 4133.349848 4121.945108 4107.997616 4098.432198 4095.852864 4100.118962 4110.326689 4110.725130 4101.386661 4087.153947 4068.730772 4052.978387 4041.059253 4039.100583 4041.963277 4043.118897 4038.987590 4033.213259 4022.382875 4009.723514 3997.198892 3991.584507 3987.274456 3979.767261 3968.385182 3956.382512
-9999.0 -9999.0 2614.433922 2722.202973 2805.566224 2912.956808 2995.104865 3108.283001 3245.434453 3414.741786 3530.644548 3714.573176 3811.567953 3855.792167 3888.951778 3945.126637 3971.171540 4003.572304 3998.874169 4011.340106 4021.653893 4027.127120 4032.284008 4037.792137 4048.225387 4058.116079 4068.579507 4065.758579 4056.964424 4036.210476 4010.134739 3989.827116 3979.204536 3969.780092 3982.093216 3994.726891 3989.026856 3982.079615 3969.358792 3953.072349 3940.502126 3926.191567 3922.742139 3922.624052 3923.249562 3920.969514 3918.567942 3906.122136 3893.864507 3884.076064 3880.129100 3874.517151 3871.036301 3861.262954 3850.691831
-9999.0 -9999.0 2525.368671 2628.457290 2728.385486 2835.442910 2915.496003 2920.617876 3050.345303 3150.567928 3257.533736 3369.384316 3467.136665 3536.177409 3568.267189 3630.747685 3688.221905 3706.984556 3748.835506 3804.690114 3839.730949 3880.101685 3903.597808 3912.958642 3925.468449 3940.071506 3947.497339 3932.035856 3920.735303 3903.596992 3879.992262 3853.039793 3839.398146 3839.143068 3837.960628 3839.245704 3831.483734 3822.560519 3808.069900 3794.237337 3782.080459 3773.325675 3769.772037 3764.042203 3761.678936 3758.962682 3757.360780 3752.342655 3744.284693 3739.912345 3731.721070 3728.150254 3727.505924 3724.698726 3719.198240
