tests/Borden05m/sims/sim_1/output-maps/psiliqL0027N0016.asc
ncols         160
nrows         34
xllcorner     620200.000000
yllcorner     5168000.000000
cellsize      0.500000
NODATA_value  -9999.0
[rows 0 to 24 of 34, columns 55 to 109 of 160]
-9999.0 -9999.0 -9999.0 -9999.0 -9999.0 -9999.0 -9999.0 -9999.0 -9999.0 -9999.0 -9999.0 -9999.0 -9999.0 -9999.0 -9999.0 -9999.0 -9999.0 -9999.0 -9999.0 -9999.0 -9999.0 -9999.0 -9999.0 -9999.0 -9999.0 -9999.0 -9999.0 -9999.0 -9999.0 -9999.0 -9999.0 -9999.0 -9999.0 -9999.0 -9999.0 -9999.0 -9999.0 -9999.0 -9999.0 -9999.0 -9999.0 -9999.0 -9999.0 -9999.0 -9999.0 -9999.0 -9999.0 -9999.0 -9999.0 -9999.0 -9999.0 -9999.0 -9999.0 -9999.0 -9999.0
-9999.0 -9999.0 -9999.0 -9999.0 3597.898811 3592.608296 3587.867570 3583.372740 3574.881061 3565.546611 3557.710570 3553.489602 3552.280898 3551.407071 3550.720324 3555.507708 3563.513632 3571.068512 3577.865925 3580.213997 3582.499573 3584.271765 3584.434830 3583.255054 3579.970679 3576.586626 3573.157294 3571.406798 3564.084959 3552.961041 3544.678332 3541.984243 3546.130298 3550.452179 3552.902854 3558.018677 3568.363793 3578.937174 3587.503270 3600.116294 3607.224790 3612.589813 3615.153083 3611.183585 3607.947716 3603.975744 3597.764576 3586.670345 -9999.0 -9999.0 -9999.0 -9999.0 -9999.0 -9999.0 -9999.0
3542.821207 3561.153768 3582.146466 3585.221691 3573.477403 3568.367237 3565.214583 3563.548718 3559.319695 3550.805770 3545.659586 3540.125690 3537.363138 3537.303376 3537.103006 3540.658147 3551.390165 3559.094105 3563.562973 3566.137284 3568.932043 3567.190735 3566.324718 3566.042272 3563.080292 3559.533668 3556.099392 3554.194845 3555.698127 3548.076705 3542.017644 3538.063295 3534.989552 3537.736811 3540.445514 3545.118974 3554.251039 3562.127403 3570.081898 3585.316311 3598.564918 3604.308368 3601.780845 3597.250001 3593.460871 3586.017866 3575.242023 3565.301193 3557.349640 3551.361836 3546.066939 3539.645690 3546.157111 3554.189402 3563.520609
3525.989598 3545.097465 3565.500388 3567.987434 3557.721195 3549.999662 3542.970102 3543.462190 3546.978787 3543.711511 3538.814036 3530.729565 3540.792143 3541.681613 3542.252022 3545.330053 3547.011637 3552.196190 3554.494524 3559.735311 3568.619220 3571.349236 3571.691633 3571.645776 3569.569517 3566.227156 3564.178066 3561.309505 3555.965229 3554.062307 3553.618684 3552.217648 3556.210088 3557.720688 3560.722473 3555.329924 3559.826460 3566.088951 3573.075263 3578.524347 3584.627434 3587.062676 3583.802746 3584.553523 3576.281953 3562.708617 3553.025239 3545.719413 3546.198426 3543.345350 3535.496739 3521.780391 3530.271956 3546.517077 3551.398432
3530.267760 3539.075052 3549.445456 3551.826699 3546.721546 3548.934438 3550.658245 3551.756896 3549.788528 3546.114200 3541.445975 3551.589156 3559.685962 3560.922630 3563.195831 3567.054966 3567.918063 3557.046324 3554.951035 3562.039257 3571.535267 3576.533705 3576.613157 3576.126776 3572.222738 3570.963071 3570.688716 3568.848711 3568.161167 3569.582791 3566.902252 3569.666555 3575.091816 3578.410824 3573.418485 3565.078302 3567.450628 3575.974854 3585.176864 3592.802689 3602.947783 3613.703749 3614.128221 3609.755785 3601.357666 3589.076582 3566.802901 3549.543407 3538.658174 3530.685667 3523.508723 3526.830213 3522.098534 3536.226487 3538.129201
3514.943791 3535.832248 3555.673286 3561.265940 3555.170932 3551.461026 3550.258449 3550.785129 3549.621320 3549.762412 3558.056225 3569.556577 3580.356528 3582.163193 3583.801329 3582.347118 3574.884339 3564.493015 3561.831538 3574.867955 3591.518995 3599.249027 3598.575165 3593.867985 3596.584907 3596.774118 3597.415509 3594.146353 3594.715930 3591.943384 3596.957557 3604.613351 3612.631296 3611.301128 3598.885962 3586.487408 3586.553422 3592.250189 3599.516674 3607.224720 3617.386427 3626.480904 3621.745563 3616.817794 3609.740994 3584.462805 3562.309840 3548.328773 3548.776792 3549.695050 3545.417448 3543.605929 3543.018941 3539.278127 3539.672129
3550.276773 3569.212460 3589.318014 3601.934796 3595.650173 3588.159419 3579.793800 3579.870761 3579.958588 3585.502335 3595.537814 3607.772574 3629.168451 3628.255282 3628.385673 3626.660589 3613.562587 3600.231062 3590.319599 3612.678372 3623.725870 3630.698334 3627.708453 3632.371099 3640.858621 3637.335137 3631.164713 3618.939672 3624.459961 3630.477312 3645.605311 3653.621219 3659.011086 3654.165505 3640.054074 3633.214882 3634.995737 3641.821621 3643.321034 3652.326156 3660.986511 3675.917690 3674.558487 3671.754380 3652.142772 3615.200677 3586.376995 3574.499872 3586.409915 3580.933647 3574.665280 3574.941724 3564.227099 3557.440475 3560.305516
3581.148107 3594.165638 3610.156996 3626.484427 3617.230827 3607.067964 3590.274360 3586.882087 3590.722764 3600.826183 3618.143781 3635.657848 3655.206731 3653.091782 3645.721506 3655.334927 3648.287582 3637.310872 3629.834802 3652.040731 3661.957627 3672.040258 3677.425437 3690.044313 3700.374944 3683.305909 3665.838337 3655.011734 3662.170739 3688.222168 3711.037241 3715.819873 3714.717235 3713.886385 3698.085244 3693.390155 3690.245182 3691.029636 3688.660170 3686.971390 3712.877043 3734.827172 3734.730091 3713.339593 3690.711106 3650.856002 3613.105796 3589.400825 3603.449714 3600.078894 3603.749475 3594.075121 3582.703245 3576.334656 3574.469093
3629.601500 3650.603006 3666.670949 3688.578239 3678.711521 3655.150917 3638.496707 3640.898788 3654.494220 3662.620974 3681.328803 3697.896722 3723.279583 3734.699194 3745.338084 3749.270507 3742.318398 3733.803489 3721.874869 3727.699703 3752.155295 3763.776250 3771.933874 3780.156469 3792.828431 3792.796443 3785.534518 3783.586886 3788.056160 3802.061068 3816.978239 3823.744064 3826.627713 3829.014586 3815.033000 3801.906349 3800.237135 3795.032271 3794.223893 3793.577036 3805.739566 3827.037199 3823.717377 3786.323400 3759.443503 3724.092937 3685.528925 3656.280694 3650.976528 3671.004056 3669.531694 3653.474003 3643.700711 3618.447375 3614.230018
3697.807687 3730.637607 3754.816057 3764.771778 3771.796222 3756.265829 3753.919999 3758.135505 3766.643845 3769.664190 3776.030951 3808.495987 3842.287873 3867.030961 3889.749742 3896.848852 3884.385295 3874.606447 3860.949944 3852.201468 3863.841333 3881.389101 3899.181521 3914.078264 3925.441372 3927.399834 3925.788390 3925.831938 3929.051378 3932.067813 3936.513256 3945.219818 3952.925270 3961.489642 3969.275547 3958.429528 3941.390810 3932.361899 3923.721366 3923.269803 3924.886012 3929.191118 3930.331169 3912.749029 3869.694214 3837.670008 3805.397371 3786.451838 3773.771646 3774.591153 3756.406228 3731.813962 3679.850445 3642.688608 3611.631435
3782.796215 3827.428672 3856.751312 3873.458577 3886.057862 3882.612495 3884.481936 3885.431029 3889.040038 3891.212877 3893.602737 3920.927002 3963.133439 4002.953084 4034.522017 4034.058112 4019.897072 4008.466247 3999.473084 3984.713324 3980.725310 3993.891509 4009.803738 4030.598254 4040.979714 4046.747931 4043.183183 4043.390982 4045.349668 4047.744074 4049.941304 4053.778825 4063.750514 4079.231242 4094.129116 4093.062718 4073.458894 4055.333738 4039.385857 4037.348591 4035.217262 4030.327041 4032.860808 4034.810558 4017.955233 3985.837382 3945.362321 3904.923747 3888.943315 3874.211130 3863.368229 3846.170459 3804.006459 3735.678307 3695.265013
3898.451613 3933.578046 3962.835912 3993.339110 4007.957444 4009.731754 4006.950341 4005.527762 4012.603467 4015.038016 4020.301807 4036.988924 4070.297678 4106.762444 4137.011346 4152.334473 4144.091832 4125.477811 4102.639482 4092.262407 4089.155415 4092.989477 4102.907025 4116.418921 4136.519251 4156.465728 4162.317706 4163.226194 4160.509219 4162.995238 4164.630611 4164.762651 4167.937400 4176.953326 4187.230093 4190.718008 4182.523701 4160.728614 4136.701855 4125.599370 4119.279016 4115.938879 4117.247072 4122.813339 4126.401393 4111.078310 4074.362271 4028.782460 3998.913051 3984.278880 3971.624029 3957.293383 3944.471414 3909.797485 3888.232637
4008.503627 4024.144944 4052.988290 4082.312730 4104.968265 4119.600242 4119.641761 4122.432620 4127.277881 4134.387436 4149.513498 4173.564940 4193.451940 4217.030485 4244.524998 4261.408073 4266.648690 4264.709722 4260.241032 4261.358847 4261.744866 4193.121027 4199.906130 4206.677493 4225.349710 4241.931999 4247.980329 4248.676883 4245.897779 4247.855266 4248.691203 4248.549154 4248.172008 4250.862068 4256.407520 4258.526969 4255.906789 4242.311938 4262.913801 4242.338900 4228.569683 4220.192842 4211.804582 4203.522722 4194.022454 4183.982374 4163.195855 4131.494558 4096.671275 4075.673894 4068.016762 4061.786654 4052.871389 4046.947083 4029.458185
4107.726019 4118.338357 4137.079775 4160.388462 4195.524998 4219.769904 4231.421830 4240.938386 4245.660234 4259.949542 4277.201776 4259.492895 4268.596564 4278.017170 4287.377543 4290.591973 4291.512341 4291.087657 4288.661264 4287.812320 4285.264491 4281.957346 4271.317466 4272.946308 4274.967643 4277.611741 4281.385690 4280.313418 4281.456253 4284.421414 4282.615114 4276.468764 4272.303993 4270.725725 4271.811525 4279.311079 4282.865188 4283.853091 4280.104362 4279.124936 4278.033385 4274.306921 4269.654499 4263.095950 4254.706279 4271.343239 4258.885632 4229.934498 4188.329176 4145.912890 4138.956505 4141.458055 4141.141400 4139.668388 4133.979665
4236.147678 4250.230047 4265.424474 4240.181703 4264.661381 4277.189125 4283.046882 4287.437269 4290.336828 4293.806990 4290.829449 4287.879948 4282.944038 4281.317838 4279.944955 4277.485815 4278.108443 4276.219539 4272.112446 4267.969646 4259.738776 4248.003302 4236.822870 4233.085866 4237.348631 4243.075249 4248.372623 4253.033114 4256.831178 4256.669020 4251.063487 4242.506895 4234.851068 4233.225911 4240.191638 4245.985835 4252.735433 4253.649226 4252.249399 4249.671403 4249.347875 4245.933825 4246.097743 4253.302554 4268.362563 4270.634560 4277.101607 4276.180644 4257.939211 4224.907815 4239.350855 4219.213547 4225.565328 4220.887454 4209.430049
4281.885828 4284.922093 4283.135404 4282.140886 4275.670276 4269.549304 4268.749374 4272.793679 4279.887257 4280.908826 4273.811214 4265.139132 4257.817192 4250.237508 4247.826378 4247.351930 4247.145102 4247.697605 4242.372832 4232.778989 4215.429565 4203.800202 4192.718696 4186.767895 4182.673726 4185.899849 4197.401909 4210.023084 4215.145493 4205.420003 4196.767743 4184.719781 4176.613652 4177.091680 4177.943742 4187.566079 4204.933214 4212.972545 4213.795863 4207.100375 4200.289866 4193.504105 4190.277212 4196.691118 4212.144954 4229.262601 4245.288698 4254.663748 4262.508733 4269.780964 4267.386407 4270.390066 4272.042831 4269.709346 4273.377792
4276.476483 4269.401753 4262.330914 4256.963454 4250.512147 4245.243116 4243.367818 4245.149427 4246.927639 4242.680315 4236.307588 4226.282884 4215.176080 4205.422272 4197.545982 4198.586127 4200.964229 4202.727199 4195.265827 4179.690273 4161.723013 4148.171588 4134.258393 4130.311287 4124.238777 4116.037075 4126.106237 4146.294447 4153.876507 4137.348704 4126.274457 4110.879100 4104.392872 4100.245108 4100.916715 4109.801579 4132.785950 4157.709341 4159.955558 4148.802817 4137.713028 4133.014727 4129.733183 4134.133378 4150.756951 4171.842087 4188.253368 4198.912212 4204.266223 4212.068572 4221.510631 4236.176251 4251.332936 4263.959844 4268.117601
4251.081899 4243.299218 4235.613389 4227.951752 4221.040238 4214.811282 4210.487581 4208.524468 4204.365815 4198.208572 4191.139950 4169.480211 4156.947073 4143.837430 4128.682592 4124.695263 4119.606849 4120.589235 4109.005456 4101.334245 4085.128290 4069.768569 4054.131017 4040.340197 4034.620824 4027.791726 4025.229263 4038.431906 4046.789682 4037.840944 4028.230926 4017.898494 4013.623376 4010.256946 4012.838318 4023.337374 4042.552152 4060.877848 4069.570380 4062.348708 4061.666212 4062.081165 4060.499551 4066.971596 4077.320233 4095.095054 4117.818531 4137.309016 4147.354273 4154.170506 4163.320612 4177.834512 4192.067688 4206.572718 4224.818983
4220.479284 4211.124009 4201.163652 4191.384703 4180.847310 4170.249967 4163.659458 4166.488189 4160.512450 4154.957384 4131.125922 4074.647696 4053.051728 4033.930133 4017.527689 4010.635021 4002.032250 3984.665064 3976.069173 3971.897949 3975.419637 3961.681280 3944.189035 3926.282472 3921.451125 3918.023270 3899.399939 3893.386200 3893.538764 3911.682993 3905.839242 3905.295567 3907.845729 3905.498730 3906.512913 3919.159740 3926.257537 3931.023762 3937.918112 3943.736218 3954.934828 3963.365073 3974.619712 3992.027121 4002.567228 4017.580474 4037.783381 4063.781583 4079.619835 4089.139086 4099.462576 4114.722588 4130.852548 4148.681927 4171.145299
4185.689255 4168.759361 4154.035216 4139.669434 4126.944546 4114.064952 4097.846247 4099.865548 4097.907266 4087.359917 4030.436681 3989.905661 3955.852714 3938.835800 3914.991436 3901.144106 3883.989985 3843.745464 3825.874771 3826.362715 3842.853554 3840.394745 3825.439565 3813.965680 3804.409242 3794.666951 3776.219087 3755.903490 3762.229339 3781.756748 3783.621592 3787.823124 3796.347382 3796.056695 3788.815904 3784.759085 3796.405052 3801.441218 3812.860732 3831.544454 3836.564310 3854.204150 3889.158537 3901.831885 3916.776750 3934.803213 3954.887621 3976.783524 3999.615625 4013.699948 4028.870815 4047.164909 4063.721930 4083.885326 4106.278032
4134.285734 4102.761763 4081.464084 4064.015278 4044.663367 4016.828174 3996.921778 3994.726125 3988.715469 3958.161993 3904.953063 3870.167527 3847.886537 3826.281960 3803.585756 3779.153151 3740.264863 3705.141497 3683.210448 3700.821876 3712.886951 3726.436289 3715.596252 3705.282456 3695.898433 3677.247317 3660.240735 3643.057195 3654.547918 3663.265459 3684.117048 3691.619208 3695.616010 3702.089574 3700.570200 3688.665923 3681.722003 3689.566177 3699.260309 3711.403962 3734.214199 3770.629766 3795.272042 3813.485619 3833.694501 3851.867920 3872.704585 3895.200718 3917.852505 3934.667477 3952.642250 3970.709781 3991.247988 4009.832318 4032.108705
4052.502947 4024.414319 3998.346544 3975.305634 3942.966676 3895.583520 3881.393737 3872.518179 3849.288704 3800.155865 3758.813042 3740.594018 3729.678066 3707.038207 3686.860897 3657.841764 3623.787272 3603.286902 3582.981173 3594.315551 3605.522730 3627.432964 3619.490055 3613.667487 3611.446279 3596.189391 3583.160971 3566.465151 3572.620380 3585.249616 3609.907458 3616.281355 3620.574900 3630.420678 3629.704118 3624.593266 3605.371561 3611.621582 3622.314733 3636.980195 3668.458918 3690.460535 3712.355153 3733.837921 3752.664711 3773.590227 3795.105873 3817.446138 3843.473841 3862.555266 3881.043519 3902.057926 3920.559257 3933.837078 3948.896545
3943.243446 3919.891363 3901.168348 3877.364705 3833.757621 3790.091126 3748.387337 3720.164833 3665.824627 3631.098590 3613.675439 3615.978214 3605.531774 3587.141315 3569.493696 3551.348989 3530.951339 3513.573448 3488.963094 3495.241202 3512.197328 3530.283275 3533.301286 3535.466605 3534.662521 3526.030797 3512.845671 3499.360737 3503.220999 3520.763883 3539.029427 3549.626305 3557.564307 3565.313912 3564.866500 3554.635358 3544.050888 3548.346489 3563.585926 3579.256686 3595.684016 3615.391640 3635.307607 3654.961910 3676.657469 3698.356667 3720.293455 3744.174738 3770.102244 3790.771610 3813.599136 3837.126320 3852.421281 3859.866018 3865.923248
3840.543906 3822.449320 3800.079289 3772.912127 3731.278519 3692.591007 3652.645628 3604.541134 3572.274604 3545.086931 3541.166886 3527.656107 3516.546887 3504.103697 3485.229929 3470.640890 3457.764836 3437.659508 3429.942763 3438.288238 3452.382621 3460.441277 3468.491777 3467.030977 3465.278423 3460.387159 3446.695499 3443.842287 3454.254029 3469.441260 3482.899180 3494.711421 3501.578782 3506.388246 3503.103934 3493.511635 3490.837425 3498.685941 3513.710341 3526.367831 3539.916108 3559.438148 3578.131496 3598.473882 3619.640831 3640.285636 3663.348392 3687.134865 3711.896215 3738.017252 3759.022759 3775.874050 3783.033281 3790.946081 3788.154495
3717.386896 3707.713006 3682.753757 3655.154028 3627.526479 3596.541041 3574.545988 3544.993527 3516.679201 3489.464424 3465.079054 3455.209838 3451.250356 3440.389350 3425.376237 3415.998890 3401.978313 3394.467609 3402.635174 3404.204174 3412.160312 3410.155391 3411.653814 3409.794976 3409.700478 3408.269888 3403.337045 3416.325655 3422.684020 3435.787150 3445.586530 3455.266311 3460.814685 3464.077140 3465.242160 3461.212090 3467.202568 3472.595293 3485.485916 3495.786356 3508.077678 3526.733429 3542.253795 3559.622224 3580.248107 3601.580328 3623.674653 3647.650138 3674.019730 3696.917097 3712.680464 3717.357085 3724.656335 3723.754632 3710.152447
