tests/Borden05m/sims/sim_1/output-maps/psiliqL0027N0011.asc
ncols         160
nrows         34
xllcorner     620200.000000
yllcorner     5168000.000000
cellsize      0.500000
NODATA_value  -9999.0
[rows 0 to 24 of 34, columns 55 to 109 of 160]
-9999.0 -9999.0 -9999.0 -9999.0 -9999.0 -9999.0 -9999.0 -9999.0 -9999.0 -9999.0 -9999.0 -9999.0 -9999.0 -9999.0 -9999.0 -9999.0 -9999.0 -9999.0 -9999.0 -9999.0 -9999.0 -9999.0 -9999.0 -9999.0 -9999.0 -9999.0 -9999.0 -9999.0 -9999.0 -9999.0 -9999.0 -9999.0 -9999.0 -9999.0 -9999.0 -9999.0 -9999.0 -9999.0 -9999.0 -9999.0 -9999.0 -9999.0 -9999.0 -9999.0 -9999.0 -9999.0 -9999.0 -9999.0 -9999.0 -9999.0 -9999.0 -9999.0 -9999.0 -9999.0 -9999.0
-9999.0 -9999.0 -9999.0 -9999.0 3597.897602 3592.607081 3587.866319 3583.370996 3574.871346 3565.536366 3557.700139 3553.478971 3552.270092 3551.396073 3550.709136 3555.496325 3563.502083 3571.056804 3577.854549 3580.211893 3582.498009 3584.270205 3584.433253 3583.253443 3579.968460 3576.574376 3573.144484 3571.393879 3564.071959 3552.947971 3544.665217 3541.971090 3546.117131 3550.439021 3552.889703 3558.005563 3568.350757 3578.924694 3587.501046 3600.115323 3607.223894 3612.588936 3615.152231 3611.182744 3607.946867 3603.974885 3597.763180 3586.668926 -9999.0 -9999.0 -9999.0 -9999.0 -9999.0 -9999.0 -9999.0
3542.811486 3561.144237 3582.144687 3585.219893 3573.467991 3568.357377 3565.204610 3563.538576 3559.309081 3550.794962 3545.648587 3540.114501 3537.351763 3537.291796 3537.091230 3540.646173 3551.377985 3559.081740 3563.550466 3566.124978 3568.919626 3567.178200 3566.312065 3566.029505 3563.067401 3559.520293 3556.085911 3554.181278 3555.684475 3548.062966 3542.003850 3538.049464 3534.975721 3537.723020 3540.431690 3545.105180 3554.237306 3562.113803 3570.069328 3585.314019 3598.563919 3604.307442 3601.779924 3597.249080 3593.459348 3586.015800 3575.230999 3565.289829 3557.337859 3551.350224 3546.055583 3539.634628 3546.146364 3554.178965 3563.510481
3525.979282 3545.086916 3565.489935 3567.976825 3557.710190 3549.988537 3542.958802 3543.450703 3546.967108 3543.699621 3538.801915 3530.717245 3540.779669 3541.668952 3542.239135 3545.316925 3546.998222 3552.182554 3554.480722 3559.721373 3568.605218 3571.335135 3571.677404 3571.631417 3569.555038 3566.212561 3564.163355 3561.294686 3555.950313 3554.047316 3553.603629 3552.202545 3556.195026 3557.706376 3560.707432 3555.314848 3559.811449 3566.074094 3573.061336 3578.511473 3584.625691 3587.061617 3583.801702 3584.551905 3576.270270 3562.696583 3553.012338 3545.706637 3546.185861 3543.333047 3535.484732 3521.768715 3530.260624 3546.506091 3551.387753
3530.256311 3539.063335 3549.433540 3551.814581 3546.709255 3548.921931 3550.645526 3551.743933 3549.775308 3546.100721 3541.432250 3551.575255 3559.672656 3560.909172 3563.182142 3567.040948 3567.902905 3557.030895 3554.935414 3562.023564 3571.520372 3576.518779 3576.598112 3576.111591 3572.207413 3570.947625 3570.673147 3568.833027 3568.145372 3569.566913 3566.886283 3569.650549 3575.076352 3578.407226 3573.403034 3565.062313 3567.434699 3575.959577 3585.174092 3592.800715 3602.946500 3613.702533 3614.127028 3609.754579 3601.355880 3589.074108 3566.788899 3549.529080 3538.644237 3530.672105 3523.495471 3526.817320 3522.086036 3536.214378 3538.117445
3514.930695 3535.818927 3555.660478 3561.252944 3555.157688 3551.447525 3550.244691 3550.771086 3549.606998 3549.747797 3558.041314 3569.541984 3580.353815 3582.161162 3583.799270 3582.344232 3574.868362 3564.476265 3561.814609 3574.851512 3591.515975 3599.246785 3598.572928 3593.865730 3596.582630 3596.771825 3597.413195 3594.144017 3594.713577 3591.941019 3596.955185 3604.610971 3612.628939 3611.299471 3598.883613 3586.485037 3586.551050 3592.247868 3599.515099 3607.223197 3617.384955 3626.479445 3621.744141 3616.816398 3609.739600 3584.460666 3562.294652 3548.312443 3548.761788 3549.680493 3545.402462 3543.591322 3543.004782 3539.264407 3539.658769
3550.262387 3569.198393 3589.315397 3601.932823 3595.648175 3588.157376 3579.791713 3579.868628 3579.956419 3585.500113 3595.535547 3607.770288 3629.166840 3628.253692 3628.384056 3626.658921 3613.560109 3600.228520 3590.317034 3612.675819 3623.724096 3630.696603 3627.706706 3632.369341 3640.856850 3637.333352 3631.162904 3618.937855 3624.458134 3630.475468 3645.603460 3653.619366 3659.009228 3654.163673 3640.052215 3633.213029 3634.993881 3641.819783 3643.319224 3652.324373 3660.984742 3675.915955 3674.556783 3671.752713 3652.141153 3615.199016 3586.373805 3574.483093 3586.406794 3580.930678 3574.649580 3574.925857 3564.211728 3557.425514 3560.290122
3581.145126 3594.163416 3610.155423 3626.482870 3617.229239 3607.066341 3590.272702 3586.880389 3590.721026 3600.824402 3618.141976 3635.656006 3655.204873 3653.089900 3645.719589 3655.333095 3648.285609 3637.308859 3629.832775 3652.038682 3661.955602 3672.038352 3677.423528 3690.042377 3700.372997 3683.303942 3665.836350 3655.009744 3662.168726 3688.220151 3711.035199 3715.817832 3714.715186 3713.884342 3698.083216 3693.388119 3690.243156 3691.027611 3688.658164 3686.969407 3712.875075 3734.825243 3734.728201 3713.337737 3690.709293 3650.854109 3613.103877 3589.398172 3603.447916 3600.077152 3603.747027 3594.072722 3582.700899 3576.331589 3574.452782
3629.599700 3650.601202 3666.669132 3688.576491 3678.709748 3655.149102 3638.494849 3640.896903 3654.492293 3662.619010 3681.326797 3697.894682 3723.277506 3734.697088 3745.336036 3749.270060 3742.316285 3733.801284 3721.872641 3727.697466 3752.153130 3763.775879 3771.933612 3780.156212 3792.828172 3792.796176 3785.534251 3783.586618 3788.055891 3802.060790 3816.977972 3823.743795 3826.627446 3829.014322 3815.032737 3801.906091 3800.236865 3795.032002 3794.223617 3793.576768 3805.739302 3827.036933 3823.717116 3786.323142 3759.443158 3724.090906 3685.526860 3656.278672 3650.974585 3671.002177 3669.529733 3653.472080 3643.698857 3618.445532 3614.227447
3697.805727 3730.635602 3754.814100 3764.771444 3771.795977 3756.265578 3753.919751 3758.135242 3766.643577 3769.663929 3776.030681 3808.495710 3842.287606 3867.030682 3889.749474 3896.848663 3884.385015 3874.606167 3860.949661 3852.201172 3863.841054 3881.388918 3899.181341 3914.078075 3925.441192 3927.399653 3925.788211 3925.831750 3929.051196 3932.067630 3936.513064 3945.219627 3952.925091 3961.489607 3969.275519 3958.429500 3941.390628 3932.361711 3923.721177 3923.269621 3924.885834 3929.190935 3930.330994 3912.748859 3869.694041 3837.669746 3805.397095 3786.451572 3773.771377 3774.590796 3756.404141 3731.811850 3679.848376 3642.686487 3611.629349
3782.795833 3827.428401 3856.751041 3873.458405 3886.057690 3882.612327 3884.481754 3885.430853 3889.039859 3891.212685 3893.602552 3920.926814 3963.133400 4002.953066 4034.521994 4034.058097 4019.897049 4008.466215 3999.473065 3984.713306 3980.725280 3993.891491 4009.803713 4030.598241 4040.979689 4046.747912 4043.183157 4043.390968 4045.349639 4047.744049 4049.941289 4053.778795 4063.750498 4079.231223 4094.129109 4093.062708 4073.458869 4055.333720 4039.385829 4037.348568 4035.217239 4030.327021 4032.860788 4034.810531 4017.955207 3985.837342 3945.362137 3904.923564 3888.943138 3874.210941 3863.367959 3846.170172 3804.006075 3735.676029 3695.262721
3898.451429 3933.577862 3962.835883 3993.339095 4007.957426 4009.731732 4006.950315 4005.527743 4012.603441 4015.037998 4020.301783 4036.988903 4070.297667 4106.762433 4137.011337 4152.334459 4144.091818 4125.477797 4102.639467 4092.262390 4089.155405 4092.989461 4102.907009 4116.418906 4136.519244 4156.465711 4162.317699 4163.226190 4160.509210 4162.995230 4164.630617 4164.762651 4167.937398 4176.953327 4187.230091 4190.718012 4182.523692 4160.728597 4136.701848 4125.599357 4119.279002 4115.938861 4117.247056 4122.813324 4126.401389 4111.078295 4074.362250 4028.782435 3998.913032 3984.278855 3971.623995 3957.293198 3944.471212 3909.797191 3888.232344
4008.503602 4024.144922 4052.988273 4082.312713 4104.968248 4119.600235 4119.641743 4122.432611 4127.277868 4134.387426 4149.513480 4173.564943 4193.451941 4217.030476 4244.524990 4261.408071 4266.648691 4264.709720 4260.241030 4261.358848 4261.744866 4193.121031 4199.906126 4206.677489 4225.349700 4241.932006 4247.980329 4248.676882 4245.897779 4247.855264 4248.691202 4248.549146 4248.172005 4250.862069 4256.407519 4258.526969 4255.906791 4242.311938 4262.913799 4242.338896 4228.569680 4220.192847 4211.804585 4203.522720 4194.022448 4183.982376 4163.195845 4131.494546 4096.671254 4075.673876 4068.016755 4061.786624 4052.871367 4046.947059 4029.458152
4107.726000 4118.338346 4137.079766 4160.388443 4195.524997 4219.769896 4231.421835 4240.938379 4245.660228 4259.949538 4277.201772 4259.492898 4268.596565 4278.017174 4287.377545 4290.591975 4291.512342 4291.087660 4288.661260 4287.812316 4285.264490 4281.957339 4271.317466 4272.946305 4274.967651 4277.611737 4281.385684 4280.313423 4281.456247 4284.421416 4282.615108 4276.468773 4272.303988 4270.725722 4271.811526 4279.311072 4282.865181 4283.853094 4280.104365 4279.124931 4278.033381 4274.306915 4269.654493 4263.095947 4254.706276 4271.343236 4258.885630 4229.934499 4188.329178 4145.912872 4138.956493 4141.458044 4141.141379 4139.668378 4133.979659
4236.147673 4250.230054 4265.424463 4240.181705 4264.661383 4277.189126 4283.046880 4287.437267 4290.336832 4293.806995 4290.829454 4287.879940 4282.944036 4281.317833 4279.944960 4277.485810 4278.108439 4276.219542 4272.112441 4267.969652 4259.738770 4248.003307 4236.822867 4233.085873 4237.348619 4243.075253 4248.372618 4253.033117 4256.831178 4256.669015 4251.063481 4242.506899 4234.851062 4233.225914 4240.191639 4245.985839 4252.735434 4253.649220 4252.249399 4249.671404 4249.347880 4245.933826 4246.097746 4253.302553 4268.362563 4270.634558 4277.101604 4276.180640 4257.939208 4224.907811 4239.350854 4219.213549 4225.565323 4220.887449 4209.430051
4281.885830 4284.922091 4283.135401 4282.140890 4275.670268 4269.549308 4268.749378 4272.793676 4279.887252 4280.908822 4273.811210 4265.139133 4257.817194 4250.237503 4247.826376 4247.351925 4247.145099 4247.697603 4242.372834 4232.778990 4215.429557 4203.800206 4192.718688 4186.767889 4182.673734 4185.899841 4197.401910 4210.023085 4215.145495 4205.419998 4196.767749 4184.719781 4176.613655 4177.091678 4177.943747 4187.566070 4204.933208 4212.972540 4213.795866 4207.100370 4200.289864 4193.504107 4190.277207 4196.691118 4212.144951 4229.262602 4245.288695 4254.663754 4262.508732 4269.780968 4267.386408 4270.390069 4272.042835 4269.709350 4273.377784
4276.476479 4269.401749 4262.330919 4256.963457 4250.512146 4245.243112 4243.367813 4245.149435 4246.927634 4242.680316 4236.307581 4226.282889 4215.176072 4205.422273 4197.545979 4198.586124 4200.964234 4202.727196 4195.265827 4179.690274 4161.722994 4148.171578 4134.258381 4130.311278 4124.238766 4116.037058 4126.106222 4146.294432 4153.876489 4137.348691 4126.274447 4110.879076 4104.392863 4100.245093 4100.916698 4109.801563 4132.785944 4157.709334 4159.955539 4148.802804 4137.713013 4133.014710 4129.733171 4134.133369 4150.756929 4171.842089 4188.253374 4198.912204 4204.266219 4212.068574 4221.510629 4236.176245 4251.332929 4263.959846 4268.117600
4251.081893 4243.299222 4235.613391 4227.951745 4221.040238 4214.811275 4210.487580 4208.524471 4204.365808 4198.208567 4191.139955 4169.480189 4156.947066 4143.837416 4128.682578 4124.695254 4119.606830 4120.589221 4109.005440 4101.334225 4085.128282 4069.768551 4054.131001 4040.340170 4034.620796 4027.791713 4025.229234 4038.431889 4046.789663 4037.840920 4028.230902 4017.898475 4013.623355 4010.256919 4012.838298 4023.337357 4042.552123 4060.877824 4069.570365 4062.348679 4061.666186 4062.081150 4060.499541 4066.971577 4077.320227 4095.095035 4117.818512 4137.309000 4147.354254 4154.170490 4163.320598 4177.834507 4192.067688 4206.572721 4224.818982
4220.479288 4211.124007 4201.163647 4191.384696 4180.847318 4170.249950 4163.659443 4166.488169 4160.512443 4154.957377 4131.125910 4074.647677 4053.051706 4033.930108 4017.527664 4010.634999 4002.032228 3984.665046 3976.069141 3971.897931 3975.419607 3961.681250 3944.188848 3926.282279 3921.450946 3918.023079 3899.399757 3893.386021 3893.538575 3911.682816 3905.839061 3905.295382 3907.845551 3905.498540 3906.512737 3919.159546 3926.257354 3931.023570 3937.917913 3943.736021 3954.934634 3963.365044 3974.619694 3992.027094 4002.567203 4017.580458 4037.783358 4063.781565 4079.619829 4089.139067 4099.462556 4114.722576 4130.852529 4148.681911 4171.145278
4185.689244 4168.759349 4154.035208 4139.669419 4126.944530 4114.064937 4097.846238 4099.865534 4097.907250 4087.359896 4030.436658 3989.905627 3955.852521 3938.835599 3914.991255 3901.143907 3883.989702 3843.745181 3825.874494 3826.362447 3842.853288 3840.394479 3825.439289 3813.965408 3804.408974 3794.666692 3776.218820 3755.903229 3762.229079 3781.756495 3783.621336 3787.822860 3796.347118 3796.056438 3788.815636 3784.758823 3796.404783 3801.440944 3812.860457 3831.544174 3836.564033 3854.203965 3889.158357 3901.831702 3916.776570 3934.803016 3954.887438 3976.783497 3999.615603 4013.699925 4028.870801 4047.164892 4063.721920 4083.885312 4106.278021
4134.285728 4102.761744 4081.464069 4064.015262 4044.663337 4016.828153 3996.921753 3994.726099 3988.715450 3958.161956 3904.952879 3870.167245 3847.886240 3826.281680 3803.585480 3779.152757 3740.262674 3705.139275 3683.208284 3700.819750 3712.884877 3726.434246 3715.594235 3705.280457 3695.896462 3677.245362 3660.238809 3643.055274 3654.546015 3663.263550 3684.115147 3691.617303 3695.614098 3702.087642 3700.568263 3688.663948 3681.719998 3689.564143 3699.258235 3711.401874 3734.212147 3770.629423 3795.271788 3813.485357 3833.694231 3851.867741 3872.704407 3895.200534 3917.852327 3934.667296 3952.642058 3970.709750 3991.247970 4009.832290 4032.108681
4052.502921 4024.414294 3998.346527 3975.305599 3942.966497 3895.583329 3881.393442 3872.517894 3849.288428 3800.155585 3758.812645 3740.591864 3729.675904 3707.036109 3686.858833 3657.838845 3623.784272 3603.283977 3582.978325 3594.312773 3605.520008 3627.430286 3619.487421 3613.664891 3611.443717 3596.186860 3583.158466 3566.462657 3572.617899 3585.247139 3609.904978 3616.278869 3620.572393 3630.418156 3629.701558 3624.590682 3605.368945 3611.618913 3622.312042 3636.978276 3668.457002 3690.458710 3712.353303 3733.836005 3752.662807 3773.589902 3795.105634 3817.445886 3843.473667 3862.555097 3881.043340 3902.057747 3920.559081 3933.836890 3948.896357
3943.243253 3919.891186 3901.168171 3877.364526 3833.757341 3790.090744 3748.385162 3720.162641 3665.822473 3631.095601 3613.672507 3615.975259 3605.528929 3587.138560 3569.490112 3551.329746 3530.931856 3513.554481 3488.944646 3495.223209 3512.179722 3530.266026 3533.284325 3535.449918 3534.646060 3526.014528 3512.829558 3499.344728 3503.205054 3520.747951 3539.013486 3549.610287 3557.548199 3565.297648 3564.850051 3554.618676 3544.033917 3548.329215 3563.568984 3579.253562 3595.681672 3615.389289 3635.305909 3654.960193 3676.655720 3698.354955 3720.291684 3744.172974 3770.101945 3790.771384 3813.598900 3837.126164 3852.421112 3859.865849 3865.923069
3840.543643 3822.449068 3800.079033 3772.911766 3731.276558 3692.589023 3652.643546 3604.538254 3572.270848 3545.066995 3541.146931 3527.636921 3516.528479 3504.085893 3485.212685 3470.623118 3457.747502 3437.642679 3429.926404 3438.272301 3452.367053 3460.426023 3468.476804 3467.016238 3465.263884 3460.372798 3446.681268 3443.828149 3454.240053 3469.427300 3482.885189 3494.697358 3501.564613 3506.373953 3503.089464 3493.496939 3490.822479 3498.670712 3513.694881 3526.353070 3539.901075 3559.423325 3578.128747 3598.471818 3619.639333 3640.284129 3663.346819 3687.133238 3711.894609 3738.015575 3759.021086 3775.873756 3783.033063 3790.945849 3788.154255
3717.384942 3707.711128 3682.751907 3655.151414 3627.523819 3596.538446 3574.542617 3544.975663 3516.661234 3489.445893 3465.061205 3455.192748 3451.233696 3440.367933 3425.355349 3415.978651 3401.958728 3394.448605 3402.616728 3404.186230 3412.142826 3410.138289 3411.637040 3409.778476 3409.684221 3408.253800 3403.321079 3416.309956 3422.672392 3435.775738 3445.575093 3455.254823 3460.803189 3464.065523 3465.230379 3461.200130 3467.190393 3472.582854 3485.473226 3495.773440 3508.064436 3526.719865 3542.240715 3559.609305 3580.245715 3601.578506 3623.673327 3647.648790 3674.018327 3696.915622 3712.678906 3717.355562 3724.654724 3723.752940 3710.150650
