tests/Borden05m/sims/sim_1/output-maps/psiliqL0003N0003.asc
ncols         160
nrows         34
xllcorner     620200.000000
yllcorner     5168000.000000
cellsize      0.500000
NODATA_value  -9999.0
[rows 0 to 24 of 34, columns 0 to 56 of 160]
-9999.0 -9999.0 -9999.0 -9999.0 -9999.0 -9999.0 -9999.0 -9999.0 -9999.0 -9999.0 -9999.0 -9999.0 -9999.0 -9999.0 -9999.0 -9999.0 -9999.0 -9999.0 -9999.0 -9999.0 -9999.0 -9999.0 -9999.0 -9999.0 -9999.0 -9999.0 -9999.0 -9999.0 -9999.0 -9999.0 -9999.0 -9999.0 -9999.0 -9999.0 -9999.0 -9999.0 -9999.0 -9999.0 -9999.0 -9999.0 -9999.0 -9999.0 -9999.0 -9999.0 -9999.0 -9999.0 -9999.0 -9999.0 -9999.0 -9999.0 -9999.0 -9999.0 -9999.0 -9999.0 -9999.0 -9999.0 -9999.0
-9999.0 -9999.0 -9999.0 -9999.0 -9999.0 -9999.0 -9999.0 -9999.0 -9999.0 -9999.0 -9999.0 -9999.0 -9999.0 -9999.0 -9999.0 -9999.0 -9999.0 -9999.0 -9999.0 -9999.0 -9999.0 -9999.0 -9999.0 -9999.0 -9999.0 -9999.0 -9999.0 -9999.0 -9999.0 -9999.0 -9999.0 -9999.0 -9999.0 -9999.0 -9999.0 -9999.0 -9999.0 -9999.0 -9999.0 -9999.0 -9999.0 -9999.0 -9999.0 -9999.0 -9999.0 -9999.0 -9999.0 -9999.0 -9999.0 -9999.0 -9999.0 -9999.0 -9999.0 -9999.0 -9999.0 -9999.0 -9999.0
-9999.0 -9999.0 -9999.0 -9999.0 -9999.0 -9999.0 -9999.0 -9999.0 -9999.0 -9999.0 -9999.0 -9999.0 -9999.0 -9999.0 -9999.0 -9999.0 -9999.0 -9999.0 -9999.0 -9999.0 -9999.0 -9999.0 -9999.0 -9999.0 -9999.0 -9999.0 -9999.0 -9999.0 -9999.0 -9999.0 -9999.0 -9999.0 -9999.0 -9999.0 -9999.0 -9999.0 -9999.0 -9999.0 -9999.0 -9999.0 -9999.0 -9999.0 -9999.0 -9999.0 -9999.0 -9999.0 -9999.0 -699.867487 -711.818465 -726.415577 -730.420516 -713.765154 -705.917760 -698.561579 -693.398165 -688.611178 -681.909768
-9999.0 -9999.0 -9999.0 -9999.0 -9999.0 -9999.0 -9999.0 -9999.0 -9999.0 -9999.0 -9999.0 -9999.0 -9999.0 -9999.0 -9999.0 -9999.0 -9999.0 -9999.0 -9999.0 -9999.0 -9999.0 -9999.0 -9999.0 -9999.0 -9999.0 -9999.0 -9999.0 -9999.0 -9999.0 -9999.0 -9999.0 -9999.0 -9999.0 -9999.0 -9999.0 -9999.0 -9999.0 -9999.0 -9999.0 -9999.0 -698.318470 -693.087113 -688.999357 -696.727153 -700.424341 -700.497383 -709.311560 -719.476473 -729.955089 -727.074733 -726.765715 -733.460874 -721.514985 -711.738226 -707.700065 -704.214303 -696.079815
-9999.0 -9999.0 -9999.0 -9999.0 -9999.0 -9999.0 -9999.0 -9999.0 -9999.0 -9999.0 -9999.0 -9999.0 -9999.0 -9999.0 -9999.0 -9999.0 -9999.0 -9999.0 -9999.0 -9999.0 -9999.0 -9999.0 -9999.0 -9999.0 -9999.0 -9999.0 -9999.0 -9999.0 -9999.0 -9999.0 -9999.0 -9999.0 -9999.0 -9999.0 -726.907794 -716.092869 -710.948877 -706.026705 -699.149421 -700.843350 -702.249653 -697.542190 -701.726250 -702.197428 -707.833704 -718.380288 -729.207823 -735.542851 -729.650248 -731.752102 -731.547519 -725.794158 -721.787761 -719.693864 -711.577163 -699.443146 -704.039981
-9999.0 -9999.0 -9999.0 -9999.0 -9999.0 -9999.0 -9999.0 -9999.0 -9999.0 -9999.0 -9999.0 -9999.0 -9999.0 -9999.0 -9999.0 -9999.0 -9999.0 -9999.0 -9999.0 -9999.0 -9999.0 -9999.0 -9999.0 -9999.0 -9999.0 -9999.0 -9999.0 -9999.0 -711.583847 -715.726817 -718.944321 -718.791358 -720.248499 -725.820418 -726.992074 -725.492743 -719.314731 -709.823454 -707.826603 -708.479668 -707.493636 -709.425159 -715.323045 -716.059905 -709.857665 -716.316567 -719.715906 -724.170860 -734.770058 -737.349107 -731.062510 -724.858527 -719.337488 -717.345296 -715.697932 -714.844953 -712.839962
-9999.0 -9999.0 -9999.0 -9999.0 -9999.0 -9999.0 -9999.0 -9999.0 -9999.0 -9999.0 -9999.0 -9999.0 -9999.0 -9999.0 -9999.0 -9999.0 -9999.0 -9999.0 -9999.0 -9999.0 -9999.0 -9999.0 -9999.0 -719.437046 -715.544596 -713.988043 -710.550039 -712.163888 -720.063305 -725.260595 -727.548813 -729.416289 -733.754376 -734.072998 -733.845897 -730.550884 -727.849361 -717.730507 -721.764018 -724.259929 -715.947759 -717.633817 -712.406496 -706.622548 -708.095072 -707.066788 -718.272869 -726.791171 -718.082689 -714.421117 -714.503857 -715.948611 -712.515978 -708.007534 -702.495512 -693.795699 -683.354802
-9999.0 -9999.0 -9999.0 -9999.0 -9999.0 -9999.0 -9999.0 -9999.0 -9999.0 -9999.0 -9999.0 -9999.0 -9999.0 -9999.0 -9999.0 -9999.0 -9999.0 -9999.0 -9999.0 -719.880901 -721.017822 -723.312498 -722.259396 -729.878455 -733.066813 -730.650704 -726.280296 -728.623080 -733.075813 -736.933872 -736.418523 -735.799320 -736.584634 -730.374301 -725.219543 -723.131154 -723.729640 -715.646999 -712.831399 -708.214513 -697.357214 -703.975595 -710.719735 -714.308625 -714.590802 -716.549827 -710.166127 -708.116707 -707.262509 -707.621321 -707.082407 -705.016832 -703.419845 -694.377718 -685.936051 -678.783203 -672.168097
-9999.0 -9999.0 -9999.0 -9999.0 -9999.0 -9999.0 -9999.0 -9999.0 -9999.0 -9999.0 -9999.0 -9999.0 -9999.0 -9999.0 -9999.0 -9999.0 -721.597386 -722.189087 -725.029090 -729.615447 -733.670854 -733.632148 -730.228685 -735.973154 -737.779145 -736.248796 -738.646845 -735.465541 -732.122373 -728.228170 -726.400939 -730.353364 -729.335946 -729.540469 -729.491973 -726.929837 -717.811657 -709.424382 -707.037072 -701.063125 -691.295263 -696.348588 -698.559092 -698.241434 -701.453689 -698.324694 -684.343948 -686.108608 -691.560230 -677.371965 -669.896937 -672.144943 -672.943913 -663.860021 -650.869802 -635.700046 -613.535665
-9999.0 -9999.0 -9999.0 -9999.0 -9999.0 -9999.0 -9999.0 -9999.0 -9999.0 -9999.0 -9999.0 -9999.0 -9999.0 -723.959890 -724.483345 -723.446698 -730.713455 -736.510250 -739.971063 -744.830341 -738.072415 -742.541629 -743.809032 -742.480672 -736.458524 -736.082954 -735.158653 -731.276123 -732.172330 -733.573048 -734.904826 -738.033227 -732.875004 -727.673813 -723.827869 -716.464853 -710.529825 -705.662795 -697.711828 -695.482288 -690.267685 -691.682181 -696.874820 -697.901635 -693.373895 -680.696053 -671.063780 -667.619393 -652.109075 -637.125941 -630.951561 -622.801738 -619.449002 -614.946927 -604.099527 -576.322391 -548.549161
-9999.0 -9999.0 -9999.0 -9999.0 -9999.0 -9999.0 -9999.0 -9999.0 -9999.0 -9999.0 -736.378692 -732.356089 -738.326238 -749.462616 -754.220068 -751.375570 -748.349649 -752.373342 -751.921542 -739.877561 -733.239999 -743.725904 -736.035445 -735.627050 -739.865526 -738.379924 -735.017856 -734.085015 -726.766789 -725.986247 -725.366277 -713.952110 -710.538030 -706.899911 -702.127749 -696.937822 -692.219374 -676.337642 -663.190196 -662.745252 -646.199784 -636.424791 -644.482084 -647.529225 -645.414459 -634.973306 -619.237452 -599.429756 -585.377769 -565.296299 -548.804489 -538.827593 -531.822599 -522.968838 -512.881747 -487.482182 -448.842886
-9999.0 -9999.0 -9999.0 -9999.0 -9999.0 -9999.0 -9999.0 -9999.0 -753.061330 -746.441726 -742.311536 -747.475070 -754.436968 -767.172597 -762.012434 -757.000672 -753.516702 -748.464950 -745.906443 -743.654219 -746.016736 -741.646077 -733.973044 -735.510128 -734.313778 -729.227101 -728.578148 -723.866920 -716.907698 -718.984692 -714.736357 -708.172736 -702.388484 -697.199013 -691.247879 -687.177246 -671.414649 -651.946352 -633.019948 -618.634448 -600.169681 -579.879701 -583.689271 -582.658938 -582.705960 -561.054064 -536.536408 -511.255510 -484.896251 -452.215715 -416.022731 -395.531611 -381.726258 -362.951110 -333.263421 -279.419447 -161.131962
-9999.0 -9999.0 -9999.0 -9999.0 -9999.0 -9999.0 -763.461677 -748.475842 -741.308070 -757.647945 -770.595325 -774.983847 -782.802306 -765.466642 -750.637323 -747.645941 -745.241356 -742.408134 -743.385809 -752.128460 -730.375171 -735.335255 -738.776766 -731.879488 -731.661447 -730.408966 -725.739095 -716.183969 -711.272929 -693.826187 -681.319204 -670.779535 -657.626658 -649.793592 -642.127224 -633.901829 -613.521247 -588.277264 -562.635876 -540.777443 -519.653740 -494.930461 -486.818373 -482.222110 -473.644848 -455.361575 -421.180836 -377.595845 -278.566521 -149.840447 -105.864109 -92.160347 -82.637358 -71.558136 -55.053324 -30.872377 1.591748
-9999.0 -9999.0 -9999.0 -9999.0 -756.006487 -752.450732 -754.841593 -741.773841 -732.895763 -752.321541 -745.155510 -748.602591 -755.069002 -762.893589 -772.204459 -764.799625 -760.320273 -757.098383 -757.673368 -736.148511 -718.107255 -728.001003 -718.670713 -702.042542 -704.623291 -702.087384 -700.304799 -692.387022 -679.195547 -663.509917 -632.381636 -607.431895 -593.864374 -579.898138 -567.614010 -551.939421 -528.737083 -499.573981 -467.155101 -427.703805 -385.859766 -343.520941 -303.005991 -260.924047 -171.185266 -129.064069 -103.479576 -74.327957 -32.932443 13.350609 32.754373 34.845636 35.416536 36.495857 37.795652 39.716231 41.866402
-9999.0 -9999.0 -9999.0 -765.848141 -750.730299 -744.986499 -751.434673 -748.305843 -737.070704 -747.305568 -748.996865 -750.645846 -751.532429 -751.015607 -751.487627 -747.126114 -745.860261 -748.079994 -744.333563 -731.062946 -724.176039 -713.271950 -704.756658 -693.219666 -683.696842 -679.632520 -674.219675 -662.295945 -635.661029 -611.313516 -574.789938 -532.662688 -502.441218 -481.057278 -463.570663 -437.849265 -412.721513 -365.727686 -255.145963 -144.955212 -95.315640 -66.019978 -41.023955 -22.066135 4.135529 19.996917 31.813412 34.623448 37.297375 41.116803 44.551390 46.795413 47.844548 48.283347 49.902108 51.606073 56.585880
-9999.0 -9999.0 -763.852748 -755.031846 -760.420800 -749.432410 -737.380550 -744.530582 -730.542433 -725.822151 -738.368356 -730.438510 -726.159275 -733.562203 -727.922873 -721.791457 -718.395517 -727.067049 -732.619390 -717.643073 -688.319202 -666.204280 -656.849891 -614.423338 -594.897037 -582.574525 -578.798177 -562.795569 -541.763642 -504.807295 -456.439772 -400.710376 -334.177087 -212.622749 -151.382172 -124.219690 -102.161923 -79.016570 -33.805141 8.142488 32.430521 36.096760 38.950140 40.378964 41.452863 43.680670 46.273477 48.522302 50.635913 54.053846 69.188116 68.864533 68.854038 68.768873 68.066459 68.246254 67.852519
-9999.0 -9999.0 -774.036242 -759.429226 -768.774480 -746.399478 -725.895973 -743.417795 -736.353987 -716.225745 -720.270039 -717.058950 -718.584676 -716.724607 -708.042999 -692.466043 -699.300826 -701.494822 -717.030500 -677.084067 -645.306682 -603.877101 -544.159697 -497.289660 -462.913042 -460.378790 -458.826226 -442.277213 -414.712722 -340.210191 -176.866303 -105.364404 -55.378841 -9.891520 16.774929 31.748834 34.458319 36.731811 39.242018 44.609817 46.903514 49.006599 51.743731 64.517780 69.705606 69.985390 68.776653 68.895739 68.227789 68.203445 67.494756 64.762788 63.585606 63.858091 65.020446 60.501519 54.991317
-9999.0 -778.455280 -770.799542 -769.873010 -754.921515 -758.475328 -740.630778 -716.389172 -715.322319 -705.871133 -704.041064 -714.066328 -675.209892 -644.848430 -636.167242 -614.019601 -623.738136 -629.662249 -646.013982 -618.058054 -579.686202 -497.863242 -354.002922 -188.284414 -133.947387 -126.663327 -132.576436 -124.365584 -103.560339 -62.195114 7.489759 34.725919 41.556102 46.685487 48.463435 48.694354 50.521709 57.221684 71.632103 73.793546 73.076846 73.231274 68.071190 67.787585 68.203847 67.783304 65.415150 59.680861 52.718818 50.479048 50.032089 49.301417 49.893296 50.602910 51.251204 50.135924 49.447009
-9999.0 -801.278066 -772.119264 -755.284337 -760.758684 -771.013655 -731.647362 -677.468403 -692.553831 -694.933200 -694.974108 -668.327350 -601.491216 -553.184594 -526.006418 -489.044433 -492.773757 -507.092450 -506.661407 -473.833710 -417.987065 -266.607034 -86.098247 18.257735 32.127892 34.445053 35.302401 38.173130 41.943042 45.577523 49.122733 60.662762 62.299316 62.145851 62.051730 62.152840 62.137439 62.112625 58.975188 55.724176 51.463082 51.417821 54.377334 54.099605 51.978178 50.914890 50.263533 49.390349 48.952601 48.715591 48.735314 48.555857 48.469835 48.873689 48.485251 48.210803 47.675807
-9999.0 -778.727574 -746.675552 -754.231422 -779.887866 -741.262221 -724.233740 -685.251045 -656.950721 -661.508526 -633.635677 -560.566127 -476.419871 -380.934883 -273.806980 -169.840910 -141.870001 -146.971203 -137.057067 -106.437013 -58.606654 10.726375 39.022242 49.871773 55.101814 55.281676 54.724500 54.995323 54.906970 54.467925 53.833304 51.128556 52.322164 53.886236 52.722643 50.685491 49.958631 48.913060 48.520412 48.524824 48.314421 48.533688 49.151619 49.309091 49.057351 48.787468 48.594681 48.329917 48.062428 47.619949 47.636463 47.474450 47.519401 47.126460 46.766201 46.535896 45.610875
-9999.0 -819.443821 -771.066943 -810.649905 -756.097740 -711.914094 -715.310730 -655.188814 -595.075029 -585.734232 -507.357014 -408.545701 -187.742828 -83.822781 -24.635454 26.505205 34.996749 38.133519 41.794585 42.862772 49.943545 63.249802 63.742382 62.851624 54.622355 54.828545 50.282653 47.573319 46.594427 45.697077 46.003392 47.060327 47.725817 48.718984 48.248057 48.448626 48.593744 48.471212 48.643063 47.998747 47.425759 47.036524 47.049365 48.341529 47.529023 47.286919 46.829871 46.211376 45.560785 45.029946 44.481247 43.907354 43.875555 43.219040 43.454788 42.678296 38.103662
-9999.0 -850.691032 -814.736750 -789.560676 -743.202036 -711.534535 -681.840558 -621.938309 -519.889911 -464.920990 -384.505819 -265.146621 -84.703381 18.817555 40.592212 45.421453 52.997820 53.590568 53.748630 48.478384 42.944411 41.976188 43.981414 46.886574 47.609580 48.146470 46.929465 46.037850 45.813026 46.167946 45.978288 45.882509 45.742178 45.426233 44.913594 45.082127 45.992756 45.546778 45.166829 45.004905 44.917845 44.373083 43.900933 43.565899 43.332489 43.323987 41.813947 39.708777 37.917652 36.841745 35.913184 35.228542 35.132596 34.454607 32.979869 21.455636 -25.933868
-9999.0 -925.615271 -803.246313 -790.401732 -762.101286 -752.863916 -743.133962 -689.889151 -622.612963 -472.530028 -251.222947 -173.070129 -90.100025 -7.920867 34.103991 42.850825 43.499135 38.712633 35.315137 33.567718 34.532848 36.331864 38.563584 41.721153 43.832934 44.841901 44.978643 44.162412 42.431595 40.879002 39.327917 37.439232 36.238614 36.214254 35.905806 36.794394 37.466682 36.342956 35.148727 33.653163 32.399696 31.476031 31.312373 31.500307 31.096242 24.321384 4.005712 -26.739932 -51.576874 -68.038186 -77.563343 -83.513624 -90.225883 -100.258417 -116.116777 -152.498719 -287.635237
-9999.0 -9999.0 -856.878989 -790.081045 -782.453772 -772.593199 -763.062746 -719.339116 -676.671590 -563.532006 -485.644469 -409.434633 -330.954667 -172.266028 -98.941383 -58.298017 -49.786434 -36.624589 -56.921379 -54.838848 -47.595397 -35.767103 -12.660128 14.745200 30.703414 32.338037 33.191753 32.946011 29.865062 2.091869 -39.261423 -64.099133 -76.091321 -82.780152 -75.465583 -65.325524 -66.816880 -71.520373 -79.563962 -90.314430 -99.214681 -109.091791 -111.706193 -111.579791 -114.892758 -129.770012 -175.206122 -272.276704 -325.544985 -356.785997 -369.060770 -379.252942 -389.156751 -405.110174 -421.135665 -439.005220 -466.832601
-9999.0 -9999.0 -939.868976 -824.293716 -780.776312 -752.024767 -756.159347 -750.984641 -691.742006 -665.853607 -632.239299 -588.090977 -545.089370 -500.408452 -453.811646 -395.544125 -367.801301 -356.759932 -363.492446 -359.219796 -334.437690 -297.085322 -235.427441 -150.991825 -119.878329 -106.369541 -98.549932 -110.335772 -131.381570 -194.123243 -313.944843 -365.484481 -384.311981 -393.322884 -385.369943 -371.877549 -377.787657 -392.246901 -411.338658 -432.974491 -450.167106 -466.955521 -472.386313 -473.697443 -473.702481 -476.746554 -480.980647 -491.957521 -504.320084 -512.203908 -518.301577 -523.871133 -525.896465 -532.486160 -540.663189 -544.429881 -559.036318
