tests/Borden05m/sims/sim_1/output-maps/psiliqL0026N0013.asc
ncols         160
nrows         34
xllcorner     620200.000000
yllcorner     5168000.000000
cellsize      0.500000
NODATA_value  -9999.0
[rows 0 to 24 of 34, columns 55 to 109 of 160]
-9999.0 -9999.0 -9999.0 -9999.0 -9999.0 -9999.0 -9999.0 -9999.0 -9999.0 -9999.0 -9999.0 -9999.0 -9999.0 -9999.0 -9999.0 -9999.0 -9999.0 -9999.0 -9999.0 -9999.0 -9999.0 -9999.0 -9999.0 -9999.0 -9999.0 -9999.0 -9999.0 -9999.0 -9999.0 -9999.0 -9999.0 -9999.0 -9999.0 -9999.0 -9999.0 -9999.0 -9999.0 -9999.0 -9999.0 -9999.0 -9999.0 -9999.0 -9999.0 -9999.0 -9999.0 -9999.0 -9999.0 -9999.0 -9999.0 -9999.0 -9999.0 -9999.0 -9999.0 -9999.0 -9999.0
-9999.0 -9999.0 -9999.0 -9999.0 3398.186578 3392.879287 3388.097390 3383.566591 3375.091451 3365.754278 3357.864713 3353.647317 3352.445224 3351.563121 3350.883789 3355.690825 3363.684427 3371.234382 3378.045355 3380.318247 3382.602201 3384.398326 3384.576004 3383.385253 3380.101504 3376.793547 3373.364821 3371.627910 3364.249401 3353.105704 3344.784399 3342.084964 3346.249961 3350.582826 3353.038728 3358.210052 3368.586897 3379.179909 3387.675401 3400.239724 3407.267023 3412.628610 3415.238308 3411.279792 3408.043252 3404.103407 3397.991011 3386.911664 -9999.0 -9999.0 -9999.0 -9999.0 -9999.0 -9999.0 -9999.0
3343.137449 3361.476117 3382.315477 3385.394593 3373.759266 3368.663337 3365.493932 3363.789394 3359.501447 3350.960983 3345.789334 3340.247210 3337.531432 3337.463249 3337.266537 3340.847336 3351.525140 3359.236398 3363.715356 3366.273085 3369.043603 3367.396082 3366.545395 3366.252325 3363.289428 3359.747627 3356.311999 3354.410994 3355.832967 3348.209900 3342.188546 3338.269763 3335.295351 3338.026001 3340.714491 3345.300520 3354.463611 3362.366963 3370.340663 3385.441665 3398.637500 3404.360937 3401.854512 3397.313509 3393.551347 3386.188928 3375.554411 3365.602670 3357.526277 3351.483819 3346.197116 3339.854708 3346.356292 3354.311161 3363.703780
3326.302113 3345.380656 3365.732663 3368.226720 3357.920332 3350.149553 3343.250906 3343.706004 3347.135276 3343.828955 3338.927575 3331.040745 3340.966073 3341.860546 3342.451154 3345.526078 3347.293151 3352.315878 3354.633300 3359.869295 3368.746842 3371.462522 3371.806145 3371.762352 3369.693903 3366.359522 3364.320939 3361.454400 3356.114561 3354.262154 3353.863171 3352.537585 3356.594641 3358.099325 3361.017506 3355.540686 3359.977824 3366.244595 3373.226338 3378.761184 3384.836792 3387.398966 3384.163334 3384.829455 3376.657257 3363.100829 3353.350741 3345.988889 3346.320216 3343.467177 3335.645291 3322.029574 3330.448433 3346.667383 3351.549958
3330.439603 3339.229765 3349.659814 3352.054021 3346.933530 3349.061502 3350.753403 3351.855583 3349.888027 3346.231741 3341.721714 3351.995025 3360.142764 3361.385205 3363.675942 3367.496428 3368.241296 3357.283092 3355.150624 3362.306231 3371.837672 3376.873000 3376.944937 3376.471824 3372.686279 3371.432421 3371.139597 3369.264433 3368.668658 3370.149116 3367.645595 3370.531436 3375.962398 3379.157295 3374.064662 3365.682955 3367.956973 3376.435090 3385.479714 3393.095873 3403.292271 3414.112155 3414.463386 3410.040784 3401.647765 3389.327863 3367.109211 3349.736805 3338.893430 3331.017975 3323.876404 3326.995169 3322.418127 3336.371007 3338.283911
3315.750702 3336.301006 3356.176415 3361.886425 3355.767659 3351.928505 3350.582648 3351.091022 3349.984577 3350.286882 3358.825751 3370.426193 3381.338182 3383.157518 3384.819508 3383.412829 3375.915690 3365.524973 3362.767910 3375.900321 3392.385934 3400.122986 3399.518659 3395.075915 3398.069527 3398.128234 3398.583902 3395.185482 3395.845392 3393.361486 3398.707534 3406.344015 3414.283295 3412.914775 3400.543529 3388.229882 3388.195571 3393.696757 3400.689282 3408.308715 3418.498604 3427.668712 3422.952097 3417.920906 3410.701215 3385.267548 3362.938584 3348.834946 3349.321811 3350.242219 3345.979598 3344.122231 3343.392314 3339.464869 3339.836036
3351.309915 3370.322012 3390.246656 3403.015838 3396.714724 3389.135825 3380.596951 3380.661868 3380.906516 3386.568591 3396.743669 3409.273032 3430.767860 3430.057105 3430.352071 3428.908807 3415.931308 3402.661025 3392.644903 3414.641973 3425.592657 3432.653325 3429.974179 3434.978149 3443.536112 3439.920440 3433.605672 3421.513393 3427.070200 3433.481074 3448.577672 3456.482704 3461.748593 3457.166740 3443.288306 3436.543281 3438.100949 3444.604302 3445.839577 3454.540804 3463.342317 3478.315044 3477.069808 3473.890076 3454.163622 3417.335378 3388.236234 3375.955284 3387.389269 3381.899979 3375.776466 3375.842434 3364.970600 3357.958891 3360.684564
3382.846859 3396.098056 3412.142004 3428.510505 3419.507076 3409.250798 3392.658030 3389.414527 3393.449180 3403.467792 3420.810642 3438.606985 3458.362731 3456.914432 3450.238946 3459.792239 3452.760726 3441.885816 3434.336802 3455.701228 3465.734675 3475.894380 3481.555366 3494.139722 3504.522004 3487.982810 3470.907228 3460.481474 3467.475272 3493.026278 3515.398956 3520.182859 3519.243455 3518.675721 3503.387065 3498.569511 3495.185652 3495.558739 3492.967379 3491.137530 3516.503198 3538.089125 3537.942341 3516.516027 3493.906794 3454.461116 3416.865969 3392.702418 3405.813841 3402.613332 3406.063932 3396.129005 3384.582584 3377.602937 3375.388698
3432.574021 3454.001410 3470.262075 3491.979787 3482.795361 3459.663930 3443.577275 3446.065307 3459.492746 3467.447009 3485.797845 3502.791875 3528.502816 3540.525778 3551.678322 3555.563452 3548.486559 3539.923010 3527.897093 3533.128480 3556.996856 3568.585415 3576.881309 3585.247350 3597.865018 3598.213563 3591.281954 3589.428893 3593.785766 3607.259352 3621.713559 3628.452465 3631.504393 3634.115338 3620.896036 3608.005246 3606.012048 3600.578066 3599.371375 3598.623926 3610.129442 3630.726709 3627.569963 3591.112583 3564.362469 3529.429207 3491.158311 3461.941240 3455.931854 3475.089812 3473.082773 3457.031290 3446.720424 3420.944365 3416.002555
3501.637360 3534.473796 3558.729132 3568.868996 3576.218576 3561.368213 3559.215120 3563.318402 3571.637068 3574.700993 3581.071476 3613.408748 3647.143189 3672.087928 3694.808112 3701.945028 3689.608335 3679.814801 3666.273707 3657.464273 3668.530379 3685.801743 3703.465598 3718.377156 3729.701034 3731.768017 3730.181977 3730.236033 3733.353288 3736.352553 3740.675974 3749.175138 3756.829659 3765.483573 3773.493176 3763.024807 3746.040281 3736.804240 3727.835720 3727.095779 3728.532148 3732.454781 3733.569483 3716.792307 3674.715034 3643.101240 3611.019852 3591.544753 3578.447632 3578.391178 3560.307169 3536.059479 3484.756191 3447.597361 3416.482823
3587.258770 3631.378199 3660.610892 3677.678735 3690.333165 3687.238731 3689.051761 3690.033366 3693.716659 3696.023157 3698.668602 3725.545981 3767.272092 3806.765062 3838.093152 3837.884527 3824.037313 3812.666073 3803.564177 3789.093295 3785.137627 3797.892436 3813.430338 3833.852667 3844.283832 3850.312132 3846.949363 3847.167938 3849.010227 3851.369326 3853.528913 3857.221197 3866.966157 3882.167247 3896.791004 3895.881335 3876.753711 3858.743018 3842.734588 3840.369205 3838.005046 3833.098835 3835.511988 3837.433295 3821.343984 3789.856748 3749.874405 3709.472223 3692.921555 3677.902330 3667.064476 3650.129303 3609.348639 3542.499537 3503.020146
3702.538417 3736.935641 3766.041133 3796.392146 3811.186106 3813.293111 3810.664202 3809.411083 3816.435419 3819.076885 3824.618725 3841.221080 3873.752519 3909.572629 3939.476693 3954.873010 3946.925596 3928.739753 3906.308016 3896.297921 3893.316136 3897.008233 3906.670777 3919.771037 3939.512249 3959.138427 3964.946700 3965.840148 3963.143989 3965.593674 3967.186598 3967.310097 3970.327745 3979.030076 3989.068319 3992.489220 3984.551095 3963.203853 3939.500073 3928.209247 3921.762684 3918.374994 3919.485491 3924.788367 3928.144519 3913.155786 3877.128949 3832.254458 3802.301023 3787.298583 3774.554225 3760.425001 3747.880915 3714.472553 3693.342102
3811.963128 3827.355502 3855.827546 3884.838898 3907.502185 3922.182529 3922.444416 3925.381025 3930.173605 3937.420961 3952.518298 3976.145626 3995.553643 4018.594019 4045.584331 4062.118388 4067.369648 4065.584852 4061.345436 4062.508685 4062.877102 3997.311214 4003.821859 4010.315383 4028.157721 4044.119036 4049.918540 4050.584136 4047.928551 4049.820811 4050.619595 4050.497186 4050.122585 4052.617981 4057.916968 4059.942219 4057.438493 4044.354527 4063.704750 4043.417618 4029.808367 4021.518950 4013.206611 4004.939051 3995.477457 3985.521394 3965.144560 3933.905985 3899.337946 3878.041343 3870.231208 3864.085130 3855.443437 3849.666889 3832.475707
3910.838262 3921.429175 3939.867865 3962.861041 3997.351451 4021.149020 4032.662651 4042.063793 4046.755337 4060.856235 4077.785702 4060.968775 4069.667836 4078.669750 4087.614105 4090.685672 4091.565134 4091.159326 4088.750542 4087.939328 4085.458515 4082.062350 4071.514914 4073.133584 4075.116649 4077.748554 4081.501435 4080.411498 4081.537306 4084.496910 4082.714440 4076.621721 4072.502925 4070.926361 4071.966130 4079.432361 4082.952508 4083.924961 4080.374843 4079.418938 4078.375900 4074.815056 4070.369408 4064.102352 4056.085555 4071.773763 4059.528056 4031.061419 3990.181226 3948.429275 3941.083405 3943.192886 3943.002292 3941.506758 3935.877536
4037.368227 4051.236727 4066.216717 4042.553192 4065.944882 4077.915837 4083.513248 4087.761838 4090.613423 4093.907135 4090.912594 4087.932392 4083.022971 4081.429044 4080.067412 4077.619334 4078.246291 4076.358679 4072.274560 4068.186560 4060.097939 4048.452053 4037.273855 4033.628727 4037.914019 4043.586134 4048.809396 4053.360540 4057.120464 4057.047728 4051.512664 4043.021710 4035.420798 4033.778102 4040.699574 4046.469139 4053.103194 4053.997702 4052.601430 4050.068235 4049.784869 4046.444330 4046.632075 4053.772223 4068.677565 4071.190805 4077.370427 4076.490395 4059.059693 4027.496362 4040.410382 4020.380512 4026.563317 4021.937794 4010.547836
4082.098018 4084.999336 4083.292055 4082.243079 4075.820482 4069.735122 4068.948078 4072.981073 4080.053600 4081.099543 4074.028937 4065.409842 4058.140434 4050.644728 4048.271874 4047.754509 4047.527098 4048.056826 4042.752270 4033.310596 4016.142027 4004.544205 3993.474310 3987.531547 3983.601132 3986.950522 3998.319610 4010.709180 4015.790148 4006.291117 3997.739858 3985.812245 3977.724615 3978.187170 3979.136035 3988.697807 4005.793071 4013.570212 4014.376058 4007.795028 4001.148990 3994.425713 3991.277343 3997.696412 4013.070074 4030.005604 4045.818093 4055.075593 4062.858128 4070.051599 4068.082131 4070.952294 4072.531604 4070.301829 4073.629441
4076.574859 4069.551009 4062.533550 4057.208642 4050.768054 4045.490088 4043.643915 4045.484577 4047.356631 4043.198081 4036.833470 4026.838768 4015.792256 4006.084402 3998.362166 3999.403639 4001.780500 4003.500663 3996.146021 3980.700940 3962.834055 3949.336485 3935.464320 3931.536642 3925.569575 3917.666162 3927.763806 3947.711208 3955.188283 3938.897721 3927.927667 3912.641423 3906.106599 3902.038729 3902.765819 3911.669133 3934.393322 3958.880117 3961.036713 3949.982765 3938.996078 3934.273258 3931.015790 3935.517312 3952.176266 3973.101564 3989.330567 3999.860113 4005.195728 4012.982869 4022.393721 4036.848415 4051.823024 4064.299858 4068.738599
4051.349368 4043.590373 4035.932801 4028.310782 4021.428676 4015.239225 4010.954361 4009.010947 4004.993557 3998.892638 3991.877302 3970.792269 3958.354398 3945.395398 3930.414995 3926.521329 3921.631945 3922.703559 3911.203499 3903.403449 3887.095995 3871.785146 3856.198645 3842.679850 3836.980892 3830.241988 3828.153840 3841.500823 3849.899138 3840.667228 3831.024767 3820.536447 3816.139335 3812.778517 3815.303392 3825.765604 3845.144159 3863.453609 3871.989149 3864.691982 3863.666490 3863.846965 3862.244983 3868.596929 3879.145639 3896.967787 3919.468442 3938.630907 3948.557265 3955.376336 3964.533993 3978.978317 3993.127354 4007.529054 4025.625703
4020.848214 4011.548282 4001.646160 3991.941383 3981.473672 3970.944266 3964.444450 3967.215897 3961.262203 3955.719804 3932.555068 3876.898091 3855.649103 3836.712462 3820.485679 3813.759796 3805.322493 3788.673404 3780.108867 3775.831485 3778.701088 3764.904926 3747.478592 3729.742563 3724.921500 3721.469527 3703.527230 3698.250989 3698.610090 3715.797251 3709.860328 3708.964368 3711.193643 3708.829616 3709.976969 3722.663487 3730.051183 3735.141585 3741.938420 3747.210854 3758.036618 3766.226326 3776.895388 3794.086459 3804.715014 3819.790349 3839.958900 3865.673583 3881.233702 3890.667642 3900.952755 3916.153215 3932.235172 3949.952584 3972.320689
3986.225734 3969.561247 3954.978626 3940.717091 3928.081752 3915.307477 3899.390942 3901.411154 3899.437235 3889.129762 3833.396935 3792.881124 3759.079062 3742.114006 3718.523591 3704.965002 3688.330217 3649.140088 3631.609829 3631.741839 3647.522392 3644.648401 3629.622372 3618.033980 3608.623147 3599.128056 3581.089850 3561.569159 3567.793409 3586.824050 3588.269566 3592.076802 3600.293322 3599.894238 3592.895264 3589.449878 3601.232038 3606.419508 3617.661297 3635.773773 3640.656314 3657.615196 3691.850277 3704.467506 3719.299308 3737.332165 3757.402608 3779.221293 3801.755927 3815.674728 3830.703788 3848.929206 3865.409034 3885.516276 3907.882199
3935.303339 3904.137757 3883.063089 3865.779115 3846.677101 3819.443480 3799.624928 3797.533965 3791.581562 3761.929154 3709.362419 3674.379415 3651.767367 3630.289609 3607.665637 3583.773262 3545.842940 3511.118886 3489.431095 3506.318134 3518.132506 3530.899875 3519.924565 3509.519207 3500.147649 3481.878657 3465.031372 3448.256337 3459.559420 3468.260586 3488.267661 3495.491081 3499.450744 3505.642003 3504.124505 3492.688111 3486.504999 3494.347439 3504.001644 3515.936895 3538.010548 3573.797804 3598.278188 3616.272525 3636.354822 3654.511688 3675.328965 3697.771464 3720.208988 3736.849121 3754.736117 3772.766375 3793.222410 3811.857207 3834.205761
3854.653590 3826.697787 3800.715252 3777.843299 3746.050148 3699.421367 3685.352030 3676.654452 3654.292882 3606.217556 3565.014456 3545.919061 3534.351302 3511.773995 3491.550005 3462.863623 3429.178076 3408.443953 3388.283337 3399.401995 3410.399178 3431.663341 3423.527869 3417.418974 3414.992728 3399.820407 3386.777991 3370.264081 3376.520333 3388.962917 3413.105769 3419.314208 3423.531227 3433.159097 3432.392309 3427.425692 3408.850513 3415.195475 3425.785572 3440.274420 3471.357261 3493.393565 3515.273986 3536.579701 3555.340910 3576.187457 3597.692236 3619.985839 3645.809277 3664.756897 3683.137705 3704.051007 3722.554553 3736.067180 3751.423120
3746.363485 3722.985251 3704.154770 3680.493937 3637.577428 3594.150813 3553.205749 3526.017068 3473.005747 3438.584624 3420.236706 3421.443352 3410.658329 3392.141522 3374.400704 3356.320000 3335.695512 3318.089567 3293.620835 3299.804145 3316.513527 3334.368718 3336.855716 3338.685994 3337.766637 3329.001567 3315.817327 3302.350026 3306.201356 3323.579063 3341.734755 3352.105084 3359.937254 3367.651907 3367.219070 3357.187444 3346.714076 3351.050405 3366.140644 3381.650099 3398.274927 3418.047670 3437.970269 3457.548190 3479.163823 3500.831769 3522.738455 3546.575814 3572.381051 3592.855865 3615.579089 3639.021610 3654.461706 3662.109400 3668.589459
3644.315820 3626.060061 3603.719312 3576.792074 3535.478984 3496.815303 3456.950029 3409.700387 3377.604347 3350.481894 3345.841381 3332.131633 3320.716988 3308.026712 3289.134539 3274.342844 3261.169971 3241.023019 3232.714727 3240.912501 3254.978739 3263.278305 3271.011280 3269.479467 3267.668656 3262.629118 3248.959246 3245.646405 3255.931561 3271.123743 3284.663289 3296.353658 3303.196068 3308.072766 3304.809878 3295.288962 3292.378518 3300.201118 3315.204352 3327.940634 3341.665739 3361.228141 3379.906942 3400.228080 3421.375827 3442.028229 3465.082347 3488.854750 3513.558181 3539.508525 3560.535750 3577.579356 3584.890740 3592.927917 3590.713805
3521.928929 3511.908550 3487.082730 3459.653444 3431.870857 3400.590951 3378.225389 3348.792425 3320.467716 3293.196094 3268.876563 3258.647184 3254.403829 3243.406872 3228.203148 3218.630669 3204.487136 3196.374786 3204.038848 3205.735675 3213.936575 3212.174217 3213.636790 3211.724510 3211.581559 3209.973774 3204.675794 3217.269615 3223.683070 3236.882601 3246.739557 3256.391796 3261.973480 3265.279361 3266.343456 3262.136928 3267.936952 3273.414864 3286.378865 3296.737790 3309.162926 3327.900270 3343.477126 3360.908033 3381.463462 3402.795855 3424.909299 3448.873703 3475.199732 3498.102136 3514.018242 3518.921228 3526.360568 3525.824446 3512.677227
