tests/Borden05m/sims/sim_1/output-maps/psiliqL0019N0018.asc
ncols         160
nrows         34
xllcorner     620200.000000
yllcorner     5168000.000000
cellsize      0.500000
NODATA_value  -9999.0
[rows 0 to 24 of 34, columns 55 to 109 of 160]
-9999.0 -9999.0 -9999.0 -9999.0 -9999.0 -9999.0 -9999.0 -9999.0 -9999.0 -9999.0 -9999.0 -9999.0 -9999.0 -9999.0 -9999.0 -9999.0 -9999.0 -9999.0 -9999.0 -9999.0 -9999.0 -9999.0 -9999.0 -9999.0 -9999.0 -9999.0 -9999.0 -9999.0 -9999.0 -9999.0 -9999.0 -9999.0 -9999.0 -9999.0 -9999.0 -9999.0 -9999.0 -9999.0 -9999.0 -9999.0 -9999.0 -9999.0 -9999.0 -9999.0 -9999.0 -9999.0 -9999.0 -9999.0 -9999.0 -9999.0 -9999.0 -9999.0 -9999.0 -9999.0 -9999.0
-9999.0 -9999.0 -9999.0 -9999.0 2034.622538 2029.391637 2024.682825 2020.376068 2012.138114 2003.369934 1995.721465 1992.154824 1991.625048 1991.305214 1991.283134 1996.808187 2005.258634 2013.265466 2020.616755 2023.294811 2025.947042 2028.254941 2028.863340 2027.908942 2024.910777 2021.835381 2018.628309 2017.177616 2009.560912 1998.404199 1989.900338 1987.206781 1991.497321 1995.849707 1998.239200 2003.637151 2014.001669 2024.420536 2032.573089 2044.315646 2050.205230 2054.919346 2057.174476 2052.574702 2048.617562 2044.253678 2038.299716 2027.007510 -9999.0 -9999.0 -9999.0 -9999.0 -9999.0 -9999.0 -9999.0
1979.381252 1998.481665 2019.265025 2022.683419 2011.184004 2006.396966 2003.512926 2002.051857 1997.927955 1989.829617 1985.132603 1980.194810 1978.465194 1978.989841 1979.454599 1983.825612 1994.698035 2002.981339 2007.997372 2010.872727 2013.852746 2013.213682 2012.801137 2012.741471 2010.053199 2006.782993 2003.558162 2001.874516 2002.892712 1995.392987 1989.732354 1986.112243 1983.827086 1986.381242 1988.823662 1992.634000 2001.779876 2009.556698 2017.283126 2031.549249 2043.846140 2048.781979 2045.701349 2040.308898 2035.915865 2028.360154 2017.561989 2007.072303 1998.005520 1990.966921 1984.886536 1978.134998 1983.571273 1990.003950 1998.901827
1964.192564 1983.869589 2004.564336 2007.635062 1997.399562 1989.725968 1984.278640 1985.085363 1988.571265 1985.702502 1981.509686 1975.744817 1985.437703 1987.083496 1988.510292 1992.228011 1995.218126 1999.668884 2002.617348 2008.263590 2017.492150 2020.476726 2021.178078 2021.471564 2019.747649 2016.725253 2014.989408 2012.342775 2007.215752 2005.870655 2005.900381 2005.169140 2009.684786 2011.116907 2013.303727 2007.056207 2010.833709 2016.820672 2023.416073 2029.117779 2035.100724 2037.884021 2034.014890 2033.166518 2024.116966 2009.733969 1998.610692 1990.061190 1988.622356 1984.887428 1976.255943 1962.281479 1969.108315 1984.083432 1987.973600
1970.692221 1980.310537 1992.019145 1995.259762 1990.701451 1992.906907 1995.083445 1996.964112 1995.801811 1993.111778 1990.574431 2002.631477 2012.025389 2014.136888 2017.327531 2021.596242 2022.144186 2011.167196 2009.301575 2017.406899 2027.657914 2033.359681 2033.759953 2033.729382 2031.084352 2030.148488 2029.975150 2028.080479 2028.333111 2030.406029 2029.283260 2033.114411 2038.645327 2041.699495 2034.972045 2026.052451 2027.376424 2035.257127 2043.638243 2050.750182 2060.716150 2071.217892 2070.140671 2064.313073 2054.770168 2040.928489 2017.150780 1997.797892 1986.092059 1977.707964 1969.594660 1970.051074 1965.310659 1976.825228 1977.658596
1965.527798 1984.861844 2006.097853 2013.630286 2008.270136 2004.420535 2002.969217 2004.271048 2004.525404 2006.958495 2018.254328 2031.650840 2045.217941 2048.169205 2050.879972 2050.519410 2042.595797 2032.771857 2029.908203 2044.295344 2061.050387 2069.361439 2069.675299 2067.470628 2072.750031 2072.198361 2071.623690 2067.567813 2069.094461 2068.842700 2076.691764 2084.309302 2091.731987 2090.056848 2077.770863 2065.799969 2064.771296 2068.557952 2073.252206 2079.714988 2089.410518 2098.244937 2092.610759 2085.634183 2076.037615 2047.969333 2021.984609 2005.428525 2004.714785 2004.148040 1998.455555 1994.785351 1991.580368 1984.912377 1983.757803
2009.655708 2030.678824 2051.518671 2066.694365 2061.467833 2054.398255 2045.746830 2046.842610 2049.334972 2057.020385 2069.399602 2085.236033 2108.688215 2110.510058 2112.924023 2114.272903 2102.851962 2090.666040 2080.513338 2100.563143 2111.418681 2119.556125 2119.484651 2127.289775 2136.697807 2132.734252 2125.666254 2114.745884 2120.812814 2130.223762 2145.298208 2152.539730 2156.937356 2154.080637 2141.625629 2135.293151 2134.996827 2138.863425 2137.760916 2143.718739 2152.739198 2167.052039 2165.441804 2158.254771 2136.154755 2098.409810 2065.448527 2047.565781 2054.737777 2047.309589 2039.491145 2036.253863 2022.513137 2012.203236 2012.262576
2055.685366 2072.374612 2090.477709 2108.623485 2102.750274 2093.151603 2079.234653 2078.308028 2085.005595 2095.769280 2114.650012 2135.760817 2158.240612 2162.640228 2161.866983 2171.906459 2165.850374 2156.402150 2148.964510 2165.009069 2176.383289 2187.521083 2195.553630 2208.300240 2219.386059 2206.819411 2192.715731 2185.332089 2191.411339 2213.697711 2233.162979 2238.046710 2238.200948 2239.261648 2227.318990 2221.404134 2216.107611 2213.212467 2208.530235 2205.022988 2225.781260 2243.788579 2242.025200 2218.833435 2194.658893 2156.247212 2117.759700 2088.264909 2092.793365 2088.701699 2088.486827 2074.624897 2059.758145 2046.368590 2038.775236
2125.228868 2151.593466 2171.003919 2193.040709 2190.190758 2171.529199 2160.843882 2165.349464 2179.016278 2187.167524 2204.409009 2225.725982 2254.984355 2272.475276 2288.438281 2293.304706 2285.895852 2277.592574 2265.444655 2267.065384 2287.446353 2299.734944 2309.560907 2319.331138 2331.873206 2335.130159 2330.697689 2329.701704 2333.475781 2343.375799 2354.713891 2361.337381 2365.495824 2369.329174 2361.190610 2349.742894 2345.394302 2338.009258 2333.456444 2331.271759 2337.253371 2351.847818 2348.510630 2317.016487 2289.270578 2254.903590 2216.619242 2185.473482 2172.286866 2183.094022 2175.058053 2156.751155 2140.348421 2108.574462 2096.203965
2212.218476 2247.177584 2273.947296 2287.628643 2299.105733 2290.665172 2291.405714 2296.199750 2304.627677 2309.401845 2317.142545 2349.835997 2384.236185 2411.788970 2435.696994 2444.184539 2433.479763 2424.190840 2411.982497 2403.216997 2410.744916 2426.638956 2443.837932 2459.163976 2470.413114 2473.331687 2471.913689 2472.160091 2474.782546 2477.703342 2481.248662 2488.399516 2495.876324 2505.798309 2515.379050 2507.156921 2489.514132 2478.336392 2466.475698 2462.962095 2462.225630 2462.379194 2462.041065 2449.405636 2412.398222 2381.688518 2349.097646 2323.812924 2305.475484 2296.736030 2276.454165 2252.122249 2202.918432 2163.296146 2129.300987
2315.379475 2358.164926 2388.678111 2410.252258 2425.062966 2426.049593 2428.993138 2431.662983 2437.274132 2441.860536 2447.554360 2472.536582 2512.882372 2551.496135 2582.289202 2584.810889 2573.881114 2563.473095 2554.029681 2541.915800 2538.472441 2548.607890 2561.724449 2579.680429 2590.526413 2598.307941 2595.882216 2596.221427 2597.734372 2599.523698 2601.402349 2604.156880 2612.442017 2625.883119 2638.527796 2638.418984 2622.160556 2604.903048 2587.975188 2582.605399 2577.759942 2571.759474 2572.197096 2572.601303 2560.325659 2531.336618 2492.215260 2449.910612 2427.115335 2407.676646 2394.329358 2376.845051 2343.149119 2283.605665 2248.074896
2440.846214 2472.421518 2503.313774 2534.616963 2552.191472 2558.087436 2557.926147 2559.206522 2567.158732 2572.440983 2580.949584 2597.581680 2625.839747 2658.241962 2686.681797 2703.379073 2698.087039 2683.304450 2663.980765 2656.710484 2654.707392 2657.456996 2665.342542 2675.540470 2692.763955 2710.263147 2716.916240 2717.749206 2714.261190 2717.568139 2719.131587 2719.316091 2721.302813 2727.824969 2736.080771 2738.742994 2731.998096 2712.068088 2689.953230 2676.687103 2668.637293 2664.115747 2662.928062 2665.321842 2665.796418 2651.706578 2619.095177 2577.405212 2544.904121 2525.226378 2509.347304 2493.392083 2480.201207 2453.069217 2432.517996
2559.072504 2574.683732 2602.532634 2630.901576 2654.577899 2670.787093 2673.794924 2678.911222 2684.423937 2693.656658 2709.580589 2732.447912 2749.526591 2769.529783 2793.572115 2808.106437 2813.728778 2813.166757 2810.539299 2811.913065 2811.975974 2767.608988 2771.958140 2776.272642 2788.107732 2799.626038 2803.788774 2804.200311 2802.271514 2803.916246 2804.599286 2804.715021 2804.417700 2805.554313 2809.046723 2810.221411 2808.187708 2798.115662 2808.258455 2789.565979 2776.645831 2768.508282 2760.204087 2751.392719 2741.348811 2730.714235 2710.586489 2681.057939 2646.715001 2621.894679 2611.073451 2603.225568 2594.281605 2587.326774 2570.017338
2665.737670 2677.759885 2695.554307 2717.694100 2750.052537 2771.903140 2783.365452 2792.763772 2797.958259 2811.367165 2826.619565 2816.729716 2823.024322 2829.363427 2835.557914 2837.690409 2838.228734 2837.771101 2835.177334 2834.215325 2831.723043 2827.215007 2816.848351 2817.975759 2819.338458 2821.620686 2825.061609 2823.716546 2824.639646 2827.594299 2826.053381 2820.419197 2816.696269 2815.174047 2815.887286 2823.057855 2826.214273 2826.900941 2824.593312 2823.689906 2822.906530 2820.445880 2817.377984 2813.017041 2807.330568 2815.834058 2804.136683 2778.074682 2740.964861 2701.371231 2689.736310 2687.429723 2686.397919 2682.967230 2675.936678
2788.910194 2802.306628 2816.687151 2804.894698 2821.529209 2830.203499 2834.433854 2838.049287 2840.827803 2843.040454 2839.977356 2836.756576 2831.895058 2830.307535 2828.742908 2826.027573 2826.257740 2823.852635 2819.293647 2814.848533 2806.943804 2795.159980 2783.307200 2779.707310 2783.651637 2788.545281 2792.950623 2796.523770 2799.891982 2800.419444 2795.417825 2787.469325 2780.353144 2778.687603 2785.388330 2791.060491 2796.956061 2797.806463 2796.583250 2794.587267 2794.888530 2792.436126 2793.203600 2800.295149 2814.453339 2818.858451 2822.989578 2822.167692 2809.946565 2787.871042 2789.279300 2769.116151 2773.134853 2767.768775 2755.566403
2831.739434 2834.166439 2833.352193 2832.150734 2826.215758 2820.414505 2819.668072 2823.492877 2830.192043 2831.056660 2823.677466 2814.792267 2807.204260 2799.581918 2796.746863 2795.174210 2794.006479 2793.515676 2787.401352 2777.942747 2760.771927 2748.359068 2736.475876 2729.827041 2726.414746 2730.126488 2740.179253 2750.669321 2755.292882 2747.317455 2739.498511 2728.504639 2720.682650 2721.204542 2723.022130 2732.379388 2747.834839 2754.111314 2755.236921 2750.025664 2745.232931 2739.771466 2738.080086 2745.482321 2761.255034 2777.943134 2793.015871 2801.992276 2809.685952 2816.489483 2817.548742 2819.445131 2820.325078 2818.473291 2818.871521
2826.678813 2819.935266 2813.076581 2807.716852 2800.913016 2795.030078 2792.813696 2794.439048 2796.245648 2791.844136 2784.464186 2773.322468 2761.469900 2750.897675 2743.094759 2743.002546 2744.229485 2744.490852 2736.670689 2720.721575 2701.045580 2686.718352 2672.065054 2667.374465 2661.405471 2655.000048 2664.849004 2682.790746 2689.329128 2674.609083 2664.382078 2649.961952 2643.262133 2639.994056 2641.413374 2650.824339 2672.201944 2694.232551 2696.507474 2687.066815 2677.922034 2674.348561 2672.671824 2679.335030 2697.727111 2720.000382 2736.463428 2747.352501 2753.667748 2762.318141 2772.387660 2786.264169 2800.612379 2812.487177 2819.162220
2800.316520 2792.111204 2783.920277 2775.722545 2768.038171 2760.889458 2755.775134 2752.850810 2748.619125 2741.556731 2733.241859 2713.263826 2699.804382 2686.293849 2670.968829 2666.207429 2661.238042 2661.527321 2649.280238 2639.411275 2621.664943 2605.594450 2589.107788 2576.498508 2570.141192 2563.393970 2564.150172 2578.171686 2586.642846 2575.314883 2565.456732 2553.990616 2548.948321 2545.924156 2548.441027 2559.140152 2580.301659 2599.284846 2607.683168 2601.026642 2599.033051 2599.366975 2599.427544 2606.738450 2620.428784 2640.095789 2662.857727 2681.626942 2692.539368 2701.067304 2711.862477 2728.221775 2743.257163 2758.145362 2776.264655
2764.975549 2754.836926 2744.151651 2733.665307 2722.112047 2709.339084 2701.932077 2702.734176 2695.268297 2688.050269 2667.765214 2616.355391 2595.563506 2576.019489 2559.185581 2551.836810 2542.826635 2529.615183 2519.810305 2513.483960 2510.645785 2495.143297 2476.359962 2458.761148 2453.196935 2448.913766 2435.221600 2434.748910 2436.325795 2446.720822 2440.166832 2436.954633 2437.189552 2435.068152 2437.631218 2451.211857 2461.385405 2469.684242 2476.942232 2479.770561 2489.709199 2498.836208 2507.612381 2525.457673 2538.874217 2556.540929 2578.784056 2605.033318 2620.989724 2632.003341 2644.021450 2660.553766 2678.185760 2696.941283 2720.370240
2723.085225 2705.670730 2690.569613 2675.440330 2661.797006 2648.459688 2632.968789 2633.120636 2629.033625 2618.245312 2568.470254 2525.763422 2490.803023 2472.029882 2448.144259 2434.549226 2419.516421 2385.913366 2369.192864 2365.438062 2375.056001 2368.258995 2352.004638 2338.814257 2329.658273 2321.234149 2305.530068 2291.187571 2296.474186 2311.966162 2310.529069 2311.756050 2318.116694 2317.361733 2312.583491 2314.107382 2327.705212 2335.004238 2346.282226 2361.914731 2367.555533 2381.666495 2413.107416 2427.734261 2444.291741 2464.984135 2487.684875 2512.405220 2535.720942 2551.117178 2567.690890 2588.005638 2606.363877 2628.356334 2652.651526
2664.476343 2634.835038 2613.786282 2595.761352 2576.239641 2551.217090 2529.866391 2526.281618 2518.409878 2492.518560 2441.213128 2402.410050 2375.434099 2352.732963 2328.438079 2306.093609 2272.418756 2238.609951 2217.024590 2227.464787 2236.341430 2242.622978 2229.866798 2218.014393 2207.970999 2191.715580 2175.451440 2161.162433 2170.951847 2179.494344 2193.683799 2199.176012 2203.204324 2207.856068 2206.913857 2199.460502 2199.511733 2208.460395 2219.199449 2231.297499 2250.108542 2283.985202 2309.789898 2328.836982 2350.793899 2371.783164 2395.344257 2420.197829 2444.072537 2462.416151 2482.614030 2503.931035 2526.736848 2548.418683 2573.883542
2581.244343 2552.697724 2525.457102 2501.476750 2470.396810 2426.538346 2410.744263 2400.770905 2382.012760 2338.893813 2296.369907 2268.460142 2250.116109 2225.800783 2203.077404 2174.572122 2141.601751 2117.546712 2096.900892 2105.203208 2113.590575 2129.354913 2119.007860 2110.099048 2105.521052 2090.320545 2076.691710 2061.111176 2067.904863 2079.018478 2099.681679 2104.965214 2108.983713 2117.536786 2116.987746 2113.746132 2100.583106 2108.710230 2119.952793 2134.898526 2165.070827 2189.395855 2213.528792 2236.194290 2257.339239 2281.008978 2305.571678 2330.626261 2358.282090 2379.474421 2400.140935 2423.242488 2444.706740 2462.774437 2483.132086
2466.965517 2441.636227 2420.060135 2395.179764 2354.749433 2310.396450 2271.713912 2249.094607 2202.763617 2167.918394 2140.813502 2132.225355 2116.975983 2095.468347 2074.954412 2054.311974 2030.360445 2009.641482 1984.806226 1989.143176 2003.108720 2018.468463 2016.454761 2015.241986 2012.897780 2002.672736 1989.084422 1975.463228 1979.115692 1995.346783 2012.866080 2021.886074 2029.311155 2037.215682 2037.429119 2029.465217 2020.599776 2026.254077 2041.617371 2058.499540 2078.331562 2100.545684 2122.844135 2144.408745 2168.158135 2192.438553 2217.128107 2243.821492 2272.418459 2294.893356 2320.139774 2346.232057 2365.848944 2377.977809 2390.378920
2357.401209 2336.200573 2311.985403 2284.380440 2242.547246 2201.534103 2159.679910 2115.750698 2082.225988 2052.024911 2040.142499 2023.034275 2007.532690 1991.224740 1970.426188 1952.541047 1935.821916 1914.051375 1900.405219 1906.526205 1919.497011 1928.705774 1933.536520 1930.904063 1928.159109 1921.645249 1907.794320 1901.047602 1910.365134 1925.623965 1939.870196 1950.938417 1957.925796 1963.681677 1961.074072 1952.675187 1948.873993 1957.445128 1973.415581 1988.060252 2004.562985 2026.231595 2047.744991 2070.320607 2093.934466 2117.344777 2143.212685 2169.867944 2197.227713 2225.132686 2249.536085 2271.516912 2283.162544 2295.221755 2300.149888
2227.648701 2213.408970 2187.494497 2159.033572 2127.964807 2092.337646 2064.986376 2033.015535 2002.323070 1972.485362 1946.659107 1932.055893 1924.053049 1910.183308 1892.104103 1879.787586 1863.531650 1850.067704 1853.203045 1854.909519 1864.054980 1863.315046 1863.941358 1861.146931 1860.233575 1857.035387 1848.921554 1858.612432 1865.551881 1879.484405 1889.876673 1899.553341 1905.672008 1909.661327 1910.485428 1905.611871 1910.772862 1917.677753 1932.134245 1944.043141 1958.737862 1979.588263 1997.364683 2017.281835 2040.364408 2064.245256 2089.232683 2115.949546 2144.860319 2170.754464 2190.707281 2200.155717 2211.588549 2216.659509 2209.778223
