tests/Borden05m/sims/sim_1/output-maps/psiliqL0019N0004.asc
ncols         160
nrows         34
xllcorner     620200.000000
yllcorner     5168000.000000
cellsize      0.500000
NODATA_value  -9999.0
[rows 0 to 24 of 34, columns 55 to 109 of 160]
-9999.0 -9999.0 -9999.0 -9999.0 -9999.0 -9999.0 -9999.0 -9999.0 -9999.0 -9999.0 -9999.0 -9999.0 -9999.0 -9999.0 -9999.0 -9999.0 -9999.0 -9999.0 -9999.0 -9999.0 -9999.0 -9999.0 -9999.0 -9999.0 -9999.0 -9999.0 -9999.0 -9999.0 -9999.0 -9999.0 -9999.0 -9999.0 -9999.0 -9999.0 -9999.0 -9999.0 -9999.0 -9999.0 -9999.0 -9999.0 -9999.0 -9999.0 -9999.0 -9999.0 -9999.0 -9999.0 -9999.0 -9999.0 -9999.0 -9999.0 -9999.0 -9999.0 -9999.0 -9999.0 -9999.0
-9999.0 -9999.0 -9999.0 -9999.0 2027.045282 2021.796919 2017.058660 2012.709776 2004.417174 1995.587243 1987.871432 1984.234824 1983.636480 1983.253401 1983.175901 1988.654244 1997.066487 2005.042696 2012.371185 2015.035290 2017.684580 2020.002867 2020.635826 2019.718654 2016.767203 2013.743852 2010.586729 2009.182474 2001.607845 1990.489971 1982.025222 1979.375762 1983.719813 1988.138236 1990.607000 1996.092257 2006.546100 2017.050875 2025.283423 2037.101259 2043.063222 2047.846894 2050.170863 2045.641839 2041.758898 2037.472793 2031.595181 2020.360060 -9999.0 -9999.0 -9999.0 -9999.0 -9999.0 -9999.0 -9999.0
1972.027649 1991.071077 2011.807557 2015.188727 2003.652501 1998.843576 1995.933687 1994.435950 1990.262847 1982.106845 1977.346296 1972.342666 1970.549146 1971.016416 1971.432287 1975.763312 1986.603819 1994.861349 1999.858426 2002.723971 2005.704438 2005.080421 2004.698839 2004.683828 2002.049127 1998.835682 1995.666681 1994.034245 1995.097311 1987.637613 1982.016624 1978.441531 1976.211952 1978.836171 1981.365267 1985.271683 1994.516732 2002.390106 2010.206599 2024.553655 2036.925366 2041.927559 2038.907880 2033.574924 2029.243281 2021.755507 2011.035143 2000.632868 1991.720328 1984.792202 1978.812063 1972.159455 1977.692556 1984.214808 1993.188552
1956.882571 1976.511846 1997.171463 2000.219431 1989.969786 1982.288865 1976.830272 1977.614348 1981.064042 1978.148505 1973.902794 1968.083680 1977.725839 1979.329552 1980.723210 1984.415569 1987.386827 1991.820906 1994.756327 2000.397098 2009.631878 2012.641645 2013.388481 2013.743985 2012.092101 2009.144476 2007.479812 2004.895487 1999.819800 1998.517915 1998.589231 1997.906093 2002.483379 2003.995471 2006.281838 2000.145774 2004.040925 2010.144599 2016.849884 2022.649313 2028.712468 2031.553212 2027.725322 2026.908627 2017.886025 2003.533997 1992.450371 1983.949940 1982.580486 1978.917602 1970.365362 1956.476358 1963.390323 1978.446914 1982.404949
1963.520201 1973.113739 1984.813412 1988.062842 1983.526623 1985.759038 1987.955293 1989.839995 1988.664362 1985.948590 1983.381073 1995.411816 2004.788167 2006.892112 2010.080331 2014.347454 2014.893843 2003.911875 2002.042944 2010.154301 2020.428927 2026.178751 2026.653193 2026.717125 2024.177290 2023.347778 2023.272042 2021.458877 2021.775036 2023.898131 2022.821968 2026.708866 2032.315273 2035.473120 2028.853771 2020.064277 2021.534154 2029.566521 2038.099447 2045.326824 2055.367839 2065.904936 2064.830552 2058.981532 2049.400466 2035.511700 2011.685338 1992.301180 1980.582054 1972.208943 1964.132961 1964.644720 1959.968199 1971.544410 1972.424832
1958.703109 1978.063158 1999.348938 2006.953438 2001.681337 1997.921353 1996.544499 1997.895158 1998.173738 2000.617365 2011.926101 2025.353705 2038.982001 2041.995943 2044.759197 2044.429310 2036.514023 2026.696942 2023.845203 2038.265862 2055.096211 2063.502702 2063.943059 2061.889159 2067.330099 2066.934215 2066.496896 2062.551745 2064.162393 2063.974853 2071.883938 2079.570204 2087.080313 2085.516342 2073.363745 2061.556273 2060.713955 2064.689153 2069.555443 2076.143755 2085.903587 2094.736769 2089.040211 2081.951344 2072.203391 2043.954573 2017.769768 2001.046527 2000.199965 1999.545750 1993.813276 1990.139812 1986.952825 1980.305414 1979.155471
2003.599609 2024.753541 2045.767225 2061.133419 2056.108581 2049.232637 2040.741666 2041.955211 2044.529078 2052.281711 2064.739048 2080.685846 2104.286984 2106.268335 2108.822130 2110.269133 2098.919765 2086.771691 2076.647893 2096.756590 2107.716012 2115.999928 2116.132144 2124.177243 2133.827160 2130.083106 2123.200322 2112.426364 2118.610552 2128.115330 2143.274342 2150.603326 2155.099993 2152.360099 2140.062556 2133.938543 2133.887405 2137.994480 2137.097581 2143.200386 2152.279920 2166.549231 2164.784518 2157.340932 2134.904317 2096.780050 2063.410089 2045.136684 2052.008616 2044.333664 2036.327314 2032.979918 2019.171232 2008.802834 2008.781096
2051.163036 2068.151315 2086.587048 2105.085399 2099.576660 2090.317648 2076.676357 2075.955103 2082.805319 2093.706518 2112.751553 2134.076665 2156.822767 2161.517473 2161.007485 2171.241631 2165.329632 2155.950855 2148.563661 2164.700450 2176.245064 2187.631373 2195.997650 2209.108170 2220.540387 2208.266473 2194.400711 2187.211495 2193.445023 2215.861120 2235.442854 2240.439214 2240.702310 2241.866568 2230.097611 2224.441113 2219.480073 2216.895667 2212.475021 2209.147915 2229.980377 2247.900472 2245.858973 2222.201643 2197.425930 2158.345141 2119.166816 2089.006291 2092.969151 2088.413109 2087.851365 2073.729918 2058.659097 2045.068673 2037.218469
2123.386142 2150.284300 2170.261952 2192.897099 2190.646181 2172.512004 2162.246126 2167.056680 2180.945509 2189.291084 2206.767442 2228.394892 2258.035285 2275.983524 2292.394296 2297.652919 2290.332099 2282.077533 2269.982071 2271.740162 2292.436353 2305.285018 2315.662926 2325.956328 2338.964912 2342.610189 2338.473498 2337.714734 2341.680348 2351.708964 2363.175499 2369.942930 2374.235630 2378.138548 2370.202238 2359.075771 2355.217391 2348.249833 2344.048144 2342.117140 2348.185109 2362.653301 2358.916968 2326.722874 2298.002446 2262.443097 2223.112880 2190.984246 2176.905314 2186.967227 2178.341995 2159.572261 2142.775793 2110.615590 2097.795229
2214.553310 2250.351051 2278.004769 2292.730780 2305.132741 2297.446374 2298.743694 2303.903588 2312.569614 2317.546419 2325.533013 2358.563358 2393.349251 2421.429320 2445.840352 2454.713026 2444.179593 2434.977521 2422.863618 2414.293155 2422.204390 2438.700311 2456.564406 2472.524320 2484.308189 2487.624091 2486.455703 2486.954787 2489.831723 2492.856591 2496.533105 2503.872001 2511.640470 2522.220100 2532.180000 2524.215910 2506.601128 2495.845853 2484.418555 2481.251944 2480.683572 2480.729024 2479.950523 2466.516679 2428.367437 2396.333393 2362.523625 2336.005649 2316.485558 2306.641108 2285.330690 2260.277002 2210.422391 2170.171915 2135.459490
2323.738427 2367.709965 2399.319232 2422.068470 2437.920095 2439.739771 2443.261543 2446.274043 2452.070419 2456.787217 2462.650593 2487.930905 2529.097392 2568.317575 2599.576657 2602.411349 2591.662116 2581.376492 2572.088887 2560.254936 2557.278435 2568.057838 2581.893894 2600.540281 2611.962009 2620.127755 2617.728880 2618.327405 2620.314657 2622.000466 2623.977311 2626.920053 2635.476953 2649.308599 2662.291800 2662.513310 2646.650845 2630.206629 2613.867011 2608.967242 2604.400164 2598.383422 2598.432500 2598.050255 2584.633030 2554.186112 2513.244933 2469.551285 2445.494320 2424.899152 2410.520137 2392.240359 2357.685525 2297.067425 2260.527435
2456.336065 2489.279729 2521.929175 2554.528698 2573.060746 2579.690365 2579.990347 2581.478055 2589.465871 2594.716208 2603.184716 2619.675222 2648.223705 2680.962194 2709.680855 2726.580060 2721.429655 2706.793320 2687.695025 2680.806162 2679.366277 2682.826680 2691.478586 2702.398797 2720.248644 2738.314285 2746.210875 2747.353279 2743.382490 2747.625634 2749.511060 2749.928893 2752.145893 2758.922632 2767.442973 2770.391513 2763.902787 2743.680769 2721.984660 2709.209234 2701.515379 2697.075630 2695.606656 2697.340351 2696.834735 2681.589594 2647.930884 2605.145436 2571.603053 2550.976928 2534.049065 2516.707982 2502.538832 2474.401392 2452.767064
2582.519574 2599.359126 2628.454547 2657.804359 2682.021443 2698.727762 2702.006270 2707.155431 2712.541489 2721.612790 2737.496127 2761.067323 2778.301168 2798.375311 2822.456316 2837.016427 2842.704279 2842.304520 2839.994231 2841.872327 2842.626206 2799.082973 2804.274762 2809.354271 2821.823061 2833.867117 2838.550638 2839.248715 2837.450768 2839.427382 2840.381788 2840.735799 2840.659910 2842.006329 2845.711493 2847.128794 2845.381363 2835.606490 2846.229763 2828.064516 2815.567049 2807.616905 2799.180720 2789.900208 2779.092153 2767.410789 2745.455756 2715.049131 2680.006395 2654.747393 2643.265583 2634.605360 2624.888370 2617.097040 2598.823941
2695.524950 2708.538911 2727.255573 2750.226295 2784.009851 2806.309623 2817.831437 2827.038245 2831.898823 2844.949070 2859.923567 2849.937983 2856.108022 2862.314225 2868.375872 2870.408231 2870.935237 2870.622201 2868.381283 2868.000583 2866.287806 2862.679857 2853.216423 2855.145775 2857.150665 2859.919652 2863.729383 2862.641230 2863.770306 2866.977022 2865.696760 2860.315307 2856.815599 2855.479579 2856.353306 2863.694937 2867.076311 2868.072637 2866.189151 2865.758620 2865.385820 2863.160375 2860.076222 2855.433614 2849.247528 2857.101140 2844.646405 2818.017708 2780.346141 2739.577711 2727.452890 2724.656455 2723.096140 2719.054153 2711.310241
2825.336400 2839.446386 2854.457484 2843.198901 2860.295529 2869.093941 2873.166349 2876.415114 2878.710931 2880.418844 2876.907726 2873.329987 2868.162369 2866.290391 2864.456052 2861.512791 2861.623370 2859.285351 2855.043522 2851.177573 2844.064728 2833.204171 2822.275529 2819.484794 2824.060356 2829.402291 2834.114962 2837.908602 2841.483110 2842.252189 2837.523687 2829.845099 2822.958302 2821.455146 2828.258149 2834.011727 2840.025975 2841.084453 2840.180682 2838.577512 2839.260449 2837.081108 2837.939068 2844.922004 2858.821220 2862.903541 2866.696840 2865.614937 2853.177457 2830.829248 2832.049058 2811.678960 2815.423606 2809.696024 2797.030957
2872.929389 2875.883708 2875.510534 2874.620809 2868.820473 2862.900951 2861.797315 2865.080035 2871.129741 2871.320389 2863.301432 2853.838179 2845.747005 2837.658516 2834.368621 2832.376269 2830.892484 2830.285089 2824.328317 2815.306859 2798.756142 2787.160100 2776.121394 2770.220021 2767.386169 2771.496817 2781.804501 2792.477376 2797.285922 2789.544793 2781.999275 2771.279694 2763.679726 2764.339140 2766.208030 2775.567812 2791.041836 2797.421162 2798.773507 2793.899565 2789.495727 2784.392948 2782.955160 2790.483174 2806.301611 2823.076828 2838.164397 2847.173692 2854.931453 2861.798778 2862.917981 2864.827167 2865.612349 2863.570430 2863.713045
2871.841448 2865.471919 2858.889071 2853.642289 2846.722832 2840.455036 2837.629705 2838.463693 2839.364989 2834.010598 2825.669366 2813.546629 2800.870043 2789.531458 2780.980796 2780.166830 2780.767678 2780.600931 2772.640575 2756.811424 2737.084365 2723.254171 2709.191740 2705.064837 2699.550542 2693.464444 2703.522312 2721.613944 2728.306677 2713.781791 2703.787638 2689.598291 2683.081980 2679.917674 2681.357400 2690.736167 2712.089359 2734.172761 2736.625119 2727.504969 2718.806041 2715.762567 2714.600950 2721.737596 2740.602935 2763.910895 2780.867655 2792.193547 2798.944569 2808.009472 2818.453439 2832.687333 2847.174279 2859.039938 2865.637757
2848.750456 2840.684918 2832.518722 2824.144826 2815.994456 2808.021273 2801.925066 2797.835670 2792.303504 2783.857960 2774.062319 2752.114965 2737.362816 2722.633375 2706.133249 2700.245682 2694.251637 2693.723279 2680.968414 2670.990172 2653.613281 2637.888156 2621.705618 2609.463428 2603.432090 2596.926290 2597.852092 2612.001099 2620.598023 2609.411911 2599.729112 2588.436185 2583.529697 2580.579114 2583.101727 2593.765723 2614.908677 2633.940300 2642.505457 2636.172392 2634.693610 2635.782808 2636.603957 2644.679657 2659.123072 2679.433012 2703.080333 2722.853787 2734.771155 2744.245139 2755.904534 2773.582480 2789.190686 2804.398085 2822.735226
2815.324500 2804.867673 2793.780912 2782.661863 2770.104692 2755.501192 2746.647081 2745.788398 2736.498702 2727.358695 2705.137841 2651.943254 2629.327514 2608.147709 2589.800183 2581.020646 2570.690014 2556.379439 2545.779379 2539.022819 2536.093008 2520.589398 2501.583647 2484.121421 2478.754383 2474.635368 2461.060388 2460.681598 2462.342665 2472.835443 2466.393434 2463.286995 2463.599012 2461.517410 2464.085564 2477.647786 2487.803169 2496.141125 2503.542030 2506.666377 2517.162480 2527.465601 2537.207580 2556.084826 2570.624104 2589.485298 2613.105352 2640.956902 2658.450934 2670.909661 2684.226128 2701.816113 2720.472573 2740.100753 2764.282588
2772.823443 2754.017789 2737.926208 2721.557848 2706.422593 2691.509534 2674.167349 2672.249934 2665.933038 2652.782409 2600.518517 2555.433838 2517.886187 2497.189246 2471.576026 2456.370776 2439.842333 2404.992619 2387.330160 2382.960921 2392.294329 2385.472605 2369.440150 2356.430527 2347.430265 2339.134680 2323.519542 2309.238237 2314.581210 2330.141904 2328.759679 2330.035495 2336.429246 2335.677270 2330.877207 2332.374444 2345.953794 2353.267965 2364.641734 2380.485546 2386.455979 2401.022737 2433.250379 2448.913818 2466.724674 2488.859730 2513.219459 2540.253610 2565.567486 2582.864082 2601.283307 2623.444686 2643.454166 2666.900309 2692.448750
2709.830336 2679.166461 2656.698448 2636.896448 2615.271819 2588.140956 2564.530699 2558.575349 2548.226625 2519.705914 2465.374132 2424.186488 2395.191547 2370.649608 2344.668499 2320.759304 2285.578576 2250.614454 2228.155444 2238.007246 2246.561121 2252.744053 2240.066344 2228.329069 2218.401900 2202.248541 2186.061968 2171.827006 2181.660828 2190.236745 2204.450476 2209.953489 2213.973504 2218.596263 2217.605587 2210.086020 2210.079550 2218.991400 2229.744915 2241.937938 2260.969075 2295.324899 2321.763219 2341.672001 2364.743738 2387.087315 2412.123992 2438.547872 2464.266682 2484.597227 2506.896300 2530.874292 2555.889047 2579.588655 2606.963221
2620.121167 2590.014435 2560.899533 2534.674295 2500.743240 2454.508565 2436.323839 2423.991648 2402.912338 2357.504959 2312.824252 2282.738994 2262.589258 2236.677704 2212.544276 2182.804730 2148.810049 2123.908067 2102.596957 2110.435227 2118.548817 2134.213224 2123.887731 2115.059157 2110.583566 2095.479795 2081.930096 2066.402654 2073.231033 2084.358894 2105.024746 2110.289099 2114.269235 2122.768937 2122.146596 2118.813790 2105.545040 2113.577755 2124.749776 2139.670419 2169.866984 2194.288904 2218.716967 2241.901209 2263.807581 2288.569811 2314.312799 2340.697206 2369.969644 2392.939489 2415.469333 2440.487766 2464.065331 2484.332404 2506.956605
2496.426628 2469.349081 2445.828275 2418.864500 2376.339076 2329.825273 2288.857195 2264.196041 2215.896471 2179.190996 2150.409397 2140.313301 2123.703978 2100.980788 2079.406928 2057.848102 2033.178349 2011.879220 1986.587678 1990.603031 2004.381254 2019.671469 2017.675671 2016.534338 2014.283205 2004.149233 1990.635867 1977.065338 1980.743386 1996.980292 2014.485403 2023.470652 2030.842574 2038.676178 2038.798913 2030.722103 2021.724978 2027.239681 2042.471017 2059.247733 2078.972922 2101.118692 2123.473037 2145.233130 2169.318646 2194.076026 2219.428197 2247.004490 2276.831646 2300.658682 2327.414869 2355.208120 2376.727709 2390.895320 2405.399065
2377.913734 2355.119290 2329.164824 2299.731408 2256.010916 2213.324273 2169.878704 2124.400344 2089.402556 2057.809891 2044.728762 2026.557328 2010.101244 1992.958649 1971.454996 1952.993582 1935.813567 1913.671531 1899.737577 1905.658850 1918.516901 1927.690380 1932.547049 1929.977554 1927.311756 1920.876565 1907.090495 1900.388300 1909.728778 1924.988053 1939.212910 1950.240032 1957.166892 1962.842810 1960.134030 1951.611327 1947.663383 1956.066012 1971.847355 1986.286049 2002.585985 2024.082892 2045.499078 2068.046060 2091.711231 2115.256748 2141.385751 2168.441247 2196.363457 2225.036974 2250.436239 2273.745705 2286.868190 2300.571036 2307.281139
2239.950484 2224.457348 2197.226313 2167.456667 2135.186099 2098.426542 2069.995121 2036.952181 2005.285948 1974.560067 1947.937677 1932.621587 1923.986375 1909.567952 1891.035621 1878.358698 1861.816186 1848.126210 1851.094269 1852.688337 1861.775959 1861.026029 1861.681838 1858.941712 1858.093579 1854.959153 1846.898329 1856.627708 1863.586576 1877.516725 1887.885211 1897.518896 1903.575776 1907.483462 1908.204908 1903.205558 1908.216305 1914.943431 1929.193324 1940.869239 1955.320473 1975.930648 1993.486972 2013.225948 2036.184614 2059.989117 2084.972555 2111.770734 2140.869898 2167.104908 2187.567163 2197.713780 2210.069501 2216.267672 2210.686397
