tests/Borden05m/sims/sim_1/output-maps/psiliqL0004N0013.asc
ncols         160
nrows         34
xllcorner     620200.000000
yllcorner     5168000.000000
cellsize      0.500000
NODATA_value  -9999.0
[rows 0 to 24 of 34, columns 0 to 55 of 160]
-9999.0 -9999.0 -9999.0 -9999.0 -9999.0 -9999.0 -9999.0 -9999.0 -9999.0 -9999.0 -9999.0 -9999.0 -9999.0 -9999.0 -9999.0 -9999.0 -9999.0 -9999.0 -9999.0 -9999.0 -9999.0 -9999.0 -9999.0 -9999.0 -9999.0 -9999.0 -9999.0 -9999.0 -9999.0 -9999.0 -9999.0 -9999.0 -9999.0 -9999.0 -9999.0 -9999.0 -9999.0 -9999.0 -9999.0 -9999.0 -9999.0 -9999.0 -9999.0 -9999.0 -9999.0 -9999.0 -9999.0 -9999.0 -9999.0 -9999.0 -9999.0 -9999.0 -9999.0 -9999.0 -9999.0 -9999.0
-9999.0 -9999.0 -9999.0 -9999.0 -9999.0 -9999.0 -9999.0 -9999.0 -9999.0 -9999.0 -9999.0 -9999.0 -9999.0 -9999.0 -9999.0 -9999.0 -9999.0 -9999.0 -9999.0 -9999.0 -9999.0 -9999.0 -9999.0 -9999.0 -9999.0 -9999.0 -9999.0 -9999.0 -9999.0 -9999.0 -9999.0 -9999.0 -9999.0 -9999.0 -9999.0 -9999.0 -9999.0 -9999.0 -9999.0 -9999.0 -9999.0 -9999.0 -9999.0 -9999.0 -9999.0 -9999.0 -9999.0 -9999.0 -9999.0 -9999.0 -9999.0 -9999.0 -9999.0 -9999.0 -9999.0 -9999.0
-9999.0 -9999.0 -9999.0 -9999.0 -9999.0 -9999.0 -9999.0 -9999.0 -9999.0 -9999.0 -9999.0 -9999.0 -9999.0 -9999.0 -9999.0 -9999.0 -9999.0 -9999.0 -9999.0 -9999.0 -9999.0 -9999.0 -9999.0 -9999.0 -9999.0 -9999.0 -9999.0 -9999.0 -9999.0 -9999.0 -9999.0 -9999.0 -9999.0 -9999.0 -9999.0 -9999.0 -9999.0 -9999.0 -9999.0 -9999.0 -9999.0 -9999.0 -9999.0 -9999.0 -9999.0 -9999.0 -9999.0 -603.989800 -612.838599 -623.608519 -626.591381 -614.304924 -608.302469 -602.649267 -598.608730 -594.835733
-9999.0 -9999.0 -9999.0 -9999.0 -9999.0 -9999.0 -9999.0 -9999.0 -9999.0 -9999.0 -9999.0 -9999.0 -9999.0 -9999.0 -9999.0 -9999.0 -9999.0 -9999.0 -9999.0 -9999.0 -9999.0 -9999.0 -9999.0 -9999.0 -9999.0 -9999.0 -9999.0 -9999.0 -9999.0 -9999.0 -9999.0 -9999.0 -9999.0 -9999.0 -9999.0 -9999.0 -9999.0 -9999.0 -9999.0 -9999.0 -602.213408 -598.269695 -595.306148 -601.067721 -603.939212 -604.222283 -610.879980 -618.414450 -626.198596 -624.177760 -623.972831 -628.846497 -619.940857 -612.559958 -609.409001 -606.675297
-9999.0 -9999.0 -9999.0 -9999.0 -9999.0 -9999.0 -9999.0 -9999.0 -9999.0 -9999.0 -9999.0 -9999.0 -9999.0 -9999.0 -9999.0 -9999.0 -9999.0 -9999.0 -9999.0 -9999.0 -9999.0 -9999.0 -9999.0 -9999.0 -9999.0 -9999.0 -9999.0 -9999.0 -9999.0 -9999.0 -9999.0 -9999.0 -9999.0 -9999.0 -624.000028 -616.023873 -612.085754 -608.280728 -603.114542 -604.270811 -605.239423 -601.758235 -604.851632 -605.302876 -609.557037 -617.511781 -625.682321 -630.451741 -626.143469 -627.689522 -627.523450 -623.264326 -620.213442 -618.597164 -612.469726 -603.322868
-9999.0 -9999.0 -9999.0 -9999.0 -9999.0 -9999.0 -9999.0 -9999.0 -9999.0 -9999.0 -9999.0 -9999.0 -9999.0 -9999.0 -9999.0 -9999.0 -9999.0 -9999.0 -9999.0 -9999.0 -9999.0 -9999.0 -9999.0 -9999.0 -9999.0 -9999.0 -9999.0 -9999.0 -612.787630 -615.834726 -618.207890 -618.139492 -619.233566 -623.279629 -624.121827 -622.941392 -618.308971 -611.199632 -609.614689 -610.066080 -609.303962 -610.748050 -615.178309 -615.708759 -611.144011 -616.002408 -618.673386 -622.093850 -629.983273 -631.950504 -627.258045 -622.599016 -618.446864 -616.944366 -615.709245 -615.144608
-9999.0 -9999.0 -9999.0 -9999.0 -9999.0 -9999.0 -9999.0 -9999.0 -9999.0 -9999.0 -9999.0 -9999.0 -9999.0 -9999.0 -9999.0 -9999.0 -9999.0 -9999.0 -9999.0 -9999.0 -9999.0 -9999.0 -9999.0 -618.702125 -615.896578 -614.697200 -612.177206 -613.337113 -619.023610 -622.854070 -624.555494 -625.935080 -629.117205 -629.362087 -629.185831 -626.743084 -624.691130 -617.134192 -620.082938 -621.985369 -615.725925 -616.987594 -613.075005 -608.764896 -609.827180 -609.175558 -617.583977 -624.048415 -617.610926 -614.898191 -614.934182 -616.000434 -613.414745 -610.001091 -605.805478 -599.133855
-9999.0 -9999.0 -9999.0 -9999.0 -9999.0 -9999.0 -9999.0 -9999.0 -9999.0 -9999.0 -9999.0 -9999.0 -9999.0 -9999.0 -9999.0 -9999.0 -9999.0 -9999.0 -9999.0 -619.248935 -620.063546 -621.679726 -620.920400 -626.342875 -628.635805 -626.855069 -623.670555 -625.340535 -628.615721 -631.456749 -631.098733 -630.668066 -631.238207 -626.682715 -622.875537 -621.287568 -621.656401 -615.590428 -613.449748 -609.949140 -601.784051 -606.720364 -611.845215 -614.577933 -614.841232 -616.332305 -611.565665 -610.112867 -609.467811 -609.739585 -609.374771 -607.867561 -606.668567 -599.678674 -593.071269 -587.355300
-9999.0 -9999.0 -9999.0 -9999.0 -9999.0 -9999.0 -9999.0 -9999.0 -9999.0 -9999.0 -9999.0 -9999.0 -9999.0 -9999.0 -9999.0 -9999.0 -620.720462 -621.149186 -623.152147 -626.357360 -629.215535 -629.193680 -626.749965 -630.868489 -632.172023 -631.049790 -632.758332 -630.421036 -627.971598 -625.139078 -623.811796 -626.687911 -625.955168 -626.073315 -626.022396 -624.114562 -617.314490 -610.964236 -609.095670 -604.531449 -597.072630 -600.920135 -602.724885 -602.562807 -605.035599 -602.637612 -591.910713 -593.204144 -597.385361 -586.315037 -580.351766 -581.964083 -582.515090 -575.138225 -564.413032 -551.313775
-9999.0 -9999.0 -9999.0 -9999.0 -9999.0 -9999.0 -9999.0 -9999.0 -9999.0 -9999.0 -9999.0 -9999.0 -9999.0 -622.829547 -623.169883 -622.389699 -627.371914 -631.479833 -633.946551 -637.375944 -632.511057 -635.718985 -636.608863 -635.643111 -631.266963 -630.949940 -630.252342 -627.400456 -628.010213 -629.040469 -630.055799 -632.427841 -628.633252 -624.782274 -621.929959 -616.422488 -611.912041 -608.167863 -602.099035 -600.366320 -596.268008 -597.468164 -601.675352 -602.547263 -599.001350 -588.900793 -580.980208 -577.943790 -565.080122 -551.849746 -545.327207 -537.467881 -533.411507 -527.738385 -514.998491 -482.134945
-9999.0 -9999.0 -9999.0 -9999.0 -9999.0 -9999.0 -9999.0 -9999.0 -9999.0 -9999.0 -631.728962 -628.936338 -633.152676 -641.003932 -644.378775 -642.308767 -640.119933 -642.988188 -642.628334 -633.918970 -629.090569 -636.564276 -631.008351 -630.676600 -633.723424 -632.637566 -630.170639 -629.447602 -624.070766 -623.513545 -623.091448 -614.655165 -612.042436 -609.278839 -605.656768 -601.668872 -597.968890 -585.598207 -575.105200 -574.375181 -561.013321 -552.965187 -559.162989 -561.441244 -559.240536 -549.637263 -534.402597 -513.542196 -493.327591 -465.028312 -438.233599 -418.611353 -403.182668 -384.945034 -362.500303 -332.837872
-9999.0 -9999.0 -9999.0 -9999.0 -9999.0 -9999.0 -9999.0 -9999.0 -643.669335 -638.973454 -636.040322 -639.678058 -644.673390 -653.820585 -650.085139 -646.436164 -643.876648 -640.200607 -638.316276 -636.635817 -638.240646 -635.106629 -629.491699 -630.561182 -629.715943 -625.986186 -625.477491 -621.991669 -616.805998 -618.385858 -615.291093 -610.291575 -605.886077 -601.898745 -597.265295 -594.017627 -581.360982 -565.127513 -548.509875 -534.594381 -515.727179 -493.898108 -493.715163 -489.897459 -485.081833 -455.958312 -413.517070 -367.086698 -334.685013 -314.271228 -293.813993 -281.719674 -272.805850 -260.982450 -245.773433 -231.994861
-9999.0 -9999.0 -9999.0 -9999.0 -9999.0 -9999.0 -651.222668 -640.457921 -635.345345 -646.944705 -656.310190 -659.550719 -665.296693 -652.647380 -641.966627 -639.727287 -637.936330 -635.844206 -636.502656 -642.775107 -626.994190 -630.503631 -633.051557 -628.012273 -627.904603 -627.027570 -623.597373 -616.421361 -612.687964 -599.384155 -589.541476 -580.999909 -570.278201 -563.480687 -556.518641 -548.495500 -528.777216 -500.329207 -464.483500 -425.475461 -384.728431 -347.896064 -334.552070 -328.376647 -322.604127 -311.347852 -289.566305 -264.263436 -234.880008 -207.438706 -187.003964 -177.184400 -167.738566 -156.181654 -141.186631 -124.060633
-9999.0 -9999.0 -9999.0 -9999.0 -646.011256 -643.431229 -645.042469 -635.684717 -629.331333 -643.042445 -638.049793 -640.518034 -645.201927 -650.820646 -657.586916 -652.197056 -648.915151 -646.574113 -647.045774 -631.308306 -617.944680 -625.130864 -618.294820 -605.811429 -607.647554 -605.780303 -604.421284 -598.229995 -587.765795 -574.707247 -548.551465 -525.318843 -508.662690 -490.004102 -470.821103 -443.732403 -399.201524 -349.676699 -319.921470 -294.641524 -269.478862 -247.542422 -232.758450 -225.523840 -216.541515 -205.276048 -189.357524 -165.513746 -137.542898 -104.227865 -81.704100 -65.134898 -58.362891 -45.185401 -28.633249 5.856590
-9999.0 -9999.0 -9999.0 -653.132626 -642.410786 -638.183872 -642.547253 -640.203600 -632.088580 -639.369576 -640.609030 -641.841722 -642.568973 -642.298812 -642.734511 -639.520316 -638.575098 -640.246015 -637.578095 -627.668192 -622.419570 -614.314370 -607.620172 -598.359068 -590.693929 -587.312311 -582.773441 -572.422909 -548.881832 -522.258087 -477.079368 -413.371054 -361.867395 -334.044478 -319.899028 -302.459704 -283.641228 -255.190144 -227.849629 -201.367309 -173.314234 -147.887842 -123.333567 -114.750685 -109.634438 -100.582415 -85.703142 -63.571644 -38.785826 10.384250 19.237743 55.139781 50.327235 73.722009 88.365766 102.765128
-9999.0 -9999.0 -651.870593 -645.594163 -649.225203 -641.309033 -632.604955 -637.401206 -627.303151 -623.836932 -632.814489 -627.166424 -624.096533 -629.535377 -625.440547 -620.842265 -618.320666 -624.881709 -629.246845 -617.886124 -595.116912 -576.869263 -566.735952 -528.523412 -506.515845 -492.440854 -485.074235 -462.935699 -424.173818 -361.774132 -319.641856 -282.361875 -248.443112 -220.983357 -209.165296 -195.109655 -173.706151 -151.156028 -123.544777 -97.958470 -69.526522 -39.949888 5.479974 16.194780 2.893212 31.614327 34.320014 70.013163 89.298511 108.296099 123.469552 125.660022 124.936112 126.464004 127.263732 127.202725
-9999.0 -9999.0 -659.117017 -648.774008 -655.184797 -639.278100 -624.464184 -636.413726 -631.256508 -616.576616 -619.471367 -617.118841 -618.220165 -616.903742 -610.144934 -598.057788 -603.245825 -605.244685 -617.833604 -585.730952 -557.983064 -514.294733 -439.054094 -367.934825 -330.719013 -324.028485 -320.512499 -308.952043 -289.717029 -251.359530 -205.759365 -157.453283 -117.170093 -90.309450 -77.062120 -63.101856 -40.976050 0.677286 15.612957 27.174730 61.541650 80.428588 103.397054 119.965367 124.584985 126.109073 124.180091 126.188639 126.394744 126.923539 126.523847 122.277424 122.506434 123.077791 124.095590 119.663681
-9999.0 -662.393822 -656.932783 -656.136816 -645.567792 -647.769111 -634.716013 -616.999778 -615.742436 -608.599397 -607.198820 -614.691629 -583.952679 -558.422669 -549.018863 -528.793634 -536.196295 -542.073484 -554.618944 -525.449430 -473.901889 -361.684069 -270.333207 -218.913455 -188.696855 -183.877512 -186.793809 -173.704103 -149.621766 -113.420284 -56.402546 6.669197 44.674950 71.928360 80.243878 82.360211 95.022398 111.563345 126.219729 128.066370 130.165235 130.444349 127.198159 126.915189 127.524395 126.737672 123.397078 117.794675 110.580989 105.123136 98.804412 80.420624 96.284271 101.696477 103.322133 95.076492
-9999.0 -678.623098 -657.847433 -645.998221 -649.635283 -656.868258 -628.488225 -588.888708 -598.201079 -599.954075 -599.524933 -575.874045 -511.753044 -453.882251 -410.777202 -366.643492 -368.646186 -383.917320 -382.062849 -342.710137 -298.255348 -233.191755 -127.913438 -48.292285 -11.664592 -0.639935 7.120469 27.037283 52.024453 73.632117 92.098179 114.059551 117.914067 119.021960 119.237178 119.585685 119.719185 119.985525 116.511410 113.091279 108.879384 108.981825 112.388705 112.121020 109.579772 105.841504 85.644525 89.962106 84.337612 76.970153 51.962822 42.238402 44.254624 56.987901 62.874322 37.264080
-9999.0 -662.621327 -640.181566 -645.324804 -663.203206 -635.918782 -622.836708 -593.054808 -570.485518 -572.242992 -542.798083 -456.445159 -354.908080 -301.065433 -266.993379 -245.099336 -231.122660 -231.325942 -210.349876 -155.620046 -66.832262 0.689963 44.082780 93.969026 102.880932 103.819657 102.809033 103.567326 104.357977 104.704820 105.138059 103.974791 108.626936 110.794284 109.644106 106.753830 101.580108 92.512327 86.770595 83.662417 80.205859 80.136270 83.189416 83.627983 80.944498 74.823162 44.390027 34.271761 26.023443 16.634204 7.024025 0.488149 -1.103916 -2.468628 -5.734233 -15.624637
-9999.0 -691.744755 -657.375690 -685.347670 -646.976432 -615.349787 -615.789056 -570.137360 -519.673529 -498.135046 -387.346639 -312.007496 -245.553641 -199.695089 -165.105377 -126.896919 -99.643212 -70.117449 -26.963696 43.695544 89.817328 107.744822 110.239618 111.519353 104.162532 104.108777 94.654335 75.349858 65.054042 58.468191 60.203259 66.667622 73.596624 79.497021 77.328817 76.140783 65.044806 42.542539 34.481961 25.572358 17.937831 12.920742 12.169703 17.362852 11.477358 5.345490 -6.823843 -17.404101 -27.467742 -36.874405 -46.199128 -53.931596 -56.921343 -61.848077 -63.031445 -70.655486
-9999.0 -714.218765 -688.192279 -670.587621 -638.102287 -615.357077 -593.086409 -545.931983 -451.709939 -358.030928 -292.423099 -258.103967 -206.304769 -149.852890 -93.131200 -61.844282 -44.048932 -34.773617 -20.108183 2.047062 20.397309 23.607663 37.675055 58.053252 64.712276 65.053508 26.328038 8.036069 -0.480548 -1.685247 -2.155175 -1.631411 -1.298915 -2.470426 -6.108723 -6.569972 -6.631835 -17.197453 -26.675379 -34.459477 -40.903630 -48.146266 -53.074712 -55.618476 -58.352376 -60.039826 -69.034143 -80.259832 -91.117530 -99.621433 -107.965472 -114.379581 -116.433707 -120.450132 -125.835396 -135.402300
-9999.0 -770.458455 -679.924800 -670.919662 -651.322935 -644.529909 -637.265191 -597.183155 -538.188195 -370.958028 -240.340323 -222.662871 -204.345855 -171.036463 -117.121609 -67.694595 -61.135327 -87.156862 -105.013814 -108.941801 -96.555738 -82.662161 -66.484704 -45.594964 -31.397825 -26.171448 -34.255090 -46.345282 -60.473118 -67.610538 -70.927979 -77.614500 -82.824985 -83.241064 -85.616125 -81.971434 -80.312503 -90.792662 -103.218744 -116.938412 -128.578899 -137.009446 -139.846541 -139.351246 -140.085862 -143.174121 -150.410516 -159.995515 -171.465100 -181.661356 -189.483819 -194.844568 -200.046773 -207.005565 -214.685999 -222.801796
-9999.0 -9999.0 -718.601600 -670.718317 -665.359823 -658.429822 -651.849757 -620.376364 -585.887960 -486.773855 -372.685788 -317.459143 -285.412547 -251.999545 -206.186289 -168.437751 -162.754619 -156.282763 -178.141259 -176.830829 -170.752609 -164.111951 -152.971700 -140.085922 -128.334248 -121.809221 -119.598483 -122.742251 -131.940706 -145.464612 -160.414268 -171.693387 -178.863517 -183.996164 -178.032770 -169.190591 -170.926585 -177.213256 -187.233654 -199.897717 -210.158185 -220.290386 -222.680727 -221.590148 -221.531600 -224.008788 -228.540451 -239.204601 -250.364134 -261.647058 -267.228305 -272.571213 -277.643641 -286.265108 -294.842787 -303.869494
-9999.0 -9999.0 -781.055806 -694.953641 -664.303265 -644.292850 -646.978243 -643.742059 -601.408548 -579.108591 -545.825198 -497.109197 -444.344576 -381.111595 -343.179029 -311.722852 -297.804882 -291.549405 -291.119166 -283.739397 -268.788079 -252.953798 -241.472639 -230.990925 -221.256872 -213.484979 -206.859066 -215.321534 -223.854908 -236.628821 -253.010893 -271.161769 -280.951232 -286.031483 -282.945287 -277.234830 -281.100006 -288.640284 -298.714076 -309.776720 -317.672973 -325.061639 -326.996426 -327.722371 -327.854426 -329.574518 -332.345725 -341.174370 -355.266535 -367.960010 -378.949390 -388.809264 -395.242351 -407.744631 -423.425241 -435.640386
