tests/Borden05m/sims/sim_1/output-maps/psiliqL0018N0008.asc
ncols         160
nrows         34
xllcorner     620200.000000
yllcorner     5168000.000000
cellsize      0.500000
NODATA_value  -9999.0
[rows 0 to 24 of 34, columns 55 to 109 of 160]
-9999.0 -9999.0 -9999.0 -9999.0 -9999.0 -9999.0 -9999.0 -9999.0 -9999.0 -9999.0 -9999.0 -9999.0 -9999.0 -9999.0 -9999.0 -9999.0 -9999.0 -9999.0 -9999.0 -9999.0 -9999.0 -9999.0 -9999.0 -9999.0 -9999.0 -9999.0 -9999.0 -9999.0 -9999.0 -9999.0 -9999.0 -9999.0 -9999.0 -9999.0 -9999.0 -9999.0 -9999.0 -9999.0 -9999.0 -9999.0 -9999.0 -9999.0 -9999.0 -9999.0 -9999.0 -9999.0 -9999.0 -9999.0 -9999.0 -9999.0 -9999.0 -9999.0 -9999.0 -9999.0 -9999.0
-9999.0 -9999.0 -9999.0 -9999.0 1839.316133 1834.062689 1829.338657 1825.047507 1816.837102 1808.165775 1800.581036 1797.146363 1796.761605 1796.581821 1796.726576 1802.444542 1811.074075 1819.292214 1826.910059 1829.880428 1832.868960 1835.575573 1836.607609 1836.072708 1833.505238 1830.842715 1828.018328 1826.924076 1819.546752 1808.618270 1800.278459 1797.741650 1802.178019 1806.637467 1809.097436 1814.583074 1824.971940 1835.358845 1843.419435 1854.962704 1860.557166 1865.004385 1867.005117 1862.096759 1857.824902 1853.212197 1847.134822 1835.735240 -9999.0 -9999.0 -9999.0 -9999.0 -9999.0 -9999.0 -9999.0
1784.740182 1803.971181 1824.721462 1828.098109 1816.409298 1811.590222 1808.721263 1807.294991 1803.213553 1795.212975 1790.630169 1785.835948 1784.314853 1784.999755 1785.644032 1790.226421 1801.245918 1809.763327 1815.051915 1818.219445 1821.537325 1821.404349 1821.459900 1821.866564 1819.658289 1816.854809 1814.051801 1812.744593 1814.000212 1806.763672 1801.355640 1797.942286 1795.890809 1798.531952 1801.023065 1804.783252 1813.959419 1821.715634 1829.364259 1843.418844 1855.441500 1860.064669 1856.660634 1850.882611 1846.134491 1838.302955 1827.280858 1816.603883 1807.476970 1800.215193 1793.875031 1786.895888 1792.007185 1798.054197 1806.722860
1770.247857 1790.053463 1810.803969 1813.929247 1803.647200 1795.963066 1790.727244 1791.612209 1795.155813 1792.417529 1788.410202 1783.047600 1792.818699 1794.683641 1796.341168 1800.265161 1803.557197 1808.092438 1811.352344 1817.348935 1827.001715 1830.467397 1831.716967 1832.588357 1831.448412 1828.983168 1827.755229 1825.543737 1820.785546 1819.789710 1820.103775 1819.637775 1824.368297 1825.915722 1828.091153 1821.804118 1825.533911 1831.493248 1837.997884 1843.613844 1849.389694 1851.947108 1847.665398 1846.236934 1836.696404 1821.822967 1810.168467 1801.181639 1799.300054 1795.231903 1786.262164 1772.012417 1778.393880 1792.982469 1796.534003
1778.098702 1787.938915 1799.907785 1803.317563 1798.870400 1801.123450 1803.421841 1805.488014 1804.540785 1802.115360 1800.011104 1812.495240 1822.249384 1824.656989 1828.132436 1832.606763 1833.266839 1822.470735 1820.900670 1829.499604 1840.329034 1846.698787 1847.794220 1848.516385 1846.722863 1846.482484 1846.906225 1845.502451 1846.281195 1848.762236 1848.090963 1852.259575 1857.963873 1861.101841 1854.285060 1845.383824 1846.641247 1854.463854 1862.685638 1869.599950 1879.303457 1889.413965 1887.679916 1881.120965 1870.846488 1856.223367 1831.712086 1811.597485 1799.358595 1790.524104 1781.914473 1781.657695 1776.581739 1787.452545 1787.850789
1776.042214 1795.408497 1817.018244 1824.952963 1819.816985 1816.074328 1814.725505 1816.281613 1816.906580 1819.861249 1831.804202 1845.724539 1859.890420 1863.246870 1866.329914 1866.316942 1858.553745 1849.028572 1846.449281 1861.444846 1878.785855 1887.924103 1889.237071 1888.277106 1894.800320 1895.008167 1895.023735 1891.485735 1893.626999 1894.077207 1902.584065 1910.432043 1917.963091 1916.386119 1904.245646 1892.443347 1891.378660 1894.985242 1899.334776 1905.499717 1914.834786 1923.152797 1916.748506 1908.725853 1897.950545 1868.660588 1841.389018 1823.739966 1822.199013 1820.825765 1814.381856 1809.952351 1805.930010 1798.428502 1796.630622
1824.152790 1845.809545 1867.035373 1882.804491 1877.944147 1871.137401 1862.660085 1864.124751 1867.213560 1875.527459 1888.613324 1905.338210 1929.471906 1932.024799 1935.055506 1937.055148 1926.046422 1914.229704 1904.389435 1924.695337 1936.297680 1945.596400 1947.062484 1956.506733 1967.239077 1964.306509 1958.046182 1948.033907 1954.766468 1965.066746 1980.486986 1987.893450 1992.365278 1989.919511 1977.823645 1971.718397 1971.321676 1974.936914 1973.525940 1978.963786 1987.673828 2001.297784 1998.778260 1989.943741 1966.294773 1927.183362 1892.519510 1872.816031 1878.383765 1869.812813 1861.015523 1856.588648 1841.756615 1830.319305 1829.359048
1876.265574 1893.980442 1912.860874 1931.686891 1926.597512 1917.373668 1904.103721 1903.813431 1911.275343 1922.622726 1942.277200 1964.442925 1987.872394 1993.605286 1994.079242 2004.502108 1998.747924 1989.709402 1982.656487 1998.578951 2011.116624 2023.712444 2033.586546 2047.924391 2060.610028 2049.925264 2037.338060 2031.264377 2037.886063 2060.223477 2079.655399 2084.831230 2085.357936 2086.860035 2075.591164 2069.737239 2064.387265 2061.226550 2056.347699 2052.509953 2072.262504 2089.061007 2085.992646 2061.150340 2035.168244 1995.260425 1955.109785 1923.447644 1925.467023 1920.077526 1918.273227 1902.849033 1886.556077 1871.326909 1862.102695
1954.354068 1982.250767 2002.851698 2025.571917 2024.096121 2006.422368 1996.830727 2001.989220 2016.149083 2024.893535 2042.632036 2065.258908 2095.704615 2114.547783 2131.620920 2136.788720 2129.579375 2121.534629 2109.762897 2111.580512 2132.565932 2146.329335 2158.081118 2169.851445 2184.095540 2189.277377 2186.440188 2186.523946 2190.923840 2200.819296 2212.081441 2218.975555 2223.556032 2227.918464 2220.788409 2209.825770 2205.374839 2198.021899 2193.229171 2190.867842 2195.744443 2208.761239 2204.236857 2171.897851 2142.232260 2106.202543 2066.149683 2033.091217 2017.331086 2025.504699 2015.216146 1995.282705 1976.735881 1942.810156 1928.120048
2051.351742 2087.698995 2115.758309 2130.524568 2143.069318 2135.889103 2137.324693 2142.519607 2151.360968 2156.904359 2165.456836 2198.870684 2234.059253 2262.451806 2286.819772 2295.651166 2285.322246 2276.333887 2264.776101 2256.812094 2265.010108 2282.229373 2301.130461 2318.343034 2331.292008 2335.820522 2335.672873 2336.892819 2340.119929 2343.557758 2347.359408 2354.604275 2362.309384 2372.491096 2382.618070 2375.127961 2358.056899 2347.045292 2335.168143 2331.464302 2330.286228 2329.327945 2327.757336 2314.305275 2276.351772 2244.034609 2209.592453 2181.860240 2161.225907 2149.743848 2127.771377 2101.936851 2051.475508 2009.881706 1973.862749
2165.349686 2209.073087 2240.793409 2263.643331 2279.118322 2280.859763 2284.050548 2287.063261 2293.144971 2298.369215 2304.895725 2330.018316 2370.196345 2408.827318 2439.599767 2442.520891 2432.088055 2422.077101 2413.122996 2402.217562 2400.056957 2411.309273 2425.738698 2445.020132 2457.484931 2466.906083 2466.026725 2467.254382 2469.116801 2471.548654 2473.786300 2476.697557 2485.047497 2498.525765 2511.259669 2511.728636 2496.420504 2479.617266 2463.103464 2457.725533 2452.640126 2446.188981 2445.624691 2444.743018 2431.742535 2401.784589 2361.688272 2317.845244 2292.937553 2271.643800 2256.674164 2237.655407 2203.484815 2143.440534 2106.798280
2300.411508 2332.458701 2363.970792 2395.751428 2413.843341 2420.181139 2420.175668 2421.630819 2429.610763 2435.278853 2444.336998 2461.339059 2488.988410 2520.794773 2548.867534 2565.643406 2560.776663 2546.774824 2528.493121 2522.534041 2521.871805 2525.890485 2535.016814 2546.261871 2564.453409 2582.786634 2590.074670 2591.643461 2589.081410 2592.444569 2594.330193 2594.822122 2596.956036 2603.503515 2611.915517 2614.986299 2609.065204 2590.594411 2569.371727 2556.405179 2548.465637 2543.773880 2541.883654 2543.194763 2542.425711 2527.570886 2494.415509 2452.434179 2418.886458 2397.791686 2380.630156 2363.634793 2349.123962 2321.565462 2299.702133
2425.808352 2441.920937 2469.939888 2498.301379 2522.200238 2538.311399 2541.273613 2546.262901 2551.512619 2560.778268 2576.695033 2598.719927 2615.255901 2634.581506 2657.962899 2672.077498 2677.838246 2677.832195 2676.143652 2678.557940 2679.821055 2639.855391 2645.279482 2650.565955 2662.652521 2674.451295 2679.110646 2680.049937 2678.680704 2680.645855 2681.655256 2682.133653 2682.188033 2683.509626 2687.192420 2688.791115 2687.479261 2678.601378 2688.189195 2670.409623 2658.071473 2650.146407 2641.722032 2632.461304 2621.831442 2610.610329 2590.637978 2561.018796 2526.444342 2500.620735 2488.913365 2480.223456 2470.434573 2462.399492 2444.145136
2537.894417 2550.250875 2567.950682 2589.847216 2620.994263 2642.065525 2652.968686 2661.816302 2666.599054 2679.535455 2694.280038 2685.139863 2690.874371 2696.602432 2702.202555 2704.123998 2704.764222 2704.756785 2702.925812 2703.029045 2701.826134 2698.525509 2689.491215 2691.687936 2693.875569 2696.798404 2700.703456 2699.701151 2700.912335 2704.185806 2703.022029 2697.826491 2694.563128 2693.490391 2694.651542 2702.348933 2706.109349 2707.486934 2706.117466 2705.927587 2705.727179 2703.724677 2700.882267 2696.593802 2690.914633 2698.059476 2686.215336 2660.383643 2623.791290 2584.926683 2572.457360 2569.193335 2567.580529 2563.347822 2555.630146
2662.577894 2675.923878 2690.142607 2679.849339 2695.158278 2702.904731 2706.413001 2709.404609 2711.698286 2713.383299 2710.048754 2706.609680 2701.601406 2699.861995 2698.144558 2695.373497 2695.742622 2693.760658 2689.970545 2686.613546 2680.068344 2669.625698 2658.916894 2656.328446 2660.945257 2666.185654 2670.745089 2674.356768 2677.853748 2678.720738 2674.139245 2666.688413 2660.119685 2658.970635 2666.200356 2672.470745 2678.935534 2680.512838 2680.074403 2678.875549 2679.850893 2677.903653 2678.876373 2685.849821 2699.641151 2704.018813 2707.620178 2706.669862 2695.117433 2674.321559 2673.903849 2653.419046 2656.728786 2650.844164 2638.213216
2707.435871 2709.878066 2709.205229 2707.887416 2701.794094 2695.678872 2694.496234 2697.824504 2704.042151 2704.541976 2696.885420 2687.816408 2680.065781 2672.301727 2669.276315 2667.502890 2666.338405 2666.137755 2660.695856 2652.346384 2636.516478 2625.265539 2614.376276 2608.454268 2605.613073 2609.580273 2619.458192 2629.637393 2634.225458 2626.641020 2619.252635 2608.847994 2601.612556 2602.756218 2605.359030 2615.391021 2631.360432 2638.213499 2640.198290 2635.969932 2632.128643 2627.352992 2626.135370 2633.703221 2649.380215 2665.757939 2680.480302 2689.217212 2696.719272 2703.253379 2704.443675 2705.778393 2706.044048 2703.726298 2703.293942
2705.455299 2698.987065 2692.313695 2686.984849 2680.002905 2673.749681 2671.073919 2672.203978 2673.546933 2668.717516 2660.888808 2649.388011 2637.188525 2626.224295 2618.108219 2617.590438 2618.559787 2618.820813 2611.515196 2596.452947 2578.321881 2564.857723 2550.933452 2546.688670 2540.935631 2534.665747 2544.230555 2561.624336 2567.894153 2553.462695 2543.613591 2529.766500 2523.636047 2521.187797 2523.498452 2533.836405 2555.916234 2578.515780 2581.736267 2573.436905 2565.399693 2562.706022 2561.779376 2569.075181 2587.900160 2609.843579 2626.256574 2637.116228 2643.447695 2652.009769 2661.827225 2675.068090 2688.662941 2699.734158 2706.066861
2682.832848 2674.898386 2666.853222 2658.621760 2650.663572 2643.054554 2637.292727 2633.602582 2628.683934 2620.846552 2611.784762 2592.103848 2577.857424 2563.602753 2547.521745 2541.956997 2536.463869 2536.441622 2524.260898 2514.557863 2496.998161 2481.472344 2465.410493 2453.181890 2446.656011 2439.561248 2440.246081 2453.919656 2462.124107 2450.442181 2440.739151 2429.533816 2424.996501 2422.797772 2426.244294 2438.019739 2460.541264 2480.738335 2490.226065 2484.756020 2483.699897 2485.066821 2486.276271 2494.501621 2509.335838 2530.045890 2553.329841 2572.400470 2583.691541 2592.551897 2603.508632 2619.258037 2633.777397 2647.961418 2665.261156
2650.951520 2640.987995 2630.250995 2619.467837 2607.341551 2594.224280 2585.770109 2585.278966 2576.524503 2567.941554 2546.846354 2494.502306 2472.524668 2451.641991 2433.447131 2424.775262 2414.639933 2401.231404 2390.977912 2384.448921 2381.065090 2365.678067 2347.146809 2329.495427 2323.480506 2318.509534 2304.763729 2304.398483 2305.761978 2315.041575 2308.496333 2305.280141 2305.790322 2304.505905 2308.301007 2323.205489 2335.042297 2345.073549 2353.650083 2357.378938 2368.496169 2378.882097 2388.693166 2407.943051 2423.041092 2442.337035 2466.038857 2493.416306 2510.339029 2522.283008 2535.035422 2552.106842 2569.799666 2588.234198 2611.208206
2611.158887 2594.238474 2578.634034 2562.635651 2547.720606 2532.641239 2515.671891 2513.981975 2507.957113 2495.385785 2444.659451 2399.732555 2362.980620 2342.076621 2316.296832 2300.933469 2284.612025 2250.647010 2233.338282 2228.719386 2237.409409 2230.049228 2213.429709 2199.718518 2190.105330 2181.166030 2165.065216 2150.828433 2155.557160 2170.367106 2168.548313 2169.665762 2176.270240 2176.228377 2172.783014 2176.238993 2191.415436 2200.339435 2212.933887 2229.540725 2236.694866 2251.985760 2284.703519 2301.391768 2320.056461 2343.033988 2368.027111 2394.806672 2419.933469 2437.036382 2455.065450 2476.604295 2495.752416 2518.164294 2542.644282
2552.361099 2521.959427 2499.827054 2480.255337 2458.877081 2432.083915 2408.353718 2402.376626 2392.025560 2364.413846 2311.144858 2269.332065 2239.209685 2214.008739 2187.265719 2163.091393 2128.317812 2093.215237 2070.679285 2079.651969 2087.833792 2093.007121 2079.759277 2067.341844 2056.679432 2040.067051 2023.218554 2008.718264 2017.915099 2026.261381 2039.640700 2045.106957 2049.582312 2054.682690 2054.717085 2048.901336 2051.025832 2061.343490 2073.460626 2086.842619 2106.551157 2141.641148 2169.391741 2190.573540 2214.981452 2238.670301 2265.017921 2292.716418 2319.184506 2340.012715 2362.593740 2385.932278 2410.437951 2433.545433 2460.137275
2465.050270 2435.126347 2405.983475 2379.693198 2346.419621 2300.249457 2281.514677 2268.707786 2247.883995 2202.844538 2157.373349 2125.623148 2103.754295 2076.812504 2051.525134 2021.023668 1986.367700 1960.454084 1938.770560 1946.059492 1953.695408 1968.412565 1957.474706 1947.812069 1942.476464 1926.748233 1912.514131 1896.625108 1903.202171 1913.990057 1934.188211 1939.525858 1943.874511 1952.821270 1953.024145 1950.889867 1939.441847 1948.822091 1961.187118 1977.279526 2008.541924 2034.607657 2060.671064 2085.390547 2108.980309 2135.260488 2162.709630 2190.765131 2221.342885 2245.495421 2269.029758 2294.878576 2318.884238 2339.415889 2362.055458
2342.879515 2315.535260 2291.337756 2263.608194 2220.498380 2172.966742 2131.727476 2106.967052 2058.920396 2021.461238 1990.571063 1978.132164 1959.962274 1935.930126 1913.128879 1890.489823 1864.617862 1842.313980 1816.588754 1820.092847 1833.290537 1848.018932 1845.101064 1843.161849 1840.270807 1829.457636 1815.441316 1801.487986 1804.901820 1820.883454 1838.348489 1847.333232 1854.987858 1863.341888 1864.194830 1857.172194 1849.251299 1855.859299 1872.067528 1889.956814 1911.194772 1934.857419 1958.769800 1982.126005 2007.930683 2034.574256 2061.828001 2091.287434 2122.697200 2148.026810 2176.238677 2205.280758 2227.957084 2243.006374 2258.382899
2222.036121 2198.491503 2171.626813 2141.208603 2096.465744 2052.206601 2007.238003 1961.185020 1925.084800 1892.296944 1877.316848 1857.754593 1839.840846 1821.354286 1798.790496 1779.149329 1760.827420 1737.954699 1722.889615 1728.247030 1740.734643 1749.827097 1754.026264 1751.008808 1747.880903 1740.895981 1726.771219 1719.329742 1728.377344 1743.599267 1757.987702 1769.098313 1776.328913 1782.524506 1780.408386 1772.637959 1769.231628 1778.475365 1795.192335 1810.768912 1828.386918 1851.172692 1873.997334 1898.013809 1923.279256 1948.579536 1976.526473 2005.467116 2035.274444 2065.646034 2092.821189 2117.769895 2132.379628 2147.332305 2155.566587
2080.117266 2063.500952 2035.297517 2004.319122 1970.295822 1931.638975 1901.313790 1866.942590 1834.000870 1802.034481 1774.373315 1757.647790 1747.742435 1732.235920 1712.646802 1698.984646 1681.632169 1666.765740 1668.769886 1670.116859 1679.131757 1678.328674 1678.656363 1675.562496 1674.363232 1670.763386 1662.087223 1671.239412 1678.169974 1692.186983 1702.697258 1712.482593 1718.845996 1723.163087 1724.240320 1719.606831 1725.052107 1732.565990 1747.670061 1760.270871 1775.806309 1797.552558 1816.341581 1837.422653 1861.750881 1887.056226 1913.654659 1942.122298 1972.917074 2000.886423 2023.198648 2035.206098 2049.184218 2057.080055 2053.172354
