tests/Borden05m/sims/sim_1/output-maps/psiliqL0008N0007.asc
ncols         160
nrows         34
xllcorner     620200.000000
yllcorner     5168000.000000
cellsize      0.500000
NODATA_value  -9999.0
[rows 0 to 24 of 34, columns 57 to 113 of 160]
-9999.0 -9999.0 -9999.0 -9999.0 -9999.0 -9999.0 -9999.0 -9999.0 -9999.0 -9999.0 -9999.0 -9999.0 -9999.0 -9999.0 -9999.0 -9999.0 -9999.0 -9999.0 -9999.0 -9999.0 -9999.0 -9999.0 -9999.0 -9999.0 -9999.0 -9999.0 -9999.0 -9999.0 -9999.0 -9999.0 -9999.0 -9999.0 -9999.0 -9999.0 -9999.0 -9999.0 -9999.0 -9999.0 -9999.0 -9999.0 -9999.0 -9999.0 -9999.0 -9999.0 -9999.0 -9999.0 -9999.0 -9999.0 -9999.0 -9999.0 -9999.0 -9999.0 -9999.0 -9999.0 -9999.0 -9999.0 -9999.0
-9999.0 -9999.0 -191.154859 -196.795693 -202.330655 -207.546962 -216.859275 -226.309622 -235.180097 -239.302309 -240.313893 -241.263274 -241.714888 -236.402862 -228.447316 -220.804289 -213.539765 -211.165831 -208.727163 -206.379379 -205.844432 -207.168749 -210.465877 -213.802070 -217.261198 -218.750022 -227.224572 -238.857284 -247.981721 -250.799015 -246.215188 -241.598395 -238.989353 -232.722364 -221.617032 -210.476089 -201.699613 -189.780257 -184.183830 -178.919202 -175.588559 -179.567313 -183.056364 -186.664130 -191.286643 -202.313883 -9999.0 -9999.0 -9999.0 -9999.0 -9999.0 -9999.0 -9999.0 -9999.0 -9999.0 -9999.0 -9999.0
-209.078185 -205.811008 -216.699962 -221.617949 -225.092958 -227.468916 -232.828450 -241.856661 -247.467466 -253.114157 -254.889251 -254.999263 -255.018228 -250.821042 -240.921034 -232.900915 -228.091117 -225.671973 -223.201079 -223.054202 -223.544061 -223.957897 -226.904176 -230.375828 -233.828641 -235.650182 -235.679189 -243.397509 -248.784730 -252.070678 -253.220380 -250.720988 -248.361122 -245.313143 -235.463821 -226.949582 -218.432206 -204.119063 -191.667954 -186.343302 -188.655262 -193.648855 -197.282207 -203.580570 -213.302078 -223.776805 -234.346592 -241.603633 -246.978122 -252.118695 -245.870747 -239.344749 -228.852161 -218.436681 -206.205874 -193.908726 -9999.0
-225.382914 -222.603274 -233.685791 -242.369718 -246.891075 -247.025510 -245.065406 -249.004886 -253.889367 -258.074155 -250.352789 -249.176611 -248.056298 -244.875634 -241.441701 -239.236174 -236.450642 -231.105143 -222.084581 -219.440085 -218.933643 -218.817947 -220.659793 -223.797438 -225.596311 -228.395286 -233.638217 -234.510189 -234.007086 -233.867461 -228.490099 -226.953977 -225.649978 -232.801331 -229.435560 -223.020046 -215.959659 -208.726723 -201.508411 -196.655806 -199.710458 -200.969172 -209.277253 -223.118854 -234.683779 -243.482762 -246.100118 -249.226231 -256.879765 -269.002677 -261.990842 -246.233930 -241.398980 -237.509345 -225.346469 -212.874288 -202.549274
-240.955072 -238.067928 -243.381289 -242.687972 -241.460794 -240.153941 -241.960870 -245.114985 -246.498239 -233.388648 -223.745964 -222.044018 -219.149398 -215.826491 -217.261003 -229.893649 -232.649748 -223.966530 -213.295092 -207.237458 -207.042603 -207.028737 -208.453713 -209.440757 -209.938738 -212.351688 -211.091956 -208.275322 -207.297929 -201.897926 -196.046040 -193.265732 -202.183188 -211.711608 -211.369140 -203.682893 -195.662671 -188.118647 -176.845957 -164.873974 -166.227374 -172.190037 -181.364796 -195.418875 -219.307757 -239.586892 -250.225839 -256.794941 -263.723494 -264.579340 -266.648561 -255.972321 -254.056294 -252.240727 -243.425317 -232.923631 -222.678521
-227.020300 -218.674563 -225.036563 -231.117153 -234.946525 -234.556653 -234.329236 -230.651319 -216.930502 -202.507756 -186.774087 -183.886236 -181.201614 -181.506742 -191.621741 -202.311931 -206.839081 -191.369315 -175.154809 -166.493523 -165.221114 -164.210602 -155.443146 -157.317060 -159.972611 -165.526244 -162.729080 -159.310343 -147.071614 -139.055286 -132.033473 -134.005783 -146.203497 -157.678633 -160.030043 -158.451150 -156.695670 -150.841931 -140.096707 -129.634429 -134.772135 -142.929323 -154.351158 -184.687688 -213.925197 -231.738272 -231.214990 -230.876268 -235.582176 -238.840165 -242.701877 -250.530087 -250.978199 -251.540774 -252.010888 -239.858242 -227.524666
-178.822838 -162.126210 -168.256325 -177.272368 -188.858470 -188.607849 -184.838067 -175.961413 -161.638943 -141.589852 -115.742993 -110.898872 -106.151377 -101.702309 -112.859829 -125.700588 -138.077626 -121.849355 -111.400017 -101.284200 -96.741493 -83.526255 -71.669594 -75.788616 -84.163540 -93.390069 -85.883527 -70.469399 -53.936996 -46.591880 -42.649030 -42.217032 -52.667605 -58.869974 -62.662063 -63.375273 -68.422194 -66.187406 -55.085076 -39.547533 -40.218916 -53.106430 -78.651397 -117.554344 -155.596971 -180.069875 -176.855108 -183.977394 -190.600171 -195.527243 -210.463830 -222.660473 -223.374323 -233.332258 -239.916787 -228.533559 -222.526326
-127.631670 -108.259169 -111.595803 -123.199836 -135.993443 -135.776444 -126.760895 -116.060241 -94.652185 -66.606656 -37.392449 -21.689928 -11.586310 -1.013447 -8.550581 -19.315348 -29.626308 -23.114057 -8.835241 6.094912 21.225751 38.814667 56.154542 53.448828 45.968077 45.072713 52.000537 72.287963 90.223716 97.513377 101.145232 106.167804 99.007596 89.659645 78.800182 67.826364 56.654273 48.413402 62.656106 77.018556 72.298299 42.283737 11.114804 -29.349380 -71.825643 -110.962901 -119.002419 -122.130816 -125.240662 -142.579999 -159.983332 -180.680619 -193.183334 -203.274240 -219.297096 -215.133621 -209.613439
-16.785644 6.440395 12.807188 -1.365054 -6.114848 -0.230138 13.178447 22.515944 42.477241 80.059327 125.393589 161.527764 194.343441 201.961154 188.848252 174.013058 155.196945 148.463867 166.068492 184.881214 206.360243 231.220700 258.948849 280.562704 289.126985 295.870758 303.566657 311.174489 319.793720 327.587869 334.277347 340.585761 339.823356 329.492368 319.086722 304.412721 286.581365 273.223212 266.220409 271.793597 263.643540 225.636657 180.348855 135.329225 86.994337 43.837024 12.868447 8.529805 -9.279844 -31.024395 -57.246789 -98.953489 -122.071442 -141.890036 -174.584576 -180.699766 -170.624958
132.306255 156.349429 177.481353 178.393006 182.560167 187.945475 198.200991 210.887130 234.485742 290.954577 338.820064 375.424974 402.865018 412.456506 401.777723 390.717651 378.760141 369.652758 372.944039 389.235524 409.987661 432.105876 450.911188 462.856704 468.095003 473.390424 478.604093 483.933226 487.589645 492.934829 499.195049 507.987481 518.066722 513.466756 496.867113 482.205641 463.341656 452.328659 446.887704 441.373491 436.534714 424.180785 388.348335 353.527785 311.110967 258.749262 208.609531 173.455638 144.074448 114.395749 60.921184 8.428729 -36.072850 -72.055167 -106.555183 -114.991249 -91.238261
337.884758 369.897466 387.138959 391.699422 393.641426 396.746811 404.402676 413.846677 429.697915 460.133344 499.225890 533.203247 558.132281 561.429673 553.841903 545.357444 536.720021 529.722947 528.216611 534.836705 544.571331 559.108659 571.454115 583.455752 585.718671 588.257669 589.904049 592.817358 594.906192 595.992819 600.662466 608.888073 616.568592 617.854505 608.458344 594.630807 579.360881 571.864488 565.626166 560.145544 558.339856 555.967374 549.883082 527.128243 491.375421 442.101111 403.226176 374.194093 355.875508 333.446553 299.573904 226.816613 176.682552 127.423294 79.974578 43.902685 67.550411
490.692102 520.084234 536.237047 542.340009 541.557011 542.904381 548.757859 555.227072 566.432966 582.307526 599.608197 620.165267 639.614182 653.645945 651.106419 642.631271 630.275708 628.808473 629.291418 630.976462 635.921851 640.962457 652.939431 665.605211 670.463018 671.695069 670.266419 672.592881 673.732789 673.773571 673.558766 675.578753 680.090230 681.946719 679.740693 669.124384 654.577946 642.803573 636.085414 632.956579 630.704692 630.742949 629.712898 621.883378 600.513422 570.723680 541.437403 521.311154 505.792718 489.902592 471.307761 443.700163 415.851804 380.882061 333.795153 284.067217 247.697907
584.931191 604.648452 622.286401 633.601497 635.489461 639.455544 641.948190 649.881603 662.286048 675.994621 684.284164 694.700388 710.246333 719.131208 724.458283 726.291443 727.457911 730.544782 731.450102 721.460917 723.243315 724.559876 726.858448 730.981844 732.007506 732.205667 732.096059 733.157069 733.624569 734.127299 733.867999 732.587035 732.992138 733.140313 733.176466 730.466093 728.910096 715.406971 706.042742 700.663714 694.940729 688.044320 680.623189 674.273730 664.726048 647.079973 623.878893 603.256759 595.407528 589.875313 582.115782 573.309669 557.635888 538.592158 512.368014 473.366130 427.470715
655.524159 668.605964 686.483261 698.342777 705.369845 711.491579 714.738572 724.422569 734.417992 732.527787 732.815166 733.083452 733.577779 733.504700 733.554860 733.886482 732.550935 733.370936 733.114789 729.075901 720.949211 722.622754 723.550779 725.341222 728.168020 726.440495 727.269957 730.457255 729.671994 725.213389 722.514745 721.124386 721.021560 727.517804 730.338201 731.399322 732.171664 732.574667 733.340109 733.638199 733.571760 732.934816 731.923293 731.164754 724.259373 707.739172 685.731294 661.954078 651.304051 647.423413 648.322582 645.145784 641.039726 627.843568 608.776499 581.493853 549.908817
732.511054 735.441741 737.177722 737.411644 737.286228 738.290936 739.774604 739.488072 735.901142 732.198174 727.606422 726.356639 724.914552 722.411506 723.058280 721.512848 718.713805 717.115530 713.546583 705.545867 696.271869 695.062660 699.197506 702.697114 705.263165 706.769611 709.493265 711.595433 708.540477 702.781151 697.727387 696.349680 701.812070 706.109850 709.812916 710.180362 709.360280 708.680503 710.298358 709.290802 710.306951 715.823941 726.816524 732.536001 733.051733 733.591528 732.660980 729.628226 716.528658 699.372513 702.098132 698.473295 690.070520 675.434273 660.409911 641.710077 623.421703
733.743852 731.348408 725.304288 719.389406 718.437889 721.883732 728.328989 729.835178 723.659497 716.792865 711.299100 705.924231 704.453786 703.010397 702.273018 702.748056 699.267855 695.492586 685.636550 678.545610 670.876911 666.524860 665.146282 668.792425 674.909482 680.519288 683.858582 679.717518 675.520665 668.865659 663.669547 664.802959 666.835305 673.397480 683.355379 685.449884 686.582267 684.042962 682.646641 678.968353 677.796720 682.769137 693.354043 703.290442 712.367843 718.141102 724.347831 729.810002 734.887560 734.463174 733.514299 732.359181 729.690124 718.095990 703.684680 689.055294 673.860490
715.338068 711.526977 705.901169 700.890837 699.737791 702.506595 706.075755 704.062015 699.257925 692.223170 684.740182 677.740569 673.609437 674.369623 676.185028 677.349613 673.977690 664.875831 653.914159 645.981586 636.155137 633.537492 628.699074 623.903772 630.552512 642.187661 646.323779 636.346910 630.648258 621.286790 616.950497 615.795746 617.338326 624.781722 640.185173 655.395903 657.148493 651.177747 645.715063 643.356155 641.618427 646.357881 659.572844 672.756589 681.479846 686.691497 689.551845 694.872830 701.047313 708.573635 717.231795 724.491309 731.932228 732.561255 732.176490 731.590273 719.952257
697.712337 693.079403 688.727610 684.749249 681.941327 680.503256 679.331059 675.354121 671.571862 664.311461 656.552407 648.118953 636.698834 633.427939 630.887742 633.137165 625.026609 618.481566 604.925270 594.063842 580.867087 570.750363 562.206814 553.234278 554.750355 566.151927 573.652244 561.505758 554.328513 544.450354 540.620610 539.115715 541.529947 551.653485 574.119655 593.486461 602.365761 598.400115 595.818055 595.323420 595.287513 599.122845 610.768672 625.902233 640.664900 650.792998 656.200355 660.701287 666.822389 675.774419 683.631480 691.117587 701.214890 714.067737 724.382910 731.412919 735.675635
678.760237 673.509110 666.932978 659.526909 655.438741 656.852124 651.280377 646.681939 637.898824 601.340963 588.213717 571.787225 555.203712 546.935084 537.861695 532.053440 524.260979 519.658616 512.749520 498.010462 478.031652 454.842148 440.099263 427.832844 415.054331 418.773635 422.136038 423.822757 416.856270 410.375605 408.175000 406.992732 413.360117 432.776024 454.587104 475.735165 489.249318 491.467425 501.074389 509.377706 512.926297 528.489821 542.892222 561.257181 581.447902 601.562666 611.645912 619.006711 626.877691 637.487748 647.830737 657.536754 671.132172 686.237400 694.925641 700.755113 708.403204
654.734599 645.322645 636.135497 625.971490 615.269791 615.579836 611.406295 603.441440 568.040057 526.755901 493.386222 468.378270 434.669296 412.677751 395.365910 368.512177 353.915937 346.481466 348.620317 334.904499 310.141060 280.634558 256.259931 238.591154 217.730694 207.961137 213.484520 226.747286 218.069811 212.334423 215.122835 213.215790 214.138164 233.450477 266.867112 293.940603 314.796877 330.913117 339.579538 350.393397 378.820977 399.055239 424.348444 458.396014 489.803014 517.598723 540.076982 556.105558 571.596053 588.599603 601.372335 616.114955 631.844246 650.971147 662.102518 670.071177 676.330714
605.776808 592.021294 575.394287 554.725214 532.430507 527.539930 517.060436 494.752261 439.509632 383.606384 339.972355 302.456584 252.750493 214.140378 175.049355 134.330049 109.765192 110.985022 116.782987 111.774389 91.660551 71.524605 55.015068 37.861308 19.333502 7.598593 15.836381 25.373088 30.093628 32.053248 35.737425 37.545864 37.793108 38.855145 53.216194 68.626050 84.403453 98.663863 113.905821 147.891774 181.382313 210.693654 252.370492 302.566407 345.753246 384.082733 419.417362 451.320744 481.702364 507.556717 531.030950 552.485974 575.147866 599.159279 616.984652 627.362408 636.829540
531.204689 505.122845 471.056570 419.422956 392.883949 377.037276 359.696203 314.372325 246.840399 174.363588 128.452232 90.874953 55.248754 20.944932 -14.868986 -46.215205 -67.746962 -61.990360 -55.625026 -47.336090 -61.747406 -76.130742 -84.932718 -101.020263 -116.308137 -130.803329 -122.591083 -112.892878 -97.351728 -93.782316 -90.517637 -84.191589 -85.131215 -86.285999 -91.433245 -80.688308 -68.916163 -54.094879 -25.765920 2.246666 30.417281 56.775485 85.999187 121.497709 160.402992 202.364056 251.891441 302.004840 343.724800 380.918401 415.548591 449.127472 481.156241 511.881848 536.069034 556.146973 576.963275
398.095575 359.560922 305.084294 227.840541 172.862130 149.450473 106.456584 63.109002 12.197327 -20.561801 -47.289288 -75.575521 -101.212769 -125.320867 -154.054219 -178.752979 -202.748597 -198.930109 -186.788010 -173.290384 -181.327613 -186.572100 -190.520361 -202.719810 -216.819556 -230.625151 -226.880291 -211.985992 -195.221676 -188.553390 -182.253756 -174.737004 -174.583495 -180.725358 -188.745866 -182.620569 -168.643064 -152.107230 -129.379151 -105.456332 -81.830067 -59.408930 -33.785038 -5.652281 24.165095 57.654333 94.989464 128.623921 167.937415 210.833255 254.846832 296.543542 333.937103 372.693735 403.229635 439.146299 475.447385
212.434938 165.284858 107.754732 49.402024 -3.142008 -44.338911 -81.189942 -116.643886 -140.451418 -162.802290 -183.577132 -203.804208 -225.617533 -246.291652 -266.592800 -289.033113 -309.179594 -303.826638 -290.058734 -277.298603 -275.513855 -278.702648 -281.942473 -290.125834 -303.958936 -315.944292 -307.730098 -291.970437 -276.486771 -266.647203 -259.978754 -253.637207 -256.410728 -264.631795 -271.673552 -263.756141 -248.226008 -232.887184 -214.645026 -192.687152 -170.552066 -148.195039 -124.425744 -100.065934 -72.830044 -44.082712 -14.042697 16.439479 46.717689 77.760003 99.906501 124.427362 147.448782 179.586635 217.476487 266.922548 319.785785
31.006341 -4.541376 -44.904686 -90.059383 -125.619237 -159.899222 -192.358790 -224.082918 -249.931123 -268.751176 -279.709383 -295.143971 -315.133564 -329.280855 -346.613114 -366.421807 -368.132067 -364.129496 -351.269488 -348.619335 -347.856465 -350.884430 -352.027446 -357.032412 -369.215525 -363.677495 -355.658915 -340.317937 -329.081407 -319.635421 -313.231798 -308.980059 -309.675014 -317.105252 -314.576581 -307.195507 -292.304378 -280.223384 -264.570173 -243.343156 -225.539992 -205.604225 -183.106566 -159.672642 -134.691631 -107.964138 -78.936615 -52.012455 -29.020134 -15.350298 -0.139881 11.716524 13.027680 34.495827 58.669385 86.886511 125.922505
