tests/Borden05m/sims/sim_1/output-maps/psiliqL0013N0019.asc
ncols         160
nrows         34
xllcorner     620200.000000
yllcorner     5168000.000000
cellsize      0.500000
NODATA_value  -9999.0
[rows 0 to 24 of 34, columns 56 to 111 of 160]
-9999.0 -9999.0 -9999.0 -9999.0 -9999.0 -9999.0 -9999.0 -9999.0 -9999.0 -9999.0 -9999.0 -9999.0 -9999.0 -9999.0 -9999.0 -9999.0 -9999.0 -9999.0 -9999.0 -9999.0 -9999.0 -9999.0 -9999.0 -9999.0 -9999.0 -9999.0 -9999.0 -9999.0 -9999.0 -9999.0 -9999.0 -9999.0 -9999.0 -9999.0 -9999.0 -9999.0 -9999.0 -9999.0 -9999.0 -9999.0 -9999.0 -9999.0 -9999.0 -9999.0 -9999.0 -9999.0 -9999.0 -9999.0 -9999.0 -9999.0 -9999.0 -9999.0 -9999.0 -9999.0 -9999.0 -9999.0
-9999.0 -9999.0 -9999.0 825.638640 820.227863 815.133241 810.407207 801.683206 792.684026 784.531133 780.820591 780.178150 779.659630 779.533040 785.031123 793.274889 801.145839 808.524159 811.142333 813.774989 816.190506 816.837859 815.751151 812.646390 809.460588 806.152860 804.712910 796.698146 785.379869 776.623959 773.904642 778.339735 782.803768 785.275647 791.083149 801.760925 812.498475 820.954235 832.730457 838.390909 843.300719 846.005651 841.593953 837.703116 833.542978 828.125489 816.883106 -9999.0 -9999.0 -9999.0 -9999.0 -9999.0 -9999.0 -9999.0 -9999.0 -9999.0
789.060025 809.255579 812.673582 801.495500 796.696119 793.573113 791.713092 787.049559 778.621030 773.616280 768.495441 766.928255 767.279193 767.629922 772.007705 782.405714 790.604604 795.585520 798.306871 801.111491 801.012389 800.661832 800.496485 797.748357 794.435980 791.141791 789.425490 789.916114 782.385948 776.953834 773.571889 771.925541 774.429693 776.783368 780.120818 789.547429 797.636363 805.718753 819.915557 832.180532 837.204347 834.405742 829.050237 824.838851 817.714085 807.256985 796.600233 786.651710 779.322231 773.421527 767.336455 772.952038 779.183287 788.720831 798.122015 809.852958
773.986046 794.342765 797.412830 786.880623 778.808092 774.006160 774.438219 777.253122 774.020297 769.705412 765.065500 773.897872 775.512625 776.961406 780.518893 783.846594 787.173037 790.132363 795.709986 804.922889 807.854327 808.585414 808.897260 807.206958 804.201599 802.487078 799.819048 794.711438 793.694699 794.043514 793.829192 798.797716 800.265319 801.935039 795.190509 798.656365 804.764301 811.504112 817.923115 824.445490 828.193960 824.589599 823.255399 814.312697 799.907686 788.212149 779.214999 776.843082 773.153205 764.793699 751.589347 758.189101 773.241860 777.382756 780.314141 791.639738
769.480185 781.572338 784.880684 780.170653 781.752386 783.595642 785.360552 784.095072 781.452189 779.865309 792.766093 802.575053 804.768344 808.046674 811.985365 811.623559 799.960255 797.769563 806.278216 816.857806 822.900231 823.366319 823.502359 821.615537 820.715206 820.406812 818.293638 819.142743 821.671843 821.745415 826.432212 832.090738 834.945768 827.089338 817.873826 818.577142 826.187995 834.194760 841.381608 851.855464 862.901303 861.435492 855.219540 845.487053 831.125924 806.916391 786.660997 775.115825 767.306901 759.446050 758.776025 755.092546 765.712972 766.781821 768.068027 775.788201
776.121396 797.742714 806.062855 800.539241 795.810280 793.368098 794.459037 795.023357 798.481627 811.409565 825.650552 840.623026 843.871459 846.869063 846.825111 838.072148 828.104734 824.568613 839.554930 855.999602 864.587384 865.562972 865.161868 872.247225 870.958631 869.263628 864.456394 866.647390 868.346975 878.451149 886.183680 893.281342 891.428244 879.335506 867.752112 865.986700 868.497208 871.529062 877.542192 887.577040 896.994940 891.413818 883.517896 872.570532 842.975308 814.873106 797.113399 796.405550 795.704989 789.977869 785.965296 781.866589 774.071833 772.808413 771.264758 770.032835
826.858883 847.421901 863.770080 858.529057 850.879672 841.101114 842.101694 845.630789 854.272634 867.905123 886.056878 910.690877 914.229881 918.009014 921.254159 910.489084 898.517726 887.635992 905.593092 916.137660 925.219109 927.437183 937.661596 947.736125 943.297324 935.357923 925.277343 931.761250 943.874639 959.145480 966.045510 969.915328 968.724014 957.585595 951.617186 949.724504 951.435877 948.619205 952.775616 962.784481 977.434294 976.320289 966.322162 942.654233 904.544468 868.936232 847.257157 851.570955 843.652808 835.849145 831.018588 816.012889 804.066825 803.053835 792.573904 785.560364
876.508013 895.641243 914.602349 910.508808 900.398559 887.676250 887.728592 895.839123 906.536020 926.236608 949.899623 974.530705 983.717345 987.702829 997.751227 991.786950 982.839607 974.898205 986.012903 998.428095 1010.553201 1020.736585 1033.681198 1045.333634 1036.022769 1024.269023 1019.348973 1024.641095 1044.278370 1061.475705 1066.693545 1068.078736 1070.897315 1061.982767 1055.087774 1047.968416 1042.269714 1036.030168 1031.596225 1049.167975 1064.985781 1062.641355 1038.557834 1013.455040 976.170127 937.274382 903.844368 901.826925 898.000275 895.736636 879.557050 862.878773 845.114031 834.342298 824.177248 809.028635
969.075422 990.743050 1012.504967 1014.208826 998.285073 991.113515 996.346108 1009.371832 1017.012283 1032.839549 1057.639234 1089.881320 1111.825502 1131.444985 1136.263001 1128.414051 1119.938986 1107.238414 1105.383240 1122.384986 1134.522178 1145.360741 1156.196312 1168.545031 1174.133576 1171.701158 1171.307868 1174.523781 1181.468574 1190.285785 1196.979805 1202.378648 1207.873578 1204.327624 1194.067022 1187.274227 1178.136450 1170.920302 1167.953234 1169.893165 1180.178121 1177.567928 1151.217420 1123.575943 1090.907237 1053.169193 1021.001451 1002.498465 1007.115621 994.805724 975.363501 954.489773 918.345204 900.587163 883.557905 853.380097
1072.995958 1101.289660 1116.560572 1130.309354 1126.150021 1128.234613 1132.621999 1140.275169 1145.757716 1154.071164 1186.718392 1221.667346 1251.124017 1275.592073 1284.715563 1275.157717 1266.003274 1254.602529 1245.563800 1249.723392 1263.969453 1280.458091 1295.936512 1306.979018 1310.568955 1309.391166 1309.700118 1311.680339 1314.689394 1317.656072 1323.650541 1330.763654 1340.600114 1351.361935 1345.432508 1328.553847 1315.869495 1301.705072 1296.142039 1294.079932 1291.744799 1291.050385 1282.965619 1251.415485 1222.576667 1190.124660 1160.706251 1139.017740 1124.267473 1103.865290 1080.428617 1033.820315 992.787284 957.143288 929.181483 900.323229
1189.220586 1220.052074 1244.205099 1259.613959 1262.912384 1265.759546 1268.952291 1275.399482 1281.161454 1288.745234 1311.368254 1348.476808 1385.389907 1415.244558 1419.846439 1411.248215 1401.475525 1391.538868 1381.270408 1378.101945 1385.808921 1396.707601 1412.441279 1423.584800 1433.003472 1432.250902 1432.630160 1433.043008 1435.062060 1436.857371 1438.777139 1445.670659 1457.256591 1468.185174 1468.997882 1455.527212 1438.239149 1420.445327 1412.625939 1405.997048 1399.640949 1399.179647 1399.257741 1391.393841 1365.998685 1329.939066 1287.253630 1260.372371 1238.553206 1224.543272 1207.632684 1181.342370 1129.954625 1099.114576 1063.930681 1029.713039
1303.242533 1332.791543 1363.249789 1382.136507 1390.254591 1391.302368 1394.009170 1402.110451 1409.004601 1419.496068 1436.184440 1459.802165 1488.575787 1515.431693 1533.157556 1530.086482 1518.140680 1501.392214 1496.412710 1495.208804 1497.120347 1503.467971 1511.165889 1526.163609 1541.538213 1546.701015 1547.344146 1544.920256 1546.953100 1548.065204 1548.155613 1549.208778 1553.853467 1560.689981 1562.974883 1557.902762 1541.673401 1521.222077 1506.342575 1497.131465 1492.084212 1489.601203 1490.366846 1489.377396 1477.070053 1447.932650 1409.812499 1376.135104 1353.550787 1336.683035 1322.116189 1310.131335 1290.139329 1271.607461 1240.687114 1197.404936
1406.019962 1431.714480 1458.373523 1482.626531 1499.351421 1503.962821 1510.354421 1515.991766 1526.316851 1542.040145 1560.951375 1574.882860 1591.791151 1613.189650 1626.094883 1632.158421 1632.759251 1631.639547 1633.357821 1633.346394 1607.336265 1610.043298 1612.686046 1619.508573 1627.193332 1629.594208 1629.738718 1628.631087 1629.675909 1630.033080 1630.234365 1629.967265 1629.963147 1631.997013 1632.615186 1631.293947 1624.353816 1626.763145 1609.438854 1597.166272 1589.364336 1581.441687 1572.714236 1562.927779 1552.908421 1536.279138 1509.092582 1475.644870 1448.063828 1435.707971 1428.057977 1420.394900 1413.957552 1397.981810 1376.043651 1345.213052
1510.397758 1526.492627 1546.657157 1573.812667 1592.795637 1603.579512 1612.581296 1617.904930 1630.355967 1643.616135 1638.724168 1642.404991 1646.265573 1650.166498 1651.729735 1652.272716 1652.096239 1649.681891 1648.945346 1646.800919 1641.701648 1631.858038 1632.917897 1634.045540 1636.224882 1639.468331 1637.969176 1638.760239 1641.605716 1640.164586 1634.842037 1631.405066 1629.907142 1630.347907 1637.305132 1640.221427 1640.744905 1639.462629 1638.479752 1637.803334 1636.243401 1634.425645 1631.903779 1628.571208 1631.468638 1621.144232 1597.786210 1564.879468 1530.052370 1515.714627 1510.757646 1510.243577 1506.425791 1499.377202 1480.260071 1452.864901
1621.515753 1634.676014 1632.259220 1642.047325 1647.268321 1650.000479 1652.913762 1655.562805 1656.792244 1653.582966 1650.001258 1645.120397 1643.645800 1642.203467 1639.698529 1640.106479 1637.799085 1633.376892 1629.158122 1621.947537 1610.540776 1598.607094 1595.527782 1599.610924 1604.181760 1608.130577 1611.021351 1614.124944 1615.145825 1610.558802 1603.009959 1596.229141 1594.454061 1600.872044 1606.361589 1611.506381 1612.155402 1610.832871 1608.974804 1609.424696 1607.403763 1608.416734 1615.330759 1628.804143 1634.796763 1637.261488 1636.650865 1629.282522 1616.107950 1608.198310 1588.504758 1591.359583 1586.132209 1574.063998 1552.694654 1528.672353
1647.323610 1646.912002 1645.247374 1639.443835 1633.786746 1633.128761 1636.944400 1643.575155 1644.610703 1637.353452 1628.654899 1621.139899 1613.830560 1611.156681 1609.377382 1608.161598 1607.564428 1601.507238 1592.816300 1576.635120 1564.194307 1552.243324 1545.592698 1543.161586 1547.627331 1556.888118 1565.979528 1570.331727 1563.696916 1556.492130 1546.236024 1538.526746 1538.936907 1541.292648 1550.223243 1563.965537 1568.571974 1569.488703 1564.871147 1561.014063 1555.957085 1554.898530 1562.633323 1578.259608 1593.935871 1607.821055 1616.197092 1623.680835 1630.215128 1633.918291 1635.026756 1635.491147 1634.272621 1632.548539 1617.075119 1596.115287
1632.585516 1625.818127 1620.494091 1613.616900 1607.649763 1605.612733 1607.613165 1610.008273 1606.158600 1598.861127 1587.959265 1576.219555 1565.667922 1558.658336 1558.557720 1559.800492 1559.790592 1552.531978 1537.339254 1519.261597 1505.082678 1490.590449 1485.994686 1480.666832 1476.065857 1486.095466 1502.591383 1508.496621 1495.206429 1485.632367 1471.892109 1464.902239 1462.076084 1463.750279 1473.159287 1492.842907 1512.117408 1513.725240 1504.766678 1496.156119 1492.393323 1490.960668 1498.484015 1517.386607 1537.917911 1553.300285 1563.573438 1570.060017 1578.975257 1589.109982 1601.773104 1615.202328 1626.405156 1634.929131 1638.884902 1636.981097
1604.169914 1595.826959 1587.600204 1580.000875 1573.255350 1568.415542 1565.637566 1562.289419 1555.637489 1547.870517 1532.611050 1519.610101 1506.832798 1492.457410 1488.242331 1484.470578 1485.251836 1473.356962 1462.368510 1443.240548 1427.198685 1411.096240 1400.133940 1393.889768 1387.666671 1391.247640 1406.119544 1414.834149 1401.833215 1391.828258 1379.472365 1373.712437 1370.689730 1372.784253 1383.140692 1405.152389 1423.922524 1431.297967 1424.142165 1420.044667 1418.828887 1418.835411 1425.658586 1440.917971 1461.433860 1483.055779 1499.947613 1510.331519 1519.162191 1530.266069 1545.542670 1560.265248 1574.918826 1592.485323 1612.778883 1627.580625
1566.324026 1555.782234 1545.564202 1534.519470 1523.391956 1516.590987 1517.099732 1509.849527 1502.808532 1486.546753 1439.639765 1420.887956 1402.327128 1386.426500 1379.991724 1371.901156 1362.873660 1353.080075 1345.873846 1338.810278 1322.932239 1305.159192 1288.591413 1283.003200 1278.478622 1268.787895 1272.688846 1275.502165 1280.198661 1273.160504 1267.901314 1266.240063 1263.992363 1267.276025 1280.980134 1292.780689 1302.954383 1309.620385 1309.233455 1316.978309 1324.097980 1329.386065 1346.146562 1360.359248 1378.676215 1400.828829 1425.299177 1439.682026 1450.416130 1462.529072 1479.213548 1496.900370 1515.363880 1538.611348 1563.889395 1580.519767
1519.729923 1505.418194 1490.823288 1477.599621 1464.394742 1450.547200 1450.654532 1446.490430 1437.259767 1394.882111 1352.357044 1319.506215 1300.901338 1278.310958 1266.255692 1254.200558 1226.673479 1211.730991 1205.606876 1210.729440 1201.146481 1183.970809 1169.746416 1161.184595 1153.994484 1140.542131 1130.848818 1135.516170 1148.104164 1144.253173 1143.204460 1147.769881 1146.363694 1142.992075 1148.133359 1162.536639 1170.801467 1181.164662 1193.638919 1198.865274 1209.414314 1236.989673 1251.677699 1267.888677 1288.877140 1311.646390 1335.357938 1356.883236 1371.447852 1387.349545 1407.329272 1425.399559 1447.342462 1471.888282 1501.500081 1522.309649
1451.154624 1431.283572 1414.261489 1396.374330 1374.805927 1353.832319 1350.710330 1343.055586 1322.620889 1275.833241 1235.673995 1206.083133 1183.540443 1159.128061 1139.560758 1111.309952 1079.372883 1058.795423 1064.605638 1071.773880 1073.088271 1059.081716 1046.230921 1035.826309 1021.453306 1005.804839 993.775641 1002.435357 1010.992186 1020.252295 1024.183999 1028.058214 1031.036978 1030.098840 1025.466387 1030.184994 1039.325323 1050.139114 1061.435122 1076.420937 1107.106918 1132.641497 1151.075245 1172.887246 1194.253423 1218.256962 1243.424002 1266.431592 1284.057427 1303.948637 1324.531378 1346.833991 1368.964027 1395.055264 1425.445461 1451.144330
1374.065774 1347.288898 1324.437177 1297.292429 1257.814813 1242.493868 1233.159950 1219.086556 1181.689707 1139.207347 1105.431488 1082.266137 1057.383608 1033.459013 1006.003329 974.245876 947.937061 927.590919 934.323480 941.316326 953.037930 941.218703 930.198328 923.983125 908.895304 894.857883 880.185390 887.585972 897.696429 915.419926 919.822748 923.447350 930.716988 929.857988 927.489735 918.286783 927.188064 938.142323 952.537881 981.114376 1006.667511 1031.745528 1054.361973 1076.063314 1099.970165 1125.360644 1151.078262 1178.218142 1199.262806 1219.910404 1242.979085 1264.786926 1284.489471 1306.773662 1334.375274 1358.656138
1268.246543 1245.803830 1221.395472 1184.467660 1140.856169 1106.118749 1088.838999 1049.517337 1015.435006 981.534841 965.111370 946.673110 923.373037 901.365591 879.611601 853.458721 830.708970 806.313651 809.929967 822.401751 836.353299 831.024937 827.599539 824.329135 813.063250 799.277018 785.648070 789.252159 804.583330 821.554926 829.294971 836.120533 843.807868 844.064154 837.248666 829.049781 835.043881 849.724127 866.540780 888.135723 911.513664 934.699469 956.737496 981.074152 1006.381991 1032.157243 1059.830136 1088.626899 1110.932789 1136.497009 1162.802685 1183.823006 1197.590733 1212.959457 1238.333806 1258.369181
1163.806706 1139.207702 1112.284542 1071.428176 1029.220561 986.396706 946.276985 912.600655 881.051000 863.784590 844.490352 826.311386 807.807515 786.265335 766.546952 747.548556 725.177835 707.808527 713.032912 725.913267 736.642357 739.582693 736.480609 733.307064 725.807645 712.000025 702.448463 711.018963 726.362960 741.161946 751.535875 758.371053 764.488164 761.931607 753.870861 748.589030 757.010301 772.959132 788.324792 806.212785 828.546699 850.927392 873.954309 898.171567 922.540423 949.425361 977.228220 1005.577820 1033.759269 1059.446367 1083.310408 1096.529713 1109.922120 1118.888310 1136.564823 1156.605924
1041.057442 1015.063681 986.468832 953.023002 914.134539 883.183302 850.215997 818.517119 787.494337 761.377108 744.064341 733.945213 718.781155 699.288284 685.558669 668.389569 651.230446 651.358633 653.929460 664.683673 665.531597 666.036820 662.973724 661.789554 657.526369 647.211065 654.531045 661.935418 676.479109 687.244622 696.758411 703.043904 707.225894 707.347647 701.302159 705.214466 712.558299 727.439488 739.754713 755.361661 776.877854 795.251970 815.823378 839.234304 863.584140 889.285951 916.711938 946.318035 973.267289 995.156091 1006.876283 1019.859893 1027.686357 1024.063636 1040.159202 1057.216755
