tests/Borden05m/sims/sim_1/output-maps/psiliqL0026N0009.asc
ncols         160
nrows         34
xllcorner     620200.000000
yllcorner     5168000.000000
cellsize      0.500000
NODATA_value  -9999.0
[rows 0 to 24 of 34, columns 55 to 109 of 160]
-9999.0 -9999.0 -9999.0 -9999.0 -9999.0 -9999.0 -9999.0 -9999.0 -9999.0 -9999.0 -9999.0 -9999.0 -9999.0 -9999.0 -9999.0 -9999.0 -9999.0 -9999.0 -9999.0 -9999.0 -9999.0 -9999.0 -9999.0 -9999.0 -9999.0 -9999.0 -9999.0 -9999.0 -9999.0 -9999.0 -9999.0 -9999.0 -9999.0 -9999.0 -9999.0 -9999.0 -9999.0 -9999.0 -9999.0 -9999.0 -9999.0 -9999.0 -9999.0 -9999.0 -9999.0 -9999.0 -9999.0 -9999.0 -9999.0 -9999.0 -9999.0 -9999.0 -9999.0 -9999.0 -9999.0
-9999.0 -9999.0 -9999.0 -9999.0 3398.180049 3392.872688 3388.090650 3383.557448 3375.034758 3365.694976 3357.804340 3353.585860 3352.382702 3351.499509 3350.819086 3355.625039 3363.617623 3371.166694 3377.979009 3380.307208 3382.593774 3384.389884 3384.567478 3383.376576 3380.089845 3376.722064 3373.290644 3371.553153 3364.174162 3353.030059 3344.708445 3342.008799 3346.173713 3350.506613 3352.962569 3358.134094 3368.511350 3379.107056 3387.663671 3400.234106 3407.261774 3412.623461 3415.233261 3411.274836 3408.038312 3404.098424 3397.983405 3386.904003 -9999.0 -9999.0 -9999.0 -9999.0 -9999.0 -9999.0 -9999.0
3343.081124 3361.420452 3382.306139 3385.385146 3373.703834 3368.605804 3365.435689 3363.730258 3359.440029 3350.898503 3345.725749 3340.182517 3337.465663 3337.396352 3337.198492 3340.778127 3351.454762 3359.164975 3363.643028 3366.201410 3368.971240 3367.323022 3366.471637 3366.177884 3363.214313 3359.670249 3356.234035 3354.332486 3355.753954 3348.130442 3342.108752 3338.189753 3335.215304 3337.946183 3340.634516 3345.220690 3354.384134 3362.288129 3370.266664 3385.429524 3398.631700 3404.355458 3401.849126 3397.308106 3393.543037 3386.178016 3375.489425 3365.536150 3357.457950 3351.416474 3346.131233 3339.790526 3346.293915 3354.250578 3363.644917
3326.242408 3345.319600 3365.671677 3368.164854 3357.856695 3350.085197 3343.185609 3343.639644 3347.067790 3343.760250 3338.857610 3330.969621 3340.894071 3341.787411 3342.376753 3345.450301 3347.215743 3352.237245 3354.553668 3359.788837 3368.665984 3371.381032 3371.723913 3371.679359 3369.610194 3366.275162 3364.235931 3361.368769 3356.028363 3354.175474 3353.776104 3352.450270 3356.507487 3358.015869 3360.930425 3355.453511 3359.891005 3366.158574 3373.144943 3378.684625 3384.827205 3387.392739 3384.157226 3384.820533 3376.587659 3363.029821 3353.275887 3345.914906 3346.247438 3343.395909 3335.575722 3321.961885 3330.382707 3346.603606 3351.488007
3330.373391 3339.162051 3349.590959 3351.984002 3346.862476 3348.989291 3350.679938 3351.780759 3349.811776 3346.154013 3341.642535 3351.914774 3360.065305 3361.306827 3363.596219 3367.414895 3368.153881 3357.194125 3355.060612 3362.215719 3371.751026 3376.786069 3376.857270 3376.383342 3372.596987 3371.342376 3371.048823 3369.172977 3368.576572 3370.056494 3367.552509 3370.438059 3375.871490 3379.138464 3373.973831 3365.589682 3367.864039 3376.345232 3385.464932 3393.084987 3403.284807 3414.104971 3414.456343 3410.033755 3401.637895 3389.314730 3367.027490 3349.653896 3338.812770 3330.939425 3323.799663 3326.920549 3322.345753 3336.300839 3338.215813
3315.675089 3336.224017 3356.101804 3361.810684 3355.690504 3351.849880 3350.502512 3351.009301 3349.901223 3350.201834 3358.739027 3370.340586 3381.323739 3383.146390 3384.808191 3383.397478 3375.822072 3365.427583 3362.669508 3375.803967 3392.369792 3400.110702 3399.506362 3395.063511 3398.057016 3398.115612 3398.571168 3395.172642 3395.832463 3393.348484 3398.694480 3406.330912 3414.270287 3412.905257 3400.530534 3388.216796 3388.182523 3393.683899 3400.680122 3408.299806 3418.489898 3427.660143 3422.943704 3417.912696 3410.693064 3385.255820 3362.849278 3348.740387 3349.234313 3350.157309 3345.892846 3344.037701 3343.310378 3339.385439 3339.758720
3351.226219 3370.239379 3390.232685 3403.005009 3396.703731 3389.124587 3380.585464 3380.650135 3380.894542 3386.556357 3396.731174 3409.260409 3430.758525 3430.047769 3430.342594 3428.899074 3415.917622 3402.647048 3392.630778 3414.627852 3425.582362 3432.643182 3429.963961 3434.967840 3443.525710 3439.909948 3433.595087 3421.502732 3427.059464 3433.470263 3448.566806 3456.471800 3461.737670 3457.155908 3443.277401 3436.532397 3438.090085 3444.593498 3445.828925 3454.530266 3463.331906 3478.304806 3477.059765 3473.880260 3454.154048 3417.325752 3388.219076 3375.855836 3387.372645 3381.884147 3375.684098 3375.749864 3364.880910 3357.871667 3360.595493
3382.830932 3396.085755 3412.132887 3428.501367 3419.497736 3409.241247 3392.648271 3389.404557 3393.438996 3403.457385 3420.800028 3438.596157 3458.351780 3456.903304 3450.227691 3459.781406 3452.749102 3441.874016 3434.324898 3455.689225 3465.722729 3475.883021 3481.543977 3494.128225 3504.510408 3487.971109 3470.895430 3460.469596 3467.463305 3493.014246 3515.386852 3520.170719 3519.231298 3518.663595 3503.374967 3498.557418 3495.173571 3495.546698 3492.955426 3491.125695 3516.491505 3538.077621 3537.931056 3516.504984 3493.895974 3454.449952 3416.854803 3392.687610 3405.803371 3402.603211 3406.050378 3396.115739 3384.569671 3377.586524 3375.292828
3432.563551 3453.990820 3470.251341 3491.969417 3482.784810 3459.653144 3443.566252 3446.054067 3459.481278 3467.435318 3485.785927 3502.779743 3528.490488 3540.513260 3551.666023 3555.561105 3548.473904 3539.909881 3527.883860 3533.115163 3556.983864 3568.583478 3576.879896 3585.245940 3597.863596 3598.212128 3591.280512 3589.427442 3593.784306 3607.257873 3621.712081 3628.450980 3631.502914 3634.113910 3620.894617 3608.003829 3606.010575 3600.576594 3599.369903 3598.622473 3610.128006 3630.725286 3627.568568 3591.111211 3564.360641 3529.417030 3491.146032 3461.929238 3455.920318 3475.078605 3473.071205 3457.020020 3446.709521 3420.933618 3415.988303
3501.625704 3534.461879 3558.717352 3568.867220 3576.217252 3561.366869 3559.213757 3563.317002 3571.635640 3574.699549 3581.070001 3613.407249 3647.141727 3672.086441 3694.806631 3701.943991 3689.606815 3679.813258 3666.272154 3657.462700 3668.528822 3685.800690 3703.464559 3718.376102 3729.699981 3731.766956 3730.180914 3730.234957 3733.352211 3736.351472 3740.674882 3749.174043 3756.828600 3765.483414 3773.493058 3763.024653 3746.039220 3736.803147 3727.834632 3727.094705 3728.531087 3732.453729 3733.568453 3716.791299 3674.714026 3643.099777 3611.018351 3591.543292 3578.446200 3578.389283 3560.294655 3536.046888 3484.743915 3447.584820 3416.470571
3587.256776 3631.376712 3660.609444 3677.677747 3690.332174 3687.237726 3689.050728 3690.032324 3693.715600 3696.022073 3698.667511 3725.544906 3767.271925 3806.764950 3838.093034 3837.884423 3824.037194 3812.665945 3803.564060 3789.093178 3785.137499 3797.892327 3813.430223 3833.852561 3844.283714 3850.312019 3846.949247 3847.167832 3849.010105 3851.369210 3853.528805 3857.221077 3866.966049 3882.167172 3896.790940 3895.881267 3876.753595 3858.742904 3842.734465 3840.369088 3838.004930 3833.098723 3835.511877 3837.433179 3821.343872 3789.856581 3749.873331 3709.471142 3692.920506 3677.901281 3667.062966 3650.127744 3609.346580 3542.485889 3503.006471
3702.537327 3736.934577 3766.040975 3796.392043 3811.185999 3813.292999 3810.664086 3809.410971 3816.435300 3819.076772 3824.618605 3841.220967 3873.752449 3909.572560 3939.476626 3954.872936 3946.925523 3928.739679 3906.307942 3896.297844 3893.316065 3897.008158 3906.670701 3919.770961 3939.512179 3959.138352 3964.946686 3965.840136 3963.143922 3965.593658 3967.186597 3967.310091 3970.327737 3979.030072 3989.068311 3992.489218 3984.551079 3963.203776 3939.500003 3928.209172 3921.762608 3918.374915 3919.485415 3924.788292 3928.144455 3913.155712 3877.128832 3832.254339 3802.300912 3787.298468 3774.554057 3760.423905 3747.879779 3714.470919 3693.340499
3811.963008 3827.355384 3855.827466 3884.838819 3907.502108 3922.182461 3922.444337 3925.380953 3930.173530 3937.420888 3952.518219 3976.145619 3995.553638 4018.594006 4045.584319 4062.118381 4067.369643 4065.584844 4061.345430 4062.508681 4062.877096 3997.311211 4003.821849 4010.315373 4028.157707 4044.119036 4049.918537 4050.584131 4047.928545 4049.820806 4050.619590 4050.497176 4050.122579 4052.617979 4057.916964 4059.942216 4057.438492 4044.354521 4063.704742 4043.417609 4029.808358 4021.518948 4013.206608 4004.939044 3995.477446 3985.521388 3965.144488 3933.905910 3899.337865 3878.041262 3870.231135 3864.085003 3855.443318 3849.666760 3832.475575
3910.838180 3921.429099 3939.867790 3962.860959 3997.351442 4021.149007 4032.662649 4042.063781 4046.755325 4060.856226 4077.785692 4060.968774 4069.667834 4078.669749 4087.614103 4090.685670 4091.565131 4091.159324 4088.750535 4087.939321 4085.458511 4082.062341 4071.514911 4073.133578 4075.116652 4077.748547 4081.501427 4080.411498 4081.537297 4084.496908 4082.714431 4076.621725 4072.502917 4070.926355 4071.966128 4079.432353 4082.952499 4083.924960 4080.374842 4079.418930 4078.375894 4074.815048 4070.369401 4064.102346 4056.085549 4071.773757 4059.528048 4031.061414 3990.181219 3948.429194 3941.083327 3943.192810 3943.002208 3941.506684 3935.877468
4037.368216 4051.236727 4066.216701 4042.553188 4065.944879 4077.915833 4083.513243 4087.761832 4090.613423 4093.907136 4090.912595 4087.932381 4083.022966 4081.429036 4080.067413 4077.619327 4078.246284 4076.358678 4072.274552 4068.186561 4060.097931 4048.452053 4037.273849 4033.628729 4037.914006 4043.586134 4048.809388 4053.360539 4057.120461 4057.047721 4051.512656 4043.021710 4035.420790 4033.778100 4040.699570 4046.469139 4053.103191 4053.997693 4052.601426 4050.068232 4049.784869 4046.444328 4046.632074 4053.772219 4068.677562 4071.190800 4077.370422 4076.490388 4059.059687 4027.496353 4040.410375 4020.380507 4026.563306 4021.937783 4010.547831
4082.098015 4084.999330 4083.292049 4082.243078 4075.820471 4069.735122 4068.948078 4072.981067 4080.053593 4081.099536 4074.028930 4065.409840 4058.140432 4050.644720 4048.271868 4047.754501 4047.527092 4048.056821 4042.752269 4033.310593 4016.142014 4004.544203 3993.474297 3987.531535 3983.601132 3986.950509 3998.319605 4010.709175 4015.790143 4006.291107 3997.739857 3985.812239 3977.724611 3978.187162 3979.136033 3988.697794 4005.793060 4013.570203 4014.376055 4007.795017 4001.148982 3994.425708 3991.277332 3997.696406 4013.070065 4030.005600 4045.818088 4055.075594 4062.858124 4070.051598 4068.082128 4070.952293 4072.531603 4070.301829 4073.629431
4076.574852 4069.551001 4062.533550 4057.208640 4050.768049 4045.490081 4043.643906 4045.484579 4047.356623 4043.198078 4036.833460 4026.838766 4015.792243 4006.084396 3998.362158 3999.403631 4001.780498 4003.500654 3996.146016 3980.700933 3962.833975 3949.336411 3935.464245 3931.536569 3925.569501 3917.666084 3927.763729 3947.711131 3955.188204 3938.897646 3927.927595 3912.641339 3906.106528 3902.038652 3902.765741 3911.669055 3934.393252 3958.880046 3961.036630 3949.982688 3938.995999 3934.273176 3931.015712 3935.517236 3952.176179 3973.101557 3989.330565 3999.860100 4005.195717 4012.982864 4022.393713 4036.848406 4051.823014 4064.299856 4068.738594
4051.349359 4043.590373 4035.932798 4028.310772 4021.428673 4015.239213 4010.954353 4009.010943 4004.993544 3998.892628 3991.877297 3970.792183 3958.354324 3945.395318 3930.414917 3926.521257 3921.631866 3922.703485 3911.203425 3903.403371 3887.095925 3871.785067 3856.198532 3842.679727 3836.980770 3830.241879 3828.153719 3841.500712 3849.899026 3840.667111 3831.024651 3820.536335 3816.139221 3812.778398 3815.303277 3825.765492 3845.144035 3863.453488 3871.989035 3864.691855 3863.666365 3863.846886 3862.244909 3868.596846 3879.145566 3896.967704 3919.468359 3938.630826 3948.557180 3955.376252 3964.533913 3978.978304 3993.127347 4007.529050 4025.625696
4020.848214 4011.548274 4001.646149 3991.941371 3981.473668 3970.944181 3964.444365 3967.215810 3961.262129 3955.719732 3932.554992 3876.898006 3855.648980 3836.712338 3820.485558 3813.759680 3805.322369 3788.673286 3780.108740 3775.831372 3778.700965 3764.904768 3747.477517 3729.741462 3724.920420 3721.468446 3703.526163 3698.249930 3698.609026 3715.796199 3709.859274 3708.963311 3711.192589 3708.828548 3709.975906 3722.662400 3730.050095 3735.140477 3741.937293 3747.209713 3758.035497 3766.226172 3776.895279 3794.086341 3804.714895 3819.790236 3839.958779 3865.673501 3881.233630 3890.667558 3900.952668 3916.153137 3932.235087 3949.952500 3972.320602
3986.225716 3969.561167 3954.978548 3940.717009 3928.081669 3915.307394 3899.390865 3901.411075 3899.437156 3889.129680 3833.396818 3792.880950 3759.077932 3742.112866 3718.522498 3704.963903 3688.328645 3649.138539 3631.608318 3631.740359 3647.520935 3644.646956 3629.620887 3618.032509 3608.621693 3599.126624 3581.088424 3561.567749 3567.792004 3586.822654 3588.268166 3592.075392 3600.291908 3599.892822 3592.893829 3589.448438 3601.230576 3606.418024 3617.659788 3635.772236 3640.654771 3657.614167 3691.849253 3704.466454 3719.298232 3737.331054 3757.401512 3779.221141 3801.755812 3815.674610 3830.703674 3848.929125 3865.408959 3885.516195 3907.882120
3935.303268 3904.137671 3883.063009 3865.779034 3846.676973 3819.443361 3799.624800 3797.533840 3791.581446 3761.928991 3709.361364 3674.377848 3651.765771 3630.288075 3607.664141 3583.771191 3545.829881 3511.105726 3489.418251 3506.305565 3518.120186 3530.887749 3519.912588 3509.507373 3500.135963 3481.867095 3465.019925 3448.244962 3459.548106 3468.249288 3488.256374 3495.479771 3499.439385 3505.630561 3504.112966 3492.676418 3486.493130 3494.335369 3503.989336 3515.924423 3537.998229 3573.795964 3598.276811 3616.271110 3636.353373 3654.510666 3675.327931 3697.770440 3720.207945 3736.848040 3754.735024 3772.766220 3793.222299 3811.857084 3834.205639
3854.653467 3826.697668 3800.715143 3777.843140 3746.049061 3699.420252 3685.350432 3676.652902 3654.291399 3606.216032 3565.012407 3545.906176 3534.338435 3511.761596 3491.537881 3462.847377 3429.161489 3408.427769 3388.267585 3399.386623 3410.384119 3431.648537 3423.513295 3417.404604 3414.978546 3399.806393 3386.764114 3370.250302 3376.506626 3388.949225 3413.092057 3419.300451 3423.517385 3433.145142 3432.378195 3427.411405 3408.836020 3415.180713 3425.770638 3440.263227 3471.346026 3493.382714 3515.262934 3536.568271 3555.329470 3576.185729 3597.690922 3619.984491 3645.808312 3664.755914 3683.136680 3704.049998 3722.553513 3736.066089 3751.422025
3746.362390 3722.984197 3704.153747 3680.492924 3637.575915 3594.148803 3553.192700 3526.004022 3472.993065 3438.567948 3420.220425 3421.427024 3410.642597 3392.126319 3374.381490 3356.207491 3335.582436 3317.979555 3293.513755 3299.699671 3316.411316 3334.268479 3336.757188 3338.588985 3337.670937 3328.906979 3315.723619 3302.256934 3306.108621 3323.486421 3341.641971 3352.011905 3359.843464 3367.557239 3367.123284 3357.090269 3346.615233 3350.949698 3366.041044 3381.633373 3398.261968 3418.034611 3437.960381 3457.538097 3479.153458 3500.821587 3522.727893 3546.565183 3572.379443 3592.854624 3615.577809 3639.020697 3654.460759 3662.108413 3668.588426
3644.314377 3626.058667 3603.717950 3576.790201 3535.467223 3496.803532 3456.937886 3409.684440 3377.584200 3350.365309 3345.725560 3332.020252 3320.610165 3307.923689 3289.034875 3274.240860 3261.070573 3240.926505 3232.620907 3240.821074 3254.889390 3263.190746 3270.925276 3269.394815 3267.585171 3262.546610 3248.877485 3245.565163 3255.850990 3271.043211 3284.582570 3296.272536 3303.114336 3307.990227 3304.726304 3295.204117 3292.292182 3300.113110 3315.114944 3327.854464 3341.577875 3361.140698 3379.892222 3400.216609 3421.367122 3442.019332 3465.073090 3488.845109 3513.548636 3539.498556 3560.525671 3577.577817 3584.889552 3592.926667 3590.712492
3521.917349 3511.897381 3487.071816 3459.638898 3431.856105 3400.576623 3378.207325 3348.687755 3320.363380 3293.089754 3268.774201 3258.549164 3254.308946 3243.291407 3228.091087 3218.522092 3204.382041 3196.272827 3203.939819 3205.639325 3213.842624 3212.082314 3213.546616 3211.635808 3211.494112 3209.887285 3204.589962 3217.184808 3223.616657 3236.816983 3246.673755 3256.325627 3261.907072 3265.212225 3266.275400 3262.067781 3267.866508 3273.342933 3286.305403 3296.662970 3309.086171 3327.821609 3343.400556 3360.831703 3381.450625 3402.785754 3424.901580 3448.865760 3475.191418 3498.093384 3514.009060 3518.912113 3526.350980 3525.814318 3512.666502
