tests/Borden05m/sims/sim_1/output-maps/psiliqL0030N0018.asc
ncols         160
nrows         34
xllcorner     620200.000000
yllcorner     5168000.000000
cellsize      0.500000
NODATA_value  -9999.0
[rows 0 to 24 of 34, columns 55 to 109 of 160]
-9999.0 -9999.0 -9999.0 -9999.0 -9999.0 -9999.0 -9999.0 -9999.0 -9999.0 -9999.0 -9999.0 -9999.0 -9999.0 -9999.0 -9999.0 -9999.0 -9999.0 -9999.0 -9999.0 -9999.0 -9999.0 -9999.0 -9999.0 -9999.0 -9999.0 -9999.0 -9999.0 -9999.0 -9999.0 -9999.0 -9999.0 -9999.0 -9999.0 -9999.0 -9999.0 -9999.0 -9999.0 -9999.0 -9999.0 -9999.0 -9999.0 -9999.0 -9999.0 -9999.0 -9999.0 -9999.0 -9999.0 -9999.0 -9999.0 -9999.0 -9999.0 -9999.0 -9999.0 -9999.0 -9999.0
-9999.0 -9999.0 -9999.0 -9999.0 4197.054402 4191.814441 4187.197588 4182.817480 4174.441964 4165.123526 4157.451728 4153.223716 4151.998890 4151.153619 4150.448368 4155.180478 4163.226908 4170.799580 4177.553049 4179.933081 4182.216112 4183.916592 4184.036053 4182.889601 4179.611833 4176.208612 4172.785271 4170.995905 4163.845706 4152.782497 4144.616659 4141.939309 4146.028818 4150.317626 4152.752417 4157.701057 4167.949628 4178.456255 4187.020755 4199.762499 4207.113601 4212.488646 4214.912358 4210.909619 4207.675648 4203.607376 4197.107338 4185.968531 -9999.0 -9999.0 -9999.0 -9999.0 -9999.0 -9999.0 -9999.0
4142.062161 4160.375284 4181.666292 4184.730186 4172.820858 4167.674097 4164.574211 4163.027352 4158.981817 4150.551095 4145.485132 4139.979761 4137.080594 4137.049933 4136.842552 4140.324740 4151.223401 4158.908949 4163.350760 4165.973907 4168.843817 4166.823500 4165.913848 4165.665579 4162.708501 4159.153678 4155.725342 4153.812039 4155.560965 4147.945935 4141.774908 4137.714594 4134.343003 4137.139311 4139.909135 4144.844412 4153.882174 4161.675548 4169.558721 4184.975464 4198.364253 4204.166915 4201.575766 4197.075431 4193.213637 4185.536198 4174.526471 4164.622376 4157.050095 4151.222828 4145.898310 4139.234665 4145.769394 4154.027772 4163.168900
4125.253468 4144.454051 4165.010753 4167.479849 4157.338960 4149.767677 4142.348614 4142.955378 4146.737875 4143.591979 4138.710539 4130.037174 4140.514561 4141.392991 4141.907145 4144.999235 4146.429936 4152.104132 4154.348649 4159.606672 4168.511024 4171.286204 4171.627407 4171.577920 4169.480650 4166.116484 4164.038037 4161.165520 4155.809866 4153.757085 4153.180878 4151.554321 4155.352472 4156.869501 4160.133188 4154.993617 4159.667114 4165.914140 4172.899918 4178.078298 4184.027457 4186.072286 4182.739076 4183.751852 4175.396000 4161.775071 4152.302110 4145.161067 4146.078920 4143.220485 4135.285824 4121.261103 4129.964029 4146.280975 4151.152329
4129.976378 4138.840267 4149.035789 4151.382231 4146.326760 4148.798422 4150.622394 4151.715199 4149.749359 4146.026070 4140.888362 4150.645027 4158.580881 4159.803562 4162.028853 4166.010077 4167.246658 4156.639593 4154.659367 4161.547246 4170.925151 4175.813995 4175.918517 4175.395094 4171.138326 4169.863838 4169.647391 4167.915221 4166.954523 4168.201547 4164.991509 4167.392309 4172.793664 4176.226142 4171.793256 4163.584339 4166.250395 4174.904067 4184.311417 4191.955098 4201.936474 4212.499964 4213.143729 4208.921636 4200.516304 4188.360847 4166.163123 4149.244623 4138.225945 4129.954963 4122.665550 4126.587802 4121.384460 4136.030019 4137.894971
4112.780155 4134.688051 4154.419262 4159.664000 4153.645292 4150.328351 4149.561023 4150.148205 4148.818119 4148.481583 4156.046168 4167.244266 4177.453800 4179.212920 4180.780081 4179.194902 4172.115044 4161.733134 4159.361896 4172.105146 4188.965477 4196.663259 4195.780885 4190.280719 4192.167875 4192.748943 4193.947831 4191.066769 4191.365607 4187.727365 4191.746080 4199.459964 4207.713682 4206.488438 4193.951626 4181.298557 4181.665399 4187.948445 4196.026141 4203.999348 4214.075987 4222.943107 4218.151080 4213.532994 4206.884606 4182.083013 4160.731851 4147.133066 4147.441391 4148.344079 4144.026219 4142.344380 4142.177129 4138.987504 4139.442582
4147.464903 4166.169702 4186.572929 4198.723488 4192.488879 4185.263298 4177.418198 4177.532031 4177.150158 4182.339683 4191.957163 4203.308557 4224.398125 4222.877857 4222.514941 4219.945096 4206.496976 4192.982502 4183.385470 4206.829426 4218.156308 4224.863819 4220.941946 4224.580915 4232.857406 4229.610767 4223.873619 4211.250545 4216.661518 4221.498509 4236.720891 4245.069562 4250.831415 4245.194444 4230.384150 4223.262400 4225.712721 4233.506052 4235.797440 4245.713927 4253.950377 4268.756407 4267.054692 4265.376758 4246.108971 4208.825252 4180.849661 4170.480731 4183.520430 4178.080853 4171.651209 4172.557702 4162.304511 4156.184285 4159.472083
4176.098548 4188.404742 4204.229191 4220.433614 4210.430144 4200.548180 4183.152712 4179.314763 4182.574158 4192.932660 4210.175194 4226.843091 4245.771809 4241.657482 4232.203173 4241.995820 4234.903271 4223.621640 4216.364735 4241.095445 4250.662603 4260.512389 4265.070254 4277.792974 4287.968985 4269.310733 4250.667472 4238.638614 4246.293480 4273.846409 4297.988834 4302.767796 4301.175481 4299.555192 4282.216549 4277.888797 4275.460482 4277.478881 4275.774838 4274.508905 4302.034032 4325.076209 4325.127564 4303.843734 4281.156811 4240.074286 4201.858697 4179.540037 4196.388623 4192.505787 4196.846154 4187.952592 4177.103214 4172.577845 4172.042627
4220.715314 4240.439669 4255.929975 4278.405015 4266.492021 4241.644623 4223.288470 4225.433423 4239.533530 4248.178461 4267.957957 4283.248217 4307.647428 4317.257599 4326.355057 4330.397997 4323.852676 4315.484983 4303.848538 4311.453994 4337.670420 4349.353961 4357.095394 4364.887664 4377.722544 4376.548968 4368.296120 4366.064800 4370.871307 4386.470208 4402.776314 4409.622912 4412.001716 4413.716207 4397.447742 4383.613523 4382.916403 4378.398891 4378.785418 4378.440303 4392.573838 4415.972507 4412.163382 4371.959544 4344.691529 4308.121285 4268.678035 4239.335414 4236.145491 4258.780740 4258.913291 4242.835995 4234.674333 4210.988563 4208.954596
4286.354087 4319.165280 4343.112883 4352.484919 4358.532746 4340.962307 4338.038350 4342.590595 4351.668035 4354.557729 4360.913393 4393.761777 4427.725919 4451.864088 4474.578690 4481.563148 4468.720321 4458.985608 4444.982903 4436.417312 4449.778473 4468.154085 4486.332170 4501.184484 4512.665317 4514.298236 4512.610598 4512.622629 4516.148652 4519.216613 4524.028122 4533.356892 4541.215067 4549.508234 4556.622937 4544.644086 4527.445352 4519.037912 4511.381317 4511.794866 4513.950568 4519.403040 4520.619094 4500.622005 4454.634545 4421.380324 4388.534003 4371.177065 4359.747543 4363.196187 4344.741605 4319.115668 4265.170426 4228.000246 4197.114181
4369.413913 4415.584142 4445.176497 4460.800833 4473.234696 4468.736599 4470.775312 4471.626929 4475.013135 4476.785028 4478.408191 4507.073051 4550.717872 4591.517452 4623.808910 4622.579153 4607.476651 4595.867062 4587.200119 4571.573726 4567.488661 4581.889015 4598.924217 4620.835314 4631.067649 4636.055623 4631.884922 4632.060411 4634.368277 4636.868601 4639.178773 4643.451985 4654.103879 4670.423401 4686.143637 4684.607051 4663.574727 4645.106202 4629.339955 4628.287043 4626.854203 4622.011951 4624.907554 4626.942621 4607.789248 4573.779674 4531.829063 4491.281331 4477.011519 4463.140398 4452.283630 4434.298153 4387.985490 4315.256368 4272.041263
4486.194243 4523.508222 4553.220654 4584.180285 4598.271738 4599.047963 4595.809037 4593.878094 4601.107902 4602.921712 4607.351354 4624.292748 4659.933343 4698.332075 4729.615494 4744.719048 4735.590725 4715.692174 4691.634066 4680.156050 4676.673450 4680.933396 4691.615957 4706.362766 4727.540459 4748.447812 4754.430742 4755.384354 4752.605098 4755.199948 4756.962678 4757.120333 4760.766383 4770.723094 4781.715432 4785.404393 4776.441536 4753.303084 4728.307408 4717.769936 4711.828207 4708.630721 4710.532003 4716.888441 4721.172214 4704.846066 4666.062538 4618.366759 4588.749427 4575.220051 4562.833859 4547.901593 4534.246030 4495.776761 4472.908611
4598.125418 4614.513572 4644.470716 4674.734420 4697.366692 4711.853583 4711.233986 4713.587609 4718.590908 4725.287065 4740.499287 4765.822914 4787.146852 4812.339890 4841.347005 4859.277144 4864.485836 4862.084349 4856.927834 4857.909353 4858.348176 4780.550491 4788.158957 4795.763837 4816.925681 4835.370917 4842.165705 4842.955133 4839.805481 4841.958640 4842.906036 4842.705055 4842.320284 4845.594341 4851.879186 4854.281228 4851.311691 4836.184191 4860.540972 4839.102759 4824.853645 4816.214544 4807.598516 4799.273752 4789.657453 4779.365345 4757.349939 4724.260477 4688.671443 4668.571742 4661.373636 4654.891523 4645.155550 4638.787993 4620.405923
4698.389484 4709.066111 4728.715720 4752.970920 4790.045665 4815.632566 4827.699396 4837.562176 4842.374938 4857.229479 4875.450014 4855.065270 4865.382761 4876.059449 4886.667870 4890.310892 4891.353975 4890.872667 4888.393439 4887.431301 4884.682428 4881.642335 4870.725133 4872.384486 4874.520649 4877.201308 4881.038457 4880.019196 4881.213096 4884.194940 4882.317139 4876.009916 4871.707202 4870.123825 4871.347722 4878.947233 4882.603227 4883.637497 4879.292935 4878.242935 4877.005844 4872.782518 4867.509773 4860.076752 4850.568458 4870.051673 4856.958378 4826.553755 4782.773057 4738.363933 4732.576015 4736.253772 4735.558917 4734.153482 4728.286255
4832.486045 4847.210038 4863.047750 4833.067258 4860.810894 4875.009004 4881.647794 4886.463572 4889.507060 4893.506573 4890.580031 4887.722618 4882.707246 4880.984223 4879.577603 4877.085262 4877.694905 4875.802134 4871.626110 4867.318923 4858.661290 4846.657067 4835.469922 4831.457304 4835.652460 4841.542610 4847.062310 4852.050849 4855.963331 4855.532900 4849.715958 4840.962467 4833.141881 4831.569355 4838.667845 4844.535939 4851.632162 4852.603802 4851.193317 4848.480918 4848.036912 4844.402322 4844.494763 4851.893556 4867.417567 4868.965835 4876.295155 4875.251396 4854.577772 4817.142190 4836.172293 4815.712675 4822.571375 4817.736449 4806.076711
4881.249274 4884.690373 4882.665459 4881.834328 4875.219658 4868.991868 4868.153278 4872.231502 4879.388234 4880.336681 4873.158052 4864.327014 4856.847481 4849.015851 4846.489899 4846.144198 4845.999120 4846.619950 4841.234533 4831.184181 4813.292188 4801.568217 4790.451864 4784.476951 4779.891540 4782.747837 4794.648824 4807.964816 4813.211551 4802.806673 4793.851425 4781.442408 4773.280788 4773.805227 4774.366890 4784.170902 4802.353652 4811.179555 4812.055302 4805.016430 4797.712510 4790.739304 4787.276834 4793.675256 4809.369611 4827.033607 4843.700519 4853.428233 4861.460557 4868.969077 4865.299250 4868.703397 4870.576531 4867.931914 4872.622844
4876.181361 4868.953994 4861.723025 4856.227907 4849.744438 4844.502208 4842.539534 4844.144003 4845.640670 4841.127030 4834.729946 4824.615259 4813.327562 4803.435906 4795.097445 4796.133607 4798.515446 4800.406824 4792.625263 4776.658302 4758.390075 4744.677104 4730.640816 4726.635429 4720.246586 4711.150007 4721.133724 4742.044357 4749.941367 4732.701849 4721.315027 4705.592310 4699.251894 4694.864441 4695.369596 4704.199109 4727.964046 4754.197222 4756.712288 4745.263178 4733.864082 4729.239338 4725.885575 4729.981795 4746.499202 4768.063685 4785.021801 4796.068516 4801.477726 4809.325705 4818.861379 4834.159765 4849.862674 4862.939815 4866.254616
4850.279497 4842.425772 4834.655170 4826.874666 4819.874936 4813.527465 4809.087261 4807.065056 4802.482600 4796.156386 4788.927931 4765.544233 4752.725317 4739.163734 4723.485582 4719.217268 4713.531748 4714.246451 4702.411510 4695.126811 4679.225374 4663.719028 4647.928445 4633.321536 4627.540912 4620.441250 4616.455815 4629.225456 4637.461609 4629.362380 4619.849690 4609.984929 4606.075793 4602.692520 4605.443395 4616.052989 4634.776421 4653.150868 4662.314391 4655.319187 4655.665687 4656.783968 4655.263461 4662.095795 4671.844233 4689.477050 4712.868994 4733.343546 4743.745503 4750.553229 4759.680680 4774.403121 4788.888713 4803.703735 4822.398843
4819.372513 4809.851206 4799.716144 4789.714674 4778.968267 4768.167283 4761.304704 4764.305272 4758.263411 4752.670338 4726.838690 4667.896713 4645.259924 4625.583456 4608.654017 4601.260991 4592.161841 4572.640362 4563.950380 4560.097642 4565.575569 4552.010745 4534.323350 4515.905243 4511.043027 4507.687479 4487.021034 4478.794789 4478.327715 4499.343155 4493.778911 4494.292086 4497.804925 4495.509007 4496.123721 4508.651483 4514.879633 4518.673360 4525.860293 4533.315472 4545.632568 4554.781708 4567.792974 4585.849388 4596.124163 4610.951162 4631.257132 4658.105780 4674.778448 4684.553620 4694.992246 4710.430919 4726.704880 4744.870171 4767.619334
4784.079831 4766.353921 4751.205214 4736.526677 4723.533136 4710.337591 4693.212383 4695.228935 4693.317554 4682.050569 4621.556215 4580.979708 4546.176830 4529.004333 4504.398039 4489.684424 4470.973605 4427.565821 4408.673717 4410.229389 4428.851016 4427.637709 4412.895170 4401.764772 4391.771471 4381.287541 4361.610648 4338.910305 4345.540933 4366.558647 4369.681473 4375.065894 4384.513381 4384.547921 4376.581695 4370.690624 4381.928055 4386.510368 4398.463138 4418.860675 4424.292513 4443.973819 4481.086131 4493.927919 4509.212073 4527.219408 4547.345723 4569.470614 4593.195008 4607.775906 4623.372215 4641.872216 4658.660827 4678.992686 4701.465750
4731.233135 4698.633986 4676.667275 4658.723970 4638.622466 4608.982564 4588.812651 4586.302914 4580.117498 4546.860899 4491.727917 4457.536160 4436.248375 4414.263195 4391.350171 4365.298398 4323.570585 4287.249394 4264.587601 4284.371298 4297.187753 4313.082382 4302.647709 4292.608122 4283.186258 4263.388363 4245.903579 4227.494265 4239.547752 4248.314318 4271.699437 4280.037880 4284.146245 4291.466942 4289.942279 4276.634758 4267.408946 4275.258951 4285.073578 4297.843011 4322.862679 4361.130614 4386.257323 4405.128715 4425.717444 4443.939414 4464.834294 4487.491272 4510.785943 4528.125557 4546.363662 4564.540386 4585.325017 4603.757944 4625.817845
4646.051318 4617.564206 4591.240715 4567.693024 4533.719320 4484.073074 4469.523211 4460.113579 4434.280191 4381.974934 4340.214287 4324.658319 4315.697552 4292.868513 4272.830268 4242.824772 4207.664235 4187.863903 4167.121517 4179.101905 4190.938120 4214.785779 4207.419870 4202.455671 4200.849009 4185.337912 4172.351070 4155.109190 4160.961133 4174.150272 4200.353138 4207.223542 4211.746884 4222.246735 4221.681280 4216.138260 4194.977601 4200.943572 4211.946459 4227.131005 4259.797582 4281.694159 4303.632028 4325.647095 4344.670809 4365.803173 4387.350338 4409.830656 4436.470148 4455.953077 4474.763770 4496.081445 4514.576258 4527.149787 4541.319857
4533.886347 4510.612641 4492.211911 4467.979792 4422.302299 4377.917478 4333.972075 4302.647853 4244.319688 4208.690397 4194.040226 4199.631365 4190.198872 4172.185801 4154.829377 4136.830074 4117.112439 4100.407637 4075.361980 4081.915174 4099.603394 4118.374618 4122.979494 4126.144561 4125.681608 4117.445944 4104.255022 4090.714940 4094.600669 4112.638645 4131.234202 4142.511934 4150.769506 4158.626865 4158.139524 4147.314556 4136.402428 4140.582313 4156.267430 4172.125413 4187.949416 4207.462068 4227.349053 4247.233227 4269.169465 4290.961960 4312.990236 4337.003676 4363.270144 4384.522190 4407.662725 4431.442955 4446.302580 4453.138593 4457.927454
4429.232088 4411.620892 4389.162885 4361.277299 4318.713015 4279.953825 4239.768953 4189.110785 4156.344848 4129.310715 4127.546712 4114.616954 4104.407692 4092.691653 4073.860902 4059.885927 4047.891051 4027.900436 4021.948833 4030.728992 4044.900498 4052.230105 4061.227728 4059.975179 4058.393261 4053.943405 4040.183720 4038.707554 4049.497078 4064.669289 4077.882888 4090.062016 4097.006220 4101.616723 4098.271590 4088.469365 4086.508888 4094.440795 4109.533470 4121.944888 4134.968564 4154.369761 4172.848053 4193.244977 4214.461644 4235.084376 4258.174118 4282.004016 4306.938926 4333.573345 4354.514228 4370.762226 4377.464102 4385.003928 4380.480112
4303.795882 4295.160213 4269.799772 4241.699094 4214.537112 4184.433713 4163.560951 4133.962610 4105.675630 4078.635525 4054.038439 4045.234428 4042.114374 4031.727517 4017.273491 4008.469450 3994.805757 3989.089161 3998.757194 3999.933478 4007.147101 4004.407426 4006.007443 4004.303841 4004.350407 4003.448026 3999.608308 4013.778405 4019.911850 4032.723732 4042.350987 4052.114637 4057.564120 4060.698729 4062.169545 4058.672525 4065.238735 4070.380816 4083.056468 4093.185985 4105.082353 4123.499774 4138.844841 4156.026578 4176.639335 4197.963289 4219.993536 4244.003047 4270.504485 4293.388069 4308.694479 4312.691989 4319.572383 4317.575644 4302.610374
