tests/Borden05m/sims/sim_1/output-maps/psiliqL0002N0017.asc
ncols         160
nrows         34
xllcorner     620200.000000
yllcorner     5168000.000000
cellsize      0.500000
NODATA_value  -9999.0
[rows 0 to 24 of 34, columns 56 to 111 of 160]
-9999.0 -9999.0 -9999.0 -9999.0 -9999.0 -9999.0 -9999.0 -9999.0 -9999.0 -9999.0 -9999.0 -9999.0 -9999.0 -9999.0 -9999.0 -9999.0 -9999.0 -9999.0 -9999.0 -9999.0 -9999.0 -9999.0 -9999.0 -9999.0 -9999.0 -9999.0 -9999.0 -9999.0 -9999.0 -9999.0 -9999.0 -9999.0 -9999.0 -9999.0 -9999.0 -9999.0 -9999.0 -9999.0 -9999.0 -9999.0 -9999.0 -9999.0 -9999.0 -9999.0 -9999.0 -9999.0 -9999.0 -9999.0 -9999.0 -9999.0 -9999.0 -9999.0 -9999.0 -9999.0 -9999.0 -9999.0
-9999.0 -9999.0 -9999.0 -587.763398 -588.894206 -589.686294 -590.141037 -591.725507 -592.955979 -594.397228 -594.631369 -594.472769 -594.729329 -595.291034 -594.524841 -593.527967 -592.669342 -591.478957 -591.690237 -591.539176 -591.082827 -590.960120 -591.169643 -591.719630 -592.081768 -592.507311 -591.954918 -593.598662 -595.733824 -597.366625 -597.699850 -596.315686 -595.487519 -595.627836 -594.838688 -593.132198 -591.659218 -591.131917 -589.356688 -589.573901 -588.855494 -587.717504 -588.636207 -588.873839 -588.770606 -588.477036 -590.915584 -9999.0 -9999.0 -9999.0 -9999.0 -9999.0 -9999.0 -9999.0 -9999.0 -9999.0
-592.583980 -589.375468 -589.556588 -594.098973 -594.553596 -594.664910 -594.470692 -595.134629 -596.832084 -597.265874 -598.514086 -599.044701 -599.184197 -599.673244 -599.269405 -597.202758 -595.727929 -595.293909 -595.585516 -595.725363 -596.158626 -596.472773 -596.376241 -596.894382 -597.374772 -597.885255 -597.754138 -596.491272 -598.047518 -598.829317 -599.585690 -600.378885 -600.069192 -599.812409 -599.702248 -597.746147 -596.960838 -596.393101 -593.730547 -591.246498 -590.577617 -591.565434 -592.662400 -592.418967 -592.552826 -593.601275 -594.619225 -594.700818 -595.201000 -595.421634 -596.343063 -594.930135 -594.907124 -593.289061 -591.914403 -590.301066
-596.759501 -593.108733 -593.326917 -596.766071 -598.840145 -599.471403 -599.033280 -597.602561 -598.181626 -599.392278 -601.203257 -599.154595 -599.426700 -599.608297 -599.232832 -598.547793 -598.287348 -597.958090 -597.458105 -595.593312 -595.717512 -595.873130 -595.779910 -596.105284 -596.706285 -596.666775 -596.998904 -598.545456 -598.305584 -597.929320 -598.254298 -596.727865 -596.638882 -595.785866 -598.463548 -598.017269 -597.347152 -596.851840 -596.474592 -596.027786 -595.435072 -596.604153 -595.801347 -596.777233 -598.907833 -599.476694 -599.354194 -597.717868 -596.891743 -597.943886 -601.601274 -599.662712 -595.571427 -595.848971 -596.457276 -594.422794
-599.099509 -598.307066 -598.751084 -600.185941 -598.821689 -597.715768 -597.007956 -597.656310 -598.962455 -600.517665 -597.202609 -595.818499 -596.528583 -596.143657 -595.194909 -595.183431 -599.290826 -600.356823 -598.746656 -597.038363 -596.303554 -597.033119 -597.385523 -598.074311 -598.073076 -597.653998 -598.101535 -597.466995 -596.907582 -597.575685 -596.507011 -595.297789 -594.162583 -596.763620 -599.117629 -598.984884 -597.044612 -595.612938 -594.850942 -592.776293 -589.570139 -590.102415 -590.865171 -591.295978 -591.794382 -595.594349 -599.012150 -600.370347 -600.966899 -601.960771 -601.200423 -601.897961 -598.659486 -598.898475 -599.397668 -597.808632
-601.893476 -597.822743 -596.797311 -599.025210 -600.248834 -600.802649 -600.457836 -600.885240 -600.794405 -597.839155 -596.172480 -593.370081 -594.332122 -594.231794 -594.342129 -597.162868 -599.315242 -600.756110 -596.498971 -593.053894 -591.894663 -592.772864 -593.505151 -590.447101 -591.359904 -591.789153 -593.625639 -592.964556 -593.176723 -589.896259 -588.599523 -586.867608 -587.538371 -590.786476 -593.516214 -593.689030 -593.407752 -593.718560 -592.918565 -590.813575 -588.172318 -590.054708 -590.967198 -590.964639 -596.741455 -601.229419 -602.798114 -599.833533 -598.131045 -598.463913 -598.201099 -598.083531 -600.273931 -599.764590 -599.531708 -600.540943
-593.728018 -591.325334 -587.440607 -590.049986 -591.934693 -595.218799 -594.873534 -594.462246 -593.305654 -591.644123 -588.532257 -582.625852 -583.678475 -583.257762 -581.332480 -584.558688 -587.589428 -592.033163 -587.088567 -585.841820 -584.109495 -584.251161 -580.341716 -576.826125 -578.984402 -581.966244 -585.441188 -583.323913 -578.630395 -574.136133 -572.984788 -572.405039 -571.596712 -574.803685 -575.757790 -576.508574 -576.268894 -578.341883 -578.213727 -574.816366 -569.031775 -568.414750 -571.408622 -577.062765 -585.368992 -592.734714 -596.678434 -592.442389 -593.747327 -594.374486 -593.729716 -596.499971 -598.128617 -595.897361 -597.971186 -599.555460
-591.034994 -588.574904 -584.038798 -585.912776 -589.448992 -593.169637 -593.107764 -590.871669 -589.696506 -585.285629 -578.852146 -571.008028 -566.194277 -561.981550 -557.389679 -560.900677 -564.830084 -569.225881 -568.435526 -563.184490 -557.677303 -551.073467 -543.371805 -534.718963 -537.149277 -541.792813 -542.293040 -540.247954 -530.448608 -520.524426 -516.101259 -513.195150 -507.930109 -511.689501 -518.480251 -525.991705 -533.048903 -538.909676 -543.206789 -535.086958 -525.830721 -527.640603 -544.019107 -556.685395 -569.223950 -579.921591 -590.159408 -590.173698 -588.534421 -587.073791 -590.697454 -592.540909 -595.838736 -596.614537 -596.407936 -599.862649
-569.460212 -562.955650 -555.245747 -551.698125 -558.529113 -559.578973 -557.089809 -551.736435 -549.500915 -542.630556 -521.385357 -485.580908 -455.650693 -434.859371 -431.164100 -437.959799 -446.330663 -460.392824 -468.345353 -456.188868 -444.039154 -433.933072 -425.829517 -418.217704 -412.706822 -413.113283 -413.044376 -411.371385 -409.260387 -405.289981 -400.421049 -395.374132 -389.670370 -387.634282 -394.464835 -401.543655 -409.200057 -416.128646 -418.141687 -420.129166 -416.422610 -416.935298 -429.798329 -449.894825 -480.137034 -516.096119 -540.114043 -554.631555 -555.089117 -561.648342 -566.992813 -572.784370 -583.771571 -586.924166 -588.754512 -597.098682
-515.609982 -485.862990 -466.259390 -449.609330 -447.268777 -443.841460 -440.842095 -436.121861 -432.080657 -427.402307 -405.282157 -376.829108 -348.370420 -324.780766 -315.462993 -323.386495 -332.364270 -342.520588 -351.558035 -351.803622 -340.593213 -326.570948 -312.703199 -303.568220 -300.275328 -301.805512 -301.701261 -300.792087 -298.010459 -296.175863 -292.346675 -286.267345 -276.327464 -264.013024 -266.549093 -281.957964 -295.081444 -310.757611 -318.813994 -322.421814 -327.799781 -328.486724 -328.879592 -349.538217 -372.005984 -397.741410 -422.190751 -438.536810 -458.077352 -480.226328 -501.824425 -534.631380 -556.938617 -571.730440 -581.747111 -590.757796
-408.239793 -384.755582 -361.722144 -347.677067 -341.779205 -338.915171 -334.679815 -327.427326 -321.308997 -313.147316 -296.461646 -264.587752 -228.969640 -196.054052 -187.129990 -192.820551 -203.331535 -214.068454 -221.776962 -225.122688 -220.343073 -212.174665 -199.995499 -189.404150 -180.772012 -179.725472 -180.360980 -179.703552 -177.259478 -176.961914 -175.089742 -171.608268 -161.489249 -152.296185 -152.199328 -159.142312 -175.582993 -194.025525 -210.123748 -221.061406 -228.313532 -229.919644 -229.818379 -230.642694 -249.918279 -280.519217 -320.556239 -348.564997 -369.559544 -382.076064 -394.931071 -406.311498 -432.612969 -448.058396 -478.675236 -516.246195
-314.302108 -288.369482 -261.091674 -241.558102 -230.595428 -227.227166 -220.442710 -207.313364 -197.851395 -187.178554 -170.894349 -152.652202 -123.426285 -67.516437 -43.180802 -44.627726 -80.264005 -67.534030 -68.862953 -95.841665 -69.274806 -64.264832 -60.581951 -48.205738 -63.317344 -31.559424 -58.567749 -32.930136 -30.552414 -57.603449 -30.479100 -58.224063 -29.321447 -23.596774 -49.266000 -24.696950 -36.052506 -53.542735 -106.353882 -122.513089 -129.253543 -133.621037 -134.875326 -137.572527 -147.052388 -171.548782 -208.715573 -244.551499 -270.596463 -289.140891 -302.261182 -311.331308 -318.864582 -331.959438 -355.185361 -388.095266
-209.641089 -186.675036 -165.088535 -139.736322 -122.936937 -117.028451 -101.376730 -62.363743 -49.849853 -60.896628 -19.818385 -11.732575 -3.545394 18.977579 26.983997 32.430023 33.408519 34.452899 37.241008 35.914343 36.290274 37.443351 37.382980 38.058097 39.576266 40.552011 40.061971 40.571284 41.679943 40.616537 41.685404 40.812185 39.071358 39.809140 38.673907 39.177072 37.301965 29.836964 14.974079 4.258937 -2.058761 -9.140901 -16.818355 -25.861458 -34.079755 -47.791228 -105.472706 -142.532756 -175.295760 -195.045115 -204.609312 -210.847777 -216.193717 -229.940473 -250.185591 -275.383419
-65.886933 -52.371147 -61.542495 -14.861321 -1.473084 -15.622710 15.149562 20.583125 29.997862 39.430788 42.903412 41.622701 41.717809 42.574181 42.568536 42.590795 43.070788 40.305585 39.877812 39.424644 34.265693 25.354592 26.736376 27.880593 30.184852 33.551592 32.194413 32.371176 35.096204 34.085285 29.411567 26.181336 24.649601 24.618764 31.422531 34.390327 34.147696 35.155797 34.834479 34.689983 34.850923 34.488641 34.795846 34.431969 30.035299 22.173840 3.219613 -22.450356 -50.774027 -102.408888 -116.350421 -117.200832 -121.835925 -130.001619 -154.364368 -182.297899
22.623206 33.004749 42.515078 43.545871 42.786514 42.697712 44.724098 45.699897 46.766532 42.539781 38.324813 35.136307 33.571991 32.540792 30.213125 30.995631 29.188396 25.660439 22.998207 18.222998 6.943779 -5.059045 -6.643815 -1.826887 2.746401 6.513995 8.425393 -13.633804 12.571009 9.159396 2.198850 -4.534493 -6.745921 -0.870554 4.950253 9.110431 -14.976435 7.642500 6.586175 7.101697 5.568241 6.001664 12.320875 24.474144 32.223219 32.120080 32.059287 32.045627 31.683938 11.217125 -7.087707 -4.601374 -8.236863 -19.173130 -73.810329 -102.220942
36.648452 36.311758 34.181784 28.815443 23.700558 23.371390 26.840217 33.286556 34.839616 28.502997 21.626583 14.685666 7.958947 6.455257 4.788018 4.180530 4.149581 -1.021437 -8.017802 -49.222219 -71.836810 -85.720304 -92.706776 -93.833956 -88.426585 -80.645055 -74.578739 -73.266264 -75.369578 -80.573090 -89.291245 -96.698342 -96.457864 -93.481686 -85.410632 -74.917399 -75.494407 -72.408067 -75.084946 -77.087557 -81.071845 -80.082765 -66.893516 -20.435113 -6.165692 5.082150 11.991283 19.200781 24.725586 31.792017 31.668935 31.723237 31.730035 27.585051 14.633113 -2.798166
22.704783 15.873420 11.228929 4.766693 -1.085598 -2.242034 0.992402 4.983370 2.700970 -3.654075 -14.489626 -57.364440 -72.989937 -79.654219 -79.764906 -78.351723 -78.586466 -85.119595 -100.432774 -122.405520 -139.220839 -154.458223 -159.173519 -163.652783 -165.803165 -155.809259 -141.883821 -137.307086 -148.159156 -156.270540 -168.577546 -175.704712 -177.861214 -176.006128 -167.018851 -150.322458 -135.574604 -134.665987 -142.463618 -149.852659 -153.299905 -153.437815 -142.461835 -117.583991 -96.432704 -81.043861 -67.309593 -35.233667 -20.414957 -10.978651 -1.048959 10.303698 20.281161 30.756743 31.163366 30.994675
-3.157743 -42.084856 -55.162265 -63.708229 -70.318673 -74.687258 -77.043832 -78.890165 -84.721148 -92.003071 -103.675080 -121.162355 -134.983107 -148.469219 -151.870778 -153.836027 -152.210124 -163.406226 -175.770613 -196.549799 -212.738761 -228.353268 -236.664211 -242.354184 -247.509078 -239.953256 -224.271033 -215.455813 -230.511100 -240.193342 -253.154109 -259.534371 -262.482372 -261.391446 -252.495891 -230.490739 -212.892869 -207.342106 -215.155373 -221.986975 -224.883718 -224.566829 -217.935878 -199.736335 -178.136297 -157.564809 -141.379972 -127.281244 -116.257092 -104.401313 -88.650640 -70.003059 -28.124663 -9.563629 7.181520 20.152043
-79.733774 -95.198558 -107.153897 -118.360300 -128.985163 -134.876273 -134.645581 -141.415195 -147.830839 -157.879226 -197.494288 -213.720870 -230.662837 -244.533548 -249.089327 -255.431969 -258.121874 -267.223305 -274.741234 -286.550152 -301.632696 -316.952329 -329.951243 -334.054474 -337.656033 -340.774893 -331.483692 -327.487593 -330.558401 -337.062375 -343.878578 -347.526200 -349.728247 -346.476447 -335.324890 -324.080785 -313.407721 -308.744221 -313.917691 -309.514453 -304.470240 -304.294928 -290.112332 -276.024175 -258.255655 -237.183305 -215.199556 -202.490278 -192.155986 -180.294196 -163.623699 -144.345184 -121.684893 -96.421172 -67.948598 -24.151323
-133.248259 -147.523346 -161.793468 -174.185031 -186.087602 -196.974192 -196.584087 -200.418368 -206.571785 -236.864157 -276.319075 -304.277243 -319.993490 -337.518995 -345.308123 -352.004317 -369.211121 -380.062988 -387.295615 -386.934746 -396.575089 -409.418146 -419.560375 -423.816419 -426.496907 -432.528696 -434.289861 -432.011501 -426.505744 -431.400671 -434.187276 -432.868829 -434.492496 -435.603911 -429.739273 -420.481163 -414.958016 -409.207610 -403.702114 -400.314260 -395.578133 -377.116098 -365.275829 -353.262401 -336.104867 -316.758451 -296.134216 -278.818637 -266.971942 -253.443456 -234.892319 -217.603294 -195.362989 -170.117187 -139.966275 -116.263817
-198.590310 -215.945346 -230.669802 -245.147333 -260.052603 -279.042045 -280.881724 -287.326621 -297.897280 -333.582856 -367.520919 -393.344262 -409.516850 -425.828451 -435.477872 -451.986867 -481.000151 -500.930676 -501.382110 -496.625665 -502.419525 -517.152069 -528.607104 -535.756443 -542.321479 -550.274237 -554.634029 -550.563633 -546.107989 -546.192706 -546.400334 -544.847291 -545.013353 -545.477670 -545.061988 -536.933184 -530.587668 -523.196064 -516.398142 -509.658348 -483.894843 -457.577720 -440.818862 -425.449242 -410.502955 -392.187612 -372.163216 -355.329860 -342.743181 -326.858622 -309.436436 -290.280845 -269.592972 -244.224591 -214.506763 -190.378497
-263.225768 -286.617538 -305.173163 -324.127356 -351.979869 -363.658627 -370.946828 -377.222696 -399.953379 -428.187493 -456.693750 -489.063395 -515.470584 -534.373728 -548.178345 -560.725443 -570.585288 -576.277712 -573.044169 -571.194562 -568.250307 -573.164591 -577.041376 -578.066375 -581.517310 -584.555621 -588.436339 -585.357408 -583.884492 -580.178618 -580.478115 -580.341309 -578.684317 -579.498961 -579.784199 -582.010775 -579.305342 -577.617557 -575.511725 -568.192925 -560.189222 -550.390291 -539.726183 -524.906662 -502.718278 -473.038040 -444.975856 -424.324934 -409.609409 -394.144090 -376.344267 -359.586841 -342.604826 -321.939260 -296.775999 -274.268565
-347.897231 -365.587730 -383.482853 -407.474743 -436.410205 -458.520611 -469.185967 -497.296678 -524.446959 -550.448415 -562.658218 -569.330207 -575.557931 -579.950681 -583.268587 -588.328228 -591.815324 -596.847326 -594.923521 -592.238980 -588.376313 -591.557774 -592.084736 -591.486426 -593.411634 -595.430032 -598.639708 -598.111628 -595.507267 -592.372450 -592.464865 -591.811474 -590.015976 -589.976156 -591.401936 -594.248552 -593.513325 -591.603307 -589.690344 -585.894782 -582.187237 -578.363564 -574.809069 -569.602638 -562.818779 -554.093599 -540.287372 -519.718211 -498.859663 -468.925441 -440.479900 -422.472878 -411.550684 -397.774253 -375.608914 -358.849124
-423.114842 -439.303538 -462.633642 -504.530331 -539.104321 -560.455865 -570.458139 -578.453422 -585.218047 -587.897346 -590.260391 -592.764867 -594.833459 -597.012888 -598.962587 -600.559065 -603.005055 -607.772995 -605.798195 -603.041594 -599.906124 -599.808586 -600.150910 -599.908540 -600.663175 -602.829226 -606.620687 -605.009204 -602.669297 -600.530170 -599.844165 -599.414655 -598.091913 -599.028268 -600.975743 -603.752542 -602.549748 -600.365482 -599.100450 -597.460451 -595.036855 -592.419422 -589.754750 -586.582502 -583.220644 -578.581512 -573.032515 -566.210862 -557.952193 -546.959642 -530.474002 -517.609306 -501.728929 -483.741343 -458.359476 -437.645418
-529.210739 -545.204787 -557.591288 -568.808372 -579.234996 -584.457554 -588.822659 -592.404678 -595.983397 -598.152433 -599.791261 -599.036580 -599.807165 -602.027692 -601.964963 -603.143557 -606.942150 -605.606935 -604.520499 -601.441515 -601.980598 -602.141282 -602.870932 -602.382009 -602.882975 -606.540407 -604.698049 -603.883160 -601.718019 -601.297107 -600.810454 -600.441377 -600.036576 -600.468475 -603.072026 -602.529423 -601.814243 -599.809463 -599.686843 -598.798653 -596.408390 -595.587867 -594.018912 -591.791593 -589.352754 -586.377562 -582.674316 -577.475657 -571.967158 -566.494756 -564.357166 -560.264281 -556.569821 -558.558784 -549.841709 -539.017247
