tests/Borden05m/sims/sim_1/output-maps/psiliqL0021N0003.asc
ncols         160
nrows         34
xllcorner     620200.000000
yllcorner     5168000.000000
cellsize      0.500000
NODATA_value  -9999.0
[rows 0 to 24 of 34, columns 0 to 54 of 160]
-9999.0 -9999.0 -9999.0 -9999.0 -9999.0 -9999.0 -9999.0 -9999.0 -9999.0 -9999.0 -9999.0 -9999.0 -9999.0 -9999.0 -9999.0 -9999.0 -9999.0 -9999.0 -9999.0 -9999.0 -9999.0 -9999.0 -9999.0 -9999.0 -9999.0 -9999.0 -9999.0 -9999.0 -9999.0 -9999.0 -9999.0 -9999.0 -9999.0 -9999.0 -9999.0 -9999.0 -9999.0 -9999.0 -9999.0 -9999.0 -9999.0 -9999.0 -9999.0 -9999.0 -9999.0 -9999.0 -9999.0 -9999.0 -9999.0 -9999.0 -9999.0 -9999.0 -9999.0 -9999.0 -9999.0
-9999.0 -9999.0 -9999.0 -9999.0 -9999.0 -9999.0 -9999.0 -9999.0 -9999.0 -9999.0 -9999.0 -9999.0 -9999.0 -9999.0 -9999.0 -9999.0 -9999.0 -9999.0 -9999.0 -9999.0 -9999.0 -9999.0 -9999.0 -9999.0 -9999.0 -9999.0 -9999.0 -9999.0 -9999.0 -9999.0 -9999.0 -9999.0 -9999.0 -9999.0 -9999.0 -9999.0 -9999.0 -9999.0 -9999.0 -9999.0 -9999.0 -9999.0 -9999.0 -9999.0 -9999.0 -9999.0 -9999.0 -9999.0 -9999.0 -9999.0 -9999.0 -9999.0 -9999.0 -9999.0 -9999.0
-9999.0 -9999.0 -9999.0 -9999.0 -9999.0 -9999.0 -9999.0 -9999.0 -9999.0 -9999.0 -9999.0 -9999.0 -9999.0 -9999.0 -9999.0 -9999.0 -9999.0 -9999.0 -9999.0 -9999.0 -9999.0 -9999.0 -9999.0 -9999.0 -9999.0 -9999.0 -9999.0 -9999.0 -9999.0 -9999.0 -9999.0 -9999.0 -9999.0 -9999.0 -9999.0 -9999.0 -9999.0 -9999.0 -9999.0 -9999.0 -9999.0 -9999.0 -9999.0 -9999.0 -9999.0 -9999.0 -9999.0 2293.778149 2276.734787 2262.751377 2259.241856 2281.130681 2304.628987 2328.741443 2349.573608
-9999.0 -9999.0 -9999.0 -9999.0 -9999.0 -9999.0 -9999.0 -9999.0 -9999.0 -9999.0 -9999.0 -9999.0 -9999.0 -9999.0 -9999.0 -9999.0 -9999.0 -9999.0 -9999.0 -9999.0 -9999.0 -9999.0 -9999.0 -9999.0 -9999.0 -9999.0 -9999.0 -9999.0 -9999.0 -9999.0 -9999.0 -9999.0 -9999.0 -9999.0 -9999.0 -9999.0 -9999.0 -9999.0 -9999.0 -9999.0 2342.092750 2348.162618 2348.707543 2338.934653 2327.980193 2315.137748 2294.992286 2277.684768 2264.186683 2262.354116 2265.208647 2269.090516 2290.766833 2316.219328 2336.346474
-9999.0 -9999.0 -9999.0 -9999.0 -9999.0 -9999.0 -9999.0 -9999.0 -9999.0 -9999.0 -9999.0 -9999.0 -9999.0 -9999.0 -9999.0 -9999.0 -9999.0 -9999.0 -9999.0 -9999.0 -9999.0 -9999.0 -9999.0 -9999.0 -9999.0 -9999.0 -9999.0 -9999.0 -9999.0 -9999.0 -9999.0 -9999.0 -9999.0 -9999.0 2248.885775 2266.130146 2284.327909 2303.095357 2320.253561 2327.443224 2333.371336 2339.081584 2334.933437 2330.774807 2319.564960 2299.582869 2280.537958 2267.685029 2266.640009 2264.578774 2268.777153 2281.151591 2298.175714 2313.937890 2334.907590
-9999.0 -9999.0 -9999.0 -9999.0 -9999.0 -9999.0 -9999.0 -9999.0 -9999.0 -9999.0 -9999.0 -9999.0 -9999.0 -9999.0 -9999.0 -9999.0 -9999.0 -9999.0 -9999.0 -9999.0 -9999.0 -9999.0 -9999.0 -9999.0 -9999.0 -9999.0 -9999.0 -9999.0 2253.063532 2247.291396 2242.639969 2241.382673 2240.273914 2239.505161 2246.333789 2257.985631 2275.637671 2297.872290 2311.363292 2318.932277 2326.031482 2326.859988 2321.659979 2320.247251 2321.093151 2309.147662 2297.491792 2286.604116 2276.030702 2273.901916 2283.452039 2298.043288 2314.619279 2329.635973 2345.233966
-9999.0 -9999.0 -9999.0 -9999.0 -9999.0 -9999.0 -9999.0 -9999.0 -9999.0 -9999.0 -9999.0 -9999.0 -9999.0 -9999.0 -9999.0 -9999.0 -9999.0 -9999.0 -9999.0 -9999.0 -9999.0 -9999.0 -9999.0 2222.518575 2227.892489 2234.628836 2242.462820 2243.632446 2240.174476 2234.936981 2232.412349 2231.277722 2229.527714 2234.336071 2241.981481 2255.419774 2271.172560 2293.627300 2302.344201 2307.654775 2319.707506 2323.464254 2330.942244 2335.364698 2333.993826 2330.805729 2317.243623 2306.970850 2310.653106 2315.793233 2323.040325 2331.615823 2345.371384 2360.014678 2376.310283
-9999.0 -9999.0 -9999.0 -9999.0 -9999.0 -9999.0 -9999.0 -9999.0 -9999.0 -9999.0 -9999.0 -9999.0 -9999.0 -9999.0 -9999.0 -9999.0 -9999.0 -9999.0 -9999.0 2197.410379 2198.563226 2200.155396 2205.144663 2205.799809 2207.909545 2215.009386 2223.342057 2226.309182 2224.540036 2223.678925 2225.392784 2228.346904 2233.131010 2244.201443 2258.017932 2272.296877 2285.764841 2306.775093 2321.580676 2334.688671 2350.581265 2351.037923 2347.763751 2346.535540 2347.145720 2346.655477 2347.735729 2348.681274 2355.332216 2358.042191 2363.087778 2372.663909 2384.705006 2402.194828 2420.956680
-9999.0 -9999.0 -9999.0 -9999.0 -9999.0 -9999.0 -9999.0 -9999.0 -9999.0 -9999.0 -9999.0 -9999.0 -9999.0 -9999.0 -9999.0 -9999.0 2168.201050 2170.171267 2172.700514 2178.329768 2181.935232 2186.144338 2193.335834 2194.948899 2198.753797 2206.117928 2211.005361 2220.364551 2228.861017 2236.267680 2242.387503 2245.131441 2252.210735 2261.761151 2273.518817 2288.080213 2308.836088 2332.345546 2348.424192 2365.425089 2382.939700 2383.964727 2383.011986 2384.150303 2383.957238 2387.733112 2403.792481 2408.493457 2406.328930 2419.219156 2432.363930 2436.679651 2445.048336 2465.150049 2488.355852
-9999.0 -9999.0 -9999.0 -9999.0 -9999.0 -9999.0 -9999.0 -9999.0 -9999.0 -9999.0 -9999.0 -9999.0 -9999.0 2119.396253 2123.641293 2133.875905 2144.714350 2147.822042 2152.789502 2159.502095 2171.922321 2175.814498 2182.141511 2189.746309 2202.392542 2211.293996 2220.470509 2232.440147 2240.778554 2247.990971 2254.788570 2258.965369 2271.321703 2285.991081 2301.097718 2320.814867 2342.871451 2362.320104 2381.602998 2398.076417 2411.024740 2410.849737 2410.607890 2413.537881 2420.251616 2436.290032 2454.615610 2459.327129 2473.037618 2495.174970 2507.424242 2517.293413 2525.380765 2539.794968 2561.652117
-9999.0 -9999.0 -9999.0 -9999.0 -9999.0 -9999.0 -9999.0 -9999.0 -9999.0 -9999.0 2089.070201 2091.112315 2087.820459 2086.450398 2092.275106 2104.867497 2119.417776 2125.719993 2137.877759 2159.368191 2177.977494 2181.508803 2195.674915 2206.303663 2213.371931 2223.711467 2236.837291 2249.310056 2265.350198 2277.397718 2287.442839 2305.196138 2321.318210 2337.768571 2355.408707 2375.931818 2393.793541 2419.867154 2446.659458 2457.872702 2477.742148 2484.749316 2482.141198 2482.234963 2492.490937 2506.969109 2525.565050 2545.314044 2565.423868 2589.572198 2603.804602 2618.015200 2628.757789 2641.010415 2657.618030
-9999.0 -9999.0 -9999.0 -9999.0 -9999.0 -9999.0 -9999.0 -9999.0 2063.877312 2071.857718 2077.833494 2074.969435 2070.815015 2066.138440 2080.795205 2096.782688 2113.086130 2131.480892 2147.561306 2166.101615 2180.895571 2196.590216 2217.038850 2228.587488 2239.957086 2255.363596 2268.881393 2284.868993 2305.783325 2315.890944 2329.637703 2350.086682 2367.237738 2384.937338 2403.799087 2421.594315 2445.762455 2478.091527 2509.218642 2529.192395 2556.744385 2576.940609 2574.724228 2576.370296 2580.613823 2606.229011 2635.037157 2665.787635 2690.886243 2717.740872 2747.508945 2765.032207 2775.971463 2789.164474 2805.189520
-9999.0 -9999.0 -9999.0 -9999.0 -9999.0 -9999.0 2035.400482 2059.874340 2075.240141 2067.188052 2055.173704 2051.022117 2046.177255 2074.244901 2096.918250 2114.701494 2131.956059 2149.959647 2166.712619 2177.556680 2209.521568 2228.708785 2242.173411 2258.048815 2273.038499 2288.009168 2305.198998 2327.763630 2347.443852 2373.053802 2393.899468 2414.273676 2440.282474 2459.498286 2478.195820 2494.940417 2525.155438 2561.454097 2597.951342 2625.522677 2652.331017 2686.911298 2692.327595 2698.088345 2704.337774 2728.692355 2762.911187 2792.528498 2827.139610 2860.301332 2889.332096 2796.357008 2804.282565 2813.854514 2825.816891
-9999.0 -9999.0 -9999.0 -9999.0 2002.215396 2023.151466 2042.550991 2073.045403 2095.512649 2090.845944 2096.618788 2096.021926 2093.269373 2098.356061 2106.634547 2124.862081 2144.356947 2164.164217 2180.626773 2211.990198 2258.243098 2271.954572 2292.932773 2324.089527 2336.995965 2352.273227 2368.799876 2391.020050 2413.814278 2445.062818 2484.308289 2517.911219 2542.272675 2563.872527 2585.173535 2605.805527 2641.713009 2682.251670 2720.377698 2754.632098 2782.777873 2810.840004 2822.705417 2831.481047 2844.749976 2863.738553 2887.578345 2806.576381 2837.144534 2868.087827 2891.160645 2900.592822 2906.203047 2915.411897 2923.479668
-9999.0 -9999.0 -9999.0 1950.037921 1989.009695 2027.931770 2054.311494 2085.026104 2117.544084 2119.972157 2129.272672 2132.008641 2134.329886 2141.941735 2148.399083 2165.977987 2184.023615 2202.889805 2225.607040 2261.483924 2294.074913 2318.094077 2348.493126 2370.223751 2387.690988 2402.894194 2422.245864 2445.074707 2484.615415 2519.090043 2567.451177 2620.084286 2655.477916 2680.833329 2705.432631 2734.858991 2761.729096 2799.759743 2836.192487 2870.560396 2802.072645 2823.347911 2838.453948 2843.422479 2851.999358 2858.200887 2871.575466 2890.962798 2912.118915 2940.974139 2968.852086 2988.057298 3001.803837 3011.602739 3027.422099
-9999.0 -9999.0 1902.077484 1940.879912 1973.502667 2021.879138 2075.030857 2110.058409 2150.470791 2172.112395 2177.599274 2191.938704 2206.063643 2211.063000 2224.124421 2240.060104 2261.317046 2270.510007 2290.458642 2313.982289 2357.778270 2397.840771 2406.443096 2452.358665 2485.397484 2516.948133 2537.482660 2565.463993 2603.613204 2642.394676 2691.822558 2743.223477 2779.555269 2811.153627 2829.868455 2852.159519 2875.574399 2798.192247 2831.240405 2856.974065 2887.351861 2911.806996 2931.302230 2934.049305 2937.048112 2952.191367 2977.729308 2998.412716 3024.212769 3049.787899 3042.811622 3060.050342 3067.745540 3072.040172 3078.790281
-9999.0 -9999.0 1873.341618 1919.193698 1956.351947 2018.232955 2101.867885 2137.731453 2179.520065 2225.928952 2242.872752 2266.781109 2270.315595 2270.280868 2292.191976 2311.885509 2330.292637 2339.184098 2337.490853 2392.430797 2449.419585 2487.113300 2513.337274 2586.812637 2637.605148 2660.340704 2679.264312 2702.091288 2726.004165 2767.846289 2811.305879 2866.136611 2812.125431 2839.805435 2853.460879 2871.069706 2889.387026 2903.579594 2921.579734 2963.414484 2987.475858 3014.652049 3043.072273 3062.954350 3070.449522 3074.153304 3055.259974 3069.591411 3079.352106 3083.564305 3085.146410 3081.513631 3080.864955 3081.595772 3082.530924
-9999.0 1781.832896 1834.213619 1885.926508 1952.351247 2016.434208 2095.214290 2172.743638 2235.396986 2286.214931 2314.444146 2317.839178 2336.272101 2371.210118 2395.682709 2419.038653 2425.713400 2435.786401 2423.310881 2476.804072 2521.374772 2583.191339 2690.149494 2748.498881 2805.296419 2807.162805 2802.020719 2813.150363 2834.668875 2880.017396 2852.501191 2901.770936 2958.869318 2996.171995 3010.711520 3016.535627 3033.332431 3052.366598 3018.027710 3050.606443 3065.335990 3077.672712 3083.434268 3085.138219 3086.091470 3085.918491 3082.398442 3075.665049 3067.696475 3062.009063 3057.884105 3053.383625 3055.807844 3059.109901 3059.594711
-9999.0 1744.686059 1802.993846 1872.763772 1941.818989 1998.234933 2090.311074 2246.400895 2305.614287 2344.332358 2359.189764 2358.082085 2426.774305 2492.145450 2523.980528 2571.656440 2563.997684 2554.172821 2530.992675 2562.206337 2607.677081 2682.384838 2841.398791 2844.377750 2882.858171 2891.005480 2893.612287 2919.767049 2958.912064 2994.083706 3031.464179 3013.264083 3050.702212 3068.845201 3072.651099 3073.188665 3077.273967 3076.182401 3074.253421 3070.036137 3065.046587 3065.179890 3069.467201 3069.276669 3066.420754 3063.221702 3057.637556 3050.210836 3044.904426 3040.297701 3037.611345 3034.717705 3032.949277 3032.602211 3028.100063
-9999.0 1708.913841 1782.156853 1842.731718 1897.151892 1998.594682 2126.979512 2267.544090 2363.032836 2399.879396 2399.755139 2452.748298 2556.694391 2662.373363 2718.348007 2745.437796 2739.795650 2707.976423 2702.150643 2748.976192 2818.614984 2841.683632 2955.388604 3036.704389 3049.517968 3052.063761 3016.135763 3035.483105 3053.415498 3055.502520 3056.347125 3061.894234 3066.787964 3069.501113 3068.012609 3065.143243 3060.414566 3052.382905 3047.535101 3044.022102 3040.369676 3039.475003 3041.680800 3043.184686 3040.497174 3036.663886 3032.210018 3026.625403 3020.504049 3013.865752 3009.764951 3005.689613 3003.637594 2998.532496 2994.835557
-9999.0 1595.750310 1688.662819 1735.434365 1827.254925 2009.531782 2137.715386 2282.511331 2439.801252 2469.918672 2530.342252 2664.074982 2779.425135 2817.599572 2848.629938 2883.099232 2907.348192 2924.623920 2958.334323 2872.499343 2939.620679 3011.460878 3045.113280 3059.704917 3065.134325 3065.422010 3056.208174 3036.057394 3025.463641 3018.727848 3020.332648 3027.526785 3032.456315 3037.449164 3035.214928 3036.018850 3036.622104 3033.279984 3029.455719 3021.003431 3013.294711 3007.017746 3004.375954 3009.275719 3004.572477 3001.939049 2995.950817 2987.902462 2986.516083 2979.191842 2971.477724 2964.973802 2962.609148 2957.480052 2956.239444
-9999.0 1514.832968 1589.185698 1661.541355 1783.962507 1947.870462 2058.286611 2220.314166 2447.179226 2575.375843 2724.011954 2808.976159 2847.256701 2894.159478 2946.742635 2990.742060 3014.066729 3022.934656 2999.566449 3014.834003 2979.977499 2969.730644 2981.261234 3008.023729 3022.732723 3026.390586 3018.172879 3008.375487 3001.165952 3000.044794 2998.214620 2995.190109 2992.038289 2989.018901 2985.878462 2988.378584 2993.317543 2986.726409 2983.890629 2975.081114 2967.090068 2958.310556 2952.593714 2948.509574 2948.302020 2948.437010 2941.026705 2930.800829 2920.419394 2912.384545 2905.179597 2900.391326 2897.919081 2893.117702 2885.115083
-9999.0 1403.931453 1531.707523 1615.513145 1721.501474 1853.641067 1967.256154 2124.173051 2262.684276 2496.951738 2648.102319 2804.520290 2818.487553 2880.211365 2930.103400 2994.841613 2992.100547 2963.686676 2924.244814 2907.692425 2915.256254 2923.422716 2932.715896 2948.483793 2965.412329 2974.945973 2978.531613 2971.852129 2957.937017 2946.799351 2937.536134 2925.514525 2917.119252 2915.193457 2917.841131 2926.601674 2927.839000 2918.718611 2905.357833 2888.926670 2874.105386 2862.904702 2860.577399 2862.790714 2863.504334 2859.778301 2853.743408 2843.342808 2831.082521 2819.247458 2813.106143 2808.559243 2801.631861 2791.968923 2886.972265
-9999.0 -9999.0 1450.299033 1559.725580 1659.190882 1774.927577 1875.110238 2003.882554 2148.614110 2324.946591 2443.703216 2603.811416 2693.280418 2742.313713 2786.348851 2792.919983 2813.290760 2837.815071 2826.348051 2833.710648 2840.976021 2845.451256 2851.556095 2858.917137 2869.915040 2879.347370 2888.210682 2885.586761 2876.639592 2857.624058 2834.333005 2816.339043 2806.617294 2798.408531 2809.280425 2821.263313 2816.886738 2810.183853 2798.736453 2888.935818 2876.187264 2862.103711 2858.211475 2857.748344 2857.342509 2853.780392 2849.167393 2835.029797 2821.315474 2809.499072 2803.710818 2796.669795 2791.030113 2779.734429 2769.561733
-9999.0 -9999.0 1363.546156 1469.431048 1576.594491 1696.152957 1786.840539 1827.081362 1970.201311 2079.617873 2186.764965 2293.943755 2386.420338 2455.819335 2496.220504 2559.877140 2612.156732 2632.480727 2669.042918 2715.944928 2749.520295 2786.612973 2810.393813 2824.347482 2839.999246 2855.906195 2865.315453 2852.592528 2841.903921 2824.982569 2801.979718 2776.491895 2763.331109 2761.294338 2761.566941 2764.602704 2757.963178 2749.106038 2735.502577 2723.651339 2711.615373 2701.646439 2697.518808 2692.323014 2689.668945 2685.903447 2682.224243 2672.513885 2661.929460 2655.103112 2645.904218 2640.201349 2637.348437 2631.667520 2623.514087
