tests/Borden05m/sims/sim_1/output-maps/psiliqL0026N0013.asc
ncols         160
nrows         34
xllcorner     620200.000000
yllcorner     5168000.000000
cellsize      0.500000
NODATA_value  -9999.0
[rows 0 to 24 of 34, columns 0 to 54 of 160]
-9999.0 -9999.0 -9999.0 -9999.0 -9999.0 -9999.0 -9999.0 -9999.0 -9999.0 -9999.0 -9999.0 -9999.0 -9999.0 -9999.0 -9999.0 -9999.0 -9999.0 -9999.0 -9999.0 -9999.0 -9999.0 -9999.0 -9999.0 -9999.0 -9999.0 -9999.0 -9999.0 -9999.0 -9999.0 -9999.0 -9999.0 -9999.0 -9999.0 -9999.0 -9999.0 -9999.0 -9999.0 -9999.0 -9999.0 -9999.0 -9999.0 -9999.0 -9999.0 -9999.0 -9999.0 -9999.0 -9999.0 -9999.0 -9999.0 -9999.0 -9999.0 -9999.0 -9999.0 -9999.0 -9999.0
-9999.0 -9999.0 -9999.0 -9999.0 -9999.0 -9999.0 -9999.0 -9999.0 -9999.0 -9999.0 -9999.0 -9999.0 -9999.0 -9999.0 -9999.0 -9999.0 -9999.0 -9999.0 -9999.0 -9999.0 -9999.0 -9999.0 -9999.0 -9999.0 -9999.0 -9999.0 -9999.0 -9999.0 -9999.0 -9999.0 -9999.0 -9999.0 -9999.0 -9999.0 -9999.0 -9999.0 -9999.0 -9999.0 -9999.0 -9999.0 -9999.0 -9999.0 -9999.0 -9999.0 -9999.0 -9999.0 -9999.0 -9999.0 -9999.0 -9999.0 -9999.0 -9999.0 -9999.0 -9999.0 -9999.0
-9999.0 -9999.0 -9999.0 -9999.0 -9999.0 -9999.0 -9999.0 -9999.0 -9999.0 -9999.0 -9999.0 -9999.0 -9999.0 -9999.0 -9999.0 -9999.0 -9999.0 -9999.0 -9999.0 -9999.0 -9999.0 -9999.0 -9999.0 -9999.0 -9999.0 -9999.0 -9999.0 -9999.0 -9999.0 -9999.0 -9999.0 -9999.0 -9999.0 -9999.0 -9999.0 -9999.0 -9999.0 -9999.0 -9999.0 -9999.0 -9999.0 -9999.0 -9999.0 -9999.0 -9999.0 -9999.0 -9999.0 3273.202542 3255.989812 3242.536102 3237.617905 3258.413391 3281.252842 3304.840821 3325.141064
-9999.0 -9999.0 -9999.0 -9999.0 -9999.0 -9999.0 -9999.0 -9999.0 -9999.0 -9999.0 -9999.0 -9999.0 -9999.0 -9999.0 -9999.0 -9999.0 -9999.0 -9999.0 -9999.0 -9999.0 -9999.0 -9999.0 -9999.0 -9999.0 -9999.0 -9999.0 -9999.0 -9999.0 -9999.0 -9999.0 -9999.0 -9999.0 -9999.0 -9999.0 -9999.0 -9999.0 -9999.0 -9999.0 -9999.0 -9999.0 3324.247160 3330.071545 3329.651296 3319.657906 3308.159890 3294.255676 3273.501305 3256.301421 3243.179138 3241.127669 3243.352098 3245.694292 3266.017068 3291.185907 3310.852820
-9999.0 -9999.0 -9999.0 -9999.0 -9999.0 -9999.0 -9999.0 -9999.0 -9999.0 -9999.0 -9999.0 -9999.0 -9999.0 -9999.0 -9999.0 -9999.0 -9999.0 -9999.0 -9999.0 -9999.0 -9999.0 -9999.0 -9999.0 -9999.0 -9999.0 -9999.0 -9999.0 -9999.0 -9999.0 -9999.0 -9999.0 -9999.0 -9999.0 -9999.0 3232.418078 3249.184100 3266.902433 3285.260466 3302.047105 3308.961007 3314.690941 3319.869014 3315.010707 3310.375856 3298.423612 3277.085191 3257.584384 3244.672931 3243.555310 3240.900145 3244.134482 3255.289821 3271.561736 3286.172536 3306.338598
-9999.0 -9999.0 -9999.0 -9999.0 -9999.0 -9999.0 -9999.0 -9999.0 -9999.0 -9999.0 -9999.0 -9999.0 -9999.0 -9999.0 -9999.0 -9999.0 -9999.0 -9999.0 -9999.0 -9999.0 -9999.0 -9999.0 -9999.0 -9999.0 -9999.0 -9999.0 -9999.0 -9999.0 3238.895393 3232.814213 3227.808407 3225.992986 3224.287929 3223.111588 3229.574288 3240.414306 3257.140521 3278.969174 3292.009672 3299.032873 3305.700359 3305.767967 3299.539749 3297.515986 3297.677900 3284.640658 3271.989924 3260.124251 3248.491881 3244.920405 3253.381893 3267.214097 3282.999648 3297.120188 3311.916212
-9999.0 -9999.0 -9999.0 -9999.0 -9999.0 -9999.0 -9999.0 -9999.0 -9999.0 -9999.0 -9999.0 -9999.0 -9999.0 -9999.0 -9999.0 -9999.0 -9999.0 -9999.0 -9999.0 -9999.0 -9999.0 -9999.0 -9999.0 3209.549139 3214.286216 3220.597700 3228.039856 3228.773666 3225.309870 3219.710903 3216.773575 3215.048059 3212.418738 3216.616251 3223.214285 3235.739022 3250.550518 3272.435453 3280.240149 3284.021545 3294.909626 3298.215924 3305.663474 3309.087376 3306.704704 3302.088100 3286.602266 3274.437880 3275.963157 3279.350986 3285.632254 3293.401086 3306.300976 3319.365966 3333.969013
-9999.0 -9999.0 -9999.0 -9999.0 -9999.0 -9999.0 -9999.0 -9999.0 -9999.0 -9999.0 -9999.0 -9999.0 -9999.0 -9999.0 -9999.0 -9999.0 -9999.0 -9999.0 -9999.0 3185.392956 3186.336425 3187.685969 3192.362130 3192.535307 3194.052970 3200.519081 3208.194685 3210.775989 3208.198539 3206.857327 3207.742990 3209.839593 3213.846124 3223.688618 3236.423440 3249.651720 3261.698520 3281.605402 3295.220693 3306.715326 3321.179810 3320.974509 3316.714302 3314.376198 3313.580051 3311.197768 3308.742515 3306.972761 3312.388611 3312.222665 3314.889296 3323.236571 3334.433048 3350.065888 3366.687274
-9999.0 -9999.0 -9999.0 -9999.0 -9999.0 -9999.0 -9999.0 -9999.0 -9999.0 -9999.0 -9999.0 -9999.0 -9999.0 -9999.0 -9999.0 -9999.0 3156.947855 3158.585313 3160.794298 3166.137546 3169.664128 3173.358152 3180.033793 3180.775389 3183.704433 3190.262738 3194.131186 3202.830384 3210.567275 3216.905094 3221.927254 3223.444678 3228.947056 3237.078768 3247.364871 3260.046933 3278.907569 3301.317489 3315.864979 3331.439770 3347.597599 3347.156577 3344.456267 3343.732013 3341.277196 3341.614618 3354.932172 3357.111676 3350.847343 3359.480891 3370.236795 3372.080689 3377.930186 3396.705217 3417.917068
-9999.0 -9999.0 -9999.0 -9999.0 -9999.0 -9999.0 -9999.0 -9999.0 -9999.0 -9999.0 -9999.0 -9999.0 -9999.0 3107.747366 3111.532622 3121.543496 3132.864881 3135.672520 3140.355696 3146.757475 3158.492095 3161.670258 3167.112310 3173.634092 3185.091476 3192.894836 3200.766000 3211.498074 3218.424534 3224.220961 3229.389342 3231.011206 3241.170147 3253.807996 3266.783397 3284.499709 3305.041546 3322.121938 3338.959414 3354.070864 3364.514505 3360.760807 3358.873460 3359.921064 3363.505977 3375.223727 3390.605990 3389.983022 3398.565254 3417.975540 3427.183066 3433.530948 3438.708947 3451.653784 3472.294480
-9999.0 -9999.0 -9999.0 -9999.0 -9999.0 -9999.0 -9999.0 -9999.0 -9999.0 -9999.0 3081.410469 3082.660247 3078.616162 3075.522858 3080.985760 3092.971325 3107.156843 3112.237546 3123.779099 3144.633012 3162.751622 3165.097618 3177.634308 3186.420716 3192.038787 3200.600317 3212.065940 3222.640530 3236.460508 3246.500617 3253.652769 3268.315570 3282.371530 3296.788444 3312.284535 3331.010957 3345.586611 3367.801135 3391.127435 3398.479414 3414.173787 3415.969275 3410.840126 3407.992830 3416.136110 3426.174551 3439.851203 3454.450266 3471.825409 3492.683105 3502.105217 3514.093150 3522.315907 3531.895967 3546.462449
-9999.0 -9999.0 -9999.0 -9999.0 -9999.0 -9999.0 -9999.0 -9999.0 3057.120339 3064.996437 3069.996364 3066.278982 3061.293082 3054.871294 3069.001571 3083.812256 3098.974275 3116.614671 3131.396884 3148.821901 3161.740397 3175.376298 3193.723873 3203.088378 3212.214396 3225.662436 3237.044785 3250.196913 3268.925299 3275.168781 3284.658183 3302.357621 3316.368958 3331.519208 3347.971043 3362.814435 3381.541741 3410.247803 3437.755346 3452.795048 3477.541476 3493.695289 3487.265866 3484.790786 3485.300830 3507.319166 3532.472246 3560.440284 3578.492360 3601.049797 3628.406304 3646.640658 3655.465766 3666.164915 3679.600995
-9999.0 -9999.0 -9999.0 -9999.0 -9999.0 -9999.0 3029.026767 3053.117352 3067.885678 3058.773545 3044.044860 3038.267264 3031.429257 3061.557805 3083.176751 3099.675552 3115.448200 3131.977384 3147.117191 3154.397588 3182.189197 3200.191746 3210.624993 3222.498524 3235.409530 3248.257764 3262.891575 3282.610399 3298.619231 3319.144279 3333.944105 3349.036392 3371.050508 3386.918870 3402.427140 3414.827723 3441.137912 3474.561032 3507.948777 3531.426491 3554.965024 3585.429798 3584.823843 3586.229628 3587.547914 3610.442375 3643.355257 3672.403935 3703.601746 3733.583605 3761.244304 3771.424900 3780.120666 3789.754614 3801.992442
-9999.0 -9999.0 -9999.0 -9999.0 2997.266413 3017.779939 3035.957707 3065.474250 3086.831615 3081.187236 3084.848607 3082.085815 3076.845607 3080.956772 3088.132241 3104.300331 3122.269678 3140.566548 3153.617891 3178.906888 3224.147476 3233.859615 3249.682903 3277.636983 3287.205046 3299.712741 3313.774168 3332.839720 3350.196682 3376.082316 3409.236951 3437.286820 3457.520553 3475.679703 3493.673276 3509.711751 3543.530517 3579.386115 3614.060559 3644.802522 3671.083757 3696.364080 3702.841702 3707.490809 3717.155391 3733.693479 3755.792494 3782.837278 3815.799019 3847.448417 3870.469690 3879.545896 3884.690545 3894.044561 3901.542603
-9999.0 -9999.0 -9999.0 2944.879666 2982.317308 3021.410553 3046.473264 3076.006889 3107.561901 3106.732139 3114.511700 3113.532547 3111.615858 3116.028744 3118.245340 3133.487927 3150.223869 3168.529115 3187.794145 3219.951426 3247.879089 3264.679416 3291.119132 3306.235204 3318.185339 3329.803415 3346.928635 3365.812761 3400.786105 3429.659085 3474.561561 3524.036184 3555.389011 3574.210598 3595.737190 3622.383377 3646.758681 3684.548948 3717.930270 3749.454765 3779.222155 3801.074739 3815.246063 3819.772488 3829.057982 3834.757415 3847.298744 3867.966945 3889.919417 3920.100543 3948.952327 3977.195093 3992.127533 4002.921411 4019.745599
-9999.0 -9999.0 2896.569350 2935.950233 2967.022761 3011.786477 3064.112868 3098.438600 3136.987209 3155.045299 3157.332653 3167.025931 3176.109205 3176.111770 3183.885298 3195.434139 3216.020615 3223.628082 3242.529602 3257.563763 3293.928724 3326.987677 3322.918356 3360.391664 3389.400135 3420.564251 3440.610642 3466.212240 3502.784248 3536.141820 3579.773550 3628.722755 3662.518501 3689.947803 3705.311666 3724.913268 3744.872996 3770.483607 3806.426625 3831.903469 3864.875732 3889.949844 3909.369658 3910.367211 3913.041794 3928.894626 3956.605101 3986.764980 4015.066905 4043.391252 4029.232065 4051.667693 4061.689945 4067.281607 4076.073680
-9999.0 -9999.0 2866.272365 2912.664439 2946.961509 3002.960662 3088.568849 3122.032794 3161.112601 3205.203115 3217.963809 3238.246934 3231.511625 3219.986733 3236.646665 3250.041012 3269.069889 3275.538224 3268.896822 3319.952107 3371.363721 3395.808415 3403.095143 3478.137214 3529.017797 3552.087915 3567.867347 3587.495546 3606.907604 3644.833537 3683.809707 3737.366733 3778.152764 3807.533323 3821.747650 3841.203617 3860.356870 3875.251116 3894.403798 3940.202527 3974.788308 4004.924844 4036.186560 4057.232840 4065.260038 4070.077028 4045.450194 4064.196238 4076.909016 4082.391959 4084.563610 4080.792600 4080.216646 4081.030006 4081.956055
-9999.0 2778.878072 2825.492627 2875.601323 2939.642470 2998.866221 3072.924566 3146.993056 3211.612257 3262.427100 3286.642965 3279.252155 3279.275347 3303.830071 3322.265010 3338.014804 3342.461309 3351.551022 3332.252501 3384.157233 3420.415506 3469.712586 3568.298163 3625.601022 3687.029849 3682.965706 3671.374440 3676.355772 3692.323660 3737.983458 3815.535645 3870.626254 3935.064566 3983.006822 3999.669952 4006.877440 4025.249637 4045.726086 3996.159712 4038.011941 4057.269393 4073.338235 4082.242708 4084.457502 4085.694481 4085.464137 4081.787716 4074.788244 4066.625029 4060.789245 4056.562744 4052.059872 4054.495988 4057.822463 4058.030348
-9999.0 2740.465968 2792.083407 2859.833015 2926.921440 2973.605066 3053.653431 3217.967668 3279.088613 3315.821361 3320.648893 3296.560937 3353.664566 3412.366016 3436.060710 3480.214855 3464.397179 3448.929145 3412.205516 3436.938089 3475.167616 3545.205374 3713.772027 3801.413495 3851.846282 3859.732254 3860.631631 3888.540120 3931.989026 3978.503251 4023.359571 3993.351786 4041.507112 4065.202345 4070.153877 4070.846984 4076.163509 4074.734864 4073.248690 4068.817523 4063.668579 4063.831394 4068.422776 4068.264618 4065.306387 4061.931640 4056.234234 4048.811908 4043.607191 4038.978628 4036.319565 4033.479056 4031.526700 4030.806200 4025.966537
-9999.0 2699.988038 2774.875118 2826.903127 2872.339434 2962.545996 3089.702362 3232.192475 3327.289093 3360.198128 3337.514797 3372.152639 3473.680151 3578.491727 3629.913574 3650.460747 3631.377118 3583.461445 3563.682141 3606.637575 3676.234686 3794.290447 3930.851688 4028.936146 4043.985899 4047.288117 4000.459608 4025.656464 4049.010753 4051.782136 4052.878728 4060.656599 4065.720072 4068.654933 4067.088037 4064.195210 4059.380200 4051.189231 4046.383563 4042.702638 4038.931180 4037.771739 4039.770881 4041.588917 4038.769989 4034.873586 4030.396137 4024.817888 4018.510630 4011.749070 4007.434486 4003.181112 4001.047075 3995.514858 3991.991175
-9999.0 2576.093267 2672.729125 2713.162766 2786.886065 2967.673480 3093.695915 3232.434439 3396.061171 3415.663308 3460.357995 3598.185479 3716.167875 3795.632334 3824.210404 3857.320768 3881.597308 3897.419198 3933.764653 3816.290067 3895.691127 3991.769524 4035.704822 4054.756759 4064.371252 4064.735499 4054.886898 4034.103392 4023.367707 4016.611475 4018.220734 4025.498502 4030.177486 4034.966590 4032.663255 4033.716292 4034.799472 4031.571973 4027.552288 4018.831379 4010.979787 4004.285100 4001.030250 4005.726805 4001.070946 3998.700313 3992.506973 3984.068732 3975.121523 3967.744999 3959.781987 3953.217377 3950.982761 3945.971762 3944.780096
-9999.0 2495.187208 2567.634222 2626.615901 2736.571646 2892.090004 2983.727340 3140.108824 3379.249848 3514.189915 3676.504350 3766.440701 3836.334476 3878.275042 3928.443882 3979.925086 4006.550895 4018.049614 3987.580534 4009.395760 3966.757466 3955.722535 3973.165505 4002.185384 4019.205309 4023.257136 4015.381901 4006.189197 3998.924733 3997.800879 3995.632884 3991.579128 3987.465989 3983.880137 3980.739952 3983.698541 3989.002015 3981.889935 3971.628388 3962.181833 3953.666696 3944.446608 3938.495466 3933.847021 3934.210559 3934.475802 3926.845053 3916.353689 3905.500653 3897.214808 3890.019096 3885.516638 3882.848832 3877.885303 3868.263437
-9999.0 2374.397998 2507.510707 2583.204890 2676.558113 2796.829513 2898.622190 3046.216759 3173.972455 3417.225518 3557.629532 3748.392471 3797.657902 3866.971401 3914.311744 3987.129456 3982.590106 3951.174994 3908.126280 3891.930139 3902.914291 3911.856009 3920.134601 3934.657403 3952.272627 3962.358045 3967.297385 3961.234765 3947.027027 3934.602818 3923.547177 3909.914684 3900.539283 3898.064362 3902.056858 3912.020240 3912.556091 3903.250881 3889.142300 3870.932643 3855.341697 3843.549193 3841.535796 3844.297039 3845.386187 3841.330494 3835.521686 3824.772662 3812.187497 3799.789300 3794.101327 3789.769059 3782.379064 3771.187349 3759.349398
-9999.0 -9999.0 2421.282270 2529.399634 2621.946923 2732.005785 2810.552527 2926.090208 3061.164758 3230.374943 3345.805465 3524.803391 3619.256709 3663.078470 3697.041680 3752.600680 3777.681779 3808.698992 3802.816401 3814.381533 3824.140038 3829.403352 3834.677712 3840.455694 3850.948358 3860.733243 3870.906303 3868.100972 3859.269671 3838.799012 3813.184872 3793.261593 3782.788012 3773.565099 3785.636753 3798.161376 3792.682674 3785.777532 3773.149241 3756.950793 3744.385501 3730.158962 3726.710830 3726.647320 3727.257025 3724.966744 3722.455034 3710.050941 3697.819431 3687.949115 3683.953989 3678.377203 3674.828359 3665.070680 3654.532520
-9999.0 -9999.0 2332.619235 2436.212378 2537.437968 2654.044293 2737.153094 2749.392269 2872.725470 2970.736260 3076.640510 3186.372138 3282.204799 3350.203090 3382.750133 3444.615578 3500.376589 3518.573655 3558.368940 3611.853785 3645.867810 3684.963045 3707.806498 3717.222786 3729.681508 3744.060453 3751.502051 3736.306873 3725.034791 3707.966212 3684.592000 3657.988099 3644.508298 3644.015221 3643.106219 3644.693729 3637.115835 3628.182979 3613.755952 3599.839673 3587.667542 3578.758739 3575.197246 3569.679392 3567.426917 3564.738493 3563.070148 3557.870057 3549.651838 3545.110468 3536.996762 3533.328795 3532.589659 3529.590883 3523.935840
