tests/Borden05m/sims/sim_1/output-maps/psiliqL0005N0006.asc
ncols         160
nrows         34
xllcorner     620200.000000
yllcorner     5168000.000000
cellsize      0.500000
NODATA_value  -9999.0
[rows 0 to 24 of 34, columns 0 to 55 of 160]
-9999.0 -9999.0 -9999.0 -9999.0 -9999.0 -9999.0 -9999.0 -9999.0 -9999.0 -9999.0 -9999.0 -9999.0 -9999.0 -9999.0 -9999.0 -9999.0 -9999.0 -9999.0 -9999.0 -9999.0 -9999.0 -9999.0 -9999.0 -9999.0 -9999.0 -9999.0 -9999.0 -9999.0 -9999.0 -9999.0 -9999.0 -9999.0 -9999.0 -9999.0 -9999.0 -9999.0 -9999.0 -9999.0 -9999.0 -9999.0 -9999.0 -9999.0 -9999.0 -9999.0 -9999.0 -9999.0 -9999.0 -9999.0 -9999.0 -9999.0 -9999.0 -9999.0 -9999.0 -9999.0 -9999.0 -9999.0
-9999.0 -9999.0 -9999.0 -9999.0 -9999.0 -9999.0 -9999.0 -9999.0 -9999.0 -9999.0 -9999.0 -9999.0 -9999.0 -9999.0 -9999.0 -9999.0 -9999.0 -9999.0 -9999.0 -9999.0 -9999.0 -9999.0 -9999.0 -9999.0 -9999.0 -9999.0 -9999.0 -9999.0 -9999.0 -9999.0 -9999.0 -9999.0 -9999.0 -9999.0 -9999.0 -9999.0 -9999.0 -9999.0 -9999.0 -9999.0 -9999.0 -9999.0 -9999.0 -9999.0 -9999.0 -9999.0 -9999.0 -9999.0 -9999.0 -9999.0 -9999.0 -9999.0 -9999.0 -9999.0 -9999.0 -9999.0
-9999.0 -9999.0 -9999.0 -9999.0 -9999.0 -9999.0 -9999.0 -9999.0 -9999.0 -9999.0 -9999.0 -9999.0 -9999.0 -9999.0 -9999.0 -9999.0 -9999.0 -9999.0 -9999.0 -9999.0 -9999.0 -9999.0 -9999.0 -9999.0 -9999.0 -9999.0 -9999.0 -9999.0 -9999.0 -9999.0 -9999.0 -9999.0 -9999.0 -9999.0 -9999.0 -9999.0 -9999.0 -9999.0 -9999.0 -9999.0 -9999.0 -9999.0 -9999.0 -9999.0 -9999.0 -9999.0 -9999.0 -821.323992 -838.986704 -856.490668 -857.928207 -835.137472 -812.320004 -789.348575 -769.556388 -751.481390
-9999.0 -9999.0 -9999.0 -9999.0 -9999.0 -9999.0 -9999.0 -9999.0 -9999.0 -9999.0 -9999.0 -9999.0 -9999.0 -9999.0 -9999.0 -9999.0 -9999.0 -9999.0 -9999.0 -9999.0 -9999.0 -9999.0 -9999.0 -9999.0 -9999.0 -9999.0 -9999.0 -9999.0 -9999.0 -9999.0 -9999.0 -9999.0 -9999.0 -9999.0 -9999.0 -9999.0 -9999.0 -9999.0 -9999.0 -9999.0 -774.474458 -768.762404 -766.990097 -778.258091 -789.744548 -801.306982 -821.118534 -839.118141 -855.287289 -858.540529 -856.284623 -850.500508 -827.549988 -804.185710 -785.543863 -768.576371
-9999.0 -9999.0 -9999.0 -9999.0 -9999.0 -9999.0 -9999.0 -9999.0 -9999.0 -9999.0 -9999.0 -9999.0 -9999.0 -9999.0 -9999.0 -9999.0 -9999.0 -9999.0 -9999.0 -9999.0 -9999.0 -9999.0 -9999.0 -9999.0 -9999.0 -9999.0 -9999.0 -9999.0 -9999.0 -9999.0 -9999.0 -9999.0 -9999.0 -9999.0 -864.670675 -847.198855 -829.513757 -811.791744 -795.768364 -789.682669 -784.045927 -778.380133 -782.580920 -787.756065 -799.279632 -817.620859 -837.595125 -852.330876 -855.525451 -858.556170 -854.473902 -841.592413 -825.620129 -809.699481 -789.512234 -767.463407
-9999.0 -9999.0 -9999.0 -9999.0 -9999.0 -9999.0 -9999.0 -9999.0 -9999.0 -9999.0 -9999.0 -9999.0 -9999.0 -9999.0 -9999.0 -9999.0 -9999.0 -9999.0 -9999.0 -9999.0 -9999.0 -9999.0 -9999.0 -9999.0 -9999.0 -9999.0 -9999.0 -9999.0 -858.988046 -865.125659 -870.688459 -872.548953 -874.231387 -875.928714 -869.265499 -857.095491 -839.029929 -818.234760 -806.150381 -799.580019 -793.601953 -793.147729 -798.189355 -800.895977 -801.157764 -813.020911 -824.852693 -835.989256 -846.780378 -848.131417 -839.049781 -826.042466 -810.968313 -797.164597 -782.921195 -769.485143
-9999.0 -9999.0 -9999.0 -9999.0 -9999.0 -9999.0 -9999.0 -9999.0 -9999.0 -9999.0 -9999.0 -9999.0 -9999.0 -9999.0 -9999.0 -9999.0 -9999.0 -9999.0 -9999.0 -9999.0 -9999.0 -9999.0 -9999.0 -887.092310 -880.970957 -874.814605 -867.887921 -867.409425 -872.270760 -878.392346 -882.097618 -884.163340 -886.100216 -882.254010 -874.085633 -860.785587 -845.375264 -824.578605 -816.640528 -810.225690 -798.180347 -796.847641 -793.241262 -789.813996 -792.238604 -795.185295 -807.148454 -816.027258 -810.221208 -804.376366 -798.955817 -792.655347 -780.859518 -766.088264 -749.190857 -729.447612
-9999.0 -9999.0 -9999.0 -9999.0 -9999.0 -9999.0 -9999.0 -9999.0 -9999.0 -9999.0 -9999.0 -9999.0 -9999.0 -9999.0 -9999.0 -9999.0 -9999.0 -9999.0 -9999.0 -911.136857 -910.596144 -910.041391 -905.867746 -905.147174 -903.176545 -896.500595 -888.741574 -887.284236 -889.202181 -891.492485 -890.419927 -888.281689 -884.761246 -873.638734 -860.324032 -846.839618 -833.219251 -813.157233 -799.182485 -785.759314 -770.234705 -772.781090 -778.202990 -781.284851 -781.590114 -781.426455 -774.848575 -771.186464 -766.540980 -760.857645 -754.398581 -746.828050 -737.688132 -720.429149 -701.374440 -682.338931
-9999.0 -9999.0 -9999.0 -9999.0 -9999.0 -9999.0 -9999.0 -9999.0 -9999.0 -9999.0 -9999.0 -9999.0 -9999.0 -9999.0 -9999.0 -9999.0 -938.594293 -936.981357 -935.318996 -930.431115 -928.604381 -925.077193 -918.664899 -918.193604 -914.723955 -908.108788 -903.543625 -895.712405 -888.542436 -881.717745 -876.370253 -874.297106 -867.002423 -857.957423 -846.724763 -831.565940 -810.243716 -788.769302 -773.497446 -757.970942 -742.366503 -743.177686 -745.279221 -745.053440 -744.902363 -736.934687 -719.275699 -713.883345 -710.475059 -691.618637 -678.440180 -674.215389 -668.616859 -652.802225 -631.074491 -605.558723
-9999.0 -9999.0 -9999.0 -9999.0 -9999.0 -9999.0 -9999.0 -9999.0 -9999.0 -9999.0 -9999.0 -9999.0 -9999.0 -981.123079 -977.195302 -968.602183 -961.600718 -960.013682 -956.797430 -951.844014 -940.154167 -937.226462 -931.515611 -924.350815 -913.745720 -905.883273 -897.195118 -886.047738 -878.178986 -871.639724 -865.126992 -858.635363 -845.301337 -830.499580 -815.223936 -795.841908 -775.612936 -755.549597 -735.494055 -722.216352 -709.123134 -705.969234 -709.247437 -708.944054 -701.514737 -683.918422 -666.145724 -653.743181 -632.203025 -610.026642 -596.936879 -584.795978 -577.157398 -567.034535 -548.852603 -512.699223
-9999.0 -9999.0 -9999.0 -9999.0 -9999.0 -9999.0 -9999.0 -9999.0 -9999.0 -9999.0 -1017.225654 -1014.533232 -1018.286546 -1017.336707 -1013.369594 -1002.057820 -989.653689 -983.051388 -972.591317 -952.798667 -936.607182 -933.779881 -919.316921 -910.129910 -904.326498 -894.164258 -881.683637 -869.261404 -852.380698 -840.403699 -828.018064 -807.550092 -792.132376 -777.019501 -760.762308 -742.817127 -722.864016 -693.680834 -667.996112 -655.052295 -631.688594 -617.527521 -622.356797 -623.709068 -617.917811 -601.146555 -577.732953 -550.610294 -527.671794 -498.898694 -473.024121 -454.670023 -440.322563 -422.462010 -398.894404 -340.518577
-9999.0 -9999.0 -9999.0 -9999.0 -9999.0 -9999.0 -9999.0 -9999.0 -1040.859055 -1034.417632 -1028.153407 -1031.490467 -1036.659951 -1039.889108 -1027.647080 -1012.302107 -996.947238 -980.843655 -965.545260 -948.576556 -933.480227 -917.332507 -899.027770 -887.890052 -876.656999 -862.330800 -849.464334 -832.004781 -811.673103 -797.138129 -778.251139 -757.672265 -739.369592 -723.117523 -706.783538 -690.485268 -663.010164 -630.715645 -600.201723 -576.197249 -549.718473 -524.379665 -524.635670 -521.991986 -517.986679 -489.921900 -452.155539 -405.444696 -345.225896 -245.172995 -103.740078 -60.016717 -42.275656 -28.870859 -14.299147 4.244756
-9999.0 -9999.0 -9999.0 -9999.0 -9999.0 -9999.0 -1065.602764 -1041.713587 -1027.329543 -1035.465326 -1042.883568 -1046.206023 -1049.588379 -1032.896473 -1012.279199 -996.232923 -980.322458 -963.858134 -948.465998 -933.610483 -898.409346 -883.761832 -869.431096 -849.694959 -836.985304 -824.271270 -808.037910 -785.504533 -763.176210 -730.758056 -701.003469 -675.013845 -650.561507 -632.902141 -616.640063 -599.118940 -569.120478 -532.962736 -495.614251 -459.992512 -421.284609 -373.658973 -351.054650 -335.520509 -309.745599 -240.420404 -103.072827 -45.866111 -1.073036 43.743548 89.628257 110.113122 121.602137 129.026767 134.087034 139.226188
-9999.0 -9999.0 -9999.0 -9999.0 -1098.373713 -1077.700414 -1057.226345 -1026.538129 -1004.192039 -1010.349527 -1002.877355 -1002.349133 -1003.608850 -1002.245423 -997.715368 -980.509152 -963.961078 -947.405890 -928.980696 -890.505994 -851.141646 -835.170131 -808.410484 -777.539578 -764.865791 -751.663092 -738.132736 -716.781955 -688.056382 -654.586144 -608.630927 -569.881376 -544.858998 -522.672307 -502.769828 -477.830551 -439.468588 -381.936806 -289.464948 -122.633075 -56.138244 -23.006017 -7.396433 1.363129 16.720684 43.246411 83.581789 114.828396 135.505358 150.235306 162.179016 168.391032 170.587368 173.418423 175.988904 179.807308
-9999.0 -9999.0 -9999.0 -1143.553216 -1105.347034 -1069.456321 -1042.230106 -1011.668461 -980.739520 -973.883113 -966.312806 -959.345366 -952.079128 -943.337768 -933.000665 -917.771013 -905.557005 -895.363578 -875.924598 -840.423641 -805.156867 -770.810761 -740.257866 -710.180297 -688.234099 -674.487638 -660.455629 -638.355672 -601.116121 -562.676589 -511.075838 -448.791958 -392.736701 -343.451467 -291.686384 -189.587554 -93.707658 -37.973892 12.484257 68.247298 106.912594 128.304123 137.366934 139.501478 142.859069 147.245233 156.293921 164.638507 170.754549 179.730063 189.265931 196.602150 200.119676 201.799938 207.285459 217.088858
-9999.0 -9999.0 -1188.964301 -1152.752487 -1117.282641 -1065.017419 -1013.120129 -980.813896 -940.429410 -914.893565 -907.983092 -888.823308 -871.792821 -863.312212 -846.220651 -829.349617 -818.920334 -818.002282 -808.522175 -772.201820 -719.123307 -671.492075 -637.801606 -582.610982 -551.291959 -532.064885 -521.906912 -497.942471 -462.302812 -396.429014 -271.183875 -107.513457 -44.209118 -6.617000 14.773688 46.688976 85.238501 110.476090 135.799120 150.717879 162.643166 171.283376 178.483076 180.488132 180.841219 186.067176 193.798661 201.260522 209.023459 222.356626 235.246301 235.216265 234.403947 234.057699 233.272356 233.388964
-9999.0 -9999.0 -1212.934747 -1169.530179 -1125.772770 -1053.545672 -980.541720 -943.354603 -900.669610 -857.621866 -839.013461 -816.601239 -795.470068 -774.944110 -752.419642 -729.059465 -728.538606 -728.038122 -730.308751 -679.390136 -624.483575 -560.069179 -475.055566 -396.719153 -326.544277 -311.763020 -298.721799 -236.573764 -124.084767 -54.004635 12.228897 78.399155 120.936841 139.917617 146.677981 154.686493 164.671082 172.592157 178.314069 191.593641 197.324253 204.357477 218.115987 232.720865 237.798018 237.296578 234.952306 234.180389 233.611570 233.133106 232.776363 229.181039 228.368895 228.515097 229.604834 225.048147
-9999.0 -1297.219390 -1245.787535 -1191.288861 -1119.671585 -1049.333233 -961.543451 -880.376146 -834.453481 -795.571066 -768.867625 -747.968665 -689.765322 -641.013330 -616.802678 -588.183754 -593.814302 -599.665918 -609.926798 -571.995443 -513.594487 -380.826388 -106.938311 -31.529207 2.844987 7.610181 6.262758 28.368442 68.581638 107.692831 148.709638 167.596872 186.154424 198.792489 201.863461 202.174568 211.367192 225.032336 236.846519 239.099087 238.414951 237.666397 233.036864 232.687942 232.934761 232.824847 229.763277 224.091963 217.177886 212.489800 209.259086 205.132891 207.747770 210.950012 212.752896 207.160935
-9999.0 -1330.740165 -1269.423834 -1196.037091 -1123.792075 -1041.297843 -923.668342 -802.581950 -761.122290 -730.369811 -701.035154 -649.895326 -563.397263 -490.630468 -443.820285 -386.113662 -392.076989 -413.923240 -415.612008 -353.589140 -174.141938 -58.520714 78.590473 145.910021 149.960179 155.350120 159.051573 170.468667 185.278026 197.211710 207.810060 224.149200 226.480433 225.933402 225.723733 225.692074 226.004858 226.094888 223.074912 219.761334 215.394366 215.359555 218.567556 218.348240 216.154337 213.948545 209.452038 203.366984 201.176717 200.034872 199.698704 198.871141 198.807363 200.035979 199.019726 197.767207
-9999.0 -1350.531344 -1281.337592 -1215.628915 -1137.528432 -1005.994318 -886.719660 -763.071488 -679.456898 -646.500538 -594.850315 -498.605477 -347.215766 -109.076322 -41.393259 -20.753767 -15.381233 -27.275753 -16.502962 24.422528 91.913718 149.146619 177.348515 208.159930 212.978244 213.306687 211.532568 213.224498 214.559997 214.535756 214.100986 212.241814 216.064344 217.690632 216.526108 213.956700 209.880577 203.151317 200.180416 199.646570 198.770753 199.296096 201.104311 201.525337 200.855608 199.893943 198.971963 197.765649 196.831063 195.490752 195.458977 194.929147 195.017787 193.865142 192.822356 192.219027
-9999.0 -1430.842020 -1348.265869 -1283.677625 -1136.388389 -976.322262 -856.092751 -703.643484 -580.214036 -533.821878 -417.982205 -128.295702 8.675126 95.124085 130.400928 148.000280 156.705817 165.098874 177.143224 180.711198 205.168187 222.069285 222.370364 220.392995 212.095163 212.426507 206.906601 195.901316 192.548227 190.159612 191.508296 195.202564 197.851490 200.910590 199.694789 200.001074 199.896582 198.801606 198.558542 196.108969 193.854221 192.325127 192.325456 195.986776 193.879385 193.394713 192.477282 191.151868 189.679363 188.415095 186.931557 185.271073 185.130943 183.147056 183.858655 182.617962
-9999.0 -1511.724334 -1431.130636 -1317.499932 -1157.082969 -994.874134 -840.634565 -671.092206 -491.776789 -366.999062 -117.085615 14.044112 109.670078 153.770740 180.206106 189.959957 197.748261 199.145960 199.484232 197.212647 182.505207 178.935261 184.437160 192.909550 195.055485 196.281760 192.503252 189.143491 188.443006 190.091813 190.656282 191.217031 191.339249 190.693315 189.127861 189.571388 191.994633 190.204221 188.129348 186.368296 184.859101 182.330093 180.483500 179.530023 179.249848 180.521035 178.882483 176.511680 174.394936 173.337493 171.803711 170.425435 170.263415 167.966433 163.887216 157.279860
-9999.0 -1592.144242 -1479.144579 -1370.904325 -1226.683484 -1085.117807 -942.979965 -774.083443 -616.401344 -389.149729 -52.367372 56.912661 112.322543 137.355276 163.479367 189.406873 191.571127 176.856169 166.677678 160.988686 162.537336 165.990887 169.994687 176.618389 181.498179 184.342427 184.731080 182.275304 177.832147 176.477200 176.656048 174.369630 172.513916 172.973247 171.930438 174.005368 175.694350 171.717622 165.982956 157.788992 150.413271 145.238761 143.684364 144.206570 144.371736 143.675563 141.598546 138.687061 134.892219 131.614196 129.375054 127.488806 121.834529 109.939942 89.979425 57.877229
-9999.0 -9999.0 -1546.384745 -1431.672461 -1311.789852 -1179.972778 -1044.489854 -883.300522 -730.696467 -547.026573 -402.257741 -131.635144 -46.668620 -2.162343 54.298906 117.273632 131.292676 140.275897 129.548011 130.966018 132.619827 133.598320 136.691436 140.720663 145.574036 149.258053 152.061174 151.655233 148.191402 142.114495 135.182859 130.512998 127.784535 123.914311 128.707233 133.457750 131.842629 127.361540 110.755931 79.581240 51.481188 30.358932 23.437184 23.000828 22.812234 20.172827 15.803073 4.580458 -6.202169 -16.553035 -20.669853 -25.917280 -33.943616 -52.095365 -85.850809 -174.395427
-9999.0 -9999.0 -1627.302022 -1513.181684 -1386.959604 -1258.301465 -1146.260195 -1022.661003 -861.070355 -741.181884 -647.651178 -564.211027 -493.116190 -421.770328 -320.458902 -121.116563 -70.395351 -53.837509 -47.736744 -39.385024 -24.514155 -10.126562 0.546917 12.090688 26.450049 41.090902 50.478993 37.200617 23.310212 5.749252 -13.219719 -32.008975 -41.354591 -46.795167 -43.197094 -37.569503 -43.589756 -57.896522 -89.860165 -171.927430 -250.246517 -298.870060 -313.485599 -317.988177 -319.069242 -326.032979 -336.250258 -360.099679 -385.838548 -403.068697 -416.023365 -426.811966 -433.216238 -445.620316 -459.947276 -470.190940
