tests/Borden05m/sims/sim_1/output-maps/psiliqL0014N0017.asc
ncols         160
nrows         34
xllcorner     620200.000000
yllcorner     5168000.000000
cellsize      0.500000
NODATA_value  -9999.0
[rows 0 to 24 of 34, columns 56 to 111 of 160]
-9999.0 -9999.0 -9999.0 -9999.0 -9999.0 -9999.0 -9999.0 -9999.0 -9999.0 -9999.0 -9999.0 -9999.0 -9999.0 -9999.0 -9999.0 -9999.0 -9999.0 -9999.0 -9999.0 -9999.0 -9999.0 -9999.0 -9999.0 -9999.0 -9999.0 -9999.0 -9999.0 -9999.0 -9999.0 -9999.0 -9999.0 -9999.0 -9999.0 -9999.0 -9999.0 -9999.0 -9999.0 -9999.0 -9999.0 -9999.0 -9999.0 -9999.0 -9999.0 -9999.0 -9999.0 -9999.0 -9999.0 -9999.0 -9999.0 -9999.0 -9999.0 -9999.0 -9999.0 -9999.0 -9999.0 -9999.0
-9999.0 -9999.0 -9999.0 1027.180049 1021.804239 1016.782543 1012.135351 1003.499485 994.552368 986.497553 982.822588 982.207462 981.727387 981.619731 987.119261 995.390846 1003.276871 1010.644770 1013.270695 1015.902013 1018.294608 1018.931781 1017.864962 1014.775956 1011.604406 1008.315526 1006.878542 998.936755 987.652647 978.944433 976.232272 980.643377 985.086848 987.540018 993.271059 1003.884919 1014.557080 1022.955363 1034.715852 1040.401475 1045.267436 1047.891871 1043.449862 1039.552492 1035.363199 1029.860116 1018.615278 -9999.0 -9999.0 -9999.0 -9999.0 -9999.0 -9999.0 -9999.0 -9999.0 -9999.0
990.728276 1011.018762 1014.431233 1003.185771 998.391785 995.318423 993.537225 988.977826 980.619847 975.680747 970.602479 969.017585 969.403512 969.775237 974.149160 984.619703 992.825020 997.803378 1000.541016 1003.366838 1003.171336 1002.806086 1002.656326 999.918937 996.616993 993.339217 991.633486 992.217239 984.697009 979.230183 975.810138 974.057682 976.569978 978.934818 982.345000 991.714596 999.738310 1007.748124 1021.945019 1034.200010 1039.196415 1036.345592 1030.986256 1026.751278 1019.560486 1009.048683 998.429387 988.651614 981.379294 975.448137 969.245677 974.819844 981.069638 990.483923 999.734999 1011.406440
975.769418 996.179136 999.250909 988.775115 980.781531 975.886619 976.396314 979.338853 976.182244 971.901378 967.085241 976.070416 977.696609 979.143939 982.725853 985.991599 989.500162 992.450165 998.028341 1007.233385 1010.164115 1010.882795 1011.186737 1009.489684 1006.484916 1004.772286 1002.113276 997.005625 995.934613 996.228432 995.925367 1000.816855 1002.279894 1004.036547 997.374037 1000.885209 1006.960275 1013.658831 1019.935097 1026.344595 1029.914738 1026.260606 1025.013530 1016.067861 1001.681366 990.092473 981.178914 978.971050 975.274268 966.863661 953.521384 960.145589 975.169009 979.250614 982.051884 993.266012
971.497342 983.528340 986.833739 982.165374 983.871798 985.791809 987.595397 986.364459 983.728075 981.992403 994.757297 1004.499399 1006.680771 1009.944923 1013.937551 1013.725881 1002.177401 1000.035330 1008.461282 1018.966904 1024.933553 1025.372649 1025.467821 1023.447090 1022.541947 1022.262815 1020.192003 1020.941297 1023.386781 1023.249596 1027.782742 1033.411258 1036.295024 1028.642681 1019.486817 1020.292230 1027.933997 1035.974741 1043.118763 1053.476201 1064.406351 1062.999923 1056.864436 1047.195438 1032.960222 1008.858649 988.770108 977.202828 969.291668 961.375539 960.878730 957.004053 967.756720 968.767889 970.039302 977.622560
977.882710 999.439758 1007.636867 1002.163027 997.611803 995.365972 996.516878 997.047078 1000.343919 1012.998048 1027.082557 1041.789355 1044.971143 1047.914335 1047.821596 1039.225110 1029.293224 1025.864111 1040.719680 1057.163475 1065.662970 1066.493920 1065.762415 1072.526165 1071.358854 1069.860128 1065.186401 1067.260391 1068.615186 1078.317916 1086.010857 1093.151418 1091.329877 1079.224808 1067.594475 1065.958746 1068.677369 1071.970443 1078.031092 1087.970883 1097.258643 1091.666496 1083.957919 1073.298457 1044.036613 1016.364542 998.842117 998.142185 997.455317 991.718530 987.748478 983.787213 976.167913 974.905903 973.302038 972.027798
1027.856173 1048.431647 1064.576738 1059.361139 1051.850203 1042.301083 1043.345620 1046.715302 1055.197790 1068.604227 1086.334699 1110.725920 1113.946804 1117.479191 1120.401555 1109.529579 1097.528300 1086.759156 1105.024090 1115.559885 1124.429206 1126.213441 1135.984493 1145.913441 1141.548142 1133.767400 1123.556193 1129.960515 1141.594102 1156.799584 1163.733918 1167.682390 1166.219985 1154.881741 1148.871111 1147.254890 1149.332075 1146.801325 1151.240962 1161.046245 1175.603308 1174.408438 1164.932101 1141.619306 1103.683607 1068.627305 1047.657132 1052.461365 1044.624185 1036.824696 1032.261557 1017.473289 1005.806666 1004.971118 994.570172 987.618842
1076.121367 1095.030976 1113.839968 1109.473723 1099.499638 1086.627023 1086.543163 1094.425095 1105.126745 1124.668667 1147.870018 1172.104792 1180.464547 1183.632397 1193.654841 1187.642752 1178.590486 1170.705744 1182.590513 1194.766339 1206.671491 1216.440475 1229.301391 1240.822241 1230.959046 1218.820732 1213.498619 1218.917778 1238.984371 1256.547075 1261.704350 1262.887455 1265.429443 1256.022855 1249.295597 1242.476710 1237.253010 1231.286451 1227.009386 1245.094675 1261.257320 1259.014499 1235.123388 1210.255192 1172.883691 1134.162811 1101.471614 1100.577963 1096.713656 1094.799580 1079.030197 1062.696217 1045.714251 1035.525711 1025.564202 1010.745434
1166.319634 1187.555612 1209.351400 1210.322050 1193.996030 1186.285561 1191.420072 1204.558015 1212.289440 1228.363171 1252.607563 1284.396028 1305.628455 1324.625626 1329.363620 1321.542351 1313.030698 1300.353625 1299.005249 1316.493130 1328.557175 1339.176588 1349.801156 1362.157499 1367.343146 1364.580750 1364.093774 1367.413637 1374.866717 1384.121194 1390.816973 1396.023912 1401.280985 1396.977811 1386.508870 1380.089995 1371.248792 1364.501990 1361.694027 1364.322224 1375.329614 1372.600435 1345.403973 1317.781421 1284.912259 1247.123008 1215.159949 1197.560962 1203.210484 1191.617694 1172.396137 1152.333338 1117.004436 1100.230670 1083.768001 1054.070748
1268.791087 1296.819089 1311.790981 1325.185612 1320.358818 1322.258160 1326.732075 1334.524988 1339.913819 1348.193361 1380.961667 1415.974738 1445.207735 1469.581686 1478.487475 1468.602401 1459.286347 1447.634408 1438.542919 1443.185539 1457.650693 1474.229800 1489.659764 1500.704435 1504.157977 1502.944644 1503.252092 1505.348904 1508.392164 1511.490798 1517.694318 1524.841628 1534.575337 1545.109496 1538.814550 1521.930050 1509.539688 1495.820834 1490.670013 1488.883967 1486.993486 1486.369279 1477.525185 1445.062162 1415.908585 1383.390313 1354.637329 1333.490878 1319.735911 1299.387258 1275.799584 1228.785416 1188.046249 1152.754472 1125.509361 1097.142543
1384.232935 1415.066907 1438.827927 1454.187721 1457.147202 1460.032586 1463.138311 1469.434605 1475.015869 1482.358630 1505.518463 1543.217681 1580.495095 1610.477290 1614.553673 1605.342522 1595.260017 1585.255044 1574.560348 1571.262233 1579.338993 1590.594331 1606.669925 1617.715200 1626.819212 1625.848407 1626.225882 1626.789134 1628.886767 1630.757119 1632.837291 1639.929938 1651.764631 1662.948842 1663.610365 1649.725163 1632.442858 1614.883427 1607.596294 1601.362307 1595.124269 1594.839371 1594.980305 1586.384309 1560.411200 1523.940261 1481.326971 1455.120694 1433.684680 1419.771906 1402.715684 1375.178741 1322.479989 1290.873989 1255.399537 1221.640991
1498.499427 1528.157730 1558.768406 1577.507513 1585.299198 1586.146462 1588.581742 1596.608104 1603.216060 1613.455601 1630.369098 1654.932369 1684.404278 1711.472160 1728.794232 1725.085508 1712.434989 1695.100153 1689.613871 1688.185726 1690.206405 1696.794118 1704.869454 1720.158870 1735.786612 1740.977204 1741.643361 1739.225132 1741.365609 1742.575402 1742.704711 1743.880533 1748.798644 1755.846122 1758.188993 1752.915069 1736.341673 1715.757741 1701.309781 1692.421459 1687.541100 1685.318634 1686.380325 1685.653787 1673.068341 1643.346295 1604.672768 1571.223658 1549.131083 1532.460684 1517.776203 1505.587538 1484.403741 1465.521795 1434.017575 1390.188297
1601.117446 1627.109535 1654.078823 1678.370549 1695.063722 1699.383904 1705.507701 1711.043383 1721.141503 1736.924353 1756.441506 1771.041261 1788.548799 1810.344548 1823.346163 1829.124813 1829.348226 1827.848654 1829.413083 1829.345121 1800.241202 1803.198189 1806.071111 1813.651431 1821.875131 1824.481959 1824.635031 1823.422108 1824.592704 1825.047820 1825.261936 1824.974831 1825.132546 1827.382997 1828.078978 1826.666889 1819.290379 1823.097318 1805.678613 1793.407129 1785.621918 1777.676767 1768.961208 1759.158838 1749.105620 1732.169739 1704.695526 1671.160286 1644.026102 1631.962921 1624.327582 1616.456908 1609.928971 1593.728677 1571.594801 1540.270434
1705.267486 1721.571719 1742.052805 1769.944674 1789.421439 1800.293283 1809.329216 1814.594031 1827.184710 1840.806834 1835.157854 1839.393654 1843.733257 1848.001462 1849.555305 1849.965420 1849.621849 1847.095032 1846.266909 1844.028378 1838.996433 1829.029357 1830.047192 1831.132396 1833.234428 1836.417687 1834.883043 1835.683807 1838.590337 1837.182644 1831.846073 1828.365347 1826.847728 1827.308377 1834.270359 1837.214815 1837.785243 1836.406333 1835.541460 1834.944033 1833.300865 1831.315951 1828.510275 1824.806648 1828.684503 1818.226995 1794.506909 1760.984386 1725.585068 1711.754753 1707.275405 1706.686014 1702.940247 1695.917664 1676.856722 1649.368636
1818.331781 1831.650120 1827.668570 1838.616818 1844.445537 1847.427971 1850.461219 1853.132065 1854.535586 1851.377949 1847.922088 1843.124382 1841.684562 1840.223680 1837.629904 1837.931081 1835.544053 1831.067149 1826.812853 1819.503978 1808.020271 1796.064846 1792.838875 1796.819019 1801.342776 1805.265931 1808.181672 1811.300817 1812.278741 1807.678489 1800.104546 1793.285350 1791.522418 1797.960824 1803.440802 1808.669263 1809.341013 1808.087326 1806.301872 1806.816965 1804.790945 1805.799638 1812.756546 1826.348301 1832.105469 1834.909643 1834.327508 1826.184104 1811.535124 1805.160146 1785.360236 1788.378306 1783.110923 1771.042168 1749.651875 1725.558706
1845.168291 1844.679249 1843.103479 1837.311325 1831.662325 1831.011166 1834.847957 1841.514885 1842.545434 1835.295646 1826.618073 1819.160730 1811.846363 1809.163148 1807.387757 1806.137772 1805.531721 1799.476022 1790.713814 1774.459709 1762.039845 1750.068824 1743.360497 1740.685105 1744.932750 1754.224211 1763.466223 1767.826043 1760.994141 1753.727471 1743.384885 1735.674210 1736.099715 1738.343291 1747.305516 1761.293803 1766.161579 1767.152859 1762.511814 1758.578266 1753.512040 1752.379603 1760.060032 1775.698364 1791.549544 1805.691104 1814.225525 1821.742674 1828.235720 1831.393190 1832.539622 1832.998127 1831.617870 1830.222844 1814.524203 1793.279980
1830.685494 1823.929759 1818.632042 1811.802534 1805.885558 1803.843830 1805.808368 1808.134489 1804.224100 1796.938190 1786.069940 1774.381224 1763.875249 1756.750115 1756.635564 1757.850608 1757.878742 1750.551312 1735.310006 1717.220058 1703.029525 1688.482155 1683.813131 1678.307158 1673.323260 1683.242616 1699.910168 1705.889064 1692.365643 1682.705378 1668.871669 1661.940252 1659.036048 1660.648563 1670.029749 1689.966129 1709.690861 1711.435019 1702.450845 1693.808818 1690.123239 1688.681292 1696.080827 1714.918152 1735.636061 1751.260171 1761.699114 1768.136159 1776.861829 1786.821458 1799.532883 1812.998966 1824.212797 1832.347513 1836.649559 1834.505543
1802.664619 1794.407342 1786.234386 1778.662641 1771.900946 1767.037596 1764.251729 1760.776927 1754.074301 1746.247766 1730.423631 1717.385235 1704.506064 1689.976289 1685.654335 1681.666170 1682.358595 1670.413419 1659.615415 1640.651632 1624.578975 1608.392828 1597.102046 1590.771195 1584.393478 1587.439148 1602.119726 1610.763040 1598.034259 1588.055818 1575.853279 1570.213688 1567.185812 1569.341399 1579.743148 1601.607131 1620.419342 1627.996059 1620.971723 1617.278714 1616.353162 1616.417847 1623.380175 1638.460374 1658.981297 1680.901842 1698.172228 1708.627909 1717.286010 1728.191594 1743.371587 1758.002653 1772.562211 1790.095808 1810.568437 1825.434571
1765.295194 1754.775042 1744.545438 1733.454887 1722.250115 1715.347247 1715.903417 1708.616192 1701.538312 1684.572532 1636.821098 1617.714738 1598.966935 1582.878068 1576.257520 1567.985897 1558.242446 1548.437115 1541.366892 1534.976948 1519.144295 1501.260555 1484.469960 1478.824750 1474.284204 1463.880749 1467.015663 1469.597888 1475.227240 1468.259580 1463.333225 1461.981432 1459.749028 1462.909429 1476.595548 1488.133077 1498.014130 1504.811902 1505.009098 1513.167723 1520.576428 1526.494719 1543.517431 1557.699485 1576.035117 1598.317962 1623.148969 1637.813874 1648.547887 1660.578098 1677.195574 1694.786954 1713.192404 1736.359237 1761.694299 1778.276506
1718.749641 1704.310736 1689.617802 1676.290682 1662.954180 1648.775539 1648.849521 1644.661606 1635.134134 1591.494793 1548.887898 1515.735530 1497.046781 1474.183601 1461.831032 1449.264316 1420.705507 1405.448509 1399.694690 1405.526917 1396.344952 1379.222020 1365.099112 1356.387325 1348.956437 1335.102500 1324.611789 1329.357814 1342.407410 1338.938026 1338.253481 1343.107217 1341.803286 1338.197623 1342.743432 1357.026407 1365.150496 1375.697348 1388.740073 1394.093406 1405.314059 1433.612723 1448.381686 1464.757666 1485.817378 1508.693556 1532.570758 1554.438906 1569.160356 1585.166642 1605.167832 1623.248752 1645.154002 1669.611226 1699.272326 1720.163616
1649.772235 1629.641117 1612.404817 1594.205910 1571.979573 1550.871585 1547.607738 1539.853862 1518.463132 1470.965263 1430.953846 1401.676364 1379.019458 1354.569793 1334.522990 1305.409158 1273.168194 1252.417626 1258.974857 1266.386945 1268.480154 1254.632450 1241.917457 1231.558131 1216.870654 1201.126162 1188.715921 1197.539685 1206.059969 1216.112068 1220.282246 1224.167004 1227.416275 1226.476641 1221.376864 1225.318510 1234.429219 1245.235680 1256.672644 1272.301166 1303.498333 1329.101664 1347.693944 1369.608667 1390.998120 1415.045340 1440.298913 1463.549903 1481.366401 1501.356484 1521.992976 1544.384566 1566.451891 1592.438839 1622.798477 1648.661133
1571.685359 1544.747353 1521.645740 1493.875049 1453.588400 1438.126315 1428.620782 1413.697646 1375.265776 1332.679026 1299.847769 1277.427701 1252.603936 1228.871305 1201.259612 1169.326636 1143.431063 1123.054356 1130.028838 1137.212699 1149.569454 1137.979145 1127.310421 1121.375720 1106.286507 1092.335821 1077.516289 1084.793516 1095.035205 1113.212924 1117.737148 1121.409675 1128.883195 1128.076133 1125.567304 1115.706374 1124.470632 1135.455159 1149.909461 1178.715052 1204.033998 1228.928532 1251.546136 1273.162022 1297.008868 1322.297237 1347.971210 1375.252961 1396.390030 1417.124790 1440.302128 1462.135301 1481.635392 1503.650695 1531.181584 1555.424358
1464.814926 1442.415081 1417.824388 1380.202933 1336.396728 1301.004172 1282.814740 1242.304630 1208.080341 1175.291514 1160.157490 1142.251917 1119.268339 1097.540098 1076.019747 1050.268037 1027.887217 1003.429582 1007.144641 1019.826261 1033.976938 1029.185051 1026.124477 1023.010522 1011.926882 998.183535 984.556103 988.150700 1003.603014 1020.636470 1028.567809 1035.478216 1043.193902 1043.445340 1036.447618 1028.145764 1034.081558 1048.859282 1065.643789 1086.900762 1110.039328 1133.022355 1154.933748 1179.133107 1204.239618 1229.804729 1257.288874 1285.992848 1308.322479 1333.865644 1360.189432 1381.051522 1394.633678 1409.606075 1434.726409 1454.673645
1359.789554 1335.181290 1308.101243 1267.091663 1225.085094 1182.445866 1141.737532 1108.132806 1076.855015 1060.503046 1041.575816 1023.846857 1005.714166 984.298002 964.883800 946.265900 923.996578 907.239963 912.589927 925.452638 935.898392 939.134898 936.099987 932.991467 925.654622 911.839515 902.750382 911.430991 926.740808 941.427761 951.902143 958.752434 964.804940 962.243311 954.135626 949.110849 957.563201 973.517552 988.759687 1006.402921 1028.600246 1050.788120 1073.695120 1097.760938 1121.917426 1148.567723 1176.109810 1204.229210 1232.308407 1257.746539 1281.253728 1294.235674 1307.466738 1315.837494 1333.134511 1353.032225
1236.885679 1210.896096 1182.344113 1149.327624 1111.035364 1080.740809 1048.000914 1016.498817 985.680707 959.604707 942.728091 932.945442 917.982318 898.706406 885.191165 868.156781 851.598651 852.211041 854.615163 865.075745 865.635831 866.143809 863.112814 861.964407 857.872315 847.918574 855.625673 862.939322 877.366740 888.057024 897.587817 903.838591 907.985961 908.227662 902.384639 906.513483 913.791532 928.608733 940.863159 956.320892 977.725842 995.996192 1016.443286 1039.758822 1063.985006 1089.503657 1116.735655 1146.145932 1172.842837 1194.358300 1205.688004 1218.429438 1225.837628 1221.724238 1237.513132 1254.313693
