tests/Borden05m/sims/sim_1/output-maps/psiliqL0022N0002.asc
ncols         160
nrows         34
xllcorner     620200.000000
yllcorner     5168000.000000
cellsize      0.500000
NODATA_value  -9999.0
[rows 0 to 24 of 34, columns 0 to 54 of 160]
-9999.0 -9999.0 -9999.0 -9999.0 -9999.0 -9999.0 -9999.0 -9999.0 -9999.0 -9999.0 -9999.0 -9999.0 -9999.0 -9999.0 -9999.0 -9999.0 -9999.0 -9999.0 -9999.0 -9999.0 -9999.0 -9999.0 -9999.0 -9999.0 -9999.0 -9999.0 -9999.0 -9999.0 -9999.0 -9999.0 -9999.0 -9999.0 -9999.0 -9999.0 -9999.0 -9999.0 -9999.0 -9999.0 -9999.0 -9999.0 -9999.0 -9999.0 -9999.0 -9999.0 -9999.0 -9999.0 -9999.0 -9999.0 -9999.0 -9999.0 -9999.0 -9999.0 -9999.0 -9999.0 -9999.0
-9999.0 -9999.0 -9999.0 -9999.0 -9999.0 -9999.0 -9999.0 -9999.0 -9999.0 -9999.0 -9999.0 -9999.0 -9999.0 -9999.0 -9999.0 -9999.0 -9999.0 -9999.0 -9999.0 -9999.0 -9999.0 -9999.0 -9999.0 -9999.0 -9999.0 -9999.0 -9999.0 -9999.0 -9999.0 -9999.0 -9999.0 -9999.0 -9999.0 -9999.0 -9999.0 -9999.0 -9999.0 -9999.0 -9999.0 -9999.0 -9999.0 -9999.0 -9999.0 -9999.0 -9999.0 -9999.0 -9999.0 -9999.0 -9999.0 -9999.0 -9999.0 -9999.0 -9999.0 -9999.0 -9999.0
-9999.0 -9999.0 -9999.0 -9999.0 -9999.0 -9999.0 -9999.0 -9999.0 -9999.0 -9999.0 -9999.0 -9999.0 -9999.0 -9999.0 -9999.0 -9999.0 -9999.0 -9999.0 -9999.0 -9999.0 -9999.0 -9999.0 -9999.0 -9999.0 -9999.0 -9999.0 -9999.0 -9999.0 -9999.0 -9999.0 -9999.0 -9999.0 -9999.0 -9999.0 -9999.0 -9999.0 -9999.0 -9999.0 -9999.0 -9999.0 -9999.0 -9999.0 -9999.0 -9999.0 -9999.0 -9999.0 -9999.0 2488.549560 2471.484996 2457.628870 2453.864958 2475.567142 2498.969065 2523.014869 2543.780337
-9999.0 -9999.0 -9999.0 -9999.0 -9999.0 -9999.0 -9999.0 -9999.0 -9999.0 -9999.0 -9999.0 -9999.0 -9999.0 -9999.0 -9999.0 -9999.0 -9999.0 -9999.0 -9999.0 -9999.0 -9999.0 -9999.0 -9999.0 -9999.0 -9999.0 -9999.0 -9999.0 -9999.0 -9999.0 -9999.0 -9999.0 -9999.0 -9999.0 -9999.0 -9999.0 -9999.0 -9999.0 -9999.0 -9999.0 -9999.0 2537.425512 2543.438706 2543.783139 2533.961313 2522.897483 2509.846607 2489.587566 2472.311094 2458.907104 2457.057551 2459.819244 2463.430776 2484.877460 2510.316545 2530.396476
-9999.0 -9999.0 -9999.0 -9999.0 -9999.0 -9999.0 -9999.0 -9999.0 -9999.0 -9999.0 -9999.0 -9999.0 -9999.0 -9999.0 -9999.0 -9999.0 -9999.0 -9999.0 -9999.0 -9999.0 -9999.0 -9999.0 -9999.0 -9999.0 -9999.0 -9999.0 -9999.0 -9999.0 -9999.0 -9999.0 -9999.0 -9999.0 -9999.0 -9999.0 2444.635571 2461.772629 2479.858545 2498.525996 2515.590148 2522.702668 2528.563959 2534.153587 2529.854503 2525.596170 2514.238212 2493.991142 2474.867933 2462.023372 2460.992823 2458.850541 2462.900526 2475.080111 2492.004533 2507.589019 2528.448147
-9999.0 -9999.0 -9999.0 -9999.0 -9999.0 -9999.0 -9999.0 -9999.0 -9999.0 -9999.0 -9999.0 -9999.0 -9999.0 -9999.0 -9999.0 -9999.0 -9999.0 -9999.0 -9999.0 -9999.0 -9999.0 -9999.0 -9999.0 -9999.0 -9999.0 -9999.0 -9999.0 -9999.0 2449.385602 2443.546408 2438.815196 2437.434069 2436.190338 2435.320269 2442.048973 2453.520512 2470.970621 2493.107002 2506.490399 2513.932409 2520.927904 2521.591938 2516.178671 2514.640518 2515.351838 2503.196983 2491.361681 2480.309326 2469.567212 2467.203668 2476.597844 2491.100721 2507.578444 2522.477427 2537.964687
-9999.0 -9999.0 -9999.0 -9999.0 -9999.0 -9999.0 -9999.0 -9999.0 -9999.0 -9999.0 -9999.0 -9999.0 -9999.0 -9999.0 -9999.0 -9999.0 -9999.0 -9999.0 -9999.0 -9999.0 -9999.0 -9999.0 -9999.0 2419.096379 2424.345486 2430.999565 2438.756533 2439.837166 2436.370439 2431.054392 2428.439124 2427.175341 2425.235804 2429.905760 2437.323743 2450.563494 2466.113218 2488.439344 2496.959077 2501.950552 2513.758869 2517.417130 2524.883844 2529.105249 2527.534108 2524.067296 2510.145547 2499.538416 2502.850377 2507.716338 2514.853962 2523.343342 2536.965463 2551.355880 2567.340607
-9999.0 -9999.0 -9999.0 -9999.0 -9999.0 -9999.0 -9999.0 -9999.0 -9999.0 -9999.0 -9999.0 -9999.0 -9999.0 -9999.0 -9999.0 -9999.0 -9999.0 -9999.0 -9999.0 2394.166999 2395.281724 2396.828646 2401.756236 2402.318660 2404.315421 2411.294494 2419.500456 2422.392955 2420.461313 2419.501549 2421.044305 2423.818653 2428.436354 2439.249213 2452.836921 2466.893903 2480.065209 2500.841412 2515.392543 2528.167220 2543.767365 2544.086846 2540.612871 2539.160891 2539.482417 2538.585228 2538.980478 2539.438930 2545.924946 2548.162884 2552.843206 2562.241395 2573.990692 2591.157515 2609.559999
-9999.0 -9999.0 -9999.0 -9999.0 -9999.0 -9999.0 -9999.0 -9999.0 -9999.0 -9999.0 -9999.0 -9999.0 -9999.0 -9999.0 -9999.0 -9999.0 2365.027373 2366.934800 2369.406963 2374.992148 2378.588554 2382.694443 2389.772689 2391.279336 2394.927715 2402.143528 2406.838703 2416.075210 2424.426141 2431.621678 2437.520931 2440.014128 2446.769719 2456.027910 2467.483676 2481.659689 2502.020363 2525.287535 2541.011923 2557.709793 2574.946532 2575.674216 2574.368260 2575.126443 2574.436319 2577.322261 2592.824574 2597.081428 2594.192365 2606.362321 2619.176704 2623.136384 2631.852299 2651.947862 2674.923041
-9999.0 -9999.0 -9999.0 -9999.0 -9999.0 -9999.0 -9999.0 -9999.0 -9999.0 -9999.0 -9999.0 -9999.0 -9999.0 2316.115569 2320.268906 2330.462026 2341.406124 2344.459495 2349.374889 2356.029120 2368.310501 2372.051544 2378.181984 2385.569341 2398.121761 2406.833850 2415.771142 2427.512758 2435.583485 2442.521842 2448.996504 2452.658001 2464.562211 2478.817760 2493.492606 2512.793642 2534.491753 2553.402222 2571.990980 2588.140146 2600.568712 2599.659082 2599.071901 2601.606441 2607.662248 2623.497873 2641.397262 2645.172842 2657.951004 2679.754437 2691.663501 2701.124439 2708.988501 2723.376860 2745.101168
-9999.0 -9999.0 -9999.0 -9999.0 -9999.0 -9999.0 -9999.0 -9999.0 -9999.0 -9999.0 2286.588189 2288.460745 2285.007946 2283.292123 2289.043512 2301.516800 2316.000141 2322.063392 2334.099782 2355.456737 2373.951066 2377.221409 2391.034846 2401.491201 2408.324888 2418.345439 2431.174667 2443.299548 2458.918938 2470.574957 2480.045390 2497.165469 2512.823154 2528.846595 2546.047941 2566.161957 2583.140102 2608.351903 2635.023229 2645.564197 2664.626553 2670.531100 2667.423674 2666.964340 2676.870222 2690.634563 2708.410207 2727.222095 2746.012792 2769.667494 2783.272920 2797.461681 2808.073880 2820.094632 2836.286374
-9999.0 -9999.0 -9999.0 -9999.0 -9999.0 -9999.0 -9999.0 -9999.0 2261.601283 2269.539312 2275.297473 2272.240463 2267.901159 2262.864859 2277.412205 2293.167008 2309.249054 2327.498574 2343.313659 2361.605180 2375.987821 2391.251827 2411.513090 2422.695609 2433.663465 2448.728116 2461.870987 2477.337223 2497.832609 2507.144474 2520.028911 2539.871578 2556.162995 2573.286049 2591.642057 2608.808639 2632.551285 2664.219356 2694.764587 2713.848055 2740.807239 2759.288303 2756.127386 2756.964036 2760.534505 2785.570358 2813.832206 2844.021633 2800.596163 2823.713174 2850.981092 2868.315613 2877.036397 2887.640315 2900.916676
-9999.0 -9999.0 -9999.0 -9999.0 -9999.0 -9999.0 2233.265500 2257.629689 2272.833609 2264.526914 2251.928248 2247.413391 2242.139337 2270.599723 2293.055445 2310.586025 2327.554885 2345.267665 2361.677250 2371.779167 2403.151676 2422.148895 2435.059278 2450.171292 2464.795584 2479.407613 2496.159915 2518.206241 2537.108313 2561.495537 2581.080358 2600.333809 2626.157465 2644.720913 2662.841418 2678.815614 2708.334547 2743.262485 2779.154079 2805.996785 2831.989308 2804.326049 2805.248669 2807.286048 2809.758244 2831.133709 2862.701642 2891.246956 2922.194768 2952.074791 2978.631155 2986.079891 2994.568037 3004.006541 3015.878979
-9999.0 -9999.0 -9999.0 -9999.0 2200.449715 2221.268315 2240.371412 2270.613306 2292.794652 2287.865917 2293.150552 2292.059321 2288.758192 2293.618055 2301.664193 2319.486473 2338.691441 2358.200729 2373.972462 2404.425040 2450.567289 2463.517588 2483.480935 2513.990854 2526.275213 2541.081980 2557.207211 2578.835880 2600.341822 2631.191338 2669.293090 2701.847519 2725.400108 2745.481238 2766.091482 2785.901489 2821.229715 2798.685815 2832.621132 2863.361253 2889.709729 2913.894881 2921.545239 2926.446070 2936.032328 2951.706534 2972.731111 2996.303736 3027.740559 3058.643412 3081.549958 3091.430574 3096.827454 3105.940875 3113.776099
-9999.0 -9999.0 -9999.0 2147.963452 2186.874067 2225.802575 2251.852234 2282.249146 2314.481490 2316.158473 2325.053465 2326.945716 2328.339425 2335.258709 2340.847344 2357.967555 2375.779451 2394.573935 2416.994581 2452.259097 2483.949004 2506.535479 2536.097610 2556.316592 2572.692424 2587.261449 2606.240800 2628.364318 2667.939482 2701.535538 2748.468653 2800.447602 2834.808028 2797.423764 2817.609363 2843.132795 2866.401276 2902.034979 2934.696582 2965.598700 2992.436785 3014.157319 3028.887668 3033.585215 3042.124703 3048.050345 3061.096443 3081.256725 3102.424083 3131.390714 3159.352922 3185.622139 3199.647626 3209.640824 3225.656835
-9999.0 -9999.0 2099.971969 2138.848270 2171.103364 2218.991921 2271.899364 2306.672817 2346.575879 2367.358076 2372.052293 2385.310622 2398.519972 2402.507517 2414.533783 2429.665262 2450.903474 2459.922574 2479.824898 2501.689134 2543.854657 2582.463839 2588.396709 2633.326261 2665.749079 2697.340057 2717.174381 2744.883393 2783.093708 2820.775851 2805.609987 2852.982305 2886.786160 2913.824618 2928.286438 2946.551475 2966.151372 2987.350854 3021.308835 3046.798567 3078.134459 3102.551657 3121.867886 3124.109248 3126.893134 3142.031470 3167.894316 3195.815320 3222.157429 3248.276357 3239.858470 3258.179137 3266.336813 3270.888185 3278.044542
-9999.0 -9999.0 2070.918414 2116.828302 2153.332286 2214.260723 2298.180562 2333.404103 2374.459894 2420.340287 2436.289973 2459.325210 2460.718257 2458.338763 2479.231490 2497.775424 2516.484984 2525.098600 2522.561916 2576.606562 2633.235219 2668.285836 2690.028894 2763.912740 2814.859813 2837.523872 2794.725976 2813.162971 2832.995840 2871.150470 2911.103536 2962.660305 3000.367106 3028.774066 3042.337775 3060.102961 3078.375201 3093.047583 3111.095466 3153.584987 3184.689953 3212.495631 3241.478033 3261.587311 3269.183493 3273.104340 3253.059290 3268.317272 3278.664912 3283.127799 3284.824734 3281.161833 3280.525592 3281.271409 3282.203740
-9999.0 1979.060103 2031.415680 2082.779567 2148.623081 2211.927178 2289.627365 2366.256791 2429.187791 2479.798608 2506.997596 2508.020837 2522.579544 2555.287339 2578.552878 2600.511665 2606.963824 2617.107454 2603.456679 2657.683628 2700.872148 2759.264269 2807.967840 2862.821428 2916.753169 2913.640434 2903.097182 2909.538474 2926.929538 2970.309567 3039.917128 3090.657145 3149.558172 3193.317889 3208.313147 3214.406740 3231.511597 3250.829662 3213.439426 3247.866180 3263.540476 3276.619794 3283.006226 3284.808994 3285.815854 3285.628387 3282.074098 3275.284822 3267.274720 3261.555403 3257.408290 3252.905916 3255.331642 3258.638256 3259.067932
-9999.0 1941.636423 1999.698153 2069.064022 2137.590815 2191.880329 2281.725759 2439.329513 2498.678488 2536.700687 2549.212593 2543.154474 2609.103801 2673.208594 2703.480300 2750.656940 2741.722180 2731.221560 2705.833288 2736.262154 2780.279273 2793.133792 2949.363763 3031.621027 3072.648270 3080.496334 3082.526515 3108.812935 3148.644648 3190.214807 3229.654980 3209.090492 3248.666219 3267.952717 3271.983070 3272.547259 3276.874688 3275.711858 3273.867830 3269.604335 3264.579829 3264.716110 3269.061648 3268.875269 3265.996763 3262.760592 3257.151964 3249.724540 3244.436976 3239.824899 3237.143352 3234.260110 3232.455196 3232.034320 3227.466190
-9999.0 1904.876006 1978.368502 2038.327662 2090.835015 2189.872548 2318.170644 2458.949925 2554.044566 2589.695668 2584.487485 2633.582447 2736.328860 2813.002418 2862.271842 2882.719757 2869.365494 2829.604106 2816.444786 2858.111276 2923.906003 3028.061261 3146.490653 3234.971654 3248.255605 3250.943531 3212.827368 3233.336502 3252.345869 3254.601338 3255.493901 3261.482474 3266.405764 3269.159300 3267.651375 3264.773979 3260.025083 3251.958968 3247.117126 3243.568487 3239.890362 3238.941051 3241.104038 3242.669471 3239.954539 3236.107655 3231.648351 3226.064197 3219.853653 3213.191014 3209.048407 3204.938918 3202.872577 3197.684940 3194.026082
-9999.0 1789.511873 1883.077818 1928.384921 2016.318334 2199.536177 2327.479027 2470.777971 2629.080125 2656.632736 2713.036865 2826.716672 2937.368117 3011.348872 3041.692569 3075.553884 3099.476979 3116.153434 3150.094992 3057.652652 3126.950180 3207.320835 3243.081641 3258.588797 3264.848094 3265.144619 3255.798148 3235.515785 3224.889111 3218.145225 3219.747199 3226.954732 3231.831110 3236.780412 3234.529841 3235.381390 3236.078819 3232.757903 3228.846465 3220.339668 3212.601919 3206.241060 3203.476454 3208.335478 3203.641657 3201.060910 3195.031890 3186.854254 3178.217125 3170.886096 3163.160936 3156.696616 3154.426301 3149.408351 3148.280400
-9999.0 1708.550879 1782.421453 1851.908708 1971.563658 2135.055250 2241.900040 2402.397857 2631.511636 2760.298685 2894.860901 2975.790242 3043.510231 3089.383841 3141.199303 3188.482870 3212.469429 3221.829118 3197.028795 3213.563444 3173.659454 3163.076442 3179.457849 3206.695191 3221.858464 3225.588162 3217.432984 3207.751568 3200.527018 3199.402014 3197.501565 3194.268990 3190.922962 3187.788475 3184.646474 3187.236931 3192.247692 3185.504794 3175.950613 3167.000152 3158.915379 3150.059618 3144.309319 3140.127201 3140.050666 3140.230754 3132.796819 3122.528592 3111.967444 3103.907175 3096.752531 3092.085687 3089.656116 3084.922328 3076.156869
-9999.0 1595.636454 1724.348035 1806.346940 1909.531804 2040.529701 2151.579214 2306.730973 2442.737207 2678.195387 2810.734606 2969.330119 3012.808277 3075.825610 3124.905913 3193.206710 3190.086934 3158.354325 3117.979322 3101.277512 3109.274600 3117.392914 3126.327067 3141.667021 3158.569334 3168.071792 3171.811128 3165.162506 3151.119085 3139.673128 3130.014361 3117.642209 3109.027156 3106.970111 3109.868401 3118.854519 3119.940092 3110.767941 3097.157284 3079.814932 3064.869083 3053.582424 3051.349462 3053.704269 3054.526834 3050.772818 3044.825199 3034.401237 3022.112021 3010.218397 3004.234762 2999.812188 2992.889302 2982.470434 2973.796635
-9999.0 -9999.0 1641.868934 1750.883005 1848.678214 1962.885741 2060.128150 2185.917722 2328.958769 2503.514286 2621.351845 2784.534377 2850.728361 2893.081333 2930.427551 2982.646061 3003.891478 3029.395984 3018.622281 3026.587377 3034.128036 3038.554828 3044.302052 3051.161949 3061.894923 3071.258821 3080.272234 3077.530563 3068.551520 3049.214429 3025.447304 3007.061396 2997.183772 2988.766974 2999.872745 3011.961084 3007.367507 3000.630495 2988.385715 2975.090681 2962.525195 2948.607900 2945.139109 2945.268437 2945.788045 2943.426167 2940.437299 2928.416074 2916.242208 2905.995483 2901.754357 2896.260250 2892.378776 2882.628484 2872.227399
-9999.0 -9999.0 1554.674138 1659.931291 1765.650541 1884.217474 1972.887802 2006.970743 2147.930479 2255.457805 2362.067114 2469.656270 2562.367295 2631.998027 2671.130463 2735.019770 2788.336080 2808.117124 2798.095352 2842.112008 2872.146415 2906.257560 2926.602022 2936.150932 2948.491233 2962.044234 2969.604081 2955.513525 2944.379220 2927.599133 2905.379982 2880.164030 2867.325500 2865.875310 2866.052938 2868.840958 2861.987272 2853.002572 2838.823528 2824.626974 2812.378635 2802.827941 2799.207135 2794.508535 2792.669670 2790.060464 2788.353765 2848.671184 2838.889014 2832.590040 2823.535550 2818.055699 2815.385778 2810.007459 2802.131312
