tests/Borden05m/sims/sim_1/output-maps/psiliqL0009N0002.asc
ncols         160
nrows         34
xllcorner     620200.000000
yllcorner     5168000.000000
cellsize      0.500000
NODATA_value  -9999.0
[rows 0 to 25 of 34, columns 57 to 113 of 160]
-9999.0 -9999.0 -9999.0 -9999.0 -9999.0 -9999.0 -9999.0 -9999.0 -9999.0 -9999.0 -9999.0 -9999.0 -9999.0 -9999.0 -9999.0 -9999.0 -9999.0 -9999.0 -9999.0 -9999.0 -9999.0 -9999.0 -9999.0 -9999.0 -9999.0 -9999.0 -9999.0 -9999.0 -9999.0 -9999.0 -9999.0 -9999.0 -9999.0 -9999.0 -9999.0 -9999.0 -9999.0 -9999.0 -9999.0 -9999.0 -9999.0 -9999.0 -9999.0 -9999.0 -9999.0 -9999.0 -9999.0 -9999.0 -9999.0 -9999.0 -9999.0 -9999.0 -9999.0 -9999.0 -9999.0 -9999.0 -9999.0
-9999.0 -9999.0 6.333245 0.733568 -4.738730 -9.908877 -19.163680 -28.598495 -37.412550 -41.554419 -42.602409 -43.574718 -44.066971 -38.827468 -30.922282 -23.337243 -16.152173 -13.820480 -11.435532 -9.167427 -8.696500 -10.049862 -13.372683 -16.735902 -20.214607 -21.742516 -30.144359 -41.715133 -50.765256 -53.572706 -49.042756 -44.468439 -41.878993 -35.696683 -24.677760 -13.613633 -4.886458 7.003399 12.652939 17.914480 21.229041 17.329857 13.936322 10.387344 5.755480 -5.190246 -9999.0 -9999.0 -9999.0 -9999.0 -9999.0 -9999.0 -9999.0 -9999.0 -9999.0 -9999.0 -9999.0
-11.490695 -8.259445 -19.142321 -24.050252 -27.503401 -29.848258 -35.151699 -44.150695 -49.747524 -55.403023 -57.261390 -57.403744 -57.466227 -53.349005 -43.465077 -35.514213 -30.767585 -28.382145 -25.942926 -25.940607 -26.495491 -26.948958 -29.930886 -33.435275 -36.912592 -38.767419 -38.745400 -46.448251 -51.864192 -55.183891 -56.442023 -53.945614 -51.572638 -48.440173 -38.664968 -30.215584 -21.762046 -7.469231 4.958811 10.298847 8.039531 3.168321 -0.369367 -6.621555 -16.295826 -26.657015 -37.036017 -44.164042 -49.465710 -54.602815 -48.320039 -41.700014 -31.264649 -20.939732 -8.735299 3.525002 -9999.0
-27.886771 -25.161182 -36.174735 -44.790818 -49.444725 -49.566555 -47.557265 -51.483503 -56.395721 -60.827521 -53.068914 -51.966551 -50.926228 -47.800081 -44.497211 -42.161943 -39.439680 -34.162443 -25.241727 -22.671118 -22.245844 -22.213540 -24.131986 -27.329756 -29.190015 -32.028778 -37.301601 -38.274982 -37.872061 -37.854885 -32.606863 -31.081031 -29.659023 -36.633446 -33.195359 -26.804847 -19.776012 -12.676333 -5.558924 -0.841961 -3.813585 -4.843133 -12.973826 -26.602340 -37.904950 -46.506864 -48.889839 -51.928351 -59.494675 -71.586159 -64.473794 -48.705885 -43.840173 -39.990502 -27.891293 -15.447931 -5.132397
-43.732419 -40.938575 -46.250779 -45.497101 -44.267870 -43.007480 -44.861894 -48.096352 -49.740843 -36.956717 -27.571250 -26.011842 -23.249561 -19.966007 -21.277676 -33.753005 -36.480923 -27.999331 -17.563878 -11.732354 -11.684220 -11.848794 -13.557360 -14.672562 -15.249278 -17.696111 -16.660533 -14.066752 -13.425688 -8.311283 -2.585829 0.222772 -8.298133 -17.567445 -17.040200 -9.321477 -1.274030 6.202980 17.295433 29.118288 28.017237 22.435817 13.677244 0.141852 -23.260815 -43.104709 -53.588368 -60.099930 -66.910802 -67.447127 -69.564114 -58.675854 -56.697055 -54.778413 -46.019487 -35.519216 -25.247498
-30.910120 -22.877077 -29.249134 -35.192127 -38.877387 -38.529353 -38.466783 -35.143505 -22.019245 -8.175017 6.795639 9.299856 11.684470 11.217967 1.389403 -9.082247 -13.441266 1.601420 17.413003 25.601855 26.394865 26.660064 34.570712 32.527193 29.897153 24.375931 26.751905 29.442683 40.784467 48.435201 55.326359 53.499895 41.720505 30.631870 28.651546 30.582158 32.743491 38.676309 49.223176 59.521615 54.789700 47.506407 37.204548 8.226883 -19.744015 -36.811260 -36.043818 -35.480972 -39.965860 -42.960147 -46.454708 -53.870259 -54.133038 -54.581032 -54.936232 -42.750599 -30.346240
14.621518 30.613913 24.385877 15.537885 4.242897 4.388841 7.690117 15.894099 29.154594 47.576969 71.781123 75.304320 79.017177 82.762761 71.838144 59.534317 47.702747 63.804161 73.545270 82.537501 85.591393 96.920514 107.138656 102.183060 93.514201 83.812497 90.375358 104.094612 119.403249 126.145187 129.944623 130.247123 120.292157 114.788687 111.943426 112.226712 108.240366 111.258300 122.181272 137.617042 137.782872 127.329280 104.428534 68.084440 32.705026 10.394923 14.747388 8.255077 2.110523 -2.073220 -16.253898 -27.683259 -27.876874 -37.415711 -43.655301 -32.117195 -25.985568
59.397011 77.464163 73.389572 61.961458 49.120801 48.879201 56.878515 66.353002 85.423641 109.761743 135.026019 146.682245 153.188021 162.568939 155.919788 146.550950 137.545083 144.783214 157.361977 169.655874 180.994035 194.081668 206.321232 199.369067 189.264399 186.036410 190.912022 209.071832 225.343420 231.759189 235.263247 240.430835 234.134446 226.487457 217.411334 208.644569 200.291987 194.665441 210.109918 224.917895 223.001425 199.427567 175.044115 139.994785 102.349371 67.878343 63.323057 61.596139 59.975582 44.371402 28.681769 10.137004 -0.771394 -9.903512 -24.943978 -20.235922 -14.648648
154.038600 174.550469 178.431439 163.450844 157.721643 162.532458 174.256420 180.815969 195.472912 223.244419 258.804926 285.027864 308.009440 312.844235 303.429519 293.367261 278.957301 273.878406 288.408619 300.984457 313.524392 326.590252 340.482231 348.907113 348.506886 349.087473 352.721605 358.969484 368.215391 378.256487 388.568991 398.339479 399.164073 388.802214 377.499962 362.560413 349.395606 343.603008 341.989220 349.383005 347.536725 324.612581 296.519225 264.162142 225.979642 192.350588 170.383215 171.850826 158.176649 139.846611 118.154311 81.368058 62.278048 45.257184 14.907407 9.971347 19.867674
265.247640 282.764011 298.736923 297.368205 299.837718 303.311985 310.088998 316.446332 327.255719 364.766611 406.463597 442.470245 470.840513 481.320434 470.709024 459.231809 446.276805 435.681163 437.479660 452.061169 470.828894 490.162830 504.797358 511.372891 511.545458 513.007088 516.262322 522.007956 528.897055 541.122262 556.832371 573.103124 586.842096 580.787410 558.256630 534.219465 508.947112 497.070014 492.217338 487.505351 486.366674 480.372327 449.449819 417.742207 379.889563 340.844145 312.509159 291.652440 270.193101 247.326949 203.073336 162.159812 126.699973 97.409082 67.782190 62.601517 86.795524
399.208500 430.844228 450.125379 456.168998 458.832262 461.937210 469.123686 477.398411 491.358866 522.997425 570.598085 613.225646 644.705502 650.322497 641.875804 631.311339 620.301280 610.830592 607.956221 614.899972 625.861907 642.120074 655.268039 666.902115 667.659476 668.954450 670.352762 674.569034 679.851112 686.530376 698.630316 713.181350 724.087251 724.334619 709.273860 686.475086 663.196023 651.662658 643.578427 637.288712 636.486315 635.792675 628.712670 601.062286 557.229532 498.383858 458.117858 428.565673 409.425694 388.653570 364.319733 316.093748 287.004703 251.716861 214.125952 186.659540 217.853133
548.378003 588.777674 613.076984 623.502648 624.507450 626.801176 634.021113 642.235487 656.702300 679.046437 706.094419 735.033529 759.846237 776.133663 773.236042 762.990972 748.458945 745.422194 745.181456 747.066681 752.929119 759.364182 772.840115 786.575687 791.438265 792.387019 790.946024 794.206726 797.243566 800.143503 803.557173 808.864645 815.147885 816.588605 811.392886 795.639942 776.108531 761.503550 753.368870 749.549862 747.277146 747.310908 744.832063 731.976550 700.899671 657.555963 617.409545 588.097345 563.134517 538.754933 519.885649 499.286540 477.424426 443.630505 396.093098 351.706009 336.468676
679.385414 710.196972 735.775998 751.525517 755.068886 759.876672 763.371207 772.870070 788.255496 806.647919 820.160809 834.796803 852.466164 862.175991 867.400090 868.635368 869.007843 871.634188 872.355787 859.366402 861.606845 863.412163 866.763989 871.603381 872.772478 872.863825 872.707153 874.314184 875.801311 877.680396 878.981484 879.185521 880.434278 880.371541 879.122631 874.143882 872.290047 857.906317 848.364450 842.702019 836.442579 828.667366 819.520419 810.006163 794.834130 769.263561 737.521342 708.693310 692.607871 679.449749 667.654302 657.956976 639.849963 614.827429 578.373568 527.401220 477.462869
783.431489 802.884771 826.286586 841.383369 849.297365 855.540980 858.743350 868.903450 880.237904 879.079486 881.540393 883.568386 884.999516 885.167009 885.196240 885.363985 883.834006 884.487408 884.113338 880.188011 871.942506 873.484444 874.346260 876.009138 878.663825 876.812042 877.639848 881.057664 880.799507 877.058560 875.038650 874.221409 874.397406 880.674409 882.948662 883.341817 883.435110 883.760732 884.658699 884.911413 884.570692 883.263260 881.094152 880.099659 871.248366 851.712566 824.629670 795.179105 780.295702 772.869902 771.243207 766.320206 759.323302 740.470670 711.772271 671.004980 627.492736
880.183075 883.970107 888.829483 890.815175 891.206857 892.113130 893.301317 892.944305 889.466860 886.162781 882.049817 881.152913 879.820193 877.301458 877.878035 876.241952 873.299563 871.410053 867.383364 858.950406 849.068921 847.198411 851.100094 854.524743 857.041613 858.608205 861.276904 863.242995 860.332531 854.855723 849.815197 848.561937 854.294164 858.558447 862.142897 862.271841 861.298774 860.539879 862.202087 861.321661 862.534114 868.209418 879.297326 884.799125 885.457224 885.390222 882.425608 876.591497 864.000131 845.468945 847.455389 842.646364 832.193588 813.866165 792.984149 766.061708 739.410051
889.810000 888.596135 883.495842 878.154546 877.190282 880.154345 885.941517 886.711356 879.858730 872.357680 866.353860 860.496884 858.635248 857.038268 856.168028 856.432772 852.393042 847.138493 834.937825 825.296770 815.138619 809.109097 806.894756 810.570041 817.540463 824.200480 827.873278 822.985111 817.910197 810.250420 804.286218 805.190078 807.328876 814.542950 825.555655 828.287671 829.347574 826.229195 824.357710 820.737766 820.383577 827.164171 840.102109 852.345675 863.195875 869.829539 876.425594 882.302850 887.474610 887.541335 886.825015 885.449002 882.769660 870.103119 853.321108 834.543552 814.889737
875.226394 871.918854 866.720855 861.864435 860.287536 862.135072 864.323549 860.602002 853.661186 843.773600 833.264445 823.681208 817.768902 817.839615 819.318589 819.967108 815.041368 802.980969 787.524362 774.045856 758.927020 753.173539 747.034593 742.167893 750.434866 764.354004 769.339379 757.859034 750.194986 738.661556 732.837792 730.870495 732.468284 740.962277 758.405393 775.386712 777.149977 769.893076 763.465760 761.503030 761.907314 770.888582 789.163702 807.010942 819.697859 828.276617 833.943581 841.727279 850.183782 859.962743 870.324641 878.732033 886.835055 888.545150 887.884656 886.026460 873.934882
857.246669 851.641324 846.244133 841.186258 837.185726 834.270877 830.733614 823.256278 814.484428 800.330364 785.855737 771.724468 756.814748 752.229613 748.967706 750.368745 739.918552 729.362201 708.837683 688.123700 665.576132 650.636060 641.427507 633.638716 637.804746 652.697131 661.537891 647.501161 637.458539 624.684916 618.709351 615.957722 618.219415 629.225770 653.237021 673.694440 682.004559 675.653357 671.903949 672.435011 676.519799 688.798239 708.779087 730.787453 752.291756 769.543491 781.370972 790.806668 801.077987 814.263316 826.375052 837.867544 851.705881 867.752652 879.709465 887.823318 892.581743
830.302559 822.198556 812.772356 802.908662 796.723694 796.096322 786.891927 776.115862 757.046873 707.261765 681.489758 655.312471 634.699716 626.109919 617.258892 610.370878 600.314235 591.396633 577.261307 551.237209 521.711845 497.709678 488.032239 481.355487 473.589433 481.047326 485.201496 485.590895 476.858944 468.889256 465.161773 462.713582 467.498452 483.852550 500.480393 515.908272 524.597396 522.409197 529.991340 539.001466 547.488667 573.951777 596.968526 621.401643 649.552491 681.138082 702.739819 718.076159 732.238784 749.865620 768.330282 786.068883 806.870185 828.409907 841.947175 851.340295 861.721773
788.422491 773.176832 758.506763 744.335344 730.434905 728.137105 719.252103 701.990122 650.645017 594.276830 546.734641 513.918991 483.576341 468.470995 456.325607 431.298463 416.498090 407.480158 406.999353 390.658606 367.520098 348.872220 338.804410 331.613568 319.404338 313.049340 317.576903 328.061839 321.827274 318.429612 321.252648 319.188925 317.076280 325.717293 342.276968 352.689053 363.174816 373.365594 378.173783 386.984680 414.473300 433.977906 455.322027 482.712701 514.554927 551.500779 585.949733 609.030085 630.886891 657.619800 684.023805 712.244534 739.599041 769.714107 790.107580 804.705488 815.969140
707.931921 684.134714 658.603260 633.185022 608.519571 601.826666 587.678844 557.926894 493.663248 437.387942 395.240076 365.337500 336.746923 317.338545 291.971169 261.084428 241.224187 243.967004 249.487617 246.274734 230.084387 215.749524 204.916249 191.934490 176.928095 166.641793 174.742706 183.235582 188.863239 191.304922 194.691498 196.269242 195.164515 192.367905 200.194145 209.257425 219.510256 229.203407 240.416962 268.134963 293.115981 311.562292 334.442711 358.233257 386.347371 417.785316 447.454085 471.111981 498.090717 529.375531 567.066260 602.826173 639.340349 679.282310 712.052534 732.626810 749.913390
591.953482 556.251414 516.357987 469.706121 449.600435 437.499256 422.548726 382.145149 331.083736 286.917867 256.801643 229.730614 204.690602 178.567875 148.681922 121.942667 102.730102 109.235314 115.800267 125.093732 112.444234 100.351045 93.576426 79.111143 65.261013 51.476738 59.432835 68.824077 84.386483 87.881873 90.914623 97.014482 95.586703 93.347192 86.154521 94.743798 104.353286 116.861550 142.515585 166.782730 190.410351 211.083792 231.572644 254.697287 280.266459 306.966173 335.192885 357.985364 381.518175 409.711338 439.954995 470.314811 505.400758 548.953572 588.123119 618.307936 647.587621
443.523062 411.416786 369.638757 321.947425 287.769801 273.549911 238.300227 203.539604 163.796808 141.696924 121.496574 97.956331 76.333295 55.421593 29.468236 6.829031 -16.140556 -12.020692 0.220639 13.855445 6.834355 2.505957 -0.765831 -12.207315 -25.761475 -39.216135 -35.507496 -20.733202 -4.215339 2.441947 8.601290 15.852066 15.752616 9.178043 0.710296 6.050128 19.137677 34.465392 55.357975 77.257937 98.572340 118.295394 140.290369 163.517053 187.388423 213.393541 240.599832 261.364628 286.459565 313.541685 337.678469 356.021622 378.486004 412.723059 441.682936 473.209465 506.672742
314.694319 285.988445 244.367543 201.395317 158.992503 122.928092 90.684854 59.597386 40.170896 20.982527 2.658641 -15.660722 -36.099068 -55.496255 -74.621556 -96.241966 -115.164548 -109.653302 -96.075007 -83.697560 -81.509285 -84.450991 -87.449963 -95.241237 -108.788991 -120.080694 -111.884944 -96.422574 -81.282436 -71.500358 -64.953793 -58.826754 -61.705777 -70.044932 -76.950037 -69.342971 -54.304805 -39.655054 -22.346223 -1.377140 19.515576 40.458406 62.409638 84.455776 108.866655 134.168158 159.921656 185.221037 209.137874 232.520567 245.757895 259.778616 271.997284 293.047007 316.184402 342.177749 372.036112
187.980811 160.250860 126.825507 87.861661 56.876609 25.508439 -4.751485 -34.713819 -59.324006 -76.792017 -86.728692 -101.310022 -120.410186 -133.805430 -150.467136 -169.162136 -170.234877 -166.425787 -154.042727 -151.705381 -150.906812 -153.810014 -154.851499 -159.562137 -171.174552 -165.286782 -157.492804 -142.526676 -131.579367 -122.296636 -116.066300 -111.963994 -112.596636 -119.815249 -117.199143 -110.135973 -95.686863 -84.039973 -68.965407 -48.354850 -31.198178 -12.046864 9.499895 31.738455 55.195650 80.087454 106.949745 131.362373 151.433796 161.883754 173.593993 181.382295 178.375001 194.626326 211.801291 229.600989 255.438347
72.334008 47.079614 21.308531 -9.733215 -41.261159 -70.974623 -100.604418 -129.718696 -153.957831 -163.200808 -173.778322 -185.193097 -198.392067 -211.984729 -224.351093 -224.612577 -226.801519 -227.074852 -225.063019 -221.964013 -219.359343 -220.309264 -221.383273 -220.770149 -215.058511 -210.816322 -205.268451 -194.726581 -183.654721 -173.475794 -169.489802 -165.364517 -162.584335 -159.495115 -157.072175 -152.797663 -141.529999 -129.934185 -116.822783 -100.079705 -82.906446 -64.288854 -42.360047 -20.121402 3.647713 29.824237 56.307584 76.755672 86.890489 97.329121 102.015456 98.609785 95.605982 104.774742 118.478183 131.453293 153.840788
