tests/Borden05m/sims/sim_1/output-maps/psiliqL0007N0013.asc
ncols         160
nrows         34
xllcorner     620200.000000
yllcorner     5168000.000000
cellsize      0.500000
NODATA_value  -9999.0
[rows 0 to 24 of 34, columns 0 to 56 of 160]
-9999.0 -9999.0 -9999.0 -9999.0 -9999.0 -9999.0 -9999.0 -9999.0 -9999.0 -9999.0 -9999.0 -9999.0 -9999.0 -9999.0 -9999.0 -9999.0 -9999.0 -9999.0 -9999.0 -9999.0 -9999.0 -9999.0 -9999.0 -9999.0 -9999.0 -9999.0 -9999.0 -9999.0 -9999.0 -9999.0 -9999.0 -9999.0 -9999.0 -9999.0 -9999.0 -9999.0 -9999.0 -9999.0 -9999.0 -9999.0 -9999.0 -9999.0 -9999.0 -9999.0 -9999.0 -9999.0 -9999.0 -9999.0 -9999.0 -9999.0 -9999.0 -9999.0 -9999.0 -9999.0 -9999.0 -9999.0 -9999.0
-9999.0 -9999.0 -9999.0 -9999.0 -9999.0 -9999.0 -9999.0 -9999.0 -9999.0 -9999.0 -9999.0 -9999.0 -9999.0 -9999.0 -9999.0 -9999.0 -9999.0 -9999.0 -9999.0 -9999.0 -9999.0 -9999.0 -9999.0 -9999.0 -9999.0 -9999.0 -9999.0 -9999.0 -9999.0 -9999.0 -9999.0 -9999.0 -9999.0 -9999.0 -9999.0 -9999.0 -9999.0 -9999.0 -9999.0 -9999.0 -9999.0 -9999.0 -9999.0 -9999.0 -9999.0 -9999.0 -9999.0 -9999.0 -9999.0 -9999.0 -9999.0 -9999.0 -9999.0 -9999.0 -9999.0 -9999.0 -9999.0
-9999.0 -9999.0 -9999.0 -9999.0 -9999.0 -9999.0 -9999.0 -9999.0 -9999.0 -9999.0 -9999.0 -9999.0 -9999.0 -9999.0 -9999.0 -9999.0 -9999.0 -9999.0 -9999.0 -9999.0 -9999.0 -9999.0 -9999.0 -9999.0 -9999.0 -9999.0 -9999.0 -9999.0 -9999.0 -9999.0 -9999.0 -9999.0 -9999.0 -9999.0 -9999.0 -9999.0 -9999.0 -9999.0 -9999.0 -9999.0 -9999.0 -9999.0 -9999.0 -9999.0 -9999.0 -9999.0 -9999.0 -520.370720 -538.036540 -555.252538 -556.873004 -534.051303 -510.938526 -487.597427 -467.433889 -449.026789 -430.206326
-9999.0 -9999.0 -9999.0 -9999.0 -9999.0 -9999.0 -9999.0 -9999.0 -9999.0 -9999.0 -9999.0 -9999.0 -9999.0 -9999.0 -9999.0 -9999.0 -9999.0 -9999.0 -9999.0 -9999.0 -9999.0 -9999.0 -9999.0 -9999.0 -9999.0 -9999.0 -9999.0 -9999.0 -9999.0 -9999.0 -9999.0 -9999.0 -9999.0 -9999.0 -9999.0 -9999.0 -9999.0 -9999.0 -9999.0 -9999.0 -472.757873 -466.999173 -465.371440 -476.534400 -488.069133 -499.910018 -519.906991 -537.963292 -553.973283 -557.160900 -554.820733 -549.072408 -526.028568 -502.201082 -483.134619 -465.926610 -447.074965
-9999.0 -9999.0 -9999.0 -9999.0 -9999.0 -9999.0 -9999.0 -9999.0 -9999.0 -9999.0 -9999.0 -9999.0 -9999.0 -9999.0 -9999.0 -9999.0 -9999.0 -9999.0 -9999.0 -9999.0 -9999.0 -9999.0 -9999.0 -9999.0 -9999.0 -9999.0 -9999.0 -9999.0 -9999.0 -9999.0 -9999.0 -9999.0 -9999.0 -9999.0 -563.988692 -546.467829 -528.591037 -510.611168 -494.356091 -488.049795 -482.290365 -476.595391 -480.786239 -485.915651 -497.487977 -516.113649 -536.156279 -550.851784 -553.938257 -556.894005 -552.732895 -539.746177 -523.431873 -507.245188 -486.670617 -464.071330 -455.295545
-9999.0 -9999.0 -9999.0 -9999.0 -9999.0 -9999.0 -9999.0 -9999.0 -9999.0 -9999.0 -9999.0 -9999.0 -9999.0 -9999.0 -9999.0 -9999.0 -9999.0 -9999.0 -9999.0 -9999.0 -9999.0 -9999.0 -9999.0 -9999.0 -9999.0 -9999.0 -9999.0 -9999.0 -558.550712 -564.665358 -570.163969 -571.997056 -573.634233 -575.203860 -568.442963 -556.206416 -538.034647 -516.944904 -504.577991 -497.797017 -491.621841 -491.084798 -496.128318 -498.720675 -498.930506 -510.884023 -522.824095 -534.045164 -544.854644 -546.251912 -536.997432 -523.623538 -508.118829 -493.858489 -479.084505 -465.816296 -451.126420
-9999.0 -9999.0 -9999.0 -9999.0 -9999.0 -9999.0 -9999.0 -9999.0 -9999.0 -9999.0 -9999.0 -9999.0 -9999.0 -9999.0 -9999.0 -9999.0 -9999.0 -9999.0 -9999.0 -9999.0 -9999.0 -9999.0 -9999.0 -587.014963 -580.972669 -574.738565 -567.718392 -567.156043 -571.834554 -577.880657 -581.495339 -583.486143 -585.396461 -581.422888 -573.221423 -559.781240 -544.161446 -523.014147 -514.817105 -508.357990 -496.182142 -494.538122 -490.519983 -486.971584 -489.270796 -492.250407 -504.375795 -513.382314 -507.693380 -501.750115 -495.919400 -489.097114 -476.702885 -461.389845 -443.818076 -423.195689 -401.428019
-9999.0 -9999.0 -9999.0 -9999.0 -9999.0 -9999.0 -9999.0 -9999.0 -9999.0 -9999.0 -9999.0 -9999.0 -9999.0 -9999.0 -9999.0 -9999.0 -9999.0 -9999.0 -9999.0 -611.322621 -610.715729 -610.043504 -605.786713 -604.989367 -602.975843 -596.248793 -588.431992 -586.807817 -588.701114 -590.854113 -589.728257 -587.508600 -583.829136 -572.642261 -559.153985 -545.407173 -531.556025 -511.128691 -496.805345 -483.151927 -467.354249 -469.471942 -474.614458 -477.438103 -477.543895 -477.260900 -470.946640 -467.262401 -462.046484 -456.133742 -449.241625 -440.866008 -430.660330 -412.185633 -391.527862 -370.428424 -349.887886
-9999.0 -9999.0 -9999.0 -9999.0 -9999.0 -9999.0 -9999.0 -9999.0 -9999.0 -9999.0 -9999.0 -9999.0 -9999.0 -9999.0 -9999.0 -9999.0 -639.105652 -637.455904 -635.679265 -630.642130 -628.607282 -625.014734 -618.538824 -617.915648 -614.397139 -607.697418 -603.066799 -595.062897 -587.737695 -580.830613 -575.368595 -573.160301 -565.785960 -556.532589 -545.031353 -529.637401 -507.998316 -485.882765 -470.054002 -453.891428 -437.606147 -437.933873 -439.730849 -439.177479 -438.685765 -430.439244 -411.922122 -405.557549 -401.411613 -381.362504 -366.460955 -360.673256 -353.155135 -334.501688 -309.097283 -278.819678 -241.075581
-9999.0 -9999.0 -9999.0 -9999.0 -9999.0 -9999.0 -9999.0 -9999.0 -9999.0 -9999.0 -9999.0 -9999.0 -9999.0 -682.443701 -678.475780 -669.717309 -662.207411 -660.422292 -657.013764 -651.845485 -640.106789 -637.057718 -631.268042 -624.051317 -613.248574 -605.246769 -596.454865 -585.152180 -577.129048 -570.407730 -563.729847 -557.279237 -543.795061 -528.696394 -513.049065 -493.127095 -472.046164 -451.156694 -430.120946 -415.454583 -401.186377 -397.438292 -399.869427 -398.652202 -390.163557 -370.796008 -350.265882 -335.306358 -310.451023 -283.507096 -265.785615 -249.517096 -237.768405 -222.254620 -196.166090 -148.697517 -98.042519
-9999.0 -9999.0 -9999.0 -9999.0 -9999.0 -9999.0 -9999.0 -9999.0 -9999.0 -9999.0 -717.862880 -715.331999 -719.008382 -718.172177 -714.008573 -702.605470 -690.015496 -683.422988 -672.795014 -652.868619 -636.431748 -633.447631 -618.995289 -609.625516 -603.632331 -593.368180 -580.696948 -568.075227 -551.027592 -538.750819 -526.229486 -505.567526 -489.530657 -473.648886 -456.461716 -437.193563 -415.866080 -384.728008 -356.333455 -340.773154 -314.489840 -297.969777 -300.802660 -300.284040 -291.430912 -269.887530 -239.452610 -203.777777 -171.482407 -134.030878 -103.207494 -81.642594 -65.736017 -48.481136 -28.492184 5.650312 44.468809
-9999.0 -9999.0 -9999.0 -9999.0 -9999.0 -9999.0 -9999.0 -9999.0 -741.414923 -734.929253 -728.784335 -732.077669 -737.155397 -740.486975 -728.087664 -712.735904 -697.317938 -681.015517 -665.625984 -648.449839 -633.273540 -617.085294 -598.469074 -587.142296 -575.737895 -561.097465 -547.876336 -530.153731 -509.226998 -494.425913 -475.127692 -453.375004 -433.758145 -415.746409 -397.218622 -378.206932 -347.212896 -309.575428 -272.288360 -240.878397 -205.514054 -172.516685 -168.628002 -162.439708 -153.466411 -116.742906 -73.128031 -32.457209 0.614129 30.404098 59.752244 76.775549 88.206821 101.995154 118.701618 134.916977 157.783464
-9999.0 -9999.0 -9999.0 -9999.0 -9999.0 -9999.0 -766.379812 -742.575634 -728.198404 -736.205536 -744.053550 -747.523649 -751.107328 -733.477466 -712.808212 -696.627161 -680.595359 -663.966020 -648.364460 -633.726547 -598.646630 -583.277422 -568.702299 -548.943537 -535.618969 -522.240324 -505.336884 -481.942326 -458.576911 -424.779325 -392.959988 -363.849406 -335.209680 -313.138162 -291.853038 -268.049786 -228.511627 -179.599822 -128.934011 -84.784441 -46.735242 -11.538167 1.333642 8.822319 17.883390 36.560726 66.795382 97.420799 131.230088 162.358193 185.918225 197.192982 207.468387 219.619290 234.556907 249.868840 263.546048
-9999.0 -9999.0 -9999.0 -9999.0 -799.325559 -778.628781 -758.188101 -727.632753 -705.369073 -711.217917 -704.047217 -703.683899 -705.137826 -703.453531 -698.588461 -681.328104 -664.492430 -647.569606 -629.175950 -591.029805 -550.404309 -533.959505 -506.902031 -474.914382 -461.134180 -446.611206 -431.387505 -407.714265 -375.921386 -337.254344 -283.914062 -235.071868 -199.629080 -167.740107 -138.229578 -103.870650 -59.565419 -14.239580 24.928322 60.389348 91.697161 117.163151 132.895927 141.143938 151.763715 165.496283 183.983665 209.754397 238.948916 271.133407 295.270377 310.823682 318.863925 330.949154 345.222503 364.024210 377.922741
-9999.0 -9999.0 -9999.0 -845.164365 -807.034965 -770.823291 -743.498965 -712.897219 -681.874182 -675.371141 -667.659409 -661.130032 -654.370163 -645.751661 -635.755789 -620.202738 -607.294921 -596.085293 -575.948891 -539.556168 -503.199088 -467.913246 -434.609060 -401.559242 -376.375839 -359.251951 -341.210989 -313.686797 -267.585448 -216.792702 -149.173600 -76.901865 -28.487577 1.257895 22.657361 48.771132 73.719709 107.808529 140.503177 171.020228 201.507560 227.374092 249.799192 258.296773 265.135041 273.887062 289.975888 311.580591 334.467827 366.332572 390.776993 413.987714 423.890983 435.529472 451.532233 467.243378 478.530965
-9999.0 -9999.0 -891.069999 -854.646690 -819.182473 -767.304996 -715.292162 -682.524648 -642.125374 -616.873205 -609.921778 -591.074243 -574.075139 -565.586741 -548.454640 -531.181037 -519.325611 -517.232301 -506.002017 -468.852554 -412.514521 -358.596390 -317.408148 -251.723902 -211.006454 -183.175517 -165.237101 -131.586611 -86.393725 -30.659518 22.484091 72.675347 112.534190 143.354679 157.627831 174.171944 196.875588 219.354853 249.092283 276.316357 305.335583 332.951944 360.880654 370.859400 372.428266 388.214304 405.941900 430.126866 451.715235 472.168653 485.821178 489.908238 491.459429 493.728043 495.944717 497.448680 498.232266
-9999.0 -9999.0 -915.379869 -871.886284 -828.416984 -757.310577 -683.290612 -645.827670 -603.004461 -559.336245 -540.372609 -517.070816 -496.406595 -476.214170 -451.884163 -426.929651 -423.694788 -421.591145 -422.166042 -364.671774 -298.480781 -217.537624 -121.826373 -46.978048 -2.302941 9.552159 17.867528 36.838145 63.286078 107.804662 157.810165 208.124102 250.285283 278.603897 292.794333 307.761323 328.220922 351.317020 368.030839 396.749545 419.694973 442.110174 466.251855 484.431799 490.494105 491.984475 488.926729 492.357282 494.597690 495.754805 495.391790 491.718819 491.773465 493.155963 494.567221 489.786212 483.326767
-9999.0 -1000.725919 -949.115578 -894.626614 -823.529635 -753.507779 -666.458095 -585.326394 -537.143303 -496.218380 -467.889016 -445.842432 -385.767019 -331.004542 -299.691768 -265.837688 -267.889685 -270.725882 -277.671251 -227.355248 -152.721049 -41.547868 76.369819 133.852869 168.659626 174.262999 171.820178 186.006898 211.292665 249.825456 307.847312 352.920918 395.563548 426.344195 436.881044 440.649784 455.340405 473.410361 483.131082 489.948848 493.803049 497.014120 495.367045 496.275809 496.638705 496.304043 492.291366 486.526612 478.975120 472.792815 466.353651 458.590380 463.628870 468.670957 470.370241 462.197323 453.283033
-9999.0 -1034.162825 -973.611343 -900.647884 -828.188544 -747.884004 -632.563984 -507.520443 -462.723364 -428.664633 -395.439321 -338.473604 -237.144855 -152.578864 -101.841369 -55.303379 -56.035562 -66.836068 -65.535913 -24.971586 33.790500 110.375718 229.365139 310.013055 328.994957 342.254624 351.275047 373.355802 401.411595 426.828606 449.019460 467.786963 477.429701 481.611459 483.176962 484.083872 485.340627 485.802764 482.991152 479.666077 475.698574 476.304263 480.238932 480.143732 477.263040 472.927891 463.009393 456.173954 449.755385 442.512536 432.898742 426.398412 426.250895 430.386827 428.357044 417.716083 405.967116
-9999.0 -1056.372123 -987.943460 -921.470009 -844.698268 -716.148686 -595.354961 -468.541933 -379.817977 -338.171482 -274.685813 -161.965155 -49.517633 34.236430 79.870187 104.485064 117.211285 113.942620 134.786058 187.408721 257.686038 330.854363 387.008730 444.691871 456.579221 459.669000 455.406274 459.154494 462.792070 464.254481 465.785850 466.592704 472.182712 475.059915 474.211582 471.332346 465.872934 456.708063 450.905121 447.627622 444.361025 444.386291 447.333305 447.821343 444.681919 438.203659 425.785966 416.863075 408.803792 399.843109 392.444310 386.575959 384.582746 381.680355 377.499099 369.451054 355.269112
-9999.0 -1139.037631 -1056.694126 -992.315906 -850.829923 -688.670899 -566.313039 -411.517023 -273.309026 -205.327766 -84.715755 22.273784 109.724068 167.282671 205.868786 246.056847 274.312766 303.098883 343.035595 369.603599 419.225934 450.140352 460.059444 465.431981 461.318940 461.971701 453.018497 433.883151 423.780529 417.624431 419.913913 427.531990 434.002903 440.014429 437.895514 436.838193 432.105967 422.467428 416.238924 407.553741 399.968268 394.832802 393.851870 398.979632 393.168202 387.555195 377.921152 367.847285 357.867429 348.623747 339.561043 331.904803 328.806938 323.554088 322.107841 314.261673 288.444785
-9999.0 -1219.651906 -1140.080239 -1030.549364 -874.258714 -711.597242 -560.330926 -386.125232 -178.078510 -49.226901 51.148806 102.706643 165.224579 225.794620 284.815415 319.421669 338.886715 348.803042 358.563133 374.891714 366.407960 368.463246 386.111322 409.287391 418.410292 419.399935 402.566864 387.783119 379.894935 378.921021 378.482839 378.800083 378.773221 377.459566 373.940615 373.947341 375.275615 366.581086 357.403288 349.495197 342.809949 335.317453 330.237491 327.447000 324.939560 323.398094 314.640630 303.395821 292.361443 283.666074 275.216576 268.752249 266.401414 261.969884 255.785450 245.247269 219.339134
-9999.0 -1302.627326 -1189.760992 -1083.575931 -943.055226 -801.898001 -661.877552 -490.905112 -318.163384 -76.714226 94.774502 136.909988 163.198452 203.877441 260.447919 313.943572 320.418091 294.362263 274.141814 268.427904 278.592626 292.454420 308.911075 330.048143 345.241685 351.623730 347.469151 336.738994 322.806488 315.219427 311.182174 303.836928 298.215468 297.606142 295.861777 300.166260 301.827892 291.560800 278.841700 264.399654 252.020506 242.912917 239.934205 240.523022 239.813719 236.398621 228.940342 218.765564 206.607188 195.568894 187.367608 181.569389 175.543899 167.297222 158.029351 147.667901 123.866615
-9999.0 -9999.0 -1257.261031 -1144.431919 -1025.892093 -895.261636 -762.947442 -603.814950 -445.006134 -234.896775 -88.941297 5.573411 57.625708 98.918133 149.656583 193.882560 203.224752 213.067254 192.318271 195.600864 203.344467 211.203541 223.024007 236.300649 248.784616 256.269149 259.869549 256.892181 247.550465 232.980784 216.541141 203.996041 196.170409 190.418688 197.153364 206.597983 204.344756 197.493843 186.326479 172.015233 160.118193 148.160056 144.984470 145.758942 145.644004 142.678592 137.546285 125.356771 112.714850 100.079660 93.707636 87.339894 81.124003 70.246989 58.720301 45.557679 22.158953
-9999.0 -9999.0 -1338.333848 -1226.035210 -1102.519147 -974.974979 -863.978047 -748.055108 -586.995591 -461.484321 -351.872383 -252.864954 -164.077599 -93.543537 -46.272971 4.067452 28.785553 39.857183 46.503464 62.862225 84.642442 105.664132 120.215670 132.715011 144.692299 154.579799 162.070186 152.318561 142.364698 127.402276 108.433680 87.544166 75.985378 70.222602 73.524648 79.752503 74.668074 64.734868 50.720471 34.675659 21.954916 10.193880 6.306721 4.323633 3.549876 0.736141 -3.083526 -13.392599 -27.147207 -38.043249 -47.875023 -56.489725 -62.209721 -73.275608 -87.883920 -100.805948 -128.430613
