tests/Borden05m/sims/sim_1/output-maps/psiliqL0027N0008.asc
ncols         160
nrows         34
xllcorner     620200.000000
yllcorner     5168000.000000
cellsize      0.500000
NODATA_value  -9999.0
[rows 0 to 24 of 34, columns 55 to 109 of 160]
-9999.0 -9999.0 -9999.0 -9999.0 -9999.0 -9999.0 -9999.0 -9999.0 -9999.0 -9999.0 -9999.0 -9999.0 -9999.0 -9999.0 -9999.0 -9999.0 -9999.0 -9999.0 -9999.0 -9999.0 -9999.0 -9999.0 -9999.0 -9999.0 -9999.0 -9999.0 -9999.0 -9999.0 -9999.0 -9999.0 -9999.0 -9999.0 -9999.0 -9999.0 -9999.0 -9999.0 -9999.0 -9999.0 -9999.0 -9999.0 -9999.0 -9999.0 -9999.0 -9999.0 -9999.0 -9999.0 -9999.0 -9999.0 -9999.0 -9999.0 -9999.0 -9999.0 -9999.0 -9999.0 -9999.0
-9999.0 -9999.0 -9999.0 -9999.0 3597.897435 3592.606918 3587.866149 3583.370752 3574.869400 3565.534334 3557.698072 3553.476856 3552.267946 3551.393886 3550.706909 3555.494055 3563.499785 3571.054467 3577.852257 3580.211598 3582.497794 3584.269991 3584.433035 3583.253221 3579.968151 3576.571907 3573.141930 3571.391302 3564.069366 3552.945364 3544.662604 3541.968468 3546.114506 3550.436399 3552.887080 3558.002950 3568.348159 3578.922176 3587.500735 3600.115199 3607.223770 3612.588816 3615.152119 3611.182631 3607.946751 3603.974773 3597.762989 3586.668730 -9999.0 -9999.0 -9999.0 -9999.0 -9999.0 -9999.0 -9999.0
3542.809560 3561.142328 3582.144441 3585.219644 3573.466082 3568.355391 3565.202608 3563.536536 3559.306966 3550.792808 3545.646394 3540.112271 3537.349494 3537.289480 3537.088876 3540.643780 3551.375549 3559.079264 3563.547962 3566.122485 3568.917107 3567.175657 3566.309498 3566.026915 3563.064789 3559.517612 3556.083212 3554.178566 3555.681746 3548.060214 3542.001087 3538.046694 3534.972952 3537.720254 3540.428918 3545.102419 3554.234556 3562.111081 3570.066755 3585.313690 3598.563787 3604.307319 3601.779794 3597.248961 3593.459137 3586.015507 3575.228755 3565.287549 3557.335516 3551.347919 3546.053333 3539.632437 3546.144239 3554.176904 3563.508487
3525.977232 3545.084812 3565.487830 3567.974687 3557.707985 3549.986316 3542.956538 3543.448400 3546.964770 3543.697238 3538.799479 3530.714768 3540.777155 3541.666404 3542.236537 3545.314276 3546.995518 3552.179800 3554.477937 3559.718560 3568.602389 3571.332291 3571.674533 3571.628520 3569.552117 3566.209617 3564.160386 3561.291693 3555.947300 3554.044291 3553.600591 3552.199495 3556.191981 3557.703464 3560.704395 3555.311803 3559.808418 3566.071094 3573.058495 3578.508784 3584.625443 3587.061475 3583.801559 3584.551677 3576.267837 3562.694120 3553.009753 3545.704079 3546.183351 3543.330592 3535.482339 3521.766392 3530.258374 3546.503916 3551.385636
3530.254019 3539.060984 3549.431142 3551.812139 3546.706783 3548.919407 3550.642960 3551.741312 3549.772629 3546.097986 3541.429466 3551.572431 3559.669929 3560.906405 3563.179326 3567.038066 3567.899811 3557.027753 3554.932227 3562.020360 3571.517306 3576.515703 3576.595015 3576.108463 3572.204256 3570.944446 3570.669942 3568.829798 3568.142118 3569.563644 3566.882990 3569.647248 3575.073132 3578.406705 3573.399813 3565.059013 3567.431414 3575.956391 3585.173697 3592.800437 3602.946321 3613.702365 3614.126865 3609.754413 3601.355633 3589.073757 3566.786038 3549.526189 3538.641429 3530.669380 3523.492812 3526.814732 3522.083534 3536.211959 3538.115097
3514.928043 3535.816225 3555.657853 3561.250272 3555.154962 3551.444742 3550.241854 3550.768182 3549.604036 3549.744772 3558.038216 3569.538922 3580.353421 3582.160874 3583.798981 3582.343811 3574.864996 3564.472774 3561.811078 3574.848044 3591.515542 3599.246465 3598.572610 3593.865409 3596.582304 3596.771499 3597.412866 3594.143683 3594.713239 3591.940681 3596.954847 3604.610632 3612.628599 3611.299239 3598.883278 3586.484702 3586.550712 3592.247539 3599.514880 3607.222980 3617.384751 3626.479238 3621.743943 3616.816202 3609.739408 3584.460362 3562.291477 3548.309107 3548.758705 3549.677506 3545.399419 3543.588367 3543.001919 3539.261640 3539.656077
3550.259411 3569.195447 3589.315021 3601.932544 3595.647891 3588.157084 3579.791414 3579.868321 3579.956111 3585.499795 3595.535223 3607.769954 3629.166611 3628.253467 3628.383826 3626.658689 3613.559748 3600.228151 3590.316663 3612.675449 3623.723844 3630.696356 3627.706454 3632.369090 3640.856599 3637.333100 3631.162644 3618.937596 3624.457875 3630.475203 3645.603196 3653.619104 3659.008965 3654.163415 3640.051948 3633.212765 3634.993613 3641.819523 3643.318964 3652.324120 3660.984487 3675.915710 3674.556540 3671.752475 3652.140927 3615.198781 3586.373343 3574.479508 3586.406340 3580.930252 3574.646288 3574.922567 3564.208551 3557.422429 3560.286983
3581.144692 3594.163101 3610.155199 3626.482649 3617.229015 3607.066112 3590.272468 3586.880146 3590.720775 3600.824142 3618.141720 3635.655743 3655.204605 3653.089631 3645.719307 3655.332825 3648.285328 3637.308567 3629.832484 3652.038384 3661.955308 3672.038076 3677.423252 3690.042091 3700.372714 3683.303653 3665.836057 3655.009455 3662.168430 3688.219858 3711.034896 3715.817532 3714.714882 3713.884040 3698.082921 3693.387818 3690.242861 3691.027314 3688.657871 3686.969120 3712.874786 3734.824964 3734.727929 3713.337466 3690.709033 3650.853838 3613.103603 3589.397791 3603.447664 3600.076904 3603.746674 3594.072382 3582.700566 3576.331147 3574.449342
3629.599444 3650.600943 3666.668871 3688.576234 3678.709489 3655.148835 3638.494572 3640.896629 3654.492010 3662.618723 3681.326499 3697.894381 3723.277195 3734.696775 3745.335732 3749.270014 3742.315967 3733.800959 3721.872308 3727.697135 3752.152805 3763.775838 3771.933585 3780.156187 3792.828147 3792.796148 3785.534223 3783.586589 3788.055863 3802.060758 3816.977947 3823.743770 3826.627422 3829.014293 3815.032709 3801.906066 3800.236838 3795.031976 3794.223585 3793.576740 3805.739276 3827.036903 3823.717087 3786.323114 3759.443123 3724.090603 3685.526555 3656.278378 3650.974299 3671.001907 3669.529455 3653.471802 3643.698594 3618.445274 3614.227075
3697.805440 3730.635305 3754.813811 3764.771410 3771.795952 3756.265549 3753.919727 3758.135212 3766.643546 3769.663906 3776.030654 3808.495680 3842.287580 3867.030649 3889.749447 3896.848639 3884.384984 3874.606139 3860.949633 3852.201136 3863.841028 3881.388898 3899.181322 3914.078051 3925.441174 3927.399635 3925.788195 3925.831729 3929.051179 3932.067613 3936.513042 3945.219606 3952.925074 3961.489602 3969.275514 3958.429499 3941.390608 3932.361692 3923.721157 3923.269603 3924.885819 3929.190915 3930.330978 3912.748844 3869.694025 3837.669723 3805.397066 3786.451547 3773.771347 3774.590761 3756.403829 3731.811540 3679.848070 3642.686182 3611.629048
3782.795790 3827.428376 3856.751009 3873.458388 3886.057670 3882.612313 3884.481732 3885.430837 3889.039843 3891.212661 3893.602535 3920.926791 3963.133393 4002.953069 4034.521993 4034.058100 4019.897047 4008.466208 3999.473067 3984.713308 3980.725275 3993.891491 4009.803709 4030.598245 4040.979685 4046.747911 4043.183152 4043.390971 4045.349633 4047.744045 4049.941291 4053.778789 4063.750500 4079.231218 4094.129112 4093.062709 4073.458865 4055.333722 4039.385823 4037.348566 4035.217237 4030.327021 4032.860788 4034.810526 4017.955203 3985.837335 3945.362118 3904.923547 3888.943123 3874.210918 3863.367935 3846.170143 3804.006037 3735.675685 3695.262383
3898.451414 3933.577841 3962.835882 3993.339098 4007.957426 4009.731729 4006.950311 4005.527744 4012.603437 4015.037999 4020.301780 4036.988902 4070.297668 4106.762434 4137.011339 4152.334457 4144.091816 4125.477796 4102.639465 4092.262386 4089.155407 4092.989459 4102.907007 4116.418904 4136.519247 4156.465708 4162.317696 4163.226189 4160.509212 4162.995226 4164.630621 4164.762653 4167.937398 4176.953329 4187.230090 4190.718015 4182.523688 4160.728594 4136.701852 4125.599356 4119.279000 4115.938857 4117.247054 4122.813321 4126.401395 4111.078293 4074.362249 4028.782432 3998.913033 3984.278851 3971.623992 3957.293180 3944.471188 3909.797163 3888.232314
4008.503598 4024.144921 4052.988270 4082.312710 4104.968245 4119.600239 4119.641739 4122.432613 4127.277868 4134.387428 4149.513475 4173.564946 4193.451943 4217.030472 4244.524985 4261.408071 4266.648693 4264.709719 4260.241030 4261.358850 4261.744866 4193.121034 4199.906124 4206.677487 4225.349695 4241.932012 4247.980329 4248.676881 4245.897780 4247.855264 4248.691201 4248.549141 4248.172003 4250.862070 4256.407519 4258.526969 4255.906793 4242.311939 4262.913799 4242.338894 4228.569678 4220.192851 4211.804588 4203.522721 4194.022444 4183.982379 4163.195846 4131.494546 4096.671248 4075.673873 4068.016758 4061.786618 4052.871366 4046.947058 4029.458146
4107.725995 4118.338347 4137.079769 4160.388438 4195.524998 4219.769892 4231.421840 4240.938376 4245.660225 4259.949537 4277.201770 4259.492900 4268.596566 4278.017176 4287.377546 4290.591977 4291.512343 4291.087662 4288.661258 4287.812314 4285.264490 4281.957336 4271.317466 4272.946303 4274.967657 4277.611735 4281.385681 4280.313426 4281.456243 4284.421417 4282.615105 4276.468779 4272.303985 4270.725720 4271.811528 4279.311069 4282.865177 4283.853097 4280.104368 4279.124929 4278.033379 4274.306912 4269.654490 4263.095945 4254.706274 4271.343234 4258.885630 4229.934500 4188.329181 4145.912869 4138.956493 4141.458046 4141.141373 4139.668379 4133.979663
4236.147670 4250.230060 4265.424456 4240.181707 4264.661384 4277.189126 4283.046880 4287.437266 4290.336836 4293.806999 4290.829458 4287.879935 4282.944035 4281.317830 4279.944964 4277.485808 4278.108437 4276.219544 4272.112438 4267.969656 4259.738767 4248.003310 4236.822866 4233.085878 4237.348612 4243.075257 4248.372616 4253.033119 4256.831179 4256.669013 4251.063479 4242.506903 4234.851059 4233.225916 4240.191640 4245.985842 4252.735434 4253.649217 4252.249399 4249.671405 4249.347883 4245.933828 4246.097749 4253.302553 4268.362564 4270.634558 4277.101604 4276.180638 4257.939207 4224.907810 4239.350855 4219.213550 4225.565321 4220.887447 4209.430053
4281.885831 4284.922090 4283.135400 4282.140894 4275.670263 4269.549312 4268.749381 4272.793675 4279.887250 4280.908819 4273.811208 4265.139134 4257.817196 4250.237500 4247.826375 4247.351922 4247.145097 4247.697603 4242.372837 4232.778991 4215.429552 4203.800209 4192.718684 4186.767885 4182.673739 4185.899836 4197.401911 4210.023087 4215.145497 4205.419996 4196.767753 4184.719781 4176.613658 4177.091678 4177.943751 4187.566065 4204.933205 4212.972538 4213.795870 4207.100367 4200.289863 4193.504109 4190.277205 4196.691119 4212.144951 4229.262603 4245.288694 4254.663758 4262.508733 4269.780970 4267.386409 4270.390070 4272.042838 4269.709353 4273.377778
4276.476477 4269.401746 4262.330922 4256.963459 4250.512145 4245.243110 4243.367810 4245.149440 4246.927631 4242.680317 4236.307577 4226.282893 4215.176068 4205.422274 4197.545979 4198.586124 4200.964239 4202.727195 4195.265829 4179.690277 4161.722990 4148.171580 4134.258382 4130.311280 4124.238767 4116.037055 4126.106220 4146.294430 4153.876484 4137.348690 4126.274448 4110.879068 4104.392866 4100.245091 4100.916696 4109.801560 4132.785948 4157.709337 4159.955534 4148.802804 4137.713012 4133.014708 4129.733172 4134.133372 4150.756922 4171.842091 4188.253379 4198.912200 4204.266217 4212.068576 4221.510629 4236.176242 4251.332924 4263.959847 4268.117599
4251.081890 4243.299226 4235.613392 4227.951741 4221.040239 4214.811272 4210.487580 4208.524473 4204.365804 4198.208565 4191.139960 4169.480183 4156.947070 4143.837414 4128.682577 4124.695256 4119.606826 4120.589219 4109.005438 4101.334219 4085.128285 4069.768548 4054.131004 4040.340165 4034.620791 4027.791717 4025.229228 4038.431891 4046.789663 4037.840917 4028.230900 4017.898475 4013.623355 4010.256915 4012.838297 4023.337359 4042.552116 4060.877821 4069.570369 4062.348673 4061.666183 4062.081149 4060.499543 4066.971573 4077.320231 4095.095030 4117.818507 4137.308998 4147.354251 4154.170488 4163.320598 4177.834506 4192.067690 4206.572724 4224.818983
4220.479292 4211.124006 4201.163645 4191.384692 4180.847324 4170.249947 4163.659441 4166.488163 4160.512447 4154.957381 4131.125910 4074.647673 4053.051706 4033.930106 4017.527661 4010.634998 4002.032227 3984.665048 3976.069134 3971.897932 3975.419602 3961.681249 3944.188826 3926.282256 3921.450931 3918.023056 3899.399739 3893.386005 3893.538552 3911.682799 3905.839042 3905.295362 3907.845535 3905.498516 3906.512723 3919.159521 3926.257337 3931.023549 3937.917889 3943.736000 3954.934612 3963.365044 3974.619695 3992.027089 4002.567200 4017.580462 4037.783357 4063.781562 4079.619833 4089.139064 4099.462552 4114.722577 4130.852524 4148.681909 4171.145273
4185.689239 4168.759349 4154.035211 4139.669418 4126.944528 4114.064936 4097.846241 4099.865534 4097.907247 4087.359892 4030.436657 3989.905624 3955.852502 3938.835575 3914.991240 3901.143881 3883.989675 3843.745152 3825.874466 3826.362421 3842.853262 3840.394451 3825.439259 3813.965379 3804.408946 3794.666668 3776.218789 3755.903202 3762.229050 3781.756471 3783.621311 3787.822830 3796.347089 3796.056413 3788.815605 3784.758799 3796.404755 3801.440916 3812.860430 3831.544147 3836.564008 3854.203944 3889.158336 3901.831681 3916.776555 3934.802993 3954.887421 3976.783498 3999.615601 4013.699924 4028.870805 4047.164889 4063.721922 4083.885311 4106.278023
4134.285733 4102.761740 4081.464068 4064.015261 4044.663331 4016.828153 3996.921751 3994.726096 3988.715451 3958.161950 3904.952858 3870.167217 3847.886207 3826.281652 3803.585452 3779.152718 3740.262343 3705.138944 3683.207965 3700.819432 3712.884573 3726.433946 3715.593940 3705.280161 3695.896172 3677.245072 3660.238530 3643.054991 3654.545740 3663.263268 3684.114870 3691.617026 3695.613821 3702.087359 3700.567986 3688.663657 3681.719703 3689.563848 3699.257933 3711.401571 3734.211843 3770.629391 3795.271764 3813.485330 3833.694202 3851.867724 3872.704391 3895.200512 3917.852309 3934.667281 3952.642034 3970.709747 3991.247972 4009.832285 4032.108679
4052.502917 4024.414291 3998.346530 3975.305595 3942.966483 3895.583311 3881.393409 3872.517864 3849.288397 3800.155561 3758.812601 3740.591542 3729.675588 3707.035797 3686.858531 3657.838409 3623.783830 3603.283550 3582.977909 3594.312368 3605.519612 3627.429896 3619.487039 3613.664515 3611.443348 3596.186495 3583.158105 3566.462294 3572.617540 3585.246780 3609.904620 3616.278512 3620.572030 3630.417794 3629.701185 3624.590310 3605.368571 3611.618528 3622.311650 3636.978006 3668.456725 3690.458451 3712.353038 3733.835729 3752.662528 3773.589871 3795.105614 3817.445858 3843.473647 3862.555082 3881.043322 3902.057726 3920.559066 3933.836871 3948.896336
3943.243230 3919.891170 3901.168152 3877.364506 3833.757310 3790.090701 3748.384834 3720.162321 3665.822159 3631.095154 3613.672076 3615.974823 3605.528513 3587.138162 3569.489585 3551.325593 3530.927708 3513.550446 3488.940731 3495.219398 3512.175993 3530.262383 3533.280741 3535.446401 3534.642592 3526.011102 3512.826170 3499.341363 3503.201704 3520.744603 3539.010146 3549.606926 3557.544827 3565.294239 3564.846608 3554.615187 3544.030365 3548.325603 3563.565401 3579.253111 3595.681345 3615.388953 3635.305671 3654.959952 3676.655477 3698.354710 3720.291430 3744.172721 3770.101919 3790.771363 3813.598876 3837.126151 3852.421093 3859.865835 3865.923051
3840.543618 3822.449044 3800.079005 3772.911728 3731.276269 3692.588733 3652.643245 3604.537831 3572.270294 3545.062685 3541.142675 3527.632841 3516.524571 3504.082133 3485.209054 3470.619418 3457.743902 3437.639189 3429.923014 3438.269004 3452.363838 3460.422876 3468.473721 3467.013204 3465.260893 3460.369850 3446.678346 3443.825248 3454.237181 3469.424435 3482.882319 3494.694473 3501.561705 3506.371028 3503.086504 3493.493929 3490.819421 3498.667599 3513.691716 3526.350028 3539.897970 3559.420236 3578.128353 3598.471533 3619.639125 3640.283925 3663.346597 3687.133014 3711.894380 3738.015335 3759.020848 3775.873724 3783.033043 3790.945825 3788.154233
3717.384655 3707.710856 3682.751643 3655.151026 3627.523435 3596.538073 3574.542122 3544.971826 3516.657433 3489.442023 3465.057491 3455.189203 3451.230263 3440.363438 3425.350986 3415.974433 3401.954653 3394.444654 3402.612904 3404.182513 3412.139211 3410.134757 3411.633580 3409.775075 3409.680878 3408.250489 3403.317797 3416.306722 3422.670053 3435.773425 3445.572777 3455.252502 3460.800861 3464.063171 3465.227990 3461.197710 3467.187935 3472.580337 3485.470665 3495.770833 3508.061766 3526.717125 3542.238050 3559.606639 3580.245381 3601.578253 3623.673146 3647.648604 3674.018136 3696.915422 3712.678686 3717.355352 3724.654494 3723.752704 3710.150395
