tests/Borden05m/sims/sim_1/output-maps/psiliqL0029N0016.asc
ncols         160
nrows         34
xllcorner     620200.000000
yllcorner     5168000.000000
cellsize      0.500000
NODATA_value  -9999.0
[rows 0 to 24 of 34, columns 55 to 109 of 160]
-9999.0 -9999.0 -9999.0 -9999.0 -9999.0 -9999.0 -9999.0 -9999.0 -9999.0 -9999.0 -9999.0 -9999.0 -9999.0 -9999.0 -9999.0 -9999.0 -9999.0 -9999.0 -9999.0 -9999.0 -9999.0 -9999.0 -9999.0 -9999.0 -9999.0 -9999.0 -9999.0 -9999.0 -9999.0 -9999.0 -9999.0 -9999.0 -9999.0 -9999.0 -9999.0 -9999.0 -9999.0 -9999.0 -9999.0 -9999.0 -9999.0 -9999.0 -9999.0 -9999.0 -9999.0 -9999.0 -9999.0 -9999.0 -9999.0 -9999.0 -9999.0 -9999.0 -9999.0 -9999.0 -9999.0
-9999.0 -9999.0 -9999.0 -9999.0 3997.335407 3992.078590 3987.420434 3983.001894 3974.584279 3965.260293 3957.533669 3953.307923 3952.088395 3951.233525 3950.534363 3955.284816 3963.317672 3970.884348 3977.652589 3980.025907 3982.309996 3984.034381 3984.168370 3983.010798 3979.730591 3976.329501 3972.903943 3971.127490 3963.920043 3952.836569 3944.631753 3941.948808 3946.057160 3950.356996 3952.797085 3957.801468 3968.082253 3978.611352 3987.180734 3999.880058 4007.150320 4012.522032 4014.992271 4011.000617 4007.766012 4003.729836 3997.325879 3986.201923 -9999.0 -9999.0 -9999.0 -9999.0 -9999.0 -9999.0 -9999.0
3942.311135 3960.630805 3981.825664 3984.893327 3973.035768 3967.901031 3964.783505 3963.196908 3959.090024 3950.631487 3945.538703 3940.023743 3937.170036 3937.129589 3936.924462 3940.430884 3951.273911 3958.965512 3963.416280 3966.023219 3968.868032 3966.940669 3966.045512 3965.785804 3962.827041 3959.274764 3955.844405 3953.933983 3955.600992 3947.983797 3941.850068 3937.825061 3934.552752 3937.332727 3940.082165 3944.930181 3953.999403 3961.820493 3969.727843 3985.088193 3998.430757 4004.213709 4001.643772 3997.133266 3993.295460 3985.695957 3974.760377 3964.843905 3957.145042 3951.264335 3945.949798 3939.367076 3945.894169 3954.077316 3963.281932
3925.494552 3944.664131 3965.169598 3967.644611 3957.461787 3949.840368 3942.551067 3943.119526 3946.813307 3943.626861 3938.739980 3930.262829 3940.601882 3941.483910 3942.016722 3945.104024 3946.618232 3952.129122 3954.391507 3959.643726 3968.541238 3971.301321 3971.642869 3971.594538 3969.504221 3966.147276 3964.078567 3961.207324 3955.855422 3953.852560 3953.320521 3951.769119 3955.632048 3957.147235 3960.323329 3955.099419 3959.713957 3965.966201 3972.952531 3978.221555 3984.226775 3986.402007 3983.093230 3984.018450 3975.686400 3962.081205 3952.537772 3945.341860 3946.113522 3943.256985 3935.351132 3921.429342 3930.061959 3946.355107 3951.229927
3930.068730 3938.913641 3949.167373 3951.525329 3946.453221 3948.838536 3950.629028 3951.723678 3949.756888 3946.049808 3941.068489 3950.953916 3958.943655 3960.170934 3962.412096 3966.352487 3967.464108 3956.768703 3954.750044 3961.704673 3971.122267 3976.047628 3976.143742 3975.632609 3971.493359 3970.223759 3969.987958 3968.219794 3967.350101 3968.655288 3965.621714 3968.143663 3973.553198 3976.952972 3972.328488 3964.075607 3966.643779 3975.254559 3984.598824 3992.236864 4002.273083 4012.900755 4013.471432 4009.199221 4000.796067 3988.598468 3966.370514 3949.338232 3938.364203 3930.192871 3922.941079 3926.663231 3921.617277 3936.090464 3937.968154
3913.495891 3935.063875 3954.831896 3960.192524 3954.148277 3950.700237 3949.787715 3950.354609 3949.079828 3948.902374 3956.709910 3968.008872 3978.420323 3980.195558 3981.786365 3980.244520 3973.031387 3962.646032 3960.177973 3973.019130 3989.815475 3997.524313 3996.711444 3991.475600 3993.639336 3994.089779 3995.102826 3992.092391 3992.481469 3989.131788 3993.482319 4001.176837 4009.351973 4008.092028 3995.595493 3983.027254 3983.293820 3989.381459 3997.189043 4005.073883 4015.178896 4024.121809 4019.348690 4014.627388 4007.836196 3982.875448 3961.251447 3947.524789 3947.880227 3948.788296 3944.483692 3942.758788 3942.451815 3939.078647 3939.513520
3948.396144 3967.178016 3987.486942 3999.793160 3993.541869 3986.227880 3978.209256 3978.310780 3978.085458 3983.393038 3993.149833 4004.795675 4025.987610 4024.669714 4024.471224 4022.182946 4008.851217 3995.397701 3985.695849 4008.778082 4020.012141 4026.807986 4023.196771 4027.176961 4035.523790 4032.184864 4026.303282 4013.812882 4019.260289 4024.490727 4039.681645 4047.919394 4053.557250 4048.184085 4033.606736 4026.579174 4028.806340 4036.277194 4038.304602 4047.917310 4056.295069 4071.142827 4069.555296 4067.501985 4048.119609 4010.949752 3982.690864 3971.813327 3984.482380 3979.030633 3972.649273 3973.345703 3962.938912 3956.596732 3959.743445
3977.780575 3990.324177 4006.204517 4022.449948 4012.696422 4002.720810 3985.525950 3981.836545 3985.289684 3995.563143 4012.830687 4029.780626 4048.916059 4045.468181 4036.708539 4046.441476 4039.363939 4028.183934 4020.853968 4044.743077 4054.426822 4064.354268 4069.187903 4081.875999 4092.103544 4073.975024 4055.723652 4044.095543 4051.585114 4078.637540 4102.337507 4107.117691 4105.688600 4104.331460 4087.505322 4083.055122 4080.387924 4081.995009 4080.069165 4078.662292 4105.647602 4128.325777 4128.327669 4107.008297 4084.340869 4043.667455 4005.606986 3982.825933 3998.741623 3995.029482 3999.146311 3989.992504 3978.968981 3973.828924 3972.844556
4023.676678 4043.826747 4059.509592 4081.795409 4070.564496 4046.146013 4028.357158 4030.587807 4044.519674 4052.991864 4072.414122 4088.130254 4112.857335 4123.070641 4132.681929 4136.688667 4130.007089 4121.590289 4109.856443 4116.868354 4142.497863 4154.161254 4162.041457 4169.977170 4182.757744 4181.964695 4174.042154 4171.905396 4176.599491 4191.667059 4207.510189 4214.329863 4216.876949 4218.815569 4203.309398 4189.711036 4188.689880 4183.943251 4183.931475 4183.485782 4196.962316 4219.660640 4216.014618 4176.747401 4149.608726 4113.444375 4074.294193 4044.983052 4041.088413 4062.854446 4062.451996 4046.381251 4037.682405 4013.474119 4010.712071
4090.171188 4122.988607 4147.013174 4156.580415 4162.953814 4146.063388 4143.332140 4147.772135 4156.659873 4159.593118 4165.952479 4198.673078 4232.579804 4256.919610 4279.635607 4286.658314 4273.941875 4264.192450 4250.305144 4241.678589 4254.465988 4272.565689 4290.615220 4305.482341 4316.923935 4318.665368 4317.003128 4317.025663 4320.449492 4323.500278 4328.189762 4337.311130 4345.118401 4353.502024 4360.840464 4349.239223 4332.093770 4323.479171 4315.494597 4315.619777 4317.595649 4322.665665 4323.856387 4304.664283 4259.654371 4226.810121 4194.155023 4176.268557 4164.422146 4166.994377 4148.628997 4123.347608 4070.062960 4032.895540 4001.952455
4173.874539 4219.532218 4249.034669 4265.020017 4277.509021 4273.361834 4275.344120 4276.228230 4279.688702 4281.594241 4283.472971 4311.690965 4354.856381 4395.329322 4427.379938 4426.405467 4411.616783 4400.066780 4391.291100 4375.953585 4371.900867 4385.889839 4402.550715 4424.089621 4434.371662 4439.619719 4435.651000 4435.837262 4438.028731 4440.493750 4442.766277 4446.894255 4457.319418 4473.359342 4488.805460 4487.425603 4466.869441 4448.515374 4432.688580 4431.307551 4429.641881 4424.783640 4427.558632 4429.565258 4411.177901 4377.798896 4336.340080 4295.828735 4280.988719 4266.830573 4255.978396 4238.255482 4193.325670 4122.062789 4079.781616
4290.279964 4326.864762 4356.425729 4387.233221 4401.500300 4402.609219 4399.522796 4397.761310 4404.939748 4406.960473 4411.668163 4428.524799 4463.388117 4501.142194 4532.080774 4547.257518 4538.424423 4518.954048 4495.302533 4484.191497 4480.834101 4484.952084 4495.379641 4509.714813 4530.533387 4551.120445 4557.059728 4557.998300 4555.239802 4557.798376 4559.518657 4559.667772 4563.156722 4572.799838 4583.553651 4587.175599 4578.468922 4555.778255 4531.105553 4520.379742 4514.311805 4511.066768 4512.770354 4518.863402 4522.915272 4506.923476 4468.829108 4421.838651 4392.137295 4378.239652 4365.763903 4351.032121 4337.654417 4300.450226 4278.016511
4401.584812 4417.724021 4447.309901 4477.260518 4499.900544 4514.435799 4514.036572 4516.535942 4521.486561 4528.320518 4543.504018 4568.403589 4589.248548 4613.903419 4642.406334 4659.987453 4665.206788 4662.959472 4658.032233 4659.059184 4659.480406 4584.740670 4592.074680 4599.401721 4619.733688 4637.557946 4644.103913 4644.862382 4641.836247 4643.924182 4644.834425 4644.653086 4644.270857 4647.350250 4653.388631 4655.696475 4652.843391 4638.226773 4661.331914 4640.181471 4626.092323 4617.540644 4609.000539 4600.690075 4591.112452 4580.904355 4559.298574 4526.671833 4491.338047 4470.939120 4463.588008 4457.189890 4447.727488 4441.507681 4423.423333
4501.501656 4512.156855 4531.503735 4555.443427 4591.872109 4617.011677 4628.940209 4638.687578 4643.470035 4658.136165 4676.033933 4656.541145 4666.454029 4676.712023 4686.904428 4690.404586 4691.406764 4690.944331 4688.482713 4687.558306 4684.876448 4681.747337 4670.922577 4672.571760 4674.669649 4677.338118 4681.154200 4680.117271 4681.294146 4684.270431 4682.416463 4676.162867 4671.906131 4670.324457 4671.502323 4679.068513 4682.690546 4683.709362 4679.563412 4678.536934 4677.348357 4673.290651 4668.224680 4661.083151 4651.947731 4670.482194 4657.600796 4627.680669 4584.625097 4540.880246 4534.702841 4537.988529 4537.419738 4535.991780 4530.184055
4633.706588 4648.216709 4663.839988 4635.438740 4662.094390 4675.735711 4682.114156 4686.788137 4689.783650 4693.606714 4690.663171 4687.775059 4682.786176 4681.095427 4679.700055 4677.218778 4677.832750 4675.941270 4671.788220 4667.535832 4659.020450 4647.105813 4635.920904 4632.000160 4636.217848 4642.053490 4647.499080 4652.378272 4656.252613 4655.911606 4650.165133 4641.477278 4633.711609 4632.121541 4639.175776 4645.019239 4651.999919 4652.952275 4651.545344 4648.877747 4648.473901 4644.912823 4645.029090 4652.363221 4667.732566 4669.522076 4676.563971 4675.561144 4655.698251 4619.730730 4637.231813 4616.879632 4623.569358 4618.786782 4607.194491
4681.461459 4684.767612 4682.822106 4681.936515 4675.369862 4669.177681 4668.351977 4672.418894 4679.554574 4680.527395 4673.375772 4664.597720 4657.170718 4649.423069 4646.935391 4646.546774 4646.381113 4646.979168 4641.613966 4631.715784 4614.004645 4602.312213 4591.207473 4585.240597 4580.818937 4583.798505 4595.566519 4608.650906 4613.856199 4603.677781 4594.823532 4582.534865 4574.391743 4574.900711 4575.559175 4585.302625 4603.213504 4611.777217 4612.635489 4605.711077 4598.571628 4591.660905 4588.276959 4594.680543 4610.294724 4627.776605 4644.229911 4653.840073 4661.809949 4669.239707 4665.994969 4669.265621 4671.065298 4668.524392 4672.874491
4676.279734 4669.103246 4661.925656 4656.473090 4650.000340 4644.749176 4642.815627 4644.479146 4646.069658 4641.644792 4635.255825 4625.171135 4613.943733 4604.098028 4595.913623 4596.951113 4599.331708 4601.180281 4593.505451 4577.668959 4559.501048 4545.841928 4531.846670 4527.860711 4521.577313 4512.779024 4522.791223 4543.461048 4551.253074 4534.250796 4522.968166 4507.354566 4500.965550 4496.657991 4497.218630 4506.066594 4529.571345 4555.367925 4557.793372 4546.443053 4535.147058 4530.497795 4527.168106 4531.365653 4547.918445 4569.323153 4586.098992 4597.016412 4602.407224 4610.239995 4619.744462 4634.831925 4650.352760 4663.279825 4666.875611
4650.546963 4642.716921 4634.974577 4627.233693 4620.263370 4613.955402 4609.554034 4607.551527 4603.110336 4596.840446 4589.665272 4566.856218 4554.132566 4540.721628 4525.217914 4521.043263 4515.556775 4516.360707 4504.609486 4497.195949 4481.193009 4465.735536 4449.995963 4435.661081 4429.900873 4422.891403 4419.380288 4432.294266 4440.570959 4432.188560 4422.643427 4412.622777 4408.591647 4405.213987 4407.908362 4418.481111 4437.368322 4455.726519 4464.733047 4457.662351 4457.665853 4458.549695 4457.008820 4463.721056 4473.669563 4491.349712 4514.518833 4534.665364 4544.948420 4551.758982 4560.893985 4575.546917 4589.948371 4604.660063 4623.205556
4619.741438 4610.275473 4600.198645 4590.271348 4579.594616 4568.861505 4562.089616 4565.032904 4559.013088 4553.432683 4528.267763 4470.147034 4447.857184 4428.365673 4411.611899 4404.385659 4395.451969 4376.648589 4367.989967 4364.031070 4368.856915 4355.234245 4337.611843 4319.364248 4314.512326 4311.132673 4291.147267 4283.658526 4283.397996 4303.456368 4297.798954 4297.959845 4301.151793 4298.838845 4299.586719 4312.154164 4318.672199 4322.790089 4329.879493 4336.788981 4348.733250 4357.642819 4370.068547 4387.908623 4398.271843 4413.160926 4433.432540 4459.997708 4476.392241 4486.082102 4496.482350 4511.861471 4528.087429 4546.140750 4568.794649
4584.616303 4567.155730 4552.148544 4537.574257 4524.670267 4511.580039 4494.757000 4496.774468 4494.847453 4483.820345 4424.516362 4383.955013 4349.402053 4332.281415 4307.929103 4293.504246 4275.312293 4232.958930 4214.407299 4215.607065 4233.518430 4231.889956 4217.076533 4205.831640 4195.983962 4185.747248 4166.480029 4144.574603 4151.103639 4171.624586 4174.328084 4179.318207 4188.457951 4188.384083 4180.659666 4175.380014 4186.753621 4191.487217 4203.262233 4223.088497 4228.383009 4247.383862 4283.776866 4296.562507 4311.733564 4329.747271 4349.859621 4371.908241 4395.335206 4409.750578 4425.205076 4443.636441 4460.347857 4480.623561 4503.069840
4532.250665 4500.009905 4478.266206 4460.487734 4440.636090 4411.597760 4391.515684 4389.110642 4382.983481 4350.627918 4296.136231 4261.746511 4240.127653 4218.269346 4195.428597 4169.916502 4129.134487 4093.212560 4070.794370 4089.853994 4102.420008 4117.532886 4106.963102 4096.832120 4087.422881 4068.007252 4050.681879 4032.681160 4044.547064 4053.297288 4075.837899 4083.897580 4087.968754 4095.007067 4093.484163 4080.644377 4072.179184 4080.027233 4089.801680 4102.362513 4126.645718 4164.296870 4189.262135 4207.914253 4228.376364 4246.582183 4267.457658 4290.061020 4313.141397 4330.306129 4348.456454 4366.596840 4387.299334 4405.782726 4427.914790
4448.201852 4419.847568 4393.609318 4370.230549 4336.801705 4287.909818 4273.479944 4264.248340 4239.282927 4188.035139 4146.413725 4129.969375 4120.356877 4097.590926 4077.506339 4047.829296 4013.037411 3993.003762 3972.406959 3984.172038 3995.798597 4019.000465 4011.442240 4006.191932 4004.380435 3988.954086 3975.953395 3958.893540 3964.846584 3977.849090 4003.536947 4010.241846 4014.688582 4024.970402 4024.354565 4018.955591 3998.441237 4004.501872 4015.401505 4030.413324 4062.683952 4084.615574 4106.539016 4128.376625 4147.334701 4168.398738 4189.935427 4212.369057 4238.804649 4258.153744 4276.856954 4298.073540 4316.570525 4329.378814 4343.845350
4337.005309 4313.705482 4295.197325 4271.108030 4226.120636 4181.975219 4138.776310 4108.485989 4051.487161 4016.158627 4000.584152 4005.079164 3995.308731 3977.169900 3959.716084 3941.661527 3921.717144 3904.788205 3879.887870 3886.349565 3903.793922 3922.336872 3926.412920 3929.244854 3928.668288 3920.300687 3907.111764 3893.590111 3897.467379 3915.340332 3933.825880 3944.876631 3953.027641 3960.849019 3960.374910 3949.747786 3938.944758 3943.163085 3958.699763 3974.501291 3990.526707 4010.104347 4030.001248 4049.808790 4071.664788 4093.426198 4115.423955 4139.393343 4165.547399 4186.605246 4209.641442 4233.337352 4248.342085 4255.381006 4260.592652
4233.002596 4215.230274 4192.801592 4165.155441 4122.900749 4084.165445 4044.060368 3994.253113 3961.653301 3934.560970 3932.078307 3918.955206 3908.446296 3896.488138 3877.643293 3863.463426 3851.175014 3831.146376 3824.606595 3833.242039 3847.387995 3854.960753 3863.642787 3862.320922 3860.682212 3856.085295 3842.348341 3840.413200 3851.076862 3866.254086 3879.549113 3891.605918 3898.524465 3903.201234 3899.876302 3890.143960 3887.945467 3895.849459 3910.919280 3923.413001 3936.611430 3956.052977 3974.608136 3994.987146 4016.187463 4036.817546 4059.898269 4083.713669 4108.590734 4135.053999 4156.016421 4172.466060 4179.320414 4186.984560 4183.038151
4108.325458 4099.343745 4074.117047 4046.183054 4018.865865 3988.468480 3967.221317 3937.631995 3909.335884 3882.237348 3857.711127 3848.552372 3845.152705 3834.605767 3819.965616 3810.970751 3797.188375 3790.873992 3800.042104 3801.349509 3808.810832 3806.316239 3807.882531 3806.127301 3806.126948 3805.048571 3800.844531 3814.620904 3820.831051 3833.740101 3843.424720 3853.160392 3858.642834 3861.820008 3863.188826 3859.514047 3865.888256 3871.113778 3883.860981 3894.047379 3906.075264 3924.571995 3939.975683 3957.219703 3977.841334 3999.168265 4021.220065 4045.218224 4071.675691 4094.563841 4110.022539 4114.246430 4121.266410 4119.634649 4105.123701
