tests/Borden05m/sims/sim_1/output-maps/psiliqL0028N0011.asc
ncols         160
nrows         34
xllcorner     620200.000000
yllcorner     5168000.000000
cellsize      0.500000
NODATA_value  -9999.0
[rows 0 to 24 of 34, columns 0 to 54 of 160]
-9999.0 -9999.0 -9999.0 -9999.0 -9999.0 -9999.0 -9999.0 -9999.0 -9999.0 -9999.0 -9999.0 -9999.0 -9999.0 -9999.0 -9999.0 -9999.0 -9999.0 -9999.0 -9999.0 -9999.0 -9999.0 -9999.0 -9999.0 -9999.0 -9999.0 -9999.0 -9999.0 -9999.0 -9999.0 -9999.0 -9999.0 -9999.0 -9999.0 -9999.0 -9999.0 -9999.0 -9999.0 -9999.0 -9999.0 -9999.0 -9999.0 -9999.0 -9999.0 -9999.0 -9999.0 -9999.0 -9999.0 -9999.0 -9999.0 -9999.0 -9999.0 -9999.0 -9999.0 -9999.0 -9999.0
-9999.0 -9999.0 -9999.0 -9999.0 -9999.0 -9999.0 -9999.0 -9999.0 -9999.0 -9999.0 -9999.0 -9999.0 -9999.0 -9999.0 -9999.0 -9999.0 -9999.0 -9999.0 -9999.0 -9999.0 -9999.0 -9999.0 -9999.0 -9999.0 -9999.0 -9999.0 -9999.0 -9999.0 -9999.0 -9999.0 -9999.0 -9999.0 -9999.0 -9999.0 -9999.0 -9999.0 -9999.0 -9999.0 -9999.0 -9999.0 -9999.0 -9999.0 -9999.0 -9999.0 -9999.0 -9999.0 -9999.0 -9999.0 -9999.0 -9999.0 -9999.0 -9999.0 -9999.0 -9999.0 -9999.0
-9999.0 -9999.0 -9999.0 -9999.0 -9999.0 -9999.0 -9999.0 -9999.0 -9999.0 -9999.0 -9999.0 -9999.0 -9999.0 -9999.0 -9999.0 -9999.0 -9999.0 -9999.0 -9999.0 -9999.0 -9999.0 -9999.0 -9999.0 -9999.0 -9999.0 -9999.0 -9999.0 -9999.0 -9999.0 -9999.0 -9999.0 -9999.0 -9999.0 -9999.0 -9999.0 -9999.0 -9999.0 -9999.0 -9999.0 -9999.0 -9999.0 -9999.0 -9999.0 -9999.0 -9999.0 -9999.0 -9999.0 3672.640955 3655.463309 3642.394661 3637.132309 3657.739056 3680.579749 3704.226460 3724.573645
-9999.0 -9999.0 -9999.0 -9999.0 -9999.0 -9999.0 -9999.0 -9999.0 -9999.0 -9999.0 -9999.0 -9999.0 -9999.0 -9999.0 -9999.0 -9999.0 -9999.0 -9999.0 -9999.0 -9999.0 -9999.0 -9999.0 -9999.0 -9999.0 -9999.0 -9999.0 -9999.0 -9999.0 -9999.0 -9999.0 -9999.0 -9999.0 -9999.0 -9999.0 -9999.0 -9999.0 -9999.0 -9999.0 -9999.0 -9999.0 3724.089228 3729.926990 3729.294956 3719.419430 3707.917866 3693.786418 3672.935459 3655.808816 3642.978071 3641.044607 3643.263491 3645.262009 3665.329403 3690.674092 3710.437679
-9999.0 -9999.0 -9999.0 -9999.0 -9999.0 -9999.0 -9999.0 -9999.0 -9999.0 -9999.0 -9999.0 -9999.0 -9999.0 -9999.0 -9999.0 -9999.0 -9999.0 -9999.0 -9999.0 -9999.0 -9999.0 -9999.0 -9999.0 -9999.0 -9999.0 -9999.0 -9999.0 -9999.0 -9999.0 -9999.0 -9999.0 -9999.0 -9999.0 -9999.0 3632.103932 3648.805149 3666.525271 3684.943406 3701.804915 3708.794705 3714.530393 3719.662177 3714.735159 3710.151686 3698.153326 3676.516185 3657.056140 3644.319556 3643.406589 3640.784785 3643.933107 3654.918626 3671.216595 3685.695186 3705.858005
-9999.0 -9999.0 -9999.0 -9999.0 -9999.0 -9999.0 -9999.0 -9999.0 -9999.0 -9999.0 -9999.0 -9999.0 -9999.0 -9999.0 -9999.0 -9999.0 -9999.0 -9999.0 -9999.0 -9999.0 -9999.0 -9999.0 -9999.0 -9999.0 -9999.0 -9999.0 -9999.0 -9999.0 3638.680099 3632.600420 3627.645302 3625.832832 3624.122320 3622.989952 3629.429370 3640.136442 3656.730811 3678.661122 3691.791328 3698.854370 3705.586497 3705.612508 3699.262855 3697.303036 3697.507968 3684.351043 3671.617510 3659.676922 3647.954877 3644.162425 3652.562113 3666.472966 3682.325426 3696.472372 3711.317850
-9999.0 -9999.0 -9999.0 -9999.0 -9999.0 -9999.0 -9999.0 -9999.0 -9999.0 -9999.0 -9999.0 -9999.0 -9999.0 -9999.0 -9999.0 -9999.0 -9999.0 -9999.0 -9999.0 -9999.0 -9999.0 -9999.0 -9999.0 3609.217997 3613.821643 3620.146477 3627.639014 3628.393681 3625.057554 3619.504331 3616.638533 3614.942580 3612.240027 3616.468242 3622.909239 3635.355501 3650.104738 3672.095953 3679.880337 3683.399223 3694.174251 3697.668616 3705.490265 3708.913901 3706.531265 3701.749720 3685.910963 3673.418747 3674.526685 3677.672151 3684.032247 3691.938413 3704.942799 3717.837883 3732.214663
-9999.0 -9999.0 -9999.0 -9999.0 -9999.0 -9999.0 -9999.0 -9999.0 -9999.0 -9999.0 -9999.0 -9999.0 -9999.0 -9999.0 -9999.0 -9999.0 -9999.0 -9999.0 -9999.0 3585.042352 3586.021552 3587.443173 3592.166713 3592.296458 3593.766070 3600.210220 3607.877505 3610.563526 3607.916043 3606.662357 3607.527071 3609.616534 3613.665996 3623.382584 3636.058624 3649.257155 3661.143709 3681.033507 3694.609205 3705.912391 3720.274598 3720.288806 3716.134075 3713.862556 3713.014238 3710.378773 3707.040581 3704.736908 3710.222908 3709.480313 3711.771482 3720.190602 3731.590694 3747.064615 3763.452564
-9999.0 -9999.0 -9999.0 -9999.0 -9999.0 -9999.0 -9999.0 -9999.0 -9999.0 -9999.0 -9999.0 -9999.0 -9999.0 -9999.0 -9999.0 -9999.0 3556.084482 3557.709360 3559.948984 3565.323587 3568.990841 3572.678450 3579.375351 3580.613390 3583.526540 3590.077624 3593.872219 3602.653768 3610.443833 3616.732403 3621.719443 3623.175043 3628.497733 3636.534166 3646.721538 3659.156505 3677.774565 3700.272994 3714.744435 3730.320440 3746.531591 3746.117841 3743.352668 3742.530659 3739.815010 3739.411122 3752.308153 3754.166974 3746.949773 3754.589131 3765.109255 3766.719360 3772.732840 3791.813111 3812.995988
-9999.0 -9999.0 -9999.0 -9999.0 -9999.0 -9999.0 -9999.0 -9999.0 -9999.0 -9999.0 -9999.0 -9999.0 -9999.0 3506.294886 3510.046378 3520.170904 3531.877510 3534.773022 3539.569447 3546.080938 3557.796172 3560.965087 3566.352902 3572.830540 3584.924610 3592.739404 3600.526260 3611.214452 3618.042402 3623.759673 3628.790240 3629.929312 3639.774319 3652.196430 3664.941730 3682.491332 3703.059131 3719.843565 3736.370096 3751.655218 3761.836655 3757.402266 3755.642121 3756.756014 3759.966991 3771.248663 3786.411749 3784.524690 3791.866521 3811.044477 3819.906849 3825.732156 3830.712374 3843.988501 3864.983225
-9999.0 -9999.0 -9999.0 -9999.0 -9999.0 -9999.0 -9999.0 -9999.0 -9999.0 -9999.0 3480.968770 3482.065815 3477.956602 3474.423395 3479.996929 3492.017587 3506.345307 3511.239103 3522.850544 3543.780895 3562.056818 3564.311033 3576.675096 3585.999093 3591.635781 3600.036787 3611.398411 3621.785975 3635.303985 3645.148051 3651.782202 3665.876704 3679.793737 3694.136164 3709.551789 3728.349045 3742.401313 3763.943241 3787.165349 3793.978390 3808.946937 3809.556212 3804.389150 3801.395245 3809.778188 3819.201710 3832.005097 3845.530078 3862.586944 3883.101599 3891.573572 3903.555188 3911.753542 3921.282794 3936.091766
-9999.0 -9999.0 -9999.0 -9999.0 -9999.0 -9999.0 -9999.0 -9999.0 3456.642232 3464.645917 3469.498691 3465.706378 3460.695412 3453.911393 3468.188300 3482.906492 3498.006556 3515.754527 3530.442555 3547.872023 3560.561167 3573.931575 3592.917845 3602.149623 3611.064754 3624.421913 3635.651314 3648.376950 3666.943747 3672.368697 3680.934271 3698.347378 3711.941099 3726.978711 3743.437218 3758.138567 3776.152739 3804.542266 3831.811074 3846.045626 3870.749283 3886.205966 3879.227201 3876.323089 3876.593398 3898.449143 3923.360933 3951.358545 3968.659418 3990.860011 4018.305451 4037.000690 4045.921096 4056.716847 4070.283691
-9999.0 -9999.0 -9999.0 -9999.0 -9999.0 -9999.0 3428.268391 3452.371205 3467.152683 3457.891432 3442.400588 3436.338738 3429.112941 3460.513025 3482.187735 3498.675112 3514.377044 3530.856594 3545.919680 3552.458608 3580.193981 3598.536538 3608.604436 3619.706315 3632.627903 3645.480669 3659.951104 3679.390009 3694.775958 3714.147025 3727.486981 3741.521604 3763.438549 3779.153942 3794.611858 3806.550281 3832.608315 3865.992015 3899.450608 3922.610186 3946.094512 3977.092625 3975.658758 3976.801764 3977.596089 4001.303913 4034.938854 4064.258135 4095.504730 4125.590926 4153.847042 4164.135859 4172.929880 4182.662797 4195.084603
-9999.0 -9999.0 -9999.0 -9999.0 3396.678260 3417.158655 3435.071832 3464.451462 3485.680211 3480.015006 3483.261595 3480.119064 3474.426148 3478.735315 3486.095435 3502.095405 3520.134341 3538.536537 3551.061860 3575.799001 3621.667900 3630.752475 3645.502459 3673.170059 3682.422505 3694.853350 3708.957412 3727.795228 3744.056091 3769.348713 3801.322329 3828.445921 3848.372834 3866.357236 3884.442502 3900.122817 3934.607385 3970.878336 4005.861637 4036.658606 4062.930666 4088.696214 4094.642435 4099.219780 4108.976824 4125.999335 4148.679666 4176.144723 4209.862978 4241.887197 4264.967184 4273.634723 4278.654225 4288.129545 4295.459962
-9999.0 -9999.0 -9999.0 3341.981825 3380.854874 3420.344052 3445.142307 3474.529293 3506.102071 3504.452663 3512.186790 3510.363745 3507.498630 3511.414300 3512.757782 3527.920937 3545.016273 3564.060608 3584.105980 3615.992707 3643.196509 3658.276891 3684.307817 3697.967145 3708.940895 3720.348269 3737.775425 3756.366758 3791.341887 3819.469702 3864.249010 3913.905651 3945.114421 3963.748852 3985.890521 4013.161394 4038.150151 4076.929893 4110.727131 4142.612965 4172.651933 4194.565284 4208.458591 4212.900947 4222.560900 4228.148655 4240.438948 4261.354473 4283.700665 4314.490269 4343.787800 4372.982527 4388.368229 4399.562470 4416.790767
-9999.0 -9999.0 3293.464590 3333.081608 3363.638121 3409.271312 3461.658412 3496.111207 3534.428384 3551.700167 3553.450273 3562.165851 3570.951884 3570.127424 3576.980184 3587.997777 3609.562251 3617.804772 3637.643532 3650.596130 3685.338479 3716.984897 3709.266968 3745.314592 3774.319684 3806.799386 3827.924992 3854.043947 3891.590552 3924.361901 3968.057128 4017.734232 4051.561226 4079.127741 4095.004484 4115.336409 4135.529586 4162.089339 4199.019662 4224.491563 4258.276182 4283.679971 4303.152794 4303.529645 4306.150702 4322.361934 4350.997114 4382.240780 4411.522420 4440.949499 4423.919689 4448.412590 4459.367146 4465.478963 4475.088904
-9999.0 -9999.0 3262.527939 3309.139561 3342.369931 3398.450521 3485.309653 3518.319444 3557.005979 3601.537487 3613.721047 3633.782325 3624.331623 3609.667009 3625.744480 3638.161185 3658.979322 3666.016524 3658.931722 3710.025483 3761.284398 3782.134609 3783.437625 3860.883216 3913.594732 3938.527741 3955.594959 3975.773247 3995.046004 4032.922205 4071.328386 4125.940039 4167.083062 4196.944665 4211.485903 4231.788932 4251.384345 4266.384158 4286.090573 4333.544994 4369.838373 4401.140167 4433.541576 4455.056354 4463.299101 4468.564182 4441.646481 4462.136345 4476.031708 4482.024692 4484.433707 4480.608655 4480.062844 4480.910001 4481.832898
-9999.0 3168.426595 3220.774520 3270.530864 3333.699817 3393.436940 3466.235509 3539.579426 3606.313283 3658.306391 3682.264670 3672.092964 3666.446106 3688.672987 3706.581105 3721.179063 3726.586155 3737.098652 3716.896990 3770.519930 3805.474468 3851.543896 3949.509797 4007.993034 4073.249561 4068.788671 4056.633143 4060.954098 4076.273366 4123.112679 4203.384367 4260.645316 4327.847232 4377.852093 4395.349008 4403.113473 4422.119363 4443.175016 4387.520600 4433.085591 4454.134440 4471.698058 4481.861557 4484.282380 4485.634425 4485.382653 4481.645172 4474.540628 4466.300843 4460.406843 4456.140664 4451.637532 4454.078863 4457.415248 4457.512242
-9999.0 3129.391591 3186.152820 3253.668141 3319.979455 3362.926495 3441.313527 3610.224479 3673.241427 3710.538610 3712.959549 3681.548542 3736.064518 3794.637492 3817.482923 3862.561336 3845.706808 3830.123756 3790.099799 3814.411744 3851.781464 3922.378579 4096.971115 4186.340179 4241.472797 4249.379777 4249.715386 4278.436751 4323.695790 4372.655118 4420.212544 4385.483105 4437.928232 4463.827677 4469.239817 4469.997400 4475.808484 4474.246939 4472.939719 4468.424723 4463.213557 4463.389658 4468.103966 4467.959927 4464.961852 4461.517828 4455.776021 4448.356263 4443.192970 4438.556165 4435.908350 4433.089195 4431.063127 4430.192813 4425.217371
-9999.0 3086.814057 3162.086998 3218.896168 3261.003356 3347.244685 3477.252904 3621.962774 3718.191118 3751.075909 3721.219148 3750.974782 3853.974803 3961.696196 4014.254263 4034.951729 4013.102046 3961.206170 3938.212858 3981.909256 4053.490237 4177.435434 4323.059188 4425.919037 4441.851566 4445.460966 4394.276317 4421.817065 4447.343847 4450.373035 4451.571635 4460.244186 4465.377754 4468.403299 4466.806924 4463.906392 4459.058352 4450.804962 4446.017377 4442.270318 4438.452208 4437.187708 4439.104916 4441.049274 4438.178349 4434.257172 4429.770661 4424.195364 4417.839982 4411.028968 4406.628379 4402.303063 4400.135162 4394.430648 4390.974532
-9999.0 2959.575127 3056.200262 3093.368903 3159.168627 3349.660277 3478.626083 3616.436083 3784.135863 3801.280285 3841.795804 3984.226875 4105.926890 4187.785026 4215.481078 4248.218438 4272.674177 4288.071116 4325.620800 4195.632293 4280.087402 4383.994591 4432.016901 4452.841114 4464.133234 4464.531363 4454.431727 4433.397660 4422.607492 4415.845100 4417.458011 4424.770916 4429.351205 4434.060221 4431.730524 4432.884312 4434.160351 4430.979589 4426.905982 4418.078013 4410.169520 4403.307896 4399.807941 4404.423246 4399.786372 4397.520797 4391.245290 4382.676977 4373.612727 4366.213262 4358.130901 4351.515632 4349.298262 4344.289971 4343.065590
-9999.0 2878.702851 2949.874702 3001.600392 3105.799861 3268.424498 3356.342430 3511.606620 3757.698184 3897.131282 4067.561689 4162.018028 4232.755288 4272.728506 4322.075841 4375.646485 4403.591906 4416.160270 4382.856857 4407.312560 4363.328328 4352.068754 4370.019963 4399.930998 4417.879287 4422.092212 4414.356958 4405.408646 4398.124233 4397.000955 4394.699198 4390.234859 4385.738171 4381.926654 4378.787380 4381.930028 4387.379869 4380.083408 4369.502566 4359.807952 4351.077456 4341.675040 4335.623325 4330.741536 4331.324930 4331.632522 4323.903106 4313.299988 4302.301546 4293.902602 4286.685890 4282.265059 4279.477458 4274.398254 4264.353838
-9999.0 2761.194304 2888.645691 2960.378255 3046.431411 3172.090487 3270.196984 3418.282885 3543.821752 3792.555236 3931.302614 4138.198472 4190.091043 4262.553783 4309.026249 4384.091248 4378.842196 4347.601444 4303.217045 4287.275211 4299.754627 4309.109518 4317.061475 4331.177088 4349.150010 4359.528018 4365.068231 4359.299314 4345.009923 4332.096948 4320.343110 4306.080619 4296.325183 4293.641434 4298.181136 4308.633206 4308.894243 4299.522510 4285.165674 4266.529023 4250.615199 4238.569437 4236.665492 4239.629638 4240.851728 4236.644807 4230.904952 4219.993219 4207.259663 4194.608614 4189.067812 4184.779981 4177.155576 4165.583182 4153.416784
-9999.0 -9999.0 2800.102981 2907.040921 2994.350160 3100.863566 3182.472476 3293.445429 3430.314783 3599.195137 3715.512024 3904.353610 4003.883095 4048.507257 4080.863292 4137.653113 4164.661796 4198.446147 4194.932120 4208.298773 4219.167838 4224.850985 4229.890404 4235.128673 4245.502512 4255.499013 4266.252815 4263.416288 4254.659283 4233.622048 4207.084722 4186.392760 4175.621176 4165.995201 4178.549796 4191.292523 4185.371153 4178.381814 4165.568505 4149.195057 4136.619935 4122.225351 4118.774616 4118.601946 4119.243255 4116.973427 4114.682008 4102.195020 4089.911273 4080.204679 4076.305851 4070.658706 4067.245822 4057.456772 4046.852711
-9999.0 -9999.0 2718.785825 2812.825429 2910.405877 3022.702352 3101.087465 3100.673921 3231.607504 3331.396743 3439.149422 3552.640143 3652.174013 3722.193032 3753.826636 3816.896256 3876.080995 3895.409949 3939.307759 3997.527812 4033.595360 4075.241678 4099.390516 4108.695420 4121.256328 4136.083521 4143.493611 4127.765839 4116.436818 4099.228803 4075.394051 4048.093025 4034.289528 4034.272446 4032.816564 4033.799199 4025.853144 4016.939565 4002.385360 3988.636673 3976.495047 3967.894272 3964.348473 3958.406646 3955.932567 3953.188479 3951.653567 3946.830245 3938.932800 3934.729252 3926.460159 3922.986216 3922.436381 3919.820441 3914.474179
