tests/Borden05m/sims/sim_1/output-maps/psiliqL0026N0004.asc
ncols         160
nrows         34
xllcorner     620200.000000
yllcorner     5168000.000000
cellsize      0.500000
NODATA_value  -9999.0
[rows 0 to 24 of 34, columns 55 to 109 of 160]
-9999.0 -9999.0 -9999.0 -9999.0 -9999.0 -9999.0 -9999.0 -9999.0 -9999.0 -9999.0 -9999.0 -9999.0 -9999.0 -9999.0 -9999.0 -9999.0 -9999.0 -9999.0 -9999.0 -9999.0 -9999.0 -9999.0 -9999.0 -9999.0 -9999.0 -9999.0 -9999.0 -9999.0 -9999.0 -9999.0 -9999.0 -9999.0 -9999.0 -9999.0 -9999.0 -9999.0 -9999.0 -9999.0 -9999.0 -9999.0 -9999.0 -9999.0 -9999.0 -9999.0 -9999.0 -9999.0 -9999.0 -9999.0 -9999.0 -9999.0 -9999.0 -9999.0 -9999.0 -9999.0 -9999.0
-9999.0 -9999.0 -9999.0 -9999.0 3398.178433 3392.871067 3388.088991 3383.555158 3375.012239 3365.671633 3357.780560 3353.561616 3352.358024 3351.474377 3350.793502 3355.599000 3363.591174 3371.139865 3377.952443 3380.304417 3382.591674 3384.387777 3384.565349 3383.374414 3380.086902 3376.693488 3373.261296 3371.523583 3364.144405 3353.000142 3344.678412 3341.978681 3346.143563 3350.476484 3352.932460 3358.104071 3368.481490 3379.077968 3387.660707 3400.232761 3407.260486 3412.622200 3415.232035 3411.273629 3408.037113 3404.097234 3397.981527 3386.902116 -9999.0 -9999.0 -9999.0 -9999.0 -9999.0 -9999.0 -9999.0
3343.059030 3361.398362 3382.303806 3385.382778 3373.681532 3368.582860 3365.412457 3363.706654 3359.415739 3350.873777 3345.700559 3340.156864 3337.439561 3337.369770 3337.171436 3340.750591 3351.426738 3359.136517 3363.614188 3366.172521 3368.942052 3367.293562 3366.441905 3366.147889 3363.184082 3359.639444 3356.203027 3354.301272 3355.722542 3348.098842 3342.077019 3338.157935 3335.183477 3337.914439 3340.602717 3345.188959 3354.352549 3362.256789 3370.236639 3385.426408 3398.630293 3404.354116 3401.847796 3397.306801 3393.540958 3386.175254 3375.463279 3365.509694 3357.431064 3351.390012 3346.105389 3339.765392 3346.269534 3354.226944 3363.621999
3326.218860 3345.295453 3365.647270 3368.140058 3357.831409 3350.059623 3343.159615 3343.613188 3347.040865 3343.732801 3338.829612 3330.941133 3340.865193 3341.758064 3342.346867 3345.419835 3347.184606 3352.205592 3354.521612 3359.756443 3368.633431 3371.348245 3371.690838 3371.645988 3369.576547 3366.241272 3364.201783 3361.334370 3355.993736 3354.140657 3353.741131 3352.415189 3356.472452 3357.982079 3360.895432 3355.418496 3359.856146 3366.124032 3373.111958 3378.652899 3384.824758 3387.391200 3384.155714 3384.818272 3376.558978 3363.000980 3353.246121 3345.885553 3346.218618 3343.367732 3335.548264 3321.935224 3330.356873 3346.578596 3351.463751
3330.347016 3339.135021 3349.563402 3351.955932 3346.833965 3348.960254 3350.650353 3351.750570 3349.780954 3346.122544 3341.610440 3351.882186 3360.033567 3361.274651 3363.563464 3367.381393 3368.118222 3357.157850 3355.023895 3362.178785 3371.715398 3376.750315 3376.821230 3376.346974 3372.560293 3371.305383 3371.011534 3369.135407 3368.538738 3370.018440 3367.514248 3370.399665 3375.833737 3379.133528 3373.936111 3365.551337 3367.825847 3376.307928 3385.461102 3393.082204 3403.282930 3414.103161 3414.454572 3410.031999 3401.635396 3389.311371 3366.994280 3349.620622 3338.780472 3330.908044 3323.769071 3326.890853 3322.317014 3336.273039 3338.188884
3315.644566 3336.192862 3356.071302 3361.779632 3355.658806 3351.817514 3350.469463 3350.975525 3349.866717 3350.166568 3358.702986 3370.304593 3381.319940 3383.143513 3384.805270 3383.393424 3375.782528 3365.386869 3362.628362 3375.763249 3392.365544 3400.107520 3399.503171 3395.060292 3398.053766 3398.112337 3398.567863 3395.169307 3395.829102 3393.345105 3398.691088 3406.327507 3414.266890 3412.902832 3400.527149 3388.213404 3388.179134 3393.680557 3400.677787 3408.297517 3418.487670 3427.657941 3422.941559 3417.910598 3410.691003 3385.252797 3362.812100 3348.701848 3349.198486 3350.122624 3345.857778 3344.003629 3343.277417 3339.353560 3339.727760
3351.191617 3370.204765 3390.229031 3403.002217 3396.700883 3389.121667 3380.582474 3380.647072 3380.891418 3386.553154 3396.727898 3409.257074 3430.756101 3430.045335 3430.340117 3428.896552 3415.913991 3402.643353 3392.627047 3414.624111 3425.579684 3432.640531 3429.961284 3434.965145 3443.522993 3439.907208 3433.592314 3421.499943 3427.056658 3433.467430 3448.563960 3456.468949 3461.734811 3457.153071 3443.274542 3436.529550 3438.087238 3444.590676 3445.826133 3454.527514 3463.329184 3478.302140 3477.057151 3473.877709 3454.151575 3417.323283 3388.214548 3375.813380 3387.368284 3381.880028 3375.645439 3375.711600 3364.843941 3357.835820 3360.559276
3382.826718 3396.082543 3412.130529 3428.498991 3419.495303 3409.238754 3392.645719 3389.401938 3393.436311 3403.454631 3420.797227 3438.593293 3458.348869 3456.900347 3450.224681 3459.778490 3452.746014 3441.870874 3434.321733 3455.686027 3465.719542 3475.879972 3481.540919 3494.125128 3504.507290 3487.967958 3470.892249 3460.466403 3467.460078 3493.011009 3515.383579 3520.167443 3519.228013 3518.660320 3503.371713 3498.554155 3495.170321 3495.543456 3492.952214 3491.122524 3516.488368 3538.074547 3537.928049 3516.502040 3493.893106 3454.447018 3416.851899 3392.683696 3405.800672 3402.600603 3406.046832 3396.112299 3384.566335 3377.582223 3375.252424
3432.560816 3453.988031 3470.248502 3491.966638 3482.781977 3459.650238 3443.563271 3446.051032 3459.478170 3467.432144 3485.782680 3502.776436 3528.487118 3540.509835 3551.662628 3555.560683 3548.470400 3539.906286 3527.880233 3533.111517 3556.980269 3568.583125 3576.879646 3585.245693 3597.863346 3598.211871 3591.280255 3589.427182 3593.784047 3607.257604 3621.711824 3628.450720 3631.502657 3634.113652 3620.894361 3608.003579 3606.010314 3600.576336 3599.369637 3598.622215 3610.127754 3630.725031 3627.568318 3591.110966 3564.360318 3529.413707 3491.142726 3461.926031 3455.917230 3475.075628 3473.068172 3457.017064 3446.706676 3420.930839 3415.984553
3501.622557 3534.458645 3558.714123 3568.866904 3576.217018 3561.366626 3559.213519 3563.316746 3571.635379 3574.699297 3581.069739 3613.406977 3647.141466 3672.086165 3694.806364 3701.943799 3689.606535 3679.812980 3666.271874 3657.462406 3668.528545 3685.800501 3703.464372 3718.375903 3729.699792 3731.766767 3730.180727 3730.234760 3733.352020 3736.351280 3740.674680 3749.173842 3756.828409 3765.483391 3773.493038 3763.024637 3746.039025 3736.802950 3727.834435 3727.094515 3728.530902 3732.453538 3733.568272 3716.791123 3674.713850 3643.099521 3611.018084 3591.543039 3578.445944 3578.388949 3560.291234 3536.043495 3484.740613 3447.581491 3416.467333
3587.256410 3631.376452 3660.609175 3677.677572 3690.331993 3687.237551 3689.050536 3690.032139 3693.715412 3696.021868 3698.667315 3725.544702 3767.271898 3806.764943 3838.093020 3837.884417 3824.037180 3812.665922 3803.564051 3789.093171 3785.137478 3797.892317 3813.430206 3833.852558 3844.283696 3850.312008 3846.949228 3847.167827 3849.010082 3851.369192 3853.528799 3857.221055 3866.966042 3882.167156 3896.790939 3895.881262 3876.753576 3858.742896 3842.734444 3840.369073 3838.004915 3833.098712 3835.511866 3837.433160 3821.343854 3789.856554 3749.873135 3709.470951 3692.920323 3677.901089 3667.062703 3650.127469 3609.346216 3542.482123 3503.002756
3702.537138 3736.934378 3766.040959 3796.392037 3811.185989 3813.292983 3810.664068 3809.410961 3816.435281 3819.076762 3824.618588 3841.220954 3873.752443 3909.572553 3939.476622 3954.872926 3946.925513 3928.739670 3906.307931 3896.297830 3893.316060 3897.008146 3906.670689 3919.770949 3939.512177 3959.138339 3964.946680 3965.840134 3963.143917 3965.593650 3967.186604 3967.310093 3970.327736 3979.030074 3989.068309 3992.489224 3984.551071 3963.203763 3939.500001 3928.209163 3921.762598 3918.374901 3919.485404 3924.788281 3928.144457 3913.155702 3877.128820 3832.254322 3802.300903 3787.298450 3774.554036 3760.423709 3747.879571 3714.470629 3693.340212
3811.962991 3827.355370 3855.827453 3884.838806 3907.502094 3922.182459 3922.444322 3925.380949 3930.173522 3937.420882 3952.518204 3976.145624 3995.553640 4018.593997 4045.584310 4062.118380 4067.369646 4065.584842 4061.345429 4062.508684 4062.877097 3997.311216 4003.821846 4010.315370 4028.157697 4044.119046 4049.918537 4050.584130 4047.928547 4049.820806 4050.619589 4050.497167 4050.122576 4052.617980 4057.916963 4059.942216 4057.438495 4044.354522 4063.704741 4043.417606 4029.808356 4021.518954 4013.206613 4004.939044 3995.477440 3985.521392 3965.144482 3933.905902 3899.337847 3878.041249 3870.231133 3864.084980 3855.443305 3849.666746 3832.475551
3910.838164 3921.429093 3939.867787 3962.860942 3997.351443 4021.148998 4032.662656 4042.063775 4046.755319 4060.856223 4077.785688 4060.968777 4069.667835 4078.669753 4087.614105 4090.685673 4091.565133 4091.159328 4088.750531 4087.939317 4085.458511 4082.062335 4071.514911 4073.133575 4075.116663 4077.748543 4081.501422 4080.411504 4081.537290 4084.496911 4082.714425 4076.621736 4072.502911 4070.926351 4071.966131 4079.432346 4082.952492 4083.924965 4080.374846 4079.418926 4078.375890 4074.815043 4070.369395 4064.102343 4056.085546 4071.773754 4059.528047 4031.061416 3990.181224 3948.429180 3941.083318 3943.192805 3943.002190 3941.506679 3935.877467
4037.368210 4051.236736 4066.216689 4042.553191 4065.944882 4077.915834 4083.513241 4087.761830 4090.613429 4093.907142 4090.912601 4087.932372 4083.022964 4081.429031 4080.067420 4077.619322 4078.246281 4076.358682 4072.274546 4068.186568 4060.097925 4048.452059 4037.273847 4033.628737 4037.913993 4043.586141 4048.809384 4053.360543 4057.120462 4057.047716 4051.512651 4043.021715 4035.420783 4033.778104 4040.699571 4046.469145 4053.103192 4053.997687 4052.601426 4050.068234 4049.784875 4046.444330 4046.632079 4053.772219 4068.677564 4071.190798 4077.370420 4076.490385 4059.059685 4027.496349 4040.410375 4020.380510 4026.563302 4021.937779 4010.547834
4082.098017 4084.999328 4083.292047 4082.243083 4075.820462 4069.735127 4068.948083 4072.981065 4080.053588 4081.099531 4074.028925 4065.409842 4058.140436 4050.644716 4048.271867 4047.754496 4047.527089 4048.056820 4042.752272 4033.310595 4016.142006 4004.544208 3993.474289 3987.531529 3983.601142 3986.950501 3998.319608 4010.709178 4015.790146 4006.291102 3997.739864 3985.812239 3977.724616 3978.187161 3979.136040 3988.697785 4005.793055 4013.570199 4014.376060 4007.795011 4001.148981 3994.425712 3991.277327 3997.696407 4013.070064 4030.005602 4045.818085 4055.075602 4062.858124 4070.051602 4068.082129 4070.952296 4072.531608 4070.301834 4073.629421
4076.574848 4069.550996 4062.533555 4057.208643 4050.768048 4045.490077 4043.643900 4045.484588 4047.356617 4043.198080 4036.833452 4026.838773 4015.792235 4006.084398 3998.362156 3999.403629 4001.780505 4003.500651 3996.146017 3980.700936 3962.833960 3949.336406 3935.464238 3931.536565 3925.569495 3917.666070 3927.763719 3947.711120 3955.188189 3938.897637 3927.927590 3912.641319 3906.106524 3902.038641 3902.765728 3911.669043 3934.393251 3958.880044 3961.036614 3949.982680 3938.995989 3934.273163 3931.015705 3935.517232 3952.176160 3973.101561 3989.330573 3999.860093 4005.195714 4012.982868 4022.393712 4036.848399 4051.823006 4064.299858 4068.738593
4051.349354 4043.590378 4035.932800 4028.310765 4021.428674 4015.239207 4010.954353 4009.010947 4004.993537 3998.892623 3991.877305 3970.792164 3958.354322 3945.395307 3930.414908 3926.521254 3921.631851 3922.703475 3911.203414 3903.403353 3887.095923 3871.785054 3856.198525 3842.679707 3836.980749 3830.241875 3828.153697 3841.500704 3849.899016 3840.667095 3831.024636 3820.536325 3816.139208 3812.778379 3815.303265 3825.765484 3845.144013 3863.453472 3871.989030 3864.691833 3863.666348 3863.846876 3862.244904 3868.596831 3879.145566 3896.967688 3919.468344 3938.630815 3948.557165 3955.376241 3964.533904 3978.978300 3993.127349 4007.529055 4025.625697
4020.848220 4011.548272 4001.646144 3991.941364 3981.473679 3970.944168 3964.444353 3967.215792 3961.262127 3955.719730 3932.554984 3876.897992 3855.648967 3836.712322 3820.485542 3813.759667 3805.322356 3788.673278 3780.108716 3775.831364 3778.700944 3764.904751 3747.477316 3729.741258 3724.920233 3721.468245 3703.525973 3698.249743 3698.608827 3715.796013 3709.859084 3708.963118 3711.192405 3708.828349 3709.975724 3722.662195 3730.049905 3735.140277 3741.937084 3747.209507 3758.035291 3766.226156 3776.895270 3794.086322 3804.714878 3819.790230 3839.958765 3865.673488 3881.233630 3890.667544 3900.952652 3916.153130 3932.235071 3949.952488 3972.320584
3986.225705 3969.561159 3954.978545 3940.716998 3928.081657 3915.307384 3899.390862 3901.411066 3899.437144 3889.129664 3833.396804 3792.880929 3759.077724 3742.112652 3718.522308 3704.963696 3688.328364 3649.138260 3631.608046 3631.740097 3647.520674 3644.646696 3629.620620 3618.032246 3608.621434 3599.126375 3581.088166 3561.567498 3567.791753 3586.822411 3588.267921 3592.075138 3600.291654 3599.892576 3592.893571 3589.448190 3601.230318 3606.417763 3617.659525 3635.771969 3640.654505 3657.613982 3691.849069 3704.466267 3719.298049 3737.330850 3757.401319 3779.221127 3801.755798 3815.674596 3830.703670 3848.929112 3865.408955 3885.516185 3907.882115
3935.303269 3904.137656 3883.062999 3865.779024 3846.676951 3819.443350 3799.624784 3797.533823 3791.581437 3761.928965 3709.361170 3674.377568 3651.765480 3630.287803 3607.663875 3583.770822 3545.826263 3511.102127 3489.414753 3506.302141 3518.116846 3530.884466 3519.909350 3509.504172 3500.132809 3481.863971 3465.016846 3448.241897 3459.545068 3468.246247 3488.253346 3495.476739 3499.436344 3505.627494 3504.109888 3492.673286 3486.489951 3494.332144 3503.986048 3515.921089 3537.994895 3573.795647 3598.276575 3616.270865 3636.353118 3654.510493 3675.327756 3697.770255 3720.207764 3736.847856 3754.734821 3772.766201 3793.222291 3811.857064 3834.205624
3854.653449 3826.697651 3800.715136 3777.843117 3746.048870 3699.420055 3685.350138 3676.652622 3654.291128 3606.215769 3565.012034 3545.902618 3534.334934 3511.758222 3491.534616 3462.842942 3429.157016 3408.423421 3388.263360 3399.382510 3410.380096 3431.644588 3423.509416 3417.400785 3414.974782 3399.802677 3386.760438 3370.246648 3376.502995 3388.945603 3413.088434 3419.296822 3423.513730 3433.141467 3432.374470 3427.407645 3408.832215 3415.176832 3425.766698 3440.260334 3471.343098 3493.379878 3515.260038 3536.565269 3555.326429 3576.185434 3597.690705 3619.984255 3645.808144 3664.755749 3683.136504 3704.049816 3722.553335 3736.065897 3751.421827
3746.362188 3722.984012 3704.153563 3680.492742 3637.575643 3594.148437 3553.189088 3526.000478 3472.989648 3438.563394 3420.216014 3421.422629 3410.638380 3392.122269 3374.376301 3356.158635 3335.533952 3317.932488 3293.468048 3299.655168 3316.367850 3334.225937 3336.715424 3338.547929 3337.630480 3328.867031 3315.684082 3302.217688 3306.069559 3323.447425 3341.602962 3351.972755 3359.804103 3367.517535 3367.083148 3357.049587 3346.573877 3350.907583 3365.998967 3381.628985 3398.258641 3418.031233 3437.957870 3457.535520 3479.150809 3500.818953 3522.725156 3546.562399 3572.379176 3592.854420 3615.577589 3639.020549 3654.460594 3662.108249 3668.588249
3644.314126 3626.058426 3603.717707 3576.789867 3535.464020 3496.800367 3456.934671 3409.680165 3377.578753 3350.314579 3345.675832 3331.972582 3320.564580 3307.879950 3288.992713 3274.198177 3261.029079 3240.886298 3232.581897 3240.783134 3254.852384 3263.154539 3270.889773 3269.359914 3267.550788 3262.512671 3248.843882 3245.531798 3255.817865 3271.010130 3284.549441 3296.239268 3303.080843 3307.956446 3304.692130 3295.169444 3292.256935 3300.077215 3315.078486 3327.819091 3341.541797 3361.104448 3379.888430 3400.213706 3421.364942 3442.017103 3465.070748 3488.842674 3513.546191 3539.495990 3560.523051 3577.577553 3584.889355 3592.926454 3590.712271
3521.914242 3511.894401 3487.068930 3459.634988 3431.852197 3400.572846 3378.202489 3348.642618 3320.319028 3293.045148 3268.731418 3258.508321 3254.269694 3243.242947 3228.044300 3218.476875 3204.338365 3196.230532 3203.898826 3205.599515 3213.803880 3212.044477 3213.509551 3211.599395 3211.458264 3209.851858 3204.554832 3217.150034 3223.589928 3236.790464 3246.647182 3256.298935 3261.880254 3265.185134 3266.247956 3262.039932 3267.838170 3273.314017 3286.275915 3296.632971 3309.055438 3327.790118 3343.369665 3360.800561 3381.447376 3402.783227 3424.899675 3448.863782 3475.189348 3498.091202 3514.006747 3518.909802 3526.348524 3525.811720 3512.663729
