tests/Borden05m/sims/sim_1/output-maps/psiliqL0009N0012.asc
ncols         160
nrows         34
xllcorner     620200.000000
yllcorner     5168000.000000
cellsize      0.500000
NODATA_value  -9999.0
[rows 0 to 25 of 34, columns 57 to 113 of 160]
-9999.0 -9999.0 -9999.0 -9999.0 -9999.0 -9999.0 -9999.0 -9999.0 -9999.0 -9999.0 -9999.0 -9999.0 -9999.0 -9999.0 -9999.0 -9999.0 -9999.0 -9999.0 -9999.0 -9999.0 -9999.0 -9999.0 -9999.0 -9999.0 -9999.0 -9999.0 -9999.0 -9999.0 -9999.0 -9999.0 -9999.0 -9999.0 -9999.0 -9999.0 -9999.0 -9999.0 -9999.0 -9999.0 -9999.0 -9999.0 -9999.0 -9999.0 -9999.0 -9999.0 -9999.0 -9999.0 -9999.0 -9999.0 -9999.0 -9999.0 -9999.0 -9999.0 -9999.0 -9999.0 -9999.0 -9999.0 -9999.0
-9999.0 -9999.0 13.249269 7.673051 2.248565 -2.844316 -11.997676 -21.307599 -29.977974 -33.970522 -34.871617 -35.700204 -36.058053 -30.708106 -22.707956 -15.030437 -7.751213 -5.320526 -2.836835 -0.472762 0.087284 -1.185731 -4.439036 -7.743198 -11.171425 -12.657298 -21.011439 -32.522949 -41.518407 -44.299121 -39.780463 -35.233179 -32.677349 -26.543981 -15.581738 -4.562112 4.133374 16.000098 21.605492 26.784522 29.964851 25.881482 22.278551 18.520529 13.706251 2.638682 -9999.0 -9999.0 -9999.0 -9999.0 -9999.0 -9999.0 -9999.0 -9999.0 -9999.0 -9999.0 -9999.0
-4.279002 -0.961946 -11.875908 -16.741723 -20.118373 -22.362718 -27.539508 -36.381240 -41.804627 -47.273348 -48.953353 -48.927199 -48.836705 -44.599994 -34.629632 -26.595134 -21.756164 -19.267873 -16.719906 -16.604425 -17.051506 -17.407973 -20.302938 -23.733721 -27.149041 -28.952302 -28.882303 -36.517679 -41.873226 -45.151878 -46.398619 -43.926271 -41.598437 -38.524745 -28.827125 -20.440887 -12.037284 2.210022 14.590938 19.837799 17.416878 12.323019 8.521939 2.007053 -7.897251 -18.422332 -28.850906 -36.129469 -41.622485 -46.967745 -40.930242 -34.547739 -24.327118 -14.177776 -2.101297 10.094305 -9999.0
-20.106737 -17.231202 -28.127514 -36.622741 -41.148159 -41.132093 -38.964001 -42.686147 -47.359979 -51.536566 -43.552816 -42.223010 -40.984918 -37.709647 -34.299983 -31.873101 -29.054593 -23.664303 -14.611851 -11.886598 -11.308289 -11.136112 -12.934181 -16.039760 -17.831140 -20.604061 -25.794454 -26.683218 -26.201294 -26.125399 -20.866698 -19.369320 -18.019429 -25.062921 -21.711267 -15.395134 -8.420930 -1.360216 5.710595 10.323146 7.136239 5.785333 -2.731838 -16.758934 -28.422196 -37.318989 -39.950308 -43.237246 -51.044378 -63.371630 -56.558345 -41.100866 -36.487018 -32.849363 -20.930761 -8.609129 1.660625
-34.679798 -31.631579 -36.724677 -35.797094 -34.399189 -32.947032 -34.560676 -37.495657 -38.787231 -25.637455 -15.851550 -13.911147 -10.841119 -7.348058 -8.542670 -20.921977 -23.545772 -14.911000 -4.251716 1.845381 2.160424 2.243468 0.739740 -0.253888 -0.761948 -3.137244 -1.980652 0.779756 1.603769 6.851102 12.629703 15.394641 6.718766 -2.717310 -2.335363 5.278374 13.270144 20.746608 31.845058 43.577903 42.154013 36.022141 26.561153 12.265083 -11.811643 -32.171798 -43.081091 -49.979429 -57.156229 -58.074510 -60.570690 -50.083114 -48.440592 -46.815045 -38.322288 -28.043947 -17.951034
-19.565338 -11.088068 -17.107538 -22.784061 -26.226113 -25.595968 -25.168075 -21.379757 -7.664095 6.933821 22.754671 26.011845 28.972577 28.846246 19.101288 8.598634 4.277809 19.576650 35.832751 44.552732 45.877317 46.646403 54.955301 53.072317 50.473619 45.014735 47.621220 50.699464 62.467372 70.405741 77.398043 75.464136 63.361799 51.900694 49.627150 51.372298 53.441572 59.400770 70.058949 80.311872 75.057415 66.748162 55.106659 24.665806 -4.618879 -22.701060 -22.743851 -22.862069 -27.961722 -31.561522 -35.640646 -43.590406 -44.349847 -45.229633 -45.957131 -34.120317 -22.007507
30.253943 47.136197 41.498077 32.999543 22.006946 22.581567 26.495494 35.535830 49.965957 69.946025 95.916464 100.989564 105.845143 110.222032 99.350234 86.805831 74.804323 91.214984 101.703081 111.679275 115.772211 128.086443 139.009791 134.184429 125.394253 115.721618 122.693511 137.214127 153.353704 160.546555 164.415734 164.490060 153.905918 147.714273 144.341643 144.323254 140.200100 143.323033 154.672114 170.324317 169.663002 157.215495 131.753641 92.680561 54.765551 30.436342 33.324479 25.662557 18.428753 13.143186 -2.100618 -14.498086 -15.544479 -25.778305 -32.599051 -21.571511 -15.832345
83.291209 103.064914 100.090614 89.204846 76.830366 77.296890 86.315380 97.120275 118.122455 145.246519 173.814088 188.281792 196.704762 207.123831 200.536498 190.705776 181.245006 188.735561 202.493210 216.397246 229.372497 243.841010 256.926924 249.711026 239.039100 235.674986 241.041022 260.416113 277.744421 284.267964 287.157459 291.505018 284.043188 275.427170 265.978825 257.448404 249.539607 244.478548 261.080400 276.588210 273.511177 246.725741 218.341705 178.861545 136.946044 99.048236 92.001188 88.310716 84.736504 67.056576 49.256494 28.792102 16.274823 5.825140 -10.269296 -6.348559 -1.299478
193.117019 216.610209 222.344572 208.077230 203.097841 209.028375 222.199128 230.312220 247.186209 278.375858 317.736624 346.321560 370.220050 375.560845 366.796687 357.058839 342.706893 337.945793 353.348845 366.626482 379.053851 390.985564 403.207160 410.009555 408.612238 408.562226 411.580820 417.006379 424.618155 431.549413 437.708689 444.003112 443.168212 433.537554 425.336364 415.440695 406.954799 403.982260 403.836022 411.639398 409.363003 385.602548 356.114082 320.776992 278.304837 240.938649 216.041964 214.987758 198.162492 176.174280 150.473790 110.141453 88.180008 68.712954 36.315682 30.027673 39.190696
324.496436 344.096431 361.231693 360.738045 364.169217 368.584733 375.919447 382.001245 390.994546 424.359997 461.006040 493.092105 518.785888 528.406256 519.102367 509.303844 497.765338 488.275431 490.468638 504.019379 520.248831 535.665188 546.269584 549.902344 548.652770 549.045010 550.632648 553.736732 556.423800 561.560865 568.266386 578.164161 589.604822 585.198998 568.900296 556.133825 541.384187 535.056443 532.256256 528.211271 527.109811 521.763411 493.237563 464.431829 430.742932 397.582303 372.804670 352.359562 328.962226 302.371247 252.640823 206.866520 167.451171 134.491229 101.454428 94.050539 117.399313
455.947978 482.793055 499.438312 505.024801 508.456768 512.315990 519.158658 525.268339 533.620371 554.329541 590.031603 626.842579 657.126495 663.090626 655.407506 645.403932 634.689198 625.474490 622.528825 628.504509 637.988027 651.927079 663.100274 673.080775 673.090110 673.842845 673.631489 675.625384 677.698862 679.061817 684.892472 695.053778 704.728242 706.104933 694.790815 678.916897 661.579082 652.419336 643.919954 636.696567 635.238956 634.847144 629.699874 606.382838 571.843554 529.006554 499.592899 475.810553 460.260488 442.383554 419.496446 372.447090 343.264702 305.941147 264.802050 235.167420 266.824109
571.025990 601.033757 621.243217 631.753126 634.732307 639.081208 647.038379 654.287243 665.337067 681.110259 701.968743 729.794807 757.525561 776.065051 773.748454 763.037396 747.660172 744.078902 743.318541 744.087255 749.661951 755.198576 768.905762 782.227510 787.283272 788.688130 785.881714 787.939052 789.862245 790.097870 790.459171 793.524803 799.251302 800.986347 796.789160 783.555638 765.053129 749.020480 737.446580 730.950797 727.051779 726.458940 724.349633 713.165547 686.332049 650.179840 615.582409 590.890861 572.722584 558.040357 546.480418 531.190332 513.679878 483.955216 441.366935 404.023554 395.156050
671.962157 697.128886 722.096277 740.357490 747.668848 756.129535 761.655543 771.916866 786.792051 802.866549 814.950306 831.065927 851.704794 863.434584 869.225679 870.132945 869.789340 871.656844 871.537567 857.494013 859.108788 860.428985 863.984847 869.029940 870.672003 871.236682 870.680790 871.620121 872.130832 872.327347 871.866524 870.766806 871.604728 871.660966 870.831170 866.561182 864.360376 848.070092 835.649552 827.604938 819.709258 810.941306 801.254667 791.422028 775.751842 748.653955 715.041760 685.233753 670.875897 662.595556 655.556337 649.553463 634.546098 613.261480 584.217654 547.567375 511.700480
770.873638 789.062589 814.302596 832.469665 843.634685 852.706277 857.771000 868.996170 880.505928 878.646785 880.631846 883.169188 885.698585 886.630286 886.789148 886.577909 884.241837 883.700724 881.766151 876.022196 866.337972 867.187353 868.196597 870.554549 874.206394 873.294648 874.544330 877.562221 876.033387 870.479220 866.776785 864.875941 864.800313 871.375604 874.201248 874.985067 874.655635 873.777393 873.112830 872.117506 871.204979 870.043456 868.329633 867.431064 857.683088 835.533056 804.843469 771.638748 753.739396 746.015155 745.541806 741.534239 734.614819 715.317832 687.886850 652.938979 616.014893
873.213840 876.642071 882.112047 885.350664 887.231796 889.611735 891.881584 892.186195 888.774178 884.949496 880.018760 878.401487 876.706046 874.017065 874.290632 872.040273 867.855878 863.959216 857.095643 845.213382 832.654836 829.609304 833.781704 838.640330 843.149130 846.761659 850.963857 852.652511 847.603230 839.285253 831.910234 829.457831 835.191991 840.162110 844.843854 845.672068 844.281733 842.609333 843.269050 841.776701 843.408242 850.835632 864.167240 871.313447 872.696715 872.211845 867.908767 860.095863 845.123235 825.256447 827.256954 822.296580 810.470922 789.077419 764.187663 734.907086 706.497304
883.544205 881.228899 875.178183 869.362732 868.550018 872.123866 878.520522 879.708062 872.695344 864.270844 856.638617 848.653804 845.232453 842.824611 841.303257 840.755134 834.991403 826.979325 810.951786 796.790724 783.697649 776.605870 774.899630 780.505763 790.408284 800.393557 806.855623 801.571336 793.193858 781.695088 772.879489 772.440780 774.582426 782.816684 795.369083 799.036896 799.607293 795.337668 792.279680 787.998328 788.366164 797.853336 814.253440 829.694314 843.173233 851.664276 859.191497 865.201313 870.143765 870.419209 870.586365 869.997826 867.044647 852.474632 832.270959 809.644735 785.472424
862.580341 856.724346 848.724697 841.826432 839.352814 841.221380 843.823367 840.589173 833.656695 823.015433 810.882388 798.497645 790.599226 789.704539 790.542041 790.316027 783.574178 768.944677 750.930616 735.968892 720.984209 716.313902 711.677767 708.945729 720.139443 737.102838 744.125014 732.164661 722.091972 707.608142 699.488806 696.278088 697.571309 706.513539 724.783119 742.076795 743.003329 734.311969 726.276341 722.939628 722.539445 731.703485 751.621033 772.123068 787.655425 798.814483 806.155760 815.017437 824.713913 836.374883 849.326106 860.560990 870.566597 873.038111 871.966833 868.579938 853.806583
831.613575 822.310652 812.566213 804.374865 798.765504 795.543001 792.579885 786.395676 779.254110 766.576840 753.651928 740.300419 725.569884 720.999190 717.514355 718.360602 706.696347 695.226366 675.693616 659.709399 643.856425 634.279307 628.607574 623.405636 629.664404 645.950665 655.610706 641.766756 631.365265 617.891675 611.139550 607.648751 608.952976 618.479112 640.467655 658.628060 664.988791 657.430430 652.170158 650.516564 651.127965 658.174073 674.700525 695.751411 717.015625 733.396336 743.796626 752.563295 763.451570 778.470869 793.565336 809.303280 827.031855 846.551244 861.168881 870.397222 875.208993
788.357748 777.310876 764.889867 752.710744 745.387306 745.125368 737.775461 731.021653 717.947775 674.834054 657.608686 639.441461 623.773286 617.449489 609.345501 602.519912 592.411456 584.737814 575.267440 559.451831 542.328133 526.928860 521.887468 517.792678 511.342148 518.578800 522.528353 523.577604 516.253332 509.532266 506.405851 503.807763 507.136554 520.233867 532.368377 543.200052 549.146631 546.638512 553.345033 560.285761 564.020240 580.491888 595.299932 613.901948 635.986146 659.473333 672.737224 682.863465 694.491473 710.805810 728.622580 747.444144 770.963627 796.267804 813.815573 825.876656 838.332709
737.165067 722.288569 708.517495 694.903324 681.554233 681.095148 676.591786 668.530829 631.573402 589.775448 558.129657 539.510320 517.562645 505.956332 494.764636 469.919185 455.073187 447.129418 449.472895 438.195924 420.448873 405.496826 397.348927 391.069034 379.266823 372.799133 377.207981 387.962148 382.608718 380.023377 383.277190 381.299273 378.648738 385.800816 400.370838 409.111739 418.971848 429.797746 435.727125 445.444845 471.871174 487.605359 504.015312 525.285428 548.155834 571.657779 591.891455 605.486595 620.424239 639.770363 657.322046 679.027796 703.540572 732.796656 753.361605 768.860762 781.760175
664.931821 648.312303 631.036180 611.408031 590.095786 586.529239 578.356571 561.313111 517.448265 476.567400 444.568300 420.789634 394.979439 375.740251 348.747629 315.110979 292.616850 294.513470 300.474090 297.563732 280.738786 265.259427 253.167449 238.884093 222.648495 211.669024 219.965674 229.056004 235.203256 238.058517 241.822982 243.613110 242.624002 240.074932 248.760490 259.110032 271.264793 283.570496 298.284439 330.574899 359.320193 379.964215 403.548096 426.773864 452.476213 478.834156 501.759852 518.984851 538.572011 558.845275 580.424388 602.257158 628.167585 658.205553 682.879236 699.114782 714.347534
584.647984 562.299579 536.857540 499.699780 483.537002 473.058859 460.234727 425.038968 381.537235 341.971623 311.893262 281.966817 253.090774 223.010765 189.246514 159.076010 137.440816 142.906236 149.173436 158.064084 144.434634 131.204737 123.382627 107.941524 93.265226 79.019135 87.041022 96.761800 112.674695 116.453401 119.757418 126.106931 124.932399 123.102872 116.659624 126.372205 137.531623 152.163525 180.850638 209.265062 237.622631 263.193546 288.835469 317.388967 347.797205 377.653482 407.115541 429.922629 452.023922 475.964043 498.172589 518.636833 541.718904 569.329016 593.470326 613.700312 635.157523
485.167802 460.067738 423.591062 378.124138 343.045926 326.228655 287.373794 248.673423 205.665291 180.835798 157.572309 130.771946 106.106400 82.465075 54.052624 29.386454 5.024460 8.412412 20.308847 33.625108 26.081954 21.170433 17.339542 5.394092 -8.546087 -22.188648 -18.489085 -3.597660 13.112945 19.976914 26.343837 33.811549 33.938228 27.658673 19.647489 25.687225 39.765875 56.455186 79.207932 103.537870 127.773674 150.862515 176.837929 204.842865 234.257975 266.374706 299.898641 326.626234 356.870391 386.990290 411.103117 427.206964 445.357523 472.753243 493.833364 517.364708 541.212899
373.603639 343.662789 297.643826 248.316172 200.069454 159.483334 123.293218 88.672898 66.301765 44.692395 24.224770 4.004244 -18.034991 -38.772103 -59.013759 -81.499229 -101.039631 -96.032018 -82.830607 -70.772298 -68.875292 -72.088779 -75.343479 -83.338536 -97.008544 -108.345050 -100.180845 -84.714055 -69.534266 -59.672751 -53.019180 -46.764122 -49.452201 -57.522583 -64.082125 -56.084823 -40.537961 -25.162449 -6.852639 15.444583 38.014775 60.963841 85.322439 110.271181 138.178112 167.645847 198.255726 229.021370 258.925319 288.133719 305.954805 323.571175 338.408508 361.026812 384.424095 409.208862 436.262820
232.016732 199.710797 161.148103 117.272904 82.326272 47.915852 15.188503 -16.746355 -42.910252 -61.662346 -72.738730 -88.290959 -108.227764 -122.407582 -139.768010 -159.063115 -160.599855 -157.083064 -144.894494 -142.713287 -142.077173 -145.143172 -146.346243 -151.205488 -162.933017 -157.095186 -149.261020 -134.206308 -123.153708 -113.767073 -107.429838 -103.210074 -103.692512 -110.706060 -107.859924 -100.509389 -85.716022 -73.612945 -57.969381 -36.649122 -18.576726 1.714168 24.683163 48.660909 74.220024 101.606375 131.384033 159.138328 182.932148 197.187501 212.477732 223.571331 223.652095 243.609437 264.875788 287.101630 317.671673
98.731083 70.597893 41.935836 8.311772 -25.231395 -56.455705 -87.289149 -117.450455 -142.659102 -152.792397 -164.141184 -176.238865 -190.042364 -204.155651 -216.956210 -217.601298 -220.062243 -220.525506 -218.649306 -215.670339 -213.178186 -214.229393 -215.394814 -214.865751 -209.226478 -204.998436 -199.412780 -188.785335 -177.603050 -167.305642 -163.203101 -158.959593 -156.051637 -152.813827 -150.197721 -145.666543 -134.076534 -122.095510 -108.539494 -91.296280 -73.546809 -54.256108 -31.518550 -8.272184 16.761424 44.472731 72.732821 95.131967 107.327683 119.855585 126.558310 125.082886 124.075376 135.697562 152.368777 168.949608 195.880133
