tests/Borden05m/sims/sim_1/output-maps/psiliqL0005N0019.asc
ncols         160
nrows         34
xllcorner     620200.000000
yllcorner     5168000.000000
cellsize      0.500000
NODATA_value  -9999.0
[rows 0 to 24 of 34, columns 0 to 55 of 160]
-9999.0 -9999.0 -9999.0 -9999.0 -9999.0 -9999.0 -9999.0 -9999.0 -9999.0 -9999.0 -9999.0 -9999.0 -9999.0 -9999.0 -9999.0 -9999.0 -9999.0 -9999.0 -9999.0 -9999.0 -9999.0 -9999.0 -9999.0 -9999.0 -9999.0 -9999.0 -9999.0 -9999.0 -9999.0 -9999.0 -9999.0 -9999.0 -9999.0 -9999.0 -9999.0 -9999.0 -9999.0 -9999.0 -9999.0 -9999.0 -9999.0 -9999.0 -9999.0 -9999.0 -9999.0 -9999.0 -9999.0 -9999.0 -9999.0 -9999.0 -9999.0 -9999.0 -9999.0 -9999.0 -9999.0 -9999.0
-9999.0 -9999.0 -9999.0 -9999.0 -9999.0 -9999.0 -9999.0 -9999.0 -9999.0 -9999.0 -9999.0 -9999.0 -9999.0 -9999.0 -9999.0 -9999.0 -9999.0 -9999.0 -9999.0 -9999.0 -9999.0 -9999.0 -9999.0 -9999.0 -9999.0 -9999.0 -9999.0 -9999.0 -9999.0 -9999.0 -9999.0 -9999.0 -9999.0 -9999.0 -9999.0 -9999.0 -9999.0 -9999.0 -9999.0 -9999.0 -9999.0 -9999.0 -9999.0 -9999.0 -9999.0 -9999.0 -9999.0 -9999.0 -9999.0 -9999.0 -9999.0 -9999.0 -9999.0 -9999.0 -9999.0 -9999.0
-9999.0 -9999.0 -9999.0 -9999.0 -9999.0 -9999.0 -9999.0 -9999.0 -9999.0 -9999.0 -9999.0 -9999.0 -9999.0 -9999.0 -9999.0 -9999.0 -9999.0 -9999.0 -9999.0 -9999.0 -9999.0 -9999.0 -9999.0 -9999.0 -9999.0 -9999.0 -9999.0 -9999.0 -9999.0 -9999.0 -9999.0 -9999.0 -9999.0 -9999.0 -9999.0 -9999.0 -9999.0 -9999.0 -9999.0 -9999.0 -9999.0 -9999.0 -9999.0 -9999.0 -9999.0 -9999.0 -9999.0 -701.192014 -718.605195 -738.736181 -743.300823 -719.532719 -704.405824 -689.559229 -677.631266 -666.426999
-9999.0 -9999.0 -9999.0 -9999.0 -9999.0 -9999.0 -9999.0 -9999.0 -9999.0 -9999.0 -9999.0 -9999.0 -9999.0 -9999.0 -9999.0 -9999.0 -9999.0 -9999.0 -9999.0 -9999.0 -9999.0 -9999.0 -9999.0 -9999.0 -9999.0 -9999.0 -9999.0 -9999.0 -9999.0 -9999.0 -9999.0 -9999.0 -9999.0 -9999.0 -9999.0 -9999.0 -9999.0 -9999.0 -9999.0 -9999.0 -683.758814 -676.911598 -672.676622 -683.727339 -691.304322 -695.515776 -710.599824 -726.335224 -741.921668 -740.143035 -739.184304 -743.916865 -724.614332 -707.156279 -696.494960 -686.698390
-9999.0 -9999.0 -9999.0 -9999.0 -9999.0 -9999.0 -9999.0 -9999.0 -9999.0 -9999.0 -9999.0 -9999.0 -9999.0 -9999.0 -9999.0 -9999.0 -9999.0 -9999.0 -9999.0 -9999.0 -9999.0 -9999.0 -9999.0 -9999.0 -9999.0 -9999.0 -9999.0 -9999.0 -9999.0 -9999.0 -9999.0 -9999.0 -9999.0 -9999.0 -741.695963 -725.421467 -714.780795 -704.186669 -692.267235 -691.699373 -690.910141 -684.627411 -689.913048 -692.323666 -701.665808 -718.088710 -735.427240 -746.637229 -741.933997 -744.981282 -743.461529 -733.622907 -724.289006 -716.586261 -701.635101 -682.428819
-9999.0 -9999.0 -9999.0 -9999.0 -9999.0 -9999.0 -9999.0 -9999.0 -9999.0 -9999.0 -9999.0 -9999.0 -9999.0 -9999.0 -9999.0 -9999.0 -9999.0 -9999.0 -9999.0 -9999.0 -9999.0 -9999.0 -9999.0 -9999.0 -9999.0 -9999.0 -9999.0 -9999.0 -723.854509 -729.932290 -734.870374 -735.235732 -737.299384 -743.744645 -743.164121 -737.996731 -726.164150 -710.104495 -704.087009 -702.407097 -699.335570 -700.933266 -708.146217 -709.791955 -704.305370 -714.563197 -722.055048 -730.243743 -744.136397 -747.137403 -737.968661 -727.478390 -716.881994 -709.858345 -702.706948 -696.356603
-9999.0 -9999.0 -9999.0 -9999.0 -9999.0 -9999.0 -9999.0 -9999.0 -9999.0 -9999.0 -9999.0 -9999.0 -9999.0 -9999.0 -9999.0 -9999.0 -9999.0 -9999.0 -9999.0 -9999.0 -9999.0 -9999.0 -9999.0 -739.574565 -733.838589 -730.571368 -725.096446 -726.749952 -736.492968 -743.763284 -747.249090 -749.835316 -755.050145 -754.349653 -751.772837 -744.389259 -736.747218 -719.967433 -720.946009 -720.861528 -708.820337 -709.779876 -703.762388 -697.305969 -699.473450 -699.754866 -714.418119 -725.563482 -715.627932 -710.181862 -708.211386 -707.025404 -699.323187 -689.386667 -677.568927 -661.810667
-9999.0 -9999.0 -9999.0 -9999.0 -9999.0 -9999.0 -9999.0 -9999.0 -9999.0 -9999.0 -9999.0 -9999.0 -9999.0 -9999.0 -9999.0 -9999.0 -9999.0 -9999.0 -9999.0 -745.546405 -746.766539 -749.267893 -747.177277 -755.613138 -758.707755 -754.354308 -747.602451 -749.754882 -755.146715 -759.949910 -759.134583 -757.921967 -757.767668 -748.080429 -738.859742 -732.629974 -728.743508 -714.110582 -706.455066 -697.241213 -681.709861 -688.437048 -696.435839 -700.755844 -701.181139 -702.765928 -694.795970 -691.694356 -689.029038 -686.892386 -683.649759 -678.648906 -673.135804 -658.065707 -642.425770 -627.425765
-9999.0 -9999.0 -9999.0 -9999.0 -9999.0 -9999.0 -9999.0 -9999.0 -9999.0 -9999.0 -9999.0 -9999.0 -9999.0 -9999.0 -9999.0 -9999.0 -753.004933 -753.466171 -756.572669 -761.013386 -765.323092 -764.549739 -759.249650 -765.708491 -766.947475 -763.620286 -765.080861 -759.539293 -754.010366 -748.021808 -744.654500 -748.271103 -745.151029 -742.607760 -738.961789 -731.346813 -715.253612 -699.599392 -691.449858 -679.980102 -665.294446 -669.763747 -672.591416 -672.327058 -674.827531 -668.776151 -649.866035 -648.669735 -650.987010 -631.321767 -619.135698 -618.233898 -615.512997 -600.351149 -578.648036 -551.126195
-9999.0 -9999.0 -9999.0 -9999.0 -9999.0 -9999.0 -9999.0 -9999.0 -9999.0 -9999.0 -9999.0 -9999.0 -9999.0 -763.083773 -763.180371 -760.585197 -768.294835 -775.130702 -778.744325 -783.498057 -773.092519 -777.701819 -777.844826 -774.656569 -765.307398 -762.919322 -759.675596 -752.516982 -751.268361 -750.854681 -750.288410 -751.391659 -741.930559 -731.852611 -722.760150 -708.801793 -695.516623 -682.883687 -667.604142 -659.595612 -649.272694 -648.753601 -654.172897 -654.746865 -647.707796 -629.535376 -612.888066 -602.719186 -578.853812 -553.073060 -537.394884 -521.791247 -511.859988 -498.381678 -472.482259 -420.172010
-9999.0 -9999.0 -9999.0 -9999.0 -9999.0 -9999.0 -9999.0 -9999.0 -9999.0 -9999.0 -783.954108 -778.426311 -786.755133 -801.153888 -806.677064 -801.164176 -795.235323 -799.062404 -796.450213 -777.942148 -766.736750 -778.288316 -766.202918 -763.543265 -766.744247 -762.434580 -755.386195 -750.732622 -738.177648 -733.609182 -728.856678 -711.068692 -702.234069 -693.148696 -682.458362 -670.467554 -657.610655 -631.695419 -609.129360 -601.444281 -576.887137 -561.344853 -568.661897 -570.710917 -564.719302 -544.369572 -513.842676 -475.688275 -440.898191 -401.460172 -372.437150 -354.356645 -341.281618 -326.508504 -309.354294 -280.870356
-9999.0 -9999.0 -9999.0 -9999.0 -9999.0 -9999.0 -9999.0 -9999.0 -809.273241 -799.632323 -793.363558 -800.595401 -810.601119 -827.965850 -819.232064 -810.197422 -803.084993 -793.843793 -787.797050 -781.620302 -780.898915 -772.163199 -759.025238 -757.694819 -753.321614 -743.857969 -739.170556 -728.834580 -715.182831 -711.626455 -700.431081 -686.120419 -673.244551 -661.541735 -649.010925 -637.437825 -611.379196 -578.564115 -544.516258 -514.895522 -478.917467 -442.671013 -439.871314 -433.570074 -424.635746 -387.326853 -348.295285 -312.514069 -283.738374 -257.575685 -231.128690 -216.219527 -206.234254 -194.013749 -179.089720 -165.207555
-9999.0 -9999.0 -9999.0 -9999.0 -9999.0 -9999.0 -826.756113 -803.353058 -791.975110 -814.662912 -833.022021 -839.479141 -850.445991 -824.731891 -802.159582 -795.634139 -789.833916 -783.291323 -781.390767 -788.059824 -755.138382 -756.504473 -755.802168 -742.683967 -738.152935 -732.376076 -722.006994 -704.697478 -691.063980 -662.786084 -639.070432 -617.797161 -594.799300 -578.089455 -561.255777 -541.361408 -502.500781 -450.873620 -398.355750 -358.344736 -325.350306 -294.868277 -283.840700 -277.453161 -269.375712 -253.619179 -227.143118 -199.467200 -167.683413 -137.455942 -113.910696 -102.761158 -92.935891 -81.953010 -68.532524 -54.045580
-9999.0 -9999.0 -9999.0 -9999.0 -820.199960 -813.084192 -813.942658 -792.533605 -777.942155 -803.812480 -793.708802 -798.085147 -806.655649 -816.230906 -826.817580 -814.134497 -805.058781 -797.401277 -793.370810 -759.633773 -729.382461 -734.009854 -715.937774 -689.418373 -686.457331 -678.778725 -671.223256 -654.958616 -630.748776 -600.806158 -550.551763 -503.284406 -468.955170 -436.277698 -406.794019 -374.754089 -336.587226 -297.123211 -263.766213 -232.752427 -204.657137 -181.947252 -167.016494 -158.167839 -147.147280 -133.947568 -116.356613 -91.866291 -64.360815 -32.740965 -3.616990 12.862759 21.361719 31.461028 43.712541 61.002597
-9999.0 -9999.0 -9999.0 -838.594683 -813.684148 -802.031217 -807.388981 -798.897923 -779.657750 -791.237466 -791.896303 -792.571572 -792.238380 -789.838797 -788.060378 -779.243656 -774.511687 -773.911168 -764.122470 -739.138932 -719.569872 -696.293857 -675.451233 -651.396855 -632.302411 -620.954087 -608.459089 -585.134364 -540.633030 -489.006219 -416.659080 -350.100826 -307.869320 -282.618888 -264.936721 -242.415035 -220.707588 -189.558632 -158.712018 -129.615529 -100.636046 -76.338830 -54.388072 -41.326844 -32.273169 -23.465865 -6.878817 12.908076 33.488781 63.959204 108.515918 129.877629 141.145427 148.475129 161.840593 175.666164
-9999.0 -9999.0 -839.199727 -823.745742 -828.436766 -807.740770 -785.211024 -789.066656 -764.609705 -753.930011 -766.470473 -753.132739 -744.120315 -749.306243 -738.376319 -726.759063 -719.893206 -727.572829 -728.704447 -700.680803 -653.245157 -611.723350 -578.912911 -511.504895 -471.795425 -446.157925 -430.849092 -398.682970 -359.368977 -310.519311 -264.368245 -219.281191 -182.204422 -153.106073 -139.930164 -124.310585 -101.521075 -77.756689 -48.188900 -20.934901 6.350537 31.584723 57.780505 86.307392 92.788453 105.929532 124.567895 144.162731 163.042958 181.406773 199.318071 201.460328 202.387913 202.924058 203.462228 204.121433
-9999.0 -9999.0 -856.086517 -831.505112 -841.283323 -802.710210 -766.100782 -780.315059 -762.269368 -729.283405 -727.945250 -717.464077 -711.007198 -701.051070 -683.850042 -660.704610 -665.415426 -667.081672 -679.225227 -623.742522 -565.834683 -480.946529 -381.648064 -319.886380 -284.887228 -277.835081 -272.684432 -257.200774 -234.238484 -192.822460 -141.891643 -88.650849 -45.788256 -17.565623 -3.422825 11.363487 33.778810 69.423345 87.253077 116.777853 135.016811 154.426635 175.626970 194.778503 201.507268 202.116616 201.030512 202.014103 202.504314 202.809836 202.901190 199.939594 199.139504 199.651607 200.648854 195.878224
-9999.0 -867.479893 -853.214513 -848.459167 -821.418264 -818.361122 -781.283546 -735.818509 -721.550289 -699.393648 -687.638159 -686.041093 -627.893942 -576.887581 -552.149240 -517.319614 -525.369925 -533.285329 -547.041194 -496.221330 -416.073263 -314.221675 -210.478162 -164.482173 -143.243326 -143.297753 -148.012980 -135.161344 -109.054522 -65.896004 4.848766 71.040067 113.070813 141.977004 151.391829 154.134343 167.904489 185.695511 199.551730 203.679060 204.642059 205.990168 202.661105 203.366412 203.348391 203.222423 200.100466 193.664340 184.609130 177.782683 173.474626 168.790340 170.994757 174.078099 175.237523 167.915621
-9999.0 -905.281934 -856.339516 -827.354964 -830.030762 -834.162802 -763.823871 -675.221384 -674.315813 -663.276622 -647.950910 -595.072190 -487.164308 -404.891289 -363.284692 -325.433323 -327.235810 -338.069207 -336.344416 -301.857381 -249.061515 -175.300929 -67.400454 0.648655 -6.270805 -5.414706 -1.452301 19.211053 50.309902 88.208021 148.346987 180.542515 188.756824 191.697409 192.660053 193.250767 194.140050 194.783363 191.734604 187.799126 180.845404 181.650346 186.994231 186.703847 181.888969 178.123620 172.146529 162.258074 141.373073 129.208974 123.845792 119.662976 117.762434 117.953937 113.705134 107.061434
-9999.0 -870.028186 -818.259185 -826.970782 -858.923302 -791.016890 -746.532585 -669.115892 -610.617722 -594.297688 -531.266988 -410.783088 -318.209712 -251.181452 -214.055423 -194.134201 -182.136526 -184.085576 -163.512855 -114.840721 -40.563701 54.788456 103.379306 148.914123 121.775829 101.692283 91.223051 91.325787 97.142134 109.128754 132.247805 164.359044 175.484473 181.353065 179.169260 176.150262 171.835196 164.446087 159.027901 153.301191 133.749428 133.493053 151.257761 151.019028 131.834754 122.780993 115.833796 107.334047 95.879094 85.619183 79.962986 75.117078 72.371698 67.742633 62.552731 56.049496
-9999.0 -939.970617 -858.373408 -918.029839 -826.481712 -749.792866 -728.327547 -620.606850 -513.287111 -458.747867 -347.447393 -262.188138 -189.173778 -138.756705 -102.330041 -63.994642 -37.830801 -11.185916 23.769674 56.079432 135.577325 169.126113 174.682544 173.579603 151.298851 109.105388 87.695356 66.202160 58.577630 59.191768 72.759087 94.664752 111.686259 137.140065 120.820993 117.413782 115.879362 112.033263 108.067507 98.726988 87.128329 81.788358 84.190364 88.899623 78.847547 72.104366 64.525254 55.257436 44.847953 35.432809 27.024470 19.740698 16.329497 10.397086 8.641596 1.462754
-9999.0 -996.700658 -931.677007 -887.379976 -809.738315 -752.227949 -691.431964 -580.666029 -412.824322 -314.626751 -239.413031 -200.211970 -144.007917 -84.820072 -26.717961 5.097386 22.126408 29.168490 37.955106 49.282124 48.711078 79.909375 98.013397 114.333343 88.058950 69.317867 50.548190 36.044218 30.374661 33.718710 39.711238 47.717872 54.563085 60.022142 55.242529 55.337405 58.851184 53.550449 46.335237 38.783017 31.359196 23.790399 19.291591 16.325862 12.454221 10.457436 2.337597 -8.397553 -19.208261 -27.707256 -35.899542 -42.284029 -44.623663 -49.156088 -55.085154 -65.145382
-9999.0 -1140.938051 -913.708609 -890.024850 -841.242971 -817.270043 -782.904961 -679.017475 -542.852567 -332.864591 -185.461981 -162.578068 -142.246693 -106.785149 -51.384719 -0.645987 5.332895 -22.207162 -43.155213 -50.459856 -39.950234 -19.465818 -2.265962 14.807365 18.156442 16.380663 10.207942 -0.393173 -12.662123 -17.057799 -16.710891 -19.243277 -20.587839 -17.831773 -18.904983 -14.077482 -10.809455 -19.376403 -30.836071 -44.604079 -56.879062 -65.917574 -69.014794 -68.839903 -70.092712 -73.606887 -80.954090 -90.691380 -102.393938 -112.913710 -120.925131 -126.513258 -132.162527 -139.860589 -148.501456 -158.062452
-9999.0 -9999.0 -1008.870557 -891.270281 -875.494177 -853.436373 -826.388073 -742.994709 -648.591697 -460.505975 -340.610440 -271.004008 -231.346416 -197.230142 -149.879033 -108.622390 -101.684353 -94.786619 -118.066504 -116.770961 -109.702418 -100.991707 -89.528243 -78.321807 -70.066271 -66.109625 -64.134412 -66.943660 -75.206875 -87.297087 -100.244630 -109.192857 -114.157615 -117.693216 -110.440034 -100.626199 -101.767156 -107.640520 -117.877044 -131.531881 -143.172932 -154.863153 -158.075956 -157.392016 -157.715972 -160.728508 -165.775284 -177.197218 -188.797895 -200.519480 -206.171766 -211.735852 -217.246709 -226.859465 -236.753208 -248.004301
-9999.0 -9999.0 -1170.465046 -950.501148 -875.681230 -827.374055 -827.450269 -808.907011 -709.268257 -645.534443 -565.181401 -478.352969 -402.024035 -347.657629 -311.368258 -270.731256 -252.125393 -243.588229 -240.934695 -230.049703 -212.176469 -195.023763 -183.205491 -172.380673 -162.429512 -154.455129 -147.703241 -156.620921 -165.463654 -178.466925 -194.440810 -211.905577 -221.084224 -226.030237 -222.075156 -215.416428 -219.511849 -228.221098 -240.372454 -254.550719 -265.615221 -276.168153 -279.475497 -280.919710 -281.409403 -283.780761 -286.940068 -295.838905 -307.706252 -317.279273 -325.765580 -333.377230 -338.183007 -347.777171 -360.184981 -370.847791
