tests/Borden05m/sims/sim_1/output-maps/psiliqL0003N0007.asc
ncols         160
nrows         34
xllcorner     620200.000000
yllcorner     5168000.000000
cellsize      0.500000
NODATA_value  -9999.0
[rows 0 to 24 of 34, columns 57 to 113 of 160]
-9999.0 -9999.0 -9999.0 -9999.0 -9999.0 -9999.0 -9999.0 -9999.0 -9999.0 -9999.0 -9999.0 -9999.0 -9999.0 -9999.0 -9999.0 -9999.0 -9999.0 -9999.0 -9999.0 -9999.0 -9999.0 -9999.0 -9999.0 -9999.0 -9999.0 -9999.0 -9999.0 -9999.0 -9999.0 -9999.0 -9999.0 -9999.0 -9999.0 -9999.0 -9999.0 -9999.0 -9999.0 -9999.0 -9999.0 -9999.0 -9999.0 -9999.0 -9999.0 -9999.0 -9999.0 -9999.0 -9999.0 -9999.0 -9999.0 -9999.0 -9999.0 -9999.0 -9999.0 -9999.0 -9999.0 -9999.0 -9999.0
-9999.0 -9999.0 -525.955579 -527.997793 -529.334270 -529.985792 -532.848896 -535.013053 -537.671531 -537.992231 -537.604664 -538.108854 -539.299773 -537.881118 -536.082447 -534.595363 -532.418700 -532.987344 -532.791236 -531.951236 -531.720251 -532.084841 -533.077798 -533.676153 -534.404593 -533.151264 -536.236176 -540.315673 -543.461042 -544.070650 -541.262055 -539.662744 -540.074694 -538.668160 -535.525396 -532.947468 -532.305138 -529.211732 -529.987646 -528.812572 -526.666474 -528.357219 -528.642939 -528.216291 -527.359109 -531.908570 -9999.0 -9999.0 -9999.0 -9999.0 -9999.0 -9999.0 -9999.0 -9999.0 -9999.0 -9999.0 -9999.0
-528.232911 -528.815739 -537.967962 -538.714605 -538.772108 -538.219526 -539.371967 -542.627791 -543.329623 -545.812303 -546.910008 -547.204418 -548.265508 -547.546848 -543.424811 -540.578013 -539.856477 -540.586120 -540.984760 -541.967493 -542.624106 -542.388062 -543.364646 -544.246447 -545.194503 -544.825932 -542.064970 -545.103117 -546.610174 -548.150928 -549.872800 -549.285125 -548.802848 -548.641820 -544.813363 -543.502666 -542.687712 -537.670405 -533.061193 -531.964800 -533.942500 -535.988231 -535.284538 -535.260483 -537.025255 -538.698032 -538.333543 -539.073427 -539.341519 -541.173641 -538.376600 -538.569108 -535.597796 -533.208721 -530.419675 -526.105051 -9999.0
-535.361220 -535.971018 -542.854208 -546.953340 -548.199499 -547.212704 -544.145367 -545.221106 -547.665761 -551.532322 -547.291781 -547.921971 -548.362702 -547.659425 -546.338176 -545.787187 -545.195559 -544.328355 -540.708568 -541.085228 -541.440662 -541.241158 -541.855001 -543.001657 -542.835153 -543.425861 -546.532800 -546.002636 -545.231024 -545.964666 -542.921297 -542.785679 -540.977388 -546.413975 -545.571726 -544.408849 -543.674100 -543.266817 -542.713074 -541.784461 -544.150313 -542.334682 -544.014013 -547.961474 -548.674327 -548.033551 -544.314129 -542.407927 -544.422889 -552.019219 -548.002586 -539.716399 -540.525185 -542.044038 -538.241947 -534.563631 -529.182096
-545.845856 -546.927414 -549.821240 -546.845374 -544.472135 -542.984857 -544.301459 -547.013758 -550.395589 -543.777491 -541.227740 -542.829259 -542.129673 -540.216510 -540.065419 -548.324771 -550.509504 -547.404714 -544.210998 -542.940821 -544.510495 -545.277180 -546.737875 -546.684215 -545.735843 -546.559328 -545.283032 -544.241595 -545.807256 -543.830043 -541.537521 -539.240508 -544.262143 -548.863873 -548.547027 -544.712306 -542.026735 -540.815819 -537.093929 -531.127885 -532.143181 -533.362390 -533.713533 -533.949206 -540.876034 -547.352091 -549.920098 -551.037331 -552.999221 -551.242112 -552.758268 -546.003434 -546.608211 -547.755124 -544.700208 -542.442975 -539.499979
-545.444337 -543.656840 -548.159486 -550.483522 -551.454135 -550.698202 -551.655316 -551.669713 -545.957860 -543.110909 -538.050525 -540.269826 -540.217891 -540.447720 -545.844023 -549.913908 -552.760458 -544.363695 -537.884741 -535.966610 -537.947664 -539.707198 -533.952528 -535.670466 -536.291124 -539.754673 -538.568155 -539.390034 -533.443268 -531.290470 -528.157307 -529.390393 -535.320159 -540.362748 -540.538197 -539.963781 -540.616593 -539.288134 -535.674692 -531.066944 -534.651181 -535.883664 -534.942070 -545.254573 -553.364690 -555.981471 -549.555840 -545.895429 -546.438950 -545.730345 -545.282703 -549.672986 -548.550119 -548.061896 -550.245392 -545.217671 -540.273177
-534.126559 -527.048872 -532.093818 -535.450635 -541.689457 -540.945301 -540.324228 -538.407664 -535.851818 -530.844957 -520.671297 -523.426102 -523.141367 -519.746590 -525.326198 -530.483672 -538.752637 -529.418760 -527.719907 -525.164753 -526.187091 -519.873849 -514.288006 -518.176028 -523.261571 -529.598265 -525.944804 -518.222167 -511.151692 -509.746096 -509.020659 -507.667854 -512.751984 -513.828010 -514.739438 -513.997649 -517.508645 -517.346090 -512.094465 -502.898190 -501.652070 -505.218713 -513.186847 -526.410116 -538.846283 -545.525169 -536.480347 -538.879309 -539.911744 -538.200465 -543.341233 -546.204450 -541.314731 -545.346586 -548.503409 -541.613295 -541.063257
-532.424461 -524.692966 -528.377016 -534.613104 -541.520134 -541.474968 -537.559051 -535.973348 -528.901912 -519.174872 -508.245301 -503.417493 -499.856885 -493.587097 -497.732392 -501.970229 -507.475596 -505.824695 -498.976923 -493.071701 -486.701166 -479.446668 -470.268290 -473.298178 -478.916870 -479.228701 -476.771258 -465.063265 -454.063561 -448.902070 -445.090637 -438.503047 -441.435125 -448.433155 -457.588173 -467.679354 -476.614391 -483.023031 -473.655559 -463.386765 -464.086240 -480.645204 -491.888816 -506.235352 -521.146759 -538.054645 -536.577413 -532.879833 -529.451767 -535.640621 -538.238749 -543.688249 -544.454879 -543.444952 -550.059183 -546.190143 -545.529789
-495.969572 -486.414096 -483.002407 -493.306993 -494.948068 -491.816675 -485.478960 -484.810046 -479.246988 -455.765134 -421.805630 -390.961058 -354.327923 -346.438779 -364.743967 -379.802833 -398.587885 -408.414954 -395.751458 -380.539991 -360.037473 -329.633159 -279.810620 -224.354726 -199.536565 -180.967747 -164.488196 -155.693115 -148.495310 -141.288171 -134.812841 -128.865710 -128.341156 -137.048505 -148.021702 -168.516543 -214.379273 -261.914248 -283.910747 -267.923703 -276.966190 -337.032614 -384.714854 -416.790896 -448.452213 -475.243341 -491.178556 -487.139193 -494.405909 -500.622247 -507.600759 -525.044337 -528.932647 -530.999361 -546.542902 -547.991780 -542.822375
-423.324029 -405.050802 -384.265590 -382.530910 -378.079766 -374.753082 -367.167438 -357.349554 -325.276707 -196.241690 -138.927350 -104.995922 -82.298367 -74.164056 -84.073761 -93.332030 -102.678997 -110.701421 -109.632242 -96.067687 -77.804706 -56.749347 -35.808715 -19.139735 -10.114399 -1.993340 4.890916 10.568795 13.503840 17.580707 22.046812 27.803854 31.330779 30.523659 18.698722 5.212077 -16.961445 -33.540466 -40.868874 -45.247683 -50.517710 -64.036271 -96.708547 -125.591680 -169.826207 -268.433244 -364.422799 -398.974706 -418.962783 -435.400806 -467.917696 -495.895297 -513.398566 -526.143214 -540.301410 -542.654085 -524.771458
-141.420259 -109.503114 -96.062117 -92.917671 -92.034755 -90.006792 -83.933563 -75.717033 -57.925559 -20.403345 15.199089 32.694539 36.447190 36.517037 35.242993 34.105239 32.934944 31.981059 31.718910 32.615655 33.858972 35.994137 37.775075 39.802447 40.045157 40.513563 40.755911 41.218261 41.500251 41.495447 42.079921 43.193456 44.139510 44.495440 43.266390 41.369063 39.080121 38.081106 37.202619 36.490319 36.294913 35.829362 35.396908 31.813297 7.968159 -41.777283 -83.689183 -108.929923 -122.700483 -142.846044 -181.511667 -321.657459 -375.423693 -411.080201 -445.169959 -477.779508 -460.818355
11.440865 31.050791 33.365437 33.984425 33.561335 33.625132 34.409337 35.170826 36.807844 39.304568 41.417609 43.867605 46.287625 48.574968 48.129393 47.055753 45.186173 45.359741 45.497320 45.539992 46.069351 46.283051 47.842746 49.588567 50.177879 50.278551 49.849639 50.240123 50.354025 50.288862 50.033749 50.074935 50.673289 51.000998 50.939011 49.647294 47.732225 46.012920 45.159932 44.963179 44.736528 44.964364 45.129591 44.755691 42.103179 37.983156 33.724644 31.092616 24.662118 11.788075 -8.589837 -42.895785 -69.623644 -96.708001 -136.900971 -199.490911 -322.942032
40.051686 42.404172 44.435553 45.764651 45.822323 46.439558 46.498329 47.583700 49.269452 51.031969 51.719789 54.200397 68.297628 76.728452 81.831978 83.458561 84.463511 86.601494 86.689556 86.065938 86.570647 87.061787 86.717587 88.995045 89.196780 89.110209 89.019723 89.449541 89.334682 89.561790 89.229781 87.396864 87.256684 87.096789 87.009694 85.196045 78.561469 65.217236 55.494809 53.063360 52.216841 51.183966 50.111788 49.454824 48.701933 46.787951 44.310024 41.887177 41.459560 40.975655 39.757686 38.233474 35.884536 33.442897 27.021537 -6.112956 -60.173794
47.806851 49.228469 51.554481 53.693199 61.196091 67.060278 70.972288 80.100933 89.352367 90.931530 90.710561 90.407537 90.228011 90.175758 89.893879 89.979175 87.939449 88.099676 87.001129 81.923302 73.541511 74.965491 75.904274 77.950346 81.081098 79.455838 80.142599 82.839399 81.584399 76.679326 73.701371 72.077171 71.925536 78.295854 80.916532 81.475596 82.178511 81.693418 81.667176 81.708920 81.708681 81.731463 81.774405 77.530337 70.319256 54.195951 50.968601 47.825676 46.445692 46.125887 46.718554 46.433851 46.530678 45.266516 43.334844 39.795187 34.965476
83.721872 92.862195 92.256411 91.616266 91.579536 92.604555 94.298301 93.704264 90.423788 86.812870 82.537918 81.616704 80.480152 78.145582 78.827265 76.971594 73.519875 71.117801 66.552482 57.832747 51.220991 51.064882 51.994539 54.281292 57.493264 59.091999 61.898465 63.662055 60.110450 53.476848 51.567274 51.195428 52.295562 55.393625 58.871876 59.364519 57.804178 56.236950 56.698977 55.078739 55.540251 60.861797 71.642499 78.758031 78.408657 78.358470 78.829339 79.249001 60.456697 51.864619 52.857840 52.321230 51.202976 49.256620 47.729248 45.890596 44.311305
85.388848 83.148745 77.825955 72.584584 71.964264 75.375104 81.750335 83.341553 77.068166 70.205291 64.298658 59.042164 57.843057 56.434222 55.848699 55.784890 52.087906 51.605950 50.178228 49.377039 48.441681 47.902558 47.734133 48.419631 49.236849 49.844968 50.480975 49.843013 49.398294 48.529108 47.822479 48.132291 48.253156 49.017056 50.327828 50.140153 50.329909 49.858871 49.838483 49.199764 48.928163 49.555038 50.962128 52.179579 54.646182 60.358008 66.518153 71.653190 78.275419 78.073292 77.676308 77.467045 73.702778 62.178841 52.666033 50.854584 49.110869
66.619479 62.329269 56.594671 51.702091 51.356334 53.650330 57.304341 55.558946 51.984780 50.903567 49.961948 49.078276 48.728497 49.060121 49.466588 49.775440 49.471742 48.354657 47.186404 46.582153 45.428454 45.538181 44.950908 44.136993 45.063213 46.641700 47.202489 45.692657 45.289454 44.124024 43.701604 43.581732 43.620514 44.322408 46.074512 48.065752 48.031728 47.044771 46.301806 46.057247 45.635397 46.087613 47.709524 49.108021 49.804624 50.234387 50.379176 51.052615 51.814597 52.843491 58.270586 66.645752 76.285699 76.239399 76.259852 76.597970 62.139314
51.150292 50.570617 50.084436 49.668878 49.397814 49.297881 49.364870 48.878391 48.689396 48.675745 48.082613 47.436317 45.963886 45.810050 45.579806 46.374860 45.227290 44.734185 42.973204 41.825250 39.951483 38.413479 36.962073 35.292953 35.431507 37.153781 38.552518 36.392820 35.627911 34.155846 33.752276 33.521731 33.707993 34.981888 38.592583 41.632665 43.079844 42.377445 41.991704 41.905592 41.756885 41.742267 42.994544 44.639852 46.180651 46.993900 47.305576 47.554710 48.047703 48.985887 49.741707 50.499791 51.704413 54.854472 65.999748 73.385912 78.498467
49.097413 48.752172 48.145140 47.327254 47.030832 47.674636 46.839679 46.573421 46.695971 41.468822 40.647686 38.394710 35.685753 34.550830 33.135739 32.673965 31.643686 31.334232 30.352607 20.740141 1.555392 -27.511655 -48.662191 -62.715042 -75.789529 -72.350058 -68.978820 -66.953071 -73.162461 -79.176656 -81.355251 -82.710635 -76.803262 -57.783873 -32.931758 -5.016725 11.647742 14.521358 23.711109 29.946009 29.201926 32.367006 34.309478 37.119878 39.978656 42.726825 43.431408 43.952573 44.540783 45.530421 46.489090 47.184695 48.557763 50.200904 51.087462 51.624349 52.744591
47.522884 46.633980 45.856050 44.905771 43.738815 44.305990 44.010503 43.468774 38.193570 31.744003 12.811855 -10.219269 -51.567781 -75.445306 -89.004504 -109.240563 -118.904990 -125.055978 -123.144636 -138.047067 -170.340121 -241.784360 -303.724367 -326.099070 -350.600986 -356.563565 -348.407372 -329.348403 -348.206112 -359.341858 -357.370121 -362.413578 -363.721408 -337.718949 -273.636427 -197.474650 -159.465442 -141.893808 -134.761485 -129.330508 -106.722765 -91.061425 -66.857136 -24.294328 8.566289 30.212198 34.091836 36.548645 38.789354 41.097040 42.227660 43.661369 45.076486 47.163279 47.955831 48.596319 49.013782
42.700740 41.338348 39.118401 36.020770 32.422674 32.260496 30.587982 13.796908 -41.611792 -97.554887 -139.478662 -185.745458 -304.535557 -355.737620 -385.682877 -415.840066 -431.742134 -431.483654 -427.369729 -434.757730 -451.556279 -465.096382 -471.903310 -477.667829 -485.960552 -490.923853 -485.511863 -480.399848 -480.891936 -481.057932 -479.155514 -479.503593 -480.584158 -481.900888 -472.911498 -466.009827 -457.434927 -450.485904 -446.353334 -425.410082 -401.539785 -381.552983 -337.366453 -213.903212 -146.263652 -106.165708 -72.367442 -32.928231 1.564253 23.617313 32.730207 35.978491 39.160085 42.322773 44.207820 44.916321 45.611314
32.613912 21.246336 -9.632944 -67.665168 -91.437384 -102.559404 -113.104871 -159.437863 -276.103462 -391.432224 -426.722382 -449.945479 -468.885512 -481.544380 -494.656846 -506.800581 -514.887252 -509.002013 -506.362665 -501.224971 -508.975978 -514.892784 -515.753962 -521.084501 -525.763527 -532.681603 -527.033295 -524.843870 -518.332702 -519.169838 -519.183790 -516.293250 -517.800426 -518.436489 -523.089044 -518.807692 -516.659911 -514.074567 -503.070686 -493.095262 -482.795226 -474.198452 -463.972584 -447.333567 -421.695635 -390.889982 -341.342031 -229.092696 -152.737311 -111.105763 -76.117049 -35.904464 0.153912 25.377572 33.164158 36.046386 39.287891
-88.722562 -125.407354 -187.848126 -345.476319 -397.223504 -402.089749 -426.223997 -451.419343 -485.430622 -497.621539 -504.164018 -512.568226 -518.557455 -522.900489 -531.001297 -536.604807 -546.132934 -542.206117 -537.067171 -529.628870 -535.640178 -536.280708 -534.710014 -538.083311 -541.693961 -548.000641 -547.042088 -542.045063 -536.143264 -536.607516 -535.522555 -532.143413 -532.043112 -534.771072 -540.425757 -539.234013 -535.932650 -532.923663 -526.742950 -521.179086 -515.763768 -511.213121 -504.507301 -496.372849 -487.124333 -475.107841 -460.024444 -446.854981 -421.758638 -388.408688 -340.429087 -242.646591 -161.312173 -116.488056 -88.316328 -50.826292 -7.418095
-365.956253 -402.891176 -441.610935 -473.498537 -495.239948 -507.546479 -518.202643 -528.383420 -531.498559 -534.481398 -538.339689 -541.567106 -545.198795 -548.482570 -551.092068 -555.723202 -565.624187 -561.293445 -555.552822 -549.119190 -548.825125 -549.430202 -548.775689 -550.117102 -554.490167 -562.473269 -559.031175 -554.266461 -550.049256 -548.819085 -548.096302 -545.471009 -547.408030 -551.390364 -557.174933 -554.765601 -550.509149 -548.377077 -545.693536 -541.599165 -537.321190 -533.157671 -528.337305 -523.558645 -516.908053 -509.397914 -500.857136 -491.276185 -480.203365 -466.216722 -459.267310 -447.942495 -431.137838 -405.410700 -373.756775 -299.921378 -177.856835
-478.369276 -489.607698 -502.788336 -517.559814 -524.536381 -531.133104 -536.792255 -542.909243 -546.560395 -549.325744 -547.193586 -548.354975 -552.655575 -552.090351 -554.264930 -562.210248 -558.989966 -556.652135 -550.111003 -551.467086 -551.837664 -553.376442 -552.241418 -553.192291 -561.039147 -556.854789 -555.189054 -550.714173 -550.059197 -549.201448 -548.553896 -547.788358 -548.684545 -554.185362 -552.970483 -551.591300 -547.608518 -547.724124 -546.342150 -541.959047 -540.961038 -538.557302 -535.029669 -531.341873 -526.945354 -521.573925 -513.915381 -506.129747 -498.653598 -496.936676 -491.973676 -487.726070 -492.480278 -482.963305 -474.347992 -463.710923 -441.297589
