tests/Borden05m/sims/sim_1/output-maps/psiliqL0023N0007.asc
ncols         160
nrows         34
xllcorner     620200.000000
yllcorner     5168000.000000
cellsize      0.500000
NODATA_value  -9999.0
[rows 0 to 24 of 34, columns 55 to 109 of 160]
-9999.0 -9999.0 -9999.0 -9999.0 -9999.0 -9999.0 -9999.0 -9999.0 -9999.0 -9999.0 -9999.0 -9999.0 -9999.0 -9999.0 -9999.0 -9999.0 -9999.0 -9999.0 -9999.0 -9999.0 -9999.0 -9999.0 -9999.0 -9999.0 -9999.0 -9999.0 -9999.0 -9999.0 -9999.0 -9999.0 -9999.0 -9999.0 -9999.0 -9999.0 -9999.0 -9999.0 -9999.0 -9999.0 -9999.0 -9999.0 -9999.0 -9999.0 -9999.0 -9999.0 -9999.0 -9999.0 -9999.0 -9999.0 -9999.0 -9999.0 -9999.0 -9999.0 -9999.0 -9999.0 -9999.0
-9999.0 -9999.0 -9999.0 -9999.0 2803.235559 2797.904365 2793.053739 2789.036946 2818.063674 2809.320541 2801.970421 2798.485853 2798.029460 2797.858256 2797.942402 2803.544870 2812.212767 2820.389041 2827.743549 2786.536920 2788.216645 2790.126598 2790.397353 2789.230960 2786.696100 2831.072326 2828.157894 2826.996597 2819.937672 2809.155472 2801.051891 2798.565656 2802.898841 2807.263303 2809.683070 2814.845176 2825.001829 2835.243180 2794.483436 2805.375928 2812.056120 2817.329824 2819.997642 2815.989195 2812.678392 2808.781882 2803.575077 2792.516420 -9999.0 -9999.0 -9999.0 -9999.0 -9999.0 -9999.0 -9999.0
2785.402450 2804.443163 2787.817083 2790.963784 2817.436969 2812.625883 2809.846279 2808.557728 2804.445464 2796.487605 2791.977762 2787.156674 2785.308006 2785.970031 2786.562546 2791.014303 2802.327220 2810.789201 2816.003076 2819.546093 2822.876147 2822.111773 2821.936247 2822.254404 2819.880934 2816.597626 2813.701101 2812.374387 2814.073361 2806.895276 2801.343394 2797.770219 2795.180620 2797.759649 2800.438972 2804.619016 2813.563540 2821.108741 2828.841328 2792.400649 2803.832025 2809.392499 2806.861751 2802.211649 2799.170142 2792.620356 2827.140254 2816.846302 2808.242080 2801.360291 2795.100493 2787.817189 2793.032446 2799.497014 2807.887788
2770.855692 2790.768151 2812.078327 2815.137512 2804.624814 2797.095841 2791.161054 2792.176218 2796.055650 2793.430900 2789.345084 2782.828398 2792.972861 2794.653686 2796.150956 2800.136873 2803.215966 2808.593200 2811.691802 2817.572227 2826.858699 2830.102924 2831.111564 2831.774972 2830.425724 2827.755754 2826.411146 2824.192340 2819.452794 2818.259649 2818.399191 2817.567318 2821.843599 2822.497102 2825.946765 2820.145289 2824.079163 2829.795709 2835.337588 2841.082043 2791.812231 2793.873954 2790.610327 2791.635537 2833.774938 2819.490897 2809.096419 2800.856415 2799.925039 2796.055014 2787.152664 2772.542865 2779.380288 2794.161978 2797.760107
2779.038995 2788.755422 2800.136088 2803.285552 2798.723768 2801.286598 2803.657967 2805.619213 2804.562166 2801.920628 2798.845460 2810.300367 2818.403469 2820.396183 2823.664393 2828.502803 2831.056838 2820.825225 2819.327844 2827.199066 2836.262566 2841.880868 2842.637660 2842.986836 2840.358526 2839.913863 2840.342209 2839.098603 2839.449981 2841.688774 2840.187595 2843.790937 2849.489263 2790.740506 2846.847230 2838.066343 2839.714418 2847.748330 2794.681426 2801.321652 2810.792444 2821.688939 2821.701809 2817.008185 2809.214842 2797.424782 2829.226472 2810.534348 2798.321249 2789.320483 2781.004951 2782.046236 2776.380845 2788.273473 2788.763022
2772.733974 2793.238446 2813.154448 2820.013386 2814.713641 2811.409819 2810.599129 2812.070292 2812.212574 2814.132420 2824.569281 2837.555145 2792.497899 2793.649074 2795.507436 2795.279020 2849.101137 2839.338835 2837.054796 2851.226652 2804.127000 2810.998007 2810.664173 2807.085763 2810.979882 2810.718640 2810.686626 2806.966456 2807.957991 2806.394151 2812.781417 2820.398276 2828.120736 2825.773664 2814.391975 2802.313930 2801.947649 2806.817352 2812.059755 2819.328707 2829.500707 2838.778026 2833.975365 2828.472425 2820.659770 2795.463520 2833.592992 2818.788703 2816.394040 2815.531547 2810.734274 2807.130364 2804.176358 2797.943670 2796.714727
2816.460355 2836.853970 2801.028814 2813.611117 2807.420939 2799.740683 2790.843660 2791.034158 2791.914145 2798.102564 2808.873858 2822.459286 2843.577792 2843.609065 2844.517131 2844.015010 2832.436993 2819.460922 2809.226651 2830.224492 2840.013699 2847.356321 2845.671075 2851.774659 2860.621093 2856.802763 2850.125077 2838.498425 2844.231517 2851.885674 2866.941828 2874.553757 2879.467846 2875.668063 2862.481810 2856.001105 2856.865574 2862.359423 2862.731650 2870.434523 2879.547675 2894.507183 2893.438694 2888.942460 2868.667044 2832.004653 2803.727379 2858.844356 2799.711145 2793.804319 2850.332781 2847.845497 2834.409520 2824.832651 2826.439444
2797.080774 2810.353851 2825.951675 2842.594781 2834.518509 2824.159318 2808.342220 2805.717721 2810.510230 2820.455605 2838.059870 2856.886681 2877.430528 2878.141716 2873.662769 2882.878080 2876.312900 2865.872585 2858.197811 2877.119151 2887.540378 2897.665658 2904.193169 2916.754595 2927.377711 2912.510132 2896.688223 2887.541794 2894.113319 2918.231382 2939.335610 2944.165128 2943.729038 2943.927182 2930.157560 2924.960990 2920.856893 2919.955914 2916.627748 2914.276095 2937.897789 2958.237569 2957.756172 2936.010103 2913.258349 2875.106436 2837.753722 2812.910512 2821.921664 2818.944486 2822.382047 2811.373211 2799.000615 2790.829999 2851.870694
2850.505619 2873.456837 2890.498731 2911.547709 2904.584652 2882.939301 2868.752658 2871.691682 2884.807650 2892.438138 2909.911711 2928.371482 2955.233938 2969.242134 2981.995464 2975.798111 2978.601394 2970.060784 2957.824813 2961.361628 2983.456151 2984.228126 2992.736836 3001.540641 3014.004420 3015.501186 3009.566461 3008.003734 3012.030347 3023.917025 3036.988383 3043.650207 3047.205513 3050.454696 3039.516757 3027.335510 3024.402406 3018.280707 3015.872913 3014.813725 3024.337277 3042.818990 3040.132149 3006.462365 2980.272148 2956.678448 2919.120962 2889.685651 2881.221635 2897.478462 2893.881560 2877.567708 2865.330164 2837.700630 2831.188332
2923.627783 2956.736309 2981.360339 2982.281667 2990.438234 2977.647066 2976.092283 2979.878605 2987.647677 2990.861052 2997.261278 3029.230070 3062.776011 3088.338980 3111.076684 3118.148085 3106.395424 3096.567186 3083.378527 3074.393727 3083.746531 3099.991430 3117.274943 3132.239563 3143.453153 3145.851496 3144.345656 3144.436625 3147.253673 3150.204997 3154.166267 3162.047452 3169.540232 3177.555838 3186.216597 3176.900744 3160.985947 3151.138082 3141.179549 3139.566082 3140.452324 3143.214310 3144.236906 3129.855335 3090.691648 3060.477825 3028.974624 3007.881608 2993.501428 2990.987211 2983.588079 2960.178069 2910.541270 2873.371385 2841.745760
3001.901356 3044.298179 3073.252015 3091.234579 3104.072400 3102.050216 3103.711296 3104.806315 3108.727646 3111.450019 3114.876489 3140.411914 3179.781035 3218.274843 3248.881187 3249.437190 3236.533983 3225.341886 3215.914098 3202.310140 3198.451953 3209.971087 3224.386670 3243.693093 3254.273895 3261.082657 3258.324156 3258.575445 3260.070873 3262.322491 3264.369296 3267.626251 3276.691109 3291.033800 3304.834863 3304.395719 3286.716298 3269.050963 3252.860547 3249.510218 3246.446822 3241.491675 3243.541819 3245.376362 3231.583431 3202.008245 3164.423781 3124.118480 3105.827449 3089.920554 3079.269589 3063.125342 3026.679335 2975.547543 2938.609544
3115.791666 3148.010108 3175.750091 3205.624253 3220.946260 3224.052673 3221.882515 3221.138888 3228.010198 3231.273417 3237.650223 3253.996967 3284.177272 3318.063748 3346.933946 3362.550300 3355.488905 3338.587796 3317.375992 3308.467004 3305.861053 3309.127525 3318.025380 3329.891073 3348.555272 3367.219867 3372.839157 3373.687520 3371.111614 3373.394514 3374.858712 3374.956594 3377.502957 3385.264296 3394.586967 3397.806843 3390.638884 3370.694404 3347.960251 3336.103998 3329.278330 3325.747402 3326.264082 3330.775872 3333.435211 3319.448843 3285.510194 3242.749974 3212.542348 3196.433320 3183.441113 3170.855938 3159.135392 3129.706691 3109.842451
3222.421529 3237.068884 3264.408635 3292.481388 3315.166864 3329.993008 3330.916751 3334.291273 3338.926425 3346.587775 3361.598448 3383.893399 3401.862855 3423.288756 3448.766505 3464.253530 3469.536725 3468.214445 3464.662848 3465.962396 3466.278013 3409.885964 3415.573256 3421.233283 3436.586016 3450.684402 3455.736081 3456.308811 3454.025155 3455.720380 3456.407683 3456.344209 3455.977246 3457.888654 3462.448248 3464.190905 3462.036566 3450.486641 3466.081955 3446.658108 3433.528728 3425.501549 3417.416938 3409.192231 3399.846621 3390.143957 3371.056171 3341.205690 3307.402268 3285.208621 3276.938680 3271.063744 3263.240981 3257.907708 3241.607339
3320.241635 3330.769590 3348.301103 3370.347633 3402.836630 3425.290726 3436.389487 3445.444427 3450.045085 3463.580780 3479.541949 3465.399464 3472.884677 3480.630519 3488.326826 3490.969802 3491.726543 3491.377354 3489.021392 3488.323365 3486.043595 3482.380368 3472.110260 3473.698416 3475.566666 3478.162001 3481.851669 3480.708733 3481.783487 3484.726405 3483.015434 3477.083609 3473.102751 3471.531304 3472.432984 3479.799252 3483.217513 3484.143622 3481.189336 3480.303994 3479.406494 3476.342505 3472.517171 3467.124575 3460.226380 3473.068337 3461.459711 3434.446543 3395.743160 3356.047184 3347.532974 3348.465313 3348.651692 3347.087326 3341.635268
3441.034392 3454.261352 3468.598105 3449.672332 3469.798588 3480.099156 3484.915539 3488.738740 3491.446398 3494.210754 3491.165208 3488.092881 3483.262920 3481.765804 3480.437906 3478.023006 3478.662935 3476.779180 3472.763969 3468.840352 3461.178486 3449.801347 3438.629845 3435.260332 3439.613210 3445.121804 3450.122728 3454.345829 3457.991332 3458.186867 3452.863214 3444.569173 3437.133016 3435.437703 3442.226416 3447.922094 3454.209527 3455.046189 3453.660586 3451.261801 3451.098924 3447.978928 3448.238155 3455.184318 3469.625656 3472.862599 3478.179954 3477.422703 3462.424211 3435.266531 3443.593488 3423.885885 3429.561712 3425.093182 3413.905513
3482.737868 3485.234369 3483.765330 3482.552985 3476.274424 3470.295891 3469.547497 3473.546550 3480.555901 3481.674942 3474.685324 3466.225180 3459.113336 3451.869541 3449.611483 3448.965340 3448.676155 3449.137531 3443.893597 3434.908440 3418.283881 3406.780667 3395.745572 3389.826891 3386.387703 3390.106881 3401.077036 3412.771781 3417.728416 3408.908758 3400.660494 3389.093931 3381.061799 3381.477948 3382.717232 3392.097339 3408.377017 3415.367618 3416.121070 3409.883444 3403.730849 3397.195053 3394.282289 3400.716883 3415.850032 3432.237697 3447.409348 3456.314204 3463.909404 3470.866615 3470.172421 3472.642084 3474.001026 3472.082377 3474.387482
3476.873383 3470.002172 3463.144848 3457.947587 3451.539142 3446.234370 3444.475541 3446.493320 3448.646867 3444.754593 3438.414317 3428.511106 3417.645418 3408.075334 3400.815182 3401.860563 3404.233625 3405.825310 3398.790818 3383.738571 3366.233925 3352.898372 3339.148859 3335.278871 3329.627635 3322.618694 3332.801470 3352.026208 3359.188157 3343.609205 3332.951679 3317.992801 3311.312276 3307.484280 3308.378109 3317.337153 3339.281242 3362.458775 3364.347096 3353.590175 3342.913524 3338.117725 3334.933325 3339.739680 3356.504444 3376.885897 3392.566597 3402.708315 3407.988808 3415.730394 3425.047663 3438.868051 3453.296426 3465.323056 3470.604767
3452.155179 3444.467239 3436.894414 3429.391224 3422.597341 3416.527993 3412.359585 3410.475172 3406.881468 3400.949426 3394.095369 3374.798393 3362.646195 3350.137537 3335.678944 3332.064890 3327.771375 3329.109567 3317.859703 3309.672437 3293.061684 3277.897245 3262.483288 3249.779867 3244.141335 3237.672336 3237.006515 3250.786072 3259.305682 3249.224157 3239.484270 3228.528320 3223.765371 3220.421678 3222.777539 3233.129872 3253.000456 3271.261995 3279.327541 3271.805004 3269.751500 3269.208608 3267.546132 3273.538865 3284.688795 3302.652252 3324.485675 3342.665337 3352.236505 3359.065544 3368.245957 3382.415815 3396.310963 3410.402749 3428.050605
3421.958347 3412.826020 3403.098554 3393.616223 3383.359086 3373.100965 3366.873008 3369.470896 3363.581449 3358.075054 3336.908774 3283.715935 3263.527335 3245.143320 3229.441004 3223.213193 3215.272374 3200.775554 3192.303466 3187.706263 3188.618915 3174.668653 3158.359441 3141.137047 3136.336079 3132.802645 3116.896379 3113.827442 3114.802324 3129.115570 3122.898100 3120.945781 3122.214680 3119.804044 3121.357694 3134.172274 3142.440668 3148.516541 3155.035493 3158.687163 3168.397349 3174.904772 3183.797730 3200.341403 3211.237257 3226.500902 3246.568359 3271.413731 3286.140882 3295.320729 3305.492386 3320.513918 3336.453542 3353.836758 3375.919361
3387.841408 3372.039892 3357.881714 3343.931323 3331.563265 3319.105231 3304.093516 3306.114494 3304.091539 3294.501834 3242.357315 3201.908278 3169.825563 3152.998271 3130.135711 3117.414852 3102.513636 3066.456809 3049.920294 3048.962647 3062.594517 3058.463353 3043.246055 3031.304479 3022.318046 3013.553151 2996.734361 2979.590465 2985.505596 3003.043783 3003.231352 3005.857463 3013.154363 3012.435860 3006.170215 3004.568693 3016.772432 3022.429404 3033.156557 3049.576309 3054.063943 3068.772521 3100.866543 3113.342303 3127.865053 3145.947835 3165.993437 3186.629365 3208.253665 3221.678650 3236.284877 3254.286005 3270.535987 3290.476896 3312.764408
3338.424284 3308.334506 3287.927336 3271.136399 3252.802645 3227.371255 3207.815507 3206.035488 3200.254856 3173.321742 3123.564083 3088.173124 3064.561770 3043.424153 3020.977388 2998.886268 2974.510468 2940.802521 2919.566876 2934.035556 2944.888903 2955.136321 2943.623125 2932.806366 2923.339071 2906.099165 2889.633502 2874.013696 2884.708887 2893.340964 2910.815820 2917.228573 2921.125397 2926.541201 2925.127275 2915.221352 2911.480230 2919.506482 2929.262860 2940.814052 2960.817710 2984.461228 3008.284468 3025.652585 3045.389477 3063.348242 3084.135711 3106.420570 3128.249402 3144.404762 3162.051361 3179.030253 3199.222525 3218.011851 3240.579805
3261.187125 3233.627616 3207.898454 3185.551375 3156.333474 3111.949213 3098.407138 3090.196201 3070.386408 3025.448853 2984.858357 2973.691270 2959.885534 2937.062820 2916.292299 2889.324482 2856.750212 2835.038067 2815.029751 2825.250832 2835.402231 2854.546341 2845.673821 2838.559828 2835.384839 2820.348614 2807.169715 2791.131270 2797.647078 2809.515484 2832.125014 2837.868601 2841.909439 2850.961540 2850.145902 2845.738745 2829.255991 2836.075950 2846.577577 2859.814884 2889.912768 2911.978368 2934.089266 2955.220243 2974.048810 2985.068070 3006.395247 3028.584177 3053.664579 3072.247545 3090.343559 3110.961059 3129.511398 3143.772129 3160.043557
3156.732469 3133.244688 3114.057693 3090.795559 3050.135777 3007.601165 2979.714024 2955.268244 2905.734414 2872.808086 2851.261571 2849.080859 2836.873009 2817.546800 2800.207354 2855.716149 2832.325555 2811.872738 2785.822233 2789.936960 2804.333011 2820.092986 2819.695774 2819.329604 2816.975434 2806.853492 2792.899043 2778.932501 2782.448308 2799.271888 2817.278811 2827.376847 2835.529102 2844.008588 2844.722711 2836.625180 2828.046893 2834.268108 2850.709698 2798.478703 2814.957313 2835.148774 2854.539798 2874.209313 2895.907638 2917.544092 2939.732442 2963.741184 2980.232338 2999.997816 3022.449885 3045.516364 3061.430703 3069.730272 3077.519413
3056.680968 3037.906369 3015.615780 2989.565702 2958.912932 2920.052125 2880.334929 2836.211214 2805.251107 2854.340140 2844.434990 2826.975462 2811.419176 2794.885464 2773.401917 2757.361461 2741.421605 2719.198173 2707.303426 2713.451680 2726.020011 2733.787934 2739.436614 2736.656398 2733.739618 2727.456597 2713.218490 2708.092476 2717.800120 2733.002198 2746.974296 2758.684435 2766.035109 2771.889568 2769.659548 2761.518967 2759.253832 2768.493336 2784.828621 2797.842786 2813.772400 2835.391175 2793.773477 2813.488562 2834.153588 2855.134858 2878.527070 2902.623093 2927.271936 2953.115351 2974.537485 2983.660181 2991.312846 2999.770290 2999.337699
2945.985577 2934.562277 2909.758764 2883.435266 2855.117189 2822.580038 2799.733582 2839.628355 2808.458980 2779.543884 2752.564680 2738.263596 2730.184324 2715.706462 2697.514657 2685.499782 2669.161042 2657.520111 2662.131151 2662.834776 2670.553677 2668.428414 2668.813787 2665.876158 2664.831369 2662.057651 2655.178210 2666.316603 2672.981371 2686.539481 2696.759392 2706.684544 2712.903714 2717.023307 2718.621357 2714.882222 2721.273800 2728.303602 2742.843757 2754.654012 2769.099441 2789.733869 2806.007926 2825.496734 2792.591092 2813.501219 2835.352100 2859.627074 2886.170303 2909.477303 2926.233656 2931.963936 2940.253947 2941.308070 2930.051363
