tests/Borden05m/sims/sim_1/output-maps/psiliqL0016N0008.asc
ncols         160
nrows         34
xllcorner     620200.000000
yllcorner     5168000.000000
cellsize      0.500000
NODATA_value  -9999.0
[rows 0 to 24 of 34, columns 0 to 54 of 160]
-9999.0 -9999.0 -9999.0 -9999.0 -9999.0 -9999.0 -9999.0 -9999.0 -9999.0 -9999.0 -9999.0 -9999.0 -9999.0 -9999.0 -9999.0 -9999.0 -9999.0 -9999.0 -9999.0 -9999.0 -9999.0 -9999.0 -9999.0 -9999.0 -9999.0 -9999.0 -9999.0 -9999.0 -9999.0 -9999.0 -9999.0 -9999.0 -9999.0 -9999.0 -9999.0 -9999.0 -9999.0 -9999.0 -9999.0 -9999.0 -9999.0 -9999.0 -9999.0 -9999.0 -9999.0 -9999.0 -9999.0 -9999.0 -9999.0 -9999.0 -9999.0 -9999.0 -9999.0 -9999.0 -9999.0
-9999.0 -9999.0 -9999.0 -9999.0 -9999.0 -9999.0 -9999.0 -9999.0 -9999.0 -9999.0 -9999.0 -9999.0 -9999.0 -9999.0 -9999.0 -9999.0 -9999.0 -9999.0 -9999.0 -9999.0 -9999.0 -9999.0 -9999.0 -9999.0 -9999.0 -9999.0 -9999.0 -9999.0 -9999.0 -9999.0 -9999.0 -9999.0 -9999.0 -9999.0 -9999.0 -9999.0 -9999.0 -9999.0 -9999.0 -9999.0 -9999.0 -9999.0 -9999.0 -9999.0 -9999.0 -9999.0 -9999.0 -9999.0 -9999.0 -9999.0 -9999.0 -9999.0 -9999.0 -9999.0 -9999.0
-9999.0 -9999.0 -9999.0 -9999.0 -9999.0 -9999.0 -9999.0 -9999.0 -9999.0 -9999.0 -9999.0 -9999.0 -9999.0 -9999.0 -9999.0 -9999.0 -9999.0 -9999.0 -9999.0 -9999.0 -9999.0 -9999.0 -9999.0 -9999.0 -9999.0 -9999.0 -9999.0 -9999.0 -9999.0 -9999.0 -9999.0 -9999.0 -9999.0 -9999.0 -9999.0 -9999.0 -9999.0 -9999.0 -9999.0 -9999.0 -9999.0 -9999.0 -9999.0 -9999.0 -9999.0 -9999.0 -9999.0 1304.188554 1287.131521 1272.334431 1269.903300 1292.542603 1316.361775 1340.677948 1361.751256
-9999.0 -9999.0 -9999.0 -9999.0 -9999.0 -9999.0 -9999.0 -9999.0 -9999.0 -9999.0 -9999.0 -9999.0 -9999.0 -9999.0 -9999.0 -9999.0 -9999.0 -9999.0 -9999.0 -9999.0 -9999.0 -9999.0 -9999.0 -9999.0 -9999.0 -9999.0 -9999.0 -9999.0 -9999.0 -9999.0 -9999.0 -9999.0 -9999.0 -9999.0 -9999.0 -9999.0 -9999.0 -9999.0 -9999.0 -9999.0 1351.246013 1357.388063 1358.613146 1348.708626 1337.917163 1325.768134 1305.932106 1288.386009 1274.252776 1272.307028 1275.428258 1280.482895 1303.159706 1328.565434 1348.858198
-9999.0 -9999.0 -9999.0 -9999.0 -9999.0 -9999.0 -9999.0 -9999.0 -9999.0 -9999.0 -9999.0 -9999.0 -9999.0 -9999.0 -9999.0 -9999.0 -9999.0 -9999.0 -9999.0 -9999.0 -9999.0 -9999.0 -9999.0 -9999.0 -9999.0 -9999.0 -9999.0 -9999.0 -9999.0 -9999.0 -9999.0 -9999.0 -9999.0 -9999.0 1257.268619 1274.878458 1293.369363 1312.317988 1329.607800 1336.865471 1342.900009 1348.901528 1345.125487 1341.045610 1330.152491 1311.102651 1292.116972 1278.969162 1277.612414 1275.733023 1280.475904 1293.666774 1311.072484 1327.653306 1349.151917
-9999.0 -9999.0 -9999.0 -9999.0 -9999.0 -9999.0 -9999.0 -9999.0 -9999.0 -9999.0 -9999.0 -9999.0 -9999.0 -9999.0 -9999.0 -9999.0 -9999.0 -9999.0 -9999.0 -9999.0 -9999.0 -9999.0 -9999.0 -9999.0 -9999.0 -9999.0 -9999.0 -9999.0 1259.764304 1254.160870 1249.643627 1248.691087 1247.933768 1247.388730 1254.547875 1266.855051 1285.210095 1307.587518 1321.242849 1329.063424 1336.299202 1337.523515 1332.920143 1331.642159 1332.677095 1321.327602 1310.173733 1299.777822 1289.771789 1288.590703 1298.751992 1313.672624 1330.681541 1346.285182 1362.479817
-9999.0 -9999.0 -9999.0 -9999.0 -9999.0 -9999.0 -9999.0 -9999.0 -9999.0 -9999.0 -9999.0 -9999.0 -9999.0 -9999.0 -9999.0 -9999.0 -9999.0 -9999.0 -9999.0 -9999.0 -9999.0 -9999.0 -9999.0 1228.545162 1234.396789 1241.318808 1249.287132 1250.676306 1247.138216 1242.062131 1239.686378 1238.849384 1237.686109 1242.839785 1251.308102 1265.407914 1281.819271 1304.532862 1313.822177 1320.283424 1333.077541 1336.800936 1343.770814 1348.624885 1347.703476 1345.404836 1333.210768 1324.265362 1329.538310 1335.874684 1343.569948 1352.535429 1366.884749 1382.855771 1400.722559
-9999.0 -9999.0 -9999.0 -9999.0 -9999.0 -9999.0 -9999.0 -9999.0 -9999.0 -9999.0 -9999.0 -9999.0 -9999.0 -9999.0 -9999.0 -9999.0 -9999.0 -9999.0 -9999.0 1202.891627 1204.058382 1205.638514 1210.717722 1211.728268 1214.188906 1221.616570 1230.282642 1233.328849 1232.093607 1231.408578 1233.614900 1237.073118 1242.278389 1254.230205 1268.797773 1283.802336 1298.369104 1320.152665 1335.796740 1350.090935 1366.905644 1367.444893 1364.521719 1363.754416 1365.177352 1366.085972 1370.144467 1373.224560 1380.540388 1385.557000 1392.447629 1402.850750 1415.580612 1434.652302 1455.233646
-9999.0 -9999.0 -9999.0 -9999.0 -9999.0 -9999.0 -9999.0 -9999.0 -9999.0 -9999.0 -9999.0 -9999.0 -9999.0 -9999.0 -9999.0 -9999.0 1173.792546 1175.840016 1178.365573 1184.020667 1187.399794 1191.808244 1199.224177 1201.007425 1205.267932 1213.012977 1218.493525 1228.101974 1236.966747 1245.048711 1251.864221 1255.428325 1263.681574 1274.249285 1287.094286 1303.188829 1325.548590 1349.890449 1367.250552 1385.275038 1403.618038 1405.485814 1405.577132 1407.859863 1409.311652 1416.105942 1434.358218 1441.056636 1442.535076 1459.167267 1474.119712 1480.176918 1489.117957 1509.721231 1534.597823
-9999.0 -9999.0 -9999.0 -9999.0 -9999.0 -9999.0 -9999.0 -9999.0 -9999.0 -9999.0 -9999.0 -9999.0 -9999.0 1126.503214 1130.866860 1140.862903 1150.764170 1153.732749 1158.539932 1165.142335 1177.828955 1182.021767 1188.826355 1197.001759 1209.729741 1219.134075 1229.073964 1241.778171 1251.063057 1259.252173 1267.249610 1273.571638 1287.737741 1304.040302 1320.899766 1342.334437 1365.776466 1387.486951 1409.144635 1426.640520 1441.613299 1444.447745 1445.125414 1449.105610 1457.972072 1476.153451 1496.357447 1505.861430 1524.547550 1548.969900 1563.617638 1576.222603 1586.101038 1601.236483 1624.227520
-9999.0 -9999.0 -9999.0 -9999.0 -9999.0 -9999.0 -9999.0 -9999.0 -9999.0 -9999.0 1093.688729 1096.170162 1093.105113 1092.856864 1098.470609 1111.062246 1125.362742 1132.283609 1144.479103 1166.062407 1184.638545 1188.821577 1203.985207 1215.070815 1222.765709 1234.175645 1248.325820 1262.138434 1279.930065 1293.587178 1306.154000 1326.680216 1344.639948 1362.823762 1382.307232 1404.466249 1425.681787 1455.452727 1484.235108 1498.581081 1522.120711 1533.971308 1533.101407 1535.088604 1546.244052 1563.736936 1586.291647 1610.926296 1634.587227 1661.707608 1680.121567 1696.118544 1708.386055 1722.286206 1739.978453
-9999.0 -9999.0 -9999.0 -9999.0 -9999.0 -9999.0 -9999.0 -9999.0 1068.578206 1076.338883 1082.771017 1080.218051 1076.256608 1072.608327 1087.033084 1103.405063 1120.050072 1138.426702 1155.088330 1174.077535 1190.043546 1207.032984 1227.949162 1240.663234 1253.399996 1269.979580 1284.949265 1303.235490 1325.990026 1339.781535 1357.594281 1380.680146 1401.006579 1421.131861 1442.177167 1462.617827 1490.771401 1526.444529 1560.604881 1585.013378 1615.157951 1639.843848 1641.053312 1645.564264 1652.112823 1679.878369 1711.239861 1744.160962 1771.180074 1800.335037 1831.590920 1851.430004 1863.482787 1877.434153 1894.105341
-9999.0 -9999.0 -9999.0 -9999.0 -9999.0 -9999.0 1040.588338 1065.199025 1080.728900 1073.275932 1063.405149 1060.214084 1056.586674 1081.712643 1104.479678 1122.536416 1140.257599 1158.769086 1176.244682 1189.697642 1224.028416 1243.319631 1258.762649 1277.704809 1293.902790 1310.202607 1329.296027 1354.284637 1377.574686 1408.425416 1435.354599 1460.873831 1489.491761 1511.784647 1533.360529 1554.084311 1587.943397 1628.006722 1667.462275 1698.694180 1728.360116 1761.893620 1770.828987 1778.736568 1787.706291 1811.401927 1845.493013 1877.926758 1913.529350 1947.265190 1975.750478 1988.865932 2000.230213 2012.404841 2026.755527
-9999.0 -9999.0 -9999.0 -9999.0 1006.584823 1027.792811 1048.127357 1079.287335 1102.449862 1098.250241 1105.502978 1106.310346 1105.131172 1110.128200 1118.320170 1137.341706 1157.085188 1177.179012 1195.787628 1231.046668 1276.963668 1293.607690 1318.845605 1352.469164 1367.961675 1385.312577 1403.772056 1428.853316 1457.019989 1492.320477 1537.551870 1576.631627 1605.008382 1630.790292 1655.147645 1679.846222 1717.312312 1758.228589 1798.204504 1835.036434 1867.206996 1895.490588 1909.713765 1919.531337 1933.294208 1951.690009 1974.939352 2003.857498 2036.709073 2069.781200 2095.423081 2109.177070 2117.324626 2128.299140 2138.775802
-9999.0 -9999.0 -9999.0 956.304619 995.322028 1033.812593 1061.274629 1092.875424 1125.967138 1131.141075 1141.312531 1146.945532 1152.425296 1161.957541 1171.197481 1189.530706 1207.265155 1225.043647 1248.544217 1286.535224 1322.673650 1353.056534 1386.837356 1414.764340 1437.185215 1455.458594 1476.750892 1503.021134 1545.154284 1584.594991 1637.265226 1693.165915 1732.623399 1759.847629 1785.552087 1816.118945 1844.273895 1883.842152 1921.483412 1956.975979 1990.670569 2016.923086 2036.762013 2045.662138 2056.747769 2066.381776 2083.295066 2105.640709 2128.260353 2157.759031 2186.547500 2212.172857 2226.629277 2236.976178 2253.197637
-9999.0 -9999.0 908.745355 946.997969 981.145764 1031.517905 1085.272364 1120.782578 1162.752455 1187.504202 1195.579078 1213.706950 1230.964137 1239.278167 1255.712644 1273.922941 1293.660568 1302.325433 1321.382835 1352.078438 1402.500590 1449.056566 1470.005731 1522.420857 1558.499557 1589.929105 1611.232962 1640.901884 1679.498710 1723.014953 1773.871578 1826.578902 1867.449313 1901.233303 1920.755472 1943.089972 1967.991840 1994.731975 2031.071076 2061.275343 2094.369827 2121.479933 2143.936888 2151.057331 2156.778206 2173.396562 2198.863404 2225.938061 2251.297773 2275.775309 2277.475662 2291.034227 2297.600883 2301.622157 2307.214800
-9999.0 -9999.0 881.596403 926.980416 967.072669 1033.243268 1114.795794 1152.987984 1197.296796 1245.203689 1265.717562 1292.409439 1304.904528 1314.620198 1339.567345 1362.988626 1378.073537 1386.847384 1388.058702 1445.429938 1505.615838 1556.026949 1601.527864 1672.839291 1722.577623 1743.835220 1760.363023 1784.016463 1810.786591 1855.718515 1904.372849 1959.323169 2004.801976 2037.850041 2056.119064 2076.651252 2098.558363 2117.556405 2138.076331 2179.290896 2208.751110 2235.915247 2263.948272 2284.879043 2293.856698 2298.278801 2286.816650 2298.456048 2306.649330 2310.787814 2312.845800 2310.308399 2310.398917 2311.713513 2313.184579
-9999.0 791.936830 844.343132 897.592333 966.572149 1034.069610 1117.575325 1198.673944 1258.986045 1309.685711 1341.796218 1355.608919 1391.633929 1435.326463 1463.355639 1491.259502 1496.858578 1504.789136 1496.441197 1547.872929 1598.960624 1673.372639 1784.346510 1844.410151 1894.804902 1900.142018 1898.159178 1912.713265 1937.873735 1983.475705 2053.269697 2102.971960 2158.828846 2201.570422 2218.636890 2227.199361 2246.210971 2267.282883 2251.285765 2277.306090 2290.069297 2300.757894 2305.174203 2307.975871 2310.110477 2311.338305 2309.217014 2303.900891 2297.151033 2292.518189 2289.291374 2285.473116 2288.424222 2292.088027 2293.070776
-9999.0 756.119153 815.555287 887.132814 958.494355 1025.065422 1127.658568 1275.487898 1333.195818 1374.567489 1400.264503 1422.616635 1502.835302 1572.337443 1609.017513 1656.256573 1652.483924 1644.188616 1630.939394 1665.509392 1716.412453 1792.486979 1939.850032 2027.326362 2061.801167 2076.396739 2086.237935 2115.595783 2155.097845 2194.388753 2230.274968 2228.034064 2258.584664 2274.949397 2280.990983 2284.470165 2290.169960 2292.017431 2291.982098 2290.043801 2287.032692 2288.684690 2293.986938 2294.918458 2293.206526 2291.143346 2286.565967 2279.957972 2275.287914 2271.374547 2269.242655 2266.750429 2265.456562 2265.582021 2261.293703
-9999.0 725.182704 797.075408 860.525955 924.206478 1037.265597 1165.581730 1304.636407 1401.635035 1444.167693 1468.735227 1540.734817 1647.544223 1749.574771 1805.379744 1833.677278 1835.919594 1814.914215 1818.358741 1865.181133 1932.734360 2029.350130 2128.283548 2210.064403 2227.404501 2235.051660 2215.206612 2233.265009 2249.885942 2255.207939 2259.212809 2265.567837 2273.059557 2278.144486 2279.148469 2278.550678 2276.000252 2270.054893 2266.903232 2265.116508 2262.942620 2263.447005 2266.781693 2268.731183 2266.833079 2263.661720 2259.786265 2254.687621 2249.027444 2242.911074 2239.357183 2235.651512 2233.668774 2228.723802 2224.276969
-9999.0 622.867696 712.413230 766.315743 877.302831 1054.559602 1183.633942 1335.597229 1488.143437 1531.495063 1610.819071 1740.338873 1853.980238 1934.254834 1978.018158 2022.121528 2053.384922 2078.571470 2115.942286 2068.139601 2129.376230 2193.443966 2223.713924 2240.248912 2247.127152 2252.290462 2248.050367 2232.309211 2225.139539 2221.283860 2225.332283 2234.558503 2241.625630 2248.564503 2248.035881 2250.143564 2251.741106 2249.649142 2247.110777 2240.039341 2233.434711 2228.326654 2226.827431 2232.282126 2227.767966 2225.053806 2219.422958 2211.726264 2203.328129 2196.106640 2188.731102 2182.246976 2179.498330 2173.708687 2171.517338
-9999.0 541.990161 618.638730 705.151383 841.156520 1006.897959 1135.034554 1304.576997 1521.063841 1646.230807 1782.918819 1865.745740 1946.296092 2011.147244 2076.472613 2127.115862 2155.307941 2168.739283 2159.355672 2174.701924 2145.372068 2141.880665 2162.904415 2192.996004 2210.239357 2217.716002 2212.764792 2205.392122 2200.720271 2201.593987 2201.684765 2200.984747 2199.914472 2198.488013 2196.327613 2199.333533 2204.862455 2199.556001 2191.583609 2184.051152 2177.164685 2169.188309 2163.819972 2160.207795 2159.210260 2158.941539 2151.465994 2141.219750 2130.819789 2122.789336 2115.281732 2109.764008 2106.789358 2101.062360 2091.656275
-9999.0 440.999387 563.904109 656.545745 776.300790 913.901898 1040.215343 1206.095047 1357.633849 1586.442877 1750.013757 1875.212531 1925.864420 1992.235141 2054.943998 2126.310585 2133.646460 2108.673976 2079.140853 2068.253696 2078.119514 2091.058852 2106.633419 2128.301019 2148.573798 2160.942022 2165.916491 2160.730446 2148.613604 2139.748832 2132.889421 2122.877560 2115.784184 2114.733815 2116.389445 2124.367480 2126.808083 2118.391978 2106.030592 2090.262041 2076.407517 2065.762306 2062.806361 2063.921641 2063.549011 2059.348859 2052.242040 2041.363542 2028.631815 2016.613544 2009.242634 2003.581889 1995.943963 1984.732876 1971.908051
-9999.0 -9999.0 487.520979 598.836325 706.380394 829.445660 944.116679 1087.826616 1241.393944 1427.257124 1551.628625 1695.240431 1777.636555 1829.530507 1882.233331 1941.120063 1964.808821 1989.442769 1978.555729 1987.622562 1998.093393 2007.250168 2019.337686 2032.926287 2048.392862 2060.641489 2070.536973 2069.632072 2061.320885 2043.870784 2022.620902 2006.157748 1996.835622 1989.409972 1998.997381 2010.475311 2007.334592 2001.014080 1989.395250 1973.891494 1961.041296 1947.071936 1942.780714 1942.172601 1941.347953 1937.531457 1932.372720 1918.766973 1905.249970 1893.080407 1887.156950 1880.389367 1874.365803 1862.544717 1849.506363
-9999.0 -9999.0 402.740652 511.518218 625.584134 749.664159 850.061343 920.864951 1074.820225 1194.001352 1303.953083 1409.459482 1499.106261 1568.127975 1614.989391 1679.796750 1726.247394 1745.889768 1771.948904 1808.141753 1838.119899 1870.502804 1892.590494 1907.871204 1924.293014 1939.864758 1949.796546 1938.467870 1927.647715 1910.605150 1888.385436 1864.073914 1851.228150 1847.630531 1848.985055 1853.283526 1847.302833 1838.042531 1823.980026 1808.813313 1795.855866 1784.496081 1779.689889 1774.916740 1772.236830 1768.139349 1763.961524 1754.834166 1743.110861 1735.091781 1726.011771 1719.582456 1715.936947 1708.711225 1698.671383
