tests/Borden05m/sims/sim_1/output-maps/psiliqL0003N0014.asc
ncols         160
nrows         34
xllcorner     620200.000000
yllcorner     5168000.000000
cellsize      0.500000
NODATA_value  -9999.0
[rows 0 to 24 of 34, columns 0 to 55 of 160]
-9999.0 -9999.0 -9999.0 -9999.0 -9999.0 -9999.0 -9999.0 -9999.0 -9999.0 -9999.0 -9999.0 -9999.0 -9999.0 -9999.0 -9999.0 -9999.0 -9999.0 -9999.0 -9999.0 -9999.0 -9999.0 -9999.0 -9999.0 -9999.0 -9999.0 -9999.0 -9999.0 -9999.0 -9999.0 -9999.0 -9999.0 -9999.0 -9999.0 -9999.0 -9999.0 -9999.0 -9999.0 -9999.0 -9999.0 -9999.0 -9999.0 -9999.0 -9999.0 -9999.0 -9999.0 -9999.0 -9999.0 -9999.0 -9999.0 -9999.0 -9999.0 -9999.0 -9999.0 -9999.0 -9999.0 -9999.0
-9999.0 -9999.0 -9999.0 -9999.0 -9999.0 -9999.0 -9999.0 -9999.0 -9999.0 -9999.0 -9999.0 -9999.0 -9999.0 -9999.0 -9999.0 -9999.0 -9999.0 -9999.0 -9999.0 -9999.0 -9999.0 -9999.0 -9999.0 -9999.0 -9999.0 -9999.0 -9999.0 -9999.0 -9999.0 -9999.0 -9999.0 -9999.0 -9999.0 -9999.0 -9999.0 -9999.0 -9999.0 -9999.0 -9999.0 -9999.0 -9999.0 -9999.0 -9999.0 -9999.0 -9999.0 -9999.0 -9999.0 -9999.0 -9999.0 -9999.0 -9999.0 -9999.0 -9999.0 -9999.0 -9999.0 -9999.0
-9999.0 -9999.0 -9999.0 -9999.0 -9999.0 -9999.0 -9999.0 -9999.0 -9999.0 -9999.0 -9999.0 -9999.0 -9999.0 -9999.0 -9999.0 -9999.0 -9999.0 -9999.0 -9999.0 -9999.0 -9999.0 -9999.0 -9999.0 -9999.0 -9999.0 -9999.0 -9999.0 -9999.0 -9999.0 -9999.0 -9999.0 -9999.0 -9999.0 -9999.0 -9999.0 -9999.0 -9999.0 -9999.0 -9999.0 -9999.0 -9999.0 -9999.0 -9999.0 -9999.0 -9999.0 -9999.0 -9999.0 -572.550814 -576.741976 -581.790479 -583.201485 -577.540339 -574.951706 -572.538804 -570.901705 -569.378261
-9999.0 -9999.0 -9999.0 -9999.0 -9999.0 -9999.0 -9999.0 -9999.0 -9999.0 -9999.0 -9999.0 -9999.0 -9999.0 -9999.0 -9999.0 -9999.0 -9999.0 -9999.0 -9999.0 -9999.0 -9999.0 -9999.0 -9999.0 -9999.0 -9999.0 -9999.0 -9999.0 -9999.0 -9999.0 -9999.0 -9999.0 -9999.0 -9999.0 -9999.0 -9999.0 -9999.0 -9999.0 -9999.0 -9999.0 -9999.0 -572.695385 -570.764733 -569.215955 -571.997803 -573.220407 -573.090517 -576.089250 -579.532096 -583.072895 -582.030051 -581.964571 -584.425330 -580.499196 -577.300883 -576.134041 -575.156213
-9999.0 -9999.0 -9999.0 -9999.0 -9999.0 -9999.0 -9999.0 -9999.0 -9999.0 -9999.0 -9999.0 -9999.0 -9999.0 -9999.0 -9999.0 -9999.0 -9999.0 -9999.0 -9999.0 -9999.0 -9999.0 -9999.0 -9999.0 -9999.0 -9999.0 -9999.0 -9999.0 -9999.0 -9999.0 -9999.0 -9999.0 -9999.0 -9999.0 -9999.0 -581.836252 -578.196545 -576.546108 -574.970952 -572.650044 -573.396101 -574.036180 -572.352585 -573.866476 -573.971667 -575.896353 -579.502385 -583.126406 -585.162721 -583.028313 -583.730315 -583.719774 -581.870324 -580.681731 -580.209906 -577.592324 -573.435934
-9999.0 -9999.0 -9999.0 -9999.0 -9999.0 -9999.0 -9999.0 -9999.0 -9999.0 -9999.0 -9999.0 -9999.0 -9999.0 -9999.0 -9999.0 -9999.0 -9999.0 -9999.0 -9999.0 -9999.0 -9999.0 -9999.0 -9999.0 -9999.0 -9999.0 -9999.0 -9999.0 -9999.0 -576.383420 -577.810413 -578.903276 -578.838545 -579.350569 -581.312477 -581.824164 -581.448160 -579.482467 -576.322697 -575.773899 -576.149215 -575.898024 -576.644721 -578.768635 -578.980779 -576.662047 -578.854956 -579.931951 -581.395450 -585.026692 -585.932882 -583.842485 -581.829997 -580.094892 -579.654665 -579.380653 -579.407107
-9999.0 -9999.0 -9999.0 -9999.0 -9999.0 -9999.0 -9999.0 -9999.0 -9999.0 -9999.0 -9999.0 -9999.0 -9999.0 -9999.0 -9999.0 -9999.0 -9999.0 -9999.0 -9999.0 -9999.0 -9999.0 -9999.0 -9999.0 -578.892068 -577.582853 -577.079980 -575.923509 -576.514174 -579.279929 -581.065390 -581.839026 -582.477422 -583.979443 -584.154735 -584.191256 -583.226951 -582.500751 -579.176435 -580.804614 -581.871015 -579.021051 -579.694970 -577.821545 -575.702648 -576.196711 -575.780212 -579.749838 -582.738439 -579.659986 -578.420140 -578.561847 -579.250524 -578.238311 -576.880100 -575.186141 -572.283652
-9999.0 -9999.0 -9999.0 -9999.0 -9999.0 -9999.0 -9999.0 -9999.0 -9999.0 -9999.0 -9999.0 -9999.0 -9999.0 -9999.0 -9999.0 -9999.0 -9999.0 -9999.0 -9999.0 -578.831583 -579.239650 -580.043321 -579.725044 -582.373258 -583.501691 -582.736962 -581.302756 -582.140998 -583.688107 -585.018128 -584.861050 -584.684268 -585.012299 -582.989435 -581.351610 -580.804687 -581.236566 -578.629371 -577.855282 -576.385992 -572.538069 -575.056393 -577.550037 -578.861595 -578.979433 -579.725425 -577.441171 -576.770884 -576.561322 -576.832097 -576.811329 -576.259081 -575.932363 -572.825954 -569.956936 -567.567678
-9999.0 -9999.0 -9999.0 -9999.0 -9999.0 -9999.0 -9999.0 -9999.0 -9999.0 -9999.0 -9999.0 -9999.0 -9999.0 -9999.0 -9999.0 -9999.0 -579.216005 -579.442597 -580.438821 -582.050735 -583.453316 -583.484736 -582.389033 -584.371548 -585.033930 -584.585772 -585.461158 -584.461709 -583.392274 -582.121414 -581.554801 -582.981495 -582.734584 -582.940247 -583.109434 -582.457100 -579.526478 -576.814927 -576.239309 -574.298408 -570.813214 -572.838361 -573.719241 -573.633350 -574.923983 -573.886106 -568.698866 -569.572922 -571.915292 -566.526834 -563.696419 -564.788555 -565.360326 -561.898146 -556.684988 -550.051581
-9999.0 -9999.0 -9999.0 -9999.0 -9999.0 -9999.0 -9999.0 -9999.0 -9999.0 -9999.0 -9999.0 -9999.0 -9999.0 -579.777441 -579.978955 -579.685508 -582.183505 -584.163151 -585.365881 -587.039504 -584.879000 -586.426371 -586.914416 -586.546027 -584.613538 -584.569435 -584.354105 -583.143933 -583.556102 -584.150753 -584.735370 -585.959249 -584.363588 -582.768813 -581.674934 -579.363402 -577.581482 -576.199746 -573.627416 -573.157817 -571.421999 -572.154621 -574.280907 -574.754131 -573.132333 -568.317339 -564.641994 -563.444901 -556.904328 -550.003970 -546.725029 -542.509066 -540.508377 -537.692685 -530.637011 -509.931261
-9999.0 -9999.0 -9999.0 -9999.0 -9999.0 -9999.0 -9999.0 -9999.0 -9999.0 -9999.0 -583.765337 -582.452549 -584.414075 -588.064494 -589.651611 -588.804270 -587.912139 -589.292615 -589.238473 -585.393315 -583.287731 -586.866148 -584.408913 -584.369897 -585.897938 -585.519826 -584.523532 -584.367940 -582.037420 -581.970258 -581.981034 -578.192925 -577.215726 -576.171304 -574.729647 -573.164196 -571.824070 -566.106264 -561.202657 -561.375363 -554.571950 -550.325922 -553.911413 -555.207453 -554.184543 -549.203756 -541.034657 -529.139301 -516.676498 -498.174018 -479.655832 -465.232783 -453.050666 -437.351754 -416.883922 -390.351440
-9999.0 -9999.0 -9999.0 -9999.0 -9999.0 -9999.0 -9999.0 -9999.0 -589.121937 -587.011182 -585.688543 -587.353172 -589.600204 -593.692064 -592.123175 -590.600125 -589.570099 -588.035298 -587.312732 -586.711311 -587.638371 -586.355867 -583.936735 -584.603868 -584.360953 -582.790072 -582.760500 -581.365012 -579.197297 -580.274914 -579.141075 -577.140350 -575.393340 -573.829299 -571.942230 -570.821839 -564.955231 -557.087884 -548.590160 -541.256305 -530.709191 -517.251391 -517.279427 -514.713087 -511.709722 -492.381502 -461.513902 -421.088577 -391.763410 -373.091326 -353.692173 -342.064186 -333.437423 -321.960719 -307.233425 -294.065180
-9999.0 -9999.0 -9999.0 -9999.0 -9999.0 -9999.0 -592.341600 -587.628055 -585.360373 -590.635353 -594.747142 -596.133236 -598.603330 -593.214689 -588.544269 -587.657947 -586.977383 -586.166796 -586.636748 -589.704362 -582.699618 -584.604519 -586.027475 -583.919754 -584.100586 -583.927174 -582.593333 -579.547286 -578.220469 -572.224755 -567.877565 -564.109571 -559.021139 -555.858477 -552.498576 -548.567399 -537.955138 -521.277766 -498.095490 -470.764151 -437.313502 -403.843891 -391.708849 -386.154776 -380.854785 -370.630837 -350.094155 -325.710395 -296.821492 -269.280646 -248.680185 -238.933166 -229.575471 -218.428320 -204.382408 -189.105181
-9999.0 -9999.0 -9999.0 -9999.0 -589.789546 -588.742868 -589.603789 -585.515315 -582.692029 -589.055319 -586.789498 -587.924982 -590.045837 -592.607428 -595.679612 -593.441096 -592.141130 -591.267968 -591.686970 -584.832433 -578.978604 -582.776656 -579.912665 -574.278805 -575.544750 -574.940359 -574.641568 -572.064283 -567.407249 -561.446736 -547.952083 -535.319701 -526.103774 -514.536624 -502.153641 -483.903261 -449.857815 -405.396892 -378.610867 -354.893998 -330.588318 -309.298731 -294.708320 -287.491779 -278.426294 -267.176451 -251.220155 -227.424364 -199.434255 -165.536457 -141.400890 -128.457158 -118.851022 -110.177933 -94.904919 -73.897707
-9999.0 -9999.0 -9999.0 -592.699374 -588.075236 -586.359582 -588.554388 -587.716183 -584.203465 -587.650054 -588.293801 -588.903396 -589.279800 -589.234939 -589.530175 -588.231819 -587.974188 -588.929947 -587.984152 -583.863566 -581.991920 -578.706416 -576.125139 -572.192504 -568.821120 -567.518166 -565.621792 -560.774883 -548.673094 -534.301587 -506.300626 -461.094699 -416.142527 -391.076131 -378.381017 -362.190394 -344.389701 -316.848580 -289.743443 -263.195837 -235.206998 -210.054750 -185.838342 -176.574591 -169.560858 -162.017777 -146.056504 -124.604832 -99.421595 -43.031754 -17.416791 -22.020612 10.781423 -3.231883 30.984331 45.213664
-9999.0 -9999.0 -591.919387 -589.272542 -591.071110 -587.776103 -584.114202 -586.655085 -582.296685 -580.900609 -585.281523 -582.807649 -581.540451 -584.267090 -582.545694 -580.590249 -579.592053 -582.874763 -585.229437 -580.445099 -570.146526 -561.730741 -557.289808 -536.551792 -523.773440 -515.181133 -510.818014 -496.500373 -469.443048 -415.750395 -377.698546 -342.393374 -309.293695 -282.284657 -270.646185 -256.705857 -235.195830 -212.302274 -184.801873 -159.453314 -130.849220 -102.377164 -55.109270 -38.056064 -34.488142 -21.715158 -4.603275 15.092373 33.044941 51.236993 67.606279 67.274090 68.421434 67.575981 68.836496 68.775207
-9999.0 -9999.0 -594.988459 -590.602342 -593.631553 -586.830079 -580.471834 -586.525746 -584.622223 -578.137964 -579.878901 -579.119826 -579.999678 -579.699989 -576.860720 -571.201786 -574.059237 -575.154669 -581.539604 -566.426100 -552.801862 -528.794866 -478.865729 -420.483536 -387.151036 -381.434144 -378.452501 -367.772697 -349.456969 -312.171089 -266.677396 -218.016000 -177.693023 -150.940952 -137.718831 -123.866919 -101.450769 -52.964962 -38.475806 -33.229842 6.702712 19.942054 46.186597 62.237476 67.860542 68.549682 67.534236 68.474509 68.138980 68.717159 67.635229 64.853472 63.222239 64.405914 65.128196 60.846047
-9999.0 -596.095764 -593.877231 -593.717084 -589.292820 -590.683888 -585.401297 -577.845700 -578.060564 -575.294345 -575.196652 -579.469888 -564.828446 -551.927335 -547.479553 -536.173951 -540.933823 -544.405764 -551.870822 -535.831789 -503.972796 -414.498545 -329.301289 -280.269132 -249.697308 -244.482848 -247.137185 -233.879815 -209.637246 -173.545359 -116.400873 -46.138379 -9.408036 16.851499 25.075647 26.562342 38.816455 54.490465 69.807299 71.180940 72.732121 72.331629 68.849945 68.505024 69.192561 68.331476 65.822740 59.662947 52.408087 46.844917 36.681087 36.340735 19.381159 41.636256 43.274408 37.019813
-9999.0 -602.861781 -594.175259 -589.128537 -591.048673 -594.663991 -582.644455 -564.576969 -570.645715 -572.487519 -573.136167 -561.837470 -526.251759 -488.938376 -457.389743 -419.287278 -421.286733 -435.425057 -433.419101 -397.443215 -356.430984 -292.692247 -188.540068 -108.674639 -64.780197 -54.761768 -47.235329 -27.630000 -3.091796 17.924096 36.402262 58.157909 61.194628 61.482349 61.788194 61.758195 61.796439 62.062951 58.536785 55.154022 50.925437 50.904670 54.253524 53.967847 51.567241 48.699198 42.146647 33.836675 27.335137 14.535284 -12.230707 -20.607764 -25.972398 -23.726306 -26.897694 -32.573207
-9999.0 -595.971948 -586.217006 -588.690914 -596.783576 -585.258280 -580.366646 -567.644512 -557.740407 -560.238661 -545.001336 -490.469475 -408.201509 -360.205636 -328.543714 -308.694565 -295.829146 -295.883514 -275.756572 -230.641127 -160.864391 -51.705126 -9.149370 39.460909 47.190032 47.662268 47.195489 47.523730 47.883226 48.044263 48.262245 46.667589 51.117775 53.167194 51.918459 48.928404 43.202441 35.465868 30.070850 27.033015 23.337476 23.208631 26.596523 27.015063 24.325717 18.033754 -15.272242 -27.572367 -36.788981 -47.422020 -57.243846 -64.301729 -68.299102 -72.734302 -77.454360 -83.300577
-9999.0 -607.780825 -593.592242 -605.441050 -589.253971 -575.476699 -577.219867 -556.288505 -530.196253 -519.176873 -436.828430 -370.643634 -308.389125 -264.230205 -229.920225 -192.362105 -166.537687 -139.858257 -105.505496 -67.685454 33.344981 53.144504 54.900896 55.696508 47.796361 47.758569 38.484060 18.877623 8.597705 1.947230 3.492910 6.545421 17.311356 23.448177 21.081146 18.683521 -13.651360 -23.592446 -28.821986 -36.946506 -44.365796 -49.301437 -49.977378 -44.818336 -50.816490 -57.128741 -69.253256 -80.324680 -90.816686 -100.677098 -110.291464 -118.499084 -122.401632 -128.302870 -129.715282 -136.277372
-9999.0 -616.532599 -606.292095 -598.988195 -584.960129 -575.053253 -565.105670 -541.988232 -484.912576 -410.975123 -353.015191 -321.217202 -270.988370 -214.784906 -158.195385 -127.801860 -111.399574 -104.635905 -94.543929 -83.749010 -81.390482 -31.064072 -16.364573 3.811632 9.098195 9.988035 -35.680795 -54.289368 -62.831889 -64.070774 -64.638713 -64.449292 -63.579709 -64.684315 -68.705349 -70.334422 -73.393100 -81.876434 -90.119283 -97.346025 -103.575090 -110.757775 -115.700570 -118.291425 -121.190316 -123.059263 -132.210547 -143.622124 -154.612845 -163.260660 -171.770618 -178.418412 -180.746332 -184.990712 -190.296380 -199.527218
-9999.0 -637.019865 -602.834402 -599.030437 -590.713794 -588.224806 -585.907592 -568.716192 -539.816123 -421.340799 -299.856237 -285.461284 -268.248406 -236.088140 -182.404926 -133.701049 -127.772702 -155.073269 -174.756029 -181.548600 -171.279464 -149.577092 -130.563006 -108.539154 -94.075270 -88.715273 -97.016560 -109.142919 -123.248581 -130.313711 -133.538125 -140.154393 -145.218483 -145.641588 -148.329001 -145.245733 -144.201213 -154.303727 -166.294416 -179.747994 -191.304431 -199.751790 -202.691303 -202.335219 -203.227541 -206.461071 -213.859941 -223.465649 -234.879016 -245.006216 -252.837573 -258.203911 -263.378540 -270.273136 -277.873281 -285.941202
-9999.0 -9999.0 -618.026286 -598.922070 -596.696253 -594.015966 -591.672488 -578.441068 -563.555940 -507.993563 -422.134432 -374.656664 -345.495633 -314.236715 -270.068060 -232.752495 -227.559252 -221.856695 -244.529277 -243.549562 -237.285075 -229.130362 -217.010750 -203.507632 -191.425683 -184.732146 -182.515197 -185.625262 -194.825582 -208.240568 -222.958392 -233.992307 -241.009097 -246.056796 -240.226965 -231.572701 -233.399617 -239.639907 -249.600948 -262.305993 -272.696495 -282.921917 -285.404865 -284.373931 -284.379909 -286.899344 -291.441451 -301.892982 -312.711771 -323.670986 -329.032031 -334.143890 -339.022760 -347.279899 -355.417139 -363.967419
-9999.0 -9999.0 -640.656429 -608.786396 -596.124764 -587.511522 -588.946115 -587.818557 -568.863884 -559.073535 -542.630280 -514.408216 -480.104433 -430.214924 -397.019204 -368.842506 -356.558963 -350.871932 -350.925622 -344.366906 -330.100616 -315.119176 -304.171459 -293.785886 -284.037606 -276.271508 -269.633737 -277.988102 -286.472778 -299.052287 -314.890668 -332.291477 -341.582228 -346.563327 -343.467098 -337.816541 -341.512245 -348.816994 -358.427275 -368.901025 -376.227759 -383.057165 -384.792043 -385.369034 -385.433231 -386.964690 -389.431486 -397.364732 -410.098425 -421.768077 -431.801859 -440.667631 -446.219686 -456.696328 -468.993656 -477.841465
