tests/Borden05m/sims/sim_1/output-maps/psiliqL0020N0016.asc
ncols         160
nrows         34
xllcorner     620200.000000
yllcorner     5168000.000000
cellsize      0.500000
NODATA_value  -9999.0
[rows 0 to 24 of 34, columns 0 to 54 of 160]
-9999.0 -9999.0 -9999.0 -9999.0 -9999.0 -9999.0 -9999.0 -9999.0 -9999.0 -9999.0 -9999.0 -9999.0 -9999.0 -9999.0 -9999.0 -9999.0 -9999.0 -9999.0 -9999.0 -9999.0 -9999.0 -9999.0 -9999.0 -9999.0 -9999.0 -9999.0 -9999.0 -9999.0 -9999.0 -9999.0 -9999.0 -9999.0 -9999.0 -9999.0 -9999.0 -9999.0 -9999.0 -9999.0 -9999.0 -9999.0 -9999.0 -9999.0 -9999.0 -9999.0 -9999.0 -9999.0 -9999.0 -9999.0 -9999.0 -9999.0 -9999.0 -9999.0 -9999.0 -9999.0 -9999.0
-9999.0 -9999.0 -9999.0 -9999.0 -9999.0 -9999.0 -9999.0 -9999.0 -9999.0 -9999.0 -9999.0 -9999.0 -9999.0 -9999.0 -9999.0 -9999.0 -9999.0 -9999.0 -9999.0 -9999.0 -9999.0 -9999.0 -9999.0 -9999.0 -9999.0 -9999.0 -9999.0 -9999.0 -9999.0 -9999.0 -9999.0 -9999.0 -9999.0 -9999.0 -9999.0 -9999.0 -9999.0 -9999.0 -9999.0 -9999.0 -9999.0 -9999.0 -9999.0 -9999.0 -9999.0 -9999.0 -9999.0 -9999.0 -9999.0 -9999.0 -9999.0 -9999.0 -9999.0 -9999.0 -9999.0
-9999.0 -9999.0 -9999.0 -9999.0 -9999.0 -9999.0 -9999.0 -9999.0 -9999.0 -9999.0 -9999.0 -9999.0 -9999.0 -9999.0 -9999.0 -9999.0 -9999.0 -9999.0 -9999.0 -9999.0 -9999.0 -9999.0 -9999.0 -9999.0 -9999.0 -9999.0 -9999.0 -9999.0 -9999.0 -9999.0 -9999.0 -9999.0 -9999.0 -9999.0 -9999.0 -9999.0 -9999.0 -9999.0 -9999.0 -9999.0 -9999.0 -9999.0 -9999.0 -9999.0 -9999.0 -9999.0 -9999.0 2103.947896 2086.945244 2072.872708 2069.674570 2091.826368 2115.515197 2139.805339 2160.829089
-9999.0 -9999.0 -9999.0 -9999.0 -9999.0 -9999.0 -9999.0 -9999.0 -9999.0 -9999.0 -9999.0 -9999.0 -9999.0 -9999.0 -9999.0 -9999.0 -9999.0 -9999.0 -9999.0 -9999.0 -9999.0 -9999.0 -9999.0 -9999.0 -9999.0 -9999.0 -9999.0 -9999.0 -9999.0 -9999.0 -9999.0 -9999.0 -9999.0 -9999.0 -9999.0 -9999.0 -9999.0 -9999.0 -9999.0 -9999.0 2151.768604 2157.877423 2158.596843 2148.843333 2137.969905 2125.313266 2105.271682 2087.948331 2074.374849 2072.593212 2075.594348 2079.820468 2101.820624 2127.398390 2147.701225
-9999.0 -9999.0 -9999.0 -9999.0 -9999.0 -9999.0 -9999.0 -9999.0 -9999.0 -9999.0 -9999.0 -9999.0 -9999.0 -9999.0 -9999.0 -9999.0 -9999.0 -9999.0 -9999.0 -9999.0 -9999.0 -9999.0 -9999.0 -9999.0 -9999.0 -9999.0 -9999.0 -9999.0 -9999.0 -9999.0 -9999.0 -9999.0 -9999.0 -9999.0 2058.061747 2075.449645 2093.800220 2112.699757 2129.967552 2137.229191 2143.197521 2148.996628 2144.960226 2140.857949 2129.752663 2109.997367 2091.002558 2078.129003 2077.071372 2075.112711 2079.503237 2092.140939 2109.356068 2125.408785 2146.620709
-9999.0 -9999.0 -9999.0 -9999.0 -9999.0 -9999.0 -9999.0 -9999.0 -9999.0 -9999.0 -9999.0 -9999.0 -9999.0 -9999.0 -9999.0 -9999.0 -9999.0 -9999.0 -9999.0 -9999.0 -9999.0 -9999.0 -9999.0 -9999.0 -9999.0 -9999.0 -9999.0 -9999.0 2060.991608 2055.373531 2050.917057 2049.905453 2049.049475 2048.490417 2055.515879 2067.411778 2085.314078 2107.679271 2121.290217 2128.975027 2136.143755 2137.085258 2132.033704 2130.672769 2131.578054 2119.770847 2108.233148 2097.463325 2087.031591 2085.133914 2094.864721 2109.598472 2126.356381 2141.596369 2157.433485
-9999.0 -9999.0 -9999.0 -9999.0 -9999.0 -9999.0 -9999.0 -9999.0 -9999.0 -9999.0 -9999.0 -9999.0 -9999.0 -9999.0 -9999.0 -9999.0 -9999.0 -9999.0 -9999.0 -9999.0 -9999.0 -9999.0 -9999.0 2029.306305 2034.913353 2041.882834 2049.965266 2051.406555 2048.151304 2043.136683 2040.837283 2039.959885 2038.518297 2043.570590 2051.532856 2065.237108 2081.241066 2103.851426 2112.767324 2118.369251 2130.607509 2134.376055 2141.754935 2146.253485 2144.953072 2141.918994 2128.600531 2118.562928 2122.538778 2127.906765 2135.250856 2143.937948 2157.877534 2172.850810 2189.540815
-9999.0 -9999.0 -9999.0 -9999.0 -9999.0 -9999.0 -9999.0 -9999.0 -9999.0 -9999.0 -9999.0 -9999.0 -9999.0 -9999.0 -9999.0 -9999.0 -9999.0 -9999.0 -9999.0 2003.244832 2004.532751 2006.315708 2011.549214 2012.523352 2014.920789 2022.315538 2030.955361 2034.181674 2032.756381 2032.155494 2034.186351 2037.452311 2042.518681 2053.944983 2068.068824 2082.628011 2096.429314 2117.684946 2132.724301 2146.104515 2162.185186 2162.632136 2159.374469 2158.161416 2158.843852 2158.541720 2160.103435 2161.351865 2168.015047 2171.078559 2176.410636 2186.111178 2198.318978 2216.105576 2235.188667
-9999.0 -9999.0 -9999.0 -9999.0 -9999.0 -9999.0 -9999.0 -9999.0 -9999.0 -9999.0 -9999.0 -9999.0 -9999.0 -9999.0 -9999.0 -9999.0 1973.447674 1975.553098 1978.262996 1984.122391 1987.886808 1992.359579 1999.842888 2001.756965 2005.910861 2013.612503 2018.883467 2028.555738 2037.382068 2045.167977 2051.657694 2054.779427 2062.286582 2072.207497 2084.321726 2099.300447 2120.460483 2144.189167 2160.550931 2177.733044 2195.344180 2196.426130 2195.527810 2196.705928 2196.638357 2200.833808 2217.079487 2221.904307 2220.194322 2233.567542 2246.838042 2251.293205 2259.362872 2279.319763 2302.635272
-9999.0 -9999.0 -9999.0 -9999.0 -9999.0 -9999.0 -9999.0 -9999.0 -9999.0 -9999.0 -9999.0 -9999.0 -9999.0 1924.423167 1928.779304 1939.108539 1949.955613 1953.214053 1958.352648 1965.273159 1977.988422 1982.198880 1988.897871 1996.903056 2009.846592 2019.135029 2028.748711 2041.143156 2049.936103 2057.591517 2064.852497 2069.654136 2082.536450 2097.657431 2113.199557 2133.310244 2155.667119 2175.548179 2195.270282 2211.817072 2224.974299 2225.150567 2224.778554 2227.549041 2234.271180 2250.048722 2268.198961 2273.340832 2287.560679 2309.648403 2321.913685 2331.915244 2339.930773 2354.074776 2375.772512
-9999.0 -9999.0 -9999.0 -9999.0 -9999.0 -9999.0 -9999.0 -9999.0 -9999.0 -9999.0 1893.238998 1895.423156 1892.266633 1891.251291 1897.151856 1909.886781 1924.562370 1931.183179 1943.571846 1965.333588 1984.212583 1988.166789 2002.840198 2013.844107 2021.337551 2032.190521 2045.812137 2058.828531 2075.474667 2088.070861 2098.806669 2117.257797 2133.852486 2150.686270 2168.672733 2189.459440 2207.917273 2234.545276 2261.270497 2272.715287 2292.890979 2300.414701 2297.586577 2297.402682 2307.106252 2321.368071 2339.928095 2359.871572 2380.173059 2404.171272 2418.549560 2432.581800 2443.065651 2455.060246 2471.257906
-9999.0 -9999.0 -9999.0 -9999.0 -9999.0 -9999.0 -9999.0 -9999.0 1867.887461 1875.869918 1882.012275 1879.276304 1875.237623 1870.861410 1885.577751 1901.772754 1918.308094 1936.898559 1953.334627 1972.244353 1987.579125 2003.845423 2024.668863 2036.751713 2048.696346 2064.627779 2078.706508 2095.400297 2116.899785 2127.924280 2142.588082 2163.607691 2181.404497 2199.476653 2218.564802 2236.595891 2260.969045 2293.482297 2324.594612 2344.778657 2372.174307 2392.759328 2390.398351 2391.653586 2395.317366 2420.261655 2448.475960 2478.628479 2502.041804 2528.139607 2557.343468 2575.741037 2586.338439 2598.981129 2614.351055
-9999.0 -9999.0 -9999.0 -9999.0 -9999.0 -9999.0 1839.352716 1863.900472 1879.368068 1871.489706 1859.954907 1856.038583 1851.480866 1879.011807 1901.772352 1919.708465 1937.196558 1955.492235 1972.637086 1984.290297 2016.993636 2036.498804 2050.654856 2067.434088 2082.935061 2098.413473 2116.195696 2139.420835 2159.974537 2186.737881 2208.757351 2229.989158 2256.026395 2275.450385 2294.195223 2311.100156 2341.325886 2377.814710 2413.994785 2441.307471 2467.756249 2500.168852 2504.949680 2509.798889 2515.215161 2538.067805 2571.014062 2601.005393 2634.484807 2666.508945 2694.619138 2708.191619 2718.964157 2730.462846 2744.265142
-9999.0 -9999.0 -9999.0 -9999.0 1805.860258 1826.897814 1846.556342 1877.245058 1899.904391 1895.363466 1901.441808 1901.114455 1898.652850 1903.698374 1911.954846 1930.375197 1950.009226 1970.031655 1987.142925 2019.492556 2065.934516 2080.501747 2102.586874 2134.475991 2148.084328 2163.917498 2180.931063 2203.776872 2227.655850 2259.338228 2299.444198 2333.649108 2358.200719 2380.138497 2401.204494 2421.670636 2456.860217 2495.477462 2532.556026 2566.053492 2594.741768 2621.499221 2632.389649 2639.891078 2651.759544 2669.176784 2691.785103 2721.357964 2754.526432 2787.230862 2811.985938 2823.267836 2830.643318 2841.532240 2851.381789
-9999.0 -9999.0 -9999.0 1754.017436 1793.040168 1831.935664 1858.600212 1889.547247 1922.207064 1925.167544 1934.574732 1937.775739 1940.577219 1948.411207 1955.286333 1972.931403 1990.907858 2009.629015 2032.582830 2069.059175 2102.586481 2128.073772 2159.313161 2182.429076 2200.919017 2216.712132 2236.410666 2259.760923 2299.241349 2334.195226 2383.037540 2435.558889 2470.911150 2494.689156 2518.131363 2546.411951 2572.232594 2610.065387 2645.334143 2678.770173 2712.258723 2737.008748 2754.717500 2761.963366 2772.401242 2780.536099 2795.711514 2816.717136 2839.367119 2869.601798 2898.776507 2842.380420 2851.997581 2862.056627 2878.194688
-9999.0 -9999.0 1706.108840 1744.835063 1777.820507 1826.664458 1880.002123 1915.163019 1955.867007 1978.022788 1983.820433 1998.613110 2012.936499 2018.173400 2031.520171 2047.608017 2068.374309 2077.399939 2097.199936 2122.292341 2167.577574 2209.008017 2220.076528 2266.877095 2300.212163 2331.473078 2352.117785 2380.064686 2417.706055 2456.742452 2504.755259 2555.326948 2592.287510 2622.936067 2640.330547 2661.153242 2683.719779 2711.464340 2747.789575 2776.046344 2808.448580 2835.066579 2856.755090 2861.841799 2866.704323 2883.334465 2909.860783 2853.609027 2874.981787 2900.514635 2895.393191 2907.599620 2914.994451 2919.368723 2925.997396
-9999.0 -9999.0 1677.710025 1723.511414 1761.327258 1824.141879 1907.419110 1943.752563 1985.943858 2032.364062 2049.560196 2073.385262 2077.938746 2079.050038 2100.811071 2120.630349 2137.944852 2146.571754 2145.374998 2200.806118 2258.101454 2298.199350 2328.239494 2400.900270 2450.953847 2472.890956 2489.903290 2512.163918 2535.915764 2577.624191 2621.914065 2676.004352 2720.919493 2751.516037 2768.023891 2788.161134 2809.148283 2827.040716 2847.395202 2890.576518 2840.501430 2863.628538 2892.167932 2912.517440 2920.546183 2924.640247 2907.321929 2916.676400 2926.021356 2930.348023 2932.141525 2928.709055 2928.284490 2929.186041 2930.253697
-9999.0 1586.576573 1638.985957 1691.065074 1758.085416 1822.933993 1902.705143 1980.895623 2042.821592 2093.097898 2121.279794 2125.643590 2146.281389 2181.606110 2205.511776 2228.730811 2234.455330 2243.651066 2231.742526 2284.289769 2329.855968 2394.180544 2500.729751 2559.556606 2614.449033 2616.263049 2610.921670 2621.983588 2643.516102 2688.318653 2762.916115 2815.425197 2875.050117 2844.703182 2856.062373 2862.585604 2880.077122 2899.785803 2869.315194 2900.804470 2911.004478 2922.971412 2928.633299 2930.703660 2932.014307 2932.222939 2929.065575 2922.561164 2914.886064 2909.444114 2905.517893 2901.156606 2903.672524 2907.010451 2907.531143
-9999.0 1549.727625 1608.297575 1678.501701 1748.114824 1806.651839 1900.855479 2055.137135 2113.614093 2152.027216 2167.750686 2169.575250 2238.554207 2302.441696 2333.211707 2379.172330 2371.163337 2360.953848 2339.340693 2370.877160 2417.254044 2491.845248 2648.182728 2737.249729 2778.970538 2791.569383 2798.471994 2827.774972 2868.964847 2840.834181 2874.613883 2859.796952 2896.141479 2910.189033 2914.377306 2915.614213 2920.121137 2919.712052 2918.260320 2914.607686 2910.018336 2910.574732 2915.179261 2915.308186 2912.750777 2909.820666 2904.451147 2897.177019 2892.088884 2887.562751 2884.911703 2882.011034 2880.236460 2879.864441 2875.267375
-9999.0 1514.973315 1587.990582 1649.223493 1705.601076 1809.457910 1937.824927 2077.836812 2172.970813 2209.742189 2212.706004 2266.807340 2368.507684 2469.894052 2522.920668 2548.005611 2542.351620 2511.728250 2507.218737 2553.753345 2623.068213 2730.607190 2845.459101 2876.498190 2887.344328 2891.106623 2858.610698 2877.977205 2895.821144 2894.948384 2896.392090 2902.278134 2907.863722 2911.096068 2910.217847 2907.883323 2903.641100 2896.061978 2891.697346 2888.559461 2885.242163 2884.680192 2887.167894 2888.808159 2886.304660 2882.598791 2878.224271 2872.922085 2871.467693 2864.908631 2860.742530 2856.550317 2854.306652 2849.007280 2845.050772
-9999.0 1404.041300 1496.330071 1544.617238 1640.381913 1821.741474 1950.076659 2095.998789 2251.423021 2282.584073 2344.386769 2473.543699 2585.284579 2663.678533 2700.121079 2739.634849 2768.789307 2791.522835 2830.141083 2756.249828 2826.147516 2855.432262 2882.575074 2894.376411 2900.108693 2901.503399 2893.386804 2874.214803 2864.413671 2858.284930 2860.520735 2868.268678 2873.761257 2879.253895 2877.438520 2878.542333 2879.350129 2876.470550 2877.240346 2869.128599 2861.609215 2855.554782 2853.144797 2858.159697 2853.491950 2850.812310 2844.952404 2841.556585 2910.048495 2901.911981 2893.377514 2885.973825 2882.616822 2876.414761 2874.031353
-9999.0 1323.194353 1398.063694 1473.343296 1598.592524 1762.949110 1876.864936 2040.060326 2263.808467 2389.643838 2532.698105 2613.937899 2687.321057 2740.503453 2797.562885 2818.023438 2841.024760 2853.940657 2834.131554 2853.229271 2863.082999 2857.274430 2822.303401 2846.648406 2862.057186 2866.695340 2859.302816 2850.136117 2843.570404 2842.991759 2841.694710 2839.268702 2836.647009 2834.036627 2831.147121 2833.766935 2838.917292 2836.908202 2902.497493 2893.643774 2885.660404 2876.841578 2870.959774 2866.659264 2865.875802 2865.398818 2857.366370 2846.630185 2836.705943 2828.049604 2819.941644 2814.104435 2810.591853 2804.580798 2794.523569
-9999.0 1214.323510 1341.207882 1426.873100 1535.722625 1669.033599 1785.144532 1943.510419 2083.705151 2315.090255 2465.535021 2612.539840 2659.813435 2724.671131 2778.776476 2820.830574 2821.233051 2828.170121 2793.760259 2782.317801 2794.881992 2807.801179 2821.570910 2841.606372 2861.808122 2874.003252 2879.529544 2874.494310 2862.069671 2852.370718 2844.447075 2833.555375 2825.999182 2824.662604 2827.350804 2836.047854 2837.531568 2828.637400 2816.479368 2799.301603 2784.390260 2773.051127 2770.337987 2772.022228 2772.126800 2767.815991 2760.987276 2749.884011 2737.029252 2724.462136 2717.269523 2711.638507 2703.644244 2691.945527 2677.933792
-9999.0 -9999.0 1260.904427 1370.779194 1471.958461 1589.241923 1692.294112 1823.767906 1969.495883 2146.201077 2263.604862 2417.490239 2501.589013 2547.522743 2590.444381 2647.530875 2671.789841 2700.262858 2692.437228 2703.804412 2715.426105 2724.279612 2734.680837 2746.055519 2760.264790 2772.137153 2782.721687 2781.695512 2773.932780 2756.132551 2734.005133 2716.948713 2707.786773 2700.051759 2710.833462 2722.747479 2718.548819 2711.797804 2699.504954 2682.076782 2669.030701 2654.858940 2650.925277 2650.623588 2650.473924 2647.333634 2643.209021 2629.902305 2616.799592 2605.392449 2600.011686 2593.481493 2588.304465 2577.457252 2566.292148
-9999.0 -9999.0 1174.608037 1281.150806 1389.787838 1510.341343 1602.972927 1649.131821 1793.855797 1904.127206 2010.142380 2114.705172 2204.071231 2270.389635 2309.528659 2371.722854 2421.266242 2440.361059 2472.990281 2517.032913 2549.416428 2585.106675 2607.989346 2621.480619 2636.716689 2652.203466 2661.649034 2649.483434 2639.406754 2623.404163 2601.698196 2577.411791 2565.052896 2563.184111 2563.887689 2567.177008 2560.515538 2551.311055 2537.160635 2523.058787 2510.539016 2500.249161 2496.099794 2491.247247 2488.978437 2485.665705 2482.581608 2474.592844 2464.349336 2457.777373 2449.056653 2443.666915 2441.164378 2435.777187 2427.933372
