tests/Borden05m/sims/sim_1/output-maps/psiliqL0021N0017.asc
ncols         160
nrows         34
xllcorner     620200.000000
yllcorner     5168000.000000
cellsize      0.500000
NODATA_value  -9999.0
[rows 0 to 24 of 34, columns 55 to 109 of 160]
-9999.0 -9999.0 -9999.0 -9999.0 -9999.0 -9999.0 -9999.0 -9999.0 -9999.0 -9999.0 -9999.0 -9999.0 -9999.0 -9999.0 -9999.0 -9999.0 -9999.0 -9999.0 -9999.0 -9999.0 -9999.0 -9999.0 -9999.0 -9999.0 -9999.0 -9999.0 -9999.0 -9999.0 -9999.0 -9999.0 -9999.0 -9999.0 -9999.0 -9999.0 -9999.0 -9999.0 -9999.0 -9999.0 -9999.0 -9999.0 -9999.0 -9999.0 -9999.0 -9999.0 -9999.0 -9999.0 -9999.0 -9999.0 -9999.0 -9999.0 -9999.0 -9999.0 -9999.0 -9999.0 -9999.0
-9999.0 -9999.0 -9999.0 -9999.0 2435.360163 2430.178751 2425.577082 2421.398910 2413.393326 2404.657022 2397.129450 2393.567811 2393.035292 2392.745490 2392.726734 2398.234604 2406.731667 2414.758185 2422.056395 2424.647570 2427.268803 2429.518655 2430.094721 2429.167605 2426.205617 2423.253392 2420.066054 2418.591863 2411.090126 2399.972373 2391.541929 2388.851094 2393.090844 2397.406227 2399.783055 2405.064268 2415.350794 2425.689382 2433.655005 2445.372318 2451.368999 2456.059421 2458.204383 2453.576538 2449.628830 2445.233795 2439.152861 2427.864670 -9999.0 -9999.0 -9999.0 -9999.0 -9999.0 -9999.0 -9999.0
2380.349536 2399.398890 2420.296488 2423.718074 2412.233985 2407.456912 2404.627779 2403.258199 2399.248450 2391.205505 2386.565408 2381.644939 2379.815835 2380.360924 2380.833890 2385.181119 2396.198514 2404.493139 2409.509663 2412.456276 2415.480923 2414.643015 2414.191212 2414.145546 2411.445296 2408.131550 2404.896170 2403.202392 2404.381543 2396.881463 2391.138418 2387.434881 2384.928921 2387.483321 2389.982825 2393.973042 2403.048847 2410.753451 2418.393561 2432.598310 2444.926470 2449.873280 2446.735709 2441.360329 2436.931559 2429.287440 2418.531590 2408.139512 2399.348718 2392.422306 2386.323846 2379.404423 2384.842548 2391.408482 2400.162840
2365.167017 2384.894745 2405.714978 2408.770503 2398.583883 2391.006426 2385.307689 2386.198296 2389.859056 2387.068971 2382.877471 2376.690669 2386.601977 2388.216054 2389.611213 2393.376380 2396.275129 2401.091344 2404.017228 2409.666916 2418.848839 2421.823394 2422.499954 2422.774111 2421.019191 2417.959193 2416.191649 2413.535370 2408.393304 2406.938165 2406.866150 2405.965944 2410.316350 2411.676233 2414.098769 2408.042159 2411.937060 2417.891298 2424.415978 2429.972192 2435.829948 2438.336639 2434.410564 2433.736858 2424.635999 2410.312411 2399.466506 2391.114003 2389.998313 2386.279783 2377.611180 2363.439053 2370.404090 2385.419442 2389.295450
2371.874877 2381.477042 2393.006620 2396.183329 2391.626286 2393.994393 2396.239023 2398.118114 2396.953890 2394.219438 2391.340010 2403.069362 2412.211882 2414.255379 2417.406388 2421.806080 2422.758553 2412.008960 2410.222007 2418.143287 2428.162663 2433.715078 2434.091298 2434.009570 2431.109806 2430.147474 2430.001217 2428.167632 2428.224501 2430.163335 2428.668707 2432.243492 2437.774205 2441.062024 2434.532682 2425.680829 2427.211757 2435.227789 2443.954657 2451.131934 2460.988016 2471.354158 2470.425188 2464.713780 2455.193460 2441.477940 2417.781775 2398.780454 2387.018426 2378.478734 2370.363345 2371.263994 2366.232434 2378.109195 2378.935550
2365.202685 2385.087958 2406.075920 2413.289395 2407.935702 2404.327544 2403.156675 2404.489773 2404.617381 2406.705013 2417.474963 2430.646341 2444.079816 2447.029429 2449.667178 2449.147094 2441.236298 2431.369368 2428.688796 2442.896344 2460.053987 2468.347083 2468.485663 2465.720788 2470.423919 2470.117830 2469.902768 2466.092722 2467.420131 2466.567332 2473.726550 2481.361100 2488.933970 2487.351537 2474.947415 2462.805171 2461.993246 2466.199712 2471.492043 2478.148713 2487.784876 2496.466420 2490.808868 2484.074959 2474.817023 2447.093565 2421.461341 2405.339810 2404.529983 2404.024989 2398.472146 2394.991891 2392.133856 2385.899351 2384.870317
2408.362690 2429.109485 2450.364554 2465.221424 2459.999930 2453.093458 2444.784179 2445.897598 2448.060484 2455.479828 2467.538748 2482.748532 2506.012780 2507.398037 2509.414144 2510.077887 2498.439039 2486.141258 2476.198423 2496.963589 2508.003389 2515.816920 2515.039426 2522.113955 2531.353099 2527.557540 2520.767127 2509.566924 2515.537578 2524.129606 2539.232615 2546.664296 2551.282709 2547.874814 2534.943606 2528.437960 2528.624053 2533.164172 2532.611950 2539.183302 2547.918757 2562.152377 2560.341116 2553.968888 2532.216939 2494.429615 2462.056836 2445.028855 2453.280089 2445.951199 2437.817410 2435.098566 2421.776684 2412.039733 2412.575220
2452.721194 2468.912328 2486.858701 2504.759254 2498.308131 2488.867898 2474.538900 2473.302009 2479.587008 2490.479716 2509.251888 2529.728068 2551.717798 2554.702171 2552.390555 2562.134704 2556.431736 2546.856018 2539.567784 2557.261877 2568.263982 2578.688570 2585.999268 2598.755745 2609.711354 2596.075512 2581.180431 2572.982791 2579.368928 2602.622505 2622.935018 2627.778065 2627.548916 2627.946435 2614.952649 2609.325818 2604.653442 2602.637929 2598.424552 2595.209523 2617.048070 2635.793254 2634.166740 2611.136323 2587.134786 2548.489204 2509.924610 2481.450399 2488.011801 2483.715515 2484.095393 2470.895542 2456.491301 2444.378528 2437.421328
2519.199198 2544.554711 2563.338592 2585.167168 2580.776061 2561.203936 2549.360135 2553.669457 2567.638286 2576.088053 2593.976890 2614.336684 2642.736193 2658.913052 2673.800294 2679.675541 2671.688123 2663.370551 2651.397959 2654.196200 2675.777483 2689.143235 2698.802404 2708.289503 2720.930944 2723.413637 2718.305292 2717.103168 2721.083508 2732.015517 2744.247412 2750.878360 2754.515393 2756.542801 2746.708160 2734.977917 2732.633521 2725.898922 2722.177775 2720.201109 2727.494403 2743.489032 2739.836769 2706.488291 2678.419472 2642.280755 2603.673253 2572.627251 2561.006837 2573.783609 2567.410890 2549.377161 2534.252453 2503.747777 2492.904069
2603.198482 2637.857515 2664.195870 2678.525637 2689.458076 2679.670813 2680.024787 2685.033106 2693.820488 2698.476203 2706.142963 2738.850030 2771.906089 2798.812099 2822.687244 2831.204440 2820.139653 2810.845517 2798.405871 2789.781825 2798.509286 2815.142072 2832.670515 2847.998979 2859.339469 2862.046936 2860.578932 2860.796173 2863.600215 2866.542601 2870.309443 2877.853877 2885.372965 2827.623048 2833.156258 2828.061079 2877.480578 2866.815864 2855.625898 2852.686573 2852.297888 2853.198480 2852.894139 2838.638081 2799.675675 2768.213713 2736.591324 2712.617849 2695.192724 2688.151574 2666.694642 2642.010973 2591.807670 2552.804176 2519.167746
2705.331256 2749.027263 2778.296870 2799.106905 2813.850261 2814.170602 2817.245356 2819.857537 2825.320723 2829.635723 2834.792161 2860.456840 2831.176057 2865.756300 2896.171913 2897.557169 2885.511051 2874.621263 2865.140495 2852.267205 2848.652670 2859.564620 2873.441121 2892.186434 2903.001918 2910.331811 2906.818738 2907.183625 2909.708737 2910.802480 2912.726970 2915.763974 2924.368273 2934.626366 2947.700105 2947.728738 2934.606079 2918.411708 2902.048747 2897.848316 2894.053204 2888.716409 2890.093338 2891.342743 2878.517576 2853.129990 2880.210432 2838.128447 2816.509741 2797.639645 2784.342593 2767.688125 2731.361370 2667.840235 2630.606282
2829.853230 2862.631690 2825.315205 2851.940294 2868.031903 2872.304267 2870.910260 2870.939106 2878.116927 2882.166460 2889.355490 2904.533902 2929.773081 2962.495413 2990.958078 3006.953793 3000.660806 2984.752426 2964.468580 2956.401744 2954.155382 2957.249783 2965.747026 2976.891808 2994.918840 3012.188307 2989.333047 2990.180245 3015.426774 2989.858070 2989.567415 2989.622495 2991.876565 2998.930432 3007.781519 3010.917052 3006.065025 3015.583742 2994.232153 2981.855800 2974.579420 2970.703512 2970.509170 2974.104215 2975.842935 2962.302519 2934.015229 2892.144535 2861.038727 2843.559460 2833.215170 2884.103876 2870.665169 2840.879772 2819.461320
2871.940222 2886.769780 2910.411751 2938.110948 2959.972039 2975.163915 2976.870153 2980.852474 2985.670627 2993.863151 3008.193038 3000.527723 3015.776200 3036.134685 3060.653350 3075.480570 3080.804497 3079.801316 3076.713418 3078.116974 3078.415490 3028.136303 3033.300581 3038.431368 3052.158551 3064.982816 3067.882819 3068.408476 3068.012208 3067.965341 3068.499210 3068.489545 3068.142217 3069.673453 3073.745963 3075.302752 3073.476984 3064.640760 3077.790234 3058.923363 3046.090068 3038.204722 3030.225205 3021.967491 3012.667303 3004.777863 3015.270850 2986.778776 2953.081558 2930.952689 2922.019559 2919.245340 2911.233058 2905.333212 2888.773083
2967.649154 2978.692220 2996.010648 3016.923638 3018.332050 3038.167663 3048.990351 3057.856532 3062.431764 3075.623374 3090.908032 3076.845714 3083.436529 3090.352607 3097.220719 3099.576969 3100.247716 3099.930949 3097.605320 3096.979419 3094.833178 3090.992041 3080.908720 3082.478748 3084.273212 3086.846403 3090.450181 3089.277586 3090.373643 3093.269063 3091.617235 3085.807092 3081.931970 3080.375910 3081.195180 3088.502107 3091.860428 3092.810835 3090.262750 3089.432607 3088.638820 3085.908019 3082.490251 3077.664127 3071.485009 3082.487337 3072.984155 3046.973049 3011.431895 3002.755365 2993.914919 2993.622785 2993.476593 2991.258282 2985.312418
3053.818038 3066.717750 3080.711391 3064.934263 3081.154967 3090.262253 3094.566285 3098.106789 3100.712423 3103.113658 3100.020015 3096.822782 3092.026375 3090.573302 3089.244245 3086.826085 3087.449087 3085.543606 3081.552138 3077.720426 3070.376360 3059.164595 3047.984118 3044.786262 3049.173399 3054.563990 3059.409746 3063.411071 3066.982140 3067.361684 3062.189052 3054.038923 3046.726762 3045.011083 3051.726375 3057.388606 3063.462471 3064.281877 3062.927798 3060.646540 3060.593397 3057.648553 3057.979085 3064.812814 3078.951420 3082.617321 3087.397253 3086.706914 3073.406985 3050.929921 3056.216725 3036.649484 3041.897526 3037.434522 3026.326830
3092.047208 3094.311844 3093.029198 3091.722168 3085.491729 3079.573778 3078.830688 3082.777332 3089.707328 3090.831900 3083.851063 3075.498326 3068.440463 3061.310877 3059.075451 3058.290656 3057.909984 3058.279265 3053.035485 3044.417643 3029.862344 3018.444551 3007.391580 3001.450826 2998.302763 3002.236563 3012.920207 3024.140286 3029.006764 3020.636324 3012.595884 3001.281395 2993.304798 2993.712739 2995.173016 3004.467348 3020.248452 3026.769288 3027.545398 3021.600523 3015.847388 3009.512844 3006.834156 3013.351967 3028.320093 3042.527605 3057.198317 3065.893404 3073.386222 3080.249575 3080.407879 3082.547573 3083.740352 3082.002535 3083.591904
3086.112073 3079.348370 3072.591234 3067.460425 3061.043710 3055.732373 3053.978593 3056.050279 3058.319146 3054.526813 3048.222048 3040.089100 3029.297154 3019.698815 3012.626275 3013.561719 3015.827683 3017.241941 3010.386532 2997.272515 3008.606661 2995.995859 2982.166231 2978.091455 2972.446093 2965.870144 2975.982387 2994.633024 3001.529145 2986.406082 2975.968516 2961.269244 2954.560078 2950.991753 2952.127955 2961.289932 2982.917295 3005.469789 3007.480740 2997.280995 2987.226983 2982.744952 2980.088699 2985.556164 3001.874375 2991.718848 3005.282439 3015.218884 3020.562913 3028.363081 3037.618690 3049.158267 3063.142511 3074.887673 3080.740356
3061.741339 3054.127279 3046.571122 3039.094466 3032.400774 3028.194498 3024.057865 3022.079781 3018.619988 3012.695239 3007.590723 3018.751796 3007.234185 2994.427199 2979.709815 2975.700217 2971.260571 2972.284081 2960.775317 2952.069226 2936.177184 2921.069553 2908.964890 2896.566020 2890.694464 2884.181497 2884.275156 2898.214245 2906.732999 2896.066131 2886.270671 2875.057206 2870.142311 2866.943121 2869.371401 2879.889905 2900.369623 2918.945673 2927.119546 2919.942992 2917.689782 2913.561298 2912.266947 2918.625467 2930.700584 2948.164681 2970.090995 2988.160101 2998.122937 3005.521272 3014.237238 2997.334020 3009.264154 3023.193284 3040.552418
3031.712811 3024.481003 3014.840853 3005.437829 2997.051972 3016.888072 3011.222879 3013.057177 3006.492981 3000.263012 2979.860351 2928.988914 2912.452953 2893.702143 2877.518538 2870.821370 2862.459504 2848.711987 2839.730281 2834.447955 2833.829316 2822.952330 2867.259822 2849.512407 2843.944006 2839.700453 2824.641434 2822.684583 2823.833586 2836.112959 2829.724980 2827.197593 2828.062207 2825.972896 2828.277088 2841.793728 2851.413476 2859.093690 2866.568437 2870.476151 2880.894841 2824.927663 2829.742539 2846.596164 2858.520974 2874.735671 2895.532889 2916.876835 2931.666245 2941.445454 2952.184147 2966.475180 2982.876253 3000.616743 3022.047309
3001.230758 3015.581466 3002.137592 2987.793078 2975.117830 2963.426159 2948.350690 2949.565516 2946.649264 2936.810286 2889.554280 2851.973491 2881.572279 2863.004986 2838.625616 2824.384765 2808.119291 2772.391412 2755.000507 2751.971650 2763.049316 2757.327603 2742.699191 2729.950974 2720.541841 2711.632592 2695.111089 2679.176040 2684.652172 2701.116780 2700.496009 2702.491314 2709.451077 2708.903229 2703.638114 2703.940013 2717.266542 2724.260959 2735.883331 2752.616436 2758.342529 2772.655417 2805.380777 2820.123220 2836.946797 2857.658833 2880.057168 2837.064730 2855.383534 2869.452711 2884.690573 2899.601787 2916.336547 2936.959643 2959.861764
2980.880175 2952.242511 2931.717829 2914.679746 2899.498037 2874.428009 2854.021083 2851.378072 2844.714303 2821.820789 2829.471105 2791.457763 2766.613939 2743.905687 2719.509920 2695.969573 2659.237767 2624.721624 2602.716827 2614.640925 2624.051903 2631.963594 2619.647532 2608.049382 2598.019963 2581.027184 2564.462695 2549.364266 2559.522056 2568.080234 2583.936454 2589.965954 2594.054189 2599.261731 2598.312770 2589.924970 2588.451941 2597.393811 2608.191046 2620.659410 2640.820518 2676.863484 2703.034558 2722.490594 2744.683549 2765.810474 2789.244328 2812.999084 2837.156671 2855.809034 2875.808863 2828.809631 2846.148787 2866.030457 2889.670188
2907.100996 2879.132077 2852.811069 2833.338926 2861.465038 2816.349197 2800.131105 2789.761928 2769.294113 2724.274727 2682.816028 2655.789341 2639.042328 2614.751285 2592.207262 2563.156374 2530.061115 2506.692841 2485.844306 2494.618545 2503.451394 2520.535785 2510.619081 2502.320037 2498.182639 2482.839186 2469.256903 2453.321327 2459.908288 2471.380368 2493.052494 2498.648557 2502.806350 2511.785729 2511.331831 2507.797217 2493.332847 2501.250853 2512.678821 2527.983066 2558.760011 2582.410230 2606.362228 2629.243414 2650.344749 2675.268070 2699.885657 2724.854640 2752.984407 2774.414092 2795.090100 2817.212357 2838.509307 2856.055672 2875.436505
2858.385098 2833.108181 2811.749313 2786.732328 2746.119258 2701.360913 2660.043264 2635.466059 2586.551532 2551.149090 2526.242795 2520.536228 2506.243725 2485.117778 2464.822107 2443.983162 2420.685030 2400.552856 2375.503673 2380.063223 2394.536817 2410.368487 2409.432414 2408.908498 2406.815614 2396.877710 2383.304023 2369.656764 2373.327425 2389.879104 2407.603684 2417.063709 2424.691671 2432.661560 2432.844203 2424.478744 2415.380158 2420.924753 2436.560164 2453.897180 2473.287011 2495.179902 2517.407919 2539.022918 2562.706788 2586.451105 2610.926589 2637.451751 2667.355371 2690.273481 2715.653182 2741.873277 2761.169637 2772.846070 2784.197345
2749.131939 2728.292500 2704.032913 2675.890031 2632.512796 2591.767013 2550.367930 2504.882178 2471.058533 2440.650883 2430.379987 2413.912832 2399.173233 2383.472047 2362.864014 2345.672555 2329.716730 2308.115742 2295.693379 2302.124073 2315.151338 2323.874611 2329.338728 2326.851353 2324.229606 2318.020388 2304.133803 2298.313228 2307.889164 2323.134892 2337.209975 2348.515117 2355.550291 2361.173226 2358.526380 2349.986724 2346.650479 2355.239437 2371.150969 2385.400728 2401.399372 2422.866881 2444.518996 2467.121813 2490.726884 2513.925246 2539.643344 2566.059532 2592.933451 2620.901842 2645.017886 2667.658802 2679.083494 2690.869980 2694.575213
2617.125485 2603.629603 2577.508465 2548.839923 2518.715533 2483.985975 2457.585843 2425.350240 2394.863138 2365.436469 2339.659836 2325.897874 2318.529867 2305.014022 2287.394282 2275.595054 2259.665176 2247.443995 2251.599494 2253.047718 2261.692500 2260.454249 2261.140891 2258.445819 2257.625421 2254.780362 2247.398904 2257.889113 2264.706414 2278.453490 2288.729786 2298.462498 2304.522543 2308.433838 2309.468234 2304.954588 2310.497454 2317.217397 2331.477367 2343.161552 2357.489619 2378.035184 2395.450949 2415.098658 2438.424442 2462.273863 2487.203283 2513.840592 2542.624757 2568.332580 2587.730574 2596.185937 2607.157990 2611.426029 2603.590544
