tests/Borden05m/sims/sim_1/output-maps/psiliqL0020N0014.asc
ncols         160
nrows         34
xllcorner     620200.000000
yllcorner     5168000.000000
cellsize      0.500000
NODATA_value  -9999.0
[rows 0 to 24 of 34, columns 0 to 54 of 160]
-9999.0 -9999.0 -9999.0 -9999.0 -9999.0 -9999.0 -9999.0 -9999.0 -9999.0 -9999.0 -9999.0 -9999.0 -9999.0 -9999.0 -9999.0 -9999.0 -9999.0 -9999.0 -9999.0 -9999.0 -9999.0 -9999.0 -9999.0 -9999.0 -9999.0 -9999.0 -9999.0 -9999.0 -9999.0 -9999.0 -9999.0 -9999.0 -9999.0 -9999.0 -9999.0 -9999.0 -9999.0 -9999.0 -9999.0 -9999.0 -9999.0 -9999.0 -9999.0 -9999.0 -9999.0 -9999.0 -9999.0 -9999.0 -9999.0 -9999.0 -9999.0 -9999.0 -9999.0 -9999.0 -9999.0
-9999.0 -9999.0 -9999.0 -9999.0 -9999.0 -9999.0 -9999.0 -9999.0 -9999.0 -9999.0 -9999.0 -9999.0 -9999.0 -9999.0 -9999.0 -9999.0 -9999.0 -9999.0 -9999.0 -9999.0 -9999.0 -9999.0 -9999.0 -9999.0 -9999.0 -9999.0 -9999.0 -9999.0 -9999.0 -9999.0 -9999.0 -9999.0 -9999.0 -9999.0 -9999.0 -9999.0 -9999.0 -9999.0 -9999.0 -9999.0 -9999.0 -9999.0 -9999.0 -9999.0 -9999.0 -9999.0 -9999.0 -9999.0 -9999.0 -9999.0 -9999.0 -9999.0 -9999.0 -9999.0 -9999.0
-9999.0 -9999.0 -9999.0 -9999.0 -9999.0 -9999.0 -9999.0 -9999.0 -9999.0 -9999.0 -9999.0 -9999.0 -9999.0 -9999.0 -9999.0 -9999.0 -9999.0 -9999.0 -9999.0 -9999.0 -9999.0 -9999.0 -9999.0 -9999.0 -9999.0 -9999.0 -9999.0 -9999.0 -9999.0 -9999.0 -9999.0 -9999.0 -9999.0 -9999.0 -9999.0 -9999.0 -9999.0 -9999.0 -9999.0 -9999.0 -9999.0 -9999.0 -9999.0 -9999.0 -9999.0 -9999.0 -9999.0 2103.730698 2086.728309 2072.656434 2069.459018 2091.611083 2115.299136 2139.586967 2160.606634
-9999.0 -9999.0 -9999.0 -9999.0 -9999.0 -9999.0 -9999.0 -9999.0 -9999.0 -9999.0 -9999.0 -9999.0 -9999.0 -9999.0 -9999.0 -9999.0 -9999.0 -9999.0 -9999.0 -9999.0 -9999.0 -9999.0 -9999.0 -9999.0 -9999.0 -9999.0 -9999.0 -9999.0 -9999.0 -9999.0 -9999.0 -9999.0 -9999.0 -9999.0 -9999.0 -9999.0 -9999.0 -9999.0 -9999.0 -9999.0 2151.551744 2157.662373 2158.384601 2148.634293 2137.763927 2125.109640 2105.068845 2087.742862 2074.169919 2072.389933 2075.393001 2079.620675 2101.621372 2127.198170 2147.498271
-9999.0 -9999.0 -9999.0 -9999.0 -9999.0 -9999.0 -9999.0 -9999.0 -9999.0 -9999.0 -9999.0 -9999.0 -9999.0 -9999.0 -9999.0 -9999.0 -9999.0 -9999.0 -9999.0 -9999.0 -9999.0 -9999.0 -9999.0 -9999.0 -9999.0 -9999.0 -9999.0 -9999.0 -9999.0 -9999.0 -9999.0 -9999.0 -9999.0 -9999.0 2057.841551 2075.230018 2093.582440 2112.484807 2129.755844 2137.020290 2142.989315 2148.791371 2144.758941 2140.661023 2129.560044 2109.808647 2090.817065 2077.946032 2076.891908 2074.937567 2079.332750 2091.974814 2109.193342 2125.248018 2146.460111
-9999.0 -9999.0 -9999.0 -9999.0 -9999.0 -9999.0 -9999.0 -9999.0 -9999.0 -9999.0 -9999.0 -9999.0 -9999.0 -9999.0 -9999.0 -9999.0 -9999.0 -9999.0 -9999.0 -9999.0 -9999.0 -9999.0 -9999.0 -9999.0 -9999.0 -9999.0 -9999.0 -9999.0 2060.820861 2055.195277 2050.730194 2049.710886 2048.848713 2048.284746 2055.305157 2067.201013 2085.105762 2107.474883 2121.090594 2128.780495 2135.954270 2136.901667 2131.856627 2130.502476 2131.414535 2119.613987 2108.082969 2097.320097 2086.896137 2085.007135 2094.747186 2109.490049 2126.256217 2141.503270 2157.345681
-9999.0 -9999.0 -9999.0 -9999.0 -9999.0 -9999.0 -9999.0 -9999.0 -9999.0 -9999.0 -9999.0 -9999.0 -9999.0 -9999.0 -9999.0 -9999.0 -9999.0 -9999.0 -9999.0 -9999.0 -9999.0 -9999.0 -9999.0 2029.249559 2034.842469 2041.793680 2049.856505 2051.277156 2047.998620 2042.970263 2040.660650 2039.775469 2038.328408 2043.377467 2051.338629 2065.044940 2081.053473 2103.670273 2112.593954 2118.204662 2130.452396 2134.231075 2141.620514 2146.129746 2144.839966 2141.816582 2128.509475 2118.484264 2122.473893 2127.857050 2135.217329 2143.920827 2157.876205 2172.864937 2189.569119
-9999.0 -9999.0 -9999.0 -9999.0 -9999.0 -9999.0 -9999.0 -9999.0 -9999.0 -9999.0 -9999.0 -9999.0 -9999.0 -9999.0 -9999.0 -9999.0 -9999.0 -9999.0 -9999.0 2003.319558 2004.591916 2006.352095 2011.556998 2012.494476 2014.867603 2022.241184 2030.861018 2034.068125 2032.624772 2032.010121 2034.030773 2037.289678 2042.352098 2053.777607 2067.903807 2082.468557 2096.278238 2117.544644 2132.596742 2145.991446 2162.087772 2162.550983 2159.309808 2158.113191 2158.811855 2158.526032 2160.105648 2161.373872 2168.058860 2171.146445 2176.504727 2186.232716 2198.468414 2216.283980 2235.396426
-9999.0 -9999.0 -9999.0 -9999.0 -9999.0 -9999.0 -9999.0 -9999.0 -9999.0 -9999.0 -9999.0 -9999.0 -9999.0 -9999.0 -9999.0 -9999.0 1973.620984 1975.714330 1978.403036 1984.229216 1987.969509 1992.417881 1999.874401 2001.759056 2005.887702 2013.567325 2018.818479 2028.472813 2037.283406 2045.056854 2051.537663 2054.654175 2062.160018 2072.083794 2084.205068 2099.194764 2120.369291 2144.115738 2160.498031 2177.703458 2195.339370 2196.446403 2195.573110 2196.775925 2196.732831 2200.953234 2217.226378 2222.080700 2220.402518 2233.811650 2247.121955 2251.621027 2259.742289 2279.748606 2303.111208
-9999.0 -9999.0 -9999.0 -9999.0 -9999.0 -9999.0 -9999.0 -9999.0 -9999.0 -9999.0 -9999.0 -9999.0 -9999.0 1924.653924 1929.008553 1939.330330 1950.157830 1953.400993 1958.520817 1965.417697 1978.109548 1982.296080 1988.970112 1996.949827 2009.869432 2019.136653 2028.731642 2041.109812 2049.889149 2057.534283 2064.788947 2069.588642 2082.473882 2097.603388 2113.159700 2133.289763 2155.670621 2175.580600 2195.336149 2211.920112 2225.115458 2225.328841 2224.993238 2227.799598 2234.558898 2250.379847 2268.571930 2273.755514 2288.018527 2310.155202 2322.474776 2332.535795 2340.617100 2354.827512 2376.589003
-9999.0 -9999.0 -9999.0 -9999.0 -9999.0 -9999.0 -9999.0 -9999.0 -9999.0 -9999.0 1893.467940 1895.661236 1892.514383 1891.501679 1897.405234 1910.139009 1924.807119 1931.417365 1943.791214 1965.533909 1984.391677 1988.323744 2002.974524 2013.956293 2021.428726 2032.262890 2045.868287 2058.871193 2075.506866 2088.096337 2098.830319 2117.285091 2133.889244 2150.740087 2168.751493 2189.570441 2208.067385 2234.742959 2261.527338 2273.031915 2293.265508 2300.842272 2298.064845 2297.929385 2307.681346 2321.994372 2340.606560 2360.601778 2380.953916 2405.011774 2419.454379 2433.553597 2444.114018 2456.190438 2472.472154
-9999.0 -9999.0 -9999.0 -9999.0 -9999.0 -9999.0 -9999.0 -9999.0 1868.093443 1876.089997 1882.249519 1879.531809 1875.511087 1871.149936 1885.878691 1902.081545 1918.618775 1937.205364 1953.631662 1972.526532 1987.843354 2004.090950 2024.895868 2036.960232 2048.887677 2064.804306 2078.871164 2095.556272 2117.050426 2128.073839 2142.743184 2163.775453 2181.592160 2199.693753 2218.822079 2236.904535 2261.343766 2293.927704 2325.120265 2345.387238 2372.861825 2393.517015 2391.222141 2392.537043 2396.256185 2421.256686 2449.527997 2479.739265 2503.237397 2529.408248 2558.679711 2577.132653 2587.810594 2600.544478 2616.008757
-9999.0 -9999.0 -9999.0 -9999.0 -9999.0 -9999.0 1839.519225 1864.084064 1879.576029 1871.723525 1860.217100 1856.330737 1851.803074 1879.362282 1902.147649 1920.103124 1937.603552 1955.903862 1973.045798 1984.690339 2017.382196 2036.873607 2051.015221 2067.780406 2083.269578 2098.739422 2116.516932 2139.741504 2160.298581 2187.071195 2209.108410 2230.368219 2256.447080 2275.917740 2294.721226 2311.697313 2342.005459 2378.582359 2414.862988 2442.279991 2468.830260 2501.363073 2506.233898 2511.151981 2516.624581 2539.528412 2572.523713 2602.552740 2636.097490 2668.189659 2696.368130 2710.060307 2720.925750 2732.521268 2746.420540
-9999.0 -9999.0 -9999.0 -9999.0 1805.984359 1827.036734 1846.719811 1877.436180 1900.128914 1895.626163 1901.746918 1901.464803 1899.049403 1904.139761 1912.437061 1930.891681 1950.551327 1970.589811 1987.708238 2020.058907 2066.496026 2081.055425 2103.132403 2135.014324 2148.619165 2164.453332 2181.472746 2204.330885 2228.229584 2259.944270 2300.085514 2334.334368 2358.937911 2380.933237 2402.072735 2422.625500 2457.914363 2496.660287 2533.861744 2567.477792 2596.268754 2623.140006 2634.124218 2641.694089 2653.612740 2671.072586 2693.726181 2723.395161 2756.627068 2789.389339 2814.197152 2825.505252 2832.955926 2843.934764 2853.877538
-9999.0 -9999.0 -9999.0 1754.125549 1793.161426 1832.077507 1858.771367 1889.755451 1922.460708 1925.474726 1934.942522 1938.209219 1941.079250 1948.980857 1955.918665 1973.617843 1991.637297 2010.389687 2033.364757 2069.850532 2103.379214 2128.866455 2160.106861 2183.226219 2201.726033 2217.533721 2237.251416 2260.631969 2300.158721 2335.159449 2384.046062 2436.622185 2472.036190 2495.907301 2519.437936 2547.812222 2573.731530 2611.664873 2647.053046 2680.614482 2714.290520 2739.171329 2756.977018 2764.285861 2774.762058 2782.924614 2798.126194 2819.131951 2841.824293 2872.106175 2901.323335 2838.897703 2848.623662 2858.672964 2874.781478
-9999.0 -9999.0 1706.204739 1744.940774 1777.943196 1826.813375 1880.187831 1915.396876 1956.161760 1978.391596 1984.274461 1999.161342 2013.585850 2018.921955 2032.361402 2048.530014 2069.361615 2078.435226 2098.267514 2123.377372 2168.672765 2210.113728 2221.196839 2268.028369 2301.396313 2332.690970 2353.367310 2381.357868 2419.052087 2458.145289 2506.234410 2556.865929 2593.868832 2624.582173 2642.053688 2662.961222 2685.621780 2713.527828 2749.975672 2778.350190 2810.850707 2837.586364 2859.369090 2864.516250 2869.413208 2886.067362 2912.618685 2850.071831 2871.566024 2897.099191 2891.980046 2904.305249 2911.723448 2916.082160 2922.694567
-9999.0 -9999.0 1677.805280 1723.617773 1761.454281 1824.301097 1907.624179 1944.019426 1986.291718 2032.814159 2050.128923 2074.085304 2078.777079 2080.025458 2101.915825 2121.848224 2139.253700 2147.948090 2146.797331 2202.260448 2259.587398 2299.707994 2329.770957 2402.468159 2452.571022 2474.564198 2491.657337 2513.979661 2537.784641 2579.534959 2623.861253 2678.005290 2723.026545 2753.630602 2770.192453 2790.396357 2811.460540 2829.448995 2849.900447 2893.176039 2837.047470 2860.275232 2888.795640 2909.112573 2917.114519 2921.188135 2903.876673 2913.363212 2922.743046 2927.065632 2928.855262 2925.438664 2925.010808 2925.907616 2926.971349
-9999.0 1586.660820 1639.078766 1691.172999 1758.218318 1823.105281 1902.932461 1981.201837 2043.234571 2093.645281 2121.985054 2126.523988 2147.346621 2182.856034 2206.934688 2230.303896 2236.147456 2245.430722 2233.583371 2286.182130 2331.783592 2396.134609 2502.742005 2561.599321 2616.549372 2618.430008 2613.159168 2624.281262 2645.858155 2690.655708 2765.348184 2817.908011 2877.580110 2841.475104 2852.910102 2859.396446 2876.838792 2896.504486 2865.994728 2897.465209 2907.773410 2919.750145 2925.387906 2927.438385 2928.735916 2928.938195 2925.781758 2919.303352 2911.637390 2906.205017 2902.288304 2897.936004 2900.459156 2903.803689 2904.331393
-9999.0 1549.812324 1608.390866 1678.612424 1748.254238 1806.835498 1901.105823 2055.486270 2114.097058 2152.680154 2168.605017 2170.655888 2239.872650 2304.007545 2335.002865 2381.154396 2373.293007 2363.188348 2341.645060 2373.227972 2419.634756 2494.251947 2650.637811 2739.771399 2781.566048 2794.241327 2801.215840 2830.579958 2871.817435 2837.688886 2871.605420 2856.743431 2893.043076 2907.171768 2911.349856 2912.549077 2917.022589 2916.584150 2915.105834 2911.430174 2906.839596 2907.379342 2911.969995 2912.090964 2909.532686 2906.609070 2901.252611 2893.995402 2888.907234 2884.402287 2881.772700 2878.891464 2877.134236 2876.778188 2872.195072
-9999.0 1515.059021 1588.085424 1649.337404 1705.746625 1809.653140 1938.096091 2078.223806 2173.519971 2210.497933 2213.709031 2268.099064 2370.091554 2471.798935 2525.100989 2550.409754 2544.928499 2514.424704 2509.989873 2556.566081 2625.904078 2733.465777 2848.347991 2874.023099 2884.807289 2888.464710 2855.870111 2875.151814 2892.939973 2892.125261 2893.549845 2899.383208 2904.920625 2908.129544 2907.219038 2904.858372 2900.596022 2892.999169 2888.600993 2885.450197 2882.123089 2881.553209 2884.037034 2885.679146 2883.184432 2879.494638 2875.140914 2869.823431 2868.308801 2861.761688 2857.627378 2853.464622 2851.247230 2845.970979 2842.014864
-9999.0 1404.128307 1496.426846 1544.734174 1640.532788 1821.945895 1950.363191 2096.412561 2252.025525 2283.426620 2345.521410 2475.024848 2587.104046 2665.909188 2702.661748 2742.416252 2771.758277 2794.618383 2833.308832 2759.453276 2829.380970 2853.237060 2880.290343 2892.063854 2897.702121 2898.996602 2890.798540 2871.559362 2861.701483 2855.538742 2857.729034 2865.434445 2870.889809 2876.352358 2874.514081 2875.602347 2876.398795 2873.473292 2874.135532 2866.002252 2858.481993 2852.429151 2850.024523 2855.050247 2850.399892 2847.743924 2841.892826 2838.440487 2913.762443 2905.629766 2897.083329 2889.651886 2886.255146 2880.005385 2877.565738
-9999.0 1323.282829 1398.162737 1473.463280 1598.747641 1763.159605 1877.160662 2040.486569 2264.433840 2390.525404 2533.914394 2615.497420 2689.313183 2742.867172 2800.206893 2816.917487 2839.792686 2852.579622 2832.580172 2851.466839 2866.471637 2860.684203 2820.058764 2844.313639 2859.615987 2864.157063 2856.688093 2847.460249 2840.843417 2840.220423 2838.883378 2836.422280 2833.771166 2831.138192 2828.233765 2830.845211 2835.973141 2833.860816 2905.481830 2896.620684 2888.654972 2879.878069 2874.056750 2869.827858 2869.118582 2868.709631 2860.733189 2850.043489 2840.180949 2831.535368 2823.414121 2817.545049 2813.986151 2807.913805 2797.776623
-9999.0 1214.413426 1341.310421 1426.996492 1535.881010 1669.247025 1785.441760 1943.934811 2084.315276 2315.954339 2466.731164 2614.063757 2661.759729 2726.963933 2781.332333 2819.747857 2820.056485 2831.363483 2797.007010 2785.598010 2798.185122 2811.107282 2824.861113 2844.899471 2865.111119 2877.316207 2882.847179 2877.808188 2865.368503 2855.640298 2847.670472 2836.715454 2829.082871 2827.664839 2830.273035 2838.895338 2840.312302 2831.367561 2819.206635 2802.009431 2787.104778 2775.796426 2773.132122 2774.876222 2775.043485 2770.789956 2764.006967 2752.936361 2740.103964 2727.537886 2720.326576 2714.659417 2706.611875 2694.837123 2680.680281
-9999.0 -9999.0 1261.014529 1370.906971 1472.119218 1589.454984 1692.585109 1824.174275 1970.066644 2146.997133 2264.678267 2418.857343 2503.287389 2549.518138 2592.683976 2650.022132 2674.462677 2703.111326 2695.373626 2706.789241 2718.435580 2727.297633 2737.699097 2749.075687 2763.286174 2775.156247 2785.732746 2784.691021 2776.902001 2759.061745 2736.878793 2719.754115 2710.514273 2702.697817 2713.400508 2725.240412 2720.974411 2714.166902 2701.830239 2684.328306 2671.276543 2657.122146 2653.221981 2652.963835 2652.860582 2649.762138 2645.667697 2632.374169 2619.276803 2607.861935 2602.458881 2595.891394 2590.663786 2579.757772 2568.540430
-9999.0 -9999.0 1174.721864 1281.283072 1389.950559 1510.552447 1603.252505 1649.508700 1794.369827 1904.820226 2011.050534 2115.852674 2205.466506 2272.033892 2311.380582 2373.735409 2423.416686 2442.628134 2475.371866 2519.480543 2551.903088 2587.613890 2610.507055 2624.007037 2639.240007 2654.714497 2664.140582 2651.947420 2641.833332 2625.779802 2604.006460 2579.649003 2567.215150 2565.270170 2565.900475 2569.121035 2562.396809 2553.139622 2538.955221 2524.853936 2512.333218 2502.053696 2497.927307 2493.106613 2490.872946 2487.592036 2484.527613 2476.529013 2466.283715 2459.701974 2450.958850 2445.533521 2442.983145 2437.537417 2429.626631
