tests/Borden05m/sims/sim_1/output-maps/psiliqL0019N0006.asc
ncols         160
nrows         34
xllcorner     620200.000000
yllcorner     5168000.000000
cellsize      0.500000
NODATA_value  -9999.0
[rows 0 to 24 of 34, columns 0 to 54 of 160]
-9999.0 -9999.0 -9999.0 -9999.0 -9999.0 -9999.0 -9999.0 -9999.0 -9999.0 -9999.0 -9999.0 -9999.0 -9999.0 -9999.0 -9999.0 -9999.0 -9999.0 -9999.0 -9999.0 -9999.0 -9999.0 -9999.0 -9999.0 -9999.0 -9999.0 -9999.0 -9999.0 -9999.0 -9999.0 -9999.0 -9999.0 -9999.0 -9999.0 -9999.0 -9999.0 -9999.0 -9999.0 -9999.0 -9999.0 -9999.0 -9999.0 -9999.0 -9999.0 -9999.0 -9999.0 -9999.0 -9999.0 -9999.0 -9999.0 -9999.0 -9999.0 -9999.0 -9999.0 -9999.0 -9999.0
-9999.0 -9999.0 -9999.0 -9999.0 -9999.0 -9999.0 -9999.0 -9999.0 -9999.0 -9999.0 -9999.0 -9999.0 -9999.0 -9999.0 -9999.0 -9999.0 -9999.0 -9999.0 -9999.0 -9999.0 -9999.0 -9999.0 -9999.0 -9999.0 -9999.0 -9999.0 -9999.0 -9999.0 -9999.0 -9999.0 -9999.0 -9999.0 -9999.0 -9999.0 -9999.0 -9999.0 -9999.0 -9999.0 -9999.0 -9999.0 -9999.0 -9999.0 -9999.0 -9999.0 -9999.0 -9999.0 -9999.0 -9999.0 -9999.0 -9999.0 -9999.0 -9999.0 -9999.0 -9999.0 -9999.0
-9999.0 -9999.0 -9999.0 -9999.0 -9999.0 -9999.0 -9999.0 -9999.0 -9999.0 -9999.0 -9999.0 -9999.0 -9999.0 -9999.0 -9999.0 -9999.0 -9999.0 -9999.0 -9999.0 -9999.0 -9999.0 -9999.0 -9999.0 -9999.0 -9999.0 -9999.0 -9999.0 -9999.0 -9999.0 -9999.0 -9999.0 -9999.0 -9999.0 -9999.0 -9999.0 -9999.0 -9999.0 -9999.0 -9999.0 -9999.0 -9999.0 -9999.0 -9999.0 -9999.0 -9999.0 -9999.0 -9999.0 1903.550201 1886.588889 1872.419437 1869.510887 1891.885664 1915.703972 1940.087060 1961.193892
-9999.0 -9999.0 -9999.0 -9999.0 -9999.0 -9999.0 -9999.0 -9999.0 -9999.0 -9999.0 -9999.0 -9999.0 -9999.0 -9999.0 -9999.0 -9999.0 -9999.0 -9999.0 -9999.0 -9999.0 -9999.0 -9999.0 -9999.0 -9999.0 -9999.0 -9999.0 -9999.0 -9999.0 -9999.0 -9999.0 -9999.0 -9999.0 -9999.0 -9999.0 -9999.0 -9999.0 -9999.0 -9999.0 -9999.0 -9999.0 1950.752897 1956.922461 1957.848727 1948.153909 1937.405437 1924.979964 1905.080617 1887.750435 1874.122896 1872.407773 1875.556467 1880.107929 1902.388753 1928.022394 1948.404008
-9999.0 -9999.0 -9999.0 -9999.0 -9999.0 -9999.0 -9999.0 -9999.0 -9999.0 -9999.0 -9999.0 -9999.0 -9999.0 -9999.0 -9999.0 -9999.0 -9999.0 -9999.0 -9999.0 -9999.0 -9999.0 -9999.0 -9999.0 -9999.0 -9999.0 -9999.0 -9999.0 -9999.0 -9999.0 -9999.0 -9999.0 -9999.0 -9999.0 -9999.0 1856.658775 1874.141815 1892.592255 1911.584762 1928.946193 1936.291130 1942.335532 1948.267879 1944.398447 1940.417875 1929.491427 1910.043342 1891.181299 1878.365421 1877.373494 1875.587370 1880.223402 1893.152900 1910.557717 1926.867403 1948.254919
-9999.0 -9999.0 -9999.0 -9999.0 -9999.0 -9999.0 -9999.0 -9999.0 -9999.0 -9999.0 -9999.0 -9999.0 -9999.0 -9999.0 -9999.0 -9999.0 -9999.0 -9999.0 -9999.0 -9999.0 -9999.0 -9999.0 -9999.0 -9999.0 -9999.0 -9999.0 -9999.0 -9999.0 1859.418309 1853.804367 1849.345186 1848.374084 1847.579384 1847.064648 1854.152637 1866.210935 1884.308377 1906.774570 1920.504692 1928.335688 1935.633637 1936.770455 1931.970329 1930.783718 1931.888000 1920.373440 1909.120201 1898.641804 1888.526485 1887.026911 1897.085248 1912.076296 1929.089545 1944.589200 1960.659143
-9999.0 -9999.0 -9999.0 -9999.0 -9999.0 -9999.0 -9999.0 -9999.0 -9999.0 -9999.0 -9999.0 -9999.0 -9999.0 -9999.0 -9999.0 -9999.0 -9999.0 -9999.0 -9999.0 -9999.0 -9999.0 -9999.0 -9999.0 1828.181183 1833.805431 1840.713010 1848.720391 1850.104480 1846.724724 1841.687536 1839.386792 1838.556018 1837.236234 1842.378862 1850.543080 1864.442036 1880.663269 1903.431460 1912.585604 1918.557018 1931.097469 1935.030549 1942.498647 1947.294954 1946.316822 1943.714078 1930.943159 1921.463539 1926.065654 1931.987504 1939.729767 1948.782767 1963.098427 1978.560402 1995.755478
-9999.0 -9999.0 -9999.0 -9999.0 -9999.0 -9999.0 -9999.0 -9999.0 -9999.0 -9999.0 -9999.0 -9999.0 -9999.0 -9999.0 -9999.0 -9999.0 -9999.0 -9999.0 -9999.0 1802.763446 1803.955575 1805.596514 1810.681213 1811.523655 1813.857040 1821.203554 1829.808677 1832.961504 1831.568393 1830.958518 1833.070533 1836.444741 1841.627698 1853.288049 1867.646042 1882.461754 1896.620512 1918.192855 1933.584556 1947.407311 1963.897433 1964.607448 1961.692772 1960.874881 1962.055781 1962.403709 1964.963599 1967.069310 1974.316633 1978.304062 1984.463615 1994.765373 2007.507288 2025.961683 2045.718050
-9999.0 -9999.0 -9999.0 -9999.0 -9999.0 -9999.0 -9999.0 -9999.0 -9999.0 -9999.0 -9999.0 -9999.0 -9999.0 -9999.0 -9999.0 -9999.0 1773.615857 1775.649351 1778.214015 1783.865645 1787.428438 1791.787785 1799.157317 1800.941660 1805.047460 1812.709677 1818.004984 1827.654510 1836.506026 1844.408465 1851.049918 1854.380514 1862.201024 1872.439952 1884.922600 1900.394499 1922.094949 1946.241100 1963.139415 1980.830966 1998.933163 2000.533112 2000.228640 2002.066114 2002.811757 2008.152658 2025.424089 2031.265254 2030.925791 2045.715893 2060.017255 2065.462429 2074.259696 2094.843636 2118.945985
-9999.0 -9999.0 -9999.0 -9999.0 -9999.0 -9999.0 -9999.0 -9999.0 -9999.0 -9999.0 -9999.0 -9999.0 -9999.0 1725.367260 1729.714955 1739.919346 1750.420575 1753.531889 1758.501732 1765.236999 1777.846756 1781.960838 1788.601195 1796.570651 1809.396436 1818.678748 1828.368170 1840.863450 1849.832808 1857.706968 1865.270813 1870.606038 1884.000946 1899.648898 1915.793665 1936.549336 1959.530999 1980.254651 2000.882734 2018.089109 2032.118633 2033.382650 2033.725921 2037.304742 2045.143138 2062.141871 2081.506508 2088.473150 2104.586519 2128.064230 2141.734638 2153.158918 2162.335105 2177.321146 2199.855092
-9999.0 -9999.0 -9999.0 -9999.0 -9999.0 -9999.0 -9999.0 -9999.0 -9999.0 -9999.0 1693.839936 1696.145535 1693.057754 1692.229548 1698.070488 1710.764683 1725.310461 1731.959624 1744.236597 1765.874148 1784.593337 1788.523861 1803.245553 1814.195847 1821.694021 1832.675816 1846.457136 1859.739376 1876.778310 1889.786816 1901.168760 1920.373189 1937.595200 1955.103832 1973.860686 1995.450260 2015.121344 2043.090941 2070.873830 2083.622611 2105.207335 2114.375125 2112.615328 2113.614851 2124.418630 2140.324110 2160.793188 2182.870577 2205.065935 2230.895914 2247.310327 2262.783341 2274.559913 2287.759979 2304.989798
-9999.0 -9999.0 -9999.0 -9999.0 -9999.0 -9999.0 -9999.0 -9999.0 1668.479700 1676.482739 1682.780633 1680.192352 1676.275156 1672.164894 1686.880791 1703.169935 1719.752577 1738.282276 1754.741318 1773.616450 1789.040812 1805.416225 1826.182168 1838.363688 1850.483049 1866.599032 1880.975532 1898.197577 1920.196565 1932.152799 1947.893934 1969.780878 1988.634954 2007.703772 2027.844035 2047.124956 2073.119432 2107.184936 2139.847306 2161.876269 2190.724009 2213.119297 2212.392411 2215.247719 2220.525142 2247.204220 2277.330108 2309.382889 2334.918482 2363.088523 2394.067244 2414.088402 2426.047761 2439.844448 2456.252287
-9999.0 -9999.0 -9999.0 -9999.0 -9999.0 -9999.0 1639.899675 1664.559763 1680.175441 1672.557082 1661.610636 1658.063037 1653.927154 1681.033657 1703.950821 1722.039726 1739.669725 1758.063511 1775.298738 1787.375116 1820.419322 1839.799709 1854.207109 1871.480083 1887.154253 1902.901902 1921.153551 1945.045367 1966.594582 1994.770364 2018.457801 2041.267622 2068.485378 2089.289819 2109.511388 2128.249019 2160.351513 2198.805191 2236.858566 2266.185609 2294.447921 2328.036086 2334.782639 2341.330825 2348.668225 2372.909413 2407.451009 2439.569701 2475.051883 2508.953804 2538.602645 2553.256200 2565.310707 2577.839466 2592.463633
-9999.0 -9999.0 -9999.0 -9999.0 1606.059530 1627.225100 1647.191842 1678.166307 1701.161191 1696.955484 1703.611699 1703.875089 1702.046672 1707.377990 1715.884109 1734.675060 1754.503454 1774.657098 1792.201227 1825.269375 1871.532693 1886.550906 1909.357503 1941.643102 1955.745317 1972.074773 1989.683535 2013.454455 2038.900825 2072.012933 2114.035371 2150.161479 2176.448391 2200.279817 2223.193174 2245.866367 2282.896669 2323.343622 2362.487884 2398.125633 2429.039669 2457.335826 2470.108983 2479.210904 2492.655764 2511.565596 2535.777681 2566.602011 2601.248951 2635.475488 2661.769750 2675.197389 2683.766725 2695.432201 2706.007668
-9999.0 -9999.0 -9999.0 1554.520893 1593.620572 1632.540998 1659.589015 1690.943103 1724.021464 1727.912528 1737.946431 1742.231521 1746.192266 1754.921742 1762.810583 1780.981441 1799.174026 1817.857580 1841.051703 1877.935027 1912.083481 1938.729206 1970.539345 1994.833660 2014.364110 2030.966247 2051.424907 2076.050566 2116.848313 2153.719951 2204.443813 2258.774660 2296.200919 2321.900832 2347.190416 2377.451117 2405.365147 2445.332534 2482.767264 2518.281017 2553.135104 2579.569043 2598.908683 2607.588271 2619.255931 2628.946065 2645.856504 2668.895604 2692.919009 2724.252739 2754.684707 2784.764110 2800.938254 2812.465583 2829.663987
-9999.0 -9999.0 1506.628872 1545.297701 1578.682761 1628.078999 1681.767931 1717.353714 1758.817010 1782.171938 1789.183812 1805.525834 1821.317971 1828.033796 1842.791800 1859.943503 1880.867737 1890.095579 1909.888314 1936.459846 1983.034519 2025.695389 2039.174640 2087.327456 2121.451297 2153.056183 2174.424849 2203.560754 2242.370314 2283.601440 2333.409929 2385.764259 2425.097471 2457.863597 2477.226169 2499.977754 2524.852685 2553.994174 2592.016746 2622.256041 2656.486340 2684.411145 2707.292249 2713.813355 2719.855642 2737.558875 2765.155666 2796.722606 2824.757320 2851.839104 2850.148937 2867.871411 2876.532377 2881.776115 2888.865003
-9999.0 -9999.0 1478.542467 1524.311492 1562.834664 1626.706313 1709.875093 1747.126691 1790.458345 1838.022800 1856.969381 1882.539013 1890.143729 1894.437018 1917.925269 1939.417676 1956.766914 1965.851125 1965.530019 2021.615929 2079.657766 2122.312610 2156.196696 2228.524115 2278.683551 2300.902935 2318.421035 2342.000617 2367.646918 2411.419620 2458.299842 2514.190492 2560.671704 2593.654376 2612.109065 2633.880578 2656.674252 2676.468055 2698.340553 2742.544907 2777.236504 2806.963846 2837.199236 2859.258904 2869.021531 2874.685893 2860.526694 2875.858024 2886.695909 2892.352636 2895.435499 2893.406153 2893.952246 2895.553857 2897.111725
-9999.0 1387.715434 1440.175888 1492.645945 1560.326240 1626.104801 1707.215168 1786.721367 1849.046353 1900.471303 1930.898445 1939.052210 1965.050219 2003.955155 2030.223489 2055.706220 2062.218179 2071.669612 2061.021038 2113.479645 2160.538160 2227.484383 2335.158708 2394.422430 2448.475061 2451.702125 2448.020519 2461.033266 2484.729497 2531.414942 2606.341940 2659.809220 2720.359767 2768.995107 2787.923231 2797.628799 2817.905865 2840.236352 2815.522205 2847.576654 2863.788447 2877.242874 2883.972434 2887.492133 2890.248062 2891.966151 2890.359118 2885.557996 2879.308619 2875.120179 2872.264056 2868.754005 2871.871689 2875.556045 2876.239668
-9999.0 1351.127408 1409.967714 1480.629377 1550.876205 1611.735983 1708.522453 1861.913702 1921.209329 1961.699986 1981.578609 1990.473095 2064.367501 2131.783232 2165.928256 2213.734665 2207.887674 2198.879216 2179.783879 2212.315480 2260.000295 2334.978091 2489.421233 2578.345209 2618.686137 2632.406422 2640.923652 2671.375621 2713.722076 2759.649368 2800.698884 2792.161200 2829.871220 2850.458717 2857.718971 2861.632819 2868.321395 2870.170974 2870.577189 2868.702261 2865.851772 2867.782322 2873.553624 2874.843047 2873.472249 2871.768483 2867.626119 2861.513578 2857.316520 2853.729790 2851.843211 2849.471226 2847.996594 2847.667108 2842.792911
-9999.0 1317.333366 1390.127069 1452.039410 1510.458750 1616.967712 1745.869143 1886.477682 1983.287709 2023.135043 2033.615073 2094.757230 2200.585627 2305.140509 2361.480341 2389.392071 2387.169711 2359.864700 2357.848150 2404.720000 2473.873832 2578.573759 2690.009851 2780.692843 2799.015150 2806.655337 2780.061207 2801.748202 2822.100269 2828.854861 2833.935156 2842.466541 2850.808700 2856.671268 2858.063743 2857.693289 2855.167660 2849.058919 2845.754857 2843.697257 2841.349171 2841.692084 2845.027963 2847.420606 2845.808753 2843.038146 2839.605209 2834.888415 2829.286640 2823.272733 2819.664993 2815.762479 2813.454575 2807.793533 2802.820753
-9999.0 1208.564529 1300.228004 1350.049787 1449.849029 1630.555372 1759.657419 1908.003359 2064.063037 2100.164764 2168.929720 2301.380481 2417.323574 2500.168606 2541.798616 2585.079862 2616.600247 2641.055083 2679.885663 2612.707072 2680.879665 2757.531004 2793.665955 2812.728314 2821.759724 2826.669522 2821.967980 2806.056864 2799.314522 2796.234391 2801.156121 2811.280100 2818.934787 2826.317645 2826.088368 2828.446191 2830.182668 2827.740434 2824.372271 2816.536523 2809.382210 2803.756090 2801.855898 2807.381239 2803.262027 2801.181918 2795.923951 2788.327074 2778.640905 2771.415051 2763.823810 2757.020642 2753.822541 2747.344480 2744.284627
-9999.0 1127.721783 1203.099642 1281.320879 1409.492435 1574.572868 1692.635540 1858.348762 2081.692637 2209.410920 2353.737233 2438.978634 2518.529262 2578.952454 2641.971734 2697.806727 2728.464510 2743.465798 2729.467001 2748.112820 2715.399188 2710.714067 2732.877540 2763.895670 2782.076638 2789.487633 2784.685215 2777.917559 2773.760774 2775.428553 2776.229806 2775.803609 2774.909623 2773.676022 2771.780782 2775.029162 2780.412940 2773.987763 2763.075728 2754.051391 2746.001688 2737.216560 2731.512515 2727.693856 2727.426706 2727.793620 2720.849981 2711.258298 2701.919741 2694.234911 2686.824270 2681.257933 2677.647318 2671.002297 2659.949559
-9999.0 1020.833445 1146.797354 1234.337400 1346.143597 1480.899686 1600.142004 1761.289931 1905.680873 2138.443023 2295.018223 2440.101029 2492.555009 2561.948057 2622.057213 2698.892960 2705.553461 2680.186746 2647.758257 2636.491629 2647.823533 2660.350146 2674.284633 2694.392418 2714.467415 2726.815983 2732.565531 2728.060658 2716.421195 2707.707452 2700.816120 2690.834532 2683.960620 2683.113161 2685.788454 2694.362895 2695.930568 2686.760158 2673.621392 2656.018313 2640.714580 2629.110173 2626.177125 2627.861861 2628.268522 2624.631133 2618.528796 2608.351574 2596.382847 2584.630342 2577.784758 2572.170268 2563.840771 2551.300050 2536.223833
-9999.0 -9999.0 1067.523022 1177.868107 1280.855186 1399.941019 1506.445787 1641.815913 1790.744980 1971.565109 2093.173536 2247.542316 2334.802264 2385.761821 2434.429991 2495.244068 2521.869583 2551.075214 2543.394989 2554.402031 2565.467692 2573.917768 2584.216785 2595.724309 2610.019560 2621.992627 2632.642175 2632.076733 2624.740329 2607.659079 2586.379986 2570.045861 2561.299175 2553.937297 2564.536922 2576.250262 2571.989581 2564.769538 2551.791907 2533.908491 2520.013211 2505.268106 2500.927475 2500.545848 2500.498973 2497.666838 2493.877611 2481.120107 2468.526361 2457.404291 2452.123615 2445.445868 2439.600624 2427.684389 2414.826936
-9999.0 -9999.0 981.634499 1088.849147 1199.043419 1320.813139 1415.879920 1468.930823 1617.038297 1731.033392 1840.004819 1947.196274 2039.353411 2109.122801 2152.778685 2218.017007 2268.818421 2289.677151 2321.699033 2364.196001 2395.918608 2430.438459 2452.699864 2466.296810 2481.619598 2497.094074 2506.813788 2495.166974 2485.340706 2469.582891 2448.248948 2424.421545 2412.303211 2410.206255 2411.095960 2414.454938 2407.555047 2397.709483 2382.780883 2367.431024 2353.975802 2342.772016 2338.080901 2333.160369 2330.955464 2327.798991 2324.887588 2317.124938 2306.942162 2300.350175 2291.677902 2285.896534 2282.682068 2276.125939 2266.785941
