tests/Borden05m/sims/sim_1/output-maps/psiliqL0013N0004.asc
ncols         160
nrows         34
xllcorner     620200.000000
yllcorner     5168000.000000
cellsize      0.500000
NODATA_value  -9999.0
[rows 0 to 24 of 34, columns 56 to 111 of 160]
-9999.0 -9999.0 -9999.0 -9999.0 -9999.0 -9999.0 -9999.0 -9999.0 -9999.0 -9999.0 -9999.0 -9999.0 -9999.0 -9999.0 -9999.0 -9999.0 -9999.0 -9999.0 -9999.0 -9999.0 -9999.0 -9999.0 -9999.0 -9999.0 -9999.0 -9999.0 -9999.0 -9999.0 -9999.0 -9999.0 -9999.0 -9999.0 -9999.0 -9999.0 -9999.0 -9999.0 -9999.0 -9999.0 -9999.0 -9999.0 -9999.0 -9999.0 -9999.0 -9999.0 -9999.0 -9999.0 -9999.0 -9999.0 -9999.0 -9999.0 -9999.0 -9999.0 -9999.0 -9999.0 -9999.0 -9999.0
-9999.0 -9999.0 -9999.0 818.409992 812.982611 807.854068 803.076072 794.282387 785.196274 776.941970 773.121214 772.367080 771.741475 771.516369 776.925868 785.089400 792.885528 800.192909 802.744958 805.319082 807.687596 808.302618 807.199186 804.091665 800.912853 797.615841 796.184545 788.172891 776.852072 768.093248 765.379571 769.836436 774.340830 776.869206 782.742884 793.488086 804.287524 812.797510 824.623671 830.340743 835.326802 838.137983 833.864022 830.132437 826.137231 820.869067 809.729886 -9999.0 -9999.0 -9999.0 -9999.0 -9999.0 -9999.0 -9999.0 -9999.0 -9999.0
781.818876 801.912038 805.269679 794.101755 789.280864 786.117167 784.197311 779.453780 770.925509 765.805096 760.560147 758.869793 759.105731 759.353747 763.642197 773.961448 782.086840 786.995614 789.646277 792.385644 792.232676 791.844129 791.658282 788.905916 785.601172 782.318502 780.608986 781.096253 773.553356 768.107412 764.722554 763.094539 765.642825 768.063633 771.482061 780.992581 789.158838 797.307696 811.562071 823.886638 828.989576 826.305016 821.101143 817.068844 810.133705 799.857193 789.357308 779.547901 772.381658 766.654320 760.748173 766.543645 772.943928 782.626626 792.140585 803.947923
766.490251 786.730152 789.717313 779.140340 771.027546 766.175154 766.536259 769.254411 765.898842 761.441469 756.651168 765.339223 766.825322 768.165224 771.632641 774.883812 778.137463 781.019845 786.515036 795.647195 798.509876 799.191640 799.476267 797.780954 794.788252 793.091007 790.428730 785.305263 784.254080 784.565175 784.330125 789.311065 790.831983 792.591676 785.958740 789.540961 795.756250 802.585751 809.075105 815.659606 819.488015 816.008482 814.851169 806.124579 791.952295 780.482171 771.688790 769.502727 765.998000 757.828607 744.821326 751.622106 766.865891 771.171250 774.231566 785.647665
761.462947 773.411659 776.616586 771.845668 773.386633 775.181351 776.868379 775.485879 772.688822 770.922064 783.637023 793.276351 795.331544 798.502657 802.357901 801.926474 790.191206 787.912313 796.316106 806.789147 812.742255 813.146487 813.250815 811.364867 810.494256 810.221427 808.118850 808.934720 811.393705 811.390483 816.029664 821.694945 824.621216 816.893148 807.837316 808.707354 816.472635 824.605650 831.879837 842.411701 853.526503 852.189101 846.175739 836.700707 822.619041 798.678763 778.663709 767.333809 759.733022 752.089666 751.653609 748.213186 759.066831 760.336477 761.779075 769.609226
767.314637 788.761018 796.972624 791.410052 786.677292 784.216034 785.235553 785.665068 788.935529 801.646552 815.677360 830.485382 833.631952 836.567836 836.474994 827.671025 817.628646 813.979837 828.823896 845.132535 853.622988 854.547131 854.135114 861.253360 860.040994 858.425963 853.649827 855.793750 857.383492 867.369654 875.036276 882.150732 880.402655 868.487016 857.117999 855.578220 858.304398 861.515931 867.643123 877.725266 887.179099 881.696454 873.985609 863.281088 833.947739 806.095787 788.559658 788.054002 787.557848 782.067713 778.335720 774.544067 767.047191 766.036863 764.681480 763.571300
817.087413 837.474183 853.768121 848.590579 841.052911 831.340533 832.306762 835.699807 844.142450 857.567822 875.576949 900.196466 903.840426 907.742668 911.051226 900.268692 888.192920 877.132733 894.891076 905.295658 914.348114 916.623602 926.955224 937.175949 932.916942 925.139637 915.136649 921.591739 933.597424 948.765486 955.640830 959.589191 958.562663 947.642984 941.914567 940.276592 942.251144 939.673412 943.989683 954.045430 968.673987 967.540175 957.544140 933.869680 895.739236 860.122639 838.461594 842.820122 834.995317 827.383570 822.857482 808.229788 796.662559 795.960403 785.688082 778.778123
866.050155 885.159063 904.311349 900.574112 890.843788 878.369770 878.482675 886.506723 897.074404 916.735548 940.594124 965.750854 975.670068 980.283187 990.672921 984.743658 975.587348 967.303899 978.118239 990.473205 1002.840203 1013.433809 1026.819726 1038.885034 1029.928039 1018.447162 1013.691269 1019.040554 1038.690832 1055.933651 1061.286164 1062.899156 1065.989534 1057.306445 1050.594690 1043.667275 1038.217365 1032.267152 1028.076826 1045.775272 1061.533437 1058.899160 1034.255452 1008.345956 970.119268 930.368931 896.283855 893.800887 889.676492 887.359681 871.380323 855.076887 837.721584 827.261523 817.247319 802.090890
959.593058 981.807327 1004.464165 1007.219403 992.212053 985.631117 991.117288 1004.189665 1011.892741 1028.084509 1053.844254 1087.756379 1111.699040 1132.891379 1138.485042 1130.711436 1121.831342 1108.481920 1106.132978 1123.263735 1136.162536 1148.008391 1159.784878 1172.899220 1179.076702 1177.051467 1176.918585 1180.302922 1187.384194 1196.413169 1203.432855 1209.229489 1215.098250 1211.794118 1201.639259 1194.991687 1186.140297 1179.362661 1176.862926 1179.081752 1189.305705 1186.047563 1158.262752 1128.427004 1093.108753 1052.865235 1018.681067 998.590284 1001.995757 988.938892 969.238464 948.451563 912.495022 894.810039 877.624567 847.071090
1068.948669 1099.025952 1116.517701 1132.530171 1130.124922 1133.265876 1138.101976 1145.888753 1151.576092 1160.603716 1194.914990 1232.510122 1264.937694 1291.532563 1301.639999 1292.190220 1282.571116 1270.403816 1260.749492 1265.140469 1280.537579 1298.410168 1315.033024 1326.854808 1330.938456 1330.092821 1330.643231 1332.812986 1336.009562 1339.205254 1345.487210 1352.900680 1363.007455 1373.988602 1368.277244 1351.784327 1339.794232 1326.571317 1321.999070 1320.656674 1318.451662 1317.033155 1307.106866 1272.434046 1239.575592 1203.153113 1170.330732 1145.684843 1128.327263 1105.983752 1081.329067 1033.975322 992.389620 956.054546 927.094572 896.964081
1197.475511 1231.306010 1258.888710 1277.524486 1283.143454 1287.214992 1290.766301 1297.105295 1302.768311 1310.697078 1334.437148 1373.444961 1412.411461 1443.579598 1448.616793 1439.944552 1429.814972 1419.385027 1408.807686 1406.017002 1414.802878 1426.922174 1443.600537 1455.308291 1465.035321 1464.488221 1465.038344 1465.605353 1467.791496 1469.777619 1471.879685 1478.901896 1490.570912 1501.622570 1502.766065 1490.009738 1473.886510 1457.610445 1451.377263 1445.975600 1440.152927 1439.285148 1437.851076 1427.375603 1398.585763 1359.102970 1313.265602 1283.239241 1258.209523 1241.547348 1222.696818 1194.907301 1141.978698 1109.325786 1071.731234 1034.625511
1327.706145 1359.884650 1393.132048 1414.539024 1424.354411 1426.096121 1428.658694 1436.135072 1442.376797 1452.537791 1469.382989 1493.556877 1522.871958 1549.839516 1567.285542 1563.903707 1551.741626 1534.893982 1530.030467 1529.391244 1532.269105 1539.623341 1548.062672 1563.461480 1579.015379 1584.298399 1585.057383 1582.757262 1584.963334 1586.272916 1586.534300 1587.669462 1592.339183 1599.263570 1601.884849 1597.575444 1582.607350 1563.836863 1550.775756 1543.053228 1538.840292 1536.367780 1536.285321 1533.726175 1519.506523 1488.609166 1448.976370 1413.628636 1389.118220 1370.491124 1354.481935 1341.195753 1319.725977 1299.080446 1265.002054 1217.605433
1442.536878 1469.601331 1497.598910 1522.972696 1540.292356 1544.817115 1550.532094 1555.141735 1564.474311 1579.468786 1597.995338 1611.743731 1628.401096 1649.348695 1661.732770 1667.447923 1667.973390 1667.053748 1669.262312 1670.074909 1645.112752 1648.832941 1652.227105 1659.469221 1667.333784 1669.820099 1670.042560 1669.058326 1670.309737 1670.924265 1671.369342 1671.260474 1671.324455 1673.425921 1674.269539 1673.500484 1667.528700 1671.283337 1655.464563 1644.500702 1637.530384 1629.824337 1620.711778 1610.129021 1599.263015 1582.117766 1554.824958 1521.322352 1493.533162 1480.907492 1472.896100 1464.687422 1457.404529 1440.057854 1415.951744 1382.189361
1552.120669 1568.629074 1589.160283 1616.548119 1635.447274 1645.729053 1653.896233 1658.229156 1669.770002 1682.353217 1677.036564 1680.438596 1683.972879 1687.449950 1688.585282 1688.888055 1688.780415 1686.817086 1686.928966 1685.983059 1682.233857 1673.633555 1675.609333 1677.256031 1679.637705 1682.919520 1681.443762 1682.355890 1685.471943 1684.402816 1679.471017 1676.327271 1674.958434 1675.400394 1682.369560 1685.489401 1686.540506 1686.115518 1686.173486 1686.454934 1685.522791 1683.851470 1680.996530 1677.047469 1679.388404 1668.876622 1645.800935 1613.443509 1579.222244 1565.440913 1560.803790 1560.319581 1556.322504 1548.935964 1529.246512 1500.966633
1664.785022 1678.144553 1675.886143 1685.712133 1690.739941 1692.986196 1695.207661 1697.098491 1697.678579 1694.033197 1690.255262 1685.314605 1683.748070 1682.088633 1679.302751 1679.542651 1677.388742 1673.605964 1670.581440 1665.013556 1655.383163 1645.036127 1643.102069 1647.811742 1652.578095 1656.475510 1659.292891 1662.497067 1663.873957 1659.822369 1652.861451 1646.535365 1644.938016 1651.244382 1656.471403 1661.423122 1662.154847 1661.262492 1660.080986 1661.221242 1659.650357 1660.671604 1667.101498 1679.781800 1685.027195 1687.059591 1686.418791 1679.311869 1666.532040 1659.036977 1639.605822 1642.516384 1637.301814 1625.401066 1604.420527 1580.887030
1692.435018 1692.466411 1691.179753 1685.588560 1679.884396 1678.897476 1682.183400 1688.244956 1688.832047 1681.359762 1672.712381 1665.416006 1658.253062 1655.506678 1653.443167 1651.947577 1651.372202 1645.934123 1638.586281 1624.330553 1613.949896 1603.810150 1598.462092 1596.741393 1601.391498 1610.502790 1619.406563 1623.822873 1617.625164 1611.116308 1601.621022 1594.489894 1595.105475 1597.254690 1605.682152 1618.878702 1623.195812 1624.236134 1620.099435 1616.847758 1612.241036 1611.226135 1618.478832 1633.231763 1648.002540 1661.182142 1669.126898 1676.378930 1682.759492 1686.322968 1687.193527 1687.281763 1685.702459 1683.860749 1668.656443 1648.339915
1681.686169 1675.760603 1671.156564 1664.731588 1658.863273 1656.559005 1658.034839 1659.838803 1655.521428 1647.986608 1637.135629 1625.616499 1615.171985 1607.945253 1607.267903 1607.778147 1607.262404 1600.141789 1585.921138 1569.482135 1557.151594 1544.318868 1540.936974 1536.286140 1531.853027 1541.684985 1557.923460 1563.856868 1551.027691 1542.204593 1529.274093 1522.887753 1520.274776 1521.712319 1530.520365 1549.481754 1568.259113 1569.835138 1561.304601 1553.370967 1550.279276 1549.287629 1556.875341 1575.491845 1595.581248 1610.522527 1620.434018 1626.597241 1635.123339 1644.777736 1656.779605 1669.335759 1679.585731 1687.307353 1690.805270 1688.869093
1659.424300 1652.172607 1644.818333 1637.693401 1630.937485 1625.614078 1622.003555 1617.694328 1610.133267 1601.606436 1585.761630 1572.276607 1558.942344 1543.732824 1538.258297 1532.909743 1532.186110 1519.414173 1508.452576 1490.103135 1475.167461 1460.135752 1449.995336 1444.216901 1438.090132 1441.492853 1456.137215 1464.867601 1452.231779 1442.843931 1431.139916 1425.864132 1423.019035 1424.934157 1434.808910 1456.229098 1474.579039 1481.943768 1475.237607 1471.938091 1471.754195 1472.925472 1480.925004 1497.256080 1518.613785 1540.861363 1558.277527 1569.117927 1578.213100 1589.269187 1604.085011 1617.919285 1631.365012 1647.636943 1666.782818 1680.757817
1628.232648 1618.482042 1608.742311 1597.693211 1585.985091 1578.021583 1576.918147 1567.838685 1558.897496 1540.710439 1491.823570 1471.097658 1450.679126 1432.893459 1424.255530 1413.538743 1401.792013 1389.861481 1381.492294 1374.088052 1358.289902 1340.734106 1324.381677 1318.934484 1314.399969 1304.558656 1308.321506 1311.145074 1316.065585 1309.373974 1304.466140 1303.059505 1300.920598 1304.160243 1317.682726 1329.222978 1339.244610 1346.027792 1346.110116 1354.743410 1363.224758 1370.429795 1389.686437 1406.690011 1427.622065 1452.074658 1478.695875 1495.172015 1507.737405 1521.140079 1538.469661 1556.200566 1574.171874 1596.512439 1620.688500 1636.274006
1585.742886 1571.277572 1556.092608 1541.769592 1526.870797 1510.687114 1507.941107 1500.639501 1488.059588 1442.063919 1395.586445 1358.792035 1336.810955 1311.314539 1296.400265 1281.199515 1250.341288 1232.626607 1224.672976 1228.802621 1218.634004 1201.107410 1186.719591 1178.116869 1170.908272 1157.386458 1147.622743 1152.311066 1165.014834 1161.245768 1160.266226 1164.887288 1163.493348 1160.114613 1165.264660 1179.675393 1187.966430 1198.485721 1211.336371 1217.240903 1229.034365 1258.764494 1276.498388 1296.426149 1321.195201 1347.634038 1375.139508 1400.661293 1419.023625 1438.084578 1460.543150 1480.532332 1503.801728 1528.979471 1558.684373 1579.360466
1515.451060 1493.849802 1474.526662 1453.917208 1429.179818 1404.457062 1397.156431 1385.096269 1360.024599 1308.274088 1262.870703 1228.264748 1201.733026 1174.270952 1152.134866 1121.386025 1087.010385 1064.427658 1068.886538 1075.253981 1076.114984 1061.902403 1049.047956 1038.764709 1024.551006 1009.031572 997.072334 1005.767597 1014.325349 1023.557394 1027.437077 1031.248382 1034.165351 1033.165166 1028.445951 1033.047104 1042.043911 1052.733514 1063.980827 1079.102180 1110.358149 1137.122434 1157.579120 1182.148247 1206.692436 1234.262307 1263.595678 1291.371525 1313.856039 1338.234046 1363.007951 1389.380933 1415.222982 1444.253069 1476.885121 1504.443918
1428.333825 1397.949409 1370.893548 1339.443213 1295.633753 1275.861527 1261.923147 1243.280452 1201.228609 1154.170455 1116.025706 1089.078180 1061.368671 1035.470586 1006.546538 973.541773 946.110990 924.830500 930.893996 937.480418 949.037810 937.258701 926.429066 920.482211 905.669787 891.859146 877.319705 884.760836 894.839253 912.492592 916.797591 920.313259 927.474316 926.494749 923.964987 914.524845 923.122859 933.712414 947.702709 975.891041 1001.199998 1026.373790 1049.567486 1072.346868 1097.772017 1125.172245 1153.559974 1184.079301 1208.952473 1233.677806 1261.242517 1288.083861 1312.964538 1339.975161 1371.914249 1400.372953
1304.610253 1277.579428 1248.195580 1206.641322 1158.949074 1120.572524 1099.972501 1057.510325 1020.503479 983.951893 965.210900 944.879700 920.230064 897.353339 875.034692 848.461220 825.349155 800.639707 804.023157 816.372496 830.330244 825.137677 821.936750 818.926691 807.910742 794.322875 780.814665 784.461092 799.772934 816.681459 824.331366 831.049712 838.616679 838.731121 831.729829 823.277766 828.939965 843.201790 859.507690 880.514742 903.293888 925.974093 947.683439 971.898502 997.302764 1023.463048 1051.942749 1082.062646 1106.188297 1134.096647 1163.438772 1188.274643 1206.393054 1226.343277 1256.608603 1281.883689
1180.359094 1152.162788 1121.698126 1077.826184 1033.255904 988.539191 946.808072 911.709988 878.888497 860.524909 840.293690 821.379042 802.376871 780.541278 760.665968 741.574529 719.128618 701.697661 706.893632 719.794095 730.601288 733.679738 730.755700 727.772047 720.445725 706.770996 697.304792 705.916681 721.261788 736.025467 746.335195 753.082775 759.090406 756.396122 748.157467 742.646734 750.777737 766.360615 781.269837 798.610929 820.332606 842.078309 864.482749 888.102448 911.907703 938.299977 965.754255 993.986614 1022.367688 1048.685702 1073.777359 1088.905082 1104.809729 1116.754880 1137.905127 1161.968357
1043.851766 1016.022992 985.814041 951.163180 911.451451 879.911116 846.446561 814.289824 782.842730 756.353385 738.730269 728.378070 713.067021 693.505162 679.763806 662.611081 645.477923 645.639902 648.257787 659.079295 660.017311 660.636287 657.701560 656.647174 652.499171 642.272713 649.653423 657.089870 671.638007 682.380304 691.845738 698.059306 702.145831 702.143966 695.940794 699.657895 706.761618 721.346737 733.296420 748.464333 769.473860 787.285648 807.247951 830.002736 853.647849 878.606978 905.284818 934.194656 960.586244 982.175070 993.988550 1007.536412 1016.378445 1014.146487 1031.982207 1051.166262
