tests/Borden05m/sims/sim_1/output-maps/psiliqL0011N0017.asc
ncols         160
nrows         34
xllcorner     620200.000000
yllcorner     5168000.000000
cellsize      0.500000
NODATA_value  -9999.0
[rows 0 to 24 of 34, columns 0 to 56 of 160]
-9999.0 -9999.0 -9999.0 -9999.0 -9999.0 -9999.0 -9999.0 -9999.0 -9999.0 -9999.0 -9999.0 -9999.0 -9999.0 -9999.0 -9999.0 -9999.0 -9999.0 -9999.0 -9999.0 -9999.0 -9999.0 -9999.0 -9999.0 -9999.0 -9999.0 -9999.0 -9999.0 -9999.0 -9999.0 -9999.0 -9999.0 -9999.0 -9999.0 -9999.0 -9999.0 -9999.0 -9999.0 -9999.0 -9999.0 -9999.0 -9999.0 -9999.0 -9999.0 -9999.0 -9999.0 -9999.0 -9999.0 -9999.0 -9999.0 -9999.0 -9999.0 -9999.0 -9999.0 -9999.0 -9999.0 -9999.0 -9999.0
-9999.0 -9999.0 -9999.0 -9999.0 -9999.0 -9999.0 -9999.0 -9999.0 -9999.0 -9999.0 -9999.0 -9999.0 -9999.0 -9999.0 -9999.0 -9999.0 -9999.0 -9999.0 -9999.0 -9999.0 -9999.0 -9999.0 -9999.0 -9999.0 -9999.0 -9999.0 -9999.0 -9999.0 -9999.0 -9999.0 -9999.0 -9999.0 -9999.0 -9999.0 -9999.0 -9999.0 -9999.0 -9999.0 -9999.0 -9999.0 -9999.0 -9999.0 -9999.0 -9999.0 -9999.0 -9999.0 -9999.0 -9999.0 -9999.0 -9999.0 -9999.0 -9999.0 -9999.0 -9999.0 -9999.0 -9999.0 -9999.0
-9999.0 -9999.0 -9999.0 -9999.0 -9999.0 -9999.0 -9999.0 -9999.0 -9999.0 -9999.0 -9999.0 -9999.0 -9999.0 -9999.0 -9999.0 -9999.0 -9999.0 -9999.0 -9999.0 -9999.0 -9999.0 -9999.0 -9999.0 -9999.0 -9999.0 -9999.0 -9999.0 -9999.0 -9999.0 -9999.0 -9999.0 -9999.0 -9999.0 -9999.0 -9999.0 -9999.0 -9999.0 -9999.0 -9999.0 -9999.0 -9999.0 -9999.0 -9999.0 -9999.0 -9999.0 -9999.0 -9999.0 290.478404 273.128964 257.040545 255.083526 277.788807 301.190717 324.954125 345.535257 364.229419 383.256905
-9999.0 -9999.0 -9999.0 -9999.0 -9999.0 -9999.0 -9999.0 -9999.0 -9999.0 -9999.0 -9999.0 -9999.0 -9999.0 -9999.0 -9999.0 -9999.0 -9999.0 -9999.0 -9999.0 -9999.0 -9999.0 -9999.0 -9999.0 -9999.0 -9999.0 -9999.0 -9999.0 -9999.0 -9999.0 -9999.0 -9999.0 -9999.0 -9999.0 -9999.0 -9999.0 -9999.0 -9999.0 -9999.0 -9999.0 -9999.0 337.901328 343.796932 345.212608 334.605323 323.397412 311.422779 291.532986 273.742631 258.610028 255.992413 258.699235 264.165060 287.030192 311.557827 331.203329 348.490717 367.785064
-9999.0 -9999.0 -9999.0 -9999.0 -9999.0 -9999.0 -9999.0 -9999.0 -9999.0 -9999.0 -9999.0 -9999.0 -9999.0 -9999.0 -9999.0 -9999.0 -9999.0 -9999.0 -9999.0 -9999.0 -9999.0 -9999.0 -9999.0 -9999.0 -9999.0 -9999.0 -9999.0 -9999.0 -9999.0 -9999.0 -9999.0 -9999.0 -9999.0 -9999.0 245.651401 263.186073 281.307777 299.680972 316.355310 323.063747 328.921871 334.719575 330.697412 326.017277 314.749052 295.968140 276.446465 262.485921 260.189408 257.747576 262.198127 275.296127 292.123606 308.541881 329.598519 353.074427 362.467320
-9999.0 -9999.0 -9999.0 -9999.0 -9999.0 -9999.0 -9999.0 -9999.0 -9999.0 -9999.0 -9999.0 -9999.0 -9999.0 -9999.0 -9999.0 -9999.0 -9999.0 -9999.0 -9999.0 -9999.0 -9999.0 -9999.0 -9999.0 -9999.0 -9999.0 -9999.0 -9999.0 -9999.0 249.713061 243.838010 238.783692 237.343509 236.105892 235.013868 241.969973 254.238417 272.470835 294.094198 307.010783 314.239644 320.864515 321.692186 316.837247 314.810955 315.136878 303.487079 291.954933 281.175926 270.812475 269.586345 279.296207 293.417010 309.674144 324.666146 340.256036 352.385008 369.112295
-9999.0 -9999.0 -9999.0 -9999.0 -9999.0 -9999.0 -9999.0 -9999.0 -9999.0 -9999.0 -9999.0 -9999.0 -9999.0 -9999.0 -9999.0 -9999.0 -9999.0 -9999.0 -9999.0 -9999.0 -9999.0 -9999.0 -9999.0 219.883155 225.856896 232.417395 239.877206 240.837591 236.712385 231.125791 228.078393 226.615135 225.060023 229.579100 237.921552 251.666495 267.639831 289.462049 298.157609 304.628932 317.058421 319.626862 324.938327 329.048966 327.380568 324.758014 312.724066 303.886626 309.498177 315.745082 322.556595 330.507490 343.963056 359.799304 377.783592 398.734447 420.848434
-9999.0 -9999.0 -9999.0 -9999.0 -9999.0 -9999.0 -9999.0 -9999.0 -9999.0 -9999.0 -9999.0 -9999.0 -9999.0 -9999.0 -9999.0 -9999.0 -9999.0 -9999.0 -9999.0 194.709743 195.601112 196.726887 201.406380 202.381559 204.642158 211.712030 219.932311 222.225903 220.670626 219.210477 220.848400 223.652112 228.047289 239.600693 253.597807 267.940017 282.150579 303.205431 318.165485 332.146192 348.405850 347.535062 343.440424 341.584032 342.235271 342.922812 348.379816 352.014840 358.412157 364.168880 371.313871 380.866156 392.481770 411.459411 432.340031 453.412151 473.177326
-9999.0 -9999.0 -9999.0 -9999.0 -9999.0 -9999.0 -9999.0 -9999.0 -9999.0 -9999.0 -9999.0 -9999.0 -9999.0 -9999.0 -9999.0 -9999.0 166.092531 167.953248 170.123393 175.527992 178.225993 182.240800 189.192269 190.401647 194.305639 201.515999 206.576649 215.341475 223.404286 230.891565 237.022756 239.919366 247.761150 257.677318 269.860301 285.655888 307.710891 330.934163 347.596737 364.726604 382.020825 382.827042 382.003201 383.435197 384.508445 392.264087 410.788407 417.597610 420.853047 439.440578 454.463687 460.577275 468.921308 488.460172 513.421672 539.762163 571.798894
-9999.0 -9999.0 -9999.0 -9999.0 -9999.0 -9999.0 -9999.0 -9999.0 -9999.0 -9999.0 -9999.0 -9999.0 -9999.0 120.825072 124.980309 134.317137 142.958448 145.325462 149.420944 155.308139 167.538376 171.179740 177.499830 185.215785 196.933920 205.627264 215.004472 227.011939 235.704082 243.211040 250.628398 257.187567 271.121358 286.904138 303.261034 324.052471 346.425154 367.939575 389.498723 405.693926 420.443697 423.977573 423.154833 425.744448 434.461380 453.205140 473.417196 485.707748 507.235921 532.060982 547.364878 560.993193 571.056677 585.179120 607.394793 644.027266 681.641485
-9999.0 -9999.0 -9999.0 -9999.0 -9999.0 -9999.0 -9999.0 -9999.0 -9999.0 -9999.0 86.539780 89.028040 85.612204 85.985035 90.806388 102.759133 116.150319 122.949225 134.349358 155.094209 172.580249 176.227204 191.097589 201.336092 208.197762 219.076265 232.520399 245.817943 263.369924 276.508573 289.343239 310.229624 327.426682 344.636517 363.154090 384.037029 405.616755 436.280669 464.905716 479.997114 504.747177 518.752215 516.797313 517.864308 527.351247 545.776021 570.270942 597.498396 621.829807 649.647978 670.197161 685.858371 697.734566 711.273638 727.850958 761.901147 802.115041
-9999.0 -9999.0 -9999.0 -9999.0 -9999.0 -9999.0 -9999.0 -9999.0 62.342560 69.362669 75.599755 72.601549 67.995145 64.520082 77.821008 93.643946 109.648826 126.941096 143.002336 161.127303 176.829638 193.556055 213.362047 225.481565 237.643981 253.302188 267.495201 285.713518 307.789668 322.612683 341.774618 364.619335 384.978324 404.284582 424.209831 444.041068 473.557165 509.600201 544.078580 570.242436 600.165939 625.919938 627.274513 631.431486 637.348528 664.750814 696.161268 728.329481 756.281940 785.311198 815.434154 833.349363 844.468886 857.501185 873.138493 890.696939 917.186504
-9999.0 -9999.0 -9999.0 -9999.0 -9999.0 -9999.0 36.110130 60.242469 75.081203 67.274099 58.479229 55.086583 51.452587 72.388239 93.982531 111.022460 127.866442 145.441025 162.053418 176.419295 211.398622 228.837565 244.125834 263.796328 278.680910 293.638737 311.837409 336.339436 360.189326 393.164788 423.185040 450.852384 479.346736 501.200621 522.007575 543.137054 577.165265 617.029784 655.925763 687.356360 716.291536 747.250454 756.639829 763.441320 772.023484 792.267313 823.341921 853.921731 888.199756 920.620994 946.712309 958.720813 969.196884 980.632073 994.161693 1007.007751 1021.369236
-9999.0 -9999.0 -9999.0 -9999.0 2.733650 23.652247 44.020036 74.798535 97.396197 92.223715 99.364220 99.877487 98.526010 101.692444 108.080563 126.184774 144.421997 162.937863 181.715251 218.897692 262.267836 279.382314 306.167050 339.286638 354.223553 370.353382 387.375343 411.961514 442.220032 479.082789 527.472467 569.095981 598.045400 623.548623 646.661634 671.201729 705.921506 744.512517 782.119276 817.125633 847.674712 873.138446 887.127491 895.584217 907.539693 923.289885 943.892520 970.720796 1001.002299 1032.813119 1058.012868 1072.411043 1080.540145 1091.012049 1101.917889 1114.621607 1127.240919
-9999.0 -9999.0 -9999.0 -45.110353 -6.567640 30.660645 58.024903 89.022646 120.894293 126.751188 135.509015 141.623874 147.839067 156.929549 166.690819 183.594762 198.824677 213.251345 235.310021 272.960938 309.958573 343.845977 377.877851 408.527721 432.168346 449.567254 468.805520 494.948565 537.119370 578.697065 632.221171 687.912480 727.117711 753.370142 775.671506 802.806691 827.656150 862.888593 897.464192 930.066511 961.281304 986.011990 1005.571328 1013.882788 1023.023277 1031.911897 1048.721649 1069.952826 1091.500136 1119.750653 1147.480928 1170.370138 1183.418891 1192.638294 1207.885294 1223.149724 1235.205779
-9999.0 -9999.0 -91.791414 -54.535553 -19.633243 31.594997 84.366626 118.322192 159.365017 184.350277 191.813967 210.373806 227.577665 236.154740 253.118187 270.949044 286.565912 292.065263 307.514602 342.542965 396.693481 446.848690 476.943495 532.700086 567.577484 594.071594 611.082475 638.373058 673.981792 718.691110 769.166476 819.624552 859.364745 891.108553 907.361619 925.975055 948.648926 971.453580 1003.714951 1032.386856 1062.146766 1087.575896 1109.525607 1118.044981 1123.312092 1138.251609 1160.859872 1184.608371 1207.222450 1228.874630 1237.585578 1245.652019 1249.574193 1252.101964 1255.529434 1258.002670 1259.314474
-9999.0 -9999.0 -117.394397 -73.040050 -31.034269 37.927832 115.307133 153.119188 196.610166 242.151968 261.890810 286.844167 303.999222 319.562090 344.080140 368.144253 376.970277 382.706076 383.889061 440.928899 502.431192 562.886126 623.683069 687.796775 730.477889 744.136780 754.722543 774.982186 800.941586 845.598366 895.818226 948.345645 992.390961 1023.061416 1039.021682 1056.014476 1075.732512 1093.658007 1111.791111 1147.716391 1171.709385 1195.205129 1220.020110 1239.510507 1247.367622 1249.883778 1243.410824 1249.871530 1254.339992 1256.468311 1257.232791 1254.188493 1253.675656 1254.579963 1255.744578 1250.864114 1244.180181
-9999.0 -204.788992 -152.754810 -98.773102 -28.549326 40.456504 126.029304 207.225139 260.924498 306.356142 336.551432 354.825098 402.796488 450.335956 477.777246 506.718760 508.082382 510.917986 504.005603 551.772269 607.249381 690.333533 801.619531 855.765913 892.455052 894.479363 890.248822 903.961540 929.685037 972.770959 1037.394695 1083.571994 1133.250727 1170.296587 1184.298795 1190.383563 1206.873101 1225.732584 1224.108394 1239.909150 1247.258673 1253.505907 1254.259043 1255.990574 1257.002913 1257.205474 1254.088365 1247.785222 1239.827289 1233.808766 1229.316859 1224.416104 1226.514425 1229.696220 1230.499160 1223.330202 1214.798629
-9999.0 -239.355402 -179.223391 -106.808466 -34.727587 39.678571 149.570840 284.945603 335.870545 373.400612 402.494286 440.540134 524.651504 592.069216 628.227785 670.707372 667.565839 658.258423 652.795451 688.865197 742.819716 817.575527 947.660590 1026.411696 1043.416634 1052.235723 1058.943778 1083.529556 1117.804927 1152.240833 1184.545748 1197.390759 1219.207948 1230.592178 1235.082690 1237.510962 1240.997672 1242.268103 1240.877452 1238.223660 1234.480538 1235.372008 1239.730290 1239.815984 1237.008587 1233.559397 1227.460364 1219.131961 1212.411024 1206.328221 1202.283527 1198.320457 1196.192052 1196.064437 1191.591833 1185.412780 1175.528169
-9999.0 -265.540101 -195.488335 -130.266916 -59.140730 62.858818 187.437945 320.231462 412.791033 453.338081 493.132781 573.806995 671.991949 761.254398 809.393401 833.707142 840.516638 828.403050 840.068411 886.488126 951.281417 1034.206308 1108.639173 1173.512999 1181.783238 1181.754978 1167.525124 1176.777203 1187.429118 1193.828179 1201.216377 1209.431407 1219.715614 1225.916251 1226.968607 1225.483030 1221.894143 1215.045431 1210.862012 1208.268279 1205.279880 1205.298355 1208.173771 1208.873396 1205.650770 1200.599672 1194.808277 1187.822723 1180.328448 1172.232669 1167.045188 1162.111370 1159.235677 1154.128789 1149.158923 1142.652866 1128.501589
-9999.0 -357.109779 -271.481482 -211.625275 -83.427284 85.914385 211.952229 366.103991 508.080136 556.076971 641.991485 753.366878 849.603293 915.975168 955.549801 995.981288 1024.062078 1049.321016 1084.436345 1070.395059 1122.455111 1168.728132 1187.520047 1195.251848 1191.235702 1189.110885 1180.000103 1161.825396 1154.159863 1151.864480 1159.159581 1172.244659 1182.899735 1191.806298 1191.486811 1192.319096 1192.192291 1188.878695 1185.542708 1177.845197 1170.553538 1165.190887 1163.703974 1168.556224 1162.777045 1158.202557 1151.140368 1142.202698 1132.601385 1123.817729 1115.285178 1107.820854 1104.328090 1098.239736 1096.192408 1087.867972 1060.602301
-9999.0 -438.105800 -359.677314 -260.218572 -112.617914 51.991641 193.834223 365.957278 566.489142 679.055370 789.958926 852.934528 921.688576 982.586582 1042.846733 1082.876047 1104.569062 1114.136999 1112.452864 1123.465589 1100.680639 1099.830857 1118.751008 1142.913326 1151.886336 1152.712434 1142.635912 1131.984398 1126.793534 1128.921814 1131.949478 1135.465027 1138.193970 1139.006787 1137.188131 1139.069494 1143.259767 1137.506749 1129.648242 1122.067368 1115.126596 1107.158921 1101.683867 1098.211393 1095.995490 1094.725194 1086.516874 1075.527089 1064.397736 1055.572192 1047.187531 1040.810707 1037.852740 1032.589229 1024.914014 1012.891133 985.370555
-9999.0 -529.360188 -411.830507 -311.482033 -179.890756 -39.762772 95.195130 264.893146 423.448915 637.969867 800.534843 877.110594 911.857671 961.753946 1019.403079 1079.334136 1084.745047 1057.634794 1031.372703 1021.058903 1028.995283 1042.023511 1057.543528 1077.219929 1092.033828 1098.993303 1098.901490 1091.057776 1078.898777 1072.431820 1069.458560 1063.524257 1059.604137 1060.502159 1061.281021 1067.776263 1070.282855 1061.320022 1048.920335 1033.754751 1020.395703 1010.248686 1007.023024 1007.660299 1006.915916 1002.968414 995.522675 984.828435 972.138417 960.370762 952.296343 946.360152 939.459249 929.818968 919.033229 906.772244 881.135306
-9999.0 -9999.0 -483.589377 -371.185388 -257.316333 -129.636920 -4.304781 149.283144 305.593873 493.271938 612.354184 725.219544 787.671217 830.306287 880.309334 930.448530 945.343308 960.696917 943.005680 947.688048 955.819491 963.835884 975.147054 987.382045 999.624221 1007.947774 1013.915451 1011.926373 1003.632972 988.922348 971.959492 959.509489 952.712230 947.487682 956.396648 967.318462 964.963372 958.409256 946.848985 931.602000 918.723764 905.321691 901.369230 901.471105 901.045676 897.680348 892.501009 879.610560 866.574428 854.188685 848.138174 841.724012 835.735817 824.680033 812.905513 799.612868 776.409214
-9999.0 -9999.0 -566.621655 -455.682470 -336.136410 -209.893464 -103.138447 -6.247006 152.813606 274.880558 379.140638 473.262256 550.051128 609.335222 653.239139 710.341059 744.653080 759.100209 773.615614 797.504477 821.926466 847.012055 864.038657 876.982827 890.232473 902.117248 910.414538 899.839929 889.724316 874.490193 855.305517 834.537734 823.946164 820.154900 823.395039 829.330071 824.130197 814.524253 800.403665 784.485628 771.299804 759.299095 754.851627 751.718598 750.277638 747.072249 743.354637 734.014316 722.041258 713.520567 705.076262 698.429306 694.675367 687.014189 676.940980 669.478968 651.036693
