tests/Borden05m/sims/sim_1/output-maps/psiliqL0020N0013.asc
ncols         160
nrows         34
xllcorner     620200.000000
yllcorner     5168000.000000
cellsize      0.500000
NODATA_value  -9999.0
[rows 0 to 24 of 34, columns 0 to 54 of 160]
-9999.0 -9999.0 -9999.0 -9999.0 -9999.0 -9999.0 -9999.0 -9999.0 -9999.0 -9999.0 -9999.0 -9999.0 -9999.0 -9999.0 -9999.0 -9999.0 -9999.0 -9999.0 -9999.0 -9999.0 -9999.0 -9999.0 -9999.0 -9999.0 -9999.0 -9999.0 -9999.0 -9999.0 -9999.0 -9999.0 -9999.0 -9999.0 -9999.0 -9999.0 -9999.0 -9999.0 -9999.0 -9999.0 -9999.0 -9999.0 -9999.0 -9999.0 -9999.0 -9999.0 -9999.0 -9999.0 -9999.0 -9999.0 -9999.0 -9999.0 -9999.0 -9999.0 -9999.0 -9999.0 -9999.0
-9999.0 -9999.0 -9999.0 -9999.0 -9999.0 -9999.0 -9999.0 -9999.0 -9999.0 -9999.0 -9999.0 -9999.0 -9999.0 -9999.0 -9999.0 -9999.0 -9999.0 -9999.0 -9999.0 -9999.0 -9999.0 -9999.0 -9999.0 -9999.0 -9999.0 -9999.0 -9999.0 -9999.0 -9999.0 -9999.0 -9999.0 -9999.0 -9999.0 -9999.0 -9999.0 -9999.0 -9999.0 -9999.0 -9999.0 -9999.0 -9999.0 -9999.0 -9999.0 -9999.0 -9999.0 -9999.0 -9999.0 -9999.0 -9999.0 -9999.0 -9999.0 -9999.0 -9999.0 -9999.0 -9999.0
-9999.0 -9999.0 -9999.0 -9999.0 -9999.0 -9999.0 -9999.0 -9999.0 -9999.0 -9999.0 -9999.0 -9999.0 -9999.0 -9999.0 -9999.0 -9999.0 -9999.0 -9999.0 -9999.0 -9999.0 -9999.0 -9999.0 -9999.0 -9999.0 -9999.0 -9999.0 -9999.0 -9999.0 -9999.0 -9999.0 -9999.0 -9999.0 -9999.0 -9999.0 -9999.0 -9999.0 -9999.0 -9999.0 -9999.0 -9999.0 -9999.0 -9999.0 -9999.0 -9999.0 -9999.0 -9999.0 -9999.0 2103.695605 2086.694360 2072.624649 2069.430106 2091.585348 2115.276392 2139.566579 2160.587690
-9999.0 -9999.0 -9999.0 -9999.0 -9999.0 -9999.0 -9999.0 -9999.0 -9999.0 -9999.0 -9999.0 -9999.0 -9999.0 -9999.0 -9999.0 -9999.0 -9999.0 -9999.0 -9999.0 -9999.0 -9999.0 -9999.0 -9999.0 -9999.0 -9999.0 -9999.0 -9999.0 -9999.0 -9999.0 -9999.0 -9999.0 -9999.0 -9999.0 -9999.0 -9999.0 -9999.0 -9999.0 -9999.0 -9999.0 -9999.0 2151.511228 2157.623716 2158.348810 2148.601810 2137.734720 2125.083195 2105.043979 2087.716965 2074.145681 2072.368688 2075.375511 2079.607222 2101.611733 2127.191679 2147.493993
-9999.0 -9999.0 -9999.0 -9999.0 -9999.0 -9999.0 -9999.0 -9999.0 -9999.0 -9999.0 -9999.0 -9999.0 -9999.0 -9999.0 -9999.0 -9999.0 -9999.0 -9999.0 -9999.0 -9999.0 -9999.0 -9999.0 -9999.0 -9999.0 -9999.0 -9999.0 -9999.0 -9999.0 -9999.0 -9999.0 -9999.0 -9999.0 -9999.0 -9999.0 2057.796561 2075.185294 2093.539041 2112.443648 2129.717425 2136.984488 2142.954809 2148.759828 2144.731288 2140.637710 2129.541142 2109.793910 2090.806016 2077.938193 2076.888222 2074.938964 2079.339875 2091.987864 2109.212005 2125.271557 2146.487491
-9999.0 -9999.0 -9999.0 -9999.0 -9999.0 -9999.0 -9999.0 -9999.0 -9999.0 -9999.0 -9999.0 -9999.0 -9999.0 -9999.0 -9999.0 -9999.0 -9999.0 -9999.0 -9999.0 -9999.0 -9999.0 -9999.0 -9999.0 -9999.0 -9999.0 -9999.0 -9999.0 -9999.0 2060.817276 2055.185674 2050.713731 2049.688233 2048.820898 2048.252527 2055.268143 2067.163408 2085.069666 2107.441604 2121.060965 2128.754987 2135.933116 2136.885738 2131.846679 2130.498979 2131.417703 2119.623856 2108.099604 2097.343710 2086.927398 2085.046843 2094.795935 2109.547969 2126.322843 2141.577849 2157.426959
-9999.0 -9999.0 -9999.0 -9999.0 -9999.0 -9999.0 -9999.0 -9999.0 -9999.0 -9999.0 -9999.0 -9999.0 -9999.0 -9999.0 -9999.0 -9999.0 -9999.0 -9999.0 -9999.0 -9999.0 -9999.0 -9999.0 -9999.0 2029.341133 2034.922177 2041.858167 2049.904734 2051.308287 2048.010391 2042.970791 2040.652901 2039.761342 2038.309554 2043.355391 2051.314762 2065.021726 2081.032910 2103.653908 2112.583004 2118.200177 2130.455295 2134.242341 2141.640982 2146.160021 2144.880397 2141.867476 2128.571350 2118.557806 2122.560000 2127.956605 2135.331042 2144.048761 2158.017842 2173.019661 2189.735698
-9999.0 -9999.0 -9999.0 -9999.0 -9999.0 -9999.0 -9999.0 -9999.0 -9999.0 -9999.0 -9999.0 -9999.0 -9999.0 -9999.0 -9999.0 -9999.0 -9999.0 -9999.0 -9999.0 2003.522260 2004.782231 2006.523942 2011.704993 2012.611012 2014.963396 2022.319000 2030.921933 2034.112872 2032.654374 2032.028251 2034.040385 2037.293213 2042.351783 2053.775586 2067.902205 2082.469634 2096.284057 2117.557053 2132.617436 2146.022119 2162.129956 2162.605937 2159.378644 2158.196686 2158.910596 2158.640489 2160.237057 2161.523383 2168.227582 2171.335686 2176.715625 2186.465936 2198.723639 2216.561080 2235.694333
-9999.0 -9999.0 -9999.0 -9999.0 -9999.0 -9999.0 -9999.0 -9999.0 -9999.0 -9999.0 -9999.0 -9999.0 -9999.0 -9999.0 -9999.0 -9999.0 1973.902553 1975.987994 1978.661441 1984.461186 1988.182450 1992.611064 2000.045125 2001.904381 2006.010891 2013.671029 2018.904611 2028.543088 2037.339846 2045.102345 2051.575169 2054.686539 2062.190018 2072.114219 2084.238639 2099.234072 2120.416714 2144.173662 2160.568693 2177.789494 2195.442823 2196.568929 2195.716077 2196.940572 2196.920051 2201.164295 2217.463075 2222.344228 2220.694030 2234.133424 2247.476362 2252.010184 2260.171158 2280.212857 2303.606721
-9999.0 -9999.0 -9999.0 -9999.0 -9999.0 -9999.0 -9999.0 -9999.0 -9999.0 -9999.0 -9999.0 -9999.0 -9999.0 1924.971478 1929.328518 1939.649105 1950.465033 1953.699628 1958.807377 1965.687068 1978.360864 1982.527781 1989.180172 1997.136797 2010.033917 2019.280669 2028.857363 2041.219550 2049.985528 2057.620416 2064.868240 2069.664517 2082.549795 2097.683006 2113.246609 2133.387202 2155.781565 2175.708368 2195.484229 2212.091878 2225.313277 2225.554069 2225.247862 2228.085290 2234.878540 2250.739202 2268.970285 2274.192452 2288.494594 2310.673938 2323.038962 2333.148313 2341.279878 2355.537736 2377.339730
-9999.0 -9999.0 -9999.0 -9999.0 -9999.0 -9999.0 -9999.0 -9999.0 -9999.0 -9999.0 1893.768784 1895.973181 1892.839792 1891.835637 1897.748004 1910.487629 1925.156239 1931.763792 1944.130278 1965.860434 1984.701907 1988.614898 2003.244226 2014.203291 2021.652831 2032.465487 2046.051670 2059.038219 2075.660852 2088.241114 2098.970304 2117.424709 2134.032695 2150.892341 2168.917448 2189.754606 2208.273937 2234.977441 2261.797508 2273.339575 2293.611561 2301.227023 2298.490105 2298.397489 2308.194888 2322.557529 2341.220437 2361.266255 2381.668414 2405.781862 2420.282941 2434.440036 2445.062324 2457.197684 2473.533918
-9999.0 -9999.0 -9999.0 -9999.0 -9999.0 -9999.0 -9999.0 -9999.0 1868.366471 1876.377844 1882.556539 1879.859509 1875.860528 1871.519900 1886.267801 1902.486614 1919.034822 1937.626718 1954.051601 1972.938129 1988.240746 2004.470036 2025.253488 2037.293638 2049.196251 2065.089449 2079.135702 2095.803979 2117.285606 2128.301446 2142.969508 2164.006553 2181.833476 2199.951635 2219.103284 2237.215896 2261.694392 2294.320142 2325.560987 2345.879016 2373.405200 2394.110567 2391.868840 2393.237737 2397.013045 2422.072759 2450.405293 2480.679475 2504.262429 2530.509038 2559.851124 2578.363729 2589.112765 2601.916294 2617.438939
-9999.0 -9999.0 -9999.0 -9999.0 -9999.0 -9999.0 1839.751513 1864.333193 1879.849693 1872.023397 1860.546476 1856.692232 1852.198402 1879.791683 1902.609783 1920.594486 1938.118407 1956.434573 1973.583287 1985.225536 2017.907335 2037.380475 2051.497594 2068.234356 2083.694660 2099.137787 2116.892730 2140.100237 2160.646196 2187.414929 2209.457110 2230.731021 2256.834058 2276.332984 2295.172286 2312.191945 2342.550244 2379.180436 2415.521662 2443.002711 2469.617566 2502.233373 2507.174651 2512.158670 2517.695685 2540.665543 2573.726380 2603.814881 2637.439965 2669.615481 2697.879751 2711.706998 2722.669850 2734.344570 2748.302988
-9999.0 -9999.0 -9999.0 -9999.0 1806.174983 1827.241660 1846.948569 1877.691742 1900.417051 1895.951852 1902.115128 1901.879756 1899.514271 1904.656020 1913.003876 1931.505452 1951.205326 1971.274487 1988.412096 2020.770033 2067.199598 2081.738494 2103.785669 2135.632083 2149.201577 2165.004069 2181.997945 2204.839453 2228.731516 2260.452831 2300.608482 2334.881685 2359.517621 2381.550455 2402.737853 2423.346512 2458.698979 2497.526098 2534.803617 2568.491810 2597.346777 2624.294656 2635.353207 2642.992272 2654.979504 2672.508523 2695.234775 2725.023336 2758.348883 2791.205182 2816.106129 2827.486180 2835.031128 2846.092382 2856.088236
-9999.0 -9999.0 -9999.0 1754.300598 1793.349140 1832.284952 1859.006815 1890.026147 1922.774639 1925.839922 1935.366720 1938.699294 1941.641172 1949.617945 1956.630927 1974.401427 1992.484238 2011.288308 2034.300887 2070.802057 2104.323178 2129.785147 2160.987028 2184.060027 2202.515654 2218.284418 2237.971252 2261.335921 2300.864685 2335.877439 2384.783082 2437.391654 2472.847509 2496.782776 2520.376032 2548.816375 2574.803497 2612.803827 2648.267469 2681.906018 2715.698539 2740.663641 2758.543033 2765.921004 2776.464824 2784.698862 2799.973184 2821.038612 2843.820636 2874.200539 2903.513931 2836.950348 2846.749043 2856.789804 2872.880402
-9999.0 -9999.0 1706.367854 1745.113427 1778.132187 1827.027285 1880.436346 1915.690275 1956.511661 1978.810446 1984.773904 1999.752579 2014.280169 2019.724183 2033.272919 2049.546697 2070.473432 2079.625227 2099.512922 2124.647114 2169.935754 2211.343839 2222.375299 2269.153870 2302.467174 2333.712224 2354.345097 2382.313409 2420.005424 2459.112801 2507.238223 2557.907833 2594.947280 2625.715062 2643.250071 2664.225418 2686.957902 2714.978610 2751.508466 2779.954186 2812.507826 2839.313967 2861.166033 2866.378624 2871.343284 2888.069371 2914.691470 2848.098209 2869.672467 2895.202314 2890.080953 2902.484490 2909.911828 2914.259899 2920.862290
-9999.0 -9999.0 1677.967937 1723.791183 1761.647476 1824.524572 1907.890068 1944.341636 1986.687058 2033.301884 2050.725591 2074.806568 2079.636495 2081.032017 2103.073906 2123.154098 2140.694400 2149.501685 2148.432117 2203.938799 2261.272682 2301.348304 2331.329704 2403.938412 2453.962754 2475.892555 2492.946419 2515.239396 2539.031675 2580.782770 2625.122897 2679.303865 2724.403791 2755.040582 2771.663433 2791.935394 2813.070279 2831.135797 2851.655331 2894.989578 2835.124835 2858.420334 2886.928009 2907.226054 2915.212555 2919.273803 2901.963765 2911.536461 2920.931595 2925.249145 2927.033958 2923.622935 2923.190838 2924.083274 2925.143964
-9999.0 1586.813404 1639.239466 1691.348271 1758.417365 1823.340042 1903.218144 1981.557722 2043.684205 2094.212931 2122.693599 2127.394469 2148.397910 2184.103324 2208.384646 2231.953121 2237.979852 2247.418658 2235.687107 2288.359560 2333.963459 2398.247083 2504.764100 2563.471494 2618.299914 2620.084238 2614.743252 2625.817541 2647.366118 2692.133511 2766.866583 2819.465522 2879.186161 2839.682123 2851.171982 2857.636961 2875.051517 2894.692228 2864.159759 2895.617198 2905.997732 2917.976944 2923.599985 2925.638504 2926.927782 2927.125199 2923.967218 2917.499881 2909.835915 2904.405861 2900.491646 2896.141775 2898.666771 2902.013345 2902.544257
-9999.0 1549.965721 1608.552566 1678.790938 1748.459916 1807.081898 1901.411741 2055.878029 2114.603262 2153.331451 2169.431111 2171.686021 2241.130839 2305.525417 2336.785693 2383.197259 2375.575840 2365.675893 2344.284584 2375.948439 2422.346976 2496.865187 2653.119720 2742.061443 2783.689647 2796.230031 2803.103661 2832.399457 2873.600877 2835.936629 2869.939845 2855.052259 2891.326398 2905.513689 2909.685359 2910.863961 2915.319137 2914.864325 2913.370902 2909.681556 2905.088365 2905.617389 2910.199026 2910.314216 2907.753879 2904.831888 2899.480191 2892.229527 2887.138730 2882.642438 2880.021866 2877.148933 2875.399268 2875.050645 2870.475042
-9999.0 1515.213999 1588.249321 1649.519708 1705.958738 1809.910489 1938.420100 2078.646354 2174.077779 2211.227501 2214.647744 2269.291987 2371.560122 2473.601245 2527.231066 2552.858626 2547.677419 2517.432301 2513.188729 2559.859001 2629.180113 2736.608296 2851.313456 2872.607721 2883.378821 2886.982681 2854.337446 2873.574888 2891.333309 2890.566124 2891.979516 2897.784815 2903.296789 2906.493210 2905.565590 2903.191078 2898.917964 2891.311623 2886.895372 2883.737007 2880.403478 2879.827997 2882.308232 2883.949683 2881.457831 2877.774555 2873.429767 2868.101977 2866.533175 2859.990089 2855.870529 2851.721690 2849.517026 2844.252624 2840.297469
-9999.0 1404.285255 1496.593407 1544.920232 1640.750694 1822.212129 1950.700574 2096.856302 2252.623333 2284.219704 2346.556421 2476.358932 2588.753039 2667.975535 2705.100996 2745.223354 2774.916149 2798.080757 2836.992331 2763.240017 2833.150594 2851.935381 2878.980628 2890.760405 2896.352043 2897.596225 2889.357155 2870.083842 2860.196672 2854.016113 2856.182464 2863.865779 2869.302064 2874.749322 2872.899505 2873.979990 2874.770919 2871.821673 2872.410153 2864.265379 2856.743892 2850.690690 2848.287396 2853.317106 2848.673962 2846.028387 2840.179754 2836.675257 2916.532475 2908.473780 2900.011294 2892.655864 2889.314536 2883.080583 2880.607659
-9999.0 1323.441886 1398.332317 1473.653153 1598.970412 1763.432136 1877.506548 2040.940479 2265.048307 2391.345551 2535.008064 2616.884733 2691.096120 2745.030429 2802.698975 2816.232355 2839.043448 2851.739676 2831.633926 2850.387241 2870.329206 2864.408224 2818.748910 2842.979167 2858.229143 2862.722211 2855.215397 2845.957082 2839.314506 2838.668906 2837.311469 2834.832725 2832.167173 2829.523424 2826.612188 2829.220170 2834.337194 2832.153999 2907.621736 2898.747974 2890.779306 2882.014463 2876.222032 2872.037128 2871.384211 2871.040063 2863.133609 2852.520289 2842.758295 2834.184421 2826.125553 2820.307679 2816.777146 2810.698042 2800.505516
-9999.0 1214.574376 1341.484249 1427.190603 1536.107917 1669.523459 1785.790401 1944.388738 2084.918936 2316.761293 2467.808306 2615.420346 2663.499862 2729.056092 2783.728144 2819.080055 2819.326732 2834.838299 2800.624413 2789.282765 2801.839115 2814.595128 2828.070661 2847.841277 2867.808969 2879.807642 2885.173111 2880.006173 2867.469710 2857.669579 2849.647895 2838.658510 2831.007897 2829.586766 2832.202572 2840.836102 2842.259819 2833.315121 2821.167549 2803.956550 2789.047740 2777.750009 2775.111161 2776.893937 2777.109526 2772.909827 2766.182365 2755.166697 2742.389864 2729.869417 2722.694424 2717.049824 2709.004357 2697.196218 2682.924619
-9999.0 -9999.0 1261.196854 1371.106398 1472.349673 1589.732891 1692.930837 1824.616608 1970.643005 2147.755655 2265.664547 2420.095001 2504.827551 2551.355912 2594.798430 2652.468489 2677.194935 2706.137977 2698.566762 2710.049720 2721.660750 2730.390681 2740.594217 2751.756552 2765.762827 2777.454028 2787.882539 2786.722528 2778.839853 2760.925359 2738.683908 2721.516036 2712.247269 2704.415123 2715.112433 2726.951259 2722.681977 2715.865867 2703.515379 2685.968500 2672.911788 2658.766445 2654.887437 2654.660298 2654.594363 2651.535280 2647.477243 2634.213003 2621.142408 2609.747857 2604.355852 2597.787696 2592.544476 2581.608737 2570.357200
-9999.0 -9999.0 1174.908533 1281.487820 1390.184266 1510.830784 1603.591528 1649.930840 1794.906115 1905.504231 2011.914217 2116.923086 2206.763981 2273.577274 2313.153813 2375.717775 2425.597253 2444.985755 2477.890385 2522.068055 2554.481008 2590.114764 2612.886060 2626.245960 2641.332467 2656.669653 2665.975694 2653.680819 2643.481119 2627.353913 2605.515412 2581.107253 2568.634786 2566.661876 2567.273245 2570.479802 2563.742538 2554.472402 2540.279962 2526.187414 2513.670031 2503.399666 2499.290980 2494.495295 2492.291034 2489.039804 2485.999429 2478.006927 2467.773366 2461.198532 2452.453712 2447.015933 2444.441442 2438.959245 2431.000995
