tests/Borden05m/sims/sim_1/output-maps/psiliqL0023N0008.asc
ncols         160
nrows         34
xllcorner     620200.000000
yllcorner     5168000.000000
cellsize      0.500000
NODATA_value  -9999.0
[rows 0 to 24 of 34, columns 0 to 54 of 160]
-9999.0 -9999.0 -9999.0 -9999.0 -9999.0 -9999.0 -9999.0 -9999.0 -9999.0 -9999.0 -9999.0 -9999.0 -9999.0 -9999.0 -9999.0 -9999.0 -9999.0 -9999.0 -9999.0 -9999.0 -9999.0 -9999.0 -9999.0 -9999.0 -9999.0 -9999.0 -9999.0 -9999.0 -9999.0 -9999.0 -9999.0 -9999.0 -9999.0 -9999.0 -9999.0 -9999.0 -9999.0 -9999.0 -9999.0 -9999.0 -9999.0 -9999.0 -9999.0 -9999.0 -9999.0 -9999.0 -9999.0 -9999.0 -9999.0 -9999.0 -9999.0 -9999.0 -9999.0 -9999.0 -9999.0
-9999.0 -9999.0 -9999.0 -9999.0 -9999.0 -9999.0 -9999.0 -9999.0 -9999.0 -9999.0 -9999.0 -9999.0 -9999.0 -9999.0 -9999.0 -9999.0 -9999.0 -9999.0 -9999.0 -9999.0 -9999.0 -9999.0 -9999.0 -9999.0 -9999.0 -9999.0 -9999.0 -9999.0 -9999.0 -9999.0 -9999.0 -9999.0 -9999.0 -9999.0 -9999.0 -9999.0 -9999.0 -9999.0 -9999.0 -9999.0 -9999.0 -9999.0 -9999.0 -9999.0 -9999.0 -9999.0 -9999.0 -9999.0 -9999.0 -9999.0 -9999.0 -9999.0 -9999.0 -9999.0 -9999.0
-9999.0 -9999.0 -9999.0 -9999.0 -9999.0 -9999.0 -9999.0 -9999.0 -9999.0 -9999.0 -9999.0 -9999.0 -9999.0 -9999.0 -9999.0 -9999.0 -9999.0 -9999.0 -9999.0 -9999.0 -9999.0 -9999.0 -9999.0 -9999.0 -9999.0 -9999.0 -9999.0 -9999.0 -9999.0 -9999.0 -9999.0 -9999.0 -9999.0 -9999.0 -9999.0 -9999.0 -9999.0 -9999.0 -9999.0 -9999.0 -9999.0 -9999.0 -9999.0 -9999.0 -9999.0 -9999.0 -9999.0 2711.249616 2694.410769 2681.104221 2677.624897 2699.752558 2723.707854 2748.339388 2769.656971
-9999.0 -9999.0 -9999.0 -9999.0 -9999.0 -9999.0 -9999.0 -9999.0 -9999.0 -9999.0 -9999.0 -9999.0 -9999.0 -9999.0 -9999.0 -9999.0 -9999.0 -9999.0 -9999.0 -9999.0 -9999.0 -9999.0 -9999.0 -9999.0 -9999.0 -9999.0 -9999.0 -9999.0 -9999.0 -9999.0 -9999.0 -9999.0 -9999.0 -9999.0 -9999.0 -9999.0 -9999.0 -9999.0 -9999.0 -9999.0 2758.834869 2765.120051 2765.761149 2756.461878 2745.863978 2733.116384 2713.101815 2695.891225 2682.905332 2681.526063 2684.784633 2688.778729 2710.680023 2736.791975 2757.479647
-9999.0 -9999.0 -9999.0 -9999.0 -9999.0 -9999.0 -9999.0 -9999.0 -9999.0 -9999.0 -9999.0 -9999.0 -9999.0 -9999.0 -9999.0 -9999.0 -9999.0 -9999.0 -9999.0 -9999.0 -9999.0 -9999.0 -9999.0 -9999.0 -9999.0 -9999.0 -9999.0 -9999.0 -9999.0 -9999.0 -9999.0 -9999.0 -9999.0 -9999.0 2663.806368 2681.279506 2699.909884 2719.219521 2736.920315 2744.567815 2750.683756 2756.650782 2752.808346 2749.109279 2738.264334 2718.371146 2699.709996 2687.327607 2686.844105 2685.239508 2689.825760 2702.536283 2720.105561 2736.255629 2757.713162
-9999.0 -9999.0 -9999.0 -9999.0 -9999.0 -9999.0 -9999.0 -9999.0 -9999.0 -9999.0 -9999.0 -9999.0 -9999.0 -9999.0 -9999.0 -9999.0 -9999.0 -9999.0 -9999.0 -9999.0 -9999.0 -9999.0 -9999.0 -9999.0 -9999.0 -9999.0 -9999.0 -9999.0 2665.741043 2660.277780 2656.141300 2655.430862 2654.882475 2654.681473 2661.865544 2673.839460 2691.883018 2714.773834 2728.900174 2737.010550 2744.613961 2745.860308 2741.024397 2740.173179 2741.555213 2729.966491 2718.691914 2708.188961 2698.013339 2696.187020 2706.226620 2721.454000 2738.638766 2754.230334 2770.365613
-9999.0 -9999.0 -9999.0 -9999.0 -9999.0 -9999.0 -9999.0 -9999.0 -9999.0 -9999.0 -9999.0 -9999.0 -9999.0 -9999.0 -9999.0 -9999.0 -9999.0 -9999.0 -9999.0 -9999.0 -9999.0 -9999.0 -9999.0 2633.443217 2638.938611 2646.085093 2654.436642 2656.099927 2653.159219 2648.435882 2646.540138 2646.053727 2644.876964 2650.355662 2658.453005 2672.443149 2688.791486 2712.022366 2721.379248 2727.067930 2739.623786 2744.180519 2752.644393 2757.669730 2756.877517 2754.069661 2740.716380 2730.696327 2734.564266 2740.082167 2748.026183 2757.305498 2771.568051 2786.568822 2803.012704
-9999.0 -9999.0 -9999.0 -9999.0 -9999.0 -9999.0 -9999.0 -9999.0 -9999.0 -9999.0 -9999.0 -9999.0 -9999.0 -9999.0 -9999.0 -9999.0 -9999.0 -9999.0 -9999.0 2607.672652 2609.056018 2611.003216 2616.331401 2617.150110 2619.583999 2627.143280 2636.015406 2639.666026 2638.413068 2638.273649 2640.659561 2644.349411 2649.951522 2661.686739 2676.237755 2691.287535 2705.397215 2727.184553 2742.717839 2756.406964 2772.962262 2774.389104 2771.953652 2771.491453 2772.669977 2772.371996 2773.167427 2774.238831 2781.641277 2784.461099 2789.787024 2799.874084 2811.206401 2828.892226 2847.730958
-9999.0 -9999.0 -9999.0 -9999.0 -9999.0 -9999.0 -9999.0 -9999.0 -9999.0 -9999.0 -9999.0 -9999.0 -9999.0 -9999.0 -9999.0 -9999.0 2578.281742 2580.428760 2583.248302 2589.129785 2593.205516 2597.779261 2605.305595 2607.207906 2611.482523 2619.457329 2624.951539 2635.116299 2644.423639 2652.582631 2659.518177 2663.093559 2670.920196 2681.329811 2693.955606 2709.226664 2730.657804 2755.129102 2771.858036 2789.711880 2808.157877 2810.072182 2809.886131 2811.691310 2811.751645 2813.964385 2830.033308 2835.052818 2832.616555 2845.201067 2858.761497 2863.189325 2797.889207 2815.386431 2836.985966
-9999.0 -9999.0 -9999.0 -9999.0 -9999.0 -9999.0 -9999.0 -9999.0 -9999.0 -9999.0 -9999.0 -9999.0 -9999.0 2528.409511 2532.851538 2543.499599 2554.969754 2558.477592 2563.915727 2571.116278 2583.937402 2588.272854 2594.972673 2602.981262 2616.605077 2626.305362 2636.243969 2649.059053 2658.225558 2666.326581 2673.998775 2678.737775 2691.843598 2707.410164 2723.412016 2744.026580 2766.965336 2786.892671 2805.480300 2822.864675 2836.442998 2836.473742 2837.201143 2840.956521 2847.670897 2792.642258 2807.644180 2809.304438 2820.107106 2840.272383 2850.418479 2857.961733 2862.666166 2875.491288 2895.942890
-9999.0 -9999.0 -9999.0 -9999.0 -9999.0 -9999.0 -9999.0 -9999.0 -9999.0 -9999.0 2498.266908 2500.454755 2497.498561 2496.055961 2502.388454 2515.442220 2530.563838 2537.132441 2549.831447 2571.872307 2591.114041 2595.058581 2609.420070 2621.318229 2629.358680 2640.526581 2654.574603 2667.918832 2684.739205 2697.692399 2708.373004 2726.708128 2743.733261 2761.319973 2780.118049 2801.720298 2818.707408 2844.569586 2807.379645 2814.996214 2832.211239 2836.184501 2831.555513 2829.395152 2837.653251 2847.967406 2863.379651 2879.972873 2897.829951 2919.576124 2930.833798 2943.226572 2951.897972 2961.979765 2976.421563
-9999.0 -9999.0 -9999.0 -9999.0 -9999.0 -9999.0 -9999.0 -9999.0 2472.358396 2480.822688 2487.110906 2484.671992 2481.035907 2476.550417 2491.921907 2508.398657 2525.226058 2544.312423 2560.852500 2579.877321 2594.827726 2610.862254 2632.912187 2645.464256 2657.762295 2674.248452 2688.813050 2705.579876 2727.487920 2737.831061 2751.862087 2773.098703 2789.718021 2808.406142 2828.516874 2846.970968 2800.962108 2829.539713 2856.909220 2873.638365 2898.881558 2916.158006 2910.975067 2909.617294 2910.976671 2933.727163 2959.718983 2987.908260 2994.884969 3017.752640 3045.015566 3062.556587 3071.279824 3081.880628 3095.163475
-9999.0 -9999.0 -9999.0 -9999.0 -9999.0 -9999.0 2442.646072 2467.550534 2483.514649 2475.927773 2463.820308 2460.086488 2455.575148 2485.649234 2509.119853 2527.632823 2545.546881 2564.184984 2581.409638 2591.866701 2624.684336 2645.289896 2659.583337 2675.905734 2692.186469 2708.492271 2726.865884 2750.420156 2770.382874 2794.656594 2815.100638 2835.213367 2793.554495 2809.124341 2825.287938 2838.976854 2865.124645 2898.774296 2932.574015 2957.068437 2981.017390 2999.452908 2999.891029 3001.743187 3003.901689 3025.631693 3057.511133 3086.154433 3117.050250 3146.913566 3173.698057 3182.502721 3191.023629 3200.512139 3212.477361
-9999.0 -9999.0 -9999.0 -9999.0 2408.588222 2429.874966 2449.623870 2480.655959 2503.774157 2499.935635 2506.192099 2506.122411 2503.802812 2509.991321 2519.355038 2538.301493 2558.717499 2579.368236 2595.736570 2627.614208 2675.730235 2690.031456 2711.166558 2743.201332 2757.149322 2773.793674 2791.784808 2814.921347 2835.960291 2797.588183 2831.976122 2861.997122 2882.192014 2900.825275 2919.251465 2936.439607 2969.677850 2993.680960 3027.702607 3058.417011 3084.722750 3109.075190 3116.393791 3121.198335 3130.770496 3146.626283 3167.870909 3193.026946 3224.822576 3255.913187 3278.849079 3288.506971 3293.840657 3303.014898 3310.766480
-9999.0 -9999.0 -9999.0 2355.210094 2394.573995 2434.335876 2461.192569 2492.644058 2526.180666 2528.872958 2539.259162 2542.231017 2544.564626 2552.717159 2559.323489 2577.808889 2597.150085 2617.583808 2642.378116 2679.257905 2712.220299 2735.719761 2766.780232 2787.060427 2804.765345 2821.178788 2842.211600 2865.587602 2827.882442 2856.153090 2901.469845 2951.251465 2983.232505 2991.408111 3011.834262 3037.609766 3061.125713 3097.197269 3130.000359 3161.010748 3189.216444 3210.949888 3225.541994 3230.198596 3238.926371 3244.797119 3257.717790 3277.982910 3299.346443 3328.617390 3356.800885 3383.523789 3397.773956 3407.967408 3424.185569
-9999.0 -9999.0 2306.797931 2346.120717 2378.670848 2427.150955 2481.235885 2517.478370 2558.861152 2581.016086 2587.324470 2601.905497 2617.380487 2622.944410 2636.323108 2652.880346 2676.227970 2687.170097 2709.245921 2731.526504 2773.532655 2813.118348 2818.636848 2794.520282 2823.156939 2852.996946 2871.764841 2897.243803 2931.827451 2966.506236 2998.893743 3046.564094 3080.332965 3107.369822 3122.017078 3140.580421 3160.220902 3183.216242 3217.652863 3243.140450 3274.865531 3299.447267 3318.790443 3320.721809 3323.479258 3338.796976 3365.120656 3393.561306 3420.391288 3447.061689 3437.208534 3456.555863 3465.179674 3469.991169 3477.556494
-9999.0 -9999.0 2277.480138 2323.901957 2360.573067 2421.884602 2507.826278 2544.495442 2587.218312 2636.024114 2654.313303 2679.815400 2682.379427 2680.648164 2703.310735 2723.255600 2744.611553 2755.181200 2753.907500 2808.037565 2797.811911 2827.262571 2843.905208 2914.980846 2963.794361 2984.563174 2987.775647 3006.409489 3026.086028 3064.146427 3103.750345 3155.750396 3194.891807 3223.521852 3237.249983 3255.440156 3273.934295 3288.644152 3306.968786 3350.285009 3382.222539 3410.609040 3440.161397 3460.505080 3468.209144 3472.354173 3451.163746 3467.291616 3478.230542 3482.948505 3484.764176 3481.074262 3480.453134 3481.215855 3482.146643
-9999.0 2184.984245 2237.635346 2289.284733 2355.558543 2419.648434 2498.314231 2576.533085 2643.459499 2697.819229 2728.080630 2730.765251 2745.238683 2778.645119 2803.757801 2827.068499 2835.730160 2848.160677 2835.094790 2817.049796 2853.810485 2908.171540 2997.859175 3053.209528 3108.971887 3105.574381 3094.660315 3100.686519 3117.680399 3161.587090 3233.898798 3285.709021 3345.975810 3390.747489 3406.158120 3412.530377 3429.952269 3449.559756 3409.125617 3445.408886 3461.977029 3475.803751 3482.819772 3484.725612 3485.790068 3485.591941 3482.007178 3475.165365 3467.117044 3461.368647 3457.201717 3452.699252 3455.127585 3458.439183 3458.813406
-9999.0 2147.397533 2205.582886 2275.308777 2344.499879 2398.351850 2488.302057 2651.027070 2714.677145 2756.617527 2771.516127 2764.891134 2831.952121 2846.808635 2872.089461 2915.831544 2902.506165 2888.126426 2857.231572 2882.337787 2922.423232 2980.907578 3140.030938 3224.136045 3267.501696 3275.361297 3277.108537 3303.802427 3344.538942 3387.313397 3428.087445 3405.161580 3446.882050 3467.269039 3471.529734 3472.126247 3476.701040 3475.471838 3473.717345 3469.412008 3464.356436 3464.499407 3468.906463 3468.727187 3465.828789 3462.558012 3456.927237 3449.501114 3444.234327 3439.618151 3436.942237 3434.069692 3432.227909 3431.732112 3427.096080
-9999.0 2109.836158 2183.987730 2244.179528 2296.087595 2394.568327 2525.389303 2670.496195 2769.915961 2809.533321 2804.015638 2810.337040 2910.031484 3004.463619 3054.164724 3074.590177 3059.751953 3017.898725 3003.029348 3044.951771 3111.632452 3219.690754 3342.632074 3433.469430 3447.193083 3450.034808 3409.740746 3431.422044 3451.517815 3453.900644 3454.843903 3461.279879 3466.238305 3469.037224 3467.514635 3464.633452 3459.868084 3451.770815 3446.938109 3443.356445 3439.655027 3438.653223 3440.775291 3442.403898 3439.662995 3435.803762 3431.339937 3425.757348 3419.525028 3412.837702 3408.652085 3404.506586 3402.423275 3397.149421 3393.524316
-9999.0 1992.488422 2087.155544 2131.894107 2217.322987 2403.467626 2533.923457 2679.431835 2817.560581 2841.452904 2893.243135 3019.718649 3132.120086 3207.461192 3237.357870 3271.034570 3295.049578 3311.515541 3346.061179 3247.363432 3319.189586 3403.441126 3441.242271 3457.633994 3464.732186 3465.045773 3455.573880 3435.166338 3424.512501 3417.765585 3419.369452 3426.594607 3431.421702 3436.331010 3434.067295 3434.969264 3435.763184 3432.465713 3428.529430 3419.969188 3412.202989 3405.758701 3402.871536 3407.689957 3403.005632 3400.477415 3394.407349 3386.166951 3377.494874 3370.154320 3362.369663 3355.880122 3353.618465 3348.601899 3347.457937
-9999.0 1911.688473 1985.571355 2053.113314 2171.429183 2336.585318 2442.779772 2604.985173 2815.193446 2943.481255 3090.402572 3173.481367 3241.751419 3286.629403 3338.034905 3386.347224 3410.993177 3420.889140 3394.672021 3412.528692 3371.972081 3361.275947 3377.891060 3405.572662 3421.200267 3425.010663 3416.925621 3407.366495 3400.132064 3399.007428 3397.040154 3393.602331 3390.064565 3386.817272 3383.675763 3386.358293 3391.442291 3384.609303 3374.917564 3365.845294 3357.653149 3348.706485 3342.906125 3338.607559 3338.641138 3338.842598 3331.359536 3321.035727 3310.403770 3302.287152 3295.122063 3290.496010 3288.006451 3283.215406 3274.256263
-9999.0 1796.919678 1927.195821 2008.306127 2110.119586 2242.076870 2353.336287 2510.274906 2648.520803 2858.645231 2997.595913 3164.178175 3209.063694 3273.644464 3322.292534 3391.692995 3388.218958 3356.592756 3315.549942 3298.976237 3307.722944 3316.048603 3324.818884 3339.955562 3357.037038 3366.686009 3370.726013 3364.224433 3350.140377 3338.450198 3328.442493 3315.755448 3306.950455 3304.789072 3307.961027 3317.191589 3318.139876 3308.934773 3295.202545 3277.664357 3262.557795 3251.144622 3248.966519 3251.422879 3252.311996 3248.482382 3242.569314 3232.066723 3219.703247 3207.682960 3201.772617 3197.371797 3190.331532 3179.739676 3169.631651
-9999.0 -9999.0 1844.139157 1953.502462 2050.984512 2165.651166 2262.601026 2388.704979 2534.230674 2712.160034 2796.533942 2961.303707 3043.663038 3085.620007 3122.064138 3175.250951 3197.454536 3224.343414 3214.733161 3223.586143 3231.683833 3236.322273 3241.953365 3248.542220 3259.216569 3268.686967 3277.991298 3275.234398 3266.292769 3246.672588 3222.446398 3203.676083 3193.649400 3185.031016 3196.378237 3208.575620 3203.760708 3196.982040 3184.662371 3169.952458 3157.415088 3143.433002 3139.980982 3140.073269 3140.626853 3138.295593 3135.446918 3123.431796 3111.263901 3101.127784 3096.964859 3091.467154 3087.685875 3077.948580 3067.523770
-9999.0 -9999.0 1756.768923 1862.213904 1967.751347 2087.208347 2176.230554 2207.047905 2349.468748 2459.506200 2569.775756 2683.271911 2780.258095 2800.139314 2834.355444 2895.350308 2946.891704 2964.083013 2989.212808 3034.426274 3065.405397 3100.738790 3121.679809 3131.081677 3143.420128 3157.157041 3164.669101 3150.289003 3139.111724 3122.261192 3099.829664 3074.270661 3061.271870 3060.061635 3059.968183 3062.457760 3055.426608 3046.460146 3032.223658 3018.112437 3005.890600 2996.510459 2992.914503 2988.020696 2986.088314 2983.473424 2981.876208 2988.780575 2980.073231 2974.851319 2966.772430 2962.587189 2961.311273 2957.463051 2951.053010
