tests/Borden05m/sims/sim_1/output-maps/psiliqL0003N0003.asc
ncols         160
nrows         34
xllcorner     620200.000000
yllcorner     5168000.000000
cellsize      0.500000
NODATA_value  -9999.0
[rows 0 to 24 of 34, columns 57 to 113 of 160]
-9999.0 -9999.0 -9999.0 -9999.0 -9999.0 -9999.0 -9999.0 -9999.0 -9999.0 -9999.0 -9999.0 -9999.0 -9999.0 -9999.0 -9999.0 -9999.0 -9999.0 -9999.0 -9999.0 -9999.0 -9999.0 -9999.0 -9999.0 -9999.0 -9999.0 -9999.0 -9999.0 -9999.0 -9999.0 -9999.0 -9999.0 -9999.0 -9999.0 -9999.0 -9999.0 -9999.0 -9999.0 -9999.0 -9999.0 -9999.0 -9999.0 -9999.0 -9999.0 -9999.0 -9999.0 -9999.0 -9999.0 -9999.0 -9999.0 -9999.0 -9999.0 -9999.0 -9999.0 -9999.0 -9999.0 -9999.0 -9999.0
-9999.0 -9999.0 -665.092526 -668.763723 -671.454738 -673.121914 -678.504304 -682.844452 -687.890090 -688.861368 -688.412589 -689.279821 -691.102720 -688.352681 -684.763835 -681.661250 -677.553731 -678.058433 -677.437139 -675.898429 -675.495563 -676.213956 -678.093762 -679.408439 -680.948804 -679.323447 -684.943586 -692.373282 -698.159599 -699.410945 -694.651528 -691.724691 -692.027721 -689.142567 -683.125661 -677.902520 -675.756056 -669.656809 -669.939684 -667.462784 -663.909924 -666.842495 -667.783259 -667.750569 -667.168913 -675.179954 -9999.0 -9999.0 -9999.0 -9999.0 -9999.0 -9999.0 -9999.0 -9999.0 -9999.0 -9999.0 -9999.0
-670.910608 -671.255164 -685.830281 -687.481800 -688.051869 -687.608054 -690.044903 -696.033580 -697.746845 -702.163394 -704.038349 -704.486712 -706.081257 -704.495375 -697.141173 -691.923238 -690.251750 -691.000677 -691.260440 -692.624516 -693.642584 -693.362730 -695.204174 -696.977456 -698.869633 -698.614692 -694.534777 -700.037232 -702.923070 -705.616343 -708.342640 -707.152538 -706.129145 -705.505799 -698.500655 -695.408077 -692.988656 -683.691871 -675.284441 -672.921848 -675.999462 -679.634473 -679.178138 -680.047575 -683.966501 -687.853932 -688.782728 -690.843305 -691.850780 -695.122594 -690.192705 -689.791178 -684.046114 -679.166432 -673.548736 -665.755066 -9999.0
-683.230392 -683.724387 -695.181775 -702.390871 -704.819104 -703.444554 -698.662456 -700.766387 -705.016005 -711.326910 -704.016091 -704.818684 -705.328769 -703.899916 -701.485167 -700.428625 -699.167680 -697.202377 -690.681559 -690.886398 -691.315415 -691.005683 -692.153482 -694.277362 -694.296321 -695.553745 -700.883286 -700.182000 -698.940796 -699.996986 -694.767665 -694.408091 -691.549839 -700.518602 -698.814432 -696.209612 -694.094454 -692.355680 -690.400929 -688.216809 -691.980706 -689.626782 -693.328962 -701.145421 -703.896082 -704.206128 -699.111840 -696.655262 -700.548053 -713.492453 -706.561682 -692.205596 -692.847186 -694.557859 -687.336429 -680.371844 -671.227636
-700.648308 -701.841898 -706.789902 -702.293629 -698.664236 -696.334564 -698.555330 -702.980611 -708.179113 -696.546997 -691.564100 -693.671764 -692.247353 -689.048099 -689.042522 -702.888278 -706.459755 -700.693192 -694.559742 -691.818499 -694.016070 -695.090316 -697.392525 -697.490142 -696.253198 -697.844037 -695.786739 -693.849949 -695.913091 -692.214874 -688.119569 -684.446074 -693.002673 -700.965331 -700.474801 -693.799893 -688.717023 -685.761087 -678.674719 -668.418380 -670.014663 -672.693819 -674.676715 -677.075495 -690.400372 -702.705595 -707.968889 -710.475135 -714.283020 -711.735266 -714.281500 -702.798722 -703.472026 -704.943170 -699.179056 -694.507773 -688.878098
-698.080030 -694.289517 -701.726998 -706.068982 -708.131873 -707.019669 -708.394380 -707.827154 -697.397490 -691.224686 -681.619540 -684.270327 -683.775865 -684.180225 -693.432665 -700.813482 -705.597569 -691.255945 -679.679836 -675.627140 -678.076424 -680.235495 -670.841607 -673.667453 -675.117848 -680.903454 -678.806699 -679.268455 -668.956520 -664.758859 -659.471283 -661.540940 -671.529165 -680.208619 -680.818072 -679.764949 -680.322523 -677.349784 -670.421369 -662.280745 -667.837907 -671.016384 -671.892359 -691.318769 -707.632393 -714.235647 -704.817258 -699.402214 -700.829064 -700.226154 -700.048962 -707.715995 -706.075459 -705.329874 -708.650344 -699.585296 -690.681099
-674.827011 -662.414059 -670.369873 -676.467119 -687.147777 -686.114283 -684.639239 -680.531551 -674.713358 -664.579506 -646.832068 -649.719968 -648.644624 -643.454139 -652.635392 -661.588870 -674.737427 -659.654954 -655.647594 -650.476725 -650.894111 -640.426417 -631.550910 -637.625133 -645.970866 -655.889792 -649.988197 -637.294737 -625.718600 -623.032394 -621.888859 -620.355539 -628.491425 -630.611855 -632.044670 -630.760983 -635.598911 -634.648462 -625.562278 -611.124461 -609.413769 -616.084991 -630.607442 -654.399852 -677.607308 -691.039205 -678.055057 -682.544446 -684.954282 -683.278694 -692.871827 -698.812974 -691.771985 -699.059761 -704.568803 -692.862376 -691.268425
-663.936860 -650.537931 -656.005253 -666.501734 -677.998445 -677.991981 -671.206047 -667.333527 -654.522452 -637.850000 -620.451835 -612.976126 -608.082611 -599.402891 -605.315904 -611.820331 -619.819099 -616.755667 -605.966847 -596.857777 -587.682146 -577.998658 -567.160513 -573.420022 -582.203829 -583.531879 -581.112936 -566.871962 -555.188641 -551.821602 -550.093616 -544.360183 -548.270660 -554.923406 -562.803895 -570.762483 -577.832612 -584.102758 -570.088536 -556.630137 -557.239401 -577.950751 -594.198663 -616.965585 -641.674647 -669.432669 -668.856223 -664.067585 -659.941847 -671.211909 -677.645508 -688.776742 -692.073262 -692.117665 -704.001711 -697.778725 -695.920099
-600.809866 -586.874958 -582.597896 -597.666720 -600.702624 -596.348436 -587.197026 -585.819158 -578.914582 -556.642353 -526.369125 -502.607419 -478.610546 -474.972901 -486.518059 -496.517413 -511.430986 -520.055420 -508.516757 -497.843381 -486.158491 -472.327162 -457.359654 -445.827745 -444.989338 -444.323910 -441.799785 -439.356751 -433.745393 -425.259459 -415.278311 -403.596408 -397.874845 -408.653595 -421.813881 -437.324404 -452.555561 -458.675090 -463.969531 -459.057774 -458.385388 -475.334105 -499.640604 -523.629865 -552.257621 -576.401996 -594.601491 -588.487453 -599.067067 -609.324560 -621.855192 -650.823654 -659.948748 -665.870453 -692.323211 -695.037259 -685.706133
-525.770599 -513.517491 -498.392260 -498.601405 -496.043303 -494.404722 -489.998558 -485.647216 -477.760043 -439.844627 -392.353552 -330.906516 -238.136428 -195.656939 -237.816989 -292.324393 -330.423793 -355.092964 -357.984615 -330.174933 -263.415768 -159.721857 -125.034546 -115.350245 -114.909543 -114.076903 -112.788638 -110.317546 -108.834919 -104.918688 -99.370787 -90.684703 -79.847929 -83.232071 -97.458601 -107.694964 -121.124444 -131.504734 -151.227673 -196.082162 -215.821495 -237.495185 -323.779484 -376.627102 -420.723577 -463.678814 -490.704929 -510.171415 -525.246409 -538.995848 -573.682437 -604.670660 -630.582592 -651.507168 -674.111444 -676.945149 -647.905156
-409.744444 -366.292429 -332.795842 -316.932725 -311.795808 -303.068280 -276.427830 -224.117899 -156.411628 -122.259083 -85.455756 -46.321746 -8.113511 1.756818 -12.575211 -32.894288 -50.538997 -62.572144 -64.844245 -52.850372 -27.923531 7.326159 26.390359 32.527553 32.534693 32.639350 32.576114 32.838093 33.019521 32.995061 33.632229 34.880529 36.039188 36.371405 35.139752 33.402267 31.391544 28.612133 18.412308 3.037179 -6.273369 -16.611208 -34.531745 -64.163343 -102.748683 -171.811639 -324.144671 -382.363177 -402.850177 -420.173105 -434.235443 -475.543431 -495.697603 -523.312589 -555.208661 -584.998864 -553.953567
-108.954517 -75.283167 -55.611770 -46.625167 -45.369958 -40.568256 -27.212898 -7.757220 16.034690 31.589942 34.264192 37.571643 40.959639 43.631458 42.757417 40.876356 38.276436 37.967093 38.082015 38.660743 40.295535 41.870504 44.198053 46.168170 46.723532 46.771507 46.287959 46.628823 46.688560 46.643371 46.394893 46.468462 47.072707 47.375644 47.386428 46.141821 44.287044 42.549721 41.526030 40.777368 40.063398 39.732710 39.000913 37.493038 33.379750 6.841652 -44.199373 -74.791159 -91.915490 -103.833615 -114.645037 -134.721006 -198.540748 -325.093247 -398.227863 -449.825675 -478.453677
27.787753 34.491634 37.422430 39.186224 39.288108 40.068936 40.683171 42.614502 45.196766 47.481806 48.231742 49.284623 51.779450 59.643964 64.989795 66.182701 67.552432 69.123956 69.827243 68.838266 70.107484 70.650328 70.394654 73.222361 72.793318 73.553320 72.751138 74.064094 73.200008 74.408518 73.514649 72.419730 72.117504 71.728039 72.431940 70.147706 64.084410 52.368056 50.914105 50.252623 49.396340 48.228238 46.970854 46.088487 45.034522 42.346047 38.061504 34.382627 33.437638 32.976008 32.016574 26.936358 -1.110299 -43.507839 -82.492971 -139.290487 -276.866612
43.784214 45.594198 48.060081 49.513527 50.349829 51.245441 53.878497 62.818285 71.751852 74.242019 73.020891 73.640304 72.371988 73.145678 72.131892 73.143035 70.417558 71.335421 69.826254 65.678413 57.518515 59.018157 60.168676 62.208427 65.534629 63.685713 64.692550 66.960348 66.365750 61.523449 58.694682 57.216644 57.043847 63.732501 66.006003 67.110944 67.532828 67.631561 67.798232 68.148368 68.356823 68.115523 68.262674 63.940090 56.986864 50.860463 47.866967 44.572658 43.239361 43.072775 43.671895 43.142155 42.123773 39.057360 35.136448 17.878854 -30.474752
66.252162 75.737557 75.099527 74.411199 74.711928 74.745015 77.307872 75.597174 73.646382 69.229880 65.896670 64.643764 63.899699 61.521677 62.408744 60.474230 57.228561 54.796930 51.147520 49.983437 48.655778 48.707523 49.521891 49.939558 50.143451 50.129957 50.567798 51.190819 50.548908 49.772924 49.062858 48.762442 49.715407 50.224391 50.650890 50.715204 50.448796 50.266274 50.760168 50.481653 50.544113 51.291677 58.413319 65.467094 65.284230 65.370513 65.957678 66.442164 52.265940 49.292504 50.309359 49.784364 48.501168 46.307301 44.558679 41.884644 38.593055
68.203401 65.685006 60.647754 55.455074 55.156439 58.751301 64.900983 66.856840 60.636481 53.735124 50.655071 49.887234 49.873222 49.621810 49.467547 49.711702 49.135746 48.922325 47.608806 47.053952 46.290723 45.733297 45.475849 46.034506 46.759246 47.358541 47.882102 47.190467 46.701741 45.870525 45.135840 45.447575 45.643489 46.503138 47.895746 47.771289 48.005860 47.622412 47.606987 46.998071 46.703522 47.186730 48.477028 49.641362 50.808732 51.465461 53.808109 59.052645 65.943485 66.150023 65.678460 65.598706 61.893247 52.050885 49.962632 48.227415 46.305006
50.934546 50.459819 49.750202 49.089404 49.002842 49.590769 50.406997 50.057206 49.383338 48.385919 47.443337 46.546028 46.054441 46.234381 46.517396 46.711487 46.436960 45.285476 44.087745 43.468250 42.263479 42.036877 40.761089 39.375475 40.376851 42.649092 43.553315 41.490790 40.199494 38.174808 37.274243 37.075490 37.551899 39.353171 42.372730 44.851102 44.868172 43.879746 43.103165 42.840640 42.434399 42.936485 44.669797 46.260805 47.153671 47.614143 47.757772 48.515062 49.373479 50.336677 51.551031 54.986918 64.654522 64.589515 64.835347 65.254655 52.427733
48.931000 48.498812 48.152518 47.817678 47.496047 47.250115 47.167067 46.598248 46.251332 45.879400 44.903104 43.479917 40.828489 39.717952 38.823424 39.131483 37.604617 36.843880 34.825499 33.507472 31.379568 21.943929 2.042776 -16.305385 -14.477057 7.441405 20.963720 2.654491 -18.140281 -39.573863 -49.593060 -52.198904 -44.039220 -17.438966 19.905344 33.221771 34.713246 33.784064 33.219712 33.073203 33.026810 33.462549 35.432156 38.313607 41.460716 43.247492 43.928019 44.455860 45.255140 46.461405 47.293757 48.049165 49.297258 51.029499 54.829021 62.125231 67.502737
47.142294 46.693368 45.917970 44.860792 44.349640 44.796402 43.797256 43.194627 42.125467 34.624274 32.038421 13.620980 -18.313925 -40.065170 -55.668904 -64.649879 -73.832678 -78.533579 -85.508154 -98.422962 -116.447605 -147.657211 -210.389427 -257.421019 -271.194535 -212.105772 -182.401820 -204.390719 -262.034370 -305.337350 -323.938633 -331.428414 -314.846531 -232.678476 -145.578508 -116.578939 -107.233187 -109.610218 -102.977235 -96.951570 -96.091338 -80.528858 -63.012925 -32.011091 9.843300 32.586728 34.976367 36.634525 38.781693 41.222351 42.958475 44.097989 45.869064 47.747399 48.607431 49.238182 50.315253
44.644176 43.382032 41.702629 39.183629 36.803501 36.815230 36.003642 34.252380 3.870563 -60.373114 -104.101814 -143.709458 -242.094433 -305.501641 -328.781941 -365.299909 -383.530387 -396.306286 -398.041028 -417.520122 -442.130210 -461.977715 -469.934853 -474.040493 -483.439606 -484.657395 -479.878261 -471.289440 -481.398304 -487.402735 -485.836180 -489.082996 -491.156342 -479.494905 -460.404730 -448.209314 -438.504638 -432.081059 -430.092882 -427.731121 -402.652112 -382.951209 -354.614098 -280.269131 -151.438871 -102.278720 -73.774751 -49.570331 -12.917292 21.213969 32.966845 36.373259 39.902014 43.382111 44.702390 45.726261 46.485962
35.226199 32.248463 12.367465 -29.364263 -62.509614 -70.425460 -81.399653 -103.982974 -180.058812 -360.737129 -419.044380 -447.299680 -474.098396 -486.061700 -502.389055 -527.742976 -543.207419 -540.911889 -534.190857 -538.278810 -551.449961 -561.971475 -568.962617 -576.705859 -588.247643 -595.498583 -587.978704 -580.826210 -580.292335 -579.678036 -576.742006 -576.955228 -578.599674 -581.324054 -571.313837 -565.035329 -557.800886 -552.428823 -549.458834 -528.162187 -509.059732 -497.670446 -480.586738 -461.535302 -434.495277 -400.697675 -366.063140 -326.618332 -215.743662 -127.986079 -86.537693 -49.895083 0.420812 31.960240 36.088689 38.413601 40.955068
-67.522096 -100.518087 -152.805177 -306.324160 -354.432245 -367.548303 -376.093110 -415.105368 -465.817199 -508.287348 -531.702398 -549.437522 -566.265896 -582.786590 -602.614854 -621.960005 -635.013991 -626.128504 -621.292093 -612.936199 -624.076012 -633.418205 -635.820167 -645.289267 -653.923408 -665.395616 -656.412628 -651.948162 -640.881334 -641.239953 -640.634375 -635.958223 -638.233112 -639.462991 -646.413249 -639.421940 -635.106687 -629.640316 -611.469490 -594.970413 -579.030990 -566.325206 -553.280115 -537.503660 -519.022567 -499.631783 -478.705911 -462.423476 -443.427431 -414.860364 -379.271752 -322.045972 -169.511642 -106.870293 -72.055756 -38.006447 7.933944
-364.473394 -404.290821 -444.555159 -489.782460 -513.977063 -514.499638 -536.698496 -559.958329 -593.493024 -607.426588 -617.282756 -630.965949 -642.017100 -651.310510 -666.739498 -678.166768 -694.951969 -688.757793 -679.763662 -667.339436 -677.014844 -678.698992 -677.060910 -683.626550 -690.685947 -701.667383 -699.772791 -690.538172 -679.751433 -679.510889 -677.065328 -671.261131 -671.117047 -675.771377 -684.893743 -682.342970 -675.711005 -668.968312 -656.742303 -645.243698 -634.080905 -624.381269 -611.728076 -597.540234 -582.799354 -565.431854 -546.258666 -534.074068 -515.988794 -495.552697 -476.909650 -464.063513 -442.894496 -404.150703 -368.574975 -304.176515 -161.986663
-489.252614 -508.711666 -539.763415 -571.116713 -601.915374 -622.710567 -641.526220 -659.452260 -666.301074 -673.111486 -681.366429 -688.733357 -696.854053 -704.461722 -710.918462 -720.469539 -738.360238 -731.035792 -720.686089 -709.271954 -708.696523 -709.976865 -709.352279 -712.304830 -720.439178 -734.432992 -728.168030 -719.103844 -710.891547 -707.937560 -706.078768 -701.343676 -704.587139 -711.497396 -721.233536 -716.603104 -708.274690 -703.037948 -696.462797 -687.280643 -677.686172 -668.200745 -657.561496 -646.863522 -633.332980 -618.670936 -602.968974 -586.807345 -570.190283 -551.756603 -544.373036 -535.246618 -526.423757 -510.295970 -493.614691 -473.141192 -447.461190
-575.946598 -592.408803 -613.476337 -638.898328 -653.830580 -668.092792 -680.667468 -693.621196 -702.021577 -708.494221 -706.449111 -709.832674 -718.567807 -718.932864 -723.855742 -738.648306 -733.526495 -729.399791 -717.690649 -719.711518 -720.250364 -723.001755 -721.242731 -723.188726 -737.148992 -729.849007 -726.531517 -718.063624 -716.140860 -713.985988 -712.378840 -710.782586 -712.263667 -721.740952 -719.569131 -716.686897 -708.984000 -707.939443 -704.054648 -694.899624 -691.143580 -684.850346 -676.470028 -667.572333 -657.305833 -645.376298 -630.144372 -615.357183 -601.988989 -597.642516 -589.652864 -583.543144 -590.390744 -577.821474 -566.732416 -555.474538 -537.573596
