tests/Borden05m/sims/sim_1/output-maps/psiliqL0012N0014.asc
ncols         160
nrows         34
xllcorner     620200.000000
yllcorner     5168000.000000
cellsize      0.500000
NODATA_value  -9999.0
[rows 0 to 24 of 34, columns 57 to 113 of 160]
-9999.0 -9999.0 -9999.0 -9999.0 -9999.0 -9999.0 -9999.0 -9999.0 -9999.0 -9999.0 -9999.0 -9999.0 -9999.0 -9999.0 -9999.0 -9999.0 -9999.0 -9999.0 -9999.0 -9999.0 -9999.0 -9999.0 -9999.0 -9999.0 -9999.0 -9999.0 -9999.0 -9999.0 -9999.0 -9999.0 -9999.0 -9999.0 -9999.0 -9999.0 -9999.0 -9999.0 -9999.0 -9999.0 -9999.0 -9999.0 -9999.0 -9999.0 -9999.0 -9999.0 -9999.0 -9999.0 -9999.0 -9999.0 -9999.0 -9999.0 -9999.0 -9999.0 -9999.0 -9999.0 -9999.0 -9999.0 -9999.0
-9999.0 -9999.0 621.894113 616.444827 611.270646 606.455151 597.627453 588.553561 580.271795 576.487061 575.772602 575.166982 574.970141 580.413267 588.573617 596.371703 603.700672 606.250626 608.825988 611.210694 611.822285 610.679338 607.532313 604.314672 600.976805 599.526665 591.433998 580.077380 571.269673 568.539652 572.996961 577.482402 579.975803 585.862066 596.603011 607.401245 615.907306 627.694289 633.334425 638.310323 641.141263 636.829348 633.031706 628.994584 623.750602 612.572822 -9999.0 -9999.0 -9999.0 -9999.0 -9999.0 -9999.0 -9999.0 -9999.0 -9999.0 -9999.0 -9999.0
605.289012 608.669962 597.549364 592.734399 589.549726 587.594629 582.804819 574.276054 569.167728 563.958829 562.358636 562.621173 562.896302 567.222681 577.491994 585.626069 590.547885 593.188691 595.908034 595.845569 595.457951 595.235534 592.446166 589.103008 585.779514 584.043705 584.433544 576.885456 571.480244 568.130369 566.587992 569.086846 571.436027 574.707652 584.195549 592.349900 600.502202 614.697288 626.979149 632.055262 629.359694 624.085990 619.997020 613.047636 602.753099 592.155223 582.124750 574.830451 569.048475 563.162017 568.890846 575.164344 584.873551 594.459415 606.270203 618.306091 -9999.0
590.195860 593.212831 582.594898 574.423439 569.695441 570.026080 572.681798 569.332035 564.933437 560.413144 569.032561 570.575017 571.965189 575.439242 578.770032 581.852440 584.753417 590.256897 599.401992 602.262270 602.943049 603.212376 601.492159 598.463026 596.732815 594.045767 588.927078 587.951724 588.342724 588.208445 593.252738 594.732189 596.327907 589.514881 592.946250 599.093895 605.878429 612.442928 619.087142 623.041446 619.545001 618.216137 609.396987 595.108919 583.441806 574.484973 572.060487 568.480620 560.268416 547.291530 553.948395 569.102125 573.361739 576.468501 587.935985 600.024989 610.255750
577.080041 580.330484 575.540650 576.973271 578.717198 580.413890 579.073298 576.372440 574.874679 587.847740 597.659566 599.801871 603.031452 606.852224 606.274192 594.424133 592.103711 600.605723 611.166977 617.198350 617.616896 617.735078 615.941638 615.022616 614.674042 612.511190 613.451033 616.051644 616.325275 621.160667 626.854200 629.695118 621.652876 612.393323 613.006422 620.595377 628.575545 635.810860 646.410799 657.599441 656.135651 649.942635 640.287905 625.962484 601.804663 581.526705 570.130579 562.537880 554.839341 554.099624 550.706593 561.286671 562.493192 563.858215 571.761972 581.711350 591.610711
593.180003 601.560773 595.952854 591.028111 588.371854 589.373983 589.929715 593.497977 606.648913 621.003683 636.208041 639.488486 642.493659 642.433143 633.442316 623.343325 619.591926 634.595764 650.933586 659.517118 660.565925 660.445264 667.821092 666.395015 664.498625 659.561922 661.878564 663.939183 674.465851 682.262180 689.343164 687.484494 675.417331 663.878556 661.973208 664.268504 667.040266 673.014436 683.161307 692.737520 687.214343 679.209466 668.094641 638.313685 609.927883 592.062672 591.464977 590.859259 585.249300 581.306882 577.187781 569.333763 568.174933 566.777990 565.651821 577.094498 588.971458
643.234141 659.754563 654.487043 646.710257 636.705790 637.649760 641.313219 650.096176 663.969411 682.607624 707.581918 711.521483 715.571672 719.091694 708.321790 696.229382 685.068644 702.570079 713.014869 722.247986 724.880928 735.567425 745.802882 741.285870 733.183518 723.252714 729.879641 742.581025 758.044916 765.016953 768.885574 768.003757 757.045059 751.053754 748.807391 750.095596 746.973163 750.868306 761.138705 775.930840 774.892010 764.324011 740.268570 701.982107 665.831007 643.457903 647.313614 639.362353 631.619450 626.608530 611.493652 599.392161 598.323950 587.865149 580.858542 591.576872 596.956259
693.173285 712.378163 708.653761 698.482244 685.960519 686.179560 694.550369 705.318144 725.368730 749.834980 775.282999 785.643964 790.627152 800.692859 794.606943 785.505528 777.239608 787.389018 799.967017 812.340290 823.030211 836.170998 848.036208 839.276081 827.881491 823.399959 828.697874 848.149540 865.245359 870.723756 872.428801 875.563292 867.072553 859.872440 852.308195 846.039871 839.511002 834.985230 852.182673 867.742947 865.207292 840.662429 814.992789 777.441391 738.021659 703.552647 700.210940 696.299556 693.608288 676.977609 659.957439 641.467031 630.197073 619.897882 604.451555 608.655418 612.912213
792.190942 814.282274 817.003926 801.662969 795.158637 800.596220 813.623990 821.367527 837.350497 863.378815 896.852694 920.124161 940.668050 945.535116 937.398019 928.590650 915.489907 912.856842 929.273129 941.513506 952.644669 963.745519 976.106300 982.077258 979.965682 979.700473 982.921207 989.525391 998.084880 1004.889864 1010.515533 1016.218040 1013.362326 1003.249935 996.091609 986.754126 979.241848 976.305722 977.698593 987.301821 984.702617 958.936996 930.880949 897.866928 859.515052 826.489997 806.571673 809.777579 796.393205 776.383851 754.390595 717.240237 698.411388 680.739549 649.968982 644.404016 651.759541
907.069147 923.207492 937.752726 934.578247 937.073087 941.507047 949.090578 954.772013 963.392442 996.414534 1031.924078 1062.126310 1086.912362 1096.081520 1086.447000 1076.967893 1065.366509 1056.043917 1059.541513 1073.533048 1089.937437 1105.445578 1116.447352 1120.135808 1118.996321 1119.347633 1121.292158 1124.374352 1127.300402 1133.102804 1140.114774 1149.954593 1160.872107 1155.315211 1138.592958 1125.904792 1111.671943 1106.016844 1103.818475 1101.026288 1100.146335 1092.632592 1061.730644 1032.854149 1000.055817 969.564668 946.957659 930.793300 909.819699 885.910631 839.016047 797.139163 760.745417 731.690384 701.924896 697.768085 719.546955
1029.313301 1054.289752 1070.130952 1074.113466 1077.186313 1080.597553 1087.152126 1093.038206 1100.961203 1123.379034 1160.408415 1197.430022 1227.317485 1232.099910 1223.527137 1213.443094 1203.021608 1192.770003 1189.471172 1196.733121 1207.245086 1222.562543 1233.745846 1243.433050 1242.944445 1243.375308 1243.732557 1245.746848 1247.531039 1249.233468 1255.782623 1266.938885 1277.515029 1278.489086 1265.666238 1248.779055 1231.294079 1223.368981 1216.448675 1209.897382 1209.125823 1209.004874 1201.743312 1176.792794 1141.009066 1098.121095 1070.416399 1047.978122 1033.516124 1016.300786 990.775966 940.280228 909.797584 874.350408 838.979098 817.145167 855.011777
1143.656101 1174.212066 1193.554688 1202.354828 1203.912294 1207.027638 1215.042891 1221.998761 1232.722975 1249.441169 1272.613827 1301.138511 1327.915444 1345.582732 1342.473632 1330.549614 1313.797402 1308.903082 1307.630686 1309.362114 1315.421399 1322.620926 1337.250970 1352.318253 1357.533330 1358.221548 1355.908043 1357.914828 1358.987748 1358.943652 1359.682316 1363.819338 1370.317174 1372.503284 1367.845746 1352.345246 1332.616973 1317.768560 1308.292718 1302.969377 1300.099733 1300.486857 1299.201443 1287.182040 1258.655193 1221.096511 1187.168962 1163.994911 1146.734764 1132.028815 1119.985838 1100.956945 1082.516841 1051.825797 1008.678337 972.785092 971.541422
1243.720856 1270.200922 1294.662530 1311.790984 1317.003428 1323.813178 1329.314553 1339.563915 1355.138887 1373.648406 1387.342861 1403.959206 1424.952130 1437.343330 1443.122885 1443.559741 1442.371220 1443.925443 1443.744473 1420.717427 1423.079834 1425.357768 1431.319049 1438.383750 1440.611041 1440.825424 1439.974942 1441.009828 1441.310578 1441.391371 1440.950124 1440.548377 1442.192064 1442.621432 1441.460498 1435.200846 1436.631290 1419.774173 1407.606783 1399.768318 1391.823428 1383.079752 1373.355898 1363.461912 1347.232871 1320.384073 1287.041576 1258.960422 1246.178237 1238.352249 1230.745893 1224.269405 1208.381120 1186.478197 1155.999302 1118.002818 1083.699069
1339.618283 1359.516419 1386.115614 1404.912368 1415.800307 1424.822291 1430.020412 1442.106495 1454.946985 1450.947873 1454.337428 1457.842976 1461.283400 1462.524887 1462.807771 1462.442948 1459.889746 1459.087877 1456.918308 1451.604467 1441.720998 1442.654778 1443.672578 1445.807844 1449.070096 1447.719932 1448.715901 1451.697191 1450.230935 1444.794899 1441.192025 1439.474831 1439.661090 1446.395756 1449.159352 1449.699573 1448.752529 1447.962884 1447.389194 1445.996015 1444.394874 1442.234281 1439.392647 1441.465472 1431.439832 1408.571701 1376.336596 1342.016625 1327.016715 1321.428557 1320.866121 1316.878776 1309.714171 1290.454337 1263.117080 1227.417892 1189.664987
1446.527264 1445.684676 1454.385478 1459.147436 1461.700548 1464.495316 1467.010346 1467.964254 1464.699083 1461.112444 1456.277511 1454.752255 1453.150280 1450.461179 1450.697236 1448.276717 1443.834472 1439.676032 1432.560479 1421.037407 1408.876455 1405.710844 1409.702001 1414.151486 1418.050087 1421.081062 1424.498089 1425.848806 1421.238100 1413.514761 1406.522311 1404.461282 1410.563314 1415.734100 1420.500568 1421.046586 1419.772015 1418.139321 1418.768547 1416.919599 1418.069710 1425.098812 1438.651160 1445.101087 1447.468393 1447.043694 1440.554153 1428.770734 1419.143930 1399.381370 1401.937979 1396.646566 1384.480702 1363.031694 1339.035126 1309.669766 1280.898770
1458.541021 1456.743844 1450.892030 1445.220935 1444.539966 1448.292696 1454.830262 1455.845003 1448.649604 1440.067519 1432.577549 1425.118443 1422.182318 1420.106602 1418.696972 1417.998464 1411.982533 1403.515976 1387.495286 1374.800110 1362.548878 1355.686406 1353.297262 1357.848946 1367.055493 1376.208927 1380.930467 1374.812130 1367.560623 1357.112611 1349.099020 1349.191379 1351.336956 1359.886569 1373.061867 1377.257651 1378.142388 1373.768091 1370.223631 1365.383136 1364.596328 1372.616509 1388.510895 1404.310106 1418.272567 1426.812362 1434.429482 1440.862025 1444.848771 1445.687301 1445.990381 1444.810039 1442.642354 1427.293341 1406.557242 1382.831529 1358.661747
1437.694352 1432.223832 1425.125872 1418.970430 1416.827091 1418.780209 1421.188455 1417.410727 1410.201075 1399.428117 1387.686667 1376.830244 1369.561429 1369.137162 1370.162097 1370.009942 1362.864792 1347.869842 1329.892496 1315.568623 1300.882246 1296.140303 1290.843071 1286.551280 1296.725377 1313.235636 1319.365275 1306.529080 1296.953690 1283.058487 1275.729139 1272.693327 1274.126820 1283.245305 1302.390832 1321.054870 1322.527210 1313.744542 1305.376725 1301.766264 1300.582258 1308.494539 1327.767032 1348.458535 1364.005760 1374.532064 1381.306927 1390.217133 1400.196310 1412.539716 1425.752769 1436.817489 1445.591290 1449.078817 1447.322268 1442.087712 1428.789778
1407.724838 1399.230434 1391.299910 1384.302415 1379.282353 1376.359333 1373.048239 1366.428991 1358.789663 1344.190346 1331.223384 1318.288301 1303.701579 1299.237734 1295.407363 1296.117568 1284.248008 1273.142136 1253.908395 1237.820029 1221.648661 1210.875047 1204.625871 1198.531889 1202.695075 1217.890445 1226.853309 1213.700292 1203.613699 1190.936803 1184.842252 1181.591224 1183.368828 1193.411765 1215.335722 1233.926785 1241.099875 1233.943864 1229.662323 1228.428398 1228.668099 1235.651845 1251.404333 1272.258484 1293.973007 1310.871483 1321.392661 1330.253375 1341.282278 1356.428821 1371.102046 1385.755693 1403.211630 1423.197010 1437.821440 1447.140973 1451.236999
1367.384349 1356.967308 1345.639382 1334.260374 1327.277491 1327.508738 1320.126731 1313.035852 1297.463648 1251.407011 1232.918675 1214.286147 1198.217539 1191.599410 1183.353362 1174.786951 1164.860803 1157.480250 1149.729057 1133.729153 1115.935587 1099.461545 1093.842986 1089.300558 1080.346838 1085.079917 1088.208072 1092.018263 1084.877459 1079.181469 1077.065856 1074.634145 1077.852689 1091.377438 1103.278880 1113.673137 1120.256566 1119.460471 1127.077007 1134.274127 1139.320052 1156.199661 1170.808303 1189.470777 1211.869096 1236.324073 1250.623882 1261.323842 1273.369707 1289.971575 1307.644773 1326.077071 1349.287592 1374.416041 1391.002526 1402.768479 1415.247927
1317.018964 1302.316844 1288.877385 1275.449566 1261.579947 1261.386463 1256.961348 1247.815154 1206.556823 1163.969756 1131.179313 1112.292813 1089.544519 1077.336919 1065.354281 1038.463878 1023.544687 1016.884399 1021.185942 1011.041664 993.586869 979.027885 970.433470 963.373227 950.273612 941.377345 945.991035 958.133221 953.870020 952.385698 956.565523 954.946401 951.696018 957.339743 971.828377 980.285710 990.625355 1002.805511 1008.298587 1018.679324 1046.079248 1061.222079 1077.769927 1099.166306 1122.290770 1146.251823 1167.725596 1182.262485 1198.083661 1218.023528 1236.043950 1257.963527 1282.509759 1311.987447 1332.615611 1348.055278 1360.748288
1243.136148 1226.078213 1208.136517 1186.798283 1165.490727 1162.028560 1154.004740 1134.112991 1087.678815 1047.002366 1016.603163 993.565813 968.551505 948.861385 920.908453 888.760938 867.955136 872.774799 879.517758 879.795564 865.271313 851.915179 841.170263 826.904585 811.222369 799.518709 808.025404 816.630889 825.073409 828.708801 832.503263 835.139486 834.148537 829.978686 835.565219 844.906712 855.981017 867.472307 882.267635 913.051846 939.201934 958.181052 980.593951 1002.642131 1027.290675 1053.002906 1076.283207 1094.100548 1114.172028 1134.901629 1157.231729 1179.468360 1205.658142 1236.052711 1261.533240 1278.298500 1294.040416
1159.333088 1136.348764 1109.308941 1070.037873 1054.209149 1044.367222 1030.436887 993.362155 950.325004 914.951914 890.286472 864.504683 839.576326 811.592311 779.473003 752.350631 731.758372 738.082062 744.751853 755.671685 743.407140 731.828790 725.182880 710.004425 695.832103 681.286391 688.804339 698.764143 715.988537 720.206047 723.715255 730.720271 729.766332 727.528495 719.015821 728.124297 739.151603 753.633123 782.209523 808.362816 834.130299 857.372128 879.898724 904.707236 931.086578 957.724707 985.529156 1007.191378 1028.376275 1051.861412 1074.032792 1094.205284 1116.944110 1144.758408 1169.174285 1190.476711 1212.991083
1057.142218 1032.295162 995.259382 950.947217 915.987748 898.792823 859.782849 824.904905 789.022942 770.618748 751.050034 726.890740 704.146756 681.820529 655.037697 631.770960 607.340134 610.794908 623.002004 636.687560 630.748372 626.898128 623.438987 611.983706 598.160446 584.534147 588.140038 603.322778 620.185595 627.676187 634.357150 641.961241 642.177800 635.511747 627.391679 633.421325 647.977628 664.796511 686.713928 710.368762 733.874217 756.247538 781.041125 807.005961 833.593418 862.198384 891.928785 915.088594 941.569056 968.706401 990.600508 1005.136957 1021.392089 1047.453193 1067.949040 1091.891787 1116.419779
948.406362 920.775025 879.024674 835.522742 791.592496 751.374237 717.050735 684.689081 666.052299 646.050995 627.164013 608.086408 586.270125 566.158964 546.740107 524.255650 506.271772 511.368293 524.257961 535.256314 537.888840 534.717635 531.489437 523.846633 510.066476 500.064703 508.520867 523.876452 538.749685 548.977145 555.748796 561.883844 559.289318 551.233611 545.647687 553.978023 569.843258 585.233643 603.252669 625.610658 648.087507 671.162056 695.494359 720.094842 747.314840 775.587205 804.508681 833.292515 859.904496 884.921879 899.176260 913.497325 923.790663 942.563980 963.435848 986.358809 1012.320542
820.782932 791.392647 756.801653 716.702232 684.656862 651.182316 619.079950 587.672834 561.372255 543.528614 533.013218 517.612296 497.888265 483.950531 466.666722 448.931516 448.599818 451.357427 462.419234 463.563820 464.075244 460.992386 459.788818 455.372280 444.710673 451.654124 459.150375 473.799347 484.617339 494.083200 500.367905 504.547566 504.511865 498.223387 501.869654 509.215155 524.076914 536.347262 551.975856 573.458490 591.779136 612.307360 635.637573 659.929791 685.638148 713.104954 742.811952 770.029684 792.467481 804.909421 818.572866 827.323214 824.742056 841.781704 859.813402 877.882387 904.053274
