tests/Borden05m/sims/sim_1/output-maps/psiliqL0024N0012.asc
ncols         160
nrows         34
xllcorner     620200.000000
yllcorner     5168000.000000
cellsize      0.500000
NODATA_value  -9999.0
[rows 0 to 24 of 34, columns 0 to 54 of 160]
-9999.0 -9999.0 -9999.0 -9999.0 -9999.0 -9999.0 -9999.0 -9999.0 -9999.0 -9999.0 -9999.0 -9999.0 -9999.0 -9999.0 -9999.0 -9999.0 -9999.0 -9999.0 -9999.0 -9999.0 -9999.0 -9999.0 -9999.0 -9999.0 -9999.0 -9999.0 -9999.0 -9999.0 -9999.0 -9999.0 -9999.0 -9999.0 -9999.0 -9999.0 -9999.0 -9999.0 -9999.0 -9999.0 -9999.0 -9999.0 -9999.0 -9999.0 -9999.0 -9999.0 -9999.0 -9999.0 -9999.0 -9999.0 -9999.0 -9999.0 -9999.0 -9999.0 -9999.0 -9999.0 -9999.0
-9999.0 -9999.0 -9999.0 -9999.0 -9999.0 -9999.0 -9999.0 -9999.0 -9999.0 -9999.0 -9999.0 -9999.0 -9999.0 -9999.0 -9999.0 -9999.0 -9999.0 -9999.0 -9999.0 -9999.0 -9999.0 -9999.0 -9999.0 -9999.0 -9999.0 -9999.0 -9999.0 -9999.0 -9999.0 -9999.0 -9999.0 -9999.0 -9999.0 -9999.0 -9999.0 -9999.0 -9999.0 -9999.0 -9999.0 -9999.0 -9999.0 -9999.0 -9999.0 -9999.0 -9999.0 -9999.0 -9999.0 -9999.0 -9999.0 -9999.0 -9999.0 -9999.0 -9999.0 -9999.0 -9999.0
-9999.0 -9999.0 -9999.0 -9999.0 -9999.0 -9999.0 -9999.0 -9999.0 -9999.0 -9999.0 -9999.0 -9999.0 -9999.0 -9999.0 -9999.0 -9999.0 -9999.0 -9999.0 -9999.0 -9999.0 -9999.0 -9999.0 -9999.0 -9999.0 -9999.0 -9999.0 -9999.0 -9999.0 -9999.0 -9999.0 -9999.0 -9999.0 -9999.0 -9999.0 -9999.0 -9999.0 -9999.0 -9999.0 -9999.0 -9999.0 -9999.0 -9999.0 -9999.0 -9999.0 -9999.0 -9999.0 -9999.0 2879.743461 2862.566884 2848.848856 2844.428652 2865.588225 2888.613925 2912.333922 2932.771777
-9999.0 -9999.0 -9999.0 -9999.0 -9999.0 -9999.0 -9999.0 -9999.0 -9999.0 -9999.0 -9999.0 -9999.0 -9999.0 -9999.0 -9999.0 -9999.0 -9999.0 -9999.0 -9999.0 -9999.0 -9999.0 -9999.0 -9999.0 -9999.0 -9999.0 -9999.0 -9999.0 -9999.0 -9999.0 -9999.0 -9999.0 -9999.0 -9999.0 -9999.0 -9999.0 -9999.0 -9999.0 -9999.0 -9999.0 -9999.0 2929.916319 2935.803762 2935.713789 2925.741713 2914.390878 2900.845844 2880.286019 2863.033473 2849.715927 2847.687869 2850.088840 2852.964700 2873.743498 2898.940020 2918.708130
-9999.0 -9999.0 -9999.0 -9999.0 -9999.0 -9999.0 -9999.0 -9999.0 -9999.0 -9999.0 -9999.0 -9999.0 -9999.0 -9999.0 -9999.0 -9999.0 -9999.0 -9999.0 -9999.0 -9999.0 -9999.0 -9999.0 -9999.0 -9999.0 -9999.0 -9999.0 -9999.0 -9999.0 -9999.0 -9999.0 -9999.0 -9999.0 -9999.0 -9999.0 2837.707644 2854.633589 2872.493328 2890.954783 2907.827990 2914.799419 2920.585517 2925.924004 2921.279705 2916.755200 2905.015516 2884.136670 2864.741811 2851.786162 2850.619607 2848.113724 2851.637824 2863.180596 2879.651093 2894.620549 2915.008459
-9999.0 -9999.0 -9999.0 -9999.0 -9999.0 -9999.0 -9999.0 -9999.0 -9999.0 -9999.0 -9999.0 -9999.0 -9999.0 -9999.0 -9999.0 -9999.0 -9999.0 -9999.0 -9999.0 -9999.0 -9999.0 -9999.0 -9999.0 -9999.0 -9999.0 -9999.0 -9999.0 -9999.0 2843.412230 2837.426054 2832.516835 2830.871199 2829.350070 2828.290787 2834.880950 2845.999054 2863.032221 2884.949882 2898.092761 2905.257063 2912.023260 2912.309601 2906.395364 2904.510048 2904.834672 2892.121391 2879.756421 2868.170045 2856.845012 2853.728766 2862.499744 2876.507098 2892.478553 2906.828450 2921.815549
-9999.0 -9999.0 -9999.0 -9999.0 -9999.0 -9999.0 -9999.0 -9999.0 -9999.0 -9999.0 -9999.0 -9999.0 -9999.0 -9999.0 -9999.0 -9999.0 -9999.0 -9999.0 -9999.0 -9999.0 -9999.0 -9999.0 -9999.0 2813.699505 2818.658198 2825.091550 2832.638372 2833.501323 2830.018897 2824.520877 2821.691067 2820.135986 2817.788881 2822.161926 2829.113097 2841.926372 2857.026007 2879.041033 2887.105710 2891.388731 2902.627211 2905.988827 2913.313342 2916.992946 2914.864801 2910.664125 2895.790780 2884.223870 2886.448847 2890.372074 2896.872388 2904.793006 2917.843581 2931.363809 2946.444099
-9999.0 -9999.0 -9999.0 -9999.0 -9999.0 -9999.0 -9999.0 -9999.0 -9999.0 -9999.0 -9999.0 -9999.0 -9999.0 -9999.0 -9999.0 -9999.0 -9999.0 -9999.0 -9999.0 2789.813786 2790.822069 2792.235907 2796.990533 2796.763215 2798.434079 2805.089439 2812.960211 2815.629369 2813.312387 2812.091859 2813.227807 2815.578400 2819.800662 2830.034406 2843.097211 2856.632611 2869.124914 2889.340103 2903.287681 2915.275413 2930.149584 2930.036704 2925.986987 2923.897757 2923.457115 2921.598703 2920.338077 2919.435373 2925.125805 2925.889522 2929.283701 2937.866805 2948.766342 2964.851647 2981.835698
-9999.0 -9999.0 -9999.0 -9999.0 -9999.0 -9999.0 -9999.0 -9999.0 -9999.0 -9999.0 -9999.0 -9999.0 -9999.0 -9999.0 -9999.0 -9999.0 2775.011246 2777.100349 2779.870645 2785.782385 2789.844193 2794.273914 2801.593175 2786.377931 2788.398060 2795.156474 2799.337890 2808.205075 2816.147834 2822.808583 2828.156769 2830.042729 2836.045027 2844.604679 2855.331212 2868.606698 2888.054908 2910.720321 2925.666003 2941.600331 2958.081215 2957.994754 2955.745123 2955.499495 2953.639735 2954.670555 2968.738482 2971.618289 2966.698180 2976.730833 2988.126745 2990.379118 2985.564520 3003.718121 3025.010160
-9999.0 -9999.0 -9999.0 -9999.0 -9999.0 -9999.0 -9999.0 -9999.0 -9999.0 -9999.0 -9999.0 -9999.0 -9999.0 2724.793842 2729.150249 2739.775715 2751.409796 2754.870685 2760.245759 2767.368571 2780.003494 2784.110105 2790.483341 2797.967086 2790.972480 2798.459653 2806.711900 2817.806003 2825.160006 2831.378363 2837.043942 2839.522032 2850.380378 2863.639770 2877.263381 2895.559335 2916.451409 2934.198111 2951.391317 2966.715970 2977.851424 2975.213439 2973.640247 2975.061236 2979.238193 2981.499412 2996.813424 2997.519748 3007.406620 3027.123353 3036.752766 3043.690085 3048.756920 3061.424640 3081.767858
-9999.0 -9999.0 -9999.0 -9999.0 -9999.0 -9999.0 -9999.0 -9999.0 -9999.0 -9999.0 2695.289496 2697.286873 2694.157178 2692.402984 2698.657909 2711.582384 2726.630216 2732.936579 2745.477322 2767.333437 2786.373213 2789.915019 2803.391687 2793.705497 2798.454165 2807.520309 2819.473868 2830.628509 2845.151306 2855.798139 2863.898919 2879.569664 2894.189614 2909.156604 2925.229088 2944.343401 2959.517917 2982.635363 2997.162512 3004.812895 3021.307888 3024.362141 3019.352829 3016.737935 3024.720928 3035.095588 3049.707463 3065.443022 3083.112068 3104.372847 3114.813113 3126.873032 3135.184144 3144.885484 3159.221470
-9999.0 -9999.0 -9999.0 -9999.0 -9999.0 -9999.0 -9999.0 -9999.0 2669.536592 2677.914722 2683.956976 2681.269362 2677.391713 2672.500797 2687.711077 2703.900562 2720.451485 2739.332238 2755.540128 2774.206519 2788.367923 2803.568840 2802.097134 2810.751440 2820.500043 2834.499626 2846.502908 2860.551491 2879.903119 2887.411079 2898.317912 2916.782100 2931.345064 2947.114790 2964.120473 2979.445213 2989.207676 3017.958151 3045.462704 3061.380355 3086.241280 3103.082669 3097.271828 3095.304844 3096.136053 3118.393170 3143.865488 3171.820088 3188.684205 3211.534006 3238.808606 3256.579892 3265.317756 3275.929594 3289.242066
-9999.0 -9999.0 -9999.0 -9999.0 -9999.0 -9999.0 2640.038783 2664.758441 2680.474277 2672.524044 2659.715964 2655.494678 2650.432320 2680.783347 2703.923835 2722.075690 2739.598218 2757.840910 2774.577171 2783.694374 2792.056572 2809.540179 2820.176361 2833.315420 2846.755673 2860.150261 2875.501608 2896.039879 2913.135150 2934.951506 2951.734222 2968.236124 2980.890810 2996.664996 3012.325200 3025.288753 3051.593044 3085.051141 3118.448056 3142.332785 3165.955047 3194.099297 3194.263658 3195.942018 3197.795196 3219.887599 3252.088363 3280.863281 3311.946558 3341.829230 3368.894680 3378.750867 3387.340458 3396.876075 3408.930700
-9999.0 -9999.0 -9999.0 -9999.0 2606.512046 2627.600622 2646.933701 2677.566727 2700.225904 2695.926594 2701.481520 2700.702926 2697.627541 2703.393481 2712.340805 2730.707331 2750.664605 2770.817518 2785.798581 2790.735562 2834.490551 2845.391785 2862.877012 2891.699644 2902.206249 2915.430150 2930.082582 2949.956920 2968.346895 2985.112422 3019.192632 3048.262194 3068.555914 3086.893898 3104.888757 3121.386222 3154.578192 3188.229473 3222.539233 3253.236424 3279.525950 3304.262544 3311.278100 3316.007700 3325.588290 3341.649976 3363.167916 3389.568384 3421.764065 3453.039308 3476.002319 3485.478170 3490.748040 3499.981205 3507.647314
-9999.0 -9999.0 -9999.0 2552.890502 2592.115544 2631.754654 2658.100392 2689.006164 2721.984323 2723.611761 2733.255845 2735.037199 2735.973659 2743.087291 2748.511763 2766.245770 2785.051088 2804.854751 2801.141386 2832.664654 2861.918697 2881.117366 2908.611588 2925.487899 2939.080314 2951.610463 2969.112396 2988.717186 3012.820240 3041.788445 3086.815221 3136.201831 3167.737892 3185.001289 3205.859969 3231.894268 3255.667110 3292.400701 3325.372705 3356.538212 3385.827987 3407.611204 3422.061301 3426.672746 3435.584706 3441.396693 3454.189532 3474.601155 3496.160025 3525.733185 3554.139028 3581.410623 3595.889025 3606.282566 3622.702682
-9999.0 -9999.0 2504.508779 2543.842516 2575.883492 2623.701500 2677.285706 2712.949249 2753.417142 2774.155787 2779.115579 2791.851826 2787.577940 2788.660916 2798.131659 2811.008670 2831.425414 2839.194166 2857.108111 2874.876943 2913.240858 2948.422828 2948.486637 2977.775504 3006.568243 3036.532908 3055.547645 3080.742375 3116.065048 3150.042500 3191.827086 3239.993299 3273.758191 3300.994951 3315.854231 3334.735968 3354.465139 3378.913410 3413.861673 3439.343994 3471.495561 3496.240247 3515.607650 3517.226491 3519.955139 3535.450085 3562.235640 3591.292195 3618.613632 3645.835281 3634.546730 3654.924310 3664.014245 3669.085769 3677.059989
-9999.0 -9999.0 2474.855264 2521.250196 2557.079640 2617.206899 2703.090133 2738.661936 2779.834646 2813.526718 2827.271811 2848.596639 2844.901407 2837.350200 2855.472414 2870.732308 2888.855851 2895.628648 2890.229974 2941.436142 2983.711173 3011.531407 3024.842227 3097.260045 3146.415593 3167.682028 3180.470668 3199.498384 3219.056046 3257.042350 3296.522927 3349.025671 3389.256762 3418.147453 3432.035733 3450.645762 3469.357673 3484.138750 3502.738058 3546.881067 3579.741056 3608.711631 3638.833698 3659.411520 3667.223223 3671.592171 3649.256219 3666.257652 3677.787835 3682.760757 3684.695059 3680.978092 3680.372003 3681.151583 3682.080786
-9999.0 2382.057789 2434.621519 2485.798619 2551.258991 2614.277726 2691.414567 2767.904301 2821.240007 2870.957547 2896.284396 2892.604144 2899.248406 2926.930376 2946.888295 2964.799911 2969.276596 2977.899049 2960.157319 3000.266469 3037.249081 3089.756430 3187.389662 3243.455434 3301.071037 3297.416880 3286.338895 3291.989307 3308.615473 3353.095975 3427.720909 3480.633786 3542.300740 3588.164192 3603.992939 3610.643515 3628.382084 3648.279226 3604.800938 3642.940445 3660.405781 3674.979843 3682.625311 3684.634099 3685.756032 3685.547134 3681.931790 3675.037397 3666.950758 3661.173207 3656.986399 3652.483789 3654.914702 3658.231262 3658.550039
-9999.0 2344.175730 2402.039460 2471.211695 2539.624916 2590.945708 2678.016486 2829.575986 2888.944844 2925.996603 2934.210803 2918.364467 2978.890999 3031.625672 3056.133879 3099.541690 3084.935668 3069.754819 3036.486300 3061.431836 3100.581285 3168.347267 3330.772486 3416.515498 3462.243237 3470.109335 3471.572444 3498.669123 3540.308388 3584.362388 3626.508924 3601.222510 3645.087920 3666.578309 3671.069239 3671.697902 3676.519896 3675.224173 3673.559076 3669.211760 3664.125039 3664.274590 3668.743063 3668.570800 3665.652432 3662.346976 3656.693978 3649.269100 3644.022985 3639.402670 3636.732365 3633.870499 3631.991859 3631.421168 3626.717275
-9999.0 2305.603732 2379.917650 2439.321312 2489.035259 2584.644602 2714.648041 2846.164929 2940.611764 2974.508690 2959.850709 2994.575710 3094.609681 3195.465248 3245.734600 3266.152331 3249.854164 3205.937305 3189.389698 3231.616047 3299.238099 3411.176425 3538.666107 3631.955710 3646.121974 3649.117083 3606.644774 3629.497821 3650.679674 3653.192647 3654.187066 3661.070288 3666.063687 3668.907880 3667.370484 3664.485385 3659.703433 3651.574902 3646.751181 3643.136406 3639.411617 3638.357248 3640.438329 3642.130059 3639.363136 3635.491507 3631.023130 3625.441970 3619.183715 3612.471640 3608.243050 3604.061608 3601.961416 3596.601475 3593.010214
-9999.0 2186.032374 2281.259239 2324.348261 2405.568901 2592.160145 2721.659800 2852.536374 3008.723811 3030.831211 3079.831611 3212.282783 3326.534824 3403.495707 3432.953533 3466.438398 3490.537449 3506.785850 3541.928617 3436.969296 3511.317675 3599.547475 3639.394457 3656.673467 3664.610355 3664.940762 3655.343238 3634.810325 3624.129156 3617.379097 3618.984724 3626.227380 3631.005076 3635.874287 3633.597335 3634.549637 3635.439964 3632.165781 3628.200823 3619.587010 3611.792332 3605.264579 3602.254844 3607.032645 3602.357806 3599.882116 3593.770959 3585.463665 3576.654124 3569.301150 3561.457365 3554.943229 3552.691133 3547.677121 3546.517988
-9999.0 2105.163555 2178.462432 2242.937987 2358.150150 2522.381541 2624.390219 2784.353358 3001.938431 3131.878511 3285.558574 3370.943900 3439.926814 3483.829865 3534.820971 3584.205077 3609.511107 3619.940734 3592.306129 3611.481572 3570.202468 3559.392310 3576.313267 3604.441468 3620.533086 3624.423876 3616.408704 3606.971656 3599.727171 3598.602762 3596.568552 3592.925394 3589.195817 3585.835649 3582.694564 3585.469100 3590.626236 3583.699344 3573.775983 3564.578295 3556.278520 3547.240746 3541.390166 3536.975038 3537.118689 3537.341533 3529.809394 3519.429810 3508.723065 3500.550255 3493.375366 3488.791046 3486.242740 3481.394861 3472.203880
-9999.0 1988.361664 2119.450790 2198.554217 2297.230166 2427.568002 2535.547491 2689.735778 2809.197979 3042.786553 3184.080020 3358.694224 3405.242471 3471.401497 3519.610869 3590.170021 3586.340579 3554.761962 3513.049094 3496.599416 3506.089632 3514.618973 3523.224393 3538.155021 3555.413137 3565.206483 3569.545365 3563.189383 3549.063557 3537.128306 3526.771013 3513.768618 3504.773330 3502.507298 3505.952645 3515.427383 3516.238097 3506.999497 3493.140431 3475.366515 3460.098610 3448.559238 3446.436265 3448.994486 3449.950553 3446.045916 3440.168005 3429.582927 3417.145979 3405.000314 3399.164795 3394.787651 3387.631710 3376.828971 3365.539380
-9999.0 -9999.0 2035.245090 2144.028302 2239.536089 2352.198990 2445.564530 2567.749771 2710.312896 2867.554842 2977.765522 3146.330220 3235.008991 3277.815078 3313.394624 3367.614185 3390.770773 3419.026309 3410.727703 3420.484711 3429.133700 3433.978372 3439.488685 3445.806100 3456.418362 3465.992313 3475.585188 3472.811430 3463.906093 3444.002185 3419.312576 3400.157982 3389.982369 3381.162499 3392.751199 3405.057686 3400.021591 3393.200764 3380.766267 3364.960941 3352.410734 3338.350933 3334.903964 3334.948130 3335.524602 3333.211989 3330.480480 3318.231806 3306.050936 3296.012938 3291.916880 3286.405219 3282.714840 3272.983435 3262.515940
-9999.0 -9999.0 1947.395456 2052.043180 2155.854829 2273.888581 2360.306710 2384.151076 2523.304571 2630.158489 2738.293868 2827.957547 2920.671985 2980.618578 3014.104704 3074.027338 3126.507789 3143.684001 3178.032655 3226.414570 3258.376343 3294.933936 3316.482201 3325.953576 3338.314771 3352.251078 3359.728490 3345.068909 3333.855538 3316.929580 3294.084019 3268.178208 3255.021153 3254.051482 3253.688321 3255.879571 3248.668707 3239.715683 3225.416144 3211.350222 3199.147023 3189.928321 3186.348845 3181.252407 3179.218918 3176.584878 3174.857141 3171.284907 3162.770458 3157.860544 3149.867117 3145.965748 3144.994035 3141.566069 3135.553676
