tests/Borden05m/sims/sim_1/output-maps/psiliqL0022N0011.asc
ncols         160
nrows         34
xllcorner     620200.000000
yllcorner     5168000.000000
cellsize      0.500000
NODATA_value  -9999.0
[rows 0 to 24 of 34, columns 0 to 54 of 160]
-9999.0 -9999.0 -9999.0 -9999.0 -9999.0 -9999.0 -9999.0 -9999.0 -9999.0 -9999.0 -9999.0 -9999.0 -9999.0 -9999.0 -9999.0 -9999.0 -9999.0 -9999.0 -9999.0 -9999.0 -9999.0 -9999.0 -9999.0 -9999.0 -9999.0 -9999.0 -9999.0 -9999.0 -9999.0 -9999.0 -9999.0 -9999.0 -9999.0 -9999.0 -9999.0 -9999.0 -9999.0 -9999.0 -9999.0 -9999.0 -9999.0 -9999.0 -9999.0 -9999.0 -9999.0 -9999.0 -9999.0 -9999.0 -9999.0 -9999.0 -9999.0 -9999.0 -9999.0 -9999.0 -9999.0
-9999.0 -9999.0 -9999.0 -9999.0 -9999.0 -9999.0 -9999.0 -9999.0 -9999.0 -9999.0 -9999.0 -9999.0 -9999.0 -9999.0 -9999.0 -9999.0 -9999.0 -9999.0 -9999.0 -9999.0 -9999.0 -9999.0 -9999.0 -9999.0 -9999.0 -9999.0 -9999.0 -9999.0 -9999.0 -9999.0 -9999.0 -9999.0 -9999.0 -9999.0 -9999.0 -9999.0 -9999.0 -9999.0 -9999.0 -9999.0 -9999.0 -9999.0 -9999.0 -9999.0 -9999.0 -9999.0 -9999.0 -9999.0 -9999.0 -9999.0 -9999.0 -9999.0 -9999.0 -9999.0 -9999.0
-9999.0 -9999.0 -9999.0 -9999.0 -9999.0 -9999.0 -9999.0 -9999.0 -9999.0 -9999.0 -9999.0 -9999.0 -9999.0 -9999.0 -9999.0 -9999.0 -9999.0 -9999.0 -9999.0 -9999.0 -9999.0 -9999.0 -9999.0 -9999.0 -9999.0 -9999.0 -9999.0 -9999.0 -9999.0 -9999.0 -9999.0 -9999.0 -9999.0 -9999.0 -9999.0 -9999.0 -9999.0 -9999.0 -9999.0 -9999.0 -9999.0 -9999.0 -9999.0 -9999.0 -9999.0 -9999.0 -9999.0 2504.898965 2487.949531 2474.293613 2470.791629 2492.799554 2516.535062 2540.925917 2562.030220
-9999.0 -9999.0 -9999.0 -9999.0 -9999.0 -9999.0 -9999.0 -9999.0 -9999.0 -9999.0 -9999.0 -9999.0 -9999.0 -9999.0 -9999.0 -9999.0 -9999.0 -9999.0 -9999.0 -9999.0 -9999.0 -9999.0 -9999.0 -9999.0 -9999.0 -9999.0 -9999.0 -9999.0 -9999.0 -9999.0 -9999.0 -9999.0 -9999.0 -9999.0 -9999.0 -9999.0 -9999.0 -9999.0 -9999.0 -9999.0 2552.993200 2559.139493 2559.683154 2550.088123 2539.250897 2526.401124 2506.285769 2489.036757 2475.777416 2474.149198 2477.187890 2481.116776 2502.907393 2528.702812 2549.135851
-9999.0 -9999.0 -9999.0 -9999.0 -9999.0 -9999.0 -9999.0 -9999.0 -9999.0 -9999.0 -9999.0 -9999.0 -9999.0 -9999.0 -9999.0 -9999.0 -9999.0 -9999.0 -9999.0 -9999.0 -9999.0 -9999.0 -9999.0 -9999.0 -9999.0 -9999.0 -9999.0 -9999.0 -9999.0 -9999.0 -9999.0 -9999.0 -9999.0 -9999.0 2458.956792 2476.304392 2494.695968 2513.702318 2531.092849 2538.472274 2544.471130 2550.260064 2546.198290 2542.193228 2531.085985 2511.071462 2492.151096 2479.480909 2478.663528 2476.781239 2481.133197 2493.648419 2510.932461 2526.890034 2548.121041
-9999.0 -9999.0 -9999.0 -9999.0 -9999.0 -9999.0 -9999.0 -9999.0 -9999.0 -9999.0 -9999.0 -9999.0 -9999.0 -9999.0 -9999.0 -9999.0 -9999.0 -9999.0 -9999.0 -9999.0 -9999.0 -9999.0 -9999.0 -9999.0 -9999.0 -9999.0 -9999.0 -9999.0 2461.927847 2456.314958 2451.923564 2450.938575 2450.105979 2449.618409 2456.635325 2468.430851 2486.245252 2508.762355 2522.515336 2530.291330 2537.572885 2538.524438 2533.405833 2532.162508 2533.159917 2521.276035 2509.697204 2498.894660 2488.419310 2486.350653 2496.069532 2510.922918 2527.770782 2543.056758 2558.929115
-9999.0 -9999.0 -9999.0 -9999.0 -9999.0 -9999.0 -9999.0 -9999.0 -9999.0 -9999.0 -9999.0 -9999.0 -9999.0 -9999.0 -9999.0 -9999.0 -9999.0 -9999.0 -9999.0 -9999.0 -9999.0 -9999.0 -9999.0 2430.365382 2435.810102 2442.764493 2450.872018 2452.306614 2449.136155 2444.162335 2441.948323 2441.126110 2439.644216 2444.763476 2452.605449 2466.274873 2482.265906 2505.035316 2513.985282 2519.383286 2531.570393 2535.591951 2543.410240 2547.968563 2546.714955 2543.545325 2529.912380 2519.593064 2523.202636 2528.381415 2535.849871 2544.685323 2558.662310 2573.440549 2589.811573
-9999.0 -9999.0 -9999.0 -9999.0 -9999.0 -9999.0 -9999.0 -9999.0 -9999.0 -9999.0 -9999.0 -9999.0 -9999.0 -9999.0 -9999.0 -9999.0 -9999.0 -9999.0 -9999.0 2404.791547 2406.074718 2407.864168 2413.046238 2413.815927 2416.100567 2423.437753 2432.045526 2435.358162 2433.848084 2433.336896 2435.363796 2438.651039 2443.797272 2455.140958 2469.252861 2483.830800 2497.518645 2518.801304 2533.839662 2547.083755 2563.129846 2563.869898 2560.790550 2559.703605 2560.353510 2559.741812 2560.427582 2561.178125 2567.956774 2570.493108 2575.482463 2585.192933 2597.224409 2614.765813 2633.577447
-9999.0 -9999.0 -9999.0 -9999.0 -9999.0 -9999.0 -9999.0 -9999.0 -9999.0 -9999.0 -9999.0 -9999.0 -9999.0 -9999.0 -9999.0 -9999.0 2375.316661 2377.398685 2380.103045 2385.886507 2389.744593 2394.152086 2401.538416 2403.348832 2407.385882 2415.045727 2420.222256 2429.964221 2438.838284 2446.580528 2453.052420 2456.139260 2463.501400 2473.370801 2485.433405 2500.204382 2521.140278 2544.958625 2561.195615 2578.402594 2596.126845 2597.308628 2596.418801 2597.547998 2597.165306 2600.250844 2616.005853 2620.515359 2617.868152 2630.281551 2643.350321 2647.588021 2656.781037 2677.264383 2700.639238
-9999.0 -9999.0 -9999.0 -9999.0 -9999.0 -9999.0 -9999.0 -9999.0 -9999.0 -9999.0 -9999.0 -9999.0 -9999.0 2325.782384 2330.154200 2340.638733 2351.853986 2355.198982 2360.432370 2367.414811 2380.053935 2384.180355 2390.712967 2398.541611 2411.610691 2420.869542 2430.379823 2442.716426 2451.401309 2458.974407 2466.104233 2470.434277 2483.013285 2497.948296 2513.293321 2533.236427 2555.527354 2574.996708 2594.054670 2610.721191 2623.646163 2623.187267 2623.002721 2625.887082 2632.246028 2648.531969 2666.654314 2670.573662 2683.446133 2705.336017 2717.351513 2726.970507 2735.067201 2749.714848 2771.717982
-9999.0 -9999.0 -9999.0 -9999.0 -9999.0 -9999.0 -9999.0 -9999.0 -9999.0 -9999.0 2295.358836 2297.494604 2294.407172 2293.060842 2299.178388 2312.038766 2326.913520 2333.379488 2345.832677 2367.619164 2386.563722 2390.313053 2404.635968 2415.731063 2423.201401 2433.868666 2447.359380 2460.159758 2476.468076 2488.826692 2499.016723 2516.859475 2533.223763 2549.965620 2567.869741 2588.632058 2606.151185 2631.940860 2659.445547 2670.556691 2690.085948 2696.365425 2693.574863 2693.366368 2703.456419 2717.358367 2735.169026 2753.928261 2772.554115 2796.084970 2809.606768 2823.787376 2834.452891 2846.572308 2862.866372
-9999.0 -9999.0 -9999.0 -9999.0 -9999.0 -9999.0 -9999.0 -9999.0 2269.699189 2277.937335 2284.104495 2281.474338 2277.602378 2273.050220 2288.088944 2304.343872 2320.930363 2339.688376 2356.015642 2374.826709 2389.756810 2405.625984 2426.632450 2438.550216 2450.246623 2466.040418 2479.914097 2496.111563 2517.333955 2527.368788 2541.000544 2561.574326 2578.528052 2596.367792 2615.423860 2633.241790 2657.861011 2690.125850 2721.221436 2740.743645 2768.028865 2786.651462 2783.665356 2784.607113 2788.189822 2813.143314 2841.226990 2871.189740 2824.028311 2845.581520 2873.325359 2890.504959 2899.707704 2910.871738 2924.684820
-9999.0 -9999.0 -9999.0 -9999.0 -9999.0 -9999.0 2240.529104 2265.227387 2280.913064 2273.100421 2261.043630 2257.099330 2252.419720 2281.489473 2304.560148 2322.706721 2340.288944 2358.609423 2375.620390 2386.349097 2418.505482 2438.273029 2451.984282 2467.893123 2483.307418 2498.698648 2516.215911 2539.004305 2558.606350 2583.655954 2603.978318 2623.966943 2650.795506 2670.085512 2688.843984 2705.381090 2735.405683 2770.648077 2806.868471 2833.960795 2860.114102 2826.336183 2825.947648 2828.657729 2831.812095 2853.860803 2886.011445 2914.441009 2943.771487 2974.132684 3000.804237 2990.393550 2998.275364 3007.791737 3019.752235
-9999.0 -9999.0 -9999.0 -9999.0 2206.864047 2227.981259 2247.567211 2278.330694 2301.115303 2296.840426 2302.820831 2302.447750 2299.876277 2305.473557 2314.255090 2332.805051 2352.725642 2372.936254 2389.415652 2420.736459 2467.739999 2481.541977 2502.352495 2533.683008 2546.776051 2562.365780 2579.235921 2601.558426 2623.682257 2655.472088 2694.316321 2727.558821 2751.765751 2772.319901 2793.395168 2813.573346 2849.147022 2820.801945 2853.561407 2885.015651 2911.427987 2934.265654 2942.523436 2948.063301 2958.255525 2974.494520 2995.642891 3000.785990 3031.570187 3062.561078 3085.534858 3094.686028 3100.117029 3109.292083 3117.186714
-9999.0 -9999.0 -9999.0 2154.075802 2193.248042 2232.589068 2259.200575 2290.261673 2323.247697 2325.744092 2335.499553 2338.262646 2340.530806 2348.321704 2354.763334 2372.712833 2391.330845 2410.925345 2434.278649 2470.436523 2502.995118 2526.452979 2556.851416 2577.829267 2594.978725 2610.274110 2629.915909 2652.654637 2693.049748 2727.286501 2774.728641 2827.211269 2861.981164 2818.996551 2838.161085 2864.573944 2888.653340 2922.469832 2955.771581 2986.978980 2996.615584 3017.755718 3032.588804 3037.395534 3046.040451 3052.065959 3065.182293 3084.599650 3105.808950 3134.844407 3162.793313 3186.138197 3200.061306 3210.059334 3226.081404
-9999.0 -9999.0 2105.874805 2144.945346 2177.542826 2225.954932 2279.545800 2315.130789 2355.952925 2377.744158 2383.483310 2397.787171 2412.143488 2417.166992 2430.165557 2446.217348 2468.334884 2478.206534 2498.971226 2521.656894 2564.610703 2604.047314 2610.764450 2656.707409 2689.849230 2722.004933 2742.256729 2770.406540 2809.054609 2847.070803 2827.471448 2873.731902 2907.765695 2933.674482 2948.904451 2967.971397 2987.930812 2991.609475 3025.023691 3050.604172 3081.277346 3105.754899 3125.154842 3127.474700 3130.332074 3145.538624 3171.387217 3196.339861 3222.579128 3248.704427 3240.290086 3258.507602 3266.665194 3271.219729 3278.378733
-9999.0 -9999.0 2076.850391 2122.993610 2159.919316 2221.484863 2306.224703 2342.418075 2384.587444 2431.795628 2449.042267 2473.328273 2475.924237 2474.645190 2496.564912 2516.063339 2535.656473 2545.095022 2543.324120 2598.062601 2655.650252 2691.455851 2713.836015 2788.385048 2839.840378 2862.826773 2815.701725 2833.205664 2853.929493 2892.875241 2931.142292 2982.994605 3004.364435 3032.150779 3045.832224 3063.732272 3082.120575 3096.236345 3114.359316 3156.860451 3185.182571 3212.894739 3241.884703 3262.002227 3269.606223 3273.535157 3253.494153 3268.646813 3278.994901 3283.461773 3285.162233 3281.500411 3280.866603 3281.614257 3282.547902
-9999.0 1984.852558 2037.369656 2089.056169 2155.413755 2219.462708 2298.123034 2375.918108 2440.303226 2492.434213 2521.109885 2523.501579 2539.296622 2573.082523 2597.357886 2620.236950 2627.514172 2638.391848 2625.386560 2680.394127 2724.200810 2783.080927 2827.379661 2881.067174 2935.963800 2933.803462 2922.342255 2929.560249 2947.688564 2991.228279 3043.956864 3094.170885 3152.482944 3193.765996 3208.682439 3214.786910 3231.903363 3251.220654 3213.838732 3248.273793 3263.851986 3276.933134 3283.324467 3285.131671 3286.142637 3285.959047 3282.408417 3275.620545 3267.613537 3261.896878 3257.751977 3253.251335 3255.678199 3258.985393 3259.415002
-9999.0 1947.492816 2005.742722 2075.494306 2144.618127 2199.737467 2290.684316 2449.764821 2510.759715 2550.469702 2564.567599 2559.915756 2627.043393 2692.351536 2723.582809 2771.572990 2763.333082 2753.417454 2728.519600 2759.376435 2803.699842 2813.509887 2966.805157 3034.982295 3075.643995 3083.634266 3085.773482 3112.191918 3152.083202 3191.311931 3230.035556 3209.457700 3249.032848 3268.235913 3272.269961 3272.840523 3277.173905 3276.016515 3274.177673 3269.919038 3264.897158 3265.037406 3269.386514 3269.203321 3266.327707 3263.094207 3257.488047 3250.062798 3244.779223 3240.168583 3237.487994 3234.605228 3232.800167 3232.378492 3227.808931
-9999.0 1910.836215 1984.539845 2044.927849 2098.092977 2198.042956 2327.559446 2469.991640 2566.930339 2604.403861 2600.811375 2651.559297 2755.372721 2825.041449 2874.762578 2896.559850 2884.454765 2845.874464 2833.851598 2876.631745 2943.092232 3031.489948 3149.410832 3235.362198 3248.569191 3251.270329 3213.166353 3233.688838 3252.708175 3254.883715 3255.768313 3261.762937 3266.692178 3269.449683 3267.946896 3265.074209 3260.329568 3252.267382 3247.431067 3243.885665 3240.210449 3239.263766 3241.429085 3242.996535 3240.283416 3236.438133 3231.980177 3226.401378 3220.310078 3213.650419 3209.506917 3205.395737 3203.326847 3198.135561 3194.474493
-9999.0 1795.592749 1889.389931 1935.153073 2023.785366 2207.975840 2337.198928 2482.149536 2642.677943 2672.221422 2730.239839 2836.504879 2947.544297 3013.267034 3043.555119 3077.597834 3101.722927 3118.584702 3152.706149 3060.432311 3129.896899 3207.783882 3243.391288 3258.822591 3265.088985 3265.394374 3256.055721 3235.780377 3225.160005 3218.420278 3220.027235 3227.239379 3232.119964 3237.073106 3234.826040 3235.680753 3236.381042 3233.066470 3229.265687 3220.763625 3213.027356 3206.667747 3203.904063 3208.763800 3204.070676 3201.490408 3195.463616 3187.404593 3181.890317 3174.628309 3166.889178 3160.403419 3158.103614 3153.047393 3151.884935
-9999.0 1714.747206 1788.874837 1858.834264 1979.208677 2143.705880 2251.870440 2413.937331 2645.341821 2776.004557 2903.248160 2983.959134 3045.194008 3090.768504 3142.719271 3188.726693 3212.691673 3222.132870 3197.355696 3213.988671 3176.171424 3165.632239 3179.849560 3207.018227 3222.191897 3225.931776 3217.785393 3208.111328 3200.892761 3199.772677 3197.876274 3194.646895 3191.303617 3188.171719 3185.032092 3187.624750 3192.639257 3186.006452 3179.331560 3170.465571 3162.382765 3153.527748 3147.777396 3143.594197 3143.514941 3143.690792 3136.251753 3125.986195 3115.532649 3107.465949 3100.290460 3095.594394 3093.126815 3088.368209 3080.245803
-9999.0 1601.921666 1730.962239 1813.431374 1917.330472 2049.328225 2161.654817 2318.356388 2456.226043 2693.686727 2818.916721 2978.204999 3014.478374 3077.491523 3126.739932 3193.476008 3190.386662 3160.401792 3120.154023 3103.578784 3111.755409 3119.986744 3128.962047 3144.393184 3161.378929 3170.952805 3174.751372 3168.150420 3154.144167 3142.726209 3133.088441 3120.731698 3112.128700 3110.081613 3112.987942 3121.980768 3123.072520 3113.913153 3100.436318 3083.789082 3068.848756 3057.550622 3055.307127 3057.650948 3058.460712 3054.690439 3048.724838 3038.318590 3026.011871 3014.088614 3008.068376 3003.600080 2996.633444 2986.858789 2996.145418
-9999.0 -9999.0 1648.746334 1758.146118 1856.609675 1971.765462 2070.208217 2197.425618 2342.098741 2518.424479 2638.072457 2802.388811 2861.532705 2904.444399 2942.847318 2986.167030 3007.417931 3033.253008 3021.163743 3029.234789 3036.925992 3041.489085 3047.357253 3054.297981 3065.127616 3074.573111 3083.652321 3080.957610 3072.011316 3052.693207 3028.968761 3010.583853 3000.706263 2992.288987 3003.394954 3015.481888 3010.884016 3004.154691 2992.605872 2996.949043 2984.661979 2970.672982 2967.123388 2967.164450 2967.581757 2965.095599 2962.021911 2951.964049 2939.617472 2929.151103 2924.658909 2918.878885 2914.684235 2904.651706 2894.577983
-9999.0 -9999.0 1561.692744 1667.360038 1773.698236 1893.157585 1982.905122 2018.236500 2160.616372 2269.629014 2377.566361 2486.339528 2579.759365 2650.117788 2689.602319 2753.687886 2807.193843 2827.142198 2815.109461 2858.555618 2889.476262 2924.423223 2945.502692 2953.996653 2966.822176 2980.800707 2988.681063 2974.812241 2963.806138 2947.135930 2926.866455 2901.630936 2888.738522 2887.243306 2887.366213 2890.097925 2883.188732 2874.161911 2860.009666 2846.469752 2834.206973 2824.565722 2820.832239 2816.006791 2814.031469 2811.307035 2811.623032 2868.183892 2858.426895 2852.183458 2843.245056 2837.946269 2835.499897 2830.344609 2822.641627
