tests/Borden05m/sims/sim_1/output-maps/psiliqL0001N0012.asc
ncols         160
nrows         34
xllcorner     620200.000000
yllcorner     5168000.000000
cellsize      0.500000
NODATA_value  -9999.0
[rows 0 to 24 of 34, columns 56 to 111 of 160]
-9999.0 -9999.0 -9999.0 -9999.0 -9999.0 -9999.0 -9999.0 -9999.0 -9999.0 -9999.0 -9999.0 -9999.0 -9999.0 -9999.0 -9999.0 -9999.0 -9999.0 -9999.0 -9999.0 -9999.0 -9999.0 -9999.0 -9999.0 -9999.0 -9999.0 -9999.0 -9999.0 -9999.0 -9999.0 -9999.0 -9999.0 -9999.0 -9999.0 -9999.0 -9999.0 -9999.0 -9999.0 -9999.0 -9999.0 -9999.0 -9999.0 -9999.0 -9999.0 -9999.0 -9999.0 -9999.0 -9999.0 -9999.0 -9999.0 -9999.0 -9999.0 -9999.0 -9999.0 -9999.0 -9999.0 -9999.0
-9999.0 -9999.0 -9999.0 -563.759792 -564.812266 -565.512814 -565.869834 -567.326284 -568.420639 -569.750148 -569.917439 -569.732780 -569.980946 -570.555439 -569.853171 -568.960064 -568.210735 -567.115121 -567.384120 -567.277117 -566.850376 -566.732453 -566.920514 -567.423205 -567.730321 -568.101187 -567.493787 -569.038470 -571.046071 -572.581448 -572.879141 -571.522169 -570.741407 -570.932531 -570.227730 -568.663195 -567.355166 -566.996256 -565.413073 -565.775590 -565.158097 -564.056635 -564.923018 -565.087290 -564.892732 -564.479167 -566.782193 -9999.0 -9999.0 -9999.0 -9999.0 -9999.0 -9999.0 -9999.0 -9999.0 -9999.0
-567.990506 -565.023671 -565.289325 -569.805518 -570.182898 -570.227473 -569.975613 -570.560206 -572.154989 -572.507112 -573.702622 -574.220346 -574.361621 -574.864780 -574.514502 -572.542111 -571.155382 -570.792822 -571.140157 -571.330263 -571.785509 -572.100746 -571.990900 -572.469473 -572.900570 -573.362967 -573.191497 -571.881984 -573.355822 -574.075546 -574.804314 -575.604379 -575.325213 -575.098376 -575.033718 -573.186618 -572.532675 -572.112250 -569.643387 -567.335918 -566.767278 -567.749049 -568.779510 -568.447260 -568.451140 -569.339463 -570.188997 -570.068525 -570.455410 -570.595125 -571.471041 -570.112754 -570.201403 -568.717857 -567.496471 -566.070136
-572.023965 -568.588039 -568.871866 -572.236026 -574.224209 -574.800472 -574.340193 -572.890339 -573.419454 -574.589205 -576.389986 -574.397615 -574.695371 -574.899839 -574.562634 -573.914136 -573.677083 -573.385794 -572.961779 -571.197891 -571.375149 -571.545177 -571.448891 -571.748755 -572.308797 -572.231968 -572.522057 -574.022028 -573.760326 -573.381526 -573.719543 -572.238456 -572.171967 -571.312572 -573.952495 -573.553103 -572.981048 -572.608432 -572.371920 -572.067944 -571.572194 -572.722549 -571.864836 -572.701267 -574.628832 -575.002701 -574.722247 -572.981759 -572.075498 -573.044620 -576.635079 -574.745374 -570.769632 -571.144572 -571.850477 -569.971213
-574.305579 -573.684856 -574.193314 -575.581129 -574.182332 -573.055395 -572.341355 -572.976728 -574.271658 -575.851888 -572.655281 -571.395240 -572.159878 -571.812967 -570.888397 -570.843089 -574.853134 -575.902237 -574.398343 -572.834999 -572.196252 -572.952723 -573.315719 -573.997877 -573.972385 -573.523446 -573.932096 -573.300509 -572.778051 -573.492529 -572.500158 -571.368801 -570.248846 -572.749046 -574.991340 -574.860280 -573.012308 -571.702128 -571.085541 -569.203194 -566.171653 -566.697366 -567.347887 -567.577779 -567.777652 -571.243370 -574.412549 -575.638442 -576.153833 -577.074879 -576.281034 -576.971180 -573.797650 -574.079359 -574.627501 -573.141748
-577.245407 -573.417195 -572.515662 -574.692525 -575.834453 -576.327594 -575.973572 -576.415279 -576.387026 -573.594146 -572.154940 -569.589957 -570.648436 -570.599288 -570.702291 -573.386903 -575.380803 -576.768606 -572.694755 -569.483310 -568.484993 -569.426934 -570.215146 -567.257438 -568.134173 -568.488432 -570.240493 -569.620368 -569.936586 -566.854920 -565.718365 -564.101578 -564.742669 -567.789652 -570.333009 -570.456405 -570.209409 -570.579968 -569.917351 -568.049307 -565.635016 -567.468116 -568.189867 -567.866930 -573.114228 -577.130988 -578.420220 -575.384051 -573.639657 -573.906545 -573.583009 -573.399593 -575.530049 -575.002615 -574.763008 -575.799192
-569.712866 -567.643262 -563.993661 -566.552214 -568.282363 -571.414024 -571.052819 -570.705055 -569.698736 -568.309492 -565.589194 -560.152139 -561.411812 -561.111411 -559.241225 -562.251513 -565.020091 -569.281813 -564.581686 -563.605659 -562.127317 -562.433130 -558.788907 -555.509275 -557.531509 -560.266399 -563.543316 -561.573465 -557.271398 -553.254457 -552.382127 -551.959790 -551.185712 -554.076898 -554.769874 -555.361717 -555.059918 -557.053355 -557.034690 -554.035931 -548.750090 -548.132826 -550.658701 -555.582756 -562.977022 -569.580507 -573.081640 -568.772391 -569.990818 -570.515681 -569.745088 -572.318563 -573.771795 -571.455396 -573.427663 -574.956369
-568.100634 -566.088143 -561.948579 -563.789152 -567.063632 -570.538094 -570.470358 -568.400494 -567.456409 -563.492961 -557.805890 -551.147165 -547.330719 -543.662159 -539.490377 -542.720738 -546.109787 -549.968912 -549.303203 -544.811543 -540.258419 -534.513503 -527.730884 -520.161314 -521.852816 -525.499614 -525.731287 -524.174104 -516.395876 -508.803885 -505.509219 -503.231786 -498.623887 -501.533113 -506.897809 -512.842569 -518.592575 -523.507913 -527.404688 -521.000121 -513.750176 -515.193693 -528.800643 -539.437680 -549.707049 -558.718812 -568.008335 -567.823815 -566.115174 -564.521766 -567.821302 -569.292012 -572.213687 -572.746995 -572.334947 -575.598930
-549.081725 -543.846904 -537.490055 -534.583942 -540.739393 -541.552797 -539.362147 -534.728889 -532.986573 -527.323713 -510.424608 -479.446564 -442.006420 -414.680480 -410.328130 -418.070781 -430.343615 -450.694017 -461.804854 -445.541431 -427.337497 -412.996970 -405.059435 -399.111057 -394.831422 -395.077712 -395.007693 -393.900968 -392.702484 -390.042674 -386.605961 -382.959392 -378.568768 -376.936244 -382.140830 -387.169273 -392.500675 -397.345969 -398.501583 -400.121563 -397.320879 -397.742028 -408.631635 -432.402413 -473.010466 -505.679514 -524.473411 -537.284639 -537.379653 -542.754945 -546.979849 -551.664298 -561.689390 -564.295394 -565.676687 -573.562596
-506.244739 -480.403112 -457.892484 -435.374595 -431.561571 -426.849241 -422.661807 -416.202750 -410.692326 -406.648296 -390.235864 -367.297313 -341.469303 -319.210708 -310.759381 -318.727673 -327.915135 -338.345987 -346.883053 -346.083344 -334.808209 -321.256589 -308.492899 -300.382171 -297.481425 -298.892233 -298.735035 -298.046919 -295.728375 -294.476447 -291.410793 -286.169136 -277.169471 -265.490969 -267.516132 -281.586098 -292.748602 -306.038061 -312.006308 -315.185319 -320.358694 -321.078707 -321.317608 -340.903903 -362.235459 -383.933906 -402.433721 -417.004948 -445.866116 -474.482518 -494.168750 -520.068063 -538.784515 -552.113479 -560.772280 -568.689293
-392.382141 -373.506296 -353.249910 -339.803560 -333.716658 -330.413113 -326.799444 -320.734006 -315.481334 -308.664348 -294.308634 -264.612675 -230.231072 -197.826996 -190.868556 -197.804660 -207.533877 -218.643224 -226.409125 -228.208803 -224.762453 -216.735525 -205.922473 -194.415860 -185.267068 -184.653719 -182.047561 -184.581597 -182.917774 -179.600202 -179.621217 -174.594813 -166.363447 -157.543672 -155.844608 -165.895904 -178.459153 -195.153056 -206.177659 -219.691683 -228.234277 -230.438561 -230.639221 -231.481752 -250.096608 -278.756348 -314.768834 -338.982301 -358.342904 -370.174159 -381.209469 -389.596172 -409.977589 -427.570132 -469.577880 -504.721426
-309.351134 -286.138443 -260.186950 -240.527967 -227.959396 -221.525883 -214.220631 -206.724756 -199.848017 -188.094216 -175.464941 -158.771207 -127.854711 -65.818256 -48.344222 -49.641044 -59.072740 -72.535659 -75.053564 -74.914798 -101.797421 -70.532737 -94.083373 -54.427918 -73.864115 -69.108363 -36.438600 -70.648422 -68.731339 -36.505870 -36.897992 -36.602868 -35.286640 -30.306933 -28.086097 -58.855592 -42.812633 -59.476371 -76.553016 -121.574051 -132.492425 -137.954082 -139.694273 -142.550127 -151.697015 -175.191167 -210.631156 -244.689580 -269.262454 -286.370731 -298.379763 -306.265316 -312.209349 -324.605723 -347.280189 -375.931166
-210.084942 -190.123145 -168.593424 -142.324507 -121.361190 -99.752825 -68.957485 -64.537213 -54.605681 -40.367144 -55.034953 -45.409770 -5.434802 11.701779 20.382674 26.062042 27.136891 28.050419 29.765609 30.223363 29.542332 30.567893 30.687725 30.956401 33.254150 33.592794 33.826565 33.245307 33.793891 34.036239 33.922097 34.232507 31.935715 31.992539 32.341601 31.408821 29.659239 22.282681 8.310585 -2.589146 -9.287676 -15.987145 -24.187381 -32.809974 -41.092310 -53.411035 -111.057984 -147.283709 -179.291838 -198.026422 -206.899739 -212.507600 -217.064833 -229.800189 -248.569426 -272.446477
-69.437559 -57.334208 -67.260706 -21.142845 -5.915591 4.598086 10.260083 14.328300 23.766806 33.468507 35.241584 35.124926 35.387679 36.050084 35.859417 34.708897 35.452444 33.467854 33.536020 32.039079 27.075981 18.588611 19.608534 20.966825 22.882482 26.427960 24.812184 25.591686 28.484973 27.068777 22.037555 18.699681 17.186999 17.140128 23.581105 26.594559 27.127374 27.822371 26.994812 27.018193 26.888560 26.894648 26.672257 26.691850 21.989231 14.124399 -4.298586 -30.125406 -57.736975 -108.632145 -121.975938 -122.369770 -126.284408 -132.740139 -152.303136 -181.914126
16.459997 26.817630 36.699947 36.310912 37.203829 36.218217 38.296864 39.720683 38.370893 35.210136 32.662069 27.912714 26.938855 25.562191 23.279862 24.506581 22.250084 18.621836 15.821352 11.269485 0.633336 -10.794548 -12.843257 -7.887505 -3.756008 0.194273 2.346849 6.245019 7.952285 4.579677 -4.265956 -11.011232 -13.066868 -7.208969 -2.152946 2.289942 4.493699 1.346726 -0.590469 0.031979 -1.830157 -1.063899 5.106539 16.408377 23.941482 23.929867 23.901178 23.566522 23.594731 3.281539 -14.903476 -12.470771 -16.115452 -26.252551 -47.805747 -101.708346
29.795997 30.203574 28.035120 22.607296 17.300130 16.797629 20.221888 26.549485 28.650069 21.966681 14.891029 9.161576 2.342282 0.217677 -1.330817 -1.519093 -1.892805 -6.902830 -13.113213 -26.608461 -72.572056 -89.721236 -97.566713 -98.707491 -92.185603 -81.937344 -68.959287 -32.320619 -34.879140 -68.463961 -88.835335 -99.074082 -99.922971 -97.542728 -89.793463 -77.879293 -70.630541 -75.033741 -79.417369 -81.769785 -85.254432 -81.606158 -50.124817 -26.847059 -13.694381 -2.426930 4.867861 10.975064 16.352834 23.239191 23.162471 23.081796 22.970222 18.936987 6.655763 -10.774069
16.524646 10.898829 6.526886 -0.508421 -6.234051 -7.499762 -4.680608 -1.015782 -2.692517 -9.176558 -18.407180 -28.890906 -71.871345 -83.128640 -84.538342 -83.692113 -83.808566 -89.824024 -103.771656 -121.980953 -140.819948 -156.954147 -161.803560 -165.880849 -166.865794 -154.894667 -137.492083 -126.886949 -137.287475 -150.039938 -165.939512 -174.920314 -178.020710 -176.745282 -168.179245 -151.322964 -135.792758 -136.122846 -144.690358 -152.296048 -155.391101 -154.493244 -141.660324 -120.005887 -99.669567 -82.678379 -54.343346 -35.475430 -27.566973 -18.878547 -9.001117 2.092672 11.584355 21.892019 22.165192 22.113838
-7.040334 -14.365470 -23.806769 -60.755776 -72.280640 -78.277945 -81.466451 -83.722501 -89.113120 -95.496747 -105.160493 -118.031129 -134.514449 -149.722370 -154.098171 -156.685355 -155.220789 -166.214260 -177.914894 -197.593304 -213.291600 -228.163024 -235.536241 -240.249242 -244.274797 -235.622071 -218.801249 -208.511471 -223.063914 -233.428752 -247.359250 -254.456725 -257.786239 -256.987595 -248.635276 -227.538865 -210.755368 -206.083024 -214.330135 -221.316891 -224.060964 -223.427215 -216.739003 -199.603413 -178.694025 -158.036390 -140.751831 -129.112773 -120.170232 -109.320800 -94.149195 -75.993287 -33.199399 -17.718798 -1.316074 11.125598
-76.996700 -88.695259 -100.452738 -116.307548 -129.471990 -136.691819 -137.211900 -144.254397 -150.294204 -159.316604 -197.307643 -211.708799 -228.159865 -241.882500 -246.782592 -253.751899 -257.028592 -266.208045 -273.157154 -283.857106 -297.151436 -310.196034 -320.885551 -323.554545 -325.975182 -328.109751 -319.153396 -315.336407 -318.351937 -324.383845 -330.854161 -334.354030 -336.385086 -333.399509 -323.492400 -313.813844 -304.657799 -301.100392 -306.620778 -302.802953 -298.010758 -297.911990 -284.466617 -271.527477 -255.038567 -234.976683 -213.770867 -202.380255 -193.282158 -182.386446 -166.520794 -147.980400 -126.100541 -101.809190 -73.971016 -29.254754
-129.948528 -143.901191 -158.387671 -172.088093 -185.070915 -196.695758 -196.859097 -200.812373 -206.333756 -234.892205 -272.102530 -297.793646 -311.498748 -326.750195 -333.825194 -341.456647 -359.122089 -369.631469 -375.578990 -374.699924 -382.192366 -391.954733 -399.282428 -402.054217 -403.742914 -408.432869 -410.091547 -408.208415 -403.772989 -408.063413 -410.996850 -410.194363 -411.711796 -411.994088 -406.514549 -399.321676 -395.407373 -391.297480 -387.282904 -384.745727 -380.247903 -362.978935 -351.273065 -340.462531 -325.788714 -308.801443 -289.976830 -274.233493 -263.742910 -251.509297 -234.200202 -218.091098 -197.025433 -172.872815 -143.635655 -120.740603
-194.784670 -211.923610 -226.518808 -240.999801 -255.674871 -274.628964 -276.868447 -283.298635 -292.335782 -323.985530 -354.376552 -378.356707 -391.710164 -404.213761 -412.842381 -435.116289 -473.783205 -493.132686 -493.176927 -488.764219 -494.103492 -506.350297 -515.373635 -521.027973 -526.343496 -533.252630 -537.084711 -533.413704 -529.525171 -530.116225 -530.648128 -529.414777 -529.714652 -530.038995 -529.227661 -521.791297 -516.563958 -510.799713 -505.850215 -501.675703 -479.214015 -447.033243 -421.795026 -404.915668 -392.570304 -376.749278 -357.815292 -342.408271 -331.711154 -317.926940 -302.420653 -285.301437 -266.680612 -243.229963 -215.062398 -192.070612
-257.032559 -279.302319 -296.872175 -314.278663 -339.269758 -350.992480 -358.828029 -365.578874 -384.251582 -406.741011 -439.097300 -482.744018 -505.283004 -519.841196 -531.138362 -541.852374 -550.218469 -555.089359 -551.929357 -550.335334 -547.540696 -552.035275 -555.541549 -556.315047 -559.413672 -562.120784 -565.759614 -562.805173 -561.571034 -558.185082 -558.633084 -558.610345 -557.074412 -557.859874 -558.054445 -560.186082 -557.681134 -556.317868 -554.692091 -548.297074 -541.778677 -534.213686 -526.183464 -514.819866 -497.888180 -468.736322 -429.033131 -404.680357 -391.920694 -378.153712 -361.068539 -346.068461 -331.833858 -314.253392 -291.792892 -271.064038
-334.826841 -350.312217 -367.575117 -389.481756 -413.836789 -443.476338 -458.916321 -488.601896 -510.373945 -532.266469 -543.343404 -548.762587 -554.030338 -557.767198 -560.538927 -565.056636 -568.093112 -572.810961 -570.914299 -568.396914 -564.693810 -567.817140 -568.246321 -567.542456 -569.288919 -571.108606 -574.176174 -573.704022 -571.287468 -568.377039 -568.614848 -568.072688 -566.372915 -566.323704 -567.659045 -570.423285 -569.784009 -568.103743 -566.510378 -563.178649 -560.044176 -556.861852 -553.997558 -549.635110 -544.080523 -537.376330 -527.036507 -511.349463 -495.612379 -465.103752 -424.230523 -403.166830 -393.695161 -382.261795 -362.310255 -346.383474
-402.017967 -417.032074 -450.944177 -497.226139 -524.407827 -542.121575 -550.309140 -556.920540 -562.723710 -564.836583 -566.817220 -568.987897 -570.731713 -572.593182 -574.264756 -575.597084 -577.803566 -582.447227 -580.489884 -577.835691 -574.782780 -574.703211 -575.011075 -574.717642 -575.384304 -577.438707 -581.189621 -579.632411 -577.423192 -575.429821 -574.862894 -574.519251 -573.252969 -574.174921 -576.056099 -578.802875 -577.678208 -575.665016 -574.615456 -573.258815 -571.197816 -568.985554 -566.775340 -564.131371 -561.381809 -557.493533 -552.870210 -547.224213 -540.557506 -532.271979 -519.877984 -510.153064 -497.603091 -480.987347 -448.680429 -417.535941
-515.841837 -529.045257 -539.145277 -548.316014 -557.394587 -561.731629 -565.396162 -568.401258 -571.512346 -573.339775 -574.762655 -573.833343 -574.428186 -576.479700 -576.256430 -577.289268 -581.008777 -579.622799 -578.538233 -575.485987 -576.070985 -576.246929 -576.968831 -576.453602 -576.922043 -580.570576 -578.728658 -577.960869 -575.880847 -575.565596 -575.168836 -574.861426 -574.494413 -574.931846 -577.526411 -576.995405 -576.342654 -574.459365 -574.494431 -573.803272 -571.666419 -571.130514 -569.889916 -568.060019 -566.087256 -563.666956 -560.625721 -556.201000 -551.500156 -546.803446 -545.303799 -541.831902 -538.709265 -541.024928 -534.087189 -525.557652
