tests/Borden05m/sims/sim_1/output-maps/psiliqL0002N0014.asc
ncols         160
nrows         34
xllcorner     620200.000000
yllcorner     5168000.000000
cellsize      0.500000
NODATA_value  -9999.0
[rows 0 to 24 of 34, columns 56 to 111 of 160]
-9999.0 -9999.0 -9999.0 -9999.0 -9999.0 -9999.0 -9999.0 -9999.0 -9999.0 -9999.0 -9999.0 -9999.0 -9999.0 -9999.0 -9999.0 -9999.0 -9999.0 -9999.0 -9999.0 -9999.0 -9999.0 -9999.0 -9999.0 -9999.0 -9999.0 -9999.0 -9999.0 -9999.0 -9999.0 -9999.0 -9999.0 -9999.0 -9999.0 -9999.0 -9999.0 -9999.0 -9999.0 -9999.0 -9999.0 -9999.0 -9999.0 -9999.0 -9999.0 -9999.0 -9999.0 -9999.0 -9999.0 -9999.0 -9999.0 -9999.0 -9999.0 -9999.0 -9999.0 -9999.0 -9999.0 -9999.0
-9999.0 -9999.0 -9999.0 -570.312337 -571.433513 -572.200418 -572.618557 -574.180898 -575.377879 -576.801249 -577.009562 -576.834476 -577.093467 -577.676324 -576.921362 -575.947662 -575.118864 -573.943761 -574.188035 -574.054349 -573.601314 -573.478224 -573.682446 -574.223818 -574.568990 -574.979122 -574.386468 -576.023293 -578.152834 -579.780913 -580.105771 -578.698694 -577.871719 -578.040214 -577.272614 -575.590572 -574.159431 -573.699574 -571.969890 -572.259551 -571.571289 -570.423907 -571.340863 -571.549218 -571.400402 -571.044928 -573.481005 -9999.0 -9999.0 -9999.0 -9999.0 -9999.0 -9999.0 -9999.0 -9999.0 -9999.0
-574.971816 -571.793360 -572.020491 -576.668870 -577.099312 -577.180921 -576.952680 -577.593929 -579.285832 -579.691450 -580.947324 -581.487185 -581.631087 -582.139978 -581.751624 -579.673510 -578.202189 -577.791232 -578.116681 -578.283336 -578.741551 -579.064892 -578.959182 -579.471888 -579.941488 -580.442286 -580.288346 -578.967811 -580.525330 -581.299616 -582.064219 -582.884695 -582.580863 -582.330764 -582.236490 -580.281901 -579.539517 -579.027912 -576.386978 -573.922410 -573.283934 -574.294573 -575.387281 -575.096061 -575.173602 -576.174572 -577.137961 -577.120623 -577.577467 -577.765442 -578.692133 -577.267936 -577.295099 -575.701553 -574.367855 -572.802806
-579.187515 -575.542289 -575.798178 -579.290429 -581.376406 -582.002357 -581.540589 -580.060216 -580.629433 -581.852793 -583.713006 -581.632674 -581.924270 -582.122222 -581.754807 -581.071680 -580.810305 -580.491174 -580.013906 -578.148526 -578.300724 -578.467404 -578.370400 -578.692418 -579.289718 -579.231727 -579.552614 -581.117156 -580.862524 -580.476863 -580.818805 -579.276244 -579.195217 -578.314484 -581.041340 -580.603905 -579.962974 -579.513162 -579.195942 -578.807071 -578.249579 -579.440238 -578.588446 -579.523656 -581.613201 -582.102552 -581.900038 -580.165823 -579.279428 -580.320773 -584.046718 -582.077495 -577.932149 -578.263702 -578.937126 -576.925558
-581.557979 -580.828151 -581.315049 -582.764989 -581.345885 -580.199556 -579.470073 -580.129125 -581.465170 -583.078096 -579.736762 -578.377243 -579.132129 -578.755873 -577.792645 -577.760968 -581.926137 -583.010983 -581.411146 -579.728318 -579.021564 -579.782507 -580.149758 -580.856800 -580.844407 -580.399778 -580.839198 -580.192769 -579.638659 -580.351517 -579.295705 -578.092570 -576.934753 -579.548114 -581.908537 -581.769828 -579.821805 -578.408887 -577.696094 -575.661885 -572.460637 -573.000555 -573.727094 -574.072508 -574.439606 -578.177046 -581.562161 -582.894339 -583.471235 -584.458143 -583.655568 -584.372558 -581.073276 -581.339309 -581.873945 -580.295088
-584.505228 -580.444078 -579.454780 -581.715599 -582.928150 -583.463028 -583.104150 -583.551390 -583.492958 -580.546021 -578.947573 -576.193438 -577.226666 -577.149359 -577.260644 -580.083758 -582.216110 -583.665341 -579.389091 -575.965551 -574.854384 -575.787616 -576.573583 -573.497347 -574.411344 -574.809839 -576.647843 -575.993158 -576.269469 -573.013888 -571.761339 -570.040189 -570.712281 -573.944972 -576.655833 -576.806035 -576.527265 -576.864583 -576.106584 -574.063358 -571.469249 -573.373517 -574.213130 -574.052583 -579.716555 -584.088292 -585.562330 -582.487846 -580.720946 -581.031275 -580.730894 -580.574551 -582.787836 -582.255657 -582.014799 -583.063179
-576.449077 -574.141203 -570.276916 -572.926540 -574.782492 -578.071960 -577.710366 -577.323858 -576.213561 -574.645224 -571.653971 -565.836109 -567.023502 -566.660216 -564.728226 -567.927570 -570.904939 -575.363194 -570.404738 -569.256683 -567.612136 -567.851450 -564.000620 -560.534752 -562.672950 -565.596614 -569.060355 -566.969385 -562.380744 -558.032613 -556.998486 -556.486284 -555.692400 -558.809648 -559.649833 -560.324038 -560.031168 -562.095202 -562.003624 -558.736974 -553.090125 -552.459360 -555.248472 -560.647912 -568.702326 -575.871709 -579.686343 -575.295947 -576.591385 -577.186998 -576.458962 -579.201383 -580.781338 -578.446729 -580.523704 -582.120670
-574.238041 -571.935972 -567.487509 -569.400280 -572.891374 -576.590561 -576.530818 -574.329553 -573.237179 -568.948441 -562.766447 -555.400930 -551.049176 -547.073343 -542.634947 -546.047067 -549.768998 -553.964224 -553.197394 -548.259319 -543.171260 -536.971617 -529.738045 -521.637218 -523.711279 -527.859312 -528.233835 -526.439411 -517.665256 -508.888417 -505.002152 -502.369739 -497.298514 -500.727109 -506.888979 -513.644295 -520.041963 -525.423701 -529.531490 -522.264318 -514.001659 -515.605538 -530.563096 -542.225770 -553.782553 -563.815563 -573.787036 -573.662796 -571.950888 -570.380194 -573.925549 -575.629259 -578.809541 -579.474430 -579.160763 -582.604684
-553.529374 -547.602937 -540.507803 -537.278765 -543.852492 -544.813850 -542.455479 -537.422485 -535.449055 -529.226744 -510.227239 -475.559549 -441.420258 -418.216444 -414.317773 -421.314507 -431.149322 -447.899513 -457.404668 -443.241170 -428.584863 -417.043502 -409.279282 -402.590641 -397.762511 -398.120993 -398.056433 -396.684081 -395.013824 -391.679984 -387.519497 -383.168885 -378.099255 -376.320210 -382.409201 -388.460310 -394.886892 -400.682032 -402.207581 -403.973107 -400.677950 -401.129461 -412.923970 -434.048040 -469.274035 -505.109460 -526.543043 -540.180849 -540.411088 -546.402195 -551.229828 -556.521785 -567.244862 -570.174829 -571.817660 -580.138052
-505.161494 -476.207763 -454.429317 -435.133362 -432.084839 -428.144832 -424.713050 -419.446285 -415.012873 -410.856113 -391.646375 -365.643538 -338.351828 -315.417662 -306.621965 -314.661582 -323.683521 -333.923245 -342.711189 -342.492737 -331.298835 -317.652131 -304.408705 -295.765463 -292.665340 -294.194781 -294.111372 -293.224404 -290.640689 -289.075867 -285.520523 -279.786675 -270.197363 -258.220384 -260.495984 -275.330946 -287.474148 -301.810721 -308.503324 -312.124522 -317.591329 -318.368742 -318.704454 -338.794159 -360.720144 -384.698448 -406.145033 -421.251906 -444.293952 -470.050633 -491.783680 -521.586227 -542.119748 -556.354073 -565.854460 -574.487632
-394.007670 -372.635082 -350.855651 -337.114139 -331.151597 -328.075502 -323.848771 -317.359916 -311.885657 -304.371355 -288.691066 -257.615962 -222.366822 -189.354344 -181.569456 -187.953283 -197.661339 -209.724489 -217.719849 -220.970244 -216.551543 -208.898789 -197.401372 -186.044224 -175.867304 -174.038802 -175.117125 -174.532759 -174.162851 -171.501797 -172.421842 -167.037778 -159.371585 -149.765198 -149.085269 -156.309558 -172.549203 -187.978615 -199.383033 -212.772571 -221.381876 -223.631273 -223.759239 -224.562765 -243.430549 -273.065347 -311.277389 -337.399865 -357.448324 -369.617461 -381.739640 -391.821930 -415.031625 -430.957791 -466.835544 -504.729501
-304.831711 -280.308184 -253.800456 -234.413221 -222.798569 -217.714328 -207.984449 -199.463630 -192.516775 -180.061361 -166.437921 -147.077304 -117.127475 -57.431228 -38.853778 -40.742687 -49.622923 -90.021776 -65.645125 -92.757950 -65.128801 -61.381524 -83.709442 -45.030396 -59.625772 -27.257255 -54.214094 -29.021700 -54.789316 -26.722623 -54.490178 -27.443662 -53.437562 -20.721964 -46.834840 -21.201007 -60.925155 -50.235292 -73.152489 -113.752947 -123.825478 -129.208192 -130.751228 -133.502325 -142.736902 -166.640601 -202.998612 -237.952164 -263.336896 -281.351482 -293.933890 -302.388703 -309.071178 -321.648752 -344.556660 -375.764006
-202.900954 -180.962762 -158.016419 -135.834326 -115.236329 -102.791337 -62.068659 -55.817628 -45.594674 -30.621756 -41.266129 -6.888264 4.091759 22.191686 30.893516 35.906051 37.753631 37.506471 40.707307 39.385749 40.464305 40.565915 40.758924 41.512267 43.073557 44.661095 43.334366 44.581127 43.677392 45.019403 43.924275 44.779875 41.928437 42.987328 41.928949 42.950671 39.880385 32.865837 19.011403 2.952803 1.087174 -5.988110 -13.858622 -22.527447 -31.030879 -43.757154 -101.232615 -137.967296 -170.409946 -189.761308 -199.023195 -204.964669 -209.939470 -223.239729 -242.837350 -267.138891
-60.885388 -48.411785 -31.539273 -35.330665 3.470938 10.781853 20.525468 24.388181 33.806035 44.244417 44.664007 46.545609 45.226657 46.721657 45.404940 46.905746 45.456710 44.728394 43.139909 43.397980 37.194050 29.050222 30.428696 31.382745 33.805349 36.434742 35.576906 35.838825 39.184691 37.273541 32.855435 29.630544 28.143886 28.078035 34.631856 36.737103 38.132877 38.179146 38.147957 37.713498 37.924501 37.549557 37.669620 37.674272 32.919724 25.204750 6.241736 -19.497845 -47.795382 -98.473205 -112.164235 -112.865840 -117.338541 -125.245227 -149.147238 -176.492864
26.584203 36.567912 47.342186 45.920958 47.515744 46.182769 48.907104 48.999528 50.619748 45.044767 43.321851 37.843581 37.614250 35.954009 34.225124 34.560963 33.035080 29.433857 26.532835 21.560409 9.787565 -0.971431 -2.660178 1.884446 6.271025 -13.825349 11.970924 9.689410 18.679417 7.690989 5.852962 -0.776857 -2.821294 2.986757 8.040963 -12.149154 12.449044 -13.111213 9.713471 10.206088 8.705730 9.126089 15.258702 27.391024 35.078018 35.151044 34.921858 34.883865 34.505307 14.056156 -4.193639 -1.774824 -5.471110 -16.210686 -69.865214 -97.882058
40.358191 40.965240 37.756780 32.937424 27.784942 27.327057 30.883336 37.394587 38.323011 32.581678 25.551711 19.420825 12.347927 9.932633 8.966814 7.882665 8.198777 3.128367 -3.327474 -18.514320 -62.673427 -79.802517 -87.672229 -89.156702 -84.228117 -78.353876 -67.720684 -58.926244 -35.248748 -69.350433 -82.347110 -91.047148 -91.386260 -88.919407 -81.782652 -73.768092 -70.001681 -71.195547 -71.901887 -73.518659 -77.415542 -76.434453 -63.283471 -17.077447 -3.197708 8.223661 15.013765 22.144705 27.578025 34.550213 34.457392 34.435734 34.369854 30.280242 17.308523 -0.084655
26.663450 21.033305 14.362969 9.147929 3.543072 2.297146 5.296608 9.200579 6.189495 0.687582 -8.808234 -24.755190 -62.879724 -73.595943 -74.589157 -73.510335 -73.721850 -79.906541 -94.081144 -112.690201 -131.808345 -148.213232 -153.338706 -157.859653 -159.887733 -149.608170 -134.152973 -127.008959 -134.425367 -146.300363 -160.650330 -168.780805 -171.496742 -170.102838 -161.649300 -145.601449 -130.726641 -130.351701 -138.015790 -145.374464 -148.796868 -148.940659 -137.964484 -113.170648 -92.129404 -76.623500 -62.309243 -26.142868 -17.108676 -8.094416 1.850521 13.124618 22.946413 33.346050 33.698334 33.581556
2.146522 -7.030110 -44.437448 -56.698257 -64.350493 -69.174363 -71.827739 -73.909538 -79.946931 -86.383368 -96.417259 -110.164743 -126.538678 -141.662297 -145.795983 -148.132445 -146.622269 -157.697720 -169.573155 -189.605690 -205.827033 -221.347895 -229.371743 -234.696899 -239.440392 -231.504886 -215.374489 -205.764954 -219.961500 -230.194359 -243.741280 -250.543851 -253.819097 -253.114682 -244.800103 -223.492511 -206.434703 -201.151189 -208.967269 -215.736889 -218.550458 -218.219006 -211.743832 -193.872724 -172.614087 -152.118611 -135.821913 -121.400160 -111.255725 -99.806585 -84.255014 -65.683464 -23.211932 -6.820074 9.834711 22.646829
-71.780736 -83.277111 -98.071845 -110.865855 -122.295994 -128.641176 -128.705418 -135.650178 -142.075760 -151.499417 -190.112919 -205.202528 -222.299737 -236.461134 -241.321019 -247.969979 -250.900265 -260.000591 -267.214099 -278.490796 -292.833774 -307.166398 -319.090879 -322.467744 -325.441724 -328.023540 -318.811870 -314.776164 -317.698213 -324.060080 -330.760333 -334.386828 -336.575338 -333.591008 -323.274169 -313.044603 -303.260301 -299.088802 -304.284638 -300.011382 -294.971931 -294.783078 -280.998216 -267.483191 -250.394238 -229.919738 -208.339240 -195.897181 -185.975228 -174.469799 -158.104548 -139.086395 -116.658723 -91.914419 -63.625393 -19.197463
-125.240683 -138.576973 -153.292947 -166.267046 -178.591087 -189.790192 -189.672567 -193.625678 -199.566217 -229.037606 -267.367408 -294.289070 -309.251471 -325.821221 -333.245424 -340.275467 -357.691738 -368.523025 -375.144223 -374.447905 -383.060177 -394.457754 -403.188528 -406.659287 -408.787121 -414.062364 -415.693088 -413.650533 -408.713311 -413.259919 -416.013464 -414.929883 -416.462775 -417.252136 -411.779968 -403.658030 -399.005503 -394.090223 -389.282427 -386.226359 -381.397388 -363.407104 -351.714439 -340.389122 -324.478475 -306.318833 -286.609737 -269.999267 -258.733439 -245.756899 -227.745315 -210.963471 -189.221337 -164.472595 -134.700703 -111.266983
-189.940425 -206.839298 -221.501459 -236.017224 -250.887369 -269.933033 -272.048644 -278.584785 -288.556868 -322.364731 -354.396142 -379.273653 -394.264835 -408.701937 -417.681621 -436.237504 -470.088099 -490.851621 -491.110654 -486.317369 -492.094775 -505.951966 -516.236705 -522.601328 -528.515651 -535.946378 -540.075863 -536.166456 -531.979927 -532.305649 -532.675730 -531.282355 -531.514071 -531.914558 -531.328071 -523.565281 -517.799479 -511.227683 -505.330091 -499.765316 -474.411919 -444.552953 -424.355782 -408.754644 -395.060644 -377.846411 -358.396275 -342.374034 -330.733650 -315.868568 -299.370220 -281.164290 -261.401836 -236.893369 -207.881708 -184.272691
-253.072244 -275.874333 -294.026923 -312.389157 -339.011204 -350.644447 -358.250603 -364.902925 -385.919779 -411.159488 -440.591100 -478.978900 -504.608654 -521.347126 -533.830777 -545.552096 -554.793904 -560.172151 -556.896699 -555.131669 -552.178093 -556.957390 -560.711192 -561.619317 -564.971950 -567.913753 -571.773315 -568.685819 -567.289621 -563.634698 -564.006253 -563.919612 -562.277101 -563.095064 -563.352435 -565.614443 -562.957775 -561.397119 -559.485592 -552.488932 -545.154444 -536.452501 -527.154187 -514.200107 -494.277834 -463.270592 -429.812611 -408.057448 -394.267451 -379.522316 -362.125012 -346.349713 -330.743769 -311.556118 -287.641349 -265.969567
-334.617813 -351.230131 -368.754133 -391.917250 -418.619209 -443.313408 -456.432603 -486.521990 -511.658570 -535.605827 -547.298781 -553.405597 -559.239608 -563.380652 -566.493662 -571.399124 -574.746048 -579.758843 -577.796369 -575.115290 -571.224214 -574.439179 -574.920840 -574.252270 -576.136179 -578.111298 -581.336952 -580.821766 -578.234007 -575.122013 -575.278718 -574.658264 -572.862015 -572.816995 -574.242368 -577.126050 -576.420093 -574.567298 -572.757768 -569.098861 -565.583862 -561.989857 -558.704159 -553.832465 -547.600320 -539.883266 -527.869231 -509.868540 -491.094531 -459.285948 -425.294946 -406.385266 -396.177183 -383.481107 -362.366298 -346.167313
-406.148716 -421.526036 -449.074382 -494.717156 -525.983671 -545.540058 -554.776904 -562.223913 -568.647357 -571.071917 -573.290208 -575.682984 -577.639029 -579.721042 -581.581642 -583.084147 -585.479667 -590.299748 -588.274632 -585.490696 -582.317559 -582.215395 -582.547679 -582.272277 -583.000086 -585.172011 -589.033435 -587.399662 -585.058223 -582.933468 -582.282066 -581.881192 -580.552517 -581.507488 -583.477728 -586.307080 -585.108462 -582.946625 -581.753371 -580.210997 -577.898906 -575.410657 -572.896080 -569.899644 -566.754800 -562.378576 -557.178748 -550.848954 -543.337531 -533.765189 -519.443720 -508.221370 -493.664779 -475.322167 -445.773585 -420.952847
-516.733691 -531.272342 -542.560376 -552.859318 -562.781574 -567.666234 -571.796949 -575.190316 -578.634373 -580.697721 -582.264347 -581.395886 -582.096984 -584.290239 -584.142004 -585.278535 -589.125510 -587.712505 -586.600106 -583.456785 -584.040623 -584.212210 -584.956407 -584.439735 -584.933235 -588.676288 -586.770309 -585.957342 -583.776567 -583.396869 -582.939440 -582.591067 -582.194853 -582.638119 -585.302742 -584.744975 -584.042630 -582.044120 -581.995903 -581.182769 -578.853174 -578.149453 -576.698904 -574.604874 -572.327670 -569.545667 -566.071817 -561.128291 -555.900568 -550.721969 -548.897413 -545.096192 -541.703013 -543.945093 -536.125846 -526.501312
