tests/Borden05m/sims/sim_1/output-maps/psiliqL0003N0019.asc
ncols         160
nrows         34
xllcorner     620200.000000
yllcorner     5168000.000000
cellsize      0.500000
NODATA_value  -9999.0
[rows 0 to 24 of 34, columns 56 to 111 of 160]
-9999.0 -9999.0 -9999.0 -9999.0 -9999.0 -9999.0 -9999.0 -9999.0 -9999.0 -9999.0 -9999.0 -9999.0 -9999.0 -9999.0 -9999.0 -9999.0 -9999.0 -9999.0 -9999.0 -9999.0 -9999.0 -9999.0 -9999.0 -9999.0 -9999.0 -9999.0 -9999.0 -9999.0 -9999.0 -9999.0 -9999.0 -9999.0 -9999.0 -9999.0 -9999.0 -9999.0 -9999.0 -9999.0 -9999.0 -9999.0 -9999.0 -9999.0 -9999.0 -9999.0 -9999.0 -9999.0 -9999.0 -9999.0 -9999.0 -9999.0 -9999.0 -9999.0 -9999.0 -9999.0 -9999.0 -9999.0
-9999.0 -9999.0 -9999.0 -583.319403 -584.694480 -585.690988 -586.304844 -588.258972 -589.821640 -591.605189 -591.944943 -591.785631 -592.093785 -592.739893 -591.784099 -590.517269 -589.410251 -587.939425 -588.130597 -587.915378 -587.361309 -587.215919 -587.477948 -588.160563 -588.633608 -589.178302 -588.589605 -590.591036 -593.212152 -595.222783 -595.649682 -593.999338 -592.981980 -593.096175 -592.095607 -589.968772 -588.102318 -587.333428 -585.099582 -585.208118 -584.287346 -582.949991 -584.055134 -584.394468 -584.358252 -584.137354 -587.081348 -9999.0 -9999.0 -9999.0 -9999.0 -9999.0 -9999.0 -9999.0 -9999.0 -9999.0
-589.446778 -585.485535 -585.624060 -590.925663 -591.539754 -591.732088 -591.556797 -592.403379 -594.488429 -595.081404 -596.602715 -597.242595 -597.407170 -597.971150 -597.441098 -594.911107 -593.095809 -592.518549 -592.805213 -592.917743 -593.411984 -593.780230 -593.680439 -594.325605 -594.938134 -595.583082 -595.465943 -594.030197 -595.935640 -596.923788 -597.848328 -598.781983 -598.384882 -598.049470 -597.867628 -595.460897 -594.411798 -593.604808 -590.308768 -587.259141 -586.391048 -587.540437 -588.871466 -588.674986 -588.957293 -590.329226 -591.674747 -591.952670 -592.637511 -592.976072 -594.109331 -592.399474 -592.251614 -590.240533 -588.503293 -586.453854
-594.468705 -589.989440 -590.185793 -594.281409 -596.799137 -597.607165 -597.105932 -595.437110 -596.165949 -597.637258 -599.798050 -597.315625 -597.610679 -597.804424 -597.321803 -596.483495 -596.143473 -595.722216 -595.057429 -592.777220 -592.868725 -593.038992 -592.934507 -593.341816 -594.084800 -594.075976 -594.507234 -596.363069 -596.110395 -595.677541 -596.049568 -594.220749 -594.089230 -593.097509 -596.266230 -595.692914 -594.809115 -594.109532 -593.538474 -592.880872 -592.107657 -593.490520 -592.602952 -593.874419 -596.565724 -597.424569 -597.431685 -595.593807 -594.700087 -596.023124 -600.413486 -598.065078 -593.136166 -593.363167 -593.985558 -591.460878
-597.283662 -596.182186 -596.643946 -598.385650 -596.810702 -595.526624 -594.699962 -595.472084 -597.024334 -598.841609 -594.838161 -593.096114 -593.875456 -593.390677 -592.255496 -592.270742 -597.173564 -598.447972 -596.448549 -594.300780 -593.352975 -594.181378 -594.588627 -595.408605 -595.432838 -594.969071 -595.528256 -594.790585 -594.106990 -594.854206 -593.541059 -592.051336 -590.715214 -593.829951 -596.701002 -596.535019 -594.166137 -592.371889 -591.343558 -588.755258 -584.895194 -585.508084 -586.485426 -587.165201 -588.022367 -592.761594 -597.003950 -598.733990 -599.525309 -600.778298 -599.901385 -600.737645 -596.831352 -597.068478 -597.604933 -595.640725
-600.468878 -595.433678 -594.119678 -596.785303 -598.298240 -599.001562 -598.601523 -599.097282 -598.941040 -595.326871 -593.157475 -589.684177 -590.714211 -590.553986 -590.693217 -594.102563 -596.788255 -598.530390 -593.358549 -589.119639 -587.627999 -588.593356 -589.405886 -585.801599 -586.872682 -587.425713 -589.620465 -588.825406 -588.991249 -585.046796 -583.404157 -581.308423 -582.100022 -586.023666 -589.360909 -589.602268 -589.228796 -589.512819 -588.453385 -585.806291 -582.571663 -584.774730 -585.991316 -586.272461 -593.453824 -599.165523 -601.290827 -597.853398 -595.888319 -596.341217 -596.084331 -596.003990 -598.622776 -598.036869 -597.776408 -598.936023
-590.327392 -587.216066 -582.536125 -585.584548 -587.907118 -591.853670 -591.469510 -590.940870 -589.465104 -587.293841 -583.364777 -576.198765 -577.222660 -576.643306 -574.427695 -578.300646 -582.015566 -587.283431 -581.355537 -579.670518 -577.472456 -577.493882 -572.825176 -568.623497 -571.156987 -574.739930 -578.869778 -576.327032 -570.677849 -565.180439 -563.623266 -562.816982 -561.903820 -565.798209 -567.119260 -568.094845 -567.873321 -570.275941 -570.027790 -565.860994 -558.944304 -558.277752 -562.041766 -569.049762 -579.297067 -588.441773 -593.405174 -588.520098 -590.104150 -590.930050 -590.285390 -593.687926 -595.748277 -593.207374 -595.725372 -597.639367
-586.278022 -583.038768 -577.501511 -579.678185 -583.962482 -588.492592 -588.436136 -585.710647 -584.125474 -578.644140 -570.641472 -560.770125 -554.641109 -549.556650 -544.125282 -548.260283 -553.056313 -558.363410 -557.274115 -550.820541 -543.977064 -536.025929 -526.787108 -516.681937 -519.736994 -525.453697 -526.216519 -523.611955 -511.791765 -500.194003 -495.175476 -492.050363 -486.658207 -490.793764 -498.212172 -506.670625 -514.779391 -521.628553 -526.514400 -516.667062 -505.794133 -507.926420 -527.170556 -542.702421 -558.507832 -572.041180 -584.576086 -584.758110 -582.964950 -581.404799 -585.837816 -588.301712 -592.439982 -593.536753 -593.484572 -597.702586
-559.536731 -551.170924 -541.488084 -537.200631 -545.300726 -546.712231 -543.707424 -537.222011 -534.288929 -525.681908 -500.772879 -464.040425 -435.774877 -415.286573 -411.496021 -418.493842 -426.562179 -439.834405 -447.116615 -435.481884 -424.017925 -414.035259 -405.359145 -396.968138 -390.976790 -391.429155 -391.361738 -389.475373 -387.042321 -382.662476 -377.380962 -371.951024 -365.917478 -363.821957 -371.070091 -378.681676 -387.081612 -394.767810 -397.159368 -399.248416 -395.167918 -395.766442 -409.736173 -430.390299 -459.158172 -495.448847 -523.288988 -540.564136 -541.345334 -549.504655 -556.431293 -563.892660 -577.173556 -581.242699 -583.736096 -593.810305
-494.148607 -463.819770 -445.220670 -429.388361 -427.496396 -424.229565 -421.273832 -416.453881 -412.280858 -407.007104 -382.865315 -353.112009 -324.268132 -300.722016 -290.775957 -298.414963 -307.207396 -317.344452 -326.474951 -326.793381 -315.439369 -301.189132 -287.043484 -277.705910 -274.288695 -275.792403 -275.680964 -274.580749 -271.778734 -269.901553 -265.950677 -259.676366 -249.452269 -237.102305 -239.730049 -255.563863 -269.097262 -285.203775 -293.637487 -297.393345 -302.791872 -303.466066 -304.036059 -325.256047 -348.232837 -375.035599 -401.423396 -419.108989 -437.851021 -458.608917 -480.179133 -516.640461 -543.623558 -561.492019 -573.919880 -585.182219
-386.137607 -361.354817 -337.625236 -323.379973 -317.605898 -314.948746 -310.805762 -303.063509 -296.487769 -288.012673 -271.097295 -239.445440 -205.270489 -175.089180 -162.380554 -167.010640 -175.529519 -186.865124 -194.205767 -196.709670 -192.365988 -184.775545 -172.525708 -161.546565 -150.623823 -150.556908 -150.684388 -150.564377 -149.189171 -147.983620 -147.705106 -142.073468 -132.147647 -123.306396 -121.058249 -130.649645 -147.505624 -166.853409 -183.107188 -194.113923 -201.414949 -203.020085 -202.950357 -203.981163 -223.532564 -254.621143 -295.418034 -324.285905 -345.902185 -358.737330 -372.088517 -384.424711 -413.387910 -429.659650 -458.827989 -496.481201
-288.939713 -262.409365 -234.745629 -215.146440 -204.367632 -201.149248 -194.379195 -181.103680 -170.899293 -158.552758 -144.291942 -128.859109 -102.332868 -71.342763 -19.735889 -19.678587 -28.762771 -42.409591 -44.804424 -44.724445 -44.384529 -39.981568 -35.537067 -23.751215 -10.799157 -6.379685 -5.530362 -8.001542 -5.882511 -5.711957 -5.563812 -5.953875 -3.573296 1.133608 3.442261 0.473420 -11.281089 -29.691972 -78.689714 -94.869667 -101.679142 -106.016918 -107.290660 -109.987171 -119.637065 -144.516665 -181.946819 -218.056979 -244.316749 -263.062697 -276.414999 -285.747938 -293.851876 -307.349366 -331.002993 -365.037949
-182.969338 -159.413056 -135.923123 -112.867725 -97.572091 -87.540888 -73.879779 -39.235320 -25.052606 -10.175425 3.806000 -8.973078 24.843739 42.181223 53.144464 58.904438 60.234641 61.074756 62.789997 63.088153 62.137476 62.944874 63.619618 63.522549 66.398002 66.496067 66.921799 66.517495 67.434103 66.957536 67.598647 67.062287 65.739440 65.535409 65.878344 65.416518 63.421127 55.848801 40.441927 29.672402 22.979699 16.245525 8.155404 -0.655858 -9.210949 -24.231665 -78.115804 -115.217288 -148.009822 -167.796864 -177.437676 -183.783738 -189.259262 -203.180514 -223.647614 -249.319464
-42.879370 -27.647541 -11.480005 9.074214 2.273218 32.262907 40.573422 47.196073 56.284142 66.252304 68.307928 67.424352 68.509029 68.330156 68.885287 68.339871 68.990318 66.646329 67.136107 65.552361 60.551806 51.852829 53.218194 54.502750 56.743930 60.052669 58.345187 59.244257 61.890206 60.760232 55.782342 52.830267 51.199056 51.150032 57.815722 60.715236 61.119432 61.788292 61.198412 61.126714 60.987316 61.012090 60.939010 60.858408 56.446918 48.498569 28.851757 2.639267 -26.309243 -74.743999 -88.628295 -89.515151 -94.188698 -102.422934 -126.869362 -155.014409
48.634223 59.151048 68.576505 69.187327 68.597576 69.279623 70.921364 72.195349 72.582658 68.594488 65.369545 61.143206 60.009936 59.180203 56.878110 57.687361 55.813175 52.373765 49.175809 42.271115 32.257960 20.263873 18.657604 23.650826 28.167151 31.946478 33.852774 36.934998 38.428519 34.724573 27.424352 20.910525 18.497093 24.376295 30.214879 34.631414 34.912703 33.670172 32.072483 32.689883 30.921201 31.855139 38.051887 50.841151 58.612670 58.708526 58.602776 58.282975 57.792356 37.016787 18.518366 20.863583 17.015301 5.480710 -45.898284 -74.391191
62.962486 63.008250 60.781022 55.234797 50.330697 49.703611 53.364807 60.236622 61.453050 55.249334 47.683186 39.892404 33.464271 31.817478 30.280837 29.700351 29.530787 24.267716 15.594498 -27.809268 -45.191901 -58.316474 -65.081529 -66.053467 -60.439600 -52.177374 -45.032394 -41.107796 -46.087806 -52.174746 -61.295159 -68.823614 -68.627620 -65.573117 -57.175184 -45.760186 -43.457960 -42.765550 -46.485094 -48.927816 -53.129473 -52.207085 -39.150557 4.098251 19.112305 30.669601 37.628587 44.524181 51.171583 58.287140 58.256747 58.306929 58.269250 54.162186 40.550530 22.913105
48.850463 41.788831 36.933135 30.181021 24.282718 22.526960 26.297995 30.731101 27.853133 21.654247 7.593851 -30.274374 -45.411873 -52.362171 -52.333261 -50.838586 -51.112013 -57.845300 -73.693643 -96.497605 -112.620432 -127.546411 -132.093511 -136.460844 -138.498119 -128.209092 -113.778804 -108.839438 -120.223788 -128.652125 -141.215305 -148.461786 -150.651582 -148.715233 -139.494250 -122.345035 -106.984352 -106.299496 -114.491848 -122.146162 -125.732386 -125.959081 -115.078699 -90.357291 -69.425672 -54.842999 -44.311937 -32.801178 3.902003 14.505118 24.745203 36.275182 46.742974 57.414231 57.840691 57.820019
20.406076 -14.461783 -27.355352 -35.961514 -42.664249 -47.167857 -49.536378 -51.513908 -57.707360 -64.905389 -76.972052 -94.192930 -107.895355 -121.527115 -124.902505 -126.876549 -125.315417 -136.699308 -149.384634 -170.596686 -186.753219 -202.274614 -210.556746 -216.224989 -221.396899 -213.855837 -198.042141 -189.152031 -204.291271 -214.073146 -227.149255 -233.580246 -236.527193 -235.326359 -226.198537 -203.915240 -186.079499 -180.414428 -188.277369 -195.123641 -198.045281 -197.773927 -191.156222 -173.048655 -151.652195 -131.597467 -116.646207 -104.915313 -90.639940 -77.630695 -61.575112 -43.455370 -8.413595 15.913073 33.062468 46.566459
-52.357182 -67.695720 -79.623767 -90.883738 -101.593057 -107.571389 -107.397984 -114.304329 -120.950785 -131.131241 -170.996074 -187.333368 -204.383785 -218.399018 -223.033658 -229.422077 -232.257637 -241.506814 -249.273572 -261.304055 -276.579543 -292.160286 -305.533474 -309.887957 -313.723985 -317.148892 -307.807937 -303.757557 -306.759701 -313.458126 -320.418973 -324.099328 -326.318808 -322.888146 -311.221832 -299.471895 -288.427759 -283.545988 -288.648024 -284.161041 -279.098608 -278.852252 -264.502577 -250.288108 -232.432869 -211.457531 -189.784719 -177.382587 -166.276981 -153.846442 -136.912910 -117.696022 -95.496771 -69.563212 -41.764658 -6.533844
-106.070934 -120.417064 -134.751469 -147.240847 -159.245504 -170.226510 -169.843174 -173.722135 -180.062284 -210.806562 -250.716267 -279.203548 -295.350576 -313.422362 -321.487072 -328.237164 -345.668098 -356.681771 -364.220758 -363.969143 -374.154765 -387.843234 -398.881705 -403.711045 -406.862286 -413.642111 -415.719060 -413.191482 -407.103332 -412.278967 -415.157328 -413.626114 -415.340973 -416.642919 -410.341382 -400.139040 -393.992194 -387.662914 -381.656608 -378.091570 -373.313130 -354.299943 -342.201739 -329.696619 -311.888194 -292.031062 -271.124751 -253.597840 -241.387057 -227.487694 -208.654023 -191.188291 -168.859372 -143.429721 -113.393739 -90.267772
-172.017803 -189.591835 -204.523340 -219.228330 -234.403374 -253.505674 -255.284654 -261.724724 -272.697153 -309.436980 -344.582477 -371.208315 -388.161833 -405.789373 -416.304637 -432.848162 -460.338294 -479.719343 -480.134589 -475.350898 -480.999017 -496.448296 -509.392395 -517.917088 -525.948617 -535.510119 -540.808710 -535.986454 -530.640865 -530.339704 -530.353004 -528.436293 -528.501792 -529.082502 -528.787068 -519.500133 -512.004623 -503.395895 -495.545175 -487.741803 -461.755785 -436.787575 -420.910259 -404.964091 -389.054606 -369.929479 -349.341541 -331.889351 -318.727929 -302.287706 -284.392122 -264.790325 -243.718981 -218.012966 -188.089574 -163.823540
-237.789206 -261.647106 -280.610214 -300.071951 -328.789867 -340.669999 -347.886283 -354.151375 -378.001865 -408.495913 -437.918848 -467.785951 -494.572597 -516.354604 -533.233761 -548.664552 -560.870655 -567.989041 -564.282938 -561.971901 -558.498336 -564.371806 -569.069141 -570.462394 -574.711159 -578.489190 -583.167429 -579.537347 -577.614779 -573.087846 -573.286556 -573.024559 -571.029471 -571.965959 -572.365912 -574.985757 -571.729179 -569.506211 -566.680230 -557.605909 -547.405522 -534.862702 -521.389887 -503.594341 -479.491973 -450.775723 -424.513775 -403.538708 -388.033689 -371.977603 -353.685856 -336.217737 -318.479458 -297.105171 -271.369572 -248.487264
-324.676755 -343.119196 -361.535869 -386.394999 -417.228068 -439.457245 -449.314927 -476.875190 -506.090690 -536.583296 -551.152795 -559.627243 -567.482778 -573.075171 -577.373914 -583.660982 -588.097103 -594.266017 -591.986319 -588.680740 -584.052232 -587.736049 -588.415174 -587.812218 -590.205570 -592.753942 -596.660057 -595.983726 -592.733589 -588.859286 -588.811180 -587.941075 -585.772756 -585.735741 -587.485147 -590.875145 -589.933939 -587.492737 -584.983832 -580.222369 -575.489702 -570.589570 -565.957877 -559.329268 -550.613998 -539.202366 -521.727053 -497.403731 -475.044918 -446.321762 -419.697678 -401.482745 -389.992418 -375.520153 -352.590686 -335.316014
-402.974853 -420.220016 -442.607098 -482.926097 -521.600752 -547.787841 -560.572984 -570.773014 -579.330592 -582.924402 -586.022234 -589.222344 -591.923167 -594.779414 -597.329831 -599.457203 -602.605734 -608.409607 -606.002475 -602.587415 -598.791238 -598.631050 -599.062884 -598.821029 -599.793370 -602.490736 -607.041812 -605.041670 -602.104502 -599.417264 -598.475602 -597.878720 -596.268896 -597.389064 -599.769915 -603.084963 -601.573302 -598.808394 -597.108779 -594.919329 -591.743376 -588.330951 -584.837231 -580.720674 -576.343602 -570.426736 -563.358874 -554.640071 -543.983140 -529.732581 -509.539795 -494.717452 -477.995416 -460.718220 -437.262309 -417.608831
-510.241740 -529.341545 -544.756838 -558.947392 -571.915589 -578.654768 -584.302525 -588.981898 -593.597472 -596.484964 -598.607003 -597.864918 -598.937210 -601.732061 -601.805658 -603.354165 -607.959064 -606.368099 -605.057786 -601.355521 -601.967146 -602.143519 -603.019496 -602.457506 -603.079788 -607.457486 -605.214326 -604.184677 -601.510503 -600.902454 -600.230163 -599.731746 -599.216017 -599.719919 -602.818022 -602.150216 -601.237019 -598.737689 -598.439004 -597.204595 -594.151848 -592.921228 -590.784408 -587.828239 -584.586934 -580.678078 -575.874915 -569.321446 -562.439626 -555.659482 -552.701556 -547.548578 -542.922141 -544.808320 -533.911544 -520.554605
