tests/Borden05m/sims/sim_1/output-maps/psiliqL0022N0006.asc
ncols         160
nrows         34
xllcorner     620200.000000
yllcorner     5168000.000000
cellsize      0.500000
NODATA_value  -9999.0
[rows 0 to 24 of 34, columns 0 to 54 of 160]
-9999.0 -9999.0 -9999.0 -9999.0 -9999.0 -9999.0 -9999.0 -9999.0 -9999.0 -9999.0 -9999.0 -9999.0 -9999.0 -9999.0 -9999.0 -9999.0 -9999.0 -9999.0 -9999.0 -9999.0 -9999.0 -9999.0 -9999.0 -9999.0 -9999.0 -9999.0 -9999.0 -9999.0 -9999.0 -9999.0 -9999.0 -9999.0 -9999.0 -9999.0 -9999.0 -9999.0 -9999.0 -9999.0 -9999.0 -9999.0 -9999.0 -9999.0 -9999.0 -9999.0 -9999.0 -9999.0 -9999.0 -9999.0 -9999.0 -9999.0 -9999.0 -9999.0 -9999.0 -9999.0 -9999.0
-9999.0 -9999.0 -9999.0 -9999.0 -9999.0 -9999.0 -9999.0 -9999.0 -9999.0 -9999.0 -9999.0 -9999.0 -9999.0 -9999.0 -9999.0 -9999.0 -9999.0 -9999.0 -9999.0 -9999.0 -9999.0 -9999.0 -9999.0 -9999.0 -9999.0 -9999.0 -9999.0 -9999.0 -9999.0 -9999.0 -9999.0 -9999.0 -9999.0 -9999.0 -9999.0 -9999.0 -9999.0 -9999.0 -9999.0 -9999.0 -9999.0 -9999.0 -9999.0 -9999.0 -9999.0 -9999.0 -9999.0 -9999.0 -9999.0 -9999.0 -9999.0 -9999.0 -9999.0 -9999.0 -9999.0
-9999.0 -9999.0 -9999.0 -9999.0 -9999.0 -9999.0 -9999.0 -9999.0 -9999.0 -9999.0 -9999.0 -9999.0 -9999.0 -9999.0 -9999.0 -9999.0 -9999.0 -9999.0 -9999.0 -9999.0 -9999.0 -9999.0 -9999.0 -9999.0 -9999.0 -9999.0 -9999.0 -9999.0 -9999.0 -9999.0 -9999.0 -9999.0 -9999.0 -9999.0 -9999.0 -9999.0 -9999.0 -9999.0 -9999.0 -9999.0 -9999.0 -9999.0 -9999.0 -9999.0 -9999.0 -9999.0 -9999.0 2505.270103 2488.390385 2474.841882 2471.465103 2493.603058 2517.464015 2541.967930 2563.165880
-9999.0 -9999.0 -9999.0 -9999.0 -9999.0 -9999.0 -9999.0 -9999.0 -9999.0 -9999.0 -9999.0 -9999.0 -9999.0 -9999.0 -9999.0 -9999.0 -9999.0 -9999.0 -9999.0 -9999.0 -9999.0 -9999.0 -9999.0 -9999.0 -9999.0 -9999.0 -9999.0 -9999.0 -9999.0 -9999.0 -9999.0 -9999.0 -9999.0 -9999.0 -9999.0 -9999.0 -9999.0 -9999.0 -9999.0 -9999.0 2552.799814 2559.017994 2559.673066 2550.211974 2539.519126 2526.811393 2506.815938 2489.623626 2476.472626 2474.980991 2478.168812 2482.247683 2504.180290 2530.102717 2550.641015
-9999.0 -9999.0 -9999.0 -9999.0 -9999.0 -9999.0 -9999.0 -9999.0 -9999.0 -9999.0 -9999.0 -9999.0 -9999.0 -9999.0 -9999.0 -9999.0 -9999.0 -9999.0 -9999.0 -9999.0 -9999.0 -9999.0 -9999.0 -9999.0 -9999.0 -9999.0 -9999.0 -9999.0 -9999.0 -9999.0 -9999.0 -9999.0 -9999.0 -9999.0 2458.318617 2475.730173 2494.221292 2513.346786 2530.862824 2538.357471 2544.430415 2550.331024 2546.409488 2542.564641 2531.629894 2511.792260 2493.044682 2480.537171 2479.898952 2478.209366 2482.757801 2495.462782 2512.921346 2529.033265 2550.390590
-9999.0 -9999.0 -9999.0 -9999.0 -9999.0 -9999.0 -9999.0 -9999.0 -9999.0 -9999.0 -9999.0 -9999.0 -9999.0 -9999.0 -9999.0 -9999.0 -9999.0 -9999.0 -9999.0 -9999.0 -9999.0 -9999.0 -9999.0 -9999.0 -9999.0 -9999.0 -9999.0 -9999.0 2460.975687 2455.400540 2451.072726 2450.169347 2449.428914 2449.032490 2456.115600 2468.011272 2485.952505 2508.614503 2522.522056 2530.454445 2537.889571 2539.011996 2534.084832 2533.051545 2534.274094 2522.626946 2511.295062 2500.747521 2490.538035 2488.741294 2498.727372 2513.829592 2530.897558 2546.378628 2562.406841
-9999.0 -9999.0 -9999.0 -9999.0 -9999.0 -9999.0 -9999.0 -9999.0 -9999.0 -9999.0 -9999.0 -9999.0 -9999.0 -9999.0 -9999.0 -9999.0 -9999.0 -9999.0 -9999.0 -9999.0 -9999.0 -9999.0 -9999.0 2429.386702 2434.838938 2441.813850 2449.952542 2451.422012 2448.273870 2443.357055 2441.225625 2440.506110 2439.142304 2444.389997 2452.366865 2466.191729 2482.359021 2505.321862 2514.477580 2520.091607 2532.504465 2536.767864 2544.847796 2549.687836 2548.733782 2545.880122 2532.587263 2522.628638 2526.613666 2532.170077 2540.000817 2549.160326 2563.401567 2578.430592 2595.003417
-9999.0 -9999.0 -9999.0 -9999.0 -9999.0 -9999.0 -9999.0 -9999.0 -9999.0 -9999.0 -9999.0 -9999.0 -9999.0 -9999.0 -9999.0 -9999.0 -9999.0 -9999.0 -9999.0 2403.993662 2405.262261 2407.035015 2412.196539 2412.929615 2415.221264 2422.589360 2431.245021 2434.618618 2433.180901 2432.765767 2434.913414 2438.344740 2443.656872 2455.186832 2469.504331 2484.308824 2498.242584 2519.787891 2535.101797 2548.639318 2564.995280 2566.063184 2563.334433 2562.621821 2563.664140 2563.454126 2564.593822 2565.833909 2573.119874 2576.165211 2581.640771 2591.772337 2604.084282 2621.964388 2641.116808
-9999.0 -9999.0 -9999.0 -9999.0 -9999.0 -9999.0 -9999.0 -9999.0 -9999.0 -9999.0 -9999.0 -9999.0 -9999.0 -9999.0 -9999.0 -9999.0 2374.752565 2376.812782 2379.481999 2385.204500 2389.037790 2393.433749 2400.815018 2402.623594 2406.693482 2414.411683 2419.668810 2429.512509 2438.510063 2446.401936 2453.051553 2456.344640 2463.942029 2474.077181 2486.434119 2501.523537 2522.795294 2546.964998 2563.556696 2581.152807 2599.288113 2600.900739 2600.470961 2602.090967 2602.212419 2605.771916 2622.120490 2627.269507 2625.276419 2638.359422 2652.079089 2656.937519 2667.127617 2688.205680 2712.048020
-9999.0 -9999.0 -9999.0 -9999.0 -9999.0 -9999.0 -9999.0 -9999.0 -9999.0 -9999.0 -9999.0 -9999.0 -9999.0 2325.442787 2329.804928 2340.263496 2351.414922 2354.730432 2359.939997 2366.898097 2379.526865 2383.657534 2390.208505 2398.079273 2411.227478 2420.589456 2430.230154 2442.725766 2451.599249 2459.392996 2466.778393 2471.398495 2484.303730 2499.609170 2515.364196 2535.742233 2558.472782 2578.401428 2597.889890 2615.066308 2628.521947 2628.604611 2629.004175 2632.524039 2639.584405 2657.044131 2676.084489 2680.875187 2694.569787 2717.345744 2730.231708 2740.668542 2749.573487 2764.887482 2787.383560
-9999.0 -9999.0 -9999.0 -9999.0 -9999.0 -9999.0 -9999.0 -9999.0 -9999.0 -9999.0 2295.133977 2297.289975 2294.216165 2292.844924 2298.961549 2311.819038 2326.680850 2333.139770 2345.588894 2367.374385 2386.328505 2390.107740 2404.484730 2415.693374 2423.296930 2434.127698 2447.817802 2460.854591 2477.435892 2490.106006 2500.652981 2518.893224 2535.687936 2552.930567 2571.391984 2592.734478 2610.802237 2637.240675 2665.799879 2677.715282 2697.971424 2704.907212 2702.866316 2703.500583 2714.539896 2729.535591 2748.438432 2768.208614 2787.370671 2811.918045 2826.461487 2841.535957 2853.042104 2865.910711 2882.834492
-9999.0 -9999.0 -9999.0 -9999.0 -9999.0 -9999.0 -9999.0 -9999.0 2269.489244 2277.768316 2283.969015 2281.391021 2277.570417 2273.057521 2288.134463 2304.422246 2321.034556 2339.815669 2356.164305 2374.999250 2389.968228 2405.915318 2427.068773 2439.151869 2451.046968 2467.083859 2481.248747 2497.783198 2519.381058 2529.829145 2543.943113 2565.041386 2582.523954 2601.019416 2620.820733 2639.449021 2665.331346 2698.567813 2730.717905 2751.234167 2779.370138 2798.376334 2796.242847 2798.183396 2802.875402 2829.043898 2858.364001 2889.429909 2811.103020 2833.482001 2861.013847 2878.353110 2887.331834 2898.227106 2911.791988
-9999.0 -9999.0 -9999.0 -9999.0 -9999.0 -9999.0 2240.238394 2264.999338 2280.762721 2273.045888 2261.093848 2257.261950 2252.692106 2281.862914 2305.024555 2323.250451 2340.901529 2359.283181 2376.350269 2387.149622 2419.450311 2439.370853 2453.271298 2469.405581 2485.101263 2500.837569 2518.763598 2542.014149 2562.101867 2587.664181 2608.629041 2629.345969 2657.340680 2677.575074 2697.378830 2715.053596 2746.261430 2782.261648 2819.660519 2847.920063 2875.038206 2814.077468 2814.387506 2816.772401 2819.590480 2841.310524 2873.184843 2901.769091 2931.961897 2962.123397 2988.837317 2987.187258 2995.512264 3004.975707 3016.874534
-9999.0 -9999.0 -9999.0 -9999.0 2206.435645 2227.614908 2247.296814 2278.179002 2301.109286 2297.006455 2303.177624 2303.001709 2300.619896 2306.394478 2315.334393 2334.023095 2354.066924 2374.392237 2390.990474 2422.513477 2469.719514 2483.743945 2504.811138 2536.436553 2549.912290 2565.972359 2583.391389 2606.328955 2629.089480 2662.025395 2701.823766 2736.097644 2761.392089 2782.718704 2805.033057 2826.578422 2863.439176 2808.471700 2841.861512 2872.975825 2899.443835 2923.010962 2930.993377 2936.225627 2946.128386 2962.102804 2983.289861 2997.460247 3028.721960 3059.653921 3082.584306 3092.274688 3097.686635 3106.819201 3114.672804
-9999.0 -9999.0 -9999.0 2153.586512 2192.818744 2232.258204 2259.010284 2290.255431 2323.471564 2326.241679 2336.303791 2339.383767 2341.959281 2350.036841 2356.730052 2374.895973 2393.708511 2413.502757 2437.140296 2473.552914 2506.361206 2530.119218 2560.850774 2582.170992 2599.825330 2615.732211 2636.059521 2659.637117 2701.445992 2736.873004 2785.113066 2838.790007 2874.705190 2806.966184 2826.668160 2852.635921 2876.320074 2911.161417 2944.178674 2975.327643 2993.503387 3015.069962 3029.832627 3034.562721 3043.133840 3049.089827 3062.160731 3082.126830 3103.312362 3132.301275 3160.271148 3185.700284 3199.709598 3209.703854 3225.720959
-9999.0 -9999.0 2105.338595 2144.454267 2177.136380 2225.689808 2279.480274 2315.330607 2356.491849 2378.700866 2384.914368 2399.724455 2414.657757 2420.157097 2433.554183 2449.936700 2472.343317 2482.494398 2503.563116 2526.532422 2569.755870 2609.584028 2616.746387 2663.605014 2697.536311 2730.500076 2751.324847 2780.557577 2820.527275 2859.778258 2815.337020 2862.179902 2896.172053 2922.684349 2937.544871 2956.216197 2976.084095 2988.446554 3022.258443 3047.779308 3078.944351 3103.384116 3122.726082 3124.991604 3127.798334 3142.958417 3168.828745 3195.894973 3222.220835 3248.341148 3239.924245 3258.228544 3266.386595 3270.938552 3278.095386
-9999.0 -9999.0 2076.316126 2122.516646 2159.553445 2221.306627 2306.315733 2342.874988 2385.535170 2433.426729 2451.423163 2476.497524 2479.868281 2479.253681 2501.741629 2521.703262 2541.684254 2551.488091 2550.088726 2605.185385 2663.613338 2699.980077 2722.649943 2797.961290 2850.335777 2874.249939 2804.097025 2822.070304 2842.337394 2880.886231 2920.092998 2971.893417 3001.397124 3029.641498 3043.240601 3061.044411 3079.352502 3093.875131 3111.949093 3154.452573 3184.764104 3212.555104 3241.538997 3261.649751 3269.247322 3273.169627 3253.125622 3268.366844 3278.714974 3283.178611 3284.876214 3281.213715 3280.577934 3281.324075 3282.256641
-9999.0 1984.266155 2036.828366 2088.597683 2155.096777 2219.379042 2298.385995 2376.681163 2441.814233 2494.870794 2524.602420 2528.106449 2544.967638 2579.621906 2604.666327 2628.157481 2635.923717 2647.257266 2634.766173 2690.798249 2735.389894 2794.559942 2816.691763 2871.012971 2925.413267 2922.761483 2911.766801 2918.596488 2936.348506 2979.884153 3040.974162 3091.573194 3150.323583 3193.384854 3208.367779 3214.463289 3231.570091 3250.888212 3213.499445 3247.927861 3263.586975 3276.666949 3283.054250 3284.857797 3285.865384 3285.678607 3282.124986 3275.336159 3267.326638 3261.607805 3257.461092 3252.959037 3255.384952 3258.691660 3259.121295
-9999.0 1946.908269 2005.206326 2075.057822 2144.350358 2199.739919 2291.116849 2450.900335 2512.848589 2553.759585 2569.246182 2566.080482 2634.633763 2701.423360 2733.791880 2782.603319 2774.968806 2765.595174 2741.331722 2773.008551 2818.110151 2802.443553 2957.300687 3032.489043 3073.419642 3081.309626 3083.371549 3109.695935 3149.552406 3190.460296 3229.711468 3209.145222 3248.721259 3267.994672 3272.025917 3272.591175 3276.919598 3275.757692 3273.914532 3269.651869 3264.627986 3264.764959 3269.111117 3268.925289 3266.047278 3262.811567 3257.203372 3249.776308 3244.489235 3239.877388 3237.195992 3234.312817 3232.507845 3232.086792 3227.518355
-9999.0 1910.253992 1984.009456 2044.509481 2097.864304 2198.121921 2328.137501 2471.408207 2569.524350 2608.478077 2606.589669 2659.635221 2765.336647 2818.243731 2867.767720 2888.883931 2876.142302 2836.957098 2824.352177 2866.567642 2932.760776 3028.945894 3147.249744 3235.028981 3248.301377 3250.991659 3212.877549 3233.388901 3252.400122 3254.643039 3255.534682 3261.524300 3266.448603 3269.202947 3267.695901 3264.819302 3260.071115 3252.005647 3247.164564 3243.616452 3239.938809 3238.989931 3241.153306 3242.719059 3240.004416 3236.157786 3231.698667 3226.115012 3219.923699 3213.261205 3209.118366 3205.008507 3202.941650 3197.753291 3194.093747
-9999.0 1795.012152 1888.864898 1934.746206 2023.582827 2208.109054 2337.867555 2483.679914 2645.726119 2677.089317 2737.116868 2830.809798 2941.752196 3011.787791 3042.128033 3076.046582 3100.028460 3116.758836 3150.752817 3058.359238 3127.706809 3207.388510 3243.126329 3258.622315 3264.883083 3265.181113 3255.835954 3235.554762 3224.929130 3218.186060 3219.788873 3226.997165 3231.874247 3236.824195 3234.574211 3235.426292 3236.124194 3232.803984 3228.910304 3220.403993 3212.666428 3206.305734 3203.541222 3208.400313 3203.706541 3201.125793 3195.096878 3186.938311 3179.214060 3171.891410 3164.160365 3157.688130 3155.407491 3150.376515 3149.234877
-9999.0 1714.168337 1788.354732 1858.436316 1979.023632 2143.872508 2252.594981 2415.494269 2648.511344 2780.944029 2898.280847 2979.180085 3043.884079 3089.695231 3141.553989 3188.515268 3212.499352 3221.871351 3197.074596 3213.624526 3174.300570 3163.739093 3179.514973 3206.742123 3221.907327 3225.638783 3217.485116 3207.804933 3200.581374 3199.457172 3197.557367 3194.325300 3190.979717 3187.845654 3184.704053 3187.294880 3192.306090 3185.580850 3176.859319 3167.922009 3159.837413 3150.981702 3145.231128 3141.048302 3140.970428 3141.148509 3133.712032 3123.442710 3112.902578 3104.838483 3097.676101 3092.999085 3090.556750 3085.810572 3077.217896
-9999.0 1601.345433 1730.453270 1813.042803 1917.155598 2049.505559 2162.376827 2319.916480 2459.102147 2698.461517 2814.055436 2973.038916 3013.176625 3076.203819 3125.336273 3193.244663 3190.130583 3158.864191 3118.520790 3101.854956 3109.897471 3118.048542 3127.001923 3142.369280 3159.296386 3168.820036 3172.576837 3165.942030 3151.909061 3140.470652 3130.817225 3118.448863 3109.836786 3107.782368 3110.682956 3119.671147 3120.758654 3111.589741 3098.006222 3080.855146 3065.908322 3054.618045 3052.381684 3054.732795 3055.550913 3051.791155 3045.836780 3035.415268 3023.118915 3011.214775 3005.218551 3000.780816 2993.841757 2983.595872 2984.286307
-9999.0 -9999.0 1648.270163 1757.772483 1856.438000 1971.927641 2070.884381 2198.874297 2344.707784 2522.746841 2644.928772 2811.583310 2855.326387 2898.017353 2935.939192 2983.787452 3005.076962 3030.699165 3019.244761 3027.241488 3034.824534 3039.289922 3045.071918 3051.956052 3062.717118 3072.104615 3081.136938 3078.408576 3069.438449 3050.105902 3026.349220 3007.962709 2998.084498 2989.667230 3000.773008 3012.861099 3008.266507 3001.530210 2989.477353 2985.335412 2972.828077 2958.875165 2955.371247 2955.464126 2955.941262 2953.524887 2950.480096 2939.449460 2927.176586 2916.811379 2912.429764 2906.771412 2902.707197 2892.783313 2882.452042
-9999.0 -9999.0 1561.231491 1667.003282 1773.526939 1893.294669 1983.496159 2019.491651 2162.855660 2273.241746 2382.869752 2493.737977 2589.062960 2662.102853 2703.584556 2769.183365 2824.151788 2845.319126 2805.808303 2849.589523 2880.067958 2914.585685 2935.291282 2944.308513 2956.892624 2970.648085 2978.361580 2964.378391 2953.306685 2936.563170 2915.309600 2890.072482 2877.203777 2875.727266 2875.872683 2878.626604 2871.737900 2862.724158 2848.547459 2834.610079 2822.350284 2812.756367 2809.084818 2804.330904 2802.432921 2799.765060 2799.083078 2893.966101 2884.341935 2878.239342 2869.330062 2863.873457 2861.045269 2855.280420 2846.772924
