tests/Borden05m/sims/sim_1/output-maps/psiliqL0001N0007.asc
ncols         160
nrows         34
xllcorner     620200.000000
yllcorner     5168000.000000
cellsize      0.500000
NODATA_value  -9999.0
[rows 0 to 24 of 34, columns 0 to 57 of 160]
-9999.0 -9999.0 -9999.0 -9999.0 -9999.0 -9999.0 -9999.0 -9999.0 -9999.0 -9999.0 -9999.0 -9999.0 -9999.0 -9999.0 -9999.0 -9999.0 -9999.0 -9999.0 -9999.0 -9999.0 -9999.0 -9999.0 -9999.0 -9999.0 -9999.0 -9999.0 -9999.0 -9999.0 -9999.0 -9999.0 -9999.0 -9999.0 -9999.0 -9999.0 -9999.0 -9999.0 -9999.0 -9999.0 -9999.0 -9999.0 -9999.0 -9999.0 -9999.0 -9999.0 -9999.0 -9999.0 -9999.0 -9999.0 -9999.0 -9999.0 -9999.0 -9999.0 -9999.0 -9999.0 -9999.0 -9999.0 -9999.0 -9999.0
-9999.0 -9999.0 -9999.0 -9999.0 -9999.0 -9999.0 -9999.0 -9999.0 -9999.0 -9999.0 -9999.0 -9999.0 -9999.0 -9999.0 -9999.0 -9999.0 -9999.0 -9999.0 -9999.0 -9999.0 -9999.0 -9999.0 -9999.0 -9999.0 -9999.0 -9999.0 -9999.0 -9999.0 -9999.0 -9999.0 -9999.0 -9999.0 -9999.0 -9999.0 -9999.0 -9999.0 -9999.0 -9999.0 -9999.0 -9999.0 -9999.0 -9999.0 -9999.0 -9999.0 -9999.0 -9999.0 -9999.0 -9999.0 -9999.0 -9999.0 -9999.0 -9999.0 -9999.0 -9999.0 -9999.0 -9999.0 -9999.0 -9999.0
-9999.0 -9999.0 -9999.0 -9999.0 -9999.0 -9999.0 -9999.0 -9999.0 -9999.0 -9999.0 -9999.0 -9999.0 -9999.0 -9999.0 -9999.0 -9999.0 -9999.0 -9999.0 -9999.0 -9999.0 -9999.0 -9999.0 -9999.0 -9999.0 -9999.0 -9999.0 -9999.0 -9999.0 -9999.0 -9999.0 -9999.0 -9999.0 -9999.0 -9999.0 -9999.0 -9999.0 -9999.0 -9999.0 -9999.0 -9999.0 -9999.0 -9999.0 -9999.0 -9999.0 -9999.0 -9999.0 -9999.0 -471.493088 -476.030555 -481.633011 -483.336124 -477.256843 -475.143923 -473.402407 -472.626300 -472.017980 -470.542786 -466.834240
-9999.0 -9999.0 -9999.0 -9999.0 -9999.0 -9999.0 -9999.0 -9999.0 -9999.0 -9999.0 -9999.0 -9999.0 -9999.0 -9999.0 -9999.0 -9999.0 -9999.0 -9999.0 -9999.0 -9999.0 -9999.0 -9999.0 -9999.0 -9999.0 -9999.0 -9999.0 -9999.0 -9999.0 -9999.0 -9999.0 -9999.0 -9999.0 -9999.0 -9999.0 -9999.0 -9999.0 -9999.0 -9999.0 -9999.0 -9999.0 -474.624410 -472.491225 -470.564206 -473.434236 -474.265841 -473.364832 -476.122849 -479.589344 -483.287914 -481.853470 -481.876311 -485.196387 -481.414890 -478.661824 -478.353301 -478.296498 -476.165383 -471.644504
-9999.0 -9999.0 -9999.0 -9999.0 -9999.0 -9999.0 -9999.0 -9999.0 -9999.0 -9999.0 -9999.0 -9999.0 -9999.0 -9999.0 -9999.0 -9999.0 -9999.0 -9999.0 -9999.0 -9999.0 -9999.0 -9999.0 -9999.0 -9999.0 -9999.0 -9999.0 -9999.0 -9999.0 -9999.0 -9999.0 -9999.0 -9999.0 -9999.0 -9999.0 -481.333010 -477.506462 -476.262150 -475.190430 -473.128036 -474.502756 -475.714445 -473.901237 -475.590114 -475.383450 -477.142081 -480.684459 -484.198163 -486.027047 -483.245043 -483.982117 -484.151616 -482.448054 -481.766504 -482.061872 -479.982249 -476.156681 -479.399067 -479.010957
-9999.0 -9999.0 -9999.0 -9999.0 -9999.0 -9999.0 -9999.0 -9999.0 -9999.0 -9999.0 -9999.0 -9999.0 -9999.0 -9999.0 -9999.0 -9999.0 -9999.0 -9999.0 -9999.0 -9999.0 -9999.0 -9999.0 -9999.0 -9999.0 -9999.0 -9999.0 -9999.0 -9999.0 -474.633959 -476.202798 -477.367389 -477.212840 -477.799884 -480.212072 -481.129937 -481.177420 -479.537862 -476.581599 -476.570804 -477.459142 -477.515735 -478.509801 -480.911106 -481.010181 -478.028992 -480.134617 -480.856390 -482.131898 -486.136982 -487.194555 -485.048820 -483.204376 -481.857814 -482.143425 -482.745424 -483.775548 -484.388090 -479.361541
-9999.0 -9999.0 -9999.0 -9999.0 -9999.0 -9999.0 -9999.0 -9999.0 -9999.0 -9999.0 -9999.0 -9999.0 -9999.0 -9999.0 -9999.0 -9999.0 -9999.0 -9999.0 -9999.0 -9999.0 -9999.0 -9999.0 -9999.0 -476.702609 -475.264422 -474.860964 -473.657099 -474.442388 -477.775269 -479.792639 -480.625007 -481.347550 -483.143911 -483.512158 -483.883011 -483.246674 -483.042154 -479.899668 -482.404861 -484.119127 -481.246313 -482.189039 -480.030563 -477.526506 -478.004774 -477.280455 -481.639829 -484.902857 -481.351466 -480.117150 -480.644158 -481.937759 -481.447678 -480.788347 -479.964227 -477.945408 -475.180883 -473.117165
-9999.0 -9999.0 -9999.0 -9999.0 -9999.0 -9999.0 -9999.0 -9999.0 -9999.0 -9999.0 -9999.0 -9999.0 -9999.0 -9999.0 -9999.0 -9999.0 -9999.0 -9999.0 -9999.0 -475.776054 -476.314453 -477.353219 -477.096700 -480.450595 -481.923008 -481.205363 -479.693714 -480.802271 -482.662781 -484.224401 -484.074211 -483.940441 -484.479576 -482.412869 -480.926497 -480.854524 -482.068171 -479.849203 -479.699296 -478.677167 -474.763404 -477.874958 -480.720002 -482.190830 -482.327295 -483.299717 -480.847733 -480.254225 -480.356604 -481.172122 -481.679663 -481.607526 -482.009339 -479.615230 -477.891776 -477.056808 -476.536806 -474.972071
-9999.0 -9999.0 -9999.0 -9999.0 -9999.0 -9999.0 -9999.0 -9999.0 -9999.0 -9999.0 -9999.0 -9999.0 -9999.0 -9999.0 -9999.0 -9999.0 -475.415478 -475.751266 -477.065172 -479.234954 -481.042940 -481.191153 -480.031217 -482.513764 -483.444951 -483.112164 -484.343894 -483.387698 -482.328415 -481.006914 -480.511008 -482.381387 -482.377841 -483.031371 -483.763319 -483.701915 -481.176151 -479.051007 -479.380866 -478.047533 -474.776451 -477.390619 -478.371112 -478.284626 -480.000685 -479.362848 -474.179554 -475.950839 -479.503497 -474.427951 -472.207168 -474.304957 -475.895322 -473.503030 -469.903145 -465.572042 -456.924611 -452.246287
-9999.0 -9999.0 -9999.0 -9999.0 -9999.0 -9999.0 -9999.0 -9999.0 -9999.0 -9999.0 -9999.0 -9999.0 -9999.0 -475.017008 -475.364377 -475.207537 -478.537080 -481.044966 -482.620687 -484.803715 -482.479365 -484.467363 -485.228904 -484.998446 -482.964855 -483.173479 -483.210198 -482.120276 -482.940205 -483.948535 -484.954530 -486.752451 -485.402203 -484.160009 -483.625891 -481.874245 -480.985346 -480.766428 -479.170810 -479.861964 -478.970063 -480.327828 -482.796200 -483.473888 -482.190692 -477.892560 -475.326118 -475.637137 -470.183723 -464.511153 -462.486896 -459.226238 -458.501055 -457.684782 -454.048414 -439.583748 -416.883284 -396.769279
-9999.0 -9999.0 -9999.0 -9999.0 -9999.0 -9999.0 -9999.0 -9999.0 -9999.0 -9999.0 -479.275679 -477.693634 -480.063332 -484.549689 -486.550237 -485.758320 -484.949591 -486.771812 -486.949935 -482.767639 -480.619758 -485.110302 -482.531446 -482.786634 -484.869749 -484.765300 -484.008599 -484.320707 -482.156012 -482.650476 -483.302958 -479.639652 -479.361906 -479.060859 -478.422947 -477.891610 -478.032760 -473.566048 -470.202417 -472.418481 -466.696143 -463.318269 -467.675978 -469.403870 -469.171492 -465.438691 -459.225263 -450.528876 -443.131438 -426.422176 -410.612410 -401.282924 -395.206845 -388.106306 -377.914550 -338.272328 -220.475913 -164.566771
-9999.0 -9999.0 -9999.0 -9999.0 -9999.0 -9999.0 -9999.0 -9999.0 -485.410282 -482.966057 -481.456473 -483.430802 -486.067856 -490.887393 -489.248547 -487.722991 -486.801268 -485.305420 -484.796848 -484.509104 -486.066224 -484.997170 -482.638800 -483.878386 -484.013666 -482.659945 -483.210260 -482.318920 -480.701258 -482.982713 -482.833141 -481.863905 -481.196547 -480.737619 -480.012202 -480.467394 -476.260751 -470.681026 -464.727038 -459.732285 -452.231064 -442.442062 -444.608886 -443.556913 -442.232170 -424.524417 -403.466125 -379.916494 -341.057881 -236.974795 -173.214968 -148.480473 -137.885792 -128.192611 -114.225041 -92.654114 -48.613306 -15.338849
-9999.0 -9999.0 -9999.0 -9999.0 -9999.0 -9999.0 -488.866979 -483.578076 -481.064910 -487.329568 -492.070223 -493.639174 -496.442106 -490.452634 -485.252828 -484.511015 -484.036230 -483.445329 -484.431416 -488.578434 -481.099729 -484.044109 -486.391116 -484.657247 -485.515143 -485.981609 -485.246847 -482.844482 -482.813706 -477.799888 -475.165277 -473.338957 -469.922759 -468.596088 -467.000228 -464.940453 -457.263029 -446.222771 -429.999199 -409.259028 -390.246094 -366.687936 -354.932129 -344.333730 -317.069687 -231.121829 -172.707337 -134.359888 -94.079210 -44.511385 -12.835817 -1.645952 2.991633 3.128791 3.295668 3.498406 3.730170 4.084393
-9999.0 -9999.0 -9999.0 -9999.0 -485.346772 -484.368247 -485.724549 -481.261640 -478.208173 -485.898424 -483.289920 -484.684488 -487.221273 -490.339707 -494.071234 -491.818259 -490.679593 -490.079898 -491.116815 -484.045603 -478.357425 -483.963536 -481.808562 -476.562909 -479.197685 -479.498799 -480.329051 -479.045933 -476.109783 -472.696513 -461.744667 -452.474928 -447.855168 -441.438557 -433.019362 -417.536845 -397.941456 -366.656382 -291.052520 -193.868267 -146.892056 -121.543600 -107.871146 -97.481716 -76.913651 -43.263277 -17.448577 2.193003 3.446577 3.951004 4.292056 4.439604 4.455542 4.522405 4.592563 4.730556 4.847513 4.959497
-9999.0 -9999.0 -9999.0 -488.281166 -483.164805 -481.587337 -484.710536 -484.255353 -480.607557 -485.003341 -485.989720 -486.908885 -487.553481 -487.734521 -488.377210 -487.286901 -487.391116 -488.926726 -488.525012 -485.064760 -484.709538 -482.853192 -482.070995 -480.025626 -478.223817 -478.428288 -477.946804 -474.750424 -464.838145 -455.326185 -434.135566 -402.979355 -376.224730 -348.725705 -299.759676 -211.373245 -168.769289 -127.274450 -79.470173 -34.677330 -5.824117 3.161623 3.447016 3.512989 3.658305 3.824594 4.073149 4.291372 4.423663 4.715500 5.042314 5.308325 5.440228 5.484537 7.458569 18.502347 27.216483 36.947377
-9999.0 -9999.0 -486.892655 -484.071254 -486.648940 -483.371793 -479.778087 -483.637479 -479.264184 -478.283844 -483.999505 -481.605531 -480.697300 -484.490579 -483.119693 -481.516203 -480.818056 -485.030636 -488.551787 -485.001102 -476.187499 -470.457048 -469.804603 -452.542026 -444.617440 -439.637353 -437.982044 -425.484099 -408.228884 -372.787229 -278.617906 -187.206698 -137.468681 -103.705001 -78.099862 -44.993430 -18.662595 -3.470934 3.443908 3.879204 4.227241 4.465355 4.713912 4.783466 4.769455 4.951340 5.214414 5.489070 8.483814 24.241982 40.553894 40.783086 40.626097 40.494850 40.329591 40.215863 40.150926 40.135534
-9999.0 -9999.0 -490.320737 -485.488057 -489.594919 -482.377909 -475.910557 -484.470119 -483.450421 -476.988761 -480.102094 -480.357319 -482.817104 -483.849024 -481.990716 -476.720465 -480.564632 -482.036705 -490.144059 -475.931310 -465.475201 -447.602184 -408.132233 -374.052645 -337.632037 -329.244009 -313.405448 -244.682998 -194.608390 -142.630736 -81.368697 -29.150774 2.963937 3.538915 3.760058 4.038037 4.341683 4.573185 4.696133 5.164082 5.329638 5.674469 19.717627 35.304757 40.848366 40.694909 40.645974 40.574335 40.518017 40.497217 40.044875 36.755891 35.876622 36.191047 37.134909 32.572768 26.875813 21.257792
-9999.0 -491.009335 -488.748218 -489.007181 -484.455878 -487.182451 -482.553109 -475.599724 -478.009383 -476.698893 -478.449877 -485.752455 -472.357654 -461.162520 -459.685081 -450.350246 -456.297416 -459.683559 -468.752963 -456.102854 -430.387591 -360.555205 -192.734853 -130.436672 -98.489238 -92.032435 -89.699038 -64.123675 -36.594089 -9.875089 3.857413 4.428638 5.042875 5.500993 5.690880 5.663628 14.319915 28.281161 43.615157 45.294388 45.372868 45.235630 40.706815 40.706035 40.474043 40.609267 37.517468 31.722905 24.463035 19.473585 15.624372 11.283536 13.948470 16.878547 18.410530 11.947862 5.845972 5.501604
-9999.0 -498.599103 -488.912931 -483.451655 -486.565930 -492.053350 -480.133490 -461.730616 -473.102883 -478.242225 -482.242208 -473.988165 -443.117071 -410.982873 -392.651452 -366.490478 -372.964577 -386.591401 -387.953522 -350.413186 -238.879003 -154.186053 -37.834309 3.760562 3.823889 4.041243 4.173120 4.593579 5.076543 5.496963 12.724907 33.013252 34.922761 34.943624 34.796851 34.852335 34.760057 34.762463 31.165716 27.660064 23.484667 23.196749 26.546458 26.236063 23.663400 21.397552 16.130049 8.983417 5.670830 5.489233 5.467806 5.385179 5.370385 5.593066 5.436928 5.341685 5.219590 5.156737
-9999.0 -490.494147 -479.183077 -482.735806 -493.208536 -481.239493 -478.659384 -468.880967 -463.772859 -472.335849 -461.559100 -413.518516 -328.366430 -189.350541 -136.457645 -122.376680 -119.081414 -131.461533 -121.528483 -82.868939 -23.402729 3.822528 4.728373 16.929197 22.325114 22.310496 22.232173 22.239567 22.223932 22.176134 22.129726 20.222386 24.409104 26.286050 25.059945 22.307612 17.878570 10.747341 6.123200 5.544368 5.384810 5.385623 5.627728 5.961131 5.602409 5.506882 5.416500 5.330411 5.278899 5.216282 5.230205 5.208004 5.247141 5.182873 5.164246 5.140885 5.034696 4.956835
-9999.0 -503.487698 -487.603898 -501.796592 -484.028370 -469.519448 -476.080648 -458.737543 -440.894269 -442.117317 -373.322783 -203.407717 -82.529865 -14.684595 3.191881 3.769848 4.036525 4.315302 4.763889 5.718394 18.900751 30.752328 30.652973 30.534913 22.151757 22.180301 15.132212 5.347538 5.140055 5.004552 5.067442 5.259243 5.392278 5.772664 5.423223 5.574977 5.615991 5.417871 5.399876 5.265427 5.167389 5.090072 5.066500 5.336291 5.174343 5.182201 5.131692 5.079282 5.025465 4.985326 4.931917 4.871109 4.897608 4.817488 4.904137 4.884592 4.525638 4.394103
-9999.0 -512.575166 -501.850557 -494.100899 -478.520491 -468.523086 -460.674987 -442.184299 -398.137666 -351.791429 -197.440835 -83.178631 1.349679 4.172962 5.069750 5.609455 12.723793 12.756761 12.767519 6.340269 4.776905 4.628706 4.845954 5.206892 5.318572 5.555727 5.199105 5.028581 5.005175 5.102274 5.090041 5.113123 5.106383 5.058918 4.959160 5.001944 5.201343 5.064401 5.004386 4.976136 4.951324 4.859359 4.786921 4.750706 4.735055 4.812075 4.734608 4.648495 4.577986 4.554348 4.507400 4.468818 4.507037 4.466087 4.378329 4.224607 3.734552 3.241681
-9999.0 -532.797824 -497.613631 -493.918607 -484.938063 -483.561432 -483.711444 -469.574278 -449.672212 -354.213133 -125.064144 -38.199487 2.843815 3.515738 4.370373 5.334100 5.485434 4.664861 4.304095 4.093668 4.174958 4.315841 4.444246 4.676479 4.853360 5.000626 5.015855 4.898114 4.706939 4.656982 4.677051 4.581567 4.508258 4.548703 4.480213 4.573828 4.680010 4.531342 4.406779 4.211225 3.988306 3.766158 3.681001 3.694406 3.689762 3.653336 3.567667 3.456286 3.312672 3.195130 3.121947 3.081328 2.995499 -1.820483 -12.951814 -31.904594 -74.963034 -113.740480
-9999.0 -9999.0 -513.972820 -493.355941 -491.540327 -489.459514 -488.453064 -476.268710 -466.524698 -417.751052 -347.524832 -198.404568 -131.889963 -95.874574 -43.886585 2.952837 3.235054 3.576567 3.125947 3.207926 3.267819 3.299885 3.426757 3.591220 3.808343 3.982889 4.107154 4.063402 3.886829 3.617891 3.333800 3.159325 3.068327 2.959237 3.098175 3.284717 3.236155 3.164281 2.984573 -8.237595 -29.756871 -59.988979 -72.679964 -75.621620 -76.999296 -80.565218 -85.868096 -97.733465 -108.529202 -118.420130 -121.718997 -125.439308 -130.149344 -141.544420 -158.980322 -194.039008 -286.274443 -353.304376
-9999.0 -9999.0 -536.105736 -504.020530 -490.229757 -480.717103 -483.666028 -483.981476 -464.325008 -459.031202 -447.243210 -420.662072 -394.653245 -363.988525 -297.887963 -188.997850 -154.154138 -142.667741 -138.606428 -134.144837 -121.739516 -109.250597 -98.374798 -83.651846 -62.305120 -39.232131 -28.320781 -46.341814 -69.157108 -92.646621 -113.509476 -131.813658 -140.236317 -145.162011 -142.126217 -136.709872 -140.682049 -148.877499 -161.869106 -186.145702 -231.896257 -305.449452 -325.939695 -330.658252 -331.511022 -336.185798 -342.594947 -356.444570 -369.741903 -377.320385 -382.631157 -387.377492 -389.786699 -395.984280 -404.073164 -411.154393 -427.616565 -439.698955
