tests/Borden05m/sims/sim_1/output-maps/psiliqL0027N0017.asc
ncols         160
nrows         34
xllcorner     620200.000000
yllcorner     5168000.000000
cellsize      0.500000
NODATA_value  -9999.0
[rows 0 to 24 of 34, columns 55 to 109 of 160]
-9999.0 -9999.0 -9999.0 -9999.0 -9999.0 -9999.0 -9999.0 -9999.0 -9999.0 -9999.0 -9999.0 -9999.0 -9999.0 -9999.0 -9999.0 -9999.0 -9999.0 -9999.0 -9999.0 -9999.0 -9999.0 -9999.0 -9999.0 -9999.0 -9999.0 -9999.0 -9999.0 -9999.0 -9999.0 -9999.0 -9999.0 -9999.0 -9999.0 -9999.0 -9999.0 -9999.0 -9999.0 -9999.0 -9999.0 -9999.0 -9999.0 -9999.0 -9999.0 -9999.0 -9999.0 -9999.0 -9999.0 -9999.0 -9999.0 -9999.0 -9999.0 -9999.0 -9999.0 -9999.0 -9999.0
-9999.0 -9999.0 -9999.0 -9999.0 3597.899307 3592.608798 3587.868085 3583.373452 3574.884381 3565.550133 3557.714157 3553.493254 3552.284611 3551.410849 3550.724166 3555.511614 3563.517596 3571.072526 3577.869802 3580.214852 3582.500215 3584.272405 3584.435477 3583.255715 3579.971582 3576.590795 3573.161681 3571.411221 3564.089410 3552.965514 3544.682821 3541.988744 3546.134804 3550.456681 3552.907353 3558.023163 3568.368251 3578.941414 3587.504172 3600.116703 3607.225160 3612.590175 3615.153437 3611.183933 3607.948068 3603.976105 3597.765149 3586.670927 -9999.0 -9999.0 -9999.0 -9999.0 -9999.0 -9999.0 -9999.0
3542.824549 3561.157022 3582.147193 3585.222425 3573.480594 3568.370597 3565.217984 3563.552179 3559.323337 3550.809480 3545.663360 3540.129529 3537.367039 3537.307345 3537.107041 3540.662249 3551.394337 3559.098338 3563.567252 3566.141468 3568.936259 3567.194991 3566.329013 3566.046606 3563.084671 3559.538238 3556.104001 3554.199484 3555.702793 3548.081399 3542.022355 3538.068018 3534.994276 3537.741518 3540.450234 3545.123683 3554.255727 3562.132043 3570.086133 3585.317232 3598.565335 3604.308752 3601.781224 3597.250386 3593.461491 3586.018701 3575.245744 3565.305057 3557.353673 3551.365813 3546.070830 3539.649481 3546.160797 3554.192983 3563.524086
3525.993138 3545.101081 3565.503949 3567.991046 3557.724961 3550.003473 3542.973970 3543.466120 3546.982784 3543.715580 3538.818180 3530.733777 3540.796404 3541.685937 3542.256421 3545.334533 3547.016216 3552.200842 3554.499233 3559.740064 3568.623992 3571.354042 3571.696481 3571.650668 3569.574450 3566.232128 3564.183075 3561.314550 3555.970306 3554.067410 3553.623808 3552.222785 3556.215208 3557.725533 3560.727587 3555.335051 3559.831566 3566.094001 3573.079966 3578.528634 3584.628139 3587.063114 3583.803176 3584.554179 3576.285847 3562.712667 3553.029635 3545.723773 3546.202719 3543.349554 3535.500844 3521.784386 3530.275836 3546.520842 3551.402091
3530.271677 3539.079056 3549.449522 3551.830833 3546.725741 3548.938702 3550.662582 3551.761314 3549.793030 3546.118788 3541.450647 3551.593882 3559.690462 3560.927175 3563.200453 3567.059701 3567.923207 3557.051565 3554.956338 3562.044580 3571.540294 3576.538737 3576.618229 3576.131894 3572.227902 3570.968275 3570.693960 3568.853992 3568.166483 3569.588136 3566.907623 3569.671937 3575.096985 3578.412263 3573.423648 3565.083675 3567.455981 3575.979957 3585.177979 3592.803490 3602.948310 3613.704249 3614.128710 3609.756281 3601.358393 3589.077581 3566.807627 3549.548279 3538.662915 3530.690285 3523.513240 3526.834608 3522.102798 3536.230621 3538.133216
3514.948247 3535.836776 3555.677616 3561.270327 3555.175399 3551.465577 3550.263086 3550.789858 3549.626142 3549.767330 3558.061237 3569.561451 3580.357615 3582.164016 3583.802165 3582.348274 3574.889666 3564.498634 3561.837216 3574.873434 3591.520207 3599.249935 3598.576070 3593.868897 3596.585827 3596.775046 3597.416445 3594.147297 3594.716881 3591.944339 3596.958516 3604.614313 3612.632245 3611.301807 3598.886908 3586.488368 3586.554380 3592.251125 3599.517319 3607.225341 3617.387028 3626.481497 3621.746142 3616.818363 3609.741567 3584.463668 3562.314906 3548.334289 3548.781843 3549.699953 3545.422526 3543.610885 3543.023748 3539.282788 3539.676673
3550.281612 3569.217157 3589.319064 3601.935597 3595.650981 3588.160244 3579.794644 3579.871622 3579.959465 3585.503231 3595.538728 3607.773492 3629.169107 3628.255928 3628.386330 3626.661270 3613.563581 3600.232084 3590.320631 3612.679396 3623.726592 3630.699036 3627.709160 3632.371812 3640.859339 3637.335861 3631.165445 3618.940409 3624.460701 3630.478059 3645.606061 3653.621970 3659.011839 3654.166247 3640.054827 3633.215633 3634.996487 3641.822366 3643.321766 3652.326879 3660.987226 3675.918392 3674.559177 3671.755054 3652.143430 3615.201355 3586.378267 3574.505400 3586.411163 3580.934839 3574.670505 3574.947040 3564.232255 3557.445501 3560.310720
3581.149299 3594.166535 3610.157636 3626.485059 3617.231472 3607.068623 3590.275033 3586.882775 3590.723467 3600.826902 3618.144511 3635.658593 3655.207480 3653.092542 3645.722275 3655.335659 3648.288378 3637.311683 3629.835620 3652.041556 3661.958442 3672.041023 3677.426202 3690.045086 3700.375722 3683.306696 3665.839130 3655.012531 3662.171543 3688.222974 3711.038054 3715.820688 3714.718051 3713.887199 3698.086055 3693.390967 3690.245992 3691.030444 3688.660972 3686.972184 3712.877828 3734.827944 3734.730849 3713.340336 3690.711835 3650.856765 3613.106574 3589.401887 3603.450446 3600.079603 3603.750458 3594.076090 3582.704194 3576.335883 3574.474504
3629.602231 3650.603736 3666.671682 3688.578939 3678.712230 3655.151642 3638.497449 3640.899542 3654.494989 3662.621757 3681.329602 3697.897534 3723.280409 3734.700031 3745.338895 3749.270715 3742.319233 3733.804366 3721.875755 3727.700592 3752.156151 3763.776421 3771.933997 3780.156591 3792.828554 3792.796568 3785.534643 3783.587012 3788.056286 3802.061196 3816.978366 3823.744192 3826.627841 3829.014709 3815.033122 3801.906470 3800.237263 3795.032398 3794.224022 3793.577162 3805.739690 3827.037323 3823.717499 3786.323520 3759.443664 3724.093741 3685.529748 3656.281503 3650.977303 3671.004810 3669.532486 3653.474778 3643.701462 3618.448124 3614.231048
3697.808470 3730.638405 3754.816833 3764.771935 3771.796338 3756.265946 3753.920116 3758.135627 3766.643969 3769.664314 3776.031078 3808.496117 3842.287998 3867.031089 3889.749867 3896.848939 3884.385424 3874.606579 3860.950077 3852.201604 3863.841465 3881.389188 3899.181605 3914.078350 3925.441457 3927.399919 3925.788475 3925.832025 3929.051464 3932.067900 3936.513344 3945.219907 3952.925354 3961.489660 3969.275561 3958.429545 3941.390894 3932.361987 3923.721454 3923.269889 3924.886097 3929.191203 3930.331252 3912.749110 3869.694297 3837.670132 3805.397501 3786.451964 3773.771772 3774.591320 3756.407052 3731.814804 3679.851269 3642.689460 3611.632275
3782.796391 3827.428800 3856.751437 3873.458658 3886.057943 3882.612575 3884.482020 3885.431112 3889.040123 3891.212965 3893.602825 3920.927088 3963.133457 4002.953095 4034.522029 4034.058123 4019.897085 4008.466261 3999.473096 3984.713336 3980.725325 3993.891520 4009.803750 4030.598264 4040.979727 4046.747943 4043.183196 4043.390993 4045.349682 4047.744087 4049.941314 4053.778838 4063.750524 4079.231250 4094.129121 4093.062724 4073.458907 4055.333749 4039.385871 4037.348603 4035.217274 4030.327053 4032.860819 4034.810571 4017.955245 3985.837400 3945.362407 3904.923834 3888.943400 3874.211217 3863.368357 3846.170594 3804.006640 3735.679203 3695.265924
3898.451701 3933.578131 3962.835928 3993.339121 4007.957455 4009.731766 4006.950354 4005.527773 4012.603480 4015.038027 4020.301820 4036.988935 4070.297684 4106.762450 4137.011352 4152.334480 4144.091839 4125.477819 4102.639489 4092.262415 4089.155422 4092.989484 4102.907033 4116.418929 4136.519257 4156.465735 4162.317708 4163.226196 4160.509225 4162.995241 4164.630611 4164.762651 4167.937401 4176.953326 4187.230094 4190.718007 4182.523703 4160.728621 4136.701861 4125.599377 4119.279024 4115.938887 4117.247079 4122.813347 4126.401398 4111.078317 4074.362283 4028.782473 3998.913062 3984.278893 3971.624047 3957.293470 3944.471508 3909.797623 3888.232773
4008.503639 4024.144956 4052.988298 4082.312739 4104.968273 4119.600248 4119.641770 4122.432627 4127.277888 4134.387443 4149.513507 4173.564941 4193.451940 4217.030487 4244.525000 4261.408074 4266.648690 4264.709723 4260.241032 4261.358847 4261.744867 4193.121027 4199.906131 4206.677494 4225.349712 4241.931999 4247.980329 4248.676883 4245.897779 4247.855266 4248.691204 4248.549155 4248.172009 4250.862068 4256.407521 4258.526969 4255.906789 4242.311939 4262.913803 4242.338901 4228.569684 4220.192842 4211.804582 4203.522722 4194.022456 4183.982375 4163.195861 4131.494565 4096.671283 4075.673902 4068.016769 4061.786667 4052.871401 4046.947097 4029.458200
4107.726028 4118.338364 4137.079781 4160.388471 4195.524999 4219.769907 4231.421830 4240.938388 4245.660236 4259.949543 4277.201778 4259.492895 4268.596564 4278.017170 4287.377543 4290.591973 4291.512341 4291.087657 4288.661266 4287.812321 4285.264491 4281.957347 4271.317466 4272.946309 4274.967642 4277.611742 4281.385691 4280.313417 4281.456254 4284.421414 4282.615115 4276.468762 4272.303995 4270.725726 4271.811525 4279.311080 4282.865190 4283.853090 4280.104362 4279.124937 4278.033386 4274.306922 4269.654500 4263.095951 4254.706280 4271.343240 4258.885633 4229.934498 4188.329176 4145.912898 4138.956513 4141.458062 4141.141409 4139.668395 4133.979670
4236.147680 4250.230046 4265.424476 4240.181703 4264.661381 4277.189126 4283.046882 4287.437270 4290.336827 4293.806989 4290.829448 4287.879950 4282.944039 4281.317839 4279.944954 4277.485816 4278.108444 4276.219539 4272.112448 4267.969646 4259.738777 4248.003302 4236.822871 4233.085865 4237.348633 4243.075248 4248.372624 4253.033113 4256.831178 4256.669022 4251.063488 4242.506895 4234.851070 4233.225911 4240.191639 4245.985834 4252.735434 4253.649228 4252.249400 4249.671403 4249.347875 4245.933825 4246.097743 4253.302554 4268.362563 4270.634561 4277.101608 4276.180645 4257.939211 4224.907816 4239.350856 4219.213548 4225.565329 4220.887456 4209.430049
4281.885829 4284.922093 4283.135404 4282.140886 4275.670278 4269.549304 4268.749373 4272.793679 4279.887258 4280.908828 4273.811215 4265.139132 4257.817192 4250.237509 4247.826379 4247.351931 4247.145103 4247.697605 4242.372832 4232.778989 4215.429568 4203.800202 4192.718699 4186.767897 4182.673726 4185.899851 4197.401909 4210.023084 4215.145494 4205.420004 4196.767743 4184.719782 4176.613652 4177.091681 4177.943741 4187.566081 4204.933215 4212.972546 4213.795863 4207.100377 4200.289867 4193.504105 4190.277214 4196.691119 4212.144955 4229.262602 4245.288698 4254.663747 4262.508733 4269.780964 4267.386408 4270.390066 4272.042831 4269.709346 4273.377794
4276.476484 4269.401755 4262.330914 4256.963454 4250.512148 4245.243117 4243.367820 4245.149426 4246.927641 4242.680316 4236.307590 4226.282884 4215.176082 4205.422273 4197.545983 4198.586128 4200.964229 4202.727200 4195.265827 4179.690273 4161.723021 4148.171595 4134.258400 4130.311294 4124.238784 4116.037083 4126.106245 4146.294454 4153.876516 4137.348711 4126.274464 4110.879109 4104.392879 4100.245116 4100.916723 4109.801587 4132.785956 4157.709347 4159.955567 4148.802825 4137.713035 4133.014735 4129.733190 4134.133385 4150.756960 4171.842087 4188.253368 4198.912214 4204.266225 4212.068572 4221.510632 4236.176253 4251.332938 4263.959844 4268.117602
4251.081900 4243.299217 4235.613390 4227.951754 4221.040238 4214.811284 4210.487583 4208.524469 4204.365817 4198.208573 4191.139950 4169.480220 4156.947079 4143.837438 4128.682599 4124.695269 4119.606857 4120.589242 4109.005463 4101.334254 4085.128296 4069.768577 4054.131028 4040.340210 4034.620838 4027.791737 4025.229276 4038.431917 4046.789693 4037.840957 4028.230938 4017.898505 4013.623387 4010.256959 4012.838330 4023.337386 4042.552166 4060.877861 4069.570391 4062.348722 4061.666225 4062.081173 4060.499558 4066.971605 4077.320240 4095.095063 4117.818540 4137.309025 4147.354282 4154.170515 4163.320619 4177.834514 4192.067689 4206.572718 4224.818984
4220.479283 4211.124010 4201.163654 4191.384705 4180.847310 4170.249975 4163.659467 4166.488199 4160.512456 4154.957391 4131.125930 4074.647705 4053.051740 4033.930146 4017.527701 4010.635033 4002.032263 3984.665077 3976.069187 3971.897961 3975.419651 3961.681297 3944.189121 3926.282562 3921.451211 3918.023358 3899.400025 3893.386285 3893.538851 3911.683078 3905.839327 3905.295652 3907.845813 3905.498817 3906.512997 3919.159829 3926.257624 3931.023851 3937.918204 3943.736311 3954.934918 3963.365089 3974.619724 3992.027134 4002.567241 4017.580486 4037.783393 4063.781591 4079.619841 4089.139095 4099.462586 4114.722596 4130.852557 4148.681935 4171.145309
4185.689258 4168.759369 4154.035223 4139.669442 4126.944554 4114.064960 4097.846254 4099.865556 4097.907274 4087.359926 4030.436693 3989.905680 3955.852803 3938.835892 3914.991523 3901.144197 3883.990117 3843.745596 3825.874900 3826.362841 3842.853679 3840.394869 3825.439693 3813.965807 3804.409367 3794.667075 3776.219211 3755.903613 3762.229461 3781.756868 3783.621713 3787.823247 3796.347505 3796.056817 3788.816029 3784.759209 3796.405179 3801.441346 3812.860863 3831.544586 3836.564442 3854.204236 3889.158621 3901.831971 3916.776836 3934.803303 3954.887708 3976.783540 3999.615637 4013.699960 4028.870826 4047.164918 4063.721937 4083.885334 4106.278040
4134.285740 4102.761772 4081.464092 4064.015286 4044.663380 4016.828186 3996.921792 3994.726138 3988.715481 3958.162012 3904.953149 3870.167659 3847.886675 3826.282092 3803.585886 3779.153336 3740.265725 3705.142379 3683.211309 3700.822720 3712.887778 3726.437103 3715.597056 3705.283252 3695.899219 3677.248096 3660.241505 3643.057961 3654.548680 3663.266221 3684.117808 3691.619970 3695.616775 3702.090345 3700.570976 3688.666712 3681.722804 3689.566990 3699.261138 3711.404796 3734.215012 3770.629929 3795.272163 3813.485743 3833.694627 3851.868006 3872.704670 3895.200802 3917.852590 3934.667563 3952.642338 3970.709798 3991.247999 4009.832332 4032.108718
4052.502960 4024.414332 3998.346555 3975.305651 3942.966761 3895.583610 3881.393873 3872.518311 3849.288832 3800.155999 3758.813226 3740.594868 3729.678926 3707.039040 3686.861722 3657.842918 3623.788466 3603.288068 3582.982310 3594.316660 3605.523818 3627.434034 3619.491108 3613.668526 3611.447305 3596.190405 3583.161976 3566.466150 3572.621373 3585.250610 3609.908452 3616.282352 3620.575905 3630.421691 3629.705144 3624.594303 3605.372612 3611.622654 3622.315810 3636.980974 3668.459692 3690.461271 3712.355897 3733.838690 3752.665470 3773.590381 3795.105988 3817.446256 3843.473923 3862.555348 3881.043605 3902.058009 3920.559340 3933.837166 3948.896632
3943.243535 3919.891448 3901.168431 3877.364789 3833.757752 3790.091303 3748.388192 3720.165705 3665.825488 3631.099770 3613.676601 3615.979389 3605.532908 3587.142418 3569.495116 3551.355311 3530.957787 3513.579730 3488.969211 3495.247171 3512.203171 3530.289005 3533.306921 3535.472153 3534.667997 3526.036211 3512.851036 3499.366069 3503.226310 3520.769190 3539.034741 3549.631643 3557.569678 3565.319334 3564.871984 3554.640919 3544.056545 3548.352245 3563.591534 3579.257935 3595.684966 3615.392587 3635.308300 3654.962609 3676.658181 3698.357358 3720.294169 3744.175445 3770.102387 3790.771719 3813.599248 3837.126397 3852.421360 3859.866100 3865.923334
3840.544030 3822.449441 3800.079408 3772.912295 3731.279296 3692.591799 3652.646466 3604.542280 3572.276090 3545.093468 3541.173479 3527.662457 3516.552987 3504.109614 3485.235672 3470.646846 3457.770653 3437.665160 3429.948261 3438.293597 3452.387859 3460.446413 3468.496822 3467.035945 3465.283325 3460.392004 3446.700303 3443.847060 3454.258742 3469.445969 3482.903900 3494.716165 3501.583562 3506.393070 3503.108818 3493.516594 3490.842469 3498.691081 3513.715553 3526.372783 3539.921144 3559.443083 3578.132601 3598.474721 3619.641446 3640.286254 3663.349033 3687.135529 3711.896865 3738.017928 3759.023431 3775.874189 3783.033386 3790.946191 3788.154610
3717.387675 3707.713757 3682.754500 3655.155064 3627.527542 3596.542082 3574.547325 3544.999401 3516.685160 3489.470620 3465.085036 3455.215574 3451.255971 3440.396473 3425.383206 3416.005652 3401.984862 3394.473967 3402.641351 3404.210186 3412.166176 3410.161129 3411.659445 3409.800518 3409.705942 3408.275296 3403.342413 3416.330926 3422.687983 3435.791027 3445.590415 3455.270214 3460.818586 3464.081082 3465.246156 3461.216148 3467.206700 3472.599514 3485.490224 3495.790739 3508.082172 3526.738027 3542.258206 3559.626546 3580.249074 3601.581072 3623.675200 3647.650691 3674.020306 3696.917702 3712.681099 3717.357706 3724.656987 3723.755318 3710.153173
