tests/Borden05m/sims/sim_1/output-maps/psiliqL0012N0017.asc
ncols         160
nrows         34
xllcorner     620200.000000
yllcorner     5168000.000000
cellsize      0.500000
NODATA_value  -9999.0
[rows 0 to 24 of 34, columns 57 to 113 of 160]
-9999.0 -9999.0 -9999.0 -9999.0 -9999.0 -9999.0 -9999.0 -9999.0 -9999.0 -9999.0 -9999.0 -9999.0 -9999.0 -9999.0 -9999.0 -9999.0 -9999.0 -9999.0 -9999.0 -9999.0 -9999.0 -9999.0 -9999.0 -9999.0 -9999.0 -9999.0 -9999.0 -9999.0 -9999.0 -9999.0 -9999.0 -9999.0 -9999.0 -9999.0 -9999.0 -9999.0 -9999.0 -9999.0 -9999.0 -9999.0 -9999.0 -9999.0 -9999.0 -9999.0 -9999.0 -9999.0 -9999.0 -9999.0 -9999.0 -9999.0 -9999.0 -9999.0 -9999.0 -9999.0 -9999.0 -9999.0 -9999.0
-9999.0 -9999.0 622.647263 617.200423 612.030632 607.221591 598.402150 589.338850 581.070480 577.301990 576.605916 576.019791 575.843179 581.307433 589.489583 597.309803 604.661035 607.232868 609.829288 612.233167 612.860918 611.730372 608.592008 605.379579 602.044417 600.595411 592.502532 581.145080 572.336727 569.606413 574.063365 578.547501 581.038647 586.922795 597.662853 608.461289 616.968042 628.755297 634.392381 639.359315 642.172885 637.834599 634.004763 629.933256 624.657043 613.455819 -9999.0 -9999.0 -9999.0 -9999.0 -9999.0 -9999.0 -9999.0 -9999.0 -9999.0 -9999.0 -9999.0
606.028008 609.426251 598.312937 593.503672 590.325761 588.379597 583.601012 575.086006 569.994345 564.804760 563.225672 563.509788 563.806505 568.154539 578.445555 586.601519 591.546007 594.210271 596.953036 596.912206 596.543065 596.335094 593.555712 590.218355 586.897788 585.163576 585.554693 578.007966 572.604215 569.255358 567.712647 570.209140 572.554051 575.821139 585.305707 593.458156 601.609503 615.803894 628.082666 633.149244 630.434074 625.130516 621.004292 614.014081 603.679446 593.045234 582.979456 575.650274 569.835374 563.919049 569.622661 575.875580 585.568768 595.143508 606.948330 618.982226 -9999.0
590.964767 594.001254 583.394795 575.231818 570.513123 570.856066 573.527663 570.197273 565.821410 561.326467 569.972229 571.540044 572.954228 576.451000 579.803174 582.907171 585.832126 591.362983 600.536953 603.424563 604.128858 604.416737 602.708994 599.686203 597.958372 595.272872 590.157215 589.186745 589.582996 589.452036 594.496338 595.971169 597.558942 590.737098 594.161515 600.304058 607.085197 613.647695 620.289380 624.234591 620.715909 619.350542 610.483653 596.142386 584.423251 575.419614 572.953502 569.335588 561.087810 548.078034 554.706148 569.835577 574.075121 577.166882 588.625040 600.709074 610.936458
577.916007 581.188721 576.412210 577.853909 579.608164 581.320193 580.000897 577.326597 575.859458 588.865071 598.708608 600.879368 604.135166 607.979894 607.423247 595.594944 593.301672 601.837873 612.437001 618.504526 618.954165 619.096697 617.318766 616.405076 616.055927 613.892485 614.836418 617.445475 617.727759 622.568117 628.260106 631.092797 623.037435 613.765944 614.369629 621.951376 629.925610 637.158888 647.759493 658.943185 657.455909 651.217776 641.500361 627.104374 602.879663 582.544536 571.100704 563.466193 555.728371 554.950708 551.521672 562.069155 563.247716 564.591036 572.480162 582.420648 592.313344
594.122063 602.526180 596.928409 592.007354 589.358020 590.376792 590.959258 594.561055 607.747830 622.136184 637.368844 640.672165 643.699984 643.663503 634.694598 624.620617 620.903070 635.952536 652.339967 660.969503 662.055706 661.963449 669.354813 667.929126 666.024625 661.080952 663.398511 665.464858 675.996149 683.790319 690.862574 688.988496 676.907050 665.360562 663.452714 665.743145 668.507655 674.478481 684.629409 694.207373 688.666244 680.616209 669.430600 639.567309 611.107676 593.183792 592.539658 591.893507 586.243209 582.257680 578.093131 570.194291 568.996056 567.568632 566.422228 577.853543 589.723367
644.290139 660.824680 655.551540 647.760975 637.751596 638.709269 642.402124 651.218822 665.117427 683.761572 708.724290 712.647842 716.697005 720.234200 709.490633 697.434587 686.324434 703.887168 714.390140 723.667374 726.328967 737.030300 747.266301 742.738818 734.620752 724.673194 731.284964 743.964566 759.395999 766.332889 770.167804 769.263202 758.303733 752.335334 750.115126 751.416092 748.286588 752.169653 762.432175 777.226267 776.193502 765.622292 741.537639 703.206662 667.019881 644.623437 648.460092 640.488278 632.717275 627.667045 612.502276 600.344533 599.224732 588.727651 581.698829 592.408592 597.786233
694.213224 713.386031 709.611785 699.389035 686.837832 687.058893 695.452329 706.235219 726.257751 750.626419 775.928257 786.161308 791.076315 801.137621 795.093047 786.064274 777.885887 788.113972 800.736282 813.117933 823.788998 836.894480 848.717156 839.934675 828.526311 824.021401 829.273588 848.641419 865.634336 871.025986 872.670415 875.776891 867.317444 860.185447 852.690028 846.451113 839.907318 835.339323 852.485823 868.028020 865.545012 841.111515 815.560720 778.129913 738.836959 704.476682 701.205364 697.337911 694.669529 678.040079 660.997231 642.457192 631.134284 620.801123 605.345900 609.559508 613.834052
792.709554 814.640475 817.217530 801.765355 795.190586 800.603568 813.634515 821.358665 837.226706 862.998293 896.137149 919.140261 939.543944 944.393933 936.319052 927.622388 914.657172 912.125793 928.573594 940.797242 951.895246 962.957363 975.269692 981.191041 979.040464 978.745969 981.938502 988.503333 997.010909 1003.781901 1009.389904 1015.102146 1012.275718 1002.192217 995.026217 985.623452 977.992907 974.943362 976.282453 985.902112 983.388754 957.772283 929.923833 897.193147 859.185279 826.472757 806.775217 810.141427 796.901999 777.025137 755.132431 718.009813 699.173377 681.514570 650.793461 645.294602 652.715098
906.133142 921.963012 936.259177 932.893000 935.261013 939.653021 947.270515 952.987048 961.572942 994.464021 1029.777594 1059.817723 1084.533928 1093.730953 1084.179450 1074.820450 1063.373693 1054.168919 1057.719843 1071.726447 1088.127613 1103.613847 1114.541566 1118.128515 1116.904066 1117.215434 1119.157329 1122.256564 1125.190545 1131.031264 1138.081417 1147.975559 1158.929210 1153.358082 1136.562142 1123.704614 1109.231508 1103.372224 1101.129565 1098.406051 1097.647935 1090.276969 1059.543774 1030.871605 998.297848 968.006345 945.571025 929.607089 908.886004 885.280866 838.704135 797.032156 760.767017 731.861852 702.293946 698.323783 720.244879
1026.809716 1051.529708 1067.140049 1070.902921 1073.808589 1077.180661 1083.856978 1089.889821 1097.891253 1120.334837 1157.322691 1194.301607 1224.202870 1229.068491 1220.597038 1210.632575 1200.414355 1190.309287 1187.091660 1194.408625 1204.958881 1220.272302 1231.327776 1240.820251 1240.175031 1240.540745 1240.913956 1242.997514 1244.815965 1246.630269 1253.253519 1264.527891 1275.159218 1276.113246 1263.194193 1246.086253 1228.244372 1220.027157 1213.099122 1206.690760 1206.083706 1206.100980 1198.945067 1174.076204 1138.350993 1095.500246 1067.839591 1045.498514 1031.198910 1014.196324 988.891997 938.570609 908.270946 873.114361 838.127323 816.625595 854.685585
1140.096781 1170.483997 1189.642190 1198.191615 1199.521464 1202.595553 1210.855918 1218.077495 1228.952623 1245.804972 1269.015201 1297.561675 1324.403962 1342.190146 1339.181487 1327.364052 1310.860787 1306.119914 1304.926714 1306.731684 1312.856244 1320.082462 1334.544106 1349.355313 1354.353806 1354.937767 1352.624229 1354.723185 1355.828396 1355.962934 1356.799739 1361.119890 1367.705248 1369.887978 1365.171208 1349.467019 1329.349954 1314.172076 1304.744533 1299.610594 1296.924049 1297.430565 1296.201303 1284.179126 1255.607759 1217.987667 1184.014200 1160.838941 1143.627395 1129.005544 1117.055708 1098.107362 1079.778838 1049.271516 1006.352646 970.644417 969.523278
1239.566018 1265.929236 1290.270467 1307.127059 1312.067264 1318.846580 1324.691053 1335.267411 1351.005772 1369.709437 1383.466071 1400.140478 1421.244749 1433.768359 1439.653613 1440.183402 1439.147889 1440.794888 1440.660903 1417.689187 1420.114303 1422.411887 1428.260425 1435.125674 1437.148195 1437.186612 1436.239255 1437.306285 1437.695808 1437.975504 1437.691705 1437.478999 1439.245303 1439.733190 1438.561564 1432.171537 1433.362728 1416.315016 1404.192704 1396.493323 1388.679465 1380.011858 1370.300928 1360.360579 1344.044380 1317.099481 1283.676560 1255.546324 1242.746292 1234.926665 1227.336600 1220.876332 1205.016642 1183.162747 1152.733261 1114.753689 1080.448062
1335.111185 1354.921420 1381.501775 1400.085351 1410.776789 1419.855304 1425.348066 1437.698809 1450.674377 1446.793504 1450.237302 1453.833031 1457.419672 1458.807812 1459.196093 1458.900515 1456.396526 1455.595153 1453.404035 1448.125080 1438.310821 1439.285594 1440.255910 1442.269117 1445.339368 1443.697489 1444.436769 1447.369957 1446.064814 1440.884423 1437.515844 1436.011982 1436.374404 1443.239385 1446.073473 1446.550486 1445.525170 1444.651364 1444.104874 1442.785981 1441.258301 1439.127821 1436.271506 1438.285339 1428.169405 1405.205583 1372.889804 1338.513922 1323.477525 1317.869462 1317.294947 1313.294498 1306.112019 1286.825838 1259.444925 1223.674398 1185.836852
1441.752838 1440.867040 1449.590448 1454.282241 1456.786849 1459.675426 1462.396009 1463.518648 1460.312202 1456.730930 1451.903476 1450.490644 1449.087814 1446.572962 1446.923918 1444.547965 1440.078276 1435.816709 1428.590960 1417.096246 1405.042786 1401.955262 1405.949843 1410.319677 1414.021774 1416.619348 1419.598800 1420.816994 1416.454297 1409.086379 1402.412247 1400.619872 1406.949351 1412.327434 1417.237215 1417.771669 1416.525696 1414.864038 1415.494956 1413.675167 1414.849897 1421.878064 1435.401166 1441.795272 1444.079347 1443.567055 1437.007940 1425.185941 1415.538578 1395.764893 1398.313170 1393.009307 1380.818368 1359.324901 1335.262343 1305.804353 1276.918593
1453.413872 1451.620690 1445.856818 1440.254215 1439.649640 1443.528214 1450.222451 1451.337666 1444.108061 1435.407726 1427.838810 1420.522880 1417.865276 1416.016905 1414.747585 1414.090846 1408.005626 1399.362638 1383.156357 1370.507573 1358.391403 1351.623258 1349.238062 1353.694934 1362.661569 1371.361822 1375.593161 1369.261008 1362.281868 1352.252188 1344.615698 1345.011970 1347.416449 1356.191434 1369.541341 1373.795163 1374.743881 1370.372862 1366.828380 1361.985191 1361.192654 1369.191306 1385.054301 1400.805049 1414.691954 1423.149681 1430.709132 1437.132482 1441.129243 1441.979870 1442.293205 1441.119285 1438.947832 1423.576406 1402.795913 1378.998092 1354.722521
1432.081380 1426.676084 1419.767217 1413.804167 1411.835015 1413.956370 1416.514214 1412.807471 1405.495153 1394.510663 1382.613126 1371.934843 1364.997721 1364.855374 1366.063652 1365.984665 1358.797085 1343.658584 1325.532875 1311.222805 1296.621146 1291.929194 1286.605576 1282.192286 1292.130176 1308.269821 1314.016975 1301.001777 1291.615223 1278.061142 1271.065753 1268.316505 1269.994983 1279.333066 1298.651462 1317.420446 1318.958322 1310.191860 1301.808268 1298.168325 1296.945247 1304.817550 1324.050287 1344.694828 1360.172785 1370.622430 1377.349233 1386.278895 1396.296347 1408.674587 1421.918862 1433.015042 1441.818442 1445.320124 1443.558112 1438.294209 1424.930942
1401.624095 1393.259987 1385.617575 1378.908103 1374.135799 1371.419891 1368.266908 1361.712966 1353.988192 1339.216068 1326.142994 1313.364851 1299.074374 1294.893529 1291.276513 1292.109850 1280.263893 1269.096099 1249.781230 1233.683491 1217.537709 1206.766330 1200.462425 1194.246771 1198.213476 1213.153064 1221.870166 1208.606384 1198.623021 1186.167859 1180.316709 1177.290994 1179.276861 1189.509080 1211.594035 1230.290501 1237.518740 1230.357247 1226.028379 1224.716795 1224.873324 1231.780980 1247.472068 1268.269093 1289.917913 1306.749602 1317.231130 1326.106539 1337.172363 1352.359468 1367.076099 1381.781207 1399.297557 1419.331877 1433.990237 1443.327875 1447.410096
1361.122923 1350.839801 1339.799915 1328.731442 1322.029075 1322.497870 1315.294510 1308.294869 1292.702816 1246.576215 1228.078289 1209.600207 1193.785940 1187.436658 1179.429668 1171.046180 1161.225075 1153.869224 1146.107235 1130.115403 1112.344742 1095.873327 1090.213562 1085.578521 1076.489121 1081.063377 1084.056433 1087.809157 1080.722118 1075.155224 1073.196514 1070.922624 1074.292433 1087.962687 1099.984610 1110.454512 1117.051243 1116.205720 1123.711935 1130.759262 1135.646810 1152.384638 1166.877001 1185.441582 1207.747918 1232.119319 1246.361412 1257.043957 1269.098755 1285.725340 1303.438057 1321.926255 1345.205859 1370.399986 1387.046327 1398.868726 1411.379564
1310.817946 1296.250737 1283.071901 1269.945627 1256.373842 1256.451590 1252.250305 1243.253625 1202.067626 1159.533552 1126.859269 1108.188339 1085.712655 1073.787679 1062.080894 1035.441818 1020.712649 1014.158589 1018.519970 1008.450385 991.090972 976.608411 968.037556 960.946730 947.778063 938.799771 943.346641 955.463984 951.234897 949.828747 954.105972 952.587757 949.433314 955.158389 969.701664 978.167244 988.454818 1000.514048 1005.819756 1015.953455 1043.090486 1057.986711 1074.317621 1095.518375 1118.461981 1142.260661 1163.604753 1178.052170 1193.817933 1213.732364 1231.758548 1253.712688 1278.313402 1307.851309 1328.541081 1344.043837 1356.786468
1237.163499 1220.268951 1202.591087 1181.566565 1160.591495 1157.459312 1149.742522 1130.105885 1083.869620 1043.395903 1013.278145 990.595880 965.945174 946.584280 918.934399 887.073426 866.503076 871.470742 878.318984 878.735027 864.387467 851.186928 840.531647 826.292737 810.596919 798.857971 807.332087 815.928238 824.397001 828.084388 831.941732 834.641862 833.704248 829.566823 835.144819 844.437785 855.410133 866.746192 881.321434 911.806855 937.627863 956.272233 978.350111 1000.058450 1024.372755 1049.773534 1072.785330 1090.381682 1110.274652 1130.870758 1153.120745 1175.325674 1201.516781 1231.928878 1257.435828 1274.234989 1290.009236
1153.853471 1131.105934 1104.397355 1065.509140 1050.082127 1040.652490 1027.145528 990.480512 947.796036 912.765089 888.510688 863.190639 838.686822 811.027138 779.137796 752.185640 731.725892 738.146867 744.898063 755.908239 743.736031 732.225939 725.606102 710.415140 696.209664 681.631864 689.137260 699.108676 716.366025 720.628606 724.186993 731.238903 730.321646 728.106542 719.601944 728.705018 739.708944 754.146643 782.649324 808.672610 834.246314 857.225422 879.418502 903.825227 929.771206 955.972447 983.360080 1004.636043 1025.467145 1048.646487 1070.585761 1090.594963 1113.219217 1140.947882 1165.298894 1186.556948 1209.038047
1052.629254 1028.141669 991.572576 947.770056 913.290792 896.545454 858.020894 823.646580 788.185805 770.091305 750.797686 726.897978 704.366872 682.183639 655.484875 632.272758 607.887367 611.384292 623.631838 637.357180 631.446638 627.607668 624.139465 612.657614 598.801762 585.150310 588.749992 603.945172 620.834864 628.358880 635.075710 642.714296 642.959290 636.316204 628.216796 634.269845 648.851613 665.700206 687.649591 711.323080 734.818397 757.140554 781.832484 807.631237 833.979699 862.264211 891.602096 914.324348 940.340481 967.022391 988.520079 1002.722530 1018.691166 1044.499552 1064.775656 1088.532288 1112.893043
945.490767 918.313468 877.114035 834.168638 790.672805 750.765783 716.714460 684.612195 666.181017 646.326145 627.556226 608.577109 586.834353 566.765884 547.365625 524.889492 506.913335 512.022233 524.926825 535.938371 538.575425 535.398589 532.155078 524.489748 510.685795 500.666183 509.117634 524.481606 539.372793 549.623059 556.419627 562.579367 560.007037 551.972162 546.409712 554.770433 570.674273 586.112649 604.189555 626.609945 649.147354 672.275948 696.652986 721.281747 748.502869 776.733380 805.552173 834.150698 860.474500 885.116351 898.966519 912.875966 922.767121 941.151108 961.649772 984.215160 1009.816936
819.767398 790.709209 756.427602 716.588953 684.721131 651.361547 619.356217 588.040958 561.813944 544.022622 533.546703 518.176104 498.471884 484.543534 467.261865 449.526226 449.193355 451.950915 463.013515 464.158438 464.666601 461.576076 460.360933 455.930666 445.255733 452.187952 459.678675 474.329136 485.155321 494.634094 500.934676 505.131314 505.112344 498.841202 502.508629 509.881795 524.779101 537.093744 552.776384 574.321808 592.712101 613.316535 636.730739 661.115266 686.923205 714.490913 744.284968 771.546756 793.951670 806.271931 819.745673 828.254034 825.398538 842.131700 859.815152 877.478983 903.178088
