tests/Borden05m/sims/sim_1/output-maps/psiliqL0012N0004.asc
ncols         160
nrows         34
xllcorner     620200.000000
yllcorner     5168000.000000
cellsize      0.500000
NODATA_value  -9999.0
[rows 0 to 24 of 34, columns 0 to 56 of 160]
-9999.0 -9999.0 -9999.0 -9999.0 -9999.0 -9999.0 -9999.0 -9999.0 -9999.0 -9999.0 -9999.0 -9999.0 -9999.0 -9999.0 -9999.0 -9999.0 -9999.0 -9999.0 -9999.0 -9999.0 -9999.0 -9999.0 -9999.0 -9999.0 -9999.0 -9999.0 -9999.0 -9999.0 -9999.0 -9999.0 -9999.0 -9999.0 -9999.0 -9999.0 -9999.0 -9999.0 -9999.0 -9999.0 -9999.0 -9999.0 -9999.0 -9999.0 -9999.0 -9999.0 -9999.0 -9999.0 -9999.0 -9999.0 -9999.0 -9999.0 -9999.0 -9999.0 -9999.0 -9999.0 -9999.0 -9999.0 -9999.0
-9999.0 -9999.0 -9999.0 -9999.0 -9999.0 -9999.0 -9999.0 -9999.0 -9999.0 -9999.0 -9999.0 -9999.0 -9999.0 -9999.0 -9999.0 -9999.0 -9999.0 -9999.0 -9999.0 -9999.0 -9999.0 -9999.0 -9999.0 -9999.0 -9999.0 -9999.0 -9999.0 -9999.0 -9999.0 -9999.0 -9999.0 -9999.0 -9999.0 -9999.0 -9999.0 -9999.0 -9999.0 -9999.0 -9999.0 -9999.0 -9999.0 -9999.0 -9999.0 -9999.0 -9999.0 -9999.0 -9999.0 -9999.0 -9999.0 -9999.0 -9999.0 -9999.0 -9999.0 -9999.0 -9999.0 -9999.0 -9999.0
-9999.0 -9999.0 -9999.0 -9999.0 -9999.0 -9999.0 -9999.0 -9999.0 -9999.0 -9999.0 -9999.0 -9999.0 -9999.0 -9999.0 -9999.0 -9999.0 -9999.0 -9999.0 -9999.0 -9999.0 -9999.0 -9999.0 -9999.0 -9999.0 -9999.0 -9999.0 -9999.0 -9999.0 -9999.0 -9999.0 -9999.0 -9999.0 -9999.0 -9999.0 -9999.0 -9999.0 -9999.0 -9999.0 -9999.0 -9999.0 -9999.0 -9999.0 -9999.0 -9999.0 -9999.0 -9999.0 -9999.0 487.177472 469.821840 453.889456 451.714785 474.278457 497.639710 521.394409 541.954061 560.584617 579.533917
-9999.0 -9999.0 -9999.0 -9999.0 -9999.0 -9999.0 -9999.0 -9999.0 -9999.0 -9999.0 -9999.0 -9999.0 -9999.0 -9999.0 -9999.0 -9999.0 -9999.0 -9999.0 -9999.0 -9999.0 -9999.0 -9999.0 -9999.0 -9999.0 -9999.0 -9999.0 -9999.0 -9999.0 -9999.0 -9999.0 -9999.0 -9999.0 -9999.0 -9999.0 -9999.0 -9999.0 -9999.0 -9999.0 -9999.0 -9999.0 534.946870 540.839182 542.129623 531.553247 520.306127 508.173973 488.194022 470.417508 455.396642 452.795078 455.447837 460.688080 483.378122 507.949497 527.591686 544.737187 563.982873
-9999.0 -9999.0 -9999.0 -9999.0 -9999.0 -9999.0 -9999.0 -9999.0 -9999.0 -9999.0 -9999.0 -9999.0 -9999.0 -9999.0 -9999.0 -9999.0 -9999.0 -9999.0 -9999.0 -9999.0 -9999.0 -9999.0 -9999.0 -9999.0 -9999.0 -9999.0 -9999.0 -9999.0 -9999.0 -9999.0 -9999.0 -9999.0 -9999.0 -9999.0 442.736943 460.194222 478.263591 496.621615 513.300253 520.028218 525.895681 531.658876 527.580540 522.894739 511.561094 492.578029 473.020575 459.096344 456.849574 454.366603 458.711874 471.662762 488.443583 504.731911 525.708549 549.185161 558.480623
-9999.0 -9999.0 -9999.0 -9999.0 -9999.0 -9999.0 -9999.0 -9999.0 -9999.0 -9999.0 -9999.0 -9999.0 -9999.0 -9999.0 -9999.0 -9999.0 -9999.0 -9999.0 -9999.0 -9999.0 -9999.0 -9999.0 -9999.0 -9999.0 -9999.0 -9999.0 -9999.0 -9999.0 447.284322 441.357724 436.254818 434.730981 433.400002 432.238825 439.102659 451.228431 469.325199 490.942921 503.860462 511.077466 517.714499 518.499157 513.555814 511.525478 511.823943 500.048622 488.397637 477.499604 467.008021 465.587461 475.184611 489.265271 505.471189 520.369174 535.837628 547.306660 564.160139
-9999.0 -9999.0 -9999.0 -9999.0 -9999.0 -9999.0 -9999.0 -9999.0 -9999.0 -9999.0 -9999.0 -9999.0 -9999.0 -9999.0 -9999.0 -9999.0 -9999.0 -9999.0 -9999.0 -9999.0 -9999.0 -9999.0 -9999.0 417.888292 423.728265 430.199475 437.576100 438.436060 434.267888 428.612958 425.506151 423.955991 422.257104 426.680735 434.835619 448.437650 464.287171 486.085516 494.705986 500.993402 513.325952 515.953685 521.418215 525.486080 523.754974 520.960210 508.635214 499.506446 504.778623 510.771854 517.495326 525.391836 538.761592 554.322018 571.915912 592.383374 614.016370
-9999.0 -9999.0 -9999.0 -9999.0 -9999.0 -9999.0 -9999.0 -9999.0 -9999.0 -9999.0 -9999.0 -9999.0 -9999.0 -9999.0 -9999.0 -9999.0 -9999.0 -9999.0 -9999.0 393.120714 393.974009 395.050915 399.648651 400.470685 402.599574 409.542564 417.634658 419.853149 418.135627 416.594341 418.093668 420.760699 425.038900 436.387532 450.214953 464.407889 478.413493 499.346566 514.182052 527.974044 544.105587 543.286481 539.198034 537.317550 537.850023 538.267755 543.095354 546.248774 552.450335 557.679970 564.417141 573.810237 585.317542 603.920245 624.229481 644.553517 663.426715
-9999.0 -9999.0 -9999.0 -9999.0 -9999.0 -9999.0 -9999.0 -9999.0 -9999.0 -9999.0 -9999.0 -9999.0 -9999.0 -9999.0 -9999.0 -9999.0 364.683123 366.502284 368.627000 373.954804 376.643676 380.563434 387.411458 388.524034 392.269324 399.334334 404.206723 412.853269 420.777599 428.070644 434.009432 436.695321 444.263752 453.947204 465.895741 481.382319 503.127388 526.199717 542.626694 559.573167 576.739647 577.456815 576.539039 577.846369 578.640892 585.770650 603.748481 610.024102 612.408319 630.097017 644.669395 650.433359 658.611856 678.031310 702.484293 727.579046 758.487649
-9999.0 -9999.0 -9999.0 -9999.0 -9999.0 -9999.0 -9999.0 -9999.0 -9999.0 -9999.0 -9999.0 -9999.0 -9999.0 319.221971 323.347844 332.718345 341.511503 343.877091 347.967126 353.827009 365.951884 369.477257 375.640743 383.171574 394.791581 403.303980 412.448131 424.229281 432.654286 439.890173 446.994742 453.061030 466.583383 482.000586 497.973549 518.388349 540.440702 561.434185 582.451907 598.383906 612.719039 615.746552 614.933906 617.486306 625.807696 643.881460 663.486683 674.651564 695.101978 719.410317 734.318683 747.707272 757.911369 772.511944 795.083410 831.591263 869.618238
-9999.0 -9999.0 -9999.0 -9999.0 -9999.0 -9999.0 -9999.0 -9999.0 -9999.0 -9999.0 285.468894 287.874341 284.413160 284.552469 289.416281 301.370631 314.805586 321.467443 332.836987 353.527313 370.970105 374.424423 389.019648 399.065233 405.705854 416.279758 429.430310 442.369923 459.477957 472.189535 484.403431 504.624533 521.360403 538.127224 556.164794 576.579605 597.304548 626.974373 654.855942 669.149829 693.165455 706.446154 704.583278 705.667810 715.163072 732.946753 756.711514 783.393099 807.870703 835.997671 856.821316 873.618807 887.066414 902.578888 921.459642 958.454021 1001.825622
-9999.0 -9999.0 -9999.0 -9999.0 -9999.0 -9999.0 -9999.0 -9999.0 261.256762 268.335285 274.493806 271.450070 266.820416 263.154947 276.526721 292.299796 308.256992 325.560939 341.494859 359.494634 374.897821 391.277725 410.867115 422.637590 434.422330 449.750000 463.556119 481.206824 502.778077 516.675138 534.772398 556.826441 576.323717 594.922038 614.165406 633.169009 661.433180 696.494463 730.222994 755.713548 785.772180 811.756813 813.676260 818.337842 824.637131 852.460519 884.881911 919.201790 949.555631 981.134675 1013.925544 1034.777006 1049.042325 1065.787946 1085.260267 1106.518614 1136.518422
-9999.0 -9999.0 -9999.0 -9999.0 -9999.0 -9999.0 234.905480 259.030095 273.863978 265.970051 256.784981 253.244993 249.415663 270.999425 292.641668 309.689346 326.487896 343.983856 360.438808 374.218597 408.598474 425.883885 440.638407 459.568730 474.092626 488.668797 506.357068 530.196563 553.065487 584.609159 612.890479 638.994888 666.459258 687.408315 707.414426 727.591708 760.944611 800.696419 840.270562 873.076596 904.403862 938.551718 950.150493 958.830836 968.834510 991.428245 1025.825143 1060.752303 1099.558004 1135.511521 1164.495221 1178.903970 1192.027298 1206.470133 1222.941073 1237.831434 1253.775517
-9999.0 -9999.0 -9999.0 -9999.0 201.686679 222.551552 242.746739 273.431217 295.950037 290.755096 297.688895 298.022542 296.463932 299.760912 306.278173 324.328028 342.592088 361.081776 379.392878 415.664213 458.939992 475.283870 501.033703 533.486240 547.726022 563.260365 579.680493 603.384060 632.128610 667.481773 714.010100 754.128689 782.374377 807.545928 830.675012 855.412365 891.735012 933.139117 974.713802 1014.385897 1050.218131 1081.240930 1099.033662 1110.117658 1124.054629 1141.914677 1165.159359 1195.203473 1228.709084 1262.466586 1288.719412 1303.843656 1313.084226 1324.988423 1336.993276 1350.174616 1362.787054
-9999.0 -9999.0 -9999.0 153.471612 192.001635 229.318324 256.494691 287.380611 319.237235 324.669546 333.411796 339.133956 344.918017 353.830213 363.229343 380.147308 395.554427 410.232702 432.039913 469.094217 505.133901 537.434738 570.487621 599.637083 622.059732 638.657767 657.326451 682.512803 723.813732 764.375947 817.563838 873.999144 914.850186 942.948907 967.474406 997.194779 1025.667173 1066.265594 1106.678234 1144.916338 1181.364925 1210.585261 1233.094004 1243.122135 1253.623870 1263.393753 1280.913912 1303.185705 1325.512236 1353.927319 1381.570809 1404.851802 1418.355530 1428.169194 1443.936944 1459.531097 1471.701937
-9999.0 -9999.0 106.692147 144.070944 178.672748 229.507811 282.206806 316.156238 357.022832 381.569383 388.765223 406.879204 423.785377 432.056758 448.700103 466.375055 482.507276 488.178668 503.692596 536.983454 589.358243 637.779368 665.246554 719.714072 754.249372 781.129665 798.459180 825.985133 862.750414 908.896420 961.914767 1016.207124 1060.256333 1095.728439 1114.999343 1136.414998 1162.043585 1188.979619 1225.883762 1258.329697 1291.579220 1319.469536 1342.725019 1351.421471 1357.112822 1372.585743 1395.663948 1419.950716 1442.929974 1464.797054 1471.787979 1480.796988 1485.291035 1488.271854 1492.352385 1495.400908 1497.248489
-9999.0 -9999.0 80.764832 125.226497 166.653399 234.764426 312.618750 350.060180 393.198095 438.677926 458.084037 483.006408 498.997730 513.309081 537.924554 561.811319 571.689610 577.570896 577.971128 634.019816 694.308012 752.561986 811.292683 878.446659 923.943490 939.976468 952.400837 974.421112 1002.737072 1050.820138 1103.820196 1159.617414 1206.840876 1240.314487 1258.344928 1277.217235 1298.501651 1318.039184 1338.460586 1377.147019 1403.527523 1428.648423 1454.567443 1474.583274 1482.981553 1486.203732 1478.920053 1486.616888 1492.072015 1494.863134 1496.144180 1493.454591 1493.326272 1494.549020 1496.157666 1491.966000 1486.294608
-9999.0 -6.973853 45.028903 98.707027 168.425272 236.742745 321.405879 401.938739 456.217648 501.972241 531.982850 549.116918 594.894078 642.289523 670.686383 700.013950 702.377126 705.868151 697.849572 745.498254 800.264051 884.257413 1000.560652 1060.719293 1103.737854 1108.715598 1106.364140 1121.462989 1148.522651 1193.563122 1259.629827 1306.240715 1357.255195 1395.777347 1410.851857 1417.928873 1435.470073 1455.518219 1452.057225 1470.982576 1480.331268 1488.161137 1490.158149 1492.616746 1494.544552 1495.783792 1493.717823 1488.530646 1481.852646 1477.228885 1473.949530 1469.995402 1472.822505 1476.458004 1477.856661 1471.770354 1464.813354
-9999.0 -41.793260 18.078211 90.120552 161.729783 234.063847 341.805753 478.722154 529.876673 567.159783 595.109072 630.596548 715.953368 786.960141 826.608799 872.428360 870.047821 860.672380 852.813080 888.169882 942.863236 1021.929295 1161.059187 1246.805221 1271.716070 1285.038089 1294.495260 1321.056818 1356.418669 1390.691683 1421.297747 1428.529915 1450.294629 1461.766416 1466.385638 1469.323235 1473.816516 1476.003747 1475.910961 1474.515240 1471.973531 1473.901909 1479.219988 1480.371301 1478.990274 1477.317962 1473.083970 1466.717632 1462.142735 1458.288610 1456.057099 1453.385067 1452.103217 1452.507587 1448.706071 1443.620947 1435.137977
-9999.0 -68.941475 1.349420 65.962549 135.198347 254.773163 379.142468 511.755926 603.412067 643.101624 680.360970 762.836610 869.710111 970.162563 1027.343886 1056.905890 1064.541101 1050.429703 1059.147673 1104.071177 1168.572631 1255.223735 1337.130972 1408.946633 1423.422428 1429.054168 1416.585745 1428.936104 1440.527845 1444.807269 1448.147189 1452.189862 1458.942266 1463.226999 1463.778150 1462.849399 1460.257891 1454.644809 1451.925876 1450.864817 1449.396209 1450.670090 1454.657319 1456.816591 1455.509536 1452.888732 1449.516565 1444.828662 1439.526640 1433.480000 1429.850146 1425.951746 1423.726275 1418.967178 1414.470314 1408.496845 1394.683927
-9999.0 -162.699461 -76.398381 -18.025776 106.266946 276.432708 401.818997 553.460755 694.869682 740.960213 829.008556 953.065550 1065.143889 1145.825227 1194.666102 1240.538870 1271.055192 1296.125027 1330.039546 1306.580103 1357.547865 1405.872508 1427.346256 1438.946108 1440.866715 1444.503417 1439.690863 1423.808021 1416.318162 1411.999993 1415.381775 1423.694769 1430.075636 1436.406002 1435.381084 1436.956821 1438.102833 1436.205983 1434.406242 1428.346360 1422.713673 1418.770004 1418.510557 1424.821247 1420.970555 1418.724026 1413.841988 1406.788280 1398.705750 1391.066967 1383.150600 1375.923886 1372.395711 1366.071569 1363.642420 1354.615466 1326.025774
-9999.0 -243.649421 -165.749685 -69.161367 75.622677 239.634886 377.296411 546.411851 746.914533 861.957487 984.870945 1064.209134 1149.429081 1222.766533 1291.646113 1337.888102 1362.821669 1373.661429 1369.700064 1379.741957 1353.218481 1349.781222 1368.424760 1394.774179 1408.180648 1413.753246 1407.548658 1399.242503 1394.351353 1394.777929 1394.297401 1393.247075 1391.729771 1389.772510 1386.958325 1389.197570 1394.278949 1389.549993 1382.867141 1376.657519 1371.149030 1364.535344 1360.339444 1358.114101 1357.555187 1357.977595 1351.232497 1341.229942 1330.365556 1321.087258 1311.795542 1304.341775 1300.099310 1293.439573 1283.986474 1269.688042 1238.969504
-9999.0 -336.894294 -218.417009 -119.903947 8.839906 147.688998 279.597548 446.332387 600.690432 817.743825 987.406672 1085.501686 1136.570623 1200.329061 1265.888551 1332.235520 1340.752805 1315.853592 1289.799167 1279.331251 1286.885656 1298.794054 1313.663902 1334.020451 1351.370030 1361.399462 1364.110503 1357.875581 1345.673744 1337.238678 1330.560456 1320.005615 1311.829211 1309.808228 1309.535476 1316.029507 1318.643569 1310.142459 1298.322823 1283.843793 1271.349410 1262.124447 1259.961584 1261.703194 1262.052328 1258.978805 1252.162548 1241.251977 1227.276189 1213.118066 1202.356306 1193.750002 1184.201480 1171.863719 1158.196216 1142.456535 1112.377305
-9999.0 -9999.0 -291.151569 -179.209827 -67.008431 59.069121 181.198376 331.133260 484.684137 670.616762 793.845538 920.825743 997.336169 1050.420625 1107.312059 1163.902756 1184.265326 1204.326865 1189.947937 1196.984400 1206.632668 1215.209290 1226.641394 1239.255057 1252.729875 1262.730363 1270.283359 1268.830186 1259.949964 1242.789225 1221.535371 1203.805688 1192.294522 1183.750461 1191.409022 1201.930050 1199.056229 1192.142159 1180.242934 1164.872831 1152.210390 1139.132697 1135.714677 1136.356783 1136.498620 1133.480471 1128.260184 1114.319511 1099.093044 1083.506388 1073.846596 1064.037244 1055.115861 1041.200343 1026.534844 1010.180459 983.529174
-9999.0 -9999.0 -374.560749 -264.250313 -146.165720 -20.890830 83.798058 174.280261 330.817266 450.992201 556.629267 655.532020 738.983376 804.740279 853.670996 916.729295 957.380678 975.862169 994.874150 1023.169465 1050.668931 1078.389546 1096.895710 1110.519046 1124.698368 1137.698768 1146.538440 1135.528552 1124.210333 1106.399350 1082.972185 1056.797754 1041.450487 1034.879567 1036.481040 1041.607063 1035.654122 1025.225975 1010.193245 993.764539 980.367595 968.580218 964.400738 961.399064 960.138983 956.975628 952.984200 942.884208 929.401987 918.797458 907.838566 899.057264 893.455920 884.257105 872.757625 864.006134 844.545705
