tests/Borden05m/sims/sim_1/output-maps/psiliqL0019N0016.asc
ncols         160
nrows         34
xllcorner     620200.000000
yllcorner     5168000.000000
cellsize      0.500000
NODATA_value  -9999.0
[rows 0 to 24 of 34, columns 0 to 54 of 160]
-9999.0 -9999.0 -9999.0 -9999.0 -9999.0 -9999.0 -9999.0 -9999.0 -9999.0 -9999.0 -9999.0 -9999.0 -9999.0 -9999.0 -9999.0 -9999.0 -9999.0 -9999.0 -9999.0 -9999.0 -9999.0 -9999.0 -9999.0 -9999.0 -9999.0 -9999.0 -9999.0 -9999.0 -9999.0 -9999.0 -9999.0 -9999.0 -9999.0 -9999.0 -9999.0 -9999.0 -9999.0 -9999.0 -9999.0 -9999.0 -9999.0 -9999.0 -9999.0 -9999.0 -9999.0 -9999.0 -9999.0 -9999.0 -9999.0 -9999.0 -9999.0 -9999.0 -9999.0 -9999.0 -9999.0
-9999.0 -9999.0 -9999.0 -9999.0 -9999.0 -9999.0 -9999.0 -9999.0 -9999.0 -9999.0 -9999.0 -9999.0 -9999.0 -9999.0 -9999.0 -9999.0 -9999.0 -9999.0 -9999.0 -9999.0 -9999.0 -9999.0 -9999.0 -9999.0 -9999.0 -9999.0 -9999.0 -9999.0 -9999.0 -9999.0 -9999.0 -9999.0 -9999.0 -9999.0 -9999.0 -9999.0 -9999.0 -9999.0 -9999.0 -9999.0 -9999.0 -9999.0 -9999.0 -9999.0 -9999.0 -9999.0 -9999.0 -9999.0 -9999.0 -9999.0 -9999.0 -9999.0 -9999.0 -9999.0 -9999.0
-9999.0 -9999.0 -9999.0 -9999.0 -9999.0 -9999.0 -9999.0 -9999.0 -9999.0 -9999.0 -9999.0 -9999.0 -9999.0 -9999.0 -9999.0 -9999.0 -9999.0 -9999.0 -9999.0 -9999.0 -9999.0 -9999.0 -9999.0 -9999.0 -9999.0 -9999.0 -9999.0 -9999.0 -9999.0 -9999.0 -9999.0 -9999.0 -9999.0 -9999.0 -9999.0 -9999.0 -9999.0 -9999.0 -9999.0 -9999.0 -9999.0 -9999.0 -9999.0 -9999.0 -9999.0 -9999.0 -9999.0 1903.274551 1886.246367 1871.969157 1868.929384 1891.162057 1914.838213 1939.089406 1960.083961
-9999.0 -9999.0 -9999.0 -9999.0 -9999.0 -9999.0 -9999.0 -9999.0 -9999.0 -9999.0 -9999.0 -9999.0 -9999.0 -9999.0 -9999.0 -9999.0 -9999.0 -9999.0 -9999.0 -9999.0 -9999.0 -9999.0 -9999.0 -9999.0 -9999.0 -9999.0 -9999.0 -9999.0 -9999.0 -9999.0 -9999.0 -9999.0 -9999.0 -9999.0 -9999.0 -9999.0 -9999.0 -9999.0 -9999.0 -9999.0 1950.972893 1957.067104 1957.879594 1948.051617 1937.163611 1924.605174 1904.599147 1887.231162 1873.501589 1871.648635 1874.639776 1879.026057 1901.144488 1926.628021 1946.880483
-9999.0 -9999.0 -9999.0 -9999.0 -9999.0 -9999.0 -9999.0 -9999.0 -9999.0 -9999.0 -9999.0 -9999.0 -9999.0 -9999.0 -9999.0 -9999.0 -9999.0 -9999.0 -9999.0 -9999.0 -9999.0 -9999.0 -9999.0 -9999.0 -9999.0 -9999.0 -9999.0 -9999.0 -9999.0 -9999.0 -9999.0 -9999.0 -9999.0 -9999.0 1857.391000 1874.803955 1893.142886 1912.000366 1929.219011 1936.432815 1942.392229 1948.204360 1944.188821 1940.045524 1928.947756 1909.327357 1890.299456 1877.327744 1876.157035 1874.170953 1878.595020 1891.311173 1908.511184 1924.632586 1945.855950
-9999.0 -9999.0 -9999.0 -9999.0 -9999.0 -9999.0 -9999.0 -9999.0 -9999.0 -9999.0 -9999.0 -9999.0 -9999.0 -9999.0 -9999.0 -9999.0 -9999.0 -9999.0 -9999.0 -9999.0 -9999.0 -9999.0 -9999.0 -9999.0 -9999.0 -9999.0 -9999.0 -9999.0 1860.356439 1854.725122 1850.224964 1849.191487 1848.318666 1847.721599 1854.749246 1866.701430 1884.658610 1906.961759 1920.517046 1928.171739 1935.298457 1936.249226 1931.245151 1929.838725 1930.710444 1918.953348 1907.448481 1896.708612 1886.315125 1884.522918 1894.283190 1908.982998 1925.722020 1940.969173 1956.814859
-9999.0 -9999.0 -9999.0 -9999.0 -9999.0 -9999.0 -9999.0 -9999.0 -9999.0 -9999.0 -9999.0 -9999.0 -9999.0 -9999.0 -9999.0 -9999.0 -9999.0 -9999.0 -9999.0 -9999.0 -9999.0 -9999.0 -9999.0 1828.806840 1834.468704 1841.412969 1849.449061 1850.859451 1847.524016 1842.468661 1840.113410 1839.200425 1837.775795 1842.795957 1850.823916 1864.556844 1880.583263 1903.133547 1912.053899 1917.780751 1930.067975 1933.733374 1940.915539 1945.406504 1944.103666 1941.156123 1928.017764 1918.147556 1922.336867 1927.833428 1935.151892 1943.798066 1957.733389 1972.839637 1989.706201
-9999.0 -9999.0 -9999.0 -9999.0 -9999.0 -9999.0 -9999.0 -9999.0 -9999.0 -9999.0 -9999.0 -9999.0 -9999.0 -9999.0 -9999.0 -9999.0 -9999.0 -9999.0 -9999.0 1802.773196 1804.032666 1805.766802 1810.966923 1811.965147 1814.371259 1821.755724 1830.376593 1833.527944 1832.116874 1831.451862 1833.472926 1836.723051 1841.750550 1853.225423 1867.368545 1881.937608 1895.819824 1917.089882 1932.158766 1945.640891 1961.774993 1962.111930 1958.801121 1957.559391 1958.285743 1958.145747 1960.177110 1961.717473 1968.371765 1971.751528 1977.306758 1987.026997 1999.219414 2017.153578 2036.410099
-9999.0 -9999.0 -9999.0 -9999.0 -9999.0 -9999.0 -9999.0 -9999.0 -9999.0 -9999.0 -9999.0 -9999.0 -9999.0 -9999.0 -9999.0 -9999.0 1773.054419 1775.147693 1777.818781 1783.649544 1787.320716 1791.775415 1799.240207 1801.117958 1805.277705 1812.958303 1818.241060 1827.848880 1836.628044 1844.420448 1850.911895 1854.051722 1861.639648 1871.602791 1883.767048 1898.880063 1920.185436 1943.904400 1960.349440 1977.563272 1995.170664 1996.257194 1995.407837 1996.657987 1996.765111 2001.406418 2017.919742 2022.960362 2021.788003 2035.715336 2049.157756 2053.770339 2061.736224 2081.567830 2104.972039
-9999.0 -9999.0 -9999.0 -9999.0 -9999.0 -9999.0 -9999.0 -9999.0 -9999.0 -9999.0 -9999.0 -9999.0 -9999.0 1724.408937 1728.758094 1738.998125 1749.620163 1752.805057 1757.858277 1764.698306 1777.399349 1781.593623 1788.303198 1796.323520 1809.167469 1818.430591 1828.061763 1840.458574 1849.287272 1856.974682 1864.302072 1869.349225 1882.400215 1897.643754 1913.323683 1933.559216 1955.971903 1976.080259 1996.050771 2012.575868 2025.917871 2026.484910 2026.089944 2028.864932 2035.803128 2051.768228 2070.055249 2075.910655 2090.874183 2113.170289 2125.681834 2136.006913 2144.145925 2158.183689 2179.826054
-9999.0 -9999.0 -9999.0 -9999.0 -9999.0 -9999.0 -9999.0 -9999.0 -9999.0 -9999.0 1692.829081 1695.064174 1691.903093 1691.065537 1696.872209 1709.549760 1724.115366 1730.794230 1743.117795 1764.817923 1783.600299 1787.584023 1802.340191 1813.295683 1820.763536 1831.670529 1845.326329 1858.428997 1875.231894 1887.944249 1898.964722 1917.738504 1934.457626 1951.379169 1969.462256 1990.295606 2009.132096 2036.189398 2062.970256 2074.727733 2095.348130 2103.573855 2100.834749 2100.773423 2110.396462 2124.985148 2144.051452 2164.673099 2185.373083 2209.675146 2224.632820 2238.799801 2249.367566 2261.451292 2277.582641
-9999.0 -9999.0 -9999.0 -9999.0 -9999.0 -9999.0 -9999.0 -9999.0 1667.571514 1675.464631 1681.641659 1678.904965 1674.836066 1670.594752 1685.190963 1701.385563 1717.908261 1736.408610 1752.866945 1771.761606 1787.210054 1803.597361 1824.348939 1836.484419 1848.511617 1864.475421 1878.630347 1895.556322 1917.182418 1928.685559 1943.883859 1965.135244 1983.252592 2001.476021 2020.648785 2038.834834 2063.586525 2096.355571 2127.655927 2148.336899 2175.899652 2197.055488 2195.075422 2196.607357 2200.442268 2225.525137 2253.954674 2284.229221 2307.729994 2334.018246 2363.317248 2381.949667 2392.626364 2405.265926 2420.586953
-9999.0 -9999.0 -9999.0 -9999.0 -9999.0 -9999.0 1639.252786 1663.771014 1679.194481 1671.354190 1660.159548 1656.342148 1651.931846 1678.777130 1701.458239 1719.349574 1736.828472 1755.117395 1772.287300 1784.322127 1817.327550 1836.664751 1851.005604 1868.170852 1883.671519 1899.160834 1917.055145 1940.482051 1961.456306 1988.933719 2011.806775 2033.674068 2059.788144 2079.389059 2098.262397 2115.502539 2145.972669 2182.716524 2219.003062 2246.606873 2273.235950 2305.083325 2310.257299 2315.264671 2320.979822 2343.483768 2376.210635 2406.510285 2440.011183 2472.020221 2499.915446 2512.607130 2523.280800 2534.734423 2548.450480
-9999.0 -9999.0 -9999.0 -9999.0 1605.736137 1626.773808 1646.534065 1677.260274 1699.947929 1695.379113 1701.624353 1701.445247 1699.165802 1704.063541 1712.176511 1730.631411 1750.189729 1770.136013 1787.521505 1820.458193 1866.610973 1881.518682 1904.184507 1936.273481 1950.088948 1966.013393 1983.079018 2006.145045 2030.706811 2062.739203 2103.564548 2138.369496 2163.210317 2185.458556 2206.615433 2227.377375 2262.350622 2300.513547 2337.478887 2371.105786 2400.237737 2426.791350 2437.958451 2445.509273 2457.348996 2474.558523 2496.957650 2525.499260 2558.234117 2590.765529 2615.582997 2627.811929 2635.301327 2646.104406 2655.997635
-9999.0 -9999.0 -9999.0 1554.325796 1593.307527 1632.036992 1658.808320 1689.799202 1722.418590 1725.755803 1735.153099 1738.745569 1741.992781 1750.034784 1757.302772 1774.945071 1792.707938 1811.048495 1833.959408 1870.619441 1904.576095 1931.017462 1962.580598 1986.548628 2005.626297 2021.626496 2041.301920 2064.906699 2104.404906 2139.819484 2188.962058 2241.581304 2277.188425 2300.772868 2323.910894 2351.948491 2377.600858 2415.272946 2450.449949 2483.835664 2516.343659 2541.001139 2558.847674 2566.140616 2576.397902 2584.603821 2599.985617 2621.531288 2644.023231 2673.945536 2703.087780 2731.204727 2746.376083 2757.248724 2773.988447
-9999.0 -9999.0 1506.539452 1545.115503 1578.334771 1627.469696 1680.782453 1715.859494 1756.660217 1779.192321 1785.242449 1800.519225 1815.199285 1820.854480 1834.660140 1851.012100 1871.294588 1880.024177 1899.415308 1925.655180 1971.904568 2014.219284 2027.297508 2074.870438 2108.294972 2139.038383 2159.346403 2187.150123 2224.371059 2263.814648 2311.558542 2361.889802 2399.242386 2429.903762 2447.070854 2467.572052 2490.131528 2516.508335 2552.278827 2580.619496 2613.272534 2639.763068 2661.395530 2666.751309 2671.599045 2688.024937 2714.257439 2743.608299 2770.193947 2796.067748 2793.297691 2809.978751 2817.889982 2822.612589 2829.344384
-9999.0 -9999.0 1478.453747 1524.110816 1562.420417 1625.952339 1708.622449 1745.179922 1787.576607 1833.940641 1851.461158 1875.439875 1881.397360 1884.115962 1906.196500 1926.526447 1942.973697 1951.370248 1950.502567 2006.075875 2063.564153 2105.687157 2138.997484 2210.634563 2259.908384 2281.027670 2297.060355 2319.024578 2342.913730 2384.835642 2429.701493 2483.464905 2527.438719 2558.493088 2574.897293 2594.589137 2615.303636 2632.986465 2653.010479 2695.594833 2728.036842 2756.497407 2785.745582 2806.870376 2815.633167 2820.181077 2804.774305 2818.687727 2828.244390 2832.756087 2834.827458 2831.928983 2831.805953 2832.927267 2834.152596
-9999.0 1387.729005 1440.105114 1492.418390 1559.830637 1625.185387 1705.656637 1784.235630 1845.276528 1895.026680 1923.417949 1929.270281 1952.850943 1989.429554 2013.661840 2037.506377 2042.802913 2051.368810 2040.036908 2091.814708 2138.222533 2204.503608 2311.284445 2369.846466 2422.957820 2425.014373 2419.887278 2431.273707 2453.249009 2498.239829 2570.736623 2622.087238 2680.555446 2726.218722 2743.191339 2751.172463 2769.822084 2790.625388 2764.545777 2795.407376 2810.461655 2823.009133 2828.941359 2831.636664 2833.447755 2834.064913 2831.214284 2825.077115 2817.519130 2812.116611 2808.193232 2803.804060 2806.259874 2809.488882 2809.886649
-9999.0 1351.139170 1409.891141 1480.367463 1550.297806 1610.651674 1706.651019 1858.847992 1916.462612 1954.708674 1971.788077 1977.436423 2047.889315 2111.923171 2143.176771 2188.732988 2181.302942 2171.233109 2151.389838 2183.293355 2230.400102 2304.789460 2458.412694 2546.380658 2585.753273 2598.323494 2605.462424 2634.345857 2674.965056 2717.939785 2756.986775 2746.731512 2782.852210 2801.784976 2807.592352 2810.175486 2815.634425 2816.368098 2815.795176 2813.067843 2809.451846 2810.698505 2815.785589 2816.289792 2813.960865 2811.104524 2805.647436 2798.131171 2792.542604 2787.653576 2784.635931 2781.370513 2779.273105 2778.585715 2773.584065
-9999.0 1317.343156 1390.040792 1451.746792 1509.810667 1615.738905 1743.722677 1882.891359 1977.589651 2014.556840 2021.337430 2078.044987 2179.227657 2279.066008 2331.539504 2356.588405 2352.362666 2323.793815 2320.995550 2367.343945 2436.078911 2540.388119 2651.327322 2740.332059 2757.742783 2764.430391 2736.664628 2756.983806 2775.802528 2780.817002 2784.364188 2791.552134 2798.683181 2803.398449 2803.725859 2802.366827 2798.943867 2792.059657 2788.116812 2785.513626 2782.670620 2782.519568 2785.283830 2786.944324 2784.382042 2780.435394 2775.649607 2769.501417 2762.528340 2755.227027 2750.522876 2745.812540 2743.039306 2737.261504 2732.495182
-9999.0 1208.575164 1300.135330 1349.737481 1449.152120 1629.226444 1757.320680 1904.041252 2057.592154 2090.209838 2154.361185 2281.249896 2391.374913 2468.104840 2504.992840 2544.765646 2573.856121 2596.830000 2634.896432 2567.366255 2635.200802 2711.322570 2747.363014 2766.084955 2774.670338 2778.900058 2773.247438 2756.169031 2748.138430 2743.740684 2747.461481 2756.534811 2763.268339 2769.817585 2768.825333 2770.494607 2771.650211 2768.785022 2765.200741 2757.174470 2749.829342 2743.950745 2741.660768 2746.587687 2741.620694 2738.448236 2731.914312 2722.993454 2712.335044 2704.073594 2695.599328 2688.239309 2684.900402 2678.729940 2676.390553
-9999.0 1127.734426 1203.002605 1280.996699 1408.771362 1573.200115 1690.214507 1854.233720 2074.875333 2198.746371 2337.810620 2417.048092 2489.638081 2543.772610 2601.710093 2652.099278 2679.699289 2693.092423 2678.377074 2697.004104 2665.010925 2660.279020 2682.570613 2713.699157 2731.752063 2738.724274 2733.192138 2725.489857 2720.301651 2720.944127 2720.808877 2719.570214 2717.985169 2716.162505 2713.768545 2716.619982 2721.748863 2715.309781 2705.024014 2696.275210 2688.434754 2679.739540 2673.935357 2669.772347 2668.894713 2668.403256 2660.406265 2649.615435 2638.923684 2630.226628 2622.111675 2616.230190 2612.782197 2606.851590 2597.089721
-9999.0 1020.846390 1146.687207 1234.004876 1345.420557 1479.536101 1597.752832 1757.248722 1899.064952 2127.998813 2279.320166 2418.541971 2464.110284 2527.409192 2582.432777 2653.480117 2656.819664 2630.083069 2596.847689 2585.381970 2597.001968 2609.852695 2624.177770 2644.527864 2664.604254 2676.683889 2681.931790 2676.770708 2664.412488 2654.990525 2647.453949 2636.916157 2629.587997 2628.390405 2630.833913 2639.306086 2640.925266 2631.970578 2619.118600 2602.151354 2587.406818 2576.197073 2573.430698 2575.013180 2575.048912 2570.809241 2563.939197 2552.897380 2540.031028 2527.562162 2520.284225 2514.625203 2506.751570 2495.314572 2482.326281
-9999.0 -9999.0 1067.363460 1177.522511 1280.148116 1398.635797 1504.198674 1638.081889 1784.737176 1962.181976 2079.341888 2228.554573 2310.089415 2355.697631 2399.671909 2455.927115 2479.207818 2505.896962 2496.898646 2507.404022 2518.498611 2527.198718 2537.779679 2549.440095 2563.708264 2575.465669 2585.746555 2584.722318 2576.912364 2559.391063 2537.727816 2521.055319 2512.040531 2504.503922 2515.039642 2526.836979 2522.846680 2516.114447 2503.893791 2487.325571 2474.297576 2460.207836 2456.275821 2456.028756 2455.862846 2452.715551 2448.503296 2435.310197 2422.239608 2410.741324 2405.300371 2398.789907 2393.513334 2382.572455 2371.007659
-9999.0 -9999.0 981.458240 1088.489369 1198.358962 1319.592044 1413.847883 1465.665439 1611.907636 1723.278582 1828.838459 1931.998527 2019.789785 2085.172582 2124.886817 2186.707835 2234.686325 2253.355053 2283.710088 2325.398307 2356.838060 2391.345985 2413.636912 2427.137304 2442.308723 2457.566000 2467.019473 2455.110103 2445.057776 2429.140580 2407.728390 2383.806779 2371.611170 2369.502602 2370.474904 2374.058469 2367.566881 2358.320837 2344.124184 2329.507972 2316.875671 2306.405523 2302.236469 2297.587544 2295.422913 2292.138753 2289.040085 2281.195494 2270.800004 2264.040256 2255.378038 2249.871347 2247.247737 2241.619910 2233.519555
