tests/Borden05m/sims/sim_1/output-maps/psiliqL0008N0004.asc
ncols         160
nrows         34
xllcorner     620200.000000
yllcorner     5168000.000000
cellsize      0.500000
NODATA_value  -9999.0
[rows 0 to 24 of 34, columns 0 to 56 of 160]
-9999.0 -9999.0 -9999.0 -9999.0 -9999.0 -9999.0 -9999.0 -9999.0 -9999.0 -9999.0 -9999.0 -9999.0 -9999.0 -9999.0 -9999.0 -9999.0 -9999.0 -9999.0 -9999.0 -9999.0 -9999.0 -9999.0 -9999.0 -9999.0 -9999.0 -9999.0 -9999.0 -9999.0 -9999.0 -9999.0 -9999.0 -9999.0 -9999.0 -9999.0 -9999.0 -9999.0 -9999.0 -9999.0 -9999.0 -9999.0 -9999.0 -9999.0 -9999.0 -9999.0 -9999.0 -9999.0 -9999.0 -9999.0 -9999.0 -9999.0 -9999.0 -9999.0 -9999.0 -9999.0 -9999.0 -9999.0 -9999.0
-9999.0 -9999.0 -9999.0 -9999.0 -9999.0 -9999.0 -9999.0 -9999.0 -9999.0 -9999.0 -9999.0 -9999.0 -9999.0 -9999.0 -9999.0 -9999.0 -9999.0 -9999.0 -9999.0 -9999.0 -9999.0 -9999.0 -9999.0 -9999.0 -9999.0 -9999.0 -9999.0 -9999.0 -9999.0 -9999.0 -9999.0 -9999.0 -9999.0 -9999.0 -9999.0 -9999.0 -9999.0 -9999.0 -9999.0 -9999.0 -9999.0 -9999.0 -9999.0 -9999.0 -9999.0 -9999.0 -9999.0 -9999.0 -9999.0 -9999.0 -9999.0 -9999.0 -9999.0 -9999.0 -9999.0 -9999.0 -9999.0
-9999.0 -9999.0 -9999.0 -9999.0 -9999.0 -9999.0 -9999.0 -9999.0 -9999.0 -9999.0 -9999.0 -9999.0 -9999.0 -9999.0 -9999.0 -9999.0 -9999.0 -9999.0 -9999.0 -9999.0 -9999.0 -9999.0 -9999.0 -9999.0 -9999.0 -9999.0 -9999.0 -9999.0 -9999.0 -9999.0 -9999.0 -9999.0 -9999.0 -9999.0 -9999.0 -9999.0 -9999.0 -9999.0 -9999.0 -9999.0 -9999.0 -9999.0 -9999.0 -9999.0 -9999.0 -9999.0 -9999.0 -321.109308 -338.792928 -355.843694 -357.655180 -334.919778 -311.765526 -288.325670 -268.083196 -249.661689 -230.881431
-9999.0 -9999.0 -9999.0 -9999.0 -9999.0 -9999.0 -9999.0 -9999.0 -9999.0 -9999.0 -9999.0 -9999.0 -9999.0 -9999.0 -9999.0 -9999.0 -9999.0 -9999.0 -9999.0 -9999.0 -9999.0 -9999.0 -9999.0 -9999.0 -9999.0 -9999.0 -9999.0 -9999.0 -9999.0 -9999.0 -9999.0 -9999.0 -9999.0 -9999.0 -9999.0 -9999.0 -9999.0 -9999.0 -9999.0 -9999.0 -273.165914 -267.395720 -265.879110 -277.002803 -288.574636 -300.571535 -320.675161 -338.728101 -354.615379 -357.753028 -355.433948 -349.885221 -326.943223 -302.953808 -283.761138 -266.570011 -247.676711
-9999.0 -9999.0 -9999.0 -9999.0 -9999.0 -9999.0 -9999.0 -9999.0 -9999.0 -9999.0 -9999.0 -9999.0 -9999.0 -9999.0 -9999.0 -9999.0 -9999.0 -9999.0 -9999.0 -9999.0 -9999.0 -9999.0 -9999.0 -9999.0 -9999.0 -9999.0 -9999.0 -9999.0 -9999.0 -9999.0 -9999.0 -9999.0 -9999.0 -9999.0 -364.557063 -347.079351 -329.204102 -311.178128 -294.860358 -288.507128 -282.730094 -277.051509 -281.289019 -286.415384 -298.054129 -316.900291 -336.987349 -351.625626 -354.617337 -357.576510 -353.482070 -340.588252 -324.237906 -308.060151 -287.387126 -264.607466 -255.790816
-9999.0 -9999.0 -9999.0 -9999.0 -9999.0 -9999.0 -9999.0 -9999.0 -9999.0 -9999.0 -9999.0 -9999.0 -9999.0 -9999.0 -9999.0 -9999.0 -9999.0 -9999.0 -9999.0 -9999.0 -9999.0 -9999.0 -9999.0 -9999.0 -9999.0 -9999.0 -9999.0 -9999.0 -358.988883 -365.110239 -370.593832 -372.438755 -374.094614 -375.661767 -368.936326 -356.793158 -338.701061 -317.544667 -305.118739 -298.310314 -292.091021 -291.579925 -296.708848 -299.289082 -299.493518 -311.568917 -323.614448 -334.928919 -345.838635 -347.380122 -338.159224 -324.718548 -309.117409 -294.770221 -279.899057 -267.072737 -252.079158
-9999.0 -9999.0 -9999.0 -9999.0 -9999.0 -9999.0 -9999.0 -9999.0 -9999.0 -9999.0 -9999.0 -9999.0 -9999.0 -9999.0 -9999.0 -9999.0 -9999.0 -9999.0 -9999.0 -9999.0 -9999.0 -9999.0 -9999.0 -387.448794 -381.484294 -375.258866 -368.229124 -367.670380 -372.297085 -378.330406 -381.922125 -383.914805 -385.882281 -381.922809 -373.836391 -360.473227 -344.911463 -323.698873 -315.513157 -309.179628 -297.024544 -295.288158 -291.078241 -287.527724 -289.847881 -292.946175 -305.337633 -314.593327 -309.108914 -303.279140 -297.400841 -290.490355 -277.996348 -262.762350 -245.399702 -225.150675 -203.885354
-9999.0 -9999.0 -9999.0 -9999.0 -9999.0 -9999.0 -9999.0 -9999.0 -9999.0 -9999.0 -9999.0 -9999.0 -9999.0 -9999.0 -9999.0 -9999.0 -9999.0 -9999.0 -9999.0 -411.706517 -411.087496 -410.387996 -406.121348 -405.365772 -403.390710 -396.696003 -388.906299 -387.249264 -389.194648 -391.322543 -390.230933 -388.043127 -384.378186 -373.297659 -359.880722 -346.183227 -332.429512 -311.971816 -297.628679 -284.027634 -268.248391 -270.264734 -275.377566 -278.191184 -278.342699 -278.218030 -272.386371 -269.016720 -263.818035 -258.312251 -251.738255 -243.446872 -233.316614 -215.312865 -195.430601 -175.433418 -156.407827
-9999.0 -9999.0 -9999.0 -9999.0 -9999.0 -9999.0 -9999.0 -9999.0 -9999.0 -9999.0 -9999.0 -9999.0 -9999.0 -9999.0 -9999.0 -9999.0 -439.504545 -437.862346 -436.072067 -431.031037 -428.928750 -425.345139 -418.876630 -418.237397 -414.766193 -408.098055 -403.533039 -395.523272 -388.207297 -381.361484 -375.955792 -373.822801 -366.587880 -357.433313 -346.023862 -330.764422 -309.191289 -286.954143 -271.139259 -254.992789 -238.755586 -239.102344 -240.939383 -240.461795 -240.172395 -232.506394 -214.588816 -208.764284 -205.605577 -186.891842 -172.889579 -167.850288 -160.973850 -143.194954 -119.483913 -92.839700 -60.425041
-9999.0 -9999.0 -9999.0 -9999.0 -9999.0 -9999.0 -9999.0 -9999.0 -9999.0 -9999.0 -9999.0 -9999.0 -9999.0 -483.085807 -479.136748 -470.329592 -462.636074 -460.807682 -457.345682 -452.129702 -440.418415 -437.380788 -431.633758 -424.479898 -413.650286 -405.692578 -396.988786 -385.759414 -377.839192 -371.213063 -364.662878 -358.517218 -345.229798 -330.249374 -314.698008 -294.801377 -273.686118 -253.062302 -232.459562 -218.037548 -204.345399 -201.246449 -203.699820 -202.606844 -194.743992 -176.605549 -157.552845 -144.899102 -122.759704 -98.584218 -83.707943 -70.111855 -60.432035 -47.139116 -25.286081 12.771204 52.509086
-9999.0 -9999.0 -9999.0 -9999.0 -9999.0 -9999.0 -9999.0 -9999.0 -9999.0 -9999.0 -517.978878 -515.520778 -519.218208 -518.595260 -514.374043 -502.960849 -490.311682 -483.817867 -473.168917 -453.237400 -436.754248 -433.830978 -419.524331 -410.199117 -404.266231 -394.143282 -381.589669 -369.128881 -352.280759 -340.143875 -327.906737 -307.484951 -291.499004 -275.667607 -258.611276 -239.551002 -219.041813 -189.258071 -162.227100 -148.231817 -123.946117 -109.543350 -112.914788 -113.045495 -105.261884 -86.992267 -61.782995 -32.732973 -6.899846 22.878445 46.671104 64.418055 79.046532 97.004114 119.173968 158.127262 206.321770
-9999.0 -9999.0 -9999.0 -9999.0 -9999.0 -9999.0 -9999.0 -9999.0 -541.545247 -534.993909 -528.918298 -532.236289 -537.310330 -540.807845 -528.337649 -513.042481 -497.671211 -481.337784 -466.022972 -448.885645 -433.885361 -417.895446 -399.331356 -388.168454 -376.941851 -362.408207 -349.314322 -331.812145 -310.922591 -296.553927 -277.799772 -256.410464 -237.418121 -220.035446 -202.310713 -184.562238 -156.000482 -121.412171 -88.133963 -61.881724 -32.200798 -5.024645 -2.818072 1.746240 7.860489 36.494872 71.627164 110.866769 149.757323 188.490328 227.884020 254.252960 275.714657 304.061426 337.148887 363.142556 394.045036
-9999.0 -9999.0 -9999.0 -9999.0 -9999.0 -9999.0 -566.654634 -542.850421 -528.467572 -536.533373 -544.743497 -548.338275 -552.096660 -533.836137 -513.155297 -496.997911 -481.025762 -464.454898 -448.937155 -434.759180 -400.146854 -384.722167 -370.441287 -351.128253 -337.837593 -324.466430 -307.607640 -284.318730 -261.453938 -228.894751 -199.098976 -172.311847 -145.830528 -126.006211 -107.316643 -87.465836 -54.270690 -14.331326 25.963736 61.101604 95.888741 133.950688 150.152389 160.678048 173.002064 197.293314 238.903315 290.703060 348.106224 391.959600 422.709794 438.816429 454.662327 474.066661 496.102679 513.562011 528.221658
-9999.0 -9999.0 -9999.0 -9999.0 -599.523370 -578.842832 -558.532801 -528.056081 -505.868291 -511.714338 -504.749658 -504.567270 -506.235594 -504.446269 -499.490666 -482.347646 -465.519875 -448.602091 -430.588164 -393.231355 -352.402530 -336.342819 -309.774470 -277.897566 -264.455855 -250.229397 -235.412532 -212.759714 -183.262747 -147.733777 -99.540510 -57.954764 -29.282056 -4.036644 18.521188 44.184402 81.149025 127.154269 175.911127 225.229644 276.051761 325.649983 354.449876 369.035780 383.525859 400.982291 425.531850 460.808373 499.233095 533.272296 556.712922 569.900281 577.786600 588.683705 600.311680 612.124103 622.252370
-9999.0 -9999.0 -9999.0 -645.778665 -607.617699 -571.260298 -544.073544 -513.561583 -482.560794 -476.479065 -468.807932 -462.724957 -456.480746 -448.153417 -438.649543 -423.213707 -410.195267 -398.698916 -378.667866 -342.478253 -306.432802 -272.213360 -239.898368 -209.237777 -186.363107 -170.960389 -154.504989 -130.021564 -88.996210 -46.524968 8.662108 68.542154 115.559254 148.353399 174.624556 207.353895 243.287745 300.448786 356.429654 402.850112 445.775057 482.554213 509.465254 520.361901 528.898840 536.612049 551.847110 571.252226 590.362805 613.558434 635.483802 652.726686 662.401241 669.158268 681.737002 694.053932 703.725680
-9999.0 -9999.0 -691.807122 -655.232768 -620.005373 -568.439370 -516.448249 -483.654099 -443.444273 -418.673084 -412.068297 -393.839480 -377.370633 -369.462540 -352.906703 -335.946772 -323.559876 -321.174971 -309.451909 -273.497609 -219.314488 -169.424598 -135.378815 -77.379544 -42.922886 -19.556275 -5.514101 20.774784 57.727238 111.746251 174.313429 242.814054 309.315573 354.879767 376.467871 397.875928 426.014865 457.861240 498.704162 532.378576 562.172255 587.124535 607.633180 615.398379 618.963436 630.511490 647.719421 665.702684 682.851863 699.215790 709.361217 712.287146 713.408393 714.115485 715.430916 716.411463 717.130282
-9999.0 -9999.0 -716.432309 -672.790902 -629.812017 -559.442440 -484.886308 -447.732752 -405.265323 -361.733426 -343.260858 -320.248985 -301.251519 -283.053788 -259.372170 -235.428934 -231.345630 -228.948146 -230.143450 -175.526590 -115.070358 -47.361140 29.723028 98.373923 143.818393 156.522818 166.215140 189.530458 227.295470 297.345415 365.009171 427.288380 482.155468 517.951476 535.143089 550.351190 568.484273 586.492535 604.112552 635.654999 654.308634 672.817804 692.798886 709.718438 716.083685 716.697448 712.123234 714.485649 715.902680 716.312591 716.148676 712.858073 712.024879 712.636455 713.933522 709.936839 704.860568
-9999.0 -802.200286 -750.549863 -696.286410 -625.570959 -556.065249 -469.809911 -389.276074 -340.417908 -299.126113 -271.276468 -251.590572 -196.874799 -146.674204 -118.734234 -88.341843 -90.223026 -92.205863 -100.885119 -56.215452 5.091612 109.451773 256.582914 331.269927 371.937857 377.855347 375.246890 390.884222 421.491231 471.096498 535.101534 576.236753 619.046860 650.237712 661.034441 664.572214 678.018360 694.791285 701.597734 710.847897 714.335988 716.924645 714.506755 715.244451 715.977331 716.465457 713.860256 708.491198 701.704125 697.057456 693.899880 690.151895 692.799121 696.251095 698.230645 693.348988 688.322285
-9999.0 -835.903886 -775.527976 -702.823884 -630.661124 -552.171004 -438.820296 -311.960479 -266.633519 -233.262714 -203.746114 -156.103850 -64.971712 9.929313 55.445877 101.537910 99.577870 87.405756 84.275787 123.321798 192.405707 297.941967 442.527490 531.499155 547.883034 559.385546 567.232566 588.657568 617.214229 644.737399 667.868233 682.037575 692.771655 697.552062 699.405312 700.614896 702.568272 703.897039 702.496328 700.295623 696.888560 697.711061 701.747951 702.096505 700.349055 698.666286 694.776240 689.321273 685.725257 682.892030 681.498109 679.582966 678.960936 680.206683 677.852088 674.752239 669.342290
-9999.0 -859.085034 -790.328832 -724.310489 -649.191835 -522.726589 -401.823143 -274.609375 -187.438024 -150.645123 -100.773939 -4.747347 111.664572 228.633023 303.881275 338.477752 350.159067 340.427810 352.177144 394.237208 457.526753 539.565595 603.691304 662.392708 672.702875 675.729512 670.253448 676.477898 682.257918 684.586991 686.033877 686.442146 691.314273 693.904666 693.375507 691.514889 688.321605 682.860506 680.349964 679.662608 678.422583 679.631112 683.140888 684.557349 683.450885 681.453530 679.163570 676.047538 672.592399 668.330151 666.285584 663.798483 662.707447 659.581920 656.692791 653.408203 644.305046
-9999.0 -943.932767 -860.851719 -797.766315 -659.886942 -496.482712 -374.292219 -221.715455 -90.255516 -40.191382 62.407527 198.564758 335.108841 428.817291 486.602787 531.371296 556.428644 576.922809 603.231215 600.847231 639.456379 671.801640 682.650099 686.986447 682.798072 684.638909 679.872125 665.541728 658.952330 654.678801 657.064210 663.655354 668.596012 673.772121 672.158303 672.977079 673.458518 671.941704 671.162683 666.589497 662.287497 659.431185 659.720793 665.890631 662.462395 660.917768 657.727118 652.939387 647.143877 641.340676 635.232393 629.543404 627.191715 622.337713 621.697984 615.969708 592.441647
-9999.0 -1024.572673 -945.392418 -838.553016 -684.740618 -522.158305 -374.542561 -204.583423 -18.112061 92.226192 221.530354 323.440290 431.801746 517.334878 583.087156 617.670600 634.936062 641.013360 640.983597 644.861190 621.623147 617.839501 631.743715 651.272242 659.081442 662.361640 656.040037 648.830626 645.448197 646.418759 645.846487 644.691041 643.012901 640.898924 637.890352 639.315468 643.741397 640.137097 635.562153 631.655999 628.347512 623.574834 620.405647 618.979384 618.486993 619.651842 614.726751 606.874129 597.593921 588.775662 579.432887 571.962084 568.207021 562.434376 554.868172 542.585490 512.135020
-9999.0 -1109.546244 -995.637382 -891.086302 -753.089495 -612.673405 -474.958600 -306.892241 -148.062095 64.760576 268.080302 359.393200 427.216454 491.667429 553.216077 607.307116 614.422208 590.953258 570.350006 562.074773 568.539884 578.841738 590.738212 606.793127 619.083273 625.938935 626.976236 621.426175 611.310347 604.961585 599.227770 588.339981 579.347454 576.821121 575.296519 580.434131 583.150415 575.347048 565.351248 553.561119 543.591498 536.376122 534.775872 536.382525 536.816317 534.758653 528.955433 519.014916 503.566977 484.930391 468.222077 455.680230 443.996656 430.356064 415.616281 398.056130 361.621452
-9999.0 -9999.0 -1064.145423 -951.588719 -834.464894 -704.979693 -575.120323 -419.083125 -265.082303 -76.650909 52.985721 178.120313 273.302515 336.181237 397.133691 450.872507 469.414346 487.442973 471.660751 480.263266 493.883883 503.794068 514.135059 524.368280 534.621183 541.807483 547.140204 546.046614 538.152749 522.498351 499.907550 476.468699 459.077114 448.352881 455.039831 465.756030 462.877838 454.450442 441.320202 425.321259 412.354283 399.565812 396.207388 397.117807 397.315255 394.418842 388.711703 373.587720 353.680728 327.126447 305.518176 288.225183 273.617718 254.549176 235.455414 214.335714 181.342078
-9999.0 -9999.0 -1145.631375 -1033.821342 -911.522746 -784.624893 -675.181609 -564.877214 -406.271433 -285.352751 -183.946273 -90.388574 -8.971075 57.324753 112.449711 181.890918 224.814898 246.689839 260.005869 286.230149 321.817118 349.817509 366.665862 379.590899 392.346392 403.612188 411.887009 401.249150 389.246498 369.353079 339.668549 299.712007 272.090840 259.480963 263.424146 272.531256 265.471233 249.904182 229.178285 207.312351 190.413093 175.707145 170.480901 167.932702 166.939345 163.495180 158.430104 145.760797 128.922306 114.431076 101.180446 90.617761 83.931549 73.272574 60.595598 50.650425 29.096162
