tests/Borden05m/sims/sim_1/output-maps/psiliqL0023N0008.asc
ncols         160
nrows         34
xllcorner     620200.000000
yllcorner     5168000.000000
cellsize      0.500000
NODATA_value  -9999.0
[rows 0 to 24 of 34, columns 55 to 109 of 160]
-9999.0 -9999.0 -9999.0 -9999.0 -9999.0 -9999.0 -9999.0 -9999.0 -9999.0 -9999.0 -9999.0 -9999.0 -9999.0 -9999.0 -9999.0 -9999.0 -9999.0 -9999.0 -9999.0 -9999.0 -9999.0 -9999.0 -9999.0 -9999.0 -9999.0 -9999.0 -9999.0 -9999.0 -9999.0 -9999.0 -9999.0 -9999.0 -9999.0 -9999.0 -9999.0 -9999.0 -9999.0 -9999.0 -9999.0 -9999.0 -9999.0 -9999.0 -9999.0 -9999.0 -9999.0 -9999.0 -9999.0 -9999.0 -9999.0 -9999.0 -9999.0 -9999.0 -9999.0 -9999.0 -9999.0
-9999.0 -9999.0 -9999.0 -9999.0 2804.179272 2798.852823 2794.013613 2790.125739 2821.525073 2812.847389 2805.574197 2802.171789 2801.802419 2801.725046 2801.911273 2807.625397 2816.414818 2824.719324 2832.193192 2787.846183 2789.406974 2791.330961 2791.619180 2790.473680 2788.107849 2836.703436 2833.845790 2832.718996 2825.669181 2814.877627 2806.755853 2804.252364 2808.577701 2812.950280 2815.399601 2820.604968 2830.808675 2841.085179 2795.942924 2806.499566 2813.149998 2818.404261 2821.051909 2817.023027 2813.695508 2809.787713 2804.710501 2793.646653 -9999.0 -9999.0 -9999.0 -9999.0 -9999.0 -9999.0 -9999.0
2788.639674 2807.725829 2788.934665 2792.089792 2820.828277 2816.053871 2813.329442 2812.105180 2808.046890 2800.163062 2795.733987 2790.996837 2789.235255 2789.992243 2790.689287 2795.256750 2806.698262 2815.299379 2820.668649 2824.418090 2827.939429 2827.369687 2827.384973 2827.876629 2825.643234 2822.436018 2819.599335 2818.301089 2820.000210 2812.803019 2807.223920 2803.626296 2801.023481 2803.605838 2806.326986 2810.563017 2819.570770 2827.175600 2834.969400 2793.913696 2804.995492 2810.527227 2807.974785 2803.307458 2800.401285 2793.972373 2832.223149 2821.792921 2813.041656 2805.987336 2799.550665 2792.098236 2797.158814 2803.486889 2811.762227
2774.231869 2794.207535 2815.600352 2818.714355 2808.223133 2800.748298 2794.882979 2795.976247 2799.936731 2797.397960 2793.399663 2786.968723 2797.193488 2798.969780 2800.575474 2804.685321 2807.910625 2813.437411 2816.699921 2822.765020 2832.241170 2835.692303 2836.907369 2837.757758 2836.559140 2833.990919 2832.703641 2830.500327 2825.742962 2824.511404 2824.606195 2823.736225 2827.987690 2828.604698 2832.151342 2826.429731 2830.453312 2836.251898 2841.807410 2847.643440 2793.263566 2795.132276 2791.843842 2792.997162 2839.601311 2825.117463 2814.519534 2806.077821 2804.943048 2800.870773 2791.776120 2776.987143 2783.662369 2798.301575 2801.778725
2782.678655 2792.463464 2803.910116 2807.129663 2802.638073 2805.282143 2807.744203 2809.802136 2808.844217 2806.301900 2803.322864 2814.862011 2822.990111 2825.074150 2828.454664 2833.429902 2836.202006 2826.129346 2824.801771 2832.855309 2842.063257 2847.902467 2848.887625 2849.442501 2846.976158 2846.637324 2847.113860 2845.866940 2846.176217 2848.351055 2846.782422 2850.332527 2856.005739 2792.830920 2853.452273 2844.758853 2846.529304 2854.685662 2796.545484 2802.982164 2812.259458 2823.125725 2823.109940 2818.389723 2810.719912 2799.064181 2835.110339 2816.197232 2803.722435 2794.481499 2785.957059 2786.804674 2780.964868 2792.705496 2793.066329
2776.741750 2797.315108 2817.255386 2824.195165 2818.990445 2815.791143 2815.092209 2816.679010 2816.936888 2818.969281 2829.512998 2842.592964 2794.218522 2795.231046 2797.113482 2797.086293 2854.773140 2845.136827 2843.022829 2857.377492 2806.051045 2812.760642 2812.450155 2808.899331 2812.820878 2812.586411 2812.579094 2808.880725 2809.890507 2808.341222 2814.739251 2822.363940 2830.088058 2827.560578 2816.356937 2804.276459 2803.903892 2808.762816 2813.808759 2821.055793 2831.202685 2840.451644 2835.615288 2830.074547 2822.226699 2797.173901 2840.019290 2825.016808 2822.245606 2821.105326 2816.129698 2812.323041 2809.181915 2802.788447 2801.430860
2820.871702 2841.339983 2802.720931 2815.171048 2809.006272 2801.353553 2792.484347 2792.703394 2793.613226 2799.833157 2810.637179 2824.252538 2845.237520 2845.289990 2846.219789 2845.739001 2834.362231 2821.411284 2811.200107 2832.219920 2841.848779 2849.204024 2847.544685 2853.677614 2862.553582 2858.763105 2852.110563 2840.505875 2846.257873 2853.927375 2868.994829 2876.613783 2881.530544 2877.726583 2864.540044 2858.055832 2858.915991 2864.402126 2864.758967 2872.443490 2881.531657 2896.459402 2895.352608 2890.812832 2870.491423 2833.794533 2805.850619 2865.717622 2801.730604 2795.749427 2856.190432 2853.501882 2839.868542 2830.129473 2831.664467
2798.990696 2812.124405 2827.595325 2844.259589 2836.211807 2825.881401 2810.092986 2807.498005 2812.321480 2822.299289 2839.936810 2858.796115 2879.367511 2880.105812 2875.645230 2884.819478 2878.343753 2867.929746 2860.277019 2879.221142 2889.658225 2899.737069 2906.287420 2918.880686 2929.536515 2914.699875 2898.905681 2889.783492 2896.374979 2920.508639 2941.624003 2946.459928 2946.024713 2946.217821 2932.444512 2927.245876 2923.141314 2922.233825 2918.892872 2916.521741 2940.116755 2960.422258 2959.899214 2938.106036 2915.310490 2877.177924 2839.785442 2815.081807 2823.838814 2820.805752 2824.375688 2813.311559 2800.881376 2792.840083 2857.620238
2852.365736 2875.354864 2892.427268 2913.439247 2906.501196 2884.886189 2870.730587 2873.701016 2886.849324 2894.512989 2912.019618 2930.510954 2957.400912 2971.436647 2984.180682 2976.284742 2980.838932 2972.347837 2960.132093 2963.691896 2985.775047 2984.666845 2993.105841 3001.911845 3014.378852 3015.878077 3009.945633 3008.385424 3012.414653 3024.304014 3037.377636 3044.040826 3047.595630 3050.831541 3039.891672 3027.711166 3024.790720 3018.669050 3016.259358 3015.197035 3024.717173 3043.194257 3040.501115 3006.824510 2980.695124 2958.959317 2921.387348 2891.896860 2883.369423 2899.573347 2895.994128 2879.627819 2867.330739 2839.650206 2833.262108
2925.727053 2958.874144 2983.500242 2982.690024 2990.786667 2978.000786 2976.452084 2980.244439 2988.019530 2991.238753 2997.644849 3029.618212 3063.156496 3088.723438 3111.464682 3118.474777 3106.791525 3096.967263 3083.781034 3074.799093 3084.154185 3100.330910 3117.615297 3132.582802 3143.798921 3146.199342 3144.695066 3144.788006 3147.607283 3150.560020 3154.522733 3162.405298 3169.892409 3177.604906 3186.255243 3176.949654 3161.338197 3151.496305 3141.536083 3139.920155 3140.803215 3143.561148 3144.578752 3130.191174 3091.022547 3060.869329 3029.370951 3008.268898 2993.878935 2991.425700 2985.910112 2962.483403 2912.791215 2875.631926 2843.947693
3002.354102 3044.686339 3073.633409 3091.556358 3104.398532 3102.382033 3104.048117 3105.147739 3109.073520 3111.800316 3115.231004 3140.762963 3179.831110 3218.314870 3248.921530 3249.476844 3236.575004 3225.383142 3215.955546 3202.351766 3198.493820 3210.012113 3224.428017 3243.734758 3254.315806 3261.124646 3258.365104 3258.616572 3260.113339 3262.363989 3264.410855 3267.667993 3276.732801 3291.065239 3304.866020 3304.427172 3286.758110 3269.094089 3252.903568 3249.552996 3246.489281 3241.533694 3243.583293 3245.417151 3231.623483 3202.059135 3164.782340 3124.476537 3106.176560 3090.262465 3079.673138 3063.533545 3027.152522 2978.025711 2941.064650
3116.144728 3148.361739 3175.800595 3205.663954 3220.986430 3224.093457 3221.923871 3221.180758 3228.052566 3231.316243 3237.693408 3254.039168 3284.209388 3318.095887 3346.966385 3362.582966 3355.521752 3338.620768 3317.409071 3308.500196 3305.894373 3309.160983 3318.059000 3329.924853 3348.589198 3367.253193 3372.843227 3373.691608 3371.144630 3373.398614 3374.861817 3374.959697 3377.506072 3385.267253 3394.589926 3397.809818 3390.643042 3370.728500 3347.994977 3336.138576 3329.312715 3325.781541 3326.297895 3330.809268 3333.468096 3319.481568 3285.554065 3242.793161 3212.584536 3196.474739 3183.493619 3171.222324 3159.502584 3130.138527 3110.263120
3222.464546 3237.112665 3264.442675 3292.515588 3315.200277 3330.026712 3330.950786 3334.325601 3338.961021 3346.622626 3361.632779 3383.897609 3401.865897 3423.291812 3448.769585 3464.256626 3469.539828 3468.217550 3464.665951 3465.965501 3466.281125 3409.889069 3415.576375 3421.236416 3436.589170 3450.687544 3455.738246 3456.310982 3454.028308 3455.722562 3456.409841 3456.346375 3455.979417 3457.890827 3462.450423 3464.193079 3462.038770 3450.489851 3466.085185 3446.661325 3433.531930 3425.504732 3417.420098 3409.195362 3399.849729 3390.148057 3371.090835 3341.240626 3307.436720 3285.243662 3276.973488 3271.108695 3263.285154 3257.952004 3241.650483
3320.276816 3330.805381 3348.337285 3370.383451 3402.840904 3425.293948 3436.392714 3445.447677 3450.048352 3463.584063 3479.545225 3465.401717 3472.886902 3480.632747 3488.329057 3490.972032 3491.728771 3491.379578 3489.023615 3488.325585 3486.045812 3482.382587 3472.112478 3473.700636 3475.568884 3478.164225 3481.853879 3480.710942 3481.785717 3484.728622 3483.017657 3477.085834 3473.104985 3471.533541 3472.435223 3479.801496 3483.219757 3484.145881 3481.191594 3480.306255 3479.408755 3476.344764 3472.519425 3467.126820 3460.228612 3473.070584 3461.462969 3434.449800 3395.747458 3356.083397 3347.569537 3348.501493 3348.687283 3347.122303 3341.669596
3441.037720 3454.264724 3468.601524 3449.675749 3469.800950 3480.101494 3484.917882 3488.741082 3491.448736 3494.213088 3491.167537 3488.095191 3483.265223 3481.768100 3480.440191 3478.025285 3478.665204 3476.781438 3472.766221 3468.842593 3461.180740 3449.803592 3438.632087 3435.262568 3439.615446 3445.124033 3450.124957 3454.348054 3457.993559 3458.189096 3452.865446 3444.571406 3437.135257 3435.439946 3442.228664 3447.924346 3454.211785 3455.048454 3453.662856 3451.264078 3451.101207 3447.981217 3448.240448 3455.186614 3469.627951 3472.864874 3478.182239 3477.424981 3462.426512 3435.269891 3443.596855 3423.889223 3429.565014 3425.096443 3413.908744
3482.740271 3485.236787 3483.767760 3482.555420 3476.276848 3470.298309 3469.549909 3473.548952 3480.558289 3481.677313 3474.687677 3466.227530 3459.115666 3451.871853 3449.613775 3448.967615 3448.678411 3449.139771 3443.895821 3434.910683 3418.287169 3406.783955 3395.748843 3389.830142 3386.390933 3390.110098 3401.080242 3412.774981 3417.731611 3408.911950 3400.663683 3389.097123 3381.064995 3381.481153 3382.720447 3392.100571 3408.380267 3415.370891 3416.124362 3409.886760 3403.734188 3397.198417 3394.285681 3400.720302 3415.853450 3432.240012 3447.411639 3456.316502 3463.911711 3470.868944 3470.174755 3472.644400 3474.003340 3472.084686 3474.389785
3476.875856 3470.004647 3463.147320 3457.950053 3451.541599 3446.236831 3444.477983 3446.495735 3448.649258 3444.756951 3438.416679 3428.514537 3417.648825 3408.078680 3400.818472 3401.863802 3404.236816 3405.828463 3398.793948 3383.742727 3366.268841 3352.933811 3339.184185 3335.313933 3329.662467 3322.653336 3332.835956 3352.060575 3359.222449 3343.643461 3332.985936 3318.027099 3311.346644 3307.518762 3308.412742 3317.371978 3339.316295 3362.494098 3364.382738 3353.626178 3342.949936 3338.154411 3334.970467 3339.777265 3356.541600 3376.890304 3392.569934 3402.711686 3407.992228 3415.733859 3425.051141 3438.870411 3453.298766 3465.325407 3470.607127
3452.157662 3444.469728 3436.896888 3429.393681 3422.599809 3416.531600 3412.363165 3410.478687 3406.884914 3400.952813 3394.099785 3374.834768 3362.682881 3350.173489 3335.714189 3332.099480 3327.805390 3329.143059 3317.892749 3309.705186 3293.095281 3277.930907 3262.527210 3249.823557 3244.184632 3237.715299 3237.049163 3250.828499 3259.347957 3249.266412 3239.526513 3228.570624 3223.807787 3220.464268 3222.820387 3233.173061 3253.044008 3271.305988 3279.372071 3271.850154 3269.797121 3269.243658 3267.581414 3273.574726 3284.725169 3302.688076 3324.522090 3342.702288 3352.274167 3359.103874 3368.284004 3382.420355 3396.314420 3410.406246 3428.054126
3421.960813 3412.829620 3403.102134 3393.619762 3383.363728 3373.139210 3366.911464 3369.508554 3363.618217 3358.110881 3336.943871 3283.751622 3263.573280 3245.188289 3229.484745 3223.255826 3215.315165 3200.817354 3192.344476 3187.746625 3188.659027 3174.718988 3158.714842 3141.495954 3136.691429 3133.154825 3117.246066 3114.175334 3115.149026 3129.461602 3123.244195 3121.292532 3122.562708 3120.154055 3121.710418 3134.528445 3142.801031 3148.881849 3155.406423 3159.064238 3168.773186 3174.956731 3183.839426 3200.383924 3211.280820 3226.545522 3246.613887 3271.449064 3286.176786 3295.357515 3305.529951 3320.550981 3336.491336 3353.875293 3375.957667
3387.845992 3372.077841 3357.919931 3343.968813 3331.600196 3319.142566 3304.130050 3306.150073 3304.126084 3294.535590 3242.400254 3201.962508 3170.197540 3153.367961 3130.494895 3117.766119 3102.926570 3066.861020 3050.315856 3049.351414 3062.977711 3058.843019 3043.634940 3031.690125 3022.699316 3013.930307 2997.108048 2979.961345 2985.875073 3003.412789 3003.600814 3006.228081 3013.526804 3012.810879 3006.548534 3004.950915 3017.159825 3022.822984 3033.557464 3049.985447 3054.479296 3069.112962 3101.212447 3113.697889 3128.231189 3146.323976 3166.372273 3186.681951 3208.296485 3221.722785 3236.330186 3254.321282 3270.571937 3290.513823 3312.802195
3338.460436 3308.371246 3287.963365 3271.171858 3252.847984 3227.415477 3207.859478 3206.077899 3200.295816 3173.371292 3123.908482 3088.585143 3064.975215 3043.824704 3021.365624 2999.337967 2976.834074 2943.116276 2921.837274 2936.269133 2947.092602 2957.315325 2945.782500 2934.942955 2925.450850 2908.186852 2891.699915 2876.064048 2886.749234 2895.378140 2912.856066 2919.278895 2923.192481 2928.631445 2927.247434 2917.378080 2913.679851 2921.753727 2931.562462 2943.165936 2963.184991 2984.893716 3008.656506 3026.035958 3045.784787 3063.689073 3084.485568 3106.769392 3128.609092 3144.777358 3162.428120 3179.082614 3199.265368 3218.056133 3240.625352
3261.231304 3233.670737 3207.940482 3185.602993 3156.696916 3112.310715 3098.827317 3090.601723 3070.775000 3025.827116 2985.306200 2975.996610 2962.163470 2939.267799 2918.430659 2891.605030 2859.048089 2837.288052 2817.231736 2827.412065 2837.529598 2856.645370 2847.746820 2840.607006 2837.406165 2822.345281 2809.145321 2793.090842 2799.597085 2811.463516 2834.078252 2839.833202 2843.891891 2852.968651 2852.184028 2847.813852 2831.373486 2838.242512 2848.796201 2861.894059 2892.035972 2914.083016 2936.252142 2957.458042 2976.325715 2985.481992 3006.756207 3028.956869 3053.988273 3072.583053 3090.691548 3111.308360 3129.871222 3144.145373 3160.421296
3157.092707 3133.595161 3114.397208 3091.126421 3050.534541 3008.060990 2982.061251 2957.575269 2907.959104 2875.152191 2853.536292 2851.354758 2839.075887 2819.674598 2802.467668 2861.540117 2838.034577 2817.472656 2791.356106 2795.470337 2809.937575 2825.830579 2825.604408 2825.419153 2823.227919 2813.232714 2799.364416 2785.449805 2788.994819 2805.836461 2823.858325 2833.972775 2842.144524 2850.643799 2851.372507 2843.279563 2834.696704 2840.914294 2857.368863 2800.581632 2816.918534 2837.160252 2856.440744 2876.178633 2897.946362 2919.589606 2941.855884 2965.912210 2980.622971 3000.341292 3022.807061 3045.826748 3061.753249 3070.066826 3077.868789
3057.065062 3038.278778 3015.975979 2989.982022 2961.072280 2922.178792 2882.460524 2838.450766 2807.614900 2860.047303 2850.041362 2832.482041 2816.816181 2800.164765 2778.573634 2762.508448 2746.465496 2724.142481 2712.182180 2718.316445 2730.926345 2738.783622 2744.552448 2741.901460 2739.103588 2732.916424 2718.747501 2713.668376 2723.410574 2738.637994 2752.632655 2764.367083 2771.745059 2777.627548 2775.422880 2767.303088 2765.055405 2774.314395 2790.669382 2803.631507 2819.658191 2841.424701 2795.686920 2815.293191 2835.869533 2856.917753 2880.389152 2904.564072 2929.228674 2955.153836 2976.626129 2984.033859 2991.642307 3000.115446 2999.699304
2948.102142 2936.617705 2911.750385 2885.546866 2857.226897 2824.618563 2801.891598 2844.928845 2813.622539 2784.646813 2757.551113 2743.129591 2734.925707 2720.313255 2702.003660 2689.889699 2673.448798 2661.718240 2666.268947 2666.949474 2674.685011 2672.609890 2673.068785 2670.213936 2669.248415 2666.541816 2659.714974 2670.898037 2677.609856 2691.200754 2701.448712 2711.404187 2717.658379 2721.813608 2723.446797 2719.742229 2726.170520 2733.242883 2747.836013 2759.710490 2774.269960 2795.050298 2811.420764 2831.109258 2794.304597 2815.127792 2836.909735 2861.258368 2887.878007 2911.268030 2928.102921 2933.849616 2942.221303 2943.367065 2932.205292
