tests/Borden05m/sims/sim_1/output-maps/psiliqL0013N0006.asc
ncols         160
nrows         34
xllcorner     620200.000000
yllcorner     5168000.000000
cellsize      0.500000
NODATA_value  -9999.0
[rows 0 to 24 of 34, columns 56 to 111 of 160]
-9999.0 -9999.0 -9999.0 -9999.0 -9999.0 -9999.0 -9999.0 -9999.0 -9999.0 -9999.0 -9999.0 -9999.0 -9999.0 -9999.0 -9999.0 -9999.0 -9999.0 -9999.0 -9999.0 -9999.0 -9999.0 -9999.0 -9999.0 -9999.0 -9999.0 -9999.0 -9999.0 -9999.0 -9999.0 -9999.0 -9999.0 -9999.0 -9999.0 -9999.0 -9999.0 -9999.0 -9999.0 -9999.0 -9999.0 -9999.0 -9999.0 -9999.0 -9999.0 -9999.0 -9999.0 -9999.0 -9999.0 -9999.0 -9999.0 -9999.0 -9999.0 -9999.0 -9999.0 -9999.0 -9999.0 -9999.0
-9999.0 -9999.0 -9999.0 823.484472 818.053273 812.935652 808.186390 799.438174 790.412153 782.229433 778.487354 777.814023 777.267124 777.115476 782.591387 790.813448 798.659771 806.008459 808.592826 811.191131 813.577828 814.208495 813.122505 810.038475 806.892782 803.640819 802.267609 794.326214 783.084024 774.404808 771.761411 776.268413 780.794442 783.311741 789.142851 799.820404 810.536390 818.956983 830.696420 836.332858 841.244604 843.986235 839.646696 835.854578 831.806563 826.498381 815.339033 -9999.0 -9999.0 -9999.0 -9999.0 -9999.0 -9999.0 -9999.0 -9999.0 -9999.0
787.212021 807.364082 810.720477 799.453388 794.609746 791.455165 789.566717 784.874489 776.415344 771.378118 766.224396 764.626415 764.950139 765.278126 769.637516 780.019047 788.198558 793.153288 795.841183 798.609236 798.478347 798.109532 797.946386 795.224781 791.962834 788.737980 787.103117 787.681580 780.242192 774.902845 771.614004 770.056151 772.635799 775.042583 778.403809 787.823647 795.879951 803.913975 818.059925 830.287186 835.303210 832.538282 827.258216 823.153607 816.152033 805.821997 795.299280 785.551491 778.337165 772.504382 766.459846 772.099564 778.340025 787.870892 797.251857 808.955878
772.245947 792.565366 795.586160 784.999943 776.886907 772.051368 772.451195 775.233292 771.967206 767.619878 762.950040 771.756771 773.350384 774.782982 778.329688 781.650109 784.966326 787.905080 793.448828 802.619937 805.513613 806.224524 806.544669 804.897870 801.971227 800.361335 797.811651 792.827647 791.938618 792.421142 792.344931 797.445459 799.021586 800.759703 794.032499 797.467062 803.507058 810.159724 816.489386 822.938668 826.652641 823.070048 821.814372 812.990619 798.721181 787.156843 778.279116 776.021673 772.409115 764.096351 750.918991 757.533479 772.587931 776.714197 779.616452 790.904851
767.988149 780.050249 783.321303 778.575524 780.127755 781.942165 783.675183 782.377209 779.707056 778.102383 790.995453 800.803051 802.998305 806.279489 810.222515 809.867719 798.206711 796.003413 804.477860 815.009285 821.008559 821.458384 821.622826 819.820784 819.061708 818.931583 817.011103 818.056519 820.789562 821.084560 826.008647 831.893424 834.923778 827.157772 817.932494 818.537562 825.992890 833.822978 840.837314 851.164374 862.118243 860.641555 854.495291 844.885784 830.660606 806.564276 786.386115 774.889078 767.103172 759.249456 758.577570 754.884180 765.483591 766.514515 767.745872 775.398238
775.122439 796.733224 805.039882 799.507293 794.771118 792.313241 793.378815 793.922453 797.385525 810.355946 824.671860 839.732693 843.062680 846.120449 846.113742 837.387348 827.436322 823.898302 838.855866 855.255970 863.811976 864.803511 864.493563 871.763564 870.745354 869.367340 864.888439 867.413599 869.472387 879.990154 888.178042 895.701676 894.150347 882.171578 870.493315 868.462324 870.613528 873.277168 878.958206 888.714248 897.933495 892.260662 884.375204 873.497911 843.971931 815.889421 798.091602 797.313273 796.534899 790.736003 786.658843 782.494406 774.623758 773.268305 771.613489 770.251968
826.884017 847.514291 863.927917 858.745322 851.138689 841.370152 842.362625 845.910051 854.656298 868.513602 886.997319 911.998738 915.855389 919.854925 923.216414 912.497762 900.539702 889.654707 907.604221 918.141045 927.263140 929.617188 940.113025 950.596452 946.668290 939.274802 929.742677 936.815475 949.607462 965.692792 973.493412 978.183512 977.528462 966.518210 960.255367 957.728047 958.651655 955.088894 958.641944 968.183354 982.485087 981.111114 970.907553 947.050736 908.720285 872.808700 850.758633 854.712716 846.483459 838.430931 833.389855 818.182670 806.031959 804.804869 794.094406 786.830123
878.794909 898.265221 917.532184 913.668100 903.702534 891.033174 891.109601 899.330670 910.367335 930.740867 955.377053 981.059065 991.121878 995.684239 1006.007786 1000.095018 991.111668 983.144240 994.292894 1006.830189 1019.210685 1029.833308 1043.425989 1055.901899 1047.471708 1036.577566 1032.525833 1038.791935 1059.645197 1078.343697 1085.215651 1088.069599 1091.794968 1082.994533 1075.423314 1067.009978 1059.781289 1052.200402 1046.797118 1063.744444 1079.086838 1076.192904 1051.373426 1025.418048 987.170561 947.168210 912.559021 909.525074 904.895314 902.004910 885.266389 868.046132 849.750460 838.471961 827.818253 812.173529
976.508608 999.244908 1021.912897 1024.223459 1008.611088 1001.554490 1006.860219 1020.145192 1028.511690 1045.785982 1072.725124 1107.228317 1130.961984 1151.690828 1156.927031 1149.063537 1140.452594 1127.668625 1125.905586 1143.250260 1155.947535 1167.586427 1179.468059 1193.048495 1199.908411 1198.642020 1199.395935 1203.931485 1212.532330 1223.462338 1232.533806 1240.027761 1246.760996 1243.340870 1232.082067 1223.439078 1212.154293 1203.163265 1199.065375 1200.331663 1210.121088 1206.727339 1179.050881 1149.680481 1114.973397 1074.840610 1040.116602 1019.422959 1022.388005 1008.719144 987.976178 965.750341 928.267910 909.328608 891.252589 860.072194
1090.970689 1121.679400 1138.813917 1153.702047 1150.027443 1152.210707 1156.593409 1164.512961 1170.967944 1181.334355 1217.062993 1255.011152 1286.503170 1311.940279 1321.309353 1311.706098 1302.536142 1291.268608 1282.496064 1287.052724 1301.852344 1319.038025 1335.345258 1347.311761 1351.860641 1351.654239 1353.025277 1356.288896 1360.932799 1365.915830 1374.102024 1383.091570 1394.019245 1404.896749 1398.159657 1379.839853 1365.634641 1350.384978 1344.339107 1342.154630 1339.679272 1338.471296 1329.305431 1296.081240 1264.987662 1229.528928 1196.564254 1171.762497 1154.541714 1131.938424 1106.085864 1056.646171 1012.779330 974.689056 944.671628 913.918076
1223.878636 1258.113030 1284.649162 1301.212226 1304.758163 1307.330219 1310.096290 1316.347611 1322.572283 1331.559675 1356.347922 1395.488366 1433.506580 1463.509249 1467.808739 1459.010679 1449.346252 1439.772591 1429.965821 1427.253373 1435.373024 1446.643280 1462.734696 1474.260786 1484.138377 1483.974550 1485.116275 1486.516002 1489.801385 1493.116024 1496.605249 1504.773059 1517.057116 1528.056274 1528.472181 1514.433497 1496.769511 1479.068518 1471.790400 1465.826322 1459.943268 1459.531582 1459.166218 1450.438971 1423.713152 1385.756949 1340.792827 1311.875904 1288.272047 1272.226768 1252.436959 1222.292216 1166.608326 1132.055916 1093.667601 1056.355274
1354.620148 1386.548253 1418.478086 1437.761445 1445.479003 1445.670597 1447.350950 1454.563607 1461.064425 1471.830147 1489.258908 1513.484271 1542.223538 1568.460292 1585.440900 1582.015239 1570.209024 1553.941742 1549.537461 1548.865146 1551.184917 1557.789824 1565.607748 1580.656667 1596.130675 1601.557810 1602.660935 1600.900082 1603.827708 1605.997783 1607.145078 1609.019742 1614.113102 1621.050858 1623.269335 1618.222638 1602.363366 1582.762863 1569.097813 1561.090610 1556.972350 1555.019459 1555.939086 1554.860514 1542.356102 1512.984659 1474.701614 1440.975211 1418.180461 1400.412010 1383.821747 1368.733920 1345.248939 1323.524188 1289.631416 1243.028421
1467.269788 1493.643302 1520.442289 1544.186629 1559.914482 1563.230187 1568.211369 1572.526971 1581.921005 1597.197222 1616.007936 1629.801359 1646.220837 1666.860907 1679.071137 1684.839586 1685.622993 1685.038095 1687.446328 1688.125938 1662.681147 1665.755791 1668.546985 1675.355536 1682.990254 1685.442883 1685.807256 1685.120458 1686.794997 1687.919394 1688.890199 1689.236674 1689.597485 1691.784136 1692.494287 1691.416025 1685.051196 1688.442318 1672.381551 1661.366602 1654.599339 1647.386527 1639.074352 1629.568472 1619.923283 1603.969132 1577.857407 1545.680020 1519.151972 1507.155512 1498.828093 1489.579067 1481.231466 1463.566661 1440.129030 1407.516239
1574.123395 1589.890561 1609.498677 1635.795076 1653.658867 1663.149914 1670.822264 1674.932595 1686.468736 1699.182151 1694.016175 1697.481151 1700.972473 1704.395722 1705.560489 1706.015763 1706.146788 1704.404193 1704.577190 1703.418844 1699.181697 1689.937207 1691.268295 1692.383760 1694.403826 1697.506312 1696.016259 1697.047668 1700.379219 1699.584463 1694.950860 1692.096200 1690.968032 1691.575413 1698.631692 1701.776522 1702.821795 1702.409162 1702.543167 1703.002839 1702.382979 1701.172006 1698.920928 1695.687366 1698.803411 1689.064120 1666.765043 1635.215965 1601.693648 1588.223468 1583.382447 1582.347337 1577.861264 1570.468587 1551.398773 1524.108447
1684.627180 1697.394702 1694.494215 1703.639746 1708.049467 1709.835731 1711.780734 1713.559598 1714.155512 1710.605760 1706.948940 1702.101478 1700.598884 1699.033380 1696.431811 1696.956986 1695.127683 1691.588942 1688.597060 1682.759650 1672.562543 1661.460973 1658.739988 1662.755919 1666.996651 1670.562020 1673.222977 1676.407574 1677.856766 1673.933960 1667.142682 1661.028807 1659.674606 1666.246411 1671.762662 1677.030185 1678.099328 1677.573049 1676.792473 1678.365244 1677.242802 1678.711786 1685.574629 1698.663321 1704.304107 1706.727427 1706.471486 1699.720882 1687.186060 1679.721287 1660.069178 1662.624860 1657.133275 1645.240996 1624.630986 1601.737166
1710.901550 1710.530974 1708.838475 1702.852050 1696.823583 1695.634392 1698.843858 1704.930983 1705.612588 1698.280900 1689.791342 1682.637489 1675.610338 1673.067413 1671.353331 1670.361052 1670.341663 1665.329654 1658.099387 1643.546622 1632.462485 1621.341605 1614.932858 1612.244870 1616.124479 1624.697914 1633.280375 1637.548275 1631.323619 1624.870471 1615.501667 1608.576827 1609.484030 1612.019090 1620.940109 1634.741748 1639.758032 1641.566268 1638.226198 1635.735552 1631.769955 1631.204401 1638.697404 1653.531046 1668.322228 1681.529629 1689.507381 1696.747891 1703.029204 1706.378070 1706.931075 1706.668278 1704.803337 1702.838321 1687.717974 1667.671572
1699.510315 1693.365981 1688.564090 1681.977165 1676.032784 1673.768019 1675.382097 1677.381466 1673.285025 1665.992012 1655.389886 1644.080594 1633.818707 1626.877644 1626.747415 1628.103585 1628.574400 1622.261550 1608.372594 1591.622486 1578.350924 1564.129217 1559.219351 1553.176359 1547.629968 1556.663844 1572.398297 1578.066887 1565.142387 1556.339094 1543.529526 1537.377555 1535.132069 1537.101747 1546.642033 1566.550683 1586.465943 1589.318669 1582.110046 1575.396851 1573.232311 1572.714319 1580.301284 1598.592481 1618.280429 1632.881906 1642.483369 1648.285703 1656.383061 1665.567769 1677.082288 1689.160183 1698.977713 1706.365325 1709.666311 1707.671015
1677.393162 1670.110121 1662.771229 1655.723166 1649.153212 1644.145118 1640.929798 1637.023298 1629.839673 1621.691722 1606.222658 1593.007318 1579.805201 1564.844213 1560.066479 1555.989924 1556.872961 1545.489982 1535.187340 1516.511028 1500.272751 1483.228662 1470.877928 1463.132699 1455.468739 1457.780816 1471.740555 1480.113094 1467.342394 1457.952831 1446.369333 1441.359714 1438.962045 1441.569484 1452.453998 1475.232928 1495.256008 1504.527047 1499.814594 1498.350459 1499.502108 1501.208184 1508.922804 1524.453639 1544.990988 1566.609080 1583.442164 1593.588338 1601.908133 1612.209658 1626.306658 1639.425860 1652.169154 1667.811937 1686.446486 1700.032390
1647.334201 1637.756323 1628.247022 1617.495509 1606.233353 1598.900578 1598.508481 1590.064239 1581.631795 1563.911456 1515.526299 1495.069319 1474.519793 1456.642742 1448.593367 1439.424870 1429.873127 1419.907680 1412.511368 1404.731749 1387.230074 1366.966157 1347.671364 1339.686110 1333.227416 1322.050348 1324.998053 1327.418421 1332.192100 1325.479409 1320.678733 1319.551336 1317.910778 1321.968561 1336.755252 1350.057922 1362.278792 1371.589995 1374.343255 1385.458642 1395.745554 1403.619534 1422.394483 1438.277403 1458.261101 1482.147729 1508.157804 1523.704810 1535.189479 1547.611654 1564.028163 1580.766793 1597.672919 1619.007919 1642.302382 1657.117596
1607.126606 1593.034010 1578.261666 1564.360267 1550.068438 1534.813911 1533.114876 1526.639563 1514.528333 1468.822846 1422.737126 1386.031593 1363.339775 1336.987679 1322.033731 1308.015517 1279.239748 1263.464834 1256.439363 1260.104702 1248.078128 1227.595937 1210.029263 1198.746875 1189.540411 1174.639171 1164.049589 1168.350079 1180.929097 1177.131327 1176.245034 1181.136275 1180.231869 1177.682252 1184.160118 1200.452321 1211.097052 1224.334342 1240.090781 1248.767344 1262.675719 1293.363425 1310.934744 1330.186532 1354.724971 1381.414094 1408.789826 1433.473697 1450.755589 1468.950211 1490.558581 1509.375722 1531.214023 1555.019580 1583.488399 1602.990661
1540.190946 1519.097755 1500.257990 1479.934824 1455.633592 1431.884487 1425.791179 1414.533545 1389.521695 1337.253619 1291.474305 1256.341966 1228.382096 1199.246566 1176.188103 1145.561612 1112.050957 1090.371531 1095.170949 1100.978153 1100.310409 1083.828060 1068.551807 1056.183768 1040.379507 1023.743402 1011.099504 1019.460650 1027.908774 1037.141944 1041.132625 1045.194289 1048.536994 1048.223678 1044.559474 1050.638725 1061.489798 1074.340895 1087.937044 1105.392302 1138.676939 1166.834550 1188.094902 1213.358310 1239.101037 1268.192940 1298.346743 1326.048256 1348.273318 1372.684956 1397.248132 1422.630142 1446.960278 1474.556430 1505.830397 1531.907216
1456.773063 1426.770004 1399.992537 1368.230939 1324.024090 1304.550378 1291.347321 1273.018722 1230.290314 1181.552007 1141.743237 1113.317090 1083.892376 1056.328531 1026.283228 992.838999 965.451388 944.318505 950.299597 956.347130 966.857151 953.631040 941.262319 933.952101 918.058808 903.467123 888.428394 895.612222 905.602696 923.278195 927.694431 931.422649 938.922693 938.453122 936.662752 928.221678 938.078079 950.147248 965.779885 995.677615 1022.601640 1049.161602 1073.554497 1097.610265 1124.687233 1153.986974 1183.968148 1215.698507 1241.827913 1268.001806 1296.462615 1323.139145 1347.258144 1373.602878 1404.663664 1431.711770
1335.184675 1307.761235 1277.953613 1235.158622 1185.864310 1146.519780 1125.491428 1082.430428 1044.239371 1005.914973 985.440237 963.584594 937.488473 913.337677 890.091741 862.971130 839.589073 814.700010 817.834276 829.745865 843.030830 836.976222 832.866446 829.027287 817.330273 803.234688 789.390634 792.853450 808.102777 825.036202 832.782732 839.671445 847.494412 847.972746 841.470638 833.674162 840.155427 855.389647 872.792001 894.970232 918.928361 942.746150 965.580865 991.031468 1017.903717 1045.714556 1075.827029 1107.540694 1133.396689 1163.190978 1194.138971 1220.016291 1238.889220 1259.596431 1290.049049 1314.689464
1209.056075 1179.265613 1147.383164 1101.765768 1055.367710 1009.257935 966.528986 930.477099 896.503031 876.799189 855.258619 835.176328 815.134821 792.415990 771.861666 752.298320 729.529621 711.842239 716.773315 729.339670 739.714356 742.281635 738.822923 735.342669 727.598195 713.602885 703.919204 712.411269 727.717459 742.505711 752.894255 759.772981 765.969415 763.532689 755.634990 750.561033 759.231208 775.453535 791.090307 809.226025 831.785273 854.395796 877.707225 902.326159 927.269763 954.929391 983.718598 1013.350964 1043.257462 1071.210000 1097.864101 1114.356922 1131.553049 1144.795137 1166.945654 1191.643784
1066.878572 1037.356283 1005.621737 969.424790 928.235164 895.483028 861.042308 827.994322 795.629670 768.192357 749.669116 738.512515 722.493337 702.328345 688.103279 670.577332 653.154996 653.080391 655.470938 666.044181 666.693875 666.994436 663.734617 662.377199 657.969517 647.540226 654.784695 662.147370 676.677110 687.445848 696.976885 703.293140 707.521575 707.707087 701.744775 705.765267 713.238626 728.260115 740.707751 756.427623 778.035043 796.485742 817.137573 840.653287 865.149858 891.050108 918.741983 948.735958 976.293004 999.111737 1012.149141 1026.881063 1036.904230 1035.872815 1054.858232 1075.156064
