tests/Borden05m/sims/sim_1/output-maps/psiliqL0027N0006.asc
ncols         160
nrows         34
xllcorner     620200.000000
yllcorner     5168000.000000
cellsize      0.500000
NODATA_value  -9999.0
[rows 0 to 24 of 34, columns 0 to 54 of 160]
-9999.0 -9999.0 -9999.0 -9999.0 -9999.0 -9999.0 -9999.0 -9999.0 -9999.0 -9999.0 -9999.0 -9999.0 -9999.0 -9999.0 -9999.0 -9999.0 -9999.0 -9999.0 -9999.0 -9999.0 -9999.0 -9999.0 -9999.0 -9999.0 -9999.0 -9999.0 -9999.0 -9999.0 -9999.0 -9999.0 -9999.0 -9999.0 -9999.0 -9999.0 -9999.0 -9999.0 -9999.0 -9999.0 -9999.0 -9999.0 -9999.0 -9999.0 -9999.0 -9999.0 -9999.0 -9999.0 -9999.0 -9999.0 -9999.0 -9999.0 -9999.0 -9999.0 -9999.0 -9999.0 -9999.0
-9999.0 -9999.0 -9999.0 -9999.0 -9999.0 -9999.0 -9999.0 -9999.0 -9999.0 -9999.0 -9999.0 -9999.0 -9999.0 -9999.0 -9999.0 -9999.0 -9999.0 -9999.0 -9999.0 -9999.0 -9999.0 -9999.0 -9999.0 -9999.0 -9999.0 -9999.0 -9999.0 -9999.0 -9999.0 -9999.0 -9999.0 -9999.0 -9999.0 -9999.0 -9999.0 -9999.0 -9999.0 -9999.0 -9999.0 -9999.0 -9999.0 -9999.0 -9999.0 -9999.0 -9999.0 -9999.0 -9999.0 -9999.0 -9999.0 -9999.0 -9999.0 -9999.0 -9999.0 -9999.0 -9999.0
-9999.0 -9999.0 -9999.0 -9999.0 -9999.0 -9999.0 -9999.0 -9999.0 -9999.0 -9999.0 -9999.0 -9999.0 -9999.0 -9999.0 -9999.0 -9999.0 -9999.0 -9999.0 -9999.0 -9999.0 -9999.0 -9999.0 -9999.0 -9999.0 -9999.0 -9999.0 -9999.0 -9999.0 -9999.0 -9999.0 -9999.0 -9999.0 -9999.0 -9999.0 -9999.0 -9999.0 -9999.0 -9999.0 -9999.0 -9999.0 -9999.0 -9999.0 -9999.0 -9999.0 -9999.0 -9999.0 -9999.0 3472.889453 3455.693851 3442.431946 3437.340759 3458.040835 3480.879793 3504.496024 3524.818639
-9999.0 -9999.0 -9999.0 -9999.0 -9999.0 -9999.0 -9999.0 -9999.0 -9999.0 -9999.0 -9999.0 -9999.0 -9999.0 -9999.0 -9999.0 -9999.0 -9999.0 -9999.0 -9999.0 -9999.0 -9999.0 -9999.0 -9999.0 -9999.0 -9999.0 -9999.0 -9999.0 -9999.0 -9999.0 -9999.0 -9999.0 -9999.0 -9999.0 -9999.0 -9999.0 -9999.0 -9999.0 -9999.0 -9999.0 -9999.0 3524.138651 3529.969286 3529.442429 3519.507158 3508.006504 3493.987878 3473.184635 3456.021242 3443.044155 3441.050837 3443.271470 3445.440698 3465.634595 3490.890135 3510.604210
-9999.0 -9999.0 -9999.0 -9999.0 -9999.0 -9999.0 -9999.0 -9999.0 -9999.0 -9999.0 -9999.0 -9999.0 -9999.0 -9999.0 -9999.0 -9999.0 -9999.0 -9999.0 -9999.0 -9999.0 -9999.0 -9999.0 -9999.0 -9999.0 -9999.0 -9999.0 -9999.0 -9999.0 -9999.0 -9999.0 -9999.0 -9999.0 -9999.0 -9999.0 3432.234428 3448.967520 3466.685928 3485.073075 3501.896222 3508.847310 3514.579785 3519.734026 3514.840513 3510.230385 3498.254077 3476.765319 3457.284009 3444.459188 3443.442942 3440.803362 3443.993449 3455.062557 3471.346146 3485.889486 3506.052609
-9999.0 -9999.0 -9999.0 -9999.0 -9999.0 -9999.0 -9999.0 -9999.0 -9999.0 -9999.0 -9999.0 -9999.0 -9999.0 -9999.0 -9999.0 -9999.0 -9999.0 -9999.0 -9999.0 -9999.0 -9999.0 -9999.0 -9999.0 -9999.0 -9999.0 -9999.0 -9999.0 -9999.0 3438.764803 3432.683841 3427.702543 3425.887633 3424.178857 3423.023598 3429.474112 3440.246834 3456.906131 3478.784517 3491.868749 3498.910820 3505.609665 3505.655419 3499.365320 3497.372315 3497.554488 3484.456158 3471.762773 3459.858378 3448.179829 3444.496418 3452.925479 3466.795467 3482.612921 3496.745100 3511.564392
-9999.0 -9999.0 -9999.0 -9999.0 -9999.0 -9999.0 -9999.0 -9999.0 -9999.0 -9999.0 -9999.0 -9999.0 -9999.0 -9999.0 -9999.0 -9999.0 -9999.0 -9999.0 -9999.0 -9999.0 -9999.0 -9999.0 -9999.0 3409.363222 3414.033075 3420.350473 3427.816950 3428.560353 3425.159812 3419.582901 3416.680325 3414.968460 3412.301344 3416.513038 3423.031443 3435.515738 3450.294796 3472.231494 3480.024617 3483.673352 3494.503479 3497.902344 3505.535425 3508.957615 3506.573398 3501.872763 3486.208855 3473.878877 3475.193712 3478.458522 3484.777332 3492.613041 3505.563624 3518.541892 3533.030299
-9999.0 -9999.0 -9999.0 -9999.0 -9999.0 -9999.0 -9999.0 -9999.0 -9999.0 -9999.0 -9999.0 -9999.0 -9999.0 -9999.0 -9999.0 -9999.0 -9999.0 -9999.0 -9999.0 3385.189940 3386.150452 3387.534988 3392.234116 3392.394068 3393.887546 3400.341735 3408.012118 3410.644673 3408.031138 3406.732499 3407.606381 3409.698001 3413.724507 3423.502510 3436.206378 3449.418164 3461.383169 3481.279793 3494.873546 3506.270638 3520.682125 3520.584672 3516.375252 3514.068468 3513.244348 3510.733795 3507.835098 3505.796273 3511.245005 3510.788484 3513.265138 3521.646422 3532.946101 3548.497719 3565.002360
-9999.0 -9999.0 -9999.0 -9999.0 -9999.0 -9999.0 -9999.0 -9999.0 -9999.0 -9999.0 -9999.0 -9999.0 -9999.0 -9999.0 -9999.0 -9999.0 3356.296176 3357.921325 3360.137646 3365.494221 3369.082101 3372.763086 3379.446579 3380.651598 3383.590551 3390.144563 3393.974719 3402.713636 3410.475630 3416.787241 3421.790141 3423.274873 3428.685540 3436.767655 3447.002386 3459.558849 3478.296142 3500.748259 3515.255794 3530.829002 3547.011182 3546.581411 3543.846260 3543.070714 3540.483414 3540.451168 3553.556426 3555.573166 3548.829903 3556.963751 3567.599206 3569.325904 3575.320369 3594.250432 3615.447644
-9999.0 -9999.0 -9999.0 -9999.0 -9999.0 -9999.0 -9999.0 -9999.0 -9999.0 -9999.0 -9999.0 -9999.0 -9999.0 3306.821719 3310.582558 3320.640182 3332.144878 3334.986205 3339.714767 3346.159917 3357.872489 3361.033045 3366.436370 3372.944824 3384.969561 3392.787119 3400.614556 3411.322815 3418.198097 3423.952922 3429.050295 3430.428546 3440.428230 3452.955813 3465.813646 3483.444116 3503.996697 3520.926904 3537.609334 3552.805307 3563.115199 3559.018449 3557.191936 3558.269915 3561.667247 3573.225730 3588.500609 3587.245336 3595.207083 3614.500890 3623.535487 3629.621851 3634.703333 3647.813678 3668.631178
-9999.0 -9999.0 -9999.0 -9999.0 -9999.0 -9999.0 -9999.0 -9999.0 -9999.0 -9999.0 3281.019464 3282.184343 3278.095618 3274.769897 3280.275291 3292.264550 3306.506931 3311.479426 3323.040730 3343.917583 3362.099756 3364.384564 3376.840428 3386.157070 3391.803250 3400.282925 3411.694279 3422.173023 3435.839631 3445.779270 3452.669846 3467.045863 3481.029842 3495.406620 3510.859457 3529.618537 3543.932839 3565.810452 3589.137023 3596.221427 3611.552607 3612.754672 3607.606212 3604.685234 3612.948044 3622.681209 3635.921056 3649.982845 3667.198979 3687.884944 3696.831722 3708.816240 3717.026587 3726.580966 3741.268713
-9999.0 -9999.0 -9999.0 -9999.0 -9999.0 -9999.0 -9999.0 -9999.0 3256.731787 3264.662612 3269.576208 3265.807487 3260.793306 3254.173398 3268.359073 3283.104742 3298.216473 3315.891061 3330.607011 3348.017072 3360.815726 3374.309690 3393.262278 3402.580340 3411.599080 3424.998917 3436.301958 3449.238017 3467.882807 3473.714370 3482.738866 3500.292271 3514.094783 3529.185690 3545.637455 3560.408544 3578.836878 3607.386857 3634.776984 3649.413894 3674.138684 3689.944010 3683.239662 3680.549773 3680.939630 3702.876418 3727.908557 3755.891364 3773.574773 3795.954043 3823.355008 3841.819804 3850.692542 3861.439965 3874.941396
-9999.0 -9999.0 -9999.0 -9999.0 -9999.0 -9999.0 3228.521751 3252.609218 3267.370282 3258.168739 3243.041894 3237.103240 3230.050610 3260.792591 3282.415794 3298.884349 3314.596621 3331.076407 3346.156582 3353.069720 3381.130067 3399.311650 3409.571116 3421.056343 3433.969344 3446.816479 3461.365199 3480.940754 3496.635394 3516.583428 3530.650210 3545.212292 3567.234346 3583.028233 3598.510929 3610.680051 3636.866269 3670.269804 3703.692710 3727.011036 3750.522393 3781.260181 3780.240503 3781.514873 3782.571157 3805.872250 3839.146139 3868.330130 3899.552607 3929.586635 3957.545045 3967.780281 3976.525208 3986.208633 3998.538461
-9999.0 -9999.0 -9999.0 -9999.0 3196.868109 3217.358322 3235.391029 3264.824766 3286.100498 3280.425873 3283.857448 3280.880319 3275.387713 3279.569501 3286.807302 3302.860314 3320.833188 3339.153854 3351.942955 3377.284662 3422.861670 3432.257130 3447.540324 3475.347588 3484.753993 3497.219286 3511.298079 3530.246186 3547.057238 3572.704949 3605.271159 3632.857595 3652.939939 3671.011819 3689.050897 3704.909929 3739.061530 3775.131180 3809.960291 3840.729721 3867.006381 3892.529574 3898.741475 3903.354672 3913.065467 3929.845759 3952.235417 3979.490911 4012.830927 4044.667740 4067.718377 4076.590269 4081.672346 4091.087012 4098.501241
-9999.0 -9999.0 -9999.0 3142.608444 3181.431467 3220.763487 3245.680610 3275.122756 3306.664908 3305.400327 3313.128951 3311.698177 3309.284581 3313.415589 3315.160100 3330.326422 3347.205715 3365.858253 3385.873913 3417.920326 3445.483124 3461.419253 3487.650574 3502.037182 3513.495019 3525.003378 3542.275335 3561.011313 3596.052019 3624.557364 3669.398416 3718.963698 3750.244448 3768.978699 3790.813063 3817.771547 3842.453555 3880.738832 3914.328094 3946.033269 3975.936960 3997.819948 4011.852259 4016.336663 4025.809382 4031.452959 4043.868772 4064.660671 4086.810002 4117.295359 4146.370014 4175.088813 4190.247871 4201.241932 4218.268177
-9999.0 -9999.0 3094.214878 3133.680546 3164.471599 3210.385469 3262.751392 3297.119093 3335.526356 3353.166763 3355.152864 3364.331841 3373.482911 3373.075245 3380.382787 3391.660084 3412.729474 3420.648916 3440.029013 3454.018950 3489.571000 3521.919288 3516.023410 3552.842476 3581.851176 3613.672616 3634.258386 3660.118240 3697.179880 3730.244391 3773.914268 3823.227676 3857.039041 3884.537190 3900.157480 3920.124214 3940.200671 3966.286388 4002.723089 4028.197445 4061.575913 4086.814877 4106.261177 4106.948395 4109.596198 4125.628244 4153.801055 4184.502874 4213.294661 4242.170371 4226.575877 4250.040137 4260.528545 4266.380283 4275.581292
-9999.0 -9999.0 3063.593798 3110.057829 3143.776875 3200.555343 3286.796675 3320.009187 3358.875166 3403.336344 3415.809121 3435.975873 3427.886488 3414.786761 3431.149876 3444.049723 3463.967526 3470.714657 3463.846660 3514.921537 3566.313581 3588.962919 3593.257722 3669.503515 3721.299212 3745.300610 3761.730070 3781.633543 3800.975975 3838.876988 3877.568467 3931.652800 3972.617836 4002.238941 4016.616722 4036.496217 4055.870550 4070.817590 4090.247139 4136.873727 4172.313328 4203.032500 4234.864073 4256.144581 4264.279568 4269.320600 4243.548337 4263.166288 4276.470362 4282.208325 4284.498654 4280.700624 4280.139736 4280.970010 4281.894471
-9999.0 2970.250898 3022.224976 3072.205062 3135.752795 3195.961308 3269.428263 3343.118559 3408.931887 3460.342740 3484.424931 3475.637975 3472.820371 3496.206540 3514.371786 3529.539189 3534.459630 3544.254584 3524.501095 3577.327168 3612.938105 3660.621613 3758.902989 3816.796304 3880.138949 3875.876395 3864.003221 3868.654345 3884.297890 3930.547471 4009.459917 4065.635716 4131.455869 4180.429453 4197.509475 4204.995452 4223.684492 4244.450548 4191.840156 4235.548765 4255.701921 4272.518151 4282.052130 4284.369942 4285.664450 4285.423392 4281.716438 4274.664442 4266.462924 4260.598040 4256.351707 4251.848693 4254.287431 4257.618845 4257.771289
-9999.0 2931.486922 2988.088923 3055.858985 3122.465068 3167.190883 3247.298026 3414.068139 3476.143515 3513.153590 3516.771947 3489.017154 3544.822252 3603.495042 3626.765774 3671.381272 3655.044390 3639.518058 3601.143629 3625.667831 3663.467359 3733.790991 3905.371061 3993.876773 4046.659477 4054.555965 4055.173452 4083.488384 4127.842349 4175.579156 4221.786057 4189.417448 4239.717666 4264.515008 4269.696845 4270.422190 4275.985992 4274.490894 4273.094208 4268.621123 4263.441057 4263.610522 4268.263362 4268.112265 4265.134122 4261.724739 4256.005118 4248.584088 4243.400079 4238.767394 4236.113960 4233.284118 4231.294914 4230.499509 4225.591953
-9999.0 2889.931607 2964.851575 3021.758729 3065.516217 3153.765194 3283.283439 3427.053733 3522.717890 3555.609298 3529.334548 3561.558408 3663.822694 3770.093373 3822.083448 3842.705698 3822.238968 3772.333149 3750.946791 3794.272688 3864.861713 3985.862857 4126.955387 4227.427590 4242.918727 4246.374534 4197.367956 4223.736757 4248.177293 4251.077579 4252.225173 4260.450394 4265.548906 4268.529114 4266.947473 4264.050792 4259.219280 4250.997100 4246.200464 4242.486474 4238.691697 4237.479726 4239.437889 4241.319099 4238.474172 4234.565368 4230.083395 4224.506621 4218.175297 4211.389019 4207.031423 4202.742086 4200.591113 4194.972752 4191.482850
-9999.0 2771.203705 2860.835562 2899.257128 2968.710196 3157.375902 3285.956499 3424.405194 3590.095188 3608.468789 3651.073417 3791.205739 3911.047011 3991.708640 4019.845704 4052.769568 4077.135709 4092.745121 4129.692672 4005.961129 4087.889209 4187.882047 4233.860855 4253.798931 4264.252240 4264.633425 4254.659313 4233.750522 4222.987600 4216.228288 4217.839370 4225.134713 4229.764342 4234.513403 4232.196895 4233.300308 4234.479899 4231.275788 4227.229128 4218.454684 4210.574659 4203.796485 4200.419097 4205.075017 4200.428655 4198.110554 4191.876128 4183.372847 4174.367080 4166.979089 4158.956401 4152.366453 4150.140469 4145.130810 4143.922792
-9999.0 2690.310498 2762.410021 2810.142454 2916.780310 3078.919842 3169.774544 3325.654514 3568.464213 3705.658469 3872.032688 3964.229167 4034.544860 4075.501752 4125.259843 4177.785784 4205.071396 4217.104935 4185.218690 4208.354165 4165.042868 4153.895612 4171.592737 4201.058186 4218.542297 4222.674676 4214.869421 4205.798927 4198.524483 4197.400910 4195.166034 4190.906986 4186.602074 4182.903397 4179.763665 4182.814276 4188.190940 4180.986663 4170.565432 4160.994856 4152.372031 4143.060774 4137.059352 4132.294228 4132.767704 4133.054119 4125.374031 4114.826795 4103.901053 4095.558652 4088.352447 4083.890807 4081.163108 4076.141738 4066.308578
-9999.0 2567.547938 2701.811712 2775.960337 2857.028003 2982.885707 3082.959846 3231.939560 3358.856586 3604.886071 3744.465470 3943.295143 3993.874404 4064.762561 4111.668959 4185.610345 4180.716136 4149.388193 4105.671631 4089.602643 4101.334424 4110.482742 4118.597997 4132.917222 4150.711278 4160.943005 4166.182764 4160.267003 4146.018437 4133.349850 4121.945108 4107.997613 4098.432195 4095.852851 4100.118955 4110.326675 4110.725140 4101.386645 4087.153954 4068.730761 4052.978377 4041.059253 4039.100577 4041.963277 4043.118891 4038.987590 4033.213254 4022.382867 4009.723513 3997.198890 3991.584491 3987.274459 3979.767240 3968.385180 3956.382448
-9999.0 -9999.0 2614.674863 2722.564456 2803.576202 2911.209993 2994.633658 3107.839201 3245.364137 3414.732394 3530.641720 3714.572175 3811.567632 3855.792062 3888.951665 3945.126605 3971.171510 4003.572276 3998.874155 4011.340116 4021.653889 4027.127121 4032.283999 4037.792129 4048.225381 4058.116065 4068.579506 4065.758570 4056.964421 4036.210475 4010.134726 3989.827120 3979.204527 3969.780088 3982.093214 3994.726888 3989.026850 3982.079609 3969.358789 3953.072282 3940.502062 3926.191508 3922.742069 3922.623985 3923.249507 3920.969449 3918.567885 3906.122031 3893.864414 3884.075966 3880.129014 3874.517052 3871.036224 3861.262858 3850.691738
-9999.0 -9999.0 2525.661098 2628.928045 2729.105229 2833.137577 2913.150151 2918.311684 3049.739978 3150.379224 3257.454489 3369.352296 3467.127524 3536.173332 3568.262965 3630.746195 3688.220953 3706.983577 3748.835077 3804.690023 3839.730866 3880.101608 3903.597735 3912.958586 3925.468412 3940.071453 3947.497291 3932.035811 3920.735239 3903.596935 3879.992172 3853.039704 3839.398059 3839.142980 3837.960546 3839.245624 3831.483643 3822.560428 3808.069822 3794.237237 3782.080357 3773.325582 3769.771939 3764.042115 3761.678839 3758.962587 3757.360658 3752.341717 3744.283753 3739.911405 3731.720154 3728.149367 3727.505033 3724.697872 3719.197406
