tests/Borden05m/sims/sim_1/output-maps/psiliqL0023N0019.asc
ncols         160
nrows         34
xllcorner     620200.000000
yllcorner     5168000.000000
cellsize      0.500000
NODATA_value  -9999.0
[rows 0 to 24 of 34, columns 0 to 54 of 160]
-9999.0 -9999.0 -9999.0 -9999.0 -9999.0 -9999.0 -9999.0 -9999.0 -9999.0 -9999.0 -9999.0 -9999.0 -9999.0 -9999.0 -9999.0 -9999.0 -9999.0 -9999.0 -9999.0 -9999.0 -9999.0 -9999.0 -9999.0 -9999.0 -9999.0 -9999.0 -9999.0 -9999.0 -9999.0 -9999.0 -9999.0 -9999.0 -9999.0 -9999.0 -9999.0 -9999.0 -9999.0 -9999.0 -9999.0 -9999.0 -9999.0 -9999.0 -9999.0 -9999.0 -9999.0 -9999.0 -9999.0 -9999.0 -9999.0 -9999.0 -9999.0 -9999.0 -9999.0 -9999.0 -9999.0
-9999.0 -9999.0 -9999.0 -9999.0 -9999.0 -9999.0 -9999.0 -9999.0 -9999.0 -9999.0 -9999.0 -9999.0 -9999.0 -9999.0 -9999.0 -9999.0 -9999.0 -9999.0 -9999.0 -9999.0 -9999.0 -9999.0 -9999.0 -9999.0 -9999.0 -9999.0 -9999.0 -9999.0 -9999.0 -9999.0 -9999.0 -9999.0 -9999.0 -9999.0 -9999.0 -9999.0 -9999.0 -9999.0 -9999.0 -9999.0 -9999.0 -9999.0 -9999.0 -9999.0 -9999.0 -9999.0 -9999.0 -9999.0 -9999.0 -9999.0 -9999.0 -9999.0 -9999.0 -9999.0 -9999.0
-9999.0 -9999.0 -9999.0 -9999.0 -9999.0 -9999.0 -9999.0 -9999.0 -9999.0 -9999.0 -9999.0 -9999.0 -9999.0 -9999.0 -9999.0 -9999.0 -9999.0 -9999.0 -9999.0 -9999.0 -9999.0 -9999.0 -9999.0 -9999.0 -9999.0 -9999.0 -9999.0 -9999.0 -9999.0 -9999.0 -9999.0 -9999.0 -9999.0 -9999.0 -9999.0 -9999.0 -9999.0 -9999.0 -9999.0 -9999.0 -9999.0 -9999.0 -9999.0 -9999.0 -9999.0 -9999.0 -9999.0 2705.202595 2688.271480 2674.804147 2671.120991 2693.021313 2716.741713 2741.145454 2762.257050
-9999.0 -9999.0 -9999.0 -9999.0 -9999.0 -9999.0 -9999.0 -9999.0 -9999.0 -9999.0 -9999.0 -9999.0 -9999.0 -9999.0 -9999.0 -9999.0 -9999.0 -9999.0 -9999.0 -9999.0 -9999.0 -9999.0 -9999.0 -9999.0 -9999.0 -9999.0 -9999.0 -9999.0 -9999.0 -9999.0 -9999.0 -9999.0 -9999.0 -9999.0 -9999.0 -9999.0 -9999.0 -9999.0 -9999.0 -9999.0 2753.360697 2759.519506 2759.961845 2750.428842 2739.593036 2726.635357 2706.484279 2689.301790 2676.192448 2674.616159 2677.637899 2681.375792 2703.016421 2728.876066 2749.333542
-9999.0 -9999.0 -9999.0 -9999.0 -9999.0 -9999.0 -9999.0 -9999.0 -9999.0 -9999.0 -9999.0 -9999.0 -9999.0 -9999.0 -9999.0 -9999.0 -9999.0 -9999.0 -9999.0 -9999.0 -9999.0 -9999.0 -9999.0 -9999.0 -9999.0 -9999.0 -9999.0 -9999.0 -9999.0 -9999.0 -9999.0 -9999.0 -9999.0 -9999.0 2659.002932 2676.345904 2694.767802 2713.830005 2731.281203 2738.724051 2744.765154 2750.543285 2746.449791 2742.468881 2731.335493 2711.168753 2692.267488 2679.684712 2678.959690 2677.075067 2681.357582 2693.755501 2711.015646 2726.867448 2748.054480
-9999.0 -9999.0 -9999.0 -9999.0 -9999.0 -9999.0 -9999.0 -9999.0 -9999.0 -9999.0 -9999.0 -9999.0 -9999.0 -9999.0 -9999.0 -9999.0 -9999.0 -9999.0 -9999.0 -9999.0 -9999.0 -9999.0 -9999.0 -9999.0 -9999.0 -9999.0 -9999.0 -9999.0 2661.418090 2655.863029 2651.570610 2650.666272 2649.913396 2649.536814 2656.651050 2668.435637 2686.220029 2708.813271 2722.629646 2730.440192 2737.766251 2738.697757 2733.510884 2732.286742 2733.289522 2721.327200 2709.686431 2698.822528 2688.271386 2686.053070 2695.693594 2710.530558 2727.346663 2742.577335 2758.394564
-9999.0 -9999.0 -9999.0 -9999.0 -9999.0 -9999.0 -9999.0 -9999.0 -9999.0 -9999.0 -9999.0 -9999.0 -9999.0 -9999.0 -9999.0 -9999.0 -9999.0 -9999.0 -9999.0 -9999.0 -9999.0 -9999.0 -9999.0 2629.166344 2634.589414 2641.613127 2649.826244 2651.379821 2648.433344 2643.581303 2641.488766 2640.763838 2639.326185 2644.539868 2652.378276 2666.060554 2682.054465 2704.897326 2713.846466 2719.113794 2731.236847 2735.335358 2743.315288 2747.841468 2746.549726 2743.251727 2729.394664 2718.858878 2722.199547 2727.188179 2734.616492 2743.423105 2757.304537 2771.873778 2787.955334
-9999.0 -9999.0 -9999.0 -9999.0 -9999.0 -9999.0 -9999.0 -9999.0 -9999.0 -9999.0 -9999.0 -9999.0 -9999.0 -9999.0 -9999.0 -9999.0 -9999.0 -9999.0 -9999.0 2603.134901 2604.461968 2606.328469 2611.601435 2612.470382 2614.803828 2622.193813 2630.869308 2634.323053 2632.884385 2632.512370 2634.617596 2637.985999 2643.233663 2654.587040 2668.730974 2683.337833 2696.971228 2718.253736 2733.263009 2746.391092 2762.354625 2763.162457 2760.084015 2758.968731 2759.514827 2758.651954 2758.802226 2759.193139 2765.908463 2768.047606 2772.721731 2782.268785 2793.616900 2810.805994 2829.113229
-9999.0 -9999.0 -9999.0 -9999.0 -9999.0 -9999.0 -9999.0 -9999.0 -9999.0 -9999.0 -9999.0 -9999.0 -9999.0 -9999.0 -9999.0 -9999.0 2573.360547 2575.445556 2578.199020 2584.092326 2588.073095 2592.512362 2599.913168 2601.763599 2605.827015 2613.530824 2618.725737 2628.578514 2637.562782 2645.368505 2651.911633 2655.054077 2662.406435 2672.296818 2684.362237 2699.040939 2719.861854 2743.704258 2759.827968 2776.975629 2794.659682 2795.778010 2794.765354 2795.737231 2795.046499 2797.011099 2812.329857 2816.518492 2813.250894 2824.999782 2837.747514 2841.451415 2810.340941 2827.348281 2849.158970
-9999.0 -9999.0 -9999.0 -9999.0 -9999.0 -9999.0 -9999.0 -9999.0 -9999.0 -9999.0 -9999.0 -9999.0 -9999.0 2523.428722 2527.744829 2538.253893 2549.680547 2553.062952 2558.351935 2565.404004 2578.037673 2582.150734 2588.618256 2596.351220 2609.561574 2618.838641 2628.337657 2640.702048 2649.406811 2657.023051 2664.172942 2668.349759 2680.850338 2695.740908 2711.010084 2730.873862 2753.111935 2772.317350 2790.568822 2807.133885 2819.790021 2818.862848 2818.587442 2821.313982 2827.073502 2804.620401 2819.152161 2821.054700 2832.101780 2852.556838 2863.007414 2870.814948 2875.045551 2888.090767 2908.788259
-9999.0 -9999.0 -9999.0 -9999.0 -9999.0 -9999.0 -9999.0 -9999.0 -9999.0 -9999.0 2493.672361 2495.648669 2492.422654 2490.775923 2496.860376 2509.656759 2524.540482 2530.854895 2543.291224 2565.066198 2584.023924 2587.636435 2601.662061 2612.863747 2620.296177 2630.857334 2644.292567 2657.024993 2673.237402 2685.575158 2695.594085 2713.234288 2729.573017 2746.326053 2764.201977 2784.912892 2801.489223 2826.507786 2818.525748 2825.800112 2843.332747 2847.611829 2843.323448 2841.511101 2850.073140 2859.953240 2875.588321 2892.413664 2909.927340 2931.880061 2943.410845 2956.072292 2964.994723 2975.364414 2989.600607
-9999.0 -9999.0 -9999.0 -9999.0 -9999.0 -9999.0 -9999.0 -9999.0 2468.183572 2476.382797 2482.342075 2479.524330 2475.476472 2470.581471 2485.532995 2501.589830 2518.008199 2536.693811 2552.849621 2571.511831 2586.100621 2601.615841 2622.726438 2634.456118 2645.940044 2661.603963 2675.351513 2691.327963 2712.501361 2722.171462 2735.416063 2755.866736 2772.140479 2789.885454 2808.877466 2826.242368 2812.914351 2841.081950 2868.099809 2885.142234 2910.696198 2927.727192 2922.815867 2921.787014 2923.474909 2946.502764 2972.777138 3000.742704 3001.439031 3023.558077 3050.912572 3068.328103 3077.167390 3087.914022 3101.299419
-9999.0 -9999.0 -9999.0 -9999.0 -9999.0 -9999.0 2439.137524 2463.729148 2479.256767 2471.187879 2458.541291 2454.223036 2449.100487 2478.550452 2501.395249 2519.293079 2536.612450 2554.688409 2571.409319 2581.387598 2613.204029 2632.926044 2646.244669 2661.563584 2676.793752 2692.028964 2709.352089 2731.935461 2751.151718 2775.175018 2794.742844 2813.911242 2805.211239 2820.501145 2837.112600 2851.241102 2877.041430 2910.449523 2944.558178 2969.421628 2993.250891 3005.629349 3005.401179 3007.404088 3009.738557 3031.644903 3063.667746 3092.151102 3122.267837 3152.190763 3178.888716 3184.066229 3192.327237 3201.836056 3213.829564
-9999.0 -9999.0 -9999.0 -9999.0 2405.825812 2426.831162 2446.127721 2476.641023 2499.136115 2494.585759 2500.054091 2499.150484 2495.981437 2501.298804 2509.796223 2527.898402 2547.505763 2567.406126 2583.117264 2613.742304 2660.760627 2673.948219 2693.911193 2724.772052 2737.413435 2752.712079 2769.409178 2791.412852 2812.111890 2809.302118 2843.448151 2873.899936 2893.819488 2912.293101 2931.131776 2948.764484 2981.921407 2999.900095 3033.288923 3064.154857 3090.352194 3114.013515 3121.428574 3126.382162 3136.097154 3152.081789 3173.238912 3194.649899 3226.146615 3257.256915 3280.202231 3289.541771 3294.870573 3304.062628 3311.832093
-9999.0 -9999.0 -9999.0 2352.725347 2391.839819 2431.195028 2457.482342 2488.224469 2520.910688 2522.623626 2531.922859 2533.763882 2534.975316 2541.952835 2547.401971 2564.775727 2583.055175 2602.450868 2625.645407 2661.260392 2693.056259 2715.248549 2744.984251 2764.391296 2780.573547 2795.386587 2814.920707 2836.935086 2840.563246 2867.829789 2912.980714 2963.188600 2995.131750 2997.489322 3017.333973 3043.316966 3066.998795 3102.174092 3135.064368 3166.033342 3190.736452 3212.199535 3226.817500 3231.509592 3240.271886 3246.174684 3259.105635 3279.045385 3300.404806 3329.694096 3357.851261 3383.777561 3397.973150 3408.167677 3424.388534
-9999.0 -9999.0 2304.499106 2343.644094 2375.871155 2423.808735 2477.160752 2512.483154 2552.759845 2573.614081 2578.461146 2591.509219 2604.884807 2608.695864 2620.438809 2635.467337 2657.376737 2666.938959 2687.611401 2708.709163 2749.995306 2788.156325 2792.233037 2805.654424 2834.268885 2864.630713 2883.458272 2909.402378 2943.757449 2978.348607 3005.054330 3052.112889 3085.801481 3112.208279 3126.991883 3145.737823 3165.349142 3184.744500 3218.939220 3244.438768 3275.868460 3300.453000 3319.820352 3321.775008 3324.554142 3339.890721 3366.187330 3393.819136 3420.594147 3447.266164 3437.412600 3456.705336 3465.326822 3470.139525 3477.705952
-9999.0 -9999.0 2275.161558 2321.365236 2357.633088 2418.264001 2503.291578 2538.816360 2580.143731 2626.826011 2642.953466 2666.182452 2666.392377 2662.469127 2683.027559 2701.025274 2720.604282 2729.531738 2726.796701 2780.255025 2808.209436 2837.701148 2854.462778 2925.485352 2974.801247 2995.663535 2993.712858 3011.814453 3031.662562 3069.889348 3108.641445 3160.553995 3196.344539 3224.681177 3238.438930 3256.672394 3275.194081 3289.657980 3307.991521 3351.289168 3382.465793 3410.801918 3440.356628 3460.703970 3468.411495 3472.560072 3451.369500 3467.441629 3478.378369 3483.097833 3484.914831 3481.224175 3480.603921 3481.367365 3482.298697
-9999.0 2182.822078 2235.313937 2286.656367 2352.431496 2415.718908 2493.291580 2570.099917 2634.786995 2686.608257 2714.086421 2713.866877 2725.481242 2756.551847 2779.138345 2800.114744 2806.702040 2817.268461 2802.602435 2827.760841 2864.027940 2918.045022 3003.279153 3057.970431 3113.964605 3110.787386 3099.335329 3105.510646 3122.677630 3166.505680 3235.330842 3286.897576 3346.889656 3390.973852 3406.341665 3412.718254 3430.145257 3449.748145 3409.317125 3445.602482 3462.119353 3475.944685 3482.962661 3484.870334 3485.936484 3485.739940 3482.156564 3475.314089 3467.266929 3461.519562 3457.353488 3452.851684 3455.280452 3458.592301 3458.966501
-9999.0 2145.192954 2203.199748 2272.556324 2341.159028 2394.145583 2482.829270 2643.460090 2704.525577 2743.416839 2754.983554 2745.035862 2808.977971 2853.376461 2878.972035 2923.394837 2910.799929 2897.173127 2866.999638 2892.273198 2932.477193 2986.421552 3144.151218 3225.346833 3268.544116 3276.445669 3278.211244 3304.946297 3345.686456 3387.818097 3428.284372 3405.342952 3447.057382 3467.399121 3471.659485 3472.258630 3476.835947 3475.608889 3473.856565 3469.553193 3464.497617 3464.642106 3469.050625 3468.872644 3465.975403 3462.705689 3457.075903 3449.650694 3444.386744 3439.771214 3437.095658 3434.223297 3432.381435 3431.885307 3427.248815
-9999.0 2107.561297 2181.518053 2241.300026 2292.559717 2390.090919 2519.489592 2662.187374 2758.620886 2794.766628 2785.811685 2815.924079 2915.635717 3007.678315 3057.292552 3078.053977 3063.541899 3022.005815 3007.443327 3049.628827 3116.385925 3220.948985 3343.607703 3433.674139 3447.350406 3450.197364 3409.908559 3431.596241 3451.695391 3454.035087 3454.968637 3461.406629 3466.367384 3469.166998 3467.646476 3464.767255 3460.003644 3451.908103 3447.078827 3443.498585 3439.798326 3438.797601 3440.920640 3442.550056 3439.809887 3435.951307 3431.488116 3425.910175 3419.739233 3413.055144 3408.869173 3404.722892 3402.638448 3397.363029 3393.738329
-9999.0 1990.131944 2084.587244 2128.895141 2213.641067 2398.762499 2527.724394 2671.089269 2821.476711 2845.764944 2897.806329 3022.370073 3134.601903 3208.182015 3238.016245 3271.741655 3295.823194 3312.351841 3346.958656 3248.317685 3320.192876 3403.687245 3441.398390 3457.743701 3464.842970 3465.160318 3455.691782 3435.287287 3424.636102 3417.890037 3419.495785 3426.722879 3431.551761 3436.462658 3434.200403 3435.103698 3435.898933 3432.606343 3428.727274 3420.171081 3412.405577 3405.961835 3403.075032 3407.893736 3403.209687 3400.681686 3394.613743 3386.434498 3378.591991 3371.294087 3363.505917 3357.009855 3354.739457 3349.712324 3348.565102
-9999.0 1909.253924 1982.904967 2050.002769 2167.610375 2331.688049 2436.295740 2596.645791 2819.193083 2947.357236 3092.662121 3175.374957 3242.375733 3287.089364 3338.517931 3386.476094 3411.109084 3421.047260 3394.842783 3412.750472 3372.756112 3362.052228 3378.086351 3405.730001 3421.361458 3425.176429 3417.095363 3407.539527 3400.307772 3399.185312 3397.219855 3393.783447 3390.246889 3387.000726 3383.860254 3386.543786 3391.630500 3384.854544 3375.933433 3366.913442 3358.723091 3349.776552 3343.976022 3339.676943 3339.709331 3339.909059 3332.424135 3322.103661 3311.524464 3303.407459 3296.235841 3291.600817 3289.100350 3284.314908 3275.624829
-9999.0 1794.422849 1924.408235 2005.075869 2106.172473 2237.033091 2346.774333 2501.653819 2636.926435 2862.976335 2999.852008 3166.387617 3209.727983 3274.238286 3322.922724 3391.848452 3388.385868 3357.235649 3316.229867 3299.695339 3308.511773 3316.872275 3325.640313 3340.802813 3357.909639 3367.580206 3371.638022 3365.150693 3351.077815 3339.396149 3329.395449 3316.713207 3307.911945 3305.753550 3308.927816 3318.160215 3319.110261 3309.911693 3296.251651 3278.999719 3263.904781 3252.488009 3250.306311 3252.758834 3253.643382 3249.807947 3243.890276 3233.413742 3221.045882 3209.015162 3203.092326 3198.676319 3191.627869 3181.304777 3174.719624
-9999.0 -9999.0 1841.135416 1950.125333 2046.921239 2160.542383 2256.029417 2380.200655 2523.087986 2697.463284 2801.545069 2966.282921 3046.866000 3088.484479 3125.070369 3176.619134 3198.811626 3225.808296 3215.683705 3224.507993 3232.654996 3237.341258 3243.012647 3249.611720 3260.317082 3269.814768 3279.141052 3276.399590 3267.468867 3247.856692 3223.663557 3204.894523 3194.867693 3186.249002 3197.595997 3209.792501 3204.975873 3198.205613 3186.172080 3174.979857 3162.614918 3148.617221 3145.142988 3145.210851 3145.736375 3143.373590 3140.550094 3129.354900 3117.174208 3106.978593 3102.746845 3097.172718 3093.310672 3083.511880 3073.256838
-9999.0 -9999.0 1753.648297 1858.692319 1963.586667 2082.048633 2169.754266 2198.862800 2338.977082 2445.971047 2553.027891 2662.014622 2755.453250 2806.596513 2841.019906 2902.315962 2954.382025 2971.776059 2994.226691 3038.636581 3069.761601 3105.321802 3126.433202 3135.272246 3147.689718 3161.530983 3169.123662 3154.801386 3143.661732 3126.888511 3105.257969 3079.732122 3066.724778 3065.507323 3065.400585 3067.874732 3060.827844 3051.849671 3037.630774 3023.817699 3011.598593 3002.192443 2998.563474 2993.631879 2991.659947 2989.035491 2988.278017 3000.356693 2991.976018 2986.622569 2978.393054 2974.050238 2972.612990 2968.602225 2962.031399
