tests/Borden05m/sims/sim_1/output-maps/psiliqL0018N0003.asc
ncols         160
nrows         34
xllcorner     620200.000000
yllcorner     5168000.000000
cellsize      0.500000
NODATA_value  -9999.0
[rows 0 to 24 of 34, columns 0 to 54 of 160]
-9999.0 -9999.0 -9999.0 -9999.0 -9999.0 -9999.0 -9999.0 -9999.0 -9999.0 -9999.0 -9999.0 -9999.0 -9999.0 -9999.0 -9999.0 -9999.0 -9999.0 -9999.0 -9999.0 -9999.0 -9999.0 -9999.0 -9999.0 -9999.0 -9999.0 -9999.0 -9999.0 -9999.0 -9999.0 -9999.0 -9999.0 -9999.0 -9999.0 -9999.0 -9999.0 -9999.0 -9999.0 -9999.0 -9999.0 -9999.0 -9999.0 -9999.0 -9999.0 -9999.0 -9999.0 -9999.0 -9999.0 -9999.0 -9999.0 -9999.0 -9999.0 -9999.0 -9999.0 -9999.0 -9999.0
-9999.0 -9999.0 -9999.0 -9999.0 -9999.0 -9999.0 -9999.0 -9999.0 -9999.0 -9999.0 -9999.0 -9999.0 -9999.0 -9999.0 -9999.0 -9999.0 -9999.0 -9999.0 -9999.0 -9999.0 -9999.0 -9999.0 -9999.0 -9999.0 -9999.0 -9999.0 -9999.0 -9999.0 -9999.0 -9999.0 -9999.0 -9999.0 -9999.0 -9999.0 -9999.0 -9999.0 -9999.0 -9999.0 -9999.0 -9999.0 -9999.0 -9999.0 -9999.0 -9999.0 -9999.0 -9999.0 -9999.0 -9999.0 -9999.0 -9999.0 -9999.0 -9999.0 -9999.0 -9999.0 -9999.0
-9999.0 -9999.0 -9999.0 -9999.0 -9999.0 -9999.0 -9999.0 -9999.0 -9999.0 -9999.0 -9999.0 -9999.0 -9999.0 -9999.0 -9999.0 -9999.0 -9999.0 -9999.0 -9999.0 -9999.0 -9999.0 -9999.0 -9999.0 -9999.0 -9999.0 -9999.0 -9999.0 -9999.0 -9999.0 -9999.0 -9999.0 -9999.0 -9999.0 -9999.0 -9999.0 -9999.0 -9999.0 -9999.0 -9999.0 -9999.0 -9999.0 -9999.0 -9999.0 -9999.0 -9999.0 -9999.0 -9999.0 1692.345859 1675.222276 1660.619048 1657.578028 1679.702931 1703.156950 1727.146157 1747.882968
-9999.0 -9999.0 -9999.0 -9999.0 -9999.0 -9999.0 -9999.0 -9999.0 -9999.0 -9999.0 -9999.0 -9999.0 -9999.0 -9999.0 -9999.0 -9999.0 -9999.0 -9999.0 -9999.0 -9999.0 -9999.0 -9999.0 -9999.0 -9999.0 -9999.0 -9999.0 -9999.0 -9999.0 -9999.0 -9999.0 -9999.0 -9999.0 -9999.0 -9999.0 -9999.0 -9999.0 -9999.0 -9999.0 -9999.0 -9999.0 1740.305449 1746.327291 1747.143961 1737.137783 1726.128239 1713.569127 1693.522366 1676.083427 1662.110543 1660.054324 1662.868058 1667.219312 1689.239267 1714.397268 1734.360096
-9999.0 -9999.0 -9999.0 -9999.0 -9999.0 -9999.0 -9999.0 -9999.0 -9999.0 -9999.0 -9999.0 -9999.0 -9999.0 -9999.0 -9999.0 -9999.0 -9999.0 -9999.0 -9999.0 -9999.0 -9999.0 -9999.0 -9999.0 -9999.0 -9999.0 -9999.0 -9999.0 -9999.0 -9999.0 -9999.0 -9999.0 -9999.0 -9999.0 -9999.0 1647.467428 1664.784312 1682.942079 1701.576793 1718.580544 1725.621361 1731.524453 1737.266846 1733.170128 1728.874455 1717.671026 1698.076340 1678.915308 1665.752964 1664.351491 1662.189119 1666.468246 1679.057478 1696.014767 1711.959670 1732.937811
-9999.0 -9999.0 -9999.0 -9999.0 -9999.0 -9999.0 -9999.0 -9999.0 -9999.0 -9999.0 -9999.0 -9999.0 -9999.0 -9999.0 -9999.0 -9999.0 -9999.0 -9999.0 -9999.0 -9999.0 -9999.0 -9999.0 -9999.0 -9999.0 -9999.0 -9999.0 -9999.0 -9999.0 1651.705633 1645.898231 1641.120412 1639.800889 1638.643300 1637.761546 1644.601418 1656.417386 1674.224944 1696.261774 1709.572669 1717.037759 1723.997772 1724.837664 1719.760578 1718.188867 1718.908554 1707.085221 1695.498022 1684.669676 1674.179410 1672.334332 1681.939060 1696.393491 1712.876410 1727.873990 1743.453494
-9999.0 -9999.0 -9999.0 -9999.0 -9999.0 -9999.0 -9999.0 -9999.0 -9999.0 -9999.0 -9999.0 -9999.0 -9999.0 -9999.0 -9999.0 -9999.0 -9999.0 -9999.0 -9999.0 -9999.0 -9999.0 -9999.0 -9999.0 1621.490350 1627.035216 1633.704840 1641.409847 1642.498246 1638.815691 1633.462421 1630.772784 1629.530980 1627.828450 1632.534132 1640.367682 1653.877482 1669.678420 1691.930040 1700.634778 1706.293111 1718.464754 1721.882281 1728.738008 1733.102565 1731.685376 1728.714195 1715.646470 1705.828299 1710.102250 1715.578665 1722.698431 1731.100464 1744.796104 1759.780658 1776.547648
-9999.0 -9999.0 -9999.0 -9999.0 -9999.0 -9999.0 -9999.0 -9999.0 -9999.0 -9999.0 -9999.0 -9999.0 -9999.0 -9999.0 -9999.0 -9999.0 -9999.0 -9999.0 -9999.0 1596.411217 1597.483644 1598.934891 1603.830293 1604.571934 1606.716642 1613.793454 1622.076206 1624.824384 1623.102444 1622.048530 1623.728048 1626.625395 1631.279148 1642.476769 1656.327215 1670.605556 1684.279882 1705.291734 1720.140797 1733.507806 1749.513964 1749.594073 1746.113436 1744.749891 1745.439291 1745.382940 1747.812072 1749.571561 1756.134709 1759.732318 1765.385798 1774.965433 1786.939479 1804.813303 1824.030181
-9999.0 -9999.0 -9999.0 -9999.0 -9999.0 -9999.0 -9999.0 -9999.0 -9999.0 -9999.0 -9999.0 -9999.0 -9999.0 -9999.0 -9999.0 -9999.0 1567.391992 1569.331010 1571.751274 1577.304907 1580.635914 1584.792023 1591.926596 1593.436888 1597.264359 1604.568496 1609.491541 1618.654135 1627.001696 1634.414938 1640.521290 1643.295085 1650.586411 1660.226761 1672.090173 1687.001562 1708.132531 1731.545511 1747.806894 1764.833509 1782.270488 1783.247607 1782.383736 1783.681849 1783.961364 1789.048763 1805.855347 1811.146384 1810.543950 1825.045988 1838.655438 1843.392465 1851.271955 1870.924093 1894.347957
-9999.0 -9999.0 -9999.0 -9999.0 -9999.0 -9999.0 -9999.0 -9999.0 -9999.0 -9999.0 -9999.0 -9999.0 -9999.0 1519.669388 1523.895277 1533.868189 1544.046863 1546.940117 1551.655073 1558.128240 1570.504147 1574.341060 1580.691315 1588.337358 1600.681761 1609.501649 1618.719347 1630.678603 1639.099911 1646.376503 1653.333866 1658.200745 1671.010318 1685.986812 1701.436947 1721.449024 1743.589839 1763.633546 1783.600993 1799.930623 1813.360078 1814.296910 1813.936328 1816.839354 1824.169980 1840.608152 1859.282718 1866.102905 1882.056351 1904.813160 1917.787677 1928.609532 1937.033545 1951.115610 1972.859671
-9999.0 -9999.0 -9999.0 -9999.0 -9999.0 -9999.0 -9999.0 -9999.0 -9999.0 -9999.0 1488.136110 1490.325633 1487.015242 1486.181729 1491.723082 1504.142216 1518.363180 1524.837036 1536.793858 1558.090718 1576.397893 1580.000006 1594.400525 1604.863661 1611.839893 1622.320211 1635.519224 1648.212497 1664.675256 1677.014521 1687.847434 1706.496061 1722.919476 1739.551340 1757.390469 1777.960250 1796.893940 1824.175735 1850.965711 1863.028979 1884.168719 1893.258872 1890.893548 1891.340036 1901.346794 1916.794114 1936.928431 1958.806629 1980.450962 2005.655085 2021.729486 2036.459568 2047.523068 2060.120251 2076.675807
-9999.0 -9999.0 -9999.0 -9999.0 -9999.0 -9999.0 -9999.0 -9999.0 1463.222751 1470.927084 1476.999267 1474.120436 1469.861656 1465.577817 1479.861849 1495.835937 1512.088594 1530.197067 1546.324743 1564.798368 1579.911048 1595.937220 1616.127582 1627.802430 1639.384455 1654.844454 1668.537096 1685.156648 1706.377714 1717.845209 1733.107251 1754.166592 1772.231116 1790.310366 1809.342572 1827.523757 1852.644683 1885.685876 1917.326884 1938.770018 1966.862584 1989.019120 1988.039306 1990.603187 1995.460690 2021.611509 2051.231367 2082.643705 2107.570506 2135.141433 2165.425877 2184.796270 2196.185530 2209.487931 2225.493817
-9999.0 -9999.0 -9999.0 -9999.0 -9999.0 -9999.0 1435.404483 1459.779112 1474.999231 1467.042809 1456.026901 1452.146604 1447.717256 1473.701566 1496.110707 1513.733360 1530.931542 1548.881515 1565.674063 1577.626448 1610.436487 1629.065677 1643.031969 1660.014151 1674.944767 1689.880149 1707.327115 1730.408942 1751.272768 1778.977656 1802.308398 1824.524006 1850.613564 1870.327472 1889.364381 1907.071060 1938.023632 1975.334269 2012.266819 2040.853436 2068.455820 2100.935098 2107.621704 2113.988620 2121.289183 2144.778648 2178.626824 2210.408887 2245.390570 2278.755678 2307.583748 2320.988302 2332.443324 2344.624452 2359.034102
-9999.0 -9999.0 -9999.0 -9999.0 1402.169203 1423.093787 1442.781419 1473.366434 1495.890949 1491.106511 1497.341003 1497.147228 1494.899777 1499.502654 1507.311192 1525.601657 1544.823427 1564.349532 1581.579408 1614.614748 1659.924793 1674.583660 1697.235212 1728.935517 1742.394518 1757.864859 1774.458838 1797.253289 1822.067099 1854.214355 1895.596326 1930.996220 1956.283402 1979.088556 2000.771251 2022.385629 2057.831960 2096.645762 2134.601859 2169.535889 2200.163805 2227.882918 2240.775162 2249.897977 2263.292605 2281.891266 2305.643282 2335.392660 2369.319189 2403.119034 2429.179413 2442.823210 2451.219552 2462.664187 2473.292696
-9999.0 -9999.0 -9999.0 1351.306516 1390.139178 1428.541328 1455.212420 1486.020912 1518.370792 1521.874592 1531.086547 1534.939226 1538.543967 1546.729963 1554.318829 1571.840156 1589.185920 1606.834309 1629.298962 1665.628539 1699.429787 1726.233326 1757.551538 1781.844319 1801.037516 1816.807736 1836.049712 1859.590438 1899.012875 1934.898472 1984.475734 2037.599209 2074.062003 2098.516206 2122.343947 2151.192236 2177.794425 2216.439684 2252.982825 2287.848635 2321.617748 2347.835640 2367.422756 2376.377442 2388.097000 2398.006226 2415.163530 2438.344720 2462.142505 2493.094129 2523.232702 2551.479061 2567.212293 2578.496867 2595.558541
-9999.0 -9999.0 1303.732317 1342.068458 1375.367926 1424.581916 1477.612218 1512.328166 1552.959085 1575.650675 1581.816531 1597.539054 1612.648994 1618.846075 1633.236421 1649.913420 1669.651536 1677.864098 1696.474048 1723.356326 1770.021436 1812.711758 1827.375325 1875.508902 1908.820804 1938.845530 1958.600166 1986.198375 2023.144531 2063.356460 2111.695199 2162.668782 2201.300022 2233.222483 2251.519220 2273.084626 2297.037635 2324.264393 2361.212554 2391.304915 2425.397101 2453.327107 2476.441387 2483.594612 2489.972076 2507.743800 2535.085703 2565.088863 2592.586709 2619.123200 2618.833516 2635.364286 2643.486211 2648.455546 2655.174386
-9999.0 -9999.0 1275.939822 1321.338350 1359.941811 1423.921787 1505.664102 1542.110486 1584.414815 1630.538093 1648.353647 1672.649490 1680.357605 1685.144627 1708.025130 1729.248525 1745.015612 1753.130558 1752.315882 1807.629365 1864.995588 1908.857088 1945.274707 2015.930211 2064.558973 2084.988422 2100.453937 2122.405698 2146.845965 2189.590952 2235.821057 2290.359633 2335.339165 2367.839764 2385.645340 2406.440454 2428.450717 2447.600624 2468.942740 2512.400068 2545.219749 2574.574581 2604.610293 2626.821035 2636.812585 2642.494299 2629.616597 2644.042292 2654.286688 2659.669470 2662.591306 2660.516488 2660.982239 2662.515975 2664.045559
-9999.0 1185.691966 1237.950219 1290.332192 1357.880711 1423.406046 1504.183335 1582.752233 1642.602646 1691.706130 1720.474839 1728.330106 1755.692496 1794.574179 1820.208228 1845.579393 1851.021715 1859.158232 1848.287334 1899.131568 1946.189100 2014.354455 2121.843698 2180.414099 2232.210396 2234.965112 2230.515638 2242.692709 2265.654799 2311.094035 2383.077480 2434.535405 2493.052095 2538.696909 2556.760299 2565.938393 2585.731198 2607.709884 2586.144845 2616.591464 2632.145082 2645.213040 2651.677251 2655.406463 2658.324504 2660.163405 2658.587737 2653.755531 2647.422942 2643.130682 2640.157839 2636.516094 2639.504968 2643.065746 2643.683971
-9999.0 1149.330297 1208.162029 1278.705712 1348.643030 1410.406240 1507.728389 1657.384995 1713.827401 1751.909449 1770.831912 1781.379974 1854.914269 1921.094151 1954.796589 2001.595684 1995.843586 1986.437697 1968.438562 2000.577602 2048.252412 2122.622316 2273.957656 2361.684886 2399.434596 2412.674175 2420.693013 2449.774944 2490.275750 2532.360336 2570.903634 2563.944785 2598.954714 2617.955073 2624.789964 2628.638962 2635.171161 2637.306800 2637.971746 2636.572204 2634.202119 2636.541661 2642.577136 2644.053233 2642.747611 2640.971983 2636.621636 2630.193879 2625.639363 2621.730460 2619.551229 2616.923116 2615.276849 2614.829263 2609.824528
-9999.0 1116.446065 1188.705866 1250.647992 1310.039351 1417.562201 1544.615187 1682.423301 1776.391050 1813.739401 1825.266633 1886.472151 1989.748996 2091.270203 2146.212247 2173.677016 2172.578584 2146.954996 2146.139687 2192.218692 2260.128314 2361.488251 2468.547031 2555.319282 2573.068481 2580.342451 2555.421362 2575.150757 2593.438725 2598.868749 2602.896948 2610.184123 2617.918988 2623.385199 2624.681208 2624.409035 2622.175246 2616.535219 2613.788892 2612.377756 2610.633278 2611.499266 2615.167548 2617.572472 2615.830365 2612.705488 2608.743821 2603.409208 2597.255702 2590.710450 2586.675486 2582.442072 2579.868700 2574.063427 2568.833374
-9999.0 1009.790883 1100.491262 1151.149536 1253.817403 1432.079120 1559.323173 1706.263544 1857.697767 1892.173152 1960.098631 2087.466773 2199.519953 2279.072479 2320.294396 2363.462044 2394.682442 2419.110735 2457.043943 2395.819510 2461.206700 2533.018183 2567.222214 2585.555992 2593.957006 2598.847281 2593.936886 2577.484071 2569.835466 2565.669328 2569.520296 2578.705416 2585.723758 2592.744678 2592.421335 2594.898330 2596.957213 2595.134758 2592.654419 2585.694025 2579.310203 2574.328566 2572.848995 2578.396719 2573.928092 2571.160517 2565.092909 2556.644567 2546.858817 2538.901738 2530.755853 2523.538032 2520.054616 2513.414522 2510.254616
-9999.0 928.908218 1004.432039 1084.871050 1214.760202 1378.714289 1498.188137 1662.422548 1879.738005 2002.170999 2139.108496 2219.349185 2295.643210 2355.347524 2418.140470 2471.001645 2500.458868 2514.658945 2501.889002 2519.148170 2487.584729 2483.361787 2505.158608 2536.203698 2554.326378 2561.787443 2556.677831 2549.163017 2544.058958 2544.550408 2544.194642 2542.874902 2541.337658 2539.724399 2537.701555 2541.080223 2546.933640 2541.484199 2532.680257 2524.868041 2517.883487 2509.907808 2504.623627 2500.886930 2500.059672 2499.584374 2491.577625 2480.715611 2469.783318 2461.054943 2452.865922 2446.739661 2442.909162 2436.253500 2425.535764
-9999.0 823.966248 948.592368 1037.301094 1150.885262 1285.274186 1404.973326 1565.006311 1708.188730 1935.192357 2089.219187 2223.549776 2271.767316 2337.896016 2397.632179 2470.965033 2477.127692 2451.566388 2419.812076 2408.405680 2419.140018 2431.931257 2446.777248 2467.787118 2488.203562 2500.617584 2505.884722 2500.636394 2488.061560 2478.346985 2470.469973 2459.584909 2451.973713 2450.694973 2452.981799 2461.594863 2463.928197 2455.648692 2443.374529 2427.242403 2413.204439 2402.541135 2399.973077 2401.514310 2401.347676 2396.862143 2389.500766 2378.026939 2364.730429 2351.967137 2344.224103 2338.081492 2329.671611 2317.477534 2303.522892
-9999.0 -9999.0 870.137426 980.375462 1084.093037 1203.299052 1310.805416 1446.550612 1593.850724 1772.379767 1890.644911 2037.538965 2119.860744 2168.723516 2217.028180 2275.578917 2300.063967 2326.658104 2317.214600 2327.135094 2337.812877 2346.526530 2357.609882 2370.031662 2384.864499 2396.902364 2407.044522 2405.858818 2397.459043 2379.347136 2357.117786 2339.868294 2330.276828 2322.538405 2332.761031 2344.647744 2341.260218 2335.050482 2323.412573 2307.584105 2294.916928 2281.144807 2277.291470 2276.988968 2276.485698 2272.804677 2267.804470 2253.925141 2240.174114 2227.972807 2221.931859 2214.891065 2208.857381 2197.008257 2184.201591
-9999.0 -9999.0 784.571155 891.891052 1002.685551 1124.169084 1219.562244 1276.564559 1424.023896 1536.624746 1642.519237 1745.837280 1834.234132 1901.246931 1943.945839 2007.401268 2055.382774 2074.686348 2103.634627 2143.322149 2174.022899 2207.597396 2229.683197 2243.728697 2259.309394 2274.638498 2284.128739 2272.147665 2261.413288 2244.556126 2222.248982 2197.625088 2184.789008 2181.954313 2183.022098 2186.972123 2180.889024 2171.941893 2158.123610 2143.622575 2131.187272 2120.685054 2116.494749 2111.877846 2109.465990 2105.676645 2101.860251 2093.193176 2081.957269 2074.428166 2065.314834 2059.197548 2055.912674 2049.397862 2040.270206
