tests/Borden05m/sims/sim_1/output-maps/psiliqL0026N0002.asc
ncols         160
nrows         34
xllcorner     620200.000000
yllcorner     5168000.000000
cellsize      0.500000
NODATA_value  -9999.0
[rows 0 to 24 of 34, columns 55 to 109 of 160]
-9999.0 -9999.0 -9999.0 -9999.0 -9999.0 -9999.0 -9999.0 -9999.0 -9999.0 -9999.0 -9999.0 -9999.0 -9999.0 -9999.0 -9999.0 -9999.0 -9999.0 -9999.0 -9999.0 -9999.0 -9999.0 -9999.0 -9999.0 -9999.0 -9999.0 -9999.0 -9999.0 -9999.0 -9999.0 -9999.0 -9999.0 -9999.0 -9999.0 -9999.0 -9999.0 -9999.0 -9999.0 -9999.0 -9999.0 -9999.0 -9999.0 -9999.0 -9999.0 -9999.0 -9999.0 -9999.0 -9999.0 -9999.0 -9999.0 -9999.0 -9999.0 -9999.0 -9999.0 -9999.0 -9999.0
-9999.0 -9999.0 -9999.0 -9999.0 3398.178397 3392.871036 3388.088955 3383.555107 3375.011119 3365.670481 3357.779386 3353.560410 3352.356799 3351.473125 3350.792224 3355.597694 3363.589852 3371.138517 3377.951096 3380.304353 3382.591629 3384.387732 3384.565303 3383.374367 3380.086837 3376.692037 3373.259822 3371.522096 3364.142907 3352.998636 3344.676904 3341.977166 3346.142047 3350.474970 3352.930946 3358.102564 3368.479994 3379.076491 3387.660642 3400.232736 3407.260457 3412.622171 3415.232011 3411.273604 3408.037085 3404.097211 3397.981488 3386.902075 -9999.0 -9999.0 -9999.0 -9999.0 -9999.0 -9999.0 -9999.0
3343.057948 3361.397265 3382.303756 3385.382727 3373.680407 3368.581706 3365.411294 3363.705465 3359.414526 3350.872538 3345.699294 3340.155575 3337.438246 3337.368424 3337.170065 3340.749196 3351.425314 3359.135068 3363.612720 3366.171029 3368.940544 3367.292039 3366.440368 3366.146339 3363.182521 3359.637874 3356.201448 3354.299685 3355.720945 3348.097228 3342.075400 3338.156310 3335.181854 3337.912819 3340.601093 3345.187343 3354.350941 3362.255199 3370.235079 3385.426334 3398.630265 3404.354089 3401.847763 3397.306777 3393.540913 3386.175190 3375.461963 3365.508387 3357.429749 3351.388724 3346.104138 3339.764182 3346.268368 3354.225819 3363.620918
3326.217691 3345.294246 3365.646034 3368.138798 3357.830129 3350.058333 3343.158293 3343.611839 3347.039491 3343.731397 3338.828170 3330.939662 3340.863697 3341.756546 3342.345314 3345.418249 3347.182984 3352.203937 3354.519938 3359.754753 3368.631731 3371.346538 3371.689115 3371.644250 3369.574795 3366.239507 3364.200001 3361.332573 3355.991926 3354.138839 3353.739305 3352.413354 3356.470620 3357.980304 3360.893606 3355.416668 3359.854329 3366.122235 3373.110231 3378.651199 3384.824700 3387.391168 3384.155679 3384.818220 3376.557474 3362.999498 3353.244628 3345.884083 3346.217184 3343.366338 3335.546913 3321.933922 3330.355619 3346.577393 3351.462586
3330.345675 3339.133638 3349.561984 3351.954481 3346.832493 3348.958743 3350.648811 3351.748987 3349.779328 3346.120877 3341.608738 3351.880453 3360.031866 3361.272920 3363.561698 3367.379584 3368.116303 3357.155902 3355.021918 3362.176797 3371.713470 3376.748381 3376.819283 3376.345008 3372.558307 3371.303384 3371.009517 3369.133374 3368.536686 3370.016379 3367.512169 3370.397580 3375.831663 3379.133408 3373.934040 3365.549256 3367.823777 3376.305885 3385.461012 3393.082139 3403.282884 3414.103120 3414.454532 3410.031958 3401.635342 3389.311292 3366.992546 3349.618913 3338.778823 3330.906456 3323.767531 3326.889363 3322.315583 3336.271665 3338.187557
3315.642963 3336.191221 3356.069677 3361.777969 3355.657100 3351.815763 3350.467670 3350.973680 3349.864826 3350.164629 3358.700990 3370.302575 3381.319843 3383.143442 3384.805201 3383.393320 3375.780288 3365.384590 3362.626055 3375.760940 3392.365442 3400.107441 3399.503093 3395.060214 3398.053686 3398.112257 3398.567782 3395.169224 3395.829017 3393.345021 3398.691004 3406.327423 3414.266804 3412.902770 3400.527067 3388.213324 3388.179051 3393.680477 3400.677731 3408.297459 3418.487619 3427.657885 3422.941509 3417.910546 3410.690955 3385.252725 3362.810075 3348.699806 3349.196588 3350.120797 3345.855956 3344.001873 3343.275727 3339.351937 3339.726191
3351.189725 3370.202846 3390.228942 3403.002149 3396.700813 3389.121595 3380.582399 3380.646995 3380.891343 3386.553074 3396.727817 3409.256986 3430.756037 3430.045274 3430.340054 3428.896492 3415.913895 3402.643256 3392.626952 3414.624016 3425.579614 3432.640462 3429.961213 3434.965075 3443.522924 3439.907139 3433.592240 3421.499871 3427.056588 3433.467356 3448.563888 3456.468878 3461.734739 3457.153002 3443.274467 3436.529477 3438.087162 3444.590605 3445.826061 3454.527447 3463.329112 3478.302074 3477.057085 3473.877645 3454.151516 3417.323221 3388.214438 3375.810976 3387.368176 3381.879929 3375.643326 3375.709541 3364.841967 3357.833916 3360.557380
3382.826611 3396.082466 3412.130467 3428.498931 3419.495243 3409.238692 3392.645656 3389.401870 3393.436240 3403.454555 3420.797156 3438.593219 3458.348792 3456.900272 3450.224596 3459.778409 3452.745935 3441.870789 3434.321650 3455.685940 3465.719457 3475.879894 3481.540840 3494.125043 3504.507208 3487.967873 3470.892162 3460.466320 3467.459990 3493.010924 3515.383487 3520.167355 3519.227921 3518.660229 3503.371628 3498.554065 3495.170236 3495.543368 3492.952129 3491.122443 3516.488283 3538.074467 3537.927973 3516.501963 3493.893034 3454.446943 3416.851825 3392.683600 3405.800606 3402.600536 3406.046743 3396.112219 3384.566256 3377.582120 3375.250192
3432.560745 3453.987959 3470.248429 3491.966562 3482.781902 3459.650159 3443.563187 3446.050952 3459.478086 3467.432059 3485.782590 3502.776345 3528.487022 3540.509739 3551.662535 3555.560679 3548.470300 3539.906188 3527.880130 3533.111417 3556.980168 3568.583118 3576.879642 3585.245692 3597.863345 3598.211866 3591.280251 3589.427178 3593.784043 3607.257598 3621.711824 3628.450719 3631.502656 3634.113648 3620.894357 3608.003577 3606.010311 3600.576335 3599.369630 3598.622212 3610.127751 3630.725026 3627.568313 3591.110961 3564.360315 3529.413616 3491.142636 3461.925947 3455.917147 3475.075554 3473.068098 3457.016986 3446.706606 3420.930771 3415.984459
3501.622473 3534.458555 3558.714037 3568.866901 3576.217015 3561.366621 3559.213518 3563.316740 3571.635373 3574.699297 3581.069736 3613.406973 3647.141464 3672.086158 3694.806362 3701.943793 3689.606530 3679.812978 3666.271872 3657.462397 3668.528544 3685.800498 3703.464369 3718.375897 3729.699791 3731.766765 3730.180727 3730.234755 3733.352020 3736.351279 3740.674675 3749.173838 3756.828408 3765.483390 3773.493035 3763.024638 3746.039023 3736.802947 3727.834432 3727.094514 3728.530902 3732.453535 3733.568271 3716.791123 3674.713849 3643.099521 3611.018081 3591.543037 3578.445939 3578.388946 3560.291140 3536.043406 3484.740523 3447.581407 3416.467249
3587.256402 3631.376451 3660.609167 3677.677570 3690.331989 3687.237551 3689.050531 3690.032138 3693.715412 3696.021863 3698.667315 3725.544696 3767.271894 3806.764946 3838.093020 3837.884420 3824.037180 3812.665918 3803.564054 3789.093174 3785.137475 3797.892319 3813.430204 3833.852562 3844.283694 3850.312009 3846.949225 3847.167830 3849.010079 3851.369190 3853.528802 3857.221051 3866.966045 3882.167153 3896.790942 3895.881264 3876.753574 3858.742899 3842.734440 3840.369073 3838.004914 3833.098713 3835.511867 3837.433157 3821.343852 3789.856550 3749.873132 3709.470950 3692.920323 3677.901083 3667.062703 3650.127466 3609.346214 3542.482017 3503.002658
3702.537139 3736.934374 3766.040960 3796.392039 3811.185990 3813.292982 3810.664066 3809.410963 3816.435279 3819.076764 3824.618587 3841.220954 3873.752444 3909.572554 3939.476625 3954.872925 3946.925513 3928.739669 3906.307930 3896.297828 3893.316062 3897.008145 3906.670688 3919.770948 3939.512181 3959.138337 3964.946679 3965.840133 3963.143919 3965.593647 3967.186607 3967.310095 3970.327736 3979.030076 3989.068308 3992.489227 3984.551068 3963.203761 3939.500005 3928.209163 3921.762597 3918.374899 3919.485403 3924.788279 3928.144462 3913.155701 3877.128820 3832.254321 3802.300905 3787.298448 3774.554035 3760.423708 3747.879565 3714.470627 3693.340209
3811.962990 3827.355371 3855.827452 3884.838805 3907.502092 3922.182462 3922.444319 3925.380951 3930.173522 3937.420884 3952.518201 3976.145626 3995.553641 4018.593994 4045.584307 4062.118380 4067.369647 4065.584841 4061.345429 4062.508685 4062.877097 3997.311218 4003.821845 4010.315369 4028.157693 4044.119050 4049.918538 4050.584130 4047.928548 4049.820806 4050.619589 4050.497164 4050.122575 4052.617981 4057.916963 4059.942216 4057.438497 4044.354523 4063.704740 4043.417605 4029.808355 4021.518957 4013.206615 4004.939044 3995.477437 3985.521394 3965.144483 3933.905903 3899.337844 3878.041248 3870.231137 3864.084977 3855.443306 3849.666746 3832.475548
3910.838161 3921.429094 3939.867790 3962.860939 3997.351444 4021.148995 4032.662659 4042.063773 4046.755317 4060.856222 4077.785686 4060.968779 4069.667836 4078.669756 4087.614106 4090.685674 4091.565134 4091.159329 4088.750530 4087.939316 4085.458511 4082.062332 4071.514912 4073.133573 4075.116668 4077.748541 4081.501420 4080.411507 4081.537288 4084.496912 4082.714423 4076.621741 4072.502909 4070.926350 4071.966132 4079.432344 4082.952489 4083.924967 4080.374848 4079.418924 4078.375888 4074.815041 4070.369393 4064.102341 4056.085545 4071.773753 4059.528046 4031.061417 3990.181226 3948.429179 3941.083319 3943.192807 3943.002186 3941.506681 3935.877471
4037.368208 4051.236740 4066.216685 4042.553192 4065.944883 4077.915834 4083.513241 4087.761830 4090.613432 4093.907145 4090.912604 4087.932369 4083.022963 4081.429029 4080.067423 4077.619320 4078.246280 4076.358684 4072.274544 4068.186571 4060.097922 4048.452062 4037.273846 4033.628741 4037.913988 4043.586143 4048.809382 4053.360545 4057.120463 4057.047714 4051.512649 4043.021718 4035.420780 4033.778106 4040.699572 4046.469147 4053.103193 4053.997684 4052.601426 4050.068235 4049.784877 4046.444331 4046.632081 4053.772219 4068.677565 4071.190798 4077.370419 4076.490384 4059.059684 4027.496348 4040.410376 4020.380511 4026.563301 4021.937777 4010.547836
4082.098019 4084.999328 4083.292046 4082.243086 4075.820458 4069.735130 4068.948086 4072.981064 4080.053587 4081.099529 4074.028924 4065.409843 4058.140437 4050.644714 4048.271866 4047.754494 4047.527088 4048.056820 4042.752274 4033.310595 4016.142003 4004.544211 3993.474286 3987.531526 3983.601146 3986.950497 3998.319609 4010.709179 4015.790148 4006.291101 3997.739867 3985.812240 3977.724618 3978.187160 3979.136044 3988.697781 4005.793053 4013.570198 4014.376063 4007.795009 4001.148980 3994.425714 3991.277326 3997.696407 4013.070064 4030.005602 4045.818084 4055.075605 4062.858124 4070.051604 4068.082129 4070.952297 4072.531611 4070.301836 4073.629418
4076.574847 4069.550995 4062.533557 4057.208645 4050.768047 4045.490076 4043.643898 4045.484592 4047.356615 4043.198081 4036.833449 4026.838777 4015.792232 4006.084399 3998.362156 3999.403629 4001.780508 4003.500650 3996.146018 3980.700938 3962.833957 3949.336408 3935.464239 3931.536568 3925.569496 3917.666069 3927.763718 3947.711119 3955.188186 3938.897637 3927.927592 3912.641313 3906.106526 3902.038640 3902.765726 3911.669042 3934.393255 3958.880047 3961.036611 3949.982681 3938.995989 3934.273162 3931.015706 3935.517235 3952.176155 3973.101563 3989.330577 3999.860089 4005.195713 4012.982869 4022.393712 4036.848397 4051.823003 4064.299860 4068.738593
4051.349351 4043.590381 4035.932801 4028.310762 4021.428675 4015.239205 4010.954353 4009.010949 4004.993535 3998.892621 3991.877309 3970.792161 3958.354326 3945.395307 3930.414908 3926.521256 3921.631848 3922.703474 3911.203414 3903.403349 3887.095927 3871.785052 3856.198528 3842.679705 3836.980746 3830.241880 3828.153693 3841.500706 3849.899018 3840.667093 3831.024635 3820.536327 3816.139209 3812.778377 3815.303265 3825.765487 3845.144009 3863.453471 3871.989035 3864.691831 3863.666347 3863.846876 3862.244906 3868.596828 3879.145570 3896.967685 3919.468341 3938.630814 3948.557163 3955.376240 3964.533905 3978.978299 3993.127350 4007.529057 4025.625697
4020.848223 4011.548272 4001.646142 3991.941361 3981.473683 3970.944166 3964.444353 3967.215789 3961.262131 3955.719733 3932.554984 3876.897990 3855.648968 3836.712322 3820.485541 3813.759667 3805.322357 3788.673281 3780.108712 3775.831367 3778.700941 3764.904752 3747.477312 3729.741253 3724.920235 3721.468239 3703.525971 3698.249743 3698.608821 3715.796013 3709.859081 3708.963114 3711.192405 3708.828344 3709.975726 3722.662188 3730.049905 3735.140274 3741.937079 3747.209504 3758.035287 3766.226157 3776.895271 3794.086320 3804.714877 3819.790233 3839.958765 3865.673487 3881.233634 3890.667542 3900.952650 3916.153131 3932.235069 3949.952488 3972.320581
3986.225701 3969.561160 3954.978548 3940.716998 3928.081657 3915.307384 3899.390865 3901.411067 3899.437143 3889.129661 3833.396804 3792.880929 3759.077722 3742.112647 3718.522309 3704.963689 3688.328363 3649.138257 3631.608043 3631.740095 3647.520672 3644.646692 3629.620615 3618.032242 3608.621431 3599.126375 3581.088160 3561.567494 3567.791749 3586.822411 3588.267919 3592.075132 3600.291649 3599.892575 3592.893565 3589.448189 3601.230315 3606.417760 3617.659524 3635.771967 3640.654504 3657.613977 3691.849064 3704.466263 3719.298050 3737.330844 3757.401318 3779.221129 3801.755798 3815.674596 3830.703674 3848.929110 3865.408958 3885.516186 3907.882117
3935.303273 3904.137654 3883.062999 3865.779024 3846.676948 3819.443351 3799.624783 3797.533822 3791.581439 3761.928963 3709.361166 3674.377566 3651.765474 3630.287801 3607.663872 3583.770819 3545.826160 3511.102026 3489.414658 3506.302044 3518.116757 3530.884378 3519.909265 3509.504084 3500.132724 3481.863885 3465.016767 3448.241815 3459.544990 3468.246164 3488.253267 3495.476661 3499.436266 3505.627412 3504.109812 3492.673202 3486.489866 3494.332061 3503.985962 3515.921004 3537.994805 3573.795646 3598.276573 3616.270862 3636.353113 3654.510492 3675.327755 3697.770249 3720.207762 3736.847857 3754.734815 3772.766201 3793.222293 3811.857062 3834.205623
3854.653447 3826.697650 3800.715138 3777.843115 3746.048871 3699.420054 3685.350133 3676.652618 3654.291123 3606.215770 3565.012028 3545.902519 3534.334842 3511.758127 3491.534528 3462.842821 3429.156896 3408.423307 3388.263249 3399.382403 3410.379992 3431.644486 3423.509316 3417.400688 3414.974687 3399.802584 3386.760346 3370.246554 3376.502902 3388.945511 3413.088343 3419.296733 3423.513637 3433.141377 3432.374373 3427.407551 3408.832122 3415.176734 3425.766597 3440.260263 3471.343021 3493.379809 3515.259967 3536.565194 3555.326350 3576.185432 3597.690705 3619.984250 3645.808140 3664.755748 3683.136501 3704.049811 3722.553335 3736.065894 3751.421823
3746.362183 3722.984012 3704.153560 3680.492738 3637.575637 3594.148431 3553.188987 3526.000385 3472.989558 3438.563271 3420.215899 3421.422511 3410.638270 3392.122166 3374.376167 3356.155730 3335.531116 3317.929741 3293.465396 3299.652598 3316.365345 3334.223502 3336.713037 3338.545595 3337.628186 3328.864772 3315.681854 3302.215480 3306.067366 3323.445238 3341.600785 3351.970568 3359.801915 3367.515325 3367.080919 3357.047332 3346.571583 3350.905253 3365.996613 3381.628877 3398.258564 3418.031150 3437.957808 3457.535458 3479.150748 3500.818886 3522.725088 3546.562330 3572.379176 3592.854419 3615.577586 3639.020550 3654.460590 3662.108249 3668.588247
3644.314124 3626.058425 3603.717702 3576.789863 3535.463936 3496.800283 3456.934587 3409.680052 3377.578611 3350.311573 3345.672933 3331.969817 3320.561945 3307.877440 3288.990303 3274.195769 3261.026746 3240.884046 3232.579719 3240.781025 3254.850337 3263.152543 3270.887826 3269.358005 3267.548912 3262.510828 3248.842061 3245.529993 3255.816074 3271.008347 3284.547658 3296.237480 3303.079044 3307.954641 3304.690305 3295.167590 3292.255055 3300.075304 3315.076544 3327.817203 3341.539870 3361.102497 3379.888339 3400.213642 3421.364889 3442.017054 3465.070690 3488.842619 3513.546130 3539.495925 3560.522988 3577.577548 3584.889355 3592.926451 3590.712270
3521.914158 3511.894325 3487.068859 3459.634884 3431.852100 3400.572752 3378.202365 3348.639998 3320.316498 3293.042635 3268.729020 3258.506045 3254.267525 3243.240258 3228.041721 3218.474392 3204.335976 3196.228226 3203.896605 3205.597365 3213.801797 3212.042450 3213.507574 3211.597458 3211.456369 3209.849985 3204.552980 3217.148202 3223.588540 3236.789077 3246.645796 3256.297549 3261.878860 3265.183728 3266.246529 3262.038490 3267.836708 3273.312522 3286.274397 3296.631429 3309.053863 3327.788502 3343.368072 3360.798933 3381.447304 3402.783171 3424.899631 3448.863736 3475.189303 3498.091155 3514.006690 3518.909751 3526.348463 3525.811661 3512.663661
