tests/Borden05m/sims/sim_1/output-maps/psiliqL0004N0007.asc
ncols         160
nrows         34
xllcorner     620200.000000
yllcorner     5168000.000000
cellsize      0.500000
NODATA_value  -9999.0
[rows 0 to 24 of 34, columns 57 to 113 of 160]
-9999.0 -9999.0 -9999.0 -9999.0 -9999.0 -9999.0 -9999.0 -9999.0 -9999.0 -9999.0 -9999.0 -9999.0 -9999.0 -9999.0 -9999.0 -9999.0 -9999.0 -9999.0 -9999.0 -9999.0 -9999.0 -9999.0 -9999.0 -9999.0 -9999.0 -9999.0 -9999.0 -9999.0 -9999.0 -9999.0 -9999.0 -9999.0 -9999.0 -9999.0 -9999.0 -9999.0 -9999.0 -9999.0 -9999.0 -9999.0 -9999.0 -9999.0 -9999.0 -9999.0 -9999.0 -9999.0 -9999.0 -9999.0 -9999.0 -9999.0 -9999.0 -9999.0 -9999.0 -9999.0 -9999.0 -9999.0 -9999.0
-9999.0 -9999.0 -660.923565 -665.619243 -669.242206 -671.710417 -678.724645 -684.634361 -691.239270 -692.802106 -692.431059 -693.522335 -695.618155 -691.991880 -687.120812 -682.814666 -677.474493 -677.762874 -676.814487 -674.869733 -674.377086 -675.334926 -677.798161 -679.647449 -681.739376 -680.137915 -687.304737 -696.879495 -704.360910 -706.076981 -700.274077 -696.502981 -696.541432 -692.629488 -684.697283 -677.652454 -674.229422 -666.136193 -665.686058 -662.315652 -658.062006 -661.694504 -663.126868 -663.501962 -663.427318 -673.445299 -9999.0 -9999.0 -9999.0 -9999.0 -9999.0 -9999.0 -9999.0 -9999.0 -9999.0 -9999.0 -9999.0
-669.460958 -669.510542 -686.696635 -689.198023 -690.266643 -690.078455 -693.408984 -701.083173 -703.689291 -709.259370 -711.542602 -712.091208 -713.886362 -711.633093 -702.367462 -695.680442 -693.273839 -693.821797 -693.818383 -695.280376 -696.463929 -696.240801 -698.634394 -701.021021 -703.518153 -703.453314 -699.053775 -706.031427 -709.875719 -713.250099 -716.350478 -714.740830 -713.334324 -712.302737 -703.407877 -698.942744 -695.196803 -683.300137 -672.636509 -669.372576 -672.937018 -677.462971 -677.433194 -679.136692 -684.538771 -690.037628 -692.302050 -695.337815 -697.020739 -701.200193 -695.008082 -693.787371 -686.236665 -679.633615 -671.981837 -661.973040 -9999.0
-685.056229 -685.321118 -699.296579 -708.303265 -711.492481 -709.993251 -704.542701 -707.375970 -712.703743 -720.134387 -711.234794 -712.010548 -712.464543 -710.514211 -707.422863 -706.066430 -704.365881 -701.559233 -693.359737 -693.268664 -693.711259 -693.396323 -694.905543 -697.622264 -697.882873 -699.619283 -706.068325 -705.442186 -704.052122 -705.170517 -698.800019 -698.187765 -694.976346 -705.655520 -703.390000 -699.714746 -696.487997 -693.582693 -690.415644 -687.321141 -691.691472 -689.403073 -694.434862 -704.626094 -709.145160 -710.571223 -705.244291 -702.814103 -707.960180 -723.665023 -715.129411 -697.382771 -697.504172 -698.894113 -689.482654 -680.291251 -669.106098
-706.315764 -707.310517 -713.469011 -708.545911 -704.421374 -701.702901 -704.380627 -709.685481 -715.548602 -701.262996 -694.642367 -696.774965 -694.911134 -691.061590 -691.328231 -707.999742 -712.286586 -704.876995 -696.815166 -693.082306 -695.464206 -696.669664 -699.302275 -699.593036 -698.387965 -700.463812 -698.116074 -695.690506 -697.698497 -693.002179 -687.802867 -683.550192 -693.950012 -703.819665 -703.255935 -695.047557 -688.501000 -684.241257 -675.056488 -662.466044 -664.295907 -667.893373 -671.173392 -675.599600 -692.968725 -708.844064 -715.789010 -719.226385 -724.193448 -721.497169 -724.425980 -710.437901 -710.910157 -712.307696 -704.872106 -698.398935 -690.919676
-702.115731 -696.933283 -705.885402 -711.483375 -714.314536 -713.099886 -714.591364 -713.506986 -700.483598 -691.892520 -679.501054 -681.972968 -681.145574 -681.650491 -692.954865 -702.433478 -708.211731 -690.801761 -676.279848 -670.797871 -673.229950 -675.266329 -664.212623 -667.532703 -669.610060 -676.581376 -674.024243 -673.869969 -661.289486 -655.725773 -649.229694 -651.666524 -663.881524 -674.606691 -675.616473 -674.262733 -674.563010 -670.521832 -661.547337 -651.355925 -657.673583 -662.164418 -664.866674 -689.625438 -711.198880 -720.751500 -710.376630 -704.323790 -706.346618 -705.986412 -706.227289 -715.517300 -713.691826 -712.897729 -716.542687 -705.033222 -693.744593
-671.216951 -655.821422 -665.185997 -673.090740 -686.155207 -685.125429 -683.057317 -677.537910 -669.387302 -655.827812 -633.638007 -635.854149 -634.041279 -628.047773 -639.256337 -650.564173 -666.003850 -648.252006 -642.468921 -635.617743 -635.248614 -622.543381 -611.718316 -618.759960 -628.833126 -640.426058 -633.384666 -618.010128 -603.625132 -599.712418 -597.865287 -596.061730 -605.882511 -609.143770 -611.336342 -610.272520 -615.967394 -614.602087 -603.312813 -585.856788 -583.945354 -592.758772 -611.505281 -641.847282 -671.643985 -689.309093 -675.135911 -680.578228 -683.842712 -682.671538 -694.810220 -702.747044 -695.117934 -704.160182 -710.936140 -696.675821 -694.106837
-652.817400 -636.148221 -642.290797 -655.094268 -668.912231 -668.931283 -660.650328 -655.146801 -638.945568 -617.493648 -594.659204 -583.635059 -575.878391 -565.278765 -572.984459 -581.782311 -592.137676 -588.617489 -575.322743 -563.361820 -551.123695 -537.874909 -523.181000 -529.325119 -539.642822 -541.250768 -537.474746 -519.131605 -502.688902 -495.885656 -491.049635 -481.727827 -486.672522 -497.446589 -510.379866 -523.305954 -534.395224 -542.544603 -526.082747 -508.958958 -510.133607 -537.505837 -559.971706 -589.993031 -622.171743 -656.534253 -657.391818 -652.662085 -648.801613 -662.847379 -672.074992 -686.787473 -691.969281 -693.326492 -708.190253 -700.901377 -697.960685
-571.496911 -553.184765 -547.221701 -564.807369 -568.560851 -563.202478 -551.766231 -549.025042 -538.615783 -504.157688 -453.075424 -405.607297 -351.408423 -339.454042 -365.670877 -388.499795 -417.150585 -432.015424 -412.573261 -388.902960 -358.126480 -315.460606 -253.360227 -193.289225 -168.497087 -150.284557 -134.147701 -125.187417 -117.638522 -110.238731 -103.627468 -97.503598 -97.070927 -106.124311 -117.312276 -137.678633 -183.174506 -233.342042 -257.408451 -238.210455 -248.909354 -325.852390 -395.140901 -445.574802 -495.274946 -534.714135 -560.275257 -555.374502 -569.142707 -582.978319 -599.963241 -635.878796 -648.769849 -657.826242 -690.156287 -693.859653 -682.186162
-454.314133 -425.921855 -394.348519 -391.715011 -385.315033 -380.034137 -368.309904 -354.249857 -312.551294 -165.134604 -106.436381 -71.159581 -46.952523 -38.445010 -48.882957 -58.798741 -68.919735 -77.314173 -75.795838 -61.501507 -42.372570 -20.417045 1.129305 17.884365 26.720416 34.686936 41.499980 47.207036 50.239256 54.434414 59.084006 65.200524 70.124515 68.534725 55.858233 42.113590 19.954851 3.521800 -3.827068 -8.207220 -13.608478 -27.969919 -62.138162 -92.696609 -138.253402 -242.407856 -368.143060 -418.418919 -449.653899 -475.678436 -525.398290 -569.935931 -603.488909 -630.903632 -659.991754 -664.856619 -631.327729
-108.918336 -76.202300 -61.790045 -58.386644 -57.329946 -55.099104 -48.631424 -39.976483 -21.626708 16.540096 52.834741 73.123045 80.748644 81.019910 78.462140 76.095028 73.659902 71.705895 71.193937 73.036052 75.632061 79.991542 83.675065 87.767227 88.320237 89.255585 89.760499 90.694905 91.273324 91.305283 92.507680 94.782678 96.748870 97.419093 94.910102 91.005418 86.337284 84.235654 82.422607 80.956254 80.525345 79.580638 78.547670 71.323039 45.436162 -5.106933 -48.589103 -75.225871 -90.045046 -111.001249 -151.203462 -311.645012 -385.607720 -440.148967 -494.142499 -540.891694 -509.020446
48.571694 69.693171 74.425255 75.758291 74.972795 75.138443 76.747763 78.371197 81.754476 86.844454 91.254479 96.376559 101.400933 105.921928 105.078355 102.870503 99.111822 99.365141 99.636147 99.772478 100.879160 101.446483 104.651356 108.203684 109.416072 109.628388 108.873122 109.619202 109.846925 109.740609 109.291209 109.416761 110.603869 111.196379 111.078545 108.436539 104.505526 101.009017 99.243132 98.775548 98.290146 98.676186 98.931660 97.985108 92.488028 84.025102 75.289655 69.806210 62.055926 48.807334 28.297064 -6.756610 -34.903817 -63.777135 -105.684702 -169.303181 -309.397658
88.270207 93.194989 97.471667 100.239235 100.406160 101.636834 101.838070 104.059571 107.515218 111.129602 112.626995 116.098323 129.725607 137.773619 142.928175 144.795222 146.103532 148.467255 148.659856 147.142150 147.689832 148.099513 147.740737 149.900904 150.052483 149.963768 149.907973 150.375214 150.314902 150.574268 150.237973 148.394715 148.174447 147.997976 148.035208 146.433103 140.692948 127.687584 118.344402 115.466281 113.804029 111.732876 109.581669 108.223323 106.573027 102.559884 97.282207 92.201254 91.147703 90.086307 87.621195 84.517561 79.717677 74.627808 64.832360 30.744328 -23.981731
104.679554 107.666545 112.395102 115.973130 122.992013 128.776494 132.428313 141.406387 150.401181 151.299812 150.831097 150.307008 150.066643 149.938444 149.706826 149.825672 147.915539 148.175906 147.241022 142.315360 134.068827 135.547078 136.375242 138.304546 141.346022 139.676698 140.363144 143.130824 141.948401 137.136255 134.288407 132.722105 132.447910 138.769154 141.378722 142.018993 142.779317 142.461335 142.586546 142.797807 142.970506 143.107049 143.227839 139.530354 132.750574 117.563569 111.333184 104.908902 102.072444 101.355084 102.423690 101.817450 101.836073 99.119279 94.979439 87.660116 77.858346
145.571565 153.667289 152.776143 151.891670 151.724757 152.696613 154.335643 153.737849 150.374005 146.744459 142.425787 141.472367 140.303212 137.958919 138.633431 136.826474 133.517042 131.375853 127.280783 118.986069 111.951573 111.694266 113.391613 115.795277 118.663387 120.077841 122.770866 124.705457 121.370385 115.162671 112.661719 112.003465 114.002574 117.092334 120.306397 120.639423 119.183391 117.815244 118.538707 117.104777 117.682828 122.875413 133.392359 140.051968 139.603047 139.728920 140.659101 141.424114 123.746009 113.381482 114.995283 114.055064 111.834594 107.903448 104.671024 100.734652 97.245740
145.695156 143.395058 137.946518 132.602364 131.965123 135.397913 141.799408 143.410714 137.254021 130.591118 125.017100 119.963921 118.848282 117.446819 116.797231 116.856433 113.382305 112.608593 109.810250 108.153879 106.229297 105.123230 104.804500 106.155355 107.812073 109.065340 110.186216 109.040734 108.118344 106.359286 104.926871 105.506724 105.801738 107.384377 110.017459 109.708592 110.006227 109.188000 109.105884 107.862723 107.359708 108.628222 111.476991 113.933557 117.370381 122.726999 128.754971 133.804917 140.141262 139.862854 139.247913 138.988321 135.563405 124.623315 114.824214 111.186116 107.574170
127.021536 122.993950 117.430833 112.658355 112.233033 114.736803 118.468029 116.864916 113.314570 111.294849 109.395443 107.609776 106.870462 107.477524 108.269151 108.808405 108.219888 105.937189 103.471296 102.114344 99.717144 99.797363 98.574825 96.966595 98.846456 102.069292 103.177298 100.180752 99.248852 96.840489 95.926887 95.679872 95.796866 97.320733 101.018416 105.076039 105.054136 103.125431 101.608330 101.076790 100.270171 101.227836 104.581347 107.525376 109.051625 109.954026 110.294955 111.659018 113.210815 115.222041 120.982836 128.777855 137.825264 137.555597 137.709117 138.437025 124.929126
111.788386 110.646921 109.668757 108.822027 108.258015 107.982604 108.095492 107.141120 106.734016 106.472679 105.172117 103.719409 100.690667 100.288940 99.812016 101.280003 98.985808 97.863709 94.244803 91.798123 87.965056 84.827475 81.875814 78.539509 78.828588 82.322510 85.075636 80.804315 79.154553 76.160697 75.291610 74.824681 75.244137 77.921117 85.237523 91.422494 94.326920 92.957991 92.164885 91.985601 91.708514 91.814954 94.471479 97.960543 101.227237 103.018467 103.733942 104.320655 105.403928 107.375065 108.977399 110.559596 113.019339 117.692541 128.107062 135.192476 140.056539
107.617548 106.838065 105.551545 103.863718 103.227468 104.351188 102.739432 102.129750 102.028881 91.428693 89.460320 84.837329 79.349660 76.965568 74.086684 73.046971 70.924209 70.204726 68.192862 57.809384 38.380961 9.413834 -11.847436 -26.228332 -39.767841 -36.353863 -32.731745 -30.507576 -37.146800 -43.528600 -45.741501 -47.201045 -41.224138 -21.533770 4.104081 32.100987 48.706313 51.543069 60.788099 67.337350 66.960382 72.364425 76.413728 82.162516 88.037080 93.662246 95.291951 96.479559 97.806637 99.941031 101.992757 103.556852 106.464211 109.901122 111.727508 112.850762 115.020884
104.075573 102.184030 100.476461 98.413817 95.965381 96.970811 96.312049 95.036996 84.339710 71.210768 50.121004 26.581943 -15.188957 -39.972765 -54.773001 -76.395767 -86.956225 -93.303613 -91.360028 -106.389374 -138.702928 -211.384243 -282.406359 -310.899907 -344.756951 -353.142627 -341.230838 -314.940538 -340.741439 -356.612464 -353.925899 -361.202098 -363.173462 -327.268925 -247.127166 -165.974989 -128.267591 -110.577610 -103.132732 -96.753426 -72.964120 -56.153115 -30.688974 12.656528 45.850780 68.384820 75.916392 80.953053 85.549537 90.287804 92.775950 95.856519 98.945487 103.329580 105.109813 106.495187 107.440121
93.772051 90.835686 86.250668 79.906665 72.631091 72.124632 68.754661 51.071037 -5.363928 -63.833122 -107.089527 -154.238899 -286.249944 -354.357403 -399.350904 -446.664534 -472.845260 -472.725722 -465.730808 -475.311820 -498.046746 -515.607526 -526.118831 -536.778383 -551.786546 -560.827549 -551.603450 -542.295124 -541.742565 -541.286291 -537.802028 -538.029983 -539.866638 -542.031422 -528.432915 -518.578186 -507.142044 -497.700891 -490.942236 -458.682306 -421.571382 -390.374012 -327.755772 -181.093467 -112.580749 -71.568436 -36.234118 4.064839 38.707498 61.403096 73.156590 79.795974 86.335457 92.858288 96.855551 98.484205 100.050709
72.944205 58.937410 27.287985 -32.063528 -57.457227 -69.380013 -81.231978 -128.838466 -254.165071 -410.907563 -462.777748 -496.121703 -523.368897 -546.239994 -572.298232 -597.409246 -614.232732 -604.413055 -598.360152 -588.778279 -602.557482 -614.323326 -618.036320 -630.036411 -641.219551 -655.088964 -644.558563 -638.403307 -624.826276 -624.689207 -623.597978 -617.964058 -620.541537 -622.160848 -630.020727 -621.472003 -615.449220 -607.777282 -585.225632 -564.001524 -543.075946 -525.818957 -507.216157 -482.346933 -447.716745 -402.895124 -332.068264 -196.169358 -118.661454 -76.274290 -40.008458 1.066345 37.333808 63.361700 74.083677 80.016763 86.592682
-53.744017 -91.914746 -156.486955 -343.624773 -416.987471 -426.642095 -465.372354 -505.414062 -556.489367 -578.647986 -593.378111 -611.686739 -626.675149 -639.599646 -659.684015 -675.205853 -696.195309 -689.011064 -677.681861 -662.614622 -673.992180 -676.530996 -675.251356 -683.842624 -693.275167 -706.940696 -704.357069 -692.447475 -678.664936 -677.556932 -674.137818 -666.975088 -666.871278 -672.729251 -683.623248 -680.173554 -671.355940 -662.034836 -646.032960 -630.657417 -615.741887 -602.619074 -586.100667 -567.649888 -548.157684 -524.999205 -498.604816 -478.421964 -445.159793 -397.936931 -330.119701 -210.508839 -127.739464 -82.444128 -53.040455 -14.112518 29.780607
-369.889787 -424.386017 -481.783504 -530.331643 -570.675491 -597.653254 -622.503426 -646.485997 -657.516909 -667.739466 -679.175785 -689.621291 -701.017798 -711.717672 -721.162728 -734.281614 -756.675159 -747.759505 -734.463785 -720.150183 -719.342332 -721.081214 -720.645488 -724.801811 -735.454947 -752.698018 -744.732279 -732.773556 -721.863344 -717.531912 -714.732099 -708.762134 -712.703279 -721.400748 -733.143962 -727.148712 -716.158880 -708.596452 -699.155020 -686.433974 -673.274686 -660.243985 -645.835358 -631.304947 -613.503705 -594.359673 -574.032368 -553.278849 -531.781441 -507.665808 -495.861621 -480.408033 -460.911747 -424.980695 -378.771463 -279.187647 -145.107765
-538.319941 -561.100135 -589.127075 -621.934895 -642.517938 -662.050783 -679.586311 -697.444443 -709.544312 -718.661341 -717.369332 -722.552354 -734.263584 -735.791868 -742.842697 -761.799052 -755.843321 -750.561458 -735.710347 -737.861872 -738.448539 -741.907654 -739.883859 -742.545583 -760.031151 -750.993859 -746.459519 -735.332554 -732.230123 -728.998076 -726.631950 -724.432543 -726.254463 -737.907970 -735.262912 -731.296312 -721.139835 -718.858001 -712.951279 -700.548325 -694.440788 -685.245223 -673.429810 -660.908845 -646.692926 -630.472572 -610.545226 -591.449155 -574.484955 -568.188328 -558.102768 -550.485905 -557.636641 -541.386856 -525.919480 -508.649405 -478.322498
