tests/Borden05m/sims/sim_1/output-maps/psiliqL0009N0014.asc
ncols         160
nrows         34
xllcorner     620200.000000
yllcorner     5168000.000000
cellsize      0.500000
NODATA_value  -9999.0
[rows 0 to 25 of 34, columns 57 to 113 of 160]
-9999.0 -9999.0 -9999.0 -9999.0 -9999.0 -9999.0 -9999.0 -9999.0 -9999.0 -9999.0 -9999.0 -9999.0 -9999.0 -9999.0 -9999.0 -9999.0 -9999.0 -9999.0 -9999.0 -9999.0 -9999.0 -9999.0 -9999.0 -9999.0 -9999.0 -9999.0 -9999.0 -9999.0 -9999.0 -9999.0 -9999.0 -9999.0 -9999.0 -9999.0 -9999.0 -9999.0 -9999.0 -9999.0 -9999.0 -9999.0 -9999.0 -9999.0 -9999.0 -9999.0 -9999.0 -9999.0 -9999.0 -9999.0 -9999.0 -9999.0 -9999.0 -9999.0 -9999.0 -9999.0 -9999.0 -9999.0 -9999.0
-9999.0 -9999.0 13.682448 8.104791 2.679694 -2.412717 -11.566478 -20.877190 -29.547462 -33.536807 -34.431300 -35.251851 -35.599973 -30.236202 -22.220277 -14.527982 -7.235608 -4.793736 -2.299992 0.071974 0.639019 -0.629351 -3.880736 -7.184824 -10.614046 -12.101495 -20.460180 -31.980035 -40.983732 -43.766630 -39.242434 -34.688461 -32.127528 -25.987780 -15.017625 -3.992131 4.706247 16.573930 22.176771 27.349526 30.519066 26.419557 22.797407 19.018810 14.184783 3.101529 -9999.0 -9999.0 -9999.0 -9999.0 -9999.0 -9999.0 -9999.0 -9999.0 -9999.0 -9999.0 -9999.0
-3.839894 -0.512817 -11.430095 -16.297562 -19.674032 -21.916350 -27.091070 -35.931659 -41.352224 -46.815493 -48.485768 -48.449063 -48.347377 -44.096237 -34.109388 -26.060277 -21.208070 -18.706838 -16.146286 -16.020279 -16.459045 -16.809607 -19.701785 -23.132408 -26.548748 -28.352740 -28.283332 -35.921455 -41.278838 -44.556597 -45.799312 -43.322259 -40.992040 -37.916430 -28.213394 -19.822746 -11.416515 2.831325 15.209797 20.449668 18.015464 12.901958 9.076427 2.534063 -7.398467 -17.951089 -28.407137 -35.714251 -41.234608 -46.602796 -40.573635 -34.192922 -23.972023 -13.821669 -1.742587 10.455762 -9999.0
-19.638492 -16.748705 -27.642965 -36.138626 -40.662401 -40.640609 -38.464214 -42.178090 -46.841089 -51.002084 -42.997076 -41.650495 -40.397997 -37.109092 -33.687845 -31.251308 -28.420727 -23.013760 -13.943025 -11.201865 -10.610427 -10.427934 -12.219745 -15.323676 -17.115108 -19.886506 -25.071679 -25.950858 -25.457017 -25.369825 -20.102344 -18.602610 -17.257347 -24.309564 -20.963806 -14.651474 -7.680215 -0.621453 6.446593 11.051785 7.847617 6.467997 -2.085899 -16.155375 -27.863375 -36.803114 -39.471035 -42.791285 -50.632045 -62.990428 -56.188184 -40.730794 -36.120704 -32.485569 -20.564546 -8.239163 2.034290
-34.131497 -31.061751 -36.146907 -35.215024 -33.811073 -32.347887 -33.946081 -36.860613 -38.124273 -24.939363 -15.121119 -13.156783 -10.068543 -6.562041 -7.749712 -20.124687 -22.738391 -14.082682 -3.398403 2.723021 3.061191 3.164976 1.674847 0.682379 0.171790 -2.198748 -1.025287 1.763645 2.620050 7.892318 13.684457 16.449105 7.761933 -1.691730 -1.330038 6.263714 14.239465 21.708210 32.806154 44.535143 43.087377 36.907897 27.384744 13.022700 -11.118360 -31.540620 -42.502240 -49.444630 -56.662284 -57.614375 -60.137584 -49.664224 -48.036488 -46.421490 -37.930535 -27.649299 -17.554993
-18.843978 -10.334619 -16.340266 -22.012544 -25.447801 -24.800154 -24.343327 -20.514929 -6.749067 7.901088 23.764551 27.049819 30.031283 29.922645 20.185119 9.687428 5.378975 20.702539 36.991844 45.751022 47.118152 47.931760 56.268106 54.378401 51.759929 46.300695 48.944921 52.094843 63.937074 71.928234 78.946628 77.008275 64.877118 53.382938 51.067877 52.768817 54.799575 60.748002 71.431138 81.711692 76.424893 68.020022 56.252237 25.694753 -3.684777 -21.851961 -21.961507 -22.131793 -27.279982 -30.928215 -35.056607 -43.052928 -43.848685 -44.755362 -45.498483 -33.663104 -21.551540
31.277321 48.202478 42.577447 34.074668 23.089245 23.691808 27.653841 36.756304 51.262485 71.314912 97.322015 102.388613 107.242728 111.641184 100.767422 88.228185 76.253645 92.718385 103.272391 113.320833 117.488090 129.899260 140.890364 136.033089 127.169360 117.466036 124.522091 139.206551 155.495111 162.766445 166.653361 166.696402 156.074861 149.851913 146.424712 146.333236 142.132676 145.245479 156.676061 172.411510 171.719672 159.108917 133.401784 94.099511 56.052657 31.619971 34.418594 26.696572 19.403544 14.048010 -1.274925 -13.755144 -14.868971 -25.151281 -32.003429 -20.988724 -15.256865
84.795134 104.618185 101.616906 90.664152 78.268124 78.774521 87.873062 98.777632 119.899291 147.046722 175.378751 189.549991 197.784572 208.171003 201.625854 191.881969 182.538059 190.143615 203.938000 217.830505 230.774358 245.227082 258.289398 251.047060 240.326051 236.942338 242.358424 261.754227 279.008574 285.434562 288.198733 292.405717 285.053529 276.636036 267.302972 258.785750 250.831469 245.736865 262.304110 277.747866 274.692860 248.011233 219.700890 180.324611 138.542596 100.599826 93.473933 89.752404 86.133020 68.369129 50.441910 29.823314 17.189216 6.671673 -9.456933 -5.555112 -0.512446
194.929200 218.238573 223.745832 209.278366 204.206091 210.165893 223.414618 231.592489 248.389199 278.905697 316.714349 344.016678 367.229995 372.397123 363.739507 354.287127 340.280966 335.685177 350.852764 363.789045 375.949944 387.809507 400.063878 406.899829 405.483444 405.405139 408.484365 413.976028 421.626493 428.587370 434.776148 441.089678 440.314734 430.691030 422.399558 412.305378 403.627913 400.520385 400.312067 408.102047 405.872404 382.291570 353.371707 319.231986 278.373600 241.839728 217.194956 216.349489 199.717546 177.851777 152.093472 111.467209 89.297147 69.774100 37.405255 31.134121 40.322573
323.526360 342.055697 358.451805 357.528195 360.739611 365.107042 372.447937 378.560216 387.617390 420.917435 457.146905 488.797497 514.262139 523.886284 514.702675 505.032762 493.538437 483.999170 485.953272 499.360501 515.451146 530.849009 541.512929 545.242002 544.008679 544.274348 545.949787 549.052710 551.712181 556.839162 563.605492 573.560262 585.054626 580.606329 564.200739 551.106068 536.144159 529.654525 526.765034 522.696716 521.634474 516.427721 488.239363 460.015384 426.939646 394.032875 369.479914 349.704833 327.307053 301.906577 253.171818 207.553411 168.121926 135.362206 102.672185 95.466053 118.985694
451.709618 478.079991 494.263044 499.503024 502.769247 506.744767 513.761873 520.040793 528.618715 549.589684 585.477184 622.324685 652.670408 658.821811 651.332192 641.283219 630.190108 620.786490 617.538179 623.783274 633.184787 647.087284 658.308485 668.526360 668.667239 668.941802 669.047958 670.829469 672.596395 673.647029 679.486006 689.596653 699.390178 700.747803 689.607298 673.187768 655.822487 646.588275 638.067854 630.864501 629.456463 629.179016 624.215083 601.103944 566.669492 523.744915 494.283986 470.732852 455.620632 438.238261 415.686339 368.691728 339.917499 303.830447 264.496448 235.806976 267.701796
565.633055 595.551774 615.362206 625.510587 628.314923 633.043546 641.391019 648.931289 660.307507 676.508589 697.863903 725.737940 753.509792 772.271712 770.197671 759.271745 742.981945 739.321927 738.121258 739.965941 745.336321 750.703685 764.409653 778.148992 783.583838 783.842225 781.953266 783.465220 784.723506 784.169696 784.629199 787.430002 793.496203 795.170405 791.714553 777.436720 759.226962 743.205092 731.679280 725.288576 721.461746 720.986561 719.017358 707.937005 681.100980 644.811911 610.080771 585.351698 567.220009 552.603116 541.051138 525.698141 508.314194 479.055177 437.100049 400.002303 391.211331
666.579007 691.917332 716.202718 734.075063 741.146143 750.258613 756.319114 766.931001 782.164990 798.774135 811.625496 827.457377 847.920327 859.701860 865.606659 866.392747 865.616090 867.323974 866.989949 853.318321 854.884780 856.130927 859.628184 864.680677 866.233641 866.265844 865.959467 866.705984 866.970364 866.919097 866.522764 865.392339 866.367212 866.378435 865.664593 860.938350 858.793552 842.560021 830.110244 822.205967 814.371302 805.719571 796.189195 786.471477 770.824222 743.626869 709.918132 680.022021 665.565791 657.194916 650.026385 643.815502 628.561987 607.093938 578.144495 541.462222 505.491979
765.843666 784.519969 808.578207 826.659366 837.817125 847.359771 852.786102 864.265760 875.986241 874.389796 876.739027 879.235152 881.747495 882.735498 883.006804 882.707325 880.194234 879.496666 877.458959 871.746225 862.057752 862.883395 863.749666 865.710641 868.736999 867.486370 868.666034 871.795311 870.331464 864.977996 861.487380 859.710843 859.702691 866.147631 868.560756 869.080950 868.723748 868.159869 867.625002 866.691718 865.748018 864.648049 863.175497 862.484167 852.856872 830.743668 800.094768 766.872471 748.871725 741.031636 740.375392 736.014446 728.460981 708.367895 681.021222 646.117013 609.070582
867.946996 871.622563 876.735089 879.998325 881.980739 884.633588 887.087891 887.537639 884.182435 880.461055 875.641737 874.096243 872.496479 869.953098 870.323767 868.010327 863.703450 859.672371 852.678530 840.716185 828.144280 825.072668 829.013813 833.028133 836.180707 839.406122 843.269407 845.461102 840.730852 833.043337 826.114389 823.905670 829.715829 834.419621 838.090688 838.674424 837.204218 836.344653 837.349677 835.858412 837.288753 844.625854 858.460596 865.995619 867.589877 867.235529 863.156715 855.494675 840.570261 820.677053 822.539416 817.201363 804.507504 781.720705 757.150616 727.935947 699.161729
877.802111 875.528067 869.603739 864.037810 863.460495 867.272811 873.785794 874.904778 867.904681 859.482770 851.814942 843.905949 840.651052 838.479660 837.120831 836.473797 830.572296 822.414512 806.210349 791.915753 778.722178 771.487926 769.425371 774.186827 782.825278 791.745666 797.180603 792.734761 785.036745 774.402937 766.178734 766.058612 768.290269 776.303854 788.156033 791.450354 792.179504 788.478566 785.659670 781.241150 781.152220 790.235857 807.606433 823.642644 837.346930 845.961289 854.012036 860.421217 865.582125 865.943432 866.081895 865.297049 861.874819 846.622943 826.321019 803.267741 778.115962
855.972353 849.875978 842.386158 836.073322 834.028115 836.214699 838.940951 835.453109 828.489910 817.759536 805.434742 793.140579 785.428190 784.764935 785.773618 785.536038 778.718493 763.975405 745.797291 730.656380 715.474256 710.549107 705.508386 702.099254 712.387765 728.456931 734.788551 723.198774 713.627468 699.739249 692.071450 689.119074 690.500915 699.345409 717.319176 734.436542 735.516848 727.117355 719.188190 715.704719 714.977617 723.934098 744.375351 765.230375 780.786959 791.894613 800.200239 809.749111 819.821270 831.678536 844.725674 855.963946 865.841824 868.093808 866.910742 863.262318 848.071875
823.796718 813.809679 805.052852 797.836750 792.859647 790.017916 787.187904 780.845121 773.612211 760.813005 747.735248 734.394796 719.774483 715.387955 712.099264 713.066740 701.445939 689.925164 670.247270 654.048660 637.926792 628.024939 621.952359 616.241341 621.919366 637.669292 646.973806 633.223171 623.053648 609.879214 603.376068 600.037852 601.405415 610.935185 632.889088 651.072191 657.576594 650.170534 644.932734 643.140288 643.533290 650.466951 667.188387 688.417428 709.741751 726.236665 737.305456 746.658435 757.942336 773.229509 788.532266 804.447642 822.273691 841.821990 856.463919 865.646309 870.375755
779.954212 768.824222 757.111474 745.710664 738.961160 739.063282 731.862950 725.047743 711.864341 668.622513 651.288271 633.089061 617.466195 611.309720 603.491086 596.983802 587.107009 579.480333 569.905078 553.896547 536.520025 520.804760 515.412432 510.938106 504.117144 511.073962 514.876730 515.947660 508.703967 502.102812 499.091126 496.563589 499.933790 513.090126 525.318233 536.268807 542.344844 539.898574 546.523062 553.216834 556.673930 572.968335 587.781779 606.455043 628.606493 652.233539 665.873726 676.392358 688.344649 704.926871 722.988927 742.046844 765.767990 791.244763 808.962732 821.137890 833.670762
728.690983 714.052847 700.752808 687.659861 674.760865 674.641528 670.328132 662.275106 625.221792 583.362172 551.761977 533.229860 511.360140 499.964473 489.240581 465.053032 450.789700 443.064265 445.406891 434.133042 416.394117 401.319539 392.951483 386.404689 374.341714 367.703931 372.059387 382.852063 377.557101 375.056118 378.390145 376.452348 373.803739 380.990465 395.657624 404.502247 414.419435 425.173133 430.787705 439.877544 465.688036 480.966941 497.139067 518.287891 541.056455 564.520093 584.858640 598.631055 613.757912 633.299867 651.073699 673.025549 697.779683 727.258546 748.029340 763.701302 776.757828
656.612151 640.280054 623.349321 604.089115 583.178397 580.015331 572.183107 555.287639 511.428901 470.761708 439.346787 416.184938 390.720400 371.790424 345.453496 312.923301 291.547558 293.860554 299.894412 297.334995 281.052226 265.821967 253.725565 239.311942 222.923038 211.834846 220.099222 229.221553 235.441269 238.379197 242.204545 244.030259 243.037560 240.468713 249.139180 259.459980 271.516503 283.561138 297.659214 328.701254 356.316989 376.129998 399.127055 421.782401 446.840335 472.664193 495.282579 512.357763 531.854857 552.104561 573.773910 595.788060 621.912237 652.153603 677.009864 693.419359 708.829197
576.654271 554.637266 529.602070 492.849434 477.220225 467.394113 455.340891 420.722983 377.518394 338.641641 310.022376 281.642568 253.565655 223.737897 190.091693 160.108442 138.707228 144.319221 150.656921 159.644628 146.039309 132.716708 124.744310 109.118912 94.285103 79.949633 87.964178 97.726999 113.710432 117.547388 120.900852 127.288895 126.120854 124.297650 117.892250 127.702819 138.976200 153.713331 182.467872 210.805162 239.011430 264.307125 289.376010 316.835335 345.812593 374.470658 403.082808 425.203955 446.626709 470.022345 491.955742 512.345648 535.435345 563.072032 587.254110 607.579707 629.166373
478.142217 453.687187 418.134095 373.476507 339.202330 323.315088 285.894521 248.546070 206.080558 181.514556 158.587648 132.047621 107.411957 83.680578 55.188173 30.496965 6.147831 9.552741 21.457606 34.773404 27.194293 22.212672 18.298323 6.266774 -7.746429 -21.435375 -17.745873 -2.840582 13.893663 20.781280 27.168982 34.652719 34.789751 28.526628 20.550632 26.648924 40.801877 57.583872 80.464774 104.958573 129.395837 152.689218 178.823456 206.864042 236.138282 267.896660 300.686878 326.280713 355.110509 384.001430 407.306964 422.827003 440.439705 467.346944 488.062912 511.438189 535.206909
369.338482 340.537188 296.346316 248.401570 200.603150 160.135195 124.153254 89.690627 67.319317 45.699470 25.244554 5.012904 -17.083354 -37.901360 -58.220960 -80.769448 -100.351994 -95.350779 -82.143708 -70.082577 -68.208763 -71.461772 -74.760998 -82.802930 -96.513325 -107.877230 -99.722849 -84.248870 -69.049350 -59.169267 -52.499241 -46.230200 -48.911873 -56.978425 -63.524819 -55.484885 -39.874388 -24.423193 -6.021800 16.382942 39.079258 62.175761 86.715199 111.889089 140.067819 169.829085 200.681655 231.539516 261.239502 289.896898 306.979091 323.580641 337.186345 358.621565 381.105437 405.299733 431.735892
232.566595 200.546436 162.251543 118.417286 83.342898 48.835503 16.074406 -15.897187 -42.124406 -60.941413 -72.068191 -87.669997 -107.651234 -121.854075 -139.214681 -158.493082 -160.039908 -156.547046 -144.392722 -142.229967 -141.609880 -144.688965 -145.905807 -150.770535 -162.491384 -156.670552 -148.861749 -133.838415 -122.804754 -113.427244 -107.091317 -102.868822 -103.347720 -110.356919 -107.503141 -100.136086 -85.309397 -73.157809 -57.447606 -36.046849 -17.885547 2.505059 25.588938 49.706212 75.450166 103.094003 133.209448 161.331709 185.433673 199.845906 215.160429 226.095631 225.858490 245.472474 266.304264 287.822253 317.076544
99.858958 71.631122 42.900886 9.184434 -24.468203 -55.790228 -86.702526 -116.908617 -142.117796 -152.253949 -163.603986 -175.702989 -189.509147 -203.629859 -216.441392 -217.102675 -219.578972 -220.056303 -218.193671 -215.226432 -212.745679 -213.806876 -214.982058 -214.461405 -208.829857 -204.609585 -199.032251 -188.418113 -177.250508 -166.966701 -162.869772 -158.629703 -155.721803 -152.481839 -149.862856 -145.331222 -133.746518 -121.763999 -108.193406 -90.915508 -73.109502 -53.743189 -30.915753 -7.568291 17.580536 45.431094 73.870562 96.487176 108.899203 121.609532 128.434150 126.996373 125.983471 137.659138 154.407146 171.018715 197.857311
