tests/Borden05m/sims/sim_1/output-maps/psiliqL0002N0013.asc
ncols         160
nrows         34
xllcorner     620200.000000
yllcorner     5168000.000000
cellsize      0.500000
NODATA_value  -9999.0
[rows 0 to 24 of 34, columns 0 to 55 of 160]
-9999.0 -9999.0 -9999.0 -9999.0 -9999.0 -9999.0 -9999.0 -9999.0 -9999.0 -9999.0 -9999.0 -9999.0 -9999.0 -9999.0 -9999.0 -9999.0 -9999.0 -9999.0 -9999.0 -9999.0 -9999.0 -9999.0 -9999.0 -9999.0 -9999.0 -9999.0 -9999.0 -9999.0 -9999.0 -9999.0 -9999.0 -9999.0 -9999.0 -9999.0 -9999.0 -9999.0 -9999.0 -9999.0 -9999.0 -9999.0 -9999.0 -9999.0 -9999.0 -9999.0 -9999.0 -9999.0 -9999.0 -9999.0 -9999.0 -9999.0 -9999.0 -9999.0 -9999.0 -9999.0 -9999.0 -9999.0
-9999.0 -9999.0 -9999.0 -9999.0 -9999.0 -9999.0 -9999.0 -9999.0 -9999.0 -9999.0 -9999.0 -9999.0 -9999.0 -9999.0 -9999.0 -9999.0 -9999.0 -9999.0 -9999.0 -9999.0 -9999.0 -9999.0 -9999.0 -9999.0 -9999.0 -9999.0 -9999.0 -9999.0 -9999.0 -9999.0 -9999.0 -9999.0 -9999.0 -9999.0 -9999.0 -9999.0 -9999.0 -9999.0 -9999.0 -9999.0 -9999.0 -9999.0 -9999.0 -9999.0 -9999.0 -9999.0 -9999.0 -9999.0 -9999.0 -9999.0 -9999.0 -9999.0 -9999.0 -9999.0 -9999.0 -9999.0
-9999.0 -9999.0 -9999.0 -9999.0 -9999.0 -9999.0 -9999.0 -9999.0 -9999.0 -9999.0 -9999.0 -9999.0 -9999.0 -9999.0 -9999.0 -9999.0 -9999.0 -9999.0 -9999.0 -9999.0 -9999.0 -9999.0 -9999.0 -9999.0 -9999.0 -9999.0 -9999.0 -9999.0 -9999.0 -9999.0 -9999.0 -9999.0 -9999.0 -9999.0 -9999.0 -9999.0 -9999.0 -9999.0 -9999.0 -9999.0 -9999.0 -9999.0 -9999.0 -9999.0 -9999.0 -9999.0 -9999.0 -570.840102 -574.150510 -578.152129 -579.272565 -574.830612 -572.907095 -571.142261 -570.003315 -568.953512
-9999.0 -9999.0 -9999.0 -9999.0 -9999.0 -9999.0 -9999.0 -9999.0 -9999.0 -9999.0 -9999.0 -9999.0 -9999.0 -9999.0 -9999.0 -9999.0 -9999.0 -9999.0 -9999.0 -9999.0 -9999.0 -9999.0 -9999.0 -9999.0 -9999.0 -9999.0 -9999.0 -9999.0 -9999.0 -9999.0 -9999.0 -9999.0 -9999.0 -9999.0 -9999.0 -9999.0 -9999.0 -9999.0 -9999.0 -9999.0 -571.456215 -569.916032 -568.630959 -570.830393 -571.719647 -571.480804 -573.766346 -576.437494 -579.201155 -578.331210 -578.293551 -580.324028 -577.318183 -574.927019 -574.167219 -573.551758
-9999.0 -9999.0 -9999.0 -9999.0 -9999.0 -9999.0 -9999.0 -9999.0 -9999.0 -9999.0 -9999.0 -9999.0 -9999.0 -9999.0 -9999.0 -9999.0 -9999.0 -9999.0 -9999.0 -9999.0 -9999.0 -9999.0 -9999.0 -9999.0 -9999.0 -9999.0 -9999.0 -9999.0 -9999.0 -9999.0 -9999.0 -9999.0 -9999.0 -9999.0 -578.121083 -575.282675 -574.076733 -572.943553 -571.181612 -571.868310 -572.460955 -571.122788 -572.331824 -572.361929 -573.830994 -576.600417 -579.373211 -580.905807 -579.158878 -579.707449 -579.728313 -578.323558 -577.496634 -577.257066 -575.320160 -572.143766
-9999.0 -9999.0 -9999.0 -9999.0 -9999.0 -9999.0 -9999.0 -9999.0 -9999.0 -9999.0 -9999.0 -9999.0 -9999.0 -9999.0 -9999.0 -9999.0 -9999.0 -9999.0 -9999.0 -9999.0 -9999.0 -9999.0 -9999.0 -9999.0 -9999.0 -9999.0 -9999.0 -9999.0 -573.712336 -574.838326 -575.694887 -575.628355 -576.033674 -577.622311 -578.082954 -577.863855 -576.400743 -573.995898 -573.662820 -574.038691 -573.895965 -574.514315 -576.202149 -576.352519 -574.445079 -576.125547 -576.889918 -577.979808 -580.832784 -581.543579 -579.927666 -578.412253 -577.141913 -576.922247 -576.855263 -577.000252
-9999.0 -9999.0 -9999.0 -9999.0 -9999.0 -9999.0 -9999.0 -9999.0 -9999.0 -9999.0 -9999.0 -9999.0 -9999.0 -9999.0 -9999.0 -9999.0 -9999.0 -9999.0 -9999.0 -9999.0 -9999.0 -9999.0 -9999.0 -575.567265 -574.529903 -574.160943 -573.261065 -573.750473 -575.987942 -577.401359 -578.007226 -578.512309 -579.712587 -579.880629 -579.960762 -579.273753 -578.804104 -576.277073 -577.680219 -578.600242 -576.390214 -576.964161 -575.479708 -573.770969 -574.155779 -573.771283 -576.897817 -579.234494 -576.762179 -575.795098 -575.970325 -576.607655 -575.911972 -574.964188 -573.775446 -571.635996
-9999.0 -9999.0 -9999.0 -9999.0 -9999.0 -9999.0 -9999.0 -9999.0 -9999.0 -9999.0 -9999.0 -9999.0 -9999.0 -9999.0 -9999.0 -9999.0 -9999.0 -9999.0 -9999.0 -575.369695 -575.706868 -576.368945 -576.134911 -578.290900 -579.214443 -578.635785 -577.520254 -578.215522 -579.452580 -580.515195 -580.394268 -580.264439 -580.554725 -578.990294 -577.755014 -577.413516 -577.874390 -575.926950 -575.428527 -574.355727 -571.342640 -573.411240 -575.409117 -576.454520 -576.543859 -577.148922 -575.314546 -574.783577 -574.670020 -574.943926 -574.995900 -574.643239 -574.511722 -572.189259 -570.101386 -568.435588
-9999.0 -9999.0 -9999.0 -9999.0 -9999.0 -9999.0 -9999.0 -9999.0 -9999.0 -9999.0 -9999.0 -9999.0 -9999.0 -9999.0 -9999.0 -9999.0 -575.529317 -575.721370 -576.542668 -577.879278 -579.032255 -579.076224 -578.224335 -579.833341 -580.385239 -580.061580 -580.793476 -580.039313 -579.222922 -578.235719 -577.810142 -578.980376 -578.824635 -579.056347 -579.278535 -578.868098 -576.666165 -574.665847 -574.363302 -572.949564 -570.257439 -571.938145 -572.636714 -572.562894 -573.627393 -572.851420 -568.761955 -569.572264 -571.558857 -567.311482 -565.146369 -566.157976 -566.767277 -564.175787 -560.211779 -555.088156
-9999.0 -9999.0 -9999.0 -9999.0 -9999.0 -9999.0 -9999.0 -9999.0 -9999.0 -9999.0 -9999.0 -9999.0 -9999.0 -575.762906 -575.942524 -575.745266 -577.824738 -579.436353 -580.424918 -581.801241 -580.120365 -581.381029 -581.803015 -581.543306 -580.051318 -580.063153 -579.939688 -579.030848 -579.415562 -579.939372 -580.452732 -581.470488 -580.275500 -579.100917 -578.343480 -576.644150 -575.408840 -574.510283 -572.643323 -572.462467 -571.220237 -571.861222 -573.581939 -573.982235 -572.744942 -569.008031 -566.250285 -565.462636 -560.291891 -554.853658 -552.385147 -549.076994 -547.641418 -545.647341 -540.278677 -523.253135
-9999.0 -9999.0 -9999.0 -9999.0 -9999.0 -9999.0 -9999.0 -9999.0 -9999.0 -9999.0 -578.894735 -577.836300 -579.403607 -582.321355 -583.608407 -582.977957 -582.319949 -583.445374 -583.452425 -580.464968 -578.853742 -581.753327 -579.845070 -579.867024 -581.134313 -580.886861 -580.160977 -580.117027 -578.343172 -578.377021 -578.472918 -575.546015 -574.897822 -574.203152 -573.205126 -572.146790 -571.307476 -566.961430 -563.271878 -563.693401 -558.336500 -554.946824 -557.971174 -559.056041 -558.323424 -554.439192 -548.040807 -538.565127 -528.419619 -512.997449 -497.563584 -485.293805 -474.401432 -459.143129 -437.249387 -409.274822
-9999.0 -9999.0 -9999.0 -9999.0 -9999.0 -9999.0 -9999.0 -9999.0 -583.105053 -581.442808 -580.396801 -581.719469 -583.493917 -586.720125 -585.526710 -584.371465 -583.610914 -582.457038 -581.944098 -581.543329 -582.360880 -581.407587 -579.568952 -580.174332 -580.044761 -578.872307 -578.943248 -577.938408 -576.348251 -577.346067 -576.589026 -575.187887 -573.979240 -572.921372 -571.615727 -570.969093 -566.539515 -560.542621 -553.961620 -548.288572 -540.009137 -529.065805 -529.229659 -527.011755 -524.546400 -508.635826 -482.521417 -441.752352 -410.372392 -393.084479 -375.517574 -364.933954 -356.826064 -345.698648 -331.057035 -317.909303
-9999.0 -9999.0 -9999.0 -9999.0 -9999.0 -9999.0 -585.570828 -581.895957 -580.125587 -584.311922 -587.514950 -588.582178 -590.496409 -586.360529 -582.724846 -582.082674 -581.603441 -581.026368 -581.474710 -583.983573 -578.523680 -580.173759 -581.407719 -579.825301 -580.076865 -580.049880 -579.116015 -576.857641 -576.013598 -571.444135 -568.222919 -565.481137 -561.639854 -559.326851 -556.827172 -553.905990 -545.631341 -532.378291 -513.281615 -490.626977 -459.175291 -423.719706 -410.583823 -404.803614 -399.917115 -390.939018 -372.143924 -348.721341 -320.634817 -294.077606 -274.225197 -264.674991 -255.336528 -243.961318 -229.046830 -211.738205
-9999.0 -9999.0 -9999.0 -9999.0 -583.459772 -582.680245 -583.417083 -580.241207 -578.040903 -583.134650 -581.328640 -582.227197 -583.897985 -585.949740 -588.407814 -586.707313 -585.757890 -585.150566 -585.562282 -580.253955 -575.803350 -579.008860 -576.876293 -572.554368 -573.743549 -573.407368 -573.349252 -571.521559 -568.069564 -563.665129 -553.030412 -543.074243 -536.016450 -526.643734 -516.471956 -501.653871 -471.745906 -424.828283 -398.543538 -376.762637 -353.748750 -332.953313 -318.537235 -311.539464 -302.870566 -292.103325 -276.659141 -253.245071 -225.594196 -192.164126 -169.735498 -153.107240 -146.420441 -133.262777 -116.478422 -73.768750
-9999.0 -9999.0 -9999.0 -585.627215 -582.041257 -580.778152 -582.612144 -582.044499 -579.347038 -582.117134 -582.664570 -583.153331 -583.452185 -583.440005 -583.697730 -582.744682 -582.628761 -583.488621 -582.862985 -579.806209 -578.588823 -576.209307 -574.464601 -571.610939 -569.129637 -568.292150 -566.992956 -563.374213 -553.935263 -542.766043 -519.866550 -481.804387 -436.510433 -409.916631 -397.970535 -383.321461 -366.699048 -340.156849 -314.159856 -288.530423 -260.988265 -235.735577 -210.951732 -202.337403 -197.257564 -188.331702 -173.448644 -151.510001 -126.536040 -67.111541 -68.553736 -23.522718 -37.841821 -6.793369 6.476316 19.571338
-9999.0 -9999.0 -584.908184 -582.886800 -584.380357 -581.871974 -579.102609 -581.284418 -577.948665 -576.923277 -580.495362 -578.575140 -577.630333 -579.870806 -578.571041 -577.103978 -576.420572 -579.130323 -581.163448 -577.595206 -569.731755 -563.397217 -560.250113 -543.670034 -533.362903 -526.430175 -523.094702 -511.503314 -489.361421 -435.488148 -397.715402 -365.111863 -333.175728 -306.590079 -295.221019 -281.643334 -260.605849 -238.291935 -211.126005 -185.421049 -157.524359 -127.696720 -72.939349 -62.141693 -84.467388 -46.692922 -53.456191 -10.051291 7.473256 25.186054 41.064562 42.391167 41.411233 42.211062 42.588639 41.865037
-9999.0 -9999.0 -587.264309 -583.883632 -586.343468 -581.065865 -576.244392 -581.304480 -579.996200 -575.020661 -576.570858 -576.133688 -576.956651 -576.812105 -574.738368 -570.330537 -572.797758 -573.733673 -578.948656 -567.240861 -556.774996 -537.739698 -495.885504 -440.055493 -405.840911 -400.317598 -397.802476 -388.408520 -371.697204 -335.638704 -291.300465 -243.674586 -203.778306 -177.156203 -164.043409 -150.302308 -128.031434 -76.289399 -62.216617 -60.284098 -17.538978 -1.344617 20.558821 36.497292 41.197732 42.419162 41.054096 42.286752 41.741623 42.112598 41.954636 37.925274 37.860181 37.937230 38.789629 34.623161
-9999.0 -587.975810 -586.303736 -586.253574 -582.855569 -584.122729 -580.187908 -574.477919 -575.080164 -573.215085 -573.414014 -577.090821 -565.552692 -555.367075 -552.159354 -543.019383 -547.228441 -550.159957 -556.484590 -543.774124 -517.823013 -432.829396 -351.888099 -302.193965 -273.558519 -268.894397 -271.767658 -258.789916 -234.872866 -199.165140 -142.598949 -68.950685 -33.466894 -7.200238 0.422129 2.024978 13.772354 28.786836 44.497422 45.658572 46.906019 46.157219 42.583343 41.778996 42.751006 41.637460 39.352701 33.161886 26.071097 21.072970 16.262939 -8.583659 13.954871 18.518197 19.631749 12.148458
-9999.0 -593.193151 -586.471906 -582.560937 -584.207717 -587.168103 -577.925256 -564.016574 -569.683658 -571.650621 -572.555442 -563.738831 -534.872951 -503.682542 -476.357999 -437.913236 -440.414203 -456.013659 -453.996557 -415.290696 -375.944250 -314.941180 -212.809361 -133.599392 -85.742862 -76.889221 -69.665189 -50.312085 -26.087716 -5.518675 11.863122 33.225645 35.482546 35.875985 35.705840 35.959344 35.773143 36.038580 32.371604 29.035364 24.738520 24.706941 27.931528 27.647824 25.272016 22.471814 -3.294322 8.126046 2.421939 -4.152806 -37.256458 -47.394597 -45.080345 -28.378186 -17.826811 -51.867975
-9999.0 -587.719938 -580.097631 -582.122999 -588.552235 -579.608652 -576.294158 -566.962107 -559.840415 -562.710406 -550.715223 -504.790593 -424.134256 -379.547859 -348.510229 -327.173208 -312.837578 -312.225513 -291.759419 -237.729335 -138.135801 -72.064686 -32.004416 15.531853 22.254099 22.442860 22.246422 22.370100 22.509579 22.569775 22.658648 20.933262 25.280915 27.248825 26.054810 23.256796 18.700760 10.472871 4.974953 2.022919 -1.503815 -1.607493 1.521379 1.977733 -0.447799 -5.317231 -44.924392 -55.120664 -63.365014 -72.756945 -82.597628 -89.165732 -90.721074 -91.907388 -95.065316 -105.175826
-9999.0 -596.635587 -585.728471 -594.956641 -582.217836 -571.664576 -573.843077 -557.865686 -537.635674 -529.970457 -454.650354 -390.102587 -329.464433 -285.866108 -251.947947 -214.141303 -187.096725 -157.526372 -114.206969 -24.807697 16.883083 29.983551 30.488400 30.693545 22.504740 22.477773 14.126463 -4.923999 -15.137729 -21.806368 -20.190775 -14.244233 -6.944408 -1.079234 -3.201922 -3.994601 -17.709763 -46.610015 -54.854112 -63.756415 -71.384280 -76.366793 -77.062083 -71.850303 -77.737590 -83.898278 -96.323703 -106.910467 -116.956676 -126.364905 -135.679979 -143.397734 -146.380373 -151.280865 -152.447622 -160.005184
-9999.0 -603.227277 -595.456968 -589.686300 -578.616316 -571.013078 -563.338155 -545.327268 -498.416751 -428.844815 -373.617076 -342.961461 -293.443075 -237.697573 -181.289502 -150.614333 -133.156464 -124.106568 -108.676633 -86.220291 -54.644275 -51.958556 -39.431097 -19.821053 -13.847132 -12.289775 -62.451446 -81.148204 -89.696235 -90.913476 -91.363357 -90.765126 -90.341445 -91.466409 -95.109095 -95.619957 -95.821828 -106.556239 -115.998834 -123.731133 -130.122309 -137.315865 -142.215044 -144.701514 -147.478605 -149.169489 -158.136685 -169.329416 -180.139267 -188.596828 -196.906550 -203.310524 -205.321843 -209.282887 -214.537416 -223.947577
-9999.0 -618.220641 -592.698922 -589.705375 -583.128492 -581.382925 -579.907726 -567.011852 -544.784966 -438.280061 -320.893788 -307.749297 -290.677877 -258.793330 -205.342082 -156.678492 -150.003508 -176.003696 -193.433660 -197.275804 -184.880378 -171.132256 -154.970355 -134.050985 -119.981336 -114.852931 -123.426987 -135.645118 -149.760382 -156.782292 -159.935891 -166.470966 -171.587448 -171.955018 -174.454604 -170.929704 -169.218544 -179.689216 -192.037815 -205.612353 -217.116337 -225.425755 -228.253386 -227.790866 -228.533744 -231.544919 -238.721624 -248.183595 -259.505035 -269.514559 -277.249875 -282.523095 -287.561541 -294.259839 -301.627249 -309.323643
-9999.0 -9999.0 -604.184713 -589.592412 -587.855972 -585.853040 -584.146053 -574.048949 -563.093565 -517.780703 -437.718641 -392.974746 -366.045596 -334.736885 -290.048979 -253.611885 -248.530226 -242.784192 -264.718914 -263.947965 -258.374883 -252.052567 -241.051361 -228.195742 -216.529438 -210.124096 -208.104769 -211.239148 -220.407533 -233.715767 -248.344645 -259.349410 -266.378913 -271.367399 -265.582013 -256.874362 -258.484856 -264.664284 -274.467772 -286.808538 -296.750837 -306.492639 -308.744719 -307.623162 -307.546338 -309.922810 -314.326768 -324.599299 -335.342369 -346.169530 -351.493757 -356.515282 -361.227585 -369.089439 -376.697734 -384.490716
-9999.0 -9999.0 -620.806710 -597.113636 -587.293833 -580.557935 -581.769450 -580.768654 -565.944234 -558.761235 -546.149928 -522.913600 -494.504389 -447.064665 -412.338679 -385.628270 -374.034415 -368.793798 -369.643977 -364.636708 -351.652579 -337.253591 -326.499187 -316.448005 -307.148976 -299.772864 -293.320972 -301.456744 -309.691235 -321.968228 -337.662326 -354.885268 -363.998694 -368.764531 -365.830416 -360.417807 -363.882735 -370.640783 -379.421067 -388.858271 -395.308145 -401.377787 -402.845351 -403.291791 -403.316132 -404.747025 -407.237328 -415.486921 -429.436444 -442.286814 -452.959810 -462.084019 -467.540919 -477.556592 -488.634350 -496.114990
