tests/Borden05m/sims/sim_1/output-maps/psiliqL0028N0016.asc
ncols         160
nrows         34
xllcorner     620200.000000
yllcorner     5168000.000000
cellsize      0.500000
NODATA_value  -9999.0
[rows 0 to 24 of 34, columns 0 to 54 of 160]
-9999.0 -9999.0 -9999.0 -9999.0 -9999.0 -9999.0 -9999.0 -9999.0 -9999.0 -9999.0 -9999.0 -9999.0 -9999.0 -9999.0 -9999.0 -9999.0 -9999.0 -9999.0 -9999.0 -9999.0 -9999.0 -9999.0 -9999.0 -9999.0 -9999.0 -9999.0 -9999.0 -9999.0 -9999.0 -9999.0 -9999.0 -9999.0 -9999.0 -9999.0 -9999.0 -9999.0 -9999.0 -9999.0 -9999.0 -9999.0 -9999.0 -9999.0 -9999.0 -9999.0 -9999.0 -9999.0 -9999.0 -9999.0 -9999.0 -9999.0 -9999.0 -9999.0 -9999.0 -9999.0 -9999.0
-9999.0 -9999.0 -9999.0 -9999.0 -9999.0 -9999.0 -9999.0 -9999.0 -9999.0 -9999.0 -9999.0 -9999.0 -9999.0 -9999.0 -9999.0 -9999.0 -9999.0 -9999.0 -9999.0 -9999.0 -9999.0 -9999.0 -9999.0 -9999.0 -9999.0 -9999.0 -9999.0 -9999.0 -9999.0 -9999.0 -9999.0 -9999.0 -9999.0 -9999.0 -9999.0 -9999.0 -9999.0 -9999.0 -9999.0 -9999.0 -9999.0 -9999.0 -9999.0 -9999.0 -9999.0 -9999.0 -9999.0 -9999.0 -9999.0 -9999.0 -9999.0 -9999.0 -9999.0 -9999.0 -9999.0
-9999.0 -9999.0 -9999.0 -9999.0 -9999.0 -9999.0 -9999.0 -9999.0 -9999.0 -9999.0 -9999.0 -9999.0 -9999.0 -9999.0 -9999.0 -9999.0 -9999.0 -9999.0 -9999.0 -9999.0 -9999.0 -9999.0 -9999.0 -9999.0 -9999.0 -9999.0 -9999.0 -9999.0 -9999.0 -9999.0 -9999.0 -9999.0 -9999.0 -9999.0 -9999.0 -9999.0 -9999.0 -9999.0 -9999.0 -9999.0 -9999.0 -9999.0 -9999.0 -9999.0 -9999.0 -9999.0 -9999.0 3672.641533 3655.463886 3642.395255 3637.132919 3657.739687 3680.580403 3704.227125 3724.574335
-9999.0 -9999.0 -9999.0 -9999.0 -9999.0 -9999.0 -9999.0 -9999.0 -9999.0 -9999.0 -9999.0 -9999.0 -9999.0 -9999.0 -9999.0 -9999.0 -9999.0 -9999.0 -9999.0 -9999.0 -9999.0 -9999.0 -9999.0 -9999.0 -9999.0 -9999.0 -9999.0 -9999.0 -9999.0 -9999.0 -9999.0 -9999.0 -9999.0 -9999.0 -9999.0 -9999.0 -9999.0 -9999.0 -9999.0 -9999.0 3724.089754 3729.927517 3729.295507 3719.419985 3707.918440 3693.787011 3672.936054 3655.809419 3642.978680 3641.045235 3643.264137 3645.262671 3665.330082 3690.674804 3710.438410
-9999.0 -9999.0 -9999.0 -9999.0 -9999.0 -9999.0 -9999.0 -9999.0 -9999.0 -9999.0 -9999.0 -9999.0 -9999.0 -9999.0 -9999.0 -9999.0 -9999.0 -9999.0 -9999.0 -9999.0 -9999.0 -9999.0 -9999.0 -9999.0 -9999.0 -9999.0 -9999.0 -9999.0 -9999.0 -9999.0 -9999.0 -9999.0 -9999.0 -9999.0 3632.104406 3648.805626 3666.525767 3684.943920 3701.805447 3708.795245 3714.530934 3719.662743 3714.735731 3710.152275 3698.153938 3676.516818 3657.056784 3644.320218 3643.407271 3640.785475 3643.933827 3654.919375 3671.217369 3685.695979 3705.858826
-9999.0 -9999.0 -9999.0 -9999.0 -9999.0 -9999.0 -9999.0 -9999.0 -9999.0 -9999.0 -9999.0 -9999.0 -9999.0 -9999.0 -9999.0 -9999.0 -9999.0 -9999.0 -9999.0 -9999.0 -9999.0 -9999.0 -9999.0 -9999.0 -9999.0 -9999.0 -9999.0 -9999.0 3638.680505 3632.600833 3627.645738 3625.833282 3624.122783 3622.990438 3629.429861 3640.136952 3656.731334 3678.661665 3691.791895 3698.854952 3705.587099 3705.613129 3699.263503 3697.303698 3697.508652 3684.351748 3671.618241 3659.677679 3647.955656 3644.163232 3652.562951 3666.473821 3682.326314 3696.473293 3711.318795
-9999.0 -9999.0 -9999.0 -9999.0 -9999.0 -9999.0 -9999.0 -9999.0 -9999.0 -9999.0 -9999.0 -9999.0 -9999.0 -9999.0 -9999.0 -9999.0 -9999.0 -9999.0 -9999.0 -9999.0 -9999.0 -9999.0 -9999.0 3609.218352 3613.822019 3620.146864 3627.639414 3628.394098 3625.057979 3619.504768 3616.638991 3614.943059 3612.240522 3616.468759 3622.909774 3635.356058 3650.105320 3672.096559 3679.880974 3683.399879 3694.174939 3697.669328 3705.490998 3708.914674 3706.532060 3701.750550 3685.911819 3673.419627 3674.527600 3677.673099 3684.033235 3691.939425 3704.943842 3717.838961 3732.215767
-9999.0 -9999.0 -9999.0 -9999.0 -9999.0 -9999.0 -9999.0 -9999.0 -9999.0 -9999.0 -9999.0 -9999.0 -9999.0 -9999.0 -9999.0 -9999.0 -9999.0 -9999.0 -9999.0 3585.042943 3586.022162 3587.443805 3592.167360 3592.296865 3593.766457 3600.210623 3607.877925 3610.563978 3607.916507 3606.662847 3607.527581 3609.617067 3613.666557 3623.383178 3636.059247 3649.257808 3661.144390 3681.034216 3694.609945 3705.913167 3720.275404 3720.289644 3716.134948 3713.863474 3713.015183 3710.379750 3707.041597 3704.737961 3710.223998 3709.481444 3711.772656 3720.191812 3731.591855 3747.065813 3763.453745
-9999.0 -9999.0 -9999.0 -9999.0 -9999.0 -9999.0 -9999.0 -9999.0 -9999.0 -9999.0 -9999.0 -9999.0 -9999.0 -9999.0 -9999.0 -9999.0 3556.088983 3557.713988 3559.953769 3565.328364 3568.995801 3572.683612 3579.380487 3580.614356 3583.526993 3590.078083 3593.872697 3602.654281 3610.444363 3616.732962 3621.720041 3623.175669 3628.498391 3636.534863 3646.722265 3659.157269 3677.775366 3700.273832 3714.745318 3730.321357 3746.532545 3746.118848 3743.353712 3742.531753 3739.816129 3739.412217 3752.309277 3754.168148 3746.950986 3754.590399 3765.110561 3766.720658 3772.733069 3791.813271 3812.996156
-9999.0 -9999.0 -9999.0 -9999.0 -9999.0 -9999.0 -9999.0 -9999.0 -9999.0 -9999.0 -9999.0 -9999.0 -9999.0 3506.298946 3510.050603 3520.175333 3531.882139 3534.777865 3539.574543 3546.086270 3557.801761 3560.970951 3566.358992 3572.836186 3584.925410 3592.739951 3600.526820 3611.215054 3618.043034 3623.760350 3628.790942 3629.930062 3639.775116 3652.197255 3664.942607 3682.492257 3703.060094 3719.844566 3736.371073 3751.656235 3761.837721 3757.403381 3755.643284 3756.757231 3759.968198 3771.248878 3786.411905 3784.524852 3791.866693 3811.044644 3819.907032 3825.732337 3830.712499 3843.988622 3864.983351
-9999.0 -9999.0 -9999.0 -9999.0 -9999.0 -9999.0 -9999.0 -9999.0 -9999.0 -9999.0 3480.972209 3482.069442 3477.960482 3474.427530 3480.001340 3492.022289 3506.350326 3511.244428 3522.856186 3543.786860 3562.063106 3564.317632 3576.681391 3586.000268 3591.636398 3600.037430 3611.399091 3621.786694 3635.304748 3645.148859 3651.783057 3665.877607 3679.794680 3694.137171 3709.552851 3728.350155 3742.402402 3763.944316 3787.165542 3793.978536 3808.947079 3809.556363 3804.389307 3801.395411 3809.778361 3819.201828 3832.005212 3845.530196 3862.587069 3883.101715 3891.573696 3903.555321 3911.753672 3921.282936 3936.091901
-9999.0 -9999.0 -9999.0 -9999.0 -9999.0 -9999.0 -9999.0 -9999.0 3456.645234 3464.649107 3469.502150 3465.710135 3460.699486 3453.915841 3468.193139 3482.911724 3498.012189 3515.760592 3530.449021 3547.878846 3560.567993 3573.938464 3592.919143 3602.150334 3611.065484 3624.422693 3635.652151 3648.377827 3666.944688 3672.369679 3680.935305 3698.348464 3711.942165 3726.979831 3743.438400 3758.139755 3776.152945 3804.542415 3831.811180 3846.045735 3870.749389 3886.206076 3879.227314 3876.323202 3876.593525 3898.449267 3923.361062 3951.358682 3968.659430 3990.860033 4018.305465 4037.000708 4045.921110 4056.716859 4070.283714
-9999.0 -9999.0 -9999.0 -9999.0 -9999.0 -9999.0 3428.270914 3452.373899 3467.155677 3457.894749 3442.404254 3436.342805 3429.117449 3460.517995 3482.193213 3498.681109 3514.383581 3530.863655 3545.927176 3552.465801 3580.195355 3598.537626 3608.605242 3619.707140 3632.628798 3645.481618 3659.952117 3679.391081 3694.777075 3714.148137 3727.488140 3741.522780 3763.438757 3779.154100 3794.612017 3806.550451 3832.608424 3865.992126 3899.450721 3922.610300 3946.094638 3977.092639 3975.658777 3976.801782 3977.596098 4001.303933 4034.938868 4064.258150 4095.504743 4125.590933 4153.847049 4164.135867 4172.929879 4182.662801 4195.084597
-9999.0 -9999.0 -9999.0 -9999.0 3396.680359 3417.160859 3435.074286 3464.454239 3485.683343 3480.018544 3483.265604 3480.123585 3474.431229 3478.740988 3486.101757 3502.102386 3520.141994 3538.544794 3551.069845 3575.800524 3621.668754 3630.753363 3645.503399 3673.171078 3682.423585 3694.854500 3708.958633 3727.796526 3744.057313 3769.348917 3801.322493 3828.446077 3848.372952 3866.357347 3884.442622 3900.122938 3934.607512 3970.878351 4005.861651 4036.658626 4062.930681 4088.696219 4094.642446 4099.219795 4108.976837 4125.999337 4148.679680 4176.144721 4209.862985 4241.887198 4264.967180 4273.634723 4278.654224 4288.129545 4295.459962
-9999.0 -9999.0 -9999.0 3342.002272 3380.858898 3420.346365 3445.144857 3474.532200 3506.105437 3504.456549 3512.191266 3510.368839 3507.504124 3511.420497 3512.764716 3527.928648 3545.024736 3564.069402 3584.107676 3615.993667 3643.197501 3658.277956 3684.308955 3697.968283 3708.942117 3720.349563 3737.776801 3756.368140 3791.342124 3819.469829 3864.249121 3913.905777 3945.114538 3963.748864 3985.890528 4013.161410 4038.150163 4076.929903 4110.727147 4142.612970 4172.651932 4194.565288 4208.458598 4212.900940 4222.560895 4228.148662 4240.438953 4261.354471 4283.700663 4314.490273 4343.787805 4372.982521 4388.368234 4399.562473 4416.790769
-9999.0 -9999.0 3293.484891 3333.102782 3363.659087 3409.274667 3461.661113 3496.114341 3534.432036 3551.704281 3553.455044 3562.171071 3570.952934 3570.128339 3576.981217 3587.998925 3609.563537 3617.806168 3637.644586 3650.597233 3685.339595 3716.986089 3709.268186 3745.314809 3774.319855 3806.799552 3827.925176 3854.044134 3891.590684 3924.362012 3968.057151 4017.734242 4051.561244 4079.127756 4095.004497 4115.336424 4135.529594 4162.089341 4199.019657 4224.491570 4258.276186 4283.679965 4303.152800 4303.529638 4306.150707 4322.361929 4350.997121 4382.240781 4411.522418 4440.949499 4423.919687 4448.412591 4459.367145 4465.478963 4475.088902
-9999.0 -9999.0 3262.548507 3309.160982 3342.392062 3398.454091 3485.312517 3518.322782 3557.009577 3601.538227 3613.721729 3633.783116 3624.332258 3609.667731 3625.745308 3638.162113 3658.980357 3666.017659 3658.932944 3710.026675 3761.284601 3782.134775 3783.437788 3860.883322 3913.594850 3938.527857 3955.594978 3975.773258 3995.046010 4032.922231 4071.328387 4125.940051 4167.083058 4196.944663 4211.485900 4231.788930 4251.384342 4266.384163 4286.090578 4333.544989 4369.838378 4401.140168 4433.541570 4455.056364 4463.299100 4468.564182 4441.646479 4462.136345 4476.031707 4482.024691 4484.433709 4480.608656 4480.062849 4480.909994 4481.832900
-9999.0 3168.574497 3220.802819 3270.552869 3333.722783 3393.441882 3466.238604 3539.582687 3606.313949 3658.306823 3682.265182 3672.093585 3666.446818 3688.673781 3706.582004 3721.180092 3726.587290 3737.099903 3716.898285 3770.520155 3805.474587 3851.543998 3949.509820 4007.993050 4073.249570 4068.788682 4056.633152 4060.954109 4076.273383 4123.112679 4203.384375 4260.645325 4327.847227 4377.852092 4395.349009 4403.113474 4422.119366 4443.175016 4387.520597 4433.085589 4454.134436 4471.698053 4481.861557 4484.282377 4485.634425 4485.382653 4481.645175 4474.540621 4466.300850 4460.406844 4456.140659 4451.637537 4454.078858 4457.415255 4457.512245
-9999.0 3129.543014 3186.189440 3253.691522 3320.004823 3362.953033 3441.317817 3610.225100 3673.241811 3710.539074 3712.960115 3681.549203 3736.065252 3794.637625 3817.483037 3862.561467 3845.706950 3830.123917 3790.099972 3814.411867 3851.781581 3922.378590 4096.971127 4186.340175 4241.472803 4249.379773 4249.715388 4278.436748 4323.695792 4372.655118 4420.212541 4385.483100 4437.928234 4463.827678 4469.239817 4469.997400 4475.808485 4474.246944 4472.939714 4468.424721 4463.213564 4463.389659 4468.103971 4467.959931 4464.961849 4461.517822 4455.776026 4448.356260 4443.192969 4438.556164 4435.908346 4433.089199 4431.063125 4430.192809 4425.217370
-9999.0 3087.014524 3162.245178 3218.936916 3261.039946 3347.273545 3477.257423 3621.963280 3718.191511 3751.076392 3721.219701 3750.974885 3853.974885 3961.696211 4014.254267 4034.951738 4013.102065 3961.206178 3938.212863 3981.909270 4053.490250 4177.435438 4323.059191 4425.919034 4441.851568 4445.460968 4394.276319 4421.817068 4447.343850 4450.373038 4451.571640 4460.244183 4465.377758 4468.403300 4466.806928 4463.906397 4459.058347 4450.804958 4446.017380 4442.270319 4438.452204 4437.187703 4439.104921 4441.049269 4438.178345 4434.257178 4429.770662 4424.195366 4417.839986 4411.028965 4406.628382 4402.303061 4400.135163 4394.430645 4390.974531
-9999.0 2960.125186 3056.453024 3093.553472 3159.356876 3349.699385 3478.631080 3616.436771 3784.135935 3801.280338 3841.795875 3984.226879 4105.926903 4187.785026 4215.481083 4248.218438 4272.674173 4288.071112 4325.620806 4195.632294 4280.087405 4383.994594 4432.016903 4452.841117 4464.133236 4464.531367 4454.431724 4433.397662 4422.607490 4415.845099 4417.458012 4424.770912 4429.351206 4434.060221 4431.730517 4432.884307 4434.160358 4430.979582 4426.905985 4418.078019 4410.169513 4403.307903 4399.807937 4404.423250 4399.786373 4397.520795 4391.245290 4382.676978 4373.612728 4366.213258 4358.130898 4351.515636 4349.298260 4344.289980 4343.065595
-9999.0 2879.362818 2950.458409 3001.878140 3106.003055 3268.465656 3356.349398 3511.610691 3757.698444 3897.131315 4067.561691 4162.018038 4232.755283 4272.728511 4322.075843 4375.646484 4403.591907 4416.160273 4382.856858 4407.312553 4363.328328 4352.068756 4370.019958 4399.931000 4417.879285 4422.092207 4414.356962 4405.408640 4398.124230 4397.000958 4394.699201 4390.234862 4385.738173 4381.926650 4378.787377 4381.930032 4387.379869 4380.083411 4369.502569 4359.807947 4351.077457 4341.675045 4335.623325 4330.741541 4331.324928 4331.632522 4323.903110 4313.299989 4302.301547 4293.902608 4286.685892 4282.265058 4279.477453 4274.398253 4264.353833
-9999.0 2760.232802 2889.343557 2961.004586 3046.685516 3172.147705 3270.234365 3418.291254 3543.822788 3792.555347 3931.302639 4138.198474 4190.091045 4262.553782 4309.026252 4384.091247 4378.842201 4347.601442 4303.217049 4287.275215 4299.754631 4309.109511 4317.061483 4331.177081 4349.150015 4359.528012 4365.068238 4359.299314 4345.009923 4332.096945 4320.343109 4306.080619 4296.325183 4293.641441 4298.181139 4308.633213 4308.894235 4299.522519 4285.165668 4266.529027 4250.615202 4238.569434 4236.665493 4239.629636 4240.851729 4236.644804 4230.904953 4219.993222 4207.259661 4194.608613 4189.067819 4184.779976 4177.155587 4165.583180 4153.416796
-9999.0 -9999.0 2800.840184 2907.719002 2994.677310 3101.105661 3182.541874 3293.505866 3430.325549 3599.196881 3715.512546 3904.353810 4003.883162 4048.507277 4080.863315 4137.653117 4164.661801 4198.446149 4194.932124 4208.298764 4219.167839 4224.850982 4229.890408 4235.128676 4245.502514 4255.499019 4266.252814 4263.416292 4254.659282 4233.622046 4207.084727 4186.392755 4175.621178 4165.995201 4178.549795 4191.292522 4185.371154 4178.381816 4165.568503 4149.195071 4136.619946 4122.225359 4118.774631 4118.601960 4119.243261 4116.973440 4114.682015 4102.195042 4089.911287 4080.204697 4076.305863 4070.658727 4067.245830 4057.456793 4046.852730
-9999.0 -9999.0 2717.627151 2813.675621 2911.132563 3023.088281 3101.450078 3100.996816 3231.695028 3331.428536 3439.161151 3552.645612 3652.175478 3722.193762 3753.827378 3816.896542 3876.081154 3895.410104 3939.307839 3997.527833 4033.595379 4075.241690 4099.390525 4108.695434 4121.256328 4136.083531 4143.493616 4127.765843 4116.436834 4099.228814 4075.394068 4048.093041 4034.289543 4034.272461 4032.816576 4033.799209 4025.853162 4016.939584 4002.385370 3988.636692 3976.495067 3967.894286 3964.348491 3958.406658 3955.932585 3953.188497 3951.653586 3946.830387 3938.932936 3934.729396 3926.460296 3922.986343 3922.436521 3919.820567 3914.474303
