tests/Borden05m/sims/sim_1/output-maps/psiliqL0025N0018.asc
ncols         160
nrows         34
xllcorner     620200.000000
yllcorner     5168000.000000
cellsize      0.500000
NODATA_value  -9999.0
[rows 0 to 24 of 34, columns 0 to 54 of 160]
-9999.0 -9999.0 -9999.0 -9999.0 -9999.0 -9999.0 -9999.0 -9999.0 -9999.0 -9999.0 -9999.0 -9999.0 -9999.0 -9999.0 -9999.0 -9999.0 -9999.0 -9999.0 -9999.0 -9999.0 -9999.0 -9999.0 -9999.0 -9999.0 -9999.0 -9999.0 -9999.0 -9999.0 -9999.0 -9999.0 -9999.0 -9999.0 -9999.0 -9999.0 -9999.0 -9999.0 -9999.0 -9999.0 -9999.0 -9999.0 -9999.0 -9999.0 -9999.0 -9999.0 -9999.0 -9999.0 -9999.0 -9999.0 -9999.0 -9999.0 -9999.0 -9999.0 -9999.0 -9999.0 -9999.0
-9999.0 -9999.0 -9999.0 -9999.0 -9999.0 -9999.0 -9999.0 -9999.0 -9999.0 -9999.0 -9999.0 -9999.0 -9999.0 -9999.0 -9999.0 -9999.0 -9999.0 -9999.0 -9999.0 -9999.0 -9999.0 -9999.0 -9999.0 -9999.0 -9999.0 -9999.0 -9999.0 -9999.0 -9999.0 -9999.0 -9999.0 -9999.0 -9999.0 -9999.0 -9999.0 -9999.0 -9999.0 -9999.0 -9999.0 -9999.0 -9999.0 -9999.0 -9999.0 -9999.0 -9999.0 -9999.0 -9999.0 -9999.0 -9999.0 -9999.0 -9999.0 -9999.0 -9999.0 -9999.0 -9999.0
-9999.0 -9999.0 -9999.0 -9999.0 -9999.0 -9999.0 -9999.0 -9999.0 -9999.0 -9999.0 -9999.0 -9999.0 -9999.0 -9999.0 -9999.0 -9999.0 -9999.0 -9999.0 -9999.0 -9999.0 -9999.0 -9999.0 -9999.0 -9999.0 -9999.0 -9999.0 -9999.0 -9999.0 -9999.0 -9999.0 -9999.0 -9999.0 -9999.0 -9999.0 -9999.0 -9999.0 -9999.0 -9999.0 -9999.0 -9999.0 -9999.0 -9999.0 -9999.0 -9999.0 -9999.0 -9999.0 -9999.0 3074.832940 3057.618762 3043.999797 3039.288411 3060.217853 3083.099019 3106.700711 3127.019190
-9999.0 -9999.0 -9999.0 -9999.0 -9999.0 -9999.0 -9999.0 -9999.0 -9999.0 -9999.0 -9999.0 -9999.0 -9999.0 -9999.0 -9999.0 -9999.0 -9999.0 -9999.0 -9999.0 -9999.0 -9999.0 -9999.0 -9999.0 -9999.0 -9999.0 -9999.0 -9999.0 -9999.0 -9999.0 -9999.0 -9999.0 -9999.0 -9999.0 -9999.0 -9999.0 -9999.0 -9999.0 -9999.0 -9999.0 -9999.0 3125.570206 3131.405025 3131.117273 3121.096223 3109.632308 3095.871450 3075.187494 3057.955757 3044.709472 3042.630937 3044.896740 3047.453650 3067.949407 3093.076296 3112.739586
-9999.0 -9999.0 -9999.0 -9999.0 -9999.0 -9999.0 -9999.0 -9999.0 -9999.0 -9999.0 -9999.0 -9999.0 -9999.0 -9999.0 -9999.0 -9999.0 -9999.0 -9999.0 -9999.0 -9999.0 -9999.0 -9999.0 -9999.0 -9999.0 -9999.0 -9999.0 -9999.0 -9999.0 -9999.0 -9999.0 -9999.0 -9999.0 -9999.0 -9999.0 3033.700013 3050.519719 3068.269209 3086.633778 3103.419077 3110.324808 3116.065541 3121.292297 3116.500931 3111.876720 3099.984974 3078.832135 3059.344017 3046.374629 3045.189825 3042.559179 3045.882498 3057.171849 3073.481422 3088.209435 3108.426474
-9999.0 -9999.0 -9999.0 -9999.0 -9999.0 -9999.0 -9999.0 -9999.0 -9999.0 -9999.0 -9999.0 -9999.0 -9999.0 -9999.0 -9999.0 -9999.0 -9999.0 -9999.0 -9999.0 -9999.0 -9999.0 -9999.0 -9999.0 -9999.0 -9999.0 -9999.0 -9999.0 -9999.0 3039.976423 3033.916310 3028.918410 3027.140435 3025.478253 3024.316078 3030.813672 3041.752654 3058.583989 3080.404488 3093.443116 3100.486858 3107.158545 3107.286623 3101.162310 3099.152010 3099.338644 3086.407184 3073.843539 3062.061368 3050.522888 3047.114707 3055.662938 3069.513015 3085.322042 3099.487029 3114.312393
-9999.0 -9999.0 -9999.0 -9999.0 -9999.0 -9999.0 -9999.0 -9999.0 -9999.0 -9999.0 -9999.0 -9999.0 -9999.0 -9999.0 -9999.0 -9999.0 -9999.0 -9999.0 -9999.0 -9999.0 -9999.0 -9999.0 -9999.0 3010.577759 3015.401444 3021.737135 3029.189452 3029.947004 3026.444255 3020.855636 3017.922975 3016.227750 3013.682064 3017.910551 3024.631073 3037.242121 3052.135340 3074.020057 3081.888558 3085.854724 3096.852475 3100.119268 3107.436057 3110.917412 3108.591852 3104.114025 3088.862982 3076.923162 3078.720670 3082.295670 3088.604606 3096.369691 3109.272978 3122.486768 3137.256202
-9999.0 -9999.0 -9999.0 -9999.0 -9999.0 -9999.0 -9999.0 -9999.0 -9999.0 -9999.0 -9999.0 -9999.0 -9999.0 -9999.0 -9999.0 -9999.0 -9999.0 -9999.0 -9999.0 2986.591607 2987.544496 2988.893847 2993.572554 2993.569808 2995.121914 3001.636554 3009.358868 3011.931607 3009.432383 3008.094523 3009.042431 3011.198229 3015.241491 3025.206556 3038.031172 3051.336502 3063.527310 3083.507909 3097.208427 3108.866285 3123.450730 3123.205545 3118.963409 3116.662723 3115.960476 3113.763731 3111.819643 3110.391604 3115.849828 3116.051560 3118.984931 3127.362005 3138.394644 3154.165850 3170.889706
-9999.0 -9999.0 -9999.0 -9999.0 -9999.0 -9999.0 -9999.0 -9999.0 -9999.0 -9999.0 -9999.0 -9999.0 -9999.0 -9999.0 -9999.0 -9999.0 2961.573662 2963.332003 2965.679772 2971.065310 2974.696011 2978.580824 2985.310471 2982.301592 2984.827844 2991.419365 2995.378676 3004.093537 3011.862526 3018.286848 3023.392217 3025.009636 3030.673874 3038.927943 3049.340059 3062.223255 3081.282309 3103.724719 3118.380642 3134.035230 3150.250520 3149.881285 3147.299717 3146.709417 3144.456454 3145.114491 3158.710715 3161.133951 3155.432536 3164.652533 3175.613812 3177.567099 3181.215415 3199.724774 3220.958950
-9999.0 -9999.0 -9999.0 -9999.0 -9999.0 -9999.0 -9999.0 -9999.0 -9999.0 -9999.0 -9999.0 -9999.0 -9999.0 2912.254434 2916.192751 2926.332600 2937.641537 2940.597340 2945.434096 2951.997817 2963.974479 2967.399784 2973.084878 2979.499685 2986.579031 2994.198937 3002.174647 3013.000714 3020.050907 3025.964356 3031.282673 3033.229986 3043.632454 3056.469220 3069.653383 3087.545291 3108.156329 3125.464110 3142.431146 3157.536776 3168.205608 3164.887878 3163.033686 3164.142975 3167.918808 3177.860300 3193.248212 3193.272158 3202.490931 3222.036754 3231.436849 3238.059726 3243.225086 3256.013079 3276.489591
-9999.0 -9999.0 -9999.0 -9999.0 -9999.0 -9999.0 -9999.0 -9999.0 -9999.0 -9999.0 2884.875890 2886.350302 2882.550875 2879.902425 2885.537787 2897.753405 2912.125118 2917.567045 2929.351068 2950.448073 2968.767190 2971.439339 2983.998139 2988.415953 2993.611877 3002.316644 3013.920969 3024.678137 3038.739751 3048.970515 3056.478658 3071.524286 3085.743425 3100.303921 3115.951021 3134.741144 3149.554573 3172.112114 3193.694705 3201.227270 3217.302256 3219.709532 3214.620863 3211.869250 3219.909915 3230.153509 3244.277601 3259.427965 3276.948769 3297.991476 3307.904953 3319.911678 3328.159740 3337.781550 3352.220719
-9999.0 -9999.0 -9999.0 -9999.0 -9999.0 -9999.0 -9999.0 -9999.0 2860.236391 2868.204834 2873.499889 2870.058035 2865.355726 2859.408543 2873.775152 2888.958632 2904.490551 2922.423503 2937.596184 2955.331356 2968.486935 2982.432937 2996.086331 3005.093971 3014.397978 3027.995334 3039.560353 3053.032128 3071.945388 3078.696966 3088.758948 3106.705721 3120.917938 3136.231963 3152.801611 3167.747062 3184.878519 3213.639946 3241.174552 3256.630753 3281.415276 3297.908304 3291.769408 3289.527773 3290.177073 3312.292690 3337.584403 3365.532704 3383.527304 3406.239134 3433.552823 3451.555305 3460.335082 3470.988739 3484.360905
-9999.0 -9999.0 -9999.0 -9999.0 -9999.0 -9999.0 2831.869328 2856.112809 2871.112318 2862.326911 2848.268469 2842.951549 2836.655793 2866.524814 2888.514622 2905.435979 2921.672469 2938.652355 2954.205361 2961.838133 2985.224781 3002.892004 3013.345479 3025.700668 3038.728405 3051.699555 3066.540734 3086.521268 3102.941054 3124.035170 3139.675121 3155.331792 3175.484941 3191.337504 3206.895584 3219.550081 3245.889202 3279.319654 3312.688232 3336.345729 3359.910342 3389.708475 3389.494827 3391.034651 3392.618262 3415.109513 3447.664308 3476.575198 3507.723988 3537.654202 3565.016059 3575.084604 3583.727848 3593.312515 3605.458619
-9999.0 -9999.0 -9999.0 -9999.0 2799.644068 2820.295657 2838.825841 2868.654807 2890.369391 2885.067192 2889.307473 2887.138098 2882.552539 2887.032037 2894.610387 2911.378183 2929.836911 2948.569893 2961.912484 2982.697589 3027.172871 3037.308906 3053.796929 3082.025001 3091.892447 3104.583728 3118.767205 3138.072739 3155.878084 3180.096445 3213.745948 3242.277835 3262.571443 3280.808140 3298.777330 3315.018599 3348.503617 3383.751083 3418.249989 3448.967137 3475.251274 3500.266852 3507.011249 3511.698683 3521.319420 3537.617491 3559.424744 3586.199358 3618.778548 3650.240690 3673.232660 3682.509304 3687.716426 3697.009942 3704.591950
-9999.0 -9999.0 -9999.0 2751.561571 2785.486214 2824.189295 2849.619133 2879.532584 2911.440634 2911.431430 2919.692794 2919.614118 2918.539628 2923.737063 2926.967081 2942.846755 2960.001884 2978.316118 2992.102612 3023.911271 3052.311559 3070.125676 3096.914147 3112.791198 3125.375046 3137.254817 3154.378119 3173.455318 3206.231667 3235.246001 3280.196900 3329.601689 3361.026042 3379.550242 3400.749287 3427.086743 3451.157951 3488.428018 3521.602311 3552.945667 3582.521915 3604.340218 3618.650760 3623.219564 3632.318178 3638.073785 3650.740701 3671.281230 3693.036742 3722.913796 3751.542510 3779.302860 3794.008278 3804.601980 3821.224129
-9999.0 -9999.0 2703.157933 2742.581291 2774.233510 2815.538079 2867.936279 2902.560274 2941.644634 2960.489302 2963.565588 2974.147207 2980.287430 2980.681244 2989.096934 3001.103516 3021.397096 3028.869421 3047.148246 3063.347687 3100.573680 3134.494028 3132.317024 3168.576140 3197.501932 3228.036662 3247.550991 3272.918273 3308.898265 3342.542414 3385.742979 3434.307379 3468.085896 3495.425553 3510.534596 3529.773940 3549.616628 3574.695094 3610.141217 3635.620597 3668.183046 3693.092268 3712.485791 3713.793886 3716.495429 3732.169220 3759.417147 3789.028597 3816.840259 3844.613253 3831.889369 3853.295965 3862.852045 3868.183637 3876.566781
-9999.0 -9999.0 2673.190781 2719.665824 2754.820210 2807.813255 2892.935076 2927.028946 2966.576264 3008.216809 3021.301322 3041.876964 3036.480283 3026.700447 3043.846916 3057.928736 3076.262166 3082.643474 3076.393991 3127.394439 3177.037271 3203.194975 3213.473646 3287.227407 3337.214006 3359.359396 3374.114361 3393.448403 3412.930006 3450.883216 3490.119433 3543.147351 3583.701664 3612.837688 3626.888806 3645.921662 3664.854054 3679.692243 3698.568070 3743.538807 3777.264701 3806.818236 3837.510113 3858.322179 3866.241616 3870.834585 3847.353179 3865.226907 3877.348375 3882.576305 3884.629283 3880.885288 3880.294269 3881.090726 3882.018361
-9999.0 2580.034967 2632.585612 2683.447261 2748.317319 2804.515598 2879.154574 2953.845178 3015.351013 3065.468696 3089.991215 3084.193098 3087.253134 3113.120917 3132.033562 3148.580127 3152.764522 3161.352889 3142.607720 3191.659786 3228.362332 3279.249827 3377.793538 3434.483402 3494.002345 3490.140033 3478.811492 3484.124805 3500.419640 3545.488579 3621.624886 3675.627047 3738.680105 3785.585551 3801.831477 3808.760505 3826.815886 3847.002651 3800.480311 3840.476170 3858.837548 3874.158989 3882.433963 3884.545751 3885.725209 3885.505586 3881.859704 3874.912755 3866.787842 3860.981167 3856.774505 3852.271774 3854.705277 3858.026806 3858.290134
-9999.0 2541.881973 2599.514907 2668.329426 2736.283433 2785.519716 2862.959155 3022.824788 3082.903412 3119.534688 3125.776332 3105.525798 3164.072215 3221.651897 3245.744350 3289.481354 3274.227738 3258.862382 3223.825737 3248.685114 3287.345884 3356.721095 3522.231373 3608.961918 3657.042498 3664.918334 3666.099349 3693.601767 3736.145711 3781.432284 3824.934329 3797.287168 3843.297506 3865.890301 3870.611521 3871.272404 3876.341663 3874.979480 3873.403834 3869.014593 3863.896764 3864.052939 3868.582870 3868.417657 3865.479348 3862.139244 3856.464053 3849.040441 3843.815033 3839.190594 3836.525906 3833.674728 3831.759223 3831.113625 3826.341852
-9999.0 2502.338490 2576.914272 2635.753300 2683.635956 2776.879299 2899.192345 3038.210317 3132.751753 3165.872847 3146.935108 3183.085061 3283.851097 3386.951355 3437.796294 3458.274665 3440.580121 3394.660360 3376.493432 3419.080515 3487.686933 3602.731018 3734.756459 3830.446021 3845.053978 3848.202636 3803.552220 3827.577171 3849.845234 3852.487400 3853.532871 3860.863404 3865.891844 3868.781362 3867.229218 3864.340254 3859.541762 3851.382012 3846.567330 3842.919477 3839.171346 3838.064441 3840.104562 3841.859433 3839.066508 3835.182503 3830.709585 3825.129892 3818.847144 3812.110330 3807.838751 3803.621338 3801.504227 3796.058146 3792.500684
-9999.0 2380.583315 2476.482659 2518.162244 2595.543966 2783.148312 2904.615870 3041.475765 3202.243030 3223.068624 3269.877960 3405.213879 3521.329609 3599.563151 3628.580887 3661.878255 3686.065847 3702.100814 3737.844759 3626.627610 3703.502098 3795.658638 3837.549682 3855.715107 3864.490784 3864.838110 3855.115040 3834.456833 3823.748402 3816.995251 3818.602692 3825.862898 3830.591243 3835.420398 3833.130247 3834.132917 3835.119684 3831.868837 3827.876533 3819.209186 3811.386037 3804.774832 3801.642528 3806.379715 3801.714362 3799.291198 3793.138957 3784.766200 3775.884302 3768.519588 3760.616218 3754.076883 3751.833561 3746.821123 3745.645809
-9999.0 2299.678439 2372.515118 2434.168238 2546.659124 2710.549032 2801.305948 2958.090835 3190.405276 3322.881806 3481.014817 3568.677192 3638.129827 3681.051631 3731.631368 3782.065152 3808.031063 3818.995249 3789.943408 3810.438743 3768.477873 3757.555172 3774.739406 3803.313435 3819.869197 3823.840501 3815.895304 3806.580416 3799.325945 3798.201818 3796.100716 3792.252258 3788.330898 3784.857881 3781.717248 3784.583816 3789.814121 3782.794647 3772.698998 3763.376921 3754.969482 3745.840558 3739.939696 3735.407919 3735.661512 3735.905566 3728.324138 3717.888684 3707.108780 3698.879482 3691.694206 3687.150851 3684.542843 3679.637260 3670.230219
-9999.0 2180.868262 2312.917846 2390.248338 2486.169073 2615.525226 2721.052335 2864.675476 2990.348035 3229.823957 3370.842045 3553.526231 3601.449944 3669.185739 3716.960295 3788.649968 3784.465543 3752.966956 3710.585998 3694.262927 3704.499993 3713.235393 3721.677298 3736.403883 3753.840475 3763.779766 3768.418826 3762.209467 3748.042647 3735.862885 3725.156407 3711.838951 3702.653594 3700.283114 3704.002023 3713.721081 3714.394341 3705.122457 3691.138650 3673.146197 3657.716843 3646.050919 3643.982754 3646.642498 3647.665128 3643.684982 3637.841677 3627.174769 3614.663759 3602.391866 3596.630174 3592.275510 3585.002652 3574.004795 3562.389637
-9999.0 -9999.0 2227.655303 2336.049385 2429.951935 2541.163447 2631.786785 2751.124589 2881.774441 3047.482068 3161.517403 3335.342860 3427.079538 3470.426483 3505.193824 3560.102249 3584.219720 3613.855118 3606.770970 3617.431415 3626.634939 3631.688806 3637.081015 3643.128478 3653.680820 3663.360159 3673.243050 3670.453462 3661.585109 3641.397830 3616.246060 3596.707132 3586.382544 3577.361150 3589.191324 3601.606878 3596.349487 3589.486537 3576.954459 3560.901758 3548.343993 3534.201167 3530.753943 3530.744594 3531.338029 3529.037033 3526.416180 3514.079905 3501.874726 3491.921385 3487.876697 3482.333515 3478.715009 3468.971600 3458.468621
-9999.0 -9999.0 2139.370567 2243.417906 2345.828470 2462.958394 2547.478378 2565.269137 2702.403906 2795.824751 2901.760920 3005.766027 3099.212223 3165.013660 3198.009185 3258.958902 3313.010568 3330.663231 3368.103450 3419.095854 3452.080379 3489.904234 3512.097394 3521.547063 3533.955198 3548.111602 3555.570180 3540.642158 3529.399107 3512.401941 3489.282659 3463.028241 3449.710012 3448.978763 3448.342859 3450.232434 3442.838273 3433.895523 3419.532441 3405.540505 3393.353169 3384.289785 3380.719730 3375.413040 3373.270546 3370.609948 3368.901750 3363.957089 3355.592969 3350.875619 3342.831176 3339.056754 3338.212630 3335.011374 3329.190394
