tests/Borden05m/sims/sim_1/output-maps/psiliqL0019N0011.asc
ncols         160
nrows         34
xllcorner     620200.000000
yllcorner     5168000.000000
cellsize      0.500000
NODATA_value  -9999.0
[rows 0 to 24 of 34, columns 0 to 54 of 160]
-9999.0 -9999.0 -9999.0 -9999.0 -9999.0 -9999.0 -9999.0 -9999.0 -9999.0 -9999.0 -9999.0 -9999.0 -9999.0 -9999.0 -9999.0 -9999.0 -9999.0 -9999.0 -9999.0 -9999.0 -9999.0 -9999.0 -9999.0 -9999.0 -9999.0 -9999.0 -9999.0 -9999.0 -9999.0 -9999.0 -9999.0 -9999.0 -9999.0 -9999.0 -9999.0 -9999.0 -9999.0 -9999.0 -9999.0 -9999.0 -9999.0 -9999.0 -9999.0 -9999.0 -9999.0 -9999.0 -9999.0 -9999.0 -9999.0 -9999.0 -9999.0 -9999.0 -9999.0 -9999.0 -9999.0
-9999.0 -9999.0 -9999.0 -9999.0 -9999.0 -9999.0 -9999.0 -9999.0 -9999.0 -9999.0 -9999.0 -9999.0 -9999.0 -9999.0 -9999.0 -9999.0 -9999.0 -9999.0 -9999.0 -9999.0 -9999.0 -9999.0 -9999.0 -9999.0 -9999.0 -9999.0 -9999.0 -9999.0 -9999.0 -9999.0 -9999.0 -9999.0 -9999.0 -9999.0 -9999.0 -9999.0 -9999.0 -9999.0 -9999.0 -9999.0 -9999.0 -9999.0 -9999.0 -9999.0 -9999.0 -9999.0 -9999.0 -9999.0 -9999.0 -9999.0 -9999.0 -9999.0 -9999.0 -9999.0 -9999.0
-9999.0 -9999.0 -9999.0 -9999.0 -9999.0 -9999.0 -9999.0 -9999.0 -9999.0 -9999.0 -9999.0 -9999.0 -9999.0 -9999.0 -9999.0 -9999.0 -9999.0 -9999.0 -9999.0 -9999.0 -9999.0 -9999.0 -9999.0 -9999.0 -9999.0 -9999.0 -9999.0 -9999.0 -9999.0 -9999.0 -9999.0 -9999.0 -9999.0 -9999.0 -9999.0 -9999.0 -9999.0 -9999.0 -9999.0 -9999.0 -9999.0 -9999.0 -9999.0 -9999.0 -9999.0 -9999.0 -9999.0 1903.436609 1886.413792 1872.149149 1869.128796 1891.386133 1915.089452 1939.367196 1960.385232
-9999.0 -9999.0 -9999.0 -9999.0 -9999.0 -9999.0 -9999.0 -9999.0 -9999.0 -9999.0 -9999.0 -9999.0 -9999.0 -9999.0 -9999.0 -9999.0 -9999.0 -9999.0 -9999.0 -9999.0 -9999.0 -9999.0 -9999.0 -9999.0 -9999.0 -9999.0 -9999.0 -9999.0 -9999.0 -9999.0 -9999.0 -9999.0 -9999.0 -9999.0 -9999.0 -9999.0 -9999.0 -9999.0 -9999.0 -9999.0 1951.126344 1957.232509 1958.061321 1948.249988 1937.376219 1924.827373 1904.823484 1887.443767 1873.719808 1871.882393 1874.896590 1879.311346 1901.460938 1926.975358 1947.256142
-9999.0 -9999.0 -9999.0 -9999.0 -9999.0 -9999.0 -9999.0 -9999.0 -9999.0 -9999.0 -9999.0 -9999.0 -9999.0 -9999.0 -9999.0 -9999.0 -9999.0 -9999.0 -9999.0 -9999.0 -9999.0 -9999.0 -9999.0 -9999.0 -9999.0 -9999.0 -9999.0 -9999.0 -9999.0 -9999.0 -9999.0 -9999.0 -9999.0 -9999.0 1857.432392 1874.859930 1893.223226 1912.110412 1929.359872 1936.600951 1942.576863 1948.409472 1944.416176 1940.294647 1929.216383 1909.612043 1890.596401 1877.634442 1876.480285 1874.518449 1878.973862 1891.726844 1908.966702 1925.128375 1946.390299
-9999.0 -9999.0 -9999.0 -9999.0 -9999.0 -9999.0 -9999.0 -9999.0 -9999.0 -9999.0 -9999.0 -9999.0 -9999.0 -9999.0 -9999.0 -9999.0 -9999.0 -9999.0 -9999.0 -9999.0 -9999.0 -9999.0 -9999.0 -9999.0 -9999.0 -9999.0 -9999.0 -9999.0 1860.448372 1854.804283 1850.293575 1849.255542 1848.384383 1847.793070 1854.824426 1866.795470 1884.781064 1907.118166 1920.709506 1928.399475 1935.558706 1936.542228 1931.570928 1930.196174 1931.097496 1919.367716 1907.888855 1897.175774 1886.813726 1885.059626 1894.865074 1909.616004 1926.410006 1941.714077 1957.616386
-9999.0 -9999.0 -9999.0 -9999.0 -9999.0 -9999.0 -9999.0 -9999.0 -9999.0 -9999.0 -9999.0 -9999.0 -9999.0 -9999.0 -9999.0 -9999.0 -9999.0 -9999.0 -9999.0 -9999.0 -9999.0 -9999.0 -9999.0 1829.212935 1834.834270 1841.729311 1849.715362 1851.074462 1847.679282 1842.596426 1840.227876 1839.311566 1837.892147 1842.924844 1850.971591 1864.733007 1880.796078 1903.388730 1912.354789 1918.128982 1930.464004 1934.177623 1941.407792 1945.945510 1944.687592 1941.783623 1928.689384 1918.865864 1923.106966 1928.662011 1936.046757 1944.766609 1958.781794 1973.973156 1990.927674
-9999.0 -9999.0 -9999.0 -9999.0 -9999.0 -9999.0 -9999.0 -9999.0 -9999.0 -9999.0 -9999.0 -9999.0 -9999.0 -9999.0 -9999.0 -9999.0 -9999.0 -9999.0 -9999.0 1803.625188 1804.833416 1806.493712 1811.601009 1812.478172 1814.810613 1822.136413 1830.706131 1833.811635 1832.360357 1831.671015 1833.681389 1836.932619 1841.972032 1853.468944 1867.643577 1882.253578 1896.184863 1917.510589 1932.640260 1946.187491 1962.389556 1962.795792 1959.554381 1958.381014 1959.174332 1959.101004 1961.202025 1962.816352 1969.549904 1973.016736 1978.669501 1988.499159 2000.812528 2018.877934 2038.273367
-9999.0 -9999.0 -9999.0 -9999.0 -9999.0 -9999.0 -9999.0 -9999.0 -9999.0 -9999.0 -9999.0 -9999.0 -9999.0 -9999.0 -9999.0 -9999.0 1774.270790 1776.326230 1778.926396 1784.636914 1788.226345 1792.601031 1799.979145 1801.764115 1805.847885 1813.466543 1818.698185 1828.264399 1837.012134 1844.786447 1851.273569 1854.422511 1862.032732 1872.031079 1884.242687 1899.414033 1920.787316 1944.582884 1961.112377 1978.418556 1996.123352 1997.309339 1996.560004 1997.909529 1998.115962 2002.859314 2019.480274 2024.632462 2023.576441 2037.631009 2051.215516 2055.989332 2064.143600 2084.172582 2107.779053
-9999.0 -9999.0 -9999.0 -9999.0 -9999.0 -9999.0 -9999.0 -9999.0 -9999.0 -9999.0 -9999.0 -9999.0 -9999.0 1725.820775 1730.180071 1740.410853 1750.970389 1754.111217 1759.106396 1765.867674 1778.490582 1782.605090 1789.232059 1797.169926 1809.939821 1819.140758 1828.721892 1841.080892 1849.884733 1857.561906 1864.894828 1869.963546 1883.052455 1898.350698 1914.101281 1934.421758 1956.932042 1977.151097 1997.245729 2013.906243 2027.389250 2028.097937 2027.844814 2030.761482 2037.845992 2053.971473 2072.420215 2078.437927 2093.566387 2116.038507 2128.741735 2139.282555 2147.665701 2161.963459 2183.871502
-9999.0 -9999.0 -9999.0 -9999.0 -9999.0 -9999.0 -9999.0 -9999.0 -9999.0 -9999.0 1694.176791 1696.469016 1693.375306 1692.574966 1698.422338 1711.124571 1725.686609 1732.346509 1744.630449 1766.270240 1784.980474 1788.885930 1803.561208 1814.437803 1821.833021 1832.678253 1846.285771 1859.355076 1876.140841 1888.854000 1899.895378 1918.710871 1935.492086 1952.497994 1970.687431 1991.647524 2010.630157 2037.854838 2064.829045 2076.788566 2097.613879 2106.039190 2103.495365 2103.625427 2113.442805 2128.237192 2147.517846 2168.356204 2189.271791 2213.798908 2228.992220 2243.411006 2254.267306 2266.664160 2283.122929
-9999.0 -9999.0 -9999.0 -9999.0 -9999.0 -9999.0 -9999.0 -9999.0 1668.788737 1676.760200 1683.035325 1680.407296 1676.451528 1672.313830 1687.003608 1703.271378 1719.838002 1738.351808 1754.791671 1773.639228 1789.020508 1805.330354 1826.000670 1838.054600 1850.006753 1865.907920 1880.016717 1896.915949 1918.536497 1930.057534 1945.301446 1966.626725 1984.845352 2003.198124 2022.529733 2040.904772 2065.879143 2098.887384 2130.450542 2151.406875 2179.245696 2200.669171 2198.944210 2200.716599 2204.785457 2230.112419 2258.795991 2289.333868 2313.136881 2339.702509 2369.264881 2388.155993 2399.140081 2412.117247 2427.783075
-9999.0 -9999.0 -9999.0 -9999.0 -9999.0 -9999.0 1640.263544 1664.872987 1680.426978 1672.729368 1661.695478 1658.053036 1653.824609 1680.848105 1703.693156 1721.721221 1739.298447 1757.640936 1774.818411 1786.820883 1819.765563 1839.021259 1853.270771 1870.344014 1885.762327 1901.186122 1919.037786 1942.449656 1963.438956 1990.966468 2013.926489 2035.920203 2062.202547 2081.996034 2101.094633 2118.593245 2149.351808 2186.401804 2223.017083 2250.960684 2277.932633 2310.151313 2315.647319 2320.933908 2326.905175 2349.661099 2382.645780 2413.199978 2446.992893 2479.286951 2507.467602 2520.529766 2531.542335 2543.334693 2557.379213
-9999.0 -9999.0 -9999.0 -9999.0 1606.527896 1627.643938 1647.533577 1678.408512 1701.278196 1696.921245 1703.407061 1703.491358 1701.488754 1706.662719 1715.034289 1733.711924 1753.440191 1773.493365 1790.921196 1823.843341 1869.931681 1884.742845 1907.299750 1939.280382 1953.002213 1968.857043 1985.884648 2008.954987 2033.569656 2065.709025 2106.679339 2141.670684 2166.733734 2189.233678 2210.678318 2231.759168 2267.079603 2305.631610 2342.975475 2376.972497 2406.460574 2433.383384 2444.882487 2452.717759 2464.811369 2482.267634 2504.929846 2533.824466 2566.865478 2599.682814 2624.768100 2637.244248 2645.033039 2656.145850 2666.327485
-9999.0 -9999.0 -9999.0 1555.035177 1594.086995 1632.927114 1659.856527 1691.049166 1723.918669 1727.554779 1737.297386 1741.273974 1744.932344 1753.390625 1761.053042 1779.039223 1797.070290 1815.588068 1838.583569 1875.231829 1909.101797 1935.417920 1966.843098 1990.679163 2009.651038 2025.575863 2045.215933 2068.848193 2108.448849 2144.013447 2193.342260 2246.193410 2282.068311 2305.983425 2329.458055 2357.841962 2383.843429 2421.866143 2457.403509 2491.158994 2524.117997 2549.156379 2567.328353 2574.893635 2585.390842 2593.829667 2609.453069 2631.237376 2654.014060 2684.223719 2713.655445 2742.253863 2757.744869 2768.889521 2785.856645
-9999.0 -9999.0 1507.184447 1545.814029 1579.126568 1628.404896 1681.918958 1717.260649 1758.398448 1781.344573 1787.881405 1803.710760 1818.994664 1825.264627 1839.659670 1856.528343 1877.214163 1886.203525 1905.708743 1931.923874 1978.053029 2020.195229 2033.087724 2080.516507 2113.822664 2144.479882 2164.738719 2192.567119 2229.889009 2269.495443 2317.467257 2368.036781 2405.634038 2436.583364 2454.065023 2474.891713 2497.785012 2524.570787 2560.678980 2589.337978 2622.302925 2649.126268 2671.063018 2676.681574 2681.767819 2698.434637 2724.933025 2754.751267 2781.681993 2807.875912 2805.414220 2822.413389 2830.591442 2835.529612 2842.414564
-9999.0 -9999.0 1479.097046 1524.816320 1563.241575 1626.951858 1709.875177 1746.773699 1789.617540 1836.547263 1854.742524 1879.494966 1886.299275 1889.894330 1912.826700 1933.907318 1950.932764 1959.694174 1958.971590 2014.509558 2071.839249 2113.706447 2146.731373 2218.119435 2267.210758 2288.207034 2304.200719 2326.166193 2350.110461 2392.130014 2437.141351 2491.107776 2535.378454 2566.642323 2583.307866 2603.276145 2624.265692 2642.229807 2662.513128 2705.366916 2738.253349 2767.043930 2796.587080 2817.981128 2827.003381 2831.821958 2816.718487 2830.989166 2840.900711 2845.755159 2848.147377 2845.534707 2845.641262 2846.920333 2848.224757
-9999.0 1388.313600 1440.737321 1493.136340 1560.690011 1626.259587 1707.041597 1786.053921 1847.675988 1898.169132 1927.462216 1934.361107 1959.108904 1996.919458 2022.351692 2047.254282 2053.351806 2062.401308 2051.230632 2102.923193 2149.038623 2214.907126 2321.297958 2379.417849 2432.204355 2434.031690 2428.762081 2440.071956 2462.024394 2507.009490 2579.663021 2631.159632 2689.815002 2735.837516 2753.032941 2761.214875 2780.050015 2801.025116 2775.118526 2806.182819 2821.505757 2834.335075 2840.553926 2843.537917 2845.646647 2846.579162 2844.066427 2838.291032 2831.101262 2826.058063 2822.460004 2818.341390 2820.990336 2824.321171 2824.722599
-9999.0 1351.726843 1410.527834 1481.104065 1551.198115 1611.801547 1708.170321 1860.902526 1919.241940 1958.428277 1976.667757 1983.690639 2055.695538 2121.420093 2154.317465 2201.316512 2194.956710 2185.489997 2165.783956 2197.438645 2244.020928 2317.716319 2470.715947 2558.075738 2596.959613 2609.168000 2616.053276 2644.770990 2685.312593 2728.417190 2767.477345 2757.235062 2793.398784 2812.436420 2818.360590 2821.066233 2826.638471 2827.473691 2827.011617 2824.435035 2821.027389 2822.527353 2827.900459 2828.716761 2826.723511 2824.221066 2819.127616 2811.977252 2806.751173 2802.209021 2799.498494 2796.471949 2794.524489 2793.880493 2788.811657
-9999.0 1317.936256 1390.686693 1452.502780 1510.748030 1616.957095 1745.360505 1885.153682 1980.725017 2018.835751 2027.052460 2085.507816 2188.650769 2290.711165 2345.305933 2372.192264 2369.333761 2341.496385 2338.783933 2384.678512 2452.609618 2555.879338 2665.880103 2754.183817 2770.916646 2777.069997 2748.905993 2768.926901 2787.530033 2792.407688 2795.832699 2802.919549 2809.984957 2814.686579 2815.043739 2813.739583 2810.372103 2803.537036 2799.657153 2797.165188 2794.496951 2794.580369 2797.628786 2799.613917 2797.406483 2793.828713 2789.405605 2783.600843 2776.942165 2769.935074 2765.481770 2760.952499 2758.267540 2752.470630 2747.571570
-9999.0 1209.173924 1300.790792 1350.509631 1450.118985 1630.495341 1759.042965 1906.452245 2061.005704 2094.945564 2160.788472 2289.739416 2402.185326 2481.638432 2521.044966 2563.055428 2593.780093 2617.578565 2655.628842 2587.401427 2654.157675 2729.004225 2763.702481 2781.305441 2789.006366 2792.567688 2786.411099 2768.938863 2760.590428 2755.931278 2759.425130 2768.302853 2774.881635 2781.332163 2780.298451 2781.964675 2783.128479 2780.270137 2776.703640 2768.757623 2761.563468 2755.901870 2753.884489 2759.127262 2754.503449 2751.679485 2745.475243 2736.843397 2726.373983 2718.301697 2709.982786 2702.712352 2699.378012 2693.113829 2690.582986
-9999.0 1128.338865 1203.667922 1281.782741 1409.757808 1574.496716 1691.979747 1856.708289 2078.408675 2203.696668 2344.620384 2426.002372 2501.254728 2558.125318 2618.633994 2672.016409 2701.484951 2715.674443 2700.807093 2718.454526 2684.800305 2678.753357 2699.550816 2729.419796 2746.491885 2752.723409 2746.622443 2738.459323 2732.879256 2733.178192 2732.735771 2731.225045 2729.412193 2727.421254 2724.922635 2727.718473 2732.815949 2726.350111 2715.989272 2707.295622 2699.584982 2691.083265 2685.522807 2681.638686 2681.056812 2680.856694 2673.127235 2662.578129 2652.128261 2643.580726 2635.549985 2629.684236 2626.171921 2620.083395 2610.060804
-9999.0 1021.456418 1147.368078 1234.804494 1346.417563 1480.838546 1599.514040 1759.700482 1902.520912 2132.852796 2286.008277 2427.293084 2475.446382 2541.327876 2598.791295 2672.756735 2677.861161 2651.575556 2618.155185 2605.847159 2616.203905 2627.667124 2640.566254 2659.724453 2678.854648 2690.196320 2694.856306 2689.202250 2676.408801 2666.590022 2658.687097 2647.816334 2640.200345 2638.775032 2641.055473 2649.422172 2650.980837 2642.009493 2629.215791 2612.302263 2597.671899 2586.634268 2584.083050 2585.906440 2586.189496 2582.182392 2575.511686 2564.628597 2551.885376 2539.478852 2532.203579 2526.484594 2518.479444 2506.818273 2493.451006
-9999.0 -9999.0 1068.081630 1178.339569 1281.148622 1399.923737 1505.910989 1640.420304 1787.970228 1966.662151 2085.397394 2236.442675 2320.132410 2367.949525 2414.033933 2472.401283 2497.185288 2524.770018 2515.801968 2525.697504 2535.789944 2543.334265 2552.769437 2563.429686 2576.870517 2587.955966 2597.682099 2596.179007 2587.931836 2569.996075 2547.936451 2530.898507 2521.562314 2513.763555 2524.104107 2535.766320 2531.689606 2524.915787 2512.693957 2496.107124 2483.164688 2469.217256 2465.462241 2465.408680 2465.433006 2462.452475 2458.363563 2445.237489 2432.196550 2420.681096 2415.174173 2408.546561 2403.102757 2391.953410 2380.157259
-9999.0 -9999.0 982.192476 1089.324083 1199.360482 1320.856101 1415.482791 1467.828128 1614.819188 1727.186509 1833.994587 1938.630060 2028.088429 2095.247838 2136.633657 2199.907339 2248.995834 2268.339729 2298.921810 2340.306416 2371.121066 2404.853188 2426.352679 2439.132362 2453.661673 2468.361869 2477.331487 2464.985217 2454.519935 2438.194713 2416.374059 2392.076418 2379.548163 2377.162675 2377.921940 2381.350570 2374.753427 2365.450040 2351.254901 2336.711335 2324.171882 2313.821913 2309.795537 2305.298297 2303.278307 2300.113368 2297.086740 2289.240096 2278.824879 2272.009090 2263.247054 2257.597473 2254.792538 2248.950206 2240.608890
