tests/Borden05m/sims/sim_1/output-maps/psiliqL0023N0007.asc
ncols         160
nrows         34
xllcorner     620200.000000
yllcorner     5168000.000000
cellsize      0.500000
NODATA_value  -9999.0
[rows 0 to 24 of 34, columns 0 to 54 of 160]
-9999.0 -9999.0 -9999.0 -9999.0 -9999.0 -9999.0 -9999.0 -9999.0 -9999.0 -9999.0 -9999.0 -9999.0 -9999.0 -9999.0 -9999.0 -9999.0 -9999.0 -9999.0 -9999.0 -9999.0 -9999.0 -9999.0 -9999.0 -9999.0 -9999.0 -9999.0 -9999.0 -9999.0 -9999.0 -9999.0 -9999.0 -9999.0 -9999.0 -9999.0 -9999.0 -9999.0 -9999.0 -9999.0 -9999.0 -9999.0 -9999.0 -9999.0 -9999.0 -9999.0 -9999.0 -9999.0 -9999.0 -9999.0 -9999.0 -9999.0 -9999.0 -9999.0 -9999.0 -9999.0 -9999.0
-9999.0 -9999.0 -9999.0 -9999.0 -9999.0 -9999.0 -9999.0 -9999.0 -9999.0 -9999.0 -9999.0 -9999.0 -9999.0 -9999.0 -9999.0 -9999.0 -9999.0 -9999.0 -9999.0 -9999.0 -9999.0 -9999.0 -9999.0 -9999.0 -9999.0 -9999.0 -9999.0 -9999.0 -9999.0 -9999.0 -9999.0 -9999.0 -9999.0 -9999.0 -9999.0 -9999.0 -9999.0 -9999.0 -9999.0 -9999.0 -9999.0 -9999.0 -9999.0 -9999.0 -9999.0 -9999.0 -9999.0 -9999.0 -9999.0 -9999.0 -9999.0 -9999.0 -9999.0 -9999.0 -9999.0
-9999.0 -9999.0 -9999.0 -9999.0 -9999.0 -9999.0 -9999.0 -9999.0 -9999.0 -9999.0 -9999.0 -9999.0 -9999.0 -9999.0 -9999.0 -9999.0 -9999.0 -9999.0 -9999.0 -9999.0 -9999.0 -9999.0 -9999.0 -9999.0 -9999.0 -9999.0 -9999.0 -9999.0 -9999.0 -9999.0 -9999.0 -9999.0 -9999.0 -9999.0 -9999.0 -9999.0 -9999.0 -9999.0 -9999.0 -9999.0 -9999.0 -9999.0 -9999.0 -9999.0 -9999.0 -9999.0 -9999.0 2708.311257 2691.466760 2678.142758 2674.634894 2696.724410 2720.633507 2745.212775 2766.474688
-9999.0 -9999.0 -9999.0 -9999.0 -9999.0 -9999.0 -9999.0 -9999.0 -9999.0 -9999.0 -9999.0 -9999.0 -9999.0 -9999.0 -9999.0 -9999.0 -9999.0 -9999.0 -9999.0 -9999.0 -9999.0 -9999.0 -9999.0 -9999.0 -9999.0 -9999.0 -9999.0 -9999.0 -9999.0 -9999.0 -9999.0 -9999.0 -9999.0 -9999.0 -9999.0 -9999.0 -9999.0 -9999.0 -9999.0 -9999.0 2755.895877 2762.154451 2762.755961 2753.414255 2742.779360 2730.008038 2709.992954 2692.823742 2679.838918 2678.442196 2681.671133 2685.625771 2707.479202 2733.536400 2754.164775
-9999.0 -9999.0 -9999.0 -9999.0 -9999.0 -9999.0 -9999.0 -9999.0 -9999.0 -9999.0 -9999.0 -9999.0 -9999.0 -9999.0 -9999.0 -9999.0 -9999.0 -9999.0 -9999.0 -9999.0 -9999.0 -9999.0 -9999.0 -9999.0 -9999.0 -9999.0 -9999.0 -9999.0 -9999.0 -9999.0 -9999.0 -9999.0 -9999.0 -9999.0 2661.085512 2678.513662 2697.077033 2716.311448 2733.940204 2741.532312 2747.631860 2753.558474 2749.665969 2745.916252 2735.026884 2715.100864 2696.422000 2684.036066 2683.540022 2681.912699 2686.466719 2699.135912 2716.655048 2732.746674 2754.140001
-9999.0 -9999.0 -9999.0 -9999.0 -9999.0 -9999.0 -9999.0 -9999.0 -9999.0 -9999.0 -9999.0 -9999.0 -9999.0 -9999.0 -9999.0 -9999.0 -9999.0 -9999.0 -9999.0 -9999.0 -9999.0 -9999.0 -9999.0 -9999.0 -9999.0 -9999.0 -9999.0 -9999.0 2663.366995 2657.852373 2653.639010 2652.839844 2652.201279 2651.920390 2659.054151 2670.959294 2688.920972 2711.723966 2725.763847 2733.795882 2741.333155 2742.510798 2737.605380 2736.688888 2738.014777 2726.382137 2715.075549 2704.549458 2694.351076 2692.497874 2702.504026 2717.689992 2734.824712 2750.354799 2766.422326
-9999.0 -9999.0 -9999.0 -9999.0 -9999.0 -9999.0 -9999.0 -9999.0 -9999.0 -9999.0 -9999.0 -9999.0 -9999.0 -9999.0 -9999.0 -9999.0 -9999.0 -9999.0 -9999.0 -9999.0 -9999.0 -9999.0 -9999.0 2631.371864 2636.812737 2643.878758 2652.140201 2653.717278 2650.712169 2645.909988 2643.921265 2643.333133 2642.052017 2647.429803 2655.433300 2669.324690 2685.568187 2708.690721 2717.939405 2723.522732 2735.977822 2740.436518 2748.807323 2753.749411 2752.888647 2750.029418 2736.636533 2726.585802 2730.427299 2735.919152 2743.833472 2753.077575 2767.301526 2782.241198 2798.618018
-9999.0 -9999.0 -9999.0 -9999.0 -9999.0 -9999.0 -9999.0 -9999.0 -9999.0 -9999.0 -9999.0 -9999.0 -9999.0 -9999.0 -9999.0 -9999.0 -9999.0 -9999.0 -9999.0 2605.813807 2607.146074 2609.019372 2614.268756 2615.020110 2617.369124 2624.828884 2633.594326 2637.137977 2635.781840 2635.533599 2637.802747 2641.369418 2646.844966 2658.453037 2672.877782 2687.799620 2701.779284 2723.435040 2738.837234 2752.393456 2768.817016 2770.116669 2767.563416 2766.999552 2768.100984 2767.759689 2768.517035 2769.559400 2776.941481 2779.744547 2785.051529 2795.118842 2806.480937 2824.110628 2842.873212
-9999.0 -9999.0 -9999.0 -9999.0 -9999.0 -9999.0 -9999.0 -9999.0 -9999.0 -9999.0 -9999.0 -9999.0 -9999.0 -9999.0 -9999.0 -9999.0 2576.532713 2578.633162 2581.386372 2587.202082 2591.196207 2595.677117 2603.111061 2604.921444 2609.076419 2616.922174 2622.283009 2632.313230 2641.485633 2649.506073 2656.297600 2659.724016 2667.398125 2677.652942 2690.123313 2705.239671 2726.518197 2750.838278 2767.424202 2785.121422 2803.407271 2805.166377 2804.837569 2806.523143 2806.505901 2808.759039 2824.804471 2829.805683 2827.363786 2839.947171 2853.501960 2857.911700 2795.802943 2813.438627 2834.990719
-9999.0 -9999.0 -9999.0 -9999.0 -9999.0 -9999.0 -9999.0 -9999.0 -9999.0 -9999.0 -9999.0 -9999.0 -9999.0 2526.796574 2531.192263 2541.775610 2553.181854 2556.614801 2561.965202 2569.068998 2581.781757 2585.998692 2592.575751 2600.449290 2613.897872 2623.430719 2633.203010 2645.852721 2654.854236 2662.788126 2670.288847 2674.852724 2687.781228 2703.166219 2718.986290 2739.424929 2762.203320 2781.972845 2800.474661 2817.689763 2831.085866 2830.939240 2831.503493 2835.121197 2841.735493 2790.649755 2805.771992 2807.374382 2818.123158 2838.228452 2848.313536 2855.799691 2860.636950 2873.411954 2893.816067
-9999.0 -9999.0 -9999.0 -9999.0 -9999.0 -9999.0 -9999.0 -9999.0 -9999.0 -9999.0 2496.810540 2498.948626 2495.922893 2494.410821 2500.667145 2513.634599 2528.662829 2535.128140 2547.712776 2569.628827 2588.734758 2592.531504 2606.741548 2618.400688 2626.226587 2637.187254 2651.033427 2664.181352 2680.809710 2693.572123 2704.057123 2722.195477 2739.031821 2756.416532 2775.011839 2796.429727 2813.320292 2839.021158 2805.567397 2813.276955 2830.424701 2834.335458 2829.637264 2827.404468 2835.591076 2846.016932 2861.368036 2877.905237 2895.777008 2917.471678 2928.672725 2941.011776 2949.629485 2959.654648 2974.082708
-9999.0 -9999.0 -9999.0 -9999.0 -9999.0 -9999.0 -9999.0 -9999.0 2471.010250 2479.419231 2485.634386 2483.113944 2479.385927 2474.802416 2490.068824 2506.431942 2523.136962 2542.091239 2558.489751 2577.364420 2592.152699 2607.996461 2629.755600 2642.041727 2654.082184 2670.319320 2684.646749 2701.190246 2722.889956 2733.037522 2746.859009 2767.892543 2784.386311 2802.865702 2822.759019 2841.019768 2798.989496 2827.668905 2855.126054 2871.782826 2896.960325 2914.237798 2908.992310 2907.563907 2908.850811 2931.531540 2957.455232 2985.623641 2994.448564 3017.374830 3044.628477 3062.171791 3070.885238 3081.474897 3094.748067
-9999.0 -9999.0 -9999.0 -9999.0 -9999.0 -9999.0 2441.440227 2466.281900 2482.157781 2474.476432 2462.263767 2458.416334 2453.783853 2483.729655 2507.064817 2525.434362 2543.196179 2561.673544 2578.731810 2589.011876 2621.536121 2641.864065 2655.855298 2671.871389 2687.848435 2703.863574 2721.968230 2745.282354 2765.048807 2789.203828 2809.437745 2829.343665 2791.639439 2807.293348 2823.363085 2836.957295 2863.196868 2896.833521 2930.556424 2954.970988 2978.886693 2999.047738 2999.537776 3001.377402 3003.522581 3025.238956 3057.106382 3085.751981 3116.707657 3146.562789 3173.345589 3182.452134 3190.982541 3200.470092 3212.434223
-9999.0 -9999.0 -9999.0 -9999.0 2407.535603 2428.764946 2448.422609 2479.353168 2502.352766 2498.383091 2504.497695 2504.279542 2501.807380 2507.835871 2517.032922 2535.805144 2556.038642 2576.500232 2592.674205 2624.230431 2672.031518 2686.003764 2706.793060 2738.481353 2752.080440 2768.395878 2786.095149 2808.991220 2829.919840 2795.640875 2830.113572 2860.042766 2880.319543 2898.929307 2917.265638 2934.358753 2967.548505 2993.273011 3027.343872 3058.044939 3084.350154 3108.755327 3116.064058 3120.857186 3130.418344 3146.263699 3167.506561 3192.974207 3224.780678 3255.870228 3278.805328 3288.474132 3293.807489 3302.981029 3310.731934
-9999.0 -9999.0 -9999.0 2354.211375 2393.525170 2433.205132 2459.949649 2491.266535 2524.648496 2527.170340 2537.374201 2540.160849 2542.310861 2550.269315 2556.676640 2574.957407 2594.085807 2614.294698 2638.746345 2675.302152 2707.927817 2731.058795 2761.742273 2781.698452 2799.020450 2815.076930 2835.807506 2858.945326 2825.711099 2854.256120 2899.549494 2949.241371 2981.172722 2991.010098 3011.481904 3037.240858 3060.741966 3096.875627 3129.668291 3160.674008 3189.167671 3210.910824 3225.501729 3230.157000 3238.883471 3244.752973 3257.672818 3277.949115 3299.312230 3328.582375 3356.765964 3383.519621 3397.770776 3407.964186 3424.182293
-9999.0 -9999.0 2305.833990 2345.120492 2377.604371 2425.976259 2479.919544 2515.992398 2557.182168 2579.122921 2585.202605 2599.554196 2614.725026 2620.036343 2633.172257 2649.486321 2672.581744 2683.253199 2705.022173 2726.988600 2768.692658 2807.889211 2813.033684 2792.599024 2821.292447 2851.029536 2869.750234 2895.128330 2929.797703 2964.426878 2998.488151 3046.206243 3079.972149 3107.057235 3121.691983 3140.241235 3159.876196 3183.166937 3217.612315 3243.098885 3274.833971 3299.415104 3318.757337 3320.687820 3323.444431 3338.761368 3365.085156 3393.557059 3420.388038 3447.058380 3437.205195 3456.553521 3465.177335 3469.988804 3477.554109
-9999.0 -9999.0 2276.508063 2322.884083 2359.471850 2420.647891 2506.415359 2542.878935 2585.367654 2633.839827 2651.816160 2677.011175 2679.270474 2677.260176 2699.650336 2719.325676 2740.407588 2750.689918 2749.119828 2803.010807 2795.929650 2825.444965 2842.041235 2913.175437 2961.886359 2982.591331 2987.383547 3006.060493 3025.723621 3063.769592 3103.432996 3155.429553 3194.844955 3223.485033 3237.211811 3255.400378 3273.893198 3288.612002 3306.935874 3350.251939 3382.218575 3410.605982 3440.158274 3460.501883 3468.205880 3472.350837 3451.160375 3467.289265 3478.228189 3482.946120 3484.761762 3481.071840 3480.450692 3481.213401 3482.144176
-9999.0 2184.036373 2236.655890 2288.240453 2354.410596 2418.340572 2496.800179 2574.771722 2641.333243 2695.317387 2725.204997 2727.532828 2741.676722 2774.819895 2799.645931 2822.673478 2831.052385 2843.192905 2829.852076 2815.002584 2851.998975 2906.356474 2997.497386 3052.896331 3108.640835 3105.226313 3094.355643 3100.369117 3117.350037 3161.254738 3233.851664 3285.670455 3345.946374 3390.743844 3406.155239 3412.527402 3429.949195 3449.556754 3409.122549 3445.405746 3461.974820 3475.801530 3482.817511 3484.723317 3485.787739 3485.589582 3482.004789 3475.162968 3467.114619 3461.366202 3457.199255 3452.696775 3455.125101 3458.436693 3458.810918
-9999.0 2146.435922 2204.583189 2274.229942 2343.297828 2396.976329 2486.688932 2649.051737 2712.297685 2753.809938 2768.290520 2761.295414 2828.033397 2845.398629 2870.655666 2914.261938 2900.807233 2886.301573 2855.286996 2880.447027 2920.471662 2980.526858 3139.755929 3224.096717 3267.468440 3275.326390 3277.072950 3303.765299 3344.501019 3387.299724 3428.084323 3405.158704 3446.879240 3467.267040 3471.527710 3472.124174 3476.698921 3475.469678 3473.715147 3469.409772 3464.354179 3464.497120 3468.904147 3468.724847 3465.826427 3462.555630 3456.924834 3449.498696 3444.231877 3439.615690 3436.939770 3434.067219 3432.225440 3431.729652 3427.093631
-9999.0 2108.852650 2182.961441 2243.064724 2294.836501 2393.126909 2523.681282 2668.374623 2767.341142 2806.488199 2800.556690 2809.125617 2908.783096 3004.243817 3053.953022 3074.353374 3059.492102 3017.616988 3002.726578 3044.630779 3111.299633 3219.649484 3342.600139 3433.466167 3447.190644 3450.032255 3409.738098 3431.419280 3451.514965 3453.898569 3454.841968 3461.277902 3466.236282 3469.035173 3467.512544 3464.631325 3459.865926 3451.768628 3446.935876 3443.354188 3439.652749 3438.650925 3440.772974 3442.401567 3439.660651 3435.801404 3431.337571 3425.754938 3419.521466 3412.834118 3408.648511 3404.503031 3402.419745 3397.145927 3393.520843
-9999.0 1991.480132 2086.100357 2130.745275 2216.030438 2401.970193 2532.144626 2677.278184 2816.822028 2840.609280 2892.264521 3019.544042 3131.950768 3207.439619 3237.338176 3271.012678 3295.025277 3311.489043 3346.032519 3247.332813 3319.156968 3403.437168 3441.239871 3457.632366 3464.730507 3465.044026 3455.572075 3435.164479 3424.510595 3417.763650 3419.367480 3426.592601 3431.419664 3436.328943 3434.065203 3434.967147 3435.761043 3432.463523 3428.526178 3419.965895 3412.199689 3405.755390 3402.868223 3407.686638 3403.002310 3400.474092 3394.404010 3386.162467 3377.457245 3370.115969 3362.331500 3355.842229 3353.580938 3348.564831 3347.421253
-9999.0 1910.657328 1984.488549 2051.934203 2170.101883 2335.043278 2440.940557 2602.823273 2814.441741 2942.733185 3090.257742 3173.361208 3241.733235 3286.616449 3338.020553 3386.345350 3410.991502 3420.886733 3394.669420 3412.525185 3371.947103 3361.250521 3377.887953 3405.570211 3421.197729 3425.008041 3416.922924 3407.363740 3400.129261 3399.004585 3397.037279 3393.599432 3390.061646 3386.814334 3383.672807 3386.355318 3391.439286 3384.605241 3374.883176 3365.809965 3357.617810 3348.671146 3342.870795 3338.572248 3338.605867 3338.807385 3331.324394 3321.000572 3310.367451 3302.250934 3295.086111 3290.460419 3287.971318 3283.180511 3274.211338
-9999.0 1795.871271 1926.081958 2007.097017 2108.762440 2240.504244 2351.483781 2508.073049 2645.861674 2857.756732 2997.452554 3164.032536 3209.043264 3273.627039 3322.273192 3391.690370 3388.216041 3356.572240 3315.528587 3298.953580 3307.698369 3316.022813 3324.792639 3339.928335 3357.008902 3366.657097 3370.696453 3364.194357 3350.109901 3338.419426 3328.411497 3315.724294 3306.919179 3304.757692 3307.929563 3317.160056 3318.108284 3308.903049 3295.169291 3277.620458 3262.513794 3251.100785 3248.922827 3251.379336 3252.268624 3248.439230 3242.526386 3232.022895 3219.659675 3207.639807 3201.729963 3197.329759 3190.290052 3179.688197 3169.270721
-9999.0 -9999.0 1842.974224 1952.259326 2049.602542 2164.067503 2260.753081 2386.537178 2531.670320 2709.131906 2795.480425 2960.188070 3043.347946 3085.424626 3121.852677 3175.181889 3197.382937 3224.265851 3214.701567 3223.557254 3231.653249 3236.290054 3241.919713 3248.508218 3259.181448 3268.650884 3277.954439 3275.196996 3266.254993 3246.634589 3222.407263 3203.636962 3193.610304 3184.991944 3196.339178 3208.536595 3203.721758 3196.942994 3184.612663 3169.599458 3157.056825 3143.076587 3139.626441 3139.720554 3140.276036 3137.946904 3135.098577 3123.014927 3110.849357 3100.717359 3096.559374 3091.067443 3087.292573 3077.561285 3067.130876
-9999.0 -9999.0 1755.576837 1860.939165 1966.349069 2085.617859 2174.406699 2204.946292 2347.030490 2456.677044 2566.593399 2679.642413 2776.329991 2798.670091 2832.860814 2893.741609 2945.156273 2962.262890 2988.719007 3034.133333 3065.102178 3100.419769 3121.347713 3130.797903 3143.129069 3156.858705 3164.365175 3149.981107 3138.801412 3121.947840 3099.451144 3073.891598 3060.893685 3059.684080 3059.591774 3062.082707 3055.053031 3046.087893 3031.851560 3017.724756 3005.503989 2996.126277 2992.533071 2987.642156 2985.712613 2983.099462 2981.432163 2986.472906 2977.747576 2972.545389 2964.487895 2960.326699 2959.078252 2955.261578 2948.887610
