tests/Borden05m/sims/sim_1/output-maps/psiliqL0007N0008.asc
ncols         160
nrows         34
xllcorner     620200.000000
yllcorner     5168000.000000
cellsize      0.500000
NODATA_value  -9999.0
[rows 0 to 24 of 34, columns 0 to 55 of 160]
-9999.0 -9999.0 -9999.0 -9999.0 -9999.0 -9999.0 -9999.0 -9999.0 -9999.0 -9999.0 -9999.0 -9999.0 -9999.0 -9999.0 -9999.0 -9999.0 -9999.0 -9999.0 -9999.0 -9999.0 -9999.0 -9999.0 -9999.0 -9999.0 -9999.0 -9999.0 -9999.0 -9999.0 -9999.0 -9999.0 -9999.0 -9999.0 -9999.0 -9999.0 -9999.0 -9999.0 -9999.0 -9999.0 -9999.0 -9999.0 -9999.0 -9999.0 -9999.0 -9999.0 -9999.0 -9999.0 -9999.0 -9999.0 -9999.0 -9999.0 -9999.0 -9999.0 -9999.0 -9999.0 -9999.0 -9999.0
-9999.0 -9999.0 -9999.0 -9999.0 -9999.0 -9999.0 -9999.0 -9999.0 -9999.0 -9999.0 -9999.0 -9999.0 -9999.0 -9999.0 -9999.0 -9999.0 -9999.0 -9999.0 -9999.0 -9999.0 -9999.0 -9999.0 -9999.0 -9999.0 -9999.0 -9999.0 -9999.0 -9999.0 -9999.0 -9999.0 -9999.0 -9999.0 -9999.0 -9999.0 -9999.0 -9999.0 -9999.0 -9999.0 -9999.0 -9999.0 -9999.0 -9999.0 -9999.0 -9999.0 -9999.0 -9999.0 -9999.0 -9999.0 -9999.0 -9999.0 -9999.0 -9999.0 -9999.0 -9999.0 -9999.0 -9999.0
-9999.0 -9999.0 -9999.0 -9999.0 -9999.0 -9999.0 -9999.0 -9999.0 -9999.0 -9999.0 -9999.0 -9999.0 -9999.0 -9999.0 -9999.0 -9999.0 -9999.0 -9999.0 -9999.0 -9999.0 -9999.0 -9999.0 -9999.0 -9999.0 -9999.0 -9999.0 -9999.0 -9999.0 -9999.0 -9999.0 -9999.0 -9999.0 -9999.0 -9999.0 -9999.0 -9999.0 -9999.0 -9999.0 -9999.0 -9999.0 -9999.0 -9999.0 -9999.0 -9999.0 -9999.0 -9999.0 -9999.0 -521.427909 -539.060006 -556.248575 -557.900586 -535.192790 -512.202036 -488.973049 -468.909014 -450.594417
-9999.0 -9999.0 -9999.0 -9999.0 -9999.0 -9999.0 -9999.0 -9999.0 -9999.0 -9999.0 -9999.0 -9999.0 -9999.0 -9999.0 -9999.0 -9999.0 -9999.0 -9999.0 -9999.0 -9999.0 -9999.0 -9999.0 -9999.0 -9999.0 -9999.0 -9999.0 -9999.0 -9999.0 -9999.0 -9999.0 -9999.0 -9999.0 -9999.0 -9999.0 -9999.0 -9999.0 -9999.0 -9999.0 -9999.0 -9999.0 -473.889055 -468.152707 -466.548089 -477.721202 -489.259079 -501.089970 -521.050440 -539.049956 -555.022808 -558.217289 -555.925305 -550.265835 -527.357872 -503.657037 -484.700463 -467.593607
-9999.0 -9999.0 -9999.0 -9999.0 -9999.0 -9999.0 -9999.0 -9999.0 -9999.0 -9999.0 -9999.0 -9999.0 -9999.0 -9999.0 -9999.0 -9999.0 -9999.0 -9999.0 -9999.0 -9999.0 -9999.0 -9999.0 -9999.0 -9999.0 -9999.0 -9999.0 -9999.0 -9999.0 -9999.0 -9999.0 -9999.0 -9999.0 -9999.0 -9999.0 -564.744040 -547.297284 -529.510514 -511.620455 -495.441366 -489.187524 -483.459348 -477.797776 -482.014763 -487.166237 -498.749643 -517.365609 -537.377132 -552.039202 -555.128897 -558.113627 -554.026593 -541.157114 -524.979152 -508.926069 -488.480291 -466.002646
-9999.0 -9999.0 -9999.0 -9999.0 -9999.0 -9999.0 -9999.0 -9999.0 -9999.0 -9999.0 -9999.0 -9999.0 -9999.0 -9999.0 -9999.0 -9999.0 -9999.0 -9999.0 -9999.0 -9999.0 -9999.0 -9999.0 -9999.0 -9999.0 -9999.0 -9999.0 -9999.0 -9999.0 -559.185892 -565.300919 -570.808140 -572.662654 -574.325355 -575.924735 -569.215131 -557.060227 -538.993693 -518.011972 -505.730447 -499.017749 -492.900594 -492.411455 -497.496616 -500.130638 -500.378180 -512.353219 -524.302770 -535.532847 -546.368762 -547.831377 -538.689003 -525.451546 -510.094882 -495.987942 -481.377042 -468.288195
-9999.0 -9999.0 -9999.0 -9999.0 -9999.0 -9999.0 -9999.0 -9999.0 -9999.0 -9999.0 -9999.0 -9999.0 -9999.0 -9999.0 -9999.0 -9999.0 -9999.0 -9999.0 -9999.0 -9999.0 -9999.0 -9999.0 -9999.0 -587.493198 -581.478822 -575.283038 -568.305840 -567.771436 -572.460738 -578.514828 -582.147672 -584.165834 -586.109461 -582.192877 -574.070700 -560.737914 -545.243459 -524.230268 -516.140112 -509.778021 -497.695412 -496.125446 -492.176385 -488.696862 -491.064117 -494.111825 -506.307048 -515.392944 -509.810279 -503.994431 -498.308337 -491.647072 -479.436164 -464.349890 -447.058281 -426.770404
-9999.0 -9999.0 -9999.0 -9999.0 -9999.0 -9999.0 -9999.0 -9999.0 -9999.0 -9999.0 -9999.0 -9999.0 -9999.0 -9999.0 -9999.0 -9999.0 -9999.0 -9999.0 -9999.0 -611.691258 -611.097477 -610.444516 -606.216472 -605.440734 -603.454864 -596.772036 -589.005976 -587.420387 -589.342442 -591.526507 -590.445027 -588.279299 -584.669561 -573.586670 -560.223522 -546.617970 -532.922317 -512.659585 -498.484562 -484.973278 -469.311552 -471.538702 -476.781741 -479.711289 -479.935021 -479.797753 -473.663506 -470.170087 -465.170419 -459.527741 -452.913242 -444.811027 -434.922907 -416.856569 -396.699278 -376.182890
-9999.0 -9999.0 -9999.0 -9999.0 -9999.0 -9999.0 -9999.0 -9999.0 -9999.0 -9999.0 -9999.0 -9999.0 -9999.0 -9999.0 -9999.0 -9999.0 -639.384215 -637.747886 -635.989813 -630.979729 -628.968514 -625.405633 -618.969090 -618.375464 -614.897590 -608.252508 -603.678546 -595.746645 -588.497174 -581.670921 -576.294180 -574.173583 -566.918091 -557.808687 -546.476040 -531.277493 -509.851411 -487.953678 -472.347945 -456.411335 -440.351281 -440.874555 -442.839063 -442.464898 -442.204403 -434.280719 -416.147208 -410.238102 -406.640476 -387.070019 -372.591398 -367.299468 -360.289965 -342.066199 -317.181911 -287.899338
-9999.0 -9999.0 -9999.0 -9999.0 -9999.0 -9999.0 -9999.0 -9999.0 -9999.0 -9999.0 -9999.0 -9999.0 -9999.0 -682.610116 -678.657109 -669.926680 -662.447110 -660.682105 -657.299820 -652.166193 -640.480255 -637.469515 -631.730728 -624.573969 -613.848476 -605.926959 -597.229180 -586.041279 -578.138151 -571.544215 -565.008738 -558.722948 -545.440636 -530.563520 -515.156498 -495.503117 -474.734221 -454.228390 -433.622244 -419.396613 -405.590098 -402.277991 -405.057420 -404.181504 -396.110142 -377.260949 -357.378415 -343.269766 -318.876240 -292.229567 -275.185385 -259.835045 -249.046123 -234.453850 -209.020060 -160.806780
-9999.0 -9999.0 -9999.0 -9999.0 -9999.0 -9999.0 -9999.0 -9999.0 -9999.0 -9999.0 -717.958501 -715.435466 -719.115431 -718.290090 -714.143554 -702.772345 -690.222178 -683.663725 -673.084917 -653.238725 -636.886492 -633.962059 -619.611011 -610.338991 -604.444706 -594.308861 -581.793224 -569.353079 -552.520722 -540.464262 -528.190720 -507.809986 -492.075346 -476.525141 -459.719624 -440.919013 -420.219722 -389.798061 -362.070575 -347.286821 -321.704087 -306.007519 -309.372251 -309.203457 -300.564571 -279.729292 -250.684562 -215.924789 -181.583635 -141.446041 -108.983027 -85.895952 -67.539645 -44.208511 -7.967034 69.708692
-9999.0 -9999.0 -9999.0 -9999.0 -9999.0 -9999.0 -9999.0 -9999.0 -741.476915 -735.001531 -728.869387 -732.167065 -737.247778 -740.586104 -728.217607 -712.909634 -697.546022 -681.311601 -666.001749 -648.928246 -633.873865 -617.827382 -599.384415 -588.227371 -577.005755 -562.577967 -549.592185 -532.147836 -511.536705 -497.111318 -478.276297 -457.080060 -438.098479 -420.763435 -402.965982 -384.822139 -354.776206 -318.033861 -281.755834 -252.006981 -218.685944 -186.714011 -181.495516 -173.118361 -161.399289 -123.759875 -75.811666 -15.175667 63.134665 126.279230 169.163779 190.522795 203.165240 218.721539 241.393078 272.000648
-9999.0 -9999.0 -9999.0 -9999.0 -9999.0 -9999.0 -766.414766 -742.630445 -728.273291 -736.282320 -744.131791 -747.607897 -751.198609 -733.609524 -712.998964 -696.884288 -680.933227 -664.403781 -648.922352 -634.441759 -599.641871 -584.513227 -570.214102 -550.772362 -537.745936 -524.678240 -508.121742 -485.159522 -462.389120 -429.418648 -398.648632 -370.719536 -343.160140 -322.000506 -301.449632 -278.725208 -240.861030 -192.717482 -139.616915 -91.865499 -43.406298 13.787827 46.479484 76.096704 111.342948 143.515021 181.708168 221.647882 270.698863 313.377416 340.932795 351.168547 358.349726 366.383879 377.164746 389.093102
-9999.0 -9999.0 -9999.0 -9999.0 -799.340633 -778.652989 -758.227741 -727.704032 -705.478449 -711.340671 -704.201719 -703.865577 -705.346932 -703.703199 -698.894882 -681.739722 -665.031158 -648.263517 -630.081885 -592.320312 -552.150974 -536.134720 -509.576558 -478.150746 -464.944182 -450.988461 -436.409451 -413.610819 -382.978632 -345.575421 -293.498466 -247.234639 -213.275859 -180.450382 -148.734853 -112.578828 -60.008621 17.947641 108.347046 165.074854 205.991090 238.625236 261.087940 279.016037 301.330792 321.276932 340.700358 363.089632 386.581080 410.391368 427.464527 435.790682 438.785937 443.931532 450.076735 458.104012
-9999.0 -9999.0 -9999.0 -845.169658 -807.047618 -770.851554 -743.552200 -712.995558 -682.042500 -675.593615 -667.951255 -661.506203 -654.849286 -646.357177 -636.518674 -621.174404 -608.485002 -597.515062 -577.745113 -541.915676 -506.267838 -471.926621 -439.875113 -408.366351 -384.505938 -368.422880 -351.202123 -324.567579 -279.532017 -229.548233 -160.633213 -84.001583 -14.094257 52.043687 107.477877 149.613958 184.527388 232.998525 284.430070 322.850139 352.557771 372.231902 387.855112 394.778044 402.690192 409.228114 420.354930 432.634302 443.994138 460.592756 477.387286 490.332249 496.813826 500.712068 510.811297 522.072559
-9999.0 -9999.0 -891.071600 -854.650848 -819.192775 -767.337200 -715.378612 -682.687916 -642.423036 -617.333527 -610.550274 -591.959056 -575.270846 -567.116435 -550.377738 -533.503731 -521.969848 -520.204298 -509.449238 -473.278604 -418.535339 -366.830338 -328.460720 -264.288711 -222.701897 -194.164354 -175.594984 -142.423496 -94.178944 -11.325982 94.736573 165.992785 218.723493 263.959098 292.353130 316.031965 340.307257 360.870630 387.545000 408.868939 427.780162 442.871054 456.625281 461.404019 463.495560 472.785571 486.343560 499.969980 513.699797 528.154735 538.430682 539.105950 538.913516 538.495213 538.609287 539.044085
-9999.0 -9999.0 -915.380720 -871.889099 -828.425972 -757.351922 -683.433525 -646.111624 -603.534586 -560.221435 -541.663064 -518.896485 -498.996535 -479.725146 -456.319896 -432.251318 -429.564349 -427.933123 -429.421374 -373.529273 -309.137966 -230.943708 -134.411532 -38.801356 43.294422 76.638964 99.616195 126.676124 158.837738 213.856986 278.262649 331.007022 370.278822 395.233561 408.452587 421.061235 435.338489 447.266755 457.307188 480.282716 492.225802 505.442854 522.919554 538.391469 543.919349 543.437304 539.123280 539.427965 539.462045 539.222626 538.355004 534.725885 533.497207 533.854717 534.901537 530.444647
-9999.0 -1000.725979 -949.115897 -894.628255 -823.539841 -753.557870 -666.665038 -585.874044 -538.131706 -497.788051 -470.299293 -449.710878 -391.570930 -338.143629 -308.418885 -275.403618 -278.515917 -282.351701 -290.361211 -239.423348 -162.789684 -19.688042 144.423217 219.774765 268.124508 283.523186 287.721601 304.226322 328.416497 363.050511 410.672071 439.765355 470.916369 493.733565 500.830808 502.767674 515.058693 529.644852 536.889285 541.571153 542.187483 542.362294 538.515956 538.594134 538.645217 538.744733 535.505843 529.554104 522.226056 517.361609 513.944881 509.924147 512.585694 516.185742 518.162539 512.779013
-9999.0 -1034.162846 -973.611494 -900.649267 -828.198435 -747.946468 -632.907925 -508.462805 -464.430239 -431.663984 -400.723951 -346.101930 -242.025414 -155.133625 -100.443941 -39.726003 -43.935118 -64.003601 -61.705742 9.095884 98.650505 192.253328 323.095436 399.509211 412.004579 424.248459 432.738456 451.347377 473.781600 493.138530 509.370553 522.098448 527.484358 528.696948 528.999917 529.431265 530.480415 530.813671 527.885723 524.500338 520.103779 520.103714 523.462805 523.277364 521.127212 519.095965 514.671621 508.352566 504.175363 501.616991 500.621949 499.152362 498.992418 500.701263 499.009927 496.644581
-9999.0 -1056.372132 -987.943553 -921.470790 -844.705671 -716.253302 -595.903152 -470.030329 -383.146928 -344.465389 -282.564028 -159.215607 15.387508 137.715753 194.225158 219.401073 225.968040 213.750188 227.716433 277.035401 341.275477 406.084063 454.412819 503.212622 511.084372 513.540007 509.890987 513.898058 517.010876 517.187413 516.821832 515.435897 519.135348 520.812826 519.695773 517.357872 513.560978 507.026198 503.298105 501.845347 500.220932 500.967854 503.828757 504.645836 503.342208 501.374383 499.270709 496.529698 493.851590 490.832707 490.044156 488.785505 488.736920 486.840588 485.173717 483.621359
-9999.0 -1139.037631 -1056.694136 -992.316001 -850.835941 -688.824610 -567.105244 -414.066306 -280.755862 -216.125412 -68.943028 116.459702 253.276004 330.315423 366.564644 396.287648 413.090828 428.773135 451.481985 454.605615 489.952271 513.902309 518.604375 519.381100 513.235527 514.575489 509.434404 494.595281 488.108444 483.761889 485.649933 491.531903 495.953174 500.695064 499.015525 499.573595 499.733042 498.121387 497.385249 493.266118 489.420208 486.756556 486.728856 492.072736 488.514673 486.989664 484.391221 480.867243 477.089812 473.873850 470.585166 467.449191 467.120426 464.327498 465.621033 463.092471
-9999.0 -1219.651906 -1140.080240 -1030.549387 -874.261850 -711.715097 -561.234018 -390.307378 -195.037335 -36.737695 135.588675 247.211976 339.983515 400.877465 447.149283 468.798194 479.777221 482.696771 482.619049 484.296954 462.263344 457.161353 468.008811 484.319197 490.369425 493.163310 487.267690 480.637494 477.884146 479.219003 479.450900 479.697905 479.434251 478.262689 475.693550 476.832487 481.018626 478.353561 475.193266 472.687815 470.433364 466.268271 462.967369 460.948548 459.718651 460.400122 456.079938 450.150843 444.589253 441.035659 437.348825 434.668481 434.822597 432.742319 428.887304 421.461216
-9999.0 -1302.627326 -1189.760993 -1083.575935 -943.055649 -801.921574 -662.282597 -493.530775 -328.117640 -68.245590 183.786742 282.990266 334.393594 376.782712 424.910284 467.625699 470.068537 445.948708 426.884625 417.516686 420.586987 427.977864 437.823997 452.227046 463.315917 469.626554 470.621542 465.730104 456.809446 451.978715 449.345537 443.500618 439.124644 439.079187 437.723802 441.869448 445.027163 439.624422 433.030247 424.751011 417.185085 410.758104 408.043376 407.483559 405.856311 402.277224 395.852231 387.410954 377.756826 369.649627 364.336495 360.930282 356.822195 350.059153 340.564373 326.963290
-9999.0 -9999.0 -1257.261031 -1144.431920 -1025.892123 -895.263962 -763.025013 -604.857454 -450.167523 -246.704343 -66.258580 98.492303 179.371080 235.826712 304.111903 353.625022 364.353516 375.660730 358.608413 361.360501 366.614317 372.578307 383.172392 395.580851 407.649089 415.564888 420.731145 419.506963 411.364092 396.532635 379.496426 367.176938 360.114483 354.878128 360.643766 368.805823 367.427035 363.633278 356.794164 346.888250 337.338929 324.450942 317.289249 312.531641 307.307385 298.964646 287.655859 268.053313 249.229493 233.143259 225.364509 218.389265 211.712281 199.553390 184.974837 164.445561
-9999.0 -9999.0 -1338.333848 -1226.035210 -1102.519150 -974.975153 -863.984023 -748.179257 -588.384382 -466.716086 -361.472688 -255.249576 -164.052330 -70.814641 39.253081 115.481324 148.576845 162.641982 171.110957 186.979020 209.946605 236.740757 262.793851 288.795669 311.517274 327.088764 336.340733 324.410791 307.115126 277.693350 243.395002 213.355117 198.240402 191.376087 194.276372 200.401633 195.343479 185.881010 172.610329 156.930871 143.013498 126.903869 114.737943 102.342786 93.113489 80.305216 63.133035 33.455697 1.421894 -20.505333 -36.734728 -49.356837 -57.334863 -71.274368 -88.436824 -103.593564
