tests/Borden05m/sims/sim_1/output-maps/psiliqL0020N0012.asc
ncols         160
nrows         34
xllcorner     620200.000000
yllcorner     5168000.000000
cellsize      0.500000
NODATA_value  -9999.0
[rows 0 to 24 of 34, columns 55 to 109 of 160]
-9999.0 -9999.0 -9999.0 -9999.0 -9999.0 -9999.0 -9999.0 -9999.0 -9999.0 -9999.0 -9999.0 -9999.0 -9999.0 -9999.0 -9999.0 -9999.0 -9999.0 -9999.0 -9999.0 -9999.0 -9999.0 -9999.0 -9999.0 -9999.0 -9999.0 -9999.0 -9999.0 -9999.0 -9999.0 -9999.0 -9999.0 -9999.0 -9999.0 -9999.0 -9999.0 -9999.0 -9999.0 -9999.0 -9999.0 -9999.0 -9999.0 -9999.0 -9999.0 -9999.0 -9999.0 -9999.0 -9999.0 -9999.0 -9999.0 -9999.0 -9999.0 -9999.0 -9999.0 -9999.0 -9999.0
-9999.0 -9999.0 -9999.0 -9999.0 2234.581816 2229.374418 2224.720061 2220.478546 2212.341694 2203.592036 2196.001495 2192.431336 2191.891775 2191.576662 2191.544096 2197.046122 2205.502404 2213.497917 2220.798649 2223.414564 2226.021176 2228.271996 2228.840474 2227.881133 2224.886770 2221.848065 2218.645880 2217.178209 2209.613611 2198.471187 2189.999305 2187.303340 2191.566426 2195.900905 2198.286715 2203.630594 2213.959657 2224.338355 2232.414842 2244.150031 2250.100336 2254.815761 2257.035437 2252.447839 2248.527909 2244.185567 2238.204654 2226.942907 -9999.0 -9999.0 -9999.0 -9999.0 -9999.0 -9999.0 -9999.0
2179.561192 2198.637366 2219.481279 2222.888267 2211.347342 2206.557896 2203.702112 2202.290532 2198.231729 2190.162666 2185.491546 2180.557205 2178.770880 2179.296870 2179.755074 2184.101165 2195.029523 2203.297875 2208.287532 2211.160166 2214.130532 2213.363512 2212.907073 2212.835436 2210.128966 2206.835158 2203.599761 2201.905210 2202.998137 2195.492576 2189.785510 2186.119609 2183.722506 2186.280145 2188.752453 2192.658143 2201.775236 2209.519778 2217.201523 2231.462457 2243.785050 2248.739465 2245.648862 2240.289656 2235.910311 2228.344792 2217.589546 2207.191641 2198.343018 2191.403666 2185.339534 2178.518940 2183.963583 2190.464279 2199.285900
2164.441956 2184.147776 2204.899328 2207.961842 2197.755431 2190.134804 2184.567930 2185.422431 2189.000659 2186.172984 2181.980289 2176.002893 2185.805096 2187.430625 2188.834127 2192.564146 2195.489927 2200.103369 2203.015616 2208.633798 2217.812216 2220.763695 2221.427958 2221.692377 2219.939174 2216.889854 2215.131719 2212.474638 2207.334322 2205.928114 2205.901131 2205.081249 2209.515322 2210.927151 2213.223246 2207.076536 2210.923263 2216.907684 2223.492299 2229.120318 2235.050896 2237.708167 2233.825937 2233.085456 2224.041223 2209.709022 2198.745805 2190.323519 2189.082742 2185.381466 2176.747306 2162.683028 2169.582202 2184.575665 2188.452202
2171.189579 2180.816654 2192.454168 2195.679687 2191.139639 2193.443655 2195.669831 2197.561937 2196.407341 2193.701063 2190.998059 2202.900958 2212.195265 2214.279975 2217.448689 2221.769750 2222.482272 2211.595915 2209.745336 2217.734771 2227.863054 2233.466497 2233.831427 2233.757333 2230.972906 2230.016997 2229.853176 2227.985551 2228.135729 2230.135750 2228.820836 2232.519255 2238.046963 2241.188648 2234.599533 2225.725467 2227.168497 2235.133450 2243.675829 2250.834170 2260.758033 2271.201619 2270.207119 2264.447301 2254.927708 2241.161054 2217.440200 2198.262036 2186.537905 2178.080028 2169.962711 2170.637840 2165.745975 2177.432582 2178.249275
2165.521616 2185.173603 2206.345274 2213.761719 2208.443767 2204.750604 2203.469498 2204.809639 2205.017043 2207.291033 2218.339237 2231.643226 2245.113512 2248.073498 2250.751828 2250.308006 2242.416352 2232.555323 2229.759730 2244.031092 2260.911294 2269.182715 2269.387208 2266.888372 2271.872978 2271.442684 2271.048928 2267.116505 2268.541682 2267.984673 2275.483132 2283.104112 2290.598903 2288.967972 2276.632539 2264.591405 2263.695246 2267.720131 2272.739375 2279.321334 2289.000320 2297.762230 2292.113511 2285.251588 2275.815089 2247.909098 2222.123209 2205.735440 2204.968139 2204.408867 2198.743502 2195.141396 2192.087673 2185.613018 2184.491779
2209.588812 2230.552429 2251.623119 2266.703699 2261.543593 2254.612692 2246.178115 2247.315960 2249.667177 2257.239415 2269.480570 2285.031088 2308.415407 2310.043234 2312.270736 2313.280341 2301.734259 2289.470431 2279.395205 2299.774938 2310.691572 2318.649052 2318.209574 2325.644455 2334.970607 2331.097825 2324.176623 2313.122729 2319.145239 2328.146202 2343.230657 2350.560487 2355.060621 2351.921624 2339.234113 2332.837514 2332.820093 2337.064760 2336.274863 2342.567520 2351.458889 2365.729377 2364.000420 2357.190353 2335.223867 2297.404727 2264.688851 2247.217647 2254.828963 2247.396058 2239.417414 2236.383969 2222.803993 2212.730382 2212.957659
2255.329325 2271.873743 2290.001683 2308.133324 2302.066841 2292.630743 2278.571791 2277.534805 2284.056130 2294.909085 2313.763478 2334.590395 2356.859964 2360.585450 2359.070829 2369.040867 2363.068312 2353.523731 2346.130350 2362.972851 2374.149841 2385.009573 2392.693356 2405.456521 2416.494001 2403.409857 2388.927337 2381.152225 2387.395290 2410.168296 2430.052945 2434.904749 2434.847044 2435.550188 2423.080691 2417.342956 2412.422322 2410.028833 2405.632260 2402.305874 2423.619981 2441.984687 2440.250005 2417.073723 2392.894910 2354.193940 2315.564219 2286.482641 2291.928748 2287.643144 2287.638969 2274.027595 2259.317834 2246.498079 2239.199689
2324.159408 2350.173559 2369.427914 2391.594315 2388.120286 2369.116558 2357.936231 2362.397934 2376.247033 2384.566713 2402.152242 2423.012489 2451.863047 2468.730436 2484.200645 2489.414878 2481.823195 2473.472395 2461.373806 2463.560884 2484.557953 2497.255291 2507.032375 2516.697470 2529.328177 2532.237869 2527.499744 2526.431116 2530.329708 2540.741510 2552.513147 2559.120511 2562.994102 2566.127009 2557.149396 2545.590351 2542.095175 2535.118620 2531.052959 2529.019434 2535.669343 2550.940464 2547.384569 2514.864462 2486.825153 2451.582244 2412.981051 2381.751384 2369.211597 2380.862706 2373.449966 2355.156609 2339.284355 2308.033516 2296.320992
2410.816644 2445.838134 2472.606850 2486.653705 2498.042705 2489.072473 2489.715898 2494.666360 2503.286843 2507.997436 2515.691836 2548.388703 2582.363520 2609.615918 2633.514747 2642.000093 2631.068982 2621.723542 2609.355360 2600.635928 2608.768350 2625.063964 2642.474673 2657.854344 2669.203544 2672.058249 2670.601121 2670.875657 2673.671056 2676.546849 2680.173148 2687.500828 2695.047076 2705.741967 2715.186999 2706.549347 2688.050787 2677.196156 2665.755219 2662.584325 2662.037815 2662.535481 2662.142283 2648.585721 2610.453231 2579.200698 2546.719653 2521.941048 2503.902100 2495.840186 2474.965388 2450.280982 2400.420756 2360.884594 2326.916598
2514.619818 2558.109704 2588.474203 2609.888782 2624.843758 2625.634869 2628.730857 2631.401621 2636.924104 2641.334592 2646.710964 2672.038274 2713.803723 2752.829150 2783.852987 2786.075486 2774.759354 2764.222019 2754.839035 2742.417615 2738.957777 2749.555038 2763.113666 2781.520388 2792.393616 2799.905002 2796.413806 2796.796988 2799.326714 2800.267134 2802.038269 2804.883970 2813.384164 2827.201655 2840.148293 2839.902688 2823.236334 2806.872435 2790.180563 2785.202622 2780.597465 2774.568761 2775.036078 2775.340509 2762.139086 2732.273138 2691.591250 2649.152964 2626.791780 2607.480134 2593.982518 2576.515877 2541.340506 2479.799433 2443.218225
2641.264519 2673.808566 2706.195497 2737.962380 2755.462505 2761.137344 2760.887097 2761.995567 2769.939559 2774.920934 2782.967892 2798.669518 2827.676735 2860.724120 2889.484784 2906.062533 2900.417132 2885.159290 2865.407569 2857.782891 2855.698096 2858.660730 2866.894310 2877.615364 2895.319062 2913.198335 2823.742404 2824.705100 2917.548998 2824.491297 2821.742418 2821.827195 2823.994362 2830.900860 2839.545438 2842.622549 2840.353907 2915.355392 2893.063920 2880.013600 2872.066374 2867.515376 2866.400235 2868.896437 2869.430257 2854.906601 2822.228386 2779.794557 2747.274991 2727.891219 2711.859872 2694.516234 2680.926696 2652.311686 2631.181006
2762.624183 2778.727083 2807.257072 2836.037345 2858.947127 2875.109601 2877.943439 2882.904498 2888.408717 2897.415292 2913.165408 2835.588501 2848.164011 2868.122127 2892.259044 2906.828596 2912.219332 2911.410310 2908.584280 2910.080148 2910.419924 2863.232069 2868.196139 2873.122009 2886.105147 2898.383579 2898.682805 2899.233732 2901.448655 2898.959239 2899.460696 2899.528241 2899.231940 2900.608315 2904.457040 2905.923611 2904.256272 2898.364663 2910.249587 2891.629716 2878.900826 2871.016678 2862.983745 2854.560600 2845.088743 2839.493598 2914.645387 2884.704911 2850.070844 2826.185195 2815.450187 2807.283510 2797.925351 2790.697981 2772.985161
2870.056119 2882.334698 2900.631105 2923.081606 2854.034079 2871.042207 2881.841310 2890.702550 2895.334505 2908.419450 2923.457982 2907.876808 2914.061959 2920.590200 2927.050977 2929.258229 2929.873862 2929.560305 2927.240463 2926.646905 2924.569857 2920.649811 2910.673327 2912.248230 2914.020620 2916.603184 2920.183217 2919.017826 2920.155262 2923.057167 2921.478699 2915.771829 2911.990010 2910.478605 2911.288841 2918.592975 2921.941478 2922.929191 2920.608731 2919.835090 2919.116275 2916.559956 2913.330105 2908.740642 2902.836189 2912.803271 2905.829617 2880.101268 2847.621347 2905.519637 2894.280275 2892.184756 2890.862158 2887.314908 2880.123004
2887.325824 2900.284550 2914.304225 2900.272242 2912.991028 2921.559545 2925.637084 2929.035211 2931.569623 2933.757652 2930.605302 2927.302116 2922.476939 2920.987112 2919.589112 2917.095658 2917.636623 2915.651797 2911.611363 2907.770191 2900.543659 2889.377332 2878.164342 2875.028680 2879.412537 2884.728477 2889.487966 2893.375815 2896.916678 2897.410228 2892.344948 2884.305409 2877.098169 2875.417985 2882.144694 2887.841269 2893.863991 2894.737670 2893.473822 2891.334917 2891.423129 2888.647107 2889.080351 2895.904423 2909.916237 2913.785644 2918.270893 2917.554826 2905.031796 2886.464323 2890.065259 2870.383077 2875.209518 2870.516153 2859.198024
2923.437218 2925.690059 2924.574733 2923.265271 2917.064460 2911.150336 2910.349418 2914.183544 2920.967369 2921.971897 2914.857541 2906.419396 2899.239414 2892.017641 2889.642628 2888.638768 2888.069160 2888.260368 2882.894728 2874.358586 2862.381333 2850.885552 2839.733382 2833.708433 2830.639875 2834.624365 2845.124841 2856.083626 2860.894983 2852.753715 2844.840686 2833.689074 2825.790863 2826.256005 2827.899060 2837.237332 2852.873493 2859.282663 2860.208215 2854.565174 2849.182420 2843.133453 2840.748361 2847.474892 2862.536567 2874.005957 2888.513177 2897.180575 2904.668992 2911.511369 2912.093685 2914.036073 2915.093078 2913.361999 2914.479670
2918.078313 2911.380386 2904.653195 2899.500382 2892.984804 2887.545268 2885.634515 2887.552638 2889.676917 2885.708324 2879.185072 2873.374395 2862.313244 2852.424551 2845.175183 2845.796556 2847.765623 2848.870945 2841.910300 2831.240192 2906.894181 2892.709106 2878.074440 2873.469970 2867.561853 2861.075846 2871.137642 2889.542597 2896.347230 2881.455307 2871.085789 2856.436881 2849.623689 2846.110837 2847.332943 2856.621371 2878.196086 2900.640412 2903.021945 2893.542038 2884.399083 2881.000774 2879.449885 2886.133348 2904.422425 2828.261788 2839.245466 2849.315644 2854.905413 2862.919977 2872.324755 2881.026123 2894.855778 2906.507959 2912.665482
2893.911258 2886.256574 2878.588587 2870.965570 2864.131064 2862.369935 2857.938431 2855.600380 2851.866557 2845.584194 2842.662320 2919.859360 2906.252896 2892.316079 2876.505054 2871.338017 2865.887459 2865.866724 2853.403443 2843.705090 2826.953211 2810.932516 2794.359141 2781.565635 2775.338825 2768.697244 2769.195573 2783.272160 2791.844838 2780.855362 2770.997269 2759.584352 2754.522656 2751.344765 2753.785445 2764.417538 2785.347703 2804.314844 2812.874815 2806.340369 2804.792553 2805.594707 2805.845007 2813.410326 2826.950771 2846.050894 2869.106590 2888.351475 2899.502068 2908.098244 2918.773654 2834.590501 2843.960904 2858.008135 2875.420314
2863.420216 2858.701250 2848.837161 2839.186653 2833.153737 2918.179766 2910.447179 2910.855772 2902.928035 2895.305159 2874.088014 2822.394028 2800.957644 2780.933029 2763.614977 2755.786665 2746.316701 2732.152893 2722.150428 2715.846425 2713.690647 2698.169471 2678.391470 2660.698852 2655.251338 2651.146502 2636.940986 2635.883287 2637.359688 2648.751386 2642.267981 2639.333581 2639.786276 2637.574031 2639.909032 2653.378233 2663.219308 2671.184667 2678.564483 2681.992673 2692.382293 2702.873473 2712.510487 2730.767523 2744.263066 2761.980523 2784.421787 2811.213054 2827.594646 2838.777976 2850.835614 2866.953903 2884.666769 2903.609773 2927.038345
2836.964676 2915.499876 2900.106741 2884.455413 2870.306140 2857.177361 2840.987209 2840.671099 2836.146616 2824.678109 2773.220765 2730.112263 2693.526707 2674.430150 2649.968557 2635.725145 2619.770021 2584.844336 2567.590105 2564.062120 2574.340718 2568.050677 2552.387494 2539.482252 2530.297726 2521.752660 2505.769955 2490.748895 2496.216275 2512.236478 2511.199375 2512.763462 2519.352901 2518.621439 2513.524802 2514.379487 2527.805874 2534.945025 2546.423104 2562.673284 2568.467925 2583.056312 2615.337599 2630.225706 2647.126199 2668.042655 2690.923316 2716.925083 2740.829533 2756.564813 2773.419887 2793.986382 2812.552110 2834.698632 2859.047452
2873.773137 2844.345220 2822.787965 2804.124295 2783.732844 2757.641291 2735.679022 2731.477560 2723.053467 2695.705010 2642.231964 2603.336691 2576.831945 2553.798318 2529.122527 2505.849285 2470.509403 2436.066866 2414.069910 2425.107627 2434.160594 2441.219995 2428.698688 2417.013679 2407.039190 2390.496028 2374.170221 2359.557372 2369.591513 2378.171388 2393.191789 2398.922677 2402.932337 2407.805845 2406.806307 2398.841013 2398.104807 2407.049380 2417.848643 2430.201221 2449.818754 2484.765266 2510.939390 2530.400897 2552.709047 2574.016772 2597.756471 2622.501334 2646.755280 2665.479387 2685.913745 2708.466177 2731.647098 2753.465542 2779.019093
2789.099759 2760.153972 2732.416780 2707.667554 2674.379353 2629.261589 2612.728688 2602.057944 2581.980391 2537.467743 2494.827084 2467.163377 2449.272500 2424.655179 2401.715925 2372.645442 2339.266509 2315.334901 2294.415385 2302.822244 2311.341354 2327.716712 2317.573621 2308.986380 2304.669183 2289.454086 2275.912257 2260.212162 2266.945878 2278.259922 2299.427294 2304.846168 2308.899699 2317.625915 2317.084932 2313.663986 2299.829001 2307.850530 2319.209491 2334.381022 2364.942127 2389.119501 2413.311769 2436.262232 2457.625332 2481.984931 2506.812292 2532.062932 2560.215193 2581.785641 2602.708130 2625.775104 2647.408286 2665.458079 2685.681069
2671.269902 2645.621842 2623.751884 2598.334988 2557.076834 2512.011642 2471.663705 2447.568685 2399.507453 2363.996383 2337.641896 2330.097861 2315.032690 2293.440756 2272.781400 2251.870531 2228.037874 2207.444063 2182.362046 2186.700352 2200.841667 2216.390422 2214.897264 2214.035518 2211.843177 2201.800974 2188.264353 2174.670768 2178.362026 2194.769056 2212.391006 2221.616961 2229.119677 2237.028194 2237.197032 2229.006243 2220.005609 2225.600198 2241.115184 2258.191792 2277.843052 2299.966845 2322.317244 2344.024453 2367.889530 2392.145822 2416.921455 2443.772050 2473.089161 2496.038323 2521.610893 2548.040220 2567.776679 2579.955250 2592.101552
2560.006050 2538.654152 2514.033436 2485.733431 2442.841490 2401.500553 2359.368245 2314.257819 2280.215947 2249.637384 2238.266237 2221.215659 2205.856899 2189.629738 2168.717381 2150.970440 2134.476669 2112.662888 2099.521550 2105.712359 2118.649590 2127.577061 2132.708236 2130.150994 2127.485514 2121.152120 2107.315361 2101.061328 2110.530422 2125.794763 2139.956049 2151.133358 2158.127600 2163.795414 2161.144815 2152.653053 2149.065094 2157.632205 2173.573601 2188.053186 2204.326615 2225.932159 2247.503620 2270.155069 2293.840463 2317.244572 2343.150214 2369.827519 2397.184004 2425.321726 2449.838533 2472.234475 2484.044088 2496.248416 2500.847058
2427.626551 2413.465790 2387.122546 2358.209832 2327.189752 2291.672922 2264.474037 2232.119573 2201.229773 2171.306576 2145.268666 2130.879056 2123.005932 2109.144360 2091.141184 2078.946556 2062.740690 2049.802574 2053.368871 2054.882761 2063.731162 2062.711910 2063.354734 2060.610667 2059.755919 2056.753984 2049.029104 2059.141465 2066.034543 2079.883463 2090.218809 2099.917150 2105.994021 2109.927772 2110.838136 2106.124757 2111.457468 2118.251794 2132.594815 2144.383474 2158.889629 2179.595617 2197.232613 2217.052969 2240.234239 2264.139428 2289.149505 2315.897214 2344.840124 2370.758407 2390.590901 2399.804058 2411.231901 2416.143909 2409.044887
