tests/Borden05m/sims/sim_1/output-maps/psiliqL0002N0009.asc
ncols         160
nrows         34
xllcorner     620200.000000
yllcorner     5168000.000000
cellsize      0.500000
NODATA_value  -9999.0
[rows 0 to 24 of 34, columns 0 to 55 of 160]
-9999.0 -9999.0 -9999.0 -9999.0 -9999.0 -9999.0 -9999.0 -9999.0 -9999.0 -9999.0 -9999.0 -9999.0 -9999.0 -9999.0 -9999.0 -9999.0 -9999.0 -9999.0 -9999.0 -9999.0 -9999.0 -9999.0 -9999.0 -9999.0 -9999.0 -9999.0 -9999.0 -9999.0 -9999.0 -9999.0 -9999.0 -9999.0 -9999.0 -9999.0 -9999.0 -9999.0 -9999.0 -9999.0 -9999.0 -9999.0 -9999.0 -9999.0 -9999.0 -9999.0 -9999.0 -9999.0 -9999.0 -9999.0 -9999.0 -9999.0 -9999.0 -9999.0 -9999.0 -9999.0 -9999.0 -9999.0
-9999.0 -9999.0 -9999.0 -9999.0 -9999.0 -9999.0 -9999.0 -9999.0 -9999.0 -9999.0 -9999.0 -9999.0 -9999.0 -9999.0 -9999.0 -9999.0 -9999.0 -9999.0 -9999.0 -9999.0 -9999.0 -9999.0 -9999.0 -9999.0 -9999.0 -9999.0 -9999.0 -9999.0 -9999.0 -9999.0 -9999.0 -9999.0 -9999.0 -9999.0 -9999.0 -9999.0 -9999.0 -9999.0 -9999.0 -9999.0 -9999.0 -9999.0 -9999.0 -9999.0 -9999.0 -9999.0 -9999.0 -9999.0 -9999.0 -9999.0 -9999.0 -9999.0 -9999.0 -9999.0 -9999.0 -9999.0
-9999.0 -9999.0 -9999.0 -9999.0 -9999.0 -9999.0 -9999.0 -9999.0 -9999.0 -9999.0 -9999.0 -9999.0 -9999.0 -9999.0 -9999.0 -9999.0 -9999.0 -9999.0 -9999.0 -9999.0 -9999.0 -9999.0 -9999.0 -9999.0 -9999.0 -9999.0 -9999.0 -9999.0 -9999.0 -9999.0 -9999.0 -9999.0 -9999.0 -9999.0 -9999.0 -9999.0 -9999.0 -9999.0 -9999.0 -9999.0 -9999.0 -9999.0 -9999.0 -9999.0 -9999.0 -9999.0 -9999.0 -508.795433 -512.671564 -517.431887 -518.841209 -513.617537 -511.608100 -509.863532 -508.904399 -508.071814
-9999.0 -9999.0 -9999.0 -9999.0 -9999.0 -9999.0 -9999.0 -9999.0 -9999.0 -9999.0 -9999.0 -9999.0 -9999.0 -9999.0 -9999.0 -9999.0 -9999.0 -9999.0 -9999.0 -9999.0 -9999.0 -9999.0 -9999.0 -9999.0 -9999.0 -9999.0 -9999.0 -9999.0 -9999.0 -9999.0 -9999.0 -9999.0 -9999.0 -9999.0 -9999.0 -9999.0 -9999.0 -9999.0 -9999.0 -9999.0 -510.597497 -508.786167 -507.214400 -509.708119 -510.565379 -510.020285 -512.519996 -515.561334 -518.774308 -517.634877 -517.628333 -520.285391 -516.900913 -514.334482 -513.787841 -513.438803
-9999.0 -9999.0 -9999.0 -9999.0 -9999.0 -9999.0 -9999.0 -9999.0 -9999.0 -9999.0 -9999.0 -9999.0 -9999.0 -9999.0 -9999.0 -9999.0 -9999.0 -9999.0 -9999.0 -9999.0 -9999.0 -9999.0 -9999.0 -9999.0 -9999.0 -9999.0 -9999.0 -9999.0 -9999.0 -9999.0 -9999.0 -9999.0 -9999.0 -9999.0 -517.272920 -513.963497 -512.741499 -511.640204 -509.747551 -510.755478 -511.637893 -510.085648 -511.513238 -511.433545 -513.033450 -516.171993 -519.308679 -520.992136 -518.740933 -519.380350 -519.472970 -517.923565 -517.161909 -517.177444 -515.171258 -511.696430
-9999.0 -9999.0 -9999.0 -9999.0 -9999.0 -9999.0 -9999.0 -9999.0 -9999.0 -9999.0 -9999.0 -9999.0 -9999.0 -9999.0 -9999.0 -9999.0 -9999.0 -9999.0 -9999.0 -9999.0 -9999.0 -9999.0 -9999.0 -9999.0 -9999.0 -9999.0 -9999.0 -9999.0 -511.764465 -513.098562 -514.100339 -513.993169 -514.487202 -516.471323 -517.155368 -517.064443 -515.517695 -512.853475 -512.673772 -513.293130 -513.245727 -514.041890 -516.068828 -516.192123 -513.778414 -515.659842 -516.410146 -517.595161 -521.012815 -521.899810 -520.019422 -518.337381 -517.026072 -517.046467 -517.296645 -517.876147
-9999.0 -9999.0 -9999.0 -9999.0 -9999.0 -9999.0 -9999.0 -9999.0 -9999.0 -9999.0 -9999.0 -9999.0 -9999.0 -9999.0 -9999.0 -9999.0 -9999.0 -9999.0 -9999.0 -9999.0 -9999.0 -9999.0 -9999.0 -513.712603 -512.490159 -512.105388 -511.065072 -511.695226 -514.448126 -516.152637 -516.868594 -517.479765 -518.972744 -519.239525 -519.463003 -518.799811 -518.455550 -515.629027 -517.559139 -518.865507 -516.336128 -517.083365 -515.274021 -513.191787 -513.616602 -513.078048 -516.791845 -519.583817 -516.597770 -515.506117 -515.847047 -516.794554 -516.194761 -515.385598 -514.372682 -512.296732
-9999.0 -9999.0 -9999.0 -9999.0 -9999.0 -9999.0 -9999.0 -9999.0 -9999.0 -9999.0 -9999.0 -9999.0 -9999.0 -9999.0 -9999.0 -9999.0 -9999.0 -9999.0 -9999.0 -513.158057 -513.592598 -514.434424 -514.192701 -516.926570 -518.118873 -517.472918 -516.167197 -517.060819 -518.604843 -519.912665 -519.778737 -519.648498 -520.059941 -518.250451 -516.894054 -516.682652 -517.505336 -515.426552 -515.095592 -514.050246 -510.625259 -513.174436 -515.570456 -516.817533 -516.931931 -517.714956 -515.598185 -515.046020 -515.032004 -515.566360 -515.838611 -515.619275 -515.737327 -513.383733 -511.470563 -510.187136
-9999.0 -9999.0 -9999.0 -9999.0 -9999.0 -9999.0 -9999.0 -9999.0 -9999.0 -9999.0 -9999.0 -9999.0 -9999.0 -9999.0 -9999.0 -9999.0 -513.058586 -513.322723 -514.382776 -516.123013 -517.592735 -517.690128 -516.691205 -518.726710 -519.466847 -519.139349 -520.116530 -519.261015 -518.325159 -517.177318 -516.719620 -518.230190 -518.151647 -518.587776 -519.056906 -518.814982 -516.457000 -514.395971 -514.393271 -513.019969 -510.066852 -512.178270 -513.011135 -512.933970 -514.304804 -513.601649 -509.019849 -510.273264 -512.981272 -508.357803 -506.183488 -507.697499 -508.761725 -506.268547 -502.462353 -497.621614
-9999.0 -9999.0 -9999.0 -9999.0 -9999.0 -9999.0 -9999.0 -9999.0 -9999.0 -9999.0 -9999.0 -9999.0 -9999.0 -512.984330 -513.247292 -513.073473 -515.750485 -517.801419 -519.080938 -520.854734 -518.857344 -520.478973 -521.069058 -520.824885 -519.064142 -519.171304 -519.126873 -518.129844 -518.726140 -519.487562 -520.244563 -521.651796 -520.379331 -519.169283 -518.518159 -516.791554 -515.718029 -515.142136 -513.408086 -513.635212 -512.561616 -513.546011 -515.614135 -516.134536 -514.859848 -510.856610 -508.192440 -507.888465 -502.492634 -496.892074 -494.724237 -491.569977 -490.530555 -489.100288 -484.412855 -467.803820
-9999.0 -9999.0 -9999.0 -9999.0 -9999.0 -9999.0 -9999.0 -9999.0 -9999.0 -9999.0 -516.638437 -515.330290 -517.292981 -520.996731 -522.644144 -521.930659 -521.196326 -522.675749 -522.766272 -519.179011 -517.303625 -520.985624 -518.749664 -518.886199 -520.554395 -520.378303 -519.636786 -519.765647 -517.803292 -518.062334 -518.431998 -515.159357 -514.687787 -514.180210 -513.353337 -512.543681 -512.170902 -507.789547 -504.262847 -505.511190 -500.040589 -496.682241 -500.221771 -501.483825 -500.825508 -497.024931 -490.885731 -481.842463 -471.933732 -456.350886 -442.801798 -433.578512 -426.240956 -415.642652 -393.683125 -329.649186
-9999.0 -9999.0 -9999.0 -9999.0 -9999.0 -9999.0 -9999.0 -9999.0 -521.813666 -519.758279 -518.483923 -520.131503 -522.346907 -526.400578 -524.970869 -523.621819 -522.775806 -521.445878 -520.934993 -520.589170 -521.771940 -520.764965 -518.667493 -519.583667 -519.586598 -518.325311 -518.628012 -517.680283 -516.077375 -517.697329 -517.238632 -516.039782 -515.086292 -514.298844 -513.245427 -513.106040 -508.783703 -502.933230 -496.513433 -491.296672 -483.596427 -473.387508 -473.920074 -471.160983 -467.997283 -453.014449 -432.993643 -398.289013 -330.670769 -312.806364 -301.995306 -296.454517 -292.306920 -285.544232 -273.883530 -259.323696
-9999.0 -9999.0 -9999.0 -9999.0 -9999.0 -9999.0 -524.798739 -520.294798 -518.156541 -523.391974 -527.407960 -528.750945 -531.151018 -526.007194 -521.564189 -520.867089 -520.388843 -519.804513 -520.521747 -523.855584 -517.398365 -519.674775 -521.458301 -519.804571 -520.348432 -520.556428 -519.712866 -517.377973 -516.920310 -512.149229 -509.210699 -506.910821 -503.260373 -501.302762 -499.068471 -496.582059 -488.696818 -476.354028 -457.636599 -438.983374 -416.077067 -372.795587 -341.331602 -322.881327 -316.281041 -310.764925 -300.206139 -284.418739 -259.296247 -239.512718 -225.630879 -219.758613 -212.936442 -203.118693 -188.468457 -176.015469
-9999.0 -9999.0 -9999.0 -9999.0 -521.956682 -521.077961 -522.134795 -518.315297 -515.703292 -522.084127 -519.889114 -521.042316 -523.160731 -525.757835 -528.876987 -526.878906 -525.820822 -525.208163 -525.936794 -519.741002 -514.679356 -519.043690 -516.908148 -512.151233 -514.011368 -513.967611 -514.314054 -512.735368 -509.535001 -505.546535 -494.725482 -485.278638 -479.369817 -470.554902 -460.241834 -447.338796 -425.760276 -368.990515 -319.299894 -303.668557 -289.719125 -273.261012 -260.112080 -252.678414 -245.489677 -238.041109 -227.336381 -208.203908 -182.931419 -158.455439 -136.881063 -124.907724 -115.406881 -102.007170 -68.374340 -55.546929
-9999.0 -9999.0 -9999.0 -524.530834 -520.164217 -518.742478 -521.226460 -520.718146 -517.550900 -521.140924 -521.913018 -522.630014 -523.116712 -523.209533 -523.670818 -522.641632 -522.625354 -523.811289 -523.286708 -520.009747 -519.196504 -517.070481 -515.758605 -513.246842 -510.986524 -510.524060 -509.502477 -506.077523 -496.527079 -486.023738 -463.354746 -432.356925 -391.774322 -334.589817 -317.108024 -307.477528 -298.223917 -277.916423 -256.151423 -237.698353 -217.221478 -196.976460 -176.323954 -168.636580 -163.148564 -155.417670 -140.870038 -118.174727 -77.578311 -71.167194 -28.726373 -28.455246 -0.343417 5.443766 20.427532 31.719384
-9999.0 -9999.0 -523.468204 -521.036806 -523.089459 -520.198875 -517.028150 -520.040782 -516.203156 -515.217110 -519.840333 -517.702958 -516.787146 -519.792019 -518.465691 -516.933280 -516.230698 -519.659630 -522.404918 -518.828717 -510.503192 -504.435415 -502.396128 -485.572300 -475.498236 -468.580088 -465.481192 -454.885352 -438.052201 -387.031970 -321.223452 -299.077563 -277.326803 -253.117430 -242.777396 -232.361498 -215.014699 -200.587724 -177.156898 -153.243009 -130.107613 -102.648409 -56.530656 -48.861973 -63.136581 -33.641628 -31.813028 3.108448 21.861806 37.890436 54.323646 53.787792 54.815445 54.022824 54.995042 54.233679
-9999.0 -9999.0 -526.393820 -522.256875 -525.577712 -519.332079 -513.704235 -520.478829 -519.315912 -513.626482 -515.930378 -515.823836 -517.448637 -517.897273 -515.914391 -511.100381 -514.188101 -515.385201 -521.988720 -508.972429 -498.469071 -480.208214 -441.221688 -393.692622 -330.930082 -319.712842 -316.787550 -311.369251 -302.749772 -278.730042 -241.570866 -207.977522 -173.662470 -147.850223 -134.057178 -117.788857 -76.530823 -62.014725 -49.352877 -20.778294 -22.451201 13.042225 33.467530 49.130201 53.908509 54.851382 53.736430 54.833112 54.311025 54.950960 53.665341 51.323670 49.744669 50.897055 51.129572 47.213529
-9999.0 -527.111750 -525.124055 -525.235816 -521.264228 -523.286488 -519.008977 -512.718250 -514.164988 -512.552047 -513.474040 -518.850956 -506.407084 -495.889492 -493.502112 -484.423921 -489.366566 -492.488050 -499.880911 -486.902979 -461.945744 -376.125069 -296.165803 -259.526506 -233.291078 -227.939289 -229.906169 -219.550917 -199.328434 -164.481192 -87.716781 -55.054987 -20.355092 5.930443 13.470617 15.299669 27.407420 41.726025 56.689681 59.443559 58.802462 59.022790 55.230845 54.267090 55.280768 54.252769 52.141233 45.807163 38.843824 33.584509 29.734043 25.770236 27.836065 30.871660 32.057759 25.973340
-9999.0 -533.635593 -525.296039 -520.600521 -523.013532 -527.323818 -516.751364 -500.769985 -509.015638 -512.436656 -514.713375 -505.945041 -475.777870 -445.682208 -424.773551 -388.152964 -395.170013 -413.049696 -412.607860 -351.964875 -310.230205 -269.564180 -177.631524 -71.054904 -69.957953 -61.910045 -54.856083 -35.578601 -11.495714 9.099976 25.648605 46.093186 48.157430 48.635928 48.376857 48.765538 48.622708 48.597391 45.471297 41.450932 36.981813 36.978646 40.302911 40.461865 37.732303 35.105911 30.154724 22.912034 18.606207 -2.212821 -7.074439 5.568016 4.209408 -11.600912 -15.315931 -3.867990
-9999.0 -526.749983 -517.228163 -520.039791 -528.610314 -518.162619 -515.196980 -505.661239 -499.509455 -504.818244 -493.228008 -446.584248 -340.081667 -303.837193 -284.946002 -268.301007 -255.059612 -258.890798 -243.702645 -197.737958 -113.892640 -58.156734 -18.237494 29.528011 35.228013 35.439583 35.227602 35.358784 35.455642 35.516202 35.602254 33.561755 38.055475 39.751398 38.830882 35.842591 31.623852 24.131958 19.748631 0.510697 -8.446238 -8.480170 -0.264616 18.200265 -1.188026 -10.180475 -13.424843 -1.594512 -26.081860 -40.144182 -45.451585 -47.674659 -49.920809 -56.083006 -60.690267 -64.359555
-9999.0 -538.015449 -524.331087 -536.288943 -520.922718 -508.446141 -512.702118 -496.231271 -477.183087 -473.395047 -401.738592 -313.258341 -262.379703 -226.348911 -189.412566 -129.333544 -42.093068 -20.303413 3.237117 4.622210 30.659122 43.100194 43.458698 43.534015 35.548135 35.508358 28.350835 9.648418 -0.683232 -7.381203 -5.986067 -19.764618 6.395875 -7.874475 10.092123 -9.145568 9.180902 5.094515 -1.484065 -32.951411 -44.964569 -50.164205 -48.582908 -36.429239 -47.766399 -53.303858 -58.918245 -64.949528 -76.054974 -85.911690 -93.979554 -100.346131 -103.146941 -108.662023 -109.453324 -114.883156
-9999.0 -546.170016 -536.576749 -529.744246 -516.403023 -507.697794 -500.155722 -482.198028 -437.383704 -369.380858 -302.982134 -273.936323 -233.804800 -180.269029 -108.205723 4.884820 22.688127 23.275573 23.154950 14.348412 -29.325356 -37.937466 -25.755601 -6.383545 1.005197 3.264560 -6.764776 -49.186384 -60.961759 -63.111801 -64.525063 -66.413135 -64.525613 -67.227850 -68.457533 -68.873432 -62.689799 -67.208674 -74.828356 -84.968584 -92.142180 -98.881615 -102.621465 -103.646182 -106.594519 -107.628502 -114.694205 -124.394035 -134.813846 -142.858448 -150.325671 -155.813006 -157.130628 -160.303772 -164.267939 -171.590488
-9999.0 -564.925232 -533.011511 -529.639694 -521.854692 -520.318011 -519.690773 -506.163984 -484.910934 -380.912108 -264.781506 -246.921757 -232.568549 -202.451734 -140.097743 -65.403229 3.565347 -28.313220 -57.604793 -126.317330 -140.331006 -137.089244 -123.723065 -103.588048 -88.611873 -81.415622 -84.095876 -98.199042 -113.171965 -120.638133 -124.300682 -131.258110 -136.052207 -136.311470 -138.272113 -134.105820 -130.089291 -137.512994 -147.442608 -159.332879 -169.130215 -175.794284 -177.564757 -176.563961 -177.154578 -179.878809 -186.490305 -195.390699 -206.042059 -214.898796 -221.291011 -225.194450 -228.640851 -233.173242 -238.016631 -242.884447
-9999.0 -9999.0 -547.459100 -529.288793 -527.524560 -525.501046 -524.207803 -513.096790 -502.584125 -456.131893 -375.101548 -313.096589 -294.394534 -272.158880 -227.347097 -185.118301 -170.456892 -164.759986 -193.256959 -205.112651 -208.699972 -206.813037 -197.035775 -184.709051 -173.090325 -166.187115 -162.884157 -165.514053 -174.083083 -186.836528 -201.156617 -211.337086 -217.144546 -221.123257 -216.204778 -208.474701 -208.879042 -212.397423 -218.679281 -227.069633 -233.569931 -240.292531 -241.428661 -240.264964 -240.318141 -242.741085 -247.646554 -258.907595 -270.629107 -280.424933 -284.823458 -288.369162 -291.206183 -295.997122 -300.397021 -304.968129
-9999.0 -9999.0 -568.120280 -538.629286 -526.589236 -518.441665 -520.580124 -520.395121 -503.324557 -496.956796 -484.543394 -460.171932 -433.926707 -392.434032 -326.562400 -305.098833 -298.043668 -295.350468 -296.821884 -294.803751 -287.484793 -276.115838 -262.963811 -252.217919 -244.216461 -238.319903 -232.612287 -238.763364 -245.087834 -256.069187 -273.087510 -288.226444 -294.424687 -297.322655 -295.435730 -291.786610 -293.735396 -297.392863 -302.147423 -307.378552 -310.881992 -314.473341 -315.291311 -315.667968 -316.095693 -318.519196 -325.403477 -349.288733 -381.990979 -399.433830 -409.409212 -416.693422 -420.371768 -427.740268 -435.999441 -441.712692
