tests/Borden05m/sims/sim_1/output-maps/psiliqL0013N0011.asc
ncols         160
nrows         34
xllcorner     620200.000000
yllcorner     5168000.000000
cellsize      0.500000
NODATA_value  -9999.0
[rows 0 to 24 of 34, columns 56 to 111 of 160]
-9999.0 -9999.0 -9999.0 -9999.0 -9999.0 -9999.0 -9999.0 -9999.0 -9999.0 -9999.0 -9999.0 -9999.0 -9999.0 -9999.0 -9999.0 -9999.0 -9999.0 -9999.0 -9999.0 -9999.0 -9999.0 -9999.0 -9999.0 -9999.0 -9999.0 -9999.0 -9999.0 -9999.0 -9999.0 -9999.0 -9999.0 -9999.0 -9999.0 -9999.0 -9999.0 -9999.0 -9999.0 -9999.0 -9999.0 -9999.0 -9999.0 -9999.0 -9999.0 -9999.0 -9999.0 -9999.0 -9999.0 -9999.0 -9999.0 -9999.0 -9999.0 -9999.0 -9999.0 -9999.0 -9999.0 -9999.0
-9999.0 -9999.0 -9999.0 824.274576 818.866682 813.775978 809.052528 800.328795 791.325677 783.162663 779.434840 778.768760 778.221898 778.062323 783.521783 791.721797 799.545491 806.874561 809.443511 812.029189 814.403046 815.016586 813.905299 810.785266 807.591839 804.281316 802.840930 794.827390 783.510601 774.754115 772.031074 776.460694 780.920706 783.390941 789.196553 799.869595 810.600283 819.048921 830.820609 836.485199 841.413745 844.156920 839.803838 835.986709 831.907764 826.568591 815.384481 -9999.0 -9999.0 -9999.0 -9999.0 -9999.0 -9999.0 -9999.0 -9999.0 -9999.0
787.781790 807.931735 811.321511 800.132277 795.332910 792.211957 790.351550 785.683808 777.246192 772.226089 767.083504 765.489515 765.810679 766.128440 770.468696 780.824537 788.977269 793.908278 796.577298 799.330387 799.184984 798.796402 798.602900 795.836940 792.515545 789.217353 787.498074 787.984361 780.447896 775.007348 771.616357 769.963094 772.465491 774.822997 778.166198 787.596201 795.685574 803.766487 817.962101 830.232209 835.275695 832.518445 827.227087 823.097819 816.065635 805.703363 795.139524 785.298990 778.059313 772.233317 766.207976 771.866204 778.124963 787.677657 797.083251 808.810110
772.680087 792.992019 796.035818 785.495820 777.425338 772.625604 773.054125 775.858189 772.607626 768.268485 763.599550 772.401210 773.986248 775.404226 778.927348 782.216341 785.498345 788.405254 793.923270 803.074957 805.950549 806.635327 806.912197 805.199729 802.183885 800.464883 797.790711 792.670087 791.633131 791.958874 791.724914 796.682632 798.152250 799.835650 793.110711 796.594913 802.717432 809.467066 815.891502 822.420104 826.187473 822.627292 821.365881 812.519310 798.223447 786.638846 777.747109 775.474197 771.869981 763.584158 750.441450 757.088281 772.174218 776.336769 779.278062 790.602568
768.112502 780.162757 783.450861 778.741948 780.334717 782.185863 783.947167 782.665306 779.995978 778.377054 791.246411 801.030697 803.206033 806.464794 810.376429 809.979542 798.270495 796.020081 804.456789 814.961836 820.936744 821.346978 821.440609 819.527900 818.619249 818.310339 816.190659 817.017053 819.509125 819.542020 824.197215 829.841793 832.704118 824.873053 815.691327 816.430082 824.073654 832.106384 839.306700 849.784691 860.842133 859.417714 853.280005 843.655104 829.414754 805.322985 785.173342 773.718611 765.986244 758.193310 757.585155 753.956776 764.622685 765.725187 767.030100 774.753289
774.676351 796.268098 804.587760 799.091118 794.399347 791.983669 793.078323 793.624942 797.054341 809.956244 824.189346 839.179037 842.458083 845.473399 845.419578 836.632170 826.606772 822.991843 837.886845 854.244296 862.759204 863.678372 863.235166 870.298883 869.012448 867.329958 862.523091 864.687646 866.339142 876.392752 884.090299 891.176781 889.337891 877.276508 865.732518 864.012680 866.573735 869.651705 875.690650 885.726795 895.141252 889.582069 881.745893 870.888138 841.390109 813.373533 795.684877 795.033172 794.378496 788.696703 784.736124 780.696758 772.961281 771.744711 770.227211 768.998625
825.420648 846.003043 862.410580 857.261143 849.707265 839.995281 841.019809 844.541031 853.171208 866.822344 885.057007 909.842689 913.550620 917.445115 920.720477 909.913399 897.847016 886.841581 904.679627 915.136317 924.169110 926.364528 936.580007 946.659028 942.241573 934.330090 924.263743 930.736263 942.822717 958.070524 964.960906 968.838168 967.666001 956.545290 950.596012 948.740329 950.512720 947.768144 951.978075 962.005380 976.642388 975.498413 965.466311 941.765015 903.610039 867.941947 846.210492 850.482701 842.527552 834.701799 829.877110 814.909188 803.020505 802.055253 791.593693 784.565722
875.456923 894.752427 913.925606 910.063046 900.158638 887.574278 887.690224 895.821498 906.556350 926.388517 950.347586 975.431852 985.075194 989.365092 999.514522 993.480504 984.356790 976.210044 987.171477 999.538555 1011.702679 1021.963629 1034.983330 1046.695812 1037.419311 1025.694299 1020.803678 1026.122815 1045.803147 1063.050946 1068.307292 1069.717307 1072.548817 1063.612681 1056.697520 1049.600159 1043.984113 1037.866252 1033.549331 1051.208435 1067.032634 1064.570334 1040.241070 1014.800669 977.102636 937.783493 904.013018 901.743276 897.700877 895.253070 878.940042 862.201854 844.440463 833.673943 823.471697 808.240415
969.434539 991.589469 1013.875159 1016.058499 1000.507528 993.581277 998.938660 1012.024542 1019.759369 1035.851838 1061.212760 1094.274617 1117.003666 1137.121832 1142.073809 1134.090779 1125.336159 1112.331600 1110.287176 1127.293740 1139.556403 1150.539120 1161.478324 1173.889399 1179.529130 1177.148304 1176.801264 1180.043813 1186.995646 1195.809347 1202.479843 1207.834180 1213.282182 1209.714702 1199.496999 1192.849963 1183.947672 1177.008865 1174.277243 1176.335795 1186.603144 1183.814573 1157.096004 1128.869516 1095.410243 1056.816167 1023.947393 1004.903060 1009.034679 996.237216 976.354280 955.158907 918.833993 900.932158 883.699785 853.260158
1076.542134 1105.726735 1121.850993 1136.335672 1132.730442 1135.164478 1139.695165 1147.362333 1152.860500 1161.326684 1194.372934 1229.933186 1259.987682 1284.804344 1293.933175 1284.151429 1274.681368 1262.987437 1253.773033 1257.915811 1272.247047 1288.835380 1304.385034 1315.470815 1319.115479 1318.016969 1318.407406 1320.427971 1323.424198 1326.333598 1332.234589 1339.216314 1348.941555 1359.680201 1353.860075 1337.240434 1324.940096 1311.205556 1305.991752 1304.082198 1301.708265 1300.819244 1292.391624 1260.327396 1230.837623 1197.720087 1167.742360 1145.533802 1130.152984 1108.997749 1084.765831 1037.448755 995.914834 959.826271 931.329319 901.870533
1197.012673 1228.600323 1253.498342 1269.594806 1273.455648 1276.646035 1279.901686 1286.200342 1291.786726 1299.324325 1322.113388 1359.559358 1396.818331 1426.808468 1431.224148 1422.287800 1412.180854 1401.977349 1391.548806 1388.323794 1396.035960 1406.951431 1422.719087 1433.901472 1443.415652 1442.804705 1443.337926 1443.834047 1445.840293 1447.553784 1449.343139 1456.041440 1467.453437 1478.342847 1479.284170 1466.133233 1449.302950 1432.036004 1424.633410 1418.142357 1411.709491 1411.046819 1410.839940 1402.628254 1376.855136 1340.461193 1297.516438 1270.362827 1248.138781 1233.577047 1216.032693 1189.147067 1137.227938 1105.773593 1069.736346 1034.550905
1314.427180 1344.412183 1375.360309 1394.806497 1403.444433 1404.798902 1407.442634 1415.188553 1421.701253 1431.995758 1448.735318 1472.550450 1501.515466 1528.365546 1545.768933 1542.290788 1530.010632 1513.029391 1507.911369 1506.636247 1508.503937 1514.815273 1522.532653 1537.586630 1553.116580 1558.504159 1559.393850 1557.113987 1559.152101 1560.167138 1560.106671 1560.919729 1565.351926 1572.136562 1574.542341 1569.779754 1553.982910 1534.038069 1519.549853 1510.413700 1505.243904 1502.556951 1503.090857 1501.869364 1489.369580 1460.120130 1421.962953 1388.245004 1365.535158 1348.419993 1333.492033 1321.123102 1300.763096 1281.774237 1250.240346 1206.284298
1419.373614 1445.218801 1472.147719 1496.839186 1514.019940 1518.871966 1525.100436 1530.254371 1540.102945 1555.573885 1574.515434 1588.582985 1605.584186 1626.879019 1639.448934 1645.126655 1645.431548 1644.128527 1645.760653 1645.714713 1619.674419 1622.345903 1625.011124 1631.933253 1639.843334 1642.564888 1643.043421 1642.150168 1643.232952 1643.473422 1643.462489 1642.926210 1642.709089 1644.695894 1645.431012 1644.371972 1637.754411 1640.489731 1623.372503 1611.089946 1603.147642 1595.042561 1586.126100 1576.166881 1566.033243 1549.380772 1522.248112 1488.875002 1461.338100 1448.943777 1441.107825 1433.207716 1426.555642 1410.367285 1388.181617 1357.082336
1525.111771 1541.173664 1561.431162 1588.867613 1608.135524 1619.005744 1627.803003 1632.722315 1644.799214 1657.881088 1653.026377 1656.822961 1660.718579 1664.466394 1665.693836 1665.877608 1665.439360 1662.901040 1662.157284 1660.061006 1654.971110 1645.099644 1646.183596 1647.461666 1649.958050 1653.661257 1652.634131 1653.739578 1656.656953 1655.046819 1649.409541 1645.637913 1643.915685 1644.322923 1651.418171 1654.566915 1655.298780 1654.127476 1653.132738 1652.336721 1650.618664 1648.644217 1645.965584 1642.472443 1645.263240 1634.920483 1611.612383 1578.774758 1544.010206 1529.688495 1524.596125 1523.911357 1519.988482 1512.922226 1493.825821 1466.408528
1637.260873 1650.347386 1647.900980 1657.735659 1662.990655 1665.645372 1668.351465 1670.726810 1671.748610 1668.487659 1665.020006 1660.300426 1658.861991 1657.219061 1654.324784 1654.334904 1651.770518 1647.273029 1643.145494 1636.094877 1624.750926 1612.787885 1609.735592 1614.020121 1619.016858 1623.594711 1627.138446 1630.674896 1631.793649 1626.958953 1618.957014 1611.741221 1609.703573 1616.105339 1621.773647 1627.167841 1627.943011 1626.548560 1624.473708 1624.690111 1622.489088 1623.377662 1630.165969 1643.465235 1649.332421 1651.765244 1651.171917 1643.788972 1630.551536 1622.548273 1602.693109 1605.397456 1600.109911 1588.105300 1566.872602 1542.924048
1664.133911 1663.647028 1661.846437 1655.853214 1649.968588 1649.068315 1652.648843 1659.097596 1660.058486 1652.881232 1644.413442 1637.172516 1629.932653 1627.001836 1624.714678 1622.998512 1622.088789 1615.958795 1607.417506 1591.489786 1579.168525 1567.219006 1560.636996 1558.478485 1563.465518 1573.462066 1583.308961 1588.156619 1581.622974 1574.118057 1563.316809 1555.104655 1555.226858 1557.566276 1566.695915 1580.693968 1585.369072 1586.089417 1581.126302 1576.968577 1571.738941 1570.608691 1578.271840 1593.733961 1609.297713 1623.174184 1631.562955 1638.934364 1645.227582 1648.674988 1649.547421 1649.827520 1648.504918 1646.778508 1631.379293 1610.490839
1650.634698 1643.777239 1638.211365 1630.915925 1624.476757 1622.024869 1623.723323 1625.953471 1622.091815 1614.943794 1604.351930 1592.961153 1582.493030 1575.159591 1574.444376 1575.067441 1574.633956 1567.211743 1552.104383 1534.246106 1520.226240 1505.825778 1501.390389 1496.395029 1492.328637 1503.041153 1520.206275 1526.544948 1513.343363 1503.513983 1489.309461 1481.881434 1478.791992 1480.421739 1489.951882 1509.789594 1529.061433 1530.461544 1521.197078 1512.351439 1508.493498 1507.069879 1514.606577 1533.455750 1553.975901 1569.432671 1579.761701 1586.087322 1594.636840 1604.402276 1616.765647 1629.960345 1640.975327 1649.370769 1653.268561 1651.345841
1623.486039 1614.988242 1606.407608 1598.209036 1590.807186 1585.407502 1582.226783 1578.650845 1571.939364 1564.272410 1549.239451 1536.472581 1523.685724 1508.943535 1504.088074 1499.629559 1499.862151 1487.655201 1476.607849 1457.591584 1441.696664 1425.746969 1415.007217 1409.108383 1403.357739 1407.485748 1422.857012 1431.888521 1418.950699 1408.775086 1396.102778 1390.030143 1386.800095 1388.818640 1399.193048 1421.235287 1439.951790 1447.174733 1439.851428 1435.682938 1434.536164 1434.701406 1441.685186 1457.057734 1477.695991 1499.473559 1516.466888 1526.745865 1535.278722 1546.056307 1561.052868 1575.529889 1589.937059 1607.272222 1627.391807 1642.065814
1586.529318 1575.662770 1564.970991 1553.254419 1541.399581 1533.944900 1533.936985 1526.330873 1519.096597 1502.778729 1455.889788 1437.119488 1418.359338 1402.008148 1394.905344 1386.052699 1376.326249 1366.029303 1358.582124 1351.479996 1335.659025 1317.995605 1301.614395 1296.309209 1292.148704 1282.849911 1287.088095 1290.101550 1294.834921 1287.692636 1282.239051 1280.374303 1277.977845 1281.182337 1294.848071 1306.611835 1316.728367 1323.335996 1322.956575 1330.858071 1338.296129 1343.984091 1361.137961 1375.686311 1394.309687 1416.757890 1441.454938 1455.900427 1466.539104 1478.494073 1495.009655 1512.509307 1530.747475 1553.754818 1578.821965 1595.265981
1540.118450 1525.358491 1510.201143 1496.272806 1482.302964 1467.712741 1467.155593 1462.446925 1452.813377 1410.140098 1367.325368 1334.097861 1314.995881 1291.783235 1278.969799 1266.044883 1237.636211 1221.978644 1215.422659 1220.343826 1210.654621 1193.428458 1179.243143 1170.826619 1163.862083 1150.657465 1141.168288 1145.951408 1158.557046 1154.629425 1153.451297 1157.883444 1156.373180 1152.939894 1158.052044 1172.439859 1180.706966 1191.132034 1203.794987 1209.404840 1220.551685 1248.834575 1264.209072 1281.039393 1302.610102 1325.942372 1350.148618 1372.028403 1386.804116 1402.824566 1422.855395 1440.898748 1462.735506 1487.129563 1516.585482 1537.239934
1470.927476 1450.533824 1432.858062 1414.184974 1391.757499 1369.892212 1365.893288 1357.425177 1336.297124 1288.897094 1248.068493 1217.660594 1194.236895 1168.966731 1148.545497 1119.375901 1086.486232 1065.097853 1070.392073 1077.261375 1078.336188 1064.123979 1051.165632 1040.773449 1026.502342 1010.990154 999.080066 1007.810632 1016.370045 1025.572926 1029.413106 1033.192854 1036.098139 1035.120284 1030.477299 1035.222118 1044.423321 1055.369131 1066.926438 1082.385313 1113.810789 1140.206808 1159.508928 1182.178344 1204.432378 1229.359988 1255.403552 1279.157188 1297.395531 1317.799576 1338.787130 1361.356597 1383.624525 1409.772615 1440.183671 1465.877198
1392.276752 1364.872375 1341.199463 1313.069335 1272.528069 1256.106757 1245.645054 1230.452622 1192.025691 1148.625426 1113.881304 1089.607139 1063.617498 1038.750268 1010.517024 978.071733 951.132001 930.255458 936.616938 943.365337 954.908974 942.970402 931.914604 925.748295 910.766099 896.849484 882.269606 889.712272 899.808996 917.478998 921.806433 925.354968 932.564655 931.669147 929.282990 920.069866 928.971294 939.954286 954.445608 983.242982 1009.187560 1034.798622 1058.059094 1080.533954 1105.389195 1131.871666 1158.703852 1186.898201 1208.938406 1230.539391 1254.459533 1276.944148 1297.160794 1319.856424 1347.808847 1372.380779
1283.613867 1260.374876 1234.893713 1196.681470 1151.752662 1115.755162 1097.252862 1056.672551 1021.426190 986.561315 969.310086 950.071809 926.044522 903.456793 881.260897 854.749989 831.688659 807.026060 810.437682 822.766392 836.624515 831.258293 827.852702 824.649155 813.478647 799.788919 786.231200 789.864674 805.185453 822.116968 829.803127 836.573141 844.212333 844.432899 837.587825 829.355225 835.305340 849.939413 866.722504 888.319351 911.764017 935.089509 957.347554 982.012938 1007.801702 1034.223589 1062.684240 1092.394820 1115.741777 1142.460805 1169.913330 1191.957470 1206.630410 1222.842440 1249.009486 1269.749878
1174.863652 1149.333228 1121.204800 1078.947451 1035.425076 991.521604 950.507340 916.018988 883.750355 865.905361 846.130002 827.522340 808.652165 786.824773 766.894906 747.732525 725.222334 707.732571 712.858718 725.667869 736.355425 739.291370 736.218986 733.100441 725.669311 711.927679 702.426630 711.022690 726.366051 741.143176 751.483855 758.281556 764.362634 761.774701 753.683081 748.361941 756.727307 772.604585 787.888648 805.693471 827.955779 850.284653 873.285934 897.515374 921.953717 948.981612 977.014775 1005.715391 1034.421951 1060.841424 1085.597470 1099.778500 1114.191899 1124.233562 1142.993879 1164.066142
1047.096424 1020.313408 990.860084 956.546225 916.911658 885.389120 851.967823 819.868633 788.492369 762.083416 744.529490 734.202644 718.863334 699.231153 685.393651 668.137485 650.904887 650.974801 653.501950 664.228236 665.063489 665.574911 662.535275 661.387058 657.164970 646.888897 654.243555 661.671983 676.226454 686.988719 696.488784 702.753688 706.911869 707.008673 700.935178 704.811684 712.106620 726.923683 739.159544 754.673379 776.086967 794.352894 814.812079 838.108493 862.345291 887.939638 915.273474 944.832689 971.836736 993.939607 1006.046839 1019.566165 1028.060986 1025.211536 1042.154789 1060.117723
