tests/Borden05m/sims/sim_1/output-maps/psiliqL0007N0006.asc
ncols         160
nrows         34
xllcorner     620200.000000
yllcorner     5168000.000000
cellsize      0.500000
NODATA_value  -9999.0
[rows 0 to 24 of 34, columns 0 to 55 of 160]
-9999.0 -9999.0 -9999.0 -9999.0 -9999.0 -9999.0 -9999.0 -9999.0 -9999.0 -9999.0 -9999.0 -9999.0 -9999.0 -9999.0 -9999.0 -9999.0 -9999.0 -9999.0 -9999.0 -9999.0 -9999.0 -9999.0 -9999.0 -9999.0 -9999.0 -9999.0 -9999.0 -9999.0 -9999.0 -9999.0 -9999.0 -9999.0 -9999.0 -9999.0 -9999.0 -9999.0 -9999.0 -9999.0 -9999.0 -9999.0 -9999.0 -9999.0 -9999.0 -9999.0 -9999.0 -9999.0 -9999.0 -9999.0 -9999.0 -9999.0 -9999.0 -9999.0 -9999.0 -9999.0 -9999.0 -9999.0
-9999.0 -9999.0 -9999.0 -9999.0 -9999.0 -9999.0 -9999.0 -9999.0 -9999.0 -9999.0 -9999.0 -9999.0 -9999.0 -9999.0 -9999.0 -9999.0 -9999.0 -9999.0 -9999.0 -9999.0 -9999.0 -9999.0 -9999.0 -9999.0 -9999.0 -9999.0 -9999.0 -9999.0 -9999.0 -9999.0 -9999.0 -9999.0 -9999.0 -9999.0 -9999.0 -9999.0 -9999.0 -9999.0 -9999.0 -9999.0 -9999.0 -9999.0 -9999.0 -9999.0 -9999.0 -9999.0 -9999.0 -9999.0 -9999.0 -9999.0 -9999.0 -9999.0 -9999.0 -9999.0 -9999.0 -9999.0
-9999.0 -9999.0 -9999.0 -9999.0 -9999.0 -9999.0 -9999.0 -9999.0 -9999.0 -9999.0 -9999.0 -9999.0 -9999.0 -9999.0 -9999.0 -9999.0 -9999.0 -9999.0 -9999.0 -9999.0 -9999.0 -9999.0 -9999.0 -9999.0 -9999.0 -9999.0 -9999.0 -9999.0 -9999.0 -9999.0 -9999.0 -9999.0 -9999.0 -9999.0 -9999.0 -9999.0 -9999.0 -9999.0 -9999.0 -9999.0 -9999.0 -9999.0 -9999.0 -9999.0 -9999.0 -9999.0 -9999.0 -521.770667 -539.374451 -556.539555 -558.200187 -535.551357 -512.633526 -489.483786 -469.496480 -451.257543
-9999.0 -9999.0 -9999.0 -9999.0 -9999.0 -9999.0 -9999.0 -9999.0 -9999.0 -9999.0 -9999.0 -9999.0 -9999.0 -9999.0 -9999.0 -9999.0 -9999.0 -9999.0 -9999.0 -9999.0 -9999.0 -9999.0 -9999.0 -9999.0 -9999.0 -9999.0 -9999.0 -9999.0 -9999.0 -9999.0 -9999.0 -9999.0 -9999.0 -9999.0 -9999.0 -9999.0 -9999.0 -9999.0 -9999.0 -9999.0 -474.319506 -468.599085 -467.005192 -478.169203 -489.692649 -501.502408 -521.424931 -539.385818 -555.331736 -558.525205 -556.250396 -550.626247 -527.793533 -504.177575 -485.301334 -468.272701
-9999.0 -9999.0 -9999.0 -9999.0 -9999.0 -9999.0 -9999.0 -9999.0 -9999.0 -9999.0 -9999.0 -9999.0 -9999.0 -9999.0 -9999.0 -9999.0 -9999.0 -9999.0 -9999.0 -9999.0 -9999.0 -9999.0 -9999.0 -9999.0 -9999.0 -9999.0 -9999.0 -9999.0 -9999.0 -9999.0 -9999.0 -9999.0 -9999.0 -9999.0 -564.955187 -547.541638 -529.798092 -511.956764 -495.823607 -489.599215 -483.892552 -478.251495 -482.474561 -487.627183 -499.198876 -517.785790 -537.760530 -552.394634 -555.481497 -558.472683 -554.414141 -541.600031 -525.496317 -509.525485 -489.174987 -466.798665
-9999.0 -9999.0 -9999.0 -9999.0 -9999.0 -9999.0 -9999.0 -9999.0 -9999.0 -9999.0 -9999.0 -9999.0 -9999.0 -9999.0 -9999.0 -9999.0 -9999.0 -9999.0 -9999.0 -9999.0 -9999.0 -9999.0 -9999.0 -9999.0 -9999.0 -9999.0 -9999.0 -9999.0 -559.365755 -565.478027 -570.985196 -572.844876 -574.513906 -576.120771 -569.429009 -557.305791 -539.286463 -518.361950 -506.126403 -499.449323 -493.364186 -492.895683 -497.991049 -500.637405 -500.896969 -512.860827 -524.793314 -536.008524 -546.838605 -548.321531 -539.232736 -526.070053 -510.804391 -496.795426 -482.292902 -469.318764
-9999.0 -9999.0 -9999.0 -9999.0 -9999.0 -9999.0 -9999.0 -9999.0 -9999.0 -9999.0 -9999.0 -9999.0 -9999.0 -9999.0 -9999.0 -9999.0 -9999.0 -9999.0 -9999.0 -9999.0 -9999.0 -9999.0 -9999.0 -587.618905 -581.613950 -575.430936 -568.468548 -567.942253 -572.632491 -578.686129 -582.322404 -584.347178 -586.298973 -582.399874 -574.304427 -561.012201 -545.570637 -524.625938 -516.586756 -510.272148 -498.244903 -496.708377 -492.793281 -489.347181 -491.738029 -494.805211 -507.002984 -516.099939 -510.569277 -504.818696 -499.208573 -492.636631 -480.543255 -465.605919 -448.501497 -428.453483
-9999.0 -9999.0 -9999.0 -9999.0 -9999.0 -9999.0 -9999.0 -9999.0 -9999.0 -9999.0 -9999.0 -9999.0 -9999.0 -9999.0 -9999.0 -9999.0 -9999.0 -9999.0 -9999.0 -611.782423 -611.192190 -610.544391 -606.324754 -605.554764 -603.576591 -596.907329 -589.157442 -587.582905 -589.511866 -591.703369 -590.634287 -588.484166 -584.895457 -573.848636 -560.532595 -546.984538 -533.358602 -513.186131 -499.094506 -485.668078 -470.095883 -472.367611 -477.642962 -480.611433 -480.884962 -480.810481 -474.768341 -471.367774 -466.482426 -460.985714 -454.531494 -446.598220 -436.912795 -419.155854 -399.419815 -379.451751
-9999.0 -9999.0 -9999.0 -9999.0 -9999.0 -9999.0 -9999.0 -9999.0 -9999.0 -9999.0 -9999.0 -9999.0 -9999.0 -9999.0 -9999.0 -9999.0 -639.447950 -637.815181 -636.062027 -631.059571 -629.054741 -625.500008 -619.074780 -618.488834 -615.022204 -608.393117 -603.835422 -595.925628 -588.699866 -581.899440 -576.549884 -574.455752 -567.240695 -558.183888 -546.918851 -531.810214 -510.501975 -488.738375 -473.266053 -457.472349 -441.562974 -442.174701 -444.210012 -443.922806 -443.775243 -436.043088 -418.200952 -412.565946 -409.305217 -390.259555 -376.284710 -371.397235 -364.811647 -347.207971 -323.249714 -295.509954
-9999.0 -9999.0 -9999.0 -9999.0 -9999.0 -9999.0 -9999.0 -9999.0 -9999.0 -9999.0 -9999.0 -9999.0 -9999.0 -682.643129 -678.693697 -669.970323 -662.498696 -660.738728 -657.363183 -652.238713 -640.567529 -637.566880 -631.841965 -624.702013 -613.999440 -606.101639 -597.432506 -586.281753 -578.417482 -571.865422 -565.378258 -559.150432 -545.951000 -531.174584 -515.886920 -496.385010 -475.802450 -455.529197 -435.201574 -421.257502 -407.762605 -404.686118 -407.621193 -406.945919 -399.216444 -380.953219 -361.840705 -348.656710 -325.618563 -300.637944 -284.781490 -270.169913 -260.100852 -246.916916 -224.831443 -183.878613
-9999.0 -9999.0 -9999.0 -9999.0 -9999.0 -9999.0 -9999.0 -9999.0 -9999.0 -9999.0 -717.975187 -715.453746 -719.134305 -718.311170 -714.168235 -702.804228 -690.263565 -683.713362 -673.147053 -653.322789 -636.994633 -634.085879 -619.764566 -610.521198 -604.655417 -594.559340 -582.095344 -569.719021 -552.972103 -541.004949 -528.838391 -508.601408 -493.021875 -477.650414 -461.064697 -442.551058 -422.257597 -392.447853 -365.461943 -351.414408 -326.655707 -311.740334 -315.678424 -316.191405 -308.628693 -289.484546 -262.572832 -231.430161 -203.330184 -168.364328 -136.791140 -114.631521 -98.427596 -80.620033 -57.770587 -8.028307
-9999.0 -9999.0 -9999.0 -9999.0 -9999.0 -9999.0 -9999.0 -9999.0 -741.486826 -735.013387 -728.883725 -732.182143 -737.263283 -740.602770 -728.240521 -712.942093 -697.591187 -681.373717 -666.084709 -649.039364 -634.019165 -618.014358 -599.625988 -588.522572 -577.361826 -563.012301 -550.118623 -532.798379 -512.344431 -498.097569 -479.497078 -458.601934 -439.980087 -423.068357 -405.803313 -388.369004 -359.423820 -324.269446 -290.146914 -262.493294 -231.672288 -203.554858 -201.528287 -196.766591 -189.285656 -155.747644 -112.038344 -65.462699 -15.655760 49.611227 125.767900 161.319048 178.595118 193.403346 210.366944 231.478863
-9999.0 -9999.0 -9999.0 -9999.0 -9999.0 -9999.0 -766.419872 -742.639058 -728.285701 -736.294901 -744.144463 -747.621554 -751.213427 -733.632407 -713.034539 -696.935320 -681.004350 -664.501206 -649.052556 -634.615400 -599.905530 -584.855270 -570.651783 -551.334886 -538.428267 -525.495387 -509.107871 -486.380756 -463.933884 -431.476887 -401.448768 -374.446422 -347.982826 -328.144258 -309.290042 -288.640917 -253.758965 -211.393468 -166.642100 -123.460859 -82.860697 -41.831999 -24.118963 -11.031215 9.723835 55.571867 129.516445 179.654569 225.250110 270.303355 311.336365 331.000428 343.297845 352.988030 362.603671 372.461052
-9999.0 -9999.0 -9999.0 -9999.0 -799.342615 -778.656364 -758.233638 -727.715754 -705.497952 -711.362559 -704.230195 -703.899544 -705.386358 -703.751207 -698.955581 -681.826382 -665.151160 -648.426235 -630.305042 -592.671446 -552.688376 -536.843401 -510.517573 -479.377561 -466.435549 -452.770069 -438.556193 -416.337650 -386.659270 -350.758609 -301.062308 -257.692440 -227.969312 -201.316829 -175.985253 -144.379749 -99.505740 -43.791484 25.969765 114.406364 168.443698 201.369545 218.541365 228.744495 245.136062 270.747490 305.757160 338.112034 365.675100 391.866512 413.066507 424.761076 429.794097 435.720540 441.613926 449.171691
-9999.0 -9999.0 -9999.0 -845.170268 -807.049238 -770.855563 -743.560460 -713.012601 -682.075107 -675.638244 -668.011952 -661.586759 -654.954848 -646.495083 -636.698748 -621.415736 -608.793864 -597.900146 -578.260448 -542.677460 -507.372636 -473.492638 -442.074273 -411.434622 -388.526245 -373.367052 -357.252773 -332.332072 -289.981118 -245.024334 -184.574459 -116.137548 -63.263907 -22.510530 17.974811 78.876040 136.531741 188.293484 238.240821 289.015041 327.942730 352.501997 367.993250 373.063808 379.711330 388.056686 403.590660 419.365549 432.582196 450.389663 468.616275 482.819553 490.058151 494.208558 503.831424 514.687033
-9999.0 -9999.0 -891.071759 -854.651311 -819.194050 -767.341796 -715.393240 -682.719173 -642.487909 -617.442313 -610.703853 -592.190066 -575.603855 -567.559941 -550.972798 -534.267273 -522.876516 -521.236929 -510.692203 -475.024591 -421.272743 -371.220100 -335.198861 -275.022764 -239.273118 -215.581307 -200.774695 -170.868850 -127.557436 -63.434287 24.992098 121.851255 179.788137 219.157906 242.379903 272.659856 307.894941 334.952006 366.460418 392.272304 414.476784 431.409644 445.325275 449.732597 451.652232 461.627019 476.458873 491.153561 505.079387 519.843598 530.695892 532.027102 532.037748 531.816295 531.870659 532.156608
-9999.0 -9999.0 -915.380798 -871.889396 -828.427054 -757.357967 -683.460229 -646.171943 -603.663304 -560.472113 -542.062414 -519.521920 -499.957121 -481.126707 -458.199901 -434.617423 -432.168085 -430.747958 -432.634714 -378.332627 -316.817196 -244.418135 -156.914406 -81.642227 -26.191886 -9.677243 5.499879 46.738989 108.604065 171.839999 237.414389 301.362227 347.550518 374.385697 387.400286 401.899459 419.210611 433.585744 445.622513 470.224799 483.259510 496.985093 514.000327 529.268749 534.747848 534.712572 530.792780 531.605341 531.901099 531.854829 531.468821 527.961464 527.009989 527.370424 528.393849 524.015830
-9999.0 -1000.725983 -949.115923 -894.628416 -823.541075 -753.565255 -666.705455 -586.011108 -538.431221 -498.353858 -471.274987 -451.419263 -394.943202 -343.587091 -315.491391 -284.293434 -287.636259 -291.346838 -300.437885 -254.397136 -185.233074 -63.141401 114.734441 188.436462 227.048964 233.932623 234.344022 256.681613 293.918354 336.861708 390.719746 424.209400 458.055921 482.017072 489.436831 491.828737 504.366023 519.625980 527.586772 533.026100 533.896331 534.352124 530.457805 530.433333 530.740539 530.915505 528.036872 522.390834 515.559519 511.009180 507.872492 503.931725 506.720335 510.260530 512.186318 506.881044
-9999.0 -1034.162847 -973.611505 -900.649399 -828.199608 -747.955738 -632.981015 -508.770366 -465.095726 -432.995808 -403.538321 -352.540191 -255.992382 -174.058307 -126.001751 -76.946868 -80.594831 -96.092600 -96.888726 -44.082911 60.773693 162.698837 302.179399 382.094299 392.826881 402.741662 410.343491 430.737175 456.840284 479.055560 497.008655 511.250343 517.657649 519.474531 520.022764 520.619459 521.846951 522.379671 519.863527 516.730672 512.478237 512.555231 515.949528 515.856035 513.854370 511.980234 507.851868 502.021201 498.826532 496.713524 495.919546 494.499161 494.303446 495.858705 493.976367 491.444546
-9999.0 -1056.372133 -987.943560 -921.470859 -844.706500 -716.270043 -596.031835 -470.572008 -384.758813 -348.529095 -292.987117 -182.782100 -44.060092 105.796639 171.412221 196.775812 204.152902 192.989957 205.432752 250.361132 319.157535 390.498675 441.920477 491.238470 498.594308 500.404299 496.623020 501.423788 505.775492 507.084843 507.565482 506.894852 511.132452 513.120720 512.206665 509.953939 506.206372 499.744597 496.412994 495.241665 493.612920 494.290327 497.120983 498.017095 496.931678 495.228787 493.453757 491.115791 488.933157 486.220646 485.567717 484.281376 484.035184 481.763122 479.583671 477.467236
-9999.0 -1139.037631 -1056.694136 -992.316008 -850.836583 -688.850822 -567.303729 -415.081405 -284.947609 -229.425100 -103.042096 86.628587 220.368182 308.416020 352.452215 384.453780 402.186534 418.299792 440.600365 442.692171 478.136651 503.426841 508.825825 509.544158 503.100751 504.184255 499.213706 485.447348 479.747354 476.105955 478.621411 485.036289 489.853816 494.825648 493.282815 493.827556 493.844478 491.956878 490.843138 486.206567 481.820651 478.797942 478.672012 484.155893 480.916430 479.816738 477.717762 474.726768 471.450682 468.586703 465.443427 462.185138 461.375950 457.686906 457.695961 453.668822
-9999.0 -1219.651906 -1140.080240 -1030.549389 -874.262156 -711.733354 -561.449146 -391.803317 -204.927366 -76.577237 101.509229 220.681132 319.493521 386.536327 436.222208 459.919208 472.100139 475.565594 475.486188 476.804061 454.465902 449.204064 459.685765 475.451105 481.003772 483.508566 477.661434 471.489535 469.343899 471.437163 472.465628 473.397070 473.617906 472.714348 470.254138 471.279424 475.066329 471.582836 467.021893 462.659706 458.710469 453.530638 449.999550 448.329365 447.774113 449.329320 446.021662 441.163810 436.568057 433.704371 430.323627 427.410969 426.456693 422.137604 414.833131 403.013883
-9999.0 -1302.627326 -1189.760993 -1083.575935 -943.055683 -801.924380 -662.354902 -494.303395 -333.914709 -104.009881 149.834050 257.573825 316.400726 361.497504 410.393411 456.957227 462.111528 439.177502 420.355703 410.627747 412.932297 419.183064 427.557288 440.465666 450.461098 456.257838 457.186765 452.628598 444.563616 441.165687 440.157491 435.641154 432.100784 432.422911 431.265113 435.207850 437.598842 430.367995 419.958430 406.007124 393.308461 384.064093 380.981457 381.589818 381.727856 380.274596 376.326873 370.604241 363.404344 357.031155 352.602982 348.964455 342.424188 330.183028 311.426678 284.075163
-9999.0 -9999.0 -1257.261031 -1144.431920 -1025.892125 -895.264177 -763.035241 -605.075761 -451.989756 -258.900882 -106.212585 71.350933 156.540815 208.891102 271.239920 334.411294 352.890293 366.898840 350.320912 352.291383 355.745679 358.634298 365.036359 373.224390 382.533628 389.549709 394.619798 393.730760 387.319962 376.224211 363.584694 354.563266 349.279817 344.510133 350.862613 358.785128 356.161444 348.711420 331.965564 304.848566 279.728499 258.923994 251.584172 250.809127 250.383906 247.438415 242.559259 230.441775 218.463092 207.026375 201.901061 195.760483 187.509051 170.256801 143.096837 94.513980
-9999.0 -9999.0 -1338.333848 -1226.035210 -1102.519150 -974.975166 -863.984622 -748.196014 -588.689830 -468.564304 -368.526502 -269.718799 -185.257759 -112.396002 -32.696830 81.988606 129.900334 148.403580 157.381791 171.188620 189.944906 208.539302 222.374697 235.914986 251.531325 266.396718 275.977351 263.472500 249.536880 230.863486 209.829780 188.781153 177.947946 172.457853 175.875523 181.631299 175.159432 160.994300 134.499659 88.586115 45.186910 13.726316 1.959425 -2.627401 -4.346020 -9.206028 -16.169009 -31.919106 -50.113853 -62.998345 -73.801558 -83.255038 -89.955844 -102.850285 -119.792815 -135.679088
