tests/Borden05m/sims/sim_1/output-maps/psiliqL0027N0008.asc
ncols         160
nrows         34
xllcorner     620200.000000
yllcorner     5168000.000000
cellsize      0.500000
NODATA_value  -9999.0
[rows 0 to 24 of 34, columns 0 to 54 of 160]
-9999.0 -9999.0 -9999.0 -9999.0 -9999.0 -9999.0 -9999.0 -9999.0 -9999.0 -9999.0 -9999.0 -9999.0 -9999.0 -9999.0 -9999.0 -9999.0 -9999.0 -9999.0 -9999.0 -9999.0 -9999.0 -9999.0 -9999.0 -9999.0 -9999.0 -9999.0 -9999.0 -9999.0 -9999.0 -9999.0 -9999.0 -9999.0 -9999.0 -9999.0 -9999.0 -9999.0 -9999.0 -9999.0 -9999.0 -9999.0 -9999.0 -9999.0 -9999.0 -9999.0 -9999.0 -9999.0 -9999.0 -9999.0 -9999.0 -9999.0 -9999.0 -9999.0 -9999.0 -9999.0 -9999.0
-9999.0 -9999.0 -9999.0 -9999.0 -9999.0 -9999.0 -9999.0 -9999.0 -9999.0 -9999.0 -9999.0 -9999.0 -9999.0 -9999.0 -9999.0 -9999.0 -9999.0 -9999.0 -9999.0 -9999.0 -9999.0 -9999.0 -9999.0 -9999.0 -9999.0 -9999.0 -9999.0 -9999.0 -9999.0 -9999.0 -9999.0 -9999.0 -9999.0 -9999.0 -9999.0 -9999.0 -9999.0 -9999.0 -9999.0 -9999.0 -9999.0 -9999.0 -9999.0 -9999.0 -9999.0 -9999.0 -9999.0 -9999.0 -9999.0 -9999.0 -9999.0 -9999.0 -9999.0 -9999.0 -9999.0
-9999.0 -9999.0 -9999.0 -9999.0 -9999.0 -9999.0 -9999.0 -9999.0 -9999.0 -9999.0 -9999.0 -9999.0 -9999.0 -9999.0 -9999.0 -9999.0 -9999.0 -9999.0 -9999.0 -9999.0 -9999.0 -9999.0 -9999.0 -9999.0 -9999.0 -9999.0 -9999.0 -9999.0 -9999.0 -9999.0 -9999.0 -9999.0 -9999.0 -9999.0 -9999.0 -9999.0 -9999.0 -9999.0 -9999.0 -9999.0 -9999.0 -9999.0 -9999.0 -9999.0 -9999.0 -9999.0 -9999.0 3472.889811 3455.694211 3442.432317 3437.341141 3458.041231 3480.880204 3504.496444 3524.819075
-9999.0 -9999.0 -9999.0 -9999.0 -9999.0 -9999.0 -9999.0 -9999.0 -9999.0 -9999.0 -9999.0 -9999.0 -9999.0 -9999.0 -9999.0 -9999.0 -9999.0 -9999.0 -9999.0 -9999.0 -9999.0 -9999.0 -9999.0 -9999.0 -9999.0 -9999.0 -9999.0 -9999.0 -9999.0 -9999.0 -9999.0 -9999.0 -9999.0 -9999.0 -9999.0 -9999.0 -9999.0 -9999.0 -9999.0 -9999.0 3524.138977 3529.969614 3529.442770 3519.507505 3508.006863 3493.988248 3473.185008 3456.021620 3443.044537 3441.051231 3443.271877 3445.441117 3465.635026 3490.890586 3510.604675
-9999.0 -9999.0 -9999.0 -9999.0 -9999.0 -9999.0 -9999.0 -9999.0 -9999.0 -9999.0 -9999.0 -9999.0 -9999.0 -9999.0 -9999.0 -9999.0 -9999.0 -9999.0 -9999.0 -9999.0 -9999.0 -9999.0 -9999.0 -9999.0 -9999.0 -9999.0 -9999.0 -9999.0 -9999.0 -9999.0 -9999.0 -9999.0 -9999.0 -9999.0 3432.234722 3448.967816 3466.686236 3485.073395 3501.896553 3508.847647 3514.580124 3519.734379 3514.840872 3510.230755 3498.254461 3476.765717 3457.284415 3444.459606 3443.443373 3440.803802 3443.993907 3455.063034 3471.346640 3485.889995 3506.053136
-9999.0 -9999.0 -9999.0 -9999.0 -9999.0 -9999.0 -9999.0 -9999.0 -9999.0 -9999.0 -9999.0 -9999.0 -9999.0 -9999.0 -9999.0 -9999.0 -9999.0 -9999.0 -9999.0 -9999.0 -9999.0 -9999.0 -9999.0 -9999.0 -9999.0 -9999.0 -9999.0 -9999.0 3438.765056 3432.684099 3427.702814 3425.887914 3424.179146 3423.023901 3429.474418 3440.247152 3456.906459 3478.784857 3491.869104 3498.911186 3505.610043 3505.655810 3499.365728 3497.372734 3497.554923 3484.456608 3471.763240 3459.858862 3448.180329 3444.496937 3452.926018 3466.796021 3482.613498 3496.745698 3511.565007
-9999.0 -9999.0 -9999.0 -9999.0 -9999.0 -9999.0 -9999.0 -9999.0 -9999.0 -9999.0 -9999.0 -9999.0 -9999.0 -9999.0 -9999.0 -9999.0 -9999.0 -9999.0 -9999.0 -9999.0 -9999.0 -9999.0 -9999.0 3409.363444 3414.033308 3420.350714 3427.817200 3428.560613 3425.160078 3419.583176 3416.680612 3414.968760 3412.301656 3416.513364 3423.031782 3435.516090 3450.295164 3472.231878 3480.025021 3483.673770 3494.503917 3497.902799 3505.535896 3508.958111 3506.573911 3501.873298 3486.209410 3473.879450 3475.194309 3478.459143 3484.777979 3492.613708 3505.564312 3518.542605 3533.031032
-9999.0 -9999.0 -9999.0 -9999.0 -9999.0 -9999.0 -9999.0 -9999.0 -9999.0 -9999.0 -9999.0 -9999.0 -9999.0 -9999.0 -9999.0 -9999.0 -9999.0 -9999.0 -9999.0 3385.190280 3386.150805 3387.535355 3392.234496 3392.394313 3393.887789 3400.341989 3408.012384 3410.644957 3408.031432 3406.732809 3407.606705 3409.698340 3413.724865 3423.502888 3436.206775 3449.418581 3461.383605 3481.280248 3494.874022 3506.271138 3520.682646 3520.585216 3516.375820 3514.069065 3513.244967 3510.734436 3507.835767 3505.796968 3511.245728 3510.789236 3513.265920 3521.647232 3532.946895 3548.498541 3565.003188
-9999.0 -9999.0 -9999.0 -9999.0 -9999.0 -9999.0 -9999.0 -9999.0 -9999.0 -9999.0 -9999.0 -9999.0 -9999.0 -9999.0 -9999.0 -9999.0 3356.300660 3357.925949 3360.142451 3365.499118 3369.087206 3372.768418 3379.452000 3380.652170 3383.590831 3390.144854 3393.975025 3402.713962 3410.475971 3416.787601 3421.790525 3423.275277 3428.685965 3436.768105 3447.002858 3459.559346 3478.296664 3500.748806 3515.256369 3530.829603 3547.011810 3546.582074 3543.846951 3543.071438 3540.484161 3540.451912 3553.557195 3555.573970 3548.830738 3556.964624 3567.600111 3569.326822 3575.320458 3594.250495 3615.447711
-9999.0 -9999.0 -9999.0 -9999.0 -9999.0 -9999.0 -9999.0 -9999.0 -9999.0 -9999.0 -9999.0 -9999.0 -9999.0 3306.825716 3310.586734 3320.644588 3332.149503 3334.991067 3339.719898 3346.165314 3357.878170 3361.039027 3366.442627 3372.950975 3384.970053 3392.787467 3400.614919 3411.323205 3418.198508 3423.953362 3429.050755 3430.429037 3440.428751 3452.956356 3465.814224 3483.444726 3503.997333 3520.927568 3537.609995 3552.805998 3563.115925 3559.019210 3557.192733 3558.270751 3561.668098 3573.225813 3588.500670 3587.245400 3595.207151 3614.500955 3623.535560 3629.621924 3634.703385 3647.813729 3668.631230
-9999.0 -9999.0 -9999.0 -9999.0 -9999.0 -9999.0 -9999.0 -9999.0 -9999.0 -9999.0 3281.022785 3282.187861 3278.099412 3274.773975 3280.279668 3292.269250 3306.511970 3311.484808 3323.046467 3343.923678 3362.106208 3364.391378 3376.847184 3386.157783 3391.803644 3400.283345 3411.694726 3422.173498 3435.840136 3445.779805 3452.670414 3467.046463 3481.030472 3495.407291 3510.860165 3529.619280 3543.933583 3565.811206 3589.137098 3596.221484 3611.552662 3612.754732 3607.606273 3604.685299 3612.948114 3622.681258 3635.921104 3649.982895 3667.199033 3687.884994 3696.831776 3708.816298 3717.026644 3726.581029 3741.268773
-9999.0 -9999.0 -9999.0 -9999.0 -9999.0 -9999.0 -9999.0 -9999.0 3256.734640 3264.665665 3269.579548 3265.811144 3260.797316 3254.177808 3268.363904 3283.110011 3298.222193 3315.897250 3330.613652 3348.024130 3360.822946 3374.317168 3393.263073 3402.580796 3411.599563 3424.999435 3436.302515 3449.238605 3467.883436 3473.715030 3482.739563 3500.293005 3514.095518 3529.186466 3545.638275 3560.409386 3578.836959 3607.386916 3634.777027 3649.413939 3674.138728 3689.944057 3683.239710 3680.549822 3680.939685 3702.876472 3727.908614 3755.891425 3773.574774 3795.954050 3823.355011 3841.819809 3850.692545 3861.439967 3874.941403
-9999.0 -9999.0 -9999.0 -9999.0 -9999.0 -9999.0 3228.524092 3252.611749 3267.373119 3258.171909 3243.045442 3237.107217 3230.055065 3260.797559 3282.421319 3298.890453 3314.603324 3331.083698 3346.164393 3353.077535 3381.130905 3399.312332 3409.571640 3421.056896 3433.969945 3446.817121 3461.365885 3480.941483 3496.636158 3516.584200 3530.651021 3545.213130 3567.234428 3583.028296 3598.510993 3610.680120 3636.866314 3670.269852 3703.692760 3727.011086 3750.522450 3781.260183 3780.240509 3781.514878 3782.571158 3805.872256 3839.146142 3868.330134 3899.552611 3929.586637 3957.545047 3967.780284 3976.525207 3986.208635 3998.538458
-9999.0 -9999.0 -9999.0 -9999.0 3196.869983 3217.360339 3235.393311 3264.827366 3286.103471 3280.429279 3283.861355 3280.884781 3275.392783 3279.575233 3286.813748 3302.867502 3320.841131 3339.162505 3351.951689 3377.285603 3422.862224 3432.257723 3447.540961 3475.348279 3484.754731 3497.220076 3511.298920 3530.247081 3547.058115 3572.705030 3605.271226 3632.857658 3652.939988 3671.011867 3689.050949 3704.909982 3739.061587 3775.131182 3809.960294 3840.729727 3867.006385 3892.529574 3898.741478 3903.354677 3913.065471 3929.845758 3952.235422 3979.490909 4012.830929 4044.667740 4067.718375 4076.590269 4081.672346 4091.087012 4098.501240
-9999.0 -9999.0 -9999.0 3142.638979 3181.434782 3220.765557 3245.682970 3275.125494 3306.668121 3305.404091 3313.133348 3311.703256 3309.290227 3313.422036 3315.167397 3330.334611 3347.214793 3365.867938 3385.874969 3417.920954 3445.483795 3461.419981 3487.651357 3502.037983 3513.495881 3525.004297 3542.276314 3561.012320 3596.052116 3624.557417 3669.398464 3718.963754 3750.244501 3768.978701 3790.813064 3817.771551 3842.453557 3880.738835 3914.328100 3946.033270 3975.936959 3997.819949 4011.852261 4016.336660 4025.809380 4031.452962 4043.868774 4064.660670 4086.810001 4117.295360 4146.370016 4175.088810 4190.247873 4201.241933 4218.268178
-9999.0 -9999.0 3094.244412 3133.711547 3164.503755 3210.388353 3262.753886 3297.122049 3335.529867 3353.170847 3355.157686 3364.337287 3373.483519 3373.075791 3380.383416 3391.660795 3412.730278 3420.649806 3440.029714 3454.019704 3489.571783 3521.920133 3516.024293 3552.842563 3581.851246 3613.672684 3634.258462 3660.118319 3697.179938 3730.244441 3773.914275 3823.227678 3857.039046 3884.537195 3900.157484 3920.124219 3940.200673 3966.286389 4002.723087 4028.197448 4061.575914 4086.814874 4106.261180 4106.948392 4109.596201 4125.628241 4153.801058 4184.502874 4213.294660 4242.170371 4226.575876 4250.040137 4260.528544 4266.380283 4275.581291
-9999.0 -9999.0 3063.623488 3110.089144 3143.810206 3200.558369 3286.799328 3320.012362 3358.878765 3403.336752 3415.809511 3435.976339 3427.886881 3414.787221 3431.150413 3444.050334 3463.968218 3470.715425 3463.847501 3514.922392 3566.313662 3588.962986 3593.257790 3669.503561 3721.299264 3745.300662 3761.730074 3781.633544 3800.975974 3838.876997 3877.568466 3931.652804 3972.617833 4002.238940 4016.616720 4036.496216 4055.870549 4070.817592 4090.247141 4136.873725 4172.313330 4203.032501 4234.864070 4256.144585 4264.279567 4269.320601 4243.548336 4263.166289 4276.470361 4282.208324 4284.498655 4280.700624 4280.139738 4280.970007 4281.894472
-9999.0 2970.603434 3022.262709 3072.237029 3135.787311 3195.965430 3269.431098 3343.121775 3408.932251 3460.342991 3484.425242 3475.638360 3472.820826 3496.207064 3514.372394 3529.539892 3534.460419 3544.255463 3524.502032 3577.327259 3612.938155 3660.621659 3758.902996 3816.796308 3880.138951 3875.876397 3864.003224 3868.654348 3884.297896 3930.547469 4009.459920 4065.635720 4131.455867 4180.429452 4197.509475 4204.995452 4223.684493 4244.450547 4191.840155 4235.548764 4255.701919 4272.518149 4282.052130 4284.369941 4285.664450 4285.423392 4281.716439 4274.664439 4266.462928 4260.598040 4256.351705 4251.848695 4254.287428 4257.618847 4257.771290
-9999.0 2931.845312 2988.135821 3055.892247 3122.502323 3167.232168 3247.301834 3414.068464 3476.143735 3513.153869 3516.772295 3489.017576 3544.822739 3603.495091 3626.765818 3671.381324 3655.044447 3639.518123 3601.143701 3625.667884 3663.467412 3733.790992 3905.371065 3993.876771 4046.659479 4054.555962 4055.173453 4083.488382 4127.842349 4175.579156 4221.786055 4189.417446 4239.717667 4264.515008 4269.696845 4270.422190 4275.985993 4274.490896 4273.094206 4268.621122 4263.441060 4263.610523 4268.263365 4268.112267 4265.134120 4261.724737 4256.005121 4248.584086 4243.400079 4238.767394 4236.113958 4233.284120 4231.294913 4230.499507 4225.591953
-9999.0 2890.358545 2965.231221 3021.811279 3065.566031 3153.808743 3283.287421 3427.053997 3522.718122 3555.609594 3529.334901 3561.558445 3663.822724 3770.093377 3822.083448 3842.705700 3822.238974 3772.333150 3750.946791 3794.272692 3864.861717 3985.862858 4126.955388 4227.427589 4242.918728 4246.374535 4197.367957 4223.736758 4248.177294 4251.077580 4252.225175 4260.450393 4265.548907 4268.529114 4266.947475 4264.050794 4259.219278 4250.997098 4246.200465 4242.486475 4238.691695 4237.479724 4239.437891 4241.319097 4238.474170 4234.565371 4230.083396 4224.506622 4218.175299 4211.389017 4207.031425 4202.742085 4200.591113 4194.972751 4191.482849
-9999.0 2773.437948 2861.347562 2899.693039 2969.179523 3157.431274 3285.960768 3424.405549 3590.095210 3608.468806 3651.073443 3791.205738 3911.047016 3991.708640 4019.845706 4052.769568 4077.135707 4092.745118 4129.692674 4005.961129 4087.889210 4187.882049 4233.860856 4253.798932 4264.252240 4264.633427 4254.659312 4233.750523 4222.987599 4216.228287 4217.839370 4225.134711 4229.764342 4234.513403 4232.196893 4233.300305 4234.479902 4231.275785 4227.229129 4218.454687 4210.574656 4203.796488 4200.419095 4205.075019 4200.428655 4198.110553 4191.876128 4183.372847 4174.367080 4166.979087 4158.956399 4152.366455 4150.140468 4145.130814 4143.922794
-9999.0 2692.604838 2764.781272 2810.710905 2917.268899 3078.977302 3169.780332 3325.658394 3568.464327 3705.658479 3872.032687 3964.229170 4034.544857 4075.501754 4125.259844 4177.785784 4205.071397 4217.104936 4185.218691 4208.354161 4165.042868 4153.895613 4171.592735 4201.058187 4218.542296 4222.674674 4214.869423 4205.798924 4198.524482 4197.400911 4195.166035 4190.906988 4186.602074 4182.903395 4179.763664 4182.814277 4188.190939 4180.986664 4170.565433 4160.994853 4152.372032 4143.060776 4137.059352 4132.294230 4132.767703 4133.054119 4125.374033 4114.826795 4103.901053 4095.558655 4088.352447 4083.890806 4081.163105 4076.141737 4066.308575
-9999.0 2569.888958 2704.268933 2778.553069 2857.593724 2982.960816 3083.017212 3231.946675 3358.857104 3604.886104 3744.465477 3943.295142 3993.874404 4064.762560 4111.668960 4185.610345 4180.716139 4149.388192 4105.671633 4089.602645 4101.334426 4110.482738 4118.598000 4132.917219 4150.711280 4160.943002 4166.182767 4160.267003 4146.018438 4133.349848 4121.945107 4107.997613 4098.432195 4095.852854 4100.118956 4110.326678 4110.725136 4101.386649 4087.153951 4068.730763 4052.978378 4041.059251 4039.100577 4041.963275 4043.118891 4038.987588 4033.213254 4022.382867 4009.723512 3997.198889 3991.584494 3987.274456 3979.767244 3968.385178 3956.382451
-9999.0 -9999.0 2617.250081 2725.243878 2804.251158 2911.806207 2994.725494 3107.927173 3245.373211 3414.733296 3530.641952 3714.572246 3811.567653 3855.792066 3888.951671 3945.126605 3971.171511 4003.572276 3998.874156 4011.340112 4021.653889 4027.127119 4032.284001 4037.792130 4048.225381 4058.116068 4068.579505 4065.758572 4056.964420 4036.210474 4010.134729 3989.827117 3979.204528 3969.780087 3982.093213 3994.726887 3989.026850 3982.079609 3969.358787 3953.072286 3940.502065 3926.191510 3922.742074 3922.623990 3923.249508 3920.969453 3918.567887 3906.122038 3893.864417 3884.075971 3880.129016 3874.517058 3871.036224 3861.262864 3850.691743
-9999.0 -9999.0 2528.310291 2631.725100 2732.102107 2833.931877 2913.970145 2919.126135 3049.861863 3150.412412 3257.464947 3369.356245 3467.128343 3536.173682 3568.263338 3630.746305 3688.221012 3706.983637 3748.835105 3804.690029 3839.730872 3880.101611 3903.597736 3912.958590 3925.468410 3940.071456 3947.497292 3932.035811 3920.735244 3903.596938 3879.992177 3853.039708 3839.398063 3839.142984 3837.960548 3839.245626 3831.483648 3822.560433 3808.069823 3794.237242 3782.080363 3773.325585 3769.771944 3764.042117 3761.678844 3758.962591 3757.360662 3752.341780 3744.283812 3739.911468 3731.720213 3728.149422 3727.505094 3724.697926 3719.197459
