tests/Borden05m/sims/sim_1/output-maps/psiliqL0029N0007.asc
ncols         160
nrows         34
xllcorner     620200.000000
yllcorner     5168000.000000
cellsize      0.500000
NODATA_value  -9999.0
[rows 0 to 24 of 34, columns 55 to 109 of 160]
-9999.0 -9999.0 -9999.0 -9999.0 -9999.0 -9999.0 -9999.0 -9999.0 -9999.0 -9999.0 -9999.0 -9999.0 -9999.0 -9999.0 -9999.0 -9999.0 -9999.0 -9999.0 -9999.0 -9999.0 -9999.0 -9999.0 -9999.0 -9999.0 -9999.0 -9999.0 -9999.0 -9999.0 -9999.0 -9999.0 -9999.0 -9999.0 -9999.0 -9999.0 -9999.0 -9999.0 -9999.0 -9999.0 -9999.0 -9999.0 -9999.0 -9999.0 -9999.0 -9999.0 -9999.0 -9999.0 -9999.0 -9999.0 -9999.0 -9999.0 -9999.0 -9999.0 -9999.0 -9999.0 -9999.0
-9999.0 -9999.0 -9999.0 -9999.0 3997.335395 3992.078599 3987.420430 3983.001881 3974.584233 3965.260244 3957.533628 3953.307856 3952.088350 3951.233474 3950.534310 3955.284749 3963.317628 3970.884282 3977.652540 3980.025894 3982.309991 3984.034381 3984.168366 3983.010792 3979.730584 3976.329441 3972.903884 3971.127421 3963.919974 3952.836499 3944.631699 3941.948748 3946.057099 3950.356939 3952.797020 3957.801410 3968.082199 3978.611276 3987.180727 3999.880070 4007.150307 4012.522022 4014.992277 4011.000615 4007.766000 4003.729839 3997.325878 3986.201911 -9999.0 -9999.0 -9999.0 -9999.0 -9999.0 -9999.0 -9999.0
3942.311086 3960.630761 3981.825658 3984.893323 3973.035730 3967.900965 3964.783471 3963.196856 3959.089970 3950.631428 3945.538648 3940.023696 3937.169990 3937.129523 3936.924404 3940.430835 3951.273855 3958.965449 3963.416232 3966.023160 3968.867967 3966.940602 3966.045443 3965.785735 3962.826970 3959.274693 3955.844338 3953.933930 3955.600942 3947.983722 3941.849998 3937.824989 3934.552688 3937.332650 3940.082085 3944.930115 3953.999334 3961.820442 3969.727779 3985.088170 3998.430760 4004.213715 4001.643753 3997.133278 3993.295457 3985.695936 3974.760312 3964.843868 3957.144984 3951.264281 3945.949749 3939.367022 3945.894117 3954.077262 3963.281894
3925.494502 3944.664072 3965.169560 3967.644571 3957.461715 3949.840325 3942.551003 3943.119462 3946.813262 3943.626818 3938.739914 3930.262767 3940.601804 3941.483855 3942.016654 3945.103952 3946.618168 3952.129042 3954.391439 3959.643663 3968.541164 3971.301263 3971.642805 3971.594473 3969.504159 3966.147209 3964.078489 3961.207240 3955.855338 3953.852491 3953.320456 3951.769041 3955.631971 3957.147176 3960.323265 3955.099340 3959.713880 3965.966132 3972.952465 3978.221489 3984.226763 3986.402013 3983.093223 3984.018441 3975.686334 3962.081162 3952.537718 3945.341785 3946.113456 3943.256918 3935.351066 3921.429283 3930.061905 3946.355069 3951.229866
3930.068685 3938.913584 3949.167301 3951.525258 3946.453178 3948.838468 3950.628978 3951.723616 3949.756811 3946.049731 3941.068426 3950.953855 3958.943603 3960.170867 3962.412031 3966.352418 3967.464026 3956.768644 3954.749959 3961.704589 3971.122190 3976.047550 3976.143674 3975.632533 3971.493277 3970.223689 3969.987887 3968.219724 3967.350023 3968.655225 3965.621626 3968.143588 3973.553126 3976.952954 3972.328408 3964.075522 3966.643697 3975.254475 3984.598818 3992.236858 4002.273070 4012.900756 4013.471434 4009.199213 4000.796070 3988.598453 3966.370448 3949.338167 3938.364132 3930.192814 3922.941023 3926.663154 3921.617210 3936.090408 3937.968084
3913.495824 3935.063816 3954.831836 3960.192457 3954.148207 3950.700166 3949.787656 3950.354530 3949.079762 3948.902313 3956.709824 3968.008808 3978.420301 3980.195548 3981.786369 3980.244496 3973.031310 3962.645959 3960.177887 3973.019042 3989.815478 3997.524300 3996.711434 3991.475592 3993.639322 3994.089772 3995.102818 3992.092378 3992.481452 3989.131774 3993.482309 4001.176827 4009.351954 4008.092012 3995.595488 3983.027256 3983.293808 3989.381458 3997.189039 4005.073867 4015.178902 4024.121793 4019.348690 4014.627377 4007.836196 3982.875437 3961.251356 3947.524721 3947.880155 3948.788221 3944.483622 3942.758730 3942.451748 3939.078588 3939.513456
3948.396066 3967.177956 3987.486931 3999.793151 3993.541859 3986.227868 3978.209245 3978.310766 3978.085460 3983.393030 3993.149828 4004.795653 4025.987595 4024.669715 4024.471218 4022.182955 4008.851197 3995.397681 3985.695837 4008.778071 4020.012129 4026.807976 4023.196752 4027.176952 4035.523787 4032.184864 4026.303266 4013.812875 4019.260288 4024.490715 4039.681639 4047.919398 4053.557249 4048.184093 4033.606723 4026.579169 4028.806320 4036.277193 4038.304589 4047.917311 4056.295052 4071.142825 4069.555287 4067.501975 4048.119614 4010.949735 3982.690859 3971.813244 3984.482356 3979.030619 3972.649201 3973.345614 3962.938836 3956.596652 3959.743376
3977.780559 3990.324180 4006.204500 4022.449943 4012.696423 4002.720814 3985.525955 3981.836541 3985.289673 3995.563120 4012.830691 4029.780628 4048.916056 4045.468188 4036.708515 4046.441458 4039.363946 4028.183924 4020.853966 4044.743062 4054.426817 4064.354273 4069.187909 4081.875985 4092.103544 4073.975015 4055.723637 4044.095549 4051.585104 4078.637545 4102.337485 4107.117683 4105.688580 4104.331442 4087.505326 4083.055106 4080.387926 4081.994999 4080.069162 4078.662296 4105.647588 4128.325777 4128.327672 4107.008287 4084.340874 4043.667448 4005.606973 3982.825936 3998.741620 3995.029466 3999.146295 3989.992505 3978.968975 3973.828913 3972.844470
4023.676668 4043.826740 4059.509592 4081.795395 4070.564491 4046.146003 4028.357138 4030.587811 4044.519670 4052.991863 4072.414111 4088.130249 4112.857318 4123.070631 4132.681933 4136.688671 4130.007080 4121.590288 4109.856430 4116.868351 4142.497857 4154.161243 4162.041455 4169.977174 4182.757749 4181.964689 4174.042151 4171.905392 4176.599491 4191.667047 4207.510200 4214.329870 4216.876960 4218.815564 4203.309393 4189.711041 4188.689881 4183.943256 4183.931462 4183.485779 4196.962318 4219.660630 4216.014608 4176.747392 4149.608727 4113.444361 4074.294178 4044.983048 4041.088395 4062.854450 4062.451999 4046.381232 4037.682402 4013.474118 4010.712057
4090.171185 4122.988592 4147.013179 4156.580416 4162.953813 4146.063378 4143.332146 4147.772122 4156.659861 4159.593130 4165.952481 4198.673073 4232.579808 4256.919596 4279.635611 4286.658298 4273.941869 4264.192454 4250.305148 4241.678571 4254.465999 4272.565687 4290.615219 4305.482325 4316.923938 4318.665371 4317.003137 4317.025656 4320.449499 4323.500285 4328.189755 4337.311124 4345.118407 4353.502018 4360.840454 4349.239228 4332.093769 4323.479171 4315.494593 4315.619783 4317.595659 4322.665661 4323.856393 4304.664291 4259.654375 4226.810132 4194.155021 4176.268563 4164.422135 4166.994379 4148.628982 4123.347602 4070.062940 4032.895540 4001.952444
4173.874526 4219.532225 4249.034654 4265.020018 4277.509016 4273.361845 4275.344110 4276.228237 4279.688710 4281.594228 4283.472977 4311.690954 4354.856368 4395.329334 4427.379939 4426.405478 4411.616784 4400.066766 4391.291111 4375.953597 4371.900857 4385.889845 4402.550709 4424.089638 4434.371656 4439.619723 4435.650991 4435.837276 4438.028718 4440.493743 4442.766290 4446.894242 4457.319429 4473.359331 4488.805471 4487.425609 4466.869433 4448.515383 4432.688568 4431.307550 4429.641880 4424.783644 4427.558635 4429.565247 4411.177893 4377.798883 4336.340080 4295.828741 4280.988727 4266.830559 4255.978408 4238.255482 4193.325676 4122.062771 4079.781614
4290.279977 4326.864756 4356.425735 4387.233232 4401.500305 4402.609216 4399.522788 4397.761316 4404.939741 4406.960481 4411.668159 4428.524801 4463.388122 4501.142198 4532.080783 4547.257515 4538.424421 4518.954047 4495.302530 4484.191489 4480.834107 4484.952080 4495.379636 4509.714809 4530.533398 4551.120439 4557.059720 4557.998297 4555.239809 4557.798364 4559.518670 4559.667777 4563.156721 4572.799843 4583.553649 4587.175609 4578.468911 4555.778249 4531.105566 4520.379743 4514.311803 4511.066760 4512.770351 4518.863398 4522.915290 4506.923473 4468.829111 4421.838646 4392.137302 4378.239645 4365.763902 4351.032126 4337.654406 4300.450234 4278.016512
4401.584808 4417.724023 4447.309896 4477.260511 4499.900537 4514.435812 4514.036563 4516.535951 4521.486563 4528.320526 4543.504008 4568.403599 4589.248553 4613.903406 4642.406321 4659.987452 4665.206793 4662.959470 4658.032233 4659.059190 4659.480408 4584.740679 4592.074676 4599.401716 4619.733674 4637.557962 4644.103914 4644.862381 4641.836250 4643.924181 4644.834423 4644.653072 4644.270853 4647.350253 4653.388630 4655.696476 4652.843397 4638.226776 4661.331913 4640.181467 4626.092320 4617.540656 4609.000548 4600.690076 4591.112443 4580.904363 4559.298580 4526.671835 4491.338033 4470.939114 4463.588021 4457.189878 4447.727490 4441.507683 4423.423319
4501.501646 4512.156861 4531.503746 4555.443416 4591.872111 4617.011664 4628.940221 4638.687569 4643.470026 4658.136162 4676.033928 4656.541152 4666.454033 4676.712031 4686.904433 4690.404591 4691.406767 4690.944337 4688.482707 4687.558301 4684.876448 4681.747327 4670.922579 4672.571755 4674.669666 4677.338112 4681.154191 4680.117281 4681.294136 4684.270436 4682.416453 4676.162886 4671.906122 4670.324452 4671.502328 4679.068503 4682.690534 4683.709370 4679.563419 4678.536927 4677.348351 4673.290642 4668.224672 4661.083146 4651.947726 4670.482190 4657.600795 4627.680673 4584.625106 4540.880239 4534.702843 4537.988536 4537.419724 4535.991787 4530.184070
4633.706580 4648.216726 4663.839970 4635.438746 4662.094395 4675.735713 4682.114155 4686.788134 4689.783661 4693.606725 4690.663182 4687.775046 4682.786173 4681.095418 4679.700067 4677.218771 4677.832744 4675.941277 4671.788212 4667.535843 4659.020441 4647.105824 4635.920900 4632.000174 4636.217828 4642.053500 4647.499073 4652.378278 4656.252616 4655.911598 4650.165125 4641.477287 4633.711598 4632.121547 4639.175779 4645.019248 4651.999921 4652.952265 4651.545344 4648.877750 4648.473910 4644.912828 4645.029098 4652.363222 4667.732569 4669.522074 4676.563969 4675.561139 4655.698248 4619.730726 4637.231814 4616.879638 4623.569352 4618.786776 4607.194497
4681.461463 4684.767610 4682.822104 4681.936524 4675.369847 4669.177691 4668.351987 4672.418890 4679.554567 4680.527387 4673.375765 4664.597724 4657.170724 4649.423061 4646.935389 4646.546766 4646.381108 4646.979166 4641.613973 4631.715787 4614.004632 4602.312223 4591.207460 4585.240588 4580.818954 4583.798493 4595.566524 4608.650911 4613.856205 4603.677775 4594.823545 4582.534867 4574.391752 4574.900710 4575.559188 4585.302611 4603.213496 4611.777212 4612.635499 4605.711069 4598.571627 4591.660912 4588.276952 4594.680546 4610.294723 4627.776608 4644.229908 4653.840085 4661.809950 4669.239715 4665.994972 4669.265626 4671.065307 4668.524401 4672.874477
4676.279728 4669.103239 4661.925665 4656.473096 4650.000339 4644.749170 4642.815618 4644.479162 4646.069650 4641.644795 4635.255813 4625.171148 4613.943722 4604.098032 4595.913622 4596.951112 4599.331720 4601.180278 4593.505455 4577.668966 4559.501038 4545.841936 4531.846676 4527.860720 4521.577318 4512.779018 4522.791221 4543.461046 4551.253065 4534.250797 4522.968173 4507.354547 4500.965558 4496.657988 4497.218625 4506.066589 4529.571359 4555.367938 4557.793361 4546.443056 4535.147059 4530.497791 4527.168112 4531.365663 4547.918429 4569.323160 4586.099005 4597.016401 4602.407219 4610.240002 4619.744463 4634.831915 4650.352747 4663.279830 4666.875610
4650.546954 4642.716931 4634.974581 4627.233681 4620.263373 4613.955394 4609.554034 4607.551535 4603.110326 4596.840440 4589.665286 4566.856204 4554.132580 4540.721627 4525.217914 4521.043272 4515.556766 4516.360706 4504.609483 4497.195935 4481.193020 4465.735529 4449.995975 4435.661073 4429.900863 4422.891420 4419.380275 4432.294276 4440.570965 4432.188555 4422.643424 4412.622783 4408.591650 4405.213979 4407.908365 4418.481122 4437.368308 4455.726516 4464.733063 4457.662340 4457.665849 4458.549695 4457.008828 4463.721046 4473.669578 4491.349701 4514.518824 4534.665360 4544.948413 4551.758980 4560.893987 4575.546913 4589.948375 4604.660072 4623.205558
4619.741449 4610.275472 4600.198638 4590.271339 4579.594635 4568.861500 4562.089615 4565.032893 4559.013102 4553.432696 4528.267766 4470.147026 4447.857188 4428.365671 4411.611896 4404.385661 4395.451974 4376.648600 4367.989952 4364.031080 4368.856904 4355.234249 4337.611835 4319.364239 4314.512340 4311.132661 4291.147270 4283.658534 4283.397982 4303.456375 4297.798953 4297.959839 4301.151801 4298.838832 4299.586734 4312.154147 4318.672208 4322.790086 4329.879481 4336.788978 4348.733244 4357.642824 4370.068554 4387.908615 4398.271839 4413.160940 4433.432542 4459.997702 4476.392256 4486.082095 4496.482340 4511.861475 4528.087421 4546.140748 4568.794637
4584.616288 4567.155734 4552.148557 4537.574257 4524.670264 4511.580040 4494.757012 4496.774469 4494.847448 4483.820334 4424.516362 4383.955014 4349.402054 4332.281404 4307.929118 4293.504228 4275.312302 4232.958933 4214.407300 4215.607071 4233.518433 4231.889954 4217.076527 4205.831637 4195.983960 4185.747256 4166.480018 4144.574599 4151.103633 4171.624594 4174.328087 4179.318195 4188.457942 4188.384090 4180.659656 4175.380021 4186.753619 4191.487216 4203.262238 4223.088503 4228.383019 4247.383850 4283.776858 4296.562501 4311.733576 4329.747258 4349.859627 4371.908248 4395.335205 4409.750579 4425.205092 4443.636436 4460.347867 4480.623561 4503.069848
4532.250682 4500.009897 4478.266206 4460.487732 4440.636078 4411.597765 4391.515684 4389.110639 4382.983490 4350.627908 4296.136225 4261.746517 4240.127644 4218.269350 4195.428597 4169.916508 4129.134471 4093.212546 4070.794367 4089.853973 4102.420007 4117.532882 4106.963101 4096.832105 4087.422872 4068.007233 4050.681881 4032.681147 4044.547068 4053.297271 4075.837896 4083.897577 4087.968754 4095.007054 4093.484174 4080.644361 4072.179167 4080.027228 4089.801673 4102.362515 4126.645706 4164.296879 4189.262137 4207.914249 4228.376355 4246.582185 4267.457663 4290.061005 4313.141399 4330.306140 4348.456440 4366.596839 4387.299342 4405.782717 4427.914789
4448.201846 4419.847563 4393.609329 4370.230542 4336.801719 4287.909823 4273.479936 4264.248337 4239.282918 4188.035155 4146.413716 4129.969370 4120.356884 4097.590906 4077.506329 4047.829276 4013.037396 3993.003756 3972.406949 3984.172030 3995.798588 4019.000453 4011.442232 4006.191927 4004.380432 3988.954084 3975.953394 3958.893524 3964.846571 3977.849078 4003.536939 4010.241842 4014.688566 4024.970397 4024.354540 4018.955582 3998.441238 4004.501860 4015.401485 4030.413319 4062.683929 4084.615576 4106.539017 4128.376618 4147.334688 4168.398741 4189.935437 4212.369047 4238.804639 4258.153748 4276.856951 4298.073528 4316.570533 4329.378813 4343.845346
4337.005298 4313.705490 4295.197321 4271.108024 4226.120628 4181.975210 4138.776298 4108.485995 4051.487157 4016.158610 4000.584147 4005.079144 3995.308719 3977.169895 3959.716079 3941.661417 3921.717058 3904.788097 3879.887782 3886.349482 3903.793819 3922.336798 3926.412821 3929.244777 3928.668207 3920.300603 3907.111689 3893.590029 3897.467298 3915.340239 3933.825815 3944.876539 3953.027573 3960.848929 3960.374828 3949.747708 3938.944664 3943.163005 3958.699678 3974.501275 3990.526711 4010.104334 4030.001235 4049.808781 4071.664792 4093.426184 4115.423944 4139.393342 4165.547411 4186.605253 4209.641439 4233.337360 4248.342077 4255.381013 4260.592653
4233.002600 4215.230282 4192.801583 4165.155438 4122.900750 4084.165439 4044.060356 3994.253095 3961.653290 3934.560860 3932.078209 3918.955121 3908.446196 3896.488045 3877.643194 3863.463343 3851.174930 3831.146293 3824.606503 3833.241952 3847.387914 3854.960668 3863.642717 3862.320844 3860.682127 3856.085224 3842.348266 3840.413123 3851.076790 3866.254023 3879.549049 3891.605842 3898.524380 3903.201176 3899.876240 3890.143877 3887.945391 3895.849387 3910.919191 3923.412936 3936.611346 3956.052915 3974.608118 3994.987153 4016.187446 4036.817554 4059.898250 4083.713671 4108.590718 4135.053979 4156.016421 4172.466052 4179.320418 4186.984557 4183.038155
4108.325443 4099.343745 4074.117050 4046.183028 4018.865864 3988.468475 3967.221301 3937.631898 3909.335800 3882.237242 3857.711031 3848.552287 3845.152609 3834.605654 3819.965492 3810.970632 3797.188260 3790.873872 3800.042007 3801.349405 3808.810735 3806.316139 3807.882437 3806.127203 3806.126869 3805.048472 3800.844435 3814.620826 3820.831004 3833.740034 3843.424658 3853.160348 3858.642782 3861.819955 3863.188754 3859.513990 3865.888213 3871.113708 3883.860928 3894.047318 3906.075207 3924.571917 3939.975614 3957.219625 3977.841331 3999.168258 4021.220055 4045.218216 4071.675696 4094.563850 4110.022521 4114.246438 4121.266396 4119.634656 4105.123696
