tests/Borden05m/sims/sim_1/output-maps/psiliqL0013N0019.asc
ncols         160
nrows         34
xllcorner     620200.000000
yllcorner     5168000.000000
cellsize      0.500000
NODATA_value  -9999.0
[rows 0 to 24 of 34, columns 0 to 55 of 160]
-9999.0 -9999.0 -9999.0 -9999.0 -9999.0 -9999.0 -9999.0 -9999.0 -9999.0 -9999.0 -9999.0 -9999.0 -9999.0 -9999.0 -9999.0 -9999.0 -9999.0 -9999.0 -9999.0 -9999.0 -9999.0 -9999.0 -9999.0 -9999.0 -9999.0 -9999.0 -9999.0 -9999.0 -9999.0 -9999.0 -9999.0 -9999.0 -9999.0 -9999.0 -9999.0 -9999.0 -9999.0 -9999.0 -9999.0 -9999.0 -9999.0 -9999.0 -9999.0 -9999.0 -9999.0 -9999.0 -9999.0 -9999.0 -9999.0 -9999.0 -9999.0 -9999.0 -9999.0 -9999.0 -9999.0 -9999.0
-9999.0 -9999.0 -9999.0 -9999.0 -9999.0 -9999.0 -9999.0 -9999.0 -9999.0 -9999.0 -9999.0 -9999.0 -9999.0 -9999.0 -9999.0 -9999.0 -9999.0 -9999.0 -9999.0 -9999.0 -9999.0 -9999.0 -9999.0 -9999.0 -9999.0 -9999.0 -9999.0 -9999.0 -9999.0 -9999.0 -9999.0 -9999.0 -9999.0 -9999.0 -9999.0 -9999.0 -9999.0 -9999.0 -9999.0 -9999.0 -9999.0 -9999.0 -9999.0 -9999.0 -9999.0 -9999.0 -9999.0 -9999.0 -9999.0 -9999.0 -9999.0 -9999.0 -9999.0 -9999.0 -9999.0 -9999.0
-9999.0 -9999.0 -9999.0 -9999.0 -9999.0 -9999.0 -9999.0 -9999.0 -9999.0 -9999.0 -9999.0 -9999.0 -9999.0 -9999.0 -9999.0 -9999.0 -9999.0 -9999.0 -9999.0 -9999.0 -9999.0 -9999.0 -9999.0 -9999.0 -9999.0 -9999.0 -9999.0 -9999.0 -9999.0 -9999.0 -9999.0 -9999.0 -9999.0 -9999.0 -9999.0 -9999.0 -9999.0 -9999.0 -9999.0 -9999.0 -9999.0 -9999.0 -9999.0 -9999.0 -9999.0 -9999.0 -9999.0 695.316761 678.081646 662.495846 660.319310 682.954157 706.475937 730.418872 751.165724 769.958264
-9999.0 -9999.0 -9999.0 -9999.0 -9999.0 -9999.0 -9999.0 -9999.0 -9999.0 -9999.0 -9999.0 -9999.0 -9999.0 -9999.0 -9999.0 -9999.0 -9999.0 -9999.0 -9999.0 -9999.0 -9999.0 -9999.0 -9999.0 -9999.0 -9999.0 -9999.0 -9999.0 -9999.0 -9999.0 -9999.0 -9999.0 -9999.0 -9999.0 -9999.0 -9999.0 -9999.0 -9999.0 -9999.0 -9999.0 -9999.0 742.615508 748.586760 749.892054 739.529227 728.454188 716.386030 696.512994 678.848629 664.112060 661.741220 664.577260 669.831731 692.571513 717.405991 737.276298 754.530205
-9999.0 -9999.0 -9999.0 -9999.0 -9999.0 -9999.0 -9999.0 -9999.0 -9999.0 -9999.0 -9999.0 -9999.0 -9999.0 -9999.0 -9999.0 -9999.0 -9999.0 -9999.0 -9999.0 -9999.0 -9999.0 -9999.0 -9999.0 -9999.0 -9999.0 -9999.0 -9999.0 -9999.0 -9999.0 -9999.0 -9999.0 -9999.0 -9999.0 -9999.0 649.797114 667.337122 685.566236 704.122449 720.997240 727.890125 733.807535 739.653393 735.686010 731.198518 720.035303 701.109990 681.776862 668.124340 666.175728 663.918951 668.435742 681.513847 698.515808 714.948462 736.140052 759.942139
-9999.0 -9999.0 -9999.0 -9999.0 -9999.0 -9999.0 -9999.0 -9999.0 -9999.0 -9999.0 -9999.0 -9999.0 -9999.0 -9999.0 -9999.0 -9999.0 -9999.0 -9999.0 -9999.0 -9999.0 -9999.0 -9999.0 -9999.0 -9999.0 -9999.0 -9999.0 -9999.0 -9999.0 653.157549 647.394740 642.554030 641.302368 640.248208 639.368858 646.413816 658.669320 676.903668 698.773082 711.929148 719.341687 726.161161 727.090128 722.271206 720.475150 721.016319 709.424076 697.986585 687.306578 677.026573 675.751445 685.568766 699.934861 716.420208 731.588673 747.357122 758.645688
-9999.0 -9999.0 -9999.0 -9999.0 -9999.0 -9999.0 -9999.0 -9999.0 -9999.0 -9999.0 -9999.0 -9999.0 -9999.0 -9999.0 -9999.0 -9999.0 -9999.0 -9999.0 -9999.0 -9999.0 -9999.0 -9999.0 -9999.0 622.656464 628.575620 635.270111 642.925531 644.064263 640.211217 634.836820 632.053045 630.827163 629.409644 634.157443 642.519262 656.357444 672.443237 694.550606 703.409456 709.799294 722.292023 725.233860 731.112153 735.417689 733.944214 731.348584 719.149162 710.165202 715.531420 721.700485 728.752682 736.999520 750.702149 766.475099 784.283071 804.980630
-9999.0 -9999.0 -9999.0 -9999.0 -9999.0 -9999.0 -9999.0 -9999.0 -9999.0 -9999.0 -9999.0 -9999.0 -9999.0 -9999.0 -9999.0 -9999.0 -9999.0 -9999.0 -9999.0 597.184767 598.182603 599.484706 604.325022 605.338721 607.672592 614.866589 623.245238 625.827259 624.396735 623.235990 625.081846 628.119435 632.800742 644.463898 658.628386 673.161592 687.428615 708.678517 723.808209 737.800726 754.157969 753.719699 749.951791 748.377816 749.175335 749.779606 754.494531 757.716359 764.280098 769.534435 776.377275 786.076662 797.936761 816.717988 837.190927 857.666512
-9999.0 -9999.0 -9999.0 -9999.0 -9999.0 -9999.0 -9999.0 -9999.0 -9999.0 -9999.0 -9999.0 -9999.0 -9999.0 -9999.0 -9999.0 -9999.0 568.282487 570.211627 572.521624 578.044245 581.005986 585.159865 592.275888 593.694741 597.708245 605.091054 610.277080 619.339802 627.688468 635.377985 641.742644 644.857686 652.801824 662.900909 675.255434 691.061249 713.112090 736.639578 753.421578 770.731764 788.249558 789.273163 788.593122 790.121236 791.074605 798.138038 816.209450 822.605057 824.754478 842.146203 856.748881 862.476208 870.680691 890.194112 914.538137 938.963240
-9999.0 -9999.0 -9999.0 -9999.0 -9999.0 -9999.0 -9999.0 -9999.0 -9999.0 -9999.0 -9999.0 -9999.0 -9999.0 522.183799 526.397974 535.972506 545.113975 547.702558 552.059516 558.208479 570.584424 574.400653 580.858937 588.694712 600.743150 609.642629 619.167256 631.380065 640.242480 647.958902 655.541193 661.926564 675.854804 691.723703 708.134748 729.008312 751.599945 772.944304 794.255696 810.654145 825.147154 828.041436 827.449759 830.190298 838.495438 856.447853 876.008097 886.465685 906.078040 929.959953 944.297875 956.891926 966.273496 980.098133 1001.713939 1036.714212
-9999.0 -9999.0 -9999.0 -9999.0 -9999.0 -9999.0 -9999.0 -9999.0 -9999.0 -9999.0 488.559122 491.001947 487.673307 487.757984 492.846040 505.002097 518.710010 525.507730 537.170870 558.187338 576.033384 579.806395 594.687550 605.144996 612.211809 623.171610 636.770546 650.155024 667.693154 680.934546 693.548914 714.154717 731.487779 748.877278 767.523459 788.599598 809.635917 839.449104 867.560506 881.732672 905.332046 917.808554 915.663342 916.441786 925.831032 942.947164 965.576401 990.565155 1013.402059 1039.791941 1058.534254 1073.568064 1084.911173 1097.845163 1113.974182 1148.679565
-9999.0 -9999.0 -9999.0 -9999.0 -9999.0 -9999.0 -9999.0 -9999.0 464.081538 471.339987 477.585487 474.685882 470.251631 466.620294 480.279728 496.231535 512.404414 530.041372 546.247578 564.608757 580.286060 596.965288 617.036062 629.194664 641.377683 657.194024 671.495638 689.550543 711.715190 725.936463 744.338837 767.008539 787.019300 806.247338 826.130443 845.600244 873.798747 908.748144 942.028030 966.377139 995.264745 1019.511819 1019.862435 1023.225509 1028.367226 1054.698563 1084.780884 1115.929608 1142.256289 1170.288275 1200.075470 1218.167782 1229.137729 1241.974644 1257.367945 1275.654752
-9999.0 -9999.0 -9999.0 -9999.0 -9999.0 -9999.0 437.295767 461.543092 476.557893 468.783735 459.437622 455.994127 452.223966 474.692348 496.612349 513.918853 530.977448 548.789592 565.598775 579.424119 613.931343 631.866725 646.930261 665.985857 681.054682 696.207856 714.432564 738.801888 762.085069 793.811242 822.106548 848.322216 876.170832 897.415927 917.637872 937.554692 970.235615 1008.691470 1046.262004 1076.165538 1104.084657 1134.873909 1143.022728 1149.274771 1157.023394 1177.618626 1208.833331 1239.089550 1272.894996 1305.037517 1331.556024 1343.627586 1354.159257 1365.576262 1379.057515 1391.539929
-9999.0 -9999.0 -9999.0 -9999.0 403.844795 424.809815 445.055361 475.859327 498.531305 493.575399 500.567233 500.989060 499.489078 503.168948 510.064446 528.328400 546.968969 565.915881 584.403330 620.545437 664.605954 681.134391 706.812179 739.567219 754.130780 770.158726 787.180749 811.371108 840.123235 875.550272 921.678863 961.156529 988.700855 1013.089442 1035.420453 1058.658609 1093.003931 1130.989378 1168.106437 1202.588416 1232.700067 1258.320278 1271.514426 1279.679529 1291.575921 1307.612717 1328.465164 1355.284948 1385.823654 1417.548793 1442.663894 1456.707932 1464.789185 1475.374664 1485.962584 1498.182932
-9999.0 -9999.0 -9999.0 355.102094 393.768319 431.399003 458.661100 489.720682 521.857764 527.177919 536.199660 541.790384 547.364462 556.286053 565.507401 582.673732 598.620226 614.108189 636.428233 673.815958 709.937847 741.710127 774.735267 803.245930 825.311089 842.020734 861.092679 886.272254 927.295635 966.741864 1018.500047 1072.856499 1110.869853 1136.286411 1158.764112 1186.087595 1211.047237 1246.786281 1281.485664 1314.314376 1345.714904 1370.373399 1389.412576 1397.352642 1406.765287 1415.457934 1431.714516 1452.780100 1474.182875 1502.490459 1530.546117 1554.527063 1568.200603 1577.909703 1593.544726 1609.198419
-9999.0 -9999.0 308.128997 345.734456 380.247373 430.995226 483.971572 518.300169 559.389090 583.878146 591.112247 608.962043 625.615391 633.521562 649.743210 667.256221 684.116705 690.503699 706.950032 739.603936 791.299268 838.661174 863.416310 915.946369 949.467882 976.279874 993.557440 1020.453382 1055.990106 1099.029361 1148.548625 1198.912834 1238.225126 1269.948676 1286.686004 1305.950497 1328.619391 1352.047248 1385.158771 1413.851028 1444.481409 1470.206235 1491.974858 1499.524433 1504.704874 1520.048320 1543.331181 1567.901797 1591.238636 1613.816543 1619.750290 1630.104509 1635.176163 1638.334645 1642.626408 1645.685498
-9999.0 -9999.0 281.912997 326.622418 367.753294 435.422351 514.223198 551.842976 595.191332 641.065590 660.356338 685.111147 699.420094 711.661943 735.453083 758.505407 769.250631 775.680681 776.227929 832.338534 891.675662 945.876702 998.002776 1062.521760 1105.775527 1120.544729 1131.912697 1152.298318 1177.663602 1221.727649 1270.723708 1323.704161 1367.904618 1399.174721 1415.685837 1433.662103 1453.718490 1471.434515 1490.037598 1527.716037 1553.583364 1578.367848 1604.316936 1624.209327 1632.379290 1635.490455 1626.720455 1634.923580 1640.645718 1643.503597 1644.839660 1642.071559 1641.839565 1642.835568 1644.023685 1639.159120
-9999.0 193.685681 245.812939 299.422428 369.013500 437.200643 521.627113 602.308518 657.975727 704.569062 734.272888 749.196738 790.595504 834.808397 860.952148 888.281175 890.518309 894.719067 886.396558 934.214442 985.861364 1062.953730 1171.540240 1225.625685 1265.555669 1266.966851 1262.108889 1275.124499 1300.037837 1343.805645 1410.199063 1457.617540 1509.795437 1549.144153 1564.420717 1571.495522 1588.883113 1608.406559 1600.810424 1620.491203 1629.820465 1637.754422 1639.919657 1641.998540 1643.356340 1643.840244 1640.904677 1634.731632 1627.066130 1621.595966 1617.668857 1613.229958 1615.650894 1618.825823 1619.496425 1612.421262
-9999.0 158.631166 218.423097 290.409199 362.047722 433.064018 539.634153 679.343619 731.977529 769.529856 795.136072 824.203282 903.766179 969.231009 1003.410074 1046.223688 1041.790603 1032.095620 1022.614070 1056.771183 1107.711592 1180.863673 1315.654818 1395.737736 1417.836812 1427.305809 1433.938301 1459.562710 1495.492286 1531.630299 1565.281029 1572.263297 1597.985075 1611.815527 1617.346954 1620.546814 1625.126909 1626.667882 1625.728212 1623.175973 1619.527003 1620.615990 1625.309804 1625.664111 1623.201999 1620.250208 1614.614686 1606.743607 1600.671158 1595.503699 1592.278985 1588.883824 1586.997939 1586.761754 1582.154307 1576.074086
-9999.0 130.555226 201.278654 265.689970 333.666517 451.791208 577.371045 711.785511 804.564354 843.486124 873.828657 947.073922 1044.965161 1136.235373 1185.115481 1209.380932 1213.210444 1196.654958 1204.101125 1249.425136 1313.627170 1400.101601 1482.574178 1552.447805 1562.926907 1564.769508 1547.268673 1559.359134 1572.109851 1578.059782 1584.229585 1591.972552 1601.633351 1608.040926 1609.745762 1609.272905 1606.560450 1600.278731 1596.485376 1594.022479 1591.120706 1591.190820 1594.197632 1595.336839 1592.598458 1588.373960 1583.320076 1576.932354 1570.018342 1562.669649 1558.097755 1553.572569 1550.932846 1545.732658 1540.843557 1534.313840
-9999.0 34.717061 121.849891 179.210873 300.326297 472.498399 599.159026 751.227602 895.071507 937.740187 1016.709648 1131.020561 1230.332981 1299.073423 1337.914476 1378.048862 1406.148583 1430.405494 1465.473920 1436.720676 1490.857097 1542.616070 1564.551993 1574.442745 1573.693222 1573.640648 1565.695798 1547.939845 1540.279482 1537.491435 1543.806081 1555.729750 1565.422991 1574.259901 1574.682219 1576.938281 1578.166667 1575.678468 1572.725492 1565.131775 1557.899719 1552.502969 1550.970944 1556.040574 1550.762807 1547.006324 1540.524760 1531.998237 1522.787006 1514.536947 1506.376610 1499.209617 1495.929830 1489.908520 1487.822038 1479.151000
-9999.0 -46.167450 31.451579 125.612950 268.360284 433.072812 568.775274 738.408956 942.323970 1055.852466 1172.600278 1239.194475 1308.727074 1367.964939 1427.759672 1470.087752 1493.000269 1503.082527 1497.378712 1509.055153 1482.316275 1478.956793 1497.420416 1522.827280 1534.236260 1536.950663 1528.215317 1518.403370 1513.315675 1515.195781 1517.538896 1519.954347 1521.812203 1522.525086 1521.424575 1524.628481 1530.011938 1524.812058 1517.062238 1509.446551 1502.401088 1494.360662 1488.946826 1485.477084 1483.829081 1483.070386 1475.224117 1464.519725 1453.609807 1445.031011 1436.938815 1430.868258 1427.913156 1422.561737 1414.424076 1401.934756
-9999.0 -141.239530 -21.701451 75.432329 202.081285 340.871969 471.760585 638.600478 791.603171 1007.570305 1166.016057 1257.824315 1295.040340 1348.288782 1405.416262 1467.871359 1472.562187 1445.195534 1416.654436 1405.112487 1412.691305 1424.461161 1438.830741 1458.202661 1474.242051 1482.515371 1483.769625 1476.614397 1464.493997 1457.469135 1453.609814 1446.838465 1442.484344 1443.469086 1445.439536 1453.295635 1456.348997 1447.937476 1435.680538 1420.297966 1406.727162 1396.416212 1393.418067 1394.424066 1394.036439 1390.213486 1383.109927 1372.498955 1359.892675 1348.099670 1340.375319 1334.635230 1327.586181 1317.587676 1306.450510 1293.843566
-9999.0 -9999.0 -95.261851 16.547311 127.707098 253.243150 373.797881 522.411137 675.561714 858.915567 975.963349 1097.139407 1163.836742 1206.978616 1255.510459 1307.143229 1324.021214 1341.837366 1325.795793 1331.191476 1339.173045 1346.483832 1356.905159 1368.489001 1380.938135 1389.932997 1396.852968 1395.055126 1386.946108 1371.729463 1353.916901 1340.836763 1333.997022 1328.795679 1338.776815 1350.598044 1348.437144 1342.304969 1330.916503 1315.722062 1302.978771 1289.515410 1285.669186 1285.790806 1285.547512 1282.367250 1277.571915 1264.760978 1251.851829 1239.826620 1234.064316 1227.742620 1222.021032 1211.049470 1199.338380 1186.367990
-9999.0 -9999.0 -178.915792 -69.007301 48.143384 173.259818 277.083817 362.834358 518.541369 637.259001 740.826847 836.130315 914.564750 974.649743 1017.276419 1075.548182 1113.203406 1128.455653 1146.405930 1174.056189 1199.514608 1226.276751 1244.028463 1256.607476 1269.975714 1282.451555 1290.879858 1279.921331 1269.902532 1254.732462 1235.390600 1214.334022 1203.886475 1201.070960 1204.297277 1210.178518 1205.137801 1196.026412 1182.203025 1166.827934 1153.991168 1142.547540 1138.307623 1134.913378 1133.399908 1130.288665 1126.870799 1118.128719 1106.740052 1098.849660 1090.529406 1084.323264 1080.993544 1073.992566 1064.593839 1058.030637
