tests/Borden05m/sims/sim_1/output-maps/psiliqL0029N0007.asc
ncols         160
nrows         34
xllcorner     620200.000000
yllcorner     5168000.000000
cellsize      0.500000
NODATA_value  -9999.0
[rows 0 to 24 of 34, columns 0 to 54 of 160]
-9999.0 -9999.0 -9999.0 -9999.0 -9999.0 -9999.0 -9999.0 -9999.0 -9999.0 -9999.0 -9999.0 -9999.0 -9999.0 -9999.0 -9999.0 -9999.0 -9999.0 -9999.0 -9999.0 -9999.0 -9999.0 -9999.0 -9999.0 -9999.0 -9999.0 -9999.0 -9999.0 -9999.0 -9999.0 -9999.0 -9999.0 -9999.0 -9999.0 -9999.0 -9999.0 -9999.0 -9999.0 -9999.0 -9999.0 -9999.0 -9999.0 -9999.0 -9999.0 -9999.0 -9999.0 -9999.0 -9999.0 -9999.0 -9999.0 -9999.0 -9999.0 -9999.0 -9999.0 -9999.0 -9999.0
-9999.0 -9999.0 -9999.0 -9999.0 -9999.0 -9999.0 -9999.0 -9999.0 -9999.0 -9999.0 -9999.0 -9999.0 -9999.0 -9999.0 -9999.0 -9999.0 -9999.0 -9999.0 -9999.0 -9999.0 -9999.0 -9999.0 -9999.0 -9999.0 -9999.0 -9999.0 -9999.0 -9999.0 -9999.0 -9999.0 -9999.0 -9999.0 -9999.0 -9999.0 -9999.0 -9999.0 -9999.0 -9999.0 -9999.0 -9999.0 -9999.0 -9999.0 -9999.0 -9999.0 -9999.0 -9999.0 -9999.0 -9999.0 -9999.0 -9999.0 -9999.0 -9999.0 -9999.0 -9999.0 -9999.0
-9999.0 -9999.0 -9999.0 -9999.0 -9999.0 -9999.0 -9999.0 -9999.0 -9999.0 -9999.0 -9999.0 -9999.0 -9999.0 -9999.0 -9999.0 -9999.0 -9999.0 -9999.0 -9999.0 -9999.0 -9999.0 -9999.0 -9999.0 -9999.0 -9999.0 -9999.0 -9999.0 -9999.0 -9999.0 -9999.0 -9999.0 -9999.0 -9999.0 -9999.0 -9999.0 -9999.0 -9999.0 -9999.0 -9999.0 -9999.0 -9999.0 -9999.0 -9999.0 -9999.0 -9999.0 -9999.0 -9999.0 3872.392391 3855.232716 3842.357312 3836.923795 3857.437209 3880.279627 3903.956837 3924.328577
-9999.0 -9999.0 -9999.0 -9999.0 -9999.0 -9999.0 -9999.0 -9999.0 -9999.0 -9999.0 -9999.0 -9999.0 -9999.0 -9999.0 -9999.0 -9999.0 -9999.0 -9999.0 -9999.0 -9999.0 -9999.0 -9999.0 -9999.0 -9999.0 -9999.0 -9999.0 -9999.0 -9999.0 -9999.0 -9999.0 -9999.0 -9999.0 -9999.0 -9999.0 -9999.0 -9999.0 -9999.0 -9999.0 -9999.0 -9999.0 3924.039744 3929.884648 3929.147414 3919.331653 3907.829167 3893.584890 3872.686231 3855.596325 3842.911930 3841.038314 3843.255445 3845.083260 3865.024159 3890.457975 3910.271074
-9999.0 -9999.0 -9999.0 -9999.0 -9999.0 -9999.0 -9999.0 -9999.0 -9999.0 -9999.0 -9999.0 -9999.0 -9999.0 -9999.0 -9999.0 -9999.0 -9999.0 -9999.0 -9999.0 -9999.0 -9999.0 -9999.0 -9999.0 -9999.0 -9999.0 -9999.0 -9999.0 -9999.0 -9999.0 -9999.0 -9999.0 -9999.0 -9999.0 -9999.0 3831.973382 3848.642736 3866.364562 3884.813679 3901.713548 3908.742049 3914.480959 3919.590258 3914.629752 3910.072934 3898.052513 3876.266980 3856.828209 3844.179853 3843.370158 3840.766150 3843.872693 3854.774610 3871.086957 3885.500806 3905.663313
-9999.0 -9999.0 -9999.0 -9999.0 -9999.0 -9999.0 -9999.0 -9999.0 -9999.0 -9999.0 -9999.0 -9999.0 -9999.0 -9999.0 -9999.0 -9999.0 -9999.0 -9999.0 -9999.0 -9999.0 -9999.0 -9999.0 -9999.0 -9999.0 -9999.0 -9999.0 -9999.0 -9999.0 3838.595353 3832.516965 3827.588008 3825.777983 3824.065744 3822.956249 3829.384580 3840.025990 3856.555438 3878.537675 3891.713843 3898.797861 3905.563267 3905.569532 3899.160313 3897.233691 3897.461383 3884.245863 3871.472174 3859.495386 3847.729845 3843.828347 3852.198654 3866.150393 3882.037844 3896.199549 3911.071213
-9999.0 -9999.0 -9999.0 -9999.0 -9999.0 -9999.0 -9999.0 -9999.0 -9999.0 -9999.0 -9999.0 -9999.0 -9999.0 -9999.0 -9999.0 -9999.0 -9999.0 -9999.0 -9999.0 -9999.0 -9999.0 -9999.0 -9999.0 3809.072747 3813.610160 3819.942434 3827.461034 3828.226962 3824.955252 3819.425718 3816.596691 3814.916651 3812.178666 3816.423398 3822.786988 3835.195215 3849.914628 3871.960359 3879.735987 3883.125037 3893.844952 3897.434817 3905.445046 3908.870104 3906.489055 3901.626586 3885.612985 3872.958542 3873.859575 3876.885694 3883.287062 3891.263699 3904.321883 3917.133774 3931.398923
-9999.0 -9999.0 -9999.0 -9999.0 -9999.0 -9999.0 -9999.0 -9999.0 -9999.0 -9999.0 -9999.0 -9999.0 -9999.0 -9999.0 -9999.0 -9999.0 -9999.0 -9999.0 -9999.0 3784.894693 3785.892577 3787.351285 3792.099227 3792.198790 3793.644562 3800.078673 3807.742860 3810.482323 3807.800904 3806.592161 3807.447712 3809.535020 3813.607431 3823.262592 3835.910799 3849.096070 3860.904174 3880.787151 3894.344790 3905.554060 3919.866994 3919.992865 3915.892819 3913.656548 3912.784042 3910.023659 3906.245959 3903.677442 3909.200710 3908.172040 3910.277719 3918.734664 3930.235195 3945.631400 3961.902670
-9999.0 -9999.0 -9999.0 -9999.0 -9999.0 -9999.0 -9999.0 -9999.0 -9999.0 -9999.0 -9999.0 -9999.0 -9999.0 -9999.0 -9999.0 -9999.0 3755.872857 3757.497477 3759.760444 3765.153094 3768.899752 3772.594005 3779.304378 3780.575066 3783.462487 3790.010636 3793.769679 3802.593840 3810.411991 3816.677517 3821.648676 3823.075150 3828.309865 3836.300605 3846.440627 3858.754097 3877.252917 3899.797657 3914.232979 3929.811787 3946.051916 3945.654164 3942.858980 3941.990492 3939.146515 3938.370973 3951.059789 3952.760675 3945.069544 3952.214392 3962.619198 3964.112709 3970.145271 3989.375778 4010.544307
-9999.0 -9999.0 -9999.0 -9999.0 -9999.0 -9999.0 -9999.0 -9999.0 -9999.0 -9999.0 -9999.0 -9999.0 -9999.0 3705.768086 3709.510231 3719.701698 3731.610230 3734.559958 3739.424238 3746.002108 3757.720043 3760.897341 3766.269671 3772.716627 3784.879558 3792.691626 3800.437920 3811.106025 3817.886649 3823.566348 3828.530129 3829.430002 3839.120318 3851.436987 3864.069734 3881.538460 3902.121477 3918.760134 3935.130778 3950.505044 3960.558019 3955.785988 3954.092212 3955.242005 3958.266641 3969.271559 3984.322870 3981.804020 3988.525926 4007.588054 4016.278180 4021.842440 4026.721396 4040.163317 4061.335263
-9999.0 -9999.0 -9999.0 -9999.0 -9999.0 -9999.0 -9999.0 -9999.0 -9999.0 -9999.0 3680.918060 3681.947268 3677.817587 3674.076937 3679.718627 3691.770717 3706.183777 3710.998923 3722.660543 3743.644431 3762.014125 3764.237785 3776.510142 3785.840971 3791.468263 3799.790580 3811.102479 3821.398868 3834.768276 3844.516761 3850.894483 3864.707466 3878.557559 3892.865607 3908.244017 3927.079446 3940.869682 3962.075949 3985.193637 3991.735324 4006.341256 4006.357731 4001.172072 3998.105235 4006.608302 4015.722196 4028.089131 4041.077304 4057.974883 4078.318249 4086.315411 4098.294116 4106.480486 4115.984596 4130.914805
-9999.0 -9999.0 -9999.0 -9999.0 -9999.0 -9999.0 -9999.0 -9999.0 3656.552640 3664.629198 3669.421165 3665.605263 3660.597572 3653.649440 3668.017592 3682.708358 3697.796819 3715.618190 3730.278355 3747.727262 3760.306976 3773.553943 3792.573263 3801.718845 3810.530358 3823.844835 3835.000580 3847.515813 3866.004587 3871.022935 3879.129586 3896.402390 3909.787335 3924.771644 3941.236883 3955.868499 3973.468574 4001.697663 4028.845150 4042.677341 4067.359878 4082.467906 4075.214727 4072.096400 4072.247143 4094.021859 4118.813298 4146.825698 4163.744077 4185.765965 4213.255895 4232.181569 4241.149653 4251.993734 4265.625971
-9999.0 -9999.0 -9999.0 -9999.0 -9999.0 -9999.0 3628.014945 3652.133152 3666.935034 3657.614065 3641.759258 3635.574237 3628.175297 3660.233549 3681.959800 3698.466060 3714.157700 3730.637074 3745.683129 3751.847996 3779.257735 3797.761302 3807.637672 3818.356224 3831.286374 3844.144781 3858.536924 3877.839177 3892.916435 3911.710522 3924.323661 3937.830814 3959.642719 3975.279623 3990.712772 4002.420484 4028.350359 4061.714213 4095.208491 4118.209331 4141.666600 4172.925078 4171.077001 4172.088647 4172.621031 4196.735564 4230.731571 4260.186141 4291.456844 4321.595222 4350.149043 4360.491425 4369.334556 4379.116957 4391.630759
-9999.0 -9999.0 -9999.0 -9999.0 3596.488325 3616.958917 3634.752595 3664.078074 3685.259869 3679.604117 3682.665744 3679.357853 3673.464648 3677.901267 3685.383753 3701.330759 3719.435828 3737.919629 3750.181359 3774.313149 3820.474046 3829.247741 3843.464523 3870.992427 3880.090926 3892.487324 3906.616654 3925.344147 3941.054844 3965.992466 3997.373470 4024.034243 4043.805707 4061.702639 4079.834082 4095.335690 4130.153213 4166.625499 4201.762983 4232.587480 4258.854950 4284.862863 4290.543391 4295.084875 4304.888176 4322.152927 4345.123904 4372.798543 4406.895018 4439.106652 4462.216002 4470.679178 4475.636108 4485.172080 4492.418685
-9999.0 -9999.0 -9999.0 3541.361661 3580.277925 3619.924528 3644.603913 3673.935785 3705.539192 3703.504982 3711.244646 3709.029376 3705.712842 3709.413218 3710.355776 3725.515846 3742.827344 3762.263632 3782.337838 3814.064996 3840.909799 3855.134437 3880.964960 3893.897027 3904.386662 3915.693059 3933.275397 3951.722104 3986.631728 4014.382013 4059.099594 4108.847576 4139.984383 4158.519017 4180.967991 4208.551239 4233.846754 4273.120951 4307.126155 4339.192668 4369.366910 4391.310613 4405.064913 4409.465244 4419.312428 4424.844339 4437.009117 4458.048282 4480.591333 4511.685174 4541.205575 4570.876255 4586.488578 4597.883001 4615.313355
-9999.0 -9999.0 3492.720108 3532.488919 3562.811865 3608.156936 3660.565351 3695.103250 3733.330378 3750.233577 3751.747751 3760.000006 3768.420720 3767.179500 3773.577459 3784.335354 3806.394883 3814.960465 3835.257965 3847.173213 3881.105867 3912.050414 3902.510437 3937.786674 3966.788159 3999.926150 4021.591564 4047.969624 4086.001195 4118.479419 4162.199980 4212.240797 4246.083403 4273.718279 4289.851481 4310.548594 4330.858504 4357.892290 4395.316247 4420.785670 4454.976444 4480.545079 4500.044399 4500.110908 4502.705195 4519.095636 4548.193159 4579.978686 4609.750182 4639.728626 4621.263507 4646.785040 4658.205751 4664.577643 4674.596519
-9999.0 -9999.0 3461.467795 3508.227553 3540.970193 3596.345424 3683.822562 3716.629656 3755.136792 3799.738536 3811.632895 3831.588673 3820.776693 3804.547185 3820.338994 3832.272561 3853.991021 3861.318300 3854.016677 3905.129320 3956.255199 3975.306271 3973.617502 4052.262915 4105.890236 4131.754862 4149.459848 4169.912959 4189.116050 4226.967397 4265.088320 4320.227272 4361.548299 4391.650394 4406.355089 4427.081652 4446.898148 4461.950716 4481.933999 4530.216272 4567.363406 4599.247831 4632.219093 4653.968109 4662.318638 4667.807762 4639.744631 4661.106400 4675.593058 4681.841062 4684.368757 4680.516684 4679.985942 4680.850005 4681.771321
-9999.0 3366.838565 3419.329281 3468.862978 3531.654206 3590.912191 3663.042654 3736.040272 3803.694590 3856.269998 3880.104360 3868.547880 3860.071777 3881.139357 3898.790355 3912.818835 3918.712592 3929.942616 3909.292787 3963.712667 3998.010812 4042.466177 4140.116595 4199.189756 4266.360181 4261.700952 4249.263062 4253.253845 4268.248825 4315.677903 4397.308806 4455.654901 4524.238604 4575.274734 4593.188539 4601.231493 4620.554228 4641.899485 4583.201050 4630.622422 4652.566969 4670.877975 4681.670984 4684.194823 4685.604398 4685.341913 4681.573901 4674.416827 4666.138748 4660.215643 4655.929629 4651.426361 4653.870307 4657.211639 4657.253190
-9999.0 3327.534762 3384.221782 3451.483522 3517.501506 3558.671687 3635.328778 3806.380741 3870.339300 3907.923582 3909.147094 3874.079857 3927.306709 3985.779924 4008.200055 4053.741378 4036.369210 4020.729427 3979.055939 4003.155634 4040.095555 4110.966179 4288.571162 4378.803594 4436.286105 4444.203600 4444.257317 4473.385127 4519.549230 4569.731082 4618.639038 4581.548771 4636.138794 4663.140345 4668.782790 4669.572610 4675.630972 4674.002976 4672.785238 4668.228327 4662.986044 4663.168792 4667.944560 4667.807582 4664.789590 4661.310929 4655.546913 4648.128446 4642.985862 4638.344936 4635.702748 4632.894265 4630.831345 4629.886125 4624.842792
-9999.0 3283.945552 3359.578962 3416.039604 3456.498110 3540.733745 3671.222121 3816.871749 3913.664293 3946.542463 3913.103700 3940.391142 4044.126915 4153.299011 4206.425085 4227.197761 4203.965108 4150.079198 4125.478938 4169.545820 4242.118759 4369.008007 4519.162986 4624.410489 4640.784401 4644.547392 4591.184673 4619.897368 4646.510396 4649.668485 4650.918088 4660.037983 4665.206594 4668.277484 4666.666367 4663.761981 4658.897432 4650.612833 4645.834284 4642.054160 4638.212728 4636.895697 4638.771932 4640.779458 4637.882534 4633.948963 4629.457925 4623.884103 4617.504661 4610.668924 4606.225327 4601.864044 4599.679209 4593.888548 4590.466215
-9999.0 3153.303310 3251.841327 3287.775598 3349.961536 3541.954370 3671.295318 3808.466869 3978.176532 3994.091782 4032.518167 4177.248021 4300.806754 4383.861413 4411.116443 4443.667309 4468.212655 4483.397122 4521.548916 4385.303455 4472.285591 4580.107129 4630.172942 4651.883291 4664.014226 4664.429295 4654.204145 4633.044795 4622.227387 4615.461916 4617.076652 4624.407128 4628.938065 4633.607039 4631.264165 4632.468328 4633.840787 4630.683404 4626.582832 4617.701329 4609.764396 4602.819293 4599.196794 4603.771469 4599.144089 4596.931044 4590.614453 4581.981104 4572.858375 4565.447444 4557.305407 4550.664804 4548.456061 4543.449115 4542.208379
-9999.0 3072.137491 3143.088495 3193.372881 3295.158403 3457.938913 3542.909727 3697.558652 3946.932109 4088.604099 4263.090700 4359.806876 4430.965730 4469.955251 4518.891836 4573.507188 4602.112413 4615.215600 4580.495022 4606.270971 4561.613790 4550.241892 4568.447200 4598.803807 4617.216281 4621.509755 4613.844488 4605.018378 4597.723988 4596.600995 4594.232356 4589.562726 4584.874264 4580.949918 4577.811098 4581.045773 4586.568801 4579.180148 4568.439696 4558.621059 4549.782879 4540.289297 4534.187298 4529.188834 4529.882161 4530.210926 4522.432173 4511.773180 4500.702037 4492.246540 4485.019332 4480.639316 4477.791818 4472.654775 4462.399110
-9999.0 2945.868246 3081.007987 3151.237121 3236.191955 3361.304865 3457.447374 3604.625539 3728.786764 3980.224383 4118.139744 4333.101814 4386.307682 4460.345008 4506.383536 4582.572153 4576.968245 4545.814698 4500.762451 4484.947772 4498.174822 4507.736309 4515.524939 4529.436969 4547.588732 4558.113045 4563.953686 4558.331625 4544.001408 4530.844053 4518.741116 4504.163624 4494.218171 4491.430005 4496.243312 4506.939723 4507.063364 4497.658357 4483.177408 4464.327278 4448.252016 4436.079628 4434.230408 4437.296008 4438.584564 4434.302032 4428.596652 4417.603569 4404.795819 4392.018344 4386.551119 4382.285514 4374.543893 4362.781192 4350.451115
-9999.0 -9999.0 2991.336364 3098.162260 3185.509377 3290.948467 3370.323763 3479.069054 3615.264500 3783.657566 3900.382241 4094.135014 4196.198536 4241.222459 4272.774918 4330.179627 4358.152084 4393.320025 4390.990082 4405.257448 4416.681789 4422.574857 4427.496804 4432.465213 4442.779641 4452.881948 4463.926129 4461.074002 4452.354147 4431.033625 4404.034708 4382.958411 4372.037820 4362.210317 4375.006383 4387.858161 4381.715456 4374.684019 4361.778229 4345.317824 4332.737806 4318.259197 4314.807151 4314.579898 4315.237010 4312.977398 4310.796135 4298.267996 4285.958134 4276.333386 4272.482697 4266.800347 4263.455436 4253.650675 4243.013677
-9999.0 -9999.0 2901.953421 3002.742713 3099.452447 3212.729804 3289.578027 3283.665068 3413.496167 3512.414174 3620.843693 3735.927275 3837.220313 3908.212612 3939.390194 4003.046267 4063.941019 4083.836313 4129.780421 4190.365590 4227.459842 4270.381750 4295.183305 4304.432244 4317.044260 4332.095584 4339.489935 4323.495876 4312.138382 4294.860666 4270.795924 4243.146343 4229.180996 4229.401909 4227.672585 4228.352780 4220.222636 4211.318692 4196.700907 4183.036105 4170.909729 4162.462965 4158.925003 4152.771183 4150.186289 4147.414368 4145.946483 4141.318745 4133.581839 4129.547073 4121.200147 4117.823063 4117.367696 4114.942998 4109.750937
