tests/Borden05m/sims/sim_1/output-maps/psiliqL0020N0007.asc
ncols         160
nrows         34
xllcorner     620200.000000
yllcorner     5168000.000000
cellsize      0.500000
NODATA_value  -9999.0
[rows 0 to 24 of 34, columns 55 to 109 of 160]
-9999.0 -9999.0 -9999.0 -9999.0 -9999.0 -9999.0 -9999.0 -9999.0 -9999.0 -9999.0 -9999.0 -9999.0 -9999.0 -9999.0 -9999.0 -9999.0 -9999.0 -9999.0 -9999.0 -9999.0 -9999.0 -9999.0 -9999.0 -9999.0 -9999.0 -9999.0 -9999.0 -9999.0 -9999.0 -9999.0 -9999.0 -9999.0 -9999.0 -9999.0 -9999.0 -9999.0 -9999.0 -9999.0 -9999.0 -9999.0 -9999.0 -9999.0 -9999.0 -9999.0 -9999.0 -9999.0 -9999.0 -9999.0 -9999.0 -9999.0 -9999.0 -9999.0 -9999.0 -9999.0 -9999.0
-9999.0 -9999.0 -9999.0 -9999.0 2238.552561 2233.329585 2228.680643 2224.472944 2216.401678 2207.719174 2200.203436 2196.715653 2196.265807 2196.049931 2196.128026 2201.753548 2210.346480 2218.489783 2225.949235 2228.740286 2231.561459 2234.066060 2234.926867 2234.296392 2231.665587 2229.023086 2226.183547 2225.061418 2217.819290 2206.965143 2198.737771 2196.235329 2200.636661 2205.054872 2207.475998 2212.799036 2223.048020 2233.282891 2241.133407 2252.618788 2258.320291 2262.789740 2264.771140 2259.962794 2255.853690 2251.372492 2245.314986 2234.020953 -9999.0 -9999.0 -9999.0 -9999.0 -9999.0 -9999.0 -9999.0
2184.232479 2203.377802 2224.223340 2227.565338 2215.825820 2210.983183 2208.127884 2206.747229 2202.740069 2194.741987 2190.155355 2185.313231 2183.624456 2184.258066 2184.836190 2189.316861 2200.395806 2208.827651 2213.999388 2217.083958 2220.292688 2219.802423 2219.664805 2219.949589 2217.626559 2214.727305 2211.883836 2210.568565 2212.014551 2204.823054 2199.380766 2195.922446 2193.670215 2196.311401 2198.823292 2202.706507 2211.737982 2219.336932 2226.812907 2240.805171 2252.859820 2257.543788 2254.185547 2248.572354 2243.968474 2236.237833 2225.403072 2214.980619 2206.286105 2199.289420 2193.073122 2186.051644 2191.271056 2197.538244 2206.130183
2169.650618 2189.451343 2210.252806 2213.308569 2203.044037 2195.407105 2189.861047 2190.765302 2194.417022 2191.684983 2187.602726 2181.740522 2191.657415 2193.408693 2194.950504 2198.835448 2201.937681 2206.736975 2209.852753 2215.702363 2225.143756 2228.411251 2229.446838 2230.130091 2228.828997 2226.247417 2224.957161 2222.750506 2218.025609 2216.985841 2217.265291 2216.683728 2221.282003 2222.783068 2225.119800 2218.939054 2222.683281 2228.503356 2234.866536 2240.247579 2245.888892 2248.228217 2244.018551 2242.955395 2233.606049 2219.025931 2207.873819 2199.299716 2197.941222 2194.071665 2185.228167 2170.922748 2177.561578 2192.288359 2195.903911
2177.501031 2187.252751 2198.970602 2202.240185 2197.720065 2200.055933 2202.337300 2204.311889 2203.268541 2200.700923 2198.155393 2210.221627 2219.672958 2221.920441 2225.254553 2229.751001 2230.664144 2219.983914 2218.363384 2226.619301 2237.060883 2243.049339 2243.872314 2244.319408 2242.101037 2241.734617 2242.158314 2240.851256 2241.513255 2243.959864 2243.014439 2247.002956 2252.746091 2256.053824 2249.433149 2240.482810 2241.796342 2249.587857 2257.944797 2264.814663 2274.380095 2284.424731 2283.011977 2276.830517 2266.898634 2252.741541 2228.649944 2209.162637 2197.136278 2188.380565 2179.967246 2180.328196 2175.106951 2186.460985 2186.951335
2173.580856 2193.407948 2214.709705 2222.224140 2216.982983 2213.366536 2212.178918 2213.641711 2214.009940 2216.484713 2227.767357 2241.332558 2255.113323 2258.319018 2261.196865 2260.917312 2253.165611 2243.509237 2240.979875 2255.598298 2272.964441 2281.750130 2282.545693 2280.719927 2286.441185 2286.774900 2287.137114 2283.918833 2285.990537 2285.991237 2293.949963 2301.922694 2309.659102 2308.159884 2295.814677 2283.679410 2282.614796 2286.396098 2291.108198 2297.296682 2306.513521 2314.766201 2308.579952 2301.170977 2291.188251 2262.727875 2236.343880 2219.469882 2218.226043 2217.223302 2211.141216 2207.115021 2203.626161 2196.715314 2195.169117
2220.201121 2241.455638 2262.826646 2278.097218 2273.070330 2266.256817 2257.950343 2259.254844 2261.828076 2269.683033 2282.252619 2298.154881 2321.892195 2323.815608 2326.277014 2327.474168 2316.154587 2304.145096 2294.381944 2315.170053 2326.600690 2335.146322 2335.434116 2343.722212 2353.979060 2351.064393 2345.082772 2334.910887 2341.734757 2351.426461 2367.068835 2374.810220 2379.570316 2376.542732 2363.847115 2357.353188 2357.148358 2361.090764 2359.890980 2365.685074 2374.009547 2387.661572 2385.270870 2377.772453 2355.114937 2316.624643 2283.181237 2264.964096 2272.003385 2263.951806 2255.294146 2251.662559 2237.490979 2226.826629 2226.474064
2269.616638 2286.595177 2305.065469 2323.407453 2317.500345 2308.204578 2294.294773 2293.457299 2300.256941 2311.473120 2330.754821 2352.020569 2374.692526 2378.763367 2377.515739 2387.681463 2382.031113 2372.790714 2365.759779 2383.067873 2394.823244 2406.349044 2414.914877 2428.711489 2440.871853 2428.930384 2415.563474 2408.838808 2416.022911 2439.604280 2460.136145 2465.455262 2465.667042 2466.425886 2453.933358 2448.107032 2443.043801 2440.325469 2435.460535 2431.560088 2452.238671 2469.897407 2467.384246 2443.374072 2418.368839 2378.917281 2339.473976 2309.538602 2314.202272 2309.152845 2308.411255 2294.046198 2278.550835 2264.893450 2256.661983
2343.217437 2369.763169 2389.413086 2411.793838 2408.504145 2389.645032 2378.618200 2383.292366 2397.450551 2406.182479 2424.256867 2445.609731 2474.871950 2492.137186 2507.988034 2513.716640 2506.177101 2498.069536 2486.348437 2489.067736 2510.821173 2524.763620 2535.700761 2546.587008 2560.507072 2564.729131 2561.253916 2561.364618 2566.315874 2577.597542 2590.074018 2597.206985 2601.360196 2604.333297 2595.320669 2583.734025 2580.377648 2573.141630 2568.617120 2566.008092 2571.985195 2586.510422 2582.115158 2548.643284 2519.517464 2482.907241 2443.368617 2411.199271 2397.714438 2408.473714 2400.248035 2381.071025 2364.237267 2331.972587 2319.176037
2435.558920 2471.215930 2498.510329 2513.267405 2524.988550 2516.177823 2516.935208 2522.042096 2530.930733 2536.043762 2544.227324 2577.383645 2611.547555 2639.146812 2663.384647 2672.202116 2661.483616 2652.435602 2640.502206 2632.380137 2641.314784 2658.683846 2677.266153 2693.897109 2706.541304 2710.675832 2710.416260 2711.874822 2715.782800 2719.522150 2723.881191 2731.807429 2739.872263 2751.750015 2761.436955 2752.625671 2733.043753 2721.866258 2710.034097 2706.385615 2705.280391 2705.121517 2703.966913 2689.538207 2650.414931 2618.148287 2585.036687 2559.353970 2540.292106 2531.082320 2508.749829 2483.007266 2432.003440 2391.320869 2356.098830
2546.320068 2590.618921 2621.314119 2643.162298 2658.324970 2659.164235 2662.251043 2664.962006 2670.648333 2675.367652 2681.152270 2706.929246 2749.915461 2789.420829 2820.724857 2823.169484 2812.093256 2801.898937 2793.005053 2781.234124 2778.586742 2790.152614 2804.785414 2824.336584 2836.370726 2844.958819 2842.081845 2843.555528 2847.535825 2848.904415 2851.350003 2854.808572 2863.840048 2878.178022 2891.351102 2891.095921 2874.253037 2858.263174 2841.453619 2836.245367 2831.331619 2824.894047 2824.826993 2824.467396 2810.488105 2779.649190 2737.198955 2693.848986 2670.580507 2650.296968 2635.741807 2617.459761 2580.986582 2517.580798 2479.547326
2679.646584 2713.025203 2746.924518 2779.136209 2796.603171 2802.096723 2801.620177 2802.560928 2810.471409 2815.564897 2823.777711 2839.225962 2868.582367 2901.883496 2930.809308 2947.551387 2942.143203 2927.253469 2908.027219 2901.085666 2899.815438 2903.690803 2912.897330 2924.613458 2943.299797 2962.051108 2807.127646 2808.049741 2969.388045 2807.852359 2806.463935 2806.597973 2808.759419 2815.657802 2824.296773 2827.324585 2823.709308 2970.675013 2948.351946 2935.275203 2927.253999 2922.530685 2921.108886 2923.168491 2923.173025 2908.118691 2875.355763 2832.447228 2799.394262 2779.420689 2762.403471 2742.929406 2728.022355 2697.946386 2675.436756
2808.250230 2824.904498 2853.947028 2882.817016 2905.039842 2920.802717 2923.258783 2927.908144 2933.226851 2942.205993 2958.060408 2818.786089 2832.659800 2852.605720 2876.693726 2891.226069 2896.596794 2895.776201 2892.943126 2894.424586 2894.744240 2847.550046 2852.483035 2857.374573 2870.314571 2882.601080 2884.210853 2884.737715 2885.636177 2884.436696 2885.033261 2885.098656 2884.799509 2886.172197 2890.016900 2891.478916 2889.708380 2882.480479 2894.325054 2875.733140 2863.045217 2855.216654 2847.254781 2838.916829 2829.494992 2822.674175 2972.410092 2942.213141 2907.398268 2883.717827 2872.482122 2863.373263 2852.999807 2844.662812 2825.847621
2919.971544 2932.566442 2951.083112 2973.596014 2836.863133 2855.164577 2865.941984 2874.738238 2879.315242 2892.352574 2907.399202 2893.153691 2899.421785 2905.940880 2912.399971 2914.613116 2915.240234 2914.941010 2912.635670 2912.054454 2909.985132 2906.068860 2896.089983 2897.657073 2899.416121 2901.982106 2905.594658 2904.413354 2905.488023 2908.431767 2906.849074 2901.138103 2897.351793 2895.833260 2896.633159 2903.925075 2907.260039 2908.186110 2905.858340 2905.083202 2904.368845 2901.823978 2898.613484 2894.052810 2888.187245 2898.104007 2889.860160 2864.122376 2830.384007 2966.894190 2955.307937 2952.634786 2950.579518 2946.208702 2938.216453
2871.236313 2884.085120 2898.012056 2883.968095 2898.001844 2906.642167 2910.697069 2914.080312 2916.608362 2918.797156 2915.652570 2912.413435 2907.609493 2906.146737 2904.783154 2902.329756 2902.914105 2900.973289 2896.975182 2893.170897 2885.924122 2874.782697 2863.587349 2860.460721 2864.845806 2870.156761 2874.908270 2878.787326 2882.320088 2882.808168 2877.737824 2869.693061 2862.477652 2860.784163 2867.491600 2873.163979 2879.159653 2880.004512 2878.712147 2876.544574 2876.604313 2873.800543 2874.208507 2881.011967 2895.012410 2898.936990 2903.383755 2902.692257 2890.102877 2870.242090 2873.867750 2854.290272 2859.234052 2854.665802 2843.423159
2908.336513 2910.545725 2909.402388 2908.080917 2901.933834 2896.032200 2895.251583 2899.113345 2905.931703 2906.977985 2899.910480 2891.472925 2884.353338 2877.198936 2874.896862 2873.970027 2873.478695 2873.746015 2868.449850 2859.871140 2846.620006 2835.123628 2824.012748 2818.015596 2814.965601 2818.960354 2829.461112 2840.415411 2845.223572 2837.081425 2829.164204 2818.005342 2810.092039 2810.533678 2812.143655 2821.438054 2837.020665 2843.369301 2844.232965 2838.523241 2833.066539 2826.934021 2824.462997 2831.104860 2846.144953 2858.968259 2873.543613 2882.179344 2889.647972 2896.434016 2897.030498 2899.060051 2900.158063 2898.476258 2899.651282
2902.830393 2896.134534 2889.426897 2884.309274 2877.841508 2872.404665 2870.560673 2872.552047 2874.755074 2870.870189 2864.329716 2857.263322 2846.264614 2836.500287 2829.383217 2830.138559 2832.240072 2833.468047 2826.566793 2814.656668 2963.434697 2949.321644 2934.540601 2929.551670 2923.037355 2915.815288 2925.148188 2942.975245 2949.474012 2934.611946 2924.601646 2910.583126 2904.599890 2902.061496 2904.371955 2914.850596 2937.707140 2961.498347 2965.240695 2957.070929 2949.126009 2946.771134 2946.017265 2953.275277 2971.963207 2810.592451 2822.868267 2832.881073 2838.373342 2846.309123 2855.713852 2865.821749 2879.748373 2891.392259 2897.552236
2878.741333 2871.075068 2863.470546 2855.927896 2849.076386 2846.064765 2841.705790 2839.503900 2835.913552 2829.724554 2825.596879 2977.685375 2963.209142 2948.359417 2931.701432 2925.814521 2919.840517 2919.537251 2907.009953 2897.415191 2881.042042 2864.890642 2847.761308 2834.286388 2827.209836 2819.637045 2819.266188 2832.663397 2840.845875 2829.793475 2820.210949 2809.360786 2805.099007 2802.920108 2806.535563 2818.503444 2840.907617 2861.422514 2871.529520 2866.476436 2866.325092 2868.536186 2869.866429 2878.287545 2892.540538 2912.126632 2935.932939 2955.996653 2967.897421 2977.116420 2988.223587 2816.578229 2827.300343 2841.325840 2858.731147
2848.424159 2842.442351 2832.639245 2823.074267 2815.839267 2981.896346 2973.357865 2972.711745 2963.549666 2954.530948 2931.806106 2878.730070 2855.734148 2834.331701 2815.756395 2806.827461 2796.480687 2781.739273 2771.398463 2764.894684 2762.532140 2746.465571 2725.025357 2706.399994 2699.936431 2694.785538 2679.632513 2677.845492 2678.873542 2690.132714 2683.829278 2681.358406 2682.532027 2681.287984 2684.830013 2699.719139 2711.135029 2720.760082 2729.790065 2734.786738 2746.695111 2759.743171 2770.824209 2790.297593 2804.956350 2823.840354 2847.555055 2875.814469 2893.464354 2905.733995 2918.665969 2935.316848 2953.479372 2972.644613 2996.133617
2819.824031 2981.456638 2965.503469 2949.001811 2933.770556 2919.583362 2902.112254 2900.345224 2894.192094 2880.871661 2827.267525 2782.019729 2742.514809 2721.643938 2695.522227 2679.761408 2662.481837 2626.627349 2608.731881 2604.711745 2614.547059 2607.787057 2591.773813 2578.056249 2567.862312 2558.285178 2541.374035 2525.632413 2530.651824 2546.522316 2545.602636 2547.551724 2554.784444 2554.942814 2550.983413 2553.210888 2568.181896 2576.945131 2590.042808 2607.831468 2615.003560 2630.724622 2664.364645 2680.691388 2699.131124 2721.703916 2746.327075 2775.283962 2801.126082 2818.539037 2836.910677 2858.934969 2878.562959 2901.448988 2926.287488
2938.397943 2908.406947 2885.811702 2865.736268 2843.548170 2815.717385 2791.921805 2785.822141 2775.366861 2745.688226 2688.752709 2647.611001 2619.309532 2594.404178 2567.903556 2542.909009 2505.807063 2470.300412 2447.537865 2457.973463 2466.477937 2472.962349 2459.818721 2447.324869 2436.432584 2418.975915 2401.841112 2386.603886 2396.247954 2404.678803 2419.785974 2425.832363 2430.380088 2436.014576 2435.997018 2429.211540 2429.820559 2440.192950 2452.434216 2466.187581 2487.164211 2523.844183 2551.494086 2572.470893 2596.464125 2619.691604 2645.292038 2671.686441 2697.955500 2718.736980 2741.170258 2766.801511 2791.803567 2815.036011 2841.789471
2849.443068 2819.256168 2789.899925 2763.056289 2726.413698 2679.069197 2660.224332 2647.356377 2625.124461 2578.451367 2533.824456 2503.629051 2483.765794 2457.283295 2432.603628 2402.000095 2367.488452 2342.635047 2320.974146 2328.768277 2336.721301 2352.523788 2341.747950 2332.438841 2327.353671 2311.389576 2297.192993 2280.985842 2287.400790 2298.588087 2319.827232 2325.500566 2329.993286 2339.348182 2339.615885 2337.166564 2324.425468 2333.627516 2346.201773 2362.601130 2394.287942 2419.478686 2444.863077 2469.174830 2492.119675 2518.689691 2545.486198 2572.695536 2603.085784 2626.877690 2649.881366 2674.708556 2698.292666 2718.227834 2740.235488
2723.126878 2695.872484 2672.087410 2644.553772 2601.238702 2553.835997 2510.739469 2484.458890 2434.279930 2396.697720 2368.463650 2359.187915 2342.412359 2319.166219 2296.964146 2274.629941 2249.766863 2228.350742 2202.589941 2206.354777 2219.977678 2235.014065 2232.977244 2231.536708 2228.750155 2218.139576 2204.109099 2190.134376 2193.582172 2209.898081 2227.578292 2237.007501 2244.859303 2253.261757 2254.061929 2246.622166 2238.466736 2244.973071 2261.456792 2279.628914 2300.247902 2323.292425 2346.705923 2369.582695 2394.718652 2420.314791 2446.658407 2475.293235 2507.024375 2532.148334 2559.852375 2588.448353 2610.337336 2624.590866 2638.656279
2603.569624 2580.582857 2554.012372 2523.517347 2478.084590 2434.690391 2390.638949 2343.571479 2307.625477 2275.128201 2262.130178 2243.580598 2226.779706 2209.207591 2187.104625 2168.363059 2151.047192 2128.543118 2114.818446 2120.509785 2132.996850 2141.490309 2146.182334 2143.172198 2140.055111 2133.299487 2119.099226 2112.567619 2121.866044 2137.069930 2151.282093 2162.622692 2169.891105 2175.940799 2173.772538 2165.851986 2162.904592 2172.155562 2188.792319 2203.960318 2220.943508 2243.315714 2265.851246 2289.496184 2314.272357 2338.828337 2366.035150 2394.118239 2422.950842 2452.763380 2479.116372 2503.874197 2517.784382 2532.032714 2538.643241
2461.727042 2446.102407 2418.063293 2387.357738 2354.692920 2317.519257 2288.681701 2254.607287 2222.218622 2190.916779 2163.581489 2147.959011 2138.919444 2123.976777 2105.035715 2092.059944 2075.191512 2061.688528 2064.778998 2065.877327 2074.350166 2072.971518 2073.263044 2070.171046 2068.980432 2065.670529 2057.685063 2067.608178 2074.391749 2088.206631 2098.587071 2108.415145 2114.706514 2118.933073 2120.209327 2115.926061 2121.741628 2129.049997 2143.916753 2156.224984 2171.271278 2192.544134 2210.797381 2231.350260 2255.464489 2280.342456 2306.444527 2334.359939 2364.530174 2391.794830 2413.047055 2423.717900 2436.783182 2443.450135 2438.184156
