tests/Borden05m/sims/sim_1/output-maps/psiliqL0001N0009.asc
ncols         160
nrows         34
xllcorner     620200.000000
yllcorner     5168000.000000
cellsize      0.500000
NODATA_value  -9999.0
[rows 0 to 24 of 34, columns 0 to 55 of 160]
-9999.0 -9999.0 -9999.0 -9999.0 -9999.0 -9999.0 -9999.0 -9999.0 -9999.0 -9999.0 -9999.0 -9999.0 -9999.0 -9999.0 -9999.0 -9999.0 -9999.0 -9999.0 -9999.0 -9999.0 -9999.0 -9999.0 -9999.0 -9999.0 -9999.0 -9999.0 -9999.0 -9999.0 -9999.0 -9999.0 -9999.0 -9999.0 -9999.0 -9999.0 -9999.0 -9999.0 -9999.0 -9999.0 -9999.0 -9999.0 -9999.0 -9999.0 -9999.0 -9999.0 -9999.0 -9999.0 -9999.0 -9999.0 -9999.0 -9999.0 -9999.0 -9999.0 -9999.0 -9999.0 -9999.0 -9999.0
-9999.0 -9999.0 -9999.0 -9999.0 -9999.0 -9999.0 -9999.0 -9999.0 -9999.0 -9999.0 -9999.0 -9999.0 -9999.0 -9999.0 -9999.0 -9999.0 -9999.0 -9999.0 -9999.0 -9999.0 -9999.0 -9999.0 -9999.0 -9999.0 -9999.0 -9999.0 -9999.0 -9999.0 -9999.0 -9999.0 -9999.0 -9999.0 -9999.0 -9999.0 -9999.0 -9999.0 -9999.0 -9999.0 -9999.0 -9999.0 -9999.0 -9999.0 -9999.0 -9999.0 -9999.0 -9999.0 -9999.0 -9999.0 -9999.0 -9999.0 -9999.0 -9999.0 -9999.0 -9999.0 -9999.0 -9999.0
-9999.0 -9999.0 -9999.0 -9999.0 -9999.0 -9999.0 -9999.0 -9999.0 -9999.0 -9999.0 -9999.0 -9999.0 -9999.0 -9999.0 -9999.0 -9999.0 -9999.0 -9999.0 -9999.0 -9999.0 -9999.0 -9999.0 -9999.0 -9999.0 -9999.0 -9999.0 -9999.0 -9999.0 -9999.0 -9999.0 -9999.0 -9999.0 -9999.0 -9999.0 -9999.0 -9999.0 -9999.0 -9999.0 -9999.0 -9999.0 -9999.0 -9999.0 -9999.0 -9999.0 -9999.0 -9999.0 -9999.0 -514.888571 -518.438324 -522.803367 -524.087405 -519.315722 -517.508829 -515.951299 -515.117221 -514.398732
-9999.0 -9999.0 -9999.0 -9999.0 -9999.0 -9999.0 -9999.0 -9999.0 -9999.0 -9999.0 -9999.0 -9999.0 -9999.0 -9999.0 -9999.0 -9999.0 -9999.0 -9999.0 -9999.0 -9999.0 -9999.0 -9999.0 -9999.0 -9999.0 -9999.0 -9999.0 -9999.0 -9999.0 -9999.0 -9999.0 -9999.0 -9999.0 -9999.0 -9999.0 -9999.0 -9999.0 -9999.0 -9999.0 -9999.0 -9999.0 -516.683877 -515.020853 -513.560668 -515.846678 -516.610412 -516.070487 -518.334803 -521.105234 -524.039010 -522.988211 -522.986342 -525.431545 -522.360198 -520.053258 -519.600434 -519.323656
-9999.0 -9999.0 -9999.0 -9999.0 -9999.0 -9999.0 -9999.0 -9999.0 -9999.0 -9999.0 -9999.0 -9999.0 -9999.0 -9999.0 -9999.0 -9999.0 -9999.0 -9999.0 -9999.0 -9999.0 -9999.0 -9999.0 -9999.0 -9999.0 -9999.0 -9999.0 -9999.0 -9999.0 -9999.0 -9999.0 -9999.0 -9999.0 -9999.0 -9999.0 -522.636487 -519.618652 -518.526246 -517.549004 -515.837444 -516.788796 -517.621240 -516.197431 -517.506676 -517.420261 -518.869509 -521.714271 -524.558456 -526.078900 -524.009605 -524.592733 -524.683822 -523.280584 -522.615480 -522.664917 -520.867260 -517.721924
-9999.0 -9999.0 -9999.0 -9999.0 -9999.0 -9999.0 -9999.0 -9999.0 -9999.0 -9999.0 -9999.0 -9999.0 -9999.0 -9999.0 -9999.0 -9999.0 -9999.0 -9999.0 -9999.0 -9999.0 -9999.0 -9999.0 -9999.0 -9999.0 -9999.0 -9999.0 -9999.0 -9999.0 -517.571503 -518.792355 -519.708279 -519.606697 -520.059193 -521.884716 -522.524917 -522.460033 -521.067475 -518.656502 -518.521265 -519.111380 -519.085044 -519.821244 -521.676713 -521.785349 -519.556756 -521.261600 -521.923388 -522.988183 -526.105636 -526.911027 -525.202189 -523.686927 -522.517452 -522.573535 -522.847039 -523.399197
-9999.0 -9999.0 -9999.0 -9999.0 -9999.0 -9999.0 -9999.0 -9999.0 -9999.0 -9999.0 -9999.0 -9999.0 -9999.0 -9999.0 -9999.0 -9999.0 -9999.0 -9999.0 -9999.0 -9999.0 -9999.0 -9999.0 -9999.0 -519.319532 -518.198079 -517.853148 -516.905456 -517.488788 -520.023459 -521.584350 -522.239172 -522.798807 -524.165595 -524.418090 -524.633431 -524.046560 -523.759215 -521.203967 -523.001603 -524.214210 -521.911112 -522.609833 -520.959950 -519.044760 -519.431485 -518.920950 -522.310381 -524.851449 -522.103187 -521.104119 -521.435480 -522.331605 -521.815238 -521.109171 -520.223286 -518.365604
-9999.0 -9999.0 -9999.0 -9999.0 -9999.0 -9999.0 -9999.0 -9999.0 -9999.0 -9999.0 -9999.0 -9999.0 -9999.0 -9999.0 -9999.0 -9999.0 -9999.0 -9999.0 -9999.0 -518.774430 -519.176556 -519.954735 -519.739323 -522.253737 -523.350749 -522.766754 -521.577859 -522.405233 -523.819333 -525.019015 -524.897516 -524.781453 -525.166449 -523.520399 -522.295479 -522.126289 -522.908485 -521.038341 -520.767097 -519.832475 -516.703415 -519.063794 -521.267011 -522.412021 -522.515242 -523.231917 -521.272455 -520.758548 -520.762293 -521.259474 -521.523278 -521.349613 -521.499695 -519.383115 -517.682633 -516.571093
-9999.0 -9999.0 -9999.0 -9999.0 -9999.0 -9999.0 -9999.0 -9999.0 -9999.0 -9999.0 -9999.0 -9999.0 -9999.0 -9999.0 -9999.0 -9999.0 -518.645660 -518.890854 -519.870001 -521.477249 -522.834436 -522.928854 -522.020458 -523.892340 -524.574958 -524.283787 -525.185279 -524.414847 -523.568544 -522.523483 -522.110643 -523.501804 -523.437820 -523.853546 -524.305084 -524.109198 -521.981225 -520.137512 -520.177815 -518.956054 -516.271420 -518.229542 -518.992907 -518.919589 -520.183702 -519.540858 -515.341178 -516.519833 -519.024414 -514.775655 -512.801450 -514.230177 -515.255077 -513.021583 -509.580743 -505.151161
-9999.0 -9999.0 -9999.0 -9999.0 -9999.0 -9999.0 -9999.0 -9999.0 -9999.0 -9999.0 -9999.0 -9999.0 -9999.0 -518.516441 -518.761580 -518.613602 -521.094151 -522.982132 -524.163069 -525.798022 -523.981667 -525.472392 -526.019716 -525.804077 -524.208099 -524.317864 -524.288062 -523.389003 -523.947723 -524.656835 -525.360545 -526.652117 -525.503170 -524.417979 -523.849464 -522.304383 -521.372975 -520.898172 -519.355802 -519.624816 -518.677335 -519.587821 -521.496590 -521.981722 -520.820975 -517.165436 -514.764905 -514.509850 -509.530737 -504.379906 -502.407768 -499.499036 -498.566836 -497.295953 -492.979281 -477.354181
-9999.0 -9999.0 -9999.0 -9999.0 -9999.0 -9999.0 -9999.0 -9999.0 -9999.0 -9999.0 -521.871557 -520.668995 -522.466151 -525.846986 -527.360002 -526.720107 -526.065172 -527.420337 -527.517142 -524.258443 -522.562040 -525.941141 -523.905225 -524.043810 -525.582554 -525.432755 -524.770308 -524.906008 -523.126223 -523.384077 -523.738042 -520.754419 -520.355788 -519.927904 -519.211231 -518.524473 -518.240758 -514.269755 -511.092651 -512.314954 -507.300295 -504.192566 -507.484208 -508.644436 -508.052068 -504.558747 -498.897412 -490.472346 -481.129848 -466.397344 -453.562319 -444.835730 -437.882886 -427.793179 -406.702135 -343.330487
-9999.0 -9999.0 -9999.0 -9999.0 -9999.0 -9999.0 -9999.0 -9999.0 -526.589918 -524.719278 -523.553501 -525.058174 -527.079370 -530.764629 -529.477438 -528.258783 -527.499964 -526.304217 -525.851466 -525.555179 -526.651707 -525.744458 -523.849205 -524.703631 -524.719839 -523.584741 -523.884631 -523.038267 -521.604323 -523.114614 -522.721023 -521.672628 -520.844743 -520.175596 -519.266837 -519.209690 -515.300258 -509.995840 -504.129129 -499.343487 -492.242612 -482.696494 -483.152261 -480.452932 -477.390416 -463.259675 -444.311753 -411.140234 -344.309200 -326.592080 -315.931804 -310.486756 -306.401474 -299.725512 -288.179809 -273.734984
-9999.0 -9999.0 -9999.0 -9999.0 -9999.0 -9999.0 -529.286441 -525.192294 -523.246385 -528.024693 -531.657682 -532.868802 -535.035362 -530.411159 -526.377373 -525.755636 -525.332863 -524.815086 -525.488549 -528.538070 -522.651004 -524.774882 -526.427274 -524.926761 -525.454984 -525.676978 -524.938251 -522.841618 -522.472814 -518.136330 -515.484219 -513.431305 -510.136277 -508.386128 -506.367201 -504.118310 -496.864501 -485.382067 -467.701399 -450.049294 -428.274811 -386.418891 -355.120544 -336.609666 -330.016283 -324.612809 -314.241618 -298.658813 -273.703312 -254.016256 -240.210235 -234.361992 -227.565534 -217.773649 -203.147965 -190.709019
-9999.0 -9999.0 -9999.0 -9999.0 -526.676923 -525.886053 -526.858319 -523.383637 -521.002754 -526.844117 -524.832201 -525.878993 -527.802925 -530.181307 -533.032812 -531.229853 -530.288415 -529.754720 -530.431140 -524.784809 -520.214060 -524.249982 -522.316478 -517.994980 -519.746575 -519.747132 -520.117911 -518.731159 -515.850510 -512.271454 -502.329278 -493.627012 -488.175814 -479.884381 -470.107656 -457.905289 -437.449172 -382.591553 -333.101824 -317.669338 -303.902196 -287.617183 -274.523899 -267.114940 -259.959406 -252.563905 -241.924570 -222.861006 -197.647647 -173.203566 -151.651017 -139.665178 -130.162696 -116.761616 -81.864721 -69.060398
-9999.0 -9999.0 -9999.0 -528.976646 -525.013218 -523.742264 -526.026882 -525.583359 -522.711620 -525.986648 -526.701769 -527.343909 -527.772641 -527.856407 -528.269811 -527.349882 -527.366110 -528.490844 -528.047050 -525.103299 -524.421115 -522.511040 -521.388865 -519.136194 -517.094448 -516.715707 -515.836884 -512.748579 -504.004909 -494.290775 -473.027296 -443.723556 -404.842100 -348.249714 -330.862981 -321.383462 -312.294764 -292.237326 -270.613128 -252.261340 -231.859799 -211.663136 -191.030033 -183.344289 -177.860214 -170.138383 -155.583120 -132.898657 -90.932102 -85.927079 -42.088692 -43.273315 -13.947781 -8.525925 6.340628 17.489970
-9999.0 -9999.0 -527.981482 -525.786733 -527.664556 -525.038670 -522.173114 -524.968585 -521.486641 -520.591258 -524.836157 -522.876856 -522.042019 -524.797410 -523.586429 -522.197493 -521.601876 -524.782901 -527.358548 -524.115533 -516.543978 -511.046213 -509.194874 -493.612613 -484.212692 -477.737501 -474.851679 -464.908718 -449.049708 -400.115372 -334.886673 -313.053430 -291.540233 -267.469006 -257.187038 -246.840823 -229.555810 -215.204725 -191.841487 -167.940285 -144.837755 -117.392567 -69.778365 -62.273730 -77.850391 -47.065903 -46.579986 -10.672321 7.777696 23.797996 40.223385 39.625842 40.555751 39.626788 40.589381 39.722796
-9999.0 -9999.0 -530.617464 -526.874918 -529.895177 -524.196789 -519.124447 -525.373371 -524.356056 -519.196411 -521.341144 -521.285257 -522.760460 -523.145307 -521.370007 -516.962523 -519.884168 -521.015078 -527.104202 -515.244244 -505.674087 -488.704927 -451.804448 -406.377674 -344.414542 -333.303885 -330.445726 -325.130824 -316.646499 -292.904091 -255.915467 -222.467932 -188.213173 -162.432769 -148.652989 -132.407979 -89.735240 -75.444172 -62.828276 -34.167374 -37.240654 -0.619303 19.396303 34.951558 39.729702 40.607528 39.561261 40.529804 39.865455 40.538974 39.163546 36.883244 35.226816 36.435833 36.594808 32.727456
-9999.0 -531.218943 -529.429392 -529.538519 -525.927695 -527.790849 -523.919670 -518.220437 -519.691736 -518.324996 -519.243100 -524.201063 -512.705153 -503.014690 -500.890044 -492.454813 -497.132212 -500.091295 -506.954141 -494.956593 -471.565248 -389.176766 -309.920909 -273.622879 -247.622838 -242.272755 -244.208780 -233.856685 -213.648849 -178.876141 -100.605130 -68.134087 -33.594205 -7.422147 -0.040658 1.631412 13.394459 27.613390 42.740023 45.407445 44.742253 44.762127 40.898781 39.810944 40.901027 39.770891 37.726176 31.326850 24.402520 19.269209 15.438799 11.387969 13.436597 16.588112 17.774495 11.605884
-9999.0 -537.101490 -529.551635 -525.279852 -527.497627 -531.380608 -521.733746 -507.268034 -515.094610 -518.387562 -520.537924 -512.363585 -484.300921 -456.018587 -436.167020 -400.975293 -407.813211 -425.084244 -424.550686 -365.178217 -323.641392 -283.413621 -191.927409 -83.298417 -82.856829 -74.987517 -68.022440 -48.811427 -24.828023 -4.400383 11.805633 32.362415 34.205908 34.590673 34.235214 34.595472 34.345261 34.287759 31.178034 27.256762 22.857013 22.827904 26.060627 26.105398 23.469176 20.899541 15.943544 8.596057 4.650714 -17.095559 -22.045650 -8.383721 -9.729286 -26.565019 -30.274439 -17.672293
-9999.0 -530.806618 -522.156376 -524.721656 -532.471416 -522.911220 -520.352883 -511.845100 -506.433195 -511.550254 -500.689066 -456.670800 -353.190890 -317.498652 -298.885046 -282.411691 -269.148879 -272.823477 -257.568827 -211.685853 -126.004504 -70.712632 -31.248019 15.956614 21.467883 21.593520 21.497244 21.536541 21.524911 21.543180 21.598719 19.621846 23.974439 25.742113 24.692413 21.775477 17.411681 9.901361 5.723373 -14.300472 -23.416576 -23.447241 -15.074295 4.557801 -15.960549 -25.148444 -28.387346 -15.295944 -40.921938 -55.111319 -60.416964 -62.632040 -64.876816 -71.037723 -75.647213 -79.308461
-9999.0 -540.846958 -528.524434 -539.300874 -525.207306 -513.922184 -518.027881 -503.062371 -485.793027 -482.397551 -413.953968 -326.908181 -276.662453 -240.897896 -204.013017 -143.921715 -53.446504 -32.282726 -8.833402 -8.008685 17.692543 29.753409 29.863398 29.767580 21.655718 21.563612 14.437797 -3.983604 -14.317602 -21.008579 -19.479188 -34.708981 -6.982769 -22.813292 -3.327287 -24.088695 -4.439676 -8.670660 -15.227519 -47.905245 -59.929325 -65.123084 -63.523985 -51.080403 -62.710701 -68.255075 -73.865700 -79.885893 -90.991815 -100.848467 -108.910817 -115.274442 -118.075251 -123.589023 -124.378416 -129.794452
-9999.0 -548.122557 -539.529272 -533.232258 -520.975933 -513.053410 -506.062926 -489.610269 -447.835331 -382.512844 -316.998050 -288.367611 -248.490892 -195.001985 -122.924786 -5.834516 10.203700 10.400987 10.349134 1.900299 -42.554709 -51.008840 -38.945099 -19.634249 -12.389736 -10.164116 -19.978348 -64.130738 -75.914864 -78.065744 -79.474258 -81.353612 -79.445424 -82.145642 -83.369239 -83.798414 -77.614615 -82.126603 -89.734702 -99.871422 -107.036612 -113.767826 -117.502656 -118.517082 -121.474619 -122.510098 -129.570366 -139.263461 -149.674138 -157.710105 -165.171501 -170.657792 -171.969046 -175.134007 -179.077665 -186.377103
-9999.0 -564.506106 -536.273619 -533.152920 -525.965561 -524.583735 -524.021707 -511.774365 -492.330904 -393.469119 -278.483234 -261.296888 -247.108285 -217.196583 -154.866207 -80.229910 -7.981134 -40.509168 -69.519877 -141.091590 -155.180712 -151.966812 -138.585086 -118.438026 -103.473775 -96.289293 -98.992432 -113.115216 -128.084204 -135.530155 -139.164611 -146.094541 -150.871857 -151.122149 -153.103447 -148.957506 -144.932793 -152.351276 -162.265886 -174.130545 -183.905330 -190.551141 -192.322140 -191.330269 -191.925189 -194.640667 -201.247176 -210.128944 -220.754372 -229.578557 -235.955881 -239.846062 -243.269466 -247.768305 -252.577906 -257.410363
-9999.0 -9999.0 -549.156332 -532.841690 -531.187521 -529.326956 -528.091806 -517.939764 -508.469143 -465.231105 -387.532125 -326.494181 -308.218002 -286.244397 -241.577625 -199.479632 -184.893039 -179.306387 -207.869679 -219.785211 -223.415359 -221.554036 -211.784713 -199.453296 -187.840300 -180.950116 -177.671215 -180.297454 -188.860262 -201.576280 -215.838394 -225.965200 -231.744166 -235.695454 -230.808944 -223.105418 -223.492497 -226.997817 -233.252990 -241.607119 -248.079942 -254.766853 -255.896347 -254.733063 -254.787939 -257.203881 -262.102584 -273.320081 -284.977579 -294.700240 -299.054380 -302.555585 -305.362209 -310.092919 -314.430913 -318.943776
-9999.0 -9999.0 -567.247995 -541.220919 -530.295631 -522.855720 -524.765594 -524.359626 -508.703363 -502.942567 -491.574572 -468.905925 -444.213742 -404.499318 -339.458895 -318.314565 -311.486266 -308.874542 -310.483829 -308.671050 -301.517079 -290.358426 -277.331305 -266.625387 -258.662888 -252.807909 -247.119092 -253.225146 -259.518838 -270.445738 -287.363565 -302.339430 -308.450094 -311.331619 -309.445258 -305.811875 -307.722866 -311.334258 -316.017794 -321.178044 -324.625262 -328.171122 -328.975766 -329.333007 -329.754005 -332.168449 -339.063015 -362.995760 -395.355413 -412.251609 -421.803860 -428.766385 -432.263554 -439.283923 -447.134032 -452.551197
