tests/Borden05m/sims/sim_1/output-maps/psiliqL0027N0014.asc
ncols         160
nrows         34
xllcorner     620200.000000
yllcorner     5168000.000000
cellsize      0.500000
NODATA_value  -9999.0
[rows 0 to 24 of 34, columns 0 to 54 of 160]
-9999.0 -9999.0 -9999.0 -9999.0 -9999.0 -9999.0 -9999.0 -9999.0 -9999.0 -9999.0 -9999.0 -9999.0 -9999.0 -9999.0 -9999.0 -9999.0 -9999.0 -9999.0 -9999.0 -9999.0 -9999.0 -9999.0 -9999.0 -9999.0 -9999.0 -9999.0 -9999.0 -9999.0 -9999.0 -9999.0 -9999.0 -9999.0 -9999.0 -9999.0 -9999.0 -9999.0 -9999.0 -9999.0 -9999.0 -9999.0 -9999.0 -9999.0 -9999.0 -9999.0 -9999.0 -9999.0 -9999.0 -9999.0 -9999.0 -9999.0 -9999.0 -9999.0 -9999.0 -9999.0 -9999.0
-9999.0 -9999.0 -9999.0 -9999.0 -9999.0 -9999.0 -9999.0 -9999.0 -9999.0 -9999.0 -9999.0 -9999.0 -9999.0 -9999.0 -9999.0 -9999.0 -9999.0 -9999.0 -9999.0 -9999.0 -9999.0 -9999.0 -9999.0 -9999.0 -9999.0 -9999.0 -9999.0 -9999.0 -9999.0 -9999.0 -9999.0 -9999.0 -9999.0 -9999.0 -9999.0 -9999.0 -9999.0 -9999.0 -9999.0 -9999.0 -9999.0 -9999.0 -9999.0 -9999.0 -9999.0 -9999.0 -9999.0 -9999.0 -9999.0 -9999.0 -9999.0 -9999.0 -9999.0 -9999.0 -9999.0
-9999.0 -9999.0 -9999.0 -9999.0 -9999.0 -9999.0 -9999.0 -9999.0 -9999.0 -9999.0 -9999.0 -9999.0 -9999.0 -9999.0 -9999.0 -9999.0 -9999.0 -9999.0 -9999.0 -9999.0 -9999.0 -9999.0 -9999.0 -9999.0 -9999.0 -9999.0 -9999.0 -9999.0 -9999.0 -9999.0 -9999.0 -9999.0 -9999.0 -9999.0 -9999.0 -9999.0 -9999.0 -9999.0 -9999.0 -9999.0 -9999.0 -9999.0 -9999.0 -9999.0 -9999.0 -9999.0 -9999.0 3472.895087 3455.699547 3442.437779 3437.346753 3458.047016 3480.886178 3504.502592 3524.825411
-9999.0 -9999.0 -9999.0 -9999.0 -9999.0 -9999.0 -9999.0 -9999.0 -9999.0 -9999.0 -9999.0 -9999.0 -9999.0 -9999.0 -9999.0 -9999.0 -9999.0 -9999.0 -9999.0 -9999.0 -9999.0 -9999.0 -9999.0 -9999.0 -9999.0 -9999.0 -9999.0 -9999.0 -9999.0 -9999.0 -9999.0 -9999.0 -9999.0 -9999.0 -9999.0 -9999.0 -9999.0 -9999.0 -9999.0 -9999.0 3524.143798 3529.974499 3529.447785 3519.512643 3508.012149 3493.993669 3473.190516 3456.027155 3443.050164 3441.057001 3443.277817 3445.447240 3465.641341 3490.897114 3510.611396
-9999.0 -9999.0 -9999.0 -9999.0 -9999.0 -9999.0 -9999.0 -9999.0 -9999.0 -9999.0 -9999.0 -9999.0 -9999.0 -9999.0 -9999.0 -9999.0 -9999.0 -9999.0 -9999.0 -9999.0 -9999.0 -9999.0 -9999.0 -9999.0 -9999.0 -9999.0 -9999.0 -9999.0 -9999.0 -9999.0 -9999.0 -9999.0 -9999.0 -9999.0 3432.239059 3448.972233 3466.690792 3485.078106 3501.901418 3508.852631 3514.585157 3519.739538 3514.846162 3510.236205 3498.260082 3476.771503 3457.290343 3444.465671 3443.449599 3440.810197 3444.000516 3455.069868 3471.353699 3485.897273 3506.060636
-9999.0 -9999.0 -9999.0 -9999.0 -9999.0 -9999.0 -9999.0 -9999.0 -9999.0 -9999.0 -9999.0 -9999.0 -9999.0 -9999.0 -9999.0 -9999.0 -9999.0 -9999.0 -9999.0 -9999.0 -9999.0 -9999.0 -9999.0 -9999.0 -9999.0 -9999.0 -9999.0 -9999.0 3438.768799 3432.687924 3427.706786 3425.892040 3424.183430 3423.028340 3429.478941 3440.251815 3456.911280 3478.789857 3491.874294 3498.916545 3505.615562 3505.661505 3499.371621 3497.378821 3497.561215 3484.463106 3471.769949 3459.865785 3448.187473 3444.504324 3452.933662 3466.803909 3482.621649 3496.754113 3511.573663
-9999.0 -9999.0 -9999.0 -9999.0 -9999.0 -9999.0 -9999.0 -9999.0 -9999.0 -9999.0 -9999.0 -9999.0 -9999.0 -9999.0 -9999.0 -9999.0 -9999.0 -9999.0 -9999.0 -9999.0 -9999.0 -9999.0 -9999.0 3409.366757 3414.036717 3420.354246 3427.820872 3428.564424 3425.163981 3419.587210 3416.684816 3414.973149 3412.306234 3416.518135 3423.036733 3435.521240 3450.300530 3472.237470 3480.030854 3483.679827 3494.510217 3497.909340 3505.542682 3508.965170 3506.581225 3501.880878 3486.217254 3473.887566 3475.202724 3478.467864 3484.787018 3492.623036 3505.573899 3518.552489 3533.041162
-9999.0 -9999.0 -9999.0 -9999.0 -9999.0 -9999.0 -9999.0 -9999.0 -9999.0 -9999.0 -9999.0 -9999.0 -9999.0 -9999.0 -9999.0 -9999.0 -9999.0 -9999.0 -9999.0 3385.195272 3386.155952 3387.540693 3392.239949 3392.397933 3393.891375 3400.345728 3408.016296 3410.649063 3408.035707 3406.737284 3407.611391 3409.703257 3413.730028 3423.508310 3436.212456 3449.424530 3461.389827 3481.286750 3494.880812 3506.278232 3520.690044 3520.592928 3516.383857 3514.077438 3513.253646 3510.743395 3507.845059 3505.806609 3511.255733 3510.799616 3513.276676 3521.658306 3532.957663 3548.509601 3565.014184
-9999.0 -9999.0 -9999.0 -9999.0 -9999.0 -9999.0 -9999.0 -9999.0 -9999.0 -9999.0 -9999.0 -9999.0 -9999.0 -9999.0 -9999.0 -9999.0 3356.340152 3357.966537 3360.184474 3365.541261 3369.130970 3372.813946 3379.497668 3380.660157 3383.594959 3390.149050 3393.979438 3402.718626 3410.480869 3416.792761 3421.795974 3423.281016 3428.692010 3436.774477 3447.009554 3459.566380 3478.304039 3500.756520 3515.264412 3530.838003 3547.020588 3546.591259 3543.856530 3543.081426 3540.494476 3540.462012 3553.567620 3555.584803 3548.841979 3556.976308 3567.612209 3569.338903 3575.322360 3594.251926 3615.449167
-9999.0 -9999.0 -9999.0 -9999.0 -9999.0 -9999.0 -9999.0 -9999.0 -9999.0 -9999.0 -9999.0 -9999.0 -9999.0 3306.861458 3310.623856 3320.683538 3332.190150 3335.033580 3339.764476 3346.211971 3357.927072 3361.090293 3366.495925 3373.001479 3384.976888 3392.792411 3400.620095 3411.328699 3418.204315 3423.959512 3429.057239 3430.435896 3440.435994 3452.963978 3465.822270 3483.453186 3504.006159 3520.936755 3537.619052 3552.815431 3563.125797 3559.029530 3557.203509 3558.281989 3561.679365 3573.227598 3588.502028 3587.246800 3595.208603 3614.502448 3623.537120 3629.623512 3634.704522 3647.814874 3668.632410
-9999.0 -9999.0 -9999.0 -9999.0 -9999.0 -9999.0 -9999.0 -9999.0 -9999.0 -9999.0 3281.053196 3282.219835 3278.133586 3274.810413 3280.318451 3292.310559 3306.555895 3311.531420 3323.095848 3343.975843 3362.161114 3364.449021 3376.902934 3386.167551 3391.809285 3400.289207 3411.700959 3422.180112 3435.847147 3445.787223 3452.678258 3467.054744 3481.039161 3495.416472 3510.869846 3529.629413 3543.943595 3565.821242 3589.138696 3596.222718 3611.553929 3612.756056 3607.607654 3604.686744 3612.949607 3622.682330 3635.922192 3649.984018 3667.200142 3687.886123 3696.832949 3708.817516 3717.027886 3726.582321 3741.270051
-9999.0 -9999.0 -9999.0 -9999.0 -9999.0 -9999.0 -9999.0 -9999.0 3256.761290 3264.693962 3269.610168 3265.844300 3260.833328 3254.216940 3268.406322 3283.155856 3298.271559 3315.950215 3330.670111 3348.083676 3360.882935 3374.378268 3393.273903 3402.587234 3411.606236 3425.006565 3436.310121 3449.246667 3467.891977 3473.724000 3482.749027 3500.302940 3514.105388 3529.196830 3545.649201 3560.420455 3578.838720 3607.388252 3634.777991 3649.414932 3674.139752 3689.945071 3683.240761 3680.550914 3680.940836 3702.877651 3727.909839 3755.892657 3773.574942 3795.954190 3823.355144 3841.819946 3850.692681 3861.440105 3874.941556
-9999.0 -9999.0 -9999.0 -9999.0 -9999.0 -9999.0 3228.546462 3252.635772 3267.399667 3258.201170 3243.077805 3237.143034 3230.094671 3260.841237 3282.469328 3298.942951 3314.660412 3331.145285 3346.229793 3353.141257 3381.142314 3399.321649 3409.578897 3421.064494 3433.978100 3446.825828 3461.375160 3480.951307 3496.646427 3516.594419 3530.661737 3545.224015 3567.236165 3583.029645 3598.512398 3610.681588 3636.867367 3670.270881 3703.693826 3727.012196 3750.523579 3781.260340 3780.240637 3781.515009 3782.571282 3805.872399 3839.146281 3868.330272 3899.552707 3929.586725 3957.545134 3967.780306 3976.525215 3986.208648 3998.538460
-9999.0 -9999.0 -9999.0 -9999.0 3196.888565 3217.380011 3235.415276 3264.851960 3286.131204 3280.460613 3283.896773 3280.924662 3275.437425 3279.625058 3286.869079 3302.928517 3320.907884 3339.234490 3352.022373 3377.298240 3422.869909 3432.265823 3447.549607 3475.357532 3484.764616 3497.230621 3511.310122 3530.258886 3547.069419 3572.706822 3605.272628 3632.859087 3652.941039 3671.012887 3689.052026 3704.911109 3739.062723 3775.131344 3809.960418 3840.729862 3867.006513 3892.529653 3898.741566 3903.354774 3913.065566 3929.845843 3952.235522 3979.490919 4012.830946 4044.667751 4067.718378 4076.590274 4081.672349 4091.087017 4098.501246
-9999.0 -9999.0 -9999.0 3142.804267 3181.466600 3220.785936 3245.705584 3275.151379 3306.697962 3305.438474 3313.172874 3311.748174 3309.338932 3313.476769 3315.228577 3330.402445 3347.289209 3365.945758 3385.889062 3417.929600 3445.492839 3461.429723 3487.661764 3502.048502 3513.507089 3525.016222 3542.288946 3561.025156 3596.054153 3624.558519 3669.399517 3718.964868 3750.245606 3768.978857 3790.813179 3817.771681 3842.453686 3880.738922 3914.328194 3946.033351 3975.936969 3997.819962 4011.852277 4016.336660 4025.809382 4031.452980 4043.868789 4064.660671 4086.810004 4117.295370 4146.370028 4175.088802 4190.247879 4201.241938 4218.268180
-9999.0 -9999.0 3094.407438 3133.881349 3164.674546 3210.416121 3262.777830 3297.149839 3335.562278 3353.207468 3355.200166 3364.384001 3373.492271 3373.083651 3380.392270 3391.670702 3412.741290 3420.661774 3440.039302 3454.029794 3489.582077 3521.931149 3516.035618 3552.844382 3581.852692 3613.674191 3634.260021 3660.119939 3697.181107 3730.245569 3773.914448 3823.227799 3857.039177 3884.537286 3900.157574 3920.124314 3940.200761 3966.286402 4002.723088 4028.197465 4061.575924 4086.814871 4106.261193 4106.948389 4109.596213 4125.628240 4153.801072 4184.502876 4213.294658 4242.170372 4226.575873 4250.040140 4260.528543 4266.380283 4275.581289
-9999.0 -9999.0 3063.787995 3110.260888 3143.989011 3200.587615 3286.824768 3320.042108 3358.911151 3403.342953 3415.815387 3435.983149 3427.892679 3414.793822 3431.157954 3444.058824 3463.977669 3470.725818 3463.858690 3514.933400 3566.315441 3588.964408 3593.259212 3669.504589 3721.300349 3745.301765 3761.730248 3781.633675 3800.976093 3838.877145 3877.568541 3931.652892 3972.617840 4002.238944 4016.616725 4036.496221 4055.870553 4070.817604 4090.247152 4136.873723 4172.313338 4203.032503 4234.864062 4256.144598 4264.279566 4269.320601 4243.548333 4263.166289 4276.470360 4282.208323 4284.498657 4280.700626 4280.139744 4280.969998 4281.894475
-9999.0 2971.448099 3022.469190 3072.412881 3135.972420 3196.004600 3269.458342 3343.151212 3408.937854 3460.346931 3484.429961 3475.644030 3472.827430 3496.214410 3514.380774 3529.549365 3534.470943 3544.267017 3524.514081 3577.329197 3612.939228 3660.622667 3758.903160 3816.796424 3880.139063 3875.876516 3864.003308 3868.654436 3884.297995 3930.547546 4009.459940 4065.635738 4131.455865 4180.429453 4197.509477 4204.995453 4223.684497 4244.450548 4191.840151 4235.548762 4255.701913 4272.518143 4282.052131 4284.369938 4285.664451 4285.423393 4281.716443 4274.664431 4266.462937 4260.598042 4256.351700 4251.848702 4254.287421 4257.618856 4257.771294
-9999.0 2932.705093 2988.388702 3056.076493 3122.704221 3167.447051 3247.337516 3414.073614 3476.147255 3513.158158 3516.777550 3489.023685 3544.829583 3603.496222 3626.766808 3671.382444 3655.045693 3639.519506 3601.145184 3625.668983 3663.468508 3733.791141 3905.371143 3993.876775 4046.659495 4054.555965 4055.173462 4083.488385 4127.842359 4175.579159 4221.786052 4189.417440 4239.717670 4264.515010 4269.696845 4270.422190 4275.985995 4274.490902 4273.094200 4268.621120 4263.441069 4263.610525 4268.263371 4268.112272 4265.134116 4261.724729 4256.005128 4248.584082 4243.400078 4238.767394 4236.113954 4233.284125 4231.294910 4230.499502 4225.591952
-9999.0 2891.369439 2966.124597 3022.091869 3065.830824 3154.038806 3283.324914 3427.058258 3522.721717 3555.614072 3529.340111 3561.559332 3663.823492 3770.093478 3822.083518 3842.705784 3822.239079 3772.333250 3750.946894 3794.272806 3864.861832 3985.862873 4126.955397 4227.427586 4242.918730 4246.374539 4197.367960 4223.736763 4248.177298 4251.077584 4252.225182 4260.450390 4265.548913 4268.529115 4266.947480 4264.050801 4259.219272 4250.997093 4246.200469 4242.486476 4238.691690 4237.479719 4239.437899 4241.319091 4238.474165 4234.565379 4230.083397 4224.506624 4218.175303 4211.389014 4207.031430 4202.742083 4200.591115 4194.972748 4191.482849
-9999.0 2771.020265 2862.525874 2900.710290 2970.230920 3157.719556 3286.001123 3424.411141 3590.095795 3608.469292 3651.074013 3791.205805 3911.047081 3991.708645 4019.845716 4052.769573 4077.135707 4092.745118 4129.692689 4005.961138 4087.889220 4187.882053 4233.860859 4253.798936 4264.252242 4264.633431 4254.659310 4233.750525 4222.987597 4216.228285 4217.839371 4225.134706 4229.764344 4234.513404 4232.196885 4233.300298 4234.479913 4231.275776 4227.229133 4218.454695 4210.574647 4203.796497 4200.419090 4205.075024 4200.428656 4198.110550 4191.876128 4183.372850 4174.367085 4166.979088 4158.956402 4152.366465 4150.140471 4145.130830 4143.922806
-9999.0 2690.087662 2762.102511 2811.995898 2918.381656 3079.278120 3169.834567 3325.694572 3568.466298 3705.658811 3872.032736 3964.229206 4034.544853 4075.501763 4125.259848 4177.785783 4205.071399 4217.104940 4185.218693 4208.354153 4165.042871 4153.895619 4171.592728 4201.058189 4218.542294 4222.674669 4214.869428 4205.798916 4198.524479 4197.400915 4195.166039 4190.906992 4186.602078 4182.903391 4179.763662 4182.814283 4188.190939 4180.986668 4170.565442 4160.994852 4152.372038 4143.060788 4137.059358 4132.294243 4132.767706 4133.054124 4125.374044 4114.826801 4103.901060 4095.558669 4088.352455 4083.890810 4081.163105 4076.141740 4066.308577
-9999.0 2567.299864 2701.431245 2775.419193 2858.858102 2983.349458 3083.312991 3232.011547 3358.865080 3604.886919 3744.465606 3943.295192 3993.874417 4064.762564 4111.668968 4185.610345 4180.716147 4149.388194 4105.671642 4089.602653 4101.334435 4110.482733 4118.598014 4132.917214 4150.711291 4160.942998 4166.182779 4160.267007 4146.018443 4133.349849 4121.945110 4107.997619 4098.432200 4095.852867 4100.118964 4110.326692 4110.725130 4101.386665 4087.153948 4068.730777 4052.978391 4041.059256 4039.100587 4041.963280 4043.118901 4038.987593 4033.213263 4022.382880 4009.723518 3997.198896 3991.584513 3987.274459 3979.767267 3968.385187 3956.382547
-9999.0 -9999.0 2614.184854 2721.942235 2805.737648 2913.108401 2995.192199 3108.363840 3245.453942 3414.745104 3530.645653 3714.573607 3811.568105 3855.792225 3888.951836 3945.126658 3971.171559 4003.572323 3998.874177 4011.340108 4021.653896 4027.127122 4032.284012 4037.792140 4048.225390 4058.116084 4068.579510 4065.758583 4056.964427 4036.210479 4010.134744 3989.827119 3979.204540 3969.780096 3982.093220 3994.726894 3989.026860 3982.079619 3969.358796 3953.072383 3940.502161 3926.191601 3922.742174 3922.624087 3923.249595 3920.969548 3918.567976 3906.122190 3893.864560 3884.076117 3880.129151 3874.517203 3871.036349 3861.263003 3850.691881
-9999.0 -9999.0 2525.109279 2628.180555 2728.084367 2835.636840 2915.690045 2920.807201 3050.453555 3150.608426 3257.555450 3369.393742 3467.140031 3536.178974 3568.268776 3630.748317 3688.222345 3706.985006 3748.835707 3804.690162 3839.730992 3880.101729 3903.597852 3912.958671 3925.468475 3940.071535 3947.497367 3932.035885 3920.735334 3903.597024 3879.992311 3853.039842 3839.398195 3839.143116 3837.960676 3839.245751 3831.483783 3822.560568 3808.069947 3794.237392 3782.080515 3773.325728 3769.772091 3764.042255 3761.678989 3758.962735 3757.360851 3752.343074 3744.285121 3739.912769 3731.721487 3728.150661 3727.506326 3724.699117 3719.198622
