tests/Borden05m/sims/sim_1/output-maps/psiliqL0015N0006.asc
ncols         160
nrows         34
xllcorner     620200.000000
yllcorner     5168000.000000
cellsize      0.500000
NODATA_value  -9999.0
[rows 0 to 24 of 34, columns 56 to 111 of 160]
-9999.0 -9999.0 -9999.0 -9999.0 -9999.0 -9999.0 -9999.0 -9999.0 -9999.0 -9999.0 -9999.0 -9999.0 -9999.0 -9999.0 -9999.0 -9999.0 -9999.0 -9999.0 -9999.0 -9999.0 -9999.0 -9999.0 -9999.0 -9999.0 -9999.0 -9999.0 -9999.0 -9999.0 -9999.0 -9999.0 -9999.0 -9999.0 -9999.0 -9999.0 -9999.0 -9999.0 -9999.0 -9999.0 -9999.0 -9999.0 -9999.0 -9999.0 -9999.0 -9999.0 -9999.0 -9999.0 -9999.0 -9999.0 -9999.0 -9999.0 -9999.0 -9999.0 -9999.0 -9999.0 -9999.0 -9999.0
-9999.0 -9999.0 -9999.0 1228.335890 1222.968851 1217.994005 1213.404469 1204.839837 1195.930723 1187.964126 1184.320769 1183.735752 1183.303750 1183.231468 1188.755105 1197.080229 1205.005312 1212.381603 1215.028511 1217.670531 1220.055926 1220.707387 1219.698273 1216.679109 1213.592509 1210.406036 1209.065232 1201.295305 1190.147100 1181.589451 1178.985295 1183.465365 1187.965819 1190.456226 1196.142080 1206.699010 1217.291001 1225.601756 1237.313248 1242.997110 1247.805187 1250.351055 1245.897308 1242.028024 1237.856628 1232.320621 1221.118649 -9999.0 -9999.0 -9999.0 -9999.0 -9999.0 -9999.0 -9999.0 -9999.0 -9999.0
1192.386396 1212.774246 1216.136755 1204.706560 1199.865597 1196.810510 1195.086412 1190.615216 1182.316716 1177.438377 1172.404976 1170.812186 1171.249704 1171.665575 1176.064664 1186.639647 1194.881234 1199.881737 1202.654991 1205.518919 1205.246799 1204.896365 1204.807387 1202.144866 1198.936654 1195.774713 1194.191101 1194.987336 1187.600899 1182.225265 1178.890083 1177.143216 1179.753685 1182.189905 1185.699672 1195.008651 1202.938902 1210.832513 1224.982439 1237.187699 1242.130882 1239.219375 1233.866279 1229.634318 1222.417143 1211.902872 1201.399544 1191.974641 1184.824253 1178.868005 1172.521437 1178.010781 1184.224783 1193.453541 1202.489397 1214.042635
1177.806695 1198.287527 1201.344592 1190.879012 1182.928800 1177.915739 1178.485920 1181.546400 1178.465079 1174.228190 1169.256846 1178.424860 1180.097769 1181.582966 1185.231956 1188.479235 1192.210194 1195.186156 1200.795201 1210.019788 1212.980190 1213.729416 1214.090037 1212.477191 1209.589617 1208.016804 1205.519772 1200.576340 1199.624263 1200.041998 1199.826310 1204.798639 1206.377218 1208.288599 1201.720954 1205.245147 1211.223608 1217.801175 1223.853695 1230.079566 1233.418323 1229.682145 1228.510794 1219.565053 1205.207279 1193.739304 1184.932045 1182.927243 1179.225893 1170.733453 1157.200286 1163.782751 1178.701013 1182.639123 1185.222596 1196.243371
1174.356233 1186.371533 1189.690571 1185.057107 1186.875135 1188.859271 1190.694220 1189.501822 1186.894446 1185.055621 1197.751697 1207.505088 1209.752149 1213.074911 1217.188494 1217.187816 1205.809005 1203.767721 1212.161499 1222.642441 1228.587287 1229.071713 1229.231549 1227.221627 1226.493203 1226.451535 1224.650660 1225.544810 1228.169484 1228.098695 1232.755827 1238.600781 1241.689392 1234.317805 1225.202009 1226.015977 1233.549588 1241.469432 1248.420737 1258.532239 1269.243927 1267.818880 1261.705898 1252.050216 1237.884018 1213.821463 1193.826997 1182.165246 1174.068293 1166.000298 1165.568681 1161.384671 1172.143036 1172.961624 1174.078444 1181.386472
1181.549611 1203.143592 1211.286313 1205.897736 1201.537820 1199.491622 1200.710317 1201.236768 1204.443877 1216.947672 1231.042274 1245.667446 1248.950798 1251.979404 1251.947857 1243.594650 1233.775510 1230.533088 1245.345804 1261.882927 1270.397018 1271.216445 1270.339961 1277.029616 1276.276040 1275.297122 1271.101377 1273.433923 1274.855952 1284.609490 1292.720828 1300.305005 1298.782328 1286.753528 1274.992275 1273.270120 1275.906131 1279.156461 1284.990144 1294.605695 1303.576368 1297.811601 1290.140590 1279.608146 1250.485691 1223.018899 1205.500923 1204.585513 1203.699273 1197.744306 1193.607470 1189.567092 1181.897972 1180.406319 1178.507738 1176.957111
1232.614792 1253.422157 1269.535838 1264.451786 1257.132794 1247.835698 1248.953823 1252.241121 1260.729588 1274.184006 1291.856694 1316.396390 1319.640701 1323.194023 1325.989085 1315.146980 1303.226156 1292.683126 1311.399832 1322.085910 1330.931812 1332.526738 1342.178888 1352.376390 1348.548471 1341.413025 1331.583292 1338.479113 1350.284003 1366.150603 1373.862770 1378.536498 1377.220052 1365.791736 1359.550254 1357.785850 1359.682404 1356.890841 1361.151969 1370.390760 1384.559400 1382.996058 1373.719198 1350.375129 1312.154734 1277.134849 1256.347980 1261.163120 1252.969968 1244.771363 1240.084584 1225.113731 1213.319012 1212.254264 1201.531157 1194.250148
1282.689955 1301.826663 1320.848783 1316.442104 1306.722743 1293.747033 1293.582610 1301.381103 1312.402521 1332.317720 1355.759354 1380.331409 1388.489699 1391.303544 1401.627188 1395.780916 1386.788320 1379.135004 1392.011053 1404.220336 1416.238964 1426.018606 1439.333393 1451.365232 1441.630324 1429.803729 1424.805795 1431.157490 1452.596316 1471.605325 1477.826452 1479.788558 1482.679542 1472.914965 1466.006812 1458.761210 1453.114438 1446.574813 1441.781919 1459.900105 1476.002778 1473.402787 1449.111072 1423.751589 1385.427074 1345.903602 1312.941128 1312.267670 1307.579350 1305.307361 1289.244046 1272.529769 1255.590833 1245.261335 1234.817841 1219.676980
1375.949036 1397.631182 1420.169985 1420.855341 1404.331699 1396.159394 1401.269120 1414.729055 1423.029215 1440.192926 1465.019561 1497.527913 1519.009804 1538.070745 1543.167075 1535.651521 1527.337910 1514.935102 1514.411274 1532.800852 1545.286078 1556.272784 1567.398198 1580.589528 1586.264987 1584.047987 1584.359954 1588.763994 1597.866659 1608.908422 1617.061140 1623.364033 1629.199674 1624.320510 1613.177468 1606.191345 1596.516510 1589.236788 1585.858377 1588.658256 1599.958610 1596.555593 1567.692168 1539.008179 1504.621540 1465.265350 1431.909448 1413.739535 1419.170680 1407.131745 1386.947749 1366.431965 1330.606489 1313.573557 1296.534009 1266.248364
1485.444291 1514.666940 1530.471599 1544.197739 1538.984444 1540.737994 1545.285051 1553.367924 1559.186052 1568.431961 1602.704431 1639.122063 1669.118843 1694.020588 1703.149201 1693.303477 1684.215254 1672.741343 1664.060673 1669.676294 1684.884813 1702.132073 1718.173706 1729.971031 1734.082626 1733.641826 1734.802698 1737.986973 1742.196766 1746.762273 1754.601288 1763.069246 1773.563973 1784.112339 1777.076266 1759.352920 1746.353431 1732.358063 1727.188393 1725.446095 1723.773804 1722.816350 1712.513119 1678.073949 1647.206917 1612.894465 1582.881994 1560.469419 1546.091795 1524.223006 1498.761871 1449.358090 1406.855949 1369.971133 1341.695039 1312.208709
1611.430755 1644.100728 1668.796588 1684.764907 1687.512278 1690.250342 1693.000839 1699.038193 1704.683694 1712.453560 1737.078607 1776.252524 1814.427385 1844.803282 1848.632210 1839.213203 1829.357202 1819.877250 1809.370418 1806.513595 1815.435357 1827.479579 1844.371593 1855.865785 1865.276093 1864.715613 1865.787394 1867.288534 1870.394419 1873.431090 1876.823402 1885.167202 1897.960994 1909.652065 1910.011419 1895.300592 1877.640075 1860.143274 1853.454426 1847.807582 1841.823241 1841.638722 1841.473049 1831.486895 1803.953791 1765.782144 1721.804172 1694.914653 1672.558869 1657.266553 1638.165984 1607.026002 1550.388729 1515.571268 1477.566217 1442.112003
1737.354327 1768.601187 1800.305388 1819.163053 1826.393359 1826.517605 1828.071743 1835.538125 1841.664306 1851.746491 1869.090784 1894.716837 1924.812497 1951.960108 1968.991867 1965.024474 1952.265948 1935.019602 1929.738488 1928.740498 1931.352617 1938.556160 1947.356992 1963.338708 1979.688001 1985.423249 1986.623477 1984.759092 1987.732057 1989.884125 1990.912752 1993.019305 1998.770808 2006.299207 2008.762071 2003.210644 1986.294263 1965.820729 1952.261213 1944.230359 1939.967159 1938.239681 1939.582663 1938.889274 1925.643520 1894.859870 1855.166134 1821.518836 1799.389075 1781.989484 1765.661194 1751.227839 1726.590265 1705.164214 1670.976254 1624.402092
1848.122930 1875.123652 1902.689555 1926.783697 1942.847939 1946.097505 1951.090032 1955.766239 1965.114583 1980.665038 2000.565977 2015.532345 2033.276591 2055.178538 2068.263675 2074.058550 2074.463907 2073.287266 2075.468894 2076.082581 2044.479564 2048.123675 2051.565009 2060.194116 2069.268571 2072.408170 2072.932415 2072.014009 2073.831315 2074.999694 2075.881270 2076.201288 2076.994437 2079.764579 2080.740637 2079.422781 2071.908389 2077.610437 2060.749590 2049.183221 2042.021371 2034.463630 2025.944552 2016.150433 2006.023299 1988.772906 1961.186360 1927.851875 1901.335780 1889.336284 1880.919750 1871.567942 1863.468788 1845.612425 1821.928222 1788.657747
1956.481260 1973.157836 1993.847819 2022.023798 2041.278932 2051.402085 2059.553740 2063.915720 2076.000638 2089.530661 2082.763104 2087.193441 2091.670168 2096.051918 2097.575303 2098.105525 2098.111524 2096.182824 2096.094647 2094.611563 2090.390534 2080.856805 2082.193050 2083.463769 2085.649820 2088.948094 2087.601412 2088.709787 2092.047456 2091.153617 2086.342641 2083.355216 2082.256016 2083.060030 2090.310062 2093.608118 2094.687961 2093.810187 2093.781333 2094.009500 2092.932942 2091.215732 2088.320650 2084.270590 2089.123293 2078.632428 2054.865135 2021.184945 1985.600251 1972.412132 1968.138386 1966.848452 1962.421727 1954.773724 1935.266212 1907.220985
2073.824375 2087.301948 2081.572303 2093.251507 2099.058200 2101.548930 2103.882113 2105.807612 2106.770710 2103.241880 2099.615297 2094.672820 2093.069237 2091.449624 2088.781522 2089.214506 2087.233728 2083.417233 2080.006026 2073.530439 2062.823414 2051.461885 2048.431970 2052.420496 2056.895189 2060.778918 2063.800551 2067.116203 2068.336579 2064.143303 2057.064544 2050.732582 2049.424441 2056.228863 2062.017068 2067.732723 2068.978648 2068.477610 2067.554195 2068.960192 2067.630811 2069.072672 2076.187494 2089.775193 2095.100808 2098.134811 2097.656547 2088.979221 2073.137332 2068.443802 2048.417943 2051.244434 2045.531318 2033.205812 2011.756508 1987.716910
2103.874444 2103.430073 2101.923632 2095.905987 2089.828740 2088.593771 2091.768395 2097.793546 2098.261377 2090.642217 2081.764868 2074.231523 2066.804203 2064.003397 2062.226272 2061.115293 2060.913435 2055.514533 2047.507315 2032.044528 2020.411654 2008.909863 2002.301497 1999.279561 2003.055095 2012.122955 2021.374438 2025.794087 2019.004498 2012.114563 2002.239853 1995.093154 1996.016343 1998.532023 2007.888083 2022.577461 2028.360625 2030.275533 2026.628504 2023.676816 2019.510711 2018.867012 2026.635302 2042.090221 2057.769355 2071.823138 2080.287785 2087.763488 2094.252568 2096.829783 2097.780105 2097.807517 2095.804989 2094.433555 2078.466246 2057.168757
2092.916030 2086.503643 2081.422501 2074.597789 2068.439438 2065.897667 2067.181511 2068.743951 2064.135391 2056.377959 2045.185900 2033.277735 2022.547290 2015.023682 2014.687150 2015.846614 2016.128797 2009.189442 1994.487867 1976.921524 1963.080769 1948.508909 1943.483269 1937.300205 1931.354241 1940.621394 1957.099124 1963.054883 1949.495151 1940.180664 1926.825592 1920.543960 1918.096275 1920.118007 1929.946511 1950.745643 1971.779341 1974.815619 1967.198056 1959.994486 1957.688035 1957.146782 1964.842386 1983.634289 2004.359381 2019.961904 2030.329837 2036.577241 2045.084627 2054.749263 2067.164536 2080.079271 2090.609647 2097.744379 2102.003887 2099.518454
2069.696019 2061.940065 2054.071971 2046.500872 2039.393343 2033.922716 2030.336912 2025.804589 2018.085448 2009.283302 1992.027286 1978.130958 1964.321878 1948.832137 1943.741131 1939.118035 1939.590114 1927.689204 1917.244589 1898.457893 1882.026423 1865.029894 1852.441773 1844.993126 1837.492963 1839.210337 1853.160221 1861.524983 1849.165021 1839.567418 1828.014252 1823.051759 1820.587255 1823.396204 1834.537286 1857.161818 1877.235535 1886.575895 1881.531500 1880.194987 1881.380196 1882.934029 1890.997606 1906.487586 1927.404195 1949.946929 1967.898529 1978.728887 1987.514641 1998.358496 2013.289617 2027.310186 2041.007109 2057.680267 2077.605613 2092.018756
2037.308843 2027.010841 2016.752070 2005.275506 1993.310261 1985.364601 1984.761129 1975.990757 1967.248123 1947.869993 1897.531106 1876.281054 1855.543926 1837.604154 1829.440507 1820.023673 1808.979299 1798.797552 1791.489083 1785.118204 1768.215941 1748.665713 1729.973054 1722.731507 1716.892361 1704.788268 1706.521461 1708.577764 1715.150253 1708.471996 1704.237923 1703.653426 1701.999326 1705.753590 1720.360924 1732.859488 1744.019679 1752.877515 1755.867858 1766.801901 1776.783295 1785.282327 1804.196152 1819.767047 1839.499857 1863.318003 1889.876403 1906.072606 1917.920872 1930.735723 1947.770850 1965.291008 1983.262466 2005.734978 2030.453580 2046.366193
1993.593588 1978.613893 1963.118422 1948.639466 1933.839445 1917.759591 1915.952874 1909.550384 1897.171158 1849.430834 1803.786287 1767.321226 1745.632967 1719.890742 1705.166784 1690.588872 1659.960932 1643.619481 1637.443439 1642.923138 1632.619153 1613.648038 1597.677690 1587.119549 1578.105156 1562.852625 1550.913534 1555.428623 1568.897011 1565.899268 1565.794551 1571.287886 1570.581224 1567.447673 1572.407006 1587.908809 1597.554233 1610.264255 1626.113231 1633.939013 1648.144715 1679.369847 1696.303212 1714.989876 1738.495789 1764.049787 1790.668311 1815.296978 1832.424972 1850.559226 1872.227436 1891.434104 1913.902660 1938.478895 1968.144437 1988.960810
1923.324430 1901.547749 1882.324204 1861.670636 1836.463475 1812.803957 1806.826166 1796.040457 1770.257928 1718.163519 1674.365395 1641.608313 1615.302361 1587.756660 1564.841929 1533.113700 1499.320459 1477.451722 1483.880750 1490.485258 1491.996143 1476.706059 1462.528167 1450.828368 1434.735392 1418.092823 1404.778575 1413.501132 1421.905426 1432.789402 1437.339719 1441.488811 1445.402683 1445.039637 1440.276959 1444.518652 1454.930315 1467.300184 1480.639040 1498.792360 1532.464329 1560.094577 1580.890895 1605.247379 1629.425179 1656.625729 1685.166756 1711.850481 1733.057108 1756.306006 1779.915414 1804.842620 1828.808210 1856.250225 1887.800160 1914.762312
1838.051958 1808.385747 1782.067703 1750.364035 1705.932836 1687.204177 1674.476791 1655.464597 1612.280364 1565.506041 1529.588542 1504.257698 1476.284979 1450.090185 1420.278907 1386.685716 1360.135645 1338.903081 1345.375957 1351.920790 1363.935811 1351.467284 1340.060441 1333.464283 1317.619757 1303.198583 1287.855842 1294.807789 1305.105408 1323.762813 1328.503117 1332.403424 1340.369891 1340.027537 1337.939921 1328.140692 1337.670316 1349.744281 1365.449503 1395.773981 1422.190835 1448.291836 1472.458011 1495.845017 1521.918577 1549.769375 1578.304814 1608.861026 1633.472857 1657.864816 1684.697851 1709.899538 1732.316621 1756.974319 1787.080824 1813.601512
1718.428563 1692.639844 1664.203118 1622.061887 1574.355031 1535.002938 1512.945338 1468.273160 1430.776153 1395.834812 1378.898581 1358.765068 1333.730850 1310.364599 1287.613551 1261.189703 1238.387434 1213.235435 1216.486334 1228.799040 1242.509097 1237.560896 1234.195069 1230.649918 1219.269076 1205.204472 1191.327133 1194.767264 1210.288036 1227.398440 1235.590263 1242.714574 1250.657580 1251.179677 1244.360131 1236.411872 1242.852587 1258.390157 1275.881438 1297.584779 1321.298601 1344.951696 1367.733221 1393.008744 1419.414213 1446.558283 1475.906651 1506.866874 1531.894723 1560.419192 1589.981233 1614.024339 1630.854275 1648.930171 1677.217642 1700.348023
1598.146525 1570.058476 1539.377667 1494.854662 1449.970883 1404.816881 1361.125955 1325.342020 1292.099324 1274.466726 1253.838029 1234.717940 1215.393400 1192.837499 1172.751401 1153.784108 1131.057757 1114.459465 1119.535667 1131.990451 1141.744593 1144.856075 1141.480887 1138.074909 1130.599402 1116.542162 1107.751433 1116.450097 1131.693848 1146.282987 1156.910515 1163.866702 1169.986865 1167.596100 1159.666993 1155.181921 1164.009708 1180.367191 1195.920425 1213.776022 1236.316745 1258.834611 1282.219882 1306.854720 1331.678068 1359.152134 1387.677229 1417.031505 1446.744666 1473.966643 1499.438033 1514.752138 1530.656678 1541.495753 1561.609815 1584.704182
1461.282804 1432.617582 1401.553332 1366.593640 1326.769251 1295.283138 1261.121769 1228.283670 1196.190574 1168.734694 1150.975981 1140.360916 1124.597494 1104.716981 1090.771795 1073.373384 1057.023527 1057.802353 1059.759884 1069.661515 1069.665498 1069.909649 1066.656971 1065.317938 1061.206307 1051.464281 1059.456890 1066.622960 1080.916438 1091.544160 1101.130735 1107.409811 1111.609861 1112.084350 1106.585209 1111.106854 1118.529597 1133.521945 1145.972739 1161.551003 1183.128006 1201.600705 1222.272908 1245.909839 1270.512734 1296.447435 1324.195496 1354.257224 1381.723038 1404.090776 1416.480174 1430.682117 1439.634081 1437.227731 1455.132909 1474.348450
