tests/Borden05m/sims/sim_1/output-maps/psiliqL0000N0016.asc
ncols         160
nrows         34
xllcorner     620200.000000
yllcorner     5168000.000000
cellsize      0.500000
NODATA_value  -9999.0
[rows 0 to 24 of 34, columns 0 to 55 of 160]
-9999.0 -9999.0 -9999.0 -9999.0 -9999.0 -9999.0 -9999.0 -9999.0 -9999.0 -9999.0 -9999.0 -9999.0 -9999.0 -9999.0 -9999.0 -9999.0 -9999.0 -9999.0 -9999.0 -9999.0 -9999.0 -9999.0 -9999.0 -9999.0 -9999.0 -9999.0 -9999.0 -9999.0 -9999.0 -9999.0 -9999.0 -9999.0 -9999.0 -9999.0 -9999.0 -9999.0 -9999.0 -9999.0 -9999.0 -9999.0 -9999.0 -9999.0 -9999.0 -9999.0 -9999.0 -9999.0 -9999.0 -9999.0 -9999.0 -9999.0 -9999.0 -9999.0 -9999.0 -9999.0 -9999.0 -9999.0
-9999.0 -9999.0 -9999.0 -9999.0 -9999.0 -9999.0 -9999.0 -9999.0 -9999.0 -9999.0 -9999.0 -9999.0 -9999.0 -9999.0 -9999.0 -9999.0 -9999.0 -9999.0 -9999.0 -9999.0 -9999.0 -9999.0 -9999.0 -9999.0 -9999.0 -9999.0 -9999.0 -9999.0 -9999.0 -9999.0 -9999.0 -9999.0 -9999.0 -9999.0 -9999.0 -9999.0 -9999.0 -9999.0 -9999.0 -9999.0 -9999.0 -9999.0 -9999.0 -9999.0 -9999.0 -9999.0 -9999.0 -9999.0 -9999.0 -9999.0 -9999.0 -9999.0 -9999.0 -9999.0 -9999.0 -9999.0
-9999.0 -9999.0 -9999.0 -9999.0 -9999.0 -9999.0 -9999.0 -9999.0 -9999.0 -9999.0 -9999.0 -9999.0 -9999.0 -9999.0 -9999.0 -9999.0 -9999.0 -9999.0 -9999.0 -9999.0 -9999.0 -9999.0 -9999.0 -9999.0 -9999.0 -9999.0 -9999.0 -9999.0 -9999.0 -9999.0 -9999.0 -9999.0 -9999.0 -9999.0 -9999.0 -9999.0 -9999.0 -9999.0 -9999.0 -9999.0 -9999.0 -9999.0 -9999.0 -9999.0 -9999.0 -9999.0 -9999.0 -607.180538 -610.273122 -614.006022 -615.012125 -610.865748 -609.016059 -607.296907 -606.149120 -605.076715
-9999.0 -9999.0 -9999.0 -9999.0 -9999.0 -9999.0 -9999.0 -9999.0 -9999.0 -9999.0 -9999.0 -9999.0 -9999.0 -9999.0 -9999.0 -9999.0 -9999.0 -9999.0 -9999.0 -9999.0 -9999.0 -9999.0 -9999.0 -9999.0 -9999.0 -9999.0 -9999.0 -9999.0 -9999.0 -9999.0 -9999.0 -9999.0 -9999.0 -9999.0 -9999.0 -9999.0 -9999.0 -9999.0 -9999.0 -9999.0 -607.528877 -606.090886 -604.892934 -606.975659 -607.848202 -607.673803 -609.844148 -612.360725 -614.956356 -614.175886 -614.131231 -615.948165 -613.104141 -610.828945 -610.048319 -609.385208
-9999.0 -9999.0 -9999.0 -9999.0 -9999.0 -9999.0 -9999.0 -9999.0 -9999.0 -9999.0 -9999.0 -9999.0 -9999.0 -9999.0 -9999.0 -9999.0 -9999.0 -9999.0 -9999.0 -9999.0 -9999.0 -9999.0 -9999.0 -9999.0 -9999.0 -9999.0 -9999.0 -9999.0 -9999.0 -9999.0 -9999.0 -9999.0 -9999.0 -9999.0 -613.996005 -611.343307 -610.175340 -609.069523 -607.387423 -607.986663 -608.499104 -607.241472 -608.367286 -608.422370 -609.820826 -612.415930 -615.027321 -616.487001 -614.911994 -615.426488 -615.427593 -614.088757 -613.274322 -612.980659 -611.114855 -608.099005
-9999.0 -9999.0 -9999.0 -9999.0 -9999.0 -9999.0 -9999.0 -9999.0 -9999.0 -9999.0 -9999.0 -9999.0 -9999.0 -9999.0 -9999.0 -9999.0 -9999.0 -9999.0 -9999.0 -9999.0 -9999.0 -9999.0 -9999.0 -9999.0 -9999.0 -9999.0 -9999.0 -9999.0 -609.969842 -611.016690 -611.818141 -611.762689 -612.135284 -613.589604 -613.984051 -613.737301 -612.329761 -610.056199 -609.701975 -610.014414 -609.857310 -610.417244 -611.977792 -612.133884 -610.392500 -611.976121 -612.715717 -613.747519 -616.386666 -617.026026 -615.515266 -614.086829 -612.866720 -612.602660 -612.471907 -612.475722
-9999.0 -9999.0 -9999.0 -9999.0 -9999.0 -9999.0 -9999.0 -9999.0 -9999.0 -9999.0 -9999.0 -9999.0 -9999.0 -9999.0 -9999.0 -9999.0 -9999.0 -9999.0 -9999.0 -9999.0 -9999.0 -9999.0 -9999.0 -611.746426 -610.774292 -610.420293 -609.579895 -610.023831 -612.086392 -613.393836 -613.959774 -614.427006 -615.521556 -615.663314 -615.701714 -615.026421 -614.541029 -612.160002 -613.405427 -614.202133 -612.120708 -612.650028 -611.295864 -609.716712 -610.083703 -609.734764 -612.627271 -614.780101 -612.472201 -611.549382 -611.686807 -612.244994 -611.553499 -610.595158 -609.391127 -607.283894
-9999.0 -9999.0 -9999.0 -9999.0 -9999.0 -9999.0 -9999.0 -9999.0 -9999.0 -9999.0 -9999.0 -9999.0 -9999.0 -9999.0 -9999.0 -9999.0 -9999.0 -9999.0 -9999.0 -611.637934 -611.944276 -612.549371 -612.325177 -614.282657 -615.114720 -614.567692 -613.527734 -614.162398 -615.288858 -616.267924 -616.152428 -616.025770 -616.282335 -614.814441 -613.640367 -613.278219 -613.638558 -611.776646 -611.253445 -610.196502 -607.351132 -609.268666 -611.129263 -612.104913 -612.182765 -612.720729 -610.957217 -610.420323 -610.290541 -610.473297 -610.458582 -610.090157 -609.919112 -607.657653 -605.573423 -603.849656
-9999.0 -9999.0 -9999.0 -9999.0 -9999.0 -9999.0 -9999.0 -9999.0 -9999.0 -9999.0 -9999.0 -9999.0 -9999.0 -9999.0 -9999.0 -9999.0 -611.848671 -612.017914 -612.761754 -613.967314 -615.020592 -615.050880 -614.258393 -615.724044 -616.213464 -615.899739 -616.550978 -615.846794 -615.084501 -614.160568 -613.752900 -614.808603 -614.631421 -614.806447 -614.962800 -614.516944 -612.403306 -610.477707 -610.115048 -608.731607 -606.169381 -607.713997 -608.361442 -608.285199 -609.243194 -608.437632 -604.539055 -605.215513 -606.950467 -602.837063 -600.709573 -601.574420 -602.070889 -599.523813 -595.590993 -590.404268
-9999.0 -9999.0 -9999.0 -9999.0 -9999.0 -9999.0 -9999.0 -9999.0 -9999.0 -9999.0 -9999.0 -9999.0 -9999.0 -612.118702 -612.272684 -612.080846 -613.980415 -615.446447 -616.342860 -617.592240 -616.034899 -617.174223 -617.543864 -617.285461 -615.906005 -615.895940 -615.754462 -614.890794 -615.212304 -615.663070 -616.099286 -616.977283 -615.821774 -614.681200 -613.913373 -612.262638 -611.028902 -610.072602 -608.212043 -607.956056 -606.696284 -607.214528 -608.823579 -609.190754 -607.974059 -604.355366 -601.623000 -600.675745 -595.571953 -590.205719 -587.633189 -584.242234 -582.648910 -580.446669 -574.736539 -556.980063
-9999.0 -9999.0 -9999.0 -9999.0 -9999.0 -9999.0 -9999.0 -9999.0 -9999.0 -9999.0 -615.083004 -614.106582 -615.532491 -618.158196 -619.326541 -618.738393 -618.125812 -619.126351 -619.119197 -616.367912 -614.874095 -617.504179 -615.719935 -615.715106 -616.852039 -616.588706 -615.883640 -615.794620 -614.102235 -614.075250 -614.084137 -611.292289 -610.617401 -609.897660 -608.885948 -607.804570 -606.861350 -602.597083 -598.941188 -599.139884 -593.873204 -590.466451 -593.307609 -594.312087 -593.564361 -589.641343 -583.088997 -573.266803 -562.743807 -546.520022 -529.535972 -516.050411 -504.620048 -490.137798 -472.156228 -448.374403
-9999.0 -9999.0 -9999.0 -9999.0 -9999.0 -9999.0 -9999.0 -9999.0 -618.933586 -617.420743 -616.453943 -617.658354 -619.272101 -622.185273 -621.095084 -620.020770 -619.304234 -618.234381 -617.734295 -617.334397 -618.034911 -617.110596 -615.389661 -615.898616 -615.733116 -614.611847 -614.622561 -613.615781 -612.066718 -612.861305 -612.017466 -610.598298 -609.347790 -608.253998 -606.926253 -606.178435 -601.781610 -595.836178 -589.258678 -583.403612 -574.830855 -563.399868 -563.357262 -561.089574 -558.494682 -541.207463 -512.480229 -476.013620 -449.705922 -430.564222 -410.016551 -397.813059 -388.986446 -377.572423 -363.274867 -350.642131
-9999.0 -9999.0 -9999.0 -9999.0 -9999.0 -9999.0 -621.180812 -617.820766 -616.191452 -619.995917 -622.868793 -623.821063 -625.539056 -621.841233 -618.516818 -617.910822 -617.445736 -616.888158 -617.257564 -619.466169 -614.372117 -615.843891 -616.899098 -615.345592 -615.525626 -615.449239 -614.517549 -612.329717 -611.398283 -606.940102 -603.665249 -600.833062 -597.009155 -594.630868 -592.074842 -589.015803 -580.544590 -566.724762 -546.439957 -521.204856 -490.308677 -460.496563 -449.668475 -444.496180 -438.939340 -428.165777 -406.820173 -382.089961 -352.646520 -324.145440 -302.806332 -292.750555 -283.369389 -272.587795 -259.373725 -244.823360
-9999.0 -9999.0 -9999.0 -9999.0 -619.316480 -618.583990 -619.210803 -616.279666 -614.235466 -618.875597 -617.196322 -617.991974 -619.485640 -621.354707 -623.589148 -622.010648 -621.125382 -620.547444 -620.851227 -615.858203 -611.704327 -614.527004 -612.407999 -608.288938 -609.282572 -608.887164 -608.744878 -606.898856 -603.420609 -598.972435 -588.467952 -578.311632 -570.718523 -560.878870 -550.022472 -533.323050 -501.664781 -462.201151 -436.331273 -411.696594 -386.870189 -365.833990 -351.485914 -343.567730 -333.843786 -321.948421 -305.516223 -281.406464 -253.148003 -218.653278 -193.183298 -177.906794 -169.854772 -159.910068 -147.680864 -129.586616
-9999.0 -9999.0 -9999.0 -621.277573 -617.993012 -616.820680 -618.435561 -617.866473 -615.363185 -617.821479 -618.297880 -618.681428 -618.884732 -618.827530 -618.993549 -618.088334 -617.974602 -618.770962 -618.146656 -615.220401 -613.918535 -611.471172 -609.657772 -606.727161 -604.197123 -603.275158 -601.945774 -598.313221 -588.952300 -577.392091 -553.630070 -512.098147 -471.315344 -448.740586 -436.097344 -419.181376 -400.936817 -373.103749 -345.192252 -318.154612 -290.418789 -266.740000 -244.816672 -231.346328 -223.930868 -214.298622 -197.312280 -176.691740 -151.877718 -90.608525 -63.952187 -45.406689 -35.684933 -28.865530 -16.706680 -4.430589
-9999.0 -9999.0 -620.649680 -618.803148 -620.097524 -617.732208 -615.142243 -617.070390 -613.942903 -612.903166 -616.104806 -614.247375 -613.287270 -615.247852 -613.949870 -612.516700 -611.903861 -614.406914 -616.266738 -612.711453 -605.079005 -598.742205 -595.154133 -578.596120 -568.097805 -560.969917 -557.331877 -544.639298 -519.622086 -471.097481 -434.570627 -397.932472 -364.260106 -337.030738 -325.190536 -310.959083 -289.063580 -265.716475 -237.517995 -210.766629 -184.184197 -159.447255 -132.703005 -84.184340 -109.958455 -69.346490 -50.874222 -32.799983 -14.686267 2.117628 18.596501 18.851176 18.907373 18.811430 18.865229 18.883285
-9999.0 -9999.0 -622.763478 -619.685304 -621.819075 -616.870706 -612.436426 -616.927821 -615.610415 -610.949848 -612.256920 -611.743479 -612.233546 -611.813009 -609.747815 -605.491767 -607.849981 -608.735277 -613.498830 -602.351814 -592.015119 -572.432899 -527.824068 -474.757473 -444.233220 -438.924814 -435.832682 -424.440428 -405.182842 -367.348843 -320.748566 -271.210748 -230.559549 -203.713591 -190.432482 -176.540033 -153.941394 -98.726511 -84.478447 -56.122934 -39.773163 -22.384410 -3.124343 12.897520 18.531388 18.603215 18.677728 18.551434 18.608059 18.561372 18.140287 14.917168 13.986184 14.516951 15.462024 10.859806
-9999.0 -623.404964 -621.869287 -621.765547 -618.574036 -619.577223 -615.786332 -610.346056 -610.820500 -609.003505 -609.019004 -612.088931 -600.747778 -590.684172 -587.241384 -578.064591 -582.075713 -585.008306 -590.925879 -578.265519 -551.073455 -469.756905 -383.578700 -335.007627 -304.923199 -299.440717 -301.761547 -288.193138 -263.736983 -227.543419 -169.298063 -90.691267 -55.485348 -29.822179 -21.972018 -20.749516 -9.102004 5.582530 21.223333 23.142097 23.281021 23.121278 18.465741 18.655192 18.695839 18.558474 15.476621 9.772743 2.533922 -4.464578 -6.705658 -11.790422 -33.508976 -6.155564 -4.625622 -11.316125
-9999.0 -628.101631 -621.988063 -618.361919 -619.745822 -622.127854 -613.327704 -600.474593 -605.483262 -607.097710 -607.551723 -598.488202 -569.915576 -537.621835 -508.651083 -474.578817 -476.112061 -488.235684 -485.896668 -454.295692 -413.725700 -347.004567 -241.581635 -163.129846 -123.383225 -112.452255 -104.155913 -84.276627 -59.578971 -38.038475 -11.063036 10.390549 12.437337 12.429656 12.430177 12.448455 12.389536 12.386077 9.010925 5.702451 1.337862 1.406329 4.371766 4.258880 1.808995 0.008679 -7.080910 -14.771651 -22.206511 -60.376675 -69.313660 -75.203212 -79.851842 -77.220405 -80.629725 -86.741591
-9999.0 -623.066253 -616.163608 -617.900321 -623.461310 -614.974986 -611.714081 -602.769188 -595.636233 -597.848630 -585.356061 -538.663423 -465.667970 -418.166734 -387.082096 -368.617093 -356.241878 -356.385701 -336.287850 -290.017407 -214.555162 -92.908819 -53.335641 -6.339384 0.380860 0.386868 0.394467 0.397417 0.400860 0.406267 0.411528 -2.934078 1.925426 3.848517 2.632299 0.044522 -5.342152 -12.660979 -18.035147 -21.213248 -27.354355 -27.283156 -22.112201 -21.786729 -25.730885 -59.576500 -74.200821 -83.517442 -93.029334 -106.338410 -113.628231 -119.433628 -122.881949 -127.122171 -132.026902 -138.150201
-9999.0 -630.889272 -621.104728 -629.235635 -617.227790 -607.553218 -609.211561 -593.682310 -573.670592 -564.364211 -490.870085 -428.565206 -367.209692 -322.629345 -287.707930 -250.009876 -224.202886 -197.365665 -162.758146 -122.015169 -5.403906 8.606022 8.602246 8.606181 0.361102 0.377170 -14.533797 -38.220114 -48.737040 -55.430174 -54.655702 -70.304326 -32.681679 -24.811182 -27.937686 -56.417561 -71.750146 -78.451855 -82.872825 -90.884859 -98.633321 -103.655505 -104.287728 -99.568249 -106.896480 -116.636799 -126.341438 -136.345322 -146.776415 -157.053046 -166.148127 -173.892039 -177.569542 -183.473845 -185.053693 -191.781781
-9999.0 -636.818149 -629.777785 -624.220377 -613.813847 -606.678727 -598.865487 -581.130183 -533.561002 -466.987045 -411.585359 -380.416960 -329.760967 -272.465012 -215.214519 -184.869153 -168.563210 -161.868203 -151.187524 -140.015305 -135.820105 -73.405114 -60.994827 -41.489283 -49.312261 -49.123188 -93.488661 -111.762774 -120.363678 -121.808355 -122.951182 -124.268864 -120.009160 -120.006596 -124.574599 -129.084977 -129.623406 -136.761783 -144.451696 -151.553908 -157.884902 -165.203167 -170.306668 -173.197322 -176.704565 -179.332949 -188.185346 -199.374537 -210.403448 -219.209943 -227.689688 -234.285095 -236.610535 -240.977896 -246.441205 -255.842247
-9999.0 -649.960504 -627.262359 -624.312974 -618.007494 -616.195631 -614.376341 -601.876496 -579.537793 -476.062463 -355.589225 -343.273529 -326.261278 -294.212207 -239.892979 -191.044545 -184.909803 -212.342556 -232.100495 -238.761473 -227.718002 -204.830971 -185.361923 -163.570415 -150.905334 -146.008150 -153.473032 -165.375654 -179.454513 -186.561696 -189.889523 -196.564903 -200.798089 -200.729755 -203.481687 -200.807946 -199.255086 -208.951534 -220.782151 -234.279124 -246.023647 -254.700479 -257.867936 -257.740671 -258.895207 -262.371199 -269.914154 -279.651340 -291.231138 -301.511233 -309.471288 -314.930580 -320.207247 -327.248662 -335.043440 -343.406474
-9999.0 -9999.0 -637.471236 -624.295280 -622.490353 -620.449723 -618.472570 -608.700545 -597.799688 -552.856455 -476.940302 -432.080239 -403.049371 -372.692984 -328.342998 -290.255053 -285.071851 -279.784829 -303.497455 -302.745062 -295.870745 -286.522361 -273.505925 -259.493542 -247.351088 -240.592961 -238.237150 -241.309960 -250.592533 -264.038035 -278.698819 -289.593129 -296.321206 -301.145734 -295.248257 -286.564462 -288.310421 -294.602315 -304.746745 -317.823291 -328.697791 -339.410731 -342.180524 -341.278672 -341.425306 -344.134344 -348.884585 -359.474898 -370.268526 -381.226500 -386.528020 -391.596354 -396.530851 -404.899401 -413.205233 -422.142700
-9999.0 -9999.0 -652.212737 -631.044711 -622.001153 -615.749356 -616.553831 -614.874689 -600.850650 -593.495536 -580.940554 -558.222414 -528.373565 -484.057491 -454.518023 -426.751629 -414.822170 -409.075725 -409.253353 -402.534873 -387.909365 -373.081315 -362.202019 -351.386018 -341.126128 -332.970525 -326.099488 -334.560979 -343.324298 -356.165860 -371.897983 -388.977888 -398.074766 -403.192888 -399.883205 -393.995330 -397.732828 -405.354978 -415.425366 -426.527994 -434.379267 -441.661607 -443.558886 -444.151492 -444.214191 -445.753030 -448.098654 -455.435363 -466.584680 -476.698887 -485.534145 -493.530430 -498.611991 -508.285252 -519.740697 -528.005611
