tests/Borden05m/sims/sim_1/output-maps/psiliqL0026N0012.asc
ncols         160
nrows         34
xllcorner     620200.000000
yllcorner     5168000.000000
cellsize      0.500000
NODATA_value  -9999.0
[rows 0 to 24 of 34, columns 55 to 109 of 160]
-9999.0 -9999.0 -9999.0 -9999.0 -9999.0 -9999.0 -9999.0 -9999.0 -9999.0 -9999.0 -9999.0 -9999.0 -9999.0 -9999.0 -9999.0 -9999.0 -9999.0 -9999.0 -9999.0 -9999.0 -9999.0 -9999.0 -9999.0 -9999.0 -9999.0 -9999.0 -9999.0 -9999.0 -9999.0 -9999.0 -9999.0 -9999.0 -9999.0 -9999.0 -9999.0 -9999.0 -9999.0 -9999.0 -9999.0 -9999.0 -9999.0 -9999.0 -9999.0 -9999.0 -9999.0 -9999.0 -9999.0 -9999.0 -9999.0 -9999.0 -9999.0 -9999.0 -9999.0 -9999.0 -9999.0
-9999.0 -9999.0 -9999.0 -9999.0 3398.184226 3392.876908 3388.094960 3383.563310 3375.073377 3365.735314 3357.845408 3353.627670 3352.425240 3351.542793 3350.863116 3355.669811 3363.663091 3371.212771 3378.024244 3380.314293 3382.599170 3384.395291 3384.572939 3383.382132 3380.097327 3376.770817 3373.341160 3371.604063 3364.225404 3353.081581 3344.760180 3342.060681 3346.225653 3350.558530 3353.014451 3358.185839 3368.562817 3379.156764 3387.671201 3400.237683 3407.265127 3412.626749 3415.236483 3411.277999 3408.041463 3404.101597 3397.988274 3386.908903 -9999.0 -9999.0 -9999.0 -9999.0 -9999.0 -9999.0 -9999.0
3343.119440 3361.458383 3382.312125 3385.391204 3373.741672 3368.645020 3365.475388 3363.770564 3359.481829 3350.941025 3345.769028 3340.226554 3337.510436 3337.441898 3337.244824 3340.825256 3351.502692 3359.213621 3363.692299 3366.250315 3369.020624 3367.372883 3366.521976 3366.228692 3363.265575 3359.722976 3356.287158 3354.385982 3355.807798 3348.184594 3342.163136 3338.244287 3335.269865 3338.000592 3340.689032 3345.275106 3354.438309 3362.341873 3370.317269 3385.437334 3398.635399 3404.358959 3401.852568 3397.311552 3393.548365 3386.185025 3375.533834 3365.581533 3357.504488 3351.462337 3346.176095 3339.834224 3346.336376 3354.291810 3363.684973
3326.283047 3345.361171 3365.713269 3368.207050 3357.900037 3350.129026 3343.230084 3343.684847 3347.113762 3343.807057 3338.905282 3331.018087 3340.943143 3341.837259 3342.427469 3345.501961 3347.268518 3352.290860 3354.607967 3359.843705 3368.721128 3371.436608 3371.779998 3371.735965 3369.667291 3366.332703 3364.293918 3361.427186 3356.087171 3354.234615 3353.835513 3352.509852 3356.566969 3358.072893 3360.989860 3355.513004 3359.950254 3366.217283 3373.200580 3378.737136 3384.833365 3387.396721 3384.161132 3384.826262 3376.635375 3363.078397 3353.326932 3345.965340 3346.297042 3343.444477 3335.623125 3322.007999 3330.427475 3346.647038 3351.530188
3330.418509 3339.208201 3349.637898 3352.031741 3346.910922 3349.038532 3350.730040 3351.831795 3349.863792 3346.207044 3341.696563 3351.969546 3360.118243 3361.360408 3363.650724 3367.470635 3368.213573 3357.254874 3355.122078 3362.277536 3371.810279 3376.845527 3376.917234 3376.443867 3372.658070 3371.403978 3371.110929 3369.235555 3368.639587 3370.119880 3367.616219 3370.501976 3375.933812 3379.150611 3374.036105 3365.653536 3367.927660 3376.406842 3385.474452 3393.091982 3403.289587 3414.109576 3414.460856 3410.038254 3401.644232 3389.323176 3367.083373 3349.710488 3338.867815 3330.993019 3323.852011 3326.971442 3322.395105 3336.348676 3338.262230
3315.726690 3336.276572 3356.152809 3361.862477 3355.743272 3351.903661 3350.557334 3351.065216 3349.958263 3350.260041 3358.798395 3370.399288 3381.333054 3383.153547 3384.815469 3383.407383 3375.886300 3365.494299 3362.736921 3375.870083 3392.380206 3400.118604 3399.514275 3395.071493 3398.065067 3398.123734 3398.579362 3395.180905 3395.840784 3393.356852 3398.702882 3406.339345 3414.278665 3412.911360 3400.538903 3388.225218 3388.190921 3393.692179 3400.685999 3408.305527 3418.495489 3427.665647 3422.949093 3417.917967 3410.698290 3385.263365 3362.910541 3348.805051 3349.294200 3350.215412 3345.952120 3344.095438 3343.366332 3339.439670 3339.811494
3351.283514 3370.296054 3390.241693 3403.011972 3396.710805 3389.131820 3380.592860 3380.657691 3380.902253 3386.564238 3396.739225 3409.268549 3430.764526 3430.053776 3430.348692 3428.905331 3415.926453 3402.656062 3392.639887 3414.636964 3425.588982 3432.649710 3429.970538 3434.974475 3443.532405 3439.916700 3433.601901 3421.509594 3427.066375 3433.477222 3448.573801 3456.478820 3461.744702 3457.162884 3443.284422 3436.539404 3438.097079 3444.600452 3445.835784 3454.537050 3463.338609 3478.311396 3477.066228 3473.886576 3454.160205 3417.331933 3388.230156 3375.924284 3387.383369 3381.894351 3375.747513 3375.813304 3364.942358 3357.931403 3360.656399
3382.841215 3396.093680 3412.138746 3428.507246 3419.503746 3409.247395 3392.654554 3389.410978 3393.445557 3403.464092 3420.806868 3438.603137 3458.358843 3456.910483 3450.234955 3459.788405 3452.756600 3441.881628 3434.332576 3455.696968 3465.730439 3475.890360 3481.551337 3494.135656 3504.517902 3487.978672 3470.903056 3460.477273 3467.471040 3493.022023 3515.394678 3520.178568 3519.239159 3518.671436 3503.382788 3498.565236 3495.181380 3495.554481 3492.963151 3491.133343 3516.499061 3538.085053 3537.938344 3516.512115 3493.902958 3454.457146 3416.861987 3392.697170 3405.810101 3402.609715 3406.059116 3396.124283 3384.577982 3377.597115 3375.358705
3432.570289 3453.997644 3470.258264 3491.976116 3482.791629 3459.660116 3443.573379 3446.061336 3459.488696 3467.442882 3485.793640 3502.787596 3528.498470 3540.521366 3551.674000 3555.562541 3548.482114 3539.918385 3527.892431 3533.123788 3556.992294 3568.584662 3576.880756 3585.246799 3597.864462 3598.213003 3591.281391 3589.428326 3593.785196 3607.258775 3621.712981 3628.451884 3631.503815 3634.114781 3620.895483 3608.004693 3606.011472 3600.577491 3599.370801 3598.623358 3610.128880 3630.726153 3627.569417 3591.112045 3564.361755 3529.424920 3491.153973 3461.936993 3455.927772 3475.085842 3473.078660 3457.027281 3446.716543 3420.940530 3415.997499
3501.633242 3534.469591 3558.724989 3568.868304 3576.218058 3561.367689 3559.214587 3563.317857 3571.636511 3574.700429 3581.070901 3613.408164 3647.142620 3672.087351 3694.807537 3701.944624 3689.607745 3679.814201 3666.273103 3657.463663 3668.529774 3685.801332 3703.465194 3718.376747 3729.700624 3731.767604 3730.181563 3730.235615 3733.352869 3736.352131 3740.675549 3749.174712 3756.829248 3765.483506 3773.493126 3763.024741 3746.039869 3736.803815 3727.835297 3727.095360 3728.531734 3732.454371 3733.569081 3716.791913 3674.714639 3643.100669 3611.019266 3591.544181 3578.447072 3578.390439 3560.302767 3536.055034 3484.751853 3447.592915 3416.478473
3587.257996 3631.377618 3660.610330 3677.678349 3690.332779 3687.238339 3689.051359 3690.032960 3693.716247 3696.022736 3698.668178 3725.545565 3767.272022 3806.765014 3838.093102 3837.884482 3824.037262 3812.666020 3803.564126 3789.093245 3785.137574 3797.892390 3813.430290 3833.852621 3844.283782 3850.312084 3846.949314 3847.167892 3849.010176 3851.369277 3853.528867 3857.221148 3866.966111 3882.167216 3896.790976 3895.881306 3876.753662 3858.742969 3842.734537 3840.369155 3838.004997 3833.098787 3835.511941 3837.433246 3821.343937 3789.856679 3749.873988 3709.471801 3692.921145 3677.901921 3667.063887 3650.128694 3609.347837 3542.494747 3503.015328
3702.537991 3736.935229 3766.041066 3796.392101 3811.186060 3813.293064 3810.664154 3809.411035 3816.435369 3819.076836 3824.618674 3841.221032 3873.752489 3909.572599 3939.476664 3954.872979 3946.925565 3928.739722 3906.307985 3896.297889 3893.316105 3897.008201 3906.670745 3919.771005 3939.512219 3959.138396 3964.946694 3965.840143 3963.143960 3965.593668 3967.186596 3967.310094 3970.327742 3979.030073 3989.068315 3992.489218 3984.551088 3963.203821 3939.500042 3928.209215 3921.762652 3918.374961 3919.485459 3924.788335 3928.144490 3913.155755 3877.128899 3832.254408 3802.300976 3787.298535 3774.554154 3760.424575 3747.880473 3714.471918 3693.341478
3811.963077 3827.355452 3855.827512 3884.838865 3907.502153 3922.182499 3922.444383 3925.380994 3930.173573 3937.420930 3952.518266 3976.145622 3995.553640 4018.594014 4045.584327 4062.118385 4067.369645 4065.584848 4061.345433 4062.508682 4062.877099 3997.311211 4003.821855 4010.315379 4028.157716 4044.119035 4049.918539 4050.584134 4047.928548 4049.820809 4050.619593 4050.497183 4050.122582 4052.617980 4057.916966 4059.942218 4057.438492 4044.354524 4063.704747 4043.417614 4029.808363 4021.518948 4013.206609 4004.939047 3995.477453 3985.521390 3965.144529 3933.905953 3899.337913 3878.041309 3870.231176 3864.085077 3855.443386 3849.666834 3832.475652
3910.838228 3921.429143 3939.867832 3962.861007 3997.351447 4021.149015 4032.662649 4042.063788 4046.755332 4060.856231 4077.785698 4060.968774 4069.667835 4078.669749 4087.614104 4090.685671 4091.565132 4091.159325 4088.750539 4087.939326 4085.458513 4082.062347 4071.514912 4073.133582 4075.116649 4077.748552 4081.501433 4080.411497 4081.537303 4084.496909 4082.714437 4076.621721 4072.502922 4070.926359 4071.966129 4079.432358 4082.952505 4083.924960 4080.374842 4079.418935 4078.375898 4074.815053 4070.369406 4064.102350 4056.085553 4071.773761 4059.528052 4031.061416 3990.181222 3948.429241 3941.083372 3943.192853 3943.002257 3941.506726 3935.877506
4037.368223 4051.236725 4066.216711 4042.553190 4065.944880 4077.915835 4083.513245 4087.761836 4090.613422 4093.907135 4090.912593 4087.932388 4083.022969 4081.429042 4080.067411 4077.619331 4078.246289 4076.358678 4072.274557 4068.186560 4060.097936 4048.452052 4037.273853 4033.628727 4037.914015 4043.586133 4048.809393 4053.360539 4057.120462 4057.047726 4051.512661 4043.021709 4035.420795 4033.778100 4040.699572 4046.469138 4053.103193 4053.997699 4052.601429 4050.068234 4049.784868 4046.444329 4046.632074 4053.772221 4068.677564 4071.190803 4077.370425 4076.490392 4059.059690 4027.496358 4040.410379 4020.380509 4026.563313 4021.937790 4010.547833
4082.098016 4084.999333 4083.292052 4082.243078 4075.820479 4069.735121 4068.948077 4072.981071 4080.053597 4081.099541 4074.028934 4065.409841 4058.140432 4050.644725 4048.271871 4047.754506 4047.527096 4048.056824 4042.752269 4033.310594 4016.142022 4004.544203 3993.474305 3987.531543 3983.601130 3986.950517 3998.319608 4010.709178 4015.790145 4006.291113 3997.739856 3985.812242 3977.724612 3978.187166 3979.136033 3988.697802 4005.793067 4013.570208 4014.376056 4007.795024 4001.148987 3994.425710 3991.277338 3997.696409 4013.070070 4030.005602 4045.818091 4055.075592 4062.858126 4070.051597 4068.082129 4070.952293 4072.531603 4070.301828 4073.629438
4076.574857 4069.551006 4062.533549 4057.208640 4050.768051 4045.490085 4043.643912 4045.484576 4047.356628 4043.198079 4036.833466 4026.838766 4015.792251 4006.084399 3998.362162 3999.403635 4001.780498 4003.500659 3996.146018 3980.700936 3962.834022 3949.336453 3935.464288 3931.536611 3925.569543 3917.666129 3927.763774 3947.711175 3955.188250 3938.897689 3927.927636 3912.641389 3906.106568 3902.038696 3902.765786 3911.669101 3934.393291 3958.880086 3961.036679 3949.982732 3938.996045 3934.273224 3931.015756 3935.517279 3952.176231 3973.101560 3989.330565 3999.860109 4005.195723 4012.982866 4022.393717 4036.848412 4051.823021 4064.299856 4068.738597
4051.349365 4043.590372 4035.932799 4028.310779 4021.428674 4015.239220 4010.954358 4009.010945 4004.993552 3998.892634 3991.877298 3970.792234 3958.354366 3945.395364 3930.414962 3926.521298 3921.631912 3922.703528 3911.203468 3903.403417 3887.095965 3871.785113 3856.198596 3842.679798 3836.980841 3830.241940 3828.153790 3841.500775 3849.899090 3840.667179 3831.024718 3820.536399 3816.139286 3812.778467 3815.303343 3825.765556 3845.144108 3863.453558 3871.989099 3864.691929 3863.666437 3863.846931 3862.244951 3868.596894 3879.145607 3896.967753 3919.468408 3938.630873 3948.557229 3955.376301 3964.533959 3978.978311 3993.127350 4007.529052 4025.625700
4020.848213 4011.548279 4001.646156 3991.941378 3981.473668 3970.944231 3964.444414 3967.215861 3961.262170 3955.719773 3932.555035 3876.898056 3855.649051 3836.712410 3820.485628 3813.759747 3805.322440 3788.673353 3780.108814 3775.831436 3778.701036 3764.904858 3747.478176 3729.742135 3724.921079 3721.469107 3703.526815 3698.250576 3698.609677 3715.796841 3709.859917 3708.963956 3711.193232 3708.829201 3709.976554 3722.663064 3730.050759 3735.141153 3741.937981 3747.210409 3758.036183 3766.226260 3776.895341 3794.086409 3804.714963 3819.790300 3839.958848 3865.673548 3881.233670 3890.667607 3900.952719 3916.153181 3932.235137 3949.952548 3972.320654
3986.225727 3969.561213 3954.978592 3940.717056 3928.081717 3915.307442 3899.390909 3901.411120 3899.437202 3889.129728 3833.396885 3792.881050 3759.078625 3742.113564 3718.523165 3704.964574 3688.329607 3649.139486 3631.609242 3631.741263 3647.521825 3644.647838 3629.621793 3618.033406 3608.622579 3599.127496 3581.089294 3561.568609 3567.792860 3586.823504 3588.269019 3592.076252 3600.292770 3599.893684 3592.894704 3589.449315 3601.231467 3606.418928 3617.660706 3635.773172 3640.655710 3657.614793 3691.849877 3704.467095 3719.298886 3737.331732 3757.402181 3779.221228 3801.755878 3815.674677 3830.703738 3848.929171 3865.409001 3885.516241 3907.882165
3935.303308 3904.137721 3883.063055 3865.779081 3846.677048 3819.443429 3799.624874 3797.533912 3791.581512 3761.929086 3709.362009 3674.378806 3651.766746 3630.289011 3607.665053 3583.772457 3545.838357 3511.114252 3489.426568 3506.313703 3518.128160 3530.895596 3519.920337 3509.515029 3500.143522 3481.874573 3465.027327 3448.252317 3459.555420 3468.256592 3488.263670 3495.487081 3499.446726 3505.637955 3504.120422 3492.683974 3486.500799 3494.343167 3503.997289 3515.932485 3538.006206 3573.797084 3598.277646 3616.271970 3636.354254 3654.511285 3675.328558 3697.771064 3720.208580 3736.848697 3754.735691 3772.766309 3793.222362 3811.857156 3834.205709
3854.653538 3826.697737 3800.715205 3777.843232 3746.049726 3699.420932 3685.351411 3676.653850 3654.292305 3606.216961 3565.013660 3545.914539 3534.346769 3511.769624 3491.545720 3462.857907 3429.172220 3408.438235 3388.277769 3399.396559 3410.393850 3431.658102 3423.522709 3417.413884 3414.987703 3399.815441 3386.773072 3370.259197 3376.515473 3388.958061 3413.100905 3419.309327 3423.526316 3433.154144 3432.387300 3427.420620 3408.845367 3415.190234 3425.780276 3440.270426 3471.353259 3493.389707 3515.270061 3536.575643 3555.336863 3576.186779 3597.691717 3619.985309 3645.808896 3664.756509 3683.137302 3704.050612 3722.554145 3736.066753 3751.422694
3746.363060 3722.984840 3704.154372 3680.493541 3637.576838 3594.150032 3553.201174 3526.012472 3473.001267 3438.578761 3420.230971 3421.437587 3410.652769 3392.136140 3374.393932 3356.285036 3335.660230 3318.055220 3293.587387 3299.771495 3316.481572 3334.337365 3336.824885 3338.655626 3337.736666 3328.971933 3315.787958 3302.320841 3306.172276 3323.550007 3341.705649 3352.075852 3359.907827 3367.622206 3367.189018 3357.156958 3346.683070 3351.018821 3366.109521 3381.644165 3398.270304 3418.043020 3437.966726 3457.544580 3479.160119 3500.828141 3522.734694 3546.572042 3572.380418 3592.855374 3615.578585 3639.021248 3654.461333 3662.109010 3668.589052
3644.315256 3626.059515 3603.718779 3576.791343 3535.474846 3496.811145 3456.945720 3409.694753 3377.597252 3350.445714 3345.805282 3332.096883 3320.683630 3307.994490 3289.103331 3274.310798 3261.138712 3240.992652 3232.685194 3240.883707 3254.950587 3263.250706 3270.984158 3269.452761 3267.642308 3262.603068 3248.933423 3245.620739 3255.906117 3271.098307 3284.637790 3296.328030 3303.170246 3308.046687 3304.783472 3295.262156 3292.351242 3300.173315 3315.176115 3327.913496 3341.638081 3361.200713 3379.901700 3400.223976 3421.372698 3442.025036 3465.079029 3488.851296 3513.554772 3539.504969 3560.532167 3577.578750 3584.890270 3592.927424 3590.713287
3521.924837 3511.904601 3487.078861 3459.648312 3431.865634 3400.585870 3378.219012 3348.759883 3320.435123 3293.162725 3268.844405 3258.616362 3254.373926 3243.370688 3228.167972 3218.596560 3204.454102 3196.342722 3204.007690 3205.705346 3213.906986 3212.145260 3213.608366 3211.696537 3211.553970 3209.946479 3204.648699 3217.242861 3223.661976 3236.861787 3246.718683 3256.370804 3261.952424 3265.258074 3266.321877 3262.115003 3267.914616 3273.392057 3286.355571 3296.714067 3309.138588 3327.875334 3343.452925 3360.884005 3381.458874 3402.792230 3424.906515 3448.870846 3475.196743 3498.098992 3514.014948 3518.917968 3526.357144 3525.820833 3512.673406
