tests/Borden05m/sims/sim_1/output-maps/psiliqL0022N0007.asc
ncols         160
nrows         34
xllcorner     620200.000000
yllcorner     5168000.000000
cellsize      0.500000
NODATA_value  -9999.0
[rows 0 to 24 of 34, columns 55 to 109 of 160]
-9999.0 -9999.0 -9999.0 -9999.0 -9999.0 -9999.0 -9999.0 -9999.0 -9999.0 -9999.0 -9999.0 -9999.0 -9999.0 -9999.0 -9999.0 -9999.0 -9999.0 -9999.0 -9999.0 -9999.0 -9999.0 -9999.0 -9999.0 -9999.0 -9999.0 -9999.0 -9999.0 -9999.0 -9999.0 -9999.0 -9999.0 -9999.0 -9999.0 -9999.0 -9999.0 -9999.0 -9999.0 -9999.0 -9999.0 -9999.0 -9999.0 -9999.0 -9999.0 -9999.0 -9999.0 -9999.0 -9999.0 -9999.0 -9999.0 -9999.0 -9999.0 -9999.0 -9999.0 -9999.0 -9999.0
-9999.0 -9999.0 -9999.0 -9999.0 2639.247136 2634.072837 2629.527472 2625.454878 2617.793193 2609.119227 2601.719388 2598.236476 2597.784711 2597.601745 2597.688058 2603.303343 2611.951553 2620.120486 2627.513255 2630.078488 2632.870357 2635.328897 2636.170062 2635.580235 2633.014090 2630.727650 2627.889333 2626.746403 2619.629043 2608.824972 2600.681491 2598.190145 2602.545157 2606.926666 2609.346649 2614.561868 2624.744285 2634.927419 2642.369054 2653.791607 2659.599300 2664.045816 2665.913924 2661.069974 2656.959682 2652.440221 2646.270788 2634.976620 -9999.0 -9999.0 -9999.0 -9999.0 -9999.0 -9999.0 -9999.0
2585.336543 2604.415744 2625.245799 2628.597883 2617.100925 2612.288357 2609.486210 2608.178052 2604.202789 2596.240264 2591.706732 2586.879317 2585.084468 2585.738562 2586.330010 2590.797363 2602.039160 2610.496950 2615.695575 2618.966959 2622.247114 2621.572882 2621.410219 2621.719359 2619.375313 2616.343227 2613.473379 2612.152488 2613.768950 2606.587890 2601.073302 2597.538015 2595.059919 2597.670111 2600.282346 2604.363415 2613.335364 2620.884758 2628.357379 2642.009266 2654.080875 2658.776377 2655.357708 2649.752339 2645.097702 2637.294764 2626.782926 2616.467554 2607.954175 2601.039670 2594.792512 2587.592728 2592.804230 2599.197108 2607.646156
2570.779895 2590.648370 2611.671457 2614.719159 2604.407370 2596.848611 2591.045215 2592.025629 2595.834736 2593.175069 2589.089651 2582.789127 2592.868857 2594.573329 2596.088126 2600.045881 2603.126826 2608.318374 2611.426825 2617.293531 2626.644541 2629.895179 2630.911536 2631.581102 2630.248003 2627.612249 2626.286116 2624.071985 2619.338069 2618.196500 2618.382510 2617.633650 2622.030605 2623.251410 2626.045047 2620.103362 2623.974582 2629.739186 2635.838881 2641.250057 2646.801415 2648.870508 2644.600629 2643.697057 2634.219108 2619.770516 2609.036161 2600.688409 2599.624586 2595.756400 2586.873733 2572.364031 2579.132041 2593.891404 2597.490970
2578.846184 2588.568121 2600.065266 2603.251017 2598.705439 2601.192401 2603.534786 2605.501683 2604.449665 2601.831677 2598.930564 2610.604174 2619.505413 2621.617074 2624.911350 2629.610220 2631.257068 2620.865767 2619.331036 2627.350703 2637.249260 2643.021591 2643.804985 2644.190249 2641.702306 2641.289123 2641.721559 2640.462366 2640.921702 2643.233241 2641.919078 2645.654943 2651.415997 2655.466571 2648.551849 2639.664374 2641.201145 2649.183918 2658.408928 2665.415919 2674.892433 2684.809893 2683.544436 2677.468210 2667.536266 2653.485315 2629.435409 2610.408361 2598.277443 2589.362368 2581.002898 2581.820100 2576.304048 2588.017466 2588.507034
2573.329841 2593.618924 2614.354595 2621.466194 2616.197140 2612.799576 2611.873832 2613.351413 2613.576546 2615.687324 2626.416497 2639.707318 2653.957465 2657.205353 2660.012461 2659.534294 2651.262668 2641.523825 2639.169728 2653.591070 2672.007914 2680.819836 2681.444268 2679.055556 2684.192155 2684.758775 2685.468905 2682.489353 2684.362170 2683.768395 2691.047644 2699.048107 2706.948347 2705.588245 2693.092186 2680.786431 2679.947953 2684.171033 2689.544103 2695.957253 2705.136739 2713.251738 2707.048139 2699.877482 2690.218398 2662.046176 2635.411334 2619.358199 2617.743972 2616.825192 2611.214711 2607.455192 2604.329299 2597.875803 2596.529418
2618.453928 2639.293299 2661.703517 2676.689192 2671.663812 2665.007544 2657.037511 2658.354771 2660.593483 2668.175793 2680.416258 2695.685586 2719.276013 2720.765346 2722.813029 2723.235476 2711.755312 2699.655970 2690.115831 2711.629827 2723.280575 2731.393417 2730.941616 2738.475027 2748.533908 2745.756455 2740.023988 2729.553032 2736.270060 2745.142579 2760.818716 2768.758452 2773.749688 2770.189271 2757.023720 2750.362351 2750.645122 2755.279125 2754.660052 2761.099440 2769.169700 2782.769351 2780.199227 2773.532948 2751.255075 2712.833908 2679.887497 2661.817119 2670.630532 2662.674942 2652.968319 2649.945834 2636.248857 2626.267409 2626.785244
2666.657320 2683.192179 2701.534670 2719.509890 2712.991866 2703.842741 2689.515351 2688.362267 2694.740691 2706.069819 2725.219845 2745.828238 2767.999631 2770.634031 2767.733069 2776.402619 2772.336210 2763.084911 2756.225754 2775.176257 2786.419746 2795.787790 2803.406893 2817.121566 2829.076269 2816.004754 2801.794323 2794.209510 2801.663540 2826.184970 2847.550324 2852.830039 2852.688018 2852.920270 2839.414163 2833.859886 2829.303510 2827.455643 2823.086676 2819.519952 2841.311438 2859.749260 2857.429548 2833.668908 2809.079690 2770.908260 2731.542500 2702.604298 2709.372912 2704.159091 2704.089688 2690.412768 2675.381164 2662.947050 2654.511991
2737.090689 2762.575881 2781.437251 2802.108499 2797.068767 2777.260443 2765.067983 2769.538799 2783.982888 2792.986267 2811.667345 2832.051172 2860.549841 2876.492713 2891.047523 2797.542626 2889.913682 2881.837913 2870.303764 2874.165936 2896.800643 2803.842786 2811.166898 2820.219629 2832.738114 2834.704838 2829.181334 2827.800056 2831.804125 2843.244254 2855.928150 2862.615364 2866.328267 2869.403419 2859.168031 2847.249059 2844.372152 2838.018553 2835.139310 2833.865217 2842.595615 2860.201929 2857.450366 2824.443953 2799.427851 2867.663686 2828.124909 2796.111023 2784.278144 2797.245201 2792.249104 2773.530444 2758.039668 2727.192430 2715.898312
2824.506100 2859.596404 2886.166025 2800.172371 2807.615548 2795.747115 2794.619563 2798.517745 2806.317352 2809.791220 2816.409906 2848.422459 2881.719744 2907.643409 2930.565283 2936.524272 2926.350803 2916.609983 2903.624514 2894.677548 2903.573518 2918.258127 2935.515494 2950.607073 2961.876853 2964.459787 2963.034570 2963.211214 2966.015400 2969.004876 2972.903442 2980.639328 2988.014086 2983.086749 2991.709867 2983.029209 2980.209084 2970.236608 2959.876181 2957.872069 2958.447351 2960.660361 2961.452660 2947.626856 2909.164982 2880.394277 2849.119990 2827.151731 2811.955149 2809.557509 2896.128776 2870.450947 2818.747085 2780.327942 2745.688427
2821.685351 2862.467223 2891.263383 2908.583742 2921.733170 2920.306815 2922.125921 2923.449758 2927.634030 2930.676842 2934.539890 2959.654574 2985.493023 3023.413935 3053.793899 3054.606295 3042.038345 3030.912649 3021.382151 3008.072781 3004.254892 3015.360158 3029.412591 3048.357405 3058.996233 3066.068276 3063.481829 3063.750011 3065.169007 3067.357590 3069.368978 3072.486763 3081.328273 3095.136675 3108.660217 3108.381778 3091.436683 3073.919629 3057.664504 3053.977465 3050.669945 3045.683747 3047.594538 3049.377133 3036.321957 3007.623995 2983.806743 2943.339964 2924.096513 2907.525586 2897.893586 2882.001502 2848.024568 2898.763131 2859.611448
2934.312482 2965.993803 2980.541807 3010.017429 3025.535588 3028.996223 3026.998364 3026.442007 3033.278997 3036.765022 3043.432670 3059.672123 3088.826967 3122.077316 3150.614433 3166.312949 3159.553211 3143.084753 3122.283255 3113.745225 3111.269205 3114.399213 3123.048167 3134.508407 3152.819465 3171.152313 3175.587416 3176.421436 3175.006284 3176.113420 3177.509191 3177.598635 3179.988303 3187.433596 3196.517842 3199.670934 3192.788346 3174.458297 3152.059264 3140.008447 3133.048975 3129.460848 3129.767234 3133.999492 3136.407192 3122.740135 3089.764924 3047.681341 3017.355337 3000.847358 2988.016503 2989.193629 2977.528502 2950.409629 2930.511431
3027.337726 3041.768407 3068.502308 3096.276588 3118.951630 3133.838339 3134.995373 3138.527135 3143.120071 3150.929393 3165.903449 3186.598023 3204.059689 3224.948051 3249.922346 3265.060878 3270.354915 3269.186844 3265.864454 3267.209497 3267.507685 3214.173464 3219.586678 3224.969278 3239.492703 3252.970201 3257.747514 3258.289496 3256.155353 3257.759771 3258.409580 3258.365987 3258.001771 3259.718644 3264.031840 3265.680265 3263.642857 3252.630044 3266.973899 3247.837392 3234.867516 3226.927190 3218.917758 3210.706396 3201.398510 3191.805420 3174.313749 3144.923908 3111.355938 3088.873540 3080.433262 3074.886449 3067.304723 3062.095389 3046.054065
3124.672927 3135.203228 3152.451298 3174.181363 3204.791242 3226.770610 3237.731545 3246.671715 3251.242591 3264.590396 3280.228922 3266.951713 3274.031932 3281.359233 3288.639582 3291.139669 3291.855416 3291.524980 3289.186504 3288.526100 3286.313278 3282.561010 3272.383359 3273.961379 3275.791399 3278.374613 3282.043001 3280.882470 3281.940594 3284.877796 3283.190831 3277.312813 3273.378113 3271.808516 3272.664269 3279.997276 3283.381587 3284.292523 3281.536840 3280.675021 3279.826009 3276.927558 3273.308819 3268.207405 3261.681621 3273.574791 3262.204228 3235.674937 3197.723625 3159.935774 3151.032688 3151.554279 3151.844149 3150.233598 3144.816326
3242.359284 3255.373853 3269.497532 3252.151475 3271.162252 3280.905750 3285.461947 3289.143359 3291.802944 3294.390700 3291.327984 3288.224480 3283.420802 3281.955718 3280.638778 3278.234628 3278.878549 3276.995747 3273.003195 3269.134072 3261.614505 3250.326723 3239.157275 3235.879476 3240.254759 3245.708734 3250.635475 3254.749181 3258.356544 3258.641554 3253.388468 3245.160186 3237.779099 3236.066399 3242.811019 3248.482224 3254.654278 3255.471834 3254.089979 3251.736209 3251.613704 3248.567407 3248.850591 3255.732152 3270.018795 3273.496531 3278.526538 3277.809920 3263.622422 3237.960365 3244.758119 3225.157014 3230.662760 3226.245322 3215.124003
3283.032236 3285.394292 3284.005052 3282.738506 3276.507759 3270.564758 3269.829008 3273.816365 3280.804160 3281.946982 3274.983718 3266.576203 3259.516202 3252.355710 3250.135259 3249.445553 3249.135163 3249.573177 3244.348903 3235.516006 3219.099439 3207.627483 3196.603316 3190.692072 3187.416072 3191.258049 3202.094925 3213.557884 3218.472925 3209.879591 3201.732299 3190.286134 3182.272658 3182.673575 3184.009982 3193.329977 3209.338355 3216.067429 3216.804042 3210.681537 3204.694118 3198.221587 3195.388149 3201.828714 3216.882009 3233.058890 3248.016644 3256.804249 3264.337250 3271.216201 3270.947237 3273.283141 3274.568595 3272.753492 3274.717449
3277.056644 3270.236382 3263.432375 3258.277465 3251.879377 3246.565482 3244.835087 3246.911081 3249.157520 3245.352941 3239.020265 3229.174809 3218.368095 3208.842144 3201.734300 3202.779422 3205.149787 3206.697386 3199.768715 3184.873608 3168.670119 3155.395931 3141.678876 3137.818076 3132.263504 3125.545594 3135.751042 3154.730573 3161.784567 3146.441347 3135.887823 3121.039229 3114.312618 3110.568566 3111.523459 3120.508075 3142.200570 3164.951602 3166.761957 3156.117145 3145.558714 3140.752298 3137.609138 3142.533760 3159.330180 3178.276738 3193.747468 3203.761108 3209.024710 3216.752513 3226.039387 3239.619842 3253.866079 3265.743097 3271.306115
3252.507842 3244.843537 3237.298432 3229.834171 3223.069520 3217.069253 3212.938433 3211.071724 3207.617043 3201.739248 3194.965037 3177.492919 3165.430819 3153.044089 3138.732697 3135.187207 3131.070148 3132.477517 3121.294130 3112.965799 3096.274477 3081.153119 3066.042177 3053.597804 3047.966314 3041.576440 3041.374896 3055.291763 3063.846942 3053.480782 3043.707650 3032.597277 3027.715651 3024.383054 3026.690787 3037.017365 3057.063962 3075.324035 3083.250228 3075.672407 3073.296230 3072.261838 3070.594979 3076.489158 3087.858941 3105.860245 3127.494102 3145.370370 3154.850232 3161.708310 3170.899128 3183.694918 3197.478037 3211.468010 3228.967398
3222.410971 3213.363419 3203.693105 3194.283412 3184.124600 3175.250517 3169.107537 3171.616967 3165.715257 3160.184994 3139.652608 3087.282953 3067.686377 3049.448004 3033.879742 3027.780423 3019.983713 3006.172641 2997.705833 2992.980829 2993.228937 2979.471685 2976.415025 2959.336941 2954.396103 2950.709232 2935.382639 2932.978644 2934.110945 2947.439519 2941.128341 2938.846420 2939.841379 2937.488567 2939.280150 2952.269058 2960.991726 2967.587542 2974.234223 2977.592216 2987.053678 2979.413716 2987.473282 3003.831053 3014.850030 3030.211398 3050.280714 3074.600807 3089.079250 3098.207436 3108.371130 3123.330726 3139.251745 3156.552537 3178.545262
3188.515125 3174.284682 3160.264537 3146.389672 3134.084925 3121.735010 3106.994189 3108.979735 3106.901787 3097.514808 3046.772903 3006.588698 2988.541480 2971.483327 2948.426727 2935.584962 2922.208975 2886.834737 2870.317005 2868.738926 2881.442130 2876.751324 2861.710736 2849.531484 2840.533286 2831.871336 2815.342226 2798.899338 2804.660092 2821.680643 2821.455715 2823.719821 2830.766760 2830.024613 2824.113781 2823.265157 2835.787462 2841.813607 2852.620365 2868.760188 2873.379523 2885.964961 2917.641549 2930.460505 2945.306598 2963.847590 2984.174659 2990.730981 3011.828532 3025.135859 3039.646054 3057.342670 3073.549142 3093.471617 3115.766323
3140.795797 3111.074260 3090.862305 3074.206799 3056.356986 3031.483319 3011.979401 3010.251710 3004.478422 2978.645253 2942.204938 2907.697903 2883.640516 2862.147085 2839.278519 2818.668352 2889.424712 2853.731468 2830.596256 2842.490266 2851.501680 2859.580602 2846.770510 2834.562686 2823.759561 2805.649000 2788.284878 2772.296767 2782.340553 2790.808048 2807.584208 2814.169023 2818.770557 2824.936073 2824.869542 2817.094869 2816.108630 2826.391595 2838.614830 2852.651821 2874.503010 2802.123045 2824.783285 2842.372837 2862.466475 2879.597083 2900.804754 2923.152364 2945.259610 2961.786392 2979.704712 2982.742650 3002.631827 3021.524404 3044.214312
3064.832794 3037.369762 3011.685320 2989.733164 2974.529504 2930.562679 2917.998634 2909.358675 2889.792600 2845.343874 2806.129745 2887.486384 2869.788935 2843.481660 2819.096092 2788.138778 2755.202631 2731.240816 2709.403605 2717.667333 2726.064543 2743.193391 2732.864637 2724.200585 2719.599153 2703.534973 2689.421392 2672.889092 2679.120249 2690.684464 2712.946782 2718.944750 2723.582759 2733.358460 2733.703069 2730.930565 2716.850675 2725.802428 2738.531119 2755.337727 2787.447744 2810.252954 2835.209318 2859.592863 2881.822455 2801.503046 2822.033762 2844.679194 2868.886594 2887.880286 2906.391177 2927.073033 2946.165167 2961.235221 2978.184015
2974.637114 2950.707453 2930.951516 2907.392082 2868.613531 2827.241178 2895.398425 2867.920650 2815.318214 2777.178274 2751.340010 2746.679835 2731.134208 2708.361247 2686.361588 2662.835384 2638.882530 2618.136121 2592.188761 2596.186134 2610.323993 2625.844425 2624.906431 2624.187035 2621.691315 2611.407891 2597.427925 2583.457484 2586.948535 2603.602925 2621.501497 2631.379001 2639.434858 2647.893485 2648.641585 2640.767659 2632.335073 2638.666622 2655.313410 2674.951220 2695.183092 2717.772887 2741.165847 2764.074952 2788.935108 2812.266782 2838.035139 2865.761206 2795.539912 2814.471603 2837.395204 2859.750004 2876.369462 2885.454046 2894.207850
2874.548161 2855.172487 2832.423582 2807.393751 2864.489052 2822.296501 2780.544156 2732.099705 2695.847655 2662.038699 2650.907210 2633.231135 2617.312609 2600.447480 2578.718108 2561.228162 2544.828463 2522.528255 2510.031118 2516.028833 2528.569592 2536.579025 2541.910129 2539.056006 2536.076048 2529.639303 2515.417254 2509.825743 2519.399229 2534.603112 2548.655742 2560.243546 2567.568242 2573.489351 2571.281114 2563.214014 2560.719632 2569.958882 2586.417298 2600.691759 2617.026568 2639.077516 2662.684212 2686.438219 2711.258455 2735.465142 2762.463869 2790.092264 2816.776287 2846.279451 2871.587149 2797.807034 2805.037959 2814.226599 2814.985870
2848.156990 2833.398629 2805.307300 2774.642174 2744.723037 2708.752030 2681.006561 2645.640567 2613.781623 2583.495836 2556.396210 2541.689803 2533.312857 2518.705241 2500.274933 2487.933323 2471.430786 2459.176238 2463.281745 2464.115038 2472.082003 2470.202536 2470.554477 2467.564394 2466.470922 2463.519045 2456.272199 2467.007794 2473.708271 2487.353779 2497.628428 2507.522995 2513.769022 2517.927405 2519.421080 2515.502940 2521.703636 2528.824789 2543.469340 2555.458777 2570.096133 2590.960386 2608.396494 2628.481443 2653.655497 2678.567504 2704.690133 2732.528456 2762.438584 2789.457403 2809.943999 2818.041699 2830.347578 2836.081631 2829.776481
