tests/Borden05m/sims/sim_1/output-maps/psiliqL0018N0006.asc
ncols         160
nrows         34
xllcorner     620200.000000
yllcorner     5168000.000000
cellsize      0.500000
NODATA_value  -9999.0
[rows 0 to 24 of 34, columns 55 to 109 of 160]
-9999.0 -9999.0 -9999.0 -9999.0 -9999.0 -9999.0 -9999.0 -9999.0 -9999.0 -9999.0 -9999.0 -9999.0 -9999.0 -9999.0 -9999.0 -9999.0 -9999.0 -9999.0 -9999.0 -9999.0 -9999.0 -9999.0 -9999.0 -9999.0 -9999.0 -9999.0 -9999.0 -9999.0 -9999.0 -9999.0 -9999.0 -9999.0 -9999.0 -9999.0 -9999.0 -9999.0 -9999.0 -9999.0 -9999.0 -9999.0 -9999.0 -9999.0 -9999.0 -9999.0 -9999.0 -9999.0 -9999.0 -9999.0 -9999.0 -9999.0 -9999.0 -9999.0 -9999.0 -9999.0 -9999.0
-9999.0 -9999.0 -9999.0 -9999.0 1833.592246 1828.311232 1823.529132 1819.154459 1810.841417 1802.059488 1794.358290 1790.802404 1790.291591 1789.979178 1789.981834 1795.543921 1803.998136 1812.014972 1819.397794 1822.091187 1824.759356 1827.109179 1827.761009 1826.839476 1823.897267 1820.890731 1817.778447 1816.455362 1808.907562 1797.863290 1789.454303 1786.883601 1791.308465 1795.766643 1798.227438 1803.717468 1814.123116 1824.554686 1832.706063 1844.390744 1850.180640 1854.879989 1857.183655 1852.612551 1848.686717 1844.396999 1838.586159 1827.357127 -9999.0 -9999.0 -9999.0 -9999.0 -9999.0 -9999.0 -9999.0
1778.849716 1798.000034 1818.692679 1822.048908 1810.416778 1805.571326 1802.635605 1801.117036 1796.926220 1788.806262 1784.098109 1779.174991 1777.521729 1778.069123 1778.567513 1782.990924 1793.831448 1802.141448 1807.183234 1810.055046 1813.028135 1812.508182 1812.149611 1812.136406 1809.526145 1806.360956 1803.255013 1801.710592 1802.795587 1795.450245 1789.985136 1786.552001 1784.501729 1787.149057 1789.639769 1793.394620 1802.570778 1810.349796 1818.065607 1832.249277 1844.467868 1849.357609 1846.284126 1840.881695 1836.525378 1829.066223 1818.367864 1807.947283 1799.000140 1791.989845 1785.919733 1779.205813 1784.566248 1790.840138 1799.709312
1764.063615 1783.771995 1804.440477 1807.504468 1797.180403 1789.428008 1784.097230 1784.865805 1788.277865 1785.398916 1781.247181 1775.740064 1785.366698 1787.084582 1788.589682 1792.350645 1795.459939 1799.780787 1802.778211 1808.450121 1817.712388 1820.729715 1821.494160 1821.873712 1820.267877 1817.391048 1815.825825 1813.360958 1808.434200 1807.347073 1807.632244 1807.178638 1811.938039 1813.507810 1815.681799 1809.369780 1813.063573 1819.000632 1825.527613 1831.239852 1837.208481 1840.060911 1836.165950 1835.190960 1826.134333 1811.731048 1800.504999 1791.890320 1790.333253 1786.583035 1777.920621 1763.961026 1770.610752 1785.442672 1789.209522
1771.323635 1781.040143 1792.894953 1796.200763 1791.652826 1793.790726 1795.953782 1797.865747 1796.750555 1794.150711 1791.872834 1804.188066 1813.778325 1816.025132 1819.341126 1823.652415 1824.133125 1813.122103 1811.273078 1819.505786 1829.871433 1835.693177 1836.187670 1836.300431 1833.936470 1833.202894 1833.236981 1831.558914 1832.178363 1834.603290 1833.957037 1838.196919 1843.979570 1847.165490 1840.351186 1831.391736 1832.548944 1840.268803 1848.434551 1855.399144 1865.292365 1875.740909 1874.479290 1868.491472 1858.836355 1844.827419 1820.887590 1801.273495 1789.477909 1781.045757 1772.802974 1772.880110 1768.107684 1779.252359 1779.895040
1768.369112 1787.575338 1809.031853 1816.819574 1811.534277 1807.628068 1806.095202 1807.447389 1807.855307 1810.590709 1822.322892 1836.045655 1850.021978 1853.203436 1856.125026 1855.961180 1848.040798 1838.312833 1835.441094 1850.015115 1866.784203 1875.230179 1875.775393 1874.037204 1879.839884 1879.443024 1879.002875 1875.171597 1877.178078 1877.635297 1886.255415 1894.274829 1901.972466 1900.497927 1888.356332 1876.436242 1875.168097 1878.553677 1882.746433 1888.899469 1898.418535 1907.132316 1901.315603 1894.019491 1884.037515 1855.536912 1828.996669 1811.982507 1810.998097 1810.119212 1804.115369 1800.076369 1796.403432 1789.217812 1787.704901
1815.262375 1836.712110 1857.737779 1873.317425 1868.264418 1861.246461 1852.531837 1853.733249 1856.544946 1864.588098 1877.430696 1893.946394 1917.894371 1920.280115 1923.160339 1925.028204 1913.887159 1901.890261 1891.754714 1911.586637 1922.510985 1930.951797 1931.446419 1939.901793 1949.734526 1946.069766 1939.285557 1928.970123 1935.610241 1946.007502 1961.671930 1969.396344 1974.163620 1971.894389 1959.790178 1953.476284 1952.725140 1955.948236 1954.235031 1959.569280 1968.444239 1982.522473 1980.720461 1972.794080 1950.138797 1911.995488 1878.206479 1859.261166 1865.481347 1857.494886 1849.219133 1845.241912 1830.807574 1819.731683 1819.104838
1865.862747 1883.332903 1901.994062 1920.614306 1915.307655 1905.834755 1892.276805 1891.662370 1898.785667 1909.816606 1929.213326 1951.193745 1974.484983 1980.094239 1980.454904 1990.783360 1984.938534 1975.757282 1968.418033 1983.826999 1995.581221 2007.145363 2015.834102 2028.970285 2040.576341 2029.034621 2015.859117 2009.478990 2016.072401 2038.626443 2058.462940 2064.131475 2065.103970 2066.869705 2055.583875 2049.415555 2043.531081 2039.776219 2034.418320 2030.365139 2050.249183 2067.554491 2065.326964 2041.561133 2016.742430 1977.939977 1938.748347 1907.905664 1910.638021 1905.889407 1904.647574 1889.707008 1873.837488 1859.004507 1850.165483
1942.271536 1969.916055 1990.315802 2012.850911 2011.162254 1993.225401 1983.308364 1988.092589 2001.865882 2010.271800 2027.778116 2050.296743 2080.709028 2099.526228 2116.559929 2121.691396 2114.463537 2106.327956 2094.290645 2095.571777 2115.694942 2128.279585 2138.684235 2149.096916 2162.131224 2166.359976 2162.885743 2162.672398 2167.108218 2177.333530 2189.142407 2196.674077 2201.821408 2206.519453 2199.360092 2187.986230 2182.838440 2174.718024 2169.295729 2166.618276 2171.598041 2185.148271 2181.527174 2150.342774 2121.920989 2087.052264 2047.943867 2015.664378 2000.606109 2009.420838 1999.691849 1980.218054 1962.066076 1928.523957 1914.224823
2037.700300 2073.839451 2101.767186 2116.407595 2128.788186 2121.368782 2122.483168 2127.295654 2135.743854 2140.961396 2149.338953 2182.755573 2218.060071 2246.577315 2271.033969 2279.922926 2269.622982 2260.566404 2248.746218 2240.235231 2247.556576 2263.594497 2281.137564 2296.977644 2308.701873 2312.265983 2311.472025 2312.403637 2315.691681 2319.484500 2323.862762 2331.771840 2340.053725 2350.559434 2360.637834 2352.709388 2334.922131 2323.123070 2310.591775 2306.547988 2305.446836 2304.994180 2304.286340 2291.920791 2255.105426 2223.807958 2190.168494 2163.079356 2143.039581 2132.126603 2110.645057 2085.170027 2035.000398 1993.703780 1958.025272
2150.579486 2194.188195 2225.901919 2248.759121 2264.179441 2265.763061 2268.690788 2271.365689 2277.096055 2282.042627 2288.449784 2313.638800 2354.004585 2392.860717 2423.820143 2426.869186 2416.492511 2406.415361 2397.196409 2385.757138 2382.764136 2392.920053 2406.094255 2424.107145 2435.434714 2443.952582 2442.440532 2443.386893 2445.306166 2448.048325 2450.801904 2454.303412 2463.159208 2476.908136 2489.578388 2489.640883 2473.683113 2456.171425 2439.079362 2433.404572 2428.390058 2422.383538 2422.568046 2422.609952 2410.549923 2381.410488 2341.963143 2298.601002 2274.129635 2253.236705 2238.575020 2219.735448 2185.682077 2125.800178 2089.370376
2285.289246 2317.329169 2348.925477 2380.816589 2398.950537 2405.218718 2405.030056 2406.221676 2413.921336 2419.372433 2428.349745 2445.426874 2473.277290 2505.325106 2533.607821 2550.527998 2545.713952 2531.631349 2513.079625 2506.613882 2505.193108 2508.236920 2516.259887 2526.394134 2543.594683 2561.156351 2567.919937 2569.223446 2566.631705 2570.290932 2572.595259 2573.545165 2576.056435 2582.785946 2591.111946 2593.826548 2587.350075 2568.232879 2546.558339 2533.379682 2525.527395 2521.220539 2519.947958 2522.000603 2521.968594 2507.745220 2475.080558 2433.448507 2400.189769 2379.332045 2362.312191 2345.360939 2330.829833 2303.276032 2281.455610
2411.006201 2427.197696 2455.359032 2483.872464 2507.854915 2523.952252 2526.794918 2531.588743 2536.621179 2545.716412 2561.571248 2583.684644 2600.384354 2619.903859 2643.458644 2657.689948 2663.479648 2663.374812 2661.415354 2663.353048 2663.930899 2623.109920 2627.580338 2631.914939 2643.150582 2654.277080 2658.478895 2659.182554 2657.786349 2659.923156 2661.211029 2661.990738 2662.277762 2663.681689 2667.252280 2668.553522 2666.823276 2657.509839 2666.788645 2648.897588 2636.680628 2629.096363 2621.174931 2612.491961 2602.421474 2591.665627 2572.027585 2542.653811 2508.275819 2482.592508 2470.932739 2462.204160 2452.324294 2444.198350 2425.854454
2523.793273 2536.266150 2554.113320 2576.161921 2607.447840 2628.539124 2639.360755 2648.053902 2652.653528 2665.429449 2680.082344 2670.942745 2676.746232 2682.578893 2688.282909 2690.272730 2690.908135 2690.778848 2688.666794 2688.302779 2686.450644 2682.360632 2672.467630 2673.823905 2675.272629 2677.618401 2681.134643 2679.930256 2681.104061 2684.471314 2683.471794 2678.444882 2675.286975 2674.204024 2675.218113 2682.652924 2686.095517 2687.183669 2685.639763 2685.441823 2685.413842 2683.741088 2681.333532 2677.519547 2672.290464 2679.815038 2668.262176 2642.648969 2606.213140 2567.425172 2554.978703 2551.678380 2549.985283 2545.650954 2537.803633
2649.333896 2662.786649 2677.118390 2666.932015 2682.313293 2690.057055 2693.482875 2696.327125 2698.436389 2699.936410 2696.450579 2692.916567 2687.871063 2686.140569 2684.456469 2681.711336 2682.053350 2679.936708 2675.853244 2672.014295 2664.805968 2653.574085 2642.026685 2638.641469 2642.583565 2647.319949 2651.557349 2655.009682 2658.475212 2659.395580 2654.902113 2647.520776 2640.954658 2639.709155 2646.742272 2652.750152 2658.949786 2660.331613 2659.826386 2658.716186 2659.927546 2658.327025 2659.706178 2667.095379 2681.275259 2685.994027 2689.876821 2689.154641 2677.783440 2657.117097 2656.780521 2636.332162 2639.639345 2633.718663 2621.006173
2694.824983 2697.324625 2696.704391 2695.429032 2689.349060 2683.194261 2681.908731 2685.071259 2691.074795 2691.335843 2683.445431 2674.174079 2666.277453 2658.431458 2655.383149 2653.616294 2652.430780 2652.105913 2646.365237 2637.497824 2620.935299 2608.831434 2597.051058 2590.309605 2586.811852 2590.328651 2599.952094 2610.029387 2614.613805 2607.073705 2599.729749 2589.325699 2582.009348 2582.973659 2585.313031 2595.048350 2610.761975 2617.472157 2619.472038 2615.420989 2611.886349 2607.491728 2606.673166 2614.619430 2630.642873 2647.349454 2662.357655 2671.347165 2679.073921 2685.805721 2687.169273 2688.654695 2689.039955 2686.808178 2686.417714
2693.136474 2686.647146 2679.949666 2674.593758 2667.567974 2661.234861 2658.428473 2659.363759 2660.445979 2655.305711 2647.142502 2635.318333 2622.866329 2611.742318 2603.571089 2603.077950 2604.076288 2604.263843 2596.679060 2581.061147 2562.072730 2547.667020 2532.757341 2527.630150 2521.211472 2514.533730 2523.916510 2541.278370 2547.589505 2533.213286 2523.388509 2509.494522 2503.214869 2500.505795 2502.472290 2512.451611 2534.251128 2556.728549 2560.020014 2551.968141 2544.295612 2542.005976 2541.457037 2549.073273 2568.178752 2590.455446 2607.146577 2618.271101 2624.863499 2633.686560 2643.772688 2657.303173 2671.161625 2682.468979 2689.005943
2670.404534 2662.343949 2654.186735 2645.859234 2637.807335 2630.081588 2624.173353 2620.268485 2615.048389 2606.829471 2597.336123 2577.198272 2562.620594 2548.155995 2532.022150 2526.544774 2521.183783 2521.192768 2508.805219 2498.576017 2480.175192 2463.604375 2446.446355 2433.261939 2426.054657 2418.592910 2419.167443 2432.881187 2441.177500 2429.575032 2419.896619 2408.623686 2403.894068 2401.370791 2404.395917 2415.739488 2437.933508 2457.999658 2467.584321 2462.401619 2461.735573 2463.493247 2465.019229 2473.461041 2488.444505 2509.292492 2532.762164 2552.057113 2563.601000 2572.744236 2584.029403 2600.231903 2615.151374 2629.720550 2647.396017
2637.991022 2627.770320 2616.831554 2605.896856 2593.648742 2580.385655 2571.808686 2571.125001 2562.065799 2553.074629 2531.518563 2478.732843 2456.391362 2435.287413 2417.080658 2408.602020 2398.747098 2385.519877 2375.178797 2368.195828 2363.992727 2347.527680 2327.859268 2309.241439 2302.568491 2297.287011 2283.501062 2283.235545 2284.730407 2294.109499 2287.592759 2284.298794 2284.590866 2282.937847 2286.251585 2300.657770 2312.110534 2321.973329 2330.624709 2334.616369 2346.071496 2356.747884 2366.729392 2386.012346 2401.071384 2420.350165 2444.114849 2471.618543 2488.718281 2500.898798 2513.954962 2531.388388 2549.519133 2568.437141 2591.923561
2597.288134 2579.951841 2564.080745 2547.916486 2532.925722 2517.837460 2500.845595 2499.045955 2492.773140 2479.822558 2428.659423 2383.322900 2346.252759 2325.186938 2299.485660 2284.450123 2268.577002 2234.960279 2217.718388 2212.786213 2220.783676 2212.454670 2194.778372 2180.173878 2169.977468 2160.794828 2144.706596 2130.601975 2135.474052 2150.379827 2148.583026 2149.613280 2155.988054 2155.565923 2151.622225 2154.551922 2169.305485 2178.008314 2190.600918 2207.363114 2214.713128 2230.112469 2262.764579 2279.222100 2297.586313 2320.311835 2345.155637 2371.852691 2396.970956 2414.164549 2432.405868 2454.267170 2473.845155 2496.772084 2521.818383
2537.398452 2506.578494 2484.164571 2464.457202 2443.081156 2416.392495 2392.792735 2386.867270 2376.410871 2348.546132 2294.976485 2252.906072 2222.607153 2197.378232 2170.837372 2147.109197 2112.904603 2078.265635 2055.926089 2064.746481 2072.438809 2076.884776 2062.833795 2049.733417 2038.636389 2021.859564 2005.047715 1990.670898 1999.987239 2008.402320 2021.776914 2027.137444 2031.383222 2036.124105 2035.696036 2029.388087 2031.085618 2041.121970 2053.112165 2066.466658 2086.145644 2121.076064 2148.501270 2169.197473 2193.047609 2216.216074 2242.137676 2269.469400 2295.632425 2316.286816 2338.863883 2362.350343 2387.154733 2410.697450 2437.831244
2449.193433 2418.818488 2389.431052 2363.107103 2329.988802 2284.099526 2265.712287 2253.184551 2232.480804 2187.403099 2141.830646 2110.048553 2088.225740 2061.443959 2036.485595 2006.482964 1972.386844 1946.942944 1925.511165 1932.773197 1940.121346 1954.367016 1942.901355 1932.788248 1927.167384 1911.338141 1897.137471 1881.339695 1887.996203 1898.817925 1918.980226 1924.200058 1928.332061 1936.959333 1936.763048 1934.199074 1922.357457 1931.421922 1943.555482 1959.456943 1990.504164 2016.252654 2041.832460 2065.914171 2088.778986 2114.310262 2141.062190 2168.447084 2198.397226 2222.065723 2245.300564 2271.015188 2295.049370 2315.791892 2338.800560
2326.615975 2298.875583 2274.557253 2246.965849 2204.193552 2157.140202 2116.458704 2092.189101 2044.494571 2007.242956 1976.483532 1964.192067 1946.231173 1922.489372 1900.079240 1877.924908 1852.548272 1830.657809 1805.185192 1808.741324 1821.803866 1836.268001 1833.042899 1830.835711 1827.774292 1816.901253 1802.906033 1789.006391 1792.462507 1808.444103 1825.853395 1834.716425 1842.174032 1850.255957 1850.777500 1843.396017 1835.125680 1841.416995 1857.337937 1874.937035 1895.854359 1919.107064 1942.470132 1965.148922 1990.189681 2016.030569 2042.460784 2071.074091 2101.631079 2126.224691 2153.841744 2182.420423 2204.803997 2219.767266 2235.238237
2206.202549 2182.391894 2155.568160 2125.471696 2081.250742 2037.606809 1993.295224 1947.851372 1912.242429 1879.824482 1865.127432 1845.836486 1828.221808 1810.071127 1787.885864 1768.653741 1750.730133 1728.191812 1713.349804 1718.794297 1731.243522 1740.209718 1744.247210 1741.085681 1737.865019 1730.846041 1716.730586 1709.313343 1718.370136 1733.569239 1747.891713 1758.885003 1765.942791 1771.911888 1769.526035 1761.459808 1757.751553 1766.699850 1783.127725 1798.403984 1815.678770 1838.038772 1860.320515 1883.692116 1908.226872 1932.741060 1959.854856 1987.930000 2016.869480 2046.416342 2072.837708 2097.100460 2111.177220 2125.769604 2133.786088
2065.655908 2048.945046 2020.915051 1990.346688 1956.879749 1918.856517 1889.182889 1855.423620 1822.993731 1791.440374 1764.123687 1747.717465 1738.129656 1722.951128 1703.697959 1690.369670 1673.330349 1658.727541 1660.915762 1662.359511 1671.389866 1670.545418 1670.803375 1667.642101 1666.397441 1662.779736 1654.105085 1663.258482 1670.176862 1684.157729 1694.600054 1704.278127 1710.492388 1714.621221 1715.477043 1710.598697 1715.784600 1723.033065 1737.864790 1750.175743 1765.381533 1786.736017 1805.053338 1825.573273 1849.250092 1873.841755 1899.668192 1927.326082 1957.299510 1984.463952 2006.014657 2017.322593 2030.680993 2038.056748 2033.713500
