tests/Borden05m/sims/sim_1/output-maps/psiliqL0017N0008.asc
ncols         160
nrows         34
xllcorner     620200.000000
yllcorner     5168000.000000
cellsize      0.500000
NODATA_value  -9999.0
[rows 0 to 24 of 34, columns 55 to 109 of 160]
-9999.0 -9999.0 -9999.0 -9999.0 -9999.0 -9999.0 -9999.0 -9999.0 -9999.0 -9999.0 -9999.0 -9999.0 -9999.0 -9999.0 -9999.0 -9999.0 -9999.0 -9999.0 -9999.0 -9999.0 -9999.0 -9999.0 -9999.0 -9999.0 -9999.0 -9999.0 -9999.0 -9999.0 -9999.0 -9999.0 -9999.0 -9999.0 -9999.0 -9999.0 -9999.0 -9999.0 -9999.0 -9999.0 -9999.0 -9999.0 -9999.0 -9999.0 -9999.0 -9999.0 -9999.0 -9999.0 -9999.0 -9999.0 -9999.0 -9999.0 -9999.0 -9999.0 -9999.0 -9999.0 -9999.0
-9999.0 -9999.0 -9999.0 -9999.0 1637.604911 1632.322254 1627.533749 1623.169136 1614.869491 1606.157424 1598.488177 1595.028636 1594.622963 1594.405624 1594.525451 1600.228033 1608.809882 1616.992442 1624.604475 1627.557260 1630.530602 1633.239885 1634.261095 1633.684799 1631.076458 1628.367493 1625.508046 1624.401339 1616.945300 1605.979112 1597.588043 1595.039422 1599.494314 1603.968079 1606.436594 1611.986560 1622.426732 1632.872751 1641.002966 1652.570069 1658.138130 1662.627218 1664.712856 1659.846748 1655.594996 1651.019129 1645.027058 1633.633495 -9999.0 -9999.0 -9999.0 -9999.0 -9999.0 -9999.0 -9999.0
1582.911505 1602.145423 1622.804061 1626.184634 1614.555075 1609.735999 1606.828709 1605.336734 1601.165881 1593.111330 1588.477942 1583.653552 1582.159107 1582.811697 1583.429515 1588.000972 1598.925728 1607.413199 1612.680378 1615.806210 1619.080135 1619.022072 1619.072073 1619.444841 1617.210568 1614.384972 1611.557089 1610.231367 1611.386201 1604.132565 1598.752012 1595.370019 1593.419688 1596.049274 1598.519839 1602.197099 1611.418442 1619.228736 1626.945158 1641.002556 1653.028377 1657.673226 1654.325306 1648.564610 1643.856640 1636.097994 1625.122663 1614.411841 1605.129642 1597.822331 1591.518428 1584.658416 1589.808168 1595.829851 1604.612898
1568.367339 1588.137162 1608.832883 1611.962415 1601.638799 1593.894031 1588.769519 1589.594573 1593.028623 1590.231433 1586.205176 1581.032013 1590.662090 1592.520377 1594.174525 1598.058173 1601.387219 1605.717018 1608.962061 1614.931824 1624.570227 1628.015375 1629.257864 1630.120454 1628.975266 1626.503377 1625.269010 1623.042235 1618.273633 1617.317858 1617.671092 1617.279767 1622.078197 1623.627555 1625.712980 1619.341363 1623.018374 1628.996990 1635.523805 1641.254160 1647.116235 1649.834690 1645.602780 1644.104175 1634.594719 1619.723677 1607.972945 1598.910165 1596.874476 1592.817576 1583.897462 1569.782311 1576.133377 1590.742125 1594.341787
1576.021177 1585.852747 1597.891215 1601.319192 1596.855841 1599.012993 1601.261835 1603.312897 1602.351674 1599.936408 1597.991840 1610.617262 1620.440426 1622.859807 1626.344302 1630.751958 1631.242255 1620.314452 1618.673483 1627.323898 1638.195825 1644.614147 1645.715241 1646.461437 1644.791645 1644.555476 1644.953011 1643.504273 1644.367572 1646.905126 1646.412543 1650.704950 1656.413274 1659.501793 1652.507927 1643.565508 1644.721198 1652.491091 1660.627480 1667.536804 1677.311330 1687.502497 1685.700910 1679.082773 1668.789531 1654.096971 1629.532907 1609.273333 1597.066098 1588.329101 1579.760426 1579.317914 1574.423182 1585.150025 1585.591050
1574.597846 1593.660735 1615.339559 1623.412406 1618.259799 1614.382544 1612.879087 1614.407867 1615.090491 1618.220278 1630.435394 1644.487314 1658.862568 1662.258182 1665.387777 1665.429752 1657.531776 1647.972150 1645.261395 1660.329945 1677.584394 1686.760194 1688.190350 1687.543413 1694.381513 1694.480804 1694.318718 1690.653260 1692.888858 1693.637173 1702.489804 1710.331330 1717.789676 1716.173672 1704.074732 1692.347791 1691.167234 1694.562553 1698.626732 1704.703352 1714.073339 1722.462553 1716.046197 1707.859304 1696.859587 1667.331937 1639.743086 1621.904177 1620.365179 1618.965005 1612.509745 1608.021142 1603.852313 1596.164891 1594.347139
1623.068770 1644.861591 1666.019987 1681.982480 1677.131845 1670.246823 1661.599087 1663.061506 1666.335018 1674.820130 1688.122945 1705.233706 1729.557656 1732.400923 1735.669601 1737.990453 1727.072739 1715.263856 1705.272622 1725.204344 1736.745034 1746.229107 1748.122314 1758.021389 1768.915101 1765.948579 1759.574534 1749.711333 1756.498374 1767.216581 1782.632912 1789.953415 1794.321271 1792.152423 1780.284953 1774.250917 1773.597109 1776.866496 1775.179654 1780.312551 1789.158279 1802.789836 1800.297966 1790.942194 1766.986597 1727.785821 1692.685329 1672.359355 1677.421524 1668.750251 1659.961343 1655.269283 1640.229158 1628.521068 1627.379688
1676.275119 1694.336233 1713.384537 1732.365208 1727.599805 1718.322068 1705.279184 1705.175714 1712.899329 1724.269581 1744.097741 1766.723053 1790.546821 1797.114952 1798.412098 1808.839378 1803.053188 1794.042047 1786.858948 1801.938425 1814.671620 1827.508237 1837.846322 1852.333972 1865.222505 1855.168062 1843.031299 1837.392425 1843.875106 1865.744619 1884.767457 1889.975630 1890.702414 1892.518759 1881.765491 1875.748747 1870.085501 1866.474510 1861.362959 1857.381381 1876.578307 1892.946153 1889.679247 1864.561398 1838.293000 1798.460023 1758.167040 1725.799659 1726.664762 1721.258969 1719.071549 1703.240992 1686.644594 1670.695284 1660.962204
1756.422138 1784.976781 1805.997928 1828.724823 1828.054771 1810.880136 1801.910545 1807.225820 1821.327757 1830.060302 1847.655259 1870.965466 1902.021384 1921.689153 1939.398885 1944.489187 1937.185858 1929.049503 1917.123241 1918.336194 1938.776732 1952.531704 1964.571949 1976.683430 1991.049553 1996.741222 1994.318339 1994.536602 1998.841263 2008.229859 2019.050962 2025.940542 2030.733216 2035.421335 2029.070425 2018.293731 2013.394947 2005.767387 2000.579543 1998.128097 2002.328234 2014.564424 2010.032451 1978.369369 1948.543076 1912.696457 1872.583771 1839.225437 1822.453386 1829.477253 1818.378787 1798.190417 1778.859392 1744.168422 1728.549710
1855.608281 1892.291106 1920.703392 1935.729726 1948.676357 1942.238616 1943.924024 1949.082662 1957.852524 1963.612438 1972.394593 2005.955525 2041.390577 2070.170794 2094.624383 2103.484149 2093.274143 2084.228629 2072.744645 2064.713380 2072.373569 2089.374227 2108.275780 2125.660208 2138.710001 2143.461354 2143.446081 2144.705079 2147.806182 2151.269668 2154.965208 2161.988405 2169.563139 2179.520375 2189.786819 2182.727880 2165.995909 2154.821758 2142.656617 2138.703931 2137.354965 2135.962621 2134.237397 2121.388552 2084.170694 2052.011739 2017.397458 1988.812711 1967.472902 1954.879387 1932.859507 1907.075390 1856.943375 1814.999591 1778.585980
1971.678802 2015.163846 2047.086309 2070.416502 2086.009492 2088.131755 2091.288159 2094.373402 2100.604791 2106.079651 2113.012227 2137.817219 2177.317695 2215.586288 2246.104455 2249.250082 2239.100146 2229.117211 2220.034865 2209.422811 2207.325963 2218.219254 2232.351201 2251.343519 2263.934200 2273.712752 2273.240167 2274.487779 2276.089532 2278.629273 2280.867013 2283.616042 2291.676418 2304.744287 2317.151069 2317.798404 2303.038422 2286.240461 2269.690981 2264.042847 2258.763845 2252.292910 2251.552075 2250.543746 2238.204171 2208.834381 2169.386048 2125.462375 2099.823805 2078.084064 2062.969775 2043.944433 2010.919305 1952.178162 1916.155205
2107.584118 2138.987241 2170.100351 2201.684854 2219.985536 2226.649376 2226.777161 2228.394933 2236.340126 2242.260990 2251.692198 2268.804850 2295.621204 2326.710772 2354.372832 2371.164765 2366.552321 2352.954368 2335.070743 2329.483742 2328.962248 2332.860111 2341.754154 2352.602985 2370.433752 2388.391135 2395.144627 2396.665270 2394.478415 2397.407636 2399.165810 2399.616943 2401.559398 2407.749516 2415.902163 2418.930274 2413.396671 2395.894715 2375.138090 2362.073157 2354.075692 2349.379183 2347.307550 2348.353694 2347.350022 2332.826957 2300.289998 2258.981261 2225.316762 2203.797505 2186.590727 2170.073900 2155.778890 2129.361916 2107.722437
2232.363529 2248.225765 2275.767272 2303.780305 2327.790985 2343.926543 2347.053088 2352.138408 2357.298459 2366.670207 2382.481777 2403.548336 2419.458016 2438.174741 2461.000321 2474.728358 2480.477622 2480.619255 2479.166224 2481.641739 2482.907508 2446.017530 2451.180897 2456.192022 2467.434797 2478.569100 2482.860538 2483.738113 2482.533916 2484.353406 2485.290864 2485.770538 2485.809241 2486.915443 2490.338180 2491.849894 2490.705120 2482.469656 2490.881270 2473.445426 2461.311511 2453.505393 2445.177033 2435.948163 2425.396568 2414.404591 2395.448860 2366.416900 2332.150100 2305.956433 2294.142995 2285.656366 2276.149477 2268.216586 2250.183001
2344.030411 2356.297923 2373.588965 2395.020830 2424.956162 2445.421943 2456.118807 2464.811149 2469.536581 2482.259500 2496.636182 2488.260934 2493.528338 2498.800341 2503.957695 2505.718954 2506.312607 2506.331451 2504.538140 2504.709688 2503.610210 2500.253197 2491.334135 2493.528030 2495.666476 2498.547970 2502.387085 2501.339572 2502.524863 2505.774215 2504.626549 2499.482014 2496.259388 2495.176849 2496.277165 2503.931216 2507.662842 2509.052206 2507.908583 2507.769044 2507.640853 2505.821140 2503.195171 2499.204792 2493.916120 2500.173126 2488.702418 2463.466775 2427.777687 2390.137325 2377.419876 2373.866460 2372.440031 2368.221401 2360.592919
2465.680869 2478.764733 2492.707847 2483.909076 2497.977090 2505.091585 2508.302728 2511.135197 2513.374957 2514.883811 2511.532156 2508.052795 2503.069189 2501.363415 2499.658939 2496.902404 2497.285438 2495.325870 2491.596029 2488.350324 2482.021354 2471.731526 2461.071472 2458.598133 2463.235140 2468.397230 2472.847336 2476.319657 2479.762828 2480.716337 2476.214228 2468.841772 2462.335149 2461.163619 2468.331607 2474.553413 2480.881194 2482.427831 2481.991397 2480.843204 2481.865757 2479.993169 2480.980501 2487.869168 2501.480127 2506.078606 2509.410008 2508.537225 2497.868997 2478.684641 2476.807259 2456.470188 2459.635535 2453.830556 2441.326170
2509.012340 2511.300115 2510.687380 2509.291858 2503.216737 2497.125637 2495.957446 2499.286261 2505.504895 2506.062723 2498.480321 2489.524251 2481.875765 2474.234558 2471.275231 2469.479018 2468.314701 2468.124060 2462.759711 2454.662012 2439.186512 2428.080332 2417.284040 2411.415036 2408.743775 2412.808054 2422.509959 2432.418304 2436.945525 2429.592017 2422.326350 2412.068413 2404.869991 2405.999826 2408.682386 2418.622423 2434.283327 2440.843378 2442.791577 2438.669035 2434.984621 2430.253669 2429.082410 2436.604061 2452.124345 2468.185729 2482.621198 2491.202014 2498.628361 2505.088012 2506.692333 2507.864881 2508.031298 2505.804610 2505.048247
2506.739526 2500.341304 2493.746632 2488.489758 2481.553851 2475.339200 2472.733125 2473.964147 2475.452425 2470.782231 2463.068349 2451.773480 2439.736991 2428.889455 2420.972783 2420.482747 2421.472382 2421.725671 2414.596351 2399.825190 2382.319160 2369.090436 2355.341995 2351.190684 2345.556878 2339.550596 2349.083303 2366.180968 2372.320246 2358.134762 2348.419826 2334.716651 2328.563364 2326.203518 2328.558706 2338.886581 2360.665597 2382.786906 2385.885245 2377.659697 2369.692532 2366.912869 2365.942863 2373.260782 2392.009318 2413.348438 2429.420751 2440.051009 2446.284922 2454.760042 2464.461041 2477.352444 2490.668041 2501.514223 2508.073171
2484.382750 2476.543109 2468.598071 2460.483488 2452.651356 2445.231960 2439.587411 2435.984257 2431.283641 2423.606424 2414.786113 2396.234522 2382.232019 2368.218880 2352.364018 2346.913498 2341.630118 2341.719050 2329.665829 2319.869390 2302.146190 2286.763777 2270.927789 2259.035807 2252.510865 2245.429075 2246.485939 2260.216896 2268.417259 2256.449271 2246.734037 2235.400523 2230.768889 2228.601346 2232.015524 2243.774147 2266.469157 2286.651428 2295.983625 2290.440384 2289.020588 2290.047787 2291.189614 2299.274049 2314.306045 2335.101046 2358.078849 2376.680025 2387.716170 2396.450893 2407.267293 2422.516563 2436.765023 2450.702643 2467.714779
2452.971463 2443.239177 2432.678012 2422.082932 2410.195141 2397.637810 2389.366716 2388.898803 2380.263228 2371.805781 2351.480844 2299.954404 2278.429314 2257.752193 2239.694213 2231.116313 2221.072804 2208.325474 2198.086589 2191.465736 2187.448344 2172.130533 2154.021769 2136.585765 2130.513381 2125.392508 2112.184637 2112.443867 2113.954174 2122.259892 2115.624148 2112.065526 2112.274744 2111.010985 2115.000770 2130.023374 2142.223514 2152.636185 2161.160177 2164.383557 2175.128306 2184.977553 2194.174135 2213.269440 2228.537221 2247.968246 2271.625956 2298.591503 2315.156544 2326.954443 2339.605713 2356.555356 2374.045999 2392.178469 2414.841141
2414.035571 2397.914346 2382.594521 2366.811881 2352.057870 2337.008359 2320.314108 2318.628444 2312.612924 2300.340268 2250.919216 2206.047464 2169.795425 2148.854129 2123.167603 2107.922586 2091.987446 2058.940429 2041.887833 2036.884419 2044.855391 2037.039387 2020.206580 2006.264893 1996.667547 1987.816716 1971.961779 1958.395319 1962.958784 1977.251552 1975.002518 1975.720887 1982.029664 1981.919177 1978.794202 1982.974461 1998.404332 2007.578758 2020.081128 2036.209962 2043.354389 2058.131294 2090.304925 2107.135326 2125.891664 2149.052918 2174.145316 2200.624697 2225.462966 2242.454294 2260.352395 2281.717110 2300.676901 2322.902827 2347.216923
2356.767217 2326.644095 2304.734007 2285.365946 2264.305764 2238.027791 2214.286882 2208.318600 2197.948256 2171.227422 2118.826609 2076.646495 2045.846365 2020.453733 1993.497531 1969.621612 1935.665319 1900.757727 1878.320510 1886.503423 1894.406127 1898.749941 1885.261665 1872.642126 1861.865488 1845.491584 1828.662929 1814.468661 1823.426619 1831.738757 1844.265080 1849.447844 1853.893125 1858.741381 1858.840016 1853.582525 1856.569325 1866.978715 1879.142233 1892.409641 1911.498066 1946.041679 1973.828765 1995.065503 2019.645169 2043.579447 2070.229540 2098.250084 2124.801250 2145.697285 2168.341138 2191.416661 2215.809228 2238.948051 2265.539055
2270.778496 2240.908495 2211.761038 2185.600138 2153.072830 2107.485104 2088.687996 2075.845192 2055.667263 2011.417757 1965.727188 1932.814532 1909.890962 1882.650457 1857.004454 1826.540981 1791.949429 1765.563401 1743.881468 1750.891149 1758.292030 1772.337764 1761.153645 1751.133160 1745.505920 1729.765042 1715.425723 1699.652012 1706.297639 1716.888999 1736.570585 1741.740501 1746.014540 1754.757636 1754.941214 1752.998144 1742.250313 1751.781248 1764.096306 1780.076135 1811.073520 1837.380059 1863.658019 1888.468374 1912.273888 1938.657964 1966.416071 1994.828072 2025.551785 2049.930188 2073.725530 2099.835963 2124.103801 2145.040389 2168.038527
2149.675022 2122.138346 2097.582197 2069.674736 2026.869392 1979.209492 1938.499917 1914.477197 1867.469096 1830.015635 1797.814362 1783.869298 1764.995426 1740.547452 1717.425300 1694.560387 1668.257638 1645.570283 1619.897458 1623.273865 1636.222220 1650.720113 1647.256762 1644.952920 1641.904126 1630.907368 1616.843844 1602.872985 1606.260535 1622.073338 1639.428557 1648.184467 1655.729466 1664.046909 1664.917821 1658.104058 1650.308784 1656.975933 1673.052039 1690.878771 1712.381416 1736.230679 1760.282434 1783.738516 1809.698186 1836.600423 1864.142128 1893.888954 1925.395691 1950.849588 1979.321158 2008.626594 2031.780409 2047.328787 2063.411041
2028.289322 2004.318239 1977.147469 1946.605345 1901.851354 1857.178864 1811.876013 1766.359713 1730.184295 1697.152050 1681.204133 1661.180733 1642.740525 1623.834437 1601.106435 1581.122104 1562.387627 1539.397477 1523.707429 1528.917143 1541.394402 1550.746878 1554.639016 1551.549353 1548.352025 1541.201242 1527.079242 1519.163301 1528.076628 1543.302053 1557.771546 1568.755813 1575.951768 1582.201535 1580.092437 1572.379840 1568.727744 1577.944700 1594.654124 1610.343747 1628.180632 1651.057108 1673.980016 1698.045200 1723.398230 1748.869699 1777.005580 1806.179991 1836.217985 1866.714933 1894.194683 1919.503278 1934.511887 1949.861024 1958.961154
1885.731365 1868.522121 1840.149138 1808.992462 1774.412705 1735.087497 1704.086495 1669.536410 1636.408070 1604.221970 1576.481315 1559.270753 1548.989992 1533.257388 1513.420829 1499.507688 1481.992862 1466.509063 1468.016803 1469.515305 1478.806670 1478.276762 1478.592508 1475.460476 1474.220258 1470.444795 1461.401224 1470.154405 1477.154700 1491.266375 1501.831864 1511.582036 1517.963924 1522.304421 1523.257397 1518.422459 1523.653638 1531.234913 1546.406138 1559.073953 1574.757991 1596.610873 1615.492112 1636.664652 1661.004475 1686.354772 1713.033784 1741.592530 1772.494939 1800.641947 1823.306106 1835.755234 1850.074088 1858.524636 1855.269175
