tests/Borden05m/sims/sim_1/output-maps/psiliqL0030N0017.asc
ncols         160
nrows         34
xllcorner     620200.000000
yllcorner     5168000.000000
cellsize      0.500000
NODATA_value  -9999.0
[rows 0 to 24 of 34, columns 0 to 54 of 160]
-9999.0 -9999.0 -9999.0 -9999.0 -9999.0 -9999.0 -9999.0 -9999.0 -9999.0 -9999.0 -9999.0 -9999.0 -9999.0 -9999.0 -9999.0 -9999.0 -9999.0 -9999.0 -9999.0 -9999.0 -9999.0 -9999.0 -9999.0 -9999.0 -9999.0 -9999.0 -9999.0 -9999.0 -9999.0 -9999.0 -9999.0 -9999.0 -9999.0 -9999.0 -9999.0 -9999.0 -9999.0 -9999.0 -9999.0 -9999.0 -9999.0 -9999.0 -9999.0 -9999.0 -9999.0 -9999.0 -9999.0 -9999.0 -9999.0 -9999.0 -9999.0 -9999.0 -9999.0 -9999.0 -9999.0
-9999.0 -9999.0 -9999.0 -9999.0 -9999.0 -9999.0 -9999.0 -9999.0 -9999.0 -9999.0 -9999.0 -9999.0 -9999.0 -9999.0 -9999.0 -9999.0 -9999.0 -9999.0 -9999.0 -9999.0 -9999.0 -9999.0 -9999.0 -9999.0 -9999.0 -9999.0 -9999.0 -9999.0 -9999.0 -9999.0 -9999.0 -9999.0 -9999.0 -9999.0 -9999.0 -9999.0 -9999.0 -9999.0 -9999.0 -9999.0 -9999.0 -9999.0 -9999.0 -9999.0 -9999.0 -9999.0 -9999.0 -9999.0 -9999.0 -9999.0 -9999.0 -9999.0 -9999.0 -9999.0 -9999.0
-9999.0 -9999.0 -9999.0 -9999.0 -9999.0 -9999.0 -9999.0 -9999.0 -9999.0 -9999.0 -9999.0 -9999.0 -9999.0 -9999.0 -9999.0 -9999.0 -9999.0 -9999.0 -9999.0 -9999.0 -9999.0 -9999.0 -9999.0 -9999.0 -9999.0 -9999.0 -9999.0 -9999.0 -9999.0 -9999.0 -9999.0 -9999.0 -9999.0 -9999.0 -9999.0 -9999.0 -9999.0 -9999.0 -9999.0 -9999.0 -9999.0 -9999.0 -9999.0 -9999.0 -9999.0 -9999.0 -9999.0 4072.143932 4055.002206 4042.320064 4036.715383 4057.135471 4079.979629 4103.687312 4124.083628
-9999.0 -9999.0 -9999.0 -9999.0 -9999.0 -9999.0 -9999.0 -9999.0 -9999.0 -9999.0 -9999.0 -9999.0 -9999.0 -9999.0 -9999.0 -9999.0 -9999.0 -9999.0 -9999.0 -9999.0 -9999.0 -9999.0 -9999.0 -9999.0 -9999.0 -9999.0 -9999.0 -9999.0 -9999.0 -9999.0 -9999.0 -9999.0 -9999.0 -9999.0 -9999.0 -9999.0 -9999.0 -9999.0 -9999.0 -9999.0 4123.990354 4129.842380 4128.999979 4119.243955 4107.740564 4093.383470 4072.437088 4055.383937 4042.845882 4041.032124 4043.247508 4044.904610 4064.719003 4090.241981 4110.104591
-9999.0 -9999.0 -9999.0 -9999.0 -9999.0 -9999.0 -9999.0 -9999.0 -9999.0 -9999.0 -9999.0 -9999.0 -9999.0 -9999.0 -9999.0 -9999.0 -9999.0 -9999.0 -9999.0 -9999.0 -9999.0 -9999.0 -9999.0 -9999.0 -9999.0 -9999.0 -9999.0 -9999.0 -9999.0 -9999.0 -9999.0 -9999.0 -9999.0 -9999.0 4031.842917 4048.480391 4066.203936 4084.684043 4101.622277 4108.689475 4114.431594 4119.518448 4114.524430 4109.994268 4097.951802 4076.017891 4056.600381 4044.040266 4043.333855 4040.747613 4043.812401 4054.630735 4070.957465 4085.306562 4105.468771
-9999.0 -9999.0 -9999.0 -9999.0 -9999.0 -9999.0 -9999.0 -9999.0 -9999.0 -9999.0 -9999.0 -9999.0 -9999.0 -9999.0 -9999.0 -9999.0 -9999.0 -9999.0 -9999.0 -9999.0 -9999.0 -9999.0 -9999.0 -9999.0 -9999.0 -9999.0 -9999.0 -9999.0 4038.510673 4032.433565 4027.530798 4025.723212 4024.009233 4022.922636 4029.339868 4039.915633 4056.380149 4078.414314 4091.636461 4098.741447 4105.540139 4105.526664 4099.057897 4097.164456 4097.414907 4084.140793 4071.326962 4059.313985 4047.504949 4043.494414 4051.835354 4065.827951 4081.750415 4095.926894 4110.824745
-9999.0 -9999.0 -9999.0 -9999.0 -9999.0 -9999.0 -9999.0 -9999.0 -9999.0 -9999.0 -9999.0 -9999.0 -9999.0 -9999.0 -9999.0 -9999.0 -9999.0 -9999.0 -9999.0 -9999.0 -9999.0 -9999.0 -9999.0 4008.927538 4013.398757 4019.738464 4027.283124 4028.060319 4024.853021 4019.347174 4016.554930 4014.890803 4012.117379 4016.378634 4022.664815 4035.035012 4049.724606 4071.824856 4079.591752 4082.850949 4093.515773 4097.201138 4105.399932 4108.826449 4106.446978 4101.503608 4085.315157 4072.498473 4073.192615 4076.099393 4082.542056 4090.589145 4103.701139 4116.429852 4130.583378
-9999.0 -9999.0 -9999.0 -9999.0 -9999.0 -9999.0 -9999.0 -9999.0 -9999.0 -9999.0 -9999.0 -9999.0 -9999.0 -9999.0 -9999.0 -9999.0 -9999.0 -9999.0 -9999.0 3984.747130 3985.763703 3987.259496 3992.031858 3992.101209 3993.523107 3999.947180 4007.608268 4010.401211 4007.685838 4006.522054 4007.368435 4009.453587 4013.548958 4023.142711 4035.763093 4048.935112 4060.664765 4080.540916 4094.080503 4105.195872 4119.459527 4119.697059 4115.651705 4113.450711 4112.554003 4109.668714 4105.451526 4102.618164 4108.178701 4106.863960 4108.784162 4117.278949 4128.879887 4144.198407 4160.352986
-9999.0 -9999.0 -9999.0 -9999.0 -9999.0 -9999.0 -9999.0 -9999.0 -9999.0 -9999.0 -9999.0 -9999.0 -9999.0 -9999.0 -9999.0 -9999.0 3955.662401 3957.286798 3959.573125 3964.983876 3968.809981 3972.510939 3979.234779 3980.536904 3983.398500 3989.943730 3993.667208 4002.534013 4010.380228 4016.622715 4021.578026 4022.975367 4028.122106 4036.067171 4046.159830 4058.351807 4076.731397 4099.322453 4113.721695 4129.303298 4145.572397 4145.190680 4142.365472 4141.450532 4138.478199 4137.331024 4149.811613 4151.354591 4143.189521 4149.839893 4160.129366 4161.506294 4167.557747 4186.938451 4208.092652
-9999.0 -9999.0 -9999.0 -9999.0 -9999.0 -9999.0 -9999.0 -9999.0 -9999.0 -9999.0 -9999.0 -9999.0 -9999.0 3905.242316 3908.975178 3919.233618 3931.344140 3934.348133 3939.280382 3945.924684 3957.645379 3960.831144 3966.188069 3972.604285 3984.834659 3992.643956 4000.349661 4010.997709 4017.731002 4023.373157 4028.270124 4028.930829 4038.466478 4050.677663 4063.197887 4080.585752 4101.183991 4117.676877 4133.891622 4149.355041 4159.279568 4154.169903 4152.542499 4153.728217 4156.566498 4167.294496 4182.234009 4179.083375 4185.185369 4204.131635 4212.649546 4217.952744 4222.730438 4236.338136 4257.687309
-9999.0 -9999.0 -9999.0 -9999.0 -9999.0 -9999.0 -9999.0 -9999.0 -9999.0 -9999.0 3880.868200 3881.829645 3877.679565 3873.731516 3879.441452 3891.525048 3906.023578 3910.760139 3922.472017 3943.509532 3961.973113 3964.166315 3976.346940 3985.683062 3991.300833 3999.544496 4010.806664 4021.011874 4034.232689 4043.885607 4050.006909 4063.538382 4077.321529 4091.595242 4106.936446 4125.810056 4139.338261 4160.208839 4183.221968 4189.492291 4203.735582 4203.159270 4197.955008 4194.815246 4203.438448 4212.242698 4224.173169 4236.624533 4253.362855 4273.534899 4281.057259 4293.033067 4301.207440 4310.686428 4325.737859
-9999.0 -9999.0 -9999.0 -9999.0 -9999.0 -9999.0 -9999.0 -9999.0 3856.463769 3864.613248 3869.344483 3865.505096 3860.500723 3853.388623 3867.848160 3882.511595 3897.588539 3915.483473 3930.115875 3947.584348 3960.054663 3973.178214 3992.228905 4001.288177 4009.996092 4023.267897 4034.350013 4046.654817 4065.065617 4069.677350 4077.325083 4094.457596 4107.633747 4122.564769 4139.036759 4153.598640 4170.784432 4198.853067 4225.879241 4239.309075 4263.970472 4278.729863 4271.202266 4267.869712 4267.900915 4289.594582 4314.265673 4342.292887 4358.828713 4380.671938 4408.206336 4427.362458 4436.378204 4447.270612 4460.968271
-9999.0 -9999.0 -9999.0 -9999.0 -9999.0 -9999.0 3827.762130 3851.895722 3866.718118 3857.337553 3841.118855 3834.810778 3827.238829 3859.955347 3881.733301 3898.258582 3913.940100 3930.419452 3945.448617 3951.239376 3978.321729 3996.986264 4006.671061 4017.006261 4029.945015 4042.809052 4057.122920 4076.288527 4091.057099 4109.274232 4121.160545 4134.140254 4155.846925 4171.405335 4186.813698 4198.290716 4224.092399 4257.436425 4290.966389 4313.808477 4337.238727 4368.757516 4366.495260 4367.375540 4367.645957 4392.167231 4426.524283 4456.114144 4487.408969 4517.599510 4546.451037 4556.847009 4565.739226 4575.571122 4588.176894
-9999.0 -9999.0 -9999.0 -9999.0 3796.298871 3816.759691 3834.433904 3863.705389 3884.840305 3879.194096 3882.070893 3878.597777 3872.504473 3877.068688 3884.673750 3900.567974 3918.739384 3937.304983 3949.303076 3972.827589 4019.280344 4027.743161 4041.426735 4068.814998 4077.759538 4090.121493 4104.276099 4122.893323 4138.053832 4162.636221 4193.424642 4219.622561 4239.238605 4257.048058 4275.225693 4290.548578 4325.699076 4362.372650 4397.664329 4428.516370 4454.779234 4481.029499 4486.444352 4490.949988 4500.799535 4518.306494 4541.568156 4569.452352 4603.927075 4636.326109 4659.464803 4667.723632 4672.617985 4682.214612 4689.377406
-9999.0 -9999.0 -9999.0 3740.749647 3779.701947 3819.505538 3844.066155 3873.342961 3904.977138 3902.558268 3910.303632 3907.696312 3903.928483 3907.413815 3907.955645 3923.112882 3940.640754 3960.469136 3980.570020 4012.137456 4038.623277 4051.992173 4077.622312 4089.827100 4099.832670 4111.038085 4128.775639 4147.077704 4181.921593 4209.294358 4253.950187 4303.789537 4334.854357 4353.289162 4376.045442 4403.941087 4429.543345 4469.312013 4503.525198 4535.772360 4566.081880 4588.055952 4601.671251 4606.029520 4616.063940 4621.540041 4633.579297 4654.742081 4677.481994 4708.880088 4738.623366 4768.769962 4784.608941 4796.203542 4813.835946
-9999.0 -9999.0 3691.983530 3731.904578 3761.994118 3807.043358 3859.472939 3894.096071 3932.233270 3948.768050 3950.046460 3957.835558 3965.889742 3964.231726 3970.174918 3980.673112 4003.227747 4012.116428 4032.872567 4043.750494 4076.873455 4107.116142 4095.754125 4130.258792 4159.256673 4193.052913 4215.258176 4241.895335 4280.411875 4312.596921 4356.342842 4406.747347 4440.605592 4468.308836 4484.698489 4505.760793 4526.187418 4553.695241 4591.612814 4617.079794 4651.676716 4677.410167 4696.936021 4696.692151 4699.259702 4715.829321 4745.389224 4777.716593 4807.977939 4838.507755 4818.607318 4845.157494 4857.044351 4863.676323 4874.104130
-9999.0 -9999.0 3660.415615 3707.323961 3739.579338 3794.241220 3882.336140 3914.940666 3953.268531 3997.939702 4009.544846 4029.395168 4017.221866 3999.427484 4014.933663 4026.384096 4049.002904 4056.620263 4049.101854 4100.233398 4151.226009 4168.477964 4163.797407 4243.642611 4298.185760 4324.981992 4343.324735 4364.052658 4383.186070 4421.012624 4458.848230 4514.514513 4556.013520 4586.356115 4601.224267 4622.374364 4642.411939 4657.517288 4677.777437 4726.887534 4764.888456 4797.355499 4830.896590 4852.879891 4861.338170 4867.051343 4837.842773 4860.076456 4875.154403 4881.657428 4884.303812 4880.424716 4879.909055 4880.789990 4881.709749
-9999.0 3565.365695 3617.895269 3667.203637 3729.617865 3788.388603 3859.850544 3932.501938 4001.076007 4054.233668 4077.944124 4065.002911 4053.697556 4073.605867 4090.999743 4104.458804 4110.839218 4122.786805 4101.688818 4156.905426 4190.547177 4233.388455 4330.723406 4390.386490 4459.470788 4454.613225 4441.892984 4445.553600 4460.224308 4508.243102 4591.233262 4650.664509 4720.629962 4772.697373 4791.028073 4799.349515 4818.989102 4840.623953 4778.881490 4828.159246 4850.999484 4870.057878 4881.480410 4884.107258 4885.574374 4885.301174 4881.502638 4874.293006 4865.976673 4860.024448 4855.718581 4851.215205 4853.661735 4857.008049 4856.994147
-9999.0 3525.795308 3582.305470 3649.307957 3715.033564 3754.427916 3829.345100 4002.537091 4067.437227 4105.308625 4105.334727 4066.611292 4118.549034 4176.922374 4198.917205 4244.921445 4227.031626 4211.335128 4168.012114 4191.899552 4228.409662 4299.553760 4480.171220 4571.266995 4631.099431 4639.027408 4638.799252 4668.333490 4715.402672 4766.807043 4817.065522 4777.614423 4834.349363 4862.453015 4868.325762 4869.147819 4875.453465 4873.759026 4872.630745 4868.031925 4862.758551 4862.947929 4867.785168 4867.655247 4864.617317 4861.104012 4855.317821 4847.900617 4842.778752 4838.133706 4835.497134 4832.699346 4830.599555 4829.579424 4824.468208
-9999.0 3481.235389 3557.195264 3613.199576 3652.007795 3734.234540 3865.192423 4011.780801 4109.137546 4142.009104 4104.988333 4129.807513 4234.279017 4344.901837 4398.595896 4419.443791 4394.828192 4338.952214 4312.744996 4357.182389 4430.747283 4560.580586 4715.266789 4822.901933 4839.717242 4843.633826 4788.093036 4817.977679 4845.676952 4848.963944 4850.264555 4859.831771 4865.035447 4868.151670 4866.525822 4863.617585 4858.736500 4850.420691 4845.651200 4841.838005 4837.973234 4836.603674 4838.438964 4840.509628 4837.586707 4833.640773 4829.145191 4823.572847 4817.169349 4810.308870 4805.822286 4801.425019 4799.223259 4793.346442 4789.957897
-9999.0 3348.410074 3447.687722 3482.327152 3540.908760 3734.264717 3863.965770 4000.497777 4172.217203 4186.903273 4223.240560 4370.269151 4495.686638 4579.937798 4606.751821 4639.116178 4663.751118 4678.723112 4717.477049 4574.974619 4664.483786 4776.219675 4828.328990 4850.925477 4863.895223 4864.327237 4853.976556 4832.691935 4821.847278 4815.078727 4816.695293 4824.043328 4828.524930 4833.153857 4830.797786 4832.052328 4833.521246 4830.387198 4826.259689 4817.324664 4809.359250 4802.330711 4798.585633 4803.119702 4798.501807 4796.341286 4789.983615 4781.285235 4772.104023 4764.681613 4756.479903 4749.813986 4747.613851 4742.608283 4741.351181
-9999.0 3267.225366 3337.778425 3385.373593 3484.679614 3647.470287 3729.478741 3883.511675 4136.166083 4280.076906 4458.619696 4557.595744 4629.176153 4667.182009 4715.707836 4771.367888 4800.632924 4814.270938 4778.133190 4805.229359 4759.899250 4748.415036 4766.874421 4797.676621 4816.553269 4820.927287 4813.332028 4804.628091 4797.323735 4796.201044 4793.765523 4788.890601 4784.010364 4779.973171 4776.834810 4780.161528 4785.757730 4778.276896 4767.376832 4757.434150 4748.488304 4738.903566 4732.751271 4727.636146 4728.439385 4728.789328 4720.961251 4710.246373 4699.102530 4690.590495 4683.352777 4679.013566 4676.106163 4670.911290 4660.444364
-9999.0 3138.595227 3275.140155 3343.728140 3426.161064 3550.543228 3644.713273 3790.970317 3913.751945 4167.893545 4304.976893 4528.005137 4582.524321 4658.136229 4703.740828 4781.053055 4775.094309 4744.027947 4698.307869 4682.620343 4696.595029 4706.363078 4713.988425 4727.696828 4746.027469 4756.698052 4762.839160 4757.363936 4742.992893 4729.591148 4717.139117 4702.246629 4692.111159 4689.218594 4694.305495 4705.246259 4705.232459 4695.794230 4681.189121 4662.125543 4645.888840 4633.589809 4631.795323 4634.962366 4636.317400 4631.959245 4626.288349 4615.213923 4602.331966 4589.428066 4584.034446 4579.791030 4571.932238 4559.979191 4547.485453
-9999.0 -9999.0 3184.461546 3291.008574 3376.941741 3481.233368 3558.204719 3664.718985 3800.217017 3968.120349 4085.252549 4283.916444 4388.514003 4433.937648 4464.686543 4522.706131 4551.642368 4588.193890 4587.048048 4602.216096 4614.195737 4620.298717 4625.103211 4629.801759 4640.056773 4650.264901 4661.599437 4658.731722 4650.049008 4628.445196 4600.984707 4579.524046 4568.454470 4558.425429 4571.462962 4584.423794 4578.059759 4570.986225 4557.987942 4541.440603 4528.855679 4514.293037 4510.839703 4510.557862 4511.230754 4508.981378 4506.910254 4494.340990 4482.004990 4472.462100 4468.659529 4462.942006 4459.665026 4449.844593 4439.174653
-9999.0 -9999.0 3094.236161 3194.971214 3290.450338 3403.086347 3478.381174 3466.935106 3595.423919 3693.444134 3802.541074 3919.215803 4022.266855 4094.232327 4124.953880 4189.196327 4251.801058 4272.262678 4320.253107 4383.203383 4421.324340 4465.521817 4490.976081 4500.169083 4512.832169 4528.107654 4535.486252 4519.225901 4507.839968 4490.492535 4466.197805 4438.199665 4424.072465 4424.531375 4422.528600 4422.906350 4414.592140 4405.697832 4391.016440 4377.435541 4365.324421 4357.031651 4353.501537 4347.135709 4344.440017 4341.640261 4340.239387 4335.807279 4328.230882 4324.364925 4315.940154 4312.659906 4312.299053 4310.065566 4305.027710
