tests/Borden05m/sims/sim_1/output-maps/psiliqL0010N0009.asc
ncols         160
nrows         34
xllcorner     620200.000000
yllcorner     5168000.000000
cellsize      0.500000
NODATA_value  -9999.0
[rows 0 to 25 of 34, columns 57 to 113 of 160]
-9999.0 -9999.0 -9999.0 -9999.0 -9999.0 -9999.0 -9999.0 -9999.0 -9999.0 -9999.0 -9999.0 -9999.0 -9999.0 -9999.0 -9999.0 -9999.0 -9999.0 -9999.0 -9999.0 -9999.0 -9999.0 -9999.0 -9999.0 -9999.0 -9999.0 -9999.0 -9999.0 -9999.0 -9999.0 -9999.0 -9999.0 -9999.0 -9999.0 -9999.0 -9999.0 -9999.0 -9999.0 -9999.0 -9999.0 -9999.0 -9999.0 -9999.0 -9999.0 -9999.0 -9999.0 -9999.0 -9999.0 -9999.0 -9999.0 -9999.0 -9999.0 -9999.0 -9999.0 -9999.0 -9999.0 -9999.0 -9999.0
-9999.0 -9999.0 217.669459 212.143261 206.815909 201.832642 192.808958 183.598321 175.078706 171.180744 170.374959 169.661132 169.404965 174.842466 182.957660 190.738410 198.099180 200.641416 203.233817 205.689803 206.356264 205.216750 202.086609 198.894011 195.569398 194.155713 185.937797 174.511315 165.599910 162.858577 167.387091 171.947257 174.515017 180.595066 191.502572 202.452820 211.076044 222.886244 228.463973 233.528041 236.541827 232.334494 228.617340 224.718547 219.720411 208.593616 -9999.0 -9999.0 -9999.0 -9999.0 -9999.0 -9999.0 -9999.0 -9999.0 -9999.0 -9999.0 -9999.0
200.540872 203.898744 192.903978 188.061326 184.763322 182.635163 177.609927 168.894842 163.599854 158.247156 156.633194 156.784834 156.989636 161.316288 171.450177 179.582069 184.516167 187.130679 189.819882 189.969875 189.642094 189.430622 186.668790 183.358015 180.052584 178.336583 178.562098 170.990698 165.642446 162.362587 161.044124 163.557052 165.925504 169.098652 178.751029 187.070058 195.381455 209.580184 221.879062 227.014979 224.449720 219.240636 215.284142 208.565819 198.475020 187.879520 177.559622 170.210599 164.540717 158.937711 164.818824 171.125057 181.136386 191.060128 203.015472 215.136495 -9999.0
185.087039 188.046753 177.266026 168.900212 164.332402 164.483177 166.846002 163.280622 158.734172 154.486813 162.739296 164.203041 165.555662 168.959157 172.402300 175.108005 178.018861 183.522685 192.696092 195.576072 196.310341 196.638389 194.986132 192.016501 190.339608 187.671765 182.563054 181.682167 182.158116 182.183312 187.388261 188.906869 190.376914 183.456504 186.865411 193.137561 200.040208 206.905530 213.778395 218.101818 214.743137 213.322470 204.624386 190.431679 178.682400 169.675886 167.025508 163.544247 155.499467 142.859185 149.558971 164.872345 169.322239 172.738497 184.469096 196.685975 206.939528
171.269837 174.443503 169.502797 170.647146 172.209829 173.793725 172.322909 169.518993 168.214549 181.366786 191.234758 193.335108 196.546549 200.218342 199.286485 187.138963 184.668849 193.322359 204.046247 210.262861 210.779879 211.042796 209.599115 208.773782 208.438408 206.224400 207.363958 210.095945 210.741920 215.848429 221.600628 224.415879 216.017037 206.715198 207.229374 214.863019 222.850710 230.213105 241.068485 252.516103 250.975306 244.712044 235.065150 220.643036 196.429957 175.972830 164.760561 157.490014 150.005722 149.032197 146.146684 156.596642 158.022696 159.493611 167.733169 177.853487 187.835006
187.150667 195.673604 189.891463 184.569224 181.486824 182.325508 182.875663 186.665628 200.258192 214.850225 230.573216 234.010631 237.151879 237.150709 227.708887 217.352689 213.227588 228.454811 244.862779 253.757808 255.254788 255.976405 264.189162 262.666801 260.474178 255.304482 257.858506 260.578726 271.879024 279.731195 286.739684 284.852601 272.847566 261.478968 259.449154 261.478699 263.848314 269.808716 280.197245 290.056822 284.538149 276.147426 264.455782 234.011705 204.841563 186.647896 186.208465 185.727607 180.283723 176.423836 172.211815 164.182750 163.174034 162.009617 161.049233 172.667101 184.614663
237.679934 254.561065 249.233275 241.183480 230.710214 231.550584 235.499071 244.562996 258.908428 278.564366 304.439442 309.554642 314.545190 318.815318 307.952813 295.389727 283.503018 300.269595 311.001097 321.185437 325.288097 337.473440 348.488362 344.109875 335.834556 326.222981 333.083905 346.832703 362.496676 369.429816 373.190749 372.934967 362.412565 356.561530 353.870546 354.572469 351.003789 354.439497 365.209691 380.191104 379.101441 367.027963 341.601604 302.246317 264.490866 240.501072 243.384031 235.303773 227.631794 222.245029 206.916961 194.487959 193.266497 182.784457 175.739722 186.509139 191.984703
290.720329 310.558862 307.734736 297.529555 285.451828 286.084728 295.094285 306.099727 326.939546 353.272133 381.189054 395.363278 403.694061 414.366907 407.775091 397.586761 387.853649 395.998360 409.884880 424.276546 437.466459 452.132655 465.202755 457.970230 447.514303 443.964051 449.176237 468.090272 484.779456 490.562310 492.811418 496.654938 489.081929 481.438567 473.256060 466.126956 459.209402 454.569442 471.074074 486.046508 482.692800 456.190142 427.712246 387.664482 345.833766 308.606751 302.281658 297.851858 294.037207 276.398593 258.714858 238.762060 226.407962 215.704578 199.566437 203.337782 207.892671
398.596159 422.169961 427.889127 414.331000 409.588315 415.823737 429.293240 437.605846 454.204263 483.482230 521.752757 551.454823 576.954742 583.032613 573.772426 562.582798 546.627827 541.911310 559.201301 574.756871 589.230361 602.498976 615.645267 622.784271 621.566058 621.609794 624.619127 630.102583 637.609230 644.159914 649.914015 655.935561 654.608954 645.253307 637.998083 628.922869 621.366396 618.854221 619.283398 627.352878 624.201436 598.132533 565.911692 527.544309 484.643804 448.310810 424.403949 423.278510 406.416069 384.621375 360.190151 320.818474 299.396013 279.828200 247.448757 241.029853 249.222541
528.407236 548.749807 567.436131 567.734403 571.996675 577.341474 585.746451 592.630652 601.998670 635.406075 672.172968 704.925871 731.377215 741.025211 731.016965 720.219262 707.517835 697.866508 701.584333 717.169603 735.290319 752.095002 763.636045 767.896959 767.059815 767.551883 769.248284 772.097412 774.466541 779.487000 786.072812 795.893514 807.318822 802.954346 787.102139 774.955455 761.119356 755.828696 753.812863 750.163844 748.502719 741.079574 709.543993 678.361449 643.700450 610.611703 584.708973 562.203784 536.547277 509.539350 460.914944 416.569622 377.288336 344.008665 310.988143 304.145253 326.393231
667.289775 694.710023 712.480492 718.503678 722.297707 726.340077 733.647467 740.288448 748.816098 770.155855 806.261704 843.037892 872.496133 877.338689 868.879307 858.469861 847.429201 837.960380 835.493974 843.091174 853.923778 869.370713 881.160135 891.844086 892.098852 892.720283 892.828333 894.578231 895.976605 897.085939 903.035788 913.620236 923.816120 925.500653 914.203287 898.213792 881.515343 873.976330 867.188668 860.423800 858.729080 857.527097 850.578035 825.833092 790.682751 747.827488 718.170153 693.023105 676.181297 657.675490 633.554006 584.291585 551.849346 511.099385 469.976458 442.596913 475.420750
788.105140 818.752968 839.221515 849.450406 851.551655 854.854171 862.798843 870.164769 881.248619 897.674403 919.298940 946.678572 972.247991 989.151801 986.182294 975.165699 959.191721 955.401202 954.765433 956.893088 963.010760 970.128323 984.490920 999.565305 1005.132023 1005.999944 1003.746816 1005.513311 1006.229807 1005.933407 1006.442678 1010.139462 1016.431747 1018.816218 1015.013226 1000.675979 982.227674 968.015563 958.800723 952.946818 948.909514 947.926984 945.553585 933.877569 906.981140 871.194551 837.117502 812.783428 794.799894 780.020376 768.099588 750.807847 731.234001 699.018646 655.248207 618.151739 611.037514
889.977016 915.937193 940.987189 958.866988 964.427315 970.853494 975.994268 986.253196 1001.404378 1019.086379 1031.834144 1047.316985 1066.841783 1077.918660 1083.406315 1084.175873 1083.530363 1085.467804 1085.596513 1069.171504 1071.441623 1073.733778 1078.572144 1085.034554 1087.229963 1087.604742 1087.027817 1087.825097 1087.911633 1087.939929 1087.572618 1086.976005 1088.428696 1089.025045 1088.444714 1083.495113 1082.853423 1067.140192 1055.550961 1047.524343 1039.030014 1029.523395 1019.453615 1009.511759 994.418318 968.698827 935.929735 907.412127 894.469004 886.674974 879.413528 872.957685 857.081912 835.129317 805.812783 769.231995 733.968613
986.828890 1006.133346 1031.795462 1049.938225 1060.301942 1068.500331 1073.248948 1084.619046 1096.509535 1094.237527 1096.816548 1099.465326 1101.903405 1102.607297 1102.659145 1102.309278 1099.859984 1099.342827 1097.692810 1092.672974 1083.391309 1084.777191 1086.420847 1089.379995 1093.211536 1092.075785 1093.026292 1095.885156 1094.392310 1089.004715 1085.488948 1083.951065 1084.425691 1091.569365 1094.714076 1095.544831 1095.256460 1094.691292 1094.195264 1092.776004 1090.967893 1088.646809 1085.976120 1085.837443 1076.261272 1054.372150 1023.532778 990.822238 975.316470 968.683101 968.115146 964.106252 957.181700 938.307104 911.818676 877.624962 841.189103
1090.293311 1092.627766 1099.338932 1103.045485 1104.883998 1107.010871 1109.099050 1109.368455 1105.781847 1102.009142 1097.310292 1096.052196 1094.645553 1092.055735 1092.279679 1089.792797 1085.323871 1081.349080 1074.943367 1064.135706 1052.306116 1049.721119 1054.736108 1060.396291 1065.032971 1068.133215 1071.386378 1072.734760 1068.209151 1060.506167 1053.448895 1051.503513 1058.051455 1063.887521 1069.024912 1069.863022 1068.729398 1067.093702 1067.555231 1065.400939 1065.906645 1071.907421 1084.255977 1090.671076 1092.223375 1091.636099 1086.517314 1077.623530 1064.975253 1045.232552 1047.248218 1042.282858 1030.617076 1009.882318 986.497451 958.311419 930.826049
1101.933629 1100.163147 1094.622597 1089.108335 1088.370043 1091.906821 1098.138321 1098.839512 1091.241613 1082.484104 1075.254611 1068.463342 1066.158121 1064.399858 1063.016701 1062.060316 1055.688395 1047.278101 1032.034799 1020.027022 1008.114511 1001.864965 1001.044579 1007.449178 1017.405609 1026.406899 1030.919312 1025.029305 1017.955211 1007.577263 999.229466 999.367280 1002.352471 1011.727813 1025.015888 1028.973853 1029.860189 1025.531782 1021.995215 1016.781821 1015.410004 1022.395627 1036.965986 1051.802793 1064.998325 1072.782403 1079.694182 1085.459771 1090.006598 1090.407151 1090.500640 1089.584087 1086.883728 1072.298181 1052.436277 1030.101785 1006.834703
1082.842784 1077.740272 1071.045056 1065.037640 1062.946514 1064.970912 1067.346578 1063.235935 1055.189088 1043.827821 1032.299826 1022.222225 1016.084933 1016.324739 1017.383865 1016.668787 1008.916008 993.611778 976.066282 962.554960 948.677004 944.917972 941.085792 938.719425 949.782066 966.068267 971.902366 959.415996 950.089769 936.396346 928.846374 926.111827 928.131501 937.889466 956.868860 974.750425 975.974564 967.222210 958.823499 954.828645 953.179692 960.542642 979.036978 998.916137 1013.779857 1023.315337 1029.216279 1037.188229 1046.559670 1058.315292 1071.215486 1081.799906 1090.921120 1093.463793 1092.024515 1088.100788 1074.134195
1055.248729 1047.108693 1039.742236 1032.968948 1027.959860 1025.111179 1021.858612 1014.684986 1006.001218 991.785972 978.986753 966.866657 953.193198 949.136833 945.286861 945.345668 932.772938 920.978463 901.858469 886.757389 871.811585 862.811675 857.822785 852.947286 858.661572 874.286752 883.268911 869.522569 859.493990 846.635748 840.397674 837.352662 839.298447 849.459555 871.667286 890.034542 896.698065 889.262677 884.244634 882.557554 882.753103 889.333579 905.142905 925.737099 946.621557 962.198863 971.704340 979.772007 990.283669 1005.086152 1019.541110 1033.514597 1050.127355 1069.019009 1082.793054 1091.574873 1095.980652
1017.282135 1007.022853 996.031808 984.749226 977.692820 977.550803 969.819589 962.150565 947.103692 902.113233 884.173058 866.107955 850.497055 843.702528 834.463987 825.715929 814.679477 806.708887 798.044670 782.902371 766.500039 751.664496 747.176058 743.404579 736.249709 742.499440 745.965338 747.840229 740.618787 734.322048 731.679081 729.404795 733.112626 746.750039 758.967560 769.651922 775.776911 773.848169 780.979839 788.349308 793.139581 810.440075 825.674765 844.497212 866.664433 890.266842 903.634240 913.711712 925.285421 941.473288 958.720457 976.291226 998.639428 1022.755320 1038.348978 1049.345808 1061.299539
969.408770 954.757941 941.355324 927.769209 913.835329 912.882880 907.717755 898.467853 858.995623 815.668203 782.592145 763.333189 740.545595 727.418683 713.580596 685.422878 668.948265 660.797333 663.819768 653.394221 636.503966 622.470902 614.808904 608.686455 596.611564 589.271141 593.637857 604.756758 599.618571 597.239165 600.782861 599.090257 596.662576 603.799771 618.529209 627.153603 637.099041 648.397359 654.479926 665.360754 694.032548 711.813102 730.040418 752.454271 776.291172 800.883347 822.339760 836.764843 852.322913 872.042247 889.594527 910.748979 934.463965 962.838002 982.214842 996.837167 1009.069898
897.786381 880.654391 862.636530 841.587731 818.953140 814.030107 804.685542 785.619480 739.390571 696.113516 662.053861 637.040892 610.404987 589.136850 558.363373 521.236817 497.121838 499.157613 505.210952 503.657541 488.326271 474.351232 463.338001 449.548604 433.876287 422.800307 431.019230 439.741073 446.532718 449.558740 453.299478 455.496698 454.785017 451.949288 459.558507 469.412319 481.005505 492.942485 507.929474 540.959022 571.820405 595.404777 621.309341 645.991622 673.398087 702.218713 727.623565 746.644615 767.656714 789.236986 811.787570 833.861323 859.602302 889.362024 913.837484 929.853544 944.863786
814.927709 791.063631 763.524809 723.710498 704.932891 692.053910 676.820808 639.591339 594.323578 552.411529 519.981498 489.586793 461.392659 431.351062 396.974153 366.423084 344.213674 349.438559 355.621604 365.231593 352.400920 340.068717 332.873506 317.668424 303.247824 288.926111 296.748849 306.514495 322.863536 326.797194 330.206487 336.881046 335.956114 334.173032 327.136479 336.703432 347.842577 362.436952 391.104761 419.048548 447.429580 473.442323 499.135174 527.629005 559.205471 592.065275 624.509491 649.393577 673.646963 700.267608 724.662225 746.212120 769.848627 798.180012 823.095537 844.130895 866.106424
709.104416 681.186249 641.526825 593.538044 554.579085 534.064021 492.486051 454.093233 412.961925 388.947996 365.255568 338.311348 313.649023 289.859594 261.349164 236.544281 211.748738 214.875503 226.724985 240.135333 233.231246 228.788159 225.163071 213.445806 199.582355 185.970108 189.641811 204.632008 221.404897 228.510787 235.030106 242.614439 242.877477 236.593813 228.667529 234.800476 249.128798 265.970634 288.597108 312.971845 337.414957 360.812352 386.865643 414.632149 443.911866 476.175321 509.756176 536.838241 568.671287 601.989703 628.728484 646.352938 665.626157 694.863207 718.246361 743.690561 768.890681
588.209081 554.845955 506.623858 457.558162 409.362810 367.470582 330.671391 296.007963 274.264678 252.431598 231.718161 211.300203 188.888877 167.944838 147.543232 124.636278 105.294221 110.194641 123.273746 134.998765 137.169497 133.981702 130.726588 122.810411 109.036961 98.103478 106.416891 121.955380 137.146202 147.226913 154.004695 160.299526 157.718717 149.728984 143.590382 151.834374 167.641473 183.173374 201.539960 224.044824 246.835175 270.143840 294.846742 320.071997 348.232538 377.836253 408.300150 438.807317 468.419736 497.626031 515.738702 533.624447 549.037415 573.931239 600.554905 627.566122 656.337700
440.629231 407.881926 369.343366 325.823257 290.970650 256.047683 222.846116 190.557976 163.861088 144.888466 133.490006 117.531301 97.254066 82.808040 65.171259 46.159500 44.872773 48.059326 59.853990 61.690244 62.287760 59.211956 58.000315 53.271297 41.882352 48.091071 55.850137 70.844071 81.907952 91.410918 97.812359 102.090229 101.811100 95.082886 98.279687 105.762342 120.761320 133.117367 148.968604 170.564988 188.947747 209.554180 232.884406 257.235603 283.165748 310.939458 341.024108 368.878631 392.555523 406.722042 422.062348 433.074674 433.414637 453.907299 475.816049 498.112189 528.943748
306.317642 277.882416 249.341979 215.559995 181.616544 150.111482 118.624646 87.903888 62.415335 52.130622 40.365654 28.012352 14.050258 -0.279565 -12.910861 -13.321253 -15.947162 -16.687752 -15.171235 -12.282888 -9.782842 -10.829976 -12.011106 -11.352021 -5.400940 -1.171007 4.409061 14.934701 26.148070 36.586580 40.720446 45.037312 48.135245 51.633830 54.384301 58.999527 70.703687 82.914795 96.693408 114.212083 132.365504 152.057595 175.216265 198.915539 224.391038 252.476872 281.161223 304.011479 316.475906 329.368568 336.343374 335.186529 334.702050 346.674980 363.943886 380.675339 407.615995
