tests/Borden05m/sims/sim_1/output-maps/psiliqL0012N0009.asc
ncols         160
nrows         34
xllcorner     620200.000000
yllcorner     5168000.000000
cellsize      0.500000
NODATA_value  -9999.0
[rows 0 to 24 of 34, columns 56 to 111 of 160]
-9999.0 -9999.0 -9999.0 -9999.0 -9999.0 -9999.0 -9999.0 -9999.0 -9999.0 -9999.0 -9999.0 -9999.0 -9999.0 -9999.0 -9999.0 -9999.0 -9999.0 -9999.0 -9999.0 -9999.0 -9999.0 -9999.0 -9999.0 -9999.0 -9999.0 -9999.0 -9999.0 -9999.0 -9999.0 -9999.0 -9999.0 -9999.0 -9999.0 -9999.0 -9999.0 -9999.0 -9999.0 -9999.0 -9999.0 -9999.0 -9999.0 -9999.0 -9999.0 -9999.0 -9999.0 -9999.0 -9999.0 -9999.0 -9999.0 -9999.0 -9999.0 -9999.0 -9999.0 -9999.0 -9999.0 -9999.0
-9999.0 -9999.0 -9999.0 624.664226 619.227311 614.078762 609.298328 600.511445 591.481252 583.246104 579.512871 578.856777 578.316640 578.192400 583.715420 591.961582 599.850030 607.274927 609.928878 612.618609 615.128116 615.871916 614.864277 611.850663 608.759438 605.535463 604.182519 596.168390 584.872083 576.111436 573.422514 577.920067 582.445356 584.976315 590.894407 601.655806 612.457169 620.946281 632.695732 638.281616 643.192135 645.952321 641.568931 637.702866 633.604539 628.311777 617.105212 -9999.0 -9999.0 -9999.0 -9999.0 -9999.0 -9999.0 -9999.0 -9999.0 -9999.0
588.115290 608.203103 611.604791 600.456908 595.654109 592.499787 590.584719 585.839634 577.357486 572.298473 567.144217 565.606820 565.939828 566.291881 570.700811 581.057002 589.281531 594.299805 597.047232 599.886315 599.956627 599.711055 599.634441 596.988350 593.780080 590.576722 588.941708 589.410639 581.921153 576.559943 573.247520 571.742373 574.281166 576.671760 579.982019 589.498624 597.664192 605.805400 619.965827 632.191668 637.197418 634.424223 629.070580 624.902848 617.880080 607.522475 596.882328 586.856434 579.501565 573.629257 567.643475 573.278127 579.463250 589.087737 598.595323 610.341719
572.985827 593.283488 596.344658 585.755090 577.621691 572.941144 573.324681 576.035003 572.739679 568.397569 563.940657 572.634802 574.261155 575.739484 579.301220 582.717641 585.886114 588.880482 594.493266 603.769296 606.781235 607.627473 608.066398 606.511908 603.637113 602.041775 599.462803 594.422867 593.499474 593.924924 593.818698 598.894423 600.414366 602.060480 595.301079 598.779267 604.956012 611.743394 618.279523 624.864261 628.736309 625.145635 623.716624 614.794542 600.405193 588.642030 579.597148 577.092937 573.414135 565.089544 551.998961 558.552212 573.610287 577.776327 580.794290 592.185000
568.365385 580.518306 583.840910 579.121225 580.629083 582.450599 584.222797 582.953439 580.320431 578.892167 591.945901 601.856957 604.115326 607.461445 611.382029 610.883937 599.103161 596.860985 605.471402 616.184384 622.407294 623.038869 623.373076 621.786372 621.057836 620.870265 618.826905 619.840531 622.475033 622.758909 627.602105 633.315696 636.198686 628.222396 619.044469 619.740376 627.396134 635.409087 642.630069 653.164302 664.247823 662.656088 656.321726 646.513449 632.029996 607.719342 587.295187 575.753916 568.011798 560.165197 559.288134 555.771769 566.238097 567.331045 568.584061 576.383226
575.477938 597.178034 605.670355 600.187604 595.394857 592.864485 593.978543 594.632628 598.291180 611.534737 626.005593 641.372693 644.857758 648.057447 648.128183 639.197734 629.116999 625.395681 640.499718 657.038098 665.903201 667.267142 667.453194 675.112502 673.939487 672.249239 667.448735 669.827760 671.885516 682.380669 690.150852 697.234794 695.417411 683.437427 672.022617 670.262505 672.692612 675.556057 681.545432 691.615271 701.039192 695.320493 687.087414 675.702142 645.627712 616.970833 598.865849 598.040717 597.212543 591.397414 587.278555 583.008754 575.013179 573.708209 572.160058 570.885124
627.472200 648.109914 664.823353 659.784450 652.242624 642.446597 643.564373 647.375119 656.293943 670.312470 689.156090 714.464202 718.846608 723.298466 727.031218 716.268136 704.053525 692.784126 710.356467 721.112218 730.833788 734.002900 745.179602 755.828074 751.662145 743.831350 734.060473 740.733742 753.382338 768.747574 775.638117 779.477175 778.637863 767.799470 762.001768 759.995620 761.527264 758.589736 762.552301 772.731038 787.299773 785.947215 774.964854 750.354867 711.446289 674.748774 651.944434 655.422609 647.102315 639.034307 633.770626 618.462332 606.183332 604.917240 594.239431 587.013226
679.872780 699.578952 719.171381 715.902272 706.171051 694.008260 694.512032 703.125351 714.121594 734.418938 759.258721 785.391582 796.718402 802.543172 812.989426 806.805305 797.297816 788.625446 798.752220 811.871702 825.155239 836.808385 850.742240 863.204281 854.897234 843.839234 839.547684 844.875645 864.238589 881.198495 886.557324 888.208592 891.381602 883.017198 876.055241 868.825098 862.925221 856.716592 852.363742 869.536354 884.845869 881.819911 856.472656 829.645507 790.779379 750.279824 715.029353 711.025063 706.429544 703.139287 686.074471 668.766410 650.022627 638.440480 627.775506 611.973547
778.530823 801.629312 824.541250 828.185512 813.652262 807.769794 813.681246 827.112404 835.218452 851.558578 878.157656 912.792190 937.725217 959.656268 965.045608 956.624432 947.023632 933.106691 930.343329 947.663973 961.394119 974.020817 986.251831 999.367807 1005.881573 1004.152599 1004.095830 1007.335179 1013.802890 1022.163175 1028.793597 1034.312079 1040.019493 1037.316636 1027.530126 1020.840187 1012.038227 1005.032474 1002.466433 1003.955285 1013.326643 1010.095842 983.129497 953.138699 917.833432 877.668812 843.440558 822.421024 824.350518 809.786865 788.961283 766.468995 728.883023 709.467121 691.074434 659.647361
891.907936 922.358656 939.940386 955.985935 953.977223 957.297717 962.345422 970.481488 976.649318 985.608663 1018.960723 1055.077918 1086.166967 1111.628275 1120.946688 1110.990450 1100.932577 1088.839908 1079.580728 1083.890731 1099.151985 1116.858235 1133.411583 1145.144080 1149.365445 1148.605359 1149.178595 1151.168375 1154.153090 1156.902150 1162.537850 1169.448098 1179.303834 1190.401123 1185.207250 1168.987955 1156.893393 1143.284240 1138.198792 1136.334468 1133.452741 1132.024820 1123.461879 1091.003089 1060.424506 1026.323172 994.828649 970.906168 952.815167 929.938473 904.656123 856.864485 814.222093 776.715240 746.241308 715.277748
1020.086516 1052.409897 1078.464351 1095.408752 1100.244916 1103.829954 1107.539497 1114.392025 1120.558308 1128.630268 1151.096032 1188.195856 1225.296535 1255.032564 1259.484149 1250.568066 1240.221407 1229.698413 1219.687182 1217.020088 1225.158499 1236.597357 1252.771237 1264.608868 1274.843392 1274.743483 1275.427908 1275.856399 1277.827543 1279.480389 1281.093613 1287.620006 1298.873978 1309.660803 1310.994492 1298.609402 1282.242049 1265.363744 1258.143513 1251.750934 1245.243151 1244.053152 1243.162269 1234.936779 1209.087608 1172.731891 1129.426399 1100.987188 1077.344515 1061.641677 1043.475471 1017.223753 965.762216 933.583331 895.846877 858.650733
1141.997370 1172.193925 1203.313791 1223.288084 1232.532604 1234.147007 1237.062251 1244.988409 1251.949483 1262.652173 1279.339608 1302.381636 1330.621265 1356.808020 1373.882508 1370.439498 1358.468641 1341.844900 1337.262861 1336.480670 1338.808342 1345.529896 1353.463631 1368.692657 1384.337436 1389.959056 1390.925445 1388.694205 1390.700910 1391.689318 1391.639304 1392.446591 1396.772852 1403.523248 1406.062643 1401.759399 1386.654973 1367.421470 1353.271206 1344.375174 1339.101356 1335.862414 1335.649860 1333.759235 1321.310314 1292.692667 1255.211487 1221.184165 1197.679046 1180.035375 1164.957316 1152.502431 1132.810278 1113.200899 1081.066010 1036.849268
1249.290791 1274.900073 1301.655648 1326.512385 1343.833947 1348.786378 1355.027172 1360.171814 1370.235979 1385.682632 1404.171666 1417.718099 1434.032024 1454.528982 1466.452384 1471.978256 1472.399120 1471.356473 1473.202233 1473.445204 1450.930990 1453.859536 1456.772428 1463.341060 1471.005807 1473.681487 1474.167104 1473.397626 1474.439543 1474.720147 1474.843379 1474.505020 1474.318121 1476.258896 1477.068656 1476.283711 1470.389045 1472.210584 1455.815869 1443.987820 1436.090555 1427.752628 1418.450387 1408.236951 1398.058107 1381.892992 1355.304106 1322.153041 1294.240336 1281.627956 1273.802510 1266.045431 1259.281342 1242.952750 1220.617441 1189.940215
1356.070464 1371.902826 1391.946126 1418.812052 1437.636441 1448.215528 1456.715319 1461.517116 1473.336072 1485.991235 1481.921206 1485.228990 1488.601551 1491.815039 1492.814700 1492.936612 1492.533605 1490.067279 1489.508881 1487.767655 1483.008182 1473.704457 1475.258992 1476.969914 1479.817035 1483.624741 1482.529762 1483.559439 1486.502427 1485.056024 1479.678332 1476.182977 1474.693923 1475.251184 1482.454359 1485.688522 1486.595055 1485.938482 1485.341572 1484.834516 1483.245045 1481.194914 1478.420377 1474.997464 1476.694532 1466.570862 1443.763192 1411.624110 1377.548771 1362.890302 1357.406301 1356.806856 1352.804977 1345.715300 1326.676030 1299.639118
1466.831942 1479.785670 1479.053307 1487.927985 1492.685121 1495.011663 1497.433917 1499.601112 1500.246554 1496.729398 1493.017752 1488.200219 1486.776018 1485.232915 1482.507351 1482.650060 1480.139051 1475.679635 1471.695131 1465.055359 1454.218171 1442.717409 1440.237355 1445.068105 1450.423723 1454.994528 1458.259106 1461.613359 1462.843441 1458.279869 1450.632634 1443.727666 1441.917054 1448.480014 1454.255780 1459.604933 1460.527989 1459.463676 1457.823245 1458.315895 1456.147993 1456.746459 1463.011436 1475.758673 1481.643731 1483.679737 1483.019157 1476.340226 1464.525594 1454.996134 1435.237024 1437.743206 1432.522594 1420.617742 1399.629830 1376.078559
1493.537196 1493.289695 1491.676302 1486.011282 1480.368288 1479.539715 1483.025710 1489.239846 1489.880673 1482.296788 1473.499784 1466.115225 1459.008815 1456.399736 1454.454845 1452.971491 1452.075673 1445.870530 1437.446354 1421.925529 1410.059903 1398.595823 1392.549697 1391.125103 1396.671367 1406.566958 1415.935171 1420.539520 1414.249443 1407.091325 1396.754407 1388.822302 1389.169757 1391.826947 1401.036163 1414.793901 1419.343627 1420.385927 1415.959435 1412.233779 1407.044824 1405.674674 1412.838586 1427.767786 1442.883714 1456.358808 1464.387894 1471.475653 1477.519600 1481.300901 1481.996258 1482.169389 1480.910415 1478.811021 1463.698866 1443.255925
1481.201936 1474.650172 1469.492643 1462.670473 1456.584694 1454.321960 1456.042494 1458.098600 1453.822081 1446.003989 1434.842373 1423.193216 1412.816018 1406.000083 1405.763353 1406.636636 1406.107493 1398.553051 1383.418752 1365.813333 1352.262932 1338.431505 1334.590098 1330.247813 1326.849959 1337.616101 1354.328362 1360.388189 1347.450960 1337.965700 1324.206128 1317.009265 1314.242440 1316.125003 1325.779374 1345.366386 1364.298746 1365.886438 1357.093170 1348.627601 1344.815194 1343.259773 1350.590821 1369.175375 1389.332526 1404.410381 1414.296381 1420.318916 1428.602800 1438.184591 1450.272480 1463.235110 1473.956992 1482.459734 1485.807019 1483.999056
1455.608876 1447.424858 1439.288588 1431.662526 1424.695508 1419.485487 1416.269446 1412.507944 1405.231524 1396.782531 1381.593042 1368.488831 1355.767230 1341.370138 1336.804791 1332.509461 1332.559458 1320.100488 1308.750401 1289.774356 1274.357538 1259.037860 1249.170029 1243.796942 1238.442433 1243.082932 1258.456169 1267.408723 1254.218102 1244.205938 1231.652605 1225.718132 1222.723322 1224.862211 1235.279780 1257.485177 1276.235587 1283.490936 1276.386995 1272.173933 1271.031623 1271.337817 1278.280121 1293.878092 1314.551203 1336.025217 1352.504125 1362.484534 1370.855865 1381.533809 1396.399479 1410.701558 1424.754869 1441.635785 1461.132500 1475.320653
1420.270621 1409.711851 1399.381087 1388.084470 1376.500694 1369.098161 1368.797502 1360.765266 1352.883783 1336.415345 1289.576421 1270.590622 1251.708968 1235.352067 1228.113045 1218.841378 1209.123416 1198.311124 1190.538175 1182.910534 1167.443331 1150.405744 1134.753338 1129.894835 1125.957481 1117.385047 1122.272716 1125.412459 1129.201875 1122.088480 1116.455397 1114.459926 1112.250052 1115.780107 1129.602901 1141.682861 1152.164141 1158.812150 1158.147386 1166.059798 1173.777010 1179.516636 1197.107087 1212.263359 1231.291128 1253.924709 1278.489439 1292.780610 1303.415900 1315.387299 1331.865369 1349.242146 1367.125222 1389.714212 1414.200599 1430.100625
1375.335777 1360.877727 1345.896926 1332.068573 1318.034986 1303.341534 1302.220445 1296.837764 1286.709563 1244.376426 1200.622737 1166.752975 1147.023885 1123.445810 1110.029332 1096.303826 1067.526372 1051.234500 1043.912812 1048.138161 1038.288921 1021.354303 1007.413017 999.409242 992.826925 980.034844 971.266241 975.897053 988.016259 983.713329 982.207578 986.446726 985.000264 982.036570 987.976800 1002.641623 1011.184884 1021.624759 1034.047998 1040.084482 1051.487337 1080.387989 1097.147600 1115.068737 1137.539983 1161.629527 1186.526066 1208.792498 1223.921705 1240.189732 1260.433463 1278.514074 1300.200541 1324.343814 1353.331870 1373.418075
1307.065802 1286.846403 1269.070306 1250.210470 1227.713804 1204.972621 1200.003639 1190.559585 1169.364162 1121.477696 1078.945462 1046.564648 1021.960999 995.640951 974.377840 944.236319 909.685674 887.157025 891.142461 897.644099 897.970367 883.674733 870.670601 860.297516 846.352745 830.898984 819.310447 827.846503 836.434046 844.852917 848.479490 852.322725 855.099834 854.335060 850.398343 856.158114 865.628888 876.863030 888.669089 904.147181 936.292981 964.453526 985.631827 1009.989984 1033.742466 1060.206261 1087.906711 1112.975131 1132.222766 1153.520624 1175.322025 1198.396964 1220.979166 1247.254810 1277.629076 1303.043479
1228.368756 1200.618639 1176.282871 1147.610958 1106.463161 1088.428672 1076.352191 1060.419994 1021.639698 976.807458 939.008220 911.654094 883.842797 857.505815 828.255786 794.713702 766.149508 744.487382 750.220473 756.655596 767.567906 755.449440 744.100164 737.693491 722.715295 708.687318 694.221926 701.782884 711.762809 729.012460 733.259018 736.830768 743.955705 743.167761 741.104436 732.729540 741.964804 753.133817 767.837552 796.833022 823.760716 850.718727 875.397962 899.437884 925.955522 954.554809 983.844774 1014.113810 1037.893598 1061.167572 1086.748708 1110.611255 1131.934580 1155.520442 1184.122324 1209.287342
1117.306482 1092.940900 1065.898443 1026.372764 979.538663 941.833934 921.997350 880.613295 843.922020 806.516870 786.454587 765.169284 739.658840 715.933631 692.781307 665.184285 641.157751 616.148262 619.251376 631.300012 644.967412 639.108789 635.390880 632.070228 620.732945 606.996369 593.429836 597.082386 612.311571 629.224736 636.772013 643.527637 651.233100 651.572960 645.035730 637.037622 643.190614 657.886737 674.887904 697.074767 721.151474 745.263645 768.382866 794.011575 820.972102 848.889103 879.175429 910.723827 935.857153 964.761113 994.638899 1018.900507 1035.277536 1053.227180 1081.135831 1103.479079
1002.571011 975.515582 945.190569 900.570667 854.700025 808.732436 766.719949 730.847719 697.261845 677.620189 656.624295 636.776541 616.906339 594.462953 573.815536 553.898173 530.964163 512.634080 517.522860 530.321449 541.305570 543.973010 540.858738 537.689583 530.093177 516.343061 506.373452 514.887165 530.319637 545.274993 555.584944 562.442291 568.670305 566.174147 558.221492 552.749243 561.211945 577.228481 592.790959 611.018867 633.649716 656.479724 679.980233 704.797163 729.962373 757.880648 786.988312 816.832969 846.698432 874.739314 901.530443 917.592361 933.716530 946.089918 967.400586 990.913459
866.318782 838.310247 807.249298 770.961986 729.439739 696.187483 661.645984 628.611929 596.425528 569.452744 550.976706 539.871459 523.951795 503.781203 489.456925 471.828658 453.799570 453.254397 455.881046 466.881791 468.004979 468.521050 465.455320 464.273953 459.875918 449.230410 456.207455 463.759770 478.485105 489.386483 498.937287 505.306316 509.570110 509.617789 503.416213 507.169608 514.648331 529.669421 542.118400 557.949899 579.667203 598.256766 619.087762 642.750686 667.412947 693.541670 721.475156 751.680144 779.459210 802.610045 815.955964 830.649981 840.569289 839.420998 858.213350 878.177635
