tests/Borden05m/sims/sim_1/output-maps/psiliqL0005N0014.asc
ncols         160
nrows         34
xllcorner     620200.000000
yllcorner     5168000.000000
cellsize      0.500000
NODATA_value  -9999.0
[rows 0 to 24 of 34, columns 0 to 55 of 160]
-9999.0 -9999.0 -9999.0 -9999.0 -9999.0 -9999.0 -9999.0 -9999.0 -9999.0 -9999.0 -9999.0 -9999.0 -9999.0 -9999.0 -9999.0 -9999.0 -9999.0 -9999.0 -9999.0 -9999.0 -9999.0 -9999.0 -9999.0 -9999.0 -9999.0 -9999.0 -9999.0 -9999.0 -9999.0 -9999.0 -9999.0 -9999.0 -9999.0 -9999.0 -9999.0 -9999.0 -9999.0 -9999.0 -9999.0 -9999.0 -9999.0 -9999.0 -9999.0 -9999.0 -9999.0 -9999.0 -9999.0 -9999.0 -9999.0 -9999.0 -9999.0 -9999.0 -9999.0 -9999.0 -9999.0 -9999.0
-9999.0 -9999.0 -9999.0 -9999.0 -9999.0 -9999.0 -9999.0 -9999.0 -9999.0 -9999.0 -9999.0 -9999.0 -9999.0 -9999.0 -9999.0 -9999.0 -9999.0 -9999.0 -9999.0 -9999.0 -9999.0 -9999.0 -9999.0 -9999.0 -9999.0 -9999.0 -9999.0 -9999.0 -9999.0 -9999.0 -9999.0 -9999.0 -9999.0 -9999.0 -9999.0 -9999.0 -9999.0 -9999.0 -9999.0 -9999.0 -9999.0 -9999.0 -9999.0 -9999.0 -9999.0 -9999.0 -9999.0 -9999.0 -9999.0 -9999.0 -9999.0 -9999.0 -9999.0 -9999.0 -9999.0 -9999.0
-9999.0 -9999.0 -9999.0 -9999.0 -9999.0 -9999.0 -9999.0 -9999.0 -9999.0 -9999.0 -9999.0 -9999.0 -9999.0 -9999.0 -9999.0 -9999.0 -9999.0 -9999.0 -9999.0 -9999.0 -9999.0 -9999.0 -9999.0 -9999.0 -9999.0 -9999.0 -9999.0 -9999.0 -9999.0 -9999.0 -9999.0 -9999.0 -9999.0 -9999.0 -9999.0 -9999.0 -9999.0 -9999.0 -9999.0 -9999.0 -9999.0 -9999.0 -9999.0 -9999.0 -9999.0 -9999.0 -9999.0 -741.678060 -761.141962 -783.063040 -787.507314 -761.352378 -743.276867 -725.495696 -711.016035 -697.536498
-9999.0 -9999.0 -9999.0 -9999.0 -9999.0 -9999.0 -9999.0 -9999.0 -9999.0 -9999.0 -9999.0 -9999.0 -9999.0 -9999.0 -9999.0 -9999.0 -9999.0 -9999.0 -9999.0 -9999.0 -9999.0 -9999.0 -9999.0 -9999.0 -9999.0 -9999.0 -9999.0 -9999.0 -9999.0 -9999.0 -9999.0 -9999.0 -9999.0 -9999.0 -9999.0 -9999.0 -9999.0 -9999.0 -9999.0 -9999.0 -717.489870 -710.224999 -706.008057 -718.168924 -727.182881 -733.089740 -750.575147 -768.397968 -785.739846 -784.733127 -783.419854 -786.523131 -764.573797 -744.262953 -731.019249 -718.886495
-9999.0 -9999.0 -9999.0 -9999.0 -9999.0 -9999.0 -9999.0 -9999.0 -9999.0 -9999.0 -9999.0 -9999.0 -9999.0 -9999.0 -9999.0 -9999.0 -9999.0 -9999.0 -9999.0 -9999.0 -9999.0 -9999.0 -9999.0 -9999.0 -9999.0 -9999.0 -9999.0 -9999.0 -9999.0 -9999.0 -9999.0 -9999.0 -9999.0 -9999.0 -787.316778 -768.973336 -755.950621 -742.995356 -729.124926 -727.529692 -725.759617 -718.997712 -724.577662 -727.730740 -738.377822 -756.734628 -776.258840 -789.303132 -785.772395 -789.138325 -786.942576 -775.482483 -763.882082 -753.725523 -736.339367 -714.894675
-9999.0 -9999.0 -9999.0 -9999.0 -9999.0 -9999.0 -9999.0 -9999.0 -9999.0 -9999.0 -9999.0 -9999.0 -9999.0 -9999.0 -9999.0 -9999.0 -9999.0 -9999.0 -9999.0 -9999.0 -9999.0 -9999.0 -9999.0 -9999.0 -9999.0 -9999.0 -9999.0 -9999.0 -769.325475 -776.178463 -781.832711 -782.468304 -784.729223 -791.209815 -789.507920 -782.493046 -768.224268 -749.610983 -741.877266 -739.100225 -735.170109 -736.497933 -743.887559 -745.913150 -741.111472 -752.656980 -761.731475 -771.307417 -785.879117 -788.777373 -778.782837 -766.775478 -754.250606 -745.121827 -735.757032 -727.209831
-9999.0 -9999.0 -9999.0 -9999.0 -9999.0 -9999.0 -9999.0 -9999.0 -9999.0 -9999.0 -9999.0 -9999.0 -9999.0 -9999.0 -9999.0 -9999.0 -9999.0 -9999.0 -9999.0 -9999.0 -9999.0 -9999.0 -9999.0 -788.871819 -782.297087 -778.198924 -771.794347 -773.371069 -783.651145 -791.638365 -795.587630 -798.402195 -803.671129 -802.312835 -798.391183 -789.053281 -779.068121 -759.806818 -759.042596 -757.523450 -744.461680 -744.993548 -738.996026 -732.593667 -735.020508 -735.842658 -751.280987 -762.870657 -752.978402 -746.952963 -744.081881 -741.670988 -732.415914 -720.599628 -706.735856 -688.956476
-9999.0 -9999.0 -9999.0 -9999.0 -9999.0 -9999.0 -9999.0 -9999.0 -9999.0 -9999.0 -9999.0 -9999.0 -9999.0 -9999.0 -9999.0 -9999.0 -9999.0 -9999.0 -9999.0 -798.065367 -799.244269 -801.720804 -799.050382 -807.364866 -810.074715 -804.784164 -797.000077 -798.851392 -804.313367 -809.239791 -808.277782 -806.748696 -805.950938 -794.883041 -783.868239 -775.614239 -769.419149 -752.272260 -742.610719 -731.703520 -714.808187 -721.277711 -729.364767 -733.741154 -734.166534 -735.460952 -727.198943 -723.717112 -720.403328 -717.288044 -713.042144 -707.068057 -700.299840 -683.750854 -666.356885 -649.581037
-9999.0 -9999.0 -9999.0 -9999.0 -9999.0 -9999.0 -9999.0 -9999.0 -9999.0 -9999.0 -9999.0 -9999.0 -9999.0 -9999.0 -9999.0 -9999.0 -808.969915 -809.274749 -812.335703 -816.312275 -820.432774 -819.150112 -812.931134 -819.262512 -819.913705 -815.610062 -816.230615 -809.604678 -803.114482 -796.248217 -792.133667 -795.180153 -790.931546 -786.871922 -781.319681 -771.368032 -752.667164 -734.399469 -724.042646 -710.777352 -694.750532 -698.788079 -701.649982 -701.368846 -703.441439 -696.528270 -676.572242 -674.412160 -675.573410 -654.903764 -641.792322 -640.228080 -636.800572 -620.802262 -598.242430 -570.567200
-9999.0 -9999.0 -9999.0 -9999.0 -9999.0 -9999.0 -9999.0 -9999.0 -9999.0 -9999.0 -9999.0 -9999.0 -9999.0 -823.851160 -823.612580 -820.013768 -827.592658 -834.556716 -837.857809 -841.966346 -829.846668 -833.991959 -833.221366 -828.947179 -818.154359 -814.562641 -809.985216 -801.258390 -798.689738 -797.075352 -795.260463 -794.853564 -783.625456 -771.563919 -760.276861 -743.905335 -727.979865 -712.683301 -695.212663 -685.435863 -673.824760 -672.634945 -677.802642 -678.179747 -670.680216 -651.724217 -634.063872 -623.190914 -599.041296 -573.261654 -557.743565 -542.149831 -532.404631 -519.232980 -493.845037 -437.603195
-9999.0 -9999.0 -9999.0 -9999.0 -9999.0 -9999.0 -9999.0 -9999.0 -9999.0 -9999.0 -849.942497 -843.582590 -853.097501 -868.597561 -873.975015 -866.813261 -859.083952 -862.119321 -857.969811 -836.488361 -822.927594 -834.023352 -819.904091 -815.856692 -817.935661 -812.039504 -803.156994 -796.495178 -781.742355 -775.223728 -768.402200 -748.382757 -737.394604 -726.254605 -713.496390 -699.290508 -683.945470 -655.618648 -631.016367 -621.992790 -596.489747 -580.691186 -588.283861 -590.532600 -584.600255 -564.666946 -534.452599 -496.070061 -459.651267 -413.123649 -374.694303 -350.657448 -333.993150 -316.083867 -295.361462 -264.723130
-9999.0 -9999.0 -9999.0 -9999.0 -9999.0 -9999.0 -9999.0 -9999.0 -879.840898 -868.702225 -861.239319 -869.465200 -880.803071 -899.537364 -888.856276 -877.488235 -868.128421 -856.490983 -848.235929 -839.583789 -836.506670 -825.351568 -809.664727 -806.458987 -800.289691 -788.844484 -782.056439 -769.227877 -752.896875 -746.618247 -732.722012 -715.874991 -700.811059 -687.258593 -673.062861 -659.742769 -632.169809 -598.341684 -564.216384 -534.911223 -499.043389 -461.094407 -458.828376 -452.212792 -442.815199 -396.526839 -343.902774 -299.662001 -267.711865 -242.929021 -218.294413 -204.126253 -194.234379 -181.738094 -166.179158 -151.953632
-9999.0 -9999.0 -9999.0 -9999.0 -9999.0 -9999.0 -901.337994 -873.458894 -859.636232 -885.027323 -905.172510 -912.240826 -923.802789 -895.228862 -869.044515 -860.294031 -852.287092 -843.416033 -839.327851 -843.348572 -805.786798 -804.576263 -801.086490 -785.229484 -778.471896 -770.579904 -757.946898 -738.025548 -721.300380 -690.078597 -663.475423 -640.058832 -615.739928 -598.455745 -581.512157 -561.834910 -523.292536 -470.943526 -410.329196 -356.991618 -315.412540 -280.016487 -267.290924 -260.783646 -253.570931 -238.943739 -213.328304 -185.896322 -154.745630 -125.628036 -103.911171 -93.826262 -84.158888 -72.929044 -58.731838 -43.658395
-9999.0 -9999.0 -9999.0 -9999.0 -897.101031 -887.423536 -886.550428 -860.173750 -842.147287 -870.603886 -859.016313 -863.569069 -872.630053 -882.192995 -891.860680 -876.594502 -864.959432 -854.675807 -847.340891 -808.692710 -773.328623 -774.476753 -752.837440 -723.074319 -717.828197 -708.318198 -698.843529 -680.345552 -653.704890 -621.693500 -570.523637 -523.051222 -488.674287 -454.517674 -421.036750 -379.427566 -329.280579 -282.487587 -248.800408 -218.860881 -191.084063 -167.930124 -152.747777 -145.050403 -135.291740 -123.157052 -106.282742 -81.739666 -53.204497 -19.617718 4.728094 17.759216 27.150534 36.230339 51.015518 70.266422
-9999.0 -9999.0 -9999.0 -921.469844 -890.121756 -874.304898 -877.936812 -865.570047 -841.704022 -852.890622 -852.473972 -852.070418 -850.544692 -846.715677 -843.150324 -832.055036 -825.333052 -822.705513 -809.787609 -780.074962 -755.224654 -727.472969 -702.840856 -676.029704 -655.465796 -643.271111 -630.077608 -606.468338 -561.762783 -510.152413 -431.535902 -345.288310 -294.614764 -266.689314 -249.597540 -228.260280 -206.836582 -176.182656 -146.718764 -118.687473 -89.723173 -64.307830 -40.557495 -31.160071 -23.844050 -16.051416 0.086046 21.305267 45.806450 89.478084 115.778062 123.287761 144.734860 142.451539 167.125784 182.680138
-9999.0 -9999.0 -924.972593 -904.725286 -907.901802 -880.366009 -850.894311 -851.584067 -821.227395 -807.008966 -818.298747 -802.261902 -790.766370 -793.949388 -780.617690 -766.780395 -758.521804 -764.981528 -763.544754 -731.393479 -679.439791 -634.425446 -600.894153 -531.237051 -490.016882 -463.511537 -447.960702 -409.619595 -356.232993 -295.680349 -248.873050 -205.475553 -169.116232 -140.534086 -127.997665 -113.128767 -91.039715 -68.083156 -39.795570 -14.106672 14.889953 42.987033 80.074789 94.977328 99.478388 112.384149 130.253154 150.802164 170.268141 190.047113 205.751344 206.083055 207.744028 207.340525 209.400260 210.231571
-9999.0 -9999.0 -946.336655 -914.775487 -923.148883 -873.725130 -827.019324 -837.544136 -813.052733 -774.316865 -769.809759 -755.920643 -745.698254 -732.397369 -712.701569 -688.018335 -691.845335 -693.028241 -703.031095 -646.233894 -587.254049 -501.066283 -381.168997 -304.366190 -264.839060 -256.540142 -251.346209 -236.430669 -213.703755 -172.717349 -125.021819 -75.423721 -34.393078 -7.173368 6.321090 20.545732 42.443051 77.469531 93.106132 111.043913 140.676302 158.736118 184.102441 201.721957 207.956847 208.640178 207.169711 208.609138 209.183282 209.843001 208.873735 205.633043 203.795824 205.197250 206.445407 202.136545
-9999.0 -964.013879 -944.504683 -936.063888 -899.932905 -890.513398 -841.030145 -784.059314 -763.079782 -735.571128 -719.712462 -713.317431 -651.831543 -598.561487 -572.639616 -535.694311 -544.722230 -553.463582 -567.969463 -516.905713 -427.525283 -299.328231 -195.024026 -142.244123 -109.772115 -104.301375 -106.924802 -93.324838 -68.689934 -31.718137 25.899005 82.306162 122.162100 150.167498 159.264313 161.670039 175.107496 192.523025 206.106015 209.017674 211.670685 212.617014 209.876575 210.199395 210.716258 210.223845 207.099652 200.836952 193.157916 186.713673 178.019046 174.026102 166.352343 178.791844 181.211592 174.931817
-9999.0 -1011.723522 -949.302532 -911.065294 -910.168068 -906.118387 -818.031672 -713.154031 -706.445657 -690.403299 -670.857510 -616.752858 -503.405373 -406.013201 -351.148707 -306.472161 -308.010473 -321.120716 -319.282993 -281.240565 -230.705825 -158.837420 -48.525399 31.852151 61.469561 73.938517 82.253640 102.789418 128.592612 151.276625 171.182299 193.047045 198.549443 200.207470 200.912003 201.138376 201.490573 201.893977 198.702435 195.285942 191.172492 191.373446 194.988894 194.782964 192.199425 188.766151 181.056957 172.067425 164.801076 153.742847 135.805781 127.856468 122.996471 124.679784 121.434363 115.750878
-9999.0 -968.855604 -902.340588 -911.341455 -943.993159 -856.279605 -795.531750 -701.954204 -634.151065 -614.592806 -550.788105 -411.031674 -297.828026 -231.867290 -194.286022 -172.961719 -160.361718 -162.034941 -142.061223 -95.208721 -24.690597 68.716916 118.444156 171.091689 181.544064 183.232563 181.464292 182.880069 184.335334 184.974317 185.730556 184.975022 190.033405 192.392625 191.179106 187.813749 181.048089 172.698140 167.285450 164.192575 160.725291 160.672105 163.842412 164.257810 161.264462 154.279308 132.317720 120.693537 111.533165 101.094581 91.828521 84.872475 80.926232 76.389524 71.669344 65.786429
-9999.0 -1058.772139 -954.005871 -1023.997180 -906.591048 -808.406920 -773.219394 -647.013350 -529.006672 -472.887305 -330.992167 -243.122185 -170.032968 -121.237239 -85.653207 -47.456294 -21.246297 5.413357 40.138288 71.765751 149.748739 180.763682 187.216526 190.160065 183.766043 183.814460 173.789406 154.113107 143.762404 137.243256 138.922279 144.177954 152.798798 158.969664 156.447258 153.317854 133.686806 124.525659 119.369907 111.225752 103.805998 98.817484 98.041766 103.170388 97.183156 90.981153 79.541229 68.577590 58.084802 48.255067 38.658401 30.445641 26.536619 20.603739 19.141156 12.416083
-9999.0 -1132.748699 -1048.510813 -988.977069 -887.826294 -812.305602 -733.756088 -603.291711 -414.114681 -297.910172 -220.111288 -181.193295 -126.457292 -68.812611 -11.628037 19.850547 36.852230 44.018848 52.935479 64.220457 63.301785 93.832367 112.805422 134.700264 141.667214 141.613316 111.000731 93.445395 85.022059 83.826618 83.246830 83.408773 84.034965 82.848352 78.848235 77.375870 75.171678 66.792122 58.465238 51.143401 44.820364 37.551687 32.558233 29.875864 27.061557 25.230044 16.109152 4.659590 -6.425932 -15.168749 -23.742005 -30.422973 -32.861716 -37.248141 -42.836463 -52.384511
-9999.0 -1310.154952 -1027.052711 -994.386385 -928.812420 -892.443649 -839.787916 -712.840075 -561.849478 -315.885016 -167.903442 -144.978920 -125.125978 -90.295672 -35.793906 14.251701 20.030758 -7.302276 -27.747214 -34.712238 -24.172302 -3.342876 15.740286 37.798316 52.573552 58.188631 51.081135 39.280174 25.183485 17.930849 14.430895 7.563499 2.334841 1.832783 -0.630601 2.691748 3.731523 -6.391500 -18.531162 -32.251094 -44.058818 -52.729907 -55.695198 -55.282263 -56.150042 -59.494237 -66.973820 -76.820716 -88.534780 -99.023123 -107.037419 -112.597763 -118.106148 -125.505399 -133.693313 -142.539683
-9999.0 -9999.0 -1149.575381 -997.416798 -974.264953 -941.029056 -898.304424 -791.277570 -677.736026 -471.289660 -321.244154 -252.116910 -212.992421 -177.779313 -131.060134 -91.426570 -85.131578 -78.269375 -100.781957 -99.163408 -92.195150 -83.458026 -70.977002 -57.315131 -45.006990 -38.044021 -35.424709 -38.525695 -47.784949 -61.584539 -76.872405 -88.400830 -95.675438 -100.977364 -94.851370 -85.960925 -87.994099 -94.437027 -104.792507 -118.077885 -129.054198 -139.988696 -142.750102 -141.804641 -141.867383 -144.591777 -149.403105 -160.592545 -172.187301 -183.950033 -189.771031 -195.442133 -200.932021 -210.433704 -220.179740 -230.938564
-9999.0 -9999.0 -1347.659457 -1074.660850 -976.501437 -912.756813 -908.392525 -876.929206 -754.042600 -676.002266 -586.573986 -490.941468 -399.249255 -327.921995 -287.794784 -249.456545 -232.218586 -224.420022 -222.199575 -211.394434 -193.722246 -176.199366 -163.809014 -152.493147 -141.835963 -133.264357 -126.270334 -135.186445 -144.247862 -157.770578 -174.865792 -193.811555 -204.154919 -209.622111 -206.286527 -200.187778 -204.525447 -213.124679 -224.942773 -238.370926 -248.540135 -258.038110 -260.821662 -262.018336 -262.365890 -264.533666 -267.665878 -276.954667 -290.429553 -301.989909 -312.207882 -321.407400 -327.566456 -339.786447 -356.342533 -371.373266
