tests/Borden05m/sims/sim_1/output-maps/psiliqL0004N0019.asc
ncols         160
nrows         34
xllcorner     620200.000000
yllcorner     5168000.000000
cellsize      0.500000
NODATA_value  -9999.0
[rows 0 to 24 of 34, columns 56 to 111 of 160]
-9999.0 -9999.0 -9999.0 -9999.0 -9999.0 -9999.0 -9999.0 -9999.0 -9999.0 -9999.0 -9999.0 -9999.0 -9999.0 -9999.0 -9999.0 -9999.0 -9999.0 -9999.0 -9999.0 -9999.0 -9999.0 -9999.0 -9999.0 -9999.0 -9999.0 -9999.0 -9999.0 -9999.0 -9999.0 -9999.0 -9999.0 -9999.0 -9999.0 -9999.0 -9999.0 -9999.0 -9999.0 -9999.0 -9999.0 -9999.0 -9999.0 -9999.0 -9999.0 -9999.0 -9999.0 -9999.0 -9999.0 -9999.0 -9999.0 -9999.0 -9999.0 -9999.0 -9999.0 -9999.0 -9999.0 -9999.0
-9999.0 -9999.0 -9999.0 -582.916580 -585.277807 -587.093879 -588.334819 -591.798258 -594.710115 -597.915044 -598.676841 -598.501535 -599.029783 -600.043633 -598.299460 -595.927206 -593.813670 -591.195374 -591.331958 -590.867420 -589.910969 -589.669426 -590.144514 -591.365134 -592.280777 -593.304332 -592.531452 -596.020288 -600.670475 -604.273797 -605.091735 -602.302159 -600.488244 -600.510854 -598.630400 -594.767416 -591.306178 -589.600395 -585.546510 -585.291229 -583.581023 -581.427465 -583.276855 -584.000648 -584.188464 -584.188444 -589.184658 -9999.0 -9999.0 -9999.0 -9999.0 -9999.0 -9999.0 -9999.0 -9999.0 -9999.0
-594.270107 -587.244478 -587.253187 -595.744500 -597.001553 -597.511720 -597.398846 -599.002003 -602.708889 -603.960432 -606.640434 -607.738183 -608.014325 -608.905718 -607.844318 -603.368101 -600.129765 -598.969251 -599.261469 -599.282501 -600.028591 -600.624137 -600.508023 -601.677533 -602.833695 -604.033937 -603.960547 -601.786048 -605.155357 -607.003501 -608.637639 -610.158486 -609.397606 -608.736274 -608.275684 -603.972632 -601.842968 -600.072003 -594.193437 -588.863632 -587.217424 -589.032543 -591.310904 -591.266714 -592.095987 -594.743745 -597.407263 -598.457309 -599.891481 -600.699802 -602.711926 -599.746841 -599.125597 -595.482395 -592.258238 -588.454177
-602.867617 -594.942543 -595.079770 -601.951694 -606.343701 -607.868450 -607.094527 -604.414345 -605.775785 -608.357907 -611.986517 -607.680331 -608.081961 -608.331960 -607.401906 -605.903792 -605.259949 -604.456149 -603.115270 -599.110019 -599.086650 -599.325274 -599.172321 -599.916208 -601.244139 -601.350206 -602.187439 -605.341029 -605.020162 -604.338882 -604.901387 -601.787853 -601.482237 -599.915218 -605.176365 -604.089612 -602.330431 -600.809959 -599.457096 -597.956542 -596.444806 -598.705500 -597.463054 -599.914146 -604.893244 -606.938417 -607.461146 -604.747113 -603.529560 -605.984149 -613.507110 -609.409977 -600.911495 -600.963128 -601.672069 -597.110730
-607.738173 -605.355229 -605.913363 -608.956304 -606.487478 -604.438385 -603.099023 -604.396054 -606.998615 -609.918404 -602.985747 -599.758361 -600.852937 -599.956215 -598.047975 -598.185735 -606.445947 -608.609085 -604.976418 -601.011824 -599.197517 -600.452140 -601.093088 -602.440227 -602.563679 -601.906079 -602.927641 -601.741407 -600.540302 -601.605346 -599.272653 -596.636674 -594.472921 -599.731585 -604.743304 -604.454096 -600.322510 -597.065006 -594.981827 -590.331576 -583.842874 -584.795448 -586.613918 -588.228781 -590.448241 -599.011800 -606.696918 -609.970187 -611.557996 -613.903774 -612.551454 -613.953401 -607.209058 -607.450790 -608.169750 -604.615544
-612.595964 -603.510066 -600.999782 -605.504717 -608.244835 -609.592802 -608.958843 -609.740458 -609.295389 -602.896252 -598.676330 -592.461305 -593.812197 -593.422084 -593.672665 -599.496256 -604.354506 -607.356148 -598.403728 -590.972595 -588.178629 -589.518577 -590.637204 -584.794609 -586.516417 -587.575581 -591.225785 -589.885744 -589.855905 -583.230753 -580.260897 -576.762964 -578.037858 -584.598882 -590.316110 -590.836403 -590.134268 -590.375977 -588.328610 -583.583242 -578.057898 -581.519333 -583.892344 -585.202557 -597.964029 -608.689414 -613.128997 -607.654941 -604.556218 -605.493536 -605.247459 -605.328051 -609.798654 -608.880445 -608.496372 -610.308078
-594.176966 -588.275710 -580.391043 -585.229614 -589.310132 -595.979472 -595.432594 -594.412007 -591.650935 -587.473943 -580.336903 -568.312951 -569.317311 -568.152296 -564.769949 -571.075439 -577.386699 -585.898055 -576.194451 -572.914309 -568.991300 -568.575050 -561.022416 -554.297576 -558.214909 -564.021675 -570.585190 -566.450122 -557.247737 -548.218708 -545.327997 -543.800495 -542.495556 -548.725846 -551.246595 -553.001585 -552.849010 -556.505321 -555.901542 -549.014522 -538.163286 -537.284701 -543.649560 -555.411868 -572.793975 -588.821306 -597.893083 -590.359783 -593.070651 -594.673972 -594.012541 -600.021595 -603.880641 -600.017360 -604.400305 -607.717456
-584.868706 -578.683535 -569.355318 -572.675962 -579.827323 -587.454028 -587.395560 -582.747854 -579.636813 -570.136212 -556.437493 -539.750800 -529.487515 -521.622257 -513.630764 -519.678741 -527.132758 -535.321088 -533.350033 -523.219081 -512.639912 -500.923704 -487.686152 -474.134978 -478.385652 -486.438893 -487.783043 -483.879486 -467.772913 -452.991641 -446.892639 -443.326504 -437.539342 -442.416274 -451.020775 -461.264310 -471.527515 -480.603028 -486.936100 -473.378402 -459.312660 -462.074390 -487.562463 -510.558794 -535.915729 -558.896915 -579.946920 -580.889700 -578.423077 -576.430750 -584.017643 -588.869880 -596.422664 -598.844461 -599.379533 -606.799116
-539.191499 -524.997258 -509.693109 -503.438350 -515.102981 -517.477032 -513.022257 -503.425094 -498.680525 -485.809826 -453.440002 -413.420761 -384.506331 -362.959148 -358.857094 -366.340559 -374.792600 -388.462705 -395.640796 -383.444220 -371.544209 -360.947466 -351.494743 -342.338952 -336.045361 -336.616016 -336.562502 -334.487599 -331.678487 -326.872469 -321.290282 -315.643338 -309.429958 -307.480270 -315.064544 -322.978501 -331.856986 -340.027013 -342.668980 -344.675286 -340.093113 -340.830683 -356.252574 -378.653949 -408.703704 -447.845367 -483.415648 -507.918465 -509.637792 -522.262776 -534.003934 -546.967761 -568.693562 -576.259681 -581.269594 -598.307603
-445.302149 -412.481036 -393.403322 -377.098362 -375.530022 -372.205649 -369.016894 -363.721689 -359.162634 -353.195303 -327.245890 -296.392967 -267.084004 -243.273629 -233.204152 -240.911050 -249.734494 -259.987503 -269.179244 -269.335110 -257.761124 -243.308824 -229.018163 -219.562994 -216.131798 -217.652572 -217.541171 -216.388161 -213.563848 -211.641781 -207.601277 -201.253637 -191.003873 -178.685397 -181.436742 -197.352509 -210.941404 -227.095277 -235.511792 -239.250293 -244.579522 -245.262671 -246.122308 -267.939493 -291.497285 -319.271292 -347.244971 -366.573733 -386.024383 -407.325527 -430.339117 -474.086920 -512.813359 -540.463020 -561.111685 -580.483154
-330.470404 -304.558090 -280.305949 -265.825883 -260.092664 -257.413233 -253.251781 -245.441807 -238.799568 -230.279324 -213.077562 -181.151137 -146.748052 -116.466014 -104.039451 -108.672467 -117.294345 -128.497950 -135.990981 -138.539830 -134.084974 -126.375011 -113.995236 -103.005504 -92.120791 -92.031260 -92.085523 -92.068462 -90.592597 -89.358112 -88.969484 -83.376326 -73.461146 -64.552958 -62.356166 -72.080070 -88.900552 -108.321385 -124.276504 -135.190677 -142.490747 -144.063819 -143.994045 -145.278143 -165.080517 -196.453759 -237.555777 -266.660779 -288.641849 -301.823515 -315.729642 -329.209819 -361.066588 -379.261172 -409.874410 -450.366281
-230.642706 -203.837252 -175.982431 -156.420695 -145.760395 -142.531999 -135.844468 -122.754273 -112.609007 -100.294600 -85.894243 -70.283060 -43.564432 -12.753260 32.376532 33.149281 24.174851 10.271078 8.054167 8.089351 8.572376 13.010346 17.526097 29.449063 42.396729 46.828562 47.356441 45.179268 47.224802 47.484922 47.359557 47.299469 49.775441 54.626279 56.849474 53.829210 41.675044 22.398854 -20.147597 -36.059410 -42.841116 -47.122569 -48.323325 -50.959087 -60.722637 -85.812336 -123.267945 -159.385051 -185.609855 -204.390399 -217.882898 -227.396540 -236.013643 -249.822201 -274.008265 -309.078134
-124.417802 -100.720719 -77.099935 -53.986117 -38.662554 -28.808518 -15.392172 13.618530 28.014891 43.022781 56.608434 49.571770 78.260202 96.794057 108.675125 114.705672 116.136255 116.841704 118.681994 118.889761 117.090877 117.923495 118.632753 118.822411 121.812002 122.031972 122.308735 121.985323 122.816632 122.458466 122.987816 122.559449 121.247043 121.183323 121.460003 121.021235 118.708880 111.280841 94.994502 83.819410 76.940421 70.069896 61.910303 52.994821 44.162190 28.544110 -19.501776 -56.475240 -89.178592 -108.699395 -118.335385 -124.767537 -130.303025 -144.338993 -164.923903 -190.871725
9.784378 25.511802 42.008056 62.218836 61.033513 86.197072 95.281546 102.429077 112.214302 122.336764 124.021496 123.066465 124.509614 124.787791 125.468896 125.183086 125.673419 123.402103 123.663535 122.020890 116.854317 108.075397 109.410608 110.642211 112.891968 116.163996 114.489382 115.328648 117.988452 116.844027 111.881332 108.884209 107.283486 107.265108 113.972826 116.833112 117.258706 117.781268 117.049663 116.876306 116.675110 116.634890 116.537351 116.436070 112.236837 103.917158 83.360878 56.410764 26.228004 -16.031535 -29.581273 -30.496153 -35.171149 -43.427758 -67.668709 -95.852190
104.200657 115.080880 124.201763 124.967751 124.368790 125.509261 127.318595 128.971243 129.240446 125.421829 122.021556 117.546842 116.409351 115.465425 113.242064 114.024709 112.131827 108.526554 105.040462 97.505498 87.042646 75.022942 73.250198 78.127313 82.619601 86.345590 88.309511 91.296914 92.619367 89.035869 81.823211 75.326267 73.011255 78.936578 84.658863 89.068905 89.399373 88.133099 86.528918 87.159895 85.464745 86.539268 93.101986 106.616868 114.554102 114.745929 114.524020 113.888524 112.780177 91.702510 72.817885 74.952424 70.797788 58.353352 13.073885 -15.257144
119.557856 119.504262 117.224585 111.647534 106.565799 105.997520 109.735610 116.549312 117.794715 111.432833 103.502989 95.083408 88.305628 86.264020 84.863117 84.209123 83.969219 78.477973 69.193677 31.371231 14.181323 1.070462 -5.700450 -6.726398 -1.152552 7.145953 14.360171 18.292530 13.240321 7.128186 -2.024390 -9.557223 -9.353038 -6.325678 2.087110 13.582415 15.965063 16.662289 12.908714 10.417445 6.197823 7.082723 19.936812 57.672136 73.400054 85.271081 92.448285 99.669030 106.947647 114.051725 114.067197 114.139686 114.082264 109.870484 95.398360 77.165832
104.920502 97.222685 92.024755 85.167282 79.222001 77.491388 81.010259 85.164348 82.067420 75.738103 61.681787 28.953514 13.989718 7.001255 7.031476 8.522012 8.257002 1.486092 -14.392529 -37.010566 -53.113940 -68.048236 -72.602881 -77.004484 -79.133278 -68.850650 -54.343185 -49.366738 -60.810370 -69.286395 -81.894397 -89.132334 -91.347246 -89.424033 -80.200070 -62.964059 -47.467731 -46.754658 -54.977287 -62.664531 -66.246810 -66.489615 -55.676447 -31.175947 -10.199953 4.441993 14.999696 26.316073 57.551222 68.836968 79.453212 91.366451 102.405048 113.352648 113.925215 113.819333
74.542676 44.871414 32.155889 23.555485 16.841191 12.325667 9.940682 7.909404 1.699353 -5.522695 -17.739618 -34.788552 -48.496430 -62.168003 -65.589548 -67.632421 -66.101390 -77.514696 -90.163139 -111.338768 -127.520999 -143.082153 -151.469209 -157.161349 -162.375475 -154.967923 -139.170748 -130.279208 -145.354050 -155.151185 -168.214102 -174.629152 -177.585917 -176.355061 -167.174557 -144.884508 -127.010681 -121.289097 -129.136042 -135.886028 -138.741158 -138.465397 -131.809258 -113.762405 -92.367711 -72.236365 -57.187986 -45.455739 -31.389989 -18.387805 -2.316293 15.686873 46.834952 70.259993 88.108118 102.214575
7.152922 -8.000362 -19.914482 -31.188552 -41.918291 -47.924587 -47.732125 -54.637840 -61.283844 -71.691010 -111.836938 -128.294707 -145.432977 -159.542664 -164.245779 -170.701978 -173.771014 -183.065652 -190.842116 -202.737980 -218.102380 -233.849526 -247.442380 -251.891018 -255.803027 -259.501908 -250.263986 -246.218613 -248.967337 -255.743724 -262.722273 -266.375330 -268.623492 -265.147599 -253.267767 -241.405865 -230.318679 -225.346171 -230.301298 -225.668675 -220.501191 -220.062958 -205.561547 -191.296176 -173.381324 -152.329370 -130.524956 -118.022625 -106.895361 -94.447003 -77.492099 -58.282872 -36.206136 -10.311542 17.426243 49.135068
-46.420441 -60.792740 -75.156009 -87.678788 -99.727635 -110.813420 -110.433570 -114.314898 -120.749936 -151.931761 -192.007659 -220.758127 -237.095555 -255.497271 -263.810633 -270.839204 -288.875952 -300.239275 -307.925892 -307.545034 -318.066515 -332.498394 -344.339323 -349.741411 -353.412711 -361.096195 -363.685017 -360.819897 -353.983956 -359.444320 -362.444294 -360.654092 -362.478832 -363.978005 -357.209402 -346.040349 -339.339043 -332.461708 -325.909635 -322.109541 -316.959086 -297.119286 -284.661808 -271.790194 -253.632284 -233.505800 -212.391207 -194.651428 -182.309360 -168.298854 -149.388375 -131.868551 -109.510398 -84.064443 -53.988459 -30.931444
-112.548311 -130.213920 -145.228312 -160.057480 -175.484649 -194.695174 -196.527749 -203.030531 -214.388516 -251.741007 -287.583536 -315.005559 -332.887465 -351.922295 -363.745972 -381.801576 -410.413468 -430.632130 -430.903617 -425.749836 -431.465513 -448.629254 -464.439713 -475.809379 -487.177385 -500.875280 -508.710137 -501.797359 -494.090138 -493.041430 -492.721687 -489.945853 -489.831138 -490.668126 -490.424919 -478.186718 -468.173236 -457.172105 -447.432371 -437.877185 -410.091696 -384.293827 -367.662207 -350.411780 -333.353099 -313.307647 -292.011496 -274.011126 -260.482628 -243.740214 -225.620774 -205.829981 -184.652475 -158.876232 -128.888713 -104.529968
-178.788197 -202.806617 -221.985715 -241.854553 -271.291378 -283.491525 -290.907983 -297.580821 -322.695324 -355.540181 -387.402231 -417.694334 -446.583470 -473.923023 -498.038139 -521.549449 -541.195349 -553.087872 -547.652467 -543.796936 -538.518452 -547.722617 -555.369826 -558.068953 -565.234447 -571.776609 -579.499033 -573.699805 -570.138089 -562.612368 -562.524519 -561.849502 -558.635930 -560.039993 -560.816089 -564.825688 -559.523147 -555.447178 -550.192189 -535.242920 -518.351868 -498.677552 -478.785700 -455.262796 -427.745590 -398.106831 -371.115209 -348.684205 -332.120824 -315.284508 -296.319655 -278.308464 -260.222426 -238.606091 -212.657107 -189.642037
-266.903247 -285.837791 -304.927301 -331.134767 -364.476974 -388.801133 -399.227329 -428.659675 -462.570645 -503.823951 -525.689312 -539.851372 -553.204765 -563.070901 -570.972354 -582.008148 -590.183327 -600.943051 -597.202993 -591.412441 -583.708769 -589.549339 -590.872966 -590.217681 -594.520110 -599.222112 -606.029106 -604.748558 -598.857914 -591.981944 -591.452812 -589.745980 -586.078388 -586.041973 -589.058380 -594.656339 -592.895494 -588.380194 -583.576393 -575.081186 -566.542844 -557.779671 -549.436591 -538.045046 -523.299006 -504.634644 -478.706285 -447.419903 -422.359291 -392.905349 -365.616529 -346.349322 -334.153128 -319.043656 -295.383506 -277.662910
-348.843713 -367.739817 -391.416407 -433.477424 -480.557161 -519.147647 -540.430596 -558.025583 -573.055887 -580.152912 -586.106949 -592.096262 -597.351190 -602.948546 -608.013764 -612.400877 -618.547865 -629.041310 -624.741324 -618.446765 -611.720119 -611.347069 -612.166415 -611.918841 -613.841904 -618.838381 -626.858943 -623.162344 -617.614905 -612.548775 -610.555060 -609.264872 -606.420270 -608.327030 -612.549770 -618.246150 -615.416089 -610.194261 -606.683644 -602.225905 -596.020515 -589.462985 -582.780470 -575.108172 -567.011728 -556.530704 -544.257282 -529.403210 -511.721624 -489.539076 -461.902077 -443.765824 -425.473705 -408.075808 -384.497450 -364.090934
-465.827216 -491.970538 -515.382842 -538.684640 -560.496827 -572.816598 -583.329942 -592.297401 -601.107500 -606.928999 -611.147708 -610.442120 -612.801944 -618.124707 -618.779615 -621.955997 -630.335364 -627.653396 -625.289991 -618.708703 -619.624820 -619.887016 -621.431929 -620.535097 -621.728756 -629.466109 -625.467464 -623.457275 -618.490611 -617.074409 -615.613261 -614.554079 -613.552130 -614.399544 -619.736684 -618.550479 -616.758380 -612.099736 -611.078984 -608.382567 -602.547748 -599.671778 -595.257143 -589.425479 -583.088726 -575.654028 -566.803957 -555.380451 -543.725955 -532.563796 -527.071182 -518.664752 -511.327136 -513.193162 -496.788365 -477.646316
