tests/Borden05m/sims/sim_1/output-maps/psiliqL0020N0007.asc
ncols         160
nrows         34
xllcorner     620200.000000
yllcorner     5168000.000000
cellsize      0.500000
NODATA_value  -9999.0
[rows 0 to 24 of 34, columns 0 to 54 of 160]
-9999.0 -9999.0 -9999.0 -9999.0 -9999.0 -9999.0 -9999.0 -9999.0 -9999.0 -9999.0 -9999.0 -9999.0 -9999.0 -9999.0 -9999.0 -9999.0 -9999.0 -9999.0 -9999.0 -9999.0 -9999.0 -9999.0 -9999.0 -9999.0 -9999.0 -9999.0 -9999.0 -9999.0 -9999.0 -9999.0 -9999.0 -9999.0 -9999.0 -9999.0 -9999.0 -9999.0 -9999.0 -9999.0 -9999.0 -9999.0 -9999.0 -9999.0 -9999.0 -9999.0 -9999.0 -9999.0 -9999.0 -9999.0 -9999.0 -9999.0 -9999.0 -9999.0 -9999.0 -9999.0 -9999.0
-9999.0 -9999.0 -9999.0 -9999.0 -9999.0 -9999.0 -9999.0 -9999.0 -9999.0 -9999.0 -9999.0 -9999.0 -9999.0 -9999.0 -9999.0 -9999.0 -9999.0 -9999.0 -9999.0 -9999.0 -9999.0 -9999.0 -9999.0 -9999.0 -9999.0 -9999.0 -9999.0 -9999.0 -9999.0 -9999.0 -9999.0 -9999.0 -9999.0 -9999.0 -9999.0 -9999.0 -9999.0 -9999.0 -9999.0 -9999.0 -9999.0 -9999.0 -9999.0 -9999.0 -9999.0 -9999.0 -9999.0 -9999.0 -9999.0 -9999.0 -9999.0 -9999.0 -9999.0 -9999.0 -9999.0
-9999.0 -9999.0 -9999.0 -9999.0 -9999.0 -9999.0 -9999.0 -9999.0 -9999.0 -9999.0 -9999.0 -9999.0 -9999.0 -9999.0 -9999.0 -9999.0 -9999.0 -9999.0 -9999.0 -9999.0 -9999.0 -9999.0 -9999.0 -9999.0 -9999.0 -9999.0 -9999.0 -9999.0 -9999.0 -9999.0 -9999.0 -9999.0 -9999.0 -9999.0 -9999.0 -9999.0 -9999.0 -9999.0 -9999.0 -9999.0 -9999.0 -9999.0 -9999.0 -9999.0 -9999.0 -9999.0 -9999.0 2107.276746 2090.360288 2076.429739 2073.406142 2095.748200 2119.628983 2144.099783 2165.280465
-9999.0 -9999.0 -9999.0 -9999.0 -9999.0 -9999.0 -9999.0 -9999.0 -9999.0 -9999.0 -9999.0 -9999.0 -9999.0 -9999.0 -9999.0 -9999.0 -9999.0 -9999.0 -9999.0 -9999.0 -9999.0 -9999.0 -9999.0 -9999.0 -9999.0 -9999.0 -9999.0 -9999.0 -9999.0 -9999.0 -9999.0 -9999.0 -9999.0 -9999.0 -9999.0 -9999.0 -9999.0 -9999.0 -9999.0 -9999.0 2154.448511 2160.667056 2161.553860 2151.995936 2141.324520 2128.854260 2108.951328 2091.653647 2078.205645 2076.601318 2079.807622 2084.250429 2106.465850 2132.245715 2152.726048
-9999.0 -9999.0 -9999.0 -9999.0 -9999.0 -9999.0 -9999.0 -9999.0 -9999.0 -9999.0 -9999.0 -9999.0 -9999.0 -9999.0 -9999.0 -9999.0 -9999.0 -9999.0 -9999.0 -9999.0 -9999.0 -9999.0 -9999.0 -9999.0 -9999.0 -9999.0 -9999.0 -9999.0 -9999.0 -9999.0 -9999.0 -9999.0 -9999.0 -9999.0 2059.982276 2077.489477 2096.023430 2115.137665 2132.624575 2140.077798 2146.154447 2152.124367 2148.299866 2144.433086 2133.571981 2114.055431 2095.280678 2082.602791 2081.769862 2080.063055 2084.720841 2097.628788 2115.106058 2131.404253 2152.833823
-9999.0 -9999.0 -9999.0 -9999.0 -9999.0 -9999.0 -9999.0 -9999.0 -9999.0 -9999.0 -9999.0 -9999.0 -9999.0 -9999.0 -9999.0 -9999.0 -9999.0 -9999.0 -9999.0 -9999.0 -9999.0 -9999.0 -9999.0 -9999.0 -9999.0 -9999.0 -9999.0 -9999.0 2062.298734 2056.755281 2052.425809 2051.576579 2050.901391 2050.517133 2057.664169 2069.743068 2087.873906 2110.494905 2124.371325 2132.315523 2139.728691 2140.936442 2136.176453 2135.126669 2136.354800 2124.875088 2113.666382 2103.227381 2093.140071 2091.599448 2101.690914 2116.776436 2133.868165 2149.422304 2165.541938
-9999.0 -9999.0 -9999.0 -9999.0 -9999.0 -9999.0 -9999.0 -9999.0 -9999.0 -9999.0 -9999.0 -9999.0 -9999.0 -9999.0 -9999.0 -9999.0 -9999.0 -9999.0 -9999.0 -9999.0 -9999.0 -9999.0 -9999.0 2030.610876 2036.231741 2043.243143 2051.388108 2052.894087 2049.667450 2044.759081 2042.618497 2041.938292 2040.720476 2046.010937 2054.216894 2068.196988 2084.508801 2107.450857 2116.712409 2122.667888 2135.266423 2139.412757 2147.191500 2152.110131 2151.245382 2148.659576 2135.805425 2126.247446 2130.717031 2136.582320 2144.413561 2153.563756 2167.935771 2183.327802 2200.410078
-9999.0 -9999.0 -9999.0 -9999.0 -9999.0 -9999.0 -9999.0 -9999.0 -9999.0 -9999.0 -9999.0 -9999.0 -9999.0 -9999.0 -9999.0 -9999.0 -9999.0 -9999.0 -9999.0 2005.003560 2006.264218 2008.014473 2013.199306 2014.074165 2016.476797 2023.930186 2032.662309 2036.002727 2034.708099 2034.283448 2036.536882 2040.067253 2045.434358 2057.192400 2071.675142 2086.623543 2100.841629 2122.536831 2138.032683 2151.887402 2168.459391 2169.417692 2166.697022 2166.047204 2167.314584 2167.615873 2169.815705 2171.728280 2179.067342 2182.804472 2188.792294 2199.115179 2211.910388 2230.281533 2249.951243
-9999.0 -9999.0 -9999.0 -9999.0 -9999.0 -9999.0 -9999.0 -9999.0 -9999.0 -9999.0 -9999.0 -9999.0 -9999.0 -9999.0 -9999.0 -9999.0 1975.721616 1977.800688 1980.450796 1986.171295 1989.888534 1994.343064 2001.817572 2003.729706 2007.939962 2015.748732 2021.168222 2031.024855 2040.071381 2048.122671 2054.926597 2058.411079 2066.328492 2076.705606 2089.317461 2104.828911 2126.549512 2150.862451 2167.826202 2185.638470 2203.901151 2205.657550 2205.469575 2207.397811 2208.116714 2213.137019 2230.255386 2235.972335 2235.156345 2249.430249 2263.579718 2268.896003 2277.912064 2298.704871 2322.792864
-9999.0 -9999.0 -9999.0 -9999.0 -9999.0 -9999.0 -9999.0 -9999.0 -9999.0 -9999.0 -9999.0 -9999.0 -9999.0 1927.025286 1931.416183 1941.757480 1952.523261 1955.763018 1960.884836 1967.774925 1980.487340 1984.721266 1991.468751 1999.557028 2012.634058 2022.104978 2031.948614 2044.619573 2053.736691 2061.769361 2069.465553 2074.761291 2088.198872 2103.940055 2120.159953 2140.991701 2164.098946 2184.764158 2205.301541 2222.692063 2236.701402 2237.743577 2238.289818 2242.047273 2249.851341 2266.892044 2286.256472 2292.576559 2307.947699 2331.192216 2344.568463 2355.624322 2364.683919 2379.803352 2402.411998
-9999.0 -9999.0 -9999.0 -9999.0 -9999.0 -9999.0 -9999.0 -9999.0 -9999.0 -9999.0 1895.777372 1898.077973 1895.056083 1894.104563 1900.102020 1912.923242 1927.652068 1934.325500 1946.760230 1968.563218 1987.498037 1991.537502 2006.336696 2017.523156 2025.246066 2036.380936 2050.340813 2063.752651 2080.853334 2093.968425 2105.296904 2124.415900 2141.752638 2159.419215 2178.320407 2200.082834 2219.567549 2247.294846 2275.266052 2287.885599 2309.183012 2317.795707 2316.125702 2317.194270 2328.259147 2343.993800 2364.032688 2385.413601 2407.079005 2432.475609 2448.149163 2463.303002 2474.891678 2487.968320 2505.285353
-9999.0 -9999.0 -9999.0 -9999.0 -9999.0 -9999.0 -9999.0 -9999.0 1870.226746 1878.373745 1884.706201 1882.196390 1878.394882 1874.237385 1889.165849 1905.553342 1922.252389 1940.984171 1957.543038 1976.569367 1992.037664 2008.478046 2029.537418 2041.904015 2054.189003 2070.527333 2085.083328 2102.325257 2124.442917 2136.163334 2151.622384 2173.535214 2192.327588 2211.510527 2231.824179 2251.191455 2277.085325 2311.071421 2343.705123 2365.356567 2394.121585 2416.005194 2415.040819 2417.790054 2423.041807 2449.664067 2479.560899 2511.392693 2536.972787 2564.815596 2595.424217 2614.722949 2626.381615 2640.090814 2656.538692
-9999.0 -9999.0 -9999.0 -9999.0 -9999.0 -9999.0 1841.288622 1866.043297 1881.792908 1874.232346 1863.050701 1859.515949 1855.349308 1883.261657 1906.382380 1924.645135 1942.419950 1960.964836 1978.331731 1990.207021 2023.169271 2042.958356 2057.446752 2074.617284 2090.589580 2106.628882 2125.064610 2149.033901 2170.418860 2198.129850 2221.222604 2243.673850 2271.167959 2292.079644 2312.431683 2331.050019 2363.065796 2401.302284 2439.286791 2468.328987 2496.409105 2530.881628 2537.416690 2543.963396 2551.113874 2575.722774 2610.364819 2641.817271 2677.117284 2710.823971 2740.412848 2756.252716 2768.242536 2780.693293 2795.347592
-9999.0 -9999.0 -9999.0 -9999.0 1807.311907 1828.538571 1848.499927 1879.543533 1902.633519 1898.590967 1905.224351 1905.487963 1903.628015 1909.260104 1918.065777 1936.983443 1957.056832 1977.468154 1994.941263 2027.666621 2074.482400 2089.443087 2111.974918 2144.384991 2158.623929 2175.207240 2193.088086 2216.932241 2241.964958 2275.052086 2316.607558 2352.379944 2378.624497 2402.338317 2425.360916 2447.884017 2485.202934 2526.346582 2565.600904 2600.993463 2631.185595 2659.710180 2672.301866 2681.467763 2695.018510 2714.125344 2738.417886 2770.686407 2805.626699 2839.798383 2865.737197 2877.609556 2885.833691 2897.455516 2907.928120
-9999.0 -9999.0 -9999.0 1755.282139 1794.478175 1833.652653 1860.713491 1892.166461 1925.448219 1929.140568 1939.370597 1943.451948 1947.156019 1955.865031 1963.548897 1981.915266 2000.525139 2019.814231 2043.317468 2080.290570 2114.290740 2140.289417 2172.105855 2195.901565 2215.226254 2231.992937 2252.801023 2277.471894 2318.592622 2355.238493 2405.785734 2460.157083 2497.472349 2523.796484 2549.606102 2580.205666 2608.257145 2648.173557 2685.563155 2720.956136 2757.266277 2783.801518 2803.025324 2811.702972 2823.576600 2833.156422 2849.720148 2871.765673 2895.740579 2927.170252 2957.302909 2817.913050 2828.997057 2838.929369 2854.863135
-9999.0 -9999.0 1707.226774 1746.087616 1779.315206 1828.536475 1882.402280 1918.253896 1959.828595 1983.036086 1990.029440 2006.120559 2021.803387 2028.326866 2042.844693 2059.954529 2081.596887 2091.373218 2111.848258 2137.544067 2183.432573 2225.514052 2237.321938 2285.165045 2319.633885 2352.139385 2374.126965 2403.662310 2443.097163 2484.044871 2534.417970 2587.079370 2625.920718 2658.790658 2678.501950 2701.621652 2726.430922 2757.459802 2795.964052 2825.940437 2859.456420 2887.414624 2910.335413 2916.600450 2922.654320 2940.499223 2968.138489 2828.798204 2851.688908 2877.117949 2871.919854 2885.639683 2893.078489 2897.328653 2903.846304
-9999.0 -9999.0 1678.836612 1724.802845 1762.929573 1826.229329 1910.194062 1947.448316 1990.838590 2038.759966 2057.672633 2083.358128 2089.807569 2092.715628 2116.104642 2137.317154 2155.781341 2165.363669 2164.993989 2221.225991 2279.440609 2320.351008 2351.220970 2424.923019 2476.267694 2499.706522 2518.785043 2542.942736 2568.565983 2612.082919 2658.241691 2714.382945 2762.361399 2794.525236 2813.128114 2835.394590 2858.469942 2878.497627 2900.619073 2945.161806 2816.501583 2840.969080 2869.299876 2889.393632 2897.198266 2901.091931 2883.703907 2894.636824 2904.055743 2908.282156 2909.984311 2906.560642 2906.066075 2906.907649 2907.934482
-9999.0 1587.571950 1640.102735 1692.413606 1759.823191 1825.270315 1905.909083 1985.309209 2048.856068 2101.152465 2131.683462 2138.610186 2161.871146 2199.691713 2225.814953 2250.879510 2258.059838 2268.415112 2257.501664 2311.132212 2357.657619 2422.831995 2530.725702 2590.413982 2646.611303 2649.994530 2646.475304 2659.372862 2682.629606 2728.570550 2806.050143 2860.695469 2922.261171 2822.483564 2834.935089 2841.120236 2858.228276 2877.587033 2846.818992 2878.083225 2889.684580 2901.606632 2907.074610 2908.977144 2910.151240 2910.252033 2907.015100 2900.546027 2892.829381 2887.354867 2883.403433 2879.024210 2881.528752 2884.868712 2885.411473
-9999.0 1550.739995 1609.442825 1679.923507 1749.995803 1809.239782 1904.499669 2060.325452 2120.866358 2161.885135 2180.694699 2185.969836 2258.499248 2325.929032 2359.731608 2408.107841 2401.898941 2393.019648 2372.465921 2404.967209 2452.205542 2527.645423 2685.087194 2775.461091 2818.561305 2832.701384 2841.290499 2872.316867 2915.070936 2819.142258 2854.281284 2839.110467 2875.088125 2890.308721 2894.336491 2895.292015 2899.545651 2898.909354 2897.252211 2893.413734 2888.742849 2889.149136 2893.621840 2893.646228 2891.014177 2888.039323 2882.652202 2875.379262 2870.211560 2865.712507 2863.095954 2860.232648 2858.501709 2858.186025 2853.660336
-9999.0 1516.011453 1589.175375 1650.717757 1707.610651 1812.273446 1941.858249 2083.699472 2181.364245 2221.362733 2228.243154 2286.974334 2393.315663 2499.658253 2556.658125 2584.703965 2581.225477 2552.110392 2548.682856 2596.068567 2666.120806 2774.383284 2889.944360 2858.034027 2869.360057 2872.531528 2839.482072 2858.343464 2875.817111 2876.036223 2877.300390 2882.867238 2888.157354 2891.204795 2890.097195 2887.562780 2883.150694 2875.421037 2870.835303 2867.578800 2864.156234 2863.499807 2865.911729 2867.500566 2864.973695 2861.274044 2856.928193 2851.481046 2848.519375 2841.951052 2837.878084 2833.781615 2831.638289 2826.450536 2822.523172
-9999.0 1405.106267 1497.553942 1546.171368 1642.493022 1824.726678 1954.384875 2102.326649 2260.729103 2295.709319 2362.294415 2497.294407 2614.755885 2700.117145 2741.422593 2784.187742 2815.838341 2840.231152 2879.874835 2806.715870 2877.671541 2836.807896 2865.382782 2877.894733 2883.148733 2884.030344 2875.483956 2855.947577 2845.830579 2839.493791 2841.473130 2848.985416 2854.266779 2859.575156 2857.602471 2858.577380 2859.276979 2856.127737 2855.291306 2847.030654 2839.457571 2833.360425 2830.925205 2835.938755 2831.294905 2828.666355 2822.786313 2817.907929 2982.681804 2975.412570 2967.747959 2960.996388 2957.965302 2951.695325 2948.835810
-9999.0 1324.284456 1399.325034 1474.946941 1600.771678 1766.030294 1881.316118 2046.581181 2273.488992 2403.461382 2552.144231 2639.355519 2720.463239 2780.172355 2842.011114 2806.282620 2828.965032 2840.075380 2819.199182 2836.235203 2919.444143 2914.425706 2803.989916 2828.904823 2843.800174 2847.958117 2840.176526 2830.695134 2823.870227 2823.070877 2821.580656 2818.988693 2816.224286 2813.492705 2810.505744 2813.047755 2818.047610 2814.454901 2968.163003 2959.228093 2951.126665 2942.184361 2936.248135 2932.045037 2931.566637 2931.617567 2924.317646 2914.527180 2906.033844 2898.309277 2890.924450 2885.542831 2882.117640 2875.706379 2864.636891
-9999.0 1215.434679 1342.520023 1428.522136 1537.939438 1672.139531 1789.589988 1949.969560 2093.116345 2328.638775 2484.728922 2637.522065 2692.481135 2763.602203 2822.434377 2809.372285 2808.690230 2883.304220 2849.770308 2838.831710 2851.526914 2864.631385 2878.513889 2898.823093 2919.458868 2932.209381 2938.330608 2933.845019 2921.866470 2912.500447 2904.822134 2894.132918 2886.773685 2885.653088 2888.573760 2897.509612 2899.206592 2890.481102 2878.711149 2861.185870 2845.899515 2834.192273 2831.186822 2832.734877 2832.903893 2828.859378 2822.465307 2811.932607 2799.779168 2787.819016 2781.071500 2775.631208 2767.445637 2754.937940 2738.480818
-9999.0 -9999.0 1262.327694 1372.482425 1474.188456 1592.306712 1696.597855 1829.898130 1978.245368 2158.627696 2280.737443 2439.790919 2529.881767 2581.230568 2628.684646 2690.685700 2718.406800 2750.009980 2743.767776 2755.973228 2768.008850 2777.147468 2787.854853 2799.663630 2814.395182 2826.814529 2837.889182 2837.227069 2829.660989 2811.910004 2789.743658 2772.657531 2763.501636 2755.815085 2766.682734 2778.685036 2774.526920 2767.703881 2755.079518 2736.120400 2722.433523 2707.665147 2703.209906 2702.533396 2702.184366 2699.000896 2694.923602 2681.669102 2668.777426 2657.595080 2652.348718 2645.760387 2640.260984 2628.840767 2617.083059
-9999.0 -9999.0 1176.081624 1282.906678 1392.020783 1513.333787 1607.046013 1654.744954 1801.658614 1914.846553 2024.478434 2133.194442 2226.963693 2297.804534 2340.836750 2406.200746 2458.499045 2479.891530 2514.754369 2560.051784 2593.213451 2629.488323 2652.978359 2667.250940 2683.179238 2699.232142 2709.071294 2697.073082 2686.937481 2670.677544 2648.563712 2623.983063 2611.428886 2609.432496 2610.059033 2613.274075 2606.490336 2597.087361 2582.706870 2568.561656 2555.536803 2544.601075 2539.840413 2534.502943 2531.906398 2528.395355 2525.131106 2516.668499 2506.380866 2499.835231 2491.069416 2485.481465 2482.570732 2476.527253 2467.777309
