tests/Borden05m/sims/sim_1/output-maps/psiliqL0021N0006.asc
ncols         160
nrows         34
xllcorner     620200.000000
yllcorner     5168000.000000
cellsize      0.500000
NODATA_value  -9999.0
[rows 0 to 24 of 34, columns 55 to 109 of 160]
-9999.0 -9999.0 -9999.0 -9999.0 -9999.0 -9999.0 -9999.0 -9999.0 -9999.0 -9999.0 -9999.0 -9999.0 -9999.0 -9999.0 -9999.0 -9999.0 -9999.0 -9999.0 -9999.0 -9999.0 -9999.0 -9999.0 -9999.0 -9999.0 -9999.0 -9999.0 -9999.0 -9999.0 -9999.0 -9999.0 -9999.0 -9999.0 -9999.0 -9999.0 -9999.0 -9999.0 -9999.0 -9999.0 -9999.0 -9999.0 -9999.0 -9999.0 -9999.0 -9999.0 -9999.0 -9999.0 -9999.0 -9999.0 -9999.0 -9999.0 -9999.0 -9999.0 -9999.0 -9999.0 -9999.0
-9999.0 -9999.0 -9999.0 -9999.0 2436.060911 2430.859197 2426.247884 2422.079588 2414.116584 2405.408585 2397.911375 2394.384219 2393.890567 2393.645980 2393.678368 2399.241085 2407.792195 2415.864126 2423.191307 2425.778497 2428.417391 2430.699144 2431.323308 2430.465321 2427.602176 2424.798649 2421.738425 2420.400170 2413.044056 2402.076159 2393.792573 2391.237268 2395.592978 2400.000500 2402.448860 2407.767870 2418.054516 2428.352080 2436.209401 2447.831494 2453.760445 2458.402988 2460.517760 2455.879135 2451.944328 2447.593900 2441.591643 2430.365973 -9999.0 -9999.0 -9999.0 -9999.0 -9999.0 -9999.0 -9999.0
2381.724065 2400.820633 2421.695582 2425.054380 2413.407994 2408.580434 2405.736599 2404.369074 2400.368303 2392.351687 2387.748490 2382.869898 2381.085473 2381.684074 2382.218955 2386.634481 2397.722452 2406.077788 2411.145255 2414.140804 2417.198705 2416.399695 2416.002814 2416.031677 2413.424650 2410.216957 2407.113375 2405.571264 2406.914832 2399.584538 2394.008114 2390.457447 2388.078757 2390.728493 2393.313674 2397.346120 2406.420976 2414.088173 2421.659651 2435.743146 2447.995336 2452.883632 2449.701777 2444.298762 2439.865248 2432.261441 2421.634279 2411.355971 2402.832538 2395.970597 2389.841706 2382.836789 2388.156159 2394.584585 2403.193444
2367.014883 2386.818440 2407.682424 2410.727803 2400.477655 2392.875665 2387.178651 2388.087189 2391.777885 2389.033982 2384.899951 2378.772651 2388.738283 2390.423315 2391.902134 2395.762533 2398.767942 2403.668535 2406.658824 2412.356269 2421.564237 2424.582258 2425.326812 2425.694401 2424.057232 2421.137311 2419.536799 2417.069617 2412.131650 2410.887970 2411.024449 2410.315838 2414.822379 2416.286478 2418.820842 2412.806653 2416.690651 2422.592415 2429.026871 2434.527851 2440.321702 2442.750865 2438.750498 2438.011438 2428.855540 2414.515738 2403.702440 2395.371088 2394.280353 2390.528672 2381.780374 2367.486919 2374.301142 2389.149074 2392.851959
2374.699836 2384.404518 2395.996196 2399.209720 2394.667624 2397.057822 2399.335684 2401.260440 2400.157497 2397.503727 2394.720824 2406.549324 2415.771973 2417.922927 2421.190856 2425.717390 2426.825378 2416.185194 2414.481081 2422.460268 2432.500944 2438.111433 2438.580745 2438.625716 2435.885230 2435.114841 2435.191056 2433.605595 2433.929494 2436.146119 2434.927546 2438.763489 2444.532404 2448.091125 2441.558684 2432.708174 2434.209461 2442.184295 2450.945162 2458.051369 2467.799355 2478.044362 2476.992181 2471.157959 2461.513338 2447.670107 2423.837267 2404.728575 2392.821131 2384.131888 2375.866741 2376.581189 2371.335211 2382.984654 2383.580305
2369.592308 2389.626590 2410.711634 2418.017179 2412.741792 2409.204590 2408.104593 2409.517296 2409.744900 2411.962854 2422.897383 2436.274123 2450.032848 2453.202486 2456.003772 2455.590594 2447.695521 2437.924140 2435.355105 2449.694169 2467.096732 2475.526790 2475.809798 2473.227475 2478.158398 2478.120061 2478.209842 2474.736453 2476.428313 2475.957189 2483.502724 2491.499441 2499.380471 2498.028974 2485.706458 2473.565628 2472.692657 2476.794144 2481.973074 2488.478396 2497.943079 2506.442885 2500.595726 2493.664578 2484.193020 2456.208804 2430.174203 2413.803269 2412.667268 2411.877616 2406.083510 2402.317683 2399.145415 2392.589984 2391.248869
2415.068167 2436.099061 2457.738597 2472.818315 2467.755411 2460.976993 2452.779916 2454.013037 2456.325453 2463.942986 2476.251620 2491.755484 2515.347779 2517.011366 2519.238178 2520.037094 2508.590655 2496.459941 2486.670496 2507.597695 2518.802069 2526.713418 2526.110465 2533.433758 2542.975098 2539.526061 2533.123441 2522.353409 2528.800364 2537.899671 2553.512617 2561.413986 2566.410392 2563.245268 2550.426883 2543.930676 2544.043231 2548.426180 2547.670430 2554.019092 2562.525764 2576.523241 2574.455824 2567.801421 2545.747724 2507.654820 2474.809994 2457.167801 2465.107342 2457.313965 2448.553006 2445.358565 2431.567014 2421.366025 2421.466735
2463.025213 2479.694084 2498.033663 2516.168742 2509.923532 2500.656987 2486.473237 2485.386975 2491.863921 2503.016570 2522.121243 2542.971352 2565.333439 2568.659285 2566.594755 2576.396975 2571.129083 2561.802107 2554.717255 2572.606158 2583.763284 2594.141063 2601.659583 2614.731616 2626.064371 2612.845263 2598.415040 2590.741544 2597.705725 2621.580759 2642.521557 2647.938488 2648.141945 2648.730439 2635.849436 2630.251675 2625.583384 2623.395501 2618.933793 2615.451012 2637.033115 2655.503080 2653.554425 2630.147605 2605.774579 2566.931343 2527.861098 2498.734212 2504.695590 2499.786745 2499.573180 2485.732670 2470.642852 2457.780556 2449.877802
2534.239396 2560.170039 2579.388208 2601.339290 2597.192833 2577.830021 2566.156234 2570.631602 2584.810379 2593.547551 2611.809865 2632.580783 2661.332035 2677.920042 2693.229420 2699.982845 2691.727333 2683.554237 2671.791993 2674.845632 2696.786300 2711.208188 2721.373458 2731.304430 2744.409888 2747.398128 2742.829308 2742.238733 2746.900482 2758.538884 2771.508651 2778.836190 2782.927662 2784.401880 2774.624951 2763.035527 2761.543553 2754.734708 2750.772958 2748.537198 2755.560230 2771.265251 2767.247518 2733.396074 2704.597130 2666.979588 2627.719421 2595.922428 2583.508533 2595.550145 2588.668016 2569.874891 2553.883226 2522.488005 2510.631755
2623.801185 2659.130132 2686.066319 2701.704736 2713.189343 2703.696217 2704.212192 2709.334862 2718.277134 2723.191681 2731.214686 2764.249647 2796.905152 2824.146705 2848.437286 2857.378036 2846.499287 2837.424664 2825.253297 2816.945028 2826.065332 2843.254328 2861.276708 2877.075561 2888.886614 2892.067165 2891.082581 2891.920639 2895.471278 2899.130251 2903.675005 2912.001414 2920.192971 2802.301962 2809.667999 2802.833323 2913.080740 2902.231212 2890.837020 2887.709972 2887.137385 2887.807416 2887.181282 2872.464921 2832.854897 2800.665186 2769.258967 2744.552415 2726.166232 2717.962054 2694.577994 2668.929863 2617.685388 2577.820688 2543.030272
2733.669935 2778.323075 2807.467844 2828.934222 2844.137512 2844.695795 2847.850755 2850.486091 2856.013399 2860.500694 2865.943843 2891.936107 2805.231052 2841.511552 2871.817475 2873.042480 2860.867649 2849.876316 2840.304554 2827.349164 2823.644021 2834.457406 2848.237819 2866.903200 2877.663903 2885.020159 2882.356551 2882.687366 2884.350478 2886.251095 2888.242861 2891.271797 2899.945570 2912.052771 2925.306156 2925.194301 2910.196949 2893.087738 2876.746811 2872.661618 2869.022760 2863.885046 2865.499133 2867.026757 2854.452550 2827.572833 2920.107157 2877.221744 2854.664798 2834.753157 2820.348063 2803.501358 2765.850313 2699.904323 2661.249923
2865.080377 2898.821368 2799.537416 2827.679310 2843.596869 2847.601787 2845.946011 2845.728009 2852.672976 2856.515336 2863.581267 2879.562415 2906.589928 2939.329760 2967.654597 2983.531301 2977.143838 2961.161843 2940.817119 2932.698229 2930.405032 2933.456361 2941.915062 2953.025831 2971.036884 2988.988563 2979.635990 2980.462993 2992.858355 2980.146600 2981.256747 2981.340159 2983.577625 2990.701639 2999.548988 3002.636025 2996.268188 2992.417034 2970.412476 2958.118555 2950.963472 2947.233682 2947.212902 2951.010499 2952.972851 2939.433915 2908.704317 2867.028365 2836.284420 2819.085721 2807.344749 2927.236224 2912.493794 2881.095495 2858.197521
2846.586035 2861.115088 2886.279142 2913.942712 2936.497646 2951.565307 2953.078967 2956.876501 2961.525153 2969.578477 2984.506872 2990.650930 3007.380988 3027.739873 3052.218293 3067.013684 3072.320895 3071.307863 3068.214669 3069.606396 3069.889439 3019.613080 3024.756398 3029.865955 3043.565681 3056.425315 3060.715000 3061.228743 3059.463943 3060.762881 3061.374657 3061.353960 3060.995094 3062.519315 3066.587026 3068.140912 3066.222693 3055.966289 3069.058522 3050.205545 3037.390924 3029.531891 3021.589932 3013.381587 3004.099563 2994.826351 2992.075369 2963.055502 2929.526417 2906.789072 2897.958487 2893.742897 2886.077597 2880.619216 2864.495446
2943.553649 2954.324344 2971.500591 2992.981563 3008.160548 3029.439172 3040.268693 3049.100542 3053.646775 3066.811732 3082.130856 3069.497175 3076.171465 3083.081993 3089.946990 3092.303853 3092.977621 3092.664659 3090.342452 3089.718775 3087.572505 3083.731357 3073.646708 3075.215245 3077.007725 3079.579643 3083.225893 3082.048682 3083.093183 3086.024619 3084.363945 3078.542128 3074.655859 3073.090050 3073.901306 3081.201892 3084.552558 3085.450270 3082.893460 3082.055591 3081.255244 3078.521727 3075.107696 3070.293865 3064.134840 3075.075099 3064.159251 3038.103416 3001.127031 2979.015749 2969.648900 2969.546786 2969.707322 2967.806359 2962.172170
3044.914639 3057.732712 3071.657818 3055.899561 3073.567616 3082.754368 3087.052217 3090.591757 3093.201932 3095.611060 3092.528948 3089.390055 3084.610046 3083.173849 3081.864223 3079.466832 3080.110651 3078.224847 3074.251287 3070.433319 3063.055097 3051.854340 3040.685079 3037.497371 3041.893569 3047.291654 3052.143262 3056.146986 3059.716176 3060.091405 3054.910247 3046.749510 3039.425511 3037.697531 3044.400162 3050.048987 3056.107810 3056.908634 3055.533309 3053.227663 3053.148669 3050.178858 3050.488025 3057.305984 3071.437806 3075.152880 3079.894757 3079.215122 3065.838062 3041.901262 3047.164917 3027.660101 3032.983917 3028.603954 3017.535521
3084.397591 3086.631433 3085.326828 3084.009353 3077.825769 3071.917337 3071.191075 3075.161770 3082.121621 3083.280754 3076.335589 3067.974134 3060.957322 3053.871625 3051.680436 3050.939072 3050.599804 3051.007323 3045.796060 3037.113021 3021.129872 3009.684233 2998.664094 2992.754342 2989.635960 2993.595845 3004.296134 3015.525202 3020.397087 3012.028976 3003.982856 2992.658099 2984.665409 2985.053987 2986.491215 2995.755927 3011.499076 3017.973735 3018.700730 3012.701064 3006.887163 3000.487086 2997.742045 3004.197543 3019.177144 3034.903910 3049.648310 3058.322564 3065.796402 3072.601309 3072.759165 3074.959956 3076.171332 3074.457446 3076.075945
3078.346827 3071.578501 3064.827182 3059.712174 3053.319860 3047.992225 3046.281556 3048.405402 3050.732778 3047.002422 3040.666691 3031.105645 3020.340435 3010.838974 3003.864593 3004.892229 3007.244117 3008.733636 3001.899674 2987.382350 2985.723207 2972.513132 2958.727069 2954.776980 2949.233418 2942.734100 2952.903783 2971.594576 2978.513493 2963.396191 2952.952514 2938.234053 2931.493474 2927.877800 2928.950439 2938.030873 2959.557613 2981.986595 2983.844342 2973.459941 2963.191673 2958.558138 2955.651297 2960.883538 2977.767770 2981.124371 2996.155843 3006.055937 3011.318618 3019.047624 3028.315204 3041.414124 3055.481243 3067.214072 3073.062030
3053.971927 3046.328729 3038.804827 3031.370972 3024.629092 3018.940343 3014.830496 3012.959746 3009.619689 3003.771889 2997.292493 2995.374829 2983.250176 2970.698184 2956.261676 2952.532555 2948.363091 2949.637920 2938.348113 2929.754983 2913.122926 2897.948014 2884.257144 2871.935673 2866.195085 2859.788012 2859.969250 2873.966099 2882.519023 2871.855395 2862.049654 2850.804496 2845.839907 2842.571089 2844.903984 2855.299473 2875.633703 2894.028786 2901.980485 2894.541642 2892.070117 2889.462384 2888.019187 2894.053864 2905.862250 2923.900436 2945.581824 2963.429119 2973.097578 2980.246724 2989.554584 2986.473198 2999.913700 3013.818945 3031.184195
3023.951057 3015.230749 3005.603197 2996.248136 2986.421324 2993.348911 2987.147496 2989.253734 2982.993356 2977.069203 2956.815003 2905.162083 2887.120936 2868.649194 2852.850307 2846.540386 2838.547396 2825.148105 2816.459149 2811.415638 2810.863937 2798.403128 2909.571868 2890.945380 2884.468744 2879.416518 2863.712216 2861.308986 2862.200790 2874.405325 2868.113975 2865.821154 2867.038466 2865.424284 2868.341354 2882.628364 2893.197184 2902.026987 2910.837857 2916.216495 2928.080288 2798.888366 2805.104392 2821.593060 2833.065823 2848.858154 2869.296012 2892.124756 2906.698586 2916.115773 2926.577424 2941.549214 2957.739750 2975.240334 2997.265365
2990.701537 2992.373898 2978.377165 2964.292305 2951.764481 2939.463334 2924.673340 2926.254180 2923.719159 2914.115530 2865.527337 2826.443568 2927.720752 2907.342818 2881.121082 2865.210795 2847.436679 2810.619763 2792.357867 2788.529936 2798.825649 2792.403379 2777.902221 2764.369110 2754.074105 2744.368261 2727.202009 2710.803938 2716.007930 2732.384507 2731.816050 2733.998524 2741.270535 2741.153164 2736.456934 2737.498281 2751.744151 2759.840079 2772.741528 2790.882220 2797.977195 2812.949039 2847.204453 2863.617335 2882.180470 2904.708992 2928.789815 2810.070846 2829.767020 2843.410564 2858.267540 2874.727311 2891.264416 2911.536341 2934.167141
2958.030382 2928.694688 2908.398617 2891.542154 2875.075205 2850.340470 2830.405594 2828.260310 2822.015703 2797.972911 2872.786361 2832.472850 2806.216009 2781.521592 2755.187066 2729.817520 2690.761724 2655.136750 2632.227552 2643.333736 2651.948809 2659.072232 2646.042859 2633.636000 2622.808110 2605.110411 2587.977028 2572.467564 2582.376431 2590.831292 2606.712283 2612.883089 2617.219456 2622.784833 2622.317042 2614.546473 2613.853383 2623.730305 2635.614173 2649.287370 2670.728555 2709.052210 2736.858022 2757.940448 2781.887598 2805.012429 2830.255766 2854.928970 2881.059231 2901.826984 2923.732596 2801.648131 2820.407024 2839.888970 2863.169970
2883.222536 2855.531081 2829.507816 2808.798528 2911.422024 2864.048288 2845.177530 2832.307505 2809.373310 2761.943100 2718.837704 2688.539992 2669.784982 2643.558860 2619.239722 2588.681174 2554.692049 2530.428490 2508.760387 2516.779101 2524.875058 2541.233391 2530.597399 2521.578927 2516.767905 2500.835734 2486.781385 2470.499650 2476.872856 2488.247231 2509.933786 2515.635344 2519.988741 2529.260919 2529.200633 2526.171846 2512.330476 2521.007011 2533.325966 2549.659796 2581.409419 2605.797215 2630.869774 2655.053368 2677.621893 2705.202949 2731.738523 2758.516330 2788.843984 2812.459971 2835.151041 2858.357676 2881.689452 2901.345785 2922.590063
2908.556260 2881.251412 2857.636849 2830.317267 2788.159530 2740.938885 2696.080721 2669.228047 2618.025901 2580.348594 2553.494015 2546.173947 2530.147011 2507.324769 2485.455119 2463.078535 2438.828181 2417.897673 2392.135475 2396.043392 2409.900072 2425.132013 2423.607743 2422.521564 2419.912614 2409.527535 2395.593877 2381.681047 2385.180666 2401.654292 2419.382473 2428.919061 2436.695525 2444.887637 2445.369196 2437.382179 2428.746642 2434.845464 2451.151787 2469.472252 2489.678002 2512.337391 2535.529840 2558.191658 2582.949556 2607.627731 2633.412665 2661.461986 2694.097174 2719.102537 2746.530403 2774.875534 2796.376651 2810.243550 2823.607033
2790.836258 2768.034212 2741.577372 2711.037129 2664.498767 2621.800216 2578.717265 2531.244152 2495.400968 2462.787066 2450.838687 2432.866983 2416.670959 2399.625372 2377.867324 2359.781930 2343.070619 2320.805435 2307.789797 2313.682463 2326.207471 2334.451316 2339.457386 2336.537300 2333.523068 2326.977229 2312.819595 2306.799600 2316.250848 2331.437185 2345.512479 2356.874905 2364.022171 2369.811707 2367.386822 2359.127079 2356.128618 2365.106799 2381.435625 2396.098755 2412.599263 2434.658316 2457.211256 2480.649164 2505.150291 2529.238490 2556.001369 2583.526387 2611.417388 2640.775488 2666.485837 2691.835201 2705.363189 2719.222504 2725.002572
2648.218760 2633.042912 2605.100212 2574.614305 2543.107684 2506.826165 2478.847591 2444.745242 2412.779062 2382.017556 2354.946199 2339.944078 2331.402756 2316.807946 2298.284449 2285.763297 2269.217710 2256.459123 2260.144898 2261.166653 2269.416605 2267.804113 2268.140286 2265.121142 2264.011294 2260.919513 2253.340991 2263.693839 2270.431916 2284.139433 2294.415554 2304.190587 2310.335407 2314.369628 2315.565938 2311.253943 2317.038774 2324.032336 2338.583697 2350.562999 2365.230625 2386.143679 2403.943583 2424.105695 2448.214138 2472.797846 2498.565020 2526.090502 2555.792850 2582.579266 2603.134889 2612.680064 2625.115452 2631.047908 2625.004265
