tests/Borden05m/sims/sim_1/output-maps/psiliqL0025N0018.asc
ncols         160
nrows         34
xllcorner     620200.000000
yllcorner     5168000.000000
cellsize      0.500000
NODATA_value  -9999.0
[rows 0 to 24 of 34, columns 55 to 109 of 160]
-9999.0 -9999.0 -9999.0 -9999.0 -9999.0 -9999.0 -9999.0 -9999.0 -9999.0 -9999.0 -9999.0 -9999.0 -9999.0 -9999.0 -9999.0 -9999.0 -9999.0 -9999.0 -9999.0 -9999.0 -9999.0 -9999.0 -9999.0 -9999.0 -9999.0 -9999.0 -9999.0 -9999.0 -9999.0 -9999.0 -9999.0 -9999.0 -9999.0 -9999.0 -9999.0 -9999.0 -9999.0 -9999.0 -9999.0 -9999.0 -9999.0 -9999.0 -9999.0 -9999.0 -9999.0 -9999.0 -9999.0 -9999.0 -9999.0 -9999.0 -9999.0 -9999.0 -9999.0 -9999.0 -9999.0
-9999.0 -9999.0 -9999.0 -9999.0 3198.753696 3193.432610 3188.615225 3184.128746 3176.918874 3167.653588 3159.740221 3155.555826 3154.389721 3153.528966 3152.886659 3157.742466 3165.751401 3173.319493 3180.103769 3180.864087 3183.061354 3184.881980 3185.077657 3183.882326 3180.697648 3179.012149 3175.659863 3173.951146 3166.527627 3155.373813 3147.021184 3144.320885 3148.506090 3152.848170 3155.306944 3160.527761 3170.924520 3181.459919 3188.314468 3200.629898 3207.559562 3212.913155 3215.564952 3211.613197 3208.374950 3204.469226 3198.540724 3187.478287 -9999.0 -9999.0 -9999.0 -9999.0 -9999.0 -9999.0 -9999.0
3145.056998 3163.380587 3182.860229 3185.947114 3175.614911 3170.593104 3167.427150 3165.709142 3161.428226 3152.890776 3147.723901 3142.203856 3139.564209 3139.518015 3139.356046 3142.993904 3153.648672 3161.394978 3165.907488 3168.425907 3171.189014 3169.653218 3168.835734 3168.549396 3165.603653 3162.131027 3158.709271 3156.825199 3158.177995 3150.563517 3144.587606 3140.708959 3137.833949 3140.540670 3143.212327 3147.706466 3156.890582 3164.802508 3172.656813 3186.046599 3198.984313 3204.673973 3202.183956 3197.633842 3193.991919 3186.794271 3177.682314 3167.764504 3159.615603 3153.491867 3148.173742 3141.864152 3148.307236 3156.136294 3165.543875
3128.306170 3147.391233 3167.686866 3170.211975 3159.917145 3152.117711 3145.375268 3145.822183 3149.195101 3145.882699 3141.011147 3133.353292 3143.164921 3144.095171 3144.739768 3147.848221 3149.744254 3154.637392 3157.000376 3162.252957 3171.134162 3173.851914 3174.215546 3174.192845 3172.149976 3168.839716 3166.827144 3163.977454 3158.655406 3156.864859 3156.519300 3155.274201 3159.389854 3160.789070 3163.719298 3158.160419 3162.528242 3168.777244 3175.628229 3181.109092 3185.448230 3188.028011 3184.811137 3185.482180 3178.959053 3165.463981 3155.756724 3148.316666 3148.468470 3145.574953 3137.734186 3124.168682 3132.462237 3148.602924 3153.437549
3132.471578 3141.284820 3151.804703 3154.243213 3149.135860 3151.209635 3152.903317 3154.045125 3152.116243 3148.517322 3144.204180 3154.635577 3162.758817 3164.030383 3166.374334 3170.205077 3170.988488 3159.985508 3157.842929 3165.078161 3174.540951 3179.618770 3179.701567 3179.261677 3175.614180 3174.384228 3174.090115 3172.195751 3171.706224 3173.257923 3170.941613 3173.954716 3179.321586 3180.617267 3177.194683 3168.838667 3171.005081 3179.351367 3186.365478 3193.846913 3203.982340 3214.854399 3215.126215 3210.652446 3202.355598 3190.100484 3169.663047 3152.214624 3141.354450 3133.520678 3126.366603 3129.226046 3124.744126 3138.463432 3140.331433
3118.658810 3138.907076 3158.752521 3164.608924 3158.503825 3154.574219 3153.125100 3153.656762 3152.650796 3153.158859 3161.985959 3173.652959 3182.889391 3184.618823 3186.312419 3185.080956 3179.513305 3169.226465 3166.399795 3179.569492 3193.886397 3201.510268 3200.976036 3196.802073 3200.076587 3200.009210 3200.283401 3196.759639 3197.513242 3195.320781 3201.000777 3208.619673 3216.476374 3214.960841 3202.741578 3190.516424 3190.380059 3195.678407 3202.279433 3209.799512 3220.009328 3229.248785 3224.543589 3219.400934 3212.035862 3186.558185 3165.996776 3151.915408 3152.257305 3153.112559 3148.914920 3146.954208 3146.013282 3141.833482 3142.126446
3154.643524 3173.698973 3191.726591 3204.551292 3198.240064 3190.582566 3181.880119 3181.942603 3182.353759 3188.144198 3198.469087 3211.298006 3232.790290 3232.282578 3232.748039 3231.597488 3218.866237 3205.668670 3195.553857 3217.189283 3227.924181 3235.066920 3232.701615 3238.050918 3246.683363 3242.979318 3236.523749 3224.567491 3230.163913 3236.971105 3252.038587 3259.834321 3264.976758 3260.655026 3247.012093 3240.360471 3241.693858 3247.872559 3248.837224 3257.230117 3266.167172 3281.174487 3280.034850 3276.469881 3256.618608 3219.905848 3190.764269 3180.081395 3189.015987 3183.486760 3179.384162 3179.249707 3168.146765 3160.847261 3163.483764
3185.168083 3198.542260 3214.540062 3230.950768 3222.206087 3211.865305 3195.482121 3192.396124 3196.633610 3206.576477 3223.953748 3242.041222 3262.008994 3261.234832 3255.258654 3264.732421 3257.752256 3246.986653 3239.369428 3259.896360 3270.044087 3280.254116 3286.191788 3298.745671 3309.183883 3293.178692 3276.498900 3266.477539 3273.309332 3298.362634 3320.295182 3325.081880 3324.306030 3324.000066 3309.223052 3304.282477 3300.659571 3300.619505 3297.802934 3295.827414 3320.647037 3341.861235 3341.655719 3320.183354 3297.584824 3258.565323 3221.125315 3196.611897 3208.648355 3205.603336 3208.938108 3198.731372 3186.996512 3179.510635 3178.880224
3236.015661 3257.874184 3274.333388 3295.843552 3287.348615 3264.655941 3249.146450 3251.729752 3264.998437 3272.789448 3290.792396 3308.221352 3334.268136 3346.902170 3358.556566 3361.996953 3355.207227 3346.617818 3334.499024 3339.140571 3362.404960 3373.513916 3381.921005 3390.430447 3402.994594 3403.724197 3397.123381 3395.365460 3399.610541 3412.553507 3426.545293 3433.257553 3436.477461 3439.308269 3426.850598 3414.195941 3411.882780 3406.219801 3404.614357 3403.765504 3414.613209 3434.508971 3431.513673 3395.991620 3369.395286 3335.297845 3297.327818 3268.130945 3261.397140 3279.672760 3277.148570 3261.090745 3250.227239 3223.921761 3218.359910
3305.981708 3338.834397 3363.158018 3373.076494 3380.727615 3366.558112 3364.599336 3368.592052 3376.722687 3379.831730 3386.207499 3418.418117 3452.092370 3477.239627 3499.961205 3507.112690 3494.928149 3485.121765 3471.696669 3462.826969 3473.318947 3490.287389 3507.821669 3522.748623 3534.033793 3536.209727 3534.649391 3534.714354 3537.729853 3540.712201 3544.913875 3553.205830 3560.806721 3569.492274 3577.721991 3567.634781 3550.762420 3541.321965 3532.025148 3530.996268 3532.252076 3535.791339 3536.879569 3520.906063 3479.806362 3448.627030 3416.739812 3396.733022 3383.216982 3382.308875 3364.752877 3340.856546 3290.200929 3253.059189 3221.875522
3391.843576 3435.424215 3464.562968 3481.967695 3494.677184 3491.934931 3493.692727 3494.707906 3498.466515 3500.907696 3503.809603 3530.237947 3571.425758 3610.588500 3641.675735 3641.721748 3628.189194 3616.877651 3607.667061 3593.485110 3589.561847 3601.904524 3617.068161 3637.118376 3647.599330 3653.887716 3650.726563 3650.955947 3652.682305 3655.005748 3657.127680 3660.674792 3670.192861 3685.110742 3699.460151 3698.707431 3680.059642 3662.163975 3646.094999 3643.401427 3640.804352 3635.882026 3638.174415 3640.067105 3624.743711 3593.891326 3554.460124 3514.095634 3496.972855 3481.666187 3470.858003 3454.189021 3414.817651 3349.909343 3311.369137
3506.700712 3540.365828 3569.261426 3599.456034 3614.425632 3616.865496 3614.389250 3613.305718 3620.278831 3623.127327 3628.947304 3645.464408 3677.214977 3712.390279 3741.949564 3757.419115 3749.766984 3732.009348 3709.984232 3700.341146 3697.484586 3701.034747 3710.442324 3723.130984 3742.513094 3761.818693 3767.577226 3768.455631 3765.786077 3768.193641 3769.743711 3769.858668 3772.719218 3781.107839 3790.907558 3794.261457 3786.580044 3765.686828 3742.306318 3730.827133 3724.254318 3720.819021 3721.731743 3726.771132 3729.895255 3715.241041 3679.907355 3635.738145 3605.700417 3590.329633 3577.500101 3563.631732 3551.368447 3519.251662 3498.553818
3615.434294 3630.577754 3658.675042 3687.373160 3710.043856 3724.772600 3725.254946 3728.337358 3733.077325 3740.462530 3755.530875 3778.727861 3797.656390 3820.158603 3846.644723 3862.829757 3868.091658 3866.461040 3862.450897 3863.659576 3864.010397 3801.502450 3807.738653 3813.954344 3830.966818 3846.307119 3851.857423 3852.492063 3849.960368 3851.787032 3852.548642 3852.445885 3852.073821 3854.374547 3859.427072 3861.358126 3858.970876 3846.398195 3864.496802 3844.497438 3831.048147 3822.846136 3814.609714 3806.356450 3796.933540 3787.061880 3767.101096 3736.325480 3702.012617 3680.417085 3672.454066 3666.395630 3658.027464 3652.399246 3635.505502
3713.958640 3724.528246 3742.664205 3765.341625 3799.179419 3822.529247 3833.904556 3843.190309 3847.851554 3861.764043 3878.370728 3862.445345 3870.739773 3879.322991 3887.851332 3890.780035 3891.618592 3891.231657 3888.840491 3888.067008 3885.653207 3882.168030 3871.713029 3873.321532 3875.266309 3877.886040 3881.617845 3880.510226 3881.619038 3884.573062 3882.814433 3876.775323 3872.702526 3871.127665 3872.121397 3879.554318 3883.040505 3883.997504 3880.645999 3879.713627 3878.719102 3875.323880 3871.085005 3865.109436 3857.465510 3872.204987 3860.171580 3832.189460 3792.034805 3750.953751 3743.218647 3744.936058 3744.871412 3743.353215 3737.783342
3838.589909 3852.244536 3867.010128 3844.925816 3867.229103 3878.643246 3883.980314 3888.087109 3890.890709 3894.007969 3890.996427 3887.985529 3883.102587 3881.540935 3880.190534 3877.753532 3878.384814 3876.498481 3872.437346 3868.404130 3860.457786 3848.901471 3837.725518 3834.172250 3838.480096 3844.097683 3849.246844 3853.688631 3857.410418 3857.427114 3851.962520 3843.537190 3835.991211 3834.330962 3841.208183 3846.953114 3853.471634 3854.346869 3852.954146 3850.465751 3850.222544 3846.955523 3847.167094 3854.242586 3868.993259 3871.747730 3877.639940 3876.800840 3860.180892 3830.086044 3841.471057 3821.548614 3827.562439 3822.989253 3811.666730
3882.310922 3885.077302 3883.449433 3882.345989 3875.971413 3869.921644 3869.147485 3873.169178 3880.220651 3881.290965 3874.247359 3865.681253 3858.464369 3851.052647 3848.718059 3848.157776 3847.909775 3848.416721 3843.132371 3833.842892 3816.855602 3805.289319 3794.231048 3788.296315 3784.529626 3788.002303 3799.238402 3811.396364 3816.435889 3807.163325 3798.713051 3786.905797 3778.836662 3779.283755 3780.329415 3789.830650 3806.654046 3814.169003 3814.957372 3808.490821 3802.009259 3795.348466 3792.278639 3798.702874 3813.996350 3830.749323 3846.348186 3855.488124 3863.208222 3870.322941 3868.778567 3871.515218 3873.021068 3870.895002 3873.881798
3876.673967 3869.700996 3862.736905 3857.454549 3851.024684 3845.737798 3843.920747 3845.820434 3847.786343 3843.716552 3837.360086 3827.395789 3816.409596 3806.747665 3799.179471 3800.222254 3802.597847 3804.275203 3797.027288 3781.713081 3763.952899 3750.509462 3736.678392 3732.770085 3726.908411 3719.303255 3729.429343 3749.135910 3756.507989 3740.454652 3729.588787 3714.411687 3707.828261 3703.840321 3704.622932 3713.544742 3736.008785 3760.059050 3762.126116 3751.171035 3740.287540 3735.540182 3732.306877 3736.909814 3753.603893 3774.362617 3790.408911 3800.809182 3806.126410 3813.898348 3823.277987 3837.521320 3852.313831 3864.640578 3869.360311
3851.617573 3843.882261 3836.252947 3828.670555 3821.817868 3815.668377 3811.422350 3809.498609 3805.622474 3799.577866 3792.616208 3772.112449 3759.770155 3746.961658 3732.155533 3728.355375 3723.664920 3724.825637 3713.409198 3705.480265 3689.071649 3673.809872 3658.277998 3645.031311 3639.352671 3632.703850 3631.089952 3644.581193 3653.020009 3643.504936 3633.830030 3623.185835 3618.666764 3615.311617 3617.780060 3628.205520 3647.747968 3666.041283 3674.419965 3667.047492 3665.678993 3665.621250 3663.998784 3670.230772 3680.979640 3698.848845 3721.126787 3739.961263 3749.768873 3756.590918 3765.755871 3780.123752 3794.188212 3808.486581 3826.433610
3821.217891 3811.973756 3802.129882 3792.499277 3782.101659 3771.647063 3765.238170 3767.952175 3762.020310 3756.490381 3733.992321 3679.157089 3658.258729 3639.506929 3623.455486 3616.896127 3608.624841 3592.693581 3584.160190 3579.776452 3581.994002 3568.143605 3550.841205 3533.277959 3528.466517 3524.989828 3507.728080 3503.188984 3503.754399 3519.984308 3513.954195 3512.706041 3514.614635 3512.233964 3513.514986 3526.241890 3533.920297 3539.335860 3546.036290 3550.764182 3561.215161 3569.102659 3579.182476 3596.157372 3606.874651 3622.012327 3642.146634 3667.574155 3682.856090 3692.204931 3702.451823 3717.592347 3733.626445 3751.232036 3773.504640
3786.763847 3770.371558 3755.930699 3741.773276 3729.227466 3716.558776 3700.944250 3702.965163 3700.975381 3690.907765 3636.368751 3595.872704 3562.381938 3545.469783 3522.131157 3508.860882 3492.770175 3454.633151 3437.441101 3437.215479 3452.284391 3448.994509 3433.900829 3422.197286 3412.931024 3403.682144 3386.052776 3367.326278 3373.448611 3391.982362 3393.008684 3396.421910 3404.331105 3403.824204 3397.067806 3394.234674 3406.154210 3411.494417 3422.560200 3440.103290 3444.848895 3461.098272 3494.613798 3507.176839 3521.897714 3539.938443 3559.993830 3581.674324 3603.907971 3617.661516 3632.548925 3650.702067 3667.104677 3687.155985 3709.495291
3736.329266 3705.522395 3684.670592 3667.551484 3648.702905 3622.070723 3602.340480 3600.353807 3594.459309 3565.711176 3513.843594 3478.690671 3455.749989 3434.395958 3411.841915 3388.518093 3351.981960 3317.665019 3296.208219 3312.359540 3323.913704 3335.891331 3324.775023 3314.272246 3304.907459 3287.015601 3270.323470 3253.953968 3265.067441 3273.751454 3292.914090 3299.860018 3303.784905 3309.697295 3308.186342 3297.223965 3291.809242 3299.658827 3309.283320 3321.017532 3342.345201 3377.081278 3401.375655 3419.152925 3439.110582 3457.228757 3478.027325 3500.414459 3522.639291 3539.107158 3556.905696 3574.838179 3595.208581 3613.894154 3636.315052
3656.816121 3628.992877 3603.095358 3580.395836 3549.207848 3503.335782 3489.411128 3480.889017 3459.391330 3412.374797 3371.338914 3351.797281 3339.581159 3317.047687 3296.766151 3268.533778 3235.235087 3214.252832 3194.221226 3205.110078 3215.885555 3236.494068 3228.157592 3221.754867 3219.116685 3204.022767 3190.961395 3174.625681 3180.980598 3193.236157 3216.865098 3222.910206 3227.054083 3236.468829 3235.657925 3230.842858 3212.922837 3219.373465 3229.867689 3244.068150 3274.757253 3296.810908 3318.685948 3339.830801 3358.524027 3378.894640 3400.366974 3422.615328 3448.214214 3467.029511 3485.305345 3506.115485 3524.623683 3538.373907 3554.025747
3549.558363 3526.151964 3507.211774 3483.693274 3441.494348 3398.333255 3358.582948 3332.432070 3280.735097 3246.733318 3227.446601 3227.563974 3216.419081 3197.756505 3180.039293 3164.235279 3143.406387 3125.497645 3101.098585 3107.122972 3123.529684 3141.106033 3143.019982 3144.478602 3143.412427 3134.487476 3121.283545 3107.819700 3111.654494 3128.865812 3146.916635 3157.071044 3164.813830 3172.516066 3172.126614 3162.330168 3152.010630 3156.435448 3171.343530 3184.694375 3201.404350 3221.246604 3241.080880 3260.592281 3282.140194 3303.766982 3325.659597 3349.453315 3374.763467 3395.024184 3417.645112 3440.983535 3456.570416 3464.424043 3471.329591
3448.181297 3429.761531 3407.447810 3380.785792 3340.187757 3301.551991 3261.784714 3215.501149 3183.697432 3158.905287 3153.535779 3139.521878 3127.692249 3114.661032 3095.670949 3080.741292 3067.209082 3046.949015 3037.982023 3045.972498 3059.958914 3068.454966 3075.832147 3074.196039 3072.298437 3067.087183 3053.421253 3049.636774 3059.781592 3074.978904 3088.605930 3100.185577 3107.019362 3111.984975 3108.770651 3099.354266 3096.246873 3104.087795 3119.106670 3131.838631 3145.785120 3165.374638 3182.263891 3202.466161 3223.510507 3244.179997 3267.241080 3291.016435 3315.655502 3341.452749 3362.503662 3379.383856 3386.828981 3394.993967 3393.361389
3326.975386 3316.592327 3291.889652 3264.737413 3236.812305 3205.222147 3182.594742 3155.327096 3126.993830 3099.719781 3075.370791 3064.675704 3060.066749 3049.219204 3033.743220 3023.898784 3009.553753 3000.767274 3007.860886 3009.624573 3018.016177 3016.449937 3017.837435 3015.838338 3015.618912 3013.812142 3008.134057 3020.313362 3026.486806 3039.767337 3049.687583 3059.322837 3064.946405 3068.315324 3069.302974 3064.949404 3070.593976 3076.196938 3089.276370 3099.731477 3112.343826 3131.214699 3146.794069 3164.277871 3183.193178 3204.442681 3226.502773 3250.466563 3276.765715 3299.692440 3315.779225 3320.903767 3328.502350 3328.354794 3315.687012
