tests/Borden05m/sims/sim_1/output-maps/psiliqL0016N0012.asc
ncols         160
nrows         34
xllcorner     620200.000000
yllcorner     5168000.000000
cellsize      0.500000
NODATA_value  -9999.0
[rows 0 to 24 of 34, columns 55 to 109 of 160]
-9999.0 -9999.0 -9999.0 -9999.0 -9999.0 -9999.0 -9999.0 -9999.0 -9999.0 -9999.0 -9999.0 -9999.0 -9999.0 -9999.0 -9999.0 -9999.0 -9999.0 -9999.0 -9999.0 -9999.0 -9999.0 -9999.0 -9999.0 -9999.0 -9999.0 -9999.0 -9999.0 -9999.0 -9999.0 -9999.0 -9999.0 -9999.0 -9999.0 -9999.0 -9999.0 -9999.0 -9999.0 -9999.0 -9999.0 -9999.0 -9999.0 -9999.0 -9999.0 -9999.0 -9999.0 -9999.0 -9999.0 -9999.0 -9999.0 -9999.0 -9999.0 -9999.0 -9999.0 -9999.0 -9999.0
-9999.0 -9999.0 -9999.0 -9999.0 1430.147068 1424.830504 1419.939338 1415.432742 1406.953884 1398.087084 1390.204188 1386.579183 1386.001549 1385.585062 1385.506530 1391.005852 1399.333861 1407.250865 1414.595721 1417.230442 1419.851937 1422.191404 1422.800282 1421.765037 1418.700050 1415.550954 1412.291254 1410.849301 1403.039043 1391.807202 1383.180913 1380.475134 1384.836558 1389.242415 1391.667278 1397.261494 1407.771054 1418.339457 1426.649439 1438.408629 1444.176260 1448.983777 1451.469821 1446.982385 1443.084585 1438.849641 1433.186908 1421.942789 -9999.0 -9999.0 -9999.0 -9999.0 -9999.0 -9999.0 -9999.0
1374.828683 1393.929221 1414.418075 1417.820418 1406.436471 1401.640913 1398.650661 1397.008500 1392.635437 1384.393544 1379.561332 1374.547028 1372.909854 1373.352788 1373.758068 1378.121041 1388.736780 1396.954890 1401.926794 1404.694382 1407.558649 1407.164453 1406.762405 1406.635714 1403.910987 1400.620473 1397.365030 1395.669086 1396.426309 1388.912503 1383.365119 1379.861947 1377.895159 1380.425534 1382.819579 1386.388702 1395.667064 1403.589594 1411.486517 1425.718565 1437.990076 1442.963257 1440.029459 1434.675283 1430.401906 1423.087750 1412.476913 1401.941392 1392.514617 1385.371629 1379.396584 1372.977228 1378.488863 1384.796725 1393.984257
1359.620407 1379.189263 1399.714537 1402.789448 1392.415724 1384.563718 1379.464226 1380.108687 1383.283162 1380.253781 1376.018040 1370.831935 1380.110514 1381.750104 1383.188368 1386.815958 1389.954976 1393.823162 1396.751961 1402.332903 1411.524723 1414.453718 1415.144357 1415.428165 1413.711872 1410.699247 1408.979318 1406.325799 1401.206763 1400.018138 1400.196291 1399.713407 1404.451165 1405.905428 1407.836524 1401.345287 1404.968159 1411.010924 1417.668097 1423.704987 1429.934981 1433.186414 1429.453459 1428.386151 1419.429217 1405.070695 1393.689716 1384.945821 1383.076640 1379.382428 1370.887788 1357.288133 1363.981562 1378.967366 1382.949075
1365.784461 1375.381972 1387.304848 1390.608636 1386.014002 1387.951967 1390.003693 1391.860839 1390.673540 1388.026474 1385.977865 1398.468048 1408.081713 1410.243155 1413.480893 1417.579503 1417.658345 1406.325827 1404.276056 1412.547800 1422.923944 1428.754211 1429.149127 1429.171190 1426.887774 1425.969079 1425.736432 1423.737181 1424.279208 1426.557734 1426.004423 1430.237526 1435.812402 1438.752891 1431.496333 1422.456156 1423.484460 1431.227132 1439.388941 1446.506607 1456.692599 1467.440300 1466.169459 1460.179737 1450.597930 1436.561048 1412.626968 1392.848076 1381.235636 1373.132267 1365.122328 1364.988898 1360.748181 1371.781855 1372.692602
1362.876042 1381.316188 1402.784404 1410.760806 1405.385621 1401.170159 1399.288921 1400.531919 1400.968732 1403.926422 1416.036677 1429.838187 1444.061915 1447.147767 1450.004981 1449.818977 1441.515925 1431.630856 1428.410692 1443.036227 1459.531347 1467.901973 1468.483149 1467.128356 1473.279760 1472.359436 1471.240859 1466.817960 1468.658530 1469.339032 1478.263468 1485.896393 1493.132580 1491.367679 1479.213995 1467.477236 1466.114521 1469.286368 1473.152872 1479.373568 1489.198264 1498.284384 1492.673938 1485.283409 1475.093617 1446.362487 1419.424008 1402.298356 1401.585884 1400.922711 1395.169040 1391.285819 1387.598567 1380.329623 1379.072224
1408.525503 1430.000385 1450.703544 1466.517074 1461.375577 1454.124276 1445.001309 1446.105158 1449.136617 1457.296306 1470.279647 1487.238840 1511.242870 1513.909479 1517.008800 1519.319780 1508.231178 1496.150942 1485.606621 1504.540393 1515.143047 1523.673807 1524.669820 1533.615270 1543.316080 1539.119425 1531.644440 1521.159126 1527.410890 1538.114031 1553.219674 1560.240903 1564.351802 1562.336244 1550.574278 1544.469412 1543.423514 1546.266968 1544.351251 1549.416987 1558.893692 1573.324432 1571.951245 1563.406861 1540.610647 1502.780252 1468.594710 1448.876263 1454.580982 1446.862621 1439.031744 1434.960790 1420.559417 1409.405427 1408.887065
1458.306892 1476.075019 1494.725508 1513.373472 1508.525646 1498.822571 1485.622008 1485.244559 1492.656173 1503.365864 1522.623065 1544.980081 1568.527198 1575.330490 1576.949320 1587.000244 1580.941839 1571.706495 1563.969430 1577.474558 1589.287822 1600.869281 1609.916875 1622.708870 1634.053490 1623.132507 1610.243396 1604.116916 1609.789744 1630.709205 1648.992267 1654.009537 1654.772446 1656.745848 1646.346931 1639.971780 1633.793512 1629.567596 1624.188272 1620.265403 1639.422642 1656.293928 1654.207956 1630.568744 1605.949008 1568.112114 1529.441199 1497.987676 1499.195333 1495.160128 1493.849662 1478.784153 1463.005897 1447.451516 1438.303535
1534.265304 1562.549939 1583.191480 1605.263160 1604.884837 1587.785824 1578.997436 1583.924456 1597.264575 1605.133322 1621.654524 1644.747217 1675.596951 1695.396381 1713.199833 1717.907135 1710.273031 1701.815620 1689.303093 1689.095908 1707.694534 1719.743090 1730.021129 1740.316761 1752.785826 1757.261580 1753.896206 1753.247219 1756.752687 1765.165113 1775.222265 1781.864739 1786.658349 1791.427995 1785.623038 1774.775217 1769.163289 1760.973041 1755.205634 1752.727518 1756.720777 1769.134603 1766.096770 1737.091747 1709.327675 1675.813675 1637.682355 1605.922258 1589.969815 1597.552735 1587.240993 1568.277117 1549.618946 1515.681099 1500.645443
1627.540519 1663.329538 1691.076673 1705.669501 1718.496263 1712.409657 1713.964153 1718.597481 1726.608798 1731.698698 1739.734480 1772.510752 1807.403086 1836.015525 1860.187437 1868.852169 1858.581026 1849.211193 1837.277591 1828.275724 1834.050490 1849.065609 1865.911187 1881.349904 1892.557031 1895.901847 1894.731669 1895.084910 1897.397237 1900.404559 1903.660484 1910.203100 1917.423655 1927.019534 1937.145653 1930.147522 1913.226443 1901.437661 1888.599510 1884.223004 1882.907121 1881.807716 1881.213111 1870.725777 1836.285355 1806.329477 1773.522801 1745.968268 1725.790058 1713.900771 1693.500203 1669.447637 1621.427896 1581.041165 1546.188268
1736.394003 1778.300781 1809.335470 1832.475453 1847.852954 1850.213120 1853.222770 1856.143045 1862.071568 1867.144062 1873.750347 1897.597763 1936.104778 1973.815684 2004.013540 2007.340319 1997.330522 1987.033669 1977.193750 1965.903053 1962.547541 1971.459753 1983.498348 2000.404276 2011.495513 2020.258444 2019.031341 2019.512349 2020.362468 2022.489343 2024.369844 2026.668232 2034.168290 2046.551336 2058.289827 2058.679037 2043.931005 2026.630418 2009.460372 2003.088356 1997.477291 1991.309934 1991.222870 1991.335293 1981.114445 1953.804138 1916.308934 1873.687898 1848.714325 1827.936275 1814.099303 1796.645470 1766.507461 1711.045199 1677.749296
1864.301407 1894.062355 1924.189033 1955.261797 1973.774196 1980.981591 1981.488719 1983.387519 1991.208270 1997.107730 2006.548615 2023.403815 2049.312080 2079.796666 2107.226405 2124.115896 2119.628150 2106.029900 2087.838545 2081.617200 2079.969018 2082.295569 2089.444166 2098.457705 2114.674515 2131.237711 2136.877856 2137.778063 2135.340462 2137.641623 2138.932241 2138.998014 2140.402198 2145.866720 2153.344587 2155.828174 2150.066664 2132.646115 2111.621574 2097.801435 2089.319678 2084.565077 2082.677194 2084.157737 2083.781970 2070.454219 2039.360211 1999.382878 1966.236373 1945.006048 1928.595349 1913.530900 1900.857778 1877.230053 1857.577994
1982.355409 1997.492120 2024.315102 2052.017354 2076.381412 2093.027604 2096.834010 2102.410582 2107.690244 2117.206153 2132.864547 2153.164690 2168.559952 2186.882922 2209.375535 2222.798151 2228.367308 2228.188950 2226.200829 2227.696408 2227.718768 2192.553150 2196.131373 2199.693845 2209.156474 2218.938357 2222.398800 2222.889699 2221.561259 2222.933099 2223.421302 2223.472645 2223.035993 2223.449229 2226.105535 2226.968336 2225.351662 2217.027661 2223.489139 2205.659874 2193.163863 2185.205674 2177.037421 2168.173956 2158.158995 2147.809686 2129.933417 2101.608918 2067.703408 2041.327107 2029.713809 2022.001816 2013.675420 2006.954940 1990.284574
2090.189567 2102.299314 2119.234646 2140.444729 2169.810857 2190.240893 2201.294272 2210.299264 2215.286145 2227.973396 2242.067161 2234.532926 2239.434360 2244.396009 2249.230667 2250.820572 2251.130123 2250.655412 2248.080153 2247.232545 2244.960744 2240.211725 2230.170181 2231.359617 2232.758986 2235.212457 2238.822362 2237.670418 2238.733036 2241.714977 2240.171231 2234.538489 2230.757291 2229.052785 2229.482068 2236.466787 2239.504678 2240.180092 2238.486010 2237.642867 2236.973684 2234.973012 2232.492820 2228.973025 2224.366370 2230.002092 2219.020369 2194.329838 2159.372743 2122.625791 2109.675033 2106.087668 2105.350536 2101.779123 2094.819440
2207.483738 2220.341522 2234.091349 2226.973358 2240.125018 2247.013643 2250.360572 2253.418926 2255.895926 2257.414836 2254.142161 2250.657151 2245.710296 2244.044837 2242.334498 2239.482980 2239.592467 2237.108308 2232.589205 2228.320397 2220.880855 2209.383391 2197.574792 2194.344962 2198.533956 2203.522948 2208.018492 2211.574610 2215.061973 2215.935919 2211.062259 2203.112295 2195.917420 2193.964373 2200.338778 2205.802591 2211.278957 2212.042174 2210.809144 2208.932053 2209.349027 2207.133734 2208.008673 2214.944558 2228.653542 2233.761909 2237.014225 2236.262796 2226.416680 2208.763731 2205.463384 2185.499110 2188.923593 2183.662723 2171.637986
2247.933383 2249.974178 2249.331810 2247.825573 2241.827967 2235.922932 2235.000856 2238.579510 2245.017752 2245.791157 2238.362031 2229.520753 2221.921402 2214.329829 2211.364767 2209.438727 2208.033322 2207.366681 2201.273243 2192.310328 2175.854971 2163.566159 2151.754843 2145.232071 2142.503341 2146.869982 2156.869428 2167.011604 2171.772102 2164.570913 2156.966065 2146.117533 2138.084017 2138.298251 2140.182433 2149.187063 2163.713146 2169.131263 2170.157013 2165.268407 2160.985250 2155.767919 2154.406944 2161.928575 2177.523618 2193.579077 2207.998264 2216.609721 2224.075511 2230.574819 2232.799216 2234.179688 2234.774239 2233.214190 2232.596443
2243.105847 2236.445997 2229.593793 2224.123073 2217.052331 2210.835653 2208.391569 2209.903650 2211.752860 2207.446397 2200.004447 2188.993537 2177.164932 2166.474519 2158.841792 2158.476720 2159.475013 2159.451392 2151.877547 2136.425185 2118.191556 2104.049528 2089.585820 2085.077671 2079.626880 2074.397125 2084.665624 2102.215278 2108.689140 2094.778221 2084.793531 2070.507370 2063.411308 2060.124404 2061.472059 2070.736452 2091.174711 2111.778354 2113.701958 2104.517850 2095.685858 2092.075133 2090.573281 2097.684903 2116.320693 2137.297438 2153.170161 2163.695919 2169.948349 2178.499691 2188.379880 2201.432083 2215.171439 2226.601125 2234.145122
2217.562254 2209.292498 2200.951152 2192.548329 2184.590005 2177.293984 2171.910683 2168.687358 2164.592337 2157.509329 2149.358149 2132.162204 2118.825678 2105.501656 2090.395903 2085.618213 2080.982535 2081.319874 2069.132900 2058.631204 2039.997936 2023.958365 2007.784635 1996.118698 1989.990680 1983.743096 1986.192674 2000.914595 2009.710367 1997.617214 1987.617200 1975.538566 1969.930763 1966.707821 1968.848061 1979.254709 2000.766181 2019.608122 2027.500147 2020.644973 2017.692215 2017.333191 2017.500577 2024.701721 2039.322280 2059.671420 2081.964013 2099.792147 2110.336003 2118.831369 2129.601726 2144.873306 2159.547378 2174.148603 2191.854070
2182.552975 2172.512998 2161.717454 2151.075902 2139.409005 2127.471558 2119.874868 2120.091586 2112.366107 2104.933160 2086.372678 2036.782148 2016.784606 1997.451124 1980.755218 1973.521887 1964.655998 1953.271406 1943.279492 1936.387801 1931.341917 1915.673648 1897.695900 1880.701945 1875.256005 1871.041069 1859.570273 1861.494088 1863.834556 1871.427110 1864.576350 1860.213642 1859.342284 1857.004637 1859.801959 1873.353368 1884.283084 1893.500536 1900.490006 1901.798227 1910.776993 1918.823391 1926.032844 1943.565330 1957.615270 1975.858644 1998.252553 2023.694221 2038.899907 2049.751181 2061.790845 2078.447934 2096.021216 2114.501528 2137.723301
2141.108011 2125.358651 2110.333513 2095.063947 2081.093885 2067.049827 2051.769699 2051.370180 2046.780661 2036.376732 1989.987292 1947.035437 1913.056997 1893.998972 1870.374523 1857.193092 1843.349655 1812.492566 1796.418195 1791.296157 1798.531478 1790.222110 1773.353376 1759.636515 1750.867850 1743.213413 1728.810178 1716.945087 1722.016430 1736.078531 1733.384661 1733.378165 1738.726740 1737.534240 1733.366841 1736.633676 1750.594227 1758.368179 1769.230453 1783.393916 1789.025261 1801.650182 1831.452177 1846.408753 1863.099154 1884.253426 1907.288878 1931.496075 1954.073269 1969.196780 1985.544139 2005.739253 2023.981869 2045.952235 2070.380718
2084.246987 2054.844431 2033.911867 2015.892875 1996.656819 1972.705663 1950.920458 1946.984573 1938.688548 1915.089079 1865.897843 1825.977768 1797.138057 1774.046385 1749.298249 1728.036425 1696.906444 1663.782491 1642.467927 1650.397940 1658.266338 1661.948833 1648.492240 1636.157539 1626.024529 1610.852301 1595.052141 1582.015018 1591.294323 1599.835632 1611.509548 1616.146202 1620.011176 1623.744526 1622.736243 1616.636724 1618.976303 1627.996768 1638.787159 1650.547871 1667.561528 1699.928727 1725.801625 1744.805538 1766.989262 1788.473384 1812.635030 1838.085063 1861.872550 1880.159698 1900.472367 1921.386225 1944.090978 1966.153148 1992.059581
2002.610403 1973.927655 1946.413198 1922.479069 1893.043330 1850.748572 1834.607213 1824.373449 1807.402320 1766.605833 1723.557458 1692.360159 1671.169488 1646.186997 1622.555268 1594.336631 1561.747046 1536.384586 1515.723061 1523.073758 1530.616157 1544.258638 1533.142501 1523.212206 1517.900777 1502.876984 1489.169915 1474.134913 1481.262533 1491.852938 1510.995743 1515.776339 1519.531759 1527.383248 1526.632673 1523.790519 1512.572243 1521.054890 1532.131572 1546.791467 1576.203930 1601.238370 1625.950273 1648.737132 1670.341152 1694.239364 1719.471970 1745.186052 1772.884625 1794.342590 1815.386394 1838.909194 1860.911428 1880.123612 1901.734102
1889.903262 1863.969629 1841.431694 1816.188406 1776.834248 1732.258384 1695.130908 1674.702807 1631.415835 1596.545157 1565.652693 1552.790439 1535.641137 1512.982684 1491.526402 1470.204979 1445.009890 1423.149341 1398.408216 1402.248934 1415.342179 1429.909814 1426.207280 1423.905753 1421.151430 1410.483327 1396.877145 1383.310257 1386.954818 1402.716874 1419.922667 1428.256544 1435.335338 1443.090497 1443.296680 1435.887724 1427.338566 1433.142261 1448.135469 1464.922129 1485.612513 1508.413575 1531.154244 1552.985857 1577.100904 1602.014534 1627.379377 1654.711499 1683.472391 1706.074677 1731.781848 1758.325412 1779.026944 1792.379886 1806.698077
1779.097833 1756.774071 1731.912991 1704.199562 1662.478322 1620.436245 1577.704747 1535.360366 1501.474291 1470.368568 1455.542164 1437.091560 1420.027078 1402.421383 1381.070078 1362.104540 1344.108618 1321.923499 1306.307857 1311.872273 1324.700180 1334.598228 1338.450753 1335.583054 1332.647743 1325.681905 1311.897060 1303.779623 1312.731627 1328.020461 1342.517865 1353.209323 1360.090565 1366.001226 1363.401926 1355.162615 1350.614485 1359.104118 1375.061450 1390.069433 1407.261479 1429.250050 1451.143504 1473.920840 1497.821112 1521.719540 1548.102698 1575.357485 1603.276765 1631.418310 1656.615277 1679.652311 1692.361858 1705.451279 1712.807421
1648.213918 1632.278995 1606.021195 1577.204726 1544.639005 1507.115342 1477.735135 1445.086437 1413.668866 1383.007318 1356.815561 1340.652765 1331.407462 1316.726406 1297.784380 1284.616680 1267.782685 1252.368984 1253.910447 1255.965161 1265.842352 1265.842261 1266.377828 1263.440157 1262.398868 1258.686684 1249.493510 1258.013496 1265.184804 1279.413909 1289.977929 1299.554996 1305.737595 1309.806630 1310.268544 1304.802867 1309.335553 1316.456299 1331.124983 1343.243100 1358.397718 1379.586941 1397.669500 1417.906184 1441.097863 1465.171300 1490.456485 1517.472318 1546.697271 1573.114773 1594.102783 1604.848754 1617.283177 1624.019153 1619.092530
