tests/Borden05m/sims/sim_1/output-maps/psiliqL0012N0019.asc
ncols         160
nrows         34
xllcorner     620200.000000
yllcorner     5168000.000000
cellsize      0.500000
NODATA_value  -9999.0
[rows 0 to 24 of 34, columns 57 to 113 of 160]
-9999.0 -9999.0 -9999.0 -9999.0 -9999.0 -9999.0 -9999.0 -9999.0 -9999.0 -9999.0 -9999.0 -9999.0 -9999.0 -9999.0 -9999.0 -9999.0 -9999.0 -9999.0 -9999.0 -9999.0 -9999.0 -9999.0 -9999.0 -9999.0 -9999.0 -9999.0 -9999.0 -9999.0 -9999.0 -9999.0 -9999.0 -9999.0 -9999.0 -9999.0 -9999.0 -9999.0 -9999.0 -9999.0 -9999.0 -9999.0 -9999.0 -9999.0 -9999.0 -9999.0 -9999.0 -9999.0 -9999.0 -9999.0 -9999.0 -9999.0 -9999.0 -9999.0 -9999.0 -9999.0 -9999.0 -9999.0 -9999.0
-9999.0 -9999.0 623.275923 617.827491 612.656083 607.846153 599.026566 589.964846 581.700701 577.939469 577.253181 576.678520 576.514842 581.993794 590.192183 598.029622 605.398508 607.987588 610.600522 613.019294 613.659359 612.538068 609.405895 606.197190 602.864036 601.415871 593.322513 581.964084 573.155378 570.425676 574.883815 579.368969 581.860976 587.747087 598.491321 609.295863 617.809804 629.604260 635.245181 640.210034 643.013234 638.655826 634.801354 630.702892 625.400926 614.180664 -9999.0 -9999.0 -9999.0 -9999.0 -9999.0 -9999.0 -9999.0 -9999.0 -9999.0 -9999.0 -9999.0
606.651324 610.061554 598.950008 594.140683 590.962795 589.017606 584.241075 575.729822 570.644520 565.464089 563.896432 564.193245 564.503656 568.866567 579.173549 587.346392 592.308697 594.991404 597.752421 597.728132 597.372815 597.175537 594.403519 591.070635 587.752511 586.019730 586.411771 578.865912 573.463503 570.116261 568.574852 571.071546 573.415777 576.682765 586.169551 594.326458 602.483833 616.684777 628.967501 634.031476 631.304021 625.978769 621.824172 614.802114 604.435748 593.772795 583.679348 576.324396 570.485950 564.548680 570.235028 576.474354 586.157735 595.726757 607.530088 619.564975 -9999.0
591.612727 594.662992 584.061898 575.900911 571.183920 571.529862 574.206242 570.882766 566.516668 562.034380 570.694717 572.277379 573.706652 577.218847 580.586668 583.707224 586.651139 592.203630 601.400124 604.308276 605.029676 605.330952 603.632653 600.615212 598.890050 596.206052 591.092612 590.125398 590.525611 590.398143 595.444248 596.917966 598.502120 591.676864 595.100815 601.246025 608.031911 614.600207 621.246037 625.188799 621.655901 620.264411 611.361683 596.979380 585.219552 576.179751 573.682463 570.037091 561.764224 548.731549 555.339867 570.452879 574.679194 577.761666 589.215141 601.297759 611.524302
578.621242 581.910427 577.141495 578.585967 580.342198 582.058038 580.745263 578.080592 576.626581 589.648442 599.509328 601.696335 604.968306 608.829482 608.288859 596.477975 594.206677 602.770298 613.398552 619.492364 619.963201 620.122450 618.356221 617.448454 617.100766 614.937688 615.883889 618.497525 618.785306 623.630104 629.323490 632.152641 624.090010 614.812387 615.414558 622.998672 630.977617 638.217327 648.824236 660.007834 658.505649 652.236513 642.474080 628.024827 603.747924 583.368734 571.889785 564.225728 556.460728 555.656972 552.203129 562.728145 563.887373 565.215657 573.094953 583.029978 592.918646
594.921005 603.344084 597.752831 592.831175 590.180353 591.201167 591.789783 595.401168 608.600226 623.002276 638.248249 641.562686 644.603871 644.584744 635.634902 625.583639 621.895392 636.981437 653.405823 662.065958 663.174586 663.099114 670.502810 669.081669 667.176393 662.228659 664.544026 666.608923 677.140107 684.933107 692.002114 690.121176 678.031380 666.481775 664.577145 666.874342 669.645235 675.622781 685.779901 695.359238 689.806603 681.729128 670.497753 640.575593 612.058872 594.089703 593.412350 592.738726 587.061389 583.046760 578.851152 570.921425 569.695614 568.245894 567.083919 578.506341 590.370552
645.198006 661.747850 656.473217 648.672353 638.653066 639.606462 643.299362 652.115663 666.009425 684.641488 709.587376 713.494188 717.540907 721.095035 710.381861 698.365420 687.301157 704.912388 715.454943 724.756141 727.427229 738.132184 748.370787 743.847303 735.728503 725.772438 732.365574 745.017708 760.419007 767.331644 771.149934 770.236017 759.277944 753.323128 751.124704 752.446570 749.329958 753.215709 763.472792 778.261618 777.231042 766.664423 742.569762 704.210833 667.992502 645.574115 649.398233 641.414606 633.626697 628.551188 613.353277 601.157981 600.002609 589.476236 582.427515 593.127701 598.501731
695.149893 714.311198 710.512513 700.263620 687.689761 687.893618 696.268299 707.019540 726.982879 751.259626 776.454019 786.596789 791.468463 801.544397 795.559098 786.611662 778.514057 788.805788 801.460153 813.840008 824.487860 837.565855 849.376168 840.604292 829.208979 824.692607 829.901637 849.192929 866.107707 871.442960 873.058561 876.158136 867.715903 860.620222 853.165864 846.961678 840.433136 835.855427 852.966092 868.482795 866.020349 841.654340 816.180654 778.818566 739.586480 705.284932 702.062574 698.229320 695.580667 678.954655 661.899380 643.330908 631.974065 621.612233 606.140324 610.351747 614.633255
793.374683 815.225704 817.733886 802.234386 795.621930 800.996331 813.978193 821.623254 837.353621 862.915614 895.823380 918.640934 938.960026 943.846483 935.884289 927.326476 914.487275 912.047537 928.536126 940.755209 951.831372 962.884535 975.212009 981.168753 979.039087 978.737735 981.885296 988.379708 996.817439 1003.544615 1009.144517 1014.869146 1012.064502 1002.001065 994.836275 985.416949 977.754505 974.660839 975.953868 985.546005 983.047717 957.492130 929.738789 897.133725 859.279493 826.731120 807.173907 810.646245 797.500543 777.705988 755.878928 718.787342 699.953711 682.293273 651.582412 646.108853 653.562136
906.057133 921.756857 935.948447 932.509023 934.822796 939.171746 946.744201 952.393895 960.852566 993.534768 1028.596565 1058.423863 1083.055832 1092.361149 1083.013865 1073.872841 1062.591089 1053.507157 1057.127444 1071.137016 1087.526197 1103.029148 1114.019258 1117.686416 1116.502633 1116.809108 1118.702342 1121.726544 1124.602417 1130.410726 1137.485559 1147.413494 1158.392191 1152.828002 1135.981372 1123.048544 1108.487573 1102.548742 1100.243895 1097.486463 1096.726400 1089.384457 1058.707857 1030.118584 997.648485 967.470556 945.146888 929.301148 908.716615 885.270411 838.869620 797.337459 761.161714 732.329227 702.843631 698.958658 720.952302
1026.002277 1050.625652 1066.147473 1069.839694 1072.698818 1076.034644 1082.689217 1088.690328 1096.598068 1118.823400 1155.521466 1192.240050 1222.053367 1227.135101 1218.995666 1209.347745 1199.324955 1189.368192 1186.254439 1193.564015 1204.090954 1219.442213 1230.611451 1240.256153 1239.669335 1240.037596 1240.337425 1242.328420 1244.089590 1245.867446 1252.548867 1263.868678 1274.529022 1275.496594 1262.482799 1245.251053 1227.275411 1218.945380 1211.939521 1205.484684 1204.859051 1204.877214 1197.736732 1172.894803 1137.204566 1094.395956 1066.787053 1044.518644 1030.318781 1013.440303 988.270970 938.069291 907.875279 872.846673 838.018186 816.667038 854.823501
1138.839086 1169.185013 1188.266306 1196.757500 1198.061786 1201.110881 1209.365816 1216.600425 1227.415891 1244.014837 1266.875697 1295.135874 1321.886102 1339.973336 1337.372845 1325.928794 1309.608826 1305.019516 1303.957043 1305.731340 1311.820784 1319.095431 1333.712606 1348.733824 1353.810101 1354.411704 1352.011651 1354.001642 1355.059428 1355.135995 1356.050352 1360.403062 1367.014050 1369.236152 1364.406917 1348.570947 1328.298045 1312.988585 1303.467294 1298.275343 1295.554770 1296.041883 1294.799947 1282.767031 1254.185869 1216.564420 1182.604769 1159.466057 1142.314571 1127.769771 1115.902268 1097.027693 1078.773148 1048.355243 1005.538006 969.918562 968.861839
1238.099889 1264.466524 1288.716125 1305.513426 1310.470251 1317.219847 1323.059621 1333.671355 1349.393674 1367.831786 1381.254674 1397.719114 1418.787722 1431.538015 1437.734543 1438.543879 1437.669244 1439.438999 1439.406312 1416.447658 1418.873648 1421.231272 1427.211396 1434.254756 1436.379171 1436.473990 1435.485970 1436.456583 1436.768797 1436.989115 1436.738135 1436.555528 1438.353313 1438.881740 1437.668898 1431.204588 1432.270393 1415.087686 1402.860877 1395.088862 1387.228388 1378.524433 1368.782049 1358.807132 1342.455001 1315.486278 1282.060689 1253.954957 1241.199266 1233.434613 1225.900437 1219.489759 1203.675892 1181.867018 1151.476568 1113.521043 1079.230162
1333.545484 1353.395425 1379.854144 1398.372863 1409.115571 1418.152866 1423.609561 1435.962661 1448.908864 1444.863606 1448.099704 1451.570962 1455.136356 1456.653981 1457.223753 1457.097978 1454.701989 1453.978699 1451.855666 1446.629979 1436.857936 1437.899459 1438.984616 1441.144758 1444.355168 1442.826168 1443.590611 1446.420436 1445.005518 1439.743614 1436.362446 1434.874368 1435.273502 1442.198601 1445.074963 1445.562738 1444.435009 1443.411560 1442.735516 1441.326086 1439.734949 1437.553279 1434.648141 1436.608535 1426.435544 1403.426458 1371.098153 1336.755861 1321.775644 1316.227706 1315.707040 1311.750276 1304.602252 1285.340684 1257.972097 1222.199525 1184.352918
1440.073294 1439.213771 1447.865654 1452.507756 1455.022087 1457.865720 1460.540168 1461.632354 1458.401323 1454.741610 1449.822798 1448.350497 1446.932584 1444.482354 1444.932550 1442.640041 1438.216694 1433.975430 1426.782695 1415.368650 1403.384940 1400.378576 1404.480989 1408.996572 1412.867018 1415.638882 1418.691049 1419.789850 1415.285230 1407.816023 1401.098756 1399.308527 1405.680929 1411.142009 1416.162735 1416.777445 1415.436754 1413.599287 1414.078506 1412.148298 1413.244710 1420.204645 1433.659801 1439.974707 1442.168250 1441.573612 1434.986049 1423.228970 1413.679917 1393.995402 1396.612068 1391.358870 1379.206881 1357.739091 1333.689263 1304.231482 1275.338273
1451.631801 1449.858312 1444.056482 1438.415080 1437.782879 1441.615885 1448.252550 1449.322279 1442.074509 1433.352300 1425.761036 1418.437733 1415.762282 1413.953818 1412.738066 1412.115883 1406.027533 1397.356672 1381.146622 1368.578627 1356.555794 1349.880727 1347.605235 1352.193507 1361.319001 1370.171559 1374.472158 1368.058204 1360.967965 1350.848066 1343.166013 1343.560395 1346.004921 1354.861870 1368.315594 1372.641827 1373.525679 1369.014116 1365.329846 1360.376014 1359.493147 1367.408653 1383.180133 1398.817648 1412.562915 1420.876912 1428.376797 1434.922333 1439.084022 1440.065180 1440.466530 1439.354844 1437.237467 1421.907173 1401.155650 1377.377586 1353.112667
1430.207271 1424.818413 1417.888635 1411.888143 1409.881237 1411.952687 1414.450103 1410.685296 1403.370826 1392.390562 1380.514452 1369.855438 1362.924279 1362.810660 1364.053753 1363.986531 1356.780564 1341.604019 1323.464788 1309.212370 1294.693634 1290.091927 1284.863493 1280.559761 1290.615336 1306.864772 1312.659814 1299.609108 1290.155140 1276.541944 1269.513400 1266.764205 1268.477515 1277.878338 1297.271563 1316.083253 1317.584181 1308.720159 1300.226960 1296.483089 1295.164944 1302.939624 1322.059877 1342.558591 1357.847080 1368.092130 1374.720996 1383.828423 1394.066551 1406.603886 1419.944428 1431.107548 1439.983347 1443.544831 1441.832505 1436.619677 1423.298102
1399.651221 1391.304354 1383.652015 1376.918654 1372.114723 1369.362428 1366.161569 1359.568702 1351.845451 1337.094044 1324.053354 1311.311633 1297.046653 1292.901698 1289.316881 1290.165811 1278.309871 1267.117733 1247.794535 1231.733590 1215.652629 1204.955160 1198.730790 1192.595736 1196.645127 1211.653646 1220.406644 1207.132063 1197.117173 1184.629205 1178.760559 1175.739209 1177.752395 1188.030653 1210.161234 1228.879589 1236.079361 1228.848431 1224.427185 1223.016441 1223.069751 1229.869145 1245.436482 1266.081898 1287.545899 1304.192323 1314.590938 1323.597231 1334.844967 1350.168388 1364.964494 1379.726363 1397.324203 1417.425643 1432.146128 1441.572435 1445.733548
1359.057962 1348.791607 1337.756353 1326.682887 1319.973909 1320.431925 1313.214943 1306.204423 1290.626130 1244.526571 1226.071711 1207.642183 1191.878876 1185.582991 1177.628532 1169.282608 1159.478665 1152.123457 1144.368372 1128.410906 1110.698043 1094.296729 1088.707601 1084.140332 1075.109570 1079.731685 1082.750141 1086.506320 1079.406679 1073.826138 1071.861185 1069.593331 1072.982596 1086.679562 1098.722918 1109.190300 1115.752192 1114.838428 1122.252000 1129.187820 1133.955611 1150.567393 1164.926850 1183.344509 1205.490064 1229.713599 1243.885324 1254.626392 1266.787340 1283.503283 1301.273479 1319.806239 1343.143972 1368.384496 1385.086176 1397.025055 1409.643774
1308.683020 1294.138714 1280.982005 1267.879447 1254.334632 1254.443367 1250.271522 1241.305754 1200.156738 1157.672473 1125.064946 1106.477110 1084.090208 1072.257467 1060.639008 1034.076893 1019.401352 1012.879350 1017.270003 1007.251267 989.968304 975.574690 967.090238 960.072067 946.960923 938.022248 942.590030 954.713012 950.484084 949.075992 953.354095 951.841375 948.694586 954.422818 968.952479 977.383270 987.610523 999.586225 1004.782344 1014.780182 1041.763084 1056.500285 1072.672096 1093.712356 1116.495763 1140.152346 1161.408397 1175.843281 1191.636858 1211.584743 1229.638520 1251.619859 1276.255405 1305.826166 1326.565278 1342.166329 1355.006890
1235.014261 1218.160612 1200.535183 1179.573656 1158.673695 1155.624486 1147.996114 1128.447649 1082.301238 1041.925680 1011.931823 989.393884 964.895849 945.678635 918.159277 886.407652 865.917484 870.936550 877.830543 878.315740 864.065551 850.975097 840.420979 826.263636 810.626652 798.925415 807.412597 816.014818 824.489504 828.183214 832.046213 834.751718 833.813804 829.661269 835.197983 844.429486 855.325759 866.572667 881.036780 911.370559 937.010554 955.459282 977.335958 998.841357 1022.955711 1048.173115 1071.041963 1088.546043 1108.381926 1128.941265 1151.170801 1173.370381 1199.568500 1229.994153 1255.530870 1272.389317 1288.227408
1151.814181 1129.148055 1102.545672 1063.783014 1048.492932 1039.207826 1025.855230 989.358111 946.841889 911.977660 887.902757 862.776635 838.465577 810.971994 779.209446 752.339331 731.930169 738.386990 745.174003 756.230095 744.112605 732.658661 726.087220 710.930408 696.746869 682.184015 689.702213 699.688295 716.962960 721.241137 724.812875 731.874644 730.959288 728.735351 720.210361 729.288049 740.264253 754.671742 783.128289 809.066647 834.508710 857.319507 879.314351 903.499959 929.211269 955.177166 982.350846 1003.445634 1024.121984 1047.172025 1069.015311 1088.959259 1111.539824 1139.237945 1163.573943 1184.837475 1207.331824
1050.934932 1026.597657 990.217099 946.626157 912.351876 895.791473 857.460424 823.301912 788.055537 770.132513 750.974829 727.189586 704.754889 682.641927 655.985600 632.793100 608.418188 611.927412 624.192221 637.938955 632.047624 628.225494 624.769899 613.294135 599.440564 585.792731 589.401416 604.611384 621.519304 629.060410 635.792254 643.442834 643.693808 637.051024 628.949881 635.005423 649.596444 666.461146 688.428050 712.105158 735.580223 757.856555 782.473746 808.161125 834.355600 862.446572 891.568522 914.069608 939.860079 966.326073 987.641639 1001.697992 1017.545481 1043.247031 1063.432550 1087.117769 1111.418136
944.468736 917.506738 876.555955 833.868110 790.586695 750.826881 716.888358 684.894733 666.562178 646.781262 628.061733 609.117414 587.397992 567.340672 547.940271 525.457554 507.475011 512.582993 525.491920 536.510160 539.151870 535.977655 532.734723 525.067581 511.261354 501.241913 509.699021 525.073685 539.978558 550.242497 557.051752 563.222326 560.657680 552.628583 547.073399 555.447297 571.372124 586.840079 604.953599 627.412187 649.984624 673.143343 697.543361 722.182055 749.392665 777.584859 806.329645 834.807985 860.959852 885.396365 899.041890 912.758819 922.468245 940.672377 960.997096 983.399623 1008.844756
819.615955 790.743389 756.622872 716.911149 685.126281 651.809348 619.829322 588.538127 562.333341 544.556756 534.087745 518.718213 499.010705 485.075059 467.783016 450.036218 449.694184 452.446286 463.506874 464.651495 465.159013 462.067159 460.850086 456.417414 445.740521 452.672599 460.166307 474.823040 485.657756 495.145943 501.455994 505.661471 505.650268 499.386818 503.064435 510.452655 525.371345 537.714361 553.432545 575.019414 593.455691 614.110938 637.581426 662.027076 687.898992 715.528530 745.371183 772.649395 795.021597 807.261212 820.622266 828.999009 826.000303 842.569071 860.069466 877.533095 903.013952
