tests/Borden05m/sims/sim_1/output-maps/psiliqL0025N0019.asc
ncols         160
nrows         34
xllcorner     620200.000000
yllcorner     5168000.000000
cellsize      0.500000
NODATA_value  -9999.0
[rows 0 to 24 of 34, columns 55 to 109 of 160]
-9999.0 -9999.0 -9999.0 -9999.0 -9999.0 -9999.0 -9999.0 -9999.0 -9999.0 -9999.0 -9999.0 -9999.0 -9999.0 -9999.0 -9999.0 -9999.0 -9999.0 -9999.0 -9999.0 -9999.0 -9999.0 -9999.0 -9999.0 -9999.0 -9999.0 -9999.0 -9999.0 -9999.0 -9999.0 -9999.0 -9999.0 -9999.0 -9999.0 -9999.0 -9999.0 -9999.0 -9999.0 -9999.0 -9999.0 -9999.0 -9999.0 -9999.0 -9999.0 -9999.0 -9999.0 -9999.0 -9999.0 -9999.0 -9999.0 -9999.0 -9999.0 -9999.0 -9999.0 -9999.0 -9999.0
-9999.0 -9999.0 -9999.0 -9999.0 3198.800739 3193.480219 3188.663913 3184.189948 3177.090334 3167.835419 3159.925273 3155.743931 3154.580865 3153.723162 3153.083889 3157.942662 3165.954391 3173.524629 3180.301617 3180.937030 3183.121176 3184.941712 3185.137921 3183.943785 3180.774241 3179.222174 3175.880730 3174.173457 3166.750914 3155.597880 3147.245804 3144.545795 3148.730981 3153.072745 3155.531163 3160.751266 3171.146579 3181.670752 3188.390669 3200.675571 3207.601824 3212.954613 3215.605704 3211.653286 3208.415066 3204.510002 3198.594410 3187.532547 -9999.0 -9999.0 -9999.0 -9999.0 -9999.0 -9999.0 -9999.0
3145.228671 3163.547481 3182.922610 3186.010044 3175.778349 3170.765134 3167.601410 3165.886355 3161.614925 3153.080805 3147.917061 3142.400142 3139.763514 3139.720437 3139.561637 3143.202676 3153.860586 3161.609652 3166.124150 3168.636928 3171.401158 3169.866989 3169.051108 3168.766308 3165.822606 3162.359627 3158.939520 3157.056575 3158.410365 3150.796706 3144.821380 3140.943018 3138.067847 3140.773521 3143.445553 3147.939146 3157.122157 3165.031634 3172.865187 3186.123941 3199.030893 3204.717781 3202.226992 3197.677395 3194.049593 3186.864847 3177.866696 3167.956321 3159.815984 3153.689598 3148.367394 3142.053102 3148.491234 3156.315378 3165.718122
3128.486542 3147.574997 3167.867357 3170.394941 3160.108121 3152.311108 3145.571279 3146.021161 3149.397390 3146.088365 3141.220254 3133.565579 3143.379432 3144.312784 3144.960790 3148.072941 3149.973513 3154.869868 3157.235444 3162.489909 3171.371793 3174.091014 3174.456328 3174.435290 3172.393947 3169.085196 3167.073901 3164.225416 3158.904440 3157.114784 3156.769882 3155.525072 3159.639561 3161.025982 3163.968297 3158.409911 3162.776655 3169.022955 3175.857395 3181.316684 3185.513697 3188.077057 3184.859277 3185.543701 3179.148769 3165.662456 3155.972578 3148.530982 3148.679709 3145.782075 3137.936681 3124.366072 3132.654314 3148.789748 3153.619418
3132.668190 3141.485484 3152.008127 3154.449811 3149.345497 3151.422395 3153.119480 3154.264927 3152.339861 3148.744891 3144.435608 3154.869395 3162.981975 3164.255295 3166.602746 3170.438856 3171.241123 3160.242682 3158.102732 3165.338634 3174.787485 3179.865067 3179.949390 3179.511163 3175.865262 3174.636741 3174.343963 3172.450827 3171.962412 3173.515046 3171.199486 3174.212712 3179.568964 3180.730428 3177.441192 3169.095254 3171.260662 3179.594577 3186.458963 3193.921503 3204.039840 3214.909636 3215.180470 3210.706909 3202.423903 3190.184723 3169.890583 3152.449932 3141.584020 3133.744771 3126.586114 3129.439925 3124.952068 3138.665542 3140.528069
3118.878129 3139.129575 3158.965630 3164.824370 3158.722911 3154.797091 3153.351873 3153.887596 3152.885835 3153.398226 3162.229283 3173.889099 3182.981163 3184.695508 3186.390344 3185.177772 3179.769346 3169.496660 3166.672409 3179.832006 3193.988025 3201.594220 3201.059813 3196.886482 3200.161611 3200.094873 3200.369675 3196.846473 3197.600552 3195.408483 3201.088761 3208.707868 3216.563612 3215.032554 3202.828666 3190.604365 3190.467719 3195.764596 3202.348300 3209.866242 3220.074538 3229.312985 3224.606647 3219.462766 3212.097729 3186.636770 3166.235616 3152.176007 3152.497448 3153.346258 3149.156820 3147.190915 3146.243333 3142.057109 3142.344858
3154.876957 3173.924813 3191.815216 3204.625722 3198.315292 3190.659280 3181.958347 3182.022335 3182.435006 3188.227009 3198.553468 3211.382830 3232.860168 3232.352146 3232.818536 3231.670095 3218.957523 3205.762090 3195.648201 3217.283268 3228.000665 3235.141911 3232.777023 3238.126911 3246.759940 3243.056443 3236.601378 3224.645582 3230.242440 3237.050021 3252.117815 3259.913755 3265.056219 3260.733713 3247.091338 3240.439603 3241.772808 3247.951155 3248.914604 3257.306788 3266.242972 3281.249217 3280.108290 3276.541840 3256.689084 3219.977335 3190.869674 3180.335533 3189.118704 3183.585639 3179.627348 3179.498018 3168.388358 3161.083528 3163.728378
3185.267292 3198.625060 3214.608133 3231.018558 3222.275186 3211.935797 3195.553985 3192.469354 3196.708222 3206.652500 3224.031191 3242.120012 3262.088366 3261.315323 3255.339728 3264.809794 3257.836081 3247.071783 3239.455301 3259.982821 3270.129821 3280.334730 3286.272331 3298.826769 3309.265573 3293.260967 3276.581701 3266.560826 3273.393048 3298.446700 3320.379535 3325.166418 3324.390582 3324.084377 3309.307230 3304.366551 3300.743610 3300.703268 3297.886191 3295.909988 3320.728693 3341.941760 3341.734891 3320.261002 3297.661351 3258.645410 3221.206255 3196.708111 3208.724953 3205.677626 3209.027463 3198.819358 3187.082602 3179.611709 3179.128321
3236.092210 3257.951060 3274.410806 3295.917291 3287.423301 3264.732083 3249.224062 3251.808782 3265.078868 3272.871274 3290.875589 3308.305868 3334.353798 3346.988925 3358.640494 3362.027550 3355.293338 3346.708435 3334.590374 3339.232386 3362.493009 3373.540095 3381.941592 3390.450966 3403.015269 3403.744977 3397.144258 3395.386452 3399.631657 3412.574764 3426.566660 3433.278970 3436.498788 3439.328548 3426.870715 3414.216140 3411.903980 3406.241050 3404.635516 3403.786497 3414.634036 3434.529557 3431.533917 3396.011649 3369.420261 3335.380200 3297.412559 3268.214363 3261.477482 3279.751340 3277.230995 3261.171391 3250.305608 3223.999618 3218.452722
3306.063169 3338.917048 3363.238230 3373.100721 3380.746969 3366.577589 3364.619148 3368.612213 3376.743197 3379.852566 3386.228662 3418.439490 3452.113005 3477.260410 3499.981903 3507.128693 3494.949279 3485.143368 3471.718404 3462.848847 3473.340656 3490.303619 3507.837570 3522.764634 3534.049911 3536.225932 3534.665655 3534.730696 3537.746282 3540.728679 3544.930404 3553.222381 3560.822519 3569.496462 3577.725217 3567.638950 3550.778211 3541.338512 3532.041643 3531.012649 3532.268308 3535.807384 3536.895379 3520.921609 3479.822027 3448.647687 3416.761336 3396.754138 3383.237732 3382.334616 3364.836796 3340.942681 3290.285445 3253.146890 3221.961826
3391.870269 3435.445594 3464.583200 3481.983000 3494.692363 3491.950366 3493.708408 3494.723812 3498.482638 3500.924032 3503.826113 3530.253819 3571.430006 3610.591790 3641.679010 3641.724849 3628.192521 3616.881011 3607.670435 3593.488499 3589.565248 3601.907721 3617.071370 3637.121607 3647.602582 3653.890966 3650.729694 3650.959088 3652.685586 3655.008918 3657.130845 3660.677969 3670.195983 3685.112895 3699.462229 3698.709583 3680.062779 3662.167303 3646.098330 3643.404740 3640.807642 3635.885283 3638.177632 3640.070274 3624.746865 3593.895631 3554.476103 3514.112079 3496.988930 3481.682293 3470.879201 3454.211288 3414.845243 3349.999350 3311.461243
3506.717398 3540.381604 3569.265692 3599.459155 3614.428740 3616.868647 3614.392444 3613.308947 3620.282099 3623.130626 3628.950622 3645.467559 3677.217164 3712.392409 3741.951708 3757.421269 3749.769154 3732.011527 3709.986419 3700.343342 3697.486789 3701.036954 3710.444542 3723.133212 3742.515326 3761.820825 3767.577760 3768.456165 3765.788119 3768.194174 3769.744112 3769.859066 3772.719615 3781.108199 3790.907916 3794.261822 3786.580585 3765.689004 3742.308598 3730.829409 3724.256582 3720.821270 3721.733971 3726.773335 3729.897428 3715.243278 3679.910683 3635.741479 3605.703682 3590.332892 3577.504536 3563.648003 3551.385636 3519.274176 3498.576063
3615.437620 3630.581071 3658.677424 3687.375481 3710.046062 3724.774814 3725.257182 3728.339610 3733.079595 3740.464811 3755.533059 3778.728402 3797.656761 3820.158970 3846.645093 3862.830128 3868.092029 3866.461412 3862.451269 3863.659948 3864.010770 3801.502822 3807.739028 3813.954720 3830.967198 3846.307488 3851.857664 3852.492305 3849.960734 3851.787275 3852.548875 3852.446119 3852.074055 3854.374780 3859.427306 3861.358359 3858.971121 3846.398573 3864.497189 3844.497825 3831.048532 3822.846519 3814.610094 3806.356828 3796.933921 3787.062395 3767.103300 3736.327773 3702.014893 3680.419466 3672.456503 3666.399037 3658.030880 3652.402822 3635.509003
3713.960946 3724.530584 3742.666532 3765.343858 3799.179945 3822.529636 3833.904940 3843.190697 3847.851944 3861.764434 3878.371112 3862.445593 3870.740010 3879.323228 3887.851569 3890.780272 3891.618829 3891.231894 3888.840729 3888.067246 3885.653444 3882.168268 3871.713266 3873.321770 3875.266545 3877.886278 3881.618078 3880.510458 3881.619277 3884.573295 3882.814667 3876.775556 3872.702762 3871.127900 3872.121631 3879.554554 3883.040743 3883.997745 3880.646240 3879.713870 3878.719345 3875.324123 3871.085248 3865.109677 3857.465751 3872.205238 3860.171966 3832.189856 3792.035339 3750.956013 3743.221003 3744.938423 3744.873745 3743.355514 3737.785600
3838.590305 3852.244935 3867.010534 3844.926212 3867.229361 3878.643494 3883.980562 3888.087357 3890.890956 3894.008216 3890.996673 3887.985771 3883.102827 3881.541175 3880.190772 3877.753770 3878.385052 3876.498717 3872.437583 3868.404364 3860.458028 3848.901711 3837.725758 3834.172488 3838.480337 3844.097921 3849.247083 3853.688869 3857.410656 3857.427353 3851.962759 3843.537429 3835.991452 3834.331202 3841.208424 3846.953355 3853.471876 3854.347113 3852.954389 3850.465995 3850.222788 3846.955768 3847.167339 3854.242833 3868.993505 3871.747972 3877.640186 3876.801086 3860.181148 3830.086440 3841.471461 3821.549015 3827.562836 3822.989646 3811.667123
3882.311175 3885.077558 3883.449690 3882.346245 3875.971666 3869.921894 3869.147734 3873.169427 3880.220899 3881.291212 3874.247604 3865.681501 3858.464616 3851.052893 3848.718302 3848.158019 3847.910016 3848.416960 3843.132609 3833.843139 3816.855988 3805.289710 3794.231441 3788.296706 3784.530012 3788.002690 3799.238786 3811.396748 3816.436272 3807.163709 3798.713433 3786.906181 3778.837045 3779.284140 3780.329801 3789.831040 3806.654438 3814.169397 3814.957767 3808.491221 3802.009661 3795.348870 3792.279047 3798.703285 3813.996754 3830.749581 3846.348434 3855.488371 3863.208472 3870.323196 3868.778823 3871.515468 3873.021316 3870.895249 3873.882047
3876.674223 3869.701253 3862.737159 3857.454803 3851.024938 3845.738057 3843.921005 3845.820688 3847.786597 3843.716802 3837.360346 3827.396187 3816.410002 3806.748064 3799.179863 3800.222641 3802.598228 3804.275581 3797.027667 3781.713595 3763.955075 3750.511741 3736.680698 3732.772378 3726.910691 3719.305525 3729.431603 3749.138162 3756.510238 3740.456898 3729.591033 3714.413940 3707.830516 3703.842585 3704.625206 3713.547028 3736.011084 3760.061366 3762.128456 3751.173397 3740.289926 3735.542554 3732.309275 3736.912235 3753.606217 3774.363169 3790.409320 3800.809592 3806.126824 3813.898766 3823.278399 3837.521584 3852.314084 3864.640831 3869.360564
3851.617831 3843.882522 3836.253207 3828.670816 3821.818137 3815.668795 3811.422772 3809.499024 3805.622883 3799.578272 3792.616749 3772.114709 3759.772536 3746.964003 3732.157835 3728.357638 3723.667154 3724.827839 3713.411372 3705.482431 3689.073931 3673.812226 3658.281318 3645.034666 3639.356001 3632.707154 3631.093234 3644.584456 3653.023262 3643.508191 3633.833286 3623.189097 3618.670036 3615.314904 3617.783367 3628.208853 3647.751331 3666.044678 3674.423400 3667.050975 3665.682461 3665.623709 3664.001197 3670.233222 3680.982114 3698.851220 3721.129188 3739.963663 3749.771312 3756.593391 3765.758249 3780.124319 3794.188633 3808.487002 3826.434026
3821.218159 3811.974172 3802.130305 3792.499700 3782.102225 3771.649419 3765.240614 3767.954578 3762.022659 3756.492680 3733.994619 3679.159563 3658.262186 3639.510371 3623.458842 3616.899418 3608.628285 3592.696957 3584.163506 3579.779718 3581.997285 3568.147852 3550.856986 3533.294399 3528.482836 3525.006025 3507.744180 3503.205015 3503.770386 3520.000261 3513.970148 3512.722018 3514.630659 3512.250069 3513.531199 3526.258246 3533.936827 3539.352600 3546.053266 3550.781391 3561.231770 3569.106937 3579.185763 3596.160694 3606.878051 3622.015796 3642.150116 3667.576648 3682.858553 3692.207448 3702.454377 3717.594764 3733.628894 3751.234521 3773.507033
3786.764410 3770.373897 3755.933129 3741.775672 3729.229868 3716.561275 3700.946711 3702.967567 3700.977724 3690.910118 3636.372035 3595.877233 3562.398412 3545.486676 3522.147630 3508.877387 3492.791726 3454.654533 3437.462029 3437.236058 3452.304691 3449.014693 3433.921847 3422.218198 3412.951727 3403.702644 3386.073107 3367.346465 3373.468736 3392.002468 3393.028824 3396.442115 3404.351402 3403.844630 3397.088395 3394.255441 3406.175231 3411.515747 3422.581902 3440.125386 3444.870972 3461.114305 3494.629654 3507.193105 3521.914432 3539.955408 3560.010363 3581.678669 3603.911359 3617.664966 3632.552402 3650.704559 3667.107145 3687.158509 3709.497855
3736.331622 3705.524859 3684.673022 3667.553940 3648.706311 3622.074116 3602.344002 3600.357224 3594.462642 3565.715375 3513.859220 3478.712137 3455.772251 3434.417620 3411.863180 3388.545160 3352.067808 3317.753255 3296.294733 3312.444384 3323.997149 3335.973634 3324.856499 3314.352874 3304.987272 3287.094703 3270.401986 3254.032072 3265.145276 3273.829198 3292.991864 3299.937995 3303.863250 3309.776160 3308.265909 3297.304457 3291.890877 3299.741804 3309.367826 3321.102863 3342.427966 3377.106596 3401.396035 3419.173724 3439.131718 3457.245319 3478.043914 3500.430503 3522.655587 3539.123968 3556.922154 3574.842513 3595.211973 3613.897615 3636.318543
3656.819494 3628.996182 3603.098614 3580.400026 3549.223818 3503.352553 3489.432827 3480.910307 3459.411824 3412.395666 3371.365579 3351.881729 3339.667410 3317.131374 3296.848855 3268.633800 3235.339273 3214.355062 3194.321082 3205.207842 3215.981579 3236.588670 3228.250948 3221.847119 3219.207928 3204.113112 3191.051024 3174.714782 3181.069376 3193.324908 3216.954039 3222.999494 3227.143906 3236.559391 3235.749424 3230.935480 3213.016791 3219.469053 3229.964031 3244.148611 3274.837510 3296.887618 3318.763682 3339.910931 3358.602712 3378.918948 3400.386826 3422.635343 3448.230003 3467.045521 3485.321845 3506.131321 3524.639986 3538.390766 3554.042268
3549.574646 3526.167849 3507.227208 3483.708752 3441.515582 3398.359804 3358.667615 3332.518902 3280.820524 3246.834818 3227.546748 3227.666282 3216.518476 3197.853390 3180.152632 3164.510467 3143.689001 3125.774082 3101.368752 3107.387490 3123.789223 3141.361271 3143.271449 3144.726790 3143.657812 3134.730522 3121.524807 3108.059766 3111.893948 3129.105236 3147.156592 3157.312033 3165.056362 3172.760679 3172.373871 3162.580707 3152.265108 3156.694102 3171.594694 3184.796668 3201.490720 3221.333109 3241.153812 3260.666374 3282.215897 3303.840290 3325.735153 3349.527868 3374.786510 3395.043159 3417.664387 3440.998728 3456.585859 3464.440107 3471.346188
3448.201843 3429.781496 3407.467375 3380.810545 3340.265495 3301.631685 3261.868706 3215.601186 3183.814919 3159.185048 3153.820567 3139.798300 3127.959608 3114.921324 3095.925354 3081.006151 3067.468983 3047.202507 3038.229412 3046.214425 3060.196077 3068.688020 3076.061657 3074.422473 3072.522244 3067.308848 3053.641311 3049.855729 3059.998778 3075.196117 3088.823772 3100.404540 3107.239905 3112.207611 3108.995894 3099.582694 3096.479089 3104.324286 3119.346322 3132.067124 3146.017174 3165.601642 3182.356259 3202.544295 3223.576279 3244.246870 3267.310230 3291.088122 3315.725350 3341.525074 3362.575249 3379.405995 3386.847268 3395.012934 3393.381209
3327.053686 3316.668317 3291.964668 3264.827637 3236.905760 3205.313703 3182.701584 3155.581326 3127.254278 3099.991001 3075.634440 3064.930260 3060.315687 3049.491283 3034.009302 3024.158446 3009.806425 3001.013378 3008.100881 3009.858979 3018.245607 3016.675076 3018.058939 3016.056751 3015.834739 3014.025968 3008.346483 3020.523214 3026.671421 3039.949448 3049.870235 3059.506522 3065.130521 3068.501322 3069.491383 3065.140714 3070.788753 3076.395692 3089.479330 3099.938105 3112.555848 3131.431599 3147.002719 3164.481726 3183.275705 3204.512978 3226.562335 3250.527331 3276.829040 3299.758790 3315.848258 3320.971201 3328.572533 3328.428416 3315.764280
