tests/Borden05m/sims/sim_1/output-maps/psiliqL0023N0003.asc
ncols         160
nrows         34
xllcorner     620200.000000
yllcorner     5168000.000000
cellsize      0.500000
NODATA_value  -9999.0
[rows 0 to 24 of 34, columns 55 to 109 of 160]
-9999.0 -9999.0 -9999.0 -9999.0 -9999.0 -9999.0 -9999.0 -9999.0 -9999.0 -9999.0 -9999.0 -9999.0 -9999.0 -9999.0 -9999.0 -9999.0 -9999.0 -9999.0 -9999.0 -9999.0 -9999.0 -9999.0 -9999.0 -9999.0 -9999.0 -9999.0 -9999.0 -9999.0 -9999.0 -9999.0 -9999.0 -9999.0 -9999.0 -9999.0 -9999.0 -9999.0 -9999.0 -9999.0 -9999.0 -9999.0 -9999.0 -9999.0 -9999.0 -9999.0 -9999.0 -9999.0 -9999.0 -9999.0 -9999.0 -9999.0 -9999.0 -9999.0 -9999.0 -9999.0 -9999.0
-9999.0 -9999.0 -9999.0 -9999.0 2800.019033 2794.668587 2789.777057 2785.289141 2800.679381 2791.721785 2784.122363 2780.377169 2779.656217 2779.217015 2779.033281 2784.373168 2792.791925 2800.748387 2807.938512 2782.038245 2784.171988 2786.051755 2786.285865 2785.075657 2781.977266 2809.766453 2806.645218 2805.258800 2797.979851 2786.994175 2778.714746 2776.090811 2780.333114 2784.654820 2787.062384 2792.265896 2802.521285 2812.904598 2789.696105 2801.736000 2808.496571 2813.825824 2816.551482 2812.601931 2809.340804 2805.478931 2799.806483 2788.762811 -9999.0 -9999.0 -9999.0 -9999.0 -9999.0 -9999.0 -9999.0
2768.284898 2787.087763 2783.993158 2787.099773 2799.853281 2794.974424 2792.062328 2790.605544 2786.374627 2778.190710 2773.423347 2768.336714 2766.224847 2766.613994 2766.928005 2771.100059 2782.137684 2790.352624 2795.334433 2798.549388 2801.682215 2800.733335 2800.363181 2800.475524 2797.898976 2794.501195 2791.387229 2789.823380 2791.287740 2783.891554 2778.150805 2774.431684 2771.754585 2774.318708 2776.951423 2781.162216 2790.204097 2797.897259 2805.743380 2787.411504 2800.043740 2805.682143 2803.213492 2798.615945 2795.086701 2788.097918 2806.490561 2796.313437 2787.781737 2781.160890 2775.279214 2768.439674 2774.126889 2781.061075 2789.891053
2752.953610 2772.545426 2793.486019 2796.377868 2785.919343 2778.286934 2772.187340 2773.000108 2776.656528 2773.771865 2769.408177 2762.621655 2772.536218 2773.942065 2775.142145 2778.811158 2781.537735 2786.635334 2789.498310 2795.171355 2804.329054 2807.406340 2808.220804 2808.670442 2807.095045 2804.196675 2802.597422 2800.111716 2795.108184 2793.667814 2793.592377 2792.595909 2796.796952 2797.658298 2800.826559 2795.033136 2799.069397 2804.973070 2810.979450 2816.759032 2787.023845 2789.740848 2786.548115 2787.105412 2811.327103 2797.308743 2787.082083 2779.099268 2778.466098 2774.970812 2766.501147 2752.374257 2759.717787 2775.000813 2779.069013
2759.630691 2769.011006 2780.136703 2783.067053 2778.337205 2780.711645 2782.868417 2784.588419 2783.263203 2780.326167 2776.944262 2788.135273 2796.270625 2798.005372 2800.955908 2805.414696 2807.280613 2796.728179 2794.993091 2802.709433 2811.957431 2817.452524 2818.016450 2818.142473 2815.267210 2814.554417 2814.692181 2813.145699 2813.195347 2815.150327 2813.399471 2816.800427 2822.355665 2783.784825 2819.619227 2810.910316 2812.665243 2820.810502 2788.489491 2795.827706 2805.952682 2816.931797 2817.026747 2812.413845 2804.170606 2791.886348 2805.156142 2786.801486 2775.100156 2766.602044 2758.760253 2760.339822 2755.239891 2767.687365 2768.695560
2751.185930 2771.363637 2791.304295 2797.927736 2792.380886 2788.831711 2787.768272 2788.968082 2788.812157 2790.402977 2800.488539 2813.141839 2786.403821 2788.077852 2789.846016 2788.857912 2822.861715 2812.890075 2810.370597 2824.328604 2797.361726 2804.884274 2804.508554 2800.880619 2804.726267 2804.415985 2804.336508 2800.571262 2801.521440 2799.920588 2806.276689 2813.867114 2821.578196 2819.865113 2807.851294 2795.782571 2795.435278 2800.334832 2806.257907 2813.585597 2823.826855 2833.184377 2828.478558 2823.086821 2815.384624 2789.654761 2807.171103 2792.502846 2791.072515 2790.824677 2786.286465 2783.260754 2780.943864 2775.326840 2774.633659
2792.510254 2812.533428 2795.083895 2808.148611 2801.849130 2794.056686 2785.048920 2785.128856 2785.896002 2791.966686 2802.615452 2816.083363 2837.703622 2837.643662 2838.466718 2837.891197 2825.553670 2812.495449 2802.191251 2823.128944 2833.557917 2840.891109 2839.163041 2845.215329 2854.010196 2850.142872 2843.418847 2831.747632 2837.436360 2845.048591 2860.068652 2867.653862 2872.553992 2868.761385 2855.576308 2849.105791 2849.983239 2855.501120 2855.917819 2863.673872 2872.857925 2887.907413 2886.949244 2882.581801 2862.446588 2825.899232 2796.392879 2829.564593 2792.739362 2787.095256 2823.440547 2821.604095 2808.886956 2799.960493 2801.843680
2790.341919 2804.122197 2820.176828 2836.719304 2828.522657 2818.043645 2802.110275 2799.370159 2804.044806 2813.868340 2831.347016 2850.048680 2870.479264 2871.080297 2866.523150 2875.857820 2868.986525 2858.453750 2850.711438 2869.573855 2879.969188 2890.290851 2896.792798 2909.301382 2919.868962 2904.948518 2889.076702 2879.880849 2886.405017 2910.478805 2931.544768 2936.346833 2935.901367 2936.113554 2922.354231 2917.162814 2913.057536 2912.177307 2908.889107 2906.595341 2930.293062 2950.730385 2950.370159 2928.765390 2906.147650 2867.932411 2830.724330 2805.355913 2815.296069 2812.516762 2815.463215 2804.655460 2792.492540 2783.837715 2824.627495
2843.933738 2866.719658 2883.625108 2904.760482 2897.681973 2875.905285 2861.588948 2864.401717 2877.391984 2884.895588 2902.241563 2920.576568 2947.326209 2961.216540 2973.950282 2974.602813 2970.337898 2961.657835 2949.361682 2952.837251 2974.961171 2983.156087 2991.842435 3000.639959 3013.095921 3014.586991 3008.647182 3007.078803 3011.099505 3022.980130 3036.046354 3042.705112 3046.261793 3049.541135 3038.607910 3026.424793 3023.462939 3017.341162 3014.938228 3013.887198 3023.419752 3041.913616 3039.243256 3005.592303 2979.250582 2948.595766 2911.126425 2881.896431 2873.661165 2890.113608 2886.485467 2870.363520 2858.342405 2830.906430 2823.934661
2916.073150 2949.012691 2973.565591 2981.291157 2989.596926 2976.789789 2975.217974 2978.987563 2986.740149 2989.937680 2996.322155 3028.278445 3061.839377 3087.391149 3110.117854 3117.346498 3105.415414 3095.578607 3082.384322 3073.392746 3082.738725 3099.157097 3116.436366 3131.393523 3142.600756 3144.994138 3143.484894 3143.571324 3146.383072 3149.331403 3153.289420 3161.167152 3168.669042 3177.469796 3186.149482 3176.815039 3160.114352 3150.256621 3140.302780 3138.696026 3139.590934 3142.363921 3143.400042 3129.034814 3089.886815 3059.522919 3028.014329 3006.946119 2992.593210 2989.927465 2975.272312 2951.971146 2902.545363 2865.370456 2833.972440
3000.795726 3043.354658 3072.317981 3090.448626 3103.271795 3101.233280 3102.879880 3103.961631 3107.870279 3110.580215 3113.994821 3139.532954 3179.692748 3218.204740 3248.810363 3249.367556 3236.461922 3225.269444 3215.841362 3202.237121 3198.378498 3209.899097 3224.314049 3243.619858 3254.200156 3261.008725 3258.251821 3258.502757 3259.995959 3262.249078 3264.295753 3267.552345 3276.617149 3290.978348 3304.779762 3304.340270 3286.642202 3268.974956 3252.784830 3249.435048 3246.372336 3241.418089 3243.469319 3245.305197 3231.513811 3201.919340 3163.536460 3123.239900 3104.973802 3089.088810 3078.284876 3062.136096 3025.526318 2966.572033 2929.780691
3114.922788 3147.135790 3175.661431 3205.554932 3220.875868 3223.981050 3221.809743 3221.065086 3227.935389 3231.197687 3237.573732 3253.921791 3284.120320 3318.006517 3346.876121 3362.492033 3355.430322 3338.529016 3317.317057 3308.407898 3305.801739 3309.067950 3317.965496 3329.830864 3348.494751 3367.160037 3372.833784 3373.682114 3371.051872 3373.389083 3374.854641 3374.952516 3377.498858 3385.260406 3394.583071 3397.802939 3390.633379 3370.633152 3347.898295 3336.042401 3329.217165 3325.686766 3326.204121 3330.716757 3333.377129 3319.391359 3285.433084 3242.674410 3212.468756 3196.361366 3183.349414 3169.948157 3158.234167 3128.643037 3108.810040
3222.345753 3236.991443 3264.348683 3292.420852 3315.107381 3329.932893 3330.855938 3334.229855 3338.864443 3346.525253 3361.536438 3383.887799 3401.858835 3423.284702 3448.762414 3464.249420 3469.532610 3468.210326 3464.658737 3465.958287 3466.273896 3409.881860 3415.569128 3421.229136 3436.581837 3450.680238 3455.733236 3456.305956 3454.020957 3455.717507 3456.404833 3456.341343 3455.974377 3457.885784 3462.445374 3464.188033 3462.033669 3450.482382 3466.077682 3446.653858 3433.524503 3425.497360 3417.412784 3409.188118 3399.842544 3390.138558 3370.994227 3341.143746 3307.341348 3285.147057 3276.877829 3270.984732 3263.163625 3257.830283 3241.532103
3320.178679 3330.705418 3348.236015 3370.282713 3402.830929 3425.286451 3436.385205 3445.440101 3450.040734 3463.576405 3479.537570 3465.396483 3472.881719 3480.627556 3488.323859 3490.966836 3491.723580 3491.374399 3489.018438 3488.320416 3486.040654 3482.377425 3472.107324 3473.695476 3475.563735 3478.159056 3481.848735 3480.705805 3481.780528 3484.723465 3483.012480 3477.080662 3473.099784 3471.528332 3472.430013 3479.796273 3483.214533 3484.140638 3481.186352 3480.301006 3479.403510 3476.339524 3472.514199 3467.121619 3460.223444 3473.065395 3461.455411 3434.442268 3395.737487 3355.982189 3347.467810 3348.401009 3348.588510 3347.025332 3341.574528
3441.029963 3454.256865 3468.593538 3449.667760 3469.795454 3480.096041 3484.912415 3488.735614 3491.443282 3494.207644 3491.162104 3488.089789 3483.259842 3481.762732 3480.434856 3478.019960 3478.659903 3476.776169 3472.760966 3468.837372 3461.175492 3449.798374 3438.626875 3435.257378 3439.610244 3445.118858 3450.119776 3454.342885 3457.988388 3458.183915 3452.860259 3444.566221 3437.130050 3435.434739 3442.223443 3447.919119 3454.206542 3455.043192 3453.657588 3451.258798 3451.095917 3447.975912 3448.235137 3455.181296 3469.622638 3472.859602 3478.176950 3477.419710 3462.421201 3435.262090 3443.589052 3423.881494 3429.557367 3425.088894 3413.901279
3482.734660 3485.231137 3483.762082 3482.549731 3476.271172 3470.292653 3469.544269 3473.543330 3480.552701 3481.671765 3474.682175 3466.222046 3459.110232 3451.866457 3449.608429 3448.962312 3448.673154 3449.134556 3443.890651 3434.905481 3418.279502 3406.776308 3395.741236 3389.822586 3386.383439 3390.102625 3401.072803 3412.767556 3417.724199 3408.904542 3400.656291 3389.089722 3381.057588 3381.473723 3382.713001 3392.093073 3408.372728 3415.363301 3416.116733 3409.879070 3403.726450 3397.190626 3394.277820 3400.712384 3415.845523 3432.234673 3447.406342 3456.311194 3463.906378 3470.863567 3470.169364 3472.639043 3473.997987 3472.079344 3474.384449
3476.870064 3469.998849 3463.141536 3457.944281 3451.535849 3446.231077 3444.472275 3446.490100 3448.643675 3444.751451 3438.411179 3428.506522 3417.640875 3408.070884 3400.810810 3401.856264 3404.229400 3405.821137 3398.786688 3383.733052 3366.170924 3352.834881 3339.085748 3335.216305 3329.565527 3322.556952 3332.740025 3351.964986 3359.127093 3343.548243 3332.890759 3317.931842 3311.251232 3307.423045 3308.316599 3317.275287 3339.218957 3362.395995 3364.283749 3353.526214 3342.848866 3338.052519 3334.867325 3339.672879 3356.437999 3376.880107 3392.562247 3402.703900 3407.984325 3415.725849 3425.043081 3438.864965 3453.293348 3465.319967 3470.601660
3452.151848 3444.463915 3436.891110 3429.387942 3422.594063 3416.523156 3412.354802 3410.470485 3406.876876 3400.944929 3394.089480 3374.732422 3362.580276 3350.073086 3335.615891 3332.003124 3327.710740 3329.049963 3317.800988 3309.614352 3293.002430 3277.838133 3262.405724 3249.702923 3244.065154 3237.596796 3236.931552 3250.711532 3259.231444 3249.150000 3239.410197 3228.454205 3223.691104 3220.347128 3222.702535 3233.054253 3252.924169 3271.184923 3279.249541 3271.725933 3269.671511 3269.147598 3267.484567 3273.476269 3284.625265 3302.589384 3324.421659 3342.600164 3352.169924 3358.997617 3368.178006 3382.409842 3396.306438 3410.398155 3428.045957
3421.955078 3412.821204 3403.093780 3393.611518 3383.352885 3373.031373 3366.803553 3369.403029 3363.515347 3358.010813 3336.846116 3283.652834 3263.445742 3245.063799 3229.363843 3223.138173 3215.197217 3200.702293 3192.231709 3187.635768 3188.549036 3174.580393 3157.474788 3140.248939 3135.456891 3131.931085 3116.030780 3112.966201 3113.944228 3128.259617 3122.042767 3120.089730 3121.356392 3118.941671 3120.489323 3133.296031 3141.554830 3147.619362 3154.125402 3157.762730 3167.471367 3174.814555 3183.725959 3200.268105 3211.162106 3226.423830 3246.489444 3271.352735 3286.078579 3295.256702 3305.426799 3320.448664 3336.386740 3353.768387 3375.850789
3387.835290 3371.971029 3357.812900 3343.863985 3331.497180 3319.038831 3304.028692 3306.051509 3304.030540 3294.442550 3242.281742 3201.812541 3168.895093 3152.081327 3129.247639 3116.550543 3101.494254 3065.462593 3048.949533 3048.010325 3061.657114 3057.535466 3042.298478 3030.364860 3021.388889 3012.633692 2995.823056 2978.685920 2984.604631 3002.144463 3002.331705 3004.955964 3012.249446 3011.525669 3005.252966 3003.642976 3015.835225 3021.478394 3032.189076 3048.590121 3053.062739 3067.955376 3100.034809 3112.486929 3126.983368 3145.039680 3165.071929 3186.538950 3208.180389 3221.602800 3236.206621 3254.225219 3270.473622 3290.412552 3312.698277
3338.359834 3308.269393 3287.863650 3271.074047 3252.722595 3227.293518 3207.738395 3205.961316 3200.183490 3173.235033 3122.711986 3087.156746 3063.549138 3042.446102 3020.033031 2997.782151 2966.047479 2932.435450 2911.382810 2926.012896 2937.002667 2947.363015 2935.935085 2925.206534 2915.825485 2898.661790 2882.258568 2866.683357 2877.405376 2886.046225 2903.514702 2909.904140 2913.762134 2919.124150 2917.638836 2907.641561 2903.785693 2911.675082 2921.269285 2932.644794 2952.560756 2983.429958 3007.405148 3024.745527 3044.452400 3062.544042 3083.307171 3105.590109 3127.389710 3143.510933 3161.139354 3178.940445 3199.149236 3217.935642 3240.500912
3261.109598 3233.552133 3207.825161 3185.460918 3155.430020 3111.059702 3097.370446 3089.199826 3069.434779 3024.526415 2983.764559 2965.315551 2951.674586 2929.140840 2908.638223 2881.135693 2848.537652 2827.012734 2807.196315 2817.586489 2827.882652 2847.148024 2838.381637 2831.364731 2828.278636 2813.320706 2800.204328 2784.211418 2790.753658 2802.627223 2825.223296 2830.939320 2834.937438 2843.930015 2843.038407 2838.537678 2821.942185 2828.621584 2838.961347 2852.726000 2882.672957 2904.789183 2926.695827 2947.564196 2966.216868 2984.095276 3005.552147 3027.710474 3052.908211 3071.459598 3089.523185 3110.135631 3128.651752 3142.875392 3159.126365
3155.847268 3132.385941 3113.228084 3089.990937 3049.166288 3006.478837 2971.147529 2946.917580 2897.722711 2864.359031 2843.098848 2840.970057 2829.040583 2810.006900 2792.164230 2825.782323 2802.943901 2783.077060 2757.582978 2762.212318 2777.087101 2793.302844 2793.351225 2793.414263 2791.461876 2781.694887 2768.022720 2754.245087 2757.844909 2774.645502 2792.532465 2802.425304 2810.294427 2818.413953 2818.687317 2810.057777 2800.848675 2806.343801 2822.043267 2791.320265 2808.334853 2828.357150 2848.155795 2867.588617 2889.048691 2910.644283 2932.561923 2956.368327 2979.323164 2999.201827 3021.617809 3044.794719 3060.675841 3068.938425 3076.692854
3055.753299 3037.009174 3014.750955 2988.560716 2951.140953 2912.444202 2872.771287 2828.223072 2796.797614 2823.720483 2814.676782 2798.108073 2783.459853 2767.797800 2747.026727 2731.143107 2715.742380 2694.089400 2682.735120 2689.375364 2702.394278 2710.581507 2716.627453 2714.224033 2711.653709 2705.669933 2691.665502 2686.690602 2696.450828 2711.621450 2725.481316 2737.002877 2744.091850 2749.615021 2746.980187 2738.353242 2735.514712 2744.103428 2759.782752 2772.515109 2787.621880 2808.350410 2787.356744 2807.474257 2828.462189 2849.216988 2872.341275 2896.169197 2920.741263 2946.294731 2967.499239 2982.794533 2990.551476 2998.968050 2998.492880
2938.443547 2927.269466 2902.722579 2875.952554 2847.670332 2815.394121 2792.083628 2811.213600 2780.896810 2752.461762 2726.351368 2712.958590 2705.781758 2692.200830 2674.744547 2663.303577 2647.533606 2636.434967 2641.537125 2642.688016 2650.812893 2649.064236 2649.796237 2647.176965 2646.415842 2643.881318 2637.182675 2648.417621 2655.073330 2668.582648 2678.698272 2688.451910 2694.429549 2698.248837 2699.483767 2695.310906 2701.190728 2707.635848 2721.538124 2732.698451 2746.356265 2766.174687 2781.994742 2800.605964 2786.912848 2808.143140 2830.243676 2854.266997 2880.553694 2903.576661 2920.057567 2925.695781 2933.683007 2934.392597 2922.772173
