tests/Borden05m/sims/sim_1/output-maps/psiliqL0000N0016.asc
ncols         160
nrows         34
xllcorner     620200.000000
yllcorner     5168000.000000
cellsize      0.500000
NODATA_value  -9999.0
[rows 0 to 24 of 34, columns 56 to 111 of 160]
-9999.0 -9999.0 -9999.0 -9999.0 -9999.0 -9999.0 -9999.0 -9999.0 -9999.0 -9999.0 -9999.0 -9999.0 -9999.0 -9999.0 -9999.0 -9999.0 -9999.0 -9999.0 -9999.0 -9999.0 -9999.0 -9999.0 -9999.0 -9999.0 -9999.0 -9999.0 -9999.0 -9999.0 -9999.0 -9999.0 -9999.0 -9999.0 -9999.0 -9999.0 -9999.0 -9999.0 -9999.0 -9999.0 -9999.0 -9999.0 -9999.0 -9999.0 -9999.0 -9999.0 -9999.0 -9999.0 -9999.0 -9999.0 -9999.0 -9999.0 -9999.0 -9999.0 -9999.0 -9999.0 -9999.0 -9999.0
-9999.0 -9999.0 -9999.0 -598.893618 -599.970458 -600.717408 -601.135767 -602.639151 -603.793702 -605.161436 -605.369876 -605.209557 -605.455686 -606.000540 -605.275891 -604.341275 -603.540454 -602.412509 -602.631910 -602.496723 -602.060843 -601.942203 -602.140300 -602.660314 -602.996213 -603.394037 -602.844942 -604.412801 -606.442180 -607.994337 -608.306681 -606.977536 -606.190165 -606.338449 -605.594223 -603.980387 -602.596842 -602.129215 -600.462861 -600.716362 -600.046209 -598.948878 -599.825144 -600.037199 -599.912320 -599.590324 -601.915660 -9999.0 -9999.0 -9999.0 -9999.0 -9999.0 -9999.0 -9999.0 -9999.0 -9999.0
-603.411154 -600.377292 -600.572622 -604.954185 -605.371094 -605.462882 -605.263787 -605.889247 -607.502749 -607.901080 -609.090888 -609.595467 -609.730632 -610.204951 -609.828429 -607.865771 -606.465627 -606.064628 -606.361500 -606.511372 -606.927657 -607.229806 -607.133960 -607.623709 -608.073920 -608.554009 -608.417451 -607.192945 -608.672663 -609.406435 -610.124650 -610.883037 -610.594024 -610.356263 -610.268684 -608.409687 -607.684432 -607.172919 -604.656147 -602.302597 -601.682212 -602.634851 -603.679867 -603.420062 -603.510669 -604.478102 -605.419361 -605.456383 -605.915022 -606.106147 -606.976700 -605.628182 -605.641688 -604.108420 -602.811888 -601.299083
-607.407916 -603.942971 -604.169450 -607.472036 -609.452885 -610.036718 -609.612554 -608.235361 -608.783381 -609.938724 -611.664921 -609.717314 -609.985852 -610.165089 -609.814016 -609.157388 -608.924736 -608.615554 -608.154040 -606.381302 -606.516145 -606.669631 -606.578567 -606.885201 -607.454046 -607.405526 -607.714783 -609.194300 -608.953032 -608.585787 -608.897020 -607.431695 -607.352622 -606.533587 -609.112807 -608.699072 -608.078173 -607.631948 -607.297149 -606.898539 -606.340918 -607.462719 -606.680202 -607.585132 -609.586817 -610.089584 -609.935122 -608.343342 -607.526300 -608.516489 -612.013282 -610.165807 -606.254216 -606.547473 -607.153967 -605.225978
-609.656166 -608.933137 -609.376423 -610.746597 -609.429562 -608.361179 -607.677282 -608.299397 -609.553392 -611.046099 -607.872032 -606.565323 -607.263933 -606.900887 -605.994578 -605.983561 -609.926265 -610.950712 -609.422708 -607.810878 -607.123501 -607.834551 -608.175548 -608.829306 -608.821255 -608.411078 -608.835437 -608.217063 -607.682095 -608.325265 -607.304366 -606.157214 -605.066851 -607.566952 -609.810127 -609.690339 -607.846959 -606.501390 -605.803304 -603.843370 -600.779949 -601.299468 -602.013852 -602.380668 -602.789766 -606.378021 -609.618536 -610.889792 -611.435633 -612.369982 -611.644341 -612.302843 -609.215655 -609.456490 -609.952805 -608.441786
-612.359056 -608.498697 -607.532817 -609.668797 -610.836120 -611.364652 -611.032021 -611.442677 -611.358993 -608.534582 -606.978470 -604.316831 -605.269217 -605.182968 -605.284247 -607.982499 -610.015524 -611.396614 -607.334186 -604.071816 -602.990598 -603.850032 -604.552190 -601.597712 -602.483007 -602.893509 -604.657937 -604.021910 -604.231677 -601.081750 -599.867870 -598.223801 -598.869624 -601.961953 -604.548279 -604.710230 -604.462198 -604.798428 -604.066181 -602.087108 -599.579473 -601.389928 -602.233746 -602.162075 -607.623938 -611.848098 -613.294651 -610.421246 -608.770377 -609.073795 -608.808845 -608.688680 -610.798393 -610.305031 -610.075908 -611.055467
-604.599438 -602.368863 -598.653692 -601.169973 -602.960276 -606.108311 -605.771243 -605.378314 -604.289604 -602.741488 -599.805097 -594.183411 -595.242475 -594.851960 -592.973076 -596.044043 -598.912472 -603.178280 -598.477597 -597.344200 -595.719296 -595.876022 -592.119918 -588.756636 -590.833463 -593.683280 -596.999667 -594.978553 -590.484469 -586.231045 -585.188767 -584.674087 -583.874219 -586.903098 -587.757928 -588.465501 -588.238616 -590.254973 -590.178282 -586.957634 -581.437346 -580.823708 -583.651550 -588.986376 -596.824999 -603.790646 -607.527084 -603.445626 -604.687742 -605.264591 -604.625614 -607.262671 -608.805578 -606.642388 -608.622578 -610.140503
-602.196132 -599.921979 -595.617227 -597.409680 -600.778905 -604.301877 -604.229290 -602.093784 -601.022642 -596.860852 -590.782769 -583.429062 -578.921814 -574.886550 -570.503867 -573.862785 -577.566766 -581.737595 -581.067767 -576.115468 -570.954235 -564.685358 -557.397803 -549.174877 -551.366923 -555.657999 -556.054472 -554.183783 -545.066950 -535.800045 -531.637668 -528.843218 -523.654432 -527.216256 -533.716574 -540.849541 -547.551416 -553.108231 -557.241338 -549.699876 -541.043925 -542.741726 -558.193153 -570.076746 -581.740798 -591.723216 -601.449730 -601.478359 -599.858114 -598.425150 -601.875746 -603.578614 -606.717008 -607.439713 -607.196628 -610.499907
-581.761538 -575.720664 -568.535357 -565.156557 -571.640598 -572.563173 -570.197862 -565.148015 -563.108552 -556.740374 -536.774677 -501.498810 -470.381555 -449.080649 -445.376484 -452.159856 -460.848316 -475.569904 -483.997015 -471.393096 -458.650519 -448.271083 -440.358650 -433.097640 -427.797940 -428.163131 -428.085954 -426.525520 -424.606085 -420.883377 -416.242267 -411.398784 -405.872099 -403.851793 -410.434344 -417.219408 -424.485099 -431.052744 -432.896103 -434.870469 -431.375765 -431.848495 -444.197762 -464.316796 -495.764000 -531.526452 -554.108152 -567.922050 -568.339984 -574.506152 -579.441699 -584.846907 -595.331947 -598.306172 -599.994408 -607.971895
-531.427869 -502.047357 -481.795647 -464.468985 -461.858149 -458.296514 -455.222797 -450.445200 -446.367079 -441.921882 -420.818536 -393.125570 -365.011196 -341.617077 -332.472641 -340.443993 -349.445357 -359.575433 -368.554069 -368.748309 -357.585859 -343.677502 -329.989047 -321.064109 -317.822429 -319.329186 -319.213978 -318.310567 -315.603162 -313.763281 -310.062328 -304.094067 -294.238116 -282.058387 -284.530103 -299.897686 -312.697356 -327.929788 -335.597376 -339.176172 -344.611625 -345.338342 -345.638593 -366.006870 -388.234512 -413.398715 -436.884143 -452.717947 -473.095614 -496.222973 -517.812873 -549.043789 -570.014075 -584.069259 -593.516229 -601.999161
-423.641716 -400.846525 -378.172200 -364.224418 -358.239432 -355.218475 -350.824750 -343.959181 -338.139635 -330.243700 -313.900141 -282.199645 -246.571904 -213.465596 -205.297911 -212.303404 -220.724300 -232.593644 -240.156526 -241.970815 -237.854907 -230.338254 -218.331012 -207.756318 -196.790214 -195.932257 -195.833984 -196.428165 -194.868344 -193.110513 -192.875115 -188.004147 -178.398598 -169.686038 -167.479769 -176.915516 -192.904737 -212.120393 -228.254969 -239.120749 -246.305551 -247.902784 -247.802439 -248.520278 -267.648000 -297.971095 -337.535323 -365.038410 -385.728308 -398.102800 -410.692780 -421.532430 -446.560241 -461.830491 -493.687050 -531.242846
-331.395053 -305.819146 -278.699252 -258.988345 -247.558881 -243.196537 -234.666313 -223.890733 -215.282133 -202.939139 -188.016121 -169.464496 -140.344339 -79.269132 -59.544706 -90.356579 -69.520855 -116.252481 -118.011185 -85.758828 -85.295984 -80.928324 -76.469852 -64.951061 -51.543093 -47.469366 -46.143463 -49.194798 -46.775196 -47.033040 -46.461282 -46.780435 -45.420087 -40.222855 -38.256024 -40.512237 -52.398714 -69.864687 -124.848781 -141.023782 -147.752957 -152.099276 -153.434520 -156.079599 -165.498839 -189.785216 -226.739210 -262.381984 -288.288434 -306.702500 -319.673048 -328.552834 -335.716316 -348.588997 -371.604601 -403.905213
-227.610327 -204.850496 -183.417970 -157.268883 -139.219300 -130.758907 -103.076970 -76.100002 -66.168937 -51.096103 -36.038962 -27.376059 -16.719023 1.472172 9.909855 15.085305 16.255909 16.669005 19.045921 18.934662 19.241180 19.821589 20.353677 20.261708 22.923669 22.973305 23.301804 23.072341 23.532034 23.863476 23.930640 23.640329 21.738552 21.753465 21.696557 21.892694 19.824718 12.220626 -2.117228 -12.888794 -19.044872 -25.611226 -34.008564 -42.261830 -50.825193 -63.625786 -123.955453 -160.958097 -193.683661 -213.367859 -222.861379 -229.007677 -234.257348 -247.886340 -267.986815 -292.881469
-81.354478 -68.273900 -80.111211 -31.616279 -17.308982 -23.570198 0.091876 3.657588 12.855532 21.760798 24.465193 24.812718 24.598494 24.409254 24.722520 24.073797 24.673489 22.573571 22.677315 21.403718 16.123020 7.683403 9.140803 10.234427 12.505592 15.883585 14.176807 14.956585 17.659507 16.362253 11.606372 8.551039 6.966283 6.917860 13.492842 16.195721 16.824066 17.727664 17.096368 16.993569 17.003867 16.999760 17.012750 16.977446 12.204774 4.533202 -13.861905 -39.389010 -67.099589 -121.070698 -135.013130 -135.813082 -140.416149 -148.512466 -172.783992 -200.560697
5.268006 15.663327 24.558253 25.356461 25.515528 25.171613 26.416141 28.575146 26.581613 24.828616 21.063918 16.454324 15.717458 14.697233 12.571660 13.317756 11.576446 8.084364 5.501288 0.670013 -14.592401 -21.690242 -23.576522 -18.587102 -14.409365 -10.383367 -34.773595 -5.539867 -30.043958 -7.487057 -15.052287 -21.201777 -23.559187 -17.609553 -12.357893 -8.030638 -7.386714 -8.949488 -10.135999 -10.141287 -11.627775 -10.793763 -5.291259 6.756652 14.318940 14.298902 14.258692 14.231235 14.213162 -6.038974 -24.244920 -21.622409 -25.167874 -35.509274 -92.567888 -120.871371
18.787801 18.520633 16.906967 11.337954 6.160831 5.790505 9.163209 15.716210 17.555647 11.286136 3.952424 -3.469652 -8.826344 -39.003157 -41.031395 -12.840965 -12.560127 -17.603011 -24.115408 -44.054800 -86.965303 -103.207860 -110.891088 -112.226454 -106.967869 -99.534488 -95.245828 -89.281905 -95.844182 -99.278433 -107.765846 -115.109855 -114.884036 -111.849348 -103.622933 -92.368043 -90.138763 -89.499551 -93.157980 -95.600827 -99.729040 -98.752178 -85.671314 -36.995091 -23.305735 -12.053567 -5.274036 1.513219 6.913513 13.916884 13.928018 13.903939 13.771876 9.820654 -2.752914 -19.855427
5.091522 0.113864 -5.163977 -12.237164 -17.658819 -18.992084 -15.981396 -37.251605 -13.520522 -47.349151 -30.614527 -76.614456 -92.664640 -103.068707 -103.402008 -98.381926 -97.475779 -103.364796 -117.686255 -136.988051 -155.817500 -172.055934 -177.194890 -181.818288 -183.965761 -173.927450 -160.018143 -154.882907 -166.132119 -174.189867 -186.589397 -193.815062 -196.012750 -194.157185 -185.093259 -168.172554 -153.032409 -152.427941 -160.591104 -168.191298 -171.728025 -171.893470 -160.942049 -136.091887 -114.973319 -99.497922 -85.329204 -48.133704 -37.229611 -28.086724 -18.382129 -7.136926 2.430026 12.807007 13.148926 13.138671
-19.101566 -45.592855 -70.753184 -81.184711 -88.361537 -93.180484 -96.414800 -101.015982 -105.038448 -114.420196 -123.102126 -139.889941 -153.622662 -167.651251 -171.188084 -172.614841 -170.612871 -181.490060 -193.487337 -213.840414 -230.268854 -246.058224 -254.380750 -260.053770 -265.170703 -257.560806 -241.842246 -232.958646 -248.053947 -257.713536 -270.651322 -277.019687 -279.986224 -278.983830 -270.250752 -248.362315 -230.802004 -225.298326 -233.169955 -240.038508 -242.931382 -242.600779 -236.008298 -217.844817 -196.286069 -175.730660 -159.456510 -145.066337 -134.554313 -122.904786 -107.249033 -88.570417 -44.027678 -26.747571 -10.366150 2.260558
-96.895705 -110.534092 -123.766458 -135.741318 -146.794905 -152.995119 -153.127578 -160.347888 -166.646394 -176.693676 -215.633037 -231.593216 -248.403831 -262.208572 -266.758048 -273.088032 -275.707283 -284.756055 -292.171825 -303.886670 -318.809653 -333.882294 -346.579946 -350.485314 -353.914924 -356.817322 -347.512366 -343.515322 -346.623987 -353.042786 -359.818224 -363.477204 -365.679691 -362.521411 -351.657280 -340.712686 -330.272206 -325.747354 -330.965704 -326.618293 -321.587741 -321.464663 -307.409534 -293.455693 -275.839513 -254.907867 -233.028666 -220.386745 -210.216063 -198.485339 -181.911726 -162.688390 -140.045433 -114.965797 -86.512646 -39.937110
-150.588518 -164.399073 -178.847167 -191.526484 -203.667531 -214.713771 -214.478364 -218.412551 -224.510465 -254.436925 -293.501086 -321.116261 -336.612884 -353.853007 -361.509858 -368.224113 -385.350190 -396.148926 -403.226508 -402.828532 -412.183928 -424.574160 -434.256789 -438.225237 -440.678763 -446.373682 -447.982183 -445.808771 -440.571580 -445.367923 -448.152313 -446.945271 -448.538311 -449.534939 -443.804324 -434.961372 -429.731192 -424.279204 -419.053740 -415.775176 -411.071438 -392.870397 -381.128098 -369.368293 -352.599577 -333.604597 -313.244429 -296.147315 -284.477261 -271.123692 -252.729084 -235.578855 -213.464348 -188.351045 -158.295098 -134.623843
-215.908482 -233.023656 -247.726258 -262.259053 -277.161623 -296.186301 -298.099402 -304.564396 -314.880692 -349.954142 -383.287825 -408.783034 -424.568852 -440.234963 -449.524302 -466.305249 -496.520128 -516.706589 -517.172008 -512.438300 -518.292676 -532.627296 -543.468578 -550.148338 -556.247260 -563.751059 -567.849315 -563.980148 -559.762366 -560.020879 -560.312941 -558.868794 -559.084123 -559.511166 -559.009011 -551.164414 -545.196223 -538.262917 -531.920246 -525.732611 -500.186388 -472.912394 -455.375504 -440.128615 -425.633416 -407.705520 -387.927768 -371.407604 -359.139133 -343.572049 -326.428277 -307.554565 -287.115930 -261.977945 -232.443278 -208.464044
-280.208992 -303.364943 -321.757002 -340.475582 -367.873271 -379.486745 -386.836252 -393.124683 -415.230581 -442.387715 -470.885777 -504.966583 -531.040832 -548.802738 -561.678719 -573.459431 -582.740419 -588.070814 -584.953374 -583.229769 -580.443340 -585.143206 -588.844674 -589.790906 -593.049690 -595.915541 -599.603903 -596.641588 -595.287850 -591.804684 -592.144866 -592.045983 -590.480464 -591.270841 -591.517163 -593.614339 -591.029820 -589.479681 -587.564703 -580.694379 -573.250959 -564.211279 -554.397332 -540.636248 -519.455437 -489.327065 -459.897258 -439.170900 -424.815613 -409.623038 -392.021315 -375.610402 -359.038927 -338.783829 -313.974551 -291.701247
-363.795760 -381.123249 -398.819192 -422.423783 -450.502900 -472.966817 -484.193647 -512.711877 -538.883744 -563.540495 -575.241410 -581.469485 -587.302627 -591.412613 -594.498452 -599.285548 -602.563296 -607.332306 -605.489709 -602.958272 -599.277597 -602.384015 -602.894231 -602.297597 -604.123615 -606.021143 -609.077972 -608.584167 -606.133791 -603.171547 -603.315451 -602.720025 -601.009706 -600.967855 -602.309129 -605.031376 -604.342230 -602.565167 -600.798541 -597.219810 -593.757015 -590.196676 -586.914050 -582.060595 -575.761889 -567.757291 -555.050183 -535.886244 -515.899139 -485.349473 -455.518555 -437.416951 -426.743117 -413.292321 -391.475581 -374.936479
-437.608928 -453.398078 -477.651768 -520.558326 -553.423292 -573.422835 -582.666255 -590.097687 -596.431223 -598.933485 -601.134784 -603.494291 -605.428288 -607.450789 -609.273950 -610.765012 -613.056982 -617.644440 -615.766938 -613.150721 -610.139110 -610.074588 -610.400820 -610.158857 -610.873265 -612.924020 -616.587794 -615.065674 -612.853509 -610.828918 -610.209257 -609.820294 -608.555532 -609.452195 -611.303180 -613.982816 -612.849252 -610.794783 -609.626006 -608.104594 -605.855152 -603.421958 -600.958251 -598.016260 -594.903823 -590.579002 -585.405564 -579.056462 -571.417340 -561.345168 -546.075641 -534.027607 -518.687383 -500.466463 -473.844858 -452.180101
-544.008440 -559.020213 -570.571561 -581.031646 -590.864099 -595.741709 -599.797794 -603.118956 -606.460259 -608.457981 -610.007678 -609.257493 -609.966323 -612.072352 -611.984503 -613.087534 -616.757083 -615.500964 -614.450770 -611.482456 -611.994577 -612.155233 -612.858264 -612.385252 -612.870953 -616.406329 -614.668565 -613.894302 -611.830078 -611.449420 -611.007220 -610.665849 -610.283056 -610.707215 -613.221328 -612.716766 -612.039900 -610.137901 -610.056700 -609.242389 -606.997555 -606.274289 -604.837899 -602.784468 -600.540188 -597.792178 -594.360510 -589.496340 -584.325135 -579.164307 -577.223709 -573.382131 -569.900814 -571.906972 -563.790111 -553.712633
