tests/Borden05m/sims/sim_1/output-maps/psiliqL0000N0018.asc
ncols         160
nrows         34
xllcorner     620200.000000
yllcorner     5168000.000000
cellsize      0.500000
NODATA_value  -9999.0
[rows 0 to 24 of 34, columns 0 to 55 of 160]
-9999.0 -9999.0 -9999.0 -9999.0 -9999.0 -9999.0 -9999.0 -9999.0 -9999.0 -9999.0 -9999.0 -9999.0 -9999.0 -9999.0 -9999.0 -9999.0 -9999.0 -9999.0 -9999.0 -9999.0 -9999.0 -9999.0 -9999.0 -9999.0 -9999.0 -9999.0 -9999.0 -9999.0 -9999.0 -9999.0 -9999.0 -9999.0 -9999.0 -9999.0 -9999.0 -9999.0 -9999.0 -9999.0 -9999.0 -9999.0 -9999.0 -9999.0 -9999.0 -9999.0 -9999.0 -9999.0 -9999.0 -9999.0 -9999.0 -9999.0 -9999.0 -9999.0 -9999.0 -9999.0 -9999.0 -9999.0
-9999.0 -9999.0 -9999.0 -9999.0 -9999.0 -9999.0 -9999.0 -9999.0 -9999.0 -9999.0 -9999.0 -9999.0 -9999.0 -9999.0 -9999.0 -9999.0 -9999.0 -9999.0 -9999.0 -9999.0 -9999.0 -9999.0 -9999.0 -9999.0 -9999.0 -9999.0 -9999.0 -9999.0 -9999.0 -9999.0 -9999.0 -9999.0 -9999.0 -9999.0 -9999.0 -9999.0 -9999.0 -9999.0 -9999.0 -9999.0 -9999.0 -9999.0 -9999.0 -9999.0 -9999.0 -9999.0 -9999.0 -9999.0 -9999.0 -9999.0 -9999.0 -9999.0 -9999.0 -9999.0 -9999.0 -9999.0
-9999.0 -9999.0 -9999.0 -9999.0 -9999.0 -9999.0 -9999.0 -9999.0 -9999.0 -9999.0 -9999.0 -9999.0 -9999.0 -9999.0 -9999.0 -9999.0 -9999.0 -9999.0 -9999.0 -9999.0 -9999.0 -9999.0 -9999.0 -9999.0 -9999.0 -9999.0 -9999.0 -9999.0 -9999.0 -9999.0 -9999.0 -9999.0 -9999.0 -9999.0 -9999.0 -9999.0 -9999.0 -9999.0 -9999.0 -9999.0 -9999.0 -9999.0 -9999.0 -9999.0 -9999.0 -9999.0 -9999.0 -617.616454 -620.696855 -624.406833 -625.395263 -621.263783 -619.382153 -617.619442 -616.418383 -615.289741
-9999.0 -9999.0 -9999.0 -9999.0 -9999.0 -9999.0 -9999.0 -9999.0 -9999.0 -9999.0 -9999.0 -9999.0 -9999.0 -9999.0 -9999.0 -9999.0 -9999.0 -9999.0 -9999.0 -9999.0 -9999.0 -9999.0 -9999.0 -9999.0 -9999.0 -9999.0 -9999.0 -9999.0 -9999.0 -9999.0 -9999.0 -9999.0 -9999.0 -9999.0 -9999.0 -9999.0 -9999.0 -9999.0 -9999.0 -9999.0 -617.792682 -616.362628 -615.181359 -617.266418 -618.163946 -618.032408 -620.221975 -622.743991 -625.336966 -624.577582 -624.526998 -626.295967 -623.436875 -621.131733 -620.300298 -619.582293
-9999.0 -9999.0 -9999.0 -9999.0 -9999.0 -9999.0 -9999.0 -9999.0 -9999.0 -9999.0 -9999.0 -9999.0 -9999.0 -9999.0 -9999.0 -9999.0 -9999.0 -9999.0 -9999.0 -9999.0 -9999.0 -9999.0 -9999.0 -9999.0 -9999.0 -9999.0 -9999.0 -9999.0 -9999.0 -9999.0 -9999.0 -9999.0 -9999.0 -9999.0 -624.416406 -621.768890 -620.574373 -619.436786 -617.734909 -618.299402 -618.780245 -617.525782 -618.644885 -618.717704 -620.129679 -622.732862 -625.355343 -626.829863 -625.290272 -625.804341 -625.794709 -624.443635 -623.598700 -623.259673 -621.358751 -618.316012
-9999.0 -9999.0 -9999.0 -9999.0 -9999.0 -9999.0 -9999.0 -9999.0 -9999.0 -9999.0 -9999.0 -9999.0 -9999.0 -9999.0 -9999.0 -9999.0 -9999.0 -9999.0 -9999.0 -9999.0 -9999.0 -9999.0 -9999.0 -9999.0 -9999.0 -9999.0 -9999.0 -9999.0 -620.457449 -621.498370 -622.297635 -622.247190 -622.615650 -624.046110 -624.416253 -624.143587 -622.713252 -620.423028 -620.036817 -620.319976 -620.144772 -620.691558 -622.239476 -622.403406 -620.695486 -622.287705 -623.047999 -624.091558 -626.713346 -627.343171 -625.833135 -624.393329 -623.148854 -622.842625 -622.662033 -622.604008
-9999.0 -9999.0 -9999.0 -9999.0 -9999.0 -9999.0 -9999.0 -9999.0 -9999.0 -9999.0 -9999.0 -9999.0 -9999.0 -9999.0 -9999.0 -9999.0 -9999.0 -9999.0 -9999.0 -9999.0 -9999.0 -9999.0 -9999.0 -622.264548 -621.296679 -620.936155 -620.096489 -620.529730 -622.564331 -623.860299 -624.423864 -624.886890 -625.965075 -626.095323 -626.112932 -625.416434 -624.899470 -622.503688 -623.700689 -624.460196 -622.374765 -622.891254 -621.551950 -619.990780 -620.360563 -620.026698 -622.901827 -625.041186 -622.752946 -621.826593 -621.942438 -622.468047 -621.745684 -620.744586 -619.487242 -617.323124
-9999.0 -9999.0 -9999.0 -9999.0 -9999.0 -9999.0 -9999.0 -9999.0 -9999.0 -9999.0 -9999.0 -9999.0 -9999.0 -9999.0 -9999.0 -9999.0 -9999.0 -9999.0 -9999.0 -622.208698 -622.507808 -623.100565 -622.871765 -624.790395 -625.602631 -625.051635 -624.014033 -624.634300 -625.742928 -626.709964 -626.593544 -626.463652 -626.708300 -625.239835 -624.054155 -623.662836 -623.977479 -622.089117 -621.528076 -620.442035 -617.591977 -619.482093 -621.327957 -622.297499 -622.373565 -622.898831 -621.135181 -620.589475 -620.441652 -620.591017 -620.544300 -620.148057 -619.937276 -617.628590 -615.472788 -613.655160
-9999.0 -9999.0 -9999.0 -9999.0 -9999.0 -9999.0 -9999.0 -9999.0 -9999.0 -9999.0 -9999.0 -9999.0 -9999.0 -9999.0 -9999.0 -9999.0 -622.465095 -622.627699 -623.353905 -624.528222 -625.559774 -625.582568 -624.792014 -626.229978 -626.703265 -626.381705 -627.012312 -626.304950 -625.540964 -624.617883 -624.204730 -625.235410 -625.042055 -625.190418 -625.313333 -624.831074 -622.688439 -620.725081 -620.309500 -618.887936 -616.305978 -617.822244 -618.465340 -618.388143 -619.323915 -618.489918 -614.576367 -615.202456 -616.871476 -612.720851 -610.548231 -611.356423 -611.796541 -609.178699 -605.133825 -599.767043
-9999.0 -9999.0 -9999.0 -9999.0 -9999.0 -9999.0 -9999.0 -9999.0 -9999.0 -9999.0 -9999.0 -9999.0 -9999.0 -622.790386 -622.935712 -622.735215 -624.591659 -626.028253 -626.903163 -628.124097 -626.573982 -627.687601 -628.041087 -627.773343 -626.398410 -626.373227 -626.215793 -625.343028 -625.640414 -626.066560 -626.477100 -627.319724 -626.146345 -624.982299 -624.179697 -622.492618 -621.205198 -620.179461 -618.256929 -617.936027 -616.623422 -617.104697 -618.701581 -619.059979 -617.819599 -614.155404 -611.345926 -610.300175 -605.101665 -599.607644 -596.888853 -593.351737 -591.609213 -589.190791 -583.068496 -564.302531
-9999.0 -9999.0 -9999.0 -9999.0 -9999.0 -9999.0 -9999.0 -9999.0 -9999.0 -9999.0 -625.751409 -624.787581 -626.190849 -628.766490 -629.910476 -629.318815 -628.700849 -629.673752 -629.653051 -626.920070 -625.426956 -628.005670 -626.224741 -626.201837 -627.306854 -627.025678 -626.304453 -626.186807 -624.479945 -624.418282 -624.386932 -621.578863 -620.861449 -620.096965 -619.036587 -617.893884 -616.862088 -612.510735 -608.754281 -608.833104 -603.473649 -599.985439 -602.796107 -603.782771 -602.988451 -598.924186 -592.083544 -581.780618 -570.693993 -553.494737 -535.477070 -521.586003 -510.248182 -496.468628 -480.109871 -457.209715
-9999.0 -9999.0 -9999.0 -9999.0 -9999.0 -9999.0 -9999.0 -9999.0 -629.557862 -628.064198 -627.106516 -628.293508 -629.883071 -632.748914 -631.664587 -630.590444 -629.867190 -628.794869 -628.280646 -627.860807 -628.523563 -627.582819 -625.855987 -626.330476 -626.140585 -625.003973 -624.979840 -623.939495 -622.353953 -623.076385 -622.169110 -620.686459 -619.369939 -618.211519 -616.816061 -615.977330 -611.464065 -605.354953 -598.567203 -592.425087 -583.399838 -571.357383 -571.192753 -568.815725 -566.008574 -547.438718 -517.747982 -483.639108 -458.635832 -438.292356 -416.274669 -403.410592 -394.341014 -382.848621 -368.608091 -355.923221
-9999.0 -9999.0 -9999.0 -9999.0 -9999.0 -9999.0 -631.787572 -628.463053 -626.846093 -630.592068 -633.419542 -634.355854 -636.047286 -632.400311 -629.109335 -628.495005 -628.016834 -627.445038 -627.782113 -629.923375 -624.848506 -626.261147 -627.260431 -625.678442 -625.819047 -625.705823 -624.737689 -622.507438 -621.497702 -616.966024 -613.577069 -610.616863 -606.678225 -604.180828 -601.500094 -598.257467 -589.393691 -574.793737 -553.141892 -526.508712 -496.615444 -468.851591 -458.689842 -453.541758 -447.507583 -435.765917 -413.281669 -387.944597 -357.794196 -328.542942 -306.512428 -296.124915 -286.644907 -275.860417 -262.602418 -248.096705
-9999.0 -9999.0 -9999.0 -9999.0 -629.985081 -629.247588 -629.842246 -626.930525 -624.895082 -629.461097 -627.797047 -628.575315 -630.040768 -631.876032 -634.069274 -632.492731 -631.599321 -631.005750 -631.269610 -626.280678 -622.112869 -624.830723 -622.660571 -618.507954 -619.424766 -618.977050 -618.772200 -616.846998 -613.253648 -608.638591 -597.907554 -587.328254 -579.175212 -568.734855 -557.071613 -539.011697 -507.234175 -470.665214 -444.290146 -418.315946 -392.834604 -371.692497 -357.231057 -348.828089 -338.540561 -326.278122 -309.408919 -285.110331 -257.029943 -223.396790 -196.555355 -180.869548 -172.685060 -162.858196 -150.430835 -132.459406
-9999.0 -9999.0 -9999.0 -631.939534 -628.683797 -627.503273 -629.062090 -628.467806 -625.969288 -628.367406 -628.821532 -629.181185 -629.362176 -629.287595 -629.427713 -628.509540 -628.376751 -629.143443 -628.487208 -625.517943 -624.122998 -621.579323 -619.656834 -616.603332 -613.973210 -612.965551 -611.554280 -607.784812 -598.160363 -586.013021 -560.942122 -517.589814 -479.047518 -457.476619 -444.209754 -426.123659 -407.195183 -378.746083 -350.013343 -322.387477 -294.349167 -270.367394 -248.337716 -234.731646 -227.016762 -218.214845 -200.566182 -179.930015 -156.471840 -105.315981 -65.949073 -47.809788 -37.482128 -31.413626 -18.474510 -7.838159
-9999.0 -9999.0 -631.347108 -629.511671 -630.756944 -628.385997 -625.787539 -627.637722 -624.504728 -623.432848 -626.555900 -624.684733 -623.696065 -625.590647 -624.264424 -622.805534 -622.179480 -624.637255 -626.438422 -622.797181 -615.051913 -608.524627 -604.628513 -587.638288 -576.701139 -569.169879 -565.141303 -551.366460 -524.889522 -479.142957 -442.245525 -403.904985 -369.621769 -342.066064 -329.906817 -315.344886 -293.118242 -269.430513 -240.767305 -213.700258 -189.314773 -162.763573 -135.561070 -86.882982 -83.087633 -71.493749 -53.269602 -34.654041 -17.069680 0.262014 16.527791 16.584690 16.863156 16.555399 16.859107 16.633563
-9999.0 -9999.0 -633.433822 -630.384835 -632.447186 -627.513294 -623.082881 -627.427210 -626.052248 -621.382324 -622.607225 -622.030052 -622.413271 -621.896452 -619.766864 -615.469340 -617.790853 -618.661655 -623.346125 -612.109716 -601.497274 -581.068662 -534.186041 -482.820838 -453.347918 -448.096391 -444.735613 -432.702577 -413.096475 -375.743379 -328.456238 -277.287465 -235.672899 -208.179135 -194.453741 -180.207431 -157.317983 -101.769426 -86.596159 -58.258843 -70.775375 -24.329374 -5.580718 10.940335 16.593888 16.248901 16.600602 16.398056 16.478194 16.533240 15.942272 13.077480 12.025068 12.609390 13.371569 8.882840
-9999.0 -634.092689 -632.562426 -632.432299 -629.240943 -630.155453 -626.315136 -620.824770 -621.177850 -619.277457 -619.183604 -622.075876 -610.595049 -600.337651 -596.649011 -587.242131 -591.203770 -594.165405 -600.018393 -586.948468 -558.257446 -478.376551 -390.016190 -345.450296 -325.369920 -324.121898 -327.742936 -316.232415 -292.905230 -252.842341 -182.718900 -93.283361 -57.901042 -32.059403 -24.377029 -23.018437 -11.314269 3.543324 19.200677 20.902288 21.233808 20.940232 16.491010 16.579889 16.270859 16.601638 13.412600 7.729857 0.569064 -5.373587 -9.018266 -13.822593 -11.467258 -8.081688 -6.893386 -13.397898
-9999.0 -638.722818 -632.685001 -629.078627 -630.384632 -632.627136 -623.798764 -610.954857 -615.677874 -617.110285 -617.364305 -608.020186 -578.865433 -545.190802 -515.900050 -483.909622 -485.250613 -496.009198 -493.653742 -464.304569 -422.105835 -353.640394 -252.093257 -185.187042 -195.449817 -194.836598 -190.697194 -170.832687 -141.136127 -103.741123 -14.292314 8.246222 10.297270 10.269562 10.306787 10.283184 10.311658 10.309390 6.938860 3.408341 0.027128 0.000168 2.281655 2.072748 0.134854 -3.497760 -9.240033 -16.983524 -31.033613 -63.988146 -72.092827 -77.088942 -79.234843 -79.076390 -83.333055 -89.966842
-9999.0 -633.762630 -626.953119 -628.623188 -634.016073 -625.533832 -622.129718 -613.003894 -605.579362 -607.440481 -594.440687 -546.389786 -476.404196 -427.094016 -395.471220 -377.205817 -364.792808 -364.943831 -344.014281 -296.569391 -220.841457 -98.409983 -58.633694 -12.336254 -69.322735 -92.691557 -101.604394 -102.936565 -98.392834 -86.426961 -61.241662 -5.994743 -0.915413 1.699774 0.476574 -2.962986 -7.600344 -14.993526 -20.407971 -24.361597 -54.585042 -61.328682 -26.124175 -25.740222 -45.761313 -70.188580 -79.242332 -87.630968 -97.505568 -110.047719 -116.858664 -122.251099 -125.258239 -129.933536 -135.219325 -141.712126
-9999.0 -641.452925 -631.813709 -639.760627 -627.831820 -618.193802 -619.571337 -603.787231 -583.195060 -572.680459 -500.023511 -437.536424 -375.112250 -329.320872 -293.812333 -255.941201 -230.123285 -203.328188 -168.728052 -128.009470 -11.236034 4.535628 4.534352 4.535683 -7.281434 -84.989263 -108.214834 -129.908311 -137.604598 -136.959624 -123.046310 -99.815983 -80.990007 -30.636795 -40.600741 -72.511082 -78.403231 -83.404645 -87.610072 -96.669489 -108.103306 -114.043612 -110.760740 -105.356073 -114.289314 -122.913545 -131.338322 -140.741846 -150.957279 -160.929598 -169.789852 -177.374644 -180.971110 -186.981420 -188.735488 -195.713153
-9999.0 -647.303566 -640.350606 -634.807260 -624.468108 -617.318119 -609.312151 -591.219633 -541.934944 -476.340879 -420.217314 -388.352853 -336.527242 -278.296094 -220.596718 -190.116177 -173.832456 -167.263891 -156.794494 -145.926066 -142.048546 -78.922430 -66.270489 -47.308681 -103.760437 -125.819062 -145.278518 -160.037708 -165.700656 -162.300607 -156.074976 -147.458250 -139.590396 -131.691569 -134.187003 -137.713376 -136.139128 -142.171291 -149.497082 -156.862524 -163.984012 -171.475068 -175.843265 -178.500527 -182.240869 -184.680986 -193.134910 -204.001400 -214.816658 -223.453620 -231.823757 -238.369198 -240.703088 -245.156308 -250.782364 -260.448923
-9999.0 -660.213179 -637.886389 -634.919627 -628.630925 -626.739940 -624.741642 -612.026148 -588.978927 -485.723098 -362.983420 -350.344365 -332.875079 -300.310673 -245.485230 -196.342135 -190.138841 -217.667342 -237.657226 -244.645555 -234.127664 -212.171609 -194.763936 -177.537626 -175.816792 -178.257094 -184.867286 -195.571714 -207.665543 -211.667631 -210.818256 -212.807370 -213.656135 -210.446794 -211.521229 -207.873838 -205.279719 -214.250833 -225.710740 -239.143084 -251.014762 -259.772332 -262.909364 -262.835753 -264.141862 -267.706842 -275.187219 -284.831095 -296.366795 -306.656617 -314.650167 -320.162703 -325.535739 -332.753114 -340.805031 -349.557185
-9999.0 -9999.0 -647.927923 -634.934463 -633.089657 -630.998504 -628.907053 -619.036000 -607.789143 -561.817652 -487.407845 -441.386589 -411.215490 -380.720396 -335.569894 -296.580223 -291.054861 -285.680286 -309.630539 -308.992471 -302.283474 -293.510242 -281.886833 -270.471248 -262.341027 -258.559171 -256.856648 -259.487499 -267.478224 -278.873678 -290.995493 -299.455957 -304.404112 -308.057510 -301.579700 -292.530081 -293.830669 -299.789109 -309.807490 -322.998342 -334.148474 -345.213101 -348.196476 -347.416519 -347.694807 -350.567113 -355.461724 -366.242123 -377.144883 -388.209479 -393.522420 -398.630914 -403.666807 -412.239868 -420.823742 -430.232393
-9999.0 -9999.0 -662.426494 -641.595747 -632.643016 -626.435224 -627.128009 -625.292835 -611.265217 -603.601146 -590.638916 -567.485350 -536.216416 -493.907000 -465.874801 -436.932131 -424.292839 -418.113042 -418.023562 -410.773662 -395.611364 -380.658258 -369.903791 -359.344227 -349.655717 -342.064565 -335.468934 -343.643728 -352.020348 -364.392741 -379.576052 -396.166489 -405.009017 -410.104000 -406.592641 -400.480742 -404.252694 -412.137207 -422.687409 -434.520181 -443.060903 -451.008416 -453.167248 -453.871207 -453.983473 -455.627099 -458.005313 -465.217794 -475.602383 -484.744041 -492.797307 -500.194669 -504.950375 -514.170968 -525.440661 -533.945995
