tests/Borden05m/sims/sim_1/output-maps/psiliqL0012N0002.asc
ncols         160
nrows         34
xllcorner     620200.000000
yllcorner     5168000.000000
cellsize      0.500000
NODATA_value  -9999.0
[rows 0 to 24 of 34, columns 0 to 56 of 160]
-9999.0 -9999.0 -9999.0 -9999.0 -9999.0 -9999.0 -9999.0 -9999.0 -9999.0 -9999.0 -9999.0 -9999.0 -9999.0 -9999.0 -9999.0 -9999.0 -9999.0 -9999.0 -9999.0 -9999.0 -9999.0 -9999.0 -9999.0 -9999.0 -9999.0 -9999.0 -9999.0 -9999.0 -9999.0 -9999.0 -9999.0 -9999.0 -9999.0 -9999.0 -9999.0 -9999.0 -9999.0 -9999.0 -9999.0 -9999.0 -9999.0 -9999.0 -9999.0 -9999.0 -9999.0 -9999.0 -9999.0 -9999.0 -9999.0 -9999.0 -9999.0 -9999.0 -9999.0 -9999.0 -9999.0 -9999.0 -9999.0
-9999.0 -9999.0 -9999.0 -9999.0 -9999.0 -9999.0 -9999.0 -9999.0 -9999.0 -9999.0 -9999.0 -9999.0 -9999.0 -9999.0 -9999.0 -9999.0 -9999.0 -9999.0 -9999.0 -9999.0 -9999.0 -9999.0 -9999.0 -9999.0 -9999.0 -9999.0 -9999.0 -9999.0 -9999.0 -9999.0 -9999.0 -9999.0 -9999.0 -9999.0 -9999.0 -9999.0 -9999.0 -9999.0 -9999.0 -9999.0 -9999.0 -9999.0 -9999.0 -9999.0 -9999.0 -9999.0 -9999.0 -9999.0 -9999.0 -9999.0 -9999.0 -9999.0 -9999.0 -9999.0 -9999.0 -9999.0 -9999.0
-9999.0 -9999.0 -9999.0 -9999.0 -9999.0 -9999.0 -9999.0 -9999.0 -9999.0 -9999.0 -9999.0 -9999.0 -9999.0 -9999.0 -9999.0 -9999.0 -9999.0 -9999.0 -9999.0 -9999.0 -9999.0 -9999.0 -9999.0 -9999.0 -9999.0 -9999.0 -9999.0 -9999.0 -9999.0 -9999.0 -9999.0 -9999.0 -9999.0 -9999.0 -9999.0 -9999.0 -9999.0 -9999.0 -9999.0 -9999.0 -9999.0 -9999.0 -9999.0 -9999.0 -9999.0 -9999.0 -9999.0 482.709533 465.327508 449.326233 447.032431 469.426205 492.579620 516.108728 536.446092 554.873507 573.649613
-9999.0 -9999.0 -9999.0 -9999.0 -9999.0 -9999.0 -9999.0 -9999.0 -9999.0 -9999.0 -9999.0 -9999.0 -9999.0 -9999.0 -9999.0 -9999.0 -9999.0 -9999.0 -9999.0 -9999.0 -9999.0 -9999.0 -9999.0 -9999.0 -9999.0 -9999.0 -9999.0 -9999.0 -9999.0 -9999.0 -9999.0 -9999.0 -9999.0 -9999.0 -9999.0 -9999.0 -9999.0 -9999.0 -9999.0 -9999.0 530.565855 536.394060 537.598314 526.935833 515.616498 503.436964 483.446032 465.718764 450.665316 447.976763 450.493367 455.550599 478.017754 502.344546 521.740845 538.655602 557.696663
-9999.0 -9999.0 -9999.0 -9999.0 -9999.0 -9999.0 -9999.0 -9999.0 -9999.0 -9999.0 -9999.0 -9999.0 -9999.0 -9999.0 -9999.0 -9999.0 -9999.0 -9999.0 -9999.0 -9999.0 -9999.0 -9999.0 -9999.0 -9999.0 -9999.0 -9999.0 -9999.0 -9999.0 -9999.0 -9999.0 -9999.0 -9999.0 -9999.0 -9999.0 439.081112 456.431271 474.337080 492.506167 508.998473 515.569825 521.346498 527.001448 522.808598 518.012518 506.582368 487.523581 467.910043 453.937455 451.605199 448.994003 453.166029 465.898993 482.423078 498.429467 519.114820 542.307490 551.336595
-9999.0 -9999.0 -9999.0 -9999.0 -9999.0 -9999.0 -9999.0 -9999.0 -9999.0 -9999.0 -9999.0 -9999.0 -9999.0 -9999.0 -9999.0 -9999.0 -9999.0 -9999.0 -9999.0 -9999.0 -9999.0 -9999.0 -9999.0 -9999.0 -9999.0 -9999.0 -9999.0 -9999.0 444.207290 438.213071 433.004041 431.350093 429.876384 428.572616 435.317942 447.284971 465.184637 486.582887 499.280982 506.294782 512.753339 513.367093 508.258431 506.070193 506.222560 494.316702 482.544847 471.521247 460.878040 459.269190 468.635683 482.442133 498.333186 512.884834 527.987537 539.084681 555.568791
-9999.0 -9999.0 -9999.0 -9999.0 -9999.0 -9999.0 -9999.0 -9999.0 -9999.0 -9999.0 -9999.0 -9999.0 -9999.0 -9999.0 -9999.0 -9999.0 -9999.0 -9999.0 -9999.0 -9999.0 -9999.0 -9999.0 -9999.0 415.144659 420.926197 427.307316 434.578774 435.334791 431.087003 425.325304 422.084466 420.378143 418.506509 422.745257 430.704815 444.082868 459.677134 481.197839 489.537088 495.550004 507.620194 509.998555 515.224397 519.063531 517.113841 514.108855 501.576310 492.228744 497.255555 502.974642 509.389667 516.933946 529.899076 545.003925 562.099318 582.037705 603.120113
-9999.0 -9999.0 -9999.0 -9999.0 -9999.0 -9999.0 -9999.0 -9999.0 -9999.0 -9999.0 -9999.0 -9999.0 -9999.0 -9999.0 -9999.0 -9999.0 -9999.0 -9999.0 -9999.0 390.553574 391.352698 392.351681 396.867877 397.628687 399.668551 406.499345 414.463501 416.545231 414.686329 412.984709 414.300296 416.760343 420.809113 431.905604 445.456164 459.340755 473.005208 493.571166 508.029799 521.445173 537.208188 536.035287 531.608362 529.402404 529.616617 529.715840 534.214652 537.020347 542.853034 547.694880 554.014039 562.932780 573.880829 591.823319 611.382888 630.896857 648.919565
-9999.0 -9999.0 -9999.0 -9999.0 -9999.0 -9999.0 -9999.0 -9999.0 -9999.0 -9999.0 -9999.0 -9999.0 -9999.0 -9999.0 -9999.0 -9999.0 362.242032 363.998081 366.040274 371.299117 373.897655 377.711226 384.445083 385.440169 389.052475 395.966078 400.668908 409.127295 416.845049 423.907552 429.588370 431.987773 439.239539 448.575590 460.142783 475.208305 496.490949 519.067594 534.979042 551.399225 568.039827 568.243870 566.835598 567.675443 568.013171 574.675797 592.155507 597.898623 599.728814 616.853727 630.841757 635.940255 643.291083 661.682263 684.947845 708.783623 738.393303
-9999.0 -9999.0 -9999.0 -9999.0 -9999.0 -9999.0 -9999.0 -9999.0 -9999.0 -9999.0 -9999.0 -9999.0 -9999.0 317.020865 321.063660 330.319752 339.004948 341.255895 345.220933 350.951036 362.934493 366.305668 372.304400 379.660428 391.091085 399.394572 408.306200 419.826462 427.958569 434.865805 441.602911 447.262073 460.338249 475.272488 490.723191 510.566601 531.991114 552.299386 572.581637 587.741242 601.285593 603.535236 601.990653 603.866140 611.536039 628.935614 647.797996 658.139919 677.735949 701.253171 715.398922 727.874885 736.848852 749.846266 770.578151 805.247273 841.526958
-9999.0 -9999.0 -9999.0 -9999.0 -9999.0 -9999.0 -9999.0 -9999.0 -9999.0 -9999.0 283.571166 285.888932 282.304700 282.311566 287.033131 298.827329 312.094698 318.581852 329.766473 350.261802 367.497257 370.729029 385.087091 394.881467 401.255220 411.538972 424.367938 436.943075 453.633883 465.872457 477.553586 497.183938 513.285300 529.382897 546.710858 566.349507 586.196672 614.862905 641.631486 654.733913 677.492536 689.524389 686.531640 686.638214 695.253310 712.142900 734.867753 760.319850 783.583106 810.772055 830.835187 846.607216 858.369580 871.472649 887.664441 922.371836 964.067140
-9999.0 -9999.0 -9999.0 -9999.0 -9999.0 -9999.0 -9999.0 -9999.0 259.558325 266.534486 272.557756 269.365776 264.567764 260.715096 273.879651 289.428970 305.151811 322.212033 337.889757 355.615393 370.721055 386.777163 406.018854 417.425108 428.831906 443.758712 457.123888 474.269209 495.252111 508.470139 525.792530 546.984799 565.560765 583.208544 601.467384 619.390833 646.387953 679.945515 711.979748 735.646020 763.745176 787.725740 787.895575 791.194012 796.454780 823.316909 854.567812 887.340549 916.247853 947.220589 979.984163 1000.359982 1012.942305 1026.772315 1043.058858 1062.334309 1092.020209
-9999.0 -9999.0 -9999.0 -9999.0 -9999.0 -9999.0 233.468350 257.467868 272.131891 264.057979 254.669767 250.905573 246.830531 268.142558 289.494013 306.239673 322.729281 339.905959 356.018909 369.416261 403.359328 420.158671 434.391158 452.786573 466.780161 480.818259 497.922613 521.082912 543.130883 573.679347 600.790386 625.568871 651.613071 671.164995 689.809963 708.535374 740.128895 777.696355 814.822010 845.073052 873.620666 904.791231 913.891093 920.912758 930.061233 952.296590 986.273299 1020.236395 1058.295298 1095.106068 1126.119812 1141.887684 1154.689234 1167.310068 1181.540252 1195.167230 1211.410051
-9999.0 -9999.0 -9999.0 -9999.0 200.535347 221.290882 241.309156 271.784175 294.052803 288.579787 295.200334 295.191781 293.267787 296.181040 302.304717 319.957669 337.826104 355.906579 373.760679 409.483991 452.099790 467.694578 492.640422 524.301386 537.812791 552.656255 568.345058 591.157276 618.731486 652.583940 697.304154 735.353875 761.409394 784.587058 806.006965 829.065317 863.264889 901.818659 940.361019 977.292663 1010.281996 1038.013759 1053.134397 1062.803840 1076.712673 1095.766017 1120.871852 1152.434152 1187.172456 1222.929298 1251.846213 1269.001992 1278.853202 1290.126153 1301.037596 1313.577713 1326.451678
-9999.0 -9999.0 -9999.0 152.447549 190.867915 228.019259 254.961596 285.547891 317.040584 322.054411 330.320581 335.517445 340.744017 349.088122 357.932453 374.324481 389.229427 403.389499 424.587863 460.863616 495.917762 527.050035 558.852242 586.825582 608.249056 623.992037 641.787810 665.844498 705.502509 743.879302 794.502955 847.973954 885.643282 911.208094 934.073161 962.594419 989.466367 1027.422136 1065.364785 1102.399794 1138.242185 1166.169863 1187.281750 1196.636407 1207.640244 1219.118837 1239.164924 1263.906643 1288.300956 1318.792651 1348.588828 1373.538706 1387.815132 1397.597036 1412.954794 1428.247871 1440.507239
-9999.0 -9999.0 105.800203 143.074985 177.519679 228.124212 280.498143 314.027230 354.370761 378.290507 384.754460 402.041154 418.063576 425.451741 441.263118 458.207934 473.703650 478.758226 493.519999 525.763178 576.669756 623.214163 648.646706 701.284538 734.502889 760.462708 776.978170 803.337542 838.082998 881.369201 931.446388 982.580390 1023.128338 1056.289232 1074.867751 1096.781143 1122.952746 1149.311693 1185.375248 1217.824745 1251.648063 1279.617022 1302.526197 1311.075349 1317.315643 1334.172769 1359.232584 1385.577956 1410.358725 1433.814534 1442.239485 1452.343696 1457.429785 1460.536579 1464.484419 1467.395536 1469.265851
-9999.0 -9999.0 79.895699 124.233454 165.452143 233.253458 310.661299 347.515933 389.897420 434.420812 452.666495 476.241994 490.781451 503.656030 526.984612 549.866579 559.020148 564.286380 563.903219 618.622665 676.759732 732.051508 787.573001 852.275301 896.449607 911.956823 924.133530 945.572088 972.094651 1017.411183 1068.545307 1123.188598 1168.881185 1201.348428 1219.519752 1239.559554 1262.172888 1282.251518 1302.751412 1341.757609 1368.673794 1394.054983 1419.916494 1439.913705 1448.697616 1452.817178 1446.828132 1455.944482 1462.730282 1466.679964 1468.920064 1466.917920 1467.149729 1468.442305 1469.952114 1465.639481 1459.918598
-9999.0 -7.689634 44.209984 97.712971 167.157655 235.071799 319.134831 398.841573 452.009131 496.290253 524.432672 539.344379 582.666573 627.656606 654.038644 682.026240 683.729358 686.891034 678.391010 724.688968 776.740044 856.771009 969.111047 1026.978860 1069.529887 1074.968896 1073.518230 1089.498990 1116.297505 1160.158534 1225.639882 1272.311083 1323.194854 1361.648400 1377.138410 1385.131100 1403.642846 1424.196329 1420.890857 1439.924531 1449.408884 1457.241834 1459.104446 1461.500251 1463.647672 1465.453148 1464.232784 1460.025721 1454.331108 1450.575261 1447.956895 1444.394569 1447.332656 1450.851426 1452.005800 1445.647237 1438.432343
-9999.0 -42.487472 17.280527 89.115259 160.389143 232.212139 339.166381 474.928083 524.458089 559.475199 584.412827 616.217191 697.541428 764.767567 801.491397 845.805649 843.237297 834.355538 826.969313 861.650564 913.899525 989.594117 1126.670998 1211.648313 1236.944270 1251.306157 1262.131092 1290.037313 1325.980807 1360.186322 1390.833502 1398.384762 1420.404521 1432.119961 1437.144916 1440.652034 1445.650559 1448.026592 1447.829551 1446.181091 1443.325284 1444.879465 1449.827908 1450.760937 1449.426384 1448.083852 1444.410325 1438.732851 1434.881660 1431.665277 1429.860154 1427.313338 1425.845564 1425.827237 1421.484292 1415.830906 1406.768990
-9999.0 -69.592305 0.578527 64.961147 133.799937 252.741783 376.121750 507.188736 596.504117 632.742973 665.205859 741.877056 843.025245 938.779145 992.913678 1021.705332 1030.168236 1017.700484 1028.324335 1074.006276 1137.566986 1222.572608 1303.772070 1375.591756 1390.655944 1397.258034 1385.957989 1399.422327 1411.739024 1416.412023 1420.138246 1424.654335 1431.849285 1436.525660 1437.456841 1436.868096 1434.445035 1428.673835 1425.444332 1423.602115 1421.217555 1421.589000 1424.826400 1426.495652 1424.998790 1422.471535 1419.431253 1415.251275 1410.552501 1405.060222 1401.736222 1397.728508 1394.941363 1389.298567 1383.801777 1376.855750 1362.105470
-9999.0 -163.243679 -77.099683 -18.983706 104.849658 274.277754 398.491749 548.177064 686.387355 727.496480 808.433742 924.663883 1030.820890 1108.832918 1157.090900 1203.808293 1235.944385 1262.849443 1298.415442 1275.658441 1326.187647 1373.642954 1394.746620 1406.466923 1408.903281 1413.318158 1409.387043 1394.322034 1387.479314 1383.726860 1387.761232 1396.837014 1403.959204 1410.897599 1410.296314 1412.074156 1413.119281 1410.694128 1407.854371 1400.276233 1392.873454 1387.260985 1385.693515 1391.137446 1386.817998 1384.435645 1379.715694 1373.109354 1365.712490 1358.800021 1351.295452 1343.825593 1339.303624 1331.481012 1327.467903 1317.054163 1287.329115
-9999.0 -244.089899 -166.341311 -70.051154 74.248904 237.481671 373.863971 540.764751 737.399051 846.112223 960.092608 1030.941639 1111.384609 1184.084215 1254.587054 1302.773374 1329.279235 1341.208871 1337.800348 1347.635161 1320.249467 1315.876201 1334.062543 1360.497361 1374.407552 1380.700540 1375.213343 1367.482886 1363.083414 1364.134180 1364.612075 1364.816477 1364.560839 1363.587315 1361.353962 1363.762989 1368.577864 1363.002008 1354.689417 1346.009928 1337.552060 1328.217866 1321.984391 1318.446708 1317.136002 1317.217060 1310.510290 1301.008071 1291.153636 1283.149726 1274.775898 1267.251363 1261.752291 1253.082534 1241.610247 1225.818431 1194.371893
-9999.0 -337.163232 -218.921183 -120.690771 7.587094 145.688255 276.363256 440.929818 591.498687 802.109931 962.673128 1052.626759 1099.044135 1162.547404 1230.419511 1298.800393 1308.213210 1283.247573 1256.376910 1244.385412 1250.067063 1260.450503 1274.593480 1295.044449 1313.072910 1323.995136 1327.429478 1321.558743 1309.598709 1301.765528 1296.444157 1287.913573 1281.815748 1281.352021 1281.921592 1288.649848 1290.990562 1281.526893 1267.667491 1249.828170 1233.141212 1220.115412 1215.249532 1215.340534 1214.748997 1211.191523 1204.345684 1194.064581 1181.596092 1169.591993 1160.728829 1152.814318 1142.503717 1128.537269 1113.338730 1096.860651 1067.283607
-9999.0 -9999.0 -291.562750 -179.874124 -68.094001 57.342294 178.423910 326.564152 477.073699 657.977280 774.295537 893.978625 965.105795 1016.877971 1075.134863 1132.605999 1152.505066 1171.127286 1154.597206 1158.752909 1165.268358 1171.509796 1181.874279 1194.612751 1209.030304 1220.221581 1228.603821 1227.295497 1218.337164 1201.691016 1182.238630 1167.504322 1159.080322 1152.740349 1161.504534 1172.361505 1169.401512 1161.826729 1148.159563 1129.512809 1112.512895 1095.526012 1089.415981 1088.475916 1087.750312 1084.318821 1079.162119 1066.017424 1052.630736 1039.795212 1032.853858 1024.779514 1016.482494 1002.584864 987.979470 972.243976 947.082582
-9999.0 -9999.0 -374.779548 -264.774314 -147.041592 -22.292390 81.598308 170.812370 325.244998 442.267993 543.652115 637.772562 717.065419 780.596624 828.676504 890.472059 929.071536 945.046689 961.177873 985.917766 1009.584803 1034.494408 1051.616468 1065.151546 1080.155579 1094.296159 1103.905274 1092.904454 1081.424274 1064.211668 1042.896360 1020.250061 1008.467200 1004.335293 1007.076436 1012.572021 1006.801205 996.314594 980.535326 962.358801 946.494220 932.382403 926.519347 922.499240 920.724475 917.448310 913.785117 904.607546 892.749761 884.283272 875.424715 868.199393 863.554423 854.996226 844.161217 836.366431 818.325573
