tests/Borden05m/sims/sim_1/output-maps/psiliqL0022N0009.asc
ncols         160
nrows         34
xllcorner     620200.000000
yllcorner     5168000.000000
cellsize      0.500000
NODATA_value  -9999.0
[rows 0 to 24 of 34, columns 55 to 109 of 160]
-9999.0 -9999.0 -9999.0 -9999.0 -9999.0 -9999.0 -9999.0 -9999.0 -9999.0 -9999.0 -9999.0 -9999.0 -9999.0 -9999.0 -9999.0 -9999.0 -9999.0 -9999.0 -9999.0 -9999.0 -9999.0 -9999.0 -9999.0 -9999.0 -9999.0 -9999.0 -9999.0 -9999.0 -9999.0 -9999.0 -9999.0 -9999.0 -9999.0 -9999.0 -9999.0 -9999.0 -9999.0 -9999.0 -9999.0 -9999.0 -9999.0 -9999.0 -9999.0 -9999.0 -9999.0 -9999.0 -9999.0 -9999.0 -9999.0 -9999.0 -9999.0 -9999.0 -9999.0 -9999.0 -9999.0
-9999.0 -9999.0 -9999.0 -9999.0 2642.552393 2637.428876 2632.950581 2628.954760 2621.393580 2612.780892 2605.436651 2602.007477 2601.609718 2601.481036 2601.621033 2607.287484 2615.981647 2624.188506 2631.604788 2634.162642 2636.956065 2639.404071 2640.213723 2639.568077 2636.924885 2634.553368 2631.600346 2630.317228 2623.051683 2612.106265 2603.840986 2601.258041 2605.559429 2609.927533 2612.365637 2617.632561 2627.890525 2638.155939 2645.681650 2657.201411 2663.102657 2667.635580 2669.577306 2664.790601 2660.719441 2656.215846 2650.041907 2638.732705 -9999.0 -9999.0 -9999.0 -9999.0 -9999.0 -9999.0 -9999.0
2588.161269 2607.268590 2628.144967 2631.591058 2620.255324 2615.528246 2612.803320 2611.570932 2607.675561 2599.772204 2595.288883 2590.509370 2588.764312 2589.467991 2590.108111 2594.620674 2605.900906 2614.390603 2619.608493 2622.875703 2626.152152 2625.456427 2625.245524 2625.477292 2623.031214 2619.888193 2616.869575 2615.378792 2616.820739 2609.475637 2603.820920 2600.181333 2597.645400 2600.250158 2602.876113 2607.016125 2616.079185 2623.732935 2631.300226 2645.066600 2657.239885 2662.039053 2658.714420 2653.189138 2648.602441 2640.830371 2630.314336 2619.967043 2611.354350 2604.388538 2598.112077 2590.898235 2596.107202 2602.505473 2610.963377
2573.412600 2593.307684 2614.371472 2617.500178 2607.307384 2599.841732 2594.118771 2595.169837 2599.039548 2596.425313 2592.375560 2586.110119 2596.234008 2597.978960 2599.532316 2603.522777 2606.622342 2611.832420 2614.951954 2620.818242 2630.163387 2633.374896 2634.314666 2634.868232 2633.382597 2630.564377 2629.026907 2626.585827 2621.626095 2620.275775 2620.285079 2619.405171 2623.732974 2624.976872 2627.763368 2621.897481 2625.890192 2631.802906 2638.086279 2643.597789 2649.223158 2651.430012 2647.296012 2646.520462 2637.211184 2622.823247 2612.102253 2603.754680 2602.674275 2598.792408 2589.901551 2575.396483 2582.180935 2596.964784 2600.591846
2581.064715 2590.810349 2602.363467 2605.624895 2601.172268 2603.749004 2606.171475 2608.203253 2607.196657 2604.603278 2601.712302 2613.396051 2622.338477 2624.474038 2627.792123 2632.507817 2634.133997 2623.741911 2622.199730 2630.203179 2640.096083 2645.799335 2646.460920 2646.672130 2643.959929 2643.280479 2643.416586 2641.849288 2642.008214 2644.046206 2642.502062 2646.061483 2651.693215 2655.490542 2648.859151 2640.114374 2641.814113 2649.954003 2659.177993 2666.374660 2676.066268 2686.201229 2685.134793 2679.234301 2669.462228 2655.550053 2631.677399 2612.708191 2600.637364 2591.759134 2583.419274 2584.275548 2578.814139 2590.590211 2591.144411
2574.861424 2595.161677 2615.972382 2623.156750 2617.974445 2614.667725 2613.823469 2615.360594 2615.614347 2617.720727 2628.417454 2641.648956 2655.691788 2658.890091 2661.696996 2661.260416 2653.166442 2643.433136 2641.043024 2655.381771 2673.493116 2682.132752 2682.547743 2679.879225 2684.664697 2684.823654 2685.092670 2681.664562 2683.108018 2682.129157 2689.086989 2696.848784 2704.602041 2703.183914 2690.803503 2678.680456 2678.083791 2682.590337 2688.253414 2694.995970 2704.507667 2712.935322 2707.011660 2700.083053 2690.636481 2662.680786 2636.442709 2620.484716 2619.039692 2618.218928 2612.646000 2608.977297 2605.965408 2599.632441 2598.398106
2618.960292 2639.743506 2661.956560 2676.963490 2672.021362 2665.466291 2657.587490 2658.959938 2661.201397 2668.730222 2680.874559 2696.025736 2719.489351 2720.906002 2722.930017 2723.375474 2711.857014 2699.700605 2690.075783 2711.464515 2722.937545 2730.883820 2730.154174 2737.301242 2746.880736 2743.556750 2737.240462 2726.182848 2732.338607 2740.709529 2755.974139 2763.617427 2768.445085 2764.862477 2751.809538 2745.362995 2745.947738 2750.963405 2750.775435 2757.666012 2766.175185 2780.179996 2777.972470 2771.622785 2749.610552 2711.396919 2678.755183 2661.172612 2669.937311 2662.174251 2652.918862 2650.103248 2636.609747 2626.830117 2627.506475
2665.297907 2681.673197 2699.945717 2718.001098 2711.592168 2702.565869 2688.347181 2687.251597 2693.611027 2704.840245 2723.829692 2744.260575 2766.278572 2768.805054 2765.867573 2774.745784 2770.335643 2760.953858 2753.960827 2772.746713 2783.820691 2793.258992 2800.560955 2813.798737 2825.164903 2811.427572 2796.511780 2788.217781 2795.003243 2818.929565 2839.809686 2844.744164 2844.425513 2844.670373 2831.297078 2825.982451 2821.748674 2820.345831 2816.493624 2813.465430 2835.772283 2854.686572 2852.800068 2829.421924 2805.115632 2766.850876 2727.746902 2699.144617 2706.163882 2701.212119 2701.401369 2688.025476 2673.339403 2661.317506 2653.575932
2733.378906 2758.693259 2777.516625 2798.577465 2793.695462 2774.037206 2761.972971 2766.509216 2780.923085 2789.794559 2808.268583 2828.426974 2856.746277 2872.529749 2886.951082 2803.801526 2885.585854 2877.426019 2865.736619 2869.388279 2891.762084 2809.921628 2816.761538 2825.880541 2838.471446 2840.498498 2835.026023 2833.689635 2837.731313 2849.201434 2861.906080 2868.602256 2872.301553 2875.193564 2864.936370 2853.034817 2850.340550 2843.999450 2841.106045 2839.798223 2848.480923 2866.017805 2863.171756 2830.058529 2805.468669 2860.716516 2821.497280 2789.847677 2778.370169 2791.629856 2786.569386 2768.198112 2753.157776 2722.780878 2712.059391
2818.318303 2853.229834 2879.671298 2805.802402 2812.815940 2801.015830 2799.963890 2803.937385 2811.812426 2815.359613 2822.048337 2854.111511 2887.293358 2913.257549 2936.224101 2941.735018 2932.104362 2922.410710 2909.467662 2900.574287 2909.528837 2923.735267 2941.044271 2956.205642 2967.538147 2970.173882 2968.789429 2969.003940 2971.841460 2974.848853 2978.760645 2986.505957 2993.789450 2984.309283 2992.734309 2984.249188 2986.001021 2976.126358 2965.754016 2963.723030 2964.255031 2966.406178 2967.118765 2953.197004 2914.646036 2886.311546 2855.096450 2833.011115 2817.685194 2815.706991 2887.330847 2862.104973 2810.925094 2772.705771 2738.686560
2827.826955 2868.155447 2896.855875 2913.743362 2926.950840 2925.594711 2927.477646 2928.862497 2933.106762 2936.208197 2940.124452 2965.181976 2986.718686 3024.453406 3054.840777 3055.651852 3043.101043 3031.981205 3022.456281 3009.152369 3005.341323 3016.443956 3030.504926 3049.457823 3060.103026 3067.177589 3064.563971 3064.837032 3066.291104 3068.454132 3070.467002 3073.589001 3082.430322 3096.043780 3109.561582 3109.289627 3092.542859 3075.059971 3058.803446 3055.111647 3051.797357 3046.801518 3048.699967 3050.466920 3037.394727 3008.889710 2989.599677 2949.136394 2929.775523 2913.099698 2903.902612 2888.070028 2854.540163 2887.851061 2849.413617
2939.878366 2971.531762 2981.786340 3011.070925 3026.599186 3030.072581 3028.086508 3027.540829 3034.388229 3037.883995 3044.558963 3060.771981 3089.738898 3122.990421 3151.534645 3167.238900 3160.483936 3144.019387 3123.221624 3114.687541 3112.215824 3115.350327 3124.003957 3135.468689 3153.783709 3172.099493 3175.736241 3176.570859 3175.944432 3176.263177 3177.627883 3177.717214 3180.107299 3187.549380 3196.633714 3199.787407 3192.940265 3175.428631 3153.048516 3140.994882 3134.031362 3130.437667 3130.736425 3134.958722 3137.354331 3123.682804 3090.926369 3048.827924 3018.480280 3001.954699 2989.319558 2995.049630 2983.396021 2956.719298 2936.683545
3028.467882 3042.916411 3069.469691 3097.248073 3119.900529 3134.793116 3135.957201 3139.495323 3144.094160 3151.909104 3166.867358 3186.750882 3204.177836 3225.066548 3250.041641 3265.180774 3270.475083 3269.307139 3265.984777 3267.330004 3267.628485 3214.294165 3219.707839 3225.090905 3239.614953 3253.092181 3257.838753 3258.380951 3256.277634 3257.851672 3258.500654 3258.457324 3258.093347 3259.810358 3264.123650 3265.772088 3263.735763 3252.754575 3267.099140 3247.962317 3234.992077 3227.051258 3219.041125 3210.828825 3201.520246 3191.958412 3175.302808 3145.923424 3112.344705 3089.879918 3081.432824 3076.074251 3068.472921 3063.249603 3047.182029
3125.666033 3136.210530 3153.467588 3175.184952 3204.948592 3226.895214 3237.856297 3246.797071 3251.368442 3264.716739 3280.354971 3267.045926 3274.125184 3281.452610 3288.733016 3291.233091 3291.948785 3291.618283 3289.279757 3288.619331 3286.406525 3282.654301 3272.476710 3274.054791 3275.884859 3278.468126 3282.136024 3280.975562 3282.034349 3284.971162 3283.284402 3277.406606 3273.472131 3271.902719 3272.758611 3280.091717 3283.476104 3284.387660 3281.632072 3280.770359 3279.921433 3277.023001 3273.404165 3268.302499 3261.776299 3273.670005 3262.331285 3235.802074 3197.883492 3160.964736 3152.073147 3152.584575 3152.859391 3151.233106 3145.799718
3242.487616 3255.503742 3269.628795 3252.282750 3271.260759 3281.003376 3285.559680 3289.241062 3291.900516 3294.488091 3291.425169 3288.320894 3283.516969 3282.051618 3280.734369 3278.329900 3278.973502 3277.090401 3273.097590 3269.228249 3261.709084 3250.421145 3239.251559 3235.973618 3240.348771 3245.802612 3250.729254 3254.842900 3258.450271 3258.735360 3253.482421 3245.254324 3237.873450 3236.160956 3242.905782 3248.577191 3254.749466 3255.567283 3254.185729 3251.832305 3251.710158 3248.664193 3248.947635 3255.829358 3270.116035 3273.593086 3278.623471 3277.906600 3263.719943 3238.091147 3244.889117 3225.286971 3230.791438 3226.372562 3215.250275
3283.132387 3285.494969 3284.106128 3282.839822 3276.608562 3270.665437 3269.929400 3273.916328 3280.903579 3282.045773 3275.081838 3266.674220 3259.613503 3252.452293 3250.231134 3249.540751 3249.229726 3249.667162 3244.442378 3235.610184 3219.226213 3207.754461 3196.729674 3190.817835 3187.541236 3191.382678 3202.219199 3213.681953 3218.596844 3210.003408 3201.856171 3190.410158 3182.396952 3182.798207 3184.135016 3193.455549 3209.464613 3216.194513 3216.931956 3210.810355 3204.823915 3198.352433 3195.520063 3201.961652 3217.014981 3233.157143 3248.114069 3256.902006 3264.435297 3271.315035 3271.046172 3273.381430 3274.666739 3272.851365 3274.814920
3277.159347 3270.339183 3263.535122 3258.380004 3251.981540 3246.667725 3244.936598 3247.011699 3249.257126 3245.451425 3239.118760 3229.306401 3218.498749 3208.970882 3201.861165 3202.904585 3205.273398 3206.819661 3199.890333 3185.027330 3169.656224 3156.398418 3142.678767 3138.811776 3133.251477 3126.528523 3136.729725 3155.706077 3162.758226 3147.414626 3136.861985 3122.015423 3115.291766 3111.551604 3112.511267 3121.501612 3143.200881 3165.959926 3167.779719 3157.145756 3146.599447 3141.802290 3138.672062 3143.608764 3160.392229 3178.441359 3193.878421 3203.893101 3209.158313 3216.887590 3226.174806 3239.719878 3253.965359 3265.842734 3271.405972
3252.611021 3244.946997 3237.401375 3229.936426 3223.172176 3217.206966 3213.075259 3211.206431 3207.749354 3201.869616 3195.127249 3178.511781 3166.460344 3154.056433 3139.728191 3136.166990 3132.035891 3133.430897 3122.237238 3113.902542 3097.235211 3082.115107 3067.196626 3054.746263 3049.105555 3042.707559 3042.498360 3056.409911 3064.961727 3054.595404 3044.823041 3033.715366 3028.837805 3025.510686 3027.825807 3038.161632 3058.218311 3076.490580 3084.431408 3076.870291 3074.508418 3073.276937 3071.619088 3077.529264 3088.913030 3106.899434 3128.548118 3146.437990 3155.934797 3162.808251 3171.987727 3183.864265 3197.613104 3211.604195 3229.104148
3222.513714 3213.501233 3203.830283 3194.419300 3184.294595 3176.315244 3170.180708 3172.671210 3166.748414 3161.195809 3140.645855 3088.292088 3068.883368 3050.622492 3035.026968 3028.902374 3021.093945 3007.261350 2998.777555 2994.038837 2994.281558 2980.716168 2982.094883 2965.088056 2960.114254 2956.393347 2941.037155 2938.610572 2939.728245 2953.050738 2946.745913 2944.481203 2945.504596 2943.192142 2945.035663 2958.086867 2966.881294 2973.557231 2980.290920 2983.740607 2993.184337 2980.734745 2988.604541 3004.984140 3016.029080 3031.416204 3051.508202 3075.634778 3090.128428 3099.277892 3109.459745 3124.403744 3140.340408 3157.656703 3179.638068
3188.683399 3175.345724 3161.335837 3147.443885 3135.125380 3122.787409 3108.026865 3109.988885 3107.885533 3098.478138 3047.903976 3007.915033 2994.354664 2977.286886 2954.100406 2941.147929 2928.186814 2892.704984 2876.092585 2874.445219 2887.099231 2882.389175 2867.502609 2855.303614 2846.265689 2837.561380 2820.993277 2804.518224 2810.262093 2827.279164 2827.064125 2829.350530 2836.432047 2835.737016 2829.885264 2829.106164 2841.712079 2847.832700 2858.745687 2875.001726 2879.719889 2891.683650 2923.459893 2936.426553 2951.429458 2970.118822 2990.476648 2992.084844 3012.998250 3026.336192 3040.873818 3058.377805 3074.600342 3094.544646 3116.857865
3141.820062 3112.115666 3091.886810 3075.216297 3057.547107 3032.646579 3013.120557 3011.357080 3005.550561 2979.872652 2947.658771 2913.668489 2889.649833 2868.011478 2844.992658 2824.774118 2878.990446 2843.681112 2820.873059 2833.097235 2842.523522 2851.154513 2839.029379 2827.675801 2817.813888 2800.627007 2784.079585 2768.734683 2779.215680 2787.910850 2804.717725 2811.146893 2815.415531 2821.074535 2820.331375 2811.727582 2809.794107 2819.078558 2830.315786 2843.440169 2864.554940 2808.380493 2830.625986 2848.385933 2868.661117 2885.420203 2906.774208 2929.117765 2951.381158 2968.080091 2986.035701 2984.095825 3003.802810 3022.726601 3045.444027
3065.999249 3038.512701 3012.803044 2991.025415 2980.249619 2936.256194 2924.057944 2915.232395 2895.468596 2850.857403 2812.188087 2876.595990 2859.776716 2834.406040 2810.893986 2780.661300 2747.845414 2724.216102 2702.689293 2711.270580 2720.056887 2737.682330 2727.971977 2720.038218 2716.220158 2700.920463 2687.482409 2671.488136 2678.091162 2689.858349 2712.158174 2718.040852 2722.414953 2731.779542 2731.573648 2728.127685 2713.285797 2721.427734 2733.345031 2749.349572 2780.856445 2803.574569 2828.051927 2851.866364 2873.501650 2807.648564 2827.828228 2850.656029 2874.531047 2893.703452 2912.387037 2933.054185 2952.301100 2967.528507 2984.501215
2980.347443 2956.304183 2936.410918 2912.728621 2874.478689 2833.490223 2883.400091 2856.840128 2805.239614 2768.132148 2743.142339 2738.923328 2724.155645 2702.187467 2680.967473 2658.404892 2634.843977 2614.412641 2588.745699 2593.026642 2607.491965 2623.412239 2622.955560 2622.782238 2620.862196 2611.137790 2597.654973 2584.086307 2587.864428 2604.683336 2622.626478 2632.433334 2640.306692 2648.474687 2648.831945 2640.482724 2631.515369 2637.284408 2653.358925 2672.068719 2691.765490 2713.971686 2736.900738 2759.342866 2783.748790 2806.958164 2832.153108 2859.227452 2801.459714 2820.078501 2843.201699 2865.224403 2882.015731 2891.281031 2900.191853
2880.247260 2860.738774 2837.837883 2813.144927 2854.498076 2813.109199 2771.828948 2724.274956 2688.940210 2656.384447 2645.952966 2628.894857 2613.600668 2597.321490 2576.085822 2558.927066 2542.825716 2520.784751 2508.522773 2514.758056 2527.567304 2535.895517 2541.599739 2539.162878 2536.618550 2530.603228 2516.757766 2511.473633 2521.270471 2536.608892 2550.706635 2562.251534 2569.448280 2575.160619 2572.670221 2564.260445 2561.382889 2570.226646 2586.317054 2600.306298 2616.344539 2638.101290 2661.102741 2684.472215 2708.891698 2732.731000 2759.260733 2786.397151 2812.874107 2841.760001 2866.399415 2803.527713 2810.451978 2819.844581 2820.807709
2838.401480 2824.424548 2797.226000 2767.455138 2737.925559 2702.656144 2675.624264 2641.323524 2610.054336 2580.241483 2553.649025 2539.442513 2531.548947 2517.396037 2499.334478 2487.269343 2470.998962 2458.943738 2463.229036 2464.246451 2472.419752 2470.781765 2471.410404 2468.724563 2467.945859 2465.298026 2458.323496 2469.281594 2476.145957 2489.896353 2500.213432 2510.086936 2516.250068 2520.268215 2521.570547 2517.420142 2523.362275 2530.219027 2544.617078 2556.400282 2570.848550 2591.553668 2608.880295 2628.779199 2653.489571 2678.088773 2703.845049 2731.299802 2760.829336 2787.374203 2807.373512 2815.263244 2826.980732 2832.018666 2824.962809
