tests/Borden05m/sims/sim_1/output-maps/psiliqL0029N0011.asc
ncols         160
nrows         34
xllcorner     620200.000000
yllcorner     5168000.000000
cellsize      0.500000
NODATA_value  -9999.0
[rows 0 to 24 of 34, columns 0 to 54 of 160]
-9999.0 -9999.0 -9999.0 -9999.0 -9999.0 -9999.0 -9999.0 -9999.0 -9999.0 -9999.0 -9999.0 -9999.0 -9999.0 -9999.0 -9999.0 -9999.0 -9999.0 -9999.0 -9999.0 -9999.0 -9999.0 -9999.0 -9999.0 -9999.0 -9999.0 -9999.0 -9999.0 -9999.0 -9999.0 -9999.0 -9999.0 -9999.0 -9999.0 -9999.0 -9999.0 -9999.0 -9999.0 -9999.0 -9999.0 -9999.0 -9999.0 -9999.0 -9999.0 -9999.0 -9999.0 -9999.0 -9999.0 -9999.0 -9999.0 -9999.0 -9999.0 -9999.0 -9999.0 -9999.0 -9999.0
-9999.0 -9999.0 -9999.0 -9999.0 -9999.0 -9999.0 -9999.0 -9999.0 -9999.0 -9999.0 -9999.0 -9999.0 -9999.0 -9999.0 -9999.0 -9999.0 -9999.0 -9999.0 -9999.0 -9999.0 -9999.0 -9999.0 -9999.0 -9999.0 -9999.0 -9999.0 -9999.0 -9999.0 -9999.0 -9999.0 -9999.0 -9999.0 -9999.0 -9999.0 -9999.0 -9999.0 -9999.0 -9999.0 -9999.0 -9999.0 -9999.0 -9999.0 -9999.0 -9999.0 -9999.0 -9999.0 -9999.0 -9999.0 -9999.0 -9999.0 -9999.0 -9999.0 -9999.0 -9999.0 -9999.0
-9999.0 -9999.0 -9999.0 -9999.0 -9999.0 -9999.0 -9999.0 -9999.0 -9999.0 -9999.0 -9999.0 -9999.0 -9999.0 -9999.0 -9999.0 -9999.0 -9999.0 -9999.0 -9999.0 -9999.0 -9999.0 -9999.0 -9999.0 -9999.0 -9999.0 -9999.0 -9999.0 -9999.0 -9999.0 -9999.0 -9999.0 -9999.0 -9999.0 -9999.0 -9999.0 -9999.0 -9999.0 -9999.0 -9999.0 -9999.0 -9999.0 -9999.0 -9999.0 -9999.0 -9999.0 -9999.0 -9999.0 3872.392398 3855.232716 3842.357316 3836.923799 3857.437214 3880.279636 3903.956837 3924.328582
-9999.0 -9999.0 -9999.0 -9999.0 -9999.0 -9999.0 -9999.0 -9999.0 -9999.0 -9999.0 -9999.0 -9999.0 -9999.0 -9999.0 -9999.0 -9999.0 -9999.0 -9999.0 -9999.0 -9999.0 -9999.0 -9999.0 -9999.0 -9999.0 -9999.0 -9999.0 -9999.0 -9999.0 -9999.0 -9999.0 -9999.0 -9999.0 -9999.0 -9999.0 -9999.0 -9999.0 -9999.0 -9999.0 -9999.0 -9999.0 3924.039749 3929.884647 3929.147422 3919.331652 3907.829171 3893.584896 3872.686230 3855.596329 3842.911931 3841.038318 3843.255449 3845.083260 3865.024155 3890.457981 3910.271078
-9999.0 -9999.0 -9999.0 -9999.0 -9999.0 -9999.0 -9999.0 -9999.0 -9999.0 -9999.0 -9999.0 -9999.0 -9999.0 -9999.0 -9999.0 -9999.0 -9999.0 -9999.0 -9999.0 -9999.0 -9999.0 -9999.0 -9999.0 -9999.0 -9999.0 -9999.0 -9999.0 -9999.0 -9999.0 -9999.0 -9999.0 -9999.0 -9999.0 -9999.0 3831.973387 3848.642736 3866.364565 3884.813684 3901.713554 3908.742050 3914.480956 3919.590266 3914.629752 3910.072934 3898.052517 3876.266987 3856.828212 3844.179858 3843.370166 3840.766149 3843.872697 3854.774619 3871.086967 3885.500811 3905.663322
-9999.0 -9999.0 -9999.0 -9999.0 -9999.0 -9999.0 -9999.0 -9999.0 -9999.0 -9999.0 -9999.0 -9999.0 -9999.0 -9999.0 -9999.0 -9999.0 -9999.0 -9999.0 -9999.0 -9999.0 -9999.0 -9999.0 -9999.0 -9999.0 -9999.0 -9999.0 -9999.0 -9999.0 3838.595355 3832.516964 3827.588014 3825.777987 3824.065743 3822.956255 3829.384582 3840.025996 3856.555440 3878.537677 3891.713849 3898.797864 3905.563272 3905.569537 3899.160322 3897.233695 3897.461385 3884.245865 3871.472179 3859.495393 3847.729851 3843.828355 3852.198664 3866.150394 3882.037850 3896.199558 3911.071221
-9999.0 -9999.0 -9999.0 -9999.0 -9999.0 -9999.0 -9999.0 -9999.0 -9999.0 -9999.0 -9999.0 -9999.0 -9999.0 -9999.0 -9999.0 -9999.0 -9999.0 -9999.0 -9999.0 -9999.0 -9999.0 -9999.0 -9999.0 3809.072744 3813.610168 3819.942439 3827.461037 3828.226967 3824.955255 3819.425719 3816.596695 3814.916654 3812.178666 3816.423399 3822.786988 3835.195215 3849.914629 3871.960360 3879.735993 3883.125037 3893.844958 3897.434821 3905.445044 3908.870112 3906.489059 3901.626596 3885.612991 3872.958543 3873.859579 3876.885697 3883.287070 3891.263700 3904.321887 3917.133781 3931.398930
-9999.0 -9999.0 -9999.0 -9999.0 -9999.0 -9999.0 -9999.0 -9999.0 -9999.0 -9999.0 -9999.0 -9999.0 -9999.0 -9999.0 -9999.0 -9999.0 -9999.0 -9999.0 -9999.0 3784.894696 3785.892581 3787.351287 3792.099233 3792.198799 3793.644561 3800.078671 3807.742857 3810.482331 3807.800905 3806.592166 3807.447714 3809.535020 3813.607434 3823.262599 3835.910807 3849.096079 3860.904181 3880.787156 3894.344795 3905.554068 3919.866999 3919.992867 3915.892822 3913.656558 3912.784046 3910.023665 3906.245970 3903.677450 3909.200716 3908.172046 3910.277726 3918.734675 3930.235198 3945.631410 3961.902677
-9999.0 -9999.0 -9999.0 -9999.0 -9999.0 -9999.0 -9999.0 -9999.0 -9999.0 -9999.0 -9999.0 -9999.0 -9999.0 -9999.0 -9999.0 -9999.0 3755.872907 3757.497528 3759.760488 3765.153150 3768.899807 3772.594063 3779.304430 3780.575070 3783.462487 3790.010640 3793.769679 3802.593848 3810.411991 3816.677517 3821.648685 3823.075155 3828.309868 3836.300612 3846.440628 3858.754098 3877.252919 3899.797658 3914.232991 3929.811794 3946.051919 3945.654176 3942.858986 3941.990504 3939.146517 3938.370982 3951.059792 3952.760684 3945.069548 3952.214404 3962.619203 3964.112717 3970.145277 3989.375775 4010.544309
-9999.0 -9999.0 -9999.0 -9999.0 -9999.0 -9999.0 -9999.0 -9999.0 -9999.0 -9999.0 -9999.0 -9999.0 -9999.0 3705.768127 3709.510280 3719.701740 3731.610277 3734.560003 3739.424299 3746.002167 3757.720101 3760.897403 3766.269739 3772.716692 3784.879567 3792.691634 3800.437919 3811.106031 3817.886652 3823.566358 3828.530128 3829.430009 3839.120330 3851.436985 3864.069739 3881.538467 3902.121483 3918.760140 3935.130781 3950.505047 3960.558025 3955.785993 3954.092216 3955.242013 3958.266645 3969.271565 3984.322870 3981.804022 3988.525932 4007.588050 4016.278185 4021.842440 4026.721398 4040.163314 4061.335261
-9999.0 -9999.0 -9999.0 -9999.0 -9999.0 -9999.0 -9999.0 -9999.0 -9999.0 -9999.0 3680.918092 3681.947310 3677.817631 3674.076974 3679.718671 3691.770762 3706.183838 3710.998980 3722.660599 3743.644491 3762.014195 3764.237860 3776.510219 3785.840981 3791.468261 3799.790588 3811.102483 3821.398869 3834.768278 3844.516765 3850.894487 3864.707471 3878.557560 3892.865618 3908.244028 3927.079457 3940.869694 3962.075952 3985.193644 3991.735329 4006.341254 4006.357732 4001.172071 3998.105236 4006.608306 4015.722197 4028.089128 4041.077301 4057.974889 4078.318245 4086.315410 4098.294119 4106.480485 4115.984600 4130.914805
-9999.0 -9999.0 -9999.0 -9999.0 -9999.0 -9999.0 -9999.0 -9999.0 3656.552665 3664.629224 3669.421194 3665.605302 3660.597600 3653.649485 3668.017651 3682.708415 3697.796871 3715.618260 3730.278424 3747.727341 3760.307057 3773.554017 3792.573269 3801.718846 3810.530363 3823.844841 3835.000592 3847.515814 3866.004601 3871.022943 3879.129592 3896.402397 3909.787337 3924.771648 3941.236890 3955.868504 3973.468574 4001.697660 4028.845151 4042.677343 4067.359874 4082.467908 4075.214728 4072.096396 4072.247147 4094.021857 4118.813297 4146.825705 4163.744070 4185.765970 4213.255893 4232.181572 4241.149651 4251.993731 4265.625976
-9999.0 -9999.0 -9999.0 -9999.0 -9999.0 -9999.0 3628.014978 3652.133169 3666.935064 3657.614109 3641.759298 3635.574283 3628.175351 3660.233598 3681.959860 3698.466122 3714.157772 3730.637152 3745.683215 3751.848073 3779.257743 3797.761311 3807.637682 3818.356224 3831.286384 3844.144784 3858.536929 3877.839181 3892.916438 3911.710533 3924.323666 3937.830826 3959.642723 3975.279627 3990.712770 4002.420487 4028.350354 4061.714214 4095.208492 4118.209327 4141.666608 4172.925073 4171.077006 4172.088649 4172.621026 4196.735569 4230.731569 4260.186140 4291.456847 4321.595219 4350.149041 4360.491430 4369.334554 4379.116959 4391.630753
-9999.0 -9999.0 -9999.0 -9999.0 3596.488343 3616.958935 3634.752605 3664.078111 3685.259903 3679.604149 3682.665782 3679.357894 3673.464705 3677.901323 3685.383823 3701.330834 3719.435914 3737.919725 3750.181443 3774.313165 3820.474053 3829.247746 3843.464523 3870.992440 3880.090932 3892.487328 3906.616656 3925.344162 3941.054855 3965.992460 3997.373474 4024.034236 4043.805711 4061.702640 4079.834087 4095.335690 4130.153220 4166.625495 4201.762983 4232.587485 4258.854950 4284.862859 4290.543392 4295.084880 4304.888178 4322.152919 4345.123908 4372.798540 4406.895023 4439.106652 4462.215997 4470.679178 4475.636106 4485.172079 4492.418685
-9999.0 -9999.0 -9999.0 3541.362025 3580.277967 3619.924548 3644.603946 3673.935806 3705.539224 3703.505020 3711.244690 3709.029427 3705.712894 3709.413292 3710.355851 3725.515937 3742.827438 3762.263732 3782.337855 3814.065003 3840.909809 3855.134444 3880.964969 3893.897030 3904.386676 3915.693067 3933.275411 3951.722111 3986.631727 4014.382019 4059.099593 4108.847583 4139.984383 4158.519011 4180.967985 4208.551240 4233.846750 4273.120952 4307.126161 4339.192665 4369.366908 4391.310616 4405.064918 4409.465238 4419.312423 4424.844344 4437.009120 4458.048279 4480.591331 4511.685177 4541.205580 4570.876249 4586.488582 4597.883004 4615.313356
-9999.0 -9999.0 3492.720459 3532.489300 3562.812237 3608.156968 3660.565378 3695.103285 3733.330412 3750.233624 3751.747799 3760.000065 3768.420729 3767.179504 3773.577468 3784.335355 3806.394893 3814.960481 3835.257966 3847.173220 3881.105873 3912.050419 3902.510443 3937.786678 3966.788165 3999.926144 4021.591570 4047.969628 4086.001202 4118.479410 4162.199983 4212.240792 4246.083406 4273.718284 4289.851484 4310.548598 4330.858503 4357.892290 4395.316241 4420.785675 4454.976447 4480.545073 4500.044404 4500.110902 4502.705199 4519.095631 4548.193165 4579.978686 4609.750181 4639.728626 4621.263505 4646.785041 4658.205749 4664.577643 4674.596518
-9999.0 -9999.0 3461.468149 3508.227933 3540.970585 3596.345473 3683.822584 3716.629683 3755.136832 3799.738539 3811.632897 3831.588682 3820.776696 3804.547190 3820.339003 3832.272566 3853.991028 3861.318303 3854.016686 3905.129334 3956.255195 3975.306275 3973.617505 4052.262910 4105.890238 4131.754861 4149.459847 4169.912955 4189.116042 4226.967407 4265.088312 4320.227274 4361.548294 4391.650392 4406.355087 4427.081650 4446.898145 4461.950720 4481.934003 4530.216267 4567.363411 4599.247832 4632.219087 4653.968117 4662.318636 4667.807762 4639.744628 4661.106401 4675.593056 4681.841061 4684.368759 4680.516685 4679.985946 4680.850000 4681.771322
-9999.0 3366.844563 3419.329838 3468.863348 3531.654634 3590.912229 3663.042686 3736.040305 3803.694595 3856.269999 3880.104360 3868.547888 3860.071778 3881.139363 3898.790355 3912.818846 3918.712595 3929.942623 3909.292794 3963.712666 3998.010814 4042.466173 4140.116598 4199.189759 4266.360177 4261.700950 4249.263062 4253.253847 4268.248832 4315.677895 4397.308811 4455.654908 4524.238600 4575.274733 4593.188540 4601.231493 4620.554231 4641.899485 4583.201047 4630.622420 4652.566965 4670.877971 4681.670984 4684.194820 4685.604399 4685.341913 4681.573904 4674.416821 4666.138754 4660.215645 4655.929625 4651.426365 4653.870302 4657.211645 4657.253193
-9999.0 3327.540905 3384.222523 3451.483939 3517.501944 3558.672192 3635.328827 3806.380742 3870.339300 3907.923584 3909.147096 3874.079863 3927.306716 3985.779926 4008.200057 4053.741382 4036.369209 4020.729431 3979.055944 4003.155638 4040.095556 4110.966173 4288.571165 4378.803590 4436.286110 4444.203595 4444.257318 4473.385123 4519.549230 4569.731081 4618.639035 4581.548767 4636.138796 4663.140345 4668.782790 4669.572610 4675.630973 4674.002980 4672.785234 4668.228325 4662.986050 4663.168793 4667.944564 4667.807585 4664.789587 4661.310924 4655.546918 4648.128443 4642.985861 4638.344935 4635.702744 4632.894268 4630.831343 4629.886121 4624.842791
-9999.0 3283.954739 3359.585483 3416.040440 3456.498851 3540.734275 3671.222161 3816.871751 3913.664300 3946.542468 3913.103700 3940.391142 4044.126910 4153.299014 4206.425081 4227.197760 4203.965114 4150.079194 4125.478931 4169.545821 4242.118759 4369.008009 4519.162987 4624.410487 4640.784403 4644.547394 4591.184675 4619.897370 4646.510398 4649.668488 4650.918092 4660.037980 4665.206598 4668.277484 4666.666371 4663.761986 4658.897428 4650.612829 4645.834287 4642.054161 4638.212724 4636.895693 4638.771937 4640.779454 4637.882531 4633.948969 4629.457925 4623.884105 4617.504664 4610.668921 4606.225330 4601.864042 4599.679210 4593.888546 4590.466215
-9999.0 3153.391824 3251.853931 3287.783258 3349.969612 3541.955161 3671.295369 3808.466877 3978.176530 3994.091779 4032.518174 4177.248016 4300.806760 4383.861412 4411.116447 4443.667308 4468.212650 4483.397117 4521.548921 4385.303456 4472.285593 4580.107131 4630.172944 4651.883294 4664.014228 4664.429298 4654.204142 4633.044797 4622.227386 4615.461914 4617.076652 4624.407125 4628.938066 4633.607039 4631.264159 4632.468323 4633.840794 4630.683398 4626.582834 4617.701335 4609.764390 4602.819299 4599.196790 4603.771472 4599.144089 4596.931042 4590.614453 4581.981105 4572.858375 4565.447440 4557.305404 4550.664807 4548.456058 4543.449122 4542.208383
-9999.0 3072.258144 3143.183741 3193.386895 3295.167003 3457.939743 3542.909802 3697.558689 3946.932114 4088.604095 4263.090695 4359.806882 4430.965724 4469.955255 4518.891837 4573.507187 4602.112414 4615.215602 4580.495023 4606.270964 4561.613789 4550.241894 4568.447196 4598.803808 4617.216279 4621.509752 4613.844491 4605.018373 4597.723985 4596.600998 4594.232359 4589.562728 4584.874266 4580.949915 4577.811096 4581.045776 4586.568800 4579.180151 4568.439698 4558.621054 4549.782880 4540.289300 4534.187298 4529.188838 4529.882159 4530.210926 4522.432176 4511.773180 4500.702038 4492.246545 4485.019333 4480.639314 4477.791814 4472.654774 4462.399105
-9999.0 2946.631464 3081.136427 3151.342517 3236.203989 3361.306109 3457.448076 3604.625634 3728.786771 3980.224384 4118.139749 4333.101808 4386.307682 4460.345007 4506.383538 4582.572152 4576.968249 4545.814697 4500.762454 4484.947775 4498.174826 4507.736303 4515.524946 4529.436963 4547.588737 4558.113039 4563.953692 4558.331625 4544.001408 4530.844050 4518.741115 4504.163624 4494.218171 4491.430010 4496.243314 4506.939728 4507.063356 4497.658365 4483.177402 4464.327281 4448.252018 4436.079625 4434.230408 4437.296004 4438.584564 4434.302029 4428.596651 4417.603570 4404.795817 4392.018342 4386.551125 4382.285509 4374.543901 4362.781189 4350.451117
-9999.0 -9999.0 2991.475456 3098.275237 3185.526221 3290.959094 3370.325330 3479.070356 3615.264630 3783.657586 3900.382247 4094.135014 4196.198542 4241.222455 4272.774917 4330.179624 4358.152083 4393.320021 4390.990083 4405.257440 4416.681788 4422.574854 4427.496806 4432.465215 4442.779642 4452.881953 4463.926127 4461.074004 4452.354146 4431.033623 4404.034712 4382.958406 4372.037822 4362.210316 4375.006381 4387.858159 4381.715456 4374.684019 4361.778226 4345.317827 4332.737806 4318.259195 4314.807156 4314.579902 4315.237006 4312.977400 4310.796132 4298.268001 4285.958132 4276.333388 4272.482692 4266.800352 4263.455428 4253.650679 4243.013679
-9999.0 -9999.0 2902.825086 3002.925753 3099.579914 3212.750586 3289.596408 3283.680001 3413.498220 3512.414889 3620.843833 3735.927349 3837.220320 3908.212622 3939.390200 4003.046271 4063.941019 4083.836308 4129.780426 4190.365594 4227.459846 4270.381748 4295.183301 4304.432249 4317.044253 4332.095586 4339.489933 4323.495872 4312.138388 4294.860668 4270.795926 4243.146344 4229.180996 4229.401909 4227.672583 4228.352776 4220.222639 4211.318695 4196.700903 4183.036106 4170.909731 4162.462962 4158.925004 4152.771179 4150.186291 4147.414369 4145.946479 4141.318751 4133.581835 4129.547078 4121.200149 4117.823057 4117.367704 4114.942997 4109.750938
