tests/Borden05m/sims/sim_1/output-maps/psiliqL0000N0014.asc
ncols         160
nrows         34
xllcorner     620200.000000
yllcorner     5168000.000000
cellsize      0.500000
NODATA_value  -9999.0
[rows 0 to 24 of 34, columns 0 to 55 of 160]
-9999.0 -9999.0 -9999.0 -9999.0 -9999.0 -9999.0 -9999.0 -9999.0 -9999.0 -9999.0 -9999.0 -9999.0 -9999.0 -9999.0 -9999.0 -9999.0 -9999.0 -9999.0 -9999.0 -9999.0 -9999.0 -9999.0 -9999.0 -9999.0 -9999.0 -9999.0 -9999.0 -9999.0 -9999.0 -9999.0 -9999.0 -9999.0 -9999.0 -9999.0 -9999.0 -9999.0 -9999.0 -9999.0 -9999.0 -9999.0 -9999.0 -9999.0 -9999.0 -9999.0 -9999.0 -9999.0 -9999.0 -9999.0 -9999.0 -9999.0 -9999.0 -9999.0 -9999.0 -9999.0 -9999.0 -9999.0
-9999.0 -9999.0 -9999.0 -9999.0 -9999.0 -9999.0 -9999.0 -9999.0 -9999.0 -9999.0 -9999.0 -9999.0 -9999.0 -9999.0 -9999.0 -9999.0 -9999.0 -9999.0 -9999.0 -9999.0 -9999.0 -9999.0 -9999.0 -9999.0 -9999.0 -9999.0 -9999.0 -9999.0 -9999.0 -9999.0 -9999.0 -9999.0 -9999.0 -9999.0 -9999.0 -9999.0 -9999.0 -9999.0 -9999.0 -9999.0 -9999.0 -9999.0 -9999.0 -9999.0 -9999.0 -9999.0 -9999.0 -9999.0 -9999.0 -9999.0 -9999.0 -9999.0 -9999.0 -9999.0 -9999.0 -9999.0
-9999.0 -9999.0 -9999.0 -9999.0 -9999.0 -9999.0 -9999.0 -9999.0 -9999.0 -9999.0 -9999.0 -9999.0 -9999.0 -9999.0 -9999.0 -9999.0 -9999.0 -9999.0 -9999.0 -9999.0 -9999.0 -9999.0 -9999.0 -9999.0 -9999.0 -9999.0 -9999.0 -9999.0 -9999.0 -9999.0 -9999.0 -9999.0 -9999.0 -9999.0 -9999.0 -9999.0 -9999.0 -9999.0 -9999.0 -9999.0 -9999.0 -9999.0 -9999.0 -9999.0 -9999.0 -9999.0 -9999.0 -594.012670 -597.124105 -600.890985 -601.920399 -597.748593 -595.934513 -594.265708 -593.180879 -592.175300
-9999.0 -9999.0 -9999.0 -9999.0 -9999.0 -9999.0 -9999.0 -9999.0 -9999.0 -9999.0 -9999.0 -9999.0 -9999.0 -9999.0 -9999.0 -9999.0 -9999.0 -9999.0 -9999.0 -9999.0 -9999.0 -9999.0 -9999.0 -9999.0 -9999.0 -9999.0 -9999.0 -9999.0 -9999.0 -9999.0 -9999.0 -9999.0 -9999.0 -9999.0 -9999.0 -9999.0 -9999.0 -9999.0 -9999.0 -9999.0 -594.568085 -593.119456 -591.900736 -593.982111 -594.825515 -594.599653 -596.749608 -599.263573 -601.867392 -601.060257 -601.022611 -602.900562 -600.068719 -597.825535 -597.104491 -596.506210
-9999.0 -9999.0 -9999.0 -9999.0 -9999.0 -9999.0 -9999.0 -9999.0 -9999.0 -9999.0 -9999.0 -9999.0 -9999.0 -9999.0 -9999.0 -9999.0 -9999.0 -9999.0 -9999.0 -9999.0 -9999.0 -9999.0 -9999.0 -9999.0 -9999.0 -9999.0 -9999.0 -9999.0 -9999.0 -9999.0 -9999.0 -9999.0 -9999.0 -9999.0 -600.857600 -598.193759 -597.055729 -595.986458 -594.326237 -594.967735 -595.518527 -594.255974 -595.390865 -595.424801 -596.808695 -599.398029 -602.001220 -603.446565 -601.825942 -602.342066 -602.355952 -601.028919 -600.249193 -600.009054 -598.182276 -595.195178
-9999.0 -9999.0 -9999.0 -9999.0 -9999.0 -9999.0 -9999.0 -9999.0 -9999.0 -9999.0 -9999.0 -9999.0 -9999.0 -9999.0 -9999.0 -9999.0 -9999.0 -9999.0 -9999.0 -9999.0 -9999.0 -9999.0 -9999.0 -9999.0 -9999.0 -9999.0 -9999.0 -9999.0 -596.743231 -597.799009 -598.604548 -598.543010 -598.921327 -600.407185 -600.831547 -600.615231 -599.232270 -596.975057 -596.658608 -597.006458 -596.870792 -597.447160 -599.024984 -599.171947 -597.388190 -598.963892 -599.680184 -600.699999 -603.365419 -604.017741 -602.502637 -601.084730 -599.891396 -599.677142 -599.605598 -599.683514
-9999.0 -9999.0 -9999.0 -9999.0 -9999.0 -9999.0 -9999.0 -9999.0 -9999.0 -9999.0 -9999.0 -9999.0 -9999.0 -9999.0 -9999.0 -9999.0 -9999.0 -9999.0 -9999.0 -9999.0 -9999.0 -9999.0 -9999.0 -598.486131 -597.507088 -597.160340 -596.317642 -596.775274 -598.875194 -600.199029 -600.769023 -601.242330 -602.358987 -602.514830 -602.578146 -601.926590 -601.477722 -599.109827 -600.415061 -601.257606 -599.177403 -599.722812 -598.348860 -596.746234 -597.110306 -596.743045 -599.660484 -601.833435 -599.498163 -598.578214 -598.741519 -599.339340 -598.683641 -597.775154 -596.633593 -594.592778
-9999.0 -9999.0 -9999.0 -9999.0 -9999.0 -9999.0 -9999.0 -9999.0 -9999.0 -9999.0 -9999.0 -9999.0 -9999.0 -9999.0 -9999.0 -9999.0 -9999.0 -9999.0 -9999.0 -598.313588 -598.629362 -599.250685 -599.031622 -601.040236 -601.898044 -601.354503 -600.309450 -600.962713 -602.113122 -603.108917 -602.994288 -602.871220 -603.142600 -601.672028 -600.509357 -600.181317 -600.596798 -598.763215 -598.284383 -597.260841 -594.418235 -596.370294 -598.250706 -599.235023 -599.315163 -599.869140 -598.103498 -597.576665 -597.468182 -597.691054 -597.714616 -597.379075 -597.255428 -595.048527 -593.048849 -591.436600
-9999.0 -9999.0 -9999.0 -9999.0 -9999.0 -9999.0 -9999.0 -9999.0 -9999.0 -9999.0 -9999.0 -9999.0 -9999.0 -9999.0 -9999.0 -9999.0 -598.468966 -598.646752 -599.413795 -600.660084 -601.742085 -601.781517 -600.984847 -602.487326 -602.997349 -602.692217 -603.369742 -602.667570 -601.905488 -600.978524 -600.576597 -601.664501 -601.506312 -601.713493 -601.909989 -601.506582 -599.423728 -597.540328 -597.240395 -595.901079 -593.360560 -594.940146 -595.593470 -595.518413 -596.503880 -595.731678 -591.848821 -592.585647 -594.400187 -590.329353 -588.255177 -589.187070 -589.750455 -587.287028 -583.485353 -578.499380
-9999.0 -9999.0 -9999.0 -9999.0 -9999.0 -9999.0 -9999.0 -9999.0 -9999.0 -9999.0 -9999.0 -9999.0 -9999.0 -598.671514 -598.836614 -598.655063 -600.612019 -602.117603 -603.042420 -604.329454 -602.759215 -603.932478 -604.322482 -604.074575 -602.686077 -602.694061 -602.571324 -601.716506 -602.067549 -602.548727 -603.016585 -603.938909 -602.802019 -601.686980 -600.959109 -599.348906 -598.177379 -597.302847 -595.514676 -595.336135 -594.138737 -594.701656 -596.326811 -596.704849 -595.515129 -591.948103 -589.305917 -588.472954 -583.474854 -578.243887 -575.825520 -572.587310 -571.152333 -569.180014 -563.892646 -547.078082
-9999.0 -9999.0 -9999.0 -9999.0 -9999.0 -9999.0 -9999.0 -9999.0 -9999.0 -9999.0 -601.647048 -600.652503 -602.110236 -604.805010 -606.006547 -605.420765 -604.812776 -605.849760 -605.858798 -603.077489 -601.578892 -604.277604 -602.484776 -602.501586 -603.679518 -603.436837 -602.749325 -602.694187 -601.015477 -601.029823 -601.086806 -598.309793 -597.684702 -597.017495 -596.062877 -595.053847 -594.215996 -590.054682 -586.518989 -586.859852 -581.702824 -578.388229 -581.263083 -582.284942 -581.585973 -577.810315 -571.555406 -562.226571 -552.233612 -536.933381 -521.259778 -508.674064 -497.570421 -482.516706 -462.168051 -436.282972
-9999.0 -9999.0 -9999.0 -9999.0 -9999.0 -9999.0 -9999.0 -9999.0 -605.563267 -604.022221 -603.041384 -604.270764 -605.919176 -608.899786 -607.798578 -606.720378 -606.009573 -604.939307 -604.454773 -604.077640 -604.825309 -603.918190 -602.199913 -602.751255 -602.614540 -601.509098 -601.561361 -600.592669 -599.084408 -599.966431 -599.197096 -597.851696 -596.678691 -595.661070 -594.413038 -593.773109 -589.512523 -583.756103 -577.407369 -571.851367 -563.740829 -552.918320 -553.002202 -550.812939 -548.379724 -532.409405 -505.648383 -466.452777 -437.442748 -419.613753 -400.989381 -389.767159 -381.332291 -370.019759 -355.427934 -342.483186
-9999.0 -9999.0 -9999.0 -9999.0 -9999.0 -9999.0 -607.839582 -604.425002 -602.775662 -606.663416 -609.601589 -610.576813 -612.333585 -608.560106 -605.184112 -604.586279 -604.135627 -603.593625 -604.002967 -606.298607 -601.168407 -602.714066 -603.838452 -602.315418 -602.542716 -602.509980 -601.619812 -599.478695 -598.639338 -594.264626 -591.124419 -588.443531 -584.753973 -582.511196 -580.091007 -577.227113 -569.162039 -556.121877 -537.140115 -513.975060 -482.661017 -449.595956 -437.505059 -432.060556 -426.978412 -417.419288 -397.697852 -373.803107 -345.244893 -317.925615 -297.505500 -287.802677 -278.489868 -267.354847 -253.343073 -238.036135
-9999.0 -9999.0 -9999.0 -9999.0 -605.892934 -605.164296 -605.832736 -602.868859 -600.808327 -605.552379 -603.849765 -604.669040 -606.201689 -608.117511 -610.408971 -608.822383 -607.943621 -607.382263 -607.734562 -602.722918 -598.576717 -601.529740 -599.468041 -595.383621 -596.469825 -596.136439 -596.068649 -594.315490 -590.972665 -586.719551 -576.467244 -566.747600 -559.736232 -550.467749 -540.351776 -525.240954 -494.815889 -450.972455 -425.201049 -402.410182 -378.636112 -357.657021 -343.116076 -335.954713 -326.985809 -315.879379 -300.075755 -276.414569 -248.563844 -214.687302 -190.589803 -177.552093 -167.960678 -159.304477 -144.006540 -122.424854
-9999.0 -9999.0 -9999.0 -607.869072 -604.537804 -603.372063 -605.061048 -604.520959 -602.004726 -604.543089 -605.047725 -605.461389 -605.692390 -605.655991 -605.853709 -604.961168 -604.869594 -605.703181 -605.115026 -602.232509 -601.038504 -598.701933 -597.015403 -594.226826 -591.811046 -590.986986 -589.750433 -586.268201 -577.189768 -566.246595 -543.704988 -505.001131 -461.450785 -436.765773 -424.718146 -409.313097 -392.101552 -365.110528 -338.360260 -312.027907 -284.183455 -259.075324 -234.805891 -225.580656 -218.631937 -211.121728 -195.175590 -173.691684 -148.464354 -85.884548 -60.599681 -71.263637 -32.398247 -52.601560 -13.392747 0.001488
-9999.0 -9999.0 -607.194672 -605.328086 -606.688089 -604.322258 -601.735387 -603.763921 -600.635031 -599.632121 -602.935821 -601.090801 -600.162997 -602.206642 -600.939713 -599.534461 -598.936173 -601.497751 -603.431237 -599.971402 -592.464929 -586.349014 -583.099431 -567.015785 -556.949616 -550.190562 -546.902055 -535.275761 -512.522742 -460.733663 -423.932845 -389.880578 -357.269264 -330.485956 -318.993247 -305.220745 -283.810401 -261.026489 -233.707684 -208.337260 -179.909449 -151.418292 -99.318641 -81.452290 -78.373880 -65.606732 -48.768193 -29.403256 -12.123934 4.980040 21.495027 21.252221 21.924182 21.216215 21.886772 21.250189
-9999.0 -9999.0 -609.350038 -606.224461 -608.454569 -603.472404 -599.021476 -603.703012 -602.451182 -597.792321 -599.200168 -598.761742 -599.379898 -599.073448 -597.081548 -592.870343 -595.274158 -596.178542 -601.045191 -589.988401 -579.955316 -561.251962 -519.236833 -464.669185 -432.349800 -427.068292 -424.437011 -414.374699 -396.690779 -359.975498 -314.751081 -266.316664 -226.110902 -199.448788 -186.281333 -172.542125 -150.121691 -95.095375 -81.143065 -82.155928 -36.751835 -26.083069 0.540989 16.054996 21.108841 21.778487 21.113029 21.482316 21.529026 21.432397 20.704464 18.155144 16.784685 17.657601 18.083164 13.891506
-9999.0 -609.971952 -608.423880 -608.353047 -605.150628 -606.266243 -602.524026 -597.132542 -597.753015 -596.033073 -596.178796 -599.463441 -588.276279 -578.428233 -575.260154 -566.349136 -570.420739 -573.313811 -579.303057 -567.065972 -541.380256 -458.420936 -375.963497 -327.510818 -297.517798 -292.302472 -294.901959 -281.627444 -257.377638 -221.488135 -164.643714 -87.486157 -52.380495 -26.769939 -18.860638 -17.739748 -6.004488 8.549164 24.048529 26.397163 25.660079 26.314251 21.506762 21.302289 21.809416 21.033702 18.705150 12.627046 5.448165 0.632100 -10.247506 -8.521565 -30.361660 -2.948410 -1.971226 -8.233765
-9999.0 -614.771178 -608.538263 -604.874874 -606.360950 -608.922354 -600.130581 -587.247947 -592.604825 -594.436952 -595.126190 -586.367081 -558.415843 -527.596677 -499.865696 -463.140457 -465.145808 -479.371119 -477.114235 -441.370169 -401.590802 -339.043153 -236.150928 -156.504472 -105.342740 -96.808822 -89.611479 -70.334871 -46.233253 -25.829522 -7.841232 13.338059 15.427577 15.391058 15.322267 15.430707 15.290259 15.384713 11.949341 8.589348 4.142993 4.227273 7.258286 6.953670 4.720409 2.290383 -3.595799 -11.572895 -17.660253 -31.114850 -62.045598 -70.457961 -75.862701 -73.548342 -76.703998 -82.380140
-9999.0 -609.620990 -602.576000 -604.403568 -610.194129 -601.675702 -598.579607 -589.841790 -583.058330 -585.679108 -573.738327 -528.535051 -451.508421 -406.158021 -375.360660 -355.710774 -342.601707 -342.127412 -321.748459 -276.949432 -207.587636 -90.149622 -50.699418 -3.613415 2.573696 2.572754 2.570712 2.568560 2.565575 2.561341 2.555728 0.708294 4.867060 6.792030 5.565880 2.795448 -2.155398 -9.561446 -14.941876 -17.942986 -21.741604 -21.902856 -18.405139 -17.982860 -20.532803 -26.231523 -65.028915 -77.387817 -86.601709 -97.243691 -107.104126 -114.160174 -118.155872 -122.568836 -127.293746 -133.132238
-9999.0 -617.644527 -607.636390 -616.030565 -603.880015 -594.135123 -596.139414 -580.909584 -561.552690 -553.571211 -479.619132 -416.679668 -356.197226 -312.798530 -278.572452 -241.068781 -215.308322 -188.600164 -154.402026 -114.890912 -2.540114 10.988895 10.965872 10.987709 2.576660 2.573712 -5.942415 -25.465998 -35.679555 -42.367423 -40.812240 -38.850890 -26.979089 -20.900355 -23.188500 -24.923719 -63.387949 -73.400729 -78.629413 -86.741641 -94.155396 -99.070874 -99.715358 -94.546113 -100.546282 -106.874071 -119.050133 -130.115019 -140.594125 -150.452337 -160.053493 -168.253058 -172.153502 -178.050711 -179.454662 -185.973924
-9999.0 -623.698208 -616.516445 -610.918661 -600.392162 -593.259765 -585.675851 -568.358458 -522.606492 -454.899473 -400.184524 -369.629760 -320.063894 -263.895277 -207.313235 -177.211588 -160.984435 -154.355520 -143.903811 -133.408471 -130.641550 -70.653373 -58.350519 -38.792821 -34.193422 -32.417287 -85.331111 -104.052648 -112.600116 -113.841733 -114.395222 -114.165638 -113.238662 -114.315417 -118.337366 -119.992692 -123.138841 -131.609874 -139.814479 -147.009558 -153.210356 -160.368376 -165.297133 -167.858153 -170.784096 -172.659229 -181.801208 -193.196410 -204.161660 -212.786587 -221.284681 -227.932982 -230.237251 -234.454682 -239.693162 -248.857973
-9999.0 -637.188869 -613.925823 -610.986211 -604.637224 -602.918426 -601.311637 -589.048928 -567.515434 -463.812278 -345.752923 -333.569097 -316.851077 -285.264157 -231.618905 -183.253899 -177.245313 -204.547269 -224.025537 -230.820383 -220.736888 -199.014357 -179.988564 -157.932457 -143.527703 -138.210952 -146.670091 -158.845737 -172.941651 -179.944040 -183.079424 -189.614281 -194.628776 -195.025951 -197.782417 -194.764415 -193.692108 -203.783843 -215.735648 -229.122635 -240.622912 -249.023303 -251.968931 -251.636440 -252.542105 -255.749262 -263.141344 -272.702575 -284.064321 -294.124295 -301.941522 -307.285771 -312.399709 -319.200846 -326.701952 -334.651177
-9999.0 -9999.0 -624.391144 -610.927626 -609.165778 -607.180777 -605.337486 -595.659678 -585.155732 -541.260327 -463.627369 -419.616125 -392.113772 -361.445935 -317.509306 -280.582509 -275.658952 -270.312334 -293.159773 -292.394946 -286.310842 -278.283227 -266.200721 -252.677342 -240.612294 -233.963980 -231.834211 -234.939967 -244.138062 -257.460857 -272.034977 -282.947390 -289.909205 -294.892579 -289.138572 -280.531832 -282.297010 -288.506409 -298.405840 -311.025565 -321.342000 -331.461273 -333.909761 -332.862903 -332.865095 -335.358819 -339.881499 -350.223403 -360.927430 -371.777338 -377.079024 -382.104828 -386.906699 -394.973914 -402.865680 -411.105734
-9999.0 -9999.0 -639.498115 -617.817418 -608.621778 -602.292518 -603.240469 -601.750937 -587.703870 -580.712609 -568.608299 -546.284637 -518.115055 -472.022512 -439.661931 -412.876522 -401.452978 -396.112763 -396.752158 -391.094513 -377.451661 -363.013922 -352.356240 -342.085023 -332.460403 -324.828580 -318.235911 -326.472554 -334.877814 -347.320725 -362.948749 -380.065834 -389.175660 -394.110666 -391.018402 -385.401260 -388.975733 -396.089349 -405.367240 -415.423792 -422.358305 -428.836387 -430.440860 -430.914766 -430.936800 -432.383621 -434.777361 -442.550469 -455.212023 -466.913782 -476.866142 -485.597908 -490.960060 -500.913608 -512.140707 -519.831198
