tests/Borden05m/sims/sim_1/output-maps/psiliqL0025N0013.asc
ncols         160
nrows         34
xllcorner     620200.000000
yllcorner     5168000.000000
cellsize      0.500000
NODATA_value  -9999.0
[rows 0 to 24 of 34, columns 55 to 109 of 160]
-9999.0 -9999.0 -9999.0 -9999.0 -9999.0 -9999.0 -9999.0 -9999.0 -9999.0 -9999.0 -9999.0 -9999.0 -9999.0 -9999.0 -9999.0 -9999.0 -9999.0 -9999.0 -9999.0 -9999.0 -9999.0 -9999.0 -9999.0 -9999.0 -9999.0 -9999.0 -9999.0 -9999.0 -9999.0 -9999.0 -9999.0 -9999.0 -9999.0 -9999.0 -9999.0 -9999.0 -9999.0 -9999.0 -9999.0 -9999.0 -9999.0 -9999.0 -9999.0 -9999.0 -9999.0 -9999.0 -9999.0 -9999.0 -9999.0 -9999.0 -9999.0 -9999.0 -9999.0 -9999.0 -9999.0
-9999.0 -9999.0 -9999.0 -9999.0 3198.572144 3193.249013 3188.427735 3183.890406 3176.115789 3166.806622 3158.878451 3154.679700 3153.499292 3152.624149 3151.967511 3156.809277 3164.804944 3172.362389 3179.175217 3180.579216 3182.830142 3184.650707 3184.844232 3183.644514 3180.397799 3178.023146 3174.625244 3172.909668 3165.481095 3154.323175 3145.967552 3143.265555 3147.450557 3151.793857 3154.254089 3159.478070 3169.881091 3180.463468 3188.014529 3200.455655 3207.397137 3212.753718 3215.408269 3211.459162 3208.221215 3204.313607 3198.331698 3187.267514 -9999.0 -9999.0 -9999.0 -9999.0 -9999.0 -9999.0 -9999.0
3144.255729 3162.597057 3182.617164 3185.701732 3174.842755 3169.784757 3166.608671 3164.877650 3160.556977 3152.004535 3146.822939 3141.288167 3138.634273 3138.573355 3138.396390 3142.019161 3152.659001 3160.392114 3164.894249 3167.433222 3170.189598 3168.645670 3167.820147 3167.526063 3164.571276 3161.058545 3157.629325 3155.739436 3157.087031 3149.468229 3143.489153 3139.608807 3136.734221 3139.445218 3142.115234 3146.611774 3155.800917 3163.722997 3171.663596 3185.740237 3198.805859 3204.505274 3202.018247 3197.466816 3193.766454 3186.515733 3176.803342 3166.855410 3158.672058 3152.561024 3147.262088 3140.974720 3147.441267 3155.293641 3164.723872
3127.463167 3146.531499 3166.837610 3169.351063 3159.023317 3151.213220 3144.458483 3144.891429 3148.249061 3144.920719 3140.032889 3132.359945 3142.160609 3143.076097 3143.704496 3146.795411 3148.670296 3153.548105 3155.898616 3161.141597 3170.018787 3172.729139 3173.084322 3173.053160 3171.002480 3167.684864 3165.665628 3162.809617 3157.481922 3155.686645 3155.337524 3154.090619 3158.210526 3159.666271 3162.542697 3156.982165 3161.354922 3167.615547 3174.538090 3180.107702 3185.190892 3187.838796 3184.625450 3185.240664 3178.043482 3164.515050 3154.736454 3147.305398 3147.472132 3144.598077 3136.779222 3123.237935 3131.556740 3147.722420 3152.580628
3131.549768 3140.343706 3150.849729 3153.273164 3148.151779 3150.210772 3151.888301 3153.012812 3151.065803 3147.448094 3143.116529 3153.535534 3161.704169 3162.965960 3165.293109 3169.099525 3169.798564 3158.774917 3156.619660 3163.850370 3173.373463 3178.450508 3178.525363 3178.076860 3174.421007 3173.183467 3172.882221 3170.981279 3170.485803 3172.032472 3169.712084 3172.723647 3178.135028 3180.164984 3176.011486 3167.612949 3169.783941 3178.182512 3185.994509 3193.554032 3203.759813 3214.639993 3214.915686 3210.441855 3202.087826 3189.767357 3168.577798 3151.099887 3140.267310 3132.459740 3125.328000 3128.214371 3123.760806 3137.507981 3139.402190
3117.625636 3137.857643 3157.742755 3163.586626 3157.463952 3153.516116 3152.048216 3152.560347 3151.534153 3152.021369 3160.828822 3172.523249 3182.526857 3184.319617 3186.008317 3184.697994 3178.286978 3167.939502 3165.100984 3178.311340 3193.483958 3201.181912 3200.647777 3196.471138 3199.743058 3199.672969 3199.944565 3196.418415 3197.169984 3194.975837 3200.654604 3208.272512 3216.132312 3214.683079 3202.397966 3190.169986 3190.034702 3195.338203 3202.011847 3209.539472 3219.754845 3228.998249 3224.297605 3219.159915 3211.795600 3186.248419 3164.844874 3150.672068 3151.108809 3151.995297 3147.763817 3145.829176 3144.920313 3140.771472 3141.090057
3153.531936 3172.615558 3191.375883 3204.260370 3197.945552 3190.282123 3181.573649 3181.630151 3182.035278 3187.819477 3198.138049 3210.964518 3232.519514 3232.012197 3232.473965 3231.315835 3218.506829 3205.301444 3195.182897 3216.818957 3227.627201 3234.774715 3232.407544 3237.754386 3246.384364 3242.677995 3236.220278 3224.262052 3229.856613 3236.662137 3251.728270 3259.523087 3264.665282 3260.346199 3246.701358 3240.050191 3241.384259 3247.564291 3248.533354 3256.929005 3265.869524 3280.881131 3279.746665 3276.187646 3256.342470 3219.627267 3190.342325 3178.840385 3188.606164 3183.093124 3178.206852 3178.055015 3166.985542 3159.713563 3162.315721
3184.773818 3198.216600 3214.275804 3230.686673 3221.936719 3211.590414 3195.201805 3192.110394 3196.342395 3206.279655 3223.651264 3241.733306 3261.698305 3260.919578 3254.940788 3264.427987 3257.423938 3246.653459 3239.033269 3259.557740 3269.707504 3279.935928 3285.873336 3298.424797 3308.860444 3292.852748 3276.170682 3266.147216 3272.977129 3298.028866 3319.960123 3324.745964 3323.969974 3323.664877 3308.888376 3303.948160 3300.325359 3300.286370 3297.471803 3295.499052 3320.322364 3341.541149 3341.341134 3319.875000 3297.281447 3258.249701 3220.808060 3196.228668 3208.348736 3205.312936 3208.583697 3198.383237 3186.656533 3179.106547 3177.674472
3235.716987 3257.573191 3274.029437 3295.552482 3287.053377 3264.354844 3248.839471 3251.417081 3264.680133 3272.465518 3290.462938 3307.886534 3333.928620 3346.558062 3358.221746 3361.894410 3354.863567 3346.258123 3334.136502 3338.775942 3362.052940 3373.426650 3381.853184 3390.362729 3402.926322 3403.655551 3397.054393 3395.296066 3399.540712 3412.483176 3426.474576 3433.186647 3436.406798 3439.240827 3426.783648 3414.128769 3411.812526 3406.149431 3404.544293 3403.696013 3414.544284 3434.440861 3431.446730 3395.925521 3369.311919 3334.967094 3296.989975 3267.799171 3261.077467 3279.360631 3276.823349 3260.773039 3249.918782 3223.616460 3217.990678
3305.658898 3338.506081 3362.837174 3372.995779 3380.663877 3366.493851 3364.533946 3368.525474 3376.654932 3379.762872 3386.137525 3418.347373 3452.023797 3477.170471 3499.892167 3507.060222 3494.857638 3485.049823 3471.624289 3462.754091 3473.246444 3490.233935 3507.769087 3522.695634 3533.980432 3536.156058 3534.595509 3534.660190 3537.675386 3540.657555 3544.859039 3553.150877 3560.753940 3569.480413 3577.712967 3567.622976 3550.709642 3541.267001 3531.970386 3530.941898 3532.198213 3535.738115 3536.827145 3520.854554 3479.754684 3448.558009 3416.668373 3396.663062 3383.148379 3382.222796 3364.415083 3340.512272 3289.863892 3252.711454 3221.534298
3391.754322 3435.353474 3464.495484 3481.917292 3494.626987 3491.883853 3493.640814 3494.655238 3498.413113 3500.853569 3503.754865 3530.184988 3571.413718 3610.579274 3641.666530 3641.713054 3628.179837 3616.868203 3607.657577 3593.475583 3589.552278 3601.895549 3617.059141 3637.109295 3647.590184 3653.878569 3650.717721 3650.947076 3652.673055 3654.996789 3657.118731 3660.665796 3670.184002 3685.104719 3699.454322 3698.701415 3680.050740 3662.154596 3646.085616 3643.392098 3640.795089 3635.872862 3638.165368 3640.058196 3624.734868 3593.879114 3554.406653 3514.040977 3496.919509 3481.612975 3470.787055 3454.115091 3414.725085 3349.545776 3310.999762
3506.645553 3540.313138 3569.249332 3599.447295 3614.416897 3616.856634 3614.380265 3613.296630 3620.269630 3623.118037 3628.937948 3645.455469 3677.208858 3712.384295 3741.943536 3757.413053 3749.760877 3732.003216 3709.978078 3700.334968 3697.478390 3701.028532 3710.436079 3723.124710 3742.506807 3761.812650 3767.575919 3768.454327 3765.780249 3768.192336 3769.742745 3769.857705 3772.718253 3781.106972 3790.906691 3794.260579 3786.578719 3765.680651 3742.299888 3730.820717 3724.247935 3720.812681 3721.725464 3726.764928 3729.889147 3715.234783 3679.897945 3635.728751 3605.691229 3590.320493 3577.487512 3563.577221 3551.311447 3519.175994 3498.479294
3615.424925 3630.568378 3658.668408 3687.366659 3710.037646 3724.766365 3725.248643 3728.331011 3733.070926 3740.456095 3755.524673 3778.726540 3797.655496 3820.157709 3846.643822 3862.828857 3868.090759 3866.460137 3862.449995 3863.658676 3864.009493 3801.501552 3807.737744 3813.953430 3830.965894 3846.306224 3851.856847 3852.491486 3849.959477 3851.786452 3852.548082 3852.445318 3852.073257 3854.373988 3859.426511 3861.357564 3858.970293 3846.397274 3864.495860 3844.496498 3831.047211 3822.845213 3814.608795 3806.355535 3796.932619 3787.060627 3767.094839 3736.319014 3702.006204 3680.410417 3672.447283 3666.385985 3658.017837 3652.389155 3635.495631
3713.952132 3724.521645 3742.657614 3765.335254 3799.178129 3822.528300 3833.903627 3843.189364 3847.850604 3861.763092 3878.369791 3862.444753 3870.739204 3879.322424 3887.850763 3890.779466 3891.618023 3891.231089 3888.839918 3888.066435 3885.652636 3882.167454 3871.712458 3873.320958 3875.265746 3877.885466 3881.617279 3880.509670 3881.618460 3884.572501 3882.813864 3876.774768 3872.701956 3871.127095 3872.120831 3879.553744 3883.039930 3883.996926 3880.645420 3879.713040 3878.718516 3875.323293 3871.084419 3865.108853 3857.464930 3872.204388 3860.170640 3832.188502 3792.033499 3750.947300 3743.211975 3744.929378 3744.864822 3743.346733 3737.776979
3838.588943 3852.243570 3867.009135 3844.924849 3867.228485 3878.642649 3883.979716 3888.086509 3890.890117 3894.007379 3890.995838 3887.984939 3883.102005 3881.540353 3880.189964 3877.752954 3878.384239 3876.497914 3872.436773 3868.403568 3860.457203 3848.900899 3837.724939 3834.171681 3838.479511 3844.097114 3849.246267 3853.688061 3857.409846 3857.426536 3851.961941 3843.536620 3835.990629 3834.330388 3841.207606 3846.952539 3853.471053 3854.346280 3852.953560 3850.465166 3850.221959 3846.954934 3847.166505 3854.241992 3868.992667 3871.747148 3877.639347 3876.800247 3860.180278 3830.085076 3841.470077 3821.547642 3827.561471 3822.988297 3811.665781
3882.310311 3885.076685 3883.448813 3882.345374 3875.970798 3869.921042 3869.146884 3873.168573 3880.220048 3881.290365 3874.246763 3865.680654 3858.463775 3851.052052 3848.717470 3848.157189 3847.909194 3848.416146 3843.131803 3833.842301 3816.854656 3805.288369 3794.230090 3788.295364 3784.528693 3788.001360 3799.237470 3811.395434 3816.434960 3807.162392 3798.712128 3786.904868 3778.835733 3779.282819 3780.328483 3789.829700 3806.653093 3814.168045 3814.956414 3808.489848 3802.008281 3795.347486 3792.277644 3798.701876 3813.995363 3830.748707 3846.347590 3855.487534 3863.207624 3870.322333 3868.777956 3871.514621 3873.020474 3870.894409 3873.881195
3876.673345 3869.700373 3862.736290 3857.453934 3851.024067 3845.737169 3843.920120 3845.819826 3847.785729 3843.715949 3837.359459 3827.394818 3816.408605 3806.746697 3799.178515 3800.221313 3802.596925 3804.274284 3797.026371 3781.711823 3763.946685 3750.503004 3736.671874 3732.763610 3726.901975 3719.296846 3729.422963 3749.129551 3756.501640 3740.448312 3729.582449 3714.405328 3707.821902 3703.833934 3704.616516 3713.538290 3736.002300 3760.052514 3762.119510 3751.164368 3740.280802 3735.533465 3732.300090 3736.902958 3753.597263 3774.361271 3790.407927 3800.808186 3806.125404 3813.897336 3823.276983 3837.520685 3852.313218 3864.639973 3869.359701
3851.616947 3843.881633 3836.252319 3828.669923 3821.817223 3815.667350 3811.421320 3809.497599 3805.621474 3799.576876 3792.614882 3772.105986 3759.763415 3746.955026 3732.149025 3728.348988 3723.658613 3724.819427 3713.403065 3705.474164 3689.065260 3673.803309 3658.268597 3645.021833 3639.343269 3632.694532 3631.080690 3644.571991 3653.010838 3643.495758 3633.820853 3623.176645 3618.657544 3615.302351 3617.770740 3628.196126 3647.738485 3666.031709 3674.410281 3667.037661 3665.669180 3665.614405 3663.992044 3670.223922 3680.972721 3698.842161 3721.120021 3739.954481 3749.761973 3756.583914 3765.749091 3780.122361 3794.187191 3808.485562 3826.432597
3821.217249 3811.972734 3802.128848 3792.498243 3782.100272 3771.640308 3765.231209 3767.945339 3762.013638 3756.483863 3733.985830 3679.150172 3658.248920 3639.497195 3623.446004 3616.886847 3608.615116 3592.684064 3584.150841 3579.767256 3581.984773 3568.131543 3550.788250 3533.223148 3528.412158 3524.935892 3507.674484 3503.135635 3503.701205 3519.931237 3513.901129 3512.652902 3514.561339 3512.180387 3513.461045 3526.187449 3533.865267 3539.280118 3545.979744 3550.706824 3561.159438 3569.090540 3579.173268 3596.148043 3606.865101 3622.002577 3642.136810 3667.567231 3682.849220 3692.197898 3702.444671 3717.585526 3733.619520 3751.224998 3773.497814
3786.762459 3770.364857 3755.923786 3741.766468 3729.220662 3716.551742 3700.937336 3702.958417 3700.968812 3690.901197 3636.359470 3595.859794 3562.326559 3545.413393 3522.076273 3508.806140 3492.697708 3454.561474 3437.371003 3437.146585 3452.216455 3448.927042 3433.830860 3422.127746 3412.862215 3403.614038 3385.985256 3367.259264 3373.381818 3391.915646 3392.941860 3396.354868 3404.263753 3403.756421 3396.999469 3394.165734 3406.084408 3411.423568 3422.488094 3440.029836 3444.775278 3461.045382 3494.561237 3507.122882 3521.842217 3539.881964 3559.938395 3581.662040 3603.898491 3617.651834 3632.539132 3650.695147 3667.097793 3687.148931 3709.488112
3736.322604 3705.515461 3684.663769 3667.544618 3648.693236 3622.061138 3602.330519 3600.344159 3594.449927 3565.699248 3513.791379 3478.618457 3455.675674 3434.323808 3411.771306 3388.427138 3351.635408 3317.311309 3295.861781 3312.019940 3323.579825 3335.562121 3324.449228 3313.949937 3304.588531 3286.699628 3270.009944 3253.642178 3264.756789 3273.441206 3292.603739 3299.548846 3303.472234 3309.382482 3307.868640 3296.902467 3291.483062 3299.327160 3308.945364 3320.675547 3342.011161 3376.996653 3401.308356 3419.084103 3439.040446 3457.174604 3477.972826 3500.361430 3522.585229 3539.051280 3556.850580 3574.825932 3595.199093 3613.884435 3636.305209
3656.806578 3628.983542 3603.086189 3580.383913 3549.154097 3503.279951 3489.337938 3480.817479 3459.322622 3412.304995 3371.249198 3351.455782 3339.235050 3316.712590 3296.436442 3268.130167 3234.817687 3213.843927 3193.822115 3204.719546 3215.502139 3236.116464 3227.785092 3221.386894 3218.752868 3203.662656 3190.604256 3174.270747 3180.627034 3192.882740 3216.510936 3222.554651 3226.696365 3236.108093 3235.293357 3230.473711 3212.548282 3218.992225 3229.482616 3243.751214 3274.439929 3296.505968 3318.376078 3339.511001 3358.207756 3378.813751 3400.301657 3422.549156 3448.162745 3466.977094 3485.251186 3506.063099 3524.569606 3538.317873 3553.970412
3549.503915 3526.098925 3507.160320 3483.641980 3441.423397 3398.243825 3358.239026 3332.082660 3280.393103 3246.321934 3227.042447 3227.153493 3216.021202 3197.369787 3179.581730 3162.880730 3142.025355 3124.148811 3099.781497 3105.834298 3122.265875 3139.863593 3141.796185 3143.270975 3142.218611 3133.305181 3120.110062 3106.652143 3110.489957 3127.701460 3145.749713 3155.899077 3163.634272 3171.326227 3170.923699 3161.111031 3150.772021 3155.175583 3170.112313 3184.283737 3201.062105 3220.902584 3240.795007 3260.300935 3281.841701 3303.476270 3325.359252 3349.154775 3374.687048 3394.961926 3417.581562 3440.934116 3456.519938 3464.371438 3471.275114
3448.112810 3429.695063 3407.382867 3380.702642 3339.873290 3301.232509 3261.451186 3215.099422 3183.221245 3157.520940 3152.137487 3138.167965 3126.385378 3113.392312 3094.434774 3079.461886 3065.956243 3045.728340 3036.791753 3044.809299 3058.819215 3067.335451 3074.729974 3073.108885 3071.224087 3066.023270 3052.365180 3048.585967 3058.738433 3073.935478 3087.559495 3099.133734 3105.959813 3110.915251 3107.688239 3098.256356 3095.130551 3102.950682 3117.953129 3130.733817 3144.660981 3164.268065 3181.894914 3202.157468 3223.254055 3243.918283 3266.969881 3290.734758 3315.379432 3341.166118 3362.217788 3379.310588 3386.769089 3394.931661 3393.296166
3326.660948 3316.287578 3291.590101 3264.372774 3236.437440 3204.856171 3182.162873 3154.071209 3125.719228 3098.402909 3074.094344 3063.445755 3058.868409 3047.893645 3032.450600 3022.639766 3008.330138 2999.576593 3006.700744 3008.492297 3016.908629 3015.363624 3016.769028 3014.785110 3014.578367 3012.781375 3007.109995 3019.300453 3025.607862 3038.898599 3048.816084 3058.446271 3064.066976 3067.426672 3068.402689 3064.035135 3069.663024 3075.246893 3088.306111 3098.743269 3111.329761 3130.176324 3145.790197 3163.289712 3182.865105 3204.166203 3226.271510 3250.229543 3276.518308 3299.432947 3315.508699 3320.637872 3328.224908 3328.063306 3315.380606
