tests/Borden05m/sims/sim_1/output-maps/psiliqL0006N0013.asc
ncols         160
nrows         34
xllcorner     620200.000000
yllcorner     5168000.000000
cellsize      0.500000
NODATA_value  -9999.0
[rows 0 to 24 of 34, columns 0 to 55 of 160]
-9999.0 -9999.0 -9999.0 -9999.0 -9999.0 -9999.0 -9999.0 -9999.0 -9999.0 -9999.0 -9999.0 -9999.0 -9999.0 -9999.0 -9999.0 -9999.0 -9999.0 -9999.0 -9999.0 -9999.0 -9999.0 -9999.0 -9999.0 -9999.0 -9999.0 -9999.0 -9999.0 -9999.0 -9999.0 -9999.0 -9999.0 -9999.0 -9999.0 -9999.0 -9999.0 -9999.0 -9999.0 -9999.0 -9999.0 -9999.0 -9999.0 -9999.0 -9999.0 -9999.0 -9999.0 -9999.0 -9999.0 -9999.0 -9999.0 -9999.0 -9999.0 -9999.0 -9999.0 -9999.0 -9999.0 -9999.0
-9999.0 -9999.0 -9999.0 -9999.0 -9999.0 -9999.0 -9999.0 -9999.0 -9999.0 -9999.0 -9999.0 -9999.0 -9999.0 -9999.0 -9999.0 -9999.0 -9999.0 -9999.0 -9999.0 -9999.0 -9999.0 -9999.0 -9999.0 -9999.0 -9999.0 -9999.0 -9999.0 -9999.0 -9999.0 -9999.0 -9999.0 -9999.0 -9999.0 -9999.0 -9999.0 -9999.0 -9999.0 -9999.0 -9999.0 -9999.0 -9999.0 -9999.0 -9999.0 -9999.0 -9999.0 -9999.0 -9999.0 -9999.0 -9999.0 -9999.0 -9999.0 -9999.0 -9999.0 -9999.0 -9999.0 -9999.0
-9999.0 -9999.0 -9999.0 -9999.0 -9999.0 -9999.0 -9999.0 -9999.0 -9999.0 -9999.0 -9999.0 -9999.0 -9999.0 -9999.0 -9999.0 -9999.0 -9999.0 -9999.0 -9999.0 -9999.0 -9999.0 -9999.0 -9999.0 -9999.0 -9999.0 -9999.0 -9999.0 -9999.0 -9999.0 -9999.0 -9999.0 -9999.0 -9999.0 -9999.0 -9999.0 -9999.0 -9999.0 -9999.0 -9999.0 -9999.0 -9999.0 -9999.0 -9999.0 -9999.0 -9999.0 -9999.0 -9999.0 -696.454098 -714.124467 -731.504141 -733.027463 -710.252999 -687.303953 -664.139986 -644.137340 -625.856569
-9999.0 -9999.0 -9999.0 -9999.0 -9999.0 -9999.0 -9999.0 -9999.0 -9999.0 -9999.0 -9999.0 -9999.0 -9999.0 -9999.0 -9999.0 -9999.0 -9999.0 -9999.0 -9999.0 -9999.0 -9999.0 -9999.0 -9999.0 -9999.0 -9999.0 -9999.0 -9999.0 -9999.0 -9999.0 -9999.0 -9999.0 -9999.0 -9999.0 -9999.0 -9999.0 -9999.0 -9999.0 -9999.0 -9999.0 -9999.0 -649.144049 -643.404644 -641.699487 -652.958473 -664.504755 -676.224860 -696.149136 -714.179154 -730.283356 -733.525858 -731.252212 -725.496503 -702.521938 -678.944410 -660.084747 -642.963489
-9999.0 -9999.0 -9999.0 -9999.0 -9999.0 -9999.0 -9999.0 -9999.0 -9999.0 -9999.0 -9999.0 -9999.0 -9999.0 -9999.0 -9999.0 -9999.0 -9999.0 -9999.0 -9999.0 -9999.0 -9999.0 -9999.0 -9999.0 -9999.0 -9999.0 -9999.0 -9999.0 -9999.0 -9999.0 -9999.0 -9999.0 -9999.0 -9999.0 -9999.0 -739.821231 -722.353214 -704.595283 -686.760944 -670.629356 -664.442710 -658.740471 -653.058697 -657.272535 -662.455401 -674.037581 -692.540457 -712.572134 -727.303479 -730.472812 -733.488831 -729.397688 -716.498868 -700.393950 -684.353038 -663.961922 -641.606811
-9999.0 -9999.0 -9999.0 -9999.0 -9999.0 -9999.0 -9999.0 -9999.0 -9999.0 -9999.0 -9999.0 -9999.0 -9999.0 -9999.0 -9999.0 -9999.0 -9999.0 -9999.0 -9999.0 -9999.0 -9999.0 -9999.0 -9999.0 -9999.0 -9999.0 -9999.0 -9999.0 -9999.0 -734.218298 -740.345756 -745.886631 -747.749925 -749.424253 -751.069201 -744.373932 -732.193479 -714.102962 -693.191986 -680.986134 -674.327202 -668.265322 -667.787181 -672.854314 -675.536775 -675.801338 -687.746638 -699.666020 -710.872378 -721.698782 -723.098600 -713.973909 -700.829863 -685.571545 -671.557253 -657.053128 -643.643703
-9999.0 -9999.0 -9999.0 -9999.0 -9999.0 -9999.0 -9999.0 -9999.0 -9999.0 -9999.0 -9999.0 -9999.0 -9999.0 -9999.0 -9999.0 -9999.0 -9999.0 -9999.0 -9999.0 -9999.0 -9999.0 -9999.0 -9999.0 -762.426299 -756.354694 -750.178092 -743.231258 -742.723869 -747.497212 -753.586780 -757.262915 -759.308978 -761.242925 -757.364187 -749.206447 -735.879527 -720.408693 -699.483287 -691.445863 -685.023146 -672.920476 -671.473796 -667.708019 -664.244507 -666.648163 -669.649012 -681.748571 -690.742449 -685.009610 -679.142793 -673.565457 -667.052338 -654.973895 -639.911032 -622.629862 -602.360755
-9999.0 -9999.0 -9999.0 -9999.0 -9999.0 -9999.0 -9999.0 -9999.0 -9999.0 -9999.0 -9999.0 -9999.0 -9999.0 -9999.0 -9999.0 -9999.0 -9999.0 -9999.0 -9999.0 -786.566351 -785.998908 -785.394554 -781.198219 -780.427777 -778.440612 -771.763077 -764.006141 -762.488856 -764.401596 -766.643817 -765.570510 -763.422926 -759.862594 -748.757369 -735.412095 -721.851947 -708.160435 -687.953290 -673.829252 -660.294636 -644.620497 -647.020077 -652.376857 -655.395196 -655.652240 -655.476195 -649.017379 -645.369123 -640.494196 -634.714921 -628.055872 -620.105772 -610.443321 -592.467768 -572.426479 -552.068657
-9999.0 -9999.0 -9999.0 -9999.0 -9999.0 -9999.0 -9999.0 -9999.0 -9999.0 -9999.0 -9999.0 -9999.0 -9999.0 -9999.0 -9999.0 -9999.0 -814.154325 -812.527024 -810.809479 -805.845112 -803.925765 -800.382239 -793.967055 -793.427716 -789.948745 -783.321885 -778.745531 -770.875374 -763.675429 -756.854119 -751.494356 -749.392229 -742.106918 -733.018956 -721.718488 -706.499058 -685.052623 -663.279901 -647.741590 -631.893538 -615.926580 -616.566652 -618.586343 -618.251191 -617.988631 -609.863231 -591.669837 -585.809001 -582.013389 -562.243445 -547.933020 -542.776034 -536.036725 -518.260671 -493.604860 -463.468751
-9999.0 -9999.0 -9999.0 -9999.0 -9999.0 -9999.0 -9999.0 -9999.0 -9999.0 -9999.0 -9999.0 -9999.0 -9999.0 -857.034644 -853.085367 -844.426768 -837.172412 -835.483053 -832.181903 -827.133917 -815.460951 -812.484523 -806.757313 -799.597652 -788.953758 -781.064086 -772.369349 -761.205186 -753.313003 -746.741857 -740.209579 -733.789668 -720.452582 -705.574339 -690.172931 -670.556831 -649.923109 -629.431104 -608.835873 -594.863110 -581.109237 -577.641579 -580.620238 -579.925122 -571.892338 -553.079526 -533.408838 -518.943828 -494.238564 -467.484580 -449.924057 -433.530025 -421.888334 -406.324917 -378.876258 -325.099641
-9999.0 -9999.0 -9999.0 -9999.0 -9999.0 -9999.0 -9999.0 -9999.0 -9999.0 -9999.0 -892.804150 -890.207684 -893.895031 -892.930211 -888.862637 -877.527653 -865.064466 -858.461340 -847.948227 -828.162440 -811.917229 -809.016613 -794.615739 -785.390883 -779.538741 -769.386161 -756.887662 -744.444448 -727.563354 -715.519321 -703.131811 -682.605221 -666.934337 -651.482127 -634.783543 -616.183479 -595.479347 -565.040446 -537.566607 -522.895106 -497.063856 -480.591359 -484.335475 -484.474140 -476.436215 -455.031580 -423.762152 -385.104539 -348.849898 -305.347929 -268.158019 -243.255312 -225.585709 -206.881822 -185.543247 -152.085987
-9999.0 -9999.0 -9999.0 -9999.0 -9999.0 -9999.0 -9999.0 -9999.0 -916.323757 -909.897694 -903.705012 -906.999483 -912.101912 -915.325031 -903.040048 -887.717586 -872.361284 -856.212014 -840.909931 -823.897516 -808.807765 -792.709102 -774.356030 -763.200095 -751.964316 -737.582591 -724.636317 -707.127145 -686.576503 -671.960787 -652.888659 -631.739625 -612.760384 -595.589643 -578.057517 -560.193956 -530.176457 -493.520280 -456.753875 -425.001233 -387.795574 -350.915158 -346.819403 -339.982956 -330.040520 -287.031725 -235.209869 -190.098359 -156.176485 -128.393079 -101.220486 -85.557974 -74.799940 -61.491254 -45.106113 -29.745766
-9999.0 -9999.0 -9999.0 -9999.0 -9999.0 -9999.0 -941.127386 -917.330634 -902.979937 -910.983244 -918.537398 -921.913151 -925.363332 -908.341608 -887.770905 -871.695657 -855.767361 -839.278259 -823.840473 -809.117825 -774.119601 -759.249042 -744.910005 -725.263980 -712.375862 -699.448303 -682.968083 -660.041720 -637.200874 -603.939319 -572.821178 -544.676605 -517.203754 -496.132602 -475.781204 -452.610862 -412.154972 -358.949848 -300.933048 -248.605424 -205.848304 -168.965915 -155.527327 -148.317694 -140.093823 -123.263270 -94.976239 -65.671759 -33.162642 -3.307968 18.983598 29.680910 39.587262 51.577288 66.633637 82.776116
-9999.0 -9999.0 -9999.0 -9999.0 -974.064863 -953.370839 -932.864706 -902.275717 -879.999790 -885.935616 -878.629338 -878.166712 -879.496046 -877.991902 -873.324063 -856.156858 -839.555196 -822.923420 -804.604730 -766.453897 -726.716591 -710.647259 -683.820854 -652.427679 -639.283575 -625.474125 -611.128926 -588.502354 -557.755990 -520.460053 -467.460937 -417.453564 -379.717677 -344.563559 -311.385624 -270.962246 -220.088712 -171.718816 -134.244040 -101.077734 -71.256253 -46.766745 -31.174602 -23.282411 -13.332432 -0.555519 16.895460 41.961698 70.699174 103.333832 126.780303 142.758163 150.286490 162.881905 178.212012 201.513419
-9999.0 -9999.0 -9999.0 -1019.529768 -981.405657 -945.353006 -917.998260 -887.412346 -856.490476 -849.754344 -842.147072 -835.393835 -828.382952 -819.752341 -809.628830 -794.366604 -781.962956 -771.447351 -751.863923 -716.145489 -680.482775 -645.674285 -613.707221 -581.599169 -557.290426 -541.219410 -524.518107 -498.004876 -452.171263 -398.583861 -322.416049 -237.893457 -185.332703 -155.266786 -135.660226 -111.664366 -88.105913 -55.548628 -24.656256 4.327643 33.924671 59.711261 83.109661 91.644534 97.637841 106.534961 122.090559 143.996689 167.716557 204.069452 224.826049 250.714156 257.029438 271.473444 287.334151 302.909878
-9999.0 -9999.0 -1065.279984 -1028.978964 -993.370476 -941.253801 -889.316808 -856.766352 -816.448875 -791.093975 -784.200417 -765.291202 -748.402964 -740.040698 -723.071133 -706.140561 -695.192124 -693.887474 -683.766484 -646.995186 -591.881583 -539.740555 -498.464848 -430.494659 -387.150827 -358.097143 -339.739034 -301.769286 -248.782968 -187.011573 -135.460263 -87.986425 -49.626486 -19.879728 -6.600072 8.949952 31.262498 53.856982 82.692821 109.068087 137.944572 166.427514 199.283401 209.648624 207.435223 226.048168 240.003642 266.797286 287.903413 308.074863 322.415712 325.726106 326.293621 328.416821 330.098208 331.086767
-9999.0 -9999.0 -1089.341454 -1045.946074 -1002.124318 -930.400305 -857.018939 -819.645023 -776.996707 -733.841291 -715.206739 -692.566675 -671.770729 -651.405326 -627.953219 -603.498220 -601.867259 -600.767764 -602.462062 -546.942595 -482.172640 -395.293886 -280.487021 -199.231969 -155.619526 -145.423470 -138.760721 -121.721935 -96.784472 -53.649533 -4.840308 44.874248 86.323596 113.990679 127.734562 142.254109 163.432371 191.657622 207.824669 231.793174 257.011865 278.678566 302.626116 320.256371 325.611348 327.127600 324.559886 327.471267 328.982324 329.874303 329.333587 325.326017 325.534187 326.749943 328.047258 323.321655
-9999.0 -1174.269425 -1122.699416 -1068.055618 -996.627837 -926.281599 -838.842217 -757.830867 -711.070999 -671.444097 -644.162005 -622.833361 -562.427904 -507.621514 -476.646707 -441.077837 -445.089629 -450.378693 -459.027431 -406.858951 -321.306730 -193.915604 -80.287715 -24.298598 8.989448 14.368485 11.684253 25.429780 50.265779 87.840953 145.398123 195.042819 236.241056 265.585306 275.247122 278.375089 292.431458 310.299038 322.324906 326.833252 329.997411 332.137837 329.797250 330.308039 330.624317 330.157253 326.072161 320.564827 313.140479 307.077092 300.125090 289.609707 297.387261 302.928451 304.785930 296.301488
-9999.0 -1207.550544 -1146.756496 -1073.537625 -1000.929621 -919.194968 -802.677457 -680.143168 -637.292476 -605.183851 -573.747244 -515.659759 -408.043939 -310.411456 -251.643520 -203.362781 -204.282451 -216.799485 -214.968828 -174.100499 -117.781408 -43.591837 70.198431 150.440195 173.450795 186.432362 195.066008 216.233020 242.965527 266.789528 287.477179 308.244888 315.504852 318.340229 319.350959 319.997775 320.784001 321.145173 318.052091 314.623952 310.564983 310.973761 314.707843 314.526165 311.715095 307.285359 294.461062 290.290585 284.211223 276.590060 262.550498 254.680482 255.427181 262.230735 262.282612 247.587943
-9999.0 -1228.771592 -1160.363318 -1093.741089 -1015.713788 -885.483822 -765.690468 -640.831852 -554.678321 -516.384633 -449.319258 -317.344571 -195.893809 -119.158445 -76.841377 -53.122358 -39.729494 -41.638265 -19.959914 34.280281 109.568221 180.324414 231.100345 285.670160 296.871283 299.202029 296.365267 298.734872 301.091841 302.083182 303.193807 303.224468 308.458361 311.043522 310.043944 307.081211 301.471931 291.994795 286.071608 282.793000 279.451834 279.441467 282.408823 282.848814 279.796434 272.978558 255.325451 245.792591 237.608976 228.386004 219.984777 213.763949 211.975212 209.784104 205.986853 197.152130
-9999.0 -1309.674104 -1227.759259 -1162.496838 -1017.775755 -856.900717 -735.799126 -582.187015 -447.641513 -374.347834 -231.885006 -131.126797 -49.961462 2.976255 39.967125 79.374470 107.214081 136.420157 177.882310 219.506530 268.965273 295.180344 302.053661 305.724170 300.244963 300.446584 290.789737 271.391385 261.118364 254.757284 256.805744 264.045510 270.587530 276.545172 274.359914 273.046168 266.181212 252.705172 245.629155 236.806011 229.186756 224.100003 223.218493 228.369820 222.504558 216.585280 205.807652 195.439852 185.390391 176.043760 166.823658 159.111169 156.071908 150.991962 149.686374 141.937178
-9999.0 -1390.305794 -1310.336072 -1198.421529 -1039.844143 -877.316024 -724.409640 -551.343694 -332.304180 -196.195684 -104.628794 -59.549888 -1.092217 57.881937 115.874662 148.927120 167.620626 177.304910 189.461491 208.468129 208.197963 211.080810 227.565921 249.597777 257.666327 257.814019 234.646699 218.259677 210.022948 208.916798 208.447478 208.848785 208.969304 207.708694 204.116551 203.867637 204.518154 194.950619 185.580564 177.709178 171.130667 163.753555 158.743908 156.062729 153.444843 151.813105 142.901253 131.637169 120.667146 112.044975 103.625188 97.174816 94.967821 90.740020 84.936825 74.853150
-9999.0 -1471.568403 -1359.427149 -1251.838115 -1109.081384 -967.394533 -826.161156 -656.746184 -484.770449 -219.541108 -55.334421 -23.983106 -1.266613 36.228644 91.706610 143.331481 149.790313 123.739429 104.638002 99.901090 111.146768 125.139336 141.485297 162.474608 177.160502 182.902301 176.951841 165.511020 151.447141 144.047189 140.327703 133.272251 127.829610 127.300164 125.258497 129.245390 130.870223 120.468179 107.860784 93.737327 81.689629 72.886287 69.975793 70.527197 69.802073 66.517612 59.127044 49.188085 37.298976 26.589427 18.511144 12.877037 7.192030 -0.530238 -9.150035 -18.593015
-9999.0 -9999.0 -1426.198397 -1312.930495 -1193.233838 -1061.659109 -927.368942 -767.442704 -611.588917 -394.798358 -227.903176 -144.004982 -97.973023 -58.933932 -9.769628 31.838852 39.471727 47.800901 26.345050 28.882280 36.073808 43.507373 55.077316 68.185846 80.315456 87.315374 90.223838 87.126008 77.826111 63.705183 47.900109 35.880976 28.313898 22.811700 29.222190 38.422605 36.379350 29.747387 19.038691 5.374779 -5.890841 -17.152518 -20.006559 -19.072945 -19.109198 -21.892915 -26.824562 -38.504214 -50.690323 -62.994113 -69.176923 -75.264745 -81.177681 -91.457850 -102.211440 -114.264046
-9999.0 -9999.0 -1506.944882 -1394.116123 -1269.380582 -1141.187052 -1029.036337 -908.476397 -747.691299 -624.805436 -517.306326 -414.227909 -311.832911 -233.345678 -187.541159 -142.610117 -121.711271 -112.327635 -108.216759 -94.680212 -74.874944 -55.603361 -42.208689 -30.444917 -19.356146 -10.350823 -3.205769 -12.490447 -21.918697 -36.098569 -54.215243 -74.360810 -85.523624 -91.221676 -87.876673 -81.651926 -86.386221 -95.701992 -108.729097 -123.605216 -135.133547 -145.840841 -149.161836 -150.721106 -151.259413 -153.776103 -157.347805 -167.502447 -181.717690 -193.509912 -204.018331 -213.427278 -219.844946 -232.423264 -249.419420 -264.906447
