tests/Borden05m/sims/sim_1/output-maps/psiliqL0027N0012.asc
ncols         160
nrows         34
xllcorner     620200.000000
yllcorner     5168000.000000
cellsize      0.500000
NODATA_value  -9999.0
[rows 0 to 24 of 34, columns 0 to 54 of 160]
-9999.0 -9999.0 -9999.0 -9999.0 -9999.0 -9999.0 -9999.0 -9999.0 -9999.0 -9999.0 -9999.0 -9999.0 -9999.0 -9999.0 -9999.0 -9999.0 -9999.0 -9999.0 -9999.0 -9999.0 -9999.0 -9999.0 -9999.0 -9999.0 -9999.0 -9999.0 -9999.0 -9999.0 -9999.0 -9999.0 -9999.0 -9999.0 -9999.0 -9999.0 -9999.0 -9999.0 -9999.0 -9999.0 -9999.0 -9999.0 -9999.0 -9999.0 -9999.0 -9999.0 -9999.0 -9999.0 -9999.0 -9999.0 -9999.0 -9999.0 -9999.0 -9999.0 -9999.0 -9999.0 -9999.0
-9999.0 -9999.0 -9999.0 -9999.0 -9999.0 -9999.0 -9999.0 -9999.0 -9999.0 -9999.0 -9999.0 -9999.0 -9999.0 -9999.0 -9999.0 -9999.0 -9999.0 -9999.0 -9999.0 -9999.0 -9999.0 -9999.0 -9999.0 -9999.0 -9999.0 -9999.0 -9999.0 -9999.0 -9999.0 -9999.0 -9999.0 -9999.0 -9999.0 -9999.0 -9999.0 -9999.0 -9999.0 -9999.0 -9999.0 -9999.0 -9999.0 -9999.0 -9999.0 -9999.0 -9999.0 -9999.0 -9999.0 -9999.0 -9999.0 -9999.0 -9999.0 -9999.0 -9999.0 -9999.0 -9999.0
-9999.0 -9999.0 -9999.0 -9999.0 -9999.0 -9999.0 -9999.0 -9999.0 -9999.0 -9999.0 -9999.0 -9999.0 -9999.0 -9999.0 -9999.0 -9999.0 -9999.0 -9999.0 -9999.0 -9999.0 -9999.0 -9999.0 -9999.0 -9999.0 -9999.0 -9999.0 -9999.0 -9999.0 -9999.0 -9999.0 -9999.0 -9999.0 -9999.0 -9999.0 -9999.0 -9999.0 -9999.0 -9999.0 -9999.0 -9999.0 -9999.0 -9999.0 -9999.0 -9999.0 -9999.0 -9999.0 -9999.0 3472.892311 3455.696737 3442.434906 3437.343803 3458.043976 3480.883042 3504.499364 3524.822087
-9999.0 -9999.0 -9999.0 -9999.0 -9999.0 -9999.0 -9999.0 -9999.0 -9999.0 -9999.0 -9999.0 -9999.0 -9999.0 -9999.0 -9999.0 -9999.0 -9999.0 -9999.0 -9999.0 -9999.0 -9999.0 -9999.0 -9999.0 -9999.0 -9999.0 -9999.0 -9999.0 -9999.0 -9999.0 -9999.0 -9999.0 -9999.0 -9999.0 -9999.0 -9999.0 -9999.0 -9999.0 -9999.0 -9999.0 -9999.0 3524.141257 3529.971923 3529.445145 3519.509937 3508.009367 3493.990819 3473.187619 3456.024245 3443.047206 3441.053970 3443.274698 3445.444026 3465.638026 3490.893692 3510.607874
-9999.0 -9999.0 -9999.0 -9999.0 -9999.0 -9999.0 -9999.0 -9999.0 -9999.0 -9999.0 -9999.0 -9999.0 -9999.0 -9999.0 -9999.0 -9999.0 -9999.0 -9999.0 -9999.0 -9999.0 -9999.0 -9999.0 -9999.0 -9999.0 -9999.0 -9999.0 -9999.0 -9999.0 -9999.0 -9999.0 -9999.0 -9999.0 -9999.0 -9999.0 3432.236773 3448.969904 3466.688391 3485.075625 3501.898857 3508.850007 3514.582505 3519.736824 3514.843378 3510.233338 3498.257128 3476.768465 3457.287231 3444.462490 3443.446335 3440.806844 3443.997054 3455.066292 3471.350007 3485.893467 3506.056717
-9999.0 -9999.0 -9999.0 -9999.0 -9999.0 -9999.0 -9999.0 -9999.0 -9999.0 -9999.0 -9999.0 -9999.0 -9999.0 -9999.0 -9999.0 -9999.0 -9999.0 -9999.0 -9999.0 -9999.0 -9999.0 -9999.0 -9999.0 -9999.0 -9999.0 -9999.0 -9999.0 -9999.0 3438.766827 3432.685908 3427.704695 3425.889868 3424.181174 3423.026004 3429.476559 3440.249361 3456.908743 3478.787226 3491.871566 3498.913728 3505.612662 3505.658514 3499.368529 3497.375628 3497.557916 3484.459701 3471.766436 3459.862163 3448.183738 3444.500465 3452.929672 3466.799791 3482.617398 3496.749727 3511.569154
-9999.0 -9999.0 -9999.0 -9999.0 -9999.0 -9999.0 -9999.0 -9999.0 -9999.0 -9999.0 -9999.0 -9999.0 -9999.0 -9999.0 -9999.0 -9999.0 -9999.0 -9999.0 -9999.0 -9999.0 -9999.0 -9999.0 -9999.0 3409.365009 3414.034922 3420.352387 3427.818940 3428.562419 3425.161927 3419.585087 3416.682605 3414.970841 3412.303827 3416.515627 3423.034130 3435.518534 3450.297712 3472.234535 3480.027795 3483.676650 3494.506917 3497.905915 3505.539129 3508.961479 3506.577403 3501.876921 3486.213161 3473.883332 3475.198338 3478.463322 3484.782315 3492.618184 3505.568916 3518.547355 3533.035905
-9999.0 -9999.0 -9999.0 -9999.0 -9999.0 -9999.0 -9999.0 -9999.0 -9999.0 -9999.0 -9999.0 -9999.0 -9999.0 -9999.0 -9999.0 -9999.0 -9999.0 -9999.0 -9999.0 3385.192650 3386.153251 3387.537894 3392.237096 3392.396022 3393.889486 3400.343761 3408.014238 3410.646907 3408.033461 3406.734935 3407.608931 3409.700677 3413.727320 3423.505469 3436.209481 3449.421416 3461.386571 3481.283348 3494.877262 3506.274526 3520.686180 3520.588902 3516.379665 3514.073076 3513.249126 3510.738733 3507.840228 3505.801600 3511.250539 3510.794230 3513.271100 3521.652571 3532.952103 3548.503898 3565.008536
-9999.0 -9999.0 -9999.0 -9999.0 -9999.0 -9999.0 -9999.0 -9999.0 -9999.0 -9999.0 -9999.0 -9999.0 -9999.0 -9999.0 -9999.0 -9999.0 3356.321990 3357.947882 3360.165175 3365.521998 3369.110982 3372.793171 3379.476920 3380.656010 3383.592783 3390.146849 3393.977123 3402.716184 3410.478303 3416.790059 3421.793124 3423.278015 3428.688850 3436.771149 3447.006056 3459.562707 3478.300190 3500.752497 3515.260223 3530.833629 3547.016019 3546.586484 3543.851552 3543.076241 3540.489124 3540.456792 3553.562236 3555.579214 3548.836182 3556.970290 3567.605981 3569.332710 3575.321274 3594.251102 3615.448333
-9999.0 -9999.0 -9999.0 -9999.0 -9999.0 -9999.0 -9999.0 -9999.0 -9999.0 -9999.0 -9999.0 -9999.0 -9999.0 3306.844985 3310.606764 3320.665624 3332.171473 3335.014065 3339.744037 3346.190600 3357.904692 3361.066853 3366.471599 3372.978711 3384.973336 3392.789824 3400.617388 3411.325830 3418.201284 3423.956305 3429.053856 3430.432321 3440.432223 3452.960007 3465.818082 3483.448785 3504.001571 3520.931983 3537.614362 3552.810552 3563.120695 3559.024200 3557.197947 3558.276196 3561.673579 3573.226577 3588.501247 3587.245996 3595.207771 3614.501590 3623.536227 3629.622603 3634.703869 3647.814216 3668.631733
-9999.0 -9999.0 -9999.0 -9999.0 -9999.0 -9999.0 -9999.0 -9999.0 -9999.0 -9999.0 3281.039122 3282.205059 3278.117821 3274.793630 3280.300617 3292.291591 3306.535758 3311.510078 3323.073265 3343.952014 3362.136065 3364.422763 3376.877744 3386.162497 3391.806332 3400.286152 3411.697713 3422.176668 3435.843499 3445.783366 3452.674181 3467.050442 3481.034649 3495.411710 3510.864827 3529.624164 3543.938427 3565.816080 3589.137782 3596.222009 3611.553199 3612.755295 3607.606860 3604.685915 3612.948753 3622.681713 3635.921566 3649.983372 3667.199509 3687.885476 3696.832278 3708.816821 3717.027177 3726.581587 3741.269326
-9999.0 -9999.0 -9999.0 -9999.0 -9999.0 -9999.0 -9999.0 -9999.0 3256.748911 3264.680841 3269.596000 3265.828993 3260.816736 3254.198952 3268.386865 3283.134865 3298.248992 3315.926044 3330.644380 3348.056585 3360.855768 3374.350746 3393.268308 3402.583870 3411.602767 3425.002862 3436.306175 3449.242484 3467.887552 3473.719353 3482.744126 3500.297800 3514.100296 3529.191488 3545.643575 3560.414777 3578.837712 3607.387484 3634.777435 3649.414362 3674.139162 3689.944490 3683.240159 3680.550287 3680.940179 3702.876977 3727.909140 3755.891959 3773.574835 3795.954105 3823.355060 3841.819862 3850.692596 3861.440018 3874.941464
-9999.0 -9999.0 -9999.0 -9999.0 -9999.0 -9999.0 3228.536023 3252.624581 3267.387336 3258.187617 3243.062855 3237.126534 3230.076474 3260.821216 3282.447375 3298.918995 3314.634411 3331.117283 3346.200119 3353.112588 3381.136421 3399.316824 3409.575121 3421.060552 3433.973876 3446.821320 3461.370363 3480.946229 3496.641123 3516.589160 3530.656227 3545.218441 3567.235174 3583.028873 3598.511592 3610.680749 3636.866760 3670.270292 3703.693216 3727.011560 3750.522939 3781.260240 3780.240559 3781.514929 3782.571202 3805.872312 3839.146194 3868.330186 3899.552649 3929.586669 3957.545079 3967.780294 3976.525209 3986.208640 3998.538455
-9999.0 -9999.0 -9999.0 -9999.0 3196.879818 3217.370793 3235.405016 3264.840514 3286.118338 3280.446123 3283.880449 3280.906337 3275.416979 3279.602300 3286.843872 3302.900782 3320.877602 3339.201908 3351.990658 3377.291733 3422.865910 3432.261624 3447.545133 3475.352753 3484.759514 3497.225182 3511.304348 3530.252811 3547.063639 3572.705798 3605.271826 3632.858268 3652.940437 3671.012304 3689.051413 3704.910466 3739.062079 3775.131242 3809.960341 3840.729780 3867.006433 3892.529602 3898.741512 3903.354716 3913.065508 3929.845787 3952.235462 3979.490911 4012.830937 4044.667744 4067.718374 4076.590270 4081.672346 4091.087013 4098.501242
-9999.0 -9999.0 -9999.0 3142.741337 3181.451812 3220.776360 3245.695031 3275.139343 3306.684142 3305.422614 3313.154709 3311.727608 3309.316781 3313.451963 3315.200921 3330.371856 3347.255726 3365.910945 3385.881817 3417.925110 3445.488167 3461.424696 3487.656402 3502.043100 3513.501344 3525.010112 3542.282482 3561.018612 3596.052995 3624.557889 3669.398916 3718.964235 3750.244978 3768.978757 3790.813105 3817.771600 3842.453604 3880.738868 3914.328138 3946.033299 3975.936962 3997.819955 4011.852269 4016.336657 4025.809378 4031.452971 4043.868781 4064.660669 4086.810001 4117.295365 4146.370022 4175.088805 4190.247877 4201.241936 4218.268179
-9999.0 -9999.0 3094.344901 3133.816373 3164.610065 3210.403187 3262.766657 3297.136940 3335.547305 3353.190684 3355.180784 3364.362848 3373.487707 3373.079548 3380.387666 3391.665563 3412.735594 3420.655605 3440.034334 3454.024591 3489.576792 3521.925503 3516.029839 3552.843348 3581.851868 3613.673329 3634.259136 3660.119021 3697.180442 3730.244927 3773.914342 3823.227722 3857.039097 3884.537231 3900.157519 3920.124257 3940.200706 3966.286393 4002.723084 4028.197456 4061.575919 4086.814870 4106.261187 4106.948388 4109.596207 4125.628238 4153.801066 4184.502875 4213.294658 4242.170372 4226.575873 4250.040139 4260.528543 4266.380283 4275.581290
-9999.0 -9999.0 3063.724809 3110.195163 3143.921207 3200.573974 3286.812908 3320.028328 3358.896329 3403.339687 3415.812293 3435.979585 3427.889634 3414.790374 3431.154030 3444.054418 3463.972777 3470.720450 3463.852930 3514.927780 3566.314426 3588.963597 3593.258404 3669.504000 3721.299732 3745.301139 3761.730140 3781.633592 3800.976016 3838.877058 3877.568491 3931.652838 3972.617833 4002.238940 4016.616721 4036.496217 4055.870548 4070.817598 4090.247147 4136.873722 4172.313335 4203.032502 4234.864064 4256.144594 4264.279566 4269.320601 4243.548334 4263.166289 4276.470360 4282.208323 4284.498656 4280.700625 4280.139742 4280.970001 4281.894474
-9999.0 2971.230765 3022.390503 3072.345529 3135.902254 3195.986465 3269.445636 3343.137693 3408.934896 3460.344838 3484.427470 3475.641052 3472.823978 3496.210598 3514.376440 3529.544485 3534.465533 3544.261094 3524.507936 3577.328095 3612.938614 3660.622092 3758.903060 3816.796354 3880.138992 3875.876441 3864.003256 3868.654383 3884.297937 3930.547495 4009.459929 4065.635729 4131.455864 4180.429452 4197.509476 4204.995453 4223.684496 4244.450547 4191.840152 4235.548762 4255.701915 4272.518145 4282.052131 4284.369939 4285.664451 4285.423393 4281.716442 4274.664434 4266.462934 4260.598042 4256.351701 4251.848699 4254.287423 4257.618853 4257.771292
-9999.0 2932.483483 2988.293126 3056.005723 3122.627327 3167.366640 3247.321048 3414.070881 3476.145377 3513.155889 3516.774784 3489.020495 3544.826036 3603.495570 3626.766238 3671.381802 3655.044980 3639.518718 3601.144342 3625.668357 3663.467887 3733.791047 3905.371096 3993.876770 4046.659487 4054.555961 4055.173456 4083.488381 4127.842353 4175.579157 4221.786053 4189.417442 4239.717668 4264.515009 4269.696845 4270.422190 4275.985994 4274.490900 4273.094202 4268.621121 4263.441066 4263.610524 4268.263369 4268.112270 4265.134117 4261.724732 4256.005125 4248.584083 4243.400078 4238.767394 4236.113955 4233.284123 4231.294911 4230.499504 4225.591952
-9999.0 2891.111553 2965.896782 3021.986197 3065.731036 3153.952125 3283.307594 3427.055984 3522.719813 3555.611714 3529.337386 3561.558816 3663.823045 3770.093415 3822.083472 3842.705731 3822.239017 3772.333186 3750.946827 3794.272736 3864.861761 3985.862864 4126.955392 4227.427587 4242.918729 4246.374538 4197.367959 4223.736761 4248.177296 4251.077583 4252.225180 4260.450391 4265.548911 4268.529114 4266.947478 4264.050799 4259.219274 4250.997095 4246.200468 4242.486476 4238.691692 4237.479721 4239.437896 4241.319093 4238.474167 4234.565376 4230.083396 4224.506623 4218.175302 4211.389015 4207.031428 4202.742083 4200.591114 4194.972749 4191.482849
-9999.0 2771.578244 2862.231102 2900.450298 2969.968786 3157.611890 3285.982466 3424.408178 3590.095449 3608.469005 3651.073683 3791.205760 3911.047042 3991.708641 4019.845711 4052.769570 4077.135705 4092.745116 4129.692682 4005.961132 4087.889214 4187.882051 4233.860858 4253.798935 4264.252242 4264.633429 4254.659310 4233.750524 4222.987598 4216.228286 4217.839371 4225.134707 4229.764343 4234.513403 4232.196887 4233.300300 4234.479909 4231.275779 4227.229131 4218.454692 4210.574649 4203.796494 4200.419092 4205.075022 4200.428655 4198.110551 4191.876128 4183.372848 4174.367081 4166.979085 4158.956399 4152.366460 4150.140468 4145.130823 4143.922800
-9999.0 2690.664875 2762.708221 2811.676723 2918.100446 3079.165486 3169.809582 3325.677901 3568.465226 3705.658613 3872.032703 3964.229186 4034.544853 4075.501759 4125.259846 4177.785783 4205.071398 4217.104939 4185.218692 4208.354155 4165.042868 4153.895616 4171.592730 4201.058188 4218.542295 4222.674671 4214.869426 4205.798918 4198.524480 4197.400914 4195.166038 4190.906990 4186.602076 4182.903392 4179.763662 4182.814281 4188.190939 4180.986666 4170.565437 4160.994851 4152.372034 4143.060782 4137.059354 4132.294237 4132.767703 4133.054121 4125.374038 4114.826797 4103.901056 4095.558662 4088.352450 4083.890806 4081.163103 4076.141737 4066.308573
-9999.0 2567.892587 2702.067981 2776.107959 2858.543937 2983.204849 3083.202704 3231.981913 3358.860879 3604.886444 3744.465529 3943.295158 3993.874408 4064.762560 4111.668964 4185.610345 4180.716144 4149.388192 4105.671637 4089.602649 4101.334431 4110.482733 4118.598008 4132.917214 4150.711286 4160.942998 4166.182773 4160.267004 4146.018439 4133.349847 4121.945107 4107.997615 4098.432196 4095.852861 4100.118960 4110.326686 4110.725130 4101.386658 4087.153947 4068.730769 4052.978383 4041.059251 4039.100580 4041.963275 4043.118895 4038.987588 4033.213257 4022.382872 4009.723512 3997.198890 3991.584503 3987.274455 3979.767256 3968.385179 3956.382489
-9999.0 -9999.0 2614.866323 2722.665561 2805.372828 2912.786699 2995.019660 3108.203825 3245.417334 3414.739090 3530.643679 3714.572849 3811.567842 3855.792127 3888.951737 3945.126623 3971.171528 4003.572292 3998.874164 4011.340106 4021.653891 4027.127118 4032.284006 4037.792134 4048.225384 4058.116076 4068.579506 4065.758576 4056.964422 4036.210475 4010.134736 3989.827115 3979.204533 3969.780090 3982.093214 3994.726889 3989.026854 3982.079612 3969.358789 3953.072325 3940.502102 3926.191544 3922.742114 3922.624028 3923.249539 3920.969490 3918.567919 3906.122098 3893.864470 3884.076027 3880.129065 3874.517115 3871.036268 3861.262919 3850.691796
-9999.0 -9999.0 2525.820109 2628.953664 2728.943241 2835.223315 2915.276043 2920.403515 3050.238751 3150.530112 3257.514626 3369.376222 3467.133963 3536.176174 3568.265926 3630.747203 3688.221579 3706.984221 3748.835359 3804.690081 3839.730919 3880.101654 3903.597778 3912.958622 3925.468431 3940.071486 3947.497320 3932.035837 3920.735281 3903.596971 3879.992229 3853.039759 3839.398113 3839.143034 3837.960595 3839.245672 3831.483701 3822.560486 3808.069868 3794.237299 3782.080421 3773.325638 3769.771999 3764.042167 3761.678899 3758.962646 3757.360732 3752.342341 3744.284374 3739.912029 3731.720760 3728.149951 3727.505625 3724.698436 3719.197957
