tests/Borden05m/sims/sim_1/output-maps/psiliqL0019N0002.asc
ncols         160
nrows         34
xllcorner     620200.000000
yllcorner     5168000.000000
cellsize      0.500000
NODATA_value  -9999.0
[rows 0 to 24 of 34, columns 0 to 54 of 160]
-9999.0 -9999.0 -9999.0 -9999.0 -9999.0 -9999.0 -9999.0 -9999.0 -9999.0 -9999.0 -9999.0 -9999.0 -9999.0 -9999.0 -9999.0 -9999.0 -9999.0 -9999.0 -9999.0 -9999.0 -9999.0 -9999.0 -9999.0 -9999.0 -9999.0 -9999.0 -9999.0 -9999.0 -9999.0 -9999.0 -9999.0 -9999.0 -9999.0 -9999.0 -9999.0 -9999.0 -9999.0 -9999.0 -9999.0 -9999.0 -9999.0 -9999.0 -9999.0 -9999.0 -9999.0 -9999.0 -9999.0 -9999.0 -9999.0 -9999.0 -9999.0 -9999.0 -9999.0 -9999.0 -9999.0
-9999.0 -9999.0 -9999.0 -9999.0 -9999.0 -9999.0 -9999.0 -9999.0 -9999.0 -9999.0 -9999.0 -9999.0 -9999.0 -9999.0 -9999.0 -9999.0 -9999.0 -9999.0 -9999.0 -9999.0 -9999.0 -9999.0 -9999.0 -9999.0 -9999.0 -9999.0 -9999.0 -9999.0 -9999.0 -9999.0 -9999.0 -9999.0 -9999.0 -9999.0 -9999.0 -9999.0 -9999.0 -9999.0 -9999.0 -9999.0 -9999.0 -9999.0 -9999.0 -9999.0 -9999.0 -9999.0 -9999.0 -9999.0 -9999.0 -9999.0 -9999.0 -9999.0 -9999.0 -9999.0 -9999.0
-9999.0 -9999.0 -9999.0 -9999.0 -9999.0 -9999.0 -9999.0 -9999.0 -9999.0 -9999.0 -9999.0 -9999.0 -9999.0 -9999.0 -9999.0 -9999.0 -9999.0 -9999.0 -9999.0 -9999.0 -9999.0 -9999.0 -9999.0 -9999.0 -9999.0 -9999.0 -9999.0 -9999.0 -9999.0 -9999.0 -9999.0 -9999.0 -9999.0 -9999.0 -9999.0 -9999.0 -9999.0 -9999.0 -9999.0 -9999.0 -9999.0 -9999.0 -9999.0 -9999.0 -9999.0 -9999.0 -9999.0 1888.073358 1870.938470 1856.476902 1853.196684 1875.148605 1898.517210 1922.447645 1943.122641
-9999.0 -9999.0 -9999.0 -9999.0 -9999.0 -9999.0 -9999.0 -9999.0 -9999.0 -9999.0 -9999.0 -9999.0 -9999.0 -9999.0 -9999.0 -9999.0 -9999.0 -9999.0 -9999.0 -9999.0 -9999.0 -9999.0 -9999.0 -9999.0 -9999.0 -9999.0 -9999.0 -9999.0 -9999.0 -9999.0 -9999.0 -9999.0 -9999.0 -9999.0 -9999.0 -9999.0 -9999.0 -9999.0 -9999.0 -9999.0 1936.489416 1942.465586 1943.099890 1933.067242 1921.972559 1909.228309 1889.086887 1871.688479 1857.823498 1855.766253 1858.502827 1862.597276 1884.397902 1909.549273 1929.468215
-9999.0 -9999.0 -9999.0 -9999.0 -9999.0 -9999.0 -9999.0 -9999.0 -9999.0 -9999.0 -9999.0 -9999.0 -9999.0 -9999.0 -9999.0 -9999.0 -9999.0 -9999.0 -9999.0 -9999.0 -9999.0 -9999.0 -9999.0 -9999.0 -9999.0 -9999.0 -9999.0 -9999.0 -9999.0 -9999.0 -9999.0 -9999.0 -9999.0 -9999.0 1844.016180 1861.235087 1879.294882 1897.845350 1914.770759 1921.747784 1927.590971 1933.227347 1928.999894 1924.628173 1913.301706 1893.466532 1874.249199 1861.113508 1859.744483 1857.518546 1861.664952 1874.071730 1890.937680 1906.708725 1927.576364
-9999.0 -9999.0 -9999.0 -9999.0 -9999.0 -9999.0 -9999.0 -9999.0 -9999.0 -9999.0 -9999.0 -9999.0 -9999.0 -9999.0 -9999.0 -9999.0 -9999.0 -9999.0 -9999.0 -9999.0 -9999.0 -9999.0 -9999.0 -9999.0 -9999.0 -9999.0 -9999.0 -9999.0 1848.740541 1842.879031 1838.041192 1836.620580 1835.350576 1834.386376 1841.136584 1852.785949 1870.407504 1892.363070 1905.583561 1912.938434 1919.810906 1920.505850 1915.238327 1913.565961 1914.176221 1902.167997 1890.424066 1879.451505 1868.811227 1866.748139 1876.210680 1890.586642 1906.977995 1921.857643 1937.325628
-9999.0 -9999.0 -9999.0 -9999.0 -9999.0 -9999.0 -9999.0 -9999.0 -9999.0 -9999.0 -9999.0 -9999.0 -9999.0 -9999.0 -9999.0 -9999.0 -9999.0 -9999.0 -9999.0 -9999.0 -9999.0 -9999.0 -9999.0 1818.720356 1824.151438 1830.756287 1838.404426 1839.422954 1835.744838 1830.331399 1827.573571 1826.227098 1824.359405 1828.948855 1836.573605 1849.902808 1865.518340 1887.658776 1896.184035 1901.541533 1913.488233 1916.828978 1923.696914 1927.884157 1926.289643 1923.062698 1909.654601 1899.518554 1903.436272 1908.650387 1915.670394 1923.997287 1937.588368 1952.323847 1968.801327
-9999.0 -9999.0 -9999.0 -9999.0 -9999.0 -9999.0 -9999.0 -9999.0 -9999.0 -9999.0 -9999.0 -9999.0 -9999.0 -9999.0 -9999.0 -9999.0 -9999.0 -9999.0 -9999.0 1793.797935 1794.841029 1796.259870 1801.106748 1801.764751 1803.811804 1810.788572 1818.967869 1821.664741 1819.802387 1818.673381 1820.207058 1822.950672 1827.463603 1838.427526 1852.070429 1866.145514 1879.539580 1900.332370 1914.943404 1927.993167 1943.724224 1943.686123 1940.025343 1938.457063 1938.879052 1938.455218 1940.215611 1941.494983 1947.895680 1951.023680 1956.319184 1965.761226 1977.648185 1995.241301 2014.128281
-9999.0 -9999.0 -9999.0 -9999.0 -9999.0 -9999.0 -9999.0 -9999.0 -9999.0 -9999.0 -9999.0 -9999.0 -9999.0 -9999.0 -9999.0 -9999.0 1764.825994 1766.712629 1769.087111 1774.599197 1777.931062 1781.999849 1789.046119 1790.485353 1794.177921 1801.359337 1806.117525 1815.184617 1823.412766 1830.640602 1836.551806 1839.099580 1846.090703 1855.460258 1867.040204 1881.581010 1902.329586 1925.512749 1941.450431 1958.188018 1975.357104 1976.046067 1974.838879 1975.769391 1975.593822 1979.986211 1996.277643 2001.125007 1999.785298 2013.560027 2026.850329 2031.291317 2039.045680 2058.631064 2081.761128
-9999.0 -9999.0 -9999.0 -9999.0 -9999.0 -9999.0 -9999.0 -9999.0 -9999.0 -9999.0 -9999.0 -9999.0 -9999.0 1716.955711 1721.105947 1731.057692 1741.359128 1744.216106 1748.897202 1755.328683 1767.585951 1771.297248 1777.488824 1784.958680 1797.221444 1805.880571 1814.889440 1826.649109 1834.828215 1841.853421 1848.507777 1852.876937 1865.251277 1879.826691 1894.854794 1914.461078 1936.273083 1955.813446 1975.255194 1991.297890 2004.212520 2004.410272 2003.702767 2006.220273 2012.951915 2028.756870 2046.951684 2052.777537 2067.766407 2090.126977 2102.707782 2113.072102 2121.204659 2135.192123 2156.760668
-9999.0 -9999.0 -9999.0 -9999.0 -9999.0 -9999.0 -9999.0 -9999.0 -9999.0 -9999.0 1686.145444 1688.186235 1684.743876 1683.594180 1689.089673 1701.417194 1715.597281 1721.857604 1733.718468 1754.909576 1773.136681 1776.520762 1790.634858 1800.910071 1807.677012 1817.870665 1830.803197 1843.173543 1859.234366 1871.196109 1881.460942 1899.482301 1915.464205 1931.670348 1949.069913 1969.259827 1987.496916 2013.999336 2040.271548 2051.606893 2071.888077 2079.855436 2076.936488 2076.772222 2086.373695 2101.027747 2120.259635 2141.146552 2162.211630 2186.933410 2202.303720 2216.820810 2227.678236 2239.992178 2256.339196
-9999.0 -9999.0 -9999.0 -9999.0 -9999.0 -9999.0 -9999.0 -9999.0 1661.377653 1669.061931 1674.949205 1671.910065 1667.501971 1662.894870 1677.105424 1692.881998 1708.947089 1726.943557 1742.842666 1761.117025 1775.883261 1791.533661 1811.498981 1822.823676 1834.032913 1849.179831 1862.521479 1878.635859 1899.450079 1910.141767 1924.533365 1944.997188 1962.359001 1979.873812 1998.398728 2016.002634 2040.230092 2072.570056 2103.539037 2123.998256 2151.441640 2172.574341 2170.653665 2172.338034 2176.438530 2201.922411 2230.892391 2261.845316 2286.212706 2313.404042 2343.560344 2362.917212 2374.230738 2387.403994 2403.206285
-9999.0 -9999.0 -9999.0 -9999.0 -9999.0 -9999.0 1633.635214 1657.921536 1673.013389 1664.835825 1653.273045 1649.069244 1644.252793 1670.672744 1692.907077 1710.319322 1727.273637 1744.978268 1761.490175 1772.782785 1804.960261 1823.412899 1836.831714 1853.065282 1867.646416 1882.238976 1899.260548 1921.836109 1941.975605 1968.628429 1990.701818 2011.811530 2037.214723 2056.206657 2074.585482 2091.447144 2121.654493 2158.269863 2194.566305 2222.305083 2249.168631 2281.368200 2286.955181 2292.462447 2298.810430 2322.114403 2355.807369 2387.208741 2421.991260 2455.320848 2484.492660 2498.572735 2510.270528 2522.516838 2536.896264
-9999.0 -9999.0 -9999.0 -9999.0 1600.713892 1621.537318 1640.956982 1671.319103 1693.592708 1688.584402 1694.371866 1693.728077 1690.980357 1695.404488 1703.029044 1720.963530 1739.948112 1759.243802 1775.878257 1807.948627 1853.140168 1867.028467 1888.649945 1919.707878 1932.537874 1947.533687 1963.729264 1985.977516 2009.760626 2041.041260 2081.181423 2115.390747 2139.738886 2161.636079 2182.606479 2203.350065 2238.473072 2276.967071 2314.424831 2348.661592 2378.456440 2405.747926 2417.677528 2426.050002 2438.840625 2457.180220 2480.912798 2511.220822 2545.632258 2579.772253 2606.043385 2619.432238 2627.997726 2639.670708 2650.269344
-9999.0 -9999.0 -9999.0 1549.527565 1588.310468 1626.737740 1653.105733 1683.628134 1715.728705 1718.521420 1727.370228 1730.428593 1733.162666 1740.709025 1747.482563 1764.602787 1781.781536 1799.438922 1821.534036 1857.242815 1890.138745 1915.458799 1945.898590 1968.790840 1986.884389 2002.009007 2020.912592 2043.841881 2082.739245 2117.643873 2166.387466 2218.737058 2254.205627 2277.839297 2301.229179 2329.719052 2355.996626 2394.451208 2430.583368 2465.043066 2498.878139 2524.691520 2543.605843 2551.961866 2563.383812 2572.917141 2589.772377 2612.828132 2637.016411 2668.600562 2699.311711 2729.783787 2746.236961 2757.984120 2775.379178
-9999.0 -9999.0 1501.912583 1540.330432 1573.277747 1622.020898 1674.832381 1709.325530 1749.485640 1771.358369 1776.772812 1791.466760 1805.627140 1810.824447 1824.199485 1840.100756 1859.858354 1867.939094 1886.521250 1911.788323 1956.934905 1998.092271 2010.038980 2056.569597 2089.122232 2119.171200 2138.942051 2166.355862 2203.315409 2242.632324 2290.414213 2340.919040 2378.539771 2409.624362 2427.444307 2448.810359 2472.443279 2500.307039 2537.460829 2567.124900 2600.956862 2628.685717 2651.484968 2657.985487 2664.064425 2681.885539 2709.701097 2741.733670 2770.210256 2797.730956 2796.450975 2814.543175 2823.493941 2828.960824 2836.237553
-9999.0 -9999.0 1473.805197 1519.268970 1557.233881 1620.276182 1702.326276 1738.165000 1779.781486 1825.361876 1842.176134 1865.576088 1871.100252 1873.509385 1895.344384 1915.412527 1931.503526 1939.383366 1937.804447 1992.476891 2048.920937 2089.950130 2122.223567 2192.984893 2241.629571 2262.359484 2278.230337 2300.195152 2324.216472 2366.381114 2411.664493 2466.057627 2510.953655 2542.699859 2560.072441 2580.921246 2602.940519 2622.074827 2643.529510 2687.548998 2722.262055 2752.127123 2782.542990 2804.795478 2814.773813 2820.699669 2806.867837 2822.596880 2833.832202 2839.850980 2843.236565 2841.438467 2842.141044 2843.841753 2845.469197
-9999.0 1383.212195 1435.446218 1487.486193 1554.467334 1619.225919 1698.942793 1776.643004 1836.748111 1885.608801 1913.274302 1918.649094 1942.019694 1978.614817 2002.973107 2026.918144 2032.168773 2040.466977 2028.613001 2079.651288 2125.165820 2190.526973 2296.533808 2354.423708 2407.190850 2409.176467 2404.215277 2415.952647 2438.393206 2483.881474 2557.405082 2609.742193 2669.314119 2716.918934 2735.217622 2744.480124 2764.448380 2786.585878 2761.807906 2793.922843 2810.291589 2823.950670 2830.890192 2834.614559 2837.577445 2839.519375 2838.154915 2833.600002 2827.562399 2823.525199 2820.743873 2817.232765 2820.287762 2823.873866 2824.449707
-9999.0 1346.580993 1405.168821 1475.314084 1544.732422 1604.382185 1699.485736 1850.627660 1907.158132 1944.440710 1960.853079 1966.258559 2036.929683 2101.557088 2133.554644 2179.786270 2172.777886 2162.787231 2142.672546 2174.019068 2220.396295 2293.991547 2447.086070 2534.706070 2574.024352 2586.832098 2594.460741 2624.028733 2665.503176 2710.246899 2750.438799 2741.219566 2778.382207 2798.514438 2805.477597 2809.217566 2815.825826 2817.664195 2818.118452 2816.338032 2813.612654 2815.674380 2821.567406 2822.964504 2821.691357 2820.073894 2815.996423 2809.903474 2805.654926 2801.940631 2799.845364 2797.196657 2795.408397 2794.765760 2789.605121
-9999.0 1312.721565 1385.233347 1446.563456 1504.046643 1609.168831 1736.129753 1874.088496 1967.560112 2003.529005 2009.782475 2066.628729 2168.663514 2269.944094 2324.007386 2350.459719 2347.249550 2319.185260 2316.402525 2362.379849 2430.524587 2534.108145 2644.593172 2733.971089 2751.592106 2758.706133 2731.617411 2752.787078 2772.575050 2778.706701 2783.245295 2791.340557 2799.351139 2804.980847 2806.242959 2805.826704 2803.309440 2797.234145 2793.964659 2791.932934 2789.594583 2789.931511 2793.246352 2795.604128 2793.937319 2791.078241 2787.499391 2782.547951 2776.588913 2770.160349 2766.062557 2761.621224 2758.776412 2752.637059 2747.276486
-9999.0 1203.883909 1295.239771 1344.436180 1443.218005 1622.413456 1749.392072 1894.787862 2046.996310 2078.615899 2142.429441 2269.905797 2381.584824 2460.714112 2500.069921 2542.030051 2572.734606 2596.611479 2634.895098 2567.060532 2634.402163 2710.077131 2745.550071 2764.042227 2772.690243 2777.307293 2772.319209 2756.076308 2748.943776 2745.436559 2749.959637 2759.753811 2767.168311 2774.404191 2774.115524 2776.477523 2778.247440 2775.828552 2772.442384 2764.545082 2757.282753 2751.516522 2749.461039 2754.817633 2750.502669 2748.174544 2742.584740 2734.520551 2724.060587 2716.208996 2707.920860 2700.403726 2696.557491 2689.582981 2686.235437
-9999.0 1122.978034 1198.023359 1275.596293 1402.717927 1566.240082 1682.095619 1844.755431 2064.015144 2186.910820 2325.767333 2405.884160 2480.575648 2537.519860 2598.344774 2652.175374 2681.925629 2696.401786 2681.933920 2700.078427 2666.874764 2661.535829 2683.200568 2713.865072 2731.803526 2739.022122 2734.013645 2726.983867 2722.499507 2723.801981 2724.249502 2723.527400 2722.423926 2721.078050 2719.158449 2722.443213 2727.882961 2721.487144 2710.516860 2701.416762 2693.221414 2684.241809 2678.318161 2674.259492 2673.715366 2673.742132 2666.370379 2656.249940 2646.294574 2637.901420 2629.726703 2623.416760 2619.187325 2612.168194 2601.076216
-9999.0 1016.040250 1141.613439 1228.520139 1339.300169 1472.531285 1589.621100 1747.797215 1888.299468 2116.262368 2267.372855 2407.478662 2455.128554 2521.155974 2579.012452 2653.527567 2658.987084 2632.969264 2599.876881 2587.960524 2598.712442 2610.661963 2624.101130 2643.842980 2663.653359 2675.787790 2681.319483 2676.552681 2664.601099 2655.549083 2648.336071 2638.088789 2631.037519 2630.113898 2632.808032 2641.468688 2643.153296 2634.093104 2621.023366 2603.462688 2588.090208 2576.344728 2573.231704 2574.702860 2574.848875 2570.882380 2564.369056 2553.691350 2541.129138 2528.707453 2521.172386 2514.933090 2506.164319 2493.526123 2478.915756
-9999.0 -9999.0 1062.119420 1171.950178 1274.000969 1391.672226 1496.204206 1628.888369 1774.344771 1950.851250 2067.721626 2217.540298 2300.618920 2348.348599 2394.607681 2453.236741 2478.215502 2505.966165 2497.164569 2507.243281 2517.521855 2525.286310 2534.999692 2546.028859 2559.958976 2571.644550 2582.032255 2581.190932 2573.558943 2556.182251 2534.640114 2518.095853 2509.223174 2501.835713 2512.504971 2524.364901 2520.301220 2513.304888 2500.571306 2483.030896 2469.250648 2454.524333 2450.137926 2449.652030 2449.438610 2446.373647 2442.293180 2429.200700 2416.175028 2404.568856 2398.816123 2391.768540 2385.757308 2373.964122 2361.546027
-9999.0 -9999.0 976.134519 1082.840259 1192.201678 1312.703681 1406.069204 1456.869146 1602.063696 1712.586350 1817.741574 1921.117723 2009.778089 2076.508978 2117.724273 2180.932731 2229.945815 2249.193349 2279.658057 2320.911835 2351.596684 2385.233162 2406.716927 2419.601071 2434.375050 2449.434763 2458.822808 2446.894974 2436.825221 2420.875204 2399.424080 2375.507154 2363.357768 2361.312752 2362.335236 2365.905717 2359.286237 2349.765720 2335.157744 2320.050855 2306.832160 2295.811072 2291.225980 2286.330893 2284.073770 2280.798057 2277.733661 2269.855271 2259.430386 2252.559112 2243.652006 2237.758802 2234.636464 2228.453905 2219.809686
