tests/Borden05m/sims/sim_1/output-maps/psiliqL0015N0006.asc
ncols         160
nrows         34
xllcorner     620200.000000
yllcorner     5168000.000000
cellsize      0.500000
NODATA_value  -9999.0
[rows 0 to 24 of 34, columns 0 to 55 of 160]
-9999.0 -9999.0 -9999.0 -9999.0 -9999.0 -9999.0 -9999.0 -9999.0 -9999.0 -9999.0 -9999.0 -9999.0 -9999.0 -9999.0 -9999.0 -9999.0 -9999.0 -9999.0 -9999.0 -9999.0 -9999.0 -9999.0 -9999.0 -9999.0 -9999.0 -9999.0 -9999.0 -9999.0 -9999.0 -9999.0 -9999.0 -9999.0 -9999.0 -9999.0 -9999.0 -9999.0 -9999.0 -9999.0 -9999.0 -9999.0 -9999.0 -9999.0 -9999.0 -9999.0 -9999.0 -9999.0 -9999.0 -9999.0 -9999.0 -9999.0 -9999.0 -9999.0 -9999.0 -9999.0 -9999.0 -9999.0
-9999.0 -9999.0 -9999.0 -9999.0 -9999.0 -9999.0 -9999.0 -9999.0 -9999.0 -9999.0 -9999.0 -9999.0 -9999.0 -9999.0 -9999.0 -9999.0 -9999.0 -9999.0 -9999.0 -9999.0 -9999.0 -9999.0 -9999.0 -9999.0 -9999.0 -9999.0 -9999.0 -9999.0 -9999.0 -9999.0 -9999.0 -9999.0 -9999.0 -9999.0 -9999.0 -9999.0 -9999.0 -9999.0 -9999.0 -9999.0 -9999.0 -9999.0 -9999.0 -9999.0 -9999.0 -9999.0 -9999.0 -9999.0 -9999.0 -9999.0 -9999.0 -9999.0 -9999.0 -9999.0 -9999.0 -9999.0
-9999.0 -9999.0 -9999.0 -9999.0 -9999.0 -9999.0 -9999.0 -9999.0 -9999.0 -9999.0 -9999.0 -9999.0 -9999.0 -9999.0 -9999.0 -9999.0 -9999.0 -9999.0 -9999.0 -9999.0 -9999.0 -9999.0 -9999.0 -9999.0 -9999.0 -9999.0 -9999.0 -9999.0 -9999.0 -9999.0 -9999.0 -9999.0 -9999.0 -9999.0 -9999.0 -9999.0 -9999.0 -9999.0 -9999.0 -9999.0 -9999.0 -9999.0 -9999.0 -9999.0 -9999.0 -9999.0 -9999.0 1097.605546 1080.480217 1065.401168 1063.028757 1085.635554 1109.320062 1133.470501 1154.386899 1173.255433
-9999.0 -9999.0 -9999.0 -9999.0 -9999.0 -9999.0 -9999.0 -9999.0 -9999.0 -9999.0 -9999.0 -9999.0 -9999.0 -9999.0 -9999.0 -9999.0 -9999.0 -9999.0 -9999.0 -9999.0 -9999.0 -9999.0 -9999.0 -9999.0 -9999.0 -9999.0 -9999.0 -9999.0 -9999.0 -9999.0 -9999.0 -9999.0 -9999.0 -9999.0 -9999.0 -9999.0 -9999.0 -9999.0 -9999.0 -9999.0 1144.797511 1150.856329 1152.067749 1141.964952 1131.035541 1118.879851 1099.018798 1081.461638 1067.122573 1065.016852 1068.017285 1073.107287 1095.768020 1120.938706 1141.037365 1158.234567
-9999.0 -9999.0 -9999.0 -9999.0 -9999.0 -9999.0 -9999.0 -9999.0 -9999.0 -9999.0 -9999.0 -9999.0 -9999.0 -9999.0 -9999.0 -9999.0 -9999.0 -9999.0 -9999.0 -9999.0 -9999.0 -9999.0 -9999.0 -9999.0 -9999.0 -9999.0 -9999.0 -9999.0 -9999.0 -9999.0 -9999.0 -9999.0 -9999.0 -9999.0 1051.428476 1068.963742 1087.295757 1106.037300 1123.118336 1130.201877 1136.183864 1142.094670 1138.204780 1133.935913 1122.902549 1103.852379 1084.722820 1071.394635 1069.825146 1067.800402 1072.444178 1085.567624 1102.799616 1119.279242 1140.610520 1164.716532
-9999.0 -9999.0 -9999.0 -9999.0 -9999.0 -9999.0 -9999.0 -9999.0 -9999.0 -9999.0 -9999.0 -9999.0 -9999.0 -9999.0 -9999.0 -9999.0 -9999.0 -9999.0 -9999.0 -9999.0 -9999.0 -9999.0 -9999.0 -9999.0 -9999.0 -9999.0 -9999.0 -9999.0 1054.723706 1048.996741 1044.269225 1043.100243 1042.125199 1041.360918 1048.405660 1060.612343 1078.837644 1100.955595 1114.359129 1121.968193 1129.002338 1130.062014 1125.318297 1123.801007 1124.610814 1113.129298 1101.841758 1091.324599 1081.208330 1079.981389 1090.013229 1104.726393 1121.521371 1136.917434 1152.885183 1163.332638
-9999.0 -9999.0 -9999.0 -9999.0 -9999.0 -9999.0 -9999.0 -9999.0 -9999.0 -9999.0 -9999.0 -9999.0 -9999.0 -9999.0 -9999.0 -9999.0 -9999.0 -9999.0 -9999.0 -9999.0 -9999.0 -9999.0 -9999.0 1024.229622 1030.030938 1036.770789 1044.513520 1045.696207 1041.944096 1036.656816 1034.020498 1032.920388 1031.536619 1036.424532 1044.737939 1058.633898 1074.821267 1097.219814 1106.256539 1112.590277 1125.185732 1128.552878 1135.067146 1139.654778 1138.477805 1136.023193 1123.786171 1114.803544 1120.099800 1126.387065 1133.879807 1142.605337 1156.707678 1172.538833 1190.274789 1210.832378
-9999.0 -9999.0 -9999.0 -9999.0 -9999.0 -9999.0 -9999.0 -9999.0 -9999.0 -9999.0 -9999.0 -9999.0 -9999.0 -9999.0 -9999.0 -9999.0 -9999.0 -9999.0 -9999.0 998.998442 1000.043955 1001.434514 1006.321984 1007.220844 1009.524135 1016.744847 1025.175830 1027.923683 1026.479972 1025.488825 1027.419745 1030.576069 1035.442717 1047.136858 1061.414875 1076.112443 1090.434039 1111.898152 1127.232493 1141.290359 1157.819619 1157.904908 1154.582005 1153.444011 1154.579157 1155.332481 1159.581356 1162.707535 1169.803714 1174.962724 1181.915889 1192.142553 1204.583554 1223.486642 1243.902951 1264.227668
-9999.0 -9999.0 -9999.0 -9999.0 -9999.0 -9999.0 -9999.0 -9999.0 -9999.0 -9999.0 -9999.0 -9999.0 -9999.0 -9999.0 -9999.0 -9999.0 970.178037 972.132525 974.505276 980.023225 983.162257 987.367290 994.550473 996.070279 1000.097943 1007.562045 1012.776325 1022.029223 1030.543652 1038.310106 1044.782942 1047.998938 1055.948275 1066.161475 1078.651081 1094.465217 1116.543997 1140.441117 1157.438783 1175.057245 1192.957353 1194.381363 1194.069224 1195.983619 1197.194046 1204.049682 1222.260070 1228.924762 1230.754868 1247.836347 1262.907933 1269.055318 1277.846794 1298.067142 1322.677086 1346.352412
-9999.0 -9999.0 -9999.0 -9999.0 -9999.0 -9999.0 -9999.0 -9999.0 -9999.0 -9999.0 -9999.0 -9999.0 -9999.0 923.449515 927.721146 937.513868 947.089640 949.849926 954.407395 960.742439 973.193334 977.110652 983.633379 991.515575 1003.826527 1012.864478 1022.462217 1034.793508 1043.721754 1051.528030 1059.151670 1065.251584 1079.092502 1095.008732 1111.488046 1132.517756 1155.468885 1176.857774 1198.209764 1215.156356 1229.782741 1232.450409 1232.540580 1235.993485 1244.638118 1262.801803 1282.945486 1293.005408 1312.348366 1337.078350 1352.193986 1365.302308 1375.341054 1390.178704 1412.772471 1448.191440
-9999.0 -9999.0 -9999.0 -9999.0 -9999.0 -9999.0 -9999.0 -9999.0 -9999.0 -9999.0 890.507452 892.936200 889.725983 889.528183 894.901830 907.271837 921.285719 928.060997 939.954713 961.203091 979.367336 983.222626 998.080148 1008.728023 1015.975752 1026.993905 1040.717021 1054.140696 1071.593215 1084.843291 1097.141413 1117.397610 1134.849122 1152.480125 1171.421427 1192.986486 1213.932276 1243.530714 1271.933697 1286.096184 1309.517240 1321.414774 1319.975818 1321.499908 1332.167031 1349.839218 1372.906150 1398.273312 1422.433924 1450.315185 1469.974341 1486.650419 1499.298353 1513.268468 1530.715549 1568.206145
-9999.0 -9999.0 -9999.0 -9999.0 -9999.0 -9999.0 -9999.0 -9999.0 865.695488 873.247424 879.561453 876.831112 872.641636 868.923435 883.011582 899.151149 915.530774 933.532077 949.887455 968.483805 984.139649 1000.782630 1021.148025 1033.390838 1045.650118 1061.685188 1076.149525 1094.078919 1116.348723 1129.974913 1147.652328 1170.251035 1190.123945 1209.633038 1230.039043 1249.979973 1278.034604 1313.426131 1347.352572 1371.877132 1401.701597 1426.240415 1427.128997 1431.332263 1437.771035 1465.809787 1497.811157 1531.339201 1559.441553 1589.776273 1622.215811 1642.895909 1655.557433 1669.695122 1686.290790 1706.912380
-9999.0 -9999.0 -9999.0 -9999.0 -9999.0 -9999.0 838.214715 862.658044 877.951580 870.323672 860.553345 857.198948 853.440094 877.592375 899.982217 917.680877 935.052820 953.175111 970.238270 983.586600 1017.708123 1036.244309 1051.227566 1069.854447 1085.319939 1100.897548 1119.387604 1143.875687 1166.866896 1197.689613 1224.732212 1250.132069 1278.151477 1299.828943 1320.835384 1341.353539 1375.034680 1414.927325 1454.320145 1485.819682 1515.498978 1548.450920 1557.296901 1564.909807 1574.102927 1597.933306 1632.628098 1665.945733 1702.507671 1737.310036 1766.716631 1780.782003 1792.770387 1805.198090 1819.512606 1832.556596
-9999.0 -9999.0 -9999.0 -9999.0 804.517497 825.597081 845.830355 876.796848 899.712530 895.172480 902.247574 902.835272 901.457224 905.920487 913.576990 932.225633 951.454256 970.981861 989.321639 1024.598803 1069.575847 1085.818288 1110.802425 1143.710600 1158.472218 1175.004185 1192.676803 1217.216378 1245.361083 1280.483938 1325.810731 1364.848220 1392.804138 1418.089264 1441.995942 1466.758461 1503.985692 1544.895858 1585.122138 1622.507124 1655.079358 1683.117447 1697.327036 1706.911750 1720.695085 1739.429520 1763.333806 1792.991462 1826.384111 1860.216171 1886.791657 1901.565177 1910.330487 1921.516437 1932.145710 1944.262313
-9999.0 -9999.0 -9999.0 754.796030 793.651092 831.786111 859.093205 890.414785 923.082650 928.198519 937.885249 943.411364 948.836624 958.080193 967.217949 985.041947 1002.023614 1018.833599 1041.680419 1079.157208 1114.930324 1145.374830 1178.467651 1206.124657 1227.981811 1245.381919 1265.734678 1291.600778 1333.429514 1372.999970 1425.582255 1481.272315 1520.549236 1547.528123 1572.803585 1603.331359 1631.699791 1671.341170 1709.415233 1745.411197 1779.397779 1805.741924 1825.602743 1834.407879 1845.393838 1855.528631 1873.283000 1896.267096 1919.413191 1949.301818 1978.505458 2004.095091 2018.680455 2029.029936 2045.118334 2061.207079
-9999.0 -9999.0 707.463789 745.465638 779.670578 830.075574 883.457337 918.446754 959.991614 984.533816 992.229953 1010.196287 1027.207859 1035.351886 1051.666109 1069.554556 1088.190219 1095.887856 1113.802040 1144.826365 1195.327025 1241.811057 1263.699944 1315.813641 1350.735272 1380.462198 1400.511996 1429.643689 1467.822570 1511.865500 1563.025466 1615.744847 1656.775560 1690.483775 1709.836332 1732.180408 1757.524198 1784.301913 1820.695180 1851.428412 1884.461084 1911.525315 1933.916240 1941.297443 1947.139750 1963.891652 1989.362160 2016.332919 2041.710412 2066.147882 2069.747285 2082.628382 2088.990619 2092.903982 2098.148557 2101.861231
-9999.0 -9999.0 680.614678 725.727315 766.080372 832.630183 913.118987 950.957772 994.787438 1041.892500 1061.940487 1088.007140 1101.193117 1111.865656 1136.511185 1159.811901 1173.360235 1181.169767 1181.904018 1238.587207 1298.301567 1349.941505 1397.767164 1466.950438 1514.659107 1533.968738 1549.244336 1572.634958 1599.969587 1645.586768 1695.175010 1750.172157 1795.758789 1828.689397 1846.923254 1867.308986 1889.377336 1908.689355 1929.278037 1969.939708 1998.607220 2025.219828 2052.682136 2073.411203 2082.420675 2086.898871 2076.967523 2088.147445 2096.192370 2100.505610 2102.820219 2100.595085 2100.860694 2102.255589 2103.758938 2099.166554
-9999.0 591.458237 643.735665 697.035412 766.107275 833.680018 917.302637 998.052774 1056.631679 1105.871833 1137.250105 1151.689400 1189.922141 1234.275133 1262.079628 1290.012748 1294.518581 1301.079613 1292.531021 1342.628754 1394.041490 1469.844988 1580.807582 1639.604145 1687.137062 1691.771445 1689.557633 1704.524749 1730.564657 1776.264089 1845.288191 1894.407511 1949.161674 1990.873310 2007.584120 2016.015338 2034.911552 2055.889128 2043.104345 2067.380712 2079.275060 2089.232753 2093.056157 2095.853281 2098.130249 2099.680144 2097.989066 2093.167288 2086.905532 2082.711729 2079.835760 2076.243212 2079.307577 2082.988499 2083.993760 2077.396077
-9999.0 555.881639 615.391209 687.015881 758.330024 826.187725 929.861074 1074.712490 1130.524575 1170.638415 1196.687475 1222.073880 1303.213815 1372.626641 1409.507197 1455.907204 1452.134160 1443.302081 1431.126325 1465.513262 1516.721949 1592.427362 1736.507653 1822.431592 1853.678508 1867.476183 1877.156302 1906.135192 1945.109090 1983.573684 2018.598188 2019.181028 2047.900191 2063.298160 2069.193310 2072.709845 2078.214281 2080.152446 2080.019634 2078.086558 2075.053730 2076.677329 2081.963339 2083.034319 2081.608124 2079.960606 2075.874185 2069.779303 2065.597142 2062.122914 2060.302153 2057.973957 2056.749081 2056.867146 2052.504994 2046.792403
-9999.0 525.876717 597.327500 660.992252 725.938224 840.446702 967.540152 1104.700559 1200.077128 1241.657635 1269.163766 1343.387921 1449.534737 1550.331998 1605.646125 1633.670860 1636.898835 1617.369367 1621.889785 1667.920013 1734.202220 1827.490918 1921.313322 1999.741841 2015.732760 2022.516788 2004.477356 2021.385924 2037.252882 2042.902610 2047.385458 2053.787763 2061.620229 2066.882774 2068.004432 2067.411538 2064.791176 2058.717046 2055.348086 2053.362536 2051.008225 2051.447937 2054.840208 2056.902935 2055.371128 2052.693883 2049.407359 2044.943937 2039.935706 2034.344606 2031.161648 2027.622293 2025.589927 2020.503652 2015.708975 2008.983889
-9999.0 425.692007 514.377521 569.315263 683.490441 858.775541 986.671808 1138.243165 1287.686330 1331.444307 1412.603735 1540.092025 1652.292447 1731.687446 1776.022114 1820.164364 1851.030923 1876.017073 1912.290470 1870.215675 1928.356303 1987.726164 2015.049190 2029.674722 2034.798019 2039.281478 2034.860509 2019.323235 2012.571251 2009.290017 2013.974467 2023.778188 2031.359849 2038.629851 2038.220899 2040.203230 2041.461322 2038.969313 2036.000836 2028.479120 2021.457308 2016.151304 2014.721850 2020.412945 2016.314966 2014.159563 2009.307565 2002.478730 1994.950044 1988.340066 1981.385587 1975.020468 1972.081950 1965.873223 1963.128385 1953.205231
-9999.0 344.786013 421.695804 510.637156 648.692473 813.797036 944.049139 1113.160687 1325.297119 1447.562289 1580.258081 1661.379671 1741.990157 1808.118948 1873.940399 1923.304416 1950.621046 1963.255855 1954.891215 1968.357016 1938.991238 1934.655393 1954.231029 1982.686696 1998.457645 2005.169872 1999.875350 1992.527482 1988.367398 1989.973923 1990.954905 1991.230705 1990.959810 1990.022132 1987.975661 1990.730091 1995.763092 1989.904613 1981.326360 1973.034716 1965.457063 1957.040713 1951.556682 1948.265164 1947.680465 1948.152405 1941.634201 1932.385511 1922.907803 1915.606186 1908.509584 1903.011327 1899.791494 1893.486132 1883.426453 1868.549840
-9999.0 245.742188 367.455348 461.478156 583.341003 721.057441 848.514834 1014.294564 1166.189399 1391.645943 1556.132661 1673.816360 1723.558410 1788.561426 1851.800235 1921.960147 1929.665062 1904.559981 1875.411691 1863.781960 1871.961533 1883.476820 1897.807170 1918.284414 1937.222503 1948.691109 1953.088575 1947.960737 1936.515960 1928.835091 1923.394621 1914.704843 1908.591287 1908.128423 1909.644084 1917.142932 1919.107129 1909.731498 1896.181902 1879.216814 1864.251405 1852.867375 1849.531148 1850.739623 1850.911963 1847.695706 1841.639843 1831.971250 1820.332177 1809.237316 1802.261102 1796.639574 1788.733969 1776.911522 1763.153311 1747.311320
-9999.0 -9999.0 291.960679 403.348758 511.932121 635.571781 751.877384 896.867636 1050.138901 1235.724598 1359.478827 1498.433248 1578.489500 1630.068640 1683.747289 1742.307533 1765.322921 1788.600361 1776.201161 1783.624294 1792.389153 1799.847323 1810.371565 1822.595718 1836.804245 1848.114428 1857.419659 1856.758760 1849.138221 1833.093314 1813.611810 1798.764546 1790.549876 1783.906817 1793.417833 1804.513114 1800.856443 1793.351641 1780.166924 1762.922645 1748.381920 1733.324938 1728.565136 1728.190312 1728.020793 1725.199865 1721.137566 1708.836439 1696.487464 1685.125035 1679.690014 1673.066992 1666.613438 1653.975915 1639.762184 1623.821172
-9999.0 -9999.0 207.518341 316.590809 431.544299 555.756038 657.031795 732.532600 886.894594 1006.124313 1114.837141 1218.474680 1306.156755 1374.046306 1421.486170 1486.193158 1531.378321 1550.536161 1574.145430 1607.100872 1634.751849 1664.191314 1683.756512 1697.294535 1712.259773 1726.751120 1736.386816 1725.534760 1715.490536 1699.732572 1679.193657 1656.593513 1644.962854 1641.770527 1643.606609 1647.963677 1641.439186 1630.919574 1615.178329 1597.917802 1583.118760 1570.362811 1565.050362 1560.656492 1558.743474 1555.654051 1552.585045 1544.504210 1533.735804 1526.424959 1517.978929 1511.638559 1507.694088 1499.703211 1488.665789 1480.104188
