tests/Borden05m/sims/sim_1/output-maps/psiliqL0019N0006.asc
ncols         160
nrows         34
xllcorner     620200.000000
yllcorner     5168000.000000
cellsize      0.500000
NODATA_value  -9999.0
[rows 0 to 24 of 34, columns 55 to 109 of 160]
-9999.0 -9999.0 -9999.0 -9999.0 -9999.0 -9999.0 -9999.0 -9999.0 -9999.0 -9999.0 -9999.0 -9999.0 -9999.0 -9999.0 -9999.0 -9999.0 -9999.0 -9999.0 -9999.0 -9999.0 -9999.0 -9999.0 -9999.0 -9999.0 -9999.0 -9999.0 -9999.0 -9999.0 -9999.0 -9999.0 -9999.0 -9999.0 -9999.0 -9999.0 -9999.0 -9999.0 -9999.0 -9999.0 -9999.0 -9999.0 -9999.0 -9999.0 -9999.0 -9999.0 -9999.0 -9999.0 -9999.0 -9999.0 -9999.0 -9999.0 -9999.0 -9999.0 -9999.0 -9999.0 -9999.0
-9999.0 -9999.0 -9999.0 -9999.0 2034.743347 2029.489569 2024.767101 2020.461115 2012.238734 2003.488661 1995.862012 1992.321230 1991.821465 1991.536578 1991.553699 1997.120122 2005.610292 2013.649673 2021.022178 2023.708887 2026.373587 2028.703462 2029.348572 2028.450586 2025.533055 2022.564635 2019.472937 2018.148477 2010.667359 1999.650796 1991.285345 1988.721045 1993.124005 1997.566429 2000.020840 2005.451217 2015.813241 2026.195350 2034.279076 2045.949340 2051.781205 2056.455626 2058.690781 2054.092573 2050.160235 2045.846325 2039.963068 2028.733719 -9999.0 -9999.0 -9999.0 -9999.0 -9999.0 -9999.0 -9999.0
1980.114654 1999.255908 2020.031786 2023.385948 2011.709557 2006.865141 2003.962798 2002.501827 1998.389847 1990.313632 1985.646723 1980.744447 1979.054521 1979.624526 1980.139495 1984.563469 1995.487877 2003.815187 2008.865309 2011.766817 2014.768565 2014.157926 2013.789062 2013.793265 2011.191022 2008.028213 2004.930478 2003.390510 2004.564218 1997.225821 1991.725062 1988.254186 1986.097529 1988.752346 1991.266987 1995.110172 2004.249216 2011.985375 2019.645199 2033.830370 2046.059834 2050.943778 2047.828973 2042.422242 2038.037354 2030.519352 2019.797368 2009.418760 2000.626836 1993.668682 1987.574902 1980.757353 1986.096162 1992.412631 2001.184539
1965.365341 1985.106724 2005.830234 2008.888532 1998.602118 1990.905518 1985.457316 1986.278440 1989.791659 1986.964019 1982.824008 1977.118929 1986.875152 1988.590661 1990.091012 1993.884338 1996.949384 2001.462962 2004.460345 2010.143886 2019.402449 2022.426623 2023.187399 2023.565387 2021.952829 2019.068314 2017.495477 2015.032600 2010.104055 2008.965980 2009.202323 2008.665226 2013.347862 2014.907103 2017.175884 2010.955156 2014.710996 2020.640166 2027.156320 2032.774907 2038.675278 2041.380889 2037.446394 2036.547930 2027.463438 2013.065890 2001.949685 1993.419209 1992.020098 1988.267296 1979.569014 1965.490326 1972.186676 1987.014976 1990.750268
1972.794467 1982.515178 1994.294554 1997.577340 1993.039946 1995.268081 1997.474997 1999.396844 1998.291349 1995.678406 1993.238217 2005.406886 2014.917986 2017.147900 2020.450970 2024.824418 2025.472141 2014.578436 2012.782414 2020.946072 2031.250382 2037.016798 2037.506679 2037.598160 2035.110194 2034.366951 2034.417615 2032.772500 2033.294597 2035.650055 2034.811878 2038.915196 2044.685792 2047.930384 2041.274488 2032.358550 2033.631477 2041.427984 2049.720728 2056.716664 2066.556027 2076.932832 2075.738363 2069.801112 2060.151628 2046.199870 2022.302845 2002.836676 1991.008700 1982.485975 1974.217497 1974.495311 1969.555992 1980.859294 1981.474542
1969.175433 1988.680085 2010.058854 2017.703659 2012.431198 2008.655772 2007.274578 2008.653566 2009.006674 2011.573133 2023.041939 2036.647281 2050.454754 2053.615669 2056.495959 2056.263679 2048.436257 2038.711756 2035.948462 2050.443106 2067.329632 2075.759267 2076.214037 2074.191140 2079.700205 2079.420916 2079.156195 2075.442664 2077.341058 2077.483259 2085.737476 2093.740758 2101.490676 2100.043947 2087.852263 2075.865894 2074.737936 2078.368569 2082.885096 2089.155437 2098.655682 2107.297090 2101.471000 2094.300483 2084.496201 2056.186262 2029.906984 2013.068520 2012.065615 2011.211151 2005.230364 2001.261432 1997.744414 1990.755622 1989.276952
2015.699189 2037.025870 2058.160100 2073.560727 2068.504186 2061.568643 2053.030117 2054.244683 2056.889565 2064.785752 2077.439661 2093.601114 2117.398726 2119.527058 2122.186565 2123.721021 2112.469747 2100.430442 2090.414719 2110.612807 2121.621754 2129.910896 2130.040794 2138.111915 2147.839599 2144.240038 2137.577642 2127.105026 2133.672552 2143.624785 2159.256135 2167.022204 2171.850327 2169.272800 2156.932588 2150.569956 2150.125476 2153.755049 2152.375557 2158.056946 2166.813332 2180.867457 2178.982642 2171.490313 2149.044438 2110.910856 2077.479081 2059.081236 2065.795376 2057.882535 2049.552254 2045.829269 2031.599429 2020.794921 2020.356111
2065.329853 2082.502304 2101.031433 2119.506870 2113.888938 2104.484763 2090.718953 2089.946454 2096.848559 2107.906061 2127.180854 2148.750293 2171.694786 2176.516713 2176.079950 2186.377498 2180.568740 2171.317879 2164.065344 2180.306608 2191.893102 2203.253378 2211.582844 2224.692176 2236.194846 2224.080888 2210.475383 2203.653527 2210.357909 2233.333268 2253.513394 2259.070685 2259.762750 2261.139686 2249.324327 2243.364782 2237.900302 2234.703020 2229.671847 2225.825899 2246.285715 2263.986098 2261.861058 2238.226278 2213.542429 2174.566229 2135.421318 2105.198175 2109.023520 2104.236610 2103.339045 2088.774207 2073.179443 2059.030214 2050.632550
2139.918179 2166.968148 2186.979003 2209.493779 2207.013311 2188.602714 2178.099023 2182.776811 2196.674768 2205.168021 2222.886699 2244.768261 2274.589679 2292.624330 2309.069134 2314.380244 2307.119027 2298.991676 2287.051129 2288.929212 2309.667978 2322.491775 2332.785321 2343.021139 2356.060900 2359.856111 2355.995171 2355.639817 2360.134660 2370.799331 2382.957787 2390.384283 2395.188265 2399.348938 2391.371974 2379.898075 2375.457725 2367.784114 2362.886053 2360.380603 2366.056339 2380.336561 2376.600561 2344.556146 2316.071046 2280.732118 2241.579786 2209.512172 2195.375140 2205.261698 2196.314198 2177.058962 2159.649660 2126.827648 2113.382647
2233.458736 2269.329236 2296.934606 2311.469797 2323.503039 2315.378987 2316.288491 2321.198614 2329.797602 2334.884147 2343.094249 2376.356358 2411.269217 2439.369716 2463.745471 2472.611786 2462.134564 2453.072874 2441.133801 2432.687380 2440.603991 2456.989648 2474.677595 2490.488380 2502.222144 2505.624807 2504.693148 2505.574852 2508.973560 2512.650672 2517.039662 2525.062522 2533.383954 2544.357300 2554.314488 2545.980076 2527.662462 2516.185726 2504.075396 2500.364219 2499.457141 2499.395329 2498.735634 2485.614329 2447.902147 2416.333538 2382.939642 2356.671636 2337.247086 2327.316259 2305.670418 2280.114108 2229.586586 2188.614870 2153.241923
2344.753776 2388.675458 2420.069917 2442.442607 2457.749429 2458.967728 2461.960458 2464.612068 2470.257514 2475.018634 2481.053166 2506.526391 2547.842658 2587.056864 2618.245147 2621.042967 2610.347248 2600.204957 2591.088967 2579.357068 2576.334176 2586.914538 2600.469737 2618.854312 2630.114891 2638.266157 2636.027114 2636.934816 2639.363376 2641.667202 2644.311756 2647.898178 2656.978917 2671.130633 2684.124721 2684.045914 2667.631529 2650.533033 2633.622108 2628.293305 2623.501650 2617.497477 2617.798684 2617.881205 2605.076977 2575.274625 2534.864759 2491.579601 2467.800545 2447.295312 2432.743508 2414.035762 2378.824710 2317.435436 2280.274196
2478.699020 2511.428646 2543.778951 2575.865955 2593.725978 2599.643394 2599.321209 2600.368042 2608.131124 2613.353046 2621.920842 2638.544280 2667.176632 2699.901524 2728.563620 2745.443690 2740.356454 2725.856104 2706.901116 2700.070072 2698.529747 2701.728237 2710.024536 2720.593129 2738.176550 2756.103969 2763.962516 2765.291940 2761.721676 2766.367615 2768.779091 2769.729814 2772.393162 2779.449416 2788.025015 2790.803846 2783.975831 2763.362068 2741.317102 2728.286174 2720.508634 2716.195840 2715.071935 2717.347362 2717.523303 2703.009783 2670.036101 2627.810778 2594.698510 2574.303809 2557.311112 2539.538455 2524.806458 2496.055626 2473.940152
2605.395688 2621.844367 2650.485683 2679.257982 2702.778144 2718.773540 2721.436892 2726.140835 2731.277546 2740.273785 2756.193753 2779.831710 2797.123705 2817.206392 2841.280535 2855.871461 2861.654608 2861.392302 2859.195249 2861.076889 2861.663304 2817.781259 2822.526830 2827.146017 2839.224869 2851.002217 2855.564086 2856.310147 2854.715737 2856.995700 2858.333331 2859.090050 2859.371864 2860.973834 2864.797011 2866.194015 2864.324702 2854.392731 2864.893314 2846.693995 2834.296296 2826.604718 2818.590040 2809.876653 2799.741272 2788.778959 2767.553445 2737.686214 2703.089243 2678.088480 2666.613145 2657.687410 2647.551099 2639.322451 2620.744279
2718.104367 2730.665264 2748.895741 2771.329463 2804.363327 2826.027456 2837.025789 2845.858688 2850.507147 2863.487475 2878.489210 2868.572442 2874.813016 2881.076618 2887.203771 2889.339622 2890.013476 2889.856394 2887.712073 2887.291735 2885.352944 2881.336742 2871.342441 2872.707926 2874.202185 2876.575637 2880.137683 2878.961214 2880.148248 2883.528134 2882.502990 2877.416877 2874.209521 2873.127020 2874.194312 2881.670260 2885.147956 2886.238545 2884.485787 2884.252820 2884.163876 2882.314463 2879.692358 2875.581635 2869.970662 2878.409245 2866.511651 2840.358650 2803.067793 2762.558820 2750.434511 2747.442649 2745.569531 2741.219468 2733.290610
2847.029371 2860.720186 2875.294157 2863.570035 2880.166179 2888.510148 2892.215447 2895.211429 2897.373269 2899.050757 2895.582555 2892.086844 2887.014704 2885.249008 2883.550027 2880.788526 2881.117043 2878.983939 2874.854823 2870.929694 2863.538355 2852.187744 2840.619081 2837.134034 2841.056333 2845.858210 2850.184523 2853.756908 2857.263615 2858.091920 2853.519217 2846.061651 2839.433773 2838.206953 2845.293933 2851.340755 2857.668809 2859.076061 2858.566815 2857.405744 2858.568964 2856.889789 2858.246129 2865.708235 2880.056224 2884.548677 2888.709342 2887.929594 2875.706263 2853.451995 2854.609838 2834.038399 2837.508387 2831.527584 2818.721404
2893.839928 2896.483067 2895.790615 2894.579129 2888.468016 2882.282680 2880.983393 2884.152253 2890.167468 2890.389112 2882.449104 2873.093045 2865.121087 2857.173449 2854.072628 2852.335398 2851.154769 2850.830765 2845.036987 2835.960484 2819.084609 2806.900464 2795.079507 2788.317297 2784.657270 2788.062445 2797.834528 2808.155718 2812.784703 2805.010568 2797.549968 2787.008494 2779.662357 2780.642253 2782.897201 2792.713714 2808.720575 2815.707338 2817.728934 2813.559140 2809.854291 2805.398509 2804.512323 2812.476466 2828.619211 2845.619977 2860.884392 2870.010299 2877.804194 2884.608141 2885.552920 2887.192192 2887.668107 2885.342686 2885.288048
2892.350664 2885.800046 2879.035501 2873.621188 2866.565331 2860.212579 2857.356467 2858.213497 2859.179573 2853.919399 2845.692940 2833.705706 2821.148644 2809.949354 2801.601757 2801.087419 2802.065144 2802.267359 2794.533573 2778.663027 2758.571798 2744.055044 2729.043150 2723.866818 2717.337919 2710.372473 2719.743133 2737.356987 2743.769990 2729.136712 2719.177278 2705.144323 2698.895299 2696.108546 2698.043058 2708.042993 2730.145938 2753.094751 2756.496025 2748.355427 2740.597626 2738.383445 2737.865677 2745.437474 2764.541690 2787.857044 2804.847574 2816.150945 2822.798416 2831.669697 2841.829342 2855.680755 2869.775412 2881.270425 2887.554274
2869.398128 2861.274991 2853.053963 2844.648254 2836.511366 2828.620618 2822.633125 2818.676967 2813.282327 2804.960929 2795.283525 2773.531798 2758.833680 2744.166044 2727.804628 2722.180920 2716.564929 2716.429096 2703.917154 2693.862964 2675.976987 2659.410764 2642.107147 2628.666926 2621.484465 2613.980684 2614.123198 2627.720279 2635.982704 2624.649450 2614.977640 2603.833475 2599.206892 2596.672483 2599.760956 2611.153868 2633.191583 2653.264437 2662.973196 2657.816657 2657.462499 2659.553362 2661.122561 2669.683568 2684.413608 2704.932375 2728.641408 2748.374447 2760.147742 2769.384392 2780.727065 2797.816608 2812.947660 2827.689820 2845.581843
2836.693078 2826.279912 2815.225393 2804.159040 2791.711187 2777.393794 2768.714409 2768.028767 2758.873982 2749.799292 2727.560981 2674.266413 2651.542982 2630.282194 2611.935378 2603.306457 2593.276198 2579.320356 2568.941936 2562.090728 2558.639251 2542.205119 2521.906756 2503.185273 2496.606453 2491.433975 2477.029765 2476.063583 2477.362343 2487.687075 2481.241748 2478.277931 2478.874824 2477.230122 2480.405155 2494.761320 2505.899958 2515.389480 2524.058198 2528.485236 2540.226537 2551.750765 2562.373412 2581.834404 2596.744427 2615.861706 2639.636262 2667.549682 2684.972329 2697.250669 2710.316745 2727.620235 2745.864432 2765.012501 2788.692929
2795.386706 2776.741533 2760.685159 2744.346671 2729.249242 2714.383678 2697.163407 2695.375590 2689.123873 2675.920624 2623.473987 2578.128175 2540.245094 2519.260345 2493.431611 2478.157850 2461.720408 2427.054867 2409.489994 2404.950526 2413.749954 2406.037446 2388.865059 2374.623528 2364.437713 2355.115341 2338.691421 2323.835370 2328.822326 2344.216821 2342.826333 2344.237594 2350.908656 2350.585140 2346.384972 2348.673431 2363.238031 2371.709880 2384.367668 2401.547703 2408.817204 2424.585181 2457.788167 2474.185651 2492.556554 2515.157589 2539.901107 2567.271174 2592.721731 2610.020270 2628.349968 2650.340149 2670.033172 2693.053695 2718.130681
2733.697258 2702.916506 2680.364148 2660.477811 2638.753460 2611.558802 2587.934401 2581.968979 2571.524712 2542.749172 2487.938834 2446.272367 2416.799261 2391.775588 2365.371038 2341.171897 2305.829619 2270.836714 2248.310554 2257.906747 2265.928385 2271.298194 2257.607573 2244.777934 2233.802859 2216.741468 2199.836796 2185.089194 2194.604804 2203.031788 2217.241272 2222.871578 2227.147456 2232.163021 2231.719106 2224.915864 2225.802995 2235.767617 2247.698652 2261.136047 2281.410538 2317.016253 2344.504088 2365.282816 2389.114434 2412.178677 2437.850378 2464.795001 2490.928472 2511.563113 2534.068842 2558.179460 2583.104075 2606.557477 2633.595976
2644.646261 2614.294750 2584.920481 2558.401256 2524.087746 2477.545833 2459.085467 2446.498215 2425.100933 2379.242760 2333.991693 2303.210265 2282.407798 2255.866198 2231.173089 2201.004499 2166.749642 2141.671230 2120.164789 2127.686370 2135.294325 2150.261401 2139.094940 2129.370298 2124.038811 2108.189361 2094.046601 2078.091800 2084.654280 2095.658700 2116.327756 2121.707639 2125.913765 2134.756711 2134.605576 2131.884107 2119.370070 2128.296207 2140.477468 2156.489710 2187.788407 2213.275914 2238.705515 2262.813194 2285.603312 2311.304497 2337.894962 2365.042524 2395.020158 2418.592383 2441.616354 2466.990169 2490.772855 2511.099579 2533.677577
2520.657264 2493.132478 2469.124636 2441.642279 2398.569593 2351.507082 2309.983255 2284.838967 2236.013188 2198.692733 2169.233949 2158.442331 2141.136658 2117.743784 2095.568588 2073.509655 2048.485284 2026.908632 2001.338634 2005.010560 2018.337088 2033.059558 2030.407125 2028.580126 2025.674805 2014.967894 2000.994871 1987.090584 1990.559256 2006.702656 2024.216845 2033.304335 2040.869576 2048.990772 2049.502214 2041.922144 2033.533361 2039.765574 2055.816936 2073.513650 2094.175334 2117.252625 2140.535556 2163.195938 2188.163793 2213.800751 2240.037566 2268.491680 2299.239836 2323.881388 2351.369660 2379.806874 2401.825028 2416.351443 2431.096630
2400.747256 2377.350322 2350.730559 2320.588950 2276.104849 2232.735911 2188.655713 2142.552517 2106.917289 2074.633905 2060.866947 2042.010252 2024.883431 2007.113546 1985.059609 1966.145358 1948.602128 1926.148785 1911.911921 1917.501200 1929.970988 1938.693095 1943.052166 1939.970934 1936.819172 1929.957914 1915.827927 1908.874925 1918.060175 1933.252679 1947.491428 1958.607704 1965.696487 1971.608231 1969.212925 1961.086432 1957.619794 1966.586608 1983.006223 1998.146111 2015.191227 2037.467112 2059.711729 2083.084794 2107.589700 2131.980865 2158.973344 2186.888797 2215.657737 2245.171453 2271.393730 2295.541507 2309.358491 2323.647086 2330.856434
2260.234273 2244.087634 2216.134839 2185.621337 2152.633671 2115.178663 2086.080597 2052.373636 2020.078701 1988.727313 1961.477364 1945.540861 1936.309906 1921.338199 1902.321525 1889.238934 1872.352418 1858.357687 1861.038857 1862.335025 1871.098259 1869.991669 1870.270943 1867.153458 1865.950974 1862.506386 1854.194960 1863.744423 1870.593601 1884.479453 1894.864939 1904.575081 1910.766486 1914.865954 1915.838876 1911.153830 1916.544599 1923.714794 1938.465302 1950.691020 1965.734881 1986.971011 2005.184462 2025.618440 2049.332122 2073.909855 2099.698147 2127.309770 2157.217783 2184.260076 2205.509426 2216.405579 2229.481714 2236.362716 2231.424203
