tests/Borden05m/sims/sim_1/output-maps/psiliqL0002N0006.asc
ncols         160
nrows         34
xllcorner     620200.000000
yllcorner     5168000.000000
cellsize      0.500000
NODATA_value  -9999.0
[rows 0 to 24 of 34, columns 57 to 113 of 160]
-9999.0 -9999.0 -9999.0 -9999.0 -9999.0 -9999.0 -9999.0 -9999.0 -9999.0 -9999.0 -9999.0 -9999.0 -9999.0 -9999.0 -9999.0 -9999.0 -9999.0 -9999.0 -9999.0 -9999.0 -9999.0 -9999.0 -9999.0 -9999.0 -9999.0 -9999.0 -9999.0 -9999.0 -9999.0 -9999.0 -9999.0 -9999.0 -9999.0 -9999.0 -9999.0 -9999.0 -9999.0 -9999.0 -9999.0 -9999.0 -9999.0 -9999.0 -9999.0 -9999.0 -9999.0 -9999.0 -9999.0 -9999.0 -9999.0 -9999.0 -9999.0 -9999.0 -9999.0 -9999.0 -9999.0 -9999.0 -9999.0
-9999.0 -9999.0 -493.049534 -494.573787 -495.485577 -495.819653 -497.900774 -499.381427 -501.309564 -501.426673 -501.056065 -501.446576 -502.439468 -501.423799 -500.182163 -499.201032 -497.617918 -498.203272 -498.133219 -497.505071 -497.325392 -497.579833 -498.295124 -498.669696 -499.152358 -498.012325 -500.323360 -503.362810 -505.693767 -506.107459 -503.896702 -502.705045 -503.149460 -502.189266 -499.933270 -498.170905 -497.995072 -495.845053 -496.785652 -496.021965 -494.318054 -495.612602 -495.699690 -495.163350 -494.212612 -497.680003 -9999.0 -9999.0 -9999.0 -9999.0 -9999.0 -9999.0 -9999.0 -9999.0 -9999.0 -9999.0 -9999.0
-494.222481 -494.865149 -502.312275 -502.748272 -502.651771 -502.077700 -502.844335 -505.263337 -505.646753 -507.532468 -508.389624 -508.627997 -509.512710 -509.057130 -505.938816 -503.823430 -503.392479 -504.105931 -504.540070 -505.387151 -505.923520 -505.700976 -506.408043 -507.014157 -507.677099 -507.291499 -504.944233 -507.224592 -508.299195 -509.475782 -510.880074 -510.476294 -510.157226 -510.130318 -507.281428 -506.510119 -506.173027 -502.494542 -499.078665 -498.383169 -500.003297 -501.548235 -500.780607 -500.488779 -501.599201 -502.603953 -501.873215 -502.236328 -502.280211 -503.664506 -501.517480 -501.916451 -499.783790 -498.154993 -496.260035 -493.049442 -9999.0
-499.696985 -500.327524 -505.760422 -508.886519 -509.768608 -508.926348 -506.403666 -507.160617 -509.035090 -512.123263 -508.837447 -509.403117 -509.809152 -509.329944 -508.347499 -507.951993 -507.556497 -507.025035 -504.301913 -504.725001 -505.044184 -504.873655 -505.316564 -506.160497 -505.942690 -506.329080 -508.749165 -508.267706 -507.634766 -508.261503 -505.894598 -505.838497 -504.347718 -508.675907 -508.095755 -507.371903 -507.046039 -507.025935 -506.890810 -506.342539 -508.240142 -506.629850 -507.700275 -510.462827 -510.594423 -509.719161 -506.486519 -504.772954 -506.216449 -512.168056 -509.060741 -502.632278 -503.499712 -504.945525 -502.190934 -499.549656 -495.335557
-507.978501 -508.994666 -511.218578 -508.733976 -506.770127 -505.554152 -506.592944 -508.755722 -511.541793 -506.461125 -504.665101 -506.086848 -505.600859 -504.094003 -503.891614 -510.382560 -512.104709 -509.838418 -507.571798 -506.746334 -508.085314 -508.730611 -509.909075 -509.810685 -508.972776 -509.556968 -508.525598 -507.757561 -509.140727 -507.699174 -505.998963 -504.147479 -508.035086 -511.525870 -511.271121 -508.355956 -506.427334 -505.752427 -503.105882 -498.537342 -499.367010 -500.141681 -500.013187 -499.577721 -504.528425 -509.229612 -511.005180 -511.720263 -513.124696 -511.635314 -512.842265 -507.568981 -508.153385 -509.187469 -506.952073 -505.447726 -503.353609
-508.128875 -506.950125 -510.489458 -512.179929 -512.821860 -512.191639 -512.995002 -513.151441 -508.898432 -507.089200 -503.459086 -505.491421 -505.559046 -505.730628 -509.851992 -512.806934 -514.991852 -508.578908 -503.767623 -502.526108 -504.301456 -505.886421 -501.344447 -502.707438 -503.066472 -505.753731 -504.862783 -505.773755 -501.274891 -499.825912 -497.447706 -498.413621 -502.938305 -506.722031 -506.751419 -506.331065 -506.981318 -506.165681 -503.657909 -500.272363 -503.164567 -503.788682 -502.335272 -509.704318 -515.229192 -516.680875 -511.348656 -508.296759 -508.593798 -507.888476 -507.376173 -510.784086 -509.840981 -509.427915 -511.250625 -507.485896 -503.774473
-500.444578 -495.072339 -499.153291 -501.596551 -506.395536 -505.746243 -505.379288 -504.133781 -502.617765 -499.306385 -491.732648 -494.447417 -494.453661 -491.694157 -495.965063 -499.754033 -506.271945 -498.975274 -498.085797 -496.430202 -497.632882 -492.850075 -488.588089 -491.741163 -495.655716 -500.668594 -497.894553 -492.088653 -486.915465 -486.191951 -485.758712 -484.523099 -488.376697 -488.977272 -489.569633 -488.781384 -491.532456 -491.538837 -487.699594 -480.609626 -479.534563 -481.816389 -487.285663 -496.716474 -505.516399 -510.029236 -502.409378 -504.194760 -504.822592 -503.143683 -506.916963 -508.853320 -504.689116 -507.741441 -510.167017 -504.793855 -504.577320
-501.541425 -495.817944 -498.843628 -503.550487 -508.795780 -508.742975 -505.836203 -505.021439 -500.065476 -493.268012 -485.286440 -482.005125 -479.643718 -474.694488 -477.720428 -480.676007 -484.824297 -483.662309 -478.557586 -474.336521 -469.775472 -464.725443 -458.254716 -461.417033 -466.058071 -466.457155 -465.260083 -457.211446 -449.945617 -446.221766 -441.961408 -435.378108 -437.113321 -443.345034 -451.767447 -459.252511 -464.579292 -469.053951 -461.607527 -453.969505 -454.264345 -466.216057 -473.760431 -483.913080 -494.620962 -507.132472 -505.344064 -502.062868 -498.935570 -503.442904 -504.803130 -508.446777 -508.521620 -507.240724 -512.184545 -509.106404 -508.817617
-475.889423 -468.731886 -466.069042 -474.237032 -475.323842 -472.847823 -468.024873 -468.081843 -464.853258 -449.024145 -421.466371 -398.870859 -375.836530 -371.744670 -382.192476 -390.836544 -403.090556 -410.185281 -401.611138 -392.208428 -380.811104 -366.725394 -348.447881 -330.256414 -327.366347 -325.374725 -319.432601 -311.277620 -289.174067 -242.112408 -190.882995 -168.085028 -164.548583 -186.004584 -238.360080 -302.984929 -336.346704 -345.824322 -352.359755 -344.881518 -345.740297 -370.047068 -395.599415 -417.257612 -442.006281 -461.934875 -473.167328 -469.195893 -474.682650 -478.990491 -483.486725 -496.339822 -498.387606 -499.161287 -511.012047 -512.012999 -508.195131
-423.655614 -409.373698 -394.544933 -393.254176 -390.266734 -388.465979 -384.383566 -379.934297 -368.192343 -283.225992 -183.841665 -137.828377 -114.575475 -106.442395 -114.449584 -121.646533 -129.229950 -136.696285 -136.816871 -125.667788 -111.461891 -97.125989 -86.401851 -81.226966 -81.122342 -79.374800 -75.637110 -68.591834 -58.009216 -39.326150 -19.365458 -4.504210 5.806657 -4.009495 -32.896286 -60.592078 -83.087245 -91.598375 -93.640426 -96.628319 -97.663989 -102.505790 -129.267837 -159.247855 -218.082932 -344.649958 -384.645548 -405.434986 -420.159021 -433.471047 -458.918140 -477.339054 -489.544415 -498.546489 -509.015900 -510.785034 -496.778031
-191.827408 -143.563815 -125.760826 -121.678759 -121.017077 -119.752816 -115.314977 -110.070144 -97.903107 -64.204087 -17.218089 12.240000 14.031431 14.078924 13.579351 13.152785 12.701494 12.305640 12.157551 12.465593 12.869482 13.599755 14.115575 14.733267 14.625731 14.682215 14.717902 14.959012 15.261157 15.564159 16.132372 16.803315 17.289293 17.290288 16.447563 15.367522 14.355424 14.067797 13.810123 13.577152 13.609634 13.583170 13.496120 8.688020 -26.130375 -85.356895 -119.111276 -141.215908 -158.198863 -192.067066 -273.814484 -365.304735 -388.283175 -411.170926 -437.532029 -465.372589 -450.184629
-24.249660 6.281723 12.727230 13.084829 12.899716 12.902106 13.189764 13.432949 14.019717 15.053467 16.136940 17.343185 18.397713 19.414643 19.215206 18.769076 17.977338 18.057086 18.107946 18.094499 18.289774 18.316158 18.926684 19.616512 19.828844 19.834824 19.611193 19.796583 19.897825 19.917658 19.857796 19.912700 20.196860 20.344731 20.235250 19.633544 18.806575 18.093821 17.766576 17.733332 17.671590 17.814168 17.905753 17.696187 16.391441 14.472101 12.742112 8.013960 -4.424993 -24.291265 -54.786780 -83.652856 -103.172879 -130.259986 -187.199083 -308.449797 -367.938467
15.519879 16.704225 17.656848 18.232718 18.228148 18.492534 18.495019 18.939298 19.642053 20.388153 20.691672 21.333375 35.382140 43.510790 48.537109 50.226709 51.288338 52.716742 53.332305 52.488032 53.560181 53.516455 53.773206 55.631694 56.442463 55.660739 56.252435 55.862980 56.631343 56.304723 56.442182 54.232069 54.533220 54.340725 53.904255 52.401487 44.969377 31.366223 21.845783 21.260497 20.922946 20.490829 20.028887 19.733662 19.395681 18.584359 17.562949 16.506256 16.239725 15.897453 15.197646 14.597092 13.698116 12.454438 -8.751108 -56.899611 -103.254402
19.025411 19.654341 20.664741 21.432770 26.863315 33.533431 37.550274 46.734299 56.532239 57.525885 58.183706 57.087738 57.896366 57.237817 58.022905 57.585791 55.305475 55.853342 54.103339 49.562619 41.004977 42.408694 43.217130 45.503437 48.318390 47.190052 47.451393 50.642372 48.854448 44.327731 41.148154 39.572465 39.409172 45.843748 48.745302 48.812492 49.906826 49.077545 49.149372 49.089923 49.042711 49.075160 48.888017 44.353088 36.898176 21.800316 20.385932 19.048158 18.452776 18.315135 18.570135 18.442917 18.500878 17.926817 16.872990 15.110367 13.132832
49.921976 59.851496 59.001436 59.540179 59.111153 59.981661 62.205999 61.159758 57.674126 54.765729 49.800392 49.358251 47.734365 45.889792 46.268918 44.650535 41.097558 38.539745 33.798081 24.775154 20.509550 20.440856 20.845647 21.275801 24.135838 26.338680 28.993315 30.890045 26.848315 21.185624 20.649061 20.476305 20.966541 22.120247 26.152072 26.275739 24.964785 23.149331 23.527975 21.856579 22.309489 27.732082 38.723246 46.136712 45.846749 45.780005 45.814519 46.064343 26.720323 20.731880 21.313131 21.014793 20.504250 19.644450 18.986222 18.189801 17.545600
52.915824 50.101529 45.191055 39.944438 39.368958 43.014046 49.130528 51.020127 44.502910 37.564588 31.789991 26.505673 24.642952 23.489152 22.736067 22.677172 20.947692 20.748723 20.091657 19.734292 19.340584 19.105638 19.019746 19.297797 19.647889 19.924514 20.270574 19.925409 19.733206 19.370063 19.075833 19.213125 19.245537 19.531344 20.091938 20.002784 20.116389 19.862711 19.874388 19.607017 19.490171 19.778138 20.396832 20.927898 21.754405 27.261490 33.280221 38.550439 45.452769 45.316305 45.018411 44.938978 40.876873 29.030581 21.133345 20.340037 19.597624
33.799366 29.545602 23.799700 20.739314 20.596108 21.148308 24.073190 22.187403 20.887323 20.407997 19.989488 19.596192 19.435347 19.603984 19.790392 19.973442 19.832215 19.339320 18.815837 18.522711 17.983904 18.033225 17.799418 17.462822 17.878478 18.564447 18.832350 18.158054 18.005114 17.517036 17.343557 17.281279 17.272551 17.518755 18.196036 19.011062 18.990950 18.566152 18.298665 18.254967 18.106311 18.325802 19.020399 19.609564 19.894709 20.087996 20.150395 20.447844 20.783982 21.239652 25.031945 33.777602 43.759281 43.780045 43.708206 43.764844 28.784883
20.564174 20.304941 20.089205 19.926689 19.809576 19.782913 19.780841 19.543016 19.461510 19.451426 19.174137 18.881048 18.262308 18.238679 18.163251 18.549945 18.042127 17.805492 16.895134 16.152953 15.029369 14.328842 13.877439 13.309314 13.475740 14.254373 14.864098 13.914450 13.625945 13.025877 12.862041 12.747034 12.757860 13.128194 14.398353 15.425557 15.986509 15.809670 15.906258 16.165988 16.295209 16.433247 16.967908 17.642860 18.312731 18.683518 18.836367 18.945139 19.156520 19.562602 19.874783 20.202121 20.717118 21.930762 33.078297 40.660659 45.935124
19.678321 19.533138 19.271442 18.920479 18.787924 19.117645 18.705154 18.556347 18.580812 16.235174 15.704589 14.508063 13.441940 13.157266 12.698057 12.593621 12.163390 11.872167 2.889172 -19.493744 -56.021848 -85.224113 -96.182982 -103.321598 -111.740654 -106.586451 -103.744294 -102.922868 -107.707372 -112.410132 -114.413443 -115.881658 -111.720047 -98.978771 -86.739212 -72.968405 -59.925681 -50.818219 -29.175812 -8.382226 -0.892357 11.992826 12.809888 13.821406 15.241034 16.623051 17.093252 17.327399 17.594355 18.046993 18.480832 18.781428 19.368464 20.066842 20.461237 20.702414 21.201795
18.984542 18.591147 18.253168 17.869118 17.388487 17.647000 17.412675 17.016787 14.471104 5.330884 -25.324617 -62.300787 -96.636626 -110.886616 -118.413012 -135.246265 -143.995028 -152.127419 -158.224730 -194.788015 -291.517232 -344.316160 -358.670164 -364.915469 -376.062252 -378.708166 -374.493347 -364.481059 -374.769433 -380.785220 -379.454660 -382.456531 -383.690677 -371.166386 -348.480426 -328.867208 -302.841281 -268.280257 -228.192070 -182.411136 -145.775472 -127.319756 -110.335153 -81.092447 -36.418613 -3.786088 12.442203 13.484175 14.569415 15.818782 16.515071 17.193799 17.818321 18.742850 19.105297 19.390826 19.568632
16.824833 16.081228 14.973802 13.760234 12.358147 12.270110 5.157828 -19.695557 -85.095594 -137.798205 -194.072152 -297.720916 -361.057559 -378.793513 -394.679748 -414.963518 -426.814764 -427.300265 -425.306775 -432.911210 -447.081645 -455.227713 -459.160690 -462.885665 -468.835159 -472.515203 -468.313145 -464.626508 -465.219632 -465.431997 -464.010877 -464.351331 -465.220340 -466.616166 -460.257356 -456.457019 -451.744974 -447.816938 -445.374034 -428.361718 -409.278388 -395.941588 -374.813134 -335.502889 -217.413624 -153.742444 -118.802297 -91.746598 -51.985845 -15.453402 7.912710 13.209332 14.759846 16.389420 17.426918 17.757774 18.060878
10.110266 -13.364876 -54.739748 -105.267595 -121.692135 -130.967085 -144.292010 -202.050390 -344.635879 -400.895769 -426.087059 -444.894502 -456.585910 -464.935721 -474.210699 -483.019306 -489.005035 -484.234534 -482.457175 -478.480882 -484.566250 -488.854450 -489.045843 -492.851634 -496.107387 -501.411039 -496.933387 -495.574110 -490.670891 -491.641156 -491.858604 -489.625977 -490.864084 -491.301675 -495.157349 -491.990956 -490.838404 -489.519682 -481.506080 -474.459185 -467.060167 -461.126058 -454.386237 -444.144790 -426.215556 -403.390153 -376.977438 -343.854617 -255.660147 -168.481244 -125.480202 -93.157560 -51.532372 -11.234074 11.897364 13.455949 14.840268
-130.721082 -175.776366 -280.774329 -377.357637 -403.421934 -404.958469 -422.450318 -442.309641 -468.616698 -476.579422 -480.901028 -486.852040 -490.640584 -493.155896 -498.789015 -502.476562 -509.614658 -506.469422 -502.620081 -496.810317 -501.639342 -501.935380 -500.404721 -502.783279 -505.294683 -510.097929 -509.443629 -505.801430 -501.454350 -502.141643 -501.485044 -498.895900 -498.798442 -500.870357 -505.361891 -504.599692 -502.381204 -500.574466 -496.379305 -492.827127 -489.425446 -486.754335 -482.404132 -477.053427 -470.898272 -462.387222 -451.866770 -444.298718 -428.231184 -403.305285 -376.989065 -347.219386 -260.106871 -168.782564 -129.659468 -98.587152 -59.490848
-386.543836 -409.357283 -439.059811 -459.956819 -475.361559 -483.886299 -491.240191 -498.382551 -499.846267 -501.369953 -503.790543 -505.708647 -507.938485 -509.945300 -511.431230 -514.567941 -522.031744 -518.686508 -514.407206 -509.489677 -509.293853 -509.701502 -509.062985 -509.933737 -513.149646 -519.314281 -516.743580 -513.293162 -510.276263 -509.559964 -509.174599 -507.189040 -508.715182 -511.756839 -516.290366 -514.556323 -511.547111 -510.322365 -508.785894 -506.242026 -503.595897 -501.100256 -498.160998 -495.363948 -491.148989 -486.318892 -480.720547 -474.290780 -466.650015 -456.265838 -451.749854 -444.647562 -433.862413 -412.658876 -391.862062 -361.456048 -286.284115
-463.148990 -470.827220 -480.096002 -490.390586 -494.509368 -498.579004 -502.038089 -506.017358 -508.192082 -509.892602 -507.790161 -508.326285 -511.352545 -510.548786 -511.935984 -517.926546 -515.309148 -513.509725 -508.463035 -509.629056 -509.949201 -511.138782 -510.192547 -510.862359 -516.942210 -513.687388 -512.503159 -509.186985 -508.901718 -508.418469 -508.041183 -507.516116 -508.233795 -512.557076 -511.618647 -510.674050 -507.782408 -508.221342 -507.551181 -504.574515 -504.380853 -503.128021 -501.076480 -499.000486 -496.470608 -493.269572 -488.258632 -483.072936 -477.935888 -477.334114 -473.796434 -470.667857 -474.968817 -467.573166 -461.367523 -454.523260 -440.309788
