tests/Borden05m/sims/sim_1/output-maps/psiliqL0029N0008.asc
ncols         160
nrows         34
xllcorner     620200.000000
yllcorner     5168000.000000
cellsize      0.500000
NODATA_value  -9999.0
[rows 0 to 24 of 34, columns 0 to 54 of 160]
-9999.0 -9999.0 -9999.0 -9999.0 -9999.0 -9999.0 -9999.0 -9999.0 -9999.0 -9999.0 -9999.0 -9999.0 -9999.0 -9999.0 -9999.0 -9999.0 -9999.0 -9999.0 -9999.0 -9999.0 -9999.0 -9999.0 -9999.0 -9999.0 -9999.0 -9999.0 -9999.0 -9999.0 -9999.0 -9999.0 -9999.0 -9999.0 -9999.0 -9999.0 -9999.0 -9999.0 -9999.0 -9999.0 -9999.0 -9999.0 -9999.0 -9999.0 -9999.0 -9999.0 -9999.0 -9999.0 -9999.0 -9999.0 -9999.0 -9999.0 -9999.0 -9999.0 -9999.0 -9999.0 -9999.0
-9999.0 -9999.0 -9999.0 -9999.0 -9999.0 -9999.0 -9999.0 -9999.0 -9999.0 -9999.0 -9999.0 -9999.0 -9999.0 -9999.0 -9999.0 -9999.0 -9999.0 -9999.0 -9999.0 -9999.0 -9999.0 -9999.0 -9999.0 -9999.0 -9999.0 -9999.0 -9999.0 -9999.0 -9999.0 -9999.0 -9999.0 -9999.0 -9999.0 -9999.0 -9999.0 -9999.0 -9999.0 -9999.0 -9999.0 -9999.0 -9999.0 -9999.0 -9999.0 -9999.0 -9999.0 -9999.0 -9999.0 -9999.0 -9999.0 -9999.0 -9999.0 -9999.0 -9999.0 -9999.0 -9999.0
-9999.0 -9999.0 -9999.0 -9999.0 -9999.0 -9999.0 -9999.0 -9999.0 -9999.0 -9999.0 -9999.0 -9999.0 -9999.0 -9999.0 -9999.0 -9999.0 -9999.0 -9999.0 -9999.0 -9999.0 -9999.0 -9999.0 -9999.0 -9999.0 -9999.0 -9999.0 -9999.0 -9999.0 -9999.0 -9999.0 -9999.0 -9999.0 -9999.0 -9999.0 -9999.0 -9999.0 -9999.0 -9999.0 -9999.0 -9999.0 -9999.0 -9999.0 -9999.0 -9999.0 -9999.0 -9999.0 -9999.0 3872.392392 3855.232716 3842.357312 3836.923795 3857.437209 3880.279629 3903.956837 3924.328577
-9999.0 -9999.0 -9999.0 -9999.0 -9999.0 -9999.0 -9999.0 -9999.0 -9999.0 -9999.0 -9999.0 -9999.0 -9999.0 -9999.0 -9999.0 -9999.0 -9999.0 -9999.0 -9999.0 -9999.0 -9999.0 -9999.0 -9999.0 -9999.0 -9999.0 -9999.0 -9999.0 -9999.0 -9999.0 -9999.0 -9999.0 -9999.0 -9999.0 -9999.0 -9999.0 -9999.0 -9999.0 -9999.0 -9999.0 -9999.0 3924.039745 3929.884647 3929.147415 3919.331652 3907.829168 3893.584891 3872.686230 3855.596325 3842.911930 3841.038314 3843.255445 3845.083260 3865.024157 3890.457976 3910.271074
-9999.0 -9999.0 -9999.0 -9999.0 -9999.0 -9999.0 -9999.0 -9999.0 -9999.0 -9999.0 -9999.0 -9999.0 -9999.0 -9999.0 -9999.0 -9999.0 -9999.0 -9999.0 -9999.0 -9999.0 -9999.0 -9999.0 -9999.0 -9999.0 -9999.0 -9999.0 -9999.0 -9999.0 -9999.0 -9999.0 -9999.0 -9999.0 -9999.0 -9999.0 3831.973383 3848.642736 3866.364562 3884.813680 3901.713549 3908.742048 3914.480957 3919.590259 3914.629751 3910.072934 3898.052513 3876.266982 3856.828209 3844.179853 3843.370159 3840.766149 3843.872693 3854.774611 3871.086959 3885.500806 3905.663314
-9999.0 -9999.0 -9999.0 -9999.0 -9999.0 -9999.0 -9999.0 -9999.0 -9999.0 -9999.0 -9999.0 -9999.0 -9999.0 -9999.0 -9999.0 -9999.0 -9999.0 -9999.0 -9999.0 -9999.0 -9999.0 -9999.0 -9999.0 -9999.0 -9999.0 -9999.0 -9999.0 -9999.0 3838.595353 3832.516964 3827.588009 3825.777984 3824.065743 3822.956250 3829.384580 3840.025991 3856.555438 3878.537675 3891.713844 3898.797861 3905.563268 3905.569533 3899.160314 3897.233691 3897.461383 3884.245863 3871.472175 3859.495387 3847.729846 3843.828348 3852.198655 3866.150393 3882.037844 3896.199551 3911.071214
-9999.0 -9999.0 -9999.0 -9999.0 -9999.0 -9999.0 -9999.0 -9999.0 -9999.0 -9999.0 -9999.0 -9999.0 -9999.0 -9999.0 -9999.0 -9999.0 -9999.0 -9999.0 -9999.0 -9999.0 -9999.0 -9999.0 -9999.0 3809.072746 3813.610162 3819.942435 3827.461034 3828.226963 3824.955252 3819.425718 3816.596692 3814.916651 3812.178666 3816.423397 3822.786988 3835.195215 3849.914627 3871.960359 3879.735988 3883.125036 3893.844953 3897.434817 3905.445044 3908.870106 3906.489055 3901.626588 3885.612985 3872.958541 3873.859575 3876.885694 3883.287063 3891.263698 3904.321882 3917.133775 3931.398924
-9999.0 -9999.0 -9999.0 -9999.0 -9999.0 -9999.0 -9999.0 -9999.0 -9999.0 -9999.0 -9999.0 -9999.0 -9999.0 -9999.0 -9999.0 -9999.0 -9999.0 -9999.0 -9999.0 3784.894693 3785.892578 3787.351285 3792.099228 3792.198792 3793.644561 3800.078672 3807.742859 3810.482325 3807.800904 3806.592162 3807.447712 3809.535019 3813.607431 3823.262593 3835.910800 3849.096071 3860.904175 3880.787152 3894.344791 3905.554061 3919.866995 3919.992864 3915.892819 3913.656550 3912.784042 3910.023659 3906.245961 3903.677443 3909.200710 3908.172040 3910.277720 3918.734666 3930.235194 3945.631402 3961.902670
-9999.0 -9999.0 -9999.0 -9999.0 -9999.0 -9999.0 -9999.0 -9999.0 -9999.0 -9999.0 -9999.0 -9999.0 -9999.0 -9999.0 -9999.0 -9999.0 3755.872862 3757.497482 3759.760447 3765.153100 3768.899758 3772.594011 3779.304383 3780.575066 3783.462487 3790.010636 3793.769678 3802.593841 3810.411990 3816.677516 3821.648678 3823.075151 3828.309865 3836.300606 3846.440626 3858.754096 3877.252916 3899.797656 3914.232981 3929.811788 3946.051916 3945.654166 3942.858980 3941.990494 3939.146515 3938.370974 3951.059789 3952.760676 3945.069544 3952.214394 3962.619198 3964.112709 3970.145273 3989.375777 4010.544307
-9999.0 -9999.0 -9999.0 -9999.0 -9999.0 -9999.0 -9999.0 -9999.0 -9999.0 -9999.0 -9999.0 -9999.0 -9999.0 3705.768090 3709.510237 3719.701702 3731.610235 3734.559961 3739.424245 3746.002114 3757.720049 3760.897347 3766.269678 3772.716634 3784.879560 3792.691628 3800.437919 3811.106026 3817.886649 3823.566349 3828.530128 3829.430003 3839.120320 3851.436986 3864.069735 3881.538461 3902.121478 3918.760134 3935.130778 3950.505044 3960.558019 3955.785988 3954.092211 3955.242005 3958.266641 3969.271560 3984.322870 3981.804021 3988.525928 4007.588053 4016.278181 4021.842440 4026.721396 4040.163316 4061.335262
-9999.0 -9999.0 -9999.0 -9999.0 -9999.0 -9999.0 -9999.0 -9999.0 -9999.0 -9999.0 3680.918063 3681.947273 3677.817592 3674.076940 3679.718631 3691.770721 3706.183784 3710.998928 3722.660548 3743.644436 3762.014133 3764.237793 3776.510151 3785.840972 3791.468262 3799.790582 3811.102479 3821.398868 3834.768275 3844.516761 3850.894483 3864.707466 3878.557558 3892.865609 3908.244019 3927.079448 3940.869684 3962.075948 3985.193639 3991.735325 4006.341256 4006.357731 4001.172072 3998.105235 4006.608303 4015.722196 4028.089130 4041.077303 4057.974884 4078.318248 4086.315411 4098.294117 4106.480486 4115.984597 4130.914804
-9999.0 -9999.0 -9999.0 -9999.0 -9999.0 -9999.0 -9999.0 -9999.0 3656.552642 3664.629200 3669.421167 3665.605267 3660.597573 3653.649444 3668.017599 3682.708364 3697.796823 3715.618198 3730.278362 3747.727270 3760.306985 3773.553950 3792.573263 3801.718844 3810.530359 3823.844836 3835.000582 3847.515812 3866.004589 3871.022936 3879.129586 3896.402390 3909.787334 3924.771644 3941.236884 3955.868499 3973.468574 4001.697662 4028.845150 4042.677342 4067.359877 4082.467906 4075.214727 4072.096399 4072.247144 4094.021858 4118.813297 4146.825700 4163.744075 4185.765966 4213.255894 4232.181570 4241.149652 4251.993733 4265.625972
-9999.0 -9999.0 -9999.0 -9999.0 -9999.0 -9999.0 3628.014949 3652.133152 3666.935037 3657.614071 3641.759262 3635.574242 3628.175303 3660.233554 3681.959806 3698.466066 3714.157707 3730.637082 3745.683138 3751.848003 3779.257735 3797.761303 3807.637674 3818.356223 3831.286375 3844.144780 3858.536924 3877.839177 3892.916435 3911.710524 3924.323661 3937.830816 3959.642720 3975.279624 3990.712771 4002.420485 4028.350357 4061.714213 4095.208491 4118.209330 4141.666602 4172.925076 4171.077002 4172.088647 4172.621029 4196.735566 4230.731570 4260.186140 4291.456845 4321.595221 4350.149042 4360.491426 4369.334556 4379.116957 4391.630757
-9999.0 -9999.0 -9999.0 -9999.0 3596.488327 3616.958918 3634.752594 3664.078080 3685.259873 3679.604119 3682.665747 3679.357856 3673.464654 3677.901272 3685.383760 3701.330766 3719.435837 3737.919639 3750.181366 3774.313152 3820.474046 3829.247741 3843.464522 3870.992429 3880.090927 3892.487323 3906.616653 3925.344149 3941.054845 3965.992464 3997.373471 4024.034241 4043.805708 4061.702639 4079.834083 4095.335690 4130.153215 4166.625498 4201.762983 4232.587482 4258.854950 4284.862862 4290.543391 4295.084876 4304.888176 4322.152925 4345.123905 4372.798543 4406.895020 4439.106652 4462.216000 4470.679178 4475.636107 4485.172080 4492.418685
-9999.0 -9999.0 -9999.0 3541.361703 3580.277929 3619.924530 3644.603917 3673.935786 3705.539195 3703.504985 3711.244650 3709.029381 3705.712846 3709.413227 3710.355784 3725.515856 3742.827353 3762.263642 3782.337840 3814.064997 3840.909801 3855.134438 3880.964961 3893.897027 3904.386664 3915.693060 3933.275399 3951.722104 3986.631727 4014.382014 4059.099594 4108.847578 4139.984383 4158.519015 4180.967990 4208.551239 4233.846753 4273.120951 4307.126157 4339.192667 4369.366910 4391.310614 4405.064914 4409.465242 4419.312427 4424.844341 4437.009118 4458.048281 4480.591332 4511.685175 4541.205576 4570.876253 4586.488579 4597.883002 4615.313355
-9999.0 -9999.0 3492.720148 3532.488964 3562.811907 3608.156939 3660.565353 3695.103254 3733.330381 3750.233583 3751.747756 3760.000013 3768.420721 3767.179500 3773.577460 3784.335353 3806.394884 3814.960468 3835.257964 3847.173213 3881.105867 3912.050414 3902.510437 3937.786675 3966.788161 3999.926148 4021.591565 4047.969625 4086.001197 4118.479416 4162.199981 4212.240795 4246.083404 4273.718281 4289.851482 4310.548595 4330.858503 4357.892290 4395.316245 4420.785671 4454.976445 4480.545078 4500.044400 4500.110907 4502.705196 4519.095635 4548.193161 4579.978686 4609.750182 4639.728626 4621.263507 4646.785040 4658.205750 4664.577643 4674.596519
-9999.0 -9999.0 3461.467835 3508.227597 3540.970238 3596.345431 3683.822563 3716.629657 3755.136796 3799.738536 3811.632894 3831.588675 3820.776693 3804.547185 3820.338995 3832.272561 3853.991022 3861.318299 3854.016678 3905.129322 3956.255198 3975.306272 3973.617503 4052.262914 4105.890237 4131.754861 4149.459848 4169.912958 4189.116048 4226.967399 4265.088318 4320.227272 4361.548297 4391.650393 4406.355089 4427.081652 4446.898147 4461.950717 4481.934000 4530.216271 4567.363408 4599.247831 4632.219091 4653.968111 4662.318638 4667.807762 4639.744630 4661.106400 4675.593057 4681.841062 4684.368758 4680.516684 4679.985943 4680.850004 4681.771321
-9999.0 3366.839443 3419.329347 3468.863019 3531.654258 3590.912192 3663.042658 3736.040275 3803.694591 3856.269998 3880.104359 3868.547882 3860.071777 3881.139358 3898.790354 3912.818836 3918.712591 3929.942616 3909.292787 3963.712667 3998.010812 4042.466176 4140.116596 4199.189757 4266.360180 4261.700952 4249.263062 4253.253846 4268.248826 4315.677901 4397.308808 4455.654903 4524.238603 4575.274734 4593.188539 4601.231493 4620.554229 4641.899485 4583.201049 4630.622421 4652.566968 4670.877974 4681.670984 4684.194822 4685.604398 4685.341913 4681.573902 4674.416825 4666.138749 4660.215644 4655.929628 4651.426362 4653.870306 4657.211641 4657.253191
-9999.0 3327.535661 3384.221866 3451.483571 3517.501555 3558.671749 3635.328783 3806.380741 3870.339300 3907.923582 3909.147094 3874.079858 3927.306710 3985.779925 4008.200056 4053.741379 4036.369209 4020.729428 3979.055940 4003.155635 4040.095555 4110.966178 4288.571163 4378.803593 4436.286107 4444.203599 4444.257317 4473.385126 4519.549230 4569.731081 4618.639037 4581.548770 4636.138795 4663.140345 4668.782790 4669.572610 4675.630973 4674.002977 4672.785237 4668.228326 4662.986046 4663.168792 4667.944561 4667.807582 4664.789589 4661.310928 4655.546915 4648.128445 4642.985862 4638.344936 4635.702747 4632.894266 4630.831344 4629.886124 4624.842791
-9999.0 3283.946900 3359.579919 3416.039700 3456.498198 3540.733807 3671.222123 3816.871749 3913.664295 3946.542464 3913.103699 3940.391142 4044.126914 4153.299012 4206.425084 4227.197761 4203.965110 4150.079197 4125.478937 4169.545820 4242.118759 4369.008008 4519.162986 4624.410489 4640.784402 4644.547392 4591.184673 4619.897368 4646.510396 4649.668486 4650.918089 4660.037982 4665.206595 4668.277484 4666.666368 4663.761982 4658.897431 4650.612832 4645.834285 4642.054160 4638.212727 4636.895696 4638.771933 4640.779457 4637.882533 4633.948964 4629.457925 4623.884103 4617.504662 4610.668923 4606.225328 4601.864044 4599.679209 4593.888548 4590.466215
-9999.0 3153.320026 3251.843191 3287.776720 3349.962739 3541.954464 3671.295323 3808.466870 3978.176531 3994.091781 4032.518169 4177.248020 4300.806755 4383.861413 4411.116444 4443.667308 4468.212654 4483.397121 4521.548917 4385.303455 4472.285591 4580.107130 4630.172942 4651.883292 4664.014227 4664.429296 4654.204144 4633.044795 4622.227387 4615.461915 4617.076652 4624.407127 4628.938066 4633.607039 4631.264163 4632.468327 4633.840788 4630.683402 4626.582833 4617.701331 4609.764395 4602.819295 4599.196793 4603.771469 4599.144089 4596.931044 4590.614453 4581.981104 4572.858375 4565.447443 4557.305406 4550.664805 4548.456060 4543.449117 4542.208380
-9999.0 3072.160276 3143.106506 3193.374962 3295.159672 3457.939011 3542.909734 3697.558655 3946.932110 4088.604098 4263.090699 4359.806878 4430.965729 4469.955252 4518.891837 4573.507188 4602.112413 4615.215601 4580.495022 4606.270969 4561.613790 4550.241892 4568.447199 4598.803807 4617.216280 4621.509755 4613.844489 4605.018377 4597.723987 4596.600996 4594.232357 4589.562726 4584.874265 4580.949917 4577.811098 4581.045773 4586.568801 4579.180149 4568.439696 4558.621058 4549.782880 4540.289298 4534.187298 4529.188835 4529.882161 4530.210926 4522.432174 4511.773180 4500.702037 4492.246541 4485.019332 4480.639316 4477.791817 4472.654775 4462.399109
-9999.0 2946.075068 3081.032291 3151.257175 3236.193742 3361.305011 3457.447456 3604.625548 3728.786764 3980.224383 4118.139745 4333.101813 4386.307682 4460.345008 4506.383537 4582.572153 4576.968246 4545.814698 4500.762452 4484.947772 4498.174823 4507.736307 4515.524941 4529.436967 4547.588734 4558.113043 4563.953688 4558.331625 4544.001408 4530.844052 4518.741116 4504.163624 4494.218171 4491.430006 4496.243313 4506.939724 4507.063362 4497.658359 4483.177406 4464.327279 4448.252017 4436.079628 4434.230408 4437.296007 4438.584564 4434.302032 4428.596651 4417.603569 4404.795819 4392.018343 4386.551121 4382.285513 4374.543895 4362.781192 4350.451115
-9999.0 -9999.0 2991.362745 3098.183643 3185.511890 3290.950051 3370.323951 3479.069210 3615.264512 3783.657568 3900.382242 4094.135014 4196.198537 4241.222458 4272.774918 4330.179627 4358.152083 4393.320024 4390.990082 4405.257446 4416.681789 4422.574856 4427.496805 4432.465213 4442.779641 4452.881949 4463.926129 4461.074002 4452.354147 4431.033625 4404.034709 4382.958410 4372.037821 4362.210317 4375.006382 4387.858161 4381.715456 4374.684019 4361.778228 4345.317825 4332.737806 4318.259196 4314.807152 4314.579899 4315.237009 4312.977398 4310.796134 4298.267998 4285.958134 4276.333386 4272.482696 4266.800349 4263.455434 4253.650676 4243.013677
-9999.0 -9999.0 2902.192300 3002.777777 3099.476827 3212.732930 3289.580807 3283.667332 3413.496416 3512.414259 3620.843706 3735.927283 3837.220313 3908.212614 3939.390194 4003.046268 4063.941019 4083.836312 4129.780423 4190.365591 4227.459843 4270.381749 4295.183304 4304.432245 4317.044259 4332.095584 4339.489934 4323.495875 4312.138384 4294.860667 4270.795924 4243.146344 4229.180996 4229.401909 4227.672585 4228.352779 4220.222637 4211.318693 4196.700906 4183.036105 4170.909729 4162.462964 4158.925004 4152.771182 4150.186290 4147.414369 4145.946482 4141.318746 4133.581838 4129.547074 4121.200148 4117.823061 4117.367698 4114.942998 4109.750937
