tests/Borden05m/sims/sim_1/output-maps/psiliqL0000N0019.asc
ncols         160
nrows         34
xllcorner     620200.000000
yllcorner     5168000.000000
cellsize      0.500000
NODATA_value  -9999.0
[rows 0 to 24 of 34, columns 56 to 111 of 160]
-9999.0 -9999.0 -9999.0 -9999.0 -9999.0 -9999.0 -9999.0 -9999.0 -9999.0 -9999.0 -9999.0 -9999.0 -9999.0 -9999.0 -9999.0 -9999.0 -9999.0 -9999.0 -9999.0 -9999.0 -9999.0 -9999.0 -9999.0 -9999.0 -9999.0 -9999.0 -9999.0 -9999.0 -9999.0 -9999.0 -9999.0 -9999.0 -9999.0 -9999.0 -9999.0 -9999.0 -9999.0 -9999.0 -9999.0 -9999.0 -9999.0 -9999.0 -9999.0 -9999.0 -9999.0 -9999.0 -9999.0 -9999.0 -9999.0 -9999.0 -9999.0 -9999.0 -9999.0 -9999.0 -9999.0 -9999.0
-9999.0 -9999.0 -9999.0 -613.292058 -614.383149 -615.154947 -615.605398 -617.135968 -618.324874 -619.715920 -619.946597 -619.798531 -620.044323 -620.575727 -619.837188 -618.877745 -618.047685 -616.900263 -617.094382 -616.944302 -616.503032 -616.383974 -616.587583 -617.117808 -617.469526 -617.882332 -617.362269 -618.945755 -620.993061 -622.559660 -622.880958 -621.561135 -620.767464 -620.893982 -620.127402 -618.483308 -617.057175 -616.532114 -614.818696 -615.015099 -614.316506 -613.220244 -614.103166 -614.340185 -614.251461 -613.977588 -616.319075 -9999.0 -9999.0 -9999.0 -9999.0 -9999.0 -9999.0 -9999.0 -9999.0 -9999.0
-617.967449 -614.890413 -615.049747 -619.373252 -619.812419 -619.928858 -619.755958 -620.403873 -622.032781 -622.456630 -623.648596 -624.149350 -624.281915 -624.743619 -624.351839 -622.384531 -620.971994 -620.549658 -620.821109 -620.950275 -621.349190 -621.645953 -621.556887 -622.054396 -622.516459 -623.007749 -622.888742 -621.702379 -623.191381 -623.936462 -624.653210 -625.395142 -625.099232 -624.854316 -624.753192 -622.879674 -622.114618 -621.554140 -619.003158 -616.618903 -615.970042 -616.910104 -617.965144 -617.742414 -617.879245 -618.891347 -619.882873 -620.000062 -620.496757 -620.715529 -621.587762 -620.239226 -620.212309 -618.649207 -617.311368 -615.750179
-621.958160 -618.465740 -618.663188 -621.944710 -623.929814 -624.522220 -624.114128 -622.767313 -623.327155 -624.480479 -626.179718 -624.243270 -624.497987 -624.665296 -624.305149 -623.642312 -623.408692 -623.089138 -622.605999 -620.821588 -620.934662 -621.080220 -620.991612 -621.303029 -621.878760 -621.844875 -622.165356 -623.640722 -623.409697 -623.047468 -623.347206 -621.884724 -621.798697 -620.996479 -623.553747 -623.129880 -622.481000 -621.994820 -621.609118 -621.160862 -620.570946 -621.682884 -620.934690 -621.878794 -623.927872 -624.498638 -624.407836 -622.883891 -622.109894 -623.115722 -626.582727 -624.746237 -620.850943 -621.102543 -621.660515 -619.701115
-624.197550 -623.418693 -623.830402 -625.198346 -623.916122 -622.872870 -622.201747 -622.819549 -624.058237 -625.515216 -622.339658 -621.004125 -621.671180 -621.298643 -620.397959 -620.403169 -624.326468 -625.343167 -623.795632 -622.151815 -621.436957 -622.127449 -622.458741 -623.102332 -623.103246 -622.710887 -623.144821 -622.531752 -621.988743 -622.600158 -621.561748 -620.401887 -619.322615 -621.829478 -624.083352 -623.967527 -622.117370 -620.747409 -620.004776 -617.999315 -614.912894 -615.429381 -616.177568 -616.616013 -617.134058 -620.796178 -624.085609 -625.387236 -625.953099 -626.900192 -626.203072 -626.850957 -623.790029 -624.010710 -624.481900 -622.951877
-626.796573 -622.900092 -621.898231 -624.022592 -625.207427 -625.755211 -625.431480 -625.829152 -625.718650 -622.866995 -621.244744 -618.526285 -619.426949 -619.321307 -619.422416 -622.137126 -624.201104 -625.585829 -621.509511 -618.207853 -617.080595 -617.900628 -618.563511 -615.604751 -616.494455 -616.932471 -618.706951 -618.061470 -618.220276 -615.029910 -613.772344 -612.109337 -612.757737 -615.881830 -618.500429 -618.682043 -618.430497 -618.747597 -617.976538 -615.934403 -613.372468 -615.176397 -616.085569 -616.142660 -621.732389 -626.081595 -627.616040 -624.809787 -623.199177 -623.523019 -623.286632 -623.196917 -625.303293 -624.824785 -624.600431 -625.555523
-618.893942 -616.572193 -612.817840 -615.316553 -617.141239 -620.305242 -619.979096 -619.563450 -618.429947 -616.795879 -613.742462 -608.013332 -608.966220 -608.523971 -606.637784 -609.750713 -612.681751 -616.963899 -612.244738 -611.022111 -609.312795 -609.386532 -605.552697 -602.119122 -604.225865 -607.143683 -610.490406 -608.432729 -603.816309 -599.403709 -598.250242 -597.671235 -596.851439 -599.983190 -600.944709 -601.725971 -601.546848 -603.588917 -603.483937 -600.128032 -594.444064 -593.840890 -596.877062 -602.470616 -610.569469 -617.740361 -621.607573 -617.624609 -618.882642 -619.488996 -618.913368 -621.590584 -623.183689 -621.089237 -623.080554 -624.599055
-616.081494 -613.662091 -609.256449 -611.026015 -614.454367 -618.018155 -617.942431 -615.762082 -614.613584 -610.317479 -603.972546 -596.139428 -591.197059 -586.914578 -582.348301 -585.834414 -589.752131 -594.131322 -593.426673 -588.153002 -582.568803 -575.855105 -568.022675 -559.206071 -561.726342 -566.510158 -567.021558 -564.896456 -554.785454 -544.541685 -539.973831 -537.017666 -531.789298 -535.547785 -542.463500 -550.195596 -557.491909 -563.522519 -567.868830 -559.499306 -549.950043 -551.841801 -568.689578 -581.643854 -594.291420 -604.934042 -614.964043 -615.116271 -613.548505 -612.199815 -615.737555 -617.566554 -620.822017 -621.640007 -621.482297 -624.817802
-594.748875 -588.134703 -580.317608 -576.627101 -583.423465 -584.437853 -581.923770 -576.522162 -574.200969 -567.115128 -545.106966 -509.797063 -481.727399 -461.587521 -457.917978 -464.744727 -472.672191 -485.798606 -493.191789 -481.848062 -470.540254 -460.769821 -452.371647 -444.280324 -438.362643 -438.731251 -438.645300 -436.844788 -434.617716 -430.457977 -425.296862 -419.930781 -413.936187 -411.683681 -418.771492 -426.313373 -434.561767 -442.113478 -444.423156 -446.618756 -442.825679 -443.353430 -456.643176 -476.616625 -504.846849 -539.855132 -564.615835 -579.439237 -580.068886 -586.806504 -592.253810 -598.152358 -608.942546 -612.124328 -613.978765 -622.028845
-539.255788 -510.018769 -491.579315 -475.891918 -473.800780 -470.538700 -467.678969 -463.055194 -459.017463 -453.998950 -430.576645 -401.258551 -372.561511 -349.112248 -339.210176 -346.807625 -355.592835 -365.670550 -374.783577 -375.239950 -364.006962 -349.848777 -335.751626 -326.460332 -323.030243 -324.522755 -324.410132 -323.344093 -320.549494 -318.704469 -314.814587 -308.574030 -298.348740 -285.957133 -288.487913 -304.284292 -317.824693 -333.961442 -342.440456 -346.227719 -351.703338 -352.378675 -352.734463 -373.599653 -396.304329 -422.714915 -448.559240 -465.677504 -484.257245 -504.800158 -525.716167 -559.050312 -581.868128 -596.590472 -606.550870 -615.417679
-433.993643 -409.658373 -386.080064 -371.914962 -366.077554 -363.435976 -359.296169 -351.571573 -345.001731 -336.504133 -319.750130 -288.262893 -254.215358 -224.111151 -211.281584 -215.876751 -224.339068 -235.736413 -242.985634 -245.468105 -241.221050 -233.726129 -221.575825 -210.593870 -199.623688 -199.543436 -199.700582 -199.546899 -198.225119 -197.035000 -196.821045 -191.200399 -181.300145 -172.520214 -170.231904 -179.709594 -196.572835 -215.890421 -232.280884 -243.349206 -250.651796 -252.285633 -252.220717 -253.053432 -272.426550 -303.344514 -344.026787 -372.886253 -394.403661 -407.107366 -420.213310 -431.940406 -459.606622 -475.039020 -503.589987 -540.051374
-337.871192 -311.461170 -283.888094 -264.246509 -253.377169 -250.144666 -243.324085 -230.002685 -219.751055 -207.354924 -193.164518 -177.866619 -151.541630 -120.541208 -62.363553 -63.210494 -72.418643 -85.809975 -88.409554 -88.282731 -88.079451 -83.697353 -79.302988 -67.638022 -54.663938 -50.265278 -49.125840 -51.864299 -49.660905 -49.585502 -49.192277 -49.872228 -47.562054 -42.988610 -40.590141 -43.530415 -54.920798 -72.313506 -127.850080 -144.128917 -150.953021 -155.339281 -156.677040 -159.428963 -168.991089 -193.695270 -231.001919 -267.117988 -293.441805 -312.185855 -325.458986 -334.689336 -342.435403 -355.761735 -379.125990 -412.686715
-232.028272 -208.578376 -185.180334 -162.153096 -146.825086 -136.723394 -122.970406 -82.625198 -68.798882 -54.057026 -39.530233 -58.229655 -18.970083 -2.987056 6.745172 11.919136 13.783329 13.973644 16.631346 15.901001 17.032439 16.759810 17.947378 17.286646 20.478927 20.231053 21.086919 20.531726 20.420342 21.103749 21.661657 20.908688 18.974937 19.705360 19.047102 19.697213 17.058442 9.658389 -4.681527 -15.051600 -21.569546 -28.175187 -36.200306 -44.914498 -53.202265 -67.493209 -127.329078 -164.426144 -197.289514 -217.178913 -226.805445 -233.081237 -238.514894 -252.352787 -272.736071 -298.230168
-86.074326 -71.468204 -55.614234 -34.536450 -47.174654 -12.086276 -4.674697 1.282025 9.837469 19.702013 22.314289 21.445743 22.221767 21.473676 21.630936 22.493466 21.293165 20.317196 19.337506 19.188860 13.219963 5.197053 6.393841 7.603377 9.815159 13.144374 11.569430 12.284378 15.620922 13.745452 9.124461 6.149603 4.537074 4.519252 11.050552 13.668416 14.532884 15.275201 14.672892 14.582718 14.803122 14.521147 14.688547 14.686951 9.896290 2.319046 -16.231055 -41.754151 -69.339755 -124.031778 -138.077699 -138.935150 -143.611688 -151.827984 -176.322949 -204.420236
2.489754 12.310032 22.866854 22.268531 22.790803 21.834334 23.884567 24.998898 26.077083 20.451398 18.497571 13.679377 13.151771 11.821439 9.881927 10.433243 8.791555 5.397372 2.588684 -3.452518 -13.014414 -24.996137 -26.444092 -21.341656 -16.803984 -12.969037 -11.119761 -7.943257 -6.234035 -10.111373 -17.499508 -24.028518 -26.537937 -20.703321 -14.744366 -10.318377 -10.087682 -11.307994 -12.905012 -12.303537 -14.147820 -13.349604 -7.519333 4.377369 12.066686 12.075393 11.980618 12.000606 12.024022 -8.227099 -26.342878 -23.788211 -27.350239 -37.811542 -95.401632 -123.911198
15.769724 16.166930 13.390951 8.299300 3.353542 2.820282 6.477478 12.955433 14.138242 8.464823 1.377124 -5.775998 -11.866446 -13.079490 -14.801852 -15.307356 -15.414358 -20.459834 -28.380051 -77.463001 -94.897048 -108.023004 -114.784929 -115.714616 -110.069135 -101.839162 -94.752202 -90.837040 -95.761900 -101.822750 -110.913548 -118.437395 -118.246150 -115.167960 -106.784292 -95.436939 -93.200779 -92.512582 -96.203609 -98.605454 -102.791800 -101.846475 -88.729687 -39.873670 -25.712703 -14.448104 -7.696199 -1.130585 4.712656 11.823493 11.813110 11.874590 11.790454 7.797507 -4.821884 -21.889255
2.194190 -4.107144 -8.617932 -15.271257 -21.126290 -22.916922 -18.898474 -14.200983 -16.832586 -22.940213 -36.877757 -79.957720 -95.139611 -102.056430 -102.024148 -100.527733 -100.810439 -107.515325 -123.332188 -146.174160 -162.292085 -177.208262 -181.749911 -186.090130 -188.052254 -177.757174 -163.389219 -158.478800 -169.810002 -178.204383 -190.735118 -197.991389 -200.160714 -198.211697 -188.989228 -171.908204 -156.658143 -155.995935 -164.163200 -171.790868 -175.382065 -175.600440 -164.685591 -139.893946 -119.002986 -104.467588 -93.966075 -82.401264 -40.142177 -30.368930 -20.483029 -9.326588 0.467324 10.814880 11.203566 11.149986
-24.079110 -64.223395 -77.162778 -85.765133 -92.458012 -96.951937 -99.312865 -101.253007 -107.436976 -114.614871 -126.541802 -143.798119 -157.474714 -171.067761 -174.410893 -176.331425 -174.747005 -186.108367 -198.824600 -220.061745 -236.201401 -251.701330 -259.907689 -265.564894 -270.709081 -263.053411 -247.213645 -238.318362 -253.519983 -263.301377 -276.404524 -282.858623 -285.801131 -284.618672 -275.514396 -253.210247 -235.390337 -229.767357 -237.646137 -244.575224 -247.553810 -247.286935 -240.700717 -222.545115 -201.142037 -181.146845 -166.277969 -154.568443 -140.231253 -127.220433 -111.181610 -93.041539 -54.075158 -28.916056 -12.489518 0.355045
-102.151169 -117.534585 -129.453227 -140.697348 -151.389593 -157.345255 -157.187773 -164.093087 -170.739381 -180.741535 -220.386591 -236.629550 -253.621392 -267.578124 -272.166156 -278.507813 -281.158838 -290.387751 -298.166494 -310.337322 -325.589389 -341.101137 -354.370596 -358.690591 -362.502971 -365.732931 -356.254618 -352.173599 -355.400692 -362.082905 -369.085281 -372.819427 -375.030057 -371.598165 -360.005951 -348.255586 -337.180922 -332.344609 -337.574417 -333.192618 -328.201722 -328.105026 -313.840681 -299.631324 -281.787893 -260.844480 -239.259368 -226.933286 -215.849560 -203.431553 -186.514956 -167.305287 -145.089109 -119.161628 -91.382543 -52.613081
-155.842152 -170.156754 -184.465212 -196.929773 -208.903774 -219.804290 -219.420019 -223.300865 -229.573817 -259.993342 -299.842854 -328.201452 -344.273969 -362.190390 -370.125910 -376.704233 -393.762269 -404.597525 -412.127616 -412.023942 -422.136310 -435.546465 -446.288785 -450.883235 -453.810781 -460.197745 -461.983854 -459.593809 -453.857432 -458.966503 -461.846765 -460.456768 -462.140815 -463.331277 -457.130946 -447.283731 -441.327513 -435.230720 -429.508857 -426.048965 -421.500623 -402.903623 -390.947579 -378.593361 -360.912895 -341.155291 -320.334104 -302.924804 -290.784279 -276.944712 -258.148394 -240.713293 -218.404593 -192.986468 -162.994329 -139.888757
-221.638852 -239.148452 -254.027321 -268.653249 -283.654084 -302.705461 -304.451715 -310.861846 -321.572252 -358.002106 -392.916766 -419.282934 -435.863254 -452.939045 -462.897157 -478.756024 -505.757319 -524.737551 -525.292999 -520.699494 -526.390942 -541.089112 -552.841900 -560.264343 -567.031643 -575.112229 -579.477227 -575.411692 -570.894263 -570.953551 -571.104672 -569.496415 -569.653794 -570.140877 -569.764958 -561.484496 -554.946111 -547.302432 -540.260240 -533.290886 -508.178874 -483.542574 -467.976866 -452.551482 -437.090088 -418.326029 -398.017094 -380.798492 -367.795301 -351.478054 -333.668662 -314.146033 -293.105308 -267.414158 -237.517425 -213.321634
-287.116139 -310.905246 -329.767914 -349.007681 -377.356162 -389.103726 -396.222275 -402.221019 -425.452422 -455.039338 -483.653259 -513.431555 -539.261215 -558.780816 -573.022935 -585.697806 -595.601754 -601.246798 -598.143289 -596.335100 -593.533693 -598.393551 -602.233629 -603.290328 -606.657119 -609.625161 -613.355887 -610.381005 -608.953786 -605.407027 -605.690187 -605.548595 -603.960824 -604.753050 -605.021625 -607.096774 -604.448952 -602.775899 -600.677820 -593.463109 -585.342556 -575.201484 -564.024201 -548.513010 -525.958800 -497.644885 -471.663540 -451.283250 -436.207236 -420.469110 -402.450444 -385.186195 -367.544930 -346.218613 -320.547575 -297.708293
-373.447179 -391.722718 -409.868848 -434.121085 -463.952733 -485.310352 -494.830252 -521.467445 -548.689016 -575.333889 -587.659990 -594.433673 -600.660752 -605.024490 -608.309247 -613.257151 -616.672015 -621.489258 -619.665426 -617.114540 -613.434353 -616.533070 -617.083741 -616.540735 -618.412085 -620.357418 -623.422586 -622.914719 -620.433804 -617.433746 -617.526342 -616.900390 -615.180094 -615.142202 -616.491996 -619.201283 -618.483501 -616.648176 -614.786042 -611.073545 -607.430096 -603.653294 -600.115663 -594.923281 -588.055047 -579.014747 -564.531417 -543.058163 -521.944667 -493.545398 -467.189486 -449.371757 -438.129102 -423.850489 -401.170121 -384.048380
-450.294195 -466.906001 -488.786473 -528.341476 -563.552461 -585.422013 -595.438396 -603.395944 -610.066944 -612.809776 -615.150683 -617.619160 -619.658636 -621.774699 -623.683405 -625.261710 -627.612275 -632.195292 -630.342351 -627.726996 -624.723061 -624.661711 -624.998514 -624.781499 -625.522866 -627.584612 -631.221431 -629.704528 -627.475887 -625.424250 -624.771933 -624.356945 -623.087937 -623.975956 -625.822160 -628.479904 -627.333951 -625.245642 -624.010137 -622.398793 -620.043483 -617.489417 -614.887903 -611.783851 -608.472896 -603.899436 -598.386212 -591.534731 -583.111483 -571.573701 -554.215943 -540.804402 -524.829528 -507.579120 -484.121175 -464.742756
-553.517979 -569.976369 -582.647589 -594.020452 -604.378855 -609.578230 -613.853413 -617.350072 -620.823293 -622.921212 -624.540883 -623.877351 -624.647528 -626.791431 -626.771816 -627.917321 -631.577751 -630.373429 -629.335601 -626.395611 -626.875881 -627.028989 -627.725811 -627.271370 -627.766780 -631.261980 -629.560736 -628.778740 -626.710905 -626.294232 -625.825143 -625.464557 -625.072022 -625.490112 -627.974177 -627.477800 -626.785414 -624.864104 -624.722263 -623.841448 -621.531879 -620.709223 -619.167449 -616.992837 -614.603468 -611.681769 -608.042207 -602.937734 -597.495354 -592.036594 -589.790334 -585.626968 -581.811985 -583.597044 -574.565427 -563.274739
