tests/Borden05m/sims/sim_1/output-maps/psiliqL0021N0006.asc
ncols         160
nrows         34
xllcorner     620200.000000
yllcorner     5168000.000000
cellsize      0.500000
NODATA_value  -9999.0
[rows 0 to 24 of 34, columns 0 to 54 of 160]
-9999.0 -9999.0 -9999.0 -9999.0 -9999.0 -9999.0 -9999.0 -9999.0 -9999.0 -9999.0 -9999.0 -9999.0 -9999.0 -9999.0 -9999.0 -9999.0 -9999.0 -9999.0 -9999.0 -9999.0 -9999.0 -9999.0 -9999.0 -9999.0 -9999.0 -9999.0 -9999.0 -9999.0 -9999.0 -9999.0 -9999.0 -9999.0 -9999.0 -9999.0 -9999.0 -9999.0 -9999.0 -9999.0 -9999.0 -9999.0 -9999.0 -9999.0 -9999.0 -9999.0 -9999.0 -9999.0 -9999.0 -9999.0 -9999.0 -9999.0 -9999.0 -9999.0 -9999.0 -9999.0 -9999.0
-9999.0 -9999.0 -9999.0 -9999.0 -9999.0 -9999.0 -9999.0 -9999.0 -9999.0 -9999.0 -9999.0 -9999.0 -9999.0 -9999.0 -9999.0 -9999.0 -9999.0 -9999.0 -9999.0 -9999.0 -9999.0 -9999.0 -9999.0 -9999.0 -9999.0 -9999.0 -9999.0 -9999.0 -9999.0 -9999.0 -9999.0 -9999.0 -9999.0 -9999.0 -9999.0 -9999.0 -9999.0 -9999.0 -9999.0 -9999.0 -9999.0 -9999.0 -9999.0 -9999.0 -9999.0 -9999.0 -9999.0 -9999.0 -9999.0 -9999.0 -9999.0 -9999.0 -9999.0 -9999.0 -9999.0
-9999.0 -9999.0 -9999.0 -9999.0 -9999.0 -9999.0 -9999.0 -9999.0 -9999.0 -9999.0 -9999.0 -9999.0 -9999.0 -9999.0 -9999.0 -9999.0 -9999.0 -9999.0 -9999.0 -9999.0 -9999.0 -9999.0 -9999.0 -9999.0 -9999.0 -9999.0 -9999.0 -9999.0 -9999.0 -9999.0 -9999.0 -9999.0 -9999.0 -9999.0 -9999.0 -9999.0 -9999.0 -9999.0 -9999.0 -9999.0 -9999.0 -9999.0 -9999.0 -9999.0 -9999.0 -9999.0 -9999.0 2304.969160 2288.065521 2274.314919 2271.099597 2293.321676 2317.173046 2341.640596 2362.811285
-9999.0 -9999.0 -9999.0 -9999.0 -9999.0 -9999.0 -9999.0 -9999.0 -9999.0 -9999.0 -9999.0 -9999.0 -9999.0 -9999.0 -9999.0 -9999.0 -9999.0 -9999.0 -9999.0 -9999.0 -9999.0 -9999.0 -9999.0 -9999.0 -9999.0 -9999.0 -9999.0 -9999.0 -9999.0 -9999.0 -9999.0 -9999.0 -9999.0 -9999.0 -9999.0 -9999.0 -9999.0 -9999.0 -9999.0 -9999.0 2352.359600 2358.564691 2359.315267 2349.782573 2339.078007 2326.470993 2306.513112 2289.277906 2275.972539 2274.411739 2277.591998 2281.833478 2303.886530 2329.716193 2350.204789
-9999.0 -9999.0 -9999.0 -9999.0 -9999.0 -9999.0 -9999.0 -9999.0 -9999.0 -9999.0 -9999.0 -9999.0 -9999.0 -9999.0 -9999.0 -9999.0 -9999.0 -9999.0 -9999.0 -9999.0 -9999.0 -9999.0 -9999.0 -9999.0 -9999.0 -9999.0 -9999.0 -9999.0 -9999.0 -9999.0 -9999.0 -9999.0 -9999.0 -9999.0 2257.991504 2275.429709 2293.911443 2312.997336 2330.466529 2337.915218 2343.980668 2349.896006 2345.997528 2342.114079 2331.189141 2311.488299 2292.708912 2280.104084 2279.353532 2277.637388 2282.220302 2295.004695 2312.449057 2328.629402 2349.998514
-9999.0 -9999.0 -9999.0 -9999.0 -9999.0 -9999.0 -9999.0 -9999.0 -9999.0 -9999.0 -9999.0 -9999.0 -9999.0 -9999.0 -9999.0 -9999.0 -9999.0 -9999.0 -9999.0 -9999.0 -9999.0 -9999.0 -9999.0 -9999.0 -9999.0 -9999.0 -9999.0 -9999.0 2260.655507 2255.071448 2250.705942 2249.786977 2249.035371 2248.605314 2255.693330 2267.647359 2285.645420 2308.247189 2322.100670 2330.004133 2337.398163 2338.530910 2333.652512 2332.575050 2333.765224 2322.169217 2310.869928 2300.351221 2290.178499 2288.485710 2298.500074 2313.568899 2330.622975 2346.112006 2362.158395
-9999.0 -9999.0 -9999.0 -9999.0 -9999.0 -9999.0 -9999.0 -9999.0 -9999.0 -9999.0 -9999.0 -9999.0 -9999.0 -9999.0 -9999.0 -9999.0 -9999.0 -9999.0 -9999.0 -9999.0 -9999.0 -9999.0 -9999.0 2229.164362 2234.677272 2241.634971 2249.735973 2251.182882 2247.961889 2243.010686 2240.829733 2240.080635 2238.738941 2243.958346 2252.003285 2265.858165 2282.048604 2304.951628 2314.111990 2319.850327 2332.311160 2336.470519 2344.353084 2349.185228 2348.229893 2345.467725 2332.354242 2322.559298 2326.753062 2332.433565 2340.236881 2349.366929 2363.658798 2378.840429 2395.648147
-9999.0 -9999.0 -9999.0 -9999.0 -9999.0 -9999.0 -9999.0 -9999.0 -9999.0 -9999.0 -9999.0 -9999.0 -9999.0 -9999.0 -9999.0 -9999.0 -9999.0 -9999.0 -9999.0 2203.751826 2204.996997 2206.729472 2211.870450 2212.645827 2214.956460 2222.323579 2230.969347 2234.276413 2232.860350 2232.387528 2234.531026 2237.951261 2243.228105 2254.808693 2269.145933 2283.959535 2297.972998 2319.531762 2334.877491 2348.514723 2364.920049 2365.873806 2363.088688 2362.346957 2363.445203 2363.448947 2365.069798 2366.599229 2373.870163 2377.226864 2382.931323 2393.150278 2405.794872 2423.910785 2443.308577
-9999.0 -9999.0 -9999.0 -9999.0 -9999.0 -9999.0 -9999.0 -9999.0 -9999.0 -9999.0 -9999.0 -9999.0 -9999.0 -9999.0 -9999.0 -9999.0 2174.518928 2176.572538 2179.208472 2184.904473 2188.648041 2193.036660 2200.428665 2202.258703 2206.348494 2214.055636 2219.333563 2229.120601 2238.077309 2245.980473 2252.635088 2255.948229 2263.627223 2273.803313 2286.207345 2301.428469 2322.848156 2347.016701 2363.734253 2381.369550 2399.496925 2401.107886 2400.723802 2402.423992 2402.788838 2407.123991 2423.817247 2429.199753 2427.749540 2441.394799 2455.311655 2460.413322 2469.743423 2490.628885 2514.537195
-9999.0 -9999.0 -9999.0 -9999.0 -9999.0 -9999.0 -9999.0 -9999.0 -9999.0 -9999.0 -9999.0 -9999.0 -9999.0 2125.554013 2129.915107 2140.293743 2151.232408 2154.484289 2159.618511 2166.506553 2179.135995 2183.272468 2189.875977 2197.804950 2210.841259 2220.183880 2229.849436 2242.353113 2251.265979 2259.093330 2266.544272 2271.408567 2284.483736 2299.907435 2315.795105 2336.304715 2359.145152 2379.372528 2399.404578 2416.626868 2430.281710 2430.759577 2431.146721 2434.703663 2442.086545 2459.010635 2478.126319 2483.611537 2498.100027 2521.072222 2534.181395 2544.910892 2553.866744 2569.047272 2591.561332
-9999.0 -9999.0 -9999.0 -9999.0 -9999.0 -9999.0 -9999.0 -9999.0 -9999.0 -9999.0 2094.822293 2097.033071 2093.961392 2092.777892 2098.809104 2111.618788 2126.381743 2132.910969 2145.310964 2167.059060 2185.954095 2189.809402 2204.348995 2215.435653 2223.005894 2233.895294 2247.623889 2260.749163 2277.488465 2290.276731 2301.104864 2319.672346 2336.632567 2353.968534 2372.531101 2393.986302 2412.769996 2439.807914 2467.747839 2479.908044 2500.583538 2508.266337 2506.303568 2507.045039 2517.991208 2533.251565 2552.636858 2573.156365 2593.951337 2618.937321 2634.035873 2649.069532 2660.606476 2673.569831 2690.813054
-9999.0 -9999.0 -9999.0 -9999.0 -9999.0 -9999.0 -9999.0 -9999.0 2069.258949 2077.451328 2083.692066 2081.118534 2077.274433 2072.904597 2087.869978 2104.166998 2120.778397 2139.486268 2155.888303 2174.767951 2189.936809 2206.062104 2227.030390 2239.140527 2251.116612 2267.186911 2281.427695 2298.195087 2319.933809 2330.906035 2345.566667 2366.955403 2385.060820 2403.778074 2423.707705 2442.619455 2468.123966 2501.616231 2533.887715 2554.865363 2583.227726 2603.981668 2602.361304 2604.602608 2609.470679 2635.774159 2665.303148 2696.786452 2723.120724 2750.857459 2781.399802 2799.420044 2811.014189 2824.789206 2841.311276
-9999.0 -9999.0 -9999.0 -9999.0 -9999.0 -9999.0 2040.216706 2064.949242 2080.671486 2072.995793 2061.388391 2057.661716 2053.248113 2081.742230 2104.833598 2123.025112 2140.681595 2159.085781 2176.247685 2187.534882 2220.028670 2239.768767 2253.834077 2270.351999 2286.044490 2301.786970 2319.822026 2343.292007 2363.917998 2390.523295 2412.429497 2433.908726 2461.239967 2481.642991 2501.551796 2519.542682 2551.023426 2588.424302 2626.046959 2654.609002 2682.219836 2717.935272 2723.950154 2730.164847 2736.854373 2761.692266 2796.421862 2826.428932 2861.738706 2895.576654 2925.192346 2807.131100 2814.204065 2823.994350 2836.181142
-9999.0 -9999.0 -9999.0 -9999.0 2006.388437 2027.567169 2047.351014 2078.271570 2101.232722 2097.106271 2103.451108 2103.436296 2101.257591 2106.900526 2115.710883 2134.448998 2154.439731 2174.742172 2191.723304 2223.691546 2270.568381 2284.920344 2306.566925 2338.430290 2352.116280 2368.261920 2385.740870 2408.991374 2432.889660 2465.509397 2506.014954 2540.859410 2566.452670 2589.177436 2611.713432 2633.614128 2670.769721 2713.009805 2752.299154 2787.420638 2815.995718 2844.614814 2856.848316 2865.869842 2879.366330 2898.622918 2922.756581 2817.736702 2847.445360 2878.624835 2901.895948 2910.226689 2915.983410 2925.366914 2933.601017
-9999.0 -9999.0 -9999.0 1953.971437 1993.163834 2032.435042 2059.292959 2090.583802 2123.766471 2126.925652 2136.995731 2140.503480 2143.577155 2151.898636 2159.013742 2177.204908 2195.839104 2215.302319 2238.694619 2275.246355 2308.511280 2333.224131 2364.329680 2386.792221 2405.095240 2421.231055 2441.615455 2465.614208 2506.631104 2542.495652 2592.097260 2645.980414 2682.556359 2709.575588 2735.451583 2766.076796 2794.068225 2833.053569 2870.402355 2905.427768 2812.518908 2833.081011 2848.475940 2853.719711 2862.554263 2868.996206 2882.571164 2900.838803 2922.152900 2951.191014 2979.113372 2989.364788 3002.904988 3012.720112 3028.555987
-9999.0 -9999.0 1905.833941 1944.806320 1977.732709 2026.570594 2080.335155 2116.110746 2157.395415 2180.012623 2186.520593 2201.883689 2217.038217 2222.942162 2236.800734 2253.449698 2275.373108 2285.226166 2305.864936 2330.076673 2374.565252 2415.346913 2424.671332 2471.531233 2505.474141 2537.984431 2559.540184 2588.769813 2628.306461 2668.440030 2719.624611 2772.273869 2809.514409 2842.232636 2861.998447 2885.279682 2909.530793 2808.843644 2841.205012 2867.234064 2896.667183 2921.349026 2941.082598 2944.046834 2947.244067 2962.569956 2988.150063 2999.743147 3025.336334 3050.931787 3043.970842 3061.000490 3068.702872 3073.007237 3079.765379
-9999.0 -9999.0 1877.123980 1923.186397 1960.731083 2023.193846 2107.600565 2144.416053 2187.343702 2235.083940 2253.390657 2278.626655 2283.393900 2284.419080 2307.241891 2327.717916 2346.828313 2356.401270 2355.401757 2411.060695 2468.952063 2507.373108 2534.209915 2608.410050 2660.014171 2683.658053 2704.059266 2728.212430 2753.462619 2796.572059 2841.172224 2896.980399 2822.009837 2848.892263 2862.878271 2880.836586 2899.488049 2912.965748 2931.230479 2973.194467 2988.721685 3015.712751 3044.156848 3064.061807 3071.578549 3075.304193 3056.427408 3070.545326 3080.315000 3084.539391 3086.132268 3082.506507 3081.865357 3082.601821 3083.540938
-9999.0 1785.479408 1838.010356 1890.019658 1956.925949 2021.714046 2101.440967 2180.179741 2244.336032 2296.825929 2326.767761 2331.801943 2351.703558 2387.852254 2413.323532 2437.492528 2444.858473 2455.593495 2443.815003 2498.210660 2543.561589 2605.948207 2713.807489 2772.529439 2829.956352 2832.649238 2828.591127 2840.909903 2863.618774 2909.959089 2862.572717 2911.204558 2967.538543 2997.286033 3011.671536 3017.526272 3034.354070 3053.406304 3019.092206 3051.697718 3066.235304 3078.584932 3084.361736 3086.079380 3087.045221 3086.884075 3083.375301 3076.650108 3068.690963 3063.011609 3058.893322 3054.398021 3056.825667 3060.129341 3060.613920
-9999.0 1748.378943 1806.860722 1876.988166 1946.611027 2003.845378 2097.052045 2254.672366 2315.712148 2356.451437 2373.375554 2374.246600 2444.668745 2511.570925 2544.532588 2593.021834 2585.997604 2576.759961 2554.214397 2586.128714 2632.223277 2707.516020 2867.008267 2852.836290 2890.887791 2899.396986 2902.354648 2928.839881 2968.186755 2996.169986 3032.415265 3014.221240 3051.680191 3069.659224 3073.482334 3074.039180 3078.142462 3077.067817 3075.154832 3070.952665 3065.975031 3066.120991 3070.419480 3070.238908 3067.392008 3064.201187 3058.624487 3051.204217 3045.905650 3041.302968 3038.619369 3035.726969 3033.957985 3033.608395 3029.101595
-9999.0 1712.678907 1786.117530 1847.094593 1902.150628 2004.517567 2134.187371 2276.525796 2374.177475 2413.396282 2415.699755 2471.248231 2577.217070 2684.869900 2742.059381 2769.882149 2764.767028 2733.424639 2728.113519 2775.482168 2845.570019 2850.218436 2963.422941 3037.647228 3050.332198 3052.915102 3017.020261 3036.401346 3054.362645 3056.291395 3057.141010 3062.707099 3067.618740 3070.346857 3068.873961 3066.018910 3061.303369 3053.283747 3048.449301 3044.946461 3041.303432 3040.417182 3042.630369 3044.140697 3041.458825 3037.630361 3033.180321 3027.603493 3021.731233 3015.095336 3010.991847 3006.911829 3004.852754 2999.737650 2996.030770
-9999.0 1599.596222 1692.722972 1739.925042 1832.431461 2015.707052 2145.272171 2291.965402 2451.816575 2484.666883 2547.918952 2684.960539 2802.470687 2822.640841 2853.875225 2888.859226 2913.628058 2931.375500 2965.536525 2880.129070 2947.687568 3012.541275 3045.911940 3060.372229 3065.828604 3066.142581 3056.951754 3036.821389 3026.246033 3019.525175 3021.144926 3028.352517 3033.294333 3038.298598 3036.074913 3036.888479 3037.500361 3034.170385 3030.578225 3022.134589 3014.431055 3008.158554 3005.520322 3010.422781 3005.721845 3003.089794 2997.104115 2989.302752 2997.548032 2990.323306 2982.569674 2976.005631 2973.558024 2968.321475 2966.964206
-9999.0 1518.755666 1593.343462 1666.146307 1789.276394 1954.217646 2066.062035 2229.988914 2459.537298 2590.593292 2742.899923 2830.727412 2851.770139 2898.493137 2951.551075 2991.328983 3014.624670 3023.671449 3000.359423 3015.840151 2987.622025 2977.588239 2982.244510 3008.875960 3023.615934 3027.301718 3019.107890 3009.330450 3002.137098 3001.029189 2999.209800 2996.193898 2993.049573 2990.037339 2986.903622 2989.410066 2994.356746 2987.995848 2993.975555 2985.302857 2977.333854 2968.579521 2962.887320 2958.824656 2958.632912 2958.777089 2951.369829 2941.156349 2930.983590 2922.929102 2915.666149 2910.793830 2908.210654 2903.290608 2896.227056
-9999.0 1407.913703 1535.979110 1620.226961 1726.915854 1860.076651 1975.085613 2133.854681 2274.773340 2511.962683 2666.853810 2826.031185 2822.886387 2884.931580 2935.336602 2995.416094 2992.760087 2970.012400 2930.963816 2914.773784 2922.780062 2931.261185 2940.729319 2956.741633 2973.884437 2983.600024 2987.338458 2980.785990 2966.973807 2955.916170 2946.711872 2934.732047 2926.365937 2924.461011 2927.123160 2935.895054 2937.144358 2928.051461 2914.935924 2899.594580 2884.779267 2873.577656 2871.253647 2873.469058 2874.178871 2870.438348 2864.376987 2853.936012 2841.640288 2829.736787 2823.501804 2818.833576 2811.766444 2803.042241 2923.869101
-9999.0 -9999.0 1454.771351 1564.560682 1664.675463 1781.373971 1882.854090 2013.320810 2160.189443 2339.143380 2460.896731 2623.655598 2716.026003 2767.216007 2812.760557 2798.760050 2819.130925 2844.288603 2833.271632 2841.053398 2848.701165 2853.514306 2859.915213 2867.544259 2878.768928 2888.388676 2897.404661 2894.896094 2886.033417 2867.068600 2843.797860 2825.808979 2816.085356 2807.869231 2818.733333 2830.705054 2826.312661 2819.607431 2809.240654 2920.564394 2906.941312 2892.094960 2887.765239 2887.256836 2887.196923 2884.306028 2880.574527 2867.363950 2854.560368 2843.515872 2838.279382 2831.526550 2825.918319 2814.464489 2804.223489
-9999.0 -9999.0 1368.119510 1474.377990 1582.133185 1702.577764 1794.411001 1836.105887 1981.053298 2092.609141 2202.050961 2311.561152 2406.126316 2477.674630 2519.733672 2584.565467 2638.039886 2659.378938 2697.239909 2744.697594 2778.441198 2815.438320 2838.997252 2852.757859 2868.251049 2884.162124 2893.820260 2881.614258 2871.686570 2855.684105 2833.606443 2808.983804 2796.491089 2794.829913 2795.150098 2797.901441 2790.664949 2780.953077 2766.347739 2753.641213 2740.663799 2729.928861 2725.338511 2720.038310 2717.626716 2714.391245 2711.398316 2702.195979 2692.238477 2685.968352 2677.142048 2671.586042 2668.649281 2662.678275 2654.076936
