tests/Borden05m/sims/sim_1/output-maps/psiliqL0019N0009.asc
ncols         160
nrows         34
xllcorner     620200.000000
yllcorner     5168000.000000
cellsize      0.500000
NODATA_value  -9999.0
[rows 0 to 24 of 34, columns 55 to 109 of 160]
-9999.0 -9999.0 -9999.0 -9999.0 -9999.0 -9999.0 -9999.0 -9999.0 -9999.0 -9999.0 -9999.0 -9999.0 -9999.0 -9999.0 -9999.0 -9999.0 -9999.0 -9999.0 -9999.0 -9999.0 -9999.0 -9999.0 -9999.0 -9999.0 -9999.0 -9999.0 -9999.0 -9999.0 -9999.0 -9999.0 -9999.0 -9999.0 -9999.0 -9999.0 -9999.0 -9999.0 -9999.0 -9999.0 -9999.0 -9999.0 -9999.0 -9999.0 -9999.0 -9999.0 -9999.0 -9999.0 -9999.0 -9999.0 -9999.0 -9999.0 -9999.0 -9999.0 -9999.0 -9999.0 -9999.0
-9999.0 -9999.0 -9999.0 -9999.0 2040.818971 2035.617526 2030.973239 2026.762138 2018.645675 2009.995087 2002.464067 1999.017775 1998.613584 1998.427086 1998.546793 2004.221204 2012.826278 2020.989274 2028.496163 2031.332159 2034.167618 2036.683108 2037.518894 2036.806686 2034.062134 2031.245572 2028.259955 2026.999450 2019.545516 2008.526053 2000.136721 1997.538526 2001.908934 2006.329269 2008.776219 2014.212048 2024.583319 2034.963466 2043.017680 2054.636520 2060.395225 2064.974034 2067.092079 2062.360538 2058.287930 2053.837456 2047.834933 2036.521467 -9999.0 -9999.0 -9999.0 -9999.0 -9999.0 -9999.0 -9999.0
1985.885927 2005.085839 2025.925876 2029.357485 2017.770622 2013.007183 2010.193834 2008.829955 2004.818847 1996.839113 1992.264340 1987.452159 1985.853065 1986.516840 1987.129905 1991.657372 2002.692325 2011.140440 2016.325638 2019.381212 2022.558112 2022.137298 2021.961923 2022.151456 2019.715216 2016.688922 2013.684250 2012.193674 2013.376948 2006.015532 2000.469559 1996.944590 1994.739262 1997.362946 1999.870355 2003.728364 2012.893545 2020.650305 2028.307272 2042.457483 2054.624034 2059.419735 2056.191749 2050.652850 2046.127175 2038.468175 2027.613788 2017.105398 2008.146261 2001.042569 1994.815263 1987.875848 1993.105341 1999.325563 2008.013731
1971.099017 1990.900162 2011.693287 2014.833993 2004.640982 1997.041491 1991.694955 1992.619361 1996.232533 1993.496745 1989.440432 1983.814271 1993.649457 1995.447682 1997.036027 2000.922800 2004.088065 2008.712893 2011.839401 2017.675978 2027.113142 2030.332928 2031.292396 2031.855640 2030.400549 2027.633588 2026.129806 2023.685690 2018.729425 2017.525140 2017.670247 2017.034807 2021.632355 2023.138683 2025.402698 2019.218314 2023.035941 2029.029742 2035.589574 2041.215957 2047.079936 2049.715582 2045.677511 2044.649656 2035.425085 2020.882307 2009.625818 2000.958759 1999.419280 1995.533466 1986.711988 1972.522553 1979.122083 1993.867276 1997.532200
1978.412011 1988.188167 2000.038754 2003.409977 1998.976429 2001.318011 2003.641981 2005.676603 2004.671592 2002.141634 1999.767494 2011.991302 2021.555677 2023.846374 2027.219120 2031.669458 2032.400600 2021.599664 2019.916180 2028.222708 2038.703117 2044.671066 2045.366013 2045.642970 2043.300610 2042.649785 2042.731854 2041.056126 2041.488944 2043.706679 2042.700181 2046.629969 2052.251531 2055.398908 2048.750528 2039.909426 2041.303338 2049.233677 2057.634637 2064.706896 2074.569155 2084.912526 2083.631471 2077.567810 2067.772108 2053.674468 2029.648905 2010.060275 1998.114557 1989.481215 1981.112636 1981.305801 1976.298426 1987.548697 1988.123355
1974.516378 1994.059484 2015.498746 2023.233214 2018.076581 2014.433835 2013.189092 2014.693150 2015.145696 2017.777389 2029.278358 2042.893300 2056.701703 2059.882944 2062.802206 2062.622036 2054.857403 2045.195120 2042.514296 2057.127335 2074.172611 2082.806646 2083.473993 2081.634279 2087.270759 2087.047319 2086.760510 2082.944530 2084.663620 2084.561486 2092.530295 2100.247751 2107.761973 2106.178984 2093.988775 2082.124956 2081.206674 2085.085240 2089.832388 2096.280491 2105.879835 2114.535374 2108.647975 2101.359811 2091.411345 2062.964037 2036.584153 2019.657559 2018.573536 2017.648753 2011.614416 2007.610567 2004.079010 1997.092617 1995.627553
2020.466384 2041.789750 2062.946203 2078.424829 2073.494494 2066.714789 2058.338689 2059.694184 2062.433874 2070.363501 2082.993188 2099.095797 2122.832126 2124.925869 2127.576620 2129.114755 2117.862920 2105.831050 2095.853878 2116.144305 2127.313695 2135.821268 2136.171539 2144.419009 2154.248761 2150.662615 2143.915538 2133.256607 2139.532742 2149.104528 2164.300839 2171.637836 2176.119012 2173.348956 2161.007112 2154.823996 2154.696179 2158.711093 2157.703503 2163.677167 2172.612020 2186.728653 2184.810874 2177.221160 2154.649852 2116.401889 2082.908462 2064.494912 2071.180659 2063.268434 2054.974315 2051.302717 2037.149407 2026.442285 2026.111378
2069.025391 2086.130713 2104.643485 2123.181213 2117.696808 2108.474218 2094.903021 2094.292068 2101.281928 2112.327886 2131.495664 2152.904857 2175.693375 2180.397454 2179.881856 2190.113515 2184.233323 2174.924222 2167.652325 2183.945137 2195.671203 2207.240601 2215.783412 2229.055314 2240.634037 2228.493720 2214.745816 2207.650778 2213.950686 2236.401636 2255.985112 2260.954772 2261.175569 2262.299394 2250.481374 2244.763504 2239.719457 2237.043198 2232.514283 2229.061706 2249.758321 2267.554709 2265.425299 2241.729196 2216.966164 2177.936467 2138.805118 2108.658573 2112.569637 2107.881082 2107.104996 2092.706607 2077.325852 2063.425789 2055.298304
2141.859357 2168.752505 2188.669964 2211.193388 2208.832118 2190.626978 2180.353320 2185.219060 2199.202746 2207.640938 2225.162569 2246.763661 2276.309803 2294.110185 2310.359603 2315.467829 2308.131781 2299.904737 2287.891119 2289.768710 2310.575165 2323.480323 2333.939550 2344.324103 2357.426635 2361.169993 2357.130008 2356.443354 2360.445570 2370.485073 2381.918612 2388.615934 2392.825985 2396.670372 2388.673100 2377.485954 2373.530504 2366.461352 2362.136625 2360.065126 2365.999865 2380.375829 2376.635122 2344.561002 2316.090485 2280.898181 2241.884114 2210.019200 2196.112885 2206.229498 2197.544412 2178.615149 2161.605882 2129.225775 2116.222141
2232.813414 2268.401784 2295.782404 2310.149591 2322.237445 2314.326020 2315.507872 2320.655227 2329.368560 2334.387329 2342.345780 2375.239226 2409.792627 2437.567331 2461.682416 2470.319685 2459.667543 2450.430678 2438.350627 2429.849940 2437.815857 2454.315856 2472.180659 2488.160092 2499.998820 2503.406724 2502.360551 2502.925698 2505.805221 2508.840496 2512.465352 2519.696654 2527.295170 2537.515061 2547.336134 2539.361315 2521.909539 2511.063974 2499.481702 2496.132002 2495.396470 2495.352181 2494.622457 2481.422126 2443.711804 2412.257042 2379.026197 2353.048556 2333.971698 2324.445623 2303.342820 2278.318707 2228.430555 2188.137976 2153.421736
2340.561248 2384.063007 2415.170635 2437.382157 2452.767157 2454.245042 2457.576294 2460.532524 2466.352375 2471.095688 2476.913483 2502.009496 2542.658169 2581.452954 2612.353082 2614.914120 2603.986147 2593.605139 2584.280779 2572.431267 2569.415709 2580.121492 2593.881935 2612.489903 2623.931681 2632.190479 2630.021351 2630.692034 2632.586899 2634.366594 2636.292730 2639.120282 2647.525519 2661.172323 2674.054252 2674.230105 2658.321291 2641.610000 2625.036356 2619.883356 2615.084078 2608.932535 2609.023263 2608.920213 2596.030514 2566.356327 2526.448324 2483.502861 2460.053622 2439.931407 2425.893529 2407.809429 2373.431436 2313.070663 2276.773072
2470.611005 2502.902541 2534.650052 2566.565438 2584.587333 2590.855039 2590.961098 2592.401643 2600.431839 2605.740542 2614.222971 2630.695747 2658.983177 2691.419001 2719.852734 2736.511150 2731.177059 2716.403907 2697.194467 2690.185340 2688.596457 2691.885984 2700.388508 2711.220892 2729.049129 2747.088184 2754.471515 2755.679018 2752.251489 2755.916266 2757.605963 2757.875189 2759.964455 2766.644690 2775.117221 2778.051677 2771.604218 2751.841212 2729.997362 2716.942892 2708.962658 2704.326453 2702.845278 2704.806725 2704.776686 2690.189293 2657.210226 2615.085173 2582.118042 2561.954830 2545.481484 2528.745231 2514.910537 2487.104282 2465.873423
2593.418613 2609.614685 2638.028441 2666.813825 2690.664904 2707.090385 2710.235082 2715.382370 2720.848279 2730.004647 2745.874372 2768.895860 2785.943182 2805.867829 2829.798826 2844.207653 2849.736202 2849.158922 2846.636093 2848.258242 2848.712989 2804.859193 2809.795557 2814.729021 2827.172298 2839.261812 2843.957992 2844.756677 2843.073152 2844.921747 2845.724930 2845.925199 2845.724829 2847.003396 2850.698274 2852.131521 2850.390906 2840.605503 2851.028896 2832.549908 2819.712144 2811.494276 2802.952367 2793.790268 2783.337063 2772.271683 2751.569385 2721.715673 2687.080649 2662.064392 2650.870243 2642.534616 2633.096266 2625.628896 2607.802657
2703.659782 2716.131242 2734.320868 2756.796147 2789.671910 2811.689854 2823.153921 2832.430174 2837.427404 2850.621872 2865.686760 2855.670690 2861.828471 2868.016216 2874.039884 2876.002802 2876.412020 2875.911875 2873.400568 2872.667173 2870.546803 2866.525741 2856.723738 2858.454846 2860.425640 2863.283647 2867.232223 2866.283905 2867.485850 2870.630649 2869.206245 2863.654467 2860.020400 2858.630520 2859.534557 2866.949592 2870.383528 2871.351174 2869.301926 2868.591099 2867.892216 2865.380619 2862.135226 2857.503573 2851.506365 2859.696356 2847.696886 2821.391977 2784.037191 2744.054406 2732.138427 2729.498349 2728.107729 2724.307600 2716.926288
2830.483468 2844.183921 2858.809233 2847.204796 2863.979478 2872.649186 2876.739345 2880.103776 2882.567078 2884.451490 2881.091737 2877.623565 2872.545800 2870.747303 2868.964247 2866.033365 2866.087541 2863.592037 2859.071255 2854.818457 2847.255023 2835.931624 2824.619090 2821.606777 2826.151404 2831.618057 2836.526008 2840.496982 2844.152036 2844.867992 2839.982558 2832.111596 2825.078247 2823.535858 2830.417459 2836.321055 2842.476314 2843.588092 2842.600952 2840.787858 2841.188055 2838.733586 2839.396366 2846.307581 2860.248124 2864.440957 2868.382181 2867.398260 2855.014113 2832.747413 2833.955793 2813.566901 2817.342031 2811.730412 2799.299480
2876.184560 2878.812382 2878.129619 2876.982556 2871.008600 2865.046160 2864.017425 2867.462410 2873.723936 2874.141481 2866.346634 2857.100850 2849.201410 2841.287363 2838.155604 2836.286847 2834.855403 2834.184254 2828.024407 2818.687446 2801.799951 2789.798384 2778.415370 2772.322332 2769.486579 2773.751553 2784.288302 2795.163351 2800.065420 2792.275730 2784.571173 2773.655870 2765.914922 2766.557335 2768.549430 2778.127284 2793.828056 2800.352818 2801.712883 2796.704977 2792.069037 2786.700972 2785.032129 2792.392306 2808.085116 2824.681355 2839.678357 2848.584217 2856.195362 2862.890233 2863.818259 2865.555123 2866.256962 2864.222694 2864.454367
2873.536853 2866.898969 2860.061283 2854.619653 2847.613736 2841.399508 2838.738313 2839.828375 2841.046299 2836.043903 2828.090856 2816.423844 2804.117942 2793.115523 2784.879380 2784.349310 2785.167068 2785.104251 2777.107615 2761.169669 2741.665570 2727.651419 2713.411276 2709.204734 2703.747796 2697.837347 2708.122699 2726.413157 2733.207426 2718.661256 2708.550584 2694.217483 2687.610535 2684.469787 2686.063384 2695.689259 2717.308013 2739.594403 2742.132221 2732.961748 2724.091684 2720.793042 2719.356072 2726.214223 2744.746497 2767.098865 2783.661644 2794.645308 2801.021140 2809.688030 2819.724511 2833.513288 2847.746337 2859.487070 2866.026780
2849.073294 2840.852873 2832.540288 2824.091108 2816.009280 2808.315635 2802.558009 2798.900123 2793.880524 2786.014898 2776.911713 2756.123663 2742.015115 2727.854887 2711.874705 2706.458289 2700.868747 2700.639066 2688.043916 2678.067214 2660.521865 2644.701435 2628.523087 2616.316809 2610.401025 2604.085372 2605.227722 2619.561203 2628.260742 2617.083904 2607.332822 2595.954411 2591.010199 2588.119299 2590.812800 2601.728575 2623.141171 2642.399517 2651.099179 2644.780254 2643.179783 2643.990249 2644.510222 2652.252315 2666.334392 2686.317353 2709.463076 2728.620199 2739.867901 2748.654438 2759.612657 2775.976156 2791.017037 2805.868064 2823.915065
2814.833043 2804.505302 2793.505917 2782.544076 2770.341722 2756.700486 2748.433605 2748.249872 2739.736070 2731.454546 2710.139854 2657.817268 2636.091056 2615.670299 2597.977131 2589.774706 2579.949065 2566.043969 2555.729691 2549.129605 2546.257709 2530.853845 2512.166620 2494.854189 2489.637499 2485.700035 2472.317501 2472.100444 2473.864850 2484.391823 2477.939112 2474.818416 2475.159362 2473.180699 2475.932758 2489.742961 2500.176626 2508.773984 2516.377335 2519.615867 2530.073768 2539.992348 2549.470376 2568.021214 2582.136176 2600.484161 2623.423631 2650.396074 2666.981909 2678.527464 2690.972297 2707.804893 2725.700724 2744.640629 2768.165635
2772.828525 2754.944036 2739.296688 2723.406750 2708.830767 2694.506383 2677.884567 2676.810354 2671.451295 2659.367253 2608.271277 2564.319637 2528.020708 2508.163514 2483.223828 2468.583816 2452.543582 2418.084629 2400.713715 2396.542747 2405.994188 2399.252039 2383.272765 2370.353372 2361.472744 2353.317404 2337.850820 2323.702905 2329.140020 2344.752650 2343.406918 2344.727184 2351.202750 2350.594197 2346.003980 2347.763235 2361.636248 2369.252747 2380.912219 2397.008052 2403.192693 2417.928306 2450.184702 2465.726679 2483.249517 2504.929911 2528.626810 2554.522771 2578.813848 2595.069845 2612.413997 2633.441543 2652.379183 2674.825332 2699.462884
2712.439175 2682.328837 2660.520071 2641.465661 2620.677517 2594.333231 2571.560532 2566.510996 2557.159192 2529.760281 2476.783272 2436.621371 2408.456880 2384.584745 2359.131220 2335.644798 2300.837879 2266.120801 2243.833917 2253.800510 2262.426323 2268.650873 2255.997102 2244.300232 2234.433256 2218.357822 2202.259801 2188.114609 2198.027024 2206.672807 2220.957178 2226.551360 2230.700456 2235.502448 2234.747692 2227.518247 2227.843332 2237.116503 2248.252469 2260.839971 2280.256686 2314.954349 2341.677367 2361.744915 2384.808455 2406.976779 2431.690775 2457.641099 2482.676505 2502.156974 2523.439358 2545.964210 2569.713981 2592.186775 2618.344117
2626.056354 2596.755759 2568.504247 2543.215074 2510.425879 2465.002361 2447.571933 2435.979262 2415.655509 2371.036274 2327.128737 2297.780509 2278.167840 2252.644653 2228.773115 2199.197868 2165.298706 2140.437707 2119.141609 2126.979534 2135.082362 2150.726252 2140.377484 2131.534638 2127.060220 2111.976103 2098.464178 2082.990582 2089.885027 2101.090705 2121.851523 2127.238058 2131.377222 2140.080683 2139.712885 2136.687123 2123.776044 2132.212786 2143.835970 2159.256783 2189.988910 2214.965278 2239.924187 2263.557352 2285.788047 2310.726347 2336.537027 2362.847351 2391.841344 2414.348298 2436.259611 2460.505933 2483.115969 2502.269295 2523.653696
2506.789837 2480.538416 2457.815937 2431.582395 2389.679238 2343.709704 2303.270700 2279.032568 2231.137645 2194.825609 2166.399363 2156.599336 2140.186545 2117.563573 2096.006563 2074.402477 2049.642358 2028.232992 2002.831877 2006.748637 2020.440002 2035.652709 2033.587071 2032.389379 2030.099118 2019.946782 2006.439109 1992.899348 1996.632893 2012.950809 2030.563679 2039.687092 2047.233542 2055.283260 2055.668495 2047.903868 2039.270810 2045.203443 2060.911555 2078.236840 2098.567603 2121.365444 2144.392880 2166.799842 2191.476246 2216.750983 2242.539993 2270.433801 2300.410706 2324.234209 2350.823628 2378.267792 2399.216339 2412.624599 2426.240035
2391.732241 2369.569106 2344.174909 2315.190952 2271.808497 2229.307137 2185.971016 2140.560643 2105.618058 2074.077517 2061.021319 2042.835125 2026.311519 2009.050902 1987.392245 1968.752576 1951.377279 1929.039009 1914.922763 1920.685671 1933.409175 1942.468353 1947.227789 1944.578103 1941.851934 1935.379849 1921.583568 1914.900082 1924.291330 1939.631216 1953.966654 1965.136428 1972.241045 1978.133151 1975.682679 1967.465333 1963.873720 1972.687870 1988.938447 2003.909191 2020.810487 2042.971632 2065.110762 2088.393998 2112.796734 2137.056285 2163.861613 2191.522252 2219.945548 2249.006905 2274.652174 2298.030081 2311.034761 2324.443456 2330.721002
2255.965034 2240.807308 2213.815007 2184.157450 2151.872386 2114.995222 2086.388542 2053.152217 2021.293481 1990.382285 1963.568297 1948.044945 1939.182594 1924.518116 1905.732164 1892.802848 1876.011088 1862.083949 1864.839780 1866.248468 1875.177946 1874.292809 1874.835883 1872.004524 1871.087897 1867.909508 1859.831911 1869.577519 1876.584807 1890.592336 1901.067233 1910.839485 1917.069509 1921.185645 1922.154438 1917.445960 1922.797339 1929.918024 1944.617977 1956.803386 1971.828374 1993.070516 2011.308214 2031.775885 2055.513849 2080.107840 2105.885524 2133.449820 2163.258024 2190.124357 2211.112785 2221.653121 2234.272999 2240.605684 2235.045277
