tests/Borden05m/sims/sim_1/output-maps/psiliqL0006N0007.asc
ncols         160
nrows         34
xllcorner     620200.000000
yllcorner     5168000.000000
cellsize      0.500000
NODATA_value  -9999.0
[rows 0 to 24 of 34, columns 56 to 111 of 160]
-9999.0 -9999.0 -9999.0 -9999.0 -9999.0 -9999.0 -9999.0 -9999.0 -9999.0 -9999.0 -9999.0 -9999.0 -9999.0 -9999.0 -9999.0 -9999.0 -9999.0 -9999.0 -9999.0 -9999.0 -9999.0 -9999.0 -9999.0 -9999.0 -9999.0 -9999.0 -9999.0 -9999.0 -9999.0 -9999.0 -9999.0 -9999.0 -9999.0 -9999.0 -9999.0 -9999.0 -9999.0 -9999.0 -9999.0 -9999.0 -9999.0 -9999.0 -9999.0 -9999.0 -9999.0 -9999.0 -9999.0 -9999.0 -9999.0 -9999.0 -9999.0 -9999.0 -9999.0 -9999.0 -9999.0 -9999.0
-9999.0 -9999.0 -9999.0 -570.855806 -576.517974 -582.138398 -587.451283 -596.859983 -606.337381 -615.340693 -619.522579 -620.619441 -621.691494 -622.246911 -617.054588 -609.299164 -601.834895 -594.694218 -592.456561 -590.131687 -587.845020 -587.371580 -588.785568 -592.133201 -595.499164 -598.988643 -600.476050 -609.026455 -620.617322 -629.745664 -632.565804 -628.011146 -623.442089 -620.869746 -614.565694 -603.502402 -592.409276 -583.684148 -571.895967 -566.445738 -561.127313 -557.585777 -561.358819 -564.641719 -567.977494 -572.219768 -583.058276 -9999.0 -9999.0 -9999.0 -9999.0 -9999.0 -9999.0 -9999.0 -9999.0 -9999.0
-608.266285 -589.197472 -586.025320 -596.736309 -601.612098 -605.142175 -607.642028 -613.164929 -622.282115 -628.000982 -633.746023 -635.558931 -635.818213 -635.966211 -631.887098 -622.279850 -614.415995 -609.735945 -607.483172 -605.195455 -604.989308 -605.549854 -606.069431 -609.076063 -612.582506 -616.071425 -617.922363 -618.130999 -625.826321 -631.126279 -634.354225 -635.356976 -632.940628 -630.648451 -627.785341 -617.957973 -609.465485 -600.965039 -586.825639 -574.478452 -569.122830 -571.230540 -576.014467 -579.339755 -585.204013 -594.501228 -604.752987 -615.391554 -622.526714 -627.638452 -632.392180 -626.030651 -619.555694 -608.875300 -598.236843 -585.979435
-625.298285 -605.894280 -603.265344 -614.439373 -623.231218 -627.561587 -627.865329 -626.191018 -630.311905 -635.331695 -639.323525 -632.116717 -631.139647 -630.168097 -627.171600 -623.728359 -621.940949 -619.253191 -614.102669 -605.311970 -602.875114 -602.515990 -602.531567 -604.467544 -607.671378 -609.523989 -612.378021 -617.665447 -618.528192 -618.044818 -617.871471 -612.497353 -611.014144 -609.839342 -617.029473 -613.748842 -607.343914 -600.306257 -592.922028 -585.590960 -580.407674 -583.188510 -584.295689 -592.152771 -605.488412 -616.715846 -625.217640 -627.813494 -630.649001 -637.929077 -649.534769 -642.501021 -626.718886 -621.756882 -617.620232 -605.310876
-634.157577 -622.517392 -619.872650 -625.336877 -624.919939 -623.885352 -622.736092 -624.722325 -628.059830 -629.453303 -616.549237 -607.257362 -605.896141 -603.260262 -600.224268 -601.977076 -614.760796 -617.669162 -609.126570 -598.718382 -592.900755 -592.981487 -593.198967 -594.645259 -595.804338 -596.483754 -599.089980 -597.861850 -595.195355 -594.165973 -588.815717 -583.158536 -580.482540 -589.576081 -598.921080 -598.597943 -590.916053 -582.954895 -575.383987 -563.993007 -551.791412 -552.933834 -558.450058 -566.932972 -580.257393 -603.366214 -623.129966 -633.145805 -639.077309 -645.504978 -646.376054 -647.837029 -637.287941 -635.121747 -633.168122 -624.075124
-630.989688 -610.258458 -602.175209 -608.821594 -615.291637 -619.538085 -619.421113 -619.412434 -615.905772 -602.420488 -588.655762 -573.421050 -571.192874 -568.989324 -569.513181 -579.884118 -590.464934 -595.194551 -579.939748 -564.392926 -556.279226 -555.439709 -554.552830 -545.890132 -548.442292 -551.728980 -557.780672 -555.257745 -551.887449 -539.677583 -532.225263 -525.678575 -527.754685 -539.585763 -550.446155 -552.553524 -550.945421 -549.324676 -543.383027 -532.441226 -521.576089 -526.054624 -533.388633 -543.771141 -572.869837 -601.096389 -617.932453 -616.535018 -615.535704 -619.590237 -622.342127 -625.888111 -633.510657 -633.556871 -633.673017 -633.833563
-583.919138 -565.515261 -549.391607 -556.043355 -565.462324 -577.556846 -577.705821 -574.258306 -566.074886 -552.816603 -533.912578 -509.603854 -505.893203 -501.983677 -497.573058 -508.555333 -521.017881 -533.456915 -518.253121 -508.733975 -499.452355 -495.576223 -483.106218 -472.492496 -478.023137 -487.549545 -497.292010 -490.638922 -475.531958 -460.015643 -453.654150 -450.388933 -449.484256 -459.307882 -464.758571 -468.166462 -468.462976 -472.938659 -470.339411 -458.225021 -441.716166 -440.914432 -452.639186 -476.103776 -512.245414 -548.135275 -571.248145 -567.151715 -573.044738 -578.464096 -582.698526 -596.801792 -608.358335 -608.489049 -617.797444 -623.890205
-538.606615 -520.791691 -502.875900 -506.772736 -519.133695 -531.979925 -532.154603 -523.863339 -515.005839 -496.063543 -470.651140 -443.766915 -429.078505 -419.290519 -409.344279 -417.194076 -427.598110 -438.060351 -433.305114 -419.342941 -405.390927 -391.372346 -375.725012 -359.989372 -364.971919 -375.103927 -377.406776 -371.892740 -351.352857 -331.826429 -322.713529 -317.003702 -308.982959 -315.752962 -327.426547 -341.135730 -354.610176 -366.409524 -373.560342 -357.253127 -340.101948 -342.814650 -372.233236 -400.810459 -437.561616 -476.191457 -512.191251 -518.527378 -518.750175 -520.153435 -535.895351 -551.451276 -571.150520 -582.685387 -591.487066 -606.771693
-445.328917 -422.144076 -400.863152 -394.418412 -409.630784 -414.355155 -409.158823 -397.082542 -390.479174 -374.299074 -334.521832 -279.253879 -228.208570 -174.038023 -161.628555 -185.461361 -210.081948 -239.470238 -252.134276 -230.455484 -203.728129 -170.254990 -128.714419 -79.961226 -39.187614 -21.937563 -9.618870 1.821749 9.959198 18.123131 25.910871 32.771608 39.186446 39.238026 29.351604 18.033694 -0.112382 -30.841744 -61.062384 -76.669992 -66.197124 -77.166656 -138.674510 -210.126899 -269.465571 -326.589384 -372.658573 -401.514926 -402.838243 -418.730337 -437.508800 -461.239224 -499.928588 -520.649696 -538.075184 -568.867729
-322.950236 -275.995647 -243.945495 -212.329893 -209.264454 -202.865950 -196.008470 -182.174822 -164.382618 -123.295744 -22.855731 33.744573 71.581712 98.998525 108.379702 97.098548 85.771277 73.966023 64.854828 67.474509 83.464140 104.472734 127.983118 149.705963 165.293152 172.976261 180.043744 186.317790 191.988184 195.328774 199.972495 205.299044 212.657226 220.684722 217.371047 202.507283 188.064511 166.826806 152.170386 145.287489 140.345630 134.772352 119.872598 82.893121 48.431449 2.149287 -76.751721 -174.786176 -229.968249 -266.805524 -300.406721 -357.784143 -409.076617 -448.366276 -480.479570 -511.624456
-25.065301 31.624030 65.546082 82.186584 86.353337 87.876286 90.675875 98.116519 107.834278 126.653208 163.200880 201.420271 229.098990 246.305566 247.806646 242.263082 236.594967 230.780004 226.227495 225.180446 229.505534 235.811638 245.767833 254.361705 263.292230 264.835245 266.813725 267.972077 270.049191 271.408899 271.769959 274.642411 279.934907 284.746064 285.951713 280.014341 270.864052 260.286693 255.196829 250.953045 247.452145 246.283456 244.271042 240.957838 224.966679 193.602882 142.260058 97.789101 68.096296 50.614620 27.880957 -11.878569 -128.462657 -207.255100 -272.678200 -331.289314
159.719433 195.278618 220.719228 231.622867 235.203470 233.980068 234.612555 238.396731 242.537127 250.416183 261.803358 272.610316 285.285076 297.516019 307.321340 305.546629 300.219242 291.852572 291.712943 292.223738 292.918491 295.761913 298.030686 305.652172 313.930648 316.927277 317.563215 316.253257 317.854900 318.473269 318.334807 317.692212 318.418596 321.207128 322.485821 321.723005 315.266165 305.946533 297.978336 293.719709 292.165069 290.864422 291.291233 291.270032 287.635273 274.287513 254.571070 234.474704 221.237399 209.637787 195.080801 174.640418 140.944603 110.351073 76.895454 31.044207
249.905084 264.344791 276.548385 287.329433 294.199042 294.948307 297.630836 298.653308 303.844004 311.959005 320.611655 324.955422 331.439667 344.984693 352.772866 358.003943 360.158175 361.796715 364.675295 365.210399 360.584689 361.490403 361.989295 362.251436 364.750329 365.033343 364.999347 364.958600 365.636200 365.781144 366.142415 365.805161 364.062191 363.884429 363.767383 363.990076 362.407760 358.783800 346.101696 337.241853 333.181085 329.425931 324.781946 319.911778 316.380106 311.500724 301.226310 287.488628 274.804698 271.055213 268.053014 262.573003 255.784290 244.830264 232.475053 213.953875
300.678117 306.477025 314.121175 325.286763 332.803081 339.209980 344.927746 348.107602 357.057224 365.977589 365.365755 364.716924 364.068975 363.842299 363.579547 363.474745 363.718198 362.158483 362.739479 362.236309 357.768162 349.721687 351.304737 352.020655 353.729924 356.554855 354.784233 355.496420 358.470062 357.504798 352.935745 350.276991 348.806555 348.433674 354.710425 357.341640 358.202062 359.095847 359.227331 359.771857 360.251660 360.595696 360.674237 360.602326 358.305682 352.120380 337.719477 323.668668 308.576525 301.832190 299.707601 301.306492 299.596832 298.303299 290.899485 279.876930
353.959876 362.917971 368.433151 367.784873 366.823672 366.422564 367.299907 368.805286 368.250208 364.706884 361.017228 356.572477 355.498513 354.214906 351.813073 352.476138 350.820451 347.869216 346.250107 342.908326 335.243448 327.118350 326.507203 329.785835 332.639934 334.997654 336.177256 338.741722 340.934381 337.976301 332.398218 328.501008 327.321086 331.301826 334.709741 337.717151 337.819902 336.654970 335.729173 337.043256 335.964077 336.800140 341.919747 352.234699 358.111965 357.816085 358.346687 359.393604 359.689729 344.436880 330.174065 332.794353 330.663980 325.458501 316.265124 307.761993
361.488214 361.145526 358.709099 352.918312 347.279092 346.528859 350.002775 356.461407 358.101122 352.120055 345.676073 340.558103 335.699046 334.621105 333.245383 332.528324 332.885340 329.716826 327.794687 321.473605 317.319346 312.616287 309.954038 309.205085 311.974086 315.864070 319.106833 321.413512 318.844005 316.461262 312.298185 308.949745 309.973944 310.992824 314.916596 321.102262 321.323860 321.931755 320.217234 319.683428 317.050499 316.063455 319.104391 325.803261 331.784195 337.863968 342.891550 348.796754 353.884737 359.608038 359.130897 358.172937 357.588438 354.750165 344.358420 333.030203
347.625240 342.570073 338.942112 333.596021 328.923438 328.241261 331.101580 334.943991 333.449669 329.637851 325.201132 320.665211 316.404857 314.280163 315.294780 316.867238 317.924784 316.253828 310.746490 304.367758 300.283205 294.337337 293.557841 290.516600 287.057910 291.393283 298.941731 301.577455 294.859904 291.929817 286.093203 283.611919 282.964953 283.568464 287.765898 297.157536 306.804314 307.336931 303.132803 299.581458 298.145903 296.586381 299.174440 307.334825 314.952148 319.431406 321.995534 323.210832 326.444497 330.195873 334.859246 341.748686 348.641159 356.534731 356.253480 356.437038
330.277521 327.099846 324.370018 321.913317 319.720754 318.226624 317.499178 317.347469 315.096075 313.624635 311.122998 307.272115 302.883803 295.631739 294.098253 292.788534 295.279459 290.062205 286.647062 278.048601 271.669347 262.828860 255.747521 249.257008 242.212657 242.991367 250.836941 256.530609 247.555086 243.216871 236.439311 234.140946 233.094205 234.365325 240.946613 257.139112 270.981733 277.372873 274.519909 272.691908 272.276359 271.865635 273.179946 280.076739 289.088376 297.622421 302.870260 305.287731 307.305536 310.446089 315.540304 319.825182 323.932978 329.944500 338.594994 348.087417
319.413581 316.558493 314.074515 310.563330 306.298366 304.346661 306.171829 302.630052 300.564304 297.648718 273.465478 266.879390 256.073196 244.003269 238.259158 231.781592 228.694650 223.659331 221.345673 216.667377 204.089993 184.074910 156.911906 137.299234 122.765941 108.730924 112.181772 116.138562 118.304283 111.074371 104.091780 101.750074 100.236509 106.528968 127.268114 153.060465 179.272136 195.054103 197.683141 207.108862 214.551598 215.759843 226.735466 236.450087 249.464932 263.102861 276.223521 281.406856 285.130741 289.171681 295.018275 300.604955 305.400336 313.040862 321.810433 326.545073
309.487436 305.278557 300.167041 295.259640 289.539705 283.247955 284.616397 282.532941 278.394211 254.270504 224.867468 197.457251 172.585017 132.713592 107.101594 89.478407 64.387254 51.426780 44.476963 46.414030 31.515945 1.747359 -47.715884 -95.457343 -122.780800 -154.714670 -165.723878 -154.924785 -133.188666 -152.113855 -165.488498 -163.180549 -168.684005 -168.444379 -134.225541 -72.797654 -20.045556 9.591747 26.818288 35.177169 44.184382 70.971933 90.685182 118.305276 159.883614 193.264872 218.675268 234.936479 246.380169 256.973802 268.085382 275.139353 283.454962 292.098535 303.290655 308.783717
285.684827 277.688981 269.767981 258.882117 244.442135 228.375805 226.058960 218.592686 198.378309 140.808349 79.243116 33.427546 -11.526783 -99.928769 -163.781971 -217.839226 -271.207463 -300.844098 -300.726019 -293.873715 -302.455563 -327.082196 -348.412178 -362.689023 -376.993980 -393.982742 -404.152531 -395.490493 -385.500755 -382.392009 -380.964641 -377.344421 -376.686580 -377.914336 -378.567263 -365.256938 -352.458612 -337.679444 -323.821890 -309.643316 -270.554659 -227.872819 -188.995855 -123.288579 -25.047750 32.913183 74.775341 112.806166 151.829361 185.655444 210.319011 228.732869 243.794625 259.003518 274.484033 284.882729
248.013987 228.465824 207.602897 173.894525 115.231445 86.658693 72.127362 56.765397 8.343067 -89.545012 -223.663445 -285.099274 -326.938126 -362.061012 -392.055975 -423.967174 -453.282904 -472.751850 -466.076247 -459.165065 -450.871296 -464.179442 -477.100850 -484.282472 -498.555690 -512.546208 -525.924543 -517.414958 -508.330845 -493.956664 -490.904860 -488.067524 -482.543187 -484.282854 -486.323935 -491.961058 -483.073002 -473.692678 -461.489444 -436.162980 -410.286521 -384.332217 -361.152798 -335.326024 -300.828513 -255.990405 -201.914487 -126.518052 -31.795426 28.670149 70.840944 108.932840 149.040444 184.502803 213.091048 231.282020
135.353707 92.425539 51.382262 -12.628416 -147.012540 -228.645098 -251.903039 -299.879417 -347.846128 -401.959736 -431.063465 -452.926698 -476.838783 -498.421121 -519.053956 -545.278022 -568.073030 -590.143155 -585.776400 -573.780705 -560.311052 -568.524609 -573.459875 -576.740883 -588.312071 -601.631607 -614.871175 -611.151709 -596.911189 -580.755270 -574.810054 -569.010986 -561.903836 -562.059704 -568.217612 -576.595138 -571.368071 -558.961088 -544.069692 -522.799962 -500.872905 -479.642262 -460.226939 -438.283882 -414.397974 -388.800038 -359.208639 -325.214213 -293.807612 -249.203235 -193.208680 -123.706839 -40.934177 18.717294 62.732659 94.663904
-78.119494 -173.975959 -239.363454 -307.896290 -368.315619 -416.581919 -451.674084 -484.074673 -515.217608 -535.836091 -554.397990 -572.431280 -590.407680 -609.933436 -629.054946 -648.248992 -669.292995 -689.381202 -684.047358 -670.441617 -657.260642 -655.801303 -658.730673 -661.689410 -669.687680 -682.952464 -695.420220 -687.615949 -672.276098 -657.060656 -647.759255 -641.394125 -635.168058 -638.038389 -646.204271 -653.870992 -646.560302 -631.917129 -617.419499 -600.045031 -579.416100 -558.750218 -538.316378 -516.843780 -495.162514 -471.021959 -445.767540 -419.748291 -393.837939 -367.450002 -339.105638 -320.345509 -297.743759 -271.417078 -230.280602 -176.843365
-349.987166 -381.936944 -412.525501 -448.341550 -488.852987 -520.570670 -551.166499 -580.474416 -609.447031 -632.665992 -650.120321 -660.015773 -674.316146 -693.292460 -706.697455 -723.231669 -743.248289 -745.521095 -741.212191 -728.073196 -724.958972 -724.164600 -727.105408 -728.181777 -733.292117 -745.840606 -741.067650 -733.095459 -717.947577 -706.935290 -697.824469 -691.575971 -687.415882 -688.380252 -696.132416 -694.144578 -686.992166 -672.568712 -661.037473 -645.934247 -625.514484 -608.642852 -589.796133 -568.713757 -546.961295 -523.905777 -499.441243 -472.970826 -448.701532 -428.248319 -417.336754 -405.292197 -396.538066 -398.811057 -380.511321 -360.162767
