tests/Borden05m/sims/sim_1/output-maps/psiliqL0001N0016.asc
ncols         160
nrows         34
xllcorner     620200.000000
yllcorner     5168000.000000
cellsize      0.500000
NODATA_value  -9999.0
[rows 0 to 24 of 34, columns 0 to 55 of 160]
-9999.0 -9999.0 -9999.0 -9999.0 -9999.0 -9999.0 -9999.0 -9999.0 -9999.0 -9999.0 -9999.0 -9999.0 -9999.0 -9999.0 -9999.0 -9999.0 -9999.0 -9999.0 -9999.0 -9999.0 -9999.0 -9999.0 -9999.0 -9999.0 -9999.0 -9999.0 -9999.0 -9999.0 -9999.0 -9999.0 -9999.0 -9999.0 -9999.0 -9999.0 -9999.0 -9999.0 -9999.0 -9999.0 -9999.0 -9999.0 -9999.0 -9999.0 -9999.0 -9999.0 -9999.0 -9999.0 -9999.0 -9999.0 -9999.0 -9999.0 -9999.0 -9999.0 -9999.0 -9999.0 -9999.0 -9999.0
-9999.0 -9999.0 -9999.0 -9999.0 -9999.0 -9999.0 -9999.0 -9999.0 -9999.0 -9999.0 -9999.0 -9999.0 -9999.0 -9999.0 -9999.0 -9999.0 -9999.0 -9999.0 -9999.0 -9999.0 -9999.0 -9999.0 -9999.0 -9999.0 -9999.0 -9999.0 -9999.0 -9999.0 -9999.0 -9999.0 -9999.0 -9999.0 -9999.0 -9999.0 -9999.0 -9999.0 -9999.0 -9999.0 -9999.0 -9999.0 -9999.0 -9999.0 -9999.0 -9999.0 -9999.0 -9999.0 -9999.0 -9999.0 -9999.0 -9999.0 -9999.0 -9999.0 -9999.0 -9999.0 -9999.0 -9999.0
-9999.0 -9999.0 -9999.0 -9999.0 -9999.0 -9999.0 -9999.0 -9999.0 -9999.0 -9999.0 -9999.0 -9999.0 -9999.0 -9999.0 -9999.0 -9999.0 -9999.0 -9999.0 -9999.0 -9999.0 -9999.0 -9999.0 -9999.0 -9999.0 -9999.0 -9999.0 -9999.0 -9999.0 -9999.0 -9999.0 -9999.0 -9999.0 -9999.0 -9999.0 -9999.0 -9999.0 -9999.0 -9999.0 -9999.0 -9999.0 -9999.0 -9999.0 -9999.0 -9999.0 -9999.0 -9999.0 -9999.0 -602.186750 -605.278884 -609.006954 -610.017336 -605.873292 -604.023559 -602.303645 -601.155244 -600.082938
-9999.0 -9999.0 -9999.0 -9999.0 -9999.0 -9999.0 -9999.0 -9999.0 -9999.0 -9999.0 -9999.0 -9999.0 -9999.0 -9999.0 -9999.0 -9999.0 -9999.0 -9999.0 -9999.0 -9999.0 -9999.0 -9999.0 -9999.0 -9999.0 -9999.0 -9999.0 -9999.0 -9999.0 -9999.0 -9999.0 -9999.0 -9999.0 -9999.0 -9999.0 -9999.0 -9999.0 -9999.0 -9999.0 -9999.0 -9999.0 -602.530112 -601.091942 -599.896620 -601.977851 -602.850417 -602.678838 -604.850376 -607.366035 -609.958007 -609.176040 -609.131429 -610.952631 -608.111769 -605.834345 -605.052481 -604.391234
-9999.0 -9999.0 -9999.0 -9999.0 -9999.0 -9999.0 -9999.0 -9999.0 -9999.0 -9999.0 -9999.0 -9999.0 -9999.0 -9999.0 -9999.0 -9999.0 -9999.0 -9999.0 -9999.0 -9999.0 -9999.0 -9999.0 -9999.0 -9999.0 -9999.0 -9999.0 -9999.0 -9999.0 -9999.0 -9999.0 -9999.0 -9999.0 -9999.0 -9999.0 -608.999267 -606.347365 -605.179356 -604.072764 -602.389705 -602.987977 -603.500337 -602.243267 -603.369919 -603.424337 -604.823344 -607.422157 -610.033017 -611.490491 -609.912902 -610.426951 -610.429101 -609.092354 -608.277560 -607.985516 -606.119718 -603.101312
-9999.0 -9999.0 -9999.0 -9999.0 -9999.0 -9999.0 -9999.0 -9999.0 -9999.0 -9999.0 -9999.0 -9999.0 -9999.0 -9999.0 -9999.0 -9999.0 -9999.0 -9999.0 -9999.0 -9999.0 -9999.0 -9999.0 -9999.0 -9999.0 -9999.0 -9999.0 -9999.0 -9999.0 -604.971959 -606.018774 -606.819571 -606.764058 -607.136696 -608.590445 -608.985169 -608.740060 -607.334143 -605.059284 -604.703910 -605.015825 -604.857888 -605.418316 -606.980353 -607.135615 -605.393662 -606.978747 -607.719348 -608.752055 -611.392288 -612.034374 -610.524349 -609.094890 -607.873905 -607.609476 -607.478069 -607.493614
-9999.0 -9999.0 -9999.0 -9999.0 -9999.0 -9999.0 -9999.0 -9999.0 -9999.0 -9999.0 -9999.0 -9999.0 -9999.0 -9999.0 -9999.0 -9999.0 -9999.0 -9999.0 -9999.0 -9999.0 -9999.0 -9999.0 -9999.0 -606.750056 -605.779578 -605.425392 -604.584342 -605.027997 -607.088948 -608.395799 -608.960819 -609.427652 -610.523088 -610.664433 -610.704768 -610.030426 -609.545780 -607.163390 -608.409033 -609.208985 -607.128937 -607.655870 -606.296992 -604.717804 -605.084755 -604.737838 -607.634716 -609.791602 -607.488875 -606.569040 -606.705432 -607.261857 -606.569018 -605.612756 -604.411516 -602.307173
-9999.0 -9999.0 -9999.0 -9999.0 -9999.0 -9999.0 -9999.0 -9999.0 -9999.0 -9999.0 -9999.0 -9999.0 -9999.0 -9999.0 -9999.0 -9999.0 -9999.0 -9999.0 -9999.0 -606.641623 -606.947498 -607.551666 -607.326861 -609.285097 -610.117756 -609.570979 -608.531099 -609.164426 -610.291735 -611.269677 -611.154410 -611.027805 -611.283797 -609.817438 -608.644060 -608.282244 -608.644543 -606.782802 -606.260052 -605.205457 -602.361319 -604.276061 -606.135291 -607.110059 -607.188516 -607.729603 -605.977078 -605.446806 -605.316091 -605.505999 -605.495921 -605.126550 -604.952995 -602.693478 -600.612165 -598.891707
-9999.0 -9999.0 -9999.0 -9999.0 -9999.0 -9999.0 -9999.0 -9999.0 -9999.0 -9999.0 -9999.0 -9999.0 -9999.0 -9999.0 -9999.0 -9999.0 -606.853933 -607.023182 -607.766437 -608.971546 -610.022837 -610.052957 -609.260134 -610.724998 -611.215064 -610.901412 -611.553540 -610.848290 -610.085295 -609.161938 -608.754666 -609.811097 -609.636115 -609.812283 -609.969820 -609.527001 -607.416344 -605.489587 -605.127831 -603.744319 -601.181369 -602.725585 -603.373780 -603.298698 -604.259902 -603.463631 -599.570259 -600.250666 -601.997468 -597.896426 -595.771818 -596.639581 -597.135578 -594.584746 -590.652284 -585.478302
-9999.0 -9999.0 -9999.0 -9999.0 -9999.0 -9999.0 -9999.0 -9999.0 -9999.0 -9999.0 -9999.0 -9999.0 -9999.0 -607.131847 -607.286061 -607.092548 -608.987068 -610.451743 -611.346457 -612.594176 -611.036767 -612.175879 -612.545905 -612.288271 -610.907128 -610.897133 -610.756669 -609.893502 -610.216195 -610.667900 -611.105786 -611.989762 -610.838120 -609.700183 -608.935169 -607.286456 -606.052340 -605.099683 -603.243022 -602.984806 -601.728245 -602.254930 -603.862322 -604.228599 -603.016562 -599.404793 -596.675221 -595.743761 -590.655467 -585.292129 -582.723905 -579.339476 -577.748684 -575.542298 -569.827738 -552.075490
-9999.0 -9999.0 -9999.0 -9999.0 -9999.0 -9999.0 -9999.0 -9999.0 -9999.0 -9999.0 -610.084251 -609.109524 -610.535942 -613.166832 -614.333471 -613.744535 -613.129818 -614.132322 -614.123911 -611.371285 -609.875121 -612.505967 -610.724017 -610.719054 -611.856224 -611.594858 -610.891036 -610.804295 -609.115624 -609.091029 -609.106327 -606.321516 -605.648301 -604.929419 -603.918637 -602.836305 -601.899636 -597.643760 -593.990480 -594.195960 -588.938346 -585.546413 -588.388035 -589.394337 -588.643607 -584.728331 -578.186896 -568.378122 -557.859109 -541.639605 -524.667425 -511.181937 -499.751874 -485.270252 -467.285652 -443.485919
-9999.0 -9999.0 -9999.0 -9999.0 -9999.0 -9999.0 -9999.0 -9999.0 -613.935808 -612.421142 -611.455860 -612.660858 -614.274522 -617.191794 -616.099321 -615.025690 -614.309442 -613.237750 -612.738358 -612.337971 -613.041220 -612.119990 -610.398270 -610.909382 -610.746472 -609.626270 -609.638826 -608.637305 -607.090193 -607.894945 -607.062579 -605.646918 -604.401630 -603.309170 -601.981257 -601.235181 -596.848713 -590.907293 -584.332826 -578.487819 -569.915590 -558.493319 -558.457574 -556.195240 -553.603338 -536.318145 -507.593920 -471.126940 -444.828806 -425.691573 -405.142790 -392.933537 -384.105732 -372.690500 -358.391309 -345.744274
-9999.0 -9999.0 -9999.0 -9999.0 -9999.0 -9999.0 -616.187133 -612.826702 -611.196876 -615.002831 -617.884804 -618.840150 -620.562468 -616.848188 -613.522481 -612.916010 -612.451177 -611.893600 -612.263428 -614.481385 -609.395517 -610.863268 -611.923263 -610.379341 -610.559161 -610.482632 -609.552900 -607.368484 -606.444766 -602.001010 -598.744327 -595.925326 -592.104050 -589.727726 -587.172318 -584.119047 -575.651039 -561.831707 -541.546010 -516.314877 -485.419374 -455.600752 -444.783019 -439.614008 -434.063717 -423.279986 -401.925356 -377.191761 -347.747717 -319.245333 -297.898782 -287.841665 -278.459272 -267.676441 -254.460071 -239.909845
-9999.0 -9999.0 -9999.0 -9999.0 -614.321217 -613.588971 -614.218769 -611.288984 -609.245956 -613.885848 -612.211194 -613.010976 -614.509645 -616.375522 -618.606900 -617.029719 -616.142794 -615.562812 -615.873184 -610.895342 -606.734170 -609.564619 -607.458943 -603.343374 -604.340857 -603.946309 -603.803392 -601.960127 -598.495635 -594.056341 -583.566673 -573.421923 -565.832701 -555.995234 -545.137682 -528.442728 -496.776135 -457.307472 -431.433739 -406.798372 -381.972082 -360.929824 -346.588391 -338.671103 -328.946002 -317.044581 -300.605117 -276.490119 -248.222202 -213.722792 -188.252078 -172.980683 -164.930225 -154.984005 -142.756896 -124.664420
-9999.0 -9999.0 -9999.0 -616.292877 -613.007412 -611.831155 -613.449006 -612.881293 -610.377236 -612.845147 -613.321406 -613.714755 -613.929342 -613.877517 -614.053553 -613.148410 -613.029268 -613.815825 -613.190852 -610.268590 -608.975699 -606.549729 -604.741338 -601.828909 -599.310973 -598.391533 -597.058268 -593.429331 -584.070053 -572.519283 -548.758805 -507.224598 -466.443595 -443.871332 -431.220407 -414.296630 -396.044402 -368.198972 -340.282276 -313.240120 -285.500915 -261.821367 -239.901514 -226.432220 -219.012079 -209.381230 -192.398025 -171.774394 -146.955451 -86.326297 -59.590013 -41.011653 -31.259663 -24.425618 -12.230996 0.092701
-9999.0 -9999.0 -615.668099 -613.817762 -615.117971 -612.760048 -610.169554 -612.095570 -608.970331 -607.939805 -611.147339 -609.301488 -608.350545 -610.321547 -609.034934 -607.608256 -606.983039 -609.478015 -611.326372 -607.797021 -600.184815 -593.865562 -590.323041 -573.784317 -563.286093 -556.141747 -552.490212 -539.791156 -514.761820 -466.244543 -429.717056 -393.069808 -359.397051 -332.165975 -320.319361 -306.078778 -284.180357 -260.821401 -232.610580 -205.859276 -179.266690 -154.525628 -127.780715 -80.041901 -105.044593 -65.033192 -46.479680 -28.355871 -10.193341 6.895085 22.942218 23.784789 23.460738 23.783586 23.473170 23.505374
-9999.0 -9999.0 -617.789786 -614.707898 -616.853851 -611.923313 -607.473586 -611.970046 -610.657122 -605.994819 -607.309121 -606.798317 -607.322417 -606.941001 -604.882948 -600.638979 -602.974684 -603.852728 -608.621700 -597.474212 -587.140848 -567.603607 -523.069571 -469.972980 -439.425832 -434.094135 -430.986059 -419.586935 -400.331091 -362.497713 -315.904568 -266.353567 -225.697919 -198.845947 -185.560752 -171.657715 -149.053549 -94.545298 -80.174220 -51.774898 -35.383637 -17.948868 1.370008 17.944396 22.779941 22.976671 23.577412 23.163597 23.424734 23.016338 23.172604 19.534887 18.477934 19.144017 20.166400 15.565420
-9999.0 -618.441824 -616.905145 -616.807034 -613.624950 -614.640313 -610.866136 -605.434515 -605.885965 -604.054414 -604.073010 -607.177555 -595.907133 -585.872509 -582.436149 -573.273592 -577.272547 -580.187201 -586.115978 -573.435700 -546.260046 -464.983847 -378.813530 -330.227709 -300.095434 -294.617910 -296.945799 -283.385644 -258.937596 -222.729289 -164.449952 -86.612592 -51.220771 -25.490259 -17.606021 -16.346928 -4.640979 10.136934 25.698111 27.996893 28.132656 27.928621 23.168185 22.870156 23.407129 23.764622 20.167977 14.330702 7.299312 0.136043 -2.180376 -7.322781 -28.514190 -1.701594 -0.123960 -6.819675
-9999.0 -623.145158 -617.035980 -613.416313 -614.807524 -617.233954 -608.477297 -595.570684 -600.555814 -602.163084 -602.647032 -593.674916 -565.134518 -532.843274 -503.883155 -469.799315 -471.345500 -483.470542 -481.172764 -449.577095 -409.017847 -342.289877 -236.791633 -158.318260 -119.151733 -108.125754 -99.811619 -79.905474 -55.167942 -33.559185 -6.697367 14.805743 17.079399 16.984501 17.115090 17.092036 16.962427 17.188157 13.629909 10.333987 6.053944 6.093794 9.023421 8.716662 6.615598 4.552582 -2.550393 -10.278415 -17.793289 -55.381956 -64.318800 -70.208085 -74.857636 -72.228072 -75.639090 -81.750814
-9999.0 -618.134076 -611.223243 -612.971332 -618.573578 -610.137472 -606.864824 -597.896462 -590.749402 -592.961965 -580.558945 -533.928014 -460.914167 -413.376664 -382.277826 -363.810942 -351.470301 -351.663875 -331.606199 -285.326493 -209.839449 -89.150342 -49.228668 -2.079926 4.770813 4.828634 4.770619 4.791335 4.831061 4.857476 4.906376 1.576269 6.502490 8.466885 7.248549 4.568380 -0.851022 -8.191558 -13.562614 -16.745730 -22.831909 -22.765068 -17.641050 -17.321658 -21.328584 -54.657037 -69.208639 -78.525224 -88.037716 -101.347411 -108.638307 -114.444603 -117.893348 -122.135724 -127.039610 -133.163613
-9999.0 -626.011651 -616.208668 -624.371896 -612.454158 -602.745469 -604.394801 -588.881538 -568.819575 -559.543923 -486.102026 -423.739677 -362.337696 -317.727435 -282.817046 -245.123654 -219.314424 -192.482515 -157.859943 -117.273390 -1.945439 12.753901 12.975803 13.076345 4.825995 4.803501 -10.064573 -33.695019 -44.226480 -50.922667 -50.177979 -65.313421 -28.331782 -20.425423 -23.600952 -51.596422 -66.758135 -73.459260 -77.880904 -85.894276 -93.643449 -98.667720 -99.303007 -94.584543 -101.912537 -111.651543 -121.357209 -131.362719 -141.795274 -152.072191 -161.168764 -168.913310 -172.590597 -178.494866 -180.075123 -186.807219
-9999.0 -631.941169 -624.910589 -619.420469 -609.075871 -601.940453 -594.201263 -576.481358 -528.830153 -462.200224 -406.697134 -375.472238 -324.805706 -267.534343 -210.294119 -179.922635 -163.600197 -156.891820 -146.246570 -135.041345 -130.862968 -69.534039 -56.849761 -37.313926 -44.836610 -44.738601 -88.501472 -106.772531 -115.373684 -116.818354 -117.962853 -119.285668 -115.030757 -115.031015 -119.599006 -124.107083 -124.643683 -131.784364 -139.478268 -146.583580 -152.917266 -160.237811 -165.342569 -168.236140 -171.740634 -174.368489 -183.222120 -194.412707 -205.443435 -214.251345 -222.731352 -229.325739 -231.652676 -236.021483 -241.490074 -250.896011
-9999.0 -645.133477 -622.409269 -619.500733 -613.258352 -611.464687 -609.694701 -597.217878 -574.913664 -471.370734 -350.918296 -338.400945 -321.355862 -289.267427 -234.959047 -186.082523 -179.956652 -207.387225 -227.161860 -233.819659 -222.757497 -199.865302 -180.400336 -158.613918 -145.944365 -141.043524 -148.500895 -160.399846 -174.479725 -181.593018 -184.929573 -191.612827 -195.850764 -195.785040 -198.530132 -195.850283 -194.300858 -203.998138 -215.831858 -229.334168 -241.082726 -249.762724 -252.928813 -252.799012 -253.951886 -257.429768 -264.971862 -274.711081 -286.292734 -296.575990 -304.534205 -309.992942 -315.272539 -322.318712 -330.117582 -338.484449
-9999.0 -9999.0 -632.643346 -619.474200 -617.704673 -615.692665 -613.775566 -604.059312 -593.175877 -548.244886 -472.318544 -427.335704 -398.241485 -367.875104 -323.545207 -285.441891 -280.234594 -274.912982 -298.596005 -297.821096 -290.932897 -281.579264 -268.565765 -254.560128 -242.419160 -235.658387 -233.295318 -236.368517 -245.650162 -259.102745 -273.775069 -284.678988 -291.410790 -296.240356 -290.336843 -281.650321 -283.401813 -289.694760 -299.841502 -312.920222 -323.794844 -334.509885 -337.279711 -336.379223 -336.525462 -339.234245 -343.981732 -354.573074 -365.367354 -376.323282 -381.623599 -386.692813 -391.625611 -399.994553 -408.301209 -417.236963
-9999.0 -9999.0 -647.395176 -626.239365 -617.226243 -610.990605 -611.833877 -610.293024 -596.302481 -588.969797 -576.398122 -553.640202 -523.747402 -479.406998 -449.878931 -422.097878 -410.125669 -404.365066 -404.491536 -397.713928 -383.062753 -368.202814 -357.307200 -346.492597 -336.231430 -328.070223 -321.199580 -329.667728 -338.431759 -351.275063 -367.012936 -384.101555 -393.202479 -398.314651 -395.011805 -389.131491 -392.873591 -400.495499 -410.567477 -421.668009 -429.518900 -436.797390 -438.694473 -439.292379 -439.357848 -440.897382 -443.241332 -450.573150 -461.718454 -471.828441 -480.665645 -488.659508 -493.738708 -503.407188 -514.858777 -523.118851
