tests/Borden05m/sims/sim_1/output-maps/psiliqL0027N0004.asc
ncols         160
nrows         34
xllcorner     620200.000000
yllcorner     5168000.000000
cellsize      0.500000
NODATA_value  -9999.0
[rows 0 to 24 of 34, columns 55 to 109 of 160]
-9999.0 -9999.0 -9999.0 -9999.0 -9999.0 -9999.0 -9999.0 -9999.0 -9999.0 -9999.0 -9999.0 -9999.0 -9999.0 -9999.0 -9999.0 -9999.0 -9999.0 -9999.0 -9999.0 -9999.0 -9999.0 -9999.0 -9999.0 -9999.0 -9999.0 -9999.0 -9999.0 -9999.0 -9999.0 -9999.0 -9999.0 -9999.0 -9999.0 -9999.0 -9999.0 -9999.0 -9999.0 -9999.0 -9999.0 -9999.0 -9999.0 -9999.0 -9999.0 -9999.0 -9999.0 -9999.0 -9999.0 -9999.0 -9999.0 -9999.0 -9999.0 -9999.0 -9999.0 -9999.0 -9999.0
-9999.0 -9999.0 -9999.0 -9999.0 3597.897397 3592.606890 3587.866114 3583.370699 3574.868803 3565.533715 3557.697445 3553.476204 3552.267293 3551.393218 3550.706229 3555.493355 3563.499085 3571.053747 3577.851551 3580.211534 3582.497749 3584.269948 3584.432990 3583.253175 3579.968086 3576.571144 3573.141148 3571.390509 3564.068567 3552.944561 3544.661806 3541.967664 3546.113702 3550.435597 3552.886275 3558.002150 3568.347366 3578.921392 3587.500670 3600.115180 3607.223740 3612.588789 3615.152099 3611.182608 3607.946724 3603.974754 3597.762951 3586.668687 -9999.0 -9999.0 -9999.0 -9999.0 -9999.0 -9999.0 -9999.0
3542.808975 3561.141744 3582.144390 3585.219592 3573.465494 3568.354773 3565.201997 3563.535907 3559.306318 3550.792145 3545.645721 3540.111590 3537.348801 3537.288765 3537.088151 3540.643048 3551.374799 3559.078500 3563.547194 3566.121709 3568.916321 3567.174863 3566.308695 3566.026106 3563.063972 3559.516782 3556.082379 3554.177734 3555.680911 3548.059361 3542.000233 3538.045837 3534.972099 3537.719397 3540.428059 3545.101568 3554.233707 3562.110248 3570.065948 3585.313613 3598.563763 3604.307297 3601.779761 3597.248943 3593.459094 3586.015439 3575.228056 3565.286857 3557.334805 3551.347221 3546.052654 3539.631775 3546.143599 3554.176283 3563.507892
3525.976607 3545.084166 3565.487185 3567.974030 3557.707301 3549.985638 3542.955838 3543.447686 3546.964053 3543.696507 3538.798722 3530.714000 3540.776369 3541.665616 3542.235728 3545.313450 3546.994677 3552.178937 3554.477069 3559.717686 3568.601506 3571.331409 3571.673641 3571.627620 3569.551211 3566.208702 3564.159458 3561.290757 3555.946357 3554.043350 3553.599648 3552.198543 3556.191030 3557.702555 3560.703452 3555.310852 3559.807474 3566.070162 3573.057606 3578.507925 3584.625388 3587.061449 3583.801527 3584.551627 3576.267064 3562.693356 3553.008962 3545.703291 3546.182582 3543.329840 3535.481607 3521.765686 3530.257693 3546.503264 3551.384995
3530.253318 3539.060259 3549.430395 3551.811377 3546.706023 3548.918619 3550.642166 3551.740495 3549.771787 3546.097125 3541.428595 3551.571547 3559.669072 3560.905529 3563.178434 3567.037153 3567.898832 3557.026769 3554.931219 3562.019347 3571.516331 3576.514725 3576.594034 3576.107470 3572.203251 3570.943438 3570.668926 3568.828775 3568.141083 3569.562611 3566.881939 3569.646199 3575.072101 3578.406590 3573.398780 3565.057962 3567.430369 3575.955367 3585.173614 3592.800378 3602.946280 3613.702332 3614.126832 3609.754376 3601.355584 3589.073679 3566.785144 3549.525296 3538.640560 3530.668544 3523.491999 3526.813933 3522.082766 3536.211221 3538.114377
3514.927215 3535.815383 3555.657027 3561.249427 3555.154096 3551.443856 3550.240956 3550.767253 3549.603092 3549.743808 3558.037219 3569.537934 3580.353329 3582.160811 3583.798923 3582.343712 3574.863903 3564.471654 3561.809940 3574.846914 3591.515453 3599.246394 3598.572540 3593.865339 3596.582231 3596.771428 3597.412794 3594.143609 3594.713162 3591.940605 3596.954772 3604.610557 3612.628521 3611.299184 3598.883206 3586.484634 3586.550636 3592.247470 3599.514834 3607.222929 3617.384712 3626.479188 3621.743902 3616.816157 3609.739368 3584.460295 3562.290456 3548.308064 3548.757735 3549.676566 3545.398473 3543.587455 3543.001033 3539.260788 3539.655249
3550.258460 3569.194502 3589.314938 3601.932483 3595.647828 3588.157019 3579.791348 3579.868252 3579.956048 3585.499725 3595.535153 3607.769875 3629.166557 3628.253420 3628.383775 3626.658645 3613.559662 3600.228065 3590.316580 3612.675367 3623.723786 3630.696300 3627.706393 3632.369034 3640.856544 3637.333047 3631.162582 3618.937539 3624.457820 3630.475142 3645.603137 3653.619051 3659.008908 3654.163364 3640.051886 3633.212707 3634.993548 3641.819467 3643.318903 3652.324067 3660.984426 3675.915657 3674.556485 3671.752421 3652.140881 3615.198726 3586.373244 3574.478338 3586.406236 3580.930159 3574.645235 3574.921519 3564.207546 3557.421454 3560.286004
3581.144594 3594.163036 3610.155145 3626.482601 3617.228969 3607.066065 3590.272421 3586.880093 3590.720717 3600.824077 3618.141666 3635.655688 3655.204546 3653.089576 3645.719236 3655.332759 3648.285271 3637.308500 3629.832421 3652.038314 3661.955243 3672.038019 3677.423195 3690.042023 3700.372652 3683.303587 3665.835987 3655.009395 3662.168361 3688.219797 3711.034820 3715.817463 3714.714807 3713.883966 3698.082859 3693.387745 3690.242798 3691.027245 3688.657806 3686.969059 3712.874718 3734.824903 3734.727872 3713.337404 3690.708980 3650.853777 3613.103541 3589.397711 3603.447610 3600.076846 3603.746594 3594.072313 3582.700495 3576.331051 3574.448232
3629.599385 3650.600885 3666.668816 3688.576173 3678.709431 3655.148773 3638.494504 3640.896570 3654.491947 3662.618659 3681.326429 3697.894312 3723.277120 3734.696702 3745.335666 3749.270009 3742.315893 3733.800887 3721.872229 3727.697060 3752.152730 3763.775827 3771.933580 3780.156186 3792.828146 3792.796141 3785.534218 3783.586583 3788.055859 3802.060748 3816.977949 3823.743769 3826.627423 3829.014287 3815.032703 3801.906065 3800.236834 3795.031975 3794.223575 3793.576734 3805.739273 3827.036894 3823.717078 3786.323105 3759.443119 3724.090531 3685.526483 3656.278313 3650.974230 3671.001851 3669.529397 3653.471735 3643.698538 3618.445219 3614.226991
3697.805376 3730.635233 3754.813749 3764.771406 3771.795948 3756.265541 3753.919727 3758.135201 3766.643536 3769.663907 3776.030651 3808.495673 3842.287578 3867.030638 3889.749445 3896.848629 3884.384977 3874.606137 3860.949630 3852.201123 3863.841029 3881.388895 3899.181319 3914.078040 3925.441173 3927.399634 3925.788196 3925.831723 3929.051179 3932.067614 3936.513035 3945.219600 3952.925074 3961.489599 3969.275508 3958.429501 3941.390605 3932.361688 3923.721152 3923.269603 3924.885820 3929.190910 3930.330978 3912.748845 3869.694024 3837.669724 3805.397061 3786.451546 3773.771338 3774.590756 3756.403754 3731.811470 3679.847995 3642.686117 3611.628980
3782.795777 3827.428376 3856.750997 3873.458386 3886.057665 3882.612316 3884.481725 3885.430837 3889.039844 3891.212652 3893.602535 3920.926783 3963.133386 4002.953075 4034.521993 4034.058105 4019.897048 4008.466201 3999.473073 3984.713314 3980.725270 3993.891494 4009.803706 4030.598254 4040.979682 4046.747914 4043.183148 4043.390978 4045.349626 4047.744041 4049.941297 4053.778782 4063.750505 4079.231213 4094.129118 4093.062712 4073.458861 4055.333726 4039.385817 4037.348566 4035.217236 4030.327023 4032.860789 4034.810521 4017.955199 3985.837329 3945.362115 3904.923547 3888.943124 3874.210909 3863.367937 3846.170138 3804.006034 3735.675602 3695.262309
3898.451418 3933.577835 3962.835885 3993.339103 4007.957428 4009.731727 4006.950307 4005.527747 4012.603433 4015.038003 4020.301778 4036.988903 4070.297670 4106.762435 4137.011344 4152.334455 4144.091816 4125.477795 4102.639463 4092.262382 4089.155410 4092.989457 4102.907004 4116.418902 4136.519252 4156.465705 4162.317693 4163.226188 4160.509215 4162.995220 4164.630627 4164.762655 4167.937398 4176.953331 4187.230088 4190.718020 4182.523683 4160.728591 4136.701858 4125.599356 4119.278999 4115.938853 4117.247053 4122.813319 4126.401404 4111.078292 4074.362250 4028.782430 3998.913037 3984.278847 3971.623991 3957.293180 3944.471180 3909.797162 3888.232310
4008.503596 4024.144922 4052.988267 4082.312707 4104.968241 4119.600245 4119.641734 4122.432617 4127.277869 4134.387431 4149.513470 4173.564950 4193.451945 4217.030465 4244.524979 4261.408071 4266.648696 4264.709718 4260.241031 4261.358853 4261.744867 4193.121038 4199.906122 4206.677485 4225.349687 4241.932020 4247.980330 4248.676881 4245.897782 4247.855264 4248.691200 4248.549134 4248.172001 4250.862072 4256.407518 4258.526969 4255.906796 4242.311941 4262.913798 4242.338892 4228.569677 4220.192856 4211.804592 4203.522721 4194.022440 4183.982383 4163.195849 4131.494547 4096.671241 4075.673870 4068.016764 4061.786611 4052.871367 4046.947058 4029.458139
4107.725990 4118.338350 4137.079775 4160.388432 4195.524999 4219.769885 4231.421846 4240.938372 4245.660220 4259.949536 4277.201767 4259.492903 4268.596568 4278.017180 4287.377548 4290.591980 4291.512345 4291.087665 4288.661256 4287.812311 4285.264490 4281.957331 4271.317467 4272.946301 4274.967666 4277.611732 4281.385677 4280.313431 4281.456238 4284.421420 4282.615100 4276.468788 4272.303980 4270.725718 4271.811530 4279.311064 4282.865171 4283.853101 4280.104371 4279.124925 4278.033376 4274.306908 4269.654486 4263.095943 4254.706272 4271.343232 4258.885629 4229.934502 4188.329185 4145.912866 4138.956494 4141.458049 4141.141366 4139.668382 4133.979670
4236.147666 4250.230068 4265.424447 4240.181710 4264.661387 4277.189127 4283.046879 4287.437265 4290.336841 4293.807004 4290.829463 4287.879928 4282.944033 4281.317826 4279.944970 4277.485804 4278.108435 4276.219548 4272.112434 4267.969661 4259.738762 4248.003315 4236.822864 4233.085885 4237.348602 4243.075262 4248.372613 4253.033122 4256.831181 4256.669009 4251.063475 4242.506907 4234.851053 4233.225919 4240.191641 4245.985847 4252.735435 4253.649212 4252.249399 4249.671407 4249.347888 4245.933830 4246.097753 4253.302554 4268.362566 4270.634557 4277.101602 4276.180636 4257.939205 4224.907808 4239.350855 4219.213553 4225.565318 4220.887444 4209.430056
4281.885833 4284.922089 4283.135399 4282.140898 4275.670255 4269.549316 4268.749386 4272.793673 4279.887247 4280.908815 4273.811205 4265.139136 4257.817199 4250.237497 4247.826374 4247.351918 4247.145095 4247.697602 4242.372840 4232.778993 4215.429546 4203.800214 4192.718678 4186.767880 4182.673748 4185.899830 4197.401914 4210.023089 4215.145500 4205.419992 4196.767759 4184.719782 4176.613662 4177.091677 4177.943758 4187.566059 4204.933201 4212.972536 4213.795875 4207.100363 4200.289862 4193.504113 4190.277202 4196.691120 4212.144950 4229.262604 4245.288693 4254.663765 4262.508733 4269.780974 4267.386410 4270.390073 4272.042842 4269.709357 4273.377771
4276.476474 4269.401743 4262.330926 4256.963462 4250.512145 4245.243108 4243.367805 4245.149448 4246.927627 4242.680318 4236.307571 4226.282900 4215.176063 4205.422276 4197.545978 4198.586123 4200.964245 4202.727193 4195.265830 4179.690281 4161.722984 4148.171584 4134.258384 4130.311285 4124.238770 4116.037052 4126.106219 4146.294428 4153.876480 4137.348690 4126.274452 4110.879059 4104.392870 4100.245089 4100.916693 4109.801558 4132.785956 4157.709343 4159.955528 4148.802806 4137.713012 4133.014705 4129.733174 4134.133377 4150.756914 4171.842095 4188.253385 4198.912194 4204.266215 4212.068580 4221.510629 4236.176237 4251.332918 4263.959850 4268.117599
4251.081886 4243.299231 4235.613394 4227.951735 4221.040241 4214.811268 4210.487580 4208.524477 4204.365799 4198.208561 4191.139967 4169.480176 4156.947077 4143.837413 4128.682576 4124.695261 4119.606821 4120.589218 4109.005437 4101.334212 4085.128290 4069.768545 4054.131010 4040.340161 4034.620785 4027.791725 4025.229221 4038.431896 4046.789667 4037.840914 4028.230898 4017.898479 4013.623356 4010.256911 4012.838298 4023.337365 4042.552109 4060.877819 4069.570377 4062.348668 4061.666181 4062.081149 4060.499546 4066.971568 4077.320239 4095.095024 4117.818503 4137.308996 4147.354247 4154.170487 4163.320599 4177.834504 4192.067691 4206.572729 4224.818984
4220.479298 4211.124005 4201.163641 4191.384688 4180.847333 4170.249945 4163.659440 4166.488157 4160.512454 4154.957387 4131.125911 4074.647669 4053.051708 4033.930105 4017.527659 4010.634998 4002.032229 3984.665053 3976.069127 3971.897937 3975.419596 3961.681251 3944.188820 3926.282249 3921.450936 3918.023047 3899.399737 3893.386006 3893.538542 3911.682800 3905.839039 3905.295356 3907.845536 3905.498507 3906.512728 3919.159509 3926.257339 3931.023545 3937.917880 3943.735995 3954.934606 3963.365046 3974.619699 3992.027085 4002.567198 4017.580468 4037.783357 4063.781559 4079.619841 4089.139060 4099.462547 4114.722579 4130.852520 4148.681908 4171.145267
4185.689231 4168.759351 4154.035217 4139.669418 4126.944526 4114.064936 4097.846247 4099.865534 4097.907245 4087.359886 4030.436657 3989.905624 3955.852499 3938.835566 3914.991245 3901.143870 3883.989675 3843.745149 3825.874462 3826.362420 3842.853259 3840.394446 3825.439253 3813.965374 3804.408941 3794.666668 3776.218780 3755.903196 3762.229044 3781.756471 3783.621308 3787.822820 3796.347080 3796.056413 3788.815596 3784.758799 3796.404750 3801.440912 3812.860428 3831.544145 3836.564009 3854.203935 3889.158329 3901.831676 3916.776558 3934.802983 3954.887421 3976.783501 3999.615600 4013.699924 4028.870813 4047.164886 4063.721927 4083.885311 4106.278027
4134.285742 4102.761736 4081.464068 4064.015260 4044.663325 4016.828155 3996.921750 3994.726095 3988.715456 3958.161945 3904.952853 3870.167216 3847.886198 3826.281651 3803.585447 3779.152715 3740.262263 3705.138866 3683.207894 3700.819354 3712.884506 3726.433879 3715.593876 3705.280091 3695.896106 3677.245001 3660.238470 3643.054925 3654.545682 3663.263200 3684.114810 3691.616966 3695.613761 3702.087292 3700.567931 3688.663588 3681.719633 3689.563782 3699.257865 3711.401506 3734.211772 3770.629390 3795.271761 3813.485324 3833.694194 3851.867723 3872.704391 3895.200502 3917.852307 3934.667284 3952.642024 3970.709747 3991.247976 4009.832281 4032.108679
4052.502914 4024.414288 3998.346535 3975.305591 3942.966487 3895.583310 3881.393401 3872.517858 3849.288388 3800.155564 3758.812591 3740.591469 3729.675521 3707.035720 3686.858461 3657.838306 3623.783729 3603.283456 3582.977815 3594.312278 3605.519523 3627.429808 3619.486954 3613.664433 3611.443268 3596.186416 3583.158028 3566.462210 3572.617458 3585.246700 3609.904541 3616.278435 3620.571946 3630.417716 3629.701096 3624.590228 3605.368493 3611.618442 3622.311559 3636.977948 3668.456657 3690.458398 3712.352983 3733.835668 3752.662463 3773.589868 3795.105615 3817.445850 3843.473640 3862.555081 3881.043318 3902.057717 3920.559067 3933.836867 3948.896331
3943.243222 3919.891171 3901.168147 3877.364500 3833.757301 3790.090691 3748.384757 3720.162254 3665.822090 3631.095050 3613.671981 3615.974722 3605.528419 3587.138075 3569.489470 3551.324211 3530.926351 3513.549118 3488.939452 3495.218157 3512.174771 3530.261203 3533.279571 3535.445262 3534.641468 3526.009991 3512.825075 3499.340273 3503.200621 3520.743517 3539.009073 3549.605838 3557.543745 3565.293139 3564.845500 3554.614068 3544.029220 3548.324445 3563.564242 3579.253010 3595.681279 3615.388878 3635.305617 3654.959899 3676.655428 3698.354652 3720.291373 3744.172667 3770.101921 3790.771363 3813.598870 3837.126153 3852.421086 3859.865836 3865.923049
3840.543616 3822.449044 3800.078996 3772.911721 3731.276207 3692.588668 3652.643176 3604.537733 3572.270170 3545.061253 3541.141280 3527.631510 3516.523292 3504.080909 3485.207871 3470.618231 3457.742748 3437.638071 3429.921926 3438.267949 3452.362812 3460.421870 3468.472743 3467.012240 3465.259939 3460.368916 3446.677420 3443.824328 3454.236271 3469.423530 3482.881414 3494.693559 3501.560782 3506.370110 3503.085575 3493.492977 3490.818458 3498.666621 3513.690716 3526.349071 3539.896985 3559.419257 3578.128265 3598.471478 3619.639075 3640.283887 3663.346544 3687.132969 3711.894326 3738.015277 3759.020798 3775.873716 3783.033042 3790.945820 3788.154232
3717.384587 3707.710797 3682.751588 3655.150932 3627.523354 3596.537992 3574.542010 3544.970563 3516.656200 3489.440775 3465.056298 3455.188069 3451.229167 3440.361997 3425.349589 3415.973085 3401.953353 3394.443393 3402.611692 3404.181334 3412.138067 3410.133639 3411.632488 3409.774002 3409.679831 3408.249444 3403.316762 3416.305707 3422.669331 3435.772700 3445.572054 3455.251785 3460.800138 3464.062440 3465.227241 3461.196960 3467.187178 3472.579553 3485.469875 3495.770026 3508.060944 3526.716274 3542.237220 3559.605797 3580.245313 3601.578200 3623.673105 3647.648563 3674.018100 3696.915386 3712.678634 3717.355313 3724.654441 3723.752658 3710.150339
