tests/Borden05m/sims/sim_1/output-maps/psiliqL0030N0017.asc
ncols         160
nrows         34
xllcorner     620200.000000
yllcorner     5168000.000000
cellsize      0.500000
NODATA_value  -9999.0
[rows 0 to 24 of 34, columns 55 to 109 of 160]
-9999.0 -9999.0 -9999.0 -9999.0 -9999.0 -9999.0 -9999.0 -9999.0 -9999.0 -9999.0 -9999.0 -9999.0 -9999.0 -9999.0 -9999.0 -9999.0 -9999.0 -9999.0 -9999.0 -9999.0 -9999.0 -9999.0 -9999.0 -9999.0 -9999.0 -9999.0 -9999.0 -9999.0 -9999.0 -9999.0 -9999.0 -9999.0 -9999.0 -9999.0 -9999.0 -9999.0 -9999.0 -9999.0 -9999.0 -9999.0 -9999.0 -9999.0 -9999.0 -9999.0 -9999.0 -9999.0 -9999.0 -9999.0 -9999.0 -9999.0 -9999.0 -9999.0 -9999.0 -9999.0 -9999.0
-9999.0 -9999.0 -9999.0 -9999.0 4197.054401 4191.814442 4187.197588 4182.817479 4174.441962 4165.123524 4157.451727 4153.223712 4151.998888 4151.153617 4150.448366 4155.180474 4163.226907 4170.799576 4177.553047 4179.933080 4182.216112 4183.916592 4184.036053 4182.889601 4179.611832 4176.208610 4172.785269 4170.995902 4163.845703 4152.782494 4144.616657 4141.939307 4146.028815 4150.317624 4152.752414 4157.701055 4167.949627 4178.456252 4187.020755 4199.762501 4207.113599 4212.488645 4214.912358 4210.909619 4207.675647 4203.607377 4197.107338 4185.968530 -9999.0 -9999.0 -9999.0 -9999.0 -9999.0 -9999.0 -9999.0
4142.062159 4160.375283 4181.666292 4184.730186 4172.820857 4167.674094 4164.574211 4163.027349 4158.981814 4150.551092 4145.485129 4139.979760 4137.080593 4137.049930 4136.842549 4140.324739 4151.223399 4158.908946 4163.350759 4165.973905 4168.843814 4166.823497 4165.913845 4165.665576 4162.708497 4159.153675 4155.725339 4153.812038 4155.560964 4147.945932 4141.774905 4137.714590 4134.343001 4137.139307 4139.909131 4144.844409 4153.882171 4161.675547 4169.558718 4184.975463 4198.364253 4204.166916 4201.575764 4197.075432 4193.213637 4185.536196 4174.526468 4164.622375 4157.050092 4151.222826 4145.898308 4139.234663 4145.769392 4154.027770 4163.168899
4125.253466 4144.454048 4165.010752 4167.479848 4157.338956 4149.767676 4142.348611 4142.955375 4146.737874 4143.591978 4138.710536 4130.037172 4140.514557 4141.392989 4141.907142 4144.999231 4146.429933 4152.104128 4154.348647 4159.606669 4168.511021 4171.286202 4171.627405 4171.577918 4169.480648 4166.116481 4164.038033 4161.165516 4155.809862 4153.757082 4153.180876 4151.554318 4155.352469 4156.869499 4160.133187 4154.993613 4159.667111 4165.914137 4172.899916 4178.078296 4184.027456 4186.072287 4182.739075 4183.751852 4175.395997 4161.775071 4152.302108 4145.161063 4146.078917 4143.220482 4135.285820 4121.261101 4129.964027 4146.280974 4151.152326
4129.976377 4138.840265 4149.035786 4151.382228 4146.326759 4148.798419 4150.622393 4151.715196 4149.749356 4146.026066 4140.888360 4150.645025 4158.580879 4159.803560 4162.028851 4166.010074 4167.246655 4156.639592 4154.659363 4161.547242 4170.925148 4175.813991 4175.918514 4175.395091 4171.138323 4169.863835 4169.647389 4167.915218 4166.954520 4168.201545 4164.991505 4167.392306 4172.793662 4176.226141 4171.793253 4163.584335 4166.250392 4174.904064 4184.311417 4191.955097 4201.936474 4212.499964 4213.143730 4208.921635 4200.516305 4188.360846 4166.163121 4149.244621 4138.225942 4129.954962 4122.665548 4126.587798 4121.384457 4136.030017 4137.894967
4112.780152 4134.688049 4154.419260 4159.663997 4153.645289 4150.328348 4149.561022 4150.148202 4148.818117 4148.481581 4156.046164 4167.244264 4177.453798 4179.212919 4180.780082 4179.194900 4172.115041 4161.733132 4159.361893 4172.105142 4188.965478 4196.663258 4195.780884 4190.280719 4192.167874 4192.748943 4193.947831 4191.066768 4191.365606 4187.727364 4191.746079 4199.459964 4207.713681 4206.488436 4193.951626 4181.298558 4181.665398 4187.948446 4196.026141 4203.999347 4214.075987 4222.943106 4218.151081 4213.532993 4206.884606 4182.083012 4160.731847 4147.133064 4147.441388 4148.344076 4144.026217 4142.344378 4142.177126 4138.987502 4139.442579
4147.464900 4166.169700 4186.572929 4198.723487 4192.488878 4185.263297 4177.418198 4177.532030 4177.150158 4182.339683 4191.957163 4203.308555 4224.398124 4222.877857 4222.514940 4219.945097 4206.496975 4192.982501 4183.385470 4206.829426 4218.156307 4224.863818 4220.941944 4224.580915 4232.857406 4229.610768 4223.873618 4211.250545 4216.661518 4221.498508 4236.720890 4245.069563 4250.831416 4245.194445 4230.384149 4223.262400 4225.712719 4233.506052 4235.797439 4245.713928 4253.950376 4268.756407 4267.054691 4265.376757 4246.108971 4208.825251 4180.849661 4170.480728 4183.520429 4178.080852 4171.651207 4172.557698 4162.304508 4156.184282 4159.472081
4176.098547 4188.404742 4204.229189 4220.433614 4210.430145 4200.548180 4183.152713 4179.314763 4182.574157 4192.932658 4210.175195 4226.843092 4245.771809 4241.657483 4232.203171 4241.995819 4234.903272 4223.621640 4216.364735 4241.095444 4250.662603 4260.512390 4265.070255 4277.792973 4287.968985 4269.310733 4250.667471 4238.638615 4246.293480 4273.846410 4297.988832 4302.767795 4301.175479 4299.555191 4282.216550 4277.888796 4275.460483 4277.478881 4275.774838 4274.508906 4302.034030 4325.076209 4325.127565 4303.843733 4281.156812 4240.074285 4201.858696 4179.540038 4196.388623 4192.505786 4196.846153 4187.952593 4177.103214 4172.577845 4172.042623
4220.715313 4240.439669 4255.929975 4278.405014 4266.492021 4241.644623 4223.288468 4225.433423 4239.533530 4248.178461 4267.957956 4283.248217 4307.647427 4317.257599 4326.355057 4330.397998 4323.852676 4315.484984 4303.848537 4311.453994 4337.670420 4349.353960 4357.095394 4364.887664 4377.722545 4376.548968 4368.296119 4366.064800 4370.871307 4386.470207 4402.776315 4409.622913 4412.001717 4413.716207 4397.447742 4383.613524 4382.916403 4378.398892 4378.785416 4378.440303 4392.573838 4415.972506 4412.163381 4371.959543 4344.691529 4308.121284 4268.678034 4239.335414 4236.145490 4258.780741 4258.913292 4242.835993 4234.674333 4210.988563 4208.954595
4286.354087 4319.165279 4343.112884 4352.484919 4358.532746 4340.962306 4338.038350 4342.590593 4351.668034 4354.557730 4360.913393 4393.761777 4427.725919 4451.864087 4474.578690 4481.563147 4468.720321 4458.985609 4444.982903 4436.417311 4449.778474 4468.154085 4486.332170 4501.184482 4512.665317 4514.298237 4512.610599 4512.622628 4516.148653 4519.216613 4524.028121 4533.356891 4541.215068 4549.508233 4556.622936 4544.644087 4527.445352 4519.037912 4511.381316 4511.794867 4513.950569 4519.403039 4520.619095 4500.622006 4454.634546 4421.380325 4388.534003 4371.177066 4359.747542 4363.196187 4344.741604 4319.115668 4265.170425 4228.000247 4197.114180
4369.413912 4415.584143 4445.176496 4460.800833 4473.234696 4468.736600 4470.775311 4471.626930 4475.013136 4476.785027 4478.408192 4507.073049 4550.717870 4591.517453 4623.808910 4622.579154 4607.476651 4595.867061 4587.200120 4571.573727 4567.488660 4581.889015 4598.924216 4620.835315 4631.067648 4636.055624 4631.884921 4632.060412 4634.368276 4636.868600 4639.178774 4643.451984 4654.103880 4670.423399 4686.143638 4684.607052 4663.574726 4645.106203 4629.339954 4628.287043 4626.854203 4622.011951 4624.907555 4626.942620 4607.789248 4573.779672 4531.829063 4491.281332 4477.011520 4463.140396 4452.283631 4434.298153 4387.985491 4315.256366 4272.041263
4486.194244 4523.508221 4553.220655 4584.180286 4598.271738 4599.047963 4595.809036 4593.878095 4601.107901 4602.921713 4607.351353 4624.292748 4659.933343 4698.332075 4729.615494 4744.719048 4735.590725 4715.692174 4691.634065 4680.156049 4676.673450 4680.933395 4691.615957 4706.362766 4727.540461 4748.447812 4754.430741 4755.384354 4752.605099 4755.199947 4756.962679 4757.120333 4760.766383 4770.723095 4781.715432 4785.404394 4776.441535 4753.303083 4728.307409 4717.769936 4711.828207 4708.630721 4710.532003 4716.888441 4721.172216 4704.846066 4666.062538 4618.366758 4588.749428 4575.220050 4562.833859 4547.901594 4534.246029 4495.776762 4472.908611
4598.125417 4614.513572 4644.470715 4674.734419 4697.366691 4711.853584 4711.233985 4713.587610 4718.590908 4725.287066 4740.499286 4765.822914 4787.146852 4812.339889 4841.347003 4859.277144 4864.485837 4862.084348 4856.927834 4857.909353 4858.348176 4780.550492 4788.158957 4795.763836 4816.925680 4835.370919 4842.165705 4842.955133 4839.805481 4841.958640 4842.906036 4842.705054 4842.320283 4845.594341 4851.879186 4854.281228 4851.311691 4836.184191 4860.540972 4839.102759 4824.853645 4816.214545 4807.598517 4799.273752 4789.657453 4779.365345 4757.349940 4724.260477 4688.671442 4668.571741 4661.373638 4654.891522 4645.155550 4638.787994 4620.405922
4698.389483 4709.066111 4728.715721 4752.970918 4790.045665 4815.632565 4827.699397 4837.562175 4842.374937 4857.229478 4875.450013 4855.065270 4865.382761 4876.059449 4886.667871 4890.310892 4891.353975 4890.872668 4888.393438 4887.431301 4884.682428 4881.642334 4870.725133 4872.384486 4874.520651 4877.201307 4881.038456 4880.019197 4881.213095 4884.194940 4882.317139 4876.009918 4871.707201 4870.123824 4871.347723 4878.947232 4882.603226 4883.637498 4879.292936 4878.242935 4877.005844 4872.782517 4867.509772 4860.076752 4850.568457 4870.051673 4856.958378 4826.553755 4782.773058 4738.363932 4732.576016 4736.253773 4735.558915 4734.153483 4728.286256
4832.486044 4847.210039 4863.047748 4833.067259 4860.810894 4875.009004 4881.647794 4886.463572 4889.507061 4893.506575 4890.580032 4887.722617 4882.707246 4880.984222 4879.577604 4877.085261 4877.694904 4875.802135 4871.626109 4867.318924 4858.661289 4846.657068 4835.469921 4831.457306 4835.652459 4841.542611 4847.062309 4852.050850 4855.963331 4855.532900 4849.715957 4840.962468 4833.141880 4831.569355 4838.667845 4844.535940 4851.632163 4852.603801 4851.193317 4848.480919 4848.036913 4844.402322 4844.494764 4851.893556 4867.417568 4868.965835 4876.295154 4875.251396 4854.577772 4817.142189 4836.172293 4815.712675 4822.571374 4817.736448 4806.076712
4881.249275 4884.690373 4882.665459 4881.834329 4875.219656 4868.991869 4868.153279 4872.231502 4879.388233 4880.336680 4873.158051 4864.327014 4856.847481 4849.015850 4846.489899 4846.144197 4845.999119 4846.619950 4841.234533 4831.184181 4813.292186 4801.568218 4790.451863 4784.476950 4779.891541 4782.747835 4794.648825 4807.964817 4813.211552 4802.806672 4793.851427 4781.442408 4773.280789 4773.805227 4774.366892 4784.170900 4802.353651 4811.179555 4812.055303 4805.016429 4797.712510 4790.739305 4787.276833 4793.675256 4809.369611 4827.033608 4843.700518 4853.428234 4861.460557 4868.969078 4865.299250 4868.703398 4870.576532 4867.931915 4872.622843
4876.181360 4868.953993 4861.723026 4856.227908 4849.744438 4844.502207 4842.539533 4844.144004 4845.640669 4841.127030 4834.729945 4824.615261 4813.327561 4803.435906 4795.097445 4796.133607 4798.515447 4800.406823 4792.625264 4776.658302 4758.390074 4744.677105 4730.640816 4726.635430 4720.246587 4711.150006 4721.133724 4742.044357 4749.941366 4732.701849 4721.315028 4705.592308 4699.251895 4694.864440 4695.369595 4704.199109 4727.964048 4754.197223 4756.712287 4745.263178 4733.864082 4729.239338 4725.885575 4729.981797 4746.499201 4768.063686 4785.021803 4796.068515 4801.477725 4809.325706 4818.861379 4834.159764 4849.862673 4862.939816 4866.254616
4850.279496 4842.425773 4834.655170 4826.874665 4819.874937 4813.527464 4809.087261 4807.065057 4802.482599 4796.156385 4788.927932 4765.544231 4752.725319 4739.163734 4723.485582 4719.217269 4713.531747 4714.246451 4702.411509 4695.126809 4679.225375 4663.719027 4647.928447 4633.321535 4627.540911 4620.441252 4616.455814 4629.225457 4637.461609 4629.362380 4619.849689 4609.984929 4606.075794 4602.692520 4605.443395 4616.052990 4634.776420 4653.150867 4662.314392 4655.319186 4655.665687 4656.783968 4655.263462 4662.095794 4671.844234 4689.477049 4712.868993 4733.343546 4743.745502 4750.553228 4759.680680 4774.403121 4788.888713 4803.703736 4822.398843
4819.372514 4809.851206 4799.716143 4789.714673 4778.968269 4768.167282 4761.304703 4764.305271 4758.263413 4752.670339 4726.838690 4667.896712 4645.259924 4625.583456 4608.654017 4601.260991 4592.161842 4572.640363 4563.950379 4560.097643 4565.575568 4552.010745 4534.323349 4515.905242 4511.043029 4507.687478 4487.021034 4478.794790 4478.327714 4499.343156 4493.778911 4494.292086 4497.804925 4495.509006 4496.123723 4508.651482 4514.879634 4518.673359 4525.860292 4533.315471 4545.632568 4554.781708 4567.792975 4585.849388 4596.124163 4610.951163 4631.257133 4658.105779 4674.778450 4684.553619 4694.992245 4710.430919 4726.704879 4744.870171 4767.619333
4784.079830 4766.353922 4751.205215 4736.526677 4723.533136 4710.337591 4693.212384 4695.228935 4693.317554 4682.050568 4621.556215 4580.979708 4546.176830 4529.004332 4504.398041 4489.684423 4470.973606 4427.565822 4408.673717 4410.229390 4428.851017 4427.637709 4412.895169 4401.764771 4391.771471 4381.287542 4361.610647 4338.910304 4345.540933 4366.558647 4369.681474 4375.065893 4384.513380 4384.547922 4376.581694 4370.690625 4381.928055 4386.510368 4398.463138 4418.860676 4424.292514 4443.973818 4481.086130 4493.927919 4509.212074 4527.219407 4547.345724 4569.470615 4593.195008 4607.775906 4623.372217 4641.872216 4658.660828 4678.992686 4701.465751
4731.233137 4698.633985 4676.667276 4658.723970 4638.622465 4608.982565 4588.812651 4586.302914 4580.117498 4546.860898 4491.727916 4457.536161 4436.248375 4414.263195 4391.350171 4365.298399 4323.570584 4287.249393 4264.587601 4284.371296 4297.187754 4313.082382 4302.647710 4292.608121 4283.186258 4263.388361 4245.903579 4227.494265 4239.547753 4248.314317 4271.699437 4280.037880 4284.146245 4291.466941 4289.942280 4276.634757 4267.408945 4275.258951 4285.073578 4297.843012 4322.862678 4361.130615 4386.257323 4405.128714 4425.717443 4443.939414 4464.834294 4487.491270 4510.785943 4528.125558 4546.363660 4564.540386 4585.325018 4603.757943 4625.817845
4646.051318 4617.564205 4591.240716 4567.693024 4533.719322 4484.073074 4469.523210 4460.113579 4434.280190 4381.974935 4340.214286 4324.658319 4315.697553 4292.868511 4272.830267 4242.824771 4207.664234 4187.863903 4167.121517 4179.101905 4190.938120 4214.785779 4207.419870 4202.455671 4200.849009 4185.337912 4172.351070 4155.109189 4160.961132 4174.150271 4200.353138 4207.223542 4211.746883 4222.246735 4221.681278 4216.138260 4194.977602 4200.943571 4211.946458 4227.131005 4259.797580 4281.694159 4303.632029 4325.647094 4344.670808 4365.803174 4387.350339 4409.830655 4436.470147 4455.953077 4474.763770 4496.081444 4514.576258 4527.149787 4541.319856
4533.886346 4510.612642 4492.211911 4467.979791 4422.302298 4377.917477 4333.972074 4302.647854 4244.319688 4208.690396 4194.040226 4199.631364 4190.198872 4172.185801 4154.829377 4136.830069 4117.112436 4100.407633 4075.361976 4081.915171 4099.603389 4118.374616 4122.979489 4126.144559 4125.681605 4117.445940 4104.255019 4090.714937 4094.600666 4112.638640 4131.234201 4142.511929 4150.769505 4158.626861 4158.139520 4147.314553 4136.402424 4140.582310 4156.267427 4172.125412 4187.949417 4207.462067 4227.349052 4247.233226 4269.169466 4290.961959 4312.990235 4337.003676 4363.270145 4384.522191 4407.662725 4431.442956 4446.302580 4453.138594 4457.927454
4429.232088 4411.620893 4389.162884 4361.277298 4318.713015 4279.953825 4239.768952 4189.110784 4156.344848 4129.310710 4127.546708 4114.616951 4104.407688 4092.691649 4073.860898 4059.885924 4047.891048 4027.900432 4021.948829 4030.728988 4044.900494 4052.230101 4061.227726 4059.975175 4058.393257 4053.943402 4040.183717 4038.707551 4049.497075 4064.669287 4077.882886 4090.062012 4097.006216 4101.616721 4098.271588 4088.469361 4086.508885 4094.440792 4109.533465 4121.944886 4134.968560 4154.369760 4172.848052 4193.244978 4214.461643 4235.084377 4258.174117 4282.004016 4306.938925 4333.573344 4354.514229 4370.762226 4377.464102 4385.003928 4380.480112
4303.795880 4295.160213 4269.799773 4241.699092 4214.537112 4184.433714 4163.560950 4133.962606 4105.675627 4078.635520 4054.038435 4045.234425 4042.114369 4031.727513 4017.273485 4008.469444 3994.805752 3989.089156 3998.757190 3999.933474 4007.147097 4004.407422 4006.007439 4004.303836 4004.350405 4003.448021 3999.608304 4013.778403 4019.911849 4032.723729 4042.350984 4052.114636 4057.564118 4060.698728 4062.169542 4058.672523 4065.238734 4070.380813 4083.056466 4093.185983 4105.082352 4123.499770 4138.844838 4156.026574 4176.639336 4197.963289 4219.993535 4244.003047 4270.504486 4293.388070 4308.694477 4312.691990 4319.572382 4317.575645 4302.610374
