tests/Borden05m/sims/sim_1/output-maps/psiliqL0028N0017.asc
ncols         160
nrows         34
xllcorner     620200.000000
yllcorner     5168000.000000
cellsize      0.500000
NODATA_value  -9999.0
[rows 0 to 24 of 34, columns 55 to 109 of 160]
-9999.0 -9999.0 -9999.0 -9999.0 -9999.0 -9999.0 -9999.0 -9999.0 -9999.0 -9999.0 -9999.0 -9999.0 -9999.0 -9999.0 -9999.0 -9999.0 -9999.0 -9999.0 -9999.0 -9999.0 -9999.0 -9999.0 -9999.0 -9999.0 -9999.0 -9999.0 -9999.0 -9999.0 -9999.0 -9999.0 -9999.0 -9999.0 -9999.0 -9999.0 -9999.0 -9999.0 -9999.0 -9999.0 -9999.0 -9999.0 -9999.0 -9999.0 -9999.0 -9999.0 -9999.0 -9999.0 -9999.0 -9999.0 -9999.0 -9999.0 -9999.0 -9999.0 -9999.0 -9999.0 -9999.0
-9999.0 -9999.0 -9999.0 -9999.0 3797.616530 3792.342855 3787.643401 3783.186484 3774.727619 3765.398144 3757.616711 3753.393258 3752.179042 3751.314595 3750.621541 3755.390364 3763.409658 3770.970361 3777.753332 3780.118946 3782.404032 3784.152320 3784.300841 3783.132151 3779.849571 3776.451687 3773.023972 3771.260445 3763.995761 3752.892028 3744.648236 3741.959702 3746.086898 3750.397760 3752.843148 3757.903269 3768.216257 3778.767772 3787.340935 3799.997700 3807.187122 3812.555497 3815.072259 3811.091691 3807.856455 3803.852372 3797.544554 3786.435455 -9999.0 -9999.0 -9999.0 -9999.0 -9999.0 -9999.0 -9999.0
3742.561137 3760.887331 3781.985212 3785.056647 3773.251669 3768.129010 3764.993849 3763.367537 3759.199356 3750.713027 3745.593440 3740.068910 3737.260681 3737.210477 3737.007623 3740.538296 3751.325713 3759.023391 3763.483127 3766.073838 3768.893566 3767.059170 3766.178521 3765.907384 3762.946952 3759.397273 3755.964901 3754.057366 3755.642466 3748.023122 3741.926696 3737.936999 3734.763969 3737.527612 3740.256666 3745.017416 3754.118092 3761.966880 3769.898297 3785.201154 3798.497350 3804.260584 3801.711865 3797.191181 3793.377431 3785.855924 3774.995447 3765.066631 3757.241236 3751.307069 3746.002485 3739.500656 3746.020077 3754.127960 3763.396027
3725.736728 3744.875330 3765.329546 3767.810495 3757.585785 3749.914237 3742.754722 3743.284896 3746.889978 3743.663004 3738.770713 3730.489795 3740.690534 3741.576177 3742.127673 3745.210214 3746.807958 3752.155570 3754.435837 3759.682267 3768.572947 3771.317939 3771.659846 3771.612686 3769.529334 3766.179623 3764.120668 3761.250711 3755.902571 3753.949635 3753.461768 3751.985528 3755.913232 3757.426489 3760.515071 3755.206832 3759.762402 3766.019845 3773.006624 3778.366175 3784.426263 3786.731822 3783.447481 3784.285205 3775.978036 3762.388608 3752.774802 3745.524011 3746.149458 3743.294790 3735.417714 3721.598816 3730.161086 3746.430397 3751.308654
3730.162296 3738.988261 3749.300227 3751.669718 3746.580986 3748.879985 3750.637015 3751.733541 3749.765832 3746.074990 3741.250082 3751.264289 3759.307847 3760.539742 3762.796801 3766.696394 3767.683184 3756.899464 3754.842399 3761.863784 3771.320976 3776.282856 3776.370573 3775.871746 3771.850031 3770.585329 3770.330186 3768.526041 3767.747368 3769.110723 3766.253628 3768.896728 3774.314381 3777.680168 3772.865370 3764.568586 3767.038867 3775.606683 3784.886506 3792.518820 3802.609810 3813.301655 3813.799241 3809.476916 3801.076000 3788.836337 3766.579395 3749.433367 3738.503946 3730.432219 3723.218015 3726.740034 3721.851422 3736.152193 3738.042587
3714.213026 3735.441121 3755.245896 3760.722436 3754.652677 3751.073567 3750.015875 3750.562517 3749.343069 3749.324730 3757.375254 3768.775039 3779.387120 3781.178393 3782.792846 3781.294430 3773.949446 3763.560727 3760.995871 3773.934882 3790.665770 3798.385586 3797.642221 3792.670699 3795.111020 3795.430836 3796.258046 3793.118242 3793.597562 3790.536441 3795.218789 3802.893940 3810.990494 3809.695775 3797.239586 3784.756177 3784.922473 3790.814694 3798.352088 3806.148560 3816.281936 3825.300646 3820.546428 3815.721910 3808.787913 3783.668092 3761.772667 3747.918257 3748.320664 3749.234066 3744.942764 3743.174753 3742.728012 3739.171250 3739.585881
3749.328927 3768.187833 3788.401215 3800.863024 3794.595054 3787.192661 3779.000518 3779.089738 3779.020967 3784.446608 3794.342722 3806.283018 3827.577246 3826.461716 3826.427655 3824.420946 3811.205701 3797.813151 3788.006479 3810.726986 3821.868140 3828.752312 3825.451759 3829.773169 3838.190335 3834.759122 3828.733114 3816.375386 3821.859226 3827.483117 3842.642569 3850.769393 3856.283254 3851.173890 3836.829495 3829.896118 3831.900132 3839.048504 3840.811932 3850.120855 3858.639925 3873.529406 3872.056056 3869.627367 3850.130393 3813.074408 3784.532384 3773.147721 3785.444646 3779.980709 3773.649015 3774.135405 3763.574958 3757.010779 3760.016454
3779.462902 3792.243825 3808.179992 3824.466423 3814.962843 3804.893587 3787.899337 3784.358481 3788.005373 3798.193794 3815.486344 3832.718330 3852.060479 3849.279050 3841.214085 3850.887302 3843.824785 3832.746415 3825.343387 3848.390899 3858.191227 3868.196318 3873.305723 3885.959203 3896.238281 3878.639496 3860.780016 3849.552651 3856.876934 3883.428854 3906.686372 3911.467775 3910.201910 3909.107918 3892.794277 3888.221636 3885.315550 3886.511324 3884.363676 3882.815858 3909.261354 3931.575521 3931.527944 3910.173032 3887.525090 3847.260799 3809.355454 3786.112083 3801.094789 3797.553340 3801.446707 3792.032645 3780.834976 3775.080308 3773.648235
3826.638209 3847.213991 3863.089375 3885.185965 3874.637133 3850.647571 3833.426019 3835.742363 3849.505994 3857.805446 3876.870472 3893.012479 3918.067435 3928.883877 3939.008987 3942.979377 3936.161696 3927.695796 3915.864556 3922.282920 3947.325504 3958.968582 3966.987543 3975.066697 3987.792964 3987.380446 3979.788212 3977.746016 3982.327699 3996.863937 4012.244085 4019.036834 4021.752202 4023.914955 4009.171077 3995.808569 3994.463380 3989.487633 3989.077559 3988.531284 4001.350817 4023.348798 4019.865878 3981.535283 3954.525953 3918.767653 3879.910542 3850.630876 3846.031516 3866.928321 3865.990878 3849.926688 3840.690648 3815.959843 3812.469797
3893.988469 3926.812119 3950.913641 3960.675939 3967.374904 3951.164494 3948.625951 3952.953701 3961.651737 3964.628528 3970.991587 4003.584404 4037.433712 4061.975159 4084.692547 4091.753499 4079.163455 4069.399315 4055.627410 4046.939895 4059.153525 4076.977309 4094.898286 4109.780219 4121.182567 4123.032513 4121.395671 4121.428713 4124.750346 4127.783956 4132.351421 4141.265385 4149.021749 4157.495820 4165.057997 4153.834361 4136.742204 4127.920446 4119.607893 4119.444701 4121.240743 4125.928306 4127.093693 4108.706573 4064.674209 4032.239937 3999.776068 3981.360070 3969.096774 3970.792597 3952.516582 3927.579742 3874.955686 3837.791028 3806.790922
3978.335203 4023.480315 4052.892869 4069.239216 4081.783361 4077.987081 4079.912944 4080.829543 4084.364282 4086.403472 4088.537764 4116.308898 4158.994896 4199.141191 4230.950966 4230.231779 4215.756916 4204.266504 4195.382080 4180.333442 4176.313079 4189.890664 4206.177217 4227.343926 4237.675679 4243.183815 4239.417083 4239.614111 4241.689191 4244.118903 4246.353779 4250.336531 4260.534955 4276.295287 4291.467281 4290.244154 4270.164158 4251.924544 4236.037209 4234.328060 4232.429562 4227.555330 4230.209709 4232.187899 4214.566558 4181.818126 4140.851114 4100.376152 4084.965930 4070.520767 4059.673181 4042.212836 3998.665882 3928.869422 3887.522180
4094.365697 4130.221318 4159.630805 4190.286155 4204.728862 4206.170477 4203.236560 4201.644525 4208.771598 4210.999233 4215.984975 4232.756851 4266.842891 4303.952312 4334.546053 4349.795990 4341.258121 4322.215924 4298.971001 4288.226947 4284.994751 4288.970775 4299.143327 4313.066861 4333.526312 4353.793081 4359.688717 4360.612246 4357.874504 4360.396807 4362.074632 4362.215210 4365.547060 4374.876581 4385.391872 4388.946801 4380.496311 4358.253429 4333.903697 4322.989550 4316.795405 4313.502818 4315.008707 4320.838365 4324.658324 4309.000887 4271.595678 4225.310545 4195.525162 4181.259257 4168.693951 4154.162662 4141.062824 4105.123714 4083.124435
4205.044209 4220.934472 4250.149090 4279.786618 4302.434399 4317.018013 4316.839161 4319.484274 4324.382214 4331.353970 4346.508753 4370.984263 4391.350243 4415.466953 4443.465666 4460.697762 4465.927737 4463.834597 4459.136631 4460.209014 4460.612635 4388.930847 4395.990405 4403.039607 4422.541700 4439.744971 4446.042120 4446.769632 4443.867012 4445.889723 4446.762814 4446.601121 4446.221433 4449.106158 4454.898075 4457.111721 4454.375089 4440.269355 4462.122857 4441.260185 4427.331003 4418.866742 4410.402559 4402.106398 4392.567453 4382.443363 4361.247207 4329.083189 4294.004656 4273.306501 4265.802377 4259.488262 4250.299428 4244.227370 4226.440749
4304.613832 4315.247599 4334.291747 4357.915939 4393.698552 4418.390791 4430.181018 4439.812982 4444.565135 4459.042853 4476.617855 4458.017019 4467.525296 4477.364596 4487.140985 4490.498279 4491.459551 4491.015993 4488.571989 4487.685313 4485.070469 4481.852342 4471.120021 4472.759034 4474.818644 4477.474930 4481.269945 4480.215343 4481.375200 4484.345922 4482.515789 4476.315813 4472.105063 4470.525092 4471.656923 4479.189797 4482.777868 4483.781225 4479.833886 4478.830935 4477.690871 4473.798786 4468.939590 4462.089551 4453.327005 4470.912717 4458.243213 4428.807582 4386.477134 4343.396562 4336.829666 4339.723285 4339.280564 4337.830077 4332.081852
4434.927133 4449.223376 4464.632232 4437.810220 4463.377884 4476.462417 4482.580519 4487.112703 4490.060238 4493.706850 4490.746309 4487.827505 4482.865107 4481.206633 4479.822503 4477.352297 4477.970596 4476.080403 4471.950334 4467.752738 4459.379613 4447.554556 4436.371887 4432.543011 4436.783241 4442.564368 4447.935851 4452.705692 4456.541895 4456.290313 4450.614310 4441.992085 4434.281339 4432.673725 4439.683707 4445.502535 4452.367676 4453.300751 4451.897371 4449.274574 4448.910887 4445.423323 4445.563415 4452.832887 4468.047564 4470.078318 4476.832789 4475.870894 4456.818731 4422.319272 4438.291333 4418.046589 4424.567343 4419.837118 4408.312269
4481.673643 4484.844852 4482.978755 4482.038699 4475.520070 4469.363491 4468.550674 4472.606286 4479.720915 4480.718111 4473.593493 4464.868425 4457.493954 4449.830288 4447.380884 4446.949352 4446.763107 4447.338386 4441.993398 4432.247385 4414.717106 4403.056205 4391.963085 4386.004247 4381.746329 4384.849177 4396.484213 4409.336993 4414.500845 4404.548892 4395.795636 4383.627322 4375.502696 4375.996195 4376.751457 4386.434353 4404.073359 4412.374881 4413.215674 4406.405726 4399.430746 4392.582503 4389.277085 4395.685829 4411.219838 4428.519603 4444.759304 4454.251909 4462.159340 4469.510334 4466.690688 4469.827842 4471.554064 4469.116868 4473.126143
4476.378109 4469.252500 4462.128284 4456.718271 4450.256243 4444.996146 4443.091723 4444.814285 4446.498649 4442.162553 4435.781708 4425.727008 4414.559907 4404.760149 4396.729802 4397.768619 4400.147967 4401.953740 4394.385638 4378.679614 4360.612025 4347.006751 4333.052524 4329.085992 4322.908038 4314.408044 4324.448724 4344.877741 4352.564785 4335.799744 4324.621305 4309.116828 4302.679204 4298.451544 4299.067667 4307.934080 4331.178640 4356.538625 4358.874460 4347.622928 4336.430036 4331.756255 4328.450637 4332.749508 4349.337693 4370.582618 4387.176178 4397.964312 4403.336723 4411.154282 4420.627546 4435.504089 4450.842849 4463.619833 4467.496606
4450.814431 4443.008068 4435.293982 4427.592723 4420.651803 4414.383342 4410.020807 4408.037996 4403.738076 4397.524509 4390.402608 4368.168209 4355.539811 4342.279522 4326.950246 4322.869256 4317.581807 4318.474965 4306.807465 4299.265093 4283.160642 4267.752046 4252.063478 4238.000629 4232.260839 4225.341553 4222.304766 4235.363075 4243.680310 4235.014742 4225.437166 4215.260624 4211.107501 4207.735457 4210.373329 4220.909231 4239.960228 4258.302174 4267.151701 4260.005520 4259.666022 4260.315424 4258.754179 4265.346320 4275.494890 4293.222378 4316.168676 4335.987184 4346.151341 4352.964738 4362.107292 4376.690714 4391.008029 4405.616389 4424.012269
4420.110359 4410.699740 4400.681149 4390.828026 4380.220960 4369.555729 4362.874530 4365.760541 4359.762760 4354.195026 4329.696836 4272.397359 4250.454444 4231.147892 4214.569783 4207.510330 4198.742098 4180.656815 4172.029561 4167.964498 4172.138266 4158.457748 4140.900352 4122.823272 4117.981635 4114.577885 4095.273516 4088.522275 4088.468295 4107.569594 4101.819012 4101.627620 4104.498674 4102.168702 4103.049727 4115.656866 4122.464778 4126.906835 4133.898712 4140.262507 4151.833949 4160.503931 4172.344119 4189.967863 4200.419525 4215.370688 4235.607950 4261.889639 4278.006030 4287.610588 4297.972457 4313.292022 4329.469983 4347.411332 4369.969969
4385.152779 4367.957539 4353.091872 4338.621839 4325.807400 4312.822488 4296.301616 4298.320001 4296.377353 4285.590126 4227.476511 4186.930321 4152.627291 4135.558516 4111.460178 4097.324087 4079.651003 4038.352063 4020.140905 4020.984762 4038.185866 4036.142226 4021.257921 4009.898534 4000.196477 3990.206975 3971.349437 3950.238926 3956.666369 3976.690545 3978.974717 3983.570546 3992.402545 3992.220266 3984.737662 3980.069424 3991.579211 3996.464089 4008.061352 4027.316342 4032.473526 4050.793923 4086.467619 4099.197111 4114.255067 4132.275153 4152.373531 4174.345868 4197.475405 4211.725253 4227.037933 4245.400669 4262.034886 4282.254437 4304.673928
4333.268191 4301.385828 4279.865138 4262.251499 4242.649718 4214.212956 4194.218720 4191.918372 4185.849463 4154.394942 4100.544561 4065.956884 4044.006959 4022.275520 3999.507047 3974.534641 3934.698593 3899.175933 3877.001339 3895.336890 3907.652453 3921.983578 3911.278680 3901.056304 3891.659685 3872.626325 3855.460354 3837.868232 3849.546549 3858.280436 3879.976534 3887.757453 3891.791437 3898.547370 3897.026220 3884.654180 3876.949609 3884.795702 3894.529973 3906.882204 3930.428945 3967.463155 3992.266969 4010.699814 4031.035309 4049.224967 4070.081036 4092.630787 4115.496866 4132.486713 4150.549266 4168.653297 4189.273650 4207.807513 4230.011737
4250.352390 4222.130934 4195.977920 4172.768078 4139.884100 4091.746576 4077.436705 4068.383126 4044.285689 3994.095366 3952.613202 3935.280628 3925.016398 3902.313535 3882.182603 3852.834107 3818.410881 3798.143906 3777.692680 3789.242441 3800.659339 3823.215412 3815.464865 3809.928445 3807.912109 3792.570505 3779.555962 3762.678136 3768.732278 3781.548150 3806.720997 3813.260390 3817.630526 3827.694313 3827.028104 3821.773174 3801.905125 3808.060431 3818.856814 3833.695821 3865.570501 3887.537155 3909.446171 3931.106330 3949.998768 3970.994329 3992.520535 4014.907483 4041.139166 4060.354423 4078.950153 4100.065653 4118.564805 4131.607857 4146.370859
4140.124289 4116.798336 4098.182753 4074.236285 4029.939000 3986.032997 3943.580747 3914.324323 3858.654832 3823.627149 3807.128364 3810.527253 3800.418868 3782.154266 3764.603150 3746.495073 3726.323964 3709.170835 3684.415762 3690.785905 3707.986362 3726.300991 3729.848184 3732.346949 3731.656747 3723.157188 3709.970244 3696.467010 3700.335809 3718.043740 3736.419273 3747.243058 3755.287509 3763.072927 3762.612067 3752.182811 3741.488916 3745.745715 3761.133915 3776.877481 3793.104222 3812.746854 3832.653601 3852.384511 3874.160268 3895.890595 3917.857836 3941.783169 3967.824678 3988.688320 4011.620179 4035.231760 4050.381606 4057.623429 4063.257865
4036.773126 4018.839676 3996.440324 3969.033617 3927.088660 3888.377247 3848.351978 3799.395724 3766.962131 3739.813395 3736.612072 3723.295540 3712.486899 3700.286559 3681.427559 3667.042854 3654.460858 3634.394144 3627.266133 3635.756816 3649.877179 3657.693054 3666.059465 3664.668259 3662.972737 3658.228736 3644.514500 3642.120373 3652.658150 3667.840384 3681.216843 3693.151333 3700.044236 3704.787278 3701.482566 3691.820136 3689.383651 3697.259758 3712.306751 3724.882690 3738.255903 3757.737770 3776.368493 3796.729510 3817.913421 3838.550851 3861.622565 3885.423468 3910.242690 3936.534807 3957.518764 3974.169920 3981.176744 3988.965213 3985.596209
3912.855217 3903.527447 3878.434489 3850.667273 3823.194875 3792.503499 3770.882021 3741.303317 3712.998085 3685.841189 3661.385757 3651.872172 3648.192854 3637.486478 3622.660150 3613.474383 3599.573248 3592.661010 3601.329132 3602.767600 3610.476567 3608.227012 3609.759539 3607.952650 3607.905345 3606.650958 3602.082580 3615.465190 3621.751502 3634.757697 3644.499681 3654.207375 3659.722775 3662.942528 3664.209368 3660.356845 3666.539073 3671.848069 3684.666845 3694.910150 3707.069583 3725.645662 3741.107916 3758.414200 3779.043567 3800.373416 3822.446716 3846.433524 3872.847021 3895.739743 3911.350744 3915.801006 3922.960585 3921.693805 3907.637190
