tests/Borden05m/sims/sim_1/output-maps/psiliqL0007N0016.asc
ncols         160
nrows         34
xllcorner     620200.000000
yllcorner     5168000.000000
cellsize      0.500000
NODATA_value  -9999.0
[rows 0 to 24 of 34, columns 0 to 56 of 160]
-9999.0 -9999.0 -9999.0 -9999.0 -9999.0 -9999.0 -9999.0 -9999.0 -9999.0 -9999.0 -9999.0 -9999.0 -9999.0 -9999.0 -9999.0 -9999.0 -9999.0 -9999.0 -9999.0 -9999.0 -9999.0 -9999.0 -9999.0 -9999.0 -9999.0 -9999.0 -9999.0 -9999.0 -9999.0 -9999.0 -9999.0 -9999.0 -9999.0 -9999.0 -9999.0 -9999.0 -9999.0 -9999.0 -9999.0 -9999.0 -9999.0 -9999.0 -9999.0 -9999.0 -9999.0 -9999.0 -9999.0 -9999.0 -9999.0 -9999.0 -9999.0 -9999.0 -9999.0 -9999.0 -9999.0 -9999.0 -9999.0
-9999.0 -9999.0 -9999.0 -9999.0 -9999.0 -9999.0 -9999.0 -9999.0 -9999.0 -9999.0 -9999.0 -9999.0 -9999.0 -9999.0 -9999.0 -9999.0 -9999.0 -9999.0 -9999.0 -9999.0 -9999.0 -9999.0 -9999.0 -9999.0 -9999.0 -9999.0 -9999.0 -9999.0 -9999.0 -9999.0 -9999.0 -9999.0 -9999.0 -9999.0 -9999.0 -9999.0 -9999.0 -9999.0 -9999.0 -9999.0 -9999.0 -9999.0 -9999.0 -9999.0 -9999.0 -9999.0 -9999.0 -9999.0 -9999.0 -9999.0 -9999.0 -9999.0 -9999.0 -9999.0 -9999.0 -9999.0 -9999.0
-9999.0 -9999.0 -9999.0 -9999.0 -9999.0 -9999.0 -9999.0 -9999.0 -9999.0 -9999.0 -9999.0 -9999.0 -9999.0 -9999.0 -9999.0 -9999.0 -9999.0 -9999.0 -9999.0 -9999.0 -9999.0 -9999.0 -9999.0 -9999.0 -9999.0 -9999.0 -9999.0 -9999.0 -9999.0 -9999.0 -9999.0 -9999.0 -9999.0 -9999.0 -9999.0 -9999.0 -9999.0 -9999.0 -9999.0 -9999.0 -9999.0 -9999.0 -9999.0 -9999.0 -9999.0 -9999.0 -9999.0 -519.766628 -537.430221 -554.639101 -556.240060 -533.388142 -510.247115 -486.878319 -466.683519 -448.240729 -429.379788
-9999.0 -9999.0 -9999.0 -9999.0 -9999.0 -9999.0 -9999.0 -9999.0 -9999.0 -9999.0 -9999.0 -9999.0 -9999.0 -9999.0 -9999.0 -9999.0 -9999.0 -9999.0 -9999.0 -9999.0 -9999.0 -9999.0 -9999.0 -9999.0 -9999.0 -9999.0 -9999.0 -9999.0 -9999.0 -9999.0 -9999.0 -9999.0 -9999.0 -9999.0 -9999.0 -9999.0 -9999.0 -9999.0 -9999.0 -9999.0 -472.176996 -466.407724 -464.766538 -475.922245 -487.446126 -499.275705 -519.266352 -537.327145 -553.333250 -556.508709 -554.144664 -548.362286 -525.286793 -501.431957 -482.335359 -465.092254 -446.201626
-9999.0 -9999.0 -9999.0 -9999.0 -9999.0 -9999.0 -9999.0 -9999.0 -9999.0 -9999.0 -9999.0 -9999.0 -9999.0 -9999.0 -9999.0 -9999.0 -9999.0 -9999.0 -9999.0 -9999.0 -9999.0 -9999.0 -9999.0 -9999.0 -9999.0 -9999.0 -9999.0 -9999.0 -9999.0 -9999.0 -9999.0 -9999.0 -9999.0 -9999.0 -563.503393 -545.958782 -528.055203 -510.050778 -493.773524 -487.451297 -481.684990 -475.976286 -480.154013 -485.267613 -496.823590 -515.431328 -535.457374 -550.142474 -553.216163 -556.149978 -551.956291 -538.931996 -522.581390 -506.359633 -485.748249 -463.104828 -454.280059
-9999.0 -9999.0 -9999.0 -9999.0 -9999.0 -9999.0 -9999.0 -9999.0 -9999.0 -9999.0 -9999.0 -9999.0 -9999.0 -9999.0 -9999.0 -9999.0 -9999.0 -9999.0 -9999.0 -9999.0 -9999.0 -9999.0 -9999.0 -9999.0 -9999.0 -9999.0 -9999.0 -9999.0 -558.141333 -564.250626 -569.738932 -571.556452 -573.175887 -574.726020 -567.941587 -555.672859 -537.467002 -516.347459 -503.954724 -497.150774 -490.955460 -490.397933 -495.419119 -497.987880 -498.173458 -510.099311 -522.010905 -533.202979 -543.977858 -545.336906 -536.042350 -522.627134 -507.078369 -492.765625 -477.928037 -464.580501 -449.799639
-9999.0 -9999.0 -9999.0 -9999.0 -9999.0 -9999.0 -9999.0 -9999.0 -9999.0 -9999.0 -9999.0 -9999.0 -9999.0 -9999.0 -9999.0 -9999.0 -9999.0 -9999.0 -9999.0 -9999.0 -9999.0 -9999.0 -9999.0 -586.684731 -580.627667 -574.373301 -567.330847 -566.751429 -571.420112 -577.455689 -581.055127 -583.026281 -584.913423 -580.907872 -572.667655 -559.182775 -543.518552 -522.332875 -514.099297 -507.604933 -495.397016 -493.721509 -489.672834 -486.092181 -488.355519 -491.293959 -503.368172 -512.318785 -506.578722 -500.577618 -494.683205 -487.791598 -475.319996 -459.906657 -442.207120 -421.428632 -399.482140
-9999.0 -9999.0 -9999.0 -9999.0 -9999.0 -9999.0 -9999.0 -9999.0 -9999.0 -9999.0 -9999.0 -9999.0 -9999.0 -9999.0 -9999.0 -9999.0 -9999.0 -9999.0 -9999.0 -611.054128 -610.438300 -609.752941 -605.478180 -604.666642 -602.635392 -595.882801 -588.037791 -586.389635 -588.262212 -590.392699 -589.238546 -586.985928 -583.266438 -572.029393 -558.487222 -544.685511 -530.779970 -510.302915 -495.927821 -482.219920 -466.366091 -468.434324 -473.528147 -476.299744 -476.346877 -475.989408 -469.584360 -465.802945 -460.479852 -454.435195 -447.408766 -438.902549 -428.551853 -409.897367 -388.993377 -367.527124 -346.479503
-9999.0 -9999.0 -9999.0 -9999.0 -9999.0 -9999.0 -9999.0 -9999.0 -9999.0 -9999.0 -9999.0 -9999.0 -9999.0 -9999.0 -9999.0 -9999.0 -638.889805 -637.230758 -635.441321 -630.386973 -628.336169 -624.723833 -618.222982 -617.579256 -614.034235 -607.301130 -602.635493 -594.590254 -587.222487 -580.270896 -574.761924 -572.503451 -565.069819 -555.751206 -544.181441 -528.717639 -507.008594 -484.813763 -468.890889 -452.628149 -436.239789 -436.476110 -438.193931 -437.555747 -436.952899 -428.553776 -409.855168 -403.275820 -398.869882 -378.531297 -363.331540 -357.264589 -349.470525 -330.410836 -304.252154 -272.813982 -233.914569
-9999.0 -9999.0 -9999.0 -9999.0 -9999.0 -9999.0 -9999.0 -9999.0 -9999.0 -9999.0 -9999.0 -9999.0 -9999.0 -682.300114 -678.321104 -669.542827 -662.012343 -660.212858 -656.785836 -651.593833 -639.821068 -636.745440 -630.921892 -623.666525 -612.817209 -604.767076 -595.920795 -584.556630 -576.469770 -569.681849 -562.932043 -556.401574 -542.834527 -527.651030 -511.912045 -491.885419 -470.671920 -449.610535 -428.379652 -413.508406 -399.017407 -395.058523 -397.345412 -395.981068 -387.292491 -367.605785 -346.617271 -331.079236 -305.447143 -277.615912 -259.336114 -242.724695 -230.735699 -214.880426 -188.362782 -141.741598 -94.790126
-9999.0 -9999.0 -9999.0 -9999.0 -9999.0 -9999.0 -9999.0 -9999.0 -9999.0 -9999.0 -717.772400 -715.234808 -718.907224 -718.061601 -713.884019 -702.456530 -689.837508 -683.220141 -672.557680 -652.578863 -636.088516 -633.063174 -618.549005 -609.119617 -603.065594 -592.729364 -579.978108 -567.269787 -550.131776 -537.760114 -525.133152 -504.358245 -488.190429 -472.160276 -454.799161 -435.316862 -413.706335 -382.215248 -353.352269 -337.255812 -310.243236 -293.061469 -295.711989 -294.956249 -285.633843 -263.330978 -232.250785 -196.177475 -164.072458 -128.049240 -100.006746 -81.194989 -67.363203 -51.875633 -33.553513 -0.705711 37.738499
-9999.0 -9999.0 -9999.0 -9999.0 -9999.0 -9999.0 -9999.0 -9999.0 -741.352323 -734.857622 -728.701602 -731.990357 -737.064382 -740.389167 -727.964125 -712.578048 -697.119769 -680.769268 -665.325353 -648.082057 -632.827782 -616.553690 -597.841393 -586.421398 -574.922771 -560.184990 -546.862062 -529.029927 -507.978063 -493.004942 -473.487616 -451.471881 -431.563064 -413.243280 -394.370375 -374.922844 -343.285603 -304.596111 -266.086962 -233.794708 -197.846898 -164.865210 -161.105775 -154.986872 -146.236211 -111.870920 -73.228877 -36.458316 -5.135905 24.608191 54.025594 70.732988 81.645670 94.705619 110.514408 126.107876 149.583103
-9999.0 -9999.0 -9999.0 -9999.0 -9999.0 -9999.0 -766.341957 -742.519840 -728.125276 -736.129549 -743.975040 -747.438787 -751.015145 -733.350634 -712.635165 -696.404841 -680.315987 -663.619054 -647.938378 -633.198688 -597.969509 -582.472611 -567.760794 -547.863691 -534.407091 -520.894655 -503.845236 -480.262091 -456.621821 -422.451193 -390.110112 -360.334202 -330.978387 -308.120376 -285.991206 -261.348807 -220.973916 -171.822360 -123.140041 -83.449964 -49.515764 -16.812153 -5.040271 2.272508 11.564285 30.281891 59.979132 89.979987 123.725302 155.429542 179.641267 190.924950 200.961704 212.231785 225.841377 239.902918 255.356464
-9999.0 -9999.0 -9999.0 -9999.0 -799.307822 -778.601632 -758.145996 -727.563146 -705.268930 -711.105171 -703.908480 -703.522036 -704.952130 -703.234552 -698.325079 -680.989900 -664.068269 -647.044861 -628.519866 -590.180933 -549.374306 -532.734473 -505.461554 -473.226333 -459.175317 -444.385790 -428.864872 -404.800235 -372.458927 -332.919790 -278.000663 -227.874351 -191.939238 -160.146304 -131.682233 -100.293863 -60.979760 -19.034359 19.031978 53.794852 84.201327 108.716278 123.897249 132.694756 144.031383 158.360582 177.267712 203.067232 232.482893 265.398054 290.959355 306.025563 314.179439 324.409615 336.240422 351.554710 369.879422
-9999.0 -9999.0 -9999.0 -845.157487 -807.019776 -770.792124 -743.444642 -712.805570 -681.730490 -675.186556 -667.423870 -660.832994 -653.999640 -645.294612 -635.195956 -619.519728 -606.489014 -595.147680 -574.838387 -538.232044 -501.582742 -465.861908 -431.990703 -398.320665 -372.558315 -354.875543 -336.263277 -307.942162 -260.904548 -209.418471 -143.041209 -76.760283 -32.355340 -4.271283 16.781100 42.590403 66.716860 100.303824 133.164735 163.850989 193.777891 218.348978 239.481664 250.033608 258.310156 268.022359 285.273731 306.264400 329.069162 361.804553 389.995402 410.855533 422.530923 430.625835 444.900494 459.563955 471.994875
-9999.0 -9999.0 -891.067673 -854.641146 -819.169794 -767.269816 -715.210406 -682.384698 -641.896147 -616.544336 -609.488375 -590.501539 -573.344862 -564.682725 -547.374047 -529.933217 -517.943688 -515.687198 -504.238444 -466.672070 -409.683055 -354.757495 -312.424606 -245.895242 -204.413483 -176.050828 -158.016564 -126.046647 -85.553471 -34.697273 17.064397 66.526070 105.764161 136.271998 150.536427 167.182214 189.991836 212.752430 243.058087 271.026479 298.746384 323.796986 347.796803 362.921175 366.350010 383.542726 404.596146 425.861595 446.754430 467.259463 481.764517 485.394524 486.954173 488.224215 489.797999 491.119155 492.028926
-9999.0 -9999.0 -915.378563 -871.882383 -828.405698 -757.266472 -683.166038 -645.606145 -602.641080 -558.812106 -539.668276 -516.142428 -495.145734 -474.558310 -449.882333 -424.655819 -421.226117 -418.896744 -419.052977 -361.003273 -293.392743 -211.414061 -120.373144 -51.606512 -8.750486 2.957601 11.524004 30.647951 56.594116 100.472077 150.770272 201.556973 243.906861 272.258325 286.496078 301.535052 322.167850 345.689141 363.485879 395.483736 415.351073 436.004592 458.689936 478.108601 484.868502 486.864220 484.794782 487.341271 489.156119 489.949152 489.994175 486.530539 485.150921 486.358120 487.647815 482.957337 476.402579
-9999.0 -1000.725798 -949.115042 -894.624221 -823.516869 -753.454859 -666.284891 -584.963331 -536.592299 -495.436118 -466.755208 -444.128180 -383.412256 -327.919954 -296.507648 -262.581808 -264.729430 -267.340828 -273.932555 -222.796269 -150.179465 -46.604316 69.866095 125.618810 159.706139 165.369665 163.180765 177.631787 203.105336 241.979779 300.949404 346.782802 389.769673 420.603932 431.179682 434.892712 449.654917 467.959820 478.090052 485.779237 488.864807 491.510812 489.341395 490.441659 490.905165 490.868044 487.388112 480.870368 472.409072 464.868003 459.747695 453.769064 453.145104 458.760533 460.500154 453.471584 444.356788
-9999.0 -1034.162781 -973.611069 -900.645816 -828.176016 -747.818529 -632.298866 -506.998028 -461.868912 -427.284438 -393.288465 -335.417155 -233.654027 -151.698508 -106.925580 -64.160316 -65.830117 -76.363749 -75.622921 -36.840606 22.069240 100.590869 220.999204 301.291531 318.562327 331.839216 341.101658 363.409891 391.791582 417.958178 441.965775 461.358828 471.478742 475.789493 477.303699 477.919480 479.153675 479.945554 477.457246 474.348952 470.161860 470.575909 474.344476 474.099066 470.868486 466.261104 459.002783 449.808086 441.145507 429.398577 422.864182 417.606622 414.488614 415.349975 411.514522 405.378214 395.280492
-9999.0 -1056.372092 -987.943258 -921.468770 -844.688496 -716.045995 -594.969178 -467.741407 -378.099969 -335.461637 -271.328195 -161.713122 -57.617556 24.281113 67.978717 90.563220 101.827187 97.320544 116.128126 164.977967 235.560310 319.275966 378.967088 437.406121 449.052016 452.013324 447.516342 451.048832 454.672990 456.282064 458.018697 458.440452 465.250678 468.590769 467.362592 463.240678 457.548688 449.594924 444.540637 441.453555 437.827245 437.763792 440.830757 440.904856 436.247013 426.049033 417.084553 408.483925 399.482922 388.772045 382.191073 376.586018 373.320602 368.688462 363.781466 357.544865 344.455308
-9999.0 -1139.037626 -1056.694090 -992.315731 -850.821687 -688.527865 -565.779766 -410.032605 -268.654398 -202.047521 -90.650567 13.031135 98.149854 154.998104 192.990495 232.233631 259.131165 285.653661 320.979194 339.837270 399.585776 438.866523 452.012991 458.242563 453.757520 453.990748 444.053868 423.988826 413.572877 407.190344 408.699945 414.147021 424.911385 432.255035 428.994978 423.346433 418.214809 412.696766 408.478686 400.468166 392.914131 387.711873 386.622465 391.286502 384.421227 377.220930 368.492574 358.692166 348.381217 338.548505 329.526777 321.783558 318.123955 312.154948 310.443895 303.148981 277.797401
-9999.0 -1219.651905 -1140.080234 -1030.549311 -874.254111 -711.478530 -559.680310 -383.577962 -173.625707 -54.429038 41.435849 91.330794 153.096974 213.401902 272.156239 306.167740 324.529946 332.515949 338.935811 350.628987 342.226298 355.485105 377.087406 400.953728 408.189756 408.669072 392.799115 378.146188 370.189437 369.032400 368.164118 367.912019 369.594798 369.006942 364.869570 362.996781 364.149561 357.235878 349.272058 341.873561 335.258448 327.654394 322.364894 319.192075 316.081484 313.872920 305.121855 293.861380 282.653800 273.711760 265.156458 258.563341 255.956286 251.231276 244.913237 234.454177 208.583956
-9999.0 -1302.627326 -1189.760986 -1083.575915 -943.054494 -801.868484 -661.519191 -489.387013 -314.521181 -82.067603 85.287875 125.949247 151.477087 191.498471 247.714403 300.897563 306.696781 279.447243 257.472020 250.044694 260.580743 279.246698 298.394347 320.438346 335.263029 341.610545 337.964725 327.443891 313.530283 305.870901 301.722968 294.379794 289.375819 289.108420 287.190840 290.948391 292.561034 282.880548 270.636502 256.346683 243.858906 234.510403 231.262028 231.545356 230.468736 226.682288 219.025780 208.724227 196.463729 185.332084 177.086446 171.248545 165.144990 156.814304 147.486469 137.033508 113.034475
-9999.0 -9999.0 -1257.261030 -1144.431908 -1025.892024 -895.258096 -762.858421 -603.021878 -442.421483 -231.468458 -95.795015 -3.206263 47.768396 86.885497 136.555021 180.768075 189.940177 199.309885 177.785442 180.668323 188.940074 198.611696 211.838277 225.928167 238.754122 246.519334 250.413206 247.537997 238.172359 223.562373 207.186985 194.863155 187.409809 181.882702 188.678943 198.061863 195.824554 189.120272 178.028578 163.575269 151.351160 138.978088 135.477327 136.005969 135.656864 132.456438 127.166932 114.935654 102.427158 89.981192 83.833175 77.685511 71.676793 61.094047 49.957312 37.110962 14.039184
-9999.0 -9999.0 -1338.333848 -1226.035207 -1102.519130 -974.974638 -863.969484 -747.915879 -585.990248 -458.911034 -348.996025 -249.786762 -164.340411 -101.806772 -57.397348 -7.001436 17.958666 29.173958 35.849400 51.919505 73.343540 94.203756 108.896165 121.836405 134.326966 144.660212 152.403265 142.619121 132.523258 117.498000 98.837250 78.597814 67.677168 62.168504 65.626194 71.952023 67.038098 57.317497 43.576690 27.615600 14.709474 2.593080 -1.564282 -3.725937 -4.636020 -7.568877 -11.372604 -21.397215 -34.410897 -44.454460 -53.488293 -61.294352 -66.170197 -75.776900 -88.270216 -99.011605 -123.811981
