tests/Borden05m/sims/sim_1/output-maps/psiliqL0002N0002.asc
ncols         160
nrows         34
xllcorner     620200.000000
yllcorner     5168000.000000
cellsize      0.500000
NODATA_value  -9999.0
[rows 0 to 24 of 34, columns 0 to 56 of 160]
-9999.0 -9999.0 -9999.0 -9999.0 -9999.0 -9999.0 -9999.0 -9999.0 -9999.0 -9999.0 -9999.0 -9999.0 -9999.0 -9999.0 -9999.0 -9999.0 -9999.0 -9999.0 -9999.0 -9999.0 -9999.0 -9999.0 -9999.0 -9999.0 -9999.0 -9999.0 -9999.0 -9999.0 -9999.0 -9999.0 -9999.0 -9999.0 -9999.0 -9999.0 -9999.0 -9999.0 -9999.0 -9999.0 -9999.0 -9999.0 -9999.0 -9999.0 -9999.0 -9999.0 -9999.0 -9999.0 -9999.0 -9999.0 -9999.0 -9999.0 -9999.0 -9999.0 -9999.0 -9999.0 -9999.0 -9999.0 -9999.0
-9999.0 -9999.0 -9999.0 -9999.0 -9999.0 -9999.0 -9999.0 -9999.0 -9999.0 -9999.0 -9999.0 -9999.0 -9999.0 -9999.0 -9999.0 -9999.0 -9999.0 -9999.0 -9999.0 -9999.0 -9999.0 -9999.0 -9999.0 -9999.0 -9999.0 -9999.0 -9999.0 -9999.0 -9999.0 -9999.0 -9999.0 -9999.0 -9999.0 -9999.0 -9999.0 -9999.0 -9999.0 -9999.0 -9999.0 -9999.0 -9999.0 -9999.0 -9999.0 -9999.0 -9999.0 -9999.0 -9999.0 -9999.0 -9999.0 -9999.0 -9999.0 -9999.0 -9999.0 -9999.0 -9999.0 -9999.0 -9999.0
-9999.0 -9999.0 -9999.0 -9999.0 -9999.0 -9999.0 -9999.0 -9999.0 -9999.0 -9999.0 -9999.0 -9999.0 -9999.0 -9999.0 -9999.0 -9999.0 -9999.0 -9999.0 -9999.0 -9999.0 -9999.0 -9999.0 -9999.0 -9999.0 -9999.0 -9999.0 -9999.0 -9999.0 -9999.0 -9999.0 -9999.0 -9999.0 -9999.0 -9999.0 -9999.0 -9999.0 -9999.0 -9999.0 -9999.0 -9999.0 -9999.0 -9999.0 -9999.0 -9999.0 -9999.0 -9999.0 -9999.0 -600.304581 -606.663697 -614.456140 -616.675727 -607.901677 -604.123458 -600.679442 -598.468178 -596.475081 -593.391243
-9999.0 -9999.0 -9999.0 -9999.0 -9999.0 -9999.0 -9999.0 -9999.0 -9999.0 -9999.0 -9999.0 -9999.0 -9999.0 -9999.0 -9999.0 -9999.0 -9999.0 -9999.0 -9999.0 -9999.0 -9999.0 -9999.0 -9999.0 -9999.0 -9999.0 -9999.0 -9999.0 -9999.0 -9999.0 -9999.0 -9999.0 -9999.0 -9999.0 -9999.0 -9999.0 -9999.0 -9999.0 -9999.0 -9999.0 -9999.0 -601.195964 -598.317485 -595.934972 -600.064149 -601.767703 -601.354818 -605.791184 -611.044618 -616.493573 -614.773512 -614.667899 -618.638032 -612.618159 -607.845222 -606.286049 -605.057728 -601.145285
-9999.0 -9999.0 -9999.0 -9999.0 -9999.0 -9999.0 -9999.0 -9999.0 -9999.0 -9999.0 -9999.0 -9999.0 -9999.0 -9999.0 -9999.0 -9999.0 -9999.0 -9999.0 -9999.0 -9999.0 -9999.0 -9999.0 -9999.0 -9999.0 -9999.0 -9999.0 -9999.0 -9999.0 -9999.0 -9999.0 -9999.0 -9999.0 -9999.0 -9999.0 -614.495283 -608.865287 -606.454485 -604.202732 -600.770166 -602.020138 -603.103406 -600.550505 -602.858695 -602.909665 -605.751771 -611.180913 -616.671475 -619.759875 -616.324769 -617.416935 -617.428137 -614.582824 -612.852011 -612.276850 -608.408200 -602.231778 -605.497318
-9999.0 -9999.0 -9999.0 -9999.0 -9999.0 -9999.0 -9999.0 -9999.0 -9999.0 -9999.0 -9999.0 -9999.0 -9999.0 -9999.0 -9999.0 -9999.0 -9999.0 -9999.0 -9999.0 -9999.0 -9999.0 -9999.0 -9999.0 -9999.0 -9999.0 -9999.0 -9999.0 -9999.0 -605.980030 -608.174563 -609.854391 -609.726553 -610.508213 -613.591744 -614.421603 -613.913845 -610.954115 -606.186758 -605.471284 -606.122011 -605.796890 -606.961572 -610.220275 -610.529573 -606.868103 -610.163949 -611.684356 -613.849384 -619.517146 -620.934796 -617.681877 -614.608053 -612.013295 -611.463277 -611.205826 -611.473975 -611.128697
-9999.0 -9999.0 -9999.0 -9999.0 -9999.0 -9999.0 -9999.0 -9999.0 -9999.0 -9999.0 -9999.0 -9999.0 -9999.0 -9999.0 -9999.0 -9999.0 -9999.0 -9999.0 -9999.0 -9999.0 -9999.0 -9999.0 -9999.0 -609.756375 -607.708519 -606.966483 -605.184035 -606.108700 -610.443912 -613.213007 -614.405051 -615.398472 -617.765082 -618.041258 -618.131176 -616.663790 -615.620572 -610.543299 -613.190745 -614.927456 -610.591277 -611.650851 -608.725516 -605.450979 -606.212052 -605.476341 -611.553075 -616.142940 -611.309102 -609.409768 -609.695792 -610.847550 -609.400498 -607.500318 -605.166016 -601.092121 -596.009452
-9999.0 -9999.0 -9999.0 -9999.0 -9999.0 -9999.0 -9999.0 -9999.0 -9999.0 -9999.0 -9999.0 -9999.0 -9999.0 -9999.0 -9999.0 -9999.0 -9999.0 -9999.0 -9999.0 -609.542043 -610.183142 -611.463751 -610.961084 -615.185188 -616.985165 -615.794105 -613.541422 -614.878715 -617.309452 -619.394876 -619.137667 -618.849406 -619.374609 -616.203283 -613.671657 -612.889518 -613.686188 -609.766751 -608.702827 -606.582871 -600.825889 -604.688737 -608.465933 -610.457086 -610.610441 -611.794910 -608.311461 -607.274531 -607.017588 -607.578229 -607.662650 -606.896212 -606.560293 -602.166121 -598.339095 -595.449419 -592.974477
-9999.0 -9999.0 -9999.0 -9999.0 -9999.0 -9999.0 -9999.0 -9999.0 -9999.0 -9999.0 -9999.0 -9999.0 -9999.0 -9999.0 -9999.0 -9999.0 -610.054950 -610.406637 -611.992929 -614.581076 -616.830320 -616.874221 -615.128221 -618.288020 -619.346401 -618.643955 -620.059218 -618.484161 -616.801651 -614.799592 -613.911039 -616.174616 -615.801959 -616.178610 -616.509928 -615.585015 -611.147660 -607.156880 -606.494474 -603.733932 -598.650867 -601.737523 -602.975548 -602.793097 -604.801840 -603.402233 -595.832601 -597.373589 -601.202324 -593.605625 -589.880018 -591.838656 -593.008931 -588.563710 -582.119602 -574.669103 -562.749022
-9999.0 -9999.0 -9999.0 -9999.0 -9999.0 -9999.0 -9999.0 -9999.0 -9999.0 -9999.0 -9999.0 -9999.0 -9999.0 -610.825726 -611.153936 -610.689638 -614.726004 -617.890148 -619.810092 -622.505385 -619.043563 -621.519266 -622.309535 -621.725272 -618.647953 -618.602808 -618.283473 -616.392201 -617.085364 -618.044720 -618.981950 -620.946962 -618.481151 -616.050829 -614.444828 -610.997494 -608.486239 -606.709272 -603.124212 -602.727650 -600.472992 -601.698181 -604.799047 -605.502242 -603.250051 -596.582114 -591.971580 -591.114685 -582.918547 -575.108998 -572.508329 -568.262995 -566.945549 -565.155245 -559.784481 -543.747386 -527.453062
-9999.0 -9999.0 -9999.0 -9999.0 -9999.0 -9999.0 -9999.0 -9999.0 -9999.0 -9999.0 -617.180763 -615.053747 -618.222046 -624.142922 -626.699857 -625.323561 -623.867880 -626.092680 -625.998901 -619.828209 -616.479989 -622.223901 -618.304737 -618.262275 -620.714188 -620.131501 -618.579749 -618.395429 -614.773189 -614.719915 -614.812706 -608.993566 -607.652666 -606.218780 -604.216713 -602.125570 -600.585344 -592.722514 -586.377472 -587.505528 -578.701114 -573.525224 -578.730405 -580.767536 -580.048321 -574.848024 -566.675397 -555.800220 -548.553777 -537.140720 -527.535649 -521.656721 -517.437522 -511.933616 -505.879993 -489.330634 -464.268496
-9999.0 -9999.0 -9999.0 -9999.0 -9999.0 -9999.0 -9999.0 -9999.0 -625.825244 -622.397958 -620.263163 -622.973087 -626.604652 -633.225365 -630.661650 -628.193394 -626.529425 -624.049265 -622.890115 -621.936175 -623.467036 -621.406699 -617.583041 -618.690761 -618.315814 -615.865549 -615.892076 -613.798412 -610.551079 -612.420103 -610.874725 -608.119107 -605.788146 -603.765219 -601.339175 -600.265655 -592.613491 -582.974605 -573.491023 -566.449725 -556.528575 -544.655805 -547.689978 -547.282672 -548.058837 -535.068283 -520.253123 -504.247940 -487.299887 -467.284673 -442.174633 -426.521566 -416.128537 -403.900391 -388.550489 -373.137285 -335.887466
-9999.0 -9999.0 -9999.0 -9999.0 -9999.0 -9999.0 -631.054403 -623.402009 -619.730927 -628.284121 -634.957980 -637.204033 -641.196895 -632.423077 -624.849416 -623.432115 -622.338437 -621.038213 -621.796287 -626.767935 -615.596635 -618.690800 -621.008487 -617.748208 -618.082348 -617.874002 -615.879653 -611.344028 -609.668537 -601.020159 -595.373885 -590.860881 -584.520518 -581.178975 -577.860130 -574.421865 -563.727038 -549.984972 -535.509069 -522.868551 -509.899935 -493.368351 -488.131287 -485.405008 -480.611177 -470.061908 -447.001394 -416.299636 -374.472793 -313.535068 -200.751874 -144.485528 -125.013991 -114.248835 -103.806953 -92.005050 -72.979793
-9999.0 -9999.0 -9999.0 -9999.0 -626.940501 -625.216969 -626.618326 -619.977512 -615.438104 -625.727785 -622.018618 -623.858896 -627.271365 -631.415493 -636.361937 -632.723464 -630.614228 -629.188749 -629.865932 -618.966252 -609.880928 -616.041312 -611.706189 -603.264892 -605.498667 -604.748599 -604.565596 -601.196557 -595.174056 -588.139235 -571.826503 -558.858110 -552.375128 -544.995473 -538.422277 -529.567874 -515.447564 -496.636258 -475.294278 -450.120965 -420.150161 -393.650551 -375.222871 -365.341995 -349.265228 -320.135687 -236.339639 -145.498545 -98.997311 -57.235653 -13.000514 11.806803 13.167865 13.665388 14.079537 14.639239 15.303189
-9999.0 -9999.0 -9999.0 -631.778293 -624.140119 -621.345399 -624.942181 -623.575934 -617.922113 -623.490943 -624.511412 -625.496854 -626.087060 -625.963788 -626.410417 -624.358131 -623.947483 -625.433760 -623.914397 -617.602805 -615.085002 -610.419760 -607.230929 -602.379528 -598.270068 -597.063255 -595.038892 -589.566006 -575.472692 -563.168124 -542.873287 -517.289497 -498.109356 -484.856899 -474.675945 -458.037177 -439.376079 -408.247726 -367.288684 -296.313866 -168.180696 -119.742026 -97.422755 -89.877915 -80.671990 -66.205639 -33.537354 -0.607362 13.236460 15.017050 16.856165 18.203124 18.758093 18.955788 19.629627 20.261809 20.820588
-9999.0 -9999.0 -630.557766 -626.150484 -629.108462 -623.696621 -617.734968 -621.907547 -614.912506 -612.738528 -619.769430 -615.813961 -613.839684 -618.232319 -615.583260 -612.661726 -611.100212 -616.190007 -619.900523 -613.003085 -598.419938 -588.170730 -585.830108 -562.512002 -552.438180 -545.839668 -544.498934 -535.317556 -523.023689 -499.760695 -468.779175 -427.828462 -388.280882 -349.655772 -325.854166 -276.834817 -175.033807 -133.708006 -97.613189 -58.536334 -11.142957 12.881802 14.293678 14.621491 14.774656 15.709854 17.188028 18.635556 19.760702 20.718802 31.238043 31.419471 31.319227 31.099103 31.000257 30.739469 30.679981
-9999.0 -9999.0 -635.670641 -628.352555 -633.354624 -622.165313 -611.867999 -621.836742 -618.810566 -608.612903 -611.459165 -610.413139 -612.244559 -612.280277 -608.426856 -600.342867 -604.738397 -606.194800 -616.100441 -594.758644 -579.163351 -557.850034 -523.119537 -495.207682 -473.627847 -473.306088 -472.770588 -459.323564 -437.701310 -393.914831 -306.598954 -170.354006 -112.152003 -82.108881 -63.516331 -37.368573 -2.396867 13.148349 14.266254 16.571372 17.917143 19.112614 20.236651 26.292571 31.745500 31.726257 31.342250 31.282731 31.125121 30.978370 30.544384 27.268659 26.341344 26.755504 27.577884 23.173912 20.482965
-9999.0 -637.678630 -633.916653 -633.609059 -626.221171 -628.533252 -620.020475 -608.123541 -608.760285 -604.708826 -604.904402 -612.496953 -592.468331 -576.881989 -573.762593 -561.444470 -567.993596 -571.586340 -582.449615 -566.987096 -546.042841 -494.906510 -396.655579 -332.124494 -274.640386 -262.399815 -263.128439 -189.185436 -148.813378 -110.057281 -48.349036 0.447887 15.227626 17.306053 17.950410 18.236921 19.473914 20.838394 34.462144 36.359325 36.246125 36.284885 31.187110 31.120073 31.097043 31.091267 28.181175 22.572299 20.265513 19.988833 19.835655 19.483269 19.757158 20.101338 20.397818 19.867969 19.606758
-9999.0 -648.981075 -634.508828 -626.074418 -629.218072 -635.092537 -615.684296 -587.686337 -598.335712 -601.732816 -604.430195 -592.492311 -555.743495 -528.306372 -512.793888 -489.473236 -493.525573 -503.811832 -502.718056 -477.387488 -437.000866 -354.287927 -147.142598 -52.298432 -34.477660 -17.902914 -6.421004 13.664057 15.854776 17.405416 18.781060 25.192069 27.125155 26.981110 26.923041 26.947113 26.916074 26.812759 23.368648 20.460197 19.940789 19.975834 20.567206 20.535380 20.205744 20.140854 19.895597 19.538250 19.430571 19.366765 19.388232 19.293833 19.225988 19.420089 19.204879 19.081481 18.844484
-9999.0 -637.692319 -621.347344 -625.455670 -638.890111 -619.749381 -612.316019 -593.789528 -581.198910 -587.832505 -575.384078 -533.636304 -481.217054 -413.088588 -362.554162 -326.425824 -296.766628 -297.163773 -218.790328 -151.115640 -97.668049 -33.674794 13.951182 18.725583 22.844325 23.109080 23.097263 23.516728 23.528528 23.292879 22.911594 20.478973 20.614530 20.942321 20.281469 20.091804 19.856196 19.360706 19.168994 19.150547 19.059285 19.123290 19.359483 19.469484 19.355161 19.274235 19.225309 19.147864 19.064845 18.884631 18.889861 18.786854 18.754519 18.505920 18.299155 18.180214 17.780890
-9999.0 -657.669977 -633.798037 -653.613751 -626.573361 -604.111666 -608.021129 -578.327942 -548.268475 -548.425748 -500.354312 -433.683167 -321.812035 -160.887073 -90.736631 -44.345587 -15.494518 6.067864 15.044477 16.225801 19.472447 31.620008 32.022463 31.685468 23.339579 23.479371 19.844111 18.686753 18.318868 17.962519 18.134709 18.633771 18.929276 19.386617 19.138209 19.279725 19.363536 19.261180 19.290803 18.910720 18.548805 18.283356 18.224855 18.809642 18.446281 18.395405 18.272136 18.098566 17.893514 17.702912 17.452067 17.114599 16.826293 16.109448 15.876901 15.432415 13.579982
-9999.0 -672.532414 -655.398526 -643.084414 -619.702607 -603.652992 -589.095592 -558.855816 -501.597270 -469.200525 -414.375792 -361.552352 -179.289320 -47.732441 13.981362 16.747952 22.031601 22.607216 22.950538 18.904293 16.696633 16.234456 17.032795 18.214941 18.493206 18.778397 18.255865 17.907702 17.849785 18.084210 18.082405 18.121373 18.106401 17.984098 17.759092 17.830504 18.231107 17.961663 17.668034 17.196572 16.514785 15.810240 15.398012 15.207520 15.134418 15.271504 14.934297 14.479779 14.043114 13.746153 13.322210 12.626716 1.561892 -21.503038 -42.102069 -61.491558 -94.353909
-9999.0 -706.364661 -649.778458 -643.438156 -629.321163 -625.123363 -621.452474 -596.048859 -564.355726 -474.049923 -329.836096 -287.165008 -177.662526 -85.731890 1.780435 16.066289 16.648971 14.622835 13.225741 12.464634 12.761256 13.278109 13.860490 14.860454 15.683701 16.277839 16.475333 16.074785 15.248418 14.802911 14.597090 14.101271 13.748937 13.815449 13.686307 14.048492 14.308143 13.712643 12.716367 -6.352557 -41.457081 -64.504331 -72.461361 -72.913953 -73.553188 -76.994790 -83.890933 -92.988091 -103.681870 -113.568861 -123.173512 -139.403979 -187.087445 -259.306172 -303.859953 -334.919326 -378.089086
-9999.0 -9999.0 -675.373534 -643.243623 -639.525184 -634.868180 -630.742776 -609.496537 -590.303249 -529.184699 -483.699266 -432.264732 -388.309614 -312.166289 -159.438104 -99.477385 -87.686005 -74.498480 -95.285326 -95.444186 -93.953745 -92.472366 -85.795680 -75.426784 -61.265668 -47.587512 -37.592401 -42.947316 -57.072039 -76.193522 -95.130981 -107.338669 -114.084263 -118.859437 -111.556248 -102.203682 -104.020370 -110.246927 -126.461779 -171.093727 -273.344102 -322.720808 -333.800988 -332.915172 -333.242388 -339.300091 -349.735215 -369.088346 -386.558149 -402.590040 -410.651256 -418.394145 -426.078767 -437.092992 -446.895575 -457.129274 -474.683113
-9999.0 -9999.0 -712.561019 -659.976286 -638.587480 -624.063337 -626.534187 -624.517596 -594.260123 -582.927633 -567.795141 -545.401254 -521.709119 -495.690832 -461.848560 -418.026868 -399.566031 -393.399506 -399.368938 -398.745448 -386.780184 -373.213237 -360.620842 -341.683141 -315.002231 -282.415254 -252.848761 -286.673468 -320.609292 -353.373061 -381.638620 -405.340233 -416.804949 -423.073710 -417.256293 -407.846283 -411.642752 -421.819976 -436.563214 -454.586119 -467.853791 -478.551717 -481.218388 -481.659872 -481.275820 -482.801445 -484.860100 -491.691518 -499.802587 -504.865850 -508.837504 -512.492548 -513.586975 -517.673479 -522.649697 -524.356242 -532.991149
