tests/Borden05m/sims/sim_1/output-maps/psiliqL0008N0019.asc
ncols         160
nrows         34
xllcorner     620200.000000
yllcorner     5168000.000000
cellsize      0.500000
NODATA_value  -9999.0
[rows 0 to 24 of 34, columns 57 to 113 of 160]
-9999.0 -9999.0 -9999.0 -9999.0 -9999.0 -9999.0 -9999.0 -9999.0 -9999.0 -9999.0 -9999.0 -9999.0 -9999.0 -9999.0 -9999.0 -9999.0 -9999.0 -9999.0 -9999.0 -9999.0 -9999.0 -9999.0 -9999.0 -9999.0 -9999.0 -9999.0 -9999.0 -9999.0 -9999.0 -9999.0 -9999.0 -9999.0 -9999.0 -9999.0 -9999.0 -9999.0 -9999.0 -9999.0 -9999.0 -9999.0 -9999.0 -9999.0 -9999.0 -9999.0 -9999.0 -9999.0 -9999.0 -9999.0 -9999.0 -9999.0 -9999.0 -9999.0 -9999.0 -9999.0 -9999.0 -9999.0 -9999.0
-9999.0 -9999.0 -187.745792 -193.398334 -198.930764 -204.131278 -213.425571 -222.841519 -231.659769 -235.715219 -236.655627 -237.534626 -237.918788 -232.545114 -224.528408 -216.821694 -209.492523 -207.063025 -204.572615 -202.180605 -201.615046 -202.924531 -206.220607 -209.564167 -213.034616 -214.535552 -223.017929 -234.639426 -243.742095 -246.552533 -241.990589 -237.398845 -234.809920 -228.566439 -217.477831 -206.331942 -197.532996 -185.578599 -179.965234 -174.704491 -171.415248 -175.497162 -179.108264 -182.843087 -187.585646 -198.716099 -9999.0 -9999.0 -9999.0 -9999.0 -9999.0 -9999.0 -9999.0 -9999.0 -9999.0 -9999.0 -9999.0
-205.651956 -202.323420 -213.231116 -218.137305 -221.582757 -223.916802 -229.225453 -238.186590 -243.715446 -249.265759 -250.946634 -250.970165 -250.910533 -246.653632 -236.710709 -228.643630 -223.779789 -221.301501 -218.769944 -218.568612 -219.016982 -219.404257 -222.336815 -225.806299 -229.262663 -231.091935 -231.129269 -238.823333 -244.182662 -247.447569 -248.592156 -246.116852 -243.790122 -240.778850 -230.974853 -222.478231 -213.958446 -199.632300 -187.162960 -181.848787 -184.230527 -189.345031 -193.128809 -199.591251 -209.468983 -220.068379 -230.717551 -238.071734 -243.547206 -248.786832 -242.663657 -236.250289 -225.845847 -215.486386 -203.275541 -190.962049 -9999.0
-221.736524 -218.868664 -229.897427 -238.523052 -242.979650 -243.045317 -241.007859 -244.841590 -249.594140 -253.626479 -245.786691 -244.487760 -243.262026 -240.006577 -236.527742 -234.290246 -231.458360 -226.042315 -216.940139 -214.212484 -213.640520 -213.479547 -215.298193 -218.438432 -220.257007 -223.069180 -228.293249 -229.140163 -228.607263 -228.440361 -223.074196 -221.563377 -220.314305 -227.490547 -224.166940 -217.774406 -210.713884 -203.459097 -196.209357 -191.359429 -194.501869 -195.939072 -204.478345 -218.567979 -230.368542 -239.357325 -242.132481 -245.395784 -253.161644 -265.372809 -258.530021 -242.948184 -238.230362 -234.428687 -222.329520 -209.882879 -199.554888
-236.695134 -233.660167 -238.857739 -238.085760 -236.780353 -235.374889 -237.049944 -240.031962 -241.199624 -227.877044 -217.992118 -216.070137 -213.003143 -209.571006 -210.969035 -223.571683 -226.283041 -217.498597 -206.682697 -200.473424 -200.149227 -200.037385 -201.410700 -202.441026 -203.024776 -205.495572 -204.233353 -201.350553 -200.260134 -194.793470 -188.922855 -186.184059 -195.181577 -204.785068 -204.514573 -196.878064 -188.863071 -181.261580 -169.890691 -157.857931 -159.333512 -165.606674 -175.215795 -189.755705 -214.064681 -234.645150 -245.508250 -252.268387 -259.367735 -260.420206 -262.682919 -252.244126 -250.494175 -248.814254 -240.121476 -229.708766 -219.524723
-221.534685 -212.914462 -219.085126 -225.046035 -228.767528 -228.225845 -227.781903 -223.828027 -209.767076 -194.894477 -178.654055 -175.332081 -172.319360 -172.413780 -182.492670 -193.220368 -197.748804 -182.146632 -165.680773 -156.725208 -155.193426 -153.975243 -145.176404 -147.277657 -150.243916 -155.987798 -153.185510 -149.541894 -137.038626 -128.844300 -121.753714 -123.769805 -136.148084 -147.787134 -150.276314 -148.761242 -146.986885 -140.967729 -129.877733 -119.097584 -124.362437 -133.137617 -145.466374 -176.743251 -206.772246 -225.183486 -225.125932 -225.155712 -230.182297 -233.767201 -237.947893 -246.047357 -246.746420 -247.516551 -248.152968 -236.160997 -223.943464
-170.959797 -153.700979 -159.521853 -168.417530 -179.865538 -179.370343 -175.236624 -165.918172 -151.003010 -130.155340 -103.360118 -97.781994 -92.526111 -87.679619 -98.805005 -111.751713 -124.170525 -107.743226 -96.796577 -86.145130 -81.229027 -67.859047 -56.294344 -61.420705 -70.843086 -80.707663 -73.366983 -57.632410 -40.688828 -33.187967 -29.268145 -28.966277 -39.741328 -46.134270 -49.958984 -50.497631 -55.189134 -52.290704 -40.052145 -23.436019 -23.958417 -37.746295 -64.921166 -105.670701 -145.144660 -170.646388 -168.204936 -175.865450 -183.052545 -188.608578 -204.139999 -216.868395 -218.040583 -228.322472 -235.166865 -224.015069 -218.142536
-115.186213 -94.757811 -97.602354 -109.189642 -121.805303 -121.165089 -111.604973 -100.446998 -78.612407 -50.124954 -20.456455 -4.922988 4.485688 15.205768 8.425734 -1.666810 -11.470095 -4.418080 10.237703 24.946952 38.788797 53.717404 67.146257 60.370208 49.826099 46.729675 52.062130 71.115105 87.865798 94.130646 96.914766 101.289316 94.503648 86.177491 76.803659 67.904623 59.554386 54.184852 70.437269 85.743563 82.692873 55.608387 26.334889 -14.339130 -57.733201 -97.451814 -106.002141 -109.613176 -113.630788 -132.096367 -150.691008 -172.431154 -185.740895 -196.452723 -212.925276 -209.090118 -203.702863
0.938509 24.904095 31.137411 16.425025 11.565628 17.774684 31.298032 39.554852 56.198920 86.926870 124.210145 151.342207 174.609144 179.819171 171.294173 162.116779 148.348185 143.443564 158.127111 170.967674 183.128671 195.024203 207.112667 214.206786 213.010339 212.959283 215.879270 220.763342 227.785767 234.580460 240.862608 247.397021 247.470644 238.231700 229.696674 219.323300 210.034615 206.565419 205.634045 212.755581 210.882421 188.629627 160.353711 127.169902 87.252029 50.957840 25.289957 23.493734 5.770098 -16.996901 -44.621132 -87.544829 -111.595660 -132.183419 -165.412830 -171.894535 -161.791163
130.207485 148.381650 164.528799 163.761271 166.829993 171.006341 178.268391 184.444562 193.283297 225.786672 261.004542 292.082571 317.263484 327.450741 319.031468 309.935891 299.065956 289.801854 291.304889 304.320779 320.147223 335.506616 346.031609 349.773896 348.405614 348.617795 350.153359 353.215345 355.666310 360.623182 367.468609 377.722385 389.551297 385.510678 368.929845 355.190037 339.153148 331.568390 328.272035 323.904158 323.036832 318.962793 292.215589 264.991788 232.793971 199.958203 175.479161 155.457873 133.715418 109.262460 61.535374 14.857662 -26.318876 -60.891233 -94.791946 -102.853182 -77.939249
254.830170 280.939690 296.622095 301.710234 304.583799 308.589861 316.230460 323.076731 331.926760 352.044177 386.677550 422.591701 452.738470 460.868884 454.933913 445.830746 435.368900 426.711997 423.865714 429.564739 438.535264 452.254378 463.404064 473.831666 473.771430 474.002763 473.919369 475.769411 477.305638 478.414301 484.314462 494.661721 504.292078 505.928499 494.781531 477.765173 458.754178 447.266065 438.188644 431.194928 429.955935 429.893421 425.896610 403.552678 369.638607 326.660674 296.667595 273.097423 258.371428 241.776107 221.194878 176.044203 148.518430 113.555751 74.842940 45.290156 75.836747
366.345000 395.851279 415.407786 425.236141 427.764368 432.762267 442.691352 451.609490 463.525085 479.266051 498.623075 525.381159 553.081224 575.414968 575.377939 565.909141 551.097886 548.168484 547.746572 548.965575 554.035131 559.624212 572.708688 586.325569 590.992654 591.326456 589.165255 591.041414 591.786479 591.660943 592.154100 595.443289 601.178298 603.209233 599.375939 585.067002 564.823202 545.087357 533.172635 527.110855 523.431344 522.887396 520.752209 509.869849 483.242555 446.744731 411.382706 386.024464 367.614356 353.199054 342.059497 328.127051 311.429331 283.339676 242.730822 205.938169 194.955706
467.851802 492.842991 516.688920 533.413672 540.388554 549.796244 558.979307 571.496508 587.093943 602.966614 613.155153 628.880189 649.378757 662.312849 669.160071 670.718808 670.740811 672.749787 672.692839 661.981692 663.355886 664.644411 667.305058 671.847721 672.884621 672.801632 672.342211 673.055117 673.150053 673.409451 673.244292 672.380719 673.233003 673.451512 672.708390 668.207739 663.772528 646.495531 634.194966 626.532850 618.985896 610.457326 600.984514 591.153149 575.155640 546.543829 512.142063 481.344628 465.867922 457.131859 450.066370 443.911671 428.847840 407.509469 379.087605 342.731773 306.003286
570.028063 588.440793 611.488065 627.048865 638.707857 648.475509 655.191952 667.237383 678.804413 677.915989 679.023514 681.172686 683.522354 684.961832 685.592975 685.670649 683.373824 682.773592 680.708775 675.055545 665.665418 666.740749 667.757499 669.921332 673.060915 671.439983 672.119673 674.856852 673.588648 668.567277 665.402923 663.931898 664.148320 670.969283 673.732366 674.127789 673.665297 672.434045 671.766217 670.978993 670.314747 669.540680 668.467171 666.723763 656.983947 634.740994 604.438952 571.377406 551.273104 542.292773 541.510721 536.959672 529.087741 508.185347 480.440008 445.383987 408.081826
670.501174 675.729565 679.618301 681.611208 683.464058 686.110328 688.921657 689.461293 686.113647 682.142525 676.971620 675.531132 674.239073 672.087411 672.756861 670.600206 666.248717 661.803288 654.064342 642.425657 630.235614 627.624907 631.923832 636.309451 639.937230 642.247006 645.069089 646.344533 642.316045 635.194003 628.707206 626.805016 632.978405 638.370486 642.935194 643.429713 642.049227 640.303999 640.899295 639.313867 640.772913 648.159242 662.159565 669.934040 671.023499 670.414199 666.989100 660.880096 644.171398 624.293501 626.009055 620.691219 607.592064 583.145606 557.790644 528.147892 498.616675
678.996608 676.727276 670.905872 665.310973 664.819219 668.740553 675.416222 676.611356 669.492438 660.534682 652.020135 644.373201 641.603486 639.890142 638.832376 638.216772 631.979051 622.694889 603.943967 589.836863 577.253770 570.469471 568.868313 573.999029 582.621129 590.520938 594.585840 588.989331 582.436257 572.899749 565.327382 565.638680 568.422999 576.988574 589.288612 592.487711 593.244486 589.161151 586.178663 581.694074 581.796137 591.456615 610.175294 626.319965 639.559072 647.647097 655.488245 662.713072 668.805633 669.274139 669.494641 668.939920 665.154022 649.738157 629.465941 606.321085 579.564101
655.489506 649.593289 642.406068 636.284762 634.438709 636.899917 639.867831 636.376356 629.074192 617.008173 602.283970 590.194000 583.291669 583.197831 584.541436 584.305826 577.256257 561.712465 542.206867 527.094776 512.313923 507.699319 502.920862 499.853648 510.038363 525.296179 530.630026 518.524585 509.605083 496.551214 489.392817 486.947031 488.782995 498.092191 516.256109 533.162187 534.204155 525.706171 517.688505 514.070068 513.396542 522.732106 543.788176 564.572498 579.610789 590.021468 598.238670 610.466747 621.772825 633.910434 647.088382 658.616082 669.161827 671.119609 670.208381 667.133616 651.087368
619.512776 609.696394 601.545434 594.793232 590.140503 587.536451 584.948783 578.571078 571.038412 557.907089 543.696887 530.596662 516.656525 512.857134 510.110494 511.302943 499.630312 487.534960 467.181252 450.960908 435.037838 425.539538 419.528511 413.849082 419.821504 435.357027 444.237532 429.890116 419.921996 407.003170 400.757715 397.743842 399.347378 409.133259 431.528782 449.870311 456.261117 448.676225 442.933955 440.738114 440.994744 447.797924 464.797786 485.991089 506.799011 522.582908 533.561154 544.321288 556.586850 572.402653 588.298652 605.436426 624.287631 644.017266 658.921994 668.446939 673.549882
573.862646 562.850988 551.671054 540.773298 534.456468 534.756967 527.725171 520.921542 508.228300 465.429022 448.075303 430.218299 415.180469 409.637559 402.396105 396.919372 387.207694 379.396239 369.018302 352.987431 335.839443 320.446190 315.119197 310.580227 304.316201 311.801042 315.595922 315.608916 308.409293 301.700946 298.604267 296.261074 299.917002 313.222710 325.829836 337.142195 343.062979 339.907809 345.901692 352.021212 354.548885 370.338080 385.015360 403.510290 425.331915 448.390744 461.724436 472.678881 485.104804 502.047986 520.553259 540.277165 564.738996 590.749277 609.613254 623.081585 636.128102
522.202347 507.743077 494.894812 482.328281 470.131436 470.364041 466.312569 458.676721 422.901668 381.150899 350.017176 331.975665 310.907477 300.350920 290.725058 268.174287 254.689788 246.822664 248.566333 237.166312 219.802301 205.015955 197.003833 190.741506 179.030803 173.081755 177.272960 187.555813 181.979204 179.253233 182.413835 180.487625 178.134235 185.867407 200.560804 209.403137 218.882045 228.702087 233.724636 241.517493 265.897693 280.447474 295.898888 316.489729 338.717125 361.642574 381.406308 395.008106 410.091771 429.705107 447.628981 469.896369 495.085136 524.896037 546.196834 562.697173 576.438079
450.597706 434.643994 418.391906 400.262827 379.993352 377.466969 370.223664 354.743171 312.042009 271.841353 240.956577 218.891163 194.403712 176.663784 151.813552 120.169576 99.458854 101.364422 107.391345 104.486875 88.557029 73.566056 61.509213 47.180585 30.432369 19.404709 27.677835 37.097442 42.658442 45.427331 49.350515 50.977138 49.995695 47.925882 57.517598 67.888622 79.732988 91.251407 104.245663 134.091070 160.854203 179.628825 201.557054 223.177118 247.220817 272.060632 293.701419 310.070191 329.096063 349.032327 370.489903 392.586234 418.930256 449.374247 474.332178 491.057732 506.777606
372.167122 350.843096 327.113620 292.011578 277.345822 268.472653 258.181239 225.658861 183.506914 144.648610 116.283339 88.905235 61.328750 31.537970 -2.752596 -34.266638 -56.292704 -50.644786 -44.071015 -35.337944 -49.560751 -63.682856 -72.261898 -88.402769 -103.860774 -118.420974 -110.079102 -100.124273 -84.229745 -80.391407 -76.962632 -70.623405 -71.877871 -73.615938 -79.380968 -69.149736 -57.596485 -42.473068 -13.002333 16.570056 45.579584 70.944101 95.689933 122.333250 150.394053 177.955902 205.219731 226.155849 246.524309 268.948097 290.211149 310.398878 333.512205 361.064539 385.209570 405.365441 426.853418
276.739477 253.440715 219.893663 176.867314 144.284056 130.024053 94.765046 58.589182 14.943280 -11.584968 -35.794109 -63.343804 -88.827112 -113.369535 -142.922771 -168.492455 -193.056165 -189.568225 -177.576288 -164.181122 -172.408782 -177.856687 -181.981238 -194.351362 -208.586233 -222.424078 -218.659448 -203.719523 -186.861226 -180.098128 -173.729874 -166.189145 -166.074441 -172.262280 -180.263677 -174.060159 -159.877809 -142.846278 -119.143110 -93.743162 -68.353027 -44.164820 -16.972852 12.206025 42.365508 74.461547 106.857021 131.509434 159.288439 186.949787 209.288764 224.078882 241.311870 267.773407 287.973069 310.785648 334.051644
173.027430 145.484143 102.616134 55.211119 6.674323 -34.298668 -71.267416 -106.644573 -130.494386 -152.883082 -174.028612 -194.776069 -217.075834 -238.232066 -258.965228 -281.630651 -301.820977 -296.812358 -283.425598 -270.937283 -269.324387 -272.620796 -275.956740 -284.175182 -297.924869 -309.801316 -301.729760 -286.159052 -270.782939 -260.976411 -254.301799 -247.945063 -250.656793 -258.759210 -265.655253 -257.670154 -242.059249 -226.477957 -207.774395 -185.110374 -162.039766 -138.560405 -113.438728 -87.422218 -58.122390 -26.964851 5.368387 37.321635 67.692921 96.445892 113.048481 128.888501 142.135238 163.075526 184.749305 208.155739 233.564399
39.955535 7.368287 -32.586407 -78.412059 -115.171727 -150.562374 -183.863107 -216.191089 -242.464502 -261.628767 -272.952879 -288.625699 -308.712685 -323.010709 -340.399922 -360.191634 -362.148827 -358.408452 -345.884489 -343.381584 -342.732312 -345.818653 -347.042231 -352.062328 -364.149629 -358.719036 -350.815390 -335.665920 -324.551963 -315.190957 -308.822169 -304.568042 -305.193873 -312.460462 -309.865809 -302.459225 -287.585794 -275.415869 -259.597868 -238.107989 -219.868921 -199.349542 -176.100215 -151.692920 -125.424176 -96.979953 -65.722754 -36.198579 -10.639849 4.794727 20.749035 32.125455 32.035675 52.039917 72.997462 94.354970 122.808539
