tests/Borden05m/sims/sim_1/output-maps/psiliqL0002N0009.asc
ncols         160
nrows         34
xllcorner     620200.000000
yllcorner     5168000.000000
cellsize      0.500000
NODATA_value  -9999.0
[rows 0 to 24 of 34, columns 56 to 111 of 160]
-9999.0 -9999.0 -9999.0 -9999.0 -9999.0 -9999.0 -9999.0 -9999.0 -9999.0 -9999.0 -9999.0 -9999.0 -9999.0 -9999.0 -9999.0 -9999.0 -9999.0 -9999.0 -9999.0 -9999.0 -9999.0 -9999.0 -9999.0 -9999.0 -9999.0 -9999.0 -9999.0 -9999.0 -9999.0 -9999.0 -9999.0 -9999.0 -9999.0 -9999.0 -9999.0 -9999.0 -9999.0 -9999.0 -9999.0 -9999.0 -9999.0 -9999.0 -9999.0 -9999.0 -9999.0 -9999.0 -9999.0 -9999.0 -9999.0 -9999.0 -9999.0 -9999.0 -9999.0 -9999.0 -9999.0 -9999.0
-9999.0 -9999.0 -9999.0 -502.026002 -503.220820 -503.961283 -504.270182 -505.905597 -507.093913 -508.601253 -508.726459 -508.463630 -508.762112 -509.498922 -508.705044 -507.718341 -506.921839 -505.683548 -506.091783 -506.016762 -505.529599 -505.392071 -505.595950 -506.159393 -506.470992 -506.861052 -506.036674 -507.823809 -510.171006 -511.969588 -512.298316 -510.631125 -509.713733 -510.018262 -509.253013 -507.484997 -506.072782 -505.845946 -504.126226 -504.750307 -504.118275 -502.814946 -503.817622 -503.922963 -503.565958 -502.914814 -505.592089 -9999.0 -9999.0 -9999.0 -9999.0 -9999.0 -9999.0 -9999.0 -9999.0 -9999.0
-506.500504 -503.111296 -503.552952 -509.147601 -509.526686 -509.493275 -509.096365 -509.715138 -511.579660 -511.916002 -513.353236 -513.997276 -514.177310 -514.831723 -514.461120 -512.085483 -510.457273 -510.095693 -510.600601 -510.899687 -511.516751 -511.917259 -511.760538 -512.310955 -512.790604 -513.310004 -513.041149 -511.322277 -513.069867 -513.905983 -514.797848 -515.833949 -515.517008 -515.265108 -515.227064 -513.042169 -512.392766 -512.059149 -509.206427 -506.552902 -505.974097 -507.190659 -508.385199 -507.858187 -507.705801 -508.616961 -509.458162 -509.024301 -509.351758 -509.425926 -510.481123 -508.847120 -509.083288 -507.413572 -506.105092 -504.574189
-511.361551 -507.327429 -507.768895 -511.883116 -514.269457 -514.948935 -514.330662 -512.464038 -513.060596 -514.484939 -516.782824 -514.312157 -514.721795 -515.013269 -514.634874 -513.877255 -513.581002 -513.266797 -512.828689 -510.741887 -511.029920 -511.263318 -511.139484 -511.484766 -512.136488 -511.993363 -512.304310 -514.132415 -513.784308 -513.312503 -513.767526 -511.973166 -511.916290 -510.816912 -514.074559 -513.621994 -513.028694 -512.719540 -512.621549 -512.435305 -511.962591 -513.389054 -512.223458 -513.094771 -515.261174 -515.467814 -514.898384 -512.542057 -511.299361 -512.418092 -516.884626 -514.542749 -509.683494 -510.276008 -511.299138 -509.152779
-514.144507 -513.591170 -514.318808 -516.012576 -514.187424 -512.733492 -511.826650 -512.608448 -514.230492 -516.286404 -512.428916 -511.013369 -512.045625 -511.662560 -510.526703 -510.406947 -515.313566 -516.614601 -514.860654 -513.082486 -512.411181 -513.398073 -513.872687 -514.743605 -514.680760 -514.071700 -514.529985 -513.753962 -513.154837 -514.144875 -513.016237 -511.695454 -510.306565 -513.280675 -515.960150 -515.779749 -513.560846 -512.061854 -511.478258 -509.384400 -505.852958 -506.483759 -507.133679 -507.152808 -507.004881 -510.894968 -514.541207 -515.924925 -516.488637 -517.569027 -516.486802 -517.376034 -513.415180 -513.825673 -514.573826 -512.847440
-518.110597 -513.588859 -512.634345 -515.311037 -516.627840 -517.149002 -516.684517 -517.272952 -517.346928 -514.070549 -512.569266 -509.698441 -511.153420 -511.163012 -511.289175 -514.464695 -516.781452 -518.456779 -513.561499 -509.826503 -508.793261 -510.065598 -511.166672 -507.651121 -508.667407 -508.976894 -511.032480 -510.325623 -510.905874 -507.381532 -506.176120 -504.312872 -505.057359 -508.584169 -511.534322 -511.608643 -511.312138 -511.812139 -511.152593 -509.138685 -506.450756 -508.666499 -509.299822 -508.452411 -514.299139 -518.716419 -519.967703 -516.025612 -513.766776 -514.018351 -513.522870 -513.183829 -515.761532 -515.067225 -514.762814 -516.105776
-509.555538 -507.391002 -503.206273 -506.302322 -508.239653 -511.927250 -511.451490 -511.125058 -510.082340 -508.724200 -505.900730 -499.834426 -501.662024 -501.451369 -499.272267 -502.713358 -505.815974 -510.875091 -505.292245 -504.413701 -502.922580 -503.527091 -499.396086 -495.643732 -497.878707 -500.872891 -504.668575 -502.421372 -497.686463 -493.360348 -492.593620 -492.223812 -491.348473 -494.522699 -495.105165 -495.626737 -495.169116 -497.482878 -497.578961 -494.468307 -488.732445 -488.062224 -490.557849 -495.616502 -503.502080 -510.656851 -514.386588 -508.825966 -510.230374 -510.760564 -509.595386 -512.537393 -514.100838 -511.052555 -513.387140 -515.231829
-509.109593 -507.193669 -502.594590 -504.844601 -508.547304 -512.598778 -512.523934 -510.168218 -509.248083 -504.843505 -498.711062 -491.783168 -488.179913 -484.422085 -479.807553 -483.419081 -486.938401 -491.014274 -490.233797 -485.599297 -481.086539 -475.058589 -467.238145 -458.780693 -459.953349 -463.292904 -463.338179 -461.854022 -454.359634 -447.473068 -444.731801 -442.842920 -438.681446 -441.157752 -445.808863 -451.163947 -456.636198 -461.574090 -465.837371 -459.763452 -453.063040 -454.767407 -469.022122 -480.216008 -490.425255 -499.721377 -510.069912 -509.518645 -507.378386 -505.215390 -508.845950 -510.169696 -513.238626 -513.514656 -512.710232 -516.532343
-489.070342 -484.011324 -477.636758 -474.870984 -481.498140 -482.282314 -479.950147 -475.125501 -473.261621 -466.840955 -450.043150 -424.492524 -390.302028 -341.096497 -332.359652 -350.140274 -375.507095 -401.762736 -412.330558 -396.934292 -370.977794 -334.590475 -318.389474 -312.692164 -309.427584 -309.436516 -309.325320 -308.663994 -308.106007 -306.602208 -304.587009 -302.449038 -299.712911 -298.520479 -301.724910 -304.666970 -307.815676 -310.725787 -311.259828 -312.385333 -310.588016 -311.411832 -322.947914 -374.398778 -419.627665 -445.313259 -463.204630 -477.595091 -477.408921 -482.766935 -486.809246 -491.244033 -502.240894 -504.698800 -505.791919 -515.006592
-446.626856 -425.518812 -407.958177 -382.583914 -378.271057 -370.917595 -363.281751 -347.863602 -329.649906 -319.814504 -308.138683 -294.219090 -275.805721 -256.491195 -249.527423 -257.848618 -267.470943 -277.270238 -283.534649 -281.552421 -270.539052 -256.271853 -243.983859 -236.912297 -234.439244 -235.435574 -235.273419 -234.803797 -233.209284 -232.713270 -230.718182 -227.060189 -219.914217 -209.686386 -210.840938 -222.206499 -230.558355 -240.415109 -243.933971 -245.091825 -249.101332 -249.967597 -251.214225 -271.196290 -289.312282 -303.301212 -316.346615 -338.774153 -396.281061 -421.177010 -435.353170 -458.462904 -477.963557 -493.035072 -502.273396 -511.010812
-309.847812 -297.831086 -284.667117 -274.232912 -269.820971 -267.606579 -264.482252 -258.066311 -251.591376 -245.086905 -234.578361 -210.627402 -179.254301 -153.533577 -150.406873 -157.234634 -165.346813 -177.614663 -183.708302 -186.547153 -181.081370 -173.749091 -161.044850 -151.283389 -138.997888 -137.528083 -137.327495 -137.855253 -137.139849 -136.585687 -138.004168 -132.846043 -124.300058 -115.719391 -113.147595 -121.074222 -136.953436 -152.009340 -158.286590 -165.725120 -174.362960 -177.289614 -178.425675 -179.792314 -196.736728 -219.701873 -247.253661 -266.836466 -285.352286 -294.354598 -301.084525 -306.007503 -322.731216 -362.593097 -415.342672 -443.609233
-246.237262 -228.884776 -207.797754 -189.908885 -177.083781 -174.506319 -171.845210 -163.586347 -155.903760 -145.847194 -130.446890 -111.661804 -65.483804 -41.533106 -47.427951 -49.286625 -35.917599 -69.209189 -51.885966 -71.141478 -51.724581 -65.749890 -43.454903 -49.436411 -19.237624 -13.593762 -14.100317 -15.563998 -15.118913 -13.701214 -31.741578 -14.356036 -13.026414 -7.502824 -6.452115 -8.428196 -40.077536 -56.486534 -52.610727 -63.671401 -88.950133 -97.079828 -101.266552 -103.156625 -112.726234 -131.708964 -161.035845 -191.450090 -212.828136 -226.001206 -234.448616 -239.670979 -244.326211 -258.110653 -278.755326 -297.524198
-167.113479 -146.961542 -124.814370 -97.863825 -59.500459 -50.499037 -62.391423 -41.002061 -31.327737 -33.306311 -2.112911 6.608620 20.644460 35.789660 44.037652 48.830259 51.093755 50.707394 53.728488 52.546226 53.381841 53.188703 54.292803 53.918039 56.286360 57.322423 56.287653 57.017647 56.363299 57.262044 56.551563 57.019750 54.558168 55.111900 54.232715 54.803986 51.734494 44.822875 30.997022 20.846423 12.484933 5.756431 -18.186110 -11.525478 -36.421037 -31.576522 -69.682858 -107.383608 -136.073841 -148.416384 -156.667911 -161.802542 -165.846042 -178.237357 -195.001429 -213.233651
-62.438384 -33.591984 -18.046899 3.728484 19.691731 27.792117 33.982620 38.069869 47.469704 56.451127 59.912774 59.142077 59.140303 60.033889 58.768976 59.895712 58.524184 57.692425 56.374615 56.379123 50.247004 42.129483 43.034079 44.180246 46.773381 49.509895 48.543135 48.601590 51.938601 49.852379 45.322689 41.871172 40.447465 40.219575 46.935718 49.063340 50.167903 50.200341 50.045906 49.508028 49.434947 49.053685 48.770273 48.552430 43.832507 36.081651 18.660884 -19.239369 -36.175726 -52.585708 -80.178485 -83.562470 -86.168854 -91.869240 -109.506118 -134.817606
40.562517 50.967089 60.245733 61.264715 60.329379 61.381240 61.159694 64.329447 62.231872 60.474738 55.553092 52.214327 50.843033 49.388702 47.807226 47.852909 46.374068 42.531229 39.671267 34.838385 25.198017 13.040438 -4.295769 4.124887 21.099840 24.623273 26.951738 29.600870 31.392343 27.228342 20.268487 11.459469 10.396293 18.756280 22.249067 26.013027 26.596583 24.908299 23.237438 23.347808 21.481389 21.890017 27.341741 38.379427 45.973254 45.979411 45.729913 45.319575 45.228305 25.365927 6.664580 -4.861797 4.977296 -4.991248 -23.956960 -64.662051
55.024874 54.015076 52.630197 46.721487 41.844313 41.145525 45.126929 50.703086 52.939516 45.996233 38.818677 32.707229 26.921946 25.351611 24.356989 23.447743 23.470848 18.766755 1.618498 -2.470662 -13.942989 -46.606471 -56.946261 -54.046060 -26.635141 -16.795940 -9.014482 -4.979240 -9.635077 -16.353052 -28.345213 -53.623044 -55.293441 -48.268836 -23.633157 -11.797600 -9.475854 -9.533307 -13.990310 -17.526041 -23.549713 -25.060858 -18.183127 -17.127908 5.784415 20.032227 26.368423 32.812138 37.917325 44.779993 44.615742 44.474289 44.345597 40.320613 27.897162 10.449840
40.989281 35.210938 30.965445 24.929382 19.610066 19.036380 21.408332 24.913803 22.957455 14.857110 -12.127891 -24.959581 -34.246294 -36.575911 -16.765243 -14.612929 -14.143441 -34.164206 -60.360411 -77.775995 -91.265116 -107.331324 -111.412240 -113.317686 -110.755250 -98.783429 -83.857381 -78.747192 -89.905809 -98.619584 -112.268975 -122.347441 -125.177706 -122.244450 -110.748611 -93.500070 -78.586982 -78.419097 -87.031382 -95.295396 -99.874958 -101.889661 -94.760001 -77.715528 -56.484439 -29.118947 -31.160276 -13.320030 -19.856802 -12.232506 0.045603 23.834176 33.062930 43.296596 43.558745 43.303485
19.050424 2.745098 -10.815415 -2.968410 -13.245211 -24.071448 -14.333748 -14.548242 -19.898056 -49.234156 -64.628096 -77.049666 -87.210674 -98.088370 -98.381210 -100.218698 -99.548784 -113.165035 -126.831351 -145.587417 -158.624180 -171.242705 -176.747181 -179.985108 -183.015012 -175.016753 -160.088464 -151.598203 -166.126884 -175.084797 -187.353805 -193.535625 -196.207276 -194.994242 -186.866934 -166.846268 -150.919601 -146.322712 -154.403340 -161.554725 -164.996999 -165.688555 -161.217439 -146.245164 -126.628912 -106.791922 -94.904893 -85.907005 -80.090573 -70.195166 -53.692276 -23.799087 -11.023396 3.819542 20.379644 32.346742
-22.749300 -44.437830 -56.128730 -64.953880 -75.649724 -82.217638 -80.597267 -87.004752 -93.969122 -106.716118 -145.592871 -158.661033 -172.189606 -183.425496 -187.376861 -194.817679 -198.497584 -206.985879 -212.832757 -221.294220 -230.917062 -239.951992 -247.375715 -248.788295 -250.666914 -253.098116 -246.748332 -243.786877 -246.193552 -251.142324 -256.763394 -259.544516 -261.143961 -257.981387 -248.938952 -241.298546 -234.092765 -231.344035 -236.334688 -233.261589 -229.517165 -230.056600 -218.370903 -207.163607 -193.203305 -175.905944 -157.715102 -148.309709 -140.851200 -131.170894 -116.026874 -97.810563 -80.958372 -58.097190 -23.193535 -7.326774
-77.298732 -91.860673 -105.598151 -117.087796 -128.605606 -139.616043 -139.367898 -143.008437 -148.186424 -175.798897 -210.365685 -232.044791 -242.008711 -253.733384 -260.679054 -271.352633 -287.041322 -293.928287 -297.495115 -296.406145 -300.927316 -306.846756 -311.362724 -313.135031 -314.675449 -320.218004 -325.792837 -322.033673 -316.814349 -322.213638 -330.053416 -330.463616 -333.717111 -329.774262 -317.831477 -311.511720 -308.795540 -306.131117 -303.578567 -302.187804 -299.533661 -286.435285 -274.256501 -262.459997 -250.622682 -237.698422 -222.369556 -208.730000 -200.016329 -189.828268 -174.633217 -160.634941 -142.590871 -120.899536 -93.493342 -75.948439
-137.755574 -153.671297 -166.954400 -179.647103 -192.680523 -210.904403 -213.261938 -218.835166 -225.443704 -251.758855 -279.573493 -298.792148 -307.300492 -316.411371 -329.543890 -379.995851 -419.919761 -434.412764 -434.017304 -430.155381 -434.672642 -445.368607 -453.809067 -459.500975 -465.179538 -472.957484 -477.282533 -473.228668 -469.006464 -470.202728 -471.248769 -470.101433 -470.536160 -470.663691 -468.796435 -460.202640 -454.719637 -449.242863 -445.016593 -442.293727 -425.413755 -398.926906 -357.540019 -318.752719 -307.738099 -296.706314 -280.132932 -263.825910 -254.741353 -244.014306 -231.397535 -217.139764 -202.160376 -182.699688 -158.080732 -138.120286
-192.522564 -212.158479 -227.598619 -241.691201 -262.744188 -277.363461 -284.915479 -289.922279 -302.350101 -320.792219 -382.214996 -426.686281 -444.548458 -458.426253 -470.521168 -481.721996 -490.264305 -495.401964 -491.655044 -489.990516 -486.766831 -491.731207 -495.542868 -496.193865 -499.588332 -502.534174 -506.770983 -503.287303 -502.025996 -498.225810 -498.952632 -499.061291 -497.313259 -498.207694 -498.300661 -500.814942 -497.964260 -496.642854 -495.181433 -488.429021 -482.050569 -474.924337 -467.625983 -456.058660 -440.884177 -419.049244 -373.095970 -319.529023 -307.333636 -297.356985 -281.651417 -266.265951 -254.843440 -241.840170 -224.404062 -206.904004
-257.179895 -271.157625 -289.180042 -305.917665 -327.994861 -392.222037 -406.623735 -429.710342 -448.003231 -470.295676 -482.865094 -488.330331 -493.790897 -497.636661 -500.416941 -505.294028 -508.465308 -514.001496 -511.635288 -508.657187 -504.228253 -507.941270 -508.296946 -507.266972 -509.192799 -511.219489 -514.902329 -514.376490 -511.548353 -508.181026 -508.629165 -508.081309 -506.086799 -506.015379 -507.589043 -510.948531 -510.276702 -508.451257 -506.879049 -503.404971 -500.317105 -497.257690 -494.608231 -490.253110 -484.745064 -478.364547 -468.865042 -453.495139 -439.949455 -417.291449 -365.469539 -318.107550 -308.542023 -300.822730 -285.972625 -269.635963
-314.797051 -337.476606 -400.657087 -438.890561 -464.074407 -482.271731 -490.560442 -497.209446 -503.275057 -505.158572 -507.189289 -509.446263 -511.177296 -513.109165 -514.827660 -516.126350 -518.615609 -524.277946 -521.772815 -518.514978 -514.792741 -514.660393 -514.993993 -514.549141 -515.256604 -517.725353 -522.370425 -520.431036 -517.784608 -515.455838 -514.868700 -514.539030 -513.026012 -514.173952 -516.482631 -519.891357 -518.556729 -516.218582 -515.184548 -513.872870 -511.764038 -509.544310 -507.391056 -504.811217 -502.230282 -498.445382 -493.968803 -488.425074 -481.866191 -473.965586 -462.550668 -452.784096 -441.136501 -428.185679 -401.239481 -343.876189
-454.774895 -468.909821 -478.921533 -488.011904 -497.539389 -501.741763 -505.368522 -508.358267 -511.641540 -513.521538 -514.987218 -513.548313 -514.051118 -516.402255 -515.890286 -517.000939 -521.531387 -519.621494 -518.264020 -514.469881 -515.304022 -515.539972 -516.435493 -515.743561 -516.268695 -520.830425 -518.423144 -517.515384 -514.998435 -514.735990 -514.339386 -514.032532 -513.623134 -514.166175 -517.408664 -516.719458 -515.983316 -513.766235 -514.017196 -513.417708 -511.068076 -510.773167 -509.659515 -507.900456 -506.068320 -503.821363 -500.969050 -496.602121 -491.987260 -487.355013 -486.262458 -482.661092 -479.333791 -482.119581 -475.146634 -466.911739
