tests/Borden05m/sims/sim_1/output-maps/psiliqL0027N0014.asc
ncols         160
nrows         34
xllcorner     620200.000000
yllcorner     5168000.000000
cellsize      0.500000
NODATA_value  -9999.0
[rows 0 to 24 of 34, columns 55 to 109 of 160]
-9999.0 -9999.0 -9999.0 -9999.0 -9999.0 -9999.0 -9999.0 -9999.0 -9999.0 -9999.0 -9999.0 -9999.0 -9999.0 -9999.0 -9999.0 -9999.0 -9999.0 -9999.0 -9999.0 -9999.0 -9999.0 -9999.0 -9999.0 -9999.0 -9999.0 -9999.0 -9999.0 -9999.0 -9999.0 -9999.0 -9999.0 -9999.0 -9999.0 -9999.0 -9999.0 -9999.0 -9999.0 -9999.0 -9999.0 -9999.0 -9999.0 -9999.0 -9999.0 -9999.0 -9999.0 -9999.0 -9999.0 -9999.0 -9999.0 -9999.0 -9999.0 -9999.0 -9999.0 -9999.0 -9999.0
-9999.0 -9999.0 -9999.0 -9999.0 3597.898116 3592.607596 3587.866850 3583.371741 3574.875925 3565.541181 3557.705042 3553.483970 3552.275172 3551.401245 3550.714398 3555.501681 3563.507516 3571.062315 3577.859920 3580.212793 3582.498674 3584.270869 3584.433925 3583.254128 3579.969409 3576.580162 3573.150516 3571.399962 3564.078081 3552.954126 3544.671393 3541.977285 3546.123333 3550.445218 3552.895898 3558.011740 3568.356898 3578.930592 3587.501998 3600.115730 3607.224274 3612.589308 3615.152591 3611.183100 3607.947227 3603.975246 3597.763774 3586.669529 -9999.0 -9999.0 -9999.0 -9999.0 -9999.0 -9999.0 -9999.0
3542.816055 3561.148731 3582.145446 3585.220660 3573.472445 3568.362032 3565.209315 3563.543361 3559.314075 3550.800047 3545.653762 3540.119766 3537.357116 3537.297248 3537.096774 3540.651811 3551.383721 3559.087565 3563.556359 3566.130795 3568.925498 3567.184129 3566.318050 3566.035544 3563.073497 3559.526599 3556.092265 3554.187672 3555.690909 3548.069444 3542.010353 3538.055986 3534.982242 3537.729524 3540.438209 3545.111684 3554.243781 3562.120217 3570.075294 3585.315005 3598.564340 3604.307834 3601.780315 3597.249468 3593.459998 3586.016686 3575.236225 3565.295197 3557.343406 3551.355690 3546.060927 3539.639832 3546.151419 3554.183872 3563.515241
3525.984135 3545.091882 3565.494870 3567.981835 3557.715375 3549.993776 3542.964126 3543.456115 3546.972610 3543.705223 3538.807629 3530.723053 3540.785553 3541.674924 3542.245215 3545.323120 3547.004552 3552.188990 3554.487236 3559.727952 3568.611829 3571.341792 3571.684122 3571.638197 3569.561875 3566.219452 3564.170302 3561.301685 3555.957359 3554.054397 3553.610741 3552.209681 3556.202145 3557.713154 3560.714541 3555.321972 3559.818542 3566.081115 3573.067939 3578.517620 3584.626439 3587.062066 3583.802145 3584.552598 3576.275845 3562.702297 3553.018426 3545.712662 3546.191784 3543.338845 3535.490389 3521.774214 3530.265959 3546.511260 3551.392778
3530.261706 3539.068859 3549.439162 3551.820300 3546.715053 3548.927835 3550.651530 3551.750055 3549.781554 3546.107090 3541.438736 3551.581827 3559.678964 3560.915556 3563.188637 3567.047598 3567.910079 3557.038194 3554.942806 3562.030993 3571.527441 3576.525865 3576.605254 3576.118801 3572.214691 3570.954960 3570.680541 3568.840477 3568.152876 3569.574456 3566.893872 3569.658156 3575.083723 3578.408780 3573.410400 3565.069914 3567.442271 3575.966862 3585.175285 3592.801561 3602.947046 3613.703051 3614.127536 3609.755092 3601.356643 3589.075170 3566.795540 3549.535850 3538.650821 3530.678509 3523.501725 3526.823404 3522.091932 3536.220087 3538.122987
3514.936883 3535.825225 3555.666551 3561.259111 3555.163975 3551.453935 3550.251225 3550.777758 3549.613804 3549.754743 3558.048405 3569.548946 3580.354986 3582.162033 3583.800151 3582.345479 3574.875991 3564.484238 3561.822670 3574.859366 3591.517277 3599.247747 3598.573888 3593.866698 3596.583608 3596.772809 3597.414188 3594.145020 3594.714588 3591.942035 3596.956204 3604.611993 3612.629953 3611.300177 3598.884623 3586.486054 3586.552069 3592.248865 3599.515770 3607.223849 3617.385583 3626.480070 3621.744748 3616.816995 3609.740194 3584.461584 3562.301900 3548.320186 3548.768915 3549.687404 3545.409556 3543.598231 3543.011477 3539.270892 3539.665081
3550.269225 3569.205104 3589.316525 3601.933669 3595.649032 3588.158253 3579.792610 3579.869545 3579.957350 3585.501068 3595.536522 3607.771274 3629.167530 3628.254372 3628.384749 3626.659633 3613.561179 3600.229616 3590.318139 3612.676920 3623.724856 3630.697346 3627.707456 3632.370096 3640.857609 3637.334117 3631.163681 3618.938635 3624.458917 3630.476260 3645.604254 3653.620160 3659.010025 3654.164459 3640.053013 3633.213824 3634.994678 3641.820571 3643.320002 3652.325138 3660.985502 3675.916699 3674.557514 3671.753428 3652.141846 3615.199726 3586.375183 3574.491148 3586.408142 3580.931957 3574.657080 3574.933412 3564.219042 3557.432627 3560.297418
3581.146414 3594.164371 3610.156096 3626.483537 3617.229919 3607.067036 3590.273412 3586.881118 3590.721773 3600.825169 3618.142751 3635.656798 3655.205672 3653.090709 3645.720417 3655.333887 3648.286457 3637.309726 3629.833647 3652.039565 3661.956474 3672.039175 3677.424352 3690.043215 3700.373838 3683.304793 3665.837210 3655.010603 3662.169597 3688.221022 3711.036084 3715.818715 3714.716073 3713.885227 3698.084092 3693.389000 3690.244032 3691.028487 3688.659031 3686.970263 3712.875926 3734.826076 3734.729017 3713.338539 3690.710074 3650.854923 3613.104700 3589.399317 3603.448685 3600.077897 3603.748082 3594.073752 3582.701906 3576.332912 3574.460586
3629.600472 3650.601977 3666.669914 3688.577247 3678.710514 3655.149888 3638.495654 3640.897718 3654.493127 3662.619860 3681.327667 3697.895566 3723.278407 3734.698002 3745.336926 3749.270235 3742.317205 3733.802240 3721.873608 3727.698436 3752.154072 3763.776026 3771.933714 3780.156312 3792.828273 3792.796281 3785.534356 3783.586723 3788.055996 3802.060900 3816.978075 3823.743899 3826.627550 3829.014426 3815.032841 3801.906191 3800.236971 3795.032107 3794.223726 3793.576873 3805.739405 3827.037038 3823.717219 3786.323244 3759.443293 3724.091789 3685.527754 3656.279545 3650.975425 3671.002987 3669.530575 3653.472907 3643.699653 3618.446320 3614.228556
3697.806575 3730.636472 3754.814950 3764.771575 3771.796073 3756.265677 3753.919847 3758.135347 3766.643683 3769.664030 3776.030787 3808.495819 3842.287711 3867.030793 3889.749579 3896.848738 3884.385126 3874.606277 3860.949772 3852.201291 3863.841163 3881.388990 3899.181412 3914.078151 3925.441262 3927.399723 3925.788280 3925.831824 3929.051266 3932.067701 3936.513140 3945.219703 3952.925161 3961.489620 3969.275530 3958.429509 3941.390700 3932.361785 3923.721251 3923.269691 3924.885903 3929.191007 3930.331062 3912.748925 3869.694108 3837.669848 3805.397203 3786.451675 3773.771483 3774.590936 3756.405049 3731.812765 3679.849272 3642.687401 3611.630247
3782.795985 3827.428506 3856.751150 3873.458472 3886.057758 3882.612391 3884.481826 3885.430921 3889.039929 3891.212762 3893.602624 3920.926889 3963.133415 4002.953071 4034.522002 4034.058101 4019.897057 4008.466228 3999.473070 3984.713311 3980.725292 3993.891496 4009.803722 4030.598243 4040.979699 4046.747918 4043.183168 4043.390971 4045.349651 4047.744059 4049.941292 4053.778808 4063.750502 4079.231231 4094.129110 4093.062711 4073.458879 4055.333725 4039.385840 4037.348576 4035.217248 4030.327028 4032.860795 4034.810542 4017.955218 3985.837358 3945.362210 3904.923635 3888.943207 3874.211017 3863.368064 3846.170284 3804.006225 3735.677022 3695.263715
3898.451500 3933.577935 3962.835892 3993.339099 4007.957432 4009.731740 4006.950326 4005.527749 4012.603451 4015.038003 4020.301792 4036.988910 4070.297670 4106.762436 4137.011339 4152.334464 4144.091823 4125.477802 4102.639473 4092.262397 4089.155408 4092.989467 4102.907015 4116.418912 4136.519245 4156.465718 4162.317702 4163.226192 4160.509212 4162.995234 4164.630613 4164.762650 4167.937399 4176.953326 4187.230092 4190.718009 4182.523697 4160.728604 4136.701849 4125.599361 4119.279007 4115.938868 4117.247062 4122.813330 4126.401388 4111.078301 4074.362257 4028.782445 3998.913038 3984.278865 3971.624008 3957.293270 3944.471292 3909.797306 3888.232459
4008.503611 4024.144929 4052.988279 4082.312720 4104.968255 4119.600236 4119.641751 4122.432613 4127.277872 4134.387429 4149.513488 4173.564940 4193.451940 4217.030481 4244.524994 4261.408072 4266.648690 4264.709721 4260.241031 4261.358847 4261.744866 4193.121028 4199.906128 4206.677491 4225.349706 4241.932002 4247.980328 4248.676882 4245.897778 4247.855265 4248.691202 4248.549150 4248.172006 4250.862068 4256.407520 4258.526969 4255.906789 4242.311938 4262.913800 4242.338898 4228.569681 4220.192844 4211.804582 4203.522721 4194.022451 4183.982374 4163.195847 4131.494550 4096.671263 4075.673883 4068.016756 4061.786636 4052.871374 4046.947067 4029.458166
4107.726008 4118.338349 4137.079768 4160.388451 4195.524997 4219.769901 4231.421832 4240.938383 4245.660231 4259.949540 4277.201774 4259.492896 4268.596564 4278.017171 4287.377543 4290.591974 4291.512341 4291.087658 4288.661263 4287.812318 4285.264490 4281.957343 4271.317466 4272.946307 4274.967646 4277.611739 4281.385688 4280.313420 4281.456250 4284.421415 4282.615111 4276.468767 4272.303991 4270.725724 4271.811525 4279.311076 4282.865185 4283.853092 4280.104363 4279.124934 4278.033383 4274.306919 4269.654496 4263.095949 4254.706278 4271.343237 4258.885631 4229.934498 4188.329176 4145.912880 4138.956497 4141.458047 4141.141388 4139.668381 4133.979659
4236.147676 4250.230049 4265.424469 4240.181703 4264.661381 4277.189125 4283.046881 4287.437268 4290.336829 4293.806992 4290.829450 4287.879945 4282.944037 4281.317836 4279.944957 4277.485813 4278.108441 4276.219540 4272.112444 4267.969648 4259.738773 4248.003304 4236.822869 4233.085868 4237.348626 4243.075250 4248.372621 4253.033115 4256.831178 4256.669018 4251.063484 4242.506897 4234.851066 4233.225912 4240.191638 4245.985836 4252.735433 4253.649224 4252.249399 4249.671403 4249.347877 4245.933825 4246.097744 4253.302553 4268.362563 4270.634559 4277.101606 4276.180642 4257.939209 4224.907813 4239.350854 4219.213548 4225.565325 4220.887452 4209.430049
4281.885829 4284.922092 4283.135402 4282.140888 4275.670273 4269.549306 4268.749375 4272.793677 4279.887255 4280.908824 4273.811212 4265.139132 4257.817192 4250.237505 4247.826377 4247.351927 4247.145100 4247.697604 4242.372833 4232.778989 4215.429562 4203.800203 4192.718693 4186.767892 4182.673729 4185.899845 4197.401909 4210.023084 4215.145494 4205.420000 4196.767745 4184.719781 4176.613653 4177.091679 4177.943743 4187.566075 4204.933211 4212.972542 4213.795864 4207.100373 4200.289865 4193.504105 4190.277210 4196.691117 4212.144952 4229.262601 4245.288696 4254.663750 4262.508732 4269.780965 4267.386407 4270.390067 4272.042832 4269.709347 4273.377789
4276.476481 4269.401751 4262.330916 4256.963455 4250.512146 4245.243114 4243.367816 4245.149430 4246.927637 4242.680315 4236.307585 4226.282885 4215.176076 4205.422272 4197.545980 4198.586125 4200.964231 4202.727198 4195.265827 4179.690273 4161.723002 4148.171581 4134.258385 4130.311280 4124.238769 4116.037065 4126.106228 4146.294437 4153.876497 4137.348695 4126.274450 4110.879087 4104.392865 4100.245099 4100.916705 4109.801569 4132.785944 4157.709335 4159.955547 4148.802808 4137.713018 4133.014717 4129.733174 4134.133371 4150.756939 4171.842087 4188.253370 4198.912208 4204.266221 4212.068572 4221.510629 4236.176249 4251.332933 4263.959844 4268.117600
4251.081896 4243.299219 4235.613390 4227.951749 4221.040238 4214.811279 4210.487580 4208.524469 4204.365812 4198.208569 4191.139951 4169.480199 4156.947066 4143.837421 4128.682583 4124.695256 4119.606838 4120.589226 4109.005446 4101.334234 4085.128283 4069.768558 4054.131005 4040.340181 4034.620807 4027.791715 4025.229246 4038.431894 4046.789669 4037.840929 4028.230911 4017.898481 4013.623362 4010.256930 4012.838305 4023.337362 4042.552135 4060.877833 4069.570368 4062.348690 4061.666196 4062.081156 4060.499544 4066.971585 4077.320227 4095.095043 4117.818520 4137.309006 4147.354262 4154.170496 4163.320603 4177.834510 4192.067688 4206.572719 4224.818982
4220.479285 4211.124007 4201.163650 4191.384700 4180.847312 4170.249957 4163.659448 4166.488178 4160.512443 4154.957378 4131.125914 4074.647684 4053.051713 4033.930117 4017.527673 4010.635006 4002.032235 3984.665051 3976.069154 3971.897936 3975.419619 3961.681260 3944.188923 3926.282356 3921.451014 3918.023155 3899.399828 3893.386090 3893.538651 3911.682884 3905.839132 3905.295455 3907.845620 3905.498616 3906.512804 3919.159624 3926.257424 3931.023645 3937.917992 3943.736099 3954.934711 3963.365054 3974.619700 3992.027105 4002.567212 4017.580462 4037.783366 4063.781572 4079.619829 4089.139075 4099.462565 4114.722580 4130.852537 4148.681917 4171.145288
4185.689250 4168.759353 4154.035209 4139.669425 4126.944536 4114.064942 4097.846240 4099.865539 4097.907256 4087.359905 4030.436666 3989.905639 3955.852597 3938.835679 3914.991324 3901.143987 3883.989813 3843.745292 3825.874603 3826.362552 3842.853392 3840.394584 3825.439398 3813.965515 3804.409079 3794.666792 3776.218926 3755.903332 3762.229181 3781.756593 3783.621435 3787.822965 3796.347222 3796.056537 3788.815741 3784.758925 3796.404888 3801.441051 3812.860564 3831.544282 3836.564140 3854.204039 3889.158428 3901.831774 3916.776638 3934.803095 3954.887509 3976.783506 3999.615611 4013.699933 4028.870804 4047.164899 4063.721922 4083.885317 4106.278024
4134.285728 4102.761751 4081.464074 4064.015268 4044.663349 4016.828160 3996.921762 3994.726108 3988.715455 3958.161971 3904.952952 3870.167355 3847.886358 3826.281789 3803.585588 3779.152911 3740.263628 3705.140240 3683.209222 3700.820673 3712.885775 3726.435131 3715.595108 3705.281323 3695.897315 3677.246209 3660.239642 3643.056105 3654.546837 3663.264376 3684.115968 3691.618126 3695.614924 3702.088477 3700.569098 3688.664802 3681.720866 3689.565022 3699.259131 3711.402776 3734.213038 3770.629556 3795.271887 3813.485459 3833.694337 3851.867810 3872.704476 3895.200607 3917.852396 3934.667365 3952.642135 3970.709761 3991.247975 4009.832302 4032.108690
4052.502931 4024.414303 3998.346532 3975.305613 3942.966566 3895.583403 3881.393559 3872.518006 3849.288538 3800.155693 3758.812802 3740.592802 3729.676840 3707.037020 3686.859725 3657.840115 3623.785572 3603.285242 3582.979557 3594.313974 3605.521185 3627.431444 3619.488559 3613.666012 3611.444823 3596.187952 3583.159546 3566.463734 3572.618970 3585.248208 3609.906047 3616.279940 3620.573475 3630.419243 3629.702663 3624.591796 3605.370071 3611.620064 3622.313204 3636.979097 3668.457826 3690.459495 3712.354099 3733.836831 3752.663631 3773.590028 3795.105725 3817.445985 3843.473735 3862.555162 3881.043410 3902.057819 3920.559149 3933.836964 3948.896431
3943.243330 3919.891254 3901.168241 3877.364596 3833.757451 3790.090895 3748.386111 3720.163591 3665.823405 3631.096902 3613.673780 3615.976540 3605.530160 3587.139750 3569.491668 3551.339001 3530.941192 3513.563566 3488.953478 3495.231820 3512.188147 3530.274276 3533.292436 3535.457895 3534.653927 3526.022301 3512.837254 3499.352374 3503.212668 3520.755558 3539.021095 3549.617934 3557.555886 3565.305411 3564.857901 3554.626637 3544.042017 3548.337460 3563.577097 3579.254911 3595.682677 3615.390300 3635.306634 3654.960927 3676.656468 3698.355691 3720.292445 3744.173735 3770.102060 3790.771470 3813.598992 3837.126223 3852.421178 3859.865914 3865.923138
3840.543745 3822.449166 3800.079134 3772.911908 3731.277409 3692.589882 3652.644442 3604.539501 3572.272480 3545.076591 3541.156500 3527.646114 3516.537294 3504.094407 3485.220923 3470.631581 3457.755751 3437.650684 3429.934184 3438.279877 3452.374451 3460.433270 3468.483914 3467.023235 3465.270786 3460.379612 3446.688019 3443.834856 3454.246686 3469.433925 3482.891827 3494.704031 3501.571336 3506.380732 3503.096327 3493.503911 3490.829568 3498.677936 3513.702217 3526.360090 3539.908230 3559.430401 3578.129930 3598.472700 3619.639971 3640.284770 3663.347491 3687.133932 3711.895298 3738.016296 3759.021806 3775.873871 3783.033147 3790.945939 3788.154347
3717.385788 3707.711939 3682.752703 3655.152550 3627.524967 3596.539565 3574.544079 3544.984250 3516.669832 3489.454727 3465.069705 3455.200880 3451.241607 3440.378166 3425.365314 3415.988300 3401.968061 3394.457658 3402.625511 3404.194771 3412.151147 3410.146424 3411.645016 3409.786320 3409.691947 3408.261445 3403.328665 3416.317420 3422.677880 3435.781134 3445.580500 3455.260253 3460.808627 3464.071018 3465.235952 3461.205786 3467.196150 3472.588737 3485.479227 3495.779548 3508.070698 3526.726282 3542.246919 3559.615456 3580.246740 3601.579284 3623.673890 3647.649363 3674.018923 3696.916249 3712.679572 3717.356213 3724.655415 3723.753665 3710.151422
