tests/Borden05m/sims/sim_1/output-maps/psiliqL0030N0012.asc
ncols         160
nrows         34
xllcorner     620200.000000
yllcorner     5168000.000000
cellsize      0.500000
NODATA_value  -9999.0
[rows 0 to 24 of 34, columns 55 to 109 of 160]
-9999.0 -9999.0 -9999.0 -9999.0 -9999.0 -9999.0 -9999.0 -9999.0 -9999.0 -9999.0 -9999.0 -9999.0 -9999.0 -9999.0 -9999.0 -9999.0 -9999.0 -9999.0 -9999.0 -9999.0 -9999.0 -9999.0 -9999.0 -9999.0 -9999.0 -9999.0 -9999.0 -9999.0 -9999.0 -9999.0 -9999.0 -9999.0 -9999.0 -9999.0 -9999.0 -9999.0 -9999.0 -9999.0 -9999.0 -9999.0 -9999.0 -9999.0 -9999.0 -9999.0 -9999.0 -9999.0 -9999.0 -9999.0 -9999.0 -9999.0 -9999.0 -9999.0 -9999.0 -9999.0 -9999.0
-9999.0 -9999.0 -9999.0 -9999.0 4197.054397 4191.814448 4187.197588 4182.817475 4174.441958 4165.123520 4157.451728 4153.223700 4151.998888 4151.153614 4150.448363 4155.180464 4163.226909 4170.799567 4177.553046 4179.933077 4182.216112 4183.916595 4184.036053 4182.889601 4179.611833 4176.208605 4172.785266 4170.995894 4163.845695 4152.782486 4144.616657 4141.939304 4146.028812 4150.317623 4152.752409 4157.701053 4167.949627 4178.456239 4187.020755 4199.762509 4207.113594 4212.488642 4214.912363 4210.909619 4207.675641 4203.607380 4197.107340 4185.968526 -9999.0 -9999.0 -9999.0 -9999.0 -9999.0 -9999.0 -9999.0
4142.062154 4160.375280 4181.666292 4184.730188 4172.820857 4167.674081 4164.574214 4163.027344 4158.981809 4150.551084 4145.485125 4139.979759 4137.080594 4137.049920 4136.842545 4140.324740 4151.223396 4158.908940 4163.350761 4165.973901 4168.843807 4166.823489 4165.913836 4165.665568 4162.708488 4159.153667 4155.725334 4153.812040 4155.560967 4147.945922 4141.774898 4137.714583 4134.342998 4137.139297 4139.909120 4144.844405 4153.882165 4161.675550 4169.558712 4184.975455 4198.364257 4204.166920 4201.575756 4197.075440 4193.213638 4185.536189 4174.526458 4164.622380 4157.050088 4151.222823 4145.898307 4139.234658 4145.769388 4154.027764 4163.168901
4125.253462 4144.454040 4165.010755 4167.479849 4157.338943 4149.767677 4142.348602 4142.955366 4146.737876 4143.591982 4138.710528 4130.037167 4140.514544 4141.392987 4141.907134 4144.999223 4146.429930 4152.104117 4154.348642 4159.606667 4168.511013 4171.286203 4171.627403 4171.577916 4169.480648 4166.116478 4164.038025 4161.165505 4155.809851 4153.757079 4153.180875 4151.554311 4155.352462 4156.869500 4160.133187 4154.993605 4159.667104 4165.914134 4172.899912 4178.078289 4184.027453 4186.072291 4182.739072 4183.751850 4175.395988 4161.775074 4152.302108 4145.161052 4146.078910 4143.220474 4135.285812 4121.261095 4129.964023 4146.280977 4151.152318
4129.976378 4138.840261 4149.035774 4151.382218 4146.326764 4148.798411 4150.622395 4151.715192 4149.749344 4146.026055 4140.888357 4150.645024 4158.580881 4159.803555 4162.028847 4166.010069 4167.246646 4156.639595 4154.659353 4161.547233 4170.925141 4175.813984 4175.918512 4175.395085 4171.138314 4169.863833 4169.647387 4167.915217 4166.954514 4168.201548 4164.991495 4167.392302 4172.793658 4176.226139 4171.793245 4163.584326 4166.250384 4174.904053 4184.311419 4191.955098 4201.936469 4212.499967 4213.143732 4208.921633 4200.516309 4188.360843 4166.163117 4149.244618 4138.225936 4129.954962 4122.665548 4126.587785 4121.384449 4136.030014 4137.894956
4112.780146 4134.688047 4154.419257 4159.663990 4153.645281 4150.328340 4149.561022 4150.148192 4148.818115 4148.481581 4156.046152 4167.244263 4177.453792 4179.212918 4180.780088 4179.194893 4172.115036 4161.733132 4159.361886 4172.105133 4188.965486 4196.663255 4195.780883 4190.280718 4192.167870 4192.748944 4193.947831 4191.066765 4191.365601 4187.727361 4191.746078 4199.459963 4207.713675 4206.488430 4193.951627 4181.298563 4181.665395 4187.948450 4196.026142 4203.999341 4214.075993 4222.943100 4218.151083 4213.532990 4206.884608 4182.083010 4160.731833 4147.133065 4147.441384 4148.344069 4144.026213 4142.344380 4142.177122 4138.987502 4139.442575
4147.464891 4166.169700 4186.572928 4198.723486 4192.488876 4185.263294 4177.418195 4177.532026 4177.150163 4182.339682 4191.957164 4203.308548 4224.398118 4222.877860 4222.514940 4219.945104 4206.496969 4192.982495 4183.385468 4206.829425 4218.156304 4224.863816 4220.941937 4224.580913 4232.857407 4229.610771 4223.873613 4211.250544 4216.661520 4221.498505 4236.720890 4245.069568 4250.831418 4245.194453 4230.384145 4223.262400 4225.712712 4233.506054 4235.797435 4245.713931 4253.950370 4268.756408 4267.054689 4265.376754 4246.108977 4208.825245 4180.849664 4170.480722 4183.520422 4178.080851 4171.651204 4172.557686 4162.304502 4156.184274 4159.472079
4176.098544 4188.404748 4204.229183 4220.433614 4210.430148 4200.548185 4183.152718 4179.314764 4182.574154 4192.932649 4210.175200 4226.843095 4245.771810 4241.657490 4232.203162 4241.995812 4234.903279 4223.621638 4216.364737 4241.095439 4250.662604 4260.512396 4265.070261 4277.792969 4287.968988 4269.310731 4250.667466 4238.638621 4246.293477 4273.846416 4297.988824 4302.767794 4301.175472 4299.555184 4282.216555 4277.888791 4275.460487 4277.478879 4275.774839 4274.508911 4302.034026 4325.076212 4325.127569 4303.843730 4281.156818 4240.074284 4201.858692 4179.540044 4196.388624 4192.505780 4196.846149 4187.952598 4177.103215 4172.577845 4172.042615
4220.715311 4240.439668 4255.929978 4278.405009 4266.492021 4241.644620 4223.288461 4225.433428 4239.533531 4248.178464 4267.957954 4283.248217 4307.647421 4317.257597 4326.355063 4330.398000 4323.852675 4315.484987 4303.848534 4311.453996 4337.670421 4349.353955 4357.095393 4364.887667 4377.722548 4376.548965 4368.296118 4366.064798 4370.871307 4386.470201 4402.776321 4409.622918 4412.001723 4413.716205 4397.447740 4383.613527 4382.916404 4378.398895 4378.785410 4378.440302 4392.573839 4415.972501 4412.163376 4371.959539 4344.691530 4308.121280 4268.678029 4239.335415 4236.145483 4258.780746 4258.913297 4242.835986 4234.674334 4210.988565 4208.954592
4286.354088 4319.165275 4343.112890 4352.484920 4358.532745 4340.962301 4338.038353 4342.590587 4351.668028 4354.557736 4360.913395 4393.761774 4427.725921 4451.864080 4474.578693 4481.563139 4468.720318 4458.985611 4444.982905 4436.417302 4449.778480 4468.154084 4486.332169 4501.184474 4512.665319 4514.298239 4512.610604 4512.622625 4516.148657 4519.216617 4524.028117 4533.356888 4541.215071 4549.508230 4556.622931 4544.644089 4527.445352 4519.037912 4511.381315 4511.794870 4513.950574 4519.403037 4520.619098 4500.622010 4454.634549 4421.380331 4388.534002 4371.177070 4359.747537 4363.196189 4344.741599 4319.115667 4265.170418 4228.000250 4197.114178
4369.413905 4415.584147 4445.176488 4460.800834 4473.234694 4468.736606 4470.775306 4471.626934 4475.013140 4476.785021 4478.408195 4507.073044 4550.717864 4591.517459 4623.808911 4622.579160 4607.476652 4595.867054 4587.200126 4571.573733 4567.488655 4581.889018 4598.924213 4620.835324 4631.067645 4636.055626 4631.884917 4632.060419 4634.368269 4636.868597 4639.178781 4643.451977 4654.103886 4670.423394 4686.143643 4684.607055 4663.574722 4645.106208 4629.339948 4628.287043 4626.854202 4622.011953 4624.907557 4626.942614 4607.789243 4573.779665 4531.829062 4491.281335 4477.011525 4463.140390 4452.283638 4434.298153 4387.985494 4315.256361 4272.041266
4486.194251 4523.508219 4553.220658 4584.180292 4598.271741 4599.047962 4595.809032 4593.878098 4601.107897 4602.921717 4607.351351 4624.292750 4659.933346 4698.332078 4729.615499 4744.719046 4735.590724 4715.692173 4691.634064 4680.156045 4676.673453 4680.933393 4691.615954 4706.362764 4727.540466 4748.447809 4754.430737 4755.384353 4752.605103 4755.199941 4756.962686 4757.120336 4760.766383 4770.723097 4781.715430 4785.404399 4776.441529 4753.303080 4728.307416 4717.769937 4711.828206 4708.630716 4710.532001 4716.888438 4721.172226 4704.846065 4666.062540 4618.366756 4588.749431 4575.220046 4562.833858 4547.901596 4534.246024 4495.776767 4472.908612
4598.125415 4614.513573 4644.470713 4674.734416 4697.366687 4711.853590 4711.233980 4713.587614 4718.590909 4725.287070 4740.499280 4765.822919 4787.146855 4812.339882 4841.346997 4859.277143 4864.485840 4862.084347 4856.927834 4857.909356 4858.348177 4780.550497 4788.158954 4795.763834 4816.925672 4835.370927 4842.165706 4842.955132 4839.805483 4841.958640 4842.906035 4842.705047 4842.320281 4845.594342 4851.879186 4854.281228 4851.311694 4836.184193 4860.540971 4839.102756 4824.853643 4816.214551 4807.598522 4799.273753 4789.657448 4779.365350 4757.349943 4724.260479 4688.671434 4668.571738 4661.373644 4654.891516 4645.155551 4638.787995 4620.405915
4698.389478 4709.066115 4728.715727 4752.970913 4790.045666 4815.632559 4827.699404 4837.562171 4842.374932 4857.229476 4875.450010 4855.065274 4865.382763 4876.059453 4886.667873 4890.310895 4891.353977 4890.872671 4888.393435 4887.431298 4884.682427 4881.642329 4870.725133 4872.384484 4874.520659 4877.201304 4881.038451 4880.019202 4881.213089 4884.194942 4882.317134 4876.009928 4871.707196 4870.123822 4871.347725 4878.947227 4882.603220 4883.637502 4879.292940 4878.242931 4877.005841 4872.782513 4867.509768 4860.076749 4850.568455 4870.051671 4856.958378 4826.553757 4782.773062 4738.363928 4732.576017 4736.253776 4735.558908 4734.153486 4728.286264
4832.486040 4847.210048 4863.047739 4833.067262 4860.810897 4875.009005 4881.647793 4886.463570 4889.507067 4893.506581 4890.580038 4887.722610 4882.707244 4880.984218 4879.577611 4877.085258 4877.694901 4875.802139 4871.626104 4867.318930 4858.661284 4846.657074 4835.469920 4831.457313 4835.652448 4841.542616 4847.062306 4852.050854 4855.963333 4855.532895 4849.715953 4840.962473 4833.141875 4831.569359 4838.667847 4844.535945 4851.632164 4852.603795 4851.193317 4848.480920 4848.036918 4844.402325 4844.494768 4851.893556 4867.417569 4868.965834 4876.295153 4875.251393 4854.577770 4817.142187 4836.172294 4815.712678 4822.571371 4817.736445 4806.076715
4881.249277 4884.690372 4882.665457 4881.834334 4875.219649 4868.991874 4868.153284 4872.231500 4879.388230 4880.336676 4873.158048 4864.327016 4856.847484 4849.015847 4846.489898 4846.144193 4845.999117 4846.619949 4841.234537 4831.184183 4813.292180 4801.568223 4790.451856 4784.476945 4779.891550 4782.747829 4794.648827 4807.964820 4813.211555 4802.806669 4793.851433 4781.442409 4773.280794 4773.805227 4774.366898 4784.170893 4802.353647 4811.179552 4812.055308 4805.016425 4797.712509 4790.739308 4787.276830 4793.675258 4809.369610 4827.033609 4843.700517 4853.428241 4861.460558 4868.969082 4865.299252 4868.703401 4870.576536 4867.931920 4872.622835
4876.181357 4868.953990 4861.723031 4856.227911 4849.744437 4844.502204 4842.539528 4844.144013 4845.640665 4841.127031 4834.729939 4824.615267 4813.327556 4803.435908 4795.097444 4796.133606 4798.515453 4800.406822 4792.625266 4776.658306 4758.390069 4744.677109 4730.640819 4726.635435 4720.246590 4711.150003 4721.133722 4742.044356 4749.941361 4732.701850 4721.315031 4705.592298 4699.251899 4694.864439 4695.369593 4704.199107 4727.964055 4754.197230 4756.712282 4745.263180 4733.864082 4729.239335 4725.885578 4729.981802 4746.499193 4768.063690 4785.021810 4796.068509 4801.477723 4809.325710 4818.861379 4834.159758 4849.862666 4862.939819 4866.254615
4850.279492 4842.425778 4834.655172 4826.874658 4819.874938 4813.527459 4809.087261 4807.065061 4802.482593 4796.156382 4788.927939 4765.544224 4752.725326 4739.163733 4723.485583 4719.217274 4713.531742 4714.246450 4702.411507 4695.126802 4679.225380 4663.719024 4647.928453 4633.321531 4627.540906 4620.441260 4616.455807 4629.225462 4637.461612 4629.362377 4619.849688 4609.984933 4606.075795 4602.692516 4605.443397 4616.052996 4634.776413 4653.150866 4662.314401 4655.319181 4655.665685 4656.783968 4655.263466 4662.095789 4671.844242 4689.477044 4712.868988 4733.343544 4743.745498 4750.553227 4759.680681 4774.403119 4788.888715 4803.703741 4822.398844
4819.372520 4809.851206 4799.716140 4789.714668 4778.968279 4768.167280 4761.304703 4764.305265 4758.263420 4752.670346 4726.838692 4667.896708 4645.259926 4625.583455 4608.654015 4601.260991 4592.161844 4572.640369 4563.950371 4560.097648 4565.575563 4552.010747 4534.323346 4515.905238 4511.043037 4507.687473 4487.021035 4478.794794 4478.327707 4499.343160 4493.778911 4494.292083 4497.804930 4495.508999 4496.123731 4508.651473 4514.879638 4518.673358 4525.860286 4533.315470 4545.632565 4554.781711 4567.792979 4585.849383 4596.124161 4610.951170 4631.257133 4658.105776 4674.778458 4684.553616 4694.992240 4710.430921 4726.704874 4744.870169 4767.619327
4784.079822 4766.353924 4751.205222 4736.526676 4723.533135 4710.337591 4693.212390 4695.228936 4693.317552 4682.050562 4621.556215 4580.979708 4546.176831 4529.004327 4504.398049 4489.684414 4470.973611 4427.565823 4408.673718 4410.229394 4428.851018 4427.637708 4412.895166 4401.764770 4391.771470 4381.287546 4361.610641 4338.910302 4345.540930 4366.558652 4369.681475 4375.065887 4384.513376 4384.547925 4376.581689 4370.690629 4381.928055 4386.510368 4398.463141 4418.860679 4424.292520 4443.973812 4481.086125 4493.927916 4509.212080 4527.219400 4547.345727 4569.470619 4593.195008 4607.775906 4623.372225 4641.872213 4658.660833 4678.992686 4701.465755
4731.233146 4698.633981 4676.667276 4658.723969 4638.622459 4608.982568 4588.812651 4586.302912 4580.117503 4546.860893 4491.727913 4457.536165 4436.248370 4414.263198 4391.350172 4365.298402 4323.570579 4287.249390 4264.587603 4284.371289 4297.187756 4313.082384 4302.647712 4292.608116 4283.186256 4263.388354 4245.903583 4227.494261 4239.547758 4248.314311 4271.699439 4280.037882 4284.146249 4291.466938 4289.942289 4276.634752 4267.408939 4275.258951 4285.073577 4297.843016 4322.862676 4361.130620 4386.257324 4405.128712 4425.717439 4443.939415 4464.834297 4487.491263 4510.785944 4528.125564 4546.363653 4564.540386 4585.325022 4603.757938 4625.817845
4646.051314 4617.564203 4591.240722 4567.693020 4533.719329 4484.073077 4469.523206 4460.113578 4434.280186 4381.974944 4340.214282 4324.658320 4315.697560 4292.868504 4272.830265 4242.824766 4207.664232 4187.863905 4167.121517 4179.101906 4190.938120 4214.785777 4207.419870 4202.455673 4200.849013 4185.337915 4172.351074 4155.109185 4160.961130 4174.150269 4200.353138 4207.223544 4211.746879 4222.246737 4221.681269 4216.138260 4194.977607 4200.943570 4211.946452 4227.131005 4259.797571 4281.694163 4303.632032 4325.647093 4344.670804 4365.803176 4387.350344 4409.830650 4436.470142 4455.953080 4474.763769 4496.081438 4514.576262 4527.149786 4541.319854
4533.886340 4510.612646 4492.211909 4467.979788 4422.302295 4377.917473 4333.972071 4302.647861 4244.319690 4208.690393 4194.040228 4199.631359 4190.198870 4172.185804 4154.829381 4136.830056 4117.112436 4100.407620 4075.361972 4081.915169 4099.603375 4118.374616 4122.979477 4126.144556 4125.681600 4117.445934 4104.255017 4090.714930 4094.600660 4112.638628 4131.234203 4142.511917 4150.769505 4158.626851 4158.139515 4147.314550 4136.402413 4140.582307 4156.267421 4172.125410 4187.949423 4207.462064 4227.349047 4247.233224 4269.169470 4290.961954 4312.990232 4337.003679 4363.270151 4384.522195 4407.662724 4431.442960 4446.302576 4453.138598 4457.927455
4429.232091 4411.620897 4389.162879 4361.277297 4318.713020 4279.953825 4239.768949 4189.110780 4156.344849 4129.310698 4127.546703 4114.616951 4104.407678 4092.691641 4073.860885 4059.885922 4047.891045 4027.900427 4021.948818 4030.728979 4044.900487 4052.230091 4061.227723 4059.975168 4058.393245 4053.943397 4040.183710 4038.707542 4049.497069 4064.669285 4077.882883 4090.062004 4097.006203 4101.616723 4098.271588 4088.469350 4086.508878 4094.440788 4109.533453 4121.944885 4134.968550 4154.369760 4172.848048 4193.244985 4214.461636 4235.084383 4258.174109 4282.004020 4306.938919 4333.573336 4354.514231 4370.762222 4377.464105 4385.003926 4380.480115
4303.795876 4295.160217 4269.799778 4241.699083 4214.537116 4184.433715 4163.560949 4133.962596 4105.675624 4078.635507 4054.038425 4045.234420 4042.114357 4031.727509 4017.273474 4008.469434 3994.805741 3989.089142 3998.757186 3999.933465 4007.147091 4004.407413 4006.007433 4004.303827 4004.350405 4003.448009 3999.608294 4013.778401 4019.911851 4032.723719 4042.350977 4052.114638 4057.564116 4060.698725 4062.169530 4058.672520 4065.238738 4070.380804 4083.056467 4093.185979 4105.082351 4123.499759 4138.844829 4156.026561 4176.639338 4197.963288 4219.993532 4244.003044 4270.504491 4293.388077 4308.694470 4312.691996 4319.572377 4317.575651 4302.610374
