tests/Borden05m/sims/sim_1/output-maps/psiliqL0027N0007.asc
ncols         160
nrows         34
xllcorner     620200.000000
yllcorner     5168000.000000
cellsize      0.500000
NODATA_value  -9999.0
[rows 0 to 24 of 34, columns 55 to 109 of 160]
-9999.0 -9999.0 -9999.0 -9999.0 -9999.0 -9999.0 -9999.0 -9999.0 -9999.0 -9999.0 -9999.0 -9999.0 -9999.0 -9999.0 -9999.0 -9999.0 -9999.0 -9999.0 -9999.0 -9999.0 -9999.0 -9999.0 -9999.0 -9999.0 -9999.0 -9999.0 -9999.0 -9999.0 -9999.0 -9999.0 -9999.0 -9999.0 -9999.0 -9999.0 -9999.0 -9999.0 -9999.0 -9999.0 -9999.0 -9999.0 -9999.0 -9999.0 -9999.0 -9999.0 -9999.0 -9999.0 -9999.0 -9999.0 -9999.0 -9999.0 -9999.0 -9999.0 -9999.0 -9999.0 -9999.0
-9999.0 -9999.0 -9999.0 -9999.0 3597.897415 3592.606901 3587.866130 3583.370724 3574.869116 3565.534038 3557.697772 3553.476547 3552.267633 3551.393567 3550.706585 3555.493723 3563.499450 3571.054125 3577.851921 3580.211565 3582.497770 3584.269967 3584.433011 3583.253197 3579.968116 3576.571545 3573.141557 3571.390926 3564.068987 3552.944983 3544.662223 3541.968085 3546.114124 3550.436017 3552.886697 3558.002569 3568.347781 3578.921805 3587.500700 3600.115187 3607.223756 3612.588802 3615.152107 3611.182619 3607.946738 3603.974762 3597.762968 3586.668708 -9999.0 -9999.0 -9999.0 -9999.0 -9999.0 -9999.0 -9999.0
3542.809281 3561.142050 3582.144413 3585.219616 3573.465802 3568.355099 3565.202316 3563.536237 3559.306658 3550.792493 3545.646074 3540.111946 3537.349163 3537.289141 3537.088531 3540.643431 3551.375192 3559.078901 3563.547596 3566.122117 3568.916735 3567.175282 3566.309118 3566.026533 3563.064403 3559.517219 3556.082817 3554.178169 3555.681348 3548.059810 3542.000682 3538.046288 3534.972547 3537.719849 3540.428512 3545.102015 3554.234153 3562.110684 3570.066374 3585.313651 3598.563773 3604.307306 3601.779779 3597.248949 3593.459114 3586.015473 3575.228424 3565.287217 3557.335177 3551.347585 3546.053007 3539.632120 3546.143932 3554.176606 3563.508200
3525.976934 3545.084505 3565.487522 3567.974374 3557.707662 3549.985992 3542.956206 3543.448062 3546.964428 3543.696890 3538.799120 3530.714404 3540.776784 3541.666030 3542.236154 3545.313886 3546.995119 3552.179393 3554.477526 3559.718146 3568.601972 3571.331872 3571.674110 3571.628094 3569.551688 3566.209184 3564.159948 3561.291251 3555.946856 3554.043846 3553.600144 3552.199046 3556.191532 3557.703034 3560.703948 3555.311354 3559.807972 3566.070653 3573.058075 3578.508381 3584.625415 3587.061460 3583.801542 3584.551651 3576.267474 3562.693757 3553.009376 3545.703705 3546.182985 3543.330234 3535.481991 3521.766055 3530.258048 3546.503602 3551.385330
3530.253685 3539.060640 3549.430789 3551.811779 3546.706420 3548.919035 3550.642583 3551.740926 3549.772232 3546.097580 3541.429054 3551.572013 3559.669524 3560.905993 3563.178907 3567.037637 3567.899351 3557.027288 3554.931753 3562.019884 3571.516848 3576.515244 3576.594553 3576.107996 3572.203784 3570.943971 3570.669464 3568.829317 3568.141632 3569.563158 3566.882497 3569.646755 3575.072648 3578.406645 3573.399330 3565.058520 3567.430923 3575.955912 3585.173652 3592.800406 3602.946300 3613.702347 3614.126847 3609.754394 3601.355605 3589.073717 3566.785615 3549.525765 3538.641017 3530.668981 3523.492424 3526.814353 3522.083168 3536.211607 3538.114755
3514.927652 3535.815826 3555.657463 3561.249875 3555.154555 3551.444326 3550.241431 3550.767746 3549.603592 3549.744319 3558.037750 3569.538459 3580.353374 3582.160841 3583.798949 3582.343761 3574.864486 3564.472249 3561.810546 3574.847518 3591.515493 3599.246428 3598.572573 3593.865372 3596.582266 3596.771461 3597.412827 3594.143644 3594.713200 3591.940642 3596.954807 3604.610592 3612.628559 3611.299212 3598.883240 3586.484664 3586.550672 3592.247501 3599.514855 3607.222954 3617.384729 3626.479213 3621.743921 3616.816178 3609.739386 3584.460327 3562.291000 3548.308614 3548.758248 3549.677063 3545.398971 3543.587933 3543.001499 3539.261234 3539.655683
3550.258965 3569.195003 3589.314977 3601.932512 3595.647858 3588.157050 3579.791380 3579.868285 3579.956076 3585.499758 3595.535186 3607.769914 3629.166583 3628.253442 3628.383799 3626.658664 3613.559704 3600.228107 3590.316619 3612.675406 3623.723814 3630.696327 3627.706423 3632.369061 3640.856570 3637.333071 3631.162613 3618.937566 3624.457845 3630.475172 3645.603165 3653.619075 3659.008934 3654.163386 3640.051916 3633.212734 3634.993581 3641.819493 3643.318933 3652.324091 3660.984456 3675.915681 3674.556512 3671.752447 3652.140901 3615.198753 3586.373290 3574.478963 3586.406287 3580.930203 3574.645793 3574.922075 3564.208078 3557.421970 3560.286519
3581.144641 3594.163065 3610.155172 3626.482624 3617.228990 3607.066086 3590.272442 3586.880118 3590.720746 3600.824110 3618.141690 3635.655713 3655.204574 3653.089600 3645.719272 3655.332792 3648.285296 3637.308533 3629.832450 3652.038348 3661.955274 3672.038045 3677.423220 3690.042057 3700.372681 3683.303618 3665.836021 3655.009422 3662.168394 3688.219824 3711.034858 3715.817496 3714.714845 3713.884003 3698.082887 3693.387781 3690.242827 3691.027278 3688.657837 3686.969087 3712.874751 3734.824931 3734.727897 3713.337434 3690.709004 3650.853806 3613.103571 3589.397747 3603.447635 3600.076875 3603.746633 3594.072344 3582.700528 3576.331095 3574.448822
3629.599413 3650.600913 3666.668841 3688.576203 3678.709459 3655.148804 3638.494538 3640.896597 3654.491977 3662.618689 3681.326464 3697.894345 3723.277158 3734.696738 3745.335696 3749.270010 3742.315929 3733.800920 3721.872268 3727.697095 3752.152766 3763.775833 3771.933582 3780.156185 3792.828146 3792.796144 3785.534220 3783.586586 3788.055861 3802.060754 3816.977946 3823.743768 3826.627421 3829.014290 3815.032706 3801.906065 3800.236835 3795.031975 3794.223581 3793.576737 3805.739274 3827.036899 3823.717083 3786.323110 3759.443120 3724.090566 3685.526518 3656.278344 3650.974264 3671.001877 3669.529423 3653.471768 3643.698564 3618.445244 3614.227032
3697.805406 3730.635269 3754.813777 3764.771407 3771.795950 3756.265546 3753.919726 3758.135208 3766.643542 3769.663904 3776.030652 3808.495677 3842.287578 3867.030645 3889.749445 3896.848635 3884.384981 3874.606137 3860.949631 3852.201131 3863.841026 3881.388896 3899.181321 3914.078047 3925.441173 3927.399634 3925.788194 3925.831726 3929.051178 3932.067612 3936.513039 3945.219603 3952.925073 3961.489602 3969.275512 3958.429499 3941.390607 3932.361690 3923.721154 3923.269602 3924.885818 3929.190913 3930.330977 3912.748843 3869.694024 3837.669722 3805.397063 3786.451545 3773.771343 3774.590758 3756.403791 3731.811503 3679.848032 3642.686147 3611.629013
3782.795785 3827.428374 3856.751004 3873.458387 3886.057668 3882.612312 3884.481729 3885.430836 3889.039842 3891.212658 3893.602534 3920.926788 3963.133391 4002.953070 4034.521993 4034.058101 4019.897048 4008.466206 3999.473069 3984.713310 3980.725274 3993.891492 4009.803708 4030.598247 4040.979685 4046.747912 4043.183151 4043.390973 4045.349631 4047.744044 4049.941293 4053.778787 4063.750501 4079.231217 4094.129114 4093.062710 4073.458863 4055.333723 4039.385821 4037.348566 4035.217237 4030.327022 4032.860788 4034.810525 4017.955202 3985.837333 3945.362116 3904.923546 3888.943122 3874.210915 3863.367934 3846.170140 3804.006034 3735.675643 3695.262344
3898.451414 3933.577838 3962.835883 3993.339099 4007.957426 4009.731728 4006.950310 4005.527745 4012.603436 4015.038000 4020.301779 4036.988902 4070.297668 4106.762434 4137.011340 4152.334456 4144.091816 4125.477796 4102.639465 4092.262385 4089.155407 4092.989458 4102.907006 4116.418904 4136.519248 4156.465707 4162.317695 4163.226189 4160.509213 4162.995224 4164.630623 4164.762653 4167.937398 4176.953329 4187.230089 4190.718016 4182.523687 4160.728593 4136.701853 4125.599356 4119.279000 4115.938856 4117.247054 4122.813321 4126.401397 4111.078293 4074.362249 4028.782432 3998.913034 3984.278850 3971.623992 3957.293179 3944.471185 3909.797161 3888.232311
4008.503598 4024.144921 4052.988269 4082.312709 4104.968244 4119.600240 4119.641738 4122.432614 4127.277868 4134.387428 4149.513474 4173.564947 4193.451943 4217.030470 4244.524984 4261.408071 4266.648694 4264.709719 4260.241030 4261.358851 4261.744867 4193.121035 4199.906124 4206.677486 4225.349693 4241.932014 4247.980329 4248.676881 4245.897780 4247.855264 4248.691201 4248.549139 4248.172003 4250.862070 4256.407519 4258.526969 4255.906794 4242.311940 4262.913798 4242.338894 4228.569678 4220.192852 4211.804589 4203.522721 4194.022443 4183.982380 4163.195846 4131.494546 4096.671246 4075.673872 4068.016759 4061.786616 4052.871366 4046.947058 4029.458144
4107.725994 4118.338348 4137.079771 4160.388436 4195.524998 4219.769890 4231.421841 4240.938375 4245.660224 4259.949537 4277.201769 4259.492901 4268.596567 4278.017177 4287.377547 4290.591978 4291.512344 4291.087663 4288.661258 4287.812313 4285.264490 4281.957335 4271.317467 4272.946303 4274.967659 4277.611734 4281.385680 4280.313428 4281.456242 4284.421418 4282.615104 4276.468781 4272.303984 4270.725720 4271.811529 4279.311068 4282.865175 4283.853098 4280.104369 4279.124928 4278.033378 4274.306911 4269.654489 4263.095945 4254.706274 4271.343234 4258.885630 4229.934501 4188.329182 4145.912868 4138.956493 4141.458047 4141.141371 4139.668380 4133.979665
4236.147669 4250.230062 4265.424454 4240.181708 4264.661385 4277.189126 4283.046880 4287.437266 4290.336837 4293.807000 4290.829459 4287.879934 4282.944034 4281.317829 4279.944966 4277.485807 4278.108437 4276.219545 4272.112437 4267.969657 4259.738766 4248.003311 4236.822865 4233.085879 4237.348610 4243.075258 4248.372615 4253.033120 4256.831180 4256.669012 4251.063478 4242.506904 4234.851057 4233.225917 4240.191640 4245.985843 4252.735435 4253.649215 4252.249399 4249.671405 4249.347884 4245.933828 4246.097750 4253.302553 4268.362565 4270.634557 4277.101603 4276.180638 4257.939206 4224.907809 4239.350855 4219.213551 4225.565320 4220.887446 4209.430054
4281.885832 4284.922090 4283.135400 4282.140895 4275.670261 4269.549313 4268.749382 4272.793674 4279.887250 4280.908818 4273.811207 4265.139135 4257.817197 4250.237499 4247.826375 4247.351921 4247.145097 4247.697602 4242.372837 4232.778991 4215.429551 4203.800211 4192.718683 4186.767884 4182.673741 4185.899835 4197.401912 4210.023088 4215.145498 4205.419995 4196.767755 4184.719782 4176.613659 4177.091677 4177.943753 4187.566064 4204.933204 4212.972538 4213.795871 4207.100366 4200.289863 4193.504110 4190.277204 4196.691119 4212.144951 4229.262603 4245.288694 4254.663760 4262.508733 4269.780971 4267.386409 4270.390071 4272.042839 4269.709354 4273.377777
4276.476476 4269.401746 4262.330923 4256.963459 4250.512145 4245.243110 4243.367808 4245.149442 4246.927630 4242.680317 4236.307575 4226.282895 4215.176067 4205.422275 4197.545979 4198.586124 4200.964240 4202.727194 4195.265829 4179.690278 4161.722988 4148.171581 4134.258383 4130.311281 4124.238768 4116.037054 4126.106220 4146.294429 4153.876483 4137.348690 4126.274449 4110.879066 4104.392867 4100.245091 4100.916695 4109.801560 4132.785950 4157.709339 4159.955532 4148.802804 4137.713012 4133.014707 4129.733173 4134.133373 4150.756920 4171.842092 4188.253380 4198.912198 4204.266217 4212.068577 4221.510629 4236.176240 4251.332923 4263.959848 4268.117599
4251.081889 4243.299227 4235.613393 4227.951740 4221.040240 4214.811271 4210.487580 4208.524474 4204.365803 4198.208564 4191.139962 4169.480181 4156.947071 4143.837414 4128.682577 4124.695258 4119.606825 4120.589219 4109.005438 4101.334217 4085.128286 4069.768547 4054.131005 4040.340164 4034.620789 4027.791719 4025.229226 4038.431892 4046.789664 4037.840916 4028.230899 4017.898476 4013.623355 4010.256914 4012.838297 4023.337361 4042.552115 4060.877821 4069.570371 4062.348672 4061.666182 4062.081149 4060.499544 4066.971572 4077.320233 4095.095028 4117.818506 4137.308997 4147.354250 4154.170488 4163.320598 4177.834505 4192.067690 4206.572725 4224.818983
4220.479294 4211.124006 4201.163644 4191.384691 4180.847326 4170.249946 4163.659441 4166.488162 4160.512449 4154.957382 4131.125910 4074.647672 4053.051706 4033.930106 4017.527661 4010.634998 4002.032228 3984.665049 3976.069132 3971.897934 3975.419600 3961.681249 3944.188824 3926.282253 3921.450931 3918.023053 3899.399737 3893.386004 3893.538548 3911.682799 3905.839040 3905.295359 3907.845534 3905.498513 3906.512723 3919.159517 3926.257337 3931.023547 3937.917886 3943.735998 3954.934609 3963.365044 3974.619696 3992.027088 4002.567200 4017.580463 4037.783357 4063.781561 4079.619835 4089.139063 4099.462551 4114.722577 4130.852523 4148.681909 4171.145272
4185.689237 4168.759350 4154.035212 4139.669418 4126.944527 4114.064936 4097.846243 4099.865534 4097.907246 4087.359890 4030.436657 3989.905624 3955.852500 3938.835572 3914.991240 3901.143877 3883.989674 3843.745150 3825.874464 3826.362419 3842.853259 3840.394448 3825.439256 3813.965376 3804.408943 3794.666666 3776.218786 3755.903199 3762.229047 3781.756470 3783.621309 3787.822826 3796.347085 3796.056412 3788.815602 3784.758798 3796.404752 3801.440914 3812.860428 3831.544145 3836.564006 3854.203941 3889.158333 3901.831679 3916.776555 3934.802989 3954.887420 3976.783499 3999.615601 4013.699924 4028.870806 4047.164888 4063.721923 4083.885311 4106.278024
4134.285735 4102.761739 4081.464068 4064.015261 4044.663330 4016.828153 3996.921750 3994.726096 3988.715452 3958.161949 3904.952856 3870.167215 3847.886203 3826.281650 3803.585449 3779.152715 3740.262303 3705.138904 3683.207927 3700.819393 3712.884537 3726.433911 3715.593906 3705.280126 3695.896138 3677.245036 3660.238497 3643.054958 3654.545708 3663.263234 3684.114838 3691.616994 3695.613789 3702.087325 3700.567955 3688.663622 3681.719668 3689.563813 3699.257897 3711.401536 3734.211806 3770.629388 3795.271762 3813.485327 3833.694198 3851.867723 3872.704390 3895.200508 3917.852308 3934.667281 3952.642031 3970.709747 3991.247973 4009.832284 4032.108679
4052.502916 4024.414290 3998.346531 3975.305594 3942.966482 3895.583309 3881.393406 3872.517861 3849.288394 3800.155560 3758.812597 3740.591504 3729.675551 3707.035759 3686.858495 3657.838356 3623.783778 3603.283500 3582.977859 3594.312320 3605.519565 3627.429850 3619.486994 3613.664472 3611.443305 3596.186452 3583.158063 3566.462251 3572.617497 3585.246738 3609.904578 3616.278470 3620.571987 3630.417752 3629.701140 3624.590266 3605.368529 3611.618483 3622.311604 3636.977975 3668.456692 3690.458422 3712.353008 3733.835697 3752.662494 3773.589869 3795.105613 3817.445855 3843.473645 3862.555081 3881.043320 3902.057723 3920.559065 3933.836869 3948.896334
3943.243227 3919.891169 3901.168149 3877.364504 3833.757306 3790.090697 3748.384795 3720.162284 3665.822123 3631.095101 3613.672025 3615.974771 3605.528464 3587.138115 3569.489523 3551.324955 3530.927077 3513.549830 3488.940136 3495.218820 3512.175426 3530.261832 3533.280197 3535.445869 3534.642067 3526.010584 3512.825658 3499.340854 3503.201198 3520.744097 3539.009642 3549.606418 3557.544319 3565.293725 3564.846089 3554.614662 3544.029830 3548.325060 3563.564860 3579.253058 3595.681308 3615.388914 3635.305644 3654.959924 3676.655450 3698.354681 3720.291401 3744.172692 3770.101918 3790.771362 3813.598873 3837.126151 3852.421090 3859.865835 3865.923050
3840.543616 3822.449043 3800.079001 3772.911725 3731.276235 3692.588699 3652.643209 3604.537780 3572.270228 3545.062023 3541.142027 3527.632221 3516.523977 3504.081563 3485.208504 3470.618863 3457.743362 3437.638665 3429.922505 3438.268510 3452.363357 3460.422405 3468.473261 3467.012751 3465.260446 3460.369410 3446.677911 3443.824815 3454.236753 3469.424008 3482.881892 3494.694043 3501.561272 3506.370594 3503.086065 3493.493481 3490.818967 3498.667138 3513.691246 3526.349576 3539.897507 3559.419775 3578.128308 3598.471502 3619.639100 3640.283902 3663.346570 3687.132989 3711.894353 3738.015306 3759.020821 3775.873721 3783.033042 3790.945823 3788.154231
3717.384620 3707.710824 3682.751613 3655.150979 3627.523391 3596.538030 3574.542063 3544.971240 3516.656858 3489.441441 3465.056933 3455.188672 3451.229750 3440.362762 3425.350331 3415.973801 3401.954043 3394.444063 3402.612333 3404.181959 3412.138672 3410.134230 3411.633065 3409.774570 3409.680383 3408.249997 3403.317309 3416.306242 3422.669709 3435.773083 3445.572436 3455.252161 3460.800518 3464.062824 3465.227637 3461.197354 3467.187574 3472.579967 3485.470289 3495.770450 3508.061376 3526.716722 3542.237657 3559.606243 3580.245343 3601.578225 3623.673125 3647.648583 3674.018115 3696.915401 3712.678661 3717.355329 3724.654467 3723.752678 3710.150365
