tests/Borden05m/sims/sim_1/output-maps/psiliqL0016N0006.asc
ncols         160
nrows         34
xllcorner     620200.000000
yllcorner     5168000.000000
cellsize      0.500000
NODATA_value  -9999.0
[rows 0 to 24 of 34, columns 55 to 109 of 160]
-9999.0 -9999.0 -9999.0 -9999.0 -9999.0 -9999.0 -9999.0 -9999.0 -9999.0 -9999.0 -9999.0 -9999.0 -9999.0 -9999.0 -9999.0 -9999.0 -9999.0 -9999.0 -9999.0 -9999.0 -9999.0 -9999.0 -9999.0 -9999.0 -9999.0 -9999.0 -9999.0 -9999.0 -9999.0 -9999.0 -9999.0 -9999.0 -9999.0 -9999.0 -9999.0 -9999.0 -9999.0 -9999.0 -9999.0 -9999.0 -9999.0 -9999.0 -9999.0 -9999.0 -9999.0 -9999.0 -9999.0 -9999.0 -9999.0 -9999.0 -9999.0 -9999.0 -9999.0 -9999.0 -9999.0
-9999.0 -9999.0 -9999.0 -9999.0 1430.374843 1425.037486 1420.129426 1415.614062 1407.134484 1398.273524 1390.402760 1386.796182 1386.243297 1385.857828 1385.816128 1391.356955 1399.728651 1407.688153 1415.071954 1417.742065 1420.398433 1422.776333 1423.431736 1422.455085 1419.463352 1416.402529 1413.243424 1411.912392 1404.220675 1393.111263 1384.606869 1382.016747 1386.480319 1390.967348 1393.446370 1399.064128 1409.567115 1420.103129 1428.362739 1440.065317 1445.780639 1450.546587 1453.005217 1448.505660 1444.610334 1440.391047 1434.754233 1423.538400 -9999.0 -9999.0 -9999.0 -9999.0 -9999.0 -9999.0 -9999.0
1375.412723 1394.557637 1415.054215 1418.415838 1406.911173 1402.068893 1399.057192 1397.406929 1393.035833 1384.804743 1379.991524 1375.003555 1373.399260 1373.880969 1374.330374 1378.741862 1389.408320 1397.675857 1402.693575 1405.503170 1408.407967 1408.057742 1407.708901 1407.649464 1405.008893 1401.819915 1398.681587 1397.115687 1398.012589 1390.644035 1385.242293 1381.877553 1380.032046 1382.656300 1385.108908 1388.697383 1397.958222 1405.833924 1413.665455 1427.825716 1440.030566 1444.949229 1441.976673 1436.600022 1432.318821 1425.010352 1414.420921 1403.938050 1394.673239 1387.564908 1381.562182 1375.082534 1380.516993 1386.738563 1395.835553
1360.495385 1380.120572 1400.670187 1403.734834 1393.320904 1385.442087 1380.329437 1380.972973 1384.158942 1381.154017 1376.954940 1371.815145 1381.146763 1382.843638 1384.342174 1388.032694 1391.236086 1395.167005 1398.154319 1403.789100 1413.032672 1416.017778 1416.776999 1417.148599 1415.543134 1412.664878 1411.100225 1408.619153 1403.685963 1402.692907 1403.069787 1402.777501 1407.681178 1409.258547 1411.256421 1404.771789 1408.348952 1414.308604 1420.862914 1426.792848 1432.923722 1436.091543 1432.294355 1431.181063 1422.191063 1407.807750 1396.407853 1387.654451 1385.791972 1382.065200 1373.504205 1359.815793 1366.406827 1381.282095 1385.149266
1367.290028 1376.966904 1388.939848 1392.264591 1387.669352 1389.603280 1391.656075 1393.525723 1392.368377 1389.772947 1387.797155 1400.375833 1410.084354 1412.339643 1415.667128 1419.851970 1420.015301 1408.764555 1406.793470 1415.139542 1425.588611 1431.498003 1431.990202 1432.138130 1430.014241 1429.289197 1429.278481 1427.524024 1428.330936 1430.891846 1430.630587 1435.148653 1440.970819 1444.087125 1436.907694 1427.846488 1428.772963 1436.361356 1444.347870 1451.290638 1461.317990 1471.931590 1470.552376 1464.474231 1454.813106 1440.694003 1416.667219 1396.788724 1385.071837 1376.849389 1368.705887 1368.426388 1364.029096 1374.898939 1375.641626
1365.463930 1384.025563 1405.587165 1413.624025 1408.282252 1404.085732 1402.222210 1403.496014 1403.992572 1407.050557 1419.302473 1433.273191 1447.672805 1450.920649 1453.918598 1453.854396 1445.663087 1435.887299 1432.776824 1447.511781 1464.118568 1472.609098 1473.337616 1472.173661 1478.567859 1477.935640 1477.140704 1473.070741 1475.296360 1476.395186 1485.766401 1493.841168 1501.457506 1499.947782 1487.886425 1476.078067 1474.511319 1477.397817 1480.957023 1486.889196 1496.462365 1505.337119 1499.547950 1491.998875 1481.649942 1452.738189 1425.589508 1408.234860 1407.286477 1406.387067 1400.395982 1396.271111 1392.333296 1384.804893 1383.284588
1412.857529 1434.536918 1455.414410 1471.355868 1466.292815 1459.086748 1449.996117 1451.152238 1454.288135 1462.630624 1475.876313 1493.150015 1517.473427 1520.419215 1523.746451 1526.241887 1515.310455 1503.376932 1492.980332 1512.072653 1522.836449 1531.549209 1532.773665 1542.018399 1552.085625 1548.307775 1541.289495 1531.298174 1538.104118 1549.428240 1565.209806 1572.906326 1577.595663 1575.956794 1564.309165 1558.056803 1556.646967 1559.003979 1556.584328 1561.206107 1570.318289 1584.449466 1582.805399 1573.986055 1550.883169 1512.700897 1478.111947 1457.957084 1463.232766 1455.099029 1446.869485 1442.404288 1427.595226 1416.021786 1415.082670
1465.380906 1483.502434 1502.471541 1521.362096 1516.662555 1507.035758 1493.876694 1493.569513 1501.143838 1512.158955 1531.875858 1554.788945 1578.888766 1586.161386 1588.139812 1598.466746 1592.623582 1583.581478 1576.046695 1589.773236 1601.830693 1613.697196 1623.099071 1636.331115 1648.196689 1637.842495 1625.557421 1620.090553 1626.507089 1648.289765 1667.534656 1673.527113 1675.126100 1677.636895 1667.376022 1660.739729 1653.981160 1649.011909 1642.906256 1638.381370 1657.092080 1673.594931 1671.129899 1647.041622 1621.898526 1583.450304 1544.081174 1511.870502 1512.354782 1507.652127 1505.719631 1490.025045 1473.590075 1457.354067 1447.527685
1545.585322 1574.497414 1595.720321 1618.241405 1618.128365 1601.135929 1592.387174 1597.389424 1610.944711 1619.252667 1636.473451 1660.446345 1692.174609 1712.699221 1731.034531 1736.099353 1728.712622 1720.484980 1708.221329 1708.302308 1727.249683 1739.705917 1750.455477 1761.304109 1774.405241 1779.568580 1776.915199 1777.035022 1781.422836 1790.861540 1802.101010 1809.978648 1815.848152 1821.310835 1815.688812 1804.501374 1798.161898 1789.071785 1782.473883 1779.366227 1782.908096 1794.966033 1791.513764 1761.929478 1733.414847 1698.987757 1659.804263 1626.902636 1609.841732 1616.438920 1605.186033 1585.255575 1565.554171 1530.516545 1514.419264
1645.123072 1681.923378 1710.628042 1725.939159 1739.168180 1733.205028 1734.743045 1739.375164 1747.564972 1753.143674 1762.022699 1795.902713 1831.867031 1861.302889 1886.016277 1895.043738 1885.056919 1875.988783 1864.402574 1855.774123 1861.943542 1877.397829 1894.718773 1910.671495 1922.425793 1926.345272 1925.793312 1926.865929 1930.051880 1934.102118 1938.561278 1946.365212 1954.706414 1965.085721 1975.466351 1968.186685 1950.588083 1938.045609 1924.578833 1919.806334 1918.284447 1917.022663 1916.165500 1905.213934 1870.044244 1839.115825 1805.105593 1776.190423 1754.681030 1741.548367 1719.910024 1694.505228 1644.925074 1602.904449 1566.487583
1762.321672 1805.539736 1837.789390 1861.783939 1877.531434 1879.883138 1882.687847 1885.416068 1891.345639 1896.735432 1904.003044 1928.741748 1968.145852 2006.484686 2037.040537 2040.609377 2030.872642 2020.937691 2011.534248 2000.704977 1997.793107 2007.119302 2019.539081 2036.808481 2048.256491 2057.396210 2056.597167 2057.627899 2059.203237 2062.228535 2065.162264 2068.562053 2077.044936 2090.122018 2102.141535 2102.426735 2087.329965 2069.667431 2052.291624 2045.932086 2040.484734 2034.483906 2034.423423 2034.341265 2023.691597 1995.682706 1957.236874 1913.550729 1887.533448 1865.716566 1850.694133 1831.740615 1799.760145 1742.233520 1707.001676
1899.236721 1930.103022 1961.268658 1992.967956 2011.594669 2018.525668 2018.565916 2020.015560 2027.571498 2033.479471 2043.204757 2060.510854 2086.855084 2117.595611 2145.132456 2162.137967 2157.888783 2144.677972 2126.979855 2121.288881 2120.140341 2122.893394 2130.374147 2139.629916 2156.032907 2172.789910 2178.717359 2179.955191 2177.987420 2181.039224 2183.209830 2184.196977 2186.428816 2192.504056 2200.306909 2202.868122 2197.040044 2179.550304 2158.675746 2145.226046 2137.237591 2132.946435 2131.363474 2132.941396 2132.467120 2118.884863 2087.429664 2047.071838 2013.535989 1991.808650 1974.574994 1958.211652 1943.861075 1918.378989 1896.916044
2024.529643 2040.274465 2067.620536 2095.521801 2119.677876 2135.807104 2138.952152 2143.898956 2148.709646 2157.987406 2173.640459 2194.117566 2209.647612 2227.999079 2250.472400 2263.954270 2269.750866 2269.979159 2268.528776 2270.616036 2271.207809 2236.526971 2240.447638 2244.194597 2253.705958 2263.476452 2266.958438 2267.550124 2266.495209 2268.397103 2269.595994 2270.437568 2270.743971 2271.743838 2274.789004 2275.882370 2274.435190 2266.340356 2273.224220 2256.001666 2244.198974 2236.878146 2229.183687 2220.596450 2210.697333 2200.365446 2182.470995 2154.254331 2120.503516 2094.156661 2082.238477 2073.756771 2064.276947 2056.220576 2038.236025
2136.712054 2149.024068 2166.101158 2187.261788 2216.348297 2236.231585 2246.615168 2254.968223 2259.425350 2271.754194 2285.667290 2278.093372 2282.986506 2287.926528 2292.760080 2294.445476 2295.010049 2294.962798 2292.958984 2292.761822 2291.138548 2286.946362 2277.283361 2278.624835 2279.961728 2282.212618 2285.593568 2284.303905 2285.440507 2288.784546 2287.849355 2282.959524 2279.911418 2278.820503 2279.704135 2287.027912 2290.383854 2291.471441 2290.366915 2290.271398 2290.401905 2289.115245 2287.159716 2283.953360 2279.505798 2285.243452 2274.403127 2249.985656 2215.354585 2178.807384 2165.843226 2161.892648 2160.481586 2156.097598 2148.376647
2256.493671 2269.411776 2283.195863 2276.002922 2288.917496 2295.387573 2298.205219 2300.717997 2302.709221 2303.852243 2300.335288 2296.732556 2291.750278 2290.100655 2288.456644 2285.758867 2286.153888 2284.114175 2280.187748 2276.607103 2269.859139 2258.948522 2247.502660 2244.343314 2248.317895 2252.890813 2256.907302 2260.085338 2263.456203 2264.571689 2260.266363 2253.072603 2246.652985 2245.366771 2252.260326 2258.141865 2264.038772 2265.343134 2264.843745 2263.852963 2265.185718 2263.759938 2265.182297 2272.399311 2286.200938 2291.337686 2294.661573 2294.091812 2284.496971 2267.043014 2263.783130 2243.606085 2246.589603 2240.799671 2228.324253
2298.893524 2301.079419 2300.583581 2299.159690 2293.122941 2287.020884 2285.767094 2288.932395 2294.940859 2295.325006 2287.595486 2278.564795 2270.886407 2263.298842 2260.399362 2258.612342 2257.462105 2257.198769 2251.655995 2243.326834 2227.476577 2215.649583 2204.026041 2197.358703 2194.178474 2197.880800 2207.154280 2216.699434 2221.180353 2214.130999 2207.069230 2196.994885 2189.775477 2190.710921 2193.182859 2202.692495 2217.752949 2223.865847 2225.814433 2222.024423 2218.864572 2214.612683 2213.915294 2221.766217 2237.447208 2253.491421 2267.894866 2276.556023 2284.126276 2290.704470 2292.884608 2294.022666 2294.181697 2292.109509 2291.058937
2296.598300 2290.259571 2283.737696 2278.547474 2271.637003 2265.403137 2262.754279 2263.902842 2265.282931 2260.468542 2252.543457 2241.122537 2228.995868 2218.102900 2210.340891 2209.935672 2211.025072 2211.252634 2204.065110 2189.034273 2171.099344 2157.047125 2142.351686 2137.293108 2131.042171 2124.872075 2134.204329 2151.000403 2157.082758 2143.239231 2133.730665 2120.169394 2113.869433 2111.330057 2113.345015 2123.247867 2144.407135 2165.937539 2169.053493 2161.266356 2153.872225 2151.539032 2150.985060 2158.673016 2177.609342 2198.775462 2214.773413 2225.432581 2231.828022 2240.472001 2250.309568 2263.116918 2276.382606 2287.207893 2294.170526
2274.456668 2266.609606 2258.683797 2250.623800 2242.858102 2235.530780 2229.884007 2226.163768 2221.373812 2213.456284 2204.404499 2186.299963 2172.147699 2158.102327 2142.392326 2137.171642 2132.299156 2132.603824 2120.512526 2110.090091 2091.342574 2074.847976 2057.838225 2045.084461 2037.745559 2030.286665 2031.651709 2045.545392 2053.893465 2041.774161 2032.127960 2020.645770 2015.745057 2013.256295 2016.144165 2027.366917 2049.860686 2069.931827 2079.332182 2074.199806 2073.031700 2074.336116 2075.850871 2084.048650 2099.414192 2120.390871 2143.284918 2161.706150 2172.795810 2181.728441 2192.753848 2208.040740 2222.403390 2236.452411 2253.519561
2243.098960 2233.348971 2222.789205 2212.257014 2200.498281 2188.207716 2180.021492 2179.369742 2170.489630 2161.651714 2141.524148 2090.306912 2068.699389 2047.858456 2029.856259 2021.610982 2012.062378 2000.288871 1990.040834 1982.823131 1977.165573 1960.465540 1941.051275 1922.470770 1915.478100 1909.868346 1897.236609 1898.323294 1900.196100 1907.695403 1901.059504 1897.128561 1896.828984 1895.171625 1898.775859 1913.307728 1925.439328 1936.134034 1944.872232 1948.130061 1959.153097 1969.184158 1978.103930 1997.113817 2012.508819 2032.093853 2055.879693 2082.716121 2099.206103 2111.177707 2124.107541 2141.344377 2159.123363 2177.472200 2200.350299
2204.159574 2188.231759 2172.915025 2157.160280 2142.476823 2127.508468 2111.089487 2109.274069 2102.922486 2090.385074 2041.569705 1996.087522 1959.590524 1938.202759 1912.563403 1897.810828 1882.862400 1851.265797 1834.633584 1828.879348 1835.218934 1825.621373 1807.140161 1791.708517 1781.341276 1772.319806 1756.821790 1744.177275 1748.811377 1762.751062 1760.150844 1760.424653 1766.211802 1765.599120 1762.188000 1766.448310 1781.661576 1790.940276 1803.545868 1819.625199 1827.221613 1841.765555 1873.404675 1890.123381 1908.640694 1931.805159 1957.020959 1983.473327 2008.182633 2025.288512 2043.428562 2065.133350 2084.474001 2107.136517 2131.938291
2146.998606 2116.723152 2094.697809 2075.317444 2054.468489 2028.783743 2005.163560 1999.228689 1988.604503 1962.241651 1909.899546 1866.808165 1834.960910 1809.135901 1782.053586 1758.978206 1726.535267 1692.505138 1670.498570 1677.733867 1684.716666 1687.239867 1672.409968 1658.647959 1647.194774 1630.905081 1614.225939 1600.565835 1609.483543 1617.885070 1629.596671 1634.418300 1638.601929 1642.793093 1642.405780 1637.116481 1640.487444 1650.742369 1662.946270 1676.244040 1694.851813 1728.852822 1756.346634 1777.043133 1801.140972 1824.847955 1851.486821 1879.525858 1905.933145 1926.852243 1949.765737 1973.134185 1997.942207 2021.741787 2049.079279
2061.077000 2030.633814 2001.099100 1974.874736 1942.924114 1898.124996 1879.605903 1867.012265 1847.512429 1803.810324 1757.576081 1723.214507 1699.163013 1671.687838 1645.993545 1616.181142 1582.446215 1556.277868 1534.984459 1541.718906 1548.531228 1561.298276 1549.182127 1538.227985 1531.973661 1516.145550 1501.804678 1486.311841 1493.161250 1503.627813 1522.783541 1527.683922 1531.663835 1539.854008 1539.563606 1537.318074 1526.835243 1536.202633 1548.284361 1564.036853 1594.590433 1620.777931 1646.684818 1670.789822 1693.943167 1719.705893 1747.074687 1775.124179 1805.351028 1829.514277 1853.386509 1879.738748 1904.449492 1926.217664 1950.235304
1939.752852 1911.351657 1886.159490 1858.126513 1815.914264 1768.582582 1728.947228 1706.233047 1660.625007 1623.296775 1589.830780 1574.505683 1555.144241 1530.583360 1507.572716 1485.052220 1458.979793 1436.477480 1411.211891 1414.553475 1427.104228 1441.057651 1436.681217 1433.701586 1430.317447 1419.105331 1405.063001 1391.175841 1394.616426 1410.285445 1427.492081 1435.907209 1443.144753 1451.138425 1451.666801 1444.667699 1436.620035 1443.017818 1458.686006 1476.204059 1497.648026 1521.216815 1544.771013 1567.513585 1592.702684 1618.903573 1645.774475 1674.824598 1705.538630 1730.322524 1758.438690 1787.558117 1810.934293 1827.025342 1844.119072
1817.724017 1792.804089 1765.268569 1734.916436 1690.650694 1646.282462 1601.470026 1557.237751 1521.549798 1488.629981 1472.001902 1451.828625 1433.213250 1414.279240 1391.840129 1372.025050 1353.389843 1330.712871 1314.687099 1319.871172 1332.308615 1341.786815 1345.197106 1341.885636 1338.535330 1331.207408 1317.127245 1308.790382 1317.603100 1332.826847 1347.323808 1358.072514 1365.064238 1371.138194 1368.755898 1360.790311 1356.575080 1365.455539 1381.851723 1397.330458 1415.010273 1437.505617 1459.945240 1483.332201 1507.939840 1532.669800 1560.026475 1588.402417 1617.614942 1647.252716 1674.166280 1699.141914 1713.970852 1729.364157 1739.181141
1675.616186 1657.580938 1629.204308 1598.369472 1563.946591 1524.751319 1493.885607 1459.876208 1427.172094 1395.250010 1367.827853 1350.504153 1340.215522 1324.631842 1304.941658 1291.180666 1273.883095 1258.099996 1259.334342 1261.105939 1270.702635 1270.410900 1270.649111 1267.418368 1266.103847 1262.151476 1252.760851 1261.135581 1268.212967 1282.397344 1292.960339 1302.576481 1308.834884 1313.014502 1313.621993 1308.337949 1313.090882 1320.467094 1335.420375 1347.842891 1363.316517 1384.840923 1403.284366 1423.924943 1447.582520 1472.195022 1498.104256 1525.836151 1555.886464 1583.265323 1605.372444 1617.410796 1631.329621 1639.742994 1636.667716
