tests/Borden05m/sims/sim_1/output-maps/psiliqL0003N0009.asc
ncols         160
nrows         34
xllcorner     620200.000000
yllcorner     5168000.000000
cellsize      0.500000
NODATA_value  -9999.0
[rows 0 to 24 of 34, columns 0 to 55 of 160]
-9999.0 -9999.0 -9999.0 -9999.0 -9999.0 -9999.0 -9999.0 -9999.0 -9999.0 -9999.0 -9999.0 -9999.0 -9999.0 -9999.0 -9999.0 -9999.0 -9999.0 -9999.0 -9999.0 -9999.0 -9999.0 -9999.0 -9999.0 -9999.0 -9999.0 -9999.0 -9999.0 -9999.0 -9999.0 -9999.0 -9999.0 -9999.0 -9999.0 -9999.0 -9999.0 -9999.0 -9999.0 -9999.0 -9999.0 -9999.0 -9999.0 -9999.0 -9999.0 -9999.0 -9999.0 -9999.0 -9999.0 -9999.0 -9999.0 -9999.0 -9999.0 -9999.0 -9999.0 -9999.0 -9999.0 -9999.0
-9999.0 -9999.0 -9999.0 -9999.0 -9999.0 -9999.0 -9999.0 -9999.0 -9999.0 -9999.0 -9999.0 -9999.0 -9999.0 -9999.0 -9999.0 -9999.0 -9999.0 -9999.0 -9999.0 -9999.0 -9999.0 -9999.0 -9999.0 -9999.0 -9999.0 -9999.0 -9999.0 -9999.0 -9999.0 -9999.0 -9999.0 -9999.0 -9999.0 -9999.0 -9999.0 -9999.0 -9999.0 -9999.0 -9999.0 -9999.0 -9999.0 -9999.0 -9999.0 -9999.0 -9999.0 -9999.0 -9999.0 -9999.0 -9999.0 -9999.0 -9999.0 -9999.0 -9999.0 -9999.0 -9999.0 -9999.0
-9999.0 -9999.0 -9999.0 -9999.0 -9999.0 -9999.0 -9999.0 -9999.0 -9999.0 -9999.0 -9999.0 -9999.0 -9999.0 -9999.0 -9999.0 -9999.0 -9999.0 -9999.0 -9999.0 -9999.0 -9999.0 -9999.0 -9999.0 -9999.0 -9999.0 -9999.0 -9999.0 -9999.0 -9999.0 -9999.0 -9999.0 -9999.0 -9999.0 -9999.0 -9999.0 -9999.0 -9999.0 -9999.0 -9999.0 -9999.0 -9999.0 -9999.0 -9999.0 -9999.0 -9999.0 -9999.0 -9999.0 -524.303729 -529.860841 -536.677266 -538.682401 -531.126224 -528.046232 -525.308829 -523.669156 -522.205807
-9999.0 -9999.0 -9999.0 -9999.0 -9999.0 -9999.0 -9999.0 -9999.0 -9999.0 -9999.0 -9999.0 -9999.0 -9999.0 -9999.0 -9999.0 -9999.0 -9999.0 -9999.0 -9999.0 -9999.0 -9999.0 -9999.0 -9999.0 -9999.0 -9999.0 -9999.0 -9999.0 -9999.0 -9999.0 -9999.0 -9999.0 -9999.0 -9999.0 -9999.0 -9999.0 -9999.0 -9999.0 -9999.0 -9999.0 -9999.0 -526.045215 -523.479462 -521.326367 -524.901845 -526.260350 -525.700644 -529.420519 -533.869192 -538.543916 -536.980836 -536.944901 -540.610360 -535.580768 -531.671421 -530.607833 -529.825268
-9999.0 -9999.0 -9999.0 -9999.0 -9999.0 -9999.0 -9999.0 -9999.0 -9999.0 -9999.0 -9999.0 -9999.0 -9999.0 -9999.0 -9999.0 -9999.0 -9999.0 -9999.0 -9999.0 -9999.0 -9999.0 -9999.0 -9999.0 -9999.0 -9999.0 -9999.0 -9999.0 -9999.0 -9999.0 -9999.0 -9999.0 -9999.0 -9999.0 -9999.0 -536.559548 -531.744177 -529.831703 -528.070390 -525.235931 -526.515258 -527.628929 -525.415144 -527.438407 -527.413671 -529.794740 -534.421306 -539.073343 -541.623878 -538.495278 -539.426141 -539.508047 -537.180853 -535.897051 -535.683019 -532.575618 -527.409793
-9999.0 -9999.0 -9999.0 -9999.0 -9999.0 -9999.0 -9999.0 -9999.0 -9999.0 -9999.0 -9999.0 -9999.0 -9999.0 -9999.0 -9999.0 -9999.0 -9999.0 -9999.0 -9999.0 -9999.0 -9999.0 -9999.0 -9999.0 -9999.0 -9999.0 -9999.0 -9999.0 -9999.0 -528.824785 -530.740533 -532.189731 -532.058340 -532.763671 -535.551364 -536.438357 -536.176934 -533.803088 -529.829655 -529.403169 -530.152152 -529.987410 -531.075845 -533.958183 -534.169634 -530.842159 -533.626455 -534.843351 -536.650316 -541.581646 -542.856257 -540.093399 -537.552958 -535.497695 -535.297522 -535.384273 -535.953672
-9999.0 -9999.0 -9999.0 -9999.0 -9999.0 -9999.0 -9999.0 -9999.0 -9999.0 -9999.0 -9999.0 -9999.0 -9999.0 -9999.0 -9999.0 -9999.0 -9999.0 -9999.0 -9999.0 -9999.0 -9999.0 -9999.0 -9999.0 -531.821648 -530.066371 -529.471336 -527.956640 -528.823576 -532.695812 -535.137831 -536.174728 -537.051313 -539.173267 -539.506082 -539.737051 -538.654030 -537.981147 -533.756965 -536.320376 -538.045034 -534.344716 -535.345199 -532.769852 -529.848034 -530.470492 -529.786187 -535.115106 -539.147282 -534.924720 -533.331836 -533.710512 -534.903734 -533.857975 -532.465738 -530.733636 -527.472240
-9999.0 -9999.0 -9999.0 -9999.0 -9999.0 -9999.0 -9999.0 -9999.0 -9999.0 -9999.0 -9999.0 -9999.0 -9999.0 -9999.0 -9999.0 -9999.0 -9999.0 -9999.0 -9999.0 -531.259394 -531.860093 -533.029255 -532.652506 -536.484383 -538.147180 -537.175682 -535.267692 -536.501382 -538.693674 -540.555669 -540.355264 -540.148858 -540.689095 -538.026161 -535.976495 -535.519053 -536.492544 -533.316195 -532.641122 -530.983390 -526.027375 -529.542234 -532.921183 -534.689772 -534.855622 -535.941199 -532.940511 -532.134370 -532.021494 -532.661229 -532.911110 -532.438942 -532.373279 -528.758003 -525.680427 -523.422495
-9999.0 -9999.0 -9999.0 -9999.0 -9999.0 -9999.0 -9999.0 -9999.0 -9999.0 -9999.0 -9999.0 -9999.0 -9999.0 -9999.0 -9999.0 -9999.0 -531.335420 -531.692720 -533.163759 -535.571853 -537.621386 -537.728976 -536.266022 -539.129709 -540.147344 -539.624778 -540.965905 -539.676756 -538.283019 -536.601404 -535.904416 -538.002707 -537.817741 -538.325430 -538.844050 -538.307280 -534.719269 -531.518385 -531.240637 -529.058517 -524.722604 -527.594822 -528.771855 -528.665377 -530.534850 -529.428601 -522.849214 -524.412742 -528.006000 -521.359569 -518.113659 -519.994241 -521.214322 -517.386615 -511.663191 -504.567897
-9999.0 -9999.0 -9999.0 -9999.0 -9999.0 -9999.0 -9999.0 -9999.0 -9999.0 -9999.0 -9999.0 -9999.0 -9999.0 -531.527803 -531.874884 -531.573319 -535.276852 -538.159259 -539.944306 -542.422604 -539.496706 -541.773347 -542.565484 -542.159578 -539.565868 -539.645071 -539.502708 -537.988398 -538.747132 -539.747699 -540.741626 -542.661657 -540.709434 -538.816157 -537.685960 -534.979278 -533.131383 -531.946766 -529.149753 -529.120835 -527.336808 -528.597495 -531.467955 -532.163359 -530.258336 -524.413310 -520.339860 -519.597233 -511.933615 -504.002016 -500.769777 -496.294772 -494.659207 -492.413549 -485.847273 -464.293624
-9999.0 -9999.0 -9999.0 -9999.0 -9999.0 -9999.0 -9999.0 -9999.0 -9999.0 -9999.0 -536.828050 -534.968091 -537.769402 -543.065952 -545.399949 -544.308224 -543.174541 -545.255743 -545.309541 -540.050927 -537.267971 -542.463294 -539.180127 -539.291064 -541.595273 -541.251762 -540.078490 -540.127471 -537.184136 -537.399179 -537.762385 -532.936486 -532.039979 -531.077255 -529.635453 -528.151142 -527.196386 -520.591295 -515.194346 -516.434305 -508.533730 -503.755975 -508.521730 -510.275072 -509.290366 -503.840427 -495.151570 -482.844873 -470.071639 -450.216627 -432.951204 -421.190807 -411.878956 -398.673587 -372.351617 -305.257780
-9999.0 -9999.0 -9999.0 -9999.0 -9999.0 -9999.0 -9999.0 -9999.0 -544.329680 -541.347792 -539.506029 -541.875492 -545.077149 -550.957463 -548.815010 -546.787347 -545.481833 -543.469694 -542.639914 -542.023767 -543.594609 -542.034676 -538.894598 -540.081171 -539.972683 -538.039064 -538.309547 -536.769110 -534.250615 -536.288238 -535.349242 -533.296874 -531.601991 -530.142552 -528.295018 -527.643388 -521.066640 -512.330072 -503.016387 -495.477406 -484.701340 -471.066503 -471.935885 -468.866379 -465.211083 -445.945721 -420.448284 -377.953418 -306.401738 -287.754003 -276.191774 -270.215762 -265.760960 -258.570986 -246.349725 -231.345361
-9999.0 -9999.0 -9999.0 -9999.0 -9999.0 -9999.0 -548.762115 -542.169876 -539.048113 -546.590424 -552.471018 -554.454661 -557.992692 -550.350987 -543.834734 -542.743346 -541.963933 -541.022228 -541.934044 -546.598143 -537.153913 -540.196882 -542.564630 -540.023640 -540.610035 -540.709330 -539.276927 -535.657069 -534.612144 -527.449296 -522.819520 -519.066447 -513.516556 -510.425735 -507.043395 -503.247734 -492.084107 -475.361215 -451.491310 -427.741006 -399.059605 -348.726597 -316.392418 -298.208284 -291.511173 -285.511620 -274.084358 -257.294789 -231.350218 -211.097005 -196.902427 -190.919944 -183.981514 -174.048094 -159.302364 -146.780544
-9999.0 -9999.0 -9999.0 -9999.0 -544.785865 -543.444366 -544.888515 -539.284996 -535.470505 -544.588322 -541.423234 -543.080990 -546.142198 -549.861383 -554.335979 -551.327389 -549.672320 -548.651824 -549.556440 -540.421943 -532.871072 -538.774952 -535.451159 -528.401556 -530.723275 -530.398615 -530.567873 -527.921698 -522.897881 -516.649288 -501.166315 -487.773733 -479.455579 -467.991748 -455.030110 -438.558386 -411.343804 -345.028227 -294.382290 -277.755814 -262.883655 -245.611399 -232.128415 -224.564389 -217.220464 -209.560026 -198.592813 -179.166481 -153.689424 -129.089024 -107.426476 -95.460327 -85.963209 -72.584973 -41.282127 -28.410323
-9999.0 -9999.0 -9999.0 -548.699377 -542.270613 -540.088340 -543.536366 -542.658593 -537.968046 -543.065212 -544.113926 -545.121673 -545.801348 -545.882925 -546.488778 -544.883507 -544.720705 -546.262563 -545.292617 -540.234279 -538.592574 -535.107179 -532.689937 -528.620295 -525.081200 -524.109443 -522.335680 -517.108150 -503.389849 -488.744798 -459.004039 -419.448244 -370.227600 -310.146557 -292.247791 -281.923437 -271.899828 -250.448954 -228.029472 -209.110390 -188.288314 -167.812892 -147.046226 -139.340938 -133.859977 -126.082100 -111.534598 -88.824722 -50.716970 -41.749038 -1.840390 1.093208 26.982651 33.432946 48.619860 60.181193
-9999.0 -9999.0 -547.297358 -543.674481 -546.547236 -542.218718 -537.456960 -541.549689 -535.843212 -534.288587 -540.758840 -537.599792 -536.171041 -540.326056 -538.292519 -535.948356 -534.775722 -539.493154 -543.126074 -537.572188 -525.147401 -515.907876 -512.406849 -489.043708 -475.516301 -466.504466 -462.442434 -448.603997 -426.917087 -365.258575 -296.611823 -272.971162 -250.027426 -225.146809 -214.571492 -203.889155 -186.268725 -171.571270 -147.916865 -123.939682 -100.719955 -73.245686 -29.888264 -21.926274 -33.806997 -6.649762 -2.362652 30.762800 50.041761 66.119284 82.530810 82.145194 83.343228 82.808912 83.810960 83.246847
-9999.0 -9999.0 -551.642008 -545.511436 -550.235644 -541.023268 -532.625114 -541.973138 -539.967690 -531.540742 -534.542309 -534.101063 -536.143565 -536.533418 -533.376849 -526.362080 -530.431857 -531.999373 -541.064349 -522.148240 -506.757949 -481.467265 -431.287998 -373.327203 -306.831458 -295.274941 -292.148392 -286.264720 -276.939764 -251.521922 -213.459040 -179.260114 -144.688913 -118.773696 -104.949115 -88.659052 -50.002439 -35.088531 -22.332374 6.116256 7.035922 40.481718 61.618033 77.493384 82.298601 83.348667 82.115344 83.446270 83.194568 83.779685 82.659819 80.210198 78.772511 79.825960 80.191899 76.189642
-9999.0 -552.904272 -549.900800 -549.958068 -544.039966 -546.720205 -540.158694 -530.681001 -532.084442 -529.243741 -530.070180 -537.159652 -519.247576 -504.189873 -500.318663 -487.813494 -494.164972 -498.248726 -508.183493 -490.373274 -457.378000 -353.852990 -270.311176 -232.090218 -205.108508 -199.702782 -201.754519 -191.309414 -170.942306 -135.862244 -61.821507 -28.804819 6.206671 32.725565 40.581028 42.716640 55.437815 69.954861 84.585376 87.523065 86.961732 87.543288 83.900185 83.169321 84.049887 83.207010 80.977774 74.762127 67.724475 62.249110 58.364110 54.540983 56.639262 59.480654 60.666182 54.712636
-9999.0 -562.625783 -550.243299 -543.312745 -546.621285 -552.680506 -536.938924 -513.484750 -523.905720 -527.886876 -530.407304 -517.777591 -476.581649 -437.246931 -410.831893 -367.063925 -374.842780 -395.769881 -395.425774 -328.426849 -285.588634 -242.773061 -149.301405 -46.399330 -44.082224 -35.688569 -28.465404 -9.051077 15.236371 36.165517 53.339998 73.557653 76.060491 76.731635 76.659615 77.109653 77.176375 77.214776 74.060317 69.872628 65.281847 65.329713 68.822040 69.173976 66.292567 63.568086 58.623720 51.548441 46.616978 27.503707 22.808451 33.573266 32.190772 18.273283 14.549332 23.873203
-9999.0 -552.580472 -538.662052 -542.618527 -554.998411 -539.542631 -534.437825 -519.609798 -509.563001 -515.625874 -499.505554 -439.079725 -317.407222 -278.681896 -258.508602 -241.015837 -227.586652 -231.753370 -216.539309 -170.242607 -89.587563 -32.977827 7.869993 56.677060 62.749965 63.134338 62.690101 63.006751 63.320545 63.465390 63.612796 61.491255 66.222168 67.817065 67.112527 64.023028 60.051561 52.595581 47.853409 30.082191 21.445460 21.406514 29.303128 45.637800 28.314721 19.710740 16.442191 25.963192 3.555972 -10.232425 -15.537736 -17.795762 -20.044955 -26.190680 -30.794207 -34.500990
-9999.0 -569.636092 -549.186416 -566.858175 -544.275743 -525.850333 -530.777118 -506.175200 -478.184939 -471.962949 -383.635951 -288.480172 -234.832675 -197.730409 -160.444511 -100.412917 -19.104402 3.790760 27.544915 29.896774 56.598635 69.798300 70.653358 71.068230 63.336631 63.399902 56.182314 36.996610 26.669983 19.961163 21.137077 10.018641 33.336284 21.889462 37.110480 20.634614 36.552832 32.711942 26.119071 -3.090407 -15.053697 -20.263171 -18.726770 -7.125274 -17.905897 -23.418246 -29.042401 -35.117993 -46.204599 -56.056761 -64.137896 -70.513622 -73.316220 -78.836720 -79.634132 -85.097700
-9999.0 -582.171285 -567.516988 -557.444647 -538.011288 -525.180831 -514.025356 -487.913543 -428.065400 -346.872326 -276.915140 -246.280387 -204.969822 -150.988313 -78.921039 26.811498 47.685350 49.038873 48.786217 39.431847 -2.800762 -11.685848 0.726642 20.216211 27.893326 30.219657 19.830618 -19.396230 -31.119531 -33.264298 -34.685325 -36.566138 -34.742290 -37.425320 -38.688854 -39.055404 -32.893250 -37.426010 -45.066448 -55.190871 -62.380292 -69.139344 -72.892802 -73.944071 -76.869584 -77.900386 -84.981571 -94.702537 -105.150227 -113.223915 -120.716595 -126.217701 -127.554043 -130.754822 -134.774128 -142.168373
-9999.0 -612.109951 -562.289648 -557.326157 -545.954575 -543.404738 -541.904747 -521.346928 -490.157983 -360.441741 -238.371245 -218.917250 -204.022158 -173.234894 -110.677886 -35.969293 26.961846 -3.768767 -33.519357 -96.954084 -110.746050 -107.417600 -94.086831 -73.967620 -58.967242 -51.743895 -54.376055 -68.408245 -83.388629 -90.899673 -94.623589 -101.645404 -106.480643 -106.760427 -108.679509 -104.466191 -100.461868 -107.903587 -117.878517 -129.845447 -139.716701 -146.442194 -148.222043 -147.200128 -147.784009 -150.534771 -157.178178 -166.152509 -176.914817 -185.904310 -192.386202 -196.360704 -199.895875 -204.553630 -209.530191 -214.543416
-9999.0 -9999.0 -584.387071 -556.848476 -554.230251 -551.099514 -548.941411 -532.282697 -515.981950 -452.704940 -354.651360 -288.871563 -268.579621 -245.103794 -199.395314 -156.657618 -141.847084 -135.909653 -164.332104 -176.073632 -179.565838 -177.595476 -167.753460 -155.391172 -143.730925 -136.785909 -133.427326 -136.070826 -144.677341 -157.551977 -172.055522 -182.416946 -188.333337 -192.402848 -187.380704 -179.544633 -179.986047 -183.560598 -189.954937 -198.506035 -205.142646 -212.024165 -213.194015 -212.017170 -212.065813 -214.526115 -219.490078 -230.956052 -242.988712 -253.167625 -257.802164 -261.565448 -264.572603 -269.664320 -274.371455 -279.255121
-9999.0 -9999.0 -617.414486 -570.932899 -553.003086 -541.071111 -544.031713 -543.789039 -518.974836 -509.089147 -491.258443 -458.394005 -424.518187 -374.075688 -303.921027 -280.974411 -273.152730 -270.172890 -271.406068 -268.877734 -260.954992 -248.809303 -235.178977 -224.221633 -216.036019 -209.980637 -204.177114 -210.491546 -216.963854 -228.201682 -245.666717 -261.545671 -268.151421 -271.184812 -269.235371 -265.441566 -267.539266 -271.431759 -276.532322 -282.141783 -285.936118 -289.792410 -290.681642 -291.109949 -291.548294 -294.012368 -300.862751 -324.553495 -358.917635 -379.112063 -391.215639 -400.161634 -404.791988 -413.982048 -424.362183 -431.630677
