tests/Borden05m/sims/sim_1/output-maps/psiliqL0004N0016.asc
ncols         160
nrows         34
xllcorner     620200.000000
yllcorner     5168000.000000
cellsize      0.500000
NODATA_value  -9999.0
[rows 0 to 24 of 34, columns 0 to 55 of 160]
-9999.0 -9999.0 -9999.0 -9999.0 -9999.0 -9999.0 -9999.0 -9999.0 -9999.0 -9999.0 -9999.0 -9999.0 -9999.0 -9999.0 -9999.0 -9999.0 -9999.0 -9999.0 -9999.0 -9999.0 -9999.0 -9999.0 -9999.0 -9999.0 -9999.0 -9999.0 -9999.0 -9999.0 -9999.0 -9999.0 -9999.0 -9999.0 -9999.0 -9999.0 -9999.0 -9999.0 -9999.0 -9999.0 -9999.0 -9999.0 -9999.0 -9999.0 -9999.0 -9999.0 -9999.0 -9999.0 -9999.0 -9999.0 -9999.0 -9999.0 -9999.0 -9999.0 -9999.0 -9999.0 -9999.0 -9999.0
-9999.0 -9999.0 -9999.0 -9999.0 -9999.0 -9999.0 -9999.0 -9999.0 -9999.0 -9999.0 -9999.0 -9999.0 -9999.0 -9999.0 -9999.0 -9999.0 -9999.0 -9999.0 -9999.0 -9999.0 -9999.0 -9999.0 -9999.0 -9999.0 -9999.0 -9999.0 -9999.0 -9999.0 -9999.0 -9999.0 -9999.0 -9999.0 -9999.0 -9999.0 -9999.0 -9999.0 -9999.0 -9999.0 -9999.0 -9999.0 -9999.0 -9999.0 -9999.0 -9999.0 -9999.0 -9999.0 -9999.0 -9999.0 -9999.0 -9999.0 -9999.0 -9999.0 -9999.0 -9999.0 -9999.0 -9999.0
-9999.0 -9999.0 -9999.0 -9999.0 -9999.0 -9999.0 -9999.0 -9999.0 -9999.0 -9999.0 -9999.0 -9999.0 -9999.0 -9999.0 -9999.0 -9999.0 -9999.0 -9999.0 -9999.0 -9999.0 -9999.0 -9999.0 -9999.0 -9999.0 -9999.0 -9999.0 -9999.0 -9999.0 -9999.0 -9999.0 -9999.0 -9999.0 -9999.0 -9999.0 -9999.0 -9999.0 -9999.0 -9999.0 -9999.0 -9999.0 -9999.0 -9999.0 -9999.0 -9999.0 -9999.0 -9999.0 -9999.0 -604.478415 -612.116059 -621.323855 -623.816057 -613.267329 -607.881161 -602.746989 -598.971690 -595.421193
-9999.0 -9999.0 -9999.0 -9999.0 -9999.0 -9999.0 -9999.0 -9999.0 -9999.0 -9999.0 -9999.0 -9999.0 -9999.0 -9999.0 -9999.0 -9999.0 -9999.0 -9999.0 -9999.0 -9999.0 -9999.0 -9999.0 -9999.0 -9999.0 -9999.0 -9999.0 -9999.0 -9999.0 -9999.0 -9999.0 -9999.0 -9999.0 -9999.0 -9999.0 -9999.0 -9999.0 -9999.0 -9999.0 -9999.0 -9999.0 -602.054086 -598.672214 -596.191051 -601.196553 -603.817053 -604.295964 -610.180014 -616.733596 -623.448086 -621.832141 -621.627465 -625.558942 -617.787608 -611.236444 -608.235091 -605.584094
-9999.0 -9999.0 -9999.0 -9999.0 -9999.0 -9999.0 -9999.0 -9999.0 -9999.0 -9999.0 -9999.0 -9999.0 -9999.0 -9999.0 -9999.0 -9999.0 -9999.0 -9999.0 -9999.0 -9999.0 -9999.0 -9999.0 -9999.0 -9999.0 -9999.0 -9999.0 -9999.0 -9999.0 -9999.0 -9999.0 -9999.0 -9999.0 -9999.0 -9999.0 -621.775167 -614.889947 -611.325307 -607.849900 -603.266213 -604.090646 -604.765144 -601.772953 -604.414521 -604.903663 -608.656601 -615.590167 -622.717339 -626.922617 -623.414751 -624.743594 -624.537008 -620.794183 -617.979010 -616.329807 -610.850333 -602.813273
-9999.0 -9999.0 -9999.0 -9999.0 -9999.0 -9999.0 -9999.0 -9999.0 -9999.0 -9999.0 -9999.0 -9999.0 -9999.0 -9999.0 -9999.0 -9999.0 -9999.0 -9999.0 -9999.0 -9999.0 -9999.0 -9999.0 -9999.0 -9999.0 -9999.0 -9999.0 -9999.0 -9999.0 -612.383524 -615.005710 -617.057720 -617.028516 -617.962882 -621.347479 -621.949207 -620.779639 -616.642945 -610.389534 -608.844055 -609.082811 -608.328049 -609.508919 -613.267880 -613.761475 -610.006667 -614.254475 -616.693551 -619.729693 -626.440045 -628.090969 -624.048928 -619.957013 -616.233836 -614.705268 -613.367964 -612.574230
-9999.0 -9999.0 -9999.0 -9999.0 -9999.0 -9999.0 -9999.0 -9999.0 -9999.0 -9999.0 -9999.0 -9999.0 -9999.0 -9999.0 -9999.0 -9999.0 -9999.0 -9999.0 -9999.0 -9999.0 -9999.0 -9999.0 -9999.0 -617.690944 -615.277697 -614.196181 -612.004608 -612.963593 -617.759135 -621.028562 -622.494351 -623.669533 -626.339501 -626.489208 -626.221820 -623.990910 -622.034156 -615.415224 -617.693107 -619.133506 -613.718585 -614.729572 -611.431283 -607.806473 -608.731066 -608.262770 -615.440985 -620.952315 -615.531448 -613.176408 -613.087602 -613.825071 -611.428441 -608.263469 -604.377757 -598.349615
-9999.0 -9999.0 -9999.0 -9999.0 -9999.0 -9999.0 -9999.0 -9999.0 -9999.0 -9999.0 -9999.0 -9999.0 -9999.0 -9999.0 -9999.0 -9999.0 -9999.0 -9999.0 -9999.0 -618.434021 -619.109502 -620.451714 -619.771328 -624.279727 -626.163908 -624.597495 -621.849335 -623.216407 -625.964323 -628.357263 -628.045876 -627.659610 -628.083015 -624.141697 -620.782087 -619.246178 -619.308410 -613.918401 -611.866186 -608.689888 -601.610191 -605.730633 -610.074485 -612.394567 -612.619727 -613.838063 -609.759942 -608.480708 -607.829965 -607.899944 -607.430095 -605.994220 -604.755288 -598.510131 -592.478308 -587.115316
-9999.0 -9999.0 -9999.0 -9999.0 -9999.0 -9999.0 -9999.0 -9999.0 -9999.0 -9999.0 -9999.0 -9999.0 -9999.0 -9999.0 -9999.0 -9999.0 -619.942012 -620.288448 -621.950169 -624.580543 -626.944938 -626.890393 -624.783072 -628.209104 -629.253441 -628.239047 -629.600243 -627.555428 -625.423613 -622.977619 -621.800752 -624.155980 -623.438847 -623.390228 -623.157618 -621.307126 -615.282802 -609.591112 -607.695878 -603.558988 -597.018091 -600.198846 -601.744650 -601.609397 -603.631393 -601.435606 -592.119426 -593.000167 -596.298065 -586.598564 -581.234856 -582.372588 -582.592219 -575.892981 -566.089138 -553.843817
-9999.0 -9999.0 -9999.0 -9999.0 -9999.0 -9999.0 -9999.0 -9999.0 -9999.0 -9999.0 -9999.0 -9999.0 -9999.0 -622.062407 -622.321867 -621.602527 -625.723633 -629.151720 -631.186103 -633.999913 -629.822641 -632.467792 -633.146040 -632.259546 -628.491884 -628.129106 -627.436289 -624.916167 -625.306848 -626.062310 -626.801554 -628.657619 -625.289730 -621.838141 -619.186558 -614.241736 -610.062029 -606.473265 -600.941456 -599.123318 -595.342402 -596.218585 -599.781197 -600.487700 -597.331872 -588.430272 -581.233995 -578.171198 -566.583546 -554.385810 -547.971150 -540.402601 -536.174047 -530.243753 -517.272325 -484.158369
-9999.0 -9999.0 -9999.0 -9999.0 -9999.0 -9999.0 -9999.0 -9999.0 -9999.0 -9999.0 -629.786940 -627.421130 -630.996535 -637.589737 -640.393954 -638.573694 -636.642701 -638.986469 -638.592421 -631.128983 -626.933553 -633.132891 -628.342764 -627.955292 -630.412709 -629.374982 -627.151435 -626.360977 -621.639325 -620.972287 -620.395214 -613.040781 -610.554818 -607.933482 -604.557168 -600.804216 -597.181099 -586.103909 -576.561284 -575.401147 -563.396101 -556.016734 -561.296100 -563.178373 -561.002502 -551.919897 -537.202952 -516.709811 -496.312760 -467.810031 -441.621934 -423.654418 -410.212987 -394.746823 -376.430802 -350.053760
-9999.0 -9999.0 -9999.0 -9999.0 -9999.0 -9999.0 -9999.0 -9999.0 -639.982312 -635.994768 -633.489705 -636.571124 -640.807841 -648.510574 -645.291923 -642.117119 -639.850287 -636.638735 -634.924797 -633.354747 -634.522495 -631.728448 -626.827926 -627.559904 -626.699351 -623.390378 -622.753873 -619.562773 -614.889004 -615.875138 -612.894833 -608.260661 -604.140503 -600.388640 -596.069377 -592.838888 -581.409772 -566.598077 -551.093208 -537.552465 -518.914960 -497.128721 -496.426122 -492.485940 -487.292719 -457.660847 -418.546234 -380.135212 -352.104271 -329.984905 -307.034680 -293.715813 -284.373196 -272.529412 -257.850544 -244.599462
-9999.0 -9999.0 -9999.0 -9999.0 -9999.0 -9999.0 -646.485211 -637.287650 -632.898604 -642.701467 -650.616573 -653.363847 -658.211163 -647.484888 -638.376188 -636.371618 -634.740432 -632.843803 -633.243822 -638.296016 -624.749801 -627.451419 -629.339670 -624.845635 -624.529961 -623.563708 -620.407956 -614.000525 -610.375299 -598.574792 -589.555337 -581.595045 -571.784465 -565.316103 -558.634131 -550.749547 -531.619786 -503.168248 -466.547584 -429.075817 -394.398697 -363.178925 -351.946857 -346.240855 -339.765444 -326.848415 -303.171187 -277.050558 -246.612435 -217.463792 -195.596035 -185.343683 -175.864430 -164.995307 -151.682269 -137.151052
-9999.0 -9999.0 -9999.0 -9999.0 -642.248872 -639.979781 -641.231099 -633.179876 -627.690778 -639.247835 -635.018432 -637.085551 -641.024513 -645.709078 -651.322518 -646.660332 -643.755048 -641.626967 -641.799328 -628.228160 -616.550330 -622.195573 -616.045337 -605.093270 -606.281266 -604.409272 -602.916887 -597.192109 -587.640624 -575.574071 -551.710234 -529.278027 -512.176917 -493.091885 -473.165605 -445.684282 -406.333513 -365.265040 -335.803097 -308.353481 -282.055971 -260.191274 -245.638323 -237.483460 -227.443814 -215.110121 -198.232190 -173.799785 -145.239907 -110.836507 -85.317748 -70.117816 -62.079527 -52.086868 -39.908866 -22.125856
-9999.0 -9999.0 -9999.0 -648.437835 -639.241197 -635.511814 -639.036462 -636.869356 -629.831573 -635.866709 -636.832069 -637.791200 -638.324913 -638.013473 -638.263764 -635.399916 -634.455068 -635.705125 -633.210288 -624.399397 -619.347474 -611.893622 -605.566653 -596.995796 -589.906774 -586.559355 -582.227941 -572.595732 -550.876619 -524.859267 -479.622573 -419.003313 -375.324476 -351.016876 -336.165364 -316.817328 -296.960973 -267.630390 -238.696216 -211.000920 -182.857797 -159.000363 -137.160650 -124.074871 -116.783339 -106.849143 -89.786463 -69.066062 -44.421347 5.183105 33.072970 52.291299 62.613379 69.751096 82.611701 95.801703
-9999.0 -9999.0 -647.509583 -642.093679 -645.032249 -638.121187 -630.502000 -634.272388 -625.469447 -622.308289 -629.685677 -624.750127 -621.960267 -626.320420 -622.650206 -618.540330 -616.269976 -621.669842 -625.083217 -614.871740 -594.707459 -578.019670 -567.717600 -532.327153 -510.821439 -496.474878 -488.369659 -465.227283 -427.835374 -375.848218 -334.736593 -294.438786 -259.373952 -231.468034 -219.224931 -204.550078 -182.399001 -158.921489 -130.264760 -103.274537 -76.542047 -51.718896 -25.299499 9.216544 -3.051307 26.980231 46.765683 65.833976 84.904628 103.735143 119.842319 121.203507 121.329460 121.840685 122.019989 122.366369
-9999.0 -9999.0 -653.708173 -644.839918 -650.090136 -636.354856 -623.440510 -633.068349 -628.283057 -615.503917 -617.588186 -615.226474 -615.656557 -614.084166 -607.939361 -597.339680 -601.580282 -603.240109 -613.670277 -585.584439 -560.103463 -517.847976 -443.789061 -381.804127 -347.733906 -341.081232 -336.870830 -323.489830 -302.368001 -262.922792 -215.472903 -165.439916 -124.454011 -97.369736 -83.946200 -69.801704 -47.347924 -5.015365 11.250158 40.541813 57.772604 76.096455 96.513536 114.735368 119.662776 120.916213 120.930834 121.251661 121.807053 121.717048 121.738504 118.143833 116.450309 117.773913 118.913725 114.297607
-9999.0 -656.662750 -651.929503 -651.115690 -641.956599 -643.445916 -631.840056 -616.185414 -614.414021 -607.766040 -606.003384 -611.562069 -584.484908 -561.331160 -551.963539 -533.220663 -539.578834 -544.833983 -555.501744 -527.998656 -476.605293 -377.173385 -281.887048 -231.677232 -200.593890 -195.102871 -197.507855 -183.871370 -159.297925 -122.519774 -63.737177 0.980434 39.440422 66.512952 75.077980 77.039403 89.815503 106.517382 121.204955 124.643658 125.413032 125.870491 121.725660 121.881562 122.272250 122.471269 118.934261 112.864550 105.219710 97.303013 93.696211 87.748314 75.400923 93.125550 95.302047 88.505965
-9999.0 -670.495291 -652.743231 -642.538002 -645.383243 -651.008160 -626.267193 -591.668295 -598.376370 -598.988096 -597.648724 -575.869021 -516.886760 -460.117061 -420.915322 -383.415010 -385.070551 -397.095869 -395.215100 -361.995322 -316.317743 -246.009932 -137.436647 -58.495205 -29.090552 -16.630083 -7.978163 12.486776 38.052045 60.927799 86.008477 108.620171 112.861585 113.799991 114.213375 114.290907 114.457248 114.848148 111.563845 108.267266 103.908216 104.017868 107.247731 106.933753 104.363936 100.694161 93.375089 84.990239 76.330980 48.782535 40.086807 34.234499 29.771878 32.153827 28.693776 22.580110
-9999.0 -656.938192 -637.752501 -642.005862 -656.839878 -633.230190 -621.064278 -594.194842 -573.179897 -573.114646 -545.114820 -462.990763 -375.294568 -319.126486 -285.276832 -266.000894 -253.921614 -255.138301 -235.228942 -187.995377 -112.598456 -7.893601 38.267639 88.432240 97.358510 98.295824 97.083753 97.663800 98.453537 98.899145 99.550567 96.915927 103.004808 105.447929 104.100887 100.171799 94.294629 86.593604 81.282887 78.041392 72.903704 72.899498 77.212873 77.407908 72.534103 48.158183 35.093639 25.822351 16.314360 3.259886 -4.006556 -9.820052 -13.268221 -17.566119 -22.454757 -28.595554
-9999.0 -681.817644 -652.497808 -676.029228 -643.191230 -615.710640 -614.685089 -573.692076 -526.298997 -502.483038 -403.004713 -329.681225 -262.951492 -216.156173 -180.877279 -142.985034 -117.012696 -90.239932 -55.326269 -18.630563 74.665183 101.077774 104.957594 106.510494 98.727695 98.309723 84.467482 61.872989 51.145755 44.417633 44.874016 38.361633 64.498691 72.768252 68.965760 49.422104 37.442358 30.845740 26.424451 18.389134 10.650971 5.583519 4.865250 9.561570 2.252707 -7.221351 -16.870669 -26.892028 -37.343948 -47.601967 -56.723446 -64.487024 -68.168394 -74.074076 -75.663187 -82.491415
-9999.0 -701.087833 -678.776347 -663.629958 -635.723202 -615.803639 -595.591874 -552.311309 -460.383557 -374.948698 -309.742071 -274.971307 -222.225248 -164.605988 -107.259548 -76.244604 -59.543513 -52.553144 -42.685090 -30.950294 -28.232389 14.472683 31.543118 51.902969 49.658806 48.608717 15.329915 -2.559987 -11.133484 -12.565110 -13.722129 -14.961220 -11.053428 -11.129467 -15.682107 -19.912568 -20.284366 -27.447438 -35.219437 -42.390572 -48.783460 -56.158203 -61.297043 -64.256281 -67.705230 -70.310982 -79.182780 -90.404247 -101.479515 -110.324587 -118.824136 -125.415157 -127.788813 -132.209216 -137.821867 -147.395236
-9999.0 -749.129874 -671.855908 -663.963463 -647.090857 -640.850513 -633.682754 -597.775239 -542.699289 -388.272580 -255.686795 -238.129353 -219.765829 -186.263805 -131.753395 -82.121542 -76.146650 -103.559872 -123.747257 -130.408080 -119.074908 -96.527887 -77.075095 -55.332701 -42.417179 -37.391833 -44.397780 -56.166599 -70.267256 -77.513705 -81.032671 -87.874340 -92.234128 -92.229435 -94.834763 -92.007602 -90.495176 -100.206547 -112.120125 -125.768150 -137.646377 -146.440457 -149.605912 -149.437041 -150.576700 -154.126993 -161.687324 -171.524828 -183.230384 -193.677164 -201.685659 -207.208176 -212.637869 -219.920152 -227.990688 -236.706831
-9999.0 -9999.0 -704.846743 -663.937061 -659.132821 -652.926732 -646.740318 -618.954590 -587.178538 -494.221798 -391.846039 -335.906533 -302.024071 -269.783951 -224.414483 -185.278990 -179.429198 -173.314737 -196.595716 -195.339861 -188.089013 -178.571488 -165.521722 -151.566032 -139.387636 -132.514522 -129.934646 -133.009250 -142.308806 -155.983074 -170.987539 -182.168403 -189.030992 -194.004136 -187.924528 -179.116167 -180.978341 -187.335009 -197.635459 -210.945009 -222.041129 -233.059348 -235.944059 -235.092686 -235.265100 -238.062459 -242.901976 -253.834974 -265.000514 -276.324201 -281.824308 -287.149823 -292.335467 -301.255921 -310.284593 -320.197024
-9999.0 -9999.0 -758.210032 -684.702416 -658.430914 -641.216279 -643.152468 -639.835804 -602.963610 -581.974679 -550.487466 -504.664042 -452.293602 -398.621029 -365.565606 -332.720741 -318.111024 -311.274064 -310.078505 -301.153260 -284.876452 -268.647172 -256.978235 -245.780175 -235.145854 -226.620771 -219.605933 -228.363721 -237.371442 -250.632650 -266.989320 -284.853048 -294.428474 -299.693931 -296.313148 -290.266495 -294.303839 -302.459337 -313.502644 -325.934054 -335.113385 -343.684017 -346.093703 -347.019658 -347.232816 -349.095750 -351.776502 -359.869793 -371.628499 -381.872241 -390.926745 -399.121872 -404.435276 -414.851692 -428.210844 -439.286533
