tests/Borden05m/sims/sim_1/output-maps/psiliqL0024N0019.asc
ncols         160
nrows         34
xllcorner     620200.000000
yllcorner     5168000.000000
cellsize      0.500000
NODATA_value  -9999.0
[rows 0 to 24 of 34, columns 0 to 54 of 160]
-9999.0 -9999.0 -9999.0 -9999.0 -9999.0 -9999.0 -9999.0 -9999.0 -9999.0 -9999.0 -9999.0 -9999.0 -9999.0 -9999.0 -9999.0 -9999.0 -9999.0 -9999.0 -9999.0 -9999.0 -9999.0 -9999.0 -9999.0 -9999.0 -9999.0 -9999.0 -9999.0 -9999.0 -9999.0 -9999.0 -9999.0 -9999.0 -9999.0 -9999.0 -9999.0 -9999.0 -9999.0 -9999.0 -9999.0 -9999.0 -9999.0 -9999.0 -9999.0 -9999.0 -9999.0 -9999.0 -9999.0 -9999.0 -9999.0 -9999.0 -9999.0 -9999.0 -9999.0 -9999.0 -9999.0
-9999.0 -9999.0 -9999.0 -9999.0 -9999.0 -9999.0 -9999.0 -9999.0 -9999.0 -9999.0 -9999.0 -9999.0 -9999.0 -9999.0 -9999.0 -9999.0 -9999.0 -9999.0 -9999.0 -9999.0 -9999.0 -9999.0 -9999.0 -9999.0 -9999.0 -9999.0 -9999.0 -9999.0 -9999.0 -9999.0 -9999.0 -9999.0 -9999.0 -9999.0 -9999.0 -9999.0 -9999.0 -9999.0 -9999.0 -9999.0 -9999.0 -9999.0 -9999.0 -9999.0 -9999.0 -9999.0 -9999.0 -9999.0 -9999.0 -9999.0 -9999.0 -9999.0 -9999.0 -9999.0 -9999.0
-9999.0 -9999.0 -9999.0 -9999.0 -9999.0 -9999.0 -9999.0 -9999.0 -9999.0 -9999.0 -9999.0 -9999.0 -9999.0 -9999.0 -9999.0 -9999.0 -9999.0 -9999.0 -9999.0 -9999.0 -9999.0 -9999.0 -9999.0 -9999.0 -9999.0 -9999.0 -9999.0 -9999.0 -9999.0 -9999.0 -9999.0 -9999.0 -9999.0 -9999.0 -9999.0 -9999.0 -9999.0 -9999.0 -9999.0 -9999.0 -9999.0 -9999.0 -9999.0 -9999.0 -9999.0 -9999.0 -9999.0 2882.582254 2865.434365 2851.764891 2847.406712 2868.637351 2891.739587 2915.538147 2936.052840
-9999.0 -9999.0 -9999.0 -9999.0 -9999.0 -9999.0 -9999.0 -9999.0 -9999.0 -9999.0 -9999.0 -9999.0 -9999.0 -9999.0 -9999.0 -9999.0 -9999.0 -9999.0 -9999.0 -9999.0 -9999.0 -9999.0 -9999.0 -9999.0 -9999.0 -9999.0 -9999.0 -9999.0 -9999.0 -9999.0 -9999.0 -9999.0 -9999.0 -9999.0 -9999.0 -9999.0 -9999.0 -9999.0 -9999.0 -9999.0 2932.565716 2938.482317 2938.437633 2928.518824 2917.223129 2903.729036 2883.207753 2865.965818 2852.686600 2850.714349 2853.183065 2856.134717 2876.994242 2902.273477 2922.122931
-9999.0 -9999.0 -9999.0 -9999.0 -9999.0 -9999.0 -9999.0 -9999.0 -9999.0 -9999.0 -9999.0 -9999.0 -9999.0 -9999.0 -9999.0 -9999.0 -9999.0 -9999.0 -9999.0 -9999.0 -9999.0 -9999.0 -9999.0 -9999.0 -9999.0 -9999.0 -9999.0 -9999.0 -9999.0 -9999.0 -9999.0 -9999.0 -9999.0 -9999.0 2840.137744 2857.103304 2875.021511 2893.548618 2910.485634 2917.508987 2923.318844 2928.700365 2924.110707 2919.647017 2907.969943 2887.151639 2867.812089 2854.905982 2853.798419 2851.362068 2854.964398 2866.591556 2883.150112 2898.209265 2918.684901
-9999.0 -9999.0 -9999.0 -9999.0 -9999.0 -9999.0 -9999.0 -9999.0 -9999.0 -9999.0 -9999.0 -9999.0 -9999.0 -9999.0 -9999.0 -9999.0 -9999.0 -9999.0 -9999.0 -9999.0 -9999.0 -9999.0 -9999.0 -9999.0 -9999.0 -9999.0 -9999.0 -9999.0 2845.517652 2839.577115 2834.735737 2833.168198 2831.726793 2830.739443 2837.378642 2848.557915 2865.662163 2887.655553 2900.873314 2908.106787 2914.934162 2915.285963 2909.442389 2907.631023 2908.030586 2895.391493 2883.100002 2871.587531 2860.341442 2857.310750 2866.173065 2880.275145 2896.342210 2910.789836 2925.869837
-9999.0 -9999.0 -9999.0 -9999.0 -9999.0 -9999.0 -9999.0 -9999.0 -9999.0 -9999.0 -9999.0 -9999.0 -9999.0 -9999.0 -9999.0 -9999.0 -9999.0 -9999.0 -9999.0 -9999.0 -9999.0 -9999.0 -9999.0 2815.528649 2820.531876 2827.032816 2834.656653 2835.595654 2832.174794 2826.747366 2823.999371 2822.533343 2820.277581 2824.739349 2831.773459 2844.672557 2859.862035 2881.969045 2890.125111 2894.497395 2905.822709 2909.271943 2916.685770 2920.455459 2918.416442 2914.303018 2899.519560 2888.045829 2890.368579 2894.393842 2900.998823 2909.022034 2922.160439 2935.783681 2950.946619
-9999.0 -9999.0 -9999.0 -9999.0 -9999.0 -9999.0 -9999.0 -9999.0 -9999.0 -9999.0 -9999.0 -9999.0 -9999.0 -9999.0 -9999.0 -9999.0 -9999.0 -9999.0 -9999.0 2791.630637 2792.690632 2794.174735 2798.990152 2798.668852 2800.374224 2807.110142 2815.070782 2817.832082 2815.605926 2814.480839 2815.718688 2818.176372 2822.508468 2832.852456 2846.024554 2859.669795 2872.272496 2892.597937 2906.653842 2918.750814 2933.733998 2933.729722 2929.788253 2927.805604 2927.465758 2925.691372 2924.532518 2923.739002 2929.542633 2930.422693 2933.933239 2942.608651 2953.362920 2969.525348 2986.423602
-9999.0 -9999.0 -9999.0 -9999.0 -9999.0 -9999.0 -9999.0 -9999.0 -9999.0 -9999.0 -9999.0 -9999.0 -9999.0 -9999.0 -9999.0 -9999.0 2773.262399 2775.349352 2778.132328 2784.089237 2788.175796 2792.628463 2799.979822 2788.705351 2790.514174 2797.340227 2801.630874 2810.612179 2818.671455 2825.452709 2830.926141 2832.941276 2839.075447 2847.768781 2858.629266 2872.037353 2891.614608 2914.405394 2929.461481 2945.520810 2962.129884 2962.170993 2960.047625 2959.923856 2958.158196 2959.050788 2973.201634 2976.194896 2971.393394 2981.548417 2993.061065 2995.224907 2988.538022 3006.378285 3027.705982
-9999.0 -9999.0 -9999.0 -9999.0 -9999.0 -9999.0 -9999.0 -9999.0 -9999.0 -9999.0 -9999.0 -9999.0 -9999.0 2723.003955 2727.313354 2737.892876 2749.525134 2752.964205 2758.322909 2765.444003 2778.077294 2782.184772 2788.575912 2796.090718 2793.450431 2800.901929 2809.277337 2820.510562 2828.006949 2834.371240 2840.186733 2842.817353 2853.829482 2867.246306 2881.027729 2899.475292 2920.497408 2938.363245 2955.465933 2970.901117 2982.171975 2979.669224 2978.229172 2979.774423 2983.876011 2984.331282 2999.355072 3000.121855 3010.074461 3029.869927 3039.580978 3046.577022 3051.336776 3064.045488 3084.444589
-9999.0 -9999.0 -9999.0 -9999.0 -9999.0 -9999.0 -9999.0 -9999.0 -9999.0 -9999.0 2693.708974 2695.620175 2692.377777 2690.528705 2696.685348 2709.516889 2724.488901 2730.725494 2743.208503 2765.023573 2784.037128 2787.552796 2801.074960 2796.505658 2801.095037 2810.284033 2822.400220 2833.720981 2848.411600 2859.227991 2867.502740 2883.346932 2898.127239 2913.271263 2929.522342 2948.787046 2963.871060 2986.925879 2999.754252 3007.161048 3023.731124 3026.862910 3021.942607 3019.419710 3027.474520 3037.567598 3052.226959 3068.022066 3085.610315 3106.925711 3117.436172 3129.563668 3137.932010 3147.703425 3161.988931
-9999.0 -9999.0 -9999.0 -9999.0 -9999.0 -9999.0 -9999.0 -9999.0 2668.170965 2676.445669 2682.348494 2679.510747 2675.469911 2670.414960 2685.461598 2701.494122 2717.901929 2736.656304 2752.762759 2771.365541 2785.538595 2800.671516 2805.066409 2813.604321 2823.490584 2837.679227 2849.874822 2864.115096 2883.653931 2891.337763 2902.436565 2921.073563 2935.590901 2951.523603 2968.710912 2984.014583 2992.020279 3020.484356 3047.734550 3063.716616 3088.650974 3105.432159 3099.688267 3097.803691 3098.718531 3121.043622 3146.590698 3174.497153 3189.589465 3212.294554 3239.580459 3257.335260 3266.089330 3276.721524 3290.045006
-9999.0 -9999.0 -9999.0 -9999.0 -9999.0 -9999.0 2638.951616 2663.560707 2679.112422 2670.986646 2657.978867 2653.539414 2648.244717 2678.354744 2701.253053 2719.170396 2736.475251 2754.528884 2771.130643 2780.224082 2795.004876 2812.546162 2823.230514 2836.545660 2850.202808 2863.817559 2879.387846 2900.137220 2917.402340 2939.184792 2956.141389 2972.645682 2983.641035 2999.170190 3014.935503 3027.998385 3054.039993 3087.426592 3120.893193 3144.867987 3168.463017 3194.947315 3194.981433 3196.679321 3198.557124 3220.674598 3252.895859 3281.646494 3312.580351 3342.467094 3369.519309 3378.918758 3387.475472 3397.013116 3409.070662
-9999.0 -9999.0 -9999.0 -9999.0 2605.696460 2626.693443 2645.873087 2676.333990 2698.783320 2694.242360 2699.524471 2698.449827 2695.064044 2700.501267 2709.115370 2727.156650 2746.810529 2766.707915 2781.592230 2793.817148 2837.530518 2848.632154 2866.345792 2895.399108 2906.149761 2919.619077 2934.510938 2954.587230 2972.735157 2987.920150 3021.751288 3050.906119 3070.951686 3089.232347 3107.321793 3123.924248 3157.091298 3189.083752 3223.267773 3253.984383 3280.256471 3304.858951 3311.883445 3316.632207 3326.231389 3342.309850 3363.814582 3389.742821 3421.898654 3453.175592 3476.139131 3485.575935 3490.844682 3500.079577 3507.747444
-9999.0 -9999.0 -9999.0 2552.174371 2591.321371 2630.835294 2657.004423 2687.689858 2720.400725 2721.715385 2731.004474 2732.409610 2732.988916 2739.684096 2744.679374 2761.993797 2780.405268 2799.876772 2804.349266 2835.864202 2865.319634 2884.787670 2912.530615 2929.452601 2943.279586 2956.061320 2973.796459 2993.410556 3015.914731 3044.238629 3089.195448 3138.675014 3170.190207 3185.836747 3206.577581 3232.638954 3256.431517 3293.002487 3325.981799 3357.139775 3385.990676 3407.737721 3422.190167 3426.805389 3435.721081 3441.536539 3454.330012 3474.701629 3496.259386 3525.834341 3554.237335 3581.432957 3595.905974 3606.299586 3622.719944
-9999.0 -9999.0 2503.854267 2543.136274 2575.090671 2622.748843 2676.119851 2711.514796 2751.659824 2772.025473 2776.549303 2788.860419 2789.623050 2790.837628 2800.526595 2813.647442 2834.325213 2842.353228 2860.416542 2878.399959 2916.853959 2952.294564 2952.428742 2980.531551 3009.129946 3039.215542 3058.241550 3083.538715 3118.595691 3152.527662 3192.676781 3240.719665 3274.468698 3301.579861 3316.452931 3335.357690 3355.080717 3379.074868 3413.992028 3439.474926 3471.590099 3496.334363 3515.704131 3517.325258 3520.056071 3535.552869 3562.335509 3591.314911 3618.630905 3645.852681 3634.564037 3654.936240 3664.025906 3669.097529 3677.071838
-9999.0 -9999.0 2474.202561 2520.539290 2556.267522 2616.205156 2701.837869 2737.101264 2777.946925 2815.124575 2829.000355 2850.515607 2846.955040 2839.607872 2857.972887 2873.494015 2891.896943 2898.963841 2893.827699 2944.931911 2986.370129 3014.000846 3027.306766 3099.519026 3148.775847 3170.056633 3181.302470 3200.219197 3219.788601 3257.793598 3297.116733 3349.602123 3389.412296 3418.264819 3432.155839 3450.770434 3469.484779 3484.234352 3502.833913 3546.974795 3579.762436 3608.728018 3638.850264 3659.428432 3667.240435 3671.609707 3649.273689 3666.269627 3677.799554 3682.772599 3684.707014 3680.989948 3680.383933 3681.163559 3682.092816
-9999.0 2381.457407 2433.977719 2485.076004 2550.415651 2613.223485 2690.080932 2766.255876 2822.741139 2872.531218 2898.053046 2894.590766 2901.443839 2929.243247 2949.437011 2967.614936 2972.377157 2981.292318 2963.647684 3003.085580 3039.541094 3091.923070 3188.149742 3244.080954 3301.726118 3298.098669 3286.908173 3292.573906 3309.221317 3353.689194 3427.872566 3480.753873 3542.386511 3588.184409 3604.008916 3610.659875 3628.398893 3648.295238 3604.817187 3642.956838 3660.417112 3674.990988 3682.636621 3684.645559 3685.767636 3685.558870 3681.943642 3675.049146 3666.962619 3661.185148 3656.998404 3652.495860 3654.926796 3658.243390 3658.562162
-9999.0 2343.566923 2401.386359 2470.466712 2538.737295 2589.857487 2676.643518 2830.967797 2890.408700 2927.656648 2936.088532 2920.363228 2980.958326 3033.382207 3057.867297 3101.456719 3087.038994 3072.045908 3038.938348 3063.713302 3102.858527 3169.116175 3331.274843 3416.645430 3462.351131 3470.221352 3471.684122 3498.784950 3540.424664 3584.417702 3626.526907 3601.238303 3645.102760 3666.588660 3671.079496 3671.708372 3676.530574 3675.235019 3673.570090 3669.222936 3664.136188 3664.285855 3668.754452 3668.582294 3665.664012 3662.358642 3656.705740 3649.280930 3644.035095 3639.414838 3636.744559 3633.882717 3632.004062 3631.433341 3626.729415
-9999.0 2304.977639 2379.245564 2438.550830 2488.112315 2583.511804 2713.207714 2847.553168 2942.061416 2976.160050 2961.601975 2996.038351 3096.012011 3195.926093 3246.154604 3266.618650 3250.365338 3206.491729 3189.984875 3232.237714 3299.865864 3411.315834 3538.764969 3631.974639 3646.135742 3649.131290 3606.659387 3629.513018 3650.695149 3653.203855 3654.196967 3661.080306 3666.073889 3668.918100 3667.380874 3664.495935 3659.714115 3651.585728 3646.762336 3643.147677 3639.422975 3638.368695 3640.449866 3642.141650 3639.374788 3635.503225 3631.034898 3625.454207 3619.201994 3612.490256 3608.261640 3604.080116 3601.979821 3596.619731 3593.028541
-9999.0 2185.383774 2280.560936 2323.548633 2404.615744 2590.983384 2720.160797 2853.946865 3009.687103 3031.836759 3080.919903 3212.658128 3326.864295 3403.574831 3433.021556 3466.511508 3490.617606 3506.872585 3542.021821 3437.068164 3511.421390 3599.570677 3639.408108 3656.682238 3664.619129 3664.949842 3655.352584 3634.819924 3624.138967 3617.388944 3618.994710 3626.237516 3631.015363 3635.884700 3633.607859 3634.560270 3635.450723 3632.177001 3628.217660 3619.604270 3611.809634 3605.281941 3602.272219 3607.050049 3602.375226 3599.899551 3593.788610 3585.487341 3576.757260 3569.408788 3561.564679 3555.049904 3552.796930 3547.781898 3546.622737
-9999.0 2104.492686 2177.736530 2242.108935 2357.162764 2521.155032 2622.792475 2782.357884 3002.990776 3132.705127 3285.869421 3371.171781 3439.993185 3483.873188 3534.865968 3584.216617 3609.521334 3619.954991 3592.321524 3611.501866 3570.276089 3559.464609 3576.330431 3604.454861 3620.546789 3624.437974 3616.423157 3606.986382 3599.742131 3598.617912 3596.583856 3592.940814 3589.211335 3585.851254 3582.710258 3585.484888 3590.642282 3583.720989 3573.871180 3564.679205 3556.379641 3547.341874 3541.491265 3537.076089 3537.219615 3537.442294 3529.909988 3519.530841 3508.829576 3500.656767 3493.481221 3488.895997 3486.346614 3481.499897 3472.343149
-9999.0 1987.672317 2118.689196 2197.688668 2296.200384 2426.282976 2533.925490 2687.680615 2810.784685 3043.889193 3184.411480 3358.987365 3405.322223 3471.463736 3519.676263 3590.186502 3586.358026 3554.824393 3513.113218 3496.666888 3506.163974 3514.696618 3523.301572 3538.234566 3555.495130 3565.290549 3569.631169 3563.276556 3549.151804 3537.217359 3526.860791 3513.858843 3504.863897 3502.598149 3506.043712 3515.518632 3516.329499 3507.091610 3493.240498 3475.502515 3460.236291 3448.696499 3446.573115 3449.130900 3450.086465 3446.181187 3440.302971 3429.723341 3417.286018 3405.139166 3399.302255 3394.923402 3387.766762 3376.998112 3366.162009
-9999.0 -9999.0 2034.421732 2143.114833 2238.457990 2350.873616 2443.895492 2565.655444 2707.647504 2869.312824 2979.145619 3147.602521 3235.635209 3278.227194 3313.816171 3367.815355 3390.972842 3419.241561 3410.840790 3420.581186 3429.234590 3434.084369 3439.598827 3445.914863 3456.530178 3466.106983 3475.702149 3472.929978 3464.025750 3444.122806 3419.439090 3400.284665 3390.108972 3381.289019 3392.877653 3405.184006 3400.147686 3393.327957 3380.929390 3365.575354 3353.049599 3338.987799 3335.537911 3335.578927 3336.151843 3333.835438 3331.111215 3319.020093 3306.840658 3296.794431 3292.688516 3287.165829 3283.463763 3273.723262 3263.278328
-9999.0 -9999.0 1946.535506 2051.079980 2154.730847 2272.515654 2358.612922 2382.061545 2520.687548 2626.796550 2734.226649 2830.193587 2922.778028 2982.513114 3015.951739 3075.925923 3128.532310 3145.776134 3178.999798 3227.003574 3258.966492 3295.554842 3317.122783 3326.470296 3338.837182 3352.786285 3360.273659 3345.621148 3334.412398 3317.499525 3294.803718 3268.904761 3255.746043 3254.775132 3254.409692 3256.598413 3249.385110 3240.430341 3226.133806 3212.119820 3199.917398 3190.694893 3187.110559 3182.008546 3179.969394 3177.335642 3175.768745 3173.914946 3165.485601 3160.546431 3152.517371 3148.576567 3147.562116 3144.088804 3138.029454
