tests/Borden05m/sims/sim_1/output-maps/psiliqL0027N0018.asc
ncols         160
nrows         34
xllcorner     620200.000000
yllcorner     5168000.000000
cellsize      0.500000
NODATA_value  -9999.0
[rows 0 to 24 of 34, columns 0 to 54 of 160]
-9999.0 -9999.0 -9999.0 -9999.0 -9999.0 -9999.0 -9999.0 -9999.0 -9999.0 -9999.0 -9999.0 -9999.0 -9999.0 -9999.0 -9999.0 -9999.0 -9999.0 -9999.0 -9999.0 -9999.0 -9999.0 -9999.0 -9999.0 -9999.0 -9999.0 -9999.0 -9999.0 -9999.0 -9999.0 -9999.0 -9999.0 -9999.0 -9999.0 -9999.0 -9999.0 -9999.0 -9999.0 -9999.0 -9999.0 -9999.0 -9999.0 -9999.0 -9999.0 -9999.0 -9999.0 -9999.0 -9999.0 -9999.0 -9999.0 -9999.0 -9999.0 -9999.0 -9999.0 -9999.0 -9999.0
-9999.0 -9999.0 -9999.0 -9999.0 -9999.0 -9999.0 -9999.0 -9999.0 -9999.0 -9999.0 -9999.0 -9999.0 -9999.0 -9999.0 -9999.0 -9999.0 -9999.0 -9999.0 -9999.0 -9999.0 -9999.0 -9999.0 -9999.0 -9999.0 -9999.0 -9999.0 -9999.0 -9999.0 -9999.0 -9999.0 -9999.0 -9999.0 -9999.0 -9999.0 -9999.0 -9999.0 -9999.0 -9999.0 -9999.0 -9999.0 -9999.0 -9999.0 -9999.0 -9999.0 -9999.0 -9999.0 -9999.0 -9999.0 -9999.0 -9999.0 -9999.0 -9999.0 -9999.0 -9999.0 -9999.0
-9999.0 -9999.0 -9999.0 -9999.0 -9999.0 -9999.0 -9999.0 -9999.0 -9999.0 -9999.0 -9999.0 -9999.0 -9999.0 -9999.0 -9999.0 -9999.0 -9999.0 -9999.0 -9999.0 -9999.0 -9999.0 -9999.0 -9999.0 -9999.0 -9999.0 -9999.0 -9999.0 -9999.0 -9999.0 -9999.0 -9999.0 -9999.0 -9999.0 -9999.0 -9999.0 -9999.0 -9999.0 -9999.0 -9999.0 -9999.0 -9999.0 -9999.0 -9999.0 -9999.0 -9999.0 -9999.0 -9999.0 3472.905263 3455.709844 3442.448298 3437.357548 3458.058127 3480.897627 3504.514375 3524.837529
-9999.0 -9999.0 -9999.0 -9999.0 -9999.0 -9999.0 -9999.0 -9999.0 -9999.0 -9999.0 -9999.0 -9999.0 -9999.0 -9999.0 -9999.0 -9999.0 -9999.0 -9999.0 -9999.0 -9999.0 -9999.0 -9999.0 -9999.0 -9999.0 -9999.0 -9999.0 -9999.0 -9999.0 -9999.0 -9999.0 -9999.0 -9999.0 -9999.0 -9999.0 -9999.0 -9999.0 -9999.0 -9999.0 -9999.0 -9999.0 3524.153135 3529.983967 3529.457474 3519.522574 3508.022342 3494.004104 3473.201121 3456.037802 3443.060982 3441.068077 3443.289202 3445.458963 3465.653421 3490.909568 3510.624204
-9999.0 -9999.0 -9999.0 -9999.0 -9999.0 -9999.0 -9999.0 -9999.0 -9999.0 -9999.0 -9999.0 -9999.0 -9999.0 -9999.0 -9999.0 -9999.0 -9999.0 -9999.0 -9999.0 -9999.0 -9999.0 -9999.0 -9999.0 -9999.0 -9999.0 -9999.0 -9999.0 -9999.0 -9999.0 -9999.0 -9999.0 -9999.0 -9999.0 -9999.0 3432.247472 3448.980807 3466.699620 3485.087222 3501.910819 3508.862262 3514.594891 3519.749486 3514.856364 3510.246698 3498.270880 3476.782596 3457.301699 3444.477269 3443.461482 3440.822405 3444.013099 3455.082849 3471.367086 3485.911066 3506.074826
-9999.0 -9999.0 -9999.0 -9999.0 -9999.0 -9999.0 -9999.0 -9999.0 -9999.0 -9999.0 -9999.0 -9999.0 -9999.0 -9999.0 -9999.0 -9999.0 -9999.0 -9999.0 -9999.0 -9999.0 -9999.0 -9999.0 -9999.0 -9999.0 -9999.0 -9999.0 -9999.0 -9999.0 3438.776065 3432.695354 3427.714479 3425.900031 3424.191726 3423.036921 3429.487693 3440.260823 3456.920592 3478.799505 3491.884286 3498.926854 3505.626164 3505.672426 3499.382894 3497.390456 3497.573224 3484.475486 3471.782704 3459.878917 3448.201004 3444.518286 3452.948081 3466.818782 3482.636987 3496.769918 3511.589900
-9999.0 -9999.0 -9999.0 -9999.0 -9999.0 -9999.0 -9999.0 -9999.0 -9999.0 -9999.0 -9999.0 -9999.0 -9999.0 -9999.0 -9999.0 -9999.0 -9999.0 -9999.0 -9999.0 -9999.0 -9999.0 -9999.0 -9999.0 3409.373206 3414.043322 3420.361085 3427.827980 3428.571793 3425.171532 3419.595014 3416.692935 3414.981616 3412.315064 3416.527326 3423.046265 3435.531142 3450.310832 3472.248191 3480.042006 3483.691403 3494.522225 3497.921788 3505.555582 3508.978544 3506.595063 3501.895180 3486.232032 3473.902838 3475.218520 3478.484204 3484.803914 3492.640455 3505.591759 3518.570868 3533.059951
-9999.0 -9999.0 -9999.0 -9999.0 -9999.0 -9999.0 -9999.0 -9999.0 -9999.0 -9999.0 -9999.0 -9999.0 -9999.0 -9999.0 -9999.0 -9999.0 -9999.0 -9999.0 -9999.0 3385.204823 3386.165782 3387.550872 3392.250274 3392.405020 3393.898325 3400.352956 3408.023849 3410.656963 3408.043935 3406.745879 3407.620386 3409.712686 3413.739914 3423.518669 3436.223292 3449.435859 3461.401663 3481.299103 3494.893690 3506.291657 3520.704024 3520.607475 3516.398984 3514.093152 3513.269913 3510.760138 3507.862381 3505.824549 3511.274315 3510.818857 3513.296573 3521.678725 3532.977324 3548.529708 3565.033930
-9999.0 -9999.0 -9999.0 -9999.0 -9999.0 -9999.0 -9999.0 -9999.0 -9999.0 -9999.0 -9999.0 -9999.0 -9999.0 -9999.0 -9999.0 -9999.0 3356.392080 3358.019861 3360.239610 3365.595856 3369.187586 3372.872747 3379.555949 3380.674901 3383.602990 3390.157101 3393.987897 3402.727534 3410.490228 3416.802604 3421.806339 3423.291922 3428.703484 3436.786547 3447.022229 3459.579674 3478.317952 3500.771049 3515.279506 3530.853745 3547.037013 3546.608394 3543.874372 3543.099978 3540.513590 3540.480509 3553.586652 3555.604526 3548.862414 3556.997488 3567.634095 3569.360475 3575.327132 3594.255602 3615.452857
-9999.0 -9999.0 -9999.0 -9999.0 -9999.0 -9999.0 -9999.0 -9999.0 -9999.0 -9999.0 -9999.0 -9999.0 -9999.0 3306.908536 3310.672667 3320.734667 3332.243450 3335.089247 3339.822745 3346.272852 3357.990797 3361.156989 3366.564933 3373.064614 3384.989591 3392.801841 3400.629930 3411.339105 3418.215305 3423.971118 3429.069478 3430.448809 3440.449601 3452.978301 3465.837351 3483.469012 3504.022634 3520.953851 3537.635732 3552.832744 3563.143873 3559.048387 3557.223158 3558.302412 3561.699580 3573.232091 3588.505516 3587.250375 3595.212289 3614.506256 3623.541069 3629.627519 3634.707450 3647.817815 3668.635421
-9999.0 -9999.0 -9999.0 -9999.0 -9999.0 -9999.0 -9999.0 -9999.0 -9999.0 -9999.0 3281.093519 3282.262109 3278.178619 3274.858304 3280.369278 3292.364553 3306.613160 3311.592062 3323.159969 3344.043458 3362.232109 3364.523292 3376.973163 3386.185429 3391.820053 3400.300254 3411.712681 3422.192538 3435.860292 3445.801107 3452.692916 3467.070191 3481.055345 3495.433522 3510.887793 3529.648143 3543.961893 3565.839339 3589.142732 3596.225886 3611.557193 3612.759446 3607.611186 3604.690428 3612.953381 3622.685104 3635.924994 3649.986900 3667.202934 3687.888983 3696.835907 3708.820569 3717.030995 3726.585528 3741.273195
-9999.0 -9999.0 -9999.0 -9999.0 -9999.0 -9999.0 -9999.0 -9999.0 3256.796864 3264.731604 3269.650723 3265.888013 3260.880612 3254.268095 3268.461550 3283.215344 3298.335431 3316.018551 3330.742789 3348.160035 3360.958940 3374.454548 3393.293634 3402.599459 3411.618726 3425.019870 3436.324278 3449.261666 3467.907817 3473.740613 3482.766527 3500.321259 3514.123408 3529.215690 3545.669026 3560.440283 3578.843156 3607.391669 3634.780496 3649.417488 3674.142396 3689.947647 3683.243426 3680.553686 3680.943727 3702.880615 3727.912906 3755.895680 3773.575541 3795.954648 3823.355602 3841.820402 3850.693144 3861.440581 3874.942044
-9999.0 -9999.0 -9999.0 -9999.0 -9999.0 -9999.0 3228.576615 3252.668025 3267.435086 3258.239971 3243.120476 3237.189988 3230.146304 3260.897902 3282.531323 3299.010479 3314.733587 3331.223992 3346.312971 3353.220456 3381.163090 3399.338811 3409.592518 3421.078621 3433.993199 3446.841927 3461.392274 3480.969400 3496.665281 3516.612967 3530.681129 3545.243452 3567.240515 3583.033079 3598.515975 3610.685289 3636.870099 3670.273492 3703.696512 3727.014995 3750.526361 3781.260896 3780.241063 3781.515445 3782.571728 3805.872871 3839.146763 3868.330740 3899.553022 3929.587034 3957.545437 3967.780373 3976.525260 3986.208697 3998.538503
-9999.0 -9999.0 -9999.0 -9999.0 3196.914151 3217.406775 3235.444932 3264.884899 3286.168077 3280.501970 3283.943182 3280.976562 3275.495112 3279.689083 3286.939815 3303.006189 3320.992543 3339.325338 3352.109498 3377.321029 3422.884327 3432.280846 3447.565560 3475.374525 3484.782744 3497.249923 3511.330587 3530.280350 3547.089541 3572.711316 3605.276174 3632.862704 3652.943730 3671.015467 3689.054729 3704.913942 3739.065517 3775.131906 3809.960848 3840.730307 3867.006944 3892.529939 3898.741859 3903.355081 3913.065881 3929.846159 3952.235842 3979.490981 4012.830994 4044.667795 4067.718417 4076.590300 4081.672373 4091.087042 4098.501272
-9999.0 -9999.0 -9999.0 3142.940620 3181.508561 3220.813892 3245.736046 3275.185940 3306.737439 3305.483535 3313.224239 3311.806032 3309.400614 3313.545549 3315.305056 3330.486856 3347.381406 3366.040748 3385.914327 3417.945714 3445.509442 3461.447547 3487.680728 3502.067471 3513.527210 3525.037595 3542.311514 3561.047806 3596.059182 3624.561329 3669.402172 3718.967644 3750.248335 3768.979406 3790.813599 3817.772123 3842.454134 3880.739217 3914.328493 3946.033639 3975.937027 3997.820004 4011.852322 4016.336697 4025.809421 4031.453029 4043.868837 4064.660696 4086.810028 4117.295399 4146.370058 4175.088802 4190.247886 4201.241944 4218.268185
-9999.0 -9999.0 3094.544428 3134.023202 3164.812612 3210.453118 3262.810076 3297.186763 3335.604835 3353.254567 3355.254195 3364.442241 3373.508483 3373.098326 3380.408643 3391.688919 3412.761400 3420.683439 3440.057020 3454.048182 3489.600596 3521.950874 3516.055631 3552.848885 3581.856320 3613.677984 3634.263878 3660.123924 3697.184028 3730.248363 3773.915020 3823.228230 3857.039602 3884.537577 3900.157867 3920.124621 3940.201059 3966.286459 4002.723126 4028.197511 4061.575952 4086.814890 4106.261223 4106.948410 4109.596243 4125.628263 4153.801104 4184.502881 4213.294660 4242.170376 4226.575874 4250.040143 4260.528544 4266.380284 4275.581290
-9999.0 -9999.0 3063.926683 3110.404462 3144.135207 3200.626744 3286.858929 3320.081370 3358.952503 3403.354719 3415.826575 3435.995904 3427.903715 3414.806200 3431.171971 3444.074504 3463.995020 3470.744806 3463.878949 3514.952847 3566.319874 3588.967972 3593.262725 3669.507195 3721.303051 3745.304480 3761.730837 3781.634135 3800.976528 3838.877603 3877.568829 3931.653174 3972.617893 4002.238980 4016.616761 4036.496259 4055.870590 4070.817633 4090.247181 4136.873744 4172.313347 4203.032507 4234.864061 4256.144608 4264.279568 4269.320605 4243.548335 4263.166291 4276.470360 4282.208324 4284.498660 4280.700629 4280.139750 4280.969995 4281.894479
-9999.0 2971.803403 3022.639484 3072.560242 3136.123799 3196.055753 3269.494947 3343.189082 3408.948530 3460.354657 3484.439034 3475.654783 3472.839791 3496.227885 3514.396012 3529.566448 3534.489824 3544.287620 3524.535248 3577.333978 3612.941964 3660.625172 3758.903699 3816.796805 3880.139455 3875.876923 3864.003592 3868.654726 3884.298300 3930.547831 4009.459998 4065.635782 4131.455884 4180.429457 4197.509481 4204.995457 4223.684503 4244.450551 4191.840152 4235.548763 4255.701911 4272.518141 4282.052132 4284.369938 4285.664454 4285.423395 4281.716447 4274.664428 4266.462944 4260.598045 4256.351698 4251.848708 4254.287419 4257.618863 4257.771298
-9999.0 2933.068318 2988.592683 3056.232078 3122.871371 3167.617610 3247.383839 3414.083563 3476.154217 3513.166437 3516.787552 3489.035044 3544.842027 3603.499111 3626.769337 3671.385271 3655.048823 3639.522945 3601.148839 3625.671732 3663.471193 3733.791660 3905.371397 3993.876820 4046.659537 4054.556000 4055.173499 4083.488419 4127.842397 4175.579180 4221.786054 4189.417440 4239.717674 4264.515012 4269.696847 4270.422192 4275.985998 4274.490907 4273.094199 4268.621121 4263.441076 4263.610527 4268.263377 4268.112276 4265.134115 4261.724727 4256.005134 4248.584081 4243.400079 4238.767395 4236.113953 4233.284130 4231.294911 4230.499501 4225.591953
-9999.0 2891.787856 2966.495756 3022.316599 3066.044035 3154.224604 3283.373690 3427.066644 3522.728669 3555.622572 3529.349790 3561.561647 3663.825486 3770.093820 3822.083780 3842.706081 3822.239414 3772.333606 3750.947274 3794.273186 3864.862214 3985.862932 4126.955431 4227.427589 4242.918735 4246.374544 4197.367966 4223.736768 4248.177303 4251.077589 4252.225187 4260.450389 4265.548917 4268.529117 4266.947485 4264.050806 4259.219270 4250.997091 4246.200474 4242.486479 4238.691689 4237.479718 4239.437905 4241.319089 4238.474164 4234.565386 4230.083400 4224.506628 4218.175309 4211.389015 4207.031436 4202.742085 4200.591119 4194.972750 4191.482853
-9999.0 2770.884303 2862.996504 2901.135033 2970.651665 3157.946860 3286.053730 3424.421869 3590.097405 3608.470628 3651.075496 3791.206067 3911.047289 3991.708676 4019.845743 4052.769598 4077.135731 4092.745145 4129.692726 4005.961172 4087.889258 4187.882061 4233.860864 4253.798939 4264.252245 4264.633435 4254.659309 4233.750528 4222.987598 4216.228286 4217.839373 4225.134704 4229.764346 4234.513405 4232.196881 4233.300296 4234.479920 4231.275773 4227.229138 4218.454703 4210.574644 4203.796506 4200.419091 4205.075030 4200.428660 4198.110552 4191.876131 4183.372856 4174.367113 4166.979113 4158.956428 4152.366496 4150.140497 4145.130865 4143.922837
-9999.0 2689.942694 2761.944175 2812.503665 2918.837757 3079.516968 3169.904431 3325.741457 3568.470463 3705.659752 3872.032935 3964.229315 4034.544872 4075.501778 4125.259860 4177.785784 4205.071403 4217.104946 4185.218697 4208.354151 4165.042889 4153.895639 4171.592728 4201.058193 4218.542296 4222.674669 4214.869434 4205.798914 4198.524480 4197.400920 4195.166045 4190.906997 4186.602082 4182.903391 4179.763663 4182.814289 4188.190941 4180.986674 4170.565469 4160.994875 4152.372066 4143.060818 4137.059385 4132.294274 4132.767731 4133.054151 4125.374073 4114.826829 4103.901089 4095.558702 4088.352484 4083.890836 4081.163129 4076.141767 4066.308617
-9999.0 2567.147240 2701.258216 2775.221048 2859.360479 2983.652783 3083.546542 3232.093177 3358.880068 3604.889072 3744.465998 3943.295395 3993.874471 4064.762589 4111.668997 4185.610352 4180.716158 4149.388212 4105.671662 4089.602673 4101.334457 4110.482748 4118.598040 4132.917229 4150.711316 4160.943016 4166.182807 4160.267030 4146.018466 4133.349870 4121.945132 4107.997642 4098.432223 4095.852896 4100.118991 4110.326722 4110.725148 4101.386696 4087.153970 4068.730823 4052.978438 4041.059298 4039.100631 4041.963322 4043.118945 4038.987633 4033.213306 4022.382931 4009.723565 3997.198943 3991.584565 3987.274502 3979.767321 3968.385247 3956.382858
-9999.0 -9999.0 2613.990826 2721.727622 2806.313870 2913.623440 2995.551377 3108.693829 3245.553506 3414.765486 3530.653003 3714.576732 3811.569315 3855.792722 3888.952326 3945.126858 3971.171735 4003.572505 3998.874253 4011.340136 4021.653930 4027.127156 4032.284053 4037.792177 4048.225426 4058.116125 4068.579546 4065.758622 4056.964465 4036.210516 4010.134791 3989.827159 3979.204585 3969.780139 3982.093262 3994.726936 3989.026903 3982.079663 3969.358855 3953.072693 3940.502482 3926.191918 3922.742495 3922.624405 3923.249905 3920.969861 3918.568293 3906.122680 3893.865047 3884.076602 3880.129623 3874.517675 3871.036802 3861.263458 3850.692345
-9999.0 -9999.0 2524.900895 2627.941662 2727.802280 2836.285335 2916.338256 2921.440887 3050.890276 3150.792807 3257.666113 3369.444966 3467.161236 3536.189289 3568.279066 3630.752877 3688.225713 3706.988428 3748.837287 3804.690605 3839.731386 3880.102138 3903.598265 3912.958933 3925.468724 3940.071799 3947.497633 3932.036153 3920.735614 3903.597310 3879.992752 3853.040289 3839.398640 3839.143561 3837.961116 3839.246188 3831.484224 3822.561008 3808.070383 3794.237896 3782.081021 3773.326227 3769.772588 3764.042744 3761.679477 3758.963224 3757.361506 3752.346244 3744.288390 3739.916004 3731.724667 3728.153779 3727.509393 3724.702109 3719.201547
