tests/Borden05m/sims/sim_1/output-maps/psiliqL0020N0013.asc
ncols         160
nrows         34
xllcorner     620200.000000
yllcorner     5168000.000000
cellsize      0.500000
NODATA_value  -9999.0
[rows 0 to 24 of 34, columns 55 to 109 of 160]
-9999.0 -9999.0 -9999.0 -9999.0 -9999.0 -9999.0 -9999.0 -9999.0 -9999.0 -9999.0 -9999.0 -9999.0 -9999.0 -9999.0 -9999.0 -9999.0 -9999.0 -9999.0 -9999.0 -9999.0 -9999.0 -9999.0 -9999.0 -9999.0 -9999.0 -9999.0 -9999.0 -9999.0 -9999.0 -9999.0 -9999.0 -9999.0 -9999.0 -9999.0 -9999.0 -9999.0 -9999.0 -9999.0 -9999.0 -9999.0 -9999.0 -9999.0 -9999.0 -9999.0 -9999.0 -9999.0 -9999.0 -9999.0 -9999.0 -9999.0 -9999.0 -9999.0 -9999.0 -9999.0 -9999.0
-9999.0 -9999.0 -9999.0 -9999.0 2234.431344 2229.220693 2224.561232 2220.313432 2212.169223 2203.413790 2195.818250 2192.243554 2191.699794 2191.380720 2191.344534 2196.843497 2205.297573 2213.292112 2220.593455 2223.212064 2225.820587 2228.072549 2228.641426 2227.681693 2224.685972 2221.644668 2218.441478 2216.973874 2209.410138 2198.269199 2189.799138 2187.105010 2191.369583 2195.704816 2198.090330 2203.433399 2213.761828 2224.140947 2232.220140 2243.957746 2249.909469 2254.625592 2256.845327 2252.256970 2248.335151 2243.989489 2238.003909 2226.738463 -9999.0 -9999.0 -9999.0 -9999.0 -9999.0 -9999.0 -9999.0
2179.413328 2198.480039 2219.316243 2222.717068 2211.175169 2206.380989 2203.519145 2202.101219 2198.036327 2189.961685 2185.285416 2180.346307 2178.555494 2179.077053 2179.531011 2183.873326 2194.798700 2203.065387 2208.054677 2210.927924 2213.899428 2213.133236 2212.676955 2212.604848 2209.897503 2206.602829 2203.366920 2201.672546 2202.766491 2195.262653 2189.557722 2185.893939 2183.498538 2186.057010 2188.528428 2192.432562 2201.548064 2209.291719 2216.973951 2231.237152 2243.561169 2248.516667 2245.426871 2240.067898 2235.687711 2228.119564 2217.358715 2206.954698 2198.092251 2191.149424 2185.087040 2178.271435 2183.723252 2190.232562 2199.063628
2164.272649 2183.966429 2204.706490 2207.758918 2197.544556 2189.915542 2184.340349 2185.187165 2188.758597 2185.924765 2181.726357 2175.743576 2185.540680 2187.160719 2188.558714 2192.283571 2195.204894 2199.815696 2202.727005 2208.345482 2217.525069 2220.477062 2221.140905 2221.404111 2219.649331 2216.598522 2214.839351 2212.182176 2207.042919 2205.638800 2205.614428 2204.797091 2209.233095 2210.645740 2212.940048 2206.790528 2210.634132 2216.615782 2223.198849 2228.825922 2234.757179 2237.416281 2233.536560 2232.798661 2223.756405 2209.425231 2198.461392 2190.038417 2188.796399 2185.097078 2176.467656 2162.410479 2169.318545 2184.322098 2188.209384
2170.976010 2180.587212 2192.208992 2195.419241 2190.864991 2193.155827 2195.370290 2197.252563 2196.089757 2193.376318 2190.666464 2202.562531 2211.850009 2213.927130 2217.088347 2221.402670 2222.109182 2211.219455 2209.367415 2217.356771 2227.485829 2233.088902 2233.452017 2233.375106 2230.587325 2229.628140 2229.461818 2227.593127 2227.744060 2229.746352 2228.434586 2232.135858 2237.664969 2240.805362 2234.215429 2225.337737 2226.775232 2234.734089 2243.269539 2250.424947 2260.349420 2270.796506 2269.807533 2264.054575 2254.542537 2240.783787 2217.070686 2197.899690 2186.183690 2177.734704 2169.627020 2170.313266 2165.433769 2177.133487 2177.963709
2165.236312 2184.866268 2206.015406 2213.409144 2208.069720 2204.357263 2203.060161 2204.387702 2204.585382 2206.850960 2217.890633 2231.184356 2244.640945 2247.588700 2250.257013 2249.806244 2241.911340 2232.047475 2229.249889 2243.518900 2260.394403 2268.662219 2268.862165 2266.357395 2271.335324 2270.898546 2270.499547 2266.564112 2267.988854 2267.433889 2274.935610 2282.559905 2290.056787 2288.425488 2276.087593 2264.040184 2263.135456 2267.151126 2272.162896 2278.741508 2288.422339 2297.190621 2291.552138 2284.703200 2275.281867 2247.393197 2221.627476 2205.256995 2204.507927 2203.966161 2198.317585 2194.732883 2191.697087 2185.240461 2184.137153
2209.194764 2230.125656 2251.159044 2266.205170 2261.013424 2254.055406 2245.599321 2246.721643 2249.061640 2256.624874 2268.856391 2284.394945 2307.764024 2309.376865 2311.591700 2312.592890 2301.039550 2288.771666 2278.693911 2299.070592 2309.982810 2317.935998 2317.488686 2324.913147 2334.227847 2330.344227 2323.413933 2312.353778 2318.373260 2327.374428 2342.461597 2349.795199 2354.298373 2351.160466 2338.468898 2332.062987 2332.031846 2336.263869 2335.464586 2341.754058 2350.648726 2364.929373 2363.216534 2356.427681 2334.486012 2296.693577 2264.008564 2246.569902 2254.207921 2246.803717 2238.855818 2235.849779 2222.296214 2212.248203 2212.500497
2254.771918 2271.268963 2289.348932 2307.435201 2301.326705 2291.854462 2277.768695 2276.713450 2283.223625 2294.068331 2312.914164 2333.729342 2355.984148 2359.692792 2358.164077 2368.125417 2362.141387 2352.591278 2345.194862 2362.033196 2373.204415 2384.058415 2391.729487 2404.475964 2415.495708 2402.394692 2387.897346 2380.110406 2386.346027 2409.116226 2429.002002 2433.857371 2433.804514 2434.512184 2422.038800 2416.287020 2411.345128 2408.933377 2404.525670 2401.195881 2422.515553 2440.894921 2439.184242 2416.039562 2391.896707 2353.231595 2314.642674 2285.604178 2291.090732 2286.845104 2286.879657 2273.306744 2258.634688 2245.852587 2238.594555
2323.380709 2349.334861 2368.528941 2390.639308 2387.110704 2368.062247 2356.849214 2361.291897 2375.131769 2383.448299 2401.030395 2421.884687 2450.725798 2467.577616 2483.029603 2488.222211 2480.631987 2472.280155 2460.179104 2462.360262 2483.343151 2496.009963 2505.760977 2515.399942 2528.003460 2530.886427 2526.124133 2525.034719 2528.918224 2539.323530 2551.094008 2557.703734 2561.583205 2564.735075 2555.752855 2544.173913 2540.634854 2533.633082 2529.552673 2527.517076 2534.176861 2549.469916 2545.946887 2513.471119 2485.487153 2450.314849 2411.766203 2380.589036 2368.102045 2379.804388 2372.439590 2354.195416 2338.372181 2307.169235 2295.506321
2409.767073 2444.716241 2471.411532 2485.365779 2496.681638 2487.655067 2488.262809 2493.196499 2501.816060 2506.532942 2514.236228 2546.940337 2580.928870 2608.174824 2632.061675 2640.534602 2629.600677 2620.253463 2607.882268 2599.154272 2607.270326 2623.538581 2640.918730 2656.264582 2667.578808 2670.399288 2668.912283 2669.155867 2671.923245 2674.788357 2678.409351 2685.734124 2693.274234 2703.921982 2713.349283 2704.696298 2686.212271 2675.335212 2663.881842 2660.710286 2660.178130 2660.702882 2660.349435 2646.843129 2608.770965 2577.581650 2545.145854 2520.424033 2502.447558 2494.454596 2473.660810 2449.037746 2399.237791 2359.757668 2325.849137
2513.233882 2556.639237 2586.931468 2608.260903 2623.139680 2623.873805 2626.935256 2629.596524 2635.126924 2639.556467 2644.953720 2670.299382 2712.048011 2751.070756 2782.089558 2784.308381 2772.990157 2762.452030 2753.064494 2740.632847 2737.153654 2747.723930 2761.248098 2779.614293 2790.442101 2797.910606 2794.405320 2794.742030 2797.195998 2798.149093 2799.911661 2802.750560 2811.241757 2825.042500 2837.971170 2837.706128 2821.012866 2804.580907 2787.871522 2782.898700 2778.312720 2772.317945 2772.830324 2773.190867 2760.053198 2730.259974 2689.682146 2647.307548 2625.011724 2605.769580 2592.344010 2574.934612 2539.829173 2478.374937 2441.863491
2639.548306 2672.006029 2704.260777 2735.935935 2753.366809 2758.988533 2758.712871 2759.822509 2767.790526 2772.806451 2780.895009 2796.661180 2825.692849 2858.751300 2887.516894 2904.095271 2898.451094 2883.192133 2863.436131 2855.799126 2853.694176 2856.627930 2864.824872 2875.499498 2893.148994 2910.973884 2825.796217 2826.753977 2915.116371 2826.524027 2823.662108 2823.732532 2825.896062 2832.798006 2841.438107 2844.519940 2842.347196 2912.739130 2890.449588 2877.410878 2869.490284 2864.976176 2863.909757 2866.463171 2867.060604 2852.599357 2819.956998 2777.581029 2745.124467 2725.806302 2709.854212 2692.627412 2679.112240 2650.572722 2629.512790
2760.528182 2776.557197 2805.004506 2833.716048 2856.590316 2872.712926 2875.528213 2880.500394 2886.035880 2895.084806 2910.872326 2837.745731 2850.211190 2870.168570 2894.313406 2908.888563 2914.281330 2913.471091 2910.640805 2912.130526 2912.462520 2865.264608 2870.220295 2875.138856 2888.116696 2900.381144 2900.568357 2901.117821 2903.428395 2900.839020 2901.316363 2901.379706 2901.079376 2902.451362 2906.295218 2907.756922 2906.104943 2900.307949 2912.196015 2893.567857 2880.830439 2872.938016 2864.897008 2856.465635 2846.994638 2841.485585 2912.128424 2882.243430 2847.668879 2823.823789 2813.157609 2805.070661 2795.785359 2788.626978 2770.978932
2867.701670 2879.921686 2898.160165 2920.558160 2856.197475 2873.104682 2883.906943 2892.781381 2897.425029 2910.519615 2925.555247 2909.859829 2916.027241 2922.557312 2929.018931 2931.225201 2931.837750 2931.518854 2929.191422 2928.588327 2926.500677 2922.569409 2912.582684 2914.149117 2915.915433 2918.493891 2922.061266 2920.894735 2922.041286 2924.930693 2923.348342 2917.637295 2913.850774 2912.334479 2913.139769 2920.438923 2923.783107 2924.776861 2922.452500 2921.675142 2920.953449 2918.395245 2915.164321 2910.573869 2904.667906 2914.651956 2907.768853 2882.050151 2849.653205 2902.971140 2891.796858 2889.774118 2888.520722 2885.037173 2877.902276
2889.396473 2902.369962 2916.401584 2902.367529 2914.979115 2923.531728 2927.614439 2931.017624 2933.555866 2935.746247 2932.594201 2929.279296 2924.450811 2922.956830 2921.553343 2919.053161 2919.585973 2917.591301 2913.539120 2909.685085 2902.454911 2891.274577 2880.048740 2876.902876 2881.279639 2886.591467 2891.348915 2895.236044 2898.776230 2899.267529 2894.198781 2886.154678 2878.942440 2877.257317 2883.979448 2889.671967 2895.691380 2896.562989 2895.298163 2893.159869 2893.250491 2890.478771 2890.917902 2897.748666 2911.766182 2915.628632 2920.125231 2919.407942 2906.901878 2888.423829 2892.025272 2872.330483 2877.143702 2872.436557 2861.114178
2925.419850 2927.677594 2926.564538 2925.254745 2919.041470 2913.124983 2912.321934 2916.153679 2922.934505 2923.934869 2916.815471 2908.380885 2901.192058 2893.959663 2891.573133 2890.557089 2889.974536 2890.151729 2884.771324 2876.240323 2864.343330 2852.840351 2841.672283 2835.634938 2832.557947 2836.537759 2847.036656 2857.995339 2862.806179 2854.662722 2846.745809 2835.589028 2827.685274 2828.145064 2829.783421 2839.118201 2854.752545 2861.161973 2862.089980 2856.452122 2851.077634 2845.040168 2842.669063 2849.410863 2864.476093 2875.865594 2890.360026 2899.034401 2906.528346 2913.384304 2913.967041 2915.896711 2916.951511 2915.217724 2916.331235
2920.054185 2913.353105 2906.619749 2901.458598 2894.933786 2889.495701 2887.575357 2889.483800 2891.598371 2887.620096 2881.107760 2875.382205 2864.316973 2854.411601 2847.144531 2847.747994 2849.698879 2850.785861 2843.816813 2833.225074 2904.480879 2890.271242 2875.590321 2870.917548 2864.919570 2858.327772 2868.276485 2886.573035 2893.283373 2878.317816 2867.895781 2853.213350 2846.376904 2842.845905 2844.047584 2853.318250 2874.878932 2897.323854 2899.716795 2890.256196 2881.126358 2877.733471 2876.184352 2882.875456 2901.179179 2830.269399 2841.179999 2851.256570 2856.861898 2864.889928 2874.294104 2882.909627 2896.724038 2908.383198 2914.545928
2895.843156 2888.189391 2880.508420 2872.870503 2866.042337 2864.355098 2859.917887 2857.563293 2853.813463 2847.526375 2844.686867 2917.215308 2903.655109 2889.772570 2874.021250 2868.915510 2863.525781 2863.557589 2851.134285 2841.453682 2824.680821 2808.636868 2792.025976 2779.170867 2772.862806 2766.125597 2766.522593 2780.501785 2788.990043 2777.934238 2768.028274 2756.582605 2751.498977 2748.302186 2750.726512 2761.342255 2782.263171 2801.228346 2809.797026 2803.271138 2801.725444 2802.512817 2802.750417 2810.308613 2823.854515 2842.988860 2866.069898 2885.348258 2896.546017 2905.197807 2915.924475 2836.644199 2845.937720 2859.991070 2877.407517
2865.300501 2860.651994 2850.780304 2841.119956 2835.155780 2915.307139 2907.633026 2908.106416 2900.241584 2892.679369 2871.520395 2819.871265 2798.499675 2778.541262 2761.292133 2753.536430 2744.137863 2730.038304 2720.085792 2713.812409 2711.662815 2696.132080 2676.348228 2658.609299 2653.095241 2648.912498 2634.624807 2633.488285 2634.895904 2646.232492 2639.707347 2636.743456 2637.174491 2634.945674 2637.265402 2650.723280 2660.556665 2668.520945 2675.901590 2679.329185 2689.704947 2700.130676 2709.735102 2727.966491 2741.444063 2759.154146 2781.592776 2808.385852 2824.787951 2836.003879 2848.100156 2864.270493 2882.018223 2900.989007 2924.437362
2838.916565 2912.434216 2897.114160 2881.545195 2867.479800 2854.418486 2838.306095 2838.068607 2833.620968 2822.228807 2770.852568 2727.822614 2691.350902 2672.329805 2647.947432 2633.786329 2617.915331 2583.062064 2565.866202 2562.377450 2572.672328 2566.372642 2550.665110 2537.713708 2528.473288 2519.864099 2503.814845 2488.730213 2494.141681 2510.115531 2509.043482 2510.581412 2517.151579 2516.405019 2511.296899 2512.141792 2525.562721 2532.698764 2544.174644 2560.417713 2566.201159 2580.781237 2613.031248 2627.881403 2644.744092 2665.625068 2688.473449 2714.410081 2738.299166 2754.034113 2770.894289 2791.464606 2810.037625 2832.191527 2856.546725
2870.786395 2841.429091 2819.959358 2801.392183 2781.105818 2755.110172 2733.244158 2729.136702 2720.804510 2693.550484 2640.207948 2601.395355 2574.956649 2552.000269 2527.406805 2504.220033 2468.975961 2434.604852 2412.665297 2423.743658 2432.817381 2439.877032 2427.335054 2415.617942 2405.601710 2389.010299 2372.633986 2357.972665 2367.963292 2376.506900 2391.498489 2397.207344 2401.200287 2406.061446 2405.052385 2397.081028 2396.340136 2405.281716 2416.075579 2428.417808 2448.015779 2482.919914 2509.053873 2528.471844 2550.732769 2571.989963 2595.689386 2620.415092 2644.638387 2663.332326 2683.737002 2706.224594 2729.378072 2751.175406 2776.707516
2786.370543 2757.516206 2729.877477 2705.239722 2672.110023 2627.099028 2610.675579 2600.107707 2580.126646 2535.703430 2493.136864 2465.568983 2447.755262 2423.215790 2400.354326 2371.358336 2338.043050 2314.170195 2293.300980 2301.744675 2310.285137 2326.665143 2316.511683 2307.902390 2303.554205 2288.302588 2274.722173 2258.984815 2265.684707 2276.970120 2298.113968 2303.514659 2307.554496 2316.270222 2315.721963 2312.296159 2298.458779 2306.477524 2317.831592 2332.992657 2363.540542 2387.704017 2411.868261 2434.781384 2456.099386 2480.392679 2505.168878 2530.375348 2558.476830 2579.999456 2600.879792 2623.918216 2645.508770 2663.512205 2683.686687
2668.966088 2643.408871 2621.635216 2596.318860 2555.155623 2510.197056 2469.972444 2445.977090 2398.010726 2362.587628 2336.308064 2328.830732 2313.833995 2292.311672 2271.720494 2250.876291 2227.097601 2206.551740 2181.510491 2185.879422 2200.039182 2215.593942 2214.095345 2213.218450 2211.003711 2200.934642 2187.369340 2173.747752 2177.413429 2193.798105 2211.401504 2220.612796 2228.104175 2236.004287 2236.167293 2227.973237 2218.971024 2224.564367 2240.075514 2257.141369 2276.782482 2298.893880 2321.222371 2342.901939 2366.736488 2390.963066 2415.700866 2442.507002 2471.758554 2494.652116 2520.169919 2546.542188 2566.218457 2578.335627 2590.422339
2558.092569 2536.824708 2512.294760 2484.093046 2441.312755 2400.063181 2358.016562 2312.993705 2279.036000 2248.538884 2237.234150 2220.243394 2204.943149 2188.772395 2167.912096 2150.211133 2133.758609 2111.981895 2098.872105 2105.086749 2118.038891 2126.972011 2132.100107 2129.532477 2126.851008 2120.497956 2106.639943 2100.364758 2109.813920 2125.060691 2139.207248 2150.372628 2157.357617 2163.018646 2160.363637 2151.869526 2148.280953 2156.848469 2172.790896 2187.271545 2203.542307 2225.140054 2246.694521 2269.326976 2292.990443 2316.371902 2342.250011 2368.897061 2396.222510 2424.319221 2448.785972 2471.110527 2482.854459 2494.991111 2499.519666
2426.142815 2412.054664 2385.787692 2356.952723 2326.003459 2290.558479 2263.430703 2231.150472 2200.325283 2170.460034 2144.475201 2130.135244 2122.309456 2108.492770 2090.529897 2078.370514 2062.196320 2049.286395 2052.876120 2054.407946 2063.267863 2062.253602 2062.895001 2060.144022 2059.278073 2056.262081 2048.521676 2058.617894 2065.495288 2079.330350 2089.654042 2099.342779 2105.412016 2109.340231 2110.247033 2105.531921 2110.864349 2117.659725 2132.004834 2143.796132 2158.303092 2179.007793 2196.641349 2216.453303 2239.619632 2263.509211 2288.500253 2315.226775 2344.146320 2370.034573 2389.831329 2399.004685 2410.380877 2415.232244 2408.066059
