tests/Borden05m/sims/sim_1/output-maps/psiliqL0008N0013.asc
ncols         160
nrows         34
xllcorner     620200.000000
yllcorner     5168000.000000
cellsize      0.500000
NODATA_value  -9999.0
[rows 0 to 24 of 34, columns 0 to 56 of 160]
-9999.0 -9999.0 -9999.0 -9999.0 -9999.0 -9999.0 -9999.0 -9999.0 -9999.0 -9999.0 -9999.0 -9999.0 -9999.0 -9999.0 -9999.0 -9999.0 -9999.0 -9999.0 -9999.0 -9999.0 -9999.0 -9999.0 -9999.0 -9999.0 -9999.0 -9999.0 -9999.0 -9999.0 -9999.0 -9999.0 -9999.0 -9999.0 -9999.0 -9999.0 -9999.0 -9999.0 -9999.0 -9999.0 -9999.0 -9999.0 -9999.0 -9999.0 -9999.0 -9999.0 -9999.0 -9999.0 -9999.0 -9999.0 -9999.0 -9999.0 -9999.0 -9999.0 -9999.0 -9999.0 -9999.0 -9999.0 -9999.0
-9999.0 -9999.0 -9999.0 -9999.0 -9999.0 -9999.0 -9999.0 -9999.0 -9999.0 -9999.0 -9999.0 -9999.0 -9999.0 -9999.0 -9999.0 -9999.0 -9999.0 -9999.0 -9999.0 -9999.0 -9999.0 -9999.0 -9999.0 -9999.0 -9999.0 -9999.0 -9999.0 -9999.0 -9999.0 -9999.0 -9999.0 -9999.0 -9999.0 -9999.0 -9999.0 -9999.0 -9999.0 -9999.0 -9999.0 -9999.0 -9999.0 -9999.0 -9999.0 -9999.0 -9999.0 -9999.0 -9999.0 -9999.0 -9999.0 -9999.0 -9999.0 -9999.0 -9999.0 -9999.0 -9999.0 -9999.0 -9999.0
-9999.0 -9999.0 -9999.0 -9999.0 -9999.0 -9999.0 -9999.0 -9999.0 -9999.0 -9999.0 -9999.0 -9999.0 -9999.0 -9999.0 -9999.0 -9999.0 -9999.0 -9999.0 -9999.0 -9999.0 -9999.0 -9999.0 -9999.0 -9999.0 -9999.0 -9999.0 -9999.0 -9999.0 -9999.0 -9999.0 -9999.0 -9999.0 -9999.0 -9999.0 -9999.0 -9999.0 -9999.0 -9999.0 -9999.0 -9999.0 -9999.0 -9999.0 -9999.0 -9999.0 -9999.0 -9999.0 -9999.0 -317.776741 -335.385213 -352.354696 -354.046666 -331.192395 -307.966283 -284.519986 -264.265650 -245.800243 -226.943585
-9999.0 -9999.0 -9999.0 -9999.0 -9999.0 -9999.0 -9999.0 -9999.0 -9999.0 -9999.0 -9999.0 -9999.0 -9999.0 -9999.0 -9999.0 -9999.0 -9999.0 -9999.0 -9999.0 -9999.0 -9999.0 -9999.0 -9999.0 -9999.0 -9999.0 -9999.0 -9999.0 -9999.0 -9999.0 -9999.0 -9999.0 -9999.0 -9999.0 -9999.0 -9999.0 -9999.0 -9999.0 -9999.0 -9999.0 -9999.0 -270.163445 -264.380800 -262.811372 -273.818760 -285.260818 -297.136249 -317.112593 -335.135498 -350.970621 -354.043965 -351.590816 -345.839040 -322.779141 -298.767157 -279.564877 -262.347901 -243.400642
-9999.0 -9999.0 -9999.0 -9999.0 -9999.0 -9999.0 -9999.0 -9999.0 -9999.0 -9999.0 -9999.0 -9999.0 -9999.0 -9999.0 -9999.0 -9999.0 -9999.0 -9999.0 -9999.0 -9999.0 -9999.0 -9999.0 -9999.0 -9999.0 -9999.0 -9999.0 -9999.0 -9999.0 -9999.0 -9999.0 -9999.0 -9999.0 -9999.0 -9999.0 -361.804337 -344.217290 -326.219235 -308.107702 -291.741822 -285.326096 -279.540054 -273.826086 -277.964446 -282.974082 -294.454317 -313.101575 -333.025483 -347.581342 -350.511219 -353.342502 -349.066833 -335.985523 -319.487373 -303.218193 -282.536887 -259.741646 -250.783765
-9999.0 -9999.0 -9999.0 -9999.0 -9999.0 -9999.0 -9999.0 -9999.0 -9999.0 -9999.0 -9999.0 -9999.0 -9999.0 -9999.0 -9999.0 -9999.0 -9999.0 -9999.0 -9999.0 -9999.0 -9999.0 -9999.0 -9999.0 -9999.0 -9999.0 -9999.0 -9999.0 -9999.0 -356.703764 -362.783054 -368.198798 -369.952960 -371.503414 -372.950390 -366.092508 -353.772516 -335.508465 -314.241359 -301.715689 -294.808901 -288.516364 -287.896242 -292.871990 -295.313041 -295.391685 -307.247016 -319.077035 -330.189724 -340.876884 -342.205658 -332.796238 -319.194761 -303.476476 -289.010256 -274.006484 -260.974373 -245.719828
-9999.0 -9999.0 -9999.0 -9999.0 -9999.0 -9999.0 -9999.0 -9999.0 -9999.0 -9999.0 -9999.0 -9999.0 -9999.0 -9999.0 -9999.0 -9999.0 -9999.0 -9999.0 -9999.0 -9999.0 -9999.0 -9999.0 -9999.0 -385.568634 -379.532216 -373.202088 -366.059638 -365.403749 -369.960502 -375.922514 -379.421291 -381.297460 -383.125487 -378.987805 -370.686667 -357.079220 -341.277620 -319.903911 -311.539567 -305.050076 -292.813895 -290.922777 -286.579780 -282.889753 -285.010523 -287.874196 -299.911136 -308.813481 -303.125606 -297.070454 -290.942636 -283.779559 -271.069129 -255.559257 -237.794170 -216.981842 -195.011224
-9999.0 -9999.0 -9999.0 -9999.0 -9999.0 -9999.0 -9999.0 -9999.0 -9999.0 -9999.0 -9999.0 -9999.0 -9999.0 -9999.0 -9999.0 -9999.0 -9999.0 -9999.0 -9999.0 -410.129291 -409.460420 -408.687001 -404.328595 -403.490712 -401.417685 -394.591787 -386.658237 -384.867107 -386.689080 -388.683724 -387.433125 -385.061227 -381.173130 -369.824670 -356.117938 -342.124575 -328.094595 -307.467261 -292.957070 -279.205956 -263.292863 -265.053055 -269.884182 -272.421058 -272.288939 -271.834934 -265.668018 -261.899724 -256.276594 -250.277724 -243.190600 -234.383898 -223.679506 -204.949826 -184.062778 -162.715767 -142.065437
-9999.0 -9999.0 -9999.0 -9999.0 -9999.0 -9999.0 -9999.0 -9999.0 -9999.0 -9999.0 -9999.0 -9999.0 -9999.0 -9999.0 -9999.0 -9999.0 -438.161717 -436.468041 -434.605367 -429.476319 -427.285879 -423.597807 -417.005215 -416.248316 -412.634588 -405.794446 -401.040459 -392.816071 -385.275628 -378.192232 -372.530321 -370.111507 -362.549749 -353.036568 -341.260795 -325.672083 -303.874862 -281.446086 -265.349887 -248.885339 -232.297180 -232.243226 -233.710023 -232.854021 -232.094794 -223.829605 -205.177743 -198.456546 -194.256656 -174.392760 -159.233515 -153.081360 -145.078521 -125.968921 -100.398302 -70.893566 -34.726923
-9999.0 -9999.0 -9999.0 -9999.0 -9999.0 -9999.0 -9999.0 -9999.0 -9999.0 -9999.0 -9999.0 -9999.0 -9999.0 -482.049257 -478.039180 -469.134889 -461.336921 -459.420658 -455.854492 -450.512124 -438.643665 -435.458997 -429.535540 -422.184969 -411.127940 -402.920145 -393.931971 -382.382236 -374.116503 -367.125055 -360.180752 -353.604278 -339.902820 -324.539270 -308.631800 -288.420562 -266.919251 -245.741356 -224.426307 -209.185950 -194.629231 -190.737354 -192.559547 -190.818811 -182.080028 -162.643064 -141.881092 -127.220820 -102.941550 -76.399820 -59.154212 -43.472765 -32.022109 -16.851214 7.847221 50.843961 95.825088
-9999.0 -9999.0 -9999.0 -9999.0 -9999.0 -9999.0 -9999.0 -9999.0 -9999.0 -9999.0 -517.198738 -514.695311 -518.340950 -517.638857 -513.322918 -501.780143 -488.986235 -482.350300 -471.528670 -451.373021 -434.646452 -431.491727 -416.888681 -407.258691 -401.001098 -390.501996 -377.529012 -364.607333 -347.301788 -334.691855 -321.977107 -301.173984 -284.742486 -268.409173 -250.743879 -230.879476 -209.244544 -177.996888 -149.257392 -133.413284 -107.256024 -91.171920 -93.433810 -92.497686 -83.197432 -62.286822 -33.504804 -0.678719 28.539494 61.940144 88.701481 107.972568 122.519429 138.600907 157.506211 191.817414 231.842902
-9999.0 -9999.0 -9999.0 -9999.0 -9999.0 -9999.0 -9999.0 -9999.0 -540.916621 -534.306542 -528.155545 -531.414464 -536.425193 -539.832529 -527.204616 -511.721621 -496.143600 -479.580389 -464.006326 -446.556119 -431.175433 -414.765928 -395.729016 -384.078020 -372.355526 -357.318926 -343.708113 -325.723143 -304.386920 -289.412255 -269.951207 -247.696962 -227.650188 -209.055526 -189.885170 -170.285732 -139.287032 -101.695956 -64.891318 -34.787326 -1.330284 28.856637 32.195727 37.829255 45.839912 78.546750 117.005850 154.401277 186.206672 216.587889 246.913275 264.677606 276.408987 290.345479 307.077704 323.930033 348.165617
-9999.0 -9999.0 -9999.0 -9999.0 -9999.0 -9999.0 -566.195646 -542.284252 -527.793374 -535.794421 -543.934358 -547.441328 -551.094869 -532.629444 -511.707100 -495.290683 -479.034213 -462.139876 -446.238253 -431.546364 -396.243361 -380.155245 -365.173492 -345.219068 -331.323671 -317.394501 -300.023820 -276.189237 -252.446179 -218.559815 -186.835089 -157.677653 -128.724266 -106.363177 -84.849586 -61.430209 -23.556330 21.838185 67.530207 106.488244 141.083955 174.814067 186.913673 194.452206 203.808670 223.419049 254.487311 285.646706 320.132503 352.087767 376.700712 388.433048 399.008884 411.200979 425.919305 440.476444 454.347263
-9999.0 -9999.0 -9999.0 -9999.0 -599.238179 -578.479206 -558.053333 -527.414489 -505.055875 -510.769278 -503.630819 -503.264136 -504.728984 -502.691883 -497.441983 -479.926708 -462.685607 -445.288337 -426.632514 -388.356182 -346.671469 -329.728928 -302.449045 -269.922129 -255.551035 -240.352644 -224.385111 -200.150119 -168.359804 -129.718865 -77.404640 -30.708398 2.462720 31.865686 58.779485 89.201335 129.348255 172.246811 211.695019 247.971210 279.808823 305.748273 321.315805 329.790168 340.966339 355.478756 374.817104 401.104552 430.679478 462.587534 487.229524 502.462611 510.822340 522.483213 535.770846 551.866495 565.163033
-9999.0 -9999.0 -9999.0 -645.604613 -607.354074 -570.867974 -543.515757 -512.784081 -481.513940 -475.163822 -467.178499 -460.718597 -454.038152 -445.223398 -435.163472 -419.107141 -405.461533 -393.276734 -372.357140 -335.245908 -298.327718 -262.886067 -228.772985 -195.836566 -170.624376 -153.021657 -134.262726 -106.730904 -61.624394 -13.985911 47.598888 112.387943 157.373851 186.303534 208.527364 235.608658 261.055722 295.961709 329.833615 361.504884 392.623264 418.421999 439.960974 448.392810 455.991284 464.706042 481.161096 502.541096 524.777272 554.374797 580.535141 602.902336 614.581163 624.957660 640.883934 656.521400 668.067884
-9999.0 -9999.0 -691.712868 -655.078810 -619.757174 -568.004687 -515.742199 -482.627196 -441.969015 -416.648205 -409.420234 -390.402309 -373.058402 -364.226408 -346.819523 -329.159963 -316.188287 -313.031155 -300.442503 -263.436456 -207.099927 -153.402426 -114.460523 -51.682201 -12.957619 14.216817 31.810097 62.666250 103.327531 154.719401 207.677820 258.683664 299.058418 330.498862 345.573927 362.927477 385.796519 408.235451 438.817045 466.771005 496.020378 522.918240 548.008969 557.514832 560.989547 575.755844 595.523533 618.761929 640.616836 661.289197 673.904077 678.964264 681.380539 683.781327 686.463000 688.356809 689.299274
-9999.0 -9999.0 -716.363757 -672.660853 -629.568136 -558.932986 -483.968162 -446.289185 -403.050186 -358.592266 -339.079453 -314.935350 -294.635099 -275.088238 -250.272487 -225.306643 -220.338588 -216.975709 -216.484647 -158.813504 -93.362437 -18.815826 64.026730 134.463025 179.247344 192.290694 201.838536 221.811009 248.656912 293.572517 343.917799 394.607171 437.253737 466.178322 480.821818 496.269408 516.199812 536.449487 553.568113 585.211794 607.706913 630.536690 654.807438 673.404063 680.087453 681.715175 677.924658 682.018868 684.918024 686.365742 686.322227 682.954657 682.888903 684.281903 685.736781 680.962449 674.444271
-9999.0 -802.186529 -750.510526 -696.184028 -625.306115 -555.469982 -468.606169 -387.091731 -337.155950 -294.703970 -265.289440 -243.320714 -185.750934 -132.475937 -101.935283 -69.551724 -70.195521 -70.897638 -77.020073 -27.855253 39.202487 139.665825 257.753084 315.623376 351.776224 357.351681 355.054454 369.508248 395.020053 434.419857 493.189297 536.280154 580.226199 612.422043 623.782384 628.131360 643.283153 661.405415 668.338537 677.606469 682.317868 686.483380 685.544905 686.765270 687.293377 687.109376 683.341061 677.350132 669.716866 663.610217 657.877941 651.609130 655.268095 659.742558 661.214053 653.417298 644.596781
-9999.0 -835.896960 -775.502713 -702.729764 -630.387593 -551.459004 -437.152944 -309.038578 -262.187601 -226.412699 -193.123759 -140.361218 -44.728225 32.430438 77.473695 122.498982 121.617695 111.989190 112.192297 151.923214 210.554003 287.701415 411.024150 492.111455 510.055073 523.244798 532.462723 555.461291 584.903340 611.956454 635.664843 651.887833 663.971894 669.589689 671.706717 672.893953 674.643211 675.217587 672.710481 669.539056 665.661562 666.429982 670.545922 670.552581 667.709654 663.676617 655.513871 647.573547 641.007141 634.286372 627.356636 621.957606 621.133755 623.537068 620.381384 611.964663 600.933442
-9999.0 -859.081281 -790.310863 -724.240459 -648.935859 -521.814574 -399.568812 -270.607303 -180.052551 -137.445092 -79.961355 20.643919 126.865686 213.965671 261.508471 286.677622 298.430367 293.440683 312.578887 363.396594 430.844196 506.549673 568.190420 628.915624 641.252408 644.944513 639.028636 644.374399 649.462464 651.397309 653.289789 654.816673 660.708961 663.872327 663.209143 660.520268 655.408158 646.743161 641.210132 638.020015 634.835448 634.891827 637.839391 638.424396 635.328881 629.430225 620.172789 611.899252 604.040885 595.428200 588.922511 583.427494 581.230849 577.665100 573.189151 565.752247 551.603225
-9999.0 -943.932399 -860.847968 -797.745179 -659.652068 -495.396499 -371.444607 -215.893929 -76.158718 -14.316496 92.817252 202.429294 294.028939 355.404987 395.211465 436.046230 464.680182 492.913647 531.470295 545.493787 595.034780 630.156059 643.001495 650.027083 647.315360 648.571459 640.516368 621.825587 612.005604 606.092814 608.622423 616.530578 623.021285 629.109988 627.121761 626.462181 623.306480 616.113334 610.674819 602.170265 594.636997 589.451870 588.366073 593.482789 587.773200 582.564456 573.942365 564.226575 554.368329 545.280922 536.412088 528.838114 525.672260 520.219111 518.608006 510.628136 484.361954
-9999.0 -1024.572645 -945.392030 -838.545037 -684.572025 -521.154060 -371.434726 -196.690543 5.714245 127.663737 232.937761 289.588536 355.362416 417.118090 477.106632 513.471594 533.813105 543.938041 550.929575 565.072351 550.905177 551.941692 570.397896 594.667030 604.910194 607.008787 594.099204 580.824349 573.371072 572.582623 572.197181 572.417641 572.249746 570.894883 567.490896 567.836478 569.875582 561.986815 553.040913 545.115890 538.320164 530.700778 525.543619 522.634828 520.271712 518.866766 510.307709 499.124353 488.050379 479.306375 470.856398 464.398651 461.887054 457.224100 450.608559 439.579059 413.034105
-9999.0 -1109.546243 -995.637309 -891.084273 -753.033829 -612.141812 -472.741868 -300.346020 -130.774047 96.773025 268.792878 321.554315 351.249383 395.126610 452.642973 508.193663 514.697153 488.629036 467.090196 460.218907 469.440497 483.047133 499.529505 520.822798 536.637957 543.835061 541.405882 531.510002 517.780975 510.015509 505.640706 497.987623 492.184994 491.504510 490.118928 494.811371 496.547970 486.464878 473.663092 458.901657 446.183463 436.763643 433.720846 434.355792 433.678568 430.149120 422.671470 412.301280 399.923502 388.608156 380.351678 374.435826 368.094530 359.358438 349.504983 338.341619 313.515804
-9999.0 -9999.0 -1064.145416 -951.588384 -834.454724 -704.812252 -574.029852 -414.919554 -254.673303 -52.639297 81.159197 182.401114 238.638913 281.215271 332.783328 379.338175 390.498436 402.003676 382.180665 386.079386 394.159206 402.276575 414.249324 427.652795 440.528640 448.597129 453.011162 450.240033 440.920813 425.921441 408.857019 395.816395 387.780946 381.803739 388.884347 398.574008 396.130369 389.134306 377.608075 362.784955 350.397587 337.877656 334.428466 335.034882 334.850403 331.750603 326.514697 313.979821 301.065150 288.320454 281.902292 275.388451 269.049411 257.868508 245.947326 232.250954 208.179342
-9999.0 -9999.0 -1145.631375 -1033.821321 -911.521510 -784.591084 -674.881840 -563.343102 -400.989741 -274.492913 -166.416290 -69.969447 12.135515 77.284024 124.386506 178.005916 205.945688 218.361734 227.410872 246.067885 269.067683 291.502132 307.041144 320.079273 332.813027 343.532776 351.357587 341.251002 330.934032 315.428450 295.888678 274.563271 262.860164 257.253998 260.411047 266.492634 261.182731 250.990030 236.529466 220.039415 206.778767 194.585127 190.383471 188.058738 187.094201 184.114739 180.226190 170.047791 156.802580 146.678396 137.366160 129.392813 124.273281 114.367414 101.434911 90.445018 66.471700
