tests/Borden05m/sims/sim_1/output-maps/psiliqL0008N0008.asc
ncols         160
nrows         34
xllcorner     620200.000000
yllcorner     5168000.000000
cellsize      0.500000
NODATA_value  -9999.0
[rows 0 to 24 of 34, columns 0 to 56 of 160]
-9999.0 -9999.0 -9999.0 -9999.0 -9999.0 -9999.0 -9999.0 -9999.0 -9999.0 -9999.0 -9999.0 -9999.0 -9999.0 -9999.0 -9999.0 -9999.0 -9999.0 -9999.0 -9999.0 -9999.0 -9999.0 -9999.0 -9999.0 -9999.0 -9999.0 -9999.0 -9999.0 -9999.0 -9999.0 -9999.0 -9999.0 -9999.0 -9999.0 -9999.0 -9999.0 -9999.0 -9999.0 -9999.0 -9999.0 -9999.0 -9999.0 -9999.0 -9999.0 -9999.0 -9999.0 -9999.0 -9999.0 -9999.0 -9999.0 -9999.0 -9999.0 -9999.0 -9999.0 -9999.0 -9999.0 -9999.0 -9999.0
-9999.0 -9999.0 -9999.0 -9999.0 -9999.0 -9999.0 -9999.0 -9999.0 -9999.0 -9999.0 -9999.0 -9999.0 -9999.0 -9999.0 -9999.0 -9999.0 -9999.0 -9999.0 -9999.0 -9999.0 -9999.0 -9999.0 -9999.0 -9999.0 -9999.0 -9999.0 -9999.0 -9999.0 -9999.0 -9999.0 -9999.0 -9999.0 -9999.0 -9999.0 -9999.0 -9999.0 -9999.0 -9999.0 -9999.0 -9999.0 -9999.0 -9999.0 -9999.0 -9999.0 -9999.0 -9999.0 -9999.0 -9999.0 -9999.0 -9999.0 -9999.0 -9999.0 -9999.0 -9999.0 -9999.0 -9999.0 -9999.0
-9999.0 -9999.0 -9999.0 -9999.0 -9999.0 -9999.0 -9999.0 -9999.0 -9999.0 -9999.0 -9999.0 -9999.0 -9999.0 -9999.0 -9999.0 -9999.0 -9999.0 -9999.0 -9999.0 -9999.0 -9999.0 -9999.0 -9999.0 -9999.0 -9999.0 -9999.0 -9999.0 -9999.0 -9999.0 -9999.0 -9999.0 -9999.0 -9999.0 -9999.0 -9999.0 -9999.0 -9999.0 -9999.0 -9999.0 -9999.0 -9999.0 -9999.0 -9999.0 -9999.0 -9999.0 -9999.0 -9999.0 -319.092076 -336.831676 -353.931206 -355.678478 -332.723975 -309.343025 -285.722461 -265.340004 -246.794850 -227.893263
-9999.0 -9999.0 -9999.0 -9999.0 -9999.0 -9999.0 -9999.0 -9999.0 -9999.0 -9999.0 -9999.0 -9999.0 -9999.0 -9999.0 -9999.0 -9999.0 -9999.0 -9999.0 -9999.0 -9999.0 -9999.0 -9999.0 -9999.0 -9999.0 -9999.0 -9999.0 -9999.0 -9999.0 -9999.0 -9999.0 -9999.0 -9999.0 -9999.0 -9999.0 -9999.0 -9999.0 -9999.0 -9999.0 -9999.0 -9999.0 -271.076992 -265.275358 -263.716169 -274.795924 -286.337032 -298.333928 -318.487211 -336.641847 -352.598552 -355.723707 -353.309720 -347.581017 -324.373164 -300.159219 -280.798119 -263.471866 -244.455997
-9999.0 -9999.0 -9999.0 -9999.0 -9999.0 -9999.0 -9999.0 -9999.0 -9999.0 -9999.0 -9999.0 -9999.0 -9999.0 -9999.0 -9999.0 -9999.0 -9999.0 -9999.0 -9999.0 -9999.0 -9999.0 -9999.0 -9999.0 -9999.0 -9999.0 -9999.0 -9999.0 -9999.0 -9999.0 -9999.0 -9999.0 -9999.0 -9999.0 -9999.0 -363.124694 -345.508885 -327.463246 -309.273015 -292.825944 -286.377949 -280.549103 -274.815760 -278.992929 -284.063805 -295.659098 -314.498715 -334.636147 -349.339797 -352.327566 -355.228310 -350.986279 -337.858468 -321.238257 -304.811553 -283.937826 -260.993377 -252.006334
-9999.0 -9999.0 -9999.0 -9999.0 -9999.0 -9999.0 -9999.0 -9999.0 -9999.0 -9999.0 -9999.0 -9999.0 -9999.0 -9999.0 -9999.0 -9999.0 -9999.0 -9999.0 -9999.0 -9999.0 -9999.0 -9999.0 -9999.0 -9999.0 -9999.0 -9999.0 -9999.0 -9999.0 -357.797463 -363.914658 -369.378441 -371.180696 -372.785795 -374.293735 -367.471594 -355.173037 -336.879155 -315.521184 -302.937484 -296.001916 -289.678455 -289.073322 -294.110298 -296.604203 -296.733875 -308.749907 -320.765715 -332.057878 -342.914163 -344.325527 -334.879687 -321.167833 -305.289461 -290.678648 -275.552917 -262.460373 -247.184742
-9999.0 -9999.0 -9999.0 -9999.0 -9999.0 -9999.0 -9999.0 -9999.0 -9999.0 -9999.0 -9999.0 -9999.0 -9999.0 -9999.0 -9999.0 -9999.0 -9999.0 -9999.0 -9999.0 -9999.0 -9999.0 -9999.0 -9999.0 -386.539185 -380.526075 -374.232153 -367.125274 -366.513703 -371.116442 -377.130404 -380.684494 -382.622576 -384.523526 -380.457123 -372.222001 -358.655105 -342.849871 -321.380646 -312.987559 -306.471266 -294.158127 -292.279048 -287.939118 -284.258173 -286.438387 -289.394684 -301.630293 -310.718301 -305.030705 -298.956121 -292.802332 -285.597017 -272.795727 -257.210387 -239.411780 -218.614959 -196.712709
-9999.0 -9999.0 -9999.0 -9999.0 -9999.0 -9999.0 -9999.0 -9999.0 -9999.0 -9999.0 -9999.0 -9999.0 -9999.0 -9999.0 -9999.0 -9999.0 -9999.0 -9999.0 -9999.0 -410.981067 -410.337847 -409.602685 -405.286180 -404.490938 -402.465601 -395.693359 -387.814212 -386.085266 -387.973822 -390.040186 -388.864210 -386.574545 -382.778672 -371.505391 -357.851461 -343.879998 -329.822379 -309.057598 -294.448889 -280.609267 -264.611218 -266.417330 -271.324837 -273.924785 -273.841602 -273.442961 -267.298478 -263.573283 -257.962780 -251.981531 -244.919249 -236.143745 -225.480565 -206.780656 -185.943835 -164.691847 -144.219782
-9999.0 -9999.0 -9999.0 -9999.0 -9999.0 -9999.0 -9999.0 -9999.0 -9999.0 -9999.0 -9999.0 -9999.0 -9999.0 -9999.0 -9999.0 -9999.0 -438.921976 -437.254566 -435.429286 -430.341770 -428.196065 -424.559590 -418.023980 -417.329130 -413.784887 -407.021372 -402.354144 -394.216859 -386.764388 -379.770441 -374.205714 -371.905317 -364.445152 -355.014476 -343.277454 -327.639650 -305.673372 -283.060921 -266.870162 -250.343326 -233.720215 -233.723253 -235.239053 -234.406844 -233.681104 -225.436357 -206.774802 -200.111081 -195.947245 -176.019457 -160.872489 -154.851664 -146.970600 -127.823289 -102.059426 -72.339456 -36.253278
-9999.0 -9999.0 -9999.0 -9999.0 -9999.0 -9999.0 -9999.0 -9999.0 -9999.0 -9999.0 -9999.0 -9999.0 -9999.0 -482.683666 -478.705245 -469.847741 -462.099122 -460.229192 -456.716579 -451.437274 -439.640079 -436.531272 -430.694721 -423.437414 -412.478315 -404.380312 -395.509865 -384.075784 -375.934706 -369.070426 -362.251321 -355.793590 -342.123761 -326.724096 -310.726315 -290.352491 -268.702407 -247.440103 -226.101435 -210.913523 -196.431128 -192.629547 -194.472234 -192.675609 -183.846976 -164.345740 -143.551575 -128.741751 -103.789299 -76.528316 -59.028799 -43.398150 -31.965691 -16.342177 9.972809 56.776282 106.147199
-9999.0 -9999.0 -9999.0 -9999.0 -9999.0 -9999.0 -9999.0 -9999.0 -9999.0 -9999.0 -517.706993 -515.230291 -518.910579 -518.255805 -513.993563 -502.517141 -489.794011 -483.231084 -472.493504 -452.435962 -435.816504 -432.781591 -418.307741 -408.813938 -402.705106 -392.355716 -379.523431 -366.728722 -349.480641 -336.930143 -324.236739 -303.324383 -286.819581 -270.411476 -252.672633 -232.763135 -211.143560 -179.891337 -151.145037 -135.416216 -109.302084 -93.163642 -95.052570 -93.505132 -83.475786 -62.156470 -32.936163 1.743392 35.596732 73.493426 102.935320 123.981232 140.659875 161.421783 191.819400 251.322085 311.059405
-9999.0 -9999.0 -9999.0 -9999.0 -9999.0 -9999.0 -9999.0 -9999.0 -541.342704 -534.767250 -528.660670 -531.959039 -537.013642 -540.480490 -527.940333 -512.554819 -497.078803 -480.624445 -465.172363 -447.865787 -432.661143 -416.434583 -397.578971 -386.117011 -374.563723 -359.644532 -346.115843 -328.106436 -306.664111 -291.671972 -272.185434 -249.922325 -229.892642 -211.284494 -192.088890 -172.523007 -141.474535 -103.534354 -66.180468 -35.858432 -2.012316 29.694909 35.894906 45.161751 57.179431 92.681797 135.956364 187.125443 245.422580 296.636968 336.642592 357.896736 370.914028 386.719208 408.628437 436.108168 469.422634
-9999.0 -9999.0 -9999.0 -9999.0 -9999.0 -9999.0 -566.518930 -542.670441 -528.242279 -536.289258 -544.479373 -548.045727 -551.769798 -533.418152 -512.619888 -496.332506 -480.212308 -463.468868 -447.747040 -433.298282 -398.231266 -382.384226 -367.615939 -347.758783 -333.951815 -320.043521 -302.592823 -278.599671 -254.790459 -220.883356 -189.274628 -160.320149 -131.309874 -108.522169 -86.384558 -62.483563 -23.754996 24.519756 75.644288 119.674743 162.223915 209.473883 234.859654 257.187641 282.915244 312.277388 349.843745 388.740329 434.614044 475.309536 503.325923 514.688408 523.300262 532.898502 545.346042 558.532738 571.240922
-9999.0 -9999.0 -9999.0 -9999.0 -599.447264 -578.739978 -558.388075 -527.842389 -505.576445 -511.374566 -504.335770 -504.079449 -505.667979 -503.774504 -498.686844 -481.351852 -464.304264 -447.126736 -428.757300 -390.760491 -349.133241 -332.343930 -305.024081 -272.387755 -258.079402 -242.892727 -226.925612 -202.725927 -171.014234 -132.260820 -79.566306 -32.797216 2.000443 35.237142 66.690019 101.031082 149.052550 212.874038 282.233600 333.828253 373.545272 405.534269 426.929346 443.142411 463.121953 482.735859 503.477058 528.450712 555.316134 582.663433 602.823514 613.131405 617.496214 624.133875 631.788754 641.336059 650.003396
-9999.0 -9999.0 -9999.0 -645.737874 -607.549121 -571.147239 -543.897413 -513.288155 -482.153616 -475.951030 -468.133363 -461.873765 -455.420523 -446.849467 -437.054916 -421.258357 -407.862181 -395.946050 -375.268696 -338.112787 -301.033457 -265.616712 -231.687692 -198.881930 -173.537816 -155.732744 -136.733660 -109.003605 -63.267054 -13.254799 53.220416 124.118449 183.779164 235.339599 279.021922 318.177382 352.202191 398.641115 446.377033 484.776347 516.360245 538.976233 556.940817 565.022022 573.981644 581.827608 595.160492 610.401165 624.870926 644.963659 665.031052 680.751223 688.867713 694.029305 705.486481 717.513308 726.593501
-9999.0 -9999.0 -691.788195 -655.197883 -619.942911 -568.312907 -516.204892 -483.257257 -442.804897 -417.725572 -410.786006 -392.060491 -374.991251 -366.464857 -349.217881 -331.626419 -318.731699 -315.818185 -303.347859 -266.197139 -209.857697 -156.491649 -117.783294 -53.501535 -11.330602 18.681036 38.485655 70.855629 115.860784 184.822150 267.800225 334.103757 385.150564 428.205925 454.324536 477.956439 503.197342 525.882551 556.004386 580.982061 603.891471 622.520642 638.974755 644.885131 647.926630 659.087581 675.407066 691.962469 707.959746 723.754709 733.186378 735.353546 735.828962 735.896699 736.694477 737.458152 737.753822
-9999.0 -9999.0 -716.419595 -672.762994 -629.752295 -559.290088 -484.538742 -447.117972 -404.188562 -359.934013 -340.614963 -316.507202 -296.222219 -276.732433 -251.971329 -227.093792 -222.411192 -219.381728 -219.282320 -161.439940 -95.547306 -19.329575 68.461725 153.443154 220.693607 248.565021 268.295245 294.389322 326.229982 379.592271 440.662569 494.638966 537.038974 565.523173 580.857377 595.752961 612.475647 626.752747 639.617677 666.945893 682.390481 698.525404 717.635879 733.839973 739.763706 739.970454 734.908029 736.584622 737.501890 737.628600 737.042662 733.397848 732.293573 732.727073 733.807723 729.408905 723.873886
-9999.0 -802.198309 -750.543319 -696.266004 -625.505820 -555.885200 -469.333400 -388.170479 -338.387164 -295.841283 -266.304638 -244.165482 -185.821197 -131.860015 -101.137409 -68.324963 -69.633346 -71.316835 -77.587489 -25.773276 46.579199 167.121010 312.376858 384.321962 431.520643 445.344996 448.723537 465.705363 491.351809 529.191959 582.950047 617.502609 654.589061 682.079232 691.382145 694.570078 708.034345 723.663245 728.569165 735.929439 737.921044 739.379016 736.399105 736.702741 737.023044 737.179554 734.091554 728.140293 720.863003 715.967835 712.545291 708.507706 711.255111 714.928309 716.852228 711.415535 705.686542
-9999.0 -835.902974 -775.524077 -702.805635 -630.595066 -551.953358 -438.100878 -310.010950 -263.167246 -227.337775 -193.529685 -138.380790 -35.807954 46.912585 96.465155 148.920405 146.139145 131.290355 132.454531 188.489790 265.090486 354.829200 487.650567 568.932641 585.195276 598.997951 608.871057 630.596903 657.138372 680.591612 700.201610 711.849771 720.449863 723.693486 724.775185 725.643495 727.332844 727.895520 725.377216 722.139359 717.860637 718.021457 721.592038 721.537812 719.426790 717.385052 712.956743 706.601537 702.340268 699.401556 698.128732 696.405671 696.126891 697.754781 695.665282 692.691647 687.463543
-9999.0 -859.084578 -790.326189 -724.297885 -649.133395 -522.425329 -400.746677 -271.698950 -181.340398 -138.287897 -76.110392 40.278080 185.659381 299.073771 355.738298 381.994941 389.484204 377.884741 391.811634 440.353499 505.068677 576.947885 634.784933 690.682869 700.579102 704.195906 699.211778 705.198463 710.153100 711.154009 711.439259 710.999149 715.172735 717.251971 716.374101 714.258790 710.661539 704.237217 700.637984 699.103969 697.254314 697.980544 701.079090 702.105872 700.612632 698.287808 695.711996 692.367983 689.010643 685.275534 683.975681 682.272216 681.959678 679.579789 677.413424 674.960181 667.052010
-9999.0 -943.932733 -860.851267 -797.763265 -659.835823 -496.100816 -372.832866 -217.445421 -78.966808 -12.957013 119.002840 279.748094 409.310171 488.177361 529.347808 564.412079 585.203282 604.030372 630.671750 630.009755 669.469725 698.867266 707.434859 710.824422 706.517399 708.533251 703.584272 688.277887 681.100607 676.420923 678.664433 685.367634 690.487683 695.782148 694.149559 694.894449 695.237602 693.420271 692.307817 687.441325 682.833762 679.588499 679.398630 685.040146 681.104786 679.169426 675.818169 671.296322 666.461255 662.306189 658.130998 654.270021 653.546010 650.159376 650.935846 646.974382 626.339721
-9999.0 -1024.572670 -945.392382 -838.552005 -684.707162 -521.835071 -373.005058 -199.191391 0.121001 144.000755 299.265675 402.929892 496.269677 564.454951 619.369754 647.968360 662.046293 666.431690 665.716667 669.244149 645.361082 640.352529 653.577665 673.129028 681.317255 684.969901 678.709764 671.171671 667.563785 668.614822 668.740958 668.859681 668.467198 667.179817 664.446198 665.922650 670.540646 667.310548 663.192658 659.641313 656.378166 651.237773 647.327741 644.955809 643.515419 643.895766 638.616690 631.372760 624.437569 619.730026 615.050197 611.645397 611.281665 608.440034 603.454170 594.200374 569.315943
-9999.0 -1109.546244 -995.637376 -891.086083 -753.080595 -612.542981 -474.127973 -302.792025 -133.685767 111.546466 337.403502 435.152081 488.756959 539.284769 595.040514 645.573718 649.524556 623.589082 601.495263 591.010996 594.753698 603.539690 615.537007 632.710712 646.300927 654.089205 655.519372 649.871296 639.492986 633.383324 629.630402 622.565046 617.311812 616.949026 615.844376 620.806564 624.141581 617.844858 609.740896 599.592910 590.379278 582.748852 579.666696 579.204288 577.528750 573.522658 566.329204 556.725380 545.707305 536.248289 529.997938 525.834204 520.839067 512.916266 502.517130 488.359704 456.057104
-9999.0 -9999.0 -1064.145423 -951.588689 -834.463592 -704.948407 -574.819883 -417.234481 -257.507865 -52.096249 109.662638 256.547269 336.992503 394.239706 460.379552 513.030996 526.406819 539.414278 521.417229 524.609345 530.897609 538.030585 550.043416 564.043892 577.823508 587.138806 593.235174 591.750163 582.596141 566.143529 547.171288 533.086328 524.851837 518.874504 525.422788 534.624004 533.074083 528.495342 520.243391 508.590186 497.854163 484.594923 478.110480 474.479227 470.169871 462.737543 452.581794 434.362289 416.630781 401.047503 393.374362 386.297470 379.492283 367.187424 352.668365 333.021267 295.609419
-9999.0 -9999.0 -1145.631375 -1033.821341 -911.522621 -784.619932 -675.120466 -564.440408 -403.770294 -277.159070 -165.545243 -58.664581 31.249399 114.356170 197.913226 270.111357 305.187683 320.463551 330.969689 349.451939 373.687076 401.020244 425.681231 449.217681 470.427841 485.931195 495.376919 483.590905 467.371080 440.842819 409.448874 380.465944 365.387739 358.578394 361.308076 367.317235 362.185279 352.599263 338.999031 323.056451 309.112822 293.975955 284.263506 275.089646 268.000768 257.999265 245.051692 222.785688 198.224763 180.881457 167.316883 156.725650 149.979607 138.139032 123.098850 109.511463 81.398926
