tests/Borden05m/sims/sim_1/output-maps/psiliqL0022N0007.asc
ncols         160
nrows         34
xllcorner     620200.000000
yllcorner     5168000.000000
cellsize      0.500000
NODATA_value  -9999.0
[rows 0 to 24 of 34, columns 0 to 54 of 160]
-9999.0 -9999.0 -9999.0 -9999.0 -9999.0 -9999.0 -9999.0 -9999.0 -9999.0 -9999.0 -9999.0 -9999.0 -9999.0 -9999.0 -9999.0 -9999.0 -9999.0 -9999.0 -9999.0 -9999.0 -9999.0 -9999.0 -9999.0 -9999.0 -9999.0 -9999.0 -9999.0 -9999.0 -9999.0 -9999.0 -9999.0 -9999.0 -9999.0 -9999.0 -9999.0 -9999.0 -9999.0 -9999.0 -9999.0 -9999.0 -9999.0 -9999.0 -9999.0 -9999.0 -9999.0 -9999.0 -9999.0 -9999.0 -9999.0 -9999.0 -9999.0 -9999.0 -9999.0 -9999.0 -9999.0
-9999.0 -9999.0 -9999.0 -9999.0 -9999.0 -9999.0 -9999.0 -9999.0 -9999.0 -9999.0 -9999.0 -9999.0 -9999.0 -9999.0 -9999.0 -9999.0 -9999.0 -9999.0 -9999.0 -9999.0 -9999.0 -9999.0 -9999.0 -9999.0 -9999.0 -9999.0 -9999.0 -9999.0 -9999.0 -9999.0 -9999.0 -9999.0 -9999.0 -9999.0 -9999.0 -9999.0 -9999.0 -9999.0 -9999.0 -9999.0 -9999.0 -9999.0 -9999.0 -9999.0 -9999.0 -9999.0 -9999.0 -9999.0 -9999.0 -9999.0 -9999.0 -9999.0 -9999.0 -9999.0 -9999.0
-9999.0 -9999.0 -9999.0 -9999.0 -9999.0 -9999.0 -9999.0 -9999.0 -9999.0 -9999.0 -9999.0 -9999.0 -9999.0 -9999.0 -9999.0 -9999.0 -9999.0 -9999.0 -9999.0 -9999.0 -9999.0 -9999.0 -9999.0 -9999.0 -9999.0 -9999.0 -9999.0 -9999.0 -9999.0 -9999.0 -9999.0 -9999.0 -9999.0 -9999.0 -9999.0 -9999.0 -9999.0 -9999.0 -9999.0 -9999.0 -9999.0 -9999.0 -9999.0 -9999.0 -9999.0 -9999.0 -9999.0 2508.263775 2491.398395 2477.876823 2474.535424 2496.713889 2520.617638 2545.163898 2566.400579
-9999.0 -9999.0 -9999.0 -9999.0 -9999.0 -9999.0 -9999.0 -9999.0 -9999.0 -9999.0 -9999.0 -9999.0 -9999.0 -9999.0 -9999.0 -9999.0 -9999.0 -9999.0 -9999.0 -9999.0 -9999.0 -9999.0 -9999.0 -9999.0 -9999.0 -9999.0 -9999.0 -9999.0 -9999.0 -9999.0 -9999.0 -9999.0 -9999.0 -9999.0 -9999.0 -9999.0 -9999.0 -9999.0 -9999.0 -9999.0 2555.679837 2561.928229 2562.629983 2553.222501 2542.582149 2529.917605 2509.945215 2492.736218 2479.601166 2478.140124 2481.366420 2485.488099 2507.465542 2533.432478 2554.012182
-9999.0 -9999.0 -9999.0 -9999.0 -9999.0 -9999.0 -9999.0 -9999.0 -9999.0 -9999.0 -9999.0 -9999.0 -9999.0 -9999.0 -9999.0 -9999.0 -9999.0 -9999.0 -9999.0 -9999.0 -9999.0 -9999.0 -9999.0 -9999.0 -9999.0 -9999.0 -9999.0 -9999.0 -9999.0 -9999.0 -9999.0 -9999.0 -9999.0 -9999.0 2460.967258 2478.424597 2496.982336 2516.181382 2533.767477 2541.317203 2547.411309 2553.356480 2549.492220 2545.709888 2534.836556 2515.053341 2496.348190 2483.869756 2483.266233 2481.617133 2486.209827 2498.961401 2516.467689 2532.627551 2554.029833
-9999.0 -9999.0 -9999.0 -9999.0 -9999.0 -9999.0 -9999.0 -9999.0 -9999.0 -9999.0 -9999.0 -9999.0 -9999.0 -9999.0 -9999.0 -9999.0 -9999.0 -9999.0 -9999.0 -9999.0 -9999.0 -9999.0 -9999.0 -9999.0 -9999.0 -9999.0 -9999.0 -9999.0 2463.231292 2457.711299 2453.465623 2452.657043 2452.013406 2451.704000 2458.845593 2470.812692 2488.835264 2511.582258 2525.572252 2533.579454 2541.079640 2542.272436 2537.421364 2536.466521 2537.765474 2526.188758 2514.919390 2504.426537 2494.268989 2492.523088 2502.559296 2517.710816 2534.827810 2550.359689 2566.435954
-9999.0 -9999.0 -9999.0 -9999.0 -9999.0 -9999.0 -9999.0 -9999.0 -9999.0 -9999.0 -9999.0 -9999.0 -9999.0 -9999.0 -9999.0 -9999.0 -9999.0 -9999.0 -9999.0 -9999.0 -9999.0 -9999.0 -9999.0 2431.317261 2436.821456 2443.874786 2452.103892 2453.663590 2450.589412 2445.757826 2443.725592 2443.114386 2441.861797 2447.217047 2455.293298 2469.218906 2485.489288 2508.555278 2517.811591 2523.522658 2536.029801 2540.389241 2548.567764 2553.506363 2552.646762 2549.879883 2536.667144 2526.781192 2530.831976 2536.447165 2544.330319 2553.536977 2567.820238 2582.901011 2599.524449
-9999.0 -9999.0 -9999.0 -9999.0 -9999.0 -9999.0 -9999.0 -9999.0 -9999.0 -9999.0 -9999.0 -9999.0 -9999.0 -9999.0 -9999.0 -9999.0 -9999.0 -9999.0 -9999.0 2405.739393 2407.049729 2408.884645 2414.114955 2414.910057 2417.281129 2424.745107 2433.506711 2436.989947 2435.661249 2435.361413 2437.632870 2441.194994 2446.641506 2458.305838 2472.754849 2487.688804 2501.749286 2523.417922 2538.850805 2552.506650 2568.981184 2570.169345 2567.562435 2566.970101 2568.124537 2568.011291 2569.244988 2570.570741 2577.930043 2581.035747 2586.560656 2596.730592 2609.059231 2626.991278 2646.214055
-9999.0 -9999.0 -9999.0 -9999.0 -9999.0 -9999.0 -9999.0 -9999.0 -9999.0 -9999.0 -9999.0 -9999.0 -9999.0 -9999.0 -9999.0 -9999.0 2376.421956 2378.517454 2381.236676 2387.006277 2390.903830 2395.377196 2402.841941 2404.739787 2408.919875 2416.761067 2422.149675 2432.129992 2441.267837 2449.305538 2456.107781 2459.559407 2467.319442 2477.618750 2490.138010 2505.384378 2526.805002 2551.115280 2567.836848 2585.567995 2603.841955 2605.596262 2605.311275 2607.073892 2607.323400 2610.973369 2627.425427 2632.666260 2630.744816 2643.882605 2657.642993 2662.542258 2672.853126 2694.003373 2717.920758
-9999.0 -9999.0 -9999.0 -9999.0 -9999.0 -9999.0 -9999.0 -9999.0 -9999.0 -9999.0 -9999.0 -9999.0 -9999.0 2327.022426 2331.420310 2341.927781 2353.124575 2356.497117 2361.774818 2368.808927 2381.525840 2385.756789 2392.418220 2400.415907 2413.716155 2423.236288 2433.040831 2445.704792 2454.750346 2462.721109 2470.289574 2475.098056 2488.195320 2503.696258 2519.644010 2540.203983 2563.096922 2583.176589 2602.787026 2620.109388 2633.717159 2633.956027 2634.518957 2638.204567 2645.428157 2663.142313 2682.324384 2687.207778 2700.949938 2723.752032 2736.643863 2747.082912 2756.014948 2771.370213 2793.917311
-9999.0 -9999.0 -9999.0 -9999.0 -9999.0 -9999.0 -9999.0 -9999.0 -9999.0 -9999.0 2296.597688 2298.794771 2295.777049 2294.458790 2300.635223 2313.560276 2328.494543 2335.034622 2347.574761 2369.461444 2388.529253 2392.437000 2406.959316 2418.356972 2426.153158 2437.180787 2451.071468 2464.310697 2481.095825 2493.972208 2504.731828 2523.188578 2540.198782 2557.665600 2576.348586 2597.892674 2616.120329 2642.732995 2671.569210 2683.667910 2704.087030 2711.177357 2709.312094 2710.131986 2721.353936 2736.523740 2755.549859 2775.384293 2794.485331 2819.013297 2833.517553 2848.542415 2860.021665 2872.898341 2889.857161
-9999.0 -9999.0 -9999.0 -9999.0 -9999.0 -9999.0 -9999.0 -9999.0 2270.866140 2279.192968 2285.454831 2282.945390 2279.201003 2274.767807 2289.929710 2306.308774 2323.019003 2341.906279 2358.370412 2377.332186 2392.445526 2408.561843 2429.935599 2442.246715 2454.376184 2470.652065 2485.056482 2501.827308 2523.655185 2534.328927 2548.678632 2570.013391 2587.716146 2606.459647 2626.509354 2645.372410 2671.586060 2705.026150 2737.368826 2758.046836 2786.318616 2805.391109 2803.421485 2805.548211 2810.417521 2836.733916 2866.151995 2897.266904 2814.127220 2836.303090 2863.900177 2881.225200 2890.265153 2901.229007 2914.858684
-9999.0 -9999.0 -9999.0 -9999.0 -9999.0 -9999.0 2241.491071 2266.308727 2282.150373 2274.516890 2262.656259 2258.921966 2254.454711 2283.732388 2307.005530 2325.348534 2343.123569 2361.637249 2378.845970 2389.806281 2422.322989 2442.470305 2456.622631 2473.024014 2488.998283 2505.017301 2523.221956 2546.737937 2567.068325 2592.854578 2614.072676 2635.054160 2663.447259 2683.976146 2704.057294 2721.984019 2753.412389 2789.500721 2827.040263 2855.423996 2882.645302 2816.901291 2817.034398 2819.504474 2822.410502 2844.219316 2876.172446 2904.751574 2934.734058 2964.961293 2991.695312 2987.685861 2995.939347 3005.412386 3017.321739
-9999.0 -9999.0 -9999.0 -9999.0 2207.549125 2228.781373 2248.546926 2279.521911 2302.559558 2298.574269 2304.870933 2304.824800 2302.575012 2308.484903 2317.563627 2336.396192 2356.590808 2377.075965 2393.850721 2425.608739 2473.065377 2487.358067 2508.715353 2540.647144 2554.445857 2570.831704 2588.563563 2611.788522 2634.797963 2668.121989 2708.209183 2742.768931 2768.356753 2789.893107 2812.472013 2834.255221 2871.294563 2811.314217 2844.548688 2875.754429 2902.231989 2925.616618 2933.673290 2938.984158 2948.963201 2965.010534 2986.218404 2997.977912 3029.162758 3060.105641 3083.044631 3092.650103 3098.066835 3107.206816 3115.067505
-9999.0 -9999.0 -9999.0 2154.651786 2193.930461 2233.445712 2260.301567 2291.670901 2325.028916 2327.954277 2338.180217 2341.425995 2344.167509 2352.412289 2359.273271 2377.610078 2396.600880 2416.588736 2440.474727 2477.145276 2510.226970 2534.285452 2565.337113 2586.989355 2605.008189 2621.277393 2641.941186 2665.832780 2708.069058 2743.800832 2792.231222 2846.158676 2882.310731 2809.719967 2829.292155 2855.378691 2879.171063 2913.779625 2946.880221 2978.069968 2993.984709 3015.483079 3030.258192 3035.001211 3043.584815 3049.552683 3062.632428 3082.512036 3103.703281 3132.700540 3160.670275 3185.750875 3199.749912 3209.744728 3225.762470
-9999.0 -9999.0 2106.370777 2145.521521 2178.267940 2226.921317 2280.843593 2316.852184 2358.194529 2380.604352 2387.027867 2402.049715 2417.218440 2422.928463 2436.526936 2453.109568 2475.723434 2486.097018 2507.415142 2530.646429 2574.150041 2614.299924 2621.805831 2669.177551 2703.547597 2736.908436 2758.030103 2787.586115 2827.860166 2867.342314 2818.111441 2864.814381 2898.844340 2925.212049 2940.174850 2958.951629 2978.870678 2988.936937 3022.685048 3048.217462 3079.305690 3103.753272 3123.105209 3125.380035 3128.195480 3143.363726 3169.233759 3195.946459 3222.261992 3248.383032 3239.966591 3258.260516 3266.418665 3270.970957 3278.128068
-9999.0 -9999.0 2077.357350 2123.602563 2160.721418 2222.600191 2307.772863 2344.528344 2387.418088 2435.590209 2453.863655 2479.207460 2482.837476 2482.458390 2505.171265 2525.353401 2545.558558 2555.599304 2554.450736 2609.807345 2668.639991 2705.360083 2728.371605 2804.123798 2856.941327 2881.232257 2806.732706 2824.591277 2844.977731 2883.633435 2922.630255 2974.475626 3001.856574 3030.029090 3043.642442 3061.462256 3079.784491 3094.241720 3112.325192 3154.831453 3184.812265 3212.593918 3241.578652 3261.690269 3269.288658 3273.211811 3253.168315 3268.398932 3278.747219 3283.211278 3284.909253 3281.246921 3280.611399 3281.357731 3282.290434
-9999.0 1985.286524 2037.878713 2089.711159 2156.312555 2220.745200 2299.948967 2378.487969 2443.934088 2497.325732 2527.390951 2531.210149 2548.358465 2583.258132 2608.540308 2632.261114 2640.257123 2651.830957 2639.595273 2696.007027 2740.936326 2800.375264 2819.134325 2873.301940 2927.822226 2925.291368 2914.181138 2921.114188 2938.964847 2982.529185 3041.439935 3091.977649 3150.660235 3193.428480 3208.403539 3214.500189 3231.608180 3250.926266 3213.538374 3247.967723 3263.617205 3276.697469 3283.085285 3284.889295 3285.897312 3285.710939 3282.157703 3275.369078 3267.359883 3261.641327 3257.494843 3252.992968 3255.418998 3258.725763 3259.155386
-9999.0 1947.943105 2006.278180 2076.206733 2145.620116 2201.180285 2292.788161 2452.889726 2515.202870 2556.501776 2572.368219 2569.553434 2638.412939 2705.518626 2738.145601 2787.188000 2779.778833 2770.643785 2746.645946 2778.623045 2823.996085 2805.022434 2959.497445 3032.876518 3073.763720 3081.670279 3083.744822 3110.084675 3149.949204 3190.580166 3229.748385 3209.180885 3248.756965 3268.022043 3272.053743 3272.619651 3276.948680 3275.787335 3273.944709 3269.682552 3264.658995 3264.796386 3269.142918 3268.957424 3266.079715 3262.844281 3257.236342 3249.809498 3244.522779 3239.911074 3237.229770 3234.346639 3232.541644 3232.120500 3227.551902
-9999.0 1911.311430 1985.109304 2045.696177 2099.185736 2199.633383 2329.908594 2473.541982 2572.077449 2611.466328 2609.989905 2663.496355 2769.524247 2819.864763 2869.427194 2890.703328 2878.106249 2839.057085 2826.584269 2868.931445 2935.204459 3029.342575 3147.587424 3235.066890 3248.331663 3251.023317 3212.910435 3233.423130 3252.435410 3254.670326 3255.561259 3261.551498 3266.476407 3269.231195 3267.724675 3264.848556 3260.100805 3252.035738 3247.195176 3243.647398 3239.970060 3239.021457 3241.185076 3242.751038 3240.036583 3236.190116 3231.731127 3226.147907 3219.968680 3213.306392 3209.163438 3205.053382 3202.986240 3197.797481 3194.137627
-9999.0 1796.095174 1889.994821 1935.969245 2024.950195 2209.680876 2339.714960 2485.894489 2648.459555 2680.316876 2740.779935 2832.155726 2943.147457 3012.007745 3042.341564 3076.282142 3100.287691 3117.039632 3151.054560 3058.680521 3128.047899 3207.433503 3243.156147 3258.644705 3264.906266 3265.205193 3255.860819 3235.580330 3224.955330 3218.212711 3219.816029 3227.024782 3231.902286 3236.852623 3234.602995 3235.455398 3236.153589 3232.833931 3228.951426 3220.445525 3212.708114 3206.347553 3203.583139 3208.442304 3203.748600 3201.167891 3195.139137 3186.992582 3179.643086 3172.327350 3164.594638 3158.119820 3155.835574 3150.799888 3149.653736
-9999.0 1715.275367 1789.514100 1859.692562 1980.429295 2145.490819 2254.499215 2417.750107 2651.307565 2784.212712 2899.440889 2980.306893 3044.076369 3089.852681 3141.728342 3188.538151 3212.520256 3221.900328 3197.105849 3213.665616 3174.590977 3164.035705 3179.552970 3206.773338 3221.939640 3225.672132 3217.519355 3207.839913 3200.616952 3199.493238 3197.593829 3194.362073 3191.016759 3187.882951 3184.741589 3187.332637 3192.344182 3185.630059 3177.252226 3168.323324 3160.238881 3151.383306 3145.632850 3141.450086 3141.372137 3141.549997 3134.113198 3123.844319 3113.315827 3105.250991 3098.086164 3093.405620 3090.958617 3086.208791 3077.692462
-9999.0 1602.470663 1731.645435 1814.331661 1918.593258 2051.155263 2164.304057 2322.192851 2461.819727 2701.686631 2815.187819 2974.269277 3013.367029 3076.394344 3125.547630 3193.270365 3190.159536 3159.101531 3118.772214 3102.121047 3110.183543 3118.347656 3127.306512 3142.684324 3159.620914 3169.152717 3172.916358 3166.287157 3152.258660 3140.823708 3131.172920 3118.806517 3110.195946 3108.142722 3111.044207 3120.033073 3121.121130 3111.953381 3098.383777 3081.314811 3066.368197 3055.076560 3052.839080 3055.189125 3056.006043 3052.244724 3046.288565 3035.869461 3023.571231 3011.663731 3005.663191 3001.219916 2994.275180 2984.105671 2987.231891
-9999.0 -9999.0 1649.515415 1759.097209 1857.902029 1973.592577 2072.810118 2201.121543 2347.342078 2525.833529 2648.538091 2815.580295 2856.815575 2899.573493 2937.634283 2984.223305 3005.514673 3031.176165 3019.538288 3027.547398 3035.147862 3039.628885 3045.424671 3052.317814 3063.089813 3072.486569 3081.526457 3078.803610 3069.837467 3050.507345 3026.755907 3008.369697 2998.491615 2990.074319 3001.180051 3013.267808 3008.672447 3001.936496 2989.965712 2988.166588 2975.679890 2961.705343 2958.181103 2958.256633 2958.719269 2956.290231 2953.241292 2942.480711 2930.199536 2919.821850 2915.423476 2909.742072 2905.648182 2895.694103 2885.403858
-9999.0 -9999.0 1562.504914 1668.360764 1775.012955 1894.968636 1985.402780 2021.677684 2165.375603 2276.135693 2386.132958 2497.378996 2592.984395 2666.372665 2708.062458 2773.782014 2828.869612 2850.162624 2808.065762 2851.753223 2882.335424 2916.950234 2937.741643 2946.609463 2959.252423 2973.060908 2980.816235 2966.864376 2955.814181 2939.091183 2918.106624 2892.876799 2880.010844 2878.536237 2878.679147 2881.426750 2874.527993 2865.501922 2851.317355 2837.446448 2825.170042 2815.550873 2811.853953 2807.076957 2805.159415 2802.479077 2802.070987 2900.606504 2890.834937 2884.634882 2875.708397 2870.316794 2867.620908 2862.024734 2853.678554
