tests/Borden05m/sims/sim_1/output-maps/psiliqL0022N0013.asc
ncols         160
nrows         34
xllcorner     620200.000000
yllcorner     5168000.000000
cellsize      0.500000
NODATA_value  -9999.0
[rows 0 to 24 of 34, columns 55 to 109 of 160]
-9999.0 -9999.0 -9999.0 -9999.0 -9999.0 -9999.0 -9999.0 -9999.0 -9999.0 -9999.0 -9999.0 -9999.0 -9999.0 -9999.0 -9999.0 -9999.0 -9999.0 -9999.0 -9999.0 -9999.0 -9999.0 -9999.0 -9999.0 -9999.0 -9999.0 -9999.0 -9999.0 -9999.0 -9999.0 -9999.0 -9999.0 -9999.0 -9999.0 -9999.0 -9999.0 -9999.0 -9999.0 -9999.0 -9999.0 -9999.0 -9999.0 -9999.0 -9999.0 -9999.0 -9999.0 -9999.0 -9999.0 -9999.0 -9999.0 -9999.0 -9999.0 -9999.0 -9999.0 -9999.0 -9999.0
-9999.0 -9999.0 -9999.0 -9999.0 2634.878295 2629.713680 2625.154618 2621.032171 2613.239391 2604.488566 2597.005429 2593.431923 2592.882627 2592.591367 2592.556440 2598.036465 2606.536405 2614.550680 2621.792739 2624.225520 2626.804056 2629.003342 2629.543908 2628.613554 2625.659634 2622.866830 2619.672521 2618.179478 2610.731308 2599.630713 2591.236059 2588.547124 2592.763229 2597.062623 2599.440958 2604.672848 2614.933414 2625.259994 2633.037786 2644.752724 2650.825700 2655.527820 2657.641693 2653.024209 2649.105183 2644.716987 2638.598713 2627.326649 -9999.0 -9999.0 -9999.0 -9999.0 -9999.0 -9999.0 -9999.0
2580.170328 2599.175977 2620.049473 2623.461055 2612.098577 2607.320804 2604.509486 2603.167453 2599.157656 2591.121947 2586.497366 2581.572307 2579.677176 2580.216712 2580.677116 2584.994743 2596.067178 2604.347077 2609.348523 2612.364930 2615.395845 2614.437433 2613.946817 2613.890349 2611.160334 2607.759250 2604.502235 2602.797548 2604.054100 2596.552296 2590.767808 2587.023170 2584.405880 2586.950043 2589.499106 2593.591404 2602.644290 2610.334029 2617.994641 2632.044232 2644.403864 2649.378649 2646.235220 2640.890861 2636.465350 2628.804974 2618.231533 2607.916969 2599.259829 2592.409093 2586.321819 2579.335787 2584.789667 2591.435096 2600.131462
2565.039313 2584.797263 2605.731319 2608.777144 2598.551856 2591.007184 2585.174682 2586.097994 2589.831259 2587.070588 2582.870476 2576.458165 2586.443805 2588.023767 2589.388837 2593.167220 2596.026896 2601.009566 2603.902314 2609.532270 2618.643138 2621.585377 2622.230601 2622.480178 2620.696539 2617.601428 2615.810788 2613.146227 2607.995287 2606.485254 2606.363514 2605.379116 2609.633171 2610.853028 2613.507979 2607.572991 2611.538204 2617.474861 2623.874191 2629.456968 2635.275752 2637.664792 2633.729355 2633.159660 2624.022333 2609.783369 2599.156445 2590.931830 2589.989649 2586.294718 2577.624408 2563.366637 2570.411542 2585.456110 2589.333621
2571.950734 2581.547087 2592.975157 2596.116318 2591.550468 2593.996505 2596.272208 2598.146546 2596.976378 2594.215420 2591.158324 2602.692047 2611.537864 2613.507419 2616.626918 2621.109210 2622.422853 2611.789330 2610.017376 2617.795348 2627.498766 2632.923975 2633.267148 2633.146983 2630.110777 2629.128317 2628.991868 2627.187781 2627.147745 2629.022079 2627.344996 2630.794715 2636.330548 2639.961818 2633.311604 2624.507413 2626.155518 2634.261602 2643.401776 2650.645074 2660.466852 2670.782813 2669.940581 2664.294424 2654.787186 2641.135527 2617.474047 2598.705634 2586.900809 2578.287202 2570.198047 2571.329494 2566.155374 2578.215471 2579.041663
2564.667598 2584.811734 2605.525177 2612.557188 2607.205459 2603.718190 2602.686028 2604.031816 2604.092991 2606.005792 2616.508411 2629.541163 2643.238629 2646.205496 2648.805370 2648.182332 2639.972571 2630.044556 2627.426146 2641.506389 2659.170101 2667.450597 2667.491836 2664.441169 2668.854190 2668.670848 2668.637972 2664.954959 2666.189420 2665.043905 2671.866742 2679.516956 2687.170480 2685.648703 2673.182056 2660.963131 2660.272682 2664.706745 2670.329471 2677.106569 2686.733826 2695.352535 2689.686312 2683.065606 2673.959277 2646.373855 2620.618055 2604.902275 2603.883811 2603.403353 2598.071059 2594.705506 2592.015187 2585.994167 2585.044365
2607.382510 2627.954563 2649.789639 2664.540265 2659.354593 2652.554968 2644.434609 2645.570448 2647.581102 2654.882983 2666.801585 2681.720972 2704.929101 2706.114319 2707.935969 2708.219935 2696.473667 2684.098835 2674.235442 2695.336384 2706.462194 2714.068025 2712.929344 2719.639971 2728.798576 2725.093071 2718.448189 2707.117447 2713.051367 2721.247131 2736.375951 2743.911585 2748.647190 2744.974446 2731.811686 2725.228242 2725.665222 2730.563515 2730.313421 2737.219397 2745.834405 2760.038528 2758.119259 2752.128188 2730.511387 2692.682872 2660.520865 2643.533476 2652.599907 2645.272205 2636.593519 2634.153927 2621.030887 2611.593500 2612.525388
2651.629792 2667.669637 2685.626471 2703.434001 2696.743546 2687.423699 2672.919082 2671.549988 2677.649542 2688.630129 2707.378518 2727.574307 2749.361446 2751.665510 2748.558740 2757.510796 2752.610510 2742.982612 2735.745865 2754.241588 2765.001618 2774.345370 2781.228730 2793.987607 2804.888817 2790.736397 2775.466128 2766.879795 2773.435243 2797.185124 2817.932059 2822.764971 2822.368894 2822.550324 2809.058042 2803.565606 2799.113001 2797.542279 2793.594453 2790.560020 2812.961192 2832.082599 2830.512435 2807.534330 2783.626609 2745.463255 2706.809023 2678.739770 2686.247578 2681.775451 2682.400243 2669.465550 2655.225399 2643.672881 2636.588235
2717.258568 2742.222727 2760.757006 2781.840613 2776.676739 2756.692121 2744.306292 2748.543444 2762.682958 2771.304655 2789.548021 2809.492969 2837.619895 2853.188787 2867.412632 2811.336120 2865.592857 2857.282702 2845.373973 2848.730941 2870.764109 2817.147202 2823.491991 2832.594829 2845.190932 2847.215918 2841.738993 2840.400838 2844.442408 2855.911518 2868.612181 2875.297405 2878.959680 2881.541149 2871.240426 2859.353045 2856.938701 2850.606553 2847.690827 2846.344908 2854.979392 2872.452619 2869.524662 2836.336634 2812.077355 2836.762262 2797.996717 2766.884378 2755.950703 2769.681151 2764.734292 2746.781297 2732.204776 2702.276803 2692.092064
2799.832529 2834.412346 2860.541954 2812.529134 2819.201216 2807.490088 2806.545801 2810.621550 2818.592342 2822.227190 2828.995805 2861.110504 2894.065893 2920.070776 2943.078369 2948.212074 2939.065143 2929.426757 2916.508417 2907.637135 2916.589123 2930.315077 2947.584613 2962.751657 2974.084506 2976.715085 2975.319005 2975.528485 2978.365414 2981.361387 2985.263042 2992.995296 3000.047448 2987.257746 2995.245573 2987.191337 2992.212804 2982.550851 2972.158222 2970.090709 2970.574143 2972.664296 2973.304414 2959.300110 2920.705618 2892.720888 2861.701124 2839.510915 2824.072346 2822.386015 2862.860237 2838.048343 2787.305485 2749.205448 2715.686379
2834.973262 2874.942732 2903.427832 2919.954910 2933.226286 2931.975864 2933.956492 2935.431069 2939.757140 2942.932432 2946.909429 2971.790748 2989.694245 3027.010463 3057.409585 3058.217266 3045.705725 3034.599502 3025.087107 3011.795404 3007.999238 3019.094657 3033.173805 3052.144169 3062.802733 3069.880280 3067.182284 3067.464598 3069.016082 3071.098726 3073.110462 3076.239221 3085.071664 3098.249653 3111.745005 3111.496755 3095.194301 3077.817856 3061.560463 3057.857927 3054.527748 3049.509158 3051.378596 3053.109305 3040.003254 3011.925134 2995.788447 2955.455300 2935.977469 2919.221466 2910.340449 2894.705517 2861.484094 2861.585903 2823.657905
2946.431969 2977.921359 2984.786662 3013.646449 3029.193199 3032.697376 3030.740325 3030.221055 3037.093746 3040.612534 3047.302602 3063.427653 3091.969922 3125.214675 3153.774476 3169.491472 3162.747428 3146.291589 3125.502039 3116.976434 3114.513898 3117.657792 3126.321353 3137.795584 3156.118058 3174.370873 3176.268408 3177.104537 3178.167267 3176.797039 3178.057071 3178.145052 3180.536257 3187.967001 3197.051450 3200.208369 3193.481597 3177.740551 3155.427356 3143.367555 3136.393878 3132.786348 3133.066652 3137.265441 3139.633506 3125.963319 3093.714200 3051.590402 3021.194070 3004.634316 2992.428414 3001.220627 2989.735893 2963.363509 2943.212696
3031.205054 3045.687473 3071.839930 3099.617619 3122.197011 3137.102416 3138.284362 3141.838790 3146.452527 3154.280427 3169.179478 3187.292837 3204.602468 3225.491085 3250.468712 3265.609826 3270.905088 3269.737663 3266.415539 3267.761554 3268.061160 3214.726614 3220.141913 3225.526618 3240.052771 3253.527841 3258.170488 3258.713408 3256.712952 3258.185554 3258.830027 3258.787470 3258.424263 3260.141668 3264.455308 3266.103942 3264.073205 3253.199018 3267.547491 3248.409813 3235.438483 3227.496118 3219.483743 3211.268457 3201.958680 3192.502845 3177.645962 3148.315007 3114.714500 3092.312674 3083.860459 3078.913481 3071.274848 3066.020554 3049.894651
3128.054883 3138.631602 3155.903915 3177.567737 3205.503935 3227.340726 3238.301229 3247.243897 3251.816854 3265.166693 3280.802509 3267.386390 3274.460549 3281.788286 3289.068868 3291.568926 3292.284493 3291.953851 3289.615254 3288.954864 3286.742251 3282.990250 3272.812946 3274.391293 3276.221591 3278.805018 3282.470445 3281.310246 3282.372089 3285.306791 3283.620635 3277.743587 3273.809854 3272.241077 3273.097478 3280.430979 3283.815792 3284.730439 3281.975344 3281.114086 3280.265539 3277.367251 3273.748169 3268.645753 3262.118345 3274.015797 3262.784770 3236.258449 3198.450159 3163.386549 3154.546042 3155.039350 3155.279932 3153.617999 3148.148247
3242.944305 3255.965390 3270.094620 3252.746957 3271.615160 3281.352907 3285.909446 3289.590731 3292.249783 3294.836807 3291.773184 3288.665487 3283.860687 3282.394459 3281.076211 3278.670713 3279.313305 3277.429290 3273.435711 3269.565834 3262.049035 3250.760742 3239.590778 3236.312447 3240.687215 3246.140670 3251.066998 3255.180486 3258.787946 3259.073301 3253.820887 3245.593446 3238.213317 3236.501568 3243.247142 3248.919312 3255.092423 3255.911248 3254.530829 3252.178688 3252.057865 3249.013132 3249.297560 3256.179936 3270.466779 3273.940711 3278.973286 3278.255765 3264.073833 3238.556792 3245.356924 3225.751354 3231.251470 3226.827775 3215.703255
3283.490124 3285.854387 3284.466790 3283.201126 3276.967147 3271.023526 3270.286539 3274.272086 3281.257614 3282.397832 3275.431868 3267.024960 3259.962014 3252.798481 3250.575021 3249.882429 3249.569341 3250.004922 3244.778604 3235.950713 3219.676158 3208.206723 3197.180198 3191.266564 3187.988117 3191.827872 3202.663292 3214.125437 3219.039906 3210.446216 3202.299277 3190.853884 3182.841702 3183.244194 3184.582460 3193.904892 3209.916374 3216.649178 3217.389564 3211.271157 3205.288178 3198.820315 3195.991669 3202.436742 3217.488726 3233.514014 3248.466237 3257.255205 3264.789495 3271.672728 3271.404049 3273.735933 3275.020465 3273.203996 3275.166152
3277.523993 3270.704158 3263.899901 3258.744074 3252.344412 3247.031882 3245.298437 3247.370665 3249.612847 3245.803657 3239.473120 3229.771399 3218.962501 3209.428612 3202.312879 3203.350790 3205.714569 3207.256537 3200.326109 3185.570973 3171.982234 3158.786253 3145.066881 3141.187524 3135.616237 3128.884146 3139.077830 3158.048616 3165.097597 3149.753494 3139.202516 3124.359801 3117.641864 3113.909545 3114.879092 3123.881478 3145.594988 3168.370852 3170.210643 3159.599874 3149.079512 3144.297351 3141.195380 3146.158284 3162.885988 3179.026350 3194.349889 3204.366771 3209.637065 3217.370902 3226.657297 3240.082923 3254.323549 3266.201763 3271.765421
3252.977204 3245.315177 3237.767951 3230.300838 3223.539972 3217.691095 3213.558202 3211.682682 3208.218020 3202.333205 3195.697663 3180.910327 3168.914573 3156.474416 3142.108905 3138.512212 3134.348883 3135.714767 3124.496794 3116.149025 3099.559287 3084.453373 3069.958809 3057.503866 3051.845645 3045.432517 3045.208989 3059.110822 3067.656572 3057.290557 3047.519968 3036.417879 3031.548662 3028.232884 3030.563485 3040.918788 3060.996677 3079.294780 3087.266913 3079.741732 3077.404016 3075.740574 3074.093355 3080.039680 3091.453789 3109.381910 3131.061210 3148.975831 3158.509409 3165.415449 3174.541082 3184.465167 3198.097869 3212.090950 3229.590562
3222.881862 3213.986012 3204.314764 3194.900812 3184.889557 3178.799206 3172.710739 3175.161031 3169.192905 3163.593099 3143.013873 3090.733364 3071.737850 3053.435634 3037.780653 3031.600255 3023.765288 3009.883610 3001.360427 2996.590462 2996.826898 2983.684423 2988.055323 2971.246322 2966.256345 2962.524131 2947.165591 2944.740849 2945.860433 2959.181439 2952.877233 2950.613222 2951.639344 2949.333795 2951.189494 2964.259251 2973.081756 2979.796524 2986.580536 2990.088107 2999.359340 2983.884540 2991.339078 3007.763465 3018.867133 3034.310980 3054.446288 3078.147615 3092.664710 3101.860794 3112.080458 3126.957089 3142.924769 3160.273649 3182.201086
3189.273180 3177.816203 3163.856139 3149.927962 3137.586623 3125.301910 3110.499710 3112.409859 3110.251225 3100.809005 3050.609239 3011.057875 3000.499918 2983.572309 2960.280135 2947.260085 2934.590236 2899.014904 2882.294627 2880.556789 2893.139636 2888.403388 2873.772464 2861.565395 2852.504603 2843.783040 2827.204126 2810.722721 2816.467087 2833.488061 2833.279368 2835.574057 2842.666198 2841.985274 2836.152403 2835.398633 2848.042368 2854.214604 2865.196414 2881.537479 2886.308717 2897.676643 2929.496873 2942.595632 2957.738556 2976.539475 2996.774788 2995.320519 3015.828607 3029.228236 3043.818062 3060.895608 3077.142589 3097.134223 3119.485745
3144.240654 3114.601230 3094.337599 3077.643743 3060.365866 3035.414963 3015.841377 3013.999894 3008.125499 2982.789699 2953.393624 2919.946879 2896.148177 2874.408975 2851.284030 2831.349134 2854.499744 2819.715363 2797.379915 2809.937514 2819.536120 2828.187057 2815.946272 2804.451708 2794.445876 2777.120356 2760.446979 2744.985175 2755.352536 2763.927230 2780.598589 2786.863204 2790.935793 2796.368589 2795.367649 2786.478865 2784.229316 2793.173633 2804.033071 2816.739962 2837.455895 2814.854769 2836.829443 2854.728056 2875.149780 2891.663559 2913.110152 2935.312279 2957.682979 2974.525077 2992.363204 2987.335339 3006.638861 3025.624490 3048.393484
3068.767214 3041.231982 3015.473232 2994.075147 2986.021657 2942.190402 2930.238071 2921.286317 2901.371116 2856.670069 2818.556815 2851.578568 2835.506137 2810.978117 2788.297550 2758.808861 2726.233030 2703.100271 2682.023880 2690.936576 2699.922802 2717.620536 2707.886630 2699.882855 2695.973365 2680.577505 2667.043693 2650.955059 2657.456815 2669.113336 2691.280603 2697.008592 2701.200944 2710.353272 2709.907999 2706.195868 2691.063724 2698.879383 2710.423754 2725.975259 2757.085728 2779.779241 2803.693744 2826.791305 2847.721904 2814.073879 2834.025913 2856.979651 2880.629148 2899.931867 2918.762213 2939.269185 2958.644246 2974.013739 2990.868766
2986.154519 2962.022872 2942.024382 2918.294820 2880.592243 2839.889802 2856.939624 2831.352927 2780.844530 2744.814965 2720.684930 2716.892687 2702.884926 2681.728613 2661.317119 2639.715122 2616.672240 2596.721941 2571.469568 2576.067357 2590.743134 2606.776822 2606.359694 2606.174880 2604.214405 2594.434902 2580.887289 2567.245149 2570.938128 2587.654435 2605.475487 2615.138892 2622.843681 2630.817272 2630.955202 2622.363723 2613.130416 2618.606412 2634.344169 2652.377035 2671.614024 2693.381020 2715.679153 2737.425873 2761.148892 2784.037557 2808.467110 2834.763751 2807.724097 2826.137845 2849.410548 2871.198399 2888.120855 2897.555828 2906.610462
2886.146360 2866.530447 2843.526342 2819.066482 2829.797292 2789.191635 2748.462179 2701.921510 2667.642641 2636.360324 2626.734196 2610.411442 2595.867044 2580.306434 2559.691706 2542.961029 2527.317041 2505.710005 2493.822356 2500.349399 2513.363841 2521.818238 2527.585121 2525.166728 2522.611353 2516.564912 2502.673539 2497.328501 2507.043743 2522.285812 2536.270275 2547.681040 2554.721004 2560.254398 2557.563808 2548.931787 2545.810686 2554.394261 2570.235838 2584.067010 2599.779998 2621.117030 2643.305642 2666.005699 2689.702987 2712.856629 2738.606755 2764.980612 2791.046364 2819.105494 2842.927211 2809.660489 2816.380181 2825.949356 2827.103836
2814.415914 2801.082106 2774.630403 2745.644504 2716.466163 2681.970605 2655.798268 2622.695787 2592.211885 2563.045522 2537.161340 2523.662439 2516.460993 2502.972502 2485.476583 2473.873850 2458.031385 2446.362539 2450.972783 2452.250197 2460.615732 2459.110191 2459.818310 2457.171937 2456.403049 2453.743405 2446.738520 2457.640006 2464.415666 2478.074202 2488.288532 2498.039188 2504.055540 2507.909050 2509.028078 2504.674358 2510.390655 2517.003511 2531.148761 2542.683158 2556.818314 2577.181701 2594.214747 2613.648494 2637.512828 2661.411372 2686.393043 2713.069053 2741.850946 2767.574322 2786.775703 2794.197310 2805.019936 2809.043440 2800.916580
