tests/Borden05m/sims/sim_1/output-maps/psiliqL0006N0014.asc
ncols         160
nrows         34
xllcorner     620200.000000
yllcorner     5168000.000000
cellsize      0.500000
NODATA_value  -9999.0
[rows 0 to 24 of 34, columns 0 to 55 of 160]
-9999.0 -9999.0 -9999.0 -9999.0 -9999.0 -9999.0 -9999.0 -9999.0 -9999.0 -9999.0 -9999.0 -9999.0 -9999.0 -9999.0 -9999.0 -9999.0 -9999.0 -9999.0 -9999.0 -9999.0 -9999.0 -9999.0 -9999.0 -9999.0 -9999.0 -9999.0 -9999.0 -9999.0 -9999.0 -9999.0 -9999.0 -9999.0 -9999.0 -9999.0 -9999.0 -9999.0 -9999.0 -9999.0 -9999.0 -9999.0 -9999.0 -9999.0 -9999.0 -9999.0 -9999.0 -9999.0 -9999.0 -9999.0 -9999.0 -9999.0 -9999.0 -9999.0 -9999.0 -9999.0 -9999.0 -9999.0
-9999.0 -9999.0 -9999.0 -9999.0 -9999.0 -9999.0 -9999.0 -9999.0 -9999.0 -9999.0 -9999.0 -9999.0 -9999.0 -9999.0 -9999.0 -9999.0 -9999.0 -9999.0 -9999.0 -9999.0 -9999.0 -9999.0 -9999.0 -9999.0 -9999.0 -9999.0 -9999.0 -9999.0 -9999.0 -9999.0 -9999.0 -9999.0 -9999.0 -9999.0 -9999.0 -9999.0 -9999.0 -9999.0 -9999.0 -9999.0 -9999.0 -9999.0 -9999.0 -9999.0 -9999.0 -9999.0 -9999.0 -9999.0 -9999.0 -9999.0 -9999.0 -9999.0 -9999.0 -9999.0 -9999.0 -9999.0
-9999.0 -9999.0 -9999.0 -9999.0 -9999.0 -9999.0 -9999.0 -9999.0 -9999.0 -9999.0 -9999.0 -9999.0 -9999.0 -9999.0 -9999.0 -9999.0 -9999.0 -9999.0 -9999.0 -9999.0 -9999.0 -9999.0 -9999.0 -9999.0 -9999.0 -9999.0 -9999.0 -9999.0 -9999.0 -9999.0 -9999.0 -9999.0 -9999.0 -9999.0 -9999.0 -9999.0 -9999.0 -9999.0 -9999.0 -9999.0 -9999.0 -9999.0 -9999.0 -9999.0 -9999.0 -9999.0 -9999.0 -696.287727 -713.990009 -731.399658 -732.927611 -710.115037 -687.136144 -663.939480 -643.907808 -625.597860
-9999.0 -9999.0 -9999.0 -9999.0 -9999.0 -9999.0 -9999.0 -9999.0 -9999.0 -9999.0 -9999.0 -9999.0 -9999.0 -9999.0 -9999.0 -9999.0 -9999.0 -9999.0 -9999.0 -9999.0 -9999.0 -9999.0 -9999.0 -9999.0 -9999.0 -9999.0 -9999.0 -9999.0 -9999.0 -9999.0 -9999.0 -9999.0 -9999.0 -9999.0 -9999.0 -9999.0 -9999.0 -9999.0 -9999.0 -9999.0 -648.961890 -643.207172 -641.489344 -652.768227 -664.325237 -676.049266 -695.999471 -714.055519 -730.180989 -733.419662 -731.142677 -725.389606 -702.382358 -678.769035 -659.882407 -642.734544
-9999.0 -9999.0 -9999.0 -9999.0 -9999.0 -9999.0 -9999.0 -9999.0 -9999.0 -9999.0 -9999.0 -9999.0 -9999.0 -9999.0 -9999.0 -9999.0 -9999.0 -9999.0 -9999.0 -9999.0 -9999.0 -9999.0 -9999.0 -9999.0 -9999.0 -9999.0 -9999.0 -9999.0 -9999.0 -9999.0 -9999.0 -9999.0 -9999.0 -9999.0 -739.730113 -722.239114 -704.465007 -686.612450 -670.457413 -664.268876 -658.565231 -652.869140 -657.090296 -662.273822 -673.869653 -692.397789 -712.454043 -727.200034 -730.362802 -733.380887 -729.284210 -716.365983 -700.238385 -684.174386 -663.745537 -641.340994
-9999.0 -9999.0 -9999.0 -9999.0 -9999.0 -9999.0 -9999.0 -9999.0 -9999.0 -9999.0 -9999.0 -9999.0 -9999.0 -9999.0 -9999.0 -9999.0 -9999.0 -9999.0 -9999.0 -9999.0 -9999.0 -9999.0 -9999.0 -9999.0 -9999.0 -9999.0 -9999.0 -9999.0 -734.102006 -740.238069 -745.784648 -747.646356 -749.322541 -750.977048 -744.282070 -732.095043 -713.986853 -693.048140 -680.829293 -674.164124 -668.093341 -667.614125 -672.689099 -675.370238 -675.622053 -687.582027 -699.512113 -710.730003 -721.573409 -722.972962 -713.828967 -700.658849 -685.369510 -671.326239 -656.789152 -643.345480
-9999.0 -9999.0 -9999.0 -9999.0 -9999.0 -9999.0 -9999.0 -9999.0 -9999.0 -9999.0 -9999.0 -9999.0 -9999.0 -9999.0 -9999.0 -9999.0 -9999.0 -9999.0 -9999.0 -9999.0 -9999.0 -9999.0 -9999.0 -762.327655 -756.247442 -750.067319 -743.111725 -742.607691 -747.398084 -753.496789 -757.175935 -759.223993 -761.163583 -757.283243 -749.121717 -735.783927 -720.299607 -699.344651 -691.302245 -684.872018 -672.743935 -671.292012 -667.510087 -664.028653 -666.429944 -669.425277 -681.545798 -690.551823 -684.794746 -678.906447 -673.310380 -666.776290 -654.659533 -639.545789 -622.199792 -601.845086
-9999.0 -9999.0 -9999.0 -9999.0 -9999.0 -9999.0 -9999.0 -9999.0 -9999.0 -9999.0 -9999.0 -9999.0 -9999.0 -9999.0 -9999.0 -9999.0 -9999.0 -9999.0 -9999.0 -786.462024 -785.897732 -785.299137 -781.101105 -780.347427 -778.365881 -771.683970 -763.918590 -762.404512 -764.323598 -766.570348 -765.494766 -763.344384 -759.782425 -748.663316 -735.302612 -721.728809 -708.023937 -687.783238 -673.634252 -660.070094 -644.351462 -646.753488 -652.115071 -655.130419 -655.376348 -655.187753 -648.694820 -645.019291 -640.112483 -634.293305 -627.588351 -619.587226 -609.863064 -591.782254 -571.605219 -551.073130
-9999.0 -9999.0 -9999.0 -9999.0 -9999.0 -9999.0 -9999.0 -9999.0 -9999.0 -9999.0 -9999.0 -9999.0 -9999.0 -9999.0 -9999.0 -9999.0 -814.041119 -812.416675 -810.708573 -805.758251 -803.848145 -800.305089 -793.883971 -793.355310 -789.879129 -783.249395 -778.675626 -770.798992 -763.591514 -756.760871 -751.394497 -749.295059 -742.001886 -732.904898 -721.590862 -706.347862 -684.858878 -663.036621 -647.457794 -631.559341 -615.531021 -616.157520 -618.163554 -617.805723 -617.519009 -609.334852 -591.033611 -585.099764 -581.216756 -561.278564 -546.814828 -541.535029 -534.662065 -516.673661 -491.667256 -460.894964
-9999.0 -9999.0 -9999.0 -9999.0 -9999.0 -9999.0 -9999.0 -9999.0 -9999.0 -9999.0 -9999.0 -9999.0 -9999.0 -856.898429 -852.954836 -844.299159 -837.074206 -835.400963 -832.108618 -827.070915 -815.388205 -812.419934 -806.694877 -799.533115 -788.879335 -780.987772 -772.289265 -761.115048 -753.219018 -746.643361 -740.104537 -733.677644 -720.316700 -705.408241 -689.971607 -670.303612 -649.607294 -629.039193 -608.349629 -594.292174 -580.435699 -576.894261 -579.837904 -579.091338 -570.962918 -551.970569 -532.051096 -517.274597 -492.158270 -464.881522 -446.845674 -430.033276 -418.065279 -402.117671 -374.080883 -320.218429
-9999.0 -9999.0 -9999.0 -9999.0 -9999.0 -9999.0 -9999.0 -9999.0 -9999.0 -9999.0 -892.687211 -890.077047 -893.784640 -892.853157 -888.797687 -877.461288 -864.996617 -858.402949 -847.891583 -828.089109 -811.833920 -808.952382 -794.539109 -785.312311 -779.464132 -769.305037 -756.794689 -744.339561 -727.431533 -715.367471 -702.954363 -682.372825 -666.653808 -651.144814 -634.374810 -615.682926 -594.853122 -564.212326 -536.501251 -521.599758 -495.405389 -478.572777 -482.229061 -482.246027 -473.974256 -452.006382 -419.959779 -380.637886 -344.141014 -300.902975 -265.345333 -242.369105 -226.162902 -208.718425 -188.540831 -155.922443
-9999.0 -9999.0 -9999.0 -9999.0 -9999.0 -9999.0 -9999.0 -9999.0 -916.243843 -909.803051 -903.601366 -906.909649 -912.027571 -915.274036 -902.984415 -887.658147 -872.300432 -856.146697 -840.843894 -823.830643 -808.745095 -792.638567 -774.269294 -763.109104 -751.862310 -737.459061 -724.493050 -706.948314 -686.346020 -671.684301 -652.535653 -631.282041 -612.180388 -594.872855 -577.177441 -559.103736 -528.728160 -491.518810 -453.989553 -421.394554 -383.408600 -346.193153 -342.066110 -335.196911 -325.159499 -282.996085 -234.802652 -192.654338 -159.947660 -131.973072 -104.489162 -88.826988 -78.199332 -65.153091 -49.141458 -34.099383
-9999.0 -9999.0 -9999.0 -9999.0 -9999.0 -9999.0 -941.060180 -917.237572 -902.873524 -910.916625 -918.490770 -921.871590 -925.329843 -908.290027 -887.698767 -871.623228 -855.695368 -839.205132 -823.771752 -809.060713 -774.024385 -759.151513 -744.800288 -725.119103 -712.202397 -699.238614 -682.705370 -659.694574 -636.745172 -603.294290 -571.916906 -543.428219 -515.557988 -494.075693 -473.254623 -449.439042 -408.028275 -354.063640 -296.491104 -247.075497 -207.414012 -172.177190 -159.395828 -152.346377 -143.970944 -126.916039 -98.651974 -69.538703 -36.973667 -6.719296 15.945071 26.407200 36.316757 47.670983 61.931508 76.785270
-9999.0 -9999.0 -9999.0 -9999.0 -973.958234 -953.266642 -932.780719 -902.171511 -879.880674 -885.868246 -878.549215 -878.094686 -879.436243 -877.944373 -873.287680 -856.114323 -839.508230 -822.871785 -804.549365 -766.357558 -726.556303 -710.464649 -683.560646 -652.047473 -638.824028 -624.918881 -610.458715 -587.641678 -556.577815 -518.778863 -464.852567 -413.644090 -375.216927 -339.761538 -306.685095 -267.742120 -220.730793 -174.844990 -137.791901 -104.598248 -74.916290 -50.642209 -35.154258 -27.101152 -16.794540 -3.905777 13.751431 38.857283 67.762428 100.894889 125.415144 138.810674 147.872183 157.418075 171.579256 189.480355
-9999.0 -9999.0 -9999.0 -1019.425702 -981.272746 -945.227197 -917.913353 -887.335643 -856.400649 -849.690436 -842.087781 -835.337845 -828.328246 -819.696212 -809.571174 -794.298696 -781.885866 -771.361965 -751.751640 -715.960516 -680.189245 -645.209991 -612.996995 -580.510534 -555.839567 -539.466780 -522.468902 -495.453438 -448.753757 -394.177124 -317.861999 -237.523709 -187.900623 -158.894816 -139.296713 -115.153281 -91.816571 -59.378387 -28.253849 0.991709 30.699518 56.268398 79.416472 88.764468 96.353916 104.341133 120.608858 141.747449 165.530136 203.010380 229.639672 242.728491 259.583868 262.319048 282.876063 298.781880
-9999.0 -9999.0 -1065.129230 -1028.819787 -993.265913 -941.148393 -889.207492 -856.694868 -816.361406 -791.002566 -784.130369 -765.202215 -748.293966 -739.924852 -722.917588 -705.938134 -694.949016 -693.627039 -683.454864 -646.494116 -590.987350 -538.165230 -495.913520 -426.996996 -383.047266 -353.536623 -334.874130 -297.265483 -247.440853 -189.616688 -138.750147 -91.239601 -53.004952 -23.343697 -10.020068 5.640003 28.094911 50.889248 79.838800 106.167483 135.201443 162.866074 194.764445 208.213748 213.105670 226.214740 244.777055 265.784433 286.060096 306.344143 321.402688 322.676264 324.483823 324.657469 326.995329 328.339559
-9999.0 -9999.0 -1089.216619 -1045.792662 -1002.040410 -930.293190 -856.892925 -819.583246 -776.927624 -733.726771 -715.075923 -692.384141 -671.504104 -650.993756 -627.353394 -602.670395 -600.974386 -599.818445 -601.412812 -545.319812 -479.444282 -390.993566 -278.434557 -202.057139 -159.505621 -149.326626 -142.446257 -125.069771 -100.080115 -57.144122 -8.071827 42.023600 83.627347 111.305451 125.083142 139.622424 160.898919 189.333567 205.566096 229.519235 255.031724 275.141864 300.046634 318.367959 324.987589 325.793279 323.826854 325.771691 326.956321 327.743879 326.939444 323.454742 321.761340 323.055555 324.526436 320.222589
-9999.0 -1174.084279 -1122.526538 -1067.930896 -996.501078 -926.210987 -838.770421 -757.727306 -710.949478 -671.251457 -643.866945 -622.340315 -561.338759 -505.753909 -474.254386 -438.300739 -442.239316 -447.375791 -455.811525 -402.889931 -317.782311 -197.066755 -83.668811 -28.518080 5.141243 10.822032 8.344410 22.292987 47.293323 84.992808 142.815500 192.764767 234.113419 263.362029 273.109657 276.121015 290.212598 308.150326 320.201638 324.747330 327.960034 329.874416 327.667202 328.387351 328.894575 328.552299 325.154614 318.790585 310.891426 304.179733 296.411756 291.098372 287.452751 295.662268 298.051521 291.706332
-9999.0 -1207.446810 -1146.563215 -1073.326140 -1000.822113 -919.149743 -802.600010 -679.917296 -637.043867 -604.764817 -572.895152 -513.747121 -405.030489 -307.967671 -253.518988 -207.895220 -209.187456 -221.204700 -219.648793 -180.633805 -124.839192 -48.787273 66.212647 146.902132 170.224334 183.456672 192.225118 213.479114 240.285078 264.213232 285.210612 306.093637 313.465209 316.194459 317.244644 317.673001 318.317244 318.815066 315.861944 312.493567 308.464660 308.838697 312.625185 312.489829 309.802578 306.118012 298.224446 288.966518 281.433431 271.558719 258.167099 250.760107 246.427672 247.596022 244.223583 238.525296
-9999.0 -1228.513844 -1159.853703 -1093.490444 -1015.650851 -885.393429 -765.603578 -640.590645 -554.036093 -515.034682 -446.630611 -315.330337 -200.539785 -124.209356 -82.718809 -60.293699 -47.986228 -50.843538 -31.230431 16.488383 86.476692 173.145129 227.369698 282.828061 294.369724 296.846354 294.057043 296.435852 298.810004 299.820599 300.944772 300.866055 306.253949 308.840895 307.682249 304.204827 297.409540 288.873428 283.486837 280.393052 277.055285 277.048779 280.120442 280.550167 277.422170 270.514076 254.187295 243.337970 234.301682 224.143140 215.540410 208.762385 204.904362 200.265337 195.530049 189.605547
-9999.0 -1309.573387 -1227.427681 -1162.439979 -1017.641060 -856.711903 -735.686890 -581.660217 -445.175523 -370.924173 -235.226576 -135.835596 -55.649063 -3.015376 33.730844 72.479660 99.033643 125.640878 160.551599 186.515813 253.374955 288.761489 298.365165 302.932022 297.725759 298.023312 288.257022 268.706882 258.408918 252.021708 253.894015 260.215321 267.888811 274.026644 271.468892 268.489270 255.211823 246.940424 241.913258 233.772158 226.362770 221.335459 220.476861 225.583020 219.619954 213.590534 202.942866 192.178046 181.726881 171.965270 162.442346 154.256029 150.355145 144.389637 142.869992 135.983377
-9999.0 -1390.251338 -1310.216353 -1198.279334 -1039.603556 -877.097668 -724.176296 -550.092404 -328.382861 -199.476538 -109.617511 -65.017676 -6.820504 52.042699 109.846138 142.337258 159.887939 167.382891 175.220674 186.563892 182.058346 202.737620 223.315703 246.421703 254.522649 254.732674 231.695457 215.329712 207.101212 205.976788 205.416285 205.590240 206.001579 204.749237 200.792389 199.548244 198.306217 190.132955 181.769365 174.372499 167.966237 160.619024 155.578789 152.820493 150.083867 148.306662 139.268717 127.816414 116.668987 107.859091 99.247678 92.546950 90.010810 85.492868 79.643404 69.781305
-9999.0 -1471.561589 -1359.189140 -1251.643516 -1108.878587 -967.288633 -826.098148 -656.369769 -482.402254 -222.965537 -60.079288 -29.193949 -6.779835 30.370543 85.613641 136.891202 142.624766 115.311828 94.224346 87.014992 97.436056 117.109738 136.183905 158.333529 173.461346 179.438654 173.643976 162.270505 148.230563 140.833436 137.104965 130.033052 124.661850 124.095519 121.840945 125.397140 126.500785 116.394843 104.132859 90.178014 78.142636 69.266774 66.265776 66.717051 65.868186 62.435043 54.900949 44.860892 32.912029 22.142384 13.998670 8.287622 2.505911 -5.308984 -13.988072 -23.509320
-9999.0 -9999.0 -1426.144980 -1312.645576 -1193.056930 -1061.554461 -927.310877 -767.330935 -610.633510 -390.675191 -232.056874 -148.720895 -102.760077 -64.813008 -16.350575 25.237605 32.642042 40.528293 18.377466 20.536668 28.010420 37.062869 49.784272 63.591971 76.140445 83.403826 86.462056 83.411340 74.109106 59.980539 44.215596 32.277330 24.790351 19.288959 25.654378 34.735999 32.546566 25.928050 15.226567 1.450188 -10.017132 -21.509107 -24.513110 -23.671035 -23.792128 -26.674608 -31.683675 -43.384033 -55.492329 -67.713708 -73.803786 -79.811164 -85.666218 -95.871988 -106.527871 -118.585613
-9999.0 -9999.0 -1506.939730 -1393.977826 -1269.080478 -1140.829631 -1028.892009 -908.403499 -747.489730 -623.835779 -515.147959 -410.974439 -309.941890 -237.661318 -193.595628 -148.558746 -127.574886 -118.132539 -113.907516 -100.218820 -80.370698 -61.081730 -47.585167 -35.555613 -24.151422 -14.888776 -7.612406 -16.933880 -26.445931 -40.675574 -58.641659 -78.492351 -89.395935 -95.060018 -91.664255 -85.414084 -90.133808 -99.463488 -112.506412 -127.533129 -139.313185 -150.298154 -153.770908 -155.412797 -156.001650 -158.568978 -162.108311 -172.043562 -185.688408 -196.867942 -206.819033 -215.653161 -221.515280 -233.027794 -248.456474 -262.569074
