tests/Borden05m/sims/sim_1/output-maps/psiliqL0006N0008.asc
ncols         160
nrows         34
xllcorner     620200.000000
yllcorner     5168000.000000
cellsize      0.500000
NODATA_value  -9999.0
[rows 0 to 24 of 34, columns 56 to 111 of 160]
-9999.0 -9999.0 -9999.0 -9999.0 -9999.0 -9999.0 -9999.0 -9999.0 -9999.0 -9999.0 -9999.0 -9999.0 -9999.0 -9999.0 -9999.0 -9999.0 -9999.0 -9999.0 -9999.0 -9999.0 -9999.0 -9999.0 -9999.0 -9999.0 -9999.0 -9999.0 -9999.0 -9999.0 -9999.0 -9999.0 -9999.0 -9999.0 -9999.0 -9999.0 -9999.0 -9999.0 -9999.0 -9999.0 -9999.0 -9999.0 -9999.0 -9999.0 -9999.0 -9999.0 -9999.0 -9999.0 -9999.0 -9999.0 -9999.0 -9999.0 -9999.0 -9999.0 -9999.0 -9999.0 -9999.0 -9999.0
-9999.0 -9999.0 -9999.0 -570.698577 -576.367386 -581.993626 -587.311437 -596.729301 -606.215656 -615.226705 -619.411093 -620.506969 -621.577791 -622.131267 -616.930528 -609.162966 -601.686258 -594.533330 -592.289625 -589.958779 -587.666472 -587.190214 -588.604461 -591.955616 -595.325469 -598.819108 -600.308285 -608.870186 -620.476585 -629.616494 -632.439925 -627.879376 -623.303971 -620.727659 -614.414779 -603.335382 -592.225157 -583.485711 -571.678062 -566.218701 -560.893322 -557.350159 -561.135171 -564.429776 -567.777202 -572.031832 -582.889068 -9999.0 -9999.0 -9999.0 -9999.0 -9999.0 -9999.0 -9999.0 -9999.0 -9999.0
-608.150250 -589.055427 -585.876994 -596.601296 -601.482661 -605.015700 -607.516799 -613.043898 -622.168868 -627.891894 -633.640549 -635.452719 -635.709740 -635.855285 -631.768984 -622.147904 -614.271635 -609.582662 -607.323811 -605.029832 -604.820785 -605.379853 -605.898349 -608.907823 -612.418212 -615.911126 -617.763990 -617.972846 -625.678273 -630.985094 -634.216779 -635.219962 -632.799842 -630.504329 -627.637248 -617.796036 -609.290464 -600.776323 -586.613969 -574.246487 -568.883657 -570.999596 -575.797767 -579.136026 -585.017030 -594.334241 -604.604586 -615.258891 -622.406112 -627.527812 -632.290499 -625.925940 -619.446885 -608.758334 -598.111071 -585.841693
-625.190577 -605.760409 -603.124659 -614.310003 -623.110172 -627.443744 -627.745690 -626.067271 -630.190193 -635.212616 -639.205030 -631.985573 -631.003206 -630.026725 -627.022945 -623.572550 -621.780548 -619.086504 -613.924610 -605.116149 -602.671057 -602.307961 -602.320676 -604.257567 -607.464961 -609.319353 -612.177056 -617.471479 -618.334215 -617.848392 -617.672476 -612.287418 -610.800485 -609.625133 -616.828906 -613.543409 -607.127106 -600.076393 -592.678166 -585.332976 -580.141597 -582.933691 -584.052386 -591.934145 -605.302399 -616.556540 -625.077559 -627.682513 -630.526883 -637.820221 -649.441704 -642.404712 -626.610154 -621.645948 -617.507761 -605.187818
-634.040113 -622.378973 -619.725123 -625.193054 -624.773280 -623.734691 -622.580524 -624.565359 -627.902512 -629.291087 -616.359470 -607.041685 -605.669046 -603.021058 -599.974182 -601.728798 -614.535367 -617.447050 -608.882270 -598.444558 -592.606243 -592.680107 -592.891583 -594.334059 -595.492391 -596.171351 -598.781879 -597.546833 -594.867883 -593.826699 -588.454779 -582.775575 -580.092024 -589.215559 -598.591887 -598.272194 -590.573721 -582.593834 -575.002622 -563.579057 -551.345215 -552.503141 -558.054322 -566.583483 -579.965971 -603.141547 -622.952864 -632.993197 -638.940645 -645.383278 -646.261431 -647.729278 -637.173594 -635.009391 -633.057626 -623.958600
-630.829077 -610.052534 -601.942434 -608.594026 -615.071788 -619.322491 -619.199835 -619.183374 -615.658793 -602.128871 -588.305544 -572.997535 -570.736256 -568.505344 -569.018115 -579.424256 -590.044655 -594.790733 -579.475739 -563.857243 -555.691200 -554.826684 -553.908916 -545.184325 -547.735875 -551.034746 -557.110420 -554.559743 -551.144181 -538.839903 -531.319208 -524.716506 -526.798410 -538.711683 -549.649955 -551.788781 -550.190165 -548.578828 -542.617451 -531.621267 -520.702535 -525.229262 -532.648511 -543.139484 -572.407506 -600.765449 -617.672706 -616.291537 -615.306449 -619.382393 -622.151653 -625.715467 -633.358707 -633.413444 -633.537541 -633.704209
-583.570070 -565.076934 -548.866696 -555.519693 -564.964351 -577.093101 -577.230439 -573.748913 -565.502441 -552.133761 -533.055132 -508.503538 -504.663116 -500.635954 -496.142887 -507.216050 -519.794506 -532.332510 -517.022419 -507.383316 -497.956817 -493.940056 -481.223913 -470.339238 -475.844589 -485.446443 -495.248776 -488.454872 -473.030181 -457.143836 -450.571892 -447.180669 -446.209302 -456.227623 -461.862966 -465.450627 -465.897382 -470.560635 -468.022140 -455.754070 -438.994419 -438.309415 -450.486309 -474.451126 -511.065590 -547.319837 -570.646489 -566.594670 -572.549927 -578.023608 -582.308829 -596.481244 -608.091543 -608.244317 -617.586641 -623.703208
-537.769434 -519.740608 -501.602604 -505.444609 -517.868005 -530.772334 -530.905035 -522.484276 -513.453824 -494.151821 -468.064180 -440.208867 -424.442680 -413.430033 -402.857687 -411.340431 -422.503901 -433.624362 -428.913698 -414.304261 -399.296978 -383.650344 -365.531863 -346.977379 -351.568141 -362.107566 -364.387483 -358.364020 -336.130745 -315.110571 -305.677591 -299.979735 -291.608135 -299.184923 -311.687753 -326.025046 -340.021680 -352.435553 -360.284437 -342.688513 -324.147721 -328.328451 -362.349899 -394.562054 -433.527730 -473.466018 -510.328069 -517.038400 -517.430602 -518.985232 -534.941086 -550.690814 -570.572716 -582.214573 -591.093496 -606.456153
-442.392071 -418.179859 -395.799194 -388.534375 -404.033439 -408.694384 -403.088195 -390.118053 -382.431755 -363.701462 -319.600796 -256.635339 -190.666906 -119.514418 -103.179272 -132.633568 -166.916965 -206.857026 -223.600778 -194.974737 -156.230122 -104.982496 -42.976166 -5.126987 12.943239 16.693239 18.581038 21.636974 25.110246 30.972470 37.521245 43.578574 49.389039 49.237107 40.522484 33.419748 24.805201 16.646626 14.033890 10.948785 12.806731 -1.616066 -60.077148 -162.631516 -243.678407 -310.450132 -361.035444 -393.998525 -397.032876 -414.213599 -433.949035 -458.632315 -498.182970 -519.357497 -537.081728 -568.160143
-307.007421 -253.838623 -214.194290 -172.689867 -166.639171 -157.041059 -146.480749 -126.035862 -96.483692 -45.011083 9.524059 54.121249 91.075882 122.147259 132.821641 119.341132 104.537788 89.673400 79.734358 84.712468 105.613451 134.243049 165.889000 186.729123 195.334582 196.533542 198.006126 199.677637 202.286585 203.814524 207.337478 211.721864 217.827457 225.229193 222.926634 212.808412 205.166421 194.696420 191.283599 189.830551 183.255529 174.727533 155.403161 107.611851 68.065830 27.921689 -24.529882 -110.695738 -192.084516 -241.745646 -281.439521 -344.721250 -400.552550 -443.164031 -476.993901 -509.167596
2.608886 49.169179 81.130069 99.209402 104.606529 107.613033 112.398068 122.972907 137.030487 157.980845 182.747924 213.764081 236.953874 253.940150 255.506561 249.467029 243.041695 236.598006 231.957511 231.569487 237.226226 245.384479 257.043329 265.615697 273.148447 273.081536 273.553745 273.413432 274.541500 275.265715 275.215119 277.782038 282.810323 287.601535 289.279317 284.682912 277.508114 269.652492 267.219155 264.372587 260.725026 258.749523 255.379100 249.949314 233.791095 208.715744 166.041915 122.934907 87.079021 67.028243 46.490871 18.628060 -52.796492 -155.565410 -246.215523 -315.526508
175.418022 205.483926 227.106457 237.616646 241.440977 240.649353 241.862289 246.424086 251.392165 259.339027 268.568800 277.660557 289.304565 301.332118 311.053119 309.116049 303.626122 295.103614 295.022122 295.745210 296.905059 300.267261 303.002153 310.655759 318.665904 321.178898 321.370391 319.578037 320.848120 321.165590 320.870519 320.110007 320.753536 323.615161 325.091293 324.828025 319.010007 310.534840 303.308179 299.446611 297.829035 296.258433 296.259894 295.765112 292.175079 280.106669 262.002786 242.243602 228.372340 218.317508 207.142927 192.987633 169.600374 133.030129 93.716490 49.302857
255.334038 268.490447 279.789263 290.393564 297.397755 298.330307 301.220213 302.453773 307.817073 315.893385 324.029523 328.044402 334.682804 348.420720 356.086855 361.161429 363.446827 364.863695 368.006777 368.403008 364.183616 365.103857 365.908857 366.043459 368.739061 368.612620 368.676011 368.167450 368.921668 368.669827 369.149163 368.771967 366.832823 366.840242 366.588457 367.257612 365.713091 362.559680 350.042989 341.226444 336.737933 332.802262 327.974945 322.965029 319.413318 314.783640 304.788351 291.101895 278.384259 275.038202 272.922531 268.938426 263.923176 252.289613 239.423643 223.644867
303.508241 309.007779 316.390014 327.627680 335.655666 342.311368 348.159004 351.348196 360.349297 369.425890 368.288235 367.812467 366.803094 366.928175 366.261999 366.556465 366.407965 365.243364 365.489897 365.437468 360.855976 353.023436 354.600364 355.508310 357.200846 360.140155 358.122101 358.915051 361.594343 360.712219 355.915737 353.192336 351.742381 351.364423 357.839292 360.387619 361.511307 362.302159 362.664205 363.121362 363.536759 363.848116 363.746766 363.676814 361.223960 355.110300 340.557392 326.236289 311.097025 304.438029 302.493617 304.461840 303.134793 301.848934 294.552236 284.404082
356.755379 365.761777 370.887768 370.600173 369.532464 369.472163 370.054966 371.954112 371.073911 367.610307 364.142739 359.376132 358.492317 356.992106 354.773662 355.251319 353.723922 350.663841 349.037980 345.759077 338.014628 329.600127 329.066825 332.584137 335.878211 338.318698 339.535336 342.030707 344.139320 341.104332 335.369693 331.024669 329.788815 333.926347 337.775282 340.801569 340.874410 339.631669 338.711845 339.987196 338.841271 339.664699 344.715814 355.039117 360.933004 360.606139 361.149257 362.133389 362.364331 347.054249 332.441017 335.111455 333.076523 327.905029 318.794267 310.515254
364.228235 363.756382 361.478940 355.468734 349.923193 349.183464 352.868124 359.166754 360.993667 354.823787 348.396927 343.393744 338.616696 337.411033 336.051533 335.168785 335.544525 332.042026 329.864575 323.616711 319.646716 315.173201 312.830815 312.374922 315.336416 319.246001 322.448885 324.697509 322.058798 319.603136 315.355047 311.899248 312.910028 313.984049 317.986568 324.096249 324.137417 324.539008 322.661326 322.011879 319.307863 318.300086 321.338260 328.050381 334.083259 340.509480 345.611992 351.451335 356.507246 362.179721 361.637624 360.721237 360.190305 357.289570 346.899675 335.272366
350.101282 344.913841 341.396668 335.999675 331.264718 330.357670 333.529475 337.413869 335.931488 331.736892 327.258814 322.850258 318.744582 316.710201 317.710838 319.155499 320.100465 318.325778 312.843424 306.716778 303.155198 297.968520 298.093937 295.767431 292.541498 296.720398 304.058558 306.581201 299.789249 296.745940 290.785070 288.238959 287.621322 288.348679 292.637349 301.736058 310.760938 310.673870 306.014574 302.180672 300.605947 299.056501 301.713552 309.920809 317.491218 321.917538 324.389417 325.511874 328.663127 332.343986 337.015952 344.277351 351.173893 359.060278 358.765196 358.886237
332.254522 328.775048 326.034227 323.595418 321.418608 319.920755 319.293219 319.246948 317.139268 315.791610 313.503657 310.040565 306.148079 299.331752 297.726756 296.006083 298.098326 292.682083 289.369191 281.344406 276.469172 269.990163 266.066697 262.087356 255.448076 255.105850 262.003251 267.457986 258.475735 253.810091 246.588444 244.118154 243.202238 245.086857 252.470998 267.671601 279.077099 283.352774 279.156841 276.548790 275.706390 275.452130 277.078234 284.210225 292.943991 301.052595 305.942907 308.160973 309.992311 312.944776 317.895240 322.125876 326.148464 332.131317 341.074663 350.507844
321.073111 318.234602 315.827324 312.414132 308.232138 306.308172 308.210649 304.880085 303.253102 300.877318 277.261886 271.977907 263.020370 253.042990 246.831925 238.543781 233.915254 228.138020 225.900425 222.518037 215.116006 203.595009 189.845860 181.376953 167.438630 146.914454 146.018896 149.806116 152.643959 144.013150 134.828318 131.752539 130.562817 139.729197 166.162062 187.833255 202.718298 210.161605 208.279848 215.168988 220.788081 222.919344 235.227188 246.286722 257.798403 269.595961 281.359293 286.147429 289.401877 292.905375 298.315809 303.602797 308.137600 315.540348 324.162927 328.755730
311.558922 307.534036 302.671402 298.077913 292.637087 286.274634 287.654013 286.046217 283.468135 261.244604 232.961716 210.484989 193.146565 164.961743 136.313285 109.693738 78.116224 62.356625 55.176509 58.835354 48.939021 31.344519 13.674727 -1.372656 -26.345855 -75.110090 -95.778985 -83.200430 -59.600460 -80.224612 -98.761903 -97.660277 -103.500768 -97.477175 -44.119669 -0.974708 18.221691 31.414475 42.425680 48.811603 58.618702 89.640058 116.744072 152.858884 185.121527 210.103413 229.803313 245.851816 255.730854 264.345314 274.005581 280.243722 287.874445 295.805574 306.441550 311.595222
289.173190 281.632536 274.525425 264.840151 251.763280 234.818679 231.961038 225.550104 212.021115 163.161266 100.692685 55.295083 22.655707 -22.007890 -92.637009 -174.117985 -246.490646 -282.583094 -282.622520 -274.458511 -283.381197 -309.746051 -332.976851 -349.653666 -366.444119 -385.646068 -396.753586 -387.557325 -376.704171 -373.754502 -372.583971 -368.772386 -368.091766 -369.043092 -368.350356 -352.298553 -337.481627 -321.151226 -306.063509 -290.392117 -245.697104 -190.728415 -131.144711 -34.889685 20.903404 61.818007 103.228658 148.875878 180.418306 205.394058 224.494164 240.672372 253.619420 266.288024 279.910115 289.463040
256.285976 237.717292 219.792286 191.186115 141.127055 105.850530 87.621971 71.995383 31.947001 -37.854306 -178.990725 -261.205787 -309.744998 -349.475945 -383.866221 -418.560974 -449.406232 -469.536593 -462.887792 -455.910860 -447.641761 -461.416283 -474.768949 -482.236303 -496.797375 -511.022788 -524.555293 -515.974755 -506.783377 -492.291762 -489.210829 -486.330129 -480.738404 -482.451568 -484.422211 -489.939770 -480.766383 -471.050009 -458.436265 -432.408173 -405.395458 -377.662534 -351.735010 -320.524318 -279.045591 -225.627861 -150.100013 -38.548933 21.879183 61.712188 102.558142 147.191986 179.535224 203.963985 225.286230 241.233330
163.176575 120.563238 75.446618 18.037173 -74.622239 -187.915450 -222.302480 -280.567362 -334.074273 -392.562130 -425.641044 -449.270810 -474.197675 -496.482735 -517.594985 -544.200330 -567.258437 -589.509643 -585.146997 -573.108973 -559.594936 -567.884702 -572.881396 -576.207849 -587.849983 -601.236237 -614.528107 -610.795318 -596.503430 -580.282116 -574.306072 -568.476562 -561.331645 -561.478955 -567.649671 -576.043512 -570.762503 -558.253939 -543.223462 -521.733383 -499.520454 -477.928738 -458.054641 -435.390298 -410.341770 -382.961961 -350.107510 -309.413052 -270.463953 -216.659882 -137.585416 -33.057404 18.091321 50.556919 87.917843 123.676786
-15.509990 -107.612327 -203.543382 -288.727198 -357.671571 -410.837799 -447.579705 -481.121332 -513.146397 -534.419635 -553.393167 -571.688361 -589.855387 -609.526286 -628.752715 -648.027262 -669.134226 -689.265097 -683.928055 -670.303573 -657.103943 -655.647516 -658.587029 -661.555323 -669.569966 -682.855800 -695.338859 -687.525702 -672.164907 -656.925349 -647.606677 -641.228057 -634.988456 -637.860761 -646.038106 -653.713093 -646.382807 -631.699912 -617.152675 -599.706368 -578.974139 -558.175440 -537.573491 -515.878637 -493.901558 -469.342898 -443.479778 -416.502328 -389.146228 -360.531579 -328.285692 -303.913308 -275.447227 -245.027347 -192.274642 -112.700699
-336.158115 -373.467047 -407.317624 -445.110235 -486.862432 -519.232594 -550.236124 -579.839237 -609.025686 -632.376185 -649.909420 -659.850343 -674.191903 -693.204941 -706.632156 -723.185316 -743.216982 -745.492780 -741.182802 -728.037649 -724.922220 -724.128194 -727.071522 -728.149370 -733.263031 -745.817372 -741.042756 -733.066863 -717.910592 -706.890557 -697.772337 -691.518058 -687.353558 -688.317740 -696.074865 -694.084062 -686.922866 -672.481176 -660.930401 -645.798351 -625.333849 -608.410993 -589.494176 -568.313152 -546.426673 -523.188771 -498.481598 -471.682571 -446.987052 -425.994252 -414.517419 -401.711647 -392.078017 -393.708810 -373.646431 -350.105969
