tests/Borden05m/sims/sim_1/output-maps/psiliqL0010N0018.asc
ncols         160
nrows         34
xllcorner     620200.000000
yllcorner     5168000.000000
cellsize      0.500000
NODATA_value  -9999.0
[rows 0 to 25 of 34, columns 0 to 56 of 160]
-9999.0 -9999.0 -9999.0 -9999.0 -9999.0 -9999.0 -9999.0 -9999.0 -9999.0 -9999.0 -9999.0 -9999.0 -9999.0 -9999.0 -9999.0 -9999.0 -9999.0 -9999.0 -9999.0 -9999.0 -9999.0 -9999.0 -9999.0 -9999.0 -9999.0 -9999.0 -9999.0 -9999.0 -9999.0 -9999.0 -9999.0 -9999.0 -9999.0 -9999.0 -9999.0 -9999.0 -9999.0 -9999.0 -9999.0 -9999.0 -9999.0 -9999.0 -9999.0 -9999.0 -9999.0 -9999.0 -9999.0 -9999.0 -9999.0 -9999.0 -9999.0 -9999.0 -9999.0 -9999.0 -9999.0 -9999.0 -9999.0
-9999.0 -9999.0 -9999.0 -9999.0 -9999.0 -9999.0 -9999.0 -9999.0 -9999.0 -9999.0 -9999.0 -9999.0 -9999.0 -9999.0 -9999.0 -9999.0 -9999.0 -9999.0 -9999.0 -9999.0 -9999.0 -9999.0 -9999.0 -9999.0 -9999.0 -9999.0 -9999.0 -9999.0 -9999.0 -9999.0 -9999.0 -9999.0 -9999.0 -9999.0 -9999.0 -9999.0 -9999.0 -9999.0 -9999.0 -9999.0 -9999.0 -9999.0 -9999.0 -9999.0 -9999.0 -9999.0 -9999.0 -9999.0 -9999.0 -9999.0 -9999.0 -9999.0 -9999.0 -9999.0 -9999.0 -9999.0 -9999.0
-9999.0 -9999.0 -9999.0 -9999.0 -9999.0 -9999.0 -9999.0 -9999.0 -9999.0 -9999.0 -9999.0 -9999.0 -9999.0 -9999.0 -9999.0 -9999.0 -9999.0 -9999.0 -9999.0 -9999.0 -9999.0 -9999.0 -9999.0 -9999.0 -9999.0 -9999.0 -9999.0 -9999.0 -9999.0 -9999.0 -9999.0 -9999.0 -9999.0 -9999.0 -9999.0 -9999.0 -9999.0 -9999.0 -9999.0 -9999.0 -9999.0 -9999.0 -9999.0 -9999.0 -9999.0 -9999.0 -9999.0 88.281977 70.870315 54.525720 52.679235 75.428824 98.782492 122.469502 142.981745 161.642226 180.651497
-9999.0 -9999.0 -9999.0 -9999.0 -9999.0 -9999.0 -9999.0 -9999.0 -9999.0 -9999.0 -9999.0 -9999.0 -9999.0 -9999.0 -9999.0 -9999.0 -9999.0 -9999.0 -9999.0 -9999.0 -9999.0 -9999.0 -9999.0 -9999.0 -9999.0 -9999.0 -9999.0 -9999.0 -9999.0 -9999.0 -9999.0 -9999.0 -9999.0 -9999.0 -9999.0 -9999.0 -9999.0 -9999.0 -9999.0 -9999.0 135.733087 141.599725 143.078003 132.349832 121.075023 109.145401 89.243689 71.391526 56.057651 53.314990 55.957762 61.532891 84.469287 108.853633 128.396885 145.711868 164.938016
-9999.0 -9999.0 -9999.0 -9999.0 -9999.0 -9999.0 -9999.0 -9999.0 -9999.0 -9999.0 -9999.0 -9999.0 -9999.0 -9999.0 -9999.0 -9999.0 -9999.0 -9999.0 -9999.0 -9999.0 -9999.0 -9999.0 -9999.0 -9999.0 -9999.0 -9999.0 -9999.0 -9999.0 -9999.0 -9999.0 -9999.0 -9999.0 -9999.0 -9999.0 43.627271 61.174818 79.261928 97.564444 114.159477 120.794693 126.645167 132.431541 128.388291 123.614616 112.292927 93.579122 73.956461 59.836663 57.362252 54.824276 59.240255 72.349099 89.091834 105.505672 126.498811 149.816038 159.137345
-9999.0 -9999.0 -9999.0 -9999.0 -9999.0 -9999.0 -9999.0 -9999.0 -9999.0 -9999.0 -9999.0 -9999.0 -9999.0 -9999.0 -9999.0 -9999.0 -9999.0 -9999.0 -9999.0 -9999.0 -9999.0 -9999.0 -9999.0 -9999.0 -9999.0 -9999.0 -9999.0 -9999.0 47.880648 41.960482 36.816200 35.302521 33.995728 32.822258 39.766643 52.064116 70.316634 91.838243 104.653798 111.807358 118.350601 119.137164 114.268754 112.129695 112.347202 100.661500 89.071269 78.230795 67.814350 66.603079 76.251751 90.243345 106.380496 121.277995 136.772177 149.315368 165.665547
-9999.0 -9999.0 -9999.0 -9999.0 -9999.0 -9999.0 -9999.0 -9999.0 -9999.0 -9999.0 -9999.0 -9999.0 -9999.0 -9999.0 -9999.0 -9999.0 -9999.0 -9999.0 -9999.0 -9999.0 -9999.0 -9999.0 -9999.0 18.308068 24.307282 30.801096 38.168601 39.052067 34.815333 29.139225 25.977954 24.416065 22.813531 27.242138 35.600252 49.320866 65.258299 86.957883 95.587451 102.113345 114.524383 116.911539 121.940922 125.952123 124.178811 121.529871 109.559787 100.774030 106.488912 112.755987 119.427657 127.210631 140.525119 156.380013 174.444000 195.520477 217.761185
-9999.0 -9999.0 -9999.0 -9999.0 -9999.0 -9999.0 -9999.0 -9999.0 -9999.0 -9999.0 -9999.0 -9999.0 -9999.0 -9999.0 -9999.0 -9999.0 -9999.0 -9999.0 -9999.0 -6.685030 -5.860115 -4.839843 -0.256423 0.690537 2.905860 9.909037 18.050843 20.206524 18.601313 17.005780 18.556971 21.262947 25.536250 37.058057 50.993970 65.260373 79.460382 100.434667 115.323054 129.309228 145.529514 144.438239 140.168316 138.155187 138.713856 139.420947 145.225549 149.035579 155.317687 161.299964 168.569334 178.018695 189.487585 208.557055 229.655249 251.065121 271.357206
-9999.0 -9999.0 -9999.0 -9999.0 -9999.0 -9999.0 -9999.0 -9999.0 -9999.0 -9999.0 -9999.0 -9999.0 -9999.0 -9999.0 -9999.0 -9999.0 -35.110638 -33.298847 -31.220368 -25.897983 -23.355904 -19.436018 -12.591140 -11.508839 -7.678516 -0.568473 4.421006 13.036316 20.962191 28.358870 34.387059 37.190070 44.999116 54.842599 66.956937 82.762557 104.833376 127.916853 144.528606 161.574787 178.761986 179.445805 178.522134 179.874410 180.975609 189.054016 207.787973 214.777424 218.566734 237.757240 252.988756 259.280939 267.684855 287.265864 312.626133 340.091562 373.304493
-9999.0 -9999.0 -9999.0 -9999.0 -9999.0 -9999.0 -9999.0 -9999.0 -9999.0 -9999.0 -9999.0 -9999.0 -9999.0 -79.919550 -75.805648 -66.605311 -58.235415 -56.003838 -52.068441 -46.345343 -34.223978 -30.710021 -24.498437 -16.879765 -5.359925 3.202606 12.485974 24.379247 32.981840 40.385006 47.725779 54.382108 68.331557 84.083719 100.423875 121.183081 143.456383 165.071117 186.771199 202.877471 217.774322 221.623419 220.641346 223.107817 232.000670 251.147054 271.719722 284.975866 307.536986 332.929630 348.780541 362.967838 373.401323 387.736817 410.389196 448.029897 486.423670
-9999.0 -9999.0 -9999.0 -9999.0 -9999.0 -9999.0 -9999.0 -9999.0 -9999.0 -9999.0 -114.503502 -112.002174 -115.477576 -114.978242 -110.309607 -98.481201 -85.275945 -78.510297 -67.282308 -46.720829 -29.469701 -25.947102 -11.142973 -1.074259 5.628145 16.417789 29.745364 42.969795 60.508075 73.581696 86.521421 107.551120 124.687115 141.814799 160.276266 181.075884 202.960871 234.113451 263.073202 278.701495 304.136928 318.981367 317.084552 318.247212 327.774877 346.934961 372.505116 401.022831 426.234017 454.860371 476.327454 492.268644 504.362534 518.158783 534.913909 568.550487 608.453656
-9999.0 -9999.0 -9999.0 -9999.0 -9999.0 -9999.0 -9999.0 -9999.0 -138.546534 -131.654284 -125.434020 -128.498654 -133.213157 -136.634516 -123.539252 -107.811940 -91.929176 -74.856857 -58.927991 -40.993601 -25.360752 -8.702597 10.875853 22.880551 34.940901 50.436744 64.502365 82.742085 104.728431 119.826741 139.365859 162.316334 182.879788 202.257947 222.241935 242.314023 272.615940 309.399419 344.692873 371.972480 402.641050 429.315121 431.169999 435.688951 441.976549 469.944326 501.996367 534.590891 563.210724 592.582155 622.745473 640.478365 651.595254 664.649960 680.334946 697.453757 723.322249
-9999.0 -9999.0 -9999.0 -9999.0 -9999.0 -9999.0 -164.484660 -140.416409 -125.678428 -133.520135 -142.061406 -145.455251 -149.052369 -128.917390 -107.525162 -90.663989 -73.982999 -56.597381 -40.171572 -25.638989 9.457795 26.507157 41.756334 61.581216 76.222658 90.942666 109.005421 133.478702 157.560537 191.172891 222.141722 250.670934 279.633905 301.923827 323.153134 345.055531 380.028528 420.913977 460.688609 492.961832 522.422003 553.448100 563.399829 570.413966 579.325701 599.261233 630.050820 660.546579 694.828382 727.243174 753.091788 765.073217 775.513491 786.935119 800.486586 813.565776 827.999605
-9999.0 -9999.0 -9999.0 -9999.0 -197.802305 -176.913633 -156.497575 -125.745846 -103.204584 -108.513070 -101.331872 -100.814296 -102.140621 -99.286230 -93.213038 -75.256708 -57.302843 -39.104337 -20.305882 17.250602 60.094153 77.285992 104.390547 137.461589 152.364034 168.342284 185.201567 209.898336 240.935124 278.681814 328.522016 371.601066 401.569998 427.859131 451.526364 476.833858 511.832451 550.760790 588.531285 623.654240 654.292687 679.617571 693.998733 702.634672 714.617897 730.143083 750.400374 776.976268 806.929639 838.753898 864.165133 878.882114 887.103359 897.537660 908.656886 921.757708 934.914605
-9999.0 -9999.0 -9999.0 -245.192591 -206.714651 -169.697239 -142.299478 -111.355615 -79.646384 -73.563352 -64.992112 -58.680613 -52.220761 -43.131068 -33.190665 -16.516300 -1.761901 11.988494 33.738021 71.306484 108.489557 143.155943 177.410845 208.887699 233.078940 250.589229 269.728636 296.304673 339.197501 382.200932 437.059614 493.748940 533.718394 560.463045 582.706413 609.755310 634.561545 669.537757 703.973200 736.332744 767.347408 792.173759 812.153945 820.895512 830.064314 839.111598 855.959786 877.001330 898.452926 926.776298 954.703106 977.288911 990.133132 999.115838 1014.184779 1029.305227 1041.375880
-9999.0 -9999.0 -291.723435 -254.645054 -219.556016 -168.100213 -115.455481 -81.721669 -40.748486 -15.580882 -8.091015 10.718828 28.080696 36.868484 54.072718 71.925549 86.752869 91.603940 106.310261 142.276230 197.418609 248.779664 281.351785 338.524443 373.809566 399.830008 416.447475 443.827446 479.509100 525.213982 576.376354 627.091450 667.203035 699.085933 715.221843 733.641264 756.484415 779.174629 811.051710 839.598917 868.769497 894.281592 916.679338 926.166749 931.799408 946.757120 968.750544 991.808539 1013.907158 1035.157150 1045.506213 1052.633426 1056.087846 1058.272579 1061.227089 1063.386055 1064.548858
-9999.0 -9999.0 -317.020866 -272.848632 -230.416586 -160.825761 -84.192555 -46.336002 -2.848848 42.417178 62.237440 87.132994 105.569396 122.664082 147.409519 171.837158 179.483898 184.600828 185.812893 243.142951 305.663029 369.239803 434.100877 497.358341 538.947604 551.354362 561.047081 580.966148 607.197991 652.401368 703.725072 756.604620 800.983733 831.670530 847.636020 864.419963 884.309756 902.757932 920.762148 955.619151 978.333058 1001.529105 1026.150338 1045.776344 1053.714278 1056.095364 1050.669236 1056.139758 1059.943831 1061.842414 1062.578021 1059.615493 1059.092564 1059.840263 1060.865293 1055.896039 1049.076736
-9999.0 -403.988620 -352.005082 -297.850425 -227.325226 -157.939555 -71.842300 9.539185 62.134350 106.817619 137.071169 156.878458 208.103629 257.323075 285.355605 315.008648 315.662739 317.474916 310.944625 358.578446 415.891050 501.556537 613.244910 666.252098 700.106619 701.454531 696.903808 710.696352 736.987692 780.401120 845.243975 891.915559 940.986677 977.344140 991.101758 997.045332 1013.405971 1032.198626 1033.602705 1047.270516 1053.323958 1058.826135 1059.212006 1061.057610 1062.084257 1062.307513 1059.154609 1052.798356 1044.745110 1038.662115 1034.212031 1029.355854 1031.489682 1034.454297 1035.104181 1027.744800 1018.897301
-9999.0 -438.315857 -378.008278 -305.395594 -233.118787 -157.058520 -45.568308 87.541313 137.466381 174.801063 205.516191 248.109256 334.690281 403.193293 440.161190 482.184520 479.360221 469.901773 466.086483 502.756730 557.809805 632.772424 759.486976 836.319896 849.362939 856.669278 862.672528 886.480231 920.194429 954.639767 987.636469 1004.475685 1024.982103 1035.752705 1040.264900 1042.778041 1046.094019 1047.459077 1045.833566 1042.842322 1038.581871 1039.247707 1043.941621 1044.259688 1041.436245 1037.936332 1031.769666 1023.292242 1016.260181 1009.846550 1005.672694 1001.678740 999.576416 999.364515 994.787996 988.429484 978.340193
-9999.0 -463.545606 -393.822917 -328.222141 -255.556559 -131.669209 -7.668452 124.225681 216.640252 257.946867 302.552424 387.082243 485.145907 572.872022 620.109160 644.008907 651.935380 641.709688 655.171727 701.923279 766.980354 848.001008 917.660110 978.852854 984.377976 981.945864 968.448811 975.934435 985.683014 992.915690 1001.888402 1011.280362 1022.502250 1029.502366 1030.987338 1029.606490 1026.064930 1019.213770 1014.810943 1011.741519 1007.993543 1007.832310 1011.338463 1012.225977 1008.799751 1003.519673 997.605988 990.498411 982.834043 974.551707 969.314573 964.391593 961.513351 956.412453 951.317929 944.749248 930.744495
-9999.0 -552.990850 -468.110567 -407.025179 -275.317705 -107.447408 18.202113 173.424437 314.833148 365.634385 454.856162 564.159326 658.108536 722.622328 762.033447 802.201251 829.929303 855.385814 890.292053 883.587832 934.934562 978.393289 994.974489 1000.592997 993.446752 988.649383 977.936350 959.105976 951.418841 949.663214 957.914538 972.028859 983.665815 993.919793 994.190874 994.988137 994.752875 991.391043 987.935135 979.938960 972.189115 966.784803 965.770271 970.845185 964.946138 960.192072 953.110060 944.193438 934.582065 925.740023 917.241205 909.805062 906.309520 900.209195 898.168945 890.005883 863.107707
-9999.0 -633.961186 -555.210644 -453.118298 -303.116378 -138.621187 6.224457 179.758660 379.321711 491.446131 598.700652 658.978331 726.550734 787.661630 847.691507 886.215517 906.990353 916.009834 916.079277 926.636086 905.933446 906.382445 924.994110 947.558601 953.851571 952.387484 940.775211 929.279792 923.951208 926.356099 930.005044 934.395035 938.065263 939.999030 938.776356 940.773303 945.002156 939.406172 931.686589 924.097012 917.082043 909.184862 903.935476 900.698543 898.369915 897.059049 888.908164 877.993514 866.951192 858.194887 849.845531 843.462528 840.604821 835.445280 828.043357 816.304963 789.037593
-9999.0 -723.190452 -606.801599 -504.920420 -370.880119 -230.160496 -93.278865 77.836353 239.607590 453.866007 617.845845 685.969984 718.765184 766.414032 823.873017 882.191700 887.663113 860.387680 834.962549 824.979893 832.867050 846.250325 861.767963 880.757217 893.897488 899.255832 897.845659 889.323424 877.083683 871.051463 868.823179 863.707260 860.558238 862.234814 863.230299 869.764920 872.599664 863.809829 851.620173 836.699634 823.511187 813.549665 810.381883 811.004908 810.235046 806.399037 798.970913 788.423602 775.871995 764.288319 756.193383 750.290686 743.572618 734.205942 723.692584 711.727883 686.241117
-9999.0 -9999.0 -677.563139 -565.012560 -449.826991 -321.141004 -193.532946 -37.583452 120.405392 310.835903 430.913160 539.068777 598.834562 640.677030 690.924665 739.923522 753.516335 767.338975 748.499001 752.455156 760.252231 768.152145 779.304240 791.147001 802.510571 809.824637 814.849870 812.540825 804.165773 789.924394 773.757660 762.094572 755.877663 751.291265 760.298512 771.349588 769.405522 763.058228 751.731659 736.688453 723.914231 710.696745 706.839446 707.063768 706.671533 703.348692 698.128473 685.361388 672.423837 660.008180 653.946231 647.605262 641.596721 630.616474 618.944310 605.658042 582.335144
-9999.0 -9999.0 -760.097404 -648.878184 -528.262507 -401.479985 -293.369742 -191.048446 -30.445168 93.323663 198.057107 291.718142 367.761960 426.407122 470.555114 526.694523 559.055227 572.820497 585.291895 606.922151 630.366178 654.108156 670.217655 682.756923 695.366862 706.466391 714.373024 703.872766 693.786109 678.767184 660.032439 639.849042 629.661895 625.879009 629.595937 635.991621 631.113917 621.624391 607.671656 591.745514 578.593827 566.482212 562.064170 559.167505 557.857121 554.702991 550.944696 541.423706 529.263926 520.513552 512.082200 505.288948 501.395527 493.475513 483.141757 475.313814 456.182028
-9999.0 -9999.0 -9999.0 -719.831610 -622.536787 -539.112140 -441.035327 -365.953045 -273.593208 -159.229814 -52.898512 51.485626 117.945835 171.869595 224.215059 273.842784 311.395985 335.886609 359.234619 413.640257 447.744186 487.551038 522.200338 539.293120 554.385278 569.484381 572.949175 564.196079 554.990126 539.986283 517.675591 495.353966 484.012755 486.112594 485.346136 486.050726 480.110780 475.196638 464.025232 450.854819 437.077173 427.805335 422.974939 417.560567 413.462689 409.006211 404.654040 398.104113 389.172331 379.589793 372.491432 369.004830 364.740392 359.410112 351.736235 342.874151 330.701521
