tests/Borden05m/sims/sim_1/output-maps/psiliqL0026N0009.asc
ncols         160
nrows         34
xllcorner     620200.000000
yllcorner     5168000.000000
cellsize      0.500000
NODATA_value  -9999.0
[rows 0 to 24 of 34, columns 0 to 54 of 160]
-9999.0 -9999.0 -9999.0 -9999.0 -9999.0 -9999.0 -9999.0 -9999.0 -9999.0 -9999.0 -9999.0 -9999.0 -9999.0 -9999.0 -9999.0 -9999.0 -9999.0 -9999.0 -9999.0 -9999.0 -9999.0 -9999.0 -9999.0 -9999.0 -9999.0 -9999.0 -9999.0 -9999.0 -9999.0 -9999.0 -9999.0 -9999.0 -9999.0 -9999.0 -9999.0 -9999.0 -9999.0 -9999.0 -9999.0 -9999.0 -9999.0 -9999.0 -9999.0 -9999.0 -9999.0 -9999.0 -9999.0 -9999.0 -9999.0 -9999.0 -9999.0 -9999.0 -9999.0 -9999.0 -9999.0
-9999.0 -9999.0 -9999.0 -9999.0 -9999.0 -9999.0 -9999.0 -9999.0 -9999.0 -9999.0 -9999.0 -9999.0 -9999.0 -9999.0 -9999.0 -9999.0 -9999.0 -9999.0 -9999.0 -9999.0 -9999.0 -9999.0 -9999.0 -9999.0 -9999.0 -9999.0 -9999.0 -9999.0 -9999.0 -9999.0 -9999.0 -9999.0 -9999.0 -9999.0 -9999.0 -9999.0 -9999.0 -9999.0 -9999.0 -9999.0 -9999.0 -9999.0 -9999.0 -9999.0 -9999.0 -9999.0 -9999.0 -9999.0 -9999.0 -9999.0 -9999.0 -9999.0 -9999.0 -9999.0 -9999.0
-9999.0 -9999.0 -9999.0 -9999.0 -9999.0 -9999.0 -9999.0 -9999.0 -9999.0 -9999.0 -9999.0 -9999.0 -9999.0 -9999.0 -9999.0 -9999.0 -9999.0 -9999.0 -9999.0 -9999.0 -9999.0 -9999.0 -9999.0 -9999.0 -9999.0 -9999.0 -9999.0 -9999.0 -9999.0 -9999.0 -9999.0 -9999.0 -9999.0 -9999.0 -9999.0 -9999.0 -9999.0 -9999.0 -9999.0 -9999.0 -9999.0 -9999.0 -9999.0 -9999.0 -9999.0 -9999.0 -9999.0 3273.156465 3255.943152 3242.488439 3237.568973 3258.363015 3281.200922 3304.787344 3325.086070
-9999.0 -9999.0 -9999.0 -9999.0 -9999.0 -9999.0 -9999.0 -9999.0 -9999.0 -9999.0 -9999.0 -9999.0 -9999.0 -9999.0 -9999.0 -9999.0 -9999.0 -9999.0 -9999.0 -9999.0 -9999.0 -9999.0 -9999.0 -9999.0 -9999.0 -9999.0 -9999.0 -9999.0 -9999.0 -9999.0 -9999.0 -9999.0 -9999.0 -9999.0 -9999.0 -9999.0 -9999.0 -9999.0 -9999.0 -9999.0 3324.204941 3330.028705 3329.607468 3319.612935 3308.113721 3294.208406 3273.453223 3256.253162 3243.130079 3241.077432 3243.300443 3245.641068 3265.962192 3291.129345 3310.794630
-9999.0 -9999.0 -9999.0 -9999.0 -9999.0 -9999.0 -9999.0 -9999.0 -9999.0 -9999.0 -9999.0 -9999.0 -9999.0 -9999.0 -9999.0 -9999.0 -9999.0 -9999.0 -9999.0 -9999.0 -9999.0 -9999.0 -9999.0 -9999.0 -9999.0 -9999.0 -9999.0 -9999.0 -9999.0 -9999.0 -9999.0 -9999.0 -9999.0 -9999.0 3232.380099 3249.145366 3266.862547 3285.219261 3302.004594 3308.917421 3314.646867 3319.823990 3314.964489 3310.328293 3298.374656 3277.034885 3257.532849 3244.620291 3243.501357 3240.844667 3244.077293 3255.230813 3271.500858 3286.109782 3306.274030
-9999.0 -9999.0 -9999.0 -9999.0 -9999.0 -9999.0 -9999.0 -9999.0 -9999.0 -9999.0 -9999.0 -9999.0 -9999.0 -9999.0 -9999.0 -9999.0 -9999.0 -9999.0 -9999.0 -9999.0 -9999.0 -9999.0 -9999.0 -9999.0 -9999.0 -9999.0 -9999.0 -9999.0 3238.862630 3232.780692 3227.773712 3225.956924 3224.250456 3223.072838 3229.534742 3240.373599 3257.098407 3278.925516 3291.964447 3298.986172 3305.652313 3305.718451 3299.488623 3297.463170 3297.623354 3284.584389 3271.931932 3260.064521 3248.430302 3244.856838 3253.316227 3267.146301 3282.929726 3297.048119 3311.842139
-9999.0 -9999.0 -9999.0 -9999.0 -9999.0 -9999.0 -9999.0 -9999.0 -9999.0 -9999.0 -9999.0 -9999.0 -9999.0 -9999.0 -9999.0 -9999.0 -9999.0 -9999.0 -9999.0 -9999.0 -9999.0 -9999.0 -9999.0 3209.520074 3214.256453 3220.566867 3228.007797 3228.740427 3225.275797 3219.675674 3216.736919 3215.009807 3212.378819 3216.574681 3223.171145 3235.694186 3250.503846 3272.386851 3280.189574 3283.969001 3294.855103 3298.159366 3305.604809 3309.026542 3306.641713 3302.022968 3286.534917 3274.368223 3275.891074 3279.276388 3285.555099 3293.321476 3306.219253 3319.281833 3333.882850
-9999.0 -9999.0 -9999.0 -9999.0 -9999.0 -9999.0 -9999.0 -9999.0 -9999.0 -9999.0 -9999.0 -9999.0 -9999.0 -9999.0 -9999.0 -9999.0 -9999.0 -9999.0 -9999.0 3185.353480 3186.295819 3187.643918 3192.319141 3192.504111 3194.021645 3200.486444 3208.160559 3210.740318 3208.161358 3206.818477 3207.702300 3209.796917 3213.801357 3223.641697 3236.374329 3249.600343 3261.644804 3281.549288 3295.162156 3306.654270 3321.116177 3320.908242 3316.645349 3314.304543 3313.505803 3311.121236 3308.663291 3306.890652 3312.303511 3312.134499 3314.798076 3323.142783 3334.341513 3349.972024 3366.593764
-9999.0 -9999.0 -9999.0 -9999.0 -9999.0 -9999.0 -9999.0 -9999.0 -9999.0 -9999.0 -9999.0 -9999.0 -9999.0 -9999.0 -9999.0 -9999.0 3156.693670 3158.324526 3160.524774 3165.867078 3169.383795 3173.067091 3179.741396 3180.715182 3183.668903 3190.226375 3194.092916 3202.790087 3210.524894 3216.860499 3221.880290 3223.395221 3228.894987 3237.023970 3247.307268 3259.986471 3278.844249 3301.251311 3315.796145 3331.367908 3347.522550 3347.078262 3344.374646 3343.647099 3341.189480 3341.528602 3354.843428 3357.019662 3350.751948 3359.381988 3370.134451 3371.978376 3377.912678 3396.691448 3417.903093
-9999.0 -9999.0 -9999.0 -9999.0 -9999.0 -9999.0 -9999.0 -9999.0 -9999.0 -9999.0 -9999.0 -9999.0 -9999.0 3107.515779 3111.292790 3121.292630 3132.603832 3135.400258 3140.071149 3146.460388 3158.181469 3161.345415 3166.775079 3173.312259 3185.037336 3192.852400 3200.721409 3211.450886 3218.374664 3224.168282 3229.333725 3230.952512 3241.108272 3253.742773 3266.714688 3284.427555 3304.966301 3322.043667 3338.881994 3353.990304 3364.430332 3360.672947 3358.781843 3359.825717 3363.410202 3375.207269 3390.592957 3389.969598 3398.551396 3417.961182 3427.168177 3433.515712 3438.697405 3451.642041 3472.282417
-9999.0 -9999.0 -9999.0 -9999.0 -9999.0 -9999.0 -9999.0 -9999.0 -9999.0 -9999.0 3081.211021 3082.451405 3078.394050 3075.287081 3080.735968 3092.706416 3106.876425 3111.941057 3123.466067 3144.303348 3162.405596 3164.735144 3177.282052 3186.346764 3191.990729 3200.550194 3212.012678 3222.584033 3236.400706 3246.437423 3253.586006 3268.245158 3282.297635 3296.710562 3312.202482 3330.925123 3345.501544 3367.715577 3391.112688 3398.467613 3414.161545 3415.956548 3410.826845 3407.978967 3416.121800 3426.163636 3439.840032 3454.438738 3471.814123 3492.671485 3502.093195 3514.080739 3522.303179 3531.882827 3546.449371
-9999.0 -9999.0 -9999.0 -9999.0 -9999.0 -9999.0 -9999.0 -9999.0 3056.943744 3064.809776 3069.795602 3066.062946 3061.059760 3054.619399 3068.730167 3083.520456 3098.661528 3116.280712 3131.042189 3148.448856 3161.364104 3174.992753 3193.642095 3203.033945 3212.157626 3225.601871 3236.980323 3250.128549 3268.853085 3275.092909 3284.578187 3302.273696 3316.285272 3331.431404 3347.878597 3362.720603 3381.525464 3410.234923 3437.745516 3452.784895 3477.530924 3493.684892 3487.255077 3484.779541 3485.289104 3507.307052 3532.459682 3560.427739 3578.490460 3601.048347 3628.404829 3646.639190 3655.464260 3666.163362 3679.599405
-9999.0 -9999.0 -9999.0 -9999.0 -9999.0 -9999.0 3028.876641 3052.956855 3067.709732 3058.581103 3043.833537 3038.035134 3031.174471 3061.278705 3082.872047 3099.344335 3115.090021 3131.592774 3146.710075 3153.999316 3182.103346 3200.118373 3210.563872 3222.434148 3235.340658 3248.184275 3262.813424 3282.527713 3298.532803 3319.058115 3333.853727 3348.944503 3371.034544 3386.906018 3402.413669 3414.813677 3441.127126 3474.550486 3507.937834 3531.415049 3554.953518 3585.428044 3584.822497 3586.228237 3587.546474 3610.440868 3643.353703 3672.402404 3703.600683 3733.582536 3761.243242 3771.424734 3780.120547 3789.754489 3801.992322
-9999.0 -9999.0 -9999.0 -9999.0 2997.140287 3017.646502 3035.809880 3065.310322 3086.648330 3080.981934 3084.618602 3081.829016 3076.560543 3080.641001 3087.784162 3103.918955 3121.854846 3140.121183 3153.179137 3178.811925 3224.082989 3233.791350 3249.610002 3277.559238 3287.122049 3299.624322 3313.680363 3332.741096 3350.101679 3376.065771 3409.223644 3437.273058 3457.509939 3475.669283 3493.662334 3509.700243 3543.518953 3579.384339 3614.059189 3644.801100 3671.082353 3696.363102 3702.840700 3707.489765 3717.154312 3733.692373 3755.791384 3782.837112 3815.798899 3847.448299 3870.469576 3879.545823 3884.690473 3894.044487 3901.542527
-9999.0 -9999.0 -9999.0 2944.302495 2982.132315 3021.273349 3046.321478 3075.834713 3107.365482 3106.508091 3114.256659 3113.245284 3111.306056 3115.683547 3117.862349 3133.066224 3149.763889 3168.049004 3187.688470 3219.879105 3247.803056 3264.597670 3291.031997 3306.146915 3318.091544 3329.703718 3346.823246 3365.705440 3400.767424 3429.648055 3474.550816 3524.024914 3555.377693 3574.208855 3595.735839 3622.381958 3646.757220 3684.547953 3717.929253 3749.453754 3779.222002 3801.074630 3815.245949 3819.772381 3829.057869 3834.757289 3847.298618 3867.966872 3889.919343 3920.100463 3948.952247 3977.195088 3992.127521 4002.921401 4019.745590
-9999.0 -9999.0 2895.995866 2935.357978 2966.433197 3011.614947 3063.952788 3098.254518 3136.774726 3154.807242 3157.059271 3166.727118 3176.041745 3176.049046 3183.815006 3195.355827 3215.934106 3223.534215 3242.449379 3257.479156 3293.842335 3326.895432 3322.823478 3360.375027 3389.386468 3420.549854 3440.595936 3466.196898 3502.772512 3536.130199 3579.771747 3628.721366 3662.517117 3689.946826 3705.310665 3724.912221 3744.871949 3770.483457 3806.426519 3831.903351 3864.875658 3889.949779 3909.369580 3910.367142 3913.041714 3928.894553 3956.605018 3986.764969 4015.066899 4043.391244 4029.232060 4051.667687 4061.689941 4067.281603 4076.073677
-9999.0 -9999.0 2865.694834 2912.066456 2946.347071 3002.780801 3088.399144 3121.836155 3160.899556 3205.154367 3217.916121 3238.191814 3231.461650 3219.930057 3236.582416 3249.969088 3268.990291 3275.451060 3268.803224 3319.859820 3371.347327 3395.794961 3403.081631 3478.126731 3529.006799 3552.076692 3567.865517 3587.494096 3606.906190 3644.832063 3683.808717 3737.365750 3778.152619 3807.533225 3821.747548 3841.203511 3860.356762 3875.251040 3894.403722 3940.202459 3974.788294 4004.924836 4036.186558 4057.232825 4065.260032 4070.077020 4045.450189 4064.196233 4076.909013 4082.391956 4084.563604 4080.792595 4080.216637 4081.030007 4081.956049
-9999.0 2781.192990 2824.847708 2874.991647 2939.010088 2998.640311 3072.743922 3146.797658 3211.567755 3262.392425 3286.601555 3279.202884 3279.218217 3303.766931 3322.193436 3337.934584 3342.372611 3351.454176 3332.151607 3384.139410 3420.404707 3469.702254 3568.296494 3625.599802 3687.028567 3682.964364 3671.373478 3676.354780 3692.322621 3737.982441 3815.535495 3870.626143 3935.064505 3983.006813 3999.669944 4006.877432 4025.249627 4045.726079 3996.159708 4038.011935 4057.269393 4073.338235 4082.242704 4084.457500 4085.694476 4085.464132 4081.787709 4074.788245 4066.625019 4060.789239 4056.562743 4052.059863 4054.495988 4057.822453 4058.030340
-9999.0 2742.819614 2791.363067 2859.200536 2926.239663 2972.895159 3053.434902 3217.927166 3279.057397 3315.783371 3320.602732 3296.507677 3353.605163 3412.355375 3436.051154 3480.204109 3464.385236 3448.916003 3412.191420 3436.927011 3475.156448 3545.203702 3713.771169 3801.413374 3851.846179 3859.732156 3860.631532 3888.540022 3931.988922 3978.503199 4023.359565 3993.351784 4041.507103 4065.202340 4070.153873 4070.846981 4076.163504 4074.734856 4073.248689 4068.817520 4063.668569 4063.831389 4068.422768 4068.264610 4065.306385 4061.931640 4056.234225 4048.811907 4043.607187 4038.978623 4036.319563 4033.479048 4031.526698 4030.806199 4025.966534
-9999.0 2702.424370 2777.398084 2826.118077 2871.553653 2961.791429 3089.473410 3232.157671 3327.257015 3360.158384 3337.468696 3372.144166 3473.672536 3578.490724 3629.912764 3650.459825 3631.376085 3583.460322 3563.680931 3606.636347 3676.233424 3794.290301 3930.851599 4028.936139 4043.985891 4047.288108 4000.459600 4025.656455 4049.010744 4051.782129 4052.878720 4060.656598 4065.720065 4068.654929 4067.088030 4064.195202 4059.380200 4051.189231 4046.383556 4042.702633 4038.931179 4037.771738 4039.770872 4041.588916 4038.769988 4034.873576 4030.396131 4024.817882 4018.510619 4011.749064 4007.434475 4003.181105 4001.047066 3995.514852 3991.991167
-9999.0 2578.633786 2675.368916 2716.033669 2790.025169 2966.823115 3093.454470 3232.390865 3396.055770 3415.658442 3460.352420 3598.184717 3716.167248 3795.632261 3824.210344 3857.320705 3881.597241 3897.419125 3933.764564 3816.289977 3895.691031 3991.769509 4035.704814 4054.756753 4064.371248 4064.735493 4054.886896 4034.103387 4023.367705 4016.611473 4018.220730 4025.498502 4030.177481 4034.966586 4032.663256 4033.716293 4034.799462 4031.571975 4027.552278 4018.831367 4010.979785 4004.285087 4001.030246 4005.726795 4001.070939 3998.700307 3992.506966 3984.068720 3975.121442 3967.744918 3959.781906 3953.217291 3950.982681 3945.971674 3944.780012
-9999.0 2497.814128 2570.381171 2629.579638 2739.810330 2891.207611 2983.421057 3139.871155 3379.235163 3514.186452 3676.503769 3766.440368 3836.334425 3878.275010 3928.443851 3979.925082 4006.550889 4018.049606 3987.580526 4009.395757 3966.757413 3955.722480 3973.165502 4002.185377 4019.205304 4023.257134 4015.381892 4006.189196 3998.924729 3997.800870 3995.632875 3991.579119 3987.465980 3983.880134 3980.739948 3983.698531 3989.002009 3981.889923 3971.628312 3962.181759 3953.666617 3944.446526 3938.495389 3933.846939 3934.210483 3934.475725 3926.844973 3916.353612 3905.500571 3897.214723 3890.019015 3885.516561 3882.848758 3877.885227 3868.263322
-9999.0 2377.093981 2510.381728 2586.291697 2679.939637 2795.801323 2897.695657 3045.856521 3173.914125 3417.218579 3557.628525 3748.391897 3797.657781 3866.971342 3914.311680 3987.129442 3982.590088 3951.174945 3908.126229 3891.930087 3902.914235 3911.855959 3920.134538 3934.657350 3952.272562 3962.357988 3967.297315 3961.234699 3947.026961 3934.602754 3923.547111 3909.914616 3900.539215 3898.064288 3902.056787 3912.020165 3912.556030 3903.250804 3889.142231 3870.932520 3855.341574 3843.549076 3841.535676 3844.296923 3845.386069 3841.330380 3835.521569 3824.772532 3812.187372 3799.789176 3794.101197 3789.768941 3782.378935 3771.187190 3759.348315
-9999.0 -9999.0 2424.338934 2532.641583 2625.545203 2736.080816 2809.360104 2924.914121 3060.734144 3230.300900 3345.780508 3524.793571 3619.253054 3663.077131 3697.040321 3752.600177 3777.681302 3808.698486 3802.816219 3814.381453 3824.139950 3829.403261 3834.677611 3840.455600 3850.948262 3860.733140 3870.906204 3868.100869 3859.269569 3838.798910 3813.184753 3793.261483 3782.787896 3773.564986 3785.636641 3798.161263 3792.682561 3785.777417 3773.149085 3756.949714 3744.384394 3730.157864 3726.709732 3726.646230 3727.255950 3724.965672 3722.453954 3710.049345 3697.817842 3687.947543 3683.952449 3678.375682 3674.826880 3665.069216 3654.531035
-9999.0 -9999.0 2335.796180 2439.629705 2541.202605 2658.359676 2742.146085 2755.042995 2871.294233 2970.106236 3076.143364 3186.183477 3282.117626 3350.167253 3382.713711 3444.600620 3500.364228 3518.560730 3558.363721 3611.852473 3645.866596 3684.961764 3707.805182 3717.221914 3729.680638 3744.059551 3751.501134 3736.305943 3725.033843 3707.965245 3684.590561 3657.986649 3644.506853 3644.013778 3643.104785 3644.692303 3637.114408 3628.181556 3613.754533 3599.838090 3587.665958 3578.757171 3575.195688 3569.677853 3567.425389 3564.736968 3563.068111 3557.856915 3549.638441 3545.097247 3536.983760 3533.316039 3532.577152 3529.578665 3523.923910
