tests/Borden05m/sims/sim_1/output-maps/psiliqL0013N0016.asc
ncols         160
nrows         34
xllcorner     620200.000000
yllcorner     5168000.000000
cellsize      0.500000
NODATA_value  -9999.0
[rows 0 to 24 of 34, columns 0 to 55 of 160]
-9999.0 -9999.0 -9999.0 -9999.0 -9999.0 -9999.0 -9999.0 -9999.0 -9999.0 -9999.0 -9999.0 -9999.0 -9999.0 -9999.0 -9999.0 -9999.0 -9999.0 -9999.0 -9999.0 -9999.0 -9999.0 -9999.0 -9999.0 -9999.0 -9999.0 -9999.0 -9999.0 -9999.0 -9999.0 -9999.0 -9999.0 -9999.0 -9999.0 -9999.0 -9999.0 -9999.0 -9999.0 -9999.0 -9999.0 -9999.0 -9999.0 -9999.0 -9999.0 -9999.0 -9999.0 -9999.0 -9999.0 -9999.0 -9999.0 -9999.0 -9999.0 -9999.0 -9999.0 -9999.0 -9999.0 -9999.0
-9999.0 -9999.0 -9999.0 -9999.0 -9999.0 -9999.0 -9999.0 -9999.0 -9999.0 -9999.0 -9999.0 -9999.0 -9999.0 -9999.0 -9999.0 -9999.0 -9999.0 -9999.0 -9999.0 -9999.0 -9999.0 -9999.0 -9999.0 -9999.0 -9999.0 -9999.0 -9999.0 -9999.0 -9999.0 -9999.0 -9999.0 -9999.0 -9999.0 -9999.0 -9999.0 -9999.0 -9999.0 -9999.0 -9999.0 -9999.0 -9999.0 -9999.0 -9999.0 -9999.0 -9999.0 -9999.0 -9999.0 -9999.0 -9999.0 -9999.0 -9999.0 -9999.0 -9999.0 -9999.0 -9999.0 -9999.0
-9999.0 -9999.0 -9999.0 -9999.0 -9999.0 -9999.0 -9999.0 -9999.0 -9999.0 -9999.0 -9999.0 -9999.0 -9999.0 -9999.0 -9999.0 -9999.0 -9999.0 -9999.0 -9999.0 -9999.0 -9999.0 -9999.0 -9999.0 -9999.0 -9999.0 -9999.0 -9999.0 -9999.0 -9999.0 -9999.0 -9999.0 -9999.0 -9999.0 -9999.0 -9999.0 -9999.0 -9999.0 -9999.0 -9999.0 -9999.0 -9999.0 -9999.0 -9999.0 -9999.0 -9999.0 -9999.0 -9999.0 694.659545 677.415680 661.816117 659.622936 682.238445 705.736930 729.652367 750.368810 769.129928
-9999.0 -9999.0 -9999.0 -9999.0 -9999.0 -9999.0 -9999.0 -9999.0 -9999.0 -9999.0 -9999.0 -9999.0 -9999.0 -9999.0 -9999.0 -9999.0 -9999.0 -9999.0 -9999.0 -9999.0 -9999.0 -9999.0 -9999.0 -9999.0 -9999.0 -9999.0 -9999.0 -9999.0 -9999.0 -9999.0 -9999.0 -9999.0 -9999.0 -9999.0 -9999.0 -9999.0 -9999.0 -9999.0 -9999.0 -9999.0 742.044524 748.001825 749.289958 738.910528 727.820126 715.737902 695.852368 678.178637 663.429124 661.042327 663.860260 669.094155 691.809568 716.615464 736.454223 753.675681
-9999.0 -9999.0 -9999.0 -9999.0 -9999.0 -9999.0 -9999.0 -9999.0 -9999.0 -9999.0 -9999.0 -9999.0 -9999.0 -9999.0 -9999.0 -9999.0 -9999.0 -9999.0 -9999.0 -9999.0 -9999.0 -9999.0 -9999.0 -9999.0 -9999.0 -9999.0 -9999.0 -9999.0 -9999.0 -9999.0 -9999.0 -9999.0 -9999.0 -9999.0 649.434224 666.949098 685.143875 703.661754 720.497346 727.352979 733.237449 739.058548 735.069446 730.562432 719.381451 700.439638 681.090616 667.422261 665.456152 663.180177 667.676160 680.731026 697.705993 714.107477 735.264845 759.031963
-9999.0 -9999.0 -9999.0 -9999.0 -9999.0 -9999.0 -9999.0 -9999.0 -9999.0 -9999.0 -9999.0 -9999.0 -9999.0 -9999.0 -9999.0 -9999.0 -9999.0 -9999.0 -9999.0 -9999.0 -9999.0 -9999.0 -9999.0 -9999.0 -9999.0 -9999.0 -9999.0 -9999.0 653.103841 647.312643 642.430698 641.130546 640.023306 639.087879 646.073732 658.285026 676.476673 698.302523 711.415216 718.786605 725.569091 726.466832 721.621070 719.801247 720.320752 708.708130 697.250595 686.550096 676.248498 674.950595 684.743729 699.083164 715.538066 730.671933 746.402863 757.653634
-9999.0 -9999.0 -9999.0 -9999.0 -9999.0 -9999.0 -9999.0 -9999.0 -9999.0 -9999.0 -9999.0 -9999.0 -9999.0 -9999.0 -9999.0 -9999.0 -9999.0 -9999.0 -9999.0 -9999.0 -9999.0 -9999.0 -9999.0 622.768298 628.683740 635.368233 643.003661 644.108125 640.200767 634.781681 631.949638 630.670466 629.195839 633.884597 642.187429 655.971102 672.003928 694.058525 702.865712 709.206809 721.655591 724.559746 730.405914 734.683338 733.184246 730.564261 718.340937 709.332981 714.674627 720.818603 727.844947 736.063877 749.734932 765.472314 783.242824 803.905135
-9999.0 -9999.0 -9999.0 -9999.0 -9999.0 -9999.0 -9999.0 -9999.0 -9999.0 -9999.0 -9999.0 -9999.0 -9999.0 -9999.0 -9999.0 -9999.0 -9999.0 -9999.0 -9999.0 597.292972 598.302010 599.617819 604.468005 605.479470 607.812396 614.999874 623.361988 625.914365 624.440611 623.230734 625.020894 627.996755 632.612155 644.207359 658.303452 672.769195 686.969242 708.152828 723.218509 737.151476 753.455845 752.973346 749.169198 747.564587 748.334770 748.913417 753.603900 756.802754 763.344986 768.579010 775.402239 785.080797 796.917192 815.672622 836.123275 856.588205
-9999.0 -9999.0 -9999.0 -9999.0 -9999.0 -9999.0 -9999.0 -9999.0 -9999.0 -9999.0 -9999.0 -9999.0 -9999.0 -9999.0 -9999.0 -9999.0 568.345894 570.288900 572.618852 578.162160 581.145939 585.322778 592.459653 593.893679 597.917621 605.302564 610.478468 619.516016 627.823588 635.458425 641.756654 644.796137 652.658987 662.673838 674.942993 690.663329 712.629140 736.073605 752.777293 770.016633 787.473420 788.448652 787.732320 789.232906 790.164779 797.211561 815.271280 821.661139 823.810848 841.208123 855.819205 861.553402 869.762874 889.285633 913.657713 938.145075
-9999.0 -9999.0 -9999.0 -9999.0 -9999.0 -9999.0 -9999.0 -9999.0 -9999.0 -9999.0 -9999.0 -9999.0 -9999.0 522.196521 526.422660 536.015559 545.179080 547.791453 552.176999 558.359038 570.772152 574.628044 581.126102 588.998039 601.075659 609.992464 619.517606 631.710127 640.529276 648.180393 655.678755 661.966743 675.789966 691.550726 707.853479 728.620291 751.108149 772.354727 793.578677 809.903009 824.336533 827.189029 826.573032 829.302889 837.610825 855.581796 875.176697 885.684047 905.361261 929.318398 943.731809 956.392733 965.836275 979.734980 1001.463788 1036.636585
-9999.0 -9999.0 -9999.0 -9999.0 -9999.0 -9999.0 -9999.0 -9999.0 -9999.0 -9999.0 488.530512 490.981746 487.666722 487.769184 492.876435 505.056143 518.792833 525.625189 537.330826 558.398751 576.304776 580.144228 595.095549 605.621081 612.747083 623.749576 637.366688 650.738057 668.228069 681.386951 693.890664 714.367466 731.563088 748.815166 767.329355 788.281929 809.205673 838.923530 866.963240 881.088098 904.660769 917.131266 914.996958 915.803827 925.249937 942.463671 965.227979 990.377354 1013.389210 1039.954315 1058.850889 1074.009197 1085.460496 1098.509255 1114.779367 1149.659092
-9999.0 -9999.0 -9999.0 -9999.0 -9999.0 -9999.0 -9999.0 -9999.0 464.030917 471.296509 477.553743 474.667054 470.249562 466.639704 480.325281 496.309192 512.521923 530.208893 546.478171 564.917963 580.690065 597.478241 617.668036 629.946842 642.239804 658.142529 672.493195 690.548883 712.660029 726.775260 745.031388 767.532626 787.370224 806.434916 826.173922 845.524597 873.634310 908.536219 941.817246 966.205607 995.154074 1019.471806 1019.889110 1023.329321 1028.589764 1055.111419 1085.434450 1116.832707 1143.384897 1171.591208 1201.490817 1219.657274 1230.695097 1243.613606 1259.107288 1277.507188
-9999.0 -9999.0 -9999.0 -9999.0 -9999.0 -9999.0 437.224475 461.478467 476.503495 468.739983 459.407486 455.981115 452.233119 474.730090 496.685750 514.036744 531.151686 549.036111 565.938484 579.883108 614.539221 632.650727 647.913258 667.177832 682.445224 697.763031 716.095712 740.498388 763.731122 795.330385 823.443922 849.455165 877.104885 898.177691 918.269170 938.107797 970.768452 1009.271236 1046.951789 1076.997415 1105.053155 1135.958484 1144.194620 1150.524086 1158.378272 1179.141314 1210.577369 1241.072221 1275.090244 1307.363694 1333.900648 1345.947892 1356.469235 1367.906156 1381.429666 1393.964419
-9999.0 -9999.0 -9999.0 -9999.0 403.755778 424.725834 444.979976 475.792704 498.475484 493.533353 500.543467 500.989347 499.520559 503.240279 510.185894 528.512990 547.233969 566.284781 584.908416 621.229935 665.521161 682.335168 708.351954 741.477447 756.404152 772.745586 789.990693 814.286445 843.015189 878.304763 924.228150 963.478412 990.803424 1015.011330 1037.220567 1060.407986 1094.764330 1132.804738 1170.006376 1204.585195 1234.785043 1260.472473 1273.710671 1281.907551 1293.860281 1310.019502 1331.052587 1358.087616 1388.829715 1420.656334 1445.696454 1459.617415 1467.612468 1478.163299 1488.747618 1500.980316
-9999.0 -9999.0 -9999.0 355.006077 393.675964 431.312455 458.582289 489.651186 521.801425 527.140933 536.189926 541.817361 547.438960 556.420578 565.716517 582.974928 599.036411 614.671566 637.186478 674.837609 711.316504 743.562341 777.178358 806.354988 829.092083 846.392611 865.902399 891.323450 932.379301 971.661224 1023.136530 1077.163689 1114.830471 1139.922552 1162.134765 1189.271257 1214.114062 1249.790666 1284.462700 1317.287137 1348.685917 1373.337143 1392.358145 1400.273566 1409.689719 1418.475558 1434.886190 1456.142353 1477.731088 1506.112994 1534.023473 1557.815895 1571.355998 1581.001300 1596.614377 1612.269331
-9999.0 -9999.0 308.030570 345.636090 380.150887 430.903982 483.887378 518.226500 559.334102 583.853853 591.132708 609.043502 625.775029 633.777476 650.114958 667.763754 684.787519 691.379338 708.100662 741.143585 793.405574 841.566325 867.356556 921.093327 955.837488 983.718045 1001.763704 1029.064607 1064.607549 1107.266541 1156.119203 1205.712376 1244.282573 1275.359829 1291.569289 1310.426870 1332.797960 1356.016081 1388.991317 1417.597707 1448.158101 1473.815943 1495.518867 1503.000210 1508.142477 1523.553291 1546.949599 1571.648374 1595.092971 1617.674466 1623.450009 1633.607900 1638.534309 1641.628035 1645.907265 1648.985198
-9999.0 -9999.0 281.811811 326.520067 367.650888 435.323726 514.130464 551.763387 595.140146 641.065482 660.433912 685.295626 699.741044 712.147923 736.129553 759.389836 770.369071 777.084033 778.017373 834.702337 894.915054 950.395943 1004.218906 1070.702712 1115.950857 1132.397723 1144.895071 1165.739261 1190.855844 1234.017324 1281.653754 1333.170443 1376.059319 1406.254860 1421.924176 1439.254325 1458.826549 1476.199985 1494.582410 1532.135795 1557.906821 1582.600097 1608.462682 1628.282465 1636.407421 1639.529232 1630.791749 1639.035617 1644.772314 1647.548551 1648.699032 1645.721405 1645.333223 1646.277819 1647.479615 1642.665793
-9999.0 193.574242 245.705562 299.314089 368.903027 437.091240 521.521465 602.219469 657.930293 704.612533 734.461459 749.589080 791.249493 835.768905 862.240978 889.895502 892.463408 897.045371 889.235417 937.829281 990.671220 1069.498056 1180.380228 1237.187209 1279.983994 1283.821729 1280.518542 1294.033317 1318.349084 1360.523123 1424.678413 1469.789748 1520.006763 1557.819706 1571.926871 1578.108262 1594.826176 1613.881333 1606.002363 1625.546403 1634.803323 1642.650480 1644.713947 1646.717135 1648.028587 1648.461806 1645.469066 1639.254309 1631.527533 1625.887149 1621.716074 1617.029582 1619.270406 1622.402538 1623.106615 1616.105667
-9999.0 158.515223 218.309109 290.293297 361.926780 432.940128 539.510003 679.239005 731.944817 769.665778 795.554533 825.010773 905.048516 971.026652 1005.710115 1048.984350 1044.979741 1035.750561 1026.882262 1061.932915 1114.203551 1189.275987 1326.722799 1410.150158 1435.914764 1448.563269 1457.221825 1483.433458 1518.481753 1552.428690 1583.048990 1586.968442 1610.135357 1622.002400 1626.064025 1628.132637 1631.851201 1632.795999 1631.518079 1628.845558 1625.179950 1626.199851 1630.762828 1631.030192 1628.516157 1625.445721 1619.653950 1611.658206 1605.460884 1600.046768 1596.523294 1592.855880 1590.780896 1590.482713 1585.893359 1579.874504
-9999.0 130.434140 201.157281 265.564926 333.533430 451.650547 577.225344 711.665767 804.573188 843.813027 874.665569 948.546279 1047.094314 1138.966246 1188.383466 1213.132710 1217.434534 1201.402681 1209.523101 1255.792858 1321.358174 1409.786204 1494.975371 1568.411986 1582.947511 1588.393994 1573.194879 1585.940226 1597.739012 1601.348974 1604.257441 1608.595932 1615.380841 1619.546255 1619.564355 1617.748994 1613.982309 1606.964621 1602.763311 1600.175678 1597.294726 1597.300516 1600.142687 1601.175062 1598.372126 1593.961234 1588.657091 1582.048668 1574.930054 1567.306148 1562.435825 1557.650976 1554.830458 1549.548055 1544.647336 1538.145529
-9999.0 34.589012 121.719160 179.074404 300.181413 472.342592 598.996213 751.109611 895.180813 938.375553 1018.089771 1133.152380 1233.134533 1302.438206 1341.769637 1382.361804 1410.931800 1435.734139 1471.502055 1443.702566 1499.172172 1552.802358 1577.334421 1590.627174 1593.789225 1597.273542 1591.562867 1574.456643 1565.945162 1561.034956 1564.368474 1573.090978 1579.981207 1586.535128 1585.196994 1585.986749 1586.022293 1582.680665 1579.225581 1571.427349 1564.147590 1558.664194 1556.974932 1561.924272 1556.545096 1552.585954 1545.837023 1537.052466 1527.598488 1519.083490 1510.659246 1503.266781 1499.824055 1493.709716 1491.583741 1482.903437
-9999.0 -46.308807 31.311858 125.467274 268.207343 432.908583 568.608822 738.317948 942.562700 1056.763369 1174.327191 1241.664347 1311.823682 1371.578015 1431.816636 1474.563087 1497.921195 1508.536547 1503.523026 1516.126666 1490.650905 1489.014577 1509.810821 1538.211230 1552.998162 1558.690753 1551.780529 1542.478193 1536.681056 1536.830437 1536.744138 1536.497808 1535.914673 1534.553457 1531.779537 1533.569302 1537.787098 1531.722032 1523.417741 1515.509001 1508.322641 1500.158856 1494.601080 1491.006153 1489.235689 1488.291783 1480.211220 1469.266388 1458.124011 1449.312232 1440.999033 1434.739143 1431.638835 1426.187343 1417.983673 1405.444784
-9999.0 -141.384384 -21.851483 75.280367 201.923032 340.704400 471.597455 638.518998 791.828355 1008.455902 1167.704967 1260.219275 1298.038301 1351.788876 1409.337959 1472.177730 1477.276678 1450.405957 1422.513526 1411.834385 1420.558409 1433.837460 1450.165536 1471.944091 1490.591833 1501.104732 1503.722364 1496.937944 1484.267735 1475.929354 1470.229583 1461.405080 1455.090031 1454.348022 1454.867717 1461.491295 1463.521817 1454.322758 1441.517630 1425.791867 1412.012101 1401.546350 1398.409291 1399.293221 1398.783003 1394.804130 1387.512094 1376.700486 1363.893254 1351.902982 1343.993665 1338.091076 1330.906122 1320.795176 1309.558876 1296.851942
-9999.0 -9999.0 -95.423444 16.387708 127.542166 253.073609 373.633390 522.305063 675.663192 859.497421 977.212329 1099.037447 1166.332907 1209.996080 1258.948635 1310.933109 1328.170041 1346.432010 1330.978305 1337.152026 1346.130856 1354.694613 1366.656144 1380.030583 1394.332123 1404.885631 1412.763577 1411.230061 1402.723420 1386.554230 1367.402055 1352.809260 1344.481723 1337.933381 1346.753288 1357.579190 1354.580800 1347.777683 1335.883947 1320.331031 1307.340711 1293.698205 1289.711254 1289.715104 1289.358809 1286.050007 1281.105203 1268.129825 1255.049966 1242.854959 1236.932376 1230.463781 1224.607292 1213.505078 1201.656667 1188.528790
-9999.0 -9999.0 -179.084815 -69.178648 47.973023 173.085684 276.910822 362.693784 518.510545 637.478107 741.442148 837.222383 916.195870 976.792185 1019.820664 1078.408197 1116.369772 1132.008297 1150.486521 1178.830269 1205.140910 1232.906116 1251.809321 1265.649528 1280.263291 1293.768669 1302.834221 1292.042813 1281.739839 1265.900467 1245.612091 1223.470944 1211.938429 1208.124217 1210.474222 1215.594644 1209.897490 1200.231504 1185.953218 1170.218515 1157.109435 1145.465381 1141.077700 1137.568050 1135.951876 1132.733195 1129.194140 1120.315891 1108.782137 1100.747918 1092.290541 1085.955029 1082.499515 1075.364892 1065.813549 1059.069823
