tests/Borden05m/sims/sim_1/output-maps/psiliqL0019N0004.asc
ncols         160
nrows         34
xllcorner     620200.000000
yllcorner     5168000.000000
cellsize      0.500000
NODATA_value  -9999.0
[rows 0 to 24 of 34, columns 0 to 54 of 160]
-9999.0 -9999.0 -9999.0 -9999.0 -9999.0 -9999.0 -9999.0 -9999.0 -9999.0 -9999.0 -9999.0 -9999.0 -9999.0 -9999.0 -9999.0 -9999.0 -9999.0 -9999.0 -9999.0 -9999.0 -9999.0 -9999.0 -9999.0 -9999.0 -9999.0 -9999.0 -9999.0 -9999.0 -9999.0 -9999.0 -9999.0 -9999.0 -9999.0 -9999.0 -9999.0 -9999.0 -9999.0 -9999.0 -9999.0 -9999.0 -9999.0 -9999.0 -9999.0 -9999.0 -9999.0 -9999.0 -9999.0 -9999.0 -9999.0 -9999.0 -9999.0 -9999.0 -9999.0 -9999.0 -9999.0
-9999.0 -9999.0 -9999.0 -9999.0 -9999.0 -9999.0 -9999.0 -9999.0 -9999.0 -9999.0 -9999.0 -9999.0 -9999.0 -9999.0 -9999.0 -9999.0 -9999.0 -9999.0 -9999.0 -9999.0 -9999.0 -9999.0 -9999.0 -9999.0 -9999.0 -9999.0 -9999.0 -9999.0 -9999.0 -9999.0 -9999.0 -9999.0 -9999.0 -9999.0 -9999.0 -9999.0 -9999.0 -9999.0 -9999.0 -9999.0 -9999.0 -9999.0 -9999.0 -9999.0 -9999.0 -9999.0 -9999.0 -9999.0 -9999.0 -9999.0 -9999.0 -9999.0 -9999.0 -9999.0 -9999.0
-9999.0 -9999.0 -9999.0 -9999.0 -9999.0 -9999.0 -9999.0 -9999.0 -9999.0 -9999.0 -9999.0 -9999.0 -9999.0 -9999.0 -9999.0 -9999.0 -9999.0 -9999.0 -9999.0 -9999.0 -9999.0 -9999.0 -9999.0 -9999.0 -9999.0 -9999.0 -9999.0 -9999.0 -9999.0 -9999.0 -9999.0 -9999.0 -9999.0 -9999.0 -9999.0 -9999.0 -9999.0 -9999.0 -9999.0 -9999.0 -9999.0 -9999.0 -9999.0 -9999.0 -9999.0 -9999.0 -9999.0 1896.833928 1879.774265 1865.448715 1862.350965 1884.520548 1908.131598 1932.317785 1953.249399
-9999.0 -9999.0 -9999.0 -9999.0 -9999.0 -9999.0 -9999.0 -9999.0 -9999.0 -9999.0 -9999.0 -9999.0 -9999.0 -9999.0 -9999.0 -9999.0 -9999.0 -9999.0 -9999.0 -9999.0 -9999.0 -9999.0 -9999.0 -9999.0 -9999.0 -9999.0 -9999.0 -9999.0 -9999.0 -9999.0 -9999.0 -9999.0 -9999.0 -9999.0 -9999.0 -9999.0 -9999.0 -9999.0 -9999.0 -9999.0 1944.752806 1950.837473 1951.631024 1941.775687 1930.853478 1918.256177 1898.209079 1880.798701 1867.027753 1865.126659 1868.063812 1872.392692 1894.452447 1919.877768 1940.074065
-9999.0 -9999.0 -9999.0 -9999.0 -9999.0 -9999.0 -9999.0 -9999.0 -9999.0 -9999.0 -9999.0 -9999.0 -9999.0 -9999.0 -9999.0 -9999.0 -9999.0 -9999.0 -9999.0 -9999.0 -9999.0 -9999.0 -9999.0 -9999.0 -9999.0 -9999.0 -9999.0 -9999.0 -9999.0 -9999.0 -9999.0 -9999.0 -9999.0 -9999.0 1851.329943 1868.699182 1886.983886 1905.791767 1922.973811 1930.169376 1936.133224 1941.940013 1937.911509 1933.748128 1922.623790 1902.971861 1883.909660 1870.902455 1869.695202 1867.669895 1872.052512 1884.726180 1901.883871 1917.964206 1939.148838
-9999.0 -9999.0 -9999.0 -9999.0 -9999.0 -9999.0 -9999.0 -9999.0 -9999.0 -9999.0 -9999.0 -9999.0 -9999.0 -9999.0 -9999.0 -9999.0 -9999.0 -9999.0 -9999.0 -9999.0 -9999.0 -9999.0 -9999.0 -9999.0 -9999.0 -9999.0 -9999.0 -9999.0 1855.001596 1849.271585 1844.637251 1843.460235 1842.449283 1841.731001 1848.665801 1860.545758 1878.440564 1900.693717 1914.215157 1921.854041 1928.980783 1929.935003 1924.932947 1923.524269 1924.388117 1912.617934 1901.097002 1890.340190 1879.930075 1878.122221 1887.868693 1902.557073 1919.287315 1934.529412 1950.373705
-9999.0 -9999.0 -9999.0 -9999.0 -9999.0 -9999.0 -9999.0 -9999.0 -9999.0 -9999.0 -9999.0 -9999.0 -9999.0 -9999.0 -9999.0 -9999.0 -9999.0 -9999.0 -9999.0 -9999.0 -9999.0 -9999.0 -9999.0 1824.383341 1829.916396 1836.680867 1844.517054 1845.723788 1842.191790 1836.975756 1834.463191 1833.396416 1831.828100 1836.721794 1844.645965 1858.296593 1874.259816 1896.767015 1905.666059 1911.393546 1923.699920 1927.395434 1934.612040 1939.136305 1937.861971 1934.937737 1921.820538 1911.972528 1916.187813 1921.716079 1929.073604 1937.766796 1951.757506 1966.929248 1983.870561
-9999.0 -9999.0 -9999.0 -9999.0 -9999.0 -9999.0 -9999.0 -9999.0 -9999.0 -9999.0 -9999.0 -9999.0 -9999.0 -9999.0 -9999.0 -9999.0 -9999.0 -9999.0 -9999.0 1799.207501 1800.339760 1801.887481 1806.866192 1807.615651 1809.813852 1816.986590 1825.390425 1828.326268 1826.709056 1825.855808 1827.700847 1830.787337 1835.667244 1847.015322 1861.056194 1875.549081 1889.382163 1910.632048 1925.711247 1939.233930 1955.434624 1955.856562 1952.641042 1951.496579 1952.316469 1952.265393 1954.386580 1956.021592 1962.778877 1966.274249 1971.961821 1981.834520 1994.202240 2012.333091 2031.806531
-9999.0 -9999.0 -9999.0 -9999.0 -9999.0 -9999.0 -9999.0 -9999.0 -9999.0 -9999.0 -9999.0 -9999.0 -9999.0 -9999.0 -9999.0 -9999.0 1770.097899 1772.083228 1774.583819 1780.188874 1783.662454 1787.902686 1795.132797 1796.760818 1800.676583 1808.115044 1813.158134 1822.532926 1831.091173 1838.679544 1844.985302 1847.959787 1855.406185 1865.255644 1877.337681 1892.402656 1913.697405 1937.447368 1953.967623 1971.300547 1989.063950 1990.333486 1989.684255 1991.140515 1991.452914 1996.300855 2013.025683 2018.284924 2017.343994 2031.529029 2045.258798 2050.198182 2058.554828 2078.798886 2102.632531
-9999.0 -9999.0 -9999.0 -9999.0 -9999.0 -9999.0 -9999.0 -9999.0 -9999.0 -9999.0 -9999.0 -9999.0 -9999.0 1721.919838 1726.206129 1736.334063 1746.783226 1749.812568 1754.682933 1761.308421 1773.783035 1777.734811 1784.185899 1791.935894 1804.506688 1813.500563 1822.870543 1835.018918 1843.616949 1851.096664 1858.243461 1863.140926 1876.076664 1891.244399 1906.891966 1927.143000 1949.624897 1969.864710 1990.035326 2006.822739 2020.475980 2021.388127 2021.362805 2024.517435 2031.844516 2048.225448 2066.924639 2073.197585 2088.598857 2111.368622 2124.385639 2135.262354 2144.023503 2158.732497 2181.080567
-9999.0 -9999.0 -9999.0 -9999.0 -9999.0 -9999.0 -9999.0 -9999.0 -9999.0 -9999.0 1690.583539 1692.799187 1689.595531 1688.673927 1694.405482 1706.982041 1721.410220 1727.928589 1740.059628 1761.534140 1780.065725 1783.778810 1798.248174 1808.906260 1816.075668 1826.692228 1840.072869 1852.921924 1869.499112 1882.020340 1892.891651 1911.562858 1928.230029 1945.156078 1963.306610 1984.277821 2003.334876 2030.709059 2057.922309 2070.190314 2091.381080 2100.212043 2098.101770 2098.672469 2108.928647 2124.165908 2143.897802 2165.209469 2186.630155 2211.692455 2227.417514 2242.362748 2253.804870 2266.848367 2284.021433
-9999.0 -9999.0 -9999.0 -9999.0 -9999.0 -9999.0 -9999.0 -9999.0 1665.402557 1673.289942 1679.448097 1676.702438 1672.617195 1668.341993 1682.890433 1699.009486 1715.418827 1733.765591 1750.026638 1768.682266 1783.857706 1799.948439 1820.386576 1832.200551 1843.910935 1859.574540 1873.456066 1890.145018 1911.578860 1922.944579 1938.071165 1959.323608 1977.517097 1995.895208 2015.312259 2033.848951 2059.086817 2092.463120 2124.514741 2146.056732 2174.552255 2196.686000 2195.686526 2198.168996 2202.923629 2228.935058 2258.315670 2289.594971 2314.293746 2341.696761 2372.025508 2391.603097 2403.355021 2417.164352 2433.713283
-9999.0 -9999.0 -9999.0 -9999.0 -9999.0 -9999.0 1637.121989 1661.635378 1677.053490 1669.223610 1658.049575 1654.264369 1649.888532 1676.759474 1699.446286 1717.308269 1734.709850 1752.865899 1769.845003 1781.636326 1814.356592 1833.378874 1847.387853 1864.218483 1879.400083 1894.600807 1912.252401 1935.497860 1956.365868 1983.828214 2006.787427 2028.852787 2055.285729 2075.295753 2094.694859 2112.596385 2143.891562 2181.632488 2219.097677 2248.003407 2276.017732 2309.426589 2316.035128 2322.344981 2329.266355 2352.930275 2386.812145 2418.257354 2453.059787 2486.331241 2515.441786 2529.651000 2541.598158 2554.284791 2569.221771
-9999.0 -9999.0 -9999.0 -9999.0 1603.641404 1624.665622 1644.411366 1675.137956 1697.845928 1693.326196 1699.651044 1699.578726 1697.421955 1702.440085 1710.649594 1729.155105 1748.699854 1768.558481 1785.781698 1818.490192 1864.360154 1878.952890 1901.293006 1933.063026 1946.589610 1962.275310 1979.174115 2002.177816 2026.808377 2059.064249 2100.247670 2135.557825 2161.034350 2184.041698 2206.095989 2227.909518 2264.136347 2303.859665 2342.506640 2377.881032 2408.763363 2437.139173 2450.001001 2459.064661 2472.269025 2490.758329 2514.451823 2544.666551 2578.791807 2612.559229 2638.469987 2651.617436 2660.171221 2672.055198 2682.998400
-9999.0 -9999.0 -9999.0 1552.239474 1591.207392 1629.919664 1656.682603 1687.691019 1720.369422 1723.821002 1733.394174 1737.219848 1740.740692 1749.064501 1756.584364 1774.412944 1792.271219 1810.606142 1833.415845 1869.882316 1903.583441 1929.748347 1961.039267 1984.758522 2003.639446 2019.510455 2039.156925 2062.897172 2102.747430 2138.693422 2188.545355 2242.060046 2278.710423 2303.570025 2328.041208 2357.516789 2384.755838 2424.216464 2461.366803 2496.816913 2531.773723 2558.510487 2578.165806 2587.020337 2598.647964 2608.100745 2624.650196 2647.240611 2670.875593 2701.878040 2732.064760 2762.059727 2778.285160 2790.031810 2807.571846
-9999.0 -9999.0 1504.454884 1543.017786 1576.214211 1625.328257 1678.640545 1713.762438 1754.681975 1777.433052 1783.815544 1799.535523 1814.743867 1820.948236 1835.263860 1852.024868 1872.578462 1881.425989 1900.802173 1926.920707 1973.004758 2015.151207 2028.085259 2075.604735 2109.027011 2139.841103 2160.325260 2188.507979 2226.349601 2266.662192 2315.580383 2367.194264 2405.884056 2438.005827 2456.724949 2478.871457 2503.253012 2532.026538 2569.986549 2600.398659 2634.979288 2663.374544 2686.705996 2693.531942 2699.672043 2717.285172 2744.685127 2776.038368 2803.795459 2830.609251 2828.701382 2846.302924 2854.966365 2860.343091 2867.665363
-9999.0 -9999.0 1476.351606 1521.986363 1560.263021 1623.769334 1706.448734 1743.089880 1785.693350 1832.437107 1850.533929 1875.282716 1882.151454 1885.830158 1908.816828 1929.893629 1946.867304 1955.567165 1954.822529 2010.430794 2067.951672 2110.098055 2143.466193 2215.223714 2264.718683 2286.156004 2302.727204 2325.337419 2350.056373 2392.995655 2439.135706 2494.410685 2540.297497 2572.821367 2590.840564 2612.222582 2634.747171 2654.448178 2676.463343 2721.002077 2756.293669 2786.631785 2817.412976 2839.861767 2849.807886 2855.458305 2841.140588 2856.227771 2866.769473 2872.121204 2874.932335 2872.706322 2873.159552 2874.778211 2876.442403
-9999.0 1385.614900 1437.977175 1490.254695 1557.621041 1622.942910 1703.434081 1782.147405 1843.515996 1893.866216 1923.183381 1930.284531 1955.364995 1993.543917 2019.274939 2044.354386 2050.528524 2059.636073 2048.596659 2100.595510 2147.193256 2213.713195 2320.933002 2379.758843 2433.262513 2435.797085 2431.279883 2443.410034 2466.267446 2512.209596 2586.399179 2639.327838 2699.457235 2747.664229 2766.327142 2775.865382 2796.112167 2818.600316 2794.243134 2826.817672 2843.664055 2857.758480 2865.042382 2868.956932 2871.906468 2873.616067 2871.829564 2866.722639 2860.086769 2855.483168 2852.235305 2848.404584 2851.305005 2854.882918 2855.551871
-9999.0 1349.001562 1407.727680 1478.154273 1548.023784 1608.334493 1704.362697 1856.752972 1914.841324 1953.972254 1972.445590 1980.016840 2052.797969 2119.367250 2152.955683 2200.408621 2194.305841 2185.045903 2165.651298 2197.839943 2245.199767 2319.900817 2474.078594 2562.673938 2602.609474 2615.775288 2623.596508 2653.281448 2694.888127 2739.956680 2780.349857 2771.295514 2808.612697 2828.903254 2835.992878 2839.869178 2846.686350 2848.853360 2849.758462 2848.514797 2846.359414 2848.959031 2855.290323 2856.964783 2855.765430 2854.010706 2849.611863 2843.072487 2838.329341 2834.152444 2831.697661 2828.842012 2827.009679 2826.458564 2821.473761
-9999.0 1315.170194 1387.834181 1449.478252 1507.466659 1613.339261 1741.356537 1880.771531 1976.107155 2014.292273 2023.044922 2082.549282 2187.076389 2290.649474 2346.439152 2374.093363 2371.720976 2344.285823 2342.111326 2388.808577 2457.818111 2562.430612 2673.815865 2764.293962 2782.385336 2789.638419 2762.489474 2783.499566 2803.112093 2809.098988 2813.468138 2821.381314 2829.226066 2834.740158 2835.957822 2835.607482 2833.311925 2827.646749 2824.970063 2823.659905 2822.098129 2823.174200 2827.104247 2829.886544 2828.419284 2825.532595 2821.729552 2816.415004 2810.038893 2803.214271 2798.823307 2794.249607 2791.442994 2785.470370 2780.339736
-9999.0 1206.362331 1297.882878 1347.414217 1446.741337 1626.748658 1754.873855 1901.878008 2056.218946 2090.382896 2157.107512 2287.647853 2402.115069 2483.804753 2524.875905 2567.973162 2599.425682 2623.865043 2662.705904 2595.558476 2663.769530 2740.525107 2776.823624 2795.943813 2804.885011 2809.515802 2804.346679 2787.805257 2780.310570 2776.395818 2780.463391 2789.780633 2796.755556 2803.653740 2803.184418 2805.569225 2807.605203 2805.720213 2803.123024 2796.172648 2789.936425 2785.152174 2783.920247 2789.868297 2785.881999 2783.624596 2777.877998 2769.492703 2758.677351 2750.455975 2741.871380 2734.217591 2730.403629 2723.573695 2720.391699
-9999.0 1125.484190 1200.706506 1278.625047 1406.307004 1570.662251 1687.703387 1852.017940 2073.526663 2199.143832 2341.197390 2424.448552 2502.255017 2561.545261 2623.928783 2679.229186 2709.755621 2724.817675 2710.994889 2729.921851 2697.586787 2693.171807 2715.681458 2746.875260 2765.036170 2772.217761 2766.981423 2759.589791 2754.634433 2755.357372 2755.124032 2753.671738 2751.882685 2749.999222 2747.771621 2751.031916 2756.767537 2751.012643 2741.056826 2733.035687 2726.052686 2718.244757 2713.309657 2709.971756 2709.851088 2710.009780 2702.505572 2692.032777 2681.574950 2672.692698 2664.124546 2657.590571 2653.311764 2646.338587 2635.267068
-9999.0 1018.568853 1144.348511 1231.591943 1342.918215 1476.962675 1595.205130 1754.986594 1897.620276 2128.276205 2282.550453 2425.658573 2476.309995 2544.502149 2603.818857 2679.852921 2686.218350 2660.906540 2628.688936 2617.817246 2629.665072 2642.649118 2656.951704 2677.252822 2697.310356 2709.428766 2714.745694 2709.608735 2697.134409 2687.391732 2679.331146 2668.154514 2660.219239 2658.592710 2660.863306 2669.435968 2671.394568 2662.986089 2650.943882 2634.567604 2620.479886 2609.970659 2607.896238 2610.122576 2610.711246 2606.880773 2600.215930 2589.141379 2576.019183 2562.996226 2554.931023 2548.319019 2539.337428 2526.551322 2511.654204
-9999.0 -9999.0 1064.966948 1175.071082 1277.620084 1396.045107 1501.632516 1635.764141 1783.116688 1962.024609 2081.604099 2234.106729 2319.712048 2369.395620 2417.081820 2477.013457 2503.129244 2532.136620 2524.579738 2535.961461 2547.535469 2556.468763 2567.119181 2578.778482 2593.013195 2604.727932 2614.938380 2613.752495 2605.596310 2587.488166 2565.017704 2547.444050 2537.585710 2529.406199 2539.582757 2551.293314 2547.435963 2541.000839 2529.150914 2512.661576 2500.033348 2486.433311 2482.996823 2483.197569 2483.375717 2480.404485 2476.127083 2462.572832 2448.941249 2436.665412 2430.283034 2422.721526 2416.328277 2404.240018 2391.546050
-9999.0 -9999.0 979.030892 1086.006897 1195.811624 1316.989563 1411.265172 1463.277003 1610.055940 1722.497192 1829.803210 1935.376166 2026.074408 2094.556234 2137.144172 2201.523976 2251.718392 2272.256562 2304.210518 2346.934617 2379.030407 2413.916520 2436.413908 2450.050591 2465.234922 2480.413789 2489.700607 2477.482946 2466.922955 2450.252172 2427.860736 2402.923987 2389.803807 2386.972649 2387.487844 2390.861669 2384.353962 2375.249305 2361.352084 2347.208388 2334.980242 2324.892240 2321.084360 2316.744083 2314.789833 2311.556242 2308.263403 2299.870737 2288.857459 2281.338560 2271.789788 2265.324108 2261.715043 2255.096326 2246.003316
