tests/Borden05m/sims/sim_1/output-maps/psiliqL0028N0016.asc
ncols         160
nrows         34
xllcorner     620200.000000
yllcorner     5168000.000000
cellsize      0.500000
NODATA_value  -9999.0
[rows 0 to 24 of 34, columns 55 to 109 of 160]
-9999.0 -9999.0 -9999.0 -9999.0 -9999.0 -9999.0 -9999.0 -9999.0 -9999.0 -9999.0 -9999.0 -9999.0 -9999.0 -9999.0 -9999.0 -9999.0 -9999.0 -9999.0 -9999.0 -9999.0 -9999.0 -9999.0 -9999.0 -9999.0 -9999.0 -9999.0 -9999.0 -9999.0 -9999.0 -9999.0 -9999.0 -9999.0 -9999.0 -9999.0 -9999.0 -9999.0 -9999.0 -9999.0 -9999.0 -9999.0 -9999.0 -9999.0 -9999.0 -9999.0 -9999.0 -9999.0 -9999.0 -9999.0 -9999.0 -9999.0 -9999.0 -9999.0 -9999.0 -9999.0 -9999.0
-9999.0 -9999.0 -9999.0 -9999.0 3797.616491 3792.342817 3787.643361 3783.186427 3774.727328 3765.397835 3757.616397 3753.392936 3752.178717 3751.314264 3750.621204 3755.390019 3763.409310 3770.970006 3777.752992 3780.118876 3782.403982 3784.152271 3784.300791 3783.132100 3779.849499 3776.451320 3773.023585 3771.260055 3763.995368 3752.891633 3744.647841 3741.959305 3746.086501 3750.397363 3752.842751 3757.902873 3768.215865 3778.767397 3787.340863 3799.997672 3807.187094 3812.555471 3815.072234 3811.091667 3807.856429 3803.852346 3797.544510 3786.435409 -9999.0 -9999.0 -9999.0 -9999.0 -9999.0 -9999.0 -9999.0
3742.560844 3760.887046 3781.985154 3785.056588 3773.251390 3768.128714 3764.993552 3763.367233 3759.199036 3750.712700 3745.593108 3740.068572 3737.260339 3737.210127 3737.007267 3740.537936 3751.325346 3759.023017 3763.482750 3766.073469 3768.893193 3767.058794 3766.178142 3765.907001 3762.946565 3759.396868 3755.964493 3754.056957 3755.642055 3748.022706 3741.926279 3737.936581 3734.763552 3737.527195 3740.256248 3745.017000 3754.117678 3761.966471 3769.897923 3785.201079 3798.497321 3804.260557 3801.711836 3797.191154 3793.377383 3785.855856 3774.995119 3765.066292 3757.240881 3751.306719 3746.002143 3739.500322 3746.019754 3754.127645 3763.395723
3725.736417 3744.875011 3765.329234 3767.810178 3757.585452 3749.913902 3742.754380 3743.284549 3746.889626 3743.662646 3738.770346 3730.489423 3740.690156 3741.575795 3742.127283 3745.209817 3746.807552 3752.155156 3754.435420 3759.681846 3768.572524 3771.317514 3771.659417 3771.612253 3769.528897 3766.179182 3764.120223 3761.250262 3755.902120 3753.949182 3753.461314 3751.985072 3755.912777 3757.426061 3760.514618 3755.206376 3759.761948 3766.019397 3773.006208 3778.365796 3784.426208 3786.731792 3783.447450 3784.285154 3775.977692 3762.388252 3752.774414 3745.523625 3746.149078 3743.294418 3735.417351 3721.598464 3730.160745 3746.430067 3751.308331
3730.161951 3738.987907 3749.299866 3751.669352 3746.580617 3748.879607 3750.636632 3751.733150 3749.765431 3746.074582 3741.249668 3751.263870 3759.307449 3760.539339 3762.796391 3766.695974 3767.682726 3756.898999 3754.841926 3761.863309 3771.320529 3776.282409 3776.370123 3775.871291 3771.849572 3770.584867 3770.329721 3768.525572 3767.746895 3769.110249 3766.253149 3768.896249 3774.313921 3777.680050 3772.864911 3764.568107 3767.038389 3775.606228 3784.886417 3792.518759 3802.609771 3813.301620 3813.799207 3809.476880 3801.075944 3788.836257 3766.578976 3749.432935 3738.503525 3730.431810 3723.217616 3726.739644 3721.851045 3736.151828 3738.042231
3714.212630 3735.440720 3755.245512 3760.722046 3754.652280 3751.073162 3750.015464 3750.562096 3749.342640 3749.324293 3757.374806 3768.774606 3779.387032 3781.178329 3782.792782 3781.294336 3773.948970 3763.560226 3760.995363 3773.934392 3790.665674 3798.385515 3797.642151 3792.670629 3795.110948 3795.430765 3796.257973 3793.118168 3793.597488 3790.536367 3795.218714 3802.893865 3810.990419 3809.695724 3797.239513 3784.756104 3784.922398 3790.814622 3798.352041 3806.148514 3816.281893 3825.300602 3820.546387 3815.721868 3808.787872 3783.668025 3761.772215 3747.917766 3748.320215 3749.233630 3744.942313 3743.174313 3742.727585 3739.170837 3739.585477
3749.328495 3768.187416 3788.401131 3800.862962 3794.594991 3787.192596 3779.000452 3779.089671 3779.020900 3784.446539 3794.342651 3806.282945 3827.577197 3826.461669 3826.427607 3824.420897 3811.205622 3797.813070 3788.006399 3810.726906 3821.868086 3828.752260 3825.451706 3829.773116 3838.190283 3834.759070 3828.733059 3816.375332 3821.859173 3827.483061 3842.642515 3850.769339 3856.283200 3851.173837 3836.829439 3829.896063 3831.900076 3839.048450 3840.811878 3850.120803 3858.639872 3873.529355 3872.056006 3869.627317 3850.130346 3813.074357 3784.532282 3773.147227 3785.444544 3779.980613 3773.648549 3774.134929 3763.574498 3757.010330 3760.015990
3779.462805 3792.243756 3808.179944 3824.466377 3814.962796 3804.893540 3787.899289 3784.358431 3788.005321 3798.193740 3815.486291 3832.718276 3852.060425 3849.278996 3841.214027 3850.887247 3843.824728 3832.746355 3825.343327 3848.390838 3858.191167 3868.196263 3873.305668 3885.959146 3896.238224 3878.639438 3860.779957 3849.552594 3856.876875 3883.428796 3906.686310 3911.467715 3910.201849 3909.107857 3892.794219 3888.221576 3885.315491 3886.511265 3884.363618 3882.815801 3909.261296 3931.575465 3931.527890 3910.172977 3887.525038 3847.260743 3809.355396 3786.112001 3801.094735 3797.553287 3801.446630 3792.032571 3780.834902 3775.080210 3773.647750
3826.638155 3847.213937 3863.089321 3885.185913 3874.637081 3850.647518 3833.425964 3835.742309 3849.505938 3857.805389 3876.870413 3893.012420 3918.067374 3928.883815 3939.008928 3942.979363 3936.161634 3927.695732 3915.864490 3922.282855 3947.325441 3958.968570 3966.987535 3975.066689 3987.792956 3987.380437 3979.788203 3977.746008 3982.327691 3996.863928 4012.244077 4019.036826 4021.752194 4023.914947 4009.171069 3995.808562 3994.463372 3989.487626 3989.077549 3988.531275 4001.350809 4023.348789 4019.865869 3981.535274 3954.525942 3918.767593 3879.910481 3850.630816 3846.031459 3866.928267 3865.990821 3849.926630 3840.690593 3815.959789 3812.469716
3893.988412 3926.812060 3950.913585 3960.675929 3967.374896 3951.164486 3948.625944 3952.953692 3961.651728 3964.628521 3970.991579 4003.584395 4037.433704 4061.975149 4084.692539 4091.753492 4079.163446 4069.399307 4055.627402 4046.939885 4059.153518 4076.977303 4094.898280 4109.780212 4121.182562 4123.032508 4121.395667 4121.428707 4124.750341 4127.783951 4132.351414 4141.265379 4149.021744 4157.495818 4165.057995 4153.834361 4136.742199 4127.920440 4119.607887 4119.444696 4121.240738 4125.928300 4127.093688 4108.706568 4064.674204 4032.239930 3999.776059 3981.360063 3969.096764 3970.792586 3952.516520 3927.579680 3874.955624 3837.790966 3806.790859
3978.335190 4023.480307 4052.892859 4069.239211 4081.783356 4077.987077 4079.912938 4080.829538 4084.364278 4086.403465 4088.537759 4116.308891 4158.994894 4199.141191 4230.950966 4230.231779 4215.756916 4204.266502 4195.382080 4180.333443 4176.313077 4189.890664 4206.177216 4227.343927 4237.675677 4243.183814 4239.417081 4239.614112 4241.689189 4244.118901 4246.353780 4250.336529 4260.534955 4276.295286 4291.467282 4290.244154 4270.164157 4251.924545 4236.037208 4234.328060 4232.429561 4227.555330 4230.209709 4232.187898 4214.566557 4181.818123 4140.851108 4100.376147 4084.965926 4070.520760 4059.673174 4042.212827 3998.665871 3928.869355 3887.522113
4094.365693 4130.221312 4159.630805 4190.286155 4204.728862 4206.170476 4203.236558 4201.644525 4208.771597 4210.999234 4215.984974 4232.756851 4266.842891 4303.952312 4334.546053 4349.795989 4341.258121 4322.215923 4298.971001 4288.226946 4284.994752 4288.970774 4299.143326 4313.066861 4333.526312 4353.793080 4359.688716 4360.612246 4357.874504 4360.396806 4362.074633 4362.215211 4365.547060 4374.876581 4385.391872 4388.946802 4380.496310 4358.253428 4333.903697 4322.989550 4316.795404 4313.502817 4315.008706 4320.838364 4324.658326 4309.000886 4271.595678 4225.310544 4195.525162 4181.259255 4168.693950 4154.162657 4141.062817 4105.123706 4083.124426
4205.044208 4220.934471 4250.149089 4279.786617 4302.434398 4317.018014 4316.839160 4319.484275 4324.382214 4331.353970 4346.508751 4370.984264 4391.350243 4415.466951 4443.465665 4460.697762 4465.927738 4463.834597 4459.136631 4460.209015 4460.612635 4388.930848 4395.990404 4403.039606 4422.541698 4439.744972 4446.042120 4446.769632 4443.867012 4445.889723 4446.762813 4446.601119 4446.221432 4449.106159 4454.898075 4457.111721 4454.375089 4440.269355 4462.122857 4441.260185 4427.331002 4418.866743 4410.402559 4402.106398 4392.567452 4382.443363 4361.247207 4329.083188 4294.004654 4273.306500 4265.802378 4259.488261 4250.299427 4244.227370 4226.440746
4304.613831 4315.247599 4334.291748 4357.915938 4393.698552 4418.390790 4430.181019 4439.812981 4444.565134 4459.042853 4476.617854 4458.017020 4467.525296 4477.364596 4487.140985 4490.498279 4491.459552 4491.015994 4488.571988 4487.685313 4485.070469 4481.852341 4471.120021 4472.759033 4474.818646 4477.474929 4481.269944 4480.215344 4481.375199 4484.345922 4482.515788 4476.315815 4472.105062 4470.525091 4471.656924 4479.189796 4482.777866 4483.781226 4479.833886 4478.830935 4477.690871 4473.798786 4468.939589 4462.089550 4453.327005 4470.912716 4458.243213 4428.807583 4386.477135 4343.396561 4336.829666 4339.723285 4339.280562 4337.830077 4332.081853
4434.927132 4449.223377 4464.632230 4437.810221 4463.377885 4476.462418 4482.580518 4487.112703 4490.060239 4493.706851 4490.746310 4487.827503 4482.865106 4481.206632 4479.822505 4477.352296 4477.970596 4476.080404 4471.950333 4467.752739 4459.379613 4447.554557 4436.371886 4432.543013 4436.783239 4442.564369 4447.935851 4452.705692 4456.541895 4456.290313 4450.614309 4441.992086 4434.281338 4432.673726 4439.683707 4445.502536 4452.367676 4453.300750 4451.897371 4449.274574 4448.910888 4445.423323 4445.563416 4452.832887 4468.047564 4470.078318 4476.832789 4475.870894 4456.818730 4422.319272 4438.291333 4418.046589 4424.567342 4419.837118 4408.312269
4481.673643 4484.844852 4482.978755 4482.038700 4475.520068 4469.363492 4468.550675 4472.606286 4479.720915 4480.718110 4473.593492 4464.868426 4457.493954 4449.830288 4447.380884 4446.949351 4446.763107 4447.338386 4441.993399 4432.247386 4414.717104 4403.056206 4391.963084 4386.004246 4381.746331 4384.849176 4396.484213 4409.336994 4414.500845 4404.548891 4395.795637 4383.627322 4375.502697 4375.996195 4376.751458 4386.434351 4404.073358 4412.374880 4413.215675 4406.405725 4399.430746 4392.582504 4389.277084 4395.685830 4411.219838 4428.519603 4444.759304 4454.251910 4462.159340 4469.510335 4466.690688 4469.827843 4471.554064 4469.116869 4473.126141
4476.378108 4469.252499 4462.128285 4456.718272 4450.256243 4444.996146 4443.091722 4444.814286 4446.498649 4442.162553 4435.781706 4425.727009 4414.559905 4404.760149 4396.729802 4397.768619 4400.147968 4401.953740 4394.385638 4378.679615 4360.612024 4347.006751 4333.052525 4329.085992 4322.908038 4314.408043 4324.448723 4344.877741 4352.564784 4335.799743 4324.621305 4309.116826 4302.679204 4298.451543 4299.067666 4307.934079 4331.178641 4356.538626 4358.874458 4347.622928 4336.430036 4331.756254 4328.450637 4332.749508 4349.337691 4370.582619 4387.176179 4397.964311 4403.336723 4411.154282 4420.627546 4435.504088 4450.842847 4463.619834 4467.496606
4450.814430 4443.008069 4435.293983 4427.592722 4420.651804 4414.383341 4410.020807 4408.037997 4403.738075 4397.524508 4390.402610 4368.168208 4355.539812 4342.279522 4326.950246 4322.869256 4317.581805 4318.474965 4306.807464 4299.265091 4283.160643 4267.752045 4252.063479 4238.000628 4232.260838 4225.341554 4222.304764 4235.363075 4243.680310 4235.014741 4225.437165 4215.260624 4211.107500 4207.735455 4210.373329 4220.909232 4239.960226 4258.302173 4267.151702 4260.005518 4259.666021 4260.315423 4258.754179 4265.346319 4275.494891 4293.222376 4316.168675 4335.987183 4346.151339 4352.964737 4362.107291 4376.690713 4391.008029 4405.616390 4424.012269
4420.110360 4410.699740 4400.681148 4390.828025 4380.220962 4369.555729 4362.874530 4365.760540 4359.762761 4354.195027 4329.696836 4272.397357 4250.454444 4231.147891 4214.569782 4207.510329 4198.742098 4180.656815 4172.029558 4167.964498 4172.138265 4158.457747 4140.900346 4122.823265 4117.981631 4114.577878 4095.273510 4088.522271 4088.468288 4107.569589 4101.819007 4101.627614 4104.498669 4102.168695 4103.049723 4115.656859 4122.464773 4126.906829 4133.898705 4140.262501 4151.833943 4160.503931 4172.344119 4189.967861 4200.419524 4215.370689 4235.607949 4261.889638 4278.006031 4287.610587 4297.972456 4313.292022 4329.469981 4347.411331 4369.969967
4385.152778 4367.957539 4353.091873 4338.621838 4325.807399 4312.822488 4296.301616 4298.320001 4296.377352 4285.590124 4227.476510 4186.930320 4152.627286 4135.558509 4111.460174 4097.324080 4079.650995 4038.352055 4020.140896 4020.984754 4038.185858 4036.142218 4021.257912 4009.898525 4000.196468 3990.206968 3971.349427 3950.238917 3956.666360 3976.690538 3978.974709 3983.570536 3992.402537 3992.220259 3984.737653 3980.069416 3991.579202 3996.464081 4008.061344 4027.316334 4032.473518 4050.793916 4086.467613 4099.197105 4114.255063 4132.275146 4152.373527 4174.345867 4197.475404 4211.725252 4227.037934 4245.400668 4262.034886 4282.254436 4304.673928
4333.268192 4301.385826 4279.865138 4262.251498 4242.649717 4214.212955 4194.218719 4191.918371 4185.849463 4154.394940 4100.544555 4065.956875 4044.006949 4022.275511 3999.507039 3974.534628 3934.698529 3899.175867 3877.001275 3895.336826 3907.652393 3921.983518 3911.278621 3901.056245 3891.659627 3872.626266 3855.460298 3837.868175 3849.546494 3858.280379 3879.976479 3887.757397 3891.791381 3898.547313 3897.026165 3884.654121 3876.949550 3884.795643 3894.529912 3906.882143 3930.428885 3967.463144 3992.266961 4010.699806 4031.035300 4049.224961 4070.081031 4092.630780 4115.496861 4132.486709 4150.549259 4168.653296 4189.273650 4207.807511 4230.011736
4250.352388 4222.130932 4195.977920 4172.768076 4139.884096 4091.746571 4077.436695 4068.383117 4044.285680 3994.095358 3952.613188 3935.280566 3925.016336 3902.313473 3882.182542 3852.834016 3818.410787 3798.143814 3777.692590 3789.242355 3800.659253 3823.215328 3815.464783 3809.928365 3807.912029 3792.570427 3779.555884 3762.678057 3768.732200 3781.548073 3806.720920 3813.260313 3817.630447 3827.694235 3827.028022 3821.773093 3801.905043 3808.060347 3818.856729 3833.695763 3865.570443 3887.537102 3909.446118 3931.106274 3949.998712 3970.994319 3992.520528 4014.907474 4041.139160 4060.354419 4078.950147 4100.065647 4118.564801 4131.607852 4146.370853
4140.124283 4116.798331 4098.182748 4074.236279 4029.938990 3986.032984 3943.580683 3914.324260 3858.654768 3823.627056 3807.128273 3810.527160 3800.418779 3782.154180 3764.603036 3746.494499 3726.323379 3709.170265 3684.415208 3690.785366 3707.985832 3726.300474 3729.847674 3732.346449 3731.656253 3723.156700 3709.969761 3696.466530 3700.335331 3718.043261 3736.418796 3747.242577 3755.287027 3763.072439 3762.611574 3752.182311 3741.488407 3745.745198 3761.133411 3776.877380 3793.104150 3812.746781 3832.653550 3852.384460 3874.160217 3895.890544 3917.857783 3941.783118 3967.824670 3988.688313 4011.620172 4035.231756 4050.381601 4057.623425 4063.257860
4036.773118 4018.839669 3996.440315 3969.033605 3927.088604 3888.377189 3848.351916 3799.395633 3766.962010 3739.812800 3736.611473 3723.294965 3712.486345 3700.286022 3681.427038 3667.042315 3654.460331 3634.393632 3627.265635 3635.756331 3649.876705 3657.692590 3666.059010 3664.667811 3662.972295 3658.228300 3644.514067 3642.119943 3652.657727 3667.839962 3681.216420 3693.150907 3700.043806 3704.786847 3701.482129 3691.819691 3689.383200 3697.259298 3712.306284 3724.882248 3738.255453 3757.737331 3776.368404 3796.729447 3817.913376 3838.550807 3861.622518 3885.423421 3910.242642 3936.534756 3957.518716 3974.169910 3981.176738 3988.965205 3985.596202
3912.855159 3903.527393 3878.434435 3850.667190 3823.194793 3792.503418 3770.881913 3741.302784 3712.997546 3685.840625 3661.385214 3651.871652 3648.192343 3637.485791 3622.659475 3613.473729 3599.572615 3592.660395 3601.328537 3602.767020 3610.476003 3608.226460 3609.758998 3607.952117 3607.904822 3606.650439 3602.082064 3615.464687 3621.751147 3634.757349 3644.499334 3654.207027 3659.722428 3662.942177 3664.209011 3660.356484 3666.538706 3671.847693 3684.666463 3694.909761 3707.069184 3725.645253 3741.107525 3758.413816 3779.043491 3800.373359 3822.446675 3846.433484 3872.846981 3895.739700 3911.350697 3915.800962 3922.960537 3921.693757 3907.637138
