tests/Borden05m/sims/sim_1/output-maps/psiliqL0005N0006.asc
ncols         160
nrows         34
xllcorner     620200.000000
yllcorner     5168000.000000
cellsize      0.500000
NODATA_value  -9999.0
[rows 0 to 24 of 34, columns 56 to 111 of 160]
-9999.0 -9999.0 -9999.0 -9999.0 -9999.0 -9999.0 -9999.0 -9999.0 -9999.0 -9999.0 -9999.0 -9999.0 -9999.0 -9999.0 -9999.0 -9999.0 -9999.0 -9999.0 -9999.0 -9999.0 -9999.0 -9999.0 -9999.0 -9999.0 -9999.0 -9999.0 -9999.0 -9999.0 -9999.0 -9999.0 -9999.0 -9999.0 -9999.0 -9999.0 -9999.0 -9999.0 -9999.0 -9999.0 -9999.0 -9999.0 -9999.0 -9999.0 -9999.0 -9999.0 -9999.0 -9999.0 -9999.0 -9999.0 -9999.0 -9999.0 -9999.0 -9999.0 -9999.0 -9999.0 -9999.0 -9999.0
-9999.0 -9999.0 -9999.0 -695.605024 -701.284841 -706.927845 -712.252767 -721.692103 -731.165404 -740.205666 -744.376871 -745.465048 -746.550840 -747.122022 -741.928008 -734.199374 -726.761902 -719.623329 -717.417492 -715.107975 -712.811871 -712.333372 -713.755921 -717.104064 -720.460872 -723.945033 -725.397928 -733.984449 -745.583784 -754.731891 -757.550195 -752.970834 -748.397086 -745.840774 -739.515753 -728.448830 -717.367614 -708.682232 -696.945252 -691.590499 -686.284090 -682.691045 -686.446115 -689.698407 -692.972134 -697.100876 -707.934341 -9999.0 -9999.0 -9999.0 -9999.0 -9999.0 -9999.0 -9999.0 -9999.0 -9999.0
-732.989891 -713.985939 -710.843601 -721.603116 -726.459011 -729.988247 -732.499126 -738.056011 -747.196989 -752.921717 -758.683212 -760.478246 -760.751103 -760.913424 -756.834125 -747.264579 -739.405880 -734.740640 -732.524815 -730.275919 -730.029463 -730.590205 -731.115751 -734.121870 -737.620685 -741.105498 -742.943338 -743.171453 -750.865448 -756.133321 -759.340920 -760.295387 -757.895664 -755.622599 -752.825688 -742.987897 -734.508535 -726.030109 -711.948414 -699.643155 -694.312494 -696.408778 -701.181416 -704.446156 -710.210621 -719.419835 -729.638682 -740.296264 -747.434310 -752.511349 -757.210268 -750.833921 -744.430414 -733.706966 -723.017289 -710.766102
-750.111216 -730.741840 -728.138868 -739.378432 -748.211965 -752.460189 -752.782463 -751.143501 -755.290190 -760.324906 -764.223257 -757.101579 -756.141691 -755.175071 -752.195889 -748.709319 -747.031694 -744.345391 -739.224456 -730.455351 -728.055663 -727.709642 -727.728325 -729.660309 -732.857342 -734.694145 -737.539554 -742.830445 -743.654505 -743.141274 -742.933759 -737.521448 -736.049250 -734.912431 -742.169306 -738.934270 -732.551967 -725.549017 -718.149043 -710.822406 -705.575551 -708.331716 -709.448343 -717.236445 -730.502126 -741.702888 -750.177742 -752.802739 -755.590311 -762.834740 -774.403303 -767.391550 -751.579653 -746.640124 -742.486230 -730.139844
-759.114561 -747.490085 -744.873431 -750.358062 -749.974874 -748.948060 -747.794805 -749.796350 -753.146955 -754.482577 -741.517238 -732.240102 -730.921943 -728.301443 -725.301360 -727.123000 -739.968723 -742.906851 -734.361144 -723.985550 -718.191089 -718.306346 -718.534741 -719.924098 -721.077963 -721.760235 -724.380667 -723.100561 -720.419279 -719.319584 -713.933157 -708.309758 -705.653946 -714.830684 -724.154628 -723.884491 -716.250494 -708.363291 -700.846009 -689.481525 -677.273190 -678.435129 -683.904148 -692.263876 -705.452702 -728.463050 -748.222622 -758.164721 -764.000524 -770.380472 -771.344814 -772.704759 -762.227454 -760.059093 -758.137550 -748.988008
-755.911570 -735.221612 -727.123889 -733.805080 -740.349653 -744.679749 -744.583374 -744.565448 -741.005033 -727.444431 -713.750292 -698.538999 -696.404025 -694.253726 -694.778044 -705.175992 -715.676716 -720.440553 -705.230535 -689.866579 -681.868900 -681.065025 -680.101604 -671.365501 -674.005637 -677.370411 -683.462138 -680.936204 -677.504243 -665.270527 -657.986441 -651.600221 -653.695528 -665.343165 -675.989091 -678.086214 -676.584763 -675.129847 -669.300542 -658.471848 -647.671420 -652.055431 -659.241683 -669.408396 -698.237839 -726.344383 -743.093974 -741.587049 -740.522080 -744.519153 -747.248316 -750.831941 -758.555278 -758.585381 -758.660667 -758.829122
-708.806239 -690.662920 -674.595216 -681.306581 -690.740071 -702.903675 -703.082565 -699.619295 -691.509995 -678.433417 -659.767023 -635.934684 -632.495740 -628.782946 -624.363466 -635.103409 -647.252867 -659.551581 -644.814203 -635.681141 -626.702074 -622.968860 -610.748093 -600.514144 -606.132909 -615.577540 -625.103848 -618.687396 -603.913064 -589.094507 -583.299533 -580.473409 -579.571342 -588.936747 -593.896412 -597.025048 -597.170852 -601.492366 -599.009644 -587.064477 -570.798909 -569.702172 -580.924031 -603.494616 -638.477364 -673.663640 -696.594052 -692.552846 -698.324028 -703.588100 -707.813395 -721.882506 -733.465067 -733.586244 -742.886576 -748.994989
-664.148610 -646.845048 -629.438170 -633.359480 -645.658104 -658.244433 -658.431969 -650.338688 -641.978505 -623.871590 -599.777830 -574.862949 -561.693064 -553.063572 -544.013455 -551.357825 -560.856851 -570.596248 -566.459898 -553.331094 -540.629347 -528.064855 -514.539284 -501.118410 -506.707545 -516.455370 -518.744905 -514.564172 -497.277543 -481.503299 -474.887536 -470.694784 -463.527392 -468.894702 -478.729790 -489.912119 -500.537502 -509.571275 -515.258563 -499.876185 -484.008247 -485.638746 -511.273799 -536.112242 -569.264097 -604.963888 -639.276468 -645.378706 -645.077726 -646.214775 -661.623989 -676.813812 -696.480924 -708.040321 -716.713302 -732.031260
-574.556259 -553.380821 -534.244673 -528.643362 -543.655595 -548.159889 -543.490213 -532.587582 -527.502533 -514.803292 -482.868318 -436.084841 -391.696034 -343.622335 -333.037326 -354.971182 -375.861418 -402.278250 -414.869390 -396.246606 -373.853977 -346.823898 -314.323278 -276.008642 -244.245283 -239.897390 -236.803517 -226.863362 -212.989330 -183.436742 -133.937237 -88.311532 -67.823491 -65.179553 -85.469939 -132.988007 -203.925730 -253.369043 -270.620288 -280.629092 -265.845118 -269.630744 -321.896673 -379.697038 -428.938159 -476.776668 -513.698347 -537.556602 -536.957742 -551.088862 -567.896511 -590.000089 -627.277984 -647.374021 -664.268064 -694.667467
-472.644338 -434.648930 -407.482732 -379.011859 -376.837136 -371.465983 -366.299368 -355.355108 -343.421835 -317.613661 -182.674879 -80.088691 -32.667849 -6.081408 2.945864 -6.263959 -15.019344 -24.436082 -32.790690 -31.884125 -19.065079 -2.861647 13.722211 26.573642 33.198330 33.590803 35.518259 39.601208 47.044068 57.819884 75.858176 94.800293 109.591920 120.277320 110.812986 82.624859 55.006050 31.322609 22.013144 19.384379 16.534694 15.037745 7.693674 -22.556127 -56.154958 -117.480079 -279.130582 -357.710469 -400.400586 -430.278371 -456.699752 -503.596111 -546.456496 -581.209938 -610.609640 -639.554118
-208.604136 -87.630224 -39.177249 -19.698917 -15.031549 -13.981996 -12.231679 -6.834309 -0.410906 13.422080 50.326927 98.187824 131.076367 144.560672 145.568845 141.864515 138.292492 134.522445 131.370196 130.316443 132.776275 136.225114 142.002340 146.393736 151.167534 150.714921 151.144221 151.530586 153.383557 155.683136 158.046244 162.305176 167.449510 171.259109 171.158991 164.894203 156.512863 148.525596 145.768665 143.566925 141.703306 141.773253 141.464475 140.073007 125.992365 88.655095 26.779042 -10.927555 -36.206297 -54.943952 -88.896959 -173.794805 -322.426716 -377.174726 -430.260990 -480.832960
43.215785 90.119747 122.332060 134.292324 137.287218 136.237157 136.434724 138.746690 141.021027 145.932633 154.139151 162.903156 172.740913 181.482586 188.727344 187.542067 183.987133 178.055315 178.195243 178.512375 178.633215 180.229206 181.040448 185.850021 191.137855 192.765162 192.830976 191.661413 192.892375 193.668606 194.050947 194.013371 194.699174 196.741729 197.425630 196.637721 191.843864 185.233582 179.710598 177.029991 176.422883 175.861280 176.613473 176.932033 174.471148 164.066951 148.919461 135.045230 123.999416 110.000045 89.889967 59.826713 27.235371 3.983866 -27.357539 -86.929649
145.468653 157.141639 166.833302 174.866455 179.710334 180.020050 181.926557 182.343534 185.850159 191.411476 197.380138 200.295193 204.634644 217.848249 225.402873 230.654441 232.845000 234.514436 236.886483 237.403209 234.222973 234.989528 234.982021 234.806658 236.609374 236.828718 236.360982 236.547751 236.790154 237.321369 237.590477 237.620106 235.736386 235.667941 235.413807 235.341177 233.917965 229.057313 216.345397 207.725367 205.235151 202.801395 199.609374 196.189781 193.778955 190.544159 183.558034 174.431468 165.533050 162.665116 159.720756 154.541375 149.714013 142.480422 132.686845 107.165236
183.367300 187.358436 192.758606 200.655376 205.782664 211.217234 217.144104 220.495485 229.336853 238.276966 238.036491 237.691585 236.629942 236.715669 236.302526 236.654343 236.637205 234.848648 235.383516 234.422428 229.886834 221.776692 223.215760 223.771400 225.435023 228.123933 226.522303 227.056780 230.136815 228.913272 224.518443 221.878807 220.429416 220.002008 226.167013 228.817613 229.318857 230.317880 230.130778 230.634396 231.182796 231.630595 231.921258 231.992347 228.955543 222.606701 208.892405 199.079313 188.506297 183.690853 182.213201 183.438836 182.310709 181.871879 176.643977 167.754979
225.139623 234.191177 241.206879 240.146086 239.562219 238.965111 239.790880 241.564209 240.763507 237.152226 233.747475 229.122987 228.260082 226.857594 224.705700 225.308436 223.715679 220.666191 218.828724 215.182092 207.317221 200.754133 200.386893 202.741356 204.366351 206.539376 207.968127 210.466851 212.679661 209.465879 204.345190 201.750364 200.852286 203.677667 205.809735 208.838488 208.738828 207.530124 206.358275 207.492760 206.387523 207.219333 212.409171 222.795358 229.032430 228.543597 228.961362 230.111478 230.964728 214.605174 203.014497 205.213979 203.726406 200.069976 193.527858 187.679937
233.188440 233.181081 230.591757 225.160632 219.806456 219.144888 222.608380 228.901993 230.629155 224.590936 218.138766 212.994100 208.140283 206.798314 205.537730 204.789709 205.153038 202.935792 201.807627 197.245570 194.320095 191.068634 189.176035 188.636590 190.642635 193.337796 195.513322 197.206955 195.431237 193.871602 191.077958 188.799975 189.599737 190.074544 192.481419 196.599822 196.229953 196.624812 195.448933 195.357103 193.610120 193.021333 195.230294 199.950358 203.998008 208.115814 212.955850 218.778527 223.854358 229.963076 229.664381 228.775963 228.432971 225.290681 214.832174 205.133799
219.717446 214.684289 211.018581 205.773484 202.083213 201.642336 203.513222 206.865422 205.356474 202.836960 199.750009 196.571616 193.578384 192.235373 193.170500 194.447864 195.319132 194.363867 190.466834 185.909634 182.920295 178.415889 178.050307 176.116143 173.787091 177.017649 182.399586 184.251260 179.468134 177.726795 173.755511 172.132495 171.620106 171.709579 174.047219 179.888603 186.166688 186.204892 183.374020 181.330221 180.901102 180.097399 182.043766 187.733341 192.815330 195.620335 197.285131 198.037421 200.329554 202.943528 206.157777 211.694117 218.907179 227.322871 226.862626 227.117476
203.062707 200.949490 199.119426 197.513882 196.186050 195.218722 194.603337 194.523404 192.854129 191.989436 190.738035 188.045047 185.055550 180.093463 179.491744 178.908428 181.138105 177.413222 174.931554 167.779351 161.647546 153.119569 147.547919 143.825597 139.620632 140.910672 146.909118 151.198858 144.462760 141.742390 137.063823 135.543593 134.637811 134.908796 138.239452 148.127880 156.353468 160.580349 159.418964 159.946100 161.705987 162.754108 164.280849 168.999219 174.962518 180.866261 184.463081 186.119199 187.406783 189.484041 192.970382 195.791169 198.558623 202.649122 208.676165 218.231675
195.800521 193.995293 192.475155 190.189889 187.358399 186.186465 187.664330 184.910523 183.355342 181.785063 163.812752 158.449440 149.233744 140.879389 138.156735 134.554831 133.233650 129.754520 127.290651 117.491672 94.996240 59.078007 28.572702 16.201394 7.822474 -1.711697 3.480232 6.959049 8.184653 2.332372 -3.266985 -5.420019 -7.149607 -2.811245 11.640337 26.716193 42.572849 56.733108 65.740625 86.447041 106.140385 113.934535 128.531039 135.123890 143.457484 154.535718 165.250165 169.540456 172.033244 174.807109 178.986164 182.936297 186.075033 191.252761 197.198820 200.402696
189.546833 186.828759 183.314903 180.046611 176.434223 172.361232 173.562351 171.570448 167.772592 148.482666 123.059934 89.527328 52.178927 14.903652 -1.935553 -12.513906 -32.743698 -43.752564 -52.278963 -57.331028 -91.637952 -188.951223 -266.749472 -295.759253 -311.717342 -336.403691 -343.091014 -333.344308 -313.088255 -332.442322 -344.594527 -342.388814 -348.091352 -349.809073 -323.857518 -276.823586 -239.826741 -200.294497 -158.146152 -117.947452 -76.719436 -39.822687 -19.649246 0.518413 32.960101 78.721358 112.361747 132.399669 140.548934 149.108359 158.756938 164.771709 170.831211 176.808702 184.762519 188.480016
172.830413 167.450567 161.163118 152.462636 142.660670 131.883902 130.503179 120.811783 94.667796 25.752936 -32.143003 -89.743317 -198.923701 -303.846925 -345.981250 -386.762409 -432.360424 -457.857287 -457.545013 -450.689249 -457.680015 -477.185801 -493.022005 -503.934380 -515.773902 -530.833465 -539.878533 -531.782485 -522.582748 -520.049425 -518.696181 -515.281984 -514.906296 -516.402966 -517.840304 -506.537009 -496.928328 -485.971807 -476.182656 -467.000585 -436.091439 -400.791636 -371.241312 -324.416342 -248.731368 -107.955934 -45.101513 -7.886932 22.238346 63.557691 100.041255 125.088057 138.495435 150.733837 163.573029 172.097164
143.038164 127.825990 102.079457 59.826102 4.424980 -16.185303 -27.641355 -43.837781 -105.057748 -290.555929 -397.926782 -445.136310 -476.828855 -503.501933 -528.467491 -556.843190 -583.855463 -601.725448 -594.891740 -588.057188 -579.870061 -592.414554 -604.721855 -611.480638 -625.148773 -638.653048 -651.591704 -643.154958 -634.452390 -620.678952 -617.852453 -615.178967 -609.924277 -611.754116 -613.781281 -619.185429 -610.718974 -602.057652 -590.836043 -567.130438 -543.261843 -520.032752 -500.310385 -479.699710 -454.577210 -422.159731 -380.799467 -325.606369 -259.069116 -141.370276 -57.980933 -14.316712 20.458091 63.971869 104.778967 130.012421
13.488374 -22.380053 -69.128927 -178.485001 -341.254267 -400.648550 -414.974715 -454.405635 -493.591850 -539.260833 -563.494464 -582.433213 -604.287946 -624.458016 -644.067953 -669.573563 -691.888993 -713.487435 -709.141385 -697.371266 -684.094409 -692.529946 -697.539733 -700.771239 -712.281413 -725.461100 -738.606080 -734.920310 -720.881212 -704.917346 -699.204534 -693.543018 -686.522363 -686.683316 -692.695929 -700.997708 -695.858700 -683.761739 -669.224329 -648.324328 -627.024059 -606.620393 -588.263298 -567.713289 -545.765298 -523.044444 -497.623884 -469.888474 -448.083858 -416.956791 -374.518843 -323.402790 -265.471876 -148.207484 -60.474621 -20.710525
-287.898116 -357.937649 -406.766941 -461.308781 -508.942790 -551.094973 -582.460929 -612.184921 -641.259483 -660.875207 -678.661709 -696.294468 -713.993109 -733.207955 -752.228362 -771.427823 -792.374742 -812.793304 -807.534066 -793.954869 -780.620271 -779.352831 -782.307016 -785.270621 -793.329086 -806.561614 -819.337460 -811.611518 -796.289408 -781.055066 -771.869005 -765.551668 -759.296135 -762.163652 -770.284126 -778.116457 -770.854541 -756.295483 -741.855775 -724.531249 -704.101756 -683.682133 -663.645681 -642.704627 -621.716665 -598.523331 -574.529794 -550.197569 -526.554227 -503.245832 -479.056438 -465.625068 -450.674431 -433.983734 -401.919388 -361.606628
-492.568236 -518.378867 -544.727978 -577.345625 -615.652088 -646.087164 -675.673287 -704.293377 -732.835808 -755.723794 -773.234524 -783.173698 -797.480392 -816.520254 -829.975680 -846.550250 -866.973257 -869.516571 -865.106754 -851.756755 -848.517953 -847.750520 -850.734812 -851.820835 -857.039382 -869.880329 -865.315278 -857.293252 -842.065364 -831.041656 -821.966057 -815.709857 -811.528603 -812.566519 -820.471811 -818.598530 -811.405652 -796.949004 -785.441456 -770.324031 -749.933885 -733.154622 -714.429045 -693.558720 -672.103746 -649.448165 -625.551280 -599.824730 -576.395560 -556.801996 -546.859610 -535.951048 -528.373714 -532.090849 -516.465055 -499.977814
