tests/Borden05m/sims/sim_1/output-maps/thetaliqL0003N0008.asc
ncols         160
nrows         34
xllcorner     620200.000000
yllcorner     5168000.000000
cellsize      0.500000
NODATA_value  -9999.0
[rows 0 to 27 of 34, columns 0 to 62 of 160]
-9999.0 -9999.0 -9999.0 -9999.0 -9999.0 -9999.0 -9999.0 -9999.0 -9999.0 -9999.0 -9999.0 -9999.0 -9999.0 -9999.0 -9999.0 -9999.0 -9999.0 -9999.0 -9999.0 -9999.0 -9999.0 -9999.0 -9999.0 -9999.0 -9999.0 -9999.0 -9999.0 -9999.0 -9999.0 -9999.0 -9999.0 -9999.0 -9999.0 -9999.0 -9999.0 -9999.0 -9999.0 -9999.0 -9999.0 -9999.0 -9999.0 -9999.0 -9999.0 -9999.0 -9999.0 -9999.0 -9999.0 -9999.0 -9999.0 -9999.0 -9999.0 -9999.0 -9999.0 -9999.0 -9999.0 -9999.0 -9999.0 -9999.0 -9999.0 -9999.0 -9999.0 -9999.0 -9999.0
-9999.0 -9999.0 -9999.0 -9999.0 -9999.0 -9999.0 -9999.0 -9999.0 -9999.0 -9999.0 -9999.0 -9999.0 -9999.0 -9999.0 -9999.0 -9999.0 -9999.0 -9999.0 -9999.0 -9999.0 -9999.0 -9999.0 -9999.0 -9999.0 -9999.0 -9999.0 -9999.0 -9999.0 -9999.0 -9999.0 -9999.0 -9999.0 -9999.0 -9999.0 -9999.0 -9999.0 -9999.0 -9999.0 -9999.0 -9999.0 -9999.0 -9999.0 -9999.0 -9999.0 -9999.0 -9999.0 -9999.0 -9999.0 -9999.0 -9999.0 -9999.0 -9999.0 -9999.0 -9999.0 -9999.0 -9999.0 -9999.0 -9999.0 -9999.0 0.248148 0.246562 0.245542 0.245067
-9999.0 -9999.0 -9999.0 -9999.0 -9999.0 -9999.0 -9999.0 -9999.0 -9999.0 -9999.0 -9999.0 -9999.0 -9999.0 -9999.0 -9999.0 -9999.0 -9999.0 -9999.0 -9999.0 -9999.0 -9999.0 -9999.0 -9999.0 -9999.0 -9999.0 -9999.0 -9999.0 -9999.0 -9999.0 -9999.0 -9999.0 -9999.0 -9999.0 -9999.0 -9999.0 -9999.0 -9999.0 -9999.0 -9999.0 -9999.0 -9999.0 -9999.0 -9999.0 -9999.0 -9999.0 -9999.0 -9999.0 0.237856 0.232727 0.226507 0.224693 0.231561 0.234368 0.236864 0.238343 0.239656 0.241919 0.246486 0.245989 0.238813 0.238255 0.238237 0.238692
-9999.0 -9999.0 -9999.0 -9999.0 -9999.0 -9999.0 -9999.0 -9999.0 -9999.0 -9999.0 -9999.0 -9999.0 -9999.0 -9999.0 -9999.0 -9999.0 -9999.0 -9999.0 -9999.0 -9999.0 -9999.0 -9999.0 -9999.0 -9999.0 -9999.0 -9999.0 -9999.0 -9999.0 -9999.0 -9999.0 -9999.0 -9999.0 -9999.0 -9999.0 -9999.0 -9999.0 -9999.0 -9999.0 -9999.0 -9999.0 0.236149 0.238517 0.240521 0.237217 0.235981 0.236525 0.233113 0.229049 0.224817 0.226237 0.226269 0.222955 0.227482 0.231022 0.231967 0.232651 0.235554 0.240937 0.240430 0.235100 0.231975 0.231042 0.231810
-9999.0 -9999.0 -9999.0 -9999.0 -9999.0 -9999.0 -9999.0 -9999.0 -9999.0 -9999.0 -9999.0 -9999.0 -9999.0 -9999.0 -9999.0 -9999.0 -9999.0 -9999.0 -9999.0 -9999.0 -9999.0 -9999.0 -9999.0 -9999.0 -9999.0 -9999.0 -9999.0 -9999.0 -9999.0 -9999.0 -9999.0 -9999.0 -9999.0 -9999.0 0.226617 0.231003 0.232742 0.234343 0.236945 0.235746 0.234705 0.236744 0.234878 0.234913 0.232737 0.228525 0.224330 0.222050 0.224868 0.224030 0.223953 0.226047 0.227197 0.227374 0.230177 0.234882 0.231943 0.232828 0.231969 0.229769 0.232058 0.233893 0.235046
-9999.0 -9999.0 -9999.0 -9999.0 -9999.0 -9999.0 -9999.0 -9999.0 -9999.0 -9999.0 -9999.0 -9999.0 -9999.0 -9999.0 -9999.0 -9999.0 -9999.0 -9999.0 -9999.0 -9999.0 -9999.0 -9999.0 -9999.0 -9999.0 -9999.0 -9999.0 -9999.0 -9999.0 0.233701 0.231937 0.230609 0.230733 0.230088 0.227541 0.226732 0.226961 0.229109 0.232732 0.233108 0.232410 0.232553 0.231553 0.228925 0.228736 0.231781 0.229247 0.228154 0.226525 0.222089 0.220951 0.223419 0.225698 0.227546 0.227711 0.227612 0.227069 0.227045 0.233038 0.234367 0.230924 0.229180 0.228465 0.229044
-9999.0 -9999.0 -9999.0 -9999.0 -9999.0 -9999.0 -9999.0 -9999.0 -9999.0 -9999.0 -9999.0 -9999.0 -9999.0 -9999.0 -9999.0 -9999.0 -9999.0 -9999.0 -9999.0 -9999.0 -9999.0 -9999.0 -9999.0 0.230956 0.232572 0.233116 0.234514 0.233711 0.230145 0.227916 0.226975 0.226181 0.224261 0.223962 0.223751 0.224722 0.225321 0.229141 0.226800 0.225234 0.228573 0.227663 0.230006 0.232679 0.232109 0.232745 0.227887 0.224249 0.228065 0.229509 0.229155 0.228059 0.228993 0.230234 0.231777 0.234711 0.238507 0.241560 0.247048 0.243089 0.240506 0.235707 0.236289
-9999.0 -9999.0 -9999.0 -9999.0 -9999.0 -9999.0 -9999.0 -9999.0 -9999.0 -9999.0 -9999.0 -9999.0 -9999.0 -9999.0 -9999.0 -9999.0 -9999.0 -9999.0 -9999.0 0.231488 0.230935 0.229859 0.230205 0.226699 0.225189 0.226068 0.227803 0.226678 0.224693 0.223017 0.223198 0.223385 0.222899 0.225297 0.227150 0.227557 0.226661 0.229532 0.230130 0.231627 0.236163 0.232926 0.229843 0.228238 0.228088 0.227100 0.229815 0.230544 0.230634 0.230030 0.229784 0.230198 0.230233 0.233483 0.236228 0.238193 0.239888 0.242631 0.248636 0.245756 0.240932 0.235640 0.235686
-9999.0 -9999.0 -9999.0 -9999.0 -9999.0 -9999.0 -9999.0 -9999.0 -9999.0 -9999.0 -9999.0 -9999.0 -9999.0 -9999.0 -9999.0 -9999.0 0.231429 0.231101 0.229747 0.227538 0.225671 0.225575 0.226906 0.224307 0.223389 0.223860 0.222651 0.223810 0.225068 0.226592 0.227224 0.225319 0.225484 0.225019 0.224544 0.225018 0.228250 0.231141 0.231366 0.233334 0.237293 0.234642 0.233568 0.233666 0.231946 0.232931 0.238939 0.237456 0.234103 0.240134 0.243070 0.241281 0.240105 0.243539 0.248643 0.254845 0.265528 0.271755 0.279283 0.282127 0.274172 0.272982 0.275546
-9999.0 -9999.0 -9999.0 -9999.0 -9999.0 -9999.0 -9999.0 -9999.0 -9999.0 -9999.0 -9999.0 -9999.0 -9999.0 0.231271 0.230950 0.231227 0.227815 0.225188 0.223573 0.221343 0.223979 0.221929 0.221219 0.221583 0.223916 0.223843 0.223970 0.225336 0.224645 0.223741 0.222846 0.221124 0.222865 0.224557 0.225563 0.227993 0.229641 0.230675 0.233178 0.233157 0.234738 0.233560 0.230945 0.230302 0.231991 0.237255 0.240891 0.241428 0.248249 0.255324 0.258149 0.262164 0.263530 0.265326 0.270631 0.287829 0.310003 0.327576 0.337875 0.348406 0.349452 0.351613 0.353456
-9999.0 -9999.0 -9999.0 -9999.0 -9999.0 -9999.0 -9999.0 -9999.0 -9999.0 -9999.0 0.226407 0.228113 0.225552 0.220761 0.218677 0.219652 0.220670 0.218813 0.218767 0.223482 0.226002 0.221310 0.224265 0.224164 0.222088 0.222395 0.223447 0.223397 0.226047 0.225844 0.225505 0.229871 0.230666 0.231519 0.232805 0.234120 0.234924 0.240897 0.245748 0.244464 0.251633 0.255923 0.251439 0.249714 0.250440 0.255273 0.263000 0.273577 0.283140 0.300288 0.314066 0.322077 0.327485 0.333941 0.343324 0.365519 0.369722 0.369957 0.369991 0.369997 0.369998 0.369998 0.369999
-9999.0 -9999.0 -9999.0 -9999.0 -9999.0 -9999.0 -9999.0 -9999.0 0.219630 0.222311 0.223977 0.221835 0.218969 0.213776 0.215660 0.217452 0.218613 0.220410 0.221154 0.221707 0.220297 0.221695 0.224519 0.223444 0.223540 0.225280 0.225027 0.226408 0.228675 0.226799 0.227617 0.229434 0.230924 0.232193 0.233802 0.234302 0.240175 0.247943 0.256127 0.262756 0.272165 0.283585 0.281970 0.283638 0.286268 0.303209 0.321734 0.341618 0.364790 0.369633 0.369939 0.369976 0.369985 0.369993 0.369998 0.370000 0.370000 0.370000 0.370000 0.370000 0.370000 0.370000 0.370000
-9999.0 -9999.0 -9999.0 -9999.0 -9999.0 -9999.0 0.215694 0.221568 0.224391 0.217618 0.212451 0.210734 0.207699 0.214314 0.220087 0.221062 0.221762 0.222609 0.221789 0.217628 0.226095 0.223336 0.221207 0.223476 0.222942 0.222844 0.224115 0.227352 0.228250 0.234703 0.238826 0.242134 0.247088 0.249701 0.252539 0.255797 0.265630 0.279512 0.298743 0.317021 0.333319 0.351023 0.359053 0.365296 0.369306 0.369812 0.369957 0.369994 0.370000 0.370000 0.370000 0.370000 0.370000 0.370000 0.370000 0.370000 0.370000 0.370000 0.370000 0.370000 0.370000 0.370000 0.370000
-9999.0 -9999.0 -9999.0 -9999.0 0.219217 0.220420 0.219128 0.224175 0.227652 0.219400 0.222247 0.220758 0.218029 0.214747 0.210855 0.213470 0.214921 0.215822 0.215030 0.223139 0.229973 0.224584 0.227566 0.233965 0.231788 0.232045 0.231840 0.234178 0.238652 0.244148 0.258039 0.269883 0.276615 0.285171 0.295622 0.309222 0.326835 0.352163 0.369239 0.369912 0.369986 0.369998 0.370000 0.370000 0.370000 0.370000 0.370000 0.370000 0.370000 0.370000 0.370000 0.370000 0.370000 0.370000 0.370000 0.370000 0.370000 0.370000 0.370000 0.370000 0.370000 0.370000 0.370000
-9999.0 -9999.0 -9999.0 0.215730 0.221477 0.223447 0.220333 0.221123 0.225362 0.220760 0.219826 0.218928 0.218325 0.218257 0.217722 0.219145 0.219291 0.217929 0.218789 0.223279 0.224708 0.227792 0.229884 0.233433 0.236477 0.237187 0.238644 0.243258 0.255607 0.268083 0.293025 0.322491 0.344604 0.362635 0.369263 0.369846 0.369960 0.369997 0.370000 0.370000 0.370000 0.370000 0.370000 0.370000 0.370000 0.370000 0.370000 0.370000 0.370000 0.370000 0.370000 0.370000 0.370000 0.370000 0.370000 0.370000 0.370000 0.370000 0.370000 0.370000 0.370000 0.370000 0.370000
-9999.0 -9999.0 0.216971 0.220213 0.217638 0.221514 0.225831 0.222115 0.227290 0.228704 0.222824 0.225674 0.226962 0.223193 0.225014 0.227119 0.228183 0.223920 0.220663 0.225563 0.236730 0.244974 0.247750 0.268555 0.279209 0.286132 0.289296 0.301463 0.317517 0.346897 0.369006 0.369914 0.369992 0.370000 0.370000 0.370000 0.370000 0.370000 0.370000 0.370000 0.370000 0.370000 0.370000 0.370000 0.370000 0.370000 0.370000 0.370000 0.370000 0.370000 0.370000 0.370000 0.370000 0.370000 0.370000 0.370000 0.370000 0.370000 0.370000 0.370000 0.370000 0.370000 0.370000
-9999.0 -9999.0 0.213131 0.218566 0.214369 0.222591 0.230259 0.221721 0.223526 0.231187 0.228418 0.228790 0.226872 0.226459 0.229258 0.235599 0.231865 0.230453 0.222255 0.239181 0.252924 0.274918 0.315656 0.344640 0.364380 0.367834 0.369195 0.369682 0.369889 0.369991 0.370000 0.370000 0.370000 0.370000 0.370000 0.370000 0.370000 0.370000 0.370000 0.370000 0.370000 0.370000 0.370000 0.370000 0.370000 0.370000 0.370000 0.370000 0.370000 0.370000 0.370000 0.370000 0.370000 0.370000 0.370000 0.370000 0.370000 0.370000 0.370000 0.370000 0.370000 0.370000 0.370000
-9999.0 0.212025 0.214660 0.214604 0.219876 0.217475 0.223350 0.231984 0.230652 0.233214 0.232383 0.225795 0.241882 0.255596 0.258839 0.269954 0.264086 0.260471 0.251104 0.266347 0.294611 0.351957 0.369838 0.369994 0.370000 0.370000 0.370000 0.370000 0.370000 0.370000 0.370000 0.370000 0.370000 0.370000 0.370000 0.370000 0.370000 0.370000 0.370000 0.370000 0.370000 0.370000 0.370000 0.370000 0.370000 0.370000 0.370000 0.370000 0.370000 0.370000 0.370000 0.370000 0.370000 0.370000 0.370000 0.370000 0.370000 0.370000 0.370000 0.370000 0.370000 0.370000 0.370000
-9999.0 0.203676 0.214349 0.220527 0.217556 0.212225 0.226252 0.248014 0.238048 0.234249 0.231671 0.242601 0.278801 0.311891 0.328941 0.348057 0.344763 0.335725 0.335220 0.358576 0.369254 0.369972 0.370000 0.370000 0.370000 0.370000 0.370000 0.370000 0.370000 0.370000 0.370000 0.370000 0.370000 0.370000 0.370000 0.370000 0.370000 0.370000 0.370000 0.370000 0.370000 0.370000 0.370000 0.370000 0.370000 0.370000 0.370000 0.370000 0.370000 0.370000 0.370000 0.370000 0.370000 0.370000 0.370000 0.370000 0.370000 0.370000 0.370000 0.370000 0.370000 0.370000 0.370000
-9999.0 0.212301 0.224774 0.221150 0.210175 0.223900 0.228498 0.242045 0.251063 0.244904 0.258699 0.309599 0.364674 0.369879 0.369987 0.369995 0.369996 0.369990 0.369995 0.370000 0.370000 0.370000 0.370000 0.370000 0.370000 0.370000 0.370000 0.370000 0.370000 0.370000 0.370000 0.370000 0.370000 0.370000 0.370000 0.370000 0.370000 0.370000 0.370000 0.370000 0.370000 0.370000 0.370000 0.370000 0.370000 0.370000 0.370000 0.370000 0.370000 0.370000 0.370000 0.370000 0.370000 0.370000 0.370000 0.370000 0.370000 0.370000 0.370000 0.370000 0.370000 0.370000 0.370000
-9999.0 0.197842 0.215293 0.200106 0.219616 0.236518 0.231779 0.254408 0.279267 0.282765 0.342451 0.369747 0.370000 0.370000 0.370000 0.370000 0.370000 0.370000 0.370000 0.370000 0.370000 0.370000 0.370000 0.370000 0.370000 0.370000 0.370000 0.370000 0.370000 0.370000 0.370000 0.370000 0.370000 0.370000 0.370000 0.370000 0.370000 0.370000 0.370000 0.370000 0.370000 0.370000 0.370000 0.370000 0.370000 0.370000 0.370000 0.370000 0.370000 0.370000 0.370000 0.370000 0.370000 0.370000 0.370000 0.370000 0.370000 0.370000 0.370000 0.370000 0.370000 0.370000 0.370000
-9999.0 0.187883 0.199573 0.208042 0.225282 0.237129 0.247449 0.271438 0.320149 0.355101 0.369833 0.370000 0.370000 0.370000 0.370000 0.370000 0.370000 0.370000 0.370000 0.370000 0.370000 0.370000 0.370000 0.370000 0.370000 0.370000 0.370000 0.370000 0.370000 0.370000 0.370000 0.370000 0.370000 0.370000 0.370000 0.370000 0.370000 0.370000 0.370000 0.370000 0.370000 0.370000 0.370000 0.370000 0.370000 0.370000 0.370000 0.370000 0.370000 0.370000 0.370000 0.370000 0.370000 0.370000 0.370000 0.370000 0.370000 0.370000 0.370000 0.370000 0.370000 0.369998 0.369994
-9999.0 0.166454 0.203962 0.208135 0.218098 0.220357 0.221670 0.240292 0.267988 0.352049 0.369996 0.370000 0.370000 0.370000 0.370000 0.370000 0.370000 0.370000 0.370000 0.370000 0.370000 0.370000 0.370000 0.370000 0.370000 0.370000 0.370000 0.370000 0.370000 0.370000 0.370000 0.370000 0.370000 0.370000 0.370000 0.370000 0.370000 0.370000 0.370000 0.370000 0.370000 0.370000 0.370000 0.370000 0.370000 0.370000 0.370000 0.370000 0.370000 0.370000 0.370000 0.370000 0.370000 0.370000 0.370000 0.370000 0.370000 0.369999 0.369987 0.369833 0.366136 0.343782 0.339167
-9999.0 -9999.0 0.186160 0.208580 0.210797 0.213519 0.215419 0.230388 0.244991 0.300923 0.354116 0.369761 0.369989 0.370000 0.370000 0.370000 0.370000 0.370000 0.370000 0.370000 0.370000 0.370000 0.370000 0.370000 0.370000 0.370000 0.370000 0.370000 0.370000 0.370000 0.370000 0.370000 0.370000 0.370000 0.370000 0.370000 0.370000 0.370000 0.370000 0.370000 0.370000 0.370000 0.370000 0.370000 0.370000 0.370000 0.370000 0.370000 0.369999 0.369997 0.369995 0.369993 0.369991 0.369984 0.369968 0.369918 0.369510 0.360932 0.340610 0.316650 0.291655 0.272899 0.262974
-9999.0 -9999.0 0.163005 0.196789 0.211906 0.222526 0.219795 0.219986 0.242799 0.251574 0.267298 0.296509 0.322382 0.347093 0.368623 0.369877 0.369958 0.369973 0.369978 0.369985 0.369994 0.369999 0.370000 0.370000 0.370000 0.370000 0.370000 0.370000 0.370000 0.370000 0.369999 0.369991 0.369982 0.369975 0.369979 0.369984 0.369980 0.369971 0.369951 0.369915 0.369862 0.369729 0.369419 0.368701 0.368042 0.366733 0.364161 0.357173 0.348143 0.342074 0.337604 0.333653 0.331489 0.326428 0.319872 0.314645 0.301411 0.287045 0.277145 0.266470 0.254514 0.248999 0.243961
-9999.0 -9999.0 -9999.0 0.166492 0.187468 0.203926 0.210184 0.200190 0.205652 0.217311 0.225556 0.238773 0.246264 0.254367 0.268428 0.290357 0.301317 0.303750 0.302546 0.320623 0.328596 0.344632 0.360140 0.367871 0.369643 0.369867 0.369895 0.369814 0.369465 0.364774 0.348559 0.333865 0.326037 0.326315 0.326540 0.328697 0.325666 0.322717 0.315815 0.307980 0.299352 0.291570 0.288351 0.285989 0.285080 0.283433 0.281937 0.278560 0.274982 0.271611 0.268554 0.267987 0.267239 0.265738 0.263753 0.262508 0.260691 0.253273 0.248343 0.243810 0.239155 0.235036 0.231131
-9999.0 -9999.0 -9999.0 -9999.0 -9999.0 0.153392 0.194498 0.203014 0.202869 0.199006 0.202648 0.218529 0.215739 0.217701 0.224101 0.227459 0.228733 0.233002 0.242107 0.249713 0.259739 0.266776 0.277089 0.287129 0.293737 0.301798 0.304369 0.298198 0.292080 0.283767 0.273314 0.263600 0.263250 0.264244 0.264752 0.264406 0.262736 0.261653 0.260102 0.255668 0.251654 0.250990 0.250519 0.249826 0.248984 0.248411 0.247957 0.247943 0.245372 0.242968 0.244567 0.244169 0.243968 0.244318 0.243279 0.242943 0.243819 0.237646 0.234402 0.236402 0.230839 0.227310 0.228889
-9999.0 -9999.0 -9999.0 -9999.0 -9999.0 -9999.0 0.149150 0.174062 0.195257 0.201043 0.209972 0.216740 0.206810 0.210014 0.213412 0.217120 0.223062 0.222828 0.224811 0.227957 0.232507 0.234592 0.239701 0.246961 0.246661 0.248376 0.252504 0.247942 0.245722 0.244806 0.236551 0.238163 0.237070 0.238102 0.238489 0.239498 0.238501 0.237607 0.237256 0.233605 0.233655 0.232814 0.232572 0.232295 0.231992 0.231903 0.232061 0.232330 0.230057 0.231604 0.232255 0.231667 0.231448 0.232021 0.231587 0.230657 0.231255 0.228655 0.228570 0.228924 0.224238 0.224655 0.224664
