tests/Borden05m/sims/sim_1/output-maps/thetaliqL0003N0006.asc
ncols         160
nrows         34
xllcorner     620200.000000
yllcorner     5168000.000000
cellsize      0.500000
NODATA_value  -9999.0
[rows 0 to 27 of 34, columns 0 to 62 of 160]
-9999.0 -9999.0 -9999.0 -9999.0 -9999.0 -9999.0 -9999.0 -9999.0 -9999.0 -9999.0 -9999.0 -9999.0 -9999.0 -9999.0 -9999.0 -9999.0 -9999.0 -9999.0 -9999.0 -9999.0 -9999.0 -9999.0 -9999.0 -9999.0 -9999.0 -9999.0 -9999.0 -9999.0 -9999.0 -9999.0 -9999.0 -9999.0 -9999.0 -9999.0 -9999.0 -9999.0 -9999.0 -9999.0 -9999.0 -9999.0 -9999.0 -9999.0 -9999.0 -9999.0 -9999.0 -9999.0 -9999.0 -9999.0 -9999.0 -9999.0 -9999.0 -9999.0 -9999.0 -9999.0 -9999.0 -9999.0 -9999.0 -9999.0 -9999.0 -9999.0 -9999.0 -9999.0 -9999.0
-9999.0 -9999.0 -9999.0 -9999.0 -9999.0 -9999.0 -9999.0 -9999.0 -9999.0 -9999.0 -9999.0 -9999.0 -9999.0 -9999.0 -9999.0 -9999.0 -9999.0 -9999.0 -9999.0 -9999.0 -9999.0 -9999.0 -9999.0 -9999.0 -9999.0 -9999.0 -9999.0 -9999.0 -9999.0 -9999.0 -9999.0 -9999.0 -9999.0 -9999.0 -9999.0 -9999.0 -9999.0 -9999.0 -9999.0 -9999.0 -9999.0 -9999.0 -9999.0 -9999.0 -9999.0 -9999.0 -9999.0 -9999.0 -9999.0 -9999.0 -9999.0 -9999.0 -9999.0 -9999.0 -9999.0 -9999.0 -9999.0 -9999.0 -9999.0 0.223631 0.221890 0.220736 0.220155
-9999.0 -9999.0 -9999.0 -9999.0 -9999.0 -9999.0 -9999.0 -9999.0 -9999.0 -9999.0 -9999.0 -9999.0 -9999.0 -9999.0 -9999.0 -9999.0 -9999.0 -9999.0 -9999.0 -9999.0 -9999.0 -9999.0 -9999.0 -9999.0 -9999.0 -9999.0 -9999.0 -9999.0 -9999.0 -9999.0 -9999.0 -9999.0 -9999.0 -9999.0 -9999.0 -9999.0 -9999.0 -9999.0 -9999.0 -9999.0 -9999.0 -9999.0 -9999.0 -9999.0 -9999.0 -9999.0 -9999.0 0.211117 0.205663 0.199113 0.197245 0.204531 0.207665 0.210520 0.212315 0.213932 0.216549 0.221585 0.221136 0.213517 0.212885 0.212814 0.213247
-9999.0 -9999.0 -9999.0 -9999.0 -9999.0 -9999.0 -9999.0 -9999.0 -9999.0 -9999.0 -9999.0 -9999.0 -9999.0 -9999.0 -9999.0 -9999.0 -9999.0 -9999.0 -9999.0 -9999.0 -9999.0 -9999.0 -9999.0 -9999.0 -9999.0 -9999.0 -9999.0 -9999.0 -9999.0 -9999.0 -9999.0 -9999.0 -9999.0 -9999.0 -9999.0 -9999.0 -9999.0 -9999.0 -9999.0 -9999.0 0.209971 0.212488 0.214584 0.211015 0.209593 0.210017 0.206275 0.201893 0.197392 0.198835 0.198898 0.195543 0.200429 0.204339 0.205541 0.206464 0.209727 0.215599 0.215124 0.209444 0.206083 0.205055 0.205840
-9999.0 -9999.0 -9999.0 -9999.0 -9999.0 -9999.0 -9999.0 -9999.0 -9999.0 -9999.0 -9999.0 -9999.0 -9999.0 -9999.0 -9999.0 -9999.0 -9999.0 -9999.0 -9999.0 -9999.0 -9999.0 -9999.0 -9999.0 -9999.0 -9999.0 -9999.0 -9999.0 -9999.0 -9999.0 -9999.0 -9999.0 -9999.0 -9999.0 -9999.0 0.199135 0.203809 0.205780 0.207626 0.210510 0.209359 0.208361 0.210547 0.208561 0.208539 0.206149 0.201600 0.197085 0.194609 0.197481 0.196592 0.196553 0.198834 0.200182 0.200540 0.203677 0.208838 0.205903 0.206978 0.206129 0.203788 0.206182 0.208099 0.209306
-9999.0 -9999.0 -9999.0 -9999.0 -9999.0 -9999.0 -9999.0 -9999.0 -9999.0 -9999.0 -9999.0 -9999.0 -9999.0 -9999.0 -9999.0 -9999.0 -9999.0 -9999.0 -9999.0 -9999.0 -9999.0 -9999.0 -9999.0 -9999.0 -9999.0 -9999.0 -9999.0 -9999.0 0.206412 0.204549 0.203139 0.203254 0.202587 0.199973 0.199217 0.199569 0.201959 0.205915 0.206447 0.205817 0.206044 0.205022 0.202250 0.202018 0.205162 0.202414 0.201173 0.199394 0.194727 0.193549 0.196175 0.198653 0.200725 0.201062 0.201135 0.200741 0.200889 0.207403 0.208901 0.205233 0.203339 0.202543 0.203146
-9999.0 -9999.0 -9999.0 -9999.0 -9999.0 -9999.0 -9999.0 -9999.0 -9999.0 -9999.0 -9999.0 -9999.0 -9999.0 -9999.0 -9999.0 -9999.0 -9999.0 -9999.0 -9999.0 -9999.0 -9999.0 -9999.0 -9999.0 0.203320 0.205035 0.205648 0.207151 0.206341 0.202646 0.200317 0.199328 0.198502 0.196528 0.196265 0.196130 0.197256 0.198022 0.202172 0.199852 0.198315 0.201900 0.200979 0.203450 0.206254 0.205628 0.206260 0.201108 0.197266 0.201277 0.202838 0.202537 0.201484 0.202600 0.204079 0.205911 0.209249 0.213518 0.216976 0.222979 0.218736 0.215903 0.210701 0.211311
-9999.0 -9999.0 -9999.0 -9999.0 -9999.0 -9999.0 -9999.0 -9999.0 -9999.0 -9999.0 -9999.0 -9999.0 -9999.0 -9999.0 -9999.0 -9999.0 -9999.0 -9999.0 -9999.0 0.203631 0.203078 0.201988 0.202387 0.198815 0.197295 0.198254 0.200101 0.198968 0.196931 0.195206 0.195408 0.195625 0.195164 0.197725 0.199757 0.200316 0.199538 0.202717 0.203505 0.205217 0.210111 0.206735 0.203485 0.201790 0.201639 0.200614 0.203510 0.204323 0.204477 0.203914 0.203742 0.204283 0.204450 0.208088 0.211240 0.213571 0.215571 0.218669 0.225251 0.222120 0.216833 0.211044 0.211078
-9999.0 -9999.0 -9999.0 -9999.0 -9999.0 -9999.0 -9999.0 -9999.0 -9999.0 -9999.0 -9999.0 -9999.0 -9999.0 -9999.0 -9999.0 -9999.0 0.203326 0.203014 0.201657 0.199449 0.197563 0.197503 0.198924 0.196284 0.195383 0.195923 0.194728 0.195983 0.197337 0.198965 0.199670 0.197745 0.197992 0.197606 0.197236 0.197882 0.201450 0.204692 0.205119 0.207368 0.211696 0.208942 0.207820 0.207940 0.206155 0.207278 0.213784 0.212310 0.208827 0.215371 0.218591 0.216749 0.215598 0.219470 0.225174 0.231900 0.243022 0.249426 0.257439 0.260220 0.251514 0.250077 0.252719
-9999.0 -9999.0 -9999.0 -9999.0 -9999.0 -9999.0 -9999.0 -9999.0 -9999.0 -9999.0 -9999.0 -9999.0 -9999.0 0.202845 0.202550 0.202904 0.199477 0.196826 0.195219 0.192989 0.195769 0.193712 0.193036 0.193470 0.195944 0.195937 0.196145 0.197645 0.197012 0.196155 0.195310 0.193613 0.195535 0.197431 0.198637 0.201374 0.203327 0.204653 0.207537 0.207703 0.209538 0.208358 0.205592 0.204929 0.206788 0.212509 0.216508 0.217169 0.224494 0.231732 0.234370 0.238596 0.240107 0.242098 0.247517 0.263322 0.281028 0.300076 0.312134 0.323478 0.324397 0.326426 0.327751
-9999.0 -9999.0 -9999.0 -9999.0 -9999.0 -9999.0 -9999.0 -9999.0 -9999.0 -9999.0 0.197663 0.199424 0.196806 0.191947 0.189867 0.190928 0.192048 0.190214 0.190243 0.195178 0.197873 0.193116 0.196252 0.196231 0.194166 0.194573 0.195765 0.195829 0.198718 0.198643 0.198433 0.203174 0.204180 0.205259 0.206813 0.208428 0.209543 0.216218 0.221680 0.220480 0.228373 0.233087 0.228251 0.226336 0.226961 0.231797 0.239729 0.250669 0.258592 0.271098 0.284437 0.294356 0.301299 0.308621 0.316306 0.333950 0.361480 0.369641 0.369948 0.369979 0.369984 0.369984 0.369986
-9999.0 -9999.0 -9999.0 -9999.0 -9999.0 -9999.0 -9999.0 -9999.0 0.190674 0.193432 0.195157 0.192966 0.190050 0.184798 0.186768 0.188664 0.189931 0.191862 0.192727 0.193415 0.192088 0.193655 0.196699 0.195702 0.195915 0.197844 0.197716 0.199320 0.201886 0.200120 0.201196 0.203330 0.205121 0.206667 0.208565 0.209272 0.215794 0.224345 0.233018 0.239751 0.249713 0.261567 0.259188 0.259878 0.259682 0.273326 0.292371 0.313490 0.333472 0.356003 0.369438 0.369886 0.369947 0.369971 0.369985 0.369994 0.370000 0.370000 0.370000 0.370000 0.370000 0.370000 0.370000
-9999.0 -9999.0 -9999.0 -9999.0 -9999.0 -9999.0 0.186583 0.192633 0.195581 0.188679 0.183439 0.181713 0.178665 0.185402 0.191353 0.192433 0.193247 0.194226 0.193513 0.189384 0.198317 0.195634 0.193593 0.196116 0.195707 0.195749 0.197243 0.200849 0.202037 0.209176 0.213858 0.217650 0.223200 0.226123 0.229050 0.232196 0.242471 0.256267 0.271531 0.287904 0.306510 0.324923 0.331652 0.335609 0.341812 0.356191 0.369413 0.369928 0.369992 0.370000 0.370000 0.370000 0.370000 0.370000 0.370000 0.370000 0.370000 0.370000 0.370000 0.370000 0.370000 0.370000 0.370000
-9999.0 -9999.0 -9999.0 -9999.0 0.189962 0.191279 0.190080 0.195362 0.199036 0.190622 0.193583 0.192084 0.189325 0.186021 0.182126 0.184871 0.186448 0.187484 0.186816 0.195392 0.202767 0.197395 0.200769 0.207757 0.205662 0.206119 0.206085 0.208779 0.213808 0.219923 0.234815 0.247353 0.254220 0.261866 0.268855 0.279247 0.297658 0.321128 0.346974 0.368932 0.369893 0.369975 0.369989 0.369993 0.369997 0.370000 0.370000 0.370000 0.370000 0.370000 0.370000 0.370000 0.370000 0.370000 0.370000 0.370000 0.370000 0.370000 0.370000 0.370000 0.370000 0.370000 0.370000
-9999.0 -9999.0 -9999.0 0.186252 0.192223 0.194385 0.191366 0.192347 0.196859 0.192238 0.191360 0.190507 0.189959 0.189973 0.189519 0.191084 0.191340 0.190055 0.191118 0.196039 0.197842 0.201408 0.203879 0.207893 0.211294 0.212169 0.213761 0.218541 0.231608 0.244067 0.265521 0.296112 0.319009 0.333880 0.345957 0.363841 0.369554 0.369947 0.369997 0.370000 0.370000 0.370000 0.370000 0.370000 0.370000 0.370000 0.370000 0.370000 0.370000 0.370000 0.370000 0.370000 0.370000 0.370000 0.370000 0.370000 0.370000 0.370000 0.370000 0.370000 0.370000 0.370000 0.370000
-9999.0 -9999.0 0.187342 0.190750 0.188275 0.192435 0.197118 0.193550 0.199130 0.200798 0.194863 0.197968 0.199457 0.195675 0.197717 0.200052 0.201285 0.196936 0.193701 0.199116 0.211302 0.220352 0.223128 0.245330 0.255403 0.261694 0.263093 0.272695 0.288685 0.317479 0.352073 0.369368 0.369933 0.369989 0.369997 0.370000 0.370000 0.370000 0.370000 0.370000 0.370000 0.370000 0.370000 0.370000 0.370000 0.370000 0.370000 0.370000 0.370000 0.370000 0.370000 0.370000 0.370000 0.370000 0.370000 0.370000 0.370000 0.370000 0.370000 0.370000 0.370000 0.370000 0.370000
-9999.0 -9999.0 0.183401 0.189025 0.184940 0.193593 0.201850 0.193404 0.195617 0.203900 0.201272 0.201905 0.200105 0.199838 0.202978 0.209873 0.206018 0.204639 0.196029 0.214212 0.228672 0.251056 0.292608 0.321867 0.341007 0.342776 0.344642 0.357085 0.368894 0.369894 0.369996 0.370000 0.370000 0.370000 0.370000 0.370000 0.370000 0.370000 0.370000 0.370000 0.370000 0.370000 0.370000 0.370000 0.370000 0.370000 0.370000 0.370000 0.370000 0.370000 0.370000 0.370000 0.370000 0.370000 0.370000 0.370000 0.370000 0.370000 0.370000 0.370000 0.370000 0.370000 0.370000
-9999.0 0.182080 0.184843 0.184931 0.190537 0.188427 0.194918 0.204441 0.203579 0.206706 0.206171 0.199381 0.216624 0.231254 0.234839 0.246712 0.240645 0.237090 0.226839 0.241456 0.266265 0.327528 0.369497 0.369966 0.369994 0.369995 0.369994 0.369999 0.370000 0.370000 0.370000 0.370000 0.370000 0.370000 0.370000 0.370000 0.370000 0.370000 0.370000 0.370000 0.370000 0.370000 0.370000 0.370000 0.370000 0.370000 0.370000 0.370000 0.370000 0.370000 0.370000 0.370000 0.370000 0.370000 0.370000 0.370000 0.370000 0.370000 0.370000 0.370000 0.370000 0.370000 0.370000
-9999.0 0.173676 0.184446 0.190893 0.188153 0.183159 0.198174 0.221831 0.212083 0.208554 0.205841 0.216760 0.253380 0.287482 0.306622 0.327314 0.323912 0.314738 0.313174 0.333324 0.366586 0.369879 0.370000 0.370000 0.370000 0.370000 0.370000 0.370000 0.370000 0.370000 0.370000 0.370000 0.370000 0.370000 0.370000 0.370000 0.370000 0.370000 0.370000 0.370000 0.370000 0.370000 0.370000 0.370000 0.370000 0.370000 0.370000 0.370000 0.370000 0.370000 0.370000 0.370000 0.370000 0.370000 0.370000 0.370000 0.370000 0.370000 0.370000 0.370000 0.370000 0.370000 0.370000
-9999.0 0.182223 0.194975 0.191452 0.180622 0.195169 0.200761 0.216130 0.226778 0.220330 0.232974 0.280772 0.340763 0.369508 0.369956 0.369981 0.369985 0.369971 0.369982 0.369999 0.370000 0.370000 0.370000 0.370000 0.370000 0.370000 0.370000 0.370000 0.370000 0.370000 0.370000 0.370000 0.370000 0.370000 0.370000 0.370000 0.370000 0.370000 0.370000 0.370000 0.370000 0.370000 0.370000 0.370000 0.370000 0.370000 0.370000 0.370000 0.370000 0.370000 0.370000 0.370000 0.370000 0.370000 0.370000 0.370000 0.370000 0.370000 0.370000 0.370000 0.370000 0.370000 0.370000
-9999.0 0.167753 0.185239 0.170171 0.190119 0.208193 0.204307 0.229731 0.257429 0.258837 0.315869 0.369167 0.369998 0.370000 0.370000 0.370000 0.370000 0.370000 0.370000 0.370000 0.370000 0.370000 0.370000 0.370000 0.370000 0.370000 0.370000 0.370000 0.370000 0.370000 0.370000 0.370000 0.370000 0.370000 0.370000 0.370000 0.370000 0.370000 0.370000 0.370000 0.370000 0.370000 0.370000 0.370000 0.370000 0.370000 0.370000 0.370000 0.370000 0.370000 0.370000 0.370000 0.370000 0.370000 0.370000 0.370000 0.370000 0.370000 0.370000 0.370000 0.370000 0.370000 0.370000
-9999.0 0.158034 0.169423 0.177969 0.195749 0.208627 0.220562 0.247631 0.300694 0.334693 0.369316 0.369998 0.370000 0.370000 0.370000 0.370000 0.370000 0.370000 0.370000 0.370000 0.370000 0.370000 0.370000 0.370000 0.370000 0.370000 0.370000 0.370000 0.370000 0.370000 0.370000 0.370000 0.370000 0.370000 0.370000 0.370000 0.370000 0.370000 0.370000 0.370000 0.370000 0.370000 0.370000 0.370000 0.370000 0.370000 0.370000 0.370000 0.370000 0.370000 0.370000 0.370000 0.370000 0.370000 0.370000 0.370000 0.370000 0.370000 0.370000 0.370000 0.369994 0.369983 0.369972
-9999.0 0.138022 0.173723 0.177936 0.188241 0.191027 0.193204 0.213866 0.243511 0.332453 0.369955 0.370000 0.370000 0.370000 0.370000 0.370000 0.370000 0.370000 0.370000 0.370000 0.370000 0.370000 0.370000 0.370000 0.370000 0.370000 0.370000 0.370000 0.370000 0.370000 0.370000 0.370000 0.370000 0.370000 0.370000 0.370000 0.370000 0.370000 0.370000 0.370000 0.370000 0.370000 0.370000 0.370000 0.370000 0.370000 0.370000 0.370000 0.370000 0.370000 0.370000 0.370000 0.370000 0.370000 0.370000 0.370000 0.369997 0.369974 0.369801 0.365080 0.333637 0.315961 0.314034
-9999.0 -9999.0 0.156307 0.178330 0.180681 0.183752 0.186256 0.202620 0.218892 0.277473 0.330733 0.369253 0.369958 0.369995 0.370000 0.370000 0.370000 0.370000 0.370000 0.370000 0.370000 0.370000 0.370000 0.370000 0.370000 0.370000 0.370000 0.370000 0.370000 0.370000 0.370000 0.370000 0.370000 0.370000 0.370000 0.370000 0.370000 0.370000 0.370000 0.370000 0.370000 0.369999 0.369999 0.369998 0.369998 0.369998 0.369998 0.369995 0.369991 0.369984 0.369981 0.369976 0.369964 0.369916 0.369669 0.365251 0.346484 0.328676 0.312048 0.287233 0.266905 0.249634 0.239074
-9999.0 -9999.0 0.134887 0.166605 0.181702 0.192662 0.190200 0.190986 0.215564 0.225461 0.240864 0.268014 0.297752 0.322909 0.348985 0.369419 0.369890 0.369942 0.369954 0.369964 0.369981 0.369990 0.369994 0.369997 0.369999 0.370000 0.370000 0.370000 0.369998 0.369995 0.369986 0.369967 0.369951 0.369937 0.369947 0.369959 0.369946 0.369900 0.369650 0.365753 0.354656 0.344803 0.341735 0.340950 0.340963 0.339422 0.337135 0.330642 0.322683 0.316978 0.312304 0.307698 0.304649 0.297799 0.289201 0.283953 0.273755 0.263624 0.254590 0.243644 0.231201 0.225166 0.219429
-9999.0 -9999.0 -9999.0 0.138037 0.157608 0.173760 0.180135 0.170408 0.176225 0.188513 0.197339 0.211162 0.219407 0.227752 0.239495 0.260796 0.274090 0.277561 0.276139 0.296513 0.304972 0.320843 0.334069 0.339871 0.348563 0.357504 0.359799 0.353757 0.346632 0.336353 0.322807 0.308785 0.300074 0.300005 0.300502 0.303328 0.299658 0.295309 0.285801 0.276298 0.268954 0.263995 0.262820 0.261174 0.260517 0.259212 0.258200 0.255376 0.252026 0.248522 0.245229 0.244617 0.243779 0.242184 0.240172 0.239142 0.237652 0.229875 0.224447 0.219345 0.214090 0.209380 0.204917
-9999.0 -9999.0 -9999.0 -9999.0 -9999.0 0.126508 0.164449 0.172933 0.172932 0.169328 0.173185 0.189514 0.186977 0.189230 0.195861 0.199164 0.200596 0.205380 0.215416 0.223900 0.235063 0.242628 0.253065 0.262269 0.266018 0.272091 0.274314 0.268969 0.265305 0.259698 0.249946 0.239760 0.239393 0.240408 0.240971 0.240599 0.238781 0.237568 0.235922 0.231324 0.227325 0.226927 0.226556 0.225824 0.224892 0.224260 0.223765 0.223751 0.220963 0.218340 0.220035 0.219585 0.219346 0.219695 0.218546 0.218142 0.218994 0.212237 0.208569 0.210449 0.204303 0.200330 0.201738
-9999.0 -9999.0 -9999.0 -9999.0 -9999.0 -9999.0 0.122842 0.144988 0.165224 0.171005 0.180000 0.186985 0.177153 0.180583 0.184204 0.188163 0.194518 0.194563 0.196945 0.200582 0.205736 0.208281 0.214002 0.221953 0.221602 0.223308 0.227734 0.222995 0.220815 0.219970 0.211116 0.212798 0.211581 0.212654 0.213047 0.214096 0.212995 0.212001 0.211597 0.207688 0.207730 0.206819 0.206529 0.206194 0.205829 0.205696 0.205831 0.206086 0.203654 0.205270 0.205946 0.205311 0.205056 0.205621 0.205106 0.204047 0.204570 0.201703 0.201465 0.201669 0.196604 0.196860 0.196693
