tests/Borden05m/sims/sim_1/output-maps/thetaliqL0002N0013.asc
ncols         160
nrows         34
xllcorner     620200.000000
yllcorner     5168000.000000
cellsize      0.500000
NODATA_value  -9999.0
[rows 0 to 27 of 34, columns 63 to 125 of 160]
-9999.0 -9999.0 -9999.0 -9999.0 -9999.0 -9999.0 -9999.0 -9999.0 -9999.0 -9999.0 -9999.0 -9999.0 -9999.0 -9999.0 -9999.0 -9999.0 -9999.0 -9999.0 -9999.0 -9999.0 -9999.0 -9999.0 -9999.0 -9999.0 -9999.0 -9999.0 -9999.0 -9999.0 -9999.0 -9999.0 -9999.0 -9999.0 -9999.0 -9999.0 -9999.0 -9999.0 -9999.0 -9999.0 -9999.0 -9999.0 -9999.0 -9999.0 -9999.0 -9999.0 -9999.0 -9999.0 -9999.0 -9999.0 -9999.0 -9999.0 -9999.0 -9999.0 -9999.0 -9999.0 -9999.0 -9999.0 -9999.0 -9999.0 -9999.0 -9999.0 -9999.0 -9999.0 -9999.0
0.205656 0.204775 0.203725 0.203579 0.203714 0.203521 0.203084 0.203639 0.204353 0.204959 0.205830 0.205637 0.205731 0.206068 0.206160 0.206010 0.205608 0.205356 0.205056 0.205510 0.204295 0.202722 0.201527 0.201292 0.202332 0.202940 0.202807 0.203367 0.204606 0.205658 0.205980 0.207260 0.207020 0.207527 0.208393 0.207703 0.207556 0.207682 0.207969 0.206144 -9999.0 -9999.0 -9999.0 -9999.0 -9999.0 -9999.0 -9999.0 -9999.0 -9999.0 -9999.0 -9999.0 -9999.0 -9999.0 -9999.0 -9999.0 -9999.0 -9999.0 -9999.0 -9999.0 -9999.0 -9999.0 -9999.0 -9999.0
0.203122 0.201878 0.201589 0.200668 0.200271 0.200165 0.199788 0.200066 0.201589 0.202669 0.202965 0.202714 0.202583 0.202239 0.201998 0.202079 0.201704 0.201363 0.200999 0.201119 0.202105 0.200963 0.200399 0.199839 0.199235 0.199454 0.199633 0.199697 0.201123 0.201654 0.202012 0.203953 0.205779 0.206246 0.205485 0.204674 0.204905 0.204865 0.204137 0.203441 0.203484 0.203160 0.203031 0.202347 0.203401 0.203365 0.204538 0.205517 0.206671 0.208430 -9999.0 -9999.0 -9999.0 -9999.0 -9999.0 -9999.0 -9999.0 -9999.0 -9999.0 -9999.0 -9999.0 -9999.0 -9999.0
0.201309 0.200896 0.199999 0.198633 0.200154 0.199936 0.199786 0.200052 0.200549 0.200740 0.200971 0.201313 0.202683 0.202563 0.202437 0.202509 0.202273 0.201835 0.201884 0.201652 0.200501 0.200692 0.200977 0.200721 0.201856 0.201913 0.202569 0.200555 0.200872 0.201332 0.201647 0.201862 0.202130 0.202529 0.201647 0.202288 0.201614 0.200099 0.199767 0.199938 0.201235 0.201903 0.201143 0.198411 0.199849 0.202903 0.202642 0.202127 0.203603 0.205059 0.207167 0.206864 0.206677 0.206914 0.207331 0.205565 0.204478 0.203716 0.201241 -9999.0 -9999.0 -9999.0 -9999.0
0.201254 0.200268 0.199078 0.201523 0.202514 0.201945 0.202219 0.202933 0.202962 0.199892 0.199098 0.200258 0.201481 0.201991 0.201423 0.201149 0.200627 0.200639 0.200972 0.200653 0.201130 0.201534 0.200998 0.201768 0.202651 0.203512 0.201584 0.199857 0.199960 0.201385 0.202417 0.202927 0.204419 0.206804 0.206398 0.205866 0.205636 0.205403 0.202654 0.200183 0.199222 0.198810 0.198098 0.198691 0.198167 0.200582 0.200379 0.199979 0.201128 0.202008 0.203147 0.203960 0.203815 0.204122 0.204531 0.204064 0.202840 0.202232 0.201874 0.200817 0.198687 0.194714 0.195000
0.198703 0.198735 0.200877 0.202028 0.204045 0.203258 0.203308 0.203226 0.201149 0.199600 0.198546 0.201668 0.204186 0.204996 0.204286 0.203687 0.205979 0.205298 0.205011 0.203647 0.204130 0.203905 0.206320 0.207244 0.208535 0.208029 0.205612 0.203605 0.203501 0.203706 0.203448 0.203996 0.205494 0.207420 0.205987 0.205384 0.205553 0.201401 0.198255 0.197221 0.199478 0.200785 0.200565 0.200796 0.200922 0.199303 0.199696 0.199874 0.199100 0.200952 0.202815 0.203005 0.201381 0.200848 0.201617 0.201482 0.201643 0.200944 0.200170 0.199640 0.195915 0.197145 0.195154
0.203197 0.204003 0.205139 0.207337 0.211711 0.210765 0.211025 0.212501 0.210073 0.207841 0.204504 0.208216 0.209052 0.210270 0.210060 0.212979 0.215633 0.213993 0.211772 0.209146 0.210723 0.214201 0.217520 0.218290 0.218670 0.219287 0.216886 0.216268 0.215768 0.216009 0.214417 0.214474 0.216958 0.221325 0.221823 0.219694 0.215575 0.209495 0.204186 0.201414 0.204701 0.203744 0.203313 0.203877 0.201864 0.200722 0.202466 0.200941 0.199772 0.202308 0.202548 0.202165 0.200081 0.202616 0.202203 0.200182 0.198880 0.198233 0.197749 0.196807 0.197730 0.197172 0.195496
0.205236 0.206026 0.209214 0.213856 0.219430 0.222708 0.225784 0.229279 0.226582 0.223695 0.220454 0.221052 0.224855 0.228780 0.233650 0.239398 0.245853 0.244274 0.241035 0.240768 0.242160 0.249026 0.255817 0.258790 0.260815 0.264786 0.262164 0.257411 0.252164 0.247145 0.242894 0.239601 0.245271 0.251708 0.250454 0.238664 0.229522 0.220649 0.213060 0.205593 0.205724 0.207025 0.208238 0.205605 0.204381 0.202069 0.201615 0.201878 0.199366 0.200749 0.201036 0.202779 0.205453 0.206128 0.203825 0.202605 0.201235 0.199783 0.198642 0.199606 0.199991 0.198877 0.197738
0.233345 0.234872 0.239762 0.254592 0.281353 0.307425 0.322876 0.325176 0.321035 0.314475 0.302356 0.295058 0.305738 0.316208 0.323677 0.327961 0.331265 0.333535 0.333378 0.333409 0.334018 0.334724 0.336157 0.337905 0.339674 0.341677 0.342360 0.339988 0.337539 0.334796 0.332187 0.331509 0.330656 0.332225 0.332006 0.326018 0.312869 0.286322 0.258645 0.241998 0.231169 0.231051 0.226426 0.222750 0.218741 0.210562 0.208412 0.207234 0.201074 0.200471 0.202478 0.205141 0.207151 0.203657 0.202179 0.200867 0.199412 0.197537 0.198436 0.199610 0.200021 0.199680 0.199683
0.322143 0.324879 0.327106 0.336132 0.346315 0.354594 0.359705 0.361262 0.359826 0.357989 0.355586 0.353291 0.353425 0.356324 0.359285 0.361618 0.362899 0.363313 0.363121 0.363141 0.363248 0.363568 0.363747 0.364176 0.364810 0.365765 0.366762 0.366592 0.365278 0.363954 0.362017 0.360979 0.360374 0.359368 0.359220 0.359159 0.354590 0.348067 0.339124 0.329494 0.321317 0.305265 0.285514 0.268901 0.245892 0.229737 0.218621 0.211446 0.205048 0.203895 0.211109 0.218144 0.214507 0.213175 0.211068 0.207616 0.204888 0.201393 0.201967 0.202588 0.202231 0.201783 0.201230
0.359362 0.360369 0.361609 0.363810 0.366841 0.368692 0.369504 0.369611 0.369508 0.369338 0.369053 0.368859 0.368737 0.368886 0.369125 0.369373 0.369560 0.369681 0.369706 0.369704 0.369701 0.369698 0.369722 0.369734 0.369758 0.369832 0.369873 0.369894 0.369837 0.369730 0.369529 0.369333 0.369005 0.368734 0.368658 0.368654 0.368625 0.367756 0.365550 0.360489 0.355017 0.349282 0.345058 0.340389 0.336219 0.325004 0.315221 0.288452 0.259109 0.240663 0.250911 0.242423 0.236680 0.230477 0.223444 0.218207 0.213728 0.209175 0.208696 0.208803 0.207985 0.207773 0.206917
0.369328 0.369474 0.369638 0.369778 0.369897 0.369974 0.370000 0.370000 0.370000 0.370000 0.369994 0.369999 0.369992 0.369992 0.369999 0.370000 0.370000 0.370000 0.370000 0.370000 0.370000 0.370000 0.370000 0.370000 0.370000 0.370000 0.370000 0.370000 0.370000 0.370000 0.370000 0.369999 0.369979 0.369963 0.369952 0.369948 0.369941 0.369911 0.369771 0.369244 0.368037 0.366409 0.364700 0.363164 0.361959 0.360910 0.358535 0.352953 0.342679 0.332255 0.327195 0.322914 0.312596 0.287438 0.262520 0.248770 0.233221 0.221705 0.216166 0.215301 0.214417 0.213264 0.211533
0.370000 0.370000 0.370000 0.370000 0.370000 0.370000 0.370000 0.370000 0.370000 0.370000 0.370000 0.370000 0.370000 0.370000 0.370000 0.370000 0.370000 0.370000 0.370000 0.370000 0.370000 0.370000 0.370000 0.370000 0.370000 0.370000 0.370000 0.370000 0.370000 0.370000 0.370000 0.370000 0.370000 0.370000 0.370000 0.370000 0.370000 0.370000 0.370000 0.369989 0.369926 0.369734 0.369493 0.369326 0.369200 0.369083 0.368685 0.367841 0.366146 0.362680 0.356679 0.354199 0.350193 0.342970 0.336521 0.331999 0.319806 0.290037 0.261914 0.251402 0.238855 0.229950 0.225143
0.370000 0.370000 0.370000 0.370000 0.370000 0.370000 0.370000 0.370000 0.370000 0.370000 0.370000 0.370000 0.370000 0.370000 0.370000 0.370000 0.370000 0.370000 0.370000 0.370000 0.370000 0.370000 0.370000 0.370000 0.370000 0.370000 0.370000 0.370000 0.370000 0.370000 0.370000 0.370000 0.370000 0.370000 0.370000 0.370000 0.370000 0.370000 0.370000 0.370000 0.370000 0.370000 0.369990 0.369979 0.369978 0.369973 0.369962 0.369905 0.369704 0.369135 0.367811 0.366476 0.365326 0.364356 0.363214 0.361434 0.355584 0.346409 0.336910 0.329960 0.318315 0.294832 0.270208
0.370000 0.370000 0.370000 0.370000 0.370000 0.370000 0.370000 0.370000 0.370000 0.370000 0.370000 0.370000 0.370000 0.370000 0.370000 0.370000 0.370000 0.370000 0.370000 0.370000 0.370000 0.370000 0.370000 0.370000 0.370000 0.370000 0.370000 0.370000 0.370000 0.370000 0.370000 0.370000 0.370000 0.370000 0.370000 0.370000 0.370000 0.370000 0.370000 0.370000 0.370000 0.370000 0.370000 0.370000 0.370000 0.370000 0.370000 0.370000 0.369994 0.369962 0.369862 0.369577 0.369391 0.369251 0.369053 0.368767 0.367331 0.364665 0.360545 0.356103 0.350619 0.343556 0.335795
0.370000 0.370000 0.370000 0.370000 0.370000 0.370000 0.370000 0.370000 0.370000 0.370000 0.370000 0.370000 0.370000 0.369999 0.369997 0.369995 0.369995 0.369997 0.369998 0.369999 0.370000 0.370000 0.369999 0.369997 0.369994 0.369994 0.369995 0.369996 0.369999 0.369999 0.369999 0.369999 0.369999 0.369998 0.369998 0.369999 0.370000 0.370000 0.370000 0.370000 0.370000 0.370000 0.370000 0.370000 0.370000 0.370000 0.370000 0.370000 0.370000 0.370000 0.370000 0.369990 0.369979 0.369970 0.369955 0.369930 0.369781 0.369307 0.368269 0.366582 0.364213 0.361317 0.357627
0.370000 0.370000 0.370000 0.370000 0.370000 0.369999 0.369998 0.369998 0.369998 0.369998 0.369997 0.369993 0.369979 0.369945 0.369888 0.369863 0.369838 0.369828 0.369890 0.369947 0.369966 0.369947 0.369904 0.369824 0.369758 0.369731 0.369742 0.369808 0.369900 0.369948 0.369950 0.369929 0.369902 0.369887 0.369887 0.369929 0.369979 0.369994 0.369998 0.369999 0.370000 0.370000 0.370000 0.370000 0.370000 0.370000 0.370000 0.370000 0.370000 0.370000 0.370000 0.370000 0.370000 0.370000 0.370000 0.369999 0.369991 0.369946 0.369816 0.369496 0.368987 0.368310 0.367013
0.369998 0.369997 0.369996 0.369992 0.369982 0.369958 0.369915 0.369898 0.369888 0.369894 0.369836 0.369745 0.369499 0.369180 0.368735 0.368442 0.368222 0.368009 0.368394 0.368982 0.369241 0.368843 0.368452 0.367794 0.367387 0.367171 0.367214 0.367713 0.368675 0.369179 0.369298 0.369115 0.368926 0.368839 0.368851 0.369041 0.369437 0.369722 0.369870 0.369934 0.369967 0.369980 0.369990 0.369996 0.369999 0.370000 0.370000 0.370000 0.370000 0.370000 0.370000 0.370000 0.370000 0.370000 0.370000 0.370000 0.370000 0.370000 0.369994 0.369962 0.369894 0.369768 0.369564
0.369935 0.369914 0.369873 0.369497 0.369204 0.368711 0.368131 0.367887 0.367503 0.367310 0.366665 0.366080 0.365008 0.363328 0.361241 0.359152 0.358531 0.357955 0.357431 0.359347 0.360108 0.359546 0.358278 0.356816 0.355968 0.355443 0.356170 0.358439 0.360371 0.361966 0.362564 0.361753 0.362397 0.363120 0.363148 0.364837 0.366136 0.367384 0.368426 0.369128 0.369396 0.369557 0.369698 0.369833 0.369923 0.369974 0.369994 0.369999 0.370000 0.370000 0.370000 0.370000 0.370000 0.370000 0.370000 0.370000 0.370000 0.370000 0.370000 0.370000 0.369998 0.369990 0.369969
0.369438 0.369327 0.368459 0.366117 0.363178 0.360937 0.357818 0.356153 0.354312 0.349098 0.345327 0.342895 0.343218 0.339880 0.335060 0.331081 0.329456 0.328442 0.325731 0.324819 0.325908 0.328459 0.326078 0.324529 0.325074 0.324228 0.323891 0.326891 0.330941 0.333098 0.335291 0.337359 0.338631 0.340682 0.347492 0.351297 0.354438 0.358105 0.361441 0.364188 0.365903 0.366806 0.367642 0.368502 0.369051 0.369507 0.369788 0.369937 0.369980 0.369992 0.369997 0.369999 0.370000 0.370000 0.370000 0.370000 0.370000 0.370000 0.370000 0.370000 0.370000 0.370000 0.370000
0.365032 0.363917 0.358497 0.350385 0.341513 0.335178 0.328359 0.323520 0.311333 0.285694 0.269640 0.269523 0.273267 0.268775 0.258047 0.250062 0.245089 0.240443 0.234548 0.231282 0.234387 0.237704 0.237365 0.237013 0.238098 0.237890 0.237586 0.238129 0.244360 0.248905 0.254013 0.258509 0.262574 0.282001 0.304837 0.319137 0.328208 0.334819 0.342157 0.349203 0.353907 0.356733 0.359775 0.362490 0.364783 0.366596 0.368102 0.369133 0.369580 0.369753 0.369857 0.369929 0.369979 0.369996 0.370000 0.370000 0.370000 0.370000 0.370000 0.370000 0.370000 0.370000 0.370000
0.346739 0.338764 0.326994 0.308578 0.278715 0.259026 0.246082 0.236270 0.227080 0.219965 0.215871 0.218426 0.219778 0.222097 0.218391 0.215513 0.214846 0.212301 0.210090 0.207185 0.209514 0.210549 0.213322 0.213014 0.213064 0.214320 0.213691 0.213504 0.211767 0.213788 0.214952 0.216371 0.221740 0.227359 0.234030 0.241184 0.251230 0.266454 0.290398 0.315359 0.328474 0.335171 0.341524 0.348024 0.352839 0.356713 0.360515 0.364021 0.366227 0.367465 0.368419 0.368993 0.369527 0.369834 0.369951 0.369994 0.369999 0.370000 0.370000 0.370000 0.370000 0.370000 0.370000
0.273197 0.253902 0.235001 0.225750 0.221094 0.216654 0.213531 0.211211 0.207547 0.205088 0.201391 0.202846 0.204830 0.207747 0.205331 0.204986 0.205506 0.204118 0.202672 0.200302 0.200675 0.202568 0.204863 0.204727 0.205178 0.206518 0.206553 0.205489 0.203338 0.203852 0.205209 0.206527 0.209236 0.211845 0.214527 0.216985 0.220689 0.225456 0.231347 0.240560 0.254484 0.268729 0.293286 0.318203 0.329320 0.334281 0.339812 0.347780 0.352819 0.357109 0.360650 0.362954 0.365959 0.368073 0.369334 0.369826 0.369962 0.369988 0.369996 0.369999 0.370000 0.370000 0.370000
0.214326 0.209523 0.207766 0.206144 0.204396 0.202983 0.201481 0.200148 0.199084 0.197368 0.193912 0.195366 0.197368 0.199675 0.199751 0.199512 0.199723 0.199202 0.197629 0.194844 0.196016 0.197698 0.199230 0.199693 0.199976 0.200948 0.200245 0.198806 0.196750 0.197610 0.199167 0.200012 0.201109 0.202772 0.204573 0.206400 0.208594 0.210908 0.214172 0.218089 0.222911 0.228676 0.236002 0.247035 0.255682 0.266845 0.280987 0.303871 0.321320 0.330140 0.337767 0.345400 0.353417 0.360689 0.365457 0.368037 0.369277 0.369690 0.369858 0.369939 0.369986 0.369998 0.370000
0.204802 0.202297 0.200816 0.199695 0.200362 0.199872 0.198290 0.198422 0.197614 0.194846 0.195877 0.196681 0.198967 0.198531 0.198404 0.197862 0.198243 0.197889 0.195180 0.196561 0.197144 0.198723 0.198986 0.199309 0.199556 0.199841 0.199515 0.197569 0.197976 0.198479 0.199928 0.199940 0.200510 0.202199 0.202681 0.203715 0.205227 0.206877 0.208908 0.211469 0.215177 0.219145 0.223120 0.224473 0.227419 0.230059 0.228199 0.234231 0.241704 0.251773 0.269623 0.296752 0.322337 0.337049 0.350364 0.359345 0.364521 0.367547 0.368605 0.369302 0.369703 0.369897 0.369972
0.198557 0.196782 0.194983 0.196042 0.196247 0.196202 0.195892 0.195382 0.194187 0.195660 0.195849 0.195735 0.195588 0.195580 0.195765 0.195492 0.195337 0.195422 0.196525 0.196676 0.196314 0.196731 0.197048 0.197407 0.196959 0.197067 0.197101 0.197505 0.197450 0.197140 0.197827 0.198024 0.198226 0.198906 0.199376 0.199989 0.201185 0.202123 0.203353 0.205576 0.208399 0.210416 0.210680 0.212258 0.212985 0.211690 0.210589 0.212754 0.215098 0.217261 0.222426 0.228557 0.238332 0.269472 0.316602 0.335804 0.348053 0.356794 0.361911 0.365193 0.367237 0.368767 0.369460
0.196809 0.195291 0.195032 0.195848 0.195956 0.195962 0.195053 0.194195 0.195092 0.195433 0.195376 0.195018 0.195402 0.195556 0.196049 0.195572 0.195337 0.195471 0.195591 0.195518 0.195872 0.196126 0.196334 0.197509 0.196868 0.196816 0.197227 0.197049 0.196919 0.196599 0.197385 0.197661 0.197738 0.198422 0.198826 0.199274 0.199936 0.201064 0.203272 0.205009 0.207352 0.209649 0.210048 0.210402 0.209832 0.209282 0.206787 0.206751 0.209332 0.208826 0.210883 0.214574 0.215208 0.224819 0.242569 0.265467 0.305196 0.327913 0.343960 0.352006 0.358606 0.363437 0.366526
0.194852 0.195005 0.194294 0.194515 0.194455 0.193995 0.193424 0.194109 0.194065 0.194001 0.194049 0.193845 0.194203 0.194485 0.194773 0.194605 0.194573 0.194064 0.194049 0.194568 0.194621 0.194939 0.195622 0.196547 0.195939 0.195823 0.195839 0.195621 0.195648 0.195306 0.195955 0.196450 0.196589 0.197424 0.197789 0.197375 0.198338 0.200005 0.201715 0.202900 0.204816 0.207931 0.206960 0.206847 0.207242 0.205207 0.202784 0.202718 0.203502 0.202887 0.204537 0.205602 0.205584 0.210084 0.214260 0.219876 0.229931 0.253076 0.296966 0.324103 0.337224 0.347914 0.355195
