tests/Borden05m/sims/sim_1/output-maps/thetaliqL0007N0011.asc
ncols         160
nrows         34
xllcorner     620200.000000
yllcorner     5168000.000000
cellsize      0.500000
NODATA_value  -9999.0
[rows 0 to 27 of 34, columns 0 to 62 of 160]
-9999.0 -9999.0 -9999.0 -9999.0 -9999.0 -9999.0 -9999.0 -9999.0 -9999.0 -9999.0 -9999.0 -9999.0 -9999.0 -9999.0 -9999.0 -9999.0 -9999.0 -9999.0 -9999.0 -9999.0 -9999.0 -9999.0 -9999.0 -9999.0 -9999.0 -9999.0 -9999.0 -9999.0 -9999.0 -9999.0 -9999.0 -9999.0 -9999.0 -9999.0 -9999.0 -9999.0 -9999.0 -9999.0 -9999.0 -9999.0 -9999.0 -9999.0 -9999.0 -9999.0 -9999.0 -9999.0 -9999.0 -9999.0 -9999.0 -9999.0 -9999.0 -9999.0 -9999.0 -9999.0 -9999.0 -9999.0 -9999.0 -9999.0 -9999.0 -9999.0 -9999.0 -9999.0 -9999.0
-9999.0 -9999.0 -9999.0 -9999.0 -9999.0 -9999.0 -9999.0 -9999.0 -9999.0 -9999.0 -9999.0 -9999.0 -9999.0 -9999.0 -9999.0 -9999.0 -9999.0 -9999.0 -9999.0 -9999.0 -9999.0 -9999.0 -9999.0 -9999.0 -9999.0 -9999.0 -9999.0 -9999.0 -9999.0 -9999.0 -9999.0 -9999.0 -9999.0 -9999.0 -9999.0 -9999.0 -9999.0 -9999.0 -9999.0 -9999.0 -9999.0 -9999.0 -9999.0 -9999.0 -9999.0 -9999.0 -9999.0 -9999.0 -9999.0 -9999.0 -9999.0 -9999.0 -9999.0 -9999.0 -9999.0 -9999.0 -9999.0 -9999.0 -9999.0 0.332170 0.329262 0.326256 0.323297
-9999.0 -9999.0 -9999.0 -9999.0 -9999.0 -9999.0 -9999.0 -9999.0 -9999.0 -9999.0 -9999.0 -9999.0 -9999.0 -9999.0 -9999.0 -9999.0 -9999.0 -9999.0 -9999.0 -9999.0 -9999.0 -9999.0 -9999.0 -9999.0 -9999.0 -9999.0 -9999.0 -9999.0 -9999.0 -9999.0 -9999.0 -9999.0 -9999.0 -9999.0 -9999.0 -9999.0 -9999.0 -9999.0 -9999.0 -9999.0 -9999.0 -9999.0 -9999.0 -9999.0 -9999.0 -9999.0 -9999.0 0.241529 0.227321 0.213857 0.212606 0.230465 0.249140 0.268020 0.283836 0.297498 0.310398 0.322344 0.324195 0.317843 0.314802 0.312569 0.310985
-9999.0 -9999.0 -9999.0 -9999.0 -9999.0 -9999.0 -9999.0 -9999.0 -9999.0 -9999.0 -9999.0 -9999.0 -9999.0 -9999.0 -9999.0 -9999.0 -9999.0 -9999.0 -9999.0 -9999.0 -9999.0 -9999.0 -9999.0 -9999.0 -9999.0 -9999.0 -9999.0 -9999.0 -9999.0 -9999.0 -9999.0 -9999.0 -9999.0 -9999.0 -9999.0 -9999.0 -9999.0 -9999.0 -9999.0 -9999.0 0.279820 0.284256 0.285492 0.276854 0.267697 0.258139 0.241880 0.227361 0.214825 0.212377 0.214155 0.218577 0.236864 0.256197 0.271532 0.284941 0.298847 0.312222 0.313962 0.306651 0.300598 0.297445 0.297287
-9999.0 -9999.0 -9999.0 -9999.0 -9999.0 -9999.0 -9999.0 -9999.0 -9999.0 -9999.0 -9999.0 -9999.0 -9999.0 -9999.0 -9999.0 -9999.0 -9999.0 -9999.0 -9999.0 -9999.0 -9999.0 -9999.0 -9999.0 -9999.0 -9999.0 -9999.0 -9999.0 -9999.0 -9999.0 -9999.0 -9999.0 -9999.0 -9999.0 -9999.0 0.207300 0.220723 0.234921 0.249484 0.262665 0.267727 0.272315 0.276801 0.273491 0.269403 0.260081 0.244932 0.228760 0.217196 0.214808 0.212531 0.215706 0.225844 0.238899 0.252026 0.268641 0.286282 0.292820 0.301352 0.303298 0.299505 0.299895 0.300697 0.301566
-9999.0 -9999.0 -9999.0 -9999.0 -9999.0 -9999.0 -9999.0 -9999.0 -9999.0 -9999.0 -9999.0 -9999.0 -9999.0 -9999.0 -9999.0 -9999.0 -9999.0 -9999.0 -9999.0 -9999.0 -9999.0 -9999.0 -9999.0 -9999.0 -9999.0 -9999.0 -9999.0 -9999.0 0.211447 0.206830 0.202746 0.201394 0.200191 0.199043 0.203976 0.213169 0.227343 0.244310 0.254353 0.259842 0.264816 0.265236 0.261152 0.259039 0.258857 0.249125 0.239412 0.230365 0.221780 0.220663 0.227945 0.238659 0.251226 0.262766 0.274540 0.284809 0.295707 0.310367 0.315693 0.311539 0.307361 0.304587 0.304769
-9999.0 -9999.0 -9999.0 -9999.0 -9999.0 -9999.0 -9999.0 -9999.0 -9999.0 -9999.0 -9999.0 -9999.0 -9999.0 -9999.0 -9999.0 -9999.0 -9999.0 -9999.0 -9999.0 -9999.0 -9999.0 -9999.0 -9999.0 0.190739 0.194972 0.199433 0.204570 0.204979 0.201525 0.197140 0.194557 0.193144 0.191796 0.194573 0.200444 0.210412 0.222456 0.239337 0.245965 0.251198 0.261066 0.262375 0.265596 0.268425 0.266561 0.264142 0.254289 0.246929 0.251531 0.256332 0.261023 0.266483 0.276293 0.288036 0.300784 0.314468 0.327143 0.336864 0.343968 0.341425 0.337372 0.331609 0.331659
-9999.0 -9999.0 -9999.0 -9999.0 -9999.0 -9999.0 -9999.0 -9999.0 -9999.0 -9999.0 -9999.0 -9999.0 -9999.0 -9999.0 -9999.0 -9999.0 -9999.0 -9999.0 -9999.0 0.174713 0.175090 0.175507 0.178206 0.178713 0.180009 0.184433 0.189730 0.190843 0.189524 0.188037 0.188796 0.190310 0.192856 0.200837 0.210854 0.221437 0.232398 0.248905 0.260511 0.271446 0.283769 0.282112 0.278091 0.275847 0.275731 0.275913 0.280795 0.283585 0.287499 0.291851 0.296816 0.302674 0.309506 0.320939 0.332085 0.341606 0.349104 0.354894 0.359337 0.358711 0.356011 0.352594 0.352677
-9999.0 -9999.0 -9999.0 -9999.0 -9999.0 -9999.0 -9999.0 -9999.0 -9999.0 -9999.0 -9999.0 -9999.0 -9999.0 -9999.0 -9999.0 -9999.0 0.158459 0.159359 0.160337 0.163165 0.164324 0.166405 0.170253 0.170622 0.172765 0.176950 0.179912 0.185181 0.190155 0.194973 0.198862 0.200439 0.205840 0.212789 0.221660 0.233856 0.251358 0.269194 0.281597 0.293727 0.305206 0.304938 0.303667 0.304006 0.304290 0.309756 0.321188 0.324743 0.326930 0.336875 0.343155 0.345303 0.347928 0.353623 0.359469 0.364084 0.367387 0.368717 0.369389 0.369530 0.369250 0.369144 0.369293
-9999.0 -9999.0 -9999.0 -9999.0 -9999.0 -9999.0 -9999.0 -9999.0 -9999.0 -9999.0 -9999.0 -9999.0 -9999.0 0.137472 0.139182 0.143103 0.146626 0.147483 0.149147 0.151733 0.157891 0.159549 0.162777 0.166937 0.173449 0.178484 0.184223 0.191915 0.197567 0.202417 0.207334 0.212168 0.222570 0.234544 0.247166 0.263280 0.279941 0.295577 0.310034 0.319147 0.327193 0.329114 0.327768 0.328362 0.332653 0.341374 0.348924 0.353384 0.359188 0.363499 0.365456 0.366809 0.367571 0.368348 0.369187 0.369832 0.369985 0.370000 0.370000 0.370000 0.370000 0.370000 0.370000
-9999.0 -9999.0 -9999.0 -9999.0 -9999.0 -9999.0 -9999.0 -9999.0 -9999.0 -9999.0 0.123897 0.124771 0.123504 0.123787 0.125229 0.129376 0.134307 0.137041 0.141683 0.151202 0.159884 0.161533 0.169928 0.175685 0.179489 0.186250 0.194991 0.204095 0.216963 0.226539 0.236504 0.253216 0.266124 0.278634 0.291632 0.305245 0.318810 0.335402 0.346993 0.351943 0.358452 0.361465 0.360970 0.361038 0.362410 0.365048 0.367476 0.368998 0.369627 0.369909 0.369980 0.369995 0.369999 0.370000 0.370000 0.370000 0.370000 0.370000 0.370000 0.370000 0.370000 0.370000 0.370000
-9999.0 -9999.0 -9999.0 -9999.0 -9999.0 -9999.0 -9999.0 -9999.0 0.116397 0.118352 0.120279 0.119235 0.117668 0.116667 0.120495 0.125671 0.131393 0.138058 0.144971 0.153440 0.161609 0.171052 0.182843 0.190472 0.198492 0.209254 0.219346 0.233328 0.250213 0.262131 0.277395 0.293782 0.307415 0.318741 0.329059 0.338149 0.349857 0.359351 0.364815 0.367394 0.368945 0.369613 0.369661 0.369726 0.369801 0.369959 0.369998 0.370000 0.370000 0.370000 0.370000 0.370000 0.370000 0.370000 0.370000 0.370000 0.370000 0.370000 0.370000 0.370000 0.370000 0.370000 0.370000
-9999.0 -9999.0 -9999.0 -9999.0 -9999.0 -9999.0 0.109589 0.116057 0.120468 0.117960 0.115622 0.114625 0.113618 0.118792 0.125643 0.131657 0.138231 0.145743 0.153466 0.161326 0.182703 0.193127 0.203560 0.218478 0.228904 0.239584 0.253238 0.271993 0.289900 0.313215 0.331258 0.344058 0.353395 0.358621 0.362313 0.365211 0.368058 0.369508 0.369926 0.369994 0.370000 0.370000 0.370000 0.370000 0.370000 0.370000 0.370000 0.370000 0.370000 0.370000 0.370000 0.370000 0.370000 0.370000 0.370000 0.370000 0.370000 0.370000 0.370000 0.370000 0.370000 0.370000 0.370000
-9999.0 -9999.0 -9999.0 -9999.0 0.102130 0.106629 0.111704 0.120651 0.128353 0.126220 0.128837 0.128968 0.128421 0.129042 0.130885 0.137901 0.145471 0.153847 0.163859 0.187739 0.217367 0.230215 0.251989 0.277525 0.287973 0.298495 0.308828 0.323263 0.339084 0.352793 0.363428 0.367734 0.369109 0.369670 0.369890 0.369979 0.369999 0.370000 0.370000 0.370000 0.370000 0.370000 0.370000 0.370000 0.370000 0.370000 0.370000 0.370000 0.370000 0.370000 0.370000 0.370000 0.370000 0.370000 0.370000 0.370000 0.370000 0.370000 0.370000 0.370000 0.370000 0.370000 0.370000
-9999.0 -9999.0 -9999.0 0.094067 0.100602 0.108489 0.115787 0.125627 0.137715 0.140542 0.144037 0.147115 0.150420 0.154819 0.160182 0.169107 0.177032 0.184284 0.198183 0.225698 0.254884 0.282740 0.306598 0.326523 0.338740 0.345534 0.351479 0.358354 0.365238 0.368570 0.369832 0.369997 0.370000 0.370000 0.370000 0.370000 0.370000 0.370000 0.370000 0.370000 0.370000 0.370000 0.370000 0.370000 0.370000 0.370000 0.370000 0.370000 0.370000 0.370000 0.370000 0.370000 0.370000 0.370000 0.370000 0.370000 0.370000 0.370000 0.370000 0.370000 0.370000 0.370000 0.370000
-9999.0 -9999.0 0.088041 0.092675 0.098344 0.109358 0.124788 0.137438 0.156820 0.171257 0.175522 0.187827 0.199722 0.205873 0.218835 0.232400 0.241885 0.243485 0.252488 0.281904 0.320442 0.345862 0.357566 0.366703 0.368804 0.369463 0.369697 0.369917 0.369994 0.370000 0.370000 0.370000 0.370000 0.370000 0.370000 0.370000 0.370000 0.370000 0.370000 0.370000 0.370000 0.370000 0.370000 0.370000 0.370000 0.370000 0.370000 0.370000 0.370000 0.370000 0.370000 0.370000 0.370000 0.370000 0.370000 0.370000 0.370000 0.370000 0.370000 0.370000 0.370000 0.370000 0.370000
-9999.0 -9999.0 0.085485 0.090349 0.096742 0.111937 0.137117 0.154855 0.179976 0.210776 0.225392 0.243987 0.260571 0.276455 0.294693 0.311700 0.313645 0.314857 0.314297 0.343524 0.361244 0.368560 0.369953 0.370000 0.370000 0.370000 0.370000 0.370000 0.370000 0.370000 0.370000 0.370000 0.370000 0.370000 0.370000 0.370000 0.370000 0.370000 0.370000 0.370000 0.370000 0.370000 0.370000 0.370000 0.370000 0.370000 0.370000 0.370000 0.370000 0.370000 0.370000 0.370000 0.370000 0.370000 0.370000 0.370000 0.370000 0.370000 0.370000 0.370000 0.370000 0.370000 0.370000
-9999.0 0.078982 0.082513 0.087642 0.097578 0.112963 0.144616 0.191894 0.228049 0.261024 0.283241 0.299219 0.334857 0.354628 0.361219 0.365650 0.365445 0.365108 0.364275 0.368190 0.369824 0.370000 0.370000 0.370000 0.370000 0.370000 0.370000 0.370000 0.370000 0.370000 0.370000 0.370000 0.370000 0.370000 0.370000 0.370000 0.370000 0.370000 0.370000 0.370000 0.370000 0.370000 0.370000 0.370000 0.370000 0.370000 0.370000 0.370000 0.370000 0.370000 0.370000 0.370000 0.370000 0.370000 0.370000 0.370000 0.370000 0.370000 0.370000 0.370000 0.370000 0.370000 0.370000
-9999.0 0.077198 0.080703 0.086988 0.096780 0.114526 0.162072 0.252023 0.287356 0.311100 0.330127 0.352607 0.367769 0.369837 0.369989 0.370000 0.370000 0.370000 0.370000 0.370000 0.370000 0.370000 0.370000 0.370000 0.370000 0.370000 0.370000 0.370000 0.370000 0.370000 0.370000 0.370000 0.370000 0.370000 0.370000 0.370000 0.370000 0.370000 0.370000 0.370000 0.370000 0.370000 0.370000 0.370000 0.370000 0.370000 0.370000 0.370000 0.370000 0.370000 0.370000 0.370000 0.370000 0.370000 0.370000 0.370000 0.370000 0.370000 0.370000 0.370000 0.370000 0.370000 0.370000
-9999.0 0.076185 0.079760 0.084903 0.094138 0.124486 0.185023 0.282969 0.337903 0.352767 0.364716 0.369777 0.370000 0.370000 0.370000 0.370000 0.370000 0.370000 0.370000 0.370000 0.370000 0.370000 0.370000 0.370000 0.370000 0.370000 0.370000 0.370000 0.370000 0.370000 0.370000 0.370000 0.370000 0.370000 0.370000 0.370000 0.370000 0.370000 0.370000 0.370000 0.370000 0.370000 0.370000 0.370000 0.370000 0.370000 0.370000 0.370000 0.370000 0.370000 0.370000 0.370000 0.370000 0.370000 0.370000 0.370000 0.370000 0.370000 0.370000 0.370000 0.370000 0.370000 0.370000
-9999.0 0.073331 0.076172 0.079487 0.093225 0.134867 0.205547 0.321705 0.364814 0.369023 0.369997 0.370000 0.370000 0.370000 0.370000 0.370000 0.370000 0.370000 0.370000 0.370000 0.370000 0.370000 0.370000 0.370000 0.370000 0.370000 0.370000 0.370000 0.370000 0.370000 0.370000 0.370000 0.370000 0.370000 0.370000 0.370000 0.370000 0.370000 0.370000 0.370000 0.370000 0.370000 0.370000 0.370000 0.370000 0.370000 0.370000 0.370000 0.370000 0.370000 0.370000 0.370000 0.370000 0.370000 0.370000 0.370000 0.370000 0.370000 0.370000 0.370000 0.370000 0.370000 0.370000
-9999.0 0.071510 0.073302 0.077374 0.090048 0.126085 0.209997 0.334763 0.369542 0.370000 0.370000 0.370000 0.370000 0.370000 0.370000 0.370000 0.370000 0.370000 0.370000 0.370000 0.370000 0.370000 0.370000 0.370000 0.370000 0.370000 0.370000 0.370000 0.370000 0.370000 0.370000 0.370000 0.370000 0.370000 0.370000 0.370000 0.370000 0.370000 0.370000 0.370000 0.370000 0.370000 0.370000 0.370000 0.370000 0.370000 0.370000 0.370000 0.370000 0.370000 0.370000 0.370000 0.370000 0.370000 0.370000 0.370000 0.370000 0.370000 0.370000 0.370000 0.370000 0.370000 0.370000
-9999.0 0.070251 0.072101 0.075103 0.083003 0.101611 0.146744 0.264939 0.357604 0.369999 0.370000 0.370000 0.370000 0.370000 0.370000 0.370000 0.370000 0.370000 0.370000 0.370000 0.370000 0.370000 0.370000 0.370000 0.370000 0.370000 0.370000 0.370000 0.370000 0.370000 0.370000 0.370000 0.370000 0.370000 0.370000 0.370000 0.370000 0.370000 0.370000 0.370000 0.370000 0.370000 0.370000 0.370000 0.370000 0.370000 0.370000 0.370000 0.370000 0.370000 0.370000 0.370000 0.370000 0.370000 0.370000 0.370000 0.370000 0.370000 0.370000 0.370000 0.370000 0.370000 0.370000
-9999.0 -9999.0 0.070878 0.073185 0.077608 0.087572 0.110456 0.179292 0.299409 0.367838 0.369997 0.370000 0.370000 0.370000 0.370000 0.370000 0.370000 0.370000 0.370000 0.370000 0.370000 0.370000 0.370000 0.370000 0.370000 0.370000 0.370000 0.370000 0.370000 0.370000 0.370000 0.370000 0.370000 0.370000 0.370000 0.370000 0.370000 0.370000 0.370000 0.370000 0.370000 0.370000 0.370000 0.370000 0.370000 0.370000 0.370000 0.370000 0.370000 0.370000 0.370000 0.370000 0.370000 0.370000 0.370000 0.370000 0.370000 0.370000 0.370000 0.369994 0.369859 0.369082 0.367270
-9999.0 -9999.0 0.069841 0.071394 0.074439 0.080610 0.091385 0.114468 0.190465 0.287316 0.348369 0.366745 0.369751 0.369996 0.370000 0.370000 0.370000 0.370000 0.370000 0.370000 0.370000 0.370000 0.370000 0.370000 0.370000 0.370000 0.370000 0.370000 0.370000 0.370000 0.370000 0.370000 0.370000 0.370000 0.370000 0.370000 0.370000 0.370000 0.370000 0.370000 0.370000 0.370000 0.370000 0.370000 0.370000 0.370000 0.370000 0.370000 0.370000 0.370000 0.370000 0.370000 0.369999 0.369998 0.369993 0.369983 0.369931 0.369723 0.369100 0.367234 0.362469 0.355415 0.344767
-9999.0 -9999.0 -9999.0 0.070274 0.071886 0.074243 0.078433 0.084225 0.097740 0.127853 0.178265 0.250607 0.301761 0.335492 0.355871 0.365185 0.368009 0.368856 0.369313 0.369919 0.369990 0.370000 0.370000 0.370000 0.370000 0.370000 0.370000 0.370000 0.370000 0.370000 0.370000 0.370000 0.369997 0.369997 0.369997 0.369997 0.369995 0.369991 0.369974 0.369933 0.369852 0.369755 0.369694 0.369626 0.369572 0.369498 0.369407 0.369216 0.368903 0.368495 0.368084 0.367841 0.367560 0.367125 0.366452 0.365614 0.364106 0.359595 0.352936 0.343020 0.327391 0.307474 0.285233
-9999.0 -9999.0 -9999.0 -9999.0 -9999.0 0.070883 0.072858 0.075779 0.079837 0.085782 0.096922 0.119894 0.138278 0.162978 0.197742 0.231598 0.261769 0.291660 0.322944 0.344202 0.358455 0.364663 0.367893 0.369187 0.369541 0.369746 0.369804 0.369704 0.369545 0.369186 0.368184 0.366597 0.365973 0.365900 0.365887 0.365683 0.365078 0.364352 0.363279 0.361009 0.358548 0.357167 0.356059 0.354929 0.353699 0.352568 0.351407 0.350158 0.347032 0.344258 0.344264 0.343102 0.341896 0.340650 0.337618 0.333992 0.329312 0.314658 0.299729 0.288070 0.263124 0.240087 0.223835
-9999.0 -9999.0 -9999.0 -9999.0 -9999.0 -9999.0 0.070247 0.071653 0.073409 0.076035 0.080463 0.086502 0.090177 0.097174 0.107371 0.122289 0.144089 0.166076 0.192760 0.224416 0.259472 0.288010 0.313821 0.334247 0.341345 0.346161 0.350161 0.347217 0.343570 0.339417 0.329062 0.326313 0.322682 0.322513 0.322203 0.321956 0.318748 0.315128 0.311545 0.304375 0.300570 0.296279 0.293146 0.290107 0.286936 0.284192 0.282112 0.280081 0.275420 0.276175 0.276439 0.275007 0.273178 0.271185 0.266162 0.259274 0.252454 0.239059 0.227590 0.216285 0.197470 0.184176 0.171533
