tests/Borden05m/sims/sim_1/output-maps/thetaliqL0006N0019.asc
ncols         160
nrows         34
xllcorner     620200.000000
yllcorner     5168000.000000
cellsize      0.500000
NODATA_value  -9999.0
[rows 0 to 27 of 34, columns 0 to 62 of 160]
-9999.0 -9999.0 -9999.0 -9999.0 -9999.0 -9999.0 -9999.0 -9999.0 -9999.0 -9999.0 -9999.0 -9999.0 -9999.0 -9999.0 -9999.0 -9999.0 -9999.0 -9999.0 -9999.0 -9999.0 -9999.0 -9999.0 -9999.0 -9999.0 -9999.0 -9999.0 -9999.0 -9999.0 -9999.0 -9999.0 -9999.0 -9999.0 -9999.0 -9999.0 -9999.0 -9999.0 -9999.0 -9999.0 -9999.0 -9999.0 -9999.0 -9999.0 -9999.0 -9999.0 -9999.0 -9999.0 -9999.0 -9999.0 -9999.0 -9999.0 -9999.0 -9999.0 -9999.0 -9999.0 -9999.0 -9999.0 -9999.0 -9999.0 -9999.0 -9999.0 -9999.0 -9999.0 -9999.0
-9999.0 -9999.0 -9999.0 -9999.0 -9999.0 -9999.0 -9999.0 -9999.0 -9999.0 -9999.0 -9999.0 -9999.0 -9999.0 -9999.0 -9999.0 -9999.0 -9999.0 -9999.0 -9999.0 -9999.0 -9999.0 -9999.0 -9999.0 -9999.0 -9999.0 -9999.0 -9999.0 -9999.0 -9999.0 -9999.0 -9999.0 -9999.0 -9999.0 -9999.0 -9999.0 -9999.0 -9999.0 -9999.0 -9999.0 -9999.0 -9999.0 -9999.0 -9999.0 -9999.0 -9999.0 -9999.0 -9999.0 -9999.0 -9999.0 -9999.0 -9999.0 -9999.0 -9999.0 -9999.0 -9999.0 -9999.0 -9999.0 -9999.0 -9999.0 0.205560 0.201250 0.197091 0.193264
-9999.0 -9999.0 -9999.0 -9999.0 -9999.0 -9999.0 -9999.0 -9999.0 -9999.0 -9999.0 -9999.0 -9999.0 -9999.0 -9999.0 -9999.0 -9999.0 -9999.0 -9999.0 -9999.0 -9999.0 -9999.0 -9999.0 -9999.0 -9999.0 -9999.0 -9999.0 -9999.0 -9999.0 -9999.0 -9999.0 -9999.0 -9999.0 -9999.0 -9999.0 -9999.0 -9999.0 -9999.0 -9999.0 -9999.0 -9999.0 -9999.0 -9999.0 -9999.0 -9999.0 -9999.0 -9999.0 -9999.0 0.132423 0.125696 0.119773 0.119274 0.127080 0.136107 0.146588 0.156832 0.167223 0.178922 0.192133 0.194397 0.186602 0.183273 0.180931 0.179318
-9999.0 -9999.0 -9999.0 -9999.0 -9999.0 -9999.0 -9999.0 -9999.0 -9999.0 -9999.0 -9999.0 -9999.0 -9999.0 -9999.0 -9999.0 -9999.0 -9999.0 -9999.0 -9999.0 -9999.0 -9999.0 -9999.0 -9999.0 -9999.0 -9999.0 -9999.0 -9999.0 -9999.0 -9999.0 -9999.0 -9999.0 -9999.0 -9999.0 -9999.0 -9999.0 -9999.0 -9999.0 -9999.0 -9999.0 -9999.0 0.154007 0.157115 0.158100 0.152080 0.146340 0.140926 0.132457 0.125624 0.120147 0.119141 0.119863 0.121696 0.129923 0.139679 0.148516 0.157410 0.168153 0.180615 0.182386 0.174965 0.169441 0.166833 0.166694
-9999.0 -9999.0 -9999.0 -9999.0 -9999.0 -9999.0 -9999.0 -9999.0 -9999.0 -9999.0 -9999.0 -9999.0 -9999.0 -9999.0 -9999.0 -9999.0 -9999.0 -9999.0 -9999.0 -9999.0 -9999.0 -9999.0 -9999.0 -9999.0 -9999.0 -9999.0 -9999.0 -9999.0 -9999.0 -9999.0 -9999.0 -9999.0 -9999.0 -9999.0 0.117184 0.122802 0.129152 0.136279 0.143454 0.146349 0.149111 0.152022 0.149862 0.147320 0.141852 0.133846 0.126153 0.121094 0.120104 0.119145 0.120451 0.124817 0.130777 0.137330 0.146670 0.158290 0.163068 0.170089 0.171768 0.168412 0.168738 0.169439 0.170210
-9999.0 -9999.0 -9999.0 -9999.0 -9999.0 -9999.0 -9999.0 -9999.0 -9999.0 -9999.0 -9999.0 -9999.0 -9999.0 -9999.0 -9999.0 -9999.0 -9999.0 -9999.0 -9999.0 -9999.0 -9999.0 -9999.0 -9999.0 -9999.0 -9999.0 -9999.0 -9999.0 -9999.0 0.118997 0.117097 0.115449 0.114920 0.114437 0.113940 0.115842 0.119545 0.125633 0.133616 0.138750 0.141704 0.144512 0.144732 0.142352 0.141146 0.141087 0.135876 0.131059 0.126835 0.122999 0.122526 0.125719 0.130643 0.136884 0.143139 0.150187 0.157251 0.165285 0.178464 0.184047 0.179599 0.175396 0.172720 0.172870
-9999.0 -9999.0 -9999.0 -9999.0 -9999.0 -9999.0 -9999.0 -9999.0 -9999.0 -9999.0 -9999.0 -9999.0 -9999.0 -9999.0 -9999.0 -9999.0 -9999.0 -9999.0 -9999.0 -9999.0 -9999.0 -9999.0 -9999.0 0.110921 0.112555 0.114265 0.116288 0.116424 0.114978 0.113242 0.112234 0.111681 0.111152 0.112179 0.114427 0.118380 0.123411 0.131096 0.134282 0.136955 0.142355 0.143025 0.144835 0.146551 0.145412 0.144030 0.138519 0.134686 0.137162 0.139764 0.142307 0.145379 0.151409 0.159539 0.169730 0.182881 0.198080 0.212694 0.226307 0.221012 0.213471 0.204020 0.204087
-9999.0 -9999.0 -9999.0 -9999.0 -9999.0 -9999.0 -9999.0 -9999.0 -9999.0 -9999.0 -9999.0 -9999.0 -9999.0 -9999.0 -9999.0 -9999.0 -9999.0 -9999.0 -9999.0 0.105145 0.105261 0.105378 0.106333 0.106459 0.106901 0.108507 0.110472 0.110851 0.110336 0.109750 0.110027 0.110582 0.111509 0.114581 0.118568 0.122971 0.127807 0.135808 0.142010 0.148484 0.156691 0.155382 0.152558 0.151025 0.150931 0.151057 0.154505 0.156533 0.159283 0.162644 0.166648 0.171598 0.177871 0.190276 0.205263 0.221668 0.238668 0.255646 0.272680 0.270312 0.259694 0.248866 0.249366
-9999.0 -9999.0 -9999.0 -9999.0 -9999.0 -9999.0 -9999.0 -9999.0 -9999.0 -9999.0 -9999.0 -9999.0 -9999.0 -9999.0 -9999.0 -9999.0 0.099557 0.099853 0.100153 0.101072 0.101424 0.102133 0.103476 0.103559 0.104295 0.105769 0.106809 0.108708 0.110535 0.112354 0.113836 0.114409 0.116529 0.119311 0.123010 0.128449 0.137085 0.147093 0.155053 0.163947 0.173732 0.173367 0.172168 0.172462 0.172706 0.178045 0.190657 0.195066 0.198144 0.213655 0.225550 0.230217 0.236239 0.251697 0.273261 0.298631 0.325663 0.341082 0.351186 0.353833 0.348761 0.347153 0.349642
-9999.0 -9999.0 -9999.0 -9999.0 -9999.0 -9999.0 -9999.0 -9999.0 -9999.0 -9999.0 -9999.0 -9999.0 -9999.0 0.092627 0.093182 0.094468 0.095542 0.095776 0.096295 0.097117 0.099208 0.099738 0.100824 0.102253 0.104522 0.106290 0.108351 0.111189 0.113307 0.115157 0.117080 0.119048 0.123450 0.128830 0.134959 0.143675 0.154014 0.165569 0.178544 0.188148 0.198257 0.201102 0.199073 0.199796 0.206136 0.221402 0.238303 0.251500 0.273277 0.295686 0.309227 0.320474 0.327666 0.336054 0.347583 0.360527 0.366502 0.368523 0.369150 0.369496 0.369503 0.369554 0.369607
-9999.0 -9999.0 -9999.0 -9999.0 -9999.0 -9999.0 -9999.0 -9999.0 -9999.0 -9999.0 0.088055 0.088374 0.087921 0.087974 0.088416 0.089774 0.091383 0.092266 0.093779 0.096966 0.099893 0.100392 0.103315 0.105317 0.106631 0.109077 0.112329 0.115833 0.121097 0.125206 0.129783 0.138254 0.145472 0.153297 0.162584 0.173975 0.187985 0.210895 0.233608 0.246607 0.269321 0.283809 0.281210 0.281566 0.288638 0.305828 0.326738 0.345089 0.355841 0.363060 0.366201 0.367520 0.368224 0.368812 0.369286 0.369741 0.369940 0.369987 0.369998 0.369999 0.370000 0.370000 0.370000
-9999.0 -9999.0 -9999.0 -9999.0 -9999.0 -9999.0 -9999.0 -9999.0 0.085525 0.086187 0.086842 0.086476 0.085933 0.085577 0.086834 0.088538 0.090413 0.092596 0.094874 0.097681 0.100425 0.103696 0.107886 0.110664 0.113691 0.117925 0.122077 0.128297 0.136554 0.143098 0.152607 0.164490 0.176435 0.188305 0.201421 0.215806 0.241386 0.273584 0.303867 0.325683 0.344052 0.355452 0.356392 0.357864 0.359730 0.364945 0.367916 0.369218 0.369705 0.369900 0.369973 0.369989 0.369994 0.369998 0.369999 0.370000 0.370000 0.370000 0.370000 0.370000 0.370000 0.370000 0.370000
-9999.0 -9999.0 -9999.0 -9999.0 -9999.0 -9999.0 0.083262 0.085446 0.086923 0.086033 0.085259 0.084930 0.084596 0.086276 0.088554 0.090520 0.092673 0.095145 0.097694 0.100347 0.107967 0.111708 0.115698 0.121866 0.126359 0.131270 0.138157 0.148992 0.161374 0.182410 0.205433 0.228813 0.252896 0.271700 0.289309 0.307801 0.333269 0.353505 0.363615 0.367337 0.368872 0.369565 0.369704 0.369769 0.369835 0.369919 0.369979 0.369997 0.370000 0.370000 0.370000 0.370000 0.370000 0.370000 0.370000 0.370000 0.370000 0.370000 0.370000 0.370000 0.370000 0.370000 0.370000
-9999.0 -9999.0 -9999.0 -9999.0 0.080801 0.082319 0.083996 0.086995 0.089566 0.088761 0.089664 0.089705 0.089518 0.089679 0.090241 0.092554 0.095039 0.097807 0.101212 0.109842 0.121461 0.127010 0.137802 0.152978 0.160257 0.168542 0.177839 0.193840 0.218104 0.250345 0.295778 0.330037 0.346980 0.356851 0.362427 0.366093 0.368462 0.369531 0.369872 0.369972 0.369995 0.369999 0.370000 0.370000 0.370000 0.370000 0.370000 0.370000 0.370000 0.370000 0.370000 0.370000 0.370000 0.370000 0.370000 0.370000 0.370000 0.370000 0.370000 0.370000 0.370000 0.370000 0.370000
-9999.0 -9999.0 -9999.0 0.078039 0.080332 0.082988 0.085370 0.088606 0.092611 0.093529 0.094667 0.095727 0.096881 0.098382 0.100251 0.103331 0.106066 0.108560 0.113720 0.125055 0.139325 0.156775 0.176359 0.199744 0.219615 0.233648 0.248445 0.271826 0.308377 0.339381 0.360537 0.367746 0.369311 0.369713 0.369862 0.369952 0.369986 0.369998 0.370000 0.370000 0.370000 0.370000 0.370000 0.370000 0.370000 0.370000 0.370000 0.370000 0.370000 0.370000 0.370000 0.370000 0.370000 0.370000 0.370000 0.370000 0.370000 0.370000 0.370000 0.370000 0.370000 0.370000 0.370000
-9999.0 -9999.0 0.075929 0.077596 0.079538 0.083302 0.088441 0.092533 0.099067 0.104113 0.105561 0.110134 0.114720 0.117154 0.122620 0.128726 0.133057 0.133604 0.137935 0.156171 0.191614 0.234114 0.271027 0.321572 0.343279 0.353008 0.357415 0.363135 0.367082 0.369219 0.369859 0.369986 0.369999 0.370000 0.370000 0.370000 0.370000 0.370000 0.370000 0.370000 0.370000 0.370000 0.370000 0.370000 0.370000 0.370000 0.370000 0.370000 0.370000 0.370000 0.370000 0.370000 0.370000 0.370000 0.370000 0.370000 0.370000 0.370000 0.370000 0.370000 0.370000 0.370000 0.370000
-9999.0 -9999.0 0.074982 0.076773 0.078991 0.084247 0.092609 0.098423 0.107221 0.119090 0.125274 0.133944 0.143148 0.153556 0.167184 0.183364 0.184664 0.185627 0.184872 0.228366 0.284724 0.340128 0.364563 0.368853 0.369640 0.369730 0.369785 0.369890 0.369964 0.369998 0.370000 0.370000 0.370000 0.370000 0.370000 0.370000 0.370000 0.370000 0.370000 0.370000 0.370000 0.370000 0.370000 0.370000 0.370000 0.370000 0.370000 0.370000 0.370000 0.370000 0.370000 0.370000 0.370000 0.370000 0.370000 0.370000 0.370000 0.370000 0.370000 0.370000 0.370000 0.370000 0.370000
-9999.0 0.072531 0.073902 0.075797 0.079360 0.084569 0.095216 0.112145 0.126735 0.143110 0.156994 0.169804 0.213885 0.260832 0.286718 0.312730 0.310222 0.307180 0.301898 0.334198 0.359826 0.369052 0.369990 0.370000 0.370000 0.370000 0.370000 0.370000 0.370000 0.370000 0.370000 0.370000 0.370000 0.370000 0.370000 0.370000 0.370000 0.370000 0.370000 0.370000 0.370000 0.370000 0.370000 0.370000 0.370000 0.370000 0.370000 0.370000 0.370000 0.370000 0.370000 0.370000 0.370000 0.370000 0.370000 0.370000 0.370000 0.370000 0.370000 0.370000 0.370000 0.370000 0.370000
-9999.0 0.071784 0.073224 0.075635 0.079084 0.085193 0.101673 0.139474 0.160641 0.180637 0.204291 0.254279 0.331974 0.360527 0.366130 0.368565 0.368491 0.368005 0.368077 0.369316 0.369911 0.369999 0.370000 0.370000 0.370000 0.370000 0.370000 0.370000 0.370000 0.370000 0.370000 0.370000 0.370000 0.370000 0.370000 0.370000 0.370000 0.370000 0.370000 0.370000 0.370000 0.370000 0.370000 0.370000 0.370000 0.370000 0.370000 0.370000 0.370000 0.370000 0.370000 0.370000 0.370000 0.370000 0.370000 0.370000 0.370000 0.370000 0.370000 0.370000 0.370000 0.370000 0.370000
-9999.0 0.071439 0.072999 0.074898 0.078205 0.088855 0.110044 0.158718 0.218201 0.251819 0.306816 0.358952 0.368826 0.369911 0.369988 0.369997 0.369999 0.369999 0.370000 0.370000 0.370000 0.370000 0.370000 0.370000 0.370000 0.370000 0.370000 0.370000 0.370000 0.370000 0.370000 0.370000 0.370000 0.370000 0.370000 0.370000 0.370000 0.370000 0.370000 0.370000 0.370000 0.370000 0.370000 0.370000 0.370000 0.370000 0.370000 0.370000 0.370000 0.370000 0.370000 0.370000 0.370000 0.370000 0.370000 0.370000 0.370000 0.370000 0.370000 0.370000 0.370000 0.370000 0.370000
-9999.0 0.070195 0.071480 0.072755 0.078159 0.092743 0.118488 0.197215 0.308880 0.346414 0.367353 0.369858 0.369998 0.370000 0.370000 0.370000 0.370000 0.370000 0.370000 0.370000 0.370000 0.370000 0.370000 0.370000 0.370000 0.370000 0.370000 0.370000 0.370000 0.370000 0.370000 0.370000 0.370000 0.370000 0.370000 0.370000 0.370000 0.370000 0.370000 0.370000 0.370000 0.370000 0.370000 0.370000 0.370000 0.370000 0.370000 0.370000 0.370000 0.370000 0.370000 0.370000 0.370000 0.370000 0.370000 0.370000 0.370000 0.370000 0.370000 0.370000 0.370000 0.370000 0.370000
-9999.0 0.069363 0.070191 0.071983 0.077122 0.090063 0.122571 0.223760 0.357331 0.368967 0.369954 0.369996 0.370000 0.370000 0.370000 0.370000 0.370000 0.370000 0.370000 0.370000 0.370000 0.370000 0.370000 0.370000 0.370000 0.370000 0.370000 0.370000 0.370000 0.370000 0.370000 0.370000 0.370000 0.370000 0.370000 0.370000 0.370000 0.370000 0.370000 0.370000 0.370000 0.370000 0.370000 0.370000 0.370000 0.370000 0.370000 0.370000 0.370000 0.370000 0.370000 0.370000 0.370000 0.370000 0.370000 0.370000 0.370000 0.370000 0.370000 0.370000 0.369999 0.369997 0.369994
-9999.0 0.068772 0.069681 0.071029 0.074347 0.081270 0.097281 0.150904 0.280726 0.368064 0.369998 0.370000 0.370000 0.370000 0.370000 0.370000 0.370000 0.370000 0.370000 0.370000 0.370000 0.370000 0.370000 0.370000 0.370000 0.370000 0.370000 0.370000 0.370000 0.370000 0.370000 0.370000 0.370000 0.370000 0.370000 0.370000 0.370000 0.370000 0.370000 0.370000 0.370000 0.370000 0.370000 0.370000 0.370000 0.370000 0.370000 0.370000 0.370000 0.370000 0.370000 0.370000 0.370000 0.370000 0.370000 0.370000 0.369999 0.369996 0.369986 0.369933 0.369677 0.369155 0.368782
-9999.0 -9999.0 0.069081 0.070199 0.072105 0.076047 0.084450 0.109664 0.178866 0.339334 0.367439 0.369776 0.369968 0.369996 0.370000 0.370000 0.370000 0.370000 0.370000 0.370000 0.370000 0.370000 0.370000 0.370000 0.370000 0.370000 0.370000 0.370000 0.370000 0.370000 0.370000 0.370000 0.370000 0.370000 0.370000 0.370000 0.370000 0.370000 0.370000 0.370000 0.370000 0.370000 0.370000 0.370000 0.370000 0.370000 0.370000 0.370000 0.369999 0.369996 0.369994 0.369992 0.369988 0.369979 0.369964 0.369936 0.369841 0.369630 0.369133 0.367171 0.361051 0.345783 0.324704
-9999.0 -9999.0 0.068573 0.069347 0.070788 0.073449 0.077580 0.086295 0.115243 0.170730 0.253814 0.329540 0.359643 0.366943 0.368933 0.369759 0.369898 0.369934 0.369946 0.369971 0.369990 0.369997 0.369999 0.370000 0.370000 0.370000 0.370000 0.370000 0.370000 0.369999 0.369997 0.369991 0.369984 0.369979 0.369983 0.369989 0.369986 0.369976 0.369955 0.369910 0.369852 0.369771 0.369737 0.369720 0.369713 0.369684 0.369644 0.369511 0.369278 0.369038 0.368772 0.368489 0.368288 0.367821 0.367066 0.366268 0.363639 0.357698 0.346450 0.324468 0.289820 0.258659 0.229744
-9999.0 -9999.0 -9999.0 0.068780 0.069556 0.070678 0.072486 0.074839 0.080276 0.091556 0.110583 0.144843 0.184002 0.226321 0.272030 0.316250 0.338285 0.346461 0.351543 0.363088 0.366400 0.368554 0.369370 0.369586 0.369735 0.369835 0.369855 0.369799 0.369724 0.369553 0.369131 0.368324 0.367595 0.367598 0.367581 0.367709 0.367324 0.366868 0.365684 0.363829 0.361187 0.358525 0.357057 0.355545 0.354454 0.352994 0.351325 0.348042 0.343331 0.337922 0.332949 0.330331 0.327541 0.323345 0.317388 0.310736 0.299885 0.275861 0.251450 0.226252 0.199878 0.177068 0.158443
-9999.0 -9999.0 -9999.0 -9999.0 -9999.0 0.069101 0.070039 0.071335 0.073060 0.075490 0.079791 0.088151 0.094735 0.103696 0.117357 0.133078 0.149568 0.169963 0.200556 0.236375 0.276323 0.306950 0.332871 0.348594 0.354561 0.358797 0.360136 0.357756 0.354511 0.348284 0.335153 0.319259 0.314234 0.313892 0.313901 0.312474 0.308093 0.303244 0.296365 0.283960 0.272395 0.266584 0.262488 0.258575 0.254668 0.251217 0.247838 0.244225 0.236219 0.229585 0.229297 0.226821 0.224366 0.221873 0.216286 0.210285 0.203237 0.184817 0.170179 0.160774 0.144340 0.131960 0.124457
-9999.0 -9999.0 -9999.0 -9999.0 -9999.0 -9999.0 0.068789 0.069461 0.070286 0.071448 0.073320 0.075764 0.077126 0.079795 0.083523 0.088710 0.096110 0.103577 0.113461 0.126801 0.144835 0.163886 0.187808 0.214912 0.227487 0.238039 0.247802 0.239814 0.231390 0.222694 0.204610 0.199917 0.195119 0.194973 0.194659 0.194390 0.190522 0.186374 0.182423 0.174956 0.171311 0.167609 0.165063 0.162689 0.160327 0.158368 0.156913 0.155508 0.152192 0.152587 0.152773 0.151782 0.150603 0.149391 0.146375 0.142413 0.138719 0.131750 0.126356 0.121426 0.113684 0.108669 0.104160
