tests/Borden05m/sims/sim_1/output-maps/thetaliqL0008N0017.asc
ncols         160
nrows         34
xllcorner     620200.000000
yllcorner     5168000.000000
cellsize      0.500000
NODATA_value  -9999.0
[rows 0 to 27 of 34, columns 0 to 62 of 160]
-9999.0 -9999.0 -9999.0 -9999.0 -9999.0 -9999.0 -9999.0 -9999.0 -9999.0 -9999.0 -9999.0 -9999.0 -9999.0 -9999.0 -9999.0 -9999.0 -9999.0 -9999.0 -9999.0 -9999.0 -9999.0 -9999.0 -9999.0 -9999.0 -9999.0 -9999.0 -9999.0 -9999.0 -9999.0 -9999.0 -9999.0 -9999.0 -9999.0 -9999.0 -9999.0 -9999.0 -9999.0 -9999.0 -9999.0 -9999.0 -9999.0 -9999.0 -9999.0 -9999.0 -9999.0 -9999.0 -9999.0 -9999.0 -9999.0 -9999.0 -9999.0 -9999.0 -9999.0 -9999.0 -9999.0 -9999.0 -9999.0 -9999.0 -9999.0 -9999.0 -9999.0 -9999.0 -9999.0
-9999.0 -9999.0 -9999.0 -9999.0 -9999.0 -9999.0 -9999.0 -9999.0 -9999.0 -9999.0 -9999.0 -9999.0 -9999.0 -9999.0 -9999.0 -9999.0 -9999.0 -9999.0 -9999.0 -9999.0 -9999.0 -9999.0 -9999.0 -9999.0 -9999.0 -9999.0 -9999.0 -9999.0 -9999.0 -9999.0 -9999.0 -9999.0 -9999.0 -9999.0 -9999.0 -9999.0 -9999.0 -9999.0 -9999.0 -9999.0 -9999.0 -9999.0 -9999.0 -9999.0 -9999.0 -9999.0 -9999.0 -9999.0 -9999.0 -9999.0 -9999.0 -9999.0 -9999.0 -9999.0 -9999.0 -9999.0 -9999.0 -9999.0 -9999.0 0.369470 0.369367 0.369252 0.369127
-9999.0 -9999.0 -9999.0 -9999.0 -9999.0 -9999.0 -9999.0 -9999.0 -9999.0 -9999.0 -9999.0 -9999.0 -9999.0 -9999.0 -9999.0 -9999.0 -9999.0 -9999.0 -9999.0 -9999.0 -9999.0 -9999.0 -9999.0 -9999.0 -9999.0 -9999.0 -9999.0 -9999.0 -9999.0 -9999.0 -9999.0 -9999.0 -9999.0 -9999.0 -9999.0 -9999.0 -9999.0 -9999.0 -9999.0 -9999.0 -9999.0 -9999.0 -9999.0 -9999.0 -9999.0 -9999.0 -9999.0 0.358444 0.354277 0.349268 0.348716 0.355374 0.360375 0.363948 0.366094 0.367466 0.368431 0.369087 0.369172 0.368868 0.368704 0.368577 0.368486
-9999.0 -9999.0 -9999.0 -9999.0 -9999.0 -9999.0 -9999.0 -9999.0 -9999.0 -9999.0 -9999.0 -9999.0 -9999.0 -9999.0 -9999.0 -9999.0 -9999.0 -9999.0 -9999.0 -9999.0 -9999.0 -9999.0 -9999.0 -9999.0 -9999.0 -9999.0 -9999.0 -9999.0 -9999.0 -9999.0 -9999.0 -9999.0 -9999.0 -9999.0 -9999.0 -9999.0 -9999.0 -9999.0 -9999.0 -9999.0 0.365527 0.366067 0.366204 0.365160 0.363839 0.362176 0.358587 0.354349 0.349723 0.348728 0.349540 0.351342 0.357388 0.361947 0.364555 0.366270 0.367618 0.368570 0.368676 0.368227 0.367793 0.367537 0.367532
-9999.0 -9999.0 -9999.0 -9999.0 -9999.0 -9999.0 -9999.0 -9999.0 -9999.0 -9999.0 -9999.0 -9999.0 -9999.0 -9999.0 -9999.0 -9999.0 -9999.0 -9999.0 -9999.0 -9999.0 -9999.0 -9999.0 -9999.0 -9999.0 -9999.0 -9999.0 -9999.0 -9999.0 -9999.0 -9999.0 -9999.0 -9999.0 -9999.0 -9999.0 0.345957 0.351765 0.356549 0.360323 0.362964 0.363828 0.364531 0.365160 0.364713 0.364128 0.362585 0.359402 0.354911 0.350809 0.349902 0.348994 0.350377 0.354174 0.358135 0.361242 0.364223 0.366498 0.367165 0.367888 0.368042 0.367768 0.367810 0.367880 0.367953
-9999.0 -9999.0 -9999.0 -9999.0 -9999.0 -9999.0 -9999.0 -9999.0 -9999.0 -9999.0 -9999.0 -9999.0 -9999.0 -9999.0 -9999.0 -9999.0 -9999.0 -9999.0 -9999.0 -9999.0 -9999.0 -9999.0 -9999.0 -9999.0 -9999.0 -9999.0 -9999.0 -9999.0 0.347728 0.345566 0.343520 0.342840 0.342230 0.341653 0.344371 0.348770 0.354230 0.359161 0.361444 0.362530 0.363421 0.363507 0.362822 0.362468 0.362461 0.360520 0.358213 0.355670 0.352847 0.352480 0.355047 0.358234 0.361230 0.363424 0.365212 0.366426 0.367514 0.368566 0.368866 0.368655 0.368422 0.368261 0.368284
-9999.0 -9999.0 -9999.0 -9999.0 -9999.0 -9999.0 -9999.0 -9999.0 -9999.0 -9999.0 -9999.0 -9999.0 -9999.0 -9999.0 -9999.0 -9999.0 -9999.0 -9999.0 -9999.0 -9999.0 -9999.0 -9999.0 -9999.0 0.336048 0.338778 0.341477 0.344320 0.344580 0.342819 0.340386 0.338896 0.338084 0.337281 0.339132 0.342606 0.347678 0.352661 0.358007 0.359713 0.360903 0.362845 0.363117 0.363704 0.364172 0.363915 0.363552 0.361809 0.360297 0.361306 0.362287 0.363187 0.364129 0.365535 0.366867 0.367974 0.368839 0.369396 0.369688 0.369834 0.369792 0.369714 0.369577 0.369584
-9999.0 -9999.0 -9999.0 -9999.0 -9999.0 -9999.0 -9999.0 -9999.0 -9999.0 -9999.0 -9999.0 -9999.0 -9999.0 -9999.0 -9999.0 -9999.0 -9999.0 -9999.0 -9999.0 0.323323 0.323712 0.324163 0.326589 0.327058 0.328184 0.331727 0.335591 0.336439 0.335612 0.334690 0.335302 0.336427 0.338204 0.342982 0.348040 0.352449 0.356166 0.360494 0.362842 0.364616 0.366205 0.366057 0.365616 0.365371 0.365392 0.365446 0.366037 0.366371 0.366822 0.367252 0.367696 0.368161 0.368619 0.369191 0.369583 0.369806 0.369918 0.369969 0.369990 0.369988 0.369977 0.369956 0.369958
-9999.0 -9999.0 -9999.0 -9999.0 -9999.0 -9999.0 -9999.0 -9999.0 -9999.0 -9999.0 -9999.0 -9999.0 -9999.0 -9999.0 -9999.0 -9999.0 0.305775 0.306929 0.308190 0.311570 0.312994 0.315339 0.319381 0.319855 0.321996 0.325878 0.328467 0.332697 0.336320 0.339502 0.341897 0.342893 0.345796 0.349115 0.352739 0.356780 0.361158 0.364377 0.366046 0.367310 0.368227 0.368235 0.368171 0.368215 0.368256 0.368604 0.369180 0.369335 0.369421 0.369703 0.369831 0.369869 0.369907 0.369962 0.369991 0.369999 0.370000 0.370000 0.370000 0.370000 0.370000 0.370000 0.370000
-9999.0 -9999.0 -9999.0 -9999.0 -9999.0 -9999.0 -9999.0 -9999.0 -9999.0 -9999.0 -9999.0 -9999.0 -9999.0 0.273167 0.276342 0.283276 0.289210 0.290661 0.293321 0.297228 0.305552 0.307728 0.311651 0.316325 0.322928 0.327509 0.332190 0.337684 0.341271 0.344086 0.346682 0.348963 0.353160 0.357078 0.360354 0.363531 0.365928 0.367528 0.368576 0.369075 0.369407 0.369479 0.369451 0.369483 0.369614 0.369809 0.369919 0.369959 0.369990 0.369998 0.370000 0.370000 0.370000 0.370000 0.370000 0.370000 0.370000 0.370000 0.370000 0.370000 0.370000 0.370000 0.370000
-9999.0 -9999.0 -9999.0 -9999.0 -9999.0 -9999.0 -9999.0 -9999.0 -9999.0 -9999.0 0.244732 0.246781 0.243839 0.244434 0.247968 0.257379 0.267730 0.273049 0.281554 0.296667 0.308302 0.310428 0.319585 0.325165 0.328595 0.333938 0.339870 0.345069 0.350971 0.354576 0.357666 0.361653 0.364019 0.365804 0.367219 0.368317 0.369079 0.369660 0.369886 0.369944 0.369986 0.369995 0.369994 0.369995 0.369997 0.370000 0.370000 0.370000 0.370000 0.370000 0.370000 0.370000 0.370000 0.370000 0.370000 0.370000 0.370000 0.370000 0.370000 0.370000 0.370000 0.370000 0.370000
-9999.0 -9999.0 -9999.0 -9999.0 -9999.0 -9999.0 -9999.0 -9999.0 0.225618 0.230898 0.235862 0.233263 0.229280 0.226602 0.236754 0.249353 0.262038 0.275311 0.287386 0.300199 0.310699 0.320910 0.331346 0.336982 0.342059 0.347720 0.352081 0.356819 0.361120 0.363423 0.365671 0.367430 0.368467 0.369093 0.369500 0.369747 0.369928 0.369990 0.369999 0.370000 0.370000 0.370000 0.370000 0.370000 0.370000 0.370000 0.370000 0.370000 0.370000 0.370000 0.370000 0.370000 0.370000 0.370000 0.370000 0.370000 0.370000 0.370000 0.370000 0.370000 0.370000 0.370000 0.370000
-9999.0 -9999.0 -9999.0 -9999.0 -9999.0 -9999.0 0.206088 0.224514 0.236121 0.229726 0.223300 0.220583 0.217777 0.232418 0.249404 0.262775 0.275797 0.288853 0.300494 0.310542 0.331101 0.338756 0.344893 0.351643 0.355483 0.358686 0.361874 0.365037 0.367117 0.368802 0.369545 0.369842 0.369956 0.369987 0.369997 0.370000 0.370000 0.370000 0.370000 0.370000 0.370000 0.370000 0.370000 0.370000 0.370000 0.370000 0.370000 0.370000 0.370000 0.370000 0.370000 0.370000 0.370000 0.370000 0.370000 0.370000 0.370000 0.370000 0.370000 0.370000 0.370000 0.370000 0.370000
-9999.0 -9999.0 -9999.0 -9999.0 0.182727 0.197069 0.212235 0.236413 0.254602 0.249999 0.255851 0.256204 0.255078 0.256801 0.261128 0.275200 0.288555 0.301272 0.313800 0.335037 0.351169 0.355860 0.361455 0.365658 0.366887 0.367858 0.368595 0.369303 0.369761 0.369953 0.369998 0.370000 0.370000 0.370000 0.370000 0.370000 0.370000 0.370000 0.370000 0.370000 0.370000 0.370000 0.370000 0.370000 0.370000 0.370000 0.370000 0.370000 0.370000 0.370000 0.370000 0.370000 0.370000 0.370000 0.370000 0.370000 0.370000 0.370000 0.370000 0.370000 0.370000 0.370000 0.370000
-9999.0 -9999.0 -9999.0 0.155117 0.177445 0.202604 0.223538 0.248309 0.273579 0.278629 0.284857 0.289812 0.294822 0.301201 0.308149 0.318395 0.326289 0.332679 0.342111 0.354455 0.362120 0.366307 0.368414 0.369388 0.369739 0.369867 0.369941 0.369986 0.370000 0.370000 0.370000 0.370000 0.370000 0.370000 0.370000 0.370000 0.370000 0.370000 0.370000 0.370000 0.370000 0.370000 0.370000 0.370000 0.370000 0.370000 0.370000 0.370000 0.370000 0.370000 0.370000 0.370000 0.370000 0.370000 0.370000 0.370000 0.370000 0.370000 0.370000 0.370000 0.370000 0.370000 0.370000
-9999.0 -9999.0 0.133697 0.150241 0.169744 0.204733 0.245885 0.272695 0.303178 0.319557 0.323816 0.333838 0.341625 0.345125 0.351051 0.355916 0.358837 0.359495 0.361766 0.366251 0.369132 0.369863 0.369978 0.370000 0.370000 0.370000 0.370000 0.370000 0.370000 0.370000 0.370000 0.370000 0.370000 0.370000 0.370000 0.370000 0.370000 0.370000 0.370000 0.370000 0.370000 0.370000 0.370000 0.370000 0.370000 0.370000 0.370000 0.370000 0.370000 0.370000 0.370000 0.370000 0.370000 0.370000 0.370000 0.370000 0.370000 0.370000 0.370000 0.370000 0.370000 0.370000 0.370000
-9999.0 -9999.0 0.124456 0.141859 0.163974 0.211577 0.271608 0.300162 0.327272 0.347048 0.353225 0.359027 0.362586 0.365079 0.367208 0.368518 0.368708 0.368828 0.368854 0.369828 0.369994 0.370000 0.370000 0.370000 0.370000 0.370000 0.370000 0.370000 0.370000 0.370000 0.370000 0.370000 0.370000 0.370000 0.370000 0.370000 0.370000 0.370000 0.370000 0.370000 0.370000 0.370000 0.370000 0.370000 0.370000 0.370000 0.370000 0.370000 0.370000 0.370000 0.370000 0.370000 0.370000 0.370000 0.370000 0.370000 0.370000 0.370000 0.370000 0.370000 0.370000 0.370000 0.370000
-9999.0 0.101560 0.113811 0.131919 0.166456 0.214257 0.283678 0.335310 0.353734 0.362535 0.366008 0.367637 0.369539 0.369941 0.369988 0.369999 0.369999 0.369999 0.369998 0.370000 0.370000 0.370000 0.370000 0.370000 0.370000 0.370000 0.370000 0.370000 0.370000 0.370000 0.370000 0.370000 0.370000 0.370000 0.370000 0.370000 0.370000 0.370000 0.370000 0.370000 0.370000 0.370000 0.370000 0.370000 0.370000 0.370000 0.370000 0.370000 0.370000 0.370000 0.370000 0.370000 0.370000 0.370000 0.370000 0.370000 0.370000 0.370000 0.370000 0.370000 0.370000 0.370000 0.370000
-9999.0 0.095514 0.107374 0.129397 0.163519 0.217397 0.306508 0.360129 0.366269 0.368461 0.369416 0.369916 0.370000 0.370000 0.370000 0.370000 0.370000 0.370000 0.370000 0.370000 0.370000 0.370000 0.370000 0.370000 0.370000 0.370000 0.370000 0.370000 0.370000 0.370000 0.370000 0.370000 0.370000 0.370000 0.370000 0.370000 0.370000 0.370000 0.370000 0.370000 0.370000 0.370000 0.370000 0.370000 0.370000 0.370000 0.370000 0.370000 0.370000 0.370000 0.370000 0.370000 0.370000 0.370000 0.370000 0.370000 0.370000 0.370000 0.370000 0.370000 0.370000 0.370000 0.370000
-9999.0 0.092054 0.104024 0.121795 0.153413 0.241050 0.329160 0.365504 0.369619 0.369927 0.369997 0.370000 0.370000 0.370000 0.370000 0.370000 0.370000 0.370000 0.370000 0.370000 0.370000 0.370000 0.370000 0.370000 0.370000 0.370000 0.370000 0.370000 0.370000 0.370000 0.370000 0.370000 0.370000 0.370000 0.370000 0.370000 0.370000 0.370000 0.370000 0.370000 0.370000 0.370000 0.370000 0.370000 0.370000 0.370000 0.370000 0.370000 0.370000 0.370000 0.370000 0.370000 0.370000 0.370000 0.370000 0.370000 0.370000 0.370000 0.370000 0.370000 0.370000 0.370000 0.370000
-9999.0 0.082932 0.091810 0.102461 0.148019 0.262543 0.342261 0.368856 0.369998 0.370000 0.370000 0.370000 0.370000 0.370000 0.370000 0.370000 0.370000 0.370000 0.370000 0.370000 0.370000 0.370000 0.370000 0.370000 0.370000 0.370000 0.370000 0.370000 0.370000 0.370000 0.370000 0.370000 0.370000 0.370000 0.370000 0.370000 0.370000 0.370000 0.370000 0.370000 0.370000 0.370000 0.370000 0.370000 0.370000 0.370000 0.370000 0.370000 0.370000 0.370000 0.370000 0.370000 0.370000 0.370000 0.370000 0.370000 0.370000 0.370000 0.370000 0.370000 0.370000 0.370000 0.370000
-9999.0 0.077675 0.082812 0.095093 0.136675 0.241642 0.342326 0.369359 0.370000 0.370000 0.370000 0.370000 0.370000 0.370000 0.370000 0.370000 0.370000 0.370000 0.370000 0.370000 0.370000 0.370000 0.370000 0.370000 0.370000 0.370000 0.370000 0.370000 0.370000 0.370000 0.370000 0.370000 0.370000 0.370000 0.370000 0.370000 0.370000 0.370000 0.370000 0.370000 0.370000 0.370000 0.370000 0.370000 0.370000 0.370000 0.370000 0.370000 0.370000 0.370000 0.370000 0.370000 0.370000 0.370000 0.370000 0.370000 0.370000 0.370000 0.370000 0.370000 0.370000 0.370000 0.370000
-9999.0 0.074209 0.079284 0.088040 0.113119 0.174553 0.280839 0.361791 0.369947 0.370000 0.370000 0.370000 0.370000 0.370000 0.370000 0.370000 0.370000 0.370000 0.370000 0.370000 0.370000 0.370000 0.370000 0.370000 0.370000 0.370000 0.370000 0.370000 0.370000 0.370000 0.370000 0.370000 0.370000 0.370000 0.370000 0.370000 0.370000 0.370000 0.370000 0.370000 0.370000 0.370000 0.370000 0.370000 0.370000 0.370000 0.370000 0.370000 0.370000 0.370000 0.370000 0.370000 0.370000 0.370000 0.370000 0.370000 0.370000 0.370000 0.370000 0.370000 0.370000 0.370000 0.370000
-9999.0 -9999.0 0.075860 0.082318 0.095748 0.128647 0.200616 0.321002 0.366946 0.370000 0.370000 0.370000 0.370000 0.370000 0.370000 0.370000 0.370000 0.370000 0.370000 0.370000 0.370000 0.370000 0.370000 0.370000 0.370000 0.370000 0.370000 0.370000 0.370000 0.370000 0.370000 0.370000 0.370000 0.370000 0.370000 0.370000 0.370000 0.370000 0.370000 0.370000 0.370000 0.370000 0.370000 0.370000 0.370000 0.370000 0.370000 0.370000 0.370000 0.370000 0.370000 0.370000 0.370000 0.370000 0.370000 0.370000 0.370000 0.370000 0.370000 0.370000 0.370000 0.370000 0.370000
-9999.0 -9999.0 0.073153 0.077214 0.085866 0.105284 0.140937 0.208706 0.328826 0.365210 0.369761 0.369999 0.370000 0.370000 0.370000 0.370000 0.370000 0.370000 0.370000 0.370000 0.370000 0.370000 0.370000 0.370000 0.370000 0.370000 0.370000 0.370000 0.370000 0.370000 0.370000 0.370000 0.370000 0.370000 0.370000 0.370000 0.370000 0.370000 0.370000 0.370000 0.370000 0.370000 0.370000 0.370000 0.370000 0.370000 0.370000 0.370000 0.370000 0.370000 0.370000 0.370000 0.370000 0.370000 0.370000 0.370000 0.370000 0.370000 0.370000 0.370000 0.369997 0.369969 0.369852
-9999.0 -9999.0 -9999.0 0.074283 0.078573 0.085120 0.097950 0.116122 0.157910 0.239592 0.318377 0.358371 0.367144 0.369366 0.369907 0.369994 0.370000 0.370000 0.370000 0.370000 0.370000 0.370000 0.370000 0.370000 0.370000 0.370000 0.370000 0.370000 0.370000 0.370000 0.370000 0.370000 0.370000 0.370000 0.370000 0.370000 0.370000 0.370000 0.370000 0.370000 0.370000 0.370000 0.370000 0.370000 0.370000 0.370000 0.370000 0.370000 0.370000 0.370000 0.370000 0.370000 0.370000 0.370000 0.370000 0.370000 0.369999 0.369989 0.369947 0.369816 0.369402 0.368421 0.366562
-9999.0 -9999.0 -9999.0 -9999.0 -9999.0 0.075687 0.081083 0.089739 0.102149 0.120905 0.157274 0.225134 0.266210 0.305293 0.337283 0.353652 0.361993 0.366623 0.369065 0.369783 0.369975 0.369998 0.370000 0.370000 0.370000 0.370000 0.370000 0.370000 0.370000 0.370000 0.370000 0.370000 0.370000 0.370000 0.370000 0.370000 0.369999 0.369999 0.369998 0.369993 0.369985 0.369978 0.369972 0.369964 0.369954 0.369944 0.369933 0.369920 0.369880 0.369839 0.369839 0.369818 0.369793 0.369767 0.369697 0.369596 0.369443 0.368803 0.367825 0.366758 0.363412 0.358559 0.353580
-9999.0 -9999.0 -9999.0 -9999.0 -9999.0 -9999.0 0.074074 0.077785 0.082672 0.090440 0.104399 0.124180 0.136448 0.159447 0.191890 0.234197 0.281089 0.313079 0.336742 0.352771 0.362334 0.366567 0.368665 0.369564 0.369754 0.369846 0.369906 0.369868 0.369808 0.369725 0.369454 0.369369 0.369228 0.369216 0.369199 0.369184 0.369038 0.368856 0.368659 0.368229 0.367963 0.367620 0.367344 0.367057 0.366733 0.366428 0.366181 0.365927 0.365364 0.365458 0.365465 0.365265 0.364996 0.364679 0.363873 0.362645 0.361247 0.358082 0.354615 0.350359 0.341184 0.332301 0.321308
