tests/Borden05m/sims/sim_1/output-maps/thetaliqL0007N0014.asc
ncols         160
nrows         34
xllcorner     620200.000000
yllcorner     5168000.000000
cellsize      0.500000
NODATA_value  -9999.0
[rows 0 to 27 of 34, columns 0 to 62 of 160]
-9999.0 -9999.0 -9999.0 -9999.0 -9999.0 -9999.0 -9999.0 -9999.0 -9999.0 -9999.0 -9999.0 -9999.0 -9999.0 -9999.0 -9999.0 -9999.0 -9999.0 -9999.0 -9999.0 -9999.0 -9999.0 -9999.0 -9999.0 -9999.0 -9999.0 -9999.0 -9999.0 -9999.0 -9999.0 -9999.0 -9999.0 -9999.0 -9999.0 -9999.0 -9999.0 -9999.0 -9999.0 -9999.0 -9999.0 -9999.0 -9999.0 -9999.0 -9999.0 -9999.0 -9999.0 -9999.0 -9999.0 -9999.0 -9999.0 -9999.0 -9999.0 -9999.0 -9999.0 -9999.0 -9999.0 -9999.0 -9999.0 -9999.0 -9999.0 -9999.0 -9999.0 -9999.0 -9999.0
-9999.0 -9999.0 -9999.0 -9999.0 -9999.0 -9999.0 -9999.0 -9999.0 -9999.0 -9999.0 -9999.0 -9999.0 -9999.0 -9999.0 -9999.0 -9999.0 -9999.0 -9999.0 -9999.0 -9999.0 -9999.0 -9999.0 -9999.0 -9999.0 -9999.0 -9999.0 -9999.0 -9999.0 -9999.0 -9999.0 -9999.0 -9999.0 -9999.0 -9999.0 -9999.0 -9999.0 -9999.0 -9999.0 -9999.0 -9999.0 -9999.0 -9999.0 -9999.0 -9999.0 -9999.0 -9999.0 -9999.0 -9999.0 -9999.0 -9999.0 -9999.0 -9999.0 -9999.0 -9999.0 -9999.0 -9999.0 -9999.0 -9999.0 -9999.0 0.332586 0.329699 0.326716 0.323780
-9999.0 -9999.0 -9999.0 -9999.0 -9999.0 -9999.0 -9999.0 -9999.0 -9999.0 -9999.0 -9999.0 -9999.0 -9999.0 -9999.0 -9999.0 -9999.0 -9999.0 -9999.0 -9999.0 -9999.0 -9999.0 -9999.0 -9999.0 -9999.0 -9999.0 -9999.0 -9999.0 -9999.0 -9999.0 -9999.0 -9999.0 -9999.0 -9999.0 -9999.0 -9999.0 -9999.0 -9999.0 -9999.0 -9999.0 -9999.0 -9999.0 -9999.0 -9999.0 -9999.0 -9999.0 -9999.0 -9999.0 0.242032 0.227812 0.214331 0.213093 0.231010 0.249726 0.268622 0.284434 0.298079 0.310946 0.322842 0.324688 0.318373 0.315350 0.313134 0.311566
-9999.0 -9999.0 -9999.0 -9999.0 -9999.0 -9999.0 -9999.0 -9999.0 -9999.0 -9999.0 -9999.0 -9999.0 -9999.0 -9999.0 -9999.0 -9999.0 -9999.0 -9999.0 -9999.0 -9999.0 -9999.0 -9999.0 -9999.0 -9999.0 -9999.0 -9999.0 -9999.0 -9999.0 -9999.0 -9999.0 -9999.0 -9999.0 -9999.0 -9999.0 -9999.0 -9999.0 -9999.0 -9999.0 -9999.0 -9999.0 0.280290 0.284725 0.285968 0.277354 0.268219 0.258675 0.242419 0.227879 0.215323 0.212877 0.214679 0.219142 0.237488 0.256854 0.272200 0.285606 0.299489 0.312821 0.314564 0.307302 0.301288 0.298159 0.298014
-9999.0 -9999.0 -9999.0 -9999.0 -9999.0 -9999.0 -9999.0 -9999.0 -9999.0 -9999.0 -9999.0 -9999.0 -9999.0 -9999.0 -9999.0 -9999.0 -9999.0 -9999.0 -9999.0 -9999.0 -9999.0 -9999.0 -9999.0 -9999.0 -9999.0 -9999.0 -9999.0 -9999.0 -9999.0 -9999.0 -9999.0 -9999.0 -9999.0 -9999.0 0.207659 0.221124 0.235362 0.249956 0.263154 0.268227 0.272817 0.277308 0.274015 0.269946 0.260646 0.245513 0.229337 0.217757 0.215371 0.213106 0.216316 0.226510 0.239619 0.252786 0.269418 0.287047 0.293597 0.302124 0.304087 0.300334 0.300735 0.301546 0.302428
-9999.0 -9999.0 -9999.0 -9999.0 -9999.0 -9999.0 -9999.0 -9999.0 -9999.0 -9999.0 -9999.0 -9999.0 -9999.0 -9999.0 -9999.0 -9999.0 -9999.0 -9999.0 -9999.0 -9999.0 -9999.0 -9999.0 -9999.0 -9999.0 -9999.0 -9999.0 -9999.0 -9999.0 0.211753 0.207134 0.203051 0.201707 0.200516 0.199380 0.204341 0.213578 0.227803 0.244813 0.254882 0.260391 0.265380 0.265818 0.261758 0.259667 0.259504 0.249797 0.240101 0.231064 0.222490 0.221402 0.228735 0.239504 0.252118 0.263696 0.275498 0.285794 0.296704 0.311318 0.316643 0.312564 0.308444 0.305710 0.305917
-9999.0 -9999.0 -9999.0 -9999.0 -9999.0 -9999.0 -9999.0 -9999.0 -9999.0 -9999.0 -9999.0 -9999.0 -9999.0 -9999.0 -9999.0 -9999.0 -9999.0 -9999.0 -9999.0 -9999.0 -9999.0 -9999.0 -9999.0 0.190958 0.195207 0.199690 0.204850 0.205272 0.201820 0.197435 0.194859 0.193456 0.192121 0.194928 0.200840 0.210866 0.222972 0.239910 0.246578 0.251844 0.261736 0.263072 0.266315 0.269166 0.267336 0.264954 0.255153 0.247841 0.252484 0.257331 0.262071 0.267581 0.277427 0.289198 0.301954 0.315607 0.328204 0.337826 0.344825 0.342385 0.338453 0.332851 0.332934
-9999.0 -9999.0 -9999.0 -9999.0 -9999.0 -9999.0 -9999.0 -9999.0 -9999.0 -9999.0 -9999.0 -9999.0 -9999.0 -9999.0 -9999.0 -9999.0 -9999.0 -9999.0 -9999.0 0.174870 0.175253 0.175679 0.178393 0.178909 0.180218 0.184666 0.189991 0.191122 0.189815 0.188340 0.189119 0.190660 0.193239 0.201278 0.211360 0.222013 0.233042 0.249609 0.261257 0.272222 0.284557 0.282947 0.278980 0.276786 0.276719 0.276961 0.281896 0.284749 0.288726 0.293151 0.298179 0.304079 0.310935 0.322309 0.333354 0.342759 0.350154 0.355826 0.360130 0.359570 0.357009 0.353792 0.353910
-9999.0 -9999.0 -9999.0 -9999.0 -9999.0 -9999.0 -9999.0 -9999.0 -9999.0 -9999.0 -9999.0 -9999.0 -9999.0 -9999.0 -9999.0 -9999.0 0.158566 0.159472 0.160458 0.163299 0.164469 0.166563 0.170431 0.170813 0.172975 0.177188 0.180178 0.185485 0.190499 0.195359 0.199291 0.200910 0.206372 0.213392 0.222343 0.234625 0.252201 0.270086 0.282532 0.294684 0.306161 0.305961 0.304757 0.305154 0.305514 0.311029 0.322417 0.326035 0.328319 0.338140 0.344338 0.346517 0.349132 0.354657 0.360307 0.364758 0.367825 0.368988 0.369542 0.369650 0.369421 0.369331 0.369457
-9999.0 -9999.0 -9999.0 -9999.0 -9999.0 -9999.0 -9999.0 -9999.0 -9999.0 -9999.0 -9999.0 -9999.0 -9999.0 0.137526 0.139241 0.143174 0.146710 0.147574 0.149249 0.151849 0.158033 0.159708 0.162959 0.167148 0.173701 0.178777 0.184565 0.192319 0.198032 0.202946 0.207933 0.212845 0.223345 0.235417 0.248131 0.264325 0.281049 0.296735 0.311203 0.320334 0.328371 0.330365 0.329129 0.329789 0.334070 0.342651 0.350060 0.354457 0.360068 0.364210 0.366075 0.367319 0.367998 0.368672 0.369381 0.369885 0.369990 0.370000 0.370000 0.370000 0.370000 0.370000 0.370000
-9999.0 -9999.0 -9999.0 -9999.0 -9999.0 -9999.0 -9999.0 -9999.0 -9999.0 -9999.0 0.123923 0.124799 0.123532 0.123819 0.125266 0.129424 0.134370 0.137117 0.141779 0.151335 0.160059 0.161733 0.170180 0.175987 0.179840 0.186668 0.195492 0.204690 0.217669 0.227348 0.237422 0.254238 0.267242 0.279836 0.292900 0.306556 0.320134 0.336571 0.347984 0.352898 0.359242 0.362178 0.361743 0.361839 0.363178 0.365701 0.367914 0.369217 0.369726 0.369938 0.369987 0.369997 0.369999 0.370000 0.370000 0.370000 0.370000 0.370000 0.370000 0.370000 0.370000 0.370000 0.370000
-9999.0 -9999.0 -9999.0 -9999.0 -9999.0 -9999.0 -9999.0 -9999.0 0.116412 0.118370 0.120301 0.119257 0.117691 0.116691 0.120528 0.125719 0.131460 0.138152 0.145098 0.153615 0.161842 0.171358 0.183243 0.190960 0.199075 0.209948 0.220156 0.234265 0.251273 0.263327 0.278725 0.295217 0.308921 0.320272 0.330559 0.339589 0.351042 0.360229 0.365455 0.367836 0.369176 0.369717 0.369753 0.369803 0.369861 0.369973 0.369998 0.370000 0.370000 0.370000 0.370000 0.370000 0.370000 0.370000 0.370000 0.370000 0.370000 0.370000 0.370000 0.370000 0.370000 0.370000 0.370000
-9999.0 -9999.0 -9999.0 -9999.0 -9999.0 -9999.0 0.109597 0.116070 0.120488 0.117979 0.115641 0.114645 0.113639 0.118824 0.125695 0.131733 0.138338 0.145892 0.153669 0.161602 0.183137 0.193686 0.204260 0.219340 0.229905 0.240720 0.254505 0.273381 0.291413 0.314737 0.332702 0.345371 0.354483 0.359559 0.363126 0.365879 0.368432 0.369639 0.369951 0.369996 0.370000 0.370000 0.370000 0.370000 0.370000 0.370000 0.370000 0.370000 0.370000 0.370000 0.370000 0.370000 0.370000 0.370000 0.370000 0.370000 0.370000 0.370000 0.370000 0.370000 0.370000 0.370000 0.370000
-9999.0 -9999.0 -9999.0 -9999.0 0.102133 0.106634 0.111713 0.120669 0.128384 0.126254 0.128881 0.129020 0.128480 0.129113 0.130974 0.138030 0.145653 0.154100 0.164214 0.188310 0.218190 0.231238 0.253219 0.278906 0.289511 0.300142 0.310553 0.324964 0.340590 0.353949 0.364161 0.368133 0.369310 0.369761 0.369926 0.369986 0.369999 0.370000 0.370000 0.370000 0.370000 0.370000 0.370000 0.370000 0.370000 0.370000 0.370000 0.370000 0.370000 0.370000 0.370000 0.370000 0.370000 0.370000 0.370000 0.370000 0.370000 0.370000 0.370000 0.370000 0.370000 0.370000 0.370000
-9999.0 -9999.0 -9999.0 0.094068 0.100605 0.108495 0.115800 0.125654 0.137769 0.140615 0.144136 0.147245 0.150591 0.155042 0.160474 0.169500 0.177533 0.184905 0.198997 0.226802 0.256281 0.284411 0.308461 0.328375 0.340453 0.347142 0.352917 0.359511 0.365923 0.368859 0.369882 0.369998 0.370000 0.370000 0.370000 0.370000 0.370000 0.370000 0.370000 0.370000 0.370000 0.370000 0.370000 0.370000 0.370000 0.370000 0.370000 0.370000 0.370000 0.370000 0.370000 0.370000 0.370000 0.370000 0.370000 0.370000 0.370000 0.370000 0.370000 0.370000 0.370000 0.370000 0.370000
-9999.0 -9999.0 0.088041 0.092676 0.098346 0.109365 0.124811 0.137491 0.156933 0.171448 0.175786 0.188217 0.200264 0.206572 0.219727 0.233480 0.243104 0.244852 0.254050 0.283733 0.322237 0.347314 0.358721 0.367147 0.369022 0.369589 0.369782 0.369945 0.369995 0.370000 0.370000 0.370000 0.370000 0.370000 0.370000 0.370000 0.370000 0.370000 0.370000 0.370000 0.370000 0.370000 0.370000 0.370000 0.370000 0.370000 0.370000 0.370000 0.370000 0.370000 0.370000 0.370000 0.370000 0.370000 0.370000 0.370000 0.370000 0.370000 0.370000 0.370000 0.370000 0.370000 0.370000
-9999.0 -9999.0 0.085485 0.090349 0.096743 0.111947 0.137162 0.154962 0.180205 0.211188 0.225987 0.244808 0.261692 0.277893 0.296339 0.313387 0.315468 0.316819 0.316557 0.345103 0.362116 0.368819 0.369963 0.370000 0.370000 0.370000 0.370000 0.370000 0.370000 0.370000 0.370000 0.370000 0.370000 0.370000 0.370000 0.370000 0.370000 0.370000 0.370000 0.370000 0.370000 0.370000 0.370000 0.370000 0.370000 0.370000 0.370000 0.370000 0.370000 0.370000 0.370000 0.370000 0.370000 0.370000 0.370000 0.370000 0.370000 0.370000 0.370000 0.370000 0.370000 0.370000 0.370000
-9999.0 0.078982 0.082513 0.087643 0.097580 0.112974 0.144688 0.192144 0.228511 0.261708 0.284192 0.300572 0.336077 0.355473 0.361823 0.365963 0.365770 0.365506 0.364795 0.368430 0.369853 0.370000 0.370000 0.370000 0.370000 0.370000 0.370000 0.370000 0.370000 0.370000 0.370000 0.370000 0.370000 0.370000 0.370000 0.370000 0.370000 0.370000 0.370000 0.370000 0.370000 0.370000 0.370000 0.370000 0.370000 0.370000 0.370000 0.370000 0.370000 0.370000 0.370000 0.370000 0.370000 0.370000 0.370000 0.370000 0.370000 0.370000 0.370000 0.370000 0.370000 0.370000 0.370000
-9999.0 0.077198 0.080703 0.086988 0.096782 0.114541 0.162209 0.252460 0.288037 0.312071 0.331358 0.353507 0.367968 0.369854 0.369985 0.370000 0.369999 0.369998 0.369999 0.370000 0.370000 0.370000 0.370000 0.370000 0.370000 0.370000 0.370000 0.370000 0.370000 0.370000 0.370000 0.370000 0.370000 0.370000 0.370000 0.370000 0.370000 0.370000 0.370000 0.370000 0.370000 0.370000 0.370000 0.370000 0.370000 0.370000 0.370000 0.370000 0.370000 0.370000 0.370000 0.370000 0.370000 0.370000 0.370000 0.370000 0.370000 0.370000 0.370000 0.370000 0.370000 0.370000 0.370000
-9999.0 0.076185 0.079760 0.084903 0.094139 0.124516 0.185270 0.283597 0.338657 0.353558 0.365113 0.369788 0.370000 0.370000 0.370000 0.370000 0.370000 0.370000 0.370000 0.370000 0.370000 0.370000 0.370000 0.370000 0.370000 0.370000 0.370000 0.370000 0.370000 0.370000 0.370000 0.370000 0.370000 0.370000 0.370000 0.370000 0.370000 0.370000 0.370000 0.370000 0.370000 0.370000 0.370000 0.370000 0.370000 0.370000 0.370000 0.370000 0.370000 0.370000 0.370000 0.370000 0.370000 0.370000 0.370000 0.370000 0.370000 0.370000 0.370000 0.370000 0.370000 0.370000 0.370000
-9999.0 0.073331 0.076172 0.079487 0.093226 0.134916 0.205931 0.322528 0.365298 0.369144 0.369995 0.370000 0.370000 0.370000 0.370000 0.370000 0.370000 0.370000 0.370000 0.370000 0.370000 0.370000 0.370000 0.370000 0.370000 0.370000 0.370000 0.370000 0.370000 0.370000 0.370000 0.370000 0.370000 0.370000 0.370000 0.370000 0.370000 0.370000 0.370000 0.370000 0.370000 0.370000 0.370000 0.370000 0.370000 0.370000 0.370000 0.370000 0.370000 0.370000 0.370000 0.370000 0.370000 0.370000 0.370000 0.370000 0.370000 0.370000 0.370000 0.370000 0.370000 0.370000 0.370000
-9999.0 0.071510 0.073302 0.077374 0.090049 0.126119 0.210457 0.335929 0.369646 0.370000 0.370000 0.370000 0.370000 0.370000 0.370000 0.370000 0.370000 0.370000 0.370000 0.370000 0.370000 0.370000 0.370000 0.370000 0.370000 0.370000 0.370000 0.370000 0.370000 0.370000 0.370000 0.370000 0.370000 0.370000 0.370000 0.370000 0.370000 0.370000 0.370000 0.370000 0.370000 0.370000 0.370000 0.370000 0.370000 0.370000 0.370000 0.370000 0.370000 0.370000 0.370000 0.370000 0.370000 0.370000 0.370000 0.370000 0.370000 0.370000 0.370000 0.370000 0.370000 0.370000 0.370000
-9999.0 0.070251 0.072101 0.075103 0.083004 0.101615 0.146892 0.266184 0.358470 0.369997 0.370000 0.370000 0.370000 0.370000 0.370000 0.370000 0.370000 0.370000 0.370000 0.370000 0.370000 0.370000 0.370000 0.370000 0.370000 0.370000 0.370000 0.370000 0.370000 0.370000 0.370000 0.370000 0.370000 0.370000 0.370000 0.370000 0.370000 0.370000 0.370000 0.370000 0.370000 0.370000 0.370000 0.370000 0.370000 0.370000 0.370000 0.370000 0.370000 0.370000 0.370000 0.370000 0.370000 0.370000 0.370000 0.370000 0.370000 0.370000 0.370000 0.370000 0.370000 0.370000 0.370000
-9999.0 -9999.0 0.070878 0.073185 0.077608 0.087572 0.110474 0.179767 0.301364 0.368078 0.369993 0.370000 0.370000 0.370000 0.370000 0.370000 0.370000 0.370000 0.370000 0.370000 0.370000 0.370000 0.370000 0.370000 0.370000 0.370000 0.370000 0.370000 0.370000 0.370000 0.370000 0.370000 0.370000 0.370000 0.370000 0.370000 0.370000 0.370000 0.370000 0.370000 0.370000 0.370000 0.370000 0.370000 0.370000 0.370000 0.370000 0.370000 0.370000 0.370000 0.370000 0.370000 0.370000 0.370000 0.370000 0.370000 0.370000 0.370000 0.370000 0.369995 0.369898 0.369269 0.367660
-9999.0 -9999.0 0.069841 0.071394 0.074439 0.080610 0.091385 0.114498 0.191124 0.289416 0.349480 0.367018 0.369771 0.369990 0.370000 0.370000 0.370000 0.370000 0.370000 0.370000 0.370000 0.370000 0.370000 0.370000 0.370000 0.370000 0.370000 0.370000 0.370000 0.370000 0.370000 0.370000 0.370000 0.370000 0.370000 0.370000 0.370000 0.370000 0.370000 0.370000 0.370000 0.370000 0.370000 0.370000 0.370000 0.370000 0.370000 0.370000 0.370000 0.370000 0.370000 0.370000 0.369999 0.369998 0.369995 0.369988 0.369951 0.369793 0.369284 0.367652 0.363181 0.356331 0.345986
-9999.0 -9999.0 -9999.0 0.070274 0.071886 0.074243 0.078433 0.084226 0.097748 0.128028 0.179331 0.252814 0.304402 0.337372 0.356285 0.365316 0.368082 0.368912 0.369366 0.369927 0.369988 0.370000 0.370000 0.370000 0.370000 0.370000 0.370000 0.370000 0.370000 0.370000 0.370000 0.369999 0.369997 0.369997 0.369997 0.369998 0.369996 0.369993 0.369982 0.369952 0.369891 0.369814 0.369764 0.369707 0.369661 0.369598 0.369521 0.369362 0.369097 0.368745 0.368386 0.368177 0.367932 0.367550 0.366943 0.366157 0.364711 0.360367 0.353898 0.344195 0.328795 0.309017 0.286789
-9999.0 -9999.0 -9999.0 -9999.0 -9999.0 0.070883 0.072858 0.075779 0.079837 0.085783 0.096932 0.120018 0.138686 0.163965 0.199561 0.234011 0.264423 0.294244 0.325072 0.345833 0.359375 0.365154 0.368152 0.369321 0.369630 0.369801 0.369849 0.369768 0.369637 0.369333 0.368464 0.367062 0.366523 0.366464 0.366451 0.366256 0.365701 0.365022 0.363998 0.361814 0.359424 0.358066 0.356988 0.355895 0.354711 0.353621 0.352499 0.351283 0.348263 0.345561 0.345516 0.344359 0.343153 0.341894 0.338890 0.335283 0.330607 0.316096 0.301185 0.289433 0.264430 0.241266 0.224858
-9999.0 -9999.0 -9999.0 -9999.0 -9999.0 -9999.0 0.070247 0.071653 0.073409 0.076035 0.080463 0.086502 0.090180 0.097185 0.107417 0.122450 0.144521 0.166893 0.194091 0.226274 0.261663 0.290308 0.315957 0.335965 0.342891 0.347561 0.351388 0.348564 0.345049 0.341005 0.330929 0.328135 0.324529 0.324323 0.323997 0.323726 0.320549 0.316944 0.313350 0.306213 0.302382 0.298086 0.294945 0.291900 0.288724 0.285968 0.283862 0.281794 0.277105 0.277792 0.278004 0.276529 0.274658 0.272614 0.267542 0.260596 0.253699 0.240202 0.228614 0.217183 0.198202 0.184756 0.171979
