tests/Borden05m/sims/sim_1/output-maps/thetaliqL0003N0012.asc
ncols         160
nrows         34
xllcorner     620200.000000
yllcorner     5168000.000000
cellsize      0.500000
NODATA_value  -9999.0
[rows 0 to 27 of 34, columns 63 to 125 of 160]
-9999.0 -9999.0 -9999.0 -9999.0 -9999.0 -9999.0 -9999.0 -9999.0 -9999.0 -9999.0 -9999.0 -9999.0 -9999.0 -9999.0 -9999.0 -9999.0 -9999.0 -9999.0 -9999.0 -9999.0 -9999.0 -9999.0 -9999.0 -9999.0 -9999.0 -9999.0 -9999.0 -9999.0 -9999.0 -9999.0 -9999.0 -9999.0 -9999.0 -9999.0 -9999.0 -9999.0 -9999.0 -9999.0 -9999.0 -9999.0 -9999.0 -9999.0 -9999.0 -9999.0 -9999.0 -9999.0 -9999.0 -9999.0 -9999.0 -9999.0 -9999.0 -9999.0 -9999.0 -9999.0 -9999.0 -9999.0 -9999.0 -9999.0 -9999.0 -9999.0 -9999.0 -9999.0 -9999.0
0.216282 0.215057 0.213614 0.213394 0.213566 0.213305 0.212719 0.213485 0.214482 0.215333 0.216527 0.216288 0.216427 0.216884 0.217007 0.216800 0.216249 0.215894 0.215475 0.216063 0.214409 0.212248 0.210600 0.210269 0.211684 0.212522 0.212360 0.213138 0.214848 0.216308 0.216791 0.218560 0.218295 0.219000 0.220152 0.219223 0.219006 0.219144 0.219479 0.217008 -9999.0 -9999.0 -9999.0 -9999.0 -9999.0 -9999.0 -9999.0 -9999.0 -9999.0 -9999.0 -9999.0 -9999.0 -9999.0 -9999.0 -9999.0 -9999.0 -9999.0 -9999.0 -9999.0 -9999.0 -9999.0 -9999.0 -9999.0
0.212821 0.211111 0.210690 0.209422 0.208876 0.208732 0.208224 0.208620 0.210723 0.212213 0.212636 0.212318 0.212161 0.211694 0.211368 0.211472 0.210953 0.210474 0.209966 0.210116 0.211436 0.209864 0.209073 0.208298 0.207472 0.207781 0.208039 0.208149 0.210118 0.210880 0.211413 0.214096 0.216598 0.217254 0.216236 0.215132 0.215410 0.215308 0.214276 0.213286 0.213290 0.212824 0.212621 0.211673 0.213115 0.213115 0.214729 0.216083 0.217685 0.220075 -9999.0 -9999.0 -9999.0 -9999.0 -9999.0 -9999.0 -9999.0 -9999.0 -9999.0 -9999.0 -9999.0 -9999.0 -9999.0
0.210322 0.209747 0.208512 0.206637 0.208734 0.208447 0.208250 0.208625 0.209308 0.209588 0.209910 0.210402 0.212286 0.212144 0.211977 0.212073 0.211744 0.211140 0.211191 0.210862 0.209293 0.209536 0.209915 0.209569 0.211113 0.211202 0.212088 0.209360 0.209809 0.210467 0.210936 0.211266 0.211673 0.212232 0.211038 0.211886 0.210930 0.208813 0.208297 0.208479 0.210216 0.211095 0.210033 0.206287 0.208270 0.212450 0.212133 0.211464 0.213501 0.215515 0.218359 0.217982 0.217735 0.218046 0.218575 0.216161 0.214632 0.213531 0.210125 -9999.0 -9999.0 -9999.0 -9999.0
0.210259 0.208915 0.207296 0.210639 0.212018 0.211268 0.211648 0.212622 0.212657 0.208482 0.207398 0.209007 0.210712 0.211428 0.210671 0.210301 0.209584 0.209591 0.210032 0.209591 0.210227 0.210778 0.210058 0.211111 0.212329 0.213492 0.210880 0.208507 0.208657 0.210621 0.212059 0.212796 0.214856 0.218083 0.217548 0.216812 0.216443 0.216037 0.212239 0.208822 0.207470 0.206872 0.205873 0.206683 0.205958 0.209283 0.209024 0.208500 0.210087 0.211331 0.212919 0.214039 0.213843 0.214246 0.214774 0.214096 0.212382 0.211488 0.210919 0.209382 0.206382 0.200882 0.201259
0.206842 0.206895 0.209833 0.211460 0.214231 0.213205 0.213285 0.213167 0.210339 0.208185 0.206745 0.211028 0.214494 0.215627 0.214691 0.213888 0.216948 0.216044 0.215651 0.213813 0.214462 0.214174 0.217422 0.218700 0.220444 0.219770 0.216502 0.213758 0.213610 0.213915 0.213615 0.214401 0.216472 0.219085 0.217177 0.216327 0.216463 0.210748 0.206342 0.204840 0.207885 0.209645 0.209326 0.209625 0.209782 0.207582 0.208114 0.208347 0.207308 0.209871 0.212439 0.212716 0.210508 0.209774 0.210789 0.210560 0.210711 0.209694 0.208571 0.207768 0.202601 0.204251 0.201498
0.213097 0.214217 0.215810 0.218828 0.224696 0.223498 0.223848 0.225752 0.222521 0.219505 0.215045 0.220063 0.221250 0.222903 0.222642 0.226467 0.229924 0.227791 0.224865 0.221374 0.223469 0.228034 0.232386 0.233430 0.233951 0.234700 0.231577 0.230730 0.230086 0.230416 0.228388 0.228522 0.231781 0.237393 0.238013 0.235298 0.229911 0.221772 0.214535 0.210715 0.215133 0.213833 0.213220 0.213952 0.211194 0.209611 0.211949 0.209864 0.208265 0.211737 0.212103 0.211604 0.208776 0.212193 0.211599 0.208775 0.206928 0.205977 0.205252 0.203900 0.205127 0.204334 0.202016
0.216044 0.217169 0.221486 0.227659 0.234925 0.239067 0.242871 0.247173 0.243854 0.240219 0.236129 0.236994 0.241790 0.246666 0.252490 0.259288 0.266724 0.264923 0.261150 0.260784 0.262435 0.270293 0.277783 0.280978 0.283120 0.287228 0.284469 0.279464 0.273793 0.268233 0.263383 0.259585 0.266135 0.273361 0.271989 0.258580 0.247667 0.236461 0.226506 0.216554 0.216761 0.218458 0.220044 0.216494 0.214763 0.211596 0.210946 0.211242 0.207802 0.209706 0.210131 0.212522 0.216122 0.217028 0.213874 0.212135 0.210189 0.208139 0.206532 0.207804 0.208297 0.206748 0.205172
0.252002 0.253840 0.259652 0.276336 0.303436 0.327449 0.340605 0.342440 0.339144 0.333497 0.322720 0.316099 0.325812 0.335087 0.341434 0.344680 0.346990 0.348510 0.348394 0.348412 0.348817 0.349290 0.350241 0.351366 0.352487 0.353758 0.354165 0.352646 0.351097 0.349328 0.347626 0.347194 0.346654 0.347756 0.347587 0.343267 0.332465 0.308180 0.280651 0.262157 0.249411 0.249359 0.243728 0.239059 0.233902 0.223203 0.220300 0.218646 0.210300 0.209480 0.212219 0.215851 0.218581 0.213876 0.211780 0.209893 0.207805 0.205165 0.206338 0.207917 0.208455 0.207963 0.207955
0.340099 0.342387 0.344063 0.350178 0.356725 0.361847 0.364848 0.365718 0.364899 0.363807 0.362341 0.360943 0.361099 0.362887 0.364637 0.365946 0.366634 0.366852 0.366746 0.366759 0.366813 0.366984 0.367076 0.367286 0.367614 0.368096 0.368598 0.368516 0.367860 0.367188 0.366170 0.365625 0.365311 0.364763 0.364682 0.364633 0.361931 0.357861 0.352132 0.345731 0.339678 0.325638 0.307485 0.291379 0.266776 0.247646 0.233688 0.224327 0.215750 0.214245 0.223879 0.233159 0.228562 0.226743 0.223875 0.219175 0.215393 0.210587 0.211313 0.212127 0.211623 0.210984 0.210216
0.364687 0.365255 0.365918 0.367079 0.368630 0.369505 0.369843 0.369881 0.369843 0.369773 0.369663 0.369562 0.369534 0.369584 0.369685 0.369786 0.369863 0.369905 0.369908 0.369918 0.369908 0.369914 0.369926 0.369927 0.369942 0.369961 0.369975 0.369977 0.369961 0.369930 0.369859 0.369785 0.369654 0.369540 0.369506 0.369503 0.369487 0.369090 0.368009 0.365335 0.362264 0.358776 0.356072 0.353061 0.350308 0.342479 0.334441 0.309999 0.280933 0.260601 0.272271 0.262898 0.256280 0.248887 0.240137 0.233355 0.227446 0.221362 0.220675 0.220774 0.219649 0.219323 0.218141
0.369779 0.369830 0.369893 0.369938 0.369973 0.369996 0.370000 0.370000 0.370000 0.370000 0.370000 0.370000 0.370000 0.370000 0.370000 0.370000 0.370000 0.370000 0.370000 0.370000 0.370000 0.370000 0.370000 0.370000 0.370000 0.370000 0.370000 0.370000 0.370000 0.370000 0.370000 0.370000 0.369997 0.369994 0.369992 0.369991 0.369989 0.369982 0.369940 0.369747 0.369227 0.368459 0.367612 0.366808 0.366164 0.365586 0.364219 0.360836 0.354400 0.347614 0.344295 0.341014 0.332153 0.309324 0.284889 0.270063 0.252028 0.237845 0.230769 0.229615 0.228463 0.226936 0.224615
0.370000 0.370000 0.370000 0.370000 0.370000 0.370000 0.370000 0.370000 0.370000 0.370000 0.370000 0.370000 0.370000 0.370000 0.370000 0.370000 0.370000 0.370000 0.370000 0.370000 0.370000 0.370000 0.370000 0.370000 0.370000 0.370000 0.370000 0.370000 0.370000 0.370000 0.370000 0.370000 0.370000 0.370000 0.370000 0.370000 0.370000 0.370000 0.370000 0.369999 0.369986 0.369928 0.369844 0.369781 0.369731 0.369684 0.369515 0.369134 0.368316 0.366540 0.363267 0.361866 0.359427 0.354805 0.350548 0.347495 0.338513 0.311736 0.284151 0.272935 0.258769 0.248269 0.242327
0.370000 0.370000 0.370000 0.370000 0.370000 0.370000 0.370000 0.370000 0.370000 0.370000 0.370000 0.370000 0.370000 0.370000 0.370000 0.370000 0.370000 0.370000 0.370000 0.370000 0.370000 0.370000 0.370000 0.370000 0.370000 0.370000 0.370000 0.370000 0.370000 0.370000 0.370000 0.370000 0.370000 0.370000 0.370000 0.370000 0.370000 0.370000 0.370000 0.370000 0.370000 0.370000 0.369999 0.369997 0.369997 0.369996 0.369994 0.369981 0.369920 0.369706 0.369129 0.368498 0.367926 0.367427 0.366835 0.365901 0.362628 0.356995 0.350852 0.346173 0.337274 0.316119 0.292627
0.370000 0.370000 0.370000 0.370000 0.370000 0.370000 0.370000 0.370000 0.370000 0.370000 0.370000 0.370000 0.370000 0.370000 0.370000 0.370000 0.370000 0.370000 0.370000 0.370000 0.370000 0.370000 0.370000 0.370000 0.370000 0.370000 0.370000 0.370000 0.370000 0.370000 0.370000 0.370000 0.370000 0.370000 0.370000 0.370000 0.370000 0.370000 0.370000 0.370000 0.370000 0.370000 0.370000 0.370000 0.370000 0.370000 0.370000 0.370000 0.370000 0.369994 0.369970 0.369876 0.369806 0.369752 0.369674 0.369558 0.368917 0.367613 0.365449 0.363008 0.359798 0.355320 0.350215
0.370000 0.370000 0.370000 0.370000 0.370000 0.370000 0.370000 0.370000 0.370000 0.370000 0.370000 0.370000 0.370000 0.370000 0.370000 0.370000 0.370000 0.370000 0.370000 0.370000 0.370000 0.370000 0.370000 0.370000 0.370000 0.370000 0.370000 0.370000 0.370000 0.370000 0.370000 0.370000 0.370000 0.370000 0.370000 0.370000 0.370000 0.370000 0.370000 0.370000 0.370000 0.370000 0.370000 0.370000 0.370000 0.370000 0.370000 0.370000 0.370000 0.370000 0.370000 0.369999 0.369997 0.369996 0.369993 0.369987 0.369946 0.369784 0.369359 0.368585 0.367410 0.365894 0.363889
0.370000 0.370000 0.370000 0.370000 0.370000 0.370000 0.370000 0.370000 0.370000 0.370000 0.370000 0.369999 0.369997 0.369991 0.369976 0.369969 0.369962 0.369960 0.369979 0.369992 0.369996 0.369992 0.369984 0.369962 0.369942 0.369933 0.369937 0.369958 0.369982 0.369993 0.369993 0.369988 0.369982 0.369978 0.369979 0.369990 0.369998 0.370000 0.370000 0.370000 0.370000 0.370000 0.370000 0.370000 0.370000 0.370000 0.370000 0.370000 0.370000 0.370000 0.370000 0.370000 0.370000 0.370000 0.370000 0.370000 0.369999 0.369992 0.369959 0.369856 0.369663 0.369380 0.368799
0.370000 0.370000 0.370000 0.369999 0.369998 0.369994 0.369984 0.369979 0.369976 0.369978 0.369961 0.369933 0.369847 0.369725 0.369544 0.369421 0.369329 0.369242 0.369416 0.369663 0.369766 0.369612 0.369455 0.369167 0.368978 0.368877 0.368902 0.369136 0.369550 0.369747 0.369787 0.369714 0.369637 0.369602 0.369611 0.369691 0.369835 0.369931 0.369975 0.369991 0.369996 0.369998 0.369999 0.370000 0.370000 0.370000 0.370000 0.370000 0.370000 0.370000 0.370000 0.370000 0.370000 0.370000 0.370000 0.370000 0.370000 0.370000 0.370000 0.369996 0.369980 0.369946 0.369883
0.369989 0.369984 0.369973 0.369848 0.369739 0.369541 0.369292 0.369179 0.368994 0.368891 0.368572 0.368284 0.367753 0.366898 0.365809 0.364695 0.364379 0.364082 0.363790 0.364847 0.365254 0.364956 0.364263 0.363442 0.362964 0.362667 0.363094 0.364382 0.365439 0.366282 0.366578 0.366129 0.366461 0.366839 0.366858 0.367734 0.368373 0.368964 0.369432 0.369721 0.369817 0.369872 0.369919 0.369961 0.369986 0.369997 0.370000 0.370000 0.370000 0.370000 0.370000 0.370000 0.370000 0.370000 0.370000 0.370000 0.370000 0.370000 0.370000 0.370000 0.370000 0.369999 0.369997
0.369827 0.369787 0.369430 0.368339 0.366849 0.365683 0.363985 0.363025 0.361858 0.358541 0.356102 0.354573 0.354840 0.352742 0.349623 0.346994 0.345903 0.345201 0.343254 0.342499 0.343301 0.345142 0.343460 0.342295 0.342675 0.342050 0.341874 0.344082 0.346892 0.348330 0.349784 0.351155 0.351976 0.353374 0.357801 0.360201 0.362073 0.364139 0.365956 0.367399 0.368253 0.368681 0.369066 0.369447 0.369676 0.369851 0.369947 0.369989 0.369998 0.369999 0.370000 0.370000 0.370000 0.370000 0.370000 0.370000 0.370000 0.370000 0.370000 0.370000 0.370000 0.370000 0.370000
0.367789 0.367224 0.364305 0.359542 0.353875 0.349719 0.345094 0.341471 0.331037 0.307541 0.291966 0.291950 0.295708 0.291279 0.280144 0.271433 0.265817 0.260417 0.253446 0.249494 0.253241 0.257192 0.256877 0.256493 0.257776 0.257560 0.257190 0.257799 0.264960 0.270129 0.275783 0.280639 0.284942 0.304159 0.325193 0.337850 0.344989 0.349550 0.354395 0.358913 0.361765 0.363377 0.365059 0.366512 0.367687 0.368571 0.369268 0.369707 0.369877 0.369936 0.369968 0.369987 0.369997 0.370000 0.370000 0.370000 0.370000 0.370000 0.370000 0.370000 0.370000 0.370000 0.370000
0.357100 0.351972 0.343907 0.328856 0.300930 0.281080 0.266873 0.255457 0.244269 0.235281 0.229953 0.233245 0.235027 0.238040 0.233332 0.229616 0.228722 0.225342 0.222372 0.218471 0.221560 0.223001 0.226741 0.226401 0.226504 0.228176 0.227362 0.227076 0.224731 0.227379 0.228959 0.230899 0.237890 0.245005 0.253168 0.261519 0.272808 0.288856 0.311965 0.334557 0.345138 0.349806 0.354035 0.358242 0.361162 0.363359 0.365433 0.367280 0.368388 0.368976 0.369406 0.369648 0.369857 0.369961 0.369992 0.370000 0.370000 0.370000 0.370000 0.370000 0.370000 0.370000 0.370000
0.295440 0.275381 0.253787 0.242559 0.236683 0.230929 0.226789 0.223648 0.218705 0.215321 0.210251 0.212224 0.214961 0.218911 0.215733 0.215272 0.215944 0.214044 0.212033 0.208782 0.209305 0.211941 0.215107 0.214992 0.215641 0.217461 0.217505 0.216040 0.213124 0.213837 0.215737 0.217597 0.221297 0.224863 0.228496 0.231804 0.236650 0.242737 0.250047 0.260890 0.276385 0.291160 0.314599 0.336937 0.345754 0.349199 0.352834 0.357941 0.361072 0.363554 0.365499 0.366719 0.368251 0.369250 0.369785 0.369958 0.369994 0.369999 0.370000 0.370000 0.370000 0.370000 0.370000
0.227870 0.221424 0.219039 0.216809 0.214405 0.212428 0.210303 0.208421 0.206908 0.204484 0.199732 0.201754 0.204548 0.207712 0.207851 0.207523 0.207797 0.207070 0.204877 0.201069 0.202712 0.205071 0.207213 0.207896 0.208314 0.209647 0.208686 0.206694 0.203891 0.205098 0.207286 0.208505 0.210073 0.212434 0.214972 0.217549 0.220610 0.223813 0.228236 0.233442 0.239689 0.246950 0.255800 0.268322 0.277720 0.289313 0.303121 0.324315 0.339692 0.346308 0.351459 0.356443 0.361421 0.365516 0.368004 0.369235 0.369763 0.369915 0.369968 0.369989 0.369999 0.370000 0.370000
0.214920 0.211408 0.209287 0.207722 0.208596 0.207886 0.205682 0.205825 0.204678 0.200884 0.202327 0.203433 0.206566 0.205965 0.205797 0.205056 0.205575 0.205090 0.201386 0.203320 0.204139 0.206330 0.206723 0.207198 0.207554 0.207953 0.207516 0.204863 0.205437 0.206144 0.208159 0.208226 0.209057 0.211423 0.212163 0.213657 0.215809 0.218150 0.220999 0.224544 0.229548 0.234790 0.239904 0.241652 0.245312 0.248500 0.246205 0.253454 0.262091 0.273368 0.292010 0.317924 0.340543 0.350966 0.359577 0.364770 0.367527 0.369015 0.369488 0.369774 0.369920 0.369979 0.369996
0.206095 0.203571 0.201048 0.202490 0.202741 0.202655 0.202206 0.201477 0.199839 0.201897 0.202157 0.201989 0.201775 0.201770 0.202037 0.201666 0.201453 0.201586 0.203138 0.203359 0.202878 0.203469 0.203933 0.204461 0.203862 0.204021 0.204086 0.204659 0.204593 0.204181 0.205148 0.205457 0.205776 0.206761 0.207475 0.208393 0.210120 0.211516 0.213325 0.216469 0.220397 0.223208 0.223646 0.225765 0.226718 0.225001 0.223528 0.226355 0.229450 0.232266 0.238880 0.246561 0.258130 0.291809 0.335891 0.350076 0.358103 0.363347 0.366176 0.367879 0.368870 0.369558 0.369835
0.203507 0.201383 0.201002 0.202099 0.202226 0.202213 0.200946 0.199769 0.201019 0.201486 0.201406 0.200910 0.201441 0.201662 0.202350 0.201701 0.201383 0.201577 0.201753 0.201671 0.202178 0.202550 0.202867 0.204514 0.203655 0.203597 0.204175 0.203941 0.203772 0.203345 0.204447 0.204857 0.204998 0.205984 0.206598 0.207280 0.208275 0.209927 0.213053 0.215538 0.218821 0.222006 0.222603 0.223094 0.222342 0.221562 0.218194 0.218128 0.221570 0.220938 0.223707 0.228614 0.229536 0.241806 0.263000 0.287750 0.325726 0.344614 0.355555 0.360618 0.364395 0.366987 0.368538
0.200701 0.200891 0.199881 0.200159 0.200058 0.199419 0.198641 0.199596 0.199537 0.199451 0.199517 0.199230 0.199723 0.200120 0.200523 0.200301 0.200263 0.199577 0.199573 0.200303 0.200390 0.200850 0.201819 0.203123 0.202311 0.202164 0.202203 0.201917 0.201964 0.201502 0.202413 0.203120 0.203331 0.204518 0.205074 0.204581 0.205990 0.208380 0.210837 0.212579 0.215297 0.219583 0.218346 0.218206 0.218714 0.215926 0.212601 0.212455 0.213508 0.212701 0.214912 0.216404 0.216480 0.222558 0.228169 0.235532 0.248181 0.274759 0.318123 0.341888 0.351142 0.358094 0.362475
