tests/Borden05m/sims/sim_1/output-maps/thetaliqL0004N0006.asc
ncols         160
nrows         34
xllcorner     620200.000000
yllcorner     5168000.000000
cellsize      0.500000
NODATA_value  -9999.0
[rows 0 to 27 of 34, columns 0 to 62 of 160]
-9999.0 -9999.0 -9999.0 -9999.0 -9999.0 -9999.0 -9999.0 -9999.0 -9999.0 -9999.0 -9999.0 -9999.0 -9999.0 -9999.0 -9999.0 -9999.0 -9999.0 -9999.0 -9999.0 -9999.0 -9999.0 -9999.0 -9999.0 -9999.0 -9999.0 -9999.0 -9999.0 -9999.0 -9999.0 -9999.0 -9999.0 -9999.0 -9999.0 -9999.0 -9999.0 -9999.0 -9999.0 -9999.0 -9999.0 -9999.0 -9999.0 -9999.0 -9999.0 -9999.0 -9999.0 -9999.0 -9999.0 -9999.0 -9999.0 -9999.0 -9999.0 -9999.0 -9999.0 -9999.0 -9999.0 -9999.0 -9999.0 -9999.0 -9999.0 -9999.0 -9999.0 -9999.0 -9999.0
-9999.0 -9999.0 -9999.0 -9999.0 -9999.0 -9999.0 -9999.0 -9999.0 -9999.0 -9999.0 -9999.0 -9999.0 -9999.0 -9999.0 -9999.0 -9999.0 -9999.0 -9999.0 -9999.0 -9999.0 -9999.0 -9999.0 -9999.0 -9999.0 -9999.0 -9999.0 -9999.0 -9999.0 -9999.0 -9999.0 -9999.0 -9999.0 -9999.0 -9999.0 -9999.0 -9999.0 -9999.0 -9999.0 -9999.0 -9999.0 -9999.0 -9999.0 -9999.0 -9999.0 -9999.0 -9999.0 -9999.0 -9999.0 -9999.0 -9999.0 -9999.0 -9999.0 -9999.0 -9999.0 -9999.0 -9999.0 -9999.0 -9999.0 -9999.0 0.130917 0.128936 0.127372 0.126241
-9999.0 -9999.0 -9999.0 -9999.0 -9999.0 -9999.0 -9999.0 -9999.0 -9999.0 -9999.0 -9999.0 -9999.0 -9999.0 -9999.0 -9999.0 -9999.0 -9999.0 -9999.0 -9999.0 -9999.0 -9999.0 -9999.0 -9999.0 -9999.0 -9999.0 -9999.0 -9999.0 -9999.0 -9999.0 -9999.0 -9999.0 -9999.0 -9999.0 -9999.0 -9999.0 -9999.0 -9999.0 -9999.0 -9999.0 -9999.0 -9999.0 -9999.0 -9999.0 -9999.0 -9999.0 -9999.0 -9999.0 0.110069 0.105903 0.101528 0.100547 0.105535 0.108725 0.112080 0.114866 0.117641 0.121315 0.126878 0.127048 0.121071 0.120078 0.119576 0.119492
-9999.0 -9999.0 -9999.0 -9999.0 -9999.0 -9999.0 -9999.0 -9999.0 -9999.0 -9999.0 -9999.0 -9999.0 -9999.0 -9999.0 -9999.0 -9999.0 -9999.0 -9999.0 -9999.0 -9999.0 -9999.0 -9999.0 -9999.0 -9999.0 -9999.0 -9999.0 -9999.0 -9999.0 -9999.0 -9999.0 -9999.0 -9999.0 -9999.0 -9999.0 -9999.0 -9999.0 -9999.0 -9999.0 -9999.0 -9999.0 0.113071 0.115028 0.116428 0.113306 0.111517 0.110847 0.107361 0.103910 0.100757 0.101289 0.101444 0.100164 0.103913 0.107555 0.109710 0.111778 0.115458 0.121052 0.121117 0.116583 0.113799 0.112800 0.113150
-9999.0 -9999.0 -9999.0 -9999.0 -9999.0 -9999.0 -9999.0 -9999.0 -9999.0 -9999.0 -9999.0 -9999.0 -9999.0 -9999.0 -9999.0 -9999.0 -9999.0 -9999.0 -9999.0 -9999.0 -9999.0 -9999.0 -9999.0 -9999.0 -9999.0 -9999.0 -9999.0 -9999.0 -9999.0 -9999.0 -9999.0 -9999.0 -9999.0 -9999.0 0.101111 0.104439 0.106541 0.108730 0.111549 0.111395 0.111327 0.113043 0.111566 0.111111 0.108878 0.105168 0.101657 0.099635 0.100802 0.100213 0.100417 0.102256 0.103928 0.105237 0.108425 0.113166 0.112487 0.114338 0.114223 0.112433 0.113659 0.114758 0.115523
-9999.0 -9999.0 -9999.0 -9999.0 -9999.0 -9999.0 -9999.0 -9999.0 -9999.0 -9999.0 -9999.0 -9999.0 -9999.0 -9999.0 -9999.0 -9999.0 -9999.0 -9999.0 -9999.0 -9999.0 -9999.0 -9999.0 -9999.0 -9999.0 -9999.0 -9999.0 -9999.0 -9999.0 0.105215 0.103889 0.102866 0.102842 0.102414 0.100985 0.100926 0.101722 0.103950 0.107359 0.108510 0.108681 0.109285 0.108790 0.106969 0.106633 0.108218 0.105910 0.104469 0.102877 0.100021 0.099416 0.101159 0.103169 0.105243 0.106496 0.107779 0.108915 0.110441 0.116084 0.117917 0.115204 0.113456 0.112540 0.112834
-9999.0 -9999.0 -9999.0 -9999.0 -9999.0 -9999.0 -9999.0 -9999.0 -9999.0 -9999.0 -9999.0 -9999.0 -9999.0 -9999.0 -9999.0 -9999.0 -9999.0 -9999.0 -9999.0 -9999.0 -9999.0 -9999.0 -9999.0 0.102229 0.103426 0.104035 0.105197 0.104766 0.102529 0.101042 0.100377 0.099874 0.098826 0.098874 0.099194 0.100404 0.101629 0.104983 0.104384 0.104132 0.106807 0.106466 0.107989 0.109727 0.109189 0.109288 0.105715 0.103225 0.105582 0.106811 0.107090 0.107096 0.108696 0.110876 0.113649 0.117816 0.123030 0.127866 0.134278 0.130534 0.127276 0.122476 0.122763
-9999.0 -9999.0 -9999.0 -9999.0 -9999.0 -9999.0 -9999.0 -9999.0 -9999.0 -9999.0 -9999.0 -9999.0 -9999.0 -9999.0 -9999.0 -9999.0 -9999.0 -9999.0 -9999.0 0.101470 0.101190 0.100625 0.100994 0.099164 0.098484 0.099223 0.100477 0.099966 0.098883 0.097961 0.098104 0.098303 0.098242 0.099986 0.101656 0.102675 0.103113 0.106062 0.107532 0.109541 0.113592 0.111528 0.109356 0.108238 0.108141 0.107669 0.109711 0.110488 0.111036 0.111364 0.112003 0.113154 0.114369 0.118502 0.123031 0.127578 0.132260 0.137774 0.145747 0.142974 0.137092 0.131327 0.131308
-9999.0 -9999.0 -9999.0 -9999.0 -9999.0 -9999.0 -9999.0 -9999.0 -9999.0 -9999.0 -9999.0 -9999.0 -9999.0 -9999.0 -9999.0 -9999.0 0.100416 0.100296 0.099616 0.098609 0.097711 0.097800 0.098736 0.097439 0.097129 0.097635 0.097241 0.098155 0.099114 0.100221 0.100822 0.099966 0.100447 0.100731 0.101185 0.102431 0.105656 0.109019 0.110636 0.113380 0.117462 0.115888 0.115065 0.115164 0.114278 0.115838 0.121651 0.121632 0.120367 0.126893 0.131059 0.130852 0.131360 0.136834 0.145303 0.156454 0.173695 0.185665 0.198766 0.203043 0.190401 0.187623 0.191292
-9999.0 -9999.0 -9999.0 -9999.0 -9999.0 -9999.0 -9999.0 -9999.0 -9999.0 -9999.0 -9999.0 -9999.0 -9999.0 0.099067 0.098994 0.099392 0.097731 0.096424 0.095722 0.094795 0.096470 0.095576 0.095444 0.095888 0.097439 0.097730 0.098175 0.099377 0.099425 0.099331 0.099267 0.098843 0.100485 0.102300 0.103937 0.106777 0.109555 0.112298 0.116152 0.118030 0.120899 0.120834 0.118995 0.118740 0.120834 0.126760 0.132331 0.135408 0.144677 0.155013 0.160489 0.166963 0.170389 0.175110 0.185396 0.211430 0.241874 0.271210 0.290568 0.309834 0.311215 0.314549 0.317107
-9999.0 -9999.0 -9999.0 -9999.0 -9999.0 -9999.0 -9999.0 -9999.0 -9999.0 -9999.0 0.095593 0.096560 0.095141 0.092787 0.091905 0.092616 0.093404 0.092714 0.092983 0.095818 0.097626 0.095408 0.097391 0.097713 0.096953 0.097560 0.098672 0.099298 0.101579 0.102246 0.102943 0.106748 0.108498 0.110406 0.112839 0.115712 0.118893 0.126985 0.134845 0.136897 0.147091 0.153828 0.149490 0.147996 0.149934 0.157717 0.170221 0.187341 0.201890 0.223071 0.243317 0.257488 0.268240 0.281217 0.296166 0.327406 0.364334 0.369895 0.369991 0.369998 0.369998 0.369999 0.369999
-9999.0 -9999.0 -9999.0 -9999.0 -9999.0 -9999.0 -9999.0 -9999.0 0.091789 0.093199 0.094147 0.093023 0.091576 0.089222 0.090274 0.091393 0.092275 0.093524 0.094308 0.095099 0.094945 0.096227 0.098376 0.098365 0.098984 0.100624 0.101267 0.103108 0.105784 0.106075 0.108299 0.111453 0.114502 0.117445 0.120846 0.123964 0.132671 0.144966 0.158759 0.170837 0.187069 0.205850 0.203661 0.205113 0.206352 0.228311 0.257962 0.292389 0.326711 0.358522 0.369809 0.369974 0.369990 0.369996 0.369999 0.370000 0.370000 0.370000 0.370000 0.370000 0.370000 0.370000 0.370000
-9999.0 -9999.0 -9999.0 -9999.0 -9999.0 -9999.0 0.089583 0.092695 0.094370 0.090973 0.088606 0.087857 0.086621 0.089602 0.092621 0.093448 0.094189 0.095065 0.095153 0.093738 0.099202 0.098523 0.098271 0.100507 0.101096 0.101969 0.103859 0.107455 0.110235 0.117668 0.124535 0.131244 0.139528 0.145488 0.151579 0.158647 0.175090 0.198337 0.225235 0.252053 0.281208 0.312730 0.324402 0.331107 0.340677 0.358989 0.369805 0.369987 0.370000 0.370000 0.370000 0.370000 0.370000 0.370000 0.370000 0.370000 0.370000 0.370000 0.370000 0.370000 0.370000 0.370000 0.370000
-9999.0 -9999.0 -9999.0 -9999.0 0.090676 0.091540 0.091264 0.094274 0.096555 0.092310 0.093856 0.093156 0.091870 0.090461 0.088969 0.090484 0.091573 0.092492 0.092815 0.098122 0.103712 0.101993 0.105502 0.111690 0.111847 0.113531 0.115154 0.119432 0.126722 0.136729 0.157408 0.178201 0.192181 0.206663 0.220142 0.238295 0.267365 0.306462 0.346970 0.369592 0.369977 0.369997 0.369999 0.370000 0.370000 0.370000 0.370000 0.370000 0.370000 0.370000 0.370000 0.370000 0.370000 0.370000 0.370000 0.370000 0.370000 0.370000 0.370000 0.370000 0.370000 0.370000 0.370000
-9999.0 -9999.0 -9999.0 0.088548 0.091660 0.093140 0.092086 0.093084 0.095934 0.093862 0.093655 0.093459 0.093425 0.093702 0.093840 0.095064 0.095648 0.095512 0.096878 0.101052 0.104374 0.109171 0.113817 0.120010 0.125429 0.128516 0.132269 0.139927 0.157561 0.178179 0.213509 0.262918 0.302774 0.328714 0.347002 0.366448 0.369864 0.369992 0.370000 0.370000 0.370000 0.370000 0.370000 0.370000 0.370000 0.370000 0.370000 0.370000 0.370000 0.370000 0.370000 0.370000 0.370000 0.370000 0.370000 0.370000 0.370000 0.370000 0.370000 0.370000 0.370000 0.370000 0.370000
-9999.0 -9999.0 0.088670 0.090510 0.089697 0.092249 0.095393 0.094311 0.098148 0.099844 0.097146 0.099438 0.100967 0.099573 0.101501 0.103685 0.105008 0.103001 0.102295 0.107994 0.120438 0.133426 0.142422 0.172440 0.190789 0.202936 0.207852 0.224947 0.251318 0.299664 0.353632 0.369781 0.369988 0.369999 0.370000 0.370000 0.370000 0.370000 0.370000 0.370000 0.370000 0.370000 0.370000 0.370000 0.370000 0.370000 0.370000 0.370000 0.370000 0.370000 0.370000 0.370000 0.370000 0.370000 0.370000 0.370000 0.370000 0.370000 0.370000 0.370000 0.370000 0.370000 0.370000
-9999.0 -9999.0 0.086803 0.089575 0.088145 0.092969 0.098550 0.095238 0.097785 0.103955 0.103648 0.105460 0.106252 0.108057 0.111960 0.118326 0.116436 0.115863 0.111841 0.128608 0.149027 0.183604 0.250688 0.306063 0.339205 0.342796 0.345739 0.360469 0.369583 0.369979 0.370000 0.370000 0.370000 0.370000 0.370000 0.370000 0.370000 0.370000 0.370000 0.370000 0.370000 0.370000 0.370000 0.370000 0.370000 0.370000 0.370000 0.370000 0.370000 0.370000 0.370000 0.370000 0.370000 0.370000 0.370000 0.370000 0.370000 0.370000 0.370000 0.370000 0.370000 0.370000 0.370000
-9999.0 0.085825 0.087228 0.087589 0.090708 0.090628 0.095445 0.103150 0.105104 0.109539 0.111697 0.110806 0.127995 0.146586 0.154974 0.171714 0.165603 0.161392 0.152193 0.173027 0.211848 0.313354 0.369815 0.369995 0.370000 0.370000 0.370000 0.370000 0.370000 0.370000 0.370000 0.370000 0.370000 0.370000 0.370000 0.370000 0.370000 0.370000 0.370000 0.370000 0.370000 0.370000 0.370000 0.370000 0.370000 0.370000 0.370000 0.370000 0.370000 0.370000 0.370000 0.370000 0.370000 0.370000 0.370000 0.370000 0.370000 0.370000 0.370000 0.370000 0.370000 0.370000 0.370000
-9999.0 0.082448 0.086933 0.090242 0.089570 0.088511 0.098196 0.118208 0.115644 0.117387 0.120528 0.136225 0.184544 0.239482 0.275643 0.314474 0.309807 0.294463 0.292520 0.326806 0.368240 0.369974 0.370000 0.370000 0.370000 0.370000 0.370000 0.370000 0.370000 0.370000 0.370000 0.370000 0.370000 0.370000 0.370000 0.370000 0.370000 0.370000 0.370000 0.370000 0.370000 0.370000 0.370000 0.370000 0.370000 0.370000 0.370000 0.370000 0.370000 0.370000 0.370000 0.370000 0.370000 0.370000 0.370000 0.370000 0.370000 0.370000 0.370000 0.370000 0.370000 0.370000 0.370000
-9999.0 0.085679 0.091771 0.090376 0.086232 0.094542 0.100931 0.117837 0.135878 0.138865 0.160509 0.230533 0.333287 0.369813 0.369992 0.369998 0.369999 0.369996 0.369998 0.370000 0.370000 0.370000 0.370000 0.370000 0.370000 0.370000 0.370000 0.370000 0.370000 0.370000 0.370000 0.370000 0.370000 0.370000 0.370000 0.370000 0.370000 0.370000 0.370000 0.370000 0.370000 0.370000 0.370000 0.370000 0.370000 0.370000 0.370000 0.370000 0.370000 0.370000 0.370000 0.370000 0.370000 0.370000 0.370000 0.370000 0.370000 0.370000 0.370000 0.370000 0.370000 0.370000 0.370000
-9999.0 0.080109 0.086954 0.081395 0.090297 0.102199 0.104237 0.134001 0.183355 0.200840 0.292572 0.369638 0.370000 0.370000 0.370000 0.370000 0.370000 0.370000 0.370000 0.370000 0.370000 0.370000 0.370000 0.370000 0.370000 0.370000 0.370000 0.370000 0.370000 0.370000 0.370000 0.370000 0.370000 0.370000 0.370000 0.370000 0.370000 0.370000 0.370000 0.370000 0.370000 0.370000 0.370000 0.370000 0.370000 0.370000 0.370000 0.370000 0.370000 0.370000 0.370000 0.370000 0.370000 0.370000 0.370000 0.370000 0.370000 0.370000 0.370000 0.370000 0.370000 0.370000 0.370000
-9999.0 0.077042 0.080653 0.084055 0.092814 0.102019 0.114923 0.153391 0.257961 0.327271 0.369735 0.370000 0.370000 0.370000 0.370000 0.370000 0.370000 0.370000 0.370000 0.370000 0.370000 0.370000 0.370000 0.370000 0.370000 0.370000 0.370000 0.370000 0.370000 0.370000 0.370000 0.370000 0.370000 0.370000 0.370000 0.370000 0.370000 0.370000 0.370000 0.370000 0.370000 0.370000 0.370000 0.370000 0.370000 0.370000 0.370000 0.370000 0.370000 0.370000 0.370000 0.370000 0.370000 0.370000 0.370000 0.370000 0.370000 0.370000 0.370000 0.370000 0.370000 0.369998 0.369996
-9999.0 0.072436 0.082043 0.083859 0.088757 0.091261 0.095170 0.115567 0.161901 0.320487 0.369989 0.370000 0.370000 0.370000 0.370000 0.370000 0.370000 0.370000 0.370000 0.370000 0.370000 0.370000 0.370000 0.370000 0.370000 0.370000 0.370000 0.370000 0.370000 0.370000 0.370000 0.370000 0.370000 0.370000 0.370000 0.370000 0.370000 0.370000 0.370000 0.370000 0.370000 0.370000 0.370000 0.370000 0.370000 0.370000 0.370000 0.370000 0.370000 0.370000 0.370000 0.370000 0.370000 0.370000 0.370000 0.370000 0.370000 0.369997 0.369952 0.367290 0.326166 0.294631 0.289135
-9999.0 -9999.0 0.076512 0.083857 0.085132 0.087115 0.089734 0.102101 0.123344 0.212771 0.313016 0.369650 0.369991 0.370000 0.370000 0.370000 0.370000 0.370000 0.370000 0.370000 0.370000 0.370000 0.370000 0.370000 0.370000 0.370000 0.370000 0.370000 0.370000 0.370000 0.370000 0.370000 0.370000 0.370000 0.370000 0.370000 0.370000 0.370000 0.370000 0.370000 0.370000 0.370000 0.370000 0.370000 0.370000 0.370000 0.370000 0.370000 0.369999 0.369998 0.369998 0.369997 0.369994 0.369983 0.369904 0.367445 0.347122 0.319267 0.291298 0.251480 0.215760 0.186016 0.167847
-9999.0 -9999.0 0.071848 0.079551 0.085299 0.090653 0.090222 0.092201 0.110651 0.126336 0.151964 0.195518 0.248829 0.299769 0.345346 0.369748 0.369969 0.369987 0.369990 0.369994 0.369998 0.369999 0.370000 0.370000 0.370000 0.370000 0.370000 0.370000 0.370000 0.370000 0.369999 0.369995 0.369991 0.369988 0.369990 0.369993 0.369990 0.369978 0.369893 0.367749 0.357622 0.345054 0.340491 0.339164 0.339030 0.336451 0.332450 0.321071 0.306353 0.295293 0.286464 0.278465 0.273893 0.264029 0.252574 0.245708 0.228503 0.209891 0.192715 0.173169 0.153144 0.141675 0.132081
-9999.0 -9999.0 -9999.0 0.072438 0.076955 0.082220 0.084973 0.081888 0.085047 0.092181 0.099746 0.112614 0.123632 0.136177 0.153718 0.183150 0.203728 0.210996 0.211631 0.248292 0.267647 0.299786 0.325493 0.336493 0.349775 0.360749 0.363067 0.356620 0.347181 0.330827 0.306144 0.279486 0.263731 0.263695 0.264605 0.269377 0.263256 0.256730 0.243122 0.229578 0.217663 0.209232 0.206610 0.203620 0.202105 0.199695 0.197538 0.192652 0.186878 0.181210 0.176380 0.175056 0.173591 0.171074 0.167762 0.165124 0.160939 0.149143 0.140045 0.131668 0.123555 0.116809 0.111163
-9999.0 -9999.0 -9999.0 -9999.0 -9999.0 0.070752 0.078998 0.082054 0.082394 0.081676 0.083859 0.091878 0.092046 0.094684 0.100050 0.104156 0.107392 0.113031 0.123473 0.134905 0.150685 0.164428 0.182552 0.199598 0.208103 0.218934 0.223043 0.214385 0.207392 0.196995 0.180938 0.166351 0.164617 0.165479 0.165982 0.165250 0.162544 0.160351 0.157397 0.151051 0.145629 0.144124 0.143019 0.141713 0.140289 0.139183 0.138206 0.137513 0.134224 0.131368 0.132387 0.131705 0.131154 0.130947 0.129245 0.127920 0.127146 0.119852 0.115207 0.114556 0.108449 0.104302 0.103719
-9999.0 -9999.0 -9999.0 -9999.0 -9999.0 -9999.0 0.070207 0.073928 0.079289 0.081408 0.085079 0.088448 0.084724 0.086566 0.088738 0.091368 0.095564 0.096869 0.099724 0.103795 0.109452 0.113977 0.121215 0.130732 0.132803 0.135896 0.140728 0.136032 0.133063 0.130942 0.122496 0.122581 0.121095 0.121683 0.121858 0.122403 0.121112 0.119843 0.118939 0.115501 0.114875 0.113758 0.113167 0.112582 0.111991 0.111594 0.111419 0.111315 0.109486 0.110364 0.110751 0.110250 0.109921 0.110013 0.109243 0.108024 0.107663 0.104989 0.103941 0.103202 0.099369 0.098635 0.097795
