tests/Borden05m/sims/sim_1/output-maps/thetaliqL0005N0011.asc
ncols         160
nrows         34
xllcorner     620200.000000
yllcorner     5168000.000000
cellsize      0.500000
NODATA_value  -9999.0
[rows 0 to 27 of 34, columns 63 to 125 of 160]
-9999.0 -9999.0 -9999.0 -9999.0 -9999.0 -9999.0 -9999.0 -9999.0 -9999.0 -9999.0 -9999.0 -9999.0 -9999.0 -9999.0 -9999.0 -9999.0 -9999.0 -9999.0 -9999.0 -9999.0 -9999.0 -9999.0 -9999.0 -9999.0 -9999.0 -9999.0 -9999.0 -9999.0 -9999.0 -9999.0 -9999.0 -9999.0 -9999.0 -9999.0 -9999.0 -9999.0 -9999.0 -9999.0 -9999.0 -9999.0 -9999.0 -9999.0 -9999.0 -9999.0 -9999.0 -9999.0 -9999.0 -9999.0 -9999.0 -9999.0 -9999.0 -9999.0 -9999.0 -9999.0 -9999.0 -9999.0 -9999.0 -9999.0 -9999.0 -9999.0 -9999.0 -9999.0 -9999.0
0.131292 0.127788 0.124485 0.123240 0.123036 0.122617 0.122176 0.123948 0.126615 0.129241 0.132074 0.132641 0.133457 0.134453 0.134678 0.134099 0.132719 0.131468 0.130169 0.130044 0.126641 0.122361 0.119228 0.118376 0.120168 0.121748 0.122346 0.124442 0.128483 0.132667 0.135774 0.140859 0.142684 0.145100 0.147168 0.145161 0.143793 0.142646 0.141333 0.136137 -9999.0 -9999.0 -9999.0 -9999.0 -9999.0 -9999.0 -9999.0 -9999.0 -9999.0 -9999.0 -9999.0 -9999.0 -9999.0 -9999.0 -9999.0 -9999.0 -9999.0 -9999.0 -9999.0 -9999.0 -9999.0 -9999.0 -9999.0
0.124694 0.121406 0.119727 0.117730 0.117062 0.116936 0.116694 0.117863 0.121219 0.124033 0.125553 0.126048 0.126641 0.126503 0.126194 0.126083 0.124977 0.123767 0.122574 0.122128 0.122640 0.119904 0.118224 0.117111 0.116554 0.117268 0.117942 0.118705 0.122117 0.124833 0.127591 0.133313 0.138819 0.141106 0.139804 0.137529 0.136512 0.134485 0.130963 0.127346 0.124299 0.122146 0.120732 0.119093 0.121403 0.123087 0.126882 0.130772 0.135568 0.141204 -9999.0 -9999.0 -9999.0 -9999.0 -9999.0 -9999.0 -9999.0 -9999.0 -9999.0 -9999.0 -9999.0 -9999.0 -9999.0
0.120025 0.118718 0.116956 0.115288 0.117843 0.117971 0.118139 0.119052 0.120237 0.120804 0.121663 0.123288 0.126648 0.127302 0.127333 0.127370 0.126643 0.125433 0.124919 0.123960 0.121829 0.121698 0.121992 0.121905 0.124066 0.124525 0.125250 0.122037 0.123126 0.125239 0.127545 0.130018 0.132615 0.134653 0.133204 0.133167 0.130170 0.125188 0.121749 0.119520 0.119552 0.119234 0.116980 0.112791 0.115159 0.120887 0.122023 0.122833 0.127300 0.132147 0.137092 0.137498 0.137287 0.137397 0.136917 0.131132 0.126032 0.121561 0.115442 -9999.0 -9999.0 -9999.0 -9999.0
0.120354 0.118925 0.117956 0.122740 0.125988 0.126047 0.126997 0.128347 0.127813 0.122312 0.121093 0.124124 0.127934 0.130071 0.129724 0.129502 0.128773 0.128405 0.128358 0.127363 0.128010 0.129078 0.129140 0.131320 0.133730 0.135162 0.130936 0.127025 0.127167 0.130372 0.133619 0.136585 0.141744 0.148200 0.147448 0.144869 0.141449 0.136484 0.127219 0.120178 0.117087 0.115428 0.113560 0.113634 0.113056 0.116806 0.117226 0.117491 0.120486 0.123907 0.127610 0.129956 0.129785 0.129907 0.129510 0.126438 0.121610 0.117564 0.113659 0.108063 0.102108 0.096263 0.096308
0.120433 0.121439 0.126499 0.131523 0.138028 0.138359 0.139197 0.138949 0.134027 0.129645 0.127606 0.134276 0.141416 0.145098 0.144998 0.145040 0.150086 0.148533 0.146940 0.143634 0.144937 0.146230 0.152985 0.156940 0.160863 0.159512 0.152531 0.146694 0.145750 0.146514 0.147018 0.149874 0.155690 0.162112 0.159069 0.155261 0.150726 0.136702 0.125606 0.120186 0.121627 0.122600 0.121366 0.120750 0.119873 0.117033 0.117229 0.117300 0.116861 0.121054 0.125627 0.126832 0.124175 0.122934 0.122804 0.120382 0.117788 0.113895 0.109947 0.106202 0.099728 0.099275 0.097290
0.137141 0.140655 0.146577 0.156188 0.171137 0.172280 0.174516 0.178071 0.170401 0.162585 0.154631 0.164089 0.169464 0.175256 0.177323 0.186630 0.195126 0.190376 0.182996 0.175750 0.180539 0.192184 0.204686 0.209510 0.211999 0.213331 0.204914 0.200757 0.197991 0.197797 0.193686 0.195242 0.205070 0.219940 0.221001 0.211091 0.192856 0.168163 0.148008 0.137286 0.140678 0.137932 0.135760 0.134624 0.128777 0.124612 0.125569 0.122040 0.119756 0.124395 0.126356 0.126774 0.123895 0.127030 0.124520 0.118598 0.113703 0.109956 0.106876 0.103804 0.103023 0.101282 0.099369
0.159664 0.164479 0.176511 0.195084 0.218234 0.233019 0.243942 0.254119 0.245912 0.235533 0.224670 0.227713 0.241458 0.255684 0.270714 0.287063 0.302978 0.298497 0.289083 0.287305 0.292060 0.310323 0.325509 0.331367 0.334807 0.339936 0.335988 0.328139 0.317827 0.306643 0.296214 0.288999 0.304305 0.319218 0.316632 0.288483 0.259350 0.223964 0.191479 0.165924 0.162452 0.163251 0.163346 0.154231 0.146762 0.137664 0.133258 0.130459 0.124362 0.126414 0.128527 0.133233 0.138608 0.138780 0.131648 0.125559 0.119450 0.114042 0.110314 0.109935 0.109199 0.106813 0.105115
0.266317 0.272636 0.288420 0.324109 0.355254 0.364447 0.367271 0.367622 0.367011 0.365899 0.363432 0.361656 0.364374 0.366351 0.367524 0.368104 0.368488 0.368690 0.368663 0.368662 0.368725 0.368816 0.368955 0.369088 0.369205 0.369323 0.369345 0.369194 0.369026 0.368808 0.368579 0.368510 0.368464 0.368649 0.368613 0.367871 0.365663 0.357820 0.330523 0.291570 0.261348 0.258682 0.241876 0.224674 0.204619 0.175127 0.162920 0.154066 0.137870 0.135786 0.141434 0.149266 0.153759 0.144660 0.137443 0.130112 0.122937 0.116473 0.115279 0.115590 0.115110 0.113629 0.113058
0.367291 0.367693 0.368022 0.368949 0.369573 0.369852 0.369947 0.369966 0.369948 0.369919 0.369869 0.369812 0.369823 0.369894 0.369944 0.369971 0.369982 0.369985 0.369983 0.369984 0.369984 0.369986 0.369987 0.369990 0.369993 0.369996 0.369998 0.369998 0.369994 0.369988 0.369976 0.369967 0.369962 0.369951 0.369950 0.369946 0.369858 0.369645 0.369152 0.368291 0.367169 0.364295 0.358052 0.345313 0.303786 0.255100 0.217534 0.189665 0.166623 0.161967 0.181342 0.202266 0.192765 0.184621 0.172900 0.157791 0.145063 0.133283 0.130992 0.130292 0.128258 0.126035 0.123878
0.369945 0.369957 0.369970 0.369987 0.369998 0.370000 0.370000 0.370000 0.370000 0.370000 0.370000 0.370000 0.370000 0.370000 0.370000 0.370000 0.370000 0.370000 0.370000 0.370000 0.370000 0.370000 0.370000 0.370000 0.370000 0.370000 0.370000 0.370000 0.370000 0.370000 0.370000 0.370000 0.370000 0.370000 0.370000 0.370000 0.370000 0.370000 0.369995 0.369960 0.369876 0.369719 0.369545 0.369284 0.368926 0.367599 0.365761 0.357785 0.328729 0.288871 0.313913 0.298178 0.282264 0.260374 0.232385 0.208505 0.187362 0.168496 0.162401 0.159692 0.155482 0.152440 0.148047
0.370000 0.370000 0.370000 0.370000 0.370000 0.370000 0.370000 0.370000 0.370000 0.370000 0.370000 0.370000 0.370000 0.370000 0.370000 0.370000 0.370000 0.370000 0.370000 0.370000 0.370000 0.370000 0.370000 0.370000 0.370000 0.370000 0.370000 0.370000 0.370000 0.370000 0.370000 0.370000 0.370000 0.370000 0.370000 0.370000 0.370000 0.370000 0.370000 0.370000 0.370000 0.369998 0.369994 0.369986 0.369977 0.369965 0.369932 0.369804 0.369357 0.368556 0.368123 0.367542 0.365861 0.359151 0.339334 0.312528 0.269982 0.230387 0.207693 0.200543 0.194282 0.187271 0.178741
0.370000 0.370000 0.370000 0.370000 0.370000 0.370000 0.370000 0.370000 0.370000 0.370000 0.370000 0.370000 0.370000 0.370000 0.370000 0.370000 0.370000 0.370000 0.370000 0.370000 0.370000 0.370000 0.370000 0.370000 0.370000 0.370000 0.370000 0.370000 0.370000 0.370000 0.370000 0.370000 0.370000 0.370000 0.370000 0.370000 0.370000 0.370000 0.370000 0.370000 0.370000 0.370000 0.370000 0.370000 0.370000 0.370000 0.370000 0.370000 0.369997 0.369981 0.369913 0.369867 0.369758 0.369452 0.369018 0.368578 0.366907 0.359570 0.337712 0.318498 0.289154 0.261771 0.241796
0.370000 0.370000 0.370000 0.370000 0.370000 0.370000 0.370000 0.370000 0.370000 0.370000 0.370000 0.370000 0.370000 0.370000 0.370000 0.370000 0.370000 0.370000 0.370000 0.370000 0.370000 0.370000 0.370000 0.370000 0.370000 0.370000 0.370000 0.370000 0.370000 0.370000 0.370000 0.370000 0.370000 0.370000 0.370000 0.370000 0.370000 0.370000 0.370000 0.370000 0.370000 0.370000 0.370000 0.370000 0.370000 0.370000 0.370000 0.370000 0.370000 0.370000 0.370000 0.369998 0.369996 0.369992 0.369986 0.369973 0.369889 0.369605 0.369060 0.368439 0.366848 0.361847 0.348650
0.370000 0.370000 0.370000 0.370000 0.370000 0.370000 0.370000 0.370000 0.370000 0.370000 0.370000 0.370000 0.370000 0.370000 0.370000 0.370000 0.370000 0.370000 0.370000 0.370000 0.370000 0.370000 0.370000 0.370000 0.370000 0.370000 0.370000 0.370000 0.370000 0.370000 0.370000 0.370000 0.370000 0.370000 0.370000 0.370000 0.370000 0.370000 0.370000 0.370000 0.370000 0.370000 0.370000 0.370000 0.370000 0.370000 0.370000 0.370000 0.370000 0.370000 0.370000 0.370000 0.370000 0.370000 0.370000 0.370000 0.369999 0.369994 0.369966 0.369908 0.369781 0.369505 0.369022
0.370000 0.370000 0.370000 0.370000 0.370000 0.370000 0.370000 0.370000 0.370000 0.370000 0.370000 0.370000 0.370000 0.370000 0.370000 0.370000 0.370000 0.370000 0.370000 0.370000 0.370000 0.370000 0.370000 0.370000 0.370000 0.370000 0.370000 0.370000 0.370000 0.370000 0.370000 0.370000 0.370000 0.370000 0.370000 0.370000 0.370000 0.370000 0.370000 0.370000 0.370000 0.370000 0.370000 0.370000 0.370000 0.370000 0.370000 0.370000 0.370000 0.370000 0.370000 0.370000 0.370000 0.370000 0.370000 0.370000 0.370000 0.370000 0.370000 0.369999 0.369993 0.369975 0.369934
0.370000 0.370000 0.370000 0.370000 0.370000 0.370000 0.370000 0.370000 0.370000 0.370000 0.370000 0.370000 0.370000 0.370000 0.370000 0.370000 0.370000 0.370000 0.370000 0.370000 0.370000 0.370000 0.370000 0.370000 0.370000 0.370000 0.370000 0.370000 0.370000 0.370000 0.370000 0.370000 0.370000 0.370000 0.370000 0.370000 0.370000 0.370000 0.370000 0.370000 0.370000 0.370000 0.370000 0.370000 0.370000 0.370000 0.370000 0.370000 0.370000 0.370000 0.370000 0.370000 0.370000 0.370000 0.370000 0.370000 0.370000 0.370000 0.370000 0.370000 0.370000 0.370000 0.369999
0.370000 0.370000 0.370000 0.370000 0.370000 0.370000 0.370000 0.370000 0.370000 0.370000 0.370000 0.370000 0.370000 0.370000 0.370000 0.370000 0.370000 0.370000 0.370000 0.370000 0.370000 0.370000 0.370000 0.370000 0.370000 0.369999 0.370000 0.370000 0.370000 0.370000 0.370000 0.370000 0.370000 0.370000 0.370000 0.370000 0.370000 0.370000 0.370000 0.370000 0.370000 0.370000 0.370000 0.370000 0.370000 0.370000 0.370000 0.370000 0.370000 0.370000 0.370000 0.370000 0.370000 0.370000 0.370000 0.370000 0.370000 0.370000 0.370000 0.370000 0.370000 0.370000 0.370000
0.370000 0.370000 0.370000 0.370000 0.370000 0.370000 0.370000 0.370000 0.370000 0.369999 0.369998 0.369997 0.369994 0.369987 0.369972 0.369951 0.369944 0.369937 0.369927 0.369952 0.369960 0.369955 0.369939 0.369918 0.369905 0.369895 0.369909 0.369944 0.369966 0.369979 0.369983 0.369978 0.369982 0.369987 0.369987 0.369995 0.369998 0.370000 0.370000 0.370000 0.370000 0.370000 0.370000 0.370000 0.370000 0.370000 0.370000 0.370000 0.370000 0.370000 0.370000 0.370000 0.370000 0.370000 0.370000 0.370000 0.370000 0.370000 0.370000 0.370000 0.370000 0.370000 0.370000
0.370000 0.370000 0.370000 0.369998 0.369987 0.369970 0.369934 0.369905 0.369860 0.369690 0.369518 0.369400 0.369429 0.369246 0.368896 0.368530 0.368338 0.368194 0.367820 0.367642 0.367806 0.368153 0.367888 0.367703 0.367791 0.367686 0.367632 0.368004 0.368471 0.368691 0.368896 0.369076 0.369177 0.369339 0.369672 0.369801 0.369879 0.369940 0.369976 0.369992 0.369998 0.369999 0.370000 0.370000 0.370000 0.370000 0.370000 0.370000 0.370000 0.370000 0.370000 0.370000 0.370000 0.370000 0.370000 0.370000 0.370000 0.370000 0.370000 0.370000 0.370000 0.370000 0.370000
0.369995 0.369990 0.369939 0.369757 0.369367 0.368913 0.368221 0.367509 0.365262 0.357436 0.345538 0.345251 0.348740 0.344584 0.329659 0.313414 0.300824 0.287350 0.270165 0.260029 0.268921 0.278964 0.280555 0.281069 0.284491 0.284683 0.283638 0.284067 0.298512 0.309968 0.321643 0.330961 0.339167 0.356678 0.364410 0.367042 0.368291 0.368945 0.369435 0.369737 0.369868 0.369921 0.369961 0.369984 0.369995 0.369999 0.370000 0.370000 0.370000 0.370000 0.370000 0.370000 0.370000 0.370000 0.370000 0.370000 0.370000 0.370000 0.370000 0.370000 0.370000 0.370000 0.370000
0.369593 0.369111 0.367905 0.364612 0.353623 0.330919 0.302092 0.272797 0.240921 0.212916 0.196359 0.202514 0.208269 0.215403 0.203107 0.192494 0.187608 0.177565 0.168519 0.159995 0.165748 0.171114 0.180854 0.182295 0.183949 0.188069 0.186506 0.185144 0.180829 0.187514 0.194131 0.203005 0.224316 0.248502 0.274420 0.297545 0.321708 0.345326 0.360645 0.366476 0.368340 0.368989 0.369415 0.369706 0.369847 0.369921 0.369967 0.369991 0.369998 0.370000 0.370000 0.370000 0.370000 0.370000 0.370000 0.370000 0.370000 0.370000 0.370000 0.370000 0.370000 0.370000 0.370000
0.347643 0.316484 0.265204 0.234623 0.213748 0.194067 0.178894 0.166378 0.151655 0.140880 0.131007 0.133264 0.138656 0.145713 0.140851 0.138780 0.137945 0.133060 0.127934 0.122724 0.123983 0.129330 0.136095 0.138082 0.140486 0.144083 0.144044 0.140993 0.136584 0.138775 0.144315 0.151293 0.162891 0.176006 0.190093 0.204026 0.221771 0.243182 0.268136 0.298157 0.329025 0.348527 0.361864 0.367012 0.368444 0.368916 0.369301 0.369679 0.369837 0.369923 0.369968 0.369986 0.369998 0.370000 0.370000 0.370000 0.370000 0.370000 0.370000 0.370000 0.370000 0.370000 0.370000
0.188620 0.167281 0.155788 0.146843 0.138805 0.131721 0.124834 0.118841 0.113594 0.108254 0.102991 0.104504 0.107973 0.111879 0.112218 0.111460 0.110949 0.109036 0.105713 0.102250 0.104090 0.107726 0.111628 0.113927 0.115562 0.117618 0.116521 0.113834 0.111113 0.113151 0.117448 0.121743 0.127454 0.135211 0.144026 0.153772 0.165351 0.178369 0.194899 0.214295 0.236618 0.260822 0.287311 0.315626 0.332038 0.346423 0.356777 0.364268 0.367353 0.368478 0.369148 0.369583 0.369851 0.369968 0.369996 0.370000 0.370000 0.370000 0.370000 0.370000 0.370000 0.370000 0.370000
0.136159 0.125401 0.118283 0.113491 0.111692 0.108540 0.104249 0.102145 0.099289 0.095315 0.095504 0.096433 0.099380 0.099547 0.099581 0.098882 0.098949 0.098079 0.095139 0.096381 0.097692 0.100618 0.102393 0.104014 0.105196 0.106079 0.105716 0.103336 0.103869 0.105368 0.108829 0.111142 0.114776 0.120794 0.125757 0.132246 0.140608 0.150368 0.162195 0.176566 0.194676 0.213367 0.230727 0.239635 0.250990 0.260025 0.257618 0.277316 0.298821 0.321927 0.347877 0.362318 0.367457 0.369082 0.369764 0.369952 0.369993 0.370000 0.370000 0.370000 0.370000 0.370000 0.370000
0.108010 0.102083 0.097625 0.096808 0.095649 0.094317 0.092752 0.091192 0.089436 0.090034 0.089957 0.089910 0.090060 0.090322 0.090627 0.090396 0.090222 0.090281 0.091279 0.091738 0.092054 0.093333 0.094658 0.095957 0.096190 0.096741 0.097058 0.097597 0.097864 0.098273 0.100206 0.102017 0.104248 0.107604 0.111226 0.115676 0.121843 0.128727 0.137257 0.148692 0.162306 0.173819 0.179470 0.186401 0.189679 0.186580 0.183714 0.190888 0.200871 0.211468 0.232407 0.258114 0.290713 0.347346 0.366509 0.368979 0.369682 0.369916 0.369979 0.369996 0.369999 0.370000 0.370000
0.095810 0.092169 0.090307 0.089885 0.089157 0.088400 0.086992 0.085839 0.086131 0.086185 0.086036 0.085766 0.086177 0.086480 0.087012 0.086714 0.086599 0.086827 0.087161 0.087486 0.088295 0.089229 0.090266 0.092121 0.092137 0.092522 0.093251 0.093391 0.093611 0.093874 0.095535 0.097031 0.098633 0.101348 0.104270 0.107839 0.112605 0.119098 0.128432 0.138165 0.149680 0.160671 0.165199 0.167754 0.166620 0.163650 0.156510 0.156541 0.163923 0.165827 0.175082 0.190333 0.200523 0.239039 0.297869 0.342806 0.364210 0.368230 0.369517 0.369820 0.369946 0.369989 0.369999
0.088259 0.087002 0.085439 0.084862 0.084289 0.083557 0.082853 0.083070 0.082911 0.082792 0.082762 0.082598 0.082897 0.083227 0.083567 0.083558 0.083656 0.083515 0.083788 0.084502 0.084995 0.085834 0.087090 0.088582 0.088649 0.088979 0.089398 0.089570 0.089910 0.090065 0.091312 0.092670 0.093924 0.096312 0.098791 0.101175 0.105868 0.112535 0.120474 0.128375 0.137915 0.149208 0.149938 0.150504 0.150540 0.143993 0.136784 0.135090 0.136792 0.136902 0.141707 0.147645 0.153299 0.171546 0.193185 0.220970 0.263526 0.325447 0.362354 0.367793 0.369129 0.369690 0.369891
