tests/Borden05m/sims/sim_1/output-maps/thetaliqL0005N0018.asc
ncols         160
nrows         34
xllcorner     620200.000000
yllcorner     5168000.000000
cellsize      0.500000
NODATA_value  -9999.0
[rows 0 to 27 of 34, columns 63 to 125 of 160]
-9999.0 -9999.0 -9999.0 -9999.0 -9999.0 -9999.0 -9999.0 -9999.0 -9999.0 -9999.0 -9999.0 -9999.0 -9999.0 -9999.0 -9999.0 -9999.0 -9999.0 -9999.0 -9999.0 -9999.0 -9999.0 -9999.0 -9999.0 -9999.0 -9999.0 -9999.0 -9999.0 -9999.0 -9999.0 -9999.0 -9999.0 -9999.0 -9999.0 -9999.0 -9999.0 -9999.0 -9999.0 -9999.0 -9999.0 -9999.0 -9999.0 -9999.0 -9999.0 -9999.0 -9999.0 -9999.0 -9999.0 -9999.0 -9999.0 -9999.0 -9999.0 -9999.0 -9999.0 -9999.0 -9999.0 -9999.0 -9999.0 -9999.0 -9999.0 -9999.0 -9999.0 -9999.0 -9999.0
0.152794 0.148854 0.144935 0.143691 0.143640 0.143084 0.142273 0.144369 0.147421 0.150329 0.153659 0.153978 0.154787 0.155981 0.156264 0.155613 0.154014 0.152667 0.151235 0.151554 0.147397 0.142095 0.138178 0.137198 0.139775 0.141760 0.142163 0.144548 0.149309 0.154007 0.157059 0.162752 0.164162 0.166761 0.169359 0.166959 0.165618 0.164722 0.163810 0.157523 -9999.0 -9999.0 -9999.0 -9999.0 -9999.0 -9999.0 -9999.0 -9999.0 -9999.0 -9999.0 -9999.0 -9999.0 -9999.0 -9999.0 -9999.0 -9999.0 -9999.0 -9999.0 -9999.0 -9999.0 -9999.0 -9999.0 -9999.0
0.144535 0.140440 0.138670 0.136024 0.135054 0.134842 0.134274 0.135575 0.139999 0.143525 0.145157 0.145363 0.145773 0.145314 0.144812 0.144788 0.143452 0.142052 0.140651 0.140369 0.141750 0.138244 0.136210 0.134688 0.133626 0.134467 0.135237 0.135989 0.140353 0.143271 0.146067 0.152981 0.159570 0.162032 0.160173 0.157406 0.156706 0.154854 0.151040 0.147173 0.144534 0.142332 0.140953 0.138827 0.141885 0.143363 0.147831 0.152187 0.157519 0.164131 -9999.0 -9999.0 -9999.0 -9999.0 -9999.0 -9999.0 -9999.0 -9999.0 -9999.0 -9999.0 -9999.0 -9999.0 -9999.0
0.138665 0.137116 0.134702 0.131938 0.135632 0.135545 0.135555 0.136618 0.138131 0.138833 0.139809 0.141584 0.145860 0.146336 0.146243 0.146343 0.145471 0.143983 0.143568 0.142494 0.139531 0.139578 0.140095 0.139776 0.142748 0.143220 0.144480 0.139751 0.141023 0.143340 0.145696 0.148099 0.150672 0.152847 0.150749 0.151291 0.147989 0.142147 0.138757 0.136923 0.138181 0.138533 0.135801 0.129514 0.132964 0.140950 0.141712 0.141932 0.147286 0.152971 0.159322 0.159413 0.159048 0.159371 0.159336 0.152565 0.147017 0.142326 0.134532 -9999.0 -9999.0 -9999.0 -9999.0
0.138911 0.136711 0.134738 0.141243 0.145070 0.144593 0.145692 0.147569 0.147128 0.139389 0.137575 0.141345 0.145884 0.148262 0.147435 0.146982 0.145847 0.145522 0.145782 0.144604 0.145601 0.146918 0.146476 0.149115 0.152090 0.154155 0.148637 0.143557 0.143791 0.147962 0.151823 0.154954 0.160926 0.168821 0.167794 0.165022 0.161763 0.157113 0.146304 0.137737 0.134091 0.132219 0.129896 0.130518 0.129515 0.135114 0.135299 0.135166 0.138893 0.142773 0.147153 0.150002 0.149708 0.150101 0.150140 0.146972 0.141531 0.137366 0.133558 0.127598 0.120291 0.111496 0.111776
0.136614 0.137531 0.143972 0.149536 0.157188 0.156780 0.157576 0.157280 0.151008 0.145658 0.142905 0.151678 0.160383 0.164426 0.163699 0.163204 0.169728 0.167753 0.166070 0.161899 0.163490 0.164475 0.172663 0.177065 0.181716 0.180096 0.171679 0.164622 0.163666 0.164560 0.164820 0.167896 0.174483 0.181962 0.178026 0.174009 0.169984 0.153674 0.140875 0.135071 0.138357 0.140420 0.139113 0.138787 0.138131 0.134128 0.134668 0.134883 0.133783 0.139245 0.145074 0.146323 0.142424 0.140825 0.141422 0.139146 0.136988 0.132871 0.128641 0.124816 0.115633 0.116365 0.112783
0.155628 0.159505 0.165857 0.176458 0.193644 0.194125 0.196531 0.200997 0.192045 0.182962 0.172851 0.184596 0.190385 0.196869 0.198957 0.210060 0.220172 0.214690 0.206099 0.197426 0.203214 0.217037 0.231308 0.236589 0.239366 0.241066 0.231769 0.227083 0.223740 0.223215 0.218024 0.219271 0.230305 0.246598 0.247500 0.236418 0.216624 0.189212 0.166278 0.154138 0.160149 0.156837 0.154487 0.153994 0.146933 0.142177 0.144656 0.140102 0.136986 0.143491 0.145477 0.145483 0.140992 0.146111 0.143498 0.136311 0.130744 0.126815 0.123632 0.120035 0.120200 0.118149 0.114920
0.178735 0.184062 0.198256 0.220411 0.247031 0.262902 0.273891 0.283951 0.276378 0.266065 0.254713 0.257998 0.272317 0.286487 0.300285 0.313658 0.324639 0.321218 0.314184 0.312687 0.316498 0.329119 0.338179 0.341356 0.342998 0.345348 0.343099 0.338955 0.333283 0.326642 0.319784 0.314792 0.325876 0.335077 0.333355 0.314398 0.289240 0.253273 0.216732 0.185675 0.181658 0.183212 0.183948 0.173315 0.165340 0.155070 0.150739 0.148451 0.140730 0.143846 0.146006 0.151799 0.159024 0.159834 0.151354 0.144776 0.138048 0.131879 0.127511 0.128067 0.127781 0.124608 0.122029
0.296504 0.302481 0.315788 0.338026 0.353719 0.360554 0.364045 0.364592 0.363587 0.362284 0.359808 0.358387 0.360931 0.362945 0.364444 0.365570 0.366472 0.366971 0.366914 0.366916 0.367082 0.367311 0.367644 0.367970 0.368253 0.368522 0.368585 0.368252 0.367845 0.367286 0.366669 0.366438 0.366295 0.366719 0.366645 0.365047 0.361728 0.354966 0.340387 0.316832 0.291903 0.288859 0.272006 0.253537 0.231038 0.197110 0.183715 0.174509 0.154433 0.152018 0.158866 0.168291 0.174071 0.162864 0.155003 0.147212 0.139443 0.131976 0.131701 0.133061 0.133020 0.131377 0.130871
0.364058 0.364668 0.365412 0.367617 0.368988 0.369600 0.369833 0.369887 0.369844 0.369780 0.369680 0.369562 0.369564 0.369709 0.369830 0.369905 0.369938 0.369947 0.369942 0.369943 0.369946 0.369953 0.369958 0.369966 0.369975 0.369986 0.369993 0.369992 0.369979 0.369959 0.369914 0.369879 0.369860 0.369829 0.369824 0.369815 0.369587 0.369117 0.368050 0.366012 0.363668 0.360473 0.355647 0.348213 0.324560 0.285483 0.246983 0.215816 0.187708 0.180669 0.204653 0.227697 0.216312 0.207280 0.194671 0.178061 0.164156 0.150448 0.148915 0.148869 0.146732 0.144328 0.141901
0.369817 0.369858 0.369900 0.369955 0.369993 0.370000 0.370000 0.370000 0.370000 0.370000 0.370000 0.370000 0.370000 0.370000 0.370000 0.370000 0.370000 0.370000 0.370000 0.370000 0.370000 0.370000 0.370000 0.370000 0.370000 0.370000 0.370000 0.370000 0.370000 0.370000 0.370000 0.370000 0.370000 0.370000 0.370000 0.370000 0.370000 0.369998 0.369981 0.369867 0.369611 0.369212 0.368832 0.368266 0.367457 0.364297 0.361249 0.353978 0.338311 0.314861 0.331740 0.322387 0.309751 0.289758 0.260875 0.234539 0.210729 0.189346 0.183222 0.180807 0.176297 0.173364 0.168673
0.370000 0.370000 0.370000 0.370000 0.370000 0.370000 0.370000 0.370000 0.370000 0.370000 0.370000 0.370000 0.370000 0.370000 0.370000 0.370000 0.370000 0.370000 0.370000 0.370000 0.370000 0.370000 0.370000 0.370000 0.370000 0.370000 0.370000 0.370000 0.370000 0.370000 0.370000 0.370000 0.370000 0.370000 0.370000 0.370000 0.370000 0.370000 0.370000 0.370000 0.369999 0.369990 0.369972 0.369945 0.369915 0.369875 0.369783 0.369487 0.368511 0.366589 0.365393 0.364310 0.362337 0.356600 0.345781 0.330757 0.299232 0.260214 0.234401 0.225720 0.217989 0.209898 0.200458
0.370000 0.370000 0.370000 0.370000 0.370000 0.370000 0.370000 0.370000 0.370000 0.370000 0.370000 0.370000 0.370000 0.370000 0.370000 0.370000 0.370000 0.370000 0.370000 0.370000 0.370000 0.370000 0.370000 0.370000 0.370000 0.370000 0.370000 0.370000 0.370000 0.370000 0.370000 0.370000 0.370000 0.370000 0.370000 0.370000 0.370000 0.370000 0.370000 0.370000 0.370000 0.370000 0.370000 0.370000 0.370000 0.370000 0.370000 0.369998 0.369987 0.369925 0.369693 0.369541 0.369252 0.368535 0.367590 0.366586 0.363193 0.355986 0.344702 0.334961 0.315695 0.291477 0.270510
0.370000 0.370000 0.370000 0.370000 0.370000 0.370000 0.370000 0.370000 0.370000 0.370000 0.370000 0.370000 0.370000 0.370000 0.370000 0.370000 0.370000 0.370000 0.370000 0.370000 0.370000 0.370000 0.370000 0.370000 0.370000 0.370000 0.370000 0.370000 0.370000 0.370000 0.370000 0.370000 0.370000 0.370000 0.370000 0.370000 0.370000 0.370000 0.370000 0.370000 0.370000 0.370000 0.370000 0.370000 0.370000 0.370000 0.370000 0.370000 0.370000 0.370000 0.369998 0.369990 0.369978 0.369964 0.369940 0.369891 0.369624 0.368897 0.367641 0.366187 0.363275 0.358663 0.351207
0.370000 0.370000 0.370000 0.370000 0.370000 0.370000 0.370000 0.370000 0.370000 0.370000 0.370000 0.370000 0.370000 0.370000 0.370000 0.370000 0.370000 0.370000 0.370000 0.370000 0.370000 0.370000 0.370000 0.370000 0.370000 0.370000 0.370000 0.370000 0.370000 0.370000 0.370000 0.370000 0.370000 0.370000 0.370000 0.370000 0.370000 0.370000 0.370000 0.370000 0.370000 0.370000 0.370000 0.370000 0.370000 0.370000 0.370000 0.370000 0.370000 0.370000 0.370000 0.370000 0.370000 0.370000 0.370000 0.370000 0.369996 0.369968 0.369865 0.369657 0.369251 0.368545 0.367417
0.370000 0.370000 0.370000 0.370000 0.370000 0.370000 0.370000 0.370000 0.370000 0.370000 0.370000 0.370000 0.370000 0.370000 0.370000 0.370000 0.370000 0.370000 0.370000 0.370000 0.370000 0.370000 0.370000 0.370000 0.370000 0.370000 0.370000 0.370000 0.370000 0.370000 0.370000 0.370000 0.370000 0.370000 0.370000 0.370000 0.370000 0.370000 0.370000 0.370000 0.370000 0.370000 0.370000 0.370000 0.370000 0.370000 0.370000 0.370000 0.370000 0.370000 0.370000 0.370000 0.370000 0.370000 0.370000 0.370000 0.370000 0.370000 0.369999 0.369991 0.369960 0.369888 0.369735
0.370000 0.370000 0.370000 0.370000 0.370000 0.370000 0.370000 0.370000 0.370000 0.370000 0.370000 0.370000 0.370000 0.370000 0.370000 0.370000 0.370000 0.370000 0.370000 0.370000 0.370000 0.370000 0.370000 0.370000 0.370000 0.370000 0.370000 0.370000 0.370000 0.370000 0.370000 0.370000 0.370000 0.370000 0.370000 0.370000 0.370000 0.370000 0.370000 0.370000 0.370000 0.370000 0.370000 0.370000 0.370000 0.370000 0.370000 0.370000 0.370000 0.370000 0.370000 0.370000 0.370000 0.370000 0.370000 0.370000 0.370000 0.370000 0.370000 0.370000 0.370000 0.369999 0.369994
0.370000 0.370000 0.370000 0.370000 0.370000 0.370000 0.370000 0.370000 0.370000 0.370000 0.370000 0.370000 0.370000 0.370000 0.370000 0.369999 0.369999 0.369998 0.369999 0.370000 0.370000 0.370000 0.369999 0.369997 0.369996 0.369995 0.369995 0.369997 0.370000 0.370000 0.370000 0.370000 0.370000 0.370000 0.370000 0.370000 0.370000 0.370000 0.370000 0.370000 0.370000 0.370000 0.370000 0.370000 0.370000 0.370000 0.370000 0.370000 0.370000 0.370000 0.370000 0.370000 0.370000 0.370000 0.370000 0.370000 0.370000 0.370000 0.370000 0.370000 0.370000 0.370000 0.370000
0.370000 0.370000 0.370000 0.370000 0.370000 0.370000 0.369999 0.369998 0.369997 0.369996 0.369992 0.369987 0.369975 0.369945 0.369890 0.369810 0.369775 0.369739 0.369699 0.369782 0.369813 0.369795 0.369737 0.369665 0.369622 0.369592 0.369637 0.369762 0.369848 0.369903 0.369922 0.369905 0.369923 0.369939 0.369942 0.369972 0.369987 0.369996 0.369999 0.370000 0.370000 0.370000 0.370000 0.370000 0.370000 0.370000 0.370000 0.370000 0.370000 0.370000 0.370000 0.370000 0.370000 0.370000 0.370000 0.370000 0.370000 0.370000 0.370000 0.370000 0.370000 0.370000 0.370000
0.370000 0.370000 0.369999 0.369986 0.369938 0.369874 0.369742 0.369651 0.369551 0.369188 0.368857 0.368583 0.368607 0.368146 0.367285 0.366332 0.365784 0.365352 0.364372 0.363961 0.364368 0.365238 0.364615 0.364249 0.364503 0.364273 0.364061 0.364911 0.366124 0.366730 0.367268 0.367715 0.367942 0.368226 0.368998 0.369318 0.369553 0.369765 0.369894 0.369960 0.369985 0.369993 0.369997 0.369999 0.370000 0.370000 0.370000 0.370000 0.370000 0.370000 0.370000 0.370000 0.370000 0.370000 0.370000 0.370000 0.370000 0.370000 0.370000 0.370000 0.370000 0.370000 0.370000
0.369974 0.369954 0.369772 0.369233 0.368301 0.367257 0.365564 0.364041 0.361005 0.354280 0.347656 0.347657 0.349557 0.347639 0.340294 0.331465 0.323328 0.313363 0.299405 0.290260 0.298040 0.306287 0.308084 0.308822 0.311575 0.311921 0.311128 0.311181 0.321241 0.328718 0.335672 0.340999 0.345677 0.355101 0.360965 0.363697 0.365817 0.367281 0.368410 0.369145 0.369520 0.369701 0.369841 0.369926 0.369971 0.369992 0.369999 0.370000 0.370000 0.370000 0.370000 0.370000 0.370000 0.370000 0.370000 0.370000 0.370000 0.370000 0.370000 0.370000 0.370000 0.370000 0.370000
0.368947 0.367842 0.365019 0.359856 0.352271 0.341141 0.324534 0.301881 0.271997 0.242646 0.223964 0.230891 0.236980 0.244334 0.230435 0.218155 0.212648 0.201159 0.190717 0.180353 0.187622 0.193622 0.204671 0.205809 0.207461 0.212135 0.210308 0.208978 0.204224 0.212278 0.219773 0.229541 0.252924 0.278530 0.303462 0.322683 0.338220 0.350051 0.358295 0.363254 0.366013 0.367381 0.368332 0.369034 0.369450 0.369703 0.369869 0.369959 0.369988 0.369997 0.369999 0.370000 0.370000 0.370000 0.370000 0.370000 0.370000 0.370000 0.370000 0.370000 0.370000 0.370000 0.370000
0.347825 0.330831 0.294446 0.265724 0.243444 0.221196 0.203684 0.189494 0.172535 0.160371 0.148064 0.151412 0.158107 0.167087 0.160606 0.158445 0.158178 0.152550 0.146617 0.139769 0.141243 0.147796 0.155983 0.157677 0.160259 0.164701 0.164695 0.160967 0.155045 0.157482 0.163728 0.171230 0.184094 0.198317 0.213623 0.228844 0.248528 0.272009 0.297580 0.323256 0.342410 0.352137 0.359592 0.364101 0.366251 0.367242 0.368141 0.369047 0.369452 0.369722 0.369874 0.369939 0.369986 0.369999 0.370000 0.370000 0.370000 0.370000 0.370000 0.370000 0.370000 0.370000 0.370000
0.215587 0.190650 0.177004 0.166915 0.157929 0.150201 0.142621 0.136059 0.130430 0.124106 0.116473 0.119081 0.123963 0.129528 0.129942 0.129056 0.128810 0.126644 0.122230 0.116722 0.119402 0.124159 0.129035 0.131527 0.133253 0.135982 0.134345 0.130600 0.126349 0.128941 0.134204 0.138816 0.144925 0.153413 0.162969 0.173402 0.185815 0.199691 0.217621 0.238931 0.263610 0.289438 0.314640 0.335186 0.344376 0.351146 0.355967 0.361000 0.364192 0.366315 0.367827 0.368811 0.369499 0.369874 0.369980 0.369999 0.370000 0.370000 0.370000 0.370000 0.370000 0.370000 0.370000
0.155860 0.143893 0.136148 0.130897 0.129960 0.126734 0.121486 0.119780 0.116529 0.110590 0.111739 0.113287 0.117993 0.117696 0.117607 0.116488 0.116914 0.115837 0.110808 0.113197 0.114885 0.118931 0.120734 0.122471 0.123740 0.124786 0.124163 0.120253 0.121119 0.122907 0.127327 0.129378 0.133121 0.140051 0.144916 0.151660 0.160523 0.170740 0.183103 0.198139 0.217272 0.236907 0.255275 0.265482 0.278105 0.288099 0.287235 0.306156 0.323600 0.338059 0.350827 0.358989 0.364322 0.367663 0.369258 0.369826 0.369967 0.369997 0.370000 0.370000 0.370000 0.370000 0.370000
0.125008 0.118142 0.112632 0.112905 0.112086 0.110898 0.109268 0.107454 0.104904 0.106810 0.106928 0.106766 0.106735 0.106952 0.107396 0.106950 0.106661 0.106812 0.108739 0.109285 0.109219 0.110708 0.112158 0.113642 0.113418 0.113999 0.114324 0.115193 0.115377 0.115435 0.117766 0.119539 0.121682 0.125273 0.128922 0.133445 0.140054 0.147083 0.155867 0.168125 0.182791 0.194817 0.200221 0.207744 0.211409 0.207942 0.204660 0.213334 0.225044 0.237555 0.261543 0.289095 0.318262 0.349911 0.363076 0.367510 0.369067 0.369705 0.369912 0.369977 0.369995 0.370000 0.370000
0.112747 0.108222 0.106403 0.106791 0.106267 0.105623 0.103584 0.101851 0.102944 0.103309 0.103132 0.102567 0.103270 0.103677 0.104596 0.103904 0.103594 0.103919 0.104321 0.104542 0.105570 0.106613 0.107709 0.110438 0.109848 0.110133 0.111159 0.111114 0.111183 0.111106 0.113287 0.114853 0.116317 0.119342 0.122292 0.125855 0.130699 0.137535 0.147921 0.158210 0.170592 0.182383 0.186746 0.189318 0.187875 0.184757 0.176248 0.176258 0.185089 0.186475 0.196706 0.213772 0.225098 0.269456 0.322682 0.347776 0.360490 0.365903 0.368630 0.369394 0.369793 0.369946 0.369990
0.104478 0.103562 0.101585 0.101286 0.100742 0.099717 0.098639 0.099452 0.099287 0.099136 0.099156 0.098828 0.099398 0.099939 0.100491 0.100337 0.100394 0.099826 0.100054 0.101136 0.101603 0.102614 0.104326 0.106485 0.105982 0.106158 0.106540 0.106491 0.106810 0.106623 0.108297 0.109936 0.111139 0.113999 0.116507 0.118214 0.123249 0.130722 0.139396 0.147548 0.157832 0.170714 0.170506 0.170908 0.171291 0.163619 0.154979 0.153363 0.155596 0.155158 0.160886 0.167190 0.172343 0.192913 0.217457 0.249503 0.294894 0.339737 0.359362 0.365053 0.367728 0.369041 0.369609
