tests/Borden05m/sims/sim_1/output-maps/thetaliqL0007N0012.asc
ncols         160
nrows         34
xllcorner     620200.000000
yllcorner     5168000.000000
cellsize      0.500000
NODATA_value  -9999.0
[rows 0 to 27 of 34, columns 63 to 125 of 160]
-9999.0 -9999.0 -9999.0 -9999.0 -9999.0 -9999.0 -9999.0 -9999.0 -9999.0 -9999.0 -9999.0 -9999.0 -9999.0 -9999.0 -9999.0 -9999.0 -9999.0 -9999.0 -9999.0 -9999.0 -9999.0 -9999.0 -9999.0 -9999.0 -9999.0 -9999.0 -9999.0 -9999.0 -9999.0 -9999.0 -9999.0 -9999.0 -9999.0 -9999.0 -9999.0 -9999.0 -9999.0 -9999.0 -9999.0 -9999.0 -9999.0 -9999.0 -9999.0 -9999.0 -9999.0 -9999.0 -9999.0 -9999.0 -9999.0 -9999.0 -9999.0 -9999.0 -9999.0 -9999.0 -9999.0 -9999.0 -9999.0 -9999.0 -9999.0 -9999.0 -9999.0 -9999.0 -9999.0
0.317930 0.311977 0.306042 0.303191 0.302462 0.301760 0.301413 0.305069 0.310354 0.315221 0.319651 0.321030 0.322431 0.323769 0.324061 0.323281 0.321351 0.319357 0.317240 0.316315 0.310877 0.303026 0.296534 0.294476 0.297793 0.301065 0.302882 0.307197 0.314456 0.321256 0.326253 0.332492 0.335193 0.337652 0.339177 0.337437 0.335858 0.334186 0.331982 0.326204 -9999.0 -9999.0 -9999.0 -9999.0 -9999.0 -9999.0 -9999.0 -9999.0 -9999.0 -9999.0 -9999.0 -9999.0 -9999.0 -9999.0 -9999.0 -9999.0 -9999.0 -9999.0 -9999.0 -9999.0 -9999.0 -9999.0 -9999.0
0.307582 0.301341 0.297306 0.293153 0.291834 0.291703 0.291648 0.294712 0.301717 0.307195 0.310366 0.311901 0.313443 0.313568 0.313238 0.312941 0.311011 0.308704 0.306364 0.305106 0.305013 0.299620 0.295770 0.293383 0.292593 0.294403 0.296100 0.298230 0.305142 0.310853 0.316300 0.324742 0.331398 0.334060 0.332969 0.330479 0.328633 0.325296 0.319778 0.313343 0.306326 0.301336 0.297593 0.293990 0.298554 0.303131 0.310287 0.316992 0.324230 0.330859 -9999.0 -9999.0 -9999.0 -9999.0 -9999.0 -9999.0 -9999.0 -9999.0 -9999.0 -9999.0 -9999.0 -9999.0 -9999.0
0.298844 0.295941 0.292311 0.289283 0.294833 0.295632 0.296406 0.298644 0.301097 0.302490 0.304396 0.307983 0.313831 0.315454 0.315734 0.315770 0.314582 0.312552 0.311361 0.309493 0.305949 0.305355 0.305692 0.305806 0.309430 0.310428 0.311222 0.306434 0.308673 0.312890 0.317347 0.321761 0.325933 0.328679 0.327098 0.326416 0.321791 0.313423 0.305839 0.299778 0.297887 0.295715 0.290190 0.281135 0.286520 0.298179 0.301651 0.304441 0.312595 0.320319 0.326207 0.327248 0.327082 0.326899 0.325496 0.317378 0.307931 0.297686 0.283820 -9999.0 -9999.0 -9999.0 -9999.0
0.300540 0.298241 0.297278 0.306447 0.312768 0.313786 0.315564 0.317551 0.316548 0.308316 0.306396 0.312161 0.318829 0.322397 0.322454 0.322413 0.321599 0.320955 0.320584 0.319052 0.319801 0.321443 0.322073 0.325182 0.328360 0.329799 0.324857 0.319310 0.319500 0.324018 0.328455 0.332413 0.337863 0.343035 0.342512 0.340061 0.336012 0.329067 0.315353 0.301955 0.294515 0.289863 0.284782 0.284093 0.282728 0.290768 0.292279 0.293662 0.300131 0.307416 0.314118 0.317774 0.317535 0.317272 0.315813 0.309749 0.299642 0.288851 0.276164 0.255938 0.232913 0.211350 0.210753
0.305281 0.307782 0.316684 0.325154 0.333476 0.334827 0.336068 0.335914 0.330809 0.324986 0.322278 0.330815 0.338555 0.342229 0.342729 0.343191 0.346556 0.345721 0.344540 0.342189 0.343278 0.344678 0.349128 0.351627 0.353611 0.353047 0.349324 0.345334 0.344444 0.345039 0.345674 0.347830 0.351426 0.354505 0.353166 0.350752 0.346924 0.334159 0.318075 0.306702 0.307292 0.307690 0.304662 0.302534 0.299872 0.294249 0.294048 0.293780 0.293536 0.302315 0.310681 0.312990 0.309088 0.306725 0.305204 0.299024 0.291066 0.279463 0.266069 0.250898 0.228025 0.222200 0.216181
0.333989 0.338123 0.344105 0.351132 0.357933 0.359019 0.359992 0.360862 0.358721 0.355761 0.352312 0.356502 0.358820 0.360786 0.361610 0.363589 0.364978 0.364385 0.363164 0.361700 0.362796 0.364818 0.366433 0.366994 0.367262 0.367318 0.366555 0.366015 0.365633 0.365553 0.365052 0.365322 0.366461 0.367639 0.367632 0.366705 0.364125 0.357473 0.346316 0.336003 0.337491 0.334308 0.331183 0.328637 0.320294 0.312800 0.312447 0.305997 0.301560 0.309411 0.313397 0.314631 0.310658 0.314190 0.309013 0.296427 0.283261 0.270802 0.259045 0.246923 0.240802 0.233219 0.227155
0.355551 0.357982 0.361941 0.365576 0.367888 0.368683 0.369046 0.369317 0.369135 0.368800 0.368366 0.368592 0.369090 0.369443 0.369673 0.369826 0.369909 0.369881 0.369814 0.369793 0.369835 0.369933 0.369974 0.369984 0.369988 0.369992 0.369987 0.369975 0.369953 0.369920 0.369876 0.369841 0.369924 0.369967 0.369960 0.369842 0.369493 0.368245 0.364970 0.358858 0.356984 0.356393 0.355605 0.350698 0.344676 0.335734 0.329476 0.324099 0.314486 0.317132 0.320698 0.326907 0.332131 0.331610 0.322376 0.311326 0.297703 0.283295 0.271797 0.267958 0.263795 0.256007 0.250841
0.369589 0.369696 0.369851 0.369976 0.369999 0.370000 0.370000 0.370000 0.370000 0.370000 0.370000 0.370000 0.370000 0.370000 0.370000 0.370000 0.370000 0.370000 0.370000 0.370000 0.370000 0.370000 0.370000 0.370000 0.370000 0.370000 0.370000 0.370000 0.370000 0.370000 0.370000 0.370000 0.370000 0.370000 0.370000 0.370000 0.370000 0.370000 0.369981 0.369839 0.369512 0.369444 0.368988 0.368084 0.366211 0.360861 0.356019 0.350490 0.337967 0.335201 0.340235 0.346010 0.348467 0.342051 0.334132 0.323519 0.310080 0.295344 0.290097 0.288869 0.286336 0.281698 0.279471
0.370000 0.370000 0.370000 0.370000 0.370000 0.370000 0.370000 0.370000 0.370000 0.370000 0.370000 0.370000 0.370000 0.370000 0.370000 0.370000 0.370000 0.370000 0.370000 0.370000 0.370000 0.370000 0.370000 0.370000 0.370000 0.370000 0.370000 0.370000 0.370000 0.370000 0.370000 0.370000 0.370000 0.370000 0.370000 0.370000 0.370000 0.370000 0.370000 0.370000 0.370000 0.370000 0.370000 0.369996 0.369906 0.369358 0.367836 0.364941 0.359663 0.357777 0.362508 0.365603 0.364329 0.362341 0.358609 0.351568 0.341838 0.328834 0.324069 0.321749 0.317895 0.313437 0.309034
0.370000 0.370000 0.370000 0.370000 0.370000 0.370000 0.370000 0.370000 0.370000 0.370000 0.370000 0.370000 0.370000 0.370000 0.370000 0.370000 0.370000 0.370000 0.370000 0.370000 0.370000 0.370000 0.370000 0.370000 0.370000 0.370000 0.370000 0.370000 0.370000 0.370000 0.370000 0.370000 0.370000 0.370000 0.370000 0.370000 0.370000 0.370000 0.370000 0.370000 0.370000 0.370000 0.370000 0.370000 0.370000 0.370000 0.370000 0.369999 0.369969 0.369816 0.369949 0.369905 0.369798 0.369500 0.368604 0.366762 0.363428 0.357930 0.354589 0.352395 0.349393 0.346611 0.342702
0.370000 0.370000 0.370000 0.370000 0.370000 0.370000 0.370000 0.370000 0.370000 0.370000 0.370000 0.370000 0.370000 0.370000 0.370000 0.370000 0.370000 0.370000 0.370000 0.370000 0.370000 0.370000 0.370000 0.370000 0.370000 0.370000 0.370000 0.370000 0.370000 0.370000 0.370000 0.370000 0.370000 0.370000 0.370000 0.370000 0.370000 0.370000 0.370000 0.370000 0.370000 0.370000 0.370000 0.370000 0.370000 0.370000 0.370000 0.370000 0.370000 0.370000 0.370000 0.370000 0.370000 0.370000 0.369994 0.369948 0.369652 0.368641 0.367112 0.366053 0.364845 0.363199 0.360770
0.370000 0.370000 0.370000 0.370000 0.370000 0.370000 0.370000 0.370000 0.370000 0.370000 0.370000 0.370000 0.370000 0.370000 0.370000 0.370000 0.370000 0.370000 0.370000 0.370000 0.370000 0.370000 0.370000 0.370000 0.370000 0.370000 0.370000 0.370000 0.370000 0.370000 0.370000 0.370000 0.370000 0.370000 0.370000 0.370000 0.370000 0.370000 0.370000 0.370000 0.370000 0.370000 0.370000 0.370000 0.370000 0.370000 0.370000 0.370000 0.370000 0.370000 0.370000 0.370000 0.370000 0.370000 0.370000 0.370000 0.370000 0.370000 0.369992 0.369967 0.369858 0.369557 0.369011
0.370000 0.370000 0.370000 0.370000 0.370000 0.370000 0.370000 0.370000 0.370000 0.370000 0.370000 0.370000 0.370000 0.370000 0.370000 0.370000 0.370000 0.370000 0.370000 0.370000 0.370000 0.370000 0.370000 0.370000 0.370000 0.370000 0.370000 0.370000 0.370000 0.370000 0.370000 0.370000 0.370000 0.370000 0.370000 0.370000 0.370000 0.370000 0.370000 0.370000 0.370000 0.370000 0.370000 0.370000 0.370000 0.370000 0.370000 0.370000 0.370000 0.370000 0.370000 0.370000 0.370000 0.370000 0.370000 0.370000 0.370000 0.370000 0.370000 0.370000 0.370000 0.370000 0.369999
0.370000 0.370000 0.370000 0.370000 0.370000 0.370000 0.370000 0.370000 0.370000 0.370000 0.370000 0.370000 0.370000 0.370000 0.370000 0.370000 0.370000 0.370000 0.370000 0.370000 0.370000 0.370000 0.370000 0.370000 0.370000 0.370000 0.370000 0.370000 0.370000 0.370000 0.370000 0.370000 0.370000 0.370000 0.370000 0.370000 0.370000 0.370000 0.370000 0.370000 0.370000 0.370000 0.370000 0.370000 0.370000 0.370000 0.370000 0.370000 0.370000 0.370000 0.370000 0.370000 0.370000 0.370000 0.370000 0.370000 0.370000 0.370000 0.370000 0.370000 0.370000 0.370000 0.370000
0.370000 0.370000 0.370000 0.370000 0.370000 0.370000 0.370000 0.370000 0.370000 0.370000 0.370000 0.370000 0.370000 0.370000 0.370000 0.370000 0.370000 0.370000 0.370000 0.370000 0.370000 0.370000 0.370000 0.370000 0.370000 0.370000 0.370000 0.370000 0.370000 0.370000 0.370000 0.370000 0.370000 0.370000 0.370000 0.370000 0.370000 0.370000 0.370000 0.370000 0.370000 0.370000 0.370000 0.370000 0.370000 0.370000 0.370000 0.370000 0.370000 0.370000 0.370000 0.370000 0.370000 0.370000 0.370000 0.370000 0.370000 0.370000 0.370000 0.370000 0.370000 0.370000 0.370000
0.370000 0.370000 0.370000 0.370000 0.370000 0.370000 0.370000 0.370000 0.370000 0.370000 0.370000 0.370000 0.370000 0.370000 0.370000 0.370000 0.370000 0.370000 0.370000 0.370000 0.370000 0.370000 0.370000 0.370000 0.370000 0.370000 0.370000 0.370000 0.370000 0.370000 0.370000 0.370000 0.370000 0.370000 0.370000 0.370000 0.370000 0.370000 0.370000 0.370000 0.370000 0.370000 0.370000 0.370000 0.370000 0.370000 0.370000 0.370000 0.370000 0.370000 0.370000 0.370000 0.370000 0.370000 0.370000 0.370000 0.370000 0.370000 0.370000 0.370000 0.370000 0.370000 0.370000
0.370000 0.370000 0.370000 0.370000 0.370000 0.370000 0.370000 0.370000 0.370000 0.370000 0.370000 0.370000 0.370000 0.370000 0.370000 0.370000 0.370000 0.370000 0.370000 0.370000 0.370000 0.370000 0.370000 0.370000 0.370000 0.370000 0.370000 0.370000 0.370000 0.370000 0.370000 0.370000 0.370000 0.370000 0.370000 0.370000 0.370000 0.370000 0.370000 0.370000 0.370000 0.370000 0.370000 0.370000 0.370000 0.370000 0.370000 0.370000 0.370000 0.370000 0.370000 0.370000 0.370000 0.370000 0.370000 0.370000 0.370000 0.370000 0.370000 0.370000 0.370000 0.370000 0.370000
0.370000 0.370000 0.370000 0.370000 0.370000 0.370000 0.370000 0.370000 0.370000 0.370000 0.370000 0.370000 0.370000 0.370000 0.370000 0.370000 0.370000 0.370000 0.370000 0.370000 0.370000 0.370000 0.370000 0.370000 0.370000 0.370000 0.370000 0.370000 0.370000 0.370000 0.370000 0.370000 0.370000 0.370000 0.370000 0.370000 0.370000 0.370000 0.370000 0.370000 0.370000 0.370000 0.370000 0.370000 0.370000 0.370000 0.370000 0.370000 0.370000 0.370000 0.370000 0.370000 0.370000 0.370000 0.370000 0.370000 0.370000 0.370000 0.370000 0.370000 0.370000 0.370000 0.370000
0.370000 0.370000 0.370000 0.370000 0.370000 0.370000 0.370000 0.370000 0.370000 0.370000 0.370000 0.370000 0.370000 0.370000 0.370000 0.370000 0.370000 0.370000 0.370000 0.370000 0.370000 0.370000 0.370000 0.370000 0.370000 0.370000 0.370000 0.370000 0.370000 0.370000 0.370000 0.370000 0.370000 0.370000 0.370000 0.370000 0.370000 0.370000 0.370000 0.370000 0.370000 0.370000 0.370000 0.370000 0.370000 0.370000 0.370000 0.370000 0.370000 0.370000 0.370000 0.370000 0.370000 0.370000 0.370000 0.370000 0.370000 0.370000 0.370000 0.370000 0.370000 0.370000 0.370000
0.370000 0.370000 0.370000 0.370000 0.370000 0.370000 0.370000 0.370000 0.370000 0.369999 0.369995 0.369995 0.369997 0.369995 0.369981 0.369948 0.369900 0.369810 0.369632 0.369463 0.369599 0.369720 0.369763 0.369781 0.369811 0.369820 0.369813 0.369805 0.369882 0.369931 0.369965 0.369984 0.369994 0.370000 0.370000 0.370000 0.370000 0.370000 0.370000 0.370000 0.370000 0.370000 0.370000 0.370000 0.370000 0.370000 0.370000 0.370000 0.370000 0.370000 0.370000 0.370000 0.370000 0.370000 0.370000 0.370000 0.370000 0.370000 0.370000 0.370000 0.370000 0.370000 0.370000
0.370000 0.370000 0.370000 0.370000 0.369999 0.369983 0.369904 0.369645 0.368876 0.367293 0.365427 0.365967 0.366541 0.367137 0.365957 0.364464 0.363402 0.361010 0.358084 0.354700 0.356814 0.358930 0.361688 0.362226 0.362699 0.363528 0.363337 0.363107 0.362347 0.363755 0.365054 0.366409 0.368223 0.369249 0.369736 0.369917 0.369982 0.369998 0.370000 0.370000 0.370000 0.370000 0.370000 0.370000 0.370000 0.370000 0.370000 0.370000 0.370000 0.370000 0.370000 0.370000 0.370000 0.370000 0.370000 0.370000 0.370000 0.370000 0.370000 0.370000 0.370000 0.370000 0.370000
0.369994 0.369925 0.369446 0.368594 0.367212 0.364667 0.361077 0.356182 0.347699 0.337692 0.325645 0.327809 0.334048 0.340236 0.336498 0.333970 0.332103 0.325686 0.317529 0.308755 0.311268 0.320462 0.329779 0.333037 0.335992 0.339338 0.339336 0.336548 0.332578 0.335409 0.341399 0.347574 0.354522 0.359934 0.363716 0.366162 0.367958 0.369086 0.369675 0.369924 0.369991 0.369999 0.370000 0.370000 0.370000 0.370000 0.370000 0.370000 0.370000 0.370000 0.370000 0.370000 0.370000 0.370000 0.370000 0.370000 0.370000 0.370000 0.370000 0.370000 0.370000 0.370000 0.370000
0.363959 0.357924 0.351699 0.344226 0.335386 0.325047 0.312184 0.298275 0.283273 0.265912 0.249453 0.253780 0.264895 0.275297 0.276538 0.274105 0.271630 0.265107 0.254092 0.244094 0.250613 0.263273 0.275593 0.283080 0.288077 0.292803 0.290705 0.284486 0.278758 0.284673 0.296003 0.306591 0.318238 0.330477 0.340797 0.349110 0.355868 0.360914 0.364778 0.367331 0.368824 0.369563 0.369874 0.369975 0.369994 0.369999 0.370000 0.370000 0.370000 0.370000 0.370000 0.370000 0.370000 0.370000 0.370000 0.370000 0.370000 0.370000 0.370000 0.370000 0.370000 0.370000 0.370000
0.330901 0.312761 0.295524 0.281627 0.273286 0.261247 0.245327 0.234110 0.220608 0.205329 0.203808 0.206902 0.216820 0.219076 0.219682 0.217353 0.216487 0.212583 0.203267 0.207080 0.213145 0.225036 0.233929 0.241434 0.246584 0.250018 0.249339 0.243155 0.244982 0.250909 0.262830 0.272325 0.284397 0.299885 0.311797 0.323787 0.335366 0.345180 0.353259 0.359508 0.364065 0.366750 0.368202 0.368796 0.369245 0.369489 0.369508 0.369781 0.369922 0.369981 0.369999 0.370000 0.370000 0.370000 0.370000 0.370000 0.370000 0.370000 0.370000 0.370000 0.370000 0.370000 0.370000
0.262119 0.238147 0.218319 0.210720 0.202818 0.194435 0.185139 0.176229 0.168175 0.167509 0.166224 0.166236 0.167721 0.169586 0.171080 0.170447 0.169776 0.169953 0.173031 0.175660 0.179213 0.186340 0.194000 0.201189 0.204173 0.207251 0.209186 0.211283 0.213118 0.216529 0.225525 0.234866 0.245677 0.259513 0.273388 0.287965 0.303992 0.318559 0.331973 0.343973 0.353110 0.358364 0.360602 0.362522 0.363399 0.363121 0.362875 0.364405 0.366097 0.367396 0.368766 0.369551 0.369890 0.369998 0.370000 0.370000 0.370000 0.370000 0.370000 0.370000 0.370000 0.370000 0.370000
0.201933 0.183296 0.171470 0.165529 0.159846 0.154302 0.147529 0.142322 0.141146 0.140168 0.139285 0.138689 0.140213 0.141845 0.143765 0.143526 0.143625 0.144783 0.146766 0.149476 0.154021 0.159818 0.166473 0.174938 0.177649 0.180520 0.183968 0.185618 0.187620 0.190536 0.198585 0.207105 0.216539 0.229837 0.243942 0.259441 0.277129 0.296280 0.316010 0.331135 0.343120 0.350910 0.353748 0.355178 0.355034 0.353839 0.350709 0.351061 0.354820 0.356432 0.360132 0.364068 0.366255 0.369008 0.369909 0.369996 0.370000 0.370000 0.370000 0.370000 0.370000 0.370000 0.370000
0.157474 0.147846 0.139006 0.133900 0.129871 0.126206 0.123139 0.122201 0.121193 0.120557 0.120150 0.119708 0.120541 0.121894 0.123266 0.123873 0.124732 0.125666 0.127755 0.131078 0.134529 0.139533 0.146134 0.153348 0.156383 0.159251 0.162236 0.164328 0.166673 0.169011 0.175385 0.182926 0.190789 0.203262 0.217143 0.231835 0.252656 0.276400 0.298703 0.315977 0.330523 0.341832 0.343445 0.344225 0.344190 0.339070 0.332127 0.329909 0.332036 0.333182 0.338362 0.344588 0.350161 0.359154 0.364951 0.368160 0.369634 0.369985 0.370000 0.370000 0.370000 0.370000 0.370000
