tests/Borden05m/sims/sim_1/output-maps/thetaliqL0002N0013.asc
ncols         160
nrows         34
xllcorner     620200.000000
yllcorner     5168000.000000
cellsize      0.500000
NODATA_value  -9999.0
[rows 0 to 27 of 34, columns 0 to 62 of 160]
-9999.0 -9999.0 -9999.0 -9999.0 -9999.0 -9999.0 -9999.0 -9999.0 -9999.0 -9999.0 -9999.0 -9999.0 -9999.0 -9999.0 -9999.0 -9999.0 -9999.0 -9999.0 -9999.0 -9999.0 -9999.0 -9999.0 -9999.0 -9999.0 -9999.0 -9999.0 -9999.0 -9999.0 -9999.0 -9999.0 -9999.0 -9999.0 -9999.0 -9999.0 -9999.0 -9999.0 -9999.0 -9999.0 -9999.0 -9999.0 -9999.0 -9999.0 -9999.0 -9999.0 -9999.0 -9999.0 -9999.0 -9999.0 -9999.0 -9999.0 -9999.0 -9999.0 -9999.0 -9999.0 -9999.0 -9999.0 -9999.0 -9999.0 -9999.0 -9999.0 -9999.0 -9999.0 -9999.0
-9999.0 -9999.0 -9999.0 -9999.0 -9999.0 -9999.0 -9999.0 -9999.0 -9999.0 -9999.0 -9999.0 -9999.0 -9999.0 -9999.0 -9999.0 -9999.0 -9999.0 -9999.0 -9999.0 -9999.0 -9999.0 -9999.0 -9999.0 -9999.0 -9999.0 -9999.0 -9999.0 -9999.0 -9999.0 -9999.0 -9999.0 -9999.0 -9999.0 -9999.0 -9999.0 -9999.0 -9999.0 -9999.0 -9999.0 -9999.0 -9999.0 -9999.0 -9999.0 -9999.0 -9999.0 -9999.0 -9999.0 -9999.0 -9999.0 -9999.0 -9999.0 -9999.0 -9999.0 -9999.0 -9999.0 -9999.0 -9999.0 -9999.0 -9999.0 0.208527 0.207686 0.207118 0.206816
-9999.0 -9999.0 -9999.0 -9999.0 -9999.0 -9999.0 -9999.0 -9999.0 -9999.0 -9999.0 -9999.0 -9999.0 -9999.0 -9999.0 -9999.0 -9999.0 -9999.0 -9999.0 -9999.0 -9999.0 -9999.0 -9999.0 -9999.0 -9999.0 -9999.0 -9999.0 -9999.0 -9999.0 -9999.0 -9999.0 -9999.0 -9999.0 -9999.0 -9999.0 -9999.0 -9999.0 -9999.0 -9999.0 -9999.0 -9999.0 -9999.0 -9999.0 -9999.0 -9999.0 -9999.0 -9999.0 -9999.0 0.202450 0.200030 0.197140 0.196338 0.199536 0.200936 0.202228 0.203066 0.203840 0.205088 0.207454 0.207269 0.203772 0.203461 0.203410 0.203589
-9999.0 -9999.0 -9999.0 -9999.0 -9999.0 -9999.0 -9999.0 -9999.0 -9999.0 -9999.0 -9999.0 -9999.0 -9999.0 -9999.0 -9999.0 -9999.0 -9999.0 -9999.0 -9999.0 -9999.0 -9999.0 -9999.0 -9999.0 -9999.0 -9999.0 -9999.0 -9999.0 -9999.0 -9999.0 -9999.0 -9999.0 -9999.0 -9999.0 -9999.0 -9999.0 -9999.0 -9999.0 -9999.0 -9999.0 -9999.0 0.201998 0.203130 0.204079 0.202457 0.201804 0.201979 0.200309 0.198373 0.196389 0.197012 0.197039 0.195588 0.197739 0.199466 0.200018 0.200466 0.201958 0.204649 0.204448 0.201853 0.200323 0.199869 0.200212
-9999.0 -9999.0 -9999.0 -9999.0 -9999.0 -9999.0 -9999.0 -9999.0 -9999.0 -9999.0 -9999.0 -9999.0 -9999.0 -9999.0 -9999.0 -9999.0 -9999.0 -9999.0 -9999.0 -9999.0 -9999.0 -9999.0 -9999.0 -9999.0 -9999.0 -9999.0 -9999.0 -9999.0 -9999.0 -9999.0 -9999.0 -9999.0 -9999.0 -9999.0 0.197162 0.199208 0.200084 0.200909 0.202199 0.201695 0.201262 0.202242 0.201356 0.201334 0.200262 0.198256 0.196266 0.195174 0.196419 0.196027 0.196013 0.197017 0.197611 0.197783 0.199181 0.201494 0.200214 0.200728 0.200359 0.199299 0.200349 0.201199 0.201740
-9999.0 -9999.0 -9999.0 -9999.0 -9999.0 -9999.0 -9999.0 -9999.0 -9999.0 -9999.0 -9999.0 -9999.0 -9999.0 -9999.0 -9999.0 -9999.0 -9999.0 -9999.0 -9999.0 -9999.0 -9999.0 -9999.0 -9999.0 -9999.0 -9999.0 -9999.0 -9999.0 -9999.0 0.200349 0.199530 0.198910 0.198958 0.198665 0.197520 0.197190 0.197347 0.198400 0.200142 0.200385 0.200111 0.200215 0.199766 0.198543 0.198435 0.199816 0.198599 0.198047 0.197264 0.195226 0.194722 0.195870 0.196953 0.197866 0.198024 0.198072 0.197968 0.198029 0.200978 0.201692 0.200029 0.199150 0.198768 0.199033
-9999.0 -9999.0 -9999.0 -9999.0 -9999.0 -9999.0 -9999.0 -9999.0 -9999.0 -9999.0 -9999.0 -9999.0 -9999.0 -9999.0 -9999.0 -9999.0 -9999.0 -9999.0 -9999.0 -9999.0 -9999.0 -9999.0 -9999.0 0.199002 0.199754 0.200022 0.200678 0.200321 0.198698 0.197679 0.197244 0.196882 0.196024 0.195904 0.195847 0.196337 0.196673 0.198489 0.197479 0.196819 0.198408 0.197994 0.199066 0.200306 0.200026 0.200306 0.198042 0.196365 0.198139 0.198837 0.198711 0.198251 0.198753 0.199439 0.200303 0.201866 0.203887 0.205572 0.208462 0.206460 0.205084 0.202648 0.202919
-9999.0 -9999.0 -9999.0 -9999.0 -9999.0 -9999.0 -9999.0 -9999.0 -9999.0 -9999.0 -9999.0 -9999.0 -9999.0 -9999.0 -9999.0 -9999.0 -9999.0 -9999.0 -9999.0 0.199145 0.198901 0.198423 0.198592 0.197040 0.196379 0.196793 0.197594 0.197094 0.196209 0.195452 0.195538 0.195630 0.195424 0.196540 0.197425 0.197670 0.197339 0.198742 0.199103 0.199881 0.202081 0.200568 0.199117 0.198361 0.198297 0.197861 0.199185 0.199570 0.199652 0.199454 0.199416 0.199672 0.199767 0.201460 0.202993 0.204224 0.205380 0.207051 0.210381 0.208922 0.206312 0.203568 0.203612
-9999.0 -9999.0 -9999.0 -9999.0 -9999.0 -9999.0 -9999.0 -9999.0 -9999.0 -9999.0 -9999.0 -9999.0 -9999.0 -9999.0 -9999.0 -9999.0 0.199030 0.198891 0.198298 0.197336 0.196510 0.196478 0.197088 0.195938 0.195544 0.195775 0.195254 0.195791 0.196373 0.197080 0.197385 0.196547 0.196658 0.196492 0.196334 0.196627 0.198208 0.199656 0.199875 0.200905 0.202878 0.201644 0.201133 0.201187 0.200411 0.200976 0.203982 0.203383 0.201922 0.205058 0.206671 0.205916 0.205462 0.207398 0.210388 0.214299 0.220984 0.225498 0.230990 0.233490 0.228283 0.227541 0.229391
-9999.0 -9999.0 -9999.0 -9999.0 -9999.0 -9999.0 -9999.0 -9999.0 -9999.0 -9999.0 -9999.0 -9999.0 -9999.0 0.198861 0.198731 0.198873 0.197375 0.196221 0.195516 0.194539 0.195733 0.194837 0.194538 0.194722 0.195782 0.195774 0.195862 0.196511 0.196236 0.195862 0.195496 0.194774 0.195623 0.196461 0.197003 0.198224 0.199117 0.199768 0.201128 0.201261 0.202171 0.201701 0.200444 0.200152 0.201054 0.203800 0.205847 0.206435 0.210327 0.214480 0.216383 0.218952 0.220072 0.221634 0.225869 0.239530 0.258453 0.280761 0.297541 0.311686 0.313844 0.316500 0.318771
-9999.0 -9999.0 -9999.0 -9999.0 -9999.0 -9999.0 -9999.0 -9999.0 -9999.0 -9999.0 0.196608 0.197367 0.196244 0.194171 0.193264 0.193708 0.194172 0.193379 0.193374 0.195488 0.196637 0.194573 0.195929 0.195914 0.195012 0.195188 0.195704 0.195735 0.197003 0.196979 0.196910 0.199018 0.199487 0.199992 0.200718 0.201492 0.202107 0.205318 0.208077 0.207760 0.211813 0.214408 0.212092 0.211266 0.211823 0.214799 0.219760 0.227230 0.235355 0.247860 0.260403 0.270268 0.278860 0.290502 0.306093 0.323535 0.335096 0.343845 0.351155 0.354978 0.356460 0.357188 0.358070
-9999.0 -9999.0 -9999.0 -9999.0 -9999.0 -9999.0 -9999.0 -9999.0 0.193618 0.194793 0.195536 0.194597 0.193345 0.191088 0.191920 0.192728 0.193262 0.194076 0.194438 0.194722 0.194144 0.194818 0.196126 0.195695 0.195787 0.196624 0.196573 0.197293 0.198438 0.197719 0.198264 0.199277 0.200154 0.200925 0.201881 0.202355 0.205632 0.210137 0.215166 0.219567 0.226083 0.234835 0.234703 0.236491 0.238483 0.251410 0.272472 0.303012 0.322910 0.332169 0.340273 0.344528 0.347479 0.351112 0.355200 0.358259 0.361540 0.364792 0.367105 0.368207 0.368686 0.368856 0.369132
-9999.0 -9999.0 -9999.0 -9999.0 -9999.0 -9999.0 0.191889 0.194472 0.195729 0.192770 0.190536 0.189798 0.188482 0.191338 0.193887 0.194340 0.194679 0.195089 0.194771 0.193000 0.196874 0.195695 0.194818 0.195943 0.195764 0.195783 0.196450 0.198071 0.198679 0.202006 0.204381 0.206421 0.209307 0.211060 0.212966 0.215209 0.221647 0.232172 0.247629 0.265999 0.290478 0.314910 0.322788 0.326030 0.328661 0.333230 0.341680 0.350172 0.357669 0.362525 0.365039 0.365976 0.366747 0.367518 0.368295 0.368934 0.369266 0.369625 0.369829 0.369933 0.369976 0.369988 0.370000
-9999.0 -9999.0 -9999.0 -9999.0 0.193369 0.193918 0.193399 0.195647 0.197220 0.193598 0.194874 0.194238 0.193060 0.191624 0.189918 0.191097 0.191758 0.192182 0.191895 0.195638 0.198831 0.196526 0.198057 0.201193 0.200326 0.200571 0.200613 0.201950 0.204495 0.207782 0.215885 0.223659 0.229260 0.236788 0.245034 0.257087 0.280923 0.314214 0.329382 0.339742 0.348531 0.354713 0.358125 0.359551 0.361126 0.362813 0.364774 0.366902 0.368443 0.369403 0.369716 0.369847 0.369883 0.369933 0.369970 0.369998 0.370000 0.370000 0.370000 0.370000 0.370000 0.370000 0.370000
-9999.0 -9999.0 -9999.0 0.191849 0.194369 0.195265 0.193966 0.194367 0.196285 0.194316 0.193929 0.193584 0.193374 0.193383 0.193201 0.193873 0.193954 0.193348 0.193789 0.195957 0.196827 0.198538 0.199802 0.201884 0.203710 0.204330 0.205294 0.208000 0.215187 0.223902 0.242276 0.273041 0.306592 0.323170 0.329681 0.336835 0.343851 0.352749 0.359034 0.363312 0.366296 0.367976 0.368957 0.369187 0.369302 0.369471 0.369677 0.369856 0.369951 0.369999 0.369999 0.370000 0.370000 0.370000 0.370000 0.370000 0.370000 0.370000 0.370000 0.370000 0.370000 0.370000 0.370000
-9999.0 -9999.0 0.192352 0.193772 0.192722 0.194489 0.196459 0.194906 0.197286 0.198023 0.195466 0.196837 0.197515 0.195911 0.196840 0.197893 0.198386 0.196440 0.194991 0.197540 0.203266 0.207983 0.210359 0.223189 0.231382 0.236961 0.239659 0.249076 0.267015 0.307279 0.329813 0.344461 0.354655 0.360475 0.362354 0.364196 0.366328 0.367842 0.368952 0.369518 0.369819 0.369949 0.369998 0.369999 0.369996 0.370000 0.370000 0.370000 0.370000 0.370000 0.370000 0.370000 0.370000 0.370000 0.370000 0.370000 0.370000 0.370000 0.370000 0.370000 0.370000 0.370000 0.370000
-9999.0 -9999.0 0.190710 0.193071 0.191350 0.195061 0.198513 0.194891 0.195822 0.199398 0.198277 0.198593 0.197999 0.198103 0.199603 0.202825 0.201016 0.200333 0.196569 0.205110 0.213006 0.227887 0.261760 0.304181 0.325459 0.328449 0.329768 0.334455 0.341863 0.354002 0.362928 0.367535 0.369152 0.369633 0.369769 0.369863 0.369948 0.369998 0.369999 0.369999 0.370000 0.370000 0.370000 0.370000 0.370000 0.370000 0.370000 0.370000 0.370000 0.370000 0.370000 0.370000 0.370000 0.370000 0.370000 0.370000 0.370000 0.370000 0.370000 0.370000 0.370000 0.370000 0.370000
-9999.0 0.190217 0.191378 0.191413 0.193794 0.192903 0.195685 0.199792 0.199355 0.200711 0.200566 0.197903 0.206368 0.214085 0.216558 0.223702 0.220395 0.218109 0.213228 0.223107 0.243936 0.309048 0.349150 0.361241 0.365110 0.365582 0.365296 0.366477 0.368020 0.369261 0.369900 0.369999 0.370000 0.370000 0.370000 0.370000 0.370000 0.370000 0.370000 0.370000 0.370000 0.370000 0.370000 0.370000 0.370000 0.370000 0.370000 0.370000 0.370000 0.370000 0.370000 0.370000 0.370000 0.370000 0.370000 0.370000 0.370000 0.370000 0.370000 0.370000 0.369999 0.369999 0.369999
-9999.0 0.186644 0.191261 0.194002 0.192843 0.190777 0.197303 0.207518 0.203301 0.201855 0.201193 0.207726 0.230174 0.255439 0.277331 0.305643 0.303935 0.292819 0.294298 0.320046 0.340092 0.358876 0.368901 0.369932 0.369995 0.369998 0.369999 0.370000 0.370000 0.370000 0.370000 0.370000 0.370000 0.370000 0.370000 0.370000 0.370000 0.370000 0.370000 0.370000 0.370000 0.370000 0.370000 0.370000 0.370000 0.370000 0.370000 0.370000 0.370000 0.370000 0.370000 0.370000 0.370000 0.370000 0.370000 0.370000 0.369999 0.369997 0.369994 0.369984 0.369968 0.369954 0.369953
-9999.0 0.190394 0.195749 0.194312 0.189819 0.196098 0.198477 0.205317 0.210670 0.208500 0.217677 0.254538 0.314650 0.338530 0.350238 0.356161 0.359297 0.359417 0.362863 0.367872 0.369917 0.369998 0.370000 0.370000 0.370000 0.370000 0.370000 0.370000 0.370000 0.370000 0.370000 0.370000 0.370000 0.370000 0.370000 0.370000 0.370000 0.370000 0.370000 0.370000 0.370000 0.370000 0.370000 0.370000 0.370000 0.370000 0.370000 0.370000 0.369999 0.369998 0.369996 0.369994 0.369993 0.369993 0.369991 0.369984 0.369966 0.369934 0.369876 0.369789 0.369666 0.369508 0.369506
-9999.0 0.184327 0.191779 0.185453 0.194245 0.201845 0.200254 0.212172 0.227969 0.234106 0.293820 0.333638 0.355600 0.363666 0.366995 0.368859 0.369491 0.369819 0.369974 0.370000 0.370000 0.370000 0.370000 0.370000 0.370000 0.370000 0.370000 0.370000 0.370000 0.370000 0.370000 0.370000 0.370000 0.370000 0.370000 0.370000 0.370000 0.370000 0.370000 0.369999 0.369998 0.369998 0.369998 0.369998 0.369997 0.369996 0.369991 0.369982 0.369970 0.369952 0.369926 0.369897 0.369883 0.369858 0.369851 0.369801 0.369529 0.369197 0.368775 0.368188 0.367367 0.365898 0.365690
-9999.0 0.179982 0.185117 0.189038 0.196807 0.202323 0.208027 0.221885 0.259712 0.311651 0.341071 0.351934 0.362619 0.367874 0.369579 0.369861 0.369934 0.369957 0.369980 0.369995 0.370000 0.370000 0.370000 0.370000 0.370000 0.370000 0.369999 0.369997 0.369994 0.369993 0.369993 0.369993 0.369994 0.369993 0.369991 0.369991 0.369991 0.369983 0.369971 0.369957 0.369942 0.369920 0.369902 0.369891 0.369878 0.369869 0.369814 0.369720 0.369595 0.369466 0.369309 0.369164 0.369113 0.369005 0.368847 0.368510 0.367261 0.365397 0.363282 0.360440 0.354762 0.351498 0.349062
-9999.0 0.170562 0.186979 0.189024 0.193602 0.194836 0.195885 0.205280 0.222312 0.305394 0.357612 0.360265 0.363016 0.366477 0.369112 0.369824 0.369865 0.369647 0.369379 0.369302 0.369526 0.369702 0.369836 0.369931 0.369965 0.369973 0.369958 0.369926 0.369866 0.369824 0.369801 0.369747 0.369697 0.369693 0.369666 0.369704 0.369721 0.369601 0.369405 0.369105 0.368761 0.368450 0.368330 0.368350 0.368318 0.368181 0.367819 0.367252 0.366419 0.365521 0.364708 0.364089 0.363443 0.362498 0.361336 0.359973 0.355888 0.351500 0.345689 0.336272 0.322973 0.306339 0.296360
-9999.0 -9999.0 0.179361 0.189102 0.190300 0.191692 0.192886 0.200104 0.208211 0.243970 0.305775 0.332224 0.344103 0.354243 0.363104 0.366875 0.367229 0.367588 0.365972 0.366041 0.366511 0.366987 0.367689 0.368333 0.368781 0.368981 0.369038 0.368949 0.368645 0.368077 0.367241 0.366432 0.365820 0.365336 0.365894 0.366629 0.366502 0.365977 0.365013 0.363543 0.362120 0.360493 0.360081 0.360288 0.360302 0.359860 0.359000 0.356771 0.354081 0.350968 0.349279 0.347587 0.345910 0.342913 0.339770 0.336298 0.329629 0.321245 0.301864 0.266476 0.242312 0.227019 0.219943
-9999.0 -9999.0 0.169003 0.184008 0.190690 0.195422 0.194562 0.195272 0.206075 0.211490 0.221240 0.239805 0.262876 0.299289 0.321777 0.335770 0.340897 0.343030 0.342692 0.344641 0.349227 0.353562 0.356323 0.358566 0.360374 0.361641 0.362637 0.361364 0.359904 0.357373 0.353449 0.348147 0.344882 0.343042 0.344186 0.346204 0.344926 0.342291 0.338586 0.334239 0.331049 0.327885 0.327097 0.326855 0.326842 0.326061 0.324682 0.319930 0.311268 0.302641 0.295053 0.288301 0.284160 0.276391 0.267598 0.261575 0.249671 0.238220 0.229429 0.221523 0.213951 0.210322 0.207278
-9999.0 -9999.0 -9999.0 0.170557 0.179995 0.187321 0.190203 0.186216 0.189107 0.194564 0.198538 0.204948 0.209095 0.214028 0.222638 0.235542 0.243275 0.245591 0.245414 0.262834 0.276018 0.302654 0.319982 0.324656 0.328326 0.331829 0.332827 0.330258 0.327793 0.322866 0.310243 0.288859 0.275809 0.275400 0.275631 0.278214 0.273872 0.269487 0.261120 0.253235 0.246304 0.241240 0.239352 0.237651 0.236796 0.235419 0.234014 0.231120 0.228068 0.225480 0.223322 0.222759 0.222173 0.221093 0.219734 0.218827 0.217468 0.212986 0.209931 0.207176 0.204471 0.202173 0.200076
-9999.0 -9999.0 -9999.0 -9999.0 -9999.0 0.164685 0.183230 0.186992 0.187205 0.185791 0.187570 0.194673 0.193601 0.194608 0.197673 0.199369 0.200025 0.202084 0.206565 0.210838 0.216638 0.221605 0.229143 0.236755 0.241351 0.247015 0.249053 0.244559 0.240476 0.234601 0.226622 0.219962 0.219364 0.219866 0.220142 0.219949 0.218878 0.218120 0.217045 0.214453 0.212168 0.211703 0.211372 0.210928 0.210425 0.210056 0.209742 0.209621 0.208199 0.206887 0.207615 0.207376 0.207238 0.207356 0.206763 0.206507 0.206792 0.203566 0.201794 0.202530 0.199736 0.197930 0.198504
-9999.0 -9999.0 -9999.0 -9999.0 -9999.0 -9999.0 0.162605 0.174221 0.183570 0.186185 0.190193 0.193295 0.189082 0.190587 0.192162 0.193797 0.196383 0.196278 0.197271 0.198859 0.201153 0.202359 0.205112 0.208988 0.209075 0.210113 0.212286 0.209879 0.208628 0.207949 0.203601 0.204180 0.203584 0.204070 0.204254 0.204726 0.204203 0.203721 0.203484 0.201635 0.201572 0.201123 0.200971 0.200808 0.200638 0.200573 0.200622 0.200719 0.199603 0.200282 0.200576 0.200282 0.200162 0.200409 0.200174 0.199700 0.199918 0.198602 0.198456 0.198526 0.196280 0.196365 0.196297
