tests/Borden05m/sims/sim_1/output-maps/thetaliqL0004N0018.asc
ncols         160
nrows         34
xllcorner     620200.000000
yllcorner     5168000.000000
cellsize      0.500000
NODATA_value  -9999.0
[rows 0 to 27 of 34, columns 0 to 62 of 160]
-9999.0 -9999.0 -9999.0 -9999.0 -9999.0 -9999.0 -9999.0 -9999.0 -9999.0 -9999.0 -9999.0 -9999.0 -9999.0 -9999.0 -9999.0 -9999.0 -9999.0 -9999.0 -9999.0 -9999.0 -9999.0 -9999.0 -9999.0 -9999.0 -9999.0 -9999.0 -9999.0 -9999.0 -9999.0 -9999.0 -9999.0 -9999.0 -9999.0 -9999.0 -9999.0 -9999.0 -9999.0 -9999.0 -9999.0 -9999.0 -9999.0 -9999.0 -9999.0 -9999.0 -9999.0 -9999.0 -9999.0 -9999.0 -9999.0 -9999.0 -9999.0 -9999.0 -9999.0 -9999.0 -9999.0 -9999.0 -9999.0 -9999.0 -9999.0 -9999.0 -9999.0 -9999.0 -9999.0
-9999.0 -9999.0 -9999.0 -9999.0 -9999.0 -9999.0 -9999.0 -9999.0 -9999.0 -9999.0 -9999.0 -9999.0 -9999.0 -9999.0 -9999.0 -9999.0 -9999.0 -9999.0 -9999.0 -9999.0 -9999.0 -9999.0 -9999.0 -9999.0 -9999.0 -9999.0 -9999.0 -9999.0 -9999.0 -9999.0 -9999.0 -9999.0 -9999.0 -9999.0 -9999.0 -9999.0 -9999.0 -9999.0 -9999.0 -9999.0 -9999.0 -9999.0 -9999.0 -9999.0 -9999.0 -9999.0 -9999.0 -9999.0 -9999.0 -9999.0 -9999.0 -9999.0 -9999.0 -9999.0 -9999.0 -9999.0 -9999.0 -9999.0 -9999.0 0.194802 0.193104 0.191814 0.190944
-9999.0 -9999.0 -9999.0 -9999.0 -9999.0 -9999.0 -9999.0 -9999.0 -9999.0 -9999.0 -9999.0 -9999.0 -9999.0 -9999.0 -9999.0 -9999.0 -9999.0 -9999.0 -9999.0 -9999.0 -9999.0 -9999.0 -9999.0 -9999.0 -9999.0 -9999.0 -9999.0 -9999.0 -9999.0 -9999.0 -9999.0 -9999.0 -9999.0 -9999.0 -9999.0 -9999.0 -9999.0 -9999.0 -9999.0 -9999.0 -9999.0 -9999.0 -9999.0 -9999.0 -9999.0 -9999.0 -9999.0 0.177788 0.173283 0.168082 0.166729 0.172650 0.175854 0.178998 0.181388 0.183678 0.186812 0.191738 0.191717 0.185727 0.184872 0.184533 0.184622
-9999.0 -9999.0 -9999.0 -9999.0 -9999.0 -9999.0 -9999.0 -9999.0 -9999.0 -9999.0 -9999.0 -9999.0 -9999.0 -9999.0 -9999.0 -9999.0 -9999.0 -9999.0 -9999.0 -9999.0 -9999.0 -9999.0 -9999.0 -9999.0 -9999.0 -9999.0 -9999.0 -9999.0 -9999.0 -9999.0 -9999.0 -9999.0 -9999.0 -9999.0 -9999.0 -9999.0 -9999.0 -9999.0 -9999.0 -9999.0 0.179513 0.181573 0.183085 0.179994 0.178365 0.178008 0.174481 0.170689 0.166939 0.167796 0.167917 0.165833 0.170168 0.173979 0.175824 0.177488 0.180937 0.186330 0.186223 0.181517 0.178586 0.177586 0.178102
-9999.0 -9999.0 -9999.0 -9999.0 -9999.0 -9999.0 -9999.0 -9999.0 -9999.0 -9999.0 -9999.0 -9999.0 -9999.0 -9999.0 -9999.0 -9999.0 -9999.0 -9999.0 -9999.0 -9999.0 -9999.0 -9999.0 -9999.0 -9999.0 -9999.0 -9999.0 -9999.0 -9999.0 -9999.0 -9999.0 -9999.0 -9999.0 -9999.0 -9999.0 0.167801 0.171679 0.173782 0.175875 0.178649 0.178204 0.177848 0.179650 0.178063 0.177740 0.175486 0.171445 0.167423 0.165100 0.166955 0.166227 0.166358 0.168443 0.170073 0.171082 0.174297 0.179117 0.177699 0.179246 0.178860 0.176856 0.178497 0.179869 0.180771
-9999.0 -9999.0 -9999.0 -9999.0 -9999.0 -9999.0 -9999.0 -9999.0 -9999.0 -9999.0 -9999.0 -9999.0 -9999.0 -9999.0 -9999.0 -9999.0 -9999.0 -9999.0 -9999.0 -9999.0 -9999.0 -9999.0 -9999.0 -9999.0 -9999.0 -9999.0 -9999.0 -9999.0 0.173042 0.171536 0.170367 0.170376 0.169850 0.167985 0.167686 0.168376 0.170741 0.174377 0.175335 0.175239 0.175713 0.175038 0.172870 0.172574 0.174699 0.172220 0.170788 0.169053 0.165384 0.164506 0.166699 0.168986 0.171128 0.172071 0.172924 0.173480 0.174488 0.180438 0.182110 0.179084 0.177283 0.176410 0.176828
-9999.0 -9999.0 -9999.0 -9999.0 -9999.0 -9999.0 -9999.0 -9999.0 -9999.0 -9999.0 -9999.0 -9999.0 -9999.0 -9999.0 -9999.0 -9999.0 -9999.0 -9999.0 -9999.0 -9999.0 -9999.0 -9999.0 -9999.0 0.169954 0.171322 0.171953 0.173222 0.172679 0.169971 0.168149 0.167338 0.166695 0.165259 0.165195 0.165371 0.166621 0.167751 0.171501 0.170285 0.169533 0.172617 0.172060 0.173941 0.176039 0.175490 0.175739 0.171594 0.168506 0.171523 0.172880 0.172967 0.172597 0.174036 0.175960 0.178361 0.182120 0.186763 0.190870 0.196541 0.193023 0.190125 0.185463 0.185847
-9999.0 -9999.0 -9999.0 -9999.0 -9999.0 -9999.0 -9999.0 -9999.0 -9999.0 -9999.0 -9999.0 -9999.0 -9999.0 -9999.0 -9999.0 -9999.0 -9999.0 -9999.0 -9999.0 0.169465 0.169093 0.168356 0.168743 0.166293 0.165291 0.166152 0.167663 0.166928 0.165448 0.164172 0.164340 0.164551 0.164342 0.166483 0.168359 0.169263 0.169301 0.172408 0.173655 0.175560 0.179808 0.177368 0.174824 0.173485 0.173356 0.172674 0.175033 0.175794 0.176209 0.176220 0.176549 0.177448 0.178258 0.182128 0.186007 0.189587 0.193154 0.197582 0.204492 0.201971 0.196697 0.191194 0.191231
-9999.0 -9999.0 -9999.0 -9999.0 -9999.0 -9999.0 -9999.0 -9999.0 -9999.0 -9999.0 -9999.0 -9999.0 -9999.0 -9999.0 -9999.0 -9999.0 0.168561 0.168373 0.167468 0.166056 0.164797 0.164836 0.165980 0.164158 0.163619 0.164175 0.163475 0.164579 0.165738 0.167078 0.167736 0.166473 0.166890 0.166958 0.167139 0.168221 0.171663 0.175023 0.176227 0.178761 0.182794 0.180881 0.179943 0.180024 0.178837 0.180209 0.186011 0.185535 0.183577 0.189785 0.193369 0.192714 0.192666 0.197251 0.204185 0.213279 0.227740 0.238983 0.251271 0.256311 0.246828 0.244918 0.248508
-9999.0 -9999.0 -9999.0 -9999.0 -9999.0 -9999.0 -9999.0 -9999.0 -9999.0 -9999.0 -9999.0 -9999.0 -9999.0 0.167311 0.167176 0.167585 0.165368 0.163551 0.162493 0.161050 0.163247 0.161878 0.161544 0.162023 0.164022 0.164240 0.164636 0.166019 0.165842 0.165467 0.165104 0.164158 0.166006 0.167940 0.169475 0.172342 0.174855 0.177089 0.180519 0.181742 0.184169 0.183680 0.181505 0.181090 0.183066 0.188749 0.193572 0.195783 0.203888 0.212867 0.217878 0.223816 0.227296 0.232227 0.243028 0.270302 0.301252 0.322796 0.333233 0.340808 0.341519 0.342894 0.344155
-9999.0 -9999.0 -9999.0 -9999.0 -9999.0 -9999.0 -9999.0 -9999.0 -9999.0 -9999.0 0.163113 0.164369 0.162477 0.159088 0.157688 0.158618 0.159617 0.158449 0.158669 0.162531 0.164780 0.161545 0.164084 0.164318 0.163049 0.163628 0.164847 0.165320 0.167932 0.168355 0.168738 0.172936 0.174450 0.176063 0.178154 0.180526 0.182898 0.190060 0.196533 0.197511 0.205965 0.211390 0.207664 0.206377 0.208031 0.214900 0.226463 0.243131 0.260049 0.282735 0.301397 0.312748 0.320487 0.328580 0.336893 0.347235 0.355988 0.361224 0.364597 0.366053 0.366537 0.366751 0.367055
-9999.0 -9999.0 -9999.0 -9999.0 -9999.0 -9999.0 -9999.0 -9999.0 0.157851 0.159872 0.161167 0.159583 0.157444 0.153683 0.155253 0.156834 0.157988 0.159636 0.160542 0.161390 0.160834 0.162321 0.164953 0.164608 0.165108 0.166938 0.167344 0.169170 0.171876 0.171426 0.173235 0.176046 0.178607 0.180988 0.183765 0.185945 0.193516 0.203880 0.215421 0.226113 0.241308 0.259297 0.260070 0.263346 0.267726 0.290643 0.315932 0.335347 0.346497 0.353755 0.359362 0.361810 0.363216 0.364693 0.366141 0.367161 0.368300 0.369186 0.369662 0.369833 0.369891 0.369905 0.369929
-9999.0 -9999.0 -9999.0 -9999.0 -9999.0 -9999.0 0.154621 0.159205 0.161474 0.156510 0.152679 0.151385 0.149151 0.154184 0.158697 0.159741 0.160604 0.161616 0.161447 0.158925 0.166062 0.164683 0.163754 0.166223 0.166460 0.167051 0.168858 0.172556 0.174787 0.181980 0.187823 0.193209 0.200013 0.204728 0.209731 0.215838 0.230994 0.254504 0.283954 0.309646 0.328818 0.342445 0.346490 0.348475 0.350709 0.354604 0.360044 0.364098 0.367027 0.368595 0.369259 0.369465 0.369608 0.369731 0.369836 0.369909 0.369958 0.369988 0.369998 0.370000 0.370000 0.370000 0.370000
-9999.0 -9999.0 -9999.0 -9999.0 0.156659 0.157808 0.157208 0.161329 0.164241 0.158266 0.160418 0.159367 0.157390 0.155099 0.152432 0.154688 0.156137 0.157226 0.157198 0.164244 0.170734 0.167727 0.171255 0.177708 0.177123 0.178327 0.179332 0.182967 0.189190 0.197449 0.214729 0.232474 0.246749 0.262664 0.278843 0.299027 0.322745 0.341602 0.352048 0.359019 0.363447 0.365889 0.367061 0.367607 0.368162 0.368684 0.369194 0.369629 0.369869 0.369972 0.369994 0.369998 0.369999 0.370000 0.370000 0.370000 0.370000 0.370000 0.370000 0.370000 0.370000 0.370000 0.370000
-9999.0 -9999.0 -9999.0 0.153609 0.158152 0.160078 0.158326 0.159465 0.163153 0.160048 0.159576 0.159110 0.158861 0.159040 0.158943 0.160440 0.160964 0.160365 0.161717 0.166511 0.169466 0.173867 0.177778 0.183202 0.187845 0.190166 0.193160 0.199911 0.215843 0.236605 0.273638 0.315524 0.337519 0.346922 0.351896 0.357158 0.361163 0.365178 0.367558 0.368828 0.369497 0.369780 0.369908 0.369949 0.369966 0.369978 0.369992 0.369998 0.370000 0.370000 0.370000 0.370000 0.370000 0.370000 0.370000 0.370000 0.370000 0.370000 0.370000 0.370000 0.370000 0.370000 0.370000
-9999.0 -9999.0 0.154027 0.156695 0.155278 0.158759 0.162745 0.160850 0.165555 0.167330 0.163423 0.166103 0.167675 0.165378 0.167425 0.169757 0.171069 0.168112 0.166341 0.172183 0.184447 0.195597 0.203261 0.229975 0.247486 0.259471 0.266420 0.284863 0.310305 0.337074 0.352333 0.361579 0.365979 0.367940 0.368513 0.369017 0.369503 0.369781 0.369933 0.369983 0.369996 0.370000 0.370000 0.370000 0.370000 0.370000 0.370000 0.370000 0.370000 0.370000 0.370000 0.370000 0.370000 0.370000 0.370000 0.370000 0.370000 0.370000 0.370000 0.370000 0.370000 0.370000 0.370000
-9999.0 -9999.0 0.151076 0.155332 0.152839 0.159668 0.166562 0.161566 0.164188 0.171293 0.170225 0.171665 0.171577 0.172617 0.176304 0.182781 0.180257 0.179275 0.173274 0.190641 0.208620 0.242012 0.299280 0.334208 0.347606 0.349689 0.351020 0.354854 0.359591 0.365252 0.368525 0.369696 0.369944 0.369987 0.369994 0.369998 0.370000 0.370000 0.370000 0.370000 0.370000 0.370000 0.370000 0.370000 0.370000 0.370000 0.370000 0.370000 0.370000 0.370000 0.370000 0.370000 0.370000 0.370000 0.370000 0.370000 0.370000 0.370000 0.370000 0.370000 0.370000 0.370000 0.370000
-9999.0 0.149673 0.151896 0.152308 0.156789 0.156137 0.162155 0.170821 0.172020 0.176035 0.177253 0.174275 0.191195 0.207393 0.214608 0.228992 0.224219 0.220267 0.212560 0.233972 0.275676 0.336350 0.363313 0.367585 0.368600 0.368634 0.368479 0.368901 0.369464 0.369877 0.369997 0.370000 0.370000 0.370000 0.370000 0.370000 0.370000 0.370000 0.370000 0.370000 0.370000 0.370000 0.370000 0.370000 0.370000 0.370000 0.370000 0.370000 0.370000 0.370000 0.370000 0.370000 0.370000 0.370000 0.370000 0.370000 0.370000 0.370000 0.370000 0.370000 0.370000 0.370000 0.370000
-9999.0 0.143535 0.151506 0.156456 0.155111 0.152519 0.165184 0.185626 0.181833 0.181750 0.182918 0.197562 0.242076 0.286883 0.312796 0.332771 0.331984 0.326260 0.327288 0.342201 0.356940 0.366935 0.369875 0.369997 0.369994 0.369994 0.369996 0.369999 0.370000 0.370000 0.370000 0.370000 0.370000 0.370000 0.370000 0.370000 0.370000 0.370000 0.370000 0.370000 0.370000 0.370000 0.370000 0.370000 0.370000 0.370000 0.370000 0.370000 0.370000 0.370000 0.370000 0.370000 0.370000 0.370000 0.370000 0.370000 0.370000 0.370000 0.370000 0.370000 0.370000 0.370000 0.370000
-9999.0 0.149531 0.158819 0.156712 0.149701 0.161345 0.168126 0.184353 0.198600 0.199240 0.220224 0.284467 0.336207 0.356145 0.362670 0.365057 0.366213 0.366109 0.367600 0.369359 0.369966 0.370000 0.370000 0.370000 0.370000 0.370000 0.370000 0.370000 0.370000 0.370000 0.370000 0.370000 0.370000 0.370000 0.370000 0.370000 0.370000 0.370000 0.370000 0.370000 0.370000 0.370000 0.370000 0.370000 0.370000 0.370000 0.370000 0.370000 0.370000 0.370000 0.370000 0.370000 0.370000 0.370000 0.370000 0.370000 0.370000 0.369999 0.369998 0.369995 0.369989 0.369980 0.369980
-9999.0 0.138820 0.151589 0.141249 0.156177 0.170858 0.171808 0.197981 0.233801 0.254158 0.322556 0.353409 0.365432 0.368561 0.369495 0.369871 0.369959 0.369991 0.369999 0.370000 0.370000 0.370000 0.370000 0.370000 0.370000 0.370000 0.370000 0.370000 0.370000 0.370000 0.370000 0.370000 0.370000 0.370000 0.370000 0.370000 0.370000 0.370000 0.370000 0.370000 0.370000 0.370000 0.370000 0.370000 0.370000 0.370000 0.370000 0.370000 0.370000 0.370000 0.369999 0.369999 0.369998 0.369997 0.369997 0.369995 0.369978 0.369946 0.369896 0.369812 0.369674 0.369389 0.369353
-9999.0 0.131465 0.140055 0.146536 0.159921 0.170789 0.183098 0.213178 0.286035 0.336981 0.358301 0.364098 0.368308 0.369710 0.369976 0.369997 0.369999 0.370000 0.370000 0.370000 0.370000 0.370000 0.370000 0.370000 0.370000 0.370000 0.370000 0.370000 0.370000 0.370000 0.370000 0.370000 0.370000 0.370000 0.370000 0.370000 0.370000 0.370000 0.370000 0.370000 0.370000 0.369999 0.369999 0.369999 0.369998 0.369998 0.369996 0.369991 0.369983 0.369973 0.369959 0.369944 0.369938 0.369924 0.369902 0.369854 0.369636 0.369224 0.368666 0.367774 0.365597 0.364285 0.363330
-9999.0 0.116344 0.142907 0.146379 0.154233 0.157404 0.161291 0.182132 0.221329 0.330377 0.366150 0.367461 0.368420 0.369402 0.369920 0.369995 0.369997 0.369980 0.369945 0.369924 0.369954 0.369985 0.369995 0.369999 0.369999 0.369999 0.369998 0.369995 0.369989 0.369986 0.369987 0.369985 0.369984 0.369987 0.369986 0.369989 0.369990 0.369984 0.369969 0.369941 0.369900 0.369856 0.369838 0.369838 0.369830 0.369805 0.369744 0.369640 0.369472 0.369271 0.369076 0.368917 0.368738 0.368458 0.368087 0.367600 0.366009 0.364031 0.361279 0.355947 0.345969 0.335790 0.330471
-9999.0 -9999.0 0.130124 0.146356 0.148567 0.151498 0.154581 0.169311 0.189109 0.259806 0.328055 0.351566 0.359929 0.364697 0.368190 0.369416 0.369520 0.369608 0.369181 0.369207 0.369358 0.369515 0.369671 0.369780 0.369839 0.369862 0.369872 0.369857 0.369805 0.369702 0.369545 0.369399 0.369299 0.369216 0.369361 0.369523 0.369501 0.369397 0.369180 0.368797 0.368368 0.367821 0.367649 0.367691 0.367675 0.367501 0.367184 0.366357 0.365324 0.364046 0.363337 0.362583 0.361777 0.360222 0.358413 0.356099 0.351141 0.344758 0.334393 0.309682 0.274532 0.243574 0.226639
-9999.0 -9999.0 0.113932 0.137642 0.148839 0.157092 0.156214 0.157995 0.178521 0.192291 0.215149 0.251233 0.292007 0.324501 0.340135 0.352261 0.356312 0.357956 0.358258 0.360084 0.362803 0.364845 0.365978 0.366853 0.367513 0.367952 0.368275 0.367857 0.367354 0.366435 0.364961 0.362812 0.361401 0.360523 0.361156 0.362171 0.361537 0.360090 0.357805 0.354714 0.352026 0.349187 0.348303 0.347950 0.347857 0.347174 0.346205 0.343180 0.338530 0.334187 0.330018 0.325967 0.323238 0.317557 0.309746 0.302798 0.286138 0.265529 0.246741 0.228144 0.211179 0.201984 0.194354
-9999.0 -9999.0 -9999.0 0.116383 0.131171 0.143015 0.148057 0.141662 0.146610 0.156991 0.165988 0.179946 0.190197 0.202035 0.219335 0.242708 0.257860 0.264149 0.267421 0.296631 0.313002 0.331624 0.342161 0.345707 0.349069 0.352140 0.352951 0.350886 0.348731 0.344799 0.337268 0.325655 0.316795 0.316372 0.316353 0.318039 0.314322 0.310039 0.300652 0.289449 0.277932 0.269131 0.265549 0.262313 0.260466 0.257847 0.255143 0.249848 0.243688 0.238075 0.233512 0.231842 0.230205 0.227553 0.224192 0.221562 0.217746 0.208016 0.200702 0.194021 0.187307 0.181528 0.176446
-9999.0 -9999.0 -9999.0 -9999.0 -9999.0 0.107611 0.136087 0.142593 0.143027 0.140910 0.144482 0.157378 0.156583 0.159463 0.166026 0.170464 0.173454 0.178918 0.188921 0.199031 0.212258 0.224364 0.240625 0.256226 0.265352 0.275430 0.279160 0.271786 0.264401 0.253724 0.238396 0.225027 0.222775 0.223352 0.223742 0.223245 0.220857 0.218863 0.216142 0.210621 0.205865 0.204501 0.203565 0.202484 0.201314 0.200407 0.199610 0.199081 0.196187 0.193648 0.194747 0.194179 0.193754 0.193707 0.192291 0.191316 0.191027 0.184398 0.180283 0.180454 0.174441 0.170332 0.170405
-9999.0 -9999.0 -9999.0 -9999.0 -9999.0 -9999.0 0.104752 0.121697 0.136728 0.141214 0.148143 0.153560 0.146893 0.149661 0.152828 0.156479 0.161990 0.163111 0.166001 0.170077 0.175641 0.179503 0.186024 0.194489 0.195957 0.198576 0.202790 0.198504 0.195807 0.193963 0.185879 0.186394 0.185054 0.185777 0.186024 0.186701 0.185525 0.184394 0.183662 0.180204 0.179786 0.178745 0.178263 0.177776 0.177269 0.176960 0.176889 0.176898 0.174890 0.176022 0.176510 0.175983 0.175687 0.175942 0.175248 0.174087 0.174024 0.171266 0.170454 0.170019 0.165632 0.165175 0.164495
