tests/Borden05m/sims/sim_1/output-maps/thetaliqL0001N0013.asc
ncols         160
nrows         34
xllcorner     620200.000000
yllcorner     5168000.000000
cellsize      0.500000
NODATA_value  -9999.0
[rows 0 to 27 of 34, columns 0 to 62 of 160]
-9999.0 -9999.0 -9999.0 -9999.0 -9999.0 -9999.0 -9999.0 -9999.0 -9999.0 -9999.0 -9999.0 -9999.0 -9999.0 -9999.0 -9999.0 -9999.0 -9999.0 -9999.0 -9999.0 -9999.0 -9999.0 -9999.0 -9999.0 -9999.0 -9999.0 -9999.0 -9999.0 -9999.0 -9999.0 -9999.0 -9999.0 -9999.0 -9999.0 -9999.0 -9999.0 -9999.0 -9999.0 -9999.0 -9999.0 -9999.0 -9999.0 -9999.0 -9999.0 -9999.0 -9999.0 -9999.0 -9999.0 -9999.0 -9999.0 -9999.0 -9999.0 -9999.0 -9999.0 -9999.0 -9999.0 -9999.0 -9999.0 -9999.0 -9999.0 -9999.0 -9999.0 -9999.0 -9999.0
-9999.0 -9999.0 -9999.0 -9999.0 -9999.0 -9999.0 -9999.0 -9999.0 -9999.0 -9999.0 -9999.0 -9999.0 -9999.0 -9999.0 -9999.0 -9999.0 -9999.0 -9999.0 -9999.0 -9999.0 -9999.0 -9999.0 -9999.0 -9999.0 -9999.0 -9999.0 -9999.0 -9999.0 -9999.0 -9999.0 -9999.0 -9999.0 -9999.0 -9999.0 -9999.0 -9999.0 -9999.0 -9999.0 -9999.0 -9999.0 -9999.0 -9999.0 -9999.0 -9999.0 -9999.0 -9999.0 -9999.0 -9999.0 -9999.0 -9999.0 -9999.0 -9999.0 -9999.0 -9999.0 -9999.0 -9999.0 -9999.0 -9999.0 -9999.0 0.200662 0.199892 0.199374 0.199102
-9999.0 -9999.0 -9999.0 -9999.0 -9999.0 -9999.0 -9999.0 -9999.0 -9999.0 -9999.0 -9999.0 -9999.0 -9999.0 -9999.0 -9999.0 -9999.0 -9999.0 -9999.0 -9999.0 -9999.0 -9999.0 -9999.0 -9999.0 -9999.0 -9999.0 -9999.0 -9999.0 -9999.0 -9999.0 -9999.0 -9999.0 -9999.0 -9999.0 -9999.0 -9999.0 -9999.0 -9999.0 -9999.0 -9999.0 -9999.0 -9999.0 -9999.0 -9999.0 -9999.0 -9999.0 -9999.0 -9999.0 0.195220 0.193010 0.190367 0.189641 0.192557 0.193820 0.194982 0.195728 0.196418 0.197541 0.199695 0.199519 0.196304 0.196027 0.195985 0.196153
-9999.0 -9999.0 -9999.0 -9999.0 -9999.0 -9999.0 -9999.0 -9999.0 -9999.0 -9999.0 -9999.0 -9999.0 -9999.0 -9999.0 -9999.0 -9999.0 -9999.0 -9999.0 -9999.0 -9999.0 -9999.0 -9999.0 -9999.0 -9999.0 -9999.0 -9999.0 -9999.0 -9999.0 -9999.0 -9999.0 -9999.0 -9999.0 -9999.0 -9999.0 -9999.0 -9999.0 -9999.0 -9999.0 -9999.0 -9999.0 0.194741 0.195777 0.196655 0.195171 0.194584 0.194764 0.193251 0.191489 0.189679 0.190250 0.190273 0.188948 0.190901 0.192457 0.192939 0.193332 0.194678 0.197128 0.196938 0.194561 0.193165 0.192759 0.193073
-9999.0 -9999.0 -9999.0 -9999.0 -9999.0 -9999.0 -9999.0 -9999.0 -9999.0 -9999.0 -9999.0 -9999.0 -9999.0 -9999.0 -9999.0 -9999.0 -9999.0 -9999.0 -9999.0 -9999.0 -9999.0 -9999.0 -9999.0 -9999.0 -9999.0 -9999.0 -9999.0 -9999.0 -9999.0 -9999.0 -9999.0 -9999.0 -9999.0 -9999.0 0.190398 0.192260 0.193047 0.193787 0.194954 0.194482 0.194076 0.194973 0.194163 0.194149 0.193177 0.191362 0.189558 0.188570 0.189707 0.189350 0.189335 0.190247 0.190774 0.190918 0.192177 0.194271 0.193081 0.193538 0.193196 0.192229 0.193190 0.193969 0.194466
-9999.0 -9999.0 -9999.0 -9999.0 -9999.0 -9999.0 -9999.0 -9999.0 -9999.0 -9999.0 -9999.0 -9999.0 -9999.0 -9999.0 -9999.0 -9999.0 -9999.0 -9999.0 -9999.0 -9999.0 -9999.0 -9999.0 -9999.0 -9999.0 -9999.0 -9999.0 -9999.0 -9999.0 0.193314 0.192567 0.192001 0.192047 0.191780 0.190731 0.190423 0.190560 0.191512 0.193089 0.193297 0.193037 0.193124 0.192712 0.191598 0.191500 0.192767 0.191665 0.191174 0.190469 0.188616 0.188161 0.189204 0.190181 0.191000 0.191128 0.191154 0.191060 0.191082 0.193761 0.194410 0.192889 0.192087 0.191737 0.191979
-9999.0 -9999.0 -9999.0 -9999.0 -9999.0 -9999.0 -9999.0 -9999.0 -9999.0 -9999.0 -9999.0 -9999.0 -9999.0 -9999.0 -9999.0 -9999.0 -9999.0 -9999.0 -9999.0 -9999.0 -9999.0 -9999.0 -9999.0 0.192102 0.192791 0.193032 0.193627 0.193299 0.191810 0.190880 0.190483 0.190152 0.189370 0.189257 0.189202 0.189641 0.189936 0.191578 0.190644 0.190038 0.191483 0.191098 0.192069 0.193205 0.192950 0.193214 0.191157 0.189637 0.191266 0.191906 0.191781 0.191348 0.191792 0.192406 0.193180 0.194593 0.196424 0.197941 0.200594 0.198750 0.197493 0.195259 0.195509
-9999.0 -9999.0 -9999.0 -9999.0 -9999.0 -9999.0 -9999.0 -9999.0 -9999.0 -9999.0 -9999.0 -9999.0 -9999.0 -9999.0 -9999.0 -9999.0 -9999.0 -9999.0 -9999.0 0.192249 0.192024 0.191584 0.191735 0.190315 0.189709 0.190084 0.190812 0.190351 0.189544 0.188851 0.188930 0.189013 0.188821 0.189835 0.190636 0.190850 0.190537 0.191803 0.192120 0.192822 0.194829 0.193435 0.192106 0.191415 0.191357 0.190962 0.192189 0.192549 0.192617 0.192439 0.192403 0.192625 0.192694 0.194226 0.195608 0.196710 0.197748 0.199255 0.202304 0.200968 0.198575 0.196076 0.196124
-9999.0 -9999.0 -9999.0 -9999.0 -9999.0 -9999.0 -9999.0 -9999.0 -9999.0 -9999.0 -9999.0 -9999.0 -9999.0 -9999.0 -9999.0 -9999.0 0.192162 0.192034 0.191489 0.190604 0.189843 0.189812 0.190366 0.189312 0.188952 0.189158 0.188680 0.189164 0.189690 0.190333 0.190610 0.189842 0.189942 0.189784 0.189631 0.189891 0.191323 0.192625 0.192808 0.193734 0.195527 0.194390 0.193925 0.193976 0.193267 0.193791 0.196542 0.195987 0.194652 0.197534 0.199007 0.198302 0.197867 0.199616 0.202337 0.205936 0.212130 0.216311 0.221428 0.223810 0.218921 0.218262 0.220003
-9999.0 -9999.0 -9999.0 -9999.0 -9999.0 -9999.0 -9999.0 -9999.0 -9999.0 -9999.0 -9999.0 -9999.0 -9999.0 0.192043 0.191923 0.192047 0.190661 0.189602 0.188953 0.188055 0.189140 0.188319 0.188043 0.188208 0.189168 0.189155 0.189231 0.189818 0.189562 0.189217 0.188880 0.188225 0.188996 0.189753 0.190239 0.191340 0.192134 0.192710 0.193937 0.194032 0.194852 0.194427 0.193273 0.193002 0.193827 0.196337 0.198195 0.198737 0.202327 0.206147 0.207893 0.210272 0.211296 0.212709 0.216611 0.229494 0.247650 0.269788 0.287150 0.302224 0.304590 0.307475 0.309939
-9999.0 -9999.0 -9999.0 -9999.0 -9999.0 -9999.0 -9999.0 -9999.0 -9999.0 -9999.0 0.189974 0.190671 0.189647 0.187761 0.186929 0.187328 0.187743 0.187019 0.187007 0.188925 0.189964 0.188076 0.189311 0.189290 0.188463 0.188620 0.189085 0.189108 0.190260 0.190231 0.190168 0.192091 0.192508 0.192954 0.193602 0.194285 0.194830 0.197756 0.200263 0.199948 0.203676 0.206087 0.203936 0.203174 0.203673 0.206415 0.211005 0.217969 0.225610 0.237534 0.249677 0.259364 0.267953 0.279868 0.296287 0.315112 0.327867 0.337796 0.346324 0.350871 0.352661 0.353541 0.354610
-9999.0 -9999.0 -9999.0 -9999.0 -9999.0 -9999.0 -9999.0 -9999.0 0.187255 0.188322 0.189001 0.188146 0.187005 0.184957 0.185706 0.186437 0.186918 0.187650 0.187974 0.188224 0.187691 0.188303 0.189486 0.189087 0.189167 0.189924 0.189869 0.190521 0.191554 0.190895 0.191392 0.192300 0.193088 0.193772 0.194622 0.195029 0.198014 0.202121 0.206732 0.210793 0.216831 0.225057 0.224933 0.226647 0.228541 0.240893 0.261483 0.292983 0.314459 0.324654 0.333754 0.338612 0.342027 0.346282 0.351144 0.354829 0.358850 0.362940 0.365937 0.367409 0.368065 0.368300 0.368686
-9999.0 -9999.0 -9999.0 -9999.0 -9999.0 -9999.0 0.185695 0.188041 0.189183 0.186488 0.184472 0.183808 0.182620 0.185184 0.187496 0.187902 0.188205 0.188570 0.188273 0.186664 0.190195 0.189099 0.188294 0.189323 0.189147 0.189152 0.189748 0.191213 0.191755 0.194792 0.196963 0.198821 0.201447 0.203036 0.204771 0.206823 0.212763 0.222572 0.237258 0.255064 0.279799 0.305699 0.314304 0.317871 0.320773 0.325809 0.335327 0.345163 0.354113 0.360087 0.363262 0.364466 0.365470 0.366487 0.367530 0.368407 0.368875 0.369395 0.369706 0.369875 0.369949 0.369973 0.369998
-9999.0 -9999.0 -9999.0 -9999.0 0.187050 0.187545 0.187070 0.189114 0.190546 0.187238 0.188409 0.187835 0.186770 0.185455 0.183896 0.184962 0.185553 0.185928 0.185665 0.189083 0.191964 0.189850 0.191249 0.194101 0.193292 0.193501 0.193517 0.194717 0.197035 0.200020 0.207483 0.214687 0.219882 0.226967 0.234806 0.246389 0.269981 0.304971 0.321514 0.333113 0.343238 0.350543 0.354667 0.356409 0.358348 0.360445 0.362921 0.365671 0.367729 0.369071 0.369532 0.369735 0.369792 0.369875 0.369939 0.369995 0.369998 0.369999 0.370000 0.370000 0.370000 0.370000 0.370000
-9999.0 -9999.0 -9999.0 0.185696 0.187982 0.188782 0.187592 0.187948 0.189686 0.187900 0.187543 0.187242 0.187066 0.187078 0.186924 0.187527 0.187585 0.187008 0.187395 0.189353 0.190128 0.191693 0.192819 0.194716 0.196382 0.196930 0.197783 0.200242 0.206834 0.214890 0.232199 0.262099 0.296821 0.314750 0.321887 0.329849 0.337820 0.348202 0.355765 0.361066 0.364879 0.367098 0.368440 0.368764 0.368927 0.369170 0.369474 0.369749 0.369906 0.369997 0.369996 0.370000 0.370000 0.370000 0.370000 0.370000 0.370000 0.370000 0.370000 0.370000 0.370000 0.370000 0.370000
-9999.0 -9999.0 0.186169 0.187450 0.186492 0.188102 0.189883 0.188444 0.190605 0.191282 0.188946 0.190208 0.190832 0.189375 0.190230 0.191191 0.191612 0.189812 0.188457 0.190791 0.196016 0.200323 0.202530 0.214427 0.222085 0.227306 0.229814 0.238776 0.256137 0.297616 0.322063 0.338558 0.350511 0.357566 0.359890 0.362200 0.364933 0.366924 0.368434 0.369239 0.369690 0.369901 0.369995 0.369998 0.369989 0.369999 0.369999 0.370000 0.370000 0.370000 0.370000 0.370000 0.370000 0.370000 0.370000 0.370000 0.370000 0.370000 0.370000 0.370000 0.370000 0.370000 0.370000
-9999.0 -9999.0 0.184692 0.186827 0.185269 0.188663 0.191768 0.188441 0.189273 0.192516 0.191483 0.191757 0.191248 0.191387 0.192746 0.195701 0.193990 0.193348 0.189899 0.197674 0.204888 0.218746 0.251313 0.294467 0.317368 0.320618 0.322041 0.327227 0.335592 0.349745 0.360623 0.366524 0.368719 0.369411 0.369615 0.369761 0.369900 0.369994 0.369998 0.369998 0.370000 0.370000 0.370000 0.370000 0.370000 0.370000 0.370000 0.370000 0.370000 0.370000 0.370000 0.370000 0.370000 0.370000 0.370000 0.370000 0.370000 0.370000 0.370000 0.370000 0.370000 0.370000 0.370000
-9999.0 0.184276 0.185322 0.185352 0.187524 0.186710 0.189242 0.192972 0.192492 0.193672 0.193512 0.191095 0.198931 0.206063 0.208318 0.214978 0.211840 0.209676 0.205144 0.214248 0.233898 0.299713 0.344119 0.358572 0.363389 0.363993 0.363629 0.365152 0.367182 0.368877 0.369821 0.369997 0.370000 0.370000 0.370000 0.370000 0.370000 0.370000 0.370000 0.370000 0.370000 0.370000 0.370000 0.370000 0.370000 0.370000 0.370000 0.370000 0.370000 0.370000 0.370000 0.370000 0.370000 0.370000 0.370000 0.370000 0.370000 0.370000 0.370000 0.369999 0.369998 0.369997 0.369996
-9999.0 0.181047 0.185238 0.187737 0.186676 0.184842 0.190824 0.200049 0.196053 0.194661 0.194052 0.200154 0.221055 0.245172 0.266751 0.296056 0.294241 0.282521 0.284141 0.311624 0.333805 0.355726 0.368379 0.369875 0.369990 0.369994 0.369996 0.369999 0.370000 0.370000 0.370000 0.370000 0.370000 0.370000 0.370000 0.370000 0.370000 0.370000 0.370000 0.370000 0.370000 0.370000 0.370000 0.370000 0.370000 0.370000 0.370000 0.370000 0.370000 0.370000 0.370000 0.369999 0.369999 0.370000 0.370000 0.369999 0.369997 0.369993 0.369984 0.369964 0.369934 0.369910 0.369908
-9999.0 0.184495 0.189356 0.188052 0.184009 0.189785 0.191880 0.198017 0.202820 0.200722 0.209306 0.244396 0.305823 0.331927 0.345367 0.352394 0.356212 0.356393 0.360638 0.367011 0.369866 0.369996 0.370000 0.370000 0.370000 0.370000 0.370000 0.370000 0.370000 0.370000 0.370000 0.370000 0.370000 0.370000 0.370000 0.370000 0.370000 0.370000 0.370000 0.370000 0.370000 0.370000 0.370000 0.370000 0.370000 0.370000 0.369999 0.369999 0.369997 0.369995 0.369990 0.369985 0.369983 0.369982 0.369979 0.369964 0.369931 0.369874 0.369779 0.369643 0.369454 0.369220 0.369217
-9999.0 0.179087 0.185817 0.180112 0.188241 0.195106 0.193546 0.204430 0.218915 0.224589 0.283731 0.326371 0.351651 0.361525 0.365803 0.368308 0.369201 0.369691 0.369946 0.370000 0.370000 0.370000 0.370000 0.370000 0.370000 0.370000 0.370000 0.370000 0.370000 0.370000 0.370000 0.370000 0.370000 0.370000 0.370000 0.370000 0.370000 0.369999 0.369999 0.369997 0.369995 0.369993 0.369993 0.369995 0.369992 0.369989 0.369977 0.369961 0.369937 0.369905 0.369861 0.369813 0.369791 0.369750 0.369739 0.369660 0.369251 0.368772 0.368180 0.367377 0.366281 0.364358 0.364090
-9999.0 0.175170 0.179819 0.183479 0.190656 0.195680 0.201005 0.213792 0.249606 0.302488 0.334661 0.347206 0.360178 0.366959 0.369327 0.369757 0.369875 0.369914 0.369958 0.369987 0.369999 0.369999 0.370000 0.370000 0.370000 0.370000 0.369997 0.369991 0.369984 0.369983 0.369983 0.369983 0.369984 0.369983 0.369979 0.369978 0.369978 0.369962 0.369940 0.369916 0.369890 0.369852 0.369822 0.369804 0.369783 0.369769 0.369682 0.369537 0.369348 0.369160 0.368933 0.368725 0.368653 0.368502 0.368281 0.367816 0.366137 0.363707 0.361018 0.357485 0.350607 0.346729 0.343866
-9999.0 0.166785 0.181536 0.183453 0.187715 0.188843 0.189831 0.198392 0.214090 0.296052 0.354235 0.357308 0.360703 0.365108 0.368655 0.369698 0.369762 0.369427 0.369035 0.368923 0.369248 0.369509 0.369715 0.369871 0.369929 0.369943 0.369917 0.369862 0.369763 0.369696 0.369661 0.369579 0.369502 0.369497 0.369454 0.369512 0.369539 0.369358 0.369072 0.368644 0.368164 0.367736 0.367573 0.367600 0.367555 0.367370 0.366882 0.366127 0.365033 0.363870 0.362826 0.362037 0.361221 0.360036 0.358591 0.356911 0.351943 0.346710 0.339916 0.329194 0.314493 0.296554 0.286050
-9999.0 -9999.0 0.174688 0.183514 0.184652 0.185948 0.187105 0.193745 0.201120 0.234642 0.296641 0.324946 0.338239 0.350079 0.360874 0.365669 0.366125 0.366592 0.364468 0.364549 0.365154 0.365777 0.366709 0.367578 0.368193 0.368471 0.368550 0.368424 0.368003 0.367231 0.366117 0.365057 0.364264 0.363643 0.364359 0.365314 0.365150 0.364468 0.363229 0.361363 0.359580 0.357565 0.357059 0.357314 0.357332 0.356789 0.355733 0.353026 0.349795 0.346098 0.344111 0.342134 0.340184 0.336730 0.333145 0.329222 0.321785 0.312592 0.291734 0.255522 0.232178 0.217750 0.211240
-9999.0 -9999.0 0.165407 0.178921 0.185033 0.189369 0.188629 0.189480 0.199423 0.204381 0.213335 0.230739 0.252869 0.289704 0.313718 0.329064 0.334768 0.337169 0.336705 0.338844 0.344122 0.349201 0.352493 0.355211 0.357424 0.358987 0.360228 0.358648 0.356847 0.353762 0.349057 0.342817 0.339032 0.336907 0.338230 0.340572 0.339100 0.336077 0.331869 0.326986 0.323445 0.319952 0.319090 0.318836 0.318827 0.317973 0.316456 0.311251 0.301856 0.292623 0.284630 0.277606 0.273352 0.265461 0.256690 0.250781 0.239233 0.228305 0.220044 0.212694 0.205695 0.202376 0.199618
-9999.0 -9999.0 -9999.0 0.166765 0.175288 0.182035 0.184668 0.181138 0.183976 0.189005 0.192574 0.198321 0.202085 0.206594 0.214566 0.226743 0.234034 0.236122 0.235758 0.252485 0.265390 0.292836 0.311378 0.316444 0.320461 0.324320 0.325435 0.322585 0.319868 0.314474 0.300807 0.278245 0.264922 0.264509 0.264755 0.267396 0.263035 0.258670 0.250432 0.242781 0.236121 0.231266 0.229469 0.227858 0.227057 0.225754 0.224423 0.221672 0.218804 0.216388 0.214364 0.213843 0.213303 0.212298 0.211039 0.210212 0.208957 0.204836 0.202048 0.199526 0.197074 0.195000 0.193099
-9999.0 -9999.0 -9999.0 -9999.0 -9999.0 0.161690 0.178345 0.181731 0.181999 0.180803 0.182453 0.188904 0.187928 0.188815 0.191574 0.193080 0.193580 0.195364 0.199358 0.203248 0.208517 0.213072 0.220070 0.227183 0.231542 0.236961 0.238897 0.234580 0.230680 0.225083 0.217574 0.211325 0.210772 0.211245 0.211506 0.211336 0.210345 0.209653 0.208657 0.206264 0.204144 0.203715 0.203415 0.203010 0.202553 0.202217 0.201931 0.201818 0.200510 0.199292 0.199953 0.199735 0.199610 0.199721 0.199182 0.198961 0.199240 0.196289 0.194670 0.195356 0.192821 0.191173 0.191707
-9999.0 -9999.0 -9999.0 -9999.0 -9999.0 -9999.0 0.159822 0.170192 0.178642 0.181024 0.184675 0.187538 0.183709 0.185117 0.186553 0.187984 0.190253 0.190066 0.190935 0.192354 0.194407 0.195454 0.197944 0.201454 0.201494 0.202442 0.204432 0.202192 0.201043 0.200417 0.196382 0.196892 0.196349 0.196800 0.196973 0.197411 0.196939 0.196503 0.196288 0.194574 0.194510 0.194101 0.193966 0.193821 0.193672 0.193619 0.193669 0.193760 0.192726 0.193336 0.193604 0.193330 0.193220 0.193451 0.193246 0.192822 0.193031 0.191821 0.191689 0.191758 0.189698 0.189777 0.189726
