tests/Borden05m/sims/sim_1/output-maps/thetaliqL0003N0007.asc
ncols         160
nrows         34
xllcorner     620200.000000
yllcorner     5168000.000000
cellsize      0.500000
NODATA_value  -9999.0
[rows 0 to 27 of 34, columns 63 to 125 of 160]
-9999.0 -9999.0 -9999.0 -9999.0 -9999.0 -9999.0 -9999.0 -9999.0 -9999.0 -9999.0 -9999.0 -9999.0 -9999.0 -9999.0 -9999.0 -9999.0 -9999.0 -9999.0 -9999.0 -9999.0 -9999.0 -9999.0 -9999.0 -9999.0 -9999.0 -9999.0 -9999.0 -9999.0 -9999.0 -9999.0 -9999.0 -9999.0 -9999.0 -9999.0 -9999.0 -9999.0 -9999.0 -9999.0 -9999.0 -9999.0 -9999.0 -9999.0 -9999.0 -9999.0 -9999.0 -9999.0 -9999.0 -9999.0 -9999.0 -9999.0 -9999.0 -9999.0 -9999.0 -9999.0 -9999.0 -9999.0 -9999.0 -9999.0 -9999.0 -9999.0 -9999.0 -9999.0 -9999.0
0.231794 0.230062 0.227941 0.227686 0.227994 0.227593 0.226646 0.227774 0.229208 0.230396 0.232139 0.231683 0.231841 0.232514 0.232700 0.232407 0.231611 0.231131 0.230548 0.231552 0.229085 0.225840 0.223354 0.222874 0.225091 0.226358 0.226031 0.227148 0.229652 0.231715 0.232230 0.234717 0.234093 0.235039 0.236770 0.235406 0.235175 0.235519 0.236211 0.232549 -9999.0 -9999.0 -9999.0 -9999.0 -9999.0 -9999.0 -9999.0 -9999.0 -9999.0 -9999.0 -9999.0 -9999.0 -9999.0 -9999.0 -9999.0 -9999.0 -9999.0 -9999.0 -9999.0 -9999.0 -9999.0 -9999.0 -9999.0
0.226589 0.224011 0.223457 0.221505 0.220644 0.220414 0.219585 0.220146 0.223382 0.225632 0.226204 0.225626 0.225310 0.224533 0.224014 0.224200 0.223430 0.222735 0.221990 0.222279 0.224456 0.222061 0.220879 0.219674 0.218332 0.218790 0.219165 0.219291 0.222289 0.223321 0.223964 0.227942 0.231624 0.232504 0.230918 0.229283 0.229845 0.229864 0.228456 0.227124 0.227414 0.226826 0.226613 0.225160 0.227380 0.227227 0.229594 0.231506 0.233745 0.237223 -9999.0 -9999.0 -9999.0 -9999.0 -9999.0 -9999.0 -9999.0 -9999.0 -9999.0 -9999.0 -9999.0 -9999.0 -9999.0
0.222815 0.221969 0.220053 0.217044 0.220346 0.219853 0.219509 0.220058 0.221092 0.221524 0.221989 0.222671 0.225529 0.225230 0.224949 0.225107 0.224622 0.223716 0.223847 0.223381 0.220940 0.221355 0.221961 0.221385 0.223779 0.223886 0.225316 0.221033 0.221693 0.222607 0.223186 0.223507 0.223944 0.224677 0.222811 0.224242 0.222918 0.219822 0.219266 0.219766 0.222682 0.224185 0.222596 0.216667 0.219790 0.226315 0.225674 0.224472 0.227487 0.230421 0.234741 0.234066 0.233671 0.234182 0.235123 0.231604 0.229503 0.228061 0.222860 -9999.0 -9999.0 -9999.0 -9999.0
0.222692 0.220563 0.217926 0.223104 0.225118 0.223852 0.224404 0.225919 0.226039 0.219538 0.217837 0.220257 0.222763 0.223764 0.222527 0.221925 0.220779 0.220821 0.221565 0.220919 0.221920 0.222739 0.221509 0.223063 0.224873 0.226693 0.222723 0.219118 0.219365 0.222369 0.224486 0.225444 0.228401 0.233176 0.232360 0.231383 0.231102 0.230913 0.225396 0.220298 0.218295 0.217427 0.215909 0.217269 0.216095 0.221355 0.220881 0.219983 0.222378 0.224157 0.226487 0.228153 0.227839 0.228505 0.229428 0.228570 0.226121 0.224975 0.224358 0.222247 0.217691 0.208923 0.209543
0.216948 0.216937 0.221390 0.223630 0.227639 0.225876 0.225918 0.225735 0.221480 0.218300 0.216093 0.222643 0.227771 0.229300 0.227721 0.226323 0.230910 0.229536 0.229041 0.226285 0.227227 0.226574 0.231318 0.233045 0.235567 0.234573 0.229816 0.225803 0.225664 0.226119 0.225602 0.226655 0.229533 0.233225 0.230351 0.229366 0.230118 0.221942 0.215627 0.213614 0.218579 0.221439 0.221013 0.221569 0.221920 0.218488 0.219363 0.219744 0.218042 0.221971 0.225874 0.226227 0.222759 0.221636 0.223346 0.223178 0.223658 0.222283 0.220728 0.219693 0.211529 0.214345 0.209872
0.225833 0.227355 0.229392 0.233403 0.241623 0.239390 0.239621 0.242374 0.237853 0.233694 0.227081 0.234550 0.235920 0.237983 0.237157 0.242270 0.246810 0.243649 0.239523 0.234406 0.237353 0.243612 0.249363 0.250507 0.251097 0.252198 0.248060 0.247185 0.246443 0.247047 0.244191 0.244324 0.248595 0.256076 0.257088 0.254190 0.247706 0.236977 0.227006 0.221730 0.228890 0.226980 0.226160 0.227520 0.223448 0.221197 0.225049 0.221870 0.219399 0.224813 0.225248 0.224369 0.219884 0.225325 0.224561 0.220334 0.217660 0.216382 0.215418 0.213386 0.215511 0.214318 0.210583
0.228030 0.229295 0.234967 0.242838 0.251728 0.255654 0.258545 0.263616 0.260266 0.256830 0.252354 0.253697 0.259258 0.264032 0.269145 0.274904 0.282065 0.279719 0.275322 0.275076 0.277008 0.286049 0.294249 0.297980 0.300683 0.305242 0.303231 0.298315 0.291656 0.284054 0.277130 0.272074 0.279441 0.287319 0.286790 0.273958 0.264984 0.253363 0.241237 0.227636 0.228813 0.231770 0.234524 0.229560 0.227489 0.223175 0.222571 0.223366 0.218187 0.221208 0.221726 0.225290 0.230824 0.232348 0.227718 0.225362 0.222640 0.219671 0.217285 0.219446 0.220331 0.217920 0.215414
0.270120 0.270653 0.275062 0.293002 0.316101 0.333219 0.348336 0.350885 0.344600 0.338417 0.329359 0.324021 0.330824 0.338090 0.346342 0.355558 0.364414 0.368493 0.369252 0.369583 0.369765 0.369831 0.369873 0.369906 0.369929 0.369946 0.369947 0.369921 0.369875 0.369728 0.368852 0.366218 0.363916 0.365675 0.364740 0.353623 0.336194 0.319153 0.298302 0.278203 0.265556 0.268795 0.262955 0.257924 0.252252 0.238081 0.234942 0.233279 0.220932 0.219798 0.223857 0.229180 0.233347 0.226385 0.223590 0.221136 0.218303 0.214463 0.216525 0.219134 0.220075 0.219376 0.219417
0.343669 0.347297 0.356613 0.369323 0.369915 0.369984 0.369996 0.369998 0.369996 0.369992 0.369986 0.369978 0.369979 0.369991 0.369997 0.370000 0.370000 0.370000 0.370000 0.370000 0.370000 0.370000 0.370000 0.370000 0.370000 0.370000 0.370000 0.370000 0.370000 0.370000 0.370000 0.370000 0.370000 0.370000 0.370000 0.369999 0.369990 0.369953 0.369715 0.365626 0.344722 0.329157 0.317844 0.307337 0.283871 0.261752 0.247534 0.237192 0.225851 0.223990 0.238301 0.251770 0.245381 0.243405 0.240005 0.233802 0.228825 0.221948 0.223401 0.224838 0.224186 0.223322 0.222237
0.369996 0.369998 0.370000 0.370000 0.370000 0.370000 0.370000 0.370000 0.370000 0.370000 0.370000 0.370000 0.370000 0.370000 0.370000 0.370000 0.370000 0.370000 0.370000 0.370000 0.370000 0.370000 0.370000 0.370000 0.370000 0.370000 0.370000 0.370000 0.370000 0.370000 0.370000 0.370000 0.370000 0.370000 0.370000 0.370000 0.370000 0.370000 0.370000 0.370000 0.369996 0.369980 0.369959 0.369899 0.369576 0.357442 0.340313 0.322504 0.300627 0.276216 0.289251 0.280254 0.275162 0.268488 0.258668 0.250832 0.243986 0.236180 0.235808 0.236323 0.234928 0.234731 0.233215
0.370000 0.370000 0.370000 0.370000 0.370000 0.370000 0.370000 0.370000 0.370000 0.370000 0.370000 0.370000 0.370000 0.370000 0.370000 0.370000 0.370000 0.370000 0.370000 0.370000 0.370000 0.370000 0.370000 0.370000 0.370000 0.370000 0.370000 0.370000 0.370000 0.370000 0.370000 0.370000 0.370000 0.370000 0.370000 0.370000 0.370000 0.370000 0.370000 0.370000 0.370000 0.370000 0.370000 0.370000 0.370000 0.370000 0.369999 0.369990 0.369922 0.369253 0.357153 0.344485 0.334391 0.317265 0.299008 0.285480 0.268284 0.254381 0.246269 0.245570 0.244877 0.243383 0.240580
0.370000 0.370000 0.370000 0.370000 0.370000 0.370000 0.370000 0.370000 0.370000 0.370000 0.370000 0.370000 0.370000 0.370000 0.370000 0.370000 0.370000 0.370000 0.370000 0.370000 0.370000 0.370000 0.370000 0.370000 0.370000 0.370000 0.370000 0.370000 0.370000 0.370000 0.370000 0.370000 0.370000 0.370000 0.370000 0.370000 0.370000 0.370000 0.370000 0.370000 0.370000 0.370000 0.370000 0.370000 0.370000 0.370000 0.370000 0.370000 0.370000 0.370000 0.369999 0.369996 0.369986 0.369936 0.369749 0.368241 0.345039 0.319166 0.298757 0.288026 0.276131 0.266776 0.260820
0.370000 0.370000 0.370000 0.370000 0.370000 0.370000 0.370000 0.370000 0.370000 0.370000 0.370000 0.370000 0.370000 0.370000 0.370000 0.370000 0.370000 0.370000 0.370000 0.370000 0.370000 0.370000 0.370000 0.370000 0.370000 0.370000 0.370000 0.370000 0.370000 0.370000 0.370000 0.370000 0.370000 0.370000 0.370000 0.370000 0.370000 0.370000 0.370000 0.370000 0.370000 0.370000 0.370000 0.370000 0.370000 0.370000 0.370000 0.370000 0.370000 0.370000 0.370000 0.370000 0.370000 0.370000 0.370000 0.370000 0.369998 0.369964 0.369670 0.363909 0.338465 0.319773 0.302969
0.370000 0.370000 0.370000 0.370000 0.370000 0.370000 0.370000 0.370000 0.370000 0.370000 0.370000 0.370000 0.370000 0.370000 0.370000 0.370000 0.370000 0.370000 0.370000 0.370000 0.370000 0.370000 0.370000 0.370000 0.370000 0.370000 0.370000 0.370000 0.370000 0.370000 0.370000 0.370000 0.370000 0.370000 0.370000 0.370000 0.370000 0.370000 0.370000 0.370000 0.370000 0.370000 0.370000 0.370000 0.370000 0.370000 0.370000 0.370000 0.370000 0.370000 0.370000 0.370000 0.370000 0.370000 0.370000 0.370000 0.370000 0.370000 0.370000 0.370000 0.369992 0.369929 0.369335
0.370000 0.370000 0.370000 0.370000 0.370000 0.370000 0.370000 0.370000 0.370000 0.370000 0.370000 0.370000 0.370000 0.370000 0.370000 0.370000 0.370000 0.370000 0.370000 0.370000 0.370000 0.370000 0.370000 0.370000 0.370000 0.370000 0.370000 0.370000 0.370000 0.370000 0.370000 0.370000 0.370000 0.370000 0.370000 0.370000 0.370000 0.370000 0.370000 0.370000 0.370000 0.370000 0.370000 0.370000 0.370000 0.370000 0.370000 0.370000 0.370000 0.370000 0.370000 0.370000 0.370000 0.370000 0.370000 0.370000 0.370000 0.370000 0.370000 0.370000 0.370000 0.370000 0.370000
0.370000 0.370000 0.370000 0.370000 0.370000 0.370000 0.370000 0.370000 0.370000 0.370000 0.370000 0.370000 0.370000 0.370000 0.370000 0.370000 0.370000 0.370000 0.370000 0.370000 0.370000 0.370000 0.370000 0.370000 0.370000 0.370000 0.370000 0.370000 0.370000 0.370000 0.370000 0.370000 0.370000 0.370000 0.370000 0.370000 0.370000 0.370000 0.370000 0.370000 0.370000 0.370000 0.370000 0.370000 0.370000 0.370000 0.370000 0.370000 0.370000 0.370000 0.370000 0.370000 0.370000 0.370000 0.370000 0.370000 0.370000 0.370000 0.370000 0.370000 0.370000 0.370000 0.370000
0.370000 0.370000 0.370000 0.370000 0.370000 0.370000 0.370000 0.370000 0.370000 0.370000 0.370000 0.370000 0.370000 0.370000 0.370000 0.370000 0.370000 0.370000 0.370000 0.370000 0.370000 0.370000 0.370000 0.370000 0.370000 0.370000 0.370000 0.370000 0.370000 0.370000 0.370000 0.370000 0.370000 0.370000 0.370000 0.370000 0.370000 0.370000 0.370000 0.370000 0.370000 0.370000 0.370000 0.370000 0.370000 0.370000 0.370000 0.370000 0.370000 0.370000 0.370000 0.370000 0.370000 0.370000 0.370000 0.370000 0.370000 0.370000 0.370000 0.370000 0.370000 0.370000 0.370000
0.370000 0.370000 0.370000 0.370000 0.370000 0.370000 0.370000 0.370000 0.370000 0.370000 0.370000 0.370000 0.370000 0.370000 0.370000 0.370000 0.370000 0.369999 0.369998 0.369998 0.369999 0.369999 0.369998 0.369997 0.369997 0.369996 0.369998 0.370000 0.370000 0.370000 0.370000 0.370000 0.370000 0.370000 0.370000 0.370000 0.370000 0.370000 0.370000 0.370000 0.370000 0.370000 0.370000 0.370000 0.370000 0.370000 0.370000 0.370000 0.370000 0.370000 0.370000 0.370000 0.370000 0.370000 0.370000 0.370000 0.370000 0.370000 0.370000 0.370000 0.370000 0.370000 0.370000
0.370000 0.370000 0.370000 0.370000 0.370000 0.370000 0.370000 0.369998 0.369994 0.369980 0.369966 0.369955 0.369959 0.369918 0.369710 0.367647 0.360980 0.356418 0.349570 0.347571 0.350271 0.355629 0.350334 0.346592 0.347290 0.345474 0.344986 0.353434 0.365102 0.369297 0.369805 0.369903 0.369929 0.369944 0.369982 0.369993 0.369999 0.370000 0.370000 0.370000 0.370000 0.370000 0.370000 0.370000 0.370000 0.370000 0.370000 0.370000 0.370000 0.370000 0.370000 0.370000 0.370000 0.370000 0.370000 0.370000 0.370000 0.370000 0.370000 0.370000 0.370000 0.370000 0.370000
0.370000 0.370000 0.370000 0.369990 0.369913 0.369513 0.360839 0.347856 0.335744 0.319720 0.309764 0.309934 0.312599 0.307768 0.296071 0.286024 0.280801 0.276304 0.269736 0.265760 0.270094 0.274152 0.273763 0.273632 0.275134 0.274859 0.274006 0.272964 0.280019 0.285329 0.291770 0.296844 0.299793 0.313846 0.327799 0.337637 0.353531 0.368867 0.369884 0.369983 0.369998 0.370000 0.370000 0.370000 0.370000 0.370000 0.370000 0.370000 0.370000 0.370000 0.370000 0.370000 0.370000 0.370000 0.370000 0.370000 0.370000 0.370000 0.370000 0.370000 0.370000 0.370000 0.370000
0.369975 0.369805 0.364836 0.332988 0.313013 0.297232 0.283129 0.273247 0.262753 0.252903 0.246323 0.251112 0.253260 0.257435 0.251133 0.246318 0.245618 0.241288 0.237499 0.231928 0.236474 0.238243 0.243522 0.242842 0.242831 0.245179 0.243954 0.243438 0.239663 0.243136 0.244881 0.246984 0.255936 0.264013 0.272255 0.279018 0.286876 0.299098 0.316169 0.333254 0.352408 0.368293 0.369849 0.369978 0.369998 0.370000 0.370000 0.370000 0.370000 0.370000 0.370000 0.370000 0.370000 0.370000 0.370000 0.370000 0.370000 0.370000 0.370000 0.370000 0.370000 0.370000 0.370000
0.313330 0.296170 0.270159 0.260356 0.255048 0.248210 0.243339 0.239816 0.233277 0.228791 0.221253 0.224344 0.228422 0.234381 0.229561 0.229049 0.230304 0.227613 0.224749 0.219792 0.220541 0.224471 0.229159 0.228789 0.229655 0.232360 0.232441 0.230255 0.225753 0.226698 0.229327 0.231734 0.236708 0.241211 0.245610 0.249313 0.254769 0.261366 0.268806 0.278309 0.289844 0.299438 0.316130 0.334455 0.352671 0.367597 0.369791 0.369970 0.369994 0.370000 0.370000 0.370000 0.370000 0.370000 0.370000 0.370000 0.370000 0.370000 0.370000 0.370000 0.370000 0.370000 0.370000
0.243628 0.235385 0.232878 0.230487 0.227409 0.224849 0.221986 0.219415 0.217385 0.213812 0.206314 0.209569 0.213943 0.218919 0.219148 0.218677 0.219187 0.218142 0.214759 0.208678 0.211285 0.214932 0.218195 0.219153 0.219717 0.221773 0.220255 0.217154 0.212700 0.214547 0.217838 0.219498 0.221598 0.224824 0.228220 0.231547 0.235422 0.239283 0.244680 0.250790 0.257733 0.265477 0.274307 0.285171 0.290409 0.298665 0.310160 0.325696 0.341013 0.361617 0.369624 0.369954 0.369998 0.370000 0.370000 0.370000 0.370000 0.370000 0.370000 0.370000 0.370000 0.370000 0.370000
0.228641 0.223789 0.220918 0.218758 0.220422 0.219515 0.216174 0.216611 0.214933 0.208877 0.211316 0.213100 0.218147 0.217094 0.216807 0.215618 0.216495 0.215760 0.209761 0.212945 0.214222 0.217678 0.218187 0.218855 0.219360 0.219957 0.219258 0.214994 0.215931 0.216998 0.220098 0.220008 0.221089 0.224539 0.225329 0.227236 0.230048 0.233004 0.236545 0.240891 0.247113 0.253449 0.259520 0.260910 0.264916 0.268325 0.264508 0.272122 0.278902 0.287074 0.303326 0.320839 0.347431 0.369475 0.369987 0.370000 0.370000 0.370000 0.370000 0.370000 0.370000 0.370000 0.370000
0.216524 0.212787 0.208920 0.211415 0.211926 0.211890 0.211272 0.210174 0.207557 0.211012 0.211462 0.211175 0.210781 0.210749 0.211178 0.210576 0.210234 0.210465 0.213038 0.213379 0.212535 0.213426 0.214106 0.214894 0.213865 0.214093 0.214184 0.215121 0.214993 0.214263 0.215733 0.216106 0.216459 0.217836 0.218735 0.219898 0.222262 0.223986 0.226222 0.230377 0.235556 0.239003 0.239061 0.241786 0.242940 0.240347 0.238159 0.241959 0.245731 0.248667 0.256440 0.264385 0.273105 0.302237 0.340159 0.369307 0.369965 0.370000 0.370000 0.370000 0.370000 0.370000 0.370000
0.213223 0.209935 0.209453 0.211339 0.211611 0.211657 0.209626 0.207727 0.209844 0.210637 0.210513 0.209687 0.210556 0.210906 0.212036 0.210957 0.210431 0.210748 0.211023 0.210857 0.211657 0.212212 0.212663 0.215317 0.213859 0.213732 0.214658 0.214253 0.213951 0.213207 0.214935 0.215506 0.215613 0.217056 0.217852 0.218709 0.219984 0.222201 0.226620 0.229879 0.234261 0.238480 0.238997 0.239539 0.238387 0.237392 0.232471 0.232327 0.237294 0.235948 0.239477 0.245837 0.245753 0.260234 0.281118 0.300641 0.327406 0.360466 0.369824 0.369994 0.370000 0.370000 0.370000
0.209087 0.209528 0.207944 0.208461 0.208340 0.207316 0.206059 0.207682 0.207597 0.207461 0.207576 0.207100 0.207913 0.208559 0.209220 0.208845 0.208781 0.207624 0.207596 0.208786 0.208892 0.209604 0.211150 0.213251 0.211865 0.211595 0.211629 0.211134 0.211188 0.210395 0.211835 0.212920 0.213178 0.214993 0.215735 0.214714 0.216708 0.220171 0.223615 0.225829 0.229500 0.235605 0.233445 0.233153 0.234006 0.229971 0.225090 0.224999 0.226581 0.225196 0.228418 0.230289 0.229772 0.237859 0.244413 0.252509 0.265250 0.288034 0.320610 0.347696 0.369381 0.369963 0.369999
