tests/Borden05m/sims/sim_1/output-maps/thetaliqL0003N0017.asc
ncols         160
nrows         34
xllcorner     620200.000000
yllcorner     5168000.000000
cellsize      0.500000
NODATA_value  -9999.0
[rows 0 to 27 of 34, columns 63 to 125 of 160]
-9999.0 -9999.0 -9999.0 -9999.0 -9999.0 -9999.0 -9999.0 -9999.0 -9999.0 -9999.0 -9999.0 -9999.0 -9999.0 -9999.0 -9999.0 -9999.0 -9999.0 -9999.0 -9999.0 -9999.0 -9999.0 -9999.0 -9999.0 -9999.0 -9999.0 -9999.0 -9999.0 -9999.0 -9999.0 -9999.0 -9999.0 -9999.0 -9999.0 -9999.0 -9999.0 -9999.0 -9999.0 -9999.0 -9999.0 -9999.0 -9999.0 -9999.0 -9999.0 -9999.0 -9999.0 -9999.0 -9999.0 -9999.0 -9999.0 -9999.0 -9999.0 -9999.0 -9999.0 -9999.0 -9999.0 -9999.0 -9999.0 -9999.0 -9999.0 -9999.0 -9999.0 -9999.0 -9999.0
0.195404 0.194295 0.193028 0.192798 0.192919 0.192698 0.192229 0.192904 0.193798 0.194577 0.195630 0.195477 0.195624 0.196023 0.196129 0.195941 0.195452 0.195119 0.194734 0.195176 0.193742 0.191879 0.190462 0.190166 0.191339 0.192058 0.191964 0.192665 0.194173 0.195496 0.196021 0.197623 0.197510 0.198168 0.199152 0.198343 0.198109 0.198156 0.198346 0.196205 -9999.0 -9999.0 -9999.0 -9999.0 -9999.0 -9999.0 -9999.0 -9999.0 -9999.0 -9999.0 -9999.0 -9999.0 -9999.0 -9999.0 -9999.0 -9999.0 -9999.0 -9999.0 -9999.0 -9999.0 -9999.0 -9999.0 -9999.0
0.192434 0.190961 0.190556 0.189485 0.189034 0.188917 0.188515 0.188877 0.190655 0.191936 0.192335 0.192116 0.192024 0.191662 0.191397 0.191472 0.191019 0.190592 0.190143 0.190236 0.191274 0.189932 0.189244 0.188596 0.187934 0.188207 0.188437 0.188556 0.190239 0.190958 0.191502 0.193838 0.196025 0.196640 0.195797 0.194839 0.195002 0.194825 0.193862 0.192926 0.192773 0.192306 0.192081 0.191276 0.192493 0.192575 0.193999 0.195228 0.196688 0.198789 -9999.0 -9999.0 -9999.0 -9999.0 -9999.0 -9999.0 -9999.0 -9999.0 -9999.0 -9999.0 -9999.0 -9999.0 -9999.0
0.190291 0.189785 0.188751 0.187229 0.188967 0.188752 0.188610 0.188943 0.189527 0.189766 0.190057 0.190513 0.192125 0.192047 0.191921 0.191997 0.191710 0.191186 0.191201 0.190902 0.189590 0.189774 0.190082 0.189813 0.191107 0.191196 0.191911 0.189655 0.190053 0.190661 0.191133 0.191509 0.191949 0.192482 0.191490 0.192142 0.191260 0.189386 0.188823 0.188855 0.190186 0.190842 0.189917 0.186834 0.188474 0.191960 0.191774 0.191304 0.193086 0.194863 0.197279 0.197011 0.196812 0.197053 0.197431 0.195303 0.193882 0.192817 0.189909 -9999.0 -9999.0 -9999.0 -9999.0
0.190260 0.189159 0.187868 0.190678 0.191898 0.191326 0.191665 0.192477 0.192475 0.188994 0.188098 0.189487 0.190985 0.191642 0.191042 0.190748 0.190162 0.190150 0.190488 0.190099 0.190623 0.191103 0.190556 0.191477 0.192531 0.193495 0.191274 0.189253 0.189371 0.191040 0.192302 0.193012 0.194849 0.197645 0.197194 0.196501 0.196047 0.195488 0.192124 0.189152 0.187960 0.187421 0.186560 0.187183 0.186598 0.189335 0.189157 0.188766 0.190135 0.191257 0.192653 0.193627 0.193468 0.193783 0.194166 0.193494 0.191944 0.191056 0.190424 0.188959 0.186357 0.181834 0.182131
0.187642 0.187736 0.190255 0.191755 0.194210 0.193439 0.193543 0.193442 0.191018 0.189141 0.187924 0.191560 0.194574 0.195627 0.194905 0.194295 0.196909 0.196130 0.195744 0.194161 0.194730 0.194580 0.197425 0.198605 0.200141 0.199556 0.196694 0.194292 0.194130 0.194397 0.194181 0.194924 0.196811 0.199153 0.197530 0.196679 0.196550 0.191452 0.187507 0.186085 0.188512 0.189915 0.189608 0.189805 0.189879 0.188041 0.188459 0.188644 0.187820 0.189995 0.192189 0.192462 0.190639 0.190013 0.190787 0.190490 0.190477 0.189502 0.188441 0.187631 0.183338 0.184577 0.182365
0.193292 0.194328 0.195849 0.198653 0.203919 0.203086 0.203487 0.205149 0.202267 0.199546 0.195697 0.200034 0.201229 0.202817 0.202747 0.206212 0.209364 0.207445 0.204771 0.201691 0.203570 0.207766 0.211880 0.213011 0.213593 0.214290 0.211341 0.210394 0.209694 0.209898 0.208080 0.208256 0.211367 0.216636 0.217169 0.214372 0.209132 0.201551 0.194956 0.191471 0.195033 0.193899 0.193323 0.193823 0.191413 0.189984 0.191823 0.190046 0.188702 0.191595 0.191970 0.191609 0.189291 0.192076 0.191494 0.189038 0.187376 0.186457 0.185745 0.184552 0.185450 0.184750 0.182874
0.196765 0.197876 0.201843 0.207699 0.214997 0.219534 0.223408 0.227629 0.224401 0.220724 0.216673 0.217495 0.222387 0.227585 0.233711 0.240899 0.248876 0.246552 0.242138 0.241582 0.243563 0.252756 0.261847 0.265799 0.268310 0.272704 0.269431 0.263522 0.256814 0.250412 0.245021 0.241122 0.248750 0.257277 0.255622 0.240524 0.228590 0.216662 0.206645 0.197489 0.197442 0.198796 0.200002 0.196795 0.195079 0.192173 0.191446 0.191533 0.188576 0.190139 0.190569 0.192641 0.195668 0.196360 0.193595 0.191964 0.190169 0.188326 0.186904 0.187860 0.188199 0.186892 0.185599
0.232877 0.235062 0.241628 0.261161 0.290564 0.311597 0.324348 0.326447 0.322553 0.317533 0.308519 0.303186 0.311440 0.319072 0.325011 0.329513 0.333488 0.336154 0.335940 0.335966 0.336772 0.337799 0.339622 0.341716 0.343762 0.345934 0.346639 0.344051 0.341177 0.337799 0.334514 0.333503 0.332555 0.334467 0.334196 0.327359 0.315347 0.294554 0.265634 0.243711 0.230264 0.229774 0.223602 0.218460 0.212967 0.203045 0.200144 0.198406 0.191167 0.190430 0.192835 0.196027 0.198337 0.194260 0.192292 0.190481 0.188522 0.186167 0.187016 0.188245 0.188633 0.188181 0.188144
0.323735 0.326046 0.328683 0.339608 0.350344 0.357911 0.362260 0.363585 0.362470 0.361027 0.359134 0.357202 0.357162 0.359540 0.362005 0.363959 0.365021 0.365361 0.365203 0.365214 0.365310 0.365589 0.365766 0.366117 0.366620 0.367326 0.368026 0.367892 0.366935 0.365862 0.364202 0.363160 0.362649 0.361834 0.361724 0.361639 0.357655 0.351806 0.342747 0.331445 0.322318 0.310197 0.294751 0.277858 0.248936 0.228007 0.214319 0.205103 0.196967 0.195487 0.204011 0.212252 0.208142 0.206260 0.203407 0.199020 0.195475 0.191190 0.191634 0.192224 0.191733 0.191133 0.190433
0.361852 0.362783 0.363886 0.365730 0.367997 0.369250 0.369745 0.369816 0.369772 0.369668 0.369527 0.369396 0.369328 0.369423 0.369557 0.369707 0.369801 0.369857 0.369863 0.369859 0.369863 0.369876 0.369877 0.369886 0.369902 0.369937 0.369959 0.369959 0.369943 0.369884 0.369763 0.369588 0.369415 0.369269 0.369233 0.369235 0.369214 0.368637 0.367037 0.362901 0.357902 0.352596 0.348670 0.343962 0.339090 0.325570 0.316152 0.295183 0.265067 0.242022 0.255463 0.245665 0.238008 0.229300 0.219801 0.212818 0.206977 0.201261 0.200396 0.200327 0.199249 0.198841 0.197711
0.369622 0.369727 0.369815 0.369904 0.369958 0.369992 0.370000 0.370000 0.370000 0.370000 0.370000 0.370000 0.369999 0.370000 0.370000 0.370000 0.370000 0.370000 0.370000 0.370000 0.370000 0.370000 0.370000 0.370000 0.370000 0.370000 0.370000 0.370000 0.370000 0.370000 0.370000 0.369998 0.369992 0.369988 0.369985 0.369984 0.369981 0.369969 0.369902 0.369606 0.368827 0.367683 0.366401 0.365178 0.364146 0.363136 0.361097 0.356325 0.346421 0.334485 0.328419 0.324073 0.316148 0.296655 0.271661 0.253371 0.233148 0.218275 0.210927 0.209491 0.208171 0.206554 0.204288
0.370000 0.370000 0.370000 0.370000 0.370000 0.370000 0.370000 0.370000 0.370000 0.370000 0.370000 0.370000 0.370000 0.370000 0.370000 0.370000 0.370000 0.370000 0.370000 0.370000 0.370000 0.370000 0.370000 0.370000 0.370000 0.370000 0.370000 0.370000 0.370000 0.370000 0.370000 0.370000 0.370000 0.370000 0.370000 0.370000 0.370000 0.370000 0.370000 0.369998 0.369975 0.369886 0.369757 0.369659 0.369579 0.369498 0.369231 0.368632 0.367387 0.364569 0.359189 0.356786 0.353089 0.346218 0.339543 0.334240 0.320731 0.297495 0.270701 0.257173 0.241071 0.229147 0.222318
0.370000 0.370000 0.370000 0.370000 0.370000 0.370000 0.370000 0.370000 0.370000 0.370000 0.370000 0.370000 0.370000 0.370000 0.370000 0.370000 0.370000 0.370000 0.370000 0.370000 0.370000 0.370000 0.370000 0.370000 0.370000 0.370000 0.370000 0.370000 0.370000 0.370000 0.370000 0.370000 0.370000 0.370000 0.370000 0.370000 0.370000 0.370000 0.370000 0.370000 0.370000 0.370000 0.369998 0.369995 0.369995 0.369993 0.369988 0.369955 0.369850 0.369503 0.368576 0.367608 0.366753 0.365996 0.365050 0.363504 0.358195 0.349566 0.339830 0.331895 0.320002 0.302942 0.281323
0.370000 0.370000 0.370000 0.370000 0.370000 0.370000 0.370000 0.370000 0.370000 0.370000 0.370000 0.370000 0.370000 0.370000 0.370000 0.370000 0.370000 0.370000 0.370000 0.370000 0.370000 0.370000 0.370000 0.370000 0.370000 0.370000 0.370000 0.370000 0.370000 0.370000 0.370000 0.370000 0.370000 0.370000 0.370000 0.370000 0.370000 0.370000 0.370000 0.370000 0.370000 0.370000 0.370000 0.370000 0.370000 0.370000 0.370000 0.370000 0.369998 0.369987 0.369931 0.369777 0.369674 0.369586 0.369448 0.369260 0.368257 0.366217 0.362720 0.358527 0.353107 0.346298 0.338307
0.370000 0.370000 0.370000 0.370000 0.370000 0.370000 0.370000 0.370000 0.370000 0.370000 0.370000 0.370000 0.370000 0.370000 0.370000 0.369999 0.369999 0.370000 0.370000 0.370000 0.370000 0.370000 0.370000 0.369999 0.369999 0.369999 0.369999 0.370000 0.370000 0.370000 0.370000 0.370000 0.370000 0.370000 0.370000 0.370000 0.370000 0.370000 0.370000 0.370000 0.370000 0.370000 0.370000 0.370000 0.370000 0.370000 0.370000 0.370000 0.370000 0.370000 0.370000 0.369997 0.369994 0.369990 0.369980 0.369971 0.369898 0.369624 0.368935 0.367682 0.365772 0.363283 0.359874
0.370000 0.370000 0.370000 0.370000 0.370000 0.370000 0.370000 0.370000 0.370000 0.370000 0.370000 0.369999 0.369992 0.369980 0.369955 0.369944 0.369932 0.369925 0.369952 0.369976 0.369982 0.369967 0.369951 0.369915 0.369885 0.369874 0.369883 0.369920 0.369963 0.369983 0.369984 0.369976 0.369964 0.369958 0.369958 0.369976 0.369995 0.369999 0.370000 0.370000 0.370000 0.370000 0.370000 0.370000 0.370000 0.370000 0.370000 0.370000 0.370000 0.370000 0.370000 0.370000 0.370000 0.370000 0.370000 0.370000 0.369998 0.369982 0.369920 0.369737 0.369414 0.368949 0.367990
0.370000 0.370000 0.369999 0.369998 0.369993 0.369984 0.369967 0.369960 0.369956 0.369960 0.369932 0.369884 0.369743 0.369553 0.369270 0.369066 0.368902 0.368732 0.368971 0.369352 0.369509 0.369219 0.368965 0.368522 0.368252 0.368114 0.368167 0.368549 0.369220 0.369550 0.369626 0.369516 0.369400 0.369344 0.369351 0.369473 0.369713 0.369873 0.369948 0.369977 0.369990 0.369995 0.369998 0.370000 0.370000 0.370000 0.370000 0.370000 0.370000 0.370000 0.370000 0.370000 0.370000 0.370000 0.370000 0.370000 0.370000 0.370000 0.369999 0.369987 0.369957 0.369894 0.369778
0.369977 0.369968 0.369947 0.369734 0.369537 0.369216 0.368830 0.368673 0.368426 0.368305 0.367861 0.367426 0.366604 0.365241 0.363427 0.361478 0.360774 0.360119 0.359503 0.361178 0.361833 0.361353 0.360210 0.358893 0.358138 0.357657 0.358361 0.360545 0.362398 0.363873 0.364445 0.363823 0.364371 0.364947 0.364976 0.366332 0.367363 0.368312 0.369053 0.369516 0.369684 0.369782 0.369862 0.369932 0.369973 0.369993 0.369999 0.370000 0.370000 0.370000 0.370000 0.370000 0.370000 0.370000 0.370000 0.370000 0.370000 0.370000 0.370000 0.370000 0.370000 0.369998 0.369991
0.369707 0.369637 0.369058 0.367336 0.364961 0.363006 0.360144 0.358598 0.357116 0.352630 0.349257 0.346771 0.346928 0.343286 0.337766 0.332856 0.330614 0.329130 0.325716 0.324628 0.325953 0.329058 0.326392 0.324842 0.325631 0.324711 0.324038 0.327338 0.332303 0.335074 0.337817 0.340314 0.341765 0.343722 0.350326 0.353833 0.356884 0.360433 0.363468 0.365794 0.367180 0.367892 0.368516 0.369116 0.369478 0.369755 0.369909 0.369979 0.369995 0.369999 0.370000 0.370000 0.370000 0.370000 0.370000 0.370000 0.370000 0.370000 0.370000 0.370000 0.370000 0.370000 0.370000
0.366548 0.365606 0.360832 0.353143 0.344558 0.337717 0.329562 0.324081 0.313908 0.293813 0.278353 0.278039 0.281879 0.277302 0.264848 0.254557 0.247911 0.241701 0.234263 0.230158 0.233933 0.238096 0.238207 0.238108 0.239574 0.239482 0.239040 0.239351 0.246737 0.252620 0.259384 0.265527 0.271581 0.292171 0.310694 0.321190 0.329912 0.337365 0.345070 0.351859 0.356400 0.359176 0.362011 0.364398 0.366319 0.367749 0.368844 0.369527 0.369796 0.369891 0.369944 0.369976 0.369995 0.369999 0.370000 0.370000 0.370000 0.370000 0.370000 0.370000 0.370000 0.370000 0.370000
0.350196 0.341784 0.328111 0.310783 0.287887 0.266285 0.249119 0.236097 0.224242 0.215013 0.209711 0.212577 0.214318 0.217018 0.212552 0.209032 0.208042 0.204890 0.202122 0.198682 0.201360 0.202748 0.206119 0.205935 0.206107 0.207609 0.206897 0.206604 0.204601 0.207022 0.208634 0.210682 0.217504 0.225132 0.234540 0.244724 0.258505 0.277683 0.300265 0.318763 0.330553 0.337809 0.344346 0.350598 0.355363 0.359203 0.362746 0.365731 0.367468 0.368397 0.369069 0.369448 0.369770 0.369933 0.369985 0.369999 0.370000 0.370000 0.370000 0.370000 0.370000 0.370000 0.370000
0.280971 0.257633 0.233661 0.222377 0.216048 0.210220 0.206125 0.203019 0.198455 0.195301 0.190909 0.192543 0.194907 0.198280 0.195586 0.195118 0.195586 0.193884 0.192087 0.189328 0.189796 0.192080 0.194839 0.194843 0.195455 0.197027 0.197056 0.195788 0.193333 0.193993 0.195723 0.197496 0.200929 0.204360 0.207938 0.211325 0.216241 0.222717 0.231178 0.244353 0.263273 0.280992 0.303320 0.321572 0.331549 0.336915 0.342888 0.350796 0.355513 0.359633 0.362901 0.364909 0.367296 0.368839 0.369656 0.369928 0.369989 0.369997 0.370000 0.370000 0.370000 0.370000 0.370000
0.207660 0.201428 0.198929 0.196751 0.194496 0.192619 0.190643 0.188897 0.187463 0.185323 0.181385 0.183019 0.185345 0.187975 0.188088 0.187793 0.187976 0.187315 0.185460 0.182349 0.183704 0.185702 0.187544 0.188180 0.188582 0.189709 0.188918 0.187255 0.184956 0.185987 0.187883 0.189033 0.190523 0.192721 0.195107 0.197570 0.200509 0.203658 0.207984 0.213200 0.219674 0.227608 0.238215 0.253659 0.265274 0.278669 0.292532 0.310235 0.323058 0.332244 0.340789 0.348485 0.356144 0.362924 0.366888 0.368805 0.369618 0.369858 0.369944 0.369980 0.369997 0.370000 0.370000
0.194732 0.191503 0.189521 0.188076 0.188643 0.187930 0.186016 0.186005 0.184966 0.181840 0.182940 0.183834 0.186384 0.185945 0.185819 0.185215 0.185611 0.185189 0.182195 0.183731 0.184427 0.186257 0.186656 0.187106 0.187441 0.187794 0.187440 0.185285 0.185748 0.186368 0.188091 0.188264 0.189089 0.191205 0.192022 0.193489 0.195552 0.197832 0.200614 0.204081 0.208911 0.214052 0.219162 0.221284 0.225146 0.228615 0.226939 0.235171 0.245369 0.258852 0.280569 0.304125 0.323808 0.339916 0.353192 0.361759 0.366157 0.368452 0.369190 0.369632 0.369861 0.369958 0.369990
0.186543 0.184295 0.182118 0.183169 0.183292 0.183145 0.182705 0.182054 0.180694 0.182279 0.182468 0.182340 0.182195 0.182208 0.182428 0.182130 0.181956 0.182055 0.183283 0.183476 0.183133 0.183660 0.184091 0.184567 0.184125 0.184278 0.184342 0.184804 0.184769 0.184479 0.185326 0.185662 0.186028 0.186961 0.187695 0.188624 0.190256 0.191665 0.193470 0.196447 0.200144 0.202897 0.203545 0.205554 0.206483 0.205013 0.203734 0.206335 0.209329 0.212211 0.218963 0.227583 0.241221 0.279805 0.318727 0.338849 0.351087 0.359388 0.363983 0.366669 0.368223 0.369279 0.369714
0.183878 0.182043 0.181633 0.182436 0.182483 0.182422 0.181370 0.180399 0.181354 0.181707 0.181636 0.181244 0.181674 0.181860 0.182414 0.181903 0.181654 0.181813 0.181967 0.181925 0.182360 0.182703 0.183007 0.184365 0.183716 0.183695 0.184176 0.184007 0.183892 0.183584 0.184520 0.184919 0.185120 0.186023 0.186650 0.187361 0.188369 0.189961 0.192816 0.195199 0.198281 0.201267 0.201958 0.202471 0.201842 0.201098 0.198161 0.198120 0.201143 0.200768 0.203393 0.208004 0.209380 0.221810 0.245889 0.275455 0.309811 0.330208 0.346927 0.354693 0.360997 0.365208 0.367658
0.181275 0.181329 0.180459 0.180628 0.180511 0.179975 0.179332 0.180061 0.180002 0.179928 0.179975 0.179748 0.180142 0.180464 0.180791 0.180622 0.180599 0.180070 0.180085 0.180686 0.180786 0.181190 0.182004 0.183084 0.182475 0.182385 0.182440 0.182234 0.182291 0.181952 0.182721 0.183340 0.183578 0.184620 0.185184 0.184941 0.186268 0.188440 0.190719 0.192444 0.194995 0.198829 0.197922 0.197846 0.198238 0.195782 0.192876 0.192688 0.193589 0.192977 0.194925 0.196375 0.196721 0.202353 0.207925 0.215537 0.229630 0.261072 0.304520 0.326116 0.340070 0.350730 0.357752
