tests/Borden05m/sims/sim_1/output-maps/thetaliqL0001N0012.asc
ncols         160
nrows         34
xllcorner     620200.000000
yllcorner     5168000.000000
cellsize      0.500000
NODATA_value  -9999.0
[rows 0 to 27 of 34, columns 0 to 62 of 160]
-9999.0 -9999.0 -9999.0 -9999.0 -9999.0 -9999.0 -9999.0 -9999.0 -9999.0 -9999.0 -9999.0 -9999.0 -9999.0 -9999.0 -9999.0 -9999.0 -9999.0 -9999.0 -9999.0 -9999.0 -9999.0 -9999.0 -9999.0 -9999.0 -9999.0 -9999.0 -9999.0 -9999.0 -9999.0 -9999.0 -9999.0 -9999.0 -9999.0 -9999.0 -9999.0 -9999.0 -9999.0 -9999.0 -9999.0 -9999.0 -9999.0 -9999.0 -9999.0 -9999.0 -9999.0 -9999.0 -9999.0 -9999.0 -9999.0 -9999.0 -9999.0 -9999.0 -9999.0 -9999.0 -9999.0 -9999.0 -9999.0 -9999.0 -9999.0 -9999.0 -9999.0 -9999.0 -9999.0
-9999.0 -9999.0 -9999.0 -9999.0 -9999.0 -9999.0 -9999.0 -9999.0 -9999.0 -9999.0 -9999.0 -9999.0 -9999.0 -9999.0 -9999.0 -9999.0 -9999.0 -9999.0 -9999.0 -9999.0 -9999.0 -9999.0 -9999.0 -9999.0 -9999.0 -9999.0 -9999.0 -9999.0 -9999.0 -9999.0 -9999.0 -9999.0 -9999.0 -9999.0 -9999.0 -9999.0 -9999.0 -9999.0 -9999.0 -9999.0 -9999.0 -9999.0 -9999.0 -9999.0 -9999.0 -9999.0 -9999.0 -9999.0 -9999.0 -9999.0 -9999.0 -9999.0 -9999.0 -9999.0 -9999.0 -9999.0 -9999.0 -9999.0 -9999.0 0.207710 0.206921 0.206398 0.206131
-9999.0 -9999.0 -9999.0 -9999.0 -9999.0 -9999.0 -9999.0 -9999.0 -9999.0 -9999.0 -9999.0 -9999.0 -9999.0 -9999.0 -9999.0 -9999.0 -9999.0 -9999.0 -9999.0 -9999.0 -9999.0 -9999.0 -9999.0 -9999.0 -9999.0 -9999.0 -9999.0 -9999.0 -9999.0 -9999.0 -9999.0 -9999.0 -9999.0 -9999.0 -9999.0 -9999.0 -9999.0 -9999.0 -9999.0 -9999.0 -9999.0 -9999.0 -9999.0 -9999.0 -9999.0 -9999.0 -9999.0 0.202317 0.200010 0.197241 0.196473 0.199522 0.200818 0.201999 0.202741 0.203422 0.204553 0.206763 0.206565 0.203211 0.202933 0.202901 0.203086
-9999.0 -9999.0 -9999.0 -9999.0 -9999.0 -9999.0 -9999.0 -9999.0 -9999.0 -9999.0 -9999.0 -9999.0 -9999.0 -9999.0 -9999.0 -9999.0 -9999.0 -9999.0 -9999.0 -9999.0 -9999.0 -9999.0 -9999.0 -9999.0 -9999.0 -9999.0 -9999.0 -9999.0 -9999.0 -9999.0 -9999.0 -9999.0 -9999.0 -9999.0 -9999.0 -9999.0 -9999.0 -9999.0 -9999.0 -9999.0 0.201713 0.202794 0.203715 0.202176 0.201582 0.201795 0.200233 0.198401 0.196511 0.197120 0.197140 0.195727 0.197757 0.199361 0.199832 0.200207 0.201581 0.204111 0.203901 0.201426 0.199976 0.199558 0.199892
-9999.0 -9999.0 -9999.0 -9999.0 -9999.0 -9999.0 -9999.0 -9999.0 -9999.0 -9999.0 -9999.0 -9999.0 -9999.0 -9999.0 -9999.0 -9999.0 -9999.0 -9999.0 -9999.0 -9999.0 -9999.0 -9999.0 -9999.0 -9999.0 -9999.0 -9999.0 -9999.0 -9999.0 -9999.0 -9999.0 -9999.0 -9999.0 -9999.0 -9999.0 0.197285 0.199230 0.200034 0.200785 0.201987 0.201474 0.201033 0.201966 0.201121 0.201117 0.200115 0.198229 0.196353 0.195330 0.196539 0.196166 0.196143 0.197088 0.197620 0.197743 0.199034 0.201195 0.199917 0.200369 0.199999 0.198992 0.200007 0.200828 0.201349
-9999.0 -9999.0 -9999.0 -9999.0 -9999.0 -9999.0 -9999.0 -9999.0 -9999.0 -9999.0 -9999.0 -9999.0 -9999.0 -9999.0 -9999.0 -9999.0 -9999.0 -9999.0 -9999.0 -9999.0 -9999.0 -9999.0 -9999.0 -9999.0 -9999.0 -9999.0 -9999.0 -9999.0 0.200366 0.199584 0.198993 0.199043 0.198762 0.197654 0.197319 0.197446 0.198425 0.200058 0.200255 0.199967 0.200046 0.199609 0.198441 0.198344 0.199684 0.198542 0.198042 0.197313 0.195368 0.194887 0.195977 0.196990 0.197829 0.197938 0.197935 0.197799 0.197791 0.200564 0.201222 0.199636 0.198809 0.198453 0.198708
-9999.0 -9999.0 -9999.0 -9999.0 -9999.0 -9999.0 -9999.0 -9999.0 -9999.0 -9999.0 -9999.0 -9999.0 -9999.0 -9999.0 -9999.0 -9999.0 -9999.0 -9999.0 -9999.0 -9999.0 -9999.0 -9999.0 -9999.0 0.199121 0.199842 0.200089 0.200710 0.200361 0.198793 0.197815 0.197399 0.197052 0.196225 0.196100 0.196030 0.196477 0.196766 0.198470 0.197467 0.196813 0.198317 0.197908 0.198929 0.200122 0.199858 0.200143 0.197989 0.196396 0.198106 0.198770 0.198628 0.198157 0.198601 0.199213 0.199986 0.201417 0.203280 0.204811 0.207535 0.205622 0.204337 0.202028 0.202294
-9999.0 -9999.0 -9999.0 -9999.0 -9999.0 -9999.0 -9999.0 -9999.0 -9999.0 -9999.0 -9999.0 -9999.0 -9999.0 -9999.0 -9999.0 -9999.0 -9999.0 -9999.0 -9999.0 0.199307 0.199068 0.198601 0.198756 0.197250 0.196606 0.196995 0.197756 0.197267 0.196413 0.195682 0.195764 0.195849 0.195640 0.196700 0.197530 0.197735 0.197382 0.198686 0.198992 0.199706 0.201789 0.200324 0.198932 0.198208 0.198147 0.197728 0.199005 0.199374 0.199434 0.199228 0.199170 0.199384 0.199430 0.200993 0.202383 0.203466 0.204472 0.205968 0.209074 0.207688 0.205242 0.202672 0.202722
-9999.0 -9999.0 -9999.0 -9999.0 -9999.0 -9999.0 -9999.0 -9999.0 -9999.0 -9999.0 -9999.0 -9999.0 -9999.0 -9999.0 -9999.0 -9999.0 0.199244 0.199106 0.198526 0.197584 0.196776 0.196739 0.197319 0.196201 0.195815 0.196026 0.195515 0.196018 0.196567 0.197239 0.197524 0.196708 0.196802 0.196622 0.196443 0.196692 0.198168 0.199501 0.199660 0.200599 0.202449 0.201251 0.200764 0.200817 0.200066 0.200593 0.203439 0.202831 0.201405 0.204370 0.205866 0.205101 0.204615 0.206379 0.209119 0.212723 0.218948 0.223050 0.228085 0.230405 0.225504 0.224860 0.226597
-9999.0 -9999.0 -9999.0 -9999.0 -9999.0 -9999.0 -9999.0 -9999.0 -9999.0 -9999.0 -9999.0 -9999.0 -9999.0 0.199154 0.199023 0.199147 0.197673 0.196549 0.195858 0.194902 0.196040 0.195167 0.194869 0.195036 0.196042 0.196020 0.196090 0.196698 0.196417 0.196041 0.195675 0.194968 0.195763 0.196540 0.197026 0.198152 0.198946 0.199503 0.200740 0.200798 0.201616 0.201151 0.199944 0.199657 0.200500 0.203076 0.204953 0.205454 0.209109 0.212980 0.214703 0.217074 0.218052 0.219394 0.223194 0.235921 0.253356 0.274149 0.291431 0.307355 0.309883 0.312932 0.315570
-9999.0 -9999.0 -9999.0 -9999.0 -9999.0 -9999.0 -9999.0 -9999.0 -9999.0 -9999.0 0.196991 0.197727 0.196642 0.194639 0.193753 0.194168 0.194600 0.193826 0.193806 0.195824 0.196910 0.194906 0.196199 0.196167 0.195283 0.195437 0.195913 0.195920 0.197115 0.197064 0.196973 0.198969 0.199377 0.199813 0.200457 0.201129 0.201639 0.204617 0.207145 0.206744 0.210530 0.212964 0.210735 0.209943 0.210437 0.213191 0.217769 0.224667 0.232225 0.243968 0.255566 0.264577 0.272542 0.284029 0.301262 0.321228 0.332518 0.341118 0.348699 0.352849 0.354513 0.355363 0.356251
-9999.0 -9999.0 -9999.0 -9999.0 -9999.0 -9999.0 -9999.0 -9999.0 0.194117 0.195247 0.195963 0.195057 0.193848 0.191673 0.192462 0.193229 0.193729 0.194494 0.194825 0.195075 0.194495 0.195126 0.196359 0.195921 0.195991 0.196772 0.196695 0.197355 0.198409 0.197679 0.198158 0.199064 0.199843 0.200514 0.201354 0.201719 0.204740 0.208884 0.213519 0.217550 0.223517 0.231616 0.231436 0.233171 0.235072 0.247049 0.266254 0.297832 0.320699 0.329835 0.337604 0.341726 0.344688 0.348516 0.352998 0.356413 0.359968 0.363631 0.366363 0.367719 0.368343 0.368603 0.368857
-9999.0 -9999.0 -9999.0 -9999.0 -9999.0 -9999.0 0.192471 0.194951 0.196154 0.193297 0.191156 0.190450 0.189187 0.191908 0.194351 0.194771 0.195080 0.195455 0.195125 0.193401 0.197105 0.195925 0.195052 0.196109 0.195902 0.195885 0.196485 0.197987 0.198504 0.201616 0.203796 0.205638 0.208281 0.209851 0.211572 0.213591 0.219502 0.229160 0.243563 0.260319 0.283980 0.311171 0.320324 0.323995 0.326594 0.330841 0.339008 0.347797 0.355836 0.361095 0.363893 0.364941 0.365859 0.366804 0.367769 0.368578 0.368982 0.369440 0.369727 0.369901 0.369962 0.369988 0.369999
-9999.0 -9999.0 -9999.0 -9999.0 0.193929 0.194445 0.193928 0.196080 0.197583 0.194076 0.195311 0.194700 0.193568 0.192171 0.190512 0.191632 0.192247 0.192630 0.192333 0.195910 0.198910 0.196642 0.198070 0.201018 0.200130 0.200315 0.200293 0.201490 0.203822 0.206808 0.214368 0.221547 0.226581 0.233547 0.241238 0.252234 0.274241 0.310789 0.326927 0.337022 0.345930 0.352565 0.356308 0.357863 0.359560 0.361387 0.363588 0.366083 0.367952 0.369170 0.369603 0.369739 0.369807 0.369889 0.369948 0.369997 0.369999 0.370000 0.369999 0.370000 0.370000 0.370000 0.370000
-9999.0 -9999.0 -9999.0 0.192505 0.194919 0.195752 0.194471 0.194830 0.196651 0.194746 0.194360 0.194030 0.193832 0.193835 0.193658 0.194282 0.194331 0.193711 0.194097 0.196118 0.196872 0.198445 0.199550 0.201448 0.203117 0.203635 0.204471 0.206941 0.213601 0.221577 0.238709 0.266950 0.301860 0.320798 0.327390 0.334241 0.341209 0.350541 0.357259 0.361935 0.365365 0.367379 0.368597 0.368876 0.369022 0.369226 0.369522 0.369777 0.369918 0.369998 0.370000 0.369999 0.370000 0.370000 0.370000 0.370000 0.370000 0.370000 0.370000 0.370000 0.370000 0.370000 0.370000
-9999.0 -9999.0 0.193023 0.194372 0.193339 0.195021 0.196880 0.195329 0.197584 0.198271 0.195784 0.197094 0.197728 0.196167 0.197044 0.198031 0.198461 0.196557 0.195107 0.197490 0.202854 0.207197 0.209312 0.221296 0.228914 0.234079 0.236501 0.245159 0.261288 0.303029 0.327258 0.341640 0.352368 0.358820 0.360943 0.363085 0.365588 0.367250 0.368535 0.369323 0.369730 0.369915 0.369996 0.369998 0.369990 0.370000 0.369999 0.370000 0.370000 0.370000 0.370000 0.370000 0.370000 0.370000 0.370000 0.370000 0.370000 0.370000 0.370000 0.370000 0.370000 0.370000 0.370000
-9999.0 -9999.0 0.191456 0.193714 0.192036 0.195601 0.198849 0.195285 0.196121 0.199499 0.198373 0.198620 0.198025 0.198111 0.199487 0.202532 0.200733 0.200055 0.196412 0.204442 0.211741 0.225534 0.257250 0.299590 0.323123 0.326312 0.327540 0.331912 0.339055 0.351818 0.361615 0.366854 0.368846 0.369475 0.369659 0.369790 0.369912 0.369995 0.369987 0.370000 0.370000 0.370000 0.370000 0.370000 0.370000 0.370000 0.370000 0.370000 0.370000 0.370000 0.370000 0.370000 0.370000 0.370000 0.370000 0.370000 0.370000 0.370000 0.370000 0.370000 0.370000 0.370000 0.370000
-9999.0 0.191029 0.192131 0.192147 0.194424 0.193517 0.196138 0.200001 0.199428 0.200607 0.200374 0.197749 0.205802 0.213051 0.215233 0.221914 0.218678 0.216484 0.211797 0.220947 0.240285 0.305743 0.346382 0.360063 0.364106 0.364601 0.364243 0.365610 0.367452 0.368993 0.369844 0.369997 0.370000 0.370000 0.370000 0.370000 0.370000 0.370000 0.370000 0.370000 0.370000 0.370000 0.370000 0.370000 0.370000 0.370000 0.370000 0.370000 0.370000 0.370000 0.370000 0.370000 0.370000 0.370000 0.370000 0.370000 0.370000 0.370000 0.370000 0.369999 0.369998 0.369997 0.369997
-9999.0 0.187595 0.192046 0.194678 0.193518 0.191511 0.197754 0.207350 0.203031 0.201474 0.200721 0.206896 0.228029 0.251775 0.272066 0.301567 0.299259 0.286736 0.288205 0.317397 0.337398 0.357136 0.368768 0.369987 0.369992 0.369995 0.369997 0.369999 0.370000 0.370000 0.370000 0.370000 0.370000 0.370000 0.370000 0.370000 0.370000 0.370000 0.370000 0.370000 0.370000 0.370000 0.370000 0.370000 0.370000 0.370000 0.370000 0.370000 0.370000 0.370000 0.370000 0.370000 0.370000 0.370000 0.370000 0.369999 0.369998 0.369994 0.369988 0.369971 0.369944 0.369923 0.369921
-9999.0 0.191265 0.196422 0.195012 0.190668 0.196720 0.198823 0.205091 0.209868 0.207493 0.216073 0.251006 0.313211 0.336483 0.348732 0.355981 0.360154 0.360335 0.363286 0.367701 0.369912 0.369997 0.370000 0.370000 0.370000 0.370000 0.370000 0.370000 0.370000 0.370000 0.370000 0.370000 0.370000 0.370000 0.370000 0.370000 0.370000 0.370000 0.370000 0.370000 0.370000 0.370000 0.370000 0.370000 0.370000 0.370000 0.370000 0.369999 0.369998 0.369997 0.369995 0.369991 0.369989 0.369989 0.369985 0.369972 0.369943 0.369895 0.369813 0.369692 0.369524 0.369314 0.369310
-9999.0 0.185497 0.192660 0.186553 0.195130 0.202323 0.200525 0.211632 0.226121 0.231264 0.289675 0.331358 0.354235 0.363262 0.367034 0.368872 0.369488 0.369810 0.369970 0.370000 0.370000 0.370000 0.370000 0.370000 0.370000 0.370000 0.370000 0.370000 0.370000 0.370000 0.370000 0.370000 0.370000 0.370000 0.370000 0.370000 0.370000 0.370000 0.369999 0.369998 0.369996 0.369994 0.369994 0.369996 0.369994 0.369992 0.369987 0.369973 0.369952 0.369927 0.369893 0.369853 0.369832 0.369797 0.369784 0.369713 0.369353 0.368928 0.368405 0.367692 0.366721 0.364996 0.364751
-9999.0 0.181328 0.186273 0.190127 0.197689 0.202920 0.208318 0.221248 0.256642 0.308706 0.338779 0.350116 0.361785 0.367724 0.369547 0.369849 0.369927 0.369952 0.369977 0.369994 0.370000 0.369999 0.370000 0.370000 0.370000 0.370000 0.369999 0.369993 0.369988 0.369987 0.369986 0.369986 0.369987 0.369986 0.369982 0.369982 0.369983 0.369969 0.369950 0.369928 0.369905 0.369873 0.369847 0.369833 0.369817 0.369810 0.369743 0.369617 0.369450 0.369286 0.369090 0.368907 0.368841 0.368706 0.368508 0.368098 0.366617 0.364474 0.362101 0.359010 0.353000 0.349443 0.346775
-9999.0 0.172365 0.188110 0.190112 0.194592 0.195723 0.196648 0.205427 0.221170 0.302368 0.356183 0.359012 0.362165 0.366233 0.369062 0.369812 0.369859 0.369645 0.369382 0.369262 0.369443 0.369608 0.369767 0.369895 0.369943 0.369955 0.369937 0.369888 0.369801 0.369740 0.369707 0.369631 0.369560 0.369554 0.369516 0.369570 0.369597 0.369434 0.369177 0.368795 0.368370 0.367994 0.367856 0.367888 0.367857 0.367704 0.367280 0.366606 0.365623 0.364581 0.363649 0.362948 0.362229 0.361188 0.359934 0.358507 0.354219 0.349663 0.343510 0.333939 0.320903 0.301814 0.290671
-9999.0 -9999.0 0.180802 0.190197 0.191366 0.192694 0.193836 0.200712 0.208157 0.241888 0.303542 0.330340 0.341954 0.352883 0.363018 0.367062 0.367533 0.367867 0.366462 0.366129 0.366203 0.366497 0.367205 0.367927 0.368454 0.368698 0.368774 0.368654 0.368270 0.367568 0.366546 0.365565 0.364828 0.364254 0.364901 0.365771 0.365630 0.365029 0.363944 0.362321 0.360794 0.359066 0.358654 0.358897 0.358923 0.358454 0.357523 0.355096 0.352148 0.348786 0.346957 0.345156 0.343427 0.340387 0.337290 0.333964 0.327543 0.319008 0.296513 0.260676 0.238596 0.224411 0.217993
-9999.0 -9999.0 0.170893 0.185313 0.191792 0.196365 0.195517 0.196308 0.206656 0.211593 0.220577 0.238126 0.259604 0.295781 0.320642 0.334532 0.339730 0.341829 0.341146 0.342602 0.347030 0.351613 0.354654 0.357071 0.358997 0.360358 0.361464 0.360061 0.358469 0.355722 0.351415 0.345673 0.342229 0.340359 0.341514 0.343581 0.342301 0.339719 0.336148 0.332031 0.329072 0.326116 0.325408 0.325202 0.325191 0.324404 0.322897 0.317561 0.307378 0.297392 0.289054 0.281981 0.277870 0.270312 0.262075 0.256578 0.245546 0.234851 0.226769 0.219545 0.212532 0.209238 0.206485
-9999.0 -9999.0 -9999.0 0.172346 0.181431 0.188596 0.191362 0.187547 0.190477 0.195728 0.199412 0.205349 0.209151 0.213689 0.221806 0.234140 0.241389 0.243362 0.242842 0.258895 0.270693 0.298212 0.317960 0.322999 0.326546 0.329860 0.330815 0.328366 0.326012 0.321020 0.306560 0.282679 0.269774 0.269491 0.269749 0.272350 0.268210 0.264153 0.256428 0.249190 0.242766 0.237985 0.236195 0.234591 0.233797 0.232489 0.231145 0.228374 0.225530 0.223147 0.221138 0.220645 0.220124 0.219139 0.217897 0.217095 0.215870 0.211708 0.208916 0.206394 0.203935 0.201849 0.199924
-9999.0 -9999.0 -9999.0 -9999.0 -9999.0 0.166895 0.184670 0.188257 0.188496 0.187174 0.188884 0.195684 0.194604 0.195501 0.198367 0.199901 0.200377 0.202197 0.206304 0.210233 0.215547 0.220038 0.227016 0.234126 0.238454 0.243799 0.245677 0.241422 0.237552 0.231934 0.224401 0.218150 0.217648 0.218145 0.218414 0.218243 0.217254 0.216577 0.215598 0.213181 0.211031 0.210610 0.210312 0.209905 0.209444 0.209107 0.208820 0.208718 0.207382 0.206134 0.206832 0.206614 0.206493 0.206620 0.206079 0.205871 0.206196 0.203168 0.201528 0.202298 0.199692 0.198008 0.198610
-9999.0 -9999.0 -9999.0 -9999.0 -9999.0 -9999.0 0.164910 0.175973 0.184982 0.187498 0.191354 0.194362 0.190271 0.191741 0.193240 0.194735 0.197116 0.196890 0.197764 0.199205 0.201299 0.202330 0.204860 0.208448 0.208443 0.209393 0.211436 0.209126 0.207955 0.207331 0.203169 0.203733 0.203182 0.203656 0.203839 0.204302 0.203820 0.203378 0.203169 0.201397 0.201348 0.200932 0.200800 0.200656 0.200508 0.200460 0.200518 0.200621 0.199545 0.200192 0.200475 0.200191 0.200080 0.200329 0.200125 0.199693 0.199930 0.198686 0.198575 0.198673 0.196533 0.196645 0.196614
