tests/Borden05m/sims/sim_1/output-maps/thetaliqL0003N0007.asc
ncols         160
nrows         34
xllcorner     620200.000000
yllcorner     5168000.000000
cellsize      0.500000
NODATA_value  -9999.0
[rows 0 to 27 of 34, columns 0 to 62 of 160]
-9999.0 -9999.0 -9999.0 -9999.0 -9999.0 -9999.0 -9999.0 -9999.0 -9999.0 -9999.0 -9999.0 -9999.0 -9999.0 -9999.0 -9999.0 -9999.0 -9999.0 -9999.0 -9999.0 -9999.0 -9999.0 -9999.0 -9999.0 -9999.0 -9999.0 -9999.0 -9999.0 -9999.0 -9999.0 -9999.0 -9999.0 -9999.0 -9999.0 -9999.0 -9999.0 -9999.0 -9999.0 -9999.0 -9999.0 -9999.0 -9999.0 -9999.0 -9999.0 -9999.0 -9999.0 -9999.0 -9999.0 -9999.0 -9999.0 -9999.0 -9999.0 -9999.0 -9999.0 -9999.0 -9999.0 -9999.0 -9999.0 -9999.0 -9999.0 -9999.0 -9999.0 -9999.0 -9999.0
-9999.0 -9999.0 -9999.0 -9999.0 -9999.0 -9999.0 -9999.0 -9999.0 -9999.0 -9999.0 -9999.0 -9999.0 -9999.0 -9999.0 -9999.0 -9999.0 -9999.0 -9999.0 -9999.0 -9999.0 -9999.0 -9999.0 -9999.0 -9999.0 -9999.0 -9999.0 -9999.0 -9999.0 -9999.0 -9999.0 -9999.0 -9999.0 -9999.0 -9999.0 -9999.0 -9999.0 -9999.0 -9999.0 -9999.0 -9999.0 -9999.0 -9999.0 -9999.0 -9999.0 -9999.0 -9999.0 -9999.0 -9999.0 -9999.0 -9999.0 -9999.0 -9999.0 -9999.0 -9999.0 -9999.0 -9999.0 -9999.0 -9999.0 -9999.0 0.237344 0.235695 0.234619 0.234094
-9999.0 -9999.0 -9999.0 -9999.0 -9999.0 -9999.0 -9999.0 -9999.0 -9999.0 -9999.0 -9999.0 -9999.0 -9999.0 -9999.0 -9999.0 -9999.0 -9999.0 -9999.0 -9999.0 -9999.0 -9999.0 -9999.0 -9999.0 -9999.0 -9999.0 -9999.0 -9999.0 -9999.0 -9999.0 -9999.0 -9999.0 -9999.0 -9999.0 -9999.0 -9999.0 -9999.0 -9999.0 -9999.0 -9999.0 -9999.0 -9999.0 -9999.0 -9999.0 -9999.0 -9999.0 -9999.0 -9999.0 0.226026 0.220760 0.214400 0.212564 0.219615 0.222574 0.225235 0.226864 0.228320 0.230745 0.235506 0.235036 0.227705 0.227111 0.227065 0.227505
-9999.0 -9999.0 -9999.0 -9999.0 -9999.0 -9999.0 -9999.0 -9999.0 -9999.0 -9999.0 -9999.0 -9999.0 -9999.0 -9999.0 -9999.0 -9999.0 -9999.0 -9999.0 -9999.0 -9999.0 -9999.0 -9999.0 -9999.0 -9999.0 -9999.0 -9999.0 -9999.0 -9999.0 -9999.0 -9999.0 -9999.0 -9999.0 -9999.0 -9999.0 -9999.0 -9999.0 -9999.0 -9999.0 -9999.0 -9999.0 0.224611 0.227038 0.229072 0.225660 0.224338 0.224816 0.221257 0.217052 0.212701 0.214124 0.214171 0.210852 0.215544 0.219256 0.220329 0.221133 0.224198 0.229783 0.229296 0.223832 0.220610 0.219636 0.220407
-9999.0 -9999.0 -9999.0 -9999.0 -9999.0 -9999.0 -9999.0 -9999.0 -9999.0 -9999.0 -9999.0 -9999.0 -9999.0 -9999.0 -9999.0 -9999.0 -9999.0 -9999.0 -9999.0 -9999.0 -9999.0 -9999.0 -9999.0 -9999.0 -9999.0 -9999.0 -9999.0 -9999.0 -9999.0 -9999.0 -9999.0 -9999.0 -9999.0 -9999.0 0.214465 0.218979 0.220827 0.222544 0.225271 0.224104 0.223092 0.225191 0.223278 0.223282 0.221011 0.216650 0.212308 0.209934 0.212766 0.211905 0.211848 0.214030 0.215278 0.215549 0.218508 0.223412 0.220501 0.221478 0.220631 0.218372 0.220695 0.222558 0.223729
-9999.0 -9999.0 -9999.0 -9999.0 -9999.0 -9999.0 -9999.0 -9999.0 -9999.0 -9999.0 -9999.0 -9999.0 -9999.0 -9999.0 -9999.0 -9999.0 -9999.0 -9999.0 -9999.0 -9999.0 -9999.0 -9999.0 -9999.0 -9999.0 -9999.0 -9999.0 -9999.0 -9999.0 0.221621 0.219815 0.218450 0.218569 0.217914 0.215342 0.214562 0.214853 0.217116 0.220889 0.221342 0.220683 0.220867 0.219862 0.217177 0.216967 0.220043 0.217414 0.216248 0.214546 0.210010 0.208856 0.211396 0.213769 0.215724 0.215977 0.215969 0.215508 0.215576 0.221793 0.223199 0.219667 0.217857 0.217104 0.217691
-9999.0 -9999.0 -9999.0 -9999.0 -9999.0 -9999.0 -9999.0 -9999.0 -9999.0 -9999.0 -9999.0 -9999.0 -9999.0 -9999.0 -9999.0 -9999.0 -9999.0 -9999.0 -9999.0 -9999.0 -9999.0 -9999.0 -9999.0 0.218715 0.220374 0.220951 0.222395 0.221590 0.217974 0.215702 0.214739 0.213930 0.211988 0.211707 0.211536 0.212583 0.213266 0.217238 0.214921 0.213379 0.216826 0.215917 0.218310 0.221031 0.220438 0.221065 0.216086 0.212361 0.216255 0.217750 0.217426 0.216359 0.217381 0.218738 0.220419 0.223536 0.227539 0.230771 0.236461 0.232400 0.229712 0.224752 0.225341
-9999.0 -9999.0 -9999.0 -9999.0 -9999.0 -9999.0 -9999.0 -9999.0 -9999.0 -9999.0 -9999.0 -9999.0 -9999.0 -9999.0 -9999.0 -9999.0 -9999.0 -9999.0 -9999.0 0.219139 0.218586 0.217506 0.217877 0.214346 0.212835 0.213751 0.215537 0.214411 0.212405 0.210708 0.210898 0.211099 0.210627 0.213101 0.215038 0.215520 0.214690 0.217705 0.218397 0.219995 0.224682 0.221397 0.218249 0.216608 0.216457 0.215457 0.218247 0.219012 0.219133 0.218555 0.218349 0.218824 0.218928 0.222352 0.225280 0.227408 0.229235 0.232135 0.238365 0.235390 0.230382 0.224886 0.224922
-9999.0 -9999.0 -9999.0 -9999.0 -9999.0 -9999.0 -9999.0 -9999.0 -9999.0 -9999.0 -9999.0 -9999.0 -9999.0 -9999.0 -9999.0 -9999.0 0.218963 0.218643 0.217288 0.215083 0.213210 0.213131 0.214503 0.211888 0.210980 0.211484 0.210285 0.211490 0.212793 0.214364 0.215030 0.213121 0.213326 0.212904 0.212485 0.213046 0.216435 0.219490 0.219819 0.221917 0.226032 0.223350 0.222256 0.222362 0.220623 0.221672 0.227881 0.226416 0.223025 0.229251 0.232305 0.230515 0.229367 0.232984 0.238316 0.244653 0.255377 0.261692 0.269374 0.272091 0.263842 0.262518 0.265042
-9999.0 -9999.0 -9999.0 -9999.0 -9999.0 -9999.0 -9999.0 -9999.0 -9999.0 -9999.0 -9999.0 -9999.0 -9999.0 0.218654 0.218345 0.218657 0.215240 0.212603 0.210993 0.208764 0.211468 0.209416 0.208724 0.209123 0.211522 0.211482 0.211649 0.213079 0.212420 0.211542 0.210675 0.208972 0.210800 0.212591 0.213696 0.216271 0.218067 0.219248 0.221927 0.222003 0.223702 0.222532 0.219857 0.219204 0.220960 0.226403 0.230194 0.230783 0.237736 0.244744 0.247542 0.251679 0.253116 0.254954 0.260105 0.275871 0.296302 0.315158 0.325895 0.336402 0.337195 0.339173 0.340596
-9999.0 -9999.0 -9999.0 -9999.0 -9999.0 -9999.0 -9999.0 -9999.0 -9999.0 -9999.0 0.213642 0.215375 0.212785 0.207957 0.205871 0.206890 0.207958 0.206111 0.206102 0.210924 0.213527 0.208809 0.211850 0.211788 0.209722 0.210079 0.211199 0.211208 0.213970 0.213833 0.213562 0.218095 0.218995 0.219957 0.221371 0.222828 0.223787 0.230059 0.235161 0.233935 0.241387 0.245829 0.241209 0.239382 0.239991 0.244719 0.252543 0.263103 0.271204 0.285773 0.300880 0.309913 0.315794 0.322244 0.329987 0.350699 0.369259 0.369905 0.369980 0.369991 0.369992 0.369993 0.369994
-9999.0 -9999.0 -9999.0 -9999.0 -9999.0 -9999.0 -9999.0 -9999.0 0.206757 0.209478 0.211173 0.209006 0.206111 0.200878 0.202808 0.204655 0.205869 0.207733 0.208536 0.209155 0.207789 0.209269 0.212198 0.211165 0.211320 0.213149 0.212962 0.214451 0.216859 0.215053 0.215999 0.217969 0.219604 0.221002 0.222738 0.223334 0.229480 0.237536 0.245794 0.252451 0.262039 0.273421 0.271266 0.272110 0.272569 0.288064 0.308262 0.327959 0.349393 0.368716 0.369859 0.369953 0.369973 0.369984 0.369994 0.369999 0.370000 0.370000 0.370000 0.370000 0.370000 0.370000 0.370000
-9999.0 -9999.0 -9999.0 -9999.0 -9999.0 -9999.0 0.202736 0.208707 0.211593 0.204748 0.199533 0.197805 0.194752 0.201448 0.207318 0.208345 0.209100 0.210012 0.209244 0.205103 0.213791 0.211077 0.208999 0.211391 0.210924 0.210898 0.212279 0.215689 0.216735 0.223489 0.227858 0.231383 0.236574 0.239276 0.242050 0.245205 0.255176 0.268592 0.284836 0.303822 0.320942 0.338251 0.345041 0.349733 0.358310 0.368948 0.369866 0.369978 0.369999 0.370000 0.370000 0.370000 0.370000 0.370000 0.370000 0.370000 0.370000 0.370000 0.370000 0.370000 0.370000 0.370000 0.370000
-9999.0 -9999.0 -9999.0 -9999.0 0.206202 0.207461 0.206209 0.211375 0.214946 0.206611 0.209514 0.208018 0.205271 0.201973 0.198072 0.200759 0.202276 0.203245 0.202517 0.210854 0.217938 0.212583 0.215751 0.222409 0.220289 0.220642 0.220522 0.223019 0.227739 0.233479 0.247653 0.259749 0.266369 0.273946 0.281787 0.295012 0.313421 0.336409 0.363940 0.369698 0.369958 0.369990 0.369996 0.369998 0.370000 0.370000 0.370000 0.370000 0.370000 0.370000 0.370000 0.370000 0.370000 0.370000 0.370000 0.370000 0.370000 0.370000 0.370000 0.370000 0.370000 0.370000 0.370000
-9999.0 -9999.0 -9999.0 0.202600 0.208468 0.210530 0.207455 0.208337 0.212708 0.208096 0.207188 0.206311 0.205735 0.205706 0.205212 0.206706 0.206908 0.205587 0.206549 0.211251 0.212874 0.216191 0.218470 0.222227 0.225400 0.226159 0.227625 0.232242 0.244862 0.257008 0.279337 0.310186 0.332023 0.347688 0.362551 0.369451 0.369887 0.369986 0.370000 0.370000 0.370000 0.370000 0.370000 0.370000 0.370000 0.370000 0.370000 0.370000 0.370000 0.370000 0.370000 0.370000 0.370000 0.370000 0.370000 0.370000 0.370000 0.370000 0.370000 0.370000 0.370000 0.370000 0.370000
-9999.0 -9999.0 0.203776 0.207106 0.204567 0.208585 0.213078 0.209431 0.214798 0.216333 0.210436 0.213405 0.214787 0.211023 0.212950 0.215165 0.216308 0.212020 0.208787 0.213936 0.225547 0.234129 0.236904 0.258030 0.267899 0.274049 0.275826 0.287002 0.304105 0.332284 0.365792 0.369764 0.369975 0.369997 0.370000 0.370000 0.370000 0.370000 0.370000 0.370000 0.370000 0.370000 0.370000 0.370000 0.370000 0.370000 0.370000 0.370000 0.370000 0.370000 0.370000 0.370000 0.370000 0.370000 0.370000 0.370000 0.370000 0.370000 0.370000 0.370000 0.370000 0.370000 0.370000
-9999.0 -9999.0 0.199873 0.205417 0.201255 0.209700 0.217647 0.209159 0.211165 0.219110 0.216422 0.216919 0.215076 0.214749 0.217710 0.224281 0.220518 0.219126 0.210765 0.228186 0.242164 0.264039 0.305000 0.333467 0.352911 0.355881 0.359808 0.368443 0.369692 0.369967 0.370000 0.370000 0.370000 0.370000 0.370000 0.370000 0.370000 0.370000 0.370000 0.370000 0.370000 0.370000 0.370000 0.370000 0.370000 0.370000 0.370000 0.370000 0.370000 0.370000 0.370000 0.370000 0.370000 0.370000 0.370000 0.370000 0.370000 0.370000 0.370000 0.370000 0.370000 0.370000 0.370000
-9999.0 0.198664 0.201370 0.201378 0.206821 0.204549 0.210728 0.219780 0.218687 0.221514 0.220832 0.214192 0.230737 0.244822 0.248183 0.259463 0.253564 0.250034 0.240298 0.254872 0.281765 0.340546 0.369692 0.369983 0.369998 0.369999 0.369999 0.370000 0.370000 0.370000 0.370000 0.370000 0.370000 0.370000 0.370000 0.370000 0.370000 0.370000 0.370000 0.370000 0.370000 0.370000 0.370000 0.370000 0.370000 0.370000 0.370000 0.370000 0.370000 0.370000 0.370000 0.370000 0.370000 0.370000 0.370000 0.370000 0.370000 0.370000 0.370000 0.370000 0.370000 0.370000 0.370000
-9999.0 0.190236 0.201018 0.207343 0.204462 0.199275 0.213799 0.236388 0.226596 0.222954 0.220326 0.231166 0.266911 0.300832 0.318631 0.338249 0.334832 0.325759 0.324562 0.346757 0.368693 0.369942 0.370000 0.370000 0.370000 0.370000 0.370000 0.370000 0.370000 0.370000 0.370000 0.370000 0.370000 0.370000 0.370000 0.370000 0.370000 0.370000 0.370000 0.370000 0.370000 0.370000 0.370000 0.370000 0.370000 0.370000 0.370000 0.370000 0.370000 0.370000 0.370000 0.370000 0.370000 0.370000 0.370000 0.370000 0.370000 0.370000 0.370000 0.370000 0.370000 0.370000 0.370000
-9999.0 0.198883 0.211539 0.207939 0.196980 0.211130 0.216207 0.230590 0.240324 0.234069 0.247175 0.296522 0.353957 0.369720 0.369974 0.369989 0.369991 0.369982 0.369990 0.370000 0.370000 0.370000 0.370000 0.370000 0.370000 0.370000 0.370000 0.370000 0.370000 0.370000 0.370000 0.370000 0.370000 0.370000 0.370000 0.370000 0.370000 0.370000 0.370000 0.370000 0.370000 0.370000 0.370000 0.370000 0.370000 0.370000 0.370000 0.370000 0.370000 0.370000 0.370000 0.370000 0.370000 0.370000 0.370000 0.370000 0.370000 0.370000 0.370000 0.370000 0.370000 0.370000 0.370000
-9999.0 0.184315 0.201902 0.186664 0.206480 0.223935 0.219611 0.243447 0.269386 0.271726 0.330773 0.369529 0.369999 0.370000 0.370000 0.370000 0.370000 0.370000 0.370000 0.370000 0.370000 0.370000 0.370000 0.370000 0.370000 0.370000 0.370000 0.370000 0.370000 0.370000 0.370000 0.370000 0.370000 0.370000 0.370000 0.370000 0.370000 0.370000 0.370000 0.370000 0.370000 0.370000 0.370000 0.370000 0.370000 0.370000 0.370000 0.370000 0.370000 0.370000 0.370000 0.370000 0.370000 0.370000 0.370000 0.370000 0.370000 0.370000 0.370000 0.370000 0.370000 0.370000 0.370000
-9999.0 0.174373 0.186032 0.194591 0.212147 0.224464 0.235485 0.260720 0.311169 0.345636 0.369637 0.370000 0.370000 0.370000 0.370000 0.370000 0.370000 0.370000 0.370000 0.370000 0.370000 0.370000 0.370000 0.370000 0.370000 0.370000 0.370000 0.370000 0.370000 0.370000 0.370000 0.370000 0.370000 0.370000 0.370000 0.370000 0.370000 0.370000 0.370000 0.370000 0.370000 0.370000 0.370000 0.370000 0.370000 0.370000 0.370000 0.370000 0.370000 0.370000 0.370000 0.370000 0.370000 0.370000 0.370000 0.370000 0.370000 0.370000 0.370000 0.370000 0.369999 0.369993 0.369986
-9999.0 0.153334 0.190421 0.194630 0.204794 0.207295 0.209021 0.228574 0.256883 0.342969 0.369983 0.370000 0.370000 0.370000 0.370000 0.370000 0.370000 0.370000 0.370000 0.370000 0.370000 0.370000 0.370000 0.370000 0.370000 0.370000 0.370000 0.370000 0.370000 0.370000 0.370000 0.370000 0.370000 0.370000 0.370000 0.370000 0.370000 0.370000 0.370000 0.370000 0.370000 0.370000 0.370000 0.370000 0.370000 0.370000 0.370000 0.370000 0.370000 0.370000 0.370000 0.370000 0.370000 0.370000 0.370000 0.370000 0.370000 0.369994 0.369954 0.369479 0.351180 0.330068 0.327504
-9999.0 -9999.0 0.172628 0.195061 0.197342 0.200232 0.202420 0.218058 0.233382 0.289997 0.343841 0.369576 0.369977 0.369998 0.370000 0.370000 0.370000 0.370000 0.370000 0.370000 0.370000 0.370000 0.370000 0.370000 0.370000 0.370000 0.370000 0.370000 0.370000 0.370000 0.370000 0.370000 0.370000 0.370000 0.370000 0.370000 0.370000 0.370000 0.370000 0.370000 0.370000 0.370000 0.370000 0.370000 0.370000 0.370000 0.369999 0.369998 0.369996 0.369992 0.369989 0.369987 0.369982 0.369967 0.369924 0.369694 0.364541 0.344137 0.327072 0.303109 0.279563 0.262282 0.252297
-9999.0 -9999.0 0.149982 0.183214 0.198426 0.209242 0.206610 0.207071 0.230674 0.239898 0.255343 0.284167 0.311334 0.335318 0.361828 0.369705 0.369930 0.369960 0.369968 0.369976 0.369989 0.369995 0.369998 0.370000 0.370000 0.370000 0.370000 0.370000 0.370000 0.369999 0.369994 0.369981 0.369969 0.369960 0.369966 0.369974 0.369968 0.369952 0.369911 0.369764 0.368879 0.361116 0.356360 0.355035 0.354797 0.353084 0.350483 0.343727 0.335693 0.330203 0.325932 0.321939 0.319617 0.314026 0.306576 0.300386 0.286914 0.275753 0.266817 0.256165 0.244150 0.238491 0.233172
-9999.0 -9999.0 -9999.0 0.153362 0.173946 0.190412 0.196756 0.186813 0.192478 0.204477 0.213002 0.226510 0.234319 0.242321 0.254614 0.277383 0.289532 0.292395 0.291098 0.309889 0.317769 0.333170 0.346741 0.353817 0.363630 0.368860 0.369281 0.367636 0.361353 0.349945 0.335759 0.322266 0.314494 0.314772 0.315083 0.317454 0.314233 0.310847 0.302821 0.293276 0.283471 0.276893 0.275305 0.273636 0.272993 0.271682 0.270627 0.267792 0.264533 0.261215 0.258120 0.257555 0.256769 0.255216 0.253178 0.251960 0.250309 0.242896 0.237809 0.233044 0.228137 0.223757 0.219597
-9999.0 -9999.0 -9999.0 -9999.0 -9999.0 0.140812 0.180965 0.189528 0.189441 0.185667 0.189437 0.205595 0.202927 0.205025 0.211506 0.214905 0.216316 0.220854 0.230376 0.238340 0.248780 0.255890 0.265876 0.274818 0.279115 0.286234 0.288778 0.282645 0.278132 0.272156 0.262649 0.252974 0.252666 0.253666 0.254192 0.253829 0.252102 0.250945 0.249302 0.244721 0.240700 0.240226 0.239862 0.239180 0.238313 0.237726 0.237270 0.237271 0.234628 0.232146 0.233777 0.233357 0.233136 0.233476 0.232385 0.232013 0.232871 0.226470 0.223040 0.224961 0.219141 0.215405 0.216887
-9999.0 -9999.0 -9999.0 -9999.0 -9999.0 -9999.0 0.136779 0.160749 0.181736 0.187562 0.196574 0.203470 0.193534 0.196858 0.200372 0.204214 0.210367 0.210277 0.212461 0.215848 0.220681 0.222982 0.228344 0.235843 0.235453 0.237098 0.241321 0.236737 0.234620 0.233811 0.225370 0.227009 0.225866 0.226909 0.227297 0.228317 0.227274 0.226332 0.225948 0.222187 0.222231 0.221367 0.221108 0.220805 0.220473 0.220363 0.220509 0.220769 0.218432 0.220003 0.220663 0.220056 0.219820 0.220384 0.219911 0.218921 0.219478 0.216757 0.216594 0.216871 0.212011 0.212345 0.212267
