tests/Borden05m/sims/sim_1/output-maps/thetaliqL0002N0008.asc
ncols         160
nrows         34
xllcorner     620200.000000
yllcorner     5168000.000000
cellsize      0.500000
NODATA_value  -9999.0
[rows 0 to 27 of 34, columns 0 to 62 of 160]
-9999.0 -9999.0 -9999.0 -9999.0 -9999.0 -9999.0 -9999.0 -9999.0 -9999.0 -9999.0 -9999.0 -9999.0 -9999.0 -9999.0 -9999.0 -9999.0 -9999.0 -9999.0 -9999.0 -9999.0 -9999.0 -9999.0 -9999.0 -9999.0 -9999.0 -9999.0 -9999.0 -9999.0 -9999.0 -9999.0 -9999.0 -9999.0 -9999.0 -9999.0 -9999.0 -9999.0 -9999.0 -9999.0 -9999.0 -9999.0 -9999.0 -9999.0 -9999.0 -9999.0 -9999.0 -9999.0 -9999.0 -9999.0 -9999.0 -9999.0 -9999.0 -9999.0 -9999.0 -9999.0 -9999.0 -9999.0 -9999.0 -9999.0 -9999.0 -9999.0 -9999.0 -9999.0 -9999.0
-9999.0 -9999.0 -9999.0 -9999.0 -9999.0 -9999.0 -9999.0 -9999.0 -9999.0 -9999.0 -9999.0 -9999.0 -9999.0 -9999.0 -9999.0 -9999.0 -9999.0 -9999.0 -9999.0 -9999.0 -9999.0 -9999.0 -9999.0 -9999.0 -9999.0 -9999.0 -9999.0 -9999.0 -9999.0 -9999.0 -9999.0 -9999.0 -9999.0 -9999.0 -9999.0 -9999.0 -9999.0 -9999.0 -9999.0 -9999.0 -9999.0 -9999.0 -9999.0 -9999.0 -9999.0 -9999.0 -9999.0 -9999.0 -9999.0 -9999.0 -9999.0 -9999.0 -9999.0 -9999.0 -9999.0 -9999.0 -9999.0 -9999.0 -9999.0 0.278254 0.277105 0.276428 0.276194
-9999.0 -9999.0 -9999.0 -9999.0 -9999.0 -9999.0 -9999.0 -9999.0 -9999.0 -9999.0 -9999.0 -9999.0 -9999.0 -9999.0 -9999.0 -9999.0 -9999.0 -9999.0 -9999.0 -9999.0 -9999.0 -9999.0 -9999.0 -9999.0 -9999.0 -9999.0 -9999.0 -9999.0 -9999.0 -9999.0 -9999.0 -9999.0 -9999.0 -9999.0 -9999.0 -9999.0 -9999.0 -9999.0 -9999.0 -9999.0 -9999.0 -9999.0 -9999.0 -9999.0 -9999.0 -9999.0 -9999.0 0.272719 0.268767 0.263867 0.262383 0.267735 0.269672 0.271300 0.272102 0.272762 0.274167 0.277440 0.276923 0.271211 0.270884 0.270972 0.271428
-9999.0 -9999.0 -9999.0 -9999.0 -9999.0 -9999.0 -9999.0 -9999.0 -9999.0 -9999.0 -9999.0 -9999.0 -9999.0 -9999.0 -9999.0 -9999.0 -9999.0 -9999.0 -9999.0 -9999.0 -9999.0 -9999.0 -9999.0 -9999.0 -9999.0 -9999.0 -9999.0 -9999.0 -9999.0 -9999.0 -9999.0 -9999.0 -9999.0 -9999.0 -9999.0 -9999.0 -9999.0 -9999.0 -9999.0 -9999.0 0.270380 0.272226 0.273857 0.271358 0.270571 0.271253 0.268786 0.265717 0.262442 0.263665 0.263657 0.260811 0.264209 0.266724 0.267122 0.267305 0.269276 0.273267 0.272762 0.268584 0.266183 0.265515 0.266174
-9999.0 -9999.0 -9999.0 -9999.0 -9999.0 -9999.0 -9999.0 -9999.0 -9999.0 -9999.0 -9999.0 -9999.0 -9999.0 -9999.0 -9999.0 -9999.0 -9999.0 -9999.0 -9999.0 -9999.0 -9999.0 -9999.0 -9999.0 -9999.0 -9999.0 -9999.0 -9999.0 -9999.0 -9999.0 -9999.0 -9999.0 -9999.0 -9999.0 -9999.0 0.264084 0.267463 0.268622 0.269641 0.271493 0.270371 0.269383 0.270960 0.269498 0.269635 0.268058 0.264901 0.261748 0.260079 0.262476 0.261822 0.261696 0.263238 0.263921 0.263769 0.265698 0.269133 0.266450 0.266887 0.266084 0.264366 0.266290 0.267813 0.268755
-9999.0 -9999.0 -9999.0 -9999.0 -9999.0 -9999.0 -9999.0 -9999.0 -9999.0 -9999.0 -9999.0 -9999.0 -9999.0 -9999.0 -9999.0 -9999.0 -9999.0 -9999.0 -9999.0 -9999.0 -9999.0 -9999.0 -9999.0 -9999.0 -9999.0 -9999.0 -9999.0 -9999.0 0.269868 0.268499 0.267476 0.267600 0.267087 0.265002 0.264239 0.264256 0.265762 0.268414 0.268500 0.267786 0.267780 0.266934 0.264841 0.264737 0.267288 0.265405 0.264709 0.263542 0.260013 0.259084 0.261000 0.262675 0.263934 0.263787 0.263381 0.262604 0.262209 0.266709 0.267594 0.264865 0.263569 0.263083 0.263572
-9999.0 -9999.0 -9999.0 -9999.0 -9999.0 -9999.0 -9999.0 -9999.0 -9999.0 -9999.0 -9999.0 -9999.0 -9999.0 -9999.0 -9999.0 -9999.0 -9999.0 -9999.0 -9999.0 -9999.0 -9999.0 -9999.0 -9999.0 0.267978 0.269233 0.269604 0.270661 0.269992 0.267118 0.265353 0.264619 0.263985 0.262420 0.262117 0.261831 0.262446 0.262704 0.265534 0.263429 0.261991 0.264549 0.263750 0.265632 0.267796 0.267372 0.267966 0.264148 0.261272 0.264367 0.265464 0.265053 0.263992 0.264506 0.265194 0.266051 0.267967 0.270533 0.272492 0.276561 0.273449 0.271596 0.267932 0.268436
-9999.0 -9999.0 -9999.0 -9999.0 -9999.0 -9999.0 -9999.0 -9999.0 -9999.0 -9999.0 -9999.0 -9999.0 -9999.0 -9999.0 -9999.0 -9999.0 -9999.0 -9999.0 -9999.0 0.268688 0.268227 0.267336 0.267571 0.264679 0.263410 0.264058 0.265395 0.264444 0.262823 0.261458 0.261592 0.261717 0.261264 0.263106 0.264454 0.264585 0.263614 0.265647 0.265869 0.266839 0.270285 0.267626 0.265155 0.263871 0.263752 0.262918 0.265066 0.265600 0.265558 0.264913 0.264539 0.264675 0.264429 0.266657 0.268352 0.269336 0.270076 0.271682 0.276040 0.273775 0.270207 0.266226 0.266293
-9999.0 -9999.0 -9999.0 -9999.0 -9999.0 -9999.0 -9999.0 -9999.0 -9999.0 -9999.0 -9999.0 -9999.0 -9999.0 -9999.0 -9999.0 -9999.0 0.268914 0.268628 0.267501 0.265643 0.264085 0.263967 0.264992 0.262842 0.262044 0.262358 0.261304 0.262167 0.263116 0.264288 0.264740 0.263131 0.263167 0.262646 0.262072 0.262211 0.264521 0.266496 0.266335 0.267605 0.270520 0.268303 0.267450 0.267526 0.266070 0.266691 0.271256 0.269836 0.266895 0.271426 0.273458 0.271772 0.270531 0.272792 0.276202 0.280417 0.288141 0.292343 0.297682 0.299897 0.294101 0.293451 0.295445
-9999.0 -9999.0 -9999.0 -9999.0 -9999.0 -9999.0 -9999.0 -9999.0 -9999.0 -9999.0 -9999.0 -9999.0 -9999.0 0.269142 0.268851 0.269006 0.266157 0.263987 0.262626 0.260738 0.262798 0.261076 0.260430 0.260655 0.262464 0.262313 0.262314 0.263305 0.262629 0.261785 0.260943 0.259409 0.260654 0.261816 0.262374 0.264017 0.264941 0.265307 0.266865 0.266430 0.267345 0.266235 0.264105 0.263545 0.264754 0.268647 0.271078 0.271069 0.276125 0.281367 0.283218 0.286032 0.286785 0.287782 0.291533 0.305032 0.321737 0.334234 0.341501 0.349422 0.350305 0.352084 0.353618
-9999.0 -9999.0 -9999.0 -9999.0 -9999.0 -9999.0 -9999.0 -9999.0 -9999.0 -9999.0 0.265400 0.266773 0.264708 0.260792 0.259047 0.259767 0.260505 0.258924 0.258796 0.262507 0.264423 0.260526 0.262818 0.262630 0.260841 0.260972 0.261683 0.261470 0.263426 0.263064 0.262570 0.265845 0.266193 0.266569 0.267253 0.267878 0.267971 0.272084 0.275265 0.273647 0.278757 0.281791 0.278227 0.276900 0.277425 0.280911 0.286393 0.294190 0.301965 0.315375 0.325156 0.330644 0.334321 0.338912 0.346236 0.364658 0.369537 0.369913 0.369977 0.369990 0.369992 0.369993 0.369995
-9999.0 -9999.0 -9999.0 -9999.0 -9999.0 -9999.0 -9999.0 -9999.0 0.259996 0.262149 0.263477 0.261746 0.259423 0.255167 0.256640 0.258016 0.258862 0.260214 0.260699 0.261001 0.259690 0.260676 0.262798 0.261768 0.261698 0.262939 0.262530 0.263395 0.264916 0.263054 0.263328 0.264346 0.265102 0.265688 0.266532 0.266384 0.270357 0.275663 0.281418 0.285942 0.292554 0.300990 0.299989 0.301940 0.305155 0.317702 0.330659 0.345237 0.364026 0.369414 0.369884 0.369948 0.369966 0.369981 0.369994 0.369999 0.370000 0.370000 0.370000 0.370000 0.370000 0.370000 0.370000
-9999.0 -9999.0 -9999.0 -9999.0 -9999.0 -9999.0 0.256905 0.261596 0.263817 0.258315 0.254108 0.252707 0.250207 0.255562 0.260181 0.260869 0.261323 0.261882 0.261067 0.257484 0.264119 0.261636 0.259662 0.261265 0.260597 0.260276 0.261024 0.263266 0.263486 0.268078 0.270665 0.272559 0.275816 0.277358 0.279228 0.281293 0.288241 0.298590 0.313911 0.326942 0.338471 0.351731 0.358516 0.364516 0.368959 0.369680 0.369913 0.369983 0.369999 0.370000 0.370000 0.370000 0.370000 0.370000 0.370000 0.370000 0.370000 0.370000 0.370000 0.370000 0.370000 0.370000 0.370000
-9999.0 -9999.0 -9999.0 -9999.0 0.259960 0.260848 0.259687 0.263644 0.266338 0.259623 0.261912 0.260689 0.258456 0.255722 0.252443 0.254480 0.255534 0.256117 0.255267 0.261586 0.266693 0.261952 0.263972 0.268685 0.266562 0.266439 0.265888 0.267234 0.270086 0.273538 0.283541 0.291739 0.296302 0.303026 0.311829 0.321699 0.334302 0.353518 0.368862 0.369836 0.369966 0.369992 0.369998 0.370000 0.370000 0.370000 0.370000 0.370000 0.370000 0.370000 0.370000 0.370000 0.370000 0.370000 0.370000 0.370000 0.370000 0.370000 0.370000 0.370000 0.370000 0.370000 0.370000
-9999.0 -9999.0 -9999.0 0.257310 0.261854 0.263288 0.260602 0.261058 0.264308 0.260485 0.259643 0.258850 0.258297 0.258160 0.257622 0.258634 0.258598 0.257308 0.257752 0.260958 0.261505 0.263372 0.264361 0.266501 0.268426 0.268584 0.269368 0.272492 0.281392 0.290542 0.309758 0.330673 0.346956 0.361908 0.368889 0.369731 0.369918 0.369991 0.370000 0.370000 0.370000 0.370000 0.370000 0.370000 0.370000 0.370000 0.370000 0.370000 0.370000 0.370000 0.370000 0.370000 0.370000 0.370000 0.370000 0.370000 0.370000 0.370000 0.370000 0.370000 0.370000 0.370000 0.370000
-9999.0 -9999.0 0.258485 0.261005 0.258778 0.261722 0.264945 0.261663 0.265568 0.266486 0.261559 0.263702 0.264556 0.261314 0.262583 0.264063 0.264736 0.261118 0.258153 0.261517 0.269576 0.275052 0.276286 0.291626 0.299624 0.305034 0.307792 0.316505 0.327649 0.349409 0.368558 0.369839 0.369980 0.369999 0.370000 0.370000 0.370000 0.370000 0.370000 0.370000 0.370000 0.370000 0.370000 0.370000 0.370000 0.370000 0.370000 0.370000 0.370000 0.370000 0.370000 0.370000 0.370000 0.370000 0.370000 0.370000 0.370000 0.370000 0.370000 0.370000 0.370000 0.370000 0.370000
-9999.0 -9999.0 0.255426 0.259734 0.256157 0.262584 0.268347 0.261036 0.262067 0.267828 0.265251 0.265175 0.263209 0.262472 0.264283 0.269017 0.265779 0.264523 0.257572 0.270429 0.280134 0.296127 0.325760 0.347028 0.363510 0.367169 0.368812 0.369484 0.369797 0.369976 0.370000 0.370000 0.370000 0.370000 0.370000 0.370000 0.370000 0.370000 0.370000 0.370000 0.370000 0.370000 0.370000 0.370000 0.370000 0.370000 0.370000 0.370000 0.370000 0.370000 0.370000 0.370000 0.370000 0.370000 0.370000 0.370000 0.370000 0.370000 0.370000 0.370000 0.370000 0.370000 0.370000
-9999.0 0.254740 0.256782 0.256599 0.260671 0.258380 0.262617 0.268881 0.267063 0.268445 0.267181 0.261178 0.273282 0.283185 0.284903 0.293009 0.288239 0.285328 0.277953 0.289709 0.310831 0.352737 0.369725 0.369984 0.369999 0.370000 0.370000 0.370000 0.370000 0.370000 0.370000 0.370000 0.370000 0.370000 0.370000 0.370000 0.370000 0.370000 0.370000 0.370000 0.370000 0.370000 0.370000 0.370000 0.370000 0.370000 0.370000 0.370000 0.370000 0.370000 0.370000 0.370000 0.370000 0.370000 0.370000 0.370000 0.370000 0.370000 0.370000 0.370000 0.370000 0.370000 0.370000
-9999.0 0.247948 0.256612 0.261475 0.258811 0.254068 0.264767 0.280882 0.271759 0.267749 0.264819 0.272845 0.300271 0.323599 0.335331 0.349355 0.346556 0.339459 0.339290 0.357969 0.368882 0.369938 0.370000 0.370000 0.370000 0.370000 0.370000 0.370000 0.370000 0.370000 0.370000 0.370000 0.370000 0.370000 0.370000 0.370000 0.370000 0.370000 0.370000 0.370000 0.370000 0.370000 0.370000 0.370000 0.370000 0.370000 0.370000 0.370000 0.370000 0.370000 0.370000 0.370000 0.370000 0.370000 0.370000 0.370000 0.370000 0.370000 0.370000 0.370000 0.370000 0.370000 0.370000
-9999.0 0.255134 0.265136 0.262072 0.252890 0.263570 0.266196 0.275245 0.280377 0.274053 0.284429 0.322982 0.364052 0.369792 0.369970 0.369986 0.369988 0.369975 0.369987 0.369999 0.370000 0.370000 0.370000 0.370000 0.370000 0.370000 0.370000 0.370000 0.370000 0.370000 0.370000 0.370000 0.370000 0.370000 0.370000 0.370000 0.370000 0.370000 0.370000 0.370000 0.370000 0.370000 0.370000 0.370000 0.370000 0.370000 0.370000 0.370000 0.370000 0.370000 0.370000 0.370000 0.370000 0.370000 0.370000 0.370000 0.370000 0.370000 0.370000 0.370000 0.370000 0.370000 0.370000
-9999.0 0.243420 0.257651 0.245053 0.260868 0.273692 0.268564 0.284121 0.300081 0.301340 0.346173 0.369604 0.370000 0.370000 0.370000 0.370000 0.370000 0.370000 0.370000 0.370000 0.370000 0.370000 0.370000 0.370000 0.370000 0.370000 0.370000 0.370000 0.370000 0.370000 0.370000 0.370000 0.370000 0.370000 0.370000 0.370000 0.370000 0.370000 0.370000 0.370000 0.370000 0.370000 0.370000 0.370000 0.370000 0.370000 0.370000 0.370000 0.370000 0.370000 0.370000 0.370000 0.370000 0.370000 0.370000 0.370000 0.370000 0.370000 0.370000 0.370000 0.370000 0.370000 0.370000
-9999.0 0.235184 0.244885 0.251827 0.265626 0.274448 0.281439 0.297455 0.330283 0.355400 0.369717 0.369999 0.370000 0.370000 0.370000 0.370000 0.370000 0.370000 0.370000 0.370000 0.370000 0.370000 0.370000 0.370000 0.370000 0.370000 0.370000 0.370000 0.370000 0.370000 0.370000 0.370000 0.370000 0.370000 0.370000 0.370000 0.370000 0.370000 0.370000 0.370000 0.370000 0.370000 0.370000 0.370000 0.370000 0.370000 0.370000 0.370000 0.370000 0.370000 0.370000 0.370000 0.370000 0.370000 0.370000 0.370000 0.370000 0.370000 0.370000 0.370000 0.370000 0.369994 0.369984
-9999.0 0.216954 0.248620 0.251977 0.259966 0.261333 0.261505 0.274529 0.293157 0.353532 0.369990 0.370000 0.370000 0.370000 0.370000 0.370000 0.370000 0.370000 0.370000 0.370000 0.370000 0.370000 0.370000 0.370000 0.370000 0.370000 0.370000 0.370000 0.370000 0.370000 0.370000 0.370000 0.370000 0.370000 0.370000 0.370000 0.370000 0.370000 0.370000 0.370000 0.370000 0.370000 0.370000 0.370000 0.370000 0.370000 0.370000 0.370000 0.370000 0.370000 0.370000 0.370000 0.370000 0.370000 0.370000 0.370000 0.370000 0.369997 0.369968 0.369707 0.365313 0.346841 0.343161
-9999.0 -9999.0 0.233864 0.252428 0.254111 0.256052 0.257092 0.268127 0.277610 0.317741 0.355865 0.369640 0.369975 0.369998 0.370000 0.370000 0.370000 0.370000 0.370000 0.370000 0.370000 0.370000 0.370000 0.370000 0.370000 0.370000 0.370000 0.370000 0.370000 0.370000 0.370000 0.370000 0.370000 0.370000 0.370000 0.370000 0.370000 0.370000 0.370000 0.370000 0.370000 0.370000 0.370000 0.370000 0.370000 0.370000 0.370000 0.369999 0.369996 0.369990 0.369986 0.369982 0.369977 0.369963 0.369933 0.369846 0.369233 0.360604 0.344425 0.326833 0.308228 0.293759 0.286824
-9999.0 -9999.0 0.213991 0.242802 0.255185 0.263634 0.261148 0.260941 0.278210 0.283554 0.294531 0.315286 0.332867 0.350718 0.368219 0.369800 0.369922 0.369947 0.369955 0.369966 0.369985 0.369995 0.369999 0.370000 0.370000 0.370000 0.370000 0.370000 0.370000 0.370000 0.369995 0.369977 0.369959 0.369946 0.369953 0.369964 0.369956 0.369938 0.369905 0.369845 0.369763 0.369562 0.369137 0.368244 0.367446 0.365974 0.363308 0.356980 0.349644 0.345016 0.341757 0.338930 0.337477 0.333976 0.329435 0.325844 0.316228 0.304447 0.296813 0.289266 0.280768 0.277303 0.274205
-9999.0 -9999.0 -9999.0 0.216985 0.234949 0.248714 0.253702 0.245279 0.249599 0.258615 0.264512 0.274155 0.279126 0.284891 0.296142 0.311347 0.318387 0.319483 0.318031 0.330606 0.335837 0.347561 0.359922 0.367283 0.369442 0.369773 0.369817 0.369691 0.369189 0.364096 0.350375 0.339175 0.333490 0.333763 0.333877 0.335420 0.333290 0.331378 0.326760 0.321638 0.315862 0.310262 0.307292 0.305017 0.304111 0.302632 0.301212 0.298341 0.295543 0.293057 0.290799 0.290446 0.289965 0.288924 0.287549 0.286771 0.285604 0.280211 0.276966 0.274101 0.271189 0.268623 0.266103
-9999.0 -9999.0 -9999.0 -9999.0 -9999.0 0.205474 0.240968 0.247881 0.247652 0.244283 0.247015 0.259647 0.256970 0.258144 0.262989 0.265222 0.265602 0.268321 0.274745 0.279845 0.286664 0.291322 0.298835 0.306664 0.312227 0.318073 0.319828 0.315439 0.310686 0.303389 0.295049 0.287677 0.287558 0.288383 0.288788 0.288572 0.287404 0.286746 0.285771 0.282613 0.279665 0.279195 0.278822 0.278322 0.277741 0.277359 0.277060 0.277122 0.275220 0.273415 0.274746 0.274489 0.274401 0.274775 0.274100 0.274032 0.275014 0.270517 0.268361 0.270419 0.266453 0.264038 0.265694
-9999.0 -9999.0 -9999.0 -9999.0 -9999.0 -9999.0 0.201668 0.223633 0.241557 0.246258 0.253467 0.258855 0.250568 0.253065 0.255639 0.258339 0.262743 0.262074 0.263195 0.265178 0.268182 0.269167 0.272595 0.277774 0.277241 0.278405 0.281491 0.277914 0.276213 0.275541 0.269113 0.270580 0.269824 0.270697 0.271036 0.271897 0.271208 0.270614 0.270462 0.267657 0.267819 0.267235 0.267119 0.266977 0.266819 0.266824 0.267014 0.267291 0.265507 0.266779 0.267314 0.266857 0.266721 0.267251 0.267017 0.266409 0.267068 0.265193 0.265363 0.265881 0.262341 0.262931 0.263168
