tests/Borden05m/sims/sim_1/output-maps/thetaliqL0006N0018.asc
ncols         160
nrows         34
xllcorner     620200.000000
yllcorner     5168000.000000
cellsize      0.500000
NODATA_value  -9999.0
[rows 0 to 27 of 34, columns 0 to 62 of 160]
-9999.0 -9999.0 -9999.0 -9999.0 -9999.0 -9999.0 -9999.0 -9999.0 -9999.0 -9999.0 -9999.0 -9999.0 -9999.0 -9999.0 -9999.0 -9999.0 -9999.0 -9999.0 -9999.0 -9999.0 -9999.0 -9999.0 -9999.0 -9999.0 -9999.0 -9999.0 -9999.0 -9999.0 -9999.0 -9999.0 -9999.0 -9999.0 -9999.0 -9999.0 -9999.0 -9999.0 -9999.0 -9999.0 -9999.0 -9999.0 -9999.0 -9999.0 -9999.0 -9999.0 -9999.0 -9999.0 -9999.0 -9999.0 -9999.0 -9999.0 -9999.0 -9999.0 -9999.0 -9999.0 -9999.0 -9999.0 -9999.0 -9999.0 -9999.0 -9999.0 -9999.0 -9999.0 -9999.0
-9999.0 -9999.0 -9999.0 -9999.0 -9999.0 -9999.0 -9999.0 -9999.0 -9999.0 -9999.0 -9999.0 -9999.0 -9999.0 -9999.0 -9999.0 -9999.0 -9999.0 -9999.0 -9999.0 -9999.0 -9999.0 -9999.0 -9999.0 -9999.0 -9999.0 -9999.0 -9999.0 -9999.0 -9999.0 -9999.0 -9999.0 -9999.0 -9999.0 -9999.0 -9999.0 -9999.0 -9999.0 -9999.0 -9999.0 -9999.0 -9999.0 -9999.0 -9999.0 -9999.0 -9999.0 -9999.0 -9999.0 -9999.0 -9999.0 -9999.0 -9999.0 -9999.0 -9999.0 -9999.0 -9999.0 -9999.0 -9999.0 -9999.0 -9999.0 0.205151 0.200865 0.196723 0.192908
-9999.0 -9999.0 -9999.0 -9999.0 -9999.0 -9999.0 -9999.0 -9999.0 -9999.0 -9999.0 -9999.0 -9999.0 -9999.0 -9999.0 -9999.0 -9999.0 -9999.0 -9999.0 -9999.0 -9999.0 -9999.0 -9999.0 -9999.0 -9999.0 -9999.0 -9999.0 -9999.0 -9999.0 -9999.0 -9999.0 -9999.0 -9999.0 -9999.0 -9999.0 -9999.0 -9999.0 -9999.0 -9999.0 -9999.0 -9999.0 -9999.0 -9999.0 -9999.0 -9999.0 -9999.0 -9999.0 -9999.0 0.132269 0.125579 0.119689 0.119195 0.126963 0.135960 0.146405 0.156616 0.166972 0.178624 0.191765 0.194025 0.186300 0.182983 0.180645 0.179031
-9999.0 -9999.0 -9999.0 -9999.0 -9999.0 -9999.0 -9999.0 -9999.0 -9999.0 -9999.0 -9999.0 -9999.0 -9999.0 -9999.0 -9999.0 -9999.0 -9999.0 -9999.0 -9999.0 -9999.0 -9999.0 -9999.0 -9999.0 -9999.0 -9999.0 -9999.0 -9999.0 -9999.0 -9999.0 -9999.0 -9999.0 -9999.0 -9999.0 -9999.0 -9999.0 -9999.0 -9999.0 -9999.0 -9999.0 -9999.0 0.153830 0.156918 0.157887 0.151897 0.146171 0.140764 0.132325 0.125521 0.120066 0.119057 0.119777 0.121616 0.129812 0.139533 0.148344 0.157210 0.167909 0.180305 0.182071 0.174696 0.169199 0.166600 0.166455
-9999.0 -9999.0 -9999.0 -9999.0 -9999.0 -9999.0 -9999.0 -9999.0 -9999.0 -9999.0 -9999.0 -9999.0 -9999.0 -9999.0 -9999.0 -9999.0 -9999.0 -9999.0 -9999.0 -9999.0 -9999.0 -9999.0 -9999.0 -9999.0 -9999.0 -9999.0 -9999.0 -9999.0 -9999.0 -9999.0 -9999.0 -9999.0 -9999.0 -9999.0 0.117107 0.122702 0.129035 0.136142 0.143290 0.146185 0.148946 0.151841 0.149692 0.147153 0.141704 0.133728 0.126062 0.121017 0.120020 0.119064 0.120367 0.124716 0.130659 0.137193 0.146496 0.158061 0.162832 0.169823 0.171494 0.168153 0.168466 0.169154 0.169913
-9999.0 -9999.0 -9999.0 -9999.0 -9999.0 -9999.0 -9999.0 -9999.0 -9999.0 -9999.0 -9999.0 -9999.0 -9999.0 -9999.0 -9999.0 -9999.0 -9999.0 -9999.0 -9999.0 -9999.0 -9999.0 -9999.0 -9999.0 -9999.0 -9999.0 -9999.0 -9999.0 -9999.0 0.118892 0.117002 0.115361 0.114830 0.114350 0.113863 0.115765 0.119462 0.125533 0.133488 0.138610 0.141560 0.144360 0.144581 0.142214 0.141008 0.140935 0.135743 0.130939 0.126728 0.122911 0.122439 0.125617 0.130519 0.136734 0.142966 0.149986 0.157020 0.165015 0.178112 0.183655 0.179229 0.175044 0.172377 0.172518
-9999.0 -9999.0 -9999.0 -9999.0 -9999.0 -9999.0 -9999.0 -9999.0 -9999.0 -9999.0 -9999.0 -9999.0 -9999.0 -9999.0 -9999.0 -9999.0 -9999.0 -9999.0 -9999.0 -9999.0 -9999.0 -9999.0 -9999.0 0.110837 0.112461 0.114167 0.116181 0.116320 0.114892 0.113165 0.112161 0.111611 0.111089 0.112114 0.114360 0.118304 0.123325 0.130981 0.134167 0.136837 0.142211 0.142880 0.144674 0.146371 0.145234 0.143849 0.138366 0.134551 0.137004 0.139587 0.142118 0.145176 0.151173 0.159255 0.169382 0.182442 0.197525 0.212020 0.225503 0.220233 0.212734 0.203342 0.203391
-9999.0 -9999.0 -9999.0 -9999.0 -9999.0 -9999.0 -9999.0 -9999.0 -9999.0 -9999.0 -9999.0 -9999.0 -9999.0 -9999.0 -9999.0 -9999.0 -9999.0 -9999.0 -9999.0 0.105060 0.105178 0.105300 0.106254 0.106393 0.106840 0.108442 0.110399 0.110781 0.110272 0.109692 0.109967 0.110520 0.111447 0.114507 0.118481 0.122873 0.127702 0.135672 0.141853 0.148299 0.156458 0.155160 0.152351 0.150821 0.150721 0.150841 0.154257 0.156262 0.158988 0.162317 0.166283 0.171187 0.177404 0.189698 0.204541 0.220761 0.237535 0.254298 0.271155 0.268749 0.258173 0.247377 0.247828
-9999.0 -9999.0 -9999.0 -9999.0 -9999.0 -9999.0 -9999.0 -9999.0 -9999.0 -9999.0 -9999.0 -9999.0 -9999.0 -9999.0 -9999.0 -9999.0 0.099473 0.099771 0.100077 0.101006 0.101365 0.102073 0.103412 0.103503 0.104241 0.105712 0.106755 0.108647 0.110469 0.112280 0.113757 0.114334 0.116448 0.119226 0.122916 0.128339 0.136937 0.146900 0.154824 0.163668 0.173386 0.173019 0.171816 0.172094 0.172325 0.177610 0.190102 0.194450 0.197459 0.212786 0.224529 0.229097 0.235014 0.250292 0.271626 0.296821 0.324038 0.339848 0.350363 0.353154 0.347864 0.346194 0.348779
-9999.0 -9999.0 -9999.0 -9999.0 -9999.0 -9999.0 -9999.0 -9999.0 -9999.0 -9999.0 -9999.0 -9999.0 -9999.0 0.092544 0.093101 0.094387 0.095475 0.095720 0.096244 0.097072 0.099155 0.099691 0.100778 0.102204 0.104465 0.106232 0.108289 0.111119 0.113236 0.115084 0.117004 0.118970 0.123355 0.128713 0.134815 0.143486 0.153770 0.165254 0.178134 0.187658 0.197662 0.200443 0.198401 0.199086 0.205334 0.220411 0.237080 0.250045 0.271587 0.293886 0.307459 0.318810 0.326108 0.334681 0.346614 0.360206 0.366487 0.368550 0.369178 0.369518 0.369526 0.369576 0.369627
-9999.0 -9999.0 -9999.0 -9999.0 -9999.0 -9999.0 -9999.0 -9999.0 -9999.0 -9999.0 0.087994 0.088306 0.087864 0.087931 0.088379 0.089735 0.091341 0.092229 0.093742 0.096915 0.099832 0.100345 0.103258 0.105257 0.106576 0.109017 0.112260 0.115757 0.121000 0.125096 0.129657 0.138080 0.145259 0.153035 0.162258 0.173561 0.187448 0.210138 0.232602 0.245403 0.267847 0.282168 0.279522 0.279819 0.286810 0.303976 0.325133 0.344037 0.355288 0.362914 0.366201 0.367551 0.368261 0.368847 0.369315 0.369755 0.369944 0.369988 0.369998 0.369999 0.370000 0.370000 0.370000
-9999.0 -9999.0 -9999.0 -9999.0 -9999.0 -9999.0 -9999.0 -9999.0 0.085485 0.086140 0.086790 0.086431 0.085895 0.085551 0.086804 0.088504 0.090376 0.092555 0.094830 0.097634 0.100380 0.103645 0.107822 0.110597 0.113618 0.117836 0.121976 0.128170 0.136386 0.142898 0.152344 0.164131 0.175961 0.187698 0.200655 0.214839 0.240083 0.271925 0.302081 0.324087 0.342949 0.354850 0.355840 0.357387 0.359365 0.364876 0.367944 0.369248 0.369721 0.369907 0.369975 0.369990 0.369995 0.369998 0.370000 0.370000 0.370000 0.370000 0.370000 0.370000 0.370000 0.370000 0.370000
-9999.0 -9999.0 -9999.0 -9999.0 -9999.0 -9999.0 0.083232 0.085402 0.086870 0.085999 0.085235 0.084909 0.084579 0.086249 0.088514 0.090477 0.092628 0.095097 0.097646 0.100308 0.107896 0.111638 0.115624 0.121767 0.126243 0.131130 0.137977 0.148740 0.161028 0.181870 0.204625 0.227673 0.251442 0.270022 0.287488 0.305965 0.331814 0.352835 0.363483 0.367356 0.368904 0.369586 0.369721 0.369782 0.369844 0.369924 0.369981 0.369997 0.370000 0.370000 0.370000 0.370000 0.370000 0.370000 0.370000 0.370000 0.370000 0.370000 0.370000 0.370000 0.370000 0.370000 0.370000
-9999.0 -9999.0 -9999.0 -9999.0 0.080762 0.082277 0.083958 0.086942 0.089500 0.088723 0.089617 0.089663 0.089483 0.089651 0.090219 0.092527 0.095008 0.097773 0.101176 0.109775 0.121344 0.126887 0.137618 0.152684 0.159902 0.168105 0.177300 0.193117 0.217073 0.248893 0.293985 0.328561 0.346040 0.356359 0.362241 0.366084 0.368496 0.369553 0.369880 0.369974 0.369996 0.369999 0.370000 0.370000 0.370000 0.370000 0.370000 0.370000 0.370000 0.370000 0.370000 0.370000 0.370000 0.370000 0.370000 0.370000 0.370000 0.370000 0.370000 0.370000 0.370000 0.370000 0.370000
-9999.0 -9999.0 -9999.0 0.078007 0.080287 0.082937 0.085328 0.088563 0.092554 0.093486 0.094627 0.095689 0.096843 0.098343 0.100211 0.103284 0.106015 0.108505 0.113649 0.124935 0.139127 0.156432 0.175798 0.198848 0.218423 0.232243 0.246855 0.270046 0.306651 0.338281 0.360329 0.367784 0.369340 0.369730 0.369871 0.369956 0.369987 0.369999 0.370000 0.370000 0.370000 0.370000 0.370000 0.370000 0.370000 0.370000 0.370000 0.370000 0.370000 0.370000 0.370000 0.370000 0.370000 0.370000 0.370000 0.370000 0.370000 0.370000 0.370000 0.370000 0.370000 0.370000 0.370000
-9999.0 -9999.0 0.075893 0.077552 0.079503 0.083258 0.088382 0.092487 0.099002 0.104041 0.105507 0.110065 0.114638 0.117073 0.122514 0.128587 0.132890 0.133436 0.137737 0.155817 0.190875 0.232791 0.269347 0.320194 0.342440 0.352542 0.357154 0.363130 0.367164 0.369264 0.369870 0.369987 0.369999 0.370000 0.370000 0.370000 0.370000 0.370000 0.370000 0.370000 0.370000 0.370000 0.370000 0.370000 0.370000 0.370000 0.370000 0.370000 0.370000 0.370000 0.370000 0.370000 0.370000 0.370000 0.370000 0.370000 0.370000 0.370000 0.370000 0.370000 0.370000 0.370000 0.370000
-9999.0 -9999.0 0.074954 0.076734 0.078963 0.084199 0.092532 0.098378 0.107165 0.118992 0.125170 0.133807 0.142956 0.153260 0.166741 0.182725 0.183993 0.184916 0.184106 0.227073 0.282928 0.339179 0.364642 0.368921 0.369673 0.369759 0.369810 0.369904 0.369970 0.369998 0.370000 0.370000 0.370000 0.370000 0.370000 0.370000 0.370000 0.370000 0.370000 0.370000 0.370000 0.370000 0.370000 0.370000 0.370000 0.370000 0.370000 0.370000 0.370000 0.370000 0.370000 0.370000 0.370000 0.370000 0.370000 0.370000 0.370000 0.370000 0.370000 0.370000 0.370000 0.370000 0.370000
-9999.0 0.072503 0.073870 0.075767 0.079319 0.084535 0.095166 0.112056 0.126629 0.142946 0.156755 0.169430 0.212994 0.259504 0.285354 0.311502 0.308963 0.305827 0.300416 0.333157 0.359717 0.369100 0.369991 0.370000 0.370000 0.370000 0.370000 0.370000 0.370000 0.370000 0.370000 0.370000 0.370000 0.370000 0.370000 0.370000 0.370000 0.370000 0.370000 0.370000 0.370000 0.370000 0.370000 0.370000 0.370000 0.370000 0.370000 0.370000 0.370000 0.370000 0.370000 0.370000 0.370000 0.370000 0.370000 0.370000 0.370000 0.370000 0.370000 0.370000 0.370000 0.370000 0.370000
-9999.0 0.071769 0.073192 0.075589 0.079049 0.085170 0.101613 0.139245 0.160406 0.180269 0.203598 0.252983 0.331041 0.360598 0.366277 0.368650 0.368582 0.368112 0.368181 0.369364 0.369920 0.369999 0.370000 0.370000 0.370000 0.370000 0.370000 0.370000 0.370000 0.370000 0.370000 0.370000 0.370000 0.370000 0.370000 0.370000 0.370000 0.370000 0.370000 0.370000 0.370000 0.370000 0.370000 0.370000 0.370000 0.370000 0.370000 0.370000 0.370000 0.370000 0.370000 0.370000 0.370000 0.370000 0.370000 0.370000 0.370000 0.370000 0.370000 0.370000 0.370000 0.370000 0.370000
-9999.0 0.071409 0.072931 0.074849 0.078185 0.088805 0.109971 0.158473 0.217511 0.250698 0.305643 0.359055 0.368898 0.369920 0.369990 0.369998 0.369999 0.369999 0.370000 0.370000 0.370000 0.370000 0.370000 0.370000 0.370000 0.370000 0.370000 0.370000 0.370000 0.370000 0.370000 0.370000 0.370000 0.370000 0.370000 0.370000 0.370000 0.370000 0.370000 0.370000 0.370000 0.370000 0.370000 0.370000 0.370000 0.370000 0.370000 0.370000 0.370000 0.370000 0.370000 0.370000 0.370000 0.370000 0.370000 0.370000 0.370000 0.370000 0.370000 0.370000 0.370000 0.370000 0.370000
-9999.0 0.070184 0.071444 0.072744 0.078119 0.092635 0.118389 0.196616 0.307369 0.345880 0.367466 0.369871 0.369999 0.370000 0.370000 0.370000 0.370000 0.370000 0.370000 0.370000 0.370000 0.370000 0.370000 0.370000 0.370000 0.370000 0.370000 0.370000 0.370000 0.370000 0.370000 0.370000 0.370000 0.370000 0.370000 0.370000 0.370000 0.370000 0.370000 0.370000 0.370000 0.370000 0.370000 0.370000 0.370000 0.370000 0.370000 0.370000 0.370000 0.370000 0.370000 0.370000 0.370000 0.370000 0.370000 0.370000 0.370000 0.370000 0.370000 0.370000 0.370000 0.370000 0.370000
-9999.0 0.069358 0.070180 0.071963 0.077063 0.089952 0.122358 0.222585 0.357264 0.369018 0.369959 0.369997 0.370000 0.370000 0.370000 0.370000 0.370000 0.370000 0.370000 0.370000 0.370000 0.370000 0.370000 0.370000 0.370000 0.370000 0.370000 0.370000 0.370000 0.370000 0.370000 0.370000 0.370000 0.370000 0.370000 0.370000 0.370000 0.370000 0.370000 0.370000 0.370000 0.370000 0.370000 0.370000 0.370000 0.370000 0.370000 0.370000 0.370000 0.370000 0.370000 0.370000 0.370000 0.370000 0.370000 0.370000 0.370000 0.370000 0.370000 0.370000 0.369999 0.369997 0.369995
-9999.0 0.068771 0.069664 0.071007 0.074309 0.081230 0.097237 0.150573 0.279253 0.368146 0.369998 0.370000 0.370000 0.370000 0.370000 0.370000 0.370000 0.370000 0.370000 0.370000 0.370000 0.370000 0.370000 0.370000 0.370000 0.370000 0.370000 0.370000 0.370000 0.370000 0.370000 0.370000 0.370000 0.370000 0.370000 0.370000 0.370000 0.370000 0.370000 0.370000 0.370000 0.370000 0.370000 0.370000 0.370000 0.370000 0.370000 0.370000 0.370000 0.370000 0.370000 0.370000 0.370000 0.370000 0.370000 0.370000 0.370000 0.369997 0.369988 0.369939 0.369699 0.369198 0.368830
-9999.0 -9999.0 0.069077 0.070175 0.072080 0.076020 0.084422 0.109576 0.178085 0.338624 0.367561 0.369793 0.369971 0.369997 0.370000 0.370000 0.370000 0.370000 0.370000 0.370000 0.370000 0.370000 0.370000 0.370000 0.370000 0.370000 0.370000 0.370000 0.370000 0.370000 0.370000 0.370000 0.370000 0.370000 0.370000 0.370000 0.370000 0.370000 0.370000 0.370000 0.370000 0.370000 0.370000 0.370000 0.370000 0.370000 0.370000 0.370000 0.369999 0.369997 0.369995 0.369993 0.369990 0.369981 0.369968 0.369942 0.369853 0.369654 0.369171 0.367208 0.360837 0.344867 0.323245
-9999.0 -9999.0 0.068573 0.069337 0.070759 0.073395 0.077540 0.086259 0.115079 0.169960 0.252407 0.328518 0.359802 0.367112 0.369012 0.369779 0.369907 0.369940 0.369951 0.369975 0.369992 0.369998 0.369999 0.370000 0.370000 0.370000 0.370000 0.370000 0.370000 0.370000 0.369998 0.369993 0.369986 0.369982 0.369986 0.369990 0.369987 0.369979 0.369959 0.369918 0.369864 0.369788 0.369757 0.369740 0.369733 0.369707 0.369668 0.369542 0.369319 0.369085 0.368824 0.368546 0.368345 0.367879 0.367118 0.366294 0.363557 0.357296 0.345539 0.322930 0.288067 0.257153 0.228566
-9999.0 -9999.0 -9999.0 0.068780 0.069552 0.070662 0.072464 0.074830 0.080263 0.091522 0.110456 0.144324 0.183015 0.225062 0.270732 0.315053 0.337548 0.345979 0.351257 0.363202 0.366533 0.368637 0.369417 0.369620 0.369759 0.369851 0.369870 0.369818 0.369749 0.369590 0.369190 0.368406 0.367684 0.367678 0.367658 0.367782 0.367398 0.366934 0.365726 0.363796 0.361013 0.358193 0.356642 0.355059 0.353921 0.352399 0.350657 0.347241 0.342352 0.336766 0.331662 0.328981 0.326135 0.321859 0.315811 0.309096 0.298193 0.274241 0.250062 0.225179 0.199122 0.176546 0.158086
-9999.0 -9999.0 -9999.0 -9999.0 -9999.0 0.069101 0.070032 0.071322 0.073047 0.075481 0.079780 0.088116 0.094695 0.103614 0.117158 0.132678 0.148957 0.169129 0.199402 0.234899 0.274695 0.305452 0.331751 0.347927 0.354165 0.358618 0.360018 0.357518 0.354100 0.347584 0.334031 0.317779 0.312649 0.312290 0.312296 0.310864 0.306439 0.301547 0.294622 0.282201 0.270678 0.264914 0.260860 0.256986 0.253116 0.249703 0.246366 0.242807 0.234894 0.228354 0.228110 0.225681 0.223274 0.220832 0.215325 0.209408 0.202455 0.184234 0.169742 0.160417 0.144105 0.131799 0.124325
-9999.0 -9999.0 -9999.0 -9999.0 -9999.0 -9999.0 0.068789 0.069460 0.070278 0.071436 0.073298 0.075731 0.077111 0.079776 0.083499 0.088678 0.096057 0.103509 0.113348 0.126591 0.144447 0.163278 0.186902 0.213696 0.226135 0.236584 0.246276 0.238351 0.230006 0.221417 0.203555 0.198974 0.194246 0.194111 0.193804 0.193544 0.189723 0.185627 0.181731 0.174358 0.170765 0.167107 0.164589 0.162240 0.159901 0.157963 0.156524 0.155136 0.151857 0.152257 0.152447 0.151472 0.150306 0.149107 0.146116 0.142184 0.138512 0.131588 0.126220 0.121308 0.113603 0.108598 0.104097
