tests/Borden05m/sims/sim_1/output-maps/thetaliqL0002N0017.asc
ncols         160
nrows         34
xllcorner     620200.000000
yllcorner     5168000.000000
cellsize      0.500000
NODATA_value  -9999.0
[rows 0 to 27 of 34, columns 63 to 125 of 160]
-9999.0 -9999.0 -9999.0 -9999.0 -9999.0 -9999.0 -9999.0 -9999.0 -9999.0 -9999.0 -9999.0 -9999.0 -9999.0 -9999.0 -9999.0 -9999.0 -9999.0 -9999.0 -9999.0 -9999.0 -9999.0 -9999.0 -9999.0 -9999.0 -9999.0 -9999.0 -9999.0 -9999.0 -9999.0 -9999.0 -9999.0 -9999.0 -9999.0 -9999.0 -9999.0 -9999.0 -9999.0 -9999.0 -9999.0 -9999.0 -9999.0 -9999.0 -9999.0 -9999.0 -9999.0 -9999.0 -9999.0 -9999.0 -9999.0 -9999.0 -9999.0 -9999.0 -9999.0 -9999.0 -9999.0 -9999.0 -9999.0 -9999.0 -9999.0 -9999.0 -9999.0 -9999.0 -9999.0
0.187642 0.186805 0.185830 0.185672 0.185779 0.185606 0.185228 0.185744 0.186417 0.186999 0.187810 0.187666 0.187769 0.188080 0.188164 0.188021 0.187646 0.187399 0.187109 0.187485 0.186369 0.184931 0.183839 0.183617 0.184541 0.185096 0.185002 0.185532 0.186685 0.187687 0.188047 0.189264 0.189115 0.189609 0.190396 0.189761 0.189597 0.189668 0.189871 0.188195 -9999.0 -9999.0 -9999.0 -9999.0 -9999.0 -9999.0 -9999.0 -9999.0 -9999.0 -9999.0 -9999.0 -9999.0 -9999.0 -9999.0 -9999.0 -9999.0 -9999.0 -9999.0 -9999.0 -9999.0 -9999.0 -9999.0 -9999.0
0.185333 0.184196 0.183906 0.183076 0.182725 0.182633 0.182310 0.182576 0.183948 0.184935 0.185226 0.185030 0.184936 0.184646 0.184436 0.184500 0.184154 0.183834 0.183494 0.183581 0.184423 0.183386 0.182867 0.182367 0.181845 0.182049 0.182218 0.182290 0.183586 0.184110 0.184489 0.186280 0.187968 0.188426 0.187751 0.187004 0.187169 0.187078 0.186367 0.185680 0.185625 0.185288 0.185140 0.184523 0.185471 0.185486 0.186579 0.187513 0.188616 0.190248 -9999.0 -9999.0 -9999.0 -9999.0 -9999.0 -9999.0 -9999.0 -9999.0 -9999.0 -9999.0 -9999.0 -9999.0 -9999.0
0.183682 0.183297 0.182495 0.181303 0.182652 0.182472 0.182352 0.182601 0.183054 0.183227 0.183445 0.183778 0.185025 0.184942 0.184837 0.184900 0.184682 0.184280 0.184306 0.184084 0.183056 0.183215 0.183465 0.183249 0.184265 0.184325 0.184896 0.183110 0.183406 0.183852 0.184182 0.184435 0.184734 0.185131 0.184348 0.184885 0.184232 0.182816 0.182439 0.182520 0.183605 0.184156 0.183455 0.181043 0.182317 0.185040 0.184853 0.184446 0.185813 0.187170 0.189076 0.188832 0.188670 0.188870 0.189204 0.187560 0.186505 0.185737 0.183490 -9999.0 -9999.0 -9999.0 -9999.0
0.183646 0.182779 0.181753 0.183948 0.184874 0.184398 0.184656 0.185293 0.185300 0.182562 0.181859 0.182922 0.184058 0.184549 0.184061 0.183826 0.183368 0.183369 0.183648 0.183350 0.183772 0.184145 0.183700 0.184413 0.185223 0.185988 0.184241 0.182677 0.182765 0.184054 0.185012 0.185524 0.186927 0.189117 0.188752 0.188229 0.187935 0.187595 0.185024 0.182746 0.181850 0.181458 0.180808 0.181305 0.180849 0.182980 0.182822 0.182492 0.183545 0.184379 0.185437 0.186186 0.186060 0.186321 0.186651 0.186171 0.185007 0.184380 0.183969 0.182919 0.180963 0.177459 0.177704
0.181512 0.181572 0.183525 0.184637 0.186524 0.185874 0.185941 0.185867 0.183975 0.182546 0.181597 0.184418 0.186738 0.187526 0.186929 0.186433 0.188515 0.187891 0.187598 0.186351 0.186799 0.186655 0.188893 0.189786 0.190985 0.190520 0.188283 0.186425 0.186308 0.186498 0.186288 0.186830 0.188264 0.190081 0.188785 0.188159 0.188161 0.184256 0.181286 0.180261 0.182204 0.183331 0.183110 0.183284 0.183362 0.181914 0.182249 0.182403 0.181738 0.183412 0.185104 0.185299 0.183861 0.183377 0.184020 0.183835 0.183897 0.183199 0.182434 0.181881 0.178569 0.179587 0.177861
0.185786 0.186568 0.187697 0.189833 0.193956 0.193215 0.193511 0.194872 0.192597 0.190485 0.187432 0.190832 0.191700 0.192912 0.192812 0.195575 0.198093 0.196544 0.194423 0.191979 0.193464 0.196797 0.200040 0.200879 0.201303 0.201894 0.199555 0.198864 0.198322 0.198495 0.197004 0.197096 0.199546 0.203783 0.204239 0.202032 0.197923 0.192030 0.186955 0.184298 0.187154 0.186269 0.185845 0.186281 0.184418 0.183332 0.184821 0.183437 0.182387 0.184648 0.184903 0.184595 0.182760 0.184983 0.184562 0.182700 0.181466 0.180814 0.180319 0.179441 0.180191 0.179671 0.178212
0.188225 0.189031 0.192088 0.196638 0.202326 0.205889 0.209049 0.212536 0.209866 0.206908 0.203639 0.204224 0.208143 0.212316 0.217399 0.223424 0.230297 0.228357 0.224671 0.224275 0.225894 0.233722 0.241742 0.245336 0.247700 0.251984 0.248925 0.243402 0.237315 0.231634 0.226956 0.223554 0.230003 0.237445 0.235984 0.222914 0.213074 0.203641 0.195875 0.188713 0.188703 0.189831 0.190842 0.188344 0.187087 0.184860 0.184341 0.184479 0.182185 0.183401 0.183703 0.185305 0.187705 0.188267 0.186132 0.184936 0.183611 0.182237 0.181170 0.181968 0.182269 0.181268 0.180265
0.216886 0.218622 0.224009 0.241044 0.270039 0.293086 0.307700 0.310143 0.305612 0.299809 0.289569 0.283544 0.292690 0.301420 0.308317 0.313581 0.318295 0.321563 0.321326 0.321366 0.322336 0.323543 0.325763 0.328395 0.331016 0.333847 0.334824 0.331477 0.327797 0.323577 0.319548 0.318341 0.317133 0.319373 0.319066 0.311033 0.297269 0.274360 0.245340 0.226000 0.214651 0.214299 0.209301 0.205294 0.201025 0.193149 0.190946 0.189679 0.184018 0.183448 0.185313 0.187788 0.189599 0.186388 0.184937 0.183622 0.182194 0.180428 0.181151 0.182146 0.182476 0.182147 0.182132
0.306853 0.309542 0.312578 0.325767 0.339713 0.350283 0.356729 0.358769 0.357051 0.354865 0.352064 0.349258 0.349178 0.352624 0.356306 0.359323 0.361007 0.361559 0.361306 0.361323 0.361474 0.361923 0.362208 0.362778 0.363614 0.364811 0.366035 0.365805 0.364158 0.362375 0.359701 0.358066 0.357271 0.356009 0.355842 0.355745 0.349912 0.341736 0.329800 0.315863 0.305219 0.291294 0.274289 0.256948 0.230367 0.212881 0.201796 0.194578 0.188303 0.187149 0.193884 0.200457 0.197056 0.195652 0.193495 0.190132 0.187462 0.184176 0.184588 0.185086 0.184725 0.184284 0.183755
0.356100 0.357520 0.359236 0.362164 0.365984 0.368299 0.369327 0.369491 0.369391 0.369163 0.368862 0.368594 0.368462 0.368647 0.368920 0.369242 0.369453 0.369586 0.369600 0.369592 0.369601 0.369632 0.369636 0.369658 0.369697 0.369789 0.369852 0.369852 0.369807 0.369652 0.369368 0.368981 0.368621 0.368328 0.368256 0.368261 0.368223 0.367136 0.364331 0.357687 0.350221 0.342726 0.337401 0.331241 0.325198 0.309191 0.298582 0.275512 0.245218 0.224576 0.236130 0.227264 0.220829 0.213735 0.206177 0.200740 0.196217 0.191775 0.191169 0.191171 0.190358 0.190085 0.189234
0.369060 0.369289 0.369490 0.369704 0.369850 0.369958 0.369999 0.370000 0.370000 0.369997 0.369999 0.369999 0.369991 0.369999 0.369999 0.369999 0.370000 0.369999 0.370000 0.370000 0.370000 0.370000 0.370000 0.370000 0.370000 0.370000 0.370000 0.370000 0.370000 0.370000 0.370000 0.369983 0.369960 0.369945 0.369932 0.369929 0.369919 0.369880 0.369698 0.369021 0.367482 0.365414 0.363229 0.361229 0.359591 0.358055 0.354970 0.348045 0.334605 0.319596 0.312146 0.307077 0.297909 0.276219 0.250632 0.234046 0.216894 0.204845 0.199068 0.198030 0.197040 0.195811 0.194069
0.369999 0.370000 0.369999 0.370000 0.370000 0.370000 0.370000 0.370000 0.370000 0.370000 0.370000 0.370000 0.370000 0.370000 0.370000 0.370000 0.370000 0.370000 0.370000 0.370000 0.370000 0.370000 0.370000 0.370000 0.370000 0.370000 0.370000 0.370000 0.370000 0.370000 0.370000 0.370000 0.370000 0.370000 0.370000 0.370000 0.370000 0.370000 0.370000 0.369984 0.369900 0.369656 0.369348 0.369131 0.368960 0.368792 0.368255 0.367117 0.364915 0.360285 0.352072 0.348577 0.343385 0.334173 0.325664 0.319201 0.303429 0.277496 0.249837 0.237359 0.223361 0.213487 0.208106
0.370000 0.370000 0.370000 0.370000 0.370000 0.370000 0.370000 0.370000 0.370000 0.370000 0.370000 0.370000 0.370000 0.370000 0.370000 0.370000 0.370000 0.370000 0.370000 0.370000 0.370000 0.370000 0.370000 0.370000 0.370000 0.370000 0.370000 0.370000 0.370000 0.370000 0.370000 0.370000 0.370000 0.370000 0.370000 0.370000 0.370000 0.370000 0.370000 0.370000 0.370000 0.370000 0.369986 0.369971 0.369969 0.369961 0.369943 0.369839 0.369565 0.368802 0.367009 0.365272 0.363809 0.362560 0.361032 0.358597 0.350657 0.338647 0.325997 0.316249 0.302364 0.283039 0.259990
0.370000 0.370000 0.370000 0.370000 0.370000 0.370000 0.370000 0.370000 0.370000 0.370000 0.370000 0.370000 0.370000 0.370000 0.370000 0.370000 0.370000 0.370000 0.370000 0.370000 0.370000 0.370000 0.370000 0.370000 0.370000 0.370000 0.370000 0.370000 0.370000 0.370000 0.370000 0.370000 0.370000 0.370000 0.370000 0.370000 0.370000 0.370000 0.370000 0.370000 0.370000 0.370000 0.370000 0.370000 0.370000 0.370000 0.370000 0.369998 0.369986 0.369938 0.369772 0.369392 0.369161 0.368972 0.368684 0.368308 0.366431 0.362928 0.357355 0.351074 0.343399 0.334235 0.324012
0.370000 0.370000 0.370000 0.370000 0.370000 0.370000 0.370000 0.370000 0.370000 0.370000 0.370000 0.370000 0.370000 0.369998 0.369995 0.369992 0.369992 0.369994 0.369997 0.369998 0.369998 0.369998 0.369997 0.369994 0.369990 0.369990 0.369992 0.369995 0.369998 0.369998 0.369998 0.369998 0.369998 0.369997 0.369997 0.369999 0.370000 0.370000 0.370000 0.370000 0.370000 0.370000 0.370000 0.370000 0.370000 0.370000 0.370000 0.370000 0.370000 0.370000 0.369998 0.369981 0.369966 0.369952 0.369917 0.369887 0.369685 0.369054 0.367676 0.365400 0.362175 0.358208 0.353041
0.370000 0.370000 0.370000 0.370000 0.370000 0.369998 0.369997 0.369997 0.369997 0.369997 0.369995 0.369988 0.369960 0.369914 0.369839 0.369807 0.369772 0.369753 0.369830 0.369903 0.369920 0.369874 0.369827 0.369728 0.369651 0.369624 0.369647 0.369742 0.369863 0.369926 0.369929 0.369901 0.369866 0.369846 0.369845 0.369901 0.369969 0.369990 0.369997 0.369999 0.370000 0.370000 0.370000 0.370000 0.370000 0.370000 0.370000 0.370000 0.370000 0.370000 0.370000 0.370000 0.370000 0.370000 0.369999 0.369997 0.369985 0.369921 0.369741 0.369300 0.368612 0.367698 0.365941
0.369997 0.369996 0.369993 0.369985 0.369962 0.369928 0.369873 0.369854 0.369843 0.369852 0.369774 0.369650 0.369317 0.368903 0.368326 0.367928 0.367614 0.367296 0.367751 0.368497 0.368817 0.368229 0.367738 0.366908 0.366417 0.366169 0.366262 0.366956 0.368230 0.368898 0.369059 0.368827 0.368586 0.368472 0.368485 0.368733 0.369248 0.369621 0.369818 0.369905 0.369950 0.369971 0.369985 0.369994 0.369999 0.370000 0.370000 0.370000 0.370000 0.370000 0.370000 0.370000 0.370000 0.370000 0.370000 0.370000 0.370000 0.369999 0.369990 0.369939 0.369843 0.369672 0.369395
0.369905 0.369876 0.369816 0.369297 0.368873 0.368222 0.367483 0.367192 0.366740 0.366531 0.365741 0.364984 0.363577 0.361335 0.358461 0.355479 0.354424 0.353451 0.352571 0.355092 0.356085 0.355326 0.353614 0.351662 0.350548 0.349851 0.350873 0.354086 0.356891 0.359184 0.360081 0.359082 0.359937 0.360851 0.360881 0.363095 0.364845 0.366520 0.367901 0.368825 0.369184 0.369403 0.369593 0.369772 0.369893 0.369961 0.369990 0.369999 0.370000 0.370000 0.370000 0.370000 0.370000 0.370000 0.370000 0.370000 0.370000 0.370000 0.370000 0.369999 0.369995 0.369984 0.369954
0.369232 0.369080 0.367918 0.364812 0.360884 0.357810 0.353489 0.351231 0.349112 0.342864 0.338302 0.334985 0.335156 0.330402 0.323454 0.317480 0.314850 0.313157 0.309247 0.308079 0.309587 0.313151 0.309988 0.308148 0.309022 0.307944 0.307201 0.311072 0.316917 0.320243 0.323573 0.326632 0.328451 0.330912 0.339590 0.344398 0.348694 0.353876 0.358501 0.362215 0.364530 0.365765 0.366887 0.368019 0.368745 0.369341 0.369712 0.369911 0.369971 0.369988 0.369995 0.369999 0.370000 0.370000 0.370000 0.370000 0.370000 0.370000 0.370000 0.370000 0.370000 0.370000 0.370000
0.363474 0.361941 0.354548 0.343531 0.332039 0.323397 0.313581 0.307286 0.295760 0.273677 0.257674 0.257307 0.261162 0.256465 0.244481 0.235204 0.229468 0.224253 0.218020 0.214649 0.217795 0.221273 0.221206 0.221044 0.222263 0.222132 0.221767 0.222094 0.228529 0.233610 0.239576 0.245094 0.250578 0.271382 0.291664 0.303656 0.313822 0.322835 0.332615 0.341672 0.347996 0.351999 0.356237 0.359952 0.363072 0.365514 0.367502 0.368848 0.369436 0.369666 0.369806 0.369903 0.369970 0.369993 0.369999 0.370000 0.370000 0.370000 0.370000 0.370000 0.370000 0.370000 0.370000
0.339544 0.328642 0.312074 0.292317 0.267254 0.245848 0.230573 0.219653 0.209999 0.202637 0.198489 0.200836 0.202189 0.204361 0.200748 0.197938 0.197201 0.194740 0.192599 0.189899 0.192038 0.193070 0.195692 0.195478 0.195576 0.196759 0.196176 0.195973 0.194391 0.196314 0.197524 0.199042 0.204403 0.210405 0.217930 0.226308 0.238192 0.256222 0.279921 0.300764 0.314531 0.323345 0.331638 0.339921 0.346504 0.352039 0.357379 0.362116 0.365035 0.366677 0.367931 0.368684 0.369376 0.369776 0.369932 0.369991 0.369999 0.370000 0.370000 0.370000 0.370000 0.370000 0.370000
0.260619 0.238564 0.217885 0.208539 0.203562 0.199009 0.195854 0.193503 0.189973 0.187580 0.184185 0.185475 0.187292 0.189940 0.187756 0.187397 0.187805 0.186496 0.185135 0.182993 0.183343 0.185083 0.187201 0.187138 0.187583 0.188811 0.188838 0.187862 0.185930 0.186427 0.187725 0.189035 0.191663 0.194266 0.196988 0.199552 0.203361 0.208418 0.215065 0.225863 0.242397 0.259353 0.283098 0.303889 0.315688 0.322233 0.329783 0.340234 0.346768 0.352703 0.357627 0.360782 0.364736 0.367495 0.369123 0.369763 0.369945 0.369982 0.369994 0.369999 0.370000 0.370000 0.370000
0.196924 0.192135 0.190271 0.188643 0.186934 0.185536 0.184075 0.182779 0.181726 0.180127 0.177058 0.178321 0.180103 0.182156 0.182220 0.181995 0.182154 0.181658 0.180241 0.177794 0.178829 0.180345 0.181745 0.182197 0.182480 0.183357 0.182736 0.181453 0.179641 0.180423 0.181854 0.182688 0.183777 0.185399 0.187169 0.188991 0.191184 0.193537 0.196832 0.200844 0.205877 0.212106 0.220605 0.233701 0.244110 0.257026 0.271504 0.291084 0.305825 0.316635 0.327145 0.337129 0.347664 0.357673 0.364046 0.367433 0.369042 0.369583 0.369806 0.369914 0.369978 0.369996 0.370000
0.187179 0.184763 0.183316 0.182232 0.182730 0.182221 0.180764 0.180805 0.180037 0.177588 0.178444 0.179144 0.181147 0.180795 0.180690 0.180214 0.180533 0.180206 0.177845 0.179030 0.179557 0.180966 0.181242 0.181561 0.181804 0.182070 0.181786 0.180083 0.180436 0.180903 0.182220 0.182301 0.182888 0.184479 0.185029 0.186085 0.187597 0.189267 0.191326 0.193922 0.197626 0.201623 0.205665 0.207262 0.210348 0.213163 0.211644 0.218356 0.226871 0.238598 0.259280 0.284402 0.306765 0.326095 0.343549 0.355892 0.362826 0.366779 0.368167 0.369071 0.369592 0.369847 0.369952
0.181111 0.179444 0.177797 0.178650 0.178783 0.178698 0.178384 0.177904 0.176840 0.178076 0.178227 0.178133 0.178022 0.178024 0.178188 0.177952 0.177815 0.177883 0.178826 0.178965 0.178675 0.179068 0.179374 0.179714 0.179349 0.179457 0.179492 0.179844 0.179806 0.179561 0.180197 0.180419 0.180657 0.181329 0.181830 0.182475 0.183656 0.184640 0.185916 0.188116 0.190890 0.192938 0.193349 0.194904 0.195634 0.194457 0.193445 0.195520 0.197848 0.200082 0.205393 0.212147 0.223289 0.258681 0.300872 0.324738 0.340660 0.352361 0.359309 0.363668 0.366360 0.368344 0.369249
0.179253 0.177862 0.177577 0.178239 0.178301 0.178277 0.177470 0.176710 0.177458 0.177739 0.177686 0.177381 0.177714 0.177853 0.178280 0.177873 0.177672 0.177790 0.177901 0.177851 0.178173 0.178417 0.178625 0.179662 0.179130 0.179100 0.179465 0.179321 0.179220 0.178964 0.179674 0.179952 0.180069 0.180726 0.181154 0.181637 0.182332 0.183466 0.185584 0.187320 0.189619 0.191866 0.192340 0.192720 0.192212 0.191665 0.189365 0.189342 0.191736 0.191379 0.193405 0.197005 0.197928 0.207757 0.227482 0.254359 0.290847 0.314204 0.335066 0.345592 0.354717 0.361261 0.365360
0.177355 0.177430 0.176780 0.176941 0.176868 0.176457 0.175951 0.176522 0.176475 0.176416 0.176455 0.176280 0.176589 0.176834 0.177085 0.176945 0.176922 0.176493 0.176491 0.176947 0.177010 0.177305 0.177916 0.178735 0.178232 0.178148 0.178175 0.177999 0.178034 0.177756 0.178340 0.178797 0.178957 0.179732 0.180116 0.179844 0.180792 0.182384 0.184044 0.185264 0.187144 0.190078 0.189289 0.189213 0.189547 0.187654 0.185413 0.185316 0.186029 0.185517 0.187056 0.188132 0.188289 0.192646 0.196899 0.202753 0.213798 0.240553 0.284748 0.309298 0.326206 0.340135 0.349954
