tests/Borden05m/sims/sim_1/output-maps/thetaliqL0001N0018.asc
ncols         160
nrows         34
xllcorner     620200.000000
yllcorner     5168000.000000
cellsize      0.500000
NODATA_value  -9999.0
[rows 0 to 27 of 34, columns 0 to 62 of 160]
-9999.0 -9999.0 -9999.0 -9999.0 -9999.0 -9999.0 -9999.0 -9999.0 -9999.0 -9999.0 -9999.0 -9999.0 -9999.0 -9999.0 -9999.0 -9999.0 -9999.0 -9999.0 -9999.0 -9999.0 -9999.0 -9999.0 -9999.0 -9999.0 -9999.0 -9999.0 -9999.0 -9999.0 -9999.0 -9999.0 -9999.0 -9999.0 -9999.0 -9999.0 -9999.0 -9999.0 -9999.0 -9999.0 -9999.0 -9999.0 -9999.0 -9999.0 -9999.0 -9999.0 -9999.0 -9999.0 -9999.0 -9999.0 -9999.0 -9999.0 -9999.0 -9999.0 -9999.0 -9999.0 -9999.0 -9999.0 -9999.0 -9999.0 -9999.0 -9999.0 -9999.0 -9999.0 -9999.0
-9999.0 -9999.0 -9999.0 -9999.0 -9999.0 -9999.0 -9999.0 -9999.0 -9999.0 -9999.0 -9999.0 -9999.0 -9999.0 -9999.0 -9999.0 -9999.0 -9999.0 -9999.0 -9999.0 -9999.0 -9999.0 -9999.0 -9999.0 -9999.0 -9999.0 -9999.0 -9999.0 -9999.0 -9999.0 -9999.0 -9999.0 -9999.0 -9999.0 -9999.0 -9999.0 -9999.0 -9999.0 -9999.0 -9999.0 -9999.0 -9999.0 -9999.0 -9999.0 -9999.0 -9999.0 -9999.0 -9999.0 -9999.0 -9999.0 -9999.0 -9999.0 -9999.0 -9999.0 -9999.0 -9999.0 -9999.0 -9999.0 -9999.0 -9999.0 0.179512 0.178810 0.178319 0.178037
-9999.0 -9999.0 -9999.0 -9999.0 -9999.0 -9999.0 -9999.0 -9999.0 -9999.0 -9999.0 -9999.0 -9999.0 -9999.0 -9999.0 -9999.0 -9999.0 -9999.0 -9999.0 -9999.0 -9999.0 -9999.0 -9999.0 -9999.0 -9999.0 -9999.0 -9999.0 -9999.0 -9999.0 -9999.0 -9999.0 -9999.0 -9999.0 -9999.0 -9999.0 -9999.0 -9999.0 -9999.0 -9999.0 -9999.0 -9999.0 -9999.0 -9999.0 -9999.0 -9999.0 -9999.0 -9999.0 -9999.0 0.174003 0.172099 0.169844 0.169246 0.171750 0.172907 0.174001 0.174752 0.175460 0.176546 0.178505 0.178396 0.175631 0.175358 0.175290 0.175405
-9999.0 -9999.0 -9999.0 -9999.0 -9999.0 -9999.0 -9999.0 -9999.0 -9999.0 -9999.0 -9999.0 -9999.0 -9999.0 -9999.0 -9999.0 -9999.0 -9999.0 -9999.0 -9999.0 -9999.0 -9999.0 -9999.0 -9999.0 -9999.0 -9999.0 -9999.0 -9999.0 -9999.0 -9999.0 -9999.0 -9999.0 -9999.0 -9999.0 -9999.0 -9999.0 -9999.0 -9999.0 -9999.0 -9999.0 -9999.0 0.173897 0.174790 0.175530 0.174224 0.173665 0.173745 0.172390 0.170848 0.169284 0.169741 0.169772 0.168707 0.170426 0.171832 0.172343 0.172784 0.174036 0.176225 0.176094 0.174031 0.172801 0.172436 0.172691
-9999.0 -9999.0 -9999.0 -9999.0 -9999.0 -9999.0 -9999.0 -9999.0 -9999.0 -9999.0 -9999.0 -9999.0 -9999.0 -9999.0 -9999.0 -9999.0 -9999.0 -9999.0 -9999.0 -9999.0 -9999.0 -9999.0 -9999.0 -9999.0 -9999.0 -9999.0 -9999.0 -9999.0 -9999.0 -9999.0 -9999.0 -9999.0 -9999.0 -9999.0 0.169837 0.171443 0.172175 0.172876 0.173932 0.173582 0.173283 0.174062 0.173366 0.173322 0.172449 0.170854 0.169270 0.168389 0.169312 0.169004 0.169009 0.169820 0.170331 0.170535 0.171693 0.173571 0.172648 0.173118 0.172857 0.172015 0.172812 0.173463 0.173883
-9999.0 -9999.0 -9999.0 -9999.0 -9999.0 -9999.0 -9999.0 -9999.0 -9999.0 -9999.0 -9999.0 -9999.0 -9999.0 -9999.0 -9999.0 -9999.0 -9999.0 -9999.0 -9999.0 -9999.0 -9999.0 -9999.0 -9999.0 -9999.0 -9999.0 -9999.0 -9999.0 -9999.0 0.172248 0.171610 0.171122 0.171153 0.170929 0.170062 0.169838 0.170002 0.170867 0.172268 0.172507 0.172333 0.172441 0.172105 0.171157 0.171058 0.172102 0.171127 0.170664 0.170032 0.168458 0.168081 0.168982 0.169848 0.170601 0.170787 0.170897 0.170926 0.171032 0.173419 0.174033 0.172714 0.171990 0.171661 0.171861
-9999.0 -9999.0 -9999.0 -9999.0 -9999.0 -9999.0 -9999.0 -9999.0 -9999.0 -9999.0 -9999.0 -9999.0 -9999.0 -9999.0 -9999.0 -9999.0 -9999.0 -9999.0 -9999.0 -9999.0 -9999.0 -9999.0 -9999.0 0.171141 0.171731 0.171952 0.172468 0.172202 0.170959 0.170173 0.169833 0.169555 0.168907 0.168829 0.168818 0.169234 0.169545 0.170995 0.170269 0.169808 0.171071 0.170758 0.171577 0.172536 0.172308 0.172512 0.170751 0.169455 0.170836 0.171398 0.171328 0.171009 0.171450 0.172062 0.172834 0.174175 0.175896 0.177354 0.179760 0.178144 0.176986 0.174992 0.175199
-9999.0 -9999.0 -9999.0 -9999.0 -9999.0 -9999.0 -9999.0 -9999.0 -9999.0 -9999.0 -9999.0 -9999.0 -9999.0 -9999.0 -9999.0 -9999.0 -9999.0 -9999.0 -9999.0 0.171175 0.170993 0.170633 0.170773 0.169612 0.169123 0.169454 0.170079 0.169706 0.169039 0.168462 0.168531 0.168609 0.168463 0.169341 0.170055 0.170291 0.170100 0.171246 0.171589 0.172253 0.174016 0.172845 0.171712 0.171120 0.171073 0.170752 0.171821 0.172152 0.172243 0.172147 0.172173 0.172417 0.172548 0.173977 0.175325 0.176471 0.177588 0.179113 0.181965 0.180795 0.178585 0.176314 0.176359
-9999.0 -9999.0 -9999.0 -9999.0 -9999.0 -9999.0 -9999.0 -9999.0 -9999.0 -9999.0 -9999.0 -9999.0 -9999.0 -9999.0 -9999.0 -9999.0 0.171018 0.170919 0.170478 0.169769 0.169149 0.169136 0.169611 0.168749 0.168466 0.168658 0.168281 0.168704 0.169162 0.169716 0.169965 0.169344 0.169459 0.169369 0.169295 0.169583 0.170877 0.172077 0.172332 0.173210 0.174818 0.173872 0.173472 0.173519 0.172937 0.173448 0.175894 0.175497 0.174443 0.177053 0.178442 0.177921 0.177640 0.179326 0.181966 0.185531 0.191632 0.196161 0.201664 0.204294 0.199386 0.198664 0.200448
-9999.0 -9999.0 -9999.0 -9999.0 -9999.0 -9999.0 -9999.0 -9999.0 -9999.0 -9999.0 -9999.0 -9999.0 -9999.0 0.170815 0.170727 0.170850 0.169729 0.168867 0.168346 0.167621 0.168543 0.167880 0.167670 0.167829 0.168648 0.168663 0.168757 0.169279 0.169100 0.168844 0.168598 0.168092 0.168790 0.169486 0.169968 0.170990 0.171776 0.172403 0.173590 0.173790 0.174607 0.174301 0.173309 0.173088 0.173854 0.176149 0.177936 0.178598 0.181972 0.185630 0.187468 0.189890 0.191096 0.192788 0.197135 0.211006 0.232406 0.256249 0.271525 0.284107 0.285803 0.288325 0.290504
-9999.0 -9999.0 -9999.0 -9999.0 -9999.0 -9999.0 -9999.0 -9999.0 -9999.0 -9999.0 0.169035 0.169613 0.168771 0.167237 0.166565 0.166913 0.167279 0.166704 0.166717 0.168336 0.169230 0.167691 0.168750 0.168764 0.168105 0.168271 0.168701 0.168770 0.169792 0.169828 0.169843 0.171544 0.171982 0.172451 0.173105 0.173815 0.174454 0.177195 0.179608 0.179553 0.183060 0.185380 0.183500 0.182844 0.183373 0.186090 0.190768 0.198046 0.206176 0.219313 0.233593 0.244834 0.254059 0.265216 0.278206 0.295517 0.313392 0.327428 0.338803 0.344566 0.346723 0.347681 0.349087
-9999.0 -9999.0 -9999.0 -9999.0 -9999.0 -9999.0 -9999.0 -9999.0 0.166775 0.167658 0.168225 0.167521 0.166584 0.164910 0.165541 0.166167 0.166591 0.167224 0.167527 0.167776 0.167382 0.167938 0.168968 0.168683 0.168795 0.169476 0.169489 0.170114 0.171074 0.170629 0.171174 0.172079 0.172886 0.173603 0.174472 0.174996 0.177851 0.181814 0.186340 0.190540 0.196902 0.205698 0.205815 0.207589 0.209702 0.224073 0.247971 0.275451 0.294471 0.308658 0.322319 0.329389 0.333949 0.339222 0.344985 0.349432 0.355174 0.360753 0.364662 0.366519 0.367302 0.367510 0.367905
-9999.0 -9999.0 -9999.0 -9999.0 -9999.0 -9999.0 0.165468 0.167418 0.168378 0.166165 0.164517 0.163977 0.163007 0.165112 0.167037 0.167400 0.167683 0.168022 0.167822 0.166552 0.169564 0.168719 0.168121 0.169059 0.168975 0.169043 0.169624 0.170972 0.171583 0.174375 0.176497 0.178378 0.180930 0.182571 0.184352 0.186530 0.192638 0.203141 0.219598 0.240855 0.265115 0.286888 0.294438 0.298153 0.302402 0.310329 0.324037 0.336961 0.348817 0.356992 0.361339 0.362940 0.364185 0.365379 0.366565 0.367565 0.368430 0.369178 0.369604 0.369826 0.369912 0.369933 0.369968
-9999.0 -9999.0 -9999.0 -9999.0 0.166522 0.166956 0.166604 0.168326 0.169544 0.166827 0.167807 0.167344 0.166478 0.165408 0.164142 0.165051 0.165571 0.165919 0.165761 0.168697 0.171217 0.169566 0.170871 0.173419 0.172849 0.173126 0.173253 0.174449 0.176704 0.179661 0.186771 0.194089 0.199929 0.207642 0.216537 0.230767 0.256525 0.285510 0.304635 0.321148 0.334680 0.343816 0.349003 0.351646 0.354532 0.357506 0.360846 0.364369 0.366984 0.368715 0.369413 0.369648 0.369735 0.369816 0.369887 0.369949 0.369997 0.369999 0.370000 0.370000 0.370000 0.370000 0.370000
-9999.0 -9999.0 -9999.0 0.165375 0.167283 0.167984 0.167060 0.167410 0.168897 0.167464 0.167196 0.166978 0.166865 0.166906 0.166817 0.167359 0.167440 0.166994 0.167381 0.169147 0.169981 0.171513 0.172691 0.174576 0.176223 0.176861 0.177764 0.180195 0.186586 0.195008 0.213545 0.248089 0.279036 0.295309 0.304676 0.316451 0.327389 0.340978 0.351293 0.358351 0.363189 0.365906 0.367551 0.368261 0.368582 0.368886 0.369335 0.369659 0.369856 0.369988 0.369999 0.370000 0.370000 0.370000 0.370000 0.370000 0.370000 0.370000 0.370000 0.370000 0.370000 0.370000 0.370000
-9999.0 -9999.0 0.165718 0.166795 0.166061 0.167451 0.168998 0.167896 0.169769 0.170411 0.168529 0.169644 0.170235 0.169088 0.169879 0.170758 0.171147 0.169663 0.168589 0.170767 0.175547 0.179709 0.182228 0.193815 0.201680 0.207274 0.210321 0.220951 0.242144 0.278947 0.305996 0.329121 0.344595 0.353576 0.356669 0.359757 0.363352 0.365988 0.367970 0.369019 0.369534 0.369816 0.369941 0.369996 0.369997 0.369999 0.370000 0.370000 0.370000 0.370000 0.370000 0.370000 0.370000 0.370000 0.370000 0.370000 0.370000 0.370000 0.370000 0.370000 0.370000 0.370000 0.370000
-9999.0 -9999.0 0.164503 0.166277 0.165069 0.167953 0.170623 0.168011 0.168828 0.171654 0.170903 0.171253 0.170998 0.171290 0.172591 0.175259 0.173821 0.173285 0.170411 0.177403 0.184335 0.198516 0.234540 0.276014 0.298238 0.301961 0.304295 0.312292 0.324117 0.342190 0.356999 0.365228 0.368216 0.369164 0.369450 0.369655 0.369851 0.369990 0.369996 0.370000 0.369999 0.370000 0.370000 0.370000 0.370000 0.370000 0.370000 0.370000 0.370000 0.370000 0.370000 0.370000 0.370000 0.370000 0.370000 0.370000 0.370000 0.370000 0.370000 0.370000 0.370000 0.370000 0.370000
-9999.0 0.164118 0.165001 0.165074 0.166933 0.166388 0.168651 0.171969 0.171767 0.172945 0.173001 0.171204 0.178349 0.185070 0.187561 0.194080 0.191310 0.189273 0.185283 0.194315 0.215565 0.279481 0.335945 0.352602 0.357690 0.357961 0.357156 0.359573 0.363370 0.367262 0.369624 0.369994 0.370000 0.370000 0.370000 0.370000 0.370000 0.370000 0.370000 0.370000 0.370000 0.370000 0.370000 0.370000 0.370000 0.370000 0.370000 0.370000 0.370000 0.370000 0.370000 0.370000 0.370000 0.370000 0.370000 0.370000 0.370000 0.370000 0.369998 0.369997 0.369995 0.369993 0.369992
-9999.0 0.161484 0.164923 0.167026 0.166255 0.164923 0.170121 0.178159 0.175174 0.174282 0.174105 0.179996 0.200078 0.225764 0.249378 0.275154 0.274085 0.265503 0.267361 0.290172 0.318789 0.350107 0.367309 0.369591 0.369432 0.369443 0.369512 0.369752 0.369924 0.369989 0.370000 0.370000 0.370000 0.370000 0.370000 0.370000 0.370000 0.370000 0.370000 0.370000 0.370000 0.370000 0.370000 0.370000 0.370000 0.370000 0.370000 0.370000 0.370000 0.369999 0.369999 0.369998 0.369998 0.369998 0.369997 0.369996 0.369991 0.369977 0.369958 0.369929 0.369888 0.369858 0.369859
-9999.0 0.164290 0.168282 0.167285 0.164118 0.169069 0.171133 0.176830 0.181639 0.180421 0.189067 0.224780 0.280997 0.315793 0.333363 0.341575 0.346348 0.346275 0.352982 0.362846 0.368795 0.369991 0.370000 0.370000 0.369999 0.369995 0.369990 0.369989 0.369992 0.369997 0.370000 0.370000 0.370000 0.370000 0.370000 0.370000 0.370000 0.370000 0.370000 0.370000 0.370000 0.370000 0.370000 0.370000 0.370000 0.369999 0.369998 0.369996 0.369993 0.369984 0.369977 0.369969 0.369964 0.369955 0.369942 0.369922 0.369867 0.369769 0.369618 0.369429 0.369180 0.368880 0.368893
-9999.0 0.159919 0.165396 0.160851 0.167661 0.173529 0.172682 0.182763 0.197002 0.204650 0.262270 0.309126 0.342453 0.356813 0.363259 0.367057 0.368458 0.369276 0.369771 0.369958 0.370000 0.370000 0.370000 0.370000 0.370000 0.369997 0.369986 0.369955 0.369935 0.369937 0.369968 0.369991 0.369998 0.370000 0.370000 0.369999 0.369998 0.369997 0.369996 0.369993 0.369986 0.369980 0.369983 0.369988 0.369980 0.369968 0.369952 0.369926 0.369885 0.369829 0.369762 0.369689 0.369647 0.369569 0.369543 0.369429 0.368825 0.368128 0.367298 0.366209 0.364742 0.362242 0.361967
-9999.0 0.156732 0.160524 0.163614 0.169649 0.174030 0.179062 0.191192 0.228313 0.281071 0.320023 0.336796 0.355069 0.365130 0.368810 0.369522 0.369725 0.369783 0.369854 0.369907 0.369921 0.369998 0.369999 0.370000 0.369989 0.369963 0.369909 0.369835 0.369795 0.369820 0.369859 0.369901 0.369929 0.369951 0.369945 0.369935 0.369940 0.369921 0.369892 0.369854 0.369808 0.369747 0.369705 0.369676 0.369632 0.369600 0.369474 0.369263 0.368989 0.368714 0.368390 0.368092 0.367976 0.367737 0.367403 0.366734 0.364358 0.360951 0.357232 0.352315 0.342656 0.337694 0.334357
-9999.0 0.150022 0.161896 0.163557 0.167174 0.168285 0.169451 0.177316 0.192740 0.273653 0.346958 0.351181 0.355968 0.362332 0.367717 0.369418 0.369522 0.368904 0.368126 0.367765 0.368290 0.369063 0.369446 0.369686 0.369705 0.369679 0.369598 0.369432 0.369179 0.369077 0.369099 0.369045 0.369022 0.369108 0.369080 0.369173 0.369234 0.369005 0.368632 0.368054 0.367388 0.366785 0.366543 0.366549 0.366444 0.366145 0.365449 0.364405 0.362910 0.361320 0.359900 0.358818 0.357677 0.356004 0.353937 0.351435 0.344211 0.336644 0.327696 0.313599 0.293476 0.277052 0.269121
-9999.0 -9999.0 0.156371 0.163554 0.164593 0.165790 0.166981 0.172904 0.180023 0.212676 0.272262 0.306503 0.325145 0.340110 0.355272 0.362862 0.363620 0.364296 0.360805 0.360920 0.362027 0.363307 0.364742 0.365898 0.366587 0.366874 0.366997 0.366806 0.366164 0.365070 0.363639 0.362456 0.361686 0.361078 0.362133 0.363436 0.363259 0.362405 0.360775 0.358219 0.355655 0.352704 0.351835 0.352065 0.351983 0.351122 0.349583 0.345869 0.341639 0.336842 0.334354 0.331848 0.329268 0.324628 0.319673 0.313899 0.303054 0.291322 0.274062 0.241272 0.213817 0.197995 0.191074
-9999.0 -9999.0 0.148919 0.159800 0.164845 0.168483 0.168047 0.169060 0.177732 0.182705 0.191522 0.208354 0.232804 0.267099 0.288938 0.309412 0.317458 0.321157 0.321239 0.325397 0.333315 0.340162 0.344500 0.348295 0.351397 0.353586 0.355324 0.353146 0.350672 0.346534 0.340622 0.333057 0.328545 0.325798 0.327702 0.330892 0.328937 0.324660 0.318529 0.311123 0.305448 0.299940 0.298408 0.297901 0.297819 0.296638 0.294916 0.289597 0.281704 0.274567 0.268163 0.262214 0.258366 0.250875 0.241715 0.234840 0.221460 0.209134 0.200016 0.192123 0.185147 0.181767 0.179025
-9999.0 -9999.0 -9999.0 0.149997 0.156884 0.162420 0.164661 0.161953 0.164513 0.168887 0.172121 0.177287 0.180932 0.185357 0.192804 0.204304 0.211738 0.214282 0.214592 0.233813 0.248804 0.272811 0.288749 0.294363 0.300227 0.306109 0.307829 0.303611 0.299553 0.292611 0.280176 0.262432 0.250378 0.249747 0.249870 0.252228 0.247814 0.243038 0.233743 0.224713 0.217020 0.211710 0.209778 0.208069 0.207193 0.205845 0.204483 0.201724 0.198746 0.196211 0.194126 0.193497 0.192881 0.191796 0.190458 0.189532 0.188152 0.184179 0.181423 0.178927 0.176522 0.174508 0.172693
-9999.0 -9999.0 -9999.0 -9999.0 -9999.0 0.146026 0.159411 0.162215 0.162559 0.161723 0.163198 0.168630 0.167963 0.168828 0.171272 0.172708 0.173282 0.174956 0.178585 0.182340 0.187431 0.192158 0.199224 0.206492 0.211136 0.216995 0.219194 0.214543 0.210383 0.204665 0.197150 0.190913 0.190167 0.190553 0.190781 0.190615 0.189617 0.188872 0.187816 0.185507 0.183488 0.183025 0.182713 0.182314 0.181874 0.181543 0.181256 0.181106 0.179898 0.178780 0.179320 0.179105 0.178970 0.179029 0.178507 0.178247 0.178385 0.175694 0.174156 0.174588 0.172284 0.170755 0.171083
-9999.0 -9999.0 -9999.0 -9999.0 -9999.0 -9999.0 0.144513 0.152836 0.159664 0.161656 0.164710 0.167143 0.164080 0.165304 0.166558 0.167802 0.169744 0.169677 0.170527 0.171874 0.173793 0.174884 0.177239 0.180483 0.180670 0.181614 0.183418 0.181409 0.180331 0.179688 0.176066 0.176408 0.175896 0.176271 0.176414 0.176776 0.176336 0.175922 0.175691 0.174163 0.174056 0.173672 0.173529 0.173381 0.173230 0.173164 0.173187 0.173244 0.172339 0.172838 0.173060 0.172818 0.172712 0.172888 0.172683 0.172284 0.172408 0.171307 0.171116 0.171099 0.169288 0.169271 0.169159
