tests/Borden05m/sims/sim_1/output-maps/thetaliqL0004N0011.asc
ncols         160
nrows         34
xllcorner     620200.000000
yllcorner     5168000.000000
cellsize      0.500000
NODATA_value  -9999.0
[rows 0 to 27 of 34, columns 0 to 62 of 160]
-9999.0 -9999.0 -9999.0 -9999.0 -9999.0 -9999.0 -9999.0 -9999.0 -9999.0 -9999.0 -9999.0 -9999.0 -9999.0 -9999.0 -9999.0 -9999.0 -9999.0 -9999.0 -9999.0 -9999.0 -9999.0 -9999.0 -9999.0 -9999.0 -9999.0 -9999.0 -9999.0 -9999.0 -9999.0 -9999.0 -9999.0 -9999.0 -9999.0 -9999.0 -9999.0 -9999.0 -9999.0 -9999.0 -9999.0 -9999.0 -9999.0 -9999.0 -9999.0 -9999.0 -9999.0 -9999.0 -9999.0 -9999.0 -9999.0 -9999.0 -9999.0 -9999.0 -9999.0 -9999.0 -9999.0 -9999.0 -9999.0 -9999.0 -9999.0 -9999.0 -9999.0 -9999.0 -9999.0
-9999.0 -9999.0 -9999.0 -9999.0 -9999.0 -9999.0 -9999.0 -9999.0 -9999.0 -9999.0 -9999.0 -9999.0 -9999.0 -9999.0 -9999.0 -9999.0 -9999.0 -9999.0 -9999.0 -9999.0 -9999.0 -9999.0 -9999.0 -9999.0 -9999.0 -9999.0 -9999.0 -9999.0 -9999.0 -9999.0 -9999.0 -9999.0 -9999.0 -9999.0 -9999.0 -9999.0 -9999.0 -9999.0 -9999.0 -9999.0 -9999.0 -9999.0 -9999.0 -9999.0 -9999.0 -9999.0 -9999.0 -9999.0 -9999.0 -9999.0 -9999.0 -9999.0 -9999.0 -9999.0 -9999.0 -9999.0 -9999.0 -9999.0 -9999.0 0.195810 0.193510 0.191854 0.190840
-9999.0 -9999.0 -9999.0 -9999.0 -9999.0 -9999.0 -9999.0 -9999.0 -9999.0 -9999.0 -9999.0 -9999.0 -9999.0 -9999.0 -9999.0 -9999.0 -9999.0 -9999.0 -9999.0 -9999.0 -9999.0 -9999.0 -9999.0 -9999.0 -9999.0 -9999.0 -9999.0 -9999.0 -9999.0 -9999.0 -9999.0 -9999.0 -9999.0 -9999.0 -9999.0 -9999.0 -9999.0 -9999.0 -9999.0 -9999.0 -9999.0 -9999.0 -9999.0 -9999.0 -9999.0 -9999.0 -9999.0 0.175692 0.169383 0.162086 0.160119 0.168298 0.172367 0.176284 0.179086 0.181739 0.185612 0.192235 0.191979 0.183180 0.182156 0.181845 0.182137
-9999.0 -9999.0 -9999.0 -9999.0 -9999.0 -9999.0 -9999.0 -9999.0 -9999.0 -9999.0 -9999.0 -9999.0 -9999.0 -9999.0 -9999.0 -9999.0 -9999.0 -9999.0 -9999.0 -9999.0 -9999.0 -9999.0 -9999.0 -9999.0 -9999.0 -9999.0 -9999.0 -9999.0 -9999.0 -9999.0 -9999.0 -9999.0 -9999.0 -9999.0 -9999.0 -9999.0 -9999.0 -9999.0 -9999.0 -9999.0 0.176398 0.179332 0.181624 0.177324 0.175312 0.175261 0.170594 0.165455 0.160353 0.161727 0.161845 0.158585 0.164289 0.169186 0.171220 0.172987 0.177381 0.184728 0.184392 0.177698 0.173664 0.172351 0.173154
-9999.0 -9999.0 -9999.0 -9999.0 -9999.0 -9999.0 -9999.0 -9999.0 -9999.0 -9999.0 -9999.0 -9999.0 -9999.0 -9999.0 -9999.0 -9999.0 -9999.0 -9999.0 -9999.0 -9999.0 -9999.0 -9999.0 -9999.0 -9999.0 -9999.0 -9999.0 -9999.0 -9999.0 -9999.0 -9999.0 -9999.0 -9999.0 -9999.0 -9999.0 0.161896 0.167206 0.169816 0.172372 0.176019 0.175064 0.174261 0.176805 0.174532 0.174269 0.171287 0.165854 0.160535 0.157572 0.160400 0.159412 0.159483 0.162184 0.164086 0.165022 0.169076 0.175475 0.172862 0.174635 0.173904 0.171144 0.173632 0.175688 0.177019
-9999.0 -9999.0 -9999.0 -9999.0 -9999.0 -9999.0 -9999.0 -9999.0 -9999.0 -9999.0 -9999.0 -9999.0 -9999.0 -9999.0 -9999.0 -9999.0 -9999.0 -9999.0 -9999.0 -9999.0 -9999.0 -9999.0 -9999.0 -9999.0 -9999.0 -9999.0 -9999.0 -9999.0 0.169623 0.167513 0.165902 0.165969 0.165226 0.162480 0.161858 0.162539 0.165526 0.170328 0.171331 0.170922 0.171401 0.170350 0.167262 0.166920 0.170165 0.166855 0.165134 0.162920 0.157827 0.156587 0.159521 0.162478 0.165143 0.166027 0.166720 0.166951 0.167842 0.175797 0.177893 0.173640 0.171265 0.170179 0.170804
-9999.0 -9999.0 -9999.0 -9999.0 -9999.0 -9999.0 -9999.0 -9999.0 -9999.0 -9999.0 -9999.0 -9999.0 -9999.0 -9999.0 -9999.0 -9999.0 -9999.0 -9999.0 -9999.0 -9999.0 -9999.0 -9999.0 -9999.0 0.165705 0.167619 0.168412 0.170153 0.169314 0.165351 0.162787 0.161676 0.160776 0.158706 0.158518 0.158566 0.160047 0.161262 0.166194 0.164077 0.162725 0.166880 0.165988 0.168691 0.171751 0.171006 0.171522 0.165693 0.161409 0.165715 0.167543 0.167452 0.166631 0.168304 0.170548 0.173366 0.178059 0.183993 0.189134 0.196883 0.191814 0.187979 0.181547 0.182158
-9999.0 -9999.0 -9999.0 -9999.0 -9999.0 -9999.0 -9999.0 -9999.0 -9999.0 -9999.0 -9999.0 -9999.0 -9999.0 -9999.0 -9999.0 -9999.0 -9999.0 -9999.0 -9999.0 0.165523 0.164956 0.163842 0.164331 0.160669 0.159148 0.160264 0.162325 0.161194 0.159055 0.157241 0.157463 0.157724 0.157331 0.160198 0.162618 0.163566 0.163180 0.167147 0.168496 0.170838 0.176674 0.173020 0.169380 0.167486 0.167307 0.166265 0.169537 0.170535 0.170935 0.170658 0.170834 0.171824 0.172567 0.177492 0.182242 0.186391 0.190403 0.195681 0.204717 0.201027 0.194023 0.186622 0.186648
-9999.0 -9999.0 -9999.0 -9999.0 -9999.0 -9999.0 -9999.0 -9999.0 -9999.0 -9999.0 -9999.0 -9999.0 -9999.0 -9999.0 -9999.0 -9999.0 0.164706 0.164402 0.163027 0.160845 0.158952 0.158944 0.160504 0.157814 0.156955 0.157627 0.156502 0.157939 0.159473 0.161288 0.162131 0.160201 0.160623 0.160464 0.160396 0.161516 0.165916 0.170145 0.171293 0.174428 0.179846 0.176913 0.175593 0.175716 0.173873 0.175531 0.183497 0.182369 0.179056 0.187423 0.192036 0.190588 0.190002 0.195767 0.204429 0.215311 0.232420 0.243829 0.256440 0.261390 0.250353 0.248293 0.252183
-9999.0 -9999.0 -9999.0 -9999.0 -9999.0 -9999.0 -9999.0 -9999.0 -9999.0 -9999.0 -9999.0 -9999.0 -9999.0 0.163528 0.163277 0.163759 0.160373 0.157690 0.156101 0.153927 0.156910 0.154869 0.154279 0.154834 0.157530 0.157676 0.158060 0.159829 0.159364 0.158640 0.157931 0.156367 0.158680 0.161064 0.162817 0.166374 0.169300 0.171721 0.175904 0.176995 0.179890 0.178918 0.175811 0.175162 0.177688 0.185184 0.191203 0.193394 0.203811 0.214893 0.220271 0.226956 0.230198 0.234726 0.245321 0.273153 0.304574 0.330871 0.344596 0.353205 0.354303 0.355660 0.356845
-9999.0 -9999.0 -9999.0 -9999.0 -9999.0 -9999.0 -9999.0 -9999.0 -9999.0 -9999.0 0.157824 0.159624 0.156923 0.152049 0.150016 0.151195 0.152456 0.150698 0.150859 0.156098 0.159096 0.154321 0.157736 0.157884 0.155899 0.156512 0.157993 0.158356 0.161743 0.162004 0.162166 0.167752 0.169419 0.171214 0.173642 0.176349 0.178830 0.188063 0.196227 0.196490 0.207527 0.214355 0.208816 0.206779 0.208505 0.216514 0.229427 0.247300 0.264358 0.287475 0.306846 0.319513 0.328803 0.339138 0.349982 0.359383 0.363400 0.365745 0.367386 0.368157 0.368427 0.368564 0.368698
-9999.0 -9999.0 -9999.0 -9999.0 -9999.0 -9999.0 -9999.0 -9999.0 0.150550 0.153358 0.155148 0.152917 0.149945 0.144730 0.146777 0.148809 0.150241 0.152365 0.153433 0.154371 0.153284 0.155123 0.158568 0.157789 0.158247 0.160564 0.160782 0.162946 0.166286 0.165028 0.166952 0.170217 0.173151 0.175853 0.179082 0.181284 0.190816 0.203750 0.217616 0.229380 0.245510 0.264196 0.263842 0.266946 0.270736 0.293524 0.321977 0.348111 0.359081 0.362450 0.364759 0.365817 0.366504 0.367319 0.368167 0.368741 0.369228 0.369627 0.369855 0.369937 0.369966 0.369977 0.369983
-9999.0 -9999.0 -9999.0 -9999.0 -9999.0 -9999.0 0.146272 0.152483 0.155579 0.148607 0.143373 0.141646 0.138667 0.145360 0.151458 0.152733 0.153748 0.154955 0.154456 0.150549 0.160201 0.157794 0.156057 0.159120 0.159077 0.159530 0.161630 0.166255 0.168587 0.177883 0.185014 0.191397 0.199866 0.205265 0.210896 0.217437 0.234171 0.258379 0.287414 0.314504 0.339260 0.355000 0.358947 0.360412 0.361359 0.362846 0.365210 0.367242 0.368668 0.369359 0.369648 0.369739 0.369812 0.369880 0.369937 0.369973 0.369986 0.369996 0.369999 0.370000 0.370000 0.370000 0.370000
-9999.0 -9999.0 -9999.0 -9999.0 0.149366 0.150824 0.149800 0.155363 0.159322 0.150794 0.153795 0.152285 0.149500 0.146255 0.142504 0.145381 0.147150 0.148408 0.148030 0.157341 0.165913 0.160870 0.165220 0.173767 0.172231 0.173418 0.174220 0.178523 0.186170 0.196149 0.217992 0.237987 0.251772 0.267331 0.282675 0.302215 0.330712 0.354762 0.361542 0.364675 0.366824 0.368127 0.368729 0.368955 0.369180 0.369396 0.369625 0.369834 0.369948 0.369991 0.369998 0.370000 0.370000 0.370000 0.370000 0.370000 0.370000 0.370000 0.370000 0.370000 0.370000 0.370000 0.370000
-9999.0 -9999.0 -9999.0 0.145420 0.151521 0.153974 0.151220 0.152505 0.157416 0.152826 0.152034 0.151254 0.150782 0.150899 0.150583 0.152415 0.152908 0.151829 0.153314 0.159267 0.162370 0.167538 0.171890 0.178262 0.183769 0.186146 0.189476 0.197461 0.216951 0.239350 0.277722 0.322511 0.350176 0.359073 0.361636 0.363854 0.365745 0.367769 0.368869 0.369453 0.369779 0.369918 0.369974 0.369983 0.369988 0.369992 0.369998 0.370000 0.370000 0.370000 0.370000 0.370000 0.370000 0.370000 0.370000 0.370000 0.370000 0.370000 0.370000 0.370000 0.370000 0.370000 0.370000
-9999.0 -9999.0 0.146222 0.149752 0.147558 0.152051 0.157251 0.154067 0.160290 0.162425 0.156494 0.160007 0.161905 0.158250 0.160778 0.163694 0.165317 0.160885 0.157967 0.165091 0.180960 0.194745 0.202271 0.234998 0.254108 0.265965 0.271684 0.288912 0.315177 0.350586 0.361466 0.365744 0.368014 0.369044 0.369324 0.369571 0.369812 0.369909 0.369970 0.369993 0.369999 0.370000 0.370000 0.370000 0.370000 0.370000 0.370000 0.370000 0.370000 0.370000 0.370000 0.370000 0.370000 0.370000 0.370000 0.370000 0.370000 0.370000 0.370000 0.370000 0.370000 0.370000 0.370000
-9999.0 -9999.0 0.142292 0.147947 0.144236 0.153250 0.162432 0.154453 0.157426 0.166924 0.164724 0.166115 0.165101 0.165770 0.170224 0.178817 0.174897 0.173444 0.164650 0.187593 0.209756 0.246961 0.306963 0.348117 0.359650 0.361015 0.361545 0.363034 0.365086 0.367937 0.369428 0.369880 0.369981 0.369996 0.369999 0.370000 0.370000 0.370000 0.370000 0.370000 0.370000 0.370000 0.370000 0.370000 0.370000 0.370000 0.370000 0.370000 0.370000 0.370000 0.370000 0.370000 0.370000 0.370000 0.370000 0.370000 0.370000 0.370000 0.370000 0.370000 0.370000 0.370000 0.370000
-9999.0 0.140680 0.143521 0.143859 0.149691 0.148172 0.155633 0.166846 0.167263 0.171934 0.172607 0.166962 0.189241 0.209975 0.217517 0.235204 0.228176 0.222942 0.211481 0.236490 0.280030 0.351269 0.366566 0.369116 0.369634 0.369685 0.369650 0.369775 0.369913 0.369986 0.370000 0.370000 0.370000 0.370000 0.370000 0.370000 0.370000 0.370000 0.370000 0.370000 0.370000 0.370000 0.370000 0.370000 0.370000 0.370000 0.370000 0.370000 0.370000 0.370000 0.370000 0.370000 0.370000 0.370000 0.370000 0.370000 0.370000 0.370000 0.370000 0.370000 0.370000 0.370000 0.370000
-9999.0 0.132706 0.143053 0.149599 0.147336 0.143043 0.159402 0.187414 0.179237 0.177410 0.177217 0.194781 0.250158 0.297873 0.326089 0.349176 0.347984 0.340104 0.340852 0.356843 0.364101 0.368633 0.369976 0.370000 0.370000 0.370000 0.370000 0.370000 0.370000 0.370000 0.370000 0.370000 0.370000 0.370000 0.370000 0.370000 0.370000 0.370000 0.370000 0.370000 0.370000 0.370000 0.370000 0.370000 0.370000 0.370000 0.370000 0.370000 0.370000 0.370000 0.370000 0.370000 0.370000 0.370000 0.370000 0.370000 0.370000 0.370000 0.370000 0.370000 0.370000 0.370000 0.370000
-9999.0 0.140618 0.153185 0.150026 0.139958 0.155136 0.162851 0.183323 0.200513 0.197967 0.221915 0.295794 0.354918 0.364238 0.367271 0.368652 0.369303 0.369277 0.369598 0.369929 0.370000 0.370000 0.370000 0.370000 0.370000 0.370000 0.370000 0.370000 0.370000 0.370000 0.370000 0.370000 0.370000 0.370000 0.370000 0.370000 0.370000 0.370000 0.370000 0.370000 0.370000 0.370000 0.370000 0.370000 0.370000 0.370000 0.370000 0.370000 0.370000 0.370000 0.370000 0.370000 0.370000 0.370000 0.370000 0.370000 0.370000 0.370000 0.370000 0.369999 0.369998 0.369995 0.369995
-9999.0 0.126977 0.143415 0.129575 0.148919 0.168717 0.167383 0.201450 0.244865 0.261068 0.341149 0.362769 0.368415 0.369627 0.369941 0.369999 0.370000 0.370000 0.370000 0.370000 0.370000 0.370000 0.370000 0.370000 0.370000 0.370000 0.370000 0.370000 0.370000 0.370000 0.370000 0.370000 0.370000 0.370000 0.370000 0.370000 0.370000 0.370000 0.370000 0.370000 0.370000 0.370000 0.370000 0.370000 0.370000 0.370000 0.370000 0.370000 0.370000 0.370000 0.370000 0.370000 0.370000 0.370000 0.370000 0.370000 0.369996 0.369987 0.369972 0.369942 0.369890 0.369769 0.369748
-9999.0 0.118273 0.128493 0.136548 0.154273 0.168799 0.184414 0.222868 0.301455 0.352716 0.365129 0.367788 0.369486 0.369957 0.370000 0.370000 0.370000 0.370000 0.370000 0.370000 0.370000 0.370000 0.370000 0.370000 0.370000 0.370000 0.370000 0.370000 0.370000 0.370000 0.370000 0.370000 0.370000 0.370000 0.370000 0.370000 0.370000 0.370000 0.370000 0.370000 0.370000 0.370000 0.370000 0.370000 0.370000 0.370000 0.370000 0.369999 0.369997 0.369995 0.369991 0.369987 0.369985 0.369981 0.369975 0.369960 0.369886 0.369732 0.369510 0.369153 0.368268 0.367608 0.367051
-9999.0 0.101857 0.132247 0.136421 0.146597 0.150179 0.153908 0.180217 0.227562 0.348526 0.368515 0.369110 0.369503 0.369877 0.369997 0.370000 0.370000 0.370000 0.370000 0.370000 0.369999 0.369999 0.370000 0.370000 0.370000 0.370000 0.370000 0.370000 0.370000 0.370000 0.369999 0.369999 0.369998 0.369998 0.369998 0.369998 0.369998 0.369996 0.369992 0.369982 0.369968 0.369953 0.369948 0.369949 0.369948 0.369941 0.369920 0.369881 0.369814 0.369731 0.369650 0.369585 0.369513 0.369402 0.369260 0.369088 0.368486 0.367713 0.366416 0.363877 0.359324 0.350300 0.343415
-9999.0 -9999.0 0.116741 0.136594 0.139147 0.142572 0.145806 0.164516 0.188391 0.273493 0.348699 0.362159 0.365759 0.368115 0.369591 0.369941 0.369977 0.369985 0.369934 0.369882 0.369863 0.369874 0.369914 0.369950 0.369971 0.369980 0.369983 0.369979 0.369965 0.369933 0.369871 0.369798 0.369737 0.369685 0.369743 0.369813 0.369803 0.369757 0.369665 0.369511 0.369349 0.369144 0.369095 0.369126 0.369130 0.369070 0.368945 0.368585 0.368090 0.367466 0.367091 0.366701 0.366317 0.365595 0.364796 0.363869 0.361834 0.358535 0.347455 0.314938 0.277841 0.246935 0.229104
-9999.0 -9999.0 0.099471 0.125708 0.139798 0.150717 0.148912 0.150433 0.178204 0.194379 0.221407 0.265006 0.305628 0.344287 0.357937 0.363285 0.364945 0.365525 0.365441 0.365919 0.366961 0.367930 0.368490 0.368861 0.369123 0.369293 0.369421 0.369257 0.369057 0.368665 0.367930 0.366758 0.365952 0.365512 0.365778 0.366248 0.365942 0.365311 0.364355 0.363147 0.362183 0.361165 0.360898 0.360794 0.360770 0.360463 0.359864 0.357656 0.353014 0.347847 0.342665 0.337430 0.333828 0.326321 0.316404 0.308491 0.290617 0.270165 0.251993 0.232870 0.213154 0.202526 0.193257
-9999.0 -9999.0 -9999.0 0.101892 0.117899 0.132298 0.138531 0.129784 0.135529 0.148408 0.159320 0.177202 0.189461 0.203390 0.225745 0.255588 0.272225 0.277849 0.279286 0.307755 0.324614 0.347453 0.357635 0.359871 0.361236 0.362405 0.362710 0.361897 0.361050 0.359086 0.352413 0.337658 0.325536 0.325119 0.325336 0.327861 0.323296 0.318264 0.307560 0.295771 0.284055 0.274830 0.271203 0.267926 0.266212 0.263521 0.260770 0.255026 0.248486 0.242510 0.237468 0.235977 0.234422 0.231704 0.228205 0.225618 0.221821 0.209891 0.201063 0.192906 0.184679 0.177591 0.171299
-9999.0 -9999.0 -9999.0 -9999.0 -9999.0 0.093404 0.123782 0.131647 0.131864 0.128790 0.132775 0.149285 0.147434 0.150572 0.158729 0.163827 0.166861 0.173556 0.186716 0.199115 0.215568 0.229291 0.247747 0.264423 0.273649 0.284054 0.287728 0.279914 0.272270 0.260828 0.243745 0.228157 0.226376 0.227433 0.228035 0.227448 0.224681 0.222536 0.219590 0.212797 0.206840 0.205472 0.204471 0.203194 0.201744 0.200667 0.199749 0.199305 0.195499 0.192085 0.193862 0.193170 0.192699 0.192834 0.191073 0.190041 0.190212 0.181345 0.176174 0.177280 0.169431 0.164282 0.165089
-9999.0 -9999.0 -9999.0 -9999.0 -9999.0 -9999.0 0.090862 0.107347 0.124513 0.129881 0.138515 0.145484 0.136287 0.139719 0.143586 0.148051 0.155144 0.155967 0.159259 0.164125 0.171002 0.175337 0.183494 0.194512 0.195600 0.198661 0.204414 0.198454 0.195073 0.193089 0.182005 0.183280 0.181578 0.182702 0.183099 0.184176 0.182660 0.181236 0.180435 0.175680 0.175356 0.174057 0.173522 0.172964 0.172378 0.172066 0.172077 0.172214 0.169420 0.171128 0.171857 0.171124 0.170765 0.171251 0.170449 0.169011 0.169235 0.165677 0.164963 0.164762 0.158935 0.158762 0.158205
