tests/Borden05m/sims/sim_1/output-maps/thetaliqL0002N0016.asc
ncols         160
nrows         34
xllcorner     620200.000000
yllcorner     5168000.000000
cellsize      0.500000
NODATA_value  -9999.0
[rows 0 to 27 of 34, columns 0 to 62 of 160]
-9999.0 -9999.0 -9999.0 -9999.0 -9999.0 -9999.0 -9999.0 -9999.0 -9999.0 -9999.0 -9999.0 -9999.0 -9999.0 -9999.0 -9999.0 -9999.0 -9999.0 -9999.0 -9999.0 -9999.0 -9999.0 -9999.0 -9999.0 -9999.0 -9999.0 -9999.0 -9999.0 -9999.0 -9999.0 -9999.0 -9999.0 -9999.0 -9999.0 -9999.0 -9999.0 -9999.0 -9999.0 -9999.0 -9999.0 -9999.0 -9999.0 -9999.0 -9999.0 -9999.0 -9999.0 -9999.0 -9999.0 -9999.0 -9999.0 -9999.0 -9999.0 -9999.0 -9999.0 -9999.0 -9999.0 -9999.0 -9999.0 -9999.0 -9999.0 -9999.0 -9999.0 -9999.0 -9999.0
-9999.0 -9999.0 -9999.0 -9999.0 -9999.0 -9999.0 -9999.0 -9999.0 -9999.0 -9999.0 -9999.0 -9999.0 -9999.0 -9999.0 -9999.0 -9999.0 -9999.0 -9999.0 -9999.0 -9999.0 -9999.0 -9999.0 -9999.0 -9999.0 -9999.0 -9999.0 -9999.0 -9999.0 -9999.0 -9999.0 -9999.0 -9999.0 -9999.0 -9999.0 -9999.0 -9999.0 -9999.0 -9999.0 -9999.0 -9999.0 -9999.0 -9999.0 -9999.0 -9999.0 -9999.0 -9999.0 -9999.0 -9999.0 -9999.0 -9999.0 -9999.0 -9999.0 -9999.0 -9999.0 -9999.0 -9999.0 -9999.0 -9999.0 -9999.0 0.193955 0.193161 0.192610 0.192300
-9999.0 -9999.0 -9999.0 -9999.0 -9999.0 -9999.0 -9999.0 -9999.0 -9999.0 -9999.0 -9999.0 -9999.0 -9999.0 -9999.0 -9999.0 -9999.0 -9999.0 -9999.0 -9999.0 -9999.0 -9999.0 -9999.0 -9999.0 -9999.0 -9999.0 -9999.0 -9999.0 -9999.0 -9999.0 -9999.0 -9999.0 -9999.0 -9999.0 -9999.0 -9999.0 -9999.0 -9999.0 -9999.0 -9999.0 -9999.0 -9999.0 -9999.0 -9999.0 -9999.0 -9999.0 -9999.0 -9999.0 0.187809 0.185608 0.182998 0.182290 0.185190 0.186515 0.187760 0.188603 0.189394 0.190617 0.192849 0.192712 0.189532 0.189224 0.189153 0.189294
-9999.0 -9999.0 -9999.0 -9999.0 -9999.0 -9999.0 -9999.0 -9999.0 -9999.0 -9999.0 -9999.0 -9999.0 -9999.0 -9999.0 -9999.0 -9999.0 -9999.0 -9999.0 -9999.0 -9999.0 -9999.0 -9999.0 -9999.0 -9999.0 -9999.0 -9999.0 -9999.0 -9999.0 -9999.0 -9999.0 -9999.0 -9999.0 -9999.0 -9999.0 -9999.0 -9999.0 -9999.0 -9999.0 -9999.0 -9999.0 0.187628 0.188659 0.189510 0.188014 0.187380 0.187483 0.185925 0.184147 0.182340 0.182880 0.182912 0.181654 0.183634 0.185253 0.185827 0.186311 0.187737 0.190244 0.190085 0.187713 0.186302 0.185877 0.186177
-9999.0 -9999.0 -9999.0 -9999.0 -9999.0 -9999.0 -9999.0 -9999.0 -9999.0 -9999.0 -9999.0 -9999.0 -9999.0 -9999.0 -9999.0 -9999.0 -9999.0 -9999.0 -9999.0 -9999.0 -9999.0 -9999.0 -9999.0 -9999.0 -9999.0 -9999.0 -9999.0 -9999.0 -9999.0 -9999.0 -9999.0 -9999.0 -9999.0 -9999.0 0.182993 0.184854 0.185690 0.186489 0.187700 0.187284 0.186929 0.187825 0.187020 0.186976 0.185975 0.184128 0.182297 0.181284 0.182371 0.182015 0.182015 0.182947 0.183528 0.183746 0.185071 0.187229 0.186143 0.186666 0.186357 0.185386 0.186317 0.187075 0.187561
-9999.0 -9999.0 -9999.0 -9999.0 -9999.0 -9999.0 -9999.0 -9999.0 -9999.0 -9999.0 -9999.0 -9999.0 -9999.0 -9999.0 -9999.0 -9999.0 -9999.0 -9999.0 -9999.0 -9999.0 -9999.0 -9999.0 -9999.0 -9999.0 -9999.0 -9999.0 -9999.0 -9999.0 0.185813 0.185073 0.184509 0.184546 0.184284 0.183272 0.183002 0.183180 0.184171 0.185787 0.186052 0.185841 0.185960 0.185566 0.184463 0.184354 0.185573 0.184448 0.183917 0.183186 0.181352 0.180905 0.181950 0.182952 0.183817 0.184017 0.184127 0.184114 0.184235 0.186974 0.187664 0.186146 0.185323 0.184955 0.185190
-9999.0 -9999.0 -9999.0 -9999.0 -9999.0 -9999.0 -9999.0 -9999.0 -9999.0 -9999.0 -9999.0 -9999.0 -9999.0 -9999.0 -9999.0 -9999.0 -9999.0 -9999.0 -9999.0 -9999.0 -9999.0 -9999.0 -9999.0 0.184541 0.185222 0.185476 0.186075 0.185763 0.184317 0.183403 0.183010 0.182685 0.181925 0.181831 0.181807 0.182281 0.182628 0.184305 0.183446 0.182892 0.184349 0.183988 0.184949 0.186062 0.185801 0.186037 0.183988 0.182475 0.184069 0.184712 0.184625 0.184247 0.184748 0.185433 0.186297 0.187811 0.189756 0.191402 0.194122 0.192279 0.190971 0.188703 0.188944
-9999.0 -9999.0 -9999.0 -9999.0 -9999.0 -9999.0 -9999.0 -9999.0 -9999.0 -9999.0 -9999.0 -9999.0 -9999.0 -9999.0 -9999.0 -9999.0 -9999.0 -9999.0 -9999.0 0.184601 0.184388 0.183968 0.184129 0.182766 0.182191 0.182573 0.183299 0.182863 0.182080 0.181407 0.181487 0.181575 0.181403 0.182419 0.183241 0.183504 0.183261 0.184578 0.184958 0.185710 0.187736 0.186383 0.185072 0.184388 0.184332 0.183950 0.185162 0.185527 0.185627 0.185489 0.185497 0.185769 0.185910 0.187530 0.189040 0.190305 0.191522 0.193210 0.196407 0.195063 0.192579 0.189995 0.190037
-9999.0 -9999.0 -9999.0 -9999.0 -9999.0 -9999.0 -9999.0 -9999.0 -9999.0 -9999.0 -9999.0 -9999.0 -9999.0 -9999.0 -9999.0 -9999.0 0.184433 0.184315 0.183799 0.182965 0.182242 0.182223 0.182776 0.181765 0.181429 0.181649 0.181202 0.181694 0.182227 0.182869 0.183155 0.182424 0.182546 0.182430 0.182329 0.182644 0.184126 0.185501 0.185773 0.186769 0.188612 0.187514 0.187050 0.187101 0.186417 0.186975 0.189765 0.189281 0.188022 0.190968 0.192526 0.191902 0.191558 0.193453 0.196392 0.200291 0.206929 0.211697 0.217466 0.220148 0.214920 0.214136 0.216018
-9999.0 -9999.0 -9999.0 -9999.0 -9999.0 -9999.0 -9999.0 -9999.0 -9999.0 -9999.0 -9999.0 -9999.0 -9999.0 0.184203 0.184097 0.184239 0.182933 0.181923 0.181311 0.180461 0.181536 0.180756 0.180505 0.180684 0.181642 0.181654 0.181755 0.182357 0.182139 0.181831 0.181531 0.180920 0.181715 0.182510 0.183050 0.184214 0.185102 0.185792 0.187125 0.187334 0.188243 0.187860 0.186719 0.186463 0.187324 0.189920 0.191920 0.192597 0.196344 0.200392 0.202365 0.204971 0.206222 0.207982 0.212534 0.226872 0.248083 0.272095 0.287827 0.300473 0.302250 0.304700 0.306799
-9999.0 -9999.0 -9999.0 -9999.0 -9999.0 -9999.0 -9999.0 -9999.0 -9999.0 -9999.0 0.182158 0.182830 0.181841 0.180027 0.179238 0.179644 0.180072 0.179389 0.179402 0.181296 0.182340 0.180532 0.181759 0.181769 0.180991 0.181174 0.181664 0.181730 0.182904 0.182927 0.182917 0.184865 0.185351 0.185873 0.186606 0.187399 0.188085 0.191170 0.193869 0.193740 0.197648 0.200187 0.198056 0.197304 0.197883 0.200847 0.205881 0.213592 0.222068 0.235400 0.249497 0.260639 0.269917 0.281347 0.294884 0.311395 0.326312 0.337709 0.346821 0.351404 0.353138 0.353971 0.355123
-9999.0 -9999.0 -9999.0 -9999.0 -9999.0 -9999.0 -9999.0 -9999.0 0.179506 0.180544 0.181206 0.180378 0.179275 0.177296 0.178040 0.178771 0.179263 0.180003 0.180351 0.180634 0.180158 0.180792 0.181989 0.181641 0.181757 0.182540 0.182539 0.183240 0.184333 0.183771 0.184354 0.185366 0.186259 0.187055 0.188025 0.188585 0.191775 0.196187 0.201169 0.205677 0.212435 0.221602 0.221636 0.223460 0.225585 0.239886 0.263630 0.292096 0.310488 0.322337 0.333343 0.339018 0.342716 0.347017 0.351678 0.355184 0.359504 0.363627 0.366458 0.367786 0.368344 0.368524 0.368829
-9999.0 -9999.0 -9999.0 -9999.0 -9999.0 -9999.0 0.177964 0.180255 0.181378 0.178774 0.176815 0.176169 0.175016 0.177528 0.179790 0.180212 0.180537 0.180927 0.180681 0.179162 0.182656 0.181661 0.180936 0.181997 0.181885 0.181950 0.182605 0.184142 0.184803 0.187958 0.190304 0.192368 0.195208 0.197002 0.198946 0.201283 0.207852 0.218879 0.235536 0.256496 0.281281 0.303266 0.310533 0.313865 0.317333 0.323747 0.334927 0.345400 0.354669 0.360830 0.364004 0.365154 0.366059 0.366922 0.367763 0.368460 0.369043 0.369522 0.369772 0.369920 0.369965 0.369978 0.369996
-9999.0 -9999.0 -9999.0 -9999.0 0.179220 0.179724 0.179297 0.181309 0.182726 0.179537 0.180675 0.180121 0.179091 0.177835 0.176347 0.177408 0.178016 0.178420 0.178211 0.181602 0.184532 0.182566 0.184031 0.186950 0.186256 0.186551 0.186673 0.188010 0.190516 0.193790 0.201666 0.209543 0.215610 0.223579 0.232525 0.246427 0.272354 0.302066 0.318987 0.332560 0.343576 0.350924 0.354966 0.356899 0.359004 0.361210 0.363662 0.366231 0.368090 0.369265 0.369677 0.369814 0.369864 0.369910 0.369948 0.369979 0.369999 0.370000 0.369999 0.370000 0.370000 0.370000 0.370000
-9999.0 -9999.0 -9999.0 0.177856 0.180096 0.180919 0.179817 0.180214 0.181948 0.180240 0.179918 0.179637 0.179475 0.179505 0.179374 0.180000 0.180098 0.179587 0.180028 0.182055 0.182970 0.184661 0.185964 0.188042 0.189859 0.190545 0.191545 0.194234 0.201291 0.210287 0.229505 0.263880 0.295508 0.311105 0.319075 0.328686 0.337649 0.348586 0.356533 0.361840 0.365397 0.367323 0.368460 0.368934 0.369139 0.369355 0.369627 0.369822 0.369937 0.369998 0.370000 0.370000 0.370000 0.370000 0.370000 0.370000 0.370000 0.370000 0.370000 0.370000 0.370000 0.370000 0.370000
-9999.0 -9999.0 0.178262 0.179531 0.178647 0.180255 0.182054 0.180747 0.182918 0.183632 0.181408 0.182674 0.183329 0.181954 0.182837 0.183833 0.184301 0.182583 0.181339 0.183777 0.189189 0.193814 0.196421 0.209077 0.217439 0.223277 0.226326 0.236865 0.257701 0.295600 0.319942 0.338932 0.351357 0.358318 0.360625 0.362903 0.365517 0.367382 0.368734 0.369422 0.369765 0.369911 0.369975 0.369999 0.369994 0.370000 0.370000 0.370000 0.370000 0.370000 0.370000 0.370000 0.370000 0.370000 0.370000 0.370000 0.370000 0.370000 0.370000 0.370000 0.370000 0.370000 0.370000
-9999.0 -9999.0 0.176816 0.178909 0.177449 0.180787 0.183920 0.180823 0.181744 0.185018 0.184103 0.184475 0.184073 0.184294 0.185754 0.188772 0.187156 0.186548 0.183202 0.191181 0.198892 0.214045 0.250490 0.292704 0.313846 0.317227 0.319155 0.325766 0.335621 0.350387 0.361370 0.367004 0.368952 0.369536 0.369704 0.369822 0.369930 0.369996 0.369999 0.370000 0.370000 0.370000 0.370000 0.370000 0.370000 0.370000 0.370000 0.370000 0.370000 0.370000 0.370000 0.370000 0.370000 0.370000 0.370000 0.370000 0.370000 0.370000 0.370000 0.370000 0.370000 0.370000 0.370000
-9999.0 0.176348 0.177388 0.177454 0.179607 0.178917 0.181505 0.185316 0.185079 0.186433 0.186446 0.184237 0.192223 0.199670 0.202319 0.209400 0.206337 0.204126 0.199616 0.209465 0.231433 0.296314 0.344638 0.358667 0.363690 0.364367 0.364084 0.365570 0.367480 0.369033 0.369865 0.369998 0.370000 0.370000 0.370000 0.370000 0.370000 0.370000 0.370000 0.370000 0.370000 0.370000 0.370000 0.370000 0.370000 0.370000 0.370000 0.370000 0.370000 0.370000 0.370000 0.370000 0.370000 0.370000 0.370000 0.370000 0.370000 0.370000 0.370000 0.369999 0.369999 0.369998 0.369998
-9999.0 0.173221 0.177276 0.179727 0.178783 0.177097 0.183053 0.192415 0.188922 0.187835 0.187489 0.193890 0.215843 0.242344 0.266218 0.292769 0.291604 0.282439 0.284125 0.306983 0.331126 0.355899 0.368568 0.369894 0.369983 0.369991 0.369995 0.369999 0.370000 0.370000 0.370000 0.370000 0.370000 0.370000 0.370000 0.370000 0.370000 0.370000 0.370000 0.370000 0.370000 0.370000 0.370000 0.370000 0.370000 0.370000 0.370000 0.370000 0.370000 0.370000 0.370000 0.370000 0.369999 0.370000 0.369999 0.369999 0.369998 0.369993 0.369985 0.369971 0.369950 0.369934 0.369934
-9999.0 0.176495 0.181207 0.179997 0.176162 0.181839 0.184197 0.190726 0.196099 0.194555 0.203812 0.241333 0.299132 0.328995 0.343330 0.349916 0.353558 0.353464 0.358316 0.365344 0.369333 0.369997 0.370000 0.370000 0.370000 0.370000 0.370000 0.370000 0.370000 0.370000 0.370000 0.370000 0.370000 0.370000 0.370000 0.370000 0.370000 0.370000 0.370000 0.370000 0.370000 0.370000 0.370000 0.370000 0.370000 0.370000 0.370000 0.369999 0.369998 0.369995 0.369992 0.369988 0.369986 0.369982 0.369976 0.369968 0.369941 0.369892 0.369809 0.369697 0.369543 0.369351 0.369356
-9999.0 0.171214 0.177725 0.172272 0.180095 0.186966 0.185896 0.197269 0.212968 0.220513 0.280294 0.323360 0.350448 0.361091 0.365651 0.368231 0.369130 0.369625 0.369898 0.369986 0.370000 0.370000 0.370000 0.370000 0.370000 0.370000 0.370000 0.370000 0.370000 0.370000 0.370000 0.370000 0.370000 0.370000 0.370000 0.370000 0.370000 0.370000 0.369999 0.369998 0.369997 0.369996 0.369996 0.369997 0.369995 0.369990 0.369983 0.369970 0.369951 0.369921 0.369884 0.369842 0.369818 0.369773 0.369759 0.369694 0.369327 0.368889 0.368345 0.367607 0.366584 0.364794 0.364577
-9999.0 0.167424 0.171910 0.175414 0.182350 0.187403 0.192925 0.206381 0.245406 0.298321 0.332569 0.346072 0.359845 0.366936 0.369337 0.369760 0.369872 0.369903 0.369939 0.369964 0.369971 0.370000 0.370000 0.370000 0.370000 0.370000 0.369998 0.369993 0.369988 0.369987 0.369986 0.369985 0.369988 0.369988 0.369984 0.369980 0.369979 0.369970 0.369956 0.369938 0.369918 0.369888 0.369862 0.369846 0.369823 0.369805 0.369730 0.369603 0.369432 0.369256 0.369045 0.368849 0.368772 0.368617 0.368399 0.367959 0.366341 0.363951 0.361264 0.357623 0.350286 0.346354 0.343584
-9999.0 0.159303 0.173515 0.175376 0.179485 0.180710 0.181899 0.190802 0.207702 0.291372 0.353627 0.356941 0.360456 0.365014 0.368653 0.369701 0.369760 0.369396 0.368915 0.368695 0.369044 0.369525 0.369756 0.369895 0.369940 0.369952 0.369932 0.369887 0.369804 0.369745 0.369713 0.369638 0.369583 0.369583 0.369544 0.369583 0.369604 0.369457 0.369219 0.368847 0.368415 0.368016 0.367851 0.367858 0.367796 0.367598 0.367119 0.366386 0.365323 0.364177 0.363144 0.362354 0.361521 0.360296 0.358783 0.356960 0.351564 0.345789 0.338632 0.326972 0.310011 0.294288 0.285833
-9999.0 -9999.0 0.166903 0.175403 0.176535 0.177857 0.179087 0.185790 0.193731 0.229053 0.290475 0.321124 0.336514 0.348597 0.359993 0.365370 0.365878 0.366352 0.363914 0.364019 0.364830 0.365783 0.366863 0.367761 0.368357 0.368628 0.368714 0.368602 0.368214 0.367497 0.366458 0.365477 0.364769 0.364207 0.364888 0.365769 0.365600 0.364956 0.363758 0.361885 0.360008 0.357838 0.357221 0.357422 0.357389 0.356770 0.355628 0.352805 0.349514 0.345722 0.343715 0.341685 0.339609 0.335844 0.331807 0.327129 0.318223 0.308109 0.290916 0.257032 0.229753 0.213497 0.206122
-9999.0 -9999.0 0.157960 0.170942 0.176829 0.181048 0.180421 0.181273 0.191167 0.196616 0.206306 0.224560 0.249464 0.285187 0.306576 0.323975 0.330532 0.333451 0.333468 0.336774 0.343076 0.348551 0.352004 0.354986 0.357451 0.359180 0.360482 0.358854 0.356951 0.353717 0.348959 0.342706 0.338885 0.336594 0.338084 0.340626 0.339013 0.335552 0.330588 0.324608 0.320052 0.315602 0.314402 0.314009 0.313961 0.312973 0.311460 0.306601 0.298864 0.291521 0.284861 0.278686 0.274694 0.266972 0.257645 0.250821 0.237538 0.225123 0.215727 0.207419 0.199844 0.196159 0.193118
-9999.0 -9999.0 -9999.0 0.159294 0.167474 0.173894 0.176486 0.173125 0.175828 0.180804 0.184530 0.190517 0.194584 0.199470 0.207742 0.220242 0.228117 0.230753 0.231016 0.250330 0.265340 0.290263 0.306062 0.311133 0.316008 0.320823 0.322210 0.318740 0.315403 0.309424 0.297486 0.278992 0.266417 0.265820 0.265975 0.268427 0.263933 0.259140 0.249853 0.240925 0.233258 0.227874 0.225896 0.224128 0.223224 0.221818 0.220392 0.217487 0.214348 0.211668 0.209459 0.208819 0.208176 0.207037 0.205617 0.204639 0.203189 0.198798 0.195757 0.193012 0.190334 0.188073 0.186035
-9999.0 -9999.0 -9999.0 -9999.0 -9999.0 0.154303 0.170318 0.173639 0.173918 0.172784 0.174436 0.180779 0.179937 0.180926 0.183759 0.185402 0.186106 0.188079 0.192296 0.196480 0.202168 0.207280 0.214895 0.222628 0.227426 0.233408 0.235634 0.230891 0.226622 0.220654 0.212649 0.205970 0.205231 0.205674 0.205928 0.205739 0.204659 0.203861 0.202740 0.200200 0.197980 0.197489 0.197149 0.196708 0.196216 0.195849 0.195534 0.195386 0.194031 0.192787 0.193429 0.193192 0.193045 0.193126 0.192543 0.192259 0.192443 0.189397 0.187679 0.188230 0.185600 0.183876 0.184300
-9999.0 -9999.0 -9999.0 -9999.0 -9999.0 -9999.0 0.152502 0.162514 0.170624 0.172947 0.176510 0.179297 0.175655 0.177027 0.178467 0.179960 0.182299 0.182276 0.183255 0.184790 0.186988 0.188225 0.190884 0.194575 0.194767 0.195804 0.197849 0.195601 0.194398 0.193704 0.189642 0.190098 0.189522 0.189955 0.190117 0.190535 0.190035 0.189568 0.189319 0.187600 0.187504 0.187072 0.186914 0.186748 0.186577 0.186502 0.186533 0.186605 0.185580 0.186178 0.186438 0.186167 0.186049 0.186257 0.186022 0.185566 0.185722 0.184482 0.184292 0.184298 0.182230 0.182243 0.182130
