tests/Borden05m/sims/sim_1/output-maps/thetaliqL0005N0014.asc
ncols         160
nrows         34
xllcorner     620200.000000
yllcorner     5168000.000000
cellsize      0.500000
NODATA_value  -9999.0
[rows 0 to 27 of 34, columns 63 to 125 of 160]
-9999.0 -9999.0 -9999.0 -9999.0 -9999.0 -9999.0 -9999.0 -9999.0 -9999.0 -9999.0 -9999.0 -9999.0 -9999.0 -9999.0 -9999.0 -9999.0 -9999.0 -9999.0 -9999.0 -9999.0 -9999.0 -9999.0 -9999.0 -9999.0 -9999.0 -9999.0 -9999.0 -9999.0 -9999.0 -9999.0 -9999.0 -9999.0 -9999.0 -9999.0 -9999.0 -9999.0 -9999.0 -9999.0 -9999.0 -9999.0 -9999.0 -9999.0 -9999.0 -9999.0 -9999.0 -9999.0 -9999.0 -9999.0 -9999.0 -9999.0 -9999.0 -9999.0 -9999.0 -9999.0 -9999.0 -9999.0 -9999.0 -9999.0 -9999.0 -9999.0 -9999.0 -9999.0 -9999.0
0.141540 0.137754 0.134068 0.132819 0.132704 0.132203 0.131542 0.133512 0.136418 0.139225 0.142376 0.142796 0.143614 0.144737 0.144999 0.144372 0.142850 0.141534 0.140146 0.140288 0.136413 0.131515 0.127920 0.126993 0.129242 0.131062 0.131549 0.133822 0.138308 0.142825 0.145920 0.151418 0.153002 0.155555 0.157976 0.155704 0.154339 0.153336 0.152262 0.146349 -9999.0 -9999.0 -9999.0 -9999.0 -9999.0 -9999.0 -9999.0 -9999.0 -9999.0 -9999.0 -9999.0 -9999.0 -9999.0 -9999.0 -9999.0 -9999.0 -9999.0 -9999.0 -9999.0 -9999.0 -9999.0 -9999.0 -9999.0
0.133921 0.130153 0.128417 0.126046 0.125205 0.125031 0.124605 0.125850 0.129820 0.133053 0.134643 0.134973 0.135462 0.135138 0.134717 0.134656 0.133414 0.132092 0.130777 0.130422 0.131434 0.128249 0.126366 0.125021 0.124182 0.124967 0.125696 0.126454 0.130410 0.133249 0.136039 0.142479 0.148667 0.151078 0.149430 0.146846 0.146011 0.144076 0.140359 0.136577 0.133754 0.131563 0.130165 0.128238 0.130994 0.132560 0.136773 0.140966 0.146122 0.152415 -9999.0 -9999.0 -9999.0 -9999.0 -9999.0 -9999.0 -9999.0 -9999.0 -9999.0 -9999.0 -9999.0 -9999.0 -9999.0
0.128543 0.127095 0.124962 0.122682 0.125875 0.125882 0.125962 0.126961 0.128332 0.128977 0.129905 0.131619 0.135516 0.136070 0.136029 0.136103 0.135290 0.133916 0.133457 0.132429 0.129819 0.129788 0.130209 0.129991 0.132620 0.133087 0.134124 0.130035 0.131231 0.133466 0.135808 0.138251 0.140845 0.142971 0.141147 0.141441 0.138257 0.132774 0.129353 0.127338 0.128062 0.128127 0.125595 0.120221 0.123194 0.130231 0.131151 0.131623 0.136625 0.141994 0.147832 0.148046 0.147739 0.147981 0.147772 0.141339 0.135941 0.131321 0.124206 -9999.0 -9999.0 -9999.0 -9999.0
0.128826 0.126957 0.125426 0.131189 0.134779 0.134529 0.135568 0.137227 0.136746 0.129955 0.128405 0.131851 0.136082 0.138363 0.137742 0.137390 0.136430 0.136085 0.136209 0.135109 0.135955 0.137167 0.136943 0.139390 0.142130 0.143935 0.138950 0.134377 0.134570 0.138325 0.141934 0.145008 0.150668 0.158033 0.157109 0.154394 0.151047 0.146243 0.136019 0.128087 0.124679 0.122900 0.120780 0.121156 0.120343 0.125129 0.125416 0.125458 0.128874 0.132567 0.136675 0.139329 0.139085 0.139368 0.139227 0.136082 0.130872 0.126744 0.122890 0.117079 0.110363 0.102908 0.103080
0.127577 0.128537 0.134374 0.139717 0.146911 0.146812 0.147629 0.147351 0.141643 0.136717 0.134286 0.142133 0.150200 0.154112 0.153641 0.153366 0.159308 0.157492 0.155839 0.152010 0.153486 0.154596 0.162225 0.166467 0.170864 0.169329 0.161443 0.154871 0.153922 0.154766 0.155135 0.158134 0.164426 0.171513 0.167908 0.163972 0.159734 0.144326 0.132266 0.126632 0.129076 0.130660 0.129381 0.128927 0.128174 0.124674 0.125062 0.125215 0.124408 0.129320 0.134629 0.135865 0.132484 0.131036 0.131318 0.128972 0.126623 0.122593 0.118481 0.114694 0.106723 0.106926 0.104072
0.145626 0.149365 0.155562 0.165810 0.182263 0.182907 0.185209 0.189353 0.180806 0.172188 0.162931 0.173808 0.179416 0.185612 0.187596 0.198028 0.207603 0.202287 0.194080 0.185875 0.191282 0.204340 0.218117 0.223248 0.225930 0.227585 0.218414 0.213905 0.210774 0.210452 0.205622 0.207030 0.217715 0.233875 0.234948 0.224253 0.204875 0.178288 0.156396 0.144839 0.149756 0.146662 0.144379 0.143615 0.137043 0.132532 0.134361 0.130234 0.127478 0.133189 0.135170 0.135354 0.131553 0.135827 0.133247 0.126589 0.121312 0.117462 0.114326 0.110968 0.110712 0.108802 0.106175
0.168318 0.173390 0.186646 0.207380 0.233107 0.248968 0.260400 0.271043 0.262709 0.251911 0.240296 0.243468 0.258027 0.272825 0.287996 0.303678 0.317669 0.313619 0.305129 0.303461 0.307897 0.323712 0.335561 0.339801 0.342110 0.345305 0.342546 0.337065 0.329420 0.320548 0.311681 0.305246 0.318974 0.331030 0.328869 0.304731 0.276237 0.239237 0.203714 0.174811 0.171203 0.172526 0.173113 0.163077 0.155319 0.145529 0.141150 0.138636 0.131616 0.134265 0.136411 0.141754 0.148249 0.148808 0.140827 0.134428 0.127945 0.122096 0.118007 0.118152 0.117671 0.114841 0.112655
0.283851 0.290204 0.305577 0.335195 0.355320 0.362465 0.365557 0.366005 0.365196 0.364012 0.361636 0.360178 0.362626 0.364552 0.365860 0.366721 0.367380 0.367735 0.367685 0.367684 0.367803 0.367976 0.368230 0.368470 0.368678 0.368880 0.368922 0.368666 0.368364 0.367962 0.367530 0.367385 0.367298 0.367620 0.367562 0.366358 0.363612 0.356872 0.339142 0.307993 0.278780 0.275873 0.258304 0.239953 0.218127 0.185652 0.172809 0.163758 0.145253 0.142987 0.149326 0.158114 0.163425 0.153016 0.145404 0.137789 0.130266 0.123244 0.122549 0.123439 0.123204 0.121631 0.121098
0.365591 0.366076 0.366610 0.368230 0.369265 0.369723 0.369891 0.369926 0.369894 0.369846 0.369767 0.369677 0.369682 0.369794 0.369883 0.369936 0.369958 0.369964 0.369962 0.369962 0.369964 0.369969 0.369971 0.369977 0.369983 0.369991 0.369996 0.369995 0.369986 0.369973 0.369944 0.369924 0.369912 0.369889 0.369885 0.369879 0.369717 0.369366 0.368559 0.367060 0.365306 0.362386 0.357425 0.348956 0.318333 0.272398 0.232833 0.202482 0.176194 0.170221 0.192467 0.215294 0.204458 0.195844 0.183562 0.167435 0.153943 0.141007 0.139136 0.138807 0.136707 0.134374 0.132058
0.369882 0.369908 0.369935 0.369971 0.369996 0.370000 0.370000 0.370000 0.370000 0.370000 0.370000 0.370000 0.370000 0.370000 0.370000 0.370000 0.370000 0.370000 0.370000 0.370000 0.370000 0.370000 0.370000 0.370000 0.370000 0.370000 0.370000 0.370000 0.370000 0.370000 0.370000 0.370000 0.370000 0.370000 0.370000 0.370000 0.370000 0.369999 0.369988 0.369912 0.369739 0.369458 0.369175 0.368748 0.368133 0.365840 0.363424 0.356324 0.337275 0.305564 0.326881 0.314015 0.298910 0.276932 0.247395 0.221700 0.198887 0.178465 0.172395 0.169880 0.165465 0.162479 0.157877
0.370000 0.370000 0.370000 0.370000 0.370000 0.370000 0.370000 0.370000 0.370000 0.370000 0.370000 0.370000 0.370000 0.370000 0.370000 0.370000 0.370000 0.370000 0.370000 0.370000 0.370000 0.370000 0.370000 0.370000 0.370000 0.370000 0.370000 0.370000 0.370000 0.370000 0.370000 0.370000 0.370000 0.370000 0.370000 0.370000 0.370000 0.370000 0.370000 0.370000 0.369999 0.369994 0.369983 0.369965 0.369945 0.369919 0.369857 0.369641 0.368906 0.367497 0.366697 0.365858 0.364065 0.358324 0.345588 0.325761 0.287195 0.246029 0.220939 0.212961 0.205977 0.198455 0.189389
0.370000 0.370000 0.370000 0.370000 0.370000 0.370000 0.370000 0.370000 0.370000 0.370000 0.370000 0.370000 0.370000 0.370000 0.370000 0.370000 0.370000 0.370000 0.370000 0.370000 0.370000 0.370000 0.370000 0.370000 0.370000 0.370000 0.370000 0.370000 0.370000 0.370000 0.370000 0.370000 0.370000 0.370000 0.370000 0.370000 0.370000 0.370000 0.370000 0.370000 0.370000 0.370000 0.370000 0.370000 0.370000 0.370000 0.370000 0.369999 0.369992 0.369954 0.369804 0.369706 0.369507 0.368988 0.368281 0.367529 0.364950 0.358113 0.344484 0.330889 0.305763 0.278421 0.257154
0.370000 0.370000 0.370000 0.370000 0.370000 0.370000 0.370000 0.370000 0.370000 0.370000 0.370000 0.370000 0.370000 0.370000 0.370000 0.370000 0.370000 0.370000 0.370000 0.370000 0.370000 0.370000 0.370000 0.370000 0.370000 0.370000 0.370000 0.370000 0.370000 0.370000 0.370000 0.370000 0.370000 0.370000 0.370000 0.370000 0.370000 0.370000 0.370000 0.370000 0.370000 0.370000 0.370000 0.370000 0.370000 0.370000 0.370000 0.370000 0.370000 0.370000 0.369999 0.369995 0.369988 0.369979 0.369965 0.369933 0.369757 0.369248 0.368331 0.367271 0.364998 0.360470 0.351927
0.370000 0.370000 0.370000 0.370000 0.370000 0.370000 0.370000 0.370000 0.370000 0.370000 0.370000 0.370000 0.370000 0.370000 0.370000 0.370000 0.370000 0.370000 0.370000 0.370000 0.370000 0.370000 0.370000 0.370000 0.370000 0.370000 0.370000 0.370000 0.370000 0.370000 0.370000 0.370000 0.370000 0.370000 0.370000 0.370000 0.370000 0.370000 0.370000 0.370000 0.370000 0.370000 0.370000 0.370000 0.370000 0.370000 0.370000 0.370000 0.370000 0.370000 0.370000 0.370000 0.370000 0.370000 0.370000 0.370000 0.369998 0.369982 0.369917 0.369785 0.369521 0.369030 0.368218
0.370000 0.370000 0.370000 0.370000 0.370000 0.370000 0.370000 0.370000 0.370000 0.370000 0.370000 0.370000 0.370000 0.370000 0.370000 0.370000 0.370000 0.370000 0.370000 0.370000 0.370000 0.370000 0.370000 0.370000 0.370000 0.370000 0.370000 0.370000 0.370000 0.370000 0.370000 0.370000 0.370000 0.370000 0.370000 0.370000 0.370000 0.370000 0.370000 0.370000 0.370000 0.370000 0.370000 0.370000 0.370000 0.370000 0.370000 0.370000 0.370000 0.370000 0.370000 0.370000 0.370000 0.370000 0.370000 0.370000 0.370000 0.370000 0.370000 0.369995 0.369977 0.369934 0.369838
0.370000 0.370000 0.370000 0.370000 0.370000 0.370000 0.370000 0.370000 0.370000 0.370000 0.370000 0.370000 0.370000 0.370000 0.370000 0.370000 0.370000 0.370000 0.370000 0.370000 0.370000 0.370000 0.370000 0.370000 0.370000 0.370000 0.370000 0.370000 0.370000 0.370000 0.370000 0.370000 0.370000 0.370000 0.370000 0.370000 0.370000 0.370000 0.370000 0.370000 0.370000 0.370000 0.370000 0.370000 0.370000 0.370000 0.370000 0.370000 0.370000 0.370000 0.370000 0.370000 0.370000 0.370000 0.370000 0.370000 0.370000 0.370000 0.370000 0.370000 0.370000 0.370000 0.369997
0.370000 0.370000 0.370000 0.370000 0.370000 0.370000 0.370000 0.370000 0.370000 0.370000 0.370000 0.370000 0.370000 0.370000 0.370000 0.370000 0.370000 0.369999 0.370000 0.370000 0.370000 0.370000 0.370000 0.369999 0.369998 0.369997 0.369998 0.369999 0.370000 0.370000 0.370000 0.370000 0.370000 0.370000 0.370000 0.370000 0.370000 0.370000 0.370000 0.370000 0.370000 0.370000 0.370000 0.370000 0.370000 0.370000 0.370000 0.370000 0.370000 0.370000 0.370000 0.370000 0.370000 0.370000 0.370000 0.370000 0.370000 0.370000 0.370000 0.370000 0.370000 0.370000 0.370000
0.370000 0.370000 0.370000 0.370000 0.370000 0.370000 0.369999 0.369999 0.369998 0.369998 0.369995 0.369992 0.369985 0.369967 0.369932 0.369881 0.369860 0.369840 0.369817 0.369871 0.369891 0.369881 0.369845 0.369798 0.369768 0.369748 0.369775 0.369853 0.369906 0.369940 0.369952 0.369940 0.369952 0.369963 0.369965 0.369984 0.369993 0.369998 0.370000 0.370000 0.370000 0.370000 0.370000 0.370000 0.370000 0.370000 0.370000 0.370000 0.370000 0.370000 0.370000 0.370000 0.370000 0.370000 0.370000 0.370000 0.370000 0.370000 0.370000 0.370000 0.370000 0.370000 0.370000
0.370000 0.370000 0.370000 0.369993 0.369964 0.369924 0.369839 0.369778 0.369704 0.369432 0.369173 0.368974 0.369005 0.368677 0.368055 0.367376 0.366998 0.366709 0.366030 0.365741 0.366030 0.366645 0.366196 0.365923 0.366095 0.365925 0.365780 0.366380 0.367228 0.367645 0.368030 0.368357 0.368534 0.368772 0.369336 0.369562 0.369718 0.369854 0.369936 0.369977 0.369992 0.369996 0.369999 0.370000 0.370000 0.370000 0.370000 0.370000 0.370000 0.370000 0.370000 0.370000 0.370000 0.370000 0.370000 0.370000 0.370000 0.370000 0.370000 0.370000 0.370000 0.370000 0.370000
0.369985 0.369973 0.369856 0.369497 0.368833 0.368063 0.366834 0.365694 0.363100 0.356474 0.348917 0.348763 0.350936 0.348440 0.338728 0.326645 0.316089 0.303945 0.287595 0.277457 0.286282 0.295876 0.297521 0.298080 0.301292 0.301540 0.300593 0.300912 0.313796 0.323456 0.332634 0.339586 0.345554 0.356688 0.362719 0.365316 0.367012 0.368100 0.368921 0.369444 0.369697 0.369813 0.369903 0.369956 0.369984 0.369996 0.369999 0.370000 0.370000 0.370000 0.370000 0.370000 0.370000 0.370000 0.370000 0.370000 0.370000 0.370000 0.370000 0.370000 0.370000 0.370000 0.370000
0.369265 0.368441 0.366380 0.362209 0.354148 0.339896 0.317547 0.290387 0.258125 0.228402 0.210193 0.217091 0.223229 0.230763 0.217057 0.205240 0.200021 0.189023 0.179121 0.169455 0.176152 0.181897 0.192575 0.193809 0.195449 0.199985 0.198209 0.196832 0.192066 0.199624 0.206785 0.216226 0.239168 0.264882 0.291383 0.313708 0.334147 0.350180 0.359818 0.364824 0.367139 0.368174 0.368874 0.369375 0.369652 0.369813 0.369919 0.369976 0.369994 0.369998 0.370000 0.370000 0.370000 0.370000 0.370000 0.370000 0.370000 0.370000 0.370000 0.370000 0.370000 0.370000 0.370000
0.349574 0.327879 0.282825 0.251697 0.229359 0.207708 0.191040 0.177573 0.161506 0.149924 0.138643 0.141522 0.147685 0.155939 0.150078 0.147952 0.147453 0.142107 0.136497 0.130351 0.131731 0.137773 0.145393 0.147215 0.149736 0.153860 0.153841 0.150366 0.145050 0.147390 0.153361 0.160679 0.173102 0.186949 0.201808 0.216502 0.235510 0.258517 0.284724 0.314194 0.339577 0.352422 0.360986 0.365518 0.367312 0.368062 0.368713 0.369361 0.369644 0.369822 0.369921 0.369963 0.369992 0.369999 0.370000 0.370000 0.370000 0.370000 0.370000 0.370000 0.370000 0.370000 0.370000
0.202086 0.178345 0.165722 0.156195 0.147622 0.140168 0.132874 0.126552 0.121089 0.115214 0.108695 0.110780 0.115001 0.119824 0.120205 0.119376 0.119013 0.116959 0.113036 0.108473 0.110758 0.114997 0.119437 0.121846 0.123532 0.125972 0.124568 0.121291 0.117736 0.120074 0.124902 0.129380 0.135327 0.143525 0.152809 0.163008 0.175148 0.188736 0.206169 0.226745 0.250637 0.276342 0.303526 0.329252 0.341909 0.351167 0.357230 0.362665 0.365694 0.367346 0.368469 0.369191 0.369673 0.369921 0.369989 0.369999 0.370000 0.370000 0.370000 0.370000 0.370000 0.370000 0.370000
0.145333 0.133844 0.126360 0.121303 0.119990 0.116796 0.111971 0.110095 0.107029 0.101988 0.102700 0.103966 0.107893 0.107793 0.107757 0.106824 0.107093 0.106110 0.102024 0.103892 0.105407 0.108952 0.110737 0.112420 0.113650 0.114625 0.114115 0.110879 0.111597 0.113254 0.117254 0.119418 0.123117 0.129670 0.134592 0.141256 0.149958 0.160059 0.172310 0.187231 0.206198 0.225709 0.243860 0.253363 0.265628 0.275542 0.273721 0.294142 0.314842 0.334187 0.351427 0.360780 0.365792 0.368352 0.369507 0.369889 0.369981 0.369998 0.370000 0.370000 0.370000 0.370000 0.370000
0.115596 0.109161 0.104145 0.103922 0.102954 0.101710 0.100120 0.098431 0.096251 0.097567 0.097600 0.097489 0.097536 0.097770 0.098149 0.097801 0.097565 0.097674 0.099185 0.099688 0.099786 0.101173 0.102559 0.103954 0.103930 0.104494 0.104814 0.105536 0.105755 0.105966 0.108115 0.109899 0.112076 0.115560 0.119197 0.123693 0.130123 0.137112 0.145825 0.157813 0.172177 0.184118 0.189627 0.196982 0.200482 0.196998 0.193771 0.201807 0.212762 0.224425 0.247528 0.275165 0.308160 0.350645 0.364698 0.368219 0.369369 0.369810 0.369946 0.369987 0.369998 0.370000 0.370000
0.103394 0.099284 0.097461 0.097494 0.096887 0.096203 0.094456 0.092993 0.093729 0.093958 0.093795 0.093363 0.093933 0.094290 0.095035 0.094517 0.094293 0.094573 0.094941 0.095203 0.096126 0.097111 0.098170 0.100505 0.100176 0.100501 0.101392 0.101427 0.101560 0.101630 0.103573 0.105100 0.106617 0.109498 0.112428 0.115991 0.120802 0.127499 0.137473 0.147587 0.159716 0.171321 0.175794 0.178384 0.177022 0.173920 0.165856 0.165861 0.174185 0.175738 0.185606 0.202028 0.212529 0.255062 0.314242 0.347945 0.362313 0.367011 0.369067 0.369607 0.369871 0.369969 0.369995
0.095499 0.094447 0.092673 0.092261 0.091713 0.090827 0.089925 0.090474 0.090314 0.090178 0.090177 0.089924 0.090370 0.090813 0.091267 0.091176 0.091250 0.090870 0.091112 0.092022 0.092493 0.093416 0.094912 0.096765 0.096507 0.096747 0.097140 0.097186 0.097512 0.097474 0.098949 0.100453 0.101670 0.104309 0.106793 0.108790 0.113665 0.120784 0.129156 0.137231 0.147260 0.159612 0.159767 0.160237 0.160483 0.153202 0.145111 0.143454 0.145466 0.145253 0.150619 0.156796 0.162158 0.181831 0.205044 0.235461 0.281203 0.336761 0.360937 0.366352 0.368416 0.369365 0.369751
