tests/Borden05m/sims/sim_1/output-maps/thetaliqL0004N0008.asc
ncols         160
nrows         34
xllcorner     620200.000000
yllcorner     5168000.000000
cellsize      0.500000
NODATA_value  -9999.0
[rows 0 to 27 of 34, columns 0 to 62 of 160]
-9999.0 -9999.0 -9999.0 -9999.0 -9999.0 -9999.0 -9999.0 -9999.0 -9999.0 -9999.0 -9999.0 -9999.0 -9999.0 -9999.0 -9999.0 -9999.0 -9999.0 -9999.0 -9999.0 -9999.0 -9999.0 -9999.0 -9999.0 -9999.0 -9999.0 -9999.0 -9999.0 -9999.0 -9999.0 -9999.0 -9999.0 -9999.0 -9999.0 -9999.0 -9999.0 -9999.0 -9999.0 -9999.0 -9999.0 -9999.0 -9999.0 -9999.0 -9999.0 -9999.0 -9999.0 -9999.0 -9999.0 -9999.0 -9999.0 -9999.0 -9999.0 -9999.0 -9999.0 -9999.0 -9999.0 -9999.0 -9999.0 -9999.0 -9999.0 -9999.0 -9999.0 -9999.0 -9999.0
-9999.0 -9999.0 -9999.0 -9999.0 -9999.0 -9999.0 -9999.0 -9999.0 -9999.0 -9999.0 -9999.0 -9999.0 -9999.0 -9999.0 -9999.0 -9999.0 -9999.0 -9999.0 -9999.0 -9999.0 -9999.0 -9999.0 -9999.0 -9999.0 -9999.0 -9999.0 -9999.0 -9999.0 -9999.0 -9999.0 -9999.0 -9999.0 -9999.0 -9999.0 -9999.0 -9999.0 -9999.0 -9999.0 -9999.0 -9999.0 -9999.0 -9999.0 -9999.0 -9999.0 -9999.0 -9999.0 -9999.0 -9999.0 -9999.0 -9999.0 -9999.0 -9999.0 -9999.0 -9999.0 -9999.0 -9999.0 -9999.0 -9999.0 -9999.0 0.164975 0.162535 0.160758 0.159640
-9999.0 -9999.0 -9999.0 -9999.0 -9999.0 -9999.0 -9999.0 -9999.0 -9999.0 -9999.0 -9999.0 -9999.0 -9999.0 -9999.0 -9999.0 -9999.0 -9999.0 -9999.0 -9999.0 -9999.0 -9999.0 -9999.0 -9999.0 -9999.0 -9999.0 -9999.0 -9999.0 -9999.0 -9999.0 -9999.0 -9999.0 -9999.0 -9999.0 -9999.0 -9999.0 -9999.0 -9999.0 -9999.0 -9999.0 -9999.0 -9999.0 -9999.0 -9999.0 -9999.0 -9999.0 -9999.0 -9999.0 0.143410 0.137295 0.130499 0.128752 0.136337 0.140325 0.144271 0.147199 0.150021 0.154090 0.160999 0.160808 0.152002 0.150939 0.150563 0.150781
-9999.0 -9999.0 -9999.0 -9999.0 -9999.0 -9999.0 -9999.0 -9999.0 -9999.0 -9999.0 -9999.0 -9999.0 -9999.0 -9999.0 -9999.0 -9999.0 -9999.0 -9999.0 -9999.0 -9999.0 -9999.0 -9999.0 -9999.0 -9999.0 -9999.0 -9999.0 -9999.0 -9999.0 -9999.0 -9999.0 -9999.0 -9999.0 -9999.0 -9999.0 -9999.0 -9999.0 -9999.0 -9999.0 -9999.0 -9999.0 0.144563 0.147429 0.149677 0.145382 0.143332 0.143171 0.138585 0.133687 0.128978 0.130174 0.130305 0.127500 0.132783 0.137492 0.139617 0.141524 0.145938 0.153296 0.153031 0.146492 0.142608 0.141328 0.142034
-9999.0 -9999.0 -9999.0 -9999.0 -9999.0 -9999.0 -9999.0 -9999.0 -9999.0 -9999.0 -9999.0 -9999.0 -9999.0 -9999.0 -9999.0 -9999.0 -9999.0 -9999.0 -9999.0 -9999.0 -9999.0 -9999.0 -9999.0 -9999.0 -9999.0 -9999.0 -9999.0 -9999.0 -9999.0 -9999.0 -9999.0 -9999.0 -9999.0 -9999.0 0.130255 0.135214 0.137770 0.140318 0.143940 0.143103 0.142426 0.144905 0.142702 0.142393 0.139469 0.134297 0.129352 0.126615 0.129043 0.128145 0.128249 0.130766 0.132638 0.133688 0.137632 0.143873 0.141632 0.143503 0.142913 0.140324 0.142560 0.144448 0.145695
-9999.0 -9999.0 -9999.0 -9999.0 -9999.0 -9999.0 -9999.0 -9999.0 -9999.0 -9999.0 -9999.0 -9999.0 -9999.0 -9999.0 -9999.0 -9999.0 -9999.0 -9999.0 -9999.0 -9999.0 -9999.0 -9999.0 -9999.0 -9999.0 -9999.0 -9999.0 -9999.0 -9999.0 0.137371 0.135361 0.133838 0.133894 0.133206 0.130695 0.130189 0.130897 0.133753 0.138361 0.139423 0.139134 0.139659 0.138707 0.135843 0.135490 0.138426 0.135262 0.133582 0.131489 0.126916 0.125846 0.128480 0.131226 0.133792 0.134798 0.135676 0.136181 0.137295 0.144897 0.147021 0.143015 0.140730 0.139654 0.140202
-9999.0 -9999.0 -9999.0 -9999.0 -9999.0 -9999.0 -9999.0 -9999.0 -9999.0 -9999.0 -9999.0 -9999.0 -9999.0 -9999.0 -9999.0 -9999.0 -9999.0 -9999.0 -9999.0 -9999.0 -9999.0 -9999.0 -9999.0 0.133569 0.135390 0.136157 0.137837 0.137046 0.133320 0.130949 0.129927 0.129109 0.127262 0.127130 0.127243 0.128667 0.129894 0.134526 0.132739 0.131659 0.135516 0.134746 0.137219 0.140058 0.139329 0.139776 0.134329 0.130443 0.134326 0.136052 0.136051 0.135423 0.137130 0.139439 0.142362 0.147138 0.153224 0.158620 0.166687 0.161503 0.157544 0.151150 0.151706
-9999.0 -9999.0 -9999.0 -9999.0 -9999.0 -9999.0 -9999.0 -9999.0 -9999.0 -9999.0 -9999.0 -9999.0 -9999.0 -9999.0 -9999.0 -9999.0 -9999.0 -9999.0 -9999.0 0.133317 0.132792 0.131757 0.132229 0.128880 0.127529 0.128565 0.130469 0.129456 0.127543 0.125937 0.126143 0.126392 0.126078 0.128690 0.130959 0.131933 0.131735 0.135535 0.136953 0.139289 0.144944 0.141507 0.138115 0.136372 0.136215 0.135300 0.138340 0.139323 0.139776 0.139652 0.139969 0.141052 0.141967 0.146892 0.151835 0.156337 0.160772 0.166469 0.175965 0.172159 0.164931 0.157552 0.157555
-9999.0 -9999.0 -9999.0 -9999.0 -9999.0 -9999.0 -9999.0 -9999.0 -9999.0 -9999.0 -9999.0 -9999.0 -9999.0 -9999.0 -9999.0 -9999.0 0.132497 0.132221 0.130943 0.128945 0.127234 0.127247 0.128685 0.126276 0.125538 0.126170 0.125209 0.126521 0.127927 0.129597 0.130396 0.128689 0.129130 0.129072 0.129133 0.130301 0.134489 0.138621 0.139929 0.143092 0.148444 0.145702 0.144463 0.144592 0.142926 0.144631 0.152466 0.151544 0.148599 0.156949 0.161766 0.160515 0.160183 0.166285 0.175599 0.187472 0.206440 0.218977 0.233102 0.238044 0.224297 0.221597 0.225824
-9999.0 -9999.0 -9999.0 -9999.0 -9999.0 -9999.0 -9999.0 -9999.0 -9999.0 -9999.0 -9999.0 -9999.0 -9999.0 0.131382 0.131146 0.131607 0.128446 0.126012 0.124604 0.122703 0.125382 0.123597 0.123112 0.123635 0.126060 0.126232 0.126626 0.128269 0.127913 0.127336 0.126788 0.125521 0.127672 0.129937 0.131692 0.135144 0.138121 0.140719 0.144998 0.146364 0.149396 0.148645 0.145778 0.145222 0.147725 0.155146 0.161395 0.163938 0.174781 0.186539 0.192251 0.199500 0.202916 0.207568 0.218359 0.247738 0.284109 0.315386 0.333636 0.349685 0.351077 0.353822 0.356146
-9999.0 -9999.0 -9999.0 -9999.0 -9999.0 -9999.0 -9999.0 -9999.0 -9999.0 -9999.0 0.126063 0.127731 0.125254 0.120897 0.119137 0.120183 0.121313 0.119810 0.119985 0.124627 0.127363 0.123137 0.126216 0.126396 0.124689 0.125298 0.126691 0.127115 0.130263 0.130630 0.130936 0.136205 0.137940 0.139828 0.142357 0.145232 0.148025 0.157524 0.166229 0.166917 0.178765 0.186304 0.180341 0.178153 0.179943 0.188463 0.202333 0.221346 0.237969 0.264602 0.288645 0.303746 0.314196 0.326033 0.341074 0.367532 0.369920 0.369993 0.369999 0.370000 0.370000 0.370000 0.370000
-9999.0 -9999.0 -9999.0 -9999.0 -9999.0 -9999.0 -9999.0 -9999.0 0.119559 0.122042 0.123649 0.121654 0.119053 0.114615 0.116361 0.118120 0.119383 0.121265 0.122244 0.123126 0.122242 0.123938 0.127073 0.126462 0.126963 0.129134 0.129455 0.131571 0.134816 0.133936 0.136007 0.139348 0.142434 0.145326 0.148757 0.151331 0.161187 0.174875 0.189854 0.202670 0.220330 0.240899 0.238632 0.240740 0.243354 0.270133 0.303350 0.337596 0.366903 0.369882 0.369988 0.369997 0.369998 0.370000 0.370000 0.370000 0.370000 0.370000 0.370000 0.370000 0.370000 0.370000 0.370000
-9999.0 -9999.0 -9999.0 -9999.0 -9999.0 -9999.0 0.115861 0.121261 0.124039 0.117892 0.113480 0.112067 0.109665 0.115172 0.120423 0.121559 0.122485 0.123593 0.123209 0.119918 0.128548 0.126507 0.125138 0.128009 0.128139 0.128719 0.130802 0.135249 0.137780 0.146956 0.154405 0.161283 0.170357 0.176277 0.182366 0.189420 0.207465 0.232841 0.264374 0.295974 0.325301 0.352889 0.362220 0.367409 0.369747 0.369949 0.369993 0.370000 0.370000 0.370000 0.370000 0.370000 0.370000 0.370000 0.370000 0.370000 0.370000 0.370000 0.370000 0.370000 0.370000 0.370000 0.370000
-9999.0 -9999.0 -9999.0 -9999.0 0.118495 0.119779 0.118895 0.123844 0.127467 0.119819 0.122489 0.121165 0.118759 0.116013 0.112941 0.115373 0.116917 0.118059 0.117870 0.126088 0.134054 0.129705 0.133933 0.142172 0.140988 0.142364 0.143427 0.147915 0.155885 0.166490 0.190017 0.212426 0.226816 0.242564 0.258775 0.281199 0.312724 0.352695 0.369712 0.369981 0.369999 0.370000 0.370000 0.370000 0.370000 0.370000 0.370000 0.370000 0.370000 0.370000 0.370000 0.370000 0.370000 0.370000 0.370000 0.370000 0.370000 0.370000 0.370000 0.370000 0.370000 0.370000 0.370000
-9999.0 -9999.0 -9999.0 0.115083 0.120409 0.122588 0.120140 0.121306 0.125734 0.121679 0.121026 0.120391 0.120034 0.120195 0.120001 0.121653 0.122161 0.121340 0.122794 0.128280 0.131477 0.136686 0.141256 0.147813 0.153530 0.156191 0.159773 0.168060 0.188482 0.211322 0.253210 0.306164 0.343373 0.365241 0.369728 0.369961 0.369994 0.370000 0.370000 0.370000 0.370000 0.370000 0.370000 0.370000 0.370000 0.370000 0.370000 0.370000 0.370000 0.370000 0.370000 0.370000 0.370000 0.370000 0.370000 0.370000 0.370000 0.370000 0.370000 0.370000 0.370000 0.370000 0.370000
-9999.0 -9999.0 0.115787 0.118861 0.116921 0.120869 0.125569 0.122740 0.128438 0.130481 0.125192 0.128444 0.130277 0.127124 0.129530 0.132304 0.133892 0.130025 0.127723 0.134557 0.150085 0.164490 0.172644 0.207598 0.227816 0.240668 0.246104 0.266380 0.295808 0.344893 0.369593 0.369982 0.370000 0.370000 0.370000 0.370000 0.370000 0.370000 0.370000 0.370000 0.370000 0.370000 0.370000 0.370000 0.370000 0.370000 0.370000 0.370000 0.370000 0.370000 0.370000 0.370000 0.370000 0.370000 0.370000 0.370000 0.370000 0.370000 0.370000 0.370000 0.370000 0.370000 0.370000
-9999.0 -9999.0 0.112441 0.117288 0.114078 0.121960 0.130392 0.123188 0.126039 0.134917 0.133074 0.134596 0.134012 0.135025 0.139453 0.147791 0.144250 0.143035 0.135492 0.157439 0.180613 0.219925 0.292807 0.342831 0.366600 0.368987 0.369693 0.369902 0.369975 0.369999 0.370000 0.370000 0.370000 0.370000 0.370000 0.370000 0.370000 0.370000 0.370000 0.370000 0.370000 0.370000 0.370000 0.370000 0.370000 0.370000 0.370000 0.370000 0.370000 0.370000 0.370000 0.370000 0.370000 0.370000 0.370000 0.370000 0.370000 0.370000 0.370000 0.370000 0.370000 0.370000 0.370000
-9999.0 0.111125 0.113499 0.113757 0.118811 0.117502 0.124190 0.134734 0.135411 0.140164 0.141220 0.136685 0.158518 0.180475 0.188693 0.208044 0.199964 0.194582 0.182045 0.207004 0.254800 0.352881 0.369956 0.370000 0.370000 0.370000 0.370000 0.370000 0.370000 0.370000 0.370000 0.370000 0.370000 0.370000 0.370000 0.370000 0.370000 0.370000 0.370000 0.370000 0.370000 0.370000 0.370000 0.370000 0.370000 0.370000 0.370000 0.370000 0.370000 0.370000 0.370000 0.370000 0.370000 0.370000 0.370000 0.370000 0.370000 0.370000 0.370000 0.370000 0.370000 0.370000 0.370000
-9999.0 0.104638 0.113101 0.118760 0.116741 0.113210 0.127744 0.155510 0.147475 0.146442 0.147098 0.164691 0.223075 0.283602 0.316394 0.347989 0.343957 0.330801 0.329817 0.361422 0.369717 0.369997 0.370000 0.370000 0.370000 0.370000 0.370000 0.370000 0.370000 0.370000 0.370000 0.370000 0.370000 0.370000 0.370000 0.370000 0.370000 0.370000 0.370000 0.370000 0.370000 0.370000 0.370000 0.370000 0.370000 0.370000 0.370000 0.370000 0.370000 0.370000 0.370000 0.370000 0.370000 0.370000 0.370000 0.370000 0.370000 0.370000 0.370000 0.370000 0.370000 0.370000 0.370000
-9999.0 0.111102 0.122077 0.119156 0.110499 0.123728 0.131008 0.151437 0.170172 0.168356 0.192362 0.277008 0.366376 0.369968 0.369999 0.370000 0.370000 0.369999 0.370000 0.370000 0.370000 0.370000 0.370000 0.370000 0.370000 0.370000 0.370000 0.370000 0.370000 0.370000 0.370000 0.370000 0.370000 0.370000 0.370000 0.370000 0.370000 0.370000 0.370000 0.370000 0.370000 0.370000 0.370000 0.370000 0.370000 0.370000 0.370000 0.370000 0.370000 0.370000 0.370000 0.370000 0.370000 0.370000 0.370000 0.370000 0.370000 0.370000 0.370000 0.370000 0.370000 0.370000 0.370000
-9999.0 0.100240 0.113503 0.102187 0.118185 0.136504 0.135265 0.170824 0.221978 0.236730 0.336530 0.369913 0.370000 0.370000 0.370000 0.370000 0.370000 0.370000 0.370000 0.370000 0.370000 0.370000 0.370000 0.370000 0.370000 0.370000 0.370000 0.370000 0.370000 0.370000 0.370000 0.370000 0.370000 0.370000 0.370000 0.370000 0.370000 0.370000 0.370000 0.370000 0.370000 0.370000 0.370000 0.370000 0.370000 0.370000 0.370000 0.370000 0.370000 0.370000 0.370000 0.370000 0.370000 0.370000 0.370000 0.370000 0.370000 0.370000 0.370000 0.370000 0.370000 0.370000 0.370000
-9999.0 0.093878 0.101387 0.107748 0.123007 0.136616 0.152333 0.195527 0.295041 0.356336 0.369954 0.370000 0.370000 0.370000 0.370000 0.370000 0.370000 0.370000 0.370000 0.370000 0.370000 0.370000 0.370000 0.370000 0.370000 0.370000 0.370000 0.370000 0.370000 0.370000 0.370000 0.370000 0.370000 0.370000 0.370000 0.370000 0.370000 0.370000 0.370000 0.370000 0.370000 0.370000 0.370000 0.370000 0.370000 0.370000 0.370000 0.370000 0.370000 0.370000 0.370000 0.370000 0.370000 0.370000 0.370000 0.370000 0.370000 0.370000 0.370000 0.370000 0.370000 0.370000 0.370000
-9999.0 0.083112 0.104363 0.107637 0.116185 0.119257 0.122792 0.148300 0.199225 0.350766 0.370000 0.370000 0.370000 0.370000 0.370000 0.370000 0.370000 0.370000 0.370000 0.370000 0.370000 0.370000 0.370000 0.370000 0.370000 0.370000 0.370000 0.370000 0.370000 0.370000 0.370000 0.370000 0.370000 0.370000 0.370000 0.370000 0.370000 0.370000 0.370000 0.370000 0.370000 0.370000 0.370000 0.370000 0.370000 0.370000 0.370000 0.370000 0.370000 0.370000 0.370000 0.370000 0.370000 0.370000 0.370000 0.370000 0.370000 0.370000 0.369999 0.369959 0.367954 0.341170 0.333399
-9999.0 -9999.0 0.092794 0.107837 0.109851 0.112678 0.115540 0.132660 0.156662 0.255584 0.351878 0.369910 0.369999 0.370000 0.370000 0.370000 0.370000 0.370000 0.370000 0.370000 0.370000 0.370000 0.370000 0.370000 0.370000 0.370000 0.370000 0.370000 0.370000 0.370000 0.370000 0.370000 0.370000 0.370000 0.370000 0.370000 0.370000 0.370000 0.370000 0.370000 0.370000 0.370000 0.370000 0.370000 0.370000 0.370000 0.370000 0.370000 0.370000 0.370000 0.370000 0.370000 0.369999 0.369998 0.369995 0.369983 0.369834 0.363457 0.336121 0.295069 0.253075 0.220109 0.200781
-9999.0 -9999.0 0.081678 0.099322 0.110481 0.119884 0.118159 0.119621 0.146130 0.162804 0.191248 0.243777 0.295830 0.340869 0.369261 0.369962 0.369991 0.369995 0.369996 0.369998 0.370000 0.370000 0.370000 0.370000 0.370000 0.370000 0.370000 0.370000 0.370000 0.370000 0.370000 0.369999 0.369998 0.369997 0.369997 0.369998 0.369998 0.369996 0.369991 0.369981 0.369964 0.369916 0.369793 0.369462 0.369123 0.368360 0.366575 0.360011 0.348483 0.339149 0.331570 0.324594 0.320397 0.310993 0.298889 0.289629 0.268049 0.245708 0.227298 0.206576 0.184773 0.173087 0.162985
-9999.0 -9999.0 -9999.0 0.083126 0.093616 0.104417 0.109400 0.102452 0.107160 0.118071 0.127937 0.144873 0.157391 0.171505 0.193832 0.231114 0.253429 0.260373 0.260613 0.296109 0.313143 0.341242 0.362458 0.368969 0.369879 0.369964 0.369973 0.369946 0.369805 0.366828 0.348213 0.324787 0.310716 0.310842 0.311389 0.315229 0.309626 0.303593 0.290087 0.274929 0.259923 0.248515 0.244726 0.241262 0.239668 0.236930 0.234425 0.228702 0.222185 0.215910 0.210457 0.209072 0.207483 0.204645 0.200942 0.198249 0.194201 0.181125 0.171482 0.162615 0.153878 0.146491 0.140080
-9999.0 -9999.0 -9999.0 -9999.0 -9999.0 0.078318 0.097914 0.103891 0.104050 0.101754 0.104948 0.118606 0.117239 0.120145 0.127410 0.132177 0.135260 0.141880 0.155027 0.168081 0.186016 0.200586 0.220384 0.238810 0.249004 0.262012 0.266620 0.256418 0.247456 0.234893 0.216728 0.199998 0.198452 0.199685 0.200377 0.199650 0.196603 0.194275 0.191093 0.183668 0.177292 0.175898 0.174869 0.173511 0.171956 0.170803 0.169826 0.169339 0.165362 0.161820 0.163561 0.162820 0.162296 0.162367 0.160491 0.159327 0.159325 0.150254 0.144943 0.145685 0.137939 0.132895 0.133391
-9999.0 -9999.0 -9999.0 -9999.0 -9999.0 -9999.0 0.076931 0.086558 0.098453 0.102520 0.109375 0.115223 0.107588 0.110465 0.113729 0.117565 0.123846 0.124705 0.127884 0.132616 0.139369 0.143890 0.152203 0.163580 0.164816 0.168046 0.174144 0.167928 0.164482 0.162470 0.151375 0.152448 0.150710 0.151757 0.152117 0.153126 0.151579 0.150115 0.149253 0.144595 0.144194 0.142897 0.142331 0.141744 0.141135 0.140791 0.140758 0.140844 0.138194 0.139748 0.140415 0.139709 0.139342 0.139746 0.138929 0.137497 0.137587 0.134145 0.133344 0.133017 0.127577 0.127287 0.126680
