tests/Borden05m/sims/sim_1/output-maps/thetaliqL0001N0019.asc
ncols         160
nrows         34
xllcorner     620200.000000
yllcorner     5168000.000000
cellsize      0.500000
NODATA_value  -9999.0
[rows 0 to 27 of 34, columns 63 to 125 of 160]
-9999.0 -9999.0 -9999.0 -9999.0 -9999.0 -9999.0 -9999.0 -9999.0 -9999.0 -9999.0 -9999.0 -9999.0 -9999.0 -9999.0 -9999.0 -9999.0 -9999.0 -9999.0 -9999.0 -9999.0 -9999.0 -9999.0 -9999.0 -9999.0 -9999.0 -9999.0 -9999.0 -9999.0 -9999.0 -9999.0 -9999.0 -9999.0 -9999.0 -9999.0 -9999.0 -9999.0 -9999.0 -9999.0 -9999.0 -9999.0 -9999.0 -9999.0 -9999.0 -9999.0 -9999.0 -9999.0 -9999.0 -9999.0 -9999.0 -9999.0 -9999.0 -9999.0 -9999.0 -9999.0 -9999.0 -9999.0 -9999.0 -9999.0 -9999.0 -9999.0 -9999.0 -9999.0 -9999.0
0.174304 0.173564 0.172704 0.172562 0.172653 0.172502 0.172175 0.172629 0.173222 0.173737 0.174452 0.174331 0.174425 0.174701 0.174775 0.174648 0.174316 0.174097 0.173840 0.174163 0.173180 0.171920 0.170963 0.170768 0.171572 0.172058 0.171980 0.172451 0.173466 0.174353 0.174682 0.175759 0.175637 0.176078 0.176772 0.176212 0.176062 0.176118 0.176289 0.174814 -9999.0 -9999.0 -9999.0 -9999.0 -9999.0 -9999.0 -9999.0 -9999.0 -9999.0 -9999.0 -9999.0 -9999.0 -9999.0 -9999.0 -9999.0 -9999.0 -9999.0 -9999.0 -9999.0 -9999.0 -9999.0 -9999.0 -9999.0
0.172280 0.171283 0.171025 0.170302 0.169998 0.169918 0.169640 0.169876 0.171069 0.171932 0.172191 0.172025 0.171946 0.171700 0.171519 0.171573 0.171269 0.170988 0.170689 0.170761 0.171486 0.170579 0.170127 0.169694 0.169246 0.169424 0.169572 0.169634 0.170767 0.171232 0.171574 0.173144 0.174629 0.175036 0.174447 0.173789 0.173927 0.173841 0.173212 0.172599 0.172529 0.172224 0.172090 0.171554 0.172381 0.172399 0.173364 0.174194 0.175171 0.176612 -9999.0 -9999.0 -9999.0 -9999.0 -9999.0 -9999.0 -9999.0 -9999.0 -9999.0 -9999.0 -9999.0 -9999.0 -9999.0
0.170836 0.170497 0.169799 0.168776 0.169942 0.169788 0.169687 0.169904 0.170303 0.170447 0.170641 0.170935 0.172025 0.171956 0.171867 0.171921 0.171730 0.171378 0.171399 0.171203 0.170307 0.170446 0.170665 0.170482 0.171371 0.171423 0.171915 0.170358 0.170616 0.171011 0.171307 0.171541 0.171814 0.172174 0.171493 0.171952 0.171374 0.170129 0.169785 0.169841 0.170766 0.171237 0.170625 0.168536 0.169638 0.172006 0.171852 0.171509 0.172712 0.173906 0.175577 0.175365 0.175224 0.175397 0.175683 0.174233 0.173296 0.172612 0.170649 -9999.0 -9999.0 -9999.0 -9999.0
0.170805 0.170054 0.169175 0.171093 0.171908 0.171500 0.171727 0.172280 0.172279 0.169891 0.169279 0.170211 0.171209 0.171645 0.171223 0.171021 0.170628 0.170628 0.170866 0.170603 0.170974 0.171304 0.170929 0.171561 0.172272 0.172937 0.171400 0.170032 0.170104 0.171228 0.172067 0.172523 0.173764 0.175695 0.175371 0.174902 0.174627 0.174304 0.172038 0.170037 0.169252 0.168912 0.168345 0.168764 0.168375 0.170216 0.170082 0.169798 0.170723 0.171458 0.172385 0.173042 0.172933 0.173160 0.173441 0.173012 0.171984 0.171424 0.171052 0.170124 0.168420 0.165386 0.165600
0.168985 0.169049 0.170766 0.171754 0.173427 0.172869 0.172934 0.172871 0.171207 0.169955 0.169123 0.171590 0.173626 0.174328 0.173816 0.173400 0.175243 0.174687 0.174416 0.173314 0.173713 0.173610 0.175601 0.176396 0.177455 0.177042 0.175066 0.173431 0.173320 0.173479 0.173286 0.173766 0.175042 0.176658 0.175517 0.174947 0.174913 0.171456 0.168830 0.167918 0.169595 0.170568 0.170372 0.170516 0.170572 0.169303 0.169591 0.169726 0.169152 0.170610 0.172086 0.172261 0.171013 0.170590 0.171143 0.170969 0.171010 0.170391 0.169714 0.169224 0.166354 0.167219 0.165739
0.172785 0.173485 0.174501 0.176418 0.180096 0.179474 0.179758 0.180982 0.178958 0.177078 0.174378 0.177364 0.178148 0.179247 0.179194 0.181688 0.183960 0.182563 0.180648 0.178478 0.179807 0.182827 0.185775 0.186557 0.186952 0.187505 0.185381 0.184734 0.184215 0.184340 0.182985 0.183060 0.185298 0.189163 0.189576 0.187502 0.183736 0.178434 0.173901 0.171524 0.173987 0.173206 0.172830 0.173189 0.171545 0.170578 0.171857 0.170644 0.169727 0.171691 0.171918 0.171657 0.170067 0.171998 0.171619 0.169995 0.168908 0.168327 0.167888 0.167125 0.167760 0.167305 0.166050
0.175124 0.175849 0.178588 0.182724 0.187988 0.191386 0.194379 0.197637 0.195146 0.192381 0.189342 0.189842 0.193518 0.197490 0.202363 0.208188 0.214898 0.212954 0.209309 0.208916 0.210527 0.218307 0.226368 0.230006 0.232371 0.236574 0.233536 0.228004 0.221892 0.216214 0.211590 0.208302 0.214683 0.222118 0.220635 0.207704 0.198167 0.189247 0.182076 0.175618 0.175536 0.176525 0.177387 0.175151 0.174009 0.172006 0.171512 0.171610 0.169591 0.170636 0.170909 0.172320 0.174426 0.174898 0.173017 0.171955 0.170783 0.169572 0.168636 0.169321 0.169577 0.168709 0.167844
0.201858 0.203569 0.208864 0.225909 0.254427 0.276928 0.292279 0.294969 0.289938 0.283943 0.273718 0.267844 0.276853 0.285595 0.292907 0.298981 0.304626 0.308606 0.308355 0.308411 0.309603 0.311066 0.313741 0.316958 0.320187 0.323655 0.324910 0.320852 0.316316 0.311097 0.306098 0.304528 0.303028 0.305640 0.305278 0.295922 0.280928 0.258445 0.230076 0.210733 0.199730 0.199289 0.194473 0.190656 0.186621 0.179478 0.177444 0.176270 0.171271 0.170758 0.172415 0.174608 0.176181 0.173342 0.172051 0.170875 0.169605 0.168048 0.168663 0.169518 0.169797 0.169509 0.169492
0.291218 0.294190 0.297821 0.313663 0.330502 0.343466 0.351554 0.354349 0.352235 0.349530 0.346065 0.342583 0.342406 0.346672 0.351338 0.355250 0.357463 0.358210 0.357889 0.357913 0.358143 0.358729 0.359104 0.359862 0.360989 0.362618 0.364266 0.363955 0.361701 0.359278 0.355699 0.353484 0.352415 0.350778 0.350568 0.350451 0.343057 0.332984 0.318513 0.301667 0.289269 0.274979 0.258512 0.241501 0.215004 0.197975 0.187651 0.181004 0.175320 0.174241 0.180250 0.186095 0.182999 0.181706 0.179734 0.176713 0.174322 0.171407 0.171738 0.172158 0.171830 0.171438 0.170965
0.350808 0.352758 0.355054 0.358891 0.363984 0.367177 0.368689 0.369085 0.368956 0.368680 0.368214 0.367853 0.367716 0.367946 0.368306 0.368777 0.369104 0.369354 0.369356 0.369353 0.369356 0.369381 0.369404 0.369408 0.369505 0.369643 0.369737 0.369758 0.369662 0.369412 0.368956 0.368369 0.367835 0.367410 0.367306 0.367310 0.367255 0.365713 0.361852 0.353037 0.343349 0.333932 0.327445 0.320033 0.312788 0.293727 0.282092 0.259406 0.229874 0.209391 0.220758 0.212054 0.205685 0.198695 0.191466 0.186396 0.182239 0.178220 0.177627 0.177604 0.176870 0.176611 0.175842
0.368463 0.368836 0.369184 0.369472 0.369682 0.369882 0.369972 0.370000 0.370000 0.369999 0.369997 0.369996 0.369996 0.369996 0.369997 0.369998 0.369999 0.370000 0.370000 0.370000 0.370000 0.370000 0.370000 0.370000 0.370000 0.370000 0.370000 0.370000 0.370000 0.370000 0.369999 0.369959 0.369914 0.369885 0.369863 0.369855 0.369839 0.369769 0.369464 0.368423 0.366193 0.363314 0.360354 0.357691 0.355523 0.353480 0.349476 0.340799 0.324341 0.306097 0.296938 0.291192 0.281721 0.260392 0.235430 0.218733 0.201842 0.190398 0.184971 0.183958 0.183006 0.181849 0.180257
0.369997 0.369999 0.370000 0.370000 0.370000 0.370000 0.370000 0.370000 0.370000 0.370000 0.370000 0.370000 0.370000 0.370000 0.370000 0.370000 0.370000 0.370000 0.370000 0.370000 0.370000 0.370000 0.370000 0.370000 0.370000 0.370000 0.370000 0.370000 0.370000 0.370000 0.370000 0.370000 0.370000 0.370000 0.370000 0.370000 0.370000 0.370000 0.369999 0.369960 0.369805 0.369400 0.368919 0.368591 0.368335 0.368084 0.367301 0.365685 0.362636 0.356388 0.345576 0.340994 0.334468 0.323259 0.313149 0.305457 0.287279 0.261294 0.234649 0.222146 0.208226 0.198547 0.193323
0.370000 0.370000 0.370000 0.370000 0.370000 0.370000 0.370000 0.370000 0.370000 0.370000 0.370000 0.370000 0.370000 0.370000 0.370000 0.370000 0.370000 0.370000 0.370000 0.370000 0.370000 0.370000 0.370000 0.370000 0.370000 0.370000 0.370000 0.370000 0.370000 0.370000 0.370000 0.370000 0.370000 0.370000 0.370000 0.370000 0.370000 0.370000 0.370000 0.370000 0.370000 0.369999 0.369966 0.369934 0.369931 0.369916 0.369881 0.369699 0.369254 0.368094 0.365511 0.363072 0.361055 0.359355 0.357291 0.354038 0.343712 0.328721 0.313452 0.301800 0.286102 0.267044 0.244894
0.370000 0.370000 0.370000 0.370000 0.370000 0.370000 0.370000 0.370000 0.370000 0.370000 0.370000 0.370000 0.370000 0.370000 0.370000 0.370000 0.370000 0.370000 0.370000 0.370000 0.370000 0.370000 0.370000 0.370000 0.370000 0.370000 0.370000 0.370000 0.370000 0.370000 0.370000 0.370000 0.370000 0.370000 0.370000 0.370000 0.370000 0.370000 0.370000 0.370000 0.370000 0.370000 0.370000 0.370000 0.370000 0.370000 0.370000 0.369994 0.369966 0.369872 0.369586 0.368983 0.368629 0.368342 0.367911 0.367352 0.364668 0.359844 0.352399 0.344143 0.334289 0.323016 0.310796
0.370000 0.370000 0.370000 0.370000 0.370000 0.370000 0.370000 0.370000 0.370000 0.370000 0.370000 0.370000 0.369998 0.369994 0.369986 0.369979 0.369978 0.369984 0.369990 0.369994 0.369995 0.369993 0.369990 0.369983 0.369975 0.369975 0.369979 0.369987 0.369993 0.369994 0.369995 0.369993 0.369992 0.369990 0.369990 0.369996 0.370000 0.370000 0.370000 0.370000 0.370000 0.370000 0.370000 0.370000 0.370000 0.370000 0.370000 0.370000 0.370000 0.370000 0.369992 0.369955 0.369925 0.369898 0.369833 0.369780 0.369441 0.368461 0.366439 0.363219 0.358786 0.353453 0.346620
0.370000 0.370000 0.370000 0.370000 0.369998 0.369994 0.369990 0.369990 0.369991 0.369991 0.369986 0.369967 0.369906 0.369820 0.369690 0.369638 0.369581 0.369553 0.369684 0.369812 0.369845 0.369762 0.369679 0.369512 0.369387 0.369344 0.369383 0.369539 0.369743 0.369855 0.369859 0.369807 0.369744 0.369709 0.369707 0.369803 0.369928 0.369974 0.369988 0.369994 0.369997 0.370000 0.370000 0.370000 0.370000 0.370000 0.370000 0.370000 0.370000 0.370000 0.370000 0.370000 0.370000 0.370000 0.369997 0.369990 0.369962 0.369841 0.369533 0.368834 0.367796 0.366454 0.363949
0.369991 0.369986 0.369979 0.369962 0.369915 0.369851 0.369751 0.369719 0.369699 0.369716 0.369581 0.369371 0.368828 0.368195 0.367344 0.366775 0.366327 0.365876 0.366530 0.367618 0.368093 0.367225 0.366511 0.365326 0.364632 0.364290 0.364430 0.365416 0.367246 0.368232 0.368474 0.368127 0.367769 0.367599 0.367615 0.367976 0.368745 0.369324 0.369645 0.369791 0.369867 0.369927 0.369960 0.369983 0.369994 0.370000 0.370000 0.370000 0.370000 0.370000 0.370000 0.370000 0.370000 0.370000 0.370000 0.370000 0.370000 0.369997 0.369974 0.369874 0.369703 0.369418 0.368975
0.369807 0.369754 0.369650 0.368817 0.368174 0.367218 0.366154 0.365739 0.365107 0.364819 0.363715 0.362645 0.360684 0.357662 0.353854 0.349938 0.348522 0.347213 0.346053 0.349318 0.350618 0.349601 0.347355 0.344815 0.343381 0.342504 0.343856 0.348076 0.351819 0.354886 0.356096 0.354789 0.355895 0.357077 0.357102 0.360054 0.362434 0.364754 0.366704 0.368048 0.368586 0.368959 0.369276 0.369575 0.369783 0.369910 0.369974 0.369995 0.370000 0.370000 0.370000 0.370000 0.370000 0.370000 0.370000 0.370000 0.370000 0.370000 0.370000 0.369997 0.369986 0.369962 0.369900
0.368719 0.368483 0.366767 0.362399 0.357075 0.352976 0.347322 0.344419 0.341815 0.334220 0.328754 0.324669 0.324737 0.318882 0.310478 0.303262 0.300050 0.297966 0.293329 0.291999 0.293759 0.297921 0.294235 0.292126 0.293156 0.291916 0.291030 0.295570 0.302560 0.306631 0.310674 0.314348 0.316505 0.319275 0.329681 0.335589 0.341055 0.347774 0.353845 0.358783 0.361928 0.363670 0.365273 0.366906 0.367975 0.368881 0.369476 0.369815 0.369928 0.369969 0.369986 0.369996 0.370000 0.370000 0.370000 0.370000 0.370000 0.370000 0.370000 0.370000 0.370000 0.370000 0.369998
0.360593 0.358520 0.348744 0.334640 0.320584 0.310274 0.298595 0.291342 0.279254 0.257693 0.242255 0.241819 0.245556 0.240949 0.229116 0.219833 0.214083 0.208924 0.202897 0.199698 0.202673 0.206020 0.205991 0.205884 0.207086 0.206974 0.206609 0.206882 0.213137 0.218182 0.224175 0.229774 0.235383 0.255784 0.275557 0.287576 0.298896 0.309492 0.321163 0.332171 0.340129 0.345312 0.350857 0.355784 0.359997 0.363363 0.366170 0.368133 0.369031 0.369406 0.369640 0.369808 0.369932 0.369982 0.369997 0.370000 0.370000 0.370000 0.370000 0.370000 0.370000 0.370000 0.370000
0.330005 0.316842 0.297053 0.275425 0.251482 0.230569 0.215216 0.204437 0.195227 0.188321 0.184499 0.186592 0.187825 0.189759 0.186440 0.183865 0.183166 0.180947 0.179019 0.176627 0.178527 0.179451 0.181774 0.181590 0.181685 0.182735 0.182213 0.182034 0.180662 0.182399 0.183509 0.184913 0.189830 0.195523 0.202866 0.211238 0.223260 0.241337 0.264323 0.284782 0.299801 0.310079 0.319909 0.329925 0.338225 0.345405 0.352425 0.358738 0.362716 0.365017 0.366810 0.367914 0.368957 0.369591 0.369861 0.369975 0.369995 0.370000 0.370000 0.370000 0.370000 0.370000 0.370000
0.244892 0.223027 0.202702 0.193836 0.189123 0.184896 0.181998 0.179851 0.176677 0.174528 0.171547 0.172669 0.174255 0.176574 0.174630 0.174291 0.174632 0.173468 0.172267 0.170396 0.170704 0.172222 0.174081 0.174026 0.174419 0.175498 0.175522 0.174671 0.172984 0.173428 0.174574 0.175744 0.178103 0.180458 0.182940 0.185303 0.188832 0.193610 0.200084 0.210859 0.227588 0.244607 0.267629 0.288186 0.301152 0.308813 0.317871 0.330572 0.338716 0.346354 0.352806 0.357006 0.362344 0.366194 0.368565 0.369565 0.369881 0.369954 0.369984 0.369995 0.370000 0.370000 0.370000
0.183067 0.178707 0.176962 0.175483 0.173943 0.172683 0.171384 0.170227 0.169280 0.167878 0.165196 0.166279 0.167821 0.169613 0.169654 0.169453 0.169584 0.169141 0.167910 0.165777 0.166667 0.167983 0.169207 0.169601 0.169852 0.170618 0.170080 0.168968 0.167391 0.168070 0.169319 0.170062 0.171036 0.172478 0.174059 0.175690 0.177662 0.179795 0.182793 0.186484 0.191188 0.197143 0.205578 0.218810 0.229392 0.242266 0.256283 0.275103 0.289998 0.302337 0.314810 0.326801 0.339915 0.352870 0.361384 0.366090 0.368432 0.369266 0.369636 0.369826 0.369948 0.369987 0.369998
0.174116 0.171969 0.170688 0.169714 0.170118 0.169656 0.168374 0.168389 0.167710 0.165568 0.166279 0.166886 0.168626 0.168336 0.168245 0.167831 0.168102 0.167810 0.165760 0.166762 0.167222 0.168447 0.168695 0.168976 0.169192 0.169427 0.169177 0.167699 0.167996 0.168407 0.169557 0.169641 0.170171 0.171574 0.172077 0.173026 0.174377 0.175878 0.177735 0.180083 0.183440 0.187098 0.190845 0.192407 0.195342 0.198066 0.196776 0.203338 0.211805 0.223631 0.244224 0.268343 0.291085 0.313556 0.334734 0.350537 0.359719 0.365145 0.367134 0.368471 0.369279 0.369698 0.369888
0.168710 0.167246 0.165800 0.166511 0.166616 0.166531 0.166246 0.165826 0.164889 0.165926 0.166053 0.165977 0.165894 0.165898 0.166035 0.165830 0.165711 0.165761 0.166557 0.166677 0.166431 0.166778 0.167047 0.167340 0.167031 0.167125 0.167152 0.167449 0.167417 0.167213 0.167771 0.167971 0.168191 0.168788 0.169238 0.169816 0.170865 0.171747 0.172890 0.174853 0.177333 0.179182 0.179586 0.180994 0.181667 0.180637 0.179749 0.181635 0.183762 0.185849 0.190814 0.197310 0.208343 0.243419 0.284771 0.312030 0.331180 0.345934 0.354984 0.360815 0.364522 0.367359 0.368726
0.167017 0.165794 0.165528 0.166089 0.166137 0.166111 0.165410 0.164743 0.165371 0.165610 0.165562 0.165302 0.165589 0.165708 0.166074 0.165722 0.165548 0.165648 0.165742 0.165698 0.165976 0.166190 0.166371 0.167262 0.166807 0.166783 0.167096 0.166973 0.166888 0.166672 0.167289 0.167536 0.167648 0.168226 0.168608 0.169043 0.169665 0.170671 0.172540 0.174090 0.176139 0.178142 0.178583 0.178934 0.178490 0.178006 0.175982 0.175973 0.178103 0.177819 0.179658 0.182919 0.183848 0.193040 0.212348 0.239253 0.274540 0.299659 0.324216 0.337178 0.348882 0.357513 0.363107
0.165326 0.165372 0.164805 0.164941 0.164874 0.164514 0.164068 0.164548 0.164504 0.164450 0.164482 0.164333 0.164601 0.164811 0.165026 0.164904 0.164883 0.164513 0.164509 0.164901 0.164960 0.165215 0.165742 0.166446 0.166014 0.165943 0.165967 0.165816 0.165847 0.165613 0.166119 0.166518 0.166667 0.167344 0.167687 0.167465 0.168302 0.169702 0.171167 0.172256 0.173927 0.176518 0.175842 0.175783 0.176072 0.174408 0.172436 0.172354 0.172986 0.172547 0.173927 0.174902 0.175081 0.179011 0.182919 0.188376 0.198979 0.225644 0.268824 0.293981 0.313559 0.330349 0.342725
