tests/Borden05m/sims/sim_1/output-maps/thetaliqL0008N0011.asc
ncols         160
nrows         34
xllcorner     620200.000000
yllcorner     5168000.000000
cellsize      0.500000
NODATA_value  -9999.0
[rows 0 to 27 of 34, columns 0 to 62 of 160]
-9999.0 -9999.0 -9999.0 -9999.0 -9999.0 -9999.0 -9999.0 -9999.0 -9999.0 -9999.0 -9999.0 -9999.0 -9999.0 -9999.0 -9999.0 -9999.0 -9999.0 -9999.0 -9999.0 -9999.0 -9999.0 -9999.0 -9999.0 -9999.0 -9999.0 -9999.0 -9999.0 -9999.0 -9999.0 -9999.0 -9999.0 -9999.0 -9999.0 -9999.0 -9999.0 -9999.0 -9999.0 -9999.0 -9999.0 -9999.0 -9999.0 -9999.0 -9999.0 -9999.0 -9999.0 -9999.0 -9999.0 -9999.0 -9999.0 -9999.0 -9999.0 -9999.0 -9999.0 -9999.0 -9999.0 -9999.0 -9999.0 -9999.0 -9999.0 -9999.0 -9999.0 -9999.0 -9999.0
-9999.0 -9999.0 -9999.0 -9999.0 -9999.0 -9999.0 -9999.0 -9999.0 -9999.0 -9999.0 -9999.0 -9999.0 -9999.0 -9999.0 -9999.0 -9999.0 -9999.0 -9999.0 -9999.0 -9999.0 -9999.0 -9999.0 -9999.0 -9999.0 -9999.0 -9999.0 -9999.0 -9999.0 -9999.0 -9999.0 -9999.0 -9999.0 -9999.0 -9999.0 -9999.0 -9999.0 -9999.0 -9999.0 -9999.0 -9999.0 -9999.0 -9999.0 -9999.0 -9999.0 -9999.0 -9999.0 -9999.0 -9999.0 -9999.0 -9999.0 -9999.0 -9999.0 -9999.0 -9999.0 -9999.0 -9999.0 -9999.0 -9999.0 -9999.0 0.369443 0.369337 0.369217 0.369088
-9999.0 -9999.0 -9999.0 -9999.0 -9999.0 -9999.0 -9999.0 -9999.0 -9999.0 -9999.0 -9999.0 -9999.0 -9999.0 -9999.0 -9999.0 -9999.0 -9999.0 -9999.0 -9999.0 -9999.0 -9999.0 -9999.0 -9999.0 -9999.0 -9999.0 -9999.0 -9999.0 -9999.0 -9999.0 -9999.0 -9999.0 -9999.0 -9999.0 -9999.0 -9999.0 -9999.0 -9999.0 -9999.0 -9999.0 -9999.0 -9999.0 -9999.0 -9999.0 -9999.0 -9999.0 -9999.0 -9999.0 0.358215 0.353965 0.348848 0.348275 0.355063 0.360162 0.363801 0.365985 0.367383 0.368370 0.369046 0.369133 0.368818 0.368649 0.368518 0.368422
-9999.0 -9999.0 -9999.0 -9999.0 -9999.0 -9999.0 -9999.0 -9999.0 -9999.0 -9999.0 -9999.0 -9999.0 -9999.0 -9999.0 -9999.0 -9999.0 -9999.0 -9999.0 -9999.0 -9999.0 -9999.0 -9999.0 -9999.0 -9999.0 -9999.0 -9999.0 -9999.0 -9999.0 -9999.0 -9999.0 -9999.0 -9999.0 -9999.0 -9999.0 -9999.0 -9999.0 -9999.0 -9999.0 -9999.0 -9999.0 0.365435 0.365981 0.366120 0.365057 0.363711 0.362015 0.358355 0.354030 0.349302 0.348270 0.349088 0.350924 0.357099 0.361749 0.364406 0.366151 0.367528 0.368507 0.368615 0.368149 0.367701 0.367435 0.367429
-9999.0 -9999.0 -9999.0 -9999.0 -9999.0 -9999.0 -9999.0 -9999.0 -9999.0 -9999.0 -9999.0 -9999.0 -9999.0 -9999.0 -9999.0 -9999.0 -9999.0 -9999.0 -9999.0 -9999.0 -9999.0 -9999.0 -9999.0 -9999.0 -9999.0 -9999.0 -9999.0 -9999.0 -9999.0 -9999.0 -9999.0 -9999.0 -9999.0 -9999.0 0.345555 0.351452 0.356313 0.360146 0.362828 0.363704 0.364418 0.365056 0.364599 0.364001 0.362427 0.359179 0.354587 0.350381 0.349434 0.348490 0.349893 0.353774 0.357826 0.361001 0.364041 0.366366 0.367044 0.367786 0.367942 0.367656 0.367698 0.367769 0.367843
-9999.0 -9999.0 -9999.0 -9999.0 -9999.0 -9999.0 -9999.0 -9999.0 -9999.0 -9999.0 -9999.0 -9999.0 -9999.0 -9999.0 -9999.0 -9999.0 -9999.0 -9999.0 -9999.0 -9999.0 -9999.0 -9999.0 -9999.0 -9999.0 -9999.0 -9999.0 -9999.0 -9999.0 0.347409 0.345210 0.343123 0.342417 0.341781 0.341177 0.343925 0.348388 0.353938 0.358953 0.361272 0.362374 0.363277 0.363361 0.362661 0.362295 0.362280 0.360292 0.357920 0.355299 0.352388 0.351993 0.354615 0.357877 0.360944 0.363185 0.365011 0.366250 0.367369 0.368465 0.368778 0.368551 0.368303 0.368130 0.368152
-9999.0 -9999.0 -9999.0 -9999.0 -9999.0 -9999.0 -9999.0 -9999.0 -9999.0 -9999.0 -9999.0 -9999.0 -9999.0 -9999.0 -9999.0 -9999.0 -9999.0 -9999.0 -9999.0 -9999.0 -9999.0 -9999.0 -9999.0 0.335653 0.338399 0.341111 0.343973 0.344220 0.342423 0.339941 0.338411 0.337565 0.336724 0.338575 0.342085 0.347232 0.352304 0.357749 0.359484 0.360691 0.362664 0.362936 0.363529 0.364001 0.363730 0.363349 0.361549 0.359981 0.360999 0.361991 0.362903 0.363862 0.365304 0.366676 0.367825 0.368733 0.369327 0.369645 0.369806 0.369758 0.369669 0.369515 0.369520
-9999.0 -9999.0 -9999.0 -9999.0 -9999.0 -9999.0 -9999.0 -9999.0 -9999.0 -9999.0 -9999.0 -9999.0 -9999.0 -9999.0 -9999.0 -9999.0 -9999.0 -9999.0 -9999.0 0.322887 0.323264 0.323696 0.326118 0.326568 0.327680 0.331232 0.335112 0.335944 0.335079 0.334115 0.334703 0.335811 0.337582 0.342415 0.347551 0.352039 0.355830 0.360245 0.362635 0.364439 0.366061 0.365902 0.365440 0.365180 0.365191 0.365234 0.365830 0.366162 0.366617 0.367053 0.367508 0.367993 0.368475 0.369090 0.369518 0.369767 0.369895 0.369957 0.369985 0.369982 0.369968 0.369941 0.369942
-9999.0 -9999.0 -9999.0 -9999.0 -9999.0 -9999.0 -9999.0 -9999.0 -9999.0 -9999.0 -9999.0 -9999.0 -9999.0 -9999.0 -9999.0 -9999.0 0.305295 0.306437 0.307680 0.311050 0.312454 0.314782 0.318819 0.319260 0.321381 0.325260 0.327836 0.332078 0.335714 0.338909 0.341309 0.342285 0.345215 0.348582 0.352273 0.356401 0.360874 0.364163 0.365866 0.367164 0.368113 0.368113 0.368039 0.368079 0.368113 0.368475 0.369088 0.369249 0.369336 0.369649 0.369794 0.369836 0.369880 0.369948 0.369986 0.369998 0.370000 0.370000 0.370000 0.370000 0.370000 0.370000 0.370000
-9999.0 -9999.0 -9999.0 -9999.0 -9999.0 -9999.0 -9999.0 -9999.0 -9999.0 -9999.0 -9999.0 -9999.0 -9999.0 0.272660 0.275819 0.282738 0.288657 0.290080 0.292711 0.296591 0.304912 0.307051 0.310947 0.315603 0.322217 0.326797 0.331488 0.337020 0.340629 0.343457 0.346071 0.348372 0.352650 0.356653 0.360000 0.363250 0.365708 0.367359 0.368453 0.368978 0.369332 0.369406 0.369370 0.369402 0.369546 0.369767 0.369896 0.369945 0.369984 0.369997 0.369999 0.370000 0.370000 0.370000 0.370000 0.370000 0.370000 0.370000 0.370000 0.370000 0.370000 0.370000 0.370000
-9999.0 -9999.0 -9999.0 -9999.0 -9999.0 -9999.0 -9999.0 -9999.0 -9999.0 -9999.0 0.244281 0.246309 0.243333 0.243889 0.247384 0.256757 0.267075 0.272352 0.280822 0.295934 0.307573 0.309639 0.318809 0.324382 0.327789 0.333153 0.339144 0.344413 0.350426 0.354094 0.357237 0.361312 0.363729 0.365558 0.367019 0.368165 0.368973 0.369605 0.369860 0.369928 0.369980 0.369992 0.369991 0.369991 0.369995 0.369999 0.370000 0.370000 0.370000 0.370000 0.370000 0.370000 0.370000 0.370000 0.370000 0.370000 0.370000 0.370000 0.370000 0.370000 0.370000 0.370000 0.370000
-9999.0 -9999.0 -9999.0 -9999.0 -9999.0 -9999.0 -9999.0 -9999.0 0.225227 0.230478 0.235406 0.232770 0.228745 0.226016 0.236101 0.248638 0.261269 0.274499 0.286536 0.299326 0.309803 0.320027 0.330529 0.336192 0.341316 0.347070 0.351513 0.356357 0.360756 0.363098 0.365397 0.367218 0.368305 0.368973 0.369417 0.369693 0.369906 0.369985 0.369999 0.370000 0.370000 0.370000 0.370000 0.370000 0.370000 0.370000 0.370000 0.370000 0.370000 0.370000 0.370000 0.370000 0.370000 0.370000 0.370000 0.370000 0.370000 0.370000 0.370000 0.370000 0.370000 0.370000 0.370000
-9999.0 -9999.0 -9999.0 -9999.0 -9999.0 -9999.0 0.205786 0.224158 0.235716 0.229279 0.222807 0.220036 0.217169 0.231720 0.248626 0.261928 0.274893 0.287904 0.299503 0.309500 0.330244 0.337954 0.344162 0.351043 0.354952 0.358218 0.361481 0.364735 0.366887 0.368667 0.369471 0.369805 0.369941 0.369981 0.369995 0.369999 0.370000 0.370000 0.370000 0.370000 0.370000 0.370000 0.370000 0.370000 0.370000 0.370000 0.370000 0.370000 0.370000 0.370000 0.370000 0.370000 0.370000 0.370000 0.370000 0.370000 0.370000 0.370000 0.370000 0.370000 0.370000 0.370000 0.370000
-9999.0 -9999.0 -9999.0 -9999.0 0.182536 0.196825 0.211922 0.236029 0.254161 0.249486 0.255265 0.255530 0.254302 0.255916 0.260129 0.274120 0.287417 0.300096 0.312613 0.334120 0.350599 0.355358 0.361075 0.365398 0.366656 0.367664 0.368438 0.369203 0.369712 0.369938 0.369997 0.370000 0.370000 0.370000 0.370000 0.370000 0.370000 0.370000 0.370000 0.370000 0.370000 0.370000 0.370000 0.370000 0.370000 0.370000 0.370000 0.370000 0.370000 0.370000 0.370000 0.370000 0.370000 0.370000 0.370000 0.370000 0.370000 0.370000 0.370000 0.370000 0.370000 0.370000 0.370000
-9999.0 -9999.0 -9999.0 0.155009 0.177269 0.202342 0.223188 0.247877 0.273088 0.278046 0.284181 0.289025 0.293921 0.300201 0.307072 0.317329 0.325247 0.331659 0.341241 0.353902 0.361751 0.366049 0.368251 0.369300 0.369689 0.369835 0.369923 0.369980 0.369999 0.370000 0.370000 0.370000 0.370000 0.370000 0.370000 0.370000 0.370000 0.370000 0.370000 0.370000 0.370000 0.370000 0.370000 0.370000 0.370000 0.370000 0.370000 0.370000 0.370000 0.370000 0.370000 0.370000 0.370000 0.370000 0.370000 0.370000 0.370000 0.370000 0.370000 0.370000 0.370000 0.370000 0.370000
-9999.0 -9999.0 0.133644 0.150147 0.169582 0.204446 0.245482 0.272208 0.302666 0.319032 0.323210 0.333254 0.341082 0.344570 0.350579 0.355528 0.358493 0.359125 0.361409 0.366005 0.369032 0.369835 0.369970 0.370000 0.370000 0.370000 0.370000 0.370000 0.370000 0.370000 0.370000 0.370000 0.370000 0.370000 0.370000 0.370000 0.370000 0.370000 0.370000 0.370000 0.370000 0.370000 0.370000 0.370000 0.370000 0.370000 0.370000 0.370000 0.370000 0.370000 0.370000 0.370000 0.370000 0.370000 0.370000 0.370000 0.370000 0.370000 0.370000 0.370000 0.370000 0.370000 0.370000
-9999.0 -9999.0 0.124421 0.141783 0.163818 0.211246 0.271157 0.299639 0.326797 0.346736 0.352955 0.358807 0.362383 0.364893 0.367075 0.368435 0.368629 0.368745 0.368753 0.369801 0.369991 0.370000 0.370000 0.370000 0.370000 0.370000 0.370000 0.370000 0.370000 0.370000 0.370000 0.370000 0.370000 0.370000 0.370000 0.370000 0.370000 0.370000 0.370000 0.370000 0.370000 0.370000 0.370000 0.370000 0.370000 0.370000 0.370000 0.370000 0.370000 0.370000 0.370000 0.370000 0.370000 0.370000 0.370000 0.370000 0.370000 0.370000 0.370000 0.370000 0.370000 0.370000 0.370000
-9999.0 0.101555 0.113792 0.131863 0.166283 0.213874 0.283145 0.334932 0.353509 0.362390 0.365887 0.367528 0.369505 0.369935 0.369987 0.369999 0.369999 0.369999 0.369998 0.370000 0.370000 0.370000 0.370000 0.370000 0.370000 0.370000 0.370000 0.370000 0.370000 0.370000 0.370000 0.370000 0.370000 0.370000 0.370000 0.370000 0.370000 0.370000 0.370000 0.370000 0.370000 0.370000 0.370000 0.370000 0.370000 0.370000 0.370000 0.370000 0.370000 0.370000 0.370000 0.370000 0.370000 0.370000 0.370000 0.370000 0.370000 0.370000 0.370000 0.370000 0.370000 0.370000 0.370000
-9999.0 0.095512 0.107363 0.129346 0.163343 0.216943 0.305944 0.359982 0.366165 0.368388 0.369374 0.369908 0.370000 0.370000 0.370000 0.370000 0.370000 0.370000 0.370000 0.370000 0.370000 0.370000 0.370000 0.370000 0.370000 0.370000 0.370000 0.370000 0.370000 0.370000 0.370000 0.370000 0.370000 0.370000 0.370000 0.370000 0.370000 0.370000 0.370000 0.370000 0.370000 0.370000 0.370000 0.370000 0.370000 0.370000 0.370000 0.370000 0.370000 0.370000 0.370000 0.370000 0.370000 0.370000 0.370000 0.370000 0.370000 0.370000 0.370000 0.370000 0.370000 0.370000 0.370000
-9999.0 0.092052 0.104016 0.121759 0.153254 0.240501 0.328652 0.365376 0.369587 0.369917 0.369997 0.370000 0.370000 0.370000 0.370000 0.370000 0.370000 0.370000 0.370000 0.370000 0.370000 0.370000 0.370000 0.370000 0.370000 0.370000 0.370000 0.370000 0.370000 0.370000 0.370000 0.370000 0.370000 0.370000 0.370000 0.370000 0.370000 0.370000 0.370000 0.370000 0.370000 0.370000 0.370000 0.370000 0.370000 0.370000 0.370000 0.370000 0.370000 0.370000 0.370000 0.370000 0.370000 0.370000 0.370000 0.370000 0.370000 0.370000 0.370000 0.370000 0.370000 0.370000 0.370000
-9999.0 0.082931 0.091809 0.102453 0.147874 0.261940 0.341796 0.368779 0.369997 0.370000 0.370000 0.370000 0.370000 0.370000 0.370000 0.370000 0.370000 0.370000 0.370000 0.370000 0.370000 0.370000 0.370000 0.370000 0.370000 0.370000 0.370000 0.370000 0.370000 0.370000 0.370000 0.370000 0.370000 0.370000 0.370000 0.370000 0.370000 0.370000 0.370000 0.370000 0.370000 0.370000 0.370000 0.370000 0.370000 0.370000 0.370000 0.370000 0.370000 0.370000 0.370000 0.370000 0.370000 0.370000 0.370000 0.370000 0.370000 0.370000 0.370000 0.370000 0.370000 0.370000 0.370000
-9999.0 0.077675 0.082812 0.095090 0.136576 0.241012 0.341770 0.369291 0.370000 0.370000 0.370000 0.370000 0.370000 0.370000 0.370000 0.370000 0.370000 0.370000 0.370000 0.370000 0.370000 0.370000 0.370000 0.370000 0.370000 0.370000 0.370000 0.370000 0.370000 0.370000 0.370000 0.370000 0.370000 0.370000 0.370000 0.370000 0.370000 0.370000 0.370000 0.370000 0.370000 0.370000 0.370000 0.370000 0.370000 0.370000 0.370000 0.370000 0.370000 0.370000 0.370000 0.370000 0.370000 0.370000 0.370000 0.370000 0.370000 0.370000 0.370000 0.370000 0.370000 0.370000 0.370000
-9999.0 0.074209 0.079284 0.088039 0.113093 0.174189 0.279760 0.361431 0.369938 0.370000 0.370000 0.370000 0.370000 0.370000 0.370000 0.370000 0.370000 0.370000 0.370000 0.370000 0.370000 0.370000 0.370000 0.370000 0.370000 0.370000 0.370000 0.370000 0.370000 0.370000 0.370000 0.370000 0.370000 0.370000 0.370000 0.370000 0.370000 0.370000 0.370000 0.370000 0.370000 0.370000 0.370000 0.370000 0.370000 0.370000 0.370000 0.370000 0.370000 0.370000 0.370000 0.370000 0.370000 0.370000 0.370000 0.370000 0.370000 0.370000 0.370000 0.370000 0.370000 0.370000 0.370000
-9999.0 -9999.0 0.075860 0.082318 0.095744 0.128554 0.199871 0.319820 0.366723 0.370000 0.370000 0.370000 0.370000 0.370000 0.370000 0.370000 0.370000 0.370000 0.370000 0.370000 0.370000 0.370000 0.370000 0.370000 0.370000 0.370000 0.370000 0.370000 0.370000 0.370000 0.370000 0.370000 0.370000 0.370000 0.370000 0.370000 0.370000 0.370000 0.370000 0.370000 0.370000 0.370000 0.370000 0.370000 0.370000 0.370000 0.370000 0.370000 0.370000 0.370000 0.370000 0.370000 0.370000 0.370000 0.370000 0.370000 0.370000 0.370000 0.370000 0.370000 0.370000 0.370000 0.370000
-9999.0 -9999.0 0.073153 0.077214 0.085866 0.105270 0.140756 0.207676 0.327636 0.364920 0.369745 0.369999 0.370000 0.370000 0.370000 0.370000 0.370000 0.370000 0.370000 0.370000 0.370000 0.370000 0.370000 0.370000 0.370000 0.370000 0.370000 0.370000 0.370000 0.370000 0.370000 0.370000 0.370000 0.370000 0.370000 0.370000 0.370000 0.370000 0.370000 0.370000 0.370000 0.370000 0.370000 0.370000 0.370000 0.370000 0.370000 0.370000 0.370000 0.370000 0.370000 0.370000 0.370000 0.370000 0.370000 0.370000 0.370000 0.370000 0.370000 0.370000 0.369995 0.369960 0.369822
-9999.0 -9999.0 -9999.0 0.074283 0.078573 0.085120 0.097943 0.116050 0.157291 0.237621 0.316469 0.357889 0.366963 0.369346 0.369914 0.369995 0.370000 0.370000 0.370000 0.370000 0.370000 0.370000 0.370000 0.370000 0.370000 0.370000 0.370000 0.370000 0.370000 0.370000 0.370000 0.370000 0.370000 0.370000 0.370000 0.370000 0.370000 0.370000 0.370000 0.370000 0.370000 0.370000 0.370000 0.370000 0.370000 0.370000 0.370000 0.370000 0.370000 0.370000 0.370000 0.370000 0.370000 0.370000 0.370000 0.369999 0.369998 0.369984 0.369933 0.369781 0.369324 0.368275 0.366329
-9999.0 -9999.0 -9999.0 -9999.0 -9999.0 0.075687 0.081083 0.089738 0.102130 0.120752 0.156481 0.223153 0.263700 0.302891 0.335924 0.353127 0.361719 0.366440 0.368987 0.369757 0.369971 0.369997 0.370000 0.370000 0.370000 0.370000 0.370000 0.370000 0.370000 0.370000 0.370000 0.370000 0.369999 0.369999 0.369999 0.369999 0.369999 0.369998 0.369996 0.369989 0.369978 0.369970 0.369962 0.369953 0.369941 0.369929 0.369916 0.369901 0.369855 0.369808 0.369808 0.369784 0.369756 0.369726 0.369648 0.369537 0.369371 0.368683 0.367653 0.366553 0.363108 0.358145 0.353052
-9999.0 -9999.0 -9999.0 -9999.0 -9999.0 -9999.0 0.074074 0.077785 0.082672 0.090437 0.104368 0.123997 0.136032 0.158526 0.190177 0.231828 0.278724 0.311097 0.335385 0.352004 0.361909 0.366304 0.368523 0.369501 0.369712 0.369816 0.369885 0.369840 0.369771 0.369676 0.369370 0.369276 0.369118 0.369104 0.369084 0.369068 0.368907 0.368708 0.368496 0.368036 0.367758 0.367399 0.367112 0.366814 0.366477 0.366162 0.365908 0.365649 0.365068 0.365175 0.365189 0.364987 0.364713 0.364392 0.363567 0.362312 0.360891 0.357659 0.354123 0.349776 0.340380 0.331323 0.320174
