tests/Borden05m/sims/sim_1/output-maps/thetaliqL0004N0009.asc
ncols         160
nrows         34
xllcorner     620200.000000
yllcorner     5168000.000000
cellsize      0.500000
NODATA_value  -9999.0
[rows 0 to 27 of 34, columns 63 to 125 of 160]
-9999.0 -9999.0 -9999.0 -9999.0 -9999.0 -9999.0 -9999.0 -9999.0 -9999.0 -9999.0 -9999.0 -9999.0 -9999.0 -9999.0 -9999.0 -9999.0 -9999.0 -9999.0 -9999.0 -9999.0 -9999.0 -9999.0 -9999.0 -9999.0 -9999.0 -9999.0 -9999.0 -9999.0 -9999.0 -9999.0 -9999.0 -9999.0 -9999.0 -9999.0 -9999.0 -9999.0 -9999.0 -9999.0 -9999.0 -9999.0 -9999.0 -9999.0 -9999.0 -9999.0 -9999.0 -9999.0 -9999.0 -9999.0 -9999.0 -9999.0 -9999.0 -9999.0 -9999.0 -9999.0 -9999.0 -9999.0 -9999.0 -9999.0 -9999.0 -9999.0 -9999.0 -9999.0 -9999.0
0.172632 0.169851 0.166713 0.166127 0.166413 0.165872 0.164736 0.166399 0.168625 0.170582 0.173211 0.172850 0.173229 0.174223 0.174484 0.174016 0.172790 0.171949 0.170982 0.172055 0.168499 0.163913 0.160473 0.159751 0.162563 0.164321 0.164116 0.165843 0.169578 0.172892 0.174244 0.178285 0.178064 0.179732 0.182183 0.180152 0.179544 0.179630 0.180064 0.174682 -9999.0 -9999.0 -9999.0 -9999.0 -9999.0 -9999.0 -9999.0 -9999.0 -9999.0 -9999.0 -9999.0 -9999.0 -9999.0 -9999.0 -9999.0 -9999.0 -9999.0 -9999.0 -9999.0 -9999.0 -9999.0 -9999.0 -9999.0
0.165300 0.161714 0.160706 0.158142 0.157071 0.156800 0.155875 0.156753 0.161001 0.164108 0.165105 0.164610 0.164424 0.163560 0.162932 0.163101 0.162004 0.160963 0.159875 0.160065 0.162501 0.159276 0.157612 0.156074 0.154544 0.155196 0.155756 0.156082 0.160075 0.161853 0.163239 0.168953 0.174363 0.175915 0.173850 0.171490 0.171832 0.171329 0.168900 0.166544 0.166096 0.164924 0.164344 0.162368 0.165340 0.165590 0.169114 0.172183 0.175862 0.181163 -9999.0 -9999.0 -9999.0 -9999.0 -9999.0 -9999.0 -9999.0 -9999.0 -9999.0 -9999.0 -9999.0 -9999.0 -9999.0
0.160100 0.158880 0.156431 0.152901 0.156959 0.156479 0.156164 0.156966 0.158342 0.158942 0.159647 0.160777 0.164664 0.164513 0.164222 0.164400 0.163699 0.162430 0.162438 0.161700 0.158595 0.158994 0.159703 0.159077 0.162144 0.162374 0.164082 0.158746 0.159716 0.161215 0.162417 0.163397 0.164537 0.165843 0.163514 0.164994 0.162818 0.158306 0.156837 0.156780 0.159843 0.161361 0.159109 0.151883 0.155702 0.164060 0.163649 0.162562 0.166922 0.171336 0.177355 0.176708 0.176216 0.176811 0.177737 0.172381 0.168801 0.166118 0.159002 -9999.0 -9999.0 -9999.0 -9999.0
0.160059 0.157464 0.154489 0.161092 0.164053 0.162726 0.163554 0.165512 0.165507 0.157273 0.155217 0.158483 0.162076 0.163681 0.162301 0.161619 0.160245 0.160191 0.160946 0.160018 0.161222 0.162354 0.161092 0.163278 0.165806 0.168105 0.162827 0.158087 0.158377 0.162314 0.165380 0.167172 0.171669 0.178515 0.177433 0.175691 0.174484 0.172991 0.164670 0.157507 0.154646 0.153331 0.151308 0.152717 0.151368 0.157755 0.157361 0.156492 0.159754 0.162499 0.165927 0.168318 0.167936 0.168687 0.169590 0.167884 0.164024 0.161790 0.160170 0.156551 0.150318 0.140048 0.140666
0.154141 0.154392 0.160269 0.163919 0.169860 0.168089 0.168360 0.168103 0.162375 0.157965 0.155213 0.163634 0.170909 0.173521 0.171831 0.170387 0.176597 0.174727 0.173776 0.169990 0.171331 0.171005 0.177841 0.180763 0.184537 0.183094 0.176118 0.170325 0.169924 0.170610 0.170217 0.172100 0.176715 0.182394 0.178518 0.176406 0.175923 0.163581 0.154208 0.150758 0.156108 0.159310 0.158547 0.158970 0.159119 0.154831 0.155783 0.156196 0.154327 0.159471 0.164771 0.165455 0.161094 0.159597 0.161361 0.160573 0.160436 0.158012 0.155399 0.153400 0.143464 0.146200 0.141229
0.167726 0.170271 0.174030 0.180924 0.193907 0.191785 0.192661 0.196624 0.189592 0.182966 0.173834 0.184293 0.187254 0.191083 0.190802 0.198931 0.206271 0.201565 0.195095 0.187645 0.192100 0.202029 0.211680 0.214177 0.215409 0.216877 0.210021 0.207991 0.206552 0.207285 0.203113 0.203708 0.211083 0.223401 0.224792 0.218818 0.206573 0.188050 0.171927 0.163546 0.171912 0.169144 0.167697 0.168844 0.163011 0.159580 0.163878 0.159619 0.156466 0.163330 0.164292 0.163462 0.158033 0.164539 0.163088 0.157132 0.153131 0.150884 0.149137 0.146319 0.148291 0.146653 0.142436
0.176226 0.178917 0.188263 0.201760 0.217494 0.225868 0.232962 0.241526 0.234964 0.227807 0.219594 0.221828 0.231813 0.241311 0.251962 0.264354 0.277941 0.274668 0.267482 0.266705 0.269884 0.284230 0.296704 0.301701 0.305021 0.311109 0.307396 0.299952 0.290670 0.280736 0.271500 0.264152 0.276362 0.289123 0.287180 0.263580 0.243604 0.220751 0.198919 0.177701 0.177881 0.181141 0.184082 0.176317 0.172082 0.165112 0.163290 0.163367 0.156433 0.160072 0.161158 0.166115 0.173437 0.175147 0.168287 0.164206 0.159772 0.155303 0.151903 0.154049 0.154797 0.151692 0.148695
0.251211 0.254156 0.264600 0.293904 0.329458 0.354606 0.365068 0.365966 0.364137 0.359641 0.349134 0.342054 0.352084 0.360923 0.365797 0.367102 0.367551 0.367777 0.367764 0.367768 0.367822 0.367885 0.368007 0.368141 0.368269 0.368418 0.368462 0.368280 0.368104 0.367893 0.367686 0.367641 0.367581 0.367742 0.367682 0.366729 0.359858 0.334616 0.300875 0.269436 0.245427 0.247160 0.236256 0.226266 0.214752 0.191225 0.184417 0.180194 0.162895 0.161190 0.166856 0.174531 0.180192 0.170343 0.165469 0.160965 0.156166 0.150608 0.152371 0.155125 0.155983 0.154882 0.154782
0.364575 0.366245 0.366987 0.367921 0.368717 0.369331 0.369669 0.369746 0.369653 0.369508 0.369298 0.369124 0.369191 0.369453 0.369673 0.369797 0.369848 0.369863 0.369857 0.369858 0.369862 0.369871 0.369874 0.369885 0.369903 0.369930 0.369957 0.369954 0.369920 0.369884 0.369824 0.369798 0.369788 0.369753 0.369744 0.369727 0.369424 0.368899 0.368206 0.367280 0.365296 0.352320 0.333500 0.315736 0.278308 0.240878 0.213011 0.193684 0.175825 0.172899 0.193140 0.213607 0.204019 0.199607 0.192661 0.181796 0.173008 0.162647 0.163535 0.164856 0.163636 0.162150 0.160458
0.369653 0.369726 0.369786 0.369864 0.369956 0.369993 0.369999 0.369999 0.369999 0.369997 0.369993 0.369990 0.369988 0.369992 0.369995 0.369998 0.369999 0.370000 0.370000 0.370000 0.370000 0.370000 0.370000 0.370000 0.370000 0.370000 0.370000 0.370000 0.370000 0.370000 0.369999 0.369999 0.369997 0.369995 0.369994 0.369993 0.369993 0.369979 0.369929 0.369766 0.369512 0.369071 0.368719 0.368368 0.368017 0.366633 0.361888 0.337019 0.301768 0.266297 0.287453 0.271897 0.261077 0.247641 0.229477 0.214397 0.201005 0.187307 0.185221 0.185030 0.182364 0.181325 0.178506
0.369998 0.369999 0.370000 0.370000 0.370000 0.370000 0.370000 0.370000 0.370000 0.370000 0.370000 0.370000 0.370000 0.370000 0.370000 0.370000 0.370000 0.370000 0.370000 0.370000 0.370000 0.370000 0.370000 0.370000 0.370000 0.370000 0.370000 0.370000 0.370000 0.370000 0.370000 0.370000 0.370000 0.370000 0.370000 0.370000 0.370000 0.370000 0.370000 0.369998 0.369985 0.369951 0.369909 0.369867 0.369832 0.369791 0.369644 0.369232 0.368500 0.367653 0.367147 0.365777 0.358745 0.335017 0.306221 0.283911 0.251023 0.223674 0.208963 0.206419 0.203930 0.200357 0.194941
0.370000 0.370000 0.370000 0.370000 0.370000 0.370000 0.370000 0.370000 0.370000 0.370000 0.370000 0.370000 0.370000 0.370000 0.370000 0.370000 0.370000 0.370000 0.370000 0.370000 0.370000 0.370000 0.370000 0.370000 0.370000 0.370000 0.370000 0.370000 0.370000 0.370000 0.370000 0.370000 0.370000 0.370000 0.370000 0.370000 0.370000 0.370000 0.370000 0.370000 0.370000 0.370000 0.369999 0.369999 0.369998 0.369997 0.369993 0.369981 0.369949 0.369861 0.369646 0.369523 0.369223 0.368625 0.368078 0.367598 0.365049 0.337906 0.304944 0.288369 0.264618 0.246250 0.234586
0.370000 0.370000 0.370000 0.370000 0.370000 0.370000 0.370000 0.370000 0.370000 0.370000 0.370000 0.370000 0.370000 0.370000 0.370000 0.370000 0.370000 0.370000 0.370000 0.370000 0.370000 0.370000 0.370000 0.370000 0.370000 0.370000 0.370000 0.370000 0.370000 0.370000 0.370000 0.370000 0.370000 0.370000 0.370000 0.370000 0.370000 0.370000 0.370000 0.370000 0.370000 0.370000 0.370000 0.370000 0.370000 0.370000 0.370000 0.370000 0.370000 0.369998 0.369984 0.369961 0.369936 0.369912 0.369883 0.369832 0.369579 0.368897 0.368138 0.367384 0.363680 0.341484 0.315388
0.370000 0.370000 0.370000 0.370000 0.370000 0.370000 0.370000 0.370000 0.370000 0.370000 0.370000 0.370000 0.370000 0.370000 0.370000 0.370000 0.370000 0.370000 0.370000 0.370000 0.370000 0.370000 0.370000 0.370000 0.370000 0.370000 0.370000 0.370000 0.370000 0.370000 0.370000 0.370000 0.370000 0.370000 0.370000 0.370000 0.370000 0.370000 0.370000 0.370000 0.370000 0.370000 0.370000 0.370000 0.370000 0.370000 0.370000 0.370000 0.370000 0.370000 0.370000 0.370000 0.369999 0.369999 0.369998 0.369996 0.369980 0.369926 0.369811 0.369652 0.369347 0.368754 0.368082
0.370000 0.370000 0.370000 0.370000 0.370000 0.370000 0.370000 0.370000 0.370000 0.370000 0.370000 0.370000 0.370000 0.370000 0.370000 0.370000 0.370000 0.370000 0.370000 0.370000 0.370000 0.370000 0.370000 0.370000 0.370000 0.370000 0.370000 0.370000 0.370000 0.370000 0.370000 0.370000 0.370000 0.370000 0.370000 0.370000 0.370000 0.370000 0.370000 0.370000 0.370000 0.370000 0.370000 0.370000 0.370000 0.370000 0.370000 0.370000 0.370000 0.370000 0.370000 0.370000 0.370000 0.370000 0.370000 0.370000 0.370000 0.369999 0.369993 0.369972 0.369925 0.369848 0.369730
0.370000 0.370000 0.370000 0.370000 0.370000 0.370000 0.370000 0.370000 0.370000 0.370000 0.370000 0.370000 0.370000 0.370000 0.370000 0.370000 0.370000 0.370000 0.370000 0.370000 0.370000 0.370000 0.370000 0.370000 0.370000 0.370000 0.370000 0.370000 0.370000 0.370000 0.370000 0.370000 0.370000 0.370000 0.370000 0.370000 0.370000 0.370000 0.370000 0.370000 0.370000 0.370000 0.370000 0.370000 0.370000 0.370000 0.370000 0.370000 0.370000 0.370000 0.370000 0.370000 0.370000 0.370000 0.370000 0.370000 0.370000 0.370000 0.370000 0.370000 0.369998 0.369994 0.369981
0.370000 0.370000 0.370000 0.370000 0.370000 0.370000 0.370000 0.370000 0.370000 0.370000 0.370000 0.370000 0.370000 0.369999 0.369996 0.369994 0.369993 0.369991 0.369995 0.369998 0.369999 0.369997 0.369995 0.369988 0.369983 0.369980 0.369981 0.369989 0.369997 0.369999 0.370000 0.369999 0.369998 0.369998 0.369997 0.369998 0.370000 0.370000 0.370000 0.370000 0.370000 0.370000 0.370000 0.370000 0.370000 0.370000 0.370000 0.370000 0.370000 0.370000 0.370000 0.370000 0.370000 0.370000 0.370000 0.370000 0.370000 0.370000 0.370000 0.370000 0.370000 0.370000 0.370000
0.370000 0.370000 0.370000 0.370000 0.369999 0.369996 0.369991 0.369988 0.369981 0.369976 0.369963 0.369950 0.369926 0.369885 0.369829 0.369766 0.369752 0.369733 0.369705 0.369768 0.369793 0.369776 0.369728 0.369665 0.369630 0.369607 0.369649 0.369751 0.369817 0.369864 0.369880 0.369853 0.369872 0.369892 0.369892 0.369937 0.369964 0.369983 0.369994 0.369999 0.369999 0.370000 0.370000 0.370000 0.370000 0.370000 0.370000 0.370000 0.370000 0.370000 0.370000 0.370000 0.370000 0.370000 0.370000 0.370000 0.370000 0.370000 0.370000 0.370000 0.370000 0.370000 0.370000
0.370000 0.369999 0.369994 0.369957 0.369879 0.369814 0.369701 0.369610 0.369427 0.368983 0.368693 0.368529 0.368589 0.368361 0.367993 0.367664 0.367515 0.367386 0.366952 0.366547 0.366827 0.367244 0.366852 0.366301 0.366303 0.366048 0.366300 0.367143 0.367631 0.367830 0.368022 0.368199 0.368292 0.368470 0.369038 0.369371 0.369586 0.369738 0.369847 0.369923 0.369961 0.369976 0.369987 0.369995 0.369998 0.370000 0.370000 0.370000 0.370000 0.370000 0.370000 0.370000 0.370000 0.370000 0.370000 0.370000 0.370000 0.370000 0.370000 0.370000 0.370000 0.370000 0.370000
0.369934 0.369908 0.369718 0.369227 0.368497 0.367976 0.367282 0.366167 0.358249 0.334015 0.316848 0.317154 0.321841 0.316034 0.300004 0.285654 0.275813 0.266049 0.252884 0.245285 0.252791 0.260559 0.260115 0.259657 0.262239 0.261852 0.260788 0.261201 0.274465 0.283737 0.293295 0.300791 0.306362 0.329266 0.351360 0.363445 0.367185 0.367994 0.368626 0.369226 0.369564 0.369693 0.369801 0.369884 0.369941 0.369972 0.369991 0.369999 0.370000 0.370000 0.370000 0.370000 0.370000 0.370000 0.370000 0.370000 0.370000 0.370000 0.370000 0.370000 0.370000 0.370000 0.370000
0.368861 0.368230 0.366840 0.357211 0.325958 0.301040 0.277847 0.257161 0.235636 0.216923 0.205356 0.212380 0.216422 0.223158 0.213082 0.204980 0.202845 0.195308 0.188681 0.180375 0.186802 0.190197 0.198610 0.198264 0.198711 0.202410 0.200651 0.199757 0.194530 0.200161 0.203861 0.208541 0.224123 0.239441 0.255505 0.269862 0.287694 0.310373 0.336675 0.360686 0.367146 0.368033 0.368606 0.369188 0.369525 0.369692 0.369817 0.369915 0.369964 0.369984 0.369994 0.369998 0.370000 0.370000 0.370000 0.370000 0.370000 0.370000 0.370000 0.370000 0.370000 0.370000 0.370000
0.321423 0.293630 0.253196 0.231488 0.219860 0.207283 0.197902 0.190595 0.179493 0.171799 0.161290 0.165091 0.170832 0.179138 0.172654 0.171559 0.172680 0.168509 0.164127 0.157603 0.158704 0.164200 0.170955 0.171082 0.172645 0.176513 0.176592 0.173430 0.167488 0.169079 0.173358 0.177815 0.186323 0.194817 0.203517 0.211462 0.222422 0.235594 0.250365 0.269377 0.293432 0.312896 0.338957 0.362324 0.367276 0.367950 0.368417 0.369051 0.369462 0.369690 0.369818 0.369884 0.369958 0.369990 0.369999 0.370000 0.370000 0.370000 0.370000 0.370000 0.370000 0.370000 0.370000
0.200355 0.185891 0.180288 0.175252 0.169811 0.165234 0.160421 0.156197 0.152771 0.147798 0.139157 0.142674 0.147877 0.153928 0.154258 0.153579 0.153982 0.152428 0.148137 0.141250 0.144268 0.148827 0.153136 0.154705 0.155702 0.158367 0.156502 0.152621 0.147453 0.149819 0.154256 0.157067 0.160725 0.166140 0.172081 0.178274 0.185628 0.193446 0.203959 0.216107 0.230032 0.245297 0.262094 0.282336 0.295399 0.311025 0.327209 0.350235 0.364981 0.367433 0.368229 0.368872 0.369505 0.369816 0.369949 0.369990 0.369999 0.370000 0.370000 0.370000 0.370000 0.370000 0.370000
0.170405 0.162459 0.157620 0.154159 0.155444 0.153719 0.149210 0.149152 0.146741 0.139739 0.142213 0.144224 0.150103 0.149040 0.148752 0.147359 0.148279 0.147319 0.140580 0.144069 0.145675 0.149930 0.150884 0.151972 0.152784 0.153624 0.152805 0.147825 0.148920 0.150380 0.154452 0.154921 0.156952 0.162109 0.164205 0.167909 0.173114 0.178903 0.185950 0.194656 0.206544 0.218800 0.230374 0.234420 0.241938 0.248052 0.242872 0.256283 0.270481 0.288472 0.314543 0.343598 0.365905 0.368134 0.369307 0.369764 0.369925 0.369985 0.369996 0.369999 0.370000 0.370000 0.370000
0.150487 0.145237 0.140320 0.142595 0.142825 0.142473 0.141485 0.140020 0.137046 0.140605 0.141036 0.140734 0.140370 0.140400 0.140903 0.140250 0.139870 0.140119 0.142945 0.143400 0.142622 0.143824 0.144830 0.145949 0.144953 0.145316 0.145488 0.146580 0.146513 0.145862 0.147828 0.148647 0.149548 0.151786 0.153611 0.155931 0.159964 0.163552 0.168156 0.175639 0.184920 0.191856 0.193545 0.198449 0.200626 0.196964 0.193802 0.199845 0.206690 0.212827 0.226888 0.242243 0.261993 0.313431 0.363336 0.367921 0.369075 0.369662 0.369858 0.369946 0.369981 0.369997 0.370000
0.144168 0.140020 0.139108 0.140878 0.140974 0.140838 0.138487 0.136362 0.138511 0.139307 0.139148 0.138266 0.139223 0.139645 0.140901 0.139756 0.139209 0.139580 0.139934 0.139850 0.140843 0.141624 0.142328 0.145472 0.143989 0.143952 0.145070 0.144692 0.144437 0.143744 0.145897 0.146840 0.147330 0.149469 0.151000 0.152757 0.155260 0.159209 0.166276 0.172296 0.180082 0.187641 0.189440 0.190733 0.189169 0.187271 0.180020 0.179874 0.187232 0.186321 0.192694 0.203827 0.206557 0.232735 0.272099 0.309031 0.353193 0.366951 0.368772 0.369453 0.369755 0.369906 0.369972
0.138259 0.138398 0.136473 0.136834 0.136574 0.135406 0.134034 0.135653 0.135534 0.135375 0.135479 0.134978 0.135835 0.136545 0.137273 0.136907 0.136870 0.135717 0.135760 0.137091 0.137315 0.138218 0.140053 0.142521 0.141148 0.140957 0.141093 0.140641 0.140777 0.140023 0.141755 0.143171 0.143725 0.146141 0.147494 0.147022 0.150204 0.155440 0.161054 0.165416 0.171821 0.181429 0.179267 0.179104 0.180038 0.173938 0.166848 0.166297 0.168412 0.166988 0.171666 0.175256 0.176275 0.189955 0.203038 0.219386 0.244774 0.289989 0.343847 0.366262 0.368178 0.369125 0.369615
