tests/Borden05m/sims/sim_1/output-maps/thetaliqL0008N0004.asc
ncols         160
nrows         34
xllcorner     620200.000000
yllcorner     5168000.000000
cellsize      0.500000
NODATA_value  -9999.0
[rows 0 to 27 of 34, columns 0 to 62 of 160]
-9999.0 -9999.0 -9999.0 -9999.0 -9999.0 -9999.0 -9999.0 -9999.0 -9999.0 -9999.0 -9999.0 -9999.0 -9999.0 -9999.0 -9999.0 -9999.0 -9999.0 -9999.0 -9999.0 -9999.0 -9999.0 -9999.0 -9999.0 -9999.0 -9999.0 -9999.0 -9999.0 -9999.0 -9999.0 -9999.0 -9999.0 -9999.0 -9999.0 -9999.0 -9999.0 -9999.0 -9999.0 -9999.0 -9999.0 -9999.0 -9999.0 -9999.0 -9999.0 -9999.0 -9999.0 -9999.0 -9999.0 -9999.0 -9999.0 -9999.0 -9999.0 -9999.0 -9999.0 -9999.0 -9999.0 -9999.0 -9999.0 -9999.0 -9999.0 -9999.0 -9999.0 -9999.0 -9999.0
-9999.0 -9999.0 -9999.0 -9999.0 -9999.0 -9999.0 -9999.0 -9999.0 -9999.0 -9999.0 -9999.0 -9999.0 -9999.0 -9999.0 -9999.0 -9999.0 -9999.0 -9999.0 -9999.0 -9999.0 -9999.0 -9999.0 -9999.0 -9999.0 -9999.0 -9999.0 -9999.0 -9999.0 -9999.0 -9999.0 -9999.0 -9999.0 -9999.0 -9999.0 -9999.0 -9999.0 -9999.0 -9999.0 -9999.0 -9999.0 -9999.0 -9999.0 -9999.0 -9999.0 -9999.0 -9999.0 -9999.0 -9999.0 -9999.0 -9999.0 -9999.0 -9999.0 -9999.0 -9999.0 -9999.0 -9999.0 -9999.0 -9999.0 -9999.0 0.369380 0.369263 0.369132 0.368991
-9999.0 -9999.0 -9999.0 -9999.0 -9999.0 -9999.0 -9999.0 -9999.0 -9999.0 -9999.0 -9999.0 -9999.0 -9999.0 -9999.0 -9999.0 -9999.0 -9999.0 -9999.0 -9999.0 -9999.0 -9999.0 -9999.0 -9999.0 -9999.0 -9999.0 -9999.0 -9999.0 -9999.0 -9999.0 -9999.0 -9999.0 -9999.0 -9999.0 -9999.0 -9999.0 -9999.0 -9999.0 -9999.0 -9999.0 -9999.0 -9999.0 -9999.0 -9999.0 -9999.0 -9999.0 -9999.0 -9999.0 0.357564 0.353134 0.347819 0.347190 0.354194 0.359507 0.363340 0.365660 0.367153 0.368212 0.368943 0.369036 0.368694 0.368509 0.368365 0.368260
-9999.0 -9999.0 -9999.0 -9999.0 -9999.0 -9999.0 -9999.0 -9999.0 -9999.0 -9999.0 -9999.0 -9999.0 -9999.0 -9999.0 -9999.0 -9999.0 -9999.0 -9999.0 -9999.0 -9999.0 -9999.0 -9999.0 -9999.0 -9999.0 -9999.0 -9999.0 -9999.0 -9999.0 -9999.0 -9999.0 -9999.0 -9999.0 -9999.0 -9999.0 -9999.0 -9999.0 -9999.0 -9999.0 -9999.0 -9999.0 0.365151 0.365725 0.365866 0.364736 0.363306 0.361510 0.357660 0.353153 0.348239 0.347155 0.347960 0.349801 0.356217 0.361112 0.363935 0.365803 0.367285 0.368344 0.368459 0.367947 0.367455 0.367160 0.367149
-9999.0 -9999.0 -9999.0 -9999.0 -9999.0 -9999.0 -9999.0 -9999.0 -9999.0 -9999.0 -9999.0 -9999.0 -9999.0 -9999.0 -9999.0 -9999.0 -9999.0 -9999.0 -9999.0 -9999.0 -9999.0 -9999.0 -9999.0 -9999.0 -9999.0 -9999.0 -9999.0 -9999.0 -9999.0 -9999.0 -9999.0 -9999.0 -9999.0 -9999.0 0.344671 0.350687 0.355665 0.359621 0.362408 0.363316 0.364063 0.364731 0.364239 0.363595 0.361916 0.358471 0.353635 0.349236 0.348238 0.347217 0.348621 0.352625 0.356855 0.360208 0.363466 0.365982 0.366712 0.367518 0.367683 0.367359 0.367400 0.367474 0.367550
-9999.0 -9999.0 -9999.0 -9999.0 -9999.0 -9999.0 -9999.0 -9999.0 -9999.0 -9999.0 -9999.0 -9999.0 -9999.0 -9999.0 -9999.0 -9999.0 -9999.0 -9999.0 -9999.0 -9999.0 -9999.0 -9999.0 -9999.0 -9999.0 -9999.0 -9999.0 -9999.0 -9999.0 0.346718 0.344461 0.342310 0.341559 0.340872 0.340212 0.342974 0.347491 0.353160 0.358336 0.360737 0.361875 0.362815 0.362888 0.362126 0.361719 0.361686 0.359545 0.356999 0.354192 0.351069 0.350593 0.353311 0.356743 0.360011 0.362422 0.364404 0.365756 0.366985 0.368209 0.368556 0.368288 0.367996 0.367792 0.367809
-9999.0 -9999.0 -9999.0 -9999.0 -9999.0 -9999.0 -9999.0 -9999.0 -9999.0 -9999.0 -9999.0 -9999.0 -9999.0 -9999.0 -9999.0 -9999.0 -9999.0 -9999.0 -9999.0 -9999.0 -9999.0 -9999.0 -9999.0 0.334912 0.337668 0.340383 0.343253 0.343472 0.341617 0.339064 0.337471 0.336563 0.335651 0.337470 0.340980 0.346184 0.351351 0.356979 0.358759 0.360000 0.362077 0.362344 0.362959 0.363447 0.363132 0.362691 0.360698 0.358946 0.360013 0.361056 0.362019 0.363042 0.364624 0.366145 0.367430 0.368461 0.369149 0.369529 0.369730 0.369664 0.369545 0.369344 0.369347
-9999.0 -9999.0 -9999.0 -9999.0 -9999.0 -9999.0 -9999.0 -9999.0 -9999.0 -9999.0 -9999.0 -9999.0 -9999.0 -9999.0 -9999.0 -9999.0 -9999.0 -9999.0 -9999.0 0.322143 0.322499 0.322901 0.325304 0.325721 0.326801 0.330340 0.334216 0.335007 0.334077 0.333041 0.333575 0.334630 0.336350 0.341204 0.346398 0.350963 0.354849 0.359467 0.361983 0.363901 0.365644 0.365447 0.364915 0.364602 0.364584 0.364599 0.365232 0.365570 0.366052 0.366516 0.367010 0.367549 0.368097 0.368821 0.369340 0.369654 0.369826 0.369919 0.369966 0.369959 0.369930 0.369880 0.369880
-9999.0 -9999.0 -9999.0 -9999.0 -9999.0 -9999.0 -9999.0 -9999.0 -9999.0 -9999.0 -9999.0 -9999.0 -9999.0 -9999.0 -9999.0 -9999.0 0.304559 0.305678 0.306887 0.310230 0.311597 0.313887 0.317896 0.318283 0.320356 0.324200 0.326724 0.330940 0.334551 0.337723 0.340087 0.340986 0.343894 0.347267 0.351012 0.355274 0.359998 0.363524 0.365360 0.366773 0.367817 0.367798 0.367695 0.367723 0.367739 0.368136 0.368845 0.369020 0.369106 0.369495 0.369683 0.369735 0.369793 0.369898 0.369965 0.369992 0.369999 0.370000 0.370000 0.370000 0.370000 0.370000 0.370000
-9999.0 -9999.0 -9999.0 -9999.0 -9999.0 -9999.0 -9999.0 -9999.0 -9999.0 -9999.0 -9999.0 -9999.0 -9999.0 0.272025 0.275148 0.282017 0.287885 0.289259 0.291836 0.295656 0.303932 0.306004 0.309835 0.314433 0.321012 0.325541 0.330189 0.335708 0.339277 0.342060 0.344631 0.346885 0.351255 0.355404 0.358925 0.362417 0.365097 0.366915 0.368138 0.368730 0.369138 0.369213 0.369154 0.369181 0.369354 0.369640 0.369818 0.369890 0.369959 0.369989 0.369996 0.369999 0.369999 0.370000 0.370000 0.370000 0.370000 0.370000 0.370000 0.370000 0.370000 0.370000 0.370000
-9999.0 -9999.0 -9999.0 -9999.0 -9999.0 -9999.0 -9999.0 -9999.0 -9999.0 -9999.0 0.243809 0.245808 0.242803 0.243309 0.246740 0.256025 0.266252 0.271443 0.279819 0.294851 0.306427 0.308385 0.317502 0.323009 0.326325 0.331639 0.337620 0.342897 0.349020 0.352752 0.355983 0.360313 0.362900 0.364884 0.366492 0.367773 0.368694 0.369455 0.369784 0.369874 0.369957 0.369979 0.369975 0.369975 0.369984 0.369995 0.369999 0.370000 0.370000 0.370000 0.370000 0.370000 0.370000 0.370000 0.370000 0.370000 0.370000 0.370000 0.370000 0.370000 0.370000 0.370000 0.370000
-9999.0 -9999.0 -9999.0 -9999.0 -9999.0 -9999.0 -9999.0 -9999.0 0.224866 0.230077 0.234954 0.232286 0.228228 0.225450 0.235421 0.247824 0.260316 0.273410 0.285319 0.297992 0.308349 0.318489 0.328970 0.334570 0.339665 0.345476 0.349983 0.355008 0.359670 0.362150 0.364646 0.366665 0.367889 0.368658 0.369188 0.369531 0.369829 0.369962 0.369994 0.369999 0.370000 0.370000 0.370000 0.370000 0.370000 0.370000 0.370000 0.370000 0.370000 0.370000 0.370000 0.370000 0.370000 0.370000 0.370000 0.370000 0.370000 0.370000 0.370000 0.370000 0.370000 0.370000 0.370000
-9999.0 -9999.0 -9999.0 -9999.0 -9999.0 -9999.0 0.205546 0.223835 0.235317 0.228848 0.222344 0.219528 0.216607 0.231003 0.247732 0.260861 0.273657 0.286510 0.297955 0.307767 0.328540 0.336191 0.342372 0.349398 0.353401 0.356802 0.360290 0.363865 0.366257 0.368302 0.369262 0.369689 0.369886 0.369952 0.369982 0.369995 0.370000 0.370000 0.370000 0.370000 0.370000 0.370000 0.370000 0.370000 0.370000 0.370000 0.370000 0.370000 0.370000 0.370000 0.370000 0.370000 0.370000 0.370000 0.370000 0.370000 0.370000 0.370000 0.370000 0.370000 0.370000 0.370000 0.370000
-9999.0 -9999.0 -9999.0 -9999.0 0.182409 0.196645 0.211664 0.235648 0.253662 0.248905 0.254571 0.254720 0.253363 0.254818 0.258842 0.272610 0.285702 0.298195 0.310519 0.332096 0.348980 0.353811 0.359888 0.364635 0.365996 0.367114 0.367993 0.368903 0.369551 0.369877 0.369988 0.370000 0.370000 0.370000 0.370000 0.370000 0.370000 0.370000 0.370000 0.370000 0.370000 0.370000 0.370000 0.370000 0.370000 0.370000 0.370000 0.370000 0.370000 0.370000 0.370000 0.370000 0.370000 0.370000 0.370000 0.370000 0.370000 0.370000 0.370000 0.370000 0.370000 0.370000 0.370000
-9999.0 -9999.0 -9999.0 0.154950 0.177157 0.202141 0.222871 0.247401 0.272441 0.277236 0.283189 0.287818 0.292475 0.298515 0.305142 0.315226 0.323011 0.329301 0.338916 0.352077 0.360503 0.365250 0.367754 0.369007 0.369503 0.369704 0.369838 0.369943 0.369994 0.370000 0.370000 0.370000 0.370000 0.370000 0.370000 0.370000 0.370000 0.370000 0.370000 0.370000 0.370000 0.370000 0.370000 0.370000 0.370000 0.370000 0.370000 0.370000 0.370000 0.370000 0.370000 0.370000 0.370000 0.370000 0.370000 0.370000 0.370000 0.370000 0.370000 0.370000 0.370000 0.370000 0.370000
-9999.0 -9999.0 0.133621 0.150098 0.169484 0.204221 0.245053 0.271573 0.301836 0.318019 0.321933 0.331791 0.339480 0.342764 0.348813 0.353918 0.357011 0.357550 0.359949 0.365116 0.368684 0.369719 0.369927 0.369997 0.370000 0.370000 0.370000 0.370000 0.370000 0.370000 0.370000 0.370000 0.370000 0.370000 0.370000 0.370000 0.370000 0.370000 0.370000 0.370000 0.370000 0.370000 0.370000 0.370000 0.370000 0.370000 0.370000 0.370000 0.370000 0.370000 0.370000 0.370000 0.370000 0.370000 0.370000 0.370000 0.370000 0.370000 0.370000 0.370000 0.370000 0.370000 0.370000
-9999.0 -9999.0 0.124407 0.141747 0.163726 0.210972 0.270593 0.298814 0.325777 0.345725 0.351846 0.357754 0.361398 0.364023 0.366430 0.367992 0.368191 0.368300 0.368246 0.369653 0.369972 0.370000 0.370000 0.370000 0.370000 0.370000 0.370000 0.370000 0.370000 0.370000 0.370000 0.370000 0.370000 0.370000 0.370000 0.370000 0.370000 0.370000 0.370000 0.370000 0.370000 0.370000 0.370000 0.370000 0.370000 0.370000 0.370000 0.370000 0.370000 0.370000 0.370000 0.370000 0.370000 0.370000 0.370000 0.370000 0.370000 0.370000 0.370000 0.370000 0.370000 0.370000 0.370000
-9999.0 0.101553 0.113786 0.131839 0.166182 0.213550 0.282418 0.334038 0.352674 0.361745 0.365346 0.367020 0.369310 0.369882 0.369967 0.369994 0.369994 0.369993 0.369987 0.370000 0.370000 0.370000 0.370000 0.370000 0.370000 0.370000 0.370000 0.370000 0.370000 0.370000 0.370000 0.370000 0.370000 0.370000 0.370000 0.370000 0.370000 0.370000 0.370000 0.370000 0.370000 0.370000 0.370000 0.370000 0.370000 0.370000 0.370000 0.370000 0.370000 0.370000 0.370000 0.370000 0.370000 0.370000 0.370000 0.370000 0.370000 0.370000 0.370000 0.370000 0.370000 0.370000 0.370000
-9999.0 0.095511 0.107360 0.129324 0.163241 0.216549 0.305026 0.359469 0.365797 0.368100 0.369153 0.369828 0.369999 0.370000 0.370000 0.370000 0.370000 0.370000 0.370000 0.370000 0.370000 0.370000 0.370000 0.370000 0.370000 0.370000 0.370000 0.370000 0.370000 0.370000 0.370000 0.370000 0.370000 0.370000 0.370000 0.370000 0.370000 0.370000 0.370000 0.370000 0.370000 0.370000 0.370000 0.370000 0.370000 0.370000 0.370000 0.370000 0.370000 0.370000 0.370000 0.370000 0.370000 0.370000 0.370000 0.370000 0.370000 0.370000 0.370000 0.370000 0.370000 0.370000 0.370000
-9999.0 0.092052 0.104014 0.121746 0.153169 0.239957 0.327647 0.364998 0.369486 0.369861 0.369988 0.370000 0.370000 0.370000 0.370000 0.370000 0.370000 0.370000 0.370000 0.370000 0.370000 0.370000 0.370000 0.370000 0.370000 0.370000 0.370000 0.370000 0.370000 0.370000 0.370000 0.370000 0.370000 0.370000 0.370000 0.370000 0.370000 0.370000 0.370000 0.370000 0.370000 0.370000 0.370000 0.370000 0.370000 0.370000 0.370000 0.370000 0.370000 0.370000 0.370000 0.370000 0.370000 0.370000 0.370000 0.370000 0.370000 0.370000 0.370000 0.370000 0.370000 0.370000 0.370000
-9999.0 0.082931 0.091809 0.102450 0.147802 0.261278 0.340790 0.368596 0.369994 0.370000 0.370000 0.370000 0.370000 0.370000 0.370000 0.370000 0.370000 0.370000 0.370000 0.370000 0.370000 0.370000 0.370000 0.370000 0.370000 0.370000 0.370000 0.370000 0.370000 0.370000 0.370000 0.370000 0.370000 0.370000 0.370000 0.370000 0.370000 0.370000 0.370000 0.370000 0.370000 0.370000 0.370000 0.370000 0.370000 0.370000 0.370000 0.370000 0.370000 0.370000 0.370000 0.370000 0.370000 0.370000 0.370000 0.370000 0.370000 0.370000 0.370000 0.370000 0.370000 0.370000 0.370000
-9999.0 0.077675 0.082812 0.095090 0.136533 0.240417 0.340685 0.369132 0.370000 0.370000 0.370000 0.370000 0.370000 0.370000 0.370000 0.370000 0.370000 0.370000 0.370000 0.370000 0.370000 0.370000 0.370000 0.370000 0.370000 0.370000 0.370000 0.370000 0.370000 0.370000 0.370000 0.370000 0.370000 0.370000 0.370000 0.370000 0.370000 0.370000 0.370000 0.370000 0.370000 0.370000 0.370000 0.370000 0.370000 0.370000 0.370000 0.370000 0.370000 0.370000 0.370000 0.370000 0.370000 0.370000 0.370000 0.370000 0.370000 0.370000 0.370000 0.370000 0.370000 0.370000 0.370000
-9999.0 0.074209 0.079284 0.088039 0.113084 0.173972 0.278425 0.360421 0.369875 0.370000 0.370000 0.370000 0.370000 0.370000 0.370000 0.370000 0.370000 0.370000 0.370000 0.370000 0.370000 0.370000 0.370000 0.370000 0.370000 0.370000 0.370000 0.370000 0.370000 0.370000 0.370000 0.370000 0.370000 0.370000 0.370000 0.370000 0.370000 0.370000 0.370000 0.370000 0.370000 0.370000 0.370000 0.370000 0.370000 0.370000 0.370000 0.370000 0.370000 0.370000 0.370000 0.370000 0.370000 0.370000 0.370000 0.370000 0.370000 0.370000 0.370000 0.370000 0.370000 0.370000 0.370000
-9999.0 -9999.0 0.075860 0.082318 0.095743 0.128517 0.199326 0.317770 0.365939 0.369998 0.370000 0.370000 0.370000 0.370000 0.370000 0.370000 0.370000 0.370000 0.370000 0.370000 0.370000 0.370000 0.370000 0.370000 0.370000 0.370000 0.370000 0.370000 0.370000 0.370000 0.370000 0.370000 0.370000 0.370000 0.370000 0.370000 0.370000 0.370000 0.370000 0.370000 0.370000 0.370000 0.370000 0.370000 0.370000 0.370000 0.370000 0.370000 0.370000 0.370000 0.370000 0.370000 0.370000 0.370000 0.370000 0.370000 0.370000 0.370000 0.370000 0.370000 0.370000 0.370000 0.369999
-9999.0 -9999.0 0.073153 0.077214 0.085865 0.105266 0.140674 0.206873 0.325220 0.363733 0.369541 0.369994 0.370000 0.370000 0.370000 0.370000 0.370000 0.370000 0.370000 0.370000 0.370000 0.370000 0.370000 0.370000 0.370000 0.370000 0.370000 0.370000 0.370000 0.370000 0.370000 0.370000 0.370000 0.370000 0.370000 0.370000 0.370000 0.370000 0.370000 0.370000 0.370000 0.370000 0.370000 0.370000 0.370000 0.370000 0.370000 0.370000 0.370000 0.370000 0.370000 0.370000 0.370000 0.370000 0.370000 0.370000 0.370000 0.370000 0.370000 0.369999 0.369983 0.369917 0.369707
-9999.0 -9999.0 -9999.0 0.074283 0.078573 0.085120 0.097941 0.116026 0.156938 0.235524 0.312358 0.355265 0.365883 0.368921 0.369803 0.369982 0.369999 0.370000 0.370000 0.370000 0.370000 0.370000 0.370000 0.370000 0.370000 0.370000 0.370000 0.370000 0.370000 0.370000 0.370000 0.370000 0.370000 0.370000 0.370000 0.370000 0.370000 0.370000 0.370000 0.370000 0.370000 0.370000 0.370000 0.370000 0.370000 0.370000 0.370000 0.370000 0.370000 0.370000 0.370000 0.370000 0.369999 0.369999 0.369998 0.369996 0.369992 0.369962 0.369876 0.369662 0.369079 0.367824 0.365571
-9999.0 -9999.0 -9999.0 -9999.0 -9999.0 0.075687 0.081083 0.089737 0.102125 0.120694 0.156006 0.221065 0.259978 0.297921 0.330927 0.349207 0.359244 0.365165 0.368494 0.369572 0.369930 0.369989 0.369999 0.370000 0.370000 0.370000 0.370000 0.370000 0.370000 0.370000 0.370000 0.369998 0.369996 0.369996 0.369996 0.369996 0.369994 0.369991 0.369986 0.369970 0.369948 0.369933 0.369919 0.369904 0.369884 0.369865 0.369845 0.369822 0.369753 0.369685 0.369689 0.369657 0.369622 0.369586 0.369486 0.369350 0.369152 0.368323 0.367134 0.365914 0.362048 0.356603 0.351202
-9999.0 -9999.0 -9999.0 -9999.0 -9999.0 -9999.0 0.074074 0.077785 0.082672 0.090437 0.104359 0.123922 0.135825 0.157941 0.188745 0.229005 0.274644 0.306559 0.331153 0.348793 0.360019 0.365237 0.367974 0.369247 0.369531 0.369680 0.369788 0.369717 0.369615 0.369484 0.369066 0.368958 0.368760 0.368749 0.368728 0.368713 0.368514 0.368274 0.368024 0.367473 0.367155 0.366738 0.366406 0.366059 0.365667 0.365302 0.365014 0.364725 0.364059 0.364215 0.364257 0.364047 0.363757 0.363421 0.362516 0.361141 0.359614 0.356119 0.352388 0.347883 0.338173 0.329041 0.317891
