tests/Borden05m/sims/sim_1/output-maps/thetaliqL0003N0012.asc
ncols         160
nrows         34
xllcorner     620200.000000
yllcorner     5168000.000000
cellsize      0.500000
NODATA_value  -9999.0
[rows 0 to 27 of 34, columns 0 to 62 of 160]
-9999.0 -9999.0 -9999.0 -9999.0 -9999.0 -9999.0 -9999.0 -9999.0 -9999.0 -9999.0 -9999.0 -9999.0 -9999.0 -9999.0 -9999.0 -9999.0 -9999.0 -9999.0 -9999.0 -9999.0 -9999.0 -9999.0 -9999.0 -9999.0 -9999.0 -9999.0 -9999.0 -9999.0 -9999.0 -9999.0 -9999.0 -9999.0 -9999.0 -9999.0 -9999.0 -9999.0 -9999.0 -9999.0 -9999.0 -9999.0 -9999.0 -9999.0 -9999.0 -9999.0 -9999.0 -9999.0 -9999.0 -9999.0 -9999.0 -9999.0 -9999.0 -9999.0 -9999.0 -9999.0 -9999.0 -9999.0 -9999.0 -9999.0 -9999.0 -9999.0 -9999.0 -9999.0 -9999.0
-9999.0 -9999.0 -9999.0 -9999.0 -9999.0 -9999.0 -9999.0 -9999.0 -9999.0 -9999.0 -9999.0 -9999.0 -9999.0 -9999.0 -9999.0 -9999.0 -9999.0 -9999.0 -9999.0 -9999.0 -9999.0 -9999.0 -9999.0 -9999.0 -9999.0 -9999.0 -9999.0 -9999.0 -9999.0 -9999.0 -9999.0 -9999.0 -9999.0 -9999.0 -9999.0 -9999.0 -9999.0 -9999.0 -9999.0 -9999.0 -9999.0 -9999.0 -9999.0 -9999.0 -9999.0 -9999.0 -9999.0 -9999.0 -9999.0 -9999.0 -9999.0 -9999.0 -9999.0 -9999.0 -9999.0 -9999.0 -9999.0 -9999.0 -9999.0 0.220214 0.219076 0.218297 0.217868
-9999.0 -9999.0 -9999.0 -9999.0 -9999.0 -9999.0 -9999.0 -9999.0 -9999.0 -9999.0 -9999.0 -9999.0 -9999.0 -9999.0 -9999.0 -9999.0 -9999.0 -9999.0 -9999.0 -9999.0 -9999.0 -9999.0 -9999.0 -9999.0 -9999.0 -9999.0 -9999.0 -9999.0 -9999.0 -9999.0 -9999.0 -9999.0 -9999.0 -9999.0 -9999.0 -9999.0 -9999.0 -9999.0 -9999.0 -9999.0 -9999.0 -9999.0 -9999.0 -9999.0 -9999.0 -9999.0 -9999.0 0.211515 0.208190 0.204223 0.203108 0.207526 0.209507 0.211345 0.212561 0.213688 0.215450 0.218698 0.218472 0.213785 0.213334 0.213245 0.213471
-9999.0 -9999.0 -9999.0 -9999.0 -9999.0 -9999.0 -9999.0 -9999.0 -9999.0 -9999.0 -9999.0 -9999.0 -9999.0 -9999.0 -9999.0 -9999.0 -9999.0 -9999.0 -9999.0 -9999.0 -9999.0 -9999.0 -9999.0 -9999.0 -9999.0 -9999.0 -9999.0 -9999.0 -9999.0 -9999.0 -9999.0 -9999.0 -9999.0 -9999.0 -9999.0 -9999.0 -9999.0 -9999.0 -9999.0 -9999.0 0.211127 0.212672 0.213935 0.211722 0.210793 0.210964 0.208630 0.205947 0.203202 0.204040 0.204081 0.202113 0.205119 0.207564 0.208399 0.209083 0.211189 0.214890 0.214637 0.211116 0.209018 0.208371 0.208835
-9999.0 -9999.0 -9999.0 -9999.0 -9999.0 -9999.0 -9999.0 -9999.0 -9999.0 -9999.0 -9999.0 -9999.0 -9999.0 -9999.0 -9999.0 -9999.0 -9999.0 -9999.0 -9999.0 -9999.0 -9999.0 -9999.0 -9999.0 -9999.0 -9999.0 -9999.0 -9999.0 -9999.0 -9999.0 -9999.0 -9999.0 -9999.0 -9999.0 -9999.0 0.204218 0.207055 0.208304 0.209492 0.211295 0.210649 0.210094 0.211432 0.210223 0.210168 0.208673 0.205868 0.203081 0.201542 0.203235 0.202693 0.202685 0.204092 0.204964 0.205260 0.207245 0.210472 0.208806 0.209560 0.209081 0.207623 0.209040 0.210189 0.210920
-9999.0 -9999.0 -9999.0 -9999.0 -9999.0 -9999.0 -9999.0 -9999.0 -9999.0 -9999.0 -9999.0 -9999.0 -9999.0 -9999.0 -9999.0 -9999.0 -9999.0 -9999.0 -9999.0 -9999.0 -9999.0 -9999.0 -9999.0 -9999.0 -9999.0 -9999.0 -9999.0 -9999.0 0.208572 0.207445 0.206588 0.206646 0.206241 0.204680 0.204246 0.204496 0.205986 0.208429 0.208810 0.208470 0.208639 0.208033 0.206354 0.206200 0.208064 0.206363 0.205558 0.204443 0.201622 0.200916 0.202517 0.204049 0.205356 0.205633 0.205771 0.205660 0.205856 0.209943 0.210940 0.208673 0.207462 0.206933 0.207291
-9999.0 -9999.0 -9999.0 -9999.0 -9999.0 -9999.0 -9999.0 -9999.0 -9999.0 -9999.0 -9999.0 -9999.0 -9999.0 -9999.0 -9999.0 -9999.0 -9999.0 -9999.0 -9999.0 -9999.0 -9999.0 -9999.0 -9999.0 0.206659 0.207689 0.208072 0.208981 0.208500 0.206292 0.204887 0.204285 0.203785 0.202603 0.202451 0.202391 0.203099 0.203610 0.206163 0.204823 0.203943 0.206147 0.205603 0.207084 0.208773 0.208388 0.208740 0.205612 0.203280 0.205694 0.206654 0.206510 0.205924 0.206666 0.207663 0.208912 0.211117 0.213939 0.216312 0.220206 0.217539 0.215660 0.212358 0.212715
-9999.0 -9999.0 -9999.0 -9999.0 -9999.0 -9999.0 -9999.0 -9999.0 -9999.0 -9999.0 -9999.0 -9999.0 -9999.0 -9999.0 -9999.0 -9999.0 -9999.0 -9999.0 -9999.0 0.206791 0.206461 0.205816 0.206056 0.203941 0.203040 0.203623 0.204735 0.204063 0.202844 0.201804 0.201924 0.202054 0.201784 0.203337 0.204584 0.204962 0.204557 0.206541 0.207087 0.208193 0.211220 0.209188 0.207210 0.206177 0.206084 0.205485 0.207267 0.207780 0.207916 0.207655 0.207625 0.208016 0.208212 0.210589 0.212759 0.214527 0.216188 0.218535 0.223013 0.221068 0.217557 0.213814 0.213854
-9999.0 -9999.0 -9999.0 -9999.0 -9999.0 -9999.0 -9999.0 -9999.0 -9999.0 -9999.0 -9999.0 -9999.0 -9999.0 -9999.0 -9999.0 -9999.0 0.206567 0.206380 0.205576 0.204276 0.203159 0.203123 0.203971 0.202401 0.201868 0.202199 0.201496 0.202256 0.203075 0.204057 0.204486 0.203346 0.203511 0.203312 0.203130 0.203577 0.205803 0.207861 0.208231 0.209699 0.212429 0.210779 0.210078 0.210145 0.209094 0.209871 0.213968 0.213195 0.211236 0.215481 0.217693 0.216729 0.216186 0.218877 0.222960 0.228172 0.236829 0.242581 0.249394 0.252340 0.245980 0.244982 0.247235
-9999.0 -9999.0 -9999.0 -9999.0 -9999.0 -9999.0 -9999.0 -9999.0 -9999.0 -9999.0 -9999.0 -9999.0 -9999.0 0.206224 0.206053 0.206267 0.204256 0.202683 0.201727 0.200403 0.202065 0.200841 0.200444 0.200710 0.202195 0.202204 0.202344 0.203261 0.202906 0.202411 0.201924 0.200935 0.202129 0.203319 0.204111 0.205848 0.207156 0.208133 0.210064 0.210338 0.211634 0.211000 0.209304 0.208919 0.210163 0.213922 0.216757 0.217583 0.222771 0.228280 0.230808 0.234135 0.235610 0.237680 0.243086 0.259455 0.280557 0.302976 0.318603 0.331189 0.333022 0.335279 0.337230
-9999.0 -9999.0 -9999.0 -9999.0 -9999.0 -9999.0 -9999.0 -9999.0 -9999.0 -9999.0 0.203130 0.204164 0.202617 0.199750 0.198509 0.199143 0.199811 0.198721 0.198740 0.201693 0.203310 0.200487 0.202372 0.202373 0.201153 0.201415 0.202153 0.202228 0.204000 0.203999 0.203930 0.206848 0.207546 0.208297 0.209356 0.210498 0.211426 0.215861 0.219671 0.219353 0.224776 0.228167 0.225164 0.224076 0.224852 0.228780 0.235218 0.244601 0.254454 0.268946 0.282588 0.292701 0.301093 0.312030 0.326323 0.341372 0.349533 0.355223 0.359795 0.362140 0.363035 0.363491 0.363962
-9999.0 -9999.0 -9999.0 -9999.0 -9999.0 -9999.0 -9999.0 -9999.0 0.198974 0.200607 0.201631 0.200333 0.198592 0.195449 0.196629 0.197772 0.198537 0.199694 0.200220 0.200646 0.199881 0.200833 0.202675 0.202109 0.202258 0.203442 0.203411 0.204438 0.206065 0.205120 0.205907 0.207373 0.208645 0.209780 0.211171 0.211926 0.216449 0.222599 0.229314 0.235057 0.243348 0.253971 0.253769 0.255834 0.258189 0.272885 0.294802 0.323629 0.340899 0.347541 0.352866 0.355553 0.357398 0.359678 0.362212 0.364062 0.365891 0.367623 0.368795 0.369319 0.369541 0.369628 0.369711
-9999.0 -9999.0 -9999.0 -9999.0 -9999.0 -9999.0 0.196526 0.200137 0.201887 0.197788 0.194647 0.193598 0.191743 0.195799 0.199363 0.200020 0.200516 0.201111 0.200702 0.198271 0.203646 0.202088 0.200914 0.202486 0.202288 0.202365 0.203336 0.205630 0.206546 0.211151 0.214444 0.217284 0.221244 0.223659 0.226250 0.229260 0.237613 0.250704 0.268704 0.288363 0.312090 0.334054 0.340707 0.343321 0.345196 0.348301 0.353846 0.359262 0.363754 0.366425 0.367735 0.368196 0.368585 0.368969 0.369337 0.369620 0.369752 0.369886 0.369956 0.369989 0.369998 0.370000 0.370000
-9999.0 -9999.0 -9999.0 -9999.0 0.198544 0.199326 0.198623 0.201762 0.203946 0.198963 0.200710 0.199820 0.198172 0.196196 0.193848 0.195512 0.196469 0.197098 0.196724 0.201926 0.206425 0.203321 0.205461 0.209821 0.208707 0.209104 0.209245 0.211163 0.214703 0.219264 0.230034 0.240060 0.247097 0.256156 0.265732 0.279013 0.303002 0.333647 0.345587 0.352563 0.358167 0.361993 0.364002 0.364809 0.365670 0.366569 0.367599 0.368680 0.369406 0.369809 0.369927 0.369958 0.369973 0.369987 0.369996 0.370000 0.370000 0.370000 0.370000 0.370000 0.370000 0.370000 0.370000
-9999.0 -9999.0 -9999.0 0.196352 0.199881 0.201171 0.199410 0.200004 0.202695 0.199967 0.199444 0.198947 0.198631 0.198639 0.198379 0.199340 0.199505 0.198734 0.199401 0.202480 0.203780 0.206187 0.208043 0.210963 0.213501 0.214419 0.215823 0.219551 0.229139 0.240368 0.262558 0.295361 0.326754 0.340984 0.345821 0.350659 0.355252 0.360855 0.364515 0.366839 0.368382 0.369192 0.369627 0.369718 0.369763 0.369825 0.369906 0.369966 0.369992 0.370000 0.370000 0.370000 0.370000 0.370000 0.370000 0.370000 0.370000 0.370000 0.370000 0.370000 0.370000 0.370000 0.370000
-9999.0 -9999.0 0.196996 0.199005 0.197568 0.200049 0.202831 0.200759 0.204094 0.205125 0.201626 0.203508 0.204444 0.202244 0.203527 0.205000 0.205753 0.203143 0.201249 0.204806 0.212731 0.219216 0.222413 0.239035 0.249262 0.256069 0.259329 0.270131 0.289210 0.327468 0.345697 0.355460 0.361832 0.365270 0.366329 0.367348 0.368456 0.369135 0.369604 0.369853 0.369956 0.369991 0.370000 0.370000 0.370000 0.370000 0.370000 0.370000 0.370000 0.370000 0.370000 0.370000 0.370000 0.370000 0.370000 0.370000 0.370000 0.370000 0.370000 0.370000 0.370000 0.370000 0.370000
-9999.0 -9999.0 0.194666 0.197990 0.195605 0.200757 0.205650 0.200752 0.202117 0.207121 0.205637 0.206131 0.205291 0.205388 0.207507 0.211909 0.209589 0.208706 0.203622 0.215392 0.226096 0.245068 0.283480 0.324399 0.342474 0.344847 0.345806 0.348963 0.353786 0.361496 0.366630 0.368970 0.369703 0.369892 0.369939 0.369968 0.369991 0.370000 0.370000 0.370000 0.370000 0.370000 0.370000 0.370000 0.370000 0.370000 0.370000 0.370000 0.370000 0.370000 0.370000 0.370000 0.370000 0.370000 0.370000 0.370000 0.370000 0.370000 0.370000 0.370000 0.370000 0.370000 0.370000
-9999.0 0.193881 0.195533 0.195608 0.198930 0.197738 0.201666 0.207431 0.207067 0.209103 0.209014 0.205415 0.216814 0.227076 0.230415 0.239522 0.235452 0.232607 0.226318 0.239141 0.264203 0.329008 0.358189 0.365813 0.367781 0.368001 0.367839 0.368438 0.369192 0.369746 0.369979 0.370000 0.370000 0.370000 0.370000 0.370000 0.370000 0.370000 0.370000 0.370000 0.370000 0.370000 0.370000 0.370000 0.370000 0.370000 0.370000 0.370000 0.370000 0.370000 0.370000 0.370000 0.370000 0.370000 0.370000 0.370000 0.370000 0.370000 0.370000 0.370000 0.370000 0.370000 0.370000
-9999.0 0.188842 0.195320 0.199139 0.197565 0.194649 0.203707 0.217992 0.212661 0.210923 0.210122 0.218788 0.247590 0.276952 0.299428 0.325894 0.324170 0.313843 0.314970 0.337969 0.352280 0.364229 0.369669 0.369999 0.370000 0.370000 0.370000 0.370000 0.370000 0.370000 0.370000 0.370000 0.370000 0.370000 0.370000 0.370000 0.370000 0.370000 0.370000 0.370000 0.370000 0.370000 0.370000 0.370000 0.370000 0.370000 0.370000 0.370000 0.370000 0.370000 0.370000 0.370000 0.370000 0.370000 0.370000 0.370000 0.370000 0.370000 0.370000 0.369998 0.369996 0.369993 0.369993
-9999.0 0.193996 0.201477 0.199486 0.193174 0.201846 0.205382 0.215130 0.222699 0.220143 0.231999 0.275772 0.334432 0.351858 0.359610 0.363653 0.365767 0.365818 0.367279 0.369258 0.369984 0.370000 0.370000 0.370000 0.370000 0.370000 0.370000 0.370000 0.370000 0.370000 0.370000 0.370000 0.370000 0.370000 0.370000 0.370000 0.370000 0.370000 0.370000 0.370000 0.370000 0.370000 0.370000 0.370000 0.370000 0.370000 0.370000 0.370000 0.370000 0.370000 0.370000 0.370000 0.370000 0.370000 0.369999 0.369999 0.369995 0.369989 0.369974 0.369949 0.369909 0.369853 0.369852
-9999.0 0.185267 0.195792 0.186865 0.198900 0.209586 0.207751 0.224154 0.245063 0.252698 0.315491 0.348478 0.362832 0.367426 0.369041 0.369712 0.369896 0.369972 0.369998 0.370000 0.370000 0.370000 0.370000 0.370000 0.370000 0.370000 0.370000 0.370000 0.370000 0.370000 0.370000 0.370000 0.370000 0.370000 0.370000 0.370000 0.370000 0.370000 0.370000 0.370000 0.370000 0.370000 0.370000 0.370000 0.370000 0.370000 0.370000 0.369999 0.369997 0.369993 0.369989 0.369982 0.369978 0.369971 0.369969 0.369954 0.369864 0.369739 0.369569 0.369316 0.368942 0.368230 0.368123
-9999.0 0.179087 0.186339 0.191637 0.202261 0.209934 0.217565 0.236037 0.281183 0.331317 0.353631 0.360650 0.366781 0.369319 0.369913 0.369981 0.369993 0.369996 0.369999 0.370000 0.370000 0.370000 0.370000 0.370000 0.370000 0.370000 0.370000 0.370000 0.370000 0.370000 0.370000 0.370000 0.370000 0.370000 0.369999 0.369999 0.369999 0.369998 0.369996 0.369994 0.369990 0.369985 0.369981 0.369978 0.369975 0.369974 0.369960 0.369932 0.369890 0.369845 0.369788 0.369732 0.369712 0.369668 0.369603 0.369461 0.368903 0.368006 0.366928 0.365414 0.362216 0.360210 0.358648
-9999.0 0.165471 0.188899 0.191636 0.197841 0.199592 0.201077 0.214186 0.236878 0.325708 0.363648 0.365359 0.366928 0.368740 0.369776 0.369974 0.369983 0.369938 0.369869 0.369836 0.369887 0.369929 0.369965 0.369988 0.369995 0.369997 0.369995 0.369988 0.369972 0.369960 0.369952 0.369935 0.369917 0.369916 0.369906 0.369920 0.369927 0.369885 0.369813 0.369696 0.369555 0.369423 0.369373 0.369385 0.369375 0.369318 0.369160 0.368898 0.368497 0.368051 0.367641 0.367323 0.366989 0.366492 0.365879 0.365159 0.362905 0.360357 0.356699 0.350477 0.341118 0.326716 0.317512
-9999.0 -9999.0 0.178043 0.191767 0.193341 0.195248 0.196827 0.206802 0.218097 0.263082 0.326158 0.347444 0.355480 0.362019 0.367242 0.369030 0.369219 0.369353 0.368803 0.368683 0.368727 0.368851 0.369129 0.369397 0.369582 0.369663 0.369688 0.369650 0.369520 0.369267 0.368870 0.368464 0.368149 0.367896 0.368181 0.368550 0.368489 0.368234 0.367756 0.367010 0.366280 0.365421 0.365212 0.365333 0.365346 0.365108 0.364633 0.363355 0.361746 0.359842 0.358776 0.357699 0.356645 0.354738 0.352722 0.350486 0.345995 0.339751 0.322641 0.288802 0.262603 0.244367 0.235272
-9999.0 -9999.0 0.163196 0.184561 0.193835 0.200364 0.199101 0.199732 0.214518 0.221939 0.234919 0.258151 0.284229 0.320104 0.339822 0.350072 0.353709 0.355122 0.354831 0.355933 0.358715 0.361418 0.363109 0.364389 0.365380 0.366062 0.366598 0.365911 0.365111 0.363677 0.361315 0.357967 0.355849 0.354682 0.355397 0.356667 0.355858 0.354208 0.351842 0.349018 0.346905 0.344760 0.344226 0.344048 0.344027 0.343449 0.342367 0.338508 0.330978 0.323240 0.316329 0.310093 0.306224 0.298786 0.290061 0.283848 0.270992 0.257859 0.247297 0.237359 0.227510 0.222607 0.218393
-9999.0 -9999.0 -9999.0 0.165494 0.178893 0.189016 0.192999 0.187233 0.190894 0.198433 0.204116 0.213187 0.218948 0.225614 0.236881 0.252926 0.262288 0.265221 0.265371 0.284678 0.298119 0.323285 0.338615 0.342396 0.345029 0.347443 0.348111 0.346364 0.344648 0.340974 0.330175 0.310542 0.298119 0.297779 0.297998 0.300495 0.296246 0.291898 0.283323 0.274863 0.267109 0.261289 0.259067 0.257059 0.256033 0.254395 0.252718 0.249261 0.245525 0.242302 0.239619 0.238908 0.238154 0.236788 0.235044 0.233844 0.232066 0.226145 0.222006 0.218249 0.214483 0.211236 0.208286
-9999.0 -9999.0 -9999.0 -9999.0 -9999.0 0.156752 0.183225 0.188551 0.188690 0.186544 0.188999 0.198959 0.197521 0.199027 0.203378 0.205842 0.207006 0.210091 0.216464 0.222328 0.230192 0.236731 0.246305 0.255698 0.261161 0.267689 0.270029 0.264928 0.260180 0.253231 0.243463 0.235148 0.234382 0.235008 0.235352 0.235081 0.233695 0.232692 0.231294 0.227895 0.224902 0.224281 0.223827 0.223224 0.222536 0.222033 0.221607 0.221442 0.219537 0.217802 0.218784 0.218459 0.218263 0.218407 0.217589 0.217199 0.217519 0.213118 0.210665 0.211595 0.207699 0.205174 0.205904
-9999.0 -9999.0 -9999.0 -9999.0 -9999.0 -9999.0 0.153783 0.170469 0.183722 0.187375 0.192955 0.197198 0.191336 0.193382 0.195597 0.198018 0.201820 0.201905 0.203403 0.205706 0.209000 0.210821 0.214682 0.220035 0.220271 0.221687 0.224598 0.221458 0.219779 0.218861 0.213093 0.213898 0.213076 0.213717 0.213953 0.214573 0.213843 0.213170 0.212834 0.210355 0.210269 0.209643 0.209419 0.209180 0.208927 0.208816 0.208870 0.208991 0.207490 0.208436 0.208839 0.208449 0.208281 0.208601 0.208250 0.207569 0.207829 0.206021 0.205793 0.205856 0.202763 0.202850 0.202710
