tests/Borden05m/sims/sim_1/output-maps/thetaliqL0002N0011.asc
ncols         160
nrows         34
xllcorner     620200.000000
yllcorner     5168000.000000
cellsize      0.500000
NODATA_value  -9999.0
[rows 0 to 27 of 34, columns 63 to 125 of 160]
-9999.0 -9999.0 -9999.0 -9999.0 -9999.0 -9999.0 -9999.0 -9999.0 -9999.0 -9999.0 -9999.0 -9999.0 -9999.0 -9999.0 -9999.0 -9999.0 -9999.0 -9999.0 -9999.0 -9999.0 -9999.0 -9999.0 -9999.0 -9999.0 -9999.0 -9999.0 -9999.0 -9999.0 -9999.0 -9999.0 -9999.0 -9999.0 -9999.0 -9999.0 -9999.0 -9999.0 -9999.0 -9999.0 -9999.0 -9999.0 -9999.0 -9999.0 -9999.0 -9999.0 -9999.0 -9999.0 -9999.0 -9999.0 -9999.0 -9999.0 -9999.0 -9999.0 -9999.0 -9999.0 -9999.0 -9999.0 -9999.0 -9999.0 -9999.0 -9999.0 -9999.0 -9999.0 -9999.0
0.221529 0.220618 0.219510 0.219376 0.219535 0.219326 0.218839 0.219424 0.220168 0.220790 0.221706 0.221471 0.221556 0.221912 0.222011 0.221855 0.221435 0.221181 0.220874 0.221394 0.220102 0.218421 0.217141 0.216895 0.218033 0.218686 0.218518 0.219100 0.220404 0.221490 0.221774 0.223096 0.222776 0.223288 0.224215 0.223485 0.223355 0.223530 0.223890 0.221951 -9999.0 -9999.0 -9999.0 -9999.0 -9999.0 -9999.0 -9999.0 -9999.0 -9999.0 -9999.0 -9999.0 -9999.0 -9999.0 -9999.0 -9999.0 -9999.0 -9999.0 -9999.0 -9999.0 -9999.0 -9999.0 -9999.0 -9999.0
0.218815 0.217484 0.217198 0.216199 0.215763 0.215644 0.215221 0.215507 0.217158 0.218315 0.218613 0.218314 0.218150 0.217758 0.217491 0.217585 0.217187 0.216830 0.216447 0.216596 0.217707 0.216477 0.215877 0.215266 0.214589 0.214820 0.215008 0.215063 0.216599 0.217132 0.217468 0.219530 0.221463 0.221934 0.221102 0.220239 0.220529 0.220537 0.219800 0.219104 0.219237 0.218928 0.218819 0.218079 0.219220 0.219138 0.220372 0.221382 0.222569 0.224422 -9999.0 -9999.0 -9999.0 -9999.0 -9999.0 -9999.0 -9999.0 -9999.0 -9999.0 -9999.0 -9999.0 -9999.0 -9999.0
0.216868 0.216431 0.215453 0.213935 0.215605 0.215353 0.215177 0.215456 0.215991 0.216198 0.216437 0.216786 0.218259 0.218105 0.217959 0.218040 0.217790 0.217323 0.217391 0.217152 0.215897 0.216116 0.216430 0.216141 0.217376 0.217430 0.218159 0.215949 0.216283 0.216752 0.217052 0.217228 0.217464 0.217862 0.216895 0.217628 0.216939 0.215345 0.215057 0.215314 0.216796 0.217568 0.216760 0.213751 0.215332 0.218666 0.218339 0.217728 0.219292 0.220825 0.223093 0.222738 0.222531 0.222799 0.223288 0.221430 0.220328 0.219577 0.216915 -9999.0 -9999.0 -9999.0 -9999.0
0.216795 0.215707 0.214371 0.217030 0.218073 0.217423 0.217709 0.218488 0.218537 0.215184 0.214309 0.215553 0.216847 0.217370 0.216732 0.216424 0.215845 0.215869 0.216250 0.215914 0.216437 0.216868 0.216251 0.217068 0.218011 0.218954 0.216874 0.215008 0.215124 0.216666 0.217758 0.218261 0.219822 0.222360 0.221921 0.221388 0.221218 0.221088 0.218202 0.215573 0.214559 0.214130 0.213366 0.214045 0.213461 0.216123 0.215881 0.215418 0.216648 0.217563 0.218766 0.219631 0.219469 0.219816 0.220294 0.219843 0.218577 0.217990 0.217685 0.216629 0.214352 0.209966 0.210288
0.213871 0.213878 0.216182 0.217359 0.219479 0.218573 0.218606 0.218518 0.216285 0.214631 0.213484 0.216869 0.219550 0.220373 0.219564 0.218876 0.221342 0.220615 0.220337 0.218877 0.219389 0.219091 0.221647 0.222592 0.223953 0.223416 0.220858 0.218728 0.218636 0.218853 0.218552 0.219099 0.220645 0.222653 0.221108 0.220529 0.220851 0.216506 0.213215 0.212180 0.214719 0.216186 0.215970 0.216252 0.216421 0.214655 0.215100 0.215299 0.214429 0.216433 0.218438 0.218623 0.216840 0.216265 0.217146 0.217057 0.217309 0.216616 0.215837 0.215332 0.211247 0.212666 0.210439
0.218536 0.219358 0.220490 0.222725 0.227278 0.226165 0.226395 0.227961 0.225419 0.223097 0.219524 0.223491 0.224292 0.225508 0.225208 0.228254 0.231020 0.229321 0.227034 0.224266 0.225918 0.229507 0.232878 0.233596 0.233946 0.234586 0.232140 0.231574 0.231103 0.231389 0.229713 0.229732 0.232229 0.236680 0.237198 0.235119 0.231014 0.224827 0.219351 0.216492 0.220153 0.219138 0.218705 0.219383 0.217249 0.216063 0.218029 0.216387 0.215116 0.217888 0.218112 0.217664 0.215364 0.218168 0.217767 0.215614 0.214259 0.213620 0.213149 0.212153 0.213231 0.212640 0.210773
0.220205 0.220981 0.224282 0.229012 0.234541 0.237625 0.240643 0.244169 0.241431 0.238598 0.235380 0.235996 0.239729 0.243488 0.248264 0.253987 0.260309 0.258976 0.256000 0.255813 0.257091 0.263430 0.269456 0.271998 0.273744 0.277301 0.275074 0.270942 0.266267 0.261651 0.257623 0.254366 0.259590 0.265422 0.264245 0.253061 0.244212 0.235700 0.228202 0.220466 0.220702 0.222143 0.223524 0.220790 0.219605 0.217230 0.216841 0.217218 0.214521 0.216050 0.216321 0.218181 0.221081 0.221852 0.219420 0.218191 0.216790 0.215277 0.214076 0.215186 0.215646 0.214437 0.213178
0.248073 0.249524 0.254283 0.267969 0.291056 0.317525 0.334570 0.336848 0.332686 0.325007 0.311103 0.303183 0.314672 0.326972 0.335709 0.339544 0.341927 0.343514 0.343429 0.343456 0.343842 0.344238 0.345133 0.346257 0.347407 0.348758 0.349248 0.347662 0.346085 0.344316 0.342625 0.342238 0.341642 0.342701 0.342514 0.337949 0.324294 0.295671 0.271732 0.256700 0.245959 0.245988 0.241579 0.238100 0.234264 0.225865 0.223765 0.222673 0.216101 0.215470 0.217594 0.220408 0.222581 0.218858 0.217369 0.216071 0.214603 0.212636 0.213695 0.215031 0.215514 0.215163 0.215183
0.333702 0.336911 0.338863 0.344976 0.351982 0.358218 0.362178 0.363357 0.362196 0.360651 0.358618 0.356803 0.357101 0.359527 0.361921 0.363704 0.364649 0.364948 0.364803 0.364821 0.364895 0.365123 0.365228 0.365511 0.365966 0.366681 0.367463 0.367352 0.366369 0.365413 0.364019 0.363322 0.362938 0.362213 0.362101 0.362041 0.358492 0.353403 0.347096 0.340562 0.333815 0.314780 0.294526 0.280529 0.260386 0.244845 0.233575 0.226394 0.219836 0.218660 0.226261 0.233608 0.229788 0.228521 0.226476 0.222979 0.220224 0.216566 0.217287 0.218017 0.217667 0.217217 0.216647
0.361968 0.362756 0.363651 0.365216 0.367511 0.368983 0.369625 0.369708 0.369629 0.369499 0.369276 0.369109 0.369035 0.369151 0.369300 0.369525 0.369649 0.369766 0.369764 0.369779 0.369781 0.369786 0.369785 0.369799 0.369825 0.369866 0.369909 0.369913 0.369885 0.369791 0.369649 0.369507 0.369260 0.369053 0.368993 0.368985 0.368960 0.368282 0.366611 0.362913 0.358994 0.354582 0.351314 0.348028 0.345346 0.337426 0.327540 0.298252 0.272530 0.255476 0.264886 0.256465 0.251050 0.245383 0.238633 0.233519 0.229078 0.224454 0.224090 0.224288 0.223474 0.223318 0.222468
0.369495 0.369587 0.369705 0.369836 0.369914 0.369981 0.370000 0.370000 0.370000 0.370000 0.370000 0.369999 0.369999 0.369999 0.369997 0.370000 0.369999 0.370000 0.370000 0.370000 0.370000 0.370000 0.370000 0.370000 0.370000 0.370000 0.370000 0.370000 0.370000 0.370000 0.370000 0.369999 0.369986 0.369975 0.369966 0.369963 0.369958 0.369936 0.369831 0.369435 0.368518 0.367291 0.366050 0.364897 0.364026 0.363295 0.361415 0.356960 0.349592 0.342622 0.339116 0.335187 0.323099 0.296083 0.274541 0.262747 0.247899 0.236673 0.231241 0.230473 0.229644 0.228550 0.226838
0.370000 0.370000 0.370000 0.370000 0.370000 0.370000 0.370000 0.370000 0.370000 0.370000 0.370000 0.370000 0.370000 0.370000 0.370000 0.370000 0.370000 0.370000 0.370000 0.370000 0.370000 0.370000 0.370000 0.370000 0.370000 0.370000 0.370000 0.370000 0.370000 0.370000 0.370000 0.370000 0.370000 0.370000 0.370000 0.370000 0.370000 0.370000 0.370000 0.369993 0.369948 0.369811 0.369675 0.369528 0.369417 0.369322 0.369009 0.368351 0.367075 0.364575 0.360330 0.358600 0.355524 0.350016 0.345449 0.342378 0.332624 0.299203 0.274102 0.265004 0.253060 0.244681 0.240167
0.370000 0.370000 0.370000 0.370000 0.370000 0.370000 0.370000 0.370000 0.370000 0.370000 0.370000 0.370000 0.370000 0.370000 0.370000 0.370000 0.370000 0.370000 0.370000 0.370000 0.370000 0.370000 0.370000 0.370000 0.370000 0.370000 0.370000 0.370000 0.370000 0.370000 0.370000 0.370000 0.370000 0.370000 0.370000 0.370000 0.370000 0.370000 0.370000 0.370000 0.370000 0.370000 0.369999 0.369989 0.369986 0.369982 0.369974 0.369934 0.369784 0.369357 0.368358 0.367356 0.366493 0.365778 0.364971 0.363743 0.359540 0.352569 0.345785 0.340897 0.330430 0.303017 0.280581
0.370000 0.370000 0.370000 0.370000 0.370000 0.370000 0.370000 0.370000 0.370000 0.370000 0.370000 0.370000 0.370000 0.370000 0.370000 0.370000 0.370000 0.370000 0.370000 0.370000 0.370000 0.370000 0.370000 0.370000 0.370000 0.370000 0.370000 0.370000 0.370000 0.370000 0.370000 0.370000 0.370000 0.370000 0.370000 0.370000 0.370000 0.370000 0.370000 0.370000 0.370000 0.370000 0.370000 0.370000 0.370000 0.370000 0.370000 0.370000 0.369996 0.369974 0.369903 0.369686 0.369544 0.369440 0.369297 0.369096 0.368036 0.366077 0.363132 0.360066 0.356152 0.350721 0.345085
0.370000 0.370000 0.370000 0.370000 0.370000 0.370000 0.370000 0.370000 0.370000 0.370000 0.370000 0.370000 0.370000 0.370000 0.369999 0.369997 0.369997 0.369998 0.370000 0.370000 0.370000 0.370000 0.370000 0.369999 0.369997 0.369997 0.369998 0.369999 0.370000 0.370000 0.370000 0.370000 0.369999 0.369999 0.369999 0.370000 0.370000 0.370000 0.370000 0.370000 0.370000 0.370000 0.370000 0.370000 0.370000 0.370000 0.370000 0.370000 0.370000 0.370000 0.370000 0.369994 0.369985 0.369979 0.369969 0.369953 0.369850 0.369518 0.368763 0.367529 0.365812 0.363745 0.361187
0.370000 0.370000 0.370000 0.370000 0.370000 0.370000 0.370000 0.369999 0.369999 0.369999 0.369999 0.369996 0.369987 0.369968 0.369927 0.369907 0.369891 0.369889 0.369939 0.369977 0.369985 0.369972 0.369954 0.369896 0.369845 0.369825 0.369840 0.369898 0.369961 0.369983 0.369981 0.369963 0.369942 0.369930 0.369932 0.369963 0.369988 0.369997 0.369999 0.370000 0.370000 0.370000 0.370000 0.370000 0.370000 0.370000 0.370000 0.370000 0.370000 0.370000 0.370000 0.370000 0.370000 0.370000 0.370000 0.369999 0.369995 0.369971 0.369884 0.369658 0.369288 0.368799 0.367872
0.369999 0.369999 0.369998 0.369995 0.369991 0.369982 0.369959 0.369941 0.369929 0.369930 0.369886 0.369819 0.369641 0.369419 0.369096 0.368890 0.368746 0.368618 0.368925 0.369347 0.369516 0.369231 0.368966 0.368477 0.368165 0.368009 0.368065 0.368466 0.369172 0.369509 0.369573 0.369424 0.369269 0.369194 0.369200 0.369340 0.369613 0.369815 0.369921 0.369966 0.369980 0.369988 0.369994 0.369998 0.370000 0.370000 0.370000 0.370000 0.370000 0.370000 0.370000 0.370000 0.370000 0.370000 0.370000 0.370000 0.370000 0.370000 0.369997 0.369980 0.369934 0.369848 0.369714
0.369956 0.369942 0.369915 0.369645 0.369451 0.369134 0.368740 0.368539 0.368211 0.368022 0.367502 0.367057 0.366273 0.365086 0.363645 0.362232 0.361875 0.361528 0.361183 0.362529 0.363035 0.362609 0.361717 0.360667 0.360065 0.359706 0.360264 0.361905 0.363268 0.364383 0.364772 0.364126 0.364551 0.365048 0.365038 0.366277 0.367211 0.368117 0.368887 0.369401 0.369579 0.369688 0.369788 0.369885 0.369949 0.369983 0.369996 0.370000 0.370000 0.370000 0.370000 0.370000 0.370000 0.370000 0.370000 0.370000 0.370000 0.370000 0.370000 0.370000 0.369999 0.369995 0.369985
0.369606 0.369531 0.368905 0.367184 0.365044 0.363513 0.361364 0.360147 0.358522 0.354269 0.351392 0.349689 0.350015 0.347776 0.344590 0.342001 0.340986 0.340334 0.338355 0.337480 0.338339 0.340216 0.338393 0.336943 0.337235 0.336507 0.336572 0.339150 0.342002 0.343417 0.344851 0.346206 0.347007 0.348461 0.353588 0.356610 0.358940 0.361476 0.363813 0.365800 0.367040 0.367683 0.368288 0.368920 0.369319 0.369646 0.369850 0.369957 0.369987 0.369995 0.369998 0.370000 0.370000 0.370000 0.370000 0.370000 0.370000 0.370000 0.370000 0.370000 0.370000 0.370000 0.370000
0.366377 0.365610 0.361739 0.355750 0.349015 0.344658 0.340014 0.336053 0.322353 0.295108 0.281251 0.281346 0.284658 0.280702 0.271337 0.264188 0.259595 0.255189 0.249379 0.246130 0.249235 0.252496 0.251959 0.251462 0.252471 0.252213 0.251963 0.252736 0.258970 0.263261 0.267867 0.271702 0.274742 0.291033 0.313757 0.330712 0.339619 0.344381 0.349620 0.355023 0.358559 0.360529 0.362659 0.364598 0.366234 0.367519 0.368609 0.369370 0.369700 0.369825 0.369901 0.369952 0.369986 0.369997 0.370000 0.370000 0.370000 0.370000 0.370000 0.370000 0.370000 0.370000 0.370000
0.352651 0.347138 0.338737 0.320167 0.288695 0.272101 0.260540 0.251176 0.242218 0.235275 0.231204 0.233909 0.235254 0.237669 0.233885 0.230951 0.230333 0.227728 0.225464 0.222394 0.224878 0.225911 0.228786 0.228395 0.228404 0.229712 0.229050 0.228889 0.227047 0.229152 0.230283 0.231622 0.237000 0.242394 0.248579 0.255058 0.264271 0.277293 0.298212 0.326069 0.339620 0.344616 0.349244 0.354288 0.357851 0.360511 0.363124 0.365624 0.367242 0.368148 0.368849 0.369267 0.369658 0.369882 0.369967 0.369996 0.370000 0.370000 0.370000 0.370000 0.370000 0.370000 0.370000
0.284726 0.268271 0.250334 0.241009 0.236551 0.232167 0.229060 0.226767 0.223009 0.220507 0.216560 0.218158 0.220279 0.223411 0.220808 0.220478 0.221094 0.219648 0.218135 0.215572 0.215962 0.217983 0.220420 0.220217 0.220669 0.222099 0.222141 0.221008 0.218676 0.219201 0.220601 0.221914 0.224667 0.227254 0.229880 0.232239 0.235867 0.240476 0.245976 0.254324 0.266938 0.278830 0.300617 0.328946 0.340259 0.343979 0.347838 0.353730 0.357668 0.360757 0.363230 0.364852 0.367040 0.368582 0.369515 0.369877 0.369974 0.369992 0.369998 0.370000 0.370000 0.370000 0.370000
0.229681 0.224861 0.223180 0.221557 0.219781 0.218364 0.216835 0.215476 0.214408 0.212593 0.208789 0.210417 0.212617 0.215146 0.215232 0.214982 0.215238 0.214698 0.212990 0.209903 0.211198 0.213026 0.214672 0.215142 0.215423 0.216476 0.215702 0.214127 0.211854 0.212784 0.214449 0.215299 0.216393 0.218081 0.219892 0.221705 0.223879 0.226134 0.229345 0.233168 0.237850 0.243378 0.250148 0.260081 0.267829 0.277467 0.289491 0.312544 0.333356 0.341033 0.346397 0.351984 0.358115 0.363257 0.366678 0.368555 0.369473 0.369776 0.369898 0.369957 0.369991 0.369999 0.370000
0.220330 0.217764 0.216261 0.215114 0.215932 0.215462 0.213774 0.213990 0.213149 0.210099 0.211286 0.212183 0.214718 0.214207 0.214060 0.213460 0.213897 0.213520 0.210503 0.212060 0.212692 0.214417 0.214667 0.214992 0.215242 0.215543 0.215181 0.213021 0.213475 0.214010 0.215571 0.215521 0.216071 0.217834 0.218249 0.219252 0.220750 0.222361 0.224341 0.226840 0.230508 0.234411 0.238311 0.239496 0.242388 0.244980 0.242944 0.248641 0.255572 0.264937 0.280182 0.305294 0.334766 0.345899 0.355878 0.362259 0.365969 0.368196 0.368971 0.369488 0.369786 0.369928 0.369981
0.213966 0.212099 0.210168 0.211413 0.211684 0.211675 0.211370 0.210834 0.209521 0.211209 0.211432 0.211299 0.211121 0.211102 0.211307 0.211002 0.210829 0.210930 0.212177 0.212338 0.211911 0.212350 0.212674 0.213049 0.212528 0.212635 0.212668 0.213120 0.213049 0.212681 0.213411 0.213585 0.213752 0.214435 0.214874 0.215453 0.216652 0.217540 0.218714 0.220937 0.223772 0.225736 0.225863 0.227445 0.228166 0.226783 0.225618 0.227856 0.230216 0.232349 0.237470 0.243290 0.252406 0.280020 0.329024 0.344823 0.353988 0.360464 0.364103 0.366478 0.367960 0.369095 0.369609
0.212328 0.210698 0.210464 0.211418 0.211568 0.211601 0.210601 0.209655 0.210687 0.211081 0.211021 0.210617 0.211045 0.211213 0.211765 0.211226 0.210959 0.211108 0.211236 0.211143 0.211525 0.211788 0.211995 0.213291 0.212555 0.212483 0.212934 0.212726 0.212569 0.212192 0.213045 0.213317 0.213357 0.214063 0.214443 0.214856 0.215483 0.216598 0.218868 0.220588 0.222945 0.225258 0.225582 0.225907 0.225290 0.224742 0.222097 0.222050 0.224775 0.224143 0.226209 0.229951 0.230365 0.239918 0.256659 0.276729 0.315414 0.339015 0.351009 0.357157 0.361797 0.365226 0.367466
0.210323 0.210547 0.209781 0.210055 0.210007 0.209504 0.208875 0.209664 0.209621 0.209553 0.209610 0.209379 0.209782 0.210096 0.210417 0.210225 0.210185 0.209603 0.209578 0.210153 0.210197 0.210535 0.211282 0.212302 0.211600 0.211455 0.211461 0.211205 0.211226 0.210826 0.211533 0.212060 0.212179 0.213066 0.213412 0.212870 0.213843 0.215569 0.217310 0.218452 0.220382 0.223627 0.222500 0.222353 0.222801 0.220657 0.218089 0.218052 0.218896 0.218190 0.219927 0.220972 0.220793 0.225387 0.229488 0.234976 0.244517 0.265779 0.305531 0.336030 0.346029 0.354042 0.359425
