tests/Borden05m/sims/sim_1/output-maps/thetaliqL0002N0014.asc
ncols         160
nrows         34
xllcorner     620200.000000
yllcorner     5168000.000000
cellsize      0.500000
NODATA_value  -9999.0
[rows 0 to 27 of 34, columns 0 to 62 of 160]
-9999.0 -9999.0 -9999.0 -9999.0 -9999.0 -9999.0 -9999.0 -9999.0 -9999.0 -9999.0 -9999.0 -9999.0 -9999.0 -9999.0 -9999.0 -9999.0 -9999.0 -9999.0 -9999.0 -9999.0 -9999.0 -9999.0 -9999.0 -9999.0 -9999.0 -9999.0 -9999.0 -9999.0 -9999.0 -9999.0 -9999.0 -9999.0 -9999.0 -9999.0 -9999.0 -9999.0 -9999.0 -9999.0 -9999.0 -9999.0 -9999.0 -9999.0 -9999.0 -9999.0 -9999.0 -9999.0 -9999.0 -9999.0 -9999.0 -9999.0 -9999.0 -9999.0 -9999.0 -9999.0 -9999.0 -9999.0 -9999.0 -9999.0 -9999.0 -9999.0 -9999.0 -9999.0 -9999.0
-9999.0 -9999.0 -9999.0 -9999.0 -9999.0 -9999.0 -9999.0 -9999.0 -9999.0 -9999.0 -9999.0 -9999.0 -9999.0 -9999.0 -9999.0 -9999.0 -9999.0 -9999.0 -9999.0 -9999.0 -9999.0 -9999.0 -9999.0 -9999.0 -9999.0 -9999.0 -9999.0 -9999.0 -9999.0 -9999.0 -9999.0 -9999.0 -9999.0 -9999.0 -9999.0 -9999.0 -9999.0 -9999.0 -9999.0 -9999.0 -9999.0 -9999.0 -9999.0 -9999.0 -9999.0 -9999.0 -9999.0 -9999.0 -9999.0 -9999.0 -9999.0 -9999.0 -9999.0 -9999.0 -9999.0 -9999.0 -9999.0 -9999.0 -9999.0 0.202838 0.202014 0.201452 0.201147
-9999.0 -9999.0 -9999.0 -9999.0 -9999.0 -9999.0 -9999.0 -9999.0 -9999.0 -9999.0 -9999.0 -9999.0 -9999.0 -9999.0 -9999.0 -9999.0 -9999.0 -9999.0 -9999.0 -9999.0 -9999.0 -9999.0 -9999.0 -9999.0 -9999.0 -9999.0 -9999.0 -9999.0 -9999.0 -9999.0 -9999.0 -9999.0 -9999.0 -9999.0 -9999.0 -9999.0 -9999.0 -9999.0 -9999.0 -9999.0 -9999.0 -9999.0 -9999.0 -9999.0 -9999.0 -9999.0 -9999.0 0.196726 0.194390 0.191608 0.190842 0.193925 0.195297 0.196572 0.197412 0.198194 0.199434 0.201750 0.201584 0.198207 0.197896 0.197838 0.198002
-9999.0 -9999.0 -9999.0 -9999.0 -9999.0 -9999.0 -9999.0 -9999.0 -9999.0 -9999.0 -9999.0 -9999.0 -9999.0 -9999.0 -9999.0 -9999.0 -9999.0 -9999.0 -9999.0 -9999.0 -9999.0 -9999.0 -9999.0 -9999.0 -9999.0 -9999.0 -9999.0 -9999.0 -9999.0 -9999.0 -9999.0 -9999.0 -9999.0 -9999.0 -9999.0 -9999.0 -9999.0 -9999.0 -9999.0 -9999.0 0.196380 0.197473 0.198385 0.196811 0.196165 0.196312 0.194684 0.192809 0.190893 0.191483 0.191512 0.190136 0.192222 0.193907 0.194468 0.194931 0.196399 0.199020 0.198835 0.196325 0.194840 0.194397 0.194724
-9999.0 -9999.0 -9999.0 -9999.0 -9999.0 -9999.0 -9999.0 -9999.0 -9999.0 -9999.0 -9999.0 -9999.0 -9999.0 -9999.0 -9999.0 -9999.0 -9999.0 -9999.0 -9999.0 -9999.0 -9999.0 -9999.0 -9999.0 -9999.0 -9999.0 -9999.0 -9999.0 -9999.0 -9999.0 -9999.0 -9999.0 -9999.0 -9999.0 -9999.0 0.191619 0.193594 0.194454 0.195270 0.196530 0.196061 0.195657 0.196606 0.195751 0.195720 0.194675 0.192729 0.190801 0.189740 0.190923 0.190545 0.190536 0.191513 0.192102 0.192292 0.193663 0.195916 0.194712 0.195230 0.194884 0.193858 0.194862 0.195677 0.196197
-9999.0 -9999.0 -9999.0 -9999.0 -9999.0 -9999.0 -9999.0 -9999.0 -9999.0 -9999.0 -9999.0 -9999.0 -9999.0 -9999.0 -9999.0 -9999.0 -9999.0 -9999.0 -9999.0 -9999.0 -9999.0 -9999.0 -9999.0 -9999.0 -9999.0 -9999.0 -9999.0 -9999.0 0.194664 0.193876 0.193277 0.193321 0.193040 0.191946 0.191639 0.191805 0.192834 0.194528 0.194780 0.194530 0.194640 0.194212 0.193036 0.192927 0.194246 0.193064 0.192520 0.191756 0.189798 0.189316 0.190424 0.191476 0.192371 0.192545 0.192618 0.192549 0.192634 0.195503 0.196208 0.194600 0.193743 0.193366 0.193619
-9999.0 -9999.0 -9999.0 -9999.0 -9999.0 -9999.0 -9999.0 -9999.0 -9999.0 -9999.0 -9999.0 -9999.0 -9999.0 -9999.0 -9999.0 -9999.0 -9999.0 -9999.0 -9999.0 -9999.0 -9999.0 -9999.0 -9999.0 0.193346 0.194071 0.194333 0.194967 0.194627 0.193073 0.192094 0.191675 0.191328 0.190508 0.190398 0.190354 0.190838 0.191178 0.192941 0.191989 0.191371 0.192909 0.192515 0.193544 0.194736 0.194463 0.194726 0.192544 0.190931 0.192636 0.193313 0.193201 0.192773 0.193275 0.193962 0.194826 0.196371 0.198365 0.200037 0.202864 0.200922 0.199571 0.197197 0.197457
-9999.0 -9999.0 -9999.0 -9999.0 -9999.0 -9999.0 -9999.0 -9999.0 -9999.0 -9999.0 -9999.0 -9999.0 -9999.0 -9999.0 -9999.0 -9999.0 -9999.0 -9999.0 -9999.0 0.193456 0.193224 0.192768 0.192934 0.191456 0.190828 0.191230 0.192002 0.191527 0.190682 0.189957 0.190041 0.190131 0.189938 0.191015 0.191876 0.192129 0.191832 0.193202 0.193571 0.194339 0.196473 0.195021 0.193624 0.192896 0.192835 0.192419 0.193701 0.194078 0.194167 0.193992 0.193973 0.194235 0.194349 0.196015 0.197540 0.198785 0.199966 0.201646 0.204927 0.203510 0.200947 0.198263 0.198306
-9999.0 -9999.0 -9999.0 -9999.0 -9999.0 -9999.0 -9999.0 -9999.0 -9999.0 -9999.0 -9999.0 -9999.0 -9999.0 -9999.0 -9999.0 -9999.0 0.193320 0.193189 0.192626 0.191713 0.190928 0.190901 0.191489 0.190393 0.190022 0.190248 0.189756 0.190276 0.190839 0.191521 0.191818 0.191022 0.191137 0.190991 0.190855 0.191157 0.192700 0.194120 0.194360 0.195378 0.197302 0.196120 0.195627 0.195680 0.194939 0.195502 0.198426 0.197872 0.196489 0.199553 0.201147 0.200442 0.200030 0.201952 0.204925 0.208834 0.215500 0.220102 0.225688 0.228254 0.223045 0.222289 0.224147
-9999.0 -9999.0 -9999.0 -9999.0 -9999.0 -9999.0 -9999.0 -9999.0 -9999.0 -9999.0 -9999.0 -9999.0 -9999.0 0.193126 0.193006 0.193148 0.191725 0.190627 0.189958 0.189031 0.190178 0.189328 0.189048 0.189230 0.190250 0.190250 0.190343 0.190974 0.190721 0.190373 0.190033 0.189353 0.190182 0.191003 0.191545 0.192744 0.193636 0.194303 0.195653 0.195816 0.196727 0.196290 0.195078 0.194800 0.195687 0.198376 0.200406 0.201029 0.204868 0.208981 0.210909 0.213490 0.214658 0.216291 0.220637 0.234510 0.254237 0.277449 0.293981 0.307516 0.309539 0.312102 0.314286
-9999.0 -9999.0 -9999.0 -9999.0 -9999.0 -9999.0 -9999.0 -9999.0 -9999.0 -9999.0 0.190954 0.191679 0.190609 0.188637 0.187776 0.188205 0.188655 0.187905 0.187907 0.189935 0.191044 0.189079 0.190385 0.190380 0.189526 0.189705 0.190211 0.190256 0.191487 0.191482 0.191436 0.193482 0.193959 0.194471 0.195200 0.195982 0.196625 0.199791 0.202530 0.202286 0.206287 0.208863 0.206615 0.205815 0.206381 0.209350 0.214336 0.221889 0.230127 0.242890 0.256003 0.266430 0.275413 0.287131 0.301966 0.318894 0.331707 0.341478 0.349487 0.353600 0.355176 0.355942 0.356945
-9999.0 -9999.0 -9999.0 -9999.0 -9999.0 -9999.0 -9999.0 -9999.0 0.188096 0.189218 0.189929 0.189033 0.187839 0.185692 0.186489 0.187267 0.187785 0.188570 0.188926 0.189210 0.188672 0.189331 0.190595 0.190197 0.190298 0.191114 0.191083 0.191796 0.192921 0.192263 0.192823 0.193837 0.194721 0.195502 0.196464 0.196973 0.200218 0.204691 0.209704 0.214141 0.220741 0.229635 0.229562 0.231353 0.233375 0.246755 0.268982 0.298985 0.318154 0.328358 0.337556 0.342377 0.345641 0.349565 0.353904 0.357143 0.360787 0.364356 0.366861 0.368043 0.368555 0.368741 0.369042
-9999.0 -9999.0 -9999.0 -9999.0 -9999.0 -9999.0 0.186440 0.188909 0.190114 0.187294 0.185168 0.184466 0.183214 0.185935 0.188371 0.188812 0.189146 0.189548 0.189258 0.187586 0.191312 0.190204 0.189387 0.190487 0.190334 0.190372 0.191034 0.192623 0.193253 0.196515 0.198881 0.200932 0.203803 0.205572 0.207493 0.209770 0.216252 0.226949 0.242785 0.262167 0.287082 0.310545 0.318140 0.321381 0.324303 0.329550 0.339059 0.348326 0.356503 0.361864 0.364633 0.365648 0.366470 0.367281 0.368077 0.368716 0.369174 0.369583 0.369815 0.369925 0.369972 0.369986 0.369999
-9999.0 -9999.0 -9999.0 -9999.0 0.187832 0.188364 0.187881 0.190037 0.191549 0.188096 0.189318 0.188714 0.187595 0.186229 0.184609 0.185741 0.186382 0.186798 0.186541 0.190147 0.193239 0.191065 0.192571 0.195624 0.194824 0.195089 0.195163 0.196500 0.199032 0.202317 0.210338 0.218148 0.223916 0.231589 0.240049 0.252751 0.277671 0.309620 0.325366 0.336954 0.346643 0.353313 0.356998 0.358565 0.360317 0.362186 0.364336 0.366637 0.368303 0.369349 0.369705 0.369816 0.369874 0.369912 0.369956 0.369986 0.369999 0.370000 0.370000 0.370000 0.370000 0.370000 0.370000
-9999.0 -9999.0 -9999.0 0.186374 0.188784 0.189651 0.188430 0.188829 0.190675 0.188809 0.188447 0.188127 0.187936 0.187953 0.187792 0.188445 0.188533 0.187964 0.188405 0.190519 0.191406 0.193111 0.194390 0.196472 0.198296 0.198941 0.199919 0.202619 0.209756 0.218570 0.237204 0.269446 0.302470 0.318553 0.325583 0.333658 0.341438 0.351136 0.358069 0.362768 0.365988 0.367780 0.368826 0.369097 0.369265 0.369416 0.369653 0.369841 0.369946 0.369999 0.370000 0.370000 0.370000 0.370000 0.370000 0.370000 0.370000 0.370000 0.370000 0.370000 0.370000 0.370000 0.370000
-9999.0 -9999.0 0.186838 0.188199 0.187214 0.188919 0.190823 0.189366 0.191665 0.192394 0.189966 0.191296 0.191966 0.190451 0.191362 0.192394 0.192877 0.191019 0.189651 0.192157 0.197764 0.202449 0.204911 0.217680 0.225930 0.231589 0.234397 0.244179 0.263268 0.302899 0.325977 0.342301 0.353377 0.359636 0.361674 0.363682 0.366008 0.367664 0.368860 0.369464 0.369799 0.369938 0.369996 0.369999 0.369999 0.370000 0.370000 0.370000 0.370000 0.370000 0.370000 0.370000 0.370000 0.370000 0.370000 0.370000 0.370000 0.370000 0.370000 0.370000 0.370000 0.370000 0.370000
-9999.0 -9999.0 0.185273 0.187528 0.185911 0.189476 0.192804 0.189387 0.190314 0.193774 0.192733 0.193071 0.192552 0.192702 0.194187 0.197331 0.195596 0.194943 0.191342 0.199667 0.207494 0.222469 0.257270 0.299943 0.321043 0.324149 0.325668 0.331063 0.339426 0.352597 0.362322 0.367333 0.369077 0.369597 0.369744 0.369847 0.369941 0.369997 0.369999 0.369999 0.370000 0.370000 0.370000 0.370000 0.370000 0.370000 0.370000 0.370000 0.370000 0.370000 0.370000 0.370000 0.370000 0.370000 0.370000 0.370000 0.370000 0.370000 0.370000 0.370000 0.370000 0.370000 0.370000
-9999.0 0.184790 0.185903 0.185951 0.188242 0.187431 0.190137 0.194130 0.193772 0.195128 0.195045 0.192558 0.200841 0.208459 0.210999 0.218127 0.214909 0.212647 0.207903 0.217766 0.238977 0.304244 0.347397 0.360130 0.364592 0.365161 0.364880 0.366172 0.367846 0.369189 0.369888 0.369998 0.370000 0.370000 0.370000 0.370000 0.370000 0.370000 0.370000 0.370000 0.370000 0.370000 0.370000 0.370000 0.370000 0.370000 0.370000 0.370000 0.370000 0.370000 0.370000 0.370000 0.370000 0.370000 0.370000 0.370000 0.370000 0.370000 0.370000 0.370000 0.369999 0.369999 0.369998
-9999.0 0.181393 0.185788 0.188415 0.187341 0.185425 0.191729 0.201619 0.197681 0.196374 0.195834 0.202315 0.224584 0.250285 0.273149 0.300972 0.299538 0.289168 0.290751 0.315337 0.336948 0.357740 0.368764 0.369920 0.369994 0.369997 0.369998 0.370000 0.370000 0.370000 0.370000 0.370000 0.370000 0.370000 0.370000 0.370000 0.370000 0.370000 0.370000 0.370000 0.370000 0.370000 0.370000 0.370000 0.370000 0.370000 0.370000 0.370000 0.370000 0.370000 0.370000 0.370000 0.370000 0.370000 0.370000 0.369999 0.369998 0.369996 0.369989 0.369978 0.369960 0.369946 0.369946
-9999.0 0.184955 0.190057 0.188709 0.184476 0.190520 0.192892 0.199616 0.204984 0.203053 0.212259 0.249361 0.308804 0.334974 0.347646 0.353725 0.356986 0.357048 0.361077 0.366518 0.369463 0.369998 0.370000 0.370000 0.370000 0.370000 0.370000 0.370000 0.370000 0.370000 0.370000 0.370000 0.370000 0.370000 0.370000 0.370000 0.370000 0.370000 0.370000 0.370000 0.370000 0.370000 0.370000 0.370000 0.370000 0.370000 0.370000 0.370000 0.369999 0.369997 0.369995 0.369992 0.369989 0.369986 0.369982 0.369975 0.369954 0.369916 0.369846 0.369749 0.369615 0.369446 0.369448
-9999.0 0.179200 0.186278 0.180299 0.188709 0.196026 0.194639 0.206360 0.222138 0.228790 0.288842 0.329798 0.353670 0.362645 0.366456 0.368602 0.369333 0.369723 0.369929 0.369991 0.370000 0.370000 0.370000 0.370000 0.370000 0.370000 0.370000 0.370000 0.370000 0.370000 0.370000 0.370000 0.370000 0.370000 0.370000 0.370000 0.370000 0.370000 0.370000 0.369999 0.369998 0.369997 0.369997 0.369998 0.369997 0.369995 0.369989 0.369979 0.369963 0.369941 0.369910 0.369873 0.369852 0.369814 0.369804 0.369751 0.369443 0.369073 0.368604 0.367962 0.367069 0.365480 0.365267
-9999.0 0.175076 0.179952 0.183708 0.191151 0.196488 0.202129 0.215853 0.254136 0.306662 0.337923 0.349757 0.361551 0.367503 0.369482 0.369819 0.369906 0.369930 0.369957 0.369975 0.369978 0.370000 0.370000 0.370000 0.370000 0.370000 0.369999 0.369996 0.369992 0.369992 0.369992 0.369992 0.369992 0.369992 0.369989 0.369988 0.369986 0.369977 0.369965 0.369950 0.369933 0.369909 0.369888 0.369875 0.369860 0.369849 0.369786 0.369678 0.369535 0.369388 0.369208 0.369038 0.368973 0.368843 0.368663 0.368293 0.366914 0.364861 0.362532 0.359385 0.353073 0.349556 0.346980
-9999.0 0.166174 0.181712 0.183685 0.188078 0.189310 0.190414 0.199623 0.216617 0.300196 0.356155 0.359030 0.362034 0.365898 0.368929 0.369774 0.369819 0.369529 0.369139 0.368953 0.369221 0.369607 0.369800 0.369918 0.369957 0.369967 0.369951 0.369915 0.369847 0.369800 0.369775 0.369715 0.369661 0.369656 0.369623 0.369660 0.369672 0.369540 0.369329 0.369003 0.368628 0.368285 0.368149 0.368165 0.368123 0.367963 0.367552 0.366922 0.366006 0.365018 0.364124 0.363440 0.362725 0.361678 0.360388 0.358854 0.354275 0.349365 0.343046 0.332749 0.318052 0.301927 0.292510
-9999.0 -9999.0 0.174495 0.183742 0.184915 0.186280 0.187489 0.194507 0.202555 0.238161 0.300097 0.328061 0.341277 0.352119 0.361860 0.366263 0.366669 0.367070 0.365104 0.365193 0.365798 0.366496 0.367362 0.368114 0.368626 0.368856 0.368923 0.368825 0.368492 0.367872 0.366965 0.366096 0.365444 0.364923 0.365520 0.366303 0.366151 0.365580 0.364529 0.362905 0.361308 0.359474 0.358987 0.359196 0.359196 0.358690 0.357728 0.355283 0.352376 0.349008 0.347200 0.345379 0.343547 0.340247 0.336747 0.332805 0.325288 0.316274 0.297857 0.262704 0.237321 0.221718 0.214539
-9999.0 -9999.0 0.164701 0.178899 0.185266 0.189797 0.189029 0.189797 0.200251 0.205685 0.215417 0.233869 0.257626 0.294149 0.316151 0.331371 0.336978 0.339391 0.339207 0.341716 0.346980 0.351731 0.354726 0.357227 0.359271 0.360705 0.361813 0.360406 0.358783 0.355994 0.351763 0.346093 0.342600 0.340575 0.341851 0.344074 0.342659 0.339695 0.335498 0.330528 0.326835 0.323204 0.322272 0.321981 0.321961 0.321110 0.319693 0.314938 0.306707 0.298605 0.291352 0.284765 0.280618 0.272748 0.263624 0.257251 0.244821 0.233060 0.224064 0.216017 0.208446 0.204794 0.201748
-9999.0 -9999.0 -9999.0 0.166167 0.175103 0.182069 0.184837 0.181098 0.183915 0.189183 0.193060 0.199306 0.203423 0.208339 0.216827 0.229588 0.237372 0.239802 0.239777 0.257902 0.271940 0.298137 0.314777 0.319566 0.323665 0.327641 0.328779 0.325875 0.323095 0.317790 0.305526 0.285241 0.272176 0.271673 0.271882 0.274447 0.269989 0.265391 0.256605 0.248318 0.241129 0.235963 0.234051 0.232331 0.231461 0.230080 0.228673 0.225782 0.222700 0.220078 0.217902 0.217311 0.216704 0.215603 0.214223 0.213290 0.211899 0.207450 0.204399 0.201644 0.198947 0.196661 0.194585
-9999.0 -9999.0 -9999.0 -9999.0 -9999.0 0.160646 0.178183 0.181770 0.182010 0.180707 0.182435 0.189239 0.188257 0.189256 0.192230 0.193904 0.194578 0.196605 0.200986 0.205227 0.210988 0.216014 0.223581 0.231223 0.235879 0.241646 0.243749 0.239172 0.235034 0.229141 0.221161 0.214493 0.213844 0.214324 0.214592 0.214401 0.213326 0.212554 0.211461 0.208888 0.206627 0.206154 0.205819 0.205376 0.204877 0.204509 0.204195 0.204064 0.202666 0.201379 0.202074 0.201837 0.201695 0.201798 0.201209 0.200941 0.201188 0.198028 0.196276 0.196940 0.194208 0.192433 0.192948
-9999.0 -9999.0 -9999.0 -9999.0 -9999.0 -9999.0 0.158676 0.169654 0.178510 0.181009 0.184841 0.187819 0.183831 0.185284 0.186806 0.188384 0.190874 0.190801 0.191789 0.193356 0.195614 0.196833 0.199552 0.203359 0.203486 0.204524 0.206649 0.204302 0.203069 0.202385 0.198145 0.198677 0.198088 0.198554 0.198729 0.199181 0.198666 0.198189 0.197948 0.196147 0.196072 0.195629 0.195475 0.195311 0.195140 0.195071 0.195113 0.195200 0.194119 0.194767 0.195048 0.194763 0.194644 0.194875 0.194640 0.194172 0.194367 0.193079 0.192916 0.192961 0.190784 0.190840 0.190755
