tests/Borden05m/sims/sim_1/output-maps/thetaliqL0001N0003.asc
ncols         160
nrows         34
xllcorner     620200.000000
yllcorner     5168000.000000
cellsize      0.500000
NODATA_value  -9999.0
[rows 0 to 27 of 34, columns 63 to 125 of 160]
-9999.0 -9999.0 -9999.0 -9999.0 -9999.0 -9999.0 -9999.0 -9999.0 -9999.0 -9999.0 -9999.0 -9999.0 -9999.0 -9999.0 -9999.0 -9999.0 -9999.0 -9999.0 -9999.0 -9999.0 -9999.0 -9999.0 -9999.0 -9999.0 -9999.0 -9999.0 -9999.0 -9999.0 -9999.0 -9999.0 -9999.0 -9999.0 -9999.0 -9999.0 -9999.0 -9999.0 -9999.0 -9999.0 -9999.0 -9999.0 -9999.0 -9999.0 -9999.0 -9999.0 -9999.0 -9999.0 -9999.0 -9999.0 -9999.0 -9999.0 -9999.0 -9999.0 -9999.0 -9999.0 -9999.0 -9999.0 -9999.0 -9999.0 -9999.0 -9999.0 -9999.0 -9999.0 -9999.0
0.247153 0.246182 0.244879 0.244827 0.245096 0.244833 0.244145 0.244832 0.245650 0.246286 0.247363 0.246943 0.246987 0.247422 0.247548 0.247378 0.246897 0.246655 0.246328 0.247139 0.245556 0.243506 0.241936 0.241665 0.243188 0.243995 0.243666 0.244308 0.245822 0.246999 0.247071 0.248517 0.247811 0.248317 0.249504 0.248613 0.248561 0.248939 0.249635 0.247248 -9999.0 -9999.0 -9999.0 -9999.0 -9999.0 -9999.0 -9999.0 -9999.0 -9999.0 -9999.0 -9999.0 -9999.0 -9999.0 -9999.0 -9999.0 -9999.0 -9999.0 -9999.0 -9999.0 -9999.0 -9999.0 -9999.0 -9999.0
0.243817 0.242172 0.241957 0.240675 0.240083 0.239929 0.239321 0.239612 0.241734 0.243168 0.243442 0.242936 0.242623 0.242037 0.241670 0.241834 0.241359 0.240957 0.240506 0.240771 0.242431 0.240876 0.240167 0.239371 0.238386 0.238655 0.238868 0.238880 0.240817 0.241307 0.241497 0.243994 0.246326 0.246780 0.245657 0.244596 0.245149 0.245377 0.244627 0.243965 0.244519 0.244273 0.244270 0.243332 0.244803 0.244456 0.245904 0.246992 0.248235 0.250409 -9999.0 -9999.0 -9999.0 -9999.0 -9999.0 -9999.0 -9999.0 -9999.0 -9999.0 -9999.0 -9999.0 -9999.0 -9999.0
0.241446 0.240950 0.239686 0.237548 0.239814 0.239419 0.239138 0.239452 0.240113 0.240393 0.240664 0.241003 0.242865 0.242556 0.242344 0.242472 0.242179 0.241605 0.241766 0.241512 0.239835 0.240185 0.240634 0.240189 0.241817 0.241832 0.242898 0.239916 0.240313 0.240781 0.240976 0.240949 0.240993 0.241342 0.240037 0.241173 0.240448 0.238571 0.238532 0.239164 0.241403 0.242597 0.241626 0.237516 0.239639 0.244055 0.243403 0.242368 0.244229 0.245985 0.248903 0.248302 0.248011 0.248396 0.249194 0.247002 0.245906 0.245282 0.241911 -9999.0 -9999.0 -9999.0 -9999.0
0.241368 0.239891 0.237954 0.241451 0.242641 0.241648 0.241984 0.243024 0.243203 0.238751 0.237594 0.239109 0.240609 0.241158 0.240243 0.239812 0.238991 0.239071 0.239658 0.239268 0.239985 0.240511 0.239524 0.240497 0.241627 0.242916 0.240268 0.237933 0.238113 0.240095 0.241398 0.241822 0.243590 0.246708 0.246130 0.245603 0.245721 0.246126 0.242775 0.239578 0.238350 0.237854 0.236899 0.237948 0.237083 0.240699 0.240269 0.239543 0.241063 0.242032 0.243414 0.244469 0.244248 0.244753 0.245506 0.245164 0.243763 0.243322 0.243305 0.242329 0.239599 0.233684 0.234162
0.236965 0.236847 0.239748 0.240898 0.243328 0.241903 0.241852 0.241735 0.238952 0.237025 0.235565 0.239895 0.243134 0.243946 0.242715 0.241585 0.244706 0.243763 0.243558 0.241735 0.242343 0.241647 0.244702 0.245634 0.247236 0.246551 0.243499 0.240976 0.240998 0.241286 0.240835 0.241370 0.243016 0.245267 0.243254 0.242871 0.243981 0.239036 0.235408 0.234485 0.238108 0.240194 0.239982 0.240466 0.240848 0.238479 0.239126 0.239427 0.238149 0.240690 0.243210 0.243356 0.240950 0.240193 0.241530 0.241661 0.242333 0.241702 0.240952 0.240628 0.235173 0.237436 0.234275
0.242096 0.242925 0.243873 0.245996 0.251056 0.249004 0.248910 0.250812 0.247919 0.245427 0.240994 0.246009 0.246496 0.247551 0.246620 0.249849 0.252703 0.250508 0.247869 0.244442 0.246315 0.250209 0.253609 0.253906 0.253965 0.254650 0.252005 0.251852 0.251717 0.252471 0.250655 0.250653 0.253201 0.257995 0.258750 0.257349 0.253797 0.247591 0.241824 0.238882 0.244156 0.242872 0.242436 0.243643 0.241063 0.239770 0.242674 0.240560 0.238905 0.242588 0.242683 0.241948 0.238748 0.242656 0.242324 0.239696 0.238194 0.237655 0.237287 0.236091 0.237832 0.237140 0.234553
0.241149 0.241621 0.244859 0.249022 0.253530 0.254966 0.256088 0.259412 0.257391 0.255527 0.252888 0.253751 0.257133 0.259737 0.262607 0.265892 0.270043 0.267551 0.264353 0.264089 0.264668 0.269760 0.273786 0.274630 0.275063 0.277552 0.276213 0.273849 0.271004 0.268047 0.265314 0.262307 0.267314 0.272148 0.272057 0.264621 0.260280 0.254235 0.247923 0.240016 0.241474 0.243814 0.246084 0.243059 0.242274 0.239892 0.239880 0.240833 0.237503 0.239622 0.239758 0.242004 0.245797 0.246976 0.244052 0.242884 0.241447 0.239765 0.238336 0.240034 0.240788 0.239217 0.237516
0.263967 0.263784 0.265477 0.273060 0.284395 0.294235 0.305877 0.308169 0.302465 0.297297 0.290357 0.286098 0.290743 0.295334 0.301557 0.310029 0.317184 0.322108 0.322658 0.322992 0.323866 0.324473 0.326272 0.329173 0.332511 0.336259 0.338057 0.334612 0.330355 0.325069 0.319419 0.316480 0.312870 0.313336 0.313150 0.305882 0.294757 0.285316 0.274985 0.266853 0.260409 0.263948 0.260749 0.258438 0.255979 0.247499 0.246340 0.246032 0.238082 0.237519 0.240065 0.243379 0.246243 0.241622 0.240232 0.239127 0.237738 0.235515 0.237222 0.239157 0.239916 0.239546 0.239651
0.299652 0.302796 0.308028 0.323628 0.339891 0.355482 0.366738 0.368717 0.366786 0.361526 0.355148 0.349611 0.348864 0.355377 0.364980 0.369534 0.369864 0.369908 0.369910 0.369913 0.369918 0.369926 0.369930 0.369941 0.369954 0.369970 0.369983 0.369980 0.369958 0.369934 0.369884 0.369826 0.369653 0.368794 0.368013 0.366761 0.356758 0.344382 0.330409 0.313526 0.298945 0.289694 0.283848 0.279459 0.266952 0.257215 0.249538 0.243935 0.237717 0.237363 0.247099 0.256273 0.251848 0.251166 0.249647 0.246200 0.243599 0.239457 0.240828 0.241991 0.241676 0.241238 0.240633
0.363529 0.367658 0.369582 0.369877 0.369977 0.369998 0.370000 0.370000 0.370000 0.369999 0.369997 0.369994 0.369993 0.369997 0.370000 0.370000 0.370000 0.370000 0.370000 0.370000 0.370000 0.370000 0.370000 0.370000 0.370000 0.370000 0.370000 0.370000 0.370000 0.370000 0.370000 0.370000 0.370000 0.370000 0.370000 0.370000 0.369999 0.369993 0.369946 0.369316 0.357338 0.343013 0.336605 0.331084 0.326703 0.310652 0.301177 0.287848 0.274909 0.262808 0.275341 0.269520 0.267088 0.263882 0.258580 0.254621 0.251229 0.246894 0.247312 0.248028 0.247330 0.247493 0.246740
0.370000 0.370000 0.370000 0.370000 0.370000 0.370000 0.370000 0.370000 0.370000 0.370000 0.370000 0.370000 0.370000 0.370000 0.370000 0.370000 0.370000 0.370000 0.370000 0.370000 0.370000 0.370000 0.370000 0.370000 0.370000 0.370000 0.370000 0.370000 0.370000 0.370000 0.370000 0.370000 0.370000 0.370000 0.370000 0.370000 0.370000 0.370000 0.370000 0.370000 0.369998 0.369987 0.369968 0.369943 0.369910 0.369805 0.368697 0.357303 0.338762 0.319541 0.304165 0.297617 0.293019 0.284038 0.275460 0.270603 0.261937 0.254511 0.250504 0.251050 0.251292 0.250872 0.249499
0.370000 0.370000 0.370000 0.370000 0.370000 0.370000 0.370000 0.370000 0.370000 0.370000 0.370000 0.370000 0.370000 0.370000 0.370000 0.370000 0.370000 0.370000 0.370000 0.370000 0.370000 0.370000 0.370000 0.370000 0.370000 0.370000 0.370000 0.370000 0.370000 0.370000 0.370000 0.370000 0.370000 0.370000 0.370000 0.370000 0.370000 0.370000 0.370000 0.370000 0.370000 0.370000 0.370000 0.370000 0.370000 0.370000 0.370000 0.369998 0.369980 0.369762 0.363690 0.352376 0.343447 0.332738 0.324615 0.317865 0.299357 0.284388 0.274969 0.272767 0.267160 0.262357 0.259706
0.370000 0.370000 0.370000 0.370000 0.370000 0.370000 0.370000 0.370000 0.370000 0.370000 0.370000 0.370000 0.370000 0.370000 0.370000 0.370000 0.370000 0.370000 0.370000 0.370000 0.370000 0.370000 0.370000 0.370000 0.370000 0.370000 0.370000 0.370000 0.370000 0.370000 0.370000 0.370000 0.370000 0.370000 0.370000 0.370000 0.370000 0.370000 0.370000 0.370000 0.370000 0.370000 0.370000 0.370000 0.370000 0.370000 0.370000 0.370000 0.370000 0.370000 0.370000 0.369994 0.369983 0.369967 0.369931 0.369658 0.361008 0.339692 0.321860 0.306978 0.293882 0.285739 0.279431
0.370000 0.370000 0.370000 0.370000 0.370000 0.370000 0.370000 0.370000 0.370000 0.370000 0.370000 0.370000 0.370000 0.370000 0.370000 0.370000 0.370000 0.370000 0.370000 0.370000 0.370000 0.370000 0.370000 0.370000 0.370000 0.370000 0.370000 0.370000 0.370000 0.370000 0.370000 0.370000 0.370000 0.370000 0.370000 0.370000 0.370000 0.370000 0.370000 0.370000 0.370000 0.370000 0.370000 0.370000 0.370000 0.370000 0.370000 0.370000 0.370000 0.370000 0.370000 0.370000 0.370000 0.370000 0.370000 0.370000 0.369999 0.369967 0.369559 0.359872 0.342329 0.327306 0.311945
0.370000 0.370000 0.370000 0.370000 0.370000 0.370000 0.370000 0.370000 0.370000 0.370000 0.370000 0.370000 0.370000 0.370000 0.370000 0.370000 0.370000 0.370000 0.370000 0.370000 0.370000 0.370000 0.370000 0.370000 0.370000 0.370000 0.370000 0.370000 0.370000 0.370000 0.370000 0.370000 0.370000 0.370000 0.370000 0.370000 0.370000 0.370000 0.370000 0.370000 0.370000 0.370000 0.370000 0.370000 0.370000 0.370000 0.370000 0.370000 0.370000 0.370000 0.370000 0.370000 0.370000 0.370000 0.370000 0.370000 0.370000 0.370000 0.370000 0.369998 0.369966 0.369676 0.362953
0.370000 0.370000 0.370000 0.370000 0.370000 0.370000 0.370000 0.370000 0.370000 0.370000 0.370000 0.370000 0.370000 0.370000 0.370000 0.370000 0.370000 0.370000 0.370000 0.370000 0.370000 0.370000 0.370000 0.370000 0.370000 0.370000 0.370000 0.370000 0.370000 0.370000 0.370000 0.370000 0.370000 0.370000 0.370000 0.370000 0.370000 0.370000 0.370000 0.370000 0.370000 0.370000 0.370000 0.370000 0.370000 0.370000 0.370000 0.370000 0.370000 0.370000 0.370000 0.370000 0.370000 0.370000 0.370000 0.370000 0.370000 0.370000 0.370000 0.370000 0.370000 0.370000 0.369999
0.370000 0.370000 0.370000 0.370000 0.370000 0.370000 0.370000 0.370000 0.370000 0.370000 0.370000 0.370000 0.370000 0.370000 0.370000 0.370000 0.370000 0.370000 0.370000 0.370000 0.370000 0.370000 0.370000 0.369999 0.369997 0.369997 0.369998 0.370000 0.370000 0.370000 0.370000 0.370000 0.370000 0.370000 0.370000 0.370000 0.370000 0.370000 0.370000 0.370000 0.370000 0.370000 0.370000 0.370000 0.370000 0.370000 0.370000 0.370000 0.370000 0.370000 0.370000 0.370000 0.370000 0.370000 0.370000 0.370000 0.370000 0.370000 0.370000 0.370000 0.370000 0.370000 0.370000
0.370000 0.370000 0.370000 0.370000 0.370000 0.370000 0.370000 0.369999 0.369996 0.369993 0.369988 0.369984 0.369977 0.369956 0.369903 0.369686 0.368309 0.365489 0.364297 0.368183 0.369120 0.368463 0.364995 0.359706 0.356417 0.355069 0.358527 0.367220 0.369705 0.369903 0.369935 0.369927 0.369946 0.369959 0.369960 0.369982 0.369994 0.369999 0.370000 0.370000 0.370000 0.370000 0.370000 0.370000 0.370000 0.370000 0.370000 0.370000 0.370000 0.370000 0.370000 0.370000 0.370000 0.370000 0.370000 0.370000 0.370000 0.370000 0.370000 0.370000 0.370000 0.370000 0.370000
0.370000 0.370000 0.370000 0.369995 0.369942 0.369720 0.366623 0.359809 0.355500 0.347364 0.342398 0.338558 0.338157 0.331881 0.322983 0.314254 0.309078 0.306445 0.302525 0.303526 0.306211 0.309121 0.303176 0.299465 0.299719 0.298155 0.297698 0.304814 0.315392 0.320903 0.324649 0.327069 0.327661 0.328169 0.336648 0.342562 0.350356 0.363367 0.369628 0.369946 0.369987 0.369997 0.370000 0.370000 0.370000 0.370000 0.370000 0.370000 0.370000 0.370000 0.370000 0.370000 0.370000 0.370000 0.370000 0.370000 0.370000 0.370000 0.370000 0.370000 0.370000 0.370000 0.370000
0.369981 0.369943 0.369148 0.350340 0.331544 0.320270 0.306851 0.300800 0.294276 0.284059 0.278192 0.279272 0.282003 0.280186 0.275069 0.271284 0.269028 0.266746 0.262993 0.260720 0.263611 0.265877 0.265415 0.265302 0.266277 0.266042 0.265424 0.264293 0.268481 0.270624 0.272978 0.274364 0.274279 0.282097 0.289135 0.293144 0.300346 0.309721 0.323762 0.336583 0.346980 0.356465 0.367993 0.369838 0.369975 0.369997 0.370000 0.370000 0.370000 0.370000 0.370000 0.370000 0.370000 0.370000 0.370000 0.370000 0.370000 0.370000 0.370000 0.370000 0.370000 0.370000 0.370000
0.344838 0.332938 0.313234 0.292166 0.282451 0.276246 0.270681 0.265786 0.260037 0.254562 0.250886 0.254462 0.255810 0.258914 0.255123 0.252384 0.252377 0.249845 0.247736 0.244145 0.247228 0.248044 0.251396 0.250694 0.250520 0.252055 0.251184 0.250903 0.248196 0.250330 0.250979 0.251682 0.256972 0.261314 0.265605 0.268880 0.272479 0.277544 0.284349 0.291867 0.300526 0.307819 0.317977 0.331202 0.343488 0.357671 0.369351 0.369933 0.369989 0.369999 0.370000 0.370000 0.370000 0.370000 0.370000 0.370000 0.370000 0.370000 0.370000 0.370000 0.370000 0.370000 0.370000
0.281834 0.274041 0.262233 0.258691 0.256876 0.253563 0.251338 0.249839 0.246135 0.243809 0.239027 0.241202 0.243790 0.247800 0.244475 0.244332 0.245429 0.243832 0.242189 0.238945 0.239366 0.241804 0.244741 0.244219 0.244648 0.246415 0.246497 0.245113 0.242052 0.242558 0.244028 0.245191 0.247972 0.250259 0.252412 0.254046 0.256808 0.260143 0.263704 0.268499 0.274451 0.277788 0.284405 0.292782 0.300963 0.307498 0.319903 0.335474 0.346627 0.360451 0.369485 0.369921 0.369993 0.370000 0.370000 0.370000 0.370000 0.370000 0.370000 0.370000 0.370000 0.370000 0.370000
0.249448 0.245372 0.245132 0.244419 0.242936 0.241765 0.240337 0.239022 0.238090 0.236041 0.230976 0.233236 0.236085 0.239429 0.239563 0.239290 0.239736 0.239172 0.237026 0.232813 0.234561 0.236865 0.238887 0.239349 0.239588 0.240947 0.239904 0.237868 0.234785 0.235964 0.237982 0.238776 0.239767 0.241433 0.243175 0.244805 0.246722 0.248510 0.251234 0.254309 0.257858 0.261926 0.266577 0.272697 0.274529 0.277730 0.281297 0.288017 0.295085 0.304912 0.318877 0.332296 0.351532 0.369406 0.369979 0.370000 0.370000 0.370000 0.370000 0.370000 0.370000 0.370000 0.370000
0.244194 0.241641 0.240285 0.239155 0.240657 0.240326 0.238264 0.238873 0.237966 0.233841 0.235678 0.236889 0.240365 0.239509 0.239286 0.238462 0.239130 0.238688 0.234483 0.236759 0.237546 0.239807 0.239956 0.240265 0.240514 0.240868 0.240387 0.237406 0.238083 0.238715 0.240683 0.240335 0.240756 0.242771 0.242840 0.243648 0.244993 0.246344 0.247987 0.250056 0.253357 0.256773 0.260176 0.260359 0.262615 0.264579 0.261130 0.265346 0.268582 0.271884 0.278287 0.284983 0.296723 0.318955 0.344671 0.368594 0.369943 0.369999 0.370000 0.370000 0.370000 0.370000 0.370000
0.238079 0.235976 0.233595 0.235582 0.236100 0.236240 0.235992 0.235381 0.233621 0.236154 0.236493 0.236277 0.235945 0.235882 0.236162 0.235743 0.235507 0.235666 0.237486 0.237673 0.236974 0.237471 0.237803 0.238223 0.237411 0.237517 0.237542 0.238201 0.238072 0.237462 0.238334 0.238394 0.238395 0.239047 0.239320 0.239715 0.240867 0.241461 0.242297 0.244386 0.247129 0.248746 0.248211 0.249765 0.250392 0.248560 0.247057 0.249378 0.251378 0.252629 0.256793 0.260507 0.263663 0.277008 0.294085 0.317279 0.338635 0.360986 0.369660 0.369976 0.369999 0.370000 0.370000
0.237078 0.235066 0.234963 0.236440 0.236737 0.236884 0.235553 0.234275 0.235831 0.236412 0.236335 0.235749 0.236344 0.236556 0.237334 0.236558 0.236177 0.236386 0.236539 0.236354 0.236843 0.237122 0.237301 0.239060 0.237945 0.237800 0.238409 0.238081 0.237826 0.237228 0.238322 0.238559 0.238436 0.239198 0.239454 0.239700 0.240127 0.241101 0.243531 0.245057 0.247342 0.249615 0.249601 0.249805 0.248985 0.248535 0.245324 0.245194 0.248442 0.247120 0.248995 0.252634 0.251311 0.259231 0.270483 0.277468 0.288663 0.303660 0.327967 0.344690 0.365434 0.369840 0.369993
0.234943 0.235475 0.234511 0.234991 0.234989 0.234325 0.233479 0.234675 0.234624 0.234531 0.234622 0.234293 0.234859 0.235283 0.235724 0.235445 0.235390 0.234529 0.234457 0.235244 0.235246 0.235647 0.236618 0.237983 0.236917 0.236673 0.236636 0.236233 0.236233 0.235614 0.236526 0.237158 0.237193 0.238262 0.238518 0.237430 0.238381 0.240256 0.242016 0.242869 0.244723 0.248420 0.246623 0.246354 0.247056 0.244547 0.241486 0.241628 0.242667 0.241546 0.243627 0.244473 0.243454 0.248030 0.250997 0.254590 0.260534 0.271983 0.286812 0.297269 0.313512 0.333946 0.352986
