tests/Borden05m/sims/sim_1/output-maps/thetaliqL0005N0016.asc
ncols         160
nrows         34
xllcorner     620200.000000
yllcorner     5168000.000000
cellsize      0.500000
NODATA_value  -9999.0
[rows 0 to 27 of 34, columns 0 to 62 of 160]
-9999.0 -9999.0 -9999.0 -9999.0 -9999.0 -9999.0 -9999.0 -9999.0 -9999.0 -9999.0 -9999.0 -9999.0 -9999.0 -9999.0 -9999.0 -9999.0 -9999.0 -9999.0 -9999.0 -9999.0 -9999.0 -9999.0 -9999.0 -9999.0 -9999.0 -9999.0 -9999.0 -9999.0 -9999.0 -9999.0 -9999.0 -9999.0 -9999.0 -9999.0 -9999.0 -9999.0 -9999.0 -9999.0 -9999.0 -9999.0 -9999.0 -9999.0 -9999.0 -9999.0 -9999.0 -9999.0 -9999.0 -9999.0 -9999.0 -9999.0 -9999.0 -9999.0 -9999.0 -9999.0 -9999.0 -9999.0 -9999.0 -9999.0 -9999.0 -9999.0 -9999.0 -9999.0 -9999.0
-9999.0 -9999.0 -9999.0 -9999.0 -9999.0 -9999.0 -9999.0 -9999.0 -9999.0 -9999.0 -9999.0 -9999.0 -9999.0 -9999.0 -9999.0 -9999.0 -9999.0 -9999.0 -9999.0 -9999.0 -9999.0 -9999.0 -9999.0 -9999.0 -9999.0 -9999.0 -9999.0 -9999.0 -9999.0 -9999.0 -9999.0 -9999.0 -9999.0 -9999.0 -9999.0 -9999.0 -9999.0 -9999.0 -9999.0 -9999.0 -9999.0 -9999.0 -9999.0 -9999.0 -9999.0 -9999.0 -9999.0 -9999.0 -9999.0 -9999.0 -9999.0 -9999.0 -9999.0 -9999.0 -9999.0 -9999.0 -9999.0 -9999.0 -9999.0 0.159872 0.156752 0.154132 0.152068
-9999.0 -9999.0 -9999.0 -9999.0 -9999.0 -9999.0 -9999.0 -9999.0 -9999.0 -9999.0 -9999.0 -9999.0 -9999.0 -9999.0 -9999.0 -9999.0 -9999.0 -9999.0 -9999.0 -9999.0 -9999.0 -9999.0 -9999.0 -9999.0 -9999.0 -9999.0 -9999.0 -9999.0 -9999.0 -9999.0 -9999.0 -9999.0 -9999.0 -9999.0 -9999.0 -9999.0 -9999.0 -9999.0 -9999.0 -9999.0 -9999.0 -9999.0 -9999.0 -9999.0 -9999.0 -9999.0 -9999.0 0.122378 0.116516 0.110619 0.109449 0.116327 0.121519 0.127182 0.132201 0.137277 0.143672 0.152536 0.153177 0.144957 0.143137 0.142098 0.141676
-9999.0 -9999.0 -9999.0 -9999.0 -9999.0 -9999.0 -9999.0 -9999.0 -9999.0 -9999.0 -9999.0 -9999.0 -9999.0 -9999.0 -9999.0 -9999.0 -9999.0 -9999.0 -9999.0 -9999.0 -9999.0 -9999.0 -9999.0 -9999.0 -9999.0 -9999.0 -9999.0 -9999.0 -9999.0 -9999.0 -9999.0 -9999.0 -9999.0 -9999.0 -9999.0 -9999.0 -9999.0 -9999.0 -9999.0 -9999.0 0.129729 0.132502 0.134233 0.129624 0.126547 0.124772 0.119340 0.114296 0.109845 0.110222 0.110512 0.109467 0.115055 0.120855 0.124885 0.128858 0.134993 0.143648 0.144061 0.137530 0.133356 0.131741 0.132101
-9999.0 -9999.0 -9999.0 -9999.0 -9999.0 -9999.0 -9999.0 -9999.0 -9999.0 -9999.0 -9999.0 -9999.0 -9999.0 -9999.0 -9999.0 -9999.0 -9999.0 -9999.0 -9999.0 -9999.0 -9999.0 -9999.0 -9999.0 -9999.0 -9999.0 -9999.0 -9999.0 -9999.0 -9999.0 -9999.0 -9999.0 -9999.0 -9999.0 -9999.0 0.109707 0.114379 0.117862 0.121600 0.126046 0.126410 0.126853 0.129290 0.127250 0.126249 0.122754 0.117173 0.111905 0.108773 0.109841 0.109028 0.109488 0.112276 0.115196 0.117837 0.123063 0.130458 0.130636 0.134036 0.134223 0.131569 0.132956 0.134296 0.135286
-9999.0 -9999.0 -9999.0 -9999.0 -9999.0 -9999.0 -9999.0 -9999.0 -9999.0 -9999.0 -9999.0 -9999.0 -9999.0 -9999.0 -9999.0 -9999.0 -9999.0 -9999.0 -9999.0 -9999.0 -9999.0 -9999.0 -9999.0 -9999.0 -9999.0 -9999.0 -9999.0 -9999.0 0.114603 0.112786 0.111356 0.111228 0.110658 0.108987 0.109253 0.110796 0.114345 0.119562 0.121778 0.122505 0.123688 0.123175 0.120724 0.120132 0.121846 0.118338 0.115845 0.113308 0.109508 0.108760 0.111224 0.114309 0.117715 0.120234 0.122946 0.125515 0.128714 0.137454 0.140567 0.136662 0.133893 0.132350 0.132687
-9999.0 -9999.0 -9999.0 -9999.0 -9999.0 -9999.0 -9999.0 -9999.0 -9999.0 -9999.0 -9999.0 -9999.0 -9999.0 -9999.0 -9999.0 -9999.0 -9999.0 -9999.0 -9999.0 -9999.0 -9999.0 -9999.0 -9999.0 0.109864 0.111471 0.112454 0.114102 0.113639 0.110901 0.108940 0.108022 0.107366 0.106119 0.106348 0.107096 0.109122 0.111375 0.116448 0.116380 0.116595 0.120518 0.120266 0.122259 0.124481 0.123683 0.123505 0.118552 0.115116 0.118107 0.119916 0.120685 0.121253 0.124110 0.128007 0.132964 0.140066 0.148809 0.157168 0.167111 0.161760 0.156469 0.149165 0.149446
-9999.0 -9999.0 -9999.0 -9999.0 -9999.0 -9999.0 -9999.0 -9999.0 -9999.0 -9999.0 -9999.0 -9999.0 -9999.0 -9999.0 -9999.0 -9999.0 -9999.0 -9999.0 -9999.0 0.108025 0.107728 0.107121 0.107686 0.105687 0.105014 0.106106 0.107827 0.107332 0.106043 0.104928 0.105127 0.105434 0.105532 0.107975 0.110512 0.112416 0.113777 0.118471 0.121223 0.124631 0.130632 0.128095 0.125154 0.123627 0.123480 0.122979 0.125826 0.127018 0.128114 0.129085 0.130507 0.132662 0.135157 0.142057 0.149976 0.158310 0.167115 0.177123 0.190222 0.186526 0.177057 0.167942 0.167992
-9999.0 -9999.0 -9999.0 -9999.0 -9999.0 -9999.0 -9999.0 -9999.0 -9999.0 -9999.0 -9999.0 -9999.0 -9999.0 -9999.0 -9999.0 -9999.0 0.105906 0.105813 0.105100 0.104141 0.103215 0.103426 0.104680 0.103268 0.103053 0.103861 0.103618 0.104948 0.106316 0.107843 0.108757 0.107917 0.108811 0.109620 0.110782 0.113125 0.118215 0.123752 0.127015 0.131707 0.138076 0.136230 0.135032 0.135146 0.134185 0.136892 0.145707 0.146487 0.145611 0.155847 0.162853 0.163523 0.165273 0.174726 0.189346 0.209346 0.239344 0.262137 0.283659 0.291365 0.276930 0.273381 0.279192
-9999.0 -9999.0 -9999.0 -9999.0 -9999.0 -9999.0 -9999.0 -9999.0 -9999.0 -9999.0 -9999.0 -9999.0 -9999.0 0.103226 0.103232 0.103883 0.102233 0.100823 0.100133 0.099268 0.101449 0.100561 0.100606 0.101334 0.103417 0.104047 0.104894 0.106705 0.107136 0.107358 0.107625 0.107515 0.110081 0.113022 0.115915 0.120602 0.125557 0.130736 0.137424 0.141327 0.146450 0.146849 0.144304 0.144074 0.147557 0.157138 0.166856 0.173194 0.188963 0.207619 0.219620 0.232049 0.239985 0.250811 0.271626 0.312120 0.342071 0.355030 0.359850 0.362857 0.363067 0.363561 0.364036
-9999.0 -9999.0 -9999.0 -9999.0 -9999.0 -9999.0 -9999.0 -9999.0 -9999.0 -9999.0 0.098633 0.099743 0.098093 0.095516 0.094628 0.095629 0.096754 0.096153 0.096704 0.100335 0.102820 0.100489 0.103149 0.103849 0.103254 0.104342 0.106125 0.107435 0.110853 0.112309 0.113885 0.119555 0.122791 0.126311 0.130688 0.135969 0.142134 0.155575 0.168977 0.174054 0.190656 0.201886 0.196373 0.194790 0.199041 0.214137 0.238315 0.269574 0.297215 0.325353 0.341659 0.349277 0.353645 0.357618 0.361251 0.365189 0.367744 0.368894 0.369470 0.369676 0.369737 0.369765 0.369801
-9999.0 -9999.0 -9999.0 -9999.0 -9999.0 -9999.0 -9999.0 -9999.0 0.094021 0.095666 0.096811 0.095518 0.093837 0.091231 0.092575 0.094074 0.095352 0.097079 0.098320 0.099665 0.099989 0.101937 0.105011 0.105492 0.106691 0.109223 0.110668 0.113787 0.118197 0.119701 0.123848 0.129490 0.135035 0.140468 0.146681 0.152897 0.167846 0.189312 0.214306 0.237719 0.267042 0.295991 0.297824 0.302469 0.308855 0.333487 0.351255 0.360619 0.364879 0.367115 0.368481 0.368981 0.369236 0.369477 0.369684 0.369809 0.369918 0.369978 0.369996 0.369999 0.370000 0.370000 0.370000
-9999.0 -9999.0 -9999.0 -9999.0 -9999.0 -9999.0 0.091237 0.094990 0.097068 0.093208 0.090518 0.089650 0.088278 0.091739 0.095387 0.096631 0.097806 0.099183 0.099712 0.098658 0.105905 0.105835 0.106275 0.109791 0.111233 0.113061 0.116348 0.122228 0.127544 0.139599 0.151580 0.163705 0.178139 0.189460 0.201472 0.216408 0.247480 0.289214 0.327012 0.347577 0.357827 0.363481 0.364896 0.365554 0.366249 0.367375 0.368653 0.369395 0.369793 0.369940 0.369981 0.369989 0.369994 0.369997 0.369999 0.370000 0.370000 0.370000 0.370000 0.370000 0.370000 0.370000 0.370000
-9999.0 -9999.0 -9999.0 -9999.0 0.092035 0.093220 0.093188 0.096971 0.099907 0.095121 0.096922 0.096158 0.094716 0.093233 0.091752 0.093766 0.095368 0.096840 0.097793 0.105024 0.113208 0.112335 0.118073 0.127598 0.129087 0.132409 0.135873 0.143556 0.156291 0.174298 0.209653 0.247425 0.275289 0.300737 0.321521 0.340257 0.354891 0.363161 0.366680 0.368437 0.369289 0.369658 0.369799 0.369854 0.369905 0.369946 0.369978 0.369995 0.370000 0.370000 0.370000 0.370000 0.370000 0.370000 0.370000 0.370000 0.370000 0.370000 0.370000 0.370000 0.370000 0.370000 0.370000
-9999.0 -9999.0 -9999.0 0.089277 0.093015 0.095074 0.094317 0.095941 0.099733 0.097610 0.097569 0.097526 0.097673 0.098213 0.098676 0.100542 0.101660 0.101960 0.104343 0.110900 0.117122 0.125484 0.134151 0.145381 0.155350 0.161774 0.169250 0.184192 0.216730 0.258436 0.315373 0.350788 0.361472 0.365013 0.366610 0.368005 0.368875 0.369558 0.369850 0.369957 0.369991 0.369998 0.370000 0.370000 0.370000 0.370000 0.370000 0.370000 0.370000 0.370000 0.370000 0.370000 0.370000 0.370000 0.370000 0.370000 0.370000 0.370000 0.370000 0.370000 0.370000 0.370000 0.370000
-9999.0 -9999.0 0.089072 0.091329 0.090760 0.094140 0.098423 0.097939 0.103241 0.105957 0.103257 0.106523 0.108982 0.107901 0.110953 0.114428 0.116631 0.114523 0.114530 0.124010 0.144195 0.167125 0.188324 0.240899 0.273893 0.294052 0.305170 0.327363 0.347753 0.361265 0.366713 0.368938 0.369659 0.369884 0.369933 0.369967 0.369991 0.369998 0.370000 0.370000 0.370000 0.370000 0.370000 0.370000 0.370000 0.370000 0.370000 0.370000 0.370000 0.370000 0.370000 0.370000 0.370000 0.370000 0.370000 0.370000 0.370000 0.370000 0.370000 0.370000 0.370000 0.370000 0.370000
-9999.0 -9999.0 0.086907 0.090170 0.088988 0.095041 0.102569 0.099973 0.104269 0.113109 0.113861 0.117392 0.119944 0.123781 0.130526 0.140522 0.138596 0.137965 0.133282 0.160213 0.197703 0.265710 0.338428 0.359678 0.365181 0.365985 0.366461 0.367555 0.368653 0.369610 0.369941 0.369997 0.370000 0.370000 0.370000 0.370000 0.370000 0.370000 0.370000 0.370000 0.370000 0.370000 0.370000 0.370000 0.370000 0.370000 0.370000 0.370000 0.370000 0.370000 0.370000 0.370000 0.370000 0.370000 0.370000 0.370000 0.370000 0.370000 0.370000 0.370000 0.370000 0.370000 0.370000
-9999.0 0.085469 0.087187 0.087878 0.091780 0.092559 0.099594 0.110969 0.115761 0.123618 0.128524 0.129954 0.157604 0.190043 0.208471 0.236943 0.229908 0.223153 0.211948 0.252888 0.317024 0.360547 0.369222 0.369871 0.369970 0.369977 0.369974 0.369988 0.369998 0.370000 0.370000 0.370000 0.370000 0.370000 0.370000 0.370000 0.370000 0.370000 0.370000 0.370000 0.370000 0.370000 0.370000 0.370000 0.370000 0.370000 0.370000 0.370000 0.370000 0.370000 0.370000 0.370000 0.370000 0.370000 0.370000 0.370000 0.370000 0.370000 0.370000 0.370000 0.370000 0.370000 0.370000
-9999.0 0.081785 0.086775 0.090704 0.090514 0.090377 0.103625 0.132451 0.133765 0.139416 0.147445 0.177672 0.262609 0.326589 0.347714 0.358784 0.358431 0.355722 0.356135 0.362901 0.367766 0.369755 0.370000 0.370000 0.370000 0.370000 0.370000 0.370000 0.370000 0.370000 0.370000 0.370000 0.370000 0.370000 0.370000 0.370000 0.370000 0.370000 0.370000 0.370000 0.370000 0.370000 0.370000 0.370000 0.370000 0.370000 0.370000 0.370000 0.370000 0.370000 0.370000 0.370000 0.370000 0.370000 0.370000 0.370000 0.370000 0.370000 0.370000 0.370000 0.370000 0.370000 0.370000
-9999.0 0.085137 0.091963 0.090726 0.086800 0.097405 0.108135 0.135819 0.167716 0.178659 0.225077 0.323580 0.360283 0.367679 0.369144 0.369542 0.369695 0.369673 0.369842 0.369983 0.370000 0.370000 0.370000 0.370000 0.370000 0.370000 0.370000 0.370000 0.370000 0.370000 0.370000 0.370000 0.370000 0.370000 0.370000 0.370000 0.370000 0.370000 0.370000 0.370000 0.370000 0.370000 0.370000 0.370000 0.370000 0.370000 0.370000 0.370000 0.370000 0.370000 0.370000 0.370000 0.370000 0.370000 0.370000 0.370000 0.370000 0.370000 0.370000 0.370000 0.370000 0.370000 0.370000
-9999.0 0.079072 0.086461 0.080837 0.091001 0.106443 0.113390 0.161188 0.241465 0.286086 0.353172 0.366973 0.369603 0.369942 0.369992 0.370000 0.370000 0.370000 0.370000 0.370000 0.370000 0.370000 0.370000 0.370000 0.370000 0.370000 0.370000 0.370000 0.370000 0.370000 0.370000 0.370000 0.370000 0.370000 0.370000 0.370000 0.370000 0.370000 0.370000 0.370000 0.370000 0.370000 0.370000 0.370000 0.370000 0.370000 0.370000 0.370000 0.370000 0.370000 0.370000 0.370000 0.370000 0.370000 0.370000 0.370000 0.370000 0.370000 0.370000 0.369999 0.369997 0.369988 0.369986
-9999.0 0.075836 0.079642 0.083419 0.093536 0.105745 0.125580 0.187581 0.321880 0.360613 0.368278 0.369433 0.369927 0.369998 0.370000 0.370000 0.370000 0.370000 0.370000 0.370000 0.370000 0.370000 0.370000 0.370000 0.370000 0.370000 0.370000 0.370000 0.370000 0.370000 0.370000 0.370000 0.370000 0.370000 0.370000 0.370000 0.370000 0.370000 0.370000 0.370000 0.370000 0.370000 0.370000 0.370000 0.370000 0.370000 0.370000 0.370000 0.370000 0.370000 0.370000 0.370000 0.370000 0.370000 0.370000 0.369999 0.369996 0.369981 0.369950 0.369879 0.369631 0.369440 0.369281
-9999.0 0.071360 0.080974 0.083104 0.088749 0.092557 0.099509 0.131590 0.216514 0.356916 0.369642 0.369844 0.369932 0.369989 0.370000 0.370000 0.370000 0.370000 0.370000 0.370000 0.370000 0.370000 0.370000 0.370000 0.370000 0.370000 0.370000 0.370000 0.370000 0.370000 0.370000 0.370000 0.370000 0.370000 0.370000 0.370000 0.370000 0.370000 0.370000 0.370000 0.370000 0.370000 0.369999 0.369999 0.369999 0.369999 0.369998 0.369996 0.369991 0.369983 0.369974 0.369965 0.369954 0.369935 0.369906 0.369863 0.369689 0.369416 0.368940 0.367760 0.364796 0.360757 0.358226
-9999.0 -9999.0 0.075270 0.082949 0.084604 0.087309 0.091432 0.109108 0.145827 0.286242 0.355342 0.366266 0.368590 0.369486 0.369908 0.369988 0.369992 0.369995 0.369979 0.369981 0.369988 0.369993 0.369997 0.369999 0.370000 0.370000 0.370000 0.370000 0.370000 0.369999 0.369996 0.369991 0.369987 0.369982 0.369988 0.369993 0.369992 0.369988 0.369978 0.369956 0.369926 0.369880 0.369864 0.369868 0.369867 0.369851 0.369819 0.369726 0.369592 0.369405 0.369290 0.369160 0.369016 0.368715 0.368330 0.367789 0.366454 0.364353 0.360232 0.347438 0.316695 0.271032 0.238120
-9999.0 -9999.0 0.070807 0.078340 0.084526 0.090635 0.090827 0.094242 0.119185 0.147099 0.198816 0.271475 0.329183 0.353612 0.361719 0.366374 0.367617 0.368056 0.368177 0.368642 0.369183 0.369526 0.369688 0.369795 0.369867 0.369908 0.369933 0.369901 0.369855 0.369755 0.369559 0.369211 0.368943 0.368770 0.368883 0.369065 0.368942 0.368652 0.368146 0.367381 0.366629 0.365768 0.365473 0.365340 0.365297 0.365061 0.364719 0.363626 0.361814 0.360003 0.358145 0.356261 0.354919 0.351970 0.347428 0.342699 0.328849 0.304759 0.275119 0.239324 0.203215 0.181673 0.164609
-9999.0 -9999.0 -9999.0 0.071370 0.075772 0.081235 0.084406 0.081579 0.085655 0.095060 0.106716 0.127424 0.148413 0.174590 0.209834 0.255268 0.283304 0.294877 0.302064 0.335434 0.348097 0.358362 0.363098 0.364535 0.365712 0.366674 0.366908 0.366305 0.365614 0.364233 0.361225 0.355946 0.351417 0.351189 0.351128 0.351945 0.349816 0.347194 0.340767 0.331377 0.319497 0.308876 0.303958 0.299374 0.296529 0.292574 0.288300 0.279890 0.269381 0.259214 0.250824 0.247282 0.243824 0.238386 0.231314 0.224998 0.215425 0.194770 0.178416 0.163626 0.149348 0.137582 0.127970
-9999.0 -9999.0 -9999.0 -9999.0 -9999.0 0.070007 0.077837 0.081168 0.081784 0.081434 0.084419 0.094288 0.095653 0.100106 0.108433 0.116052 0.122979 0.133092 0.150454 0.171929 0.200297 0.227381 0.259626 0.287287 0.301601 0.314876 0.319391 0.310672 0.300579 0.284324 0.257957 0.233229 0.227783 0.228361 0.228893 0.227803 0.222900 0.218278 0.211835 0.200284 0.190467 0.186825 0.184428 0.181950 0.179423 0.177350 0.175461 0.173794 0.168341 0.163793 0.164896 0.163675 0.162603 0.161903 0.158916 0.156282 0.154058 0.142459 0.134628 0.132183 0.122464 0.115711 0.113724
-9999.0 -9999.0 -9999.0 -9999.0 -9999.0 -9999.0 0.069507 0.072839 0.078171 0.080507 0.084641 0.088583 0.084883 0.087194 0.090116 0.093864 0.099708 0.102514 0.107357 0.114125 0.123473 0.131846 0.144276 0.160260 0.165471 0.171574 0.179212 0.171931 0.166466 0.161937 0.148858 0.147991 0.145467 0.146121 0.146283 0.146850 0.144688 0.142507 0.140767 0.135622 0.134262 0.132360 0.131254 0.130189 0.129116 0.128328 0.127879 0.127515 0.124935 0.125982 0.126459 0.125752 0.125191 0.125084 0.123692 0.121649 0.120591 0.116420 0.114301 0.112624 0.107089 0.105394 0.103687
