tests/Borden05m/sims/sim_1/output-maps/thetaliqL0006N0018.asc
ncols         160
nrows         34
xllcorner     620200.000000
yllcorner     5168000.000000
cellsize      0.500000
NODATA_value  -9999.0
[rows 0 to 27 of 34, columns 63 to 125 of 160]
-9999.0 -9999.0 -9999.0 -9999.0 -9999.0 -9999.0 -9999.0 -9999.0 -9999.0 -9999.0 -9999.0 -9999.0 -9999.0 -9999.0 -9999.0 -9999.0 -9999.0 -9999.0 -9999.0 -9999.0 -9999.0 -9999.0 -9999.0 -9999.0 -9999.0 -9999.0 -9999.0 -9999.0 -9999.0 -9999.0 -9999.0 -9999.0 -9999.0 -9999.0 -9999.0 -9999.0 -9999.0 -9999.0 -9999.0 -9999.0 -9999.0 -9999.0 -9999.0 -9999.0 -9999.0 -9999.0 -9999.0 -9999.0 -9999.0 -9999.0 -9999.0 -9999.0 -9999.0 -9999.0 -9999.0 -9999.0 -9999.0 -9999.0 -9999.0 -9999.0 -9999.0 -9999.0 -9999.0
0.186291 0.179905 0.174078 0.171485 0.170840 0.170198 0.169862 0.173124 0.178137 0.183132 0.188085 0.189658 0.191325 0.192993 0.193360 0.192364 0.189992 0.187646 0.185243 0.184266 0.178519 0.171084 0.165526 0.163869 0.166593 0.169374 0.170946 0.174921 0.182204 0.189864 0.196103 0.204908 0.209028 0.213148 0.215939 0.212878 0.210262 0.207653 0.204407 0.196242 -9999.0 -9999.0 -9999.0 -9999.0 -9999.0 -9999.0 -9999.0 -9999.0 -9999.0 -9999.0 -9999.0 -9999.0 -9999.0 -9999.0 -9999.0 -9999.0 -9999.0 -9999.0 -9999.0 -9999.0 -9999.0 -9999.0 -9999.0
0.175469 0.169754 0.166328 0.162963 0.161937 0.161812 0.161740 0.164123 0.169938 0.174912 0.177959 0.179448 0.180983 0.181132 0.180774 0.180455 0.178480 0.176208 0.173982 0.172830 0.172744 0.167978 0.164810 0.162919 0.162330 0.163736 0.165082 0.166777 0.172838 0.178291 0.183959 0.193909 0.203057 0.207106 0.205408 0.201704 0.199179 0.194832 0.188157 0.181120 0.174215 0.169736 0.166613 0.163754 0.167510 0.171409 0.178195 0.185285 0.193877 0.202962 -9999.0 -9999.0 -9999.0 -9999.0 -9999.0 -9999.0 -9999.0 -9999.0 -9999.0 -9999.0 -9999.0 -9999.0 -9999.0
0.167520 0.165090 0.162183 0.159921 0.164132 0.164737 0.165341 0.167162 0.169282 0.170401 0.172097 0.175398 0.181236 0.182907 0.183181 0.183207 0.181922 0.179794 0.178593 0.176739 0.173340 0.172821 0.173155 0.173278 0.176771 0.177743 0.178518 0.173792 0.175884 0.180077 0.184820 0.189946 0.195187 0.198969 0.196828 0.195947 0.190188 0.180894 0.173512 0.168198 0.166635 0.164936 0.160672 0.154204 0.158000 0.167119 0.170064 0.172558 0.180489 0.189003 0.196411 0.197730 0.197515 0.197320 0.195564 0.185781 0.176078 0.167031 0.156437 -9999.0 -9999.0 -9999.0 -9999.0
0.168728 0.166737 0.165943 0.174032 0.180207 0.181186 0.183047 0.185197 0.184015 0.175454 0.173592 0.179214 0.186378 0.190559 0.190562 0.190476 0.189519 0.188739 0.188290 0.186477 0.187391 0.189341 0.190153 0.194093 0.198329 0.200348 0.193530 0.186774 0.186952 0.192391 0.198199 0.203881 0.212740 0.222555 0.221477 0.216823 0.209898 0.199504 0.182793 0.169829 0.163719 0.160235 0.156593 0.156079 0.155224 0.161052 0.162228 0.163293 0.168666 0.175229 0.181926 0.185921 0.185683 0.185452 0.183927 0.177733 0.168544 0.160043 0.151341 0.139458 0.128009 0.118603 0.118403
0.172601 0.174952 0.184125 0.194138 0.205942 0.207935 0.209896 0.209646 0.201599 0.193640 0.190170 0.201577 0.213902 0.220701 0.221632 0.222690 0.230193 0.228121 0.225361 0.220373 0.222620 0.225753 0.236410 0.243032 0.248818 0.247088 0.236767 0.227406 0.225422 0.226559 0.227697 0.232577 0.241926 0.251347 0.247238 0.240334 0.230818 0.206592 0.185311 0.173773 0.174517 0.175025 0.172301 0.170463 0.168171 0.163496 0.163394 0.163252 0.163071 0.170407 0.178259 0.180623 0.176722 0.174515 0.173193 0.167816 0.161557 0.153353 0.145005 0.136694 0.125670 0.123144 0.120609
0.206313 0.213120 0.224504 0.241405 0.263661 0.268059 0.272389 0.276786 0.267251 0.256088 0.244991 0.258211 0.267121 0.276004 0.280415 0.291914 0.301344 0.297061 0.289129 0.281132 0.287160 0.300439 0.313151 0.318204 0.320739 0.321518 0.314430 0.309884 0.306597 0.305593 0.301450 0.303071 0.312631 0.324438 0.324484 0.314791 0.294757 0.262096 0.229516 0.209436 0.212019 0.206916 0.202338 0.198753 0.188137 0.179911 0.179654 0.173403 0.169434 0.176740 0.180753 0.182081 0.178039 0.181810 0.176627 0.165590 0.155737 0.147640 0.140847 0.134530 0.131552 0.128001 0.125270
0.255924 0.264646 0.282581 0.305881 0.327301 0.337453 0.343109 0.347753 0.344568 0.339416 0.333475 0.336106 0.343675 0.350106 0.355235 0.359456 0.362387 0.361382 0.359273 0.358724 0.359956 0.363435 0.365573 0.366244 0.366555 0.366975 0.366500 0.365644 0.364400 0.362843 0.361099 0.359822 0.362858 0.365027 0.364628 0.359758 0.350926 0.331798 0.302063 0.268823 0.260470 0.258683 0.255783 0.240728 0.226196 0.209096 0.199511 0.192512 0.181386 0.184246 0.188412 0.196378 0.204043 0.203237 0.190898 0.178811 0.166513 0.155646 0.148152 0.145951 0.143604 0.139296 0.136587
0.353526 0.355961 0.360216 0.365551 0.368408 0.369324 0.369691 0.369741 0.369650 0.369520 0.369244 0.369084 0.369397 0.369605 0.369741 0.369831 0.369892 0.369919 0.369916 0.369916 0.369925 0.369938 0.369953 0.369966 0.369975 0.369983 0.369984 0.369974 0.369960 0.369936 0.369904 0.369890 0.369883 0.369909 0.369904 0.369791 0.369469 0.368577 0.365899 0.360010 0.351833 0.350336 0.342278 0.330128 0.311045 0.276630 0.256066 0.239136 0.212245 0.207636 0.216864 0.229056 0.234652 0.220515 0.206791 0.192093 0.177379 0.164346 0.160434 0.159652 0.157895 0.154727 0.153283
0.369704 0.369759 0.369821 0.369951 0.369993 0.369999 0.370000 0.370000 0.370000 0.370000 0.370000 0.369999 0.369999 0.370000 0.370000 0.370000 0.370000 0.370000 0.370000 0.370000 0.370000 0.370000 0.370000 0.370000 0.370000 0.370000 0.370000 0.370000 0.370000 0.370000 0.370000 0.370000 0.370000 0.370000 0.370000 0.370000 0.369999 0.369994 0.369967 0.369862 0.369670 0.369343 0.368726 0.367512 0.362117 0.348549 0.327206 0.301984 0.273068 0.264348 0.286907 0.306238 0.296452 0.284511 0.266845 0.243164 0.220613 0.199225 0.193025 0.190304 0.185909 0.181207 0.176818
0.370000 0.370000 0.370000 0.370000 0.370000 0.370000 0.370000 0.370000 0.370000 0.370000 0.370000 0.370000 0.370000 0.370000 0.370000 0.370000 0.370000 0.370000 0.370000 0.370000 0.370000 0.370000 0.370000 0.370000 0.370000 0.370000 0.370000 0.370000 0.370000 0.370000 0.370000 0.370000 0.370000 0.370000 0.370000 0.370000 0.370000 0.370000 0.370000 0.370000 0.369999 0.369996 0.369990 0.369976 0.369943 0.369713 0.369362 0.368286 0.365186 0.359383 0.364078 0.362042 0.358457 0.351200 0.336234 0.315678 0.290715 0.263797 0.251691 0.245176 0.237213 0.230688 0.222436
0.370000 0.370000 0.370000 0.370000 0.370000 0.370000 0.370000 0.370000 0.370000 0.370000 0.370000 0.370000 0.370000 0.370000 0.370000 0.370000 0.370000 0.370000 0.370000 0.370000 0.370000 0.370000 0.370000 0.370000 0.370000 0.370000 0.370000 0.370000 0.370000 0.370000 0.370000 0.370000 0.370000 0.370000 0.370000 0.370000 0.370000 0.370000 0.370000 0.370000 0.370000 0.370000 0.370000 0.370000 0.370000 0.370000 0.370000 0.369999 0.369981 0.369896 0.369822 0.369735 0.369555 0.368885 0.367156 0.363909 0.354554 0.336782 0.318861 0.309328 0.299826 0.288914 0.275979
0.370000 0.370000 0.370000 0.370000 0.370000 0.370000 0.370000 0.370000 0.370000 0.370000 0.370000 0.370000 0.370000 0.370000 0.370000 0.370000 0.370000 0.370000 0.370000 0.370000 0.370000 0.370000 0.370000 0.370000 0.370000 0.370000 0.370000 0.370000 0.370000 0.370000 0.370000 0.370000 0.370000 0.370000 0.370000 0.370000 0.370000 0.370000 0.370000 0.370000 0.370000 0.370000 0.370000 0.370000 0.370000 0.370000 0.370000 0.370000 0.370000 0.370000 0.370000 0.369999 0.369997 0.369983 0.369950 0.369898 0.369620 0.368729 0.366878 0.364947 0.360248 0.352275 0.342193
0.370000 0.370000 0.370000 0.370000 0.370000 0.370000 0.370000 0.370000 0.370000 0.370000 0.370000 0.370000 0.370000 0.370000 0.370000 0.370000 0.370000 0.370000 0.370000 0.370000 0.370000 0.370000 0.370000 0.370000 0.370000 0.370000 0.370000 0.370000 0.370000 0.370000 0.370000 0.370000 0.370000 0.370000 0.370000 0.370000 0.370000 0.370000 0.370000 0.370000 0.370000 0.370000 0.370000 0.370000 0.370000 0.370000 0.370000 0.370000 0.370000 0.370000 0.370000 0.370000 0.370000 0.370000 0.370000 0.370000 0.369999 0.369991 0.369953 0.369877 0.369644 0.369151 0.368136
0.370000 0.370000 0.370000 0.370000 0.370000 0.370000 0.370000 0.370000 0.370000 0.370000 0.370000 0.370000 0.370000 0.370000 0.370000 0.370000 0.370000 0.370000 0.370000 0.370000 0.370000 0.370000 0.370000 0.370000 0.370000 0.370000 0.370000 0.370000 0.370000 0.370000 0.370000 0.370000 0.370000 0.370000 0.370000 0.370000 0.370000 0.370000 0.370000 0.370000 0.370000 0.370000 0.370000 0.370000 0.370000 0.370000 0.370000 0.370000 0.370000 0.370000 0.370000 0.370000 0.370000 0.370000 0.370000 0.370000 0.370000 0.370000 0.370000 0.370000 0.369997 0.369984 0.369944
0.370000 0.370000 0.370000 0.370000 0.370000 0.370000 0.370000 0.370000 0.370000 0.370000 0.370000 0.370000 0.370000 0.370000 0.370000 0.370000 0.370000 0.370000 0.370000 0.370000 0.370000 0.370000 0.370000 0.370000 0.370000 0.370000 0.370000 0.370000 0.370000 0.370000 0.370000 0.370000 0.370000 0.370000 0.370000 0.370000 0.370000 0.370000 0.370000 0.370000 0.370000 0.370000 0.370000 0.370000 0.370000 0.370000 0.370000 0.370000 0.370000 0.370000 0.370000 0.370000 0.370000 0.370000 0.370000 0.370000 0.370000 0.370000 0.370000 0.370000 0.370000 0.370000 0.370000
0.370000 0.370000 0.370000 0.370000 0.370000 0.370000 0.370000 0.370000 0.370000 0.370000 0.370000 0.370000 0.370000 0.370000 0.370000 0.370000 0.370000 0.370000 0.370000 0.370000 0.370000 0.370000 0.370000 0.370000 0.370000 0.370000 0.370000 0.370000 0.370000 0.370000 0.370000 0.370000 0.370000 0.370000 0.370000 0.370000 0.370000 0.370000 0.370000 0.370000 0.370000 0.370000 0.370000 0.370000 0.370000 0.370000 0.370000 0.370000 0.370000 0.370000 0.370000 0.370000 0.370000 0.370000 0.370000 0.370000 0.370000 0.370000 0.370000 0.370000 0.370000 0.370000 0.370000
0.370000 0.370000 0.370000 0.370000 0.370000 0.370000 0.370000 0.370000 0.370000 0.370000 0.370000 0.370000 0.370000 0.370000 0.370000 0.370000 0.370000 0.370000 0.370000 0.370000 0.370000 0.370000 0.370000 0.370000 0.370000 0.370000 0.370000 0.370000 0.370000 0.370000 0.370000 0.370000 0.370000 0.370000 0.370000 0.370000 0.370000 0.370000 0.370000 0.370000 0.370000 0.370000 0.370000 0.370000 0.370000 0.370000 0.370000 0.370000 0.370000 0.370000 0.370000 0.370000 0.370000 0.370000 0.370000 0.370000 0.370000 0.370000 0.370000 0.370000 0.370000 0.370000 0.370000
0.370000 0.370000 0.370000 0.370000 0.370000 0.370000 0.370000 0.370000 0.370000 0.370000 0.370000 0.370000 0.370000 0.370000 0.370000 0.370000 0.370000 0.370000 0.370000 0.370000 0.370000 0.370000 0.370000 0.370000 0.370000 0.369999 0.370000 0.370000 0.370000 0.370000 0.370000 0.370000 0.370000 0.370000 0.370000 0.370000 0.370000 0.370000 0.370000 0.370000 0.370000 0.370000 0.370000 0.370000 0.370000 0.370000 0.370000 0.370000 0.370000 0.370000 0.370000 0.370000 0.370000 0.370000 0.370000 0.370000 0.370000 0.370000 0.370000 0.370000 0.370000 0.370000 0.370000
0.370000 0.370000 0.370000 0.370000 0.370000 0.370000 0.370000 0.370000 0.369999 0.369996 0.369990 0.369984 0.369984 0.369971 0.369936 0.369884 0.369846 0.369811 0.369725 0.369681 0.369720 0.369798 0.369749 0.369719 0.369743 0.369724 0.369704 0.369776 0.369868 0.369906 0.369935 0.369956 0.369965 0.369975 0.369993 0.369997 0.369999 0.370000 0.370000 0.370000 0.370000 0.370000 0.370000 0.370000 0.370000 0.370000 0.370000 0.370000 0.370000 0.370000 0.370000 0.370000 0.370000 0.370000 0.370000 0.370000 0.370000 0.370000 0.370000 0.370000 0.370000 0.370000 0.370000
0.370000 0.370000 0.370000 0.369996 0.369976 0.369935 0.369830 0.369698 0.369363 0.368416 0.367263 0.367293 0.367651 0.367347 0.365931 0.363987 0.361911 0.358930 0.354200 0.350600 0.353498 0.356447 0.357397 0.357845 0.358752 0.358959 0.358724 0.358592 0.361268 0.363232 0.364917 0.366124 0.367116 0.368683 0.369418 0.369688 0.369856 0.369939 0.369980 0.369995 0.369999 0.370000 0.370000 0.370000 0.370000 0.370000 0.370000 0.370000 0.370000 0.370000 0.370000 0.370000 0.370000 0.370000 0.370000 0.370000 0.370000 0.370000 0.370000 0.370000 0.370000 0.370000 0.370000
0.369992 0.369958 0.369778 0.369213 0.368126 0.366065 0.362132 0.354842 0.341161 0.322230 0.306536 0.310782 0.315554 0.320746 0.310102 0.298792 0.291822 0.278864 0.265857 0.253736 0.261291 0.269507 0.281831 0.284442 0.286968 0.291625 0.290374 0.289104 0.285481 0.293850 0.302461 0.312942 0.331291 0.346371 0.356637 0.362391 0.365897 0.368003 0.369138 0.369656 0.369870 0.369944 0.369979 0.369994 0.369999 0.370000 0.370000 0.370000 0.370000 0.370000 0.370000 0.370000 0.370000 0.370000 0.370000 0.370000 0.370000 0.370000 0.370000 0.370000 0.370000 0.370000 0.370000
0.367163 0.363146 0.351060 0.337213 0.321585 0.301170 0.280544 0.260158 0.235236 0.214587 0.196466 0.199507 0.208680 0.219367 0.212187 0.207816 0.204941 0.195848 0.185994 0.176824 0.179329 0.189282 0.201336 0.205946 0.210558 0.216355 0.216316 0.211508 0.205096 0.209536 0.219973 0.233013 0.252339 0.272899 0.292781 0.310279 0.327923 0.343463 0.355023 0.362695 0.366778 0.368375 0.369312 0.369735 0.369886 0.369938 0.369973 0.369994 0.369999 0.370000 0.370000 0.370000 0.370000 0.370000 0.370000 0.370000 0.370000 0.370000 0.370000 0.370000 0.370000 0.370000 0.370000
0.296711 0.267275 0.245619 0.227145 0.210571 0.195459 0.180747 0.167847 0.156303 0.145184 0.135883 0.138171 0.144431 0.151009 0.151704 0.150132 0.148594 0.144619 0.138460 0.133114 0.136391 0.143318 0.150859 0.155804 0.159350 0.162967 0.161323 0.156741 0.152626 0.156637 0.165148 0.174303 0.186245 0.201745 0.218657 0.236540 0.256229 0.276635 0.298890 0.320443 0.338994 0.352330 0.360759 0.365505 0.367183 0.368231 0.368861 0.369434 0.369732 0.369887 0.369961 0.369990 0.369999 0.370000 0.370000 0.370000 0.370000 0.370000 0.370000 0.370000 0.370000 0.370000 0.370000
0.203293 0.181150 0.165606 0.155211 0.149759 0.142595 0.134103 0.128726 0.122725 0.116277 0.115609 0.116896 0.121077 0.122090 0.122345 0.121344 0.120993 0.119333 0.115460 0.116898 0.119372 0.124458 0.128460 0.131995 0.134542 0.136303 0.135895 0.132662 0.133491 0.136507 0.143015 0.148634 0.156619 0.168585 0.179533 0.192908 0.209220 0.227382 0.247742 0.269982 0.293763 0.314456 0.330353 0.338711 0.346200 0.350979 0.351297 0.357857 0.362651 0.365818 0.368082 0.369195 0.369741 0.369954 0.369997 0.370000 0.370000 0.370000 0.370000 0.370000 0.370000 0.370000 0.370000
0.143059 0.130623 0.121713 0.118576 0.115488 0.112286 0.108835 0.105642 0.102748 0.102480 0.102048 0.102078 0.102631 0.103280 0.103793 0.103561 0.103323 0.103359 0.104396 0.105319 0.106568 0.109165 0.112001 0.114721 0.115873 0.117085 0.117824 0.118630 0.119361 0.120762 0.124618 0.128801 0.133986 0.141261 0.149401 0.159232 0.172148 0.186673 0.203866 0.224745 0.247198 0.265054 0.274666 0.284390 0.289578 0.288063 0.286582 0.296391 0.309116 0.321415 0.338312 0.352027 0.361245 0.367898 0.369632 0.369948 0.369994 0.370000 0.370000 0.370000 0.370000 0.370000 0.370000
0.115179 0.108128 0.103908 0.101894 0.099974 0.098115 0.095832 0.094064 0.093666 0.093355 0.093064 0.092869 0.093379 0.093918 0.094558 0.094462 0.094482 0.094862 0.095517 0.096404 0.097921 0.099876 0.102142 0.105093 0.106022 0.107037 0.108275 0.108861 0.109579 0.110643 0.113691 0.117005 0.120836 0.126583 0.133185 0.141253 0.151825 0.165641 0.183984 0.202841 0.223244 0.241163 0.249130 0.253605 0.253005 0.249159 0.240042 0.240995 0.252229 0.257656 0.272689 0.294026 0.310606 0.342450 0.362125 0.367524 0.369359 0.369861 0.369986 0.369998 0.370000 0.370000 0.370000
0.099156 0.095916 0.092988 0.091329 0.090013 0.088797 0.087761 0.087451 0.087117 0.086904 0.086771 0.086626 0.086911 0.087358 0.087812 0.088002 0.088278 0.088563 0.089237 0.090328 0.091460 0.093104 0.095287 0.097696 0.098684 0.099643 0.100646 0.101343 0.102141 0.102942 0.105183 0.107876 0.110768 0.115532 0.121127 0.127472 0.137621 0.151418 0.167715 0.184005 0.202056 0.220827 0.223833 0.225359 0.225231 0.215274 0.203767 0.200571 0.203651 0.205197 0.213873 0.225777 0.238660 0.268943 0.301067 0.330570 0.354037 0.366143 0.369257 0.369805 0.369958 0.369994 0.369999
