tests/Borden05m/sims/sim_1/output-maps/thetaliqL0002N0018.asc
ncols         160
nrows         34
xllcorner     620200.000000
yllcorner     5168000.000000
cellsize      0.500000
NODATA_value  -9999.0
[rows 0 to 27 of 34, columns 63 to 125 of 160]
-9999.0 -9999.0 -9999.0 -9999.0 -9999.0 -9999.0 -9999.0 -9999.0 -9999.0 -9999.0 -9999.0 -9999.0 -9999.0 -9999.0 -9999.0 -9999.0 -9999.0 -9999.0 -9999.0 -9999.0 -9999.0 -9999.0 -9999.0 -9999.0 -9999.0 -9999.0 -9999.0 -9999.0 -9999.0 -9999.0 -9999.0 -9999.0 -9999.0 -9999.0 -9999.0 -9999.0 -9999.0 -9999.0 -9999.0 -9999.0 -9999.0 -9999.0 -9999.0 -9999.0 -9999.0 -9999.0 -9999.0 -9999.0 -9999.0 -9999.0 -9999.0 -9999.0 -9999.0 -9999.0 -9999.0 -9999.0 -9999.0 -9999.0 -9999.0 -9999.0 -9999.0 -9999.0 -9999.0
0.184488 0.183661 0.182701 0.182541 0.182643 0.182474 0.182107 0.182615 0.183280 0.183857 0.184655 0.184520 0.184624 0.184931 0.185013 0.184871 0.184501 0.184256 0.183969 0.184330 0.183234 0.181822 0.180750 0.180531 0.181433 0.181978 0.181890 0.182415 0.183550 0.184541 0.184907 0.186111 0.185977 0.186469 0.187239 0.186615 0.186449 0.186510 0.186698 0.185052 -9999.0 -9999.0 -9999.0 -9999.0 -9999.0 -9999.0 -9999.0 -9999.0 -9999.0 -9999.0 -9999.0 -9999.0 -9999.0 -9999.0 -9999.0 -9999.0 -9999.0 -9999.0 -9999.0 -9999.0 -9999.0 -9999.0 -9999.0
0.182224 0.181107 0.180818 0.180006 0.179663 0.179573 0.179260 0.179525 0.180868 0.181836 0.182126 0.181940 0.181853 0.181573 0.181368 0.181430 0.181089 0.180773 0.180438 0.180519 0.181335 0.180318 0.179808 0.179319 0.178812 0.179013 0.179180 0.179254 0.180525 0.181046 0.181428 0.183189 0.184850 0.185305 0.184646 0.183912 0.184066 0.183966 0.183260 0.182575 0.182503 0.182165 0.182014 0.181409 0.182337 0.182361 0.183438 0.184362 0.185453 0.187059 -9999.0 -9999.0 -9999.0 -9999.0 -9999.0 -9999.0 -9999.0 -9999.0 -9999.0 -9999.0 -9999.0 -9999.0 -9999.0
0.180604 0.180225 0.179441 0.178282 0.179598 0.179425 0.179311 0.179556 0.180001 0.180170 0.180386 0.180716 0.181939 0.181863 0.181762 0.181823 0.181608 0.181213 0.181236 0.181016 0.180011 0.180164 0.180407 0.180199 0.181193 0.181253 0.181808 0.180065 0.180357 0.180800 0.181132 0.181390 0.181695 0.182091 0.181326 0.181845 0.181197 0.179800 0.179416 0.179481 0.180527 0.181056 0.180367 0.178015 0.179258 0.181918 0.181745 0.181358 0.182702 0.184039 0.185906 0.185673 0.185515 0.185709 0.186028 0.184409 0.183361 0.182594 0.180391 -9999.0 -9999.0 -9999.0 -9999.0
0.180572 0.179727 0.178732 0.180879 0.181792 0.181334 0.181588 0.182210 0.182213 0.179538 0.178852 0.179897 0.181015 0.181502 0.181030 0.180802 0.180356 0.180354 0.180623 0.180330 0.180742 0.181108 0.180680 0.181382 0.182178 0.182924 0.181213 0.179679 0.179764 0.181027 0.181971 0.182482 0.183866 0.186018 0.185661 0.185141 0.184836 0.184477 0.181944 0.179704 0.178820 0.178433 0.177793 0.178274 0.177830 0.179908 0.179758 0.179440 0.180475 0.181300 0.182342 0.183078 0.182956 0.183208 0.183523 0.183042 0.181891 0.181262 0.180842 0.179796 0.177873 0.174455 0.174692
0.178514 0.178578 0.180495 0.181599 0.183460 0.182835 0.182905 0.182832 0.180976 0.179571 0.178641 0.181405 0.183686 0.184469 0.183893 0.183415 0.185457 0.184845 0.184551 0.183327 0.183768 0.183639 0.185842 0.186727 0.187908 0.187451 0.185250 0.183422 0.183303 0.183490 0.183288 0.183828 0.185248 0.187043 0.185772 0.185144 0.185116 0.181262 0.178327 0.177306 0.179190 0.180284 0.180063 0.180227 0.180297 0.178881 0.179206 0.179355 0.178710 0.180350 0.182009 0.182204 0.180802 0.180327 0.180947 0.180754 0.180798 0.180101 0.179340 0.178784 0.175548 0.176528 0.174850
0.182742 0.183518 0.184645 0.186765 0.190837 0.190134 0.190437 0.191775 0.189532 0.187444 0.184447 0.187785 0.188658 0.189868 0.189790 0.192523 0.195016 0.193486 0.191385 0.188978 0.190445 0.193750 0.196980 0.197833 0.198267 0.198855 0.196526 0.195819 0.195267 0.195425 0.193952 0.194049 0.196493 0.200706 0.201153 0.198926 0.194818 0.188966 0.183941 0.181309 0.184083 0.183213 0.182791 0.183203 0.181370 0.180297 0.181738 0.180381 0.179354 0.181563 0.181820 0.181525 0.179737 0.181902 0.181480 0.179650 0.178429 0.177777 0.177281 0.176416 0.177134 0.176622 0.175202
0.185252 0.186060 0.189093 0.193629 0.199348 0.202971 0.206154 0.209648 0.206975 0.204000 0.200722 0.201308 0.205257 0.209491 0.214641 0.220761 0.227747 0.225730 0.221938 0.221515 0.223190 0.231236 0.239483 0.243171 0.245569 0.249853 0.246748 0.241132 0.234910 0.229100 0.224324 0.220891 0.227517 0.235160 0.233653 0.220289 0.210254 0.200683 0.192873 0.185767 0.185728 0.186822 0.187794 0.185323 0.184062 0.181854 0.181324 0.181440 0.179188 0.180373 0.180676 0.182251 0.184599 0.185139 0.183038 0.181848 0.180534 0.179176 0.178124 0.178892 0.179177 0.178197 0.177220
0.214078 0.215874 0.221411 0.238898 0.267861 0.290322 0.304930 0.307421 0.302778 0.297037 0.287033 0.281206 0.290138 0.298664 0.305565 0.311057 0.316058 0.319531 0.319287 0.319331 0.320370 0.321666 0.324019 0.326808 0.329582 0.332556 0.333593 0.330087 0.326191 0.321688 0.317366 0.316033 0.314749 0.317105 0.316780 0.308354 0.294341 0.271991 0.243173 0.223350 0.211828 0.211423 0.206333 0.202248 0.197916 0.190097 0.187886 0.186604 0.181040 0.180477 0.182313 0.184751 0.186523 0.183368 0.181925 0.180612 0.179190 0.177446 0.178138 0.179100 0.179415 0.179088 0.179070
0.304039 0.306782 0.310018 0.323989 0.338559 0.349503 0.356160 0.358311 0.356555 0.354320 0.351452 0.348569 0.348458 0.351994 0.355796 0.358926 0.360667 0.361240 0.360982 0.361011 0.361180 0.361661 0.361963 0.362552 0.363418 0.364645 0.365889 0.365654 0.363951 0.362103 0.359313 0.357578 0.356741 0.355436 0.355267 0.355163 0.349103 0.340638 0.328198 0.313464 0.302294 0.288548 0.272051 0.254865 0.227821 0.209989 0.198873 0.191642 0.185389 0.184231 0.190870 0.197348 0.193990 0.192572 0.190408 0.187067 0.184412 0.181169 0.181552 0.182028 0.181666 0.181228 0.180704
0.355480 0.357008 0.358823 0.361865 0.365810 0.368177 0.369227 0.369451 0.369356 0.369123 0.368822 0.368524 0.368434 0.368607 0.368852 0.369169 0.369409 0.369577 0.369567 0.369584 0.369565 0.369610 0.369643 0.369642 0.369706 0.369786 0.369842 0.369856 0.369782 0.369639 0.369341 0.368940 0.368566 0.368264 0.368191 0.368195 0.368154 0.367028 0.364118 0.357211 0.349395 0.341572 0.336048 0.329638 0.323282 0.306335 0.295460 0.272934 0.242919 0.221909 0.233736 0.224781 0.218170 0.210865 0.203168 0.197678 0.193142 0.188724 0.188095 0.188078 0.187267 0.186984 0.186135
0.369010 0.369249 0.369477 0.369682 0.369841 0.369943 0.369993 0.370000 0.370000 0.370000 0.369999 0.369999 0.369999 0.369999 0.369999 0.369994 0.370000 0.370000 0.369999 0.370000 0.369999 0.370000 0.370000 0.370000 0.370000 0.370000 0.370000 0.370000 0.370000 0.370000 0.370000 0.369982 0.369958 0.369942 0.369929 0.369925 0.369916 0.369874 0.369684 0.368982 0.367386 0.365243 0.362979 0.360905 0.359198 0.357574 0.354356 0.347190 0.333214 0.317374 0.309427 0.304180 0.295109 0.273966 0.248665 0.231667 0.214118 0.201922 0.196085 0.195006 0.193990 0.192744 0.191001
0.369999 0.370000 0.370000 0.370000 0.370000 0.370000 0.370000 0.370000 0.370000 0.370000 0.370000 0.370000 0.370000 0.370000 0.370000 0.370000 0.370000 0.370000 0.370000 0.370000 0.370000 0.370000 0.370000 0.370000 0.370000 0.370000 0.370000 0.370000 0.370000 0.370000 0.370000 0.370000 0.370000 0.370000 0.370000 0.370000 0.370000 0.370000 0.370000 0.369983 0.369896 0.369642 0.369322 0.369098 0.368920 0.368745 0.368188 0.367009 0.364721 0.359890 0.351273 0.347570 0.342142 0.332563 0.323712 0.316914 0.300444 0.274970 0.247838 0.235124 0.220793 0.210676 0.205149
0.370000 0.370000 0.370000 0.370000 0.370000 0.370000 0.370000 0.370000 0.370000 0.370000 0.370000 0.370000 0.370000 0.370000 0.370000 0.370000 0.370000 0.370000 0.370000 0.370000 0.370000 0.370000 0.370000 0.370000 0.370000 0.370000 0.370000 0.370000 0.370000 0.370000 0.370000 0.370000 0.370000 0.370000 0.370000 0.370000 0.370000 0.370000 0.370000 0.370000 0.370000 0.370000 0.369985 0.369969 0.369968 0.369959 0.369940 0.369832 0.369547 0.368754 0.366889 0.365076 0.363547 0.362237 0.360632 0.358079 0.349763 0.337228 0.324027 0.313769 0.299411 0.280632 0.258185
0.370000 0.370000 0.370000 0.370000 0.370000 0.370000 0.370000 0.370000 0.370000 0.370000 0.370000 0.370000 0.370000 0.370000 0.370000 0.370000 0.370000 0.370000 0.370000 0.370000 0.370000 0.370000 0.370000 0.370000 0.370000 0.370000 0.370000 0.370000 0.370000 0.370000 0.370000 0.370000 0.370000 0.370000 0.370000 0.370000 0.370000 0.370000 0.370000 0.370000 0.370000 0.370000 0.370000 0.370000 0.370000 0.370000 0.370000 0.369998 0.369986 0.369935 0.369761 0.369367 0.369126 0.368929 0.368628 0.368233 0.366273 0.362616 0.356789 0.350174 0.342075 0.332501 0.321842
0.370000 0.370000 0.370000 0.370000 0.370000 0.370000 0.370000 0.370000 0.370000 0.370000 0.370000 0.370000 0.370000 0.369998 0.369995 0.369992 0.369991 0.369994 0.369996 0.369998 0.369998 0.369998 0.369996 0.369993 0.369990 0.369990 0.369992 0.369995 0.369998 0.369998 0.369998 0.369998 0.369997 0.369996 0.369997 0.369999 0.370000 0.370000 0.370000 0.370000 0.370000 0.370000 0.370000 0.370000 0.370000 0.370000 0.370000 0.370000 0.370000 0.370000 0.369997 0.369980 0.369964 0.369949 0.369912 0.369881 0.369670 0.369012 0.367576 0.365197 0.361822 0.357658 0.352214
0.370000 0.370000 0.370000 0.370000 0.369999 0.369998 0.369997 0.369997 0.369997 0.369997 0.369995 0.369986 0.369954 0.369905 0.369827 0.369794 0.369758 0.369738 0.369819 0.369898 0.369917 0.369869 0.369817 0.369712 0.369632 0.369605 0.369630 0.369730 0.369857 0.369924 0.369927 0.369897 0.369859 0.369839 0.369838 0.369895 0.369967 0.369990 0.369996 0.369998 0.370000 0.370000 0.370000 0.370000 0.370000 0.370000 0.370000 0.370000 0.370000 0.370000 0.370000 0.370000 0.370000 0.370000 0.369999 0.369996 0.369984 0.369917 0.369729 0.369269 0.368552 0.367594 0.365754
0.369997 0.369995 0.369992 0.369984 0.369959 0.369923 0.369865 0.369846 0.369833 0.369843 0.369759 0.369625 0.369264 0.368829 0.368228 0.367819 0.367494 0.367163 0.367636 0.368417 0.368752 0.368137 0.367622 0.366759 0.366250 0.365995 0.366096 0.366823 0.368151 0.368849 0.369018 0.368776 0.368527 0.368408 0.368422 0.368679 0.369212 0.369600 0.369805 0.369894 0.369940 0.369967 0.369983 0.369994 0.369998 0.370000 0.370000 0.370000 0.370000 0.370000 0.370000 0.370000 0.370000 0.370000 0.370000 0.370000 0.370000 0.369999 0.369990 0.369937 0.369837 0.369658 0.369366
0.369899 0.369868 0.369805 0.369261 0.368816 0.368136 0.367365 0.367062 0.366593 0.366375 0.365551 0.364750 0.363268 0.360935 0.357942 0.354821 0.353696 0.352654 0.351711 0.354340 0.355379 0.354582 0.352782 0.350734 0.349571 0.348848 0.349937 0.353335 0.356305 0.358720 0.359667 0.358637 0.359523 0.360465 0.360496 0.362797 0.364619 0.366364 0.367798 0.368757 0.369129 0.369368 0.369570 0.369760 0.369886 0.369958 0.369990 0.369999 0.370000 0.370000 0.370000 0.370000 0.370000 0.370000 0.370000 0.370000 0.370000 0.370000 0.370000 0.369999 0.369995 0.369984 0.369951
0.369195 0.369035 0.367822 0.364581 0.360475 0.357251 0.352720 0.350355 0.348178 0.341748 0.337055 0.333581 0.333708 0.328701 0.321384 0.315045 0.312217 0.310379 0.306217 0.304980 0.306574 0.310338 0.307026 0.305119 0.306055 0.304931 0.304128 0.308199 0.314409 0.317969 0.321512 0.324743 0.326642 0.329142 0.338147 0.343146 0.347666 0.353125 0.357979 0.361857 0.364273 0.365571 0.366748 0.367930 0.368687 0.369309 0.369697 0.369905 0.369968 0.369988 0.369995 0.369999 0.370000 0.370000 0.370000 0.370000 0.370000 0.370000 0.370000 0.370000 0.370000 0.370000 0.370000
0.363195 0.361590 0.353844 0.342273 0.330288 0.321261 0.310905 0.304311 0.292766 0.271261 0.255552 0.255165 0.258981 0.254332 0.242284 0.232805 0.226900 0.221540 0.215205 0.211795 0.214963 0.218490 0.218477 0.218353 0.219606 0.219492 0.219115 0.219406 0.225911 0.231116 0.237244 0.242928 0.248602 0.269286 0.289054 0.300776 0.311211 0.320652 0.330862 0.340291 0.346924 0.351149 0.355604 0.359499 0.362765 0.365318 0.367393 0.368794 0.369408 0.369650 0.369797 0.369898 0.369968 0.369993 0.369999 0.370000 0.370000 0.370000 0.370000 0.370000 0.370000 0.370000 0.370000
0.338235 0.326848 0.309373 0.289192 0.265018 0.243711 0.228037 0.216828 0.207038 0.199616 0.195453 0.197759 0.199114 0.201257 0.197657 0.194858 0.194106 0.191661 0.189534 0.186874 0.188976 0.190006 0.192596 0.192401 0.192507 0.193675 0.193102 0.192897 0.191348 0.193254 0.194474 0.196013 0.201380 0.207479 0.215214 0.223893 0.236186 0.254521 0.277782 0.298023 0.312003 0.321188 0.329817 0.338431 0.345356 0.351204 0.356822 0.361776 0.364821 0.366538 0.367846 0.368630 0.369350 0.369766 0.369929 0.369990 0.369999 0.370000 0.370000 0.370000 0.370000 0.370000 0.370000
0.258300 0.236025 0.214958 0.205550 0.200502 0.195920 0.192755 0.190397 0.186895 0.184518 0.181182 0.182440 0.184224 0.186819 0.184680 0.184319 0.184706 0.183414 0.182070 0.179972 0.180318 0.182028 0.184111 0.184061 0.184504 0.185709 0.185735 0.184777 0.182887 0.183380 0.184665 0.185971 0.188580 0.191178 0.193906 0.196490 0.200327 0.205463 0.212307 0.223490 0.240563 0.257771 0.281013 0.301229 0.313222 0.320047 0.327958 0.338861 0.345685 0.351929 0.357100 0.360404 0.364523 0.367395 0.369085 0.369751 0.369941 0.369980 0.369994 0.369999 0.370000 0.370000 0.370000
0.193884 0.189098 0.187211 0.185581 0.183881 0.182487 0.181036 0.179748 0.178699 0.177122 0.174124 0.175353 0.177094 0.179100 0.179162 0.178939 0.179090 0.178598 0.177210 0.174825 0.175835 0.177321 0.178696 0.179145 0.179428 0.180286 0.179680 0.178426 0.176660 0.177428 0.178834 0.179665 0.180750 0.182363 0.184124 0.185941 0.188130 0.190487 0.193785 0.197816 0.202905 0.209264 0.218071 0.231646 0.242378 0.255423 0.269641 0.288555 0.303002 0.314216 0.325235 0.335633 0.346649 0.357146 0.363798 0.367324 0.368997 0.369561 0.369794 0.369908 0.369976 0.369995 0.369999
0.184096 0.181701 0.180262 0.179185 0.179653 0.179142 0.177708 0.177733 0.176973 0.174583 0.175408 0.176089 0.178040 0.177703 0.177602 0.177138 0.177445 0.177124 0.174826 0.175976 0.176492 0.177870 0.178148 0.178466 0.178707 0.178970 0.178693 0.177036 0.177379 0.177839 0.179130 0.179223 0.179812 0.181383 0.181944 0.183002 0.184510 0.186181 0.188241 0.190838 0.194535 0.198535 0.202593 0.204248 0.207380 0.210252 0.208809 0.215694 0.224470 0.236561 0.257477 0.281925 0.303966 0.324123 0.342335 0.355285 0.362523 0.366635 0.368082 0.369021 0.369564 0.369831 0.369943
0.178069 0.176423 0.174804 0.175621 0.175740 0.175649 0.175334 0.174861 0.173820 0.175014 0.175159 0.175068 0.174963 0.174968 0.175127 0.174897 0.174764 0.174829 0.175743 0.175880 0.175603 0.175991 0.176295 0.176631 0.176281 0.176389 0.176425 0.176766 0.176731 0.176498 0.177124 0.177350 0.177595 0.178264 0.178770 0.179419 0.180595 0.181586 0.182868 0.185059 0.187818 0.189868 0.190305 0.191853 0.192583 0.191431 0.190437 0.192495 0.194823 0.197077 0.202435 0.209350 0.220841 0.256746 0.298027 0.322752 0.339333 0.351576 0.358842 0.363380 0.366177 0.368242 0.369194
0.176194 0.174827 0.174538 0.175172 0.175227 0.175198 0.174409 0.173667 0.174388 0.174659 0.174607 0.174311 0.174635 0.174771 0.175186 0.174791 0.174597 0.174712 0.174821 0.174775 0.175091 0.175334 0.175541 0.176553 0.176040 0.176014 0.176371 0.176233 0.176137 0.175892 0.176588 0.176867 0.176990 0.177642 0.178072 0.178561 0.179261 0.180393 0.182491 0.184224 0.186510 0.188744 0.189230 0.189613 0.189117 0.188573 0.186312 0.186292 0.188648 0.188318 0.190336 0.193916 0.194899 0.204804 0.225032 0.252470 0.288108 0.311746 0.333451 0.344437 0.354010 0.360847 0.365126
0.174308 0.174371 0.173732 0.173882 0.173807 0.173405 0.172911 0.173461 0.173415 0.173357 0.173393 0.173224 0.173524 0.173763 0.174007 0.173872 0.173850 0.173436 0.173435 0.173880 0.173945 0.174236 0.174833 0.175633 0.175149 0.175071 0.175100 0.174931 0.174967 0.174701 0.175272 0.175723 0.175886 0.176649 0.177036 0.176789 0.177733 0.179309 0.180958 0.182182 0.184051 0.186947 0.186193 0.186123 0.186446 0.184582 0.182377 0.182275 0.182974 0.182481 0.183997 0.185073 0.185261 0.189586 0.193854 0.199771 0.211068 0.238601 0.282346 0.306641 0.324205 0.338716 0.349009
