tests/Borden05m/sims/sim_1/output-maps/thetaliqL0004N0016.asc
ncols         160
nrows         34
xllcorner     620200.000000
yllcorner     5168000.000000
cellsize      0.500000
NODATA_value  -9999.0
[rows 0 to 27 of 34, columns 0 to 62 of 160]
-9999.0 -9999.0 -9999.0 -9999.0 -9999.0 -9999.0 -9999.0 -9999.0 -9999.0 -9999.0 -9999.0 -9999.0 -9999.0 -9999.0 -9999.0 -9999.0 -9999.0 -9999.0 -9999.0 -9999.0 -9999.0 -9999.0 -9999.0 -9999.0 -9999.0 -9999.0 -9999.0 -9999.0 -9999.0 -9999.0 -9999.0 -9999.0 -9999.0 -9999.0 -9999.0 -9999.0 -9999.0 -9999.0 -9999.0 -9999.0 -9999.0 -9999.0 -9999.0 -9999.0 -9999.0 -9999.0 -9999.0 -9999.0 -9999.0 -9999.0 -9999.0 -9999.0 -9999.0 -9999.0 -9999.0 -9999.0 -9999.0 -9999.0 -9999.0 -9999.0 -9999.0 -9999.0 -9999.0
-9999.0 -9999.0 -9999.0 -9999.0 -9999.0 -9999.0 -9999.0 -9999.0 -9999.0 -9999.0 -9999.0 -9999.0 -9999.0 -9999.0 -9999.0 -9999.0 -9999.0 -9999.0 -9999.0 -9999.0 -9999.0 -9999.0 -9999.0 -9999.0 -9999.0 -9999.0 -9999.0 -9999.0 -9999.0 -9999.0 -9999.0 -9999.0 -9999.0 -9999.0 -9999.0 -9999.0 -9999.0 -9999.0 -9999.0 -9999.0 -9999.0 -9999.0 -9999.0 -9999.0 -9999.0 -9999.0 -9999.0 -9999.0 -9999.0 -9999.0 -9999.0 -9999.0 -9999.0 -9999.0 -9999.0 -9999.0 -9999.0 -9999.0 -9999.0 0.196797 0.194997 0.193643 0.192747
-9999.0 -9999.0 -9999.0 -9999.0 -9999.0 -9999.0 -9999.0 -9999.0 -9999.0 -9999.0 -9999.0 -9999.0 -9999.0 -9999.0 -9999.0 -9999.0 -9999.0 -9999.0 -9999.0 -9999.0 -9999.0 -9999.0 -9999.0 -9999.0 -9999.0 -9999.0 -9999.0 -9999.0 -9999.0 -9999.0 -9999.0 -9999.0 -9999.0 -9999.0 -9999.0 -9999.0 -9999.0 -9999.0 -9999.0 -9999.0 -9999.0 -9999.0 -9999.0 -9999.0 -9999.0 -9999.0 -9999.0 0.179172 0.174319 0.168693 0.167213 0.173602 0.176989 0.180295 0.182773 0.185141 0.188416 0.193644 0.193583 0.187090 0.186201 0.185866 0.185993
-9999.0 -9999.0 -9999.0 -9999.0 -9999.0 -9999.0 -9999.0 -9999.0 -9999.0 -9999.0 -9999.0 -9999.0 -9999.0 -9999.0 -9999.0 -9999.0 -9999.0 -9999.0 -9999.0 -9999.0 -9999.0 -9999.0 -9999.0 -9999.0 -9999.0 -9999.0 -9999.0 -9999.0 -9999.0 -9999.0 -9999.0 -9999.0 -9999.0 -9999.0 -9999.0 -9999.0 -9999.0 -9999.0 -9999.0 -9999.0 0.180747 0.182972 0.184624 0.181308 0.179600 0.179289 0.175533 0.171467 0.167431 0.168390 0.168512 0.166189 0.170825 0.174869 0.176764 0.178459 0.182099 0.187862 0.187714 0.182631 0.179480 0.178415 0.178990
-9999.0 -9999.0 -9999.0 -9999.0 -9999.0 -9999.0 -9999.0 -9999.0 -9999.0 -9999.0 -9999.0 -9999.0 -9999.0 -9999.0 -9999.0 -9999.0 -9999.0 -9999.0 -9999.0 -9999.0 -9999.0 -9999.0 -9999.0 -9999.0 -9999.0 -9999.0 -9999.0 -9999.0 -9999.0 -9999.0 -9999.0 -9999.0 -9999.0 -9999.0 0.168424 0.172598 0.174814 0.177009 0.179957 0.179422 0.178986 0.180930 0.179213 0.178897 0.176496 0.172168 0.167864 0.165393 0.167450 0.166667 0.166788 0.169010 0.170709 0.171714 0.175112 0.180252 0.178605 0.180202 0.179748 0.177587 0.179400 0.180908 0.181894
-9999.0 -9999.0 -9999.0 -9999.0 -9999.0 -9999.0 -9999.0 -9999.0 -9999.0 -9999.0 -9999.0 -9999.0 -9999.0 -9999.0 -9999.0 -9999.0 -9999.0 -9999.0 -9999.0 -9999.0 -9999.0 -9999.0 -9999.0 -9999.0 -9999.0 -9999.0 -9999.0 -9999.0 0.174152 0.172527 0.171269 0.171287 0.170718 0.168679 0.168320 0.169019 0.171523 0.175401 0.176377 0.176226 0.176705 0.175957 0.173602 0.173296 0.175643 0.172991 0.171492 0.169650 0.165674 0.164716 0.167076 0.169513 0.171773 0.172712 0.173540 0.174033 0.175021 0.181389 0.183148 0.179873 0.177951 0.177033 0.177495
-9999.0 -9999.0 -9999.0 -9999.0 -9999.0 -9999.0 -9999.0 -9999.0 -9999.0 -9999.0 -9999.0 -9999.0 -9999.0 -9999.0 -9999.0 -9999.0 -9999.0 -9999.0 -9999.0 -9999.0 -9999.0 -9999.0 -9999.0 0.170884 0.172360 0.173027 0.174389 0.173791 0.170842 0.168870 0.167996 0.167300 0.165733 0.165646 0.165801 0.167110 0.168270 0.172275 0.170882 0.170009 0.173322 0.172697 0.174747 0.177037 0.176449 0.176746 0.172259 0.168916 0.172204 0.173659 0.173714 0.173256 0.174749 0.176746 0.179237 0.183185 0.188078 0.192377 0.198412 0.194622 0.191554 0.186556 0.186984
-9999.0 -9999.0 -9999.0 -9999.0 -9999.0 -9999.0 -9999.0 -9999.0 -9999.0 -9999.0 -9999.0 -9999.0 -9999.0 -9999.0 -9999.0 -9999.0 -9999.0 -9999.0 -9999.0 0.170432 0.170024 0.169216 0.169625 0.166940 0.165835 0.166753 0.168380 0.167568 0.165952 0.164563 0.164742 0.164966 0.164721 0.167021 0.169018 0.169941 0.169904 0.173199 0.174475 0.176475 0.181037 0.178365 0.175600 0.174145 0.174005 0.173248 0.175798 0.176608 0.177022 0.176977 0.177276 0.178195 0.178993 0.183079 0.187129 0.190813 0.194452 0.199016 0.206270 0.203541 0.197971 0.192109 0.192141
-9999.0 -9999.0 -9999.0 -9999.0 -9999.0 -9999.0 -9999.0 -9999.0 -9999.0 -9999.0 -9999.0 -9999.0 -9999.0 -9999.0 -9999.0 -9999.0 0.169522 0.169314 0.168320 0.166763 0.165380 0.165412 0.166644 0.164648 0.164047 0.164631 0.163848 0.165026 0.166268 0.167709 0.168409 0.167013 0.167436 0.167465 0.167602 0.168703 0.172357 0.175905 0.177107 0.179767 0.184071 0.181963 0.180949 0.181037 0.179720 0.181151 0.187373 0.186775 0.184553 0.191173 0.194941 0.194135 0.193980 0.198767 0.205967 0.215257 0.229888 0.240891 0.252928 0.257862 0.248349 0.246471 0.250014
-9999.0 -9999.0 -9999.0 -9999.0 -9999.0 -9999.0 -9999.0 -9999.0 -9999.0 -9999.0 -9999.0 -9999.0 -9999.0 0.168253 0.168098 0.168527 0.166092 0.164105 0.162942 0.161353 0.163720 0.162215 0.161833 0.162333 0.164485 0.164694 0.165095 0.166566 0.166336 0.165895 0.165464 0.164389 0.166346 0.168386 0.169977 0.172999 0.175608 0.177888 0.181475 0.182673 0.185193 0.184606 0.182238 0.181773 0.183862 0.189903 0.194941 0.197126 0.205599 0.214840 0.219815 0.225771 0.229134 0.233887 0.244383 0.271172 0.302593 0.325185 0.335970 0.343565 0.344370 0.345725 0.346940
-9999.0 -9999.0 -9999.0 -9999.0 -9999.0 -9999.0 -9999.0 -9999.0 -9999.0 -9999.0 0.163741 0.165104 0.163050 0.159359 0.157828 0.158819 0.159881 0.158593 0.158809 0.162974 0.165387 0.161840 0.164571 0.164795 0.163383 0.163977 0.165261 0.165720 0.168505 0.168904 0.169250 0.173743 0.175297 0.176956 0.179121 0.181565 0.183963 0.191517 0.198284 0.199122 0.207984 0.213587 0.209567 0.208147 0.209789 0.216743 0.228314 0.244841 0.261415 0.283954 0.303102 0.314951 0.323001 0.331334 0.339884 0.349746 0.357489 0.362142 0.365170 0.366491 0.366942 0.367156 0.367443
-9999.0 -9999.0 -9999.0 -9999.0 -9999.0 -9999.0 -9999.0 -9999.0 0.158051 0.160240 0.161639 0.159921 0.157603 0.153522 0.155207 0.156898 0.158123 0.159884 0.160836 0.161715 0.161060 0.162634 0.165448 0.165024 0.165523 0.167465 0.167842 0.169750 0.172599 0.171993 0.173834 0.176748 0.179390 0.181838 0.184706 0.186884 0.194817 0.205588 0.217384 0.228036 0.243049 0.260755 0.261323 0.264503 0.268672 0.291602 0.318096 0.338270 0.349079 0.355470 0.360395 0.362578 0.363858 0.365217 0.366552 0.367479 0.368489 0.369278 0.369704 0.369858 0.369911 0.369926 0.369949
-9999.0 -9999.0 -9999.0 -9999.0 -9999.0 -9999.0 0.154579 0.159525 0.161972 0.156584 0.152436 0.151038 0.148622 0.154056 0.158927 0.160031 0.160938 0.162003 0.161778 0.158971 0.166663 0.165086 0.163997 0.166607 0.166792 0.167362 0.169242 0.173148 0.175410 0.183036 0.189128 0.194685 0.201757 0.206545 0.211587 0.217651 0.232781 0.255857 0.284919 0.311502 0.331510 0.345189 0.349130 0.350946 0.352860 0.356239 0.361075 0.364731 0.367353 0.368749 0.369336 0.369519 0.369649 0.369761 0.369855 0.369921 0.369964 0.369990 0.369998 0.370000 0.370000 0.370000 0.370000
-9999.0 -9999.0 -9999.0 -9999.0 0.156827 0.158052 0.157375 0.161814 0.164948 0.158451 0.160783 0.159637 0.157486 0.154987 0.152074 0.154487 0.156022 0.157161 0.157069 0.164637 0.171579 0.168174 0.171888 0.178775 0.178011 0.179216 0.180184 0.183955 0.190449 0.198997 0.216906 0.234664 0.248528 0.264015 0.279822 0.300265 0.325186 0.344402 0.353957 0.360153 0.364146 0.366363 0.367415 0.367885 0.368365 0.368828 0.369281 0.369673 0.369889 0.369978 0.369995 0.369999 0.369999 0.370000 0.370000 0.370000 0.370000 0.370000 0.370000 0.370000 0.370000 0.370000 0.370000
-9999.0 -9999.0 -9999.0 0.153560 0.158454 0.160509 0.158566 0.159756 0.163715 0.160311 0.159777 0.159248 0.158955 0.159126 0.158989 0.160571 0.161098 0.160401 0.161796 0.166869 0.169880 0.174458 0.178470 0.184086 0.188886 0.191200 0.194237 0.201163 0.217552 0.238230 0.274766 0.317819 0.340355 0.349435 0.353859 0.358489 0.362087 0.365703 0.367820 0.368956 0.369557 0.369808 0.369921 0.369957 0.369970 0.369982 0.369994 0.369999 0.370000 0.370000 0.370000 0.370000 0.370000 0.370000 0.370000 0.370000 0.370000 0.370000 0.370000 0.370000 0.370000 0.370000 0.370000
-9999.0 -9999.0 0.154043 0.156910 0.155344 0.159067 0.163332 0.161200 0.166241 0.168107 0.163799 0.166663 0.168314 0.165744 0.167903 0.170368 0.171751 0.168487 0.166467 0.172610 0.185621 0.197235 0.204756 0.232213 0.249631 0.261284 0.267810 0.285924 0.312301 0.340133 0.354243 0.362471 0.366430 0.368185 0.368688 0.369133 0.369563 0.369809 0.369942 0.369986 0.369998 0.370000 0.370000 0.370000 0.370000 0.370000 0.370000 0.370000 0.370000 0.370000 0.370000 0.370000 0.370000 0.370000 0.370000 0.370000 0.370000 0.370000 0.370000 0.370000 0.370000 0.370000 0.370000
-9999.0 -9999.0 0.150864 0.155446 0.152706 0.160041 0.167435 0.161876 0.164605 0.172221 0.170946 0.172391 0.172127 0.173096 0.176952 0.183857 0.181056 0.179974 0.173352 0.191879 0.210470 0.243916 0.301595 0.337524 0.350483 0.352483 0.353667 0.357027 0.361211 0.366131 0.368816 0.369757 0.369956 0.369990 0.369996 0.369999 0.370000 0.370000 0.370000 0.370000 0.370000 0.370000 0.370000 0.370000 0.370000 0.370000 0.370000 0.370000 0.370000 0.370000 0.370000 0.370000 0.370000 0.370000 0.370000 0.370000 0.370000 0.370000 0.370000 0.370000 0.370000 0.370000 0.370000
-9999.0 0.149387 0.151765 0.152180 0.156984 0.156186 0.162570 0.171802 0.172892 0.177062 0.178189 0.174665 0.192649 0.209540 0.216710 0.231496 0.226425 0.222273 0.213982 0.235695 0.277138 0.339565 0.364166 0.368175 0.369228 0.369346 0.369297 0.369542 0.369806 0.369960 0.369999 0.370000 0.370000 0.370000 0.370000 0.370000 0.370000 0.370000 0.370000 0.370000 0.370000 0.370000 0.370000 0.370000 0.370000 0.370000 0.370000 0.370000 0.370000 0.370000 0.370000 0.370000 0.370000 0.370000 0.370000 0.370000 0.370000 0.370000 0.370000 0.370000 0.370000 0.370000 0.370000
-9999.0 0.142791 0.151352 0.156672 0.155159 0.152235 0.165775 0.187681 0.183168 0.182762 0.183651 0.198784 0.244697 0.289775 0.316650 0.336792 0.336029 0.330134 0.331097 0.345628 0.358593 0.367392 0.369920 0.370000 0.370000 0.370000 0.370000 0.370000 0.370000 0.370000 0.370000 0.370000 0.370000 0.370000 0.370000 0.370000 0.370000 0.370000 0.370000 0.370000 0.370000 0.370000 0.370000 0.370000 0.370000 0.370000 0.370000 0.370000 0.370000 0.370000 0.370000 0.370000 0.370000 0.370000 0.370000 0.370000 0.370000 0.370000 0.370000 0.370000 0.370000 0.370000 0.370000
-9999.0 0.149250 0.159270 0.156957 0.149299 0.161785 0.168849 0.185966 0.200737 0.200784 0.222052 0.287618 0.340368 0.357998 0.363742 0.365855 0.366852 0.366762 0.368002 0.369477 0.369976 0.370000 0.370000 0.370000 0.370000 0.370000 0.370000 0.370000 0.370000 0.370000 0.370000 0.370000 0.370000 0.370000 0.370000 0.370000 0.370000 0.370000 0.370000 0.370000 0.370000 0.370000 0.370000 0.370000 0.370000 0.370000 0.370000 0.370000 0.370000 0.370000 0.370000 0.370000 0.370000 0.370000 0.370000 0.370000 0.370000 0.370000 0.369999 0.369996 0.369992 0.369983 0.369984
-9999.0 0.137774 0.151476 0.140297 0.156322 0.172094 0.172725 0.200363 0.237067 0.256413 0.327011 0.355546 0.366128 0.368794 0.369585 0.369899 0.369970 0.369994 0.370000 0.370000 0.370000 0.370000 0.370000 0.370000 0.370000 0.370000 0.370000 0.370000 0.370000 0.370000 0.370000 0.370000 0.370000 0.370000 0.370000 0.370000 0.370000 0.370000 0.370000 0.370000 0.370000 0.370000 0.370000 0.370000 0.370000 0.370000 0.370000 0.370000 0.370000 0.370000 0.370000 0.369999 0.369999 0.369998 0.369998 0.369996 0.369982 0.369957 0.369914 0.369843 0.369722 0.369471 0.369437
-9999.0 0.129982 0.139089 0.145999 0.160391 0.172037 0.185026 0.216440 0.289576 0.340514 0.359894 0.364959 0.368577 0.369764 0.369982 0.369998 0.369999 0.370000 0.370000 0.370000 0.370000 0.370000 0.370000 0.370000 0.370000 0.370000 0.370000 0.370000 0.370000 0.370000 0.370000 0.370000 0.370000 0.370000 0.370000 0.370000 0.370000 0.370000 0.370000 0.370000 0.370000 0.370000 0.369999 0.369999 0.369999 0.369999 0.369997 0.369994 0.369987 0.369979 0.369967 0.369954 0.369948 0.369937 0.369919 0.369878 0.369693 0.369339 0.368856 0.368079 0.366179 0.365009 0.364127
-9999.0 0.114183 0.142170 0.145840 0.154262 0.157580 0.161531 0.183567 0.223955 0.334520 0.366720 0.367851 0.368668 0.369505 0.369938 0.369996 0.369998 0.369985 0.369957 0.369942 0.369966 0.369990 0.369998 0.370000 0.370000 0.370000 0.370000 0.370000 0.369999 0.369997 0.369997 0.369995 0.369993 0.369993 0.369991 0.369993 0.369993 0.369988 0.369976 0.369953 0.369919 0.369883 0.369867 0.369868 0.369862 0.369841 0.369788 0.369698 0.369551 0.369374 0.369203 0.369063 0.368906 0.368663 0.368342 0.367926 0.366557 0.364855 0.362430 0.357681 0.348850 0.339188 0.333660
-9999.0 -9999.0 0.128567 0.145853 0.148170 0.151259 0.154445 0.170117 0.190770 0.263104 0.332784 0.353929 0.361269 0.365495 0.368491 0.369520 0.369604 0.369678 0.369316 0.369342 0.369475 0.369615 0.369756 0.369856 0.369913 0.369936 0.369943 0.369934 0.369901 0.369829 0.369703 0.369567 0.369459 0.369368 0.369478 0.369608 0.369583 0.369488 0.369294 0.368957 0.368584 0.368109 0.367966 0.368009 0.368000 0.367854 0.367582 0.366859 0.365947 0.364811 0.364174 0.363498 0.362780 0.361397 0.359791 0.357766 0.353434 0.347743 0.337496 0.311798 0.275545 0.245143 0.228463
-9999.0 -9999.0 0.111704 0.136549 0.148514 0.157383 0.156343 0.158131 0.180154 0.194417 0.217854 0.254641 0.295537 0.329342 0.344287 0.354773 0.358216 0.359602 0.359831 0.361414 0.363794 0.365606 0.366621 0.367406 0.368006 0.368400 0.368674 0.368325 0.367891 0.367087 0.365763 0.363797 0.362473 0.361654 0.362187 0.363074 0.362491 0.361196 0.359165 0.356457 0.354143 0.351720 0.350991 0.350705 0.350639 0.350053 0.349186 0.346402 0.341891 0.337493 0.333236 0.329080 0.326232 0.320306 0.312059 0.304708 0.287429 0.266883 0.248574 0.230289 0.213169 0.203842 0.195961
-9999.0 -9999.0 -9999.0 0.114223 0.129664 0.142272 0.147633 0.140677 0.145886 0.156933 0.166420 0.181216 0.191823 0.203997 0.222037 0.246128 0.261301 0.267382 0.270249 0.299654 0.316493 0.335475 0.345675 0.348886 0.351787 0.354436 0.355137 0.353343 0.351482 0.347994 0.340802 0.328914 0.319604 0.319116 0.319129 0.320910 0.317069 0.312585 0.302743 0.291144 0.279485 0.270676 0.267147 0.263967 0.262185 0.259609 0.256950 0.251676 0.245563 0.240001 0.235450 0.233839 0.232251 0.229635 0.226312 0.223744 0.220018 0.210046 0.202537 0.195629 0.188646 0.182613 0.177282
-9999.0 -9999.0 -9999.0 -9999.0 -9999.0 0.105237 0.134891 0.141799 0.142203 0.139863 0.143597 0.157412 0.156420 0.159398 0.166353 0.170961 0.173975 0.179700 0.190309 0.200773 0.214436 0.226711 0.243060 0.258506 0.267475 0.277511 0.281227 0.273792 0.266453 0.255837 0.240511 0.226990 0.224842 0.225498 0.225921 0.225426 0.223003 0.221010 0.218302 0.212642 0.207737 0.206395 0.205458 0.204353 0.203143 0.202213 0.201401 0.200895 0.197853 0.195165 0.196389 0.195803 0.195372 0.195359 0.193886 0.192902 0.192696 0.185655 0.181332 0.181675 0.175290 0.170954 0.171159
-9999.0 -9999.0 -9999.0 -9999.0 -9999.0 -9999.0 0.102356 0.119720 0.135564 0.140319 0.147705 0.153502 0.146263 0.149214 0.152575 0.156445 0.162334 0.163428 0.166434 0.170703 0.176557 0.180530 0.187367 0.196281 0.197672 0.200350 0.204807 0.200256 0.197453 0.195595 0.186969 0.187635 0.186228 0.187028 0.187303 0.188055 0.186816 0.185629 0.184882 0.181172 0.180771 0.179677 0.179183 0.178680 0.178155 0.177844 0.177788 0.177821 0.175654 0.176901 0.177438 0.176869 0.176560 0.176860 0.176141 0.174920 0.174908 0.171980 0.171177 0.170778 0.166081 0.165666 0.164995
