tests/Borden05m/sims/sim_1/output-maps/thetaliqL0001N0002.asc
ncols         160
nrows         34
xllcorner     620200.000000
yllcorner     5168000.000000
cellsize      0.500000
NODATA_value  -9999.0
[rows 0 to 27 of 34, columns 0 to 62 of 160]
-9999.0 -9999.0 -9999.0 -9999.0 -9999.0 -9999.0 -9999.0 -9999.0 -9999.0 -9999.0 -9999.0 -9999.0 -9999.0 -9999.0 -9999.0 -9999.0 -9999.0 -9999.0 -9999.0 -9999.0 -9999.0 -9999.0 -9999.0 -9999.0 -9999.0 -9999.0 -9999.0 -9999.0 -9999.0 -9999.0 -9999.0 -9999.0 -9999.0 -9999.0 -9999.0 -9999.0 -9999.0 -9999.0 -9999.0 -9999.0 -9999.0 -9999.0 -9999.0 -9999.0 -9999.0 -9999.0 -9999.0 -9999.0 -9999.0 -9999.0 -9999.0 -9999.0 -9999.0 -9999.0 -9999.0 -9999.0 -9999.0 -9999.0 -9999.0 -9999.0 -9999.0 -9999.0 -9999.0
-9999.0 -9999.0 -9999.0 -9999.0 -9999.0 -9999.0 -9999.0 -9999.0 -9999.0 -9999.0 -9999.0 -9999.0 -9999.0 -9999.0 -9999.0 -9999.0 -9999.0 -9999.0 -9999.0 -9999.0 -9999.0 -9999.0 -9999.0 -9999.0 -9999.0 -9999.0 -9999.0 -9999.0 -9999.0 -9999.0 -9999.0 -9999.0 -9999.0 -9999.0 -9999.0 -9999.0 -9999.0 -9999.0 -9999.0 -9999.0 -9999.0 -9999.0 -9999.0 -9999.0 -9999.0 -9999.0 -9999.0 -9999.0 -9999.0 -9999.0 -9999.0 -9999.0 -9999.0 -9999.0 -9999.0 -9999.0 -9999.0 -9999.0 -9999.0 0.233283 0.232228 0.231588 0.231344
-9999.0 -9999.0 -9999.0 -9999.0 -9999.0 -9999.0 -9999.0 -9999.0 -9999.0 -9999.0 -9999.0 -9999.0 -9999.0 -9999.0 -9999.0 -9999.0 -9999.0 -9999.0 -9999.0 -9999.0 -9999.0 -9999.0 -9999.0 -9999.0 -9999.0 -9999.0 -9999.0 -9999.0 -9999.0 -9999.0 -9999.0 -9999.0 -9999.0 -9999.0 -9999.0 -9999.0 -9999.0 -9999.0 -9999.0 -9999.0 -9999.0 -9999.0 -9999.0 -9999.0 -9999.0 -9999.0 -9999.0 0.227501 0.224001 0.219718 0.218450 0.223176 0.224952 0.226499 0.227330 0.228036 0.229386 0.232408 0.232004 0.226905 0.226636 0.226692 0.227068
-9999.0 -9999.0 -9999.0 -9999.0 -9999.0 -9999.0 -9999.0 -9999.0 -9999.0 -9999.0 -9999.0 -9999.0 -9999.0 -9999.0 -9999.0 -9999.0 -9999.0 -9999.0 -9999.0 -9999.0 -9999.0 -9999.0 -9999.0 -9999.0 -9999.0 -9999.0 -9999.0 -9999.0 -9999.0 -9999.0 -9999.0 -9999.0 -9999.0 -9999.0 -9999.0 -9999.0 -9999.0 -9999.0 -9999.0 -9999.0 0.225774 0.227406 0.228854 0.226584 0.225837 0.226387 0.224142 0.221379 0.218502 0.219573 0.219591 0.217160 0.220191 0.222490 0.222946 0.223208 0.225051 0.228683 0.228282 0.224602 0.222479 0.221866 0.222416
-9999.0 -9999.0 -9999.0 -9999.0 -9999.0 -9999.0 -9999.0 -9999.0 -9999.0 -9999.0 -9999.0 -9999.0 -9999.0 -9999.0 -9999.0 -9999.0 -9999.0 -9999.0 -9999.0 -9999.0 -9999.0 -9999.0 -9999.0 -9999.0 -9999.0 -9999.0 -9999.0 -9999.0 -9999.0 -9999.0 -9999.0 -9999.0 -9999.0 -9999.0 0.219850 0.222844 0.223923 0.224890 0.226609 0.225680 0.224860 0.226284 0.224971 0.225080 0.223639 0.220816 0.218030 0.216550 0.218608 0.218031 0.217943 0.219339 0.220006 0.219965 0.221760 0.224913 0.222635 0.223092 0.222432 0.220952 0.222638 0.223957 0.224773
-9999.0 -9999.0 -9999.0 -9999.0 -9999.0 -9999.0 -9999.0 -9999.0 -9999.0 -9999.0 -9999.0 -9999.0 -9999.0 -9999.0 -9999.0 -9999.0 -9999.0 -9999.0 -9999.0 -9999.0 -9999.0 -9999.0 -9999.0 -9999.0 -9999.0 -9999.0 -9999.0 -9999.0 0.224795 0.223592 0.222692 0.222803 0.222371 0.220584 0.219979 0.220046 0.221430 0.223834 0.223981 0.223421 0.223465 0.222743 0.220907 0.220791 0.223007 0.221312 0.220683 0.219649 0.216571 0.215782 0.217466 0.218972 0.220148 0.220119 0.219877 0.219309 0.219078 0.223114 0.223935 0.221557 0.220416 0.219977 0.220397
-9999.0 -9999.0 -9999.0 -9999.0 -9999.0 -9999.0 -9999.0 -9999.0 -9999.0 -9999.0 -9999.0 -9999.0 -9999.0 -9999.0 -9999.0 -9999.0 -9999.0 -9999.0 -9999.0 -9999.0 -9999.0 -9999.0 -9999.0 0.223025 0.224144 0.224484 0.225435 0.224872 0.222370 0.220846 0.220214 0.219671 0.218333 0.218108 0.217910 0.218511 0.218809 0.221357 0.219595 0.218410 0.220681 0.220010 0.221672 0.223570 0.223169 0.223694 0.220328 0.217827 0.220545 0.221534 0.221218 0.220354 0.220892 0.221600 0.222478 0.224307 0.226720 0.228546 0.232277 0.229479 0.227830 0.224549 0.224999
-9999.0 -9999.0 -9999.0 -9999.0 -9999.0 -9999.0 -9999.0 -9999.0 -9999.0 -9999.0 -9999.0 -9999.0 -9999.0 -9999.0 -9999.0 -9999.0 -9999.0 -9999.0 -9999.0 0.223514 0.223130 0.222369 0.222606 0.220126 0.219055 0.219640 0.220829 0.220023 0.218647 0.217485 0.217616 0.217746 0.217384 0.219020 0.220252 0.220444 0.219682 0.221549 0.221838 0.222764 0.225867 0.223550 0.221399 0.220282 0.220195 0.219475 0.221379 0.221893 0.221900 0.221371 0.221100 0.221306 0.221181 0.223254 0.224878 0.225852 0.226530 0.227943 0.231820 0.229702 0.226499 0.222933 0.222953
-9999.0 -9999.0 -9999.0 -9999.0 -9999.0 -9999.0 -9999.0 -9999.0 -9999.0 -9999.0 -9999.0 -9999.0 -9999.0 -9999.0 -9999.0 -9999.0 0.223574 0.223351 0.222405 0.220835 0.219511 0.219441 0.220363 0.218534 0.217879 0.218183 0.217300 0.218078 0.218931 0.219980 0.220406 0.219047 0.219130 0.218734 0.218311 0.218521 0.220643 0.222488 0.222453 0.223670 0.226328 0.224413 0.223707 0.223808 0.222550 0.223130 0.227243 0.226031 0.223442 0.227476 0.229290 0.227779 0.226714 0.228801 0.231874 0.235351 0.241601 0.244557 0.248821 0.250206 0.244329 0.243486 0.245103
-9999.0 -9999.0 -9999.0 -9999.0 -9999.0 -9999.0 -9999.0 -9999.0 -9999.0 -9999.0 -9999.0 -9999.0 -9999.0 0.223610 0.223380 0.223563 0.221135 0.219302 0.218173 0.216586 0.218404 0.216959 0.216435 0.216666 0.218267 0.218173 0.218219 0.219127 0.218586 0.217911 0.217245 0.215986 0.217130 0.218218 0.218798 0.220349 0.221288 0.221738 0.223253 0.222991 0.223871 0.222948 0.221129 0.220668 0.221745 0.225174 0.227280 0.227144 0.231367 0.235341 0.236259 0.238397 0.238758 0.239256 0.241690 0.250612 0.259740 0.267771 0.272078 0.278527 0.278435 0.279669 0.280222
-9999.0 -9999.0 -9999.0 -9999.0 -9999.0 -9999.0 -9999.0 -9999.0 -9999.0 -9999.0 0.220283 0.221483 0.219715 0.216379 0.214925 0.215577 0.216262 0.214955 0.214889 0.218122 0.219832 0.216514 0.218545 0.218434 0.216939 0.217107 0.217784 0.217662 0.219441 0.219219 0.218884 0.221855 0.222259 0.222701 0.223430 0.224124 0.224347 0.228162 0.231118 0.229662 0.234286 0.236983 0.233639 0.232300 0.232410 0.234879 0.238969 0.244771 0.248283 0.254605 0.260110 0.263469 0.265841 0.268978 0.272265 0.282079 0.297260 0.313298 0.329486 0.337941 0.340907 0.341572 0.342587
-9999.0 -9999.0 -9999.0 -9999.0 -9999.0 -9999.0 -9999.0 -9999.0 0.215650 0.217504 0.218651 0.217164 0.215203 0.211629 0.212905 0.214106 0.214867 0.216074 0.216549 0.216876 0.215808 0.216743 0.218648 0.217824 0.217842 0.218996 0.218721 0.219572 0.221019 0.219518 0.219898 0.220914 0.221701 0.222332 0.223172 0.223105 0.226663 0.231249 0.235798 0.239018 0.244163 0.250940 0.248654 0.248746 0.247820 0.255389 0.263993 0.273462 0.283622 0.295976 0.311629 0.320502 0.325670 0.331192 0.337529 0.343288 0.354621 0.368424 0.369893 0.369974 0.369985 0.369985 0.369986
-9999.0 -9999.0 -9999.0 -9999.0 -9999.0 -9999.0 0.213000 0.217004 0.218943 0.214260 0.210724 0.209569 0.207506 0.212012 0.215966 0.216590 0.217031 0.217575 0.216956 0.213963 0.219790 0.217748 0.216150 0.217636 0.217163 0.216986 0.217747 0.219825 0.220148 0.224352 0.226730 0.228441 0.231366 0.232591 0.233830 0.235006 0.240409 0.247596 0.255390 0.262335 0.269868 0.279884 0.282969 0.284583 0.287500 0.293983 0.308352 0.325175 0.342932 0.359336 0.369048 0.369847 0.369932 0.369959 0.369976 0.369987 0.369996 0.370000 0.370000 0.370000 0.370000 0.370000 0.370000
-9999.0 -9999.0 -9999.0 -9999.0 0.215460 0.216268 0.215348 0.218794 0.221177 0.215434 0.217446 0.216418 0.214544 0.212259 0.209541 0.211303 0.212249 0.212816 0.212182 0.217709 0.222294 0.218305 0.220224 0.224508 0.222739 0.222762 0.222391 0.223669 0.226251 0.229156 0.237558 0.244100 0.246872 0.250550 0.253858 0.258641 0.266785 0.277823 0.290521 0.305809 0.323053 0.335248 0.342362 0.345786 0.350769 0.357968 0.367669 0.369840 0.369981 0.369999 0.370000 0.370000 0.370000 0.370000 0.370000 0.370000 0.370000 0.370000 0.370000 0.370000 0.370000 0.370000 0.370000
-9999.0 -9999.0 -9999.0 0.213117 0.217055 0.218363 0.216147 0.216635 0.219515 0.216297 0.215643 0.215012 0.214595 0.214550 0.214158 0.215080 0.215116 0.214105 0.214609 0.217503 0.218119 0.219906 0.220799 0.222613 0.224220 0.224301 0.224858 0.227189 0.234413 0.240322 0.251290 0.266200 0.277390 0.285186 0.291255 0.301618 0.313215 0.328946 0.345347 0.362076 0.369636 0.369946 0.369983 0.369989 0.369994 0.369998 0.370000 0.370000 0.370000 0.370000 0.370000 0.370000 0.370000 0.370000 0.370000 0.370000 0.370000 0.370000 0.370000 0.370000 0.370000 0.370000 0.370000
-9999.0 -9999.0 0.214008 0.216222 0.214404 0.217023 0.219945 0.217255 0.220774 0.221695 0.217520 0.219491 0.220338 0.217606 0.218796 0.220144 0.220828 0.217784 0.215365 0.218382 0.225497 0.230000 0.229660 0.242367 0.247446 0.250847 0.251016 0.256129 0.262861 0.276592 0.295563 0.319209 0.337279 0.350462 0.356546 0.364484 0.369547 0.369900 0.369982 0.369999 0.370000 0.370000 0.370000 0.370000 0.370000 0.370000 0.370000 0.370000 0.370000 0.370000 0.370000 0.370000 0.370000 0.370000 0.370000 0.370000 0.370000 0.370000 0.370000 0.370000 0.370000 0.370000 0.370000
-9999.0 -9999.0 0.211396 0.215113 0.212174 0.217804 0.223007 0.216840 0.217946 0.223169 0.221085 0.221182 0.219521 0.218880 0.220465 0.224636 0.221864 0.220937 0.214987 0.226058 0.233441 0.244119 0.264081 0.280463 0.293512 0.293480 0.293754 0.302517 0.314388 0.335322 0.360396 0.369610 0.369962 0.369993 0.369998 0.370000 0.370000 0.370000 0.370000 0.370000 0.370000 0.370000 0.370000 0.370000 0.370000 0.370000 0.370000 0.370000 0.370000 0.370000 0.370000 0.370000 0.370000 0.370000 0.370000 0.370000 0.370000 0.370000 0.370000 0.370000 0.370000 0.370000 0.370000
-9999.0 0.210683 0.212469 0.212394 0.216019 0.214247 0.218108 0.223875 0.222599 0.224112 0.223207 0.217843 0.228019 0.235966 0.236660 0.243547 0.239249 0.237132 0.230329 0.238588 0.249594 0.280596 0.334200 0.355179 0.364588 0.365820 0.365858 0.369304 0.369819 0.369966 0.370000 0.370000 0.370000 0.370000 0.370000 0.370000 0.370000 0.370000 0.370000 0.370000 0.370000 0.370000 0.370000 0.370000 0.370000 0.370000 0.370000 0.370000 0.370000 0.370000 0.370000 0.370000 0.370000 0.370000 0.370000 0.370000 0.370000 0.370000 0.370000 0.370000 0.370000 0.370000 0.370000
-9999.0 0.205014 0.212244 0.216493 0.214407 0.210636 0.220113 0.234971 0.227071 0.223851 0.220876 0.225828 0.245837 0.261229 0.269885 0.284208 0.281855 0.275731 0.277656 0.292931 0.315244 0.349700 0.369831 0.369999 0.370000 0.370000 0.370000 0.370000 0.370000 0.370000 0.370000 0.370000 0.370000 0.370000 0.370000 0.370000 0.370000 0.370000 0.370000 0.370000 0.370000 0.370000 0.370000 0.370000 0.370000 0.370000 0.370000 0.370000 0.370000 0.370000 0.370000 0.370000 0.370000 0.370000 0.370000 0.370000 0.370000 0.370000 0.370000 0.370000 0.370000 0.370000 0.370000
-9999.0 0.210870 0.219435 0.216932 0.209340 0.218771 0.221476 0.229992 0.235093 0.228827 0.233800 0.257269 0.288932 0.326870 0.346856 0.356465 0.361858 0.362023 0.368466 0.369806 0.369983 0.370000 0.370000 0.370000 0.370000 0.370000 0.370000 0.370000 0.370000 0.370000 0.370000 0.370000 0.370000 0.370000 0.370000 0.370000 0.370000 0.370000 0.370000 0.370000 0.370000 0.370000 0.370000 0.370000 0.370000 0.370000 0.370000 0.370000 0.370000 0.370000 0.370000 0.370000 0.370000 0.370000 0.370000 0.370000 0.370000 0.370000 0.370000 0.370000 0.370000 0.370000 0.370000
-9999.0 0.201137 0.212957 0.202604 0.216012 0.227572 0.223441 0.238028 0.252677 0.248587 0.276447 0.315162 0.357585 0.369721 0.369988 0.370000 0.370000 0.370000 0.370000 0.370000 0.370000 0.370000 0.370000 0.370000 0.370000 0.370000 0.370000 0.370000 0.370000 0.370000 0.370000 0.370000 0.370000 0.370000 0.370000 0.370000 0.370000 0.370000 0.370000 0.370000 0.370000 0.370000 0.370000 0.370000 0.370000 0.370000 0.370000 0.370000 0.370000 0.370000 0.370000 0.370000 0.370000 0.370000 0.370000 0.370000 0.370000 0.370000 0.370000 0.369998 0.369990 0.369968 0.369958
-9999.0 0.194462 0.202259 0.208080 0.219962 0.228057 0.234873 0.250020 0.281066 0.295841 0.324178 0.346545 0.369478 0.370000 0.370000 0.370000 0.370000 0.370000 0.370000 0.370000 0.370000 0.370000 0.370000 0.370000 0.370000 0.370000 0.370000 0.370000 0.370000 0.370000 0.370000 0.370000 0.370000 0.370000 0.370000 0.370000 0.370000 0.370000 0.370000 0.370000 0.370000 0.370000 0.370000 0.370000 0.370000 0.370000 0.370000 0.370000 0.370000 0.370000 0.370000 0.370000 0.370000 0.370000 0.370000 0.369999 0.369985 0.369877 0.367880 0.355769 0.339236 0.332527 0.329591
-9999.0 0.180465 0.205201 0.208072 0.214993 0.216467 0.217054 0.228771 0.243085 0.294436 0.355344 0.362943 0.369507 0.369992 0.370000 0.370000 0.370000 0.370000 0.370000 0.370000 0.370000 0.370000 0.370000 0.370000 0.370000 0.370000 0.370000 0.370000 0.370000 0.370000 0.370000 0.370000 0.370000 0.370000 0.370000 0.370000 0.370000 0.370000 0.370000 0.370000 0.370000 0.369998 0.369996 0.369996 0.369996 0.369995 0.369992 0.369987 0.369976 0.369960 0.369937 0.369875 0.369366 0.366179 0.360814 0.354523 0.341487 0.328411 0.314177 0.298599 0.281011 0.271913 0.273402
-9999.0 -9999.0 0.193304 0.208370 0.209905 0.211781 0.213052 0.223057 0.230942 0.264259 0.288669 0.316721 0.337791 0.359679 0.369740 0.369981 0.369990 0.369996 0.369985 0.369985 0.369986 0.369987 0.369991 0.369996 0.369999 0.370000 0.370000 0.370000 0.369999 0.369995 0.369985 0.369971 0.369959 0.369949 0.369964 0.369978 0.369976 0.369966 0.369928 0.369608 0.364966 0.357447 0.354871 0.355043 0.354958 0.353487 0.350719 0.344780 0.338482 0.331914 0.328321 0.324482 0.319969 0.313236 0.307287 0.301197 0.290693 0.281761 0.274530 0.263237 0.253084 0.243476 0.237923
-9999.0 -9999.0 0.178183 0.200375 0.210683 0.218030 0.216136 0.216338 0.231997 0.236143 0.242391 0.253634 0.266732 0.282396 0.302989 0.325517 0.333555 0.336117 0.333704 0.333874 0.338633 0.343490 0.347541 0.352904 0.358837 0.363791 0.366569 0.363282 0.357759 0.349711 0.340316 0.330691 0.325544 0.322560 0.325341 0.329642 0.327925 0.323179 0.315791 0.305570 0.296392 0.289282 0.287577 0.287366 0.287651 0.286714 0.285470 0.281270 0.276312 0.273294 0.270912 0.268638 0.268004 0.265513 0.262572 0.261930 0.257072 0.251992 0.247662 0.242119 0.235342 0.232566 0.229713
-9999.0 -9999.0 -9999.0 0.180424 0.194186 0.205270 0.209543 0.202810 0.206629 0.214451 0.219351 0.226965 0.230520 0.234230 0.240147 0.249910 0.254553 0.254234 0.250933 0.263347 0.266805 0.276599 0.284983 0.287805 0.293475 0.300113 0.302489 0.297292 0.292502 0.285893 0.277533 0.269362 0.264841 0.265819 0.266009 0.267878 0.265956 0.264774 0.260991 0.257284 0.253618 0.250998 0.250587 0.249666 0.249385 0.248702 0.248327 0.246902 0.245263 0.243472 0.241658 0.241604 0.241388 0.240764 0.239929 0.239745 0.239415 0.235088 0.232357 0.229784 0.227141 0.224719 0.222304
-9999.0 -9999.0 -9999.0 -9999.0 -9999.0 0.171988 0.198851 0.204645 0.204624 0.202087 0.204484 0.215180 0.213004 0.213993 0.217828 0.219153 0.219105 0.221395 0.227109 0.231519 0.237565 0.241121 0.246676 0.251662 0.253184 0.256473 0.257678 0.254545 0.252841 0.250015 0.244639 0.238776 0.239154 0.240023 0.240393 0.240137 0.239155 0.238748 0.238177 0.235656 0.233386 0.233407 0.233328 0.232973 0.232472 0.232170 0.231963 0.232133 0.230501 0.228908 0.230148 0.229929 0.229863 0.230222 0.229630 0.229577 0.230476 0.226403 0.224384 0.226096 0.222441 0.220167 0.221477
-9999.0 -9999.0 -9999.0 -9999.0 -9999.0 -9999.0 0.169142 0.185325 0.199377 0.203350 0.209422 0.214099 0.207304 0.209556 0.211821 0.214175 0.218077 0.217629 0.218772 0.220668 0.223457 0.224414 0.227474 0.232039 0.231228 0.231983 0.234760 0.231702 0.230542 0.230361 0.224793 0.226238 0.225578 0.226343 0.226617 0.227362 0.226741 0.226215 0.226109 0.223634 0.223822 0.223322 0.223215 0.223069 0.222907 0.222894 0.223047 0.223286 0.221702 0.222821 0.223279 0.222862 0.222724 0.223166 0.222932 0.222347 0.222862 0.221145 0.221215 0.221561 0.218367 0.218785 0.218884
