tests/Borden05m/sims/sim_1/output-maps/thetaliqL0002N0006.asc
ncols         160
nrows         34
xllcorner     620200.000000
yllcorner     5168000.000000
cellsize      0.500000
NODATA_value  -9999.0
[rows 0 to 27 of 34, columns 0 to 62 of 160]
-9999.0 -9999.0 -9999.0 -9999.0 -9999.0 -9999.0 -9999.0 -9999.0 -9999.0 -9999.0 -9999.0 -9999.0 -9999.0 -9999.0 -9999.0 -9999.0 -9999.0 -9999.0 -9999.0 -9999.0 -9999.0 -9999.0 -9999.0 -9999.0 -9999.0 -9999.0 -9999.0 -9999.0 -9999.0 -9999.0 -9999.0 -9999.0 -9999.0 -9999.0 -9999.0 -9999.0 -9999.0 -9999.0 -9999.0 -9999.0 -9999.0 -9999.0 -9999.0 -9999.0 -9999.0 -9999.0 -9999.0 -9999.0 -9999.0 -9999.0 -9999.0 -9999.0 -9999.0 -9999.0 -9999.0 -9999.0 -9999.0 -9999.0 -9999.0 -9999.0 -9999.0 -9999.0 -9999.0
-9999.0 -9999.0 -9999.0 -9999.0 -9999.0 -9999.0 -9999.0 -9999.0 -9999.0 -9999.0 -9999.0 -9999.0 -9999.0 -9999.0 -9999.0 -9999.0 -9999.0 -9999.0 -9999.0 -9999.0 -9999.0 -9999.0 -9999.0 -9999.0 -9999.0 -9999.0 -9999.0 -9999.0 -9999.0 -9999.0 -9999.0 -9999.0 -9999.0 -9999.0 -9999.0 -9999.0 -9999.0 -9999.0 -9999.0 -9999.0 -9999.0 -9999.0 -9999.0 -9999.0 -9999.0 -9999.0 -9999.0 -9999.0 -9999.0 -9999.0 -9999.0 -9999.0 -9999.0 -9999.0 -9999.0 -9999.0 -9999.0 -9999.0 -9999.0 0.264049 0.262820 0.262084 0.261814
-9999.0 -9999.0 -9999.0 -9999.0 -9999.0 -9999.0 -9999.0 -9999.0 -9999.0 -9999.0 -9999.0 -9999.0 -9999.0 -9999.0 -9999.0 -9999.0 -9999.0 -9999.0 -9999.0 -9999.0 -9999.0 -9999.0 -9999.0 -9999.0 -9999.0 -9999.0 -9999.0 -9999.0 -9999.0 -9999.0 -9999.0 -9999.0 -9999.0 -9999.0 -9999.0 -9999.0 -9999.0 -9999.0 -9999.0 -9999.0 -9999.0 -9999.0 -9999.0 -9999.0 -9999.0 -9999.0 -9999.0 0.257693 0.253526 0.248383 0.246837 0.252478 0.254568 0.256351 0.257269 0.258037 0.259587 0.263104 0.262585 0.256552 0.256198 0.256276 0.256743
-9999.0 -9999.0 -9999.0 -9999.0 -9999.0 -9999.0 -9999.0 -9999.0 -9999.0 -9999.0 -9999.0 -9999.0 -9999.0 -9999.0 -9999.0 -9999.0 -9999.0 -9999.0 -9999.0 -9999.0 -9999.0 -9999.0 -9999.0 -9999.0 -9999.0 -9999.0 -9999.0 -9999.0 -9999.0 -9999.0 -9999.0 -9999.0 -9999.0 -9999.0 -9999.0 -9999.0 -9999.0 -9999.0 -9999.0 -9999.0 0.255446 0.257395 0.259106 0.256448 0.255584 0.256256 0.253615 0.250355 0.246905 0.248179 0.248180 0.245229 0.248835 0.251535 0.252019 0.252273 0.254411 0.258675 0.258163 0.253750 0.251206 0.250488 0.251174
-9999.0 -9999.0 -9999.0 -9999.0 -9999.0 -9999.0 -9999.0 -9999.0 -9999.0 -9999.0 -9999.0 -9999.0 -9999.0 -9999.0 -9999.0 -9999.0 -9999.0 -9999.0 -9999.0 -9999.0 -9999.0 -9999.0 -9999.0 -9999.0 -9999.0 -9999.0 -9999.0 -9999.0 -9999.0 -9999.0 -9999.0 -9999.0 -9999.0 -9999.0 0.248578 0.252145 0.253407 0.254528 0.256523 0.255380 0.254372 0.256044 0.254498 0.254626 0.252937 0.249582 0.246241 0.244469 0.246960 0.246273 0.246153 0.247797 0.248557 0.248450 0.250536 0.254215 0.251442 0.251945 0.251118 0.249308 0.251330 0.252928 0.253917
-9999.0 -9999.0 -9999.0 -9999.0 -9999.0 -9999.0 -9999.0 -9999.0 -9999.0 -9999.0 -9999.0 -9999.0 -9999.0 -9999.0 -9999.0 -9999.0 -9999.0 -9999.0 -9999.0 -9999.0 -9999.0 -9999.0 -9999.0 -9999.0 -9999.0 -9999.0 -9999.0 -9999.0 0.254585 0.253146 0.252070 0.252197 0.251666 0.249500 0.248731 0.248784 0.250405 0.253239 0.253373 0.252657 0.252676 0.251797 0.249594 0.249475 0.252140 0.250135 0.249378 0.248135 0.244430 0.243460 0.245480 0.247265 0.248629 0.248525 0.248154 0.247387 0.247029 0.251823 0.252782 0.249902 0.248526 0.248003 0.248516
-9999.0 -9999.0 -9999.0 -9999.0 -9999.0 -9999.0 -9999.0 -9999.0 -9999.0 -9999.0 -9999.0 -9999.0 -9999.0 -9999.0 -9999.0 -9999.0 -9999.0 -9999.0 -9999.0 -9999.0 -9999.0 -9999.0 -9999.0 0.252530 0.253853 0.254256 0.255377 0.254689 0.251690 0.249847 0.249079 0.248419 0.246791 0.246492 0.246220 0.246900 0.247214 0.250228 0.248061 0.246584 0.249294 0.248469 0.250452 0.252725 0.252270 0.252884 0.248858 0.245832 0.249083 0.250247 0.249837 0.248753 0.249337 0.250113 0.251078 0.253165 0.255940 0.258068 0.262417 0.259115 0.257133 0.253233 0.253761
-9999.0 -9999.0 -9999.0 -9999.0 -9999.0 -9999.0 -9999.0 -9999.0 -9999.0 -9999.0 -9999.0 -9999.0 -9999.0 -9999.0 -9999.0 -9999.0 -9999.0 -9999.0 -9999.0 0.253187 0.252715 0.251796 0.252058 0.249062 0.247753 0.248444 0.249856 0.248876 0.247194 0.245776 0.245923 0.246063 0.245605 0.247552 0.248995 0.249175 0.248206 0.250392 0.250675 0.251737 0.255400 0.252615 0.250017 0.248667 0.248543 0.247669 0.249935 0.250508 0.250478 0.249811 0.249435 0.249609 0.249392 0.251799 0.253651 0.254721 0.255479 0.257178 0.261815 0.259366 0.255546 0.251280 0.251323
-9999.0 -9999.0 -9999.0 -9999.0 -9999.0 -9999.0 -9999.0 -9999.0 -9999.0 -9999.0 -9999.0 -9999.0 -9999.0 -9999.0 -9999.0 -9999.0 0.253334 0.253049 0.251894 0.249985 0.248379 0.248272 0.249359 0.247135 0.246320 0.246665 0.245584 0.246503 0.247512 0.248752 0.249241 0.247578 0.247640 0.247126 0.246564 0.246756 0.249236 0.251374 0.251263 0.252652 0.255770 0.253450 0.252558 0.252643 0.251114 0.251782 0.256630 0.255144 0.252020 0.256775 0.258905 0.257121 0.255833 0.258278 0.261877 0.266016 0.273519 0.277698 0.283247 0.285284 0.278988 0.278140 0.280069
-9999.0 -9999.0 -9999.0 -9999.0 -9999.0 -9999.0 -9999.0 -9999.0 -9999.0 -9999.0 -9999.0 -9999.0 -9999.0 0.253456 0.253168 0.253357 0.250428 0.248194 0.246802 0.244863 0.247031 0.245259 0.244606 0.244860 0.246768 0.246633 0.246659 0.247721 0.247041 0.246186 0.245333 0.243759 0.245093 0.246350 0.246982 0.248764 0.249802 0.250255 0.251962 0.251554 0.252559 0.251400 0.249152 0.248555 0.249810 0.253892 0.256433 0.256340 0.261400 0.266300 0.267928 0.270915 0.271746 0.272711 0.275968 0.286933 0.299991 0.314950 0.323479 0.331436 0.332085 0.333558 0.334427
-9999.0 -9999.0 -9999.0 -9999.0 -9999.0 -9999.0 -9999.0 -9999.0 -9999.0 -9999.0 0.249512 0.250944 0.248808 0.244761 0.242972 0.243742 0.244539 0.242922 0.242816 0.246704 0.248732 0.244702 0.247119 0.246951 0.245113 0.245278 0.246053 0.245866 0.247952 0.247615 0.247141 0.250628 0.251045 0.251494 0.252272 0.252993 0.253159 0.257578 0.260970 0.259235 0.264674 0.267856 0.263985 0.262410 0.262578 0.265708 0.271161 0.278766 0.284010 0.293239 0.304549 0.312118 0.316918 0.321715 0.326696 0.339342 0.360960 0.369409 0.369896 0.369953 0.369961 0.369963 0.369965
-9999.0 -9999.0 -9999.0 -9999.0 -9999.0 -9999.0 -9999.0 -9999.0 0.243902 0.246141 0.247523 0.245730 0.243334 0.238945 0.240488 0.241934 0.242837 0.244271 0.244809 0.245162 0.243836 0.244905 0.247158 0.246120 0.246084 0.247420 0.247034 0.247989 0.249641 0.247742 0.248085 0.249212 0.250062 0.250718 0.251616 0.251444 0.255644 0.261131 0.266648 0.270940 0.277740 0.286084 0.284097 0.284548 0.284220 0.294479 0.309725 0.324719 0.338916 0.356458 0.369130 0.369794 0.369895 0.369937 0.369965 0.369984 0.369999 0.370000 0.370000 0.370000 0.370000 0.370000 0.370000
-9999.0 -9999.0 -9999.0 -9999.0 -9999.0 -9999.0 0.240679 0.245550 0.247873 0.242183 0.237840 0.236403 0.233837 0.239380 0.244182 0.244921 0.245424 0.246042 0.245238 0.241556 0.248527 0.245992 0.243982 0.245704 0.245051 0.244760 0.245592 0.248001 0.248292 0.253196 0.255948 0.257960 0.261399 0.262852 0.264341 0.265960 0.272908 0.282229 0.292963 0.306020 0.319579 0.332450 0.337120 0.339950 0.344731 0.356501 0.369081 0.369860 0.369979 0.369999 0.370000 0.370000 0.370000 0.370000 0.370000 0.370000 0.370000 0.370000 0.370000 0.370000 0.370000 0.370000 0.370000
-9999.0 -9999.0 -9999.0 -9999.0 0.243757 0.244708 0.243550 0.247691 0.250526 0.243576 0.245972 0.244715 0.242413 0.239599 0.236231 0.238362 0.239486 0.240128 0.239289 0.245926 0.251348 0.246452 0.248637 0.253661 0.251468 0.251380 0.250828 0.252259 0.255280 0.258809 0.268904 0.277232 0.281342 0.286271 0.290984 0.298968 0.313325 0.330014 0.349417 0.368451 0.369801 0.369945 0.369972 0.369981 0.369991 0.369999 0.370000 0.370000 0.370000 0.370000 0.370000 0.370000 0.370000 0.370000 0.370000 0.370000 0.370000 0.370000 0.370000 0.370000 0.370000 0.370000 0.370000
-9999.0 -9999.0 -9999.0 0.240955 0.245698 0.247237 0.244510 0.245044 0.248475 0.244540 0.243697 0.242895 0.242342 0.242227 0.241697 0.242781 0.242780 0.241482 0.241999 0.245415 0.246057 0.248073 0.249121 0.251341 0.253235 0.253262 0.253848 0.256734 0.265818 0.274058 0.289297 0.312140 0.328080 0.338531 0.347791 0.363008 0.369278 0.369891 0.369990 0.370000 0.370000 0.370000 0.370000 0.370000 0.370000 0.370000 0.370000 0.370000 0.370000 0.370000 0.370000 0.370000 0.370000 0.370000 0.370000 0.370000 0.370000 0.370000 0.370000 0.370000 0.370000 0.370000 0.370000
-9999.0 -9999.0 0.242104 0.244751 0.242498 0.245613 0.249051 0.245729 0.249879 0.250906 0.245816 0.248099 0.249032 0.245673 0.247039 0.248627 0.249381 0.245633 0.242574 0.246135 0.254627 0.260273 0.261072 0.276606 0.283060 0.287004 0.287490 0.294452 0.306874 0.327396 0.353136 0.369021 0.369869 0.369972 0.369990 0.369999 0.370000 0.370000 0.370000 0.370000 0.370000 0.370000 0.370000 0.370000 0.370000 0.370000 0.370000 0.370000 0.370000 0.370000 0.370000 0.370000 0.370000 0.370000 0.370000 0.370000 0.370000 0.370000 0.370000 0.370000 0.370000 0.370000 0.370000
-9999.0 -9999.0 0.238927 0.243417 0.239778 0.246519 0.252646 0.245151 0.246344 0.252475 0.249853 0.249826 0.247767 0.246976 0.248903 0.253911 0.250551 0.249297 0.241951 0.255313 0.264913 0.280387 0.310354 0.330244 0.343787 0.344869 0.346365 0.356801 0.368364 0.369800 0.369989 0.370000 0.370000 0.370000 0.370000 0.370000 0.370000 0.370000 0.370000 0.370000 0.370000 0.370000 0.370000 0.370000 0.370000 0.370000 0.370000 0.370000 0.370000 0.370000 0.370000 0.370000 0.370000 0.370000 0.370000 0.370000 0.370000 0.370000 0.370000 0.370000 0.370000 0.370000 0.370000
-9999.0 0.238145 0.240283 0.240139 0.244439 0.242176 0.246722 0.253453 0.251731 0.253320 0.252038 0.245585 0.258083 0.268331 0.269990 0.278262 0.273352 0.270588 0.262401 0.272716 0.291206 0.335224 0.369236 0.369927 0.369983 0.369985 0.369983 0.369995 0.370000 0.370000 0.370000 0.370000 0.370000 0.370000 0.370000 0.370000 0.370000 0.370000 0.370000 0.370000 0.370000 0.370000 0.370000 0.370000 0.370000 0.370000 0.370000 0.370000 0.370000 0.370000 0.370000 0.370000 0.370000 0.370000 0.370000 0.370000 0.370000 0.370000 0.370000 0.370000 0.370000 0.370000 0.370000
-9999.0 0.231157 0.240062 0.245147 0.242494 0.237719 0.249020 0.266244 0.256859 0.252694 0.249220 0.256462 0.282938 0.307601 0.320258 0.334373 0.331550 0.324719 0.323458 0.338486 0.365669 0.369777 0.370000 0.370000 0.370000 0.370000 0.370000 0.370000 0.370000 0.370000 0.370000 0.370000 0.370000 0.370000 0.370000 0.370000 0.370000 0.370000 0.370000 0.370000 0.370000 0.370000 0.370000 0.370000 0.370000 0.370000 0.370000 0.370000 0.370000 0.370000 0.370000 0.370000 0.370000 0.370000 0.370000 0.370000 0.370000 0.370000 0.370000 0.370000 0.370000 0.370000 0.370000
-9999.0 0.238481 0.248834 0.245722 0.236329 0.247564 0.250576 0.260435 0.266082 0.258870 0.267343 0.303307 0.345619 0.369262 0.369913 0.369956 0.369964 0.369936 0.369959 0.369995 0.370000 0.370000 0.370000 0.370000 0.370000 0.370000 0.370000 0.370000 0.370000 0.370000 0.370000 0.370000 0.370000 0.370000 0.370000 0.370000 0.370000 0.370000 0.370000 0.370000 0.370000 0.370000 0.370000 0.370000 0.370000 0.370000 0.370000 0.370000 0.370000 0.370000 0.370000 0.370000 0.370000 0.370000 0.370000 0.370000 0.370000 0.370000 0.370000 0.370000 0.370000 0.370000 0.370000
-9999.0 0.226465 0.241056 0.228151 0.244490 0.258075 0.253028 0.269815 0.286530 0.284832 0.327831 0.368821 0.369993 0.370000 0.370000 0.370000 0.370000 0.370000 0.370000 0.370000 0.370000 0.370000 0.370000 0.370000 0.370000 0.370000 0.370000 0.370000 0.370000 0.370000 0.370000 0.370000 0.370000 0.370000 0.370000 0.370000 0.370000 0.370000 0.370000 0.370000 0.370000 0.370000 0.370000 0.370000 0.370000 0.370000 0.370000 0.370000 0.370000 0.370000 0.370000 0.370000 0.370000 0.370000 0.370000 0.370000 0.370000 0.370000 0.370000 0.370000 0.370000 0.370000 0.370000
-9999.0 0.218145 0.227932 0.235027 0.249337 0.258747 0.266413 0.283572 0.317329 0.339797 0.368985 0.369994 0.370000 0.370000 0.370000 0.370000 0.370000 0.370000 0.370000 0.370000 0.370000 0.370000 0.370000 0.370000 0.370000 0.370000 0.370000 0.370000 0.370000 0.370000 0.370000 0.370000 0.370000 0.370000 0.370000 0.370000 0.370000 0.370000 0.370000 0.370000 0.370000 0.370000 0.370000 0.370000 0.370000 0.370000 0.370000 0.370000 0.370000 0.370000 0.370000 0.370000 0.370000 0.370000 0.370000 0.370000 0.370000 0.370000 0.370000 0.370000 0.369984 0.369961 0.369940
-9999.0 0.200014 0.231738 0.235137 0.243414 0.244981 0.245388 0.259212 0.277562 0.338970 0.369920 0.370000 0.370000 0.370000 0.370000 0.370000 0.370000 0.370000 0.370000 0.370000 0.370000 0.370000 0.370000 0.370000 0.370000 0.370000 0.370000 0.370000 0.370000 0.370000 0.370000 0.370000 0.370000 0.370000 0.370000 0.370000 0.370000 0.370000 0.370000 0.370000 0.370000 0.370000 0.370000 0.370000 0.370000 0.370000 0.370000 0.370000 0.370000 0.370000 0.370000 0.370000 0.370000 0.370000 0.370000 0.370000 0.369989 0.369941 0.369650 0.364300 0.339486 0.326785 0.325945
-9999.0 -9999.0 0.216763 0.235601 0.237331 0.239423 0.240663 0.252370 0.262089 0.302215 0.339440 0.368974 0.369920 0.369987 0.370000 0.370000 0.370000 0.370000 0.370000 0.370000 0.370000 0.370000 0.370000 0.370000 0.370000 0.370000 0.370000 0.370000 0.370000 0.370000 0.370000 0.370000 0.370000 0.370000 0.370000 0.370000 0.370000 0.370000 0.370000 0.370000 0.369999 0.369996 0.369995 0.369994 0.369994 0.369994 0.369992 0.369986 0.369976 0.369963 0.369957 0.369947 0.369925 0.369842 0.369456 0.364507 0.348623 0.335340 0.323488 0.304863 0.289895 0.278111 0.271388
-9999.0 -9999.0 0.197092 0.225784 0.238418 0.247188 0.244702 0.244623 0.262874 0.268158 0.277782 0.297476 0.316891 0.333249 0.352032 0.369172 0.369816 0.369896 0.369915 0.369930 0.369959 0.369976 0.369984 0.369990 0.369996 0.369998 0.369999 0.369998 0.369994 0.369986 0.369967 0.369931 0.369903 0.369880 0.369896 0.369917 0.369895 0.369819 0.369434 0.365007 0.354932 0.346916 0.344520 0.343947 0.343993 0.342909 0.341334 0.336805 0.331386 0.327676 0.324660 0.321612 0.319581 0.314716 0.307959 0.302557 0.294492 0.287498 0.281633 0.274392 0.266189 0.262872 0.259581
-9999.0 -9999.0 -9999.0 0.200033 0.217851 0.231800 0.236928 0.228335 0.232804 0.242160 0.248135 0.257880 0.262990 0.268076 0.276202 0.292857 0.301891 0.303698 0.302046 0.315520 0.320384 0.330769 0.339610 0.343460 0.349925 0.357104 0.359066 0.353978 0.348380 0.340891 0.331582 0.322264 0.316587 0.316730 0.316987 0.318846 0.316321 0.313348 0.306256 0.297954 0.291906 0.288174 0.287426 0.286335 0.285982 0.285133 0.284533 0.282623 0.280405 0.278061 0.275762 0.275423 0.274865 0.273709 0.272231 0.271583 0.270925 0.265794 0.262549 0.259548 0.256477 0.253713 0.250968
-9999.0 -9999.0 -9999.0 -9999.0 -9999.0 0.188780 0.223928 0.230975 0.230748 0.227333 0.230140 0.243200 0.240468 0.241635 0.246343 0.248446 0.248896 0.251904 0.258841 0.264257 0.271498 0.275945 0.282604 0.288468 0.290705 0.295005 0.296546 0.292562 0.290041 0.286276 0.279626 0.272463 0.272493 0.273338 0.273790 0.273566 0.272314 0.271532 0.270397 0.267024 0.264179 0.264109 0.264005 0.263596 0.263021 0.262666 0.262418 0.262577 0.260614 0.258715 0.260140 0.259864 0.259762 0.260154 0.259437 0.259384 0.260465 0.255711 0.253396 0.255514 0.251262 0.248651 0.250315
-9999.0 -9999.0 -9999.0 -9999.0 -9999.0 -9999.0 0.185126 0.206554 0.224537 0.229321 0.236700 0.242281 0.233793 0.236415 0.239089 0.241914 0.246585 0.245990 0.247269 0.249451 0.252711 0.253800 0.257389 0.262730 0.261803 0.262733 0.265966 0.262339 0.260894 0.260586 0.253967 0.255597 0.254798 0.255711 0.256064 0.256970 0.256230 0.255587 0.255422 0.252469 0.252683 0.252108 0.252003 0.251851 0.251675 0.251673 0.251870 0.252162 0.250282 0.251623 0.252185 0.251700 0.251549 0.252095 0.251833 0.251174 0.251841 0.249839 0.249977 0.250470 0.246712 0.247276 0.247468
