tests/Borden05m/sims/sim_1/output-maps/thetaliqL0002N0008.asc
ncols         160
nrows         34
xllcorner     620200.000000
yllcorner     5168000.000000
cellsize      0.500000
NODATA_value  -9999.0
[rows 0 to 27 of 34, columns 63 to 125 of 160]
-9999.0 -9999.0 -9999.0 -9999.0 -9999.0 -9999.0 -9999.0 -9999.0 -9999.0 -9999.0 -9999.0 -9999.0 -9999.0 -9999.0 -9999.0 -9999.0 -9999.0 -9999.0 -9999.0 -9999.0 -9999.0 -9999.0 -9999.0 -9999.0 -9999.0 -9999.0 -9999.0 -9999.0 -9999.0 -9999.0 -9999.0 -9999.0 -9999.0 -9999.0 -9999.0 -9999.0 -9999.0 -9999.0 -9999.0 -9999.0 -9999.0 -9999.0 -9999.0 -9999.0 -9999.0 -9999.0 -9999.0 -9999.0 -9999.0 -9999.0 -9999.0 -9999.0 -9999.0 -9999.0 -9999.0 -9999.0 -9999.0 -9999.0 -9999.0 -9999.0 -9999.0 -9999.0 -9999.0
0.274628 0.273519 0.272061 0.271984 0.272275 0.271975 0.271206 0.271973 0.272906 0.273637 0.274830 0.274366 0.274408 0.274882 0.275018 0.274827 0.274288 0.274013 0.273657 0.274545 0.272792 0.270477 0.268697 0.268385 0.270086 0.270995 0.270641 0.271361 0.273066 0.274381 0.274478 0.276081 0.275331 0.275893 0.277186 0.276209 0.276161 0.276596 0.277351 0.274731 -9999.0 -9999.0 -9999.0 -9999.0 -9999.0 -9999.0 -9999.0 -9999.0 -9999.0 -9999.0 -9999.0 -9999.0 -9999.0 -9999.0 -9999.0 -9999.0 -9999.0 -9999.0 -9999.0 -9999.0 -9999.0 -9999.0 -9999.0
0.270856 0.269012 0.268730 0.267284 0.266624 0.266437 0.265748 0.266090 0.268479 0.270092 0.270408 0.269844 0.269498 0.268839 0.268424 0.268597 0.268059 0.267601 0.267101 0.267410 0.269229 0.267485 0.266666 0.265762 0.264676 0.264983 0.265222 0.265230 0.267408 0.267976 0.268204 0.270995 0.273580 0.274092 0.272851 0.271679 0.272290 0.272546 0.271733 0.271001 0.271614 0.271367 0.271353 0.270296 0.271940 0.271611 0.273220 0.274436 0.275850 0.278271 -9999.0 -9999.0 -9999.0 -9999.0 -9999.0 -9999.0 -9999.0 -9999.0 -9999.0 -9999.0 -9999.0 -9999.0 -9999.0
0.268127 0.267550 0.266107 0.263720 0.266248 0.265803 0.265483 0.265845 0.266598 0.266895 0.267190 0.267584 0.269662 0.269324 0.269072 0.269202 0.268865 0.268224 0.268400 0.268112 0.266255 0.266630 0.267119 0.266634 0.268452 0.268492 0.269639 0.266303 0.266739 0.267276 0.267499 0.267486 0.267563 0.267968 0.266508 0.267761 0.266968 0.264883 0.264824 0.265539 0.268067 0.269413 0.268320 0.263733 0.266130 0.271069 0.270380 0.269244 0.271333 0.273332 0.276537 0.275904 0.275582 0.276020 0.276898 0.274486 0.273249 0.272527 0.268779 -9999.0 -9999.0 -9999.0 -9999.0
0.267956 0.266285 0.264125 0.268025 0.269387 0.268278 0.268643 0.269798 0.269955 0.264962 0.263629 0.265361 0.267085 0.267702 0.266661 0.266161 0.265258 0.265342 0.265996 0.265554 0.266350 0.266939 0.265869 0.266971 0.268272 0.269694 0.266715 0.264032 0.264222 0.266448 0.267904 0.268391 0.270390 0.273863 0.273229 0.272657 0.272799 0.273194 0.269461 0.265890 0.264554 0.264026 0.262958 0.264118 0.263191 0.267259 0.266800 0.265988 0.267693 0.268828 0.270418 0.271591 0.271337 0.271906 0.272762 0.272378 0.270833 0.270338 0.270293 0.269198 0.266079 0.259383 0.259912
0.262948 0.262815 0.266073 0.267440 0.270200 0.268625 0.268571 0.268444 0.265282 0.263012 0.261324 0.266242 0.269909 0.270839 0.269473 0.268275 0.271788 0.270782 0.270535 0.268497 0.269189 0.268496 0.271939 0.273044 0.274855 0.274126 0.270685 0.267797 0.267762 0.268045 0.267492 0.268063 0.269940 0.272504 0.270282 0.269794 0.270932 0.265344 0.261153 0.260076 0.264217 0.266590 0.266380 0.266942 0.267352 0.264734 0.265469 0.265790 0.264375 0.267262 0.270098 0.270261 0.267567 0.266749 0.268255 0.268408 0.269148 0.268455 0.267627 0.267234 0.261117 0.263586 0.260044
0.268712 0.269656 0.270821 0.273383 0.279139 0.277118 0.277204 0.279329 0.276047 0.273122 0.268104 0.273642 0.274320 0.275610 0.274810 0.278701 0.282300 0.280225 0.277437 0.273749 0.275934 0.280407 0.284381 0.284973 0.285261 0.286113 0.283194 0.282769 0.282335 0.282798 0.280511 0.280297 0.283055 0.288292 0.288911 0.286822 0.282491 0.275344 0.268667 0.265193 0.271003 0.269633 0.269167 0.270479 0.267608 0.266139 0.269366 0.267035 0.265171 0.269300 0.269448 0.268636 0.265094 0.269447 0.269087 0.266156 0.264467 0.263854 0.263441 0.262125 0.264060 0.263278 0.260342
0.268558 0.269287 0.273418 0.279152 0.285379 0.288309 0.291190 0.295199 0.292240 0.289411 0.285869 0.286588 0.290624 0.294275 0.298889 0.305385 0.313116 0.312875 0.310640 0.310827 0.311993 0.317598 0.322316 0.324011 0.325138 0.327741 0.326228 0.323335 0.319768 0.315769 0.311814 0.308031 0.312495 0.317229 0.315552 0.303542 0.294904 0.286497 0.278267 0.268374 0.269127 0.271403 0.273734 0.270297 0.269240 0.266404 0.266338 0.267341 0.263549 0.265912 0.266110 0.268668 0.272892 0.274202 0.270979 0.269647 0.268029 0.266141 0.264574 0.266501 0.267369 0.265612 0.263685
0.299375 0.300480 0.305977 0.319606 0.334878 0.347512 0.359964 0.362152 0.357055 0.351262 0.343826 0.339808 0.345232 0.351824 0.360570 0.368120 0.369516 0.369767 0.369809 0.369825 0.369839 0.369846 0.369866 0.369892 0.369914 0.369930 0.369931 0.369905 0.369883 0.369845 0.369796 0.369779 0.369735 0.369727 0.369514 0.366880 0.351352 0.337093 0.323247 0.309990 0.297141 0.297935 0.293497 0.290207 0.286567 0.276295 0.274313 0.273609 0.264524 0.263709 0.266549 0.270305 0.273450 0.268329 0.266703 0.265420 0.263824 0.261305 0.263257 0.265490 0.266374 0.265963 0.266073
0.356858 0.361717 0.368036 0.369663 0.369932 0.369985 0.369997 0.369999 0.369997 0.369992 0.369984 0.369974 0.369978 0.369992 0.369999 0.370000 0.370000 0.370000 0.370000 0.370000 0.370000 0.370000 0.370000 0.370000 0.370000 0.370000 0.370000 0.370000 0.370000 0.370000 0.370000 0.370000 0.370000 0.370000 0.370000 0.370000 0.369994 0.369959 0.369830 0.369054 0.360412 0.345489 0.336516 0.329547 0.313936 0.297195 0.283842 0.275669 0.267417 0.265901 0.275996 0.285418 0.280428 0.279371 0.277482 0.273529 0.270477 0.265779 0.267310 0.268648 0.268322 0.267838 0.267153
0.369997 0.369999 0.370000 0.370000 0.370000 0.370000 0.370000 0.370000 0.370000 0.370000 0.370000 0.370000 0.370000 0.370000 0.370000 0.370000 0.370000 0.370000 0.370000 0.370000 0.370000 0.370000 0.370000 0.370000 0.370000 0.370000 0.370000 0.370000 0.370000 0.370000 0.370000 0.370000 0.370000 0.370000 0.370000 0.370000 0.370000 0.370000 0.370000 0.370000 0.369998 0.369981 0.369959 0.369915 0.369790 0.368095 0.355114 0.339707 0.324875 0.309305 0.316480 0.306545 0.301690 0.296734 0.289981 0.284733 0.279991 0.274671 0.274868 0.275535 0.274691 0.274819 0.273952
0.370000 0.370000 0.370000 0.370000 0.370000 0.370000 0.370000 0.370000 0.370000 0.370000 0.370000 0.370000 0.370000 0.370000 0.370000 0.370000 0.370000 0.370000 0.370000 0.370000 0.370000 0.370000 0.370000 0.370000 0.370000 0.370000 0.370000 0.370000 0.370000 0.370000 0.370000 0.370000 0.370000 0.370000 0.370000 0.370000 0.370000 0.370000 0.370000 0.370000 0.370000 0.370000 0.370000 0.370000 0.370000 0.370000 0.369999 0.369990 0.369933 0.369669 0.368558 0.360133 0.349513 0.336414 0.324281 0.314858 0.298945 0.287325 0.281314 0.280731 0.280012 0.279095 0.277342
0.370000 0.370000 0.370000 0.370000 0.370000 0.370000 0.370000 0.370000 0.370000 0.370000 0.370000 0.370000 0.370000 0.370000 0.370000 0.370000 0.370000 0.370000 0.370000 0.370000 0.370000 0.370000 0.370000 0.370000 0.370000 0.370000 0.370000 0.370000 0.370000 0.370000 0.370000 0.370000 0.370000 0.370000 0.370000 0.370000 0.370000 0.370000 0.370000 0.370000 0.370000 0.370000 0.370000 0.370000 0.370000 0.370000 0.370000 0.370000 0.370000 0.370000 0.370000 0.369998 0.369988 0.369940 0.369817 0.369354 0.360678 0.338739 0.324324 0.316407 0.303507 0.295413 0.290940
0.370000 0.370000 0.370000 0.370000 0.370000 0.370000 0.370000 0.370000 0.370000 0.370000 0.370000 0.370000 0.370000 0.370000 0.370000 0.370000 0.370000 0.370000 0.370000 0.370000 0.370000 0.370000 0.370000 0.370000 0.370000 0.370000 0.370000 0.370000 0.370000 0.370000 0.370000 0.370000 0.370000 0.370000 0.370000 0.370000 0.370000 0.370000 0.370000 0.370000 0.370000 0.370000 0.370000 0.370000 0.370000 0.370000 0.370000 0.370000 0.370000 0.370000 0.370000 0.370000 0.370000 0.370000 0.370000 0.370000 0.369999 0.369973 0.369839 0.369123 0.356158 0.339328 0.327145
0.370000 0.370000 0.370000 0.370000 0.370000 0.370000 0.370000 0.370000 0.370000 0.370000 0.370000 0.370000 0.370000 0.370000 0.370000 0.370000 0.370000 0.370000 0.370000 0.370000 0.370000 0.370000 0.370000 0.370000 0.370000 0.370000 0.370000 0.370000 0.370000 0.370000 0.370000 0.370000 0.370000 0.370000 0.370000 0.370000 0.370000 0.370000 0.370000 0.370000 0.370000 0.370000 0.370000 0.370000 0.370000 0.370000 0.370000 0.370000 0.370000 0.370000 0.370000 0.370000 0.370000 0.370000 0.370000 0.370000 0.370000 0.370000 0.370000 0.370000 0.369996 0.369956 0.369732
0.370000 0.370000 0.370000 0.370000 0.370000 0.370000 0.370000 0.370000 0.370000 0.370000 0.370000 0.370000 0.370000 0.370000 0.370000 0.370000 0.370000 0.370000 0.370000 0.370000 0.370000 0.370000 0.370000 0.370000 0.370000 0.370000 0.370000 0.370000 0.370000 0.370000 0.370000 0.370000 0.370000 0.370000 0.370000 0.370000 0.370000 0.370000 0.370000 0.370000 0.370000 0.370000 0.370000 0.370000 0.370000 0.370000 0.370000 0.370000 0.370000 0.370000 0.370000 0.370000 0.370000 0.370000 0.370000 0.370000 0.370000 0.370000 0.370000 0.370000 0.370000 0.370000 0.370000
0.370000 0.370000 0.370000 0.370000 0.370000 0.370000 0.370000 0.370000 0.370000 0.370000 0.370000 0.370000 0.370000 0.370000 0.370000 0.370000 0.370000 0.370000 0.370000 0.370000 0.370000 0.370000 0.370000 0.370000 0.370000 0.370000 0.370000 0.370000 0.370000 0.370000 0.370000 0.370000 0.370000 0.370000 0.370000 0.370000 0.370000 0.370000 0.370000 0.370000 0.370000 0.370000 0.370000 0.370000 0.370000 0.370000 0.370000 0.370000 0.370000 0.370000 0.370000 0.370000 0.370000 0.370000 0.370000 0.370000 0.370000 0.370000 0.370000 0.370000 0.370000 0.370000 0.370000
0.370000 0.370000 0.370000 0.370000 0.370000 0.370000 0.370000 0.370000 0.370000 0.370000 0.370000 0.370000 0.370000 0.370000 0.370000 0.370000 0.370000 0.370000 0.370000 0.370000 0.370000 0.370000 0.370000 0.370000 0.370000 0.370000 0.370000 0.370000 0.370000 0.370000 0.370000 0.370000 0.370000 0.370000 0.370000 0.370000 0.370000 0.370000 0.370000 0.370000 0.370000 0.370000 0.370000 0.370000 0.370000 0.370000 0.370000 0.370000 0.370000 0.370000 0.370000 0.370000 0.370000 0.370000 0.370000 0.370000 0.370000 0.370000 0.370000 0.370000 0.370000 0.370000 0.370000
0.370000 0.370000 0.370000 0.370000 0.370000 0.370000 0.370000 0.370000 0.370000 0.370000 0.370000 0.370000 0.370000 0.370000 0.370000 0.370000 0.370000 0.370000 0.370000 0.370000 0.370000 0.370000 0.370000 0.369999 0.369999 0.369998 0.369999 0.370000 0.370000 0.370000 0.370000 0.370000 0.370000 0.370000 0.370000 0.370000 0.370000 0.370000 0.370000 0.370000 0.370000 0.370000 0.370000 0.370000 0.370000 0.370000 0.370000 0.370000 0.370000 0.370000 0.370000 0.370000 0.370000 0.370000 0.370000 0.370000 0.370000 0.370000 0.370000 0.370000 0.370000 0.370000 0.370000
0.370000 0.370000 0.370000 0.370000 0.370000 0.370000 0.370000 0.369999 0.369995 0.369975 0.369956 0.369941 0.369950 0.369928 0.369863 0.369747 0.369566 0.368839 0.364414 0.361570 0.363674 0.366634 0.363829 0.360575 0.360732 0.359469 0.360427 0.367809 0.369561 0.369789 0.369868 0.369908 0.369922 0.369937 0.369983 0.369996 0.370000 0.370000 0.370000 0.370000 0.370000 0.370000 0.370000 0.370000 0.370000 0.370000 0.370000 0.370000 0.370000 0.370000 0.370000 0.370000 0.370000 0.370000 0.370000 0.370000 0.370000 0.370000 0.370000 0.370000 0.370000 0.370000 0.370000
0.370000 0.370000 0.370000 0.369992 0.369936 0.369796 0.369089 0.362981 0.350308 0.337263 0.330150 0.330553 0.332795 0.330259 0.323553 0.317349 0.312437 0.307209 0.300482 0.297033 0.300487 0.304003 0.302779 0.301957 0.302913 0.302533 0.302306 0.303921 0.312173 0.316949 0.321077 0.323884 0.325290 0.334452 0.344489 0.354397 0.368068 0.369709 0.369937 0.369991 0.370000 0.370000 0.370000 0.370000 0.370000 0.370000 0.370000 0.370000 0.370000 0.370000 0.370000 0.370000 0.370000 0.370000 0.370000 0.370000 0.370000 0.370000 0.370000 0.370000 0.370000 0.370000 0.370000
0.369974 0.369881 0.368897 0.350966 0.334394 0.323960 0.313450 0.303226 0.294446 0.287224 0.282644 0.286286 0.287732 0.290713 0.286099 0.282535 0.282017 0.278863 0.276187 0.272090 0.275529 0.276617 0.280220 0.279403 0.279216 0.280877 0.279990 0.279918 0.277486 0.280257 0.281392 0.282545 0.288581 0.293874 0.299497 0.304780 0.313336 0.324773 0.336598 0.350900 0.367711 0.369700 0.369934 0.369990 0.370000 0.370000 0.370000 0.370000 0.370000 0.370000 0.370000 0.370000 0.370000 0.370000 0.370000 0.370000 0.370000 0.370000 0.370000 0.370000 0.370000 0.370000 0.370000
0.333218 0.322357 0.304920 0.293752 0.289147 0.284325 0.280900 0.278537 0.274090 0.271242 0.265785 0.268212 0.271152 0.275561 0.271833 0.271558 0.272702 0.270876 0.268954 0.265262 0.265762 0.268544 0.271838 0.271275 0.271754 0.273720 0.273797 0.272244 0.268851 0.269467 0.271170 0.272528 0.275681 0.278330 0.280871 0.282940 0.286554 0.291213 0.296365 0.303590 0.314761 0.324852 0.336930 0.352340 0.367989 0.369668 0.369903 0.369980 0.369997 0.370000 0.370000 0.370000 0.370000 0.370000 0.370000 0.370000 0.370000 0.370000 0.370000 0.370000 0.370000 0.370000 0.370000
0.281077 0.275584 0.274065 0.272303 0.270285 0.268775 0.267030 0.265484 0.264363 0.261968 0.256208 0.258803 0.262109 0.265898 0.266036 0.265719 0.266222 0.265562 0.263085 0.258308 0.260290 0.262941 0.265245 0.265769 0.266046 0.267567 0.266388 0.264043 0.260537 0.261865 0.264162 0.265063 0.266192 0.268082 0.270040 0.271879 0.274075 0.276197 0.279398 0.283105 0.287656 0.293124 0.299477 0.308095 0.315022 0.324215 0.332239 0.343363 0.358132 0.369089 0.369845 0.369971 0.369999 0.370000 0.370000 0.370000 0.370000 0.370000 0.370000 0.370000 0.370000 0.370000 0.370000
0.271614 0.268606 0.266922 0.265591 0.267232 0.266853 0.264547 0.265208 0.264168 0.259538 0.261585 0.262988 0.266902 0.265990 0.265736 0.264813 0.265554 0.265040 0.260317 0.262841 0.263747 0.266298 0.266490 0.266838 0.267109 0.267504 0.266942 0.263589 0.264307 0.265021 0.267228 0.266846 0.267311 0.269542 0.269621 0.270506 0.271994 0.273492 0.275325 0.277662 0.281383 0.285267 0.289140 0.289738 0.292755 0.295714 0.293178 0.299052 0.305283 0.315330 0.327660 0.340705 0.362938 0.369677 0.369991 0.370000 0.370000 0.370000 0.370000 0.370000 0.370000 0.370000 0.370000
0.264354 0.261950 0.259261 0.261519 0.262141 0.262316 0.262027 0.261334 0.259369 0.262214 0.262614 0.262385 0.262036 0.261966 0.262280 0.261798 0.261532 0.261714 0.263740 0.263958 0.263186 0.263753 0.264130 0.264605 0.263685 0.263796 0.263820 0.264533 0.264380 0.263694 0.264678 0.264738 0.264728 0.265453 0.265740 0.266161 0.267427 0.268079 0.269014 0.271344 0.274409 0.276229 0.275680 0.277399 0.278142 0.276233 0.274668 0.277457 0.280108 0.282379 0.288157 0.294080 0.302583 0.326865 0.356509 0.369517 0.369978 0.370000 0.370000 0.370000 0.370000 0.370000 0.370000
0.263230 0.260966 0.260849 0.262542 0.262905 0.263074 0.261574 0.260142 0.261895 0.262568 0.262490 0.261833 0.262505 0.262752 0.263625 0.262749 0.262314 0.262543 0.262719 0.262518 0.263061 0.263379 0.263594 0.265563 0.264307 0.264134 0.264809 0.264437 0.264140 0.263461 0.264688 0.264952 0.264806 0.265651 0.265921 0.266166 0.266630 0.267716 0.270412 0.272118 0.274667 0.277188 0.277149 0.277351 0.276450 0.275888 0.272315 0.272206 0.275838 0.274517 0.276783 0.281058 0.280483 0.291182 0.307607 0.325050 0.346861 0.368649 0.369935 0.369998 0.370000 0.370000 0.370000
0.260896 0.261482 0.260404 0.260959 0.260965 0.260222 0.259269 0.260612 0.260570 0.260477 0.260582 0.260207 0.260850 0.261342 0.261843 0.261519 0.261439 0.260470 0.260391 0.261274 0.261275 0.261734 0.262836 0.264377 0.263173 0.262880 0.262836 0.262380 0.262367 0.261660 0.262693 0.263406 0.263430 0.264620 0.264883 0.263655 0.264710 0.266805 0.268778 0.269741 0.271831 0.275915 0.273923 0.273595 0.274338 0.271517 0.268059 0.268180 0.269376 0.268160 0.270446 0.271439 0.270413 0.275791 0.279881 0.285583 0.295191 0.315547 0.340364 0.363686 0.369671 0.369981 0.370000
