tests/Borden05m/sims/sim_1/output-maps/thetaliqL0004N0011.asc
ncols         160
nrows         34
xllcorner     620200.000000
yllcorner     5168000.000000
cellsize      0.500000
NODATA_value  -9999.0
[rows 0 to 27 of 34, columns 63 to 125 of 160]
-9999.0 -9999.0 -9999.0 -9999.0 -9999.0 -9999.0 -9999.0 -9999.0 -9999.0 -9999.0 -9999.0 -9999.0 -9999.0 -9999.0 -9999.0 -9999.0 -9999.0 -9999.0 -9999.0 -9999.0 -9999.0 -9999.0 -9999.0 -9999.0 -9999.0 -9999.0 -9999.0 -9999.0 -9999.0 -9999.0 -9999.0 -9999.0 -9999.0 -9999.0 -9999.0 -9999.0 -9999.0 -9999.0 -9999.0 -9999.0 -9999.0 -9999.0 -9999.0 -9999.0 -9999.0 -9999.0 -9999.0 -9999.0 -9999.0 -9999.0 -9999.0 -9999.0 -9999.0 -9999.0 -9999.0 -9999.0 -9999.0 -9999.0 -9999.0 -9999.0 -9999.0 -9999.0 -9999.0
0.187594 0.185004 0.182075 0.181516 0.181776 0.181271 0.180212 0.181773 0.183862 0.185694 0.188128 0.187809 0.188163 0.189078 0.189318 0.188884 0.187751 0.186966 0.186067 0.187042 0.183745 0.179443 0.176184 0.175496 0.178158 0.179816 0.179631 0.181259 0.184756 0.187840 0.189112 0.192837 0.192667 0.194202 0.196426 0.194579 0.194016 0.194080 0.194441 0.189522 -9999.0 -9999.0 -9999.0 -9999.0 -9999.0 -9999.0 -9999.0 -9999.0 -9999.0 -9999.0 -9999.0 -9999.0 -9999.0 -9999.0 -9999.0 -9999.0 -9999.0 -9999.0 -9999.0 -9999.0 -9999.0 -9999.0 -9999.0
0.180760 0.177373 0.176407 0.173961 0.172935 0.172672 0.171779 0.172624 0.176690 0.179635 0.180579 0.180116 0.179942 0.179123 0.178525 0.178685 0.177641 0.176649 0.175612 0.175799 0.178110 0.175043 0.173446 0.171965 0.170484 0.171114 0.171654 0.171965 0.175799 0.177494 0.178809 0.184201 0.189239 0.190680 0.188775 0.186580 0.186894 0.186416 0.184146 0.181933 0.181495 0.180390 0.179833 0.177971 0.180761 0.181024 0.184318 0.187175 0.190585 0.195425 -9999.0 -9999.0 -9999.0 -9999.0 -9999.0 -9999.0 -9999.0 -9999.0 -9999.0 -9999.0 -9999.0 -9999.0 -9999.0
0.175828 0.174662 0.172309 0.168886 0.172814 0.172350 0.172044 0.172816 0.174140 0.174714 0.175386 0.176465 0.180153 0.180013 0.179736 0.179903 0.179237 0.178033 0.178041 0.177339 0.174373 0.174756 0.175433 0.174832 0.177758 0.177981 0.179591 0.174510 0.175437 0.176868 0.178008 0.178932 0.180008 0.181242 0.179015 0.180439 0.178376 0.174058 0.172666 0.172634 0.175582 0.177019 0.174876 0.167916 0.171619 0.179563 0.179196 0.178179 0.182290 0.186419 0.191944 0.191377 0.190929 0.191469 0.192289 0.187368 0.184023 0.181488 0.174785 -9999.0 -9999.0 -9999.0 -9999.0
0.175779 0.173291 0.170409 0.176755 0.179570 0.178311 0.179095 0.180947 0.180936 0.173074 0.171070 0.174231 0.177677 0.179202 0.177876 0.177216 0.175892 0.175843 0.176578 0.175689 0.176846 0.177928 0.176711 0.178799 0.181211 0.183385 0.178374 0.173798 0.174081 0.177873 0.180791 0.182482 0.186716 0.193078 0.192081 0.190470 0.189347 0.187933 0.180142 0.173319 0.170569 0.169301 0.167332 0.168713 0.167401 0.173583 0.173209 0.172371 0.175496 0.178116 0.181363 0.183608 0.183249 0.183948 0.184783 0.183176 0.179550 0.177423 0.175854 0.172378 0.166369 0.156290 0.156905
0.170023 0.170252 0.175932 0.179418 0.185036 0.183356 0.183608 0.183366 0.177893 0.173619 0.170918 0.179096 0.185998 0.188445 0.186849 0.185481 0.191315 0.189579 0.188694 0.185129 0.186396 0.186081 0.192485 0.195201 0.198678 0.197360 0.190881 0.185418 0.185041 0.185690 0.185303 0.187067 0.191400 0.196691 0.193082 0.191113 0.190678 0.179018 0.169970 0.166638 0.171937 0.175043 0.174318 0.174733 0.174875 0.170755 0.171680 0.172076 0.170265 0.175224 0.180259 0.180906 0.176769 0.175343 0.177033 0.176284 0.176141 0.173824 0.171314 0.169364 0.159692 0.162361 0.157465
0.182997 0.185391 0.188921 0.195340 0.207176 0.205335 0.206171 0.209740 0.203361 0.197249 0.188690 0.198461 0.201213 0.204740 0.204535 0.211983 0.218633 0.214496 0.208674 0.201865 0.205978 0.215008 0.223684 0.225997 0.227160 0.228468 0.222382 0.220461 0.219098 0.219667 0.215920 0.216433 0.223018 0.233806 0.234935 0.229547 0.218630 0.201896 0.186918 0.178967 0.186935 0.184351 0.182994 0.184076 0.178567 0.175294 0.179396 0.175352 0.172318 0.178884 0.179802 0.179016 0.173814 0.180037 0.178665 0.172982 0.169126 0.166951 0.165253 0.162499 0.164423 0.162821 0.158659
0.190973 0.193523 0.202308 0.214837 0.229424 0.237684 0.244584 0.252083 0.246273 0.239617 0.231968 0.233793 0.242894 0.251746 0.261577 0.272636 0.284171 0.281299 0.275160 0.274388 0.277194 0.289505 0.300475 0.304980 0.307892 0.313034 0.309485 0.302836 0.294844 0.286580 0.279001 0.273088 0.283610 0.294547 0.292641 0.272161 0.253758 0.232507 0.212318 0.192465 0.192565 0.195579 0.198280 0.191074 0.187100 0.180501 0.178799 0.178892 0.172217 0.175748 0.176783 0.181507 0.188364 0.189939 0.183563 0.179712 0.175499 0.171217 0.167939 0.170011 0.170722 0.167733 0.164819
0.260353 0.263494 0.273139 0.298559 0.331076 0.350608 0.358730 0.359768 0.357918 0.354489 0.347404 0.342578 0.349655 0.355591 0.359352 0.361087 0.362216 0.362891 0.362823 0.362828 0.363016 0.363255 0.363692 0.364167 0.364620 0.365122 0.365256 0.364641 0.364010 0.363257 0.362512 0.362318 0.362115 0.362658 0.362560 0.360374 0.353993 0.335638 0.304329 0.276753 0.255915 0.256013 0.245878 0.236666 0.226143 0.204996 0.198634 0.194681 0.178346 0.176697 0.182127 0.189381 0.194644 0.185453 0.180845 0.176572 0.171977 0.166581 0.168351 0.171047 0.171881 0.170820 0.170721
0.358555 0.359879 0.360796 0.363644 0.366275 0.368047 0.368940 0.369171 0.368945 0.368625 0.368161 0.367710 0.367792 0.368380 0.368898 0.369243 0.369408 0.369458 0.369434 0.369437 0.369451 0.369488 0.369506 0.369553 0.369621 0.369720 0.369816 0.369801 0.369674 0.369532 0.369301 0.369176 0.369104 0.368967 0.368944 0.368919 0.368105 0.366693 0.364452 0.361600 0.358404 0.349631 0.335254 0.318072 0.284437 0.252299 0.226879 0.208205 0.190907 0.187933 0.206795 0.224894 0.216447 0.212394 0.206071 0.196126 0.187949 0.178146 0.179037 0.180314 0.179166 0.177757 0.176146
0.368903 0.369057 0.369225 0.369502 0.369822 0.369960 0.369994 0.369996 0.369994 0.369989 0.369978 0.369968 0.369963 0.369970 0.369979 0.369990 0.369994 0.369998 0.369998 0.369998 0.369998 0.369998 0.369998 0.369998 0.369999 0.369999 0.370000 0.370000 0.370000 0.369998 0.369994 0.369989 0.369978 0.369966 0.369962 0.369961 0.369959 0.369902 0.369707 0.369091 0.368242 0.367095 0.366097 0.364909 0.363687 0.359856 0.355000 0.336758 0.304141 0.274347 0.292252 0.279107 0.268753 0.255953 0.239540 0.225938 0.213762 0.201241 0.199292 0.199094 0.196637 0.195666 0.193063
0.369989 0.369992 0.369996 0.369999 0.370000 0.370000 0.370000 0.370000 0.370000 0.370000 0.370000 0.370000 0.370000 0.370000 0.370000 0.370000 0.370000 0.370000 0.370000 0.370000 0.370000 0.370000 0.370000 0.370000 0.370000 0.370000 0.370000 0.370000 0.370000 0.370000 0.370000 0.370000 0.370000 0.370000 0.370000 0.370000 0.370000 0.370000 0.369999 0.369986 0.369925 0.369800 0.369640 0.369462 0.369311 0.369161 0.368778 0.367704 0.365344 0.362464 0.361031 0.359264 0.353931 0.337065 0.310554 0.289709 0.260849 0.235416 0.221534 0.218905 0.216435 0.213111 0.208175
0.370000 0.370000 0.370000 0.370000 0.370000 0.370000 0.370000 0.370000 0.370000 0.370000 0.370000 0.370000 0.370000 0.370000 0.370000 0.370000 0.370000 0.370000 0.370000 0.370000 0.370000 0.370000 0.370000 0.370000 0.370000 0.370000 0.370000 0.370000 0.370000 0.370000 0.370000 0.370000 0.370000 0.370000 0.370000 0.370000 0.370000 0.370000 0.370000 0.370000 0.370000 0.369999 0.369995 0.369991 0.369986 0.369981 0.369962 0.369910 0.369771 0.369397 0.368560 0.368157 0.367358 0.365648 0.363873 0.362463 0.357740 0.338882 0.309331 0.293883 0.272639 0.255229 0.244132
0.370000 0.370000 0.370000 0.370000 0.370000 0.370000 0.370000 0.370000 0.370000 0.370000 0.370000 0.370000 0.370000 0.370000 0.370000 0.370000 0.370000 0.370000 0.370000 0.370000 0.370000 0.370000 0.370000 0.370000 0.370000 0.370000 0.370000 0.370000 0.370000 0.370000 0.370000 0.370000 0.370000 0.370000 0.370000 0.370000 0.370000 0.370000 0.370000 0.370000 0.370000 0.370000 0.370000 0.370000 0.370000 0.370000 0.370000 0.370000 0.369998 0.369983 0.369912 0.369811 0.369703 0.369599 0.369470 0.369253 0.368363 0.366458 0.364024 0.361920 0.357122 0.342773 0.320015
0.370000 0.370000 0.370000 0.370000 0.370000 0.370000 0.370000 0.370000 0.370000 0.370000 0.370000 0.370000 0.370000 0.370000 0.370000 0.370000 0.370000 0.370000 0.370000 0.370000 0.370000 0.370000 0.370000 0.370000 0.370000 0.370000 0.370000 0.370000 0.370000 0.370000 0.370000 0.370000 0.370000 0.370000 0.370000 0.370000 0.370000 0.370000 0.370000 0.370000 0.370000 0.370000 0.370000 0.370000 0.370000 0.370000 0.370000 0.370000 0.370000 0.370000 0.370000 0.369996 0.369991 0.369987 0.369980 0.369969 0.369881 0.369642 0.369151 0.368509 0.367523 0.365906 0.363822
0.370000 0.370000 0.370000 0.370000 0.370000 0.370000 0.370000 0.370000 0.370000 0.370000 0.370000 0.370000 0.370000 0.370000 0.370000 0.370000 0.370000 0.370000 0.370000 0.370000 0.370000 0.370000 0.370000 0.370000 0.370000 0.370000 0.370000 0.370000 0.370000 0.370000 0.370000 0.370000 0.370000 0.370000 0.370000 0.370000 0.370000 0.370000 0.370000 0.370000 0.370000 0.370000 0.370000 0.370000 0.370000 0.370000 0.370000 0.370000 0.370000 0.370000 0.370000 0.370000 0.370000 0.370000 0.370000 0.370000 0.369999 0.369990 0.369946 0.369830 0.369608 0.369270 0.368763
0.370000 0.370000 0.370000 0.370000 0.370000 0.370000 0.370000 0.370000 0.370000 0.370000 0.370000 0.370000 0.370000 0.370000 0.370000 0.370000 0.370000 0.370000 0.370000 0.370000 0.370000 0.370000 0.370000 0.370000 0.369999 0.369999 0.369999 0.370000 0.370000 0.370000 0.370000 0.370000 0.370000 0.370000 0.370000 0.370000 0.370000 0.370000 0.370000 0.370000 0.370000 0.370000 0.370000 0.370000 0.370000 0.370000 0.370000 0.370000 0.370000 0.370000 0.370000 0.370000 0.370000 0.370000 0.370000 0.370000 0.370000 0.370000 0.370000 0.369995 0.369980 0.369949 0.369867
0.370000 0.370000 0.370000 0.370000 0.370000 0.370000 0.370000 0.370000 0.370000 0.370000 0.370000 0.369999 0.369995 0.369986 0.369969 0.369955 0.369944 0.369934 0.369956 0.369982 0.369990 0.369976 0.369960 0.369922 0.369894 0.369879 0.369885 0.369922 0.369973 0.369990 0.369992 0.369986 0.369979 0.369975 0.369975 0.369983 0.369994 0.369999 0.370000 0.370000 0.370000 0.370000 0.370000 0.370000 0.370000 0.370000 0.370000 0.370000 0.370000 0.370000 0.370000 0.370000 0.370000 0.370000 0.370000 0.370000 0.370000 0.370000 0.370000 0.370000 0.370000 0.369999 0.369997
0.370000 0.370000 0.370000 0.369995 0.369987 0.369970 0.369943 0.369927 0.369897 0.369877 0.369821 0.369768 0.369668 0.369490 0.369241 0.368965 0.368888 0.368813 0.368729 0.369001 0.369100 0.369029 0.368847 0.368625 0.368494 0.368410 0.368535 0.368892 0.369161 0.369361 0.369429 0.369325 0.369401 0.369486 0.369490 0.369675 0.369794 0.369891 0.369955 0.369985 0.369993 0.369996 0.369998 0.370000 0.370000 0.370000 0.370000 0.370000 0.370000 0.370000 0.370000 0.370000 0.370000 0.370000 0.370000 0.370000 0.370000 0.370000 0.370000 0.370000 0.370000 0.370000 0.370000
0.369994 0.369991 0.369955 0.369787 0.369483 0.369216 0.368782 0.368505 0.368118 0.366956 0.366031 0.365457 0.365589 0.364782 0.363479 0.362306 0.361782 0.361420 0.360416 0.359956 0.360387 0.361332 0.360519 0.359918 0.360117 0.359795 0.359727 0.360856 0.362213 0.362873 0.363529 0.364138 0.364489 0.365109 0.366811 0.367653 0.368246 0.368824 0.369281 0.369605 0.369773 0.369847 0.369907 0.369958 0.369981 0.369995 0.369999 0.370000 0.370000 0.370000 0.370000 0.370000 0.370000 0.370000 0.370000 0.370000 0.370000 0.370000 0.370000 0.370000 0.370000 0.370000 0.370000
0.369683 0.369565 0.368848 0.367385 0.365275 0.363527 0.361382 0.359430 0.352998 0.334997 0.318617 0.318596 0.322829 0.317826 0.303682 0.291227 0.282619 0.273961 0.262502 0.255778 0.262154 0.268801 0.268693 0.268343 0.270533 0.270295 0.269558 0.270191 0.281252 0.289205 0.297552 0.304456 0.310537 0.332230 0.349434 0.357468 0.361397 0.363530 0.365545 0.367220 0.368156 0.368624 0.369070 0.369420 0.369669 0.369829 0.369934 0.369984 0.369996 0.369999 0.370000 0.370000 0.370000 0.370000 0.370000 0.370000 0.370000 0.370000 0.370000 0.370000 0.370000 0.370000 0.370000
0.366441 0.364388 0.360611 0.351613 0.328504 0.304752 0.284069 0.265660 0.246146 0.228897 0.218267 0.224379 0.227995 0.233705 0.224817 0.217552 0.215530 0.208694 0.202598 0.194918 0.200851 0.203998 0.211579 0.211283 0.211701 0.215007 0.213463 0.212706 0.208100 0.213252 0.216683 0.221023 0.234891 0.248728 0.263595 0.277406 0.294339 0.315662 0.339462 0.355502 0.361473 0.363662 0.365435 0.367018 0.367985 0.368619 0.369155 0.369578 0.369795 0.369893 0.369952 0.369979 0.369995 0.370000 0.370000 0.370000 0.370000 0.370000 0.370000 0.370000 0.370000 0.370000 0.370000
0.322145 0.296147 0.262168 0.242639 0.231183 0.219635 0.211041 0.204280 0.194058 0.186866 0.176878 0.180532 0.185965 0.193661 0.187676 0.186641 0.187672 0.183768 0.179621 0.173366 0.174431 0.179690 0.186050 0.186176 0.187636 0.191228 0.191296 0.188361 0.182782 0.184290 0.188311 0.192462 0.200299 0.208047 0.215924 0.223119 0.233005 0.244956 0.258699 0.276911 0.299699 0.318684 0.341784 0.356970 0.361787 0.363394 0.364916 0.366850 0.367921 0.368660 0.369170 0.369457 0.369771 0.369932 0.369990 0.370000 0.370000 0.370000 0.370000 0.370000 0.370000 0.370000 0.370000
0.213777 0.200316 0.194977 0.190157 0.185030 0.180700 0.176109 0.172062 0.168755 0.163889 0.155265 0.158826 0.164003 0.169896 0.170215 0.169558 0.169947 0.168442 0.164252 0.157427 0.160440 0.164938 0.169132 0.170648 0.171609 0.174164 0.172374 0.168608 0.163525 0.165854 0.170181 0.172880 0.176372 0.181514 0.187096 0.192862 0.199655 0.206821 0.216361 0.227308 0.239866 0.253699 0.269344 0.288728 0.301783 0.316453 0.331432 0.348871 0.358537 0.362006 0.364320 0.366310 0.368030 0.369171 0.369724 0.369929 0.369988 0.369998 0.370000 0.370000 0.370000 0.370000 0.370000
0.185571 0.178065 0.173432 0.170107 0.171336 0.169668 0.165307 0.165230 0.162866 0.155976 0.158424 0.160404 0.166097 0.165097 0.164823 0.163476 0.164358 0.163420 0.156822 0.160257 0.161835 0.165969 0.166913 0.167975 0.168762 0.169571 0.168786 0.163972 0.165033 0.166454 0.170383 0.170850 0.172802 0.177713 0.179706 0.183196 0.188065 0.193435 0.199916 0.207851 0.218544 0.229428 0.239594 0.243363 0.250099 0.255660 0.251910 0.264426 0.278196 0.294925 0.319191 0.344141 0.359000 0.364092 0.367426 0.368977 0.369626 0.369898 0.369961 0.369989 0.369998 0.370000 0.370000
0.166552 0.161411 0.156544 0.158809 0.159032 0.158673 0.157680 0.156216 0.153264 0.156767 0.157185 0.156891 0.156545 0.156583 0.157081 0.156437 0.156062 0.156307 0.159067 0.159520 0.158783 0.159975 0.160976 0.162083 0.161126 0.161485 0.161658 0.162716 0.162655 0.162032 0.163957 0.164767 0.165653 0.167830 0.169596 0.171828 0.175683 0.179085 0.183424 0.190418 0.198991 0.205332 0.206885 0.211328 0.213304 0.210030 0.207167 0.212695 0.218969 0.224690 0.237560 0.252116 0.271634 0.318795 0.356275 0.363682 0.366898 0.368588 0.369331 0.369700 0.369876 0.369969 0.369994
0.160336 0.156234 0.155306 0.157023 0.157096 0.156935 0.154610 0.152503 0.154603 0.155375 0.155216 0.154354 0.155296 0.155717 0.156944 0.155835 0.155303 0.155668 0.156024 0.155960 0.156946 0.157734 0.158450 0.161516 0.160105 0.160079 0.161170 0.160811 0.160572 0.159909 0.162019 0.162957 0.163456 0.165550 0.167052 0.168762 0.171183 0.174971 0.181669 0.187315 0.194531 0.201451 0.203100 0.204275 0.202867 0.201122 0.194462 0.194330 0.201092 0.200290 0.206134 0.216198 0.218923 0.242704 0.279103 0.313917 0.349677 0.361144 0.365984 0.367793 0.368892 0.369518 0.369822
0.154436 0.154528 0.152595 0.152922 0.152643 0.151474 0.150103 0.151688 0.151566 0.151408 0.151508 0.151012 0.151859 0.152566 0.153287 0.152934 0.152900 0.151780 0.151837 0.153162 0.153402 0.154316 0.156141 0.158569 0.157261 0.157086 0.157232 0.156802 0.156942 0.156212 0.157927 0.159332 0.159894 0.162270 0.163613 0.163186 0.166296 0.171361 0.176734 0.180872 0.186887 0.195761 0.193800 0.193646 0.194497 0.188844 0.182175 0.181651 0.183661 0.182313 0.186700 0.190057 0.190996 0.203644 0.215671 0.230812 0.254931 0.297053 0.344273 0.359790 0.364216 0.366931 0.368355
