tests/Borden05m/sims/sim_1/output-maps/thetaliqL0002N0016.asc
ncols         160
nrows         34
xllcorner     620200.000000
yllcorner     5168000.000000
cellsize      0.500000
NODATA_value  -9999.0
[rows 0 to 27 of 34, columns 63 to 125 of 160]
-9999.0 -9999.0 -9999.0 -9999.0 -9999.0 -9999.0 -9999.0 -9999.0 -9999.0 -9999.0 -9999.0 -9999.0 -9999.0 -9999.0 -9999.0 -9999.0 -9999.0 -9999.0 -9999.0 -9999.0 -9999.0 -9999.0 -9999.0 -9999.0 -9999.0 -9999.0 -9999.0 -9999.0 -9999.0 -9999.0 -9999.0 -9999.0 -9999.0 -9999.0 -9999.0 -9999.0 -9999.0 -9999.0 -9999.0 -9999.0 -9999.0 -9999.0 -9999.0 -9999.0 -9999.0 -9999.0 -9999.0 -9999.0 -9999.0 -9999.0 -9999.0 -9999.0 -9999.0 -9999.0 -9999.0 -9999.0 -9999.0 -9999.0 -9999.0 -9999.0 -9999.0 -9999.0 -9999.0
0.191199 0.190352 0.189361 0.189205 0.189318 0.189141 0.188750 0.189275 0.189957 0.190545 0.191368 0.191215 0.191316 0.191633 0.191719 0.191574 0.191193 0.190945 0.190653 0.191044 0.189907 0.188440 0.187326 0.187102 0.188049 0.188616 0.188514 0.189051 0.190223 0.191236 0.191589 0.192821 0.192653 0.193151 0.193954 0.193307 0.193147 0.193229 0.193448 0.191740 -9999.0 -9999.0 -9999.0 -9999.0 -9999.0 -9999.0 -9999.0 -9999.0 -9999.0 -9999.0 -9999.0 -9999.0 -9999.0 -9999.0 -9999.0 -9999.0 -9999.0 -9999.0 -9999.0 -9999.0 -9999.0 -9999.0 -9999.0
0.188842 0.187682 0.187393 0.186544 0.186183 0.186088 0.185754 0.186023 0.187426 0.188433 0.188725 0.188518 0.188417 0.188116 0.187899 0.187967 0.187614 0.187290 0.186945 0.187038 0.187910 0.186851 0.186323 0.185810 0.185271 0.185478 0.185650 0.185721 0.187044 0.187569 0.187945 0.189768 0.191486 0.191946 0.191253 0.190492 0.190671 0.190590 0.189874 0.189184 0.189149 0.188814 0.188669 0.188038 0.189008 0.189013 0.190124 0.191068 0.192183 0.193843 -9999.0 -9999.0 -9999.0 -9999.0 -9999.0 -9999.0 -9999.0 -9999.0 -9999.0 -9999.0 -9999.0 -9999.0 -9999.0
0.187157 0.186766 0.185945 0.184717 0.186101 0.185914 0.185788 0.186040 0.186502 0.186679 0.186900 0.187235 0.188508 0.188417 0.188308 0.188373 0.188151 0.187742 0.187772 0.187548 0.186494 0.186660 0.186917 0.186693 0.187734 0.187793 0.188382 0.186548 0.186849 0.187298 0.187626 0.187871 0.188165 0.188563 0.187759 0.188318 0.187660 0.186222 0.185854 0.185953 0.187081 0.187655 0.186942 0.184464 0.185772 0.188563 0.188362 0.187933 0.189323 0.190701 0.192651 0.192395 0.192227 0.192436 0.192786 0.191116 0.190052 0.189285 0.186989 -9999.0 -9999.0 -9999.0 -9999.0
0.187118 0.186226 0.185167 0.187414 0.188353 0.187859 0.188120 0.188772 0.188785 0.185977 0.185256 0.186339 0.187493 0.187989 0.187485 0.187242 0.186770 0.186773 0.187063 0.186761 0.187194 0.187574 0.187110 0.187835 0.188661 0.189446 0.187661 0.186063 0.186154 0.187471 0.188445 0.188957 0.190380 0.192612 0.192238 0.191713 0.191431 0.191111 0.188502 0.186183 0.185273 0.184877 0.184213 0.184730 0.184260 0.186449 0.186282 0.185938 0.187011 0.187856 0.188931 0.189694 0.189564 0.189834 0.190180 0.189702 0.188525 0.187901 0.187499 0.186447 0.184454 0.180856 0.181108
0.184899 0.184953 0.186945 0.188066 0.189982 0.189304 0.189368 0.189292 0.187361 0.185907 0.184936 0.187820 0.190182 0.190976 0.190355 0.189838 0.191965 0.191328 0.191036 0.189764 0.190219 0.190059 0.192336 0.193236 0.194455 0.193981 0.191705 0.189815 0.189700 0.189894 0.189674 0.190218 0.191667 0.193508 0.192182 0.191561 0.191596 0.187637 0.184629 0.183602 0.185608 0.186771 0.186550 0.186736 0.186824 0.185340 0.185687 0.185846 0.185159 0.186869 0.188597 0.188792 0.187315 0.186821 0.187490 0.187315 0.187396 0.186697 0.185929 0.185381 0.181984 0.183044 0.181265
0.189221 0.190009 0.191141 0.193292 0.197471 0.196687 0.196976 0.198361 0.196053 0.193914 0.190801 0.194268 0.195130 0.196344 0.196221 0.199017 0.201563 0.199993 0.197850 0.195367 0.196872 0.200236 0.203495 0.204318 0.204732 0.205328 0.202977 0.202302 0.201769 0.201958 0.200446 0.200532 0.202990 0.207254 0.207721 0.205534 0.201421 0.195484 0.190356 0.187673 0.190618 0.189717 0.189292 0.189753 0.187858 0.186760 0.188301 0.186887 0.185813 0.188131 0.188383 0.188060 0.186174 0.188461 0.188041 0.186145 0.184897 0.184245 0.183752 0.182860 0.183645 0.183117 0.181614
0.191581 0.192384 0.195469 0.200037 0.205695 0.209195 0.212333 0.215818 0.213146 0.210205 0.206943 0.207528 0.211419 0.215533 0.220555 0.226491 0.233250 0.231391 0.227815 0.227449 0.229011 0.236607 0.244366 0.247840 0.250150 0.254412 0.251419 0.246025 0.240105 0.234571 0.229996 0.226625 0.232887 0.240106 0.238695 0.225937 0.216287 0.206988 0.199265 0.192040 0.192061 0.193226 0.194280 0.191752 0.190500 0.188254 0.187747 0.187910 0.185570 0.186821 0.187120 0.188752 0.191210 0.191795 0.189624 0.188421 0.187086 0.185694 0.184612 0.185444 0.185761 0.184737 0.183706
0.220091 0.221770 0.227014 0.243544 0.272411 0.296130 0.310805 0.313203 0.308783 0.302885 0.292339 0.286073 0.295492 0.304495 0.311424 0.316449 0.320854 0.323903 0.323677 0.323715 0.324607 0.325711 0.327772 0.330224 0.332673 0.335340 0.336250 0.333090 0.329660 0.325758 0.322046 0.320968 0.319836 0.321941 0.321655 0.314056 0.300521 0.276929 0.247830 0.229059 0.217870 0.217573 0.212666 0.208739 0.204532 0.196591 0.194398 0.193148 0.187380 0.186803 0.188698 0.191215 0.193068 0.189796 0.188338 0.187022 0.185587 0.183798 0.184556 0.185588 0.185934 0.185602 0.185591
0.309997 0.312649 0.315482 0.327797 0.341018 0.351141 0.357324 0.359258 0.357583 0.355459 0.352742 0.350032 0.349988 0.353328 0.356872 0.359757 0.361352 0.361878 0.361635 0.361654 0.361801 0.362225 0.362505 0.363043 0.363840 0.364993 0.366168 0.365946 0.364346 0.362658 0.360147 0.358651 0.357896 0.356677 0.356507 0.356416 0.350836 0.342987 0.331628 0.318584 0.308502 0.294301 0.276706 0.259276 0.233312 0.216172 0.205104 0.197897 0.191598 0.190448 0.197285 0.203962 0.200511 0.199122 0.196973 0.193587 0.190902 0.187571 0.188015 0.188538 0.188177 0.187735 0.187200
0.356796 0.358095 0.359694 0.362477 0.366156 0.368386 0.369371 0.369514 0.369392 0.369215 0.368893 0.368636 0.368568 0.368721 0.368964 0.369271 0.369475 0.369633 0.369644 0.369645 0.369638 0.369656 0.369677 0.369679 0.369730 0.369810 0.369865 0.369876 0.369820 0.369679 0.369397 0.369026 0.368681 0.368401 0.368333 0.368338 0.368303 0.367259 0.364572 0.358230 0.351165 0.344034 0.338934 0.333060 0.327379 0.312404 0.302050 0.278306 0.247846 0.227652 0.238910 0.230142 0.223885 0.217005 0.209581 0.204195 0.199683 0.195216 0.194634 0.194658 0.193843 0.193582 0.192728
0.369139 0.369334 0.369549 0.369729 0.369866 0.369963 0.369999 0.370000 0.369999 0.370000 0.369990 0.369989 0.369999 0.369999 0.369999 0.369999 0.370000 0.370000 0.370000 0.370000 0.370000 0.370000 0.370000 0.370000 0.370000 0.370000 0.370000 0.370000 0.370000 0.370000 0.370000 0.369984 0.369962 0.369948 0.369936 0.369932 0.369924 0.369886 0.369713 0.369066 0.367591 0.365609 0.363514 0.361600 0.360045 0.358609 0.355674 0.349021 0.336195 0.322119 0.315200 0.310319 0.301003 0.278652 0.252867 0.236810 0.220067 0.208157 0.202439 0.201442 0.200479 0.199267 0.197526
0.370000 0.370000 0.370000 0.370000 0.370000 0.370000 0.370000 0.370000 0.370000 0.370000 0.370000 0.370000 0.370000 0.370000 0.370000 0.370000 0.370000 0.370000 0.370000 0.370000 0.370000 0.370000 0.370000 0.370000 0.370000 0.370000 0.370000 0.370000 0.370000 0.370000 0.370000 0.370000 0.370000 0.370000 0.370000 0.370000 0.370000 0.370000 0.370000 0.369985 0.369906 0.369671 0.369376 0.369169 0.369006 0.368846 0.368333 0.367242 0.365138 0.360742 0.352988 0.349717 0.344779 0.335971 0.327852 0.321775 0.306770 0.280228 0.252108 0.239966 0.226325 0.216694 0.211457
0.370000 0.370000 0.370000 0.370000 0.370000 0.370000 0.370000 0.370000 0.370000 0.370000 0.370000 0.370000 0.370000 0.370000 0.370000 0.370000 0.370000 0.370000 0.370000 0.370000 0.370000 0.370000 0.370000 0.370000 0.370000 0.370000 0.370000 0.370000 0.370000 0.370000 0.370000 0.370000 0.370000 0.370000 0.370000 0.370000 0.370000 0.370000 0.370000 0.370000 0.370000 0.370000 0.369987 0.369972 0.369971 0.369963 0.369946 0.369848 0.369586 0.368858 0.367149 0.365500 0.364115 0.362938 0.361499 0.359191 0.351661 0.340232 0.328203 0.319029 0.305654 0.285636 0.261986
0.370000 0.370000 0.370000 0.370000 0.370000 0.370000 0.370000 0.370000 0.370000 0.370000 0.370000 0.370000 0.370000 0.370000 0.370000 0.370000 0.370000 0.370000 0.370000 0.370000 0.370000 0.370000 0.370000 0.370000 0.370000 0.370000 0.370000 0.370000 0.370000 0.370000 0.370000 0.370000 0.370000 0.370000 0.370000 0.370000 0.370000 0.370000 0.370000 0.370000 0.370000 0.370000 0.370000 0.370000 0.370000 0.370000 0.370000 0.369998 0.369987 0.369941 0.369784 0.369423 0.369207 0.369036 0.368777 0.368419 0.366632 0.363288 0.357995 0.352087 0.344878 0.336162 0.326430
0.370000 0.370000 0.370000 0.370000 0.370000 0.370000 0.370000 0.370000 0.370000 0.370000 0.370000 0.370000 0.370000 0.369999 0.369996 0.369993 0.369993 0.369995 0.369997 0.369998 0.369999 0.369998 0.369997 0.369995 0.369991 0.369991 0.369993 0.369996 0.369998 0.369999 0.369999 0.369998 0.369998 0.369997 0.369997 0.369999 0.370000 0.370000 0.370000 0.370000 0.370000 0.370000 0.370000 0.370000 0.370000 0.370000 0.370000 0.370000 0.370000 0.370000 0.369998 0.369983 0.369968 0.369956 0.369927 0.369898 0.369708 0.369110 0.367797 0.365631 0.362574 0.358827 0.353968
0.370000 0.370000 0.370000 0.370000 0.370000 0.369998 0.369996 0.369996 0.369997 0.369997 0.369996 0.369990 0.369969 0.369925 0.369853 0.369820 0.369786 0.369768 0.369841 0.369910 0.369928 0.369884 0.369839 0.369745 0.369671 0.369645 0.369667 0.369758 0.369873 0.369934 0.369936 0.369908 0.369874 0.369854 0.369853 0.369906 0.369971 0.369991 0.369997 0.369999 0.370000 0.370000 0.370000 0.370000 0.370000 0.370000 0.370000 0.370000 0.370000 0.370000 0.370000 0.370000 0.370000 0.370000 0.370000 0.369997 0.369986 0.369927 0.369757 0.369337 0.368684 0.367815 0.366149
0.369997 0.369995 0.369992 0.369986 0.369964 0.369932 0.369876 0.369857 0.369849 0.369860 0.369788 0.369674 0.369367 0.368971 0.368415 0.368032 0.367731 0.367428 0.367865 0.368579 0.368886 0.368326 0.367857 0.367066 0.366596 0.366357 0.366440 0.367095 0.368314 0.368954 0.369107 0.368882 0.368651 0.368542 0.368555 0.368793 0.369285 0.369642 0.369830 0.369912 0.369954 0.369973 0.369986 0.369995 0.369999 0.370000 0.370000 0.370000 0.370000 0.370000 0.370000 0.370000 0.370000 0.370000 0.370000 0.370000 0.370000 0.369999 0.369991 0.369943 0.369854 0.369692 0.369428
0.369909 0.369881 0.369823 0.369331 0.368930 0.368311 0.367604 0.367323 0.366888 0.366687 0.365930 0.365211 0.363874 0.361738 0.359013 0.356205 0.355239 0.354349 0.353544 0.355942 0.356888 0.356176 0.354562 0.352714 0.351652 0.350985 0.351934 0.354938 0.357555 0.359706 0.360546 0.359586 0.360406 0.361288 0.361318 0.363432 0.365096 0.366690 0.368007 0.368888 0.369229 0.369436 0.369614 0.369785 0.369899 0.369964 0.369991 0.369999 0.370000 0.370000 0.370000 0.370000 0.370000 0.370000 0.370000 0.370000 0.370000 0.370000 0.370000 0.369999 0.369996 0.369986 0.369957
0.369274 0.369129 0.368026 0.365082 0.361360 0.358451 0.354363 0.352222 0.350161 0.344117 0.339699 0.336558 0.336771 0.332304 0.325780 0.320219 0.317809 0.316273 0.312634 0.311538 0.312953 0.316298 0.313299 0.311528 0.312333 0.311306 0.310635 0.314296 0.319746 0.322815 0.325907 0.328768 0.330489 0.332896 0.341205 0.345803 0.349852 0.354720 0.359084 0.362607 0.364804 0.365974 0.367039 0.368116 0.368807 0.369375 0.369728 0.369916 0.369973 0.369989 0.369996 0.369999 0.370000 0.370000 0.370000 0.370000 0.370000 0.370000 0.370000 0.370000 0.370000 0.370000 0.370000
0.363793 0.362342 0.355349 0.344942 0.333991 0.325789 0.316583 0.310612 0.299058 0.276280 0.260025 0.259693 0.263573 0.258854 0.247014 0.237992 0.232437 0.227370 0.221236 0.217897 0.221027 0.224459 0.224333 0.224129 0.225315 0.225167 0.224815 0.225182 0.231551 0.236500 0.242280 0.247594 0.252827 0.273645 0.294514 0.306861 0.316745 0.325275 0.334570 0.343213 0.349195 0.352952 0.356946 0.360459 0.363413 0.365730 0.367623 0.368906 0.369466 0.369684 0.369816 0.369908 0.369972 0.369994 0.369999 0.370000 0.370000 0.370000 0.370000 0.370000 0.370000 0.370000 0.370000
0.341008 0.330665 0.315107 0.295759 0.269669 0.248305 0.233511 0.222883 0.213355 0.206052 0.201917 0.204309 0.205663 0.207866 0.204236 0.201413 0.200692 0.198213 0.196056 0.193312 0.195491 0.196525 0.199181 0.198948 0.199036 0.200235 0.199642 0.199441 0.197824 0.199767 0.200966 0.202464 0.207822 0.213729 0.221044 0.229118 0.240559 0.258141 0.282221 0.303805 0.317361 0.325755 0.333668 0.341584 0.347791 0.352979 0.358006 0.362496 0.365273 0.366835 0.368029 0.368746 0.369407 0.369788 0.369936 0.369991 0.369999 0.370000 0.370000 0.370000 0.370000 0.370000 0.370000
0.263166 0.241481 0.221221 0.211924 0.207020 0.202496 0.199349 0.197005 0.193445 0.191036 0.187578 0.188901 0.190754 0.193459 0.191226 0.190869 0.191300 0.189974 0.188594 0.186405 0.186760 0.188532 0.190688 0.190610 0.191057 0.192309 0.192338 0.191343 0.189365 0.189865 0.191177 0.192490 0.195138 0.197746 0.200462 0.203004 0.206787 0.211769 0.218222 0.228630 0.244564 0.261124 0.285343 0.306850 0.318451 0.324679 0.331825 0.341773 0.347988 0.353580 0.358226 0.361211 0.364980 0.367612 0.369166 0.369776 0.369949 0.369984 0.369995 0.369999 0.370000 0.370000 0.370000
0.200357 0.195565 0.193725 0.192098 0.190380 0.188977 0.187507 0.186202 0.185146 0.183522 0.180375 0.181677 0.183503 0.185608 0.185675 0.185447 0.185616 0.185114 0.183666 0.181150 0.182213 0.183763 0.185190 0.185645 0.185928 0.186824 0.186187 0.184871 0.183010 0.183808 0.185265 0.186102 0.187194 0.188826 0.190605 0.192430 0.194626 0.196975 0.200266 0.204259 0.209238 0.215346 0.223541 0.236137 0.246164 0.258843 0.273510 0.293848 0.308987 0.319356 0.329291 0.338808 0.348815 0.358272 0.364328 0.367555 0.369091 0.369606 0.369817 0.369920 0.369981 0.369997 0.370000
0.190658 0.188221 0.186766 0.185673 0.186205 0.185700 0.184216 0.184275 0.183499 0.180985 0.181876 0.182597 0.184658 0.184288 0.184179 0.183690 0.184021 0.183689 0.181257 0.182481 0.183020 0.184464 0.184737 0.185058 0.185301 0.185572 0.185279 0.183527 0.183891 0.184365 0.185709 0.185777 0.186361 0.187973 0.188511 0.189564 0.191078 0.192747 0.194804 0.197397 0.201106 0.205101 0.209128 0.210668 0.213712 0.216475 0.214876 0.221416 0.229667 0.240997 0.261285 0.287092 0.309914 0.328310 0.344919 0.356578 0.363164 0.366934 0.368257 0.369121 0.369620 0.369862 0.369960
0.184548 0.182858 0.181180 0.182075 0.182221 0.182144 0.181830 0.181345 0.180254 0.181537 0.181696 0.181598 0.181480 0.181480 0.181648 0.181404 0.181264 0.181335 0.182311 0.182452 0.182148 0.182545 0.182854 0.183198 0.182817 0.182924 0.182960 0.183322 0.183280 0.183023 0.183669 0.183886 0.184118 0.184791 0.185288 0.185926 0.187112 0.188088 0.189357 0.191564 0.194353 0.196398 0.196780 0.198341 0.199071 0.197868 0.196836 0.198930 0.201261 0.203475 0.208744 0.215339 0.226133 0.260818 0.304064 0.326970 0.342153 0.353245 0.359828 0.363976 0.366544 0.368440 0.369302
0.182710 0.181293 0.181013 0.181705 0.181777 0.181759 0.180931 0.180151 0.180929 0.181222 0.181168 0.180852 0.181196 0.181337 0.181778 0.181356 0.181149 0.181270 0.181382 0.181328 0.181657 0.181903 0.182111 0.183176 0.182623 0.182588 0.182962 0.182812 0.182705 0.182436 0.183161 0.183440 0.183549 0.184212 0.184635 0.185112 0.185801 0.186935 0.189073 0.190813 0.193124 0.195385 0.195845 0.196220 0.195699 0.195150 0.192808 0.192782 0.195217 0.194829 0.196864 0.200485 0.201345 0.211107 0.230330 0.256480 0.293873 0.316968 0.336874 0.346885 0.355498 0.361702 0.365599
0.180799 0.180889 0.180227 0.180400 0.180329 0.179908 0.179389 0.179982 0.179936 0.179876 0.179917 0.179736 0.180055 0.180307 0.180566 0.180420 0.180395 0.179951 0.179946 0.180414 0.180476 0.180776 0.181401 0.182241 0.181718 0.181627 0.181652 0.181468 0.181501 0.181211 0.181807 0.182273 0.182428 0.183215 0.183597 0.183296 0.184248 0.185856 0.187528 0.188743 0.190632 0.193607 0.192781 0.192698 0.193045 0.191121 0.188840 0.188749 0.189477 0.188944 0.190507 0.191582 0.191704 0.196095 0.200333 0.206126 0.216924 0.242837 0.287377 0.312286 0.328446 0.341720 0.351010
