tests/Borden05m/sims/sim_1/output-maps/thetaliqL0003N0014.asc
ncols         160
nrows         34
xllcorner     620200.000000
yllcorner     5168000.000000
cellsize      0.500000
NODATA_value  -9999.0
[rows 0 to 27 of 34, columns 63 to 125 of 160]
-9999.0 -9999.0 -9999.0 -9999.0 -9999.0 -9999.0 -9999.0 -9999.0 -9999.0 -9999.0 -9999.0 -9999.0 -9999.0 -9999.0 -9999.0 -9999.0 -9999.0 -9999.0 -9999.0 -9999.0 -9999.0 -9999.0 -9999.0 -9999.0 -9999.0 -9999.0 -9999.0 -9999.0 -9999.0 -9999.0 -9999.0 -9999.0 -9999.0 -9999.0 -9999.0 -9999.0 -9999.0 -9999.0 -9999.0 -9999.0 -9999.0 -9999.0 -9999.0 -9999.0 -9999.0 -9999.0 -9999.0 -9999.0 -9999.0 -9999.0 -9999.0 -9999.0 -9999.0 -9999.0 -9999.0 -9999.0 -9999.0 -9999.0 -9999.0 -9999.0 -9999.0 -9999.0 -9999.0
0.206063 0.204894 0.203536 0.203310 0.203457 0.203216 0.202687 0.203409 0.204357 0.205174 0.206300 0.206104 0.206247 0.206676 0.206791 0.206593 0.206072 0.205727 0.205324 0.205840 0.204292 0.202276 0.200740 0.200426 0.201722 0.202503 0.202374 0.203116 0.204728 0.206123 0.206629 0.208318 0.208129 0.208812 0.209883 0.209012 0.208785 0.208879 0.209141 0.206829 -9999.0 -9999.0 -9999.0 -9999.0 -9999.0 -9999.0 -9999.0 -9999.0 -9999.0 -9999.0 -9999.0 -9999.0 -9999.0 -9999.0 -9999.0 -9999.0 -9999.0 -9999.0 -9999.0 -9999.0 -9999.0 -9999.0 -9999.0
0.202842 0.201246 0.200833 0.199661 0.199162 0.199031 0.198576 0.198955 0.200899 0.202287 0.202699 0.202430 0.202305 0.201889 0.201594 0.201683 0.201196 0.200742 0.200263 0.200385 0.201566 0.200106 0.199365 0.198653 0.197908 0.198200 0.198444 0.198559 0.200387 0.201129 0.201668 0.204183 0.206534 0.207171 0.206238 0.205204 0.205425 0.205286 0.204286 0.203321 0.203246 0.202778 0.202564 0.201686 0.203017 0.203059 0.204581 0.205876 0.207411 0.209662 -9999.0 -9999.0 -9999.0 -9999.0 -9999.0 -9999.0 -9999.0 -9999.0 -9999.0 -9999.0 -9999.0 -9999.0 -9999.0
0.200516 0.199974 0.198838 0.197137 0.199057 0.198806 0.198636 0.198990 0.199625 0.199885 0.200192 0.200667 0.202418 0.202308 0.202161 0.202247 0.201939 0.201373 0.201407 0.201092 0.199648 0.199862 0.200206 0.199899 0.201321 0.201410 0.202211 0.199715 0.200139 0.200773 0.201245 0.201598 0.202022 0.202569 0.201474 0.202226 0.201305 0.199306 0.198766 0.198873 0.200410 0.201179 0.200184 0.196765 0.198578 0.202418 0.202166 0.201595 0.203508 0.205408 0.208045 0.207722 0.207498 0.207775 0.208230 0.205953 0.204474 0.203388 0.200225 -9999.0 -9999.0 -9999.0 -9999.0
0.200469 0.199244 0.197787 0.200868 0.202170 0.201507 0.201868 0.202763 0.202780 0.198944 0.197953 0.199454 0.201058 0.201746 0.201066 0.200733 0.200081 0.200078 0.200468 0.200052 0.200634 0.201150 0.200515 0.201504 0.202642 0.203708 0.201287 0.199085 0.199220 0.201039 0.202392 0.203117 0.205070 0.208089 0.207596 0.206879 0.206467 0.205983 0.202394 0.199194 0.197920 0.197351 0.196419 0.197137 0.196481 0.199516 0.199297 0.198839 0.200320 0.201504 0.203000 0.204049 0.203871 0.204231 0.204688 0.204011 0.202375 0.201483 0.200881 0.199376 0.196572 0.191560 0.191897
0.197446 0.197519 0.200252 0.201818 0.204436 0.203536 0.203627 0.203518 0.200886 0.198867 0.197537 0.201503 0.204751 0.205846 0.205014 0.204306 0.207149 0.206305 0.205915 0.204201 0.204810 0.204590 0.207644 0.208876 0.210520 0.209889 0.206816 0.204237 0.204082 0.204369 0.204110 0.204876 0.206860 0.209343 0.207573 0.206722 0.206727 0.201309 0.197127 0.195664 0.198404 0.199988 0.199674 0.199923 0.200039 0.198017 0.198492 0.198701 0.197768 0.200141 0.202527 0.202802 0.200783 0.200101 0.200998 0.200735 0.200804 0.199806 0.198712 0.197904 0.193171 0.194616 0.192134
0.203408 0.204488 0.206048 0.208965 0.214545 0.213523 0.213897 0.215683 0.212620 0.209746 0.205582 0.210271 0.211464 0.213085 0.212914 0.216560 0.219862 0.217833 0.215030 0.211737 0.213726 0.218107 0.222335 0.223415 0.223960 0.224681 0.221651 0.220761 0.220095 0.220369 0.218448 0.218605 0.221788 0.227220 0.227801 0.225065 0.219760 0.211890 0.204959 0.201301 0.205301 0.204081 0.203485 0.204103 0.201514 0.200005 0.202098 0.200163 0.198689 0.201878 0.202249 0.201817 0.199240 0.202347 0.201758 0.199113 0.197356 0.196420 0.195702 0.194428 0.195491 0.194744 0.192647
0.206611 0.207728 0.211871 0.217875 0.225123 0.229437 0.233253 0.237495 0.234242 0.230597 0.226539 0.227372 0.232190 0.237187 0.243097 0.249985 0.257599 0.255568 0.251536 0.251085 0.252864 0.261276 0.269521 0.273108 0.275470 0.279819 0.276749 0.271232 0.265040 0.259101 0.254040 0.250228 0.257213 0.265023 0.263533 0.249448 0.238188 0.226710 0.216767 0.207216 0.207308 0.208842 0.210246 0.206861 0.205136 0.202094 0.201405 0.201598 0.198394 0.200130 0.200558 0.202794 0.206116 0.206917 0.203951 0.202262 0.200388 0.198439 0.196922 0.198037 0.198454 0.197024 0.195588
0.242459 0.244425 0.250477 0.268403 0.297412 0.320135 0.332852 0.334784 0.331276 0.326058 0.316285 0.310316 0.319255 0.327573 0.333536 0.337302 0.340360 0.342399 0.342229 0.342251 0.342834 0.343562 0.344924 0.346509 0.348071 0.349783 0.350324 0.348272 0.346092 0.343590 0.341181 0.340510 0.339785 0.341277 0.341067 0.335584 0.324438 0.301941 0.272904 0.252784 0.239880 0.239619 0.233779 0.228930 0.223651 0.213345 0.210445 0.208749 0.200939 0.200160 0.202737 0.206158 0.208684 0.204283 0.202247 0.200395 0.198368 0.195868 0.196881 0.198286 0.198751 0.198277 0.198255
0.332336 0.334532 0.336580 0.344933 0.353567 0.359909 0.363573 0.364653 0.363671 0.362404 0.360723 0.359057 0.359114 0.361195 0.363288 0.364914 0.365791 0.366072 0.365935 0.365942 0.366024 0.366250 0.366384 0.366671 0.367091 0.367693 0.368297 0.368190 0.367377 0.366509 0.365195 0.364458 0.364024 0.363318 0.363211 0.363146 0.359821 0.354871 0.347473 0.338769 0.331377 0.318608 0.301666 0.284644 0.257648 0.237887 0.224159 0.214884 0.206533 0.205054 0.214150 0.222934 0.218583 0.216737 0.213876 0.209323 0.205652 0.201097 0.201683 0.202388 0.201889 0.201269 0.200534
0.363319 0.364030 0.364906 0.366409 0.368324 0.369387 0.369801 0.369852 0.369811 0.369729 0.369589 0.369468 0.369409 0.369489 0.369603 0.369732 0.369824 0.369882 0.369891 0.369886 0.369889 0.369890 0.369902 0.369898 0.369919 0.369943 0.369964 0.369965 0.369950 0.369898 0.369811 0.369714 0.369550 0.369408 0.369366 0.369363 0.369345 0.368859 0.367519 0.364113 0.360112 0.355764 0.352465 0.348593 0.344797 0.334366 0.325859 0.303243 0.272808 0.251164 0.263606 0.254087 0.247067 0.239136 0.230127 0.223297 0.217441 0.211538 0.210764 0.210781 0.209678 0.209311 0.208152
0.369712 0.369776 0.369860 0.369921 0.369968 0.369995 0.370000 0.370000 0.370000 0.370000 0.369999 0.370000 0.369999 0.370000 0.370000 0.370000 0.370000 0.370000 0.370000 0.370000 0.370000 0.370000 0.370000 0.370000 0.370000 0.370000 0.370000 0.370000 0.370000 0.370000 0.370000 0.370000 0.369996 0.369992 0.369988 0.369987 0.369985 0.369975 0.369921 0.369675 0.369025 0.368066 0.366992 0.365978 0.365147 0.364376 0.362703 0.358651 0.350459 0.341207 0.336665 0.332933 0.324717 0.303582 0.278104 0.261449 0.242594 0.228189 0.221027 0.219758 0.218542 0.216979 0.214686
0.370000 0.370000 0.370000 0.370000 0.370000 0.370000 0.370000 0.370000 0.370000 0.370000 0.370000 0.370000 0.370000 0.370000 0.370000 0.370000 0.370000 0.370000 0.370000 0.370000 0.370000 0.370000 0.370000 0.370000 0.370000 0.370000 0.370000 0.370000 0.370000 0.370000 0.370000 0.370000 0.370000 0.370000 0.370000 0.370000 0.370000 0.370000 0.370000 0.369998 0.369981 0.369907 0.369800 0.369719 0.369654 0.369591 0.369372 0.368880 0.367862 0.365590 0.361311 0.359441 0.356402 0.350677 0.345195 0.341058 0.330000 0.305308 0.277248 0.264727 0.249784 0.238735 0.232451
0.370000 0.370000 0.370000 0.370000 0.370000 0.370000 0.370000 0.370000 0.370000 0.370000 0.370000 0.370000 0.370000 0.370000 0.370000 0.370000 0.370000 0.370000 0.370000 0.370000 0.370000 0.370000 0.370000 0.370000 0.370000 0.370000 0.370000 0.370000 0.370000 0.370000 0.370000 0.370000 0.370000 0.370000 0.370000 0.370000 0.370000 0.370000 0.370000 0.370000 0.370000 0.370000 0.369999 0.369996 0.369996 0.369995 0.369991 0.369965 0.369881 0.369601 0.368853 0.368070 0.367367 0.366746 0.365983 0.364743 0.360484 0.353424 0.345512 0.339293 0.329090 0.310242 0.287020
0.370000 0.370000 0.370000 0.370000 0.370000 0.370000 0.370000 0.370000 0.370000 0.370000 0.370000 0.370000 0.370000 0.370000 0.370000 0.370000 0.370000 0.370000 0.370000 0.370000 0.370000 0.370000 0.370000 0.370000 0.370000 0.370000 0.370000 0.370000 0.370000 0.370000 0.370000 0.370000 0.370000 0.370000 0.370000 0.370000 0.370000 0.370000 0.370000 0.370000 0.370000 0.370000 0.370000 0.370000 0.370000 0.370000 0.370000 0.370000 0.369999 0.369990 0.369946 0.369822 0.369740 0.369676 0.369577 0.369424 0.368603 0.366929 0.364112 0.360845 0.356616 0.351045 0.344528
0.370000 0.370000 0.370000 0.370000 0.370000 0.370000 0.370000 0.370000 0.370000 0.370000 0.370000 0.370000 0.370000 0.370000 0.370000 0.370000 0.369999 0.370000 0.370000 0.370000 0.370000 0.370000 0.370000 0.370000 0.369999 0.369999 0.369999 0.370000 0.370000 0.370000 0.370000 0.370000 0.370000 0.370000 0.370000 0.370000 0.370000 0.370000 0.370000 0.370000 0.370000 0.370000 0.370000 0.370000 0.370000 0.370000 0.370000 0.370000 0.370000 0.370000 0.370000 0.369998 0.369996 0.369994 0.369989 0.369981 0.369925 0.369704 0.369143 0.368129 0.366603 0.364628 0.361962
0.370000 0.370000 0.370000 0.370000 0.370000 0.370000 0.370000 0.370000 0.370000 0.370000 0.370000 0.369999 0.369996 0.369987 0.369967 0.369958 0.369948 0.369942 0.369965 0.369985 0.369990 0.369984 0.369970 0.369940 0.369914 0.369903 0.369909 0.369937 0.369971 0.369987 0.369988 0.369981 0.369972 0.369966 0.369966 0.369981 0.369996 0.369999 0.370000 0.370000 0.370000 0.370000 0.370000 0.370000 0.370000 0.370000 0.370000 0.370000 0.370000 0.370000 0.370000 0.370000 0.370000 0.370000 0.370000 0.370000 0.369999 0.369987 0.369938 0.369791 0.369530 0.369158 0.368391
0.370000 0.370000 0.370000 0.369999 0.369997 0.369990 0.369977 0.369971 0.369967 0.369970 0.369948 0.369911 0.369801 0.369645 0.369411 0.369246 0.369117 0.368987 0.369194 0.369510 0.369644 0.369434 0.369225 0.368855 0.368621 0.368494 0.368523 0.368822 0.369369 0.369637 0.369697 0.369605 0.369507 0.369462 0.369467 0.369568 0.369767 0.369899 0.369960 0.369983 0.369993 0.369997 0.369999 0.370000 0.370000 0.370000 0.370000 0.370000 0.370000 0.370000 0.370000 0.370000 0.370000 0.370000 0.370000 0.370000 0.370000 0.370000 0.369999 0.369990 0.369967 0.369917 0.369826
0.369983 0.369976 0.369961 0.369797 0.369651 0.369391 0.369069 0.368929 0.368711 0.368600 0.368219 0.367860 0.367186 0.366075 0.364624 0.363105 0.362615 0.362161 0.361733 0.363106 0.363648 0.363276 0.362358 0.361290 0.360668 0.360270 0.360807 0.362490 0.363901 0.365040 0.365473 0.364942 0.365396 0.365885 0.365911 0.367025 0.367859 0.368628 0.369234 0.369614 0.369750 0.369827 0.369891 0.369947 0.369980 0.369995 0.369999 0.370000 0.370000 0.370000 0.370000 0.370000 0.370000 0.370000 0.370000 0.370000 0.370000 0.370000 0.370000 0.370000 0.370000 0.369999 0.369993
0.369770 0.369715 0.369251 0.367859 0.365943 0.364380 0.362104 0.360864 0.359549 0.355650 0.352713 0.350717 0.350958 0.348117 0.343840 0.340149 0.338549 0.337519 0.334930 0.334059 0.335091 0.337504 0.335365 0.334042 0.334613 0.333858 0.333425 0.336084 0.339859 0.341888 0.343935 0.345844 0.346992 0.348727 0.354234 0.357158 0.359573 0.362336 0.364733 0.366603 0.367721 0.368290 0.368794 0.369284 0.369579 0.369804 0.369929 0.369984 0.369997 0.369999 0.370000 0.370000 0.370000 0.370000 0.370000 0.370000 0.370000 0.370000 0.370000 0.370000 0.370000 0.370000 0.370000
0.367183 0.366430 0.362611 0.356479 0.349415 0.343920 0.337629 0.333185 0.323119 0.301299 0.285222 0.285020 0.288930 0.284287 0.272229 0.262719 0.256672 0.250968 0.243871 0.239893 0.243617 0.247622 0.247501 0.247248 0.248599 0.248439 0.248039 0.248496 0.255688 0.261146 0.267314 0.272814 0.278071 0.298637 0.318620 0.329990 0.337744 0.343695 0.349941 0.355547 0.359184 0.361341 0.363573 0.365477 0.367015 0.368167 0.369060 0.369619 0.369838 0.369914 0.369956 0.369982 0.369996 0.370000 0.370000 0.370000 0.370000 0.370000 0.370000 0.370000 0.370000 0.370000 0.370000
0.353750 0.346984 0.336323 0.320491 0.294862 0.273414 0.257774 0.245773 0.234373 0.225313 0.220016 0.223101 0.224860 0.227717 0.223145 0.219536 0.218602 0.215337 0.212467 0.208790 0.211680 0.213094 0.216658 0.216395 0.216531 0.218121 0.217356 0.217063 0.214878 0.217410 0.218999 0.220984 0.227863 0.235158 0.243805 0.252891 0.265229 0.283126 0.306722 0.327145 0.338113 0.344041 0.349413 0.354599 0.358372 0.361339 0.364117 0.366520 0.367936 0.368691 0.369239 0.369549 0.369814 0.369947 0.369989 0.369999 0.370000 0.370000 0.370000 0.370000 0.370000 0.370000 0.370000
0.288448 0.266316 0.243744 0.232602 0.226537 0.220776 0.216675 0.213558 0.208799 0.205525 0.200785 0.202592 0.205149 0.208820 0.205877 0.205412 0.205984 0.204179 0.202271 0.199261 0.199756 0.202221 0.205190 0.205135 0.205767 0.207467 0.207504 0.206133 0.203441 0.204128 0.205948 0.207768 0.211342 0.214845 0.218451 0.221789 0.226642 0.232852 0.240596 0.252370 0.269379 0.285984 0.309567 0.329671 0.338901 0.343276 0.348048 0.354511 0.358381 0.361631 0.364214 0.365819 0.367777 0.369047 0.369722 0.369944 0.369992 0.369998 0.370000 0.370000 0.370000 0.370000 0.370000
0.217954 0.211623 0.209195 0.206994 0.204663 0.202733 0.200680 0.198864 0.197389 0.195105 0.190759 0.192587 0.195148 0.198048 0.198174 0.197863 0.198092 0.197397 0.195371 0.191910 0.193410 0.195589 0.197583 0.198243 0.198654 0.199886 0.199008 0.197178 0.194625 0.195745 0.197789 0.198974 0.200506 0.202789 0.205257 0.207782 0.210788 0.213968 0.218344 0.223541 0.229850 0.237335 0.246840 0.260575 0.271023 0.283800 0.298215 0.317925 0.331736 0.339496 0.346289 0.352610 0.358846 0.364235 0.367452 0.369024 0.369693 0.369888 0.369956 0.369985 0.369998 0.370000 0.370000
0.205041 0.201664 0.199610 0.198103 0.198825 0.198113 0.196052 0.196117 0.195024 0.191564 0.192835 0.193835 0.196676 0.196157 0.196010 0.195337 0.195794 0.195341 0.191992 0.193727 0.194484 0.196496 0.196893 0.197356 0.197701 0.198078 0.197682 0.195277 0.195795 0.196460 0.198330 0.198451 0.199280 0.201525 0.202305 0.203788 0.205901 0.208216 0.211039 0.214552 0.219476 0.224665 0.229759 0.231660 0.235367 0.238634 0.236617 0.244236 0.253489 0.265693 0.286298 0.311703 0.332466 0.345621 0.356475 0.363286 0.366850 0.368738 0.369342 0.369706 0.369893 0.369970 0.369994
0.196522 0.194134 0.191785 0.193031 0.193218 0.193101 0.192656 0.191966 0.190468 0.192287 0.192511 0.192364 0.192184 0.192188 0.192432 0.192097 0.191904 0.192020 0.193409 0.193616 0.193205 0.193764 0.194212 0.194714 0.194194 0.194350 0.194415 0.194933 0.194882 0.194531 0.195440 0.195762 0.196105 0.197065 0.197790 0.198714 0.200396 0.201802 0.203612 0.206680 0.210501 0.213290 0.213832 0.215899 0.216839 0.215240 0.213858 0.216571 0.219608 0.222435 0.229059 0.237094 0.249460 0.285932 0.327630 0.344628 0.354707 0.361406 0.365095 0.367284 0.368555 0.369426 0.369779
0.193893 0.191914 0.191518 0.192466 0.192552 0.192515 0.191356 0.190282 0.191383 0.191792 0.191716 0.191273 0.191753 0.191957 0.192576 0.191997 0.191715 0.191891 0.192056 0.191995 0.192466 0.192824 0.193135 0.194637 0.193884 0.193845 0.194374 0.194173 0.194032 0.193665 0.194683 0.195089 0.195260 0.196206 0.196827 0.197525 0.198528 0.200152 0.203149 0.205588 0.208779 0.211872 0.212518 0.213021 0.212328 0.211564 0.208402 0.208348 0.211589 0.211082 0.213783 0.218545 0.219672 0.231919 0.254203 0.281533 0.318335 0.337631 0.351404 0.357749 0.362739 0.366121 0.368111
0.191187 0.191308 0.190368 0.190590 0.190480 0.189893 0.189184 0.190023 0.189964 0.189884 0.189941 0.189684 0.190127 0.190486 0.190851 0.190655 0.190625 0.190019 0.190025 0.190690 0.190784 0.191216 0.192107 0.193299 0.192590 0.192472 0.192519 0.192274 0.192327 0.191926 0.192766 0.193429 0.193655 0.194770 0.195331 0.194963 0.196333 0.198616 0.200988 0.202725 0.205365 0.209436 0.208361 0.208252 0.208704 0.206074 0.202951 0.202784 0.203763 0.203052 0.205136 0.206610 0.206820 0.212684 0.218265 0.225695 0.238886 0.267543 0.311925 0.334256 0.345814 0.354560 0.360187
