tests/Borden05m/sims/sim_1/output-maps/thetaliqL0007N0007.asc
ncols         160
nrows         34
xllcorner     620200.000000
yllcorner     5168000.000000
cellsize      0.500000
NODATA_value  -9999.0
[rows 0 to 27 of 34, columns 63 to 125 of 160]
-9999.0 -9999.0 -9999.0 -9999.0 -9999.0 -9999.0 -9999.0 -9999.0 -9999.0 -9999.0 -9999.0 -9999.0 -9999.0 -9999.0 -9999.0 -9999.0 -9999.0 -9999.0 -9999.0 -9999.0 -9999.0 -9999.0 -9999.0 -9999.0 -9999.0 -9999.0 -9999.0 -9999.0 -9999.0 -9999.0 -9999.0 -9999.0 -9999.0 -9999.0 -9999.0 -9999.0 -9999.0 -9999.0 -9999.0 -9999.0 -9999.0 -9999.0 -9999.0 -9999.0 -9999.0 -9999.0 -9999.0 -9999.0 -9999.0 -9999.0 -9999.0 -9999.0 -9999.0 -9999.0 -9999.0 -9999.0 -9999.0 -9999.0 -9999.0 -9999.0 -9999.0 -9999.0 -9999.0
0.316820 0.310801 0.304803 0.301911 0.301153 0.300421 0.300044 0.303699 0.309000 0.313888 0.318346 0.319720 0.321117 0.322456 0.322734 0.321928 0.319958 0.317927 0.315774 0.314833 0.309326 0.301399 0.294856 0.292781 0.296118 0.299410 0.301239 0.305592 0.312926 0.319813 0.324884 0.331235 0.333993 0.336516 0.338097 0.336344 0.334763 0.333094 0.330882 0.325036 -9999.0 -9999.0 -9999.0 -9999.0 -9999.0 -9999.0 -9999.0 -9999.0 -9999.0 -9999.0 -9999.0 -9999.0 -9999.0 -9999.0 -9999.0 -9999.0 -9999.0 -9999.0 -9999.0 -9999.0 -9999.0 -9999.0 -9999.0
0.306312 0.300006 0.295923 0.291718 0.290358 0.290194 0.290106 0.293155 0.300179 0.305677 0.308853 0.310377 0.311908 0.312008 0.311651 0.311330 0.309361 0.307015 0.304638 0.303359 0.303261 0.297811 0.293923 0.291510 0.290705 0.292523 0.294234 0.296385 0.303363 0.309135 0.314649 0.323225 0.330016 0.332747 0.331657 0.329152 0.327319 0.323977 0.318428 0.311958 0.304900 0.299912 0.296192 0.292615 0.297246 0.301885 0.309122 0.315908 0.323234 0.329952 -9999.0 -9999.0 -9999.0 -9999.0 -9999.0 -9999.0 -9999.0 -9999.0 -9999.0 -9999.0 -9999.0 -9999.0 -9999.0
0.297331 0.294376 0.290683 0.287583 0.293113 0.293869 0.294605 0.296824 0.299273 0.300662 0.302564 0.306154 0.312038 0.313645 0.313895 0.313902 0.312670 0.310589 0.309366 0.307460 0.303850 0.303230 0.303551 0.303644 0.307303 0.308312 0.309137 0.304296 0.306576 0.310857 0.315385 0.319878 0.324134 0.326954 0.325374 0.324744 0.320107 0.311701 0.304125 0.298092 0.296253 0.294128 0.288632 0.279596 0.285056 0.296821 0.300352 0.303192 0.311432 0.319243 0.325204 0.326274 0.326132 0.325980 0.324599 0.316446 0.306980 0.296729 0.282854 -9999.0 -9999.0 -9999.0 -9999.0
0.298692 0.296312 0.295256 0.304429 0.310737 0.311688 0.313432 0.315417 0.314388 0.306011 0.304047 0.309846 0.316569 0.320149 0.320144 0.320043 0.319147 0.318458 0.318063 0.316481 0.317218 0.318858 0.319440 0.322596 0.325852 0.327348 0.322273 0.316610 0.316839 0.321501 0.326085 0.330173 0.335829 0.341245 0.340746 0.338279 0.334204 0.327210 0.313361 0.299918 0.292516 0.287924 0.282905 0.282302 0.281010 0.289165 0.290745 0.292189 0.298742 0.306111 0.312896 0.316619 0.316415 0.316193 0.314767 0.308707 0.298596 0.287819 0.275163 0.254999 0.232104 0.210692 0.210130
0.302803 0.305225 0.314145 0.322642 0.331065 0.332316 0.333498 0.333272 0.327935 0.321924 0.319140 0.327938 0.335954 0.339732 0.340148 0.340521 0.344059 0.343123 0.341848 0.339306 0.340430 0.341854 0.346624 0.349325 0.351503 0.350878 0.346802 0.342490 0.341578 0.342262 0.342975 0.345322 0.349230 0.352609 0.351195 0.348712 0.344807 0.331591 0.315283 0.303959 0.304755 0.305321 0.302392 0.300376 0.297824 0.292272 0.292176 0.292002 0.291832 0.300734 0.309227 0.311607 0.307717 0.305392 0.303928 0.297780 0.289860 0.278298 0.264966 0.249889 0.227160 0.221427 0.215473
0.331067 0.335248 0.341395 0.348767 0.356095 0.357129 0.358109 0.359050 0.356575 0.353227 0.349361 0.354131 0.356695 0.358858 0.359700 0.361972 0.363609 0.362911 0.361463 0.359693 0.361012 0.363434 0.365387 0.366075 0.366407 0.366473 0.365546 0.364912 0.364470 0.364382 0.363763 0.364077 0.365417 0.366841 0.366851 0.365805 0.362893 0.355488 0.343452 0.332786 0.334703 0.331583 0.328541 0.326137 0.317772 0.310344 0.310188 0.303797 0.299446 0.307495 0.311604 0.312916 0.308953 0.312623 0.307487 0.294901 0.281781 0.269403 0.257747 0.245739 0.239724 0.232244 0.226261
0.352601 0.355289 0.359855 0.364135 0.366925 0.367917 0.368418 0.368811 0.368522 0.368030 0.367427 0.367758 0.368452 0.368972 0.369343 0.369625 0.369798 0.369773 0.369694 0.369680 0.369747 0.369886 0.369950 0.369966 0.369973 0.369981 0.369972 0.369954 0.369919 0.369865 0.369785 0.369709 0.369833 0.369912 0.369895 0.369665 0.369104 0.367417 0.363421 0.356226 0.354352 0.353948 0.353348 0.348159 0.341931 0.332750 0.326549 0.321297 0.311700 0.314599 0.318343 0.324794 0.330273 0.329871 0.320564 0.309494 0.295888 0.281546 0.270150 0.266428 0.262373 0.254689 0.249615
0.369186 0.369371 0.369665 0.369930 0.369996 0.370000 0.370000 0.370000 0.370000 0.370000 0.370000 0.369999 0.370000 0.370000 0.370000 0.370000 0.370000 0.370000 0.370000 0.370000 0.370000 0.370000 0.370000 0.370000 0.370000 0.370000 0.370000 0.370000 0.370000 0.370000 0.370000 0.370000 0.370000 0.370000 0.370000 0.370000 0.370000 0.369998 0.369951 0.369688 0.369137 0.369034 0.368435 0.367343 0.365189 0.358988 0.353645 0.347778 0.334516 0.331890 0.337376 0.343679 0.346480 0.339841 0.331788 0.321096 0.307650 0.292988 0.287914 0.286854 0.284464 0.279949 0.277843
0.370000 0.370000 0.370000 0.370000 0.370000 0.370000 0.370000 0.370000 0.370000 0.370000 0.370000 0.370000 0.370000 0.370000 0.370000 0.370000 0.370000 0.370000 0.370000 0.370000 0.370000 0.370000 0.370000 0.370000 0.370000 0.370000 0.370000 0.370000 0.370000 0.370000 0.370000 0.370000 0.370000 0.370000 0.370000 0.370000 0.370000 0.370000 0.370000 0.370000 0.370000 0.370000 0.369999 0.369988 0.369833 0.368997 0.366851 0.363147 0.356849 0.354898 0.360642 0.364480 0.363092 0.360968 0.356968 0.349431 0.339272 0.325979 0.321394 0.319278 0.315568 0.311239 0.306971
0.370000 0.370000 0.370000 0.370000 0.370000 0.370000 0.370000 0.370000 0.370000 0.370000 0.370000 0.370000 0.370000 0.370000 0.370000 0.370000 0.370000 0.370000 0.370000 0.370000 0.370000 0.370000 0.370000 0.370000 0.370000 0.370000 0.370000 0.370000 0.370000 0.370000 0.370000 0.370000 0.370000 0.370000 0.370000 0.370000 0.370000 0.370000 0.370000 0.370000 0.370000 0.370000 0.370000 0.370000 0.370000 0.370000 0.370000 0.369997 0.369936 0.369688 0.369869 0.369768 0.369578 0.369143 0.368005 0.365817 0.362010 0.355920 0.352473 0.350315 0.347299 0.344567 0.340670
0.370000 0.370000 0.370000 0.370000 0.370000 0.370000 0.370000 0.370000 0.370000 0.370000 0.370000 0.370000 0.370000 0.370000 0.370000 0.370000 0.370000 0.370000 0.370000 0.370000 0.370000 0.370000 0.370000 0.370000 0.370000 0.370000 0.370000 0.370000 0.370000 0.370000 0.370000 0.370000 0.370000 0.370000 0.370000 0.370000 0.370000 0.370000 0.370000 0.370000 0.370000 0.370000 0.370000 0.370000 0.370000 0.370000 0.370000 0.370000 0.370000 0.370000 0.370000 0.370000 0.370000 0.369999 0.369982 0.369889 0.369382 0.367968 0.366099 0.364899 0.363599 0.361863 0.359291
0.370000 0.370000 0.370000 0.370000 0.370000 0.370000 0.370000 0.370000 0.370000 0.370000 0.370000 0.370000 0.370000 0.370000 0.370000 0.370000 0.370000 0.370000 0.370000 0.370000 0.370000 0.370000 0.370000 0.370000 0.370000 0.370000 0.370000 0.370000 0.370000 0.370000 0.370000 0.370000 0.370000 0.370000 0.370000 0.370000 0.370000 0.370000 0.370000 0.370000 0.370000 0.370000 0.370000 0.370000 0.370000 0.370000 0.370000 0.370000 0.370000 0.370000 0.370000 0.370000 0.370000 0.370000 0.370000 0.370000 0.370000 0.369999 0.369977 0.369913 0.369687 0.369209 0.368480
0.370000 0.370000 0.370000 0.370000 0.370000 0.370000 0.370000 0.370000 0.370000 0.370000 0.370000 0.370000 0.370000 0.370000 0.370000 0.370000 0.370000 0.370000 0.370000 0.370000 0.370000 0.370000 0.370000 0.370000 0.370000 0.370000 0.370000 0.370000 0.370000 0.370000 0.370000 0.370000 0.370000 0.370000 0.370000 0.370000 0.370000 0.370000 0.370000 0.370000 0.370000 0.370000 0.370000 0.370000 0.370000 0.370000 0.370000 0.370000 0.370000 0.370000 0.370000 0.370000 0.370000 0.370000 0.370000 0.370000 0.370000 0.370000 0.370000 0.370000 0.370000 0.370000 0.369993
0.370000 0.370000 0.370000 0.370000 0.370000 0.370000 0.370000 0.370000 0.370000 0.370000 0.370000 0.370000 0.370000 0.370000 0.370000 0.370000 0.370000 0.370000 0.370000 0.370000 0.370000 0.370000 0.370000 0.370000 0.370000 0.370000 0.370000 0.370000 0.370000 0.370000 0.370000 0.370000 0.370000 0.370000 0.370000 0.370000 0.370000 0.370000 0.370000 0.370000 0.370000 0.370000 0.370000 0.370000 0.370000 0.370000 0.370000 0.370000 0.370000 0.370000 0.370000 0.370000 0.370000 0.370000 0.370000 0.370000 0.370000 0.370000 0.370000 0.370000 0.370000 0.370000 0.370000
0.370000 0.370000 0.370000 0.370000 0.370000 0.370000 0.370000 0.370000 0.370000 0.370000 0.370000 0.370000 0.370000 0.370000 0.370000 0.370000 0.370000 0.370000 0.370000 0.370000 0.370000 0.370000 0.370000 0.370000 0.370000 0.370000 0.370000 0.370000 0.370000 0.370000 0.370000 0.370000 0.370000 0.370000 0.370000 0.370000 0.370000 0.370000 0.370000 0.370000 0.370000 0.370000 0.370000 0.370000 0.370000 0.370000 0.370000 0.370000 0.370000 0.370000 0.370000 0.370000 0.370000 0.370000 0.370000 0.370000 0.370000 0.370000 0.370000 0.370000 0.370000 0.370000 0.370000
0.370000 0.370000 0.370000 0.370000 0.370000 0.370000 0.370000 0.370000 0.370000 0.370000 0.370000 0.370000 0.370000 0.370000 0.370000 0.370000 0.370000 0.370000 0.370000 0.370000 0.370000 0.370000 0.370000 0.370000 0.370000 0.370000 0.370000 0.370000 0.370000 0.370000 0.370000 0.370000 0.370000 0.370000 0.370000 0.370000 0.370000 0.370000 0.370000 0.370000 0.370000 0.370000 0.370000 0.370000 0.370000 0.370000 0.370000 0.370000 0.370000 0.370000 0.370000 0.370000 0.370000 0.370000 0.370000 0.370000 0.370000 0.370000 0.370000 0.370000 0.370000 0.370000 0.370000
0.370000 0.370000 0.370000 0.370000 0.370000 0.370000 0.370000 0.370000 0.370000 0.370000 0.370000 0.370000 0.370000 0.370000 0.370000 0.370000 0.370000 0.370000 0.370000 0.370000 0.370000 0.370000 0.370000 0.370000 0.370000 0.370000 0.370000 0.370000 0.370000 0.370000 0.370000 0.370000 0.370000 0.370000 0.370000 0.370000 0.370000 0.370000 0.370000 0.370000 0.370000 0.370000 0.370000 0.370000 0.370000 0.370000 0.370000 0.370000 0.370000 0.370000 0.370000 0.370000 0.370000 0.370000 0.370000 0.370000 0.370000 0.370000 0.370000 0.370000 0.370000 0.370000 0.370000
0.370000 0.370000 0.370000 0.370000 0.370000 0.370000 0.370000 0.370000 0.370000 0.370000 0.370000 0.370000 0.370000 0.370000 0.370000 0.370000 0.370000 0.370000 0.370000 0.370000 0.370000 0.370000 0.370000 0.370000 0.370000 0.370000 0.370000 0.370000 0.370000 0.370000 0.370000 0.370000 0.370000 0.370000 0.370000 0.370000 0.370000 0.370000 0.370000 0.370000 0.370000 0.370000 0.370000 0.370000 0.370000 0.370000 0.370000 0.370000 0.370000 0.370000 0.370000 0.370000 0.370000 0.370000 0.370000 0.370000 0.370000 0.370000 0.370000 0.370000 0.370000 0.370000 0.370000
0.370000 0.370000 0.370000 0.370000 0.370000 0.370000 0.370000 0.370000 0.370000 0.370000 0.370000 0.370000 0.370000 0.370000 0.370000 0.370000 0.370000 0.370000 0.370000 0.370000 0.370000 0.370000 0.370000 0.370000 0.370000 0.370000 0.370000 0.370000 0.370000 0.370000 0.370000 0.370000 0.370000 0.370000 0.370000 0.370000 0.370000 0.370000 0.370000 0.370000 0.370000 0.370000 0.370000 0.370000 0.370000 0.370000 0.370000 0.370000 0.370000 0.370000 0.370000 0.370000 0.370000 0.370000 0.370000 0.370000 0.370000 0.370000 0.370000 0.370000 0.370000 0.370000 0.370000
0.370000 0.370000 0.370000 0.370000 0.370000 0.370000 0.370000 0.370000 0.370000 0.369998 0.369986 0.369987 0.369991 0.369986 0.369956 0.369886 0.369783 0.369612 0.369302 0.369027 0.369245 0.369446 0.369509 0.369533 0.369586 0.369602 0.369597 0.369608 0.369767 0.369871 0.369934 0.369967 0.369985 0.369999 0.370000 0.370000 0.370000 0.370000 0.370000 0.370000 0.370000 0.370000 0.370000 0.370000 0.370000 0.370000 0.370000 0.370000 0.370000 0.370000 0.370000 0.370000 0.370000 0.370000 0.370000 0.370000 0.370000 0.370000 0.370000 0.370000 0.370000 0.370000 0.370000
0.370000 0.370000 0.370000 0.370000 0.369996 0.369955 0.369787 0.369338 0.368222 0.366206 0.363989 0.364730 0.365444 0.366207 0.364786 0.362996 0.361757 0.358952 0.355580 0.351684 0.354135 0.356575 0.359826 0.360455 0.361002 0.361986 0.361753 0.361460 0.360484 0.362150 0.363700 0.365325 0.367536 0.368806 0.369477 0.369783 0.369933 0.369990 0.370000 0.370000 0.370000 0.370000 0.370000 0.370000 0.370000 0.370000 0.370000 0.370000 0.370000 0.370000 0.370000 0.370000 0.370000 0.370000 0.370000 0.370000 0.370000 0.370000 0.370000 0.370000 0.370000 0.370000 0.370000
0.369985 0.369868 0.369159 0.367905 0.366135 0.363089 0.358938 0.353480 0.344264 0.333786 0.321322 0.323789 0.330459 0.337144 0.333270 0.330741 0.328921 0.322359 0.314056 0.305141 0.307702 0.317108 0.326724 0.330086 0.333150 0.336646 0.336602 0.333590 0.329296 0.332139 0.338357 0.344852 0.352318 0.358200 0.362357 0.365086 0.367170 0.368564 0.369372 0.369792 0.369957 0.369994 0.370000 0.370000 0.370000 0.370000 0.370000 0.370000 0.370000 0.370000 0.370000 0.370000 0.370000 0.370000 0.370000 0.370000 0.370000 0.370000 0.370000 0.370000 0.370000 0.370000 0.370000
0.362193 0.355184 0.348376 0.340510 0.331495 0.321111 0.308269 0.294508 0.279749 0.262656 0.246460 0.250881 0.262025 0.272489 0.273823 0.271470 0.269075 0.262639 0.251721 0.241807 0.248294 0.260885 0.273163 0.280636 0.285618 0.290334 0.288176 0.281866 0.276040 0.281878 0.293156 0.303695 0.315343 0.327701 0.338230 0.346834 0.353964 0.359383 0.363623 0.366491 0.368256 0.369221 0.369696 0.369907 0.369966 0.369992 0.369999 0.370000 0.370000 0.370000 0.370000 0.370000 0.370000 0.370000 0.370000 0.370000 0.370000 0.370000 0.370000 0.370000 0.370000 0.370000 0.370000
0.327116 0.308808 0.291754 0.278191 0.270219 0.258500 0.242907 0.231999 0.218808 0.203837 0.202432 0.205533 0.215372 0.217622 0.218252 0.215979 0.215158 0.211326 0.202127 0.205922 0.211917 0.223682 0.232477 0.239907 0.245002 0.248392 0.247687 0.241492 0.243270 0.249102 0.260902 0.270275 0.282229 0.297649 0.309495 0.321483 0.333164 0.343180 0.351564 0.358175 0.363086 0.366017 0.367626 0.368273 0.368813 0.369126 0.369129 0.369539 0.369796 0.369936 0.369993 0.370000 0.370000 0.370000 0.370000 0.370000 0.370000 0.370000 0.370000 0.370000 0.370000 0.370000 0.370000
0.259224 0.235721 0.216369 0.209077 0.201432 0.193283 0.184205 0.175477 0.167567 0.166951 0.165705 0.165733 0.167213 0.169069 0.170560 0.169944 0.169288 0.169473 0.172534 0.175140 0.178656 0.185710 0.193288 0.200399 0.203339 0.206375 0.208275 0.210339 0.212129 0.215468 0.224338 0.233541 0.244198 0.257871 0.271596 0.286045 0.301994 0.316537 0.330020 0.342237 0.351690 0.357175 0.359463 0.361451 0.362314 0.361874 0.361464 0.363093 0.364972 0.366453 0.368139 0.369197 0.369748 0.369992 0.370000 0.370000 0.370000 0.370000 0.370000 0.370000 0.370000 0.370000 0.370000
0.200628 0.182369 0.170785 0.164974 0.159396 0.153939 0.147248 0.142098 0.140944 0.139982 0.139112 0.138525 0.140044 0.141671 0.143583 0.143349 0.143450 0.144603 0.146576 0.149270 0.153787 0.159545 0.166151 0.174553 0.177237 0.180079 0.183493 0.185118 0.187089 0.189960 0.197918 0.206331 0.215639 0.228775 0.242712 0.258046 0.275591 0.294652 0.314393 0.329599 0.341755 0.349728 0.352594 0.354002 0.353742 0.352350 0.348840 0.349029 0.352931 0.354477 0.358407 0.362732 0.365099 0.368437 0.369775 0.369985 0.370000 0.370000 0.370000 0.370000 0.370000 0.370000 0.370000
0.157059 0.147556 0.138806 0.133749 0.129754 0.126114 0.123065 0.122136 0.121134 0.120503 0.120100 0.119660 0.120493 0.121843 0.123212 0.123817 0.124675 0.125606 0.127688 0.130999 0.134437 0.139421 0.145992 0.153171 0.156186 0.159035 0.161999 0.164073 0.166397 0.168710 0.175031 0.182503 0.190284 0.202631 0.216361 0.230885 0.251521 0.275123 0.297362 0.314631 0.329244 0.340692 0.342245 0.342953 0.342827 0.337422 0.330131 0.327683 0.329673 0.330599 0.335704 0.341934 0.347509 0.357132 0.363533 0.367323 0.369304 0.369947 0.370000 0.370000 0.370000 0.370000 0.370000
