tests/Borden05m/sims/sim_1/output-maps/thetaliqL0007N0007.asc
ncols         160
nrows         34
xllcorner     620200.000000
yllcorner     5168000.000000
cellsize      0.500000
NODATA_value  -9999.0
[rows 0 to 27 of 34, columns 0 to 62 of 160]
-9999.0 -9999.0 -9999.0 -9999.0 -9999.0 -9999.0 -9999.0 -9999.0 -9999.0 -9999.0 -9999.0 -9999.0 -9999.0 -9999.0 -9999.0 -9999.0 -9999.0 -9999.0 -9999.0 -9999.0 -9999.0 -9999.0 -9999.0 -9999.0 -9999.0 -9999.0 -9999.0 -9999.0 -9999.0 -9999.0 -9999.0 -9999.0 -9999.0 -9999.0 -9999.0 -9999.0 -9999.0 -9999.0 -9999.0 -9999.0 -9999.0 -9999.0 -9999.0 -9999.0 -9999.0 -9999.0 -9999.0 -9999.0 -9999.0 -9999.0 -9999.0 -9999.0 -9999.0 -9999.0 -9999.0 -9999.0 -9999.0 -9999.0 -9999.0 -9999.0 -9999.0 -9999.0 -9999.0
-9999.0 -9999.0 -9999.0 -9999.0 -9999.0 -9999.0 -9999.0 -9999.0 -9999.0 -9999.0 -9999.0 -9999.0 -9999.0 -9999.0 -9999.0 -9999.0 -9999.0 -9999.0 -9999.0 -9999.0 -9999.0 -9999.0 -9999.0 -9999.0 -9999.0 -9999.0 -9999.0 -9999.0 -9999.0 -9999.0 -9999.0 -9999.0 -9999.0 -9999.0 -9999.0 -9999.0 -9999.0 -9999.0 -9999.0 -9999.0 -9999.0 -9999.0 -9999.0 -9999.0 -9999.0 -9999.0 -9999.0 -9999.0 -9999.0 -9999.0 -9999.0 -9999.0 -9999.0 -9999.0 -9999.0 -9999.0 -9999.0 -9999.0 -9999.0 0.331396 0.328455 0.325415 0.322422
-9999.0 -9999.0 -9999.0 -9999.0 -9999.0 -9999.0 -9999.0 -9999.0 -9999.0 -9999.0 -9999.0 -9999.0 -9999.0 -9999.0 -9999.0 -9999.0 -9999.0 -9999.0 -9999.0 -9999.0 -9999.0 -9999.0 -9999.0 -9999.0 -9999.0 -9999.0 -9999.0 -9999.0 -9999.0 -9999.0 -9999.0 -9999.0 -9999.0 -9999.0 -9999.0 -9999.0 -9999.0 -9999.0 -9999.0 -9999.0 -9999.0 -9999.0 -9999.0 -9999.0 -9999.0 -9999.0 -9999.0 0.240861 0.226702 0.213288 0.212022 0.229764 0.248321 0.267111 0.282875 0.296518 0.309434 0.321439 0.323292 0.316887 0.313823 0.311567 0.309962
-9999.0 -9999.0 -9999.0 -9999.0 -9999.0 -9999.0 -9999.0 -9999.0 -9999.0 -9999.0 -9999.0 -9999.0 -9999.0 -9999.0 -9999.0 -9999.0 -9999.0 -9999.0 -9999.0 -9999.0 -9999.0 -9999.0 -9999.0 -9999.0 -9999.0 -9999.0 -9999.0 -9999.0 -9999.0 -9999.0 -9999.0 -9999.0 -9999.0 -9999.0 -9999.0 -9999.0 -9999.0 -9999.0 -9999.0 -9999.0 0.279083 0.283512 0.284736 0.276077 0.266913 0.257367 0.241153 0.226701 0.214221 0.211777 0.213522 0.217875 0.236024 0.255236 0.270489 0.283849 0.297745 0.311159 0.312886 0.305510 0.299409 0.296223 0.296044
-9999.0 -9999.0 -9999.0 -9999.0 -9999.0 -9999.0 -9999.0 -9999.0 -9999.0 -9999.0 -9999.0 -9999.0 -9999.0 -9999.0 -9999.0 -9999.0 -9999.0 -9999.0 -9999.0 -9999.0 -9999.0 -9999.0 -9999.0 -9999.0 -9999.0 -9999.0 -9999.0 -9999.0 -9999.0 -9999.0 -9999.0 -9999.0 -9999.0 -9999.0 0.206886 0.220238 0.234352 0.248835 0.261956 0.266980 0.271546 0.276014 0.272682 0.268578 0.259249 0.244125 0.228011 0.216502 0.214121 0.211835 0.214955 0.224985 0.237910 0.250915 0.267429 0.285018 0.291503 0.300014 0.301923 0.298076 0.298447 0.299231 0.300076
-9999.0 -9999.0 -9999.0 -9999.0 -9999.0 -9999.0 -9999.0 -9999.0 -9999.0 -9999.0 -9999.0 -9999.0 -9999.0 -9999.0 -9999.0 -9999.0 -9999.0 -9999.0 -9999.0 -9999.0 -9999.0 -9999.0 -9999.0 -9999.0 -9999.0 -9999.0 -9999.0 -9999.0 0.211093 0.206484 0.202402 0.201042 0.199828 0.198666 0.203561 0.212686 0.226764 0.243630 0.253603 0.259040 0.263972 0.264357 0.260245 0.258105 0.257899 0.248165 0.238468 0.229442 0.220870 0.219717 0.226899 0.237484 0.249916 0.261334 0.272999 0.283175 0.294004 0.308684 0.313986 0.309724 0.305465 0.302635 0.302771
-9999.0 -9999.0 -9999.0 -9999.0 -9999.0 -9999.0 -9999.0 -9999.0 -9999.0 -9999.0 -9999.0 -9999.0 -9999.0 -9999.0 -9999.0 -9999.0 -9999.0 -9999.0 -9999.0 -9999.0 -9999.0 -9999.0 -9999.0 0.190504 0.194715 0.199150 0.204254 0.204647 0.201193 0.196813 0.194227 0.192803 0.191441 0.194182 0.199995 0.209876 0.221812 0.238568 0.245110 0.250267 0.260061 0.261317 0.264491 0.267273 0.265362 0.262897 0.253005 0.245605 0.250126 0.254830 0.259414 0.264759 0.274455 0.286093 0.298761 0.312425 0.325159 0.334995 0.342261 0.339519 0.335256 0.329239 0.329224
-9999.0 -9999.0 -9999.0 -9999.0 -9999.0 -9999.0 -9999.0 -9999.0 -9999.0 -9999.0 -9999.0 -9999.0 -9999.0 -9999.0 -9999.0 -9999.0 -9999.0 -9999.0 -9999.0 0.174553 0.174924 0.175332 0.178014 0.178511 0.179791 0.184186 0.189449 0.190540 0.189210 0.187711 0.188446 0.189930 0.192433 0.200336 0.210252 0.220718 0.231548 0.247907 0.259396 0.270232 0.282485 0.280747 0.276645 0.274322 0.274125 0.274207 0.278983 0.281655 0.285444 0.289645 0.294471 0.300224 0.306965 0.318398 0.329611 0.339264 0.346960 0.353020 0.357782 0.356951 0.353848 0.349938 0.349923
-9999.0 -9999.0 -9999.0 -9999.0 -9999.0 -9999.0 -9999.0 -9999.0 -9999.0 -9999.0 -9999.0 -9999.0 -9999.0 -9999.0 -9999.0 -9999.0 0.158357 0.159251 0.160221 0.163034 0.164183 0.166248 0.170073 0.170430 0.172551 0.176704 0.179633 0.184856 0.189780 0.194543 0.198376 0.199901 0.205220 0.212061 0.220797 0.232826 0.250139 0.267811 0.280082 0.292116 0.303543 0.303149 0.301758 0.301987 0.302127 0.307470 0.318896 0.322289 0.324237 0.334301 0.340703 0.342788 0.345404 0.351416 0.357740 0.362846 0.366634 0.368187 0.369027 0.369201 0.368785 0.368618 0.368817
-9999.0 -9999.0 -9999.0 -9999.0 -9999.0 -9999.0 -9999.0 -9999.0 -9999.0 -9999.0 -9999.0 -9999.0 -9999.0 0.137427 0.139132 0.143041 0.146551 0.147401 0.149054 0.151624 0.157754 0.159395 0.162598 0.166725 0.173190 0.178177 0.183856 0.191469 0.197041 0.201805 0.206624 0.211343 0.221580 0.233366 0.245787 0.261692 0.278161 0.293628 0.307974 0.316986 0.324970 0.326723 0.325149 0.325574 0.329799 0.338684 0.346459 0.350991 0.357268 0.362144 0.364387 0.365942 0.366793 0.367688 0.368742 0.369677 0.369960 0.369997 0.370000 0.370000 0.370000 0.370000 0.370000
-9999.0 -9999.0 -9999.0 -9999.0 -9999.0 -9999.0 -9999.0 -9999.0 -9999.0 -9999.0 0.123877 0.124749 0.123482 0.123763 0.125200 0.129337 0.134254 0.136976 0.141598 0.151077 0.159714 0.161336 0.169670 0.175370 0.179119 0.185797 0.194428 0.203399 0.216090 0.225492 0.235261 0.251740 0.264431 0.276735 0.289543 0.302995 0.316421 0.333110 0.344942 0.349945 0.356844 0.360025 0.359313 0.359267 0.360767 0.363784 0.366619 0.368491 0.369377 0.369838 0.369959 0.369988 0.369996 0.369999 0.370000 0.370000 0.370000 0.370000 0.370000 0.370000 0.370000 0.370000 0.370000
-9999.0 -9999.0 -9999.0 -9999.0 -9999.0 -9999.0 -9999.0 -9999.0 0.116387 0.118339 0.120263 0.119218 0.117652 0.116649 0.120470 0.125633 0.131337 0.137976 0.144854 0.153274 0.161378 0.170738 0.182413 0.189932 0.197824 0.208422 0.218330 0.232077 0.248700 0.260346 0.275319 0.291439 0.304843 0.315995 0.326218 0.335273 0.347344 0.357516 0.363620 0.366577 0.368435 0.369321 0.369383 0.369492 0.369631 0.369910 0.369991 0.370000 0.370000 0.370000 0.370000 0.370000 0.370000 0.370000 0.370000 0.370000 0.370000 0.370000 0.370000 0.370000 0.370000 0.370000 0.370000
-9999.0 -9999.0 -9999.0 -9999.0 -9999.0 -9999.0 0.109584 0.116048 0.120454 0.117946 0.115609 0.114611 0.113603 0.118767 0.125601 0.131593 0.138137 0.145605 0.153271 0.161052 0.182235 0.192498 0.202736 0.217398 0.227591 0.238024 0.251402 0.269860 0.287457 0.310576 0.328554 0.341461 0.351108 0.356607 0.360640 0.363911 0.367281 0.369170 0.369841 0.369980 0.369999 0.370000 0.370000 0.370000 0.370000 0.370000 0.370000 0.370000 0.370000 0.370000 0.370000 0.370000 0.370000 0.370000 0.370000 0.370000 0.370000 0.370000 0.370000 0.370000 0.370000 0.370000 0.370000
-9999.0 -9999.0 -9999.0 -9999.0 0.102129 0.106626 0.111698 0.120637 0.128328 0.126193 0.128801 0.128926 0.128372 0.128984 0.130810 0.137786 0.145302 0.153603 0.163501 0.187106 0.216341 0.228864 0.250239 0.275416 0.285541 0.295800 0.305892 0.320187 0.336100 0.350300 0.361998 0.366926 0.368602 0.369399 0.369773 0.369946 0.369997 0.370000 0.370000 0.370000 0.370000 0.370000 0.370000 0.370000 0.370000 0.370000 0.370000 0.370000 0.370000 0.370000 0.370000 0.370000 0.370000 0.370000 0.370000 0.370000 0.370000 0.370000 0.370000 0.370000 0.370000 0.370000 0.370000
-9999.0 -9999.0 -9999.0 0.094067 0.100601 0.108485 0.115778 0.125606 0.137670 0.140479 0.143949 0.146995 0.150261 0.154605 0.159894 0.168703 0.176497 0.183600 0.197231 0.224252 0.252862 0.280146 0.303512 0.323130 0.335286 0.342106 0.348282 0.355778 0.363762 0.367857 0.369680 0.369987 0.370000 0.370000 0.370000 0.370000 0.370000 0.370000 0.370000 0.370000 0.370000 0.370000 0.370000 0.370000 0.370000 0.370000 0.370000 0.370000 0.370000 0.370000 0.370000 0.370000 0.370000 0.370000 0.370000 0.370000 0.370000 0.370000 0.370000 0.370000 0.370000 0.370000 0.370000
-9999.0 -9999.0 0.088041 0.092675 0.098343 0.109353 0.124770 0.137395 0.156714 0.171064 0.175246 0.187395 0.199084 0.205022 0.217690 0.230942 0.240179 0.241558 0.250214 0.279021 0.317235 0.342901 0.354954 0.365438 0.368143 0.369075 0.369443 0.369821 0.369977 0.370000 0.370000 0.370000 0.370000 0.370000 0.370000 0.370000 0.370000 0.370000 0.370000 0.370000 0.370000 0.370000 0.370000 0.370000 0.370000 0.370000 0.370000 0.370000 0.370000 0.370000 0.370000 0.370000 0.370000 0.370000 0.370000 0.370000 0.370000 0.370000 0.370000 0.370000 0.370000 0.370000 0.370000
-9999.0 -9999.0 0.085485 0.090349 0.096741 0.111931 0.137079 0.154757 0.179736 0.210276 0.224601 0.242790 0.258826 0.274099 0.291865 0.308612 0.310301 0.311293 0.310187 0.340055 0.359239 0.367838 0.369880 0.369999 0.370000 0.370000 0.370000 0.370000 0.370000 0.370000 0.370000 0.370000 0.370000 0.370000 0.370000 0.370000 0.370000 0.370000 0.370000 0.370000 0.370000 0.370000 0.370000 0.370000 0.370000 0.370000 0.370000 0.370000 0.370000 0.370000 0.370000 0.370000 0.370000 0.370000 0.370000 0.370000 0.370000 0.370000 0.370000 0.370000 0.370000 0.370000 0.370000
-9999.0 0.078982 0.082513 0.087642 0.097577 0.112955 0.144554 0.191624 0.227444 0.259974 0.281639 0.296748 0.332039 0.352520 0.359438 0.364364 0.363971 0.363492 0.362272 0.367295 0.369664 0.370000 0.370000 0.370000 0.370000 0.370000 0.370000 0.370000 0.370000 0.370000 0.370000 0.370000 0.370000 0.370000 0.370000 0.370000 0.370000 0.370000 0.370000 0.370000 0.370000 0.370000 0.370000 0.370000 0.370000 0.370000 0.370000 0.370000 0.370000 0.370000 0.370000 0.370000 0.370000 0.370000 0.370000 0.370000 0.370000 0.370000 0.370000 0.370000 0.370000 0.370000 0.370000
-9999.0 0.077198 0.080703 0.086988 0.096779 0.114516 0.161943 0.251415 0.286259 0.309350 0.327437 0.349931 0.367146 0.369756 0.369973 0.369999 0.369999 0.369996 0.369996 0.370000 0.370000 0.370000 0.370000 0.370000 0.370000 0.370000 0.370000 0.370000 0.370000 0.370000 0.370000 0.370000 0.370000 0.370000 0.370000 0.370000 0.370000 0.370000 0.370000 0.370000 0.370000 0.370000 0.370000 0.370000 0.370000 0.370000 0.370000 0.370000 0.370000 0.370000 0.370000 0.370000 0.370000 0.370000 0.370000 0.370000 0.370000 0.370000 0.370000 0.370000 0.370000 0.370000 0.370000
-9999.0 0.076185 0.079759 0.084903 0.094137 0.124465 0.184768 0.282023 0.336524 0.350832 0.363384 0.369691 0.370000 0.370000 0.370000 0.370000 0.370000 0.370000 0.370000 0.370000 0.370000 0.370000 0.370000 0.370000 0.370000 0.370000 0.370000 0.370000 0.370000 0.370000 0.370000 0.370000 0.370000 0.370000 0.370000 0.370000 0.370000 0.370000 0.370000 0.370000 0.370000 0.370000 0.370000 0.370000 0.370000 0.370000 0.370000 0.370000 0.370000 0.370000 0.370000 0.370000 0.370000 0.370000 0.370000 0.370000 0.370000 0.370000 0.370000 0.370000 0.370000 0.370000 0.370000
-9999.0 0.073331 0.076172 0.079487 0.093225 0.134828 0.205128 0.320448 0.364029 0.368525 0.369994 0.370000 0.370000 0.370000 0.370000 0.370000 0.370000 0.370000 0.370000 0.370000 0.370000 0.370000 0.370000 0.370000 0.370000 0.370000 0.370000 0.370000 0.370000 0.370000 0.370000 0.370000 0.370000 0.370000 0.370000 0.370000 0.370000 0.370000 0.370000 0.370000 0.370000 0.370000 0.370000 0.370000 0.370000 0.370000 0.370000 0.370000 0.370000 0.370000 0.370000 0.370000 0.370000 0.370000 0.370000 0.370000 0.370000 0.370000 0.370000 0.370000 0.370000 0.370000 0.370000
-9999.0 0.071510 0.073302 0.077374 0.090048 0.126060 0.209522 0.333140 0.369224 0.369999 0.370000 0.370000 0.370000 0.370000 0.370000 0.370000 0.370000 0.370000 0.370000 0.370000 0.370000 0.370000 0.370000 0.370000 0.370000 0.370000 0.370000 0.370000 0.370000 0.370000 0.370000 0.370000 0.370000 0.370000 0.370000 0.370000 0.370000 0.370000 0.370000 0.370000 0.370000 0.370000 0.370000 0.370000 0.370000 0.370000 0.370000 0.370000 0.370000 0.370000 0.370000 0.370000 0.370000 0.370000 0.370000 0.370000 0.370000 0.370000 0.370000 0.370000 0.370000 0.370000 0.370000
-9999.0 0.070251 0.072101 0.075103 0.083003 0.101608 0.146623 0.263316 0.355133 0.369994 0.370000 0.370000 0.370000 0.370000 0.370000 0.370000 0.370000 0.370000 0.370000 0.370000 0.370000 0.370000 0.370000 0.370000 0.370000 0.370000 0.370000 0.370000 0.370000 0.370000 0.370000 0.370000 0.370000 0.370000 0.370000 0.370000 0.370000 0.370000 0.370000 0.370000 0.370000 0.370000 0.370000 0.370000 0.370000 0.370000 0.370000 0.370000 0.370000 0.370000 0.370000 0.370000 0.370000 0.370000 0.370000 0.370000 0.370000 0.370000 0.370000 0.370000 0.370000 0.370000 0.369999
-9999.0 -9999.0 0.070878 0.073185 0.077608 0.087572 0.110445 0.178846 0.296352 0.366883 0.369994 0.370000 0.370000 0.370000 0.370000 0.370000 0.370000 0.370000 0.370000 0.370000 0.370000 0.370000 0.370000 0.370000 0.370000 0.370000 0.370000 0.370000 0.370000 0.370000 0.370000 0.370000 0.370000 0.370000 0.370000 0.370000 0.370000 0.370000 0.370000 0.370000 0.370000 0.370000 0.370000 0.370000 0.370000 0.370000 0.370000 0.370000 0.370000 0.370000 0.370000 0.370000 0.370000 0.370000 0.370000 0.370000 0.370000 0.370000 0.370000 0.369982 0.369730 0.368631 0.366360
-9999.0 -9999.0 0.069841 0.071394 0.074439 0.080610 0.091384 0.114449 0.189814 0.284015 0.344415 0.366192 0.369652 0.369991 0.370000 0.370000 0.370000 0.370000 0.370000 0.370000 0.370000 0.370000 0.370000 0.370000 0.370000 0.370000 0.370000 0.370000 0.370000 0.370000 0.370000 0.370000 0.370000 0.370000 0.370000 0.370000 0.370000 0.370000 0.370000 0.370000 0.370000 0.370000 0.370000 0.370000 0.370000 0.370000 0.370000 0.370000 0.370000 0.370000 0.370000 0.369999 0.369998 0.369995 0.369985 0.369966 0.369866 0.369518 0.368660 0.366416 0.360952 0.353221 0.341912
-9999.0 -9999.0 -9999.0 0.070274 0.071886 0.074243 0.078433 0.084225 0.097736 0.127721 0.177129 0.247072 0.296709 0.329904 0.352291 0.364419 0.367819 0.368759 0.369232 0.369882 0.369977 0.369999 0.370000 0.370000 0.370000 0.370000 0.370000 0.370000 0.370000 0.370000 0.370000 0.369998 0.369993 0.369993 0.369992 0.369993 0.369989 0.369982 0.369958 0.369898 0.369773 0.369600 0.369485 0.369373 0.369290 0.369179 0.369047 0.368782 0.368377 0.367879 0.367406 0.367152 0.366849 0.366369 0.365606 0.364632 0.362911 0.357833 0.350674 0.340387 0.324495 0.304572 0.282524
-9999.0 -9999.0 -9999.0 -9999.0 -9999.0 0.070883 0.072858 0.075779 0.079837 0.085782 0.096916 0.119801 0.137916 0.161964 0.195406 0.227758 0.256884 0.286399 0.318156 0.340265 0.355949 0.363033 0.367034 0.368768 0.369299 0.369616 0.369703 0.369550 0.369296 0.368765 0.367446 0.365552 0.364929 0.364898 0.364902 0.364658 0.363963 0.363130 0.361898 0.359230 0.356362 0.354801 0.353573 0.352337 0.350999 0.349803 0.348612 0.347379 0.344118 0.341275 0.341440 0.340310 0.339130 0.337929 0.334868 0.331243 0.326625 0.311879 0.297085 0.285698 0.261023 0.238346 0.222435
-9999.0 -9999.0 -9999.0 -9999.0 -9999.0 -9999.0 0.070247 0.071653 0.073409 0.076035 0.080463 0.086501 0.090176 0.097168 0.107340 0.122164 0.143693 0.165217 0.191166 0.221869 0.256018 0.283973 0.309605 0.330406 0.337652 0.342687 0.347064 0.343842 0.339999 0.335789 0.325153 0.322638 0.319068 0.318998 0.318733 0.318526 0.315282 0.311645 0.308088 0.300900 0.297181 0.292951 0.289883 0.286902 0.283788 0.281110 0.279108 0.277168 0.272599 0.273462 0.273808 0.272451 0.270706 0.268812 0.263910 0.257172 0.250536 0.237390 0.226173 0.215109 0.196591 0.183522 0.171060
