tests/Borden05m/sims/sim_1/output-maps/thetaliqL0008N0014.asc
ncols         160
nrows         34
xllcorner     620200.000000
yllcorner     5168000.000000
cellsize      0.500000
NODATA_value  -9999.0
[rows 0 to 27 of 34, columns 0 to 62 of 160]
-9999.0 -9999.0 -9999.0 -9999.0 -9999.0 -9999.0 -9999.0 -9999.0 -9999.0 -9999.0 -9999.0 -9999.0 -9999.0 -9999.0 -9999.0 -9999.0 -9999.0 -9999.0 -9999.0 -9999.0 -9999.0 -9999.0 -9999.0 -9999.0 -9999.0 -9999.0 -9999.0 -9999.0 -9999.0 -9999.0 -9999.0 -9999.0 -9999.0 -9999.0 -9999.0 -9999.0 -9999.0 -9999.0 -9999.0 -9999.0 -9999.0 -9999.0 -9999.0 -9999.0 -9999.0 -9999.0 -9999.0 -9999.0 -9999.0 -9999.0 -9999.0 -9999.0 -9999.0 -9999.0 -9999.0 -9999.0 -9999.0 -9999.0 -9999.0 -9999.0 -9999.0 -9999.0 -9999.0
-9999.0 -9999.0 -9999.0 -9999.0 -9999.0 -9999.0 -9999.0 -9999.0 -9999.0 -9999.0 -9999.0 -9999.0 -9999.0 -9999.0 -9999.0 -9999.0 -9999.0 -9999.0 -9999.0 -9999.0 -9999.0 -9999.0 -9999.0 -9999.0 -9999.0 -9999.0 -9999.0 -9999.0 -9999.0 -9999.0 -9999.0 -9999.0 -9999.0 -9999.0 -9999.0 -9999.0 -9999.0 -9999.0 -9999.0 -9999.0 -9999.0 -9999.0 -9999.0 -9999.0 -9999.0 -9999.0 -9999.0 -9999.0 -9999.0 -9999.0 -9999.0 -9999.0 -9999.0 -9999.0 -9999.0 -9999.0 -9999.0 -9999.0 -9999.0 0.369455 0.369350 0.369232 0.369105
-9999.0 -9999.0 -9999.0 -9999.0 -9999.0 -9999.0 -9999.0 -9999.0 -9999.0 -9999.0 -9999.0 -9999.0 -9999.0 -9999.0 -9999.0 -9999.0 -9999.0 -9999.0 -9999.0 -9999.0 -9999.0 -9999.0 -9999.0 -9999.0 -9999.0 -9999.0 -9999.0 -9999.0 -9999.0 -9999.0 -9999.0 -9999.0 -9999.0 -9999.0 -9999.0 -9999.0 -9999.0 -9999.0 -9999.0 -9999.0 -9999.0 -9999.0 -9999.0 -9999.0 -9999.0 -9999.0 -9999.0 0.358325 0.354121 0.349065 0.348504 0.355217 0.360260 0.363864 0.366031 0.367419 0.368397 0.369064 0.369150 0.368841 0.368673 0.368544 0.368450
-9999.0 -9999.0 -9999.0 -9999.0 -9999.0 -9999.0 -9999.0 -9999.0 -9999.0 -9999.0 -9999.0 -9999.0 -9999.0 -9999.0 -9999.0 -9999.0 -9999.0 -9999.0 -9999.0 -9999.0 -9999.0 -9999.0 -9999.0 -9999.0 -9999.0 -9999.0 -9999.0 -9999.0 -9999.0 -9999.0 -9999.0 -9999.0 -9999.0 -9999.0 -9999.0 -9999.0 -9999.0 -9999.0 -9999.0 -9999.0 0.365473 0.366017 0.366155 0.365100 0.363766 0.362087 0.358465 0.354189 0.349519 0.348508 0.349322 0.351137 0.357237 0.361836 0.364469 0.366201 0.367567 0.368535 0.368643 0.368184 0.367742 0.367480 0.367474
-9999.0 -9999.0 -9999.0 -9999.0 -9999.0 -9999.0 -9999.0 -9999.0 -9999.0 -9999.0 -9999.0 -9999.0 -9999.0 -9999.0 -9999.0 -9999.0 -9999.0 -9999.0 -9999.0 -9999.0 -9999.0 -9999.0 -9999.0 -9999.0 -9999.0 -9999.0 -9999.0 -9999.0 -9999.0 -9999.0 -9999.0 -9999.0 -9999.0 -9999.0 0.345765 0.351612 0.356428 0.360228 0.362888 0.363757 0.364465 0.365100 0.364647 0.364054 0.362495 0.359281 0.354747 0.350601 0.349676 0.348751 0.350142 0.353973 0.357971 0.361107 0.364118 0.366423 0.367097 0.367832 0.367988 0.367707 0.367749 0.367819 0.367892
-9999.0 -9999.0 -9999.0 -9999.0 -9999.0 -9999.0 -9999.0 -9999.0 -9999.0 -9999.0 -9999.0 -9999.0 -9999.0 -9999.0 -9999.0 -9999.0 -9999.0 -9999.0 -9999.0 -9999.0 -9999.0 -9999.0 -9999.0 -9999.0 -9999.0 -9999.0 -9999.0 -9999.0 0.347575 0.345396 0.343331 0.342638 0.342016 0.341427 0.344159 0.348586 0.354084 0.359051 0.361349 0.362442 0.363339 0.363423 0.362729 0.362369 0.362358 0.360394 0.358057 0.355480 0.352617 0.352236 0.354824 0.358042 0.361071 0.363288 0.365098 0.366328 0.367435 0.368512 0.368819 0.368600 0.368359 0.368191 0.368213
-9999.0 -9999.0 -9999.0 -9999.0 -9999.0 -9999.0 -9999.0 -9999.0 -9999.0 -9999.0 -9999.0 -9999.0 -9999.0 -9999.0 -9999.0 -9999.0 -9999.0 -9999.0 -9999.0 -9999.0 -9999.0 -9999.0 -9999.0 0.335863 0.338600 0.341304 0.344155 0.344409 0.342631 0.340175 0.338666 0.337838 0.337018 0.338869 0.342359 0.347465 0.352485 0.357872 0.359588 0.360784 0.362741 0.363012 0.363603 0.364073 0.363808 0.363436 0.361662 0.360121 0.361134 0.362121 0.363027 0.363979 0.365407 0.366763 0.367895 0.368784 0.369360 0.369666 0.369819 0.369775 0.369690 0.369545 0.369551
-9999.0 -9999.0 -9999.0 -9999.0 -9999.0 -9999.0 -9999.0 -9999.0 -9999.0 -9999.0 -9999.0 -9999.0 -9999.0 -9999.0 -9999.0 -9999.0 -9999.0 -9999.0 -9999.0 0.323121 0.323504 0.323946 0.326369 0.326829 0.327948 0.331495 0.335366 0.336206 0.335361 0.334419 0.335020 0.336136 0.337911 0.342714 0.347806 0.352247 0.355993 0.360358 0.362725 0.364515 0.366124 0.365969 0.365516 0.365262 0.365277 0.365326 0.365922 0.366256 0.366711 0.367146 0.367597 0.368073 0.368545 0.369140 0.369550 0.369786 0.369906 0.369963 0.369988 0.369985 0.369972 0.369949 0.369950
-9999.0 -9999.0 -9999.0 -9999.0 -9999.0 -9999.0 -9999.0 -9999.0 -9999.0 -9999.0 -9999.0 -9999.0 -9999.0 -9999.0 -9999.0 -9999.0 0.305555 0.306703 0.307955 0.311329 0.312743 0.315080 0.319118 0.319576 0.321708 0.325588 0.328171 0.332406 0.336035 0.339223 0.341619 0.342605 0.345520 0.348857 0.352508 0.356582 0.361002 0.364257 0.365946 0.367231 0.368166 0.368170 0.368101 0.368143 0.368180 0.368537 0.369132 0.369291 0.369378 0.369675 0.369813 0.369853 0.369894 0.369955 0.369989 0.369999 0.370000 0.370000 0.370000 0.370000 0.370000 0.370000 0.370000
-9999.0 -9999.0 -9999.0 -9999.0 -9999.0 -9999.0 -9999.0 -9999.0 -9999.0 -9999.0 -9999.0 -9999.0 -9999.0 0.272932 0.276100 0.283028 0.288955 0.290393 0.293038 0.296932 0.305254 0.307412 0.311322 0.315987 0.322595 0.327176 0.331862 0.337373 0.340970 0.343789 0.346391 0.348677 0.352904 0.356855 0.360161 0.363376 0.365808 0.367438 0.368512 0.369025 0.369369 0.369442 0.369410 0.369442 0.369579 0.369787 0.369907 0.369952 0.369987 0.369998 0.370000 0.370000 0.370000 0.370000 0.370000 0.370000 0.370000 0.370000 0.370000 0.370000 0.370000 0.370000 0.370000
-9999.0 -9999.0 -9999.0 -9999.0 -9999.0 -9999.0 -9999.0 -9999.0 -9999.0 -9999.0 0.244520 0.246559 0.243601 0.244178 0.247694 0.257089 0.267426 0.272726 0.281214 0.296327 0.307964 0.310061 0.319224 0.324801 0.328221 0.333574 0.339532 0.344761 0.350707 0.354334 0.357442 0.361469 0.363861 0.365671 0.367114 0.368239 0.369025 0.369632 0.369873 0.369936 0.369983 0.369994 0.369993 0.369993 0.369996 0.369999 0.370000 0.370000 0.370000 0.370000 0.370000 0.370000 0.370000 0.370000 0.370000 0.370000 0.370000 0.370000 0.370000 0.370000 0.370000 0.370000 0.370000
-9999.0 -9999.0 -9999.0 -9999.0 -9999.0 -9999.0 -9999.0 -9999.0 0.225430 0.230698 0.235646 0.233029 0.229025 0.226323 0.236446 0.249020 0.261682 0.274935 0.286993 0.299796 0.310286 0.320504 0.330971 0.336620 0.341716 0.347415 0.351806 0.356584 0.360926 0.363248 0.365526 0.367320 0.368384 0.369033 0.369459 0.369720 0.369917 0.369988 0.369999 0.370000 0.370000 0.370000 0.370000 0.370000 0.370000 0.370000 0.370000 0.370000 0.370000 0.370000 0.370000 0.370000 0.370000 0.370000 0.370000 0.370000 0.370000 0.370000 0.370000 0.370000 0.370000 0.370000 0.370000
-9999.0 -9999.0 -9999.0 -9999.0 -9999.0 -9999.0 0.205939 0.224343 0.235929 0.229513 0.223064 0.220321 0.217486 0.232089 0.249042 0.262384 0.275382 0.288418 0.300040 0.310067 0.330715 0.338394 0.344557 0.351356 0.355219 0.358445 0.361667 0.364879 0.366999 0.368735 0.369509 0.369824 0.369949 0.369984 0.369996 0.369999 0.370000 0.370000 0.370000 0.370000 0.370000 0.370000 0.370000 0.370000 0.370000 0.370000 0.370000 0.370000 0.370000 0.370000 0.370000 0.370000 0.370000 0.370000 0.370000 0.370000 0.370000 0.370000 0.370000 0.370000 0.370000 0.370000 0.370000
-9999.0 -9999.0 -9999.0 -9999.0 0.182629 0.196947 0.212082 0.236231 0.254397 0.249761 0.255580 0.255893 0.254720 0.256394 0.260670 0.274708 0.288039 0.300741 0.313269 0.334631 0.350904 0.355615 0.361260 0.365525 0.366770 0.367763 0.368520 0.369257 0.369739 0.369946 0.369998 0.370000 0.370000 0.370000 0.370000 0.370000 0.370000 0.370000 0.370000 0.370000 0.370000 0.370000 0.370000 0.370000 0.370000 0.370000 0.370000 0.370000 0.370000 0.370000 0.370000 0.370000 0.370000 0.370000 0.370000 0.370000 0.370000 0.370000 0.370000 0.370000 0.370000 0.370000 0.370000
-9999.0 -9999.0 -9999.0 0.155060 0.177354 0.202474 0.223370 0.248107 0.273354 0.278363 0.284551 0.289458 0.294419 0.300757 0.307676 0.317933 0.325840 0.332241 0.341733 0.354193 0.361931 0.366176 0.368335 0.369347 0.369716 0.369854 0.369934 0.369984 0.369999 0.370000 0.370000 0.370000 0.370000 0.370000 0.370000 0.370000 0.370000 0.370000 0.370000 0.370000 0.370000 0.370000 0.370000 0.370000 0.370000 0.370000 0.370000 0.370000 0.370000 0.370000 0.370000 0.370000 0.370000 0.370000 0.370000 0.370000 0.370000 0.370000 0.370000 0.370000 0.370000 0.370000 0.370000
-9999.0 -9999.0 0.133668 0.150191 0.169660 0.204591 0.245696 0.272471 0.302947 0.319325 0.323552 0.333586 0.341389 0.344882 0.350837 0.355731 0.358667 0.359310 0.361583 0.366122 0.369082 0.369850 0.369975 0.370000 0.370000 0.370000 0.370000 0.370000 0.370000 0.370000 0.370000 0.370000 0.370000 0.370000 0.370000 0.370000 0.370000 0.370000 0.370000 0.370000 0.370000 0.370000 0.370000 0.370000 0.370000 0.370000 0.370000 0.370000 0.370000 0.370000 0.370000 0.370000 0.370000 0.370000 0.370000 0.370000 0.370000 0.370000 0.370000 0.370000 0.370000 0.370000 0.370000
-9999.0 -9999.0 0.124436 0.141818 0.163892 0.211415 0.271399 0.299926 0.327064 0.346907 0.353094 0.358908 0.362470 0.364973 0.367130 0.368467 0.368659 0.368778 0.368797 0.369813 0.369992 0.370000 0.370000 0.370000 0.370000 0.370000 0.370000 0.370000 0.370000 0.370000 0.370000 0.370000 0.370000 0.370000 0.370000 0.370000 0.370000 0.370000 0.370000 0.370000 0.370000 0.370000 0.370000 0.370000 0.370000 0.370000 0.370000 0.370000 0.370000 0.370000 0.370000 0.370000 0.370000 0.370000 0.370000 0.370000 0.370000 0.370000 0.370000 0.370000 0.370000 0.370000 0.370000
-9999.0 0.101557 0.113800 0.131888 0.166365 0.214071 0.283433 0.335143 0.353623 0.362453 0.365938 0.367573 0.369519 0.369937 0.369987 0.369999 0.369999 0.369998 0.369997 0.370000 0.370000 0.370000 0.370000 0.370000 0.370000 0.370000 0.370000 0.370000 0.370000 0.370000 0.370000 0.370000 0.370000 0.370000 0.370000 0.370000 0.370000 0.370000 0.370000 0.370000 0.370000 0.370000 0.370000 0.370000 0.370000 0.370000 0.370000 0.370000 0.370000 0.370000 0.370000 0.370000 0.370000 0.370000 0.370000 0.370000 0.370000 0.370000 0.370000 0.370000 0.370000 0.370000 0.370000
-9999.0 0.095513 0.107368 0.129368 0.163426 0.217177 0.306252 0.360048 0.366210 0.368421 0.369392 0.369911 0.370000 0.370000 0.370000 0.370000 0.370000 0.370000 0.370000 0.370000 0.370000 0.370000 0.370000 0.370000 0.370000 0.370000 0.370000 0.370000 0.370000 0.370000 0.370000 0.370000 0.370000 0.370000 0.370000 0.370000 0.370000 0.370000 0.370000 0.370000 0.370000 0.370000 0.370000 0.370000 0.370000 0.370000 0.370000 0.370000 0.370000 0.370000 0.370000 0.370000 0.370000 0.370000 0.370000 0.370000 0.370000 0.370000 0.370000 0.370000 0.370000 0.370000 0.370000
-9999.0 0.092053 0.104019 0.121774 0.153328 0.240788 0.328928 0.365433 0.369601 0.369922 0.369997 0.370000 0.370000 0.370000 0.370000 0.370000 0.370000 0.370000 0.370000 0.370000 0.370000 0.370000 0.370000 0.370000 0.370000 0.370000 0.370000 0.370000 0.370000 0.370000 0.370000 0.370000 0.370000 0.370000 0.370000 0.370000 0.370000 0.370000 0.370000 0.370000 0.370000 0.370000 0.370000 0.370000 0.370000 0.370000 0.370000 0.370000 0.370000 0.370000 0.370000 0.370000 0.370000 0.370000 0.370000 0.370000 0.370000 0.370000 0.370000 0.370000 0.370000 0.370000 0.370000
-9999.0 0.082931 0.091810 0.102456 0.147940 0.262257 0.342041 0.368815 0.369998 0.370000 0.370000 0.370000 0.370000 0.370000 0.370000 0.370000 0.370000 0.370000 0.370000 0.370000 0.370000 0.370000 0.370000 0.370000 0.370000 0.370000 0.370000 0.370000 0.370000 0.370000 0.370000 0.370000 0.370000 0.370000 0.370000 0.370000 0.370000 0.370000 0.370000 0.370000 0.370000 0.370000 0.370000 0.370000 0.370000 0.370000 0.370000 0.370000 0.370000 0.370000 0.370000 0.370000 0.370000 0.370000 0.370000 0.370000 0.370000 0.370000 0.370000 0.370000 0.370000 0.370000 0.370000
-9999.0 0.077675 0.082812 0.095091 0.136620 0.241338 0.342060 0.369325 0.370000 0.370000 0.370000 0.370000 0.370000 0.370000 0.370000 0.370000 0.370000 0.370000 0.370000 0.370000 0.370000 0.370000 0.370000 0.370000 0.370000 0.370000 0.370000 0.370000 0.370000 0.370000 0.370000 0.370000 0.370000 0.370000 0.370000 0.370000 0.370000 0.370000 0.370000 0.370000 0.370000 0.370000 0.370000 0.370000 0.370000 0.370000 0.370000 0.370000 0.370000 0.370000 0.370000 0.370000 0.370000 0.370000 0.370000 0.370000 0.370000 0.370000 0.370000 0.370000 0.370000 0.370000 0.370000
-9999.0 0.074209 0.079284 0.088039 0.113104 0.174364 0.280332 0.361605 0.369942 0.370000 0.370000 0.370000 0.370000 0.370000 0.370000 0.370000 0.370000 0.370000 0.370000 0.370000 0.370000 0.370000 0.370000 0.370000 0.370000 0.370000 0.370000 0.370000 0.370000 0.370000 0.370000 0.370000 0.370000 0.370000 0.370000 0.370000 0.370000 0.370000 0.370000 0.370000 0.370000 0.370000 0.370000 0.370000 0.370000 0.370000 0.370000 0.370000 0.370000 0.370000 0.370000 0.370000 0.370000 0.370000 0.370000 0.370000 0.370000 0.370000 0.370000 0.370000 0.370000 0.370000 0.370000
-9999.0 -9999.0 0.075860 0.082318 0.095746 0.128595 0.200243 0.320462 0.366833 0.370000 0.370000 0.370000 0.370000 0.370000 0.370000 0.370000 0.370000 0.370000 0.370000 0.370000 0.370000 0.370000 0.370000 0.370000 0.370000 0.370000 0.370000 0.370000 0.370000 0.370000 0.370000 0.370000 0.370000 0.370000 0.370000 0.370000 0.370000 0.370000 0.370000 0.370000 0.370000 0.370000 0.370000 0.370000 0.370000 0.370000 0.370000 0.370000 0.370000 0.370000 0.370000 0.370000 0.370000 0.370000 0.370000 0.370000 0.370000 0.370000 0.370000 0.370000 0.370000 0.370000 0.370000
-9999.0 -9999.0 0.073153 0.077214 0.085866 0.105276 0.140837 0.208197 0.328289 0.365058 0.369751 0.369999 0.370000 0.370000 0.370000 0.370000 0.370000 0.370000 0.370000 0.370000 0.370000 0.370000 0.370000 0.370000 0.370000 0.370000 0.370000 0.370000 0.370000 0.370000 0.370000 0.370000 0.370000 0.370000 0.370000 0.370000 0.370000 0.370000 0.370000 0.370000 0.370000 0.370000 0.370000 0.370000 0.370000 0.370000 0.370000 0.370000 0.370000 0.370000 0.370000 0.370000 0.370000 0.370000 0.370000 0.370000 0.370000 0.370000 0.370000 0.370000 0.369996 0.369964 0.369836
-9999.0 -9999.0 -9999.0 0.074283 0.078573 0.085120 0.097945 0.116080 0.157584 0.238665 0.317542 0.358103 0.367045 0.369348 0.369906 0.369994 0.370000 0.370000 0.370000 0.370000 0.370000 0.370000 0.370000 0.370000 0.370000 0.370000 0.370000 0.370000 0.370000 0.370000 0.370000 0.370000 0.370000 0.370000 0.370000 0.370000 0.370000 0.370000 0.370000 0.370000 0.370000 0.370000 0.370000 0.370000 0.370000 0.370000 0.370000 0.370000 0.370000 0.370000 0.370000 0.370000 0.370000 0.370000 0.370000 0.370000 0.369998 0.369986 0.369940 0.369798 0.369361 0.368343 0.366433
-9999.0 -9999.0 -9999.0 -9999.0 -9999.0 0.075687 0.081083 0.089738 0.102137 0.120818 0.156861 0.224206 0.265080 0.304258 0.336717 0.353369 0.361796 0.366498 0.369016 0.369768 0.369973 0.369998 0.370000 0.370000 0.370000 0.370000 0.370000 0.370000 0.370000 0.370000 0.370000 0.370000 0.370000 0.370000 0.370000 0.369999 0.369999 0.369998 0.369997 0.369991 0.369982 0.369974 0.369967 0.369958 0.369947 0.369936 0.369924 0.369909 0.369867 0.369823 0.369823 0.369800 0.369774 0.369746 0.369672 0.369566 0.369405 0.368740 0.367732 0.366644 0.363236 0.358322 0.353298
-9999.0 -9999.0 -9999.0 -9999.0 -9999.0 -9999.0 0.074074 0.077785 0.082672 0.090438 0.104380 0.124077 0.136223 0.158972 0.191057 0.233120 0.280047 0.312215 0.336141 0.352392 0.362101 0.366424 0.368591 0.369532 0.369733 0.369831 0.369895 0.369854 0.369790 0.369701 0.369413 0.369324 0.369175 0.369162 0.369143 0.369127 0.368974 0.368783 0.368576 0.368129 0.367854 0.367501 0.367217 0.366922 0.366590 0.366279 0.366027 0.365770 0.365196 0.365299 0.365310 0.365109 0.364837 0.364517 0.363699 0.362453 0.361041 0.357843 0.354349 0.350059 0.340798 0.331845 0.320782
