tests/Borden05m/sims/sim_1/output-maps/thetaliqL0001N0016.asc
ncols         160
nrows         34
xllcorner     620200.000000
yllcorner     5168000.000000
cellsize      0.500000
NODATA_value  -9999.0
[rows 0 to 27 of 34, columns 0 to 62 of 160]
-9999.0 -9999.0 -9999.0 -9999.0 -9999.0 -9999.0 -9999.0 -9999.0 -9999.0 -9999.0 -9999.0 -9999.0 -9999.0 -9999.0 -9999.0 -9999.0 -9999.0 -9999.0 -9999.0 -9999.0 -9999.0 -9999.0 -9999.0 -9999.0 -9999.0 -9999.0 -9999.0 -9999.0 -9999.0 -9999.0 -9999.0 -9999.0 -9999.0 -9999.0 -9999.0 -9999.0 -9999.0 -9999.0 -9999.0 -9999.0 -9999.0 -9999.0 -9999.0 -9999.0 -9999.0 -9999.0 -9999.0 -9999.0 -9999.0 -9999.0 -9999.0 -9999.0 -9999.0 -9999.0 -9999.0 -9999.0 -9999.0 -9999.0 -9999.0 -9999.0 -9999.0 -9999.0 -9999.0
-9999.0 -9999.0 -9999.0 -9999.0 -9999.0 -9999.0 -9999.0 -9999.0 -9999.0 -9999.0 -9999.0 -9999.0 -9999.0 -9999.0 -9999.0 -9999.0 -9999.0 -9999.0 -9999.0 -9999.0 -9999.0 -9999.0 -9999.0 -9999.0 -9999.0 -9999.0 -9999.0 -9999.0 -9999.0 -9999.0 -9999.0 -9999.0 -9999.0 -9999.0 -9999.0 -9999.0 -9999.0 -9999.0 -9999.0 -9999.0 -9999.0 -9999.0 -9999.0 -9999.0 -9999.0 -9999.0 -9999.0 -9999.0 -9999.0 -9999.0 -9999.0 -9999.0 -9999.0 -9999.0 -9999.0 -9999.0 -9999.0 -9999.0 -9999.0 0.186165 0.185439 0.184938 0.184658
-9999.0 -9999.0 -9999.0 -9999.0 -9999.0 -9999.0 -9999.0 -9999.0 -9999.0 -9999.0 -9999.0 -9999.0 -9999.0 -9999.0 -9999.0 -9999.0 -9999.0 -9999.0 -9999.0 -9999.0 -9999.0 -9999.0 -9999.0 -9999.0 -9999.0 -9999.0 -9999.0 -9999.0 -9999.0 -9999.0 -9999.0 -9999.0 -9999.0 -9999.0 -9999.0 -9999.0 -9999.0 -9999.0 -9999.0 -9999.0 -9999.0 -9999.0 -9999.0 -9999.0 -9999.0 -9999.0 -9999.0 0.180660 0.178655 0.176274 0.175636 0.178273 0.179466 0.180584 0.181335 0.182040 0.183140 0.185167 0.185036 0.182121 0.181846 0.181786 0.181918
-9999.0 -9999.0 -9999.0 -9999.0 -9999.0 -9999.0 -9999.0 -9999.0 -9999.0 -9999.0 -9999.0 -9999.0 -9999.0 -9999.0 -9999.0 -9999.0 -9999.0 -9999.0 -9999.0 -9999.0 -9999.0 -9999.0 -9999.0 -9999.0 -9999.0 -9999.0 -9999.0 -9999.0 -9999.0 -9999.0 -9999.0 -9999.0 -9999.0 -9999.0 -9999.0 -9999.0 -9999.0 -9999.0 -9999.0 -9999.0 0.180436 0.181376 0.182162 0.180796 0.180227 0.180339 0.178931 0.177317 0.175673 0.176167 0.176195 0.175047 0.176842 0.178298 0.178801 0.179228 0.180512 0.182790 0.182640 0.180472 0.179187 0.178808 0.179082
-9999.0 -9999.0 -9999.0 -9999.0 -9999.0 -9999.0 -9999.0 -9999.0 -9999.0 -9999.0 -9999.0 -9999.0 -9999.0 -9999.0 -9999.0 -9999.0 -9999.0 -9999.0 -9999.0 -9999.0 -9999.0 -9999.0 -9999.0 -9999.0 -9999.0 -9999.0 -9999.0 -9999.0 -9999.0 -9999.0 -9999.0 -9999.0 -9999.0 -9999.0 0.176279 0.177969 0.178719 0.179434 0.180528 0.180138 0.179805 0.180623 0.179890 0.179854 0.178949 0.177281 0.175626 0.174710 0.175702 0.175378 0.175376 0.176220 0.176737 0.176923 0.178115 0.180064 0.179056 0.179522 0.179235 0.178352 0.179202 0.179895 0.180340
-9999.0 -9999.0 -9999.0 -9999.0 -9999.0 -9999.0 -9999.0 -9999.0 -9999.0 -9999.0 -9999.0 -9999.0 -9999.0 -9999.0 -9999.0 -9999.0 -9999.0 -9999.0 -9999.0 -9999.0 -9999.0 -9999.0 -9999.0 -9999.0 -9999.0 -9999.0 -9999.0 -9999.0 0.178853 0.178179 0.177666 0.177702 0.177464 0.176538 0.176288 0.176443 0.177338 0.178797 0.179026 0.178825 0.178927 0.178565 0.177564 0.177464 0.178581 0.177565 0.177092 0.176436 0.174772 0.174370 0.175317 0.176219 0.176994 0.177162 0.177246 0.177236 0.177316 0.179799 0.180426 0.179040 0.178291 0.177954 0.178168
-9999.0 -9999.0 -9999.0 -9999.0 -9999.0 -9999.0 -9999.0 -9999.0 -9999.0 -9999.0 -9999.0 -9999.0 -9999.0 -9999.0 -9999.0 -9999.0 -9999.0 -9999.0 -9999.0 -9999.0 -9999.0 -9999.0 -9999.0 0.177711 0.178333 0.178561 0.179103 0.178817 0.177494 0.176662 0.176303 0.176008 0.175317 0.175228 0.175203 0.175628 0.175933 0.177447 0.176653 0.176146 0.177469 0.177132 0.178001 0.179017 0.178780 0.179004 0.177146 0.175778 0.177239 0.177827 0.177739 0.177384 0.177827 0.178440 0.179215 0.180581 0.182342 0.183822 0.186314 0.184621 0.183428 0.181353 0.181574
-9999.0 -9999.0 -9999.0 -9999.0 -9999.0 -9999.0 -9999.0 -9999.0 -9999.0 -9999.0 -9999.0 -9999.0 -9999.0 -9999.0 -9999.0 -9999.0 -9999.0 -9999.0 -9999.0 0.177780 0.177585 0.177199 0.177342 0.176098 0.175573 0.175917 0.176576 0.176175 0.175463 0.174849 0.174921 0.175000 0.174840 0.175762 0.176504 0.176734 0.176504 0.177690 0.178025 0.178702 0.180546 0.179302 0.178105 0.177481 0.177431 0.177086 0.178206 0.178547 0.178631 0.178509 0.178515 0.178753 0.178865 0.180330 0.181691 0.182826 0.183921 0.185443 0.188364 0.187137 0.184864 0.182516 0.182561
-9999.0 -9999.0 -9999.0 -9999.0 -9999.0 -9999.0 -9999.0 -9999.0 -9999.0 -9999.0 -9999.0 -9999.0 -9999.0 -9999.0 -9999.0 -9999.0 0.177644 0.177536 0.177062 0.176297 0.175632 0.175613 0.176114 0.175190 0.174883 0.175080 0.174671 0.175113 0.175593 0.176176 0.176434 0.175766 0.175876 0.175765 0.175666 0.175945 0.177285 0.178520 0.178752 0.179647 0.181318 0.180309 0.179887 0.179936 0.179313 0.179829 0.182378 0.181929 0.180784 0.183486 0.184905 0.184324 0.183993 0.185703 0.188375 0.191953 0.198079 0.202472 0.207815 0.210353 0.205473 0.204777 0.206537
-9999.0 -9999.0 -9999.0 -9999.0 -9999.0 -9999.0 -9999.0 -9999.0 -9999.0 -9999.0 -9999.0 -9999.0 -9999.0 0.177467 0.177368 0.177492 0.176287 0.175362 0.174800 0.174021 0.174995 0.174282 0.174051 0.174212 0.175076 0.175082 0.175171 0.175714 0.175511 0.175226 0.174951 0.174398 0.175119 0.175836 0.176320 0.177368 0.178158 0.178771 0.179972 0.180140 0.180960 0.180616 0.179570 0.179333 0.180119 0.182487 0.184300 0.184924 0.188373 0.192083 0.193887 0.196290 0.197430 0.199020 0.203195 0.216623 0.236885 0.260742 0.276908 0.290177 0.292102 0.294712 0.296940
-9999.0 -9999.0 -9999.0 -9999.0 -9999.0 -9999.0 -9999.0 -9999.0 -9999.0 -9999.0 0.175594 0.176209 0.175309 0.173665 0.172942 0.173306 0.173688 0.173066 0.173071 0.174785 0.175725 0.174076 0.175191 0.175194 0.174481 0.174645 0.175086 0.175141 0.176205 0.176221 0.176211 0.177985 0.178417 0.178880 0.179534 0.180237 0.180848 0.183655 0.186104 0.185966 0.189552 0.191906 0.189932 0.189238 0.189756 0.192478 0.197115 0.204266 0.212178 0.224792 0.238385 0.249338 0.258630 0.270287 0.284355 0.301807 0.317978 0.330726 0.341212 0.346596 0.348663 0.349656 0.351038
-9999.0 -9999.0 -9999.0 -9999.0 -9999.0 -9999.0 -9999.0 -9999.0 0.173188 0.174129 0.174732 0.173979 0.172978 0.171187 0.171855 0.172515 0.172957 0.173621 0.173931 0.174181 0.173743 0.174317 0.175396 0.175075 0.175177 0.175883 0.175875 0.176509 0.177493 0.176980 0.177511 0.178418 0.179221 0.179929 0.180794 0.181282 0.184185 0.188200 0.192755 0.196899 0.203130 0.211694 0.211721 0.213450 0.215443 0.229019 0.252258 0.281402 0.300867 0.313668 0.325844 0.332244 0.336475 0.341455 0.346930 0.351098 0.356328 0.361456 0.365087 0.366841 0.367597 0.367842 0.368263
-9999.0 -9999.0 -9999.0 -9999.0 -9999.0 -9999.0 0.171801 0.173876 0.174894 0.172529 0.170766 0.170187 0.169149 0.171397 0.173444 0.173821 0.174110 0.174458 0.174227 0.172850 0.176028 0.175104 0.174440 0.175408 0.175295 0.175343 0.175929 0.177316 0.177906 0.180781 0.182924 0.184802 0.187384 0.189009 0.190774 0.192905 0.198942 0.209162 0.224866 0.245162 0.270168 0.293122 0.300899 0.304484 0.308230 0.315185 0.327592 0.339557 0.350478 0.357973 0.361940 0.363405 0.364571 0.365699 0.366813 0.367753 0.368559 0.369244 0.369617 0.369852 0.369930 0.369953 0.369989
-9999.0 -9999.0 -9999.0 -9999.0 0.172949 0.173403 0.173013 0.174837 0.176123 0.173219 0.174260 0.173762 0.172833 0.171686 0.170328 0.171286 0.171829 0.172184 0.171994 0.175083 0.177721 0.175921 0.177258 0.179907 0.179260 0.179516 0.179608 0.180808 0.183089 0.186060 0.193293 0.200560 0.206159 0.213603 0.222034 0.235337 0.261040 0.291864 0.309966 0.324927 0.337448 0.346019 0.350839 0.353168 0.355729 0.358441 0.361505 0.364793 0.367249 0.368873 0.369472 0.369682 0.369761 0.369835 0.369899 0.369955 0.369998 0.369999 0.369998 0.370000 0.370000 0.370000 0.370000
-9999.0 -9999.0 -9999.0 0.171737 0.173764 0.174497 0.173490 0.173842 0.175409 0.173865 0.173569 0.173325 0.173192 0.173224 0.173115 0.173676 0.173750 0.173262 0.173650 0.175478 0.176294 0.177839 0.179002 0.180894 0.182549 0.183158 0.184045 0.186484 0.192940 0.201219 0.219200 0.252558 0.284998 0.301538 0.310106 0.320633 0.330674 0.343265 0.352713 0.359217 0.363714 0.366226 0.367754 0.368408 0.368695 0.369003 0.369399 0.369695 0.369880 0.369995 0.369999 0.370000 0.370000 0.370000 0.370000 0.370000 0.370000 0.370000 0.370000 0.370000 0.370000 0.370000 0.370000
-9999.0 -9999.0 0.172120 0.173261 0.172458 0.173918 0.175540 0.174332 0.176297 0.176952 0.174925 0.176088 0.176691 0.175444 0.176257 0.177163 0.177562 0.175976 0.174813 0.177043 0.181972 0.186189 0.188600 0.200296 0.208066 0.213491 0.216302 0.226256 0.246425 0.285150 0.311086 0.332177 0.346572 0.354917 0.357739 0.360567 0.363882 0.366310 0.368131 0.369099 0.369606 0.369838 0.369948 0.369997 0.369984 0.369999 0.370000 0.370000 0.370000 0.370000 0.370000 0.370000 0.370000 0.370000 0.370000 0.370000 0.370000 0.370000 0.370000 0.370000 0.370000 0.370000 0.370000
-9999.0 -9999.0 0.170823 0.172711 0.171394 0.174440 0.177249 0.174410 0.175233 0.178195 0.177354 0.177680 0.177345 0.177589 0.178910 0.181674 0.180147 0.179576 0.176518 0.183767 0.190796 0.204841 0.239679 0.282292 0.304612 0.308210 0.310260 0.317464 0.328442 0.345443 0.358678 0.365823 0.368439 0.369268 0.369516 0.369696 0.369870 0.369992 0.369997 0.370000 0.370000 0.370000 0.370000 0.370000 0.370000 0.370000 0.370000 0.370000 0.370000 0.370000 0.370000 0.370000 0.370000 0.370000 0.370000 0.370000 0.370000 0.370000 0.370000 0.370000 0.370000 0.370000 0.370000
-9999.0 0.170428 0.171362 0.171422 0.173380 0.172752 0.175102 0.178555 0.178265 0.179446 0.179434 0.177438 0.184814 0.191678 0.194090 0.200668 0.197772 0.195685 0.191508 0.200550 0.221154 0.286109 0.338853 0.355410 0.361588 0.362444 0.362090 0.363982 0.366465 0.368557 0.369765 0.369995 0.370000 0.370000 0.370000 0.370000 0.370000 0.370000 0.370000 0.370000 0.370000 0.370000 0.370000 0.370000 0.370000 0.370000 0.370000 0.370000 0.370000 0.370000 0.370000 0.370000 0.370000 0.370000 0.370000 0.370000 0.370000 0.370000 0.369999 0.369998 0.369996 0.369994 0.369993
-9999.0 0.167610 0.171283 0.173510 0.172649 0.171162 0.176610 0.185040 0.181728 0.180675 0.180360 0.186318 0.206680 0.231799 0.255276 0.282426 0.281233 0.271719 0.273541 0.297497 0.323681 0.352132 0.367922 0.369813 0.369966 0.369981 0.369988 0.369997 0.370000 0.370000 0.370000 0.370000 0.370000 0.370000 0.370000 0.370000 0.370000 0.370000 0.370000 0.370000 0.370000 0.370000 0.370000 0.370000 0.370000 0.370000 0.370000 0.370000 0.370000 0.370000 0.369999 0.369999 0.369998 0.369998 0.369998 0.369996 0.369993 0.369984 0.369967 0.369941 0.369903 0.369875 0.369874
-9999.0 0.170614 0.174878 0.173786 0.170348 0.175560 0.177637 0.183486 0.188308 0.186801 0.195421 0.230930 0.289179 0.321172 0.337310 0.344953 0.349287 0.349223 0.355060 0.363736 0.368990 0.369994 0.370000 0.370000 0.370000 0.370000 0.370000 0.370000 0.370000 0.370000 0.370000 0.370000 0.370000 0.370000 0.370000 0.370000 0.370000 0.370000 0.370000 0.370000 0.370000 0.370000 0.370000 0.370000 0.370000 0.370000 0.369999 0.369997 0.369994 0.369987 0.369980 0.369973 0.369968 0.369961 0.369950 0.369934 0.369887 0.369805 0.369672 0.369500 0.369271 0.368992 0.368999
-9999.0 0.165924 0.171788 0.166886 0.174108 0.180296 0.179226 0.189592 0.203940 0.210895 0.269623 0.314898 0.345502 0.358297 0.364052 0.367447 0.368684 0.369397 0.369816 0.369969 0.370000 0.370000 0.370000 0.370000 0.370000 0.370000 0.370000 0.370000 0.370000 0.370000 0.370000 0.369999 0.370000 0.370000 0.370000 0.370000 0.369999 0.369998 0.369997 0.369995 0.369992 0.369989 0.369989 0.369991 0.369987 0.369977 0.369962 0.369939 0.369903 0.369853 0.369792 0.369724 0.369686 0.369616 0.369596 0.369496 0.368957 0.368339 0.367589 0.366595 0.365249 0.362935 0.362659
-9999.0 0.162513 0.166569 0.169836 0.176231 0.180821 0.185962 0.198342 0.235025 0.288213 0.324984 0.340292 0.356723 0.365712 0.368976 0.369598 0.369772 0.369823 0.369884 0.369928 0.369940 0.369999 0.370000 0.370000 0.370000 0.370000 0.369994 0.369982 0.369972 0.369970 0.369968 0.369966 0.369972 0.369972 0.369965 0.369957 0.369955 0.369938 0.369913 0.369882 0.369848 0.369799 0.369758 0.369731 0.369696 0.369667 0.369551 0.369360 0.369110 0.368856 0.368557 0.368283 0.368176 0.367962 0.367664 0.367068 0.364927 0.361857 0.358488 0.354025 0.345268 0.340666 0.337463
-9999.0 0.155291 0.168046 0.169788 0.173608 0.174726 0.175839 0.183938 0.199476 0.281213 0.349467 0.353244 0.357510 0.363212 0.368016 0.369508 0.369597 0.369058 0.368377 0.368072 0.368556 0.369245 0.369591 0.369811 0.369885 0.369907 0.369873 0.369798 0.369665 0.369575 0.369526 0.369413 0.369331 0.369333 0.369275 0.369331 0.369362 0.369147 0.368804 0.368283 0.367687 0.367146 0.366925 0.366934 0.366850 0.366586 0.365949 0.364987 0.363611 0.362147 0.360839 0.359847 0.358808 0.357294 0.355437 0.353221 0.346759 0.339984 0.331762 0.318716 0.300321 0.283742 0.274989
-9999.0 -9999.0 0.162116 0.169804 0.170875 0.172105 0.173287 0.179443 0.186656 0.219601 0.280479 0.312621 0.329540 0.343392 0.357015 0.363721 0.364364 0.364966 0.361830 0.361953 0.362980 0.364204 0.365613 0.366805 0.367610 0.367980 0.368098 0.367944 0.367414 0.366452 0.365087 0.363819 0.362912 0.362198 0.363064 0.364195 0.363980 0.363153 0.361630 0.359281 0.356957 0.354304 0.353555 0.353801 0.353761 0.353010 0.351631 0.348253 0.344363 0.339930 0.337605 0.335270 0.332892 0.328620 0.324085 0.318885 0.309134 0.298275 0.280146 0.245692 0.219379 0.204154 0.197396
-9999.0 -9999.0 0.154103 0.165791 0.171167 0.175024 0.174495 0.175462 0.184550 0.189531 0.198402 0.215414 0.239130 0.274935 0.297280 0.315920 0.323051 0.326271 0.326201 0.329814 0.336953 0.343263 0.347312 0.350868 0.353841 0.355944 0.357544 0.355550 0.353235 0.349351 0.343729 0.336477 0.332110 0.329502 0.331200 0.334108 0.332274 0.328355 0.322798 0.316186 0.311215 0.306398 0.305112 0.304704 0.304659 0.303602 0.301978 0.296781 0.288576 0.280859 0.273942 0.267578 0.263494 0.255663 0.246346 0.239639 0.226794 0.215038 0.206270 0.198588 0.191614 0.188251 0.185498
-9999.0 -9999.0 -9999.0 0.155267 0.162656 0.168565 0.170928 0.167967 0.170616 0.175196 0.178535 0.183891 0.187576 0.192030 0.199661 0.211395 0.218765 0.221141 0.221198 0.239633 0.254339 0.279752 0.296287 0.301647 0.306867 0.312068 0.313587 0.309811 0.306209 0.299805 0.287172 0.267955 0.255158 0.254544 0.254717 0.257218 0.252710 0.247933 0.238791 0.230153 0.222831 0.217710 0.215844 0.214186 0.213347 0.212028 0.210691 0.207953 0.205020 0.202530 0.200470 0.199879 0.199290 0.198235 0.196927 0.196037 0.194705 0.190682 0.187912 0.185402 0.182976 0.180938 0.179092
-9999.0 -9999.0 -9999.0 -9999.0 -9999.0 0.150956 0.165346 0.168330 0.168651 0.167705 0.169234 0.174985 0.174221 0.175092 0.177635 0.179093 0.179642 0.181352 0.185105 0.188907 0.194063 0.198741 0.205775 0.212949 0.217458 0.223134 0.225234 0.220714 0.216673 0.211039 0.203556 0.197319 0.196639 0.197056 0.197296 0.197130 0.196134 0.195407 0.194371 0.192035 0.189982 0.189532 0.189224 0.188823 0.188378 0.188045 0.187758 0.187621 0.186378 0.185225 0.185806 0.185590 0.185458 0.185533 0.185005 0.184757 0.184941 0.182160 0.180592 0.181106 0.178724 0.177155 0.177548
-9999.0 -9999.0 -9999.0 -9999.0 -9999.0 -9999.0 0.149333 0.158287 0.165613 0.167725 0.170965 0.173533 0.170231 0.171513 0.172825 0.174127 0.176172 0.176067 0.176924 0.178295 0.180260 0.181339 0.183741 0.187077 0.187215 0.188160 0.190028 0.187941 0.186840 0.186203 0.182442 0.182839 0.182316 0.182717 0.182869 0.183256 0.182805 0.182384 0.182157 0.180566 0.180473 0.180080 0.179940 0.179792 0.179642 0.179580 0.179611 0.179680 0.178732 0.179267 0.179503 0.179251 0.179143 0.179338 0.179132 0.178724 0.178875 0.177738 0.177565 0.177575 0.175683 0.175696 0.175603
