tests/Borden05m/sims/sim_1/output-maps/thetaliqL0001N0018.asc
ncols         160
nrows         34
xllcorner     620200.000000
yllcorner     5168000.000000
cellsize      0.500000
NODATA_value  -9999.0
[rows 0 to 27 of 34, columns 63 to 125 of 160]
-9999.0 -9999.0 -9999.0 -9999.0 -9999.0 -9999.0 -9999.0 -9999.0 -9999.0 -9999.0 -9999.0 -9999.0 -9999.0 -9999.0 -9999.0 -9999.0 -9999.0 -9999.0 -9999.0 -9999.0 -9999.0 -9999.0 -9999.0 -9999.0 -9999.0 -9999.0 -9999.0 -9999.0 -9999.0 -9999.0 -9999.0 -9999.0 -9999.0 -9999.0 -9999.0 -9999.0 -9999.0 -9999.0 -9999.0 -9999.0 -9999.0 -9999.0 -9999.0 -9999.0 -9999.0 -9999.0 -9999.0 -9999.0 -9999.0 -9999.0 -9999.0 -9999.0 -9999.0 -9999.0 -9999.0 -9999.0 -9999.0 -9999.0 -9999.0 -9999.0 -9999.0 -9999.0 -9999.0
0.177065 0.176316 0.175443 0.175302 0.175398 0.175243 0.174907 0.175368 0.175968 0.176488 0.177214 0.177085 0.177178 0.177458 0.177534 0.177405 0.177069 0.176848 0.176589 0.176925 0.175925 0.174641 0.173668 0.173470 0.174293 0.174788 0.174704 0.175180 0.176211 0.177108 0.177431 0.178521 0.178384 0.178829 0.179537 0.178967 0.178819 0.178883 0.179068 0.177566 -9999.0 -9999.0 -9999.0 -9999.0 -9999.0 -9999.0 -9999.0 -9999.0 -9999.0 -9999.0 -9999.0 -9999.0 -9999.0 -9999.0 -9999.0 -9999.0 -9999.0 -9999.0 -9999.0 -9999.0 -9999.0 -9999.0 -9999.0
0.175003 0.173988 0.173729 0.172991 0.172680 0.172598 0.172312 0.172549 0.173767 0.174646 0.174906 0.174731 0.174647 0.174393 0.174206 0.174263 0.173955 0.173669 0.173367 0.173444 0.174190 0.173267 0.172807 0.172365 0.171905 0.172085 0.172234 0.172295 0.173449 0.173917 0.174256 0.175852 0.177360 0.177770 0.177166 0.176497 0.176646 0.176567 0.175933 0.175318 0.175262 0.174958 0.174826 0.174280 0.175125 0.175135 0.176113 0.176953 0.177940 0.179403 -9999.0 -9999.0 -9999.0 -9999.0 -9999.0 -9999.0 -9999.0 -9999.0 -9999.0 -9999.0 -9999.0 -9999.0 -9999.0
0.173531 0.173187 0.172475 0.171425 0.172617 0.172458 0.172352 0.172572 0.172979 0.173126 0.173321 0.173617 0.174728 0.174653 0.174560 0.174616 0.174422 0.174064 0.174088 0.173890 0.172975 0.173119 0.173343 0.173154 0.174062 0.174114 0.174620 0.173026 0.173288 0.173685 0.173980 0.174209 0.174478 0.174839 0.174142 0.174617 0.174035 0.172773 0.172435 0.172504 0.173461 0.173951 0.173328 0.171190 0.172318 0.174739 0.174573 0.174214 0.175435 0.176647 0.178352 0.178131 0.177986 0.178165 0.178464 0.176992 0.176048 0.175363 0.173362 -9999.0 -9999.0 -9999.0 -9999.0
0.173498 0.172728 0.171823 0.173781 0.174608 0.174185 0.174415 0.174981 0.174983 0.172541 0.171915 0.172863 0.173875 0.174315 0.173881 0.173673 0.173270 0.173271 0.173518 0.173251 0.173631 0.173966 0.173577 0.174218 0.174941 0.175623 0.174056 0.172661 0.172735 0.173881 0.174732 0.175190 0.176446 0.178411 0.178080 0.177609 0.177343 0.177034 0.174736 0.172703 0.171908 0.171564 0.170988 0.171421 0.171022 0.172907 0.172766 0.172471 0.173412 0.174155 0.175096 0.175764 0.175652 0.175886 0.176180 0.175751 0.174712 0.174153 0.173789 0.172858 0.171125 0.168020 0.168240
0.171614 0.171674 0.173422 0.174418 0.176113 0.175534 0.175596 0.175532 0.173837 0.172565 0.171717 0.174232 0.176302 0.177008 0.176478 0.176047 0.177925 0.177359 0.177088 0.175966 0.176371 0.176256 0.178278 0.179079 0.180155 0.179734 0.177727 0.176066 0.175957 0.176118 0.175918 0.176400 0.177688 0.179324 0.178160 0.177592 0.177584 0.174082 0.171427 0.170512 0.172237 0.173238 0.173041 0.173194 0.173257 0.171961 0.172258 0.172397 0.171806 0.173292 0.174797 0.174971 0.173693 0.173262 0.173835 0.173668 0.173723 0.173103 0.172423 0.171935 0.169002 0.169898 0.168378
0.175454 0.176159 0.177177 0.179109 0.182833 0.182178 0.182456 0.183700 0.181648 0.179746 0.176999 0.180037 0.180817 0.181919 0.181848 0.184368 0.186662 0.185248 0.183316 0.181113 0.182458 0.185503 0.188465 0.189234 0.189620 0.190177 0.188043 0.187410 0.186899 0.187037 0.185666 0.185736 0.187981 0.191868 0.192290 0.190233 0.186464 0.181123 0.176546 0.174146 0.176678 0.175885 0.175507 0.175886 0.174216 0.173239 0.174558 0.173321 0.172385 0.174393 0.174618 0.174346 0.172716 0.174697 0.174318 0.172668 0.171569 0.170988 0.170549 0.169776 0.170437 0.169976 0.168688
0.177735 0.178458 0.181218 0.185368 0.190607 0.193955 0.196930 0.200181 0.197692 0.194943 0.191910 0.192408 0.196058 0.199976 0.204791 0.210529 0.217142 0.215264 0.211713 0.211345 0.212904 0.220495 0.228371 0.231937 0.234282 0.238506 0.235495 0.230024 0.224015 0.218444 0.213903 0.210642 0.216867 0.224134 0.222691 0.210013 0.200651 0.191849 0.184713 0.178206 0.178149 0.179167 0.180062 0.177801 0.176663 0.174643 0.174158 0.174274 0.172219 0.173291 0.173562 0.174996 0.177148 0.177637 0.175727 0.174659 0.173478 0.172253 0.171305 0.172016 0.172284 0.171398 0.170512
0.204331 0.205987 0.211145 0.227811 0.256485 0.279571 0.294946 0.297592 0.292657 0.286599 0.276148 0.270086 0.279298 0.288232 0.295540 0.301401 0.306777 0.310564 0.310314 0.310365 0.311491 0.312878 0.315437 0.318511 0.321597 0.324930 0.326125 0.322211 0.317877 0.312921 0.308199 0.306756 0.305334 0.307847 0.307504 0.298500 0.283721 0.260694 0.232019 0.213063 0.202215 0.201821 0.197084 0.193336 0.189353 0.182157 0.180129 0.178967 0.173884 0.173365 0.175046 0.177272 0.178879 0.175991 0.174693 0.173515 0.172240 0.170663 0.171305 0.172188 0.172479 0.172188 0.172175
0.293928 0.296842 0.300282 0.315415 0.331707 0.344368 0.352292 0.354899 0.352770 0.350083 0.346672 0.343275 0.343128 0.347290 0.351834 0.355635 0.357775 0.358485 0.358166 0.358202 0.358410 0.359006 0.359380 0.360113 0.361200 0.362757 0.364358 0.364057 0.361884 0.359559 0.356104 0.353981 0.352961 0.351376 0.351173 0.351066 0.343896 0.334102 0.320097 0.303984 0.292069 0.277610 0.260647 0.243420 0.217246 0.200520 0.190225 0.183586 0.177881 0.176806 0.182897 0.188827 0.185692 0.184411 0.182443 0.179402 0.176996 0.174044 0.174400 0.174838 0.174511 0.174117 0.173639
0.351464 0.353310 0.355523 0.359265 0.364255 0.367372 0.368820 0.369142 0.369005 0.368675 0.368253 0.367845 0.367722 0.367957 0.368294 0.368737 0.369080 0.369325 0.369311 0.369335 0.369308 0.369375 0.369423 0.369421 0.369517 0.369638 0.369726 0.369749 0.369633 0.369416 0.368982 0.368414 0.367897 0.367484 0.367384 0.367389 0.367338 0.365840 0.362094 0.353549 0.344210 0.335113 0.328815 0.321628 0.314666 0.296469 0.285074 0.261856 0.231939 0.211734 0.222872 0.214236 0.208024 0.201219 0.194112 0.189088 0.184939 0.180899 0.180324 0.180317 0.179581 0.179330 0.178559
0.368514 0.368852 0.369181 0.369482 0.369726 0.369891 0.369983 0.370000 0.370000 0.369999 0.369997 0.369996 0.369996 0.369996 0.369997 0.369986 0.369999 0.370000 0.369998 0.370000 0.369998 0.370000 0.370000 0.370000 0.370000 0.370000 0.370000 0.370000 0.369999 0.370000 0.369999 0.369960 0.369917 0.369889 0.369867 0.369860 0.369845 0.369777 0.369483 0.368474 0.366310 0.363513 0.360635 0.358049 0.355949 0.353993 0.350123 0.341681 0.325727 0.308255 0.299571 0.293984 0.284410 0.262546 0.237220 0.220830 0.204285 0.192969 0.187592 0.186615 0.185685 0.184542 0.182950
0.369998 0.369999 0.370000 0.369999 0.370000 0.370000 0.370000 0.370000 0.370000 0.370000 0.370000 0.370000 0.370000 0.370000 0.370000 0.370000 0.370000 0.370000 0.370000 0.370000 0.370000 0.370000 0.370000 0.370000 0.370000 0.370000 0.370000 0.370000 0.370000 0.370000 0.370000 0.370000 0.370000 0.370000 0.370000 0.370000 0.370000 0.370000 0.369999 0.369962 0.369812 0.369419 0.368952 0.368634 0.368385 0.368143 0.367382 0.365811 0.362853 0.356814 0.346411 0.342042 0.335749 0.324890 0.315088 0.307696 0.290135 0.263704 0.236468 0.224119 0.210483 0.201019 0.195924
0.370000 0.370000 0.370000 0.370000 0.370000 0.370000 0.370000 0.370000 0.370000 0.370000 0.370000 0.370000 0.370000 0.370000 0.370000 0.370000 0.370000 0.370000 0.370000 0.370000 0.370000 0.370000 0.370000 0.370000 0.370000 0.370000 0.370000 0.370000 0.370000 0.370000 0.370000 0.370000 0.370000 0.370000 0.370000 0.370000 0.370000 0.370000 0.370000 0.370000 0.370000 0.369999 0.369968 0.369937 0.369934 0.369919 0.369885 0.369710 0.369278 0.368153 0.365649 0.363290 0.361344 0.359704 0.357715 0.354588 0.344646 0.330173 0.315414 0.304225 0.288937 0.269360 0.246581
0.370000 0.370000 0.370000 0.370000 0.370000 0.370000 0.370000 0.370000 0.370000 0.370000 0.370000 0.370000 0.370000 0.370000 0.370000 0.370000 0.370000 0.370000 0.370000 0.370000 0.370000 0.370000 0.370000 0.370000 0.370000 0.370000 0.370000 0.370000 0.370000 0.370000 0.370000 0.370000 0.370000 0.370000 0.370000 0.370000 0.370000 0.370000 0.370000 0.370000 0.370000 0.370000 0.370000 0.370000 0.370000 0.370000 0.370000 0.369994 0.369968 0.369877 0.369600 0.369015 0.368672 0.368395 0.367977 0.367439 0.364843 0.360182 0.353004 0.345091 0.335661 0.324785 0.312961
0.370000 0.370000 0.370000 0.370000 0.370000 0.370000 0.370000 0.370000 0.370000 0.370000 0.370000 0.370000 0.369998 0.369994 0.369986 0.369980 0.369979 0.369984 0.369990 0.369994 0.369995 0.369994 0.369990 0.369984 0.369976 0.369976 0.369980 0.369987 0.369994 0.369994 0.369995 0.369993 0.369992 0.369990 0.369991 0.369996 0.370000 0.370000 0.370000 0.370000 0.370000 0.370000 0.370000 0.370000 0.370000 0.370000 0.370000 0.370000 0.370000 0.370000 0.369993 0.369957 0.369928 0.369902 0.369839 0.369788 0.369460 0.368512 0.366555 0.363445 0.359175 0.354049 0.347501
0.370000 0.370000 0.370000 0.370000 0.369998 0.369994 0.369991 0.369991 0.369992 0.369991 0.369987 0.369969 0.369910 0.369827 0.369701 0.369650 0.369593 0.369564 0.369689 0.369816 0.369847 0.369768 0.369685 0.369524 0.369404 0.369364 0.369401 0.369552 0.369749 0.369859 0.369863 0.369813 0.369753 0.369720 0.369718 0.369811 0.369932 0.369976 0.369990 0.369995 0.369999 0.370000 0.370000 0.370000 0.370000 0.370000 0.370000 0.370000 0.370000 0.370000 0.370000 0.370000 0.370000 0.370000 0.369997 0.369990 0.369964 0.369847 0.369550 0.368875 0.367873 0.366577 0.364163
0.369991 0.369987 0.369981 0.369964 0.369919 0.369857 0.369762 0.369731 0.369712 0.369727 0.369597 0.369394 0.368869 0.368256 0.367432 0.366881 0.366447 0.366007 0.366639 0.367693 0.368153 0.367312 0.366620 0.365478 0.364811 0.364479 0.364610 0.365559 0.367330 0.368285 0.368521 0.368184 0.367839 0.367676 0.367694 0.368047 0.368794 0.369356 0.369667 0.369809 0.369885 0.369934 0.369963 0.369984 0.369995 0.370000 0.370000 0.370000 0.370000 0.370000 0.370000 0.370000 0.370000 0.370000 0.370000 0.370000 0.370000 0.369997 0.369975 0.369880 0.369718 0.369442 0.369014
0.369816 0.369767 0.369667 0.368865 0.368240 0.367310 0.366279 0.365879 0.365265 0.364986 0.363918 0.362891 0.361004 0.358088 0.354413 0.350642 0.349295 0.348052 0.346950 0.350100 0.351351 0.350373 0.348221 0.345783 0.344402 0.343551 0.344835 0.348866 0.352437 0.355378 0.356537 0.355264 0.356343 0.357500 0.357529 0.360394 0.362705 0.364956 0.366852 0.368156 0.368675 0.369016 0.369312 0.369597 0.369796 0.369918 0.369976 0.369996 0.370000 0.370000 0.370000 0.370000 0.370000 0.370000 0.370000 0.370000 0.370000 0.370000 0.370000 0.369998 0.369987 0.369964 0.369905
0.368769 0.368543 0.366888 0.362665 0.357519 0.353572 0.348132 0.345338 0.342794 0.335374 0.330032 0.326097 0.326215 0.320600 0.312532 0.305643 0.302611 0.300661 0.296255 0.294989 0.296671 0.300654 0.297099 0.295051 0.296026 0.294827 0.293991 0.298345 0.305000 0.308853 0.312701 0.316220 0.318310 0.321057 0.331165 0.336893 0.342140 0.348589 0.354442 0.359223 0.362263 0.363925 0.365456 0.367026 0.368058 0.368932 0.369502 0.369827 0.369935 0.369971 0.369987 0.369996 0.370000 0.370000 0.370000 0.370000 0.370000 0.370000 0.370000 0.370000 0.370000 0.370000 0.369998
0.360906 0.358910 0.349495 0.335940 0.322357 0.312393 0.301196 0.294209 0.282125 0.260000 0.244225 0.243801 0.247587 0.242913 0.231080 0.221950 0.216344 0.211313 0.205376 0.202212 0.205168 0.208472 0.208396 0.208253 0.209425 0.209297 0.208944 0.209247 0.215442 0.220382 0.226242 0.231710 0.237178 0.257782 0.278070 0.290349 0.301441 0.311660 0.322946 0.333610 0.341269 0.346230 0.351553 0.356295 0.360354 0.363600 0.366311 0.368208 0.369075 0.369431 0.369654 0.369815 0.369935 0.369982 0.369997 0.370000 0.370000 0.370000 0.370000 0.370000 0.370000 0.370000 0.370000
0.331349 0.318628 0.299668 0.278409 0.253604 0.232489 0.217449 0.206924 0.197834 0.190979 0.187167 0.189296 0.190530 0.192489 0.189156 0.186571 0.185885 0.183651 0.181710 0.179283 0.181216 0.182141 0.184492 0.184293 0.184380 0.185444 0.184913 0.184735 0.183335 0.185087 0.186189 0.187576 0.192488 0.198097 0.205253 0.213355 0.225023 0.242905 0.266382 0.287419 0.302270 0.312224 0.321756 0.331464 0.339430 0.346297 0.353036 0.359124 0.362968 0.365185 0.366915 0.367982 0.368992 0.369606 0.369867 0.369976 0.369996 0.370000 0.370000 0.370000 0.370000 0.370000 0.370000
0.247057 0.225286 0.205281 0.196468 0.191815 0.187611 0.184720 0.182578 0.179379 0.177216 0.174185 0.175332 0.176947 0.179312 0.177328 0.176990 0.177349 0.176171 0.174954 0.173046 0.173358 0.174902 0.176790 0.176725 0.177119 0.178218 0.178243 0.177377 0.175654 0.176101 0.177257 0.178432 0.180808 0.183169 0.185648 0.187994 0.191500 0.196209 0.202506 0.212936 0.229205 0.246079 0.269643 0.290754 0.303564 0.310977 0.319707 0.331986 0.339845 0.347176 0.353378 0.357421 0.362587 0.366315 0.368614 0.369583 0.369888 0.369958 0.369985 0.369995 0.370000 0.370000 0.370000
0.185738 0.181375 0.179649 0.178171 0.176622 0.175357 0.174051 0.172886 0.171936 0.170515 0.167774 0.168885 0.170461 0.172292 0.172335 0.172131 0.172270 0.171823 0.170568 0.168383 0.169293 0.170635 0.171880 0.172276 0.172527 0.173309 0.172758 0.171622 0.170006 0.170698 0.171967 0.172713 0.173690 0.175141 0.176730 0.178365 0.180342 0.182473 0.185470 0.189146 0.193802 0.199640 0.207796 0.220603 0.230920 0.243740 0.258066 0.277535 0.292712 0.304697 0.316714 0.328324 0.340971 0.353440 0.361668 0.366223 0.368492 0.369298 0.369650 0.369832 0.369950 0.369987 0.369998
0.176820 0.174656 0.173367 0.172386 0.172815 0.172355 0.171053 0.171080 0.170394 0.168204 0.168940 0.169563 0.171346 0.171044 0.170950 0.170526 0.170806 0.170510 0.168407 0.169438 0.169906 0.171158 0.171404 0.171686 0.171903 0.172141 0.171885 0.170369 0.170674 0.171091 0.172262 0.172337 0.172865 0.174285 0.174780 0.175728 0.177082 0.178584 0.180441 0.182790 0.186154 0.189813 0.193548 0.195059 0.197953 0.200627 0.199268 0.205675 0.213909 0.225424 0.245902 0.270715 0.293770 0.315515 0.335986 0.351193 0.360063 0.365314 0.367233 0.368524 0.369303 0.369708 0.369891
0.171378 0.169896 0.168427 0.169168 0.169283 0.169203 0.168919 0.168493 0.167537 0.168608 0.168741 0.168662 0.168574 0.168576 0.168717 0.168506 0.168384 0.168437 0.169256 0.169378 0.169121 0.169472 0.169743 0.170039 0.169718 0.169813 0.169839 0.170144 0.170109 0.169896 0.170462 0.170659 0.170874 0.171473 0.171920 0.172494 0.173547 0.174423 0.175563 0.177534 0.180027 0.181876 0.182259 0.183673 0.184347 0.183296 0.182391 0.184292 0.186421 0.188490 0.193415 0.199768 0.210489 0.245221 0.287483 0.314000 0.332544 0.346770 0.355499 0.361134 0.364713 0.367450 0.368769
0.169698 0.168454 0.168192 0.168775 0.168830 0.168808 0.168092 0.167410 0.168059 0.168307 0.168258 0.167991 0.168286 0.168407 0.168782 0.168420 0.168240 0.168343 0.168439 0.168392 0.168675 0.168890 0.169071 0.169983 0.169512 0.169484 0.169805 0.169677 0.169587 0.169361 0.169991 0.170238 0.170344 0.170927 0.171306 0.171737 0.172355 0.173362 0.175249 0.176802 0.178863 0.180879 0.181310 0.181658 0.181204 0.180718 0.178659 0.178649 0.180812 0.180505 0.182352 0.185631 0.186510 0.195636 0.214497 0.240990 0.277149 0.302051 0.325859 0.338384 0.349646 0.357967 0.363356
0.167995 0.168052 0.167476 0.167620 0.167556 0.167188 0.166732 0.167228 0.167184 0.167130 0.167163 0.167010 0.167286 0.167500 0.167721 0.167595 0.167573 0.167191 0.167185 0.167586 0.167644 0.167903 0.168440 0.169160 0.168713 0.168638 0.168660 0.168502 0.168533 0.168289 0.168806 0.169211 0.169356 0.170043 0.170384 0.170141 0.170981 0.172395 0.173870 0.174956 0.176637 0.179261 0.178556 0.178491 0.178790 0.177101 0.175098 0.175021 0.175664 0.175209 0.176609 0.177584 0.177737 0.181697 0.185593 0.190998 0.201379 0.227375 0.271115 0.296545 0.315558 0.331814 0.343725
