tests/Borden05m/sims/sim_1/output-maps/thetaliqL0001N0004.asc
ncols         160
nrows         34
xllcorner     620200.000000
yllcorner     5168000.000000
cellsize      0.500000
NODATA_value  -9999.0
[rows 0 to 27 of 34, columns 0 to 62 of 160]
-9999.0 -9999.0 -9999.0 -9999.0 -9999.0 -9999.0 -9999.0 -9999.0 -9999.0 -9999.0 -9999.0 -9999.0 -9999.0 -9999.0 -9999.0 -9999.0 -9999.0 -9999.0 -9999.0 -9999.0 -9999.0 -9999.0 -9999.0 -9999.0 -9999.0 -9999.0 -9999.0 -9999.0 -9999.0 -9999.0 -9999.0 -9999.0 -9999.0 -9999.0 -9999.0 -9999.0 -9999.0 -9999.0 -9999.0 -9999.0 -9999.0 -9999.0 -9999.0 -9999.0 -9999.0 -9999.0 -9999.0 -9999.0 -9999.0 -9999.0 -9999.0 -9999.0 -9999.0 -9999.0 -9999.0 -9999.0 -9999.0 -9999.0 -9999.0 -9999.0 -9999.0 -9999.0 -9999.0
-9999.0 -9999.0 -9999.0 -9999.0 -9999.0 -9999.0 -9999.0 -9999.0 -9999.0 -9999.0 -9999.0 -9999.0 -9999.0 -9999.0 -9999.0 -9999.0 -9999.0 -9999.0 -9999.0 -9999.0 -9999.0 -9999.0 -9999.0 -9999.0 -9999.0 -9999.0 -9999.0 -9999.0 -9999.0 -9999.0 -9999.0 -9999.0 -9999.0 -9999.0 -9999.0 -9999.0 -9999.0 -9999.0 -9999.0 -9999.0 -9999.0 -9999.0 -9999.0 -9999.0 -9999.0 -9999.0 -9999.0 -9999.0 -9999.0 -9999.0 -9999.0 -9999.0 -9999.0 -9999.0 -9999.0 -9999.0 -9999.0 -9999.0 -9999.0 0.262429 0.261383 0.260782 0.260600
-9999.0 -9999.0 -9999.0 -9999.0 -9999.0 -9999.0 -9999.0 -9999.0 -9999.0 -9999.0 -9999.0 -9999.0 -9999.0 -9999.0 -9999.0 -9999.0 -9999.0 -9999.0 -9999.0 -9999.0 -9999.0 -9999.0 -9999.0 -9999.0 -9999.0 -9999.0 -9999.0 -9999.0 -9999.0 -9999.0 -9999.0 -9999.0 -9999.0 -9999.0 -9999.0 -9999.0 -9999.0 -9999.0 -9999.0 -9999.0 -9999.0 -9999.0 -9999.0 -9999.0 -9999.0 -9999.0 -9999.0 0.257866 0.254271 0.249816 0.248461 0.253333 0.255017 0.256426 0.257080 0.257603 0.258807 0.261782 0.261288 0.255959 0.255720 0.255831 0.256274
-9999.0 -9999.0 -9999.0 -9999.0 -9999.0 -9999.0 -9999.0 -9999.0 -9999.0 -9999.0 -9999.0 -9999.0 -9999.0 -9999.0 -9999.0 -9999.0 -9999.0 -9999.0 -9999.0 -9999.0 -9999.0 -9999.0 -9999.0 -9999.0 -9999.0 -9999.0 -9999.0 -9999.0 -9999.0 -9999.0 -9999.0 -9999.0 -9999.0 -9999.0 -9999.0 -9999.0 -9999.0 -9999.0 -9999.0 -9999.0 0.255472 0.257165 0.258697 0.256397 0.255726 0.256441 0.254236 0.251449 0.248495 0.249670 0.249665 0.246994 0.250036 0.252263 0.252538 0.252612 0.254353 0.257993 0.257515 0.253692 0.251519 0.250919 0.251523
-9999.0 -9999.0 -9999.0 -9999.0 -9999.0 -9999.0 -9999.0 -9999.0 -9999.0 -9999.0 -9999.0 -9999.0 -9999.0 -9999.0 -9999.0 -9999.0 -9999.0 -9999.0 -9999.0 -9999.0 -9999.0 -9999.0 -9999.0 -9999.0 -9999.0 -9999.0 -9999.0 -9999.0 -9999.0 -9999.0 -9999.0 -9999.0 -9999.0 -9999.0 0.250033 0.253096 0.254090 0.254952 0.256622 0.255550 0.254601 0.256061 0.254704 0.254874 0.253456 0.250614 0.247807 0.246347 0.248592 0.248000 0.247865 0.249243 0.249801 0.249585 0.251286 0.254398 0.251835 0.252169 0.251414 0.249878 0.251687 0.253100 0.253967
-9999.0 -9999.0 -9999.0 -9999.0 -9999.0 -9999.0 -9999.0 -9999.0 -9999.0 -9999.0 -9999.0 -9999.0 -9999.0 -9999.0 -9999.0 -9999.0 -9999.0 -9999.0 -9999.0 -9999.0 -9999.0 -9999.0 -9999.0 -9999.0 -9999.0 -9999.0 -9999.0 -9999.0 0.255314 0.254073 0.253152 0.253285 0.252831 0.250921 0.250207 0.250173 0.251493 0.253871 0.253901 0.253219 0.253193 0.252409 0.250486 0.250396 0.252782 0.251088 0.250525 0.249517 0.246302 0.245459 0.247187 0.248677 0.249778 0.249584 0.249144 0.248356 0.247914 0.251973 0.252740 0.250259 0.249115 0.248701 0.249153
-9999.0 -9999.0 -9999.0 -9999.0 -9999.0 -9999.0 -9999.0 -9999.0 -9999.0 -9999.0 -9999.0 -9999.0 -9999.0 -9999.0 -9999.0 -9999.0 -9999.0 -9999.0 -9999.0 -9999.0 -9999.0 -9999.0 -9999.0 0.253647 0.254799 0.255117 0.256080 0.255468 0.252821 0.251228 0.250575 0.250006 0.248579 0.248301 0.248017 0.248544 0.248720 0.251257 0.249273 0.247920 0.250236 0.249493 0.251237 0.253241 0.252843 0.253432 0.249938 0.247329 0.250189 0.251185 0.250777 0.249763 0.250191 0.250757 0.251464 0.253136 0.255401 0.257070 0.260800 0.257898 0.256262 0.252922 0.253405
-9999.0 -9999.0 -9999.0 -9999.0 -9999.0 -9999.0 -9999.0 -9999.0 -9999.0 -9999.0 -9999.0 -9999.0 -9999.0 -9999.0 -9999.0 -9999.0 -9999.0 -9999.0 -9999.0 0.254353 0.253935 0.253115 0.253337 0.250667 0.249499 0.250078 0.251295 0.250416 0.248944 0.247708 0.247839 0.247960 0.247538 0.249206 0.250412 0.250489 0.249532 0.251332 0.251482 0.252321 0.255469 0.253000 0.250740 0.249570 0.249471 0.248689 0.250654 0.251146 0.251080 0.250429 0.250038 0.250135 0.249853 0.251817 0.253249 0.253959 0.254355 0.255550 0.259397 0.257217 0.253996 0.250395 0.250442
-9999.0 -9999.0 -9999.0 -9999.0 -9999.0 -9999.0 -9999.0 -9999.0 -9999.0 -9999.0 -9999.0 -9999.0 -9999.0 -9999.0 -9999.0 -9999.0 0.254604 0.254354 0.253327 0.251609 0.250174 0.250072 0.251016 0.249045 0.248312 0.248589 0.247604 0.248380 0.249240 0.250311 0.250722 0.249238 0.249258 0.248746 0.248179 0.248249 0.250304 0.252038 0.251807 0.252910 0.255554 0.253491 0.252740 0.252833 0.251466 0.251973 0.256128 0.254722 0.251870 0.255901 0.257617 0.255903 0.254633 0.256577 0.259474 0.262740 0.268836 0.271649 0.275988 0.277711 0.272110 0.271486 0.273267
-9999.0 -9999.0 -9999.0 -9999.0 -9999.0 -9999.0 -9999.0 -9999.0 -9999.0 -9999.0 -9999.0 -9999.0 -9999.0 0.254899 0.254633 0.254775 0.252134 0.250155 0.248918 0.247178 0.249056 0.247480 0.246877 0.247075 0.248720 0.248560 0.248540 0.249425 0.248775 0.247986 0.247202 0.245776 0.246879 0.247897 0.248353 0.249795 0.250549 0.250764 0.252097 0.251594 0.252333 0.251271 0.249333 0.248814 0.249844 0.253241 0.255201 0.254848 0.259038 0.262957 0.263756 0.265823 0.266104 0.266610 0.269278 0.278524 0.287988 0.296537 0.302786 0.312429 0.314585 0.316786 0.318056
-9999.0 -9999.0 -9999.0 -9999.0 -9999.0 -9999.0 -9999.0 -9999.0 -9999.0 -9999.0 0.251517 0.252789 0.250919 0.247337 0.245749 0.246391 0.247056 0.245610 0.245477 0.248837 0.250567 0.246977 0.249060 0.248870 0.247212 0.247310 0.247933 0.247692 0.249448 0.249081 0.248584 0.251552 0.251800 0.252079 0.252638 0.253117 0.253047 0.256669 0.259383 0.257567 0.262084 0.264722 0.261247 0.259848 0.259871 0.262239 0.266251 0.272206 0.276335 0.283160 0.288982 0.292625 0.295602 0.300619 0.307951 0.319904 0.334822 0.348665 0.363564 0.369280 0.369760 0.369833 0.369857
-9999.0 -9999.0 -9999.0 -9999.0 -9999.0 -9999.0 -9999.0 -9999.0 0.246655 0.248619 0.249823 0.248252 0.246170 0.242325 0.243642 0.244860 0.245597 0.246805 0.247223 0.247465 0.246213 0.247097 0.249007 0.248025 0.247943 0.249053 0.248630 0.249366 0.250696 0.248896 0.249056 0.249866 0.250443 0.250863 0.251488 0.251118 0.254449 0.258791 0.263126 0.266159 0.271284 0.278365 0.276472 0.276883 0.276208 0.283977 0.293042 0.304670 0.319858 0.332900 0.345092 0.352011 0.357512 0.365136 0.369423 0.369821 0.369941 0.369989 0.370000 0.370000 0.370000 0.370000 0.370000
-9999.0 -9999.0 -9999.0 -9999.0 -9999.0 -9999.0 0.243909 0.248117 0.250129 0.245138 0.241360 0.240131 0.237908 0.242713 0.246871 0.247454 0.247835 0.248319 0.247549 0.244216 0.250228 0.247898 0.246040 0.247454 0.246804 0.246468 0.247097 0.249059 0.249108 0.253162 0.255256 0.256661 0.259377 0.260395 0.261421 0.262348 0.267587 0.274872 0.283208 0.290785 0.299576 0.312987 0.319243 0.322622 0.326374 0.332666 0.345067 0.361982 0.369531 0.369936 0.369982 0.369992 0.369997 0.370000 0.370000 0.370000 0.370000 0.370000 0.370000 0.370000 0.370000 0.370000 0.370000
-9999.0 -9999.0 -9999.0 -9999.0 0.246683 0.247471 0.246400 0.249963 0.252407 0.246277 0.248403 0.247302 0.245293 0.242813 0.239836 0.241643 0.242562 0.243062 0.242240 0.247908 0.252484 0.248015 0.249780 0.254020 0.251944 0.251766 0.251149 0.252182 0.254483 0.257064 0.265294 0.271677 0.274660 0.278713 0.282223 0.287143 0.295627 0.309289 0.326188 0.341786 0.357523 0.368711 0.369748 0.369875 0.369925 0.369958 0.369985 0.369999 0.370000 0.370000 0.370000 0.370000 0.370000 0.370000 0.370000 0.370000 0.370000 0.370000 0.370000 0.370000 0.370000 0.370000 0.370000
-9999.0 -9999.0 -9999.0 0.244328 0.248422 0.249685 0.247192 0.247568 0.250497 0.246998 0.246242 0.245520 0.245020 0.244903 0.244402 0.245283 0.245223 0.244037 0.244401 0.247180 0.247457 0.248951 0.249526 0.251129 0.252543 0.252388 0.252699 0.254787 0.261909 0.268057 0.279648 0.295531 0.310923 0.321600 0.328477 0.337427 0.347246 0.364750 0.369625 0.369954 0.369996 0.370000 0.370000 0.370000 0.370000 0.370000 0.370000 0.370000 0.370000 0.370000 0.370000 0.370000 0.370000 0.370000 0.370000 0.370000 0.370000 0.370000 0.370000 0.370000 0.370000 0.370000 0.370000
-9999.0 -9999.0 0.245426 0.247690 0.245624 0.248238 0.251129 0.248064 0.251591 0.252400 0.247850 0.249804 0.250556 0.247523 0.248637 0.249926 0.250542 0.247235 0.244488 0.247297 0.254238 0.258471 0.258088 0.271374 0.276571 0.279829 0.279790 0.284613 0.291866 0.309469 0.330268 0.351874 0.368470 0.369771 0.369897 0.369948 0.369985 0.369999 0.370000 0.370000 0.370000 0.370000 0.370000 0.370000 0.370000 0.370000 0.370000 0.370000 0.370000 0.370000 0.370000 0.370000 0.370000 0.370000 0.370000 0.370000 0.370000 0.370000 0.370000 0.370000 0.370000 0.370000 0.370000
-9999.0 -9999.0 0.242686 0.246556 0.243259 0.249031 0.254226 0.247387 0.248254 0.253490 0.251048 0.250886 0.248856 0.247930 0.249406 0.253637 0.250650 0.249610 0.243169 0.254291 0.261540 0.273227 0.296728 0.316481 0.328678 0.328919 0.329003 0.334452 0.346077 0.367214 0.369801 0.369988 0.370000 0.370000 0.370000 0.370000 0.370000 0.370000 0.370000 0.370000 0.370000 0.370000 0.370000 0.370000 0.370000 0.370000 0.370000 0.370000 0.370000 0.370000 0.370000 0.370000 0.370000 0.370000 0.370000 0.370000 0.370000 0.370000 0.370000 0.370000 0.370000 0.370000 0.370000
-9999.0 0.242140 0.243932 0.243708 0.247375 0.245188 0.248877 0.254482 0.252654 0.253815 0.252464 0.246420 0.256682 0.264720 0.265773 0.273017 0.268684 0.266436 0.259126 0.267081 0.279621 0.317504 0.364989 0.369647 0.369909 0.369918 0.369891 0.369927 0.369980 0.370000 0.370000 0.370000 0.370000 0.370000 0.370000 0.370000 0.370000 0.370000 0.370000 0.370000 0.370000 0.370000 0.370000 0.370000 0.370000 0.370000 0.370000 0.370000 0.370000 0.370000 0.370000 0.370000 0.370000 0.370000 0.370000 0.370000 0.370000 0.370000 0.370000 0.370000 0.370000 0.370000 0.370000
-9999.0 0.236082 0.243759 0.248126 0.245665 0.241252 0.250784 0.265564 0.256620 0.252613 0.248983 0.253972 0.275190 0.292680 0.306419 0.321067 0.319069 0.313163 0.311938 0.322993 0.345552 0.368822 0.369998 0.370000 0.370000 0.370000 0.370000 0.370000 0.370000 0.370000 0.370000 0.370000 0.370000 0.370000 0.370000 0.370000 0.370000 0.370000 0.370000 0.370000 0.370000 0.370000 0.370000 0.370000 0.370000 0.370000 0.370000 0.370000 0.370000 0.370000 0.370000 0.370000 0.370000 0.370000 0.370000 0.370000 0.370000 0.370000 0.370000 0.370000 0.370000 0.370000 0.370000
-9999.0 0.242499 0.251488 0.248671 0.240271 0.249852 0.251937 0.259828 0.264022 0.256671 0.261803 0.288156 0.325164 0.359200 0.369344 0.369812 0.369874 0.369815 0.369867 0.369966 0.369999 0.370000 0.370000 0.370000 0.370000 0.370000 0.370000 0.370000 0.370000 0.370000 0.370000 0.370000 0.370000 0.370000 0.370000 0.370000 0.370000 0.370000 0.370000 0.370000 0.370000 0.370000 0.370000 0.370000 0.370000 0.370000 0.370000 0.370000 0.370000 0.370000 0.370000 0.370000 0.370000 0.370000 0.370000 0.370000 0.370000 0.370000 0.370000 0.370000 0.370000 0.370000 0.370000
-9999.0 0.232178 0.244785 0.233413 0.247515 0.259100 0.253850 0.267710 0.281212 0.276490 0.307004 0.350325 0.369694 0.369998 0.370000 0.370000 0.370000 0.370000 0.370000 0.370000 0.370000 0.370000 0.370000 0.370000 0.370000 0.370000 0.370000 0.370000 0.370000 0.370000 0.370000 0.370000 0.370000 0.370000 0.370000 0.370000 0.370000 0.370000 0.370000 0.370000 0.370000 0.370000 0.370000 0.370000 0.370000 0.370000 0.370000 0.370000 0.370000 0.370000 0.370000 0.370000 0.370000 0.370000 0.370000 0.370000 0.370000 0.370000 0.370000 0.370000 0.370000 0.370000 0.370000
-9999.0 0.225097 0.233443 0.239513 0.251836 0.259765 0.265955 0.280122 0.309019 0.323144 0.355313 0.369362 0.369999 0.370000 0.370000 0.370000 0.370000 0.370000 0.370000 0.370000 0.370000 0.370000 0.370000 0.370000 0.370000 0.370000 0.370000 0.370000 0.370000 0.370000 0.370000 0.370000 0.370000 0.370000 0.370000 0.370000 0.370000 0.370000 0.370000 0.370000 0.370000 0.370000 0.370000 0.370000 0.370000 0.370000 0.370000 0.370000 0.370000 0.370000 0.370000 0.370000 0.370000 0.370000 0.370000 0.370000 0.370000 0.370000 0.369994 0.369961 0.369741 0.368572 0.363573
-9999.0 0.209582 0.236837 0.239645 0.246730 0.247806 0.247642 0.258753 0.272643 0.324774 0.368843 0.369914 0.370000 0.370000 0.370000 0.370000 0.370000 0.370000 0.370000 0.370000 0.370000 0.370000 0.370000 0.370000 0.370000 0.370000 0.370000 0.370000 0.370000 0.370000 0.370000 0.370000 0.370000 0.370000 0.370000 0.370000 0.370000 0.370000 0.370000 0.370000 0.370000 0.370000 0.370000 0.370000 0.370000 0.370000 0.370000 0.370000 0.370000 0.370000 0.369999 0.369997 0.369993 0.369985 0.369971 0.369939 0.369681 0.366351 0.351637 0.336554 0.318533 0.305976 0.304392
-9999.0 -9999.0 0.223934 0.240141 0.241491 0.243124 0.243908 0.253580 0.260673 0.294111 0.321404 0.350483 0.368745 0.369872 0.369988 0.369999 0.370000 0.370000 0.370000 0.370000 0.370000 0.370000 0.370000 0.370000 0.370000 0.370000 0.370000 0.370000 0.370000 0.370000 0.370000 0.370000 0.369998 0.369996 0.369997 0.369999 0.369999 0.369997 0.369994 0.369987 0.369978 0.369963 0.369959 0.369962 0.369963 0.369959 0.369949 0.369905 0.369726 0.368078 0.363191 0.358884 0.355084 0.349609 0.344156 0.337912 0.326527 0.313545 0.303535 0.291598 0.281011 0.271106 0.265588
-9999.0 -9999.0 0.207089 0.231726 0.242575 0.250115 0.247732 0.247398 0.262976 0.266366 0.272549 0.285055 0.302742 0.319360 0.333434 0.351440 0.359748 0.363276 0.363147 0.366254 0.369561 0.369863 0.369916 0.369942 0.369960 0.369972 0.369981 0.369969 0.369950 0.369891 0.369554 0.365200 0.356912 0.352967 0.355399 0.359304 0.357541 0.352770 0.346410 0.339441 0.334270 0.329217 0.327773 0.327463 0.327559 0.326564 0.324978 0.320154 0.313326 0.306610 0.301960 0.298806 0.297632 0.294689 0.291369 0.290267 0.284907 0.279314 0.274907 0.269540 0.262991 0.260551 0.258027
-9999.0 -9999.0 -9999.0 0.209584 0.224836 0.236874 0.241205 0.233589 0.237297 0.245087 0.249654 0.257162 0.260873 0.264802 0.270408 0.280434 0.285792 0.286142 0.283055 0.296468 0.303666 0.315286 0.323941 0.327068 0.331946 0.337096 0.338532 0.334695 0.330723 0.324197 0.314106 0.301522 0.294736 0.295036 0.295442 0.297723 0.295647 0.294000 0.289999 0.286336 0.282801 0.280163 0.279725 0.278808 0.278525 0.277792 0.277280 0.275572 0.273527 0.271300 0.269269 0.269153 0.268921 0.268280 0.267455 0.267344 0.267128 0.262914 0.260421 0.258139 0.255800 0.253668 0.251493
-9999.0 -9999.0 -9999.0 -9999.0 -9999.0 0.199924 0.230137 0.236130 0.235824 0.232736 0.234951 0.246037 0.243389 0.244152 0.247864 0.248951 0.248640 0.250761 0.256356 0.260677 0.266852 0.270529 0.276146 0.281098 0.282633 0.285938 0.287100 0.283928 0.282116 0.279047 0.273223 0.266771 0.266972 0.267841 0.268259 0.268079 0.267106 0.266721 0.266199 0.263718 0.261487 0.261581 0.261558 0.261244 0.260774 0.260497 0.260311 0.260504 0.258837 0.257202 0.258507 0.258309 0.258278 0.258704 0.258170 0.258230 0.259328 0.255317 0.253464 0.255525 0.251986 0.249867 0.251494
-9999.0 -9999.0 -9999.0 -9999.0 -9999.0 -9999.0 0.196810 0.215183 0.230647 0.234695 0.240969 0.245730 0.238230 0.240460 0.242652 0.244893 0.248742 0.247955 0.248838 0.250494 0.253075 0.253736 0.256602 0.261043 0.259993 0.260651 0.263449 0.260299 0.259157 0.259042 0.253326 0.254877 0.254241 0.255069 0.255380 0.256192 0.255597 0.255111 0.255071 0.252565 0.252837 0.252381 0.252323 0.252220 0.252097 0.252125 0.252322 0.252608 0.250976 0.252171 0.252665 0.252243 0.252126 0.252634 0.252454 0.251927 0.252584 0.250920 0.251149 0.251676 0.248477 0.249094 0.249361
