tests/Borden05m/sims/sim_1/output-maps/thetaliqL0002N0007.asc
ncols         160
nrows         34
xllcorner     620200.000000
yllcorner     5168000.000000
cellsize      0.500000
NODATA_value  -9999.0
[rows 0 to 27 of 34, columns 63 to 125 of 160]
-9999.0 -9999.0 -9999.0 -9999.0 -9999.0 -9999.0 -9999.0 -9999.0 -9999.0 -9999.0 -9999.0 -9999.0 -9999.0 -9999.0 -9999.0 -9999.0 -9999.0 -9999.0 -9999.0 -9999.0 -9999.0 -9999.0 -9999.0 -9999.0 -9999.0 -9999.0 -9999.0 -9999.0 -9999.0 -9999.0 -9999.0 -9999.0 -9999.0 -9999.0 -9999.0 -9999.0 -9999.0 -9999.0 -9999.0 -9999.0 -9999.0 -9999.0 -9999.0 -9999.0 -9999.0 -9999.0 -9999.0 -9999.0 -9999.0 -9999.0 -9999.0 -9999.0 -9999.0 -9999.0 -9999.0 -9999.0 -9999.0 -9999.0 -9999.0 -9999.0 -9999.0 -9999.0 -9999.0
0.268273 0.267125 0.265622 0.265535 0.265829 0.265522 0.264739 0.265531 0.266497 0.267257 0.268487 0.268022 0.268071 0.268559 0.268699 0.268502 0.267946 0.267658 0.267286 0.268185 0.266383 0.264005 0.262176 0.261852 0.263592 0.264526 0.264172 0.264918 0.266677 0.268042 0.268162 0.269823 0.269075 0.269661 0.270985 0.269982 0.269923 0.270354 0.271108 0.268416 -9999.0 -9999.0 -9999.0 -9999.0 -9999.0 -9999.0 -9999.0 -9999.0 -9999.0 -9999.0 -9999.0 -9999.0 -9999.0 -9999.0 -9999.0 -9999.0 -9999.0 -9999.0 -9999.0 -9999.0 -9999.0 -9999.0 -9999.0
0.264404 0.262509 0.262212 0.260729 0.260053 0.259864 0.259163 0.259518 0.261970 0.263628 0.263961 0.263393 0.263046 0.262377 0.261953 0.262129 0.261575 0.261101 0.260584 0.260893 0.262745 0.260955 0.260111 0.259184 0.258075 0.258392 0.258641 0.258656 0.260895 0.261491 0.261743 0.264619 0.267281 0.267816 0.266547 0.265342 0.265955 0.266199 0.265346 0.264575 0.265172 0.264901 0.264875 0.263790 0.265475 0.265153 0.266814 0.268076 0.269541 0.272030 -9999.0 -9999.0 -9999.0 -9999.0 -9999.0 -9999.0 -9999.0 -9999.0 -9999.0 -9999.0 -9999.0 -9999.0 -9999.0
0.261606 0.261011 0.259534 0.257095 0.259684 0.259234 0.258911 0.259286 0.260059 0.260366 0.260674 0.261086 0.263222 0.262883 0.262629 0.262762 0.262415 0.261754 0.261929 0.261629 0.259725 0.260107 0.260606 0.260111 0.261974 0.262017 0.263188 0.259778 0.260230 0.260792 0.261037 0.261040 0.261135 0.261559 0.260066 0.261339 0.260511 0.258354 0.258269 0.258977 0.261541 0.262903 0.261774 0.257081 0.259534 0.264592 0.263901 0.262754 0.264907 0.266967 0.270253 0.269613 0.269285 0.269728 0.270614 0.268126 0.266833 0.266065 0.262212 -9999.0 -9999.0 -9999.0 -9999.0
0.261442 0.259735 0.257533 0.261531 0.262937 0.261811 0.262189 0.263372 0.263531 0.258419 0.257057 0.258840 0.260618 0.261260 0.260199 0.259688 0.258761 0.258841 0.259504 0.259047 0.259860 0.260464 0.259374 0.260507 0.261845 0.263300 0.260245 0.257494 0.257690 0.259979 0.261484 0.262001 0.264066 0.267634 0.266986 0.266392 0.266514 0.266883 0.263027 0.259346 0.257962 0.257409 0.256308 0.257488 0.256538 0.260699 0.260236 0.259414 0.261169 0.262345 0.263984 0.265192 0.264933 0.265510 0.266373 0.265959 0.264351 0.263813 0.263733 0.262566 0.259346 0.252498 0.253034
0.256358 0.256229 0.259574 0.260989 0.263831 0.262226 0.262170 0.262035 0.258794 0.256466 0.254740 0.259789 0.263560 0.264523 0.263122 0.261877 0.265446 0.264390 0.264117 0.262015 0.262721 0.262013 0.265552 0.266697 0.268563 0.267817 0.264284 0.261314 0.261274 0.261570 0.261021 0.261635 0.263585 0.266228 0.263964 0.263483 0.264645 0.258888 0.254558 0.253430 0.257655 0.260074 0.259849 0.260414 0.260824 0.258142 0.258890 0.259216 0.257775 0.260739 0.263652 0.263826 0.261071 0.260229 0.261755 0.261890 0.262618 0.261878 0.260999 0.260562 0.254293 0.256794 0.253181
0.262307 0.263277 0.264464 0.267077 0.272973 0.270874 0.270890 0.273037 0.269714 0.266753 0.261639 0.267342 0.268030 0.269317 0.268394 0.272155 0.275544 0.273232 0.270269 0.266424 0.268674 0.273304 0.277446 0.278129 0.278494 0.279413 0.276442 0.275982 0.275465 0.275851 0.273445 0.273283 0.276182 0.281609 0.282398 0.280577 0.276364 0.269089 0.262227 0.258660 0.264641 0.263247 0.262765 0.264094 0.261140 0.259625 0.262914 0.260520 0.258610 0.262840 0.263003 0.262181 0.258560 0.263004 0.262619 0.259594 0.257837 0.257181 0.256731 0.255362 0.257316 0.256505 0.253508
0.262001 0.262661 0.266666 0.272345 0.278605 0.281230 0.283312 0.287114 0.284646 0.282253 0.278975 0.279827 0.283774 0.287068 0.290716 0.294988 0.300754 0.299899 0.297353 0.297727 0.299533 0.306277 0.312108 0.314623 0.316367 0.319472 0.318060 0.314760 0.310169 0.304464 0.298314 0.293532 0.298386 0.304035 0.303519 0.293781 0.287518 0.279677 0.271382 0.261280 0.262451 0.264965 0.267403 0.263882 0.262801 0.259912 0.259856 0.260876 0.256985 0.259407 0.259626 0.262259 0.266586 0.267917 0.264595 0.263198 0.261508 0.259546 0.257919 0.259866 0.260736 0.258931 0.256960
0.291865 0.292100 0.295616 0.310035 0.326360 0.338377 0.349554 0.351467 0.346602 0.342039 0.335503 0.331668 0.336559 0.341776 0.347969 0.355440 0.363515 0.367941 0.368914 0.369360 0.369616 0.369712 0.369776 0.369828 0.369866 0.369895 0.369897 0.369854 0.369780 0.369555 0.368397 0.365459 0.363059 0.364700 0.363702 0.353852 0.340456 0.328475 0.314036 0.298885 0.288568 0.290966 0.286819 0.283562 0.279948 0.269613 0.267871 0.267244 0.257940 0.257118 0.260080 0.263978 0.267220 0.261966 0.260275 0.258929 0.257262 0.254655 0.256628 0.258895 0.259786 0.259355 0.259461
0.345831 0.348762 0.356710 0.368963 0.369839 0.369962 0.369989 0.369993 0.369987 0.369979 0.369966 0.369951 0.369953 0.369976 0.369991 0.369998 0.370000 0.370000 0.370000 0.370000 0.370000 0.370000 0.370000 0.370000 0.370000 0.370000 0.370000 0.370000 0.370000 0.370000 0.370000 0.370000 0.370000 0.369999 0.369999 0.369997 0.369975 0.369905 0.369529 0.364807 0.347474 0.335739 0.327861 0.320781 0.304080 0.286584 0.275800 0.268444 0.260179 0.258633 0.269232 0.279233 0.274266 0.273234 0.271300 0.267242 0.264125 0.259301 0.260852 0.262210 0.261866 0.261360 0.260650
0.369987 0.369992 0.369998 0.370000 0.370000 0.370000 0.370000 0.370000 0.370000 0.370000 0.370000 0.370000 0.370000 0.370000 0.370000 0.370000 0.370000 0.370000 0.370000 0.370000 0.370000 0.370000 0.370000 0.370000 0.370000 0.370000 0.370000 0.370000 0.370000 0.370000 0.370000 0.370000 0.370000 0.370000 0.370000 0.370000 0.370000 0.370000 0.370000 0.369999 0.369988 0.369955 0.369917 0.369815 0.369334 0.357733 0.344136 0.331372 0.316346 0.298586 0.306008 0.298370 0.294643 0.290077 0.283307 0.278057 0.273611 0.268351 0.268594 0.269301 0.268471 0.268607 0.267711
0.370000 0.370000 0.370000 0.370000 0.370000 0.370000 0.370000 0.370000 0.370000 0.370000 0.370000 0.370000 0.370000 0.370000 0.370000 0.370000 0.370000 0.370000 0.370000 0.370000 0.370000 0.370000 0.370000 0.370000 0.370000 0.370000 0.370000 0.370000 0.370000 0.370000 0.370000 0.370000 0.370000 0.370000 0.370000 0.370000 0.370000 0.370000 0.370000 0.370000 0.370000 0.370000 0.370000 0.370000 0.370000 0.369999 0.369995 0.369976 0.369855 0.368884 0.357268 0.346783 0.339253 0.327162 0.314315 0.303886 0.290287 0.280180 0.274389 0.273976 0.273698 0.272932 0.271188
0.370000 0.370000 0.370000 0.370000 0.370000 0.370000 0.370000 0.370000 0.370000 0.370000 0.370000 0.370000 0.370000 0.370000 0.370000 0.370000 0.370000 0.370000 0.370000 0.370000 0.370000 0.370000 0.370000 0.370000 0.370000 0.370000 0.370000 0.370000 0.370000 0.370000 0.370000 0.370000 0.370000 0.370000 0.370000 0.370000 0.370000 0.370000 0.370000 0.370000 0.370000 0.370000 0.370000 0.370000 0.370000 0.370000 0.370000 0.370000 0.370000 0.370000 0.369997 0.369989 0.369967 0.369875 0.369577 0.367634 0.347951 0.328791 0.314176 0.304999 0.295361 0.288455 0.284248
0.370000 0.370000 0.370000 0.370000 0.370000 0.370000 0.370000 0.370000 0.370000 0.370000 0.370000 0.370000 0.370000 0.370000 0.370000 0.370000 0.370000 0.370000 0.370000 0.370000 0.370000 0.370000 0.370000 0.370000 0.370000 0.370000 0.370000 0.370000 0.370000 0.370000 0.370000 0.370000 0.370000 0.370000 0.370000 0.370000 0.370000 0.370000 0.370000 0.370000 0.370000 0.370000 0.370000 0.370000 0.370000 0.370000 0.370000 0.370000 0.370000 0.370000 0.370000 0.370000 0.370000 0.370000 0.370000 0.370000 0.369994 0.369924 0.369457 0.363195 0.342788 0.328859 0.316259
0.370000 0.370000 0.370000 0.370000 0.370000 0.370000 0.370000 0.370000 0.370000 0.370000 0.370000 0.370000 0.370000 0.370000 0.370000 0.370000 0.370000 0.370000 0.370000 0.370000 0.370000 0.370000 0.370000 0.370000 0.370000 0.370000 0.370000 0.370000 0.370000 0.370000 0.370000 0.370000 0.370000 0.370000 0.370000 0.370000 0.370000 0.370000 0.370000 0.370000 0.370000 0.370000 0.370000 0.370000 0.370000 0.370000 0.370000 0.370000 0.370000 0.370000 0.370000 0.370000 0.370000 0.370000 0.370000 0.370000 0.370000 0.370000 0.370000 0.369999 0.369979 0.369861 0.368970
0.370000 0.370000 0.370000 0.370000 0.370000 0.370000 0.370000 0.370000 0.370000 0.370000 0.370000 0.370000 0.370000 0.370000 0.370000 0.370000 0.370000 0.370000 0.370000 0.370000 0.370000 0.370000 0.370000 0.370000 0.370000 0.370000 0.370000 0.370000 0.370000 0.370000 0.370000 0.370000 0.370000 0.370000 0.370000 0.370000 0.370000 0.370000 0.370000 0.370000 0.370000 0.370000 0.370000 0.370000 0.370000 0.370000 0.370000 0.370000 0.370000 0.370000 0.370000 0.370000 0.370000 0.370000 0.370000 0.370000 0.370000 0.370000 0.370000 0.370000 0.370000 0.370000 0.370000
0.370000 0.370000 0.370000 0.370000 0.370000 0.370000 0.370000 0.370000 0.370000 0.370000 0.370000 0.370000 0.370000 0.370000 0.370000 0.370000 0.370000 0.370000 0.370000 0.370000 0.370000 0.370000 0.370000 0.370000 0.370000 0.370000 0.370000 0.370000 0.370000 0.370000 0.370000 0.370000 0.370000 0.370000 0.370000 0.370000 0.370000 0.370000 0.370000 0.370000 0.370000 0.370000 0.370000 0.370000 0.370000 0.370000 0.370000 0.370000 0.370000 0.370000 0.370000 0.370000 0.370000 0.370000 0.370000 0.370000 0.370000 0.370000 0.370000 0.370000 0.370000 0.370000 0.370000
0.370000 0.370000 0.370000 0.370000 0.370000 0.370000 0.370000 0.370000 0.370000 0.370000 0.370000 0.370000 0.370000 0.370000 0.370000 0.370000 0.370000 0.370000 0.370000 0.370000 0.370000 0.370000 0.370000 0.370000 0.370000 0.370000 0.370000 0.370000 0.370000 0.370000 0.370000 0.370000 0.370000 0.370000 0.370000 0.370000 0.370000 0.370000 0.370000 0.370000 0.370000 0.370000 0.370000 0.370000 0.370000 0.370000 0.370000 0.370000 0.370000 0.370000 0.370000 0.370000 0.370000 0.370000 0.370000 0.370000 0.370000 0.370000 0.370000 0.370000 0.370000 0.370000 0.370000
0.370000 0.370000 0.370000 0.370000 0.370000 0.370000 0.370000 0.370000 0.370000 0.370000 0.370000 0.370000 0.370000 0.370000 0.370000 0.370000 0.369999 0.369997 0.369992 0.369994 0.369995 0.369996 0.369993 0.369991 0.369989 0.369988 0.369992 0.369998 0.370000 0.370000 0.370000 0.370000 0.370000 0.370000 0.370000 0.370000 0.370000 0.370000 0.370000 0.370000 0.370000 0.370000 0.370000 0.370000 0.370000 0.370000 0.370000 0.370000 0.370000 0.370000 0.370000 0.370000 0.370000 0.370000 0.370000 0.370000 0.370000 0.370000 0.370000 0.370000 0.370000 0.370000 0.370000
0.370000 0.370000 0.370000 0.370000 0.370000 0.370000 0.369999 0.369993 0.369984 0.369955 0.369931 0.369910 0.369917 0.369847 0.369521 0.366973 0.360370 0.356186 0.350556 0.348911 0.350992 0.355327 0.351044 0.348115 0.348656 0.347278 0.346986 0.353871 0.364312 0.368949 0.369668 0.369823 0.369865 0.369890 0.369959 0.369981 0.369996 0.370000 0.370000 0.370000 0.370000 0.370000 0.370000 0.370000 0.370000 0.370000 0.370000 0.370000 0.370000 0.370000 0.370000 0.370000 0.370000 0.370000 0.370000 0.370000 0.370000 0.370000 0.370000 0.370000 0.370000 0.370000 0.370000
0.370000 0.370000 0.369999 0.369974 0.369836 0.369231 0.360459 0.349575 0.340501 0.329222 0.322486 0.322776 0.324704 0.321289 0.312839 0.304391 0.299756 0.296389 0.291594 0.288731 0.291941 0.294879 0.294236 0.293937 0.294977 0.294687 0.294096 0.293584 0.299620 0.304659 0.310139 0.313918 0.315752 0.325299 0.334788 0.341781 0.354319 0.368356 0.369783 0.369959 0.369994 0.370000 0.370000 0.370000 0.370000 0.370000 0.370000 0.370000 0.370000 0.370000 0.370000 0.370000 0.370000 0.370000 0.370000 0.370000 0.370000 0.370000 0.370000 0.370000 0.370000 0.370000 0.370000
0.369947 0.369672 0.364178 0.339384 0.324894 0.313594 0.302016 0.294554 0.287241 0.280440 0.275878 0.279593 0.280999 0.283996 0.279200 0.275547 0.275224 0.272230 0.269672 0.265527 0.269028 0.270096 0.273861 0.273085 0.272908 0.274623 0.273672 0.273384 0.270530 0.273191 0.274335 0.275552 0.281786 0.287136 0.292608 0.297092 0.302851 0.313046 0.326026 0.338446 0.353282 0.367657 0.369725 0.369948 0.369992 0.370000 0.370000 0.370000 0.370000 0.370000 0.370000 0.370000 0.370000 0.370000 0.370000 0.370000 0.370000 0.370000 0.370000 0.370000 0.370000 0.370000 0.370000
0.325262 0.313454 0.293866 0.285873 0.282182 0.277422 0.274109 0.272027 0.267621 0.264742 0.259148 0.261629 0.264645 0.269167 0.265358 0.265090 0.266281 0.264423 0.262456 0.258676 0.259190 0.262049 0.265446 0.264892 0.265396 0.267416 0.267491 0.265876 0.262362 0.262971 0.264719 0.266133 0.269393 0.272130 0.274731 0.276772 0.280167 0.284527 0.289549 0.296077 0.304482 0.312555 0.325682 0.339207 0.353405 0.366854 0.369633 0.369935 0.369984 0.369999 0.370000 0.370000 0.370000 0.370000 0.370000 0.370000 0.370000 0.370000 0.370000 0.370000 0.370000 0.370000 0.370000
0.274177 0.268577 0.267091 0.265671 0.263723 0.262193 0.260418 0.258844 0.257686 0.255219 0.249323 0.251972 0.255356 0.259237 0.259384 0.259061 0.259569 0.258887 0.256348 0.251469 0.253499 0.256222 0.258595 0.259149 0.259445 0.261006 0.259801 0.257398 0.253812 0.255177 0.257542 0.258491 0.259678 0.261651 0.263694 0.265610 0.267871 0.270031 0.273301 0.277018 0.281357 0.286484 0.292651 0.300518 0.304570 0.311904 0.321602 0.332930 0.344351 0.361079 0.369383 0.369905 0.369992 0.370000 0.370000 0.370000 0.370000 0.370000 0.370000 0.370000 0.370000 0.370000 0.370000
0.265108 0.261997 0.260263 0.258916 0.260585 0.260177 0.257800 0.258452 0.257369 0.252632 0.254710 0.256140 0.260136 0.259212 0.258956 0.258014 0.258766 0.258238 0.253419 0.255995 0.256928 0.259545 0.259760 0.260131 0.260420 0.260830 0.260260 0.256838 0.257575 0.258314 0.260587 0.260222 0.260729 0.263046 0.263167 0.264115 0.265683 0.267262 0.269188 0.271622 0.275446 0.279398 0.283318 0.283810 0.286567 0.289172 0.286418 0.292099 0.297056 0.303725 0.317112 0.330004 0.350077 0.369174 0.369967 0.370000 0.370000 0.370000 0.370000 0.370000 0.370000 0.370000 0.370000
0.257635 0.255139 0.252368 0.254650 0.255264 0.255423 0.255110 0.254387 0.252371 0.255260 0.255662 0.255427 0.255074 0.255008 0.255330 0.254841 0.254570 0.254756 0.256822 0.257050 0.256274 0.256866 0.257266 0.257764 0.256839 0.256959 0.256989 0.257721 0.257570 0.256882 0.257902 0.257985 0.258001 0.258773 0.259101 0.259572 0.260911 0.261629 0.262640 0.265082 0.268272 0.270175 0.269635 0.271401 0.272132 0.270118 0.268472 0.271274 0.273820 0.275710 0.281352 0.286933 0.293533 0.316538 0.344725 0.368944 0.369926 0.369998 0.370000 0.370000 0.370000 0.370000 0.370000
0.256370 0.254028 0.253882 0.255585 0.255937 0.256094 0.254554 0.253087 0.254863 0.255543 0.255460 0.254791 0.255477 0.255731 0.256622 0.255734 0.255294 0.255530 0.255714 0.255518 0.256081 0.256419 0.256653 0.258673 0.257406 0.257238 0.257933 0.257561 0.257265 0.256583 0.257848 0.258136 0.258010 0.258900 0.259210 0.259500 0.260020 0.261181 0.263994 0.265798 0.268461 0.271086 0.271074 0.271294 0.270370 0.269781 0.266106 0.265985 0.269693 0.268306 0.270593 0.274908 0.274042 0.284351 0.299579 0.315179 0.334746 0.360037 0.369686 0.369983 0.370000 0.370000 0.370000
0.253890 0.254462 0.253343 0.253891 0.253884 0.253118 0.252143 0.253503 0.253456 0.253359 0.253463 0.253081 0.253736 0.254237 0.254750 0.254425 0.254349 0.253369 0.253296 0.254203 0.254214 0.254693 0.255830 0.257412 0.256199 0.255912 0.255875 0.255418 0.255412 0.254702 0.255765 0.256507 0.256552 0.257790 0.258092 0.256879 0.258002 0.260194 0.262268 0.263309 0.265499 0.269719 0.267705 0.267379 0.268135 0.265231 0.261672 0.261783 0.263006 0.261763 0.264110 0.265141 0.264083 0.269528 0.273494 0.278784 0.287518 0.304433 0.329212 0.350044 0.369031 0.369921 0.369995
