tests/Borden05m/sims/sim_1/output-maps/thetaliqL0001N0009.asc
ncols         160
nrows         34
xllcorner     620200.000000
yllcorner     5168000.000000
cellsize      0.500000
NODATA_value  -9999.0
[rows 0 to 27 of 34, columns 0 to 62 of 160]
-9999.0 -9999.0 -9999.0 -9999.0 -9999.0 -9999.0 -9999.0 -9999.0 -9999.0 -9999.0 -9999.0 -9999.0 -9999.0 -9999.0 -9999.0 -9999.0 -9999.0 -9999.0 -9999.0 -9999.0 -9999.0 -9999.0 -9999.0 -9999.0 -9999.0 -9999.0 -9999.0 -9999.0 -9999.0 -9999.0 -9999.0 -9999.0 -9999.0 -9999.0 -9999.0 -9999.0 -9999.0 -9999.0 -9999.0 -9999.0 -9999.0 -9999.0 -9999.0 -9999.0 -9999.0 -9999.0 -9999.0 -9999.0 -9999.0 -9999.0 -9999.0 -9999.0 -9999.0 -9999.0 -9999.0 -9999.0 -9999.0 -9999.0 -9999.0 -9999.0 -9999.0 -9999.0 -9999.0
-9999.0 -9999.0 -9999.0 -9999.0 -9999.0 -9999.0 -9999.0 -9999.0 -9999.0 -9999.0 -9999.0 -9999.0 -9999.0 -9999.0 -9999.0 -9999.0 -9999.0 -9999.0 -9999.0 -9999.0 -9999.0 -9999.0 -9999.0 -9999.0 -9999.0 -9999.0 -9999.0 -9999.0 -9999.0 -9999.0 -9999.0 -9999.0 -9999.0 -9999.0 -9999.0 -9999.0 -9999.0 -9999.0 -9999.0 -9999.0 -9999.0 -9999.0 -9999.0 -9999.0 -9999.0 -9999.0 -9999.0 -9999.0 -9999.0 -9999.0 -9999.0 -9999.0 -9999.0 -9999.0 -9999.0 -9999.0 -9999.0 -9999.0 -9999.0 0.251139 0.250249 0.249703 0.249484
-9999.0 -9999.0 -9999.0 -9999.0 -9999.0 -9999.0 -9999.0 -9999.0 -9999.0 -9999.0 -9999.0 -9999.0 -9999.0 -9999.0 -9999.0 -9999.0 -9999.0 -9999.0 -9999.0 -9999.0 -9999.0 -9999.0 -9999.0 -9999.0 -9999.0 -9999.0 -9999.0 -9999.0 -9999.0 -9999.0 -9999.0 -9999.0 -9999.0 -9999.0 -9999.0 -9999.0 -9999.0 -9999.0 -9999.0 -9999.0 -9999.0 -9999.0 -9999.0 -9999.0 -9999.0 -9999.0 -9999.0 0.246322 0.243436 0.239895 0.238855 0.242723 0.244191 0.245457 0.246136 0.246720 0.247859 0.250369 0.250024 0.245818 0.245547 0.245583 0.245889
-9999.0 -9999.0 -9999.0 -9999.0 -9999.0 -9999.0 -9999.0 -9999.0 -9999.0 -9999.0 -9999.0 -9999.0 -9999.0 -9999.0 -9999.0 -9999.0 -9999.0 -9999.0 -9999.0 -9999.0 -9999.0 -9999.0 -9999.0 -9999.0 -9999.0 -9999.0 -9999.0 -9999.0 -9999.0 -9999.0 -9999.0 -9999.0 -9999.0 -9999.0 -9999.0 -9999.0 -9999.0 -9999.0 -9999.0 -9999.0 0.244862 0.246214 0.247402 0.245543 0.244922 0.245361 0.243520 0.241271 0.238894 0.239745 0.239746 0.237768 0.240254 0.242125 0.242492 0.242717 0.244231 0.247221 0.246879 0.243802 0.242029 0.241537 0.242000
-9999.0 -9999.0 -9999.0 -9999.0 -9999.0 -9999.0 -9999.0 -9999.0 -9999.0 -9999.0 -9999.0 -9999.0 -9999.0 -9999.0 -9999.0 -9999.0 -9999.0 -9999.0 -9999.0 -9999.0 -9999.0 -9999.0 -9999.0 -9999.0 -9999.0 -9999.0 -9999.0 -9999.0 -9999.0 -9999.0 -9999.0 -9999.0 -9999.0 -9999.0 0.240030 0.242478 0.243365 0.244159 0.245550 0.244777 0.244100 0.245257 0.244193 0.244263 0.243086 0.240777 0.238474 0.237244 0.238918 0.238446 0.238372 0.239508 0.240047 0.240007 0.241464 0.244018 0.242154 0.242540 0.241985 0.240728 0.242094 0.243183 0.243863
-9999.0 -9999.0 -9999.0 -9999.0 -9999.0 -9999.0 -9999.0 -9999.0 -9999.0 -9999.0 -9999.0 -9999.0 -9999.0 -9999.0 -9999.0 -9999.0 -9999.0 -9999.0 -9999.0 -9999.0 -9999.0 -9999.0 -9999.0 -9999.0 -9999.0 -9999.0 -9999.0 -9999.0 0.244140 0.243148 0.242405 0.242487 0.242120 0.240639 0.240120 0.240173 0.241302 0.243259 0.243369 0.242889 0.242911 0.242313 0.240808 0.240720 0.242528 0.241144 0.240608 0.239745 0.237223 0.236572 0.237953 0.239179 0.240126 0.240081 0.239859 0.239412 0.239183 0.242516 0.243215 0.241220 0.240246 0.239862 0.240209
-9999.0 -9999.0 -9999.0 -9999.0 -9999.0 -9999.0 -9999.0 -9999.0 -9999.0 -9999.0 -9999.0 -9999.0 -9999.0 -9999.0 -9999.0 -9999.0 -9999.0 -9999.0 -9999.0 -9999.0 -9999.0 -9999.0 -9999.0 0.242720 0.243631 0.243911 0.244682 0.244208 0.242149 0.240883 0.240352 0.239898 0.238792 0.238587 0.238413 0.238888 0.239120 0.241191 0.239734 0.238752 0.240618 0.240051 0.241389 0.242943 0.242629 0.243044 0.240294 0.238237 0.240462 0.241272 0.241003 0.240277 0.240695 0.241268 0.241987 0.243495 0.245501 0.247071 0.250197 0.247868 0.246430 0.243676 0.244036
-9999.0 -9999.0 -9999.0 -9999.0 -9999.0 -9999.0 -9999.0 -9999.0 -9999.0 -9999.0 -9999.0 -9999.0 -9999.0 -9999.0 -9999.0 -9999.0 -9999.0 -9999.0 -9999.0 0.243163 0.242836 0.242205 0.242380 0.240340 0.239451 0.239924 0.240888 0.240217 0.239072 0.238101 0.238199 0.238293 0.237982 0.239314 0.240306 0.240443 0.239809 0.241325 0.241545 0.242304 0.244846 0.242928 0.241140 0.240212 0.240128 0.239547 0.241136 0.241552 0.241549 0.241146 0.240932 0.241073 0.240951 0.242669 0.244050 0.244954 0.245704 0.247082 0.250505 0.248821 0.246060 0.243058 0.243124
-9999.0 -9999.0 -9999.0 -9999.0 -9999.0 -9999.0 -9999.0 -9999.0 -9999.0 -9999.0 -9999.0 -9999.0 -9999.0 -9999.0 -9999.0 -9999.0 0.243268 0.243068 0.242273 0.240969 0.239869 0.239793 0.240529 0.239013 0.238460 0.238696 0.237967 0.238590 0.239275 0.240121 0.240456 0.239329 0.239381 0.239044 0.238679 0.238837 0.240561 0.242056 0.242024 0.243016 0.245197 0.243606 0.242986 0.243045 0.242019 0.242541 0.245954 0.244995 0.242960 0.246414 0.248020 0.246857 0.246024 0.247841 0.250641 0.254245 0.260653 0.264408 0.269143 0.271243 0.266320 0.265783 0.267542
-9999.0 -9999.0 -9999.0 -9999.0 -9999.0 -9999.0 -9999.0 -9999.0 -9999.0 -9999.0 -9999.0 -9999.0 -9999.0 0.243373 0.243173 0.243294 0.241280 0.239750 0.238794 0.237471 0.238940 0.237735 0.237292 0.237466 0.238757 0.238668 0.238692 0.239420 0.238968 0.238394 0.237825 0.236781 0.237710 0.238587 0.239047 0.240299 0.241054 0.241439 0.242691 0.242472 0.243242 0.242503 0.240954 0.240560 0.241502 0.244470 0.246422 0.246630 0.250682 0.254872 0.256475 0.258835 0.259590 0.260620 0.264106 0.276550 0.291838 0.306051 0.316863 0.330693 0.332824 0.336282 0.339642
-9999.0 -9999.0 -9999.0 -9999.0 -9999.0 -9999.0 -9999.0 -9999.0 -9999.0 -9999.0 0.240650 0.241625 0.240168 0.237432 0.236210 0.236726 0.237255 0.236161 0.236083 0.238716 0.240090 0.237356 0.239002 0.238890 0.237645 0.237767 0.238302 0.238192 0.239633 0.239424 0.239138 0.241556 0.241879 0.242226 0.242808 0.243366 0.243597 0.246825 0.249411 0.248416 0.252497 0.255024 0.252347 0.251403 0.251885 0.254727 0.259323 0.266123 0.273575 0.285034 0.294615 0.300862 0.305664 0.312328 0.324981 0.351825 0.356963 0.359475 0.361782 0.363309 0.363885 0.364156 0.364525
-9999.0 -9999.0 -9999.0 -9999.0 -9999.0 -9999.0 -9999.0 -9999.0 0.236832 0.238344 0.239287 0.238069 0.236436 0.233468 0.234503 0.235485 0.236097 0.237062 0.237428 0.237668 0.236782 0.237515 0.239048 0.238356 0.238343 0.239262 0.239019 0.239704 0.240866 0.239642 0.239961 0.240811 0.241482 0.242025 0.242763 0.242810 0.245987 0.250303 0.255076 0.258961 0.264699 0.272334 0.271972 0.274110 0.276522 0.287415 0.301230 0.322469 0.351533 0.356301 0.358673 0.359753 0.360509 0.361648 0.363360 0.365091 0.366315 0.367546 0.368567 0.369131 0.369410 0.369456 0.369501
-9999.0 -9999.0 -9999.0 -9999.0 -9999.0 -9999.0 0.234657 0.237961 0.239536 0.235674 0.232750 0.231778 0.230044 0.233752 0.237003 0.237506 0.237847 0.238266 0.237721 0.235260 0.240018 0.238299 0.236963 0.238176 0.237749 0.237569 0.238166 0.239864 0.240162 0.243681 0.245837 0.247507 0.250189 0.251613 0.253256 0.255085 0.260969 0.270197 0.284037 0.297158 0.312018 0.335399 0.348067 0.353738 0.355463 0.356768 0.359017 0.361820 0.365095 0.366845 0.367737 0.368046 0.368360 0.368739 0.369168 0.369430 0.369571 0.369788 0.369912 0.369976 0.369998 0.369999 0.369997
-9999.0 -9999.0 -9999.0 -9999.0 0.236761 0.237400 0.236615 0.239425 0.241354 0.236626 0.238252 0.237406 0.235853 0.233937 0.231647 0.233094 0.233851 0.234280 0.233736 0.238291 0.241994 0.238723 0.240289 0.243796 0.242374 0.242373 0.242072 0.243198 0.245539 0.248451 0.256538 0.263584 0.267965 0.274559 0.282189 0.291421 0.305958 0.337168 0.354674 0.358310 0.360949 0.363435 0.365007 0.365752 0.366382 0.366951 0.367639 0.368552 0.369294 0.369680 0.369856 0.369912 0.369942 0.369970 0.369996 0.369999 0.369997 0.370000 0.370000 0.370000 0.370000 0.370000 0.370000
-9999.0 -9999.0 -9999.0 0.234907 0.238106 0.239134 0.237286 0.237645 0.239969 0.237319 0.236741 0.236223 0.235877 0.235810 0.235476 0.236218 0.236205 0.235298 0.235656 0.238033 0.238585 0.240131 0.241041 0.242869 0.244528 0.244836 0.245550 0.248063 0.255177 0.263048 0.279929 0.301641 0.326009 0.350321 0.355249 0.357503 0.359404 0.362794 0.365412 0.366972 0.368167 0.368936 0.369424 0.369550 0.369624 0.369712 0.369832 0.369935 0.369993 0.369995 0.370000 0.370000 0.370000 0.370000 0.370000 0.370000 0.370000 0.370000 0.370000 0.370000 0.370000 0.370000 0.370000
-9999.0 -9999.0 0.235709 0.237480 0.235964 0.238085 0.240405 0.238142 0.240962 0.241688 0.238249 0.239835 0.240512 0.238280 0.239260 0.240386 0.240868 0.238292 0.236211 0.238832 0.244976 0.249448 0.250955 0.263595 0.271129 0.276249 0.278509 0.286166 0.297875 0.328556 0.354203 0.359254 0.362894 0.365718 0.366605 0.367339 0.368273 0.368825 0.369409 0.369734 0.369890 0.369969 0.369999 0.369999 0.369997 0.370000 0.370000 0.370000 0.370000 0.370000 0.370000 0.370000 0.370000 0.370000 0.370000 0.370000 0.370000 0.370000 0.370000 0.370000 0.370000 0.370000 0.370000
-9999.0 -9999.0 0.233586 0.236601 0.234167 0.238766 0.242879 0.237815 0.238637 0.242820 0.241080 0.241125 0.239929 0.239618 0.241056 0.244635 0.242262 0.241344 0.236416 0.246032 0.253820 0.267541 0.295892 0.325161 0.351501 0.354621 0.355355 0.356647 0.358524 0.362697 0.366703 0.368567 0.369473 0.369782 0.369872 0.369936 0.369994 0.369998 0.369999 0.370000 0.370000 0.370000 0.370000 0.370000 0.370000 0.370000 0.370000 0.370000 0.370000 0.370000 0.370000 0.370000 0.370000 0.370000 0.370000 0.370000 0.370000 0.370000 0.370000 0.370000 0.370000 0.370000 0.370000
-9999.0 0.233103 0.234542 0.234454 0.237367 0.235862 0.238991 0.243613 0.242418 0.243528 0.242782 0.238763 0.248098 0.255982 0.257707 0.264529 0.260752 0.258355 0.252779 0.262511 0.281063 0.334086 0.359860 0.365103 0.367288 0.367619 0.367503 0.368071 0.368875 0.369611 0.369988 0.369999 0.370000 0.370000 0.370000 0.370000 0.370000 0.370000 0.370000 0.370000 0.370000 0.370000 0.370000 0.370000 0.370000 0.370000 0.370000 0.370000 0.370000 0.370000 0.370000 0.370000 0.370000 0.370000 0.370000 0.370000 0.370000 0.370000 0.370000 0.370000 0.370000 0.370000 0.370000
-9999.0 0.228395 0.234444 0.237890 0.236099 0.232973 0.240761 0.252523 0.246154 0.243477 0.241731 0.248376 0.271059 0.292815 0.306823 0.328100 0.324360 0.314052 0.314389 0.344435 0.356993 0.363978 0.369408 0.369996 0.369996 0.369998 0.369999 0.370000 0.370000 0.370000 0.370000 0.370000 0.370000 0.370000 0.370000 0.370000 0.370000 0.370000 0.370000 0.370000 0.370000 0.370000 0.370000 0.370000 0.370000 0.370000 0.370000 0.370000 0.370000 0.370000 0.370000 0.370000 0.370000 0.370000 0.370000 0.370000 0.370000 0.369999 0.369998 0.369997 0.369993 0.369990 0.369991
-9999.0 0.233434 0.240419 0.238342 0.232097 0.239807 0.241882 0.248798 0.253202 0.249038 0.257870 0.292334 0.348718 0.358346 0.361784 0.364102 0.365557 0.365187 0.366575 0.368935 0.369952 0.369999 0.370000 0.370000 0.370000 0.370000 0.370000 0.370000 0.370000 0.370000 0.370000 0.370000 0.370000 0.370000 0.370000 0.370000 0.370000 0.370000 0.370000 0.370000 0.370000 0.370000 0.370000 0.370000 0.370000 0.370000 0.370000 0.370000 0.370000 0.370000 0.369999 0.369999 0.369999 0.369998 0.369998 0.369997 0.369993 0.369982 0.369964 0.369937 0.369896 0.369839 0.369840
-9999.0 0.225419 0.235271 0.226645 0.237949 0.247108 0.243769 0.255943 0.269870 0.272571 0.320834 0.356225 0.364774 0.367698 0.369146 0.369894 0.370000 0.370000 0.370000 0.370000 0.370000 0.370000 0.370000 0.370000 0.370000 0.370000 0.370000 0.370000 0.370000 0.370000 0.370000 0.370000 0.370000 0.370000 0.370000 0.370000 0.370000 0.370000 0.370000 0.370000 0.369999 0.369999 0.369999 0.370000 0.369999 0.369999 0.369998 0.369997 0.369993 0.369988 0.369980 0.369972 0.369968 0.369958 0.369956 0.369943 0.369850 0.369728 0.369572 0.369360 0.369058 0.368443 0.368344
-9999.0 0.219696 0.226464 0.231487 0.241376 0.247815 0.253504 0.266815 0.298741 0.337203 0.358451 0.363335 0.367231 0.369348 0.369959 0.370000 0.370000 0.370000 0.370000 0.370000 0.370000 0.370000 0.370000 0.370000 0.370000 0.370000 0.370000 0.369999 0.369998 0.369997 0.369997 0.369997 0.369997 0.369996 0.369996 0.369996 0.369997 0.369996 0.369994 0.369988 0.369982 0.369974 0.369969 0.369967 0.369962 0.369960 0.369944 0.369913 0.369867 0.369817 0.369759 0.369707 0.369693 0.369658 0.369609 0.369503 0.369061 0.368390 0.367621 0.366679 0.364723 0.362878 0.361746
-9999.0 0.207151 0.229055 0.231551 0.237336 0.238453 0.238908 0.248856 0.264628 0.331977 0.364568 0.366270 0.367322 0.368759 0.369836 0.369997 0.370000 0.370000 0.369999 0.369906 0.369834 0.369854 0.369916 0.369967 0.369985 0.369991 0.369989 0.369975 0.369948 0.369926 0.369914 0.369885 0.369860 0.369859 0.369847 0.369870 0.369890 0.369852 0.369783 0.369669 0.369541 0.369433 0.369400 0.369418 0.369408 0.369356 0.369213 0.368981 0.368632 0.368272 0.367965 0.367757 0.367560 0.367279 0.366950 0.366587 0.365309 0.363708 0.361033 0.357832 0.352304 0.325758 0.317795
-9999.0 -9999.0 0.218890 0.231800 0.233128 0.234624 0.235620 0.243841 0.251546 0.285921 0.334873 0.356324 0.360178 0.363617 0.367659 0.369254 0.369526 0.369606 0.369045 0.368667 0.368531 0.368602 0.368932 0.369254 0.369479 0.369584 0.369627 0.369593 0.369462 0.369205 0.368804 0.368428 0.368172 0.367978 0.368216 0.368543 0.368528 0.368384 0.368100 0.367657 0.367258 0.366790 0.366704 0.366792 0.366788 0.366603 0.366202 0.365135 0.363781 0.362432 0.361757 0.361179 0.360694 0.359828 0.358979 0.358038 0.355799 0.349360 0.321116 0.297231 0.279348 0.265799 0.259667
-9999.0 -9999.0 0.205105 0.225123 0.233845 0.239852 0.238306 0.238635 0.251355 0.256040 0.265237 0.283113 0.301298 0.326197 0.352947 0.358173 0.359561 0.360057 0.359754 0.360095 0.361354 0.363061 0.364699 0.365797 0.366488 0.366933 0.367321 0.366903 0.366418 0.365429 0.363469 0.361216 0.360136 0.359591 0.359950 0.360614 0.360269 0.359590 0.358655 0.357549 0.356765 0.355919 0.355721 0.355633 0.355528 0.354916 0.353058 0.345258 0.331025 0.321827 0.316102 0.311701 0.309421 0.304709 0.299240 0.295350 0.286130 0.275761 0.268309 0.261536 0.254420 0.251326 0.248688
-9999.0 -9999.0 -9999.0 0.207149 0.219693 0.229417 0.232985 0.227356 0.230779 0.237357 0.241717 0.248808 0.252808 0.257596 0.266719 0.279417 0.286033 0.287347 0.286233 0.299388 0.306421 0.324691 0.348176 0.354206 0.355862 0.356936 0.357236 0.356489 0.355575 0.352241 0.331738 0.312158 0.304288 0.304410 0.304600 0.306513 0.303801 0.301273 0.295849 0.290366 0.284953 0.280434 0.278530 0.276823 0.275945 0.274470 0.272896 0.269915 0.267161 0.264888 0.262913 0.262535 0.262087 0.261168 0.259985 0.259292 0.258222 0.253814 0.251044 0.248598 0.246178 0.244088 0.242082
-9999.0 -9999.0 -9999.0 -9999.0 -9999.0 0.199347 0.224039 0.228861 0.228885 0.226742 0.228789 0.237727 0.235970 0.236901 0.240451 0.242124 0.242424 0.244425 0.249185 0.253293 0.258821 0.263016 0.269932 0.277236 0.281639 0.286675 0.288297 0.284340 0.280464 0.274417 0.266604 0.260207 0.259923 0.260543 0.260859 0.260687 0.259702 0.259108 0.258232 0.255688 0.253362 0.252985 0.252694 0.252272 0.251782 0.251435 0.251143 0.251101 0.249593 0.248173 0.249112 0.248896 0.248806 0.249046 0.248497 0.248392 0.249026 0.245571 0.243844 0.245189 0.242193 0.240329 0.241404
-9999.0 -9999.0 -9999.0 -9999.0 -9999.0 -9999.0 0.196645 0.211980 0.224445 0.227773 0.232873 0.236754 0.231029 0.232867 0.234736 0.236623 0.239685 0.239199 0.240070 0.241602 0.243897 0.244770 0.247498 0.251537 0.251253 0.252203 0.254557 0.251830 0.250509 0.249887 0.244933 0.245858 0.245259 0.245888 0.246134 0.246754 0.246223 0.245754 0.245598 0.243482 0.243542 0.243089 0.242980 0.242854 0.242720 0.242706 0.242825 0.243004 0.241677 0.242561 0.242939 0.242596 0.242485 0.242852 0.242662 0.242195 0.242627 0.241197 0.241240 0.241544 0.238933 0.239275 0.239393
