tests/Borden05m/sims/sim_1/output-maps/thetaliqL0004N0008.asc
ncols         160
nrows         34
xllcorner     620200.000000
yllcorner     5168000.000000
cellsize      0.500000
NODATA_value  -9999.0
[rows 0 to 27 of 34, columns 63 to 125 of 160]
-9999.0 -9999.0 -9999.0 -9999.0 -9999.0 -9999.0 -9999.0 -9999.0 -9999.0 -9999.0 -9999.0 -9999.0 -9999.0 -9999.0 -9999.0 -9999.0 -9999.0 -9999.0 -9999.0 -9999.0 -9999.0 -9999.0 -9999.0 -9999.0 -9999.0 -9999.0 -9999.0 -9999.0 -9999.0 -9999.0 -9999.0 -9999.0 -9999.0 -9999.0 -9999.0 -9999.0 -9999.0 -9999.0 -9999.0 -9999.0 -9999.0 -9999.0 -9999.0 -9999.0 -9999.0 -9999.0 -9999.0 -9999.0 -9999.0 -9999.0 -9999.0 -9999.0 -9999.0 -9999.0 -9999.0 -9999.0 -9999.0 -9999.0 -9999.0 -9999.0 -9999.0 -9999.0 -9999.0
0.156246 0.153543 0.150550 0.149942 0.150173 0.149672 0.148654 0.150239 0.152385 0.154297 0.156819 0.156552 0.156951 0.157901 0.158148 0.157692 0.156511 0.155676 0.154727 0.155651 0.152279 0.147964 0.144747 0.144057 0.146621 0.148266 0.148139 0.149806 0.153373 0.156599 0.158033 0.161981 0.161937 0.163596 0.165917 0.163971 0.163323 0.163299 0.163574 0.158439 -9999.0 -9999.0 -9999.0 -9999.0 -9999.0 -9999.0 -9999.0 -9999.0 -9999.0 -9999.0 -9999.0 -9999.0 -9999.0 -9999.0 -9999.0 -9999.0 -9999.0 -9999.0 -9999.0 -9999.0 -9999.0 -9999.0 -9999.0
0.149355 0.145994 0.144990 0.142628 0.141658 0.141418 0.140613 0.141461 0.145373 0.148278 0.149265 0.148884 0.148776 0.148028 0.147465 0.147601 0.146566 0.145572 0.144538 0.144657 0.146785 0.143790 0.142228 0.140826 0.139479 0.140095 0.140630 0.140975 0.144672 0.146429 0.147858 0.153258 0.158408 0.159950 0.158049 0.155812 0.156017 0.155407 0.153004 0.150659 0.150009 0.148811 0.148192 0.146356 0.149110 0.149459 0.152826 0.155816 0.159414 0.164518 -9999.0 -9999.0 -9999.0 -9999.0 -9999.0 -9999.0 -9999.0 -9999.0 -9999.0 -9999.0 -9999.0 -9999.0 -9999.0
0.144503 0.143350 0.141114 0.137979 0.141643 0.141248 0.140998 0.141759 0.143033 0.143594 0.144273 0.145379 0.148997 0.148925 0.148681 0.148839 0.148176 0.146984 0.146945 0.146231 0.143395 0.143725 0.144356 0.143816 0.146623 0.146857 0.148387 0.143549 0.144471 0.145936 0.147169 0.148229 0.149436 0.150737 0.148625 0.149878 0.147749 0.143462 0.141900 0.141643 0.144243 0.145511 0.143390 0.136883 0.140325 0.147968 0.147706 0.146844 0.150975 0.155196 0.160852 0.160314 0.159867 0.160394 0.161165 0.156011 0.152481 0.149790 0.143147 -9999.0 -9999.0 -9999.0 -9999.0
0.144508 0.142175 0.139571 0.145611 0.148426 0.147298 0.148092 0.149886 0.149839 0.142333 0.140489 0.143526 0.146917 0.148479 0.147277 0.146681 0.145450 0.145370 0.146004 0.145126 0.146208 0.147268 0.146204 0.148260 0.150628 0.152723 0.147837 0.143472 0.143730 0.147356 0.150261 0.152061 0.156377 0.162856 0.161851 0.160112 0.158764 0.157047 0.149071 0.142333 0.139625 0.138359 0.136482 0.137676 0.136483 0.142224 0.141923 0.141208 0.144251 0.146891 0.150146 0.152407 0.152065 0.152721 0.153464 0.151728 0.147987 0.145722 0.144004 0.140430 0.134610 0.125438 0.125962
0.139522 0.139831 0.145268 0.148821 0.154485 0.153002 0.153311 0.153068 0.147751 0.143633 0.141134 0.148853 0.155701 0.158274 0.156819 0.155589 0.161368 0.159608 0.158642 0.155098 0.156362 0.156203 0.162681 0.165550 0.169162 0.167783 0.161146 0.155669 0.155245 0.155901 0.155620 0.157498 0.161983 0.167451 0.163840 0.161680 0.160851 0.149029 0.140090 0.136682 0.141294 0.144088 0.143324 0.143625 0.143672 0.139770 0.140592 0.140950 0.139328 0.144063 0.148993 0.149685 0.145723 0.144335 0.145823 0.144933 0.144591 0.142179 0.139606 0.137585 0.128608 0.130879 0.126521
0.152596 0.155093 0.158841 0.165628 0.178248 0.176453 0.177381 0.181163 0.174358 0.167940 0.159393 0.169232 0.172258 0.176085 0.175986 0.183833 0.190923 0.186274 0.179927 0.172798 0.177054 0.186703 0.196232 0.198786 0.200032 0.201419 0.194627 0.192559 0.191128 0.191854 0.187893 0.188612 0.196007 0.208317 0.209746 0.203679 0.191277 0.172876 0.157174 0.149060 0.156500 0.153870 0.152433 0.153312 0.147795 0.144498 0.148245 0.144291 0.141409 0.147664 0.148654 0.147982 0.143105 0.148925 0.147458 0.141857 0.138024 0.135786 0.134033 0.131379 0.132973 0.131436 0.127723
0.161856 0.164562 0.173581 0.186700 0.202121 0.210086 0.216289 0.224638 0.218435 0.211712 0.203963 0.206362 0.216187 0.225361 0.235278 0.246774 0.260117 0.256209 0.248397 0.247461 0.250742 0.265948 0.279477 0.285049 0.288885 0.295948 0.292023 0.283676 0.273269 0.262332 0.252483 0.244982 0.257856 0.271650 0.270152 0.246475 0.227772 0.205358 0.183818 0.163500 0.163478 0.166411 0.168983 0.161470 0.157175 0.150406 0.148444 0.148255 0.141825 0.145085 0.146198 0.150843 0.157614 0.159104 0.152554 0.148519 0.144190 0.139905 0.136685 0.138469 0.139040 0.136191 0.133507
0.234897 0.237224 0.246709 0.277016 0.315980 0.344549 0.363690 0.365839 0.360548 0.352102 0.338124 0.329756 0.341145 0.353000 0.364079 0.369440 0.369908 0.369965 0.369973 0.369976 0.369979 0.369981 0.369985 0.369989 0.369992 0.369995 0.369995 0.369991 0.369987 0.369981 0.369971 0.369967 0.369959 0.369959 0.369911 0.368857 0.350944 0.321268 0.284639 0.251327 0.228345 0.231651 0.220923 0.210819 0.199145 0.176039 0.169164 0.164770 0.148529 0.146911 0.152251 0.159525 0.164804 0.155509 0.150696 0.146193 0.141470 0.136188 0.137550 0.139895 0.140574 0.139507 0.139373
0.360453 0.365236 0.369421 0.369947 0.369995 0.370000 0.370000 0.370000 0.370000 0.370000 0.370000 0.369999 0.369999 0.370000 0.370000 0.370000 0.370000 0.370000 0.370000 0.370000 0.370000 0.370000 0.370000 0.370000 0.370000 0.370000 0.370000 0.370000 0.370000 0.370000 0.370000 0.370000 0.370000 0.370000 0.370000 0.370000 0.370000 0.369998 0.369980 0.369777 0.363391 0.339688 0.319542 0.300547 0.260236 0.222366 0.196461 0.178453 0.161625 0.158974 0.178232 0.198304 0.188984 0.184446 0.177346 0.166558 0.157851 0.147934 0.148465 0.149518 0.148287 0.146818 0.145181
0.370000 0.370000 0.370000 0.370000 0.370000 0.370000 0.370000 0.370000 0.370000 0.370000 0.370000 0.370000 0.370000 0.370000 0.370000 0.370000 0.370000 0.370000 0.370000 0.370000 0.370000 0.370000 0.370000 0.370000 0.370000 0.370000 0.370000 0.370000 0.370000 0.370000 0.370000 0.370000 0.370000 0.370000 0.370000 0.370000 0.370000 0.370000 0.370000 0.370000 0.370000 0.370000 0.369998 0.369993 0.369971 0.369387 0.355293 0.324565 0.285952 0.247467 0.270763 0.255983 0.246095 0.232897 0.214479 0.199224 0.185790 0.172242 0.169913 0.169524 0.166847 0.165682 0.162851
0.370000 0.370000 0.370000 0.370000 0.370000 0.370000 0.370000 0.370000 0.370000 0.370000 0.370000 0.370000 0.370000 0.370000 0.370000 0.370000 0.370000 0.370000 0.370000 0.370000 0.370000 0.370000 0.370000 0.370000 0.370000 0.370000 0.370000 0.370000 0.370000 0.370000 0.370000 0.370000 0.370000 0.370000 0.370000 0.370000 0.370000 0.370000 0.370000 0.370000 0.370000 0.370000 0.370000 0.370000 0.370000 0.370000 0.370000 0.370000 0.369995 0.369944 0.369627 0.363570 0.348700 0.320485 0.289642 0.266587 0.234106 0.208259 0.193961 0.191458 0.188983 0.185323 0.179856
0.370000 0.370000 0.370000 0.370000 0.370000 0.370000 0.370000 0.370000 0.370000 0.370000 0.370000 0.370000 0.370000 0.370000 0.370000 0.370000 0.370000 0.370000 0.370000 0.370000 0.370000 0.370000 0.370000 0.370000 0.370000 0.370000 0.370000 0.370000 0.370000 0.370000 0.370000 0.370000 0.370000 0.370000 0.370000 0.370000 0.370000 0.370000 0.370000 0.370000 0.370000 0.370000 0.370000 0.370000 0.370000 0.370000 0.370000 0.370000 0.370000 0.370000 0.370000 0.370000 0.370000 0.369996 0.369978 0.369868 0.363599 0.322917 0.288158 0.271356 0.248841 0.231469 0.219949
0.370000 0.370000 0.370000 0.370000 0.370000 0.370000 0.370000 0.370000 0.370000 0.370000 0.370000 0.370000 0.370000 0.370000 0.370000 0.370000 0.370000 0.370000 0.370000 0.370000 0.370000 0.370000 0.370000 0.370000 0.370000 0.370000 0.370000 0.370000 0.370000 0.370000 0.370000 0.370000 0.370000 0.370000 0.370000 0.370000 0.370000 0.370000 0.370000 0.370000 0.370000 0.370000 0.370000 0.370000 0.370000 0.370000 0.370000 0.370000 0.370000 0.370000 0.370000 0.370000 0.370000 0.370000 0.370000 0.370000 0.370000 0.369999 0.369982 0.369805 0.357513 0.326277 0.299281
0.370000 0.370000 0.370000 0.370000 0.370000 0.370000 0.370000 0.370000 0.370000 0.370000 0.370000 0.370000 0.370000 0.370000 0.370000 0.370000 0.370000 0.370000 0.370000 0.370000 0.370000 0.370000 0.370000 0.370000 0.370000 0.370000 0.370000 0.370000 0.370000 0.370000 0.370000 0.370000 0.370000 0.370000 0.370000 0.370000 0.370000 0.370000 0.370000 0.370000 0.370000 0.370000 0.370000 0.370000 0.370000 0.370000 0.370000 0.370000 0.370000 0.370000 0.370000 0.370000 0.370000 0.370000 0.370000 0.370000 0.370000 0.370000 0.370000 0.370000 0.370000 0.369998 0.369965
0.370000 0.370000 0.370000 0.370000 0.370000 0.370000 0.370000 0.370000 0.370000 0.370000 0.370000 0.370000 0.370000 0.370000 0.370000 0.370000 0.370000 0.370000 0.370000 0.370000 0.370000 0.370000 0.370000 0.370000 0.370000 0.370000 0.370000 0.370000 0.370000 0.370000 0.370000 0.370000 0.370000 0.370000 0.370000 0.370000 0.370000 0.370000 0.370000 0.370000 0.370000 0.370000 0.370000 0.370000 0.370000 0.370000 0.370000 0.370000 0.370000 0.370000 0.370000 0.370000 0.370000 0.370000 0.370000 0.370000 0.370000 0.370000 0.370000 0.370000 0.370000 0.370000 0.370000
0.370000 0.370000 0.370000 0.370000 0.370000 0.370000 0.370000 0.370000 0.370000 0.370000 0.370000 0.370000 0.370000 0.370000 0.370000 0.370000 0.370000 0.370000 0.370000 0.370000 0.370000 0.370000 0.370000 0.370000 0.370000 0.370000 0.370000 0.370000 0.370000 0.370000 0.370000 0.370000 0.370000 0.370000 0.370000 0.370000 0.370000 0.370000 0.370000 0.370000 0.370000 0.370000 0.370000 0.370000 0.370000 0.370000 0.370000 0.370000 0.370000 0.370000 0.370000 0.370000 0.370000 0.370000 0.370000 0.370000 0.370000 0.370000 0.370000 0.370000 0.370000 0.370000 0.370000
0.370000 0.370000 0.370000 0.370000 0.370000 0.370000 0.370000 0.370000 0.370000 0.370000 0.370000 0.370000 0.370000 0.370000 0.370000 0.370000 0.370000 0.370000 0.370000 0.370000 0.370000 0.370000 0.370000 0.370000 0.370000 0.370000 0.370000 0.370000 0.370000 0.370000 0.370000 0.370000 0.370000 0.370000 0.370000 0.370000 0.370000 0.370000 0.370000 0.370000 0.370000 0.370000 0.370000 0.370000 0.370000 0.370000 0.370000 0.370000 0.370000 0.370000 0.370000 0.370000 0.370000 0.370000 0.370000 0.370000 0.370000 0.370000 0.370000 0.370000 0.370000 0.370000 0.370000
0.370000 0.370000 0.370000 0.370000 0.370000 0.370000 0.370000 0.370000 0.370000 0.370000 0.370000 0.370000 0.370000 0.370000 0.370000 0.370000 0.370000 0.370000 0.370000 0.370000 0.370000 0.370000 0.370000 0.370000 0.370000 0.370000 0.370000 0.370000 0.370000 0.370000 0.370000 0.370000 0.370000 0.370000 0.370000 0.370000 0.370000 0.370000 0.370000 0.370000 0.370000 0.370000 0.370000 0.370000 0.370000 0.370000 0.370000 0.370000 0.370000 0.370000 0.370000 0.370000 0.370000 0.370000 0.370000 0.370000 0.370000 0.370000 0.370000 0.370000 0.370000 0.370000 0.370000
0.370000 0.370000 0.370000 0.370000 0.370000 0.370000 0.370000 0.370000 0.370000 0.369999 0.369998 0.369996 0.369997 0.369994 0.369985 0.369962 0.369921 0.369706 0.367296 0.365125 0.366936 0.368810 0.367109 0.364472 0.364739 0.363438 0.363958 0.369308 0.369920 0.369971 0.369985 0.369992 0.369994 0.369996 0.370000 0.370000 0.370000 0.370000 0.370000 0.370000 0.370000 0.370000 0.370000 0.370000 0.370000 0.370000 0.370000 0.370000 0.370000 0.370000 0.370000 0.370000 0.370000 0.370000 0.370000 0.370000 0.370000 0.370000 0.370000 0.370000 0.370000 0.370000 0.370000
0.370000 0.370000 0.370000 0.370000 0.369996 0.369974 0.369790 0.366011 0.348644 0.320852 0.302481 0.302771 0.307902 0.300963 0.282910 0.267468 0.257553 0.248068 0.235352 0.228062 0.235527 0.243266 0.243160 0.243142 0.245907 0.245595 0.244183 0.243365 0.256204 0.265541 0.275661 0.283713 0.289388 0.314009 0.338278 0.355829 0.369456 0.369961 0.369996 0.370000 0.370000 0.370000 0.370000 0.370000 0.370000 0.370000 0.370000 0.370000 0.370000 0.370000 0.370000 0.370000 0.370000 0.370000 0.370000 0.370000 0.370000 0.370000 0.370000 0.370000 0.370000 0.370000 0.370000
0.369999 0.369987 0.369695 0.346278 0.310673 0.284151 0.260001 0.239946 0.219293 0.201003 0.189635 0.196446 0.200507 0.207287 0.197375 0.189435 0.187250 0.179839 0.173337 0.165421 0.171486 0.174874 0.183112 0.182945 0.183480 0.187100 0.185391 0.184419 0.179338 0.184741 0.188442 0.193218 0.208842 0.224420 0.240659 0.254610 0.271078 0.293726 0.321110 0.349911 0.369316 0.369960 0.369996 0.370000 0.370000 0.370000 0.370000 0.370000 0.370000 0.370000 0.370000 0.370000 0.370000 0.370000 0.370000 0.370000 0.370000 0.370000 0.370000 0.370000 0.370000 0.370000 0.370000
0.307796 0.277119 0.234392 0.214750 0.203907 0.191481 0.182167 0.174842 0.163958 0.156398 0.146556 0.149984 0.155368 0.163168 0.157129 0.156014 0.156915 0.152897 0.148699 0.142689 0.143733 0.148884 0.155275 0.155555 0.157114 0.160770 0.160837 0.157841 0.152345 0.153896 0.158052 0.162511 0.170918 0.179486 0.188355 0.196544 0.207694 0.221048 0.235996 0.254694 0.277440 0.296297 0.322948 0.352728 0.369436 0.369953 0.369993 0.370000 0.370000 0.370000 0.370000 0.370000 0.370000 0.370000 0.370000 0.370000 0.370000 0.370000 0.370000 0.370000 0.370000 0.370000 0.370000
0.184544 0.170405 0.164787 0.159829 0.154489 0.149957 0.145253 0.141127 0.137753 0.133084 0.125382 0.128438 0.133100 0.138562 0.138870 0.138228 0.138523 0.137035 0.133120 0.127031 0.129718 0.133871 0.137861 0.139395 0.140386 0.142837 0.141155 0.137636 0.133044 0.135217 0.139345 0.142118 0.145747 0.151065 0.156955 0.163167 0.170568 0.178528 0.189200 0.201612 0.215835 0.231401 0.248432 0.268310 0.279479 0.294558 0.311333 0.336240 0.360900 0.369802 0.369984 0.369999 0.370000 0.370000 0.370000 0.370000 0.370000 0.370000 0.370000 0.370000 0.370000 0.370000 0.370000
0.154765 0.147014 0.142278 0.138912 0.139845 0.138099 0.133890 0.133656 0.131366 0.125111 0.127201 0.128973 0.134218 0.133321 0.133079 0.131836 0.132623 0.131734 0.125787 0.128832 0.130301 0.134164 0.135124 0.136189 0.136984 0.137777 0.137049 0.132614 0.133590 0.134959 0.138724 0.139325 0.141377 0.146316 0.148549 0.152305 0.157530 0.163402 0.170578 0.179465 0.191549 0.204113 0.216053 0.220363 0.227987 0.234039 0.228475 0.241657 0.254765 0.271300 0.298032 0.327729 0.366096 0.369954 0.370000 0.370000 0.370000 0.370000 0.370000 0.370000 0.370000 0.370000 0.370000
0.135310 0.130351 0.125819 0.127643 0.127728 0.127311 0.126341 0.124973 0.122317 0.125358 0.125713 0.125452 0.125156 0.125205 0.125654 0.125085 0.124749 0.124962 0.127435 0.127858 0.127224 0.128349 0.129313 0.130370 0.129548 0.129904 0.130076 0.131049 0.131016 0.130501 0.132333 0.133186 0.134147 0.136342 0.138214 0.140585 0.144573 0.148254 0.152963 0.160426 0.169681 0.176758 0.178751 0.183671 0.185868 0.182353 0.179312 0.185188 0.191978 0.198074 0.211976 0.227075 0.244791 0.295850 0.358203 0.369917 0.369999 0.370000 0.370000 0.370000 0.370000 0.370000 0.370000
0.128877 0.125060 0.124128 0.125579 0.125596 0.125418 0.123313 0.121424 0.123258 0.123933 0.123785 0.123018 0.123860 0.124241 0.125348 0.124353 0.123881 0.124214 0.124540 0.124495 0.125402 0.126139 0.126819 0.129643 0.128383 0.128385 0.129396 0.129086 0.128889 0.128326 0.130292 0.131219 0.131773 0.133824 0.135378 0.137187 0.139736 0.143674 0.150547 0.156584 0.164335 0.171885 0.173863 0.175227 0.173759 0.171850 0.164926 0.164800 0.171840 0.171200 0.177552 0.188630 0.191716 0.217716 0.256340 0.292556 0.339523 0.369651 0.369996 0.370000 0.370000 0.370000 0.370000
0.123227 0.123239 0.121485 0.121740 0.121474 0.120428 0.119215 0.120595 0.120479 0.120334 0.120419 0.119985 0.120731 0.121354 0.121996 0.121687 0.121665 0.120680 0.120737 0.121918 0.122147 0.122977 0.124630 0.126843 0.125683 0.125551 0.125700 0.125332 0.125477 0.124856 0.126423 0.127734 0.128313 0.130565 0.131928 0.131735 0.134843 0.139877 0.145362 0.149792 0.156137 0.165450 0.163638 0.163553 0.164369 0.158525 0.151803 0.151186 0.153144 0.151935 0.156392 0.160012 0.161397 0.174844 0.188047 0.204375 0.229223 0.272698 0.328216 0.366853 0.369955 0.370000 0.370000
