tests/Borden05m/sims/sim_1/output-maps/thetaliqL0004N0014.asc
ncols         160
nrows         34
xllcorner     620200.000000
yllcorner     5168000.000000
cellsize      0.500000
NODATA_value  -9999.0
[rows 0 to 27 of 34, columns 63 to 125 of 160]
-9999.0 -9999.0 -9999.0 -9999.0 -9999.0 -9999.0 -9999.0 -9999.0 -9999.0 -9999.0 -9999.0 -9999.0 -9999.0 -9999.0 -9999.0 -9999.0 -9999.0 -9999.0 -9999.0 -9999.0 -9999.0 -9999.0 -9999.0 -9999.0 -9999.0 -9999.0 -9999.0 -9999.0 -9999.0 -9999.0 -9999.0 -9999.0 -9999.0 -9999.0 -9999.0 -9999.0 -9999.0 -9999.0 -9999.0 -9999.0 -9999.0 -9999.0 -9999.0 -9999.0 -9999.0 -9999.0 -9999.0 -9999.0 -9999.0 -9999.0 -9999.0 -9999.0 -9999.0 -9999.0 -9999.0 -9999.0 -9999.0 -9999.0 -9999.0 -9999.0 -9999.0 -9999.0 -9999.0
0.191132 0.188864 0.186342 0.185807 0.185991 0.185566 0.184708 0.186061 0.187891 0.189511 0.191600 0.191403 0.191738 0.192515 0.192715 0.192338 0.191363 0.190662 0.189870 0.190604 0.187802 0.184124 0.181321 0.180712 0.182944 0.184363 0.184269 0.185701 0.188726 0.191425 0.192645 0.195879 0.195897 0.197250 0.199090 0.197539 0.197006 0.196965 0.197129 0.192990 -9999.0 -9999.0 -9999.0 -9999.0 -9999.0 -9999.0 -9999.0 -9999.0 -9999.0 -9999.0 -9999.0 -9999.0 -9999.0 -9999.0 -9999.0 -9999.0 -9999.0 -9999.0 -9999.0 -9999.0 -9999.0 -9999.0 -9999.0
0.185335 0.182429 0.181536 0.179446 0.178580 0.178359 0.177626 0.178390 0.181873 0.184403 0.185259 0.184934 0.184843 0.184188 0.183693 0.183811 0.182905 0.182029 0.181119 0.181237 0.183098 0.180468 0.179071 0.177803 0.176574 0.177134 0.177616 0.177919 0.181231 0.182776 0.184017 0.188664 0.192971 0.194251 0.192689 0.190825 0.190992 0.190468 0.188446 0.186452 0.185874 0.184847 0.184298 0.182714 0.185071 0.185418 0.188265 0.190768 0.193754 0.197861 -9999.0 -9999.0 -9999.0 -9999.0 -9999.0 -9999.0 -9999.0 -9999.0 -9999.0 -9999.0 -9999.0 -9999.0 -9999.0
0.181100 0.180075 0.178065 0.175190 0.178536 0.178174 0.177940 0.178626 0.179773 0.180269 0.180866 0.181844 0.185001 0.184941 0.184723 0.184856 0.184277 0.183239 0.183207 0.182582 0.180071 0.180366 0.180925 0.180443 0.182921 0.183134 0.184450 0.180191 0.181009 0.182299 0.183369 0.184277 0.185311 0.186432 0.184561 0.185690 0.183847 0.180051 0.178695 0.178515 0.180868 0.181976 0.180109 0.174227 0.177384 0.184095 0.183905 0.183172 0.186727 0.190299 0.194901 0.194509 0.194152 0.194572 0.195151 0.190948 0.187971 0.185648 0.179929 -9999.0 -9999.0 -9999.0 -9999.0
0.181080 0.178993 0.176608 0.182026 0.184493 0.183506 0.184192 0.185747 0.185693 0.179055 0.177348 0.180110 0.183135 0.184497 0.183416 0.182872 0.181762 0.181698 0.182285 0.181505 0.182475 0.183411 0.182449 0.184264 0.186350 0.188160 0.183900 0.179953 0.180191 0.183453 0.185995 0.187536 0.191221 0.196609 0.195787 0.194360 0.193245 0.191773 0.185025 0.179102 0.176674 0.175533 0.173803 0.174925 0.173824 0.179071 0.178808 0.178158 0.180869 0.183201 0.186031 0.187956 0.187663 0.188215 0.188831 0.187346 0.184152 0.182167 0.180612 0.177406 0.172113 0.163412 0.163923
0.176457 0.176711 0.181638 0.184774 0.189661 0.188365 0.188621 0.188415 0.183722 0.179970 0.177626 0.184689 0.190641 0.192814 0.191558 0.190489 0.195404 0.193948 0.193144 0.190117 0.191206 0.191054 0.196526 0.198912 0.201864 0.200763 0.195253 0.190556 0.190193 0.190758 0.190480 0.192059 0.195861 0.200426 0.197414 0.195613 0.194950 0.184790 0.176730 0.173649 0.178091 0.180657 0.179991 0.180280 0.180324 0.176824 0.177583 0.177903 0.176415 0.180695 0.185010 0.185608 0.182151 0.180930 0.182264 0.181490 0.181174 0.179037 0.176730 0.174858 0.166514 0.168637 0.164471
0.187979 0.190105 0.193291 0.198955 0.209055 0.207797 0.208625 0.211588 0.206181 0.200916 0.193678 0.201942 0.204467 0.207605 0.207641 0.214032 0.219741 0.216291 0.211327 0.205595 0.209112 0.216878 0.224427 0.226625 0.227761 0.228885 0.223607 0.221733 0.220431 0.220780 0.217621 0.218104 0.223847 0.233117 0.234000 0.229029 0.219366 0.204855 0.191817 0.184778 0.191313 0.189111 0.187896 0.188656 0.183905 0.181002 0.184318 0.180865 0.178271 0.183830 0.184704 0.184116 0.179770 0.184940 0.183674 0.178729 0.175271 0.173232 0.171618 0.169140 0.170633 0.169190 0.165627
0.195873 0.198223 0.205950 0.217051 0.230411 0.238422 0.244849 0.251501 0.246366 0.240254 0.233381 0.234960 0.243225 0.251579 0.260847 0.271288 0.282156 0.279124 0.273046 0.272151 0.275000 0.287265 0.298479 0.303110 0.305967 0.310662 0.307086 0.300459 0.292470 0.284390 0.277190 0.271898 0.282253 0.293118 0.291102 0.271186 0.253395 0.233370 0.214905 0.197553 0.197326 0.199708 0.201769 0.195543 0.191899 0.186049 0.184401 0.184277 0.178497 0.181484 0.182461 0.186542 0.192275 0.193496 0.188040 0.184570 0.180787 0.176968 0.174055 0.175684 0.176191 0.173612 0.171124
0.259230 0.262579 0.272168 0.297474 0.327588 0.344011 0.352195 0.353417 0.351199 0.347936 0.341636 0.337738 0.343806 0.349075 0.352771 0.355160 0.357077 0.358254 0.358127 0.358134 0.358494 0.358981 0.359803 0.360685 0.361511 0.362379 0.362613 0.361550 0.360383 0.358969 0.357558 0.357134 0.356767 0.357718 0.357571 0.354103 0.346859 0.331056 0.302702 0.274927 0.255476 0.254693 0.244933 0.236017 0.226095 0.207846 0.202015 0.198296 0.184322 0.182852 0.187584 0.193848 0.198238 0.190450 0.186307 0.182401 0.178215 0.173381 0.174751 0.176958 0.177592 0.176629 0.176503
0.352028 0.353387 0.354755 0.359807 0.364202 0.366913 0.368273 0.368640 0.368307 0.367860 0.367233 0.366580 0.366610 0.367422 0.368185 0.368734 0.369013 0.369098 0.369057 0.369059 0.369085 0.369153 0.369194 0.369279 0.369397 0.369556 0.369704 0.369677 0.369470 0.369226 0.368828 0.368591 0.368448 0.368212 0.368175 0.368138 0.366874 0.364769 0.361131 0.356105 0.351341 0.343302 0.331382 0.315983 0.282453 0.251982 0.229155 0.212174 0.196506 0.193700 0.209789 0.224858 0.217802 0.214058 0.208365 0.199671 0.192424 0.183866 0.184428 0.185397 0.184348 0.183073 0.181638
0.368189 0.368434 0.368725 0.369197 0.369711 0.369929 0.369987 0.369992 0.369988 0.369979 0.369960 0.369942 0.369931 0.369945 0.369963 0.369979 0.369989 0.369994 0.369995 0.369995 0.369995 0.369995 0.369996 0.369996 0.369997 0.369998 0.369999 0.369999 0.369999 0.369996 0.369988 0.369977 0.369956 0.369934 0.369927 0.369927 0.369923 0.369830 0.369508 0.368468 0.367007 0.365210 0.363714 0.361795 0.359623 0.353060 0.347280 0.331291 0.301679 0.272748 0.290286 0.278046 0.267484 0.254511 0.238847 0.226328 0.215366 0.204398 0.202435 0.202077 0.199888 0.198915 0.196594
0.369977 0.369984 0.369993 0.369997 0.369999 0.370000 0.370000 0.370000 0.370000 0.370000 0.370000 0.370000 0.370000 0.370000 0.370000 0.370000 0.370000 0.370000 0.370000 0.370000 0.370000 0.370000 0.370000 0.370000 0.370000 0.370000 0.370000 0.370000 0.370000 0.370000 0.370000 0.370000 0.370000 0.370000 0.370000 0.370000 0.370000 0.370000 0.369997 0.369973 0.369865 0.369654 0.369376 0.369082 0.368822 0.368553 0.367964 0.366387 0.362628 0.357520 0.354907 0.352544 0.347439 0.333018 0.309750 0.288216 0.260170 0.236341 0.223294 0.220475 0.217954 0.214823 0.210418
0.370000 0.370000 0.370000 0.370000 0.370000 0.370000 0.370000 0.370000 0.370000 0.370000 0.370000 0.370000 0.370000 0.370000 0.370000 0.370000 0.370000 0.370000 0.370000 0.370000 0.370000 0.370000 0.370000 0.370000 0.370000 0.370000 0.370000 0.370000 0.370000 0.370000 0.370000 0.370000 0.370000 0.370000 0.370000 0.370000 0.370000 0.370000 0.370000 0.370000 0.370000 0.369996 0.369987 0.369979 0.369970 0.369962 0.369928 0.369836 0.369599 0.368950 0.367476 0.366755 0.365491 0.362843 0.359972 0.357520 0.350418 0.333661 0.308545 0.292789 0.271765 0.254432 0.243316
0.370000 0.370000 0.370000 0.370000 0.370000 0.370000 0.370000 0.370000 0.370000 0.370000 0.370000 0.370000 0.370000 0.370000 0.370000 0.370000 0.370000 0.370000 0.370000 0.370000 0.370000 0.370000 0.370000 0.370000 0.370000 0.370000 0.370000 0.370000 0.370000 0.370000 0.370000 0.370000 0.370000 0.370000 0.370000 0.370000 0.370000 0.370000 0.370000 0.370000 0.370000 0.370000 0.370000 0.370000 0.370000 0.370000 0.370000 0.369999 0.369995 0.369963 0.369831 0.369657 0.369479 0.369307 0.369081 0.368686 0.367147 0.364129 0.360155 0.356569 0.350122 0.337943 0.319388
0.370000 0.370000 0.370000 0.370000 0.370000 0.370000 0.370000 0.370000 0.370000 0.370000 0.370000 0.370000 0.370000 0.370000 0.370000 0.370000 0.370000 0.370000 0.370000 0.370000 0.370000 0.370000 0.370000 0.370000 0.370000 0.370000 0.370000 0.370000 0.370000 0.370000 0.370000 0.370000 0.370000 0.370000 0.370000 0.370000 0.370000 0.370000 0.370000 0.370000 0.370000 0.370000 0.370000 0.370000 0.370000 0.370000 0.370000 0.370000 0.370000 0.370000 0.369999 0.369990 0.369981 0.369973 0.369960 0.369937 0.369778 0.369357 0.368488 0.367312 0.365580 0.363032 0.359670
0.370000 0.370000 0.370000 0.370000 0.370000 0.370000 0.370000 0.370000 0.370000 0.370000 0.370000 0.370000 0.370000 0.370000 0.370000 0.370000 0.370000 0.370000 0.370000 0.370000 0.370000 0.370000 0.370000 0.370000 0.370000 0.370000 0.370000 0.370000 0.370000 0.370000 0.370000 0.370000 0.370000 0.370000 0.370000 0.370000 0.370000 0.370000 0.370000 0.370000 0.370000 0.370000 0.370000 0.370000 0.370000 0.370000 0.370000 0.370000 0.370000 0.370000 0.370000 0.370000 0.370000 0.370000 0.370000 0.370000 0.369998 0.369977 0.369889 0.369673 0.369271 0.368664 0.367736
0.370000 0.370000 0.370000 0.370000 0.370000 0.370000 0.370000 0.370000 0.370000 0.370000 0.370000 0.370000 0.370000 0.370000 0.370000 0.369999 0.369999 0.369998 0.369999 0.370000 0.370000 0.370000 0.370000 0.369998 0.369997 0.369996 0.369997 0.369998 0.370000 0.370000 0.370000 0.370000 0.370000 0.369999 0.369999 0.370000 0.370000 0.370000 0.370000 0.370000 0.370000 0.370000 0.370000 0.370000 0.370000 0.370000 0.370000 0.370000 0.370000 0.370000 0.370000 0.370000 0.370000 0.370000 0.370000 0.370000 0.370000 0.370000 0.369998 0.369987 0.369954 0.369892 0.369733
0.370000 0.370000 0.370000 0.370000 0.370000 0.370000 0.370000 0.370000 0.369999 0.370000 0.369999 0.369997 0.369988 0.369969 0.369935 0.369907 0.369884 0.369859 0.369897 0.369950 0.369969 0.369938 0.369903 0.369832 0.369783 0.369755 0.369762 0.369826 0.369928 0.369968 0.369976 0.369964 0.369950 0.369944 0.369944 0.369959 0.369984 0.369996 0.369999 0.370000 0.370000 0.370000 0.370000 0.370000 0.370000 0.370000 0.370000 0.370000 0.370000 0.370000 0.370000 0.370000 0.370000 0.370000 0.370000 0.370000 0.370000 0.370000 0.370000 0.370000 0.370000 0.369997 0.369990
0.370000 0.370000 0.369999 0.369987 0.369970 0.369931 0.369874 0.369846 0.369801 0.369775 0.369688 0.369600 0.369427 0.369111 0.368655 0.368134 0.367955 0.367787 0.367614 0.368102 0.368291 0.368174 0.367846 0.367454 0.367222 0.367068 0.367274 0.367905 0.368401 0.368777 0.368917 0.368755 0.368903 0.369055 0.369069 0.369389 0.369607 0.369786 0.369905 0.369965 0.369982 0.369990 0.369995 0.369999 0.370000 0.370000 0.370000 0.370000 0.370000 0.370000 0.370000 0.370000 0.370000 0.370000 0.370000 0.370000 0.370000 0.370000 0.370000 0.370000 0.370000 0.370000 0.370000
0.369984 0.369978 0.369907 0.369604 0.369070 0.368572 0.367770 0.367296 0.366774 0.365121 0.363776 0.362825 0.362955 0.361529 0.359193 0.357000 0.355955 0.355236 0.353495 0.352847 0.353556 0.355160 0.353845 0.353040 0.353453 0.352976 0.352644 0.354315 0.356709 0.357958 0.359184 0.360297 0.360940 0.361876 0.364535 0.365816 0.366817 0.367872 0.368698 0.369269 0.369573 0.369711 0.369822 0.369915 0.369961 0.369988 0.369998 0.370000 0.370000 0.370000 0.370000 0.370000 0.370000 0.370000 0.370000 0.370000 0.370000 0.370000 0.370000 0.370000 0.370000 0.370000 0.370000
0.369429 0.369209 0.367941 0.365487 0.362193 0.359235 0.355422 0.352465 0.345856 0.330471 0.316324 0.316084 0.319820 0.315426 0.301964 0.289498 0.280818 0.272210 0.261423 0.255191 0.260893 0.267051 0.267394 0.267318 0.269425 0.269351 0.268701 0.269153 0.279253 0.287064 0.295525 0.302792 0.309679 0.329277 0.343624 0.350820 0.355685 0.359217 0.362506 0.365123 0.366666 0.367513 0.368317 0.368939 0.369388 0.369682 0.369874 0.369966 0.369991 0.369997 0.369999 0.370000 0.370000 0.370000 0.370000 0.370000 0.370000 0.370000 0.370000 0.370000 0.370000 0.370000 0.370000
0.364255 0.360797 0.354415 0.343924 0.325450 0.303385 0.282196 0.263925 0.245483 0.229608 0.219960 0.224943 0.228156 0.232875 0.225140 0.218797 0.216827 0.210879 0.205534 0.199001 0.203984 0.206807 0.213248 0.213139 0.213589 0.216381 0.215116 0.214462 0.210732 0.215178 0.218341 0.222394 0.234678 0.247757 0.262461 0.276884 0.294553 0.315798 0.335765 0.349179 0.355980 0.359442 0.362265 0.364715 0.366345 0.367512 0.368497 0.369245 0.369624 0.369799 0.369906 0.369956 0.369989 0.369999 0.370000 0.370000 0.370000 0.370000 0.370000 0.370000 0.370000 0.370000 0.370000
0.318710 0.292812 0.260078 0.242254 0.231177 0.220565 0.212783 0.206634 0.197710 0.191328 0.182728 0.185806 0.190468 0.196921 0.191959 0.190993 0.191723 0.188327 0.184689 0.179326 0.180276 0.184845 0.190318 0.190565 0.191873 0.194910 0.194955 0.192465 0.187789 0.189134 0.192674 0.196394 0.203252 0.210121 0.217160 0.223729 0.232737 0.244013 0.257736 0.276615 0.300261 0.319075 0.338099 0.350923 0.356484 0.359022 0.361570 0.364662 0.366327 0.367608 0.368525 0.369039 0.369585 0.369871 0.369979 0.369999 0.370000 0.370000 0.370000 0.370000 0.370000 0.370000 0.370000
0.215959 0.203908 0.198813 0.194361 0.189771 0.185849 0.181706 0.178039 0.174983 0.170614 0.163068 0.166169 0.170710 0.175775 0.176054 0.175465 0.175737 0.174375 0.170716 0.164836 0.167473 0.171442 0.175134 0.176527 0.177420 0.179612 0.178103 0.174867 0.170518 0.172574 0.176401 0.178879 0.182076 0.186702 0.191702 0.196872 0.202934 0.209367 0.217860 0.227716 0.239297 0.252579 0.268558 0.288883 0.302651 0.316841 0.329490 0.343270 0.351893 0.356730 0.360619 0.363785 0.366516 0.368529 0.369500 0.369866 0.369975 0.369995 0.369999 0.370000 0.370000 0.370000 0.370000
0.189973 0.183291 0.179075 0.176061 0.176895 0.175308 0.171462 0.171212 0.169049 0.163086 0.165107 0.166805 0.171643 0.170872 0.170657 0.169513 0.170223 0.169389 0.163770 0.166680 0.168079 0.171662 0.172581 0.173571 0.174298 0.175018 0.174361 0.170303 0.171198 0.172467 0.175892 0.176457 0.178297 0.182640 0.184587 0.187799 0.192198 0.197050 0.202872 0.209960 0.219382 0.229016 0.238105 0.241930 0.248275 0.253691 0.251205 0.263555 0.277733 0.294918 0.318591 0.338835 0.352270 0.360221 0.365508 0.368204 0.369336 0.369809 0.369924 0.369977 0.369996 0.370000 0.370000
0.172775 0.168119 0.163753 0.165549 0.165629 0.165212 0.164247 0.162895 0.160301 0.163225 0.163557 0.163313 0.163054 0.163112 0.163549 0.163000 0.162675 0.162881 0.165215 0.165629 0.165070 0.166164 0.167103 0.168123 0.167374 0.167714 0.167884 0.168782 0.168757 0.168293 0.170020 0.170832 0.171736 0.173763 0.175468 0.177594 0.181122 0.184316 0.188339 0.194604 0.202180 0.207855 0.209466 0.213350 0.215103 0.212424 0.210043 0.214821 0.220419 0.225736 0.237624 0.251961 0.272054 0.317877 0.349199 0.359700 0.364732 0.367517 0.368814 0.369458 0.369770 0.369938 0.369985
0.166694 0.163009 0.162061 0.163417 0.163399 0.163182 0.161137 0.159288 0.161033 0.161666 0.161521 0.160790 0.161602 0.161981 0.163033 0.162103 0.161658 0.161978 0.162304 0.162292 0.163180 0.163920 0.164614 0.167270 0.166143 0.166162 0.167111 0.166838 0.166667 0.166159 0.168021 0.168920 0.169472 0.171398 0.172857 0.174522 0.176839 0.180352 0.186322 0.191438 0.197838 0.203918 0.205504 0.206583 0.205441 0.203889 0.198274 0.198182 0.203896 0.203444 0.208595 0.217360 0.220391 0.242178 0.278163 0.313418 0.343054 0.355636 0.363203 0.366074 0.368021 0.369130 0.369668
0.161142 0.161074 0.159317 0.159516 0.159219 0.158174 0.156964 0.158288 0.158170 0.158027 0.158105 0.157678 0.158409 0.159030 0.159660 0.159370 0.159351 0.158420 0.158501 0.159669 0.159923 0.160767 0.162394 0.164521 0.163477 0.163370 0.163534 0.163204 0.163353 0.162775 0.164299 0.165576 0.166153 0.168300 0.169610 0.169484 0.172386 0.176976 0.181852 0.185702 0.191095 0.198741 0.197304 0.197225 0.197878 0.193043 0.187312 0.186777 0.188488 0.187441 0.191211 0.194255 0.195387 0.206452 0.217339 0.231448 0.255070 0.297616 0.339043 0.353595 0.360386 0.364684 0.367057
