tests/Borden05m/sims/sim_1/output-maps/thetaliqL0001N0002.asc
ncols         160
nrows         34
xllcorner     620200.000000
yllcorner     5168000.000000
cellsize      0.500000
NODATA_value  -9999.0
[rows 0 to 27 of 34, columns 63 to 125 of 160]
-9999.0 -9999.0 -9999.0 -9999.0 -9999.0 -9999.0 -9999.0 -9999.0 -9999.0 -9999.0 -9999.0 -9999.0 -9999.0 -9999.0 -9999.0 -9999.0 -9999.0 -9999.0 -9999.0 -9999.0 -9999.0 -9999.0 -9999.0 -9999.0 -9999.0 -9999.0 -9999.0 -9999.0 -9999.0 -9999.0 -9999.0 -9999.0 -9999.0 -9999.0 -9999.0 -9999.0 -9999.0 -9999.0 -9999.0 -9999.0 -9999.0 -9999.0 -9999.0 -9999.0 -9999.0 -9999.0 -9999.0 -9999.0 -9999.0 -9999.0 -9999.0 -9999.0 -9999.0 -9999.0 -9999.0 -9999.0 -9999.0 -9999.0 -9999.0 -9999.0 -9999.0 -9999.0 -9999.0
0.229896 0.228874 0.227538 0.227453 0.227704 0.227441 0.226769 0.227477 0.228334 0.229013 0.230118 0.229730 0.229793 0.230235 0.230361 0.230183 0.229687 0.229423 0.229076 0.229850 0.228245 0.226165 0.224573 0.224288 0.225796 0.226613 0.226316 0.226988 0.228548 0.229785 0.229934 0.231447 0.230815 0.231358 0.232544 0.231642 0.231559 0.231892 0.232526 0.230112 -9999.0 -9999.0 -9999.0 -9999.0 -9999.0 -9999.0 -9999.0 -9999.0 -9999.0 -9999.0 -9999.0 -9999.0 -9999.0 -9999.0 -9999.0 -9999.0 -9999.0 -9999.0 -9999.0 -9999.0 -9999.0 -9999.0 -9999.0
0.226527 0.224861 0.224606 0.223321 0.222736 0.222584 0.221996 0.222309 0.224435 0.225886 0.226190 0.225720 0.225436 0.224870 0.224511 0.224665 0.224180 0.223762 0.223298 0.223540 0.225142 0.223579 0.222851 0.222056 0.221100 0.221377 0.221600 0.221633 0.223583 0.224127 0.224385 0.226925 0.229299 0.229791 0.228681 0.227609 0.228112 0.228278 0.227469 0.226741 0.227188 0.226894 0.226850 0.225903 0.227377 0.227096 0.228585 0.229729 0.231041 0.233261 -9999.0 -9999.0 -9999.0 -9999.0 -9999.0 -9999.0 -9999.0 -9999.0 -9999.0 -9999.0 -9999.0 -9999.0 -9999.0
0.224126 0.223613 0.222351 0.220261 0.222502 0.222130 0.221866 0.222193 0.222859 0.223141 0.223424 0.223795 0.225671 0.225393 0.225191 0.225315 0.225015 0.224433 0.224573 0.224303 0.222641 0.222973 0.223412 0.222986 0.224604 0.224632 0.225669 0.222724 0.223133 0.223640 0.223889 0.223930 0.224040 0.224426 0.223139 0.224224 0.223451 0.221519 0.221386 0.221928 0.224070 0.225204 0.224207 0.220154 0.222254 0.226646 0.226056 0.225088 0.226992 0.228800 0.231719 0.231154 0.230870 0.231242 0.231994 0.229749 0.228566 0.227845 0.224444 -9999.0 -9999.0 -9999.0 -9999.0
0.224062 0.222608 0.220732 0.224215 0.225450 0.224504 0.224852 0.225884 0.226036 0.221622 0.220477 0.222015 0.223558 0.224143 0.223259 0.222841 0.222038 0.222105 0.222666 0.222266 0.222972 0.223506 0.222567 0.223559 0.224706 0.225976 0.223328 0.220984 0.221158 0.223140 0.224473 0.224957 0.226781 0.229926 0.229352 0.228782 0.228807 0.229062 0.225603 0.222343 0.221081 0.220557 0.219588 0.220589 0.219748 0.223316 0.222918 0.222230 0.223770 0.224795 0.226220 0.227291 0.227074 0.227561 0.228273 0.227865 0.226393 0.225857 0.225724 0.224612 0.221793 0.215938 0.216391
0.219866 0.219785 0.222706 0.223950 0.226451 0.225098 0.225073 0.224954 0.222162 0.220198 0.218745 0.223070 0.226358 0.227230 0.226052 0.224973 0.228085 0.227143 0.226906 0.225078 0.225695 0.225066 0.228158 0.229145 0.230769 0.230080 0.226991 0.224433 0.224430 0.224724 0.224307 0.224894 0.226612 0.228914 0.226913 0.226453 0.227401 0.222309 0.218531 0.217489 0.220994 0.223016 0.222778 0.223222 0.223556 0.221207 0.221829 0.222114 0.220879 0.223432 0.225971 0.226143 0.223765 0.223008 0.224285 0.224344 0.224912 0.224194 0.223356 0.222920 0.217494 0.219619 0.216539
0.225261 0.226148 0.227209 0.229477 0.234663 0.232720 0.232665 0.234556 0.231631 0.229082 0.224660 0.229687 0.230275 0.231411 0.230551 0.233809 0.236679 0.234459 0.231770 0.228326 0.230219 0.234184 0.237677 0.238039 0.238129 0.238799 0.236107 0.235897 0.235725 0.236469 0.234689 0.234761 0.237420 0.242305 0.243050 0.241527 0.237766 0.231292 0.225288 0.222193 0.227325 0.226023 0.225546 0.226664 0.224032 0.222672 0.225469 0.223344 0.221691 0.225346 0.225492 0.224799 0.221658 0.225482 0.225096 0.222415 0.220834 0.220202 0.219751 0.218511 0.220141 0.219419 0.216882
0.224919 0.225472 0.228808 0.233114 0.237780 0.239252 0.240230 0.243467 0.241531 0.239745 0.237163 0.238118 0.241585 0.244229 0.247004 0.249997 0.253895 0.251187 0.247848 0.247518 0.248096 0.253270 0.257363 0.258218 0.258709 0.261312 0.260007 0.257634 0.254662 0.251621 0.249053 0.246335 0.251682 0.256770 0.256716 0.249207 0.244815 0.238554 0.231973 0.223922 0.225295 0.227565 0.229739 0.226623 0.225682 0.223164 0.223028 0.223858 0.220496 0.222577 0.222767 0.225042 0.228811 0.229940 0.226955 0.225669 0.224118 0.222346 0.220867 0.222478 0.223177 0.221598 0.219914
0.248317 0.248042 0.249502 0.256893 0.268255 0.277427 0.287266 0.288380 0.283604 0.279859 0.273735 0.269909 0.274680 0.278732 0.283121 0.288087 0.293641 0.298291 0.298508 0.298708 0.299588 0.300253 0.302340 0.306234 0.311849 0.317933 0.320912 0.316948 0.310714 0.302221 0.295406 0.293493 0.291332 0.293680 0.294282 0.287429 0.277956 0.269193 0.258889 0.250820 0.244786 0.248423 0.245139 0.242661 0.239978 0.231282 0.229927 0.229441 0.221430 0.220840 0.223431 0.226798 0.229644 0.224992 0.223474 0.222219 0.220688 0.218371 0.219965 0.221826 0.222538 0.222138 0.222218
0.281816 0.283167 0.285350 0.301258 0.321562 0.338012 0.349550 0.353417 0.349137 0.344205 0.338783 0.333574 0.332572 0.338098 0.345621 0.353379 0.358736 0.361073 0.360984 0.361247 0.361884 0.363247 0.364647 0.367369 0.369549 0.369884 0.369946 0.369926 0.369701 0.366771 0.357978 0.353288 0.351466 0.349087 0.349159 0.349278 0.339360 0.327604 0.311648 0.292000 0.281460 0.273475 0.267639 0.263139 0.250503 0.240810 0.233287 0.227810 0.221587 0.221248 0.231064 0.240330 0.235904 0.235084 0.233372 0.229721 0.226916 0.222641 0.223885 0.224975 0.224615 0.224131 0.223487
0.345342 0.348255 0.353574 0.364889 0.369755 0.369976 0.369996 0.369997 0.369995 0.369990 0.369983 0.369973 0.369969 0.369976 0.369985 0.369994 0.369998 0.369999 0.369999 0.369999 0.369999 0.370000 0.370000 0.370000 0.370000 0.370000 0.370000 0.370000 0.370000 0.370000 0.369999 0.369997 0.369995 0.369993 0.369993 0.369993 0.369991 0.369960 0.369563 0.355664 0.337243 0.323996 0.315615 0.307606 0.303003 0.286808 0.280315 0.270250 0.258331 0.246484 0.259822 0.254299 0.251862 0.248517 0.243001 0.238807 0.235191 0.230648 0.230906 0.231522 0.230747 0.230823 0.229987
0.369990 0.369993 0.369998 0.370000 0.370000 0.370000 0.370000 0.370000 0.370000 0.370000 0.370000 0.370000 0.370000 0.370000 0.370000 0.370000 0.370000 0.370000 0.370000 0.370000 0.370000 0.370000 0.370000 0.370000 0.370000 0.370000 0.370000 0.370000 0.370000 0.370000 0.370000 0.370000 0.370000 0.370000 0.370000 0.370000 0.370000 0.370000 0.370000 0.369999 0.369980 0.369907 0.369429 0.364821 0.359899 0.356095 0.349998 0.338926 0.320180 0.297517 0.285459 0.281086 0.276979 0.267978 0.259367 0.254669 0.246358 0.238928 0.234827 0.235291 0.235428 0.234883 0.233380
0.370000 0.370000 0.370000 0.370000 0.370000 0.370000 0.370000 0.370000 0.370000 0.370000 0.370000 0.370000 0.370000 0.370000 0.370000 0.370000 0.370000 0.370000 0.370000 0.370000 0.370000 0.370000 0.370000 0.370000 0.370000 0.370000 0.370000 0.370000 0.370000 0.370000 0.370000 0.370000 0.370000 0.370000 0.370000 0.370000 0.370000 0.370000 0.370000 0.370000 0.370000 0.370000 0.370000 0.370000 0.369999 0.369998 0.369994 0.369974 0.369807 0.364293 0.342457 0.333276 0.323902 0.310486 0.300828 0.295402 0.281194 0.268074 0.259197 0.257549 0.252040 0.247167 0.244391
0.370000 0.370000 0.370000 0.370000 0.370000 0.370000 0.370000 0.370000 0.370000 0.370000 0.370000 0.370000 0.370000 0.370000 0.370000 0.370000 0.370000 0.370000 0.370000 0.370000 0.370000 0.370000 0.370000 0.370000 0.370000 0.370000 0.370000 0.370000 0.370000 0.370000 0.370000 0.370000 0.370000 0.370000 0.370000 0.370000 0.370000 0.370000 0.370000 0.370000 0.370000 0.370000 0.370000 0.370000 0.370000 0.370000 0.370000 0.370000 0.370000 0.370000 0.369989 0.369959 0.369864 0.368986 0.364502 0.357149 0.340091 0.319266 0.299957 0.289411 0.277852 0.270326 0.264551
0.370000 0.370000 0.370000 0.370000 0.370000 0.370000 0.370000 0.370000 0.370000 0.370000 0.370000 0.370000 0.370000 0.370000 0.370000 0.370000 0.370000 0.370000 0.370000 0.370000 0.370000 0.370000 0.370000 0.370000 0.370000 0.370000 0.370000 0.370000 0.370000 0.370000 0.370000 0.370000 0.370000 0.370000 0.370000 0.370000 0.370000 0.370000 0.370000 0.370000 0.370000 0.370000 0.370000 0.370000 0.370000 0.370000 0.370000 0.370000 0.370000 0.370000 0.370000 0.370000 0.370000 0.370000 0.370000 0.369998 0.369967 0.369513 0.355876 0.338049 0.320684 0.305408 0.294209
0.370000 0.370000 0.370000 0.370000 0.370000 0.370000 0.370000 0.370000 0.370000 0.370000 0.370000 0.370000 0.370000 0.370000 0.370000 0.370000 0.370000 0.370000 0.370000 0.370000 0.370000 0.370000 0.370000 0.370000 0.370000 0.370000 0.370000 0.370000 0.370000 0.370000 0.370000 0.370000 0.370000 0.370000 0.370000 0.370000 0.370000 0.370000 0.370000 0.370000 0.370000 0.370000 0.370000 0.370000 0.370000 0.370000 0.370000 0.370000 0.370000 0.370000 0.370000 0.370000 0.370000 0.370000 0.370000 0.370000 0.370000 0.370000 0.369997 0.369943 0.368830 0.355764 0.340948
0.370000 0.370000 0.370000 0.370000 0.370000 0.370000 0.370000 0.370000 0.370000 0.370000 0.370000 0.370000 0.370000 0.370000 0.370000 0.370000 0.370000 0.370000 0.370000 0.370000 0.370000 0.370000 0.370000 0.370000 0.370000 0.370000 0.370000 0.370000 0.370000 0.370000 0.370000 0.370000 0.370000 0.370000 0.370000 0.370000 0.370000 0.370000 0.370000 0.370000 0.370000 0.370000 0.370000 0.370000 0.370000 0.370000 0.370000 0.370000 0.370000 0.370000 0.370000 0.370000 0.370000 0.370000 0.370000 0.370000 0.370000 0.370000 0.370000 0.370000 0.370000 0.369998 0.369966
0.370000 0.370000 0.370000 0.370000 0.370000 0.370000 0.370000 0.370000 0.370000 0.370000 0.370000 0.370000 0.370000 0.370000 0.369999 0.369997 0.369994 0.369991 0.369993 0.369997 0.369999 0.369996 0.369993 0.369986 0.369980 0.369978 0.369979 0.369988 0.369998 0.370000 0.370000 0.370000 0.370000 0.370000 0.370000 0.370000 0.370000 0.370000 0.370000 0.370000 0.370000 0.370000 0.370000 0.370000 0.370000 0.370000 0.370000 0.370000 0.370000 0.370000 0.370000 0.370000 0.370000 0.370000 0.370000 0.370000 0.370000 0.370000 0.370000 0.370000 0.370000 0.370000 0.370000
0.370000 0.370000 0.370000 0.370000 0.370000 0.369998 0.369990 0.369984 0.369977 0.369973 0.369962 0.369944 0.369844 0.368297 0.359437 0.351014 0.348033 0.346017 0.344817 0.350067 0.352306 0.350481 0.346249 0.341612 0.338833 0.337347 0.339610 0.346820 0.354252 0.360532 0.362914 0.360634 0.361688 0.363139 0.364261 0.369481 0.369923 0.369980 0.369997 0.370000 0.370000 0.370000 0.370000 0.370000 0.370000 0.370000 0.370000 0.370000 0.370000 0.370000 0.370000 0.370000 0.370000 0.370000 0.370000 0.370000 0.370000 0.370000 0.370000 0.370000 0.370000 0.370000 0.370000
0.370000 0.370000 0.369998 0.369889 0.367283 0.356232 0.345655 0.341451 0.338803 0.331033 0.325988 0.321315 0.319552 0.309915 0.299194 0.291865 0.289355 0.288193 0.284380 0.283843 0.285678 0.289531 0.285024 0.282417 0.283196 0.281687 0.280584 0.285410 0.292806 0.297065 0.300644 0.302743 0.303060 0.303259 0.312828 0.321159 0.330397 0.341684 0.353854 0.366349 0.369811 0.369961 0.369988 0.369999 0.370000 0.370000 0.370000 0.370000 0.370000 0.370000 0.370000 0.370000 0.370000 0.370000 0.370000 0.370000 0.370000 0.370000 0.370000 0.370000 0.370000 0.370000 0.370000
0.369910 0.369394 0.352859 0.328954 0.308852 0.297571 0.287588 0.283605 0.277613 0.267731 0.261943 0.263059 0.265720 0.263870 0.258916 0.255462 0.253427 0.251173 0.247343 0.244878 0.247708 0.250092 0.249855 0.249896 0.250945 0.250738 0.250060 0.248685 0.252474 0.254367 0.256655 0.258064 0.258050 0.266028 0.273117 0.277154 0.284184 0.291860 0.301910 0.314530 0.327353 0.336158 0.346036 0.357606 0.368840 0.369925 0.369993 0.370000 0.370000 0.370000 0.370000 0.370000 0.370000 0.370000 0.370000 0.370000 0.370000 0.370000 0.370000 0.370000 0.370000 0.370000 0.370000
0.327341 0.313226 0.291806 0.274858 0.266116 0.260245 0.255040 0.250158 0.244254 0.238634 0.234853 0.238408 0.239794 0.242932 0.239132 0.236358 0.236282 0.233659 0.231449 0.227809 0.230882 0.231780 0.235212 0.234581 0.234452 0.236009 0.235138 0.234825 0.232098 0.234246 0.234979 0.235822 0.241304 0.245875 0.250387 0.253865 0.257620 0.262671 0.269101 0.276295 0.284842 0.291474 0.298824 0.308894 0.321805 0.335864 0.350691 0.366510 0.369837 0.369974 0.369996 0.370000 0.370000 0.370000 0.370000 0.370000 0.370000 0.370000 0.370000 0.370000 0.370000 0.370000 0.370000
0.265258 0.257500 0.245934 0.242774 0.240924 0.237483 0.235112 0.233430 0.229550 0.227058 0.222219 0.224357 0.226973 0.230987 0.227685 0.227495 0.228522 0.226863 0.225147 0.221892 0.222330 0.224811 0.227801 0.227352 0.227823 0.229604 0.229681 0.228280 0.225235 0.225776 0.227325 0.228614 0.231555 0.234046 0.236416 0.238276 0.241274 0.244851 0.248634 0.253640 0.259793 0.263245 0.269722 0.277655 0.285401 0.290660 0.298816 0.313950 0.327319 0.339626 0.351487 0.363163 0.369789 0.369993 0.370000 0.370000 0.370000 0.370000 0.370000 0.370000 0.370000 0.370000 0.370000
0.233278 0.229010 0.228617 0.227780 0.226173 0.224868 0.223311 0.221875 0.220816 0.218676 0.213661 0.215866 0.218706 0.222028 0.222165 0.221878 0.222285 0.221678 0.219510 0.215369 0.217097 0.219421 0.221481 0.221993 0.222271 0.223630 0.222600 0.220568 0.217537 0.218726 0.220787 0.221675 0.222787 0.224594 0.226493 0.228300 0.230416 0.232432 0.235409 0.238763 0.242604 0.246951 0.251828 0.258086 0.259965 0.263077 0.266162 0.272360 0.279100 0.287507 0.297302 0.309057 0.329063 0.353972 0.369614 0.369989 0.370000 0.370000 0.370000 0.370000 0.370000 0.370000 0.370000
0.227297 0.224561 0.223060 0.221833 0.223205 0.222781 0.220662 0.221158 0.220178 0.216094 0.217838 0.219032 0.222459 0.221657 0.221445 0.220633 0.221267 0.220807 0.216690 0.218893 0.219698 0.221966 0.222176 0.222529 0.222807 0.223175 0.222700 0.219772 0.220430 0.221087 0.223084 0.222829 0.223348 0.225455 0.225665 0.226618 0.228126 0.229668 0.231530 0.233849 0.237415 0.241090 0.244711 0.245064 0.247432 0.249450 0.246013 0.250260 0.253566 0.256828 0.262871 0.269044 0.279559 0.297070 0.322928 0.349633 0.369012 0.369968 0.369998 0.370000 0.370000 0.370000 0.370000
0.220619 0.218399 0.215963 0.217817 0.218263 0.218339 0.218030 0.217376 0.215625 0.218046 0.218365 0.218161 0.217858 0.217811 0.218090 0.217680 0.217448 0.217600 0.219365 0.219565 0.218919 0.219449 0.219823 0.220276 0.219513 0.219634 0.219668 0.220312 0.220199 0.219634 0.220539 0.220664 0.220744 0.221481 0.221858 0.222373 0.223655 0.224416 0.225442 0.227734 0.230689 0.232508 0.232135 0.233788 0.234469 0.232658 0.231168 0.233540 0.235655 0.237044 0.241359 0.245234 0.248446 0.261377 0.277540 0.297085 0.317813 0.339624 0.357989 0.369570 0.369970 0.369999 0.370000
0.219197 0.217124 0.216935 0.218314 0.218560 0.218659 0.217325 0.216054 0.217536 0.218090 0.218010 0.217443 0.218028 0.218247 0.219010 0.218260 0.217893 0.218101 0.218263 0.218108 0.218611 0.218924 0.219147 0.220900 0.219843 0.219721 0.220330 0.220024 0.219789 0.219232 0.220342 0.220628 0.220574 0.221403 0.221750 0.222104 0.222664 0.223790 0.226376 0.228093 0.230567 0.233004 0.233101 0.233362 0.232558 0.232068 0.228836 0.228720 0.232011 0.230801 0.232814 0.236635 0.235568 0.243770 0.255254 0.262022 0.272611 0.285680 0.306209 0.323347 0.343404 0.363780 0.369830
0.216821 0.217251 0.216253 0.216672 0.216635 0.215965 0.215125 0.216261 0.216207 0.216114 0.216198 0.215877 0.216429 0.216852 0.217289 0.217024 0.216976 0.216157 0.216107 0.216891 0.216922 0.217350 0.218338 0.219708 0.218702 0.218485 0.218469 0.218096 0.218110 0.217530 0.218453 0.219114 0.219201 0.220315 0.220655 0.219707 0.220776 0.222781 0.224699 0.225733 0.227756 0.231573 0.229872 0.229631 0.230307 0.227750 0.224641 0.224738 0.225783 0.224723 0.226849 0.227821 0.227000 0.231817 0.235111 0.239029 0.245275 0.256865 0.271323 0.281163 0.294859 0.312261 0.332349
