tests/Borden05m/sims/sim_1/output-maps/thetaliqL0008N0006.asc
ncols         160
nrows         34
xllcorner     620200.000000
yllcorner     5168000.000000
cellsize      0.500000
NODATA_value  -9999.0
[rows 0 to 27 of 34, columns 0 to 62 of 160]
-9999.0 -9999.0 -9999.0 -9999.0 -9999.0 -9999.0 -9999.0 -9999.0 -9999.0 -9999.0 -9999.0 -9999.0 -9999.0 -9999.0 -9999.0 -9999.0 -9999.0 -9999.0 -9999.0 -9999.0 -9999.0 -9999.0 -9999.0 -9999.0 -9999.0 -9999.0 -9999.0 -9999.0 -9999.0 -9999.0 -9999.0 -9999.0 -9999.0 -9999.0 -9999.0 -9999.0 -9999.0 -9999.0 -9999.0 -9999.0 -9999.0 -9999.0 -9999.0 -9999.0 -9999.0 -9999.0 -9999.0 -9999.0 -9999.0 -9999.0 -9999.0 -9999.0 -9999.0 -9999.0 -9999.0 -9999.0 -9999.0 -9999.0 -9999.0 -9999.0 -9999.0 -9999.0 -9999.0
-9999.0 -9999.0 -9999.0 -9999.0 -9999.0 -9999.0 -9999.0 -9999.0 -9999.0 -9999.0 -9999.0 -9999.0 -9999.0 -9999.0 -9999.0 -9999.0 -9999.0 -9999.0 -9999.0 -9999.0 -9999.0 -9999.0 -9999.0 -9999.0 -9999.0 -9999.0 -9999.0 -9999.0 -9999.0 -9999.0 -9999.0 -9999.0 -9999.0 -9999.0 -9999.0 -9999.0 -9999.0 -9999.0 -9999.0 -9999.0 -9999.0 -9999.0 -9999.0 -9999.0 -9999.0 -9999.0 -9999.0 -9999.0 -9999.0 -9999.0 -9999.0 -9999.0 -9999.0 -9999.0 -9999.0 -9999.0 -9999.0 -9999.0 -9999.0 0.369409 0.369297 0.369171 0.369035
-9999.0 -9999.0 -9999.0 -9999.0 -9999.0 -9999.0 -9999.0 -9999.0 -9999.0 -9999.0 -9999.0 -9999.0 -9999.0 -9999.0 -9999.0 -9999.0 -9999.0 -9999.0 -9999.0 -9999.0 -9999.0 -9999.0 -9999.0 -9999.0 -9999.0 -9999.0 -9999.0 -9999.0 -9999.0 -9999.0 -9999.0 -9999.0 -9999.0 -9999.0 -9999.0 -9999.0 -9999.0 -9999.0 -9999.0 -9999.0 -9999.0 -9999.0 -9999.0 -9999.0 -9999.0 -9999.0 -9999.0 0.357785 0.353401 0.348134 0.347522 0.354481 0.359743 0.363520 0.365795 0.367253 0.368284 0.368990 0.369081 0.368751 0.368572 0.368434 0.368333
-9999.0 -9999.0 -9999.0 -9999.0 -9999.0 -9999.0 -9999.0 -9999.0 -9999.0 -9999.0 -9999.0 -9999.0 -9999.0 -9999.0 -9999.0 -9999.0 -9999.0 -9999.0 -9999.0 -9999.0 -9999.0 -9999.0 -9999.0 -9999.0 -9999.0 -9999.0 -9999.0 -9999.0 -9999.0 -9999.0 -9999.0 -9999.0 -9999.0 -9999.0 -9999.0 -9999.0 -9999.0 -9999.0 -9999.0 -9999.0 0.365261 0.365826 0.365966 0.364860 0.363459 0.361694 0.357898 0.353436 0.348567 0.347496 0.348308 0.350158 0.356522 0.361353 0.364126 0.365952 0.367393 0.368419 0.368531 0.368039 0.367565 0.367283 0.367274
-9999.0 -9999.0 -9999.0 -9999.0 -9999.0 -9999.0 -9999.0 -9999.0 -9999.0 -9999.0 -9999.0 -9999.0 -9999.0 -9999.0 -9999.0 -9999.0 -9999.0 -9999.0 -9999.0 -9999.0 -9999.0 -9999.0 -9999.0 -9999.0 -9999.0 -9999.0 -9999.0 -9999.0 -9999.0 -9999.0 -9999.0 -9999.0 -9999.0 -9999.0 0.344928 0.350921 0.355875 0.359802 0.362561 0.363461 0.364198 0.364857 0.364378 0.363750 0.362105 0.358720 0.353949 0.349596 0.348610 0.347611 0.349022 0.353006 0.357200 0.360509 0.363701 0.366149 0.366861 0.367641 0.367802 0.367495 0.367536 0.367608 0.367683
-9999.0 -9999.0 -9999.0 -9999.0 -9999.0 -9999.0 -9999.0 -9999.0 -9999.0 -9999.0 -9999.0 -9999.0 -9999.0 -9999.0 -9999.0 -9999.0 -9999.0 -9999.0 -9999.0 -9999.0 -9999.0 -9999.0 -9999.0 -9999.0 -9999.0 -9999.0 -9999.0 -9999.0 0.346920 0.344677 0.342542 0.341803 0.341130 0.340485 0.343247 0.347759 0.353407 0.358546 0.360928 0.362058 0.362989 0.363068 0.362328 0.361936 0.361909 0.359816 0.357320 0.354565 0.351501 0.351053 0.353756 0.357153 0.360370 0.362733 0.364665 0.365977 0.367163 0.368331 0.368662 0.368412 0.368140 0.367949 0.367968
-9999.0 -9999.0 -9999.0 -9999.0 -9999.0 -9999.0 -9999.0 -9999.0 -9999.0 -9999.0 -9999.0 -9999.0 -9999.0 -9999.0 -9999.0 -9999.0 -9999.0 -9999.0 -9999.0 -9999.0 -9999.0 -9999.0 -9999.0 0.335115 0.337871 0.340588 0.343460 0.343687 0.341846 0.339309 0.337732 0.336841 0.335947 0.337779 0.341296 0.346497 0.351652 0.357241 0.359015 0.360252 0.362300 0.362572 0.363182 0.363666 0.363368 0.362949 0.361023 0.359333 0.360389 0.361423 0.362377 0.363386 0.364922 0.366388 0.367617 0.368594 0.369237 0.369587 0.369768 0.369711 0.369606 0.369426 0.369430
-9999.0 -9999.0 -9999.0 -9999.0 -9999.0 -9999.0 -9999.0 -9999.0 -9999.0 -9999.0 -9999.0 -9999.0 -9999.0 -9999.0 -9999.0 -9999.0 -9999.0 -9999.0 -9999.0 0.322337 0.322699 0.323109 0.325519 0.325945 0.327035 0.330580 0.334462 0.335265 0.334352 0.333335 0.333885 0.334956 0.336694 0.341553 0.346745 0.351303 0.355176 0.359747 0.362231 0.364116 0.365817 0.365637 0.365134 0.364843 0.364838 0.364866 0.365489 0.365827 0.366304 0.366762 0.367246 0.367766 0.368286 0.368959 0.369432 0.369713 0.369863 0.369940 0.369977 0.369972 0.369951 0.369912 0.369912
-9999.0 -9999.0 -9999.0 -9999.0 -9999.0 -9999.0 -9999.0 -9999.0 -9999.0 -9999.0 -9999.0 -9999.0 -9999.0 -9999.0 -9999.0 -9999.0 0.304738 0.305864 0.307083 0.310436 0.311814 0.314116 0.318135 0.318536 0.320624 0.324480 0.327021 0.331250 0.334873 0.338058 0.340437 0.341362 0.344285 0.347670 0.351416 0.355658 0.360321 0.363777 0.365571 0.366943 0.367949 0.367940 0.367850 0.367884 0.367910 0.368294 0.368962 0.369133 0.369222 0.369576 0.369745 0.369793 0.369844 0.369927 0.369978 0.369996 0.370000 0.370000 0.370000 0.370000 0.370000 0.370000 0.370000
-9999.0 -9999.0 -9999.0 -9999.0 -9999.0 -9999.0 -9999.0 -9999.0 -9999.0 -9999.0 -9999.0 -9999.0 -9999.0 0.272160 0.275294 0.282179 0.288064 0.289451 0.292044 0.295882 0.304175 0.306267 0.310118 0.314735 0.321330 0.325877 0.330544 0.336077 0.339666 0.342470 0.345064 0.347345 0.351708 0.355833 0.359316 0.362741 0.365350 0.367109 0.368282 0.368846 0.369230 0.369305 0.369257 0.369287 0.369448 0.369705 0.369860 0.369921 0.369974 0.369995 0.369998 0.370000 0.370000 0.370000 0.370000 0.370000 0.370000 0.370000 0.370000 0.370000 0.370000 0.370000 0.370000
-9999.0 -9999.0 -9999.0 -9999.0 -9999.0 -9999.0 -9999.0 -9999.0 -9999.0 -9999.0 0.243898 0.245903 0.242903 0.243421 0.246868 0.256177 0.266430 0.271646 0.280051 0.295115 0.306717 0.308704 0.317845 0.323376 0.326721 0.332059 0.338057 0.343349 0.349463 0.353194 0.356417 0.360682 0.363221 0.365157 0.366716 0.367948 0.368823 0.369528 0.369823 0.369902 0.369970 0.369987 0.369984 0.369985 0.369991 0.369998 0.370000 0.370000 0.370000 0.370000 0.370000 0.370000 0.370000 0.370000 0.370000 0.370000 0.370000 0.370000 0.370000 0.370000 0.370000 0.370000 0.370000
-9999.0 -9999.0 -9999.0 -9999.0 -9999.0 -9999.0 -9999.0 -9999.0 0.224928 0.230147 0.235035 0.232374 0.228322 0.225553 0.235551 0.247989 0.260521 0.273657 0.285608 0.298323 0.308722 0.318897 0.329401 0.335031 0.340149 0.345963 0.350473 0.355467 0.360066 0.362513 0.364949 0.366899 0.368071 0.368800 0.369296 0.369611 0.369869 0.369975 0.369997 0.370000 0.370000 0.370000 0.370000 0.370000 0.370000 0.370000 0.370000 0.370000 0.370000 0.370000 0.370000 0.370000 0.370000 0.370000 0.370000 0.370000 0.370000 0.370000 0.370000 0.370000 0.370000 0.370000 0.370000
-9999.0 -9999.0 -9999.0 -9999.0 -9999.0 -9999.0 0.205583 0.223889 0.235387 0.228923 0.222424 0.219616 0.216705 0.231137 0.247912 0.261090 0.273939 0.286844 0.298342 0.308214 0.329015 0.336704 0.342917 0.349930 0.353922 0.357298 0.360730 0.364206 0.366519 0.368463 0.369359 0.369745 0.369914 0.369968 0.369989 0.369998 0.370000 0.370000 0.370000 0.370000 0.370000 0.370000 0.370000 0.370000 0.370000 0.370000 0.370000 0.370000 0.370000 0.370000 0.370000 0.370000 0.370000 0.370000 0.370000 0.370000 0.370000 0.370000 0.370000 0.370000 0.370000 0.370000 0.370000
-9999.0 -9999.0 -9999.0 -9999.0 0.182426 0.196672 0.211705 0.235715 0.253757 0.249016 0.254709 0.254883 0.253554 0.255047 0.259119 0.272955 0.286114 0.298673 0.311069 0.332678 0.349507 0.354346 0.360329 0.364932 0.366256 0.367337 0.368180 0.369036 0.369628 0.369908 0.369994 0.370000 0.370000 0.370000 0.370000 0.370000 0.370000 0.370000 0.370000 0.370000 0.370000 0.370000 0.370000 0.370000 0.370000 0.370000 0.370000 0.370000 0.370000 0.370000 0.370000 0.370000 0.370000 0.370000 0.370000 0.370000 0.370000 0.370000 0.370000 0.370000 0.370000 0.370000 0.370000
-9999.0 -9999.0 -9999.0 0.154957 0.177172 0.202171 0.222923 0.247489 0.272575 0.277410 0.283409 0.288095 0.292816 0.298927 0.305631 0.315786 0.323631 0.329978 0.339627 0.352707 0.360983 0.365577 0.367963 0.369132 0.369585 0.369764 0.369880 0.369963 0.369997 0.370000 0.370000 0.370000 0.370000 0.370000 0.370000 0.370000 0.370000 0.370000 0.370000 0.370000 0.370000 0.370000 0.370000 0.370000 0.370000 0.370000 0.370000 0.370000 0.370000 0.370000 0.370000 0.370000 0.370000 0.370000 0.370000 0.370000 0.370000 0.370000 0.370000 0.370000 0.370000 0.370000 0.370000
-9999.0 -9999.0 0.133623 0.150104 0.169497 0.204255 0.245131 0.271703 0.302028 0.318272 0.322264 0.332198 0.339958 0.343330 0.349408 0.354495 0.357563 0.358142 0.360518 0.365487 0.368840 0.369775 0.369950 0.369999 0.370000 0.370000 0.370000 0.370000 0.370000 0.370000 0.370000 0.370000 0.370000 0.370000 0.370000 0.370000 0.370000 0.370000 0.370000 0.370000 0.370000 0.370000 0.370000 0.370000 0.370000 0.370000 0.370000 0.370000 0.370000 0.370000 0.370000 0.370000 0.370000 0.370000 0.370000 0.370000 0.370000 0.370000 0.370000 0.370000 0.370000 0.370000 0.370000
-9999.0 -9999.0 0.124408 0.141751 0.163738 0.211014 0.270705 0.299000 0.326038 0.346030 0.352216 0.358152 0.361809 0.364412 0.366725 0.368193 0.368386 0.368496 0.368472 0.369725 0.369983 0.370000 0.370000 0.370000 0.370000 0.370000 0.370000 0.370000 0.370000 0.370000 0.370000 0.370000 0.370000 0.370000 0.370000 0.370000 0.370000 0.370000 0.370000 0.370000 0.370000 0.370000 0.370000 0.370000 0.370000 0.370000 0.370000 0.370000 0.370000 0.370000 0.370000 0.370000 0.370000 0.370000 0.370000 0.370000 0.370000 0.370000 0.370000 0.370000 0.370000 0.370000 0.370000
-9999.0 0.101553 0.113786 0.131841 0.166195 0.213600 0.282569 0.334274 0.352946 0.362000 0.365591 0.367272 0.369418 0.369914 0.369979 0.369997 0.369997 0.369996 0.369994 0.370000 0.370000 0.370000 0.370000 0.370000 0.370000 0.370000 0.370000 0.370000 0.370000 0.370000 0.370000 0.370000 0.370000 0.370000 0.370000 0.370000 0.370000 0.370000 0.370000 0.370000 0.370000 0.370000 0.370000 0.370000 0.370000 0.370000 0.370000 0.370000 0.370000 0.370000 0.370000 0.370000 0.370000 0.370000 0.370000 0.370000 0.370000 0.370000 0.370000 0.370000 0.370000 0.370000 0.370000
-9999.0 0.095511 0.107360 0.129327 0.163253 0.216611 0.305232 0.359649 0.365953 0.368238 0.369272 0.369879 0.370000 0.370000 0.370000 0.370000 0.370000 0.370000 0.370000 0.370000 0.370000 0.370000 0.370000 0.370000 0.370000 0.370000 0.370000 0.370000 0.370000 0.370000 0.370000 0.370000 0.370000 0.370000 0.370000 0.370000 0.370000 0.370000 0.370000 0.370000 0.370000 0.370000 0.370000 0.370000 0.370000 0.370000 0.370000 0.370000 0.370000 0.370000 0.370000 0.370000 0.370000 0.370000 0.370000 0.370000 0.370000 0.370000 0.370000 0.370000 0.370000 0.370000 0.370000
-9999.0 0.092052 0.104014 0.121747 0.153179 0.240049 0.327896 0.365148 0.369533 0.369892 0.369994 0.370000 0.370000 0.370000 0.370000 0.370000 0.370000 0.370000 0.370000 0.370000 0.370000 0.370000 0.370000 0.370000 0.370000 0.370000 0.370000 0.370000 0.370000 0.370000 0.370000 0.370000 0.370000 0.370000 0.370000 0.370000 0.370000 0.370000 0.370000 0.370000 0.370000 0.370000 0.370000 0.370000 0.370000 0.370000 0.370000 0.370000 0.370000 0.370000 0.370000 0.370000 0.370000 0.370000 0.370000 0.370000 0.370000 0.370000 0.370000 0.370000 0.370000 0.370000 0.370000
-9999.0 0.082931 0.091809 0.102451 0.147810 0.261397 0.341058 0.368672 0.369996 0.370000 0.370000 0.370000 0.370000 0.370000 0.370000 0.370000 0.370000 0.370000 0.370000 0.370000 0.370000 0.370000 0.370000 0.370000 0.370000 0.370000 0.370000 0.370000 0.370000 0.370000 0.370000 0.370000 0.370000 0.370000 0.370000 0.370000 0.370000 0.370000 0.370000 0.370000 0.370000 0.370000 0.370000 0.370000 0.370000 0.370000 0.370000 0.370000 0.370000 0.370000 0.370000 0.370000 0.370000 0.370000 0.370000 0.370000 0.370000 0.370000 0.370000 0.370000 0.370000 0.370000 0.370000
-9999.0 0.077675 0.082812 0.095090 0.136537 0.240515 0.340964 0.369194 0.370000 0.370000 0.370000 0.370000 0.370000 0.370000 0.370000 0.370000 0.370000 0.370000 0.370000 0.370000 0.370000 0.370000 0.370000 0.370000 0.370000 0.370000 0.370000 0.370000 0.370000 0.370000 0.370000 0.370000 0.370000 0.370000 0.370000 0.370000 0.370000 0.370000 0.370000 0.370000 0.370000 0.370000 0.370000 0.370000 0.370000 0.370000 0.370000 0.370000 0.370000 0.370000 0.370000 0.370000 0.370000 0.370000 0.370000 0.370000 0.370000 0.370000 0.370000 0.370000 0.370000 0.370000 0.370000
-9999.0 0.074209 0.079284 0.088039 0.113085 0.173999 0.278681 0.360754 0.369904 0.370000 0.370000 0.370000 0.370000 0.370000 0.370000 0.370000 0.370000 0.370000 0.370000 0.370000 0.370000 0.370000 0.370000 0.370000 0.370000 0.370000 0.370000 0.370000 0.370000 0.370000 0.370000 0.370000 0.370000 0.370000 0.370000 0.370000 0.370000 0.370000 0.370000 0.370000 0.370000 0.370000 0.370000 0.370000 0.370000 0.370000 0.370000 0.370000 0.370000 0.370000 0.370000 0.370000 0.370000 0.370000 0.370000 0.370000 0.370000 0.370000 0.370000 0.370000 0.370000 0.370000 0.370000
-9999.0 -9999.0 0.075860 0.082318 0.095743 0.128521 0.199402 0.318236 0.366248 0.369999 0.370000 0.370000 0.370000 0.370000 0.370000 0.370000 0.370000 0.370000 0.370000 0.370000 0.370000 0.370000 0.370000 0.370000 0.370000 0.370000 0.370000 0.370000 0.370000 0.370000 0.370000 0.370000 0.370000 0.370000 0.370000 0.370000 0.370000 0.370000 0.370000 0.370000 0.370000 0.370000 0.370000 0.370000 0.370000 0.370000 0.370000 0.370000 0.370000 0.370000 0.370000 0.370000 0.370000 0.370000 0.370000 0.370000 0.370000 0.370000 0.370000 0.370000 0.370000 0.370000 0.370000
-9999.0 -9999.0 0.073153 0.077214 0.085865 0.105266 0.140682 0.206988 0.325802 0.364214 0.369662 0.369998 0.370000 0.370000 0.370000 0.370000 0.370000 0.370000 0.370000 0.370000 0.370000 0.370000 0.370000 0.370000 0.370000 0.370000 0.370000 0.370000 0.370000 0.370000 0.370000 0.370000 0.370000 0.370000 0.370000 0.370000 0.370000 0.370000 0.370000 0.370000 0.370000 0.370000 0.370000 0.370000 0.370000 0.370000 0.370000 0.370000 0.370000 0.370000 0.370000 0.370000 0.370000 0.370000 0.370000 0.370000 0.370000 0.370000 0.370000 0.370000 0.369991 0.369943 0.369775
-9999.0 -9999.0 -9999.0 0.074283 0.078573 0.085120 0.097941 0.116028 0.156980 0.235880 0.313360 0.356314 0.366463 0.369168 0.369882 0.369995 0.370000 0.370000 0.370000 0.370000 0.370000 0.370000 0.370000 0.370000 0.370000 0.370000 0.370000 0.370000 0.370000 0.370000 0.370000 0.370000 0.370000 0.370000 0.370000 0.370000 0.370000 0.370000 0.370000 0.370000 0.370000 0.370000 0.370000 0.370000 0.370000 0.370000 0.370000 0.370000 0.370000 0.370000 0.370000 0.370000 0.370000 0.370000 0.369999 0.369999 0.369996 0.369976 0.369909 0.369728 0.369209 0.368054 0.365935
-9999.0 -9999.0 -9999.0 -9999.0 -9999.0 0.075687 0.081083 0.089737 0.102125 0.120699 0.156064 0.221419 0.260761 0.299154 0.332406 0.350692 0.360483 0.365958 0.368828 0.369695 0.369957 0.369995 0.370000 0.370000 0.370000 0.370000 0.370000 0.370000 0.370000 0.370000 0.370000 0.369999 0.369999 0.369999 0.369999 0.369999 0.369998 0.369996 0.369994 0.369984 0.369967 0.369955 0.369943 0.369931 0.369915 0.369900 0.369883 0.369865 0.369810 0.369756 0.369760 0.369734 0.369703 0.369670 0.369580 0.369454 0.369269 0.368505 0.367385 0.366211 0.362500 0.357197 0.351855
-9999.0 -9999.0 -9999.0 -9999.0 -9999.0 -9999.0 0.074074 0.077785 0.082672 0.090437 0.104360 0.123929 0.135848 0.158020 0.188969 0.229531 0.275582 0.307793 0.332503 0.350008 0.360861 0.365745 0.368237 0.369371 0.369622 0.369750 0.369840 0.369782 0.369696 0.369584 0.369228 0.369135 0.368965 0.368956 0.368937 0.368920 0.368739 0.368515 0.368275 0.367755 0.367442 0.367041 0.366722 0.366394 0.366025 0.365684 0.365415 0.365145 0.364521 0.364663 0.364696 0.364489 0.364201 0.363863 0.362977 0.361632 0.360125 0.356696 0.353001 0.348514 0.338846 0.329693 0.318507
