tests/Borden05m/sims/sim_1/output-maps/thetaliqL0002N0011.asc
ncols         160
nrows         34
xllcorner     620200.000000
yllcorner     5168000.000000
cellsize      0.500000
NODATA_value  -9999.0
[rows 0 to 27 of 34, columns 0 to 62 of 160]
-9999.0 -9999.0 -9999.0 -9999.0 -9999.0 -9999.0 -9999.0 -9999.0 -9999.0 -9999.0 -9999.0 -9999.0 -9999.0 -9999.0 -9999.0 -9999.0 -9999.0 -9999.0 -9999.0 -9999.0 -9999.0 -9999.0 -9999.0 -9999.0 -9999.0 -9999.0 -9999.0 -9999.0 -9999.0 -9999.0 -9999.0 -9999.0 -9999.0 -9999.0 -9999.0 -9999.0 -9999.0 -9999.0 -9999.0 -9999.0 -9999.0 -9999.0 -9999.0 -9999.0 -9999.0 -9999.0 -9999.0 -9999.0 -9999.0 -9999.0 -9999.0 -9999.0 -9999.0 -9999.0 -9999.0 -9999.0 -9999.0 -9999.0 -9999.0 -9999.0 -9999.0 -9999.0 -9999.0
-9999.0 -9999.0 -9999.0 -9999.0 -9999.0 -9999.0 -9999.0 -9999.0 -9999.0 -9999.0 -9999.0 -9999.0 -9999.0 -9999.0 -9999.0 -9999.0 -9999.0 -9999.0 -9999.0 -9999.0 -9999.0 -9999.0 -9999.0 -9999.0 -9999.0 -9999.0 -9999.0 -9999.0 -9999.0 -9999.0 -9999.0 -9999.0 -9999.0 -9999.0 -9999.0 -9999.0 -9999.0 -9999.0 -9999.0 -9999.0 -9999.0 -9999.0 -9999.0 -9999.0 -9999.0 -9999.0 -9999.0 -9999.0 -9999.0 -9999.0 -9999.0 -9999.0 -9999.0 -9999.0 -9999.0 -9999.0 -9999.0 -9999.0 -9999.0 0.224499 0.223615 0.223034 0.222746
-9999.0 -9999.0 -9999.0 -9999.0 -9999.0 -9999.0 -9999.0 -9999.0 -9999.0 -9999.0 -9999.0 -9999.0 -9999.0 -9999.0 -9999.0 -9999.0 -9999.0 -9999.0 -9999.0 -9999.0 -9999.0 -9999.0 -9999.0 -9999.0 -9999.0 -9999.0 -9999.0 -9999.0 -9999.0 -9999.0 -9999.0 -9999.0 -9999.0 -9999.0 -9999.0 -9999.0 -9999.0 -9999.0 -9999.0 -9999.0 -9999.0 -9999.0 -9999.0 -9999.0 -9999.0 -9999.0 -9999.0 0.218557 0.215905 0.212709 0.211802 0.215327 0.216804 0.218142 0.218967 0.219718 0.220982 0.223477 0.223239 0.219414 0.219102 0.219073 0.219295
-9999.0 -9999.0 -9999.0 -9999.0 -9999.0 -9999.0 -9999.0 -9999.0 -9999.0 -9999.0 -9999.0 -9999.0 -9999.0 -9999.0 -9999.0 -9999.0 -9999.0 -9999.0 -9999.0 -9999.0 -9999.0 -9999.0 -9999.0 -9999.0 -9999.0 -9999.0 -9999.0 -9999.0 -9999.0 -9999.0 -9999.0 -9999.0 -9999.0 -9999.0 -9999.0 -9999.0 -9999.0 -9999.0 -9999.0 -9999.0 0.217802 0.219042 0.220094 0.218342 0.217672 0.217927 0.216140 0.214034 0.211854 0.212569 0.212590 0.210925 0.213263 0.215106 0.215630 0.216034 0.217593 0.220473 0.220224 0.217395 0.215737 0.215251 0.215643
-9999.0 -9999.0 -9999.0 -9999.0 -9999.0 -9999.0 -9999.0 -9999.0 -9999.0 -9999.0 -9999.0 -9999.0 -9999.0 -9999.0 -9999.0 -9999.0 -9999.0 -9999.0 -9999.0 -9999.0 -9999.0 -9999.0 -9999.0 -9999.0 -9999.0 -9999.0 -9999.0 -9999.0 -9999.0 -9999.0 -9999.0 -9999.0 -9999.0 -9999.0 0.212763 0.215011 0.215926 0.216778 0.218149 0.217549 0.217029 0.218099 0.217126 0.217130 0.215984 0.213805 0.211640 0.210462 0.211883 0.211452 0.211420 0.212505 0.213110 0.213230 0.214705 0.217181 0.215688 0.216187 0.215752 0.214594 0.215775 0.216726 0.217327
-9999.0 -9999.0 -9999.0 -9999.0 -9999.0 -9999.0 -9999.0 -9999.0 -9999.0 -9999.0 -9999.0 -9999.0 -9999.0 -9999.0 -9999.0 -9999.0 -9999.0 -9999.0 -9999.0 -9999.0 -9999.0 -9999.0 -9999.0 -9999.0 -9999.0 -9999.0 -9999.0 -9999.0 0.216350 0.215448 0.214766 0.214826 0.214499 0.213209 0.212810 0.212944 0.214063 0.215941 0.216157 0.215814 0.215900 0.215390 0.214036 0.213929 0.215488 0.214172 0.213600 0.212759 0.210494 0.209925 0.211190 0.212362 0.213325 0.213434 0.213410 0.213201 0.213192 0.216367 0.217103 0.215282 0.214344 0.213948 0.214246
-9999.0 -9999.0 -9999.0 -9999.0 -9999.0 -9999.0 -9999.0 -9999.0 -9999.0 -9999.0 -9999.0 -9999.0 -9999.0 -9999.0 -9999.0 -9999.0 -9999.0 -9999.0 -9999.0 -9999.0 -9999.0 -9999.0 -9999.0 0.214926 0.215754 0.216037 0.216753 0.216348 0.214532 0.213398 0.212917 0.212513 0.211546 0.211397 0.211303 0.211811 0.212133 0.214101 0.212922 0.212142 0.213876 0.213404 0.214598 0.215978 0.215677 0.216004 0.213506 0.211648 0.213622 0.214379 0.214208 0.213656 0.214157 0.214840 0.215698 0.217307 0.219400 0.221116 0.224171 0.222008 0.220567 0.217954 0.218260
-9999.0 -9999.0 -9999.0 -9999.0 -9999.0 -9999.0 -9999.0 -9999.0 -9999.0 -9999.0 -9999.0 -9999.0 -9999.0 -9999.0 -9999.0 -9999.0 -9999.0 -9999.0 -9999.0 0.215162 0.214884 0.214341 0.214519 0.212759 0.212003 0.212452 0.213334 0.212765 0.211766 0.210915 0.211008 0.211105 0.210860 0.212086 0.213040 0.213266 0.212834 0.214330 0.214666 0.215470 0.217855 0.216169 0.214565 0.213730 0.213657 0.213161 0.214607 0.215013 0.215076 0.214808 0.214717 0.214952 0.214994 0.216760 0.218308 0.219490 0.220568 0.222211 0.225668 0.224094 0.221359 0.218446 0.218493
-9999.0 -9999.0 -9999.0 -9999.0 -9999.0 -9999.0 -9999.0 -9999.0 -9999.0 -9999.0 -9999.0 -9999.0 -9999.0 -9999.0 -9999.0 -9999.0 0.215106 0.214943 0.214266 0.213163 0.212223 0.212177 0.212850 0.211544 0.211087 0.211329 0.210725 0.211311 0.211949 0.212727 0.213054 0.212096 0.212194 0.211972 0.211748 0.212015 0.213704 0.215227 0.215386 0.216447 0.218557 0.217176 0.216613 0.216670 0.215791 0.216362 0.219594 0.218869 0.217185 0.220516 0.222182 0.221283 0.220707 0.222676 0.225703 0.229615 0.236348 0.240661 0.245942 0.248285 0.243077 0.242372 0.244202
-9999.0 -9999.0 -9999.0 -9999.0 -9999.0 -9999.0 -9999.0 -9999.0 -9999.0 -9999.0 -9999.0 -9999.0 -9999.0 0.215007 0.214851 0.214994 0.213282 0.211968 0.211160 0.210040 0.211367 0.210342 0.209988 0.210177 0.211352 0.211321 0.211394 0.212094 0.211756 0.211308 0.210868 0.210019 0.210927 0.211813 0.212355 0.213637 0.214530 0.215134 0.216516 0.216558 0.217462 0.216894 0.215509 0.215178 0.216122 0.219027 0.221116 0.221603 0.225642 0.229905 0.231748 0.234291 0.235301 0.236694 0.240680 0.253928 0.271228 0.290374 0.306293 0.321813 0.324217 0.327178 0.329789
-9999.0 -9999.0 -9999.0 -9999.0 -9999.0 -9999.0 -9999.0 -9999.0 -9999.0 -9999.0 0.212527 0.213381 0.212110 0.209747 0.208707 0.209193 0.209698 0.208780 0.208755 0.211116 0.212383 0.210033 0.211532 0.211488 0.210448 0.210615 0.211160 0.211152 0.212523 0.212444 0.212308 0.214590 0.215038 0.215519 0.216235 0.216980 0.217508 0.220839 0.223642 0.223117 0.227298 0.229935 0.227442 0.226548 0.227091 0.230087 0.235008 0.242296 0.250188 0.262240 0.273546 0.281898 0.289019 0.299325 0.315946 0.335697 0.344220 0.350252 0.355603 0.358587 0.359756 0.360357 0.360974
-9999.0 -9999.0 -9999.0 -9999.0 -9999.0 -9999.0 -9999.0 -9999.0 0.209159 0.210487 0.211321 0.210258 0.208836 0.206263 0.207195 0.208092 0.208673 0.209570 0.209949 0.210233 0.209539 0.210260 0.211692 0.211166 0.211231 0.212128 0.212020 0.212760 0.213958 0.213062 0.213561 0.214569 0.215423 0.216160 0.217092 0.217464 0.220822 0.225408 0.230481 0.234794 0.241126 0.249540 0.249277 0.251112 0.253130 0.265190 0.283151 0.312696 0.335310 0.342363 0.347822 0.350627 0.352655 0.355380 0.358657 0.361160 0.363546 0.365974 0.367780 0.368667 0.369075 0.369263 0.369374
-9999.0 -9999.0 -9999.0 -9999.0 -9999.0 -9999.0 0.207215 0.210130 0.211537 0.208177 0.205631 0.204786 0.203281 0.206534 0.209407 0.209897 0.210252 0.210683 0.210284 0.208230 0.212527 0.211144 0.210096 0.211291 0.211036 0.211001 0.211678 0.213389 0.213934 0.217440 0.219831 0.221829 0.224747 0.226449 0.228318 0.230477 0.236829 0.246961 0.261730 0.277773 0.299306 0.325712 0.334644 0.338096 0.340119 0.343120 0.348834 0.355147 0.360854 0.364344 0.366149 0.366811 0.367405 0.368032 0.368671 0.369188 0.369433 0.369705 0.369868 0.369961 0.369989 0.369999 0.370000
-9999.0 -9999.0 -9999.0 -9999.0 0.208949 0.209550 0.208926 0.211440 0.213186 0.209078 0.210511 0.209782 0.208437 0.206797 0.204843 0.206155 0.206877 0.207325 0.206948 0.211088 0.214571 0.211889 0.213488 0.216857 0.215797 0.215982 0.215931 0.217260 0.219833 0.223115 0.231427 0.239112 0.244315 0.251527 0.259422 0.270178 0.290307 0.325796 0.340071 0.347375 0.353653 0.358457 0.361122 0.362216 0.363362 0.364548 0.365978 0.367603 0.368803 0.369546 0.369784 0.369881 0.369911 0.369951 0.369980 0.369999 0.370000 0.370000 0.370000 0.370000 0.370000 0.370000 0.370000
-9999.0 -9999.0 -9999.0 0.207254 0.210091 0.211068 0.209546 0.209952 0.212075 0.209813 0.209353 0.208936 0.208670 0.208654 0.208415 0.209138 0.209201 0.208489 0.208928 0.211253 0.212069 0.213795 0.215008 0.217087 0.218920 0.219466 0.220390 0.223118 0.230453 0.238957 0.256856 0.283846 0.316628 0.335169 0.340524 0.345407 0.350285 0.357053 0.361735 0.364856 0.367118 0.368436 0.369204 0.369364 0.369477 0.369567 0.369761 0.369884 0.369964 0.369999 0.369999 0.370000 0.370000 0.370000 0.370000 0.370000 0.370000 0.370000 0.370000 0.370000 0.370000 0.370000 0.370000
-9999.0 -9999.0 0.207867 0.209459 0.208218 0.210166 0.212327 0.210496 0.213108 0.213869 0.210941 0.212427 0.213128 0.211270 0.212247 0.213363 0.213882 0.211681 0.210001 0.212667 0.218726 0.223521 0.225666 0.238660 0.246721 0.252147 0.254637 0.263351 0.278563 0.318096 0.340075 0.350443 0.358108 0.362713 0.364183 0.365670 0.367459 0.368375 0.369160 0.369615 0.369863 0.369964 0.369999 0.370000 0.370000 0.369999 0.370000 0.370000 0.370000 0.370000 0.370000 0.370000 0.370000 0.370000 0.370000 0.370000 0.370000 0.370000 0.370000 0.370000 0.370000 0.370000 0.370000
-9999.0 -9999.0 0.206000 0.208667 0.206647 0.210779 0.214585 0.210380 0.211319 0.215226 0.213877 0.214127 0.213317 0.213286 0.214826 0.218265 0.216244 0.215476 0.211235 0.220396 0.228481 0.243154 0.274971 0.314464 0.336837 0.339661 0.340609 0.343683 0.348635 0.357884 0.364912 0.368107 0.369347 0.369727 0.369838 0.369921 0.369994 0.369999 0.369995 0.370000 0.370000 0.370000 0.370000 0.370000 0.370000 0.370000 0.370000 0.370000 0.370000 0.370000 0.370000 0.370000 0.370000 0.370000 0.370000 0.370000 0.370000 0.370000 0.370000 0.370000 0.370000 0.370000 0.370000
-9999.0 0.205480 0.206779 0.206776 0.209418 0.208296 0.211296 0.215725 0.215066 0.216418 0.216094 0.212920 0.221897 0.229873 0.232165 0.239326 0.235804 0.233461 0.228227 0.238190 0.258234 0.321220 0.353412 0.363323 0.366226 0.366583 0.366339 0.367258 0.368489 0.369483 0.369960 0.369999 0.370000 0.370000 0.370000 0.370000 0.370000 0.370000 0.370000 0.370000 0.370000 0.370000 0.370000 0.370000 0.370000 0.370000 0.370000 0.370000 0.370000 0.370000 0.370000 0.370000 0.370000 0.370000 0.370000 0.370000 0.370000 0.370000 0.370000 0.370000 0.370000 0.369999 0.369999
-9999.0 0.201389 0.206655 0.209728 0.208321 0.205820 0.212986 0.224096 0.219107 0.217261 0.216244 0.222942 0.245850 0.270098 0.288934 0.316632 0.313865 0.301599 0.302695 0.331408 0.347012 0.361248 0.369301 0.369997 0.369997 0.369999 0.369999 0.370000 0.370000 0.370000 0.370000 0.370000 0.370000 0.370000 0.370000 0.370000 0.370000 0.370000 0.370000 0.370000 0.370000 0.370000 0.370000 0.370000 0.370000 0.370000 0.370000 0.370000 0.370000 0.370000 0.370000 0.370000 0.370000 0.370000 0.370000 0.370000 0.370000 0.369999 0.369997 0.369990 0.369979 0.369969 0.369969
-9999.0 0.205692 0.211784 0.210082 0.204834 0.211793 0.214192 0.221345 0.226619 0.223788 0.232934 0.269217 0.329490 0.347045 0.355601 0.360995 0.364337 0.364266 0.366198 0.368762 0.369958 0.369999 0.370000 0.370000 0.370000 0.370000 0.370000 0.370000 0.370000 0.370000 0.370000 0.370000 0.370000 0.370000 0.370000 0.370000 0.370000 0.370000 0.370000 0.370000 0.370000 0.370000 0.370000 0.370000 0.370000 0.370000 0.370000 0.370000 0.370000 0.369999 0.369999 0.369998 0.369998 0.369998 0.369996 0.369992 0.369981 0.369959 0.369920 0.369859 0.369769 0.369653 0.369653
-9999.0 0.198708 0.207254 0.199913 0.209817 0.218222 0.216051 0.228476 0.244187 0.249071 0.306003 0.343262 0.359908 0.366035 0.368742 0.369865 0.370000 0.370000 0.370000 0.370000 0.370000 0.370000 0.370000 0.370000 0.370000 0.370000 0.370000 0.370000 0.370000 0.370000 0.370000 0.370000 0.370000 0.370000 0.370000 0.370000 0.370000 0.370000 0.370000 0.370000 0.369999 0.369999 0.369999 0.369999 0.369999 0.369998 0.369997 0.369991 0.369983 0.369973 0.369959 0.369943 0.369935 0.369916 0.369909 0.369875 0.369684 0.369444 0.369138 0.368713 0.368121 0.367023 0.366864
-9999.0 0.193717 0.199607 0.204010 0.212727 0.218743 0.224602 0.238725 0.275223 0.324066 0.348783 0.357080 0.365005 0.368937 0.369936 0.370000 0.370000 0.370000 0.370000 0.370000 0.370000 0.370000 0.370000 0.370000 0.370000 0.370000 0.370000 0.369999 0.369997 0.369996 0.369996 0.369996 0.369996 0.369996 0.369995 0.369995 0.369995 0.369989 0.369981 0.369972 0.369962 0.369947 0.369934 0.369928 0.369920 0.369917 0.369884 0.369818 0.369728 0.369638 0.369531 0.369430 0.369396 0.369317 0.369203 0.368967 0.368069 0.366720 0.365185 0.363167 0.359135 0.356508 0.354504
-9999.0 0.182781 0.201773 0.204027 0.209139 0.210378 0.211267 0.221185 0.238264 0.318074 0.361002 0.363110 0.365205 0.367990 0.369744 0.369995 0.370000 0.370000 0.369999 0.369895 0.369810 0.369833 0.369899 0.369958 0.369980 0.369986 0.369982 0.369959 0.369915 0.369881 0.369861 0.369819 0.369778 0.369774 0.369753 0.369784 0.369800 0.369709 0.369563 0.369341 0.369090 0.368867 0.368788 0.368812 0.368795 0.368703 0.368443 0.368020 0.367390 0.366715 0.366108 0.365654 0.365191 0.364521 0.363724 0.362830 0.360015 0.356914 0.352407 0.345452 0.335664 0.316681 0.305831
-9999.0 -9999.0 0.192977 0.204166 0.205436 0.206905 0.208057 0.215847 0.224112 0.260136 0.319628 0.342653 0.350995 0.358741 0.365974 0.368800 0.369304 0.369441 0.368669 0.368064 0.367853 0.367948 0.368378 0.368826 0.369150 0.369302 0.369359 0.369281 0.369043 0.368602 0.367939 0.367284 0.366789 0.366404 0.366836 0.367414 0.367333 0.366963 0.366283 0.365256 0.364294 0.363187 0.362938 0.363109 0.363130 0.362820 0.362187 0.360494 0.358365 0.355933 0.354580 0.353272 0.352057 0.349929 0.347791 0.345506 0.340895 0.333934 0.311398 0.278020 0.256679 0.242003 0.235165
-9999.0 -9999.0 0.180971 0.198335 0.205937 0.211254 0.210123 0.210664 0.222448 0.227794 0.237581 0.256340 0.277762 0.311573 0.335315 0.345750 0.349427 0.350841 0.350293 0.351252 0.354341 0.357755 0.360076 0.361789 0.363084 0.363982 0.364722 0.363801 0.362755 0.360888 0.357778 0.353547 0.351052 0.349743 0.350553 0.352018 0.351135 0.349378 0.346939 0.344101 0.342058 0.339974 0.339486 0.339334 0.339310 0.338671 0.337319 0.332316 0.322079 0.312133 0.304172 0.297640 0.293977 0.287140 0.279613 0.274507 0.263775 0.252875 0.244544 0.236965 0.229387 0.225828 0.222804
-9999.0 -9999.0 -9999.0 0.182782 0.193684 0.202065 0.205281 0.200566 0.203674 0.209685 0.213946 0.220824 0.225061 0.230053 0.238974 0.252143 0.259699 0.261733 0.261220 0.277034 0.287688 0.313406 0.332963 0.337530 0.340221 0.342611 0.343288 0.341541 0.339817 0.335781 0.321599 0.298261 0.286583 0.286450 0.286693 0.289119 0.285338 0.281673 0.274476 0.267537 0.261162 0.256288 0.254421 0.252741 0.251903 0.250520 0.249092 0.246168 0.243191 0.240693 0.238580 0.238087 0.237546 0.236515 0.235202 0.234354 0.233072 0.228504 0.225451 0.222705 0.219990 0.217664 0.215513
-9999.0 -9999.0 -9999.0 -9999.0 -9999.0 0.175891 0.197375 0.201650 0.201784 0.200045 0.201974 0.209950 0.208620 0.209652 0.212988 0.214751 0.215357 0.217508 0.222263 0.226623 0.232516 0.237312 0.244763 0.252325 0.256828 0.262286 0.264182 0.259861 0.255869 0.249972 0.241983 0.235350 0.234875 0.235429 0.235724 0.235528 0.234466 0.233747 0.232718 0.230078 0.227726 0.227283 0.226958 0.226510 0.225997 0.225626 0.225313 0.225218 0.223730 0.222351 0.223169 0.222930 0.222801 0.222960 0.222360 0.222137 0.222533 0.219128 0.217307 0.218248 0.215285 0.213392 0.214136
-9999.0 -9999.0 -9999.0 -9999.0 -9999.0 -9999.0 0.173493 0.186961 0.197755 0.200709 0.205232 0.208693 0.203823 0.205482 0.207212 0.209012 0.211881 0.211686 0.212694 0.214337 0.216732 0.217897 0.220744 0.224803 0.224783 0.225822 0.228118 0.225552 0.224249 0.223579 0.218931 0.219645 0.219028 0.219571 0.219778 0.220309 0.219763 0.219267 0.219046 0.217060 0.217034 0.216568 0.216422 0.216264 0.216096 0.216042 0.216113 0.216237 0.215022 0.215791 0.216122 0.215804 0.215682 0.215973 0.215740 0.215247 0.215534 0.214137 0.214042 0.214184 0.211744 0.211910 0.211893
