tests/Borden05m/sims/sim_1/output-maps/thetaliqL0003N0004.asc
ncols         160
nrows         34
xllcorner     620200.000000
yllcorner     5168000.000000
cellsize      0.500000
NODATA_value  -9999.0
[rows 0 to 27 of 34, columns 0 to 62 of 160]
-9999.0 -9999.0 -9999.0 -9999.0 -9999.0 -9999.0 -9999.0 -9999.0 -9999.0 -9999.0 -9999.0 -9999.0 -9999.0 -9999.0 -9999.0 -9999.0 -9999.0 -9999.0 -9999.0 -9999.0 -9999.0 -9999.0 -9999.0 -9999.0 -9999.0 -9999.0 -9999.0 -9999.0 -9999.0 -9999.0 -9999.0 -9999.0 -9999.0 -9999.0 -9999.0 -9999.0 -9999.0 -9999.0 -9999.0 -9999.0 -9999.0 -9999.0 -9999.0 -9999.0 -9999.0 -9999.0 -9999.0 -9999.0 -9999.0 -9999.0 -9999.0 -9999.0 -9999.0 -9999.0 -9999.0 -9999.0 -9999.0 -9999.0 -9999.0 -9999.0 -9999.0 -9999.0 -9999.0
-9999.0 -9999.0 -9999.0 -9999.0 -9999.0 -9999.0 -9999.0 -9999.0 -9999.0 -9999.0 -9999.0 -9999.0 -9999.0 -9999.0 -9999.0 -9999.0 -9999.0 -9999.0 -9999.0 -9999.0 -9999.0 -9999.0 -9999.0 -9999.0 -9999.0 -9999.0 -9999.0 -9999.0 -9999.0 -9999.0 -9999.0 -9999.0 -9999.0 -9999.0 -9999.0 -9999.0 -9999.0 -9999.0 -9999.0 -9999.0 -9999.0 -9999.0 -9999.0 -9999.0 -9999.0 -9999.0 -9999.0 -9999.0 -9999.0 -9999.0 -9999.0 -9999.0 -9999.0 -9999.0 -9999.0 -9999.0 -9999.0 -9999.0 -9999.0 0.178790 0.176894 0.175601 0.174898
-9999.0 -9999.0 -9999.0 -9999.0 -9999.0 -9999.0 -9999.0 -9999.0 -9999.0 -9999.0 -9999.0 -9999.0 -9999.0 -9999.0 -9999.0 -9999.0 -9999.0 -9999.0 -9999.0 -9999.0 -9999.0 -9999.0 -9999.0 -9999.0 -9999.0 -9999.0 -9999.0 -9999.0 -9999.0 -9999.0 -9999.0 -9999.0 -9999.0 -9999.0 -9999.0 -9999.0 -9999.0 -9999.0 -9999.0 -9999.0 -9999.0 -9999.0 -9999.0 -9999.0 -9999.0 -9999.0 -9999.0 0.164227 0.158799 0.152473 0.150735 0.157788 0.161003 0.164037 0.166068 0.167947 0.170858 0.176282 0.175920 0.168123 0.167444 0.167304 0.167670
-9999.0 -9999.0 -9999.0 -9999.0 -9999.0 -9999.0 -9999.0 -9999.0 -9999.0 -9999.0 -9999.0 -9999.0 -9999.0 -9999.0 -9999.0 -9999.0 -9999.0 -9999.0 -9999.0 -9999.0 -9999.0 -9999.0 -9999.0 -9999.0 -9999.0 -9999.0 -9999.0 -9999.0 -9999.0 -9999.0 -9999.0 -9999.0 -9999.0 -9999.0 -9999.0 -9999.0 -9999.0 -9999.0 -9999.0 -9999.0 0.163690 0.166218 0.168319 0.164640 0.163111 0.163405 0.159579 0.155223 0.150884 0.152225 0.152313 0.149243 0.153992 0.157941 0.159322 0.160449 0.163901 0.170012 0.169612 0.163888 0.160517 0.159460 0.160182
-9999.0 -9999.0 -9999.0 -9999.0 -9999.0 -9999.0 -9999.0 -9999.0 -9999.0 -9999.0 -9999.0 -9999.0 -9999.0 -9999.0 -9999.0 -9999.0 -9999.0 -9999.0 -9999.0 -9999.0 -9999.0 -9999.0 -9999.0 -9999.0 -9999.0 -9999.0 -9999.0 -9999.0 -9999.0 -9999.0 -9999.0 -9999.0 -9999.0 -9999.0 0.152420 0.156965 0.158996 0.160941 0.163934 0.162897 0.162007 0.164219 0.162222 0.162149 0.159701 0.155179 0.150786 0.148389 0.151022 0.150171 0.150168 0.152406 0.153816 0.154329 0.157546 0.162833 0.160148 0.161382 0.160638 0.158352 0.160635 0.162477 0.163650
-9999.0 -9999.0 -9999.0 -9999.0 -9999.0 -9999.0 -9999.0 -9999.0 -9999.0 -9999.0 -9999.0 -9999.0 -9999.0 -9999.0 -9999.0 -9999.0 -9999.0 -9999.0 -9999.0 -9999.0 -9999.0 -9999.0 -9999.0 -9999.0 -9999.0 -9999.0 -9999.0 -9999.0 0.159305 0.157483 0.156106 0.156209 0.155578 0.153116 0.152474 0.152893 0.155292 0.159259 0.159905 0.159394 0.159694 0.158731 0.156041 0.155778 0.158767 0.156018 0.154752 0.152997 0.148580 0.147503 0.149992 0.152415 0.154522 0.155021 0.155303 0.155167 0.155559 0.162105 0.163708 0.160104 0.158197 0.157369 0.157930
-9999.0 -9999.0 -9999.0 -9999.0 -9999.0 -9999.0 -9999.0 -9999.0 -9999.0 -9999.0 -9999.0 -9999.0 -9999.0 -9999.0 -9999.0 -9999.0 -9999.0 -9999.0 -9999.0 -9999.0 -9999.0 -9999.0 -9999.0 0.156146 0.157826 0.158449 0.159945 0.159179 0.155624 0.153403 0.152461 0.151683 0.149849 0.149645 0.149586 0.150737 0.151579 0.155668 0.153580 0.152236 0.155733 0.154890 0.157276 0.159994 0.159347 0.159939 0.154907 0.151244 0.155069 0.156618 0.156406 0.155505 0.156737 0.158379 0.160434 0.164050 0.168688 0.172534 0.178994 0.174565 0.171544 0.166174 0.166766
-9999.0 -9999.0 -9999.0 -9999.0 -9999.0 -9999.0 -9999.0 -9999.0 -9999.0 -9999.0 -9999.0 -9999.0 -9999.0 -9999.0 -9999.0 -9999.0 -9999.0 -9999.0 -9999.0 0.156273 0.155760 0.154737 0.155151 0.151808 0.150415 0.151347 0.153126 0.152079 0.150189 0.148596 0.148795 0.149019 0.148624 0.151074 0.153079 0.153726 0.153124 0.156327 0.157250 0.159058 0.164002 0.160711 0.157552 0.155917 0.155787 0.154830 0.157662 0.158516 0.158750 0.158317 0.158289 0.158978 0.159344 0.163195 0.166717 0.169546 0.172104 0.175754 0.182915 0.179624 0.173980 0.167982 0.167997
-9999.0 -9999.0 -9999.0 -9999.0 -9999.0 -9999.0 -9999.0 -9999.0 -9999.0 -9999.0 -9999.0 -9999.0 -9999.0 -9999.0 -9999.0 -9999.0 0.155810 0.155536 0.154279 0.152245 0.150505 0.150479 0.151846 0.149410 0.148609 0.149151 0.148079 0.149286 0.150589 0.152158 0.152865 0.151095 0.151393 0.151112 0.150874 0.151626 0.155204 0.158548 0.159179 0.161589 0.166062 0.163396 0.162318 0.162465 0.160771 0.162002 0.168688 0.167387 0.164126 0.170979 0.174537 0.172855 0.171930 0.176273 0.182785 0.190696 0.203647 0.211090 0.220089 0.222983 0.212610 0.210754 0.213757
-9999.0 -9999.0 -9999.0 -9999.0 -9999.0 -9999.0 -9999.0 -9999.0 -9999.0 -9999.0 -9999.0 -9999.0 -9999.0 0.155136 0.154883 0.155269 0.152096 0.149664 0.148217 0.146207 0.148815 0.146957 0.146373 0.146814 0.149148 0.149189 0.149440 0.150908 0.150378 0.149647 0.148939 0.147455 0.149342 0.151246 0.152544 0.155356 0.157496 0.159091 0.162251 0.162732 0.164810 0.163803 0.161153 0.160570 0.162538 0.168504 0.172920 0.173978 0.182026 0.190178 0.193237 0.197873 0.199511 0.201788 0.208154 0.226623 0.246039 0.262504 0.272071 0.284675 0.285893 0.288639 0.290716
-9999.0 -9999.0 -9999.0 -9999.0 -9999.0 -9999.0 -9999.0 -9999.0 -9999.0 -9999.0 0.150156 0.151801 0.149382 0.144977 0.143134 0.144129 0.145196 0.143583 0.143655 0.148220 0.150791 0.146436 0.149399 0.149440 0.147585 0.148030 0.149221 0.149372 0.152200 0.152261 0.152207 0.156913 0.158068 0.159324 0.161092 0.162996 0.164502 0.171751 0.177954 0.177206 0.185997 0.191378 0.186239 0.184278 0.185162 0.190736 0.199697 0.211942 0.220930 0.234778 0.246456 0.253617 0.258786 0.265812 0.275059 0.296099 0.322964 0.345163 0.364574 0.369658 0.369906 0.369939 0.369949
-9999.0 -9999.0 -9999.0 -9999.0 -9999.0 -9999.0 -9999.0 -9999.0 0.143757 0.146261 0.147849 0.145849 0.143232 0.138602 0.140368 0.142094 0.143278 0.145080 0.145935 0.146647 0.145510 0.147045 0.149960 0.149118 0.149414 0.151324 0.151321 0.152992 0.155639 0.154180 0.155492 0.157854 0.159920 0.161776 0.164030 0.165207 0.172391 0.182001 0.192050 0.199961 0.211208 0.224725 0.221796 0.222533 0.222263 0.237442 0.255003 0.274300 0.297332 0.320043 0.340392 0.350768 0.357747 0.366154 0.369738 0.369935 0.369984 0.369998 0.370000 0.370000 0.370000 0.370000 0.370000
-9999.0 -9999.0 -9999.0 -9999.0 -9999.0 -9999.0 0.140074 0.145511 0.148238 0.142011 0.137410 0.135927 0.133332 0.139171 0.144514 0.145541 0.146345 0.147315 0.146754 0.143098 0.151473 0.149102 0.147356 0.149851 0.149621 0.149814 0.151404 0.155075 0.156551 0.163991 0.169234 0.173681 0.180002 0.183613 0.187278 0.191228 0.202987 0.218786 0.236120 0.251586 0.267206 0.286801 0.295245 0.300548 0.307532 0.319209 0.339342 0.362793 0.369799 0.369982 0.369997 0.369999 0.370000 0.370000 0.370000 0.370000 0.370000 0.370000 0.370000 0.370000 0.370000 0.370000 0.370000
-9999.0 -9999.0 -9999.0 -9999.0 0.142935 0.144174 0.143177 0.148041 0.151511 0.143828 0.146555 0.145208 0.142747 0.139837 0.136471 0.138924 0.140380 0.141381 0.140893 0.148862 0.156056 0.151180 0.154656 0.161733 0.159931 0.160647 0.160917 0.163986 0.169602 0.176601 0.193362 0.207852 0.215832 0.224916 0.233101 0.243873 0.260459 0.282794 0.309481 0.334879 0.357222 0.369311 0.369902 0.369957 0.369978 0.369990 0.369997 0.370000 0.370000 0.370000 0.370000 0.370000 0.370000 0.370000 0.370000 0.370000 0.370000 0.370000 0.370000 0.370000 0.370000 0.370000 0.370000
-9999.0 -9999.0 -9999.0 0.139550 0.144932 0.146993 0.144369 0.145369 0.149609 0.145439 0.144704 0.143981 0.143544 0.143629 0.143295 0.144786 0.145098 0.144032 0.145156 0.149940 0.151980 0.155826 0.158676 0.163105 0.166987 0.168319 0.170405 0.175860 0.190203 0.204145 0.228060 0.258170 0.282239 0.300447 0.312870 0.328372 0.343211 0.366000 0.369849 0.369989 0.370000 0.370000 0.370000 0.370000 0.370000 0.370000 0.370000 0.370000 0.370000 0.370000 0.370000 0.370000 0.370000 0.370000 0.370000 0.370000 0.370000 0.370000 0.370000 0.370000 0.370000 0.370000 0.370000
-9999.0 -9999.0 0.140379 0.143476 0.141389 0.145247 0.149708 0.146590 0.151934 0.153658 0.148208 0.151240 0.152787 0.149364 0.151419 0.153751 0.155047 0.151047 0.148263 0.153744 0.166275 0.176194 0.179433 0.204299 0.216319 0.224162 0.226113 0.236804 0.251533 0.280306 0.315997 0.349404 0.369169 0.369913 0.369967 0.369986 0.369997 0.370000 0.370000 0.370000 0.370000 0.370000 0.370000 0.370000 0.370000 0.370000 0.370000 0.370000 0.370000 0.370000 0.370000 0.370000 0.370000 0.370000 0.370000 0.370000 0.370000 0.370000 0.370000 0.370000 0.370000 0.370000 0.370000
-9999.0 -9999.0 0.136922 0.141912 0.138456 0.146348 0.154273 0.146627 0.148923 0.157032 0.154746 0.155631 0.154195 0.154239 0.157518 0.164515 0.160869 0.159686 0.151849 0.170164 0.185918 0.210092 0.252587 0.289248 0.312126 0.313569 0.314394 0.324100 0.341362 0.368294 0.369928 0.369998 0.370000 0.370000 0.370000 0.370000 0.370000 0.370000 0.370000 0.370000 0.370000 0.370000 0.370000 0.370000 0.370000 0.370000 0.370000 0.370000 0.370000 0.370000 0.370000 0.370000 0.370000 0.370000 0.370000 0.370000 0.370000 0.370000 0.370000 0.370000 0.370000 0.370000 0.370000
-9999.0 0.135620 0.138085 0.138278 0.143403 0.141752 0.147927 0.157326 0.156922 0.160413 0.160362 0.154341 0.171940 0.187573 0.191674 0.205263 0.198725 0.195024 0.184364 0.200556 0.225422 0.289241 0.366030 0.369849 0.369971 0.369975 0.369965 0.369980 0.369996 0.370000 0.370000 0.370000 0.370000 0.370000 0.370000 0.370000 0.370000 0.370000 0.370000 0.370000 0.370000 0.370000 0.370000 0.370000 0.370000 0.370000 0.370000 0.370000 0.370000 0.370000 0.370000 0.370000 0.370000 0.370000 0.370000 0.370000 0.370000 0.370000 0.370000 0.370000 0.370000 0.370000 0.370000
-9999.0 0.128589 0.137673 0.143473 0.141279 0.137179 0.151160 0.175315 0.166032 0.163340 0.161475 0.172988 0.212216 0.245633 0.268570 0.296000 0.293188 0.282994 0.281982 0.303001 0.339510 0.369385 0.370000 0.370000 0.370000 0.370000 0.370000 0.370000 0.370000 0.370000 0.370000 0.370000 0.370000 0.370000 0.370000 0.370000 0.370000 0.370000 0.370000 0.370000 0.370000 0.370000 0.370000 0.370000 0.370000 0.370000 0.370000 0.370000 0.370000 0.370000 0.370000 0.370000 0.370000 0.370000 0.370000 0.370000 0.370000 0.370000 0.370000 0.370000 0.370000 0.370000 0.370000
-9999.0 0.135612 0.146846 0.143904 0.134711 0.148002 0.153805 0.169942 0.182522 0.177090 0.190775 0.239420 0.303901 0.358725 0.369677 0.369927 0.369956 0.369930 0.369953 0.369992 0.370000 0.370000 0.370000 0.370000 0.370000 0.370000 0.370000 0.370000 0.370000 0.370000 0.370000 0.370000 0.370000 0.370000 0.370000 0.370000 0.370000 0.370000 0.370000 0.370000 0.370000 0.370000 0.370000 0.370000 0.370000 0.370000 0.370000 0.370000 0.370000 0.370000 0.370000 0.370000 0.370000 0.370000 0.370000 0.370000 0.370000 0.370000 0.370000 0.370000 0.370000 0.370000 0.370000
-9999.0 0.123685 0.138175 0.125802 0.142963 0.160315 0.157274 0.184832 0.218403 0.220758 0.277095 0.346227 0.369868 0.370000 0.370000 0.370000 0.370000 0.370000 0.370000 0.370000 0.370000 0.370000 0.370000 0.370000 0.370000 0.370000 0.370000 0.370000 0.370000 0.370000 0.370000 0.370000 0.370000 0.370000 0.370000 0.370000 0.370000 0.370000 0.370000 0.370000 0.370000 0.370000 0.370000 0.370000 0.370000 0.370000 0.370000 0.370000 0.370000 0.370000 0.370000 0.370000 0.370000 0.370000 0.370000 0.370000 0.370000 0.370000 0.370000 0.370000 0.370000 0.370000 0.370000
-9999.0 0.116130 0.124974 0.132104 0.147902 0.160577 0.173492 0.204695 0.270257 0.305786 0.355131 0.369711 0.370000 0.370000 0.370000 0.370000 0.370000 0.370000 0.370000 0.370000 0.370000 0.370000 0.370000 0.370000 0.370000 0.370000 0.370000 0.370000 0.370000 0.370000 0.370000 0.370000 0.370000 0.370000 0.370000 0.370000 0.370000 0.370000 0.370000 0.370000 0.370000 0.370000 0.370000 0.370000 0.370000 0.370000 0.370000 0.370000 0.370000 0.370000 0.370000 0.370000 0.370000 0.370000 0.370000 0.370000 0.370000 0.370000 0.369999 0.369990 0.369900 0.369181 0.364533
-9999.0 0.102022 0.128315 0.131945 0.141036 0.143923 0.146486 0.167501 0.200818 0.303479 0.369323 0.369972 0.370000 0.370000 0.370000 0.370000 0.370000 0.370000 0.370000 0.370000 0.370000 0.370000 0.370000 0.370000 0.370000 0.370000 0.370000 0.370000 0.370000 0.370000 0.370000 0.370000 0.370000 0.370000 0.370000 0.370000 0.370000 0.370000 0.370000 0.370000 0.370000 0.370000 0.370000 0.370000 0.370000 0.370000 0.370000 0.370000 0.370000 0.370000 0.370000 0.370000 0.369999 0.369998 0.369994 0.369983 0.369875 0.367425 0.349105 0.325702 0.293803 0.273226 0.272140
-9999.0 -9999.0 0.114789 0.132159 0.134343 0.137271 0.139895 0.155692 0.172991 0.240189 0.295611 0.344681 0.369262 0.369952 0.369998 0.370000 0.370000 0.370000 0.370000 0.370000 0.370000 0.370000 0.370000 0.370000 0.370000 0.370000 0.370000 0.370000 0.370000 0.370000 0.370000 0.370000 0.370000 0.370000 0.370000 0.370000 0.370000 0.370000 0.369999 0.369998 0.369995 0.369991 0.369989 0.369990 0.369991 0.369989 0.369986 0.369969 0.369890 0.368786 0.364159 0.359506 0.354853 0.347202 0.338898 0.328759 0.309637 0.290160 0.274948 0.252475 0.230500 0.210121 0.197674
-9999.0 -9999.0 0.099934 0.122596 0.135040 0.144812 0.142980 0.144177 0.168500 0.179545 0.196290 0.223188 0.254823 0.288523 0.317021 0.348035 0.359983 0.364129 0.363720 0.366944 0.369797 0.369949 0.369973 0.369983 0.369990 0.369994 0.369996 0.369993 0.369986 0.369964 0.369806 0.366194 0.356792 0.351998 0.355383 0.360382 0.358183 0.351843 0.342399 0.330978 0.321700 0.312292 0.309285 0.308511 0.308503 0.306466 0.303207 0.294101 0.282529 0.274335 0.269044 0.264648 0.263006 0.258033 0.251989 0.249311 0.238796 0.227218 0.216758 0.203969 0.189403 0.182084 0.175347
-9999.0 -9999.0 -9999.0 0.102007 0.115801 0.128442 0.133900 0.126121 0.131204 0.142240 0.150709 0.164273 0.172689 0.181875 0.194624 0.214534 0.225750 0.227730 0.224539 0.249120 0.260231 0.281985 0.299637 0.307070 0.316815 0.326315 0.328981 0.322266 0.314770 0.302336 0.284112 0.265591 0.256097 0.257155 0.257615 0.260873 0.257211 0.254326 0.246923 0.239505 0.232146 0.226647 0.225235 0.223219 0.222353 0.220748 0.219481 0.216138 0.212246 0.208292 0.204675 0.204146 0.203399 0.201834 0.199732 0.198531 0.196588 0.187593 0.181226 0.175260 0.169263 0.163998 0.159158
-9999.0 -9999.0 -9999.0 -9999.0 -9999.0 0.094701 0.120948 0.127844 0.128032 0.125332 0.128674 0.142941 0.140898 0.143148 0.149461 0.152625 0.153994 0.158765 0.169051 0.178244 0.190754 0.199750 0.212264 0.223579 0.228222 0.235197 0.237749 0.231791 0.227593 0.220916 0.209476 0.197975 0.197703 0.198932 0.199500 0.198960 0.196937 0.195705 0.194021 0.188997 0.184543 0.183969 0.183447 0.182563 0.181480 0.180724 0.180116 0.180012 0.176996 0.174197 0.175915 0.175418 0.175134 0.175436 0.174140 0.173559 0.174209 0.166989 0.162989 0.164546 0.158171 0.154059 0.155175
-9999.0 -9999.0 -9999.0 -9999.0 -9999.0 -9999.0 0.092428 0.106689 0.121591 0.126318 0.133878 0.140057 0.131800 0.134870 0.138150 0.141788 0.147723 0.147946 0.150409 0.154146 0.159471 0.162378 0.168568 0.177224 0.177209 0.179234 0.184052 0.179000 0.176595 0.175548 0.166311 0.167879 0.166585 0.167631 0.167989 0.168996 0.167819 0.166755 0.166284 0.162292 0.162244 0.161260 0.160904 0.160511 0.160096 0.159916 0.160002 0.160212 0.157798 0.159347 0.159989 0.159347 0.159067 0.159569 0.159000 0.157874 0.158261 0.155347 0.154976 0.155015 0.150058 0.150160 0.149869
