tests/Borden05m/sims/sim_1/output-maps/thetaliqL0002N0009.asc
ncols         160
nrows         34
xllcorner     620200.000000
yllcorner     5168000.000000
cellsize      0.500000
NODATA_value  -9999.0
[rows 0 to 27 of 34, columns 63 to 125 of 160]
-9999.0 -9999.0 -9999.0 -9999.0 -9999.0 -9999.0 -9999.0 -9999.0 -9999.0 -9999.0 -9999.0 -9999.0 -9999.0 -9999.0 -9999.0 -9999.0 -9999.0 -9999.0 -9999.0 -9999.0 -9999.0 -9999.0 -9999.0 -9999.0 -9999.0 -9999.0 -9999.0 -9999.0 -9999.0 -9999.0 -9999.0 -9999.0 -9999.0 -9999.0 -9999.0 -9999.0 -9999.0 -9999.0 -9999.0 -9999.0 -9999.0 -9999.0 -9999.0 -9999.0 -9999.0 -9999.0 -9999.0 -9999.0 -9999.0 -9999.0 -9999.0 -9999.0 -9999.0 -9999.0 -9999.0 -9999.0 -9999.0 -9999.0 -9999.0 -9999.0 -9999.0 -9999.0 -9999.0
0.253631 0.252665 0.251438 0.251336 0.251550 0.251307 0.250708 0.251354 0.252157 0.252805 0.253812 0.253480 0.253541 0.253937 0.254049 0.253883 0.253425 0.253172 0.252854 0.253525 0.252071 0.250161 0.248697 0.248429 0.249786 0.250533 0.250285 0.250908 0.252347 0.253496 0.253680 0.255078 0.254571 0.255085 0.256144 0.255329 0.255244 0.255534 0.256063 0.253886 -9999.0 -9999.0 -9999.0 -9999.0 -9999.0 -9999.0 -9999.0 -9999.0 -9999.0 -9999.0 -9999.0 -9999.0 -9999.0 -9999.0 -9999.0 -9999.0 -9999.0 -9999.0 -9999.0 -9999.0 -9999.0 -9999.0 -9999.0
0.250532 0.249014 0.248740 0.247571 0.247047 0.246900 0.246368 0.246669 0.248603 0.249928 0.250222 0.249811 0.249568 0.249065 0.248739 0.248867 0.248419 0.248029 0.247606 0.247825 0.249224 0.247801 0.247121 0.246396 0.245553 0.245811 0.246015 0.246046 0.247824 0.248352 0.248624 0.250946 0.253105 0.253576 0.252586 0.251614 0.252043 0.252167 0.251425 0.250741 0.251094 0.250827 0.250767 0.249908 0.251238 0.251046 0.252405 0.253469 0.254714 0.256755 -9999.0 -9999.0 -9999.0 -9999.0 -9999.0 -9999.0 -9999.0 -9999.0 -9999.0 -9999.0 -9999.0 -9999.0 -9999.0
0.248294 0.247809 0.246650 0.244781 0.246791 0.246457 0.246220 0.246528 0.247145 0.247386 0.247641 0.247998 0.249696 0.249462 0.249272 0.249372 0.249091 0.248561 0.248678 0.248424 0.246937 0.247220 0.247604 0.247234 0.248694 0.248740 0.249635 0.246984 0.247352 0.247835 0.248087 0.248166 0.248318 0.248703 0.247542 0.248490 0.247781 0.246019 0.245851 0.246314 0.248231 0.249242 0.248332 0.244699 0.246603 0.250558 0.250075 0.249243 0.250989 0.252679 0.255291 0.254822 0.254569 0.254906 0.255557 0.253517 0.252397 0.251689 0.248626 -9999.0 -9999.0 -9999.0 -9999.0
0.248177 0.246857 0.245185 0.248323 0.249475 0.248635 0.248947 0.249871 0.249969 0.245976 0.244918 0.246344 0.247791 0.248337 0.247534 0.247148 0.246440 0.246491 0.246986 0.246613 0.247245 0.247732 0.246927 0.247845 0.248920 0.250050 0.247630 0.245450 0.245597 0.247402 0.248622 0.249097 0.250801 0.253674 0.253161 0.252632 0.252617 0.252737 0.249571 0.246604 0.245479 0.245021 0.244142 0.245022 0.244299 0.247520 0.247186 0.246578 0.247982 0.248965 0.250303 0.251277 0.251078 0.251515 0.252151 0.251750 0.250405 0.249885 0.249714 0.248682 0.246098 0.240790 0.241197
0.244383 0.244323 0.246987 0.248209 0.250545 0.249361 0.249353 0.249251 0.246667 0.244782 0.243421 0.247401 0.250441 0.251282 0.250247 0.249350 0.252211 0.251384 0.251133 0.249460 0.250035 0.249563 0.252431 0.253411 0.254927 0.254321 0.251452 0.249051 0.248991 0.249232 0.248825 0.249362 0.251001 0.253188 0.251385 0.250870 0.251559 0.246801 0.243210 0.242194 0.245397 0.247234 0.247030 0.247433 0.247709 0.245612 0.246176 0.246424 0.245332 0.247674 0.249990 0.250157 0.248016 0.247351 0.248491 0.248520 0.248991 0.248326 0.247555 0.247122 0.242239 0.244097 0.241334
0.249384 0.250233 0.251338 0.253635 0.258563 0.257080 0.257251 0.259019 0.256226 0.253704 0.249588 0.254130 0.254845 0.256056 0.255565 0.258918 0.261956 0.260148 0.257721 0.254637 0.256464 0.260303 0.263799 0.264417 0.264715 0.265419 0.262861 0.262391 0.261970 0.262339 0.260468 0.260391 0.262905 0.267519 0.268056 0.266054 0.261978 0.255586 0.249765 0.246730 0.251255 0.250112 0.249681 0.250629 0.248235 0.246963 0.249443 0.247543 0.246043 0.249344 0.249524 0.248922 0.246129 0.249550 0.249185 0.246752 0.245293 0.244691 0.244266 0.243157 0.244597 0.243940 0.241637
0.250163 0.250912 0.254495 0.259474 0.265069 0.267962 0.270962 0.274620 0.271760 0.268955 0.265688 0.266315 0.270024 0.273609 0.278347 0.284392 0.290771 0.289898 0.287390 0.287355 0.288474 0.294032 0.298999 0.300935 0.302255 0.305121 0.303422 0.300177 0.296355 0.292360 0.288684 0.285460 0.290039 0.294978 0.293734 0.283024 0.274297 0.266161 0.258655 0.250243 0.250692 0.252433 0.254193 0.251239 0.250162 0.247664 0.247440 0.248094 0.244985 0.246848 0.247075 0.249189 0.252593 0.253586 0.250884 0.249655 0.248208 0.246579 0.245253 0.246705 0.247339 0.245919 0.244394
0.278295 0.279747 0.284695 0.297162 0.314425 0.333541 0.352479 0.354867 0.349719 0.340278 0.327679 0.321781 0.330217 0.342155 0.354282 0.358157 0.359326 0.359953 0.359952 0.359973 0.360096 0.360199 0.360473 0.360830 0.361198 0.361650 0.361842 0.361319 0.360816 0.360252 0.359707 0.359605 0.359386 0.359734 0.359575 0.357151 0.340745 0.317439 0.300526 0.287456 0.276361 0.276507 0.272278 0.269058 0.265503 0.256610 0.254613 0.253724 0.246226 0.245532 0.247910 0.251051 0.253588 0.249359 0.247865 0.246625 0.245154 0.243001 0.244443 0.246152 0.246805 0.246440 0.246501
0.350442 0.355554 0.357849 0.360193 0.362504 0.364869 0.366659 0.367162 0.366553 0.365718 0.364706 0.363963 0.364207 0.365420 0.366676 0.367517 0.367915 0.368042 0.367992 0.368000 0.368024 0.368102 0.368126 0.368220 0.368382 0.368663 0.368994 0.368960 0.368577 0.368227 0.367725 0.367520 0.367449 0.367191 0.367132 0.367046 0.365354 0.363206 0.361053 0.358587 0.353140 0.330553 0.316489 0.307369 0.291008 0.276072 0.264061 0.256584 0.249477 0.248200 0.256676 0.264636 0.260404 0.259277 0.257390 0.253826 0.251041 0.247036 0.248111 0.249099 0.248775 0.248326 0.247725
0.366535 0.367020 0.367449 0.368035 0.368967 0.369606 0.369844 0.369863 0.369821 0.369757 0.369628 0.369544 0.369500 0.369582 0.369674 0.369793 0.369858 0.369914 0.369920 0.369920 0.369918 0.369921 0.369923 0.369918 0.369935 0.369956 0.369971 0.369975 0.369963 0.369922 0.369854 0.369813 0.369754 0.369667 0.369632 0.369617 0.369599 0.369313 0.368671 0.367312 0.365778 0.363733 0.362484 0.361426 0.360579 0.357200 0.345407 0.320015 0.301721 0.286559 0.294552 0.285776 0.280671 0.275629 0.269213 0.264279 0.259881 0.255095 0.255002 0.255410 0.254611 0.254592 0.253769
0.369773 0.369830 0.369886 0.369941 0.369977 0.369999 0.370000 0.370000 0.370000 0.370000 0.369999 0.370000 0.369998 0.370000 0.369999 0.370000 0.370000 0.370000 0.370000 0.370000 0.370000 0.370000 0.370000 0.370000 0.370000 0.370000 0.370000 0.370000 0.370000 0.370000 0.370000 0.370000 0.369999 0.369994 0.369990 0.369987 0.369986 0.369976 0.369938 0.369793 0.369416 0.368900 0.368426 0.368041 0.367767 0.367496 0.366532 0.364537 0.361999 0.359665 0.358135 0.354012 0.338216 0.316981 0.302124 0.292511 0.278122 0.267055 0.261575 0.260930 0.260158 0.259168 0.257503
0.370000 0.370000 0.370000 0.370000 0.370000 0.370000 0.370000 0.370000 0.370000 0.370000 0.370000 0.370000 0.370000 0.370000 0.370000 0.370000 0.370000 0.370000 0.370000 0.370000 0.370000 0.370000 0.370000 0.370000 0.370000 0.370000 0.370000 0.370000 0.370000 0.370000 0.370000 0.370000 0.370000 0.370000 0.370000 0.370000 0.370000 0.370000 0.370000 0.369999 0.369982 0.369925 0.369873 0.369824 0.369787 0.369753 0.369620 0.369348 0.368888 0.368026 0.366529 0.365820 0.364364 0.362174 0.360613 0.359370 0.352783 0.319721 0.301989 0.294307 0.282570 0.274697 0.270425
0.370000 0.370000 0.370000 0.370000 0.370000 0.370000 0.370000 0.370000 0.370000 0.370000 0.370000 0.370000 0.370000 0.370000 0.370000 0.370000 0.370000 0.370000 0.370000 0.370000 0.370000 0.370000 0.370000 0.370000 0.370000 0.370000 0.370000 0.370000 0.370000 0.370000 0.370000 0.370000 0.370000 0.370000 0.370000 0.370000 0.370000 0.370000 0.370000 0.370000 0.370000 0.370000 0.370000 0.369997 0.369996 0.369995 0.369993 0.369980 0.369929 0.369773 0.369396 0.369026 0.368705 0.368460 0.368205 0.367791 0.366168 0.363155 0.360757 0.358665 0.348365 0.321314 0.306151
0.370000 0.370000 0.370000 0.370000 0.370000 0.370000 0.370000 0.370000 0.370000 0.370000 0.370000 0.370000 0.370000 0.370000 0.370000 0.370000 0.370000 0.370000 0.370000 0.370000 0.370000 0.370000 0.370000 0.370000 0.370000 0.370000 0.370000 0.370000 0.370000 0.370000 0.370000 0.370000 0.370000 0.370000 0.370000 0.370000 0.370000 0.370000 0.370000 0.370000 0.370000 0.370000 0.370000 0.370000 0.370000 0.370000 0.370000 0.370000 0.369999 0.369993 0.369969 0.369890 0.369841 0.369809 0.369767 0.369711 0.369328 0.368612 0.367607 0.366557 0.364944 0.362560 0.360502
0.370000 0.370000 0.370000 0.370000 0.370000 0.370000 0.370000 0.370000 0.370000 0.370000 0.370000 0.370000 0.370000 0.370000 0.370000 0.370000 0.370000 0.370000 0.370000 0.370000 0.370000 0.370000 0.370000 0.370000 0.370000 0.370000 0.370000 0.370000 0.370000 0.370000 0.370000 0.370000 0.370000 0.370000 0.370000 0.370000 0.370000 0.370000 0.370000 0.370000 0.370000 0.370000 0.370000 0.370000 0.370000 0.370000 0.370000 0.370000 0.370000 0.370000 0.370000 0.369998 0.369996 0.369995 0.369993 0.369991 0.369962 0.369854 0.369597 0.369177 0.368588 0.367879 0.367032
0.370000 0.370000 0.370000 0.370000 0.370000 0.370000 0.370000 0.370000 0.370000 0.370000 0.370000 0.369999 0.369997 0.369993 0.369982 0.369977 0.369975 0.369978 0.369989 0.369996 0.369997 0.369994 0.369989 0.369976 0.369960 0.369954 0.369960 0.369978 0.369992 0.369997 0.369997 0.369995 0.369991 0.369988 0.369987 0.369991 0.369997 0.370000 0.370000 0.370000 0.370000 0.370000 0.370000 0.370000 0.370000 0.370000 0.370000 0.370000 0.370000 0.370000 0.370000 0.370000 0.370000 0.370000 0.370000 0.370000 0.369999 0.369994 0.369970 0.369900 0.369784 0.369632 0.369334
0.370000 0.370000 0.370000 0.369999 0.369998 0.369995 0.369989 0.369989 0.369988 0.369988 0.369975 0.369951 0.369887 0.369811 0.369701 0.369638 0.369597 0.369554 0.369659 0.369800 0.369856 0.369751 0.369658 0.369487 0.369377 0.369324 0.369349 0.369495 0.369744 0.369860 0.369883 0.369839 0.369789 0.369761 0.369754 0.369792 0.369884 0.369951 0.369982 0.369991 0.369995 0.369997 0.369999 0.370000 0.370000 0.370000 0.370000 0.370000 0.370000 0.370000 0.370000 0.370000 0.370000 0.370000 0.370000 0.370000 0.370000 0.370000 0.370000 0.369995 0.369984 0.369961 0.369926
0.369995 0.369992 0.369982 0.369887 0.369811 0.369691 0.369548 0.369487 0.369352 0.369275 0.369069 0.368900 0.368612 0.368211 0.367751 0.367304 0.367212 0.367084 0.366912 0.367345 0.367529 0.367380 0.367051 0.366638 0.366416 0.366283 0.366542 0.367202 0.367675 0.368059 0.368191 0.367946 0.368100 0.368274 0.368250 0.368718 0.369064 0.369384 0.369649 0.369817 0.369874 0.369907 0.369940 0.369971 0.369990 0.369997 0.370000 0.370000 0.370000 0.370000 0.370000 0.370000 0.370000 0.370000 0.370000 0.370000 0.370000 0.370000 0.370000 0.370000 0.370000 0.369999 0.369997
0.369898 0.369874 0.369650 0.368974 0.368158 0.367634 0.366866 0.366322 0.365338 0.363512 0.362547 0.362004 0.362173 0.361452 0.360429 0.359585 0.359238 0.358929 0.357761 0.356491 0.357358 0.358489 0.357317 0.355453 0.355350 0.354513 0.355523 0.358275 0.359556 0.360071 0.360557 0.361005 0.361242 0.361680 0.363592 0.365036 0.366171 0.367087 0.367874 0.368571 0.369021 0.369241 0.369445 0.369663 0.369796 0.369900 0.369963 0.369992 0.369998 0.369999 0.370000 0.370000 0.370000 0.370000 0.370000 0.370000 0.370000 0.370000 0.370000 0.370000 0.370000 0.370000 0.370000
0.368702 0.368449 0.367008 0.364442 0.361799 0.360346 0.358573 0.355580 0.338332 0.317261 0.307998 0.308261 0.310801 0.307824 0.300487 0.294435 0.290235 0.285960 0.279983 0.276607 0.279773 0.283036 0.282115 0.281308 0.282193 0.281858 0.281760 0.283197 0.289711 0.293769 0.297736 0.300735 0.302636 0.313844 0.329182 0.347230 0.358079 0.360267 0.362127 0.364376 0.366052 0.366792 0.367515 0.368188 0.368760 0.369191 0.369559 0.369815 0.369918 0.369955 0.369977 0.369990 0.369997 0.370000 0.370000 0.370000 0.370000 0.370000 0.370000 0.370000 0.370000 0.370000 0.370000
0.363121 0.361214 0.357635 0.337338 0.313036 0.301064 0.291035 0.281870 0.273106 0.266290 0.262151 0.265172 0.266510 0.269092 0.265111 0.262037 0.261511 0.258763 0.256372 0.252928 0.255760 0.256785 0.259867 0.259278 0.259190 0.260606 0.259881 0.259806 0.257768 0.260079 0.261148 0.262329 0.267762 0.272846 0.278452 0.284095 0.292786 0.303611 0.317791 0.341288 0.357911 0.360340 0.362025 0.364195 0.365831 0.366784 0.367644 0.368491 0.369071 0.369391 0.369633 0.369773 0.369902 0.369972 0.369994 0.370000 0.370000 0.370000 0.370000 0.370000 0.370000 0.370000 0.370000
0.311091 0.298622 0.282044 0.272200 0.267841 0.263452 0.260344 0.258091 0.254129 0.251549 0.247043 0.248969 0.251393 0.254995 0.251975 0.251686 0.252524 0.250957 0.249307 0.246311 0.246738 0.249040 0.251780 0.251416 0.251861 0.253484 0.253542 0.252262 0.249528 0.250075 0.251560 0.252840 0.255664 0.258172 0.260651 0.262792 0.266299 0.270705 0.275756 0.283145 0.294664 0.304254 0.318853 0.344324 0.358217 0.360119 0.361469 0.363652 0.365509 0.366792 0.367653 0.368188 0.368986 0.369538 0.369862 0.369972 0.369996 0.369999 0.370000 0.370000 0.370000 0.370000 0.370000
0.260690 0.255770 0.254239 0.252587 0.250751 0.249342 0.247769 0.246371 0.245315 0.243292 0.238701 0.240730 0.243374 0.246400 0.246507 0.246236 0.246598 0.246022 0.244015 0.240245 0.241818 0.243967 0.245860 0.246338 0.246606 0.247837 0.246903 0.245025 0.242256 0.243340 0.245240 0.246081 0.247148 0.248864 0.250671 0.252423 0.254521 0.256619 0.259689 0.263308 0.267765 0.272992 0.279200 0.287949 0.295181 0.303437 0.312076 0.327959 0.351662 0.358777 0.360958 0.362988 0.365749 0.367647 0.368872 0.369537 0.369849 0.369940 0.369975 0.369990 0.369998 0.370000 0.370000
0.251636 0.248964 0.247434 0.246242 0.247412 0.247003 0.245091 0.245507 0.244604 0.240926 0.242475 0.243578 0.246662 0.245984 0.245792 0.245064 0.245626 0.245199 0.241494 0.243448 0.244186 0.246232 0.246446 0.246769 0.247018 0.247351 0.246909 0.244273 0.244833 0.245431 0.247235 0.247031 0.247518 0.249431 0.249671 0.250577 0.252009 0.253499 0.255326 0.257643 0.261181 0.264905 0.268622 0.269495 0.272362 0.274993 0.272791 0.278279 0.284641 0.293786 0.306129 0.323183 0.354897 0.360683 0.364791 0.367268 0.368605 0.369418 0.369682 0.369852 0.369943 0.369983 0.369996
0.245093 0.243043 0.240827 0.242505 0.242933 0.243011 0.242726 0.242136 0.240566 0.242737 0.243037 0.242863 0.242611 0.242569 0.242818 0.242441 0.242230 0.242366 0.243933 0.244115 0.243542 0.244024 0.244360 0.244768 0.244079 0.244183 0.244210 0.244768 0.244661 0.244157 0.244978 0.245091 0.245168 0.245844 0.246193 0.246675 0.247857 0.248598 0.249611 0.251792 0.254617 0.256428 0.256228 0.257809 0.258515 0.256946 0.255643 0.258056 0.260483 0.262621 0.267810 0.273422 0.282036 0.305689 0.347980 0.360021 0.363773 0.366629 0.367967 0.368832 0.369341 0.369727 0.369892
0.243761 0.241895 0.241726 0.242994 0.243240 0.243336 0.242139 0.241000 0.242335 0.242846 0.242780 0.242272 0.242799 0.242998 0.243680 0.243003 0.242667 0.242848 0.242993 0.242853 0.243296 0.243574 0.243777 0.245340 0.244387 0.244269 0.244808 0.244531 0.244314 0.243809 0.244805 0.245062 0.245012 0.245756 0.246068 0.246385 0.246911 0.247967 0.250346 0.251989 0.254338 0.256650 0.256788 0.257041 0.256317 0.255785 0.252814 0.252741 0.255783 0.254859 0.256935 0.260777 0.260751 0.270432 0.286163 0.303405 0.331868 0.357526 0.362628 0.365473 0.367196 0.368397 0.369190
0.241682 0.242069 0.241186 0.241583 0.241563 0.240967 0.240209 0.241231 0.241191 0.241114 0.241192 0.240901 0.241402 0.241789 0.242183 0.241935 0.241877 0.241134 0.241085 0.241783 0.241805 0.242187 0.243073 0.244298 0.243386 0.243177 0.243159 0.242818 0.242821 0.242292 0.243125 0.243719 0.243788 0.244782 0.245075 0.244231 0.245204 0.247036 0.248817 0.249829 0.251755 0.255258 0.253772 0.253545 0.254113 0.251738 0.248855 0.248893 0.249870 0.248954 0.250877 0.251857 0.251290 0.256071 0.260020 0.265393 0.274544 0.294200 0.323259 0.355647 0.360729 0.363942 0.366343
