tests/Borden05m/sims/sim_1/output-maps/thetaliqL0004N0016.asc
ncols         160
nrows         34
xllcorner     620200.000000
yllcorner     5168000.000000
cellsize      0.500000
NODATA_value  -9999.0
[rows 0 to 27 of 34, columns 63 to 125 of 160]
-9999.0 -9999.0 -9999.0 -9999.0 -9999.0 -9999.0 -9999.0 -9999.0 -9999.0 -9999.0 -9999.0 -9999.0 -9999.0 -9999.0 -9999.0 -9999.0 -9999.0 -9999.0 -9999.0 -9999.0 -9999.0 -9999.0 -9999.0 -9999.0 -9999.0 -9999.0 -9999.0 -9999.0 -9999.0 -9999.0 -9999.0 -9999.0 -9999.0 -9999.0 -9999.0 -9999.0 -9999.0 -9999.0 -9999.0 -9999.0 -9999.0 -9999.0 -9999.0 -9999.0 -9999.0 -9999.0 -9999.0 -9999.0 -9999.0 -9999.0 -9999.0 -9999.0 -9999.0 -9999.0 -9999.0 -9999.0 -9999.0 -9999.0 -9999.0 -9999.0 -9999.0 -9999.0 -9999.0
0.190169 0.188047 0.185713 0.185191 0.185340 0.184953 0.184190 0.185444 0.187151 0.188675 0.190608 0.190464 0.190791 0.191507 0.191690 0.191338 0.190433 0.189770 0.189027 0.189654 0.187076 0.183692 0.181112 0.180542 0.182565 0.183870 0.183816 0.185155 0.187960 0.190484 0.191680 0.194700 0.194801 0.196076 0.197753 0.196326 0.195806 0.195718 0.195797 0.191996 -9999.0 -9999.0 -9999.0 -9999.0 -9999.0 -9999.0 -9999.0 -9999.0 -9999.0 -9999.0 -9999.0 -9999.0 -9999.0 -9999.0 -9999.0 -9999.0 -9999.0 -9999.0 -9999.0 -9999.0 -9999.0 -9999.0 -9999.0
0.184850 0.182177 0.181321 0.179410 0.178625 0.178426 0.177775 0.178496 0.181684 0.184011 0.184823 0.184565 0.184513 0.183939 0.183495 0.183592 0.182754 0.181938 0.181091 0.181174 0.182813 0.180401 0.179106 0.177949 0.176850 0.177372 0.177824 0.178122 0.181166 0.182635 0.183839 0.188128 0.192099 0.193309 0.191902 0.190189 0.190286 0.189740 0.187832 0.185940 0.185299 0.184309 0.183767 0.182315 0.184467 0.184849 0.187488 0.189830 0.192627 0.196422 -9999.0 -9999.0 -9999.0 -9999.0 -9999.0 -9999.0 -9999.0 -9999.0 -9999.0 -9999.0 -9999.0 -9999.0 -9999.0
0.180956 0.180003 0.178169 0.175580 0.178621 0.178312 0.178115 0.178756 0.179812 0.180267 0.180826 0.181752 0.184648 0.184626 0.184439 0.184556 0.184020 0.183063 0.183012 0.182424 0.180142 0.180394 0.180894 0.180470 0.182724 0.182932 0.184105 0.180255 0.181017 0.182237 0.183271 0.184172 0.185188 0.186254 0.184563 0.185542 0.183806 0.180277 0.178939 0.178682 0.180732 0.181680 0.179951 0.174622 0.177493 0.183596 0.183486 0.182889 0.186177 0.189489 0.193684 0.193366 0.193049 0.193416 0.193891 0.190003 0.187195 0.184975 0.179727 -9999.0 -9999.0 -9999.0 -9999.0
0.180952 0.179068 0.176943 0.181885 0.184179 0.183325 0.183964 0.185374 0.185301 0.179277 0.177728 0.180279 0.183088 0.184368 0.183412 0.182928 0.181930 0.181858 0.182368 0.181643 0.182516 0.183380 0.182547 0.184226 0.186147 0.187780 0.183892 0.180273 0.180486 0.183472 0.185826 0.187296 0.190721 0.195664 0.194920 0.193573 0.192456 0.190953 0.184692 0.179219 0.176959 0.175887 0.174285 0.175270 0.174281 0.179039 0.178831 0.178276 0.180776 0.182962 0.185589 0.187363 0.187101 0.187583 0.188098 0.186672 0.183683 0.181770 0.180233 0.177172 0.172253 0.164305 0.164759
0.176922 0.177190 0.181719 0.184679 0.189212 0.188106 0.188365 0.188177 0.183877 0.180404 0.178260 0.184724 0.190209 0.192256 0.191165 0.190246 0.194725 0.193397 0.192628 0.189858 0.190862 0.190795 0.195833 0.198073 0.200796 0.199789 0.194715 0.190385 0.190026 0.190550 0.190328 0.191822 0.195375 0.199615 0.196878 0.195144 0.194357 0.184920 0.177387 0.174443 0.178405 0.180689 0.180052 0.180276 0.180271 0.177089 0.177761 0.178043 0.176723 0.180651 0.184610 0.185184 0.182060 0.180943 0.182098 0.181313 0.180916 0.178873 0.176675 0.174856 0.167221 0.169061 0.165293
0.187708 0.189708 0.192737 0.198069 0.207456 0.206454 0.207291 0.210016 0.204997 0.200087 0.193462 0.201031 0.203473 0.206465 0.206626 0.212611 0.217990 0.214786 0.210139 0.204856 0.208129 0.215432 0.222630 0.224831 0.225986 0.227055 0.222018 0.220122 0.218811 0.219052 0.216093 0.216566 0.222050 0.230876 0.231668 0.226729 0.217411 0.203718 0.191530 0.184935 0.190753 0.188729 0.187579 0.188183 0.183799 0.181081 0.184005 0.180844 0.178477 0.183528 0.184378 0.183887 0.179974 0.184614 0.183400 0.178826 0.175578 0.173617 0.172055 0.169733 0.171003 0.169651 0.166417
0.195644 0.197914 0.205191 0.215804 0.228874 0.236908 0.243245 0.249751 0.244761 0.238742 0.232073 0.233618 0.241738 0.250115 0.259430 0.269948 0.280786 0.277602 0.271368 0.270389 0.273361 0.285863 0.297137 0.301715 0.304441 0.308797 0.305320 0.298887 0.291007 0.282955 0.275756 0.270575 0.281140 0.292049 0.289984 0.269971 0.251881 0.231843 0.213802 0.197452 0.197029 0.199105 0.200859 0.195060 0.191556 0.186065 0.184435 0.184196 0.178881 0.181580 0.182527 0.186287 0.191488 0.192548 0.187512 0.184224 0.180655 0.177075 0.174355 0.175760 0.176167 0.173799 0.171537
0.257625 0.261175 0.271101 0.296506 0.324838 0.340513 0.348988 0.350320 0.347859 0.344561 0.338393 0.334696 0.340619 0.345770 0.349599 0.352376 0.354713 0.356157 0.356009 0.356018 0.356471 0.357083 0.358090 0.359166 0.360172 0.361206 0.361495 0.360235 0.358810 0.357055 0.355282 0.354714 0.354254 0.355398 0.355222 0.351103 0.343222 0.327920 0.301245 0.273512 0.253968 0.252885 0.242986 0.233923 0.223960 0.206693 0.201045 0.197406 0.184567 0.183190 0.187564 0.193347 0.197335 0.190197 0.186276 0.182550 0.178575 0.174049 0.175197 0.177144 0.177675 0.176765 0.176625
0.348782 0.350249 0.351914 0.358076 0.363258 0.366390 0.367965 0.368399 0.368023 0.367521 0.366826 0.366089 0.366096 0.367007 0.367885 0.368525 0.368849 0.368950 0.368904 0.368908 0.368938 0.369018 0.369072 0.369171 0.369309 0.369493 0.369661 0.369628 0.369385 0.369095 0.368608 0.368292 0.368130 0.367863 0.367824 0.367780 0.366305 0.363887 0.359633 0.353530 0.347887 0.339832 0.328479 0.313890 0.281048 0.250315 0.228006 0.211621 0.196705 0.193933 0.208782 0.222699 0.216113 0.212437 0.206951 0.198760 0.191920 0.183967 0.184354 0.185165 0.184163 0.182954 0.181606
0.367849 0.368149 0.368498 0.369059 0.369659 0.369914 0.369983 0.369989 0.369983 0.369974 0.369952 0.369932 0.369927 0.369941 0.369959 0.369978 0.369988 0.369994 0.369994 0.369994 0.369994 0.369995 0.369995 0.369995 0.369997 0.369999 0.369999 0.369999 0.369999 0.369995 0.369984 0.369964 0.369940 0.369917 0.369912 0.369912 0.369907 0.369798 0.369420 0.368189 0.366432 0.364312 0.362585 0.360348 0.357749 0.349758 0.343336 0.327757 0.299858 0.271360 0.289038 0.277087 0.266173 0.252705 0.236828 0.224401 0.213747 0.203351 0.201355 0.200914 0.198834 0.197852 0.195649
0.369970 0.369981 0.369991 0.369997 0.369999 0.370000 0.370000 0.370000 0.370000 0.370000 0.370000 0.370000 0.370000 0.370000 0.370000 0.370000 0.370000 0.370000 0.370000 0.370000 0.370000 0.370000 0.370000 0.370000 0.370000 0.370000 0.370000 0.370000 0.370000 0.370000 0.370000 0.370000 0.370000 0.370000 0.370000 0.370000 0.370000 0.370000 0.369996 0.369966 0.369837 0.369589 0.369262 0.368916 0.368603 0.368269 0.367572 0.365757 0.361388 0.355207 0.351928 0.349226 0.344058 0.330124 0.308358 0.287111 0.258723 0.234911 0.221966 0.218974 0.216353 0.213237 0.209006
0.370000 0.370000 0.370000 0.370000 0.370000 0.370000 0.370000 0.370000 0.370000 0.370000 0.370000 0.370000 0.370000 0.370000 0.370000 0.370000 0.370000 0.370000 0.370000 0.370000 0.370000 0.370000 0.370000 0.370000 0.370000 0.370000 0.370000 0.370000 0.370000 0.370000 0.370000 0.370000 0.370000 0.370000 0.370000 0.370000 0.370000 0.370000 0.370000 0.370000 0.370000 0.369995 0.369984 0.369973 0.369963 0.369952 0.369911 0.369799 0.369514 0.368729 0.366939 0.366054 0.364562 0.361477 0.358123 0.355179 0.346841 0.330276 0.307159 0.291902 0.270730 0.252899 0.241402
0.370000 0.370000 0.370000 0.370000 0.370000 0.370000 0.370000 0.370000 0.370000 0.370000 0.370000 0.370000 0.370000 0.370000 0.370000 0.370000 0.370000 0.370000 0.370000 0.370000 0.370000 0.370000 0.370000 0.370000 0.370000 0.370000 0.370000 0.370000 0.370000 0.370000 0.370000 0.370000 0.370000 0.370000 0.370000 0.370000 0.370000 0.370000 0.370000 0.370000 0.370000 0.370000 0.370000 0.370000 0.370000 0.370000 0.370000 0.369999 0.369993 0.369953 0.369790 0.369579 0.369367 0.369162 0.368891 0.368414 0.366559 0.362991 0.358301 0.353982 0.346620 0.334868 0.317744
0.370000 0.370000 0.370000 0.370000 0.370000 0.370000 0.370000 0.370000 0.370000 0.370000 0.370000 0.370000 0.370000 0.370000 0.370000 0.370000 0.370000 0.370000 0.370000 0.370000 0.370000 0.370000 0.370000 0.370000 0.370000 0.370000 0.370000 0.370000 0.370000 0.370000 0.370000 0.370000 0.370000 0.370000 0.370000 0.370000 0.370000 0.370000 0.370000 0.370000 0.370000 0.370000 0.370000 0.370000 0.370000 0.370000 0.370000 0.370000 0.370000 0.370000 0.369998 0.369987 0.369976 0.369966 0.369948 0.369919 0.369727 0.369222 0.368172 0.366723 0.364598 0.361579 0.357607
0.370000 0.370000 0.370000 0.370000 0.370000 0.370000 0.370000 0.370000 0.370000 0.370000 0.370000 0.370000 0.370000 0.370000 0.370000 0.370000 0.370000 0.370000 0.370000 0.370000 0.370000 0.370000 0.370000 0.370000 0.370000 0.370000 0.370000 0.370000 0.370000 0.370000 0.370000 0.370000 0.370000 0.370000 0.370000 0.370000 0.370000 0.370000 0.370000 0.370000 0.370000 0.370000 0.370000 0.370000 0.370000 0.370000 0.370000 0.370000 0.370000 0.370000 0.370000 0.370000 0.370000 0.370000 0.370000 0.370000 0.369996 0.369970 0.369862 0.369598 0.369106 0.368365 0.367222
0.370000 0.370000 0.370000 0.370000 0.370000 0.370000 0.370000 0.370000 0.370000 0.370000 0.370000 0.370000 0.370000 0.370000 0.369999 0.369999 0.369998 0.369998 0.369999 0.370000 0.370000 0.370000 0.369999 0.369997 0.369996 0.369995 0.369995 0.369998 0.369999 0.370000 0.370000 0.370000 0.369999 0.369999 0.369999 0.370000 0.370000 0.370000 0.370000 0.370000 0.370000 0.370000 0.370000 0.370000 0.370000 0.370000 0.370000 0.370000 0.370000 0.370000 0.370000 0.370000 0.370000 0.370000 0.370000 0.370000 0.370000 0.370000 0.369998 0.369983 0.369942 0.369865 0.369669
0.370000 0.370000 0.370000 0.370000 0.370000 0.370000 0.370000 0.369999 0.369999 0.369999 0.369998 0.369996 0.369984 0.369962 0.369920 0.369885 0.369855 0.369823 0.369867 0.369932 0.369955 0.369911 0.369867 0.369781 0.369724 0.369694 0.369705 0.369785 0.369910 0.369960 0.369970 0.369955 0.369939 0.369931 0.369932 0.369950 0.369980 0.369995 0.369999 0.370000 0.370000 0.370000 0.370000 0.370000 0.370000 0.370000 0.370000 0.370000 0.370000 0.370000 0.370000 0.370000 0.370000 0.370000 0.370000 0.370000 0.370000 0.370000 0.370000 0.370000 0.369999 0.369996 0.369987
0.370000 0.370000 0.369999 0.369982 0.369958 0.369909 0.369840 0.369808 0.369757 0.369729 0.369628 0.369525 0.369319 0.368940 0.368388 0.367747 0.367508 0.367282 0.367051 0.367633 0.367855 0.367708 0.367311 0.366843 0.366569 0.366388 0.366646 0.367429 0.368050 0.368518 0.368695 0.368508 0.368683 0.368860 0.368875 0.369258 0.369521 0.369738 0.369883 0.369956 0.369977 0.369987 0.369994 0.369998 0.370000 0.370000 0.370000 0.370000 0.370000 0.370000 0.370000 0.370000 0.370000 0.370000 0.370000 0.370000 0.370000 0.370000 0.370000 0.370000 0.370000 0.370000 0.370000
0.369980 0.369971 0.369883 0.369512 0.368865 0.368262 0.367287 0.366717 0.366132 0.364260 0.362752 0.361625 0.361733 0.360008 0.357177 0.354465 0.353128 0.352191 0.350027 0.349246 0.350110 0.352070 0.350494 0.349566 0.350091 0.349528 0.349083 0.351091 0.354052 0.355630 0.357151 0.358507 0.359268 0.360300 0.363398 0.364897 0.366112 0.367410 0.368418 0.369110 0.369477 0.369646 0.369781 0.369894 0.369951 0.369984 0.369997 0.370000 0.370000 0.370000 0.370000 0.370000 0.370000 0.370000 0.370000 0.370000 0.370000 0.370000 0.370000 0.370000 0.370000 0.370000 0.370000
0.369309 0.369044 0.367508 0.364548 0.360674 0.357167 0.352526 0.349021 0.342093 0.327224 0.314059 0.313831 0.317317 0.313283 0.300582 0.288316 0.279494 0.270673 0.259801 0.253554 0.259177 0.265344 0.265912 0.265981 0.268137 0.268137 0.267482 0.267824 0.277783 0.285653 0.294145 0.301417 0.308282 0.326670 0.340393 0.347465 0.352904 0.357106 0.360997 0.364073 0.365930 0.366972 0.367955 0.368710 0.369256 0.369613 0.369845 0.369957 0.369988 0.369996 0.369999 0.370000 0.370000 0.370000 0.370000 0.370000 0.370000 0.370000 0.370000 0.370000 0.370000 0.370000 0.370000
0.363214 0.359128 0.351410 0.339872 0.322629 0.302069 0.280934 0.262174 0.243577 0.227919 0.218526 0.223100 0.226197 0.230607 0.223179 0.217102 0.215109 0.209471 0.204407 0.198367 0.202935 0.205637 0.211633 0.211611 0.212085 0.214684 0.213524 0.212906 0.209539 0.213731 0.216837 0.220848 0.232749 0.245923 0.261087 0.276222 0.294287 0.314636 0.333108 0.345955 0.353318 0.357376 0.360686 0.363559 0.365537 0.366979 0.368185 0.369088 0.369543 0.369755 0.369885 0.369946 0.369986 0.369998 0.370000 0.370000 0.370000 0.370000 0.370000 0.370000 0.370000 0.370000 0.370000
0.315881 0.290827 0.257983 0.240338 0.229228 0.218792 0.211213 0.205248 0.196843 0.190815 0.182898 0.185679 0.189967 0.195858 0.191353 0.190417 0.191005 0.187845 0.184452 0.179543 0.180433 0.184651 0.189701 0.190006 0.191244 0.194030 0.194065 0.191776 0.187530 0.188798 0.192114 0.195645 0.202092 0.208633 0.215405 0.221835 0.230702 0.242086 0.256316 0.276092 0.300036 0.317942 0.335567 0.347887 0.353923 0.356898 0.359936 0.363588 0.365554 0.367112 0.368228 0.368849 0.369501 0.369843 0.369973 0.369998 0.370000 0.370000 0.370000 0.370000 0.370000 0.370000 0.370000
0.214662 0.203104 0.198041 0.193736 0.189384 0.185654 0.181734 0.178262 0.175343 0.171253 0.164343 0.167162 0.171333 0.175953 0.176210 0.175658 0.175871 0.174588 0.171216 0.165870 0.168287 0.171955 0.175373 0.176699 0.177555 0.179562 0.178196 0.175240 0.171297 0.173198 0.176750 0.179111 0.182157 0.186529 0.191256 0.196165 0.201926 0.208087 0.216231 0.225817 0.237342 0.250913 0.267687 0.288786 0.302534 0.315850 0.327313 0.340149 0.348644 0.354211 0.358844 0.362557 0.365795 0.368231 0.369397 0.369836 0.369969 0.369994 0.369999 0.370000 0.370000 0.370000 0.370000
0.189419 0.183130 0.179128 0.176277 0.176915 0.175376 0.171805 0.171477 0.169432 0.163980 0.165770 0.167314 0.171708 0.171046 0.170859 0.169821 0.170446 0.169668 0.164574 0.167200 0.168497 0.171788 0.172683 0.173630 0.174323 0.174995 0.174403 0.170736 0.171544 0.172728 0.175890 0.176496 0.178274 0.182332 0.184254 0.187334 0.191519 0.196148 0.201704 0.208472 0.217453 0.226725 0.235597 0.239617 0.246069 0.251665 0.249649 0.262358 0.277097 0.294524 0.316996 0.335664 0.349043 0.358358 0.364588 0.367844 0.369202 0.369766 0.369906 0.369971 0.369994 0.369999 0.370000
0.173141 0.168762 0.164691 0.166235 0.166245 0.165808 0.164871 0.163592 0.161203 0.163819 0.164108 0.163891 0.163672 0.163738 0.164141 0.163642 0.163345 0.163530 0.165640 0.166029 0.165555 0.166587 0.167483 0.168448 0.167802 0.168129 0.168295 0.169109 0.169101 0.168715 0.170330 0.171133 0.172036 0.173975 0.175639 0.177706 0.181064 0.184155 0.188031 0.193962 0.201112 0.206531 0.208193 0.211870 0.213550 0.211120 0.208944 0.213447 0.218847 0.224124 0.235929 0.250626 0.271572 0.316019 0.345790 0.357801 0.363688 0.367011 0.368573 0.369345 0.369720 0.369922 0.369981
0.167186 0.163747 0.162807 0.163982 0.163926 0.163692 0.161805 0.160103 0.161664 0.162228 0.162092 0.161429 0.162172 0.162524 0.163484 0.162645 0.162244 0.162539 0.162846 0.162854 0.163682 0.164387 0.165056 0.167494 0.166504 0.166540 0.167413 0.167180 0.167041 0.166608 0.168333 0.169200 0.169768 0.171594 0.173017 0.174647 0.176899 0.180265 0.185878 0.190748 0.196791 0.202523 0.204095 0.205143 0.204112 0.202640 0.197481 0.197407 0.202669 0.202379 0.207263 0.215568 0.218829 0.240402 0.277341 0.311951 0.339595 0.353012 0.361845 0.365241 0.367604 0.368944 0.369592
0.161885 0.161751 0.160106 0.160250 0.159954 0.158985 0.157868 0.159057 0.158943 0.158810 0.158878 0.158488 0.159155 0.159727 0.160306 0.160047 0.160033 0.159199 0.159286 0.160364 0.160617 0.161412 0.162922 0.164883 0.163965 0.163887 0.164055 0.163773 0.163923 0.163420 0.164833 0.166032 0.166606 0.168618 0.169895 0.169907 0.172683 0.177014 0.181633 0.185339 0.190441 0.197545 0.196344 0.196301 0.196864 0.192398 0.187113 0.186572 0.188137 0.187238 0.190716 0.193622 0.194863 0.205266 0.215815 0.229832 0.253972 0.297201 0.336030 0.350636 0.358518 0.363577 0.366428
