tests/Borden05m/sims/sim_1/output-maps/thetaliqL0008N0016.asc
ncols         160
nrows         34
xllcorner     620200.000000
yllcorner     5168000.000000
cellsize      0.500000
NODATA_value  -9999.0
[rows 0 to 27 of 34, columns 0 to 62 of 160]
-9999.0 -9999.0 -9999.0 -9999.0 -9999.0 -9999.0 -9999.0 -9999.0 -9999.0 -9999.0 -9999.0 -9999.0 -9999.0 -9999.0 -9999.0 -9999.0 -9999.0 -9999.0 -9999.0 -9999.0 -9999.0 -9999.0 -9999.0 -9999.0 -9999.0 -9999.0 -9999.0 -9999.0 -9999.0 -9999.0 -9999.0 -9999.0 -9999.0 -9999.0 -9999.0 -9999.0 -9999.0 -9999.0 -9999.0 -9999.0 -9999.0 -9999.0 -9999.0 -9999.0 -9999.0 -9999.0 -9999.0 -9999.0 -9999.0 -9999.0 -9999.0 -9999.0 -9999.0 -9999.0 -9999.0 -9999.0 -9999.0 -9999.0 -9999.0 -9999.0 -9999.0 -9999.0 -9999.0
-9999.0 -9999.0 -9999.0 -9999.0 -9999.0 -9999.0 -9999.0 -9999.0 -9999.0 -9999.0 -9999.0 -9999.0 -9999.0 -9999.0 -9999.0 -9999.0 -9999.0 -9999.0 -9999.0 -9999.0 -9999.0 -9999.0 -9999.0 -9999.0 -9999.0 -9999.0 -9999.0 -9999.0 -9999.0 -9999.0 -9999.0 -9999.0 -9999.0 -9999.0 -9999.0 -9999.0 -9999.0 -9999.0 -9999.0 -9999.0 -9999.0 -9999.0 -9999.0 -9999.0 -9999.0 -9999.0 -9999.0 -9999.0 -9999.0 -9999.0 -9999.0 -9999.0 -9999.0 -9999.0 -9999.0 -9999.0 -9999.0 -9999.0 -9999.0 0.369465 0.369361 0.369245 0.369120
-9999.0 -9999.0 -9999.0 -9999.0 -9999.0 -9999.0 -9999.0 -9999.0 -9999.0 -9999.0 -9999.0 -9999.0 -9999.0 -9999.0 -9999.0 -9999.0 -9999.0 -9999.0 -9999.0 -9999.0 -9999.0 -9999.0 -9999.0 -9999.0 -9999.0 -9999.0 -9999.0 -9999.0 -9999.0 -9999.0 -9999.0 -9999.0 -9999.0 -9999.0 -9999.0 -9999.0 -9999.0 -9999.0 -9999.0 -9999.0 -9999.0 -9999.0 -9999.0 -9999.0 -9999.0 -9999.0 -9999.0 0.358403 0.354224 0.349200 0.348646 0.355321 0.360335 0.363919 0.366073 0.367450 0.368419 0.369079 0.369164 0.368859 0.368693 0.368566 0.368474
-9999.0 -9999.0 -9999.0 -9999.0 -9999.0 -9999.0 -9999.0 -9999.0 -9999.0 -9999.0 -9999.0 -9999.0 -9999.0 -9999.0 -9999.0 -9999.0 -9999.0 -9999.0 -9999.0 -9999.0 -9999.0 -9999.0 -9999.0 -9999.0 -9999.0 -9999.0 -9999.0 -9999.0 -9999.0 -9999.0 -9999.0 -9999.0 -9999.0 -9999.0 -9999.0 -9999.0 -9999.0 -9999.0 -9999.0 -9999.0 0.365508 0.366049 0.366187 0.365139 0.363814 0.362145 0.358545 0.354295 0.349655 0.348655 0.349468 0.351273 0.357336 0.361908 0.364525 0.366246 0.367600 0.368558 0.368665 0.368212 0.367776 0.367518 0.367513
-9999.0 -9999.0 -9999.0 -9999.0 -9999.0 -9999.0 -9999.0 -9999.0 -9999.0 -9999.0 -9999.0 -9999.0 -9999.0 -9999.0 -9999.0 -9999.0 -9999.0 -9999.0 -9999.0 -9999.0 -9999.0 -9999.0 -9999.0 -9999.0 -9999.0 -9999.0 -9999.0 -9999.0 -9999.0 -9999.0 -9999.0 -9999.0 -9999.0 -9999.0 0.345894 0.351714 0.356508 0.360290 0.362938 0.363803 0.364508 0.365139 0.364690 0.364102 0.362554 0.359360 0.354855 0.350739 0.349827 0.348913 0.350298 0.354106 0.358078 0.361195 0.364186 0.366472 0.367142 0.367869 0.368024 0.367747 0.367789 0.367859 0.367932
-9999.0 -9999.0 -9999.0 -9999.0 -9999.0 -9999.0 -9999.0 -9999.0 -9999.0 -9999.0 -9999.0 -9999.0 -9999.0 -9999.0 -9999.0 -9999.0 -9999.0 -9999.0 -9999.0 -9999.0 -9999.0 -9999.0 -9999.0 -9999.0 -9999.0 -9999.0 -9999.0 -9999.0 0.347677 0.345510 0.343458 0.342774 0.342160 0.341579 0.344301 0.348709 0.354181 0.359124 0.361411 0.362499 0.363392 0.363477 0.362790 0.362434 0.362425 0.360477 0.358159 0.355605 0.352769 0.352397 0.354971 0.358168 0.361175 0.363377 0.365173 0.366393 0.367487 0.368548 0.368850 0.368636 0.368401 0.368237 0.368260
-9999.0 -9999.0 -9999.0 -9999.0 -9999.0 -9999.0 -9999.0 -9999.0 -9999.0 -9999.0 -9999.0 -9999.0 -9999.0 -9999.0 -9999.0 -9999.0 -9999.0 -9999.0 -9999.0 -9999.0 -9999.0 -9999.0 -9999.0 0.335988 0.338720 0.341420 0.344266 0.344524 0.342757 0.340317 0.338821 0.338004 0.337195 0.339046 0.342525 0.347608 0.352602 0.357961 0.359670 0.360862 0.362809 0.363081 0.363669 0.364138 0.363878 0.363512 0.361758 0.360237 0.361247 0.362230 0.363132 0.364078 0.365492 0.366832 0.367947 0.368821 0.369384 0.369681 0.369829 0.369786 0.369706 0.369566 0.369573
-9999.0 -9999.0 -9999.0 -9999.0 -9999.0 -9999.0 -9999.0 -9999.0 -9999.0 -9999.0 -9999.0 -9999.0 -9999.0 -9999.0 -9999.0 -9999.0 -9999.0 -9999.0 -9999.0 0.323257 0.323644 0.324092 0.326517 0.326983 0.328107 0.331652 0.335518 0.336363 0.335530 0.334602 0.335210 0.336332 0.338109 0.342894 0.347963 0.352382 0.356107 0.360447 0.362802 0.364582 0.366177 0.366027 0.365582 0.365334 0.365353 0.365405 0.365998 0.366332 0.366784 0.367216 0.367662 0.368131 0.368594 0.369174 0.369572 0.369800 0.369914 0.369967 0.369989 0.369987 0.369976 0.369954 0.369955
-9999.0 -9999.0 -9999.0 -9999.0 -9999.0 -9999.0 -9999.0 -9999.0 -9999.0 -9999.0 -9999.0 -9999.0 -9999.0 -9999.0 -9999.0 -9999.0 0.305704 0.306856 0.308114 0.311492 0.312913 0.315255 0.319295 0.319764 0.321903 0.325784 0.328371 0.332603 0.336228 0.339411 0.341806 0.342799 0.345705 0.349029 0.352661 0.356712 0.361105 0.364336 0.366012 0.367283 0.368206 0.368213 0.368147 0.368191 0.368230 0.368582 0.369164 0.369320 0.369406 0.369694 0.369825 0.369863 0.369902 0.369959 0.369990 0.369999 0.370000 0.370000 0.370000 0.370000 0.370000 0.370000 0.370000
-9999.0 -9999.0 -9999.0 -9999.0 -9999.0 -9999.0 -9999.0 -9999.0 -9999.0 -9999.0 -9999.0 -9999.0 -9999.0 0.273091 0.276264 0.283196 0.289127 0.290574 0.293229 0.297132 0.305455 0.307626 0.311545 0.316216 0.322820 0.327401 0.332084 0.337583 0.341173 0.343989 0.346586 0.348868 0.353074 0.357002 0.360289 0.363479 0.365888 0.367498 0.368554 0.369058 0.369394 0.369467 0.369437 0.369469 0.369603 0.369802 0.369915 0.369957 0.369989 0.369998 0.370000 0.370000 0.370000 0.370000 0.370000 0.370000 0.370000 0.370000 0.370000 0.370000 0.370000 0.370000 0.370000
-9999.0 -9999.0 -9999.0 -9999.0 -9999.0 -9999.0 -9999.0 -9999.0 -9999.0 -9999.0 0.244663 0.246710 0.243763 0.244351 0.247880 0.257286 0.267632 0.272944 0.281444 0.296557 0.308193 0.310309 0.319468 0.325047 0.328474 0.333820 0.339761 0.344969 0.350884 0.354496 0.357591 0.361591 0.363966 0.365760 0.367184 0.368291 0.369061 0.369651 0.369882 0.369941 0.369985 0.369995 0.369994 0.369994 0.369997 0.370000 0.370000 0.370000 0.370000 0.370000 0.370000 0.370000 0.370000 0.370000 0.370000 0.370000 0.370000 0.370000 0.370000 0.370000 0.370000 0.370000 0.370000
-9999.0 -9999.0 -9999.0 -9999.0 -9999.0 -9999.0 -9999.0 -9999.0 0.225557 0.230834 0.235792 0.233188 0.229197 0.226512 0.236654 0.249246 0.261923 0.275190 0.287259 0.300069 0.310565 0.320779 0.331225 0.336865 0.341948 0.347621 0.351991 0.356741 0.361056 0.363366 0.365624 0.367395 0.368440 0.369074 0.369487 0.369738 0.369925 0.369990 0.369999 0.370000 0.370000 0.370000 0.370000 0.370000 0.370000 0.370000 0.370000 0.370000 0.370000 0.370000 0.370000 0.370000 0.370000 0.370000 0.370000 0.370000 0.370000 0.370000 0.370000 0.370000 0.370000 0.370000 0.370000
-9999.0 -9999.0 -9999.0 -9999.0 -9999.0 -9999.0 0.206039 0.224458 0.236059 0.229657 0.223224 0.220498 0.217683 0.232312 0.249288 0.262649 0.275664 0.288713 0.300348 0.310389 0.330977 0.338640 0.344784 0.351549 0.355397 0.358608 0.361808 0.364988 0.367081 0.368782 0.369534 0.369837 0.369954 0.369986 0.369997 0.370000 0.370000 0.370000 0.370000 0.370000 0.370000 0.370000 0.370000 0.370000 0.370000 0.370000 0.370000 0.370000 0.370000 0.370000 0.370000 0.370000 0.370000 0.370000 0.370000 0.370000 0.370000 0.370000 0.370000 0.370000 0.370000 0.370000 0.370000
-9999.0 -9999.0 -9999.0 -9999.0 0.182694 0.197028 0.212185 0.236354 0.254536 0.249922 0.255764 0.256104 0.254963 0.256671 0.260982 0.275042 0.288390 0.301102 0.313631 0.334907 0.351081 0.355778 0.361391 0.365617 0.366853 0.367833 0.368576 0.369293 0.369756 0.369952 0.369998 0.370000 0.370000 0.370000 0.370000 0.370000 0.370000 0.370000 0.370000 0.370000 0.370000 0.370000 0.370000 0.370000 0.370000 0.370000 0.370000 0.370000 0.370000 0.370000 0.370000 0.370000 0.370000 0.370000 0.370000 0.370000 0.370000 0.370000 0.370000 0.370000 0.370000 0.370000 0.370000
-9999.0 -9999.0 -9999.0 0.155098 0.177414 0.202561 0.223483 0.248244 0.273507 0.278544 0.284759 0.289699 0.294693 0.301060 0.307999 0.318248 0.326146 0.332539 0.341987 0.354366 0.362056 0.366266 0.368392 0.369379 0.369735 0.369866 0.369941 0.369986 0.370000 0.370000 0.370000 0.370000 0.370000 0.370000 0.370000 0.370000 0.370000 0.370000 0.370000 0.370000 0.370000 0.370000 0.370000 0.370000 0.370000 0.370000 0.370000 0.370000 0.370000 0.370000 0.370000 0.370000 0.370000 0.370000 0.370000 0.370000 0.370000 0.370000 0.370000 0.370000 0.370000 0.370000 0.370000
-9999.0 -9999.0 0.133686 0.150224 0.169716 0.204687 0.245824 0.272623 0.303104 0.319483 0.323732 0.333757 0.341547 0.345044 0.350977 0.355849 0.358775 0.359428 0.361700 0.366208 0.369117 0.369860 0.369977 0.370000 0.370000 0.370000 0.370000 0.370000 0.370000 0.370000 0.370000 0.370000 0.370000 0.370000 0.370000 0.370000 0.370000 0.370000 0.370000 0.370000 0.370000 0.370000 0.370000 0.370000 0.370000 0.370000 0.370000 0.370000 0.370000 0.370000 0.370000 0.370000 0.370000 0.370000 0.370000 0.370000 0.370000 0.370000 0.370000 0.370000 0.370000 0.370000 0.370000
-9999.0 -9999.0 0.124449 0.141845 0.163946 0.211524 0.271541 0.300087 0.327205 0.347001 0.353179 0.358984 0.362544 0.365041 0.367180 0.368500 0.368690 0.368810 0.368835 0.369824 0.369993 0.370000 0.370000 0.370000 0.370000 0.370000 0.370000 0.370000 0.370000 0.370000 0.370000 0.370000 0.370000 0.370000 0.370000 0.370000 0.370000 0.370000 0.370000 0.370000 0.370000 0.370000 0.370000 0.370000 0.370000 0.370000 0.370000 0.370000 0.370000 0.370000 0.370000 0.370000 0.370000 0.370000 0.370000 0.370000 0.370000 0.370000 0.370000 0.370000 0.370000 0.370000 0.370000
-9999.0 0.101559 0.113807 0.131908 0.166425 0.214196 0.283599 0.335255 0.353695 0.362505 0.365983 0.367615 0.369532 0.369940 0.369987 0.369999 0.369999 0.369999 0.369998 0.370000 0.370000 0.370000 0.370000 0.370000 0.370000 0.370000 0.370000 0.370000 0.370000 0.370000 0.370000 0.370000 0.370000 0.370000 0.370000 0.370000 0.370000 0.370000 0.370000 0.370000 0.370000 0.370000 0.370000 0.370000 0.370000 0.370000 0.370000 0.370000 0.370000 0.370000 0.370000 0.370000 0.370000 0.370000 0.370000 0.370000 0.370000 0.370000 0.370000 0.370000 0.370000 0.370000 0.370000
-9999.0 0.095514 0.107372 0.129387 0.163488 0.217326 0.306426 0.360100 0.366248 0.368447 0.369408 0.369914 0.370000 0.370000 0.370000 0.370000 0.370000 0.370000 0.370000 0.370000 0.370000 0.370000 0.370000 0.370000 0.370000 0.370000 0.370000 0.370000 0.370000 0.370000 0.370000 0.370000 0.370000 0.370000 0.370000 0.370000 0.370000 0.370000 0.370000 0.370000 0.370000 0.370000 0.370000 0.370000 0.370000 0.370000 0.370000 0.370000 0.370000 0.370000 0.370000 0.370000 0.370000 0.370000 0.370000 0.370000 0.370000 0.370000 0.370000 0.370000 0.370000 0.370000 0.370000
-9999.0 0.092053 0.104022 0.121787 0.153384 0.240965 0.329084 0.365479 0.369613 0.369925 0.369997 0.370000 0.370000 0.370000 0.370000 0.370000 0.370000 0.370000 0.370000 0.370000 0.370000 0.370000 0.370000 0.370000 0.370000 0.370000 0.370000 0.370000 0.370000 0.370000 0.370000 0.370000 0.370000 0.370000 0.370000 0.370000 0.370000 0.370000 0.370000 0.370000 0.370000 0.370000 0.370000 0.370000 0.370000 0.370000 0.370000 0.370000 0.370000 0.370000 0.370000 0.370000 0.370000 0.370000 0.370000 0.370000 0.370000 0.370000 0.370000 0.370000 0.370000 0.370000 0.370000
-9999.0 0.082931 0.091810 0.102459 0.147992 0.262450 0.342187 0.368842 0.369998 0.370000 0.370000 0.370000 0.370000 0.370000 0.370000 0.370000 0.370000 0.370000 0.370000 0.370000 0.370000 0.370000 0.370000 0.370000 0.370000 0.370000 0.370000 0.370000 0.370000 0.370000 0.370000 0.370000 0.370000 0.370000 0.370000 0.370000 0.370000 0.370000 0.370000 0.370000 0.370000 0.370000 0.370000 0.370000 0.370000 0.370000 0.370000 0.370000 0.370000 0.370000 0.370000 0.370000 0.370000 0.370000 0.370000 0.370000 0.370000 0.370000 0.370000 0.370000 0.370000 0.370000 0.370000
-9999.0 0.077675 0.082812 0.095092 0.136656 0.241542 0.342237 0.369348 0.370000 0.370000 0.370000 0.370000 0.370000 0.370000 0.370000 0.370000 0.370000 0.370000 0.370000 0.370000 0.370000 0.370000 0.370000 0.370000 0.370000 0.370000 0.370000 0.370000 0.370000 0.370000 0.370000 0.370000 0.370000 0.370000 0.370000 0.370000 0.370000 0.370000 0.370000 0.370000 0.370000 0.370000 0.370000 0.370000 0.370000 0.370000 0.370000 0.370000 0.370000 0.370000 0.370000 0.370000 0.370000 0.370000 0.370000 0.370000 0.370000 0.370000 0.370000 0.370000 0.370000 0.370000 0.370000
-9999.0 0.074209 0.079284 0.088040 0.113114 0.174489 0.280674 0.361728 0.369945 0.370000 0.370000 0.370000 0.370000 0.370000 0.370000 0.370000 0.370000 0.370000 0.370000 0.370000 0.370000 0.370000 0.370000 0.370000 0.370000 0.370000 0.370000 0.370000 0.370000 0.370000 0.370000 0.370000 0.370000 0.370000 0.370000 0.370000 0.370000 0.370000 0.370000 0.370000 0.370000 0.370000 0.370000 0.370000 0.370000 0.370000 0.370000 0.370000 0.370000 0.370000 0.370000 0.370000 0.370000 0.370000 0.370000 0.370000 0.370000 0.370000 0.370000 0.370000 0.370000 0.370000 0.370000
-9999.0 -9999.0 0.075860 0.082318 0.095747 0.128628 0.200492 0.320827 0.366909 0.370000 0.370000 0.370000 0.370000 0.370000 0.370000 0.370000 0.370000 0.370000 0.370000 0.370000 0.370000 0.370000 0.370000 0.370000 0.370000 0.370000 0.370000 0.370000 0.370000 0.370000 0.370000 0.370000 0.370000 0.370000 0.370000 0.370000 0.370000 0.370000 0.370000 0.370000 0.370000 0.370000 0.370000 0.370000 0.370000 0.370000 0.370000 0.370000 0.370000 0.370000 0.370000 0.370000 0.370000 0.370000 0.370000 0.370000 0.370000 0.370000 0.370000 0.370000 0.370000 0.370000 0.370000
-9999.0 -9999.0 0.073153 0.077214 0.085866 0.105281 0.140902 0.208538 0.328652 0.365158 0.369757 0.369999 0.370000 0.370000 0.370000 0.370000 0.370000 0.370000 0.370000 0.370000 0.370000 0.370000 0.370000 0.370000 0.370000 0.370000 0.370000 0.370000 0.370000 0.370000 0.370000 0.370000 0.370000 0.370000 0.370000 0.370000 0.370000 0.370000 0.370000 0.370000 0.370000 0.370000 0.370000 0.370000 0.370000 0.370000 0.370000 0.370000 0.370000 0.370000 0.370000 0.370000 0.370000 0.370000 0.370000 0.370000 0.370000 0.370000 0.370000 0.370000 0.369996 0.369968 0.369846
-9999.0 -9999.0 -9999.0 0.074283 0.078573 0.085120 0.097948 0.116107 0.157799 0.239293 0.318112 0.358277 0.367111 0.369359 0.369907 0.369994 0.370000 0.370000 0.370000 0.370000 0.370000 0.370000 0.370000 0.370000 0.370000 0.370000 0.370000 0.370000 0.370000 0.370000 0.370000 0.370000 0.370000 0.370000 0.370000 0.370000 0.370000 0.370000 0.370000 0.370000 0.370000 0.370000 0.370000 0.370000 0.370000 0.370000 0.370000 0.370000 0.370000 0.370000 0.370000 0.370000 0.370000 0.370000 0.370000 0.370000 0.369999 0.369988 0.369945 0.369810 0.369388 0.368395 0.366519
-9999.0 -9999.0 -9999.0 -9999.0 -9999.0 0.075687 0.081083 0.089739 0.102144 0.120874 0.157134 0.224836 0.265851 0.304967 0.337098 0.353545 0.361916 0.366578 0.369049 0.369779 0.369975 0.369998 0.370000 0.370000 0.370000 0.370000 0.370000 0.370000 0.370000 0.370000 0.370000 0.370000 0.370000 0.370000 0.370000 0.370000 0.369999 0.369999 0.369997 0.369993 0.369984 0.369977 0.369970 0.369962 0.369952 0.369942 0.369930 0.369916 0.369876 0.369834 0.369834 0.369812 0.369787 0.369760 0.369688 0.369586 0.369430 0.368782 0.367794 0.366720 0.363352 0.358477 0.353483
-9999.0 -9999.0 -9999.0 -9999.0 -9999.0 -9999.0 0.074074 0.077785 0.082672 0.090439 0.104392 0.124143 0.136370 0.159287 0.191619 0.233855 0.280758 0.312802 0.336544 0.352640 0.362253 0.366520 0.368642 0.369555 0.369748 0.369842 0.369903 0.369864 0.369803 0.369719 0.369442 0.369356 0.369213 0.369200 0.369181 0.369166 0.369018 0.368833 0.368632 0.368197 0.367927 0.367581 0.367302 0.367012 0.366685 0.366378 0.366129 0.365874 0.365307 0.365404 0.365412 0.365212 0.364941 0.364624 0.363814 0.362579 0.361176 0.357999 0.354523 0.350256 0.341056 0.332151 0.321137
