tests/Borden05m/sims/sim_1/output-maps/thetaliqL0007N0014.asc
ncols         160
nrows         34
xllcorner     620200.000000
yllcorner     5168000.000000
cellsize      0.500000
NODATA_value  -9999.0
[rows 0 to 27 of 34, columns 63 to 125 of 160]
-9999.0 -9999.0 -9999.0 -9999.0 -9999.0 -9999.0 -9999.0 -9999.0 -9999.0 -9999.0 -9999.0 -9999.0 -9999.0 -9999.0 -9999.0 -9999.0 -9999.0 -9999.0 -9999.0 -9999.0 -9999.0 -9999.0 -9999.0 -9999.0 -9999.0 -9999.0 -9999.0 -9999.0 -9999.0 -9999.0 -9999.0 -9999.0 -9999.0 -9999.0 -9999.0 -9999.0 -9999.0 -9999.0 -9999.0 -9999.0 -9999.0 -9999.0 -9999.0 -9999.0 -9999.0 -9999.0 -9999.0 -9999.0 -9999.0 -9999.0 -9999.0 -9999.0 -9999.0 -9999.0 -9999.0 -9999.0 -9999.0 -9999.0 -9999.0 -9999.0 -9999.0 -9999.0 -9999.0
0.318271 0.312343 0.306432 0.303596 0.302877 0.302185 0.301847 0.305500 0.310774 0.315629 0.320046 0.321424 0.322822 0.324158 0.324451 0.323677 0.321759 0.319775 0.317668 0.316748 0.311333 0.303513 0.297042 0.294991 0.298298 0.301559 0.303370 0.307669 0.314897 0.321665 0.326636 0.332838 0.335521 0.337961 0.339473 0.337737 0.336159 0.334489 0.332289 0.326534 -9999.0 -9999.0 -9999.0 -9999.0 -9999.0 -9999.0 -9999.0 -9999.0 -9999.0 -9999.0 -9999.0 -9999.0 -9999.0 -9999.0 -9999.0 -9999.0 -9999.0 -9999.0 -9999.0 -9999.0 -9999.0 -9999.0 -9999.0
0.307980 0.301764 0.297748 0.293616 0.292311 0.292191 0.292146 0.295211 0.302201 0.307666 0.310831 0.312366 0.313908 0.314038 0.313715 0.313422 0.311503 0.309208 0.306879 0.305627 0.305534 0.300164 0.296330 0.293953 0.293168 0.294972 0.296661 0.298781 0.305665 0.311351 0.316771 0.325165 0.331779 0.334419 0.333330 0.330846 0.328999 0.325667 0.320163 0.313745 0.306747 0.301761 0.298015 0.294407 0.298947 0.303501 0.310627 0.317304 0.324512 0.331115 -9999.0 -9999.0 -9999.0 -9999.0 -9999.0 -9999.0 -9999.0 -9999.0 -9999.0 -9999.0 -9999.0 -9999.0 -9999.0
0.299324 0.296441 0.292836 0.289834 0.295385 0.296197 0.296982 0.299222 0.301672 0.303063 0.304967 0.308547 0.314375 0.315998 0.316284 0.316325 0.315148 0.313132 0.311949 0.310093 0.306572 0.305986 0.306327 0.306448 0.310055 0.311048 0.311831 0.307063 0.309285 0.313477 0.317905 0.322291 0.326432 0.329154 0.327576 0.326883 0.322268 0.313922 0.306344 0.300281 0.298377 0.296194 0.290666 0.281615 0.286970 0.298587 0.302036 0.304808 0.312930 0.320624 0.326490 0.327521 0.327348 0.327158 0.325751 0.317647 0.308212 0.297978 0.284126 -9999.0 -9999.0 -9999.0 -9999.0
0.301123 0.298853 0.297922 0.307079 0.313396 0.314433 0.316219 0.318203 0.317209 0.309033 0.307129 0.312872 0.319508 0.323063 0.323133 0.323104 0.322309 0.321674 0.321304 0.319787 0.320537 0.322177 0.322818 0.325907 0.329056 0.330477 0.325582 0.320079 0.320255 0.324719 0.329103 0.333015 0.338401 0.343504 0.342977 0.340536 0.336502 0.329584 0.315928 0.302561 0.295119 0.290455 0.285361 0.284647 0.283259 0.291254 0.292741 0.294104 0.300542 0.307796 0.314467 0.318102 0.317854 0.317580 0.316113 0.310053 0.299956 0.289171 0.276491 0.256271 0.233230 0.211632 0.211023
0.306058 0.308580 0.317459 0.325900 0.334172 0.335544 0.336795 0.336661 0.331638 0.325893 0.323219 0.331649 0.339283 0.342913 0.343424 0.343899 0.347208 0.346386 0.345219 0.342915 0.343995 0.345396 0.349778 0.352238 0.354184 0.353636 0.349988 0.346072 0.345179 0.345741 0.346345 0.348451 0.351982 0.355007 0.353687 0.351285 0.347475 0.334850 0.318878 0.307515 0.308041 0.308389 0.305336 0.303176 0.300482 0.294843 0.294608 0.294312 0.294045 0.302778 0.311099 0.313386 0.309484 0.307113 0.305578 0.299394 0.291434 0.279833 0.266438 0.251260 0.228365 0.222517 0.216478
0.334827 0.338929 0.344845 0.351776 0.358450 0.359532 0.360494 0.361349 0.359284 0.356420 0.353084 0.357142 0.359401 0.361318 0.362134 0.364050 0.365381 0.364815 0.363638 0.362234 0.363300 0.365254 0.366790 0.367321 0.367570 0.367621 0.366913 0.366402 0.366032 0.365941 0.365454 0.365706 0.366792 0.367895 0.367885 0.366999 0.364506 0.358008 0.347049 0.336855 0.338232 0.335046 0.331909 0.329330 0.321007 0.313506 0.313096 0.306637 0.302180 0.309963 0.313910 0.315121 0.311149 0.314638 0.309455 0.296882 0.283718 0.271252 0.259483 0.247344 0.241200 0.233593 0.227508
0.356315 0.358686 0.362522 0.365996 0.368134 0.368848 0.369171 0.369413 0.369254 0.368958 0.368574 0.368785 0.369228 0.369537 0.369733 0.369861 0.369929 0.369905 0.369849 0.369831 0.369867 0.369948 0.369980 0.369988 0.369990 0.369993 0.369989 0.369981 0.369964 0.369937 0.369901 0.369872 0.369941 0.369975 0.369969 0.369874 0.369576 0.368459 0.365415 0.359536 0.357650 0.357037 0.356217 0.351370 0.345384 0.336505 0.330256 0.324869 0.315281 0.317851 0.321361 0.327491 0.332637 0.332087 0.322885 0.311855 0.298243 0.283834 0.272323 0.268457 0.264269 0.256460 0.251270
0.369663 0.369755 0.369883 0.369981 0.369999 0.370000 0.370000 0.370000 0.370000 0.370000 0.370000 0.370000 0.370000 0.370000 0.370000 0.370000 0.370000 0.370000 0.370000 0.370000 0.370000 0.370000 0.370000 0.370000 0.370000 0.370000 0.370000 0.370000 0.370000 0.370000 0.370000 0.370000 0.370000 0.370000 0.370000 0.370000 0.370000 0.370000 0.369984 0.369870 0.369594 0.369536 0.369136 0.368317 0.366552 0.361366 0.356583 0.351140 0.338847 0.336065 0.340978 0.346621 0.348989 0.342631 0.334760 0.324192 0.310783 0.296049 0.290758 0.289482 0.286911 0.282244 0.279982
0.370000 0.370000 0.370000 0.370000 0.370000 0.370000 0.370000 0.370000 0.370000 0.370000 0.370000 0.370000 0.370000 0.370000 0.370000 0.370000 0.370000 0.370000 0.370000 0.370000 0.370000 0.370000 0.370000 0.370000 0.370000 0.370000 0.370000 0.370000 0.370000 0.370000 0.370000 0.370000 0.370000 0.370000 0.370000 0.370000 0.370000 0.370000 0.370000 0.370000 0.370000 0.370000 0.370000 0.369997 0.369923 0.369447 0.368053 0.365348 0.360348 0.358495 0.363033 0.365961 0.364725 0.362773 0.359087 0.352125 0.342493 0.329597 0.324801 0.322432 0.318549 0.314064 0.309631
0.370000 0.370000 0.370000 0.370000 0.370000 0.370000 0.370000 0.370000 0.370000 0.370000 0.370000 0.370000 0.370000 0.370000 0.370000 0.370000 0.370000 0.370000 0.370000 0.370000 0.370000 0.370000 0.370000 0.370000 0.370000 0.370000 0.370000 0.370000 0.370000 0.370000 0.370000 0.370000 0.370000 0.370000 0.370000 0.370000 0.370000 0.370000 0.370000 0.370000 0.370000 0.370000 0.370000 0.370000 0.370000 0.370000 0.370000 0.369999 0.369974 0.369850 0.369960 0.369927 0.369840 0.369589 0.368794 0.367076 0.363855 0.358456 0.355126 0.352921 0.349921 0.347130 0.343223
0.370000 0.370000 0.370000 0.370000 0.370000 0.370000 0.370000 0.370000 0.370000 0.370000 0.370000 0.370000 0.370000 0.370000 0.370000 0.370000 0.370000 0.370000 0.370000 0.370000 0.370000 0.370000 0.370000 0.370000 0.370000 0.370000 0.370000 0.370000 0.370000 0.370000 0.370000 0.370000 0.370000 0.370000 0.370000 0.370000 0.370000 0.370000 0.370000 0.370000 0.370000 0.370000 0.370000 0.370000 0.370000 0.370000 0.370000 0.370000 0.370000 0.370000 0.370000 0.370000 0.370000 0.370000 0.369995 0.369959 0.369711 0.368818 0.367417 0.366409 0.365231 0.363606 0.361202
0.370000 0.370000 0.370000 0.370000 0.370000 0.370000 0.370000 0.370000 0.370000 0.370000 0.370000 0.370000 0.370000 0.370000 0.370000 0.370000 0.370000 0.370000 0.370000 0.370000 0.370000 0.370000 0.370000 0.370000 0.370000 0.370000 0.370000 0.370000 0.370000 0.370000 0.370000 0.370000 0.370000 0.370000 0.370000 0.370000 0.370000 0.370000 0.370000 0.370000 0.370000 0.370000 0.370000 0.370000 0.370000 0.370000 0.370000 0.370000 0.370000 0.370000 0.370000 0.370000 0.370000 0.370000 0.370000 0.370000 0.370000 0.370000 0.369993 0.369975 0.369888 0.369637 0.369159
0.370000 0.370000 0.370000 0.370000 0.370000 0.370000 0.370000 0.370000 0.370000 0.370000 0.370000 0.370000 0.370000 0.370000 0.370000 0.370000 0.370000 0.370000 0.370000 0.370000 0.370000 0.370000 0.370000 0.370000 0.370000 0.370000 0.370000 0.370000 0.370000 0.370000 0.370000 0.370000 0.370000 0.370000 0.370000 0.370000 0.370000 0.370000 0.370000 0.370000 0.370000 0.370000 0.370000 0.370000 0.370000 0.370000 0.370000 0.370000 0.370000 0.370000 0.370000 0.370000 0.370000 0.370000 0.370000 0.370000 0.370000 0.370000 0.370000 0.370000 0.370000 0.370000 0.369999
0.370000 0.370000 0.370000 0.370000 0.370000 0.370000 0.370000 0.370000 0.370000 0.370000 0.370000 0.370000 0.370000 0.370000 0.370000 0.370000 0.370000 0.370000 0.370000 0.370000 0.370000 0.370000 0.370000 0.370000 0.370000 0.370000 0.370000 0.370000 0.370000 0.370000 0.370000 0.370000 0.370000 0.370000 0.370000 0.370000 0.370000 0.370000 0.370000 0.370000 0.370000 0.370000 0.370000 0.370000 0.370000 0.370000 0.370000 0.370000 0.370000 0.370000 0.370000 0.370000 0.370000 0.370000 0.370000 0.370000 0.370000 0.370000 0.370000 0.370000 0.370000 0.370000 0.370000
0.370000 0.370000 0.370000 0.370000 0.370000 0.370000 0.370000 0.370000 0.370000 0.370000 0.370000 0.370000 0.370000 0.370000 0.370000 0.370000 0.370000 0.370000 0.370000 0.370000 0.370000 0.370000 0.370000 0.370000 0.370000 0.370000 0.370000 0.370000 0.370000 0.370000 0.370000 0.370000 0.370000 0.370000 0.370000 0.370000 0.370000 0.370000 0.370000 0.370000 0.370000 0.370000 0.370000 0.370000 0.370000 0.370000 0.370000 0.370000 0.370000 0.370000 0.370000 0.370000 0.370000 0.370000 0.370000 0.370000 0.370000 0.370000 0.370000 0.370000 0.370000 0.370000 0.370000
0.370000 0.370000 0.370000 0.370000 0.370000 0.370000 0.370000 0.370000 0.370000 0.370000 0.370000 0.370000 0.370000 0.370000 0.370000 0.370000 0.370000 0.370000 0.370000 0.370000 0.370000 0.370000 0.370000 0.370000 0.370000 0.370000 0.370000 0.370000 0.370000 0.370000 0.370000 0.370000 0.370000 0.370000 0.370000 0.370000 0.370000 0.370000 0.370000 0.370000 0.370000 0.370000 0.370000 0.370000 0.370000 0.370000 0.370000 0.370000 0.370000 0.370000 0.370000 0.370000 0.370000 0.370000 0.370000 0.370000 0.370000 0.370000 0.370000 0.370000 0.370000 0.370000 0.370000
0.370000 0.370000 0.370000 0.370000 0.370000 0.370000 0.370000 0.370000 0.370000 0.370000 0.370000 0.370000 0.370000 0.370000 0.370000 0.370000 0.370000 0.370000 0.370000 0.370000 0.370000 0.370000 0.370000 0.370000 0.370000 0.370000 0.370000 0.370000 0.370000 0.370000 0.370000 0.370000 0.370000 0.370000 0.370000 0.370000 0.370000 0.370000 0.370000 0.370000 0.370000 0.370000 0.370000 0.370000 0.370000 0.370000 0.370000 0.370000 0.370000 0.370000 0.370000 0.370000 0.370000 0.370000 0.370000 0.370000 0.370000 0.370000 0.370000 0.370000 0.370000 0.370000 0.370000
0.370000 0.370000 0.370000 0.370000 0.370000 0.370000 0.370000 0.370000 0.370000 0.370000 0.370000 0.370000 0.370000 0.370000 0.370000 0.370000 0.370000 0.370000 0.370000 0.370000 0.370000 0.370000 0.370000 0.370000 0.370000 0.370000 0.370000 0.370000 0.370000 0.370000 0.370000 0.370000 0.370000 0.370000 0.370000 0.370000 0.370000 0.370000 0.370000 0.370000 0.370000 0.370000 0.370000 0.370000 0.370000 0.370000 0.370000 0.370000 0.370000 0.370000 0.370000 0.370000 0.370000 0.370000 0.370000 0.370000 0.370000 0.370000 0.370000 0.370000 0.370000 0.370000 0.370000
0.370000 0.370000 0.370000 0.370000 0.370000 0.370000 0.370000 0.370000 0.370000 0.370000 0.370000 0.370000 0.370000 0.370000 0.370000 0.370000 0.370000 0.370000 0.370000 0.370000 0.370000 0.370000 0.370000 0.370000 0.370000 0.370000 0.370000 0.370000 0.370000 0.370000 0.370000 0.370000 0.370000 0.370000 0.370000 0.370000 0.370000 0.370000 0.370000 0.370000 0.370000 0.370000 0.370000 0.370000 0.370000 0.370000 0.370000 0.370000 0.370000 0.370000 0.370000 0.370000 0.370000 0.370000 0.370000 0.370000 0.370000 0.370000 0.370000 0.370000 0.370000 0.370000 0.370000
0.370000 0.370000 0.370000 0.370000 0.370000 0.370000 0.370000 0.370000 0.370000 0.369999 0.369995 0.369995 0.369997 0.369996 0.369985 0.369959 0.369919 0.369844 0.369688 0.369539 0.369659 0.369764 0.369803 0.369819 0.369846 0.369853 0.369847 0.369840 0.369904 0.369945 0.369972 0.369987 0.369995 0.370000 0.370000 0.370000 0.370000 0.370000 0.370000 0.370000 0.370000 0.370000 0.370000 0.370000 0.370000 0.370000 0.370000 0.370000 0.370000 0.370000 0.370000 0.370000 0.370000 0.370000 0.370000 0.370000 0.370000 0.370000 0.370000 0.370000 0.370000 0.370000 0.370000
0.370000 0.370000 0.370000 0.370000 0.369999 0.369986 0.369923 0.369704 0.369021 0.367576 0.365849 0.366352 0.366884 0.367436 0.366331 0.364898 0.363856 0.361527 0.358671 0.355381 0.357433 0.359491 0.362163 0.362688 0.363149 0.363947 0.363764 0.363545 0.362832 0.364203 0.365463 0.366761 0.368449 0.369372 0.369789 0.369936 0.369986 0.369999 0.370000 0.370000 0.370000 0.370000 0.370000 0.370000 0.370000 0.370000 0.370000 0.370000 0.370000 0.370000 0.370000 0.370000 0.370000 0.370000 0.370000 0.370000 0.370000 0.370000 0.370000 0.370000 0.370000 0.370000 0.370000
0.369994 0.369936 0.369522 0.368759 0.367497 0.365111 0.361647 0.356857 0.348555 0.338723 0.326853 0.328934 0.335032 0.341071 0.337361 0.334827 0.332949 0.326592 0.318508 0.309811 0.312301 0.321402 0.330603 0.333821 0.336735 0.340030 0.340031 0.337300 0.333420 0.336235 0.342152 0.348246 0.355098 0.360432 0.364141 0.366510 0.368207 0.369233 0.369742 0.369943 0.369993 0.369999 0.370000 0.370000 0.370000 0.370000 0.370000 0.370000 0.370000 0.370000 0.370000 0.370000 0.370000 0.370000 0.370000 0.370000 0.370000 0.370000 0.370000 0.370000 0.370000 0.370000 0.370000
0.364416 0.358603 0.352479 0.345130 0.336406 0.326138 0.313324 0.299424 0.284397 0.266999 0.250494 0.254778 0.265853 0.276210 0.277415 0.274960 0.272465 0.265930 0.254911 0.244907 0.251422 0.264075 0.276381 0.283855 0.288845 0.293561 0.291483 0.285299 0.279608 0.285533 0.296852 0.307429 0.319048 0.331224 0.341466 0.349699 0.356385 0.361372 0.365158 0.367613 0.369000 0.369652 0.369907 0.369983 0.369995 0.369999 0.370000 0.370000 0.370000 0.370000 0.370000 0.370000 0.370000 0.370000 0.370000 0.370000 0.370000 0.370000 0.370000 0.370000 0.370000 0.370000 0.370000
0.331903 0.313891 0.296662 0.282710 0.274282 0.262173 0.246187 0.234894 0.221316 0.205954 0.204391 0.207474 0.217402 0.219655 0.220249 0.217904 0.217024 0.213100 0.203754 0.207570 0.213651 0.225566 0.234476 0.241993 0.247150 0.250591 0.249921 0.243749 0.245587 0.251532 0.263467 0.272982 0.285070 0.300557 0.312467 0.324432 0.335955 0.345700 0.353709 0.359904 0.364403 0.367024 0.368414 0.368971 0.369376 0.369588 0.369604 0.369829 0.369941 0.369985 0.369999 0.370000 0.370000 0.370000 0.370000 0.370000 0.370000 0.370000 0.370000 0.370000 0.370000 0.370000 0.370000
0.263081 0.239019 0.219080 0.211387 0.203403 0.194942 0.185568 0.176589 0.168476 0.167786 0.166484 0.166488 0.167975 0.169842 0.171337 0.170696 0.170018 0.170192 0.173275 0.175913 0.179480 0.186634 0.194321 0.201535 0.204532 0.207624 0.209569 0.211678 0.213527 0.216959 0.225987 0.235360 0.246202 0.260067 0.273966 0.288561 0.304588 0.319137 0.332504 0.344427 0.353492 0.358715 0.360960 0.362877 0.363765 0.363528 0.363317 0.364821 0.366458 0.367694 0.368950 0.369637 0.369915 0.369998 0.370000 0.370000 0.370000 0.370000 0.370000 0.370000 0.370000 0.370000 0.370000
0.202486 0.183724 0.171803 0.165806 0.160078 0.154494 0.147682 0.142448 0.141260 0.140274 0.139384 0.138783 0.140308 0.141943 0.143867 0.143626 0.143724 0.144883 0.146871 0.149588 0.154146 0.159961 0.166637 0.175127 0.177850 0.180733 0.184193 0.185853 0.187867 0.190801 0.198882 0.207437 0.216909 0.230248 0.244388 0.259916 0.277623 0.296776 0.316478 0.331559 0.343483 0.351226 0.354060 0.355502 0.355387 0.354237 0.351191 0.351582 0.355314 0.356949 0.360622 0.364487 0.366626 0.369168 0.369930 0.369997 0.370000 0.370000 0.370000 0.370000 0.370000 0.370000 0.370000
0.157689 0.148003 0.139119 0.133988 0.129942 0.126262 0.123185 0.122242 0.121230 0.120591 0.120183 0.119739 0.120573 0.121928 0.123301 0.123908 0.124769 0.125704 0.127796 0.131125 0.134583 0.139598 0.146214 0.153444 0.156488 0.159364 0.162359 0.164459 0.166813 0.169163 0.175560 0.183129 0.191024 0.203540 0.217467 0.232202 0.253056 0.276813 0.299110 0.316367 0.330878 0.342139 0.343764 0.344561 0.344549 0.339506 0.332666 0.330513 0.332669 0.333866 0.339049 0.345257 0.350824 0.359715 0.365384 0.368404 0.369706 0.369988 0.370000 0.370000 0.370000 0.370000 0.370000
