tests/Borden05m/sims/sim_1/output-maps/thetaliqL0002N0018.asc
ncols         160
nrows         34
xllcorner     620200.000000
yllcorner     5168000.000000
cellsize      0.500000
NODATA_value  -9999.0
[rows 0 to 27 of 34, columns 0 to 62 of 160]
-9999.0 -9999.0 -9999.0 -9999.0 -9999.0 -9999.0 -9999.0 -9999.0 -9999.0 -9999.0 -9999.0 -9999.0 -9999.0 -9999.0 -9999.0 -9999.0 -9999.0 -9999.0 -9999.0 -9999.0 -9999.0 -9999.0 -9999.0 -9999.0 -9999.0 -9999.0 -9999.0 -9999.0 -9999.0 -9999.0 -9999.0 -9999.0 -9999.0 -9999.0 -9999.0 -9999.0 -9999.0 -9999.0 -9999.0 -9999.0 -9999.0 -9999.0 -9999.0 -9999.0 -9999.0 -9999.0 -9999.0 -9999.0 -9999.0 -9999.0 -9999.0 -9999.0 -9999.0 -9999.0 -9999.0 -9999.0 -9999.0 -9999.0 -9999.0 -9999.0 -9999.0 -9999.0 -9999.0
-9999.0 -9999.0 -9999.0 -9999.0 -9999.0 -9999.0 -9999.0 -9999.0 -9999.0 -9999.0 -9999.0 -9999.0 -9999.0 -9999.0 -9999.0 -9999.0 -9999.0 -9999.0 -9999.0 -9999.0 -9999.0 -9999.0 -9999.0 -9999.0 -9999.0 -9999.0 -9999.0 -9999.0 -9999.0 -9999.0 -9999.0 -9999.0 -9999.0 -9999.0 -9999.0 -9999.0 -9999.0 -9999.0 -9999.0 -9999.0 -9999.0 -9999.0 -9999.0 -9999.0 -9999.0 -9999.0 -9999.0 -9999.0 -9999.0 -9999.0 -9999.0 -9999.0 -9999.0 -9999.0 -9999.0 -9999.0 -9999.0 -9999.0 -9999.0 0.187179 0.186410 0.185869 0.185556
-9999.0 -9999.0 -9999.0 -9999.0 -9999.0 -9999.0 -9999.0 -9999.0 -9999.0 -9999.0 -9999.0 -9999.0 -9999.0 -9999.0 -9999.0 -9999.0 -9999.0 -9999.0 -9999.0 -9999.0 -9999.0 -9999.0 -9999.0 -9999.0 -9999.0 -9999.0 -9999.0 -9999.0 -9999.0 -9999.0 -9999.0 -9999.0 -9999.0 -9999.0 -9999.0 -9999.0 -9999.0 -9999.0 -9999.0 -9999.0 -9999.0 -9999.0 -9999.0 -9999.0 -9999.0 -9999.0 -9999.0 0.181029 0.178936 0.176463 0.175800 0.178555 0.179841 0.181059 0.181901 0.182696 0.183902 0.186061 0.185948 0.182929 0.182624 0.182545 0.182667
-9999.0 -9999.0 -9999.0 -9999.0 -9999.0 -9999.0 -9999.0 -9999.0 -9999.0 -9999.0 -9999.0 -9999.0 -9999.0 -9999.0 -9999.0 -9999.0 -9999.0 -9999.0 -9999.0 -9999.0 -9999.0 -9999.0 -9999.0 -9999.0 -9999.0 -9999.0 -9999.0 -9999.0 -9999.0 -9999.0 -9999.0 -9999.0 -9999.0 -9999.0 -9999.0 -9999.0 -9999.0 -9999.0 -9999.0 -9999.0 0.180973 0.181953 0.182755 0.181323 0.180701 0.180770 0.179270 0.177570 0.175849 0.176350 0.176384 0.175217 0.177115 0.178679 0.179260 0.179760 0.181150 0.183561 0.183423 0.181163 0.179813 0.179403 0.179682
-9999.0 -9999.0 -9999.0 -9999.0 -9999.0 -9999.0 -9999.0 -9999.0 -9999.0 -9999.0 -9999.0 -9999.0 -9999.0 -9999.0 -9999.0 -9999.0 -9999.0 -9999.0 -9999.0 -9999.0 -9999.0 -9999.0 -9999.0 -9999.0 -9999.0 -9999.0 -9999.0 -9999.0 -9999.0 -9999.0 -9999.0 -9999.0 -9999.0 -9999.0 0.176445 0.178215 0.179031 0.179815 0.180984 0.180611 0.180293 0.181147 0.180383 0.180329 0.179363 0.177595 0.175843 0.174868 0.175880 0.175541 0.175548 0.176444 0.177019 0.177256 0.178544 0.180623 0.179630 0.180157 0.179876 0.178949 0.179823 0.180535 0.180994
-9999.0 -9999.0 -9999.0 -9999.0 -9999.0 -9999.0 -9999.0 -9999.0 -9999.0 -9999.0 -9999.0 -9999.0 -9999.0 -9999.0 -9999.0 -9999.0 -9999.0 -9999.0 -9999.0 -9999.0 -9999.0 -9999.0 -9999.0 -9999.0 -9999.0 -9999.0 -9999.0 -9999.0 0.179089 0.178387 0.177850 0.177883 0.177635 0.176686 0.176446 0.176632 0.177592 0.179145 0.179420 0.179238 0.179364 0.178996 0.177953 0.177843 0.178984 0.177905 0.177384 0.176679 0.174943 0.174524 0.175519 0.176481 0.177322 0.177542 0.177680 0.177708 0.177857 0.180490 0.181167 0.179721 0.178927 0.178566 0.178786
-9999.0 -9999.0 -9999.0 -9999.0 -9999.0 -9999.0 -9999.0 -9999.0 -9999.0 -9999.0 -9999.0 -9999.0 -9999.0 -9999.0 -9999.0 -9999.0 -9999.0 -9999.0 -9999.0 -9999.0 -9999.0 -9999.0 -9999.0 0.177856 0.178502 0.178749 0.179319 0.179029 0.177669 0.176805 0.176432 0.176125 0.175413 0.175331 0.175321 0.175786 0.176138 0.177747 0.176960 0.176457 0.177849 0.177513 0.178420 0.179470 0.179219 0.179434 0.177490 0.176056 0.177563 0.178179 0.178111 0.177772 0.178270 0.178954 0.179815 0.181301 0.183203 0.184823 0.187452 0.185692 0.184421 0.182241 0.182466
-9999.0 -9999.0 -9999.0 -9999.0 -9999.0 -9999.0 -9999.0 -9999.0 -9999.0 -9999.0 -9999.0 -9999.0 -9999.0 -9999.0 -9999.0 -9999.0 -9999.0 -9999.0 -9999.0 0.177877 0.177679 0.177287 0.177443 0.176171 0.175636 0.176003 0.176693 0.176287 0.175553 0.174920 0.174996 0.175083 0.174926 0.175895 0.176686 0.176955 0.176755 0.178028 0.178416 0.179153 0.181092 0.179818 0.178576 0.177927 0.177875 0.177518 0.178676 0.179030 0.179137 0.179028 0.179057 0.179336 0.179497 0.181078 0.182573 0.183849 0.185091 0.186782 0.189906 0.188624 0.186207 0.183706 0.183748
-9999.0 -9999.0 -9999.0 -9999.0 -9999.0 -9999.0 -9999.0 -9999.0 -9999.0 -9999.0 -9999.0 -9999.0 -9999.0 -9999.0 -9999.0 -9999.0 0.177687 0.177579 0.177099 0.176325 0.175651 0.175638 0.176163 0.175219 0.174910 0.175124 0.174712 0.175183 0.175691 0.176302 0.176578 0.175898 0.176026 0.175933 0.175859 0.176183 0.177615 0.178952 0.179248 0.180225 0.182000 0.180970 0.180529 0.180578 0.179940 0.180492 0.183172 0.182743 0.181583 0.184431 0.185956 0.185397 0.185107 0.186975 0.189881 0.193772 0.200400 0.205330 0.211290 0.214080 0.208805 0.207991 0.209906
-9999.0 -9999.0 -9999.0 -9999.0 -9999.0 -9999.0 -9999.0 -9999.0 -9999.0 -9999.0 -9999.0 -9999.0 -9999.0 0.177431 0.177336 0.177477 0.176261 0.175319 0.174751 0.173961 0.174979 0.174253 0.174025 0.174202 0.175110 0.175132 0.175238 0.175818 0.175626 0.175349 0.175080 0.174521 0.175291 0.176063 0.176601 0.177736 0.178619 0.179325 0.180640 0.180885 0.181791 0.181449 0.180366 0.180127 0.180967 0.183483 0.185455 0.186175 0.189846 0.193842 0.195858 0.198491 0.199816 0.201691 0.206442 0.221302 0.243706 0.267723 0.282668 0.294757 0.296330 0.298717 0.300790
-9999.0 -9999.0 -9999.0 -9999.0 -9999.0 -9999.0 -9999.0 -9999.0 -9999.0 -9999.0 0.175487 0.176118 0.175191 0.173499 0.172763 0.173152 0.173563 0.172931 0.172952 0.174742 0.175735 0.174048 0.175214 0.175235 0.174515 0.174701 0.175179 0.175260 0.176388 0.176433 0.176451 0.178319 0.178811 0.179340 0.180072 0.180872 0.181589 0.184603 0.187263 0.187223 0.191049 0.193556 0.191524 0.190812 0.191405 0.194370 0.199461 0.207332 0.216072 0.229995 0.244803 0.256232 0.265457 0.276447 0.289043 0.305573 0.322185 0.334815 0.344757 0.349690 0.351509 0.352317 0.353497
-9999.0 -9999.0 -9999.0 -9999.0 -9999.0 -9999.0 -9999.0 -9999.0 0.172992 0.173968 0.174591 0.173815 0.172782 0.170932 0.171634 0.172329 0.172801 0.173507 0.173846 0.174129 0.173701 0.174315 0.175458 0.175150 0.175276 0.176031 0.176054 0.176744 0.177811 0.177323 0.177921 0.178930 0.179828 0.180633 0.181608 0.182206 0.185344 0.189702 0.194661 0.199241 0.206160 0.215606 0.215738 0.217620 0.219883 0.235039 0.259440 0.286425 0.304559 0.317793 0.330219 0.336521 0.340528 0.345106 0.350038 0.353799 0.358565 0.363070 0.366132 0.367545 0.368127 0.368280 0.368569
-9999.0 -9999.0 -9999.0 -9999.0 -9999.0 -9999.0 0.171538 0.173693 0.174754 0.172315 0.170482 0.169879 0.168801 0.171155 0.173283 0.173690 0.174007 0.174388 0.174175 0.172774 0.176086 0.175178 0.174524 0.175553 0.175472 0.175559 0.176208 0.177702 0.178385 0.181450 0.183774 0.185843 0.188652 0.190464 0.192429 0.194822 0.201484 0.212851 0.230351 0.252284 0.276402 0.297419 0.304540 0.308028 0.311994 0.319355 0.331786 0.343167 0.353284 0.360037 0.363530 0.364791 0.365760 0.366679 0.367578 0.368321 0.368951 0.369477 0.369763 0.369904 0.369955 0.369967 0.369986
-9999.0 -9999.0 -9999.0 -9999.0 0.172693 0.173175 0.172789 0.174690 0.176033 0.173048 0.174119 0.173603 0.172642 0.171470 0.170082 0.171090 0.171673 0.172067 0.171894 0.175118 0.177920 0.176115 0.177546 0.180355 0.179744 0.180061 0.180221 0.181553 0.184032 0.187292 0.195044 0.202998 0.209345 0.217632 0.227097 0.241962 0.267959 0.296099 0.314122 0.329204 0.341184 0.349063 0.353438 0.355642 0.358027 0.360455 0.363140 0.365904 0.367893 0.369154 0.369637 0.369792 0.369848 0.369898 0.369941 0.369976 0.369999 0.370000 0.370000 0.370000 0.370000 0.370000 0.370000
-9999.0 -9999.0 -9999.0 0.171401 0.173511 0.174299 0.173287 0.173681 0.175327 0.173741 0.173450 0.173197 0.173058 0.173097 0.172989 0.173593 0.173700 0.173232 0.173673 0.175632 0.176566 0.178244 0.179562 0.181633 0.183443 0.184160 0.185178 0.187859 0.194856 0.204028 0.223902 0.259509 0.289854 0.305336 0.314118 0.324941 0.334764 0.346638 0.355360 0.361145 0.364988 0.367081 0.368311 0.368828 0.369059 0.369274 0.369584 0.369799 0.369922 0.369995 0.370000 0.370000 0.370000 0.370000 0.370000 0.370000 0.370000 0.370000 0.370000 0.370000 0.370000 0.370000 0.370000
-9999.0 -9999.0 0.171764 0.172963 0.172154 0.173685 0.175402 0.174210 0.176279 0.176981 0.174915 0.176129 0.176772 0.175506 0.176366 0.177332 0.177787 0.176179 0.175032 0.177415 0.182664 0.187232 0.189962 0.202524 0.211016 0.217056 0.220371 0.231647 0.253512 0.289712 0.315296 0.336251 0.349683 0.357216 0.359757 0.362257 0.365104 0.367138 0.368617 0.369366 0.369717 0.369898 0.369971 0.369999 0.369999 0.370000 0.370000 0.370000 0.370000 0.370000 0.370000 0.370000 0.370000 0.370000 0.370000 0.370000 0.370000 0.370000 0.370000 0.370000 0.370000 0.370000 0.370000
-9999.0 -9999.0 0.170408 0.172377 0.171036 0.174199 0.177178 0.174326 0.175240 0.178367 0.177549 0.177947 0.177634 0.177910 0.179347 0.182262 0.180741 0.180170 0.177024 0.184723 0.192337 0.207678 0.245434 0.286711 0.307935 0.311459 0.313665 0.321057 0.331757 0.347601 0.360006 0.366548 0.368790 0.369464 0.369659 0.369796 0.369919 0.369996 0.369999 0.370000 0.370000 0.370000 0.370000 0.370000 0.370000 0.370000 0.370000 0.370000 0.370000 0.370000 0.370000 0.370000 0.370000 0.370000 0.370000 0.370000 0.370000 0.370000 0.370000 0.370000 0.370000 0.370000 0.370000
-9999.0 0.169953 0.170936 0.171016 0.173061 0.172462 0.174956 0.178619 0.178475 0.179824 0.179910 0.177921 0.185659 0.192961 0.195701 0.202732 0.199797 0.197634 0.193321 0.203178 0.225894 0.290028 0.342108 0.356338 0.360551 0.360767 0.360106 0.362065 0.365088 0.368082 0.369774 0.369997 0.370000 0.370000 0.370000 0.370000 0.370000 0.370000 0.370000 0.370000 0.370000 0.370000 0.370000 0.370000 0.370000 0.370000 0.370000 0.370000 0.370000 0.370000 0.370000 0.370000 0.370000 0.370000 0.370000 0.370000 0.370000 0.370000 0.370000 0.369999 0.369998 0.369998 0.369997
-9999.0 0.167027 0.170828 0.173143 0.172296 0.170782 0.176467 0.185401 0.182256 0.181342 0.181148 0.187486 0.209181 0.236353 0.260411 0.285810 0.284750 0.276404 0.278137 0.300119 0.326741 0.354201 0.368113 0.369752 0.369648 0.369655 0.369701 0.369857 0.369962 0.369996 0.370000 0.370000 0.370000 0.370000 0.370000 0.370000 0.370000 0.370000 0.370000 0.370000 0.370000 0.370000 0.370000 0.370000 0.370000 0.370000 0.370000 0.370000 0.370000 0.370000 0.370000 0.370000 0.369999 0.369999 0.369999 0.369999 0.369997 0.369990 0.369980 0.369965 0.369941 0.369924 0.369924
-9999.0 0.170087 0.174504 0.173397 0.169858 0.175254 0.177595 0.183955 0.189313 0.188080 0.197385 0.235215 0.291376 0.324156 0.339899 0.347036 0.351082 0.350975 0.356595 0.364641 0.369194 0.369996 0.370000 0.370000 0.370000 0.369998 0.369996 0.369996 0.369997 0.369999 0.370000 0.370000 0.370000 0.370000 0.370000 0.370000 0.370000 0.370000 0.370000 0.370000 0.370000 0.370000 0.370000 0.370000 0.370000 0.370000 0.369999 0.369999 0.369997 0.369994 0.369990 0.369986 0.369984 0.369979 0.369972 0.369961 0.369929 0.369870 0.369774 0.369650 0.369481 0.369273 0.369282
-9999.0 0.165159 0.171246 0.166186 0.173564 0.180085 0.179253 0.190322 0.205933 0.214241 0.273151 0.318113 0.347859 0.359891 0.365034 0.367942 0.368968 0.369543 0.369869 0.369980 0.370000 0.370000 0.370000 0.370000 0.370000 0.369999 0.369994 0.369979 0.369969 0.369970 0.369986 0.369997 0.369999 0.370000 0.370000 0.370000 0.370000 0.369999 0.369999 0.369998 0.369994 0.369992 0.369993 0.369995 0.369992 0.369986 0.369977 0.369963 0.369940 0.369907 0.369865 0.369819 0.369793 0.369742 0.369725 0.369650 0.369234 0.368738 0.368131 0.367317 0.366196 0.364252 0.364034
-9999.0 0.161615 0.165813 0.169128 0.175678 0.180503 0.185913 0.199117 0.238738 0.291554 0.328149 0.343068 0.358501 0.366493 0.369221 0.369710 0.369842 0.369878 0.369921 0.369952 0.369960 0.369999 0.370000 0.370000 0.369996 0.369983 0.369954 0.369910 0.369886 0.369901 0.369924 0.369949 0.369965 0.369977 0.369974 0.369968 0.369971 0.369960 0.369944 0.369922 0.369894 0.369856 0.369829 0.369811 0.369782 0.369762 0.369679 0.369537 0.369349 0.369156 0.368926 0.368712 0.368627 0.368453 0.368207 0.367710 0.365903 0.363235 0.360252 0.356216 0.348072 0.343801 0.340897
-9999.0 0.154065 0.167303 0.169080 0.172972 0.174188 0.175436 0.184086 0.200884 0.284130 0.351507 0.355234 0.359205 0.364326 0.368436 0.369641 0.369710 0.369289 0.368734 0.368472 0.368854 0.369400 0.369660 0.369817 0.369829 0.369812 0.369761 0.369651 0.369480 0.369410 0.369425 0.369387 0.369370 0.369430 0.369411 0.369476 0.369517 0.369359 0.369097 0.368682 0.368195 0.367746 0.367566 0.367571 0.367492 0.367267 0.366739 0.365939 0.364777 0.363525 0.362398 0.361531 0.360611 0.359251 0.357556 0.355486 0.349415 0.342916 0.335067 0.322364 0.303650 0.287919 0.280186
-9999.0 -9999.0 0.161139 0.169085 0.170184 0.171472 0.172714 0.179166 0.187005 0.222108 0.282582 0.315532 0.332628 0.345788 0.358569 0.364696 0.365300 0.365835 0.363103 0.363203 0.364083 0.365087 0.366197 0.367077 0.367597 0.367812 0.367905 0.367763 0.367281 0.366447 0.365339 0.364410 0.363803 0.363320 0.364157 0.365179 0.365040 0.364370 0.363080 0.361032 0.358949 0.356522 0.355802 0.355991 0.355923 0.355208 0.353927 0.350800 0.347198 0.343065 0.340902 0.338708 0.336439 0.332320 0.327876 0.322642 0.312657 0.301629 0.285104 0.252699 0.224247 0.207303 0.199731
-9999.0 -9999.0 0.152818 0.164907 0.170437 0.174418 0.173893 0.174804 0.184251 0.189693 0.199340 0.217459 0.243196 0.277603 0.298732 0.318043 0.325509 0.328891 0.329049 0.332873 0.339914 0.345899 0.349626 0.352832 0.355425 0.357242 0.358669 0.356874 0.354819 0.351344 0.346298 0.339726 0.335751 0.333324 0.335007 0.337817 0.336086 0.332286 0.326774 0.320029 0.314790 0.309659 0.308217 0.307728 0.307643 0.306529 0.304908 0.299882 0.292361 0.285506 0.279289 0.273478 0.269698 0.262283 0.253101 0.246114 0.232282 0.219240 0.209436 0.200875 0.193280 0.189570 0.186541
-9999.0 -9999.0 -9999.0 0.154054 0.161680 0.167697 0.170156 0.167075 0.169691 0.174445 0.178052 0.183829 0.187856 0.192715 0.200802 0.213091 0.221062 0.223883 0.224413 0.244579 0.259895 0.283605 0.298996 0.304363 0.309890 0.315380 0.316965 0.313055 0.309264 0.302721 0.290849 0.273628 0.261731 0.261119 0.261227 0.263545 0.259132 0.254336 0.244894 0.235564 0.227498 0.221901 0.219845 0.218017 0.217069 0.215625 0.214168 0.211228 0.208033 0.205295 0.203052 0.202370 0.201696 0.200521 0.199064 0.198044 0.196538 0.192192 0.189163 0.186432 0.183776 0.181541 0.179538
-9999.0 -9999.0 -9999.0 -9999.0 -9999.0 0.149452 0.164351 0.167474 0.167781 0.166772 0.168366 0.174360 0.173625 0.174606 0.177330 0.178947 0.179676 0.181606 0.185685 0.189821 0.195444 0.200618 0.208287 0.216150 0.221110 0.227305 0.229641 0.224747 0.220337 0.214256 0.206188 0.199489 0.198677 0.199087 0.199330 0.199141 0.198055 0.197237 0.196091 0.193575 0.191388 0.190882 0.190536 0.190096 0.189610 0.189245 0.188930 0.188768 0.187448 0.186240 0.186838 0.186602 0.186452 0.186515 0.185939 0.185642 0.185777 0.182827 0.181141 0.181605 0.179059 0.177379 0.177731
-9999.0 -9999.0 -9999.0 -9999.0 -9999.0 -9999.0 0.147775 0.157079 0.164642 0.166833 0.170194 0.172836 0.169454 0.170764 0.172142 0.173568 0.175791 0.175806 0.176775 0.178283 0.180430 0.181679 0.184286 0.187878 0.188123 0.189159 0.191137 0.188970 0.187791 0.187089 0.183174 0.183569 0.183005 0.183411 0.183562 0.183953 0.183465 0.183007 0.182753 0.181100 0.180990 0.180566 0.180406 0.180240 0.180069 0.179989 0.180011 0.180071 0.179092 0.179650 0.179894 0.179634 0.179518 0.179707 0.179472 0.179026 0.179153 0.177953 0.177742 0.177719 0.175738 0.175719 0.175585
