tests/Borden05m/sims/sim_1/output-maps/thetaliqL0001N0016.asc
ncols         160
nrows         34
xllcorner     620200.000000
yllcorner     5168000.000000
cellsize      0.500000
NODATA_value  -9999.0
[rows 0 to 27 of 34, columns 63 to 125 of 160]
-9999.0 -9999.0 -9999.0 -9999.0 -9999.0 -9999.0 -9999.0 -9999.0 -9999.0 -9999.0 -9999.0 -9999.0 -9999.0 -9999.0 -9999.0 -9999.0 -9999.0 -9999.0 -9999.0 -9999.0 -9999.0 -9999.0 -9999.0 -9999.0 -9999.0 -9999.0 -9999.0 -9999.0 -9999.0 -9999.0 -9999.0 -9999.0 -9999.0 -9999.0 -9999.0 -9999.0 -9999.0 -9999.0 -9999.0 -9999.0 -9999.0 -9999.0 -9999.0 -9999.0 -9999.0 -9999.0 -9999.0 -9999.0 -9999.0 -9999.0 -9999.0 -9999.0 -9999.0 -9999.0 -9999.0 -9999.0 -9999.0 -9999.0 -9999.0 -9999.0 -9999.0 -9999.0 -9999.0
0.183655 0.182889 0.181986 0.181849 0.181955 0.181793 0.181435 0.181911 0.182527 0.183057 0.183807 0.183661 0.183751 0.184041 0.184120 0.183988 0.183642 0.183418 0.183154 0.183519 0.182480 0.181146 0.180134 0.179931 0.180796 0.181311 0.181214 0.181701 0.182765 0.183683 0.183995 0.185111 0.184942 0.185392 0.186131 0.185540 0.185397 0.185481 0.185696 0.184136 -9999.0 -9999.0 -9999.0 -9999.0 -9999.0 -9999.0 -9999.0 -9999.0 -9999.0 -9999.0 -9999.0 -9999.0 -9999.0 -9999.0 -9999.0 -9999.0 -9999.0 -9999.0 -9999.0 -9999.0 -9999.0 -9999.0 -9999.0
0.181508 0.180453 0.180194 0.179421 0.179094 0.179007 0.178701 0.178944 0.180217 0.181131 0.181393 0.181199 0.181101 0.180827 0.180630 0.180693 0.180373 0.180080 0.179768 0.179857 0.180655 0.179693 0.179217 0.178753 0.178263 0.178449 0.178603 0.178660 0.179862 0.180333 0.180666 0.182319 0.183881 0.184295 0.183659 0.182966 0.183137 0.183076 0.182435 0.181814 0.181792 0.181492 0.181366 0.180795 0.181679 0.181671 0.182681 0.183539 0.184548 0.186062 -9999.0 -9999.0 -9999.0 -9999.0 -9999.0 -9999.0 -9999.0 -9999.0 -9999.0 -9999.0 -9999.0 -9999.0 -9999.0
0.179976 0.179621 0.178874 0.177762 0.179016 0.178843 0.178727 0.178953 0.179376 0.179529 0.179730 0.180029 0.181186 0.181098 0.180998 0.181057 0.180857 0.180485 0.180517 0.180315 0.179355 0.179510 0.179747 0.179544 0.180496 0.180547 0.181084 0.179406 0.179675 0.180078 0.180369 0.180586 0.180845 0.181208 0.180474 0.180987 0.180395 0.179097 0.178773 0.178874 0.179906 0.180438 0.179793 0.177540 0.178726 0.181269 0.181077 0.180679 0.181942 0.183193 0.184975 0.184731 0.184577 0.184770 0.185100 0.183578 0.182620 0.181935 0.179849 -9999.0 -9999.0 -9999.0 -9999.0
0.179935 0.179123 0.178159 0.180208 0.181060 0.180604 0.180840 0.181435 0.181444 0.178880 0.178222 0.179205 0.180250 0.180697 0.180234 0.180012 0.179586 0.179591 0.179857 0.179583 0.179983 0.180330 0.179908 0.180571 0.181321 0.182038 0.180403 0.178949 0.179028 0.180224 0.181103 0.181561 0.182853 0.184893 0.184546 0.184070 0.183825 0.183553 0.181185 0.179080 0.178260 0.177908 0.177310 0.177777 0.177354 0.179340 0.179185 0.178865 0.179841 0.180601 0.181573 0.182266 0.182147 0.182398 0.182720 0.182295 0.181231 0.180677 0.180331 0.179395 0.177598 0.174327 0.174562
0.177903 0.177955 0.179772 0.180784 0.182529 0.181901 0.181957 0.181890 0.180127 0.178810 0.177924 0.180549 0.182693 0.183410 0.182838 0.182370 0.184328 0.183739 0.183469 0.182303 0.182722 0.182578 0.184668 0.185484 0.186595 0.186159 0.184081 0.182364 0.182258 0.182425 0.182208 0.182693 0.184007 0.185687 0.184471 0.183909 0.183960 0.180362 0.177640 0.176720 0.178556 0.179623 0.179426 0.179598 0.179678 0.178320 0.178637 0.178784 0.178154 0.179706 0.181274 0.181447 0.180101 0.179652 0.180269 0.180119 0.180209 0.179587 0.178903 0.178422 0.175341 0.176312 0.174698
0.181830 0.182546 0.183570 0.185530 0.189356 0.188625 0.188890 0.190180 0.188067 0.186116 0.183261 0.186418 0.187189 0.188296 0.188183 0.190765 0.193113 0.191661 0.189686 0.187411 0.188792 0.191897 0.194891 0.195634 0.196003 0.196569 0.194410 0.193805 0.193310 0.193476 0.192066 0.192125 0.194387 0.198330 0.198772 0.196744 0.192963 0.187538 0.182863 0.180416 0.183106 0.182284 0.181904 0.182328 0.180600 0.179600 0.181011 0.179722 0.178742 0.180852 0.181072 0.180773 0.179052 0.181146 0.180769 0.179060 0.177936 0.177355 0.176919 0.176123 0.176845 0.176370 0.175006
0.183976 0.184693 0.187504 0.191690 0.196885 0.200127 0.203069 0.206321 0.203825 0.201101 0.198076 0.198574 0.202178 0.205996 0.210709 0.216295 0.222710 0.220978 0.217624 0.217308 0.218766 0.225942 0.233352 0.236705 0.238961 0.243164 0.240263 0.235012 0.229295 0.223982 0.219624 0.216414 0.222307 0.229173 0.227821 0.215698 0.206664 0.198090 0.191021 0.184396 0.184393 0.185477 0.186448 0.184132 0.183003 0.180946 0.180482 0.180642 0.178506 0.179638 0.179904 0.181392 0.183646 0.184177 0.182201 0.181122 0.179921 0.178666 0.177690 0.178461 0.178759 0.177832 0.176897
0.210342 0.211895 0.216796 0.232558 0.261159 0.285696 0.301281 0.303852 0.299112 0.292828 0.281716 0.275152 0.284945 0.294463 0.301871 0.307280 0.312051 0.315401 0.315168 0.315215 0.316186 0.317373 0.319624 0.322343 0.325082 0.328087 0.329145 0.325599 0.321762 0.317441 0.313357 0.312181 0.310915 0.313175 0.312871 0.304686 0.290281 0.265782 0.236769 0.218818 0.208247 0.207949 0.203367 0.199754 0.195874 0.188552 0.186538 0.185404 0.180132 0.179600 0.181336 0.183634 0.185315 0.182318 0.181008 0.179828 0.178541 0.176923 0.177627 0.178573 0.178893 0.178598 0.178590
0.300346 0.303191 0.306229 0.319660 0.334532 0.346306 0.353702 0.356058 0.354019 0.351453 0.348207 0.345000 0.344932 0.348883 0.353137 0.356655 0.358623 0.359278 0.358977 0.359001 0.359182 0.359710 0.360058 0.360729 0.361735 0.363202 0.364718 0.364434 0.362385 0.360254 0.357132 0.355292 0.354368 0.352880 0.352674 0.352582 0.345945 0.336813 0.323951 0.309587 0.298742 0.283662 0.265442 0.247924 0.222798 0.206679 0.196397 0.189768 0.184016 0.182946 0.189223 0.195343 0.192115 0.190857 0.188901 0.185817 0.183384 0.180351 0.180763 0.181245 0.180918 0.180520 0.180033
0.353055 0.354633 0.356591 0.360030 0.364702 0.367654 0.369026 0.369233 0.369058 0.368804 0.368354 0.368000 0.367907 0.368114 0.368450 0.368882 0.369175 0.369408 0.369424 0.369426 0.369415 0.369443 0.369473 0.369477 0.369553 0.369677 0.369763 0.369781 0.369693 0.369477 0.369063 0.368534 0.368054 0.367671 0.367578 0.367584 0.367540 0.366146 0.362671 0.354792 0.346306 0.337965 0.332114 0.325486 0.319228 0.303027 0.292074 0.267391 0.236953 0.217518 0.228133 0.219660 0.213764 0.207336 0.200458 0.195516 0.191380 0.187289 0.186758 0.186788 0.186047 0.185817 0.185041
0.368696 0.368974 0.369285 0.369553 0.369764 0.369927 0.369998 0.370000 0.369995 0.369999 0.369977 0.369975 0.369997 0.369997 0.369998 0.369998 0.369999 0.370000 0.370000 0.370000 0.370000 0.370000 0.370000 0.370000 0.370000 0.370000 0.370000 0.370000 0.370000 0.370000 0.369999 0.369965 0.369925 0.369899 0.369879 0.369873 0.369859 0.369797 0.369527 0.368592 0.366583 0.363985 0.361311 0.358914 0.356993 0.355257 0.351710 0.343831 0.329109 0.313480 0.305847 0.300601 0.290673 0.267383 0.241515 0.226055 0.210234 0.199149 0.193868 0.192963 0.192078 0.190963 0.189371
0.369998 0.369999 0.370000 0.370000 0.370000 0.370000 0.370000 0.370000 0.370000 0.370000 0.370000 0.370000 0.370000 0.370000 0.370000 0.370000 0.370000 0.370000 0.370000 0.370000 0.370000 0.370000 0.370000 0.370000 0.370000 0.370000 0.370000 0.370000 0.370000 0.370000 0.370000 0.370000 0.370000 0.370000 0.370000 0.370000 0.370000 0.370000 0.369999 0.369966 0.369829 0.369464 0.369030 0.368734 0.368505 0.368283 0.367578 0.366118 0.363387 0.357868 0.348457 0.344572 0.338809 0.328755 0.319699 0.313045 0.296911 0.269137 0.240830 0.229057 0.216059 0.207022 0.202178
0.370000 0.370000 0.370000 0.370000 0.370000 0.370000 0.370000 0.370000 0.370000 0.370000 0.370000 0.370000 0.370000 0.370000 0.370000 0.370000 0.370000 0.370000 0.370000 0.370000 0.370000 0.370000 0.370000 0.370000 0.370000 0.370000 0.370000 0.370000 0.370000 0.370000 0.370000 0.370000 0.370000 0.370000 0.370000 0.370000 0.370000 0.370000 0.370000 0.370000 0.370000 0.369999 0.369971 0.369943 0.369940 0.369927 0.369896 0.369735 0.369336 0.368298 0.365992 0.363837 0.362066 0.360585 0.358793 0.355950 0.346897 0.333615 0.320069 0.309983 0.295616 0.274565 0.250474
0.370000 0.370000 0.370000 0.370000 0.370000 0.370000 0.370000 0.370000 0.370000 0.370000 0.370000 0.370000 0.370000 0.370000 0.370000 0.370000 0.370000 0.370000 0.370000 0.370000 0.370000 0.370000 0.370000 0.370000 0.370000 0.370000 0.370000 0.370000 0.370000 0.370000 0.370000 0.370000 0.370000 0.370000 0.370000 0.370000 0.370000 0.370000 0.370000 0.370000 0.370000 0.370000 0.370000 0.370000 0.370000 0.370000 0.370000 0.369995 0.369971 0.369888 0.369635 0.369097 0.368787 0.368546 0.368184 0.367693 0.365313 0.361028 0.354474 0.347366 0.338915 0.328937 0.318056
0.370000 0.370000 0.370000 0.370000 0.370000 0.370000 0.370000 0.370000 0.370000 0.370000 0.370000 0.370000 0.370000 0.369996 0.369989 0.369983 0.369982 0.369987 0.369992 0.369994 0.369996 0.369993 0.369992 0.369986 0.369979 0.369979 0.369982 0.369989 0.369995 0.369995 0.369996 0.369994 0.369993 0.369991 0.369992 0.369997 0.370000 0.370000 0.370000 0.370000 0.370000 0.370000 0.370000 0.370000 0.370000 0.370000 0.370000 0.370000 0.370000 0.370000 0.369993 0.369962 0.369935 0.369913 0.369863 0.369815 0.369518 0.368649 0.366851 0.364005 0.360118 0.355480 0.349601
0.370000 0.370000 0.370000 0.370000 0.369998 0.369995 0.369989 0.369989 0.369992 0.369993 0.369989 0.369976 0.369937 0.369860 0.369742 0.369690 0.369637 0.369610 0.369724 0.369835 0.369865 0.369792 0.369721 0.369574 0.369462 0.369423 0.369456 0.369595 0.369776 0.369875 0.369878 0.369831 0.369776 0.369745 0.369743 0.369829 0.369940 0.369979 0.369992 0.369997 0.370000 0.370000 0.370000 0.370000 0.370000 0.370000 0.370000 0.370000 0.370000 0.370000 0.370000 0.370000 0.370000 0.370000 0.369998 0.369992 0.369969 0.369863 0.369592 0.368973 0.368053 0.366872 0.364676
0.369991 0.369988 0.369980 0.369968 0.369928 0.369872 0.369780 0.369750 0.369736 0.369755 0.369641 0.369467 0.369017 0.368454 0.367686 0.367168 0.366764 0.366359 0.366946 0.367915 0.368340 0.367568 0.366935 0.365881 0.365263 0.364951 0.365058 0.365918 0.367550 0.368432 0.368647 0.368331 0.368009 0.367859 0.367877 0.368205 0.368899 0.369418 0.369706 0.369839 0.369910 0.369944 0.369968 0.369986 0.369996 0.370000 0.370000 0.370000 0.370000 0.370000 0.370000 0.370000 0.370000 0.370000 0.370000 0.370000 0.370000 0.369998 0.369978 0.369891 0.369744 0.369493 0.369104
0.369833 0.369788 0.369696 0.368965 0.368399 0.367548 0.366597 0.366225 0.365651 0.365393 0.364409 0.363482 0.361770 0.359088 0.355724 0.352314 0.351151 0.350083 0.349139 0.352031 0.353177 0.352296 0.350354 0.348139 0.346870 0.346079 0.347206 0.350790 0.353956 0.356589 0.357622 0.356429 0.357434 0.358522 0.358550 0.361195 0.363315 0.365384 0.367133 0.368338 0.368818 0.369115 0.369377 0.369636 0.369817 0.369928 0.369979 0.369997 0.370000 0.370000 0.370000 0.370000 0.370000 0.370000 0.370000 0.370000 0.370000 0.370000 0.370000 0.369998 0.369989 0.369968 0.369915
0.368881 0.368676 0.367163 0.363306 0.358618 0.355038 0.350102 0.347556 0.345132 0.338115 0.333056 0.329478 0.329694 0.324653 0.317408 0.311319 0.308717 0.307076 0.303189 0.302059 0.303567 0.307138 0.303887 0.301965 0.302810 0.301703 0.301002 0.304957 0.310849 0.314197 0.317578 0.320713 0.322620 0.325284 0.334680 0.339985 0.344719 0.350505 0.355797 0.360162 0.362942 0.364448 0.365840 0.367279 0.368224 0.369027 0.369549 0.369846 0.369944 0.369975 0.369989 0.369996 0.370000 0.370000 0.370000 0.370000 0.370000 0.370000 0.370000 0.370000 0.370000 0.370000 0.369999
0.361663 0.359850 0.351305 0.339036 0.326535 0.317414 0.307380 0.301000 0.288781 0.265161 0.248785 0.248421 0.252278 0.247530 0.235907 0.227223 0.221943 0.217175 0.211407 0.208297 0.211228 0.214454 0.214272 0.214053 0.215164 0.215004 0.214675 0.215053 0.221135 0.225840 0.231368 0.236474 0.241497 0.262261 0.283818 0.296873 0.307475 0.316783 0.327137 0.336986 0.343941 0.348382 0.353182 0.357482 0.361171 0.364132 0.366617 0.368363 0.369159 0.369482 0.369685 0.369832 0.369942 0.369984 0.369997 0.370000 0.370000 0.370000 0.370000 0.370000 0.370000 0.370000 0.370000
0.334531 0.322904 0.305894 0.285322 0.258361 0.237180 0.222992 0.212984 0.204107 0.197343 0.193549 0.195762 0.196997 0.199016 0.195645 0.193032 0.192372 0.190103 0.188133 0.185627 0.187633 0.188561 0.190974 0.190741 0.190811 0.191904 0.191354 0.191180 0.189716 0.191507 0.192592 0.193942 0.198858 0.204306 0.211092 0.218649 0.229511 0.246621 0.270986 0.293592 0.308120 0.317291 0.326101 0.335091 0.342284 0.348415 0.354479 0.360026 0.363548 0.365575 0.367163 0.368142 0.369074 0.369641 0.369879 0.369979 0.369996 0.370000 0.370000 0.370000 0.370000 0.370000 0.370000
0.252016 0.230816 0.211533 0.202790 0.198258 0.194097 0.191217 0.189084 0.185827 0.183635 0.180491 0.181699 0.183376 0.185844 0.183770 0.183436 0.183835 0.182626 0.181376 0.179384 0.179704 0.181305 0.183261 0.183169 0.183566 0.184709 0.184736 0.183837 0.182032 0.182486 0.183666 0.184847 0.187261 0.189632 0.192104 0.194414 0.197879 0.202462 0.208418 0.218148 0.233324 0.249526 0.274153 0.296786 0.309287 0.316105 0.324053 0.335338 0.342544 0.349149 0.354752 0.358423 0.363171 0.366604 0.368729 0.369622 0.369901 0.369964 0.369987 0.369996 0.370000 0.370000 0.370000
0.192127 0.187753 0.186066 0.184589 0.183023 0.181750 0.180426 0.179246 0.178290 0.176826 0.173948 0.175125 0.176778 0.178701 0.178748 0.178539 0.178696 0.178238 0.176927 0.174623 0.175580 0.176981 0.178275 0.178675 0.178926 0.179743 0.179163 0.177970 0.176267 0.176987 0.178301 0.179052 0.180035 0.181504 0.183108 0.184751 0.186735 0.188858 0.191853 0.195500 0.200068 0.205695 0.213306 0.225204 0.234828 0.247259 0.262047 0.283104 0.299153 0.310331 0.321247 0.331950 0.343516 0.354814 0.362342 0.366530 0.368623 0.369365 0.369686 0.369852 0.369958 0.369992 0.370000
0.183278 0.181076 0.179773 0.178776 0.179265 0.178810 0.177462 0.177521 0.176820 0.174516 0.175311 0.175971 0.177855 0.177524 0.177422 0.176975 0.177277 0.176970 0.174744 0.175843 0.176331 0.177643 0.177886 0.178170 0.178389 0.178634 0.178363 0.176759 0.177083 0.177514 0.178733 0.178784 0.179308 0.180766 0.181238 0.182181 0.183541 0.185040 0.186895 0.189241 0.192620 0.196279 0.199996 0.201407 0.204232 0.206817 0.205312 0.211416 0.219179 0.229971 0.249803 0.276103 0.300182 0.320184 0.338985 0.352758 0.360870 0.365706 0.367471 0.368665 0.369385 0.369757 0.369920
0.177760 0.176239 0.174715 0.175527 0.175668 0.175601 0.175318 0.174881 0.173878 0.175031 0.175176 0.175091 0.174991 0.174990 0.175138 0.174914 0.174786 0.174844 0.175718 0.175844 0.175563 0.175923 0.176197 0.176500 0.176150 0.176245 0.176271 0.176594 0.176553 0.176317 0.176902 0.177091 0.177294 0.177897 0.178334 0.178899 0.179959 0.180822 0.181948 0.183934 0.186454 0.188298 0.188630 0.190057 0.190733 0.189634 0.188694 0.190631 0.192767 0.194806 0.199663 0.205742 0.215842 0.249383 0.293933 0.318691 0.335794 0.348761 0.356712 0.361889 0.365192 0.367720 0.368922
0.176115 0.174825 0.174571 0.175208 0.175278 0.175267 0.174515 0.173798 0.174498 0.174766 0.174716 0.174431 0.174743 0.174869 0.175268 0.174881 0.174689 0.174797 0.174897 0.174841 0.175136 0.175355 0.175536 0.176497 0.175987 0.175952 0.176289 0.176149 0.176049 0.175801 0.176458 0.176704 0.176797 0.177390 0.177762 0.178182 0.178790 0.179797 0.181720 0.183279 0.185363 0.187405 0.187811 0.188152 0.187673 0.187184 0.185050 0.185035 0.187272 0.186911 0.188776 0.192097 0.192865 0.201888 0.219863 0.245092 0.283217 0.307749 0.329751 0.341244 0.351439 0.359031 0.363965
0.174389 0.174472 0.173874 0.174039 0.173978 0.173594 0.173115 0.173650 0.173606 0.173550 0.173586 0.173424 0.173716 0.173943 0.174177 0.174041 0.174016 0.173606 0.173596 0.174019 0.174073 0.174340 0.174903 0.175660 0.175176 0.175090 0.175108 0.174936 0.174964 0.174698 0.175238 0.175656 0.175795 0.176503 0.176838 0.176546 0.177393 0.178835 0.180331 0.181408 0.183107 0.185804 0.185032 0.184954 0.185276 0.183531 0.181458 0.181392 0.182062 0.181570 0.183014 0.183989 0.184080 0.188104 0.191978 0.197284 0.207234 0.231717 0.276370 0.302657 0.320289 0.335270 0.346093
