tests/Borden05m/sims/sim_1/output-maps/thetaliqL0001N0019.asc
ncols         160
nrows         34
xllcorner     620200.000000
yllcorner     5168000.000000
cellsize      0.500000
NODATA_value  -9999.0
[rows 0 to 27 of 34, columns 0 to 62 of 160]
-9999.0 -9999.0 -9999.0 -9999.0 -9999.0 -9999.0 -9999.0 -9999.0 -9999.0 -9999.0 -9999.0 -9999.0 -9999.0 -9999.0 -9999.0 -9999.0 -9999.0 -9999.0 -9999.0 -9999.0 -9999.0 -9999.0 -9999.0 -9999.0 -9999.0 -9999.0 -9999.0 -9999.0 -9999.0 -9999.0 -9999.0 -9999.0 -9999.0 -9999.0 -9999.0 -9999.0 -9999.0 -9999.0 -9999.0 -9999.0 -9999.0 -9999.0 -9999.0 -9999.0 -9999.0 -9999.0 -9999.0 -9999.0 -9999.0 -9999.0 -9999.0 -9999.0 -9999.0 -9999.0 -9999.0 -9999.0 -9999.0 -9999.0 -9999.0 -9999.0 -9999.0 -9999.0 -9999.0
-9999.0 -9999.0 -9999.0 -9999.0 -9999.0 -9999.0 -9999.0 -9999.0 -9999.0 -9999.0 -9999.0 -9999.0 -9999.0 -9999.0 -9999.0 -9999.0 -9999.0 -9999.0 -9999.0 -9999.0 -9999.0 -9999.0 -9999.0 -9999.0 -9999.0 -9999.0 -9999.0 -9999.0 -9999.0 -9999.0 -9999.0 -9999.0 -9999.0 -9999.0 -9999.0 -9999.0 -9999.0 -9999.0 -9999.0 -9999.0 -9999.0 -9999.0 -9999.0 -9999.0 -9999.0 -9999.0 -9999.0 -9999.0 -9999.0 -9999.0 -9999.0 -9999.0 -9999.0 -9999.0 -9999.0 -9999.0 -9999.0 -9999.0 -9999.0 0.176723 0.176032 0.175546 0.175263
-9999.0 -9999.0 -9999.0 -9999.0 -9999.0 -9999.0 -9999.0 -9999.0 -9999.0 -9999.0 -9999.0 -9999.0 -9999.0 -9999.0 -9999.0 -9999.0 -9999.0 -9999.0 -9999.0 -9999.0 -9999.0 -9999.0 -9999.0 -9999.0 -9999.0 -9999.0 -9999.0 -9999.0 -9999.0 -9999.0 -9999.0 -9999.0 -9999.0 -9999.0 -9999.0 -9999.0 -9999.0 -9999.0 -9999.0 -9999.0 -9999.0 -9999.0 -9999.0 -9999.0 -9999.0 -9999.0 -9999.0 0.171219 0.169358 0.167157 0.166578 0.169023 0.170164 0.171247 0.171997 0.172706 0.173785 0.175713 0.175613 0.172914 0.172643 0.172571 0.172678
-9999.0 -9999.0 -9999.0 -9999.0 -9999.0 -9999.0 -9999.0 -9999.0 -9999.0 -9999.0 -9999.0 -9999.0 -9999.0 -9999.0 -9999.0 -9999.0 -9999.0 -9999.0 -9999.0 -9999.0 -9999.0 -9999.0 -9999.0 -9999.0 -9999.0 -9999.0 -9999.0 -9999.0 -9999.0 -9999.0 -9999.0 -9999.0 -9999.0 -9999.0 -9999.0 -9999.0 -9999.0 -9999.0 -9999.0 -9999.0 0.171161 0.172033 0.172754 0.171474 0.170920 0.170987 0.169655 0.168145 0.166615 0.167057 0.167088 0.166059 0.167745 0.169129 0.169643 0.170090 0.171327 0.173477 0.173354 0.171336 0.170131 0.169772 0.170019
-9999.0 -9999.0 -9999.0 -9999.0 -9999.0 -9999.0 -9999.0 -9999.0 -9999.0 -9999.0 -9999.0 -9999.0 -9999.0 -9999.0 -9999.0 -9999.0 -9999.0 -9999.0 -9999.0 -9999.0 -9999.0 -9999.0 -9999.0 -9999.0 -9999.0 -9999.0 -9999.0 -9999.0 -9999.0 -9999.0 -9999.0 -9999.0 -9999.0 -9999.0 0.167145 0.168716 0.169439 0.170134 0.171173 0.170839 0.170556 0.171318 0.170638 0.170589 0.169732 0.168168 0.166615 0.165750 0.166643 0.166342 0.166350 0.167146 0.167654 0.167866 0.169009 0.170854 0.169970 0.170440 0.170190 0.169366 0.170140 0.170773 0.171181
-9999.0 -9999.0 -9999.0 -9999.0 -9999.0 -9999.0 -9999.0 -9999.0 -9999.0 -9999.0 -9999.0 -9999.0 -9999.0 -9999.0 -9999.0 -9999.0 -9999.0 -9999.0 -9999.0 -9999.0 -9999.0 -9999.0 -9999.0 -9999.0 -9999.0 -9999.0 -9999.0 -9999.0 0.169487 0.168864 0.168387 0.168416 0.168198 0.167356 0.167143 0.167310 0.168163 0.169539 0.169781 0.169619 0.169729 0.169404 0.168479 0.168380 0.169394 0.168437 0.167978 0.167356 0.165821 0.165455 0.166336 0.167186 0.167930 0.168123 0.168244 0.168289 0.168406 0.170750 0.171359 0.170069 0.169357 0.169030 0.169225
-9999.0 -9999.0 -9999.0 -9999.0 -9999.0 -9999.0 -9999.0 -9999.0 -9999.0 -9999.0 -9999.0 -9999.0 -9999.0 -9999.0 -9999.0 -9999.0 -9999.0 -9999.0 -9999.0 -9999.0 -9999.0 -9999.0 -9999.0 0.168395 0.168972 0.169190 0.169695 0.169437 0.168228 0.167462 0.167131 0.166859 0.166230 0.166157 0.166151 0.166564 0.166876 0.168299 0.167601 0.167160 0.168397 0.168095 0.168892 0.169826 0.169602 0.169798 0.168078 0.166814 0.168160 0.168711 0.168649 0.168345 0.168785 0.169396 0.170166 0.171495 0.173198 0.174645 0.177012 0.175431 0.174288 0.172331 0.172532
-9999.0 -9999.0 -9999.0 -9999.0 -9999.0 -9999.0 -9999.0 -9999.0 -9999.0 -9999.0 -9999.0 -9999.0 -9999.0 -9999.0 -9999.0 -9999.0 -9999.0 -9999.0 -9999.0 0.168415 0.168239 0.167890 0.168028 0.166902 0.166430 0.166754 0.167365 0.167004 0.166356 0.165795 0.165863 0.165939 0.165800 0.166659 0.167361 0.167600 0.167424 0.168553 0.168898 0.169557 0.171284 0.170145 0.169039 0.168462 0.168416 0.168105 0.169152 0.169478 0.169572 0.169487 0.169521 0.169768 0.169907 0.171320 0.172660 0.173810 0.174937 0.176461 0.179282 0.178138 0.175957 0.173720 0.173765
-9999.0 -9999.0 -9999.0 -9999.0 -9999.0 -9999.0 -9999.0 -9999.0 -9999.0 -9999.0 -9999.0 -9999.0 -9999.0 -9999.0 -9999.0 -9999.0 0.168249 0.168154 0.167728 0.167042 0.166442 0.166431 0.166895 0.166059 0.165786 0.165976 0.165613 0.166027 0.166475 0.167018 0.167263 0.166662 0.166778 0.166697 0.166633 0.166925 0.168199 0.169384 0.169648 0.170517 0.172099 0.171179 0.170788 0.170835 0.170271 0.170779 0.173180 0.172805 0.171790 0.174359 0.175734 0.175239 0.174979 0.176654 0.179279 0.182839 0.188936 0.193534 0.199122 0.201798 0.196865 0.196129 0.197930
-9999.0 -9999.0 -9999.0 -9999.0 -9999.0 -9999.0 -9999.0 -9999.0 -9999.0 -9999.0 -9999.0 -9999.0 -9999.0 0.168037 0.167953 0.168075 0.166990 0.166155 0.165650 0.164949 0.165849 0.165207 0.165006 0.165163 0.165964 0.165982 0.166078 0.166592 0.166423 0.166179 0.165945 0.165459 0.166146 0.166834 0.167315 0.168324 0.169108 0.169741 0.170920 0.171134 0.171949 0.171660 0.170691 0.170476 0.171234 0.173496 0.175271 0.175949 0.179290 0.182926 0.184783 0.187215 0.188452 0.190192 0.194626 0.208736 0.230591 0.254273 0.269160 0.281498 0.283096 0.285587 0.287755
-9999.0 -9999.0 -9999.0 -9999.0 -9999.0 -9999.0 -9999.0 -9999.0 -9999.0 -9999.0 0.166297 0.166859 0.166041 0.164554 0.163903 0.164245 0.164603 0.164049 0.164065 0.165643 0.166517 0.165026 0.166060 0.166078 0.165442 0.165609 0.166034 0.166109 0.167113 0.167157 0.167182 0.168851 0.169292 0.169763 0.170417 0.171128 0.171779 0.174490 0.176885 0.176865 0.180336 0.182641 0.180803 0.180164 0.180699 0.183417 0.188118 0.195464 0.203716 0.217109 0.231636 0.242915 0.252047 0.262964 0.275543 0.292890 0.311491 0.326057 0.337802 0.343725 0.345923 0.346874 0.348308
-9999.0 -9999.0 -9999.0 -9999.0 -9999.0 -9999.0 -9999.0 -9999.0 0.164098 0.164956 0.165509 0.164825 0.163915 0.162291 0.162906 0.163518 0.163934 0.164553 0.164854 0.165102 0.164727 0.165274 0.166283 0.166014 0.166129 0.166800 0.166822 0.167442 0.168392 0.167975 0.168525 0.169428 0.170237 0.170957 0.171828 0.172367 0.175199 0.179137 0.183654 0.187883 0.194314 0.203233 0.203394 0.205196 0.207377 0.222105 0.246112 0.272872 0.291803 0.306594 0.320870 0.328215 0.332912 0.338307 0.344196 0.348764 0.354712 0.360484 0.364513 0.366434 0.367233 0.367440 0.367835
-9999.0 -9999.0 -9999.0 -9999.0 -9999.0 -9999.0 0.162825 0.164723 0.165658 0.163510 0.161910 0.161386 0.160445 0.162489 0.164362 0.164719 0.164999 0.165335 0.165147 0.163923 0.166864 0.166053 0.165482 0.166408 0.166336 0.166412 0.166990 0.168320 0.168940 0.171694 0.173806 0.175687 0.178225 0.179872 0.181662 0.183864 0.190011 0.200665 0.217493 0.239044 0.262880 0.284230 0.291720 0.295514 0.299992 0.308333 0.322564 0.335870 0.348072 0.356469 0.361039 0.362738 0.364025 0.365245 0.366459 0.367488 0.368380 0.369155 0.369593 0.369821 0.369903 0.369938 0.369968
-9999.0 -9999.0 -9999.0 -9999.0 0.163840 0.164265 0.163930 0.165608 0.166797 0.164159 0.165114 0.164665 0.163826 0.162788 0.161561 0.162449 0.162960 0.163303 0.163159 0.166030 0.168499 0.166911 0.168202 0.170706 0.170169 0.170453 0.170595 0.171789 0.174032 0.176980 0.184036 0.191386 0.197346 0.205201 0.214331 0.228929 0.254526 0.282822 0.302426 0.319579 0.333531 0.342916 0.348270 0.351034 0.354056 0.357150 0.360572 0.364148 0.366764 0.368516 0.369368 0.369630 0.369724 0.369808 0.369882 0.369947 0.369996 0.369999 0.370000 0.370000 0.370000 0.370000 0.370000
-9999.0 -9999.0 -9999.0 0.162720 0.164578 0.165266 0.164377 0.164725 0.166178 0.164792 0.164536 0.164329 0.164224 0.164268 0.164188 0.164721 0.164806 0.164377 0.164764 0.166503 0.167344 0.168870 0.170052 0.171934 0.173577 0.174228 0.175137 0.177564 0.183931 0.192426 0.211260 0.246150 0.276458 0.292690 0.302412 0.314703 0.326004 0.340011 0.350698 0.358001 0.362986 0.365770 0.367468 0.368214 0.368584 0.368887 0.369314 0.369634 0.369824 0.369953 0.369999 0.370000 0.370000 0.370000 0.370000 0.370000 0.370000 0.370000 0.370000 0.370000 0.370000 0.370000 0.370000
-9999.0 -9999.0 0.163047 0.164097 0.163392 0.164752 0.166266 0.165209 0.167042 0.167678 0.165858 0.166952 0.167538 0.166433 0.167214 0.168082 0.168466 0.167025 0.165990 0.168145 0.172858 0.176994 0.179561 0.191103 0.199024 0.204711 0.207881 0.218822 0.240301 0.276216 0.303754 0.327721 0.343678 0.352960 0.356179 0.359390 0.363114 0.365843 0.367895 0.368966 0.369546 0.369812 0.369939 0.369996 0.369997 0.369999 0.370000 0.370000 0.370000 0.370000 0.370000 0.370000 0.370000 0.370000 0.370000 0.370000 0.370000 0.370000 0.370000 0.370000 0.370000 0.370000 0.370000
-9999.0 -9999.0 0.161867 0.163593 0.162430 0.165246 0.167855 0.165338 0.166153 0.168921 0.168207 0.168566 0.168346 0.168657 0.169949 0.172574 0.171176 0.170654 0.167861 0.174739 0.181630 0.195888 0.232386 0.273207 0.295252 0.298918 0.301304 0.309541 0.321684 0.340428 0.356215 0.364988 0.368129 0.369121 0.369421 0.369637 0.369842 0.369989 0.369996 0.370000 0.370000 0.370000 0.370000 0.370000 0.370000 0.370000 0.370000 0.370000 0.370000 0.370000 0.370000 0.370000 0.370000 0.370000 0.370000 0.370000 0.370000 0.370000 0.370000 0.370000 0.370000 0.370000 0.370000
-9999.0 0.161486 0.162348 0.162425 0.164242 0.163732 0.165957 0.169216 0.169051 0.170226 0.170311 0.168600 0.175642 0.182299 0.184825 0.191317 0.188603 0.186588 0.182681 0.191717 0.213285 0.276635 0.334447 0.351230 0.356260 0.356317 0.355289 0.358105 0.362590 0.367014 0.369593 0.369993 0.370000 0.370000 0.370000 0.370000 0.370000 0.370000 0.370000 0.370000 0.370000 0.370000 0.370000 0.370000 0.370000 0.370000 0.370000 0.370000 0.370000 0.370000 0.370000 0.370000 0.370000 0.370000 0.370000 0.370000 0.370000 0.369999 0.369998 0.369997 0.369995 0.369993 0.369992
-9999.0 0.158929 0.162271 0.164321 0.163586 0.162320 0.167410 0.175277 0.172431 0.171607 0.171490 0.177352 0.197317 0.223238 0.246740 0.271934 0.270898 0.262666 0.264540 0.287014 0.316689 0.349103 0.367105 0.369541 0.369357 0.369363 0.369438 0.369713 0.369911 0.369987 0.370000 0.370000 0.370000 0.370000 0.370000 0.370000 0.370000 0.370000 0.370000 0.370000 0.370000 0.370000 0.370000 0.370000 0.370000 0.370000 0.370000 0.370000 0.370000 0.369999 0.369999 0.369998 0.369998 0.369998 0.369997 0.369995 0.369990 0.369976 0.369956 0.369926 0.369883 0.369851 0.369852
-9999.0 0.161652 0.165531 0.164573 0.161519 0.166358 0.168415 0.174042 0.178840 0.177748 0.186409 0.222189 0.277483 0.313467 0.331666 0.340147 0.345118 0.345059 0.352114 0.362433 0.368687 0.369989 0.370000 0.370000 0.369999 0.369993 0.369988 0.369987 0.369990 0.369996 0.370000 0.370000 0.370000 0.370000 0.370000 0.370000 0.370000 0.370000 0.370000 0.370000 0.370000 0.370000 0.370000 0.370000 0.369999 0.369999 0.369997 0.369995 0.369990 0.369981 0.369974 0.369966 0.369961 0.369952 0.369939 0.369918 0.369860 0.369759 0.369603 0.369407 0.369148 0.368837 0.368849
-9999.0 0.157413 0.162730 0.158334 0.164970 0.170700 0.169946 0.179898 0.194088 0.202048 0.259037 0.306619 0.341132 0.356168 0.362912 0.366887 0.368359 0.369224 0.369749 0.369952 0.370000 0.370000 0.370000 0.370000 0.370000 0.369996 0.369983 0.369948 0.369926 0.369928 0.369963 0.369990 0.369997 0.370000 0.369998 0.369998 0.369998 0.369997 0.369996 0.369992 0.369983 0.369977 0.369980 0.369985 0.369973 0.369961 0.369944 0.369916 0.369870 0.369812 0.369744 0.369670 0.369629 0.369548 0.369522 0.369404 0.368776 0.368054 0.367193 0.366062 0.364541 0.361960 0.361681
-9999.0 0.154319 0.158003 0.161019 0.166902 0.171191 0.176172 0.188186 0.225495 0.277981 0.317856 0.335277 0.354352 0.364875 0.368736 0.369489 0.369704 0.369766 0.369841 0.369896 0.369910 0.369997 0.369999 0.370000 0.369986 0.369957 0.369896 0.369814 0.369770 0.369797 0.369840 0.369885 0.369915 0.369936 0.369918 0.369918 0.369929 0.369911 0.369880 0.369839 0.369786 0.369720 0.369674 0.369640 0.369588 0.369559 0.369429 0.369209 0.368922 0.368640 0.368310 0.368008 0.367890 0.367645 0.367297 0.366601 0.364131 0.360587 0.356717 0.351600 0.341553 0.336431 0.333040
-9999.0 0.147819 0.159331 0.160958 0.164490 0.165595 0.166782 0.174543 0.189912 0.270371 0.345850 0.350281 0.355298 0.361947 0.367586 0.369378 0.369489 0.368837 0.368015 0.367626 0.368167 0.368979 0.369389 0.369649 0.369670 0.369641 0.369552 0.369369 0.369091 0.368977 0.368999 0.368936 0.368903 0.368991 0.368949 0.369075 0.369161 0.368928 0.368538 0.367926 0.367215 0.366576 0.366326 0.366333 0.366223 0.365922 0.365212 0.364139 0.362598 0.360962 0.359501 0.358387 0.357207 0.355469 0.353314 0.350689 0.343137 0.335221 0.325952 0.311411 0.290568 0.274128 0.266522
-9999.0 -9999.0 0.153973 0.160947 0.161973 0.163155 0.164348 0.170170 0.177243 0.209780 0.268696 0.303874 0.323237 0.338693 0.354520 0.362487 0.363297 0.364003 0.360352 0.360449 0.361579 0.362890 0.364375 0.365580 0.366300 0.366595 0.366718 0.366502 0.365796 0.364600 0.363056 0.361810 0.361034 0.360456 0.361618 0.363039 0.362897 0.362034 0.360354 0.357702 0.355029 0.351956 0.351047 0.351280 0.351189 0.350292 0.348695 0.344841 0.340467 0.335516 0.332961 0.330382 0.327717 0.322917 0.317788 0.311776 0.300476 0.288366 0.271391 0.239374 0.211569 0.195442 0.188433
-9999.0 -9999.0 0.146751 0.157300 0.162208 0.165753 0.165355 0.166386 0.174877 0.179841 0.188634 0.205400 0.230119 0.263631 0.285327 0.306632 0.315108 0.319021 0.319154 0.323488 0.331692 0.338726 0.343146 0.347008 0.350156 0.352388 0.354193 0.351879 0.349296 0.345024 0.338995 0.331343 0.326830 0.324077 0.326100 0.329437 0.327454 0.323046 0.316700 0.308977 0.303013 0.297214 0.295573 0.295022 0.294920 0.293681 0.291910 0.286517 0.278709 0.271784 0.265580 0.259805 0.256071 0.248757 0.239735 0.232853 0.219306 0.206718 0.197422 0.189421 0.182437 0.179048 0.176313
-9999.0 -9999.0 -9999.0 0.147794 0.154475 0.159856 0.162046 0.159443 0.161965 0.166252 0.169439 0.174522 0.178149 0.182560 0.189927 0.201331 0.208800 0.211421 0.211850 0.231354 0.246336 0.269734 0.285479 0.291201 0.297318 0.303458 0.305247 0.300857 0.296623 0.289472 0.277098 0.259937 0.248250 0.247630 0.247733 0.250025 0.245674 0.240939 0.231652 0.222506 0.214660 0.209259 0.207292 0.205555 0.204658 0.203293 0.201916 0.199140 0.196139 0.193579 0.191480 0.190834 0.190204 0.189105 0.187752 0.186808 0.185405 0.181451 0.178702 0.176214 0.173820 0.171817 0.170017
-9999.0 -9999.0 -9999.0 -9999.0 -9999.0 0.143963 0.156935 0.159663 0.160016 0.159225 0.160678 0.165975 0.165349 0.166211 0.168614 0.170039 0.170624 0.172282 0.175857 0.179590 0.184654 0.189401 0.196488 0.203815 0.208531 0.214478 0.216721 0.212012 0.207792 0.202023 0.194478 0.188235 0.187460 0.187832 0.188055 0.187889 0.186890 0.186137 0.185071 0.182772 0.180768 0.180298 0.179984 0.179585 0.179148 0.178818 0.178531 0.178376 0.177182 0.176079 0.176602 0.176388 0.176251 0.176303 0.175784 0.175519 0.175638 0.172987 0.171463 0.171861 0.169592 0.168081 0.168381
-9999.0 -9999.0 -9999.0 -9999.0 -9999.0 -9999.0 0.142494 0.150558 0.157182 0.159123 0.162100 0.164476 0.161512 0.162712 0.163941 0.165161 0.167058 0.167007 0.167853 0.169190 0.171088 0.172184 0.174516 0.177720 0.177928 0.178871 0.180647 0.178673 0.177605 0.176959 0.173398 0.173715 0.173208 0.173573 0.173711 0.174063 0.173628 0.173218 0.172984 0.171484 0.171372 0.170991 0.170848 0.170699 0.170549 0.170481 0.170500 0.170553 0.169667 0.170150 0.170365 0.170128 0.170022 0.170192 0.169986 0.169591 0.169704 0.168619 0.168421 0.168393 0.166616 0.166587 0.166468
