tests/Borden05m/sims/sim_1/output-maps/thetaliqL0004N0009.asc
ncols         160
nrows         34
xllcorner     620200.000000
yllcorner     5168000.000000
cellsize      0.500000
NODATA_value  -9999.0
[rows 0 to 27 of 34, columns 0 to 62 of 160]
-9999.0 -9999.0 -9999.0 -9999.0 -9999.0 -9999.0 -9999.0 -9999.0 -9999.0 -9999.0 -9999.0 -9999.0 -9999.0 -9999.0 -9999.0 -9999.0 -9999.0 -9999.0 -9999.0 -9999.0 -9999.0 -9999.0 -9999.0 -9999.0 -9999.0 -9999.0 -9999.0 -9999.0 -9999.0 -9999.0 -9999.0 -9999.0 -9999.0 -9999.0 -9999.0 -9999.0 -9999.0 -9999.0 -9999.0 -9999.0 -9999.0 -9999.0 -9999.0 -9999.0 -9999.0 -9999.0 -9999.0 -9999.0 -9999.0 -9999.0 -9999.0 -9999.0 -9999.0 -9999.0 -9999.0 -9999.0 -9999.0 -9999.0 -9999.0 -9999.0 -9999.0 -9999.0 -9999.0
-9999.0 -9999.0 -9999.0 -9999.0 -9999.0 -9999.0 -9999.0 -9999.0 -9999.0 -9999.0 -9999.0 -9999.0 -9999.0 -9999.0 -9999.0 -9999.0 -9999.0 -9999.0 -9999.0 -9999.0 -9999.0 -9999.0 -9999.0 -9999.0 -9999.0 -9999.0 -9999.0 -9999.0 -9999.0 -9999.0 -9999.0 -9999.0 -9999.0 -9999.0 -9999.0 -9999.0 -9999.0 -9999.0 -9999.0 -9999.0 -9999.0 -9999.0 -9999.0 -9999.0 -9999.0 -9999.0 -9999.0 -9999.0 -9999.0 -9999.0 -9999.0 -9999.0 -9999.0 -9999.0 -9999.0 -9999.0 -9999.0 -9999.0 -9999.0 0.181577 0.179048 0.177244 0.176155
-9999.0 -9999.0 -9999.0 -9999.0 -9999.0 -9999.0 -9999.0 -9999.0 -9999.0 -9999.0 -9999.0 -9999.0 -9999.0 -9999.0 -9999.0 -9999.0 -9999.0 -9999.0 -9999.0 -9999.0 -9999.0 -9999.0 -9999.0 -9999.0 -9999.0 -9999.0 -9999.0 -9999.0 -9999.0 -9999.0 -9999.0 -9999.0 -9999.0 -9999.0 -9999.0 -9999.0 -9999.0 -9999.0 -9999.0 -9999.0 -9999.0 -9999.0 -9999.0 -9999.0 -9999.0 -9999.0 -9999.0 0.160187 0.153495 0.145916 0.143905 0.152343 0.156567 0.160664 0.163598 0.166390 0.170517 0.177716 0.177411 0.167850 0.166775 0.166448 0.166765
-9999.0 -9999.0 -9999.0 -9999.0 -9999.0 -9999.0 -9999.0 -9999.0 -9999.0 -9999.0 -9999.0 -9999.0 -9999.0 -9999.0 -9999.0 -9999.0 -9999.0 -9999.0 -9999.0 -9999.0 -9999.0 -9999.0 -9999.0 -9999.0 -9999.0 -9999.0 -9999.0 -9999.0 -9999.0 -9999.0 -9999.0 -9999.0 -9999.0 -9999.0 -9999.0 -9999.0 -9999.0 -9999.0 -9999.0 -9999.0 0.160723 0.163852 0.166339 0.161727 0.159616 0.159620 0.154717 0.149368 0.144138 0.145558 0.145678 0.142345 0.148149 0.153193 0.155287 0.157116 0.161725 0.169556 0.169184 0.162064 0.157845 0.156480 0.157307
-9999.0 -9999.0 -9999.0 -9999.0 -9999.0 -9999.0 -9999.0 -9999.0 -9999.0 -9999.0 -9999.0 -9999.0 -9999.0 -9999.0 -9999.0 -9999.0 -9999.0 -9999.0 -9999.0 -9999.0 -9999.0 -9999.0 -9999.0 -9999.0 -9999.0 -9999.0 -9999.0 -9999.0 -9999.0 -9999.0 -9999.0 -9999.0 -9999.0 -9999.0 0.145734 0.151224 0.153915 0.156561 0.160405 0.159352 0.158479 0.161180 0.158764 0.158506 0.155380 0.149746 0.144319 0.141330 0.144201 0.143196 0.143264 0.146011 0.147944 0.148895 0.153071 0.159756 0.157001 0.158855 0.158102 0.155253 0.157822 0.159966 0.161364
-9999.0 -9999.0 -9999.0 -9999.0 -9999.0 -9999.0 -9999.0 -9999.0 -9999.0 -9999.0 -9999.0 -9999.0 -9999.0 -9999.0 -9999.0 -9999.0 -9999.0 -9999.0 -9999.0 -9999.0 -9999.0 -9999.0 -9999.0 -9999.0 -9999.0 -9999.0 -9999.0 -9999.0 0.153826 0.151606 0.149925 0.150004 0.149232 0.146366 0.145708 0.146384 0.149442 0.154422 0.155444 0.154999 0.155491 0.154390 0.151188 0.150833 0.154212 0.150780 0.149023 0.146764 0.141595 0.140356 0.143306 0.146304 0.149027 0.149936 0.150659 0.150926 0.151876 0.160096 0.162293 0.157875 0.155422 0.154299 0.154934
-9999.0 -9999.0 -9999.0 -9999.0 -9999.0 -9999.0 -9999.0 -9999.0 -9999.0 -9999.0 -9999.0 -9999.0 -9999.0 -9999.0 -9999.0 -9999.0 -9999.0 -9999.0 -9999.0 -9999.0 -9999.0 -9999.0 -9999.0 0.149778 0.151791 0.152606 0.154441 0.153540 0.149350 0.146689 0.145547 0.144623 0.142502 0.142305 0.142344 0.143838 0.145061 0.150115 0.147922 0.146550 0.150801 0.149884 0.152671 0.155863 0.155079 0.155637 0.149587 0.145222 0.149623 0.151510 0.151410 0.150563 0.152290 0.154618 0.157557 0.162479 0.168767 0.174255 0.182689 0.177148 0.173029 0.166194 0.166835
-9999.0 -9999.0 -9999.0 -9999.0 -9999.0 -9999.0 -9999.0 -9999.0 -9999.0 -9999.0 -9999.0 -9999.0 -9999.0 -9999.0 -9999.0 -9999.0 -9999.0 -9999.0 -9999.0 0.149687 0.149084 0.147901 0.148404 0.144562 0.142984 0.144120 0.146239 0.145059 0.142862 0.141017 0.141243 0.141508 0.141104 0.144015 0.146483 0.147437 0.147017 0.151089 0.152474 0.154901 0.161035 0.157172 0.153387 0.151437 0.151257 0.150192 0.153560 0.154602 0.155016 0.154734 0.154930 0.155973 0.156766 0.161907 0.166920 0.171333 0.175617 0.181274 0.191076 0.187027 0.179488 0.171666 0.171683
-9999.0 -9999.0 -9999.0 -9999.0 -9999.0 -9999.0 -9999.0 -9999.0 -9999.0 -9999.0 -9999.0 -9999.0 -9999.0 -9999.0 -9999.0 -9999.0 0.148938 0.148611 0.147144 0.144829 0.142850 0.142835 0.144439 0.141655 0.140769 0.141443 0.140286 0.141737 0.143295 0.145153 0.146016 0.144020 0.144444 0.144266 0.144186 0.145320 0.149821 0.154186 0.155371 0.158640 0.164352 0.161248 0.159875 0.160010 0.158090 0.159825 0.168240 0.167028 0.163546 0.172405 0.177358 0.175784 0.175168 0.181362 0.190763 0.202650 0.221718 0.234149 0.248141 0.253358 0.240103 0.237646 0.241997
-9999.0 -9999.0 -9999.0 -9999.0 -9999.0 -9999.0 -9999.0 -9999.0 -9999.0 -9999.0 -9999.0 -9999.0 -9999.0 0.147876 0.147591 0.148072 0.144446 0.141642 0.139994 0.137756 0.140783 0.138689 0.138080 0.138631 0.141361 0.141492 0.141868 0.143660 0.143166 0.142419 0.141698 0.140125 0.142454 0.144870 0.146656 0.150300 0.153319 0.155835 0.160209 0.161372 0.164418 0.163429 0.160226 0.159567 0.162193 0.170048 0.176441 0.178776 0.189993 0.202062 0.207814 0.215136 0.218503 0.223120 0.234157 0.264860 0.300410 0.329045 0.345485 0.357832 0.359165 0.360930 0.362434
-9999.0 -9999.0 -9999.0 -9999.0 -9999.0 -9999.0 -9999.0 -9999.0 -9999.0 -9999.0 0.141965 0.143855 0.141034 0.136001 0.133931 0.135099 0.136353 0.134561 0.134704 0.139988 0.143039 0.138126 0.141586 0.141716 0.139680 0.140289 0.141778 0.142130 0.145572 0.145828 0.145991 0.151736 0.153449 0.155309 0.157840 0.160675 0.163291 0.173112 0.181925 0.182160 0.194263 0.201852 0.195579 0.193266 0.195056 0.203733 0.217788 0.237148 0.255318 0.282125 0.304402 0.318018 0.327526 0.338633 0.353317 0.366116 0.367829 0.368560 0.369090 0.369375 0.369467 0.369510 0.369562
-9999.0 -9999.0 -9999.0 -9999.0 -9999.0 -9999.0 -9999.0 -9999.0 0.134532 0.137389 0.139221 0.136929 0.133919 0.128714 0.130724 0.132725 0.134131 0.136245 0.137296 0.138214 0.137077 0.138918 0.142397 0.141577 0.142034 0.144383 0.144590 0.146790 0.150212 0.148920 0.150915 0.154292 0.157354 0.160191 0.163590 0.165941 0.176048 0.189968 0.205090 0.217923 0.235596 0.256317 0.254891 0.257924 0.261659 0.287958 0.318853 0.350650 0.365980 0.367559 0.368291 0.368596 0.368792 0.369053 0.369377 0.369633 0.369782 0.369897 0.369963 0.369986 0.369994 0.369995 0.369996
-9999.0 -9999.0 -9999.0 -9999.0 -9999.0 -9999.0 0.130283 0.136510 0.139666 0.132561 0.127382 0.125707 0.122840 0.129335 0.135408 0.136661 0.137657 0.138850 0.138304 0.134343 0.144088 0.141581 0.139814 0.142903 0.142864 0.143332 0.145471 0.150195 0.152612 0.162297 0.169841 0.176661 0.185819 0.191642 0.197695 0.204708 0.222922 0.249006 0.281546 0.311410 0.338504 0.360436 0.365223 0.366762 0.367262 0.367726 0.368424 0.369097 0.369631 0.369832 0.369909 0.369931 0.369951 0.369970 0.369987 0.369994 0.369997 0.370000 0.370000 0.370000 0.370000 0.370000 0.370000
-9999.0 -9999.0 -9999.0 -9999.0 0.133460 0.134900 0.133811 0.139440 0.143507 0.134711 0.137768 0.136226 0.133418 0.130179 0.126502 0.129294 0.131017 0.132245 0.131867 0.141149 0.149909 0.144669 0.149123 0.157996 0.156364 0.157613 0.158464 0.162976 0.171068 0.181723 0.205698 0.227991 0.242485 0.259188 0.276234 0.297957 0.327913 0.360985 0.367096 0.368230 0.368911 0.369395 0.369623 0.369714 0.369784 0.369843 0.369902 0.369961 0.369991 0.369999 0.370000 0.370000 0.370000 0.370000 0.370000 0.370000 0.370000 0.370000 0.370000 0.370000 0.370000 0.370000 0.370000
-9999.0 -9999.0 -9999.0 0.129568 0.135688 0.138122 0.135214 0.136451 0.141426 0.136692 0.135878 0.135084 0.134608 0.134724 0.134406 0.136217 0.136699 0.135624 0.137108 0.143067 0.146209 0.151527 0.156039 0.162671 0.168450 0.170955 0.174469 0.182919 0.203950 0.227603 0.270731 0.320282 0.354006 0.365691 0.367234 0.367974 0.368541 0.369286 0.369676 0.369847 0.369939 0.369979 0.369994 0.369997 0.369998 0.369999 0.370000 0.370000 0.370000 0.370000 0.370000 0.370000 0.370000 0.370000 0.370000 0.370000 0.370000 0.370000 0.370000 0.370000 0.370000 0.370000 0.370000
-9999.0 -9999.0 0.130458 0.133979 0.131667 0.136127 0.141368 0.137968 0.144297 0.146452 0.140292 0.143868 0.145797 0.142038 0.144604 0.147572 0.149240 0.144725 0.141838 0.149060 0.165533 0.180220 0.188094 0.223975 0.245026 0.258204 0.264102 0.283806 0.311695 0.355444 0.366889 0.368476 0.369289 0.369705 0.369804 0.369875 0.369944 0.369974 0.369994 0.369999 0.370000 0.370000 0.370000 0.370000 0.370000 0.370000 0.370000 0.370000 0.370000 0.370000 0.370000 0.370000 0.370000 0.370000 0.370000 0.370000 0.370000 0.370000 0.370000 0.370000 0.370000 0.370000 0.370000
-9999.0 -9999.0 0.126565 0.132176 0.128352 0.137344 0.146728 0.138262 0.141218 0.150981 0.148628 0.150038 0.148981 0.149704 0.154289 0.163233 0.159149 0.157696 0.148901 0.172545 0.196340 0.236729 0.306145 0.352102 0.365927 0.366944 0.367203 0.367667 0.368269 0.369252 0.369811 0.369960 0.369995 0.369999 0.370000 0.370000 0.370000 0.370000 0.370000 0.370000 0.370000 0.370000 0.370000 0.370000 0.370000 0.370000 0.370000 0.370000 0.370000 0.370000 0.370000 0.370000 0.370000 0.370000 0.370000 0.370000 0.370000 0.370000 0.370000 0.370000 0.370000 0.370000 0.370000
-9999.0 0.125085 0.127838 0.128088 0.133856 0.132151 0.139531 0.151001 0.151257 0.156072 0.156742 0.150974 0.174243 0.196862 0.204922 0.224621 0.216260 0.210532 0.197412 0.224030 0.272792 0.358376 0.368572 0.369610 0.369865 0.369893 0.369882 0.369926 0.369973 0.369997 0.370000 0.370000 0.370000 0.370000 0.370000 0.370000 0.370000 0.370000 0.370000 0.370000 0.370000 0.370000 0.370000 0.370000 0.370000 0.370000 0.370000 0.370000 0.370000 0.370000 0.370000 0.370000 0.370000 0.370000 0.370000 0.370000 0.370000 0.370000 0.370000 0.370000 0.370000 0.370000 0.370000
-9999.0 0.117380 0.127397 0.133911 0.131463 0.127050 0.143351 0.173245 0.163713 0.161747 0.161588 0.179891 0.240981 0.297739 0.327310 0.354425 0.351665 0.340572 0.340748 0.363393 0.367678 0.369419 0.369992 0.370000 0.370000 0.370000 0.370000 0.370000 0.370000 0.370000 0.370000 0.370000 0.370000 0.370000 0.370000 0.370000 0.370000 0.370000 0.370000 0.370000 0.370000 0.370000 0.370000 0.370000 0.370000 0.370000 0.370000 0.370000 0.370000 0.370000 0.370000 0.370000 0.370000 0.370000 0.370000 0.370000 0.370000 0.370000 0.370000 0.370000 0.370000 0.370000 0.370000
-9999.0 0.125086 0.137768 0.134387 0.124144 0.139189 0.146801 0.168189 0.186749 0.183571 0.208646 0.293956 0.364339 0.368095 0.369017 0.369467 0.369667 0.369607 0.369772 0.369971 0.370000 0.370000 0.370000 0.370000 0.370000 0.370000 0.370000 0.370000 0.370000 0.370000 0.370000 0.370000 0.370000 0.370000 0.370000 0.370000 0.370000 0.370000 0.370000 0.370000 0.370000 0.370000 0.370000 0.370000 0.370000 0.370000 0.370000 0.370000 0.370000 0.370000 0.370000 0.370000 0.370000 0.370000 0.370000 0.370000 0.370000 0.370000 0.370000 0.370000 0.370000 0.370000 0.370000
-9999.0 0.112089 0.127888 0.114374 0.133140 0.153546 0.151391 0.188140 0.237843 0.252909 0.346052 0.367474 0.369568 0.369904 0.369986 0.370000 0.370000 0.370000 0.370000 0.370000 0.370000 0.370000 0.370000 0.370000 0.370000 0.370000 0.370000 0.370000 0.370000 0.370000 0.370000 0.370000 0.370000 0.370000 0.370000 0.370000 0.370000 0.370000 0.370000 0.370000 0.370000 0.370000 0.370000 0.370000 0.370000 0.370000 0.370000 0.370000 0.370000 0.370000 0.370000 0.370000 0.370000 0.370000 0.370000 0.370000 0.370000 0.369999 0.369997 0.369993 0.369984 0.369956 0.369950
-9999.0 0.104241 0.113494 0.121084 0.138717 0.153732 0.170159 0.213377 0.305507 0.359802 0.368290 0.369376 0.369873 0.369992 0.370000 0.370000 0.370000 0.370000 0.370000 0.370000 0.370000 0.370000 0.370000 0.370000 0.370000 0.370000 0.370000 0.370000 0.370000 0.370000 0.370000 0.370000 0.370000 0.370000 0.370000 0.370000 0.370000 0.370000 0.370000 0.370000 0.370000 0.370000 0.370000 0.370000 0.370000 0.370000 0.370000 0.370000 0.370000 0.370000 0.369999 0.369999 0.369999 0.369998 0.369998 0.369996 0.369984 0.369953 0.369902 0.369816 0.369574 0.369289 0.369067
-9999.0 0.090387 0.117095 0.120993 0.130938 0.134286 0.137747 0.164870 0.216483 0.355550 0.369475 0.369763 0.369875 0.369972 0.370000 0.370000 0.370000 0.370000 0.370000 0.370000 0.370000 0.370000 0.370000 0.370000 0.370000 0.370000 0.370000 0.370000 0.370000 0.370000 0.370000 0.370000 0.370000 0.370000 0.370000 0.370000 0.370000 0.370000 0.370000 0.369998 0.369997 0.369994 0.369994 0.369994 0.369994 0.369993 0.369989 0.369981 0.369966 0.369946 0.369927 0.369912 0.369897 0.369873 0.369842 0.369806 0.369657 0.369426 0.368930 0.368083 0.366266 0.353941 0.344905
-9999.0 -9999.0 0.102897 0.121239 0.123592 0.126793 0.129797 0.148601 0.173413 0.271473 0.356991 0.367364 0.368618 0.369378 0.369891 0.369988 0.369995 0.369997 0.369982 0.369967 0.369961 0.369965 0.369979 0.369990 0.369995 0.369997 0.369998 0.369997 0.369995 0.369989 0.369973 0.369954 0.369938 0.369925 0.369941 0.369960 0.369959 0.369951 0.369933 0.369901 0.369867 0.369822 0.369814 0.369822 0.369822 0.369803 0.369762 0.369636 0.369443 0.369210 0.369074 0.368946 0.368834 0.368622 0.368393 0.368123 0.367437 0.365461 0.349443 0.311121 0.270335 0.236204 0.216801
-9999.0 -9999.0 0.088488 0.110987 0.124350 0.135223 0.133133 0.134454 0.163459 0.180373 0.209666 0.261658 0.308616 0.349794 0.365837 0.367846 0.368339 0.368501 0.368469 0.368619 0.368947 0.369313 0.369573 0.369713 0.369791 0.369837 0.369872 0.369833 0.369783 0.369666 0.369383 0.368941 0.368680 0.368547 0.368631 0.368783 0.368695 0.368518 0.368252 0.367914 0.367648 0.367356 0.367282 0.367244 0.367214 0.367036 0.366530 0.364261 0.357913 0.350314 0.343468 0.337179 0.333333 0.325046 0.314279 0.305768 0.285364 0.262297 0.242895 0.222141 0.200260 0.188704 0.178647
-9999.0 -9999.0 -9999.0 0.090409 0.103906 0.117117 0.123018 0.114553 0.119933 0.132368 0.143158 0.161518 0.174433 0.189163 0.213585 0.250052 0.270479 0.276707 0.277197 0.309297 0.325275 0.351436 0.364870 0.366755 0.367315 0.367688 0.367783 0.367537 0.367233 0.366169 0.357880 0.337431 0.324319 0.324306 0.324670 0.327808 0.322855 0.317575 0.305781 0.292338 0.278478 0.267354 0.263207 0.259494 0.257687 0.254694 0.251763 0.245439 0.238419 0.231956 0.226418 0.224981 0.223376 0.220489 0.216732 0.214027 0.209993 0.196766 0.187130 0.178280 0.169480 0.161981 0.155388
-9999.0 -9999.0 -9999.0 -9999.0 -9999.0 0.083849 0.109216 0.116460 0.116578 0.113645 0.117308 0.133225 0.131314 0.134363 0.142419 0.147492 0.150536 0.157448 0.171347 0.184694 0.202883 0.217589 0.238023 0.256982 0.267570 0.280085 0.284394 0.274831 0.265784 0.252520 0.233335 0.216125 0.214544 0.215834 0.216549 0.215858 0.212792 0.210481 0.207300 0.199729 0.193167 0.191757 0.190715 0.189342 0.187768 0.186610 0.185634 0.185195 0.181063 0.177362 0.179303 0.178557 0.178051 0.178210 0.176312 0.175217 0.175453 0.165941 0.160479 0.161684 0.153467 0.148154 0.149023
-9999.0 -9999.0 -9999.0 -9999.0 -9999.0 -9999.0 0.081952 0.094872 0.109869 0.114792 0.122959 0.129759 0.120659 0.123952 0.127665 0.131988 0.139039 0.139762 0.143053 0.147998 0.155082 0.159568 0.168159 0.179992 0.181027 0.184297 0.190663 0.184076 0.180466 0.178429 0.166585 0.167959 0.166159 0.167349 0.167768 0.168918 0.167309 0.165800 0.164962 0.159945 0.159616 0.158263 0.157707 0.157125 0.156516 0.156194 0.156209 0.156357 0.153448 0.155223 0.155981 0.155213 0.154838 0.155346 0.154520 0.153028 0.153274 0.149594 0.148883 0.148702 0.142730 0.142593 0.142066
