tests/Borden05m/sims/sim_1/output-maps/thetaliqL0003N0004.asc
ncols         160
nrows         34
xllcorner     620200.000000
yllcorner     5168000.000000
cellsize      0.500000
NODATA_value  -9999.0
[rows 0 to 27 of 34, columns 63 to 125 of 160]
-9999.0 -9999.0 -9999.0 -9999.0 -9999.0 -9999.0 -9999.0 -9999.0 -9999.0 -9999.0 -9999.0 -9999.0 -9999.0 -9999.0 -9999.0 -9999.0 -9999.0 -9999.0 -9999.0 -9999.0 -9999.0 -9999.0 -9999.0 -9999.0 -9999.0 -9999.0 -9999.0 -9999.0 -9999.0 -9999.0 -9999.0 -9999.0 -9999.0 -9999.0 -9999.0 -9999.0 -9999.0 -9999.0 -9999.0 -9999.0 -9999.0 -9999.0 -9999.0 -9999.0 -9999.0 -9999.0 -9999.0 -9999.0 -9999.0 -9999.0 -9999.0 -9999.0 -9999.0 -9999.0 -9999.0 -9999.0 -9999.0 -9999.0 -9999.0 -9999.0 -9999.0 -9999.0 -9999.0
0.172260 0.170253 0.167874 0.167524 0.167813 0.167388 0.166428 0.167692 0.169323 0.170713 0.172700 0.172301 0.172540 0.173308 0.173515 0.173173 0.172261 0.171677 0.170975 0.171963 0.169213 0.165678 0.163007 0.162473 0.164776 0.166145 0.165874 0.167152 0.169962 0.172378 0.173166 0.176110 0.175633 0.176802 0.178742 0.177184 0.176815 0.177032 0.177612 0.173467 -9999.0 -9999.0 -9999.0 -9999.0 -9999.0 -9999.0 -9999.0 -9999.0 -9999.0 -9999.0 -9999.0 -9999.0 -9999.0 -9999.0 -9999.0 -9999.0 -9999.0 -9999.0 -9999.0 -9999.0 -9999.0 -9999.0 -9999.0
0.166599 0.163803 0.163147 0.161100 0.160215 0.159997 0.159194 0.159825 0.163218 0.165643 0.166331 0.165818 0.165567 0.164810 0.164287 0.164464 0.163624 0.162850 0.162020 0.162243 0.164410 0.161857 0.160593 0.159355 0.158020 0.158516 0.158934 0.159128 0.162298 0.163529 0.164398 0.168786 0.172923 0.174001 0.172313 0.170486 0.170941 0.170765 0.169036 0.167390 0.167384 0.166584 0.166252 0.164703 0.167070 0.167028 0.169701 0.171941 0.174573 0.178552 -9999.0 -9999.0 -9999.0 -9999.0 -9999.0 -9999.0 -9999.0 -9999.0 -9999.0 -9999.0 -9999.0 -9999.0 -9999.0
0.162586 0.161671 0.159704 0.156702 0.160071 0.159618 0.159315 0.159913 0.160998 0.161474 0.162007 0.162801 0.165873 0.165642 0.165387 0.165555 0.165027 0.164041 0.164121 0.163586 0.161033 0.161433 0.162053 0.161487 0.163989 0.164114 0.165597 0.161182 0.161921 0.162985 0.163756 0.164292 0.164943 0.165836 0.163912 0.165287 0.163710 0.160267 0.159417 0.159666 0.162424 0.163827 0.162096 0.156067 0.159222 0.166019 0.165472 0.164373 0.167706 0.170991 0.175752 0.175089 0.174677 0.175184 0.176079 0.172036 0.169511 0.167706 0.162090 -9999.0 -9999.0 -9999.0 -9999.0
0.162572 0.160423 0.157832 0.163229 0.165452 0.164243 0.164876 0.166471 0.166569 0.159830 0.158137 0.160687 0.163403 0.164570 0.163373 0.162797 0.161631 0.161643 0.162347 0.161642 0.162666 0.163558 0.162370 0.164062 0.165999 0.167908 0.163694 0.159949 0.160200 0.163349 0.165688 0.166887 0.170231 0.175531 0.174646 0.173413 0.172784 0.172165 0.165899 0.160332 0.158106 0.157108 0.155504 0.156796 0.155605 0.160913 0.160482 0.159653 0.162219 0.164206 0.166767 0.168610 0.168296 0.168952 0.169801 0.168676 0.165825 0.164339 0.163399 0.160843 0.156003 0.147377 0.147953
0.157226 0.157323 0.162026 0.164599 0.169073 0.167406 0.167541 0.167342 0.162827 0.159483 0.157257 0.164024 0.169614 0.171451 0.169928 0.168570 0.173526 0.172018 0.171402 0.168425 0.169465 0.168923 0.174185 0.176220 0.179059 0.177915 0.172612 0.168220 0.168029 0.168551 0.168124 0.169433 0.172760 0.176954 0.173823 0.172481 0.172779 0.163547 0.156589 0.154199 0.158892 0.161659 0.161110 0.161558 0.161820 0.158254 0.159087 0.159468 0.157804 0.161894 0.166063 0.166519 0.162935 0.161719 0.163334 0.162936 0.163162 0.161466 0.159600 0.158286 0.150047 0.152653 0.148344
0.167375 0.169197 0.171712 0.176490 0.186034 0.183779 0.184159 0.187263 0.182038 0.177255 0.170091 0.178295 0.180094 0.182676 0.182011 0.187963 0.193230 0.189491 0.184651 0.178893 0.182202 0.189447 0.196227 0.197575 0.198123 0.199163 0.194162 0.193151 0.192470 0.193429 0.190406 0.190811 0.196083 0.205125 0.206309 0.202510 0.194209 0.181156 0.169559 0.163518 0.170712 0.168502 0.167466 0.168685 0.164166 0.161614 0.165399 0.161974 0.159412 0.165016 0.165585 0.164772 0.160185 0.165701 0.164714 0.160102 0.157113 0.155562 0.154368 0.152167 0.154081 0.152807 0.149207
0.171423 0.173081 0.179636 0.188584 0.198562 0.202820 0.205839 0.211770 0.207856 0.203717 0.198542 0.200349 0.207129 0.212949 0.219110 0.225787 0.233508 0.229031 0.222908 0.222077 0.223620 0.233548 0.241724 0.243971 0.245158 0.249470 0.246740 0.241954 0.236335 0.230682 0.225645 0.220945 0.230679 0.240156 0.239745 0.225144 0.214573 0.200492 0.186376 0.171425 0.172443 0.175452 0.178228 0.172481 0.169809 0.164814 0.163769 0.164275 0.158805 0.161855 0.162509 0.166338 0.172239 0.173742 0.168496 0.165654 0.162461 0.159118 0.156482 0.158467 0.159217 0.156707 0.154213
0.220016 0.220701 0.225108 0.240602 0.262838 0.282602 0.302386 0.305689 0.297669 0.289210 0.276206 0.268118 0.276426 0.286128 0.297295 0.307990 0.317506 0.324235 0.324689 0.325033 0.326412 0.327675 0.330758 0.335329 0.340491 0.346174 0.348583 0.343235 0.336589 0.328626 0.320691 0.317579 0.314359 0.317361 0.317272 0.304918 0.285089 0.265066 0.243896 0.226966 0.214395 0.219079 0.212251 0.206178 0.199186 0.182525 0.178408 0.176043 0.162685 0.161526 0.165904 0.171722 0.176237 0.168519 0.165164 0.162120 0.158757 0.154547 0.156318 0.158747 0.159563 0.158756 0.158746
0.295006 0.299039 0.304647 0.328028 0.354728 0.369514 0.369937 0.369970 0.369958 0.369926 0.369786 0.368364 0.368150 0.369794 0.369946 0.369979 0.369988 0.369989 0.369988 0.369988 0.369989 0.369991 0.369992 0.369994 0.369996 0.369998 0.369999 0.369999 0.369996 0.369993 0.369985 0.369981 0.369981 0.369977 0.369975 0.369962 0.369698 0.361409 0.338198 0.312665 0.291674 0.274469 0.262974 0.253254 0.228686 0.208135 0.192234 0.180442 0.168542 0.167342 0.183401 0.199249 0.191828 0.189212 0.184742 0.177123 0.171041 0.163274 0.164403 0.165661 0.164801 0.163746 0.162500
0.369960 0.369966 0.369975 0.369991 0.370000 0.370000 0.370000 0.370000 0.370000 0.370000 0.370000 0.370000 0.370000 0.370000 0.370000 0.370000 0.370000 0.370000 0.370000 0.370000 0.370000 0.370000 0.370000 0.370000 0.370000 0.370000 0.370000 0.370000 0.370000 0.370000 0.370000 0.370000 0.370000 0.370000 0.370000 0.370000 0.370000 0.370000 0.369998 0.369965 0.369646 0.360410 0.348479 0.339179 0.331461 0.306340 0.292014 0.269053 0.242739 0.220666 0.242817 0.233382 0.227875 0.220117 0.208225 0.198485 0.189852 0.180394 0.179524 0.179787 0.177978 0.177490 0.175565
0.370000 0.370000 0.370000 0.370000 0.370000 0.370000 0.370000 0.370000 0.370000 0.370000 0.370000 0.370000 0.370000 0.370000 0.370000 0.370000 0.370000 0.370000 0.370000 0.370000 0.370000 0.370000 0.370000 0.370000 0.370000 0.370000 0.370000 0.370000 0.370000 0.370000 0.370000 0.370000 0.370000 0.370000 0.370000 0.370000 0.370000 0.370000 0.370000 0.370000 0.370000 0.370000 0.369999 0.369996 0.369992 0.369985 0.369959 0.369643 0.352509 0.321916 0.302323 0.290914 0.281170 0.264269 0.247271 0.236085 0.218114 0.202095 0.193062 0.192438 0.191494 0.189465 0.185896
0.370000 0.370000 0.370000 0.370000 0.370000 0.370000 0.370000 0.370000 0.370000 0.370000 0.370000 0.370000 0.370000 0.370000 0.370000 0.370000 0.370000 0.370000 0.370000 0.370000 0.370000 0.370000 0.370000 0.370000 0.370000 0.370000 0.370000 0.370000 0.370000 0.370000 0.370000 0.370000 0.370000 0.370000 0.370000 0.370000 0.370000 0.370000 0.370000 0.370000 0.370000 0.370000 0.370000 0.370000 0.370000 0.370000 0.370000 0.370000 0.370000 0.369994 0.369923 0.369543 0.360815 0.342744 0.329435 0.319526 0.292755 0.264424 0.246109 0.240653 0.228985 0.218541 0.211759
0.370000 0.370000 0.370000 0.370000 0.370000 0.370000 0.370000 0.370000 0.370000 0.370000 0.370000 0.370000 0.370000 0.370000 0.370000 0.370000 0.370000 0.370000 0.370000 0.370000 0.370000 0.370000 0.370000 0.370000 0.370000 0.370000 0.370000 0.370000 0.370000 0.370000 0.370000 0.370000 0.370000 0.370000 0.370000 0.370000 0.370000 0.370000 0.370000 0.370000 0.370000 0.370000 0.370000 0.370000 0.370000 0.370000 0.370000 0.370000 0.370000 0.370000 0.370000 0.370000 0.370000 0.369999 0.369996 0.369984 0.369731 0.355914 0.327826 0.307321 0.283743 0.268434 0.256119
0.370000 0.370000 0.370000 0.370000 0.370000 0.370000 0.370000 0.370000 0.370000 0.370000 0.370000 0.370000 0.370000 0.370000 0.370000 0.370000 0.370000 0.370000 0.370000 0.370000 0.370000 0.370000 0.370000 0.370000 0.370000 0.370000 0.370000 0.370000 0.370000 0.370000 0.370000 0.370000 0.370000 0.370000 0.370000 0.370000 0.370000 0.370000 0.370000 0.370000 0.370000 0.370000 0.370000 0.370000 0.370000 0.370000 0.370000 0.370000 0.370000 0.370000 0.370000 0.370000 0.370000 0.370000 0.370000 0.370000 0.370000 0.370000 0.369986 0.369800 0.361183 0.337637 0.316722
0.370000 0.370000 0.370000 0.370000 0.370000 0.370000 0.370000 0.370000 0.370000 0.370000 0.370000 0.370000 0.370000 0.370000 0.370000 0.370000 0.370000 0.370000 0.370000 0.370000 0.370000 0.370000 0.370000 0.370000 0.370000 0.370000 0.370000 0.370000 0.370000 0.370000 0.370000 0.370000 0.370000 0.370000 0.370000 0.370000 0.370000 0.370000 0.370000 0.370000 0.370000 0.370000 0.370000 0.370000 0.370000 0.370000 0.370000 0.370000 0.370000 0.370000 0.370000 0.370000 0.370000 0.370000 0.370000 0.370000 0.370000 0.370000 0.370000 0.370000 0.370000 0.369992 0.369890
0.370000 0.370000 0.370000 0.370000 0.370000 0.370000 0.370000 0.370000 0.370000 0.370000 0.370000 0.370000 0.370000 0.370000 0.370000 0.370000 0.370000 0.370000 0.370000 0.370000 0.370000 0.370000 0.370000 0.370000 0.370000 0.370000 0.370000 0.370000 0.370000 0.370000 0.370000 0.370000 0.370000 0.370000 0.370000 0.370000 0.370000 0.370000 0.370000 0.370000 0.370000 0.370000 0.370000 0.370000 0.370000 0.370000 0.370000 0.370000 0.370000 0.370000 0.370000 0.370000 0.370000 0.370000 0.370000 0.370000 0.370000 0.370000 0.370000 0.370000 0.370000 0.370000 0.370000
0.370000 0.370000 0.370000 0.370000 0.370000 0.370000 0.370000 0.370000 0.370000 0.370000 0.370000 0.370000 0.370000 0.370000 0.370000 0.370000 0.370000 0.370000 0.370000 0.370000 0.370000 0.370000 0.370000 0.370000 0.370000 0.370000 0.370000 0.370000 0.370000 0.370000 0.370000 0.370000 0.370000 0.370000 0.370000 0.370000 0.370000 0.370000 0.370000 0.370000 0.370000 0.370000 0.370000 0.370000 0.370000 0.370000 0.370000 0.370000 0.370000 0.370000 0.370000 0.370000 0.370000 0.370000 0.370000 0.370000 0.370000 0.370000 0.370000 0.370000 0.370000 0.370000 0.370000
0.370000 0.370000 0.370000 0.370000 0.370000 0.370000 0.370000 0.370000 0.370000 0.370000 0.370000 0.370000 0.369999 0.369997 0.369992 0.369983 0.369979 0.369974 0.369965 0.369975 0.369978 0.369978 0.369972 0.369965 0.369961 0.369957 0.369964 0.369980 0.369987 0.369992 0.369994 0.369992 0.369995 0.369997 0.369998 0.370000 0.370000 0.370000 0.370000 0.370000 0.370000 0.370000 0.370000 0.370000 0.370000 0.370000 0.370000 0.370000 0.370000 0.370000 0.370000 0.370000 0.370000 0.370000 0.370000 0.370000 0.370000 0.370000 0.370000 0.370000 0.370000 0.370000 0.370000
0.370000 0.370000 0.370000 0.370000 0.369998 0.369991 0.369968 0.369932 0.369760 0.365342 0.356586 0.350278 0.349436 0.340210 0.327274 0.315854 0.310563 0.307401 0.300779 0.300187 0.303439 0.309050 0.301435 0.295775 0.295646 0.293040 0.292925 0.303197 0.316178 0.323120 0.328597 0.332560 0.333806 0.335488 0.349359 0.360083 0.369324 0.369940 0.369991 0.369999 0.370000 0.370000 0.370000 0.370000 0.370000 0.370000 0.370000 0.370000 0.370000 0.370000 0.370000 0.370000 0.370000 0.370000 0.370000 0.370000 0.370000 0.370000 0.370000 0.370000 0.370000 0.370000 0.370000
0.370000 0.369998 0.369932 0.367526 0.341648 0.324435 0.306745 0.296523 0.282909 0.262534 0.250717 0.252253 0.257125 0.253981 0.244377 0.236899 0.232097 0.226896 0.219123 0.214372 0.219587 0.224333 0.224330 0.224476 0.226380 0.226150 0.225081 0.223272 0.230549 0.234921 0.239926 0.243509 0.245144 0.260366 0.274151 0.282607 0.296493 0.313429 0.332056 0.351012 0.366994 0.369856 0.369980 0.369997 0.370000 0.370000 0.370000 0.370000 0.370000 0.370000 0.370000 0.370000 0.370000 0.370000 0.370000 0.370000 0.370000 0.370000 0.370000 0.370000 0.370000 0.370000 0.370000
0.359672 0.341214 0.311245 0.277661 0.258808 0.245965 0.234214 0.223108 0.210274 0.198384 0.190719 0.196447 0.199320 0.204753 0.197734 0.192236 0.191222 0.185960 0.181403 0.175130 0.180163 0.182344 0.188594 0.188064 0.188215 0.190989 0.189580 0.188921 0.184619 0.188613 0.190769 0.193483 0.204417 0.214522 0.224666 0.232886 0.241644 0.252802 0.266237 0.280491 0.296492 0.310877 0.326489 0.344241 0.363413 0.369807 0.369982 0.369999 0.370000 0.370000 0.370000 0.370000 0.370000 0.370000 0.370000 0.370000 0.370000 0.370000 0.370000 0.370000 0.370000 0.370000 0.370000
0.256040 0.239316 0.216035 0.207277 0.201677 0.193870 0.188044 0.183508 0.175679 0.170374 0.162258 0.165422 0.169834 0.176386 0.171181 0.170531 0.171693 0.168601 0.165390 0.160201 0.161009 0.165238 0.170409 0.170218 0.171293 0.174289 0.174382 0.171983 0.167215 0.168339 0.171409 0.174424 0.180453 0.186193 0.191950 0.197003 0.204169 0.212631 0.221766 0.233132 0.246271 0.254648 0.267821 0.282907 0.297253 0.309914 0.326693 0.349047 0.366367 0.369858 0.369984 0.369998 0.370000 0.370000 0.370000 0.370000 0.370000 0.370000 0.370000 0.370000 0.370000 0.370000 0.370000
0.187261 0.177983 0.175315 0.172477 0.168835 0.165766 0.162409 0.159386 0.156992 0.153204 0.145888 0.148933 0.153202 0.158206 0.158455 0.157938 0.158358 0.157202 0.153768 0.147868 0.150409 0.154079 0.157483 0.158599 0.159281 0.161433 0.159893 0.156764 0.152395 0.154303 0.157771 0.159752 0.162297 0.166132 0.170291 0.174514 0.179490 0.184623 0.191657 0.199703 0.208847 0.218847 0.229688 0.242409 0.247348 0.254008 0.260748 0.272992 0.286375 0.304763 0.324219 0.344543 0.368828 0.369974 0.370000 0.370000 0.370000 0.370000 0.370000 0.370000 0.370000 0.370000 0.370000
0.169760 0.164129 0.160787 0.158263 0.159668 0.158493 0.154914 0.155121 0.153284 0.147317 0.149563 0.151261 0.156239 0.155237 0.154975 0.153793 0.154618 0.153855 0.148041 0.151095 0.152387 0.155888 0.156521 0.157307 0.157905 0.158557 0.157876 0.153652 0.154607 0.155747 0.159006 0.159137 0.160522 0.164425 0.165663 0.168155 0.171724 0.175604 0.180298 0.186079 0.194182 0.202531 0.210522 0.212701 0.217761 0.221796 0.216651 0.225132 0.232562 0.240350 0.253301 0.266719 0.288618 0.323452 0.362253 0.369907 0.369999 0.370000 0.370000 0.370000 0.370000 0.370000 0.370000
0.155617 0.151593 0.147613 0.149775 0.150090 0.149903 0.149180 0.148017 0.145458 0.148629 0.149011 0.148739 0.148384 0.148384 0.148806 0.148242 0.147913 0.148122 0.150577 0.150932 0.150187 0.151133 0.151894 0.152752 0.151832 0.152103 0.152219 0.153158 0.153071 0.152436 0.153989 0.154521 0.155078 0.156698 0.157908 0.159452 0.162314 0.164643 0.167632 0.172807 0.179257 0.183846 0.184508 0.187974 0.189479 0.186564 0.184097 0.188476 0.193045 0.196745 0.205923 0.215031 0.223872 0.250778 0.283251 0.321655 0.355175 0.369765 0.369991 0.370000 0.370000 0.370000 0.370000
0.151303 0.147920 0.147282 0.148911 0.149051 0.148999 0.147007 0.145170 0.147083 0.147781 0.147646 0.146876 0.147700 0.148047 0.149127 0.148124 0.147642 0.147958 0.148240 0.148126 0.148946 0.149556 0.150075 0.152711 0.151379 0.151311 0.152244 0.151888 0.151641 0.150993 0.152757 0.153441 0.153709 0.155331 0.156377 0.157552 0.159224 0.161957 0.167118 0.171223 0.176645 0.181911 0.182912 0.183742 0.182488 0.181276 0.175744 0.175598 0.181240 0.180063 0.184432 0.192237 0.192805 0.210144 0.234331 0.250828 0.273357 0.302084 0.338168 0.364239 0.369897 0.369998 0.370000
0.146672 0.146924 0.145316 0.145688 0.145499 0.144496 0.143299 0.144748 0.144640 0.144497 0.144592 0.144156 0.144906 0.145511 0.146135 0.145811 0.145779 0.144743 0.144754 0.145898 0.146058 0.146793 0.148324 0.150394 0.149153 0.148960 0.149038 0.148612 0.148708 0.148016 0.149451 0.150583 0.150964 0.152890 0.153847 0.153137 0.155458 0.159364 0.163402 0.166279 0.170743 0.177862 0.175803 0.175602 0.176478 0.171914 0.166522 0.166310 0.167978 0.166640 0.170295 0.172697 0.172760 0.182471 0.190829 0.200845 0.215821 0.240820 0.269942 0.290353 0.318649 0.348746 0.369478
