tests/Borden05m/sims/sim_1/output-maps/thetaliqL0001N0013.asc
ncols         160
nrows         34
xllcorner     620200.000000
yllcorner     5168000.000000
cellsize      0.500000
NODATA_value  -9999.0
[rows 0 to 27 of 34, columns 63 to 125 of 160]
-9999.0 -9999.0 -9999.0 -9999.0 -9999.0 -9999.0 -9999.0 -9999.0 -9999.0 -9999.0 -9999.0 -9999.0 -9999.0 -9999.0 -9999.0 -9999.0 -9999.0 -9999.0 -9999.0 -9999.0 -9999.0 -9999.0 -9999.0 -9999.0 -9999.0 -9999.0 -9999.0 -9999.0 -9999.0 -9999.0 -9999.0 -9999.0 -9999.0 -9999.0 -9999.0 -9999.0 -9999.0 -9999.0 -9999.0 -9999.0 -9999.0 -9999.0 -9999.0 -9999.0 -9999.0 -9999.0 -9999.0 -9999.0 -9999.0 -9999.0 -9999.0 -9999.0 -9999.0 -9999.0 -9999.0 -9999.0 -9999.0 -9999.0 -9999.0 -9999.0 -9999.0 -9999.0 -9999.0
0.198043 0.197244 0.196287 0.196158 0.196285 0.196108 0.195706 0.196211 0.196857 0.197404 0.198198 0.198016 0.198099 0.198408 0.198493 0.198355 0.197990 0.197763 0.197491 0.197914 0.196802 0.195369 0.194280 0.194067 0.195019 0.195574 0.195447 0.195956 0.197083 0.198038 0.198320 0.199481 0.199244 0.199703 0.200501 0.199870 0.199740 0.199865 0.200144 0.198473 -9999.0 -9999.0 -9999.0 -9999.0 -9999.0 -9999.0 -9999.0 -9999.0 -9999.0 -9999.0 -9999.0 -9999.0 -9999.0 -9999.0 -9999.0 -9999.0 -9999.0 -9999.0 -9999.0 -9999.0 -9999.0 -9999.0 -9999.0
0.195728 0.194594 0.194336 0.193496 0.193135 0.193038 0.192692 0.192943 0.194327 0.195310 0.195576 0.195340 0.195215 0.194900 0.194680 0.194755 0.194415 0.194106 0.193777 0.193890 0.194796 0.193755 0.193247 0.192738 0.192188 0.192385 0.192546 0.192597 0.193894 0.194370 0.194687 0.196450 0.198113 0.198534 0.197834 0.197093 0.197314 0.197292 0.196639 0.196013 0.196065 0.195774 0.195664 0.195043 0.196005 0.195959 0.197028 0.197919 0.198966 0.200574 -9999.0 -9999.0 -9999.0 -9999.0 -9999.0 -9999.0 -9999.0 -9999.0 -9999.0 -9999.0 -9999.0 -9999.0 -9999.0
0.194076 0.193700 0.192883 0.191642 0.193023 0.192821 0.192684 0.192922 0.193378 0.193545 0.193753 0.194060 0.195308 0.195192 0.195075 0.195142 0.194928 0.194530 0.194578 0.194370 0.193319 0.193498 0.193761 0.193529 0.194568 0.194618 0.195218 0.193370 0.193654 0.194067 0.194346 0.194534 0.194769 0.195133 0.194326 0.194915 0.194310 0.192939 0.192650 0.192819 0.194009 0.194628 0.193940 0.191450 0.192758 0.195546 0.195297 0.194819 0.196163 0.197487 0.199419 0.199130 0.198958 0.199178 0.199570 0.197959 0.196979 0.196298 0.194043 -9999.0 -9999.0 -9999.0 -9999.0
0.194021 0.193120 0.192034 0.194269 0.195169 0.194643 0.194892 0.195543 0.195568 0.192758 0.192031 0.193087 0.194196 0.194657 0.194133 0.193882 0.193409 0.193423 0.193730 0.193439 0.193880 0.194250 0.193762 0.194466 0.195270 0.196059 0.194289 0.192715 0.192805 0.194101 0.195034 0.195489 0.196846 0.199031 0.198653 0.198171 0.197975 0.197785 0.195286 0.193038 0.192171 0.191805 0.191162 0.191700 0.191226 0.193423 0.193234 0.192861 0.193909 0.194703 0.195734 0.196474 0.196341 0.196626 0.197008 0.196592 0.195486 0.194946 0.194641 0.193701 0.191776 0.188157 0.188422
0.191678 0.191709 0.193667 0.194706 0.196547 0.195817 0.195860 0.195787 0.193887 0.192481 0.191517 0.194365 0.196655 0.197387 0.196731 0.196187 0.198302 0.197670 0.197405 0.196152 0.196596 0.196393 0.198615 0.199453 0.200632 0.200166 0.197955 0.196127 0.196031 0.196208 0.195954 0.196441 0.197802 0.199563 0.198245 0.197700 0.197877 0.194098 0.191247 0.190322 0.192393 0.193594 0.193399 0.193613 0.193729 0.192243 0.192604 0.192769 0.192058 0.193741 0.195435 0.195605 0.194120 0.193635 0.194347 0.194234 0.194399 0.193778 0.193087 0.192624 0.189238 0.190366 0.188556
0.195766 0.196499 0.197527 0.199533 0.203546 0.202663 0.202902 0.204280 0.202051 0.200011 0.196943 0.200332 0.201078 0.202190 0.201997 0.204701 0.207158 0.205636 0.203586 0.201174 0.202626 0.205845 0.208903 0.209598 0.209938 0.210526 0.208314 0.207759 0.207293 0.207506 0.206015 0.206045 0.208338 0.212392 0.212863 0.210879 0.207079 0.201511 0.196664 0.194132 0.197143 0.196268 0.195883 0.196404 0.194564 0.193523 0.195124 0.193730 0.192662 0.194975 0.195184 0.194829 0.192923 0.195249 0.194879 0.193053 0.191879 0.191303 0.190876 0.190034 0.190884 0.190381 0.188857
0.197615 0.198321 0.201233 0.205500 0.210638 0.213688 0.216587 0.219868 0.217333 0.214649 0.211631 0.212141 0.215681 0.219340 0.223944 0.229398 0.235573 0.234097 0.231039 0.230817 0.232125 0.238654 0.245166 0.248039 0.250015 0.253932 0.251395 0.246761 0.241674 0.236828 0.232750 0.229592 0.234961 0.241112 0.239901 0.228621 0.219997 0.211781 0.204810 0.197945 0.198039 0.199251 0.200372 0.197956 0.196852 0.194732 0.194316 0.194571 0.192273 0.193527 0.193783 0.195375 0.197832 0.198447 0.196348 0.195253 0.194020 0.192708 0.191678 0.192572 0.192934 0.191924 0.190888
0.223722 0.225149 0.229760 0.243978 0.270481 0.297746 0.314479 0.317000 0.312462 0.305324 0.292331 0.284593 0.295859 0.307134 0.315297 0.320007 0.323653 0.326195 0.326034 0.326072 0.326745 0.327509 0.329093 0.331058 0.333066 0.335353 0.336161 0.333468 0.330689 0.327605 0.324683 0.323929 0.322952 0.324663 0.324427 0.317855 0.303559 0.275580 0.247962 0.231977 0.221661 0.221524 0.217176 0.213775 0.210061 0.202493 0.200514 0.199447 0.193803 0.193246 0.195087 0.197524 0.199353 0.196145 0.194817 0.193641 0.192337 0.190639 0.191474 0.192555 0.192936 0.192631 0.192638
0.313613 0.316620 0.319060 0.329068 0.340680 0.350428 0.356614 0.358532 0.356765 0.354521 0.351621 0.348876 0.349023 0.352490 0.356086 0.358962 0.360559 0.361080 0.360839 0.360864 0.360997 0.361400 0.361623 0.362164 0.362971 0.364197 0.365494 0.365275 0.363577 0.361890 0.359456 0.358163 0.357412 0.356169 0.355987 0.355927 0.350426 0.342737 0.332474 0.321694 0.312715 0.295325 0.274635 0.257940 0.235639 0.220340 0.209957 0.203336 0.197476 0.196396 0.203032 0.209497 0.206081 0.204874 0.202954 0.199806 0.197331 0.194145 0.194678 0.195252 0.194928 0.194526 0.194021
0.356187 0.357426 0.358962 0.361709 0.365596 0.368073 0.369218 0.369375 0.369225 0.368979 0.368576 0.368307 0.368139 0.368344 0.368676 0.369028 0.369301 0.369480 0.369517 0.369515 0.369510 0.369506 0.369541 0.369560 0.369596 0.369710 0.369775 0.369809 0.369720 0.369553 0.369254 0.368970 0.368504 0.368128 0.368022 0.368017 0.367980 0.366807 0.363925 0.357568 0.350914 0.344110 0.339193 0.333848 0.329196 0.316846 0.306260 0.277974 0.248583 0.230739 0.240451 0.232184 0.226726 0.220896 0.214339 0.209512 0.205394 0.201214 0.200778 0.200886 0.200142 0.199958 0.199179
0.368965 0.369176 0.369417 0.369628 0.369814 0.369945 0.369999 0.370000 0.370000 0.369999 0.369986 0.369998 0.369980 0.369981 0.369998 0.369999 0.370000 0.369998 0.370000 0.370000 0.370000 0.369999 0.370000 0.370000 0.369999 0.370000 0.369999 0.370000 0.369999 0.370000 0.369999 0.369997 0.369955 0.369926 0.369906 0.369900 0.369888 0.369837 0.369616 0.368844 0.367180 0.365024 0.362820 0.360876 0.359372 0.358091 0.355186 0.348492 0.336548 0.324793 0.319086 0.314384 0.303148 0.276566 0.251565 0.238321 0.223524 0.212742 0.207599 0.206809 0.205990 0.204927 0.203340
0.369999 0.370000 0.370000 0.370000 0.370000 0.370000 0.370000 0.370000 0.370000 0.370000 0.370000 0.370000 0.370000 0.370000 0.370000 0.370000 0.370000 0.370000 0.370000 0.370000 0.370000 0.370000 0.370000 0.370000 0.370000 0.370000 0.370000 0.370000 0.370000 0.370000 0.370000 0.370000 0.370000 0.370000 0.370000 0.370000 0.370000 0.370000 0.370000 0.369974 0.369863 0.369559 0.369199 0.368959 0.368779 0.368614 0.368060 0.366916 0.364689 0.360284 0.352901 0.349913 0.345165 0.336789 0.329485 0.324455 0.311087 0.279386 0.251033 0.240838 0.228794 0.220378 0.215900
0.370000 0.370000 0.370000 0.370000 0.370000 0.370000 0.370000 0.370000 0.370000 0.370000 0.370000 0.370000 0.370000 0.370000 0.370000 0.370000 0.370000 0.370000 0.370000 0.370000 0.370000 0.370000 0.370000 0.370000 0.370000 0.370000 0.370000 0.370000 0.370000 0.370000 0.370000 0.370000 0.370000 0.370000 0.370000 0.370000 0.370000 0.370000 0.370000 0.370000 0.370000 0.369999 0.369977 0.369955 0.369954 0.369945 0.369925 0.369827 0.369512 0.368687 0.366873 0.365104 0.363616 0.362381 0.360942 0.358724 0.351596 0.340775 0.329906 0.322128 0.309359 0.284230 0.259080
0.370000 0.370000 0.370000 0.370000 0.370000 0.370000 0.370000 0.370000 0.370000 0.370000 0.370000 0.370000 0.370000 0.370000 0.370000 0.370000 0.370000 0.370000 0.370000 0.370000 0.370000 0.370000 0.370000 0.370000 0.370000 0.370000 0.370000 0.370000 0.370000 0.370000 0.370000 0.370000 0.370000 0.370000 0.370000 0.370000 0.370000 0.370000 0.370000 0.370000 0.370000 0.370000 0.370000 0.370000 0.370000 0.370000 0.370000 0.370000 0.369984 0.369923 0.369758 0.369322 0.369050 0.368849 0.368570 0.368171 0.366234 0.362777 0.357611 0.352192 0.345660 0.337435 0.328604
0.370000 0.370000 0.370000 0.370000 0.370000 0.370000 0.370000 0.370000 0.370000 0.370000 0.370000 0.370000 0.370000 0.369998 0.369993 0.369988 0.369987 0.369991 0.369995 0.369998 0.370000 0.370000 0.369997 0.369992 0.369986 0.369985 0.369987 0.369990 0.369996 0.369996 0.369997 0.369996 0.369995 0.369994 0.369994 0.369998 0.370000 0.370000 0.370000 0.370000 0.370000 0.370000 0.370000 0.370000 0.370000 0.370000 0.370000 0.370000 0.370000 0.370000 0.369999 0.369977 0.369954 0.369938 0.369912 0.369868 0.369630 0.368930 0.367489 0.365243 0.362192 0.358559 0.354030
0.370000 0.370000 0.370000 0.370000 0.370000 0.369998 0.369994 0.369995 0.369995 0.369995 0.369993 0.369982 0.369954 0.369894 0.369799 0.369759 0.369719 0.369704 0.369803 0.369898 0.369932 0.369898 0.369826 0.369697 0.369595 0.369553 0.369570 0.369673 0.369819 0.369899 0.369903 0.369866 0.369822 0.369798 0.369797 0.369866 0.369954 0.369985 0.369994 0.369998 0.370000 0.370000 0.370000 0.370000 0.370000 0.370000 0.370000 0.370000 0.370000 0.370000 0.370000 0.370000 0.370000 0.370000 0.370000 0.369996 0.369978 0.369896 0.369685 0.369203 0.368476 0.367542 0.365809
0.369995 0.369993 0.369989 0.369981 0.369961 0.369917 0.369843 0.369816 0.369799 0.369810 0.369716 0.369575 0.369208 0.368749 0.368126 0.367724 0.367425 0.367137 0.367661 0.368473 0.368839 0.368279 0.367741 0.366850 0.366307 0.366021 0.366077 0.366740 0.368045 0.368749 0.368919 0.368658 0.368392 0.368270 0.368286 0.368552 0.369118 0.369540 0.369770 0.369876 0.369932 0.369957 0.369976 0.369990 0.369997 0.370000 0.370000 0.370000 0.370000 0.370000 0.370000 0.370000 0.370000 0.370000 0.370000 0.370000 0.370000 0.369998 0.369985 0.369924 0.369809 0.369609 0.369303
0.369877 0.369841 0.369775 0.369205 0.368785 0.368096 0.367306 0.366977 0.366466 0.366214 0.365365 0.364604 0.363217 0.361084 0.358478 0.355909 0.355152 0.354451 0.353829 0.356176 0.357112 0.356406 0.354856 0.353075 0.352046 0.351414 0.352292 0.355042 0.357414 0.359393 0.360137 0.359118 0.359915 0.360818 0.360846 0.362986 0.364661 0.366301 0.367702 0.368675 0.369057 0.369292 0.369502 0.369711 0.369857 0.369945 0.369984 0.369998 0.370000 0.370000 0.370000 0.370000 0.370000 0.370000 0.370000 0.370000 0.370000 0.370000 0.370000 0.369999 0.369993 0.369977 0.369937
0.369118 0.368958 0.367751 0.364644 0.360895 0.358103 0.354285 0.352278 0.350079 0.343940 0.339566 0.336757 0.337106 0.333282 0.327845 0.323411 0.321625 0.320523 0.317568 0.316604 0.317790 0.320569 0.317931 0.316211 0.316791 0.315859 0.315508 0.318826 0.323295 0.325694 0.328133 0.330433 0.331861 0.334165 0.341993 0.346459 0.350189 0.354614 0.358715 0.362163 0.364359 0.365536 0.366642 0.367804 0.368566 0.369218 0.369641 0.369880 0.369957 0.369981 0.369992 0.369997 0.370000 0.370000 0.370000 0.370000 0.370000 0.370000 0.370000 0.370000 0.370000 0.370000 0.369999
0.363244 0.361835 0.355127 0.345424 0.335132 0.327971 0.320404 0.315123 0.301938 0.274969 0.258786 0.258644 0.262365 0.257847 0.247321 0.239609 0.234851 0.230446 0.224857 0.221791 0.224719 0.227860 0.227473 0.227109 0.228133 0.227915 0.227631 0.228186 0.234186 0.238536 0.243446 0.247773 0.251645 0.270982 0.294803 0.310222 0.320163 0.327510 0.335826 0.343992 0.349551 0.352941 0.356648 0.360016 0.362916 0.365260 0.367261 0.368682 0.369328 0.369587 0.369750 0.369868 0.369955 0.369988 0.369998 0.370000 0.370000 0.370000 0.370000 0.370000 0.370000 0.370000 0.370000
0.341183 0.332091 0.318993 0.298999 0.267776 0.248293 0.235832 0.226516 0.217893 0.211273 0.207503 0.209873 0.211110 0.213243 0.209786 0.207111 0.206498 0.204163 0.202137 0.199477 0.201626 0.202557 0.205081 0.204775 0.204809 0.205958 0.205373 0.205214 0.203638 0.205507 0.206563 0.207843 0.212786 0.217996 0.224219 0.230962 0.240557 0.255340 0.279561 0.306089 0.320435 0.327887 0.335083 0.342596 0.348270 0.352918 0.357568 0.361952 0.364784 0.366409 0.367693 0.368485 0.369249 0.369713 0.369905 0.369985 0.369998 0.370000 0.370000 0.370000 0.370000 0.370000 0.370000
0.262427 0.243552 0.225434 0.216669 0.212341 0.208239 0.205371 0.203255 0.199896 0.197655 0.194288 0.195619 0.197418 0.200085 0.197837 0.197513 0.197995 0.196728 0.195416 0.193255 0.193591 0.195304 0.197390 0.197242 0.197643 0.198869 0.198902 0.197938 0.195971 0.196437 0.197661 0.198846 0.201318 0.203692 0.206136 0.208373 0.211778 0.216187 0.221660 0.230326 0.243649 0.257527 0.282511 0.309134 0.321357 0.326889 0.333147 0.342335 0.348271 0.353412 0.357739 0.360606 0.364436 0.367224 0.368969 0.369700 0.369924 0.369973 0.369990 0.369997 0.370000 0.370000 0.370000
0.206092 0.201698 0.200081 0.198605 0.197008 0.195725 0.194372 0.193165 0.192201 0.190651 0.187486 0.188803 0.190620 0.192732 0.192786 0.192567 0.192762 0.192287 0.190860 0.188304 0.189362 0.190885 0.192277 0.192684 0.192935 0.193823 0.193181 0.191873 0.189987 0.190765 0.192172 0.192931 0.193918 0.195415 0.197039 0.198683 0.200665 0.202757 0.205730 0.209315 0.213757 0.219101 0.225950 0.236438 0.244765 0.255674 0.269872 0.293762 0.312620 0.322322 0.330847 0.339573 0.348985 0.357791 0.363790 0.367177 0.368888 0.369490 0.369750 0.369884 0.369968 0.369994 0.370000
0.197383 0.195117 0.193790 0.192767 0.193381 0.192941 0.191499 0.191627 0.190896 0.188353 0.189277 0.190014 0.192110 0.191717 0.191598 0.191101 0.191450 0.191122 0.188637 0.189880 0.190410 0.191848 0.192081 0.192368 0.192590 0.192849 0.192547 0.190761 0.191124 0.191582 0.192899 0.192899 0.193410 0.194939 0.195359 0.196283 0.197641 0.199122 0.200952 0.203269 0.206651 0.210294 0.213976 0.215221 0.217975 0.220467 0.218716 0.224382 0.231469 0.241122 0.258531 0.286277 0.313770 0.330059 0.345380 0.356139 0.362593 0.366518 0.367946 0.368922 0.369511 0.369813 0.369943
0.191738 0.190137 0.188502 0.189465 0.189661 0.189623 0.189343 0.188884 0.187782 0.189111 0.189284 0.189184 0.189058 0.189048 0.189213 0.188962 0.188819 0.188890 0.189882 0.190016 0.189681 0.190060 0.190341 0.190658 0.190246 0.190341 0.190365 0.190727 0.190674 0.190389 0.191012 0.191182 0.191357 0.191966 0.192378 0.192919 0.193988 0.194814 0.195903 0.197903 0.200455 0.202272 0.202493 0.203937 0.204612 0.203426 0.202421 0.204430 0.206585 0.208587 0.213375 0.219060 0.228278 0.258413 0.307519 0.328649 0.342671 0.353041 0.359300 0.363446 0.366105 0.368171 0.369151
0.190176 0.188791 0.188556 0.189308 0.189413 0.189423 0.188595 0.187805 0.188615 0.188927 0.188875 0.188551 0.188900 0.189038 0.189485 0.189047 0.188828 0.188948 0.189055 0.188982 0.189300 0.189526 0.189707 0.190770 0.190178 0.190127 0.190498 0.190332 0.190210 0.189915 0.190629 0.190872 0.190935 0.191548 0.191902 0.192294 0.192876 0.193878 0.195865 0.197421 0.199536 0.201612 0.201960 0.202280 0.201757 0.201266 0.198987 0.198963 0.201340 0.200868 0.202757 0.206150 0.206711 0.215643 0.232356 0.254473 0.295273 0.319864 0.337909 0.347296 0.355223 0.361212 0.365171
0.188406 0.188546 0.187903 0.188113 0.188062 0.187642 0.187113 0.187733 0.187690 0.187630 0.187674 0.187489 0.187818 0.188073 0.188334 0.188178 0.188145 0.187675 0.187656 0.188125 0.188171 0.188456 0.189071 0.189907 0.189344 0.189234 0.189244 0.189040 0.189062 0.188749 0.189338 0.189783 0.189906 0.190660 0.190979 0.190581 0.191439 0.192935 0.194464 0.195514 0.197236 0.200066 0.199157 0.199050 0.199419 0.197569 0.195363 0.195321 0.196044 0.195475 0.197002 0.197968 0.197927 0.202058 0.205884 0.211049 0.220366 0.242343 0.286487 0.315639 0.330215 0.342487 0.351104
