tests/Borden05m/sims/sim_1/output-maps/thetaliqL0001N0003.asc
ncols         160
nrows         34
xllcorner     620200.000000
yllcorner     5168000.000000
cellsize      0.500000
NODATA_value  -9999.0
[rows 0 to 27 of 34, columns 0 to 62 of 160]
-9999.0 -9999.0 -9999.0 -9999.0 -9999.0 -9999.0 -9999.0 -9999.0 -9999.0 -9999.0 -9999.0 -9999.0 -9999.0 -9999.0 -9999.0 -9999.0 -9999.0 -9999.0 -9999.0 -9999.0 -9999.0 -9999.0 -9999.0 -9999.0 -9999.0 -9999.0 -9999.0 -9999.0 -9999.0 -9999.0 -9999.0 -9999.0 -9999.0 -9999.0 -9999.0 -9999.0 -9999.0 -9999.0 -9999.0 -9999.0 -9999.0 -9999.0 -9999.0 -9999.0 -9999.0 -9999.0 -9999.0 -9999.0 -9999.0 -9999.0 -9999.0 -9999.0 -9999.0 -9999.0 -9999.0 -9999.0 -9999.0 -9999.0 -9999.0 -9999.0 -9999.0 -9999.0 -9999.0
-9999.0 -9999.0 -9999.0 -9999.0 -9999.0 -9999.0 -9999.0 -9999.0 -9999.0 -9999.0 -9999.0 -9999.0 -9999.0 -9999.0 -9999.0 -9999.0 -9999.0 -9999.0 -9999.0 -9999.0 -9999.0 -9999.0 -9999.0 -9999.0 -9999.0 -9999.0 -9999.0 -9999.0 -9999.0 -9999.0 -9999.0 -9999.0 -9999.0 -9999.0 -9999.0 -9999.0 -9999.0 -9999.0 -9999.0 -9999.0 -9999.0 -9999.0 -9999.0 -9999.0 -9999.0 -9999.0 -9999.0 -9999.0 -9999.0 -9999.0 -9999.0 -9999.0 -9999.0 -9999.0 -9999.0 -9999.0 -9999.0 -9999.0 -9999.0 0.250404 0.249370 0.248763 0.248561
-9999.0 -9999.0 -9999.0 -9999.0 -9999.0 -9999.0 -9999.0 -9999.0 -9999.0 -9999.0 -9999.0 -9999.0 -9999.0 -9999.0 -9999.0 -9999.0 -9999.0 -9999.0 -9999.0 -9999.0 -9999.0 -9999.0 -9999.0 -9999.0 -9999.0 -9999.0 -9999.0 -9999.0 -9999.0 -9999.0 -9999.0 -9999.0 -9999.0 -9999.0 -9999.0 -9999.0 -9999.0 -9999.0 -9999.0 -9999.0 -9999.0 -9999.0 -9999.0 -9999.0 -9999.0 -9999.0 -9999.0 0.245421 0.241913 0.237579 0.236273 0.241043 0.242733 0.244175 0.244892 0.245482 0.246724 0.249674 0.249230 0.244065 0.243831 0.243920 0.244330
-9999.0 -9999.0 -9999.0 -9999.0 -9999.0 -9999.0 -9999.0 -9999.0 -9999.0 -9999.0 -9999.0 -9999.0 -9999.0 -9999.0 -9999.0 -9999.0 -9999.0 -9999.0 -9999.0 -9999.0 -9999.0 -9999.0 -9999.0 -9999.0 -9999.0 -9999.0 -9999.0 -9999.0 -9999.0 -9999.0 -9999.0 -9999.0 -9999.0 -9999.0 -9999.0 -9999.0 -9999.0 -9999.0 -9999.0 -9999.0 0.243320 0.244964 0.246447 0.244184 0.243494 0.244145 0.241954 0.239202 0.236311 0.237448 0.237458 0.234892 0.237903 0.240137 0.240479 0.240626 0.242390 0.245982 0.245546 0.241842 0.239720 0.239120 0.239690
-9999.0 -9999.0 -9999.0 -9999.0 -9999.0 -9999.0 -9999.0 -9999.0 -9999.0 -9999.0 -9999.0 -9999.0 -9999.0 -9999.0 -9999.0 -9999.0 -9999.0 -9999.0 -9999.0 -9999.0 -9999.0 -9999.0 -9999.0 -9999.0 -9999.0 -9999.0 -9999.0 -9999.0 -9999.0 -9999.0 -9999.0 -9999.0 -9999.0 -9999.0 0.237756 0.240762 0.241771 0.242658 0.244332 0.243332 0.242446 0.243880 0.242552 0.242703 0.241290 0.238488 0.235723 0.234274 0.236437 0.235853 0.235736 0.237112 0.237705 0.237560 0.239285 0.242390 0.239967 0.240345 0.239641 0.238156 0.239900 0.241256 0.242089
-9999.0 -9999.0 -9999.0 -9999.0 -9999.0 -9999.0 -9999.0 -9999.0 -9999.0 -9999.0 -9999.0 -9999.0 -9999.0 -9999.0 -9999.0 -9999.0 -9999.0 -9999.0 -9999.0 -9999.0 -9999.0 -9999.0 -9999.0 -9999.0 -9999.0 -9999.0 -9999.0 -9999.0 0.242833 0.241624 0.240724 0.240851 0.240417 0.238577 0.237918 0.237920 0.239250 0.241613 0.241690 0.241070 0.241076 0.240328 0.238459 0.238355 0.240653 0.238975 0.238403 0.237405 0.234267 0.233453 0.235151 0.236634 0.237757 0.237635 0.237284 0.236595 0.236246 0.240251 0.241027 0.238626 0.237500 0.237084 0.237518
-9999.0 -9999.0 -9999.0 -9999.0 -9999.0 -9999.0 -9999.0 -9999.0 -9999.0 -9999.0 -9999.0 -9999.0 -9999.0 -9999.0 -9999.0 -9999.0 -9999.0 -9999.0 -9999.0 -9999.0 -9999.0 -9999.0 -9999.0 0.241146 0.242276 0.242595 0.243543 0.242961 0.240398 0.238855 0.238221 0.237671 0.236293 0.236043 0.235798 0.236353 0.236574 0.239094 0.237219 0.235950 0.238227 0.237522 0.239221 0.241162 0.240759 0.241325 0.237917 0.235377 0.238161 0.239144 0.238778 0.237836 0.238308 0.238927 0.239698 0.241416 0.243712 0.245409 0.249086 0.246267 0.244664 0.241399 0.241865
-9999.0 -9999.0 -9999.0 -9999.0 -9999.0 -9999.0 -9999.0 -9999.0 -9999.0 -9999.0 -9999.0 -9999.0 -9999.0 -9999.0 -9999.0 -9999.0 -9999.0 -9999.0 -9999.0 0.241760 0.241363 0.240575 0.240806 0.238232 0.237113 0.237690 0.238888 0.238047 0.236630 0.235437 0.235571 0.235700 0.235306 0.236951 0.238159 0.238283 0.237409 0.239219 0.239427 0.240292 0.243387 0.241010 0.238823 0.237688 0.237600 0.236846 0.238767 0.239266 0.239232 0.238631 0.238295 0.238444 0.238234 0.240218 0.241704 0.242501 0.242987 0.244236 0.248022 0.245883 0.242722 0.239184 0.239209
-9999.0 -9999.0 -9999.0 -9999.0 -9999.0 -9999.0 -9999.0 -9999.0 -9999.0 -9999.0 -9999.0 -9999.0 -9999.0 -9999.0 -9999.0 -9999.0 0.241937 0.241705 0.240723 0.239076 0.237695 0.237612 0.238547 0.236649 0.235954 0.236243 0.235303 0.236076 0.236929 0.237986 0.238404 0.236983 0.237032 0.236570 0.236066 0.236193 0.238259 0.240020 0.239870 0.241007 0.243627 0.241652 0.240940 0.241042 0.239733 0.240255 0.244340 0.243026 0.240301 0.244279 0.246009 0.244396 0.243224 0.245186 0.248076 0.251323 0.257364 0.260149 0.264297 0.265694 0.259893 0.259113 0.260740
-9999.0 -9999.0 -9999.0 -9999.0 -9999.0 -9999.0 -9999.0 -9999.0 -9999.0 -9999.0 -9999.0 -9999.0 -9999.0 0.242148 0.241899 0.242058 0.239512 0.237609 0.236428 0.234757 0.236606 0.235094 0.234526 0.234739 0.236362 0.236227 0.236234 0.237123 0.236520 0.235785 0.235060 0.233713 0.234827 0.235868 0.236372 0.237848 0.238670 0.238973 0.240368 0.239971 0.240752 0.239760 0.237903 0.237419 0.238453 0.241810 0.243781 0.243485 0.247592 0.251455 0.252267 0.254313 0.254574 0.254945 0.257230 0.266088 0.275485 0.283733 0.288186 0.294888 0.295114 0.296488 0.297306
-9999.0 -9999.0 -9999.0 -9999.0 -9999.0 -9999.0 -9999.0 -9999.0 -9999.0 -9999.0 0.238821 0.240065 0.238251 0.234779 0.233253 0.233896 0.234569 0.233186 0.233080 0.236373 0.238084 0.234620 0.236674 0.236518 0.234936 0.235063 0.235706 0.235511 0.237265 0.236965 0.236539 0.239486 0.239791 0.240135 0.240760 0.241324 0.241366 0.245012 0.247776 0.246110 0.250589 0.253184 0.249788 0.248422 0.248475 0.250831 0.254763 0.260424 0.264004 0.270746 0.276429 0.279747 0.282068 0.285279 0.289055 0.300433 0.319016 0.333922 0.346950 0.354512 0.357481 0.358410 0.359903
-9999.0 -9999.0 -9999.0 -9999.0 -9999.0 -9999.0 -9999.0 -9999.0 0.234090 0.236007 0.237183 0.235653 0.233639 0.229916 0.231212 0.232413 0.233152 0.234353 0.234791 0.235065 0.233882 0.234789 0.236688 0.235773 0.235738 0.236861 0.236500 0.237276 0.238645 0.236980 0.237231 0.238113 0.238767 0.239267 0.239975 0.239729 0.243090 0.247421 0.251719 0.254743 0.259706 0.266377 0.264109 0.264302 0.263633 0.271461 0.280196 0.289922 0.302227 0.318345 0.332196 0.338807 0.342852 0.347952 0.354904 0.363439 0.369500 0.369928 0.369987 0.369996 0.369998 0.369998 0.369999
-9999.0 -9999.0 -9999.0 -9999.0 -9999.0 -9999.0 0.231406 0.235506 0.237480 0.232635 0.228970 0.227786 0.225638 0.230315 0.234373 0.234958 0.235356 0.235860 0.235156 0.231962 0.237866 0.235670 0.233930 0.235364 0.234798 0.234535 0.235218 0.237211 0.237363 0.241430 0.243591 0.245074 0.247807 0.248864 0.249953 0.250948 0.256109 0.263065 0.270884 0.278211 0.285876 0.296113 0.299948 0.302955 0.308977 0.317602 0.330540 0.344802 0.363544 0.369658 0.369938 0.369967 0.369980 0.369989 0.369996 0.370000 0.370000 0.370000 0.370000 0.370000 0.370000 0.370000 0.370000
-9999.0 -9999.0 -9999.0 -9999.0 0.234047 0.234835 0.233824 0.237317 0.239721 0.233773 0.235862 0.234799 0.232861 0.230471 0.227606 0.229389 0.230313 0.230840 0.230094 0.235667 0.240205 0.235961 0.237779 0.241993 0.240061 0.239977 0.239471 0.240587 0.242953 0.245578 0.253707 0.259954 0.262562 0.266343 0.269866 0.274772 0.282803 0.294188 0.309249 0.327045 0.341435 0.352366 0.359949 0.365203 0.369346 0.369840 0.369944 0.369987 0.369999 0.370000 0.370000 0.370000 0.370000 0.370000 0.370000 0.370000 0.370000 0.370000 0.370000 0.370000 0.370000 0.370000 0.370000
-9999.0 -9999.0 -9999.0 0.231715 0.235731 0.236993 0.234604 0.235016 0.237907 0.234538 0.233838 0.233159 0.232700 0.232622 0.232170 0.233060 0.233041 0.231942 0.232369 0.235166 0.235559 0.237157 0.237838 0.239472 0.240949 0.240895 0.241306 0.243434 0.250413 0.256164 0.267334 0.282200 0.294147 0.304964 0.313752 0.324084 0.332895 0.347698 0.365540 0.369705 0.369961 0.369992 0.369999 0.370000 0.370000 0.370000 0.370000 0.370000 0.370000 0.370000 0.370000 0.370000 0.370000 0.370000 0.370000 0.370000 0.370000 0.370000 0.370000 0.370000 0.370000 0.370000 0.370000
-9999.0 -9999.0 0.232747 0.234979 0.232996 0.235584 0.238463 0.235551 0.239052 0.239899 0.235529 0.237487 0.238277 0.235387 0.236523 0.237817 0.238467 0.235312 0.232740 0.235588 0.242488 0.246690 0.246141 0.259018 0.264206 0.267558 0.267607 0.272397 0.278956 0.293837 0.316152 0.336806 0.354875 0.368107 0.369643 0.369867 0.369947 0.369983 0.369999 0.370000 0.370000 0.370000 0.370000 0.370000 0.370000 0.370000 0.370000 0.370000 0.370000 0.370000 0.370000 0.370000 0.370000 0.370000 0.370000 0.370000 0.370000 0.370000 0.370000 0.370000 0.370000 0.370000 0.370000
-9999.0 -9999.0 0.230066 0.233863 0.230688 0.236371 0.241528 0.234965 0.235924 0.241123 0.238850 0.238808 0.236927 0.236107 0.237583 0.241735 0.238891 0.237951 0.231798 0.242736 0.249767 0.260428 0.281462 0.301805 0.315873 0.316448 0.316618 0.322269 0.332087 0.353832 0.369207 0.369938 0.369996 0.370000 0.370000 0.370000 0.370000 0.370000 0.370000 0.370000 0.370000 0.370000 0.370000 0.370000 0.370000 0.370000 0.370000 0.370000 0.370000 0.370000 0.370000 0.370000 0.370000 0.370000 0.370000 0.370000 0.370000 0.370000 0.370000 0.370000 0.370000 0.370000 0.370000
-9999.0 0.229486 0.231256 0.231065 0.234701 0.232654 0.236358 0.241968 0.240380 0.241690 0.240551 0.234813 0.244846 0.252595 0.253253 0.260393 0.256283 0.254245 0.247266 0.255050 0.266161 0.299749 0.351625 0.368969 0.369813 0.369857 0.369818 0.369865 0.369943 0.369994 0.370000 0.370000 0.370000 0.370000 0.370000 0.370000 0.370000 0.370000 0.370000 0.370000 0.370000 0.370000 0.370000 0.370000 0.370000 0.370000 0.370000 0.370000 0.370000 0.370000 0.370000 0.370000 0.370000 0.370000 0.370000 0.370000 0.370000 0.370000 0.370000 0.370000 0.370000 0.370000 0.370000
-9999.0 0.223580 0.231060 0.235360 0.233031 0.228847 0.238274 0.252950 0.244478 0.240872 0.237516 0.242256 0.262457 0.278132 0.288743 0.306102 0.305237 0.299634 0.299050 0.310806 0.332277 0.364445 0.369976 0.370000 0.370000 0.370000 0.370000 0.370000 0.370000 0.370000 0.370000 0.370000 0.370000 0.370000 0.370000 0.370000 0.370000 0.370000 0.370000 0.370000 0.370000 0.370000 0.370000 0.370000 0.370000 0.370000 0.370000 0.370000 0.370000 0.370000 0.370000 0.370000 0.370000 0.370000 0.370000 0.370000 0.370000 0.370000 0.370000 0.370000 0.370000 0.370000 0.370000
-9999.0 0.229787 0.238588 0.235872 0.227754 0.237218 0.239482 0.247492 0.251991 0.245134 0.249864 0.274241 0.309906 0.344483 0.364177 0.369390 0.369757 0.369709 0.369794 0.369939 0.369995 0.370000 0.370000 0.370000 0.370000 0.370000 0.370000 0.370000 0.370000 0.370000 0.370000 0.370000 0.370000 0.370000 0.370000 0.370000 0.370000 0.370000 0.370000 0.370000 0.370000 0.370000 0.370000 0.370000 0.370000 0.370000 0.370000 0.370000 0.370000 0.370000 0.370000 0.370000 0.370000 0.370000 0.370000 0.370000 0.370000 0.370000 0.370000 0.370000 0.370000 0.370000 0.370000
-9999.0 0.219707 0.232003 0.220978 0.234756 0.246222 0.241337 0.255274 0.269023 0.264322 0.292857 0.335046 0.368987 0.369980 0.370000 0.370000 0.370000 0.370000 0.370000 0.370000 0.370000 0.370000 0.370000 0.370000 0.370000 0.370000 0.370000 0.370000 0.370000 0.370000 0.370000 0.370000 0.370000 0.370000 0.370000 0.370000 0.370000 0.370000 0.370000 0.370000 0.370000 0.370000 0.370000 0.370000 0.370000 0.370000 0.370000 0.370000 0.370000 0.370000 0.370000 0.370000 0.370000 0.370000 0.370000 0.370000 0.370000 0.370000 0.370000 0.370000 0.370000 0.369994 0.369990
-9999.0 0.212797 0.220918 0.226858 0.238926 0.246798 0.253084 0.267374 0.297188 0.311169 0.340465 0.364473 0.369978 0.370000 0.370000 0.370000 0.370000 0.370000 0.370000 0.370000 0.370000 0.370000 0.370000 0.370000 0.370000 0.370000 0.370000 0.370000 0.370000 0.370000 0.370000 0.370000 0.370000 0.370000 0.370000 0.370000 0.370000 0.370000 0.370000 0.370000 0.370000 0.370000 0.370000 0.370000 0.370000 0.370000 0.370000 0.370000 0.370000 0.370000 0.370000 0.370000 0.370000 0.370000 0.370000 0.370000 0.370000 0.369992 0.369950 0.369617 0.360296 0.350514 0.346941
-9999.0 0.197819 0.224165 0.226950 0.233914 0.235077 0.235137 0.246289 0.259928 0.311669 0.365871 0.369303 0.369972 0.370000 0.370000 0.370000 0.370000 0.370000 0.370000 0.370000 0.370000 0.370000 0.370000 0.370000 0.370000 0.370000 0.370000 0.370000 0.370000 0.370000 0.370000 0.370000 0.370000 0.370000 0.370000 0.370000 0.370000 0.370000 0.370000 0.370000 0.370000 0.370000 0.370000 0.370000 0.370000 0.370000 0.370000 0.370000 0.369997 0.369991 0.369984 0.369979 0.369970 0.369951 0.369902 0.369620 0.362576 0.348007 0.335945 0.320891 0.299116 0.288554 0.289794
-9999.0 -9999.0 0.211626 0.227398 0.228768 0.230450 0.231377 0.241055 0.248195 0.281042 0.306824 0.335331 0.356770 0.369362 0.369959 0.369996 0.369998 0.369999 0.369996 0.369997 0.369998 0.369999 0.370000 0.370000 0.370000 0.370000 0.370000 0.370000 0.370000 0.370000 0.369999 0.369993 0.369986 0.369980 0.369987 0.369993 0.369992 0.369989 0.369983 0.369971 0.369956 0.369932 0.369924 0.369924 0.369913 0.369839 0.369293 0.364265 0.356546 0.349723 0.346568 0.343828 0.340969 0.335987 0.330395 0.322889 0.308543 0.298008 0.290535 0.279056 0.268585 0.259116 0.253841
-9999.0 -9999.0 0.195395 0.219152 0.229768 0.237190 0.234948 0.234753 0.250192 0.253645 0.259529 0.270914 0.285296 0.304412 0.321260 0.340461 0.347716 0.350383 0.348809 0.349710 0.355123 0.361346 0.367149 0.369656 0.369892 0.369939 0.369957 0.369927 0.369828 0.368817 0.358991 0.347687 0.342268 0.339481 0.341886 0.345661 0.344089 0.339986 0.334146 0.327008 0.321166 0.315010 0.312871 0.312217 0.311936 0.309938 0.306546 0.299635 0.293363 0.289832 0.287379 0.285125 0.284477 0.281894 0.278745 0.277742 0.272476 0.267384 0.263248 0.257951 0.251445 0.248968 0.246379
-9999.0 -9999.0 -9999.0 0.197804 0.212512 0.224178 0.228467 0.221165 0.224868 0.232602 0.237202 0.244575 0.247994 0.251892 0.257550 0.267146 0.271765 0.271471 0.268105 0.280386 0.284122 0.294560 0.304495 0.310453 0.317628 0.324084 0.325901 0.321421 0.316063 0.306715 0.295097 0.285858 0.281120 0.282023 0.282257 0.284195 0.282274 0.281075 0.277388 0.273874 0.270323 0.267600 0.267069 0.266101 0.265774 0.264979 0.264409 0.262778 0.261066 0.259280 0.257494 0.257465 0.257273 0.256667 0.255857 0.255721 0.255484 0.251331 0.248815 0.246467 0.244060 0.241849 0.239604
-9999.0 -9999.0 -9999.0 -9999.0 -9999.0 0.188558 0.217574 0.223492 0.223272 0.220373 0.222625 0.233492 0.231009 0.231851 0.235576 0.236709 0.236460 0.238599 0.244164 0.248359 0.254186 0.257565 0.263049 0.268147 0.269862 0.273260 0.274466 0.271294 0.269405 0.266253 0.260681 0.254804 0.255223 0.256114 0.256498 0.256270 0.255319 0.254960 0.254457 0.252018 0.249805 0.249862 0.249806 0.249477 0.248999 0.248713 0.248520 0.248715 0.247113 0.245544 0.246823 0.246623 0.246580 0.246975 0.246425 0.246438 0.247449 0.243474 0.241582 0.243489 0.239945 0.237785 0.239277
-9999.0 -9999.0 -9999.0 -9999.0 -9999.0 -9999.0 0.185538 0.203143 0.218098 0.222106 0.228271 0.232965 0.225737 0.227971 0.230171 0.232430 0.236268 0.235604 0.236574 0.238295 0.240905 0.241644 0.244530 0.248963 0.248029 0.248724 0.251485 0.248415 0.247283 0.247153 0.241590 0.243129 0.242502 0.243295 0.243581 0.244354 0.243758 0.243266 0.243208 0.240748 0.240991 0.240520 0.240441 0.240320 0.240183 0.240194 0.240371 0.240640 0.239047 0.240205 0.240677 0.240260 0.240135 0.240609 0.240410 0.239863 0.240455 0.238791 0.238960 0.239408 0.236238 0.236779 0.236977
