tests/Borden05m/sims/sim_1/output-maps/thetaliqL0007N0012.asc
ncols         160
nrows         34
xllcorner     620200.000000
yllcorner     5168000.000000
cellsize      0.500000
NODATA_value  -9999.0
[rows 0 to 27 of 34, columns 0 to 62 of 160]
-9999.0 -9999.0 -9999.0 -9999.0 -9999.0 -9999.0 -9999.0 -9999.0 -9999.0 -9999.0 -9999.0 -9999.0 -9999.0 -9999.0 -9999.0 -9999.0 -9999.0 -9999.0 -9999.0 -9999.0 -9999.0 -9999.0 -9999.0 -9999.0 -9999.0 -9999.0 -9999.0 -9999.0 -9999.0 -9999.0 -9999.0 -9999.0 -9999.0 -9999.0 -9999.0 -9999.0 -9999.0 -9999.0 -9999.0 -9999.0 -9999.0 -9999.0 -9999.0 -9999.0 -9999.0 -9999.0 -9999.0 -9999.0 -9999.0 -9999.0 -9999.0 -9999.0 -9999.0 -9999.0 -9999.0 -9999.0 -9999.0 -9999.0 -9999.0 -9999.0 -9999.0 -9999.0 -9999.0
-9999.0 -9999.0 -9999.0 -9999.0 -9999.0 -9999.0 -9999.0 -9999.0 -9999.0 -9999.0 -9999.0 -9999.0 -9999.0 -9999.0 -9999.0 -9999.0 -9999.0 -9999.0 -9999.0 -9999.0 -9999.0 -9999.0 -9999.0 -9999.0 -9999.0 -9999.0 -9999.0 -9999.0 -9999.0 -9999.0 -9999.0 -9999.0 -9999.0 -9999.0 -9999.0 -9999.0 -9999.0 -9999.0 -9999.0 -9999.0 -9999.0 -9999.0 -9999.0 -9999.0 -9999.0 -9999.0 -9999.0 -9999.0 -9999.0 -9999.0 -9999.0 -9999.0 -9999.0 -9999.0 -9999.0 -9999.0 -9999.0 -9999.0 -9999.0 0.332310 0.329410 0.326413 0.323462
-9999.0 -9999.0 -9999.0 -9999.0 -9999.0 -9999.0 -9999.0 -9999.0 -9999.0 -9999.0 -9999.0 -9999.0 -9999.0 -9999.0 -9999.0 -9999.0 -9999.0 -9999.0 -9999.0 -9999.0 -9999.0 -9999.0 -9999.0 -9999.0 -9999.0 -9999.0 -9999.0 -9999.0 -9999.0 -9999.0 -9999.0 -9999.0 -9999.0 -9999.0 -9999.0 -9999.0 -9999.0 -9999.0 -9999.0 -9999.0 -9999.0 -9999.0 -9999.0 -9999.0 -9999.0 -9999.0 -9999.0 0.241700 0.227487 0.214015 0.212768 0.230650 0.249341 0.268229 0.284044 0.297699 0.310587 0.322514 0.324363 0.318026 0.314991 0.312764 0.311186
-9999.0 -9999.0 -9999.0 -9999.0 -9999.0 -9999.0 -9999.0 -9999.0 -9999.0 -9999.0 -9999.0 -9999.0 -9999.0 -9999.0 -9999.0 -9999.0 -9999.0 -9999.0 -9999.0 -9999.0 -9999.0 -9999.0 -9999.0 -9999.0 -9999.0 -9999.0 -9999.0 -9999.0 -9999.0 -9999.0 -9999.0 -9999.0 -9999.0 -9999.0 -9999.0 -9999.0 -9999.0 -9999.0 -9999.0 -9999.0 0.279983 0.284419 0.285657 0.277028 0.267878 0.258324 0.242064 0.227536 0.214991 0.212544 0.214330 0.218767 0.237077 0.256424 0.271765 0.285172 0.299069 0.312428 0.314169 0.306876 0.300837 0.297693 0.297539
-9999.0 -9999.0 -9999.0 -9999.0 -9999.0 -9999.0 -9999.0 -9999.0 -9999.0 -9999.0 -9999.0 -9999.0 -9999.0 -9999.0 -9999.0 -9999.0 -9999.0 -9999.0 -9999.0 -9999.0 -9999.0 -9999.0 -9999.0 -9999.0 -9999.0 -9999.0 -9999.0 -9999.0 -9999.0 -9999.0 -9999.0 -9999.0 -9999.0 -9999.0 0.207419 0.220857 0.235070 0.249645 0.262833 0.267900 0.272489 0.276978 0.273673 0.269592 0.260277 0.245132 0.228956 0.217384 0.214997 0.212723 0.215911 0.226070 0.239146 0.252289 0.268912 0.286548 0.293089 0.301619 0.303571 0.299792 0.300186 0.300991 0.301865
-9999.0 -9999.0 -9999.0 -9999.0 -9999.0 -9999.0 -9999.0 -9999.0 -9999.0 -9999.0 -9999.0 -9999.0 -9999.0 -9999.0 -9999.0 -9999.0 -9999.0 -9999.0 -9999.0 -9999.0 -9999.0 -9999.0 -9999.0 -9999.0 -9999.0 -9999.0 -9999.0 -9999.0 0.211548 0.206930 0.202846 0.201496 0.200297 0.199153 0.204096 0.213305 0.227498 0.244482 0.254535 0.260032 0.265012 0.265438 0.261363 0.259258 0.259081 0.249357 0.239649 0.230603 0.222020 0.220914 0.228215 0.238949 0.251535 0.263089 0.274873 0.285150 0.296051 0.310695 0.316020 0.311893 0.307735 0.304976 0.305166
-9999.0 -9999.0 -9999.0 -9999.0 -9999.0 -9999.0 -9999.0 -9999.0 -9999.0 -9999.0 -9999.0 -9999.0 -9999.0 -9999.0 -9999.0 -9999.0 -9999.0 -9999.0 -9999.0 -9999.0 -9999.0 -9999.0 -9999.0 0.190810 0.195048 0.199517 0.204662 0.205075 0.201622 0.197236 0.194655 0.193246 0.191902 0.194689 0.200574 0.210563 0.222630 0.239533 0.246176 0.251422 0.261299 0.262618 0.265847 0.268683 0.266831 0.264424 0.254589 0.247245 0.251861 0.256677 0.261386 0.266863 0.276685 0.288438 0.301187 0.314860 0.327507 0.337193 0.344257 0.341752 0.337744 0.332039 0.332100
-9999.0 -9999.0 -9999.0 -9999.0 -9999.0 -9999.0 -9999.0 -9999.0 -9999.0 -9999.0 -9999.0 -9999.0 -9999.0 -9999.0 -9999.0 -9999.0 -9999.0 -9999.0 -9999.0 0.174763 0.175142 0.175562 0.178266 0.178776 0.180076 0.184508 0.189815 0.190934 0.189619 0.188136 0.188901 0.190424 0.192981 0.200982 0.211022 0.221630 0.232617 0.249148 0.260769 0.271715 0.284042 0.282402 0.278400 0.276174 0.276075 0.276277 0.281177 0.283987 0.287923 0.292299 0.297285 0.303158 0.309998 0.321411 0.332520 0.341995 0.349450 0.355197 0.359592 0.358990 0.356340 0.352997 0.353091
-9999.0 -9999.0 -9999.0 -9999.0 -9999.0 -9999.0 -9999.0 -9999.0 -9999.0 -9999.0 -9999.0 -9999.0 -9999.0 -9999.0 -9999.0 -9999.0 0.158492 0.159395 0.160375 0.163207 0.164370 0.166455 0.170309 0.170683 0.172832 0.177026 0.179998 0.185280 0.190267 0.195099 0.199003 0.200594 0.206016 0.212990 0.221890 0.234119 0.251649 0.269503 0.281921 0.294058 0.305535 0.305290 0.304042 0.304402 0.304712 0.310195 0.321611 0.325187 0.327407 0.337303 0.343550 0.345708 0.348329 0.353960 0.359732 0.364300 0.367540 0.368818 0.369447 0.369576 0.369314 0.369213 0.369354
-9999.0 -9999.0 -9999.0 -9999.0 -9999.0 -9999.0 -9999.0 -9999.0 -9999.0 -9999.0 -9999.0 -9999.0 -9999.0 0.137489 0.139200 0.143124 0.146652 0.147512 0.149179 0.151769 0.157936 0.159599 0.162834 0.167004 0.173530 0.178578 0.184333 0.192046 0.197720 0.202591 0.207533 0.212394 0.222832 0.234842 0.247498 0.263640 0.280323 0.295976 0.310436 0.319556 0.327597 0.329543 0.328236 0.328853 0.333139 0.341805 0.349300 0.353732 0.359462 0.363723 0.365663 0.366991 0.367727 0.368467 0.369259 0.369854 0.369988 0.370000 0.370000 0.370000 0.370000 0.370000 0.370000
-9999.0 -9999.0 -9999.0 -9999.0 -9999.0 -9999.0 -9999.0 -9999.0 -9999.0 -9999.0 0.123905 0.124779 0.123512 0.123797 0.125240 0.129391 0.134326 0.137064 0.141713 0.151244 0.159940 0.161596 0.170008 0.175782 0.179602 0.186386 0.195156 0.204292 0.217200 0.226813 0.236817 0.253567 0.266508 0.279048 0.292068 0.305696 0.319266 0.335801 0.347322 0.352254 0.358702 0.361688 0.361211 0.361286 0.362646 0.365261 0.367631 0.369079 0.369665 0.369921 0.369983 0.369996 0.369999 0.370000 0.370000 0.370000 0.370000 0.370000 0.370000 0.370000 0.370000 0.370000 0.370000
-9999.0 -9999.0 -9999.0 -9999.0 -9999.0 -9999.0 -9999.0 -9999.0 0.116402 0.118357 0.120285 0.119241 0.117675 0.116674 0.120505 0.125685 0.131413 0.138087 0.145011 0.153495 0.161683 0.171150 0.182972 0.190632 0.198684 0.209485 0.219619 0.233647 0.250577 0.262543 0.277852 0.294275 0.307933 0.319268 0.329574 0.338640 0.350251 0.359630 0.365025 0.367551 0.369031 0.369653 0.369696 0.369756 0.369825 0.369965 0.369998 0.370000 0.370000 0.370000 0.370000 0.370000 0.370000 0.370000 0.370000 0.370000 0.370000 0.370000 0.370000 0.370000 0.370000 0.370000 0.370000
-9999.0 -9999.0 -9999.0 -9999.0 -9999.0 -9999.0 0.109592 0.116061 0.120474 0.117965 0.115628 0.114631 0.113624 0.118801 0.125658 0.131680 0.138264 0.145789 0.153530 0.161414 0.182843 0.193310 0.203792 0.218768 0.229244 0.239973 0.253673 0.272471 0.290421 0.313740 0.331753 0.344503 0.353754 0.358923 0.362574 0.365437 0.368195 0.369558 0.369937 0.369995 0.370000 0.370000 0.370000 0.370000 0.370000 0.370000 0.370000 0.370000 0.370000 0.370000 0.370000 0.370000 0.370000 0.370000 0.370000 0.370000 0.370000 0.370000 0.370000 0.370000 0.370000 0.370000 0.370000
-9999.0 -9999.0 -9999.0 -9999.0 0.102131 0.106631 0.111707 0.120656 0.128362 0.126230 0.128850 0.128984 0.128439 0.129064 0.130912 0.137941 0.145528 0.153927 0.163972 0.187925 0.217644 0.230563 0.252411 0.278000 0.288503 0.299063 0.309424 0.323851 0.339602 0.353176 0.363668 0.367877 0.369183 0.369705 0.369905 0.369983 0.369999 0.370000 0.370000 0.370000 0.370000 0.370000 0.370000 0.370000 0.370000 0.370000 0.370000 0.370000 0.370000 0.370000 0.370000 0.370000 0.370000 0.370000 0.370000 0.370000 0.370000 0.370000 0.370000 0.370000 0.370000 0.370000 0.370000
-9999.0 -9999.0 -9999.0 0.094068 0.100603 0.108490 0.115791 0.125635 0.137732 0.140565 0.144068 0.147156 0.150474 0.154890 0.160275 0.169233 0.177195 0.184487 0.198454 0.226074 0.255366 0.283319 0.307247 0.327174 0.339340 0.346090 0.351967 0.358739 0.365476 0.368675 0.369853 0.369997 0.370000 0.370000 0.370000 0.370000 0.370000 0.370000 0.370000 0.370000 0.370000 0.370000 0.370000 0.370000 0.370000 0.370000 0.370000 0.370000 0.370000 0.370000 0.370000 0.370000 0.370000 0.370000 0.370000 0.370000 0.370000 0.370000 0.370000 0.370000 0.370000 0.370000 0.370000
-9999.0 -9999.0 0.088041 0.092675 0.098345 0.109360 0.124795 0.137454 0.156855 0.171318 0.175608 0.187956 0.199903 0.206108 0.219139 0.232772 0.242308 0.243959 0.253032 0.282545 0.321080 0.346377 0.357981 0.366865 0.368885 0.369511 0.369731 0.369929 0.369995 0.370000 0.370000 0.370000 0.370000 0.370000 0.370000 0.370000 0.370000 0.370000 0.370000 0.370000 0.370000 0.370000 0.370000 0.370000 0.370000 0.370000 0.370000 0.370000 0.370000 0.370000 0.370000 0.370000 0.370000 0.370000 0.370000 0.370000 0.370000 0.370000 0.370000 0.370000 0.370000 0.370000 0.370000
-9999.0 -9999.0 0.085485 0.090349 0.096742 0.111940 0.137131 0.154889 0.180050 0.210915 0.225596 0.244274 0.260966 0.276965 0.295287 0.312325 0.314326 0.315588 0.315132 0.344112 0.361562 0.368665 0.369959 0.370000 0.370000 0.370000 0.370000 0.370000 0.370000 0.370000 0.370000 0.370000 0.370000 0.370000 0.370000 0.370000 0.370000 0.370000 0.370000 0.370000 0.370000 0.370000 0.370000 0.370000 0.370000 0.370000 0.370000 0.370000 0.370000 0.370000 0.370000 0.370000 0.370000 0.370000 0.370000 0.370000 0.370000 0.370000 0.370000 0.370000 0.370000 0.370000 0.370000
-9999.0 0.078982 0.082513 0.087642 0.097578 0.112966 0.144638 0.191976 0.228207 0.261264 0.283577 0.299705 0.335307 0.354945 0.361477 0.365794 0.365606 0.365307 0.364522 0.368298 0.369840 0.370000 0.370000 0.370000 0.370000 0.370000 0.370000 0.370000 0.370000 0.370000 0.370000 0.370000 0.370000 0.370000 0.370000 0.370000 0.370000 0.370000 0.370000 0.370000 0.370000 0.370000 0.370000 0.370000 0.370000 0.370000 0.370000 0.370000 0.370000 0.370000 0.370000 0.370000 0.370000 0.370000 0.370000 0.370000 0.370000 0.370000 0.370000 0.370000 0.370000 0.370000 0.370000
-9999.0 0.077198 0.080703 0.086988 0.096781 0.114530 0.162115 0.252172 0.287593 0.311445 0.330578 0.352933 0.367847 0.369846 0.369988 0.370000 0.370000 0.369999 0.369999 0.370000 0.370000 0.370000 0.370000 0.370000 0.370000 0.370000 0.370000 0.370000 0.370000 0.370000 0.370000 0.370000 0.370000 0.370000 0.370000 0.370000 0.370000 0.370000 0.370000 0.370000 0.370000 0.370000 0.370000 0.370000 0.370000 0.370000 0.370000 0.370000 0.370000 0.370000 0.370000 0.370000 0.370000 0.370000 0.370000 0.370000 0.370000 0.370000 0.370000 0.370000 0.370000 0.370000 0.370000
-9999.0 0.076185 0.079760 0.084903 0.094138 0.124495 0.185102 0.283184 0.338162 0.353049 0.364865 0.369783 0.370000 0.370000 0.370000 0.370000 0.370000 0.370000 0.370000 0.370000 0.370000 0.370000 0.370000 0.370000 0.370000 0.370000 0.370000 0.370000 0.370000 0.370000 0.370000 0.370000 0.370000 0.370000 0.370000 0.370000 0.370000 0.370000 0.370000 0.370000 0.370000 0.370000 0.370000 0.370000 0.370000 0.370000 0.370000 0.370000 0.370000 0.370000 0.370000 0.370000 0.370000 0.370000 0.370000 0.370000 0.370000 0.370000 0.370000 0.370000 0.370000 0.370000 0.370000
-9999.0 0.073331 0.076172 0.079487 0.093226 0.134881 0.205672 0.321979 0.364975 0.369073 0.369996 0.370000 0.370000 0.370000 0.370000 0.370000 0.370000 0.370000 0.370000 0.370000 0.370000 0.370000 0.370000 0.370000 0.370000 0.370000 0.370000 0.370000 0.370000 0.370000 0.370000 0.370000 0.370000 0.370000 0.370000 0.370000 0.370000 0.370000 0.370000 0.370000 0.370000 0.370000 0.370000 0.370000 0.370000 0.370000 0.370000 0.370000 0.370000 0.370000 0.370000 0.370000 0.370000 0.370000 0.370000 0.370000 0.370000 0.370000 0.370000 0.370000 0.370000 0.370000 0.370000
-9999.0 0.071510 0.073302 0.077374 0.090048 0.126095 0.210144 0.335148 0.369588 0.370000 0.370000 0.370000 0.370000 0.370000 0.370000 0.370000 0.370000 0.370000 0.370000 0.370000 0.370000 0.370000 0.370000 0.370000 0.370000 0.370000 0.370000 0.370000 0.370000 0.370000 0.370000 0.370000 0.370000 0.370000 0.370000 0.370000 0.370000 0.370000 0.370000 0.370000 0.370000 0.370000 0.370000 0.370000 0.370000 0.370000 0.370000 0.370000 0.370000 0.370000 0.370000 0.370000 0.370000 0.370000 0.370000 0.370000 0.370000 0.370000 0.370000 0.370000 0.370000 0.370000 0.370000
-9999.0 0.070251 0.072101 0.075103 0.083003 0.101612 0.146789 0.265361 0.357922 0.369998 0.370000 0.370000 0.370000 0.370000 0.370000 0.370000 0.370000 0.370000 0.370000 0.370000 0.370000 0.370000 0.370000 0.370000 0.370000 0.370000 0.370000 0.370000 0.370000 0.370000 0.370000 0.370000 0.370000 0.370000 0.370000 0.370000 0.370000 0.370000 0.370000 0.370000 0.370000 0.370000 0.370000 0.370000 0.370000 0.370000 0.370000 0.370000 0.370000 0.370000 0.370000 0.370000 0.370000 0.370000 0.370000 0.370000 0.370000 0.370000 0.370000 0.370000 0.370000 0.370000 0.370000
-9999.0 -9999.0 0.070878 0.073185 0.077608 0.087572 0.110461 0.179442 0.300092 0.367938 0.369995 0.370000 0.370000 0.370000 0.370000 0.370000 0.370000 0.370000 0.370000 0.370000 0.370000 0.370000 0.370000 0.370000 0.370000 0.370000 0.370000 0.370000 0.370000 0.370000 0.370000 0.370000 0.370000 0.370000 0.370000 0.370000 0.370000 0.370000 0.370000 0.370000 0.370000 0.370000 0.370000 0.370000 0.370000 0.370000 0.370000 0.370000 0.370000 0.370000 0.370000 0.370000 0.370000 0.370000 0.370000 0.370000 0.370000 0.370000 0.370000 0.369995 0.369875 0.369151 0.367405
-9999.0 -9999.0 0.069841 0.071394 0.074439 0.080610 0.091385 0.114476 0.190676 0.288052 0.348797 0.366842 0.369764 0.369994 0.370000 0.370000 0.370000 0.370000 0.370000 0.370000 0.370000 0.370000 0.370000 0.370000 0.370000 0.370000 0.370000 0.370000 0.370000 0.370000 0.370000 0.370000 0.370000 0.370000 0.370000 0.370000 0.370000 0.370000 0.370000 0.370000 0.370000 0.370000 0.370000 0.370000 0.370000 0.370000 0.370000 0.370000 0.370000 0.370000 0.370000 0.370000 0.369999 0.369998 0.369994 0.369986 0.369940 0.369750 0.369167 0.367378 0.362690 0.355704 0.345180
-9999.0 -9999.0 -9999.0 0.070274 0.071886 0.074243 0.078433 0.084225 0.097742 0.127905 0.178614 0.251381 0.302715 0.336264 0.356056 0.365242 0.368048 0.368885 0.369339 0.369925 0.369990 0.370000 0.370000 0.370000 0.370000 0.370000 0.370000 0.370000 0.370000 0.370000 0.370000 0.370000 0.369998 0.369997 0.369997 0.369998 0.369996 0.369992 0.369978 0.369941 0.369867 0.369777 0.369720 0.369655 0.369604 0.369534 0.369448 0.369269 0.368973 0.368585 0.368194 0.367964 0.367696 0.367278 0.366623 0.365793 0.364294 0.359831 0.353245 0.343415 0.327876 0.308012 0.285775
-9999.0 -9999.0 -9999.0 -9999.0 -9999.0 0.070883 0.072858 0.075779 0.079837 0.085782 0.096925 0.119931 0.138404 0.163297 0.198366 0.232459 0.262735 0.292609 0.323735 0.344811 0.358803 0.364843 0.367987 0.369236 0.369574 0.369767 0.369822 0.369728 0.369579 0.369238 0.368283 0.366762 0.366170 0.366101 0.366088 0.365886 0.365293 0.364575 0.363505 0.361251 0.358811 0.357441 0.356347 0.355234 0.354024 0.352911 0.351768 0.350534 0.347450 0.344704 0.344692 0.343531 0.342323 0.341071 0.338049 0.334431 0.329755 0.315157 0.300235 0.288543 0.263579 0.240497 0.224186
-9999.0 -9999.0 -9999.0 -9999.0 -9999.0 -9999.0 0.070247 0.071653 0.073409 0.076035 0.080463 0.086502 0.090178 0.097177 0.107384 0.122337 0.144224 0.166341 0.193205 0.225055 0.260240 0.288822 0.314579 0.334851 0.341881 0.346637 0.350569 0.347670 0.344075 0.339965 0.329713 0.326945 0.323319 0.323134 0.322818 0.322562 0.319365 0.315750 0.312165 0.305010 0.301198 0.296908 0.293773 0.290733 0.287560 0.284813 0.282723 0.280679 0.276008 0.276738 0.276985 0.275537 0.273693 0.271682 0.266642 0.259734 0.252887 0.239455 0.227942 0.216591 0.197715 0.184367 0.171677
