tests/Borden05m/sims/sim_1/output-maps/thetaliqL0004N0018.asc
ncols         160
nrows         34
xllcorner     620200.000000
yllcorner     5168000.000000
cellsize      0.500000
NODATA_value  -9999.0
[rows 0 to 27 of 34, columns 63 to 125 of 160]
-9999.0 -9999.0 -9999.0 -9999.0 -9999.0 -9999.0 -9999.0 -9999.0 -9999.0 -9999.0 -9999.0 -9999.0 -9999.0 -9999.0 -9999.0 -9999.0 -9999.0 -9999.0 -9999.0 -9999.0 -9999.0 -9999.0 -9999.0 -9999.0 -9999.0 -9999.0 -9999.0 -9999.0 -9999.0 -9999.0 -9999.0 -9999.0 -9999.0 -9999.0 -9999.0 -9999.0 -9999.0 -9999.0 -9999.0 -9999.0 -9999.0 -9999.0 -9999.0 -9999.0 -9999.0 -9999.0 -9999.0 -9999.0 -9999.0 -9999.0 -9999.0 -9999.0 -9999.0 -9999.0 -9999.0 -9999.0 -9999.0 -9999.0 -9999.0 -9999.0 -9999.0 -9999.0 -9999.0
0.188510 0.186495 0.184296 0.183786 0.183911 0.183550 0.182855 0.184037 0.185655 0.187106 0.188930 0.188822 0.189143 0.189815 0.189986 0.189652 0.188797 0.188162 0.187453 0.188006 0.185589 0.182418 0.180003 0.179463 0.181333 0.182554 0.182529 0.183798 0.186443 0.188840 0.190017 0.192886 0.193043 0.194264 0.195828 0.194488 0.193975 0.193856 0.193877 0.190312 -9999.0 -9999.0 -9999.0 -9999.0 -9999.0 -9999.0 -9999.0 -9999.0 -9999.0 -9999.0 -9999.0 -9999.0 -9999.0 -9999.0 -9999.0 -9999.0 -9999.0 -9999.0 -9999.0 -9999.0 -9999.0 -9999.0 -9999.0
0.183535 0.181034 0.180208 0.178429 0.177704 0.177522 0.176931 0.177619 0.180586 0.182764 0.183544 0.183332 0.183308 0.182792 0.182386 0.182468 0.181681 0.180908 0.180110 0.180167 0.181646 0.179394 0.178177 0.177102 0.176102 0.176594 0.177023 0.177317 0.180159 0.181569 0.182744 0.186769 0.190500 0.191659 0.190361 0.188756 0.188805 0.188245 0.186419 0.184604 0.183921 0.182960 0.182425 0.181070 0.183073 0.183476 0.185964 0.188190 0.190851 0.194428 -9999.0 -9999.0 -9999.0 -9999.0 -9999.0 -9999.0 -9999.0 -9999.0 -9999.0 -9999.0 -9999.0 -9999.0 -9999.0
0.179894 0.178995 0.177292 0.174920 0.177729 0.177459 0.177289 0.177895 0.178882 0.179308 0.179838 0.180724 0.183428 0.183433 0.183267 0.183372 0.182868 0.181971 0.181907 0.181348 0.179236 0.179455 0.179912 0.179531 0.181620 0.181822 0.182892 0.179343 0.180063 0.181228 0.182235 0.183129 0.184130 0.185155 0.183597 0.184466 0.182809 0.179481 0.178160 0.177847 0.179676 0.180510 0.178884 0.173969 0.176622 0.182277 0.182222 0.181721 0.184812 0.187936 0.191845 0.191578 0.191289 0.191619 0.192023 0.188357 0.185673 0.183531 0.178629 -9999.0 -9999.0 -9999.0 -9999.0
0.179901 0.178168 0.176237 0.180822 0.182988 0.182229 0.182833 0.184138 0.184051 0.178481 0.177054 0.179443 0.182088 0.183307 0.182444 0.182005 0.181090 0.181012 0.181464 0.180781 0.181583 0.182393 0.181656 0.183231 0.185032 0.186535 0.182920 0.179549 0.179743 0.182522 0.184736 0.186153 0.189387 0.194015 0.193325 0.192035 0.190916 0.189395 0.183487 0.178350 0.176218 0.175198 0.173697 0.174578 0.173674 0.178063 0.177894 0.177409 0.179750 0.181826 0.184301 0.185966 0.185726 0.186159 0.186603 0.185221 0.182383 0.180528 0.179012 0.176069 0.171440 0.164072 0.164484
0.176312 0.176589 0.180817 0.183643 0.187917 0.186948 0.187210 0.187035 0.183027 0.179766 0.177775 0.183785 0.188927 0.190884 0.189913 0.189102 0.193270 0.192033 0.191288 0.188704 0.189646 0.189641 0.194370 0.196511 0.199076 0.198135 0.193364 0.189298 0.188941 0.189434 0.189253 0.190686 0.194063 0.198075 0.195532 0.193842 0.192962 0.184050 0.176920 0.174086 0.177680 0.179753 0.179139 0.179316 0.179277 0.176332 0.176939 0.177194 0.175998 0.179659 0.183356 0.183912 0.181032 0.179990 0.181015 0.180226 0.179774 0.177807 0.175696 0.173926 0.166834 0.168467 0.165003
0.186544 0.188453 0.191369 0.196471 0.205383 0.204566 0.205418 0.207992 0.203224 0.198550 0.192356 0.199433 0.201829 0.204737 0.205000 0.210737 0.215930 0.212876 0.208420 0.203434 0.206550 0.213584 0.220607 0.222845 0.224030 0.225069 0.220149 0.218212 0.216872 0.217027 0.214180 0.214645 0.220003 0.228610 0.229338 0.224341 0.215164 0.201964 0.190359 0.184087 0.189382 0.187484 0.186382 0.186872 0.182756 0.180178 0.182816 0.179869 0.177672 0.182346 0.183176 0.182755 0.179163 0.183412 0.182237 0.177942 0.174858 0.172962 0.171446 0.169249 0.170355 0.169076 0.166096
0.194551 0.196774 0.203763 0.214126 0.227132 0.235272 0.241610 0.248094 0.243162 0.237143 0.230552 0.232111 0.240240 0.248752 0.258207 0.268842 0.279613 0.276322 0.269971 0.268924 0.272001 0.284597 0.295744 0.300194 0.302770 0.306853 0.303472 0.297273 0.289611 0.281693 0.274544 0.269457 0.280141 0.290949 0.288874 0.268928 0.250472 0.230152 0.212217 0.196480 0.195886 0.197737 0.199263 0.193753 0.190343 0.185111 0.183494 0.183172 0.178207 0.180688 0.181612 0.185133 0.189952 0.190898 0.186161 0.183010 0.179604 0.176206 0.173636 0.174877 0.175214 0.173006 0.170914
0.256244 0.259999 0.270240 0.295340 0.322310 0.337584 0.346398 0.347836 0.345155 0.341784 0.335643 0.332058 0.337950 0.343081 0.347080 0.350195 0.352881 0.354553 0.354398 0.354410 0.354938 0.355639 0.356779 0.358007 0.359154 0.360318 0.360656 0.359252 0.357630 0.355599 0.353520 0.352816 0.352265 0.353553 0.353353 0.348704 0.340226 0.325126 0.299590 0.272314 0.252597 0.251291 0.241156 0.231837 0.221688 0.204958 0.199405 0.195808 0.183785 0.182478 0.186585 0.192019 0.195720 0.189043 0.185286 0.181696 0.177884 0.173598 0.174579 0.176331 0.176787 0.175918 0.175770
0.346132 0.347734 0.349673 0.356725 0.362511 0.365964 0.367702 0.368200 0.367798 0.367254 0.366505 0.365704 0.365695 0.366682 0.367644 0.368355 0.368719 0.368831 0.368779 0.368786 0.368821 0.368915 0.368975 0.369086 0.369240 0.369440 0.369622 0.369587 0.369320 0.368996 0.368445 0.368073 0.367887 0.367591 0.367551 0.367501 0.365860 0.363193 0.358463 0.351498 0.345099 0.336888 0.325840 0.311726 0.279745 0.248730 0.226491 0.210401 0.195987 0.193204 0.207205 0.220380 0.214061 0.210389 0.205009 0.197146 0.190587 0.183077 0.183335 0.184031 0.183064 0.181904 0.180623
0.367550 0.367912 0.368317 0.368948 0.369611 0.369894 0.369975 0.369987 0.369982 0.369969 0.369949 0.369925 0.369917 0.369932 0.369951 0.369972 0.369985 0.369992 0.369992 0.369992 0.369991 0.369993 0.369994 0.369994 0.369996 0.369998 0.369999 0.369999 0.369998 0.369994 0.369982 0.369958 0.369931 0.369905 0.369899 0.369899 0.369894 0.369771 0.369349 0.367973 0.365984 0.363600 0.361686 0.359202 0.356284 0.347105 0.340078 0.324619 0.297913 0.270178 0.287849 0.276267 0.265105 0.251142 0.234858 0.222292 0.211725 0.201664 0.199628 0.199125 0.197115 0.196124 0.194002
0.369962 0.369977 0.369988 0.369995 0.369999 0.370000 0.370000 0.370000 0.370000 0.370000 0.370000 0.370000 0.370000 0.370000 0.370000 0.370000 0.370000 0.370000 0.370000 0.370000 0.370000 0.370000 0.370000 0.370000 0.370000 0.370000 0.370000 0.370000 0.370000 0.370000 0.370000 0.370000 0.370000 0.370000 0.370000 0.370000 0.370000 0.369999 0.369996 0.369961 0.369815 0.369537 0.369174 0.368789 0.368437 0.368052 0.367269 0.365268 0.360425 0.353389 0.349512 0.346515 0.341231 0.327510 0.306669 0.285996 0.257430 0.233339 0.220305 0.217125 0.214377 0.211222 0.207077
0.370000 0.370000 0.370000 0.370000 0.370000 0.370000 0.370000 0.370000 0.370000 0.370000 0.370000 0.370000 0.370000 0.370000 0.370000 0.370000 0.370000 0.370000 0.370000 0.370000 0.370000 0.370000 0.370000 0.370000 0.370000 0.370000 0.370000 0.370000 0.370000 0.370000 0.370000 0.370000 0.370000 0.370000 0.370000 0.370000 0.370000 0.370000 0.370000 0.370000 0.370000 0.369994 0.369982 0.369969 0.369958 0.369945 0.369898 0.369772 0.369453 0.368565 0.366523 0.365493 0.363805 0.360355 0.356616 0.353288 0.343930 0.327276 0.305438 0.290894 0.269867 0.251552 0.239585
0.370000 0.370000 0.370000 0.370000 0.370000 0.370000 0.370000 0.370000 0.370000 0.370000 0.370000 0.370000 0.370000 0.370000 0.370000 0.370000 0.370000 0.370000 0.370000 0.370000 0.370000 0.370000 0.370000 0.370000 0.370000 0.370000 0.370000 0.370000 0.370000 0.370000 0.370000 0.370000 0.370000 0.370000 0.370000 0.370000 0.370000 0.370000 0.370000 0.370000 0.370000 0.370000 0.370000 0.370000 0.370000 0.370000 0.370000 0.369999 0.369991 0.369946 0.369760 0.369519 0.369277 0.369042 0.368730 0.368186 0.366077 0.362056 0.356787 0.351870 0.343733 0.332147 0.315889
0.370000 0.370000 0.370000 0.370000 0.370000 0.370000 0.370000 0.370000 0.370000 0.370000 0.370000 0.370000 0.370000 0.370000 0.370000 0.370000 0.370000 0.370000 0.370000 0.370000 0.370000 0.370000 0.370000 0.370000 0.370000 0.370000 0.370000 0.370000 0.370000 0.370000 0.370000 0.370000 0.370000 0.370000 0.370000 0.370000 0.370000 0.370000 0.370000 0.370000 0.370000 0.370000 0.370000 0.370000 0.370000 0.370000 0.370000 0.370000 0.370000 0.370000 0.369998 0.369984 0.369971 0.369959 0.369937 0.369904 0.369682 0.369109 0.367916 0.366248 0.363791 0.360371 0.355896
0.370000 0.370000 0.370000 0.370000 0.370000 0.370000 0.370000 0.370000 0.370000 0.370000 0.370000 0.370000 0.370000 0.370000 0.370000 0.370000 0.370000 0.370000 0.370000 0.370000 0.370000 0.370000 0.370000 0.370000 0.370000 0.370000 0.370000 0.370000 0.370000 0.370000 0.370000 0.370000 0.370000 0.370000 0.370000 0.370000 0.370000 0.370000 0.370000 0.370000 0.370000 0.370000 0.370000 0.370000 0.370000 0.370000 0.370000 0.370000 0.370000 0.370000 0.370000 0.370000 0.370000 0.370000 0.370000 0.370000 0.369995 0.369964 0.369840 0.369538 0.368975 0.368124 0.366805
0.370000 0.370000 0.370000 0.370000 0.370000 0.370000 0.370000 0.370000 0.370000 0.370000 0.370000 0.370000 0.370000 0.370000 0.369999 0.369998 0.369998 0.369997 0.369999 0.370000 0.370000 0.369999 0.369999 0.369997 0.369994 0.369994 0.369994 0.369997 0.369999 0.370000 0.370000 0.370000 0.369999 0.369999 0.369999 0.370000 0.370000 0.370000 0.370000 0.370000 0.370000 0.370000 0.370000 0.370000 0.370000 0.370000 0.370000 0.370000 0.370000 0.370000 0.370000 0.370000 0.370000 0.370000 0.370000 0.370000 0.370000 0.370000 0.369997 0.369979 0.369932 0.369843 0.369617
0.370000 0.370000 0.370000 0.370000 0.370000 0.370000 0.369999 0.369999 0.369999 0.369999 0.369998 0.369994 0.369979 0.369952 0.369904 0.369864 0.369831 0.369793 0.369844 0.369918 0.369945 0.369894 0.369843 0.369745 0.369681 0.369647 0.369661 0.369754 0.369896 0.369953 0.369964 0.369948 0.369929 0.369920 0.369921 0.369942 0.369976 0.369993 0.369999 0.370000 0.370000 0.370000 0.370000 0.370000 0.370000 0.370000 0.370000 0.370000 0.370000 0.370000 0.370000 0.370000 0.370000 0.370000 0.370000 0.370000 0.370000 0.370000 0.370000 0.370000 0.369999 0.369995 0.369984
0.370000 0.369999 0.369999 0.369979 0.369950 0.369894 0.369815 0.369779 0.369721 0.369690 0.369576 0.369456 0.369219 0.368791 0.368166 0.367434 0.367151 0.366881 0.366606 0.367264 0.367517 0.367347 0.366891 0.366354 0.366044 0.365841 0.366146 0.367057 0.367781 0.368320 0.368524 0.368318 0.368512 0.368707 0.368723 0.369153 0.369451 0.369697 0.369863 0.369947 0.369972 0.369984 0.369992 0.369998 0.370000 0.370000 0.370000 0.370000 0.370000 0.370000 0.370000 0.370000 0.370000 0.370000 0.370000 0.370000 0.370000 0.370000 0.370000 0.370000 0.370000 0.370000 0.370000
0.369975 0.369966 0.369863 0.369438 0.368701 0.368011 0.366899 0.366251 0.365612 0.363565 0.361924 0.360654 0.360737 0.358768 0.355543 0.352415 0.350839 0.349717 0.347190 0.346287 0.347285 0.349546 0.347748 0.346708 0.347325 0.346689 0.346162 0.348476 0.351923 0.353776 0.355534 0.357078 0.357922 0.359017 0.362468 0.364148 0.365542 0.367038 0.368192 0.368978 0.369397 0.369592 0.369747 0.369877 0.369942 0.369981 0.369996 0.370000 0.370000 0.370000 0.370000 0.370000 0.370000 0.370000 0.370000 0.370000 0.370000 0.370000 0.370000 0.370000 0.370000 0.370000 0.370000
0.369212 0.368909 0.367159 0.363775 0.359413 0.355470 0.350165 0.346203 0.338925 0.324255 0.311664 0.311471 0.314825 0.311044 0.299007 0.287136 0.278324 0.269360 0.258361 0.252034 0.257652 0.263870 0.264630 0.264828 0.267038 0.267102 0.266435 0.266678 0.276500 0.284332 0.292708 0.299850 0.306566 0.324214 0.337626 0.344693 0.350628 0.355370 0.359753 0.363210 0.365329 0.366534 0.367662 0.368525 0.369148 0.369556 0.369821 0.369949 0.369986 0.369995 0.369998 0.370000 0.370000 0.370000 0.370000 0.370000 0.370000 0.370000 0.370000 0.370000 0.370000 0.370000 0.370000
0.362361 0.357787 0.348975 0.336450 0.319898 0.300479 0.279796 0.260679 0.241746 0.226048 0.216740 0.221057 0.224098 0.228333 0.221041 0.215087 0.213049 0.207583 0.202685 0.196976 0.201263 0.203895 0.209605 0.209645 0.210143 0.212622 0.211530 0.210934 0.207818 0.211864 0.214967 0.219000 0.230790 0.244246 0.259969 0.275683 0.293739 0.313138 0.330710 0.343279 0.351139 0.355676 0.359381 0.362606 0.364877 0.366548 0.367935 0.368962 0.369478 0.369719 0.369868 0.369937 0.369983 0.369998 0.370000 0.370000 0.370000 0.370000 0.370000 0.370000 0.370000 0.370000 0.370000
0.313098 0.288895 0.256147 0.238439 0.227181 0.216754 0.209234 0.203346 0.195270 0.189484 0.182065 0.184627 0.188642 0.194135 0.189950 0.189034 0.189522 0.186530 0.183318 0.178748 0.179591 0.183548 0.188288 0.188634 0.189822 0.192430 0.192458 0.190312 0.186375 0.187588 0.190743 0.194142 0.200313 0.206655 0.213296 0.219709 0.228618 0.240291 0.255147 0.275684 0.299435 0.316501 0.333298 0.345374 0.351828 0.355159 0.358600 0.362711 0.364931 0.366716 0.367992 0.368699 0.369433 0.369820 0.369969 0.369997 0.370000 0.370000 0.370000 0.370000 0.370000 0.370000 0.370000
0.212938 0.201640 0.196550 0.192329 0.188142 0.184549 0.180796 0.177475 0.174665 0.170796 0.164391 0.166984 0.170862 0.175143 0.175383 0.174859 0.175030 0.173808 0.170658 0.165730 0.167972 0.171401 0.174608 0.175879 0.176705 0.178573 0.177313 0.174570 0.170940 0.172719 0.176057 0.178325 0.181254 0.185435 0.189966 0.194692 0.200253 0.206252 0.214214 0.223733 0.235432 0.249492 0.267093 0.288594 0.301990 0.314511 0.325203 0.337483 0.345998 0.352173 0.357402 0.361560 0.365220 0.367995 0.369314 0.369811 0.369963 0.369992 0.369998 0.370000 0.370000 0.370000 0.370000
0.188054 0.182053 0.178216 0.175492 0.175990 0.174494 0.171135 0.170756 0.168808 0.163754 0.165368 0.166794 0.170851 0.170267 0.170101 0.169142 0.169704 0.168971 0.164280 0.166687 0.167903 0.170969 0.171841 0.172751 0.173416 0.174051 0.173507 0.170133 0.170876 0.171994 0.174954 0.175585 0.177310 0.181152 0.183050 0.186030 0.190059 0.194532 0.199909 0.206476 0.215200 0.224307 0.233154 0.237430 0.244108 0.249948 0.248281 0.261415 0.276574 0.293861 0.315192 0.332917 0.346442 0.356847 0.363850 0.367558 0.369093 0.369731 0.369891 0.369965 0.369992 0.369999 0.370000
0.172479 0.168324 0.164491 0.165845 0.165809 0.165362 0.164454 0.163237 0.161011 0.163393 0.163650 0.163453 0.163264 0.163334 0.163710 0.163250 0.162974 0.163142 0.165081 0.165449 0.165036 0.166016 0.166874 0.167794 0.167222 0.167537 0.167698 0.168448 0.168451 0.168121 0.169646 0.170437 0.171333 0.173198 0.174824 0.176837 0.180063 0.183072 0.186836 0.192529 0.199385 0.204639 0.206349 0.209900 0.211546 0.209289 0.207256 0.211605 0.216932 0.222276 0.234213 0.249430 0.271119 0.314010 0.343026 0.356261 0.362844 0.366606 0.368377 0.369249 0.369673 0.369905 0.369975
0.166657 0.163417 0.162492 0.163535 0.163456 0.163214 0.161453 0.159868 0.161290 0.161802 0.161673 0.161063 0.161752 0.162082 0.162971 0.162200 0.161833 0.162107 0.162398 0.162418 0.163197 0.163871 0.164516 0.166784 0.165892 0.165940 0.166753 0.166549 0.166432 0.166053 0.167669 0.168508 0.169080 0.170823 0.172210 0.173804 0.175998 0.179246 0.184590 0.189278 0.195068 0.200564 0.202131 0.203159 0.202206 0.200788 0.195945 0.195886 0.200838 0.200667 0.205386 0.213429 0.216932 0.238724 0.276621 0.310209 0.336704 0.350887 0.360738 0.364565 0.367263 0.368787 0.369526
0.161580 0.161406 0.159855 0.159962 0.159670 0.158763 0.157722 0.158807 0.158698 0.158573 0.158634 0.158273 0.158890 0.159422 0.159960 0.159725 0.159715 0.158953 0.159043 0.160048 0.160296 0.161049 0.162464 0.164293 0.163467 0.163409 0.163577 0.163329 0.163477 0.163030 0.164354 0.165488 0.166053 0.167956 0.169199 0.169304 0.171972 0.176098 0.180515 0.184109 0.188997 0.195718 0.194681 0.194665 0.195166 0.190960 0.185999 0.185454 0.186912 0.186122 0.189389 0.192199 0.193523 0.203489 0.213909 0.228084 0.252995 0.296397 0.333455 0.348240 0.356989 0.362670 0.365918
