tests/Borden05m/sims/sim_1/output-maps/thetaliqL0005N0011.asc
ncols         160
nrows         34
xllcorner     620200.000000
yllcorner     5168000.000000
cellsize      0.500000
NODATA_value  -9999.0
[rows 0 to 27 of 34, columns 0 to 62 of 160]
-9999.0 -9999.0 -9999.0 -9999.0 -9999.0 -9999.0 -9999.0 -9999.0 -9999.0 -9999.0 -9999.0 -9999.0 -9999.0 -9999.0 -9999.0 -9999.0 -9999.0 -9999.0 -9999.0 -9999.0 -9999.0 -9999.0 -9999.0 -9999.0 -9999.0 -9999.0 -9999.0 -9999.0 -9999.0 -9999.0 -9999.0 -9999.0 -9999.0 -9999.0 -9999.0 -9999.0 -9999.0 -9999.0 -9999.0 -9999.0 -9999.0 -9999.0 -9999.0 -9999.0 -9999.0 -9999.0 -9999.0 -9999.0 -9999.0 -9999.0 -9999.0 -9999.0 -9999.0 -9999.0 -9999.0 -9999.0 -9999.0 -9999.0 -9999.0 -9999.0 -9999.0 -9999.0 -9999.0
-9999.0 -9999.0 -9999.0 -9999.0 -9999.0 -9999.0 -9999.0 -9999.0 -9999.0 -9999.0 -9999.0 -9999.0 -9999.0 -9999.0 -9999.0 -9999.0 -9999.0 -9999.0 -9999.0 -9999.0 -9999.0 -9999.0 -9999.0 -9999.0 -9999.0 -9999.0 -9999.0 -9999.0 -9999.0 -9999.0 -9999.0 -9999.0 -9999.0 -9999.0 -9999.0 -9999.0 -9999.0 -9999.0 -9999.0 -9999.0 -9999.0 -9999.0 -9999.0 -9999.0 -9999.0 -9999.0 -9999.0 -9999.0 -9999.0 -9999.0 -9999.0 -9999.0 -9999.0 -9999.0 -9999.0 -9999.0 -9999.0 -9999.0 -9999.0 0.142313 0.139603 0.137204 0.135186
-9999.0 -9999.0 -9999.0 -9999.0 -9999.0 -9999.0 -9999.0 -9999.0 -9999.0 -9999.0 -9999.0 -9999.0 -9999.0 -9999.0 -9999.0 -9999.0 -9999.0 -9999.0 -9999.0 -9999.0 -9999.0 -9999.0 -9999.0 -9999.0 -9999.0 -9999.0 -9999.0 -9999.0 -9999.0 -9999.0 -9999.0 -9999.0 -9999.0 -9999.0 -9999.0 -9999.0 -9999.0 -9999.0 -9999.0 -9999.0 -9999.0 -9999.0 -9999.0 -9999.0 -9999.0 -9999.0 -9999.0 0.106218 0.101904 0.097852 0.097246 0.102156 0.106676 0.111794 0.116600 0.121522 0.127464 0.135117 0.136004 0.130034 0.128321 0.127222 0.126595
-9999.0 -9999.0 -9999.0 -9999.0 -9999.0 -9999.0 -9999.0 -9999.0 -9999.0 -9999.0 -9999.0 -9999.0 -9999.0 -9999.0 -9999.0 -9999.0 -9999.0 -9999.0 -9999.0 -9999.0 -9999.0 -9999.0 -9999.0 -9999.0 -9999.0 -9999.0 -9999.0 -9999.0 -9999.0 -9999.0 -9999.0 -9999.0 -9999.0 -9999.0 -9999.0 -9999.0 -9999.0 -9999.0 -9999.0 -9999.0 0.114801 0.116844 0.117911 0.114270 0.111450 0.109334 0.104812 0.100903 0.097626 0.097521 0.097826 0.097882 0.102311 0.107244 0.111213 0.115211 0.120669 0.127826 0.128464 0.123544 0.120255 0.118879 0.118980
-9999.0 -9999.0 -9999.0 -9999.0 -9999.0 -9999.0 -9999.0 -9999.0 -9999.0 -9999.0 -9999.0 -9999.0 -9999.0 -9999.0 -9999.0 -9999.0 -9999.0 -9999.0 -9999.0 -9999.0 -9999.0 -9999.0 -9999.0 -9999.0 -9999.0 -9999.0 -9999.0 -9999.0 -9999.0 -9999.0 -9999.0 -9999.0 -9999.0 -9999.0 0.096821 0.100249 0.103351 0.106764 0.110533 0.111394 0.112274 0.114102 0.112637 0.111551 0.108631 0.104210 0.100041 0.097447 0.097609 0.097024 0.097551 0.099826 0.102562 0.105345 0.109932 0.116084 0.117369 0.120665 0.121178 0.119151 0.119800 0.120547 0.121170
-9999.0 -9999.0 -9999.0 -9999.0 -9999.0 -9999.0 -9999.0 -9999.0 -9999.0 -9999.0 -9999.0 -9999.0 -9999.0 -9999.0 -9999.0 -9999.0 -9999.0 -9999.0 -9999.0 -9999.0 -9999.0 -9999.0 -9999.0 -9999.0 -9999.0 -9999.0 -9999.0 -9999.0 0.099437 0.098151 0.097106 0.096920 0.096547 0.095690 0.096283 0.097878 0.100932 0.105193 0.107436 0.108487 0.109704 0.109533 0.107878 0.107308 0.108018 0.105192 0.102913 0.100773 0.098234 0.097819 0.099632 0.102154 0.105156 0.107801 0.110738 0.113681 0.117077 0.124231 0.127046 0.124148 0.121823 0.120434 0.120587
-9999.0 -9999.0 -9999.0 -9999.0 -9999.0 -9999.0 -9999.0 -9999.0 -9999.0 -9999.0 -9999.0 -9999.0 -9999.0 -9999.0 -9999.0 -9999.0 -9999.0 -9999.0 -9999.0 -9999.0 -9999.0 -9999.0 -9999.0 0.095348 0.096478 0.097335 0.098577 0.098390 0.096790 0.095498 0.094847 0.094426 0.093767 0.094127 0.095021 0.096881 0.099111 0.103196 0.103981 0.104777 0.107795 0.107850 0.109128 0.110512 0.109865 0.109441 0.105930 0.103537 0.105405 0.106825 0.107778 0.108781 0.111499 0.115212 0.119933 0.126406 0.134272 0.141963 0.150444 0.146249 0.141618 0.135646 0.135734
-9999.0 -9999.0 -9999.0 -9999.0 -9999.0 -9999.0 -9999.0 -9999.0 -9999.0 -9999.0 -9999.0 -9999.0 -9999.0 -9999.0 -9999.0 -9999.0 -9999.0 -9999.0 -9999.0 0.093133 0.093022 0.092770 0.093256 0.092395 0.092218 0.093091 0.094328 0.094205 0.093529 0.092913 0.093066 0.093337 0.093616 0.095421 0.097504 0.099423 0.101227 0.105236 0.107976 0.111079 0.115785 0.114298 0.112293 0.111237 0.111136 0.110952 0.113039 0.114060 0.115192 0.116449 0.118055 0.120197 0.122820 0.128965 0.136332 0.144376 0.152924 0.162285 0.173706 0.170644 0.162550 0.154845 0.154799
-9999.0 -9999.0 -9999.0 -9999.0 -9999.0 -9999.0 -9999.0 -9999.0 -9999.0 -9999.0 -9999.0 -9999.0 -9999.0 -9999.0 -9999.0 -9999.0 0.090838 0.090864 0.090602 0.090386 0.090061 0.090331 0.091214 0.090622 0.090721 0.091440 0.091609 0.092649 0.093689 0.094798 0.095561 0.095349 0.096268 0.097317 0.098749 0.101119 0.105445 0.110323 0.113730 0.118009 0.123302 0.122335 0.121465 0.121554 0.121162 0.123688 0.130824 0.132202 0.132493 0.141126 0.147420 0.148720 0.150916 0.159519 0.172819 0.190799 0.217496 0.238456 0.259409 0.267262 0.252145 0.248466 0.254004
-9999.0 -9999.0 -9999.0 -9999.0 -9999.0 -9999.0 -9999.0 -9999.0 -9999.0 -9999.0 -9999.0 -9999.0 -9999.0 0.087980 0.088110 0.088716 0.088185 0.087607 0.087435 0.087277 0.088739 0.088500 0.088803 0.089479 0.090931 0.091649 0.092534 0.094020 0.094742 0.095312 0.095923 0.096412 0.098596 0.101184 0.103949 0.108118 0.112821 0.117966 0.124170 0.128301 0.133138 0.133974 0.132199 0.132170 0.135252 0.143467 0.152281 0.158475 0.172156 0.188340 0.198849 0.209838 0.217041 0.227057 0.246422 0.288805 0.331897 0.355442 0.362398 0.365575 0.365912 0.366355 0.366745
-9999.0 -9999.0 -9999.0 -9999.0 -9999.0 -9999.0 -9999.0 -9999.0 -9999.0 -9999.0 0.084730 0.085328 0.084452 0.083321 0.083059 0.083836 0.084730 0.084714 0.085343 0.087694 0.089507 0.088640 0.090513 0.091320 0.091412 0.092499 0.094076 0.095524 0.098293 0.099949 0.101783 0.106318 0.109499 0.112954 0.117153 0.122286 0.128531 0.140558 0.152902 0.158618 0.173388 0.183385 0.178902 0.177622 0.181509 0.194519 0.215656 0.244650 0.272690 0.307137 0.332769 0.346223 0.353805 0.359855 0.364321 0.367562 0.368895 0.369476 0.369765 0.369868 0.369898 0.369913 0.369926
-9999.0 -9999.0 -9999.0 -9999.0 -9999.0 -9999.0 -9999.0 -9999.0 0.082040 0.082927 0.083605 0.082937 0.082070 0.080905 0.081789 0.082862 0.083890 0.085184 0.086300 0.087593 0.088449 0.090113 0.092472 0.093388 0.094670 0.096804 0.098465 0.101352 0.105284 0.107587 0.111750 0.117114 0.122471 0.127762 0.133729 0.140043 0.153545 0.172808 0.194991 0.215783 0.242823 0.272062 0.273557 0.278400 0.285081 0.317492 0.349090 0.363560 0.367404 0.368574 0.369233 0.369482 0.369620 0.369755 0.369869 0.369931 0.369972 0.369993 0.369999 0.370000 0.370000 0.370000 0.370000
-9999.0 -9999.0 -9999.0 -9999.0 -9999.0 -9999.0 0.080270 0.082446 0.083744 0.081833 0.080542 0.080117 0.079511 0.081303 0.083419 0.084457 0.085514 0.086738 0.087619 0.087911 0.092897 0.093813 0.095046 0.098089 0.099835 0.101839 0.104937 0.110105 0.115458 0.125967 0.137139 0.148607 0.161756 0.172213 0.183058 0.196294 0.223937 0.263979 0.308471 0.342351 0.359935 0.366154 0.367410 0.367868 0.368200 0.368716 0.369355 0.369740 0.369923 0.369979 0.369994 0.369997 0.369998 0.369999 0.370000 0.370000 0.370000 0.370000 0.370000 0.370000 0.370000 0.370000 0.370000
-9999.0 -9999.0 -9999.0 -9999.0 0.079962 0.080872 0.081289 0.083721 0.085693 0.083359 0.084373 0.084058 0.083410 0.082853 0.082446 0.083865 0.085175 0.086509 0.087831 0.093027 0.099417 0.100450 0.105596 0.113456 0.115856 0.119301 0.123044 0.130328 0.142118 0.158794 0.190010 0.223960 0.250493 0.276710 0.301008 0.328606 0.355345 0.365970 0.368323 0.369231 0.369675 0.369864 0.369929 0.369949 0.369967 0.369982 0.369993 0.369999 0.370000 0.370000 0.370000 0.370000 0.370000 0.370000 0.370000 0.370000 0.370000 0.370000 0.370000 0.370000 0.370000 0.370000 0.370000
-9999.0 -9999.0 -9999.0 0.078049 0.080291 0.081878 0.082135 0.083672 0.086348 0.085670 0.085954 0.086232 0.086618 0.087250 0.087958 0.089531 0.090703 0.091482 0.093799 0.099379 0.105580 0.113479 0.121945 0.132416 0.141548 0.147673 0.154657 0.167735 0.195756 0.233483 0.293370 0.349011 0.364304 0.367423 0.368321 0.369012 0.369474 0.369817 0.369943 0.369985 0.369998 0.370000 0.370000 0.370000 0.370000 0.370000 0.370000 0.370000 0.370000 0.370000 0.370000 0.370000 0.370000 0.370000 0.370000 0.370000 0.370000 0.370000 0.370000 0.370000 0.370000 0.370000 0.370000
-9999.0 -9999.0 0.077417 0.078849 0.079086 0.081543 0.084750 0.085551 0.089525 0.091992 0.091197 0.093768 0.095995 0.096188 0.098876 0.101886 0.103862 0.103096 0.104184 0.112687 0.130164 0.151040 0.169888 0.216799 0.249142 0.269825 0.281349 0.308767 0.342726 0.364297 0.368282 0.369463 0.369847 0.369956 0.369977 0.369990 0.369998 0.370000 0.370000 0.370000 0.370000 0.370000 0.370000 0.370000 0.370000 0.370000 0.370000 0.370000 0.370000 0.370000 0.370000 0.370000 0.370000 0.370000 0.370000 0.370000 0.370000 0.370000 0.370000 0.370000 0.370000 0.370000 0.370000
-9999.0 -9999.0 0.076227 0.078124 0.078189 0.082202 0.087691 0.087959 0.092057 0.098863 0.100733 0.104419 0.107893 0.112193 0.118383 0.126660 0.125916 0.125759 0.123484 0.145891 0.178649 0.239603 0.330378 0.363030 0.367536 0.368034 0.368249 0.368757 0.369318 0.369834 0.369981 0.369999 0.370000 0.370000 0.370000 0.370000 0.370000 0.370000 0.370000 0.370000 0.370000 0.370000 0.370000 0.370000 0.370000 0.370000 0.370000 0.370000 0.370000 0.370000 0.370000 0.370000 0.370000 0.370000 0.370000 0.370000 0.370000 0.370000 0.370000 0.370000 0.370000 0.370000 0.370000
-9999.0 0.074967 0.076071 0.076865 0.079510 0.081208 0.087012 0.096302 0.101972 0.109452 0.115036 0.118898 0.142279 0.170263 0.187030 0.213366 0.206869 0.200620 0.191130 0.227890 0.296455 0.364084 0.369594 0.369957 0.369992 0.369994 0.369992 0.369997 0.370000 0.370000 0.370000 0.370000 0.370000 0.370000 0.370000 0.370000 0.370000 0.370000 0.370000 0.370000 0.370000 0.370000 0.370000 0.370000 0.370000 0.370000 0.370000 0.370000 0.370000 0.370000 0.370000 0.370000 0.370000 0.370000 0.370000 0.370000 0.370000 0.370000 0.370000 0.370000 0.370000 0.370000 0.370000
-9999.0 0.073229 0.075718 0.078101 0.078880 0.080531 0.090514 0.113190 0.118482 0.125947 0.135270 0.161257 0.238669 0.315966 0.349652 0.363358 0.363109 0.359895 0.360253 0.366484 0.368984 0.369904 0.370000 0.370000 0.370000 0.370000 0.370000 0.370000 0.370000 0.370000 0.370000 0.370000 0.370000 0.370000 0.370000 0.370000 0.370000 0.370000 0.370000 0.370000 0.370000 0.370000 0.370000 0.370000 0.370000 0.370000 0.370000 0.370000 0.370000 0.370000 0.370000 0.370000 0.370000 0.370000 0.370000 0.370000 0.370000 0.370000 0.370000 0.370000 0.370000 0.370000 0.370000
-9999.0 0.074549 0.078114 0.077942 0.077104 0.084513 0.094611 0.119225 0.149734 0.162973 0.202954 0.312941 0.365159 0.369036 0.369728 0.369915 0.369971 0.369968 0.369988 0.370000 0.370000 0.370000 0.370000 0.370000 0.370000 0.370000 0.370000 0.370000 0.370000 0.370000 0.370000 0.370000 0.370000 0.370000 0.370000 0.370000 0.370000 0.370000 0.370000 0.370000 0.370000 0.370000 0.370000 0.370000 0.370000 0.370000 0.370000 0.370000 0.370000 0.370000 0.370000 0.370000 0.370000 0.370000 0.370000 0.370000 0.370000 0.370000 0.370000 0.370000 0.370000 0.370000 0.370000
-9999.0 0.071720 0.075166 0.073175 0.078940 0.089798 0.099099 0.141646 0.219440 0.263368 0.358706 0.368633 0.369889 0.369993 0.370000 0.370000 0.370000 0.370000 0.370000 0.370000 0.370000 0.370000 0.370000 0.370000 0.370000 0.370000 0.370000 0.370000 0.370000 0.370000 0.370000 0.370000 0.370000 0.370000 0.370000 0.370000 0.370000 0.370000 0.370000 0.370000 0.370000 0.370000 0.370000 0.370000 0.370000 0.370000 0.370000 0.370000 0.370000 0.370000 0.370000 0.370000 0.370000 0.370000 0.370000 0.370000 0.370000 0.370000 0.370000 0.370000 0.370000 0.369997 0.369997
-9999.0 0.070290 0.071937 0.073984 0.079884 0.088919 0.106440 0.163681 0.312803 0.364471 0.369302 0.369819 0.369987 0.370000 0.370000 0.370000 0.370000 0.370000 0.370000 0.370000 0.370000 0.370000 0.370000 0.370000 0.370000 0.370000 0.370000 0.370000 0.370000 0.370000 0.370000 0.370000 0.370000 0.370000 0.370000 0.370000 0.370000 0.370000 0.370000 0.370000 0.370000 0.370000 0.370000 0.370000 0.370000 0.370000 0.370000 0.370000 0.370000 0.370000 0.370000 0.370000 0.370000 0.370000 0.370000 0.370000 0.370000 0.369997 0.369988 0.369966 0.369878 0.369793 0.369708
-9999.0 0.068738 0.072333 0.073583 0.076951 0.080460 0.087810 0.115789 0.193281 0.362000 0.369879 0.369959 0.369987 0.369999 0.370000 0.370000 0.370000 0.370000 0.370000 0.370000 0.370000 0.370000 0.370000 0.370000 0.370000 0.370000 0.370000 0.370000 0.370000 0.370000 0.370000 0.370000 0.370000 0.370000 0.370000 0.370000 0.370000 0.370000 0.370000 0.370000 0.370000 0.370000 0.370000 0.370000 0.370000 0.370000 0.370000 0.369999 0.369998 0.369997 0.369994 0.369992 0.369988 0.369983 0.369974 0.369961 0.369904 0.369806 0.369595 0.369013 0.367515 0.364351 0.361415
-9999.0 -9999.0 0.070006 0.073303 0.074516 0.076756 0.080879 0.095306 0.128830 0.264582 0.361639 0.368319 0.369422 0.369851 0.369990 0.370000 0.370000 0.370000 0.370000 0.369999 0.369999 0.369999 0.370000 0.370000 0.370000 0.370000 0.370000 0.370000 0.370000 0.370000 0.369999 0.369998 0.369997 0.369995 0.369997 0.369998 0.369998 0.369997 0.369994 0.369988 0.369979 0.369964 0.369960 0.369963 0.369963 0.369958 0.369948 0.369914 0.369858 0.369774 0.369718 0.369653 0.369582 0.369436 0.369249 0.369003 0.368381 0.367231 0.363316 0.342845 0.294604 0.245579 0.214677
-9999.0 -9999.0 0.068518 0.071198 0.074151 0.077624 0.078727 0.082668 0.101725 0.128080 0.175171 0.248766 0.321762 0.359870 0.366435 0.368630 0.369167 0.369329 0.369337 0.369477 0.369686 0.369836 0.369903 0.369940 0.369962 0.369975 0.369983 0.369972 0.369957 0.369921 0.369836 0.369659 0.369508 0.369418 0.369471 0.369561 0.369498 0.369358 0.369117 0.368769 0.368448 0.368085 0.367975 0.367926 0.367912 0.367799 0.367597 0.366861 0.365312 0.363455 0.361314 0.358814 0.356738 0.351790 0.343408 0.334817 0.312162 0.281379 0.250397 0.216529 0.184352 0.164736 0.148885
-9999.0 -9999.0 -9999.0 0.068744 0.070343 0.072742 0.074562 0.074185 0.077514 0.084629 0.094683 0.111995 0.130235 0.153369 0.185952 0.231447 0.262569 0.275734 0.282761 0.328518 0.348646 0.362653 0.366697 0.367556 0.368084 0.368501 0.368601 0.368330 0.368021 0.367295 0.364922 0.358713 0.351161 0.350602 0.350685 0.352303 0.348765 0.344119 0.332639 0.317194 0.300125 0.286471 0.280725 0.275577 0.272535 0.268240 0.263702 0.254859 0.244298 0.234488 0.226606 0.223354 0.220216 0.215308 0.209015 0.203366 0.194855 0.176505 0.161622 0.147939 0.134666 0.123734 0.114922
-9999.0 -9999.0 -9999.0 -9999.0 -9999.0 0.068617 0.071244 0.072907 0.073681 0.074369 0.076868 0.083189 0.085660 0.089942 0.096875 0.103793 0.110387 0.119361 0.134178 0.152662 0.177841 0.203024 0.234254 0.262887 0.279076 0.295731 0.301742 0.290055 0.277813 0.259613 0.232858 0.209707 0.204792 0.205294 0.205763 0.204714 0.200262 0.196064 0.190344 0.180297 0.171904 0.168693 0.166503 0.164273 0.161998 0.160123 0.158399 0.156806 0.152140 0.148301 0.148945 0.147832 0.146801 0.145965 0.143225 0.140593 0.137928 0.127955 0.120825 0.117461 0.109149 0.103156 0.100422
-9999.0 -9999.0 -9999.0 -9999.0 -9999.0 -9999.0 0.068370 0.069425 0.071444 0.072688 0.074896 0.077267 0.076135 0.077867 0.080137 0.083120 0.087540 0.090655 0.095252 0.101477 0.109861 0.117975 0.129119 0.142995 0.148270 0.153714 0.160132 0.154320 0.149641 0.145536 0.134958 0.133606 0.131360 0.131678 0.131708 0.131942 0.130040 0.128071 0.126364 0.122219 0.120749 0.119031 0.117941 0.116908 0.115879 0.115076 0.114542 0.114056 0.112114 0.112660 0.112928 0.112381 0.111859 0.111533 0.110208 0.108361 0.107002 0.103454 0.101192 0.099235 0.094905 0.092896 0.091020
