tests/Borden05m/sims/sim_1/output-maps/thetaliqL0004N0006.asc
ncols         160
nrows         34
xllcorner     620200.000000
yllcorner     5168000.000000
cellsize      0.500000
NODATA_value  -9999.0
[rows 0 to 27 of 34, columns 63 to 125 of 160]
-9999.0 -9999.0 -9999.0 -9999.0 -9999.0 -9999.0 -9999.0 -9999.0 -9999.0 -9999.0 -9999.0 -9999.0 -9999.0 -9999.0 -9999.0 -9999.0 -9999.0 -9999.0 -9999.0 -9999.0 -9999.0 -9999.0 -9999.0 -9999.0 -9999.0 -9999.0 -9999.0 -9999.0 -9999.0 -9999.0 -9999.0 -9999.0 -9999.0 -9999.0 -9999.0 -9999.0 -9999.0 -9999.0 -9999.0 -9999.0 -9999.0 -9999.0 -9999.0 -9999.0 -9999.0 -9999.0 -9999.0 -9999.0 -9999.0 -9999.0 -9999.0 -9999.0 -9999.0 -9999.0 -9999.0 -9999.0 -9999.0 -9999.0 -9999.0 -9999.0 -9999.0 -9999.0 -9999.0
0.123465 0.121151 0.118754 0.118105 0.118159 0.117798 0.117186 0.118459 0.120256 0.121933 0.123974 0.124010 0.124443 0.125195 0.125381 0.124992 0.124021 0.123256 0.122418 0.122830 0.120214 0.116914 0.114480 0.113906 0.115643 0.116884 0.116996 0.118403 0.121284 0.124055 0.125652 0.129048 0.129554 0.131069 0.132811 0.131275 0.130553 0.130200 0.129957 0.125944 -9999.0 -9999.0 -9999.0 -9999.0 -9999.0 -9999.0 -9999.0 -9999.0 -9999.0 -9999.0 -9999.0 -9999.0 -9999.0 -9999.0 -9999.0 -9999.0 -9999.0 -9999.0 -9999.0 -9999.0 -9999.0 -9999.0 -9999.0
0.118254 0.115700 0.114740 0.113047 0.112398 0.112252 0.111809 0.112548 0.115362 0.117557 0.118469 0.118435 0.118559 0.118173 0.117820 0.117852 0.117040 0.116218 0.115380 0.115299 0.116451 0.114239 0.113020 0.112042 0.111255 0.111751 0.112198 0.112583 0.115315 0.116941 0.118430 0.122666 0.126746 0.128159 0.126866 0.125125 0.124920 0.124031 0.121845 0.119663 0.118453 0.117245 0.116541 0.115196 0.117180 0.117819 0.120539 0.123113 0.126240 0.130362 -9999.0 -9999.0 -9999.0 -9999.0 -9999.0 -9999.0 -9999.0 -9999.0 -9999.0 -9999.0 -9999.0 -9999.0 -9999.0
0.114609 0.113685 0.112128 0.110191 0.112641 0.112497 0.112434 0.113056 0.114001 0.114427 0.115001 0.115996 0.118689 0.118848 0.118746 0.118834 0.118310 0.117393 0.117222 0.116604 0.114646 0.114765 0.115151 0.114876 0.116831 0.117072 0.118011 0.114792 0.115544 0.116854 0.118118 0.119357 0.120700 0.121925 0.120514 0.121077 0.119181 0.115697 0.113938 0.113142 0.114348 0.114847 0.113190 0.108925 0.111214 0.116491 0.116690 0.116522 0.119790 0.123215 0.127394 0.127239 0.126962 0.127246 0.127483 0.123299 0.120122 0.117541 0.112597 -9999.0 -9999.0 -9999.0 -9999.0
0.114724 0.113218 0.111733 0.115969 0.118249 0.117739 0.118397 0.119640 0.119462 0.114325 0.113119 0.115422 0.118128 0.119498 0.118842 0.118507 0.117725 0.117578 0.117853 0.117147 0.117847 0.118663 0.118195 0.119808 0.121626 0.123035 0.119484 0.116308 0.116466 0.119096 0.121419 0.123151 0.126725 0.131738 0.131027 0.129416 0.127743 0.125456 0.118928 0.113679 0.111497 0.110415 0.108994 0.109559 0.108835 0.112597 0.112577 0.112322 0.114631 0.116870 0.119486 0.121248 0.121038 0.121385 0.121618 0.119891 0.116694 0.114439 0.112497 0.109179 0.104714 0.098751 0.099006
0.112482 0.112938 0.116971 0.120123 0.124729 0.124142 0.124544 0.124358 0.120413 0.117218 0.115470 0.121008 0.126339 0.128658 0.127960 0.127415 0.131666 0.130352 0.129406 0.126744 0.127732 0.128062 0.133166 0.135712 0.138608 0.137526 0.132281 0.127972 0.127491 0.128023 0.128044 0.129794 0.133665 0.138200 0.135570 0.133379 0.131589 0.121820 0.114362 0.111158 0.113663 0.115233 0.114503 0.114451 0.114209 0.111538 0.111972 0.112163 0.111280 0.114714 0.118373 0.119056 0.116415 0.115395 0.116045 0.114907 0.113987 0.111707 0.109339 0.107304 0.101224 0.102148 0.099554
0.123610 0.125847 0.129394 0.135506 0.146089 0.145534 0.146638 0.149562 0.143956 0.138546 0.132126 0.139605 0.142651 0.146239 0.146802 0.153400 0.159362 0.155541 0.150184 0.144557 0.148001 0.156134 0.164476 0.167039 0.168243 0.169216 0.163306 0.161225 0.159885 0.160393 0.157325 0.158232 0.164932 0.175768 0.176935 0.170910 0.159120 0.142639 0.129094 0.122061 0.126512 0.124429 0.123097 0.123159 0.118813 0.116023 0.118049 0.115139 0.113120 0.117409 0.118444 0.118254 0.115130 0.118773 0.117333 0.112965 0.109731 0.107580 0.105855 0.103717 0.104223 0.102996 0.100728
0.134770 0.137465 0.145271 0.156795 0.170424 0.177632 0.182717 0.189789 0.184563 0.178619 0.172078 0.174406 0.183185 0.191569 0.200413 0.210209 0.221066 0.215769 0.207688 0.206265 0.208943 0.222730 0.235093 0.239682 0.242775 0.249586 0.245661 0.237522 0.228183 0.219354 0.212010 0.206526 0.219333 0.232724 0.231850 0.210990 0.194232 0.173492 0.154151 0.137288 0.136342 0.138020 0.139291 0.132962 0.128688 0.122760 0.120480 0.119542 0.114739 0.116840 0.117986 0.121556 0.126361 0.127106 0.121867 0.118164 0.114324 0.110720 0.108111 0.108827 0.108877 0.106842 0.105099
0.199499 0.201735 0.209475 0.233954 0.271982 0.303748 0.330386 0.334678 0.324312 0.313341 0.296326 0.286131 0.298716 0.312286 0.326400 0.339948 0.351940 0.359253 0.359954 0.360439 0.361998 0.363776 0.366771 0.369275 0.369894 0.369962 0.369967 0.369911 0.369346 0.364886 0.356786 0.352923 0.349887 0.353939 0.353379 0.337006 0.309135 0.277071 0.239830 0.211534 0.193708 0.197020 0.187199 0.177497 0.166124 0.146071 0.139142 0.134399 0.121943 0.120587 0.124780 0.130547 0.134380 0.127230 0.122807 0.118498 0.114153 0.109780 0.110026 0.111184 0.111348 0.110413 0.110183
0.322506 0.327682 0.337181 0.367164 0.369925 0.369994 0.369999 0.370000 0.369999 0.369998 0.369997 0.369994 0.369995 0.369998 0.369999 0.370000 0.370000 0.370000 0.370000 0.370000 0.370000 0.370000 0.370000 0.370000 0.370000 0.370000 0.370000 0.370000 0.370000 0.370000 0.370000 0.370000 0.370000 0.370000 0.370000 0.370000 0.369997 0.369978 0.369680 0.350258 0.320018 0.294250 0.273421 0.254622 0.217106 0.186429 0.165011 0.149642 0.135978 0.133898 0.148993 0.165501 0.157932 0.153304 0.146287 0.136503 0.128523 0.120320 0.119844 0.120102 0.118904 0.117549 0.116135
0.369999 0.370000 0.370000 0.370000 0.370000 0.370000 0.370000 0.370000 0.370000 0.370000 0.370000 0.370000 0.370000 0.370000 0.370000 0.370000 0.370000 0.370000 0.370000 0.370000 0.370000 0.370000 0.370000 0.370000 0.370000 0.370000 0.370000 0.370000 0.370000 0.370000 0.370000 0.370000 0.370000 0.370000 0.370000 0.370000 0.370000 0.370000 0.370000 0.370000 0.369999 0.369993 0.369979 0.369891 0.367718 0.337205 0.314133 0.280704 0.239535 0.205799 0.232471 0.220796 0.212007 0.199499 0.182069 0.167494 0.154662 0.142430 0.139467 0.138464 0.135907 0.134429 0.131746
0.370000 0.370000 0.370000 0.370000 0.370000 0.370000 0.370000 0.370000 0.370000 0.370000 0.370000 0.370000 0.370000 0.370000 0.370000 0.370000 0.370000 0.370000 0.370000 0.370000 0.370000 0.370000 0.370000 0.370000 0.370000 0.370000 0.370000 0.370000 0.370000 0.370000 0.370000 0.370000 0.370000 0.370000 0.370000 0.370000 0.370000 0.370000 0.370000 0.370000 0.370000 0.370000 0.370000 0.370000 0.370000 0.370000 0.370000 0.369996 0.369906 0.363143 0.337229 0.321593 0.305041 0.275075 0.245861 0.226462 0.199386 0.176620 0.163920 0.161157 0.158360 0.154528 0.149288
0.370000 0.370000 0.370000 0.370000 0.370000 0.370000 0.370000 0.370000 0.370000 0.370000 0.370000 0.370000 0.370000 0.370000 0.370000 0.370000 0.370000 0.370000 0.370000 0.370000 0.370000 0.370000 0.370000 0.370000 0.370000 0.370000 0.370000 0.370000 0.370000 0.370000 0.370000 0.370000 0.370000 0.370000 0.370000 0.370000 0.370000 0.370000 0.370000 0.370000 0.370000 0.370000 0.370000 0.370000 0.370000 0.370000 0.370000 0.370000 0.370000 0.370000 0.370000 0.369999 0.369994 0.369926 0.368180 0.356364 0.320229 0.276662 0.243980 0.232521 0.214573 0.198875 0.188016
0.370000 0.370000 0.370000 0.370000 0.370000 0.370000 0.370000 0.370000 0.370000 0.370000 0.370000 0.370000 0.370000 0.370000 0.370000 0.370000 0.370000 0.370000 0.370000 0.370000 0.370000 0.370000 0.370000 0.370000 0.370000 0.370000 0.370000 0.370000 0.370000 0.370000 0.370000 0.370000 0.370000 0.370000 0.370000 0.370000 0.370000 0.370000 0.370000 0.370000 0.370000 0.370000 0.370000 0.370000 0.370000 0.370000 0.370000 0.370000 0.370000 0.370000 0.370000 0.370000 0.370000 0.370000 0.370000 0.370000 0.369999 0.369965 0.368625 0.345653 0.309961 0.281195 0.258495
0.370000 0.370000 0.370000 0.370000 0.370000 0.370000 0.370000 0.370000 0.370000 0.370000 0.370000 0.370000 0.370000 0.370000 0.370000 0.370000 0.370000 0.370000 0.370000 0.370000 0.370000 0.370000 0.370000 0.370000 0.370000 0.370000 0.370000 0.370000 0.370000 0.370000 0.370000 0.370000 0.370000 0.370000 0.370000 0.370000 0.370000 0.370000 0.370000 0.370000 0.370000 0.370000 0.370000 0.370000 0.370000 0.370000 0.370000 0.370000 0.370000 0.370000 0.370000 0.370000 0.370000 0.370000 0.370000 0.370000 0.370000 0.370000 0.370000 0.370000 0.369994 0.369880 0.360489
0.370000 0.370000 0.370000 0.370000 0.370000 0.370000 0.370000 0.370000 0.370000 0.370000 0.370000 0.370000 0.370000 0.370000 0.370000 0.370000 0.370000 0.370000 0.370000 0.370000 0.370000 0.370000 0.370000 0.370000 0.370000 0.370000 0.370000 0.370000 0.370000 0.370000 0.370000 0.370000 0.370000 0.370000 0.370000 0.370000 0.370000 0.370000 0.370000 0.370000 0.370000 0.370000 0.370000 0.370000 0.370000 0.370000 0.370000 0.370000 0.370000 0.370000 0.370000 0.370000 0.370000 0.370000 0.370000 0.370000 0.370000 0.370000 0.370000 0.370000 0.370000 0.370000 0.370000
0.370000 0.370000 0.370000 0.370000 0.370000 0.370000 0.370000 0.370000 0.370000 0.370000 0.370000 0.370000 0.370000 0.370000 0.370000 0.370000 0.370000 0.370000 0.370000 0.370000 0.370000 0.370000 0.370000 0.370000 0.370000 0.370000 0.370000 0.370000 0.370000 0.370000 0.370000 0.370000 0.370000 0.370000 0.370000 0.370000 0.370000 0.370000 0.370000 0.370000 0.370000 0.370000 0.370000 0.370000 0.370000 0.370000 0.370000 0.370000 0.370000 0.370000 0.370000 0.370000 0.370000 0.370000 0.370000 0.370000 0.370000 0.370000 0.370000 0.370000 0.370000 0.370000 0.370000
0.370000 0.370000 0.370000 0.370000 0.370000 0.370000 0.370000 0.370000 0.370000 0.370000 0.370000 0.370000 0.370000 0.370000 0.370000 0.370000 0.370000 0.370000 0.370000 0.370000 0.370000 0.370000 0.370000 0.370000 0.370000 0.370000 0.370000 0.370000 0.370000 0.370000 0.370000 0.370000 0.370000 0.370000 0.370000 0.370000 0.370000 0.370000 0.370000 0.370000 0.370000 0.370000 0.370000 0.370000 0.370000 0.370000 0.370000 0.370000 0.370000 0.370000 0.370000 0.370000 0.370000 0.370000 0.370000 0.370000 0.370000 0.370000 0.370000 0.370000 0.370000 0.370000 0.370000
0.370000 0.370000 0.370000 0.370000 0.370000 0.370000 0.370000 0.370000 0.370000 0.370000 0.370000 0.370000 0.370000 0.370000 0.370000 0.370000 0.370000 0.370000 0.369999 0.370000 0.370000 0.370000 0.370000 0.369999 0.369999 0.369999 0.369999 0.370000 0.370000 0.370000 0.370000 0.370000 0.370000 0.370000 0.370000 0.370000 0.370000 0.370000 0.370000 0.370000 0.370000 0.370000 0.370000 0.370000 0.370000 0.370000 0.370000 0.370000 0.370000 0.370000 0.370000 0.370000 0.370000 0.370000 0.370000 0.370000 0.370000 0.370000 0.370000 0.370000 0.370000 0.370000 0.370000
0.370000 0.370000 0.370000 0.370000 0.370000 0.370000 0.370000 0.369999 0.369999 0.369995 0.369990 0.369984 0.369977 0.369877 0.366234 0.353037 0.345355 0.340572 0.330877 0.328507 0.332874 0.341045 0.332494 0.326415 0.327418 0.324306 0.323236 0.335477 0.351412 0.359556 0.365189 0.368334 0.369562 0.369932 0.369991 0.369998 0.370000 0.370000 0.370000 0.370000 0.370000 0.370000 0.370000 0.370000 0.370000 0.370000 0.370000 0.370000 0.370000 0.370000 0.370000 0.370000 0.370000 0.370000 0.370000 0.370000 0.370000 0.370000 0.370000 0.370000 0.370000 0.370000 0.370000
0.370000 0.370000 0.370000 0.369994 0.369884 0.365320 0.342074 0.326624 0.306250 0.275187 0.255319 0.255485 0.261335 0.254913 0.238816 0.226682 0.218915 0.210671 0.199499 0.192966 0.199502 0.206354 0.207160 0.207732 0.210411 0.210333 0.208945 0.207140 0.216835 0.223820 0.231947 0.238613 0.243408 0.267346 0.292315 0.309489 0.332283 0.355980 0.369725 0.369986 0.369999 0.370000 0.370000 0.370000 0.370000 0.370000 0.370000 0.370000 0.370000 0.370000 0.370000 0.370000 0.370000 0.370000 0.370000 0.370000 0.370000 0.370000 0.370000 0.370000 0.370000 0.370000 0.370000
0.369990 0.369814 0.347988 0.297818 0.264049 0.240257 0.220723 0.203295 0.184367 0.167837 0.157857 0.163236 0.167018 0.172939 0.164608 0.157709 0.155289 0.148697 0.142884 0.136569 0.141194 0.144394 0.151339 0.151699 0.152456 0.155479 0.154138 0.153218 0.149347 0.153875 0.157490 0.162305 0.176456 0.191340 0.207033 0.220626 0.235293 0.253655 0.276888 0.303674 0.331676 0.353285 0.368947 0.369970 0.369998 0.370000 0.370000 0.370000 0.370000 0.370000 0.370000 0.370000 0.370000 0.370000 0.370000 0.370000 0.370000 0.370000 0.370000 0.370000 0.370000 0.370000 0.370000
0.261308 0.230707 0.194668 0.180047 0.170225 0.158955 0.150213 0.143037 0.133414 0.126613 0.119076 0.121334 0.125457 0.131280 0.126925 0.125775 0.125951 0.122583 0.119090 0.114745 0.115601 0.119586 0.124608 0.125322 0.126775 0.129587 0.129612 0.127293 0.123396 0.124781 0.128392 0.132603 0.140142 0.148269 0.156895 0.165172 0.176099 0.189146 0.203763 0.221814 0.242693 0.257560 0.279530 0.306555 0.332280 0.351635 0.368753 0.369967 0.369997 0.370000 0.370000 0.370000 0.370000 0.370000 0.370000 0.370000 0.370000 0.370000 0.370000 0.370000 0.370000 0.370000 0.370000
0.153031 0.140552 0.134859 0.129977 0.125071 0.120829 0.116578 0.112852 0.109709 0.105969 0.100886 0.102699 0.105844 0.109533 0.109768 0.109242 0.109223 0.107960 0.105173 0.101350 0.103115 0.106093 0.109097 0.110488 0.111432 0.113188 0.112081 0.109668 0.106754 0.108357 0.111535 0.114110 0.117518 0.122333 0.127767 0.133665 0.140727 0.148551 0.158845 0.170984 0.185006 0.200352 0.217026 0.236078 0.245153 0.256057 0.267958 0.290958 0.315214 0.342385 0.366901 0.369939 0.369998 0.370000 0.370000 0.370000 0.370000 0.370000 0.370000 0.370000 0.370000 0.370000 0.370000
0.124379 0.117536 0.113222 0.110209 0.110100 0.108342 0.105096 0.104362 0.102450 0.098365 0.099371 0.100461 0.103787 0.103408 0.103305 0.102515 0.102903 0.102230 0.098596 0.100364 0.101431 0.104097 0.105062 0.106036 0.106758 0.107391 0.106943 0.104169 0.104782 0.105863 0.108645 0.109606 0.111646 0.115754 0.118278 0.121989 0.126969 0.132709 0.139748 0.148461 0.160023 0.172217 0.183886 0.188800 0.196186 0.201808 0.196814 0.208683 0.220514 0.233485 0.254731 0.280272 0.319436 0.367022 0.369981 0.370000 0.370000 0.370000 0.370000 0.370000 0.370000 0.370000 0.370000
0.106888 0.102830 0.099411 0.099983 0.099667 0.099072 0.098157 0.097061 0.095306 0.096876 0.097014 0.096880 0.096787 0.096886 0.097183 0.096852 0.096645 0.096757 0.098197 0.098527 0.098322 0.099222 0.100060 0.100931 0.100618 0.100947 0.101118 0.101731 0.101795 0.101677 0.103100 0.104032 0.105141 0.107158 0.109105 0.111535 0.115236 0.119016 0.123786 0.130763 0.139315 0.146263 0.149005 0.153562 0.155657 0.152957 0.150572 0.155566 0.161806 0.167757 0.180428 0.194455 0.209769 0.251542 0.309016 0.364937 0.369956 0.370000 0.370000 0.370000 0.370000 0.370000 0.370000
0.100249 0.097394 0.096405 0.096945 0.096732 0.096425 0.095030 0.093809 0.094738 0.095064 0.094949 0.094514 0.095026 0.095291 0.095963 0.095411 0.095158 0.095380 0.095629 0.095701 0.096362 0.096980 0.097598 0.099463 0.098876 0.098991 0.099678 0.099573 0.099547 0.099363 0.100769 0.101641 0.102371 0.104129 0.105715 0.107617 0.110216 0.113978 0.119977 0.125729 0.132871 0.139812 0.142162 0.143619 0.142567 0.140764 0.135302 0.135258 0.140871 0.141146 0.147017 0.157043 0.161406 0.185252 0.220891 0.249987 0.291547 0.340389 0.369831 0.369996 0.370000 0.370000 0.370000
0.095367 0.094997 0.093720 0.093664 0.093368 0.092666 0.091895 0.092592 0.092488 0.092382 0.092412 0.092164 0.092597 0.092981 0.093377 0.093233 0.093255 0.092756 0.092863 0.093620 0.093873 0.094504 0.095640 0.097109 0.096586 0.096624 0.096816 0.096695 0.096865 0.096625 0.097719 0.098727 0.099370 0.101124 0.102492 0.103103 0.105934 0.110249 0.115159 0.119580 0.125413 0.133228 0.132587 0.132730 0.133135 0.128407 0.123093 0.122312 0.123738 0.123207 0.126787 0.130297 0.132684 0.144654 0.157477 0.173189 0.196430 0.234590 0.283195 0.321825 0.363717 0.369944 0.369999
