tests/Borden05m/sims/sim_1/output-maps/thetaliqL0003N0014.asc
ncols         160
nrows         34
xllcorner     620200.000000
yllcorner     5168000.000000
cellsize      0.500000
NODATA_value  -9999.0
[rows 0 to 27 of 34, columns 0 to 62 of 160]
-9999.0 -9999.0 -9999.0 -9999.0 -9999.0 -9999.0 -9999.0 -9999.0 -9999.0 -9999.0 -9999.0 -9999.0 -9999.0 -9999.0 -9999.0 -9999.0 -9999.0 -9999.0 -9999.0 -9999.0 -9999.0 -9999.0 -9999.0 -9999.0 -9999.0 -9999.0 -9999.0 -9999.0 -9999.0 -9999.0 -9999.0 -9999.0 -9999.0 -9999.0 -9999.0 -9999.0 -9999.0 -9999.0 -9999.0 -9999.0 -9999.0 -9999.0 -9999.0 -9999.0 -9999.0 -9999.0 -9999.0 -9999.0 -9999.0 -9999.0 -9999.0 -9999.0 -9999.0 -9999.0 -9999.0 -9999.0 -9999.0 -9999.0 -9999.0 -9999.0 -9999.0 -9999.0 -9999.0
-9999.0 -9999.0 -9999.0 -9999.0 -9999.0 -9999.0 -9999.0 -9999.0 -9999.0 -9999.0 -9999.0 -9999.0 -9999.0 -9999.0 -9999.0 -9999.0 -9999.0 -9999.0 -9999.0 -9999.0 -9999.0 -9999.0 -9999.0 -9999.0 -9999.0 -9999.0 -9999.0 -9999.0 -9999.0 -9999.0 -9999.0 -9999.0 -9999.0 -9999.0 -9999.0 -9999.0 -9999.0 -9999.0 -9999.0 -9999.0 -9999.0 -9999.0 -9999.0 -9999.0 -9999.0 -9999.0 -9999.0 -9999.0 -9999.0 -9999.0 -9999.0 -9999.0 -9999.0 -9999.0 -9999.0 -9999.0 -9999.0 -9999.0 -9999.0 0.209814 0.208742 0.207993 0.207562
-9999.0 -9999.0 -9999.0 -9999.0 -9999.0 -9999.0 -9999.0 -9999.0 -9999.0 -9999.0 -9999.0 -9999.0 -9999.0 -9999.0 -9999.0 -9999.0 -9999.0 -9999.0 -9999.0 -9999.0 -9999.0 -9999.0 -9999.0 -9999.0 -9999.0 -9999.0 -9999.0 -9999.0 -9999.0 -9999.0 -9999.0 -9999.0 -9999.0 -9999.0 -9999.0 -9999.0 -9999.0 -9999.0 -9999.0 -9999.0 -9999.0 -9999.0 -9999.0 -9999.0 -9999.0 -9999.0 -9999.0 0.201196 0.198154 0.194547 0.193550 0.197579 0.199448 0.201205 0.202405 0.203527 0.205234 0.208290 0.208116 0.203827 0.203387 0.203280 0.203464
-9999.0 -9999.0 -9999.0 -9999.0 -9999.0 -9999.0 -9999.0 -9999.0 -9999.0 -9999.0 -9999.0 -9999.0 -9999.0 -9999.0 -9999.0 -9999.0 -9999.0 -9999.0 -9999.0 -9999.0 -9999.0 -9999.0 -9999.0 -9999.0 -9999.0 -9999.0 -9999.0 -9999.0 -9999.0 -9999.0 -9999.0 -9999.0 -9999.0 -9999.0 -9999.0 -9999.0 -9999.0 -9999.0 -9999.0 -9999.0 0.201090 0.202505 0.203647 0.201601 0.200707 0.200802 0.198625 0.196153 0.193641 0.194377 0.194424 0.192690 0.195463 0.197751 0.198592 0.199300 0.201298 0.204747 0.204542 0.201306 0.199366 0.198761 0.199174
-9999.0 -9999.0 -9999.0 -9999.0 -9999.0 -9999.0 -9999.0 -9999.0 -9999.0 -9999.0 -9999.0 -9999.0 -9999.0 -9999.0 -9999.0 -9999.0 -9999.0 -9999.0 -9999.0 -9999.0 -9999.0 -9999.0 -9999.0 -9999.0 -9999.0 -9999.0 -9999.0 -9999.0 -9999.0 -9999.0 -9999.0 -9999.0 -9999.0 -9999.0 0.194515 0.197108 0.198295 0.199434 0.201124 0.200579 0.200113 0.201341 0.200236 0.200160 0.198764 0.196174 0.193603 0.192174 0.193672 0.193178 0.193186 0.194490 0.195334 0.195669 0.197542 0.200550 0.199109 0.199858 0.199446 0.198104 0.199376 0.200412 0.201074
-9999.0 -9999.0 -9999.0 -9999.0 -9999.0 -9999.0 -9999.0 -9999.0 -9999.0 -9999.0 -9999.0 -9999.0 -9999.0 -9999.0 -9999.0 -9999.0 -9999.0 -9999.0 -9999.0 -9999.0 -9999.0 -9999.0 -9999.0 -9999.0 -9999.0 -9999.0 -9999.0 -9999.0 0.198412 0.197385 0.196602 0.196648 0.196282 0.194886 0.194523 0.194790 0.196188 0.198456 0.198853 0.198582 0.198763 0.198224 0.196698 0.196546 0.198211 0.196636 0.195867 0.194827 0.192269 0.191636 0.193099 0.194519 0.195751 0.196065 0.196261 0.196242 0.196491 0.200289 0.201244 0.199163 0.198031 0.197526 0.197848
-9999.0 -9999.0 -9999.0 -9999.0 -9999.0 -9999.0 -9999.0 -9999.0 -9999.0 -9999.0 -9999.0 -9999.0 -9999.0 -9999.0 -9999.0 -9999.0 -9999.0 -9999.0 -9999.0 -9999.0 -9999.0 -9999.0 -9999.0 0.196610 0.197549 0.197910 0.198745 0.198318 0.196333 0.195061 0.194513 0.194061 0.193003 0.192880 0.192855 0.193533 0.194045 0.196407 0.195246 0.194490 0.196518 0.196036 0.197377 0.198904 0.198547 0.198848 0.195997 0.193877 0.196061 0.196948 0.196846 0.196354 0.197078 0.198054 0.199278 0.201391 0.204084 0.206373 0.210032 0.207568 0.205788 0.202714 0.203034
-9999.0 -9999.0 -9999.0 -9999.0 -9999.0 -9999.0 -9999.0 -9999.0 -9999.0 -9999.0 -9999.0 -9999.0 -9999.0 -9999.0 -9999.0 -9999.0 -9999.0 -9999.0 -9999.0 0.196653 0.196361 0.195788 0.196015 0.194135 0.193339 0.193878 0.194893 0.194299 0.193208 0.192275 0.192385 0.192509 0.192279 0.193700 0.194858 0.195246 0.194940 0.196798 0.197353 0.198411 0.201205 0.199372 0.197572 0.196632 0.196547 0.196015 0.197651 0.198133 0.198284 0.198089 0.198104 0.198502 0.198738 0.200995 0.203100 0.204867 0.206555 0.208875 0.213147 0.211346 0.208018 0.204500 0.204538
-9999.0 -9999.0 -9999.0 -9999.0 -9999.0 -9999.0 -9999.0 -9999.0 -9999.0 -9999.0 -9999.0 -9999.0 -9999.0 -9999.0 -9999.0 -9999.0 0.196378 0.196216 0.195506 0.194363 0.193373 0.193351 0.194124 0.192728 0.192264 0.192578 0.191965 0.192665 0.193416 0.194313 0.194714 0.193705 0.193880 0.193735 0.193615 0.194076 0.196157 0.198101 0.198516 0.199922 0.202470 0.200986 0.200344 0.200406 0.199468 0.200222 0.204029 0.203383 0.201661 0.205641 0.207758 0.206939 0.206512 0.209112 0.213075 0.218193 0.226680 0.232602 0.239598 0.242683 0.236396 0.235375 0.237633
-9999.0 -9999.0 -9999.0 -9999.0 -9999.0 -9999.0 -9999.0 -9999.0 -9999.0 -9999.0 -9999.0 -9999.0 -9999.0 0.195977 0.195834 0.196043 0.194269 0.192874 0.192032 0.190866 0.192372 0.191292 0.190953 0.191209 0.192558 0.192589 0.192740 0.193591 0.193301 0.192883 0.192473 0.191618 0.192734 0.193855 0.194629 0.196273 0.197550 0.198545 0.200411 0.200753 0.202023 0.201486 0.199935 0.199591 0.200771 0.204311 0.207049 0.207947 0.212907 0.218230 0.220789 0.224105 0.225687 0.227924 0.233570 0.250356 0.273165 0.297138 0.312304 0.323988 0.325621 0.327764 0.329602
-9999.0 -9999.0 -9999.0 -9999.0 -9999.0 -9999.0 -9999.0 -9999.0 -9999.0 -9999.0 0.193154 0.194079 0.192698 0.190156 0.189061 0.189645 0.190261 0.189308 0.189346 0.192013 0.193490 0.190986 0.192702 0.192729 0.191660 0.191924 0.192621 0.192731 0.194372 0.194420 0.194412 0.197111 0.197813 0.198566 0.199609 0.200748 0.201728 0.205955 0.209637 0.209507 0.214696 0.217980 0.215205 0.214208 0.214995 0.218853 0.225271 0.234776 0.244868 0.259909 0.274739 0.285920 0.294987 0.306024 0.319097 0.333517 0.344060 0.351563 0.357329 0.360162 0.361213 0.361724 0.362386
-9999.0 -9999.0 -9999.0 -9999.0 -9999.0 -9999.0 -9999.0 -9999.0 0.189426 0.190886 0.191807 0.190648 0.189097 0.186306 0.187371 0.188411 0.189117 0.190176 0.190676 0.191094 0.190451 0.191341 0.193033 0.192565 0.192735 0.193840 0.193861 0.194848 0.196392 0.195623 0.196432 0.197867 0.199128 0.200264 0.201641 0.202463 0.206814 0.212767 0.219331 0.225095 0.233512 0.244400 0.244378 0.246465 0.248908 0.264588 0.288729 0.316544 0.332824 0.341290 0.348550 0.352198 0.354586 0.357374 0.360359 0.362527 0.364884 0.367061 0.368492 0.369121 0.369379 0.369470 0.369613
-9999.0 -9999.0 -9999.0 -9999.0 -9999.0 -9999.0 0.187222 0.190458 0.192036 0.188386 0.185594 0.184663 0.183017 0.186629 0.189824 0.190437 0.190909 0.191473 0.191146 0.189025 0.193904 0.192565 0.191570 0.193045 0.192918 0.193040 0.193979 0.196142 0.197091 0.201434 0.204637 0.207448 0.211292 0.213708 0.216296 0.219349 0.227715 0.241131 0.259972 0.281682 0.306050 0.326555 0.332851 0.335523 0.337950 0.342295 0.349733 0.356510 0.362109 0.365544 0.367219 0.367807 0.368272 0.368716 0.369137 0.369458 0.369676 0.369857 0.369947 0.369983 0.369995 0.369998 0.370000
-9999.0 -9999.0 -9999.0 -9999.0 0.188967 0.189687 0.189094 0.191928 0.193910 0.189472 0.191040 0.190252 0.188791 0.187041 0.184967 0.186476 0.187358 0.187954 0.187668 0.192405 0.196548 0.193850 0.195881 0.199937 0.199019 0.199456 0.199673 0.201552 0.204986 0.209453 0.219829 0.229817 0.237224 0.246608 0.256681 0.271375 0.297295 0.325704 0.338941 0.348144 0.355319 0.359978 0.362431 0.363452 0.364575 0.365746 0.367046 0.368366 0.369255 0.369756 0.369905 0.369947 0.369967 0.369979 0.369991 0.369998 0.370000 0.370000 0.370000 0.370000 0.370000 0.370000 0.370000
-9999.0 -9999.0 -9999.0 0.186979 0.190148 0.191339 0.189817 0.190397 0.192846 0.190443 0.189997 0.189576 0.189317 0.189348 0.189145 0.190040 0.190218 0.189558 0.190211 0.193085 0.194404 0.196743 0.198599 0.201458 0.203938 0.204904 0.206316 0.209961 0.219267 0.230631 0.253310 0.289044 0.319540 0.333162 0.339042 0.345556 0.351509 0.358482 0.363146 0.366107 0.368003 0.368983 0.369512 0.369640 0.369718 0.369785 0.369885 0.369956 0.369989 0.370000 0.370000 0.370000 0.370000 0.370000 0.370000 0.370000 0.370000 0.370000 0.370000 0.370000 0.370000 0.370000 0.370000
-9999.0 -9999.0 0.187509 0.189322 0.188088 0.190355 0.192909 0.191133 0.194189 0.195178 0.192091 0.193828 0.194724 0.192801 0.194013 0.195399 0.196110 0.193781 0.192127 0.195502 0.202960 0.209238 0.212612 0.228833 0.239109 0.246084 0.249634 0.261263 0.282700 0.319773 0.339338 0.352101 0.359978 0.364118 0.365409 0.366642 0.368004 0.368917 0.369528 0.369805 0.369940 0.369986 0.370000 0.370000 0.370000 0.370000 0.370000 0.370000 0.370000 0.370000 0.370000 0.370000 0.370000 0.370000 0.370000 0.370000 0.370000 0.370000 0.370000 0.370000 0.370000 0.370000 0.370000
-9999.0 -9999.0 0.185431 0.188409 0.186347 0.191012 0.195483 0.191223 0.192552 0.197150 0.195905 0.196447 0.195819 0.196033 0.198068 0.202184 0.200096 0.199301 0.194725 0.205716 0.216061 0.235053 0.275362 0.316916 0.335054 0.337690 0.339010 0.343432 0.349938 0.359428 0.365793 0.368730 0.369627 0.369860 0.369919 0.369957 0.369987 0.370000 0.370000 0.370000 0.370000 0.370000 0.370000 0.370000 0.370000 0.370000 0.370000 0.370000 0.370000 0.370000 0.370000 0.370000 0.370000 0.370000 0.370000 0.370000 0.370000 0.370000 0.370000 0.370000 0.370000 0.370000 0.370000
-9999.0 0.184688 0.186181 0.186289 0.189308 0.188353 0.192007 0.197360 0.197206 0.199200 0.199271 0.196197 0.206909 0.216738 0.220199 0.229135 0.225350 0.222610 0.216781 0.229408 0.255203 0.320514 0.355641 0.364360 0.367151 0.367486 0.367320 0.368069 0.368995 0.369676 0.369970 0.370000 0.370000 0.370000 0.370000 0.370000 0.370000 0.370000 0.370000 0.370000 0.370000 0.370000 0.370000 0.370000 0.370000 0.370000 0.370000 0.370000 0.370000 0.370000 0.370000 0.370000 0.370000 0.370000 0.370000 0.370000 0.370000 0.370000 0.370000 0.370000 0.370000 0.370000 0.370000
-9999.0 0.180220 0.185980 0.189421 0.188104 0.185650 0.193943 0.207098 0.202593 0.201242 0.200769 0.209158 0.237105 0.267354 0.291803 0.317646 0.316422 0.307321 0.308658 0.329954 0.347617 0.362728 0.369467 0.369980 0.369999 0.370000 0.370000 0.370000 0.370000 0.370000 0.370000 0.370000 0.370000 0.370000 0.370000 0.370000 0.370000 0.370000 0.370000 0.370000 0.370000 0.370000 0.370000 0.370000 0.370000 0.370000 0.370000 0.370000 0.370000 0.370000 0.370000 0.370000 0.370000 0.370000 0.370000 0.370000 0.370000 0.370000 0.369999 0.369997 0.369993 0.369989 0.369989
-9999.0 0.184771 0.191438 0.189723 0.184228 0.192107 0.195558 0.204810 0.212268 0.210367 0.222141 0.266125 0.324142 0.346281 0.355828 0.360090 0.362261 0.362253 0.364874 0.368223 0.369794 0.370000 0.370000 0.370000 0.370000 0.370000 0.370000 0.370000 0.370000 0.370000 0.370000 0.370000 0.370000 0.370000 0.370000 0.370000 0.370000 0.370000 0.370000 0.370000 0.370000 0.370000 0.370000 0.370000 0.370000 0.370000 0.370000 0.370000 0.370000 0.370000 0.370000 0.369999 0.369999 0.369998 0.369997 0.369996 0.369991 0.369980 0.369958 0.369923 0.369871 0.369800 0.369801
-9999.0 0.177053 0.186374 0.178551 0.189335 0.199068 0.197810 0.213378 0.233925 0.242836 0.306377 0.342290 0.360147 0.366016 0.368256 0.369399 0.369747 0.369911 0.369984 0.369999 0.370000 0.370000 0.370000 0.370000 0.370000 0.370000 0.370000 0.370000 0.370000 0.370000 0.370000 0.370000 0.370000 0.370000 0.370000 0.370000 0.370000 0.370000 0.370000 0.370000 0.370000 0.370000 0.370000 0.370000 0.370000 0.370000 0.369999 0.369997 0.369993 0.369988 0.369979 0.369967 0.369960 0.369947 0.369943 0.369924 0.369799 0.369633 0.369409 0.369084 0.368607 0.367720 0.367597
-9999.0 0.171590 0.178004 0.182762 0.192316 0.199375 0.206702 0.224516 0.270572 0.322564 0.348777 0.357540 0.365375 0.368839 0.369814 0.369948 0.369977 0.369984 0.369992 0.369996 0.369997 0.370000 0.370000 0.370000 0.370000 0.370000 0.370000 0.370000 0.369999 0.369999 0.369999 0.369999 0.369999 0.369999 0.369999 0.369999 0.369998 0.369996 0.369994 0.369990 0.369985 0.369978 0.369972 0.369967 0.369962 0.369959 0.369937 0.369896 0.369838 0.369775 0.369695 0.369617 0.369586 0.369525 0.369437 0.369252 0.368525 0.367364 0.365974 0.363998 0.359803 0.357367 0.355541
-9999.0 0.159673 0.180238 0.182734 0.188333 0.190045 0.191654 0.204016 0.226236 0.316388 0.361627 0.363719 0.365644 0.367958 0.369563 0.369932 0.369948 0.369835 0.369662 0.369575 0.369700 0.369867 0.369941 0.369981 0.369992 0.369994 0.369990 0.369980 0.369958 0.369942 0.369933 0.369910 0.369889 0.369887 0.369874 0.369889 0.369893 0.369840 0.369749 0.369600 0.369419 0.369247 0.369179 0.369187 0.369166 0.369083 0.368868 0.368529 0.368020 0.367454 0.366931 0.366524 0.366091 0.365446 0.364638 0.363656 0.360635 0.357250 0.352703 0.344847 0.332781 0.318983 0.310643
-9999.0 -9999.0 0.170680 0.182806 0.184286 0.186087 0.187678 0.196933 0.207864 0.251933 0.315898 0.340637 0.351174 0.359018 0.365467 0.368124 0.368360 0.368591 0.367484 0.367543 0.367896 0.368292 0.368765 0.369159 0.369417 0.369529 0.369562 0.369515 0.369352 0.369035 0.368548 0.368064 0.367692 0.367389 0.367736 0.368180 0.368093 0.367768 0.367157 0.366184 0.365200 0.364039 0.363726 0.363858 0.363857 0.363531 0.362908 0.361291 0.359322 0.356986 0.355707 0.354400 0.353070 0.350624 0.347966 0.344894 0.338840 0.331294 0.315586 0.282246 0.253562 0.234664 0.225400
-9999.0 -9999.0 0.157685 0.176414 0.184669 0.190539 0.189547 0.190326 0.203907 0.211252 0.224009 0.246713 0.274385 0.310763 0.330173 0.343011 0.347572 0.349482 0.349464 0.351515 0.355441 0.358839 0.360902 0.362568 0.363900 0.364817 0.365510 0.364625 0.363587 0.361757 0.358886 0.354884 0.352338 0.350846 0.351784 0.353407 0.352359 0.350141 0.346917 0.342988 0.339971 0.336956 0.336158 0.335890 0.335861 0.335142 0.333963 0.329995 0.323066 0.316124 0.309725 0.303760 0.299887 0.292316 0.283046 0.276168 0.262232 0.248401 0.237372 0.227163 0.217450 0.212571 0.208435
-9999.0 -9999.0 -9999.0 0.159691 0.171446 0.180402 0.184004 0.179023 0.182420 0.189309 0.194626 0.203099 0.208681 0.215206 0.225998 0.241479 0.250913 0.254122 0.254659 0.275571 0.290742 0.315255 0.329704 0.333817 0.337289 0.340597 0.341518 0.339143 0.336826 0.332358 0.321938 0.304054 0.291670 0.291151 0.291318 0.293746 0.289308 0.284575 0.275198 0.265902 0.257591 0.251569 0.249296 0.247245 0.246178 0.244526 0.242841 0.239400 0.235620 0.232344 0.229642 0.228862 0.228063 0.226653 0.224872 0.223618 0.221775 0.216029 0.211971 0.208289 0.204618 0.201471 0.198637
-9999.0 -9999.0 -9999.0 -9999.0 -9999.0 0.152106 0.175274 0.180025 0.180237 0.178438 0.180711 0.189678 0.188509 0.189966 0.193996 0.196360 0.197547 0.200480 0.206465 0.212138 0.219763 0.226366 0.235912 0.245320 0.250916 0.257670 0.260158 0.254878 0.250008 0.243039 0.233350 0.225110 0.224211 0.224770 0.225089 0.224826 0.223450 0.222421 0.220998 0.217701 0.214817 0.214179 0.213722 0.213131 0.212465 0.211972 0.211551 0.211361 0.209553 0.207915 0.208794 0.208477 0.208276 0.208382 0.207588 0.207178 0.207392 0.203249 0.200897 0.201625 0.197967 0.195575 0.196137
-9999.0 -9999.0 -9999.0 -9999.0 -9999.0 -9999.0 0.149507 0.164080 0.175724 0.178994 0.183998 0.187832 0.182687 0.184553 0.186584 0.188808 0.192276 0.192443 0.193895 0.196098 0.199230 0.201047 0.204741 0.209816 0.210153 0.211546 0.214283 0.211349 0.209743 0.208823 0.203437 0.204104 0.203317 0.203894 0.204105 0.204661 0.203967 0.203321 0.202979 0.200675 0.200558 0.199960 0.199735 0.199498 0.199249 0.199131 0.199165 0.199258 0.197878 0.198723 0.199085 0.198724 0.198562 0.198837 0.198492 0.197843 0.198036 0.196340 0.196071 0.196067 0.193215 0.193225 0.193042
