tests/Borden05m/sims/sim_1/output-maps/thetaliqL0002N0003.asc
ncols         160
nrows         34
xllcorner     620200.000000
yllcorner     5168000.000000
cellsize      0.500000
NODATA_value  -9999.0
[rows 0 to 27 of 34, columns 0 to 62 of 160]
-9999.0 -9999.0 -9999.0 -9999.0 -9999.0 -9999.0 -9999.0 -9999.0 -9999.0 -9999.0 -9999.0 -9999.0 -9999.0 -9999.0 -9999.0 -9999.0 -9999.0 -9999.0 -9999.0 -9999.0 -9999.0 -9999.0 -9999.0 -9999.0 -9999.0 -9999.0 -9999.0 -9999.0 -9999.0 -9999.0 -9999.0 -9999.0 -9999.0 -9999.0 -9999.0 -9999.0 -9999.0 -9999.0 -9999.0 -9999.0 -9999.0 -9999.0 -9999.0 -9999.0 -9999.0 -9999.0 -9999.0 -9999.0 -9999.0 -9999.0 -9999.0 -9999.0 -9999.0 -9999.0 -9999.0 -9999.0 -9999.0 -9999.0 -9999.0 -9999.0 -9999.0 -9999.0 -9999.0
-9999.0 -9999.0 -9999.0 -9999.0 -9999.0 -9999.0 -9999.0 -9999.0 -9999.0 -9999.0 -9999.0 -9999.0 -9999.0 -9999.0 -9999.0 -9999.0 -9999.0 -9999.0 -9999.0 -9999.0 -9999.0 -9999.0 -9999.0 -9999.0 -9999.0 -9999.0 -9999.0 -9999.0 -9999.0 -9999.0 -9999.0 -9999.0 -9999.0 -9999.0 -9999.0 -9999.0 -9999.0 -9999.0 -9999.0 -9999.0 -9999.0 -9999.0 -9999.0 -9999.0 -9999.0 -9999.0 -9999.0 -9999.0 -9999.0 -9999.0 -9999.0 -9999.0 -9999.0 -9999.0 -9999.0 -9999.0 -9999.0 -9999.0 -9999.0 0.219651 0.218342 0.217507 0.217131
-9999.0 -9999.0 -9999.0 -9999.0 -9999.0 -9999.0 -9999.0 -9999.0 -9999.0 -9999.0 -9999.0 -9999.0 -9999.0 -9999.0 -9999.0 -9999.0 -9999.0 -9999.0 -9999.0 -9999.0 -9999.0 -9999.0 -9999.0 -9999.0 -9999.0 -9999.0 -9999.0 -9999.0 -9999.0 -9999.0 -9999.0 -9999.0 -9999.0 -9999.0 -9999.0 -9999.0 -9999.0 -9999.0 -9999.0 -9999.0 -9999.0 -9999.0 -9999.0 -9999.0 -9999.0 -9999.0 -9999.0 0.211313 0.207138 0.202093 0.200632 0.206229 0.208470 0.210482 0.211673 0.212727 0.214546 0.218307 0.217907 0.211939 0.211551 0.211552 0.211933
-9999.0 -9999.0 -9999.0 -9999.0 -9999.0 -9999.0 -9999.0 -9999.0 -9999.0 -9999.0 -9999.0 -9999.0 -9999.0 -9999.0 -9999.0 -9999.0 -9999.0 -9999.0 -9999.0 -9999.0 -9999.0 -9999.0 -9999.0 -9999.0 -9999.0 -9999.0 -9999.0 -9999.0 -9999.0 -9999.0 -9999.0 -9999.0 -9999.0 -9999.0 -9999.0 -9999.0 -9999.0 -9999.0 -9999.0 -9999.0 0.209837 0.211770 0.213447 0.210711 0.209723 0.210228 0.207460 0.204134 0.200713 0.201918 0.201959 0.199226 0.202886 0.205748 0.206485 0.207004 0.209364 0.213791 0.213382 0.209038 0.206502 0.205743 0.206354
-9999.0 -9999.0 -9999.0 -9999.0 -9999.0 -9999.0 -9999.0 -9999.0 -9999.0 -9999.0 -9999.0 -9999.0 -9999.0 -9999.0 -9999.0 -9999.0 -9999.0 -9999.0 -9999.0 -9999.0 -9999.0 -9999.0 -9999.0 -9999.0 -9999.0 -9999.0 -9999.0 -9999.0 -9999.0 -9999.0 -9999.0 -9999.0 -9999.0 -9999.0 0.202177 0.205744 0.207129 0.208401 0.210539 0.209545 0.208678 0.210373 0.208822 0.208887 0.207110 0.203697 0.200333 0.198520 0.200845 0.200161 0.200092 0.201794 0.202703 0.202821 0.205096 0.208965 0.206506 0.207201 0.206503 0.204753 0.206657 0.208160 0.209098
-9999.0 -9999.0 -9999.0 -9999.0 -9999.0 -9999.0 -9999.0 -9999.0 -9999.0 -9999.0 -9999.0 -9999.0 -9999.0 -9999.0 -9999.0 -9999.0 -9999.0 -9999.0 -9999.0 -9999.0 -9999.0 -9999.0 -9999.0 -9999.0 -9999.0 -9999.0 -9999.0 -9999.0 0.207892 0.206464 0.205392 0.205509 0.205004 0.202940 0.202295 0.202461 0.204192 0.207134 0.207427 0.206862 0.206981 0.206167 0.204020 0.203855 0.206374 0.204314 0.203482 0.202202 0.198597 0.197687 0.199684 0.201521 0.203015 0.203143 0.203052 0.202599 0.202553 0.207429 0.208495 0.205709 0.204316 0.203752 0.204223
-9999.0 -9999.0 -9999.0 -9999.0 -9999.0 -9999.0 -9999.0 -9999.0 -9999.0 -9999.0 -9999.0 -9999.0 -9999.0 -9999.0 -9999.0 -9999.0 -9999.0 -9999.0 -9999.0 -9999.0 -9999.0 -9999.0 -9999.0 0.205666 0.206997 0.207426 0.208571 0.207925 0.205009 0.203219 0.202470 0.201836 0.200289 0.200060 0.199892 0.200681 0.201148 0.204248 0.202323 0.201050 0.203764 0.203021 0.204953 0.207151 0.206662 0.207227 0.203260 0.200323 0.203469 0.204655 0.204358 0.203455 0.204216 0.205220 0.206468 0.208860 0.211962 0.214390 0.218948 0.215648 0.213588 0.209655 0.210154
-9999.0 -9999.0 -9999.0 -9999.0 -9999.0 -9999.0 -9999.0 -9999.0 -9999.0 -9999.0 -9999.0 -9999.0 -9999.0 -9999.0 -9999.0 -9999.0 -9999.0 -9999.0 -9999.0 0.206099 0.205659 0.204783 0.205083 0.202223 0.201002 0.201715 0.203131 0.202216 0.200624 0.199280 0.199439 0.199605 0.199215 0.201167 0.202678 0.203006 0.202254 0.204581 0.205065 0.206275 0.210001 0.207337 0.204830 0.203527 0.203426 0.202611 0.204844 0.205471 0.205544 0.205025 0.204819 0.205177 0.205197 0.207836 0.210040 0.211562 0.212785 0.214850 0.219687 0.217220 0.213297 0.208997 0.209015
-9999.0 -9999.0 -9999.0 -9999.0 -9999.0 -9999.0 -9999.0 -9999.0 -9999.0 -9999.0 -9999.0 -9999.0 -9999.0 -9999.0 -9999.0 -9999.0 0.206042 0.205793 0.204706 0.202910 0.201391 0.201329 0.202430 0.200326 0.199592 0.199980 0.198993 0.199935 0.200961 0.202212 0.202739 0.201195 0.201343 0.200960 0.200571 0.200948 0.203579 0.205921 0.206078 0.207676 0.210924 0.208747 0.207919 0.208037 0.206620 0.207399 0.212339 0.211073 0.208236 0.213149 0.215486 0.213905 0.212867 0.215617 0.219681 0.224416 0.232586 0.236837 0.242479 0.244314 0.237100 0.235965 0.237979
-9999.0 -9999.0 -9999.0 -9999.0 -9999.0 -9999.0 -9999.0 -9999.0 -9999.0 -9999.0 -9999.0 -9999.0 -9999.0 0.205937 0.205682 0.205925 0.203128 0.201013 0.199725 0.197915 0.200067 0.198418 0.197843 0.198148 0.200050 0.199986 0.200090 0.201204 0.200635 0.199911 0.199202 0.197816 0.199234 0.200609 0.201424 0.203403 0.204725 0.205523 0.207558 0.207510 0.208756 0.207792 0.205699 0.205193 0.206550 0.210768 0.213560 0.213758 0.219103 0.224297 0.225837 0.228691 0.229405 0.230391 0.233924 0.245659 0.258163 0.269130 0.275059 0.283353 0.283429 0.285002 0.285926
-9999.0 -9999.0 -9999.0 -9999.0 -9999.0 -9999.0 -9999.0 -9999.0 -9999.0 -9999.0 0.201973 0.203380 0.201316 0.197443 0.195775 0.196564 0.197400 0.195914 0.195879 0.199691 0.201739 0.197925 0.200337 0.200260 0.198577 0.198833 0.199692 0.199640 0.201804 0.201654 0.201386 0.204974 0.205605 0.206297 0.207348 0.208411 0.209007 0.213873 0.217787 0.216506 0.222345 0.225811 0.221931 0.220404 0.220735 0.224103 0.229593 0.237251 0.242404 0.251268 0.258849 0.263392 0.266586 0.270842 0.275736 0.289600 0.311620 0.329979 0.345567 0.354259 0.357528 0.358504 0.360054
-9999.0 -9999.0 -9999.0 -9999.0 -9999.0 -9999.0 -9999.0 -9999.0 0.196542 0.198713 0.200060 0.198328 0.196050 0.191908 0.193415 0.194844 0.195769 0.197220 0.197826 0.198276 0.197111 0.198272 0.200569 0.199691 0.199790 0.201218 0.201007 0.202130 0.203981 0.202435 0.203105 0.204547 0.205732 0.206738 0.208011 0.208307 0.212956 0.219002 0.225120 0.229685 0.236581 0.245336 0.242826 0.243116 0.242480 0.252581 0.264185 0.276834 0.291568 0.310618 0.327736 0.335849 0.340718 0.346671 0.354460 0.363611 0.369619 0.369951 0.369992 0.369998 0.369999 0.369999 0.369999
-9999.0 -9999.0 -9999.0 -9999.0 -9999.0 -9999.0 0.193419 0.198109 0.200396 0.194948 0.190845 0.189513 0.187134 0.192380 0.197005 0.197771 0.198332 0.199021 0.198373 0.194992 0.201872 0.199625 0.197903 0.199754 0.199335 0.199265 0.200306 0.202929 0.203601 0.208855 0.212097 0.214610 0.218528 0.220434 0.222372 0.224343 0.231555 0.241223 0.251933 0.261821 0.272021 0.285033 0.289547 0.292577 0.298663 0.309262 0.325549 0.342576 0.363730 0.369744 0.369958 0.369979 0.369988 0.369994 0.369998 0.370000 0.370000 0.370000 0.370000 0.370000 0.370000 0.370000 0.370000
-9999.0 -9999.0 -9999.0 -9999.0 0.196205 0.197178 0.196150 0.200218 0.203048 0.196370 0.198728 0.197541 0.195374 0.192750 0.189646 0.191733 0.192890 0.193620 0.192986 0.199526 0.205068 0.200641 0.203090 0.208323 0.206490 0.206720 0.206530 0.208358 0.211855 0.215962 0.226794 0.235608 0.239870 0.245197 0.250137 0.256938 0.267802 0.282557 0.300582 0.321788 0.339096 0.351788 0.360085 0.365453 0.369484 0.369885 0.369963 0.369993 0.370000 0.370000 0.370000 0.370000 0.370000 0.370000 0.370000 0.370000 0.370000 0.370000 0.370000 0.370000 0.370000 0.370000 0.370000
-9999.0 -9999.0 -9999.0 0.193413 0.198043 0.199626 0.197103 0.197746 0.201181 0.197477 0.196760 0.196059 0.195608 0.195598 0.195195 0.196334 0.196454 0.195378 0.196097 0.199681 0.200737 0.203197 0.204702 0.207335 0.209654 0.210110 0.211121 0.214366 0.223642 0.231884 0.246856 0.266548 0.281862 0.294264 0.304688 0.317732 0.328774 0.346101 0.365875 0.369782 0.369975 0.369996 0.369999 0.370000 0.370000 0.370000 0.370000 0.370000 0.370000 0.370000 0.370000 0.370000 0.370000 0.370000 0.370000 0.370000 0.370000 0.370000 0.370000 0.370000 0.370000 0.370000 0.370000
-9999.0 -9999.0 0.194400 0.197017 0.194939 0.198059 0.201573 0.198552 0.202779 0.203957 0.199182 0.201557 0.202641 0.199574 0.201067 0.202753 0.203648 0.200217 0.197611 0.201467 0.210339 0.216468 0.217191 0.233585 0.240870 0.245655 0.246350 0.253062 0.262208 0.281151 0.308192 0.333576 0.354349 0.368384 0.369731 0.369905 0.369965 0.369990 0.370000 0.370000 0.370000 0.370000 0.370000 0.370000 0.370000 0.370000 0.370000 0.370000 0.370000 0.370000 0.370000 0.370000 0.370000 0.370000 0.370000 0.370000 0.370000 0.370000 0.370000 0.370000 0.370000 0.370000 0.370000
-9999.0 -9999.0 0.191338 0.195702 0.192328 0.198974 0.205222 0.198210 0.199704 0.205997 0.203753 0.204081 0.202417 0.201957 0.204096 0.209203 0.206136 0.205135 0.198500 0.211905 0.221740 0.236403 0.263533 0.288608 0.306726 0.307723 0.308178 0.315690 0.327898 0.353142 0.369378 0.369959 0.369998 0.370000 0.370000 0.370000 0.370000 0.370000 0.370000 0.370000 0.370000 0.370000 0.370000 0.370000 0.370000 0.370000 0.370000 0.370000 0.370000 0.370000 0.370000 0.370000 0.370000 0.370000 0.370000 0.370000 0.370000 0.370000 0.370000 0.370000 0.370000 0.370000 0.370000
-9999.0 0.190459 0.192558 0.192503 0.196796 0.194855 0.199566 0.206619 0.205508 0.207639 0.206953 0.201253 0.213810 0.224046 0.225741 0.234734 0.229912 0.227403 0.219454 0.229856 0.244938 0.286965 0.350250 0.369162 0.369863 0.369897 0.369868 0.369904 0.369962 0.369997 0.370000 0.370000 0.370000 0.370000 0.370000 0.370000 0.370000 0.370000 0.370000 0.370000 0.370000 0.370000 0.370000 0.370000 0.370000 0.370000 0.370000 0.370000 0.370000 0.370000 0.370000 0.370000 0.370000 0.370000 0.370000 0.370000 0.370000 0.370000 0.370000 0.370000 0.370000 0.370000 0.370000
-9999.0 0.183864 0.192272 0.197264 0.194911 0.190674 0.201992 0.220044 0.211424 0.208281 0.205586 0.212563 0.238374 0.259280 0.272577 0.293642 0.292375 0.285154 0.284956 0.300852 0.327496 0.364829 0.369985 0.370000 0.370000 0.370000 0.370000 0.370000 0.370000 0.370000 0.370000 0.370000 0.370000 0.370000 0.370000 0.370000 0.370000 0.370000 0.370000 0.370000 0.370000 0.370000 0.370000 0.370000 0.370000 0.370000 0.370000 0.370000 0.370000 0.370000 0.370000 0.370000 0.370000 0.370000 0.370000 0.370000 0.370000 0.370000 0.370000 0.370000 0.370000 0.370000 0.370000
-9999.0 0.190641 0.200659 0.197758 0.188980 0.200122 0.203759 0.214689 0.221967 0.215849 0.223395 0.254736 0.299250 0.341961 0.364360 0.369519 0.369818 0.369780 0.369847 0.369959 0.369998 0.370000 0.370000 0.370000 0.370000 0.370000 0.370000 0.370000 0.370000 0.370000 0.370000 0.370000 0.370000 0.370000 0.370000 0.370000 0.370000 0.370000 0.370000 0.370000 0.370000 0.370000 0.370000 0.370000 0.370000 0.370000 0.370000 0.370000 0.370000 0.370000 0.370000 0.370000 0.370000 0.370000 0.370000 0.370000 0.370000 0.370000 0.370000 0.370000 0.370000 0.370000 0.370000
-9999.0 0.179321 0.193056 0.181046 0.196627 0.210433 0.206207 0.224797 0.244914 0.242591 0.279913 0.330907 0.369177 0.369988 0.370000 0.370000 0.370000 0.370000 0.370000 0.370000 0.370000 0.370000 0.370000 0.370000 0.370000 0.370000 0.370000 0.370000 0.370000 0.370000 0.370000 0.370000 0.370000 0.370000 0.370000 0.370000 0.370000 0.370000 0.370000 0.370000 0.370000 0.370000 0.370000 0.370000 0.370000 0.370000 0.370000 0.370000 0.370000 0.370000 0.370000 0.370000 0.370000 0.370000 0.370000 0.370000 0.370000 0.370000 0.370000 0.370000 0.370000 0.369997 0.369994
-9999.0 0.171650 0.180620 0.187325 0.201185 0.210897 0.219477 0.239296 0.281174 0.302906 0.338538 0.364882 0.369986 0.370000 0.370000 0.370000 0.370000 0.370000 0.370000 0.370000 0.370000 0.370000 0.370000 0.370000 0.370000 0.370000 0.370000 0.370000 0.370000 0.370000 0.370000 0.370000 0.370000 0.370000 0.370000 0.370000 0.370000 0.370000 0.370000 0.370000 0.370000 0.370000 0.370000 0.370000 0.370000 0.370000 0.370000 0.370000 0.370000 0.370000 0.370000 0.370000 0.370000 0.370000 0.370000 0.370000 0.370000 0.369995 0.369968 0.369713 0.360109 0.349381 0.345417
-9999.0 0.155622 0.184037 0.187319 0.195353 0.197194 0.198244 0.213044 0.233045 0.301663 0.366253 0.369454 0.369982 0.370000 0.370000 0.370000 0.370000 0.370000 0.370000 0.370000 0.370000 0.370000 0.370000 0.370000 0.370000 0.370000 0.370000 0.370000 0.370000 0.370000 0.370000 0.370000 0.370000 0.370000 0.370000 0.370000 0.370000 0.370000 0.370000 0.370000 0.370000 0.370000 0.370000 0.370000 0.370000 0.370000 0.370000 0.370000 0.369999 0.369995 0.369991 0.369987 0.369981 0.369968 0.369932 0.369716 0.362659 0.346464 0.332328 0.313935 0.288179 0.275168 0.276123
-9999.0 -9999.0 0.170289 0.187677 0.189438 0.191668 0.193303 0.205440 0.216192 0.259872 0.295175 0.331090 0.356000 0.369491 0.369973 0.369998 0.369999 0.370000 0.369998 0.369998 0.369999 0.370000 0.370000 0.370000 0.370000 0.370000 0.370000 0.370000 0.370000 0.370000 0.370000 0.369996 0.369992 0.369988 0.369992 0.369996 0.369996 0.369994 0.369990 0.369982 0.369971 0.369953 0.369947 0.369948 0.369939 0.369883 0.369428 0.364429 0.356209 0.348586 0.344964 0.341724 0.338306 0.332262 0.325418 0.316440 0.300156 0.287670 0.277917 0.262682 0.248586 0.235791 0.228296
-9999.0 -9999.0 0.153030 0.178429 0.190335 0.198909 0.196743 0.197067 0.215866 0.221910 0.231262 0.247305 0.266353 0.290263 0.312813 0.337167 0.346035 0.349155 0.347281 0.348369 0.354544 0.361358 0.367380 0.369739 0.369923 0.369959 0.369972 0.369950 0.369875 0.369014 0.358714 0.346176 0.339956 0.336677 0.339548 0.344021 0.342151 0.337215 0.330006 0.320939 0.313220 0.304982 0.302007 0.301133 0.300852 0.298593 0.295196 0.288021 0.280842 0.276573 0.273440 0.270557 0.269655 0.266313 0.262221 0.260732 0.253881 0.246815 0.240696 0.233054 0.224042 0.219979 0.216005
-9999.0 -9999.0 -9999.0 0.155594 0.171300 0.184053 0.189018 0.181245 0.185694 0.194978 0.201155 0.210784 0.215870 0.221409 0.229353 0.242117 0.248697 0.249017 0.245709 0.261806 0.267329 0.280807 0.292953 0.299527 0.308594 0.316943 0.319335 0.313623 0.306798 0.295544 0.282372 0.271042 0.265023 0.266083 0.266349 0.268670 0.266179 0.264495 0.259610 0.254825 0.250022 0.246380 0.245549 0.244253 0.243765 0.242748 0.242032 0.239986 0.237692 0.235290 0.232962 0.232776 0.232408 0.231504 0.230291 0.229807 0.229016 0.223353 0.219582 0.216026 0.212392 0.209107 0.205929
-9999.0 -9999.0 -9999.0 -9999.0 -9999.0 0.146039 0.176667 0.183364 0.183327 0.180419 0.183275 0.195809 0.193497 0.194930 0.199698 0.201628 0.202021 0.205132 0.212314 0.218162 0.226093 0.231200 0.238788 0.245753 0.248388 0.252942 0.254596 0.250531 0.247913 0.243722 0.236484 0.228988 0.229190 0.230171 0.230600 0.230266 0.228985 0.228346 0.227463 0.224221 0.221308 0.221145 0.220929 0.220418 0.219746 0.219309 0.218983 0.219076 0.217036 0.215082 0.216478 0.216178 0.216048 0.216397 0.215595 0.215391 0.216240 0.211195 0.208564 0.210285 0.205742 0.202858 0.204175
-9999.0 -9999.0 -9999.0 -9999.0 -9999.0 -9999.0 0.142858 0.161169 0.177282 0.181854 0.188886 0.194328 0.186482 0.189133 0.191838 0.194709 0.199426 0.199127 0.200697 0.203200 0.206817 0.208363 0.212395 0.218216 0.217632 0.218772 0.222168 0.218503 0.216962 0.216522 0.209812 0.211324 0.210470 0.211331 0.211632 0.212467 0.211674 0.210984 0.210774 0.207807 0.207933 0.207279 0.207095 0.206873 0.206632 0.206570 0.206708 0.206947 0.205075 0.206357 0.206882 0.206388 0.206205 0.206678 0.206340 0.205579 0.206077 0.203957 0.203910 0.204188 0.200348 0.200708 0.200709
