tests/Borden05m/sims/sim_1/output-maps/thetaliqL0005N0014.asc
ncols         160
nrows         34
xllcorner     620200.000000
yllcorner     5168000.000000
cellsize      0.500000
NODATA_value  -9999.0
[rows 0 to 27 of 34, columns 0 to 62 of 160]
-9999.0 -9999.0 -9999.0 -9999.0 -9999.0 -9999.0 -9999.0 -9999.0 -9999.0 -9999.0 -9999.0 -9999.0 -9999.0 -9999.0 -9999.0 -9999.0 -9999.0 -9999.0 -9999.0 -9999.0 -9999.0 -9999.0 -9999.0 -9999.0 -9999.0 -9999.0 -9999.0 -9999.0 -9999.0 -9999.0 -9999.0 -9999.0 -9999.0 -9999.0 -9999.0 -9999.0 -9999.0 -9999.0 -9999.0 -9999.0 -9999.0 -9999.0 -9999.0 -9999.0 -9999.0 -9999.0 -9999.0 -9999.0 -9999.0 -9999.0 -9999.0 -9999.0 -9999.0 -9999.0 -9999.0 -9999.0 -9999.0 -9999.0 -9999.0 -9999.0 -9999.0 -9999.0 -9999.0
-9999.0 -9999.0 -9999.0 -9999.0 -9999.0 -9999.0 -9999.0 -9999.0 -9999.0 -9999.0 -9999.0 -9999.0 -9999.0 -9999.0 -9999.0 -9999.0 -9999.0 -9999.0 -9999.0 -9999.0 -9999.0 -9999.0 -9999.0 -9999.0 -9999.0 -9999.0 -9999.0 -9999.0 -9999.0 -9999.0 -9999.0 -9999.0 -9999.0 -9999.0 -9999.0 -9999.0 -9999.0 -9999.0 -9999.0 -9999.0 -9999.0 -9999.0 -9999.0 -9999.0 -9999.0 -9999.0 -9999.0 -9999.0 -9999.0 -9999.0 -9999.0 -9999.0 -9999.0 -9999.0 -9999.0 -9999.0 -9999.0 -9999.0 -9999.0 0.153497 0.150478 0.147910 0.145851
-9999.0 -9999.0 -9999.0 -9999.0 -9999.0 -9999.0 -9999.0 -9999.0 -9999.0 -9999.0 -9999.0 -9999.0 -9999.0 -9999.0 -9999.0 -9999.0 -9999.0 -9999.0 -9999.0 -9999.0 -9999.0 -9999.0 -9999.0 -9999.0 -9999.0 -9999.0 -9999.0 -9999.0 -9999.0 -9999.0 -9999.0 -9999.0 -9999.0 -9999.0 -9999.0 -9999.0 -9999.0 -9999.0 -9999.0 -9999.0 -9999.0 -9999.0 -9999.0 -9999.0 -9999.0 -9999.0 -9999.0 0.116329 0.110934 0.105617 0.104628 0.110879 0.115860 0.121357 0.126314 0.131350 0.137624 0.146168 0.146881 0.139293 0.137503 0.136443 0.135959
-9999.0 -9999.0 -9999.0 -9999.0 -9999.0 -9999.0 -9999.0 -9999.0 -9999.0 -9999.0 -9999.0 -9999.0 -9999.0 -9999.0 -9999.0 -9999.0 -9999.0 -9999.0 -9999.0 -9999.0 -9999.0 -9999.0 -9999.0 -9999.0 -9999.0 -9999.0 -9999.0 -9999.0 -9999.0 -9999.0 -9999.0 -9999.0 -9999.0 -9999.0 -9999.0 -9999.0 -9999.0 -9999.0 -9999.0 -9999.0 0.124042 0.126598 0.128136 0.123809 0.120808 0.118933 0.113779 0.109090 0.105018 0.105242 0.105536 0.104844 0.110051 0.115573 0.119582 0.123563 0.129495 0.137715 0.138195 0.132140 0.128238 0.126697 0.126974
-9999.0 -9999.0 -9999.0 -9999.0 -9999.0 -9999.0 -9999.0 -9999.0 -9999.0 -9999.0 -9999.0 -9999.0 -9999.0 -9999.0 -9999.0 -9999.0 -9999.0 -9999.0 -9999.0 -9999.0 -9999.0 -9999.0 -9999.0 -9999.0 -9999.0 -9999.0 -9999.0 -9999.0 -9999.0 -9999.0 -9999.0 -9999.0 -9999.0 -9999.0 0.104669 0.108947 0.112307 0.115942 0.120184 0.120696 0.121270 0.123525 0.121658 0.120631 0.117313 0.112097 0.107187 0.104236 0.105010 0.104272 0.104752 0.107371 0.110227 0.112910 0.117931 0.124941 0.125463 0.128833 0.129123 0.126667 0.127820 0.128975 0.129853
-9999.0 -9999.0 -9999.0 -9999.0 -9999.0 -9999.0 -9999.0 -9999.0 -9999.0 -9999.0 -9999.0 -9999.0 -9999.0 -9999.0 -9999.0 -9999.0 -9999.0 -9999.0 -9999.0 -9999.0 -9999.0 -9999.0 -9999.0 -9999.0 -9999.0 -9999.0 -9999.0 -9999.0 0.108860 0.107206 0.105896 0.105751 0.105243 0.103825 0.104192 0.105746 0.109133 0.114048 0.116270 0.117096 0.118289 0.117882 0.115682 0.115097 0.116496 0.113203 0.110781 0.108374 0.104987 0.104350 0.106596 0.109495 0.112767 0.115325 0.118109 0.120799 0.124064 0.132302 0.135326 0.131735 0.129106 0.127612 0.127889
-9999.0 -9999.0 -9999.0 -9999.0 -9999.0 -9999.0 -9999.0 -9999.0 -9999.0 -9999.0 -9999.0 -9999.0 -9999.0 -9999.0 -9999.0 -9999.0 -9999.0 -9999.0 -9999.0 -9999.0 -9999.0 -9999.0 -9999.0 0.104330 0.105790 0.106732 0.108256 0.107875 0.105484 0.103733 0.102901 0.102320 0.101261 0.101531 0.102322 0.104290 0.106530 0.111283 0.111484 0.111886 0.115516 0.115362 0.117127 0.119087 0.118335 0.118082 0.113583 0.110487 0.113115 0.114800 0.115626 0.116331 0.119143 0.122982 0.127868 0.134781 0.143271 0.151450 0.161007 0.155964 0.150853 0.143937 0.144159
-9999.0 -9999.0 -9999.0 -9999.0 -9999.0 -9999.0 -9999.0 -9999.0 -9999.0 -9999.0 -9999.0 -9999.0 -9999.0 -9999.0 -9999.0 -9999.0 -9999.0 -9999.0 -9999.0 0.102389 0.102148 0.101649 0.102188 0.100540 0.100022 0.101042 0.102608 0.102228 0.101135 0.100181 0.100364 0.100659 0.100814 0.103048 0.105435 0.107340 0.108837 0.113309 0.116055 0.119366 0.124972 0.122754 0.120107 0.118730 0.118598 0.118199 0.120803 0.121941 0.123049 0.124111 0.125593 0.127746 0.130283 0.136951 0.144710 0.152968 0.161700 0.171514 0.184145 0.180580 0.171501 0.162798 0.162806
-9999.0 -9999.0 -9999.0 -9999.0 -9999.0 -9999.0 -9999.0 -9999.0 -9999.0 -9999.0 -9999.0 -9999.0 -9999.0 -9999.0 -9999.0 -9999.0 0.100232 0.100174 0.099596 0.098863 0.098123 0.098351 0.099485 0.098331 0.098215 0.098991 0.098878 0.100111 0.101371 0.102764 0.103628 0.102986 0.103885 0.104767 0.106012 0.108359 0.113200 0.118526 0.121834 0.126400 0.132444 0.130865 0.129769 0.129875 0.129092 0.131744 0.140057 0.141017 0.140499 0.150263 0.157072 0.157917 0.159794 0.169005 0.183257 0.202651 0.231889 0.254430 0.276231 0.284237 0.269105 0.265454 0.271315
-9999.0 -9999.0 -9999.0 -9999.0 -9999.0 -9999.0 -9999.0 -9999.0 -9999.0 -9999.0 -9999.0 -9999.0 -9999.0 0.097523 0.097564 0.098197 0.096882 0.095729 0.095200 0.094557 0.096503 0.095820 0.095946 0.096653 0.098530 0.099183 0.100039 0.101742 0.102261 0.102593 0.102969 0.103054 0.105490 0.108312 0.111160 0.115677 0.120551 0.125720 0.132262 0.136241 0.141281 0.141817 0.139515 0.139349 0.142706 0.151869 0.161317 0.167583 0.182727 0.200677 0.212266 0.224388 0.232151 0.242791 0.263408 0.305853 0.340759 0.355749 0.360819 0.363784 0.364035 0.364507 0.364947
-9999.0 -9999.0 -9999.0 -9999.0 -9999.0 -9999.0 -9999.0 -9999.0 -9999.0 -9999.0 0.093356 0.094308 0.092897 0.090774 0.090084 0.091008 0.092052 0.091636 0.092207 0.095418 0.097684 0.095815 0.098216 0.098946 0.098569 0.099652 0.101363 0.102712 0.105916 0.107432 0.109089 0.114394 0.117610 0.121109 0.125432 0.130671 0.136868 0.149906 0.163038 0.168294 0.184424 0.195327 0.190004 0.188457 0.192568 0.207030 0.230510 0.261611 0.290123 0.321320 0.340621 0.349551 0.354440 0.358641 0.362332 0.365972 0.368127 0.369090 0.369571 0.369742 0.369793 0.369817 0.369846
-9999.0 -9999.0 -9999.0 -9999.0 -9999.0 -9999.0 -9999.0 -9999.0 0.089358 0.090760 0.091756 0.090661 0.089242 0.087107 0.088293 0.089646 0.090835 0.092414 0.093608 0.094927 0.095415 0.097264 0.100100 0.100715 0.101937 0.104336 0.105845 0.108884 0.113137 0.114895 0.119047 0.124600 0.130088 0.135481 0.141624 0.147872 0.162384 0.183191 0.207368 0.230143 0.259204 0.289044 0.290736 0.295596 0.302274 0.330427 0.351655 0.361659 0.365695 0.367580 0.368721 0.369143 0.369364 0.369573 0.369750 0.369854 0.369938 0.369983 0.369997 0.370000 0.370000 0.370000 0.370000
-9999.0 -9999.0 -9999.0 -9999.0 -9999.0 -9999.0 0.086914 0.090149 0.091976 0.088738 0.086512 0.085794 0.084685 0.087576 0.090716 0.091885 0.093014 0.094334 0.094968 0.094344 0.100846 0.101083 0.101776 0.105131 0.106669 0.108552 0.111774 0.117419 0.122747 0.134322 0.146073 0.158009 0.172076 0.183115 0.194744 0.209160 0.239498 0.281544 0.322934 0.347422 0.358779 0.364390 0.365735 0.366313 0.366878 0.367807 0.368885 0.369511 0.369837 0.369953 0.369985 0.369992 0.369996 0.369998 0.370000 0.370000 0.370000 0.370000 0.370000 0.370000 0.370000 0.370000 0.370000
-9999.0 -9999.0 -9999.0 -9999.0 0.087371 0.088459 0.088560 0.091902 0.094529 0.090514 0.092062 0.091440 0.090255 0.089075 0.087952 0.089757 0.091254 0.092671 0.093741 0.100285 0.107885 0.107610 0.113153 0.122154 0.123925 0.127288 0.130843 0.138407 0.150865 0.168473 0.202683 0.239694 0.267566 0.293917 0.316576 0.338583 0.355646 0.364093 0.367211 0.368701 0.369423 0.369734 0.369849 0.369889 0.369927 0.369959 0.369983 0.369996 0.370000 0.370000 0.370000 0.370000 0.370000 0.370000 0.370000 0.370000 0.370000 0.370000 0.370000 0.370000 0.370000 0.370000 0.370000
-9999.0 -9999.0 -9999.0 0.084903 0.088149 0.090043 0.089591 0.091172 0.094597 0.092927 0.092987 0.093046 0.093268 0.093834 0.094375 0.096137 0.097267 0.097723 0.100076 0.106298 0.112503 0.120714 0.129318 0.140297 0.149982 0.156280 0.163574 0.177891 0.209214 0.250176 0.309899 0.351237 0.362445 0.365791 0.367157 0.368330 0.369073 0.369645 0.369882 0.369967 0.369994 0.369999 0.370000 0.370000 0.370000 0.370000 0.370000 0.370000 0.370000 0.370000 0.370000 0.370000 0.370000 0.370000 0.370000 0.370000 0.370000 0.370000 0.370000 0.370000 0.370000 0.370000 0.370000
-9999.0 -9999.0 0.084577 0.086558 0.086231 0.089295 0.093217 0.093116 0.097982 0.100609 0.098504 0.101541 0.103920 0.103244 0.106173 0.109493 0.111621 0.109947 0.110314 0.119464 0.138800 0.161115 0.181506 0.233088 0.266489 0.287224 0.298652 0.323339 0.347685 0.362284 0.367206 0.369109 0.369722 0.369909 0.369948 0.369975 0.369993 0.369999 0.370000 0.370000 0.370000 0.370000 0.370000 0.370000 0.370000 0.370000 0.370000 0.370000 0.370000 0.370000 0.370000 0.370000 0.370000 0.370000 0.370000 0.370000 0.370000 0.370000 0.370000 0.370000 0.370000 0.370000 0.370000
-9999.0 -9999.0 0.082736 0.085544 0.084746 0.090116 0.096979 0.095249 0.099463 0.107648 0.108741 0.112316 0.115159 0.119149 0.125713 0.135167 0.133606 0.133130 0.129246 0.154711 0.190717 0.257564 0.337809 0.360869 0.365961 0.366655 0.367037 0.367941 0.368873 0.369685 0.369955 0.369998 0.370000 0.370000 0.370000 0.370000 0.370000 0.370000 0.370000 0.370000 0.370000 0.370000 0.370000 0.370000 0.370000 0.370000 0.370000 0.370000 0.370000 0.370000 0.370000 0.370000 0.370000 0.370000 0.370000 0.370000 0.370000 0.370000 0.370000 0.370000 0.370000 0.370000 0.370000
-9999.0 0.081381 0.082885 0.083592 0.087064 0.088104 0.094702 0.105392 0.110433 0.118166 0.123283 0.125496 0.151815 0.183045 0.201131 0.229517 0.222361 0.215550 0.204569 0.244681 0.312500 0.361713 0.369348 0.369902 0.369979 0.369985 0.369982 0.369992 0.369999 0.370000 0.370000 0.370000 0.370000 0.370000 0.370000 0.370000 0.370000 0.370000 0.370000 0.370000 0.370000 0.370000 0.370000 0.370000 0.370000 0.370000 0.370000 0.370000 0.370000 0.370000 0.370000 0.370000 0.370000 0.370000 0.370000 0.370000 0.370000 0.370000 0.370000 0.370000 0.370000 0.370000 0.370000
-9999.0 0.078357 0.082499 0.085911 0.086001 0.086414 0.098552 0.125553 0.127975 0.134190 0.142625 0.171455 0.255664 0.325364 0.349392 0.360496 0.360217 0.357562 0.357965 0.364244 0.368220 0.369809 0.370000 0.370000 0.370000 0.370000 0.370000 0.370000 0.370000 0.370000 0.370000 0.370000 0.370000 0.370000 0.370000 0.370000 0.370000 0.370000 0.370000 0.370000 0.370000 0.370000 0.370000 0.370000 0.370000 0.370000 0.370000 0.370000 0.370000 0.370000 0.370000 0.370000 0.370000 0.370000 0.370000 0.370000 0.370000 0.370000 0.370000 0.370000 0.370000 0.370000 0.370000
-9999.0 0.081034 0.086808 0.085884 0.082926 0.092444 0.102912 0.129653 0.161268 0.172782 0.217621 0.322531 0.361952 0.368166 0.369363 0.369682 0.369798 0.369785 0.369902 0.369991 0.370000 0.370000 0.370000 0.370000 0.370000 0.370000 0.370000 0.370000 0.370000 0.370000 0.370000 0.370000 0.370000 0.370000 0.370000 0.370000 0.370000 0.370000 0.370000 0.370000 0.370000 0.370000 0.370000 0.370000 0.370000 0.370000 0.370000 0.370000 0.370000 0.370000 0.370000 0.370000 0.370000 0.370000 0.370000 0.370000 0.370000 0.370000 0.370000 0.370000 0.370000 0.370000 0.370000
-9999.0 0.076083 0.082131 0.077705 0.086365 0.100340 0.107911 0.154302 0.234882 0.280038 0.355217 0.367568 0.369713 0.369962 0.369995 0.370000 0.370000 0.370000 0.370000 0.370000 0.370000 0.370000 0.370000 0.370000 0.370000 0.370000 0.370000 0.370000 0.370000 0.370000 0.370000 0.370000 0.370000 0.370000 0.370000 0.370000 0.370000 0.370000 0.370000 0.370000 0.370000 0.370000 0.370000 0.370000 0.370000 0.370000 0.370000 0.370000 0.370000 0.370000 0.370000 0.370000 0.370000 0.370000 0.370000 0.370000 0.370000 0.370000 0.370000 0.369999 0.369998 0.369992 0.369990
-9999.0 0.073507 0.076529 0.079694 0.088412 0.099602 0.118725 0.179940 0.320740 0.361939 0.368656 0.369580 0.369951 0.369999 0.370000 0.370000 0.370000 0.370000 0.370000 0.370000 0.370000 0.370000 0.370000 0.370000 0.370000 0.370000 0.370000 0.370000 0.370000 0.370000 0.370000 0.370000 0.370000 0.370000 0.370000 0.370000 0.370000 0.370000 0.370000 0.370000 0.370000 0.370000 0.370000 0.370000 0.370000 0.370000 0.370000 0.370000 0.370000 0.370000 0.370000 0.370000 0.370000 0.370000 0.370000 0.370000 0.369998 0.369988 0.369965 0.369912 0.369721 0.369566 0.369431
-9999.0 0.070159 0.077549 0.079360 0.084228 0.087886 0.094895 0.125664 0.209149 0.358682 0.369734 0.369890 0.369954 0.369994 0.370000 0.370000 0.370000 0.370000 0.370000 0.370000 0.370000 0.370000 0.370000 0.370000 0.370000 0.370000 0.370000 0.370000 0.370000 0.370000 0.370000 0.370000 0.370000 0.370000 0.370000 0.370000 0.370000 0.370000 0.370000 0.370000 0.370000 0.370000 0.370000 0.370000 0.370000 0.369999 0.369999 0.369998 0.369994 0.369989 0.369982 0.369976 0.369968 0.369954 0.369932 0.369900 0.369770 0.369560 0.369178 0.368201 0.365719 0.362033 0.359465
-9999.0 -9999.0 0.073049 0.079178 0.080659 0.083171 0.087240 0.103811 0.139544 0.281276 0.357534 0.366983 0.368895 0.369625 0.369940 0.369993 0.369995 0.369997 0.369988 0.369989 0.369993 0.369996 0.369998 0.370000 0.370000 0.370000 0.370000 0.370000 0.370000 0.369999 0.369998 0.369994 0.369991 0.369987 0.369991 0.369995 0.369994 0.369992 0.369984 0.369968 0.369945 0.369911 0.369900 0.369903 0.369903 0.369891 0.369868 0.369796 0.369691 0.369541 0.369446 0.369340 0.369220 0.368972 0.368653 0.368210 0.367111 0.365329 0.361361 0.347523 0.311243 0.262887 0.230200
-9999.0 -9999.0 0.069745 0.075440 0.080507 0.085743 0.086181 0.089715 0.112824 0.140309 0.191190 0.265746 0.329013 0.355980 0.363412 0.367167 0.368150 0.368491 0.368578 0.368944 0.369374 0.369645 0.369771 0.369851 0.369903 0.369933 0.369952 0.369928 0.369893 0.369817 0.369661 0.369372 0.369143 0.368996 0.369088 0.369238 0.369133 0.368891 0.368470 0.367838 0.367228 0.366537 0.366310 0.366209 0.366179 0.365989 0.365700 0.364741 0.363051 0.361275 0.359421 0.357498 0.356066 0.352854 0.347647 0.341995 0.325466 0.298385 0.267469 0.231635 0.196396 0.175456 0.158728
-9999.0 -9999.0 -9999.0 0.070167 0.073483 0.077851 0.080543 0.078522 0.082303 0.090889 0.101977 0.121612 0.141773 0.167282 0.202240 0.248858 0.278494 0.290674 0.297810 0.335279 0.349462 0.359969 0.364356 0.365576 0.366518 0.367290 0.367476 0.366984 0.366426 0.365274 0.362528 0.357242 0.352346 0.352029 0.351991 0.352903 0.350580 0.347575 0.340007 0.328828 0.315050 0.303097 0.297752 0.292839 0.289862 0.285677 0.281193 0.272371 0.261557 0.251285 0.242889 0.239398 0.236004 0.230644 0.223708 0.217552 0.208258 0.188176 0.172244 0.157763 0.143762 0.132235 0.122865
-9999.0 -9999.0 -9999.0 -9999.0 -9999.0 0.069320 0.075124 0.077854 0.078502 0.078489 0.081273 0.089904 0.091611 0.095986 0.103834 0.111209 0.117999 0.127728 0.144303 0.164923 0.192576 0.219421 0.251947 0.280578 0.295856 0.310559 0.315631 0.305745 0.294663 0.277269 0.250050 0.225290 0.219950 0.220548 0.221088 0.220021 0.215180 0.210635 0.204334 0.193121 0.183679 0.180188 0.177862 0.175461 0.173005 0.170993 0.169158 0.167530 0.162302 0.157959 0.158945 0.157757 0.156699 0.155964 0.153047 0.150412 0.148057 0.136917 0.129290 0.126564 0.117277 0.110767 0.108550
-9999.0 -9999.0 -9999.0 -9999.0 -9999.0 -9999.0 0.068935 0.071313 0.075407 0.077344 0.080801 0.084205 0.081340 0.083440 0.086123 0.089594 0.094951 0.097833 0.102580 0.109161 0.118197 0.126487 0.138519 0.153888 0.159086 0.164986 0.172315 0.165417 0.160187 0.155810 0.143475 0.142481 0.140042 0.140595 0.140718 0.141187 0.139102 0.136984 0.135253 0.130409 0.129015 0.127169 0.126067 0.125012 0.123952 0.123160 0.122685 0.122283 0.119903 0.120792 0.121204 0.120546 0.119997 0.119822 0.118452 0.116470 0.115320 0.111347 0.109187 0.107426 0.102282 0.100495 0.098744
