tests/Borden05m/sims/sim_1/output-maps/thetaliqL0001N0011.asc
ncols         160
nrows         34
xllcorner     620200.000000
yllcorner     5168000.000000
cellsize      0.500000
NODATA_value  -9999.0
[rows 0 to 27 of 34, columns 63 to 125 of 160]
-9999.0 -9999.0 -9999.0 -9999.0 -9999.0 -9999.0 -9999.0 -9999.0 -9999.0 -9999.0 -9999.0 -9999.0 -9999.0 -9999.0 -9999.0 -9999.0 -9999.0 -9999.0 -9999.0 -9999.0 -9999.0 -9999.0 -9999.0 -9999.0 -9999.0 -9999.0 -9999.0 -9999.0 -9999.0 -9999.0 -9999.0 -9999.0 -9999.0 -9999.0 -9999.0 -9999.0 -9999.0 -9999.0 -9999.0 -9999.0 -9999.0 -9999.0 -9999.0 -9999.0 -9999.0 -9999.0 -9999.0 -9999.0 -9999.0 -9999.0 -9999.0 -9999.0 -9999.0 -9999.0 -9999.0 -9999.0 -9999.0 -9999.0 -9999.0 -9999.0 -9999.0 -9999.0 -9999.0
0.214145 0.213317 0.212303 0.212186 0.212335 0.212144 0.211693 0.212227 0.212902 0.213466 0.214303 0.214080 0.214155 0.214482 0.214574 0.214431 0.214047 0.213818 0.213539 0.214026 0.212840 0.211302 0.210131 0.209907 0.210954 0.211551 0.211392 0.211922 0.213113 0.214101 0.214346 0.215549 0.215234 0.215698 0.216557 0.215885 0.215772 0.215945 0.216295 0.214513 -9999.0 -9999.0 -9999.0 -9999.0 -9999.0 -9999.0 -9999.0 -9999.0 -9999.0 -9999.0 -9999.0 -9999.0 -9999.0 -9999.0 -9999.0 -9999.0 -9999.0 -9999.0 -9999.0 -9999.0 -9999.0 -9999.0 -9999.0
0.211655 0.210438 0.210182 0.209268 0.208870 0.208761 0.208370 0.208628 0.210135 0.211192 0.211459 0.211178 0.211020 0.210660 0.210415 0.210503 0.210140 0.209816 0.209469 0.209610 0.210636 0.209511 0.208967 0.208410 0.207791 0.208000 0.208168 0.208210 0.209613 0.210091 0.210385 0.212265 0.214032 0.214457 0.213688 0.212897 0.213175 0.213199 0.212538 0.211912 0.212051 0.211774 0.211682 0.211009 0.212055 0.211964 0.213092 0.214014 0.215094 0.216794 -9999.0 -9999.0 -9999.0 -9999.0 -9999.0 -9999.0 -9999.0 -9999.0 -9999.0 -9999.0 -9999.0 -9999.0 -9999.0
0.209875 0.209476 0.208581 0.207195 0.208718 0.208483 0.208321 0.208573 0.209064 0.209245 0.209462 0.209774 0.211121 0.210973 0.210837 0.210913 0.210685 0.210259 0.210326 0.210110 0.208960 0.209166 0.209458 0.209193 0.210329 0.210376 0.211046 0.209010 0.209309 0.209731 0.209994 0.210145 0.210350 0.210712 0.209823 0.210501 0.209882 0.208436 0.208190 0.208441 0.209810 0.210529 0.209795 0.207040 0.208484 0.211540 0.211229 0.210659 0.212087 0.213485 0.215573 0.215235 0.215043 0.215293 0.215754 0.214054 0.213058 0.212388 0.209953 -9999.0 -9999.0 -9999.0 -9999.0
0.209802 0.208802 0.207578 0.210017 0.210968 0.210363 0.210624 0.211338 0.211382 0.208299 0.207495 0.208630 0.209807 0.210281 0.209689 0.209406 0.208878 0.208903 0.209256 0.208950 0.209435 0.209831 0.209266 0.210015 0.210877 0.211745 0.209828 0.208120 0.208222 0.209630 0.210621 0.211069 0.212492 0.214827 0.214417 0.213932 0.213796 0.213705 0.211073 0.208673 0.207756 0.207375 0.206683 0.207302 0.206772 0.209204 0.208978 0.208545 0.209670 0.210497 0.211590 0.212380 0.212231 0.212554 0.213002 0.212603 0.211455 0.210937 0.210683 0.209744 0.207679 0.203669 0.203969
0.207102 0.207108 0.209221 0.210285 0.212226 0.211380 0.211407 0.211328 0.209277 0.207772 0.206718 0.209818 0.212265 0.213009 0.212259 0.211628 0.213913 0.213237 0.212980 0.211633 0.212106 0.211833 0.214193 0.215051 0.216300 0.215802 0.213453 0.211506 0.211422 0.211610 0.211312 0.211799 0.213205 0.215048 0.213620 0.213098 0.213423 0.209457 0.206469 0.205544 0.207887 0.209241 0.209049 0.209313 0.209471 0.207843 0.208253 0.208439 0.207636 0.209465 0.211295 0.211459 0.209821 0.209297 0.210116 0.210048 0.210301 0.209686 0.208991 0.208552 0.204825 0.206132 0.204100
0.211352 0.212101 0.213125 0.215169 0.219362 0.218316 0.218528 0.219998 0.217654 0.215523 0.212223 0.215861 0.216574 0.217687 0.217408 0.220243 0.222817 0.221236 0.219116 0.216563 0.218090 0.221425 0.224544 0.225192 0.225504 0.226119 0.223855 0.223348 0.222907 0.223162 0.221584 0.221576 0.223887 0.228036 0.228528 0.226582 0.222781 0.217097 0.212083 0.209467 0.212839 0.211908 0.211521 0.212152 0.210196 0.209112 0.210927 0.209421 0.208254 0.210793 0.210986 0.210568 0.208455 0.211041 0.210682 0.208730 0.207506 0.206939 0.206526 0.205633 0.206631 0.206097 0.204392
0.212849 0.213542 0.216569 0.220934 0.226056 0.228944 0.231804 0.235134 0.232545 0.229897 0.226885 0.227413 0.230905 0.234426 0.238977 0.244458 0.250557 0.249312 0.246486 0.246340 0.247548 0.253620 0.259439 0.261910 0.263623 0.267147 0.264984 0.260930 0.256366 0.251876 0.247987 0.244843 0.249819 0.255426 0.254273 0.243485 0.235069 0.227149 0.220232 0.213090 0.213282 0.214629 0.215913 0.213396 0.212330 0.210148 0.209794 0.210159 0.207683 0.209076 0.209317 0.211021 0.213698 0.214406 0.212181 0.211077 0.209815 0.208446 0.207358 0.208393 0.208827 0.207726 0.206577
0.238857 0.240229 0.244763 0.257988 0.280887 0.308703 0.327537 0.330094 0.325419 0.316880 0.301761 0.293331 0.305527 0.318992 0.328767 0.333093 0.335785 0.337602 0.337517 0.337552 0.337986 0.338417 0.339422 0.340710 0.342039 0.343611 0.344203 0.342372 0.340549 0.338518 0.336582 0.336142 0.335441 0.336618 0.336411 0.331284 0.316076 0.285599 0.261713 0.247171 0.236853 0.236840 0.232666 0.229433 0.225862 0.218058 0.216121 0.215134 0.209089 0.208505 0.210458 0.213042 0.215029 0.211598 0.210259 0.209097 0.207781 0.205998 0.206987 0.208222 0.208672 0.208359 0.208382
0.326502 0.330123 0.332322 0.339244 0.347368 0.354819 0.359680 0.361152 0.359703 0.357791 0.355304 0.353106 0.353456 0.356399 0.359349 0.361580 0.362776 0.363158 0.362973 0.362996 0.363089 0.363380 0.363513 0.363873 0.364459 0.365389 0.366420 0.366275 0.364988 0.363753 0.361976 0.361095 0.360610 0.359700 0.359560 0.359497 0.355153 0.349061 0.341705 0.334239 0.326645 0.305615 0.284323 0.270299 0.250664 0.235842 0.225244 0.218580 0.212545 0.211437 0.218456 0.225234 0.221627 0.220480 0.218616 0.215420 0.212918 0.209573 0.210248 0.210927 0.210611 0.210206 0.209685
0.359413 0.360397 0.361523 0.363501 0.366483 0.368477 0.369396 0.369521 0.369402 0.369212 0.368891 0.368656 0.368551 0.368714 0.368924 0.369248 0.369432 0.369608 0.369607 0.369629 0.369631 0.369640 0.369639 0.369660 0.369699 0.369764 0.369835 0.369841 0.369796 0.369647 0.369432 0.369221 0.368865 0.368572 0.368487 0.368477 0.368444 0.367515 0.365302 0.360591 0.355747 0.350421 0.346553 0.342730 0.339693 0.330782 0.319803 0.288455 0.262659 0.246036 0.255003 0.246722 0.241528 0.236167 0.229839 0.225106 0.221008 0.216748 0.216422 0.216618 0.215877 0.215747 0.214973
0.369206 0.369341 0.369518 0.369719 0.369843 0.369958 0.369999 0.370000 0.370000 0.370000 0.369999 0.369998 0.369998 0.369998 0.369992 0.369999 0.369997 0.370000 0.369999 0.370000 0.370000 0.370000 0.369999 0.370000 0.370000 0.369999 0.370000 0.370000 0.370000 0.369999 0.370000 0.369998 0.369968 0.369947 0.369932 0.369927 0.369917 0.369878 0.369709 0.369118 0.367834 0.366185 0.364560 0.363078 0.361976 0.361071 0.358735 0.353314 0.344619 0.336608 0.332547 0.328116 0.314652 0.285859 0.264295 0.252864 0.238618 0.228038 0.222964 0.222259 0.221486 0.220473 0.218901
0.369999 0.370000 0.369999 0.370000 0.370000 0.370000 0.370000 0.370000 0.370000 0.370000 0.370000 0.370000 0.370000 0.370000 0.370000 0.370000 0.370000 0.370000 0.370000 0.370000 0.370000 0.370000 0.370000 0.370000 0.370000 0.370000 0.370000 0.370000 0.370000 0.370000 0.370000 0.370000 0.370000 0.370000 0.370000 0.370000 0.370000 0.370000 0.370000 0.369982 0.369900 0.369678 0.369469 0.369252 0.369090 0.368953 0.368511 0.367606 0.365905 0.362681 0.357373 0.355251 0.351536 0.345033 0.339768 0.336284 0.325337 0.289205 0.263926 0.255038 0.243462 0.235485 0.231247
0.370000 0.370000 0.370000 0.370000 0.370000 0.370000 0.370000 0.370000 0.370000 0.370000 0.370000 0.370000 0.370000 0.370000 0.370000 0.370000 0.370000 0.370000 0.370000 0.370000 0.370000 0.370000 0.370000 0.370000 0.370000 0.370000 0.370000 0.370000 0.370000 0.370000 0.370000 0.370000 0.370000 0.370000 0.370000 0.370000 0.370000 0.370000 0.370000 0.370000 0.370000 0.370000 0.369997 0.369975 0.369969 0.369961 0.369947 0.369876 0.369636 0.369003 0.367612 0.366265 0.365131 0.364208 0.363176 0.361623 0.356416 0.348047 0.340140 0.334550 0.322790 0.293033 0.270196
0.370000 0.370000 0.370000 0.370000 0.370000 0.370000 0.370000 0.370000 0.370000 0.370000 0.370000 0.370000 0.370000 0.370000 0.370000 0.370000 0.370000 0.370000 0.370000 0.370000 0.370000 0.370000 0.370000 0.370000 0.370000 0.370000 0.370000 0.370000 0.370000 0.370000 0.370000 0.370000 0.370000 0.370000 0.370000 0.370000 0.370000 0.370000 0.370000 0.370000 0.370000 0.370000 0.370000 0.370000 0.370000 0.370000 0.370000 0.370000 0.369989 0.369945 0.369824 0.369486 0.369273 0.369121 0.368916 0.368631 0.367177 0.364596 0.360844 0.357038 0.352287 0.345835 0.339295
0.370000 0.370000 0.370000 0.370000 0.370000 0.370000 0.370000 0.370000 0.370000 0.370000 0.370000 0.370000 0.370000 0.370000 0.369996 0.369992 0.369992 0.369994 0.369998 0.370000 0.370000 0.370000 0.370000 0.369997 0.369992 0.369991 0.369993 0.369997 0.370000 0.370000 0.370000 0.369999 0.369998 0.369997 0.369998 0.370000 0.370000 0.370000 0.370000 0.370000 0.370000 0.370000 0.370000 0.370000 0.370000 0.370000 0.370000 0.370000 0.370000 0.370000 0.370000 0.369984 0.369967 0.369955 0.369937 0.369908 0.369738 0.369237 0.368166 0.366495 0.364246 0.361609 0.358414
0.370000 0.370000 0.370000 0.370000 0.370000 0.370000 0.370000 0.369998 0.369997 0.369997 0.369995 0.369989 0.369970 0.369934 0.369863 0.369831 0.369804 0.369800 0.369883 0.369952 0.369966 0.369943 0.369910 0.369812 0.369730 0.369699 0.369723 0.369815 0.369923 0.369963 0.369959 0.369926 0.369889 0.369869 0.369872 0.369926 0.369972 0.369991 0.369998 0.370000 0.370000 0.370000 0.370000 0.370000 0.370000 0.370000 0.370000 0.370000 0.370000 0.370000 0.370000 0.370000 0.370000 0.370000 0.370000 0.369997 0.369986 0.369941 0.369792 0.369442 0.368902 0.368215 0.366953
0.369997 0.369995 0.369993 0.369988 0.369978 0.369960 0.369919 0.369888 0.369866 0.369869 0.369797 0.369690 0.369418 0.369091 0.368631 0.368343 0.368143 0.367968 0.368393 0.368990 0.369234 0.368824 0.368451 0.367774 0.367349 0.367139 0.367214 0.367758 0.368740 0.369224 0.369317 0.369100 0.368876 0.368768 0.368777 0.368977 0.369376 0.369683 0.369853 0.369931 0.369957 0.369972 0.369984 0.369994 0.369999 0.370000 0.370000 0.370000 0.370000 0.370000 0.370000 0.370000 0.370000 0.370000 0.370000 0.370000 0.370000 0.370000 0.369993 0.369956 0.369875 0.369734 0.369527
0.369914 0.369890 0.369844 0.369424 0.369139 0.368686 0.368138 0.367862 0.367416 0.367164 0.366471 0.365882 0.364852 0.363322 0.361494 0.359727 0.359284 0.358853 0.358437 0.360118 0.360752 0.360208 0.359097 0.357794 0.357049 0.356608 0.357294 0.359322 0.361027 0.362438 0.362931 0.362105 0.362639 0.363270 0.363252 0.364847 0.366073 0.367283 0.368337 0.369065 0.369325 0.369487 0.369640 0.369795 0.369902 0.369962 0.369990 0.369999 0.370000 0.370000 0.370000 0.370000 0.370000 0.370000 0.370000 0.370000 0.370000 0.370000 0.370000 0.370000 0.369996 0.369987 0.369967
0.369365 0.369254 0.368366 0.366043 0.363269 0.361328 0.358651 0.357157 0.355179 0.350087 0.346700 0.344699 0.345062 0.342450 0.338786 0.335838 0.334697 0.333973 0.331760 0.330802 0.331763 0.333859 0.331787 0.330134 0.330446 0.329622 0.329715 0.332644 0.335869 0.337479 0.339108 0.340642 0.341557 0.343216 0.349220 0.352835 0.355657 0.358774 0.361696 0.364233 0.365847 0.366700 0.367513 0.368383 0.368947 0.369425 0.369738 0.369915 0.369971 0.369987 0.369995 0.369999 0.370000 0.370000 0.370000 0.370000 0.370000 0.370000 0.370000 0.370000 0.370000 0.370000 0.370000
0.364984 0.364001 0.359129 0.351833 0.343874 0.338857 0.333588 0.329153 0.313966 0.285059 0.271127 0.271195 0.274493 0.270504 0.261272 0.254316 0.249884 0.245669 0.240114 0.237041 0.239986 0.243096 0.242513 0.242003 0.242960 0.242692 0.242463 0.243259 0.249311 0.253455 0.257917 0.261631 0.264526 0.280708 0.304450 0.323068 0.333081 0.338491 0.344544 0.350929 0.355191 0.357598 0.360240 0.362687 0.364791 0.366480 0.367954 0.369021 0.369506 0.369699 0.369820 0.369907 0.369968 0.369992 0.369999 0.370000 0.370000 0.370000 0.370000 0.370000 0.370000 0.370000 0.370000
0.348166 0.341772 0.332224 0.311597 0.278477 0.262045 0.250823 0.241851 0.233387 0.226892 0.223125 0.225647 0.226882 0.229113 0.225564 0.222825 0.222256 0.219854 0.217772 0.214949 0.217251 0.218181 0.220807 0.220419 0.220413 0.221614 0.220997 0.220864 0.219188 0.221144 0.222171 0.223378 0.228351 0.233375 0.239178 0.245326 0.254213 0.266924 0.287990 0.317887 0.333063 0.338744 0.344091 0.350040 0.354324 0.357576 0.360828 0.364006 0.366118 0.367326 0.368285 0.368874 0.369443 0.369790 0.369932 0.369990 0.369998 0.370000 0.370000 0.370000 0.370000 0.370000 0.370000
0.274685 0.258511 0.241183 0.232277 0.228105 0.224034 0.221169 0.219071 0.215616 0.213331 0.209722 0.211190 0.213122 0.215998 0.213565 0.213255 0.213830 0.212505 0.211129 0.208782 0.209135 0.210971 0.213193 0.212980 0.213381 0.214694 0.214734 0.213703 0.211561 0.212038 0.213304 0.214484 0.217002 0.219358 0.221753 0.223901 0.227247 0.231530 0.236672 0.244575 0.256753 0.268379 0.290428 0.321040 0.333776 0.338017 0.342470 0.349394 0.354121 0.357892 0.360967 0.363017 0.365850 0.367917 0.369231 0.369781 0.369946 0.369981 0.369993 0.369998 0.370000 0.370000 0.370000
0.221732 0.217307 0.215758 0.214276 0.212649 0.211362 0.209983 0.208752 0.207785 0.206142 0.202647 0.204128 0.206131 0.208455 0.208517 0.208288 0.208526 0.208033 0.206477 0.203635 0.204809 0.206469 0.207969 0.208383 0.208630 0.209596 0.208886 0.207449 0.205356 0.206199 0.207709 0.208470 0.209455 0.210975 0.212609 0.214239 0.216202 0.218240 0.221167 0.224672 0.229000 0.234151 0.240526 0.250039 0.257578 0.267044 0.279070 0.303133 0.326046 0.334699 0.340822 0.347329 0.354666 0.361004 0.365377 0.367882 0.369170 0.369622 0.369816 0.369915 0.369978 0.369996 0.370000
0.213162 0.210837 0.209490 0.208441 0.209199 0.208778 0.207236 0.207443 0.206681 0.203871 0.204942 0.205767 0.208098 0.207636 0.207498 0.206946 0.207347 0.206997 0.204220 0.205628 0.206204 0.207781 0.208002 0.208290 0.208514 0.208789 0.208452 0.206463 0.206870 0.207357 0.208781 0.208721 0.209212 0.210813 0.211169 0.212063 0.213406 0.214851 0.216633 0.218891 0.222242 0.225832 0.229455 0.230547 0.233267 0.235736 0.233816 0.239207 0.245836 0.254908 0.269837 0.295458 0.327668 0.340266 0.351975 0.359756 0.364456 0.367392 0.368454 0.369192 0.369638 0.369864 0.369960
0.207404 0.205717 0.203957 0.205096 0.205355 0.205351 0.205076 0.204592 0.203380 0.204908 0.205113 0.204997 0.204841 0.204822 0.205005 0.204723 0.204564 0.204649 0.205775 0.205919 0.205523 0.205922 0.206210 0.206542 0.206061 0.206155 0.206178 0.206584 0.206516 0.206175 0.206839 0.206987 0.207129 0.207740 0.208121 0.208629 0.209700 0.210476 0.211510 0.213509 0.216075 0.217842 0.217930 0.219381 0.220052 0.218780 0.217711 0.219797 0.221976 0.223960 0.228734 0.234170 0.242842 0.269694 0.321260 0.339023 0.349715 0.357538 0.362064 0.365112 0.367072 0.368630 0.369370
0.205947 0.204457 0.204245 0.205127 0.205271 0.205307 0.204394 0.203521 0.204457 0.204818 0.204764 0.204396 0.204787 0.204938 0.205441 0.204944 0.204696 0.204829 0.204943 0.204851 0.205195 0.205429 0.205609 0.206786 0.206104 0.206034 0.206442 0.206248 0.206101 0.205753 0.206529 0.206768 0.206796 0.207429 0.207760 0.208118 0.208666 0.209654 0.211701 0.213240 0.215369 0.217462 0.217737 0.218031 0.217459 0.216971 0.214545 0.214511 0.217031 0.216436 0.218338 0.221789 0.222143 0.231069 0.246947 0.266461 0.306332 0.332420 0.346181 0.353496 0.359171 0.363494 0.366412
0.204132 0.204338 0.203644 0.203904 0.203865 0.203404 0.202820 0.203537 0.203495 0.203431 0.203484 0.203274 0.203645 0.203930 0.204222 0.204042 0.204003 0.203464 0.203435 0.203956 0.203994 0.204297 0.204973 0.205897 0.205245 0.205108 0.205108 0.204869 0.204884 0.204517 0.205160 0.205636 0.205741 0.206543 0.206844 0.206323 0.207189 0.208740 0.210299 0.211306 0.213042 0.215998 0.214938 0.214798 0.215218 0.213262 0.210914 0.210902 0.211683 0.211027 0.212640 0.213586 0.213389 0.217617 0.221383 0.226452 0.235349 0.255690 0.295696 0.329033 0.340382 0.349763 0.356256
