tests/Borden05m/sims/sim_1/output-maps/thetaliqL0006N0007.asc
ncols         160
nrows         34
xllcorner     620200.000000
yllcorner     5168000.000000
cellsize      0.500000
NODATA_value  -9999.0
[rows 0 to 27 of 34, columns 63 to 125 of 160]
-9999.0 -9999.0 -9999.0 -9999.0 -9999.0 -9999.0 -9999.0 -9999.0 -9999.0 -9999.0 -9999.0 -9999.0 -9999.0 -9999.0 -9999.0 -9999.0 -9999.0 -9999.0 -9999.0 -9999.0 -9999.0 -9999.0 -9999.0 -9999.0 -9999.0 -9999.0 -9999.0 -9999.0 -9999.0 -9999.0 -9999.0 -9999.0 -9999.0 -9999.0 -9999.0 -9999.0 -9999.0 -9999.0 -9999.0 -9999.0 -9999.0 -9999.0 -9999.0 -9999.0 -9999.0 -9999.0 -9999.0 -9999.0 -9999.0 -9999.0 -9999.0 -9999.0 -9999.0 -9999.0 -9999.0 -9999.0 -9999.0 -9999.0 -9999.0 -9999.0 -9999.0 -9999.0 -9999.0
0.184177 0.177975 0.172321 0.169775 0.169115 0.168474 0.168143 0.171271 0.176089 0.180890 0.185630 0.187144 0.188732 0.190308 0.190636 0.189658 0.187364 0.185088 0.182762 0.181781 0.176262 0.169116 0.163764 0.162160 0.164762 0.167434 0.168965 0.172798 0.179804 0.187176 0.193211 0.201675 0.205702 0.209694 0.212386 0.209519 0.207049 0.204563 0.201438 0.193651 -9999.0 -9999.0 -9999.0 -9999.0 -9999.0 -9999.0 -9999.0 -9999.0 -9999.0 -9999.0 -9999.0 -9999.0 -9999.0 -9999.0 -9999.0 -9999.0 -9999.0 -9999.0 -9999.0 -9999.0 -9999.0 -9999.0 -9999.0
0.173666 0.168122 0.164768 0.161495 0.160482 0.160338 0.160256 0.162544 0.168123 0.172891 0.175813 0.177243 0.178709 0.178842 0.178481 0.178147 0.176230 0.174028 0.171872 0.170743 0.170616 0.166032 0.162976 0.161154 0.160595 0.161948 0.163248 0.164893 0.170721 0.175984 0.181460 0.191015 0.199792 0.203715 0.202163 0.198679 0.196290 0.192145 0.185760 0.178994 0.172290 0.167977 0.164978 0.162258 0.165913 0.169755 0.176358 0.183260 0.191604 0.200361 -9999.0 -9999.0 -9999.0 -9999.0 -9999.0 -9999.0 -9999.0 -9999.0 -9999.0 -9999.0 -9999.0 -9999.0 -9999.0
0.165819 0.163440 0.160609 0.158409 0.162414 0.162968 0.163522 0.165249 0.167265 0.168325 0.169937 0.173085 0.178634 0.180211 0.180445 0.180435 0.179179 0.177123 0.175947 0.174156 0.170899 0.170375 0.170669 0.170774 0.174081 0.175009 0.175748 0.171286 0.173304 0.177331 0.181893 0.186828 0.191875 0.195529 0.193560 0.192781 0.187351 0.178520 0.171478 0.166389 0.164877 0.163248 0.159172 0.152992 0.156692 0.165512 0.168435 0.170927 0.178635 0.186891 0.193996 0.195336 0.195186 0.195032 0.193342 0.183939 0.174540 0.165737 0.155456 -9999.0 -9999.0 -9999.0 -9999.0
0.166679 0.164734 0.163932 0.171580 0.177387 0.178258 0.179961 0.181946 0.180797 0.172678 0.170897 0.176198 0.182941 0.186842 0.186787 0.186640 0.185663 0.184883 0.184428 0.182695 0.183509 0.185292 0.185986 0.189637 0.193581 0.195475 0.189113 0.182807 0.183021 0.188194 0.193724 0.199135 0.207535 0.216843 0.215959 0.211727 0.205339 0.195635 0.179892 0.167619 0.161833 0.158544 0.155094 0.154636 0.153872 0.159525 0.160726 0.161820 0.167060 0.173460 0.179972 0.183871 0.183698 0.183513 0.182057 0.176077 0.167183 0.158906 0.150399 0.138759 0.127546 0.118338 0.118142
0.169841 0.171974 0.180508 0.189747 0.200561 0.202191 0.203814 0.203427 0.195901 0.188503 0.185293 0.195862 0.207236 0.213386 0.214029 0.214711 0.221444 0.219447 0.216891 0.212237 0.214169 0.216769 0.226346 0.232295 0.237568 0.235892 0.226419 0.217886 0.216253 0.217499 0.218759 0.223415 0.232121 0.240889 0.237264 0.231362 0.223109 0.200963 0.181373 0.170737 0.171589 0.172201 0.169734 0.168086 0.165996 0.161627 0.161601 0.161536 0.161446 0.168568 0.176181 0.178529 0.174861 0.172791 0.171541 0.166357 0.160284 0.152315 0.144179 0.136045 0.125283 0.122771 0.120314
0.199952 0.205978 0.216050 0.230942 0.250622 0.253642 0.256819 0.260395 0.251476 0.241342 0.231307 0.243586 0.251330 0.258873 0.262010 0.272008 0.280344 0.276025 0.268466 0.260623 0.265989 0.277978 0.289851 0.294548 0.296913 0.297563 0.290379 0.286280 0.283681 0.283453 0.279998 0.282010 0.291184 0.303037 0.303590 0.295286 0.277530 0.248472 0.219686 0.202150 0.205176 0.200835 0.196916 0.193905 0.184216 0.176686 0.176603 0.170819 0.167169 0.174233 0.178183 0.179562 0.175802 0.179473 0.174570 0.164005 0.154515 0.146676 0.140076 0.133927 0.130999 0.127533 0.124888
0.239036 0.246226 0.261616 0.281769 0.301611 0.311500 0.317644 0.323495 0.318911 0.312453 0.305543 0.308733 0.317612 0.325707 0.333017 0.340185 0.346359 0.344514 0.340448 0.339464 0.341783 0.349325 0.355004 0.357204 0.358450 0.360037 0.358709 0.356100 0.352468 0.348241 0.343963 0.341095 0.347331 0.352764 0.351978 0.341643 0.328188 0.305882 0.277462 0.248516 0.243364 0.243183 0.242043 0.229357 0.217106 0.202222 0.193914 0.187804 0.177697 0.180617 0.184723 0.192416 0.199832 0.199262 0.187723 0.176311 0.164615 0.154223 0.147033 0.144917 0.142659 0.138513 0.135918
0.330141 0.333454 0.340787 0.354300 0.364479 0.368332 0.369670 0.369788 0.369517 0.368983 0.367778 0.366982 0.368232 0.369153 0.369711 0.369946 0.369997 0.370000 0.370000 0.370000 0.370000 0.370000 0.370000 0.370000 0.370000 0.370000 0.370000 0.370000 0.370000 0.370000 0.370000 0.369999 0.369998 0.369999 0.369997 0.369916 0.368981 0.365526 0.356301 0.341468 0.327812 0.327101 0.317985 0.305917 0.288935 0.258487 0.241641 0.227619 0.203904 0.200345 0.209172 0.220830 0.226668 0.213949 0.201539 0.188073 0.174419 0.162204 0.158581 0.157921 0.156318 0.153344 0.152020
0.369566 0.369766 0.369958 0.370000 0.370000 0.370000 0.370000 0.370000 0.370000 0.370000 0.370000 0.370000 0.370000 0.370000 0.370000 0.370000 0.370000 0.370000 0.370000 0.370000 0.370000 0.370000 0.370000 0.370000 0.370000 0.370000 0.370000 0.370000 0.370000 0.370000 0.370000 0.370000 0.370000 0.370000 0.370000 0.370000 0.370000 0.370000 0.370000 0.369998 0.369662 0.368254 0.365781 0.361537 0.347144 0.323647 0.298363 0.274089 0.248978 0.243699 0.265857 0.286340 0.278420 0.268804 0.253904 0.233112 0.213126 0.193889 0.188554 0.186335 0.182468 0.178242 0.174265
0.370000 0.370000 0.370000 0.370000 0.370000 0.370000 0.370000 0.370000 0.370000 0.370000 0.370000 0.370000 0.370000 0.370000 0.370000 0.370000 0.370000 0.370000 0.370000 0.370000 0.370000 0.370000 0.370000 0.370000 0.370000 0.370000 0.370000 0.370000 0.370000 0.370000 0.370000 0.370000 0.370000 0.370000 0.370000 0.370000 0.370000 0.370000 0.370000 0.370000 0.370000 0.370000 0.370000 0.370000 0.370000 0.369947 0.369062 0.365202 0.355141 0.340519 0.350282 0.345634 0.339640 0.329705 0.313074 0.293781 0.272250 0.249405 0.239962 0.235063 0.228568 0.223246 0.216154
0.370000 0.370000 0.370000 0.370000 0.370000 0.370000 0.370000 0.370000 0.370000 0.370000 0.370000 0.370000 0.370000 0.370000 0.370000 0.370000 0.370000 0.370000 0.370000 0.370000 0.370000 0.370000 0.370000 0.370000 0.370000 0.370000 0.370000 0.370000 0.370000 0.370000 0.370000 0.370000 0.370000 0.370000 0.370000 0.370000 0.370000 0.370000 0.370000 0.370000 0.370000 0.370000 0.370000 0.370000 0.370000 0.370000 0.370000 0.370000 0.370000 0.370000 0.369973 0.369725 0.369009 0.366266 0.359849 0.350620 0.332910 0.310884 0.294094 0.287129 0.280496 0.272460 0.262182
0.370000 0.370000 0.370000 0.370000 0.370000 0.370000 0.370000 0.370000 0.370000 0.370000 0.370000 0.370000 0.370000 0.370000 0.370000 0.370000 0.370000 0.370000 0.370000 0.370000 0.370000 0.370000 0.370000 0.370000 0.370000 0.370000 0.370000 0.370000 0.370000 0.370000 0.370000 0.370000 0.370000 0.370000 0.370000 0.370000 0.370000 0.370000 0.370000 0.370000 0.370000 0.370000 0.370000 0.370000 0.370000 0.370000 0.370000 0.370000 0.370000 0.370000 0.370000 0.370000 0.370000 0.370000 0.370000 0.370000 0.369666 0.366222 0.358971 0.352549 0.342235 0.330544 0.319488
0.370000 0.370000 0.370000 0.370000 0.370000 0.370000 0.370000 0.370000 0.370000 0.370000 0.370000 0.370000 0.370000 0.370000 0.370000 0.370000 0.370000 0.370000 0.370000 0.370000 0.370000 0.370000 0.370000 0.370000 0.370000 0.370000 0.370000 0.370000 0.370000 0.370000 0.370000 0.370000 0.370000 0.370000 0.370000 0.370000 0.370000 0.370000 0.370000 0.370000 0.370000 0.370000 0.370000 0.370000 0.370000 0.370000 0.370000 0.370000 0.370000 0.370000 0.370000 0.370000 0.370000 0.370000 0.370000 0.370000 0.370000 0.370000 0.370000 0.369997 0.369469 0.367162 0.362486
0.370000 0.370000 0.370000 0.370000 0.370000 0.370000 0.370000 0.370000 0.370000 0.370000 0.370000 0.370000 0.370000 0.370000 0.370000 0.370000 0.370000 0.370000 0.370000 0.370000 0.370000 0.370000 0.370000 0.370000 0.370000 0.370000 0.370000 0.370000 0.370000 0.370000 0.370000 0.370000 0.370000 0.370000 0.370000 0.370000 0.370000 0.370000 0.370000 0.370000 0.370000 0.370000 0.370000 0.370000 0.370000 0.370000 0.370000 0.370000 0.370000 0.370000 0.370000 0.370000 0.370000 0.370000 0.370000 0.370000 0.370000 0.370000 0.370000 0.370000 0.370000 0.370000 0.370000
0.370000 0.370000 0.370000 0.370000 0.370000 0.370000 0.370000 0.370000 0.370000 0.370000 0.370000 0.370000 0.370000 0.370000 0.370000 0.370000 0.370000 0.370000 0.370000 0.370000 0.370000 0.370000 0.370000 0.370000 0.370000 0.370000 0.370000 0.370000 0.370000 0.370000 0.370000 0.370000 0.370000 0.370000 0.370000 0.370000 0.370000 0.370000 0.370000 0.370000 0.370000 0.370000 0.370000 0.370000 0.370000 0.370000 0.370000 0.370000 0.370000 0.370000 0.370000 0.370000 0.370000 0.370000 0.370000 0.370000 0.370000 0.370000 0.370000 0.370000 0.370000 0.370000 0.370000
0.370000 0.370000 0.370000 0.370000 0.370000 0.370000 0.370000 0.370000 0.370000 0.370000 0.370000 0.370000 0.370000 0.370000 0.370000 0.370000 0.370000 0.370000 0.370000 0.370000 0.370000 0.370000 0.370000 0.370000 0.370000 0.370000 0.370000 0.370000 0.370000 0.370000 0.370000 0.370000 0.370000 0.370000 0.370000 0.370000 0.370000 0.370000 0.370000 0.370000 0.370000 0.370000 0.370000 0.370000 0.370000 0.370000 0.370000 0.370000 0.370000 0.370000 0.370000 0.370000 0.370000 0.370000 0.370000 0.370000 0.370000 0.370000 0.370000 0.370000 0.370000 0.370000 0.370000
0.370000 0.370000 0.370000 0.370000 0.370000 0.370000 0.370000 0.370000 0.370000 0.370000 0.370000 0.370000 0.370000 0.370000 0.370000 0.370000 0.370000 0.370000 0.370000 0.370000 0.370000 0.370000 0.370000 0.370000 0.370000 0.370000 0.370000 0.370000 0.370000 0.370000 0.370000 0.370000 0.370000 0.370000 0.370000 0.370000 0.370000 0.370000 0.370000 0.370000 0.370000 0.370000 0.370000 0.370000 0.370000 0.370000 0.370000 0.370000 0.370000 0.370000 0.370000 0.370000 0.370000 0.370000 0.370000 0.370000 0.370000 0.370000 0.370000 0.370000 0.370000 0.370000 0.370000
0.370000 0.370000 0.370000 0.370000 0.370000 0.370000 0.370000 0.370000 0.370000 0.370000 0.370000 0.370000 0.370000 0.370000 0.370000 0.370000 0.370000 0.370000 0.370000 0.370000 0.370000 0.370000 0.370000 0.370000 0.370000 0.370000 0.370000 0.370000 0.370000 0.370000 0.370000 0.370000 0.370000 0.370000 0.370000 0.370000 0.370000 0.370000 0.370000 0.370000 0.370000 0.370000 0.370000 0.370000 0.370000 0.370000 0.370000 0.370000 0.370000 0.370000 0.370000 0.370000 0.370000 0.370000 0.370000 0.370000 0.370000 0.370000 0.370000 0.370000 0.370000 0.370000 0.370000
0.370000 0.370000 0.370000 0.370000 0.370000 0.370000 0.370000 0.370000 0.370000 0.370000 0.370000 0.370000 0.370000 0.370000 0.370000 0.370000 0.369991 0.369959 0.369837 0.369754 0.369836 0.369934 0.369853 0.369756 0.369776 0.369727 0.369729 0.369931 0.369998 0.370000 0.370000 0.370000 0.370000 0.370000 0.370000 0.370000 0.370000 0.370000 0.370000 0.370000 0.370000 0.370000 0.370000 0.370000 0.370000 0.370000 0.370000 0.370000 0.370000 0.370000 0.370000 0.370000 0.370000 0.370000 0.370000 0.370000 0.370000 0.370000 0.370000 0.370000 0.370000 0.370000 0.370000
0.370000 0.370000 0.370000 0.370000 0.370000 0.370000 0.369988 0.369771 0.368736 0.365353 0.361466 0.361485 0.362555 0.361196 0.356183 0.350269 0.345372 0.339642 0.331719 0.326387 0.330957 0.335829 0.337258 0.337901 0.339491 0.339775 0.339245 0.338960 0.344405 0.348962 0.353444 0.356951 0.359913 0.365418 0.368347 0.369460 0.369958 0.370000 0.370000 0.370000 0.370000 0.370000 0.370000 0.370000 0.370000 0.370000 0.370000 0.370000 0.370000 0.370000 0.370000 0.370000 0.370000 0.370000 0.370000 0.370000 0.370000 0.370000 0.370000 0.370000 0.370000 0.370000 0.370000
0.370000 0.370000 0.369994 0.368521 0.363765 0.356218 0.345604 0.332680 0.314755 0.294818 0.280143 0.285278 0.290485 0.296566 0.286719 0.276749 0.271073 0.259600 0.248228 0.237369 0.244268 0.251658 0.263318 0.265776 0.268052 0.272455 0.271073 0.269446 0.264926 0.272035 0.279412 0.288747 0.306826 0.322959 0.336371 0.345937 0.354086 0.361468 0.366697 0.369197 0.369951 0.370000 0.370000 0.370000 0.370000 0.370000 0.370000 0.370000 0.370000 0.370000 0.370000 0.370000 0.370000 0.370000 0.370000 0.370000 0.370000 0.370000 0.370000 0.370000 0.370000 0.370000 0.370000
0.361623 0.350447 0.327574 0.310209 0.295077 0.276955 0.259709 0.242936 0.221924 0.204492 0.188724 0.191745 0.200299 0.210313 0.204158 0.200533 0.198155 0.189985 0.181023 0.172610 0.174923 0.184143 0.195281 0.199551 0.203798 0.209108 0.208990 0.204385 0.198260 0.202062 0.211338 0.222874 0.239897 0.257721 0.274750 0.289693 0.305391 0.320573 0.334267 0.346639 0.356627 0.362565 0.367184 0.369383 0.369957 0.370000 0.370000 0.370000 0.370000 0.370000 0.370000 0.370000 0.370000 0.370000 0.370000 0.370000 0.370000 0.370000 0.370000 0.370000 0.370000 0.370000 0.370000
0.271239 0.246054 0.229404 0.214830 0.201283 0.188542 0.175689 0.164161 0.153658 0.143344 0.134607 0.136825 0.142816 0.149091 0.149815 0.148367 0.146929 0.143162 0.137290 0.132180 0.135333 0.141980 0.149189 0.153913 0.157287 0.160700 0.159112 0.154726 0.150782 0.154539 0.162527 0.171049 0.182065 0.196235 0.211498 0.227428 0.244732 0.262345 0.281483 0.300206 0.317365 0.331792 0.343559 0.353046 0.357733 0.361965 0.365331 0.368240 0.369637 0.369994 0.370000 0.370000 0.370000 0.370000 0.370000 0.370000 0.370000 0.370000 0.370000 0.370000 0.370000 0.370000 0.370000
0.195481 0.175996 0.162103 0.152691 0.147740 0.141060 0.133025 0.127882 0.122102 0.115868 0.115210 0.116467 0.120521 0.121532 0.121794 0.120833 0.120486 0.118870 0.115118 0.116509 0.118931 0.123884 0.127794 0.131238 0.133714 0.135416 0.135018 0.131899 0.132685 0.135592 0.141847 0.147244 0.154868 0.166215 0.176505 0.188962 0.204018 0.220604 0.239002 0.258882 0.279973 0.298123 0.312035 0.318826 0.325762 0.330421 0.329243 0.338103 0.346297 0.354015 0.362291 0.367385 0.369815 0.370000 0.370000 0.370000 0.370000 0.370000 0.370000 0.370000 0.370000 0.370000 0.370000
0.141471 0.129675 0.121127 0.118088 0.115084 0.111953 0.108567 0.105424 0.102579 0.102288 0.101858 0.101891 0.102446 0.103092 0.103599 0.103374 0.103142 0.103177 0.104184 0.105097 0.106346 0.108913 0.111715 0.114397 0.115544 0.116737 0.117463 0.118246 0.118962 0.120343 0.124111 0.128199 0.133250 0.140300 0.148153 0.157580 0.169880 0.183600 0.199699 0.219090 0.239758 0.255884 0.263989 0.272110 0.275810 0.273042 0.270342 0.277819 0.288005 0.297794 0.313499 0.328755 0.342803 0.361904 0.369493 0.370000 0.370000 0.370000 0.370000 0.370000 0.370000 0.370000 0.370000
0.114781 0.107877 0.103712 0.101702 0.099796 0.097947 0.095691 0.093944 0.093531 0.093214 0.092926 0.092738 0.093240 0.093775 0.094403 0.094318 0.094342 0.094719 0.095370 0.096256 0.097762 0.099705 0.101958 0.104866 0.105805 0.106815 0.108034 0.108619 0.109333 0.110394 0.113394 0.116662 0.120438 0.126072 0.132530 0.140391 0.150642 0.163958 0.181509 0.199414 0.218631 0.235342 0.242530 0.246308 0.245243 0.241083 0.231933 0.232071 0.241659 0.245488 0.257757 0.275489 0.287671 0.317304 0.345276 0.360421 0.368317 0.369987 0.370000 0.370000 0.370000 0.370000 0.370000
0.099004 0.095776 0.092869 0.091211 0.089898 0.088690 0.087664 0.087343 0.087010 0.086797 0.086664 0.086523 0.086802 0.087243 0.087692 0.087884 0.088161 0.088455 0.089128 0.090209 0.091339 0.092976 0.095142 0.097525 0.098524 0.099483 0.100482 0.101180 0.101975 0.102778 0.104995 0.107661 0.110529 0.115230 0.120751 0.127012 0.136952 0.150393 0.166182 0.181877 0.199137 0.216924 0.219641 0.220858 0.220455 0.210725 0.199538 0.196191 0.198711 0.199711 0.207178 0.217308 0.227774 0.253149 0.279199 0.304694 0.330979 0.354973 0.367376 0.369859 0.370000 0.370000 0.370000
