tests/Borden05m/sims/sim_1/output-maps/thetaliqL0006N0002.asc
ncols         160
nrows         34
xllcorner     620200.000000
yllcorner     5168000.000000
cellsize      0.500000
NODATA_value  -9999.0
[rows 0 to 27 of 34, columns 0 to 62 of 160]
-9999.0 -9999.0 -9999.0 -9999.0 -9999.0 -9999.0 -9999.0 -9999.0 -9999.0 -9999.0 -9999.0 -9999.0 -9999.0 -9999.0 -9999.0 -9999.0 -9999.0 -9999.0 -9999.0 -9999.0 -9999.0 -9999.0 -9999.0 -9999.0 -9999.0 -9999.0 -9999.0 -9999.0 -9999.0 -9999.0 -9999.0 -9999.0 -9999.0 -9999.0 -9999.0 -9999.0 -9999.0 -9999.0 -9999.0 -9999.0 -9999.0 -9999.0 -9999.0 -9999.0 -9999.0 -9999.0 -9999.0 -9999.0 -9999.0 -9999.0 -9999.0 -9999.0 -9999.0 -9999.0 -9999.0 -9999.0 -9999.0 -9999.0 -9999.0 -9999.0 -9999.0 -9999.0 -9999.0
-9999.0 -9999.0 -9999.0 -9999.0 -9999.0 -9999.0 -9999.0 -9999.0 -9999.0 -9999.0 -9999.0 -9999.0 -9999.0 -9999.0 -9999.0 -9999.0 -9999.0 -9999.0 -9999.0 -9999.0 -9999.0 -9999.0 -9999.0 -9999.0 -9999.0 -9999.0 -9999.0 -9999.0 -9999.0 -9999.0 -9999.0 -9999.0 -9999.0 -9999.0 -9999.0 -9999.0 -9999.0 -9999.0 -9999.0 -9999.0 -9999.0 -9999.0 -9999.0 -9999.0 -9999.0 -9999.0 -9999.0 -9999.0 -9999.0 -9999.0 -9999.0 -9999.0 -9999.0 -9999.0 -9999.0 -9999.0 -9999.0 -9999.0 -9999.0 0.202164 0.198060 0.194063 0.190357
-9999.0 -9999.0 -9999.0 -9999.0 -9999.0 -9999.0 -9999.0 -9999.0 -9999.0 -9999.0 -9999.0 -9999.0 -9999.0 -9999.0 -9999.0 -9999.0 -9999.0 -9999.0 -9999.0 -9999.0 -9999.0 -9999.0 -9999.0 -9999.0 -9999.0 -9999.0 -9999.0 -9999.0 -9999.0 -9999.0 -9999.0 -9999.0 -9999.0 -9999.0 -9999.0 -9999.0 -9999.0 -9999.0 -9999.0 -9999.0 -9999.0 -9999.0 -9999.0 -9999.0 -9999.0 -9999.0 -9999.0 0.131589 0.125082 0.119339 0.118865 0.126442 0.135233 0.145407 0.155326 0.165353 0.176582 0.189150 0.191333 0.184054 0.180845 0.178561 0.176964
-9999.0 -9999.0 -9999.0 -9999.0 -9999.0 -9999.0 -9999.0 -9999.0 -9999.0 -9999.0 -9999.0 -9999.0 -9999.0 -9999.0 -9999.0 -9999.0 -9999.0 -9999.0 -9999.0 -9999.0 -9999.0 -9999.0 -9999.0 -9999.0 -9999.0 -9999.0 -9999.0 -9999.0 -9999.0 -9999.0 -9999.0 -9999.0 -9999.0 -9999.0 -9999.0 -9999.0 -9999.0 -9999.0 -9999.0 -9999.0 0.152840 0.155813 0.156704 0.150887 0.145281 0.139953 0.131710 0.125064 0.119722 0.118706 0.119411 0.121247 0.129260 0.138730 0.147301 0.155897 0.166207 0.178068 0.179752 0.172700 0.167403 0.164876 0.164698
-9999.0 -9999.0 -9999.0 -9999.0 -9999.0 -9999.0 -9999.0 -9999.0 -9999.0 -9999.0 -9999.0 -9999.0 -9999.0 -9999.0 -9999.0 -9999.0 -9999.0 -9999.0 -9999.0 -9999.0 -9999.0 -9999.0 -9999.0 -9999.0 -9999.0 -9999.0 -9999.0 -9999.0 -9999.0 -9999.0 -9999.0 -9999.0 -9999.0 -9999.0 0.116814 0.122298 0.128524 0.135497 0.142470 0.145323 0.148045 0.150835 0.148746 0.146239 0.140914 0.133128 0.125622 0.120665 0.119652 0.118709 0.119985 0.124233 0.130035 0.136401 0.145403 0.156522 0.161126 0.167803 0.169369 0.166135 0.166376 0.166978 0.167650
-9999.0 -9999.0 -9999.0 -9999.0 -9999.0 -9999.0 -9999.0 -9999.0 -9999.0 -9999.0 -9999.0 -9999.0 -9999.0 -9999.0 -9999.0 -9999.0 -9999.0 -9999.0 -9999.0 -9999.0 -9999.0 -9999.0 -9999.0 -9999.0 -9999.0 -9999.0 -9999.0 -9999.0 0.118505 0.116655 0.115043 0.114511 0.114040 0.113585 0.115478 0.119133 0.125103 0.132886 0.137904 0.140794 0.143522 0.143734 0.141429 0.140229 0.140100 0.135030 0.130319 0.126193 0.122470 0.122003 0.125083 0.129836 0.135844 0.141850 0.148584 0.155293 0.162857 0.175193 0.180321 0.176066 0.172048 0.169476 0.169538
-9999.0 -9999.0 -9999.0 -9999.0 -9999.0 -9999.0 -9999.0 -9999.0 -9999.0 -9999.0 -9999.0 -9999.0 -9999.0 -9999.0 -9999.0 -9999.0 -9999.0 -9999.0 -9999.0 -9999.0 -9999.0 -9999.0 -9999.0 0.110555 0.112146 0.113830 0.115804 0.115952 0.114585 0.112896 0.111907 0.111366 0.110862 0.111879 0.114102 0.117992 0.122936 0.130421 0.133558 0.136170 0.141371 0.142006 0.143700 0.145287 0.144153 0.142762 0.137451 0.133738 0.136054 0.138502 0.140903 0.143801 0.149480 0.157090 0.166553 0.178648 0.192472 0.205606 0.217693 0.212582 0.205534 0.196774 0.196646
-9999.0 -9999.0 -9999.0 -9999.0 -9999.0 -9999.0 -9999.0 -9999.0 -9999.0 -9999.0 -9999.0 -9999.0 -9999.0 -9999.0 -9999.0 -9999.0 -9999.0 -9999.0 -9999.0 0.104799 0.104925 0.105060 0.106003 0.106184 0.106644 0.108227 0.110152 0.110540 0.110053 0.109488 0.109756 0.110299 0.111218 0.114221 0.118123 0.122438 0.127179 0.134936 0.140930 0.147141 0.154934 0.153664 0.150924 0.149402 0.149244 0.149292 0.152456 0.154264 0.156738 0.159740 0.163305 0.167723 0.173304 0.184373 0.197525 0.211542 0.225540 0.239329 0.253333 0.250051 0.240185 0.230018 0.229789
-9999.0 -9999.0 -9999.0 -9999.0 -9999.0 -9999.0 -9999.0 -9999.0 -9999.0 -9999.0 -9999.0 -9999.0 -9999.0 -9999.0 -9999.0 -9999.0 0.099230 0.099532 0.099856 0.100809 0.101187 0.101893 0.103211 0.103327 0.104069 0.105527 0.106572 0.108440 0.110233 0.112008 0.113457 0.114040 0.116118 0.118849 0.122467 0.127755 0.136082 0.145666 0.153234 0.161605 0.170713 0.170250 0.168981 0.169098 0.169153 0.173876 0.185175 0.188787 0.190965 0.204230 0.214083 0.217302 0.221683 0.234277 0.251764 0.271859 0.294892 0.309055 0.320501 0.323143 0.314288 0.311199 0.313960
-9999.0 -9999.0 -9999.0 -9999.0 -9999.0 -9999.0 -9999.0 -9999.0 -9999.0 -9999.0 -9999.0 -9999.0 -9999.0 0.092314 0.092875 0.094155 0.095288 0.095561 0.096099 0.096944 0.098998 0.099549 0.100637 0.102053 0.104282 0.106036 0.108074 0.110863 0.112958 0.114782 0.116671 0.118603 0.122874 0.128068 0.133953 0.142257 0.152020 0.162790 0.174697 0.183303 0.192166 0.194244 0.191987 0.192218 0.197389 0.210208 0.223864 0.233399 0.250393 0.268048 0.278130 0.287097 0.292559 0.299661 0.311504 0.330940 0.345932 0.354569 0.358352 0.361341 0.361231 0.361607 0.362001
-9999.0 -9999.0 -9999.0 -9999.0 -9999.0 -9999.0 -9999.0 -9999.0 -9999.0 -9999.0 0.087830 0.088121 0.087709 0.087821 0.088284 0.089631 0.091228 0.092128 0.093639 0.096768 0.099650 0.100202 0.103074 0.105060 0.106384 0.108797 0.111991 0.115433 0.120551 0.124541 0.128957 0.137037 0.143865 0.151186 0.159773 0.170167 0.182701 0.202936 0.222422 0.232579 0.251178 0.262239 0.258390 0.257267 0.261962 0.274997 0.292269 0.310183 0.323119 0.336139 0.344559 0.349211 0.352169 0.355285 0.358522 0.363624 0.367432 0.369084 0.369731 0.369893 0.369927 0.369935 0.369945
-9999.0 -9999.0 -9999.0 -9999.0 -9999.0 -9999.0 -9999.0 -9999.0 0.085385 0.086018 0.086652 0.086313 0.085799 0.085485 0.086728 0.088416 0.090279 0.092441 0.094706 0.097497 0.100242 0.103476 0.107593 0.110343 0.113316 0.117440 0.121481 0.127482 0.135375 0.141565 0.150422 0.161296 0.171956 0.182276 0.193409 0.205171 0.226055 0.251874 0.276043 0.293740 0.311392 0.325545 0.325096 0.326185 0.327895 0.339736 0.350555 0.358458 0.363520 0.366831 0.368747 0.369351 0.369589 0.369764 0.369891 0.369961 0.369998 0.370000 0.370000 0.370000 0.370000 0.370000 0.370000
-9999.0 -9999.0 -9999.0 -9999.0 -9999.0 -9999.0 0.083157 0.085286 0.086728 0.085912 0.085175 0.084857 0.084538 0.086180 0.088408 0.090362 0.092503 0.094959 0.097506 0.100183 0.107645 0.111361 0.115288 0.121269 0.125598 0.130284 0.136797 0.146931 0.158290 0.177206 0.197046 0.216155 0.235359 0.249548 0.262603 0.276254 0.298217 0.320725 0.338143 0.349019 0.356446 0.361979 0.363386 0.364108 0.365104 0.366820 0.368697 0.369630 0.369955 0.370000 0.370000 0.370000 0.370000 0.370000 0.370000 0.370000 0.370000 0.370000 0.370000 0.370000 0.370000 0.370000 0.370000
-9999.0 -9999.0 -9999.0 -9999.0 0.080664 0.082171 0.083861 0.086802 0.089322 0.088622 0.089494 0.089552 0.089391 0.089577 0.090160 0.092453 0.094920 0.097668 0.101053 0.109513 0.120796 0.126200 0.136458 0.150620 0.157192 0.164548 0.172638 0.186394 0.206603 0.232385 0.268902 0.297612 0.313699 0.325827 0.334934 0.343833 0.353480 0.361254 0.365958 0.368448 0.369530 0.369860 0.369946 0.369972 0.369991 0.369999 0.370000 0.370000 0.370000 0.370000 0.370000 0.370000 0.370000 0.370000 0.370000 0.370000 0.370000 0.370000 0.370000 0.370000 0.370000 0.370000 0.370000
-9999.0 -9999.0 -9999.0 0.077931 0.080171 0.082804 0.085223 0.088449 0.092399 0.093371 0.094516 0.095580 0.096734 0.098226 0.100085 0.103125 0.105823 0.108282 0.113323 0.124265 0.137789 0.153798 0.170967 0.190224 0.205755 0.216119 0.227159 0.244756 0.274336 0.301967 0.330796 0.351202 0.360035 0.363861 0.365954 0.367860 0.369010 0.369747 0.369973 0.370000 0.370000 0.370000 0.370000 0.370000 0.370000 0.370000 0.370000 0.370000 0.370000 0.370000 0.370000 0.370000 0.370000 0.370000 0.370000 0.370000 0.370000 0.370000 0.370000 0.370000 0.370000 0.370000 0.370000
-9999.0 -9999.0 0.075807 0.077444 0.079416 0.083143 0.088226 0.092363 0.098816 0.103818 0.105331 0.109819 0.114309 0.116711 0.121984 0.127811 0.131890 0.132354 0.136351 0.152998 0.184052 0.218242 0.244017 0.286541 0.307723 0.319468 0.325090 0.336037 0.347724 0.359365 0.366368 0.369195 0.369861 0.369985 0.369998 0.370000 0.370000 0.370000 0.370000 0.370000 0.370000 0.370000 0.370000 0.370000 0.370000 0.370000 0.370000 0.370000 0.370000 0.370000 0.370000 0.370000 0.370000 0.370000 0.370000 0.370000 0.370000 0.370000 0.370000 0.370000 0.370000 0.370000 0.370000
-9999.0 -9999.0 0.074889 0.076638 0.078895 0.084076 0.092318 0.098247 0.106983 0.118615 0.124694 0.133048 0.141695 0.151052 0.163045 0.176906 0.177625 0.178071 0.176579 0.212234 0.255663 0.302561 0.341401 0.358533 0.364594 0.365351 0.365867 0.367458 0.368877 0.369832 0.369999 0.370000 0.370000 0.370000 0.370000 0.370000 0.370000 0.370000 0.370000 0.370000 0.370000 0.370000 0.370000 0.370000 0.370000 0.370000 0.370000 0.370000 0.370000 0.370000 0.370000 0.370000 0.370000 0.370000 0.370000 0.370000 0.370000 0.370000 0.370000 0.370000 0.370000 0.370000 0.370000
-9999.0 0.072440 0.073796 0.075696 0.079217 0.084450 0.095029 0.111754 0.126175 0.142038 0.155109 0.166308 0.203738 0.241001 0.260217 0.281862 0.277833 0.273777 0.265507 0.294017 0.327039 0.359275 0.369609 0.369990 0.370000 0.370000 0.370000 0.370000 0.370000 0.370000 0.370000 0.370000 0.370000 0.370000 0.370000 0.370000 0.370000 0.370000 0.370000 0.370000 0.370000 0.370000 0.370000 0.370000 0.370000 0.370000 0.370000 0.370000 0.370000 0.370000 0.370000 0.370000 0.370000 0.370000 0.370000 0.370000 0.370000 0.370000 0.370000 0.370000 0.370000 0.370000 0.370000
-9999.0 0.071737 0.073118 0.075476 0.078963 0.085113 0.101435 0.138256 0.158983 0.177388 0.196797 0.234071 0.299397 0.336239 0.349781 0.359606 0.358755 0.355482 0.355026 0.362561 0.368207 0.369951 0.370000 0.370000 0.370000 0.370000 0.370000 0.370000 0.370000 0.370000 0.370000 0.370000 0.370000 0.370000 0.370000 0.370000 0.370000 0.370000 0.370000 0.370000 0.370000 0.370000 0.370000 0.370000 0.370000 0.370000 0.370000 0.370000 0.370000 0.370000 0.370000 0.370000 0.370000 0.370000 0.370000 0.370000 0.370000 0.370000 0.370000 0.370000 0.370000 0.370000 0.370000
-9999.0 0.071342 0.072763 0.074730 0.078136 0.088672 0.109728 0.157137 0.212240 0.238337 0.277521 0.333023 0.361948 0.369220 0.369926 0.369993 0.369999 0.369999 0.370000 0.370000 0.370000 0.370000 0.370000 0.370000 0.370000 0.370000 0.370000 0.370000 0.370000 0.370000 0.370000 0.370000 0.370000 0.370000 0.370000 0.370000 0.370000 0.370000 0.370000 0.370000 0.370000 0.370000 0.370000 0.370000 0.370000 0.370000 0.370000 0.370000 0.370000 0.370000 0.370000 0.370000 0.370000 0.370000 0.370000 0.370000 0.370000 0.370000 0.370000 0.370000 0.370000 0.370000 0.370000
-9999.0 0.070164 0.071359 0.072722 0.078022 0.092324 0.118022 0.192823 0.289526 0.319500 0.355905 0.368488 0.369994 0.370000 0.370000 0.370000 0.370000 0.370000 0.370000 0.370000 0.370000 0.370000 0.370000 0.370000 0.370000 0.370000 0.370000 0.370000 0.370000 0.370000 0.370000 0.370000 0.370000 0.370000 0.370000 0.370000 0.370000 0.370000 0.370000 0.370000 0.370000 0.370000 0.370000 0.370000 0.370000 0.370000 0.370000 0.370000 0.370000 0.370000 0.370000 0.370000 0.370000 0.370000 0.370000 0.370000 0.370000 0.370000 0.370000 0.370000 0.370000 0.370000 0.370000
-9999.0 0.069350 0.070156 0.071918 0.076915 0.089635 0.121566 0.213515 0.337620 0.363159 0.369288 0.369962 0.370000 0.370000 0.370000 0.370000 0.370000 0.370000 0.370000 0.370000 0.370000 0.370000 0.370000 0.370000 0.370000 0.370000 0.370000 0.370000 0.370000 0.370000 0.370000 0.370000 0.370000 0.370000 0.370000 0.370000 0.370000 0.370000 0.370000 0.370000 0.370000 0.370000 0.370000 0.370000 0.370000 0.370000 0.370000 0.370000 0.370000 0.370000 0.370000 0.370000 0.370000 0.370000 0.370000 0.370000 0.370000 0.370000 0.370000 0.369999 0.369936 0.369830 0.369743
-9999.0 0.068770 0.069626 0.070960 0.074217 0.081130 0.097110 0.148721 0.256603 0.359704 0.369956 0.370000 0.370000 0.370000 0.370000 0.370000 0.370000 0.370000 0.370000 0.370000 0.370000 0.370000 0.370000 0.370000 0.370000 0.370000 0.370000 0.370000 0.370000 0.370000 0.370000 0.370000 0.370000 0.370000 0.370000 0.370000 0.370000 0.370000 0.370000 0.370000 0.370000 0.370000 0.370000 0.370000 0.370000 0.370000 0.370000 0.370000 0.370000 0.370000 0.370000 0.370000 0.370000 0.370000 0.370000 0.369998 0.369955 0.369775 0.369257 0.367712 0.363453 0.358299 0.356446
-9999.0 -9999.0 0.069069 0.070123 0.072025 0.075958 0.084353 0.109273 0.172211 0.307098 0.356395 0.367972 0.369722 0.369996 0.370000 0.370000 0.370000 0.370000 0.370000 0.370000 0.370000 0.370000 0.370000 0.370000 0.370000 0.370000 0.370000 0.370000 0.370000 0.370000 0.370000 0.370000 0.370000 0.370000 0.370000 0.370000 0.370000 0.370000 0.370000 0.370000 0.370000 0.369999 0.369997 0.369997 0.369997 0.369995 0.369990 0.369967 0.369914 0.369817 0.369737 0.369627 0.369468 0.369131 0.368661 0.367945 0.366111 0.363219 0.358934 0.348934 0.332474 0.309774 0.287967
-9999.0 -9999.0 0.068572 0.069317 0.070693 0.073263 0.077442 0.086164 0.114480 0.164403 0.229721 0.292478 0.331656 0.352446 0.363245 0.368476 0.369366 0.369562 0.369566 0.369683 0.369845 0.369937 0.369974 0.369993 0.369999 0.370000 0.370000 0.370000 0.369999 0.369985 0.369920 0.369740 0.369564 0.369450 0.369544 0.369672 0.369605 0.369397 0.368925 0.367965 0.366751 0.365336 0.364783 0.364574 0.364530 0.364193 0.363686 0.362141 0.359865 0.357987 0.356252 0.354643 0.353786 0.351630 0.348628 0.346379 0.339337 0.328274 0.313890 0.292367 0.263282 0.238988 0.215626
-9999.0 -9999.0 -9999.0 0.068779 0.069544 0.070630 0.072413 0.074809 0.080231 0.091424 0.109845 0.140485 0.171886 0.204027 0.239530 0.277236 0.299095 0.308253 0.313841 0.336898 0.346630 0.356527 0.362105 0.364032 0.365758 0.367092 0.367417 0.366624 0.365551 0.363474 0.359532 0.354016 0.350164 0.350436 0.350501 0.351384 0.349636 0.347846 0.343481 0.337982 0.331782 0.326800 0.324657 0.322354 0.320871 0.318907 0.316932 0.313005 0.307749 0.302165 0.297476 0.295635 0.293616 0.290450 0.285896 0.281086 0.273135 0.253607 0.234280 0.214045 0.191915 0.172014 0.155282
-9999.0 -9999.0 -9999.0 -9999.0 -9999.0 0.069101 0.070017 0.071293 0.073020 0.075463 0.079755 0.088022 0.094556 0.103228 0.115933 0.129589 0.143373 0.160557 0.186051 0.213872 0.246146 0.271351 0.295744 0.313912 0.321827 0.328949 0.331609 0.326900 0.321839 0.313505 0.298456 0.283141 0.279694 0.279987 0.280265 0.279002 0.275238 0.271385 0.266139 0.256044 0.246937 0.242859 0.239868 0.236877 0.233781 0.231155 0.228677 0.226209 0.219895 0.214749 0.215156 0.213439 0.211727 0.210053 0.205652 0.200877 0.195188 0.179125 0.166166 0.157734 0.142513 0.130837 0.123638
-9999.0 -9999.0 -9999.0 -9999.0 -9999.0 -9999.0 0.068789 0.069458 0.070263 0.071412 0.073250 0.075652 0.077075 0.079731 0.083439 0.088590 0.095892 0.103250 0.112805 0.125349 0.141706 0.158302 0.178452 0.200931 0.210778 0.218975 0.227189 0.220612 0.213993 0.207471 0.192796 0.189694 0.185868 0.185916 0.185731 0.185600 0.182342 0.178858 0.175591 0.169168 0.166120 0.162911 0.160696 0.158609 0.156517 0.154788 0.153522 0.152306 0.149342 0.149794 0.150032 0.149185 0.148155 0.147088 0.144334 0.140672 0.137225 0.130652 0.125500 0.120742 0.113255 0.108329 0.103880
