tests/Borden05m/sims/sim_1/output-maps/thetaliqL0006N0017.asc
ncols         160
nrows         34
xllcorner     620200.000000
yllcorner     5168000.000000
cellsize      0.500000
NODATA_value  -9999.0
[rows 0 to 27 of 34, columns 0 to 62 of 160]
-9999.0 -9999.0 -9999.0 -9999.0 -9999.0 -9999.0 -9999.0 -9999.0 -9999.0 -9999.0 -9999.0 -9999.0 -9999.0 -9999.0 -9999.0 -9999.0 -9999.0 -9999.0 -9999.0 -9999.0 -9999.0 -9999.0 -9999.0 -9999.0 -9999.0 -9999.0 -9999.0 -9999.0 -9999.0 -9999.0 -9999.0 -9999.0 -9999.0 -9999.0 -9999.0 -9999.0 -9999.0 -9999.0 -9999.0 -9999.0 -9999.0 -9999.0 -9999.0 -9999.0 -9999.0 -9999.0 -9999.0 -9999.0 -9999.0 -9999.0 -9999.0 -9999.0 -9999.0 -9999.0 -9999.0 -9999.0 -9999.0 -9999.0 -9999.0 -9999.0 -9999.0 -9999.0 -9999.0
-9999.0 -9999.0 -9999.0 -9999.0 -9999.0 -9999.0 -9999.0 -9999.0 -9999.0 -9999.0 -9999.0 -9999.0 -9999.0 -9999.0 -9999.0 -9999.0 -9999.0 -9999.0 -9999.0 -9999.0 -9999.0 -9999.0 -9999.0 -9999.0 -9999.0 -9999.0 -9999.0 -9999.0 -9999.0 -9999.0 -9999.0 -9999.0 -9999.0 -9999.0 -9999.0 -9999.0 -9999.0 -9999.0 -9999.0 -9999.0 -9999.0 -9999.0 -9999.0 -9999.0 -9999.0 -9999.0 -9999.0 -9999.0 -9999.0 -9999.0 -9999.0 -9999.0 -9999.0 -9999.0 -9999.0 -9999.0 -9999.0 -9999.0 -9999.0 0.204767 0.200504 0.196379 0.192575
-9999.0 -9999.0 -9999.0 -9999.0 -9999.0 -9999.0 -9999.0 -9999.0 -9999.0 -9999.0 -9999.0 -9999.0 -9999.0 -9999.0 -9999.0 -9999.0 -9999.0 -9999.0 -9999.0 -9999.0 -9999.0 -9999.0 -9999.0 -9999.0 -9999.0 -9999.0 -9999.0 -9999.0 -9999.0 -9999.0 -9999.0 -9999.0 -9999.0 -9999.0 -9999.0 -9999.0 -9999.0 -9999.0 -9999.0 -9999.0 -9999.0 -9999.0 -9999.0 -9999.0 -9999.0 -9999.0 -9999.0 0.132134 0.125478 0.119616 0.119128 0.126861 0.135829 0.146240 0.156418 0.166740 0.178347 0.191420 0.193676 0.186017 0.182711 0.180377 0.178763
-9999.0 -9999.0 -9999.0 -9999.0 -9999.0 -9999.0 -9999.0 -9999.0 -9999.0 -9999.0 -9999.0 -9999.0 -9999.0 -9999.0 -9999.0 -9999.0 -9999.0 -9999.0 -9999.0 -9999.0 -9999.0 -9999.0 -9999.0 -9999.0 -9999.0 -9999.0 -9999.0 -9999.0 -9999.0 -9999.0 -9999.0 -9999.0 -9999.0 -9999.0 -9999.0 -9999.0 -9999.0 -9999.0 -9999.0 -9999.0 0.153669 0.156739 0.157694 0.151731 0.146020 0.140619 0.132210 0.125431 0.119997 0.118984 0.119703 0.121546 0.129714 0.139401 0.148186 0.157026 0.167682 0.180014 0.181775 0.174445 0.168973 0.166381 0.166231
-9999.0 -9999.0 -9999.0 -9999.0 -9999.0 -9999.0 -9999.0 -9999.0 -9999.0 -9999.0 -9999.0 -9999.0 -9999.0 -9999.0 -9999.0 -9999.0 -9999.0 -9999.0 -9999.0 -9999.0 -9999.0 -9999.0 -9999.0 -9999.0 -9999.0 -9999.0 -9999.0 -9999.0 -9999.0 -9999.0 -9999.0 -9999.0 -9999.0 -9999.0 0.117042 0.122615 0.128932 0.136021 0.143143 0.146038 0.148798 0.151676 0.149538 0.147002 0.141571 0.133623 0.125981 0.120950 0.119948 0.118994 0.120294 0.124628 0.130552 0.137069 0.146336 0.157848 0.162612 0.169573 0.171237 0.167909 0.168210 0.168886 0.169634
-9999.0 -9999.0 -9999.0 -9999.0 -9999.0 -9999.0 -9999.0 -9999.0 -9999.0 -9999.0 -9999.0 -9999.0 -9999.0 -9999.0 -9999.0 -9999.0 -9999.0 -9999.0 -9999.0 -9999.0 -9999.0 -9999.0 -9999.0 -9999.0 -9999.0 -9999.0 -9999.0 -9999.0 0.118802 0.116920 0.115285 0.114754 0.114277 0.113798 0.115700 0.119391 0.125447 0.133375 0.138485 0.141430 0.144222 0.144445 0.142089 0.140884 0.140799 0.135625 0.130832 0.126633 0.122832 0.122363 0.125525 0.130408 0.136598 0.142806 0.149799 0.156803 0.164759 0.177778 0.183281 0.178877 0.174708 0.172050 0.172182
-9999.0 -9999.0 -9999.0 -9999.0 -9999.0 -9999.0 -9999.0 -9999.0 -9999.0 -9999.0 -9999.0 -9999.0 -9999.0 -9999.0 -9999.0 -9999.0 -9999.0 -9999.0 -9999.0 -9999.0 -9999.0 -9999.0 -9999.0 0.110765 0.112383 0.114085 0.116091 0.116233 0.114819 0.113101 0.112100 0.111553 0.111035 0.112060 0.114303 0.118238 0.123249 0.130879 0.134064 0.136731 0.142081 0.142748 0.144527 0.146207 0.145071 0.143683 0.138227 0.134428 0.136860 0.139426 0.141944 0.144988 0.150952 0.158988 0.169051 0.182021 0.196991 0.211370 0.224726 0.219479 0.212020 0.202685 0.202716
-9999.0 -9999.0 -9999.0 -9999.0 -9999.0 -9999.0 -9999.0 -9999.0 -9999.0 -9999.0 -9999.0 -9999.0 -9999.0 -9999.0 -9999.0 -9999.0 -9999.0 -9999.0 -9999.0 0.104990 0.105111 0.105237 0.106188 0.106339 0.106790 0.108388 0.110338 0.110722 0.110219 0.109643 0.109917 0.110468 0.111395 0.114444 0.118407 0.122788 0.127608 0.135550 0.141710 0.148130 0.156242 0.154955 0.152158 0.150631 0.150526 0.150639 0.154025 0.156009 0.158709 0.162008 0.165935 0.170794 0.176956 0.189141 0.203842 0.219880 0.236427 0.252968 0.269634 0.267184 0.256655 0.245892 0.246290
-9999.0 -9999.0 -9999.0 -9999.0 -9999.0 -9999.0 -9999.0 -9999.0 -9999.0 -9999.0 -9999.0 -9999.0 -9999.0 -9999.0 -9999.0 -9999.0 0.099405 0.099704 0.100016 0.100952 0.101317 0.102025 0.103358 0.103456 0.104196 0.105665 0.106709 0.108597 0.110413 0.112217 0.113689 0.114270 0.116379 0.119151 0.122834 0.128240 0.136804 0.146722 0.154611 0.163407 0.173059 0.172690 0.171483 0.171745 0.171962 0.177194 0.189569 0.193856 0.196797 0.211942 0.223532 0.228000 0.233808 0.248902 0.269991 0.294961 0.322286 0.338459 0.349397 0.352345 0.346819 0.345085 0.347768
-9999.0 -9999.0 -9999.0 -9999.0 -9999.0 -9999.0 -9999.0 -9999.0 -9999.0 -9999.0 -9999.0 -9999.0 -9999.0 0.092478 0.093036 0.094320 0.095421 0.095674 0.096203 0.097036 0.099111 0.099652 0.100740 0.102164 0.104418 0.106183 0.108238 0.111060 0.113175 0.115021 0.116938 0.118901 0.123271 0.128607 0.134683 0.143312 0.153541 0.164956 0.177743 0.187187 0.197089 0.199807 0.197749 0.198397 0.204555 0.219444 0.235878 0.248601 0.269881 0.292025 0.305591 0.317020 0.324408 0.333151 0.345487 0.359798 0.366460 0.368579 0.369209 0.369543 0.369552 0.369601 0.369650
-9999.0 -9999.0 -9999.0 -9999.0 -9999.0 -9999.0 -9999.0 -9999.0 -9999.0 -9999.0 0.087945 0.088251 0.087817 0.087898 0.088350 0.089704 0.091307 0.092199 0.093712 0.096873 0.099783 0.100307 0.103210 0.105208 0.106529 0.108967 0.112202 0.115691 0.120915 0.124999 0.129543 0.137922 0.145062 0.152790 0.161949 0.173166 0.186932 0.209405 0.231622 0.244224 0.266385 0.280515 0.277817 0.278048 0.284940 0.302034 0.323383 0.342823 0.354615 0.362707 0.366184 0.367580 0.368300 0.368885 0.369348 0.369771 0.369949 0.369989 0.369998 0.370000 0.370000 0.370000 0.370000
-9999.0 -9999.0 -9999.0 -9999.0 -9999.0 -9999.0 -9999.0 -9999.0 0.085454 0.086102 0.086748 0.086395 0.085866 0.085530 0.086780 0.088477 0.090347 0.092522 0.094794 0.097596 0.100344 0.103602 0.107767 0.110541 0.113555 0.117759 0.121887 0.128056 0.136232 0.142713 0.152097 0.163790 0.175506 0.187114 0.199911 0.213895 0.238799 0.270254 0.300220 0.322355 0.341687 0.354129 0.355174 0.356803 0.358902 0.364771 0.367972 0.369280 0.369739 0.369914 0.369978 0.369991 0.369996 0.369998 0.370000 0.370000 0.370000 0.370000 0.370000 0.370000 0.370000 0.370000 0.370000
-9999.0 -9999.0 -9999.0 -9999.0 -9999.0 -9999.0 0.083208 0.085366 0.086827 0.085972 0.085216 0.084892 0.084566 0.086227 0.088482 0.090443 0.092591 0.095058 0.097608 0.100276 0.107836 0.111579 0.115559 0.121680 0.126138 0.131002 0.137811 0.148504 0.160699 0.181351 0.203840 0.226553 0.249993 0.268321 0.285607 0.304018 0.330190 0.352023 0.363299 0.367370 0.368938 0.369608 0.369739 0.369797 0.369855 0.369930 0.369983 0.369997 0.370000 0.370000 0.370000 0.370000 0.370000 0.370000 0.370000 0.370000 0.370000 0.370000 0.370000 0.370000 0.370000 0.370000 0.370000
-9999.0 -9999.0 -9999.0 -9999.0 0.080731 0.082244 0.083928 0.086900 0.089447 0.088692 0.089580 0.089630 0.089456 0.089629 0.090201 0.092505 0.094984 0.097745 0.101146 0.109718 0.121240 0.126775 0.137449 0.152409 0.159566 0.167686 0.176779 0.192412 0.216056 0.247436 0.292112 0.326922 0.344934 0.355747 0.361983 0.366057 0.368532 0.369577 0.369889 0.369976 0.369996 0.369999 0.370000 0.370000 0.370000 0.370000 0.370000 0.370000 0.370000 0.370000 0.370000 0.370000 0.370000 0.370000 0.370000 0.370000 0.370000 0.370000 0.370000 0.370000 0.370000 0.370000 0.370000
-9999.0 -9999.0 -9999.0 0.077983 0.080250 0.082896 0.085296 0.088528 0.092508 0.093453 0.094595 0.095658 0.096813 0.098312 0.100179 0.103246 0.105971 0.108459 0.113588 0.124827 0.138942 0.156108 0.175256 0.197964 0.217226 0.230811 0.245211 0.268163 0.304754 0.336988 0.360049 0.367829 0.369374 0.369749 0.369881 0.369960 0.369988 0.369999 0.370000 0.370000 0.370000 0.370000 0.370000 0.370000 0.370000 0.370000 0.370000 0.370000 0.370000 0.370000 0.370000 0.370000 0.370000 0.370000 0.370000 0.370000 0.370000 0.370000 0.370000 0.370000 0.370000 0.370000 0.370000
-9999.0 -9999.0 0.075865 0.077518 0.079475 0.083222 0.088335 0.092450 0.098950 0.103982 0.105463 0.110007 0.114567 0.117003 0.122421 0.128461 0.132738 0.133280 0.137552 0.155479 0.190154 0.231461 0.267568 0.318639 0.341442 0.351938 0.356792 0.363106 0.367267 0.369319 0.369883 0.369989 0.369999 0.370000 0.370000 0.370000 0.370000 0.370000 0.370000 0.370000 0.370000 0.370000 0.370000 0.370000 0.370000 0.370000 0.370000 0.370000 0.370000 0.370000 0.370000 0.370000 0.370000 0.370000 0.370000 0.370000 0.370000 0.370000 0.370000 0.370000 0.370000 0.370000 0.370000
-9999.0 -9999.0 0.074932 0.076703 0.078941 0.084161 0.092470 0.098341 0.107119 0.118909 0.125079 0.133683 0.142778 0.152981 0.166314 0.182101 0.183334 0.184217 0.183349 0.225773 0.281035 0.338055 0.364725 0.369003 0.369714 0.369795 0.369841 0.369922 0.369976 0.369999 0.370000 0.370000 0.370000 0.370000 0.370000 0.370000 0.370000 0.370000 0.370000 0.370000 0.370000 0.370000 0.370000 0.370000 0.370000 0.370000 0.370000 0.370000 0.370000 0.370000 0.370000 0.370000 0.370000 0.370000 0.370000 0.370000 0.370000 0.370000 0.370000 0.370000 0.370000 0.370000 0.370000
-9999.0 0.072482 0.073845 0.075744 0.079287 0.084509 0.095126 0.111981 0.126537 0.142797 0.156532 0.169071 0.212110 0.258127 0.283902 0.310159 0.307589 0.304353 0.298797 0.331947 0.359547 0.369154 0.369993 0.370000 0.370000 0.370000 0.370000 0.370000 0.370000 0.370000 0.370000 0.370000 0.370000 0.370000 0.370000 0.370000 0.370000 0.370000 0.370000 0.370000 0.370000 0.370000 0.370000 0.370000 0.370000 0.370000 0.370000 0.370000 0.370000 0.370000 0.370000 0.370000 0.370000 0.370000 0.370000 0.370000 0.370000 0.370000 0.370000 0.370000 0.370000 0.370000 0.370000
-9999.0 0.071758 0.073168 0.075552 0.079022 0.085152 0.101564 0.139042 0.160189 0.179920 0.202914 0.251630 0.329967 0.360630 0.366428 0.368741 0.368679 0.368227 0.368293 0.369415 0.369929 0.370000 0.370000 0.370000 0.370000 0.370000 0.370000 0.370000 0.370000 0.370000 0.370000 0.370000 0.370000 0.370000 0.370000 0.370000 0.370000 0.370000 0.370000 0.370000 0.370000 0.370000 0.370000 0.370000 0.370000 0.370000 0.370000 0.370000 0.370000 0.370000 0.370000 0.370000 0.370000 0.370000 0.370000 0.370000 0.370000 0.370000 0.370000 0.370000 0.370000 0.370000 0.370000
-9999.0 0.071387 0.072878 0.074811 0.078169 0.088765 0.109909 0.158250 0.216852 0.249570 0.304346 0.359118 0.368974 0.369929 0.369992 0.369998 0.369999 0.369999 0.370000 0.370000 0.370000 0.370000 0.370000 0.370000 0.370000 0.370000 0.370000 0.370000 0.370000 0.370000 0.370000 0.370000 0.370000 0.370000 0.370000 0.370000 0.370000 0.370000 0.370000 0.370000 0.370000 0.370000 0.370000 0.370000 0.370000 0.370000 0.370000 0.370000 0.370000 0.370000 0.370000 0.370000 0.370000 0.370000 0.370000 0.370000 0.370000 0.370000 0.370000 0.370000 0.370000 0.370000 0.370000
-9999.0 0.070177 0.071415 0.072736 0.078088 0.092546 0.118304 0.196054 0.305785 0.345208 0.367587 0.369885 0.369999 0.370000 0.370000 0.370000 0.370000 0.370000 0.370000 0.370000 0.370000 0.370000 0.370000 0.370000 0.370000 0.370000 0.370000 0.370000 0.370000 0.370000 0.370000 0.370000 0.370000 0.370000 0.370000 0.370000 0.370000 0.370000 0.370000 0.370000 0.370000 0.370000 0.370000 0.370000 0.370000 0.370000 0.370000 0.370000 0.370000 0.370000 0.370000 0.370000 0.370000 0.370000 0.370000 0.370000 0.370000 0.370000 0.370000 0.370000 0.370000 0.370000 0.370000
-9999.0 0.069355 0.070171 0.071947 0.077017 0.089861 0.122175 0.221437 0.357129 0.369072 0.369964 0.369998 0.370000 0.370000 0.370000 0.370000 0.370000 0.370000 0.370000 0.370000 0.370000 0.370000 0.370000 0.370000 0.370000 0.370000 0.370000 0.370000 0.370000 0.370000 0.370000 0.370000 0.370000 0.370000 0.370000 0.370000 0.370000 0.370000 0.370000 0.370000 0.370000 0.370000 0.370000 0.370000 0.370000 0.370000 0.370000 0.370000 0.370000 0.370000 0.370000 0.370000 0.370000 0.370000 0.370000 0.370000 0.370000 0.370000 0.370000 0.370000 0.369999 0.369998 0.369996
-9999.0 0.068771 0.069650 0.070991 0.074279 0.081199 0.097201 0.150270 0.277719 0.368234 0.369999 0.370000 0.370000 0.370000 0.370000 0.370000 0.370000 0.370000 0.370000 0.370000 0.370000 0.370000 0.370000 0.370000 0.370000 0.370000 0.370000 0.370000 0.370000 0.370000 0.370000 0.370000 0.370000 0.370000 0.370000 0.370000 0.370000 0.370000 0.370000 0.370000 0.370000 0.370000 0.370000 0.370000 0.370000 0.370000 0.370000 0.370000 0.370000 0.370000 0.370000 0.370000 0.370000 0.370000 0.370000 0.370000 0.370000 0.369998 0.369989 0.369946 0.369723 0.369245 0.368882
-9999.0 -9999.0 0.069074 0.070157 0.072061 0.076000 0.084401 0.109502 0.177325 0.337704 0.367692 0.369811 0.369975 0.369998 0.370000 0.370000 0.370000 0.370000 0.370000 0.370000 0.370000 0.370000 0.370000 0.370000 0.370000 0.370000 0.370000 0.370000 0.370000 0.370000 0.370000 0.370000 0.370000 0.370000 0.370000 0.370000 0.370000 0.370000 0.370000 0.370000 0.370000 0.370000 0.370000 0.370000 0.370000 0.370000 0.370000 0.370000 0.369999 0.369997 0.369996 0.369994 0.369991 0.369984 0.369971 0.369948 0.369866 0.369679 0.369211 0.367241 0.360547 0.343796 0.321647
-9999.0 -9999.0 0.068573 0.069330 0.070737 0.073353 0.077509 0.086230 0.114938 0.169215 0.250934 0.327311 0.359930 0.367289 0.369095 0.369800 0.369917 0.369946 0.369956 0.369978 0.369993 0.369998 0.369999 0.370000 0.370000 0.370000 0.370000 0.370000 0.370000 0.370000 0.369999 0.369994 0.369989 0.369985 0.369988 0.369992 0.369989 0.369981 0.369963 0.369925 0.369876 0.369806 0.369776 0.369761 0.369755 0.369730 0.369694 0.369576 0.369362 0.369135 0.368880 0.368606 0.368406 0.367939 0.367167 0.366309 0.363428 0.356787 0.344476 0.321257 0.286261 0.255647 0.227403
-9999.0 -9999.0 -9999.0 0.068779 0.069549 0.070651 0.072446 0.074823 0.080253 0.091495 0.110343 0.143827 0.182006 0.223737 0.269348 0.313746 0.336660 0.345354 0.350841 0.363300 0.366672 0.368728 0.369468 0.369657 0.369785 0.369869 0.369886 0.369840 0.369777 0.369631 0.369256 0.368497 0.367777 0.367761 0.367737 0.367857 0.367471 0.366996 0.365749 0.363718 0.360756 0.357750 0.356110 0.354450 0.353265 0.351677 0.349863 0.346306 0.341224 0.335462 0.330231 0.327491 0.324592 0.320243 0.314116 0.307355 0.296431 0.272600 0.248682 0.224128 0.198389 0.176046 0.157748
-9999.0 -9999.0 -9999.0 -9999.0 -9999.0 0.069101 0.070027 0.071311 0.073038 0.075475 0.079772 0.088089 0.094662 0.103542 0.116973 0.132296 0.148356 0.168297 0.198235 0.233363 0.272967 0.303818 0.330486 0.347107 0.353636 0.358344 0.359822 0.357172 0.353555 0.346733 0.332734 0.316137 0.310913 0.310543 0.310552 0.309122 0.304661 0.299739 0.292783 0.280374 0.268916 0.263217 0.259211 0.255381 0.251552 0.248181 0.244889 0.241391 0.233577 0.227134 0.226937 0.224558 0.222199 0.219811 0.214387 0.208555 0.201699 0.183673 0.169326 0.160080 0.143886 0.131653 0.124206
-9999.0 -9999.0 -9999.0 -9999.0 -9999.0 -9999.0 0.068789 0.069459 0.070272 0.071428 0.073282 0.075705 0.077099 0.079762 0.083480 0.088652 0.096014 0.103452 0.113248 0.126397 0.144080 0.162692 0.186012 0.212482 0.224769 0.235099 0.244712 0.236860 0.228606 0.220137 0.202509 0.198047 0.193391 0.193268 0.192970 0.192719 0.188945 0.184903 0.181062 0.173783 0.170241 0.166626 0.164136 0.161812 0.159497 0.157578 0.156156 0.154784 0.151542 0.151946 0.152141 0.151180 0.150028 0.148841 0.145875 0.141973 0.138323 0.131442 0.126098 0.121204 0.113533 0.108538 0.104044
