tests/Borden05m/sims/sim_1/output-maps/thetaliqL0003N0017.asc
ncols         160
nrows         34
xllcorner     620200.000000
yllcorner     5168000.000000
cellsize      0.500000
NODATA_value  -9999.0
[rows 0 to 27 of 34, columns 0 to 62 of 160]
-9999.0 -9999.0 -9999.0 -9999.0 -9999.0 -9999.0 -9999.0 -9999.0 -9999.0 -9999.0 -9999.0 -9999.0 -9999.0 -9999.0 -9999.0 -9999.0 -9999.0 -9999.0 -9999.0 -9999.0 -9999.0 -9999.0 -9999.0 -9999.0 -9999.0 -9999.0 -9999.0 -9999.0 -9999.0 -9999.0 -9999.0 -9999.0 -9999.0 -9999.0 -9999.0 -9999.0 -9999.0 -9999.0 -9999.0 -9999.0 -9999.0 -9999.0 -9999.0 -9999.0 -9999.0 -9999.0 -9999.0 -9999.0 -9999.0 -9999.0 -9999.0 -9999.0 -9999.0 -9999.0 -9999.0 -9999.0 -9999.0 -9999.0 -9999.0 -9999.0 -9999.0 -9999.0 -9999.0
-9999.0 -9999.0 -9999.0 -9999.0 -9999.0 -9999.0 -9999.0 -9999.0 -9999.0 -9999.0 -9999.0 -9999.0 -9999.0 -9999.0 -9999.0 -9999.0 -9999.0 -9999.0 -9999.0 -9999.0 -9999.0 -9999.0 -9999.0 -9999.0 -9999.0 -9999.0 -9999.0 -9999.0 -9999.0 -9999.0 -9999.0 -9999.0 -9999.0 -9999.0 -9999.0 -9999.0 -9999.0 -9999.0 -9999.0 -9999.0 -9999.0 -9999.0 -9999.0 -9999.0 -9999.0 -9999.0 -9999.0 -9999.0 -9999.0 -9999.0 -9999.0 -9999.0 -9999.0 -9999.0 -9999.0 -9999.0 -9999.0 -9999.0 -9999.0 0.198953 0.197952 0.197237 0.196808
-9999.0 -9999.0 -9999.0 -9999.0 -9999.0 -9999.0 -9999.0 -9999.0 -9999.0 -9999.0 -9999.0 -9999.0 -9999.0 -9999.0 -9999.0 -9999.0 -9999.0 -9999.0 -9999.0 -9999.0 -9999.0 -9999.0 -9999.0 -9999.0 -9999.0 -9999.0 -9999.0 -9999.0 -9999.0 -9999.0 -9999.0 -9999.0 -9999.0 -9999.0 -9999.0 -9999.0 -9999.0 -9999.0 -9999.0 -9999.0 -9999.0 -9999.0 -9999.0 -9999.0 -9999.0 -9999.0 -9999.0 0.190465 0.187711 0.184468 0.183590 0.187227 0.188978 0.190647 0.191825 0.192937 0.194580 0.197430 0.197308 0.193437 0.193010 0.192886 0.193027
-9999.0 -9999.0 -9999.0 -9999.0 -9999.0 -9999.0 -9999.0 -9999.0 -9999.0 -9999.0 -9999.0 -9999.0 -9999.0 -9999.0 -9999.0 -9999.0 -9999.0 -9999.0 -9999.0 -9999.0 -9999.0 -9999.0 -9999.0 -9999.0 -9999.0 -9999.0 -9999.0 -9999.0 -9999.0 -9999.0 -9999.0 -9999.0 -9999.0 -9999.0 -9999.0 -9999.0 -9999.0 -9999.0 -9999.0 -9999.0 0.190634 0.191914 0.192931 0.191059 0.190205 0.190224 0.188210 0.185953 0.183677 0.184312 0.184363 0.182864 0.185403 0.187530 0.188374 0.189102 0.190987 0.194169 0.194012 0.191075 0.189301 0.188739 0.189100
-9999.0 -9999.0 -9999.0 -9999.0 -9999.0 -9999.0 -9999.0 -9999.0 -9999.0 -9999.0 -9999.0 -9999.0 -9999.0 -9999.0 -9999.0 -9999.0 -9999.0 -9999.0 -9999.0 -9999.0 -9999.0 -9999.0 -9999.0 -9999.0 -9999.0 -9999.0 -9999.0 -9999.0 -9999.0 -9999.0 -9999.0 -9999.0 -9999.0 -9999.0 0.184409 0.186757 0.187878 0.188965 0.190536 0.190093 0.189716 0.190831 0.189834 0.189736 0.188444 0.186074 0.183722 0.182402 0.183707 0.183260 0.183283 0.184485 0.185298 0.185672 0.187429 0.190210 0.188998 0.189740 0.189397 0.188176 0.189299 0.190217 0.190808
-9999.0 -9999.0 -9999.0 -9999.0 -9999.0 -9999.0 -9999.0 -9999.0 -9999.0 -9999.0 -9999.0 -9999.0 -9999.0 -9999.0 -9999.0 -9999.0 -9999.0 -9999.0 -9999.0 -9999.0 -9999.0 -9999.0 -9999.0 -9999.0 -9999.0 -9999.0 -9999.0 -9999.0 0.187851 0.186925 0.186216 0.186250 0.185923 0.184691 0.184398 0.184680 0.185985 0.188074 0.188485 0.188282 0.188475 0.188005 0.186635 0.186486 0.187949 0.186503 0.185771 0.184807 0.182512 0.181952 0.183278 0.184584 0.185741 0.186090 0.186344 0.186418 0.186720 0.190219 0.191128 0.189240 0.188191 0.187711 0.187995
-9999.0 -9999.0 -9999.0 -9999.0 -9999.0 -9999.0 -9999.0 -9999.0 -9999.0 -9999.0 -9999.0 -9999.0 -9999.0 -9999.0 -9999.0 -9999.0 -9999.0 -9999.0 -9999.0 -9999.0 -9999.0 -9999.0 -9999.0 0.186164 0.187011 0.187350 0.188108 0.187736 0.185973 0.184835 0.184341 0.183937 0.183002 0.182908 0.182916 0.183563 0.184076 0.186244 0.185264 0.184633 0.186481 0.186064 0.187261 0.188624 0.188295 0.188545 0.185976 0.184070 0.186023 0.186834 0.186774 0.186376 0.187082 0.188036 0.189231 0.191245 0.193797 0.195993 0.199397 0.197149 0.195478 0.192645 0.192926
-9999.0 -9999.0 -9999.0 -9999.0 -9999.0 -9999.0 -9999.0 -9999.0 -9999.0 -9999.0 -9999.0 -9999.0 -9999.0 -9999.0 -9999.0 -9999.0 -9999.0 -9999.0 -9999.0 0.186124 0.185869 0.185367 0.185580 0.183932 0.183240 0.183735 0.184652 0.184135 0.183172 0.182344 0.182445 0.182562 0.182372 0.183661 0.184729 0.185127 0.184918 0.186647 0.187210 0.188216 0.190771 0.189142 0.187525 0.186679 0.186604 0.186138 0.187625 0.188076 0.188241 0.188113 0.188174 0.188579 0.188854 0.190984 0.193016 0.194777 0.196489 0.198775 0.202825 0.201185 0.198054 0.194776 0.194814
-9999.0 -9999.0 -9999.0 -9999.0 -9999.0 -9999.0 -9999.0 -9999.0 -9999.0 -9999.0 -9999.0 -9999.0 -9999.0 -9999.0 -9999.0 -9999.0 0.185805 0.185668 0.185049 0.184058 0.183193 0.183184 0.183882 0.182658 0.182261 0.182558 0.182034 0.182673 0.183357 0.184169 0.184541 0.183664 0.183846 0.183755 0.183697 0.184170 0.186104 0.187931 0.188390 0.189729 0.192085 0.190773 0.190193 0.190250 0.189428 0.190158 0.193658 0.193144 0.191667 0.195366 0.197379 0.196713 0.196405 0.198906 0.202736 0.207769 0.216147 0.222358 0.229692 0.232972 0.226644 0.225576 0.227883
-9999.0 -9999.0 -9999.0 -9999.0 -9999.0 -9999.0 -9999.0 -9999.0 -9999.0 -9999.0 -9999.0 -9999.0 -9999.0 0.185357 0.185239 0.185442 0.183897 0.182676 0.181944 0.180931 0.182285 0.181345 0.181062 0.181308 0.182524 0.182575 0.182736 0.183521 0.183295 0.182953 0.182619 0.181897 0.182935 0.183988 0.184742 0.186291 0.187535 0.188546 0.190340 0.190751 0.191991 0.191554 0.190155 0.189854 0.190967 0.194275 0.196905 0.197881 0.202604 0.207751 0.210373 0.213711 0.215438 0.217893 0.223899 0.241570 0.266392 0.290574 0.304720 0.315667 0.317033 0.319117 0.320934
-9999.0 -9999.0 -9999.0 -9999.0 -9999.0 -9999.0 -9999.0 -9999.0 -9999.0 -9999.0 0.182801 0.183621 0.182402 0.180172 0.179218 0.179752 0.180317 0.179496 0.179550 0.181938 0.183277 0.181086 0.182634 0.182687 0.181766 0.182032 0.182688 0.182831 0.184341 0.184437 0.184490 0.186965 0.187669 0.188423 0.189448 0.190580 0.191609 0.195609 0.199148 0.199211 0.204146 0.207320 0.204792 0.203898 0.204705 0.208520 0.214989 0.224748 0.235309 0.251347 0.267383 0.279127 0.288245 0.298776 0.310529 0.325075 0.338340 0.347743 0.354740 0.358086 0.359294 0.359849 0.360625
-9999.0 -9999.0 -9999.0 -9999.0 -9999.0 -9999.0 -9999.0 -9999.0 0.179489 0.180782 0.181602 0.180579 0.179209 0.176756 0.177710 0.178650 0.179300 0.180262 0.180736 0.181144 0.180619 0.181449 0.182992 0.182620 0.182811 0.183836 0.183908 0.184854 0.186312 0.185721 0.186550 0.187952 0.189200 0.190334 0.191695 0.192583 0.196749 0.202489 0.208921 0.214775 0.223453 0.234822 0.235010 0.237199 0.239888 0.257011 0.282382 0.308181 0.324176 0.334833 0.344248 0.348846 0.351709 0.354918 0.358281 0.360769 0.363773 0.366460 0.368176 0.368922 0.369214 0.369288 0.369422
-9999.0 -9999.0 -9999.0 -9999.0 -9999.0 -9999.0 0.177520 0.180396 0.181806 0.178589 0.176130 0.175311 0.173863 0.177053 0.179894 0.180462 0.180909 0.181441 0.181193 0.179374 0.183764 0.182640 0.181822 0.183201 0.183145 0.183312 0.184219 0.186248 0.187229 0.191298 0.194400 0.197173 0.200890 0.203310 0.205910 0.209046 0.217523 0.231523 0.251818 0.275215 0.298824 0.318058 0.324208 0.327118 0.330293 0.336103 0.345507 0.353658 0.360433 0.364657 0.366710 0.367423 0.367958 0.368455 0.368925 0.369297 0.369593 0.369821 0.369926 0.369979 0.369992 0.369995 0.369998
-9999.0 -9999.0 -9999.0 -9999.0 0.179008 0.179667 0.179177 0.181713 0.183497 0.179587 0.180981 0.180293 0.179010 0.177479 0.175667 0.177028 0.177839 0.178401 0.178202 0.182483 0.186267 0.183975 0.185895 0.189638 0.188918 0.189396 0.189689 0.191524 0.194841 0.199202 0.209176 0.219231 0.227164 0.237123 0.248100 0.264440 0.290735 0.316914 0.332006 0.343600 0.352275 0.357700 0.360564 0.361948 0.363419 0.364901 0.366487 0.368050 0.369100 0.369699 0.369887 0.369942 0.369961 0.369976 0.369988 0.369996 0.370000 0.370000 0.370000 0.370000 0.370000 0.370000 0.370000
-9999.0 -9999.0 -9999.0 0.177219 0.180043 0.181133 0.179838 0.180400 0.182612 0.180522 0.180152 0.179804 0.179601 0.179653 0.179506 0.180336 0.180528 0.179976 0.180616 0.183286 0.184626 0.186893 0.188749 0.191544 0.193966 0.194984 0.196409 0.199980 0.209028 0.220652 0.244423 0.282383 0.311213 0.324778 0.331964 0.340365 0.347680 0.356047 0.361764 0.365320 0.367547 0.368673 0.369292 0.369536 0.369639 0.369725 0.369863 0.369945 0.369984 0.370000 0.370000 0.370000 0.370000 0.370000 0.370000 0.370000 0.370000 0.370000 0.370000 0.370000 0.370000 0.370000 0.370000
-9999.0 -9999.0 0.177647 0.179270 0.178225 0.180283 0.182608 0.181116 0.183893 0.184838 0.182155 0.183749 0.184603 0.182956 0.184097 0.185394 0.186062 0.184015 0.182604 0.185796 0.192767 0.198822 0.202421 0.218259 0.228727 0.236062 0.240108 0.253029 0.276320 0.311077 0.332804 0.348698 0.358053 0.362929 0.364489 0.365980 0.367607 0.368701 0.369437 0.369774 0.369923 0.369977 0.369995 0.370000 0.370000 0.370000 0.370000 0.370000 0.370000 0.370000 0.370000 0.370000 0.370000 0.370000 0.370000 0.370000 0.370000 0.370000 0.370000 0.370000 0.370000 0.370000 0.370000
-9999.0 -9999.0 0.175808 0.178456 0.176694 0.180888 0.184939 0.181297 0.182588 0.186777 0.185769 0.186357 0.185944 0.186277 0.188227 0.192045 0.190197 0.189492 0.185435 0.195620 0.205608 0.224815 0.267420 0.308094 0.326898 0.329953 0.331797 0.337677 0.345848 0.357096 0.364834 0.368433 0.369528 0.369819 0.369894 0.369943 0.369982 0.370000 0.370000 0.370000 0.370000 0.370000 0.370000 0.370000 0.370000 0.370000 0.370000 0.370000 0.370000 0.370000 0.370000 0.370000 0.370000 0.370000 0.370000 0.370000 0.370000 0.370000 0.370000 0.370000 0.370000 0.370000 0.370000
-9999.0 0.175110 0.176450 0.176585 0.179311 0.178575 0.181956 0.186890 0.186939 0.188884 0.189115 0.186580 0.196578 0.205959 0.209573 0.218319 0.214837 0.212223 0.206890 0.219395 0.246440 0.311087 0.352847 0.362767 0.365699 0.365999 0.365739 0.366736 0.368091 0.369304 0.369941 0.370000 0.370000 0.370000 0.370000 0.370000 0.370000 0.370000 0.370000 0.370000 0.370000 0.370000 0.370000 0.370000 0.370000 0.370000 0.370000 0.370000 0.370000 0.370000 0.370000 0.370000 0.370000 0.370000 0.370000 0.370000 0.370000 0.370000 0.370000 0.370000 0.370000 0.370000 0.370000
-9999.0 0.171173 0.176262 0.179343 0.178260 0.176240 0.183786 0.195779 0.192100 0.191145 0.191013 0.199146 0.226259 0.257735 0.282896 0.307422 0.306398 0.298490 0.299952 0.320028 0.341493 0.360976 0.369234 0.369936 0.369909 0.369916 0.369931 0.369974 0.369996 0.370000 0.370000 0.370000 0.370000 0.370000 0.370000 0.370000 0.370000 0.370000 0.370000 0.370000 0.370000 0.370000 0.370000 0.370000 0.370000 0.370000 0.370000 0.370000 0.370000 0.370000 0.370000 0.370000 0.370000 0.370000 0.370000 0.370000 0.370000 0.369999 0.369997 0.369994 0.369989 0.369984 0.369984
-9999.0 0.175168 0.181066 0.179604 0.174873 0.181985 0.185336 0.194059 0.201367 0.200159 0.211906 0.256299 0.312558 0.339820 0.351485 0.356458 0.359109 0.358977 0.362522 0.367348 0.369704 0.370000 0.370000 0.370000 0.370000 0.370000 0.370000 0.370000 0.370000 0.370000 0.370000 0.370000 0.370000 0.370000 0.370000 0.370000 0.370000 0.370000 0.370000 0.370000 0.370000 0.370000 0.370000 0.370000 0.370000 0.370000 0.370000 0.370000 0.370000 0.370000 0.369999 0.369998 0.369998 0.369997 0.369996 0.369993 0.369985 0.369968 0.369937 0.369892 0.369827 0.369740 0.369744
-9999.0 0.168384 0.176591 0.169788 0.179397 0.188184 0.187467 0.202130 0.222299 0.232737 0.295479 0.335180 0.357046 0.364679 0.367622 0.369137 0.369616 0.369855 0.369970 0.369997 0.370000 0.370000 0.370000 0.370000 0.370000 0.370000 0.370000 0.369998 0.369997 0.369997 0.369999 0.370000 0.370000 0.370000 0.370000 0.370000 0.370000 0.370000 0.370000 0.370000 0.370000 0.370000 0.370000 0.370000 0.369999 0.369999 0.369997 0.369994 0.369989 0.369980 0.369967 0.369952 0.369943 0.369925 0.369920 0.369892 0.369725 0.369505 0.369219 0.368815 0.368228 0.367159 0.367031
-9999.0 0.163571 0.169227 0.173486 0.182021 0.188457 0.195434 0.212504 0.259717 0.312576 0.343071 0.353900 0.363882 0.368409 0.369724 0.369917 0.369961 0.369973 0.369984 0.369992 0.369994 0.370000 0.370000 0.370000 0.370000 0.369999 0.369994 0.369985 0.369980 0.369983 0.369989 0.369994 0.369997 0.369998 0.369997 0.369996 0.369996 0.369994 0.369990 0.369985 0.369978 0.369968 0.369959 0.369952 0.369943 0.369936 0.369905 0.369852 0.369775 0.369693 0.369590 0.369493 0.369453 0.369372 0.369255 0.369013 0.368080 0.366609 0.364873 0.362404 0.357132 0.354220 0.352161
-9999.0 0.153165 0.171164 0.173437 0.178460 0.180120 0.181836 0.193428 0.215160 0.305490 0.359174 0.361798 0.364264 0.367250 0.369376 0.369893 0.369918 0.369756 0.369516 0.369400 0.369577 0.369806 0.369905 0.369957 0.369962 0.369959 0.369946 0.369915 0.369860 0.369835 0.369838 0.369823 0.369815 0.369828 0.369815 0.369835 0.369848 0.369784 0.369673 0.369488 0.369262 0.369045 0.368953 0.368954 0.368915 0.368799 0.368527 0.368102 0.367468 0.366764 0.366116 0.365611 0.365066 0.364251 0.363221 0.361944 0.358065 0.353720 0.348174 0.338637 0.323610 0.309654 0.302300
-9999.0 -9999.0 0.162783 0.173456 0.174844 0.176537 0.178131 0.186670 0.197206 0.240502 0.303912 0.332899 0.346184 0.355579 0.363827 0.367411 0.367746 0.368048 0.366548 0.366626 0.367140 0.367713 0.368327 0.368797 0.369071 0.369189 0.369242 0.369187 0.368976 0.368578 0.367997 0.367454 0.367062 0.366737 0.367173 0.367715 0.367622 0.367240 0.366501 0.365301 0.364053 0.362564 0.362122 0.362246 0.362211 0.361768 0.360962 0.358944 0.356549 0.353730 0.352219 0.350665 0.349049 0.346062 0.342768 0.338821 0.331028 0.321915 0.307067 0.275651 0.244887 0.224779 0.215196
-9999.0 -9999.0 0.151431 0.167811 0.175126 0.180369 0.179624 0.180533 0.192899 0.200129 0.212666 0.234960 0.264315 0.299306 0.318750 0.334792 0.340683 0.343250 0.343462 0.346406 0.351509 0.355729 0.358288 0.360427 0.362140 0.363319 0.364199 0.363103 0.361801 0.359529 0.356096 0.351434 0.348511 0.346726 0.347912 0.349902 0.348637 0.345868 0.341767 0.336636 0.332552 0.328473 0.327316 0.326907 0.326833 0.325916 0.324563 0.320281 0.313618 0.307348 0.301534 0.296037 0.292412 0.285203 0.276037 0.268837 0.253957 0.239040 0.227261 0.216602 0.206949 0.202081 0.198035
-9999.0 -9999.0 -9999.0 0.153178 0.163474 0.171371 0.174617 0.170362 0.173517 0.179789 0.184749 0.192615 0.198021 0.204412 0.214698 0.229645 0.239253 0.242818 0.243864 0.266420 0.282405 0.305430 0.319481 0.324144 0.328694 0.333103 0.334342 0.331241 0.328184 0.322733 0.312233 0.296103 0.284566 0.283990 0.284076 0.286309 0.281939 0.277128 0.267405 0.257388 0.248386 0.242004 0.239599 0.237441 0.236293 0.234577 0.232836 0.229346 0.225477 0.222110 0.219361 0.218497 0.217636 0.216164 0.214319 0.212986 0.211041 0.205457 0.201480 0.197884 0.194322 0.191286 0.188578
-9999.0 -9999.0 -9999.0 -9999.0 -9999.0 0.146623 0.166849 0.171073 0.171353 0.169873 0.171982 0.180006 0.179097 0.180509 0.184227 0.186496 0.187712 0.190491 0.196066 0.201549 0.208933 0.215600 0.225189 0.234809 0.240695 0.247826 0.250511 0.244966 0.239847 0.232691 0.222935 0.214722 0.213671 0.214157 0.214446 0.214188 0.212813 0.211752 0.210290 0.207084 0.204305 0.203639 0.203174 0.202594 0.201951 0.201468 0.201050 0.200831 0.199126 0.197591 0.198361 0.198052 0.197847 0.197911 0.197144 0.196714 0.196821 0.192954 0.190710 0.191233 0.187826 0.185571 0.185966
-9999.0 -9999.0 -9999.0 -9999.0 -9999.0 -9999.0 0.144352 0.157055 0.167256 0.170177 0.174644 0.178091 0.173617 0.175312 0.177169 0.179203 0.182343 0.182586 0.183991 0.186093 0.189054 0.190863 0.194381 0.199161 0.199608 0.200980 0.203533 0.200813 0.199280 0.198351 0.193367 0.193886 0.193138 0.193648 0.193833 0.194321 0.193666 0.193050 0.192702 0.190582 0.190432 0.189864 0.189639 0.189405 0.189160 0.189035 0.189048 0.189114 0.187857 0.188599 0.188919 0.188589 0.188433 0.188662 0.188325 0.187709 0.187835 0.186254 0.185944 0.185875 0.183266 0.183201 0.182977
