tests/Borden05m/sims/sim_1/output-maps/thetaliqL0004N0014.asc
ncols         160
nrows         34
xllcorner     620200.000000
yllcorner     5168000.000000
cellsize      0.500000
NODATA_value  -9999.0
[rows 0 to 27 of 34, columns 0 to 62 of 160]
-9999.0 -9999.0 -9999.0 -9999.0 -9999.0 -9999.0 -9999.0 -9999.0 -9999.0 -9999.0 -9999.0 -9999.0 -9999.0 -9999.0 -9999.0 -9999.0 -9999.0 -9999.0 -9999.0 -9999.0 -9999.0 -9999.0 -9999.0 -9999.0 -9999.0 -9999.0 -9999.0 -9999.0 -9999.0 -9999.0 -9999.0 -9999.0 -9999.0 -9999.0 -9999.0 -9999.0 -9999.0 -9999.0 -9999.0 -9999.0 -9999.0 -9999.0 -9999.0 -9999.0 -9999.0 -9999.0 -9999.0 -9999.0 -9999.0 -9999.0 -9999.0 -9999.0 -9999.0 -9999.0 -9999.0 -9999.0 -9999.0 -9999.0 -9999.0 -9999.0 -9999.0 -9999.0 -9999.0
-9999.0 -9999.0 -9999.0 -9999.0 -9999.0 -9999.0 -9999.0 -9999.0 -9999.0 -9999.0 -9999.0 -9999.0 -9999.0 -9999.0 -9999.0 -9999.0 -9999.0 -9999.0 -9999.0 -9999.0 -9999.0 -9999.0 -9999.0 -9999.0 -9999.0 -9999.0 -9999.0 -9999.0 -9999.0 -9999.0 -9999.0 -9999.0 -9999.0 -9999.0 -9999.0 -9999.0 -9999.0 -9999.0 -9999.0 -9999.0 -9999.0 -9999.0 -9999.0 -9999.0 -9999.0 -9999.0 -9999.0 -9999.0 -9999.0 -9999.0 -9999.0 -9999.0 -9999.0 -9999.0 -9999.0 -9999.0 -9999.0 -9999.0 -9999.0 0.198239 0.196291 0.194847 0.193914
-9999.0 -9999.0 -9999.0 -9999.0 -9999.0 -9999.0 -9999.0 -9999.0 -9999.0 -9999.0 -9999.0 -9999.0 -9999.0 -9999.0 -9999.0 -9999.0 -9999.0 -9999.0 -9999.0 -9999.0 -9999.0 -9999.0 -9999.0 -9999.0 -9999.0 -9999.0 -9999.0 -9999.0 -9999.0 -9999.0 -9999.0 -9999.0 -9999.0 -9999.0 -9999.0 -9999.0 -9999.0 -9999.0 -9999.0 -9999.0 -9999.0 -9999.0 -9999.0 -9999.0 -9999.0 -9999.0 -9999.0 0.179810 0.174486 0.168296 0.166648 0.173652 0.177274 0.180787 0.183377 0.185841 0.189307 0.194961 0.194842 0.187635 0.186701 0.186374 0.186553
-9999.0 -9999.0 -9999.0 -9999.0 -9999.0 -9999.0 -9999.0 -9999.0 -9999.0 -9999.0 -9999.0 -9999.0 -9999.0 -9999.0 -9999.0 -9999.0 -9999.0 -9999.0 -9999.0 -9999.0 -9999.0 -9999.0 -9999.0 -9999.0 -9999.0 -9999.0 -9999.0 -9999.0 -9999.0 -9999.0 -9999.0 -9999.0 -9999.0 -9999.0 -9999.0 -9999.0 -9999.0 -9999.0 -9999.0 -9999.0 0.181139 0.183592 0.185443 0.181815 0.180005 0.179769 0.175710 0.171282 0.166873 0.167972 0.168094 0.165449 0.170468 0.174812 0.176761 0.178486 0.182379 0.188650 0.188443 0.182841 0.179393 0.178244 0.178897
-9999.0 -9999.0 -9999.0 -9999.0 -9999.0 -9999.0 -9999.0 -9999.0 -9999.0 -9999.0 -9999.0 -9999.0 -9999.0 -9999.0 -9999.0 -9999.0 -9999.0 -9999.0 -9999.0 -9999.0 -9999.0 -9999.0 -9999.0 -9999.0 -9999.0 -9999.0 -9999.0 -9999.0 -9999.0 -9999.0 -9999.0 -9999.0 -9999.0 -9999.0 0.168049 0.172612 0.174967 0.177290 0.180469 0.179805 0.179254 0.181392 0.179495 0.179193 0.176598 0.171892 0.167227 0.164575 0.166900 0.166044 0.166151 0.168545 0.170322 0.171312 0.174941 0.180505 0.178542 0.180200 0.179652 0.177284 0.179328 0.181020 0.182120
-9999.0 -9999.0 -9999.0 -9999.0 -9999.0 -9999.0 -9999.0 -9999.0 -9999.0 -9999.0 -9999.0 -9999.0 -9999.0 -9999.0 -9999.0 -9999.0 -9999.0 -9999.0 -9999.0 -9999.0 -9999.0 -9999.0 -9999.0 -9999.0 -9999.0 -9999.0 -9999.0 -9999.0 0.174436 0.172652 0.171276 0.171308 0.170681 0.168408 0.167964 0.168665 0.171342 0.175537 0.176529 0.176297 0.176778 0.175930 0.173326 0.173007 0.175655 0.172777 0.171196 0.169220 0.164848 0.163788 0.166357 0.168984 0.171390 0.172316 0.173101 0.173504 0.174458 0.181377 0.183248 0.179640 0.177562 0.176584 0.177104
-9999.0 -9999.0 -9999.0 -9999.0 -9999.0 -9999.0 -9999.0 -9999.0 -9999.0 -9999.0 -9999.0 -9999.0 -9999.0 -9999.0 -9999.0 -9999.0 -9999.0 -9999.0 -9999.0 -9999.0 -9999.0 -9999.0 -9999.0 0.170940 0.172560 0.173272 0.174759 0.174085 0.170808 0.168636 0.167680 0.166913 0.165174 0.165054 0.165177 0.166553 0.167741 0.172074 0.170439 0.169401 0.173011 0.172294 0.174569 0.177116 0.176476 0.176843 0.171901 0.168225 0.171869 0.173453 0.173461 0.172881 0.174439 0.176524 0.179128 0.183327 0.188558 0.193122 0.199679 0.195500 0.192192 0.186730 0.187218
-9999.0 -9999.0 -9999.0 -9999.0 -9999.0 -9999.0 -9999.0 -9999.0 -9999.0 -9999.0 -9999.0 -9999.0 -9999.0 -9999.0 -9999.0 -9999.0 -9999.0 -9999.0 -9999.0 0.170557 0.170098 0.169192 0.169629 0.166625 0.165381 0.166371 0.168147 0.167230 0.165435 0.163898 0.164093 0.164331 0.164037 0.166539 0.168688 0.169628 0.169479 0.173013 0.174320 0.176440 0.181424 0.178431 0.175370 0.173764 0.173609 0.172753 0.175554 0.176428 0.176838 0.176715 0.176972 0.177914 0.178692 0.183063 0.187343 0.191171 0.194917 0.199691 0.207471 0.204447 0.198439 0.192076 0.192105
-9999.0 -9999.0 -9999.0 -9999.0 -9999.0 -9999.0 -9999.0 -9999.0 -9999.0 -9999.0 -9999.0 -9999.0 -9999.0 -9999.0 -9999.0 -9999.0 0.169656 0.169418 0.168303 0.166546 0.164996 0.165017 0.166362 0.164133 0.163446 0.164065 0.163167 0.164440 0.165786 0.167358 0.168109 0.166534 0.166961 0.166931 0.167003 0.168119 0.172039 0.175826 0.177016 0.179838 0.184509 0.182132 0.181015 0.181114 0.179620 0.181128 0.187922 0.187151 0.184567 0.191755 0.195784 0.194771 0.194471 0.199554 0.207174 0.216860 0.231996 0.242896 0.254830 0.259676 0.249964 0.248087 0.251645
-9999.0 -9999.0 -9999.0 -9999.0 -9999.0 -9999.0 -9999.0 -9999.0 -9999.0 -9999.0 -9999.0 -9999.0 -9999.0 0.168385 0.168202 0.168653 0.165919 0.163703 0.162398 0.160612 0.163198 0.161512 0.161061 0.161585 0.163931 0.164124 0.164525 0.166105 0.165800 0.165265 0.164740 0.163495 0.165585 0.167754 0.169408 0.172623 0.175347 0.177679 0.181469 0.182629 0.185273 0.184552 0.181929 0.181398 0.183637 0.190163 0.195509 0.197679 0.206723 0.216442 0.221459 0.227544 0.230815 0.235425 0.245750 0.272217 0.303665 0.327754 0.339148 0.346869 0.347781 0.349116 0.350290
-9999.0 -9999.0 -9999.0 -9999.0 -9999.0 -9999.0 -9999.0 -9999.0 -9999.0 -9999.0 0.163465 0.164972 0.162704 0.158615 0.156911 0.157976 0.159115 0.157667 0.157870 0.162420 0.165041 0.161079 0.164054 0.164258 0.162653 0.163260 0.164620 0.165054 0.168056 0.168413 0.168702 0.173577 0.175176 0.176885 0.179142 0.181676 0.184101 0.192194 0.199385 0.200033 0.209520 0.215439 0.210984 0.209379 0.211031 0.218220 0.230011 0.246651 0.263020 0.285306 0.304686 0.317103 0.325649 0.334443 0.343434 0.352879 0.359375 0.363292 0.365881 0.367028 0.367423 0.367614 0.367857
-9999.0 -9999.0 -9999.0 -9999.0 -9999.0 -9999.0 -9999.0 -9999.0 0.157226 0.159631 0.161165 0.159272 0.156725 0.152236 0.154060 0.155883 0.157191 0.159090 0.160092 0.161004 0.160209 0.161885 0.164929 0.164390 0.164882 0.166961 0.167291 0.169297 0.172323 0.171498 0.173372 0.176411 0.179155 0.181688 0.184674 0.186852 0.195294 0.206699 0.219008 0.229813 0.244875 0.262480 0.262792 0.265887 0.269829 0.292444 0.320204 0.341733 0.352313 0.357665 0.361733 0.363573 0.364686 0.365897 0.367096 0.367915 0.368737 0.369393 0.369753 0.369883 0.369929 0.369943 0.369964
-9999.0 -9999.0 -9999.0 -9999.0 -9999.0 -9999.0 0.153454 0.158857 0.161531 0.155595 0.151048 0.149523 0.146888 0.152808 0.158129 0.159303 0.160258 0.161382 0.161073 0.157888 0.166285 0.164435 0.163126 0.165906 0.166017 0.166550 0.168514 0.172680 0.174972 0.183167 0.189595 0.195402 0.202882 0.207821 0.212991 0.219109 0.234483 0.257419 0.285926 0.313161 0.334556 0.348507 0.352379 0.354029 0.355582 0.358316 0.362377 0.365528 0.367766 0.368939 0.369432 0.369587 0.369701 0.369800 0.369885 0.369941 0.369972 0.369992 0.369999 0.370000 0.370000 0.370000 0.370000
-9999.0 -9999.0 -9999.0 -9999.0 0.155983 0.157300 0.156514 0.161354 0.164774 0.157590 0.160156 0.158885 0.156512 0.153745 0.150522 0.153121 0.154753 0.155947 0.155760 0.163978 0.171497 0.167545 0.171491 0.178945 0.177930 0.179130 0.180042 0.183991 0.190856 0.199835 0.218805 0.236911 0.250488 0.265644 0.280970 0.301246 0.327785 0.347839 0.356363 0.361579 0.365015 0.366961 0.367879 0.368243 0.368627 0.369004 0.369386 0.369724 0.369908 0.369982 0.369996 0.369999 0.369999 0.370000 0.370000 0.370000 0.370000 0.370000 0.370000 0.370000 0.370000 0.370000 0.370000
-9999.0 -9999.0 -9999.0 0.152455 0.157788 0.159996 0.157794 0.159035 0.163336 0.159534 0.158914 0.158301 0.157948 0.158104 0.157908 0.159590 0.160112 0.159282 0.160721 0.166130 0.169190 0.173983 0.178116 0.183986 0.189011 0.191330 0.194448 0.201674 0.218883 0.239800 0.276053 0.320133 0.343729 0.352552 0.356325 0.360164 0.363242 0.366359 0.368148 0.369117 0.369637 0.369856 0.369949 0.369968 0.369978 0.369986 0.369995 0.369999 0.370000 0.370000 0.370000 0.370000 0.370000 0.370000 0.370000 0.370000 0.370000 0.370000 0.370000 0.370000 0.370000 0.370000 0.370000
-9999.0 -9999.0 0.153032 0.156145 0.154377 0.158394 0.163003 0.160540 0.166004 0.167975 0.163127 0.166225 0.167969 0.165031 0.167327 0.169957 0.171427 0.167756 0.165411 0.171920 0.185912 0.198195 0.205627 0.234410 0.251996 0.263413 0.269502 0.287019 0.313991 0.343653 0.356497 0.363484 0.366930 0.368457 0.368886 0.369264 0.369632 0.369840 0.369951 0.369987 0.369998 0.370000 0.370000 0.370000 0.370000 0.370000 0.370000 0.370000 0.370000 0.370000 0.370000 0.370000 0.370000 0.370000 0.370000 0.370000 0.370000 0.370000 0.370000 0.370000 0.370000 0.370000 0.370000
-9999.0 -9999.0 0.149573 0.154555 0.151490 0.159448 0.167475 0.161142 0.163983 0.172255 0.170687 0.172124 0.171611 0.172477 0.176545 0.184022 0.180845 0.179630 0.172211 0.192273 0.211872 0.245924 0.303811 0.341247 0.353493 0.355243 0.356171 0.358892 0.362415 0.366695 0.368994 0.369796 0.369964 0.369992 0.369997 0.369999 0.370000 0.370000 0.370000 0.370000 0.370000 0.370000 0.370000 0.370000 0.370000 0.370000 0.370000 0.370000 0.370000 0.370000 0.370000 0.370000 0.370000 0.370000 0.370000 0.370000 0.370000 0.370000 0.370000 0.370000 0.370000 0.370000 0.370000
-9999.0 0.148019 0.150582 0.150989 0.156185 0.155174 0.161988 0.171930 0.172833 0.177189 0.178175 0.173916 0.193336 0.211310 0.218501 0.234014 0.228442 0.223984 0.214808 0.237270 0.278567 0.343450 0.364950 0.368483 0.369383 0.369477 0.369431 0.369632 0.369848 0.369970 0.369999 0.370000 0.370000 0.370000 0.370000 0.370000 0.370000 0.370000 0.370000 0.370000 0.370000 0.370000 0.370000 0.370000 0.370000 0.370000 0.370000 0.370000 0.370000 0.370000 0.370000 0.370000 0.370000 0.370000 0.370000 0.370000 0.370000 0.370000 0.370000 0.370000 0.370000 0.370000 0.370000
-9999.0 0.140881 0.150143 0.155918 0.154173 0.150799 0.165405 0.189277 0.183697 0.182831 0.183342 0.199222 0.247529 0.292783 0.320692 0.341356 0.340602 0.334384 0.335293 0.349765 0.360678 0.367828 0.369937 0.370000 0.370000 0.370000 0.370000 0.370000 0.370000 0.370000 0.370000 0.370000 0.370000 0.370000 0.370000 0.370000 0.370000 0.370000 0.370000 0.370000 0.370000 0.370000 0.370000 0.370000 0.370000 0.370000 0.370000 0.370000 0.370000 0.370000 0.370000 0.370000 0.370000 0.370000 0.370000 0.370000 0.370000 0.370000 0.370000 0.370000 0.370000 0.370000 0.370000
-9999.0 0.147897 0.158830 0.156246 0.147755 0.161264 0.168630 0.186892 0.202392 0.201625 0.223552 0.290848 0.345286 0.360180 0.365024 0.366848 0.367678 0.367636 0.368588 0.369646 0.369983 0.370000 0.370000 0.370000 0.370000 0.370000 0.370000 0.370000 0.370000 0.370000 0.370000 0.370000 0.370000 0.370000 0.370000 0.370000 0.370000 0.370000 0.370000 0.370000 0.370000 0.370000 0.370000 0.370000 0.370000 0.370000 0.370000 0.370000 0.370000 0.370000 0.370000 0.370000 0.370000 0.370000 0.370000 0.370000 0.370000 0.370000 0.369999 0.369998 0.369994 0.369988 0.369988
-9999.0 0.135533 0.150331 0.138139 0.155470 0.172637 0.172746 0.202392 0.240644 0.258801 0.332121 0.358038 0.366950 0.369076 0.369693 0.369931 0.369981 0.369996 0.370000 0.370000 0.370000 0.370000 0.370000 0.370000 0.370000 0.370000 0.370000 0.370000 0.370000 0.370000 0.370000 0.370000 0.370000 0.370000 0.370000 0.370000 0.370000 0.370000 0.370000 0.370000 0.370000 0.370000 0.370000 0.370000 0.370000 0.370000 0.370000 0.370000 0.370000 0.370000 0.370000 0.370000 0.369999 0.369999 0.369999 0.369998 0.369988 0.369968 0.369935 0.369878 0.369780 0.369570 0.369538
-9999.0 0.127280 0.136937 0.144337 0.159965 0.172607 0.186480 0.219841 0.293638 0.344665 0.361733 0.365964 0.368898 0.369827 0.369989 0.369999 0.370000 0.370000 0.370000 0.370000 0.370000 0.370000 0.370000 0.370000 0.370000 0.370000 0.370000 0.370000 0.370000 0.370000 0.370000 0.370000 0.370000 0.370000 0.370000 0.370000 0.370000 0.370000 0.370000 0.370000 0.370000 0.370000 0.370000 0.370000 0.369999 0.369999 0.369998 0.369996 0.369991 0.369985 0.369976 0.369966 0.369962 0.369953 0.369939 0.369908 0.369762 0.369478 0.369083 0.368444 0.366880 0.365879 0.365091
-9999.0 0.110883 0.140287 0.144181 0.153283 0.156754 0.160715 0.184259 0.226504 0.339390 0.367370 0.368304 0.368964 0.369628 0.369958 0.369998 0.369999 0.369991 0.369971 0.369960 0.369976 0.369993 0.369998 0.370000 0.370000 0.370000 0.370000 0.370000 0.369999 0.369998 0.369998 0.369997 0.369995 0.369995 0.369994 0.369995 0.369996 0.369991 0.369982 0.369963 0.369936 0.369907 0.369895 0.369897 0.369893 0.369877 0.369835 0.369763 0.369645 0.369502 0.369361 0.369246 0.369119 0.368920 0.368660 0.368326 0.367218 0.365835 0.363791 0.359750 0.352327 0.343140 0.337290
-9999.0 -9999.0 0.125792 0.144242 0.146676 0.149933 0.153203 0.170019 0.191771 0.266937 0.338314 0.356736 0.362836 0.366444 0.368861 0.369648 0.369710 0.369767 0.369496 0.369515 0.369609 0.369707 0.369813 0.369890 0.369935 0.369953 0.369958 0.369951 0.369925 0.369868 0.369766 0.369652 0.369559 0.369479 0.369570 0.369680 0.369658 0.369578 0.369416 0.369136 0.368832 0.368447 0.368338 0.368382 0.368381 0.368267 0.368048 0.367452 0.366684 0.365721 0.365171 0.364588 0.363978 0.362802 0.361447 0.359776 0.356210 0.351346 0.341081 0.313671 0.276643 0.246762 0.230072
-9999.0 -9999.0 0.108368 0.134266 0.147115 0.156742 0.155476 0.157230 0.181198 0.196099 0.220463 0.258587 0.299244 0.334824 0.349130 0.357781 0.360568 0.361664 0.361792 0.363015 0.364944 0.366449 0.367287 0.367915 0.368391 0.368703 0.368925 0.368638 0.368285 0.367622 0.366498 0.364786 0.363614 0.362907 0.363351 0.364103 0.363602 0.362510 0.360816 0.358597 0.356748 0.354821 0.354268 0.354056 0.354014 0.353534 0.352777 0.350243 0.345809 0.341275 0.336850 0.332495 0.329458 0.323102 0.314195 0.306422 0.288718 0.268464 0.250584 0.232397 0.214770 0.205137 0.196863
-9999.0 -9999.0 -9999.0 0.110922 0.126937 0.140378 0.146107 0.138469 0.143951 0.155761 0.165821 0.181692 0.192805 0.205478 0.224670 0.250001 0.265308 0.271151 0.273520 0.302722 0.320061 0.339841 0.349786 0.352608 0.354945 0.357065 0.357623 0.356164 0.354663 0.351716 0.344859 0.332449 0.322409 0.321872 0.321939 0.323903 0.319835 0.315090 0.304727 0.292885 0.281260 0.272487 0.269009 0.265876 0.264157 0.261607 0.258975 0.253667 0.247536 0.241953 0.237338 0.235782 0.234229 0.231621 0.228297 0.225768 0.222090 0.211645 0.203791 0.196528 0.189162 0.182787 0.177132
-9999.0 -9999.0 -9999.0 -9999.0 -9999.0 0.101845 0.132490 0.139842 0.140197 0.137582 0.141472 0.156373 0.155101 0.158170 0.165595 0.170399 0.173431 0.179492 0.190933 0.201946 0.216336 0.228952 0.245655 0.261119 0.269960 0.279926 0.283590 0.276138 0.268854 0.258230 0.242693 0.228765 0.226738 0.227506 0.227978 0.227470 0.224977 0.222956 0.220222 0.214294 0.209120 0.207786 0.206837 0.205687 0.204411 0.203441 0.202602 0.202119 0.198853 0.195946 0.197345 0.196728 0.196286 0.196322 0.194762 0.193766 0.193678 0.186063 0.181462 0.182049 0.175173 0.170550 0.170948
-9999.0 -9999.0 -9999.0 -9999.0 -9999.0 -9999.0 0.098998 0.116551 0.133198 0.138244 0.146156 0.152409 0.144455 0.147613 0.151193 0.155314 0.161662 0.162692 0.165823 0.170319 0.176537 0.180641 0.187909 0.197467 0.198758 0.201538 0.206366 0.201412 0.198442 0.196552 0.187154 0.188023 0.186522 0.187428 0.187743 0.188599 0.187272 0.186008 0.185244 0.181190 0.180814 0.179650 0.179141 0.178620 0.178073 0.177761 0.177727 0.177793 0.175414 0.176817 0.177419 0.176795 0.176469 0.176830 0.176081 0.174785 0.174847 0.171701 0.170920 0.170579 0.165485 0.165140 0.164495
