tests/Borden05m/sims/sim_1/output-maps/thetaliqL0008N0002.asc
ncols         160
nrows         34
xllcorner     620200.000000
yllcorner     5168000.000000
cellsize      0.500000
NODATA_value  -9999.0
[rows 0 to 27 of 34, columns 0 to 62 of 160]
-9999.0 -9999.0 -9999.0 -9999.0 -9999.0 -9999.0 -9999.0 -9999.0 -9999.0 -9999.0 -9999.0 -9999.0 -9999.0 -9999.0 -9999.0 -9999.0 -9999.0 -9999.0 -9999.0 -9999.0 -9999.0 -9999.0 -9999.0 -9999.0 -9999.0 -9999.0 -9999.0 -9999.0 -9999.0 -9999.0 -9999.0 -9999.0 -9999.0 -9999.0 -9999.0 -9999.0 -9999.0 -9999.0 -9999.0 -9999.0 -9999.0 -9999.0 -9999.0 -9999.0 -9999.0 -9999.0 -9999.0 -9999.0 -9999.0 -9999.0 -9999.0 -9999.0 -9999.0 -9999.0 -9999.0 -9999.0 -9999.0 -9999.0 -9999.0 -9999.0 -9999.0 -9999.0 -9999.0
-9999.0 -9999.0 -9999.0 -9999.0 -9999.0 -9999.0 -9999.0 -9999.0 -9999.0 -9999.0 -9999.0 -9999.0 -9999.0 -9999.0 -9999.0 -9999.0 -9999.0 -9999.0 -9999.0 -9999.0 -9999.0 -9999.0 -9999.0 -9999.0 -9999.0 -9999.0 -9999.0 -9999.0 -9999.0 -9999.0 -9999.0 -9999.0 -9999.0 -9999.0 -9999.0 -9999.0 -9999.0 -9999.0 -9999.0 -9999.0 -9999.0 -9999.0 -9999.0 -9999.0 -9999.0 -9999.0 -9999.0 -9999.0 -9999.0 -9999.0 -9999.0 -9999.0 -9999.0 -9999.0 -9999.0 -9999.0 -9999.0 -9999.0 -9999.0 0.369346 0.369224 0.369087 0.368939
-9999.0 -9999.0 -9999.0 -9999.0 -9999.0 -9999.0 -9999.0 -9999.0 -9999.0 -9999.0 -9999.0 -9999.0 -9999.0 -9999.0 -9999.0 -9999.0 -9999.0 -9999.0 -9999.0 -9999.0 -9999.0 -9999.0 -9999.0 -9999.0 -9999.0 -9999.0 -9999.0 -9999.0 -9999.0 -9999.0 -9999.0 -9999.0 -9999.0 -9999.0 -9999.0 -9999.0 -9999.0 -9999.0 -9999.0 -9999.0 -9999.0 -9999.0 -9999.0 -9999.0 -9999.0 -9999.0 -9999.0 0.357360 0.352901 0.347558 0.346916 0.353941 0.359281 0.363153 0.365510 0.367038 0.368130 0.368888 0.368984 0.368628 0.368435 0.368284 0.368173
-9999.0 -9999.0 -9999.0 -9999.0 -9999.0 -9999.0 -9999.0 -9999.0 -9999.0 -9999.0 -9999.0 -9999.0 -9999.0 -9999.0 -9999.0 -9999.0 -9999.0 -9999.0 -9999.0 -9999.0 -9999.0 -9999.0 -9999.0 -9999.0 -9999.0 -9999.0 -9999.0 -9999.0 -9999.0 -9999.0 -9999.0 -9999.0 -9999.0 -9999.0 -9999.0 -9999.0 -9999.0 -9999.0 -9999.0 -9999.0 0.365029 0.365612 0.365754 0.364600 0.363146 0.361326 0.357439 0.352904 0.347966 0.346874 0.347670 0.349499 0.355938 0.360871 0.363730 0.365634 0.367160 0.368259 0.368376 0.367841 0.367325 0.367016 0.367001
-9999.0 -9999.0 -9999.0 -9999.0 -9999.0 -9999.0 -9999.0 -9999.0 -9999.0 -9999.0 -9999.0 -9999.0 -9999.0 -9999.0 -9999.0 -9999.0 -9999.0 -9999.0 -9999.0 -9999.0 -9999.0 -9999.0 -9999.0 -9999.0 -9999.0 -9999.0 -9999.0 -9999.0 -9999.0 -9999.0 -9999.0 -9999.0 -9999.0 -9999.0 0.344463 0.350487 0.355475 0.359446 0.362252 0.363164 0.363918 0.364593 0.364088 0.363430 0.361722 0.358234 0.353357 0.348932 0.347927 0.346890 0.348284 0.352292 0.356536 0.359910 0.363216 0.365794 0.366542 0.367377 0.367545 0.367201 0.367241 0.367315 0.367392
-9999.0 -9999.0 -9999.0 -9999.0 -9999.0 -9999.0 -9999.0 -9999.0 -9999.0 -9999.0 -9999.0 -9999.0 -9999.0 -9999.0 -9999.0 -9999.0 -9999.0 -9999.0 -9999.0 -9999.0 -9999.0 -9999.0 -9999.0 -9999.0 -9999.0 -9999.0 -9999.0 -9999.0 0.346548 0.344283 0.342122 0.341362 0.340666 0.339995 0.342753 0.347268 0.352943 0.358138 0.360548 0.361689 0.362634 0.362700 0.361917 0.361496 0.361458 0.359279 0.356697 0.353856 0.350693 0.350194 0.352914 0.356360 0.359656 0.362096 0.364118 0.365506 0.366784 0.368072 0.368436 0.368145 0.367829 0.367606 0.367619
-9999.0 -9999.0 -9999.0 -9999.0 -9999.0 -9999.0 -9999.0 -9999.0 -9999.0 -9999.0 -9999.0 -9999.0 -9999.0 -9999.0 -9999.0 -9999.0 -9999.0 -9999.0 -9999.0 -9999.0 -9999.0 -9999.0 -9999.0 0.334754 0.337507 0.340216 0.343083 0.343295 0.341431 0.338867 0.337263 0.336345 0.335419 0.337227 0.340727 0.345926 0.351091 0.356737 0.358512 0.359749 0.361845 0.362103 0.362722 0.363211 0.362878 0.362417 0.360365 0.358560 0.359632 0.360678 0.361643 0.362675 0.364297 0.365873 0.367220 0.368314 0.369052 0.369464 0.369685 0.369608 0.369472 0.369243 0.369243
-9999.0 -9999.0 -9999.0 -9999.0 -9999.0 -9999.0 -9999.0 -9999.0 -9999.0 -9999.0 -9999.0 -9999.0 -9999.0 -9999.0 -9999.0 -9999.0 -9999.0 -9999.0 -9999.0 0.322003 0.322355 0.322748 0.325143 0.325553 0.326625 0.330155 0.334023 0.334803 0.333861 0.332812 0.333333 0.334373 0.336077 0.340921 0.346108 0.350668 0.354550 0.359191 0.361724 0.363666 0.365447 0.365230 0.364665 0.364326 0.364293 0.364291 0.364936 0.365273 0.365763 0.366236 0.366746 0.367311 0.367891 0.368672 0.369237 0.369586 0.369782 0.369892 0.369951 0.369941 0.369901 0.369833 0.369831
-9999.0 -9999.0 -9999.0 -9999.0 -9999.0 -9999.0 -9999.0 -9999.0 -9999.0 -9999.0 -9999.0 -9999.0 -9999.0 -9999.0 -9999.0 -9999.0 0.304443 0.305556 0.306757 0.310090 0.311446 0.313726 0.317723 0.318097 0.320157 0.323987 0.326496 0.330698 0.334295 0.337453 0.339801 0.340678 0.343568 0.346924 0.350656 0.354917 0.359671 0.363247 0.365120 0.366576 0.367662 0.367631 0.367511 0.367528 0.367533 0.367948 0.368709 0.368891 0.368975 0.369405 0.369616 0.369672 0.369737 0.369861 0.369948 0.369986 0.369998 0.370000 0.370000 0.370000 0.370000 0.370000 0.370000
-9999.0 -9999.0 -9999.0 -9999.0 -9999.0 -9999.0 -9999.0 -9999.0 -9999.0 -9999.0 -9999.0 -9999.0 -9999.0 0.271952 0.275069 0.281926 0.287779 0.289142 0.291706 0.295510 0.303767 0.305822 0.309634 0.314213 0.320773 0.325281 0.329909 0.335411 0.338958 0.341718 0.344265 0.346489 0.350846 0.354996 0.358529 0.362066 0.364809 0.366692 0.367975 0.368597 0.369031 0.369104 0.369030 0.369051 0.369237 0.369561 0.369767 0.369851 0.369939 0.369981 0.369992 0.369996 0.369998 0.369999 0.370000 0.370000 0.370000 0.370000 0.370000 0.370000 0.370000 0.370000 0.370000
-9999.0 -9999.0 -9999.0 -9999.0 -9999.0 -9999.0 -9999.0 -9999.0 -9999.0 -9999.0 0.243769 0.245763 0.242756 0.243256 0.246679 0.255948 0.266156 0.271329 0.279681 0.294680 0.306227 0.308157 0.317247 0.322727 0.326015 0.331303 0.337261 0.342514 0.348626 0.352342 0.355562 0.359926 0.362544 0.364570 0.366231 0.367573 0.368549 0.369373 0.369738 0.369840 0.369940 0.369969 0.369961 0.369960 0.369972 0.369989 0.369998 0.370000 0.370000 0.370000 0.370000 0.370000 0.370000 0.370000 0.370000 0.370000 0.370000 0.370000 0.370000 0.370000 0.370000 0.370000 0.370000
-9999.0 -9999.0 -9999.0 -9999.0 -9999.0 -9999.0 -9999.0 -9999.0 0.224841 0.230047 0.234918 0.232247 0.228187 0.225404 0.235361 0.247741 0.260206 0.273267 0.285138 0.297769 0.308082 0.318184 0.328630 0.334195 0.339259 0.345049 0.349535 0.354558 0.359252 0.361748 0.364299 0.366393 0.367676 0.368492 0.369063 0.369440 0.369781 0.369944 0.369990 0.369998 0.370000 0.370000 0.370000 0.370000 0.370000 0.370000 0.370000 0.370000 0.370000 0.370000 0.370000 0.370000 0.370000 0.370000 0.370000 0.370000 0.370000 0.370000 0.370000 0.370000 0.370000 0.370000 0.370000
-9999.0 -9999.0 -9999.0 -9999.0 -9999.0 -9999.0 0.205532 0.223814 0.235287 0.228816 0.222310 0.219490 0.216564 0.230942 0.247642 0.260737 0.273493 0.286300 0.297694 0.307447 0.328169 0.335772 0.341905 0.348907 0.352889 0.356286 0.359804 0.363464 0.365947 0.368117 0.369151 0.369623 0.369850 0.369931 0.369970 0.369989 0.369999 0.370000 0.370000 0.370000 0.370000 0.370000 0.370000 0.370000 0.370000 0.370000 0.370000 0.370000 0.370000 0.370000 0.370000 0.370000 0.370000 0.370000 0.370000 0.370000 0.370000 0.370000 0.370000 0.370000 0.370000 0.370000 0.370000
-9999.0 -9999.0 -9999.0 -9999.0 0.182403 0.196636 0.211648 0.235620 0.253618 0.248854 0.254506 0.254640 0.253268 0.254701 0.258693 0.272409 0.285441 0.297870 0.310123 0.331634 0.348506 0.353291 0.359404 0.364271 0.365664 0.366831 0.367761 0.368744 0.369460 0.369837 0.369981 0.369999 0.370000 0.370000 0.370000 0.370000 0.370000 0.370000 0.370000 0.370000 0.370000 0.370000 0.370000 0.370000 0.370000 0.370000 0.370000 0.370000 0.370000 0.370000 0.370000 0.370000 0.370000 0.370000 0.370000 0.370000 0.370000 0.370000 0.370000 0.370000 0.370000 0.370000 0.370000
-9999.0 -9999.0 -9999.0 0.154948 0.177152 0.202130 0.222851 0.247363 0.272374 0.277146 0.283067 0.287659 0.292270 0.298257 0.304821 0.314834 0.322551 0.328776 0.338326 0.351477 0.359974 0.364852 0.367486 0.368839 0.369392 0.369622 0.369783 0.369914 0.369988 0.369999 0.370000 0.370000 0.370000 0.370000 0.370000 0.370000 0.370000 0.370000 0.370000 0.370000 0.370000 0.370000 0.370000 0.370000 0.370000 0.370000 0.370000 0.370000 0.370000 0.370000 0.370000 0.370000 0.370000 0.370000 0.370000 0.370000 0.370000 0.370000 0.370000 0.370000 0.370000 0.370000 0.370000
-9999.0 -9999.0 0.133620 0.150097 0.169480 0.204209 0.245020 0.271510 0.301727 0.317863 0.321722 0.331515 0.339132 0.342331 0.348315 0.353384 0.356458 0.356934 0.359317 0.364663 0.368489 0.369643 0.369890 0.369994 0.370000 0.370000 0.370000 0.370000 0.370000 0.370000 0.370000 0.370000 0.370000 0.370000 0.370000 0.370000 0.370000 0.370000 0.370000 0.370000 0.370000 0.370000 0.370000 0.370000 0.370000 0.370000 0.370000 0.370000 0.370000 0.370000 0.370000 0.370000 0.370000 0.370000 0.370000 0.370000 0.370000 0.370000 0.370000 0.370000 0.370000 0.370000 0.370000
-9999.0 -9999.0 0.124406 0.141746 0.163723 0.210956 0.270539 0.298712 0.325614 0.345511 0.351565 0.357420 0.361015 0.363622 0.366085 0.367735 0.367929 0.368032 0.367945 0.369555 0.369954 0.369999 0.370000 0.370000 0.370000 0.370000 0.370000 0.370000 0.370000 0.370000 0.370000 0.370000 0.370000 0.370000 0.370000 0.370000 0.370000 0.370000 0.370000 0.370000 0.370000 0.370000 0.370000 0.370000 0.370000 0.370000 0.370000 0.370000 0.370000 0.370000 0.370000 0.370000 0.370000 0.370000 0.370000 0.370000 0.370000 0.370000 0.370000 0.370000 0.370000 0.370000 0.370000
-9999.0 0.101553 0.113786 0.131838 0.166178 0.213531 0.282343 0.333890 0.352477 0.361531 0.365119 0.366771 0.369191 0.369839 0.369946 0.369988 0.369986 0.369984 0.369974 0.369998 0.370000 0.370000 0.370000 0.370000 0.370000 0.370000 0.370000 0.370000 0.370000 0.370000 0.370000 0.370000 0.370000 0.370000 0.370000 0.370000 0.370000 0.370000 0.370000 0.370000 0.370000 0.370000 0.370000 0.370000 0.370000 0.370000 0.370000 0.370000 0.370000 0.370000 0.370000 0.370000 0.370000 0.370000 0.370000 0.370000 0.370000 0.370000 0.370000 0.370000 0.370000 0.370000 0.370000
-9999.0 0.095511 0.107360 0.129324 0.163237 0.216526 0.304914 0.359330 0.365661 0.367974 0.369038 0.369770 0.369997 0.370000 0.370000 0.370000 0.370000 0.370000 0.370000 0.370000 0.370000 0.370000 0.370000 0.370000 0.370000 0.370000 0.370000 0.370000 0.370000 0.370000 0.370000 0.370000 0.370000 0.370000 0.370000 0.370000 0.370000 0.370000 0.370000 0.370000 0.370000 0.370000 0.370000 0.370000 0.370000 0.370000 0.370000 0.370000 0.370000 0.370000 0.370000 0.370000 0.370000 0.370000 0.370000 0.370000 0.370000 0.370000 0.370000 0.370000 0.370000 0.370000 0.370000
-9999.0 0.092052 0.104014 0.121745 0.153167 0.239919 0.327501 0.364875 0.369444 0.369832 0.369978 0.370000 0.370000 0.370000 0.370000 0.370000 0.370000 0.370000 0.370000 0.370000 0.370000 0.370000 0.370000 0.370000 0.370000 0.370000 0.370000 0.370000 0.370000 0.370000 0.370000 0.370000 0.370000 0.370000 0.370000 0.370000 0.370000 0.370000 0.370000 0.370000 0.370000 0.370000 0.370000 0.370000 0.370000 0.370000 0.370000 0.370000 0.370000 0.370000 0.370000 0.370000 0.370000 0.370000 0.370000 0.370000 0.370000 0.370000 0.370000 0.370000 0.370000 0.370000 0.370000
-9999.0 0.082931 0.091809 0.102450 0.147800 0.261225 0.340624 0.368533 0.369992 0.370000 0.370000 0.370000 0.370000 0.370000 0.370000 0.370000 0.370000 0.370000 0.370000 0.370000 0.370000 0.370000 0.370000 0.370000 0.370000 0.370000 0.370000 0.370000 0.370000 0.370000 0.370000 0.370000 0.370000 0.370000 0.370000 0.370000 0.370000 0.370000 0.370000 0.370000 0.370000 0.370000 0.370000 0.370000 0.370000 0.370000 0.370000 0.370000 0.370000 0.370000 0.370000 0.370000 0.370000 0.370000 0.370000 0.370000 0.370000 0.370000 0.370000 0.370000 0.370000 0.370000 0.370000
-9999.0 0.077675 0.082812 0.095090 0.136532 0.240378 0.340516 0.369082 0.370000 0.370000 0.370000 0.370000 0.370000 0.370000 0.370000 0.370000 0.370000 0.370000 0.370000 0.370000 0.370000 0.370000 0.370000 0.370000 0.370000 0.370000 0.370000 0.370000 0.370000 0.370000 0.370000 0.370000 0.370000 0.370000 0.370000 0.370000 0.370000 0.370000 0.370000 0.370000 0.370000 0.370000 0.370000 0.370000 0.370000 0.370000 0.370000 0.370000 0.370000 0.370000 0.370000 0.370000 0.370000 0.370000 0.370000 0.370000 0.370000 0.370000 0.370000 0.370000 0.370000 0.370000 0.370000
-9999.0 0.074209 0.079284 0.088039 0.113084 0.173963 0.278308 0.360181 0.369847 0.370000 0.370000 0.370000 0.370000 0.370000 0.370000 0.370000 0.370000 0.370000 0.370000 0.370000 0.370000 0.370000 0.370000 0.370000 0.370000 0.370000 0.370000 0.370000 0.370000 0.370000 0.370000 0.370000 0.370000 0.370000 0.370000 0.370000 0.370000 0.370000 0.370000 0.370000 0.370000 0.370000 0.370000 0.370000 0.370000 0.370000 0.370000 0.370000 0.370000 0.370000 0.370000 0.370000 0.370000 0.370000 0.370000 0.370000 0.370000 0.370000 0.370000 0.370000 0.370000 0.370000 0.370000
-9999.0 -9999.0 0.075860 0.082318 0.095743 0.128517 0.199300 0.317523 0.365693 0.369995 0.370000 0.370000 0.370000 0.370000 0.370000 0.370000 0.370000 0.370000 0.370000 0.370000 0.370000 0.370000 0.370000 0.370000 0.370000 0.370000 0.370000 0.370000 0.370000 0.370000 0.370000 0.370000 0.370000 0.370000 0.370000 0.370000 0.370000 0.370000 0.370000 0.370000 0.370000 0.370000 0.370000 0.370000 0.370000 0.370000 0.370000 0.370000 0.370000 0.370000 0.370000 0.370000 0.370000 0.370000 0.370000 0.370000 0.370000 0.370000 0.370000 0.370000 0.370000 0.370000 0.369997
-9999.0 -9999.0 0.073153 0.077214 0.085865 0.105266 0.140672 0.206832 0.324900 0.363359 0.369423 0.369984 0.370000 0.370000 0.370000 0.370000 0.370000 0.370000 0.370000 0.370000 0.370000 0.370000 0.370000 0.370000 0.370000 0.370000 0.370000 0.370000 0.370000 0.370000 0.370000 0.370000 0.370000 0.370000 0.370000 0.370000 0.370000 0.370000 0.370000 0.370000 0.370000 0.370000 0.370000 0.370000 0.370000 0.370000 0.370000 0.370000 0.370000 0.370000 0.370000 0.370000 0.370000 0.370000 0.370000 0.370000 0.370000 0.370000 0.370000 0.369998 0.369972 0.369883 0.369629
-9999.0 -9999.0 -9999.0 0.074283 0.078573 0.085120 0.097941 0.116026 0.156926 0.235378 0.311808 0.354499 0.365307 0.368646 0.369714 0.369964 0.369995 0.369999 0.370000 0.370000 0.370000 0.370000 0.370000 0.370000 0.370000 0.370000 0.370000 0.370000 0.370000 0.370000 0.370000 0.370000 0.370000 0.370000 0.370000 0.370000 0.370000 0.370000 0.370000 0.370000 0.370000 0.370000 0.370000 0.370000 0.370000 0.370000 0.370000 0.370000 0.370000 0.369999 0.369999 0.369999 0.369998 0.369997 0.369995 0.369992 0.369985 0.369943 0.369836 0.369586 0.368935 0.367570 0.365174
-9999.0 -9999.0 -9999.0 -9999.0 -9999.0 0.075687 0.081083 0.089737 0.102124 0.120693 0.155988 0.220918 0.259583 0.297162 0.329890 0.348096 0.358247 0.364473 0.368171 0.369424 0.369883 0.369975 0.369997 0.370000 0.370000 0.370000 0.370000 0.370000 0.370000 0.370000 0.369999 0.369994 0.369992 0.369992 0.369992 0.369991 0.369988 0.369983 0.369976 0.369952 0.369919 0.369899 0.369880 0.369859 0.369833 0.369809 0.369783 0.369757 0.369674 0.369596 0.369606 0.369572 0.369534 0.369496 0.369386 0.369237 0.369025 0.368123 0.366856 0.365585 0.361571 0.356031 0.350620
-9999.0 -9999.0 -9999.0 -9999.0 -9999.0 -9999.0 0.074074 0.077785 0.082672 0.090437 0.104359 0.123920 0.135818 0.157914 0.188652 0.228754 0.274114 0.305771 0.330203 0.347827 0.359216 0.364660 0.367632 0.369074 0.369403 0.369581 0.369716 0.369628 0.369504 0.369353 0.368872 0.368764 0.368552 0.368548 0.368530 0.368517 0.368295 0.368029 0.367752 0.367142 0.366794 0.366339 0.365980 0.365610 0.365192 0.364810 0.364515 0.364223 0.363532 0.363718 0.363780 0.363575 0.363288 0.362956 0.362035 0.360637 0.359100 0.355569 0.351833 0.347339 0.337636 0.328548 0.317447
