tests/Borden05m/sims/sim_1/output-maps/thetaliqL0002N0007.asc
ncols         160
nrows         34
xllcorner     620200.000000
yllcorner     5168000.000000
cellsize      0.500000
NODATA_value  -9999.0
[rows 0 to 27 of 34, columns 0 to 62 of 160]
-9999.0 -9999.0 -9999.0 -9999.0 -9999.0 -9999.0 -9999.0 -9999.0 -9999.0 -9999.0 -9999.0 -9999.0 -9999.0 -9999.0 -9999.0 -9999.0 -9999.0 -9999.0 -9999.0 -9999.0 -9999.0 -9999.0 -9999.0 -9999.0 -9999.0 -9999.0 -9999.0 -9999.0 -9999.0 -9999.0 -9999.0 -9999.0 -9999.0 -9999.0 -9999.0 -9999.0 -9999.0 -9999.0 -9999.0 -9999.0 -9999.0 -9999.0 -9999.0 -9999.0 -9999.0 -9999.0 -9999.0 -9999.0 -9999.0 -9999.0 -9999.0 -9999.0 -9999.0 -9999.0 -9999.0 -9999.0 -9999.0 -9999.0 -9999.0 -9999.0 -9999.0 -9999.0 -9999.0
-9999.0 -9999.0 -9999.0 -9999.0 -9999.0 -9999.0 -9999.0 -9999.0 -9999.0 -9999.0 -9999.0 -9999.0 -9999.0 -9999.0 -9999.0 -9999.0 -9999.0 -9999.0 -9999.0 -9999.0 -9999.0 -9999.0 -9999.0 -9999.0 -9999.0 -9999.0 -9999.0 -9999.0 -9999.0 -9999.0 -9999.0 -9999.0 -9999.0 -9999.0 -9999.0 -9999.0 -9999.0 -9999.0 -9999.0 -9999.0 -9999.0 -9999.0 -9999.0 -9999.0 -9999.0 -9999.0 -9999.0 -9999.0 -9999.0 -9999.0 -9999.0 -9999.0 -9999.0 -9999.0 -9999.0 -9999.0 -9999.0 -9999.0 -9999.0 0.272022 0.270842 0.270139 0.269888
-9999.0 -9999.0 -9999.0 -9999.0 -9999.0 -9999.0 -9999.0 -9999.0 -9999.0 -9999.0 -9999.0 -9999.0 -9999.0 -9999.0 -9999.0 -9999.0 -9999.0 -9999.0 -9999.0 -9999.0 -9999.0 -9999.0 -9999.0 -9999.0 -9999.0 -9999.0 -9999.0 -9999.0 -9999.0 -9999.0 -9999.0 -9999.0 -9999.0 -9999.0 -9999.0 -9999.0 -9999.0 -9999.0 -9999.0 -9999.0 -9999.0 -9999.0 -9999.0 -9999.0 -9999.0 -9999.0 -9999.0 0.266093 0.262052 0.257050 0.255541 0.261018 0.263027 0.264728 0.265587 0.266301 0.267773 0.271146 0.270632 0.264800 0.264460 0.264541 0.264999
-9999.0 -9999.0 -9999.0 -9999.0 -9999.0 -9999.0 -9999.0 -9999.0 -9999.0 -9999.0 -9999.0 -9999.0 -9999.0 -9999.0 -9999.0 -9999.0 -9999.0 -9999.0 -9999.0 -9999.0 -9999.0 -9999.0 -9999.0 -9999.0 -9999.0 -9999.0 -9999.0 -9999.0 -9999.0 -9999.0 -9999.0 -9999.0 -9999.0 -9999.0 -9999.0 -9999.0 -9999.0 -9999.0 -9999.0 -9999.0 0.263825 0.265712 0.267373 0.264808 0.263985 0.264654 0.262110 0.258957 0.255605 0.256847 0.256844 0.253959 0.257453 0.260054 0.260498 0.260720 0.262767 0.266872 0.266367 0.262096 0.259636 0.258945 0.259614
-9999.0 -9999.0 -9999.0 -9999.0 -9999.0 -9999.0 -9999.0 -9999.0 -9999.0 -9999.0 -9999.0 -9999.0 -9999.0 -9999.0 -9999.0 -9999.0 -9999.0 -9999.0 -9999.0 -9999.0 -9999.0 -9999.0 -9999.0 -9999.0 -9999.0 -9999.0 -9999.0 -9999.0 -9999.0 -9999.0 -9999.0 -9999.0 -9999.0 -9999.0 0.257254 0.260715 0.261924 0.262992 0.264908 0.263783 0.262793 0.264409 0.262913 0.263043 0.261416 0.258172 0.254934 0.253215 0.255648 0.254979 0.254858 0.256448 0.257171 0.257046 0.259049 0.262592 0.259882 0.260353 0.259542 0.257785 0.259747 0.261299 0.262260
-9999.0 -9999.0 -9999.0 -9999.0 -9999.0 -9999.0 -9999.0 -9999.0 -9999.0 -9999.0 -9999.0 -9999.0 -9999.0 -9999.0 -9999.0 -9999.0 -9999.0 -9999.0 -9999.0 -9999.0 -9999.0 -9999.0 -9999.0 -9999.0 -9999.0 -9999.0 -9999.0 -9999.0 0.263124 0.261725 0.260679 0.260804 0.260284 0.258167 0.257406 0.257443 0.259005 0.261739 0.261851 0.261142 0.261150 0.260292 0.258153 0.258042 0.260636 0.258699 0.257972 0.256768 0.253163 0.252217 0.254179 0.255906 0.257216 0.257094 0.256711 0.255947 0.255576 0.260204 0.261122 0.258331 0.256999 0.256495 0.256994
-9999.0 -9999.0 -9999.0 -9999.0 -9999.0 -9999.0 -9999.0 -9999.0 -9999.0 -9999.0 -9999.0 -9999.0 -9999.0 -9999.0 -9999.0 -9999.0 -9999.0 -9999.0 -9999.0 -9999.0 -9999.0 -9999.0 -9999.0 0.261156 0.262440 0.262825 0.263910 0.263235 0.260312 0.258515 0.257766 0.257121 0.255529 0.255231 0.254954 0.255603 0.255892 0.258806 0.256683 0.255234 0.257858 0.257051 0.258974 0.261182 0.260744 0.261343 0.257438 0.254497 0.257657 0.258783 0.258376 0.257311 0.257859 0.258591 0.259502 0.261495 0.264152 0.266186 0.270366 0.267181 0.265273 0.261511 0.262023
-9999.0 -9999.0 -9999.0 -9999.0 -9999.0 -9999.0 -9999.0 -9999.0 -9999.0 -9999.0 -9999.0 -9999.0 -9999.0 -9999.0 -9999.0 -9999.0 -9999.0 -9999.0 -9999.0 0.261833 0.261368 0.260467 0.260715 0.257783 0.256499 0.257167 0.258538 0.257577 0.255931 0.254544 0.254684 0.254816 0.254363 0.256253 0.257645 0.257803 0.256842 0.258946 0.259201 0.260215 0.263753 0.261046 0.258524 0.257212 0.257090 0.256240 0.258439 0.258989 0.258953 0.258301 0.257930 0.258086 0.257857 0.260165 0.261929 0.262943 0.263685 0.265333 0.269796 0.267448 0.263773 0.259666 0.259713
-9999.0 -9999.0 -9999.0 -9999.0 -9999.0 -9999.0 -9999.0 -9999.0 -9999.0 -9999.0 -9999.0 -9999.0 -9999.0 -9999.0 -9999.0 -9999.0 0.262015 0.261732 0.260595 0.258719 0.257143 0.257031 0.258084 0.255905 0.255102 0.255431 0.254369 0.255258 0.256235 0.257438 0.257906 0.256278 0.256327 0.255815 0.255252 0.255421 0.257811 0.259863 0.259732 0.261058 0.264059 0.261803 0.260934 0.261012 0.259527 0.260169 0.264852 0.263406 0.260385 0.264997 0.267077 0.265360 0.264103 0.266434 0.269889 0.273972 0.281563 0.285750 0.291100 0.293121 0.287095 0.286317 0.288203
-9999.0 -9999.0 -9999.0 -9999.0 -9999.0 -9999.0 -9999.0 -9999.0 -9999.0 -9999.0 -9999.0 -9999.0 -9999.0 0.262188 0.261899 0.262071 0.259193 0.256998 0.255625 0.253719 0.255828 0.254086 0.253440 0.253680 0.255534 0.255393 0.255408 0.256433 0.255760 0.254914 0.254071 0.252525 0.253813 0.255021 0.255618 0.257328 0.258309 0.258721 0.260349 0.259932 0.260888 0.259758 0.257574 0.256992 0.258210 0.262176 0.264657 0.264588 0.269549 0.274572 0.276429 0.279336 0.280102 0.281010 0.284302 0.295963 0.312176 0.325632 0.332976 0.340461 0.341042 0.342538 0.343566
-9999.0 -9999.0 -9999.0 -9999.0 -9999.0 -9999.0 -9999.0 -9999.0 -9999.0 -9999.0 0.258355 0.259753 0.257658 0.253686 0.251923 0.252668 0.253435 0.251840 0.251725 0.255517 0.257485 0.253535 0.255884 0.255708 0.253903 0.254052 0.254795 0.254598 0.256616 0.256270 0.255791 0.259161 0.259545 0.259959 0.260688 0.261360 0.261493 0.265732 0.268988 0.267332 0.272564 0.275629 0.271915 0.270426 0.270685 0.273998 0.279526 0.287017 0.292922 0.304897 0.316223 0.322529 0.326462 0.330772 0.336253 0.352256 0.368877 0.369823 0.369954 0.369976 0.369980 0.369980 0.369982
-9999.0 -9999.0 -9999.0 -9999.0 -9999.0 -9999.0 -9999.0 -9999.0 0.252858 0.255050 0.256402 0.254644 0.252288 0.247972 0.249479 0.250890 0.251765 0.253157 0.253669 0.253998 0.252686 0.253713 0.255897 0.254869 0.254818 0.256105 0.255712 0.256623 0.258207 0.256339 0.256650 0.257722 0.258522 0.259136 0.259993 0.259838 0.263900 0.269218 0.274725 0.279230 0.285841 0.293990 0.292252 0.292974 0.293643 0.306358 0.321119 0.335031 0.351286 0.368199 0.369752 0.369907 0.369942 0.369964 0.369983 0.369996 0.370000 0.370000 0.370000 0.370000 0.370000 0.370000 0.370000
-9999.0 -9999.0 -9999.0 -9999.0 -9999.0 -9999.0 0.249704 0.254479 0.256747 0.251161 0.246891 0.245473 0.242941 0.248386 0.253091 0.253805 0.254284 0.254873 0.254068 0.250449 0.257237 0.254740 0.252759 0.254420 0.253764 0.253461 0.254251 0.256572 0.256833 0.261559 0.264211 0.266156 0.269463 0.270890 0.272471 0.274403 0.281285 0.290687 0.303009 0.317569 0.329621 0.341924 0.346940 0.350719 0.358188 0.368472 0.369759 0.369951 0.369995 0.370000 0.370000 0.370000 0.370000 0.370000 0.370000 0.370000 0.370000 0.370000 0.370000 0.370000 0.370000 0.370000 0.370000
-9999.0 -9999.0 -9999.0 -9999.0 0.252765 0.253684 0.252527 0.256570 0.259329 0.252512 0.254850 0.253612 0.251349 0.248580 0.245262 0.247346 0.248436 0.249050 0.248211 0.254680 0.259931 0.255138 0.257237 0.262085 0.259938 0.259829 0.259276 0.260659 0.263586 0.267026 0.276936 0.285172 0.289323 0.294577 0.300729 0.311554 0.324695 0.341356 0.363183 0.369500 0.369914 0.369975 0.369988 0.369994 0.369999 0.370000 0.370000 0.370000 0.370000 0.370000 0.370000 0.370000 0.370000 0.370000 0.370000 0.370000 0.370000 0.370000 0.370000 0.370000 0.370000 0.370000 0.370000
-9999.0 -9999.0 -9999.0 0.250040 0.254679 0.256165 0.253464 0.253961 0.257296 0.253428 0.252588 0.251793 0.251242 0.251118 0.250587 0.251635 0.251619 0.250330 0.250813 0.254122 0.254725 0.256666 0.257685 0.259839 0.261694 0.261730 0.262352 0.265372 0.274374 0.282767 0.299535 0.321871 0.337344 0.349148 0.361810 0.369140 0.369792 0.369966 0.369998 0.370000 0.370000 0.370000 0.370000 0.370000 0.370000 0.370000 0.370000 0.370000 0.370000 0.370000 0.370000 0.370000 0.370000 0.370000 0.370000 0.370000 0.370000 0.370000 0.370000 0.370000 0.370000 0.370000 0.370000
-9999.0 -9999.0 0.251201 0.253783 0.251545 0.254573 0.257898 0.254608 0.258627 0.259599 0.254610 0.256817 0.257710 0.254424 0.255741 0.257272 0.257984 0.254315 0.251313 0.254772 0.263019 0.268542 0.269539 0.284691 0.291403 0.295523 0.296722 0.305693 0.318051 0.338417 0.364921 0.369599 0.369944 0.369991 0.369999 0.370000 0.370000 0.370000 0.370000 0.370000 0.370000 0.370000 0.370000 0.370000 0.370000 0.370000 0.370000 0.370000 0.370000 0.370000 0.370000 0.370000 0.370000 0.370000 0.370000 0.370000 0.370000 0.370000 0.370000 0.370000 0.370000 0.370000 0.370000
-9999.0 -9999.0 0.248084 0.252481 0.248877 0.255455 0.261388 0.254012 0.255128 0.261057 0.258472 0.258424 0.256425 0.255674 0.257538 0.262379 0.259097 0.257845 0.250714 0.263760 0.273390 0.288864 0.318464 0.338444 0.353096 0.355530 0.359207 0.367818 0.369489 0.369929 0.369998 0.370000 0.370000 0.370000 0.370000 0.370000 0.370000 0.370000 0.370000 0.370000 0.370000 0.370000 0.370000 0.370000 0.370000 0.370000 0.370000 0.370000 0.370000 0.370000 0.370000 0.370000 0.370000 0.370000 0.370000 0.370000 0.370000 0.370000 0.370000 0.370000 0.370000 0.370000 0.370000
-9999.0 0.247349 0.249439 0.249276 0.253460 0.251190 0.255581 0.262064 0.260312 0.261795 0.260532 0.254335 0.266556 0.276603 0.278249 0.286289 0.281486 0.278690 0.270930 0.281787 0.302175 0.344274 0.369510 0.369960 0.369994 0.369996 0.369997 0.370000 0.370000 0.370000 0.370000 0.370000 0.370000 0.370000 0.370000 0.370000 0.370000 0.370000 0.370000 0.370000 0.370000 0.370000 0.370000 0.370000 0.370000 0.370000 0.370000 0.370000 0.370000 0.370000 0.370000 0.370000 0.370000 0.370000 0.370000 0.370000 0.370000 0.370000 0.370000 0.370000 0.370000 0.370000 0.370000
-9999.0 0.240453 0.249245 0.254215 0.251560 0.246812 0.257803 0.274398 0.265209 0.261148 0.257967 0.265549 0.291950 0.316183 0.328187 0.342027 0.339177 0.332256 0.331429 0.348537 0.368140 0.369884 0.370000 0.370000 0.370000 0.370000 0.370000 0.370000 0.370000 0.370000 0.370000 0.370000 0.370000 0.370000 0.370000 0.370000 0.370000 0.370000 0.370000 0.370000 0.370000 0.370000 0.370000 0.370000 0.370000 0.370000 0.370000 0.370000 0.370000 0.370000 0.370000 0.370000 0.370000 0.370000 0.370000 0.370000 0.370000 0.370000 0.370000 0.370000 0.370000 0.370000 0.370000
-9999.0 0.247715 0.257889 0.254802 0.245521 0.256472 0.259297 0.268717 0.274069 0.267347 0.276767 0.313889 0.355140 0.369558 0.369945 0.369973 0.369978 0.369958 0.369975 0.369998 0.370000 0.370000 0.370000 0.370000 0.370000 0.370000 0.370000 0.370000 0.370000 0.370000 0.370000 0.370000 0.370000 0.370000 0.370000 0.370000 0.370000 0.370000 0.370000 0.370000 0.370000 0.370000 0.370000 0.370000 0.370000 0.370000 0.370000 0.370000 0.370000 0.370000 0.370000 0.370000 0.370000 0.370000 0.370000 0.370000 0.370000 0.370000 0.370000 0.370000 0.370000 0.370000 0.370000
-9999.0 0.235833 0.250262 0.237500 0.253585 0.266758 0.261699 0.277772 0.293926 0.293670 0.337950 0.369302 0.369998 0.370000 0.370000 0.370000 0.370000 0.370000 0.370000 0.370000 0.370000 0.370000 0.370000 0.370000 0.370000 0.370000 0.370000 0.370000 0.370000 0.370000 0.370000 0.370000 0.370000 0.370000 0.370000 0.370000 0.370000 0.370000 0.370000 0.370000 0.370000 0.370000 0.370000 0.370000 0.370000 0.370000 0.370000 0.370000 0.370000 0.370000 0.370000 0.370000 0.370000 0.370000 0.370000 0.370000 0.370000 0.370000 0.370000 0.370000 0.370000 0.370000 0.370000
-9999.0 0.227528 0.237303 0.244333 0.258382 0.267470 0.274755 0.291186 0.324185 0.347929 0.369430 0.369998 0.370000 0.370000 0.370000 0.370000 0.370000 0.370000 0.370000 0.370000 0.370000 0.370000 0.370000 0.370000 0.370000 0.370000 0.370000 0.370000 0.370000 0.370000 0.370000 0.370000 0.370000 0.370000 0.370000 0.370000 0.370000 0.370000 0.370000 0.370000 0.370000 0.370000 0.370000 0.370000 0.370000 0.370000 0.370000 0.370000 0.370000 0.370000 0.370000 0.370000 0.370000 0.370000 0.370000 0.370000 0.370000 0.370000 0.370000 0.370000 0.369996 0.369981 0.369967
-9999.0 0.209268 0.241078 0.244464 0.252599 0.254065 0.254363 0.267736 0.286001 0.346594 0.369967 0.370000 0.370000 0.370000 0.370000 0.370000 0.370000 0.370000 0.370000 0.370000 0.370000 0.370000 0.370000 0.370000 0.370000 0.370000 0.370000 0.370000 0.370000 0.370000 0.370000 0.370000 0.370000 0.370000 0.370000 0.370000 0.370000 0.370000 0.370000 0.370000 0.370000 0.370000 0.370000 0.370000 0.370000 0.370000 0.370000 0.370000 0.370000 0.370000 0.370000 0.370000 0.370000 0.370000 0.370000 0.370000 0.369999 0.369984 0.369905 0.369183 0.352759 0.336598 0.334947
-9999.0 -9999.0 0.226174 0.244921 0.246631 0.248648 0.249793 0.261146 0.270683 0.310419 0.348436 0.369391 0.369955 0.369994 0.370000 0.370000 0.370000 0.370000 0.370000 0.370000 0.370000 0.370000 0.370000 0.370000 0.370000 0.370000 0.370000 0.370000 0.370000 0.370000 0.370000 0.370000 0.370000 0.370000 0.370000 0.370000 0.370000 0.370000 0.370000 0.370000 0.370000 0.370000 0.369999 0.369999 0.369999 0.369998 0.369997 0.369994 0.369988 0.369978 0.369974 0.369968 0.369960 0.369931 0.369856 0.369497 0.363817 0.347026 0.334390 0.317296 0.299047 0.286477 0.279873
-9999.0 -9999.0 0.206310 0.235180 0.247711 0.256318 0.253832 0.253692 0.271387 0.276658 0.286957 0.307638 0.325575 0.341911 0.361813 0.369554 0.369877 0.369925 0.369938 0.369950 0.369974 0.369987 0.369994 0.369998 0.370000 0.370000 0.370000 0.370000 0.369999 0.369996 0.369984 0.369957 0.369935 0.369919 0.369929 0.369945 0.369934 0.369905 0.369838 0.369609 0.368416 0.360642 0.356212 0.355006 0.354788 0.353399 0.351340 0.346199 0.340347 0.336542 0.333659 0.330960 0.329479 0.325682 0.320483 0.315804 0.304671 0.295934 0.289778 0.282573 0.274240 0.270933 0.267784
-9999.0 -9999.0 -9999.0 0.209293 0.227265 0.241158 0.246223 0.237709 0.242114 0.251303 0.257247 0.266974 0.271938 0.277122 0.286272 0.303154 0.311196 0.312587 0.311033 0.323769 0.328561 0.339124 0.348853 0.354346 0.362929 0.368395 0.368935 0.366970 0.360748 0.351179 0.340584 0.331118 0.325830 0.326171 0.326328 0.327960 0.325756 0.323602 0.318231 0.311586 0.303712 0.297637 0.296157 0.294924 0.294532 0.293608 0.292881 0.290820 0.288532 0.286238 0.284038 0.283732 0.283243 0.282174 0.280751 0.279946 0.278884 0.273764 0.270606 0.267708 0.264736 0.262089 0.259468
-9999.0 -9999.0 -9999.0 -9999.0 -9999.0 0.197856 0.233332 0.240327 0.240101 0.236707 0.239488 0.252341 0.249643 0.250797 0.255532 0.257812 0.258266 0.261130 0.267779 0.272978 0.279899 0.284277 0.290948 0.296999 0.300244 0.306132 0.308087 0.303072 0.299190 0.294649 0.287839 0.280847 0.280877 0.281724 0.282145 0.281918 0.280728 0.280026 0.278972 0.275637 0.272579 0.272273 0.272101 0.271694 0.271142 0.270797 0.270551 0.270689 0.268790 0.266962 0.268336 0.268074 0.267981 0.268360 0.267663 0.267591 0.268606 0.264020 0.261801 0.263874 0.259782 0.257275 0.258923
-9999.0 -9999.0 -9999.0 -9999.0 -9999.0 -9999.0 0.194104 0.215913 0.233932 0.238686 0.245991 0.251476 0.243089 0.245648 0.248272 0.251046 0.255583 0.254962 0.256166 0.258247 0.261367 0.262389 0.265846 0.271000 0.270180 0.271216 0.274363 0.270756 0.269239 0.268861 0.262441 0.264004 0.263239 0.264129 0.264472 0.265349 0.264638 0.264021 0.263856 0.260979 0.261152 0.260577 0.260474 0.260332 0.260166 0.260169 0.260363 0.260649 0.258827 0.260128 0.260674 0.260206 0.260062 0.260596 0.260348 0.259715 0.260373 0.258441 0.258591 0.259092 0.255453 0.256023 0.256234
