tests/Borden05m/sims/sim_1/output-maps/thetaliqL0005N0016.asc
ncols         160
nrows         34
xllcorner     620200.000000
yllcorner     5168000.000000
cellsize      0.500000
NODATA_value  -9999.0
[rows 0 to 27 of 34, columns 63 to 125 of 160]
-9999.0 -9999.0 -9999.0 -9999.0 -9999.0 -9999.0 -9999.0 -9999.0 -9999.0 -9999.0 -9999.0 -9999.0 -9999.0 -9999.0 -9999.0 -9999.0 -9999.0 -9999.0 -9999.0 -9999.0 -9999.0 -9999.0 -9999.0 -9999.0 -9999.0 -9999.0 -9999.0 -9999.0 -9999.0 -9999.0 -9999.0 -9999.0 -9999.0 -9999.0 -9999.0 -9999.0 -9999.0 -9999.0 -9999.0 -9999.0 -9999.0 -9999.0 -9999.0 -9999.0 -9999.0 -9999.0 -9999.0 -9999.0 -9999.0 -9999.0 -9999.0 -9999.0 -9999.0 -9999.0 -9999.0 -9999.0 -9999.0 -9999.0 -9999.0 -9999.0 -9999.0 -9999.0 -9999.0
0.147610 0.143720 0.139885 0.138637 0.138560 0.138025 0.137272 0.139322 0.142322 0.145196 0.148465 0.148824 0.149638 0.150809 0.151084 0.150440 0.148867 0.147529 0.146110 0.146361 0.142304 0.137154 0.133362 0.132402 0.134850 0.136771 0.137209 0.139553 0.144214 0.148853 0.151930 0.157566 0.159047 0.161638 0.164180 0.161820 0.160464 0.159524 0.158548 0.152383 -9999.0 -9999.0 -9999.0 -9999.0 -9999.0 -9999.0 -9999.0 -9999.0 -9999.0 -9999.0 -9999.0 -9999.0 -9999.0 -9999.0 -9999.0 -9999.0 -9999.0 -9999.0 -9999.0 -9999.0 -9999.0 -9999.0 -9999.0
0.139586 0.135616 0.133857 0.131320 0.130402 0.130205 0.129696 0.130974 0.135218 0.138630 0.140248 0.140504 0.140947 0.140541 0.140071 0.140033 0.138733 0.137363 0.135995 0.135682 0.136916 0.133535 0.131561 0.130111 0.129140 0.129958 0.130712 0.131467 0.135668 0.138558 0.141356 0.148093 0.154541 0.156991 0.155209 0.152506 0.151751 0.149862 0.146077 0.142235 0.139518 0.137316 0.135927 0.133878 0.136820 0.138335 0.142711 0.147015 0.152293 0.158807 -9999.0 -9999.0 -9999.0 -9999.0 -9999.0 -9999.0 -9999.0 -9999.0 -9999.0 -9999.0 -9999.0 -9999.0 -9999.0
0.133905 0.132396 0.130095 0.127530 0.131019 0.130971 0.131009 0.132047 0.133502 0.134182 0.135140 0.136892 0.141021 0.141528 0.141457 0.141546 0.140696 0.139253 0.138819 0.137762 0.134939 0.134955 0.135433 0.135155 0.137991 0.138461 0.139634 0.135159 0.136401 0.138687 0.141041 0.143465 0.146050 0.148210 0.146219 0.146662 0.143402 0.137700 0.134293 0.132382 0.133422 0.133658 0.131004 0.125088 0.128343 0.135953 0.136779 0.137101 0.142323 0.147896 0.154067 0.154205 0.153862 0.154154 0.154053 0.147391 0.141889 0.137217 0.129684 -9999.0 -9999.0 -9999.0 -9999.0
0.134167 0.132100 0.130308 0.136514 0.140250 0.139864 0.140941 0.142732 0.142275 0.134912 0.133206 0.136846 0.141263 0.143605 0.142861 0.142449 0.141384 0.141050 0.141255 0.140107 0.141043 0.142319 0.141966 0.144529 0.147413 0.149377 0.144065 0.139190 0.139406 0.143411 0.147176 0.150289 0.156149 0.163859 0.162869 0.160112 0.156810 0.152089 0.141490 0.133170 0.129619 0.127785 0.125545 0.126065 0.125140 0.130406 0.130633 0.130572 0.134176 0.137985 0.142263 0.145040 0.144766 0.145116 0.145084 0.141918 0.136558 0.132402 0.128572 0.122667 0.115602 0.107370 0.107604
0.132300 0.133236 0.139433 0.144913 0.152392 0.152106 0.152912 0.152622 0.146570 0.141391 0.138771 0.147168 0.155629 0.159627 0.159000 0.158589 0.164896 0.162978 0.161304 0.157261 0.158808 0.159841 0.167822 0.172169 0.176736 0.175141 0.166911 0.160036 0.159083 0.159960 0.160265 0.163317 0.169797 0.177139 0.173319 0.169333 0.165224 0.149248 0.136744 0.131009 0.133942 0.135810 0.134514 0.134134 0.133438 0.129638 0.130116 0.130306 0.129326 0.134567 0.140194 0.141439 0.137745 0.136205 0.136674 0.134366 0.132128 0.128042 0.123856 0.120047 0.111367 0.111879 0.108604
0.150937 0.154765 0.161065 0.171546 0.188501 0.189009 0.191361 0.195715 0.186884 0.177967 0.168178 0.179609 0.185321 0.191688 0.193703 0.204562 0.214503 0.209046 0.200571 0.192045 0.197693 0.211256 0.225400 0.230631 0.233376 0.235088 0.225778 0.221151 0.217883 0.217454 0.212380 0.213697 0.224637 0.241003 0.242001 0.231048 0.211367 0.184202 0.161644 0.149729 0.155312 0.152080 0.149753 0.149153 0.142277 0.137616 0.139834 0.135447 0.132477 0.138665 0.140652 0.140731 0.136516 0.141297 0.138693 0.131713 0.126262 0.122364 0.119199 0.115702 0.115692 0.113700 0.110725
0.173815 0.179026 0.192837 0.214459 0.240865 0.256852 0.268150 0.278579 0.270571 0.259934 0.248339 0.251570 0.266120 0.280715 0.295295 0.309844 0.322194 0.318490 0.310785 0.309205 0.313324 0.327376 0.337555 0.341135 0.343020 0.345649 0.343236 0.338614 0.332175 0.324596 0.316842 0.311188 0.323494 0.333880 0.331973 0.310736 0.283824 0.247087 0.210783 0.180528 0.176729 0.178223 0.178941 0.168535 0.160649 0.150564 0.146208 0.143827 0.136387 0.139313 0.141470 0.147089 0.154041 0.154756 0.146452 0.139934 0.133296 0.127253 0.122997 0.123384 0.123017 0.119984 0.117568
0.291335 0.297535 0.311945 0.337354 0.354515 0.361421 0.364719 0.365220 0.364304 0.363058 0.360638 0.359209 0.361696 0.363662 0.365071 0.366078 0.366872 0.367305 0.367249 0.367249 0.367395 0.367602 0.367903 0.368191 0.368441 0.368680 0.368734 0.368433 0.368071 0.367580 0.367045 0.366854 0.366740 0.367123 0.367056 0.365632 0.362576 0.355874 0.340306 0.313621 0.286478 0.283461 0.266127 0.247609 0.225292 0.191835 0.178683 0.169544 0.150070 0.147717 0.154364 0.163550 0.169169 0.158249 0.150478 0.142749 0.135074 0.127788 0.127336 0.128501 0.128380 0.126765 0.126247
0.364750 0.365297 0.365945 0.367891 0.369114 0.369657 0.369861 0.369906 0.369867 0.369810 0.369719 0.369614 0.369618 0.369748 0.369855 0.369920 0.369948 0.369955 0.369952 0.369952 0.369955 0.369960 0.369964 0.369971 0.369979 0.369988 0.369995 0.369993 0.369983 0.369965 0.369928 0.369899 0.369883 0.369856 0.369852 0.369844 0.369645 0.369229 0.368278 0.366478 0.364398 0.361346 0.356502 0.348762 0.322519 0.280078 0.240738 0.209739 0.182279 0.175674 0.199044 0.222184 0.210955 0.202110 0.189626 0.173166 0.159398 0.145980 0.144308 0.144147 0.142022 0.139644 0.137260
0.369849 0.369882 0.369916 0.369963 0.369994 0.370000 0.370000 0.370000 0.370000 0.370000 0.370000 0.370000 0.370000 0.370000 0.370000 0.370000 0.370000 0.370000 0.370000 0.370000 0.370000 0.370000 0.370000 0.370000 0.370000 0.370000 0.370000 0.370000 0.370000 0.370000 0.370000 0.370000 0.370000 0.370000 0.370000 0.370000 0.370000 0.369998 0.369984 0.369887 0.369669 0.369323 0.368987 0.368482 0.367757 0.364982 0.362228 0.355087 0.338349 0.311470 0.330227 0.319368 0.305498 0.284386 0.254973 0.228798 0.205358 0.184340 0.178255 0.175810 0.171328 0.168372 0.163705
0.370000 0.370000 0.370000 0.370000 0.370000 0.370000 0.370000 0.370000 0.370000 0.370000 0.370000 0.370000 0.370000 0.370000 0.370000 0.370000 0.370000 0.370000 0.370000 0.370000 0.370000 0.370000 0.370000 0.370000 0.370000 0.370000 0.370000 0.370000 0.370000 0.370000 0.370000 0.370000 0.370000 0.370000 0.370000 0.370000 0.370000 0.370000 0.370000 0.370000 0.369999 0.369992 0.369977 0.369954 0.369929 0.369895 0.369816 0.369555 0.368687 0.366991 0.365983 0.365011 0.363126 0.357430 0.346041 0.329226 0.294404 0.253987 0.228320 0.219940 0.212541 0.204717 0.195433
0.370000 0.370000 0.370000 0.370000 0.370000 0.370000 0.370000 0.370000 0.370000 0.370000 0.370000 0.370000 0.370000 0.370000 0.370000 0.370000 0.370000 0.370000 0.370000 0.370000 0.370000 0.370000 0.370000 0.370000 0.370000 0.370000 0.370000 0.370000 0.370000 0.370000 0.370000 0.370000 0.370000 0.370000 0.370000 0.370000 0.370000 0.370000 0.370000 0.370000 0.370000 0.370000 0.370000 0.370000 0.370000 0.370000 0.370000 0.369998 0.369989 0.369938 0.369743 0.369617 0.369369 0.368743 0.367906 0.367015 0.363985 0.356992 0.344992 0.333816 0.311949 0.286006 0.264713
0.370000 0.370000 0.370000 0.370000 0.370000 0.370000 0.370000 0.370000 0.370000 0.370000 0.370000 0.370000 0.370000 0.370000 0.370000 0.370000 0.370000 0.370000 0.370000 0.370000 0.370000 0.370000 0.370000 0.370000 0.370000 0.370000 0.370000 0.370000 0.370000 0.370000 0.370000 0.370000 0.370000 0.370000 0.370000 0.370000 0.370000 0.370000 0.370000 0.370000 0.370000 0.370000 0.370000 0.370000 0.370000 0.370000 0.370000 0.370000 0.370000 0.370000 0.369998 0.369992 0.369983 0.369971 0.369952 0.369911 0.369686 0.369059 0.367958 0.366683 0.364060 0.359514 0.351722
0.370000 0.370000 0.370000 0.370000 0.370000 0.370000 0.370000 0.370000 0.370000 0.370000 0.370000 0.370000 0.370000 0.370000 0.370000 0.370000 0.370000 0.370000 0.370000 0.370000 0.370000 0.370000 0.370000 0.370000 0.370000 0.370000 0.370000 0.370000 0.370000 0.370000 0.370000 0.370000 0.370000 0.370000 0.370000 0.370000 0.370000 0.370000 0.370000 0.370000 0.370000 0.370000 0.370000 0.370000 0.370000 0.370000 0.370000 0.370000 0.370000 0.370000 0.370000 0.370000 0.370000 0.370000 0.370000 0.370000 0.369997 0.369975 0.369889 0.369716 0.369376 0.368770 0.367787
0.370000 0.370000 0.370000 0.370000 0.370000 0.370000 0.370000 0.370000 0.370000 0.370000 0.370000 0.370000 0.370000 0.370000 0.370000 0.370000 0.370000 0.370000 0.370000 0.370000 0.370000 0.370000 0.370000 0.370000 0.370000 0.370000 0.370000 0.370000 0.370000 0.370000 0.370000 0.370000 0.370000 0.370000 0.370000 0.370000 0.370000 0.370000 0.370000 0.370000 0.370000 0.370000 0.370000 0.370000 0.370000 0.370000 0.370000 0.370000 0.370000 0.370000 0.370000 0.370000 0.370000 0.370000 0.370000 0.370000 0.370000 0.370000 0.369999 0.369993 0.369968 0.369909 0.369783
0.370000 0.370000 0.370000 0.370000 0.370000 0.370000 0.370000 0.370000 0.370000 0.370000 0.370000 0.370000 0.370000 0.370000 0.370000 0.370000 0.370000 0.370000 0.370000 0.370000 0.370000 0.370000 0.370000 0.370000 0.370000 0.370000 0.370000 0.370000 0.370000 0.370000 0.370000 0.370000 0.370000 0.370000 0.370000 0.370000 0.370000 0.370000 0.370000 0.370000 0.370000 0.370000 0.370000 0.370000 0.370000 0.370000 0.370000 0.370000 0.370000 0.370000 0.370000 0.370000 0.370000 0.370000 0.370000 0.370000 0.370000 0.370000 0.370000 0.370000 0.370000 0.369999 0.369995
0.370000 0.370000 0.370000 0.370000 0.370000 0.370000 0.370000 0.370000 0.370000 0.370000 0.370000 0.370000 0.370000 0.370000 0.370000 0.370000 0.369999 0.369999 0.369999 0.370000 0.370000 0.370000 0.369999 0.369998 0.369997 0.369996 0.369996 0.369998 0.370000 0.370000 0.370000 0.370000 0.370000 0.370000 0.370000 0.370000 0.370000 0.370000 0.370000 0.370000 0.370000 0.370000 0.370000 0.370000 0.370000 0.370000 0.370000 0.370000 0.370000 0.370000 0.370000 0.370000 0.370000 0.370000 0.370000 0.370000 0.370000 0.370000 0.370000 0.370000 0.370000 0.370000 0.370000
0.370000 0.370000 0.370000 0.370000 0.370000 0.370000 0.369999 0.369998 0.369997 0.369997 0.369994 0.369990 0.369980 0.369956 0.369910 0.369843 0.369814 0.369786 0.369753 0.369823 0.369848 0.369834 0.369786 0.369726 0.369689 0.369663 0.369700 0.369804 0.369875 0.369920 0.369936 0.369921 0.369936 0.369950 0.369952 0.369977 0.369990 0.369997 0.370000 0.370000 0.370000 0.370000 0.370000 0.370000 0.370000 0.370000 0.370000 0.370000 0.370000 0.370000 0.370000 0.370000 0.370000 0.370000 0.370000 0.370000 0.370000 0.370000 0.370000 0.370000 0.370000 0.370000 0.370000
0.370000 0.370000 0.370000 0.369989 0.369950 0.369897 0.369787 0.369709 0.369621 0.369300 0.369002 0.368763 0.368791 0.368391 0.367638 0.366808 0.366334 0.365964 0.365119 0.364763 0.365116 0.365871 0.365328 0.365007 0.365224 0.365022 0.364839 0.365572 0.366619 0.367141 0.367611 0.368006 0.368211 0.368476 0.369154 0.369431 0.369629 0.369806 0.369914 0.369968 0.369988 0.369995 0.369998 0.370000 0.370000 0.370000 0.370000 0.370000 0.370000 0.370000 0.370000 0.370000 0.370000 0.370000 0.370000 0.370000 0.370000 0.370000 0.370000 0.370000 0.370000 0.370000 0.370000
0.369980 0.369962 0.369811 0.369355 0.368547 0.367627 0.366141 0.364789 0.361962 0.355341 0.348474 0.348413 0.350373 0.348263 0.340123 0.330029 0.320831 0.309850 0.294707 0.285017 0.293359 0.302277 0.304011 0.304665 0.307639 0.307941 0.307075 0.307258 0.318629 0.327070 0.334931 0.340868 0.345987 0.355895 0.361775 0.364437 0.366364 0.367658 0.368646 0.369284 0.369603 0.369753 0.369869 0.369940 0.369977 0.369993 0.369999 0.370000 0.370000 0.370000 0.370000 0.370000 0.370000 0.370000 0.370000 0.370000 0.370000 0.370000 0.370000 0.370000 0.370000 0.370000 0.370000
0.369094 0.368114 0.365632 0.360934 0.353240 0.341099 0.322197 0.297363 0.266119 0.236371 0.217778 0.224777 0.230935 0.238434 0.224489 0.212328 0.206942 0.195615 0.185374 0.175264 0.182328 0.188230 0.199182 0.200348 0.201991 0.206636 0.204812 0.203453 0.198641 0.206522 0.213894 0.223541 0.246852 0.272679 0.298570 0.319401 0.337061 0.350357 0.359025 0.363973 0.366529 0.367746 0.368583 0.369192 0.369544 0.369754 0.369892 0.369967 0.369991 0.369997 0.370000 0.370000 0.370000 0.370000 0.370000 0.370000 0.370000 0.370000 0.370000 0.370000 0.370000 0.370000 0.370000
0.348808 0.330177 0.289867 0.259751 0.237278 0.215155 0.197937 0.184040 0.167425 0.155493 0.143593 0.146754 0.153244 0.161962 0.155709 0.153560 0.153203 0.147677 0.141866 0.135299 0.136734 0.143085 0.151058 0.152806 0.155369 0.159696 0.159686 0.156047 0.150355 0.152756 0.158901 0.166342 0.179058 0.193153 0.208290 0.223293 0.242737 0.266126 0.292216 0.319922 0.341684 0.352463 0.360259 0.364752 0.366737 0.367618 0.368403 0.369191 0.369540 0.369768 0.369896 0.369950 0.369989 0.369999 0.370000 0.370000 0.370000 0.370000 0.370000 0.370000 0.370000 0.370000 0.370000
0.209513 0.184970 0.171757 0.161919 0.153103 0.145485 0.138015 0.131547 0.125984 0.119848 0.112691 0.115073 0.119674 0.124931 0.125332 0.124469 0.124175 0.122054 0.117845 0.112737 0.115248 0.119786 0.124482 0.126941 0.128651 0.131264 0.129721 0.126169 0.122208 0.124694 0.129776 0.134337 0.140385 0.148766 0.158229 0.168588 0.180915 0.194694 0.212439 0.233458 0.257867 0.283805 0.310223 0.333211 0.343775 0.351392 0.356613 0.361768 0.364872 0.366784 0.368120 0.368985 0.369578 0.369895 0.369984 0.369999 0.370000 0.370000 0.370000 0.370000 0.370000 0.370000 0.370000
0.150954 0.139165 0.131522 0.126347 0.125255 0.122041 0.116967 0.115192 0.112019 0.106459 0.107423 0.108852 0.113235 0.113018 0.112951 0.111909 0.112270 0.111232 0.106600 0.108769 0.110383 0.114221 0.116016 0.117730 0.118983 0.120000 0.119424 0.115792 0.116596 0.118330 0.122578 0.124676 0.128404 0.135188 0.140083 0.146806 0.155624 0.165821 0.178177 0.193217 0.212352 0.231991 0.250295 0.260170 0.272693 0.282745 0.281431 0.301289 0.320414 0.336981 0.351292 0.359820 0.364984 0.367977 0.369372 0.369855 0.369973 0.369998 0.370000 0.370000 0.370000 0.370000 0.370000
0.120532 0.113847 0.108548 0.108611 0.107731 0.106521 0.104910 0.103151 0.100760 0.102417 0.102499 0.102359 0.102360 0.102584 0.103000 0.102595 0.102329 0.102462 0.104214 0.104741 0.104742 0.106187 0.107609 0.109054 0.108913 0.109487 0.109809 0.110617 0.110815 0.110936 0.113191 0.114967 0.117124 0.120671 0.124317 0.128832 0.135374 0.142396 0.151167 0.163346 0.177940 0.189973 0.195417 0.202893 0.206485 0.202956 0.199654 0.208064 0.219457 0.231615 0.255344 0.283166 0.314515 0.350425 0.363810 0.367833 0.369205 0.369753 0.369928 0.369982 0.369997 0.370000 0.370000
0.108300 0.103953 0.102135 0.102376 0.101818 0.101160 0.099246 0.097629 0.098572 0.098881 0.098709 0.098201 0.098847 0.099232 0.100078 0.099459 0.099185 0.099491 0.099877 0.100114 0.101097 0.102114 0.103192 0.105755 0.105272 0.105573 0.106542 0.106530 0.106625 0.106609 0.108689 0.110238 0.111723 0.114687 0.117628 0.121192 0.126025 0.132810 0.143045 0.153287 0.165608 0.177375 0.181796 0.184382 0.182955 0.179827 0.171452 0.171455 0.180115 0.181549 0.191644 0.208473 0.219350 0.263157 0.319686 0.348118 0.361322 0.366407 0.368830 0.369492 0.369830 0.369957 0.369993
0.100199 0.099229 0.097342 0.096997 0.096453 0.095489 0.094487 0.095189 0.095027 0.094882 0.094893 0.094598 0.095115 0.095613 0.096123 0.095996 0.096059 0.095570 0.095803 0.096811 0.097277 0.098249 0.099868 0.101897 0.101495 0.101696 0.102082 0.102072 0.102393 0.102268 0.103857 0.105437 0.106645 0.109411 0.111906 0.113733 0.118701 0.126030 0.134590 0.142724 0.152929 0.165647 0.165575 0.166004 0.166335 0.158789 0.150348 0.148712 0.150858 0.150507 0.156100 0.162363 0.167597 0.187827 0.211794 0.243221 0.289196 0.338984 0.360094 0.365643 0.368043 0.369191 0.369675
