tests/Borden05m/sims/sim_1/output-maps/thetaliqL0007N0009.asc
ncols         160
nrows         34
xllcorner     620200.000000
yllcorner     5168000.000000
cellsize      0.500000
NODATA_value  -9999.0
[rows 0 to 27 of 34, columns 63 to 125 of 160]
-9999.0 -9999.0 -9999.0 -9999.0 -9999.0 -9999.0 -9999.0 -9999.0 -9999.0 -9999.0 -9999.0 -9999.0 -9999.0 -9999.0 -9999.0 -9999.0 -9999.0 -9999.0 -9999.0 -9999.0 -9999.0 -9999.0 -9999.0 -9999.0 -9999.0 -9999.0 -9999.0 -9999.0 -9999.0 -9999.0 -9999.0 -9999.0 -9999.0 -9999.0 -9999.0 -9999.0 -9999.0 -9999.0 -9999.0 -9999.0 -9999.0 -9999.0 -9999.0 -9999.0 -9999.0 -9999.0 -9999.0 -9999.0 -9999.0 -9999.0 -9999.0 -9999.0 -9999.0 -9999.0 -9999.0 -9999.0 -9999.0 -9999.0 -9999.0 -9999.0 -9999.0 -9999.0 -9999.0
0.317321 0.311324 0.305346 0.302468 0.301722 0.301002 0.300639 0.304300 0.309602 0.314490 0.318944 0.320325 0.321729 0.323072 0.323360 0.322567 0.320615 0.318600 0.316461 0.315527 0.310042 0.302135 0.295603 0.293532 0.296867 0.300157 0.301986 0.306331 0.313647 0.320509 0.325557 0.331869 0.334605 0.337101 0.338656 0.336903 0.335318 0.333641 0.331426 0.325601 -9999.0 -9999.0 -9999.0 -9999.0 -9999.0 -9999.0 -9999.0 -9999.0 -9999.0 -9999.0 -9999.0 -9999.0 -9999.0 -9999.0 -9999.0 -9999.0 -9999.0 -9999.0 -9999.0 -9999.0 -9999.0 -9999.0 -9999.0
0.306873 0.300587 0.296519 0.292332 0.290988 0.290838 0.290765 0.293825 0.300852 0.306352 0.309532 0.311066 0.312608 0.312722 0.312380 0.312072 0.310120 0.307790 0.305428 0.304158 0.304062 0.298628 0.294749 0.292344 0.291545 0.293365 0.295073 0.297221 0.304185 0.309943 0.315438 0.323971 0.330713 0.333415 0.332320 0.329814 0.327967 0.324618 0.319069 0.312602 0.305549 0.300550 0.296812 0.293217 0.297825 0.302444 0.309655 0.316413 0.323709 0.330396 -9999.0 -9999.0 -9999.0 -9999.0 -9999.0 -9999.0 -9999.0 -9999.0 -9999.0 -9999.0 -9999.0 -9999.0 -9999.0
0.297990 0.295054 0.291383 0.288310 0.293857 0.294633 0.295387 0.297619 0.300075 0.301470 0.303379 0.306978 0.312860 0.314481 0.314751 0.314776 0.313566 0.311508 0.310300 0.308410 0.304825 0.304216 0.304547 0.304651 0.308304 0.309312 0.310125 0.305297 0.307565 0.311828 0.316335 0.320802 0.325029 0.327819 0.326230 0.325570 0.320923 0.312512 0.304913 0.298852 0.296984 0.294832 0.289312 0.280255 0.285689 0.297424 0.300935 0.303756 0.311969 0.319753 0.325689 0.326747 0.326592 0.326424 0.325028 0.316879 0.307408 0.297146 0.283260 -9999.0 -9999.0 -9999.0 -9999.0
0.299507 0.297159 0.296143 0.305332 0.311660 0.312643 0.314408 0.316399 0.315380 0.307050 0.305103 0.310904 0.317625 0.321216 0.321247 0.321182 0.320331 0.319670 0.319292 0.317734 0.318484 0.320133 0.320743 0.323890 0.327125 0.328599 0.323568 0.317939 0.318151 0.322761 0.327292 0.331331 0.336906 0.342218 0.341698 0.339222 0.335138 0.328137 0.314309 0.300850 0.293411 0.288781 0.283723 0.283080 0.281754 0.289870 0.291422 0.292842 0.299367 0.306710 0.313468 0.317165 0.316944 0.316700 0.315255 0.309182 0.299058 0.288260 0.275576 0.255367 0.232404 0.210925 0.210350
0.303916 0.306381 0.315320 0.323834 0.332242 0.333547 0.334765 0.334574 0.329321 0.323370 0.320612 0.329331 0.337261 0.341022 0.341502 0.341948 0.345446 0.344577 0.343355 0.340901 0.342026 0.343459 0.348100 0.350714 0.352798 0.352201 0.348290 0.344119 0.343214 0.343858 0.344533 0.346793 0.350556 0.353781 0.352384 0.349903 0.345990 0.332912 0.316632 0.305241 0.305941 0.306427 0.303442 0.301368 0.298758 0.293162 0.293017 0.292799 0.292595 0.301457 0.309906 0.312257 0.308353 0.306005 0.304510 0.298335 0.290384 0.278788 0.265413 0.250282 0.227479 0.221708 0.215726
0.332499 0.336689 0.342807 0.350067 0.357162 0.358249 0.359260 0.360170 0.357855 0.354670 0.350980 0.355480 0.357950 0.360055 0.360946 0.363091 0.364590 0.363997 0.362734 0.361186 0.362353 0.364463 0.366130 0.366704 0.366976 0.367030 0.366237 0.365694 0.365323 0.365266 0.364761 0.365048 0.366209 0.367413 0.367402 0.366447 0.363746 0.356734 0.345057 0.334465 0.336162 0.332985 0.329883 0.327395 0.319006 0.311519 0.311266 0.304827 0.300424 0.308399 0.312459 0.313735 0.309756 0.313366 0.308198 0.295586 0.282420 0.269986 0.258270 0.246201 0.240136 0.232609 0.226591
0.354307 0.356923 0.361202 0.365071 0.367542 0.368454 0.368897 0.369198 0.368984 0.368583 0.368055 0.368293 0.368876 0.369307 0.369589 0.369777 0.369881 0.369851 0.369779 0.369757 0.369802 0.369913 0.369964 0.369976 0.369981 0.369987 0.369980 0.369965 0.369938 0.369900 0.369851 0.369810 0.369904 0.369955 0.369946 0.369800 0.369385 0.367987 0.364500 0.357979 0.356032 0.355450 0.354715 0.349644 0.343474 0.334330 0.328044 0.322695 0.313049 0.315835 0.319502 0.325853 0.331222 0.330756 0.321454 0.310361 0.296711 0.282306 0.270843 0.267062 0.262954 0.255216 0.250098
0.369481 0.369611 0.369799 0.369962 0.369999 0.370000 0.370000 0.370000 0.370000 0.370000 0.370000 0.370000 0.370000 0.370000 0.370000 0.370000 0.370000 0.370000 0.370000 0.370000 0.370000 0.370000 0.370000 0.370000 0.370000 0.370000 0.370000 0.370000 0.370000 0.370000 0.370000 0.370000 0.370000 0.370000 0.370000 0.370000 0.370000 0.370000 0.369972 0.369794 0.369414 0.369305 0.368775 0.367814 0.365909 0.360321 0.355176 0.349374 0.336363 0.333637 0.338921 0.344984 0.347608 0.341040 0.333007 0.322300 0.308804 0.294060 0.288890 0.287748 0.285285 0.280705 0.278540
0.370000 0.370000 0.370000 0.370000 0.370000 0.370000 0.370000 0.370000 0.370000 0.370000 0.370000 0.370000 0.370000 0.370000 0.370000 0.370000 0.370000 0.370000 0.370000 0.370000 0.370000 0.370000 0.370000 0.370000 0.370000 0.370000 0.370000 0.370000 0.370000 0.370000 0.370000 0.370000 0.370000 0.370000 0.370000 0.370000 0.370000 0.370000 0.370000 0.370000 0.370000 0.370000 0.370000 0.369994 0.369881 0.369285 0.367682 0.364480 0.358768 0.356846 0.361934 0.365253 0.363926 0.361873 0.358023 0.350712 0.340685 0.327438 0.322732 0.320500 0.316700 0.312289 0.307941
0.370000 0.370000 0.370000 0.370000 0.370000 0.370000 0.370000 0.370000 0.370000 0.370000 0.370000 0.370000 0.370000 0.370000 0.370000 0.370000 0.370000 0.370000 0.370000 0.370000 0.370000 0.370000 0.370000 0.370000 0.370000 0.370000 0.370000 0.370000 0.370000 0.370000 0.370000 0.370000 0.370000 0.370000 0.370000 0.370000 0.370000 0.370000 0.370000 0.370000 0.370000 0.370000 0.370000 0.370000 0.370000 0.370000 0.370000 0.369999 0.369958 0.369774 0.369928 0.369869 0.369727 0.369359 0.368383 0.366484 0.363027 0.357245 0.353800 0.351577 0.348522 0.345725 0.341784
0.370000 0.370000 0.370000 0.370000 0.370000 0.370000 0.370000 0.370000 0.370000 0.370000 0.370000 0.370000 0.370000 0.370000 0.370000 0.370000 0.370000 0.370000 0.370000 0.370000 0.370000 0.370000 0.370000 0.370000 0.370000 0.370000 0.370000 0.370000 0.370000 0.370000 0.370000 0.370000 0.370000 0.370000 0.370000 0.370000 0.370000 0.370000 0.370000 0.370000 0.370000 0.370000 0.370000 0.370000 0.370000 0.370000 0.370000 0.370000 0.370000 0.370000 0.370000 0.370000 0.370000 0.370000 0.369991 0.369931 0.369581 0.368448 0.366830 0.365737 0.364486 0.362784 0.360280
0.370000 0.370000 0.370000 0.370000 0.370000 0.370000 0.370000 0.370000 0.370000 0.370000 0.370000 0.370000 0.370000 0.370000 0.370000 0.370000 0.370000 0.370000 0.370000 0.370000 0.370000 0.370000 0.370000 0.370000 0.370000 0.370000 0.370000 0.370000 0.370000 0.370000 0.370000 0.370000 0.370000 0.370000 0.370000 0.370000 0.370000 0.370000 0.370000 0.370000 0.370000 0.370000 0.370000 0.370000 0.370000 0.370000 0.370000 0.370000 0.370000 0.370000 0.370000 0.370000 0.370000 0.370000 0.370000 0.370000 0.370000 0.370000 0.369989 0.369953 0.369809 0.369434 0.368820
0.370000 0.370000 0.370000 0.370000 0.370000 0.370000 0.370000 0.370000 0.370000 0.370000 0.370000 0.370000 0.370000 0.370000 0.370000 0.370000 0.370000 0.370000 0.370000 0.370000 0.370000 0.370000 0.370000 0.370000 0.370000 0.370000 0.370000 0.370000 0.370000 0.370000 0.370000 0.370000 0.370000 0.370000 0.370000 0.370000 0.370000 0.370000 0.370000 0.370000 0.370000 0.370000 0.370000 0.370000 0.370000 0.370000 0.370000 0.370000 0.370000 0.370000 0.370000 0.370000 0.370000 0.370000 0.370000 0.370000 0.370000 0.370000 0.370000 0.370000 0.370000 0.370000 0.369998
0.370000 0.370000 0.370000 0.370000 0.370000 0.370000 0.370000 0.370000 0.370000 0.370000 0.370000 0.370000 0.370000 0.370000 0.370000 0.370000 0.370000 0.370000 0.370000 0.370000 0.370000 0.370000 0.370000 0.370000 0.370000 0.370000 0.370000 0.370000 0.370000 0.370000 0.370000 0.370000 0.370000 0.370000 0.370000 0.370000 0.370000 0.370000 0.370000 0.370000 0.370000 0.370000 0.370000 0.370000 0.370000 0.370000 0.370000 0.370000 0.370000 0.370000 0.370000 0.370000 0.370000 0.370000 0.370000 0.370000 0.370000 0.370000 0.370000 0.370000 0.370000 0.370000 0.370000
0.370000 0.370000 0.370000 0.370000 0.370000 0.370000 0.370000 0.370000 0.370000 0.370000 0.370000 0.370000 0.370000 0.370000 0.370000 0.370000 0.370000 0.370000 0.370000 0.370000 0.370000 0.370000 0.370000 0.370000 0.370000 0.370000 0.370000 0.370000 0.370000 0.370000 0.370000 0.370000 0.370000 0.370000 0.370000 0.370000 0.370000 0.370000 0.370000 0.370000 0.370000 0.370000 0.370000 0.370000 0.370000 0.370000 0.370000 0.370000 0.370000 0.370000 0.370000 0.370000 0.370000 0.370000 0.370000 0.370000 0.370000 0.370000 0.370000 0.370000 0.370000 0.370000 0.370000
0.370000 0.370000 0.370000 0.370000 0.370000 0.370000 0.370000 0.370000 0.370000 0.370000 0.370000 0.370000 0.370000 0.370000 0.370000 0.370000 0.370000 0.370000 0.370000 0.370000 0.370000 0.370000 0.370000 0.370000 0.370000 0.370000 0.370000 0.370000 0.370000 0.370000 0.370000 0.370000 0.370000 0.370000 0.370000 0.370000 0.370000 0.370000 0.370000 0.370000 0.370000 0.370000 0.370000 0.370000 0.370000 0.370000 0.370000 0.370000 0.370000 0.370000 0.370000 0.370000 0.370000 0.370000 0.370000 0.370000 0.370000 0.370000 0.370000 0.370000 0.370000 0.370000 0.370000
0.370000 0.370000 0.370000 0.370000 0.370000 0.370000 0.370000 0.370000 0.370000 0.370000 0.370000 0.370000 0.370000 0.370000 0.370000 0.370000 0.370000 0.370000 0.370000 0.370000 0.370000 0.370000 0.370000 0.370000 0.370000 0.370000 0.370000 0.370000 0.370000 0.370000 0.370000 0.370000 0.370000 0.370000 0.370000 0.370000 0.370000 0.370000 0.370000 0.370000 0.370000 0.370000 0.370000 0.370000 0.370000 0.370000 0.370000 0.370000 0.370000 0.370000 0.370000 0.370000 0.370000 0.370000 0.370000 0.370000 0.370000 0.370000 0.370000 0.370000 0.370000 0.370000 0.370000
0.370000 0.370000 0.370000 0.370000 0.370000 0.370000 0.370000 0.370000 0.370000 0.370000 0.370000 0.370000 0.370000 0.370000 0.370000 0.370000 0.370000 0.370000 0.370000 0.370000 0.370000 0.370000 0.370000 0.370000 0.370000 0.370000 0.370000 0.370000 0.370000 0.370000 0.370000 0.370000 0.370000 0.370000 0.370000 0.370000 0.370000 0.370000 0.370000 0.370000 0.370000 0.370000 0.370000 0.370000 0.370000 0.370000 0.370000 0.370000 0.370000 0.370000 0.370000 0.370000 0.370000 0.370000 0.370000 0.370000 0.370000 0.370000 0.370000 0.370000 0.370000 0.370000 0.370000
0.370000 0.370000 0.370000 0.370000 0.370000 0.370000 0.370000 0.370000 0.370000 0.370000 0.370000 0.370000 0.370000 0.370000 0.370000 0.370000 0.370000 0.370000 0.370000 0.370000 0.370000 0.370000 0.370000 0.370000 0.370000 0.370000 0.370000 0.370000 0.370000 0.370000 0.370000 0.370000 0.370000 0.370000 0.370000 0.370000 0.370000 0.370000 0.370000 0.370000 0.370000 0.370000 0.370000 0.370000 0.370000 0.370000 0.370000 0.370000 0.370000 0.370000 0.370000 0.370000 0.370000 0.370000 0.370000 0.370000 0.370000 0.370000 0.370000 0.370000 0.370000 0.370000 0.370000
0.370000 0.370000 0.370000 0.370000 0.370000 0.370000 0.370000 0.370000 0.370000 0.369999 0.369992 0.369992 0.369995 0.369992 0.369973 0.369932 0.369875 0.369773 0.369577 0.369396 0.369540 0.369670 0.369714 0.369731 0.369765 0.369775 0.369770 0.369767 0.369857 0.369914 0.369955 0.369977 0.369991 0.370000 0.370000 0.370000 0.370000 0.370000 0.370000 0.370000 0.370000 0.370000 0.370000 0.370000 0.370000 0.370000 0.370000 0.370000 0.370000 0.370000 0.370000 0.370000 0.370000 0.370000 0.370000 0.370000 0.370000 0.370000 0.370000 0.370000 0.370000 0.370000 0.370000
0.370000 0.370000 0.370000 0.370000 0.369999 0.369975 0.369873 0.369568 0.368702 0.366954 0.364965 0.365557 0.366175 0.366827 0.365624 0.364084 0.362970 0.360408 0.357249 0.353582 0.355853 0.358128 0.361099 0.361669 0.362172 0.363069 0.362887 0.362670 0.361866 0.363366 0.364726 0.366122 0.367987 0.369075 0.369644 0.369879 0.369971 0.369997 0.370000 0.370000 0.370000 0.370000 0.370000 0.370000 0.370000 0.370000 0.370000 0.370000 0.370000 0.370000 0.370000 0.370000 0.370000 0.370000 0.370000 0.370000 0.370000 0.370000 0.370000 0.370000 0.370000 0.370000 0.370000
0.369992 0.369904 0.369370 0.368427 0.366894 0.364198 0.360394 0.355180 0.346215 0.335853 0.323502 0.325841 0.332345 0.338828 0.334999 0.332443 0.330571 0.324022 0.315727 0.306823 0.309370 0.318722 0.328249 0.331583 0.334616 0.338068 0.338058 0.335157 0.331015 0.333894 0.340062 0.346457 0.353704 0.359343 0.363282 0.365833 0.367704 0.368892 0.369561 0.369885 0.369984 0.369998 0.370000 0.370000 0.370000 0.370000 0.370000 0.370000 0.370000 0.370000 0.370000 0.370000 0.370000 0.370000 0.370000 0.370000 0.370000 0.370000 0.370000 0.370000 0.370000 0.370000 0.370000
0.363427 0.357013 0.350457 0.342622 0.333555 0.323089 0.310138 0.296227 0.281292 0.264027 0.247679 0.252073 0.263234 0.273699 0.274994 0.272598 0.270157 0.263664 0.252678 0.242709 0.249220 0.261865 0.274189 0.281688 0.286692 0.291427 0.289295 0.283012 0.277220 0.283116 0.294461 0.305065 0.316765 0.329129 0.339622 0.348150 0.355150 0.360397 0.364411 0.367059 0.368619 0.369425 0.369807 0.369957 0.369988 0.369998 0.370000 0.370000 0.370000 0.370000 0.370000 0.370000 0.370000 0.370000 0.370000 0.370000 0.370000 0.370000 0.370000 0.370000 0.370000 0.370000 0.370000
0.329074 0.310719 0.293484 0.279705 0.271536 0.259642 0.243874 0.232818 0.219485 0.204379 0.202929 0.206031 0.215910 0.218165 0.218785 0.216488 0.215648 0.211785 0.202535 0.206338 0.212364 0.224188 0.233030 0.240499 0.245623 0.249036 0.248342 0.242144 0.243945 0.249827 0.261700 0.271147 0.283182 0.298673 0.310587 0.322622 0.334310 0.344289 0.352577 0.359038 0.363753 0.366507 0.367991 0.368597 0.369076 0.369342 0.369359 0.369698 0.369888 0.369970 0.369998 0.370000 0.370000 0.370000 0.370000 0.370000 0.370000 0.370000 0.370000 0.370000 0.370000 0.370000 0.370000
0.260439 0.236682 0.217104 0.209683 0.201933 0.193690 0.184528 0.175731 0.167770 0.167136 0.165877 0.165900 0.167382 0.169241 0.170734 0.170111 0.169450 0.169632 0.172700 0.175315 0.178844 0.185926 0.193536 0.200678 0.203635 0.206689 0.208603 0.210680 0.212488 0.215857 0.224782 0.234049 0.244781 0.258541 0.272354 0.286890 0.302915 0.317514 0.331016 0.343186 0.352533 0.357926 0.360201 0.362160 0.363040 0.362708 0.362414 0.363995 0.365768 0.367118 0.368553 0.369433 0.369854 0.369998 0.370000 0.370000 0.370000 0.370000 0.370000 0.370000 0.370000 0.370000 0.370000
0.201098 0.182689 0.171015 0.165158 0.159543 0.154056 0.147336 0.142167 0.141007 0.140040 0.139165 0.138575 0.140096 0.141725 0.143640 0.143404 0.143504 0.144659 0.146635 0.149335 0.153862 0.159633 0.166257 0.174681 0.177375 0.180228 0.183654 0.185288 0.187270 0.190158 0.198151 0.206607 0.215966 0.229174 0.243190 0.258610 0.276243 0.295380 0.315161 0.330374 0.342490 0.350405 0.353276 0.354710 0.354521 0.353238 0.349924 0.350218 0.354089 0.355714 0.359558 0.363671 0.365932 0.368813 0.369870 0.369995 0.370000 0.370000 0.370000 0.370000 0.370000 0.370000 0.370000
0.157193 0.147647 0.138868 0.133794 0.129789 0.126141 0.123086 0.122154 0.121151 0.120518 0.120114 0.119674 0.120506 0.121858 0.123227 0.123833 0.124692 0.125624 0.127707 0.131023 0.134465 0.139455 0.146036 0.153227 0.156249 0.159104 0.162076 0.164156 0.166487 0.168809 0.175149 0.182645 0.190457 0.202853 0.216644 0.231241 0.251968 0.275658 0.297960 0.315266 0.329883 0.341296 0.342890 0.343642 0.343566 0.338291 0.331149 0.328809 0.330883 0.331933 0.337118 0.343412 0.349070 0.358455 0.364524 0.367900 0.369534 0.369978 0.370000 0.370000 0.370000 0.370000 0.370000
