tests/Borden05m/sims/sim_1/output-maps/thetaliqL0007N0011.asc
ncols         160
nrows         34
xllcorner     620200.000000
yllcorner     5168000.000000
cellsize      0.500000
NODATA_value  -9999.0
[rows 0 to 27 of 34, columns 63 to 125 of 160]
-9999.0 -9999.0 -9999.0 -9999.0 -9999.0 -9999.0 -9999.0 -9999.0 -9999.0 -9999.0 -9999.0 -9999.0 -9999.0 -9999.0 -9999.0 -9999.0 -9999.0 -9999.0 -9999.0 -9999.0 -9999.0 -9999.0 -9999.0 -9999.0 -9999.0 -9999.0 -9999.0 -9999.0 -9999.0 -9999.0 -9999.0 -9999.0 -9999.0 -9999.0 -9999.0 -9999.0 -9999.0 -9999.0 -9999.0 -9999.0 -9999.0 -9999.0 -9999.0 -9999.0 -9999.0 -9999.0 -9999.0 -9999.0 -9999.0 -9999.0 -9999.0 -9999.0 -9999.0 -9999.0 -9999.0 -9999.0 -9999.0 -9999.0 -9999.0 -9999.0 -9999.0 -9999.0 -9999.0
0.317751 0.311784 0.305835 0.302976 0.302241 0.301534 0.301182 0.304841 0.310132 0.315006 0.319444 0.320825 0.322226 0.323567 0.323858 0.323074 0.321139 0.319138 0.317015 0.316088 0.310636 0.302767 0.296263 0.294200 0.297524 0.300802 0.302623 0.306948 0.314224 0.321043 0.326055 0.332315 0.335027 0.337496 0.339030 0.337286 0.335705 0.334032 0.331825 0.326033 -9999.0 -9999.0 -9999.0 -9999.0 -9999.0 -9999.0 -9999.0 -9999.0 -9999.0 -9999.0 -9999.0 -9999.0 -9999.0 -9999.0 -9999.0 -9999.0 -9999.0 -9999.0 -9999.0 -9999.0 -9999.0 -9999.0 -9999.0
0.307372 0.301116 0.297070 0.292906 0.291580 0.291443 0.291383 0.294447 0.301459 0.306945 0.310120 0.311655 0.313198 0.313320 0.312987 0.312687 0.310751 0.308438 0.306092 0.304830 0.304737 0.299331 0.295472 0.293079 0.292287 0.294100 0.295801 0.297937 0.304865 0.310591 0.316053 0.324521 0.331203 0.333876 0.332784 0.330290 0.328443 0.325103 0.319576 0.313131 0.306102 0.301109 0.297366 0.293764 0.298342 0.302933 0.310106 0.316827 0.324083 0.330729 -9999.0 -9999.0 -9999.0 -9999.0 -9999.0 -9999.0 -9999.0 -9999.0 -9999.0 -9999.0 -9999.0 -9999.0 -9999.0
0.298589 0.295675 0.292032 0.288990 0.294539 0.295332 0.296100 0.298337 0.300792 0.302186 0.304094 0.307685 0.313544 0.315167 0.315445 0.315478 0.314284 0.312246 0.311051 0.309177 0.305621 0.305022 0.305357 0.305468 0.309101 0.310102 0.310903 0.306103 0.308351 0.312582 0.317054 0.321484 0.325672 0.328431 0.326848 0.326172 0.321541 0.313160 0.305571 0.299510 0.297625 0.295458 0.289933 0.280875 0.286276 0.297960 0.301444 0.304244 0.312416 0.320159 0.326061 0.327107 0.326944 0.326766 0.325364 0.317236 0.307781 0.297529 0.283654 -9999.0 -9999.0 -9999.0 -9999.0
0.300230 0.297916 0.296937 0.306112 0.312436 0.313444 0.315219 0.317207 0.316199 0.307936 0.306008 0.311785 0.318471 0.322047 0.322097 0.322050 0.321225 0.320577 0.320204 0.318665 0.319414 0.321058 0.321682 0.324803 0.327999 0.329448 0.324479 0.318907 0.319104 0.323651 0.328117 0.332099 0.337587 0.342799 0.342277 0.339819 0.335760 0.328798 0.315049 0.301632 0.294192 0.289545 0.284469 0.283794 0.282441 0.290506 0.292029 0.293424 0.299911 0.307214 0.313933 0.317601 0.317367 0.317110 0.315654 0.309587 0.299473 0.288677 0.275987 0.255759 0.232747 0.211207 0.210617
0.304870 0.307360 0.316275 0.324760 0.333110 0.334449 0.335685 0.335520 0.330368 0.324504 0.321779 0.330374 0.338173 0.341876 0.342372 0.342830 0.346232 0.345389 0.344198 0.341818 0.342916 0.344323 0.348820 0.351346 0.353353 0.352780 0.349011 0.344974 0.344083 0.344695 0.345344 0.347530 0.351168 0.354281 0.352928 0.350501 0.346654 0.333798 0.317651 0.306271 0.306895 0.307319 0.304304 0.302192 0.299546 0.293932 0.293747 0.293494 0.293263 0.302068 0.310459 0.312780 0.308877 0.306519 0.305005 0.298825 0.290867 0.279262 0.265868 0.250704 0.227846 0.222037 0.216029
0.333546 0.337699 0.343723 0.350814 0.357689 0.358777 0.359759 0.360636 0.358453 0.355435 0.351919 0.356188 0.358545 0.360543 0.361375 0.363385 0.364797 0.364198 0.362963 0.361478 0.362585 0.364625 0.366261 0.366831 0.367103 0.367161 0.366376 0.365830 0.365451 0.365382 0.364879 0.365156 0.366310 0.367514 0.367509 0.366570 0.363960 0.357233 0.345949 0.335556 0.337104 0.333921 0.330803 0.328274 0.319917 0.312425 0.312103 0.305656 0.301230 0.309118 0.313126 0.314373 0.310397 0.313953 0.308778 0.296182 0.283014 0.270557 0.258807 0.246696 0.240589 0.233021 0.226970
0.355173 0.357647 0.361672 0.365364 0.367751 0.368590 0.368977 0.369262 0.369067 0.368712 0.368251 0.368484 0.369010 0.369388 0.369636 0.369804 0.369896 0.369865 0.369794 0.369771 0.369816 0.369923 0.369970 0.369980 0.369985 0.369990 0.369984 0.369970 0.369946 0.369909 0.369860 0.369821 0.369913 0.369961 0.369954 0.369822 0.369444 0.368127 0.364752 0.358550 0.356677 0.356091 0.355319 0.350375 0.344323 0.335330 0.329061 0.323690 0.314064 0.316753 0.320349 0.326601 0.331868 0.331364 0.322110 0.311046 0.297414 0.283003 0.271512 0.267687 0.263539 0.255763 0.250609
0.369545 0.369659 0.369829 0.369971 0.369999 0.370000 0.370000 0.370000 0.370000 0.370000 0.370000 0.370000 0.370000 0.370000 0.370000 0.370000 0.370000 0.370000 0.370000 0.370000 0.370000 0.370000 0.370000 0.370000 0.370000 0.370000 0.370000 0.370000 0.370000 0.370000 0.370000 0.370000 0.370000 0.370000 0.370000 0.370000 0.370000 0.370000 0.369978 0.369818 0.369464 0.369389 0.368902 0.367956 0.366048 0.360649 0.355762 0.350167 0.337504 0.334747 0.339855 0.345711 0.348215 0.341758 0.333807 0.323165 0.309707 0.294968 0.289742 0.288539 0.286026 0.281404 0.279195
0.370000 0.370000 0.370000 0.370000 0.370000 0.370000 0.370000 0.370000 0.370000 0.370000 0.370000 0.370000 0.370000 0.370000 0.370000 0.370000 0.370000 0.370000 0.370000 0.370000 0.370000 0.370000 0.370000 0.370000 0.370000 0.370000 0.370000 0.370000 0.370000 0.370000 0.370000 0.370000 0.370000 0.370000 0.370000 0.370000 0.370000 0.370000 0.370000 0.370000 0.370000 0.370000 0.370000 0.369996 0.369894 0.369308 0.367727 0.364741 0.359343 0.357455 0.362274 0.365439 0.364154 0.362155 0.358404 0.351310 0.341508 0.328431 0.323681 0.321387 0.317548 0.313104 0.308716
0.370000 0.370000 0.370000 0.370000 0.370000 0.370000 0.370000 0.370000 0.370000 0.370000 0.370000 0.370000 0.370000 0.370000 0.370000 0.370000 0.370000 0.370000 0.370000 0.370000 0.370000 0.370000 0.370000 0.370000 0.370000 0.370000 0.370000 0.370000 0.370000 0.370000 0.370000 0.370000 0.370000 0.370000 0.370000 0.370000 0.370000 0.370000 0.370000 0.370000 0.370000 0.370000 0.370000 0.370000 0.370000 0.370000 0.370000 0.369999 0.369965 0.369793 0.369940 0.369891 0.369771 0.369445 0.368498 0.366609 0.363245 0.357702 0.354347 0.352152 0.349140 0.346357 0.342440
0.370000 0.370000 0.370000 0.370000 0.370000 0.370000 0.370000 0.370000 0.370000 0.370000 0.370000 0.370000 0.370000 0.370000 0.370000 0.370000 0.370000 0.370000 0.370000 0.370000 0.370000 0.370000 0.370000 0.370000 0.370000 0.370000 0.370000 0.370000 0.370000 0.370000 0.370000 0.370000 0.370000 0.370000 0.370000 0.370000 0.370000 0.370000 0.370000 0.370000 0.370000 0.370000 0.370000 0.370000 0.370000 0.370000 0.370000 0.370000 0.370000 0.370000 0.370000 0.370000 0.370000 0.370000 0.369993 0.369940 0.369616 0.368543 0.366954 0.365883 0.364673 0.363024 0.360587
0.370000 0.370000 0.370000 0.370000 0.370000 0.370000 0.370000 0.370000 0.370000 0.370000 0.370000 0.370000 0.370000 0.370000 0.370000 0.370000 0.370000 0.370000 0.370000 0.370000 0.370000 0.370000 0.370000 0.370000 0.370000 0.370000 0.370000 0.370000 0.370000 0.370000 0.370000 0.370000 0.370000 0.370000 0.370000 0.370000 0.370000 0.370000 0.370000 0.370000 0.370000 0.370000 0.370000 0.370000 0.370000 0.370000 0.370000 0.370000 0.370000 0.370000 0.370000 0.370000 0.370000 0.370000 0.370000 0.370000 0.370000 0.370000 0.369991 0.369962 0.369838 0.369507 0.368925
0.370000 0.370000 0.370000 0.370000 0.370000 0.370000 0.370000 0.370000 0.370000 0.370000 0.370000 0.370000 0.370000 0.370000 0.370000 0.370000 0.370000 0.370000 0.370000 0.370000 0.370000 0.370000 0.370000 0.370000 0.370000 0.370000 0.370000 0.370000 0.370000 0.370000 0.370000 0.370000 0.370000 0.370000 0.370000 0.370000 0.370000 0.370000 0.370000 0.370000 0.370000 0.370000 0.370000 0.370000 0.370000 0.370000 0.370000 0.370000 0.370000 0.370000 0.370000 0.370000 0.370000 0.370000 0.370000 0.370000 0.370000 0.370000 0.370000 0.370000 0.370000 0.370000 0.369999
0.370000 0.370000 0.370000 0.370000 0.370000 0.370000 0.370000 0.370000 0.370000 0.370000 0.370000 0.370000 0.370000 0.370000 0.370000 0.370000 0.370000 0.370000 0.370000 0.370000 0.370000 0.370000 0.370000 0.370000 0.370000 0.370000 0.370000 0.370000 0.370000 0.370000 0.370000 0.370000 0.370000 0.370000 0.370000 0.370000 0.370000 0.370000 0.370000 0.370000 0.370000 0.370000 0.370000 0.370000 0.370000 0.370000 0.370000 0.370000 0.370000 0.370000 0.370000 0.370000 0.370000 0.370000 0.370000 0.370000 0.370000 0.370000 0.370000 0.370000 0.370000 0.370000 0.370000
0.370000 0.370000 0.370000 0.370000 0.370000 0.370000 0.370000 0.370000 0.370000 0.370000 0.370000 0.370000 0.370000 0.370000 0.370000 0.370000 0.370000 0.370000 0.370000 0.370000 0.370000 0.370000 0.370000 0.370000 0.370000 0.370000 0.370000 0.370000 0.370000 0.370000 0.370000 0.370000 0.370000 0.370000 0.370000 0.370000 0.370000 0.370000 0.370000 0.370000 0.370000 0.370000 0.370000 0.370000 0.370000 0.370000 0.370000 0.370000 0.370000 0.370000 0.370000 0.370000 0.370000 0.370000 0.370000 0.370000 0.370000 0.370000 0.370000 0.370000 0.370000 0.370000 0.370000
0.370000 0.370000 0.370000 0.370000 0.370000 0.370000 0.370000 0.370000 0.370000 0.370000 0.370000 0.370000 0.370000 0.370000 0.370000 0.370000 0.370000 0.370000 0.370000 0.370000 0.370000 0.370000 0.370000 0.370000 0.370000 0.370000 0.370000 0.370000 0.370000 0.370000 0.370000 0.370000 0.370000 0.370000 0.370000 0.370000 0.370000 0.370000 0.370000 0.370000 0.370000 0.370000 0.370000 0.370000 0.370000 0.370000 0.370000 0.370000 0.370000 0.370000 0.370000 0.370000 0.370000 0.370000 0.370000 0.370000 0.370000 0.370000 0.370000 0.370000 0.370000 0.370000 0.370000
0.370000 0.370000 0.370000 0.370000 0.370000 0.370000 0.370000 0.370000 0.370000 0.370000 0.370000 0.370000 0.370000 0.370000 0.370000 0.370000 0.370000 0.370000 0.370000 0.370000 0.370000 0.370000 0.370000 0.370000 0.370000 0.370000 0.370000 0.370000 0.370000 0.370000 0.370000 0.370000 0.370000 0.370000 0.370000 0.370000 0.370000 0.370000 0.370000 0.370000 0.370000 0.370000 0.370000 0.370000 0.370000 0.370000 0.370000 0.370000 0.370000 0.370000 0.370000 0.370000 0.370000 0.370000 0.370000 0.370000 0.370000 0.370000 0.370000 0.370000 0.370000 0.370000 0.370000
0.370000 0.370000 0.370000 0.370000 0.370000 0.370000 0.370000 0.370000 0.370000 0.370000 0.370000 0.370000 0.370000 0.370000 0.370000 0.370000 0.370000 0.370000 0.370000 0.370000 0.370000 0.370000 0.370000 0.370000 0.370000 0.370000 0.370000 0.370000 0.370000 0.370000 0.370000 0.370000 0.370000 0.370000 0.370000 0.370000 0.370000 0.370000 0.370000 0.370000 0.370000 0.370000 0.370000 0.370000 0.370000 0.370000 0.370000 0.370000 0.370000 0.370000 0.370000 0.370000 0.370000 0.370000 0.370000 0.370000 0.370000 0.370000 0.370000 0.370000 0.370000 0.370000 0.370000
0.370000 0.370000 0.370000 0.370000 0.370000 0.370000 0.370000 0.370000 0.370000 0.370000 0.370000 0.370000 0.370000 0.370000 0.370000 0.370000 0.370000 0.370000 0.370000 0.370000 0.370000 0.370000 0.370000 0.370000 0.370000 0.370000 0.370000 0.370000 0.370000 0.370000 0.370000 0.370000 0.370000 0.370000 0.370000 0.370000 0.370000 0.370000 0.370000 0.370000 0.370000 0.370000 0.370000 0.370000 0.370000 0.370000 0.370000 0.370000 0.370000 0.370000 0.370000 0.370000 0.370000 0.370000 0.370000 0.370000 0.370000 0.370000 0.370000 0.370000 0.370000 0.370000 0.370000
0.370000 0.370000 0.370000 0.370000 0.370000 0.370000 0.370000 0.370000 0.370000 0.369999 0.369994 0.369994 0.369996 0.369994 0.369978 0.369940 0.369887 0.369790 0.369599 0.369420 0.369565 0.369693 0.369738 0.369757 0.369789 0.369798 0.369791 0.369784 0.369868 0.369922 0.369960 0.369981 0.369993 0.370000 0.370000 0.370000 0.370000 0.370000 0.370000 0.370000 0.370000 0.370000 0.370000 0.370000 0.370000 0.370000 0.370000 0.370000 0.370000 0.370000 0.370000 0.370000 0.370000 0.370000 0.370000 0.370000 0.370000 0.370000 0.370000 0.370000 0.370000 0.370000 0.370000
0.370000 0.370000 0.370000 0.370000 0.369999 0.369981 0.369891 0.369610 0.368795 0.367139 0.365207 0.365764 0.366357 0.366978 0.365777 0.364270 0.363206 0.360786 0.357819 0.354373 0.356523 0.358673 0.361478 0.362023 0.362501 0.363345 0.363153 0.362921 0.362141 0.363561 0.364868 0.366237 0.368100 0.369176 0.369701 0.369902 0.369978 0.369998 0.370000 0.370000 0.370000 0.370000 0.370000 0.370000 0.370000 0.370000 0.370000 0.370000 0.370000 0.370000 0.370000 0.370000 0.370000 0.370000 0.370000 0.370000 0.370000 0.370000 0.370000 0.370000 0.370000 0.370000 0.370000
0.369994 0.369916 0.369402 0.368505 0.367060 0.364453 0.360822 0.355866 0.347264 0.337151 0.325008 0.327221 0.333540 0.339815 0.336057 0.333526 0.331660 0.325203 0.317002 0.308186 0.310710 0.319955 0.329338 0.332620 0.335599 0.338977 0.338973 0.336152 0.332131 0.334975 0.341015 0.347247 0.354262 0.359718 0.363529 0.365998 0.367828 0.369000 0.369631 0.369909 0.369988 0.369999 0.370000 0.370000 0.370000 0.370000 0.370000 0.370000 0.370000 0.370000 0.370000 0.370000 0.370000 0.370000 0.370000 0.370000 0.370000 0.370000 0.370000 0.370000 0.370000 0.370000 0.370000
0.363731 0.357607 0.351323 0.343760 0.334849 0.324470 0.311577 0.297662 0.282673 0.265333 0.248900 0.253250 0.264385 0.274812 0.276070 0.273648 0.271183 0.264666 0.253653 0.243659 0.250179 0.262842 0.275169 0.282663 0.287665 0.292395 0.290287 0.284047 0.278299 0.284211 0.295548 0.306143 0.317807 0.330086 0.340457 0.348827 0.355638 0.360718 0.364609 0.367193 0.368727 0.369507 0.369850 0.369969 0.369992 0.369999 0.370000 0.370000 0.370000 0.370000 0.370000 0.370000 0.370000 0.370000 0.370000 0.370000 0.370000 0.370000 0.370000 0.370000 0.370000 0.370000 0.370000
0.330368 0.312157 0.294915 0.281048 0.272754 0.260753 0.244871 0.233697 0.220241 0.205011 0.203513 0.206610 0.216520 0.218777 0.219388 0.217069 0.216211 0.212318 0.203021 0.206831 0.212886 0.224759 0.233640 0.241137 0.246282 0.249711 0.249027 0.242836 0.244656 0.250573 0.262486 0.271971 0.284036 0.299528 0.311442 0.323447 0.335060 0.344923 0.353054 0.359345 0.363925 0.366626 0.368099 0.368704 0.369171 0.369429 0.369449 0.369749 0.369908 0.369976 0.369998 0.370000 0.370000 0.370000 0.370000 0.370000 0.370000 0.370000 0.370000 0.370000 0.370000 0.370000 0.370000
0.261604 0.237684 0.217923 0.210377 0.202521 0.194181 0.184928 0.176055 0.168032 0.167377 0.166101 0.166117 0.167601 0.169464 0.170958 0.170329 0.169661 0.169840 0.172914 0.175539 0.179084 0.186197 0.193841 0.201015 0.203991 0.207062 0.208990 0.211082 0.212908 0.216307 0.225283 0.234605 0.245396 0.259215 0.273077 0.287647 0.303676 0.318254 0.331696 0.343747 0.352938 0.358219 0.360457 0.362377 0.363247 0.362949 0.362686 0.364223 0.365931 0.367245 0.368663 0.369500 0.369874 0.369998 0.370000 0.370000 0.370000 0.370000 0.370000 0.370000 0.370000 0.370000 0.370000
0.201653 0.183087 0.171310 0.165397 0.159738 0.154214 0.147458 0.142265 0.141095 0.140121 0.139241 0.138647 0.140170 0.141801 0.143719 0.143481 0.143581 0.144738 0.146718 0.149425 0.153963 0.159752 0.166396 0.174847 0.177553 0.180418 0.183859 0.185503 0.187499 0.190405 0.198437 0.206937 0.216349 0.229622 0.243704 0.259185 0.276864 0.296015 0.315763 0.330916 0.342939 0.350763 0.353607 0.355037 0.354879 0.353660 0.350481 0.350816 0.354599 0.356207 0.359927 0.363891 0.366083 0.368916 0.369894 0.369996 0.370000 0.370000 0.370000 0.370000 0.370000 0.370000 0.370000
0.157373 0.147773 0.138955 0.133860 0.129840 0.126181 0.123119 0.122183 0.121177 0.120542 0.120136 0.119695 0.120528 0.121880 0.123251 0.123858 0.124717 0.125650 0.127737 0.131057 0.134505 0.139504 0.146098 0.153304 0.156334 0.159198 0.162179 0.164266 0.166606 0.168939 0.175302 0.182828 0.190674 0.203123 0.216977 0.231642 0.252441 0.276177 0.298486 0.315772 0.330340 0.341679 0.343287 0.344059 0.344012 0.338847 0.331846 0.329592 0.331705 0.332824 0.338007 0.344253 0.349846 0.358914 0.364753 0.368030 0.369591 0.369982 0.370000 0.370000 0.370000 0.370000 0.370000
