tests/Borden05m/sims/sim_1/output-maps/thetaliqL0003N0006.asc
ncols         160
nrows         34
xllcorner     620200.000000
yllcorner     5168000.000000
cellsize      0.500000
NODATA_value  -9999.0
[rows 0 to 27 of 34, columns 63 to 125 of 160]
-9999.0 -9999.0 -9999.0 -9999.0 -9999.0 -9999.0 -9999.0 -9999.0 -9999.0 -9999.0 -9999.0 -9999.0 -9999.0 -9999.0 -9999.0 -9999.0 -9999.0 -9999.0 -9999.0 -9999.0 -9999.0 -9999.0 -9999.0 -9999.0 -9999.0 -9999.0 -9999.0 -9999.0 -9999.0 -9999.0 -9999.0 -9999.0 -9999.0 -9999.0 -9999.0 -9999.0 -9999.0 -9999.0 -9999.0 -9999.0 -9999.0 -9999.0 -9999.0 -9999.0 -9999.0 -9999.0 -9999.0 -9999.0 -9999.0 -9999.0 -9999.0 -9999.0 -9999.0 -9999.0 -9999.0 -9999.0 -9999.0 -9999.0 -9999.0 -9999.0 -9999.0 -9999.0 -9999.0
0.217718 0.215873 0.213632 0.213344 0.213654 0.213237 0.212263 0.213457 0.214979 0.216250 0.218096 0.217645 0.217827 0.218540 0.218735 0.218424 0.217580 0.217062 0.216435 0.217456 0.214857 0.211452 0.208846 0.208337 0.210640 0.211969 0.211650 0.212839 0.215487 0.217690 0.218287 0.220941 0.220339 0.221359 0.223177 0.221738 0.221469 0.221790 0.222466 0.218607 -9999.0 -9999.0 -9999.0 -9999.0 -9999.0 -9999.0 -9999.0 -9999.0 -9999.0 -9999.0 -9999.0 -9999.0 -9999.0 -9999.0 -9999.0 -9999.0 -9999.0 -9999.0 -9999.0 -9999.0 -9999.0 -9999.0 -9999.0
0.212266 0.209559 0.208962 0.206925 0.206031 0.205797 0.204948 0.205545 0.208924 0.211284 0.211903 0.211324 0.211016 0.210220 0.209684 0.209874 0.209063 0.208327 0.207537 0.207820 0.210060 0.207553 0.206313 0.205060 0.203673 0.204156 0.204556 0.204703 0.207842 0.208955 0.209672 0.213866 0.217755 0.218703 0.217053 0.215328 0.215881 0.215854 0.214329 0.212883 0.213102 0.212441 0.212189 0.210671 0.212988 0.212864 0.215372 0.217415 0.219805 0.223479 -9999.0 -9999.0 -9999.0 -9999.0 -9999.0 -9999.0 -9999.0 -9999.0 -9999.0 -9999.0 -9999.0 -9999.0 -9999.0
0.208323 0.207433 0.205444 0.202332 0.205765 0.205266 0.204921 0.205501 0.206582 0.207040 0.207536 0.208267 0.211265 0.210974 0.210691 0.210857 0.210346 0.209394 0.209516 0.209019 0.206472 0.206897 0.207526 0.206933 0.209429 0.209544 0.211030 0.206583 0.207284 0.208263 0.208905 0.209284 0.209781 0.210572 0.208628 0.210099 0.208674 0.205393 0.204752 0.205209 0.208179 0.209698 0.208024 0.201875 0.205112 0.211901 0.211270 0.210062 0.213242 0.216341 0.220868 0.220184 0.219775 0.220297 0.221243 0.217515 0.215251 0.213671 0.208217 -9999.0 -9999.0 -9999.0 -9999.0
0.208227 0.206026 0.203309 0.208712 0.210837 0.209547 0.210136 0.211716 0.211835 0.205072 0.203313 0.205847 0.208483 0.209554 0.208285 0.207668 0.206476 0.206514 0.207276 0.206595 0.207636 0.208497 0.207231 0.208866 0.210761 0.212659 0.208507 0.204748 0.205008 0.208152 0.210390 0.211430 0.214562 0.219587 0.218734 0.217674 0.217309 0.217017 0.211170 0.205798 0.203669 0.202737 0.201142 0.202533 0.201313 0.206762 0.206284 0.205375 0.207890 0.209776 0.212232 0.213987 0.213665 0.214345 0.215273 0.214323 0.211702 0.210429 0.209697 0.207387 0.202598 0.193556 0.194186
0.202384 0.202395 0.207062 0.209445 0.213679 0.211877 0.211938 0.211746 0.207290 0.203965 0.201671 0.208510 0.213903 0.215543 0.213923 0.212480 0.217289 0.215841 0.215306 0.212414 0.213405 0.212740 0.217731 0.219556 0.222200 0.221140 0.216130 0.211917 0.211782 0.212284 0.211778 0.212922 0.215982 0.219885 0.216866 0.215787 0.216487 0.207825 0.201151 0.198989 0.204083 0.207018 0.206547 0.207095 0.207435 0.203856 0.204750 0.205144 0.203393 0.207493 0.211580 0.211968 0.208367 0.207184 0.208925 0.208692 0.209116 0.207610 0.205915 0.204758 0.196290 0.199136 0.194550
0.211843 0.213474 0.215661 0.219918 0.228593 0.226285 0.226537 0.229428 0.224660 0.220267 0.213323 0.221184 0.222665 0.224881 0.224046 0.229440 0.234185 0.230792 0.226401 0.220988 0.224062 0.230615 0.236582 0.237659 0.238156 0.239232 0.234856 0.233984 0.233353 0.234209 0.231392 0.231632 0.236201 0.244099 0.245170 0.242110 0.235195 0.223774 0.213202 0.207626 0.215052 0.213018 0.212126 0.213500 0.209203 0.206812 0.210771 0.207435 0.204861 0.210494 0.210975 0.210084 0.205425 0.211061 0.210220 0.205763 0.202917 0.201520 0.200456 0.198300 0.200433 0.199173 0.195339
0.214357 0.215717 0.221666 0.229716 0.238868 0.242891 0.245716 0.250991 0.247615 0.244071 0.239412 0.240854 0.246697 0.251694 0.256931 0.262588 0.269282 0.265802 0.260721 0.260084 0.261445 0.269907 0.277118 0.279917 0.282559 0.287920 0.286043 0.280519 0.273769 0.267639 0.262757 0.258500 0.266602 0.274622 0.274264 0.261722 0.252762 0.240565 0.227853 0.213835 0.215168 0.218273 0.221138 0.215885 0.213663 0.209094 0.208391 0.209159 0.203738 0.206879 0.207443 0.211182 0.216962 0.218519 0.213622 0.211079 0.208157 0.204994 0.202460 0.204638 0.205508 0.202992 0.200405
0.258020 0.258422 0.262172 0.277282 0.301791 0.320208 0.335685 0.338169 0.331917 0.325951 0.316737 0.311023 0.317855 0.325055 0.332864 0.341054 0.349473 0.355731 0.356466 0.356967 0.358503 0.360352 0.364105 0.368226 0.369645 0.369847 0.369866 0.369700 0.368404 0.361814 0.353585 0.350342 0.347817 0.350909 0.350565 0.339204 0.322838 0.305125 0.282357 0.264302 0.252868 0.256640 0.250558 0.245337 0.239554 0.224845 0.221523 0.219703 0.206748 0.205598 0.209884 0.215488 0.219858 0.212523 0.209527 0.206870 0.203825 0.199759 0.201830 0.204482 0.205420 0.204668 0.204697
0.330620 0.333483 0.339610 0.364871 0.369729 0.369961 0.369990 0.369994 0.369990 0.369984 0.369975 0.369963 0.369963 0.369980 0.369991 0.369997 0.369999 0.369999 0.369999 0.369999 0.370000 0.370000 0.370000 0.370000 0.370000 0.370000 0.370000 0.370000 0.370000 0.370000 0.369999 0.369998 0.369998 0.369997 0.369997 0.369995 0.369975 0.369895 0.369144 0.349554 0.329642 0.314664 0.302157 0.290331 0.266903 0.247981 0.234027 0.223293 0.211459 0.209854 0.225181 0.239486 0.232786 0.230670 0.227017 0.220394 0.215061 0.207775 0.209215 0.210661 0.209939 0.209004 0.207847
0.369989 0.369992 0.369997 0.370000 0.370000 0.370000 0.370000 0.370000 0.370000 0.370000 0.370000 0.370000 0.370000 0.370000 0.370000 0.370000 0.370000 0.370000 0.370000 0.370000 0.370000 0.370000 0.370000 0.370000 0.370000 0.370000 0.370000 0.370000 0.370000 0.370000 0.370000 0.370000 0.370000 0.370000 0.370000 0.370000 0.370000 0.370000 0.370000 0.369999 0.369986 0.369954 0.369900 0.369635 0.365791 0.340507 0.327105 0.309381 0.285435 0.260153 0.277059 0.268523 0.263454 0.256602 0.246483 0.238417 0.231231 0.222950 0.222506 0.223015 0.221511 0.221255 0.219618
0.370000 0.370000 0.370000 0.370000 0.370000 0.370000 0.370000 0.370000 0.370000 0.370000 0.370000 0.370000 0.370000 0.370000 0.370000 0.370000 0.370000 0.370000 0.370000 0.370000 0.370000 0.370000 0.370000 0.370000 0.370000 0.370000 0.370000 0.370000 0.370000 0.370000 0.370000 0.370000 0.370000 0.370000 0.370000 0.370000 0.370000 0.370000 0.370000 0.370000 0.370000 0.370000 0.370000 0.370000 0.370000 0.369999 0.369995 0.369973 0.369687 0.360435 0.339698 0.329784 0.319893 0.301208 0.282276 0.271461 0.255791 0.241623 0.233325 0.232906 0.232275 0.230697 0.227724
0.370000 0.370000 0.370000 0.370000 0.370000 0.370000 0.370000 0.370000 0.370000 0.370000 0.370000 0.370000 0.370000 0.370000 0.370000 0.370000 0.370000 0.370000 0.370000 0.370000 0.370000 0.370000 0.370000 0.370000 0.370000 0.370000 0.370000 0.370000 0.370000 0.370000 0.370000 0.370000 0.370000 0.370000 0.370000 0.370000 0.370000 0.370000 0.370000 0.370000 0.370000 0.370000 0.370000 0.370000 0.370000 0.370000 0.370000 0.370000 0.370000 0.370000 0.369995 0.369987 0.369956 0.369725 0.366294 0.353548 0.329389 0.304044 0.282256 0.274977 0.264248 0.254880 0.249025
0.370000 0.370000 0.370000 0.370000 0.370000 0.370000 0.370000 0.370000 0.370000 0.370000 0.370000 0.370000 0.370000 0.370000 0.370000 0.370000 0.370000 0.370000 0.370000 0.370000 0.370000 0.370000 0.370000 0.370000 0.370000 0.370000 0.370000 0.370000 0.370000 0.370000 0.370000 0.370000 0.370000 0.370000 0.370000 0.370000 0.370000 0.370000 0.370000 0.370000 0.370000 0.370000 0.370000 0.370000 0.370000 0.370000 0.370000 0.370000 0.370000 0.370000 0.370000 0.370000 0.370000 0.370000 0.370000 0.370000 0.369989 0.369847 0.367061 0.345623 0.322444 0.303676 0.288263
0.370000 0.370000 0.370000 0.370000 0.370000 0.370000 0.370000 0.370000 0.370000 0.370000 0.370000 0.370000 0.370000 0.370000 0.370000 0.370000 0.370000 0.370000 0.370000 0.370000 0.370000 0.370000 0.370000 0.370000 0.370000 0.370000 0.370000 0.370000 0.370000 0.370000 0.370000 0.370000 0.370000 0.370000 0.370000 0.370000 0.370000 0.370000 0.370000 0.370000 0.370000 0.370000 0.370000 0.370000 0.370000 0.370000 0.370000 0.370000 0.370000 0.370000 0.370000 0.370000 0.370000 0.370000 0.370000 0.370000 0.370000 0.370000 0.370000 0.369997 0.369960 0.369590 0.357392
0.370000 0.370000 0.370000 0.370000 0.370000 0.370000 0.370000 0.370000 0.370000 0.370000 0.370000 0.370000 0.370000 0.370000 0.370000 0.370000 0.370000 0.370000 0.370000 0.370000 0.370000 0.370000 0.370000 0.370000 0.370000 0.370000 0.370000 0.370000 0.370000 0.370000 0.370000 0.370000 0.370000 0.370000 0.370000 0.370000 0.370000 0.370000 0.370000 0.370000 0.370000 0.370000 0.370000 0.370000 0.370000 0.370000 0.370000 0.370000 0.370000 0.370000 0.370000 0.370000 0.370000 0.370000 0.370000 0.370000 0.370000 0.370000 0.370000 0.370000 0.370000 0.370000 0.369999
0.370000 0.370000 0.370000 0.370000 0.370000 0.370000 0.370000 0.370000 0.370000 0.370000 0.370000 0.370000 0.370000 0.370000 0.370000 0.370000 0.370000 0.370000 0.370000 0.370000 0.370000 0.370000 0.370000 0.370000 0.370000 0.370000 0.370000 0.370000 0.370000 0.370000 0.370000 0.370000 0.370000 0.370000 0.370000 0.370000 0.370000 0.370000 0.370000 0.370000 0.370000 0.370000 0.370000 0.370000 0.370000 0.370000 0.370000 0.370000 0.370000 0.370000 0.370000 0.370000 0.370000 0.370000 0.370000 0.370000 0.370000 0.370000 0.370000 0.370000 0.370000 0.370000 0.370000
0.370000 0.370000 0.370000 0.370000 0.370000 0.370000 0.370000 0.370000 0.370000 0.370000 0.370000 0.370000 0.370000 0.370000 0.370000 0.370000 0.370000 0.370000 0.370000 0.370000 0.370000 0.370000 0.370000 0.370000 0.370000 0.370000 0.370000 0.370000 0.370000 0.370000 0.370000 0.370000 0.370000 0.370000 0.370000 0.370000 0.370000 0.370000 0.370000 0.370000 0.370000 0.370000 0.370000 0.370000 0.370000 0.370000 0.370000 0.370000 0.370000 0.370000 0.370000 0.370000 0.370000 0.370000 0.370000 0.370000 0.370000 0.370000 0.370000 0.370000 0.370000 0.370000 0.370000
0.370000 0.370000 0.370000 0.370000 0.370000 0.370000 0.370000 0.370000 0.370000 0.370000 0.370000 0.370000 0.370000 0.370000 0.370000 0.369999 0.369997 0.369995 0.369991 0.369994 0.369995 0.369995 0.369993 0.369991 0.369990 0.369989 0.369991 0.369996 0.369999 0.370000 0.370000 0.370000 0.370000 0.370000 0.370000 0.370000 0.370000 0.370000 0.370000 0.370000 0.370000 0.370000 0.370000 0.370000 0.370000 0.370000 0.370000 0.370000 0.370000 0.370000 0.370000 0.370000 0.370000 0.370000 0.370000 0.370000 0.370000 0.370000 0.370000 0.370000 0.370000 0.370000 0.370000
0.370000 0.370000 0.370000 0.370000 0.370000 0.370000 0.369997 0.369992 0.369986 0.369965 0.369946 0.369921 0.369898 0.369599 0.363591 0.350569 0.344807 0.341745 0.335647 0.334165 0.336730 0.342077 0.336504 0.332844 0.333566 0.331691 0.330961 0.338407 0.349253 0.356003 0.361993 0.366459 0.368806 0.369743 0.369943 0.369978 0.369992 0.369999 0.370000 0.370000 0.370000 0.370000 0.370000 0.370000 0.370000 0.370000 0.370000 0.370000 0.370000 0.370000 0.370000 0.370000 0.370000 0.370000 0.370000 0.370000 0.370000 0.370000 0.370000 0.370000 0.370000 0.370000 0.370000
0.370000 0.370000 0.369999 0.369961 0.369613 0.362569 0.343062 0.333569 0.322599 0.306027 0.294897 0.294295 0.296579 0.290798 0.279637 0.272348 0.268214 0.263929 0.257361 0.253283 0.257758 0.261808 0.261609 0.261600 0.263166 0.262923 0.262018 0.260564 0.266952 0.270849 0.275436 0.279001 0.280999 0.295844 0.311934 0.322338 0.336082 0.353180 0.369179 0.369920 0.369987 0.369998 0.370000 0.370000 0.370000 0.370000 0.370000 0.370000 0.370000 0.370000 0.370000 0.370000 0.370000 0.370000 0.370000 0.370000 0.370000 0.370000 0.370000 0.370000 0.370000 0.370000 0.370000
0.369945 0.369474 0.348933 0.317570 0.296971 0.281359 0.270247 0.260934 0.250137 0.239774 0.232779 0.237811 0.240130 0.244681 0.238340 0.233502 0.232810 0.228228 0.224214 0.218345 0.223124 0.225007 0.230617 0.229950 0.229965 0.232453 0.231164 0.230592 0.226564 0.230146 0.231882 0.234003 0.243368 0.251793 0.260396 0.267384 0.274955 0.285069 0.299650 0.317513 0.335166 0.350551 0.367486 0.369854 0.369981 0.369998 0.370000 0.370000 0.370000 0.370000 0.370000 0.370000 0.370000 0.370000 0.370000 0.370000 0.370000 0.370000 0.370000 0.370000 0.370000 0.370000 0.370000
0.298789 0.280038 0.255750 0.247360 0.242116 0.235196 0.230263 0.226534 0.219581 0.214800 0.206887 0.210102 0.214387 0.220657 0.215645 0.215110 0.216388 0.213533 0.210506 0.205335 0.206123 0.210249 0.215188 0.214847 0.215784 0.218630 0.218717 0.216424 0.211723 0.212730 0.215523 0.218113 0.223424 0.228264 0.233003 0.237015 0.242835 0.249698 0.257192 0.266874 0.278254 0.285961 0.299447 0.318126 0.335276 0.349256 0.367166 0.369850 0.369975 0.369997 0.370000 0.370000 0.370000 0.370000 0.370000 0.370000 0.370000 0.370000 0.370000 0.370000 0.370000 0.370000 0.370000
0.229913 0.221322 0.219012 0.216598 0.213348 0.210630 0.207585 0.204829 0.202643 0.198888 0.191141 0.194476 0.198990 0.204148 0.204393 0.203896 0.204399 0.203289 0.199777 0.193515 0.196208 0.199998 0.203413 0.204446 0.205060 0.207207 0.205636 0.202425 0.197829 0.199762 0.203214 0.205006 0.207277 0.210741 0.214404 0.218013 0.222212 0.226403 0.232204 0.238761 0.246163 0.254258 0.263184 0.274128 0.278871 0.285446 0.293708 0.310210 0.325522 0.342913 0.364403 0.369758 0.369984 0.370000 0.370000 0.370000 0.370000 0.370000 0.370000 0.370000 0.370000 0.370000 0.370000
0.214551 0.209389 0.206343 0.204032 0.205682 0.204671 0.201152 0.201529 0.199740 0.193486 0.195956 0.197779 0.202970 0.201906 0.201618 0.200393 0.201281 0.200511 0.194358 0.197619 0.198950 0.202538 0.203109 0.203838 0.204390 0.205024 0.204309 0.199921 0.200896 0.202023 0.205269 0.205244 0.206446 0.210120 0.211049 0.213153 0.216219 0.219455 0.223325 0.228060 0.234776 0.241591 0.248068 0.249570 0.253754 0.257176 0.252796 0.260465 0.267201 0.274339 0.287182 0.304564 0.329131 0.364652 0.369899 0.369999 0.370000 0.370000 0.370000 0.370000 0.370000 0.370000 0.370000
0.201613 0.197660 0.193609 0.196095 0.196557 0.196465 0.195782 0.194613 0.191908 0.195397 0.195839 0.195546 0.195154 0.195133 0.195577 0.194966 0.194616 0.194849 0.197476 0.197838 0.197004 0.197953 0.198690 0.199535 0.198511 0.198764 0.198868 0.199839 0.199721 0.199001 0.200552 0.200993 0.201426 0.202924 0.203945 0.205252 0.207821 0.209745 0.212219 0.216717 0.222303 0.226063 0.226229 0.229162 0.230403 0.227664 0.225328 0.229305 0.233278 0.236316 0.244213 0.252185 0.260315 0.285972 0.322225 0.362113 0.369813 0.369995 0.370000 0.370000 0.370000 0.370000 0.370000
0.197871 0.194419 0.193855 0.195715 0.195944 0.195950 0.193848 0.191890 0.194015 0.194803 0.194669 0.193830 0.194718 0.195083 0.196239 0.195148 0.194619 0.194950 0.195241 0.195093 0.195935 0.196538 0.197038 0.199784 0.198326 0.198219 0.199182 0.198784 0.198493 0.197760 0.199564 0.200200 0.200371 0.201926 0.202834 0.203820 0.205255 0.207683 0.212421 0.215973 0.220704 0.225251 0.225881 0.226494 0.225292 0.224229 0.219044 0.218890 0.224127 0.222761 0.226515 0.233256 0.233177 0.248102 0.269089 0.285271 0.311753 0.342723 0.369469 0.369968 0.370000 0.370000 0.370000
0.193375 0.193752 0.192084 0.192562 0.192404 0.191339 0.190045 0.191671 0.191573 0.191427 0.191539 0.191057 0.191882 0.192542 0.193218 0.192849 0.192796 0.191638 0.191628 0.192855 0.192991 0.193748 0.195358 0.197533 0.196156 0.195907 0.195963 0.195477 0.195551 0.194767 0.196265 0.197414 0.197730 0.199654 0.200503 0.199557 0.201726 0.205435 0.209148 0.211596 0.215559 0.222053 0.219860 0.219580 0.220463 0.216202 0.211060 0.210940 0.212590 0.211166 0.214582 0.216613 0.216175 0.224773 0.231725 0.240054 0.253002 0.275062 0.305025 0.329465 0.360613 0.369770 0.369987
