tests/Borden05m/sims/sim_1/output-maps/thetaliqL0006N0002.asc
ncols         160
nrows         34
xllcorner     620200.000000
yllcorner     5168000.000000
cellsize      0.500000
NODATA_value  -9999.0
[rows 0 to 27 of 34, columns 63 to 125 of 160]
-9999.0 -9999.0 -9999.0 -9999.0 -9999.0 -9999.0 -9999.0 -9999.0 -9999.0 -9999.0 -9999.0 -9999.0 -9999.0 -9999.0 -9999.0 -9999.0 -9999.0 -9999.0 -9999.0 -9999.0 -9999.0 -9999.0 -9999.0 -9999.0 -9999.0 -9999.0 -9999.0 -9999.0 -9999.0 -9999.0 -9999.0 -9999.0 -9999.0 -9999.0 -9999.0 -9999.0 -9999.0 -9999.0 -9999.0 -9999.0 -9999.0 -9999.0 -9999.0 -9999.0 -9999.0 -9999.0 -9999.0 -9999.0 -9999.0 -9999.0 -9999.0 -9999.0 -9999.0 -9999.0 -9999.0 -9999.0 -9999.0 -9999.0 -9999.0 -9999.0 -9999.0 -9999.0 -9999.0
0.183979 0.177802 0.172168 0.169629 0.168970 0.168328 0.167995 0.171106 0.175898 0.180670 0.185380 0.186881 0.188455 0.190019 0.190341 0.189366 0.187084 0.184820 0.182506 0.181531 0.176041 0.168933 0.163607 0.162010 0.164600 0.167258 0.168781 0.172594 0.179560 0.186888 0.192883 0.201292 0.205291 0.209261 0.211944 0.209107 0.206665 0.204207 0.201112 0.193374 -9999.0 -9999.0 -9999.0 -9999.0 -9999.0 -9999.0 -9999.0 -9999.0 -9999.0 -9999.0 -9999.0 -9999.0 -9999.0 -9999.0 -9999.0 -9999.0 -9999.0 -9999.0 -9999.0 -9999.0 -9999.0 -9999.0 -9999.0
0.173500 0.167977 0.164634 0.161371 0.160358 0.160212 0.160127 0.162401 0.167952 0.172693 0.175596 0.177013 0.178466 0.178594 0.178232 0.177898 0.175990 0.173799 0.171654 0.170531 0.170405 0.165845 0.162805 0.160992 0.160434 0.161780 0.163072 0.164709 0.170505 0.175736 0.181177 0.190669 0.199388 0.203288 0.201755 0.198305 0.195945 0.191840 0.185502 0.178780 0.172112 0.167824 0.164844 0.162139 0.165785 0.169615 0.176196 0.183075 0.191385 0.200105 -9999.0 -9999.0 -9999.0 -9999.0 -9999.0 -9999.0 -9999.0 -9999.0 -9999.0 -9999.0 -9999.0 -9999.0 -9999.0
0.165664 0.163291 0.160468 0.158273 0.162255 0.162801 0.163348 0.165061 0.167063 0.168115 0.169714 0.172837 0.178345 0.179906 0.180133 0.180119 0.178868 0.176824 0.175655 0.173874 0.170637 0.170116 0.170405 0.170507 0.173790 0.174709 0.175445 0.171016 0.173020 0.177018 0.181545 0.186443 0.191450 0.195079 0.193135 0.192379 0.187005 0.178250 0.171264 0.166212 0.164716 0.163101 0.159049 0.152896 0.156587 0.165379 0.168294 0.170780 0.178460 0.186683 0.193758 0.195096 0.194955 0.194811 0.193140 0.183783 0.174423 0.165651 0.155398 -9999.0 -9999.0 -9999.0 -9999.0
0.166477 0.164536 0.163729 0.171321 0.177073 0.177925 0.179604 0.181566 0.180423 0.172365 0.170594 0.175846 0.182519 0.186373 0.186308 0.186153 0.185175 0.184399 0.183946 0.182227 0.183029 0.184786 0.185461 0.189063 0.192953 0.194826 0.188542 0.182311 0.182528 0.187652 0.193126 0.198477 0.206782 0.215988 0.215137 0.210987 0.204709 0.195143 0.179561 0.167391 0.161650 0.158388 0.154963 0.154514 0.153758 0.159395 0.160595 0.161690 0.166914 0.173290 0.179777 0.183665 0.183501 0.183326 0.181887 0.175939 0.167081 0.158833 0.150349 0.138731 0.127533 0.118332 0.118136
0.169532 0.171633 0.180070 0.189179 0.199819 0.201384 0.202951 0.202546 0.195123 0.187831 0.184664 0.195076 0.206258 0.212275 0.212870 0.213493 0.220073 0.218094 0.215584 0.211009 0.212881 0.215382 0.224722 0.230499 0.235630 0.233974 0.224724 0.216399 0.214832 0.216080 0.217341 0.221922 0.230459 0.239065 0.235551 0.229855 0.221872 0.200163 0.180881 0.170389 0.171260 0.171890 0.169460 0.167840 0.165779 0.161446 0.161431 0.161376 0.161293 0.168387 0.175969 0.178314 0.174673 0.172622 0.171388 0.166234 0.160190 0.152249 0.144135 0.136018 0.125270 0.122761 0.120306
0.199063 0.204942 0.214745 0.229192 0.248247 0.250958 0.253872 0.257260 0.248562 0.238745 0.228999 0.240943 0.248368 0.255565 0.258420 0.267966 0.275913 0.271590 0.264207 0.256530 0.261642 0.273100 0.284447 0.288805 0.290922 0.291423 0.284408 0.280623 0.278359 0.278418 0.275245 0.277339 0.286339 0.298061 0.298783 0.290969 0.273956 0.245965 0.218135 0.201113 0.204195 0.199986 0.196179 0.193265 0.183727 0.176305 0.176253 0.170536 0.166929 0.173960 0.177896 0.179278 0.175553 0.179222 0.174362 0.163862 0.154419 0.146611 0.140032 0.133898 0.130977 0.127516 0.124875
0.236141 0.242910 0.257477 0.276340 0.294654 0.303197 0.308171 0.313718 0.309295 0.303208 0.296752 0.300089 0.308672 0.316315 0.323104 0.329784 0.335606 0.332686 0.327809 0.326460 0.328529 0.336489 0.342561 0.344567 0.345541 0.347360 0.345490 0.342535 0.338897 0.335121 0.331515 0.329023 0.336382 0.342698 0.342190 0.331851 0.319290 0.298317 0.271861 0.244749 0.240313 0.240456 0.239635 0.227470 0.215681 0.201222 0.193140 0.187184 0.177241 0.180166 0.184255 0.191896 0.199274 0.198750 0.187345 0.176046 0.164440 0.154109 0.146954 0.144852 0.142605 0.138472 0.135885
0.320281 0.323032 0.329438 0.341840 0.353589 0.359801 0.363679 0.364212 0.362768 0.361052 0.358062 0.356410 0.359261 0.361532 0.363444 0.365060 0.366379 0.367108 0.367104 0.367124 0.367310 0.367561 0.367954 0.368386 0.368803 0.369155 0.369254 0.368977 0.368500 0.367704 0.366810 0.366450 0.366251 0.366789 0.366757 0.364902 0.361068 0.354607 0.343142 0.329299 0.317531 0.318552 0.310423 0.299394 0.283712 0.254796 0.238958 0.225656 0.202666 0.199290 0.208018 0.219528 0.225374 0.212948 0.200802 0.187564 0.174086 0.161991 0.158411 0.157771 0.156189 0.153239 0.151928
0.362832 0.363545 0.364642 0.367762 0.369399 0.369878 0.369981 0.369993 0.369980 0.369951 0.369891 0.369806 0.369802 0.369900 0.369969 0.369995 0.369999 0.370000 0.370000 0.370000 0.370000 0.370000 0.370000 0.370000 0.370000 0.370000 0.370000 0.370000 0.370000 0.370000 0.369999 0.369996 0.369993 0.369988 0.369987 0.369984 0.369904 0.369614 0.368624 0.365984 0.362789 0.359233 0.355041 0.349548 0.333414 0.311683 0.288638 0.266809 0.244032 0.239827 0.261651 0.282116 0.274710 0.265715 0.251507 0.231429 0.212014 0.193187 0.187998 0.185860 0.182076 0.177922 0.174004
0.369966 0.369981 0.369995 0.370000 0.370000 0.370000 0.370000 0.370000 0.370000 0.370000 0.370000 0.370000 0.370000 0.370000 0.370000 0.370000 0.370000 0.370000 0.370000 0.370000 0.370000 0.370000 0.370000 0.370000 0.370000 0.370000 0.370000 0.370000 0.370000 0.370000 0.370000 0.370000 0.370000 0.370000 0.370000 0.370000 0.370000 0.370000 0.370000 0.369997 0.369904 0.369618 0.369255 0.368675 0.367829 0.364047 0.360258 0.352746 0.339947 0.326154 0.340321 0.336590 0.331400 0.322390 0.306780 0.288677 0.268445 0.246754 0.237926 0.233388 0.227206 0.222129 0.215264
0.370000 0.370000 0.370000 0.370000 0.370000 0.370000 0.370000 0.370000 0.370000 0.370000 0.370000 0.370000 0.370000 0.370000 0.370000 0.370000 0.370000 0.370000 0.370000 0.370000 0.370000 0.370000 0.370000 0.370000 0.370000 0.370000 0.370000 0.370000 0.370000 0.370000 0.370000 0.370000 0.370000 0.370000 0.370000 0.370000 0.370000 0.370000 0.370000 0.370000 0.370000 0.370000 0.370000 0.370000 0.370000 0.369998 0.369984 0.369877 0.369199 0.366958 0.365047 0.363557 0.361525 0.356296 0.348143 0.339260 0.322928 0.302866 0.287937 0.282213 0.276533 0.269270 0.259657
0.370000 0.370000 0.370000 0.370000 0.370000 0.370000 0.370000 0.370000 0.370000 0.370000 0.370000 0.370000 0.370000 0.370000 0.370000 0.370000 0.370000 0.370000 0.370000 0.370000 0.370000 0.370000 0.370000 0.370000 0.370000 0.370000 0.370000 0.370000 0.370000 0.370000 0.370000 0.370000 0.370000 0.370000 0.370000 0.370000 0.370000 0.370000 0.370000 0.370000 0.370000 0.370000 0.370000 0.370000 0.370000 0.370000 0.370000 0.370000 0.370000 0.370000 0.369962 0.369869 0.369655 0.368985 0.367958 0.366793 0.362656 0.355195 0.346758 0.342219 0.333428 0.323106 0.313395
0.370000 0.370000 0.370000 0.370000 0.370000 0.370000 0.370000 0.370000 0.370000 0.370000 0.370000 0.370000 0.370000 0.370000 0.370000 0.370000 0.370000 0.370000 0.370000 0.370000 0.370000 0.370000 0.370000 0.370000 0.370000 0.370000 0.370000 0.370000 0.370000 0.370000 0.370000 0.370000 0.370000 0.370000 0.370000 0.370000 0.370000 0.370000 0.370000 0.370000 0.370000 0.370000 0.370000 0.370000 0.370000 0.370000 0.370000 0.370000 0.370000 0.370000 0.370000 0.370000 0.370000 0.370000 0.370000 0.369999 0.369931 0.369404 0.367921 0.366002 0.362363 0.358067 0.352910
0.370000 0.370000 0.370000 0.370000 0.370000 0.370000 0.370000 0.370000 0.370000 0.370000 0.370000 0.370000 0.370000 0.370000 0.370000 0.370000 0.370000 0.370000 0.370000 0.370000 0.370000 0.370000 0.370000 0.370000 0.370000 0.370000 0.370000 0.370000 0.370000 0.370000 0.370000 0.370000 0.370000 0.370000 0.370000 0.370000 0.370000 0.370000 0.370000 0.370000 0.370000 0.370000 0.370000 0.370000 0.370000 0.370000 0.370000 0.370000 0.370000 0.370000 0.370000 0.370000 0.370000 0.370000 0.370000 0.370000 0.370000 0.370000 0.369999 0.369935 0.369602 0.368753 0.367326
0.370000 0.370000 0.370000 0.370000 0.370000 0.370000 0.370000 0.370000 0.370000 0.370000 0.370000 0.370000 0.370000 0.370000 0.370000 0.370000 0.370000 0.370000 0.370000 0.370000 0.370000 0.370000 0.370000 0.370000 0.370000 0.370000 0.370000 0.370000 0.370000 0.370000 0.370000 0.370000 0.370000 0.370000 0.370000 0.370000 0.370000 0.370000 0.370000 0.370000 0.370000 0.370000 0.370000 0.370000 0.370000 0.370000 0.370000 0.370000 0.370000 0.370000 0.370000 0.370000 0.370000 0.370000 0.370000 0.370000 0.370000 0.370000 0.370000 0.370000 0.370000 0.369999 0.369961
0.370000 0.370000 0.370000 0.370000 0.370000 0.370000 0.370000 0.370000 0.370000 0.370000 0.370000 0.370000 0.370000 0.370000 0.370000 0.370000 0.370000 0.370000 0.370000 0.370000 0.370000 0.370000 0.370000 0.370000 0.370000 0.370000 0.370000 0.370000 0.370000 0.370000 0.370000 0.370000 0.370000 0.370000 0.370000 0.370000 0.370000 0.370000 0.370000 0.370000 0.370000 0.370000 0.370000 0.370000 0.370000 0.370000 0.370000 0.370000 0.370000 0.370000 0.370000 0.370000 0.370000 0.370000 0.370000 0.370000 0.370000 0.370000 0.370000 0.370000 0.370000 0.370000 0.370000
0.370000 0.370000 0.370000 0.370000 0.370000 0.370000 0.370000 0.370000 0.370000 0.370000 0.370000 0.370000 0.370000 0.370000 0.370000 0.370000 0.370000 0.370000 0.370000 0.370000 0.370000 0.370000 0.370000 0.370000 0.370000 0.370000 0.370000 0.370000 0.370000 0.370000 0.370000 0.370000 0.370000 0.370000 0.370000 0.370000 0.370000 0.370000 0.370000 0.370000 0.370000 0.370000 0.370000 0.370000 0.370000 0.370000 0.370000 0.370000 0.370000 0.370000 0.370000 0.370000 0.370000 0.370000 0.370000 0.370000 0.370000 0.370000 0.370000 0.370000 0.370000 0.370000 0.370000
0.370000 0.370000 0.370000 0.370000 0.370000 0.370000 0.370000 0.370000 0.370000 0.370000 0.370000 0.370000 0.370000 0.370000 0.370000 0.369993 0.369985 0.369977 0.369968 0.369986 0.369992 0.369989 0.369975 0.369948 0.369927 0.369913 0.369936 0.369980 0.369997 0.370000 0.370000 0.370000 0.370000 0.370000 0.370000 0.370000 0.370000 0.370000 0.370000 0.370000 0.370000 0.370000 0.370000 0.370000 0.370000 0.370000 0.370000 0.370000 0.370000 0.370000 0.370000 0.370000 0.370000 0.370000 0.370000 0.370000 0.370000 0.370000 0.370000 0.370000 0.370000 0.370000 0.370000
0.370000 0.370000 0.370000 0.370000 0.370000 0.369999 0.369977 0.369946 0.369906 0.369739 0.369549 0.369356 0.369307 0.368779 0.367714 0.366481 0.365748 0.365185 0.363918 0.363423 0.364042 0.365152 0.364248 0.363625 0.363870 0.363501 0.363229 0.364545 0.366274 0.367105 0.367720 0.368126 0.368276 0.368503 0.369273 0.369624 0.369843 0.369965 0.369998 0.370000 0.370000 0.370000 0.370000 0.370000 0.370000 0.370000 0.370000 0.370000 0.370000 0.370000 0.370000 0.370000 0.370000 0.370000 0.370000 0.370000 0.370000 0.370000 0.370000 0.370000 0.370000 0.370000 0.370000
0.370000 0.370000 0.369994 0.369747 0.368824 0.367503 0.365367 0.363496 0.360033 0.353208 0.347448 0.348193 0.350392 0.349304 0.344119 0.338825 0.334461 0.328925 0.321138 0.315818 0.320484 0.325368 0.327147 0.328047 0.329764 0.330070 0.329299 0.328199 0.332945 0.336821 0.340873 0.344150 0.347054 0.354631 0.359780 0.362410 0.365027 0.366966 0.368442 0.369370 0.369787 0.369926 0.369986 0.370000 0.370000 0.370000 0.370000 0.370000 0.370000 0.370000 0.370000 0.370000 0.370000 0.370000 0.370000 0.370000 0.370000 0.370000 0.370000 0.370000 0.370000 0.370000 0.370000
0.369614 0.368697 0.365358 0.358844 0.351945 0.344125 0.334544 0.322475 0.305538 0.286999 0.273476 0.278858 0.284153 0.290537 0.281378 0.272065 0.266843 0.255896 0.245026 0.234559 0.241254 0.248371 0.259704 0.262073 0.264255 0.268521 0.267103 0.265411 0.260782 0.267443 0.274282 0.282968 0.300262 0.315570 0.328265 0.337256 0.344785 0.351711 0.357624 0.362053 0.365253 0.366978 0.368204 0.369135 0.369686 0.369924 0.369995 0.370000 0.370000 0.370000 0.370000 0.370000 0.370000 0.370000 0.370000 0.370000 0.370000 0.370000 0.370000 0.370000 0.370000 0.370000 0.370000
0.348152 0.335972 0.315173 0.301128 0.288165 0.271710 0.255764 0.239997 0.219897 0.203102 0.187762 0.190769 0.199190 0.209052 0.203063 0.199558 0.197264 0.189254 0.180441 0.172145 0.174428 0.183525 0.194496 0.198689 0.202859 0.208071 0.207942 0.203395 0.197344 0.201039 0.210083 0.221290 0.237774 0.254927 0.271202 0.285360 0.300189 0.314425 0.327114 0.338654 0.348168 0.353573 0.358856 0.362966 0.365504 0.366837 0.368102 0.369289 0.369755 0.369945 0.369995 0.370000 0.370000 0.370000 0.370000 0.370000 0.370000 0.370000 0.370000 0.370000 0.370000 0.370000 0.370000
0.265228 0.242039 0.226764 0.213035 0.200048 0.187701 0.175132 0.163795 0.153424 0.143202 0.134519 0.136731 0.142693 0.148936 0.149661 0.148226 0.146801 0.143056 0.137212 0.132121 0.135263 0.141882 0.149054 0.153749 0.157099 0.160488 0.158908 0.154547 0.150621 0.154349 0.162268 0.170699 0.181572 0.195519 0.210478 0.226007 0.242778 0.259723 0.278043 0.295875 0.312162 0.325825 0.336864 0.345790 0.349579 0.353013 0.355755 0.359766 0.363047 0.365768 0.367756 0.369026 0.369805 0.369997 0.370000 0.370000 0.370000 0.370000 0.370000 0.370000 0.370000 0.370000 0.370000
0.194469 0.175424 0.161764 0.152472 0.147581 0.140954 0.132961 0.127839 0.122076 0.115853 0.115196 0.116452 0.120502 0.121512 0.121773 0.120814 0.120468 0.118855 0.115107 0.116497 0.118916 0.123863 0.127765 0.131202 0.133672 0.135368 0.134970 0.131859 0.132641 0.135539 0.141772 0.147143 0.154724 0.165992 0.176185 0.188497 0.203333 0.219611 0.237579 0.256896 0.277320 0.294821 0.308138 0.314313 0.320636 0.324590 0.322308 0.330132 0.337248 0.343685 0.351348 0.357417 0.363107 0.367610 0.369617 0.369991 0.370000 0.370000 0.370000 0.370000 0.370000 0.370000 0.370000
0.141356 0.129621 0.121100 0.118069 0.115071 0.111944 0.108561 0.105421 0.102577 0.102286 0.101856 0.101889 0.102444 0.103090 0.103597 0.103372 0.103140 0.103175 0.104182 0.105095 0.106343 0.108909 0.111710 0.114390 0.115536 0.116728 0.117453 0.118235 0.118951 0.120330 0.124093 0.128173 0.133212 0.140242 0.148064 0.157443 0.169660 0.183258 0.199169 0.218273 0.238554 0.254278 0.262045 0.269812 0.273192 0.270174 0.267202 0.274075 0.283451 0.292227 0.306558 0.320164 0.331891 0.350116 0.361953 0.367485 0.369410 0.369941 0.370000 0.370000 0.370000 0.370000 0.370000
0.114769 0.107872 0.103709 0.101700 0.099794 0.097946 0.095691 0.093943 0.093531 0.093214 0.092926 0.092737 0.093240 0.093775 0.094403 0.094317 0.094342 0.094718 0.095370 0.096256 0.097761 0.099704 0.101956 0.104864 0.105803 0.106813 0.108032 0.108616 0.109329 0.110390 0.113388 0.116655 0.120427 0.126054 0.132501 0.140343 0.150560 0.163815 0.181256 0.199005 0.218005 0.234471 0.241483 0.245112 0.243953 0.239749 0.230624 0.230616 0.239844 0.243322 0.254919 0.271639 0.282506 0.309959 0.335909 0.349210 0.359135 0.365273 0.368752 0.369686 0.369975 0.370000 0.370000
0.099003 0.095775 0.092869 0.091210 0.089898 0.088690 0.087664 0.087343 0.087010 0.086797 0.086664 0.086523 0.086802 0.087243 0.087692 0.087884 0.088161 0.088455 0.089128 0.090209 0.091339 0.092975 0.095142 0.097525 0.098523 0.099482 0.100481 0.101179 0.101974 0.102777 0.104994 0.107659 0.110526 0.115225 0.120742 0.126996 0.136920 0.150328 0.166058 0.181667 0.198804 0.216431 0.219076 0.220234 0.219788 0.210106 0.198985 0.195628 0.198061 0.198972 0.206232 0.216023 0.226000 0.250251 0.274644 0.297992 0.321831 0.344358 0.358404 0.364031 0.367484 0.369233 0.369860
