tests/Borden05m/sims/sim_1/output-maps/thetaliqL0008N0019.asc
ncols         160
nrows         34
xllcorner     620200.000000
yllcorner     5168000.000000
cellsize      0.500000
NODATA_value  -9999.0
[rows 0 to 27 of 34, columns 0 to 62 of 160]
-9999.0 -9999.0 -9999.0 -9999.0 -9999.0 -9999.0 -9999.0 -9999.0 -9999.0 -9999.0 -9999.0 -9999.0 -9999.0 -9999.0 -9999.0 -9999.0 -9999.0 -9999.0 -9999.0 -9999.0 -9999.0 -9999.0 -9999.0 -9999.0 -9999.0 -9999.0 -9999.0 -9999.0 -9999.0 -9999.0 -9999.0 -9999.0 -9999.0 -9999.0 -9999.0 -9999.0 -9999.0 -9999.0 -9999.0 -9999.0 -9999.0 -9999.0 -9999.0 -9999.0 -9999.0 -9999.0 -9999.0 -9999.0 -9999.0 -9999.0 -9999.0 -9999.0 -9999.0 -9999.0 -9999.0 -9999.0 -9999.0 -9999.0 -9999.0 -9999.0 -9999.0 -9999.0 -9999.0
-9999.0 -9999.0 -9999.0 -9999.0 -9999.0 -9999.0 -9999.0 -9999.0 -9999.0 -9999.0 -9999.0 -9999.0 -9999.0 -9999.0 -9999.0 -9999.0 -9999.0 -9999.0 -9999.0 -9999.0 -9999.0 -9999.0 -9999.0 -9999.0 -9999.0 -9999.0 -9999.0 -9999.0 -9999.0 -9999.0 -9999.0 -9999.0 -9999.0 -9999.0 -9999.0 -9999.0 -9999.0 -9999.0 -9999.0 -9999.0 -9999.0 -9999.0 -9999.0 -9999.0 -9999.0 -9999.0 -9999.0 -9999.0 -9999.0 -9999.0 -9999.0 -9999.0 -9999.0 -9999.0 -9999.0 -9999.0 -9999.0 -9999.0 -9999.0 0.369481 0.369380 0.369266 0.369143
-9999.0 -9999.0 -9999.0 -9999.0 -9999.0 -9999.0 -9999.0 -9999.0 -9999.0 -9999.0 -9999.0 -9999.0 -9999.0 -9999.0 -9999.0 -9999.0 -9999.0 -9999.0 -9999.0 -9999.0 -9999.0 -9999.0 -9999.0 -9999.0 -9999.0 -9999.0 -9999.0 -9999.0 -9999.0 -9999.0 -9999.0 -9999.0 -9999.0 -9999.0 -9999.0 -9999.0 -9999.0 -9999.0 -9999.0 -9999.0 -9999.0 -9999.0 -9999.0 -9999.0 -9999.0 -9999.0 -9999.0 0.358528 0.354384 0.349404 0.348858 0.355484 0.360458 0.364009 0.366140 0.367500 0.368455 0.369104 0.369188 0.368888 0.368726 0.368601 0.368511
-9999.0 -9999.0 -9999.0 -9999.0 -9999.0 -9999.0 -9999.0 -9999.0 -9999.0 -9999.0 -9999.0 -9999.0 -9999.0 -9999.0 -9999.0 -9999.0 -9999.0 -9999.0 -9999.0 -9999.0 -9999.0 -9999.0 -9999.0 -9999.0 -9999.0 -9999.0 -9999.0 -9999.0 -9999.0 -9999.0 -9999.0 -9999.0 -9999.0 -9999.0 -9999.0 -9999.0 -9999.0 -9999.0 -9999.0 -9999.0 0.365566 0.366102 0.366240 0.365204 0.363892 0.362241 0.358674 0.354459 0.349861 0.348875 0.349687 0.351482 0.357496 0.362027 0.364617 0.366318 0.367653 0.368595 0.368700 0.368257 0.367830 0.367577 0.367573
-9999.0 -9999.0 -9999.0 -9999.0 -9999.0 -9999.0 -9999.0 -9999.0 -9999.0 -9999.0 -9999.0 -9999.0 -9999.0 -9999.0 -9999.0 -9999.0 -9999.0 -9999.0 -9999.0 -9999.0 -9999.0 -9999.0 -9999.0 -9999.0 -9999.0 -9999.0 -9999.0 -9999.0 -9999.0 -9999.0 -9999.0 -9999.0 -9999.0 -9999.0 0.346080 0.351865 0.356630 0.360388 0.363018 0.363878 0.364577 0.365204 0.364761 0.364181 0.362649 0.359488 0.355026 0.350951 0.350054 0.349156 0.350536 0.354314 0.358251 0.361340 0.364297 0.366551 0.367212 0.367927 0.368080 0.367811 0.367853 0.367922 0.367995
-9999.0 -9999.0 -9999.0 -9999.0 -9999.0 -9999.0 -9999.0 -9999.0 -9999.0 -9999.0 -9999.0 -9999.0 -9999.0 -9999.0 -9999.0 -9999.0 -9999.0 -9999.0 -9999.0 -9999.0 -9999.0 -9999.0 -9999.0 -9999.0 -9999.0 -9999.0 -9999.0 -9999.0 0.347822 0.345671 0.343637 0.342965 0.342364 0.341795 0.344505 0.348889 0.354327 0.359237 0.361510 0.362592 0.363479 0.363566 0.362889 0.362540 0.362535 0.360611 0.358323 0.355803 0.353006 0.352648 0.355202 0.358369 0.361344 0.363520 0.365291 0.366493 0.367568 0.368603 0.368898 0.368693 0.368465 0.368308 0.368331
-9999.0 -9999.0 -9999.0 -9999.0 -9999.0 -9999.0 -9999.0 -9999.0 -9999.0 -9999.0 -9999.0 -9999.0 -9999.0 -9999.0 -9999.0 -9999.0 -9999.0 -9999.0 -9999.0 -9999.0 -9999.0 -9999.0 -9999.0 0.336159 0.338884 0.341580 0.344420 0.344684 0.342933 0.340514 0.339037 0.338236 0.337445 0.339296 0.342762 0.347815 0.352779 0.358099 0.359800 0.360986 0.362918 0.363191 0.363776 0.364242 0.363990 0.363635 0.361913 0.360422 0.361427 0.362403 0.363297 0.364233 0.365624 0.366939 0.368029 0.368877 0.369420 0.369704 0.369843 0.369804 0.369729 0.369598 0.369605
-9999.0 -9999.0 -9999.0 -9999.0 -9999.0 -9999.0 -9999.0 -9999.0 -9999.0 -9999.0 -9999.0 -9999.0 -9999.0 -9999.0 -9999.0 -9999.0 -9999.0 -9999.0 -9999.0 0.323445 0.323838 0.324293 0.326721 0.327195 0.328325 0.331866 0.335726 0.336579 0.335763 0.334854 0.335473 0.336604 0.338385 0.343150 0.348190 0.352582 0.356283 0.360588 0.362923 0.364685 0.366261 0.366117 0.365684 0.365446 0.365470 0.365529 0.366116 0.366449 0.366897 0.367324 0.367762 0.368219 0.368668 0.369226 0.369605 0.369819 0.369925 0.369972 0.369991 0.369990 0.369980 0.369961 0.369962
-9999.0 -9999.0 -9999.0 -9999.0 -9999.0 -9999.0 -9999.0 -9999.0 -9999.0 -9999.0 -9999.0 -9999.0 -9999.0 -9999.0 -9999.0 -9999.0 0.305910 0.307068 0.308335 0.311716 0.313146 0.315496 0.319539 0.320022 0.322169 0.326050 0.328643 0.332870 0.336490 0.339670 0.342065 0.343068 0.345968 0.349278 0.352889 0.356911 0.361263 0.364457 0.366112 0.367363 0.368268 0.368278 0.368218 0.368264 0.368306 0.368650 0.369212 0.369364 0.369449 0.369720 0.369843 0.369879 0.369915 0.369966 0.369992 0.369999 0.370000 0.370000 0.370000 0.370000 0.370000 0.370000 0.370000
-9999.0 -9999.0 -9999.0 -9999.0 -9999.0 -9999.0 -9999.0 -9999.0 -9999.0 -9999.0 -9999.0 -9999.0 -9999.0 0.273311 0.276491 0.283429 0.289366 0.290826 0.293494 0.297409 0.305733 0.307919 0.311849 0.316526 0.323124 0.327704 0.332382 0.337864 0.341448 0.344261 0.346857 0.349139 0.353320 0.357220 0.360478 0.363631 0.366005 0.367586 0.368618 0.369108 0.369432 0.369504 0.369478 0.369510 0.369636 0.369822 0.369926 0.369964 0.369991 0.369999 0.370000 0.370000 0.370000 0.370000 0.370000 0.370000 0.370000 0.370000 0.370000 0.370000 0.370000 0.370000 0.370000
-9999.0 -9999.0 -9999.0 -9999.0 -9999.0 -9999.0 -9999.0 -9999.0 -9999.0 -9999.0 0.244863 0.246919 0.243987 0.244592 0.248136 0.257558 0.267917 0.273248 0.281764 0.296874 0.308506 0.310647 0.319797 0.325376 0.328810 0.334144 0.340061 0.345244 0.351123 0.354718 0.357799 0.361762 0.364113 0.365883 0.367283 0.368365 0.369113 0.369677 0.369894 0.369949 0.369988 0.369996 0.369995 0.369996 0.369998 0.370000 0.370000 0.370000 0.370000 0.370000 0.370000 0.370000 0.370000 0.370000 0.370000 0.370000 0.370000 0.370000 0.370000 0.370000 0.370000 0.370000 0.370000
-9999.0 -9999.0 -9999.0 -9999.0 -9999.0 -9999.0 -9999.0 -9999.0 0.225736 0.231023 0.235997 0.233409 0.229438 0.226776 0.236943 0.249558 0.262257 0.275542 0.287627 0.300443 0.310943 0.321146 0.331559 0.337185 0.342249 0.347888 0.352232 0.356946 0.361221 0.363515 0.365749 0.367490 0.368513 0.369128 0.369524 0.369762 0.369934 0.369992 0.370000 0.370000 0.370000 0.370000 0.370000 0.370000 0.370000 0.370000 0.370000 0.370000 0.370000 0.370000 0.370000 0.370000 0.370000 0.370000 0.370000 0.370000 0.370000 0.370000 0.370000 0.370000 0.370000 0.370000 0.370000
-9999.0 -9999.0 -9999.0 -9999.0 -9999.0 -9999.0 0.206184 0.224622 0.236240 0.229858 0.223446 0.220745 0.217958 0.232622 0.249626 0.263014 0.276051 0.289118 0.300768 0.310821 0.331324 0.338962 0.345080 0.351798 0.355619 0.358804 0.361970 0.365108 0.367170 0.368835 0.369564 0.369852 0.369960 0.369989 0.369997 0.370000 0.370000 0.370000 0.370000 0.370000 0.370000 0.370000 0.370000 0.370000 0.370000 0.370000 0.370000 0.370000 0.370000 0.370000 0.370000 0.370000 0.370000 0.370000 0.370000 0.370000 0.370000 0.370000 0.370000 0.370000 0.370000 0.370000 0.370000
-9999.0 -9999.0 -9999.0 -9999.0 0.182792 0.197149 0.212332 0.236527 0.254729 0.250146 0.256018 0.256395 0.255298 0.257051 0.261408 0.275499 0.288867 0.301589 0.314112 0.335273 0.351323 0.355995 0.361552 0.365716 0.366934 0.367896 0.368625 0.369323 0.369771 0.369957 0.369999 0.370000 0.370000 0.370000 0.370000 0.370000 0.370000 0.370000 0.370000 0.370000 0.370000 0.370000 0.370000 0.370000 0.370000 0.370000 0.370000 0.370000 0.370000 0.370000 0.370000 0.370000 0.370000 0.370000 0.370000 0.370000 0.370000 0.370000 0.370000 0.370000 0.370000 0.370000 0.370000
-9999.0 -9999.0 -9999.0 0.155158 0.177506 0.202688 0.223644 0.248434 0.273719 0.278792 0.285045 0.290027 0.295065 0.301468 0.308431 0.318671 0.326556 0.332939 0.342337 0.354614 0.362225 0.366370 0.368449 0.369406 0.369748 0.369873 0.369944 0.369987 0.370000 0.370000 0.370000 0.370000 0.370000 0.370000 0.370000 0.370000 0.370000 0.370000 0.370000 0.370000 0.370000 0.370000 0.370000 0.370000 0.370000 0.370000 0.370000 0.370000 0.370000 0.370000 0.370000 0.370000 0.370000 0.370000 0.370000 0.370000 0.370000 0.370000 0.370000 0.370000 0.370000 0.370000 0.370000
-9999.0 -9999.0 0.133718 0.150278 0.169802 0.204825 0.246003 0.272833 0.303320 0.319699 0.323977 0.333995 0.341778 0.345287 0.351201 0.356049 0.358959 0.359622 0.361883 0.366323 0.369158 0.369869 0.369979 0.370000 0.370000 0.370000 0.370000 0.370000 0.370000 0.370000 0.370000 0.370000 0.370000 0.370000 0.370000 0.370000 0.370000 0.370000 0.370000 0.370000 0.370000 0.370000 0.370000 0.370000 0.370000 0.370000 0.370000 0.370000 0.370000 0.370000 0.370000 0.370000 0.370000 0.370000 0.370000 0.370000 0.370000 0.370000 0.370000 0.370000 0.370000 0.370000 0.370000
-9999.0 -9999.0 0.124472 0.141890 0.164031 0.211681 0.271739 0.300308 0.327401 0.347146 0.353322 0.359117 0.362671 0.365154 0.367261 0.368553 0.368740 0.368859 0.368888 0.369836 0.369994 0.370000 0.370000 0.370000 0.370000 0.370000 0.370000 0.370000 0.370000 0.370000 0.370000 0.370000 0.370000 0.370000 0.370000 0.370000 0.370000 0.370000 0.370000 0.370000 0.370000 0.370000 0.370000 0.370000 0.370000 0.370000 0.370000 0.370000 0.370000 0.370000 0.370000 0.370000 0.370000 0.370000 0.370000 0.370000 0.370000 0.370000 0.370000 0.370000 0.370000 0.370000 0.370000
-9999.0 0.101563 0.113819 0.131943 0.166518 0.214377 0.283831 0.335419 0.353817 0.362597 0.366058 0.367679 0.369553 0.369944 0.369988 0.369999 0.369999 0.369999 0.369998 0.370000 0.370000 0.370000 0.370000 0.370000 0.370000 0.370000 0.370000 0.370000 0.370000 0.370000 0.370000 0.370000 0.370000 0.370000 0.370000 0.370000 0.370000 0.370000 0.370000 0.370000 0.370000 0.370000 0.370000 0.370000 0.370000 0.370000 0.370000 0.370000 0.370000 0.370000 0.370000 0.370000 0.370000 0.370000 0.370000 0.370000 0.370000 0.370000 0.370000 0.370000 0.370000 0.370000 0.370000
-9999.0 0.095516 0.107379 0.129418 0.163584 0.217538 0.306668 0.360190 0.366312 0.368490 0.369432 0.369919 0.370000 0.370000 0.370000 0.370000 0.370000 0.370000 0.370000 0.370000 0.370000 0.370000 0.370000 0.370000 0.370000 0.370000 0.370000 0.370000 0.370000 0.370000 0.370000 0.370000 0.370000 0.370000 0.370000 0.370000 0.370000 0.370000 0.370000 0.370000 0.370000 0.370000 0.370000 0.370000 0.370000 0.370000 0.370000 0.370000 0.370000 0.370000 0.370000 0.370000 0.370000 0.370000 0.370000 0.370000 0.370000 0.370000 0.370000 0.370000 0.370000 0.370000 0.370000
-9999.0 0.092054 0.104027 0.121811 0.153473 0.241216 0.329312 0.365555 0.369631 0.369930 0.369997 0.370000 0.370000 0.370000 0.370000 0.370000 0.370000 0.370000 0.370000 0.370000 0.370000 0.370000 0.370000 0.370000 0.370000 0.370000 0.370000 0.370000 0.370000 0.370000 0.370000 0.370000 0.370000 0.370000 0.370000 0.370000 0.370000 0.370000 0.370000 0.370000 0.370000 0.370000 0.370000 0.370000 0.370000 0.370000 0.370000 0.370000 0.370000 0.370000 0.370000 0.370000 0.370000 0.370000 0.370000 0.370000 0.370000 0.370000 0.370000 0.370000 0.370000 0.370000 0.370000
-9999.0 0.082932 0.091811 0.102465 0.148075 0.262726 0.342412 0.368883 0.369998 0.370000 0.370000 0.370000 0.370000 0.370000 0.370000 0.370000 0.370000 0.370000 0.370000 0.370000 0.370000 0.370000 0.370000 0.370000 0.370000 0.370000 0.370000 0.370000 0.370000 0.370000 0.370000 0.370000 0.370000 0.370000 0.370000 0.370000 0.370000 0.370000 0.370000 0.370000 0.370000 0.370000 0.370000 0.370000 0.370000 0.370000 0.370000 0.370000 0.370000 0.370000 0.370000 0.370000 0.370000 0.370000 0.370000 0.370000 0.370000 0.370000 0.370000 0.370000 0.370000 0.370000 0.370000
-9999.0 0.077675 0.082813 0.095095 0.136716 0.241839 0.342506 0.369380 0.370000 0.370000 0.370000 0.370000 0.370000 0.370000 0.370000 0.370000 0.370000 0.370000 0.370000 0.370000 0.370000 0.370000 0.370000 0.370000 0.370000 0.370000 0.370000 0.370000 0.370000 0.370000 0.370000 0.370000 0.370000 0.370000 0.370000 0.370000 0.370000 0.370000 0.370000 0.370000 0.370000 0.370000 0.370000 0.370000 0.370000 0.370000 0.370000 0.370000 0.370000 0.370000 0.370000 0.370000 0.370000 0.370000 0.370000 0.370000 0.370000 0.370000 0.370000 0.370000 0.370000 0.370000 0.370000
-9999.0 0.074209 0.079284 0.088040 0.113132 0.174684 0.281162 0.361915 0.369949 0.370000 0.370000 0.370000 0.370000 0.370000 0.370000 0.370000 0.370000 0.370000 0.370000 0.370000 0.370000 0.370000 0.370000 0.370000 0.370000 0.370000 0.370000 0.370000 0.370000 0.370000 0.370000 0.370000 0.370000 0.370000 0.370000 0.370000 0.370000 0.370000 0.370000 0.370000 0.370000 0.370000 0.370000 0.370000 0.370000 0.370000 0.370000 0.370000 0.370000 0.370000 0.370000 0.370000 0.370000 0.370000 0.370000 0.370000 0.370000 0.370000 0.370000 0.370000 0.370000 0.370000 0.370000
-9999.0 -9999.0 0.075860 0.082319 0.095750 0.128687 0.200861 0.321342 0.367018 0.370000 0.370000 0.370000 0.370000 0.370000 0.370000 0.370000 0.370000 0.370000 0.370000 0.370000 0.370000 0.370000 0.370000 0.370000 0.370000 0.370000 0.370000 0.370000 0.370000 0.370000 0.370000 0.370000 0.370000 0.370000 0.370000 0.370000 0.370000 0.370000 0.370000 0.370000 0.370000 0.370000 0.370000 0.370000 0.370000 0.370000 0.370000 0.370000 0.370000 0.370000 0.370000 0.370000 0.370000 0.370000 0.370000 0.370000 0.370000 0.370000 0.370000 0.370000 0.370000 0.370000 0.370000
-9999.0 -9999.0 0.073153 0.077214 0.085866 0.105292 0.141012 0.209036 0.329167 0.365311 0.369768 0.369999 0.370000 0.370000 0.370000 0.370000 0.370000 0.370000 0.370000 0.370000 0.370000 0.370000 0.370000 0.370000 0.370000 0.370000 0.370000 0.370000 0.370000 0.370000 0.370000 0.370000 0.370000 0.370000 0.370000 0.370000 0.370000 0.370000 0.370000 0.370000 0.370000 0.370000 0.370000 0.370000 0.370000 0.370000 0.370000 0.370000 0.370000 0.370000 0.370000 0.370000 0.370000 0.370000 0.370000 0.370000 0.370000 0.370000 0.370000 0.370000 0.369997 0.369972 0.369862
-9999.0 -9999.0 -9999.0 0.074283 0.078573 0.085120 0.097953 0.116155 0.158136 0.240168 0.318882 0.358559 0.367206 0.369378 0.369909 0.369994 0.370000 0.370000 0.370000 0.370000 0.370000 0.370000 0.370000 0.370000 0.370000 0.370000 0.370000 0.370000 0.370000 0.370000 0.370000 0.370000 0.370000 0.370000 0.370000 0.370000 0.370000 0.370000 0.370000 0.370000 0.370000 0.370000 0.370000 0.370000 0.370000 0.370000 0.370000 0.370000 0.370000 0.370000 0.370000 0.370000 0.370000 0.370000 0.370000 0.370000 0.369999 0.369990 0.369952 0.369827 0.369429 0.368475 0.366651
-9999.0 -9999.0 -9999.0 -9999.0 -9999.0 0.075687 0.081083 0.089740 0.102158 0.120972 0.157558 0.225705 0.266890 0.305903 0.337647 0.353878 0.362145 0.366706 0.369094 0.369791 0.369977 0.369998 0.370000 0.370000 0.370000 0.370000 0.370000 0.370000 0.370000 0.370000 0.370000 0.370000 0.370000 0.370000 0.370000 0.370000 0.369999 0.369999 0.369998 0.369994 0.369986 0.369980 0.369974 0.369967 0.369958 0.369949 0.369938 0.369926 0.369889 0.369850 0.369850 0.369829 0.369806 0.369780 0.369713 0.369617 0.369468 0.368846 0.367888 0.366836 0.363535 0.358727 0.353780
-9999.0 -9999.0 -9999.0 -9999.0 -9999.0 -9999.0 0.074074 0.077785 0.082672 0.090441 0.104414 0.124258 0.136609 0.159769 0.192413 0.234843 0.281715 0.313604 0.337122 0.353023 0.362480 0.366648 0.368705 0.369581 0.369764 0.369853 0.369910 0.369874 0.369816 0.369736 0.369474 0.369392 0.369256 0.369245 0.369229 0.369215 0.369075 0.368899 0.368707 0.368290 0.368030 0.367695 0.367425 0.367143 0.366826 0.366527 0.366283 0.366033 0.365478 0.365567 0.365571 0.365373 0.365105 0.364791 0.363994 0.362779 0.361393 0.358253 0.354805 0.350568 0.341442 0.332595 0.321641
