tests/Borden05m/sims/sim_1/output-maps/thetaliqL0006N0017.asc
ncols         160
nrows         34
xllcorner     620200.000000
yllcorner     5168000.000000
cellsize      0.500000
NODATA_value  -9999.0
[rows 0 to 27 of 34, columns 63 to 125 of 160]
-9999.0 -9999.0 -9999.0 -9999.0 -9999.0 -9999.0 -9999.0 -9999.0 -9999.0 -9999.0 -9999.0 -9999.0 -9999.0 -9999.0 -9999.0 -9999.0 -9999.0 -9999.0 -9999.0 -9999.0 -9999.0 -9999.0 -9999.0 -9999.0 -9999.0 -9999.0 -9999.0 -9999.0 -9999.0 -9999.0 -9999.0 -9999.0 -9999.0 -9999.0 -9999.0 -9999.0 -9999.0 -9999.0 -9999.0 -9999.0 -9999.0 -9999.0 -9999.0 -9999.0 -9999.0 -9999.0 -9999.0 -9999.0 -9999.0 -9999.0 -9999.0 -9999.0 -9999.0 -9999.0 -9999.0 -9999.0 -9999.0 -9999.0 -9999.0 -9999.0 -9999.0 -9999.0 -9999.0
0.185987 0.179625 0.173822 0.171234 0.170586 0.169945 0.169613 0.172858 0.177847 0.182819 0.187745 0.189315 0.190973 0.192630 0.192993 0.192000 0.189639 0.187301 0.184907 0.183927 0.178209 0.170812 0.165280 0.163629 0.166336 0.169103 0.170672 0.174631 0.181880 0.189506 0.195725 0.204489 0.208603 0.212708 0.215482 0.212444 0.209843 0.207244 0.204007 0.195892 -9999.0 -9999.0 -9999.0 -9999.0 -9999.0 -9999.0 -9999.0 -9999.0 -9999.0 -9999.0 -9999.0 -9999.0 -9999.0 -9999.0 -9999.0 -9999.0 -9999.0 -9999.0 -9999.0 -9999.0 -9999.0 -9999.0 -9999.0
0.175212 0.169521 0.166103 0.162751 0.161729 0.161601 0.161530 0.163903 0.169686 0.174634 0.177668 0.179152 0.180682 0.180831 0.180474 0.180153 0.178186 0.175922 0.173704 0.172554 0.172458 0.167716 0.164562 0.162680 0.162096 0.163496 0.164837 0.166528 0.172560 0.177992 0.183641 0.193544 0.202646 0.206680 0.205001 0.201324 0.198810 0.194481 0.187839 0.180831 0.173945 0.169484 0.166375 0.163533 0.167274 0.171168 0.177929 0.184995 0.193554 0.202593 -9999.0 -9999.0 -9999.0 -9999.0 -9999.0 -9999.0 -9999.0 -9999.0 -9999.0 -9999.0 -9999.0 -9999.0 -9999.0
0.167281 0.164858 0.161962 0.159712 0.163895 0.164496 0.165095 0.166905 0.169013 0.170125 0.171811 0.175096 0.180899 0.182562 0.182833 0.182855 0.181574 0.179455 0.178256 0.176409 0.173028 0.172508 0.172836 0.172959 0.176428 0.177396 0.178165 0.173474 0.175558 0.179734 0.184460 0.189568 0.194791 0.198559 0.196440 0.195565 0.189840 0.180597 0.173250 0.167957 0.166392 0.164697 0.160456 0.154030 0.157811 0.166885 0.169830 0.172328 0.180228 0.188708 0.196072 0.197395 0.197188 0.196994 0.195241 0.185509 0.175843 0.166824 0.156277 -9999.0 -9999.0 -9999.0 -9999.0
0.168452 0.166469 0.165679 0.173712 0.179845 0.180816 0.182659 0.184790 0.183610 0.175106 0.173256 0.178842 0.185960 0.190113 0.190113 0.190021 0.189064 0.188284 0.187834 0.186031 0.186932 0.188864 0.189666 0.193576 0.197782 0.199786 0.193019 0.186312 0.186494 0.191905 0.197685 0.203342 0.212154 0.221908 0.220851 0.216239 0.209364 0.199034 0.182429 0.169544 0.163470 0.160008 0.156389 0.155878 0.155036 0.160836 0.162017 0.163088 0.168442 0.174986 0.181659 0.185639 0.185409 0.185181 0.183659 0.177489 0.168337 0.159861 0.151181 0.139329 0.127916 0.118548 0.118348
0.172257 0.174586 0.183687 0.193620 0.205321 0.207282 0.209211 0.208945 0.200953 0.193050 0.189609 0.200929 0.213159 0.219896 0.220804 0.221826 0.229250 0.227193 0.224458 0.219507 0.221723 0.224803 0.235349 0.241908 0.247645 0.245922 0.235687 0.226404 0.224455 0.225606 0.226762 0.231624 0.240906 0.250250 0.246187 0.239381 0.229987 0.205970 0.184856 0.173409 0.174159 0.174673 0.171976 0.170157 0.167886 0.163250 0.163154 0.163020 0.162853 0.170160 0.177980 0.180342 0.176473 0.174282 0.172963 0.167605 0.161364 0.153187 0.144865 0.136576 0.125595 0.123067 0.120549
0.205594 0.212327 0.223587 0.240297 0.262314 0.266618 0.270870 0.275201 0.265706 0.254616 0.243604 0.256737 0.265556 0.274345 0.278680 0.290108 0.299519 0.295232 0.287314 0.279323 0.285315 0.298561 0.311315 0.316405 0.318969 0.319775 0.312613 0.308034 0.304737 0.303751 0.299622 0.301262 0.310847 0.322761 0.322820 0.313086 0.293115 0.260725 0.228488 0.208648 0.211265 0.206236 0.201723 0.198192 0.187674 0.179522 0.179275 0.173078 0.169147 0.176419 0.180426 0.181761 0.177756 0.181506 0.176352 0.165371 0.155561 0.147493 0.140722 0.134428 0.131452 0.127913 0.125197
0.254277 0.262893 0.280686 0.303958 0.325660 0.336097 0.341960 0.346766 0.343436 0.338078 0.331918 0.334581 0.342405 0.349118 0.354518 0.358980 0.362103 0.361049 0.358819 0.358243 0.359550 0.363246 0.365506 0.366214 0.366544 0.366981 0.366495 0.365599 0.364281 0.362616 0.360751 0.359392 0.362611 0.364908 0.364486 0.359319 0.350036 0.330260 0.300154 0.267005 0.258847 0.257162 0.254392 0.239551 0.225236 0.208357 0.198893 0.191976 0.180956 0.183819 0.187980 0.195915 0.203543 0.202755 0.190504 0.178488 0.166256 0.155443 0.147986 0.145790 0.143450 0.139165 0.136474
0.352731 0.355289 0.359801 0.365491 0.368443 0.369356 0.369711 0.369758 0.369671 0.369545 0.369274 0.369116 0.369422 0.369626 0.369757 0.369842 0.369899 0.369925 0.369921 0.369921 0.369930 0.369942 0.369956 0.369968 0.369977 0.369984 0.369985 0.369976 0.369963 0.369940 0.369910 0.369897 0.369891 0.369916 0.369911 0.369805 0.369497 0.368616 0.365880 0.359637 0.350985 0.349385 0.340984 0.328517 0.309239 0.274973 0.254687 0.237985 0.211373 0.206860 0.216043 0.228173 0.233789 0.219800 0.206205 0.191627 0.177020 0.164074 0.160190 0.159416 0.157674 0.154528 0.153097
0.369723 0.369775 0.369833 0.369955 0.369993 0.369999 0.370000 0.370000 0.370000 0.370000 0.370000 0.369999 0.369999 0.370000 0.370000 0.370000 0.370000 0.370000 0.370000 0.370000 0.370000 0.370000 0.370000 0.370000 0.370000 0.370000 0.370000 0.370000 0.370000 0.370000 0.370000 0.370000 0.370000 0.370000 0.370000 0.370000 0.369999 0.369995 0.369970 0.369871 0.369690 0.369373 0.368762 0.367532 0.361896 0.347653 0.325709 0.300161 0.271158 0.262531 0.285093 0.304485 0.294767 0.282958 0.265514 0.242108 0.219804 0.198627 0.192508 0.189833 0.185491 0.180838 0.176493
0.370000 0.370000 0.370000 0.370000 0.370000 0.370000 0.370000 0.370000 0.370000 0.370000 0.370000 0.370000 0.370000 0.370000 0.370000 0.370000 0.370000 0.370000 0.370000 0.370000 0.370000 0.370000 0.370000 0.370000 0.370000 0.370000 0.370000 0.370000 0.370000 0.370000 0.370000 0.370000 0.370000 0.370000 0.370000 0.370000 0.370000 0.370000 0.370000 0.370000 0.370000 0.369997 0.369991 0.369978 0.369947 0.369732 0.369398 0.368342 0.365179 0.359011 0.363923 0.361732 0.357919 0.350268 0.334742 0.313917 0.289023 0.262385 0.250500 0.244120 0.236288 0.229872 0.221731
0.370000 0.370000 0.370000 0.370000 0.370000 0.370000 0.370000 0.370000 0.370000 0.370000 0.370000 0.370000 0.370000 0.370000 0.370000 0.370000 0.370000 0.370000 0.370000 0.370000 0.370000 0.370000 0.370000 0.370000 0.370000 0.370000 0.370000 0.370000 0.370000 0.370000 0.370000 0.370000 0.370000 0.370000 0.370000 0.370000 0.370000 0.370000 0.370000 0.370000 0.370000 0.370000 0.370000 0.370000 0.370000 0.370000 0.370000 0.369999 0.369983 0.369904 0.369836 0.369754 0.369580 0.368919 0.367165 0.363764 0.353882 0.335390 0.317109 0.307548 0.298101 0.287327 0.274581
0.370000 0.370000 0.370000 0.370000 0.370000 0.370000 0.370000 0.370000 0.370000 0.370000 0.370000 0.370000 0.370000 0.370000 0.370000 0.370000 0.370000 0.370000 0.370000 0.370000 0.370000 0.370000 0.370000 0.370000 0.370000 0.370000 0.370000 0.370000 0.370000 0.370000 0.370000 0.370000 0.370000 0.370000 0.370000 0.370000 0.370000 0.370000 0.370000 0.370000 0.370000 0.370000 0.370000 0.370000 0.370000 0.370000 0.370000 0.370000 0.370000 0.370000 0.370000 0.369999 0.369997 0.369985 0.369955 0.369906 0.369644 0.368774 0.366895 0.364852 0.359840 0.351412 0.340892
0.370000 0.370000 0.370000 0.370000 0.370000 0.370000 0.370000 0.370000 0.370000 0.370000 0.370000 0.370000 0.370000 0.370000 0.370000 0.370000 0.370000 0.370000 0.370000 0.370000 0.370000 0.370000 0.370000 0.370000 0.370000 0.370000 0.370000 0.370000 0.370000 0.370000 0.370000 0.370000 0.370000 0.370000 0.370000 0.370000 0.370000 0.370000 0.370000 0.370000 0.370000 0.370000 0.370000 0.370000 0.370000 0.370000 0.370000 0.370000 0.370000 0.370000 0.370000 0.370000 0.370000 0.370000 0.370000 0.370000 0.370000 0.369992 0.369957 0.369887 0.369667 0.369185 0.368160
0.370000 0.370000 0.370000 0.370000 0.370000 0.370000 0.370000 0.370000 0.370000 0.370000 0.370000 0.370000 0.370000 0.370000 0.370000 0.370000 0.370000 0.370000 0.370000 0.370000 0.370000 0.370000 0.370000 0.370000 0.370000 0.370000 0.370000 0.370000 0.370000 0.370000 0.370000 0.370000 0.370000 0.370000 0.370000 0.370000 0.370000 0.370000 0.370000 0.370000 0.370000 0.370000 0.370000 0.370000 0.370000 0.370000 0.370000 0.370000 0.370000 0.370000 0.370000 0.370000 0.370000 0.370000 0.370000 0.370000 0.370000 0.370000 0.370000 0.370000 0.369997 0.369986 0.369950
0.370000 0.370000 0.370000 0.370000 0.370000 0.370000 0.370000 0.370000 0.370000 0.370000 0.370000 0.370000 0.370000 0.370000 0.370000 0.370000 0.370000 0.370000 0.370000 0.370000 0.370000 0.370000 0.370000 0.370000 0.370000 0.370000 0.370000 0.370000 0.370000 0.370000 0.370000 0.370000 0.370000 0.370000 0.370000 0.370000 0.370000 0.370000 0.370000 0.370000 0.370000 0.370000 0.370000 0.370000 0.370000 0.370000 0.370000 0.370000 0.370000 0.370000 0.370000 0.370000 0.370000 0.370000 0.370000 0.370000 0.370000 0.370000 0.370000 0.370000 0.370000 0.370000 0.370000
0.370000 0.370000 0.370000 0.370000 0.370000 0.370000 0.370000 0.370000 0.370000 0.370000 0.370000 0.370000 0.370000 0.370000 0.370000 0.370000 0.370000 0.370000 0.370000 0.370000 0.370000 0.370000 0.370000 0.370000 0.370000 0.370000 0.370000 0.370000 0.370000 0.370000 0.370000 0.370000 0.370000 0.370000 0.370000 0.370000 0.370000 0.370000 0.370000 0.370000 0.370000 0.370000 0.370000 0.370000 0.370000 0.370000 0.370000 0.370000 0.370000 0.370000 0.370000 0.370000 0.370000 0.370000 0.370000 0.370000 0.370000 0.370000 0.370000 0.370000 0.370000 0.370000 0.370000
0.370000 0.370000 0.370000 0.370000 0.370000 0.370000 0.370000 0.370000 0.370000 0.370000 0.370000 0.370000 0.370000 0.370000 0.370000 0.370000 0.370000 0.370000 0.370000 0.370000 0.370000 0.370000 0.370000 0.370000 0.370000 0.370000 0.370000 0.370000 0.370000 0.370000 0.370000 0.370000 0.370000 0.370000 0.370000 0.370000 0.370000 0.370000 0.370000 0.370000 0.370000 0.370000 0.370000 0.370000 0.370000 0.370000 0.370000 0.370000 0.370000 0.370000 0.370000 0.370000 0.370000 0.370000 0.370000 0.370000 0.370000 0.370000 0.370000 0.370000 0.370000 0.370000 0.370000
0.370000 0.370000 0.370000 0.370000 0.370000 0.370000 0.370000 0.370000 0.370000 0.370000 0.370000 0.370000 0.370000 0.370000 0.370000 0.370000 0.370000 0.370000 0.370000 0.370000 0.370000 0.370000 0.370000 0.370000 0.370000 0.370000 0.370000 0.370000 0.370000 0.370000 0.370000 0.370000 0.370000 0.370000 0.370000 0.370000 0.370000 0.370000 0.370000 0.370000 0.370000 0.370000 0.370000 0.370000 0.370000 0.370000 0.370000 0.370000 0.370000 0.370000 0.370000 0.370000 0.370000 0.370000 0.370000 0.370000 0.370000 0.370000 0.370000 0.370000 0.370000 0.370000 0.370000
0.370000 0.370000 0.370000 0.370000 0.370000 0.370000 0.370000 0.370000 0.369999 0.369996 0.369991 0.369985 0.369986 0.369974 0.369942 0.369894 0.369858 0.369826 0.369746 0.369705 0.369742 0.369814 0.369768 0.369741 0.369763 0.369745 0.369726 0.369793 0.369878 0.369913 0.369940 0.369960 0.369968 0.369977 0.369994 0.369998 0.369999 0.370000 0.370000 0.370000 0.370000 0.370000 0.370000 0.370000 0.370000 0.370000 0.370000 0.370000 0.370000 0.370000 0.370000 0.370000 0.370000 0.370000 0.370000 0.370000 0.370000 0.370000 0.370000 0.370000 0.370000 0.370000 0.370000
0.370000 0.370000 0.370000 0.369997 0.369979 0.369941 0.369844 0.369720 0.369399 0.368472 0.367318 0.367342 0.367698 0.367383 0.365916 0.363860 0.361648 0.358493 0.353524 0.349774 0.352799 0.355884 0.356866 0.357326 0.358276 0.358488 0.358241 0.358117 0.360972 0.363064 0.364848 0.366110 0.367134 0.368718 0.369447 0.369709 0.369868 0.369945 0.369983 0.369996 0.369999 0.370000 0.370000 0.370000 0.370000 0.370000 0.370000 0.370000 0.370000 0.370000 0.370000 0.370000 0.370000 0.370000 0.370000 0.370000 0.370000 0.370000 0.370000 0.370000 0.370000 0.370000 0.370000
0.369993 0.369961 0.369793 0.369256 0.368178 0.366062 0.361899 0.354183 0.339930 0.320528 0.304656 0.308957 0.313792 0.319039 0.308290 0.296959 0.290023 0.277131 0.264220 0.252188 0.259695 0.267860 0.280138 0.282739 0.285253 0.289897 0.288642 0.287361 0.283704 0.292032 0.300627 0.311122 0.329674 0.345211 0.355985 0.362080 0.365813 0.368016 0.369167 0.369677 0.369881 0.369950 0.369981 0.369995 0.369999 0.370000 0.370000 0.370000 0.370000 0.370000 0.370000 0.370000 0.370000 0.370000 0.370000 0.370000 0.370000 0.370000 0.370000 0.370000 0.370000 0.370000 0.370000
0.367224 0.363070 0.350304 0.335902 0.319885 0.299285 0.278705 0.258508 0.233874 0.213498 0.195597 0.198633 0.207747 0.218362 0.211294 0.206999 0.204170 0.195170 0.185405 0.176317 0.178802 0.188679 0.200640 0.205223 0.209802 0.215550 0.215505 0.210719 0.204340 0.208719 0.219050 0.231954 0.251062 0.271382 0.291072 0.308483 0.326226 0.342144 0.354249 0.362385 0.366725 0.368387 0.369336 0.369753 0.369896 0.369944 0.369976 0.369995 0.369999 0.370000 0.370000 0.370000 0.370000 0.370000 0.370000 0.370000 0.370000 0.370000 0.370000 0.370000 0.370000 0.370000 0.370000
0.294891 0.265496 0.244088 0.225884 0.209559 0.194666 0.180140 0.167384 0.155954 0.144929 0.135701 0.137979 0.144203 0.150742 0.151441 0.149885 0.148356 0.144406 0.138285 0.132973 0.136233 0.143124 0.150625 0.155545 0.159073 0.162665 0.161030 0.156472 0.152382 0.156363 0.164816 0.173905 0.185753 0.201119 0.217869 0.235564 0.255025 0.275180 0.297214 0.318709 0.337511 0.351352 0.360280 0.365350 0.367142 0.368239 0.368887 0.369460 0.369750 0.369896 0.369965 0.369991 0.369999 0.370000 0.370000 0.370000 0.370000 0.370000 0.370000 0.370000 0.370000 0.370000 0.370000
0.202428 0.180538 0.165164 0.154877 0.149477 0.142369 0.133934 0.128585 0.122614 0.116201 0.115532 0.116813 0.120970 0.121984 0.122241 0.121247 0.120895 0.119241 0.115392 0.116820 0.119286 0.124350 0.128340 0.131863 0.134402 0.136155 0.135749 0.132536 0.133358 0.136361 0.142835 0.148430 0.156375 0.168270 0.179150 0.192432 0.208620 0.226628 0.246796 0.268799 0.292326 0.312850 0.328760 0.337222 0.344936 0.349940 0.350296 0.357247 0.362352 0.365737 0.368101 0.369226 0.369758 0.369959 0.369997 0.370000 0.370000 0.370000 0.370000 0.370000 0.370000 0.370000 0.370000
0.142832 0.130475 0.121613 0.118487 0.115409 0.112216 0.108776 0.105591 0.102707 0.102432 0.102000 0.102030 0.102584 0.103233 0.103744 0.103514 0.103277 0.103313 0.104343 0.105263 0.106513 0.109105 0.111936 0.114650 0.115803 0.117012 0.117749 0.118551 0.119280 0.120679 0.124522 0.128693 0.133862 0.141109 0.149216 0.159002 0.171850 0.186292 0.203377 0.224107 0.246375 0.264050 0.273511 0.283082 0.288144 0.286540 0.284981 0.294655 0.307296 0.319606 0.336820 0.351104 0.360889 0.367918 0.369653 0.369953 0.369995 0.370000 0.370000 0.370000 0.370000 0.370000 0.370000
0.115099 0.108072 0.103861 0.101845 0.099927 0.098069 0.095793 0.094029 0.093627 0.093315 0.093024 0.092831 0.093339 0.093877 0.094514 0.094421 0.094442 0.094821 0.095475 0.096363 0.097877 0.099830 0.102093 0.105034 0.105967 0.106982 0.108216 0.108802 0.109519 0.110584 0.113623 0.116930 0.120754 0.126485 0.133068 0.141111 0.151646 0.165405 0.183659 0.202416 0.222695 0.240486 0.248378 0.252787 0.252148 0.248278 0.239175 0.240051 0.251124 0.256412 0.271201 0.292280 0.308680 0.341097 0.361828 0.367535 0.369388 0.369872 0.369988 0.369998 0.370000 0.370000 0.370000
0.099116 0.095877 0.092954 0.091295 0.089979 0.088765 0.087731 0.087419 0.087084 0.086871 0.086738 0.086594 0.086878 0.087323 0.087775 0.087966 0.088243 0.088530 0.089204 0.090293 0.091424 0.093066 0.095246 0.097648 0.098639 0.099599 0.100601 0.101299 0.102097 0.102898 0.105134 0.107822 0.110711 0.115464 0.121048 0.127384 0.137505 0.151257 0.167493 0.183719 0.201682 0.220340 0.223328 0.224826 0.224669 0.214745 0.203278 0.200065 0.203087 0.204582 0.213137 0.224872 0.237534 0.267372 0.299167 0.328882 0.353260 0.366081 0.369282 0.369819 0.369962 0.369995 0.370000
