tests/Borden05m/sims/sim_1/output-maps/thetaliqL0005N0018.asc
ncols         160
nrows         34
xllcorner     620200.000000
yllcorner     5168000.000000
cellsize      0.500000
NODATA_value  -9999.0
[rows 0 to 27 of 34, columns 0 to 62 of 160]
-9999.0 -9999.0 -9999.0 -9999.0 -9999.0 -9999.0 -9999.0 -9999.0 -9999.0 -9999.0 -9999.0 -9999.0 -9999.0 -9999.0 -9999.0 -9999.0 -9999.0 -9999.0 -9999.0 -9999.0 -9999.0 -9999.0 -9999.0 -9999.0 -9999.0 -9999.0 -9999.0 -9999.0 -9999.0 -9999.0 -9999.0 -9999.0 -9999.0 -9999.0 -9999.0 -9999.0 -9999.0 -9999.0 -9999.0 -9999.0 -9999.0 -9999.0 -9999.0 -9999.0 -9999.0 -9999.0 -9999.0 -9999.0 -9999.0 -9999.0 -9999.0 -9999.0 -9999.0 -9999.0 -9999.0 -9999.0 -9999.0 -9999.0 -9999.0 -9999.0 -9999.0 -9999.0 -9999.0
-9999.0 -9999.0 -9999.0 -9999.0 -9999.0 -9999.0 -9999.0 -9999.0 -9999.0 -9999.0 -9999.0 -9999.0 -9999.0 -9999.0 -9999.0 -9999.0 -9999.0 -9999.0 -9999.0 -9999.0 -9999.0 -9999.0 -9999.0 -9999.0 -9999.0 -9999.0 -9999.0 -9999.0 -9999.0 -9999.0 -9999.0 -9999.0 -9999.0 -9999.0 -9999.0 -9999.0 -9999.0 -9999.0 -9999.0 -9999.0 -9999.0 -9999.0 -9999.0 -9999.0 -9999.0 -9999.0 -9999.0 -9999.0 -9999.0 -9999.0 -9999.0 -9999.0 -9999.0 -9999.0 -9999.0 -9999.0 -9999.0 -9999.0 -9999.0 0.165177 0.162017 0.159380 0.157324
-9999.0 -9999.0 -9999.0 -9999.0 -9999.0 -9999.0 -9999.0 -9999.0 -9999.0 -9999.0 -9999.0 -9999.0 -9999.0 -9999.0 -9999.0 -9999.0 -9999.0 -9999.0 -9999.0 -9999.0 -9999.0 -9999.0 -9999.0 -9999.0 -9999.0 -9999.0 -9999.0 -9999.0 -9999.0 -9999.0 -9999.0 -9999.0 -9999.0 -9999.0 -9999.0 -9999.0 -9999.0 -9999.0 -9999.0 -9999.0 -9999.0 -9999.0 -9999.0 -9999.0 -9999.0 -9999.0 -9999.0 0.127617 0.121444 0.115141 0.113839 0.121162 0.126499 0.132267 0.137317 0.142407 0.148858 0.157882 0.158475 0.149890 0.148054 0.147032 0.146653
-9999.0 -9999.0 -9999.0 -9999.0 -9999.0 -9999.0 -9999.0 -9999.0 -9999.0 -9999.0 -9999.0 -9999.0 -9999.0 -9999.0 -9999.0 -9999.0 -9999.0 -9999.0 -9999.0 -9999.0 -9999.0 -9999.0 -9999.0 -9999.0 -9999.0 -9999.0 -9999.0 -9999.0 -9999.0 -9999.0 -9999.0 -9999.0 -9999.0 -9999.0 -9999.0 -9999.0 -9999.0 -9999.0 -9999.0 -9999.0 0.134718 0.137631 0.139482 0.134700 0.131577 0.129869 0.124254 0.118963 0.114241 0.114726 0.115014 0.113715 0.119580 0.125576 0.129618 0.133581 0.139844 0.148761 0.149128 0.142299 0.137946 0.136282 0.136700
-9999.0 -9999.0 -9999.0 -9999.0 -9999.0 -9999.0 -9999.0 -9999.0 -9999.0 -9999.0 -9999.0 -9999.0 -9999.0 -9999.0 -9999.0 -9999.0 -9999.0 -9999.0 -9999.0 -9999.0 -9999.0 -9999.0 -9999.0 -9999.0 -9999.0 -9999.0 -9999.0 -9999.0 -9999.0 -9999.0 -9999.0 -9999.0 -9999.0 -9999.0 0.114251 0.119203 0.122772 0.126580 0.131158 0.131423 0.131776 0.134332 0.132179 0.131196 0.127585 0.121751 0.116223 0.112956 0.114238 0.113370 0.113816 0.116729 0.119697 0.122309 0.127678 0.135328 0.135270 0.138685 0.138800 0.136010 0.137559 0.139025 0.140091
-9999.0 -9999.0 -9999.0 -9999.0 -9999.0 -9999.0 -9999.0 -9999.0 -9999.0 -9999.0 -9999.0 -9999.0 -9999.0 -9999.0 -9999.0 -9999.0 -9999.0 -9999.0 -9999.0 -9999.0 -9999.0 -9999.0 -9999.0 -9999.0 -9999.0 -9999.0 -9999.0 -9999.0 0.119640 0.117711 0.116197 0.116080 0.115466 0.113618 0.113814 0.115351 0.119017 0.124444 0.126655 0.127313 0.128488 0.127903 0.125277 0.124681 0.126614 0.122957 0.120413 0.117782 0.113681 0.112850 0.115476 0.118699 0.122201 0.124692 0.127352 0.129830 0.132978 0.142061 0.145229 0.141114 0.138250 0.136675 0.137055
-9999.0 -9999.0 -9999.0 -9999.0 -9999.0 -9999.0 -9999.0 -9999.0 -9999.0 -9999.0 -9999.0 -9999.0 -9999.0 -9999.0 -9999.0 -9999.0 -9999.0 -9999.0 -9999.0 -9999.0 -9999.0 -9999.0 -9999.0 0.114752 0.116461 0.117474 0.119207 0.118688 0.115711 0.113601 0.112622 0.111913 0.110530 0.110731 0.111448 0.113520 0.115785 0.121088 0.120829 0.120910 0.125043 0.124721 0.126875 0.129277 0.128448 0.128321 0.123053 0.119372 0.122625 0.124520 0.125249 0.125720 0.128607 0.132541 0.137542 0.144759 0.153648 0.162099 0.172233 0.166724 0.161338 0.153801 0.154123
-9999.0 -9999.0 -9999.0 -9999.0 -9999.0 -9999.0 -9999.0 -9999.0 -9999.0 -9999.0 -9999.0 -9999.0 -9999.0 -9999.0 -9999.0 -9999.0 -9999.0 -9999.0 -9999.0 0.112978 0.112643 0.111962 0.112546 0.110301 0.109517 0.110663 0.112496 0.111920 0.110490 0.109257 0.109467 0.109784 0.109840 0.112438 0.115084 0.116992 0.118257 0.123109 0.125864 0.129336 0.135600 0.132849 0.129708 0.128076 0.127918 0.127344 0.130361 0.131589 0.132677 0.133584 0.134962 0.137115 0.139575 0.146627 0.154640 0.163005 0.171855 0.181992 0.195364 0.191648 0.181956 0.172593 0.172688
-9999.0 -9999.0 -9999.0 -9999.0 -9999.0 -9999.0 -9999.0 -9999.0 -9999.0 -9999.0 -9999.0 -9999.0 -9999.0 -9999.0 -9999.0 -9999.0 0.110878 0.110760 0.109954 0.108839 0.107782 0.107983 0.109322 0.107726 0.107441 0.108274 0.107938 0.109340 0.110788 0.112414 0.113364 0.112383 0.113275 0.114033 0.115137 0.117479 0.122749 0.128432 0.131660 0.136434 0.143009 0.140988 0.139722 0.139840 0.138758 0.141499 0.150633 0.151293 0.150181 0.160708 0.167822 0.168394 0.170074 0.179674 0.194519 0.214936 0.245235 0.267985 0.288958 0.296258 0.282655 0.279233 0.284900
-9999.0 -9999.0 -9999.0 -9999.0 -9999.0 -9999.0 -9999.0 -9999.0 -9999.0 -9999.0 -9999.0 -9999.0 -9999.0 0.108203 0.108187 0.108852 0.106973 0.105381 0.104577 0.103552 0.105906 0.104870 0.104859 0.105604 0.107841 0.108455 0.109299 0.111192 0.111560 0.111705 0.111893 0.111641 0.114305 0.117335 0.120262 0.125071 0.130081 0.135261 0.142040 0.145884 0.151054 0.151357 0.148649 0.148376 0.151944 0.161796 0.171689 0.178115 0.194294 0.213375 0.225611 0.238152 0.246189 0.257115 0.277847 0.315861 0.342292 0.354298 0.359018 0.362083 0.362258 0.362767 0.363273
-9999.0 -9999.0 -9999.0 -9999.0 -9999.0 -9999.0 -9999.0 -9999.0 -9999.0 -9999.0 0.103305 0.104526 0.102704 0.099801 0.098768 0.099830 0.101018 0.100282 0.100822 0.104767 0.107416 0.104751 0.107603 0.108285 0.107534 0.108627 0.110466 0.111750 0.115327 0.116741 0.118261 0.124190 0.127439 0.130971 0.135380 0.140681 0.146813 0.160483 0.174007 0.178983 0.195826 0.207246 0.201728 0.200181 0.204564 0.220070 0.244548 0.275492 0.301902 0.327312 0.341698 0.348662 0.352816 0.356721 0.360358 0.364560 0.367431 0.368732 0.369386 0.369619 0.369687 0.369716 0.369756
-9999.0 -9999.0 -9999.0 -9999.0 -9999.0 -9999.0 -9999.0 -9999.0 0.098240 0.100065 0.101319 0.099883 0.098007 0.095046 0.096513 0.098128 0.099477 0.101319 0.102600 0.103969 0.104178 0.106204 0.109456 0.109843 0.111028 0.113660 0.115060 0.118239 0.122761 0.124085 0.128227 0.133928 0.139506 0.144960 0.151213 0.157403 0.172640 0.194545 0.220051 0.243770 0.272941 0.300653 0.302567 0.306949 0.312937 0.334710 0.350631 0.359747 0.364225 0.366742 0.368287 0.368849 0.369133 0.369401 0.369631 0.369774 0.369902 0.369973 0.369995 0.369999 0.370000 0.370000 0.370000
-9999.0 -9999.0 -9999.0 -9999.0 -9999.0 -9999.0 0.095195 0.099339 0.101603 0.097286 0.094242 0.093256 0.091680 0.095585 0.099620 0.100924 0.102138 0.103562 0.104020 0.102653 0.110454 0.110168 0.110427 0.114065 0.115438 0.117228 0.120564 0.126613 0.131918 0.144290 0.156400 0.168637 0.183300 0.194837 0.207136 0.222421 0.253773 0.294554 0.328959 0.347200 0.356979 0.362734 0.364218 0.364946 0.365748 0.367025 0.368462 0.369298 0.369756 0.369928 0.369976 0.369987 0.369993 0.369997 0.369999 0.370000 0.370000 0.370000 0.370000 0.370000 0.370000 0.370000 0.370000
-9999.0 -9999.0 -9999.0 -9999.0 0.096240 0.097501 0.097377 0.101491 0.104652 0.099309 0.101297 0.100428 0.098796 0.097087 0.095332 0.097512 0.099202 0.100719 0.101590 0.109344 0.117953 0.116658 0.122537 0.132421 0.133716 0.137004 0.140402 0.148157 0.161060 0.179335 0.215365 0.253344 0.280888 0.305170 0.324155 0.340632 0.354116 0.362397 0.366247 0.368219 0.369178 0.369596 0.369759 0.369826 0.369887 0.369936 0.369973 0.369994 0.369999 0.370000 0.370000 0.370000 0.370000 0.370000 0.370000 0.370000 0.370000 0.370000 0.370000 0.370000 0.370000 0.370000 0.370000
-9999.0 -9999.0 -9999.0 0.093253 0.097365 0.099553 0.098583 0.100248 0.104314 0.101865 0.101752 0.101637 0.101729 0.102250 0.102658 0.104607 0.105720 0.105908 0.108317 0.115132 0.121371 0.129839 0.138545 0.149959 0.160144 0.166692 0.174328 0.189727 0.222933 0.264755 0.318357 0.350104 0.360626 0.364364 0.366154 0.367732 0.368708 0.369483 0.369823 0.369948 0.369989 0.369998 0.370000 0.370000 0.370000 0.370000 0.370000 0.370000 0.370000 0.370000 0.370000 0.370000 0.370000 0.370000 0.370000 0.370000 0.370000 0.370000 0.370000 0.370000 0.370000 0.370000 0.370000
-9999.0 -9999.0 0.093129 0.095596 0.094858 0.098486 0.103043 0.102294 0.107922 0.110707 0.107584 0.111020 0.113539 0.112169 0.115312 0.118901 0.121157 0.118737 0.118478 0.128203 0.148960 0.172290 0.194090 0.246747 0.278998 0.298438 0.309120 0.329052 0.347072 0.360234 0.366224 0.368764 0.369595 0.369859 0.369918 0.369960 0.369988 0.369998 0.370000 0.370000 0.370000 0.370000 0.370000 0.370000 0.370000 0.370000 0.370000 0.370000 0.370000 0.370000 0.370000 0.370000 0.370000 0.370000 0.370000 0.370000 0.370000 0.370000 0.370000 0.370000 0.370000 0.370000 0.370000
-9999.0 -9999.0 0.090714 0.094327 0.092869 0.099446 0.107466 0.104269 0.108638 0.117950 0.118467 0.121967 0.124313 0.128037 0.134905 0.145271 0.143103 0.142362 0.137102 0.165075 0.203596 0.271511 0.338007 0.358433 0.364227 0.365061 0.365593 0.366896 0.368233 0.369456 0.369914 0.369995 0.370000 0.370000 0.370000 0.370000 0.370000 0.370000 0.370000 0.370000 0.370000 0.370000 0.370000 0.370000 0.370000 0.370000 0.370000 0.370000 0.370000 0.370000 0.370000 0.370000 0.370000 0.370000 0.370000 0.370000 0.370000 0.370000 0.370000 0.370000 0.370000 0.370000 0.370000
-9999.0 0.089198 0.091087 0.091778 0.096015 0.096621 0.104005 0.115881 0.120513 0.128454 0.133207 0.134080 0.162616 0.195684 0.214210 0.242282 0.235563 0.229039 0.217978 0.259044 0.319099 0.359503 0.369049 0.369797 0.369917 0.369920 0.369903 0.369944 0.369985 0.369999 0.370000 0.370000 0.370000 0.370000 0.370000 0.370000 0.370000 0.370000 0.370000 0.370000 0.370000 0.370000 0.370000 0.370000 0.370000 0.370000 0.370000 0.370000 0.370000 0.370000 0.370000 0.370000 0.370000 0.370000 0.370000 0.370000 0.370000 0.370000 0.370000 0.370000 0.370000 0.370000 0.370000
-9999.0 0.084994 0.090653 0.094978 0.094598 0.094069 0.108173 0.138183 0.138814 0.144071 0.151819 0.183026 0.267150 0.326358 0.345989 0.357273 0.356867 0.354093 0.354545 0.361797 0.367373 0.369688 0.369999 0.370000 0.370000 0.370000 0.370000 0.370000 0.370000 0.370000 0.370000 0.370000 0.370000 0.370000 0.370000 0.370000 0.370000 0.370000 0.370000 0.370000 0.370000 0.370000 0.370000 0.370000 0.370000 0.370000 0.370000 0.370000 0.370000 0.370000 0.370000 0.370000 0.370000 0.370000 0.370000 0.370000 0.370000 0.370000 0.370000 0.370000 0.370000 0.370000 0.370000
-9999.0 0.088868 0.096480 0.095032 0.090397 0.101845 0.112802 0.141102 0.173007 0.183693 0.230774 0.323147 0.358849 0.367249 0.368951 0.369421 0.369607 0.369580 0.369795 0.369976 0.370000 0.370000 0.370000 0.370000 0.370000 0.370000 0.370000 0.370000 0.370000 0.370000 0.370000 0.370000 0.370000 0.370000 0.370000 0.370000 0.370000 0.370000 0.370000 0.370000 0.370000 0.370000 0.370000 0.370000 0.370000 0.370000 0.370000 0.370000 0.370000 0.370000 0.370000 0.370000 0.370000 0.370000 0.370000 0.370000 0.370000 0.370000 0.370000 0.370000 0.370000 0.370000 0.370000
-9999.0 0.081913 0.090363 0.083817 0.095167 0.111679 0.118248 0.166767 0.245955 0.289647 0.351387 0.366443 0.369503 0.369924 0.369988 0.369999 0.370000 0.370000 0.370000 0.370000 0.370000 0.370000 0.370000 0.370000 0.370000 0.370000 0.370000 0.370000 0.370000 0.370000 0.370000 0.370000 0.370000 0.370000 0.370000 0.370000 0.370000 0.370000 0.370000 0.370000 0.370000 0.370000 0.370000 0.370000 0.370000 0.370000 0.370000 0.370000 0.370000 0.370000 0.370000 0.370000 0.370000 0.370000 0.370000 0.370000 0.370000 0.370000 0.370000 0.369999 0.369995 0.369984 0.369982
-9999.0 0.078118 0.082584 0.086861 0.098049 0.110999 0.131296 0.193160 0.321789 0.359465 0.367939 0.369299 0.369905 0.369996 0.370000 0.370000 0.370000 0.370000 0.370000 0.370000 0.370000 0.370000 0.370000 0.370000 0.370000 0.370000 0.370000 0.370000 0.370000 0.370000 0.370000 0.370000 0.370000 0.370000 0.370000 0.370000 0.370000 0.370000 0.370000 0.370000 0.370000 0.370000 0.370000 0.370000 0.370000 0.370000 0.370000 0.370000 0.370000 0.370000 0.370000 0.370000 0.370000 0.370000 0.370000 0.369999 0.369994 0.369975 0.369936 0.369849 0.369551 0.369329 0.369151
-9999.0 0.072634 0.084159 0.086555 0.092811 0.096765 0.103716 0.136714 0.221804 0.355412 0.369557 0.369801 0.369912 0.369985 0.370000 0.370000 0.370000 0.370000 0.370000 0.370000 0.370000 0.370000 0.370000 0.370000 0.370000 0.370000 0.370000 0.370000 0.370000 0.370000 0.370000 0.370000 0.370000 0.370000 0.370000 0.370000 0.370000 0.370000 0.370000 0.370000 0.370000 0.369999 0.369999 0.369999 0.369999 0.369998 0.369997 0.369994 0.369988 0.369978 0.369966 0.369956 0.369942 0.369918 0.369883 0.369830 0.369618 0.369288 0.368730 0.367377 0.364013 0.359657 0.357133
-9999.0 -9999.0 0.077456 0.086412 0.088219 0.091097 0.095295 0.113815 0.151157 0.288785 0.353465 0.365651 0.368317 0.369361 0.369879 0.369983 0.369989 0.369993 0.369972 0.369974 0.369982 0.369989 0.369995 0.369998 0.369999 0.369999 0.369999 0.369999 0.369998 0.369996 0.369990 0.369984 0.369978 0.369974 0.369982 0.369990 0.369989 0.369984 0.369972 0.369945 0.369907 0.369851 0.369831 0.369836 0.369834 0.369814 0.369775 0.369663 0.369504 0.369285 0.369153 0.369004 0.368837 0.368491 0.368050 0.367427 0.365895 0.363530 0.359247 0.346856 0.319615 0.277020 0.244314
-9999.0 -9999.0 0.071949 0.081096 0.088183 0.094961 0.094999 0.098354 0.124579 0.152683 0.204439 0.274740 0.328213 0.351490 0.360251 0.365702 0.367177 0.367699 0.367845 0.368374 0.369005 0.369406 0.369596 0.369723 0.369809 0.369861 0.369895 0.369849 0.369788 0.369662 0.369425 0.369022 0.368727 0.368539 0.368682 0.368899 0.368763 0.368435 0.367861 0.366988 0.366123 0.365122 0.364771 0.364611 0.364557 0.364281 0.363894 0.362682 0.360751 0.358894 0.357013 0.355125 0.353818 0.350962 0.346705 0.342467 0.330256 0.308676 0.280595 0.245312 0.208894 0.186929 0.169664
-9999.0 -9999.0 -9999.0 0.072647 0.078021 0.084393 0.087956 0.084509 0.088845 0.098918 0.111025 0.132461 0.153962 0.180379 0.215339 0.259173 0.285817 0.296930 0.304080 0.334616 0.346580 0.356910 0.361973 0.363583 0.364945 0.366062 0.366331 0.365628 0.364825 0.363253 0.360009 0.354666 0.350288 0.350134 0.350071 0.350868 0.348808 0.346367 0.340514 0.332218 0.321748 0.312258 0.307741 0.303475 0.300769 0.297051 0.293011 0.285086 0.275015 0.265096 0.256838 0.253289 0.249809 0.244375 0.237280 0.230884 0.221167 0.200248 0.183631 0.168656 0.154229 0.142327 0.132563
-9999.0 -9999.0 -9999.0 -9999.0 -9999.0 0.070793 0.080443 0.084276 0.084882 0.084274 0.087446 0.098303 0.099426 0.103954 0.112653 0.120441 0.127488 0.137889 0.155781 0.177752 0.206383 0.233364 0.264971 0.291528 0.304945 0.317024 0.321109 0.313315 0.304096 0.288954 0.263710 0.239419 0.233935 0.234460 0.234963 0.233848 0.228959 0.224320 0.217840 0.206174 0.196171 0.192416 0.189962 0.187433 0.184862 0.182747 0.180817 0.179108 0.173518 0.168843 0.169999 0.168753 0.167669 0.166983 0.163955 0.161325 0.159187 0.147325 0.139372 0.137120 0.127116 0.120193 0.118366
-9999.0 -9999.0 -9999.0 -9999.0 -9999.0 -9999.0 0.070174 0.074417 0.080822 0.083495 0.088179 0.092546 0.088213 0.090699 0.093819 0.097795 0.104017 0.106783 0.111707 0.118616 0.128185 0.136606 0.149302 0.165665 0.170913 0.177146 0.184929 0.177460 0.171847 0.167199 0.153647 0.152840 0.150259 0.150977 0.151164 0.151794 0.149583 0.147364 0.145622 0.140282 0.138947 0.137008 0.135899 0.134829 0.133747 0.132963 0.132533 0.132195 0.129478 0.130634 0.131157 0.130416 0.129847 0.129788 0.128381 0.126295 0.125303 0.120993 0.118902 0.117281 0.111465 0.109830 0.108150
