tests/Borden05m/sims/sim_1/output-maps/thetaliqL0006N0019.asc
ncols         160
nrows         34
xllcorner     620200.000000
yllcorner     5168000.000000
cellsize      0.500000
NODATA_value  -9999.0
[rows 0 to 27 of 34, columns 63 to 125 of 160]
-9999.0 -9999.0 -9999.0 -9999.0 -9999.0 -9999.0 -9999.0 -9999.0 -9999.0 -9999.0 -9999.0 -9999.0 -9999.0 -9999.0 -9999.0 -9999.0 -9999.0 -9999.0 -9999.0 -9999.0 -9999.0 -9999.0 -9999.0 -9999.0 -9999.0 -9999.0 -9999.0 -9999.0 -9999.0 -9999.0 -9999.0 -9999.0 -9999.0 -9999.0 -9999.0 -9999.0 -9999.0 -9999.0 -9999.0 -9999.0 -9999.0 -9999.0 -9999.0 -9999.0 -9999.0 -9999.0 -9999.0 -9999.0 -9999.0 -9999.0 -9999.0 -9999.0 -9999.0 -9999.0 -9999.0 -9999.0 -9999.0 -9999.0 -9999.0 -9999.0 -9999.0 -9999.0 -9999.0
0.186616 0.180205 0.174354 0.171755 0.171113 0.170470 0.170131 0.173410 0.178447 0.183465 0.188446 0.190023 0.191697 0.193377 0.193749 0.192749 0.190367 0.188012 0.185599 0.184627 0.178848 0.171375 0.165789 0.164125 0.166868 0.169663 0.171238 0.175230 0.182549 0.190243 0.196503 0.205350 0.209476 0.213612 0.216421 0.213334 0.210704 0.208085 0.204831 0.196614 -9999.0 -9999.0 -9999.0 -9999.0 -9999.0 -9999.0 -9999.0 -9999.0 -9999.0 -9999.0 -9999.0 -9999.0 -9999.0 -9999.0 -9999.0 -9999.0 -9999.0 -9999.0 -9999.0 -9999.0 -9999.0 -9999.0 -9999.0
0.175744 0.170004 0.166569 0.163190 0.162161 0.162037 0.161965 0.164360 0.170207 0.175208 0.178270 0.179762 0.181303 0.181451 0.181092 0.180774 0.178792 0.176511 0.174275 0.173123 0.173046 0.168256 0.165075 0.163174 0.162579 0.163991 0.165342 0.167042 0.173132 0.178606 0.184294 0.194293 0.203489 0.207553 0.205834 0.202104 0.199568 0.195202 0.188494 0.181426 0.174503 0.170006 0.166870 0.163992 0.167765 0.171669 0.178480 0.185596 0.194221 0.203354 -9999.0 -9999.0 -9999.0 -9999.0 -9999.0 -9999.0 -9999.0 -9999.0 -9999.0 -9999.0 -9999.0 -9999.0 -9999.0
0.167775 0.165339 0.162419 0.160144 0.164385 0.164994 0.165602 0.167435 0.169568 0.170694 0.172399 0.175717 0.181591 0.183271 0.183548 0.183577 0.182289 0.180152 0.178948 0.177087 0.173667 0.173151 0.173491 0.173615 0.177131 0.178108 0.178890 0.174126 0.176226 0.180436 0.185197 0.190341 0.195601 0.199396 0.197235 0.196347 0.190553 0.181206 0.173790 0.168454 0.166893 0.165191 0.160903 0.154391 0.158204 0.167371 0.170316 0.172806 0.180768 0.189317 0.196773 0.198087 0.197864 0.197667 0.195910 0.186074 0.176332 0.167255 0.156612 -9999.0 -9999.0 -9999.0 -9999.0
0.169021 0.167021 0.166223 0.174369 0.180588 0.181574 0.183453 0.185624 0.184439 0.175818 0.173944 0.179604 0.186814 0.191025 0.191030 0.190948 0.189992 0.189211 0.188763 0.186942 0.187868 0.189837 0.190658 0.194630 0.198898 0.200932 0.194061 0.187254 0.187428 0.192896 0.198732 0.204439 0.213348 0.223225 0.222126 0.217430 0.210454 0.199996 0.183175 0.170130 0.163983 0.160477 0.156811 0.156293 0.155425 0.161283 0.162454 0.163513 0.168905 0.175489 0.182211 0.186220 0.185975 0.185742 0.184214 0.177995 0.168769 0.160241 0.151518 0.139603 0.128114 0.118668 0.118468
0.172960 0.175335 0.184581 0.194675 0.206586 0.208609 0.210604 0.210369 0.202266 0.194249 0.190749 0.202246 0.214669 0.221531 0.222485 0.223578 0.231163 0.229075 0.226288 0.221261 0.223541 0.226728 0.237497 0.244183 0.250017 0.248279 0.237872 0.228431 0.226413 0.227537 0.228655 0.233555 0.242974 0.252473 0.248318 0.241314 0.231675 0.207234 0.185782 0.174151 0.174892 0.175394 0.172643 0.170786 0.168473 0.163757 0.163648 0.163498 0.163303 0.170669 0.178556 0.180922 0.176987 0.174763 0.173439 0.168042 0.161766 0.153534 0.145159 0.136826 0.125754 0.123231 0.120679
0.207053 0.213937 0.225445 0.242537 0.265024 0.269510 0.273909 0.278367 0.268799 0.257569 0.246392 0.259698 0.268694 0.277660 0.282134 0.293686 0.303114 0.298842 0.290909 0.282911 0.288965 0.302250 0.314891 0.319894 0.322392 0.323143 0.316140 0.311640 0.308376 0.307368 0.303224 0.304830 0.314343 0.326013 0.326048 0.316434 0.296383 0.263484 0.230565 0.210243 0.212795 0.207617 0.202974 0.199335 0.188618 0.180317 0.180050 0.173744 0.169737 0.177079 0.181098 0.182418 0.178336 0.182132 0.176918 0.165823 0.155927 0.147800 0.140984 0.134644 0.131664 0.128101 0.125352
0.257563 0.266381 0.284432 0.307704 0.328802 0.338663 0.344118 0.348606 0.345558 0.340605 0.334879 0.337474 0.344791 0.350953 0.355834 0.359839 0.362605 0.361640 0.359634 0.359108 0.360272 0.363572 0.365616 0.366259 0.366555 0.366964 0.366497 0.365669 0.364481 0.363011 0.361367 0.360161 0.363043 0.365110 0.364730 0.360108 0.351683 0.333191 0.303875 0.270604 0.262086 0.260207 0.257188 0.241928 0.227180 0.209856 0.200146 0.193065 0.181831 0.184689 0.188861 0.196861 0.204564 0.203741 0.191310 0.179152 0.166787 0.155864 0.148333 0.146127 0.143772 0.139440 0.136713
0.354188 0.356512 0.360537 0.365585 0.368374 0.369294 0.369673 0.369726 0.369631 0.369498 0.369218 0.369057 0.369376 0.369588 0.369729 0.369822 0.369886 0.369915 0.369912 0.369912 0.369921 0.369934 0.369950 0.369963 0.369973 0.369981 0.369983 0.369972 0.369957 0.369932 0.369898 0.369883 0.369875 0.369902 0.369897 0.369778 0.369444 0.368541 0.365903 0.360296 0.352543 0.351143 0.343416 0.331601 0.312769 0.278275 0.257452 0.240302 0.213133 0.208429 0.217705 0.229964 0.235541 0.221253 0.207398 0.192576 0.177755 0.164631 0.160693 0.159903 0.158132 0.154941 0.153484
0.369687 0.369745 0.369810 0.369947 0.369992 0.369999 0.370000 0.370000 0.370000 0.370000 0.370000 0.369999 0.369999 0.370000 0.370000 0.370000 0.370000 0.370000 0.370000 0.370000 0.370000 0.370000 0.370000 0.370000 0.370000 0.370000 0.370000 0.370000 0.370000 0.370000 0.370000 0.370000 0.370000 0.370000 0.370000 0.370000 0.369999 0.369994 0.369964 0.369853 0.369651 0.369315 0.368693 0.367489 0.362279 0.349311 0.328567 0.303690 0.274898 0.266123 0.288666 0.307928 0.298106 0.286062 0.268197 0.244246 0.221446 0.199841 0.193561 0.190794 0.186345 0.181594 0.177160
0.370000 0.370000 0.370000 0.370000 0.370000 0.370000 0.370000 0.370000 0.370000 0.370000 0.370000 0.370000 0.370000 0.370000 0.370000 0.370000 0.370000 0.370000 0.370000 0.370000 0.370000 0.370000 0.370000 0.370000 0.370000 0.370000 0.370000 0.370000 0.370000 0.370000 0.370000 0.370000 0.370000 0.370000 0.370000 0.370000 0.370000 0.370000 0.370000 0.370000 0.369999 0.369996 0.369989 0.369973 0.369938 0.369696 0.369329 0.368234 0.365176 0.359660 0.364187 0.362276 0.358892 0.351988 0.337576 0.317348 0.292382 0.265219 0.252903 0.246257 0.238164 0.231530 0.223166
0.370000 0.370000 0.370000 0.370000 0.370000 0.370000 0.370000 0.370000 0.370000 0.370000 0.370000 0.370000 0.370000 0.370000 0.370000 0.370000 0.370000 0.370000 0.370000 0.370000 0.370000 0.370000 0.370000 0.370000 0.370000 0.370000 0.370000 0.370000 0.370000 0.370000 0.370000 0.370000 0.370000 0.370000 0.370000 0.370000 0.370000 0.370000 0.370000 0.370000 0.370000 0.370000 0.370000 0.370000 0.370000 0.370000 0.370000 0.369998 0.369979 0.369889 0.369809 0.369718 0.369531 0.368852 0.367139 0.364011 0.355113 0.338020 0.320491 0.311021 0.301504 0.290491 0.277391
0.370000 0.370000 0.370000 0.370000 0.370000 0.370000 0.370000 0.370000 0.370000 0.370000 0.370000 0.370000 0.370000 0.370000 0.370000 0.370000 0.370000 0.370000 0.370000 0.370000 0.370000 0.370000 0.370000 0.370000 0.370000 0.370000 0.370000 0.370000 0.370000 0.370000 0.370000 0.370000 0.370000 0.370000 0.370000 0.370000 0.370000 0.370000 0.370000 0.370000 0.370000 0.370000 0.370000 0.370000 0.370000 0.370000 0.370000 0.370000 0.370000 0.370000 0.370000 0.369999 0.369996 0.369981 0.369946 0.369890 0.369598 0.368687 0.366853 0.365008 0.360566 0.353000 0.343340
0.370000 0.370000 0.370000 0.370000 0.370000 0.370000 0.370000 0.370000 0.370000 0.370000 0.370000 0.370000 0.370000 0.370000 0.370000 0.370000 0.370000 0.370000 0.370000 0.370000 0.370000 0.370000 0.370000 0.370000 0.370000 0.370000 0.370000 0.370000 0.370000 0.370000 0.370000 0.370000 0.370000 0.370000 0.370000 0.370000 0.370000 0.370000 0.370000 0.370000 0.370000 0.370000 0.370000 0.370000 0.370000 0.370000 0.370000 0.370000 0.370000 0.370000 0.370000 0.370000 0.370000 0.370000 0.370000 0.370000 0.369999 0.369990 0.369948 0.369867 0.369622 0.369119 0.368110
0.370000 0.370000 0.370000 0.370000 0.370000 0.370000 0.370000 0.370000 0.370000 0.370000 0.370000 0.370000 0.370000 0.370000 0.370000 0.370000 0.370000 0.370000 0.370000 0.370000 0.370000 0.370000 0.370000 0.370000 0.370000 0.370000 0.370000 0.370000 0.370000 0.370000 0.370000 0.370000 0.370000 0.370000 0.370000 0.370000 0.370000 0.370000 0.370000 0.370000 0.370000 0.370000 0.370000 0.370000 0.370000 0.370000 0.370000 0.370000 0.370000 0.370000 0.370000 0.370000 0.370000 0.370000 0.370000 0.370000 0.370000 0.370000 0.370000 0.370000 0.369996 0.369982 0.369939
0.370000 0.370000 0.370000 0.370000 0.370000 0.370000 0.370000 0.370000 0.370000 0.370000 0.370000 0.370000 0.370000 0.370000 0.370000 0.370000 0.370000 0.370000 0.370000 0.370000 0.370000 0.370000 0.370000 0.370000 0.370000 0.370000 0.370000 0.370000 0.370000 0.370000 0.370000 0.370000 0.370000 0.370000 0.370000 0.370000 0.370000 0.370000 0.370000 0.370000 0.370000 0.370000 0.370000 0.370000 0.370000 0.370000 0.370000 0.370000 0.370000 0.370000 0.370000 0.370000 0.370000 0.370000 0.370000 0.370000 0.370000 0.370000 0.370000 0.370000 0.370000 0.370000 0.370000
0.370000 0.370000 0.370000 0.370000 0.370000 0.370000 0.370000 0.370000 0.370000 0.370000 0.370000 0.370000 0.370000 0.370000 0.370000 0.370000 0.370000 0.370000 0.370000 0.370000 0.370000 0.370000 0.370000 0.370000 0.370000 0.370000 0.370000 0.370000 0.370000 0.370000 0.370000 0.370000 0.370000 0.370000 0.370000 0.370000 0.370000 0.370000 0.370000 0.370000 0.370000 0.370000 0.370000 0.370000 0.370000 0.370000 0.370000 0.370000 0.370000 0.370000 0.370000 0.370000 0.370000 0.370000 0.370000 0.370000 0.370000 0.370000 0.370000 0.370000 0.370000 0.370000 0.370000
0.370000 0.370000 0.370000 0.370000 0.370000 0.370000 0.370000 0.370000 0.370000 0.370000 0.370000 0.370000 0.370000 0.370000 0.370000 0.370000 0.370000 0.370000 0.370000 0.370000 0.370000 0.370000 0.370000 0.370000 0.370000 0.370000 0.370000 0.370000 0.370000 0.370000 0.370000 0.370000 0.370000 0.370000 0.370000 0.370000 0.370000 0.370000 0.370000 0.370000 0.370000 0.370000 0.370000 0.370000 0.370000 0.370000 0.370000 0.370000 0.370000 0.370000 0.370000 0.370000 0.370000 0.370000 0.370000 0.370000 0.370000 0.370000 0.370000 0.370000 0.370000 0.370000 0.370000
0.370000 0.370000 0.370000 0.370000 0.370000 0.370000 0.370000 0.370000 0.370000 0.370000 0.370000 0.370000 0.370000 0.370000 0.370000 0.370000 0.370000 0.370000 0.370000 0.370000 0.370000 0.370000 0.370000 0.370000 0.369999 0.369999 0.369999 0.370000 0.370000 0.370000 0.370000 0.370000 0.370000 0.370000 0.370000 0.370000 0.370000 0.370000 0.370000 0.370000 0.370000 0.370000 0.370000 0.370000 0.370000 0.370000 0.370000 0.370000 0.370000 0.370000 0.370000 0.370000 0.370000 0.370000 0.370000 0.370000 0.370000 0.370000 0.370000 0.370000 0.370000 0.370000 0.370000
0.370000 0.370000 0.370000 0.370000 0.370000 0.370000 0.370000 0.370000 0.369999 0.369995 0.369989 0.369982 0.369983 0.369968 0.369931 0.369875 0.369834 0.369797 0.369706 0.369659 0.369701 0.369783 0.369731 0.369699 0.369725 0.369705 0.369683 0.369761 0.369858 0.369898 0.369930 0.369952 0.369961 0.369972 0.369992 0.369997 0.369999 0.370000 0.370000 0.370000 0.370000 0.370000 0.370000 0.370000 0.370000 0.370000 0.370000 0.370000 0.370000 0.370000 0.370000 0.370000 0.370000 0.370000 0.370000 0.370000 0.370000 0.370000 0.370000 0.370000 0.370000 0.370000 0.370000
0.370000 0.370000 0.370000 0.369996 0.369973 0.369929 0.369818 0.369678 0.369330 0.368365 0.367209 0.367244 0.367605 0.367310 0.365928 0.364070 0.362103 0.359272 0.354762 0.351299 0.354084 0.356903 0.357825 0.358264 0.359133 0.359336 0.359111 0.358969 0.361489 0.363346 0.364955 0.366122 0.367092 0.368649 0.369392 0.369668 0.369844 0.369933 0.369978 0.369995 0.369999 0.370000 0.370000 0.370000 0.370000 0.370000 0.370000 0.370000 0.370000 0.370000 0.370000 0.370000 0.370000 0.370000 0.370000 0.370000 0.370000 0.370000 0.370000 0.370000 0.370000 0.370000 0.370000
0.369991 0.369954 0.369763 0.369173 0.368076 0.366054 0.362298 0.355379 0.342236 0.323789 0.308295 0.312488 0.317193 0.322327 0.311811 0.300552 0.293567 0.280566 0.267479 0.255276 0.262876 0.271135 0.283498 0.286116 0.288652 0.293316 0.292070 0.290811 0.287214 0.295604 0.304211 0.314656 0.332762 0.347372 0.357173 0.362628 0.365952 0.367986 0.369111 0.369635 0.369860 0.369939 0.369976 0.369993 0.369998 0.370000 0.370000 0.370000 0.370000 0.370000 0.370000 0.370000 0.370000 0.370000 0.370000 0.370000 0.370000 0.370000 0.370000 0.370000 0.370000 0.370000 0.370000
0.367102 0.363185 0.351684 0.338373 0.323146 0.302958 0.282333 0.261796 0.236607 0.215695 0.197356 0.200404 0.209636 0.220396 0.213104 0.208658 0.205737 0.196550 0.186604 0.177350 0.179877 0.189906 0.202054 0.206692 0.211337 0.217184 0.217151 0.212319 0.205873 0.210375 0.220918 0.234096 0.253639 0.274423 0.294466 0.312007 0.329495 0.344619 0.355664 0.362933 0.366811 0.368358 0.369288 0.369719 0.369877 0.369932 0.369970 0.369993 0.369998 0.370000 0.370000 0.370000 0.370000 0.370000 0.370000 0.370000 0.370000 0.370000 0.370000 0.370000 0.370000 0.370000 0.370000
0.298428 0.268994 0.247141 0.228417 0.211604 0.196274 0.181378 0.168331 0.156671 0.145456 0.136078 0.138377 0.144673 0.151294 0.151984 0.150397 0.148848 0.144848 0.138650 0.133266 0.136561 0.143526 0.151109 0.156079 0.159644 0.163287 0.161633 0.157025 0.152885 0.156925 0.165497 0.174719 0.186757 0.202392 0.219470 0.237544 0.257461 0.278106 0.300545 0.322095 0.340330 0.353158 0.361146 0.365619 0.367208 0.368218 0.368835 0.369409 0.369716 0.369878 0.369958 0.369989 0.369999 0.370000 0.370000 0.370000 0.370000 0.370000 0.370000 0.370000 0.370000 0.370000 0.370000
0.204177 0.181783 0.166069 0.155565 0.150061 0.142839 0.134287 0.128882 0.122850 0.116363 0.115698 0.116992 0.121199 0.122209 0.122463 0.121454 0.121104 0.119437 0.115537 0.116987 0.119471 0.124580 0.128594 0.132141 0.134698 0.136467 0.136056 0.132801 0.133636 0.136668 0.143210 0.148854 0.156880 0.168920 0.179936 0.193405 0.209844 0.228162 0.248719 0.271195 0.295216 0.316032 0.331854 0.340066 0.347308 0.351864 0.352144 0.358354 0.362880 0.365871 0.368061 0.369167 0.369725 0.369950 0.369996 0.370000 0.370000 0.370000 0.370000 0.370000 0.370000 0.370000 0.370000
0.143303 0.130785 0.121823 0.118678 0.115579 0.112366 0.108905 0.105702 0.102798 0.102538 0.102107 0.102135 0.102688 0.103337 0.103851 0.103617 0.103378 0.103415 0.104460 0.105385 0.106632 0.109235 0.112078 0.114805 0.115955 0.117170 0.117911 0.118722 0.119454 0.120856 0.124726 0.128922 0.134124 0.141428 0.149601 0.159478 0.172463 0.187072 0.204376 0.225408 0.248051 0.266092 0.275856 0.285725 0.291027 0.289592 0.288182 0.298100 0.310870 0.323110 0.339644 0.352805 0.361524 0.367877 0.369612 0.369943 0.369993 0.370000 0.370000 0.370000 0.370000 0.370000 0.370000
0.115270 0.108193 0.103965 0.101952 0.100032 0.098170 0.095880 0.094106 0.093714 0.093405 0.093114 0.092916 0.093429 0.093969 0.094613 0.094513 0.094531 0.094912 0.095569 0.096455 0.097975 0.099933 0.102202 0.105164 0.106088 0.107104 0.108347 0.108931 0.109649 0.110712 0.113770 0.117092 0.120930 0.126694 0.133315 0.141409 0.152019 0.165893 0.184328 0.203287 0.223819 0.241869 0.249911 0.254455 0.253893 0.250069 0.240937 0.241966 0.253362 0.258926 0.274193 0.295753 0.312448 0.343628 0.362352 0.367509 0.369333 0.369851 0.369984 0.369998 0.370000 0.370000 0.370000
0.099205 0.095964 0.093030 0.091373 0.090056 0.088837 0.087798 0.087493 0.087158 0.086944 0.086812 0.086666 0.086953 0.087401 0.087858 0.088046 0.088322 0.088604 0.089278 0.090372 0.091504 0.093151 0.095339 0.097755 0.098738 0.099697 0.100700 0.101396 0.102196 0.102994 0.105241 0.107940 0.110836 0.115612 0.121218 0.127572 0.137749 0.151594 0.167953 0.184310 0.202449 0.221339 0.224363 0.225916 0.225817 0.215825 0.204276 0.201097 0.204236 0.205832 0.214632 0.226707 0.239811 0.270523 0.302903 0.332101 0.354681 0.366184 0.369234 0.369792 0.369954 0.369993 0.369999
