tests/Borden05m/sims/sim_1/output-maps/thetaliqL0003N0008.asc
ncols         160
nrows         34
xllcorner     620200.000000
yllcorner     5168000.000000
cellsize      0.500000
NODATA_value  -9999.0
[rows 0 to 27 of 34, columns 63 to 125 of 160]
-9999.0 -9999.0 -9999.0 -9999.0 -9999.0 -9999.0 -9999.0 -9999.0 -9999.0 -9999.0 -9999.0 -9999.0 -9999.0 -9999.0 -9999.0 -9999.0 -9999.0 -9999.0 -9999.0 -9999.0 -9999.0 -9999.0 -9999.0 -9999.0 -9999.0 -9999.0 -9999.0 -9999.0 -9999.0 -9999.0 -9999.0 -9999.0 -9999.0 -9999.0 -9999.0 -9999.0 -9999.0 -9999.0 -9999.0 -9999.0 -9999.0 -9999.0 -9999.0 -9999.0 -9999.0 -9999.0 -9999.0 -9999.0 -9999.0 -9999.0 -9999.0 -9999.0 -9999.0 -9999.0 -9999.0 -9999.0 -9999.0 -9999.0 -9999.0 -9999.0 -9999.0 -9999.0 -9999.0
0.242865 0.241220 0.239188 0.238964 0.239277 0.238887 0.237952 0.239031 0.240394 0.241515 0.243185 0.242715 0.242850 0.243497 0.243677 0.243398 0.242636 0.242188 0.241640 0.242646 0.240269 0.237139 0.234741 0.234285 0.236447 0.237670 0.237329 0.238387 0.240784 0.242739 0.243177 0.245540 0.244875 0.245765 0.247446 0.246129 0.245932 0.246306 0.247029 0.243495 -9999.0 -9999.0 -9999.0 -9999.0 -9999.0 -9999.0 -9999.0 -9999.0 -9999.0 -9999.0 -9999.0 -9999.0 -9999.0 -9999.0 -9999.0 -9999.0 -9999.0 -9999.0 -9999.0 -9999.0 -9999.0 -9999.0 -9999.0
0.237828 0.235343 0.234832 0.232939 0.232101 0.231873 0.231052 0.231581 0.234716 0.236885 0.237417 0.236827 0.236497 0.235725 0.235215 0.235403 0.234663 0.234001 0.233291 0.233592 0.235743 0.233429 0.232294 0.231124 0.229806 0.230242 0.230597 0.230701 0.233595 0.234554 0.235126 0.238948 0.242488 0.243313 0.241762 0.240185 0.240770 0.240839 0.239524 0.238289 0.238659 0.238135 0.237961 0.236555 0.238708 0.238515 0.240779 0.242588 0.244710 0.248056 -9999.0 -9999.0 -9999.0 -9999.0 -9999.0 -9999.0 -9999.0 -9999.0 -9999.0 -9999.0 -9999.0 -9999.0 -9999.0
0.234178 0.233368 0.231505 0.228557 0.231771 0.231276 0.230928 0.231451 0.232450 0.232863 0.233302 0.233940 0.236700 0.236387 0.236103 0.236258 0.235792 0.234921 0.235065 0.234625 0.232252 0.232667 0.233261 0.232691 0.235019 0.235116 0.236517 0.232334 0.232962 0.233818 0.234337 0.234597 0.234974 0.235657 0.233837 0.235258 0.234015 0.231062 0.230594 0.231150 0.234057 0.235567 0.234046 0.228259 0.231304 0.237654 0.236986 0.235766 0.238658 0.241469 0.245662 0.244980 0.244590 0.245100 0.246054 0.242682 0.240714 0.239393 0.234374 -9999.0 -9999.0 -9999.0 -9999.0
0.234034 0.231950 0.229354 0.234378 0.236303 0.235041 0.235566 0.237040 0.237168 0.230836 0.229173 0.231504 0.233906 0.234850 0.233627 0.233033 0.231916 0.231967 0.232706 0.232088 0.233067 0.233856 0.232638 0.234133 0.235880 0.237655 0.233805 0.230311 0.230549 0.233453 0.235478 0.236363 0.239189 0.243803 0.243008 0.242091 0.241889 0.241812 0.236539 0.231647 0.229743 0.228929 0.227472 0.228821 0.227675 0.232808 0.232327 0.231426 0.233730 0.235418 0.237651 0.239252 0.238943 0.239605 0.240540 0.239764 0.237450 0.236422 0.235921 0.233989 0.229631 0.221081 0.221698
0.228310 0.228274 0.232572 0.234690 0.238534 0.236779 0.236804 0.236630 0.232510 0.229443 0.227298 0.233641 0.238582 0.240026 0.238464 0.237090 0.241557 0.240243 0.239790 0.237129 0.238044 0.237386 0.241969 0.243620 0.246057 0.245098 0.240503 0.236629 0.236498 0.236919 0.236375 0.237347 0.240084 0.243631 0.240834 0.239911 0.240728 0.232901 0.226878 0.225005 0.229897 0.232720 0.232332 0.232904 0.233276 0.229940 0.230807 0.231183 0.229504 0.233306 0.237078 0.237399 0.234012 0.232929 0.234637 0.234536 0.235088 0.233832 0.232403 0.231489 0.223562 0.226381 0.221989
0.236749 0.238190 0.240114 0.243957 0.251889 0.249683 0.249924 0.252616 0.248222 0.244196 0.237771 0.244991 0.246277 0.248254 0.247462 0.252511 0.257103 0.254200 0.250307 0.245408 0.248306 0.254395 0.259974 0.261058 0.261600 0.262655 0.258640 0.257813 0.257107 0.257656 0.254765 0.254747 0.258785 0.266019 0.266921 0.263956 0.257634 0.247319 0.237768 0.232717 0.239718 0.237878 0.237113 0.238488 0.234575 0.232433 0.236240 0.233168 0.230768 0.236038 0.236425 0.235540 0.231157 0.236489 0.235795 0.231743 0.229218 0.228054 0.227190 0.225268 0.227413 0.226283 0.222620
0.238695 0.239926 0.245528 0.253395 0.262119 0.266167 0.269642 0.274806 0.271110 0.267413 0.262823 0.264036 0.269546 0.274471 0.280147 0.287453 0.296767 0.295844 0.292299 0.292349 0.294180 0.302440 0.309525 0.312275 0.314144 0.317939 0.315833 0.311544 0.306129 0.300059 0.294075 0.288756 0.295330 0.302611 0.301024 0.286011 0.275452 0.263731 0.251932 0.238618 0.239518 0.242313 0.245000 0.240228 0.238280 0.234140 0.233615 0.234455 0.229450 0.232395 0.232861 0.236296 0.241680 0.243198 0.238755 0.236556 0.234006 0.231199 0.228937 0.231107 0.232019 0.229688 0.227241
0.280729 0.281846 0.288020 0.306614 0.328228 0.345417 0.360756 0.363148 0.357481 0.350489 0.340890 0.335571 0.342750 0.351081 0.361175 0.368646 0.369702 0.369865 0.369891 0.369901 0.369910 0.369915 0.369928 0.369944 0.369957 0.369966 0.369966 0.369952 0.369938 0.369915 0.369884 0.369873 0.369846 0.369842 0.369703 0.367582 0.349995 0.331254 0.311489 0.292600 0.277068 0.279032 0.273119 0.268195 0.262612 0.248635 0.245497 0.243923 0.231974 0.230862 0.234731 0.239837 0.243879 0.237149 0.234520 0.232241 0.229594 0.225945 0.228028 0.230623 0.231579 0.230925 0.230982
0.357243 0.362448 0.368598 0.369803 0.369968 0.369995 0.369999 0.370000 0.369999 0.369998 0.369994 0.369990 0.369992 0.369998 0.370000 0.370000 0.370000 0.370000 0.370000 0.370000 0.370000 0.370000 0.370000 0.370000 0.370000 0.370000 0.370000 0.370000 0.370000 0.370000 0.370000 0.370000 0.370000 0.370000 0.370000 0.370000 0.369998 0.369982 0.369908 0.369380 0.360807 0.342408 0.330386 0.320332 0.298192 0.275206 0.258922 0.248270 0.237193 0.235265 0.248791 0.261628 0.255333 0.253442 0.250224 0.244298 0.239566 0.232978 0.234468 0.235916 0.235318 0.234514 0.233489
0.369999 0.370000 0.370000 0.370000 0.370000 0.370000 0.370000 0.370000 0.370000 0.370000 0.370000 0.370000 0.370000 0.370000 0.370000 0.370000 0.370000 0.370000 0.370000 0.370000 0.370000 0.370000 0.370000 0.370000 0.370000 0.370000 0.370000 0.370000 0.370000 0.370000 0.370000 0.370000 0.370000 0.370000 0.370000 0.370000 0.370000 0.370000 0.370000 0.370000 0.369999 0.369993 0.369982 0.369958 0.369881 0.368613 0.354193 0.334206 0.313282 0.291290 0.302157 0.291094 0.285251 0.278411 0.268776 0.261035 0.254154 0.246557 0.246242 0.246764 0.245426 0.245277 0.243852
0.370000 0.370000 0.370000 0.370000 0.370000 0.370000 0.370000 0.370000 0.370000 0.370000 0.370000 0.370000 0.370000 0.370000 0.370000 0.370000 0.370000 0.370000 0.370000 0.370000 0.370000 0.370000 0.370000 0.370000 0.370000 0.370000 0.370000 0.370000 0.370000 0.370000 0.370000 0.370000 0.370000 0.370000 0.370000 0.370000 0.370000 0.370000 0.370000 0.370000 0.370000 0.370000 0.370000 0.370000 0.370000 0.370000 0.370000 0.369997 0.369967 0.369803 0.369016 0.360617 0.347988 0.330444 0.313342 0.300167 0.279857 0.264919 0.256788 0.255847 0.254897 0.253390 0.250682
0.370000 0.370000 0.370000 0.370000 0.370000 0.370000 0.370000 0.370000 0.370000 0.370000 0.370000 0.370000 0.370000 0.370000 0.370000 0.370000 0.370000 0.370000 0.370000 0.370000 0.370000 0.370000 0.370000 0.370000 0.370000 0.370000 0.370000 0.370000 0.370000 0.370000 0.370000 0.370000 0.370000 0.370000 0.370000 0.370000 0.370000 0.370000 0.370000 0.370000 0.370000 0.370000 0.370000 0.370000 0.370000 0.370000 0.370000 0.370000 0.370000 0.370000 0.370000 0.370000 0.369996 0.369973 0.369900 0.369594 0.361096 0.332794 0.312967 0.302266 0.287015 0.276851 0.270733
0.370000 0.370000 0.370000 0.370000 0.370000 0.370000 0.370000 0.370000 0.370000 0.370000 0.370000 0.370000 0.370000 0.370000 0.370000 0.370000 0.370000 0.370000 0.370000 0.370000 0.370000 0.370000 0.370000 0.370000 0.370000 0.370000 0.370000 0.370000 0.370000 0.370000 0.370000 0.370000 0.370000 0.370000 0.370000 0.370000 0.370000 0.370000 0.370000 0.370000 0.370000 0.370000 0.370000 0.370000 0.370000 0.370000 0.370000 0.370000 0.370000 0.370000 0.370000 0.370000 0.370000 0.370000 0.370000 0.370000 0.370000 0.369989 0.369914 0.369435 0.355564 0.334004 0.317627
0.370000 0.370000 0.370000 0.370000 0.370000 0.370000 0.370000 0.370000 0.370000 0.370000 0.370000 0.370000 0.370000 0.370000 0.370000 0.370000 0.370000 0.370000 0.370000 0.370000 0.370000 0.370000 0.370000 0.370000 0.370000 0.370000 0.370000 0.370000 0.370000 0.370000 0.370000 0.370000 0.370000 0.370000 0.370000 0.370000 0.370000 0.370000 0.370000 0.370000 0.370000 0.370000 0.370000 0.370000 0.370000 0.370000 0.370000 0.370000 0.370000 0.370000 0.370000 0.370000 0.370000 0.370000 0.370000 0.370000 0.370000 0.370000 0.370000 0.370000 0.369999 0.369981 0.369851
0.370000 0.370000 0.370000 0.370000 0.370000 0.370000 0.370000 0.370000 0.370000 0.370000 0.370000 0.370000 0.370000 0.370000 0.370000 0.370000 0.370000 0.370000 0.370000 0.370000 0.370000 0.370000 0.370000 0.370000 0.370000 0.370000 0.370000 0.370000 0.370000 0.370000 0.370000 0.370000 0.370000 0.370000 0.370000 0.370000 0.370000 0.370000 0.370000 0.370000 0.370000 0.370000 0.370000 0.370000 0.370000 0.370000 0.370000 0.370000 0.370000 0.370000 0.370000 0.370000 0.370000 0.370000 0.370000 0.370000 0.370000 0.370000 0.370000 0.370000 0.370000 0.370000 0.370000
0.370000 0.370000 0.370000 0.370000 0.370000 0.370000 0.370000 0.370000 0.370000 0.370000 0.370000 0.370000 0.370000 0.370000 0.370000 0.370000 0.370000 0.370000 0.370000 0.370000 0.370000 0.370000 0.370000 0.370000 0.370000 0.370000 0.370000 0.370000 0.370000 0.370000 0.370000 0.370000 0.370000 0.370000 0.370000 0.370000 0.370000 0.370000 0.370000 0.370000 0.370000 0.370000 0.370000 0.370000 0.370000 0.370000 0.370000 0.370000 0.370000 0.370000 0.370000 0.370000 0.370000 0.370000 0.370000 0.370000 0.370000 0.370000 0.370000 0.370000 0.370000 0.370000 0.370000
0.370000 0.370000 0.370000 0.370000 0.370000 0.370000 0.370000 0.370000 0.370000 0.370000 0.370000 0.370000 0.370000 0.370000 0.370000 0.370000 0.370000 0.370000 0.370000 0.370000 0.370000 0.370000 0.370000 0.370000 0.370000 0.370000 0.370000 0.370000 0.370000 0.370000 0.370000 0.370000 0.370000 0.370000 0.370000 0.370000 0.370000 0.370000 0.370000 0.370000 0.370000 0.370000 0.370000 0.370000 0.370000 0.370000 0.370000 0.370000 0.370000 0.370000 0.370000 0.370000 0.370000 0.370000 0.370000 0.370000 0.370000 0.370000 0.370000 0.370000 0.370000 0.370000 0.370000
0.370000 0.370000 0.370000 0.370000 0.370000 0.370000 0.370000 0.370000 0.370000 0.370000 0.370000 0.370000 0.370000 0.370000 0.370000 0.370000 0.370000 0.370000 0.370000 0.370000 0.370000 0.370000 0.370000 0.370000 0.370000 0.370000 0.370000 0.370000 0.370000 0.370000 0.370000 0.370000 0.370000 0.370000 0.370000 0.370000 0.370000 0.370000 0.370000 0.370000 0.370000 0.370000 0.370000 0.370000 0.370000 0.370000 0.370000 0.370000 0.370000 0.370000 0.370000 0.370000 0.370000 0.370000 0.370000 0.370000 0.370000 0.370000 0.370000 0.370000 0.370000 0.370000 0.370000
0.370000 0.370000 0.370000 0.370000 0.370000 0.370000 0.370000 0.370000 0.369999 0.369990 0.369980 0.369972 0.369977 0.369965 0.369927 0.369854 0.369735 0.369206 0.365143 0.362286 0.364552 0.367421 0.364741 0.361355 0.361612 0.360163 0.360944 0.368376 0.369732 0.369881 0.369929 0.369953 0.369962 0.369971 0.369994 0.369999 0.370000 0.370000 0.370000 0.370000 0.370000 0.370000 0.370000 0.370000 0.370000 0.370000 0.370000 0.370000 0.370000 0.370000 0.370000 0.370000 0.370000 0.370000 0.370000 0.370000 0.370000 0.370000 0.370000 0.370000 0.370000 0.370000 0.370000
0.370000 0.370000 0.370000 0.369998 0.369970 0.369886 0.369405 0.363640 0.348627 0.331376 0.321434 0.321834 0.324796 0.321028 0.311158 0.302028 0.295343 0.289110 0.281253 0.276968 0.281448 0.285944 0.285039 0.284505 0.285943 0.285579 0.284940 0.285469 0.295127 0.301519 0.307500 0.311774 0.314230 0.327353 0.341246 0.353631 0.368626 0.369836 0.369971 0.369997 0.370000 0.370000 0.370000 0.370000 0.370000 0.370000 0.370000 0.370000 0.370000 0.370000 0.370000 0.370000 0.370000 0.370000 0.370000 0.370000 0.370000 0.370000 0.370000 0.370000 0.370000 0.370000 0.370000
0.369989 0.369937 0.369245 0.348426 0.326482 0.311744 0.297136 0.284705 0.273340 0.263446 0.257037 0.261719 0.263832 0.267882 0.261710 0.256879 0.256026 0.251723 0.248002 0.242590 0.247011 0.248719 0.253770 0.253042 0.253002 0.255265 0.254092 0.253709 0.250276 0.253847 0.255637 0.257684 0.266324 0.274159 0.282296 0.289446 0.299462 0.314266 0.330530 0.349146 0.368332 0.369832 0.369970 0.369997 0.370000 0.370000 0.370000 0.370000 0.370000 0.370000 0.370000 0.370000 0.370000 0.370000 0.370000 0.370000 0.370000 0.370000 0.370000 0.370000 0.370000 0.370000 0.370000
0.325128 0.309235 0.284658 0.271556 0.265673 0.258881 0.253925 0.250374 0.244040 0.239752 0.232473 0.235492 0.239432 0.245204 0.240492 0.239994 0.241236 0.238654 0.235909 0.231100 0.231817 0.235602 0.240108 0.239693 0.240501 0.243115 0.243196 0.241091 0.236729 0.237645 0.240161 0.242426 0.247157 0.251416 0.255583 0.259114 0.264497 0.271203 0.278674 0.288511 0.302110 0.314807 0.331144 0.351044 0.368566 0.369811 0.369953 0.369993 0.369999 0.370000 0.370000 0.370000 0.370000 0.370000 0.370000 0.370000 0.370000 0.370000 0.370000 0.370000 0.370000 0.370000 0.370000
0.254518 0.246532 0.243968 0.241438 0.238443 0.236009 0.233281 0.230853 0.228962 0.225549 0.218253 0.221445 0.225702 0.230542 0.230757 0.230305 0.230828 0.229841 0.226564 0.220618 0.223153 0.226677 0.229813 0.230701 0.231216 0.233206 0.231723 0.228703 0.224350 0.226130 0.229287 0.230827 0.232774 0.235801 0.238982 0.242091 0.245736 0.249383 0.254522 0.260382 0.267203 0.275038 0.283959 0.295241 0.302723 0.313874 0.324676 0.339733 0.358152 0.369415 0.369919 0.369988 0.370000 0.370000 0.370000 0.370000 0.370000 0.370000 0.370000 0.370000 0.370000 0.370000 0.370000
0.239703 0.235104 0.232389 0.230343 0.232044 0.231233 0.228038 0.228544 0.226968 0.221072 0.223499 0.225251 0.230189 0.229134 0.228844 0.227680 0.228554 0.227850 0.221969 0.225097 0.226324 0.229672 0.230119 0.230728 0.231190 0.231757 0.231067 0.226887 0.227799 0.228813 0.231795 0.231632 0.232600 0.235867 0.236520 0.238254 0.240857 0.243587 0.246873 0.250936 0.256837 0.262895 0.268745 0.270104 0.274166 0.277839 0.274391 0.282093 0.289739 0.301150 0.317827 0.335404 0.363669 0.369816 0.369997 0.370000 0.370000 0.370000 0.370000 0.370000 0.370000 0.370000 0.370000
0.228270 0.224733 0.221032 0.223554 0.224115 0.224137 0.223584 0.222553 0.220017 0.223449 0.223906 0.223622 0.223224 0.223180 0.223595 0.223001 0.222666 0.222895 0.225424 0.225746 0.224886 0.225723 0.226347 0.227083 0.226041 0.226245 0.226323 0.227235 0.227094 0.226348 0.227745 0.228050 0.228323 0.229583 0.230363 0.231388 0.233568 0.235107 0.237128 0.241007 0.245883 0.249097 0.249059 0.251653 0.252766 0.250283 0.248202 0.251915 0.255634 0.258725 0.266599 0.274706 0.285079 0.316686 0.356149 0.369710 0.369992 0.370000 0.370000 0.370000 0.370000 0.370000 0.370000
0.225404 0.222269 0.221871 0.223785 0.224098 0.224183 0.222217 0.220374 0.222484 0.223280 0.223164 0.222350 0.223201 0.223538 0.224644 0.223575 0.223051 0.223357 0.223615 0.223432 0.224191 0.224702 0.225106 0.227680 0.226215 0.226068 0.226962 0.226549 0.226234 0.225476 0.227136 0.227646 0.227688 0.229026 0.229715 0.230445 0.231565 0.233586 0.237741 0.240752 0.244861 0.248837 0.249257 0.249743 0.248617 0.247680 0.242925 0.242791 0.247600 0.246263 0.249662 0.255811 0.255821 0.270398 0.292171 0.314545 0.343237 0.369087 0.369970 0.370000 0.370000 0.370000 0.370000
0.221613 0.222119 0.220614 0.221168 0.221080 0.220095 0.218874 0.220492 0.220418 0.220291 0.220409 0.219940 0.220740 0.221372 0.222016 0.221638 0.221563 0.220409 0.220365 0.221517 0.221596 0.222265 0.223751 0.225783 0.224387 0.224095 0.224108 0.223602 0.223639 0.222835 0.224220 0.225246 0.225446 0.227161 0.227801 0.226689 0.228516 0.231758 0.234965 0.236964 0.240392 0.246222 0.244049 0.243742 0.244587 0.240705 0.236008 0.235951 0.237490 0.236118 0.239212 0.240957 0.240362 0.248144 0.254533 0.262767 0.275893 0.301699 0.335163 0.364507 0.369814 0.369993 0.370000
