tests/Borden05m/sims/sim_1/output-maps/thetaliqL0002N0014.asc
ncols         160
nrows         34
xllcorner     620200.000000
yllcorner     5168000.000000
cellsize      0.500000
NODATA_value  -9999.0
[rows 0 to 27 of 34, columns 63 to 125 of 160]
-9999.0 -9999.0 -9999.0 -9999.0 -9999.0 -9999.0 -9999.0 -9999.0 -9999.0 -9999.0 -9999.0 -9999.0 -9999.0 -9999.0 -9999.0 -9999.0 -9999.0 -9999.0 -9999.0 -9999.0 -9999.0 -9999.0 -9999.0 -9999.0 -9999.0 -9999.0 -9999.0 -9999.0 -9999.0 -9999.0 -9999.0 -9999.0 -9999.0 -9999.0 -9999.0 -9999.0 -9999.0 -9999.0 -9999.0 -9999.0 -9999.0 -9999.0 -9999.0 -9999.0 -9999.0 -9999.0 -9999.0 -9999.0 -9999.0 -9999.0 -9999.0 -9999.0 -9999.0 -9999.0 -9999.0 -9999.0 -9999.0 -9999.0 -9999.0 -9999.0 -9999.0 -9999.0 -9999.0
0.200008 0.199139 0.198111 0.197961 0.198087 0.197901 0.197481 0.198025 0.198727 0.199327 0.200180 0.200003 0.200100 0.200430 0.200519 0.200370 0.199977 0.199726 0.199428 0.199858 0.198672 0.197139 0.195975 0.195743 0.196748 0.197341 0.197220 0.197772 0.198985 0.200023 0.200358 0.201621 0.201409 0.201913 0.202756 0.202082 0.201929 0.202038 0.202299 0.200517 -9999.0 -9999.0 -9999.0 -9999.0 -9999.0 -9999.0 -9999.0 -9999.0 -9999.0 -9999.0 -9999.0 -9999.0 -9999.0 -9999.0 -9999.0 -9999.0 -9999.0 -9999.0 -9999.0 -9999.0 -9999.0 -9999.0 -9999.0
0.197541 0.196328 0.196039 0.195145 0.194762 0.194660 0.194300 0.194574 0.196052 0.197104 0.197399 0.197165 0.197046 0.196718 0.196486 0.196562 0.196196 0.195861 0.195504 0.195613 0.196556 0.195445 0.194895 0.194353 0.193774 0.193988 0.194165 0.194231 0.195618 0.196147 0.196513 0.198410 0.200196 0.200661 0.199925 0.199133 0.199343 0.199287 0.198563 0.197869 0.197881 0.197553 0.197417 0.196753 0.197775 0.197756 0.198905 0.199872 0.201012 0.202735 -9999.0 -9999.0 -9999.0 -9999.0 -9999.0 -9999.0 -9999.0 -9999.0 -9999.0 -9999.0 -9999.0 -9999.0 -9999.0
0.195776 0.195371 0.194503 0.193190 0.194659 0.194452 0.194312 0.194572 0.195057 0.195242 0.195469 0.195809 0.197143 0.197033 0.196914 0.196983 0.196753 0.196326 0.196367 0.196138 0.195024 0.195205 0.195479 0.195236 0.196335 0.196393 0.197024 0.195078 0.195389 0.195845 0.196166 0.196393 0.196671 0.197070 0.196218 0.196827 0.196159 0.194673 0.194326 0.194469 0.195701 0.196333 0.195590 0.192956 0.194344 0.197298 0.197060 0.196578 0.198022 0.199449 0.201498 0.201213 0.201033 0.201259 0.201651 0.199920 0.198841 0.198075 0.195668 -9999.0 -9999.0 -9999.0 -9999.0
0.195727 0.194777 0.193637 0.196006 0.196979 0.196438 0.196707 0.197398 0.197421 0.194451 0.193685 0.194816 0.196013 0.196517 0.195974 0.195712 0.195209 0.195218 0.195534 0.195222 0.195681 0.196076 0.195568 0.196321 0.197183 0.198015 0.196141 0.194463 0.194562 0.195946 0.196956 0.197467 0.198934 0.201262 0.200868 0.200338 0.200087 0.199820 0.197122 0.194709 0.193767 0.193361 0.192667 0.193231 0.192727 0.195055 0.194867 0.194488 0.195609 0.196475 0.197590 0.198385 0.198245 0.198539 0.198923 0.198452 0.197244 0.196629 0.196254 0.195198 0.193120 0.189292 0.189565
0.193304 0.193345 0.195430 0.196570 0.198550 0.197805 0.197860 0.197780 0.195759 0.194246 0.193224 0.196255 0.198714 0.199519 0.198843 0.198275 0.200505 0.199840 0.199551 0.198222 0.198694 0.198495 0.200858 0.201774 0.203038 0.202544 0.200179 0.198216 0.198108 0.198309 0.198065 0.198612 0.200093 0.201988 0.200596 0.199984 0.200101 0.196021 0.192927 0.191895 0.194054 0.195306 0.195085 0.195299 0.195410 0.193842 0.194218 0.194388 0.193648 0.195446 0.197257 0.197450 0.195882 0.195363 0.196094 0.195943 0.196073 0.195373 0.194601 0.194063 0.190465 0.191629 0.189720
0.197735 0.198535 0.199670 0.201852 0.206156 0.205272 0.205542 0.206984 0.204600 0.202402 0.199150 0.202770 0.203616 0.204834 0.204657 0.207530 0.210143 0.208528 0.206335 0.203762 0.205312 0.208748 0.212045 0.212835 0.213227 0.213835 0.211453 0.210814 0.210303 0.210525 0.208963 0.209032 0.211508 0.215839 0.216326 0.214176 0.210057 0.204026 0.198782 0.196042 0.199199 0.198262 0.197833 0.198358 0.196389 0.195263 0.196929 0.195446 0.194313 0.196766 0.197011 0.196651 0.194643 0.197083 0.196667 0.194693 0.193411 0.192761 0.192274 0.191351 0.192220 0.191674 0.190065
0.199900 0.200695 0.203844 0.208457 0.214059 0.217418 0.220516 0.224005 0.221320 0.218413 0.215164 0.215756 0.219590 0.223582 0.228498 0.234293 0.240840 0.239159 0.235807 0.235505 0.236953 0.244064 0.251205 0.254366 0.256505 0.260618 0.257839 0.252832 0.247334 0.242134 0.237774 0.234460 0.240331 0.247043 0.245739 0.233630 0.224328 0.215304 0.207669 0.200294 0.200385 0.201635 0.202788 0.200193 0.198957 0.196669 0.196194 0.196418 0.193971 0.195303 0.195595 0.197296 0.199889 0.200529 0.198275 0.197061 0.195703 0.194273 0.193155 0.194067 0.194426 0.193347 0.192249
0.228139 0.229713 0.234705 0.250115 0.277956 0.303241 0.318296 0.320620 0.316405 0.310153 0.298696 0.291792 0.301978 0.311819 0.319001 0.323532 0.327234 0.329789 0.329603 0.329636 0.330346 0.331199 0.332866 0.334879 0.336905 0.339164 0.339931 0.337250 0.334430 0.331263 0.328256 0.327441 0.326485 0.328258 0.328018 0.321436 0.308240 0.282830 0.254279 0.236869 0.225947 0.225764 0.221042 0.217278 0.213200 0.205107 0.202939 0.201733 0.195720 0.195128 0.197092 0.199701 0.201652 0.198240 0.196769 0.195454 0.194006 0.192163 0.193007 0.194127 0.194512 0.194174 0.194172
0.317549 0.320210 0.322632 0.332882 0.344257 0.353258 0.358778 0.360469 0.358932 0.356983 0.354459 0.352008 0.352072 0.355139 0.358313 0.360861 0.362271 0.362732 0.362508 0.362520 0.362651 0.363021 0.363238 0.363711 0.364417 0.365454 0.366523 0.366337 0.364920 0.363455 0.361305 0.360126 0.359437 0.358326 0.358161 0.358089 0.353134 0.346095 0.336202 0.325291 0.316443 0.301242 0.282233 0.265069 0.240881 0.224412 0.213328 0.206142 0.199785 0.198636 0.205709 0.212616 0.209049 0.207694 0.205569 0.202138 0.199424 0.195990 0.196513 0.197096 0.196737 0.196291 0.195745
0.358375 0.359484 0.360868 0.363291 0.366571 0.368571 0.369454 0.369575 0.369477 0.369293 0.368993 0.368741 0.368624 0.368780 0.369016 0.369299 0.369508 0.369649 0.369670 0.369658 0.369665 0.369669 0.369698 0.369688 0.369742 0.369805 0.369866 0.369870 0.369827 0.369687 0.369477 0.369256 0.368902 0.368609 0.368522 0.368517 0.368485 0.367550 0.365162 0.359601 0.353522 0.347262 0.342702 0.337553 0.332796 0.320199 0.310278 0.284699 0.254588 0.235506 0.246109 0.237540 0.231631 0.225192 0.218029 0.212741 0.208249 0.203726 0.203207 0.203282 0.202464 0.202232 0.201376
0.369254 0.369397 0.369596 0.369748 0.369880 0.369969 0.370000 0.370000 0.370000 0.370000 0.369994 0.369999 0.369992 0.369999 0.369999 0.369996 0.370000 0.369999 0.370000 0.370000 0.370000 0.370000 0.370000 0.370000 0.370000 0.370000 0.370000 0.370000 0.370000 0.369999 0.370000 0.369998 0.369974 0.369957 0.369945 0.369941 0.369933 0.369900 0.369746 0.369171 0.367860 0.366095 0.364231 0.362546 0.361208 0.360020 0.357444 0.351458 0.340168 0.328349 0.322615 0.318130 0.308278 0.284192 0.258609 0.243979 0.228048 0.216400 0.210801 0.209890 0.208980 0.207805 0.206069
0.370000 0.370000 0.370000 0.370000 0.370000 0.370000 0.370000 0.370000 0.370000 0.370000 0.370000 0.370000 0.370000 0.370000 0.370000 0.370000 0.370000 0.370000 0.370000 0.370000 0.370000 0.370000 0.370000 0.370000 0.370000 0.370000 0.370000 0.370000 0.370000 0.370000 0.370000 0.370000 0.370000 0.370000 0.370000 0.370000 0.370000 0.370000 0.370000 0.369987 0.369918 0.369709 0.369446 0.369264 0.369122 0.368987 0.368537 0.367585 0.365749 0.361945 0.355286 0.352507 0.348144 0.340302 0.333185 0.328067 0.314842 0.286439 0.257941 0.246792 0.233892 0.224743 0.219792
0.370000 0.370000 0.370000 0.370000 0.370000 0.370000 0.370000 0.370000 0.370000 0.370000 0.370000 0.370000 0.370000 0.370000 0.370000 0.370000 0.370000 0.370000 0.370000 0.370000 0.370000 0.370000 0.370000 0.370000 0.370000 0.370000 0.370000 0.370000 0.370000 0.370000 0.370000 0.370000 0.370000 0.370000 0.370000 0.370000 0.370000 0.370000 0.370000 0.370000 0.370000 0.370000 0.369989 0.369976 0.369975 0.369969 0.369954 0.369869 0.369641 0.369008 0.367529 0.366093 0.364864 0.363818 0.362562 0.360574 0.354079 0.344052 0.333568 0.325778 0.313529 0.291494 0.266916
0.370000 0.370000 0.370000 0.370000 0.370000 0.370000 0.370000 0.370000 0.370000 0.370000 0.370000 0.370000 0.370000 0.370000 0.370000 0.370000 0.370000 0.370000 0.370000 0.370000 0.370000 0.370000 0.370000 0.370000 0.370000 0.370000 0.370000 0.370000 0.370000 0.370000 0.370000 0.370000 0.370000 0.370000 0.370000 0.370000 0.370000 0.370000 0.370000 0.370000 0.370000 0.370000 0.370000 0.370000 0.370000 0.370000 0.370000 0.369999 0.369990 0.369950 0.369814 0.369497 0.369308 0.369166 0.368954 0.368639 0.367064 0.364130 0.359555 0.354564 0.348444 0.340763 0.332235
0.370000 0.370000 0.370000 0.370000 0.370000 0.370000 0.370000 0.370000 0.370000 0.370000 0.370000 0.370000 0.370000 0.369999 0.369997 0.369995 0.369994 0.369996 0.369997 0.369999 0.370000 0.370000 0.369999 0.369996 0.369993 0.369993 0.369994 0.369996 0.369998 0.369999 0.369998 0.369998 0.369998 0.369997 0.369998 0.369999 0.370000 0.370000 0.370000 0.370000 0.370000 0.370000 0.370000 0.370000 0.370000 0.370000 0.370000 0.370000 0.370000 0.370000 0.369998 0.369985 0.369974 0.369965 0.369948 0.369920 0.369754 0.369228 0.368077 0.366196 0.363566 0.360355 0.356230
0.370000 0.370000 0.370000 0.370000 0.370000 0.369999 0.369998 0.369998 0.369998 0.369998 0.369997 0.369992 0.369976 0.369938 0.369874 0.369846 0.369816 0.369802 0.369867 0.369931 0.369950 0.369930 0.369884 0.369796 0.369726 0.369698 0.369713 0.369788 0.369887 0.369941 0.369942 0.369918 0.369888 0.369871 0.369870 0.369918 0.369975 0.369993 0.369998 0.369999 0.370000 0.370000 0.370000 0.370000 0.370000 0.370000 0.370000 0.370000 0.370000 0.370000 0.370000 0.370000 0.370000 0.370000 0.370000 0.369998 0.369989 0.369938 0.369790 0.369423 0.368854 0.368104 0.366666
0.369998 0.369997 0.369995 0.369990 0.369979 0.369951 0.369904 0.369886 0.369875 0.369882 0.369817 0.369718 0.369449 0.369100 0.368610 0.368281 0.368029 0.367779 0.368183 0.368819 0.369101 0.368661 0.368244 0.367531 0.367093 0.366860 0.366911 0.367467 0.368528 0.369084 0.369215 0.369014 0.368808 0.368712 0.368723 0.368933 0.369371 0.369686 0.369853 0.369925 0.369962 0.369977 0.369988 0.369996 0.369999 0.370000 0.370000 0.370000 0.370000 0.370000 0.370000 0.370000 0.370000 0.370000 0.370000 0.370000 0.370000 0.369999 0.369992 0.369952 0.369874 0.369733 0.369507
0.369926 0.369902 0.369856 0.369440 0.369116 0.368574 0.367939 0.367674 0.367266 0.367068 0.366379 0.365742 0.364567 0.362708 0.360371 0.358006 0.357260 0.356574 0.355955 0.358066 0.358909 0.358304 0.356896 0.355275 0.354336 0.353748 0.354546 0.357077 0.359256 0.361060 0.361751 0.360883 0.361602 0.362391 0.362420 0.364274 0.365717 0.367103 0.368256 0.369032 0.369330 0.369509 0.369665 0.369815 0.369914 0.369970 0.369993 0.369999 0.370000 0.370000 0.370000 0.370000 0.370000 0.370000 0.370000 0.370000 0.370000 0.370000 0.370000 0.370000 0.369997 0.369988 0.369964
0.369375 0.369252 0.368296 0.365728 0.362493 0.359986 0.356484 0.354637 0.352715 0.347177 0.343137 0.340431 0.340724 0.336955 0.331480 0.326911 0.325005 0.323811 0.320770 0.319807 0.321012 0.323853 0.321240 0.319617 0.320259 0.319349 0.318876 0.322100 0.326656 0.329141 0.331665 0.334035 0.335490 0.337707 0.345104 0.349207 0.352682 0.356799 0.360524 0.363569 0.365473 0.366482 0.367408 0.368352 0.368957 0.369456 0.369765 0.369929 0.369977 0.369991 0.369996 0.369999 0.370000 0.370000 0.370000 0.370000 0.370000 0.370000 0.370000 0.370000 0.370000 0.370000 0.370000
0.364557 0.363309 0.357283 0.348313 0.338651 0.331577 0.323859 0.318618 0.306776 0.282204 0.265818 0.265610 0.269451 0.264818 0.253594 0.245225 0.240058 0.235278 0.229316 0.226030 0.229140 0.232491 0.232230 0.231933 0.233052 0.232866 0.232544 0.233015 0.239277 0.243955 0.249301 0.254100 0.258619 0.278852 0.301060 0.314511 0.323830 0.331175 0.339274 0.346928 0.352107 0.355282 0.358686 0.361706 0.364254 0.366261 0.367916 0.369045 0.369536 0.369726 0.369841 0.369921 0.369976 0.369995 0.369999 0.370000 0.370000 0.370000 0.370000 0.370000 0.370000 0.370000 0.370000
0.344540 0.335633 0.322458 0.303813 0.275273 0.254686 0.241075 0.231008 0.221709 0.214526 0.210418 0.212913 0.214266 0.216544 0.212866 0.210009 0.209323 0.206802 0.204610 0.201765 0.204038 0.205074 0.207804 0.207525 0.207591 0.208826 0.208210 0.208017 0.206322 0.208313 0.209490 0.210939 0.216303 0.222021 0.228912 0.236376 0.246882 0.263059 0.287406 0.311024 0.324223 0.331576 0.338541 0.345580 0.350912 0.355280 0.359548 0.363432 0.365858 0.367220 0.368266 0.368895 0.369480 0.369816 0.369946 0.369993 0.369999 0.370000 0.370000 0.370000 0.370000 0.370000 0.370000
0.269288 0.248950 0.229588 0.220340 0.215595 0.211126 0.207995 0.205666 0.202039 0.199597 0.195991 0.197395 0.199330 0.202168 0.199820 0.199471 0.199956 0.198591 0.197169 0.194868 0.195234 0.197081 0.199325 0.199211 0.199661 0.200969 0.201002 0.199963 0.197877 0.198386 0.199727 0.201045 0.203733 0.206344 0.209043 0.211533 0.215266 0.220104 0.226183 0.235799 0.250407 0.265623 0.290395 0.313919 0.325157 0.330606 0.336762 0.345491 0.350968 0.355745 0.359708 0.362275 0.365577 0.367893 0.369268 0.369806 0.369957 0.369987 0.369996 0.369999 0.370000 0.370000 0.370000
0.208866 0.204067 0.202280 0.200656 0.198919 0.197508 0.196018 0.194695 0.193633 0.191952 0.188616 0.190010 0.191945 0.194174 0.194246 0.194012 0.194206 0.193692 0.192167 0.189487 0.190616 0.192247 0.193739 0.194199 0.194483 0.195425 0.194747 0.193356 0.191375 0.192212 0.193730 0.194573 0.195669 0.197322 0.199116 0.200944 0.203142 0.205471 0.208750 0.212697 0.217574 0.223451 0.231060 0.242620 0.251747 0.263553 0.278141 0.300202 0.316627 0.326000 0.334514 0.342883 0.351644 0.359750 0.365018 0.367850 0.369205 0.369657 0.369842 0.369932 0.369984 0.369998 0.370000
0.199275 0.196794 0.195322 0.194212 0.194827 0.194330 0.192785 0.192889 0.192093 0.189423 0.190399 0.191171 0.193371 0.192960 0.192840 0.192318 0.192680 0.192334 0.189733 0.191053 0.191619 0.193146 0.193413 0.193735 0.193981 0.194261 0.193948 0.192076 0.192466 0.192959 0.194367 0.194402 0.194978 0.196638 0.197142 0.198185 0.199700 0.201359 0.203403 0.205980 0.209694 0.213676 0.217672 0.219092 0.222067 0.224742 0.222972 0.229173 0.236903 0.247385 0.266273 0.293226 0.317580 0.333699 0.348272 0.358271 0.363994 0.367309 0.368469 0.369231 0.369671 0.369884 0.369968
0.193077 0.191335 0.189583 0.190578 0.190760 0.190703 0.190391 0.189891 0.188736 0.190135 0.190312 0.190204 0.190069 0.190063 0.190242 0.189981 0.189831 0.189910 0.190964 0.191112 0.190772 0.191182 0.191495 0.191848 0.191427 0.191534 0.191569 0.191957 0.191907 0.191618 0.192289 0.192494 0.192708 0.193385 0.193866 0.194490 0.195682 0.196637 0.197883 0.200103 0.202916 0.204947 0.205257 0.206831 0.207559 0.206298 0.205223 0.207361 0.209699 0.211879 0.217075 0.223361 0.233470 0.266044 0.311812 0.332410 0.345792 0.355423 0.361103 0.364721 0.366968 0.368640 0.369396
0.191294 0.189815 0.189547 0.190315 0.190409 0.190405 0.189528 0.188700 0.189551 0.189873 0.189817 0.189476 0.189844 0.189993 0.190466 0.190010 0.189786 0.189915 0.190032 0.189966 0.190310 0.190562 0.190769 0.191902 0.191295 0.191250 0.191647 0.191479 0.191358 0.191058 0.191821 0.192098 0.192187 0.192864 0.193275 0.193735 0.194408 0.195540 0.197722 0.199463 0.201797 0.204083 0.204506 0.204869 0.204317 0.203767 0.201328 0.201296 0.203823 0.203363 0.205413 0.209080 0.209798 0.219453 0.237689 0.261842 0.300982 0.323710 0.341255 0.350043 0.357410 0.362769 0.366166
0.189354 0.189483 0.188790 0.188992 0.188928 0.188483 0.187933 0.188582 0.188537 0.188474 0.188519 0.188324 0.188667 0.188937 0.189214 0.189055 0.189025 0.188542 0.188531 0.189030 0.189087 0.189397 0.190058 0.190950 0.190375 0.190269 0.190289 0.190084 0.190113 0.189792 0.190420 0.190904 0.191049 0.191866 0.192237 0.191868 0.192826 0.194472 0.196168 0.197366 0.199274 0.202339 0.201423 0.201322 0.201698 0.199704 0.197334 0.197258 0.198021 0.197438 0.199055 0.200125 0.200162 0.204625 0.208825 0.214501 0.224807 0.248897 0.293443 0.319570 0.333871 0.345555 0.353593
