tests/Borden05m/sims/sim_1/output-maps/thetaliqL0001N0009.asc
ncols         160
nrows         34
xllcorner     620200.000000
yllcorner     5168000.000000
cellsize      0.500000
NODATA_value  -9999.0
[rows 0 to 27 of 34, columns 63 to 125 of 160]
-9999.0 -9999.0 -9999.0 -9999.0 -9999.0 -9999.0 -9999.0 -9999.0 -9999.0 -9999.0 -9999.0 -9999.0 -9999.0 -9999.0 -9999.0 -9999.0 -9999.0 -9999.0 -9999.0 -9999.0 -9999.0 -9999.0 -9999.0 -9999.0 -9999.0 -9999.0 -9999.0 -9999.0 -9999.0 -9999.0 -9999.0 -9999.0 -9999.0 -9999.0 -9999.0 -9999.0 -9999.0 -9999.0 -9999.0 -9999.0 -9999.0 -9999.0 -9999.0 -9999.0 -9999.0 -9999.0 -9999.0 -9999.0 -9999.0 -9999.0 -9999.0 -9999.0 -9999.0 -9999.0 -9999.0 -9999.0 -9999.0 -9999.0 -9999.0 -9999.0 -9999.0 -9999.0 -9999.0
0.248271 0.247399 0.246281 0.246198 0.246400 0.246177 0.245622 0.246209 0.246932 0.247513 0.248431 0.248114 0.248163 0.248527 0.248630 0.248479 0.248063 0.247837 0.247552 0.248182 0.246851 0.245109 0.243776 0.243535 0.244781 0.245461 0.245224 0.245787 0.247094 0.248131 0.248275 0.249539 0.249041 0.249502 0.250482 0.249734 0.249666 0.249951 0.250465 0.248469 -9999.0 -9999.0 -9999.0 -9999.0 -9999.0 -9999.0 -9999.0 -9999.0 -9999.0 -9999.0 -9999.0 -9999.0 -9999.0 -9999.0 -9999.0 -9999.0 -9999.0 -9999.0 -9999.0 -9999.0 -9999.0 -9999.0 -9999.0
0.245434 0.244052 0.243813 0.242746 0.242269 0.242134 0.241643 0.241911 0.243670 0.244875 0.245135 0.244746 0.244512 0.244050 0.243750 0.243869 0.243463 0.243113 0.242732 0.242940 0.244233 0.242937 0.242325 0.241665 0.240894 0.241125 0.241307 0.241323 0.242939 0.243404 0.243630 0.245736 0.247702 0.248121 0.247206 0.246318 0.246730 0.246869 0.246213 0.245608 0.245962 0.245732 0.245690 0.244910 0.246127 0.245927 0.247163 0.248127 0.249250 0.251118 -9999.0 -9999.0 -9999.0 -9999.0 -9999.0 -9999.0 -9999.0 -9999.0 -9999.0 -9999.0 -9999.0 -9999.0 -9999.0
0.243396 0.242957 0.241899 0.240195 0.242023 0.241712 0.241491 0.241767 0.242330 0.242541 0.242770 0.243085 0.244632 0.244406 0.244228 0.244322 0.244068 0.243586 0.243700 0.243475 0.242114 0.242381 0.242736 0.242397 0.243735 0.243773 0.244596 0.242158 0.242486 0.242913 0.243124 0.243177 0.243294 0.243637 0.242572 0.243452 0.242823 0.241238 0.241116 0.241567 0.243340 0.244284 0.243462 0.240143 0.241878 0.245494 0.245034 0.244254 0.245841 0.247374 0.249776 0.249329 0.249094 0.249409 0.250026 0.248165 0.247165 0.246548 0.243757 -9999.0 -9999.0 -9999.0 -9999.0
0.243280 0.242070 0.240537 0.243405 0.244447 0.243664 0.243945 0.244792 0.244882 0.241221 0.240251 0.241545 0.242851 0.243340 0.242595 0.242239 0.241593 0.241645 0.242105 0.241767 0.242352 0.242797 0.242055 0.242892 0.243869 0.244909 0.242686 0.240699 0.240830 0.242471 0.243571 0.243983 0.245527 0.248162 0.247684 0.247210 0.247228 0.247387 0.244517 0.241825 0.240817 0.240415 0.239625 0.240429 0.239773 0.242710 0.242396 0.241827 0.243104 0.243983 0.245191 0.246077 0.245894 0.246302 0.246901 0.246556 0.245348 0.244905 0.244788 0.243890 0.241562 0.236733 0.237111
0.239770 0.239711 0.242140 0.243229 0.245354 0.244245 0.244231 0.244140 0.241775 0.240071 0.238826 0.242455 0.245217 0.245969 0.245005 0.244179 0.246824 0.246059 0.245831 0.244293 0.244822 0.244380 0.247017 0.247900 0.249286 0.248727 0.246099 0.243913 0.243861 0.244069 0.243671 0.244139 0.245617 0.247612 0.245947 0.245494 0.246178 0.241866 0.238640 0.237755 0.240705 0.242400 0.242223 0.242602 0.242862 0.240938 0.241458 0.241689 0.240681 0.242810 0.244916 0.245060 0.243095 0.242491 0.243553 0.243603 0.244069 0.243492 0.242819 0.242460 0.238025 0.239736 0.237224
0.244277 0.245041 0.246026 0.248106 0.252629 0.251227 0.251383 0.253041 0.250468 0.248160 0.244364 0.248522 0.249143 0.250242 0.249782 0.252904 0.255735 0.254058 0.251818 0.248979 0.250662 0.254219 0.257446 0.257993 0.258252 0.258929 0.256563 0.256151 0.255760 0.256096 0.254335 0.254230 0.256545 0.260841 0.261347 0.259474 0.255709 0.249863 0.244571 0.241823 0.245994 0.244950 0.244570 0.245458 0.243276 0.242125 0.244417 0.242682 0.241310 0.244327 0.244473 0.243910 0.241347 0.244498 0.244181 0.241988 0.240686 0.240168 0.239809 0.238827 0.240160 0.239572 0.237478
0.244883 0.245543 0.248819 0.253398 0.258575 0.261299 0.264174 0.267649 0.264922 0.262280 0.259204 0.259734 0.263212 0.266595 0.271157 0.277032 0.283259 0.282461 0.280073 0.280074 0.281137 0.286505 0.291341 0.293235 0.294536 0.297401 0.295730 0.292515 0.288755 0.284845 0.281275 0.278142 0.282526 0.287299 0.286047 0.275604 0.267206 0.259605 0.252696 0.244958 0.245344 0.246964 0.248604 0.245901 0.244955 0.242685 0.242498 0.243131 0.240293 0.241989 0.242181 0.244108 0.247245 0.248162 0.245701 0.244615 0.243330 0.241871 0.240683 0.242035 0.242633 0.241346 0.239958
0.271148 0.272560 0.277352 0.289509 0.306789 0.326811 0.348205 0.351019 0.344956 0.334195 0.320529 0.314313 0.323170 0.336242 0.350299 0.354932 0.356330 0.357090 0.357094 0.357121 0.357267 0.357380 0.357701 0.358131 0.358578 0.359131 0.359376 0.358745 0.358132 0.357451 0.356791 0.356668 0.356393 0.356796 0.356608 0.353727 0.334694 0.309873 0.292876 0.280110 0.269341 0.269389 0.265353 0.262362 0.259068 0.250818 0.248991 0.248211 0.241339 0.240702 0.242873 0.245739 0.248059 0.244174 0.242852 0.241770 0.240477 0.238548 0.239895 0.241473 0.242084 0.241763 0.241826
0.345754 0.351811 0.354564 0.357363 0.360164 0.363102 0.365387 0.366043 0.365251 0.364178 0.362899 0.361969 0.362266 0.363793 0.365405 0.366505 0.367033 0.367202 0.367135 0.367146 0.367177 0.367282 0.367314 0.367439 0.367657 0.368039 0.368497 0.368451 0.367925 0.367451 0.366780 0.366507 0.366412 0.366071 0.365994 0.365887 0.363718 0.361038 0.358413 0.355444 0.348957 0.323508 0.308831 0.299635 0.283517 0.269180 0.257792 0.250825 0.244298 0.243101 0.250890 0.258220 0.254217 0.253213 0.251520 0.248290 0.245790 0.242155 0.243169 0.244092 0.243806 0.243410 0.242867
0.365224 0.365855 0.366420 0.367193 0.368458 0.369370 0.369731 0.369760 0.369694 0.369597 0.369401 0.369279 0.369215 0.369334 0.369469 0.369650 0.369752 0.369843 0.369852 0.369853 0.369850 0.369854 0.369858 0.369849 0.369877 0.369914 0.369941 0.369948 0.369926 0.369855 0.369745 0.369682 0.369590 0.369458 0.369405 0.369384 0.369359 0.368945 0.368052 0.366238 0.364249 0.361667 0.360126 0.358840 0.357841 0.353832 0.340071 0.312704 0.294203 0.279301 0.286943 0.278187 0.273219 0.268415 0.262391 0.257837 0.253793 0.249404 0.249346 0.249747 0.249029 0.249034 0.248295
0.369619 0.369708 0.369797 0.369889 0.369952 0.369997 0.370000 0.369999 0.369999 0.370000 0.369996 0.369999 0.369995 0.369999 0.369997 0.370000 0.369999 0.370000 0.370000 0.370000 0.370000 0.370000 0.370000 0.370000 0.370000 0.370000 0.370000 0.370000 0.370000 0.370000 0.369998 0.369999 0.369997 0.369985 0.369977 0.369971 0.369968 0.369949 0.369883 0.369651 0.369092 0.368363 0.367713 0.367195 0.366831 0.366481 0.365225 0.362698 0.359576 0.356755 0.354874 0.349939 0.331792 0.309277 0.294317 0.284886 0.270938 0.260429 0.255296 0.254706 0.253980 0.253071 0.251555
0.370000 0.370000 0.370000 0.370000 0.370000 0.370000 0.370000 0.370000 0.370000 0.370000 0.370000 0.370000 0.370000 0.370000 0.370000 0.370000 0.370000 0.370000 0.370000 0.370000 0.370000 0.370000 0.370000 0.370000 0.370000 0.370000 0.370000 0.370000 0.370000 0.370000 0.370000 0.370000 0.370000 0.370000 0.370000 0.370000 0.370000 0.370000 0.370000 0.369996 0.369961 0.369860 0.369776 0.369698 0.369640 0.369588 0.369388 0.368994 0.368349 0.367181 0.365212 0.364296 0.362451 0.359746 0.357861 0.356374 0.348558 0.312224 0.294252 0.286631 0.275089 0.267514 0.263481
0.370000 0.370000 0.370000 0.370000 0.370000 0.370000 0.370000 0.370000 0.370000 0.370000 0.370000 0.370000 0.370000 0.370000 0.370000 0.370000 0.370000 0.370000 0.370000 0.370000 0.370000 0.370000 0.370000 0.370000 0.370000 0.370000 0.370000 0.370000 0.370000 0.370000 0.370000 0.370000 0.370000 0.370000 0.370000 0.370000 0.370000 0.370000 0.370000 0.370000 0.370000 0.370000 0.369999 0.369991 0.369989 0.369987 0.369982 0.369956 0.369867 0.369619 0.369061 0.368536 0.368092 0.367760 0.367417 0.366865 0.364751 0.360960 0.358027 0.355501 0.343312 0.313749 0.298290
0.370000 0.370000 0.370000 0.370000 0.370000 0.370000 0.370000 0.370000 0.370000 0.370000 0.370000 0.370000 0.370000 0.370000 0.370000 0.370000 0.370000 0.370000 0.370000 0.370000 0.370000 0.370000 0.370000 0.370000 0.370000 0.370000 0.370000 0.370000 0.370000 0.370000 0.370000 0.370000 0.370000 0.370000 0.370000 0.370000 0.370000 0.370000 0.370000 0.370000 0.370000 0.370000 0.370000 0.370000 0.370000 0.370000 0.370000 0.370000 0.369997 0.369982 0.369936 0.369803 0.369723 0.369674 0.369609 0.369524 0.368965 0.367967 0.366617 0.365243 0.363180 0.360206 0.357699
0.370000 0.370000 0.370000 0.370000 0.370000 0.370000 0.370000 0.370000 0.370000 0.370000 0.370000 0.370000 0.370000 0.370000 0.369999 0.369998 0.369999 0.370000 0.370000 0.370000 0.370000 0.370000 0.370000 0.370000 0.369999 0.369999 0.369999 0.370000 0.370000 0.370000 0.370000 0.370000 0.370000 0.370000 0.370000 0.370000 0.370000 0.370000 0.370000 0.370000 0.370000 0.370000 0.370000 0.370000 0.370000 0.370000 0.370000 0.370000 0.370000 0.370000 0.370000 0.369995 0.369989 0.369986 0.369982 0.369978 0.369924 0.369745 0.369354 0.368749 0.367931 0.366976 0.365859
0.370000 0.370000 0.370000 0.370000 0.370000 0.370000 0.370000 0.370000 0.370000 0.370000 0.370000 0.369998 0.369992 0.369983 0.369960 0.369952 0.369947 0.369953 0.369974 0.369989 0.369992 0.369984 0.369975 0.369950 0.369921 0.369910 0.369921 0.369953 0.369981 0.369992 0.369992 0.369987 0.369979 0.369973 0.369970 0.369979 0.369993 0.369998 0.370000 0.370000 0.370000 0.370000 0.370000 0.370000 0.370000 0.370000 0.370000 0.370000 0.370000 0.370000 0.370000 0.370000 0.370000 0.370000 0.370000 0.370000 0.369997 0.369984 0.369938 0.369820 0.369636 0.369405 0.368971
0.370000 0.370000 0.369999 0.369997 0.369993 0.369987 0.369975 0.369975 0.369972 0.369973 0.369948 0.369904 0.369798 0.369677 0.369508 0.369415 0.369353 0.369291 0.369447 0.369661 0.369749 0.369585 0.369445 0.369193 0.369034 0.368957 0.368993 0.369204 0.369574 0.369754 0.369792 0.369722 0.369643 0.369599 0.369590 0.369647 0.369793 0.369905 0.369961 0.369979 0.369988 0.369991 0.369995 0.369999 0.370000 0.370000 0.370000 0.370000 0.370000 0.370000 0.370000 0.370000 0.370000 0.370000 0.370000 0.370000 0.370000 0.370000 0.369998 0.369988 0.369965 0.369922 0.369861
0.369987 0.369980 0.369962 0.369798 0.369677 0.369494 0.369283 0.369193 0.368999 0.368892 0.368601 0.368366 0.367968 0.367424 0.366810 0.366222 0.366101 0.365934 0.365714 0.366283 0.366526 0.366325 0.365894 0.365353 0.365064 0.364893 0.365228 0.366088 0.366712 0.367225 0.367401 0.367070 0.367274 0.367508 0.367472 0.368108 0.368589 0.369042 0.369430 0.369687 0.369776 0.369831 0.369885 0.369940 0.369976 0.369991 0.369998 0.370000 0.370000 0.370000 0.370000 0.370000 0.370000 0.370000 0.370000 0.370000 0.370000 0.370000 0.370000 0.370000 0.369999 0.369997 0.369993
0.369816 0.369777 0.369433 0.368466 0.367353 0.366655 0.365650 0.364947 0.363691 0.361416 0.360234 0.359565 0.359763 0.358878 0.357641 0.356626 0.356215 0.355849 0.354455 0.352940 0.353979 0.355326 0.353911 0.351663 0.351529 0.350526 0.351748 0.355069 0.356605 0.357225 0.357806 0.358337 0.358621 0.359140 0.361483 0.363295 0.364744 0.365932 0.366970 0.367909 0.368529 0.368839 0.369131 0.369452 0.369654 0.369819 0.369926 0.369981 0.369993 0.369997 0.369999 0.370000 0.370000 0.370000 0.370000 0.370000 0.370000 0.370000 0.370000 0.370000 0.370000 0.370000 0.370000
0.368089 0.367748 0.365841 0.362562 0.359292 0.357537 0.355413 0.351850 0.332040 0.309727 0.300343 0.300588 0.303151 0.300122 0.292816 0.286869 0.282772 0.278632 0.272848 0.269613 0.272636 0.275773 0.274801 0.273965 0.274800 0.274453 0.274389 0.275891 0.282282 0.286246 0.290129 0.293061 0.294876 0.306096 0.321993 0.341961 0.354788 0.357416 0.359674 0.362463 0.364590 0.365544 0.366491 0.367389 0.368167 0.368768 0.369297 0.369683 0.369848 0.369911 0.369950 0.369977 0.369993 0.369999 0.370000 0.370000 0.370000 0.370000 0.370000 0.370000 0.370000 0.370000 0.370000
0.360933 0.358619 0.354335 0.330974 0.305404 0.293411 0.283557 0.274660 0.266300 0.259897 0.256065 0.258887 0.260114 0.262504 0.258765 0.255898 0.255420 0.252890 0.250695 0.247531 0.250152 0.251066 0.253873 0.253289 0.253186 0.254485 0.253812 0.253772 0.251921 0.254069 0.255030 0.256077 0.261089 0.265818 0.271095 0.276493 0.285020 0.295739 0.310077 0.335187 0.354579 0.357498 0.359543 0.362229 0.364303 0.365535 0.366664 0.367801 0.368600 0.369053 0.369407 0.369619 0.369823 0.369942 0.369986 0.369998 0.370000 0.370000 0.370000 0.370000 0.370000 0.370000 0.370000
0.303551 0.291154 0.275004 0.265499 0.261377 0.257299 0.254444 0.252394 0.248766 0.246431 0.242329 0.244095 0.246296 0.249599 0.246784 0.246517 0.247303 0.245876 0.244386 0.241652 0.242036 0.244115 0.246603 0.246232 0.246621 0.248107 0.248163 0.247001 0.244493 0.244986 0.246316 0.247446 0.250006 0.252261 0.254494 0.256419 0.259644 0.263734 0.268464 0.275510 0.286797 0.296319 0.311119 0.338590 0.354938 0.357231 0.358872 0.361561 0.363900 0.365550 0.366677 0.367391 0.368482 0.369267 0.369757 0.369942 0.369989 0.369996 0.369999 0.370000 0.370000 0.370000 0.370000
0.254744 0.250250 0.248860 0.247357 0.245689 0.244428 0.243030 0.241782 0.240845 0.239032 0.234845 0.236684 0.239077 0.241843 0.241925 0.241678 0.242016 0.241497 0.239679 0.236228 0.237647 0.239586 0.241297 0.241709 0.241939 0.243063 0.242208 0.240501 0.237963 0.238938 0.240647 0.241385 0.242323 0.243843 0.245447 0.246994 0.248859 0.250721 0.253486 0.256774 0.260879 0.265746 0.271615 0.280074 0.287263 0.295506 0.304234 0.320683 0.347156 0.355634 0.358260 0.360739 0.364208 0.366671 0.368324 0.369266 0.369737 0.369886 0.369948 0.369977 0.369994 0.369999 0.370000
0.246524 0.244131 0.242782 0.241707 0.242798 0.242444 0.240713 0.241112 0.240306 0.236941 0.238341 0.239349 0.242174 0.241555 0.241376 0.240709 0.241226 0.240834 0.237441 0.239206 0.239873 0.241733 0.241913 0.242193 0.242413 0.242713 0.242303 0.239884 0.240387 0.240927 0.242562 0.242350 0.242770 0.244489 0.244666 0.245449 0.246707 0.248012 0.249622 0.251678 0.254876 0.258273 0.261707 0.262492 0.265201 0.267727 0.265655 0.270892 0.277051 0.286064 0.298315 0.315735 0.351028 0.357933 0.362995 0.366172 0.367958 0.369092 0.369480 0.369742 0.369891 0.369963 0.369990
0.240690 0.238861 0.236863 0.238400 0.238807 0.238891 0.238640 0.238116 0.236679 0.238644 0.238919 0.238766 0.238543 0.238501 0.238722 0.238376 0.238184 0.238300 0.239713 0.239874 0.239343 0.239776 0.240069 0.240425 0.239788 0.239877 0.239894 0.240394 0.240292 0.239825 0.240564 0.240649 0.240698 0.241289 0.241574 0.241974 0.243007 0.243624 0.244480 0.246407 0.248929 0.250528 0.250290 0.251727 0.252380 0.250935 0.249741 0.251985 0.254222 0.256213 0.261055 0.266327 0.274633 0.297895 0.342897 0.357129 0.361717 0.365341 0.367093 0.368267 0.368981 0.369547 0.369805
0.239568 0.237880 0.237736 0.238907 0.239142 0.239239 0.238154 0.237112 0.238321 0.238790 0.238730 0.238269 0.238748 0.238926 0.239544 0.238923 0.238612 0.238773 0.238902 0.238766 0.239160 0.239405 0.239577 0.240988 0.240108 0.239994 0.240480 0.240222 0.240018 0.239551 0.240451 0.240671 0.240609 0.241266 0.241522 0.241778 0.242213 0.243125 0.245243 0.246682 0.248775 0.250845 0.250933 0.251152 0.250480 0.250013 0.247291 0.247233 0.250039 0.249163 0.251058 0.254586 0.254512 0.263567 0.278599 0.295607 0.324952 0.354146 0.360294 0.363852 0.366074 0.367672 0.368766
0.237723 0.238084 0.237292 0.237667 0.237656 0.237115 0.236419 0.237344 0.237307 0.237236 0.237307 0.237045 0.237502 0.237851 0.238208 0.237978 0.237921 0.237237 0.237185 0.237814 0.237829 0.238167 0.238963 0.240068 0.239224 0.239027 0.239003 0.238685 0.238683 0.238196 0.238949 0.239479 0.239532 0.240422 0.240663 0.239855 0.240701 0.242325 0.243894 0.244754 0.246460 0.249634 0.248229 0.248012 0.248546 0.246387 0.243762 0.243825 0.244727 0.243872 0.245646 0.246515 0.245939 0.250305 0.253898 0.258851 0.267429 0.286446 0.315793 0.351891 0.357972 0.361919 0.364967
