tests/Borden05m/sims/sim_1/output-maps/thetaliqL0006N0007.asc
ncols         160
nrows         34
xllcorner     620200.000000
yllcorner     5168000.000000
cellsize      0.500000
NODATA_value  -9999.0
[rows 0 to 27 of 34, columns 0 to 62 of 160]
-9999.0 -9999.0 -9999.0 -9999.0 -9999.0 -9999.0 -9999.0 -9999.0 -9999.0 -9999.0 -9999.0 -9999.0 -9999.0 -9999.0 -9999.0 -9999.0 -9999.0 -9999.0 -9999.0 -9999.0 -9999.0 -9999.0 -9999.0 -9999.0 -9999.0 -9999.0 -9999.0 -9999.0 -9999.0 -9999.0 -9999.0 -9999.0 -9999.0 -9999.0 -9999.0 -9999.0 -9999.0 -9999.0 -9999.0 -9999.0 -9999.0 -9999.0 -9999.0 -9999.0 -9999.0 -9999.0 -9999.0 -9999.0 -9999.0 -9999.0 -9999.0 -9999.0 -9999.0 -9999.0 -9999.0 -9999.0 -9999.0 -9999.0 -9999.0 -9999.0 -9999.0 -9999.0 -9999.0
-9999.0 -9999.0 -9999.0 -9999.0 -9999.0 -9999.0 -9999.0 -9999.0 -9999.0 -9999.0 -9999.0 -9999.0 -9999.0 -9999.0 -9999.0 -9999.0 -9999.0 -9999.0 -9999.0 -9999.0 -9999.0 -9999.0 -9999.0 -9999.0 -9999.0 -9999.0 -9999.0 -9999.0 -9999.0 -9999.0 -9999.0 -9999.0 -9999.0 -9999.0 -9999.0 -9999.0 -9999.0 -9999.0 -9999.0 -9999.0 -9999.0 -9999.0 -9999.0 -9999.0 -9999.0 -9999.0 -9999.0 -9999.0 -9999.0 -9999.0 -9999.0 -9999.0 -9999.0 -9999.0 -9999.0 -9999.0 -9999.0 -9999.0 -9999.0 0.202438 0.198315 0.194301 0.190580
-9999.0 -9999.0 -9999.0 -9999.0 -9999.0 -9999.0 -9999.0 -9999.0 -9999.0 -9999.0 -9999.0 -9999.0 -9999.0 -9999.0 -9999.0 -9999.0 -9999.0 -9999.0 -9999.0 -9999.0 -9999.0 -9999.0 -9999.0 -9999.0 -9999.0 -9999.0 -9999.0 -9999.0 -9999.0 -9999.0 -9999.0 -9999.0 -9999.0 -9999.0 -9999.0 -9999.0 -9999.0 -9999.0 -9999.0 -9999.0 -9999.0 -9999.0 -9999.0 -9999.0 -9999.0 -9999.0 -9999.0 0.131608 0.125094 0.119347 0.118873 0.126457 0.135261 0.145455 0.155402 0.165466 0.176744 0.189374 0.191572 0.184260 0.181036 0.178743 0.177141
-9999.0 -9999.0 -9999.0 -9999.0 -9999.0 -9999.0 -9999.0 -9999.0 -9999.0 -9999.0 -9999.0 -9999.0 -9999.0 -9999.0 -9999.0 -9999.0 -9999.0 -9999.0 -9999.0 -9999.0 -9999.0 -9999.0 -9999.0 -9999.0 -9999.0 -9999.0 -9999.0 -9999.0 -9999.0 -9999.0 -9999.0 -9999.0 -9999.0 -9999.0 -9999.0 -9999.0 -9999.0 -9999.0 -9999.0 -9999.0 0.152891 0.155870 0.156764 0.150937 0.145321 0.139985 0.131731 0.125077 0.119731 0.118714 0.119420 0.121259 0.129281 0.138769 0.147363 0.155989 0.166341 0.178259 0.179958 0.172876 0.167559 0.165023 0.164847
-9999.0 -9999.0 -9999.0 -9999.0 -9999.0 -9999.0 -9999.0 -9999.0 -9999.0 -9999.0 -9999.0 -9999.0 -9999.0 -9999.0 -9999.0 -9999.0 -9999.0 -9999.0 -9999.0 -9999.0 -9999.0 -9999.0 -9999.0 -9999.0 -9999.0 -9999.0 -9999.0 -9999.0 -9999.0 -9999.0 -9999.0 -9999.0 -9999.0 -9999.0 0.116819 0.122306 0.128538 0.135518 0.142502 0.145361 0.148089 0.150885 0.148794 0.146284 0.140950 0.133152 0.125638 0.120676 0.119662 0.118719 0.119997 0.124250 0.130062 0.136442 0.145471 0.156633 0.161264 0.167982 0.169564 0.166319 0.166563 0.167172 0.167852
-9999.0 -9999.0 -9999.0 -9999.0 -9999.0 -9999.0 -9999.0 -9999.0 -9999.0 -9999.0 -9999.0 -9999.0 -9999.0 -9999.0 -9999.0 -9999.0 -9999.0 -9999.0 -9999.0 -9999.0 -9999.0 -9999.0 -9999.0 -9999.0 -9999.0 -9999.0 -9999.0 -9999.0 0.118510 0.116660 0.115047 0.114515 0.114044 0.113589 0.115483 0.119140 0.125114 0.132906 0.137932 0.140829 0.143563 0.143777 0.141470 0.140270 0.140141 0.135063 0.130345 0.126213 0.122487 0.122019 0.125105 0.129868 0.135892 0.141921 0.148686 0.155434 0.163054 0.175484 0.180668 0.176392 0.172351 0.169765 0.169836
-9999.0 -9999.0 -9999.0 -9999.0 -9999.0 -9999.0 -9999.0 -9999.0 -9999.0 -9999.0 -9999.0 -9999.0 -9999.0 -9999.0 -9999.0 -9999.0 -9999.0 -9999.0 -9999.0 -9999.0 -9999.0 -9999.0 -9999.0 0.110557 0.112148 0.113833 0.115808 0.115956 0.114589 0.112900 0.111910 0.111369 0.110865 0.111882 0.114107 0.117999 0.122947 0.130442 0.133585 0.136204 0.141417 0.142056 0.143757 0.145351 0.144216 0.142824 0.137502 0.133783 0.136106 0.138565 0.140979 0.143895 0.149607 0.157272 0.166818 0.179041 0.193046 0.206396 0.218707 0.213566 0.206435 0.197567 0.197460
-9999.0 -9999.0 -9999.0 -9999.0 -9999.0 -9999.0 -9999.0 -9999.0 -9999.0 -9999.0 -9999.0 -9999.0 -9999.0 -9999.0 -9999.0 -9999.0 -9999.0 -9999.0 -9999.0 0.104800 0.104926 0.105061 0.106005 0.106186 0.106646 0.108229 0.110154 0.110543 0.110055 0.109490 0.109759 0.110302 0.111222 0.114227 0.118132 0.122451 0.127199 0.134970 0.140980 0.147213 0.155038 0.153771 0.151027 0.149505 0.149353 0.149408 0.152595 0.154423 0.156924 0.159964 0.163576 0.168054 0.173721 0.184960 0.198368 0.212737 0.227197 0.241526 0.256094 0.252926 0.242871 0.232491 0.232351
-9999.0 -9999.0 -9999.0 -9999.0 -9999.0 -9999.0 -9999.0 -9999.0 -9999.0 -9999.0 -9999.0 -9999.0 -9999.0 -9999.0 -9999.0 -9999.0 0.099230 0.099532 0.099856 0.100810 0.101188 0.101894 0.103212 0.103328 0.104071 0.105529 0.106574 0.108443 0.110236 0.112012 0.113463 0.114046 0.116126 0.118860 0.122483 0.127780 0.136127 0.145745 0.153351 0.161776 0.170953 0.170507 0.169246 0.169380 0.169458 0.174250 0.185703 0.189414 0.191701 0.205268 0.215425 0.218861 0.223508 0.236634 0.254936 0.276153 0.300515 0.315892 0.328160 0.331500 0.323333 0.320598 0.323601
-9999.0 -9999.0 -9999.0 -9999.0 -9999.0 -9999.0 -9999.0 -9999.0 -9999.0 -9999.0 -9999.0 -9999.0 -9999.0 0.092314 0.092876 0.094155 0.095288 0.095561 0.096100 0.096944 0.098999 0.099550 0.100638 0.102054 0.104283 0.106038 0.108077 0.110867 0.112963 0.114790 0.116681 0.118616 0.122893 0.128098 0.134000 0.142336 0.152153 0.163005 0.175033 0.183765 0.192785 0.194954 0.192720 0.193010 0.198336 0.211507 0.225663 0.235758 0.253650 0.272440 0.283607 0.293561 0.299894 0.307962 0.320932 0.341415 0.357151 0.364848 0.367519 0.368916 0.369006 0.369174 0.369328
-9999.0 -9999.0 -9999.0 -9999.0 -9999.0 -9999.0 -9999.0 -9999.0 -9999.0 -9999.0 0.087830 0.088121 0.087709 0.087821 0.088284 0.089631 0.091228 0.092128 0.093639 0.096768 0.099651 0.100203 0.103076 0.105062 0.106386 0.108801 0.111997 0.115441 0.120566 0.124563 0.128991 0.137096 0.143957 0.151324 0.159982 0.170487 0.183198 0.203784 0.223750 0.234356 0.253666 0.265331 0.261698 0.260842 0.266060 0.280156 0.298946 0.318529 0.333262 0.347984 0.357258 0.361780 0.364277 0.366410 0.368294 0.369864 0.370000 0.370000 0.370000 0.370000 0.370000 0.370000 0.370000
-9999.0 -9999.0 -9999.0 -9999.0 -9999.0 -9999.0 -9999.0 -9999.0 0.085385 0.086018 0.086652 0.086313 0.085799 0.085485 0.086728 0.088416 0.090279 0.092442 0.094706 0.097497 0.100243 0.103477 0.107596 0.110348 0.113323 0.117452 0.121499 0.127514 0.135432 0.141654 0.150570 0.161544 0.172342 0.182842 0.194224 0.206336 0.227925 0.254874 0.280436 0.299617 0.318690 0.333817 0.334415 0.336344 0.339275 0.351894 0.362335 0.367878 0.369812 0.370000 0.370000 0.370000 0.370000 0.370000 0.370000 0.370000 0.370000 0.370000 0.370000 0.370000 0.370000 0.370000 0.370000
-9999.0 -9999.0 -9999.0 -9999.0 -9999.0 -9999.0 0.083157 0.085286 0.086728 0.085912 0.085175 0.084857 0.084538 0.086180 0.088408 0.090362 0.092503 0.094959 0.097506 0.100184 0.107648 0.111367 0.115298 0.121289 0.125628 0.130330 0.136872 0.147067 0.158528 0.177676 0.197906 0.217589 0.237553 0.252554 0.266547 0.281442 0.305172 0.329546 0.348631 0.360328 0.366379 0.369134 0.369647 0.369847 0.369976 0.370000 0.370000 0.370000 0.370000 0.370000 0.370000 0.370000 0.370000 0.370000 0.370000 0.370000 0.370000 0.370000 0.370000 0.370000 0.370000 0.370000 0.370000
-9999.0 -9999.0 -9999.0 -9999.0 0.080665 0.082171 0.083861 0.086802 0.089322 0.088622 0.089494 0.089552 0.089391 0.089577 0.090160 0.092453 0.094920 0.097669 0.101055 0.109518 0.120814 0.126233 0.136528 0.150773 0.157418 0.164871 0.173098 0.187125 0.207877 0.234673 0.272995 0.303718 0.321571 0.335121 0.345550 0.355645 0.364416 0.369093 0.369995 0.370000 0.370000 0.370000 0.370000 0.370000 0.370000 0.370000 0.370000 0.370000 0.370000 0.370000 0.370000 0.370000 0.370000 0.370000 0.370000 0.370000 0.370000 0.370000 0.370000 0.370000 0.370000 0.370000 0.370000
-9999.0 -9999.0 -9999.0 0.077931 0.080171 0.082804 0.085223 0.088449 0.092399 0.093371 0.094516 0.095580 0.096734 0.098227 0.100086 0.103127 0.105826 0.108288 0.113333 0.124297 0.137877 0.154015 0.171429 0.191151 0.207237 0.218126 0.229794 0.248538 0.280182 0.310579 0.342223 0.362144 0.368255 0.369741 0.369991 0.370000 0.370000 0.370000 0.370000 0.370000 0.370000 0.370000 0.370000 0.370000 0.370000 0.370000 0.370000 0.370000 0.370000 0.370000 0.370000 0.370000 0.370000 0.370000 0.370000 0.370000 0.370000 0.370000 0.370000 0.370000 0.370000 0.370000 0.370000
-9999.0 -9999.0 0.075807 0.077444 0.079416 0.083143 0.088226 0.092363 0.098816 0.103819 0.105332 0.109822 0.114316 0.116721 0.122003 0.127846 0.131943 0.132417 0.136444 0.153235 0.184779 0.220107 0.247956 0.293557 0.316840 0.329418 0.335907 0.347874 0.359812 0.368330 0.369996 0.370000 0.370000 0.370000 0.370000 0.370000 0.370000 0.370000 0.370000 0.370000 0.370000 0.370000 0.370000 0.370000 0.370000 0.370000 0.370000 0.370000 0.370000 0.370000 0.370000 0.370000 0.370000 0.370000 0.370000 0.370000 0.370000 0.370000 0.370000 0.370000 0.370000 0.370000 0.370000
-9999.0 -9999.0 0.074889 0.076638 0.078895 0.084076 0.092318 0.098247 0.106984 0.118621 0.124708 0.133080 0.141767 0.151204 0.163346 0.177450 0.178259 0.178779 0.177368 0.214180 0.260252 0.312078 0.354307 0.367527 0.369786 0.369920 0.369977 0.370000 0.370000 0.370000 0.370000 0.370000 0.370000 0.370000 0.370000 0.370000 0.370000 0.370000 0.370000 0.370000 0.370000 0.370000 0.370000 0.370000 0.370000 0.370000 0.370000 0.370000 0.370000 0.370000 0.370000 0.370000 0.370000 0.370000 0.370000 0.370000 0.370000 0.370000 0.370000 0.370000 0.370000 0.370000 0.370000
-9999.0 0.072440 0.073796 0.075696 0.079217 0.084450 0.095029 0.111756 0.126185 0.142076 0.155211 0.166551 0.204691 0.243634 0.264681 0.288212 0.284645 0.280698 0.272973 0.304599 0.342226 0.368673 0.370000 0.370000 0.370000 0.370000 0.370000 0.370000 0.370000 0.370000 0.370000 0.370000 0.370000 0.370000 0.370000 0.370000 0.370000 0.370000 0.370000 0.370000 0.370000 0.370000 0.370000 0.370000 0.370000 0.370000 0.370000 0.370000 0.370000 0.370000 0.370000 0.370000 0.370000 0.370000 0.370000 0.370000 0.370000 0.370000 0.370000 0.370000 0.370000 0.370000 0.370000
-9999.0 0.071737 0.073118 0.075476 0.078963 0.085113 0.101435 0.138273 0.159055 0.177602 0.197411 0.236474 0.307520 0.348885 0.361781 0.367970 0.367644 0.365968 0.365964 0.369465 0.370000 0.370000 0.370000 0.370000 0.370000 0.370000 0.370000 0.370000 0.370000 0.370000 0.370000 0.370000 0.370000 0.370000 0.370000 0.370000 0.370000 0.370000 0.370000 0.370000 0.370000 0.370000 0.370000 0.370000 0.370000 0.370000 0.370000 0.370000 0.370000 0.370000 0.370000 0.370000 0.370000 0.370000 0.370000 0.370000 0.370000 0.370000 0.370000 0.370000 0.370000 0.370000 0.370000
-9999.0 0.071342 0.072763 0.074730 0.078136 0.088672 0.109729 0.157190 0.212633 0.239582 0.282412 0.346221 0.369609 0.370000 0.370000 0.370000 0.370000 0.370000 0.370000 0.370000 0.370000 0.370000 0.370000 0.370000 0.370000 0.370000 0.370000 0.370000 0.370000 0.370000 0.370000 0.370000 0.370000 0.370000 0.370000 0.370000 0.370000 0.370000 0.370000 0.370000 0.370000 0.370000 0.370000 0.370000 0.370000 0.370000 0.370000 0.370000 0.370000 0.370000 0.370000 0.370000 0.370000 0.370000 0.370000 0.370000 0.370000 0.370000 0.370000 0.370000 0.370000 0.370000 0.370000
-9999.0 0.070164 0.071359 0.072722 0.078022 0.092324 0.118026 0.193013 0.291143 0.325178 0.365870 0.370000 0.370000 0.370000 0.370000 0.370000 0.370000 0.370000 0.370000 0.370000 0.370000 0.370000 0.370000 0.370000 0.370000 0.370000 0.370000 0.370000 0.370000 0.370000 0.370000 0.370000 0.370000 0.370000 0.370000 0.370000 0.370000 0.370000 0.370000 0.370000 0.370000 0.370000 0.370000 0.370000 0.370000 0.370000 0.370000 0.370000 0.370000 0.370000 0.370000 0.370000 0.370000 0.370000 0.370000 0.370000 0.370000 0.370000 0.370000 0.370000 0.370000 0.370000 0.370000
-9999.0 0.069350 0.070156 0.071918 0.076915 0.089635 0.121572 0.213898 0.341188 0.368487 0.370000 0.370000 0.370000 0.370000 0.370000 0.370000 0.370000 0.370000 0.370000 0.370000 0.370000 0.370000 0.370000 0.370000 0.370000 0.370000 0.370000 0.370000 0.370000 0.370000 0.370000 0.370000 0.370000 0.370000 0.370000 0.370000 0.370000 0.370000 0.370000 0.370000 0.370000 0.370000 0.370000 0.370000 0.370000 0.370000 0.370000 0.370000 0.370000 0.370000 0.370000 0.370000 0.370000 0.370000 0.370000 0.370000 0.370000 0.370000 0.370000 0.370000 0.370000 0.370000 0.370000
-9999.0 0.068770 0.069626 0.070960 0.074217 0.081130 0.097110 0.148778 0.259089 0.366865 0.370000 0.370000 0.370000 0.370000 0.370000 0.370000 0.370000 0.370000 0.370000 0.370000 0.370000 0.370000 0.370000 0.370000 0.370000 0.370000 0.370000 0.370000 0.370000 0.370000 0.370000 0.370000 0.370000 0.370000 0.370000 0.370000 0.370000 0.370000 0.370000 0.370000 0.370000 0.370000 0.370000 0.370000 0.370000 0.370000 0.370000 0.370000 0.370000 0.370000 0.370000 0.370000 0.370000 0.370000 0.370000 0.370000 0.370000 0.370000 0.370000 0.370000 0.369880 0.368313 0.366998
-9999.0 -9999.0 0.069069 0.070123 0.072025 0.075958 0.084353 0.109276 0.172475 0.312700 0.366764 0.370000 0.370000 0.370000 0.370000 0.370000 0.370000 0.370000 0.370000 0.370000 0.370000 0.370000 0.370000 0.370000 0.370000 0.370000 0.370000 0.370000 0.370000 0.370000 0.370000 0.370000 0.370000 0.370000 0.370000 0.370000 0.370000 0.370000 0.370000 0.370000 0.370000 0.370000 0.370000 0.370000 0.370000 0.370000 0.370000 0.370000 0.370000 0.370000 0.370000 0.370000 0.370000 0.370000 0.370000 0.370000 0.369997 0.369671 0.367784 0.360238 0.343219 0.319278 0.295986
-9999.0 -9999.0 0.068572 0.069317 0.070694 0.073263 0.077442 0.086164 0.114484 0.164630 0.232479 0.303309 0.346777 0.365187 0.369895 0.370000 0.370000 0.370000 0.370000 0.370000 0.370000 0.370000 0.370000 0.370000 0.370000 0.370000 0.370000 0.370000 0.370000 0.370000 0.370000 0.370000 0.370000 0.370000 0.370000 0.370000 0.370000 0.370000 0.370000 0.370000 0.370000 0.369989 0.369956 0.369933 0.369923 0.369887 0.369809 0.369493 0.368762 0.367920 0.367020 0.366062 0.365328 0.363621 0.360846 0.357804 0.349768 0.337464 0.321668 0.298380 0.267423 0.241705 0.217327
-9999.0 -9999.0 -9999.0 0.068779 0.069544 0.070630 0.072413 0.074809 0.080231 0.091424 0.109857 0.140675 0.172858 0.206817 0.245946 0.289470 0.314761 0.325609 0.332416 0.353347 0.361242 0.367324 0.369483 0.369880 0.369992 0.370000 0.370000 0.370000 0.369983 0.369773 0.368587 0.365788 0.363247 0.363157 0.363173 0.363674 0.362447 0.360860 0.356968 0.351300 0.344386 0.338531 0.335886 0.333429 0.331835 0.329686 0.327384 0.322930 0.317059 0.310908 0.305700 0.303362 0.300855 0.297064 0.291780 0.286209 0.277354 0.256735 0.236454 0.215445 0.192719 0.172453 0.155513
-9999.0 -9999.0 -9999.0 -9999.0 -9999.0 0.069101 0.070017 0.071293 0.073020 0.075463 0.079755 0.088022 0.094558 0.103237 0.115979 0.129764 0.143791 0.161345 0.187556 0.216777 0.251020 0.278351 0.304661 0.323883 0.332780 0.340590 0.343360 0.338426 0.332659 0.323396 0.307231 0.290717 0.286575 0.286652 0.286861 0.285533 0.281448 0.277146 0.271285 0.260432 0.250690 0.246243 0.243023 0.239845 0.236580 0.233794 0.231153 0.228498 0.221897 0.216519 0.216840 0.215006 0.213177 0.211380 0.206803 0.201852 0.195979 0.179628 0.166484 0.157947 0.142617 0.130888 0.123666
-9999.0 -9999.0 -9999.0 -9999.0 -9999.0 -9999.0 0.068789 0.069458 0.070263 0.071412 0.073250 0.075652 0.077075 0.079731 0.083439 0.088590 0.095893 0.103254 0.112821 0.125402 0.141869 0.158676 0.179220 0.202295 0.212552 0.221130 0.229647 0.222835 0.215926 0.209096 0.193972 0.190704 0.186763 0.186788 0.186587 0.186437 0.183102 0.179537 0.176191 0.169657 0.166546 0.163285 0.161035 0.158918 0.156798 0.155045 0.153760 0.152525 0.149532 0.149979 0.150213 0.149354 0.148310 0.147230 0.144452 0.140766 0.137298 0.130698 0.125530 0.120761 0.113264 0.108334 0.103882
