tests/Borden05m/sims/sim_1/output-maps/thetaliqL0001N0004.asc
ncols         160
nrows         34
xllcorner     620200.000000
yllcorner     5168000.000000
cellsize      0.500000
NODATA_value  -9999.0
[rows 0 to 27 of 34, columns 63 to 125 of 160]
-9999.0 -9999.0 -9999.0 -9999.0 -9999.0 -9999.0 -9999.0 -9999.0 -9999.0 -9999.0 -9999.0 -9999.0 -9999.0 -9999.0 -9999.0 -9999.0 -9999.0 -9999.0 -9999.0 -9999.0 -9999.0 -9999.0 -9999.0 -9999.0 -9999.0 -9999.0 -9999.0 -9999.0 -9999.0 -9999.0 -9999.0 -9999.0 -9999.0 -9999.0 -9999.0 -9999.0 -9999.0 -9999.0 -9999.0 -9999.0 -9999.0 -9999.0 -9999.0 -9999.0 -9999.0 -9999.0 -9999.0 -9999.0 -9999.0 -9999.0 -9999.0 -9999.0 -9999.0 -9999.0 -9999.0 -9999.0 -9999.0 -9999.0 -9999.0 -9999.0 -9999.0 -9999.0 -9999.0
0.259183 0.258213 0.256901 0.256865 0.257150 0.256878 0.256161 0.256851 0.257669 0.258298 0.259380 0.258928 0.258957 0.259395 0.259523 0.259353 0.258869 0.258635 0.258317 0.259170 0.257568 0.255480 0.253882 0.253612 0.255178 0.255998 0.255645 0.256280 0.257805 0.258971 0.258997 0.260433 0.259667 0.260161 0.261372 0.260468 0.260439 0.260865 0.261616 0.259196 -9999.0 -9999.0 -9999.0 -9999.0 -9999.0 -9999.0 -9999.0 -9999.0 -9999.0 -9999.0 -9999.0 -9999.0 -9999.0 -9999.0 -9999.0 -9999.0 -9999.0 -9999.0 -9999.0 -9999.0 -9999.0 -9999.0 -9999.0
0.255771 0.254103 0.253896 0.252586 0.251979 0.251815 0.251178 0.251465 0.253631 0.255088 0.255351 0.254808 0.254468 0.253852 0.253471 0.253642 0.253162 0.252760 0.252312 0.252605 0.254326 0.252745 0.252026 0.251208 0.250193 0.250462 0.250671 0.250666 0.252635 0.253103 0.253254 0.255777 0.258132 0.258574 0.257414 0.256338 0.256938 0.257215 0.256499 0.255870 0.256510 0.256303 0.256325 0.255367 0.256869 0.256491 0.257941 0.259018 0.260255 0.262457 -9999.0 -9999.0 -9999.0 -9999.0 -9999.0 -9999.0 -9999.0 -9999.0 -9999.0 -9999.0 -9999.0 -9999.0 -9999.0
0.253343 0.252841 0.251540 0.249336 0.251654 0.251236 0.250936 0.251251 0.251926 0.252203 0.252468 0.252796 0.254688 0.254352 0.254123 0.254253 0.253955 0.253375 0.253553 0.253303 0.251590 0.251955 0.252416 0.251954 0.253621 0.253637 0.254728 0.251657 0.252049 0.252504 0.252665 0.252595 0.252602 0.252937 0.251591 0.252778 0.252080 0.250211 0.250233 0.250945 0.253304 0.254571 0.253592 0.249373 0.251554 0.256079 0.255384 0.254284 0.256161 0.257937 0.260915 0.260285 0.259981 0.260390 0.261239 0.259035 0.257967 0.257386 0.253967 -9999.0 -9999.0 -9999.0 -9999.0
0.253228 0.251698 0.249689 0.253257 0.254455 0.253408 0.253739 0.254807 0.254991 0.250415 0.249213 0.250753 0.252269 0.252806 0.251844 0.251387 0.250544 0.250631 0.251248 0.250855 0.251593 0.252123 0.251095 0.252078 0.253235 0.254558 0.251844 0.249444 0.249630 0.251655 0.252965 0.253363 0.255142 0.258321 0.257726 0.257220 0.257410 0.257907 0.254551 0.251330 0.250118 0.249642 0.248682 0.249773 0.248895 0.252614 0.252160 0.251391 0.252927 0.253895 0.255295 0.256360 0.256127 0.256660 0.257468 0.257163 0.255787 0.255404 0.255458 0.254555 0.251809 0.245755 0.246249
0.248575 0.248430 0.251372 0.252506 0.254955 0.253447 0.253377 0.253261 0.250409 0.248432 0.246924 0.251363 0.254657 0.255455 0.254159 0.252984 0.256185 0.255219 0.255016 0.253145 0.253761 0.253029 0.256138 0.257068 0.258697 0.258000 0.254876 0.252302 0.252336 0.252630 0.252144 0.252660 0.254316 0.256607 0.254546 0.254198 0.255418 0.250443 0.246812 0.245949 0.249746 0.251928 0.251740 0.252269 0.252681 0.250266 0.250944 0.251252 0.249926 0.252521 0.255088 0.255217 0.252733 0.251973 0.253385 0.253574 0.254330 0.253753 0.253056 0.252790 0.247237 0.249591 0.246343
0.253629 0.254439 0.255352 0.257460 0.262587 0.260472 0.260390 0.262354 0.259404 0.256842 0.252259 0.257355 0.257823 0.258894 0.257949 0.261252 0.264171 0.261922 0.259221 0.255711 0.257618 0.261582 0.265030 0.265304 0.265355 0.266070 0.263389 0.263235 0.263103 0.263875 0.262014 0.261990 0.264575 0.269452 0.270224 0.268818 0.265249 0.258971 0.253157 0.250230 0.255720 0.254447 0.254041 0.255324 0.252727 0.251446 0.254477 0.252337 0.250642 0.254424 0.254499 0.253719 0.250426 0.254466 0.254169 0.251529 0.250055 0.249571 0.249255 0.248086 0.249921 0.249240 0.246572
0.252435 0.252886 0.256138 0.260357 0.265069 0.266983 0.268477 0.271935 0.269924 0.267908 0.264910 0.265460 0.268884 0.271860 0.275059 0.278373 0.282462 0.279945 0.276719 0.276441 0.277015 0.282094 0.286102 0.286970 0.287479 0.290071 0.288802 0.286294 0.283347 0.280371 0.277708 0.274818 0.279932 0.284832 0.284698 0.277085 0.272382 0.265812 0.259246 0.251172 0.252686 0.255100 0.257460 0.254424 0.253697 0.251328 0.251401 0.252444 0.249046 0.251232 0.251352 0.253643 0.257543 0.258783 0.255841 0.254716 0.253324 0.251668 0.250263 0.252060 0.252877 0.251283 0.249533
0.276615 0.276425 0.277970 0.285657 0.298163 0.311897 0.323690 0.325629 0.321469 0.317038 0.309224 0.302568 0.306916 0.314083 0.320738 0.326452 0.331557 0.335429 0.335751 0.335970 0.336709 0.337226 0.338893 0.341628 0.344858 0.348540 0.350174 0.346611 0.342465 0.337817 0.333432 0.331869 0.329938 0.331601 0.331571 0.324598 0.313175 0.299742 0.287703 0.279215 0.272542 0.275644 0.272276 0.269952 0.267515 0.258936 0.257836 0.257569 0.249405 0.248819 0.251422 0.254815 0.257750 0.253050 0.251696 0.250660 0.249334 0.247132 0.248960 0.251005 0.251823 0.251468 0.251589
0.320186 0.322023 0.324543 0.337954 0.355894 0.369025 0.369826 0.369906 0.369877 0.369805 0.369521 0.367612 0.367358 0.369527 0.369848 0.369931 0.369954 0.369957 0.369953 0.369954 0.369956 0.369961 0.369964 0.369972 0.369980 0.369988 0.369994 0.369992 0.369981 0.369968 0.369944 0.369934 0.369934 0.369922 0.369917 0.369885 0.369345 0.360908 0.344230 0.328843 0.316618 0.303917 0.296707 0.292003 0.279519 0.269646 0.261922 0.255957 0.249034 0.248475 0.258433 0.267728 0.263188 0.262524 0.261061 0.257646 0.255091 0.250931 0.252422 0.253677 0.253396 0.252982 0.252387
0.369882 0.369896 0.369918 0.369963 0.369997 0.370000 0.370000 0.370000 0.370000 0.370000 0.370000 0.370000 0.370000 0.370000 0.370000 0.370000 0.370000 0.370000 0.370000 0.370000 0.370000 0.370000 0.370000 0.370000 0.370000 0.370000 0.370000 0.370000 0.370000 0.370000 0.370000 0.370000 0.370000 0.370000 0.370000 0.370000 0.370000 0.370000 0.369990 0.369890 0.369237 0.360064 0.350631 0.344388 0.340104 0.326126 0.319023 0.306510 0.289014 0.275429 0.287731 0.281524 0.278662 0.275302 0.269961 0.266022 0.262636 0.258241 0.258736 0.259535 0.258873 0.259093 0.258369
0.370000 0.370000 0.370000 0.370000 0.370000 0.370000 0.370000 0.370000 0.370000 0.370000 0.370000 0.370000 0.370000 0.370000 0.370000 0.370000 0.370000 0.370000 0.370000 0.370000 0.370000 0.370000 0.370000 0.370000 0.370000 0.370000 0.370000 0.370000 0.370000 0.370000 0.370000 0.370000 0.370000 0.370000 0.370000 0.370000 0.370000 0.370000 0.370000 0.370000 0.370000 0.369999 0.369992 0.369979 0.369965 0.369946 0.369882 0.369265 0.354919 0.334816 0.322901 0.315102 0.306873 0.296601 0.287778 0.282916 0.274131 0.266048 0.261788 0.262332 0.262569 0.262175 0.260830
0.370000 0.370000 0.370000 0.370000 0.370000 0.370000 0.370000 0.370000 0.370000 0.370000 0.370000 0.370000 0.370000 0.370000 0.370000 0.370000 0.370000 0.370000 0.370000 0.370000 0.370000 0.370000 0.370000 0.370000 0.370000 0.370000 0.370000 0.370000 0.370000 0.370000 0.370000 0.370000 0.370000 0.370000 0.370000 0.370000 0.370000 0.370000 0.370000 0.370000 0.370000 0.370000 0.370000 0.370000 0.370000 0.370000 0.370000 0.370000 0.369998 0.369973 0.369791 0.369067 0.360348 0.346766 0.338181 0.332544 0.317262 0.298620 0.287647 0.284996 0.278770 0.273701 0.270977
0.370000 0.370000 0.370000 0.370000 0.370000 0.370000 0.370000 0.370000 0.370000 0.370000 0.370000 0.370000 0.370000 0.370000 0.370000 0.370000 0.370000 0.370000 0.370000 0.370000 0.370000 0.370000 0.370000 0.370000 0.370000 0.370000 0.370000 0.370000 0.370000 0.370000 0.370000 0.370000 0.370000 0.370000 0.370000 0.370000 0.370000 0.370000 0.370000 0.370000 0.370000 0.370000 0.370000 0.370000 0.370000 0.370000 0.370000 0.370000 0.370000 0.370000 0.370000 0.370000 0.369999 0.369992 0.369980 0.369941 0.369402 0.356911 0.337907 0.324888 0.308257 0.298338 0.291598
0.370000 0.370000 0.370000 0.370000 0.370000 0.370000 0.370000 0.370000 0.370000 0.370000 0.370000 0.370000 0.370000 0.370000 0.370000 0.370000 0.370000 0.370000 0.370000 0.370000 0.370000 0.370000 0.370000 0.370000 0.370000 0.370000 0.370000 0.370000 0.370000 0.370000 0.370000 0.370000 0.370000 0.370000 0.370000 0.370000 0.370000 0.370000 0.370000 0.370000 0.370000 0.370000 0.370000 0.370000 0.370000 0.370000 0.370000 0.370000 0.370000 0.370000 0.370000 0.370000 0.370000 0.370000 0.370000 0.370000 0.370000 0.369997 0.369948 0.369524 0.360736 0.343661 0.329910
0.370000 0.370000 0.370000 0.370000 0.370000 0.370000 0.370000 0.370000 0.370000 0.370000 0.370000 0.370000 0.370000 0.370000 0.370000 0.370000 0.370000 0.370000 0.370000 0.370000 0.370000 0.370000 0.370000 0.370000 0.370000 0.370000 0.370000 0.370000 0.370000 0.370000 0.370000 0.370000 0.370000 0.370000 0.370000 0.370000 0.370000 0.370000 0.370000 0.370000 0.370000 0.370000 0.370000 0.370000 0.370000 0.370000 0.370000 0.370000 0.370000 0.370000 0.370000 0.370000 0.370000 0.370000 0.370000 0.370000 0.370000 0.370000 0.370000 0.370000 0.369998 0.369966 0.369708
0.370000 0.370000 0.370000 0.370000 0.370000 0.370000 0.370000 0.370000 0.370000 0.370000 0.370000 0.370000 0.370000 0.370000 0.370000 0.370000 0.370000 0.370000 0.370000 0.370000 0.370000 0.370000 0.370000 0.370000 0.370000 0.370000 0.370000 0.370000 0.370000 0.370000 0.370000 0.370000 0.370000 0.370000 0.370000 0.370000 0.370000 0.370000 0.370000 0.370000 0.370000 0.370000 0.370000 0.370000 0.370000 0.370000 0.370000 0.370000 0.370000 0.370000 0.370000 0.370000 0.370000 0.370000 0.370000 0.370000 0.370000 0.370000 0.370000 0.370000 0.370000 0.370000 0.370000
0.370000 0.370000 0.370000 0.370000 0.370000 0.370000 0.370000 0.370000 0.370000 0.370000 0.370000 0.370000 0.370000 0.370000 0.370000 0.370000 0.370000 0.370000 0.370000 0.370000 0.370000 0.370000 0.370000 0.370000 0.370000 0.370000 0.370000 0.370000 0.370000 0.370000 0.370000 0.370000 0.370000 0.370000 0.370000 0.370000 0.370000 0.370000 0.370000 0.370000 0.370000 0.370000 0.370000 0.370000 0.370000 0.370000 0.370000 0.370000 0.370000 0.370000 0.370000 0.370000 0.370000 0.370000 0.370000 0.370000 0.370000 0.370000 0.370000 0.370000 0.370000 0.370000 0.370000
0.370000 0.370000 0.370000 0.370000 0.370000 0.370000 0.370000 0.370000 0.370000 0.370000 0.369998 0.369996 0.369993 0.369984 0.369966 0.369939 0.369929 0.369917 0.369894 0.369918 0.369927 0.369927 0.369912 0.369894 0.369883 0.369875 0.369893 0.369932 0.369951 0.369965 0.369971 0.369966 0.369976 0.369985 0.369990 0.369998 0.370000 0.370000 0.370000 0.370000 0.370000 0.370000 0.370000 0.370000 0.370000 0.370000 0.370000 0.370000 0.370000 0.370000 0.370000 0.370000 0.370000 0.370000 0.370000 0.370000 0.370000 0.370000 0.370000 0.370000 0.370000 0.370000 0.370000
0.370000 0.370000 0.370000 0.370000 0.369989 0.369962 0.369900 0.369814 0.369464 0.364379 0.356633 0.351660 0.350948 0.344952 0.337246 0.330929 0.328297 0.326892 0.323404 0.322922 0.324483 0.327672 0.323518 0.320552 0.320497 0.319064 0.319037 0.324429 0.331226 0.334804 0.337839 0.340200 0.340890 0.341851 0.351119 0.359716 0.368720 0.369826 0.369961 0.369993 0.370000 0.370000 0.370000 0.370000 0.370000 0.370000 0.370000 0.370000 0.370000 0.370000 0.370000 0.370000 0.370000 0.370000 0.370000 0.370000 0.370000 0.370000 0.370000 0.370000 0.370000 0.370000 0.370000
0.369998 0.369987 0.369811 0.366458 0.347127 0.335930 0.326112 0.320752 0.312797 0.299267 0.291696 0.292157 0.294728 0.292741 0.287617 0.283971 0.281860 0.279621 0.275834 0.273476 0.276341 0.278642 0.278127 0.277872 0.278712 0.278442 0.277950 0.276950 0.281052 0.283078 0.285389 0.286788 0.286701 0.294449 0.301790 0.306895 0.317209 0.328369 0.339738 0.352587 0.365890 0.369634 0.369929 0.369984 0.369999 0.370000 0.370000 0.370000 0.370000 0.370000 0.370000 0.370000 0.370000 0.370000 0.370000 0.370000 0.370000 0.370000 0.370000 0.370000 0.370000 0.370000 0.370000
0.359087 0.346245 0.328299 0.307986 0.295620 0.288925 0.283412 0.278379 0.272297 0.266364 0.262461 0.266072 0.267446 0.270583 0.266713 0.263941 0.263974 0.261427 0.259298 0.255636 0.258792 0.259604 0.262977 0.262201 0.261980 0.263534 0.262660 0.262397 0.259635 0.261789 0.262407 0.263063 0.268372 0.272713 0.277016 0.280355 0.284264 0.289752 0.296650 0.304673 0.315482 0.326270 0.336156 0.347816 0.362503 0.369531 0.369934 0.369991 0.370000 0.370000 0.370000 0.370000 0.370000 0.370000 0.370000 0.370000 0.370000 0.370000 0.370000 0.370000 0.370000 0.370000 0.370000
0.295577 0.286890 0.274699 0.270713 0.268577 0.265193 0.262985 0.261518 0.257781 0.255434 0.250550 0.252802 0.255457 0.259566 0.256153 0.256022 0.257187 0.255588 0.253933 0.250608 0.251034 0.253508 0.256483 0.255902 0.256311 0.258114 0.258197 0.256779 0.253623 0.254116 0.255572 0.256687 0.259445 0.261681 0.263771 0.265332 0.268066 0.271404 0.274955 0.279783 0.285922 0.289710 0.296609 0.305240 0.315093 0.325518 0.336372 0.351265 0.365237 0.369644 0.369941 0.369987 0.370000 0.370000 0.370000 0.370000 0.370000 0.370000 0.370000 0.370000 0.370000 0.370000 0.370000
0.261093 0.256931 0.256724 0.256032 0.254570 0.253445 0.252063 0.250799 0.249917 0.247865 0.242678 0.245018 0.247950 0.251384 0.251514 0.251245 0.251730 0.251173 0.248981 0.244645 0.246431 0.248775 0.250818 0.251253 0.251472 0.252858 0.251782 0.249681 0.246495 0.247684 0.249715 0.250460 0.251392 0.253004 0.254681 0.256235 0.258077 0.259781 0.262436 0.265447 0.268960 0.273026 0.277705 0.283863 0.285913 0.289663 0.293571 0.300899 0.310319 0.323398 0.335330 0.349078 0.368009 0.369911 0.369998 0.370000 0.370000 0.370000 0.370000 0.370000 0.370000 0.370000 0.370000
0.255917 0.253412 0.252120 0.251043 0.252659 0.252386 0.250331 0.251016 0.250134 0.245928 0.247836 0.249092 0.252660 0.251774 0.251538 0.250694 0.251390 0.250944 0.246625 0.248958 0.249756 0.252054 0.252174 0.252459 0.252691 0.253042 0.252538 0.249466 0.250149 0.250778 0.252763 0.252348 0.252709 0.254695 0.254669 0.255391 0.256652 0.257906 0.259446 0.261418 0.264653 0.268018 0.271382 0.271508 0.273772 0.275789 0.272344 0.276687 0.280217 0.284081 0.290749 0.298208 0.313283 0.335348 0.361481 0.369749 0.369993 0.370000 0.370000 0.370000 0.370000 0.370000 0.370000
0.250040 0.247972 0.245601 0.247710 0.248298 0.248488 0.248271 0.247677 0.245898 0.248521 0.248884 0.248664 0.248321 0.248246 0.248529 0.248095 0.247855 0.248021 0.249886 0.250072 0.249337 0.249824 0.250135 0.250540 0.249682 0.249776 0.249793 0.250461 0.250317 0.249667 0.250533 0.250548 0.250491 0.251094 0.251291 0.251602 0.252677 0.253163 0.253884 0.255886 0.258562 0.260098 0.259458 0.260985 0.261598 0.259718 0.258162 0.260531 0.262567 0.263846 0.268085 0.271914 0.275526 0.289649 0.308698 0.333565 0.356247 0.369459 0.369962 0.369999 0.370000 0.370000 0.370000
0.249315 0.247313 0.247260 0.248826 0.249167 0.249345 0.247999 0.246704 0.248317 0.248928 0.248855 0.248253 0.248860 0.249074 0.249868 0.249067 0.248672 0.248882 0.249033 0.248832 0.249315 0.249580 0.249742 0.251525 0.250358 0.250193 0.250807 0.250460 0.250184 0.249549 0.250648 0.250856 0.250683 0.251411 0.251603 0.251767 0.252104 0.252989 0.255355 0.256787 0.259004 0.261228 0.261132 0.261299 0.260451 0.259995 0.256710 0.256578 0.259884 0.258480 0.260339 0.263975 0.262550 0.270635 0.282230 0.289949 0.302703 0.321768 0.344231 0.363194 0.369723 0.369988 0.370000
0.247324 0.247914 0.246962 0.247486 0.247505 0.246839 0.245981 0.247217 0.247174 0.247084 0.247180 0.246841 0.247422 0.247857 0.248307 0.248014 0.247949 0.247056 0.246973 0.247768 0.247755 0.248148 0.249125 0.250507 0.249390 0.249120 0.249069 0.248642 0.248628 0.247975 0.248893 0.249516 0.249514 0.250565 0.250761 0.249559 0.250437 0.252251 0.253936 0.254682 0.256469 0.260169 0.258259 0.257956 0.258684 0.256137 0.253025 0.253191 0.254264 0.253091 0.255178 0.255973 0.254809 0.259374 0.262298 0.265905 0.272060 0.284176 0.299443 0.312077 0.331292 0.351793 0.368945
