tests/Borden05m/sims/sim_1/output-maps/thetaliqL0002N0006.asc
ncols         160
nrows         34
xllcorner     620200.000000
yllcorner     5168000.000000
cellsize      0.500000
NODATA_value  -9999.0
[rows 0 to 27 of 34, columns 63 to 125 of 160]
-9999.0 -9999.0 -9999.0 -9999.0 -9999.0 -9999.0 -9999.0 -9999.0 -9999.0 -9999.0 -9999.0 -9999.0 -9999.0 -9999.0 -9999.0 -9999.0 -9999.0 -9999.0 -9999.0 -9999.0 -9999.0 -9999.0 -9999.0 -9999.0 -9999.0 -9999.0 -9999.0 -9999.0 -9999.0 -9999.0 -9999.0 -9999.0 -9999.0 -9999.0 -9999.0 -9999.0 -9999.0 -9999.0 -9999.0 -9999.0 -9999.0 -9999.0 -9999.0 -9999.0 -9999.0 -9999.0 -9999.0 -9999.0 -9999.0 -9999.0 -9999.0 -9999.0 -9999.0 -9999.0 -9999.0 -9999.0 -9999.0 -9999.0 -9999.0 -9999.0 -9999.0 -9999.0 -9999.0
0.260130 0.258930 0.257366 0.257271 0.257572 0.257255 0.256449 0.257274 0.258281 0.259077 0.260359 0.259885 0.259942 0.260450 0.260596 0.260390 0.259811 0.259507 0.259116 0.260040 0.258167 0.255699 0.253804 0.253467 0.255265 0.256233 0.255872 0.256652 0.258483 0.259911 0.260054 0.261793 0.261033 0.261650 0.263026 0.261981 0.261911 0.262344 0.263111 0.260309 -9999.0 -9999.0 -9999.0 -9999.0 -9999.0 -9999.0 -9999.0 -9999.0 -9999.0 -9999.0 -9999.0 -9999.0 -9999.0 -9999.0 -9999.0 -9999.0 -9999.0 -9999.0 -9999.0 -9999.0 -9999.0 -9999.0 -9999.0
0.256120 0.254154 0.253842 0.252308 0.251611 0.251417 0.250696 0.251067 0.253604 0.255324 0.255675 0.255095 0.254742 0.254053 0.253617 0.253798 0.253223 0.252730 0.252190 0.252504 0.254413 0.252558 0.251684 0.250727 0.249584 0.249912 0.250172 0.250194 0.252512 0.253140 0.253414 0.256404 0.259176 0.259739 0.258426 0.257173 0.257796 0.258032 0.257131 0.256315 0.256909 0.256614 0.256578 0.255454 0.257197 0.256874 0.258604 0.259924 0.261458 0.264049 -9999.0 -9999.0 -9999.0 -9999.0 -9999.0 -9999.0 -9999.0 -9999.0 -9999.0 -9999.0 -9999.0 -9999.0 -9999.0
0.253226 0.252611 0.251085 0.248572 0.251246 0.250786 0.250455 0.250845 0.251645 0.251967 0.252288 0.252721 0.254935 0.254592 0.254332 0.254471 0.254111 0.253424 0.253601 0.253287 0.251318 0.251710 0.252225 0.251715 0.253640 0.253686 0.254898 0.251378 0.251850 0.252439 0.252704 0.252720 0.252830 0.253276 0.251732 0.253042 0.252171 0.249923 0.249816 0.250528 0.253159 0.254553 0.253379 0.248535 0.251064 0.256292 0.255587 0.254412 0.256651 0.258794 0.262205 0.261547 0.261209 0.261664 0.262570 0.259974 0.258614 0.257797 0.253799 -9999.0 -9999.0 -9999.0 -9999.0
0.253072 0.251313 0.249045 0.253180 0.254640 0.253484 0.253879 0.255104 0.255269 0.249989 0.248587 0.250431 0.252276 0.252948 0.251858 0.251333 0.250374 0.250454 0.251136 0.250660 0.251500 0.252125 0.250999 0.252172 0.253556 0.255061 0.251899 0.249058 0.249265 0.251638 0.253207 0.253756 0.255907 0.259614 0.258942 0.258314 0.258418 0.258771 0.254751 0.250927 0.249482 0.248900 0.247757 0.248969 0.247987 0.252278 0.251803 0.250961 0.252780 0.254004 0.255706 0.256962 0.256696 0.257288 0.258171 0.257725 0.256040 0.255460 0.255350 0.254112 0.250773 0.243731 0.244278
0.247862 0.247735 0.251196 0.252669 0.255620 0.253968 0.253913 0.253774 0.250420 0.248015 0.246238 0.251456 0.255370 0.256378 0.254936 0.253647 0.257338 0.256231 0.255940 0.253755 0.254480 0.253739 0.257394 0.258570 0.260497 0.259715 0.256044 0.252967 0.252943 0.253285 0.252756 0.253420 0.255459 0.258208 0.255860 0.255353 0.256533 0.250541 0.246045 0.244864 0.249202 0.251686 0.251444 0.252018 0.252435 0.249662 0.250429 0.250766 0.249282 0.252346 0.255364 0.255551 0.252703 0.251828 0.253393 0.253515 0.254245 0.253457 0.252526 0.252052 0.245586 0.248147 0.244437
0.254060 0.255072 0.256304 0.258991 0.265110 0.262922 0.262917 0.265141 0.261696 0.258628 0.253333 0.259260 0.259980 0.261320 0.260347 0.264210 0.267635 0.265103 0.261946 0.257886 0.260135 0.264823 0.268973 0.269551 0.269897 0.270882 0.267804 0.267323 0.266848 0.267480 0.265271 0.265266 0.268346 0.273986 0.274835 0.273031 0.268677 0.261088 0.253948 0.250276 0.256473 0.255023 0.254512 0.255877 0.252809 0.251233 0.254621 0.252138 0.250164 0.254536 0.254712 0.253868 0.250126 0.254711 0.254298 0.251154 0.249320 0.248623 0.248140 0.246713 0.248709 0.247866 0.244789
0.253688 0.254351 0.258376 0.263873 0.270274 0.272882 0.274749 0.278631 0.276263 0.273934 0.270642 0.271567 0.275605 0.278911 0.282445 0.286305 0.291162 0.288802 0.285292 0.284988 0.285899 0.291935 0.297232 0.299886 0.302867 0.307353 0.306185 0.301905 0.295918 0.290420 0.286416 0.283000 0.288659 0.294317 0.294102 0.285172 0.279359 0.271367 0.262782 0.252633 0.254088 0.256755 0.259292 0.255634 0.254528 0.251564 0.251503 0.252545 0.248522 0.251027 0.251262 0.253991 0.258472 0.259841 0.256380 0.254908 0.253134 0.251085 0.249388 0.251377 0.252261 0.250392 0.248363
0.283789 0.283746 0.286208 0.297893 0.316311 0.329211 0.340138 0.341843 0.337349 0.333280 0.326964 0.323016 0.327761 0.332605 0.337969 0.343840 0.350258 0.355402 0.356115 0.356590 0.357932 0.359601 0.363225 0.367628 0.369427 0.369732 0.369764 0.369509 0.367838 0.361107 0.353810 0.351074 0.348994 0.351360 0.351099 0.342530 0.330901 0.318873 0.302836 0.288413 0.279820 0.282890 0.278641 0.275264 0.271706 0.261393 0.259736 0.259109 0.249476 0.248662 0.251769 0.255828 0.259196 0.253740 0.251969 0.250550 0.248802 0.246091 0.248104 0.250424 0.251330 0.250877 0.250984
0.336347 0.338359 0.343268 0.364002 0.369542 0.369919 0.369973 0.369983 0.369973 0.369962 0.369945 0.369923 0.369922 0.369953 0.369977 0.369990 0.369995 0.369997 0.369997 0.369997 0.369998 0.369999 0.370000 0.370000 0.370000 0.370000 0.370000 0.370000 0.370000 0.369999 0.369996 0.369993 0.369992 0.369990 0.369990 0.369986 0.369945 0.369806 0.368728 0.351430 0.336226 0.325683 0.317114 0.308623 0.290669 0.276562 0.266868 0.259607 0.251101 0.249661 0.261039 0.271612 0.266491 0.265427 0.263417 0.259204 0.255959 0.250943 0.252527 0.253918 0.253551 0.253017 0.252276
0.369972 0.369979 0.369990 0.369999 0.370000 0.370000 0.370000 0.370000 0.370000 0.370000 0.370000 0.370000 0.370000 0.370000 0.370000 0.370000 0.370000 0.370000 0.370000 0.370000 0.370000 0.370000 0.370000 0.370000 0.370000 0.370000 0.370000 0.370000 0.370000 0.370000 0.370000 0.370000 0.370000 0.370000 0.370000 0.370000 0.370000 0.370000 0.370000 0.369995 0.369966 0.369906 0.369814 0.369405 0.365083 0.344387 0.334515 0.322451 0.305902 0.285814 0.297060 0.290236 0.286697 0.282086 0.275175 0.270076 0.265717 0.260307 0.260573 0.261339 0.260486 0.260620 0.259681
0.370000 0.370000 0.370000 0.370000 0.370000 0.370000 0.370000 0.370000 0.370000 0.370000 0.370000 0.370000 0.370000 0.370000 0.370000 0.370000 0.370000 0.370000 0.370000 0.370000 0.370000 0.370000 0.370000 0.370000 0.370000 0.370000 0.370000 0.370000 0.370000 0.370000 0.370000 0.370000 0.370000 0.370000 0.370000 0.370000 0.370000 0.370000 0.370000 0.370000 0.370000 0.370000 0.370000 0.370000 0.370000 0.369996 0.369986 0.369942 0.369490 0.360136 0.343367 0.335900 0.328924 0.315594 0.300811 0.292552 0.281508 0.271728 0.265878 0.265910 0.265859 0.265130 0.263357
0.370000 0.370000 0.370000 0.370000 0.370000 0.370000 0.370000 0.370000 0.370000 0.370000 0.370000 0.370000 0.370000 0.370000 0.370000 0.370000 0.370000 0.370000 0.370000 0.370000 0.370000 0.370000 0.370000 0.370000 0.370000 0.370000 0.370000 0.370000 0.370000 0.370000 0.370000 0.370000 0.370000 0.370000 0.370000 0.370000 0.370000 0.370000 0.370000 0.370000 0.370000 0.370000 0.370000 0.370000 0.370000 0.370000 0.370000 0.370000 0.370000 0.370000 0.369986 0.369967 0.369909 0.369532 0.365488 0.354035 0.335829 0.317883 0.301333 0.294939 0.287022 0.280365 0.276383
0.370000 0.370000 0.370000 0.370000 0.370000 0.370000 0.370000 0.370000 0.370000 0.370000 0.370000 0.370000 0.370000 0.370000 0.370000 0.370000 0.370000 0.370000 0.370000 0.370000 0.370000 0.370000 0.370000 0.370000 0.370000 0.370000 0.370000 0.370000 0.370000 0.370000 0.370000 0.370000 0.370000 0.370000 0.370000 0.370000 0.370000 0.370000 0.370000 0.370000 0.370000 0.370000 0.370000 0.370000 0.370000 0.370000 0.370000 0.370000 0.370000 0.370000 0.370000 0.370000 0.370000 0.370000 0.370000 0.369998 0.369972 0.369725 0.366295 0.348169 0.330766 0.316928 0.303959
0.370000 0.370000 0.370000 0.370000 0.370000 0.370000 0.370000 0.370000 0.370000 0.370000 0.370000 0.370000 0.370000 0.370000 0.370000 0.370000 0.370000 0.370000 0.370000 0.370000 0.370000 0.370000 0.370000 0.370000 0.370000 0.370000 0.370000 0.370000 0.370000 0.370000 0.370000 0.370000 0.370000 0.370000 0.370000 0.370000 0.370000 0.370000 0.370000 0.370000 0.370000 0.370000 0.370000 0.370000 0.370000 0.370000 0.370000 0.370000 0.370000 0.370000 0.370000 0.370000 0.370000 0.370000 0.370000 0.370000 0.370000 0.370000 0.370000 0.369990 0.369915 0.369325 0.357518
0.370000 0.370000 0.370000 0.370000 0.370000 0.370000 0.370000 0.370000 0.370000 0.370000 0.370000 0.370000 0.370000 0.370000 0.370000 0.370000 0.370000 0.370000 0.370000 0.370000 0.370000 0.370000 0.370000 0.370000 0.370000 0.370000 0.370000 0.370000 0.370000 0.370000 0.370000 0.370000 0.370000 0.370000 0.370000 0.370000 0.370000 0.370000 0.370000 0.370000 0.370000 0.370000 0.370000 0.370000 0.370000 0.370000 0.370000 0.370000 0.370000 0.370000 0.370000 0.370000 0.370000 0.370000 0.370000 0.370000 0.370000 0.370000 0.370000 0.370000 0.370000 0.370000 0.369997
0.370000 0.370000 0.370000 0.370000 0.370000 0.370000 0.370000 0.370000 0.370000 0.370000 0.370000 0.370000 0.370000 0.370000 0.370000 0.370000 0.370000 0.370000 0.370000 0.370000 0.370000 0.370000 0.370000 0.370000 0.370000 0.370000 0.370000 0.370000 0.370000 0.370000 0.370000 0.370000 0.370000 0.370000 0.370000 0.370000 0.370000 0.370000 0.370000 0.370000 0.370000 0.370000 0.370000 0.370000 0.370000 0.370000 0.370000 0.370000 0.370000 0.370000 0.370000 0.370000 0.370000 0.370000 0.370000 0.370000 0.370000 0.370000 0.370000 0.370000 0.370000 0.370000 0.370000
0.370000 0.370000 0.370000 0.370000 0.370000 0.370000 0.370000 0.370000 0.370000 0.370000 0.370000 0.370000 0.370000 0.370000 0.370000 0.370000 0.370000 0.370000 0.370000 0.370000 0.370000 0.370000 0.370000 0.370000 0.370000 0.370000 0.370000 0.370000 0.370000 0.370000 0.370000 0.370000 0.370000 0.370000 0.370000 0.370000 0.370000 0.370000 0.370000 0.370000 0.370000 0.370000 0.370000 0.370000 0.370000 0.370000 0.370000 0.370000 0.370000 0.370000 0.370000 0.370000 0.370000 0.370000 0.370000 0.370000 0.370000 0.370000 0.370000 0.370000 0.370000 0.370000 0.370000
0.370000 0.370000 0.370000 0.370000 0.370000 0.370000 0.370000 0.370000 0.370000 0.370000 0.370000 0.370000 0.370000 0.370000 0.370000 0.369995 0.369991 0.369986 0.369977 0.369983 0.369985 0.369986 0.369981 0.369976 0.369973 0.369971 0.369977 0.369989 0.369995 0.369998 0.369999 0.370000 0.370000 0.370000 0.370000 0.370000 0.370000 0.370000 0.370000 0.370000 0.370000 0.370000 0.370000 0.370000 0.370000 0.370000 0.370000 0.370000 0.370000 0.370000 0.370000 0.370000 0.370000 0.370000 0.370000 0.370000 0.370000 0.370000 0.370000 0.370000 0.370000 0.370000 0.370000
0.370000 0.370000 0.370000 0.370000 0.370000 0.369999 0.369990 0.369978 0.369967 0.369927 0.369894 0.369853 0.369814 0.369353 0.362897 0.351531 0.346831 0.344535 0.340042 0.338899 0.340705 0.344700 0.340589 0.337981 0.338571 0.337229 0.336666 0.342079 0.350248 0.355748 0.361131 0.365641 0.368333 0.369563 0.369886 0.369949 0.369979 0.369997 0.370000 0.370000 0.370000 0.370000 0.370000 0.370000 0.370000 0.370000 0.370000 0.370000 0.370000 0.370000 0.370000 0.370000 0.370000 0.370000 0.370000 0.370000 0.370000 0.370000 0.370000 0.370000 0.370000 0.370000 0.370000
0.370000 0.370000 0.369995 0.369919 0.369367 0.361968 0.345972 0.338861 0.331368 0.320240 0.312954 0.312644 0.313912 0.308994 0.299277 0.293396 0.290489 0.287697 0.283168 0.280327 0.283568 0.286380 0.285930 0.285769 0.286847 0.286589 0.285929 0.284867 0.289670 0.292492 0.295935 0.298754 0.300484 0.311962 0.323533 0.330727 0.340571 0.354038 0.368751 0.369843 0.369967 0.369993 0.370000 0.370000 0.370000 0.370000 0.370000 0.370000 0.370000 0.370000 0.370000 0.370000 0.370000 0.370000 0.370000 0.370000 0.370000 0.370000 0.370000 0.370000 0.370000 0.370000 0.370000
0.369893 0.369194 0.351434 0.328142 0.313417 0.300821 0.292397 0.286146 0.279009 0.272077 0.267301 0.271111 0.272523 0.275665 0.270847 0.267421 0.267268 0.264209 0.261581 0.257284 0.260913 0.262012 0.265964 0.265183 0.265008 0.266803 0.265808 0.265457 0.262349 0.264902 0.265829 0.266888 0.273277 0.278815 0.284528 0.289020 0.294013 0.301346 0.313336 0.326802 0.339650 0.351669 0.366722 0.369729 0.369954 0.369992 0.370000 0.370000 0.370000 0.370000 0.370000 0.370000 0.370000 0.370000 0.370000 0.370000 0.370000 0.370000 0.370000 0.370000 0.370000 0.370000 0.370000
0.315702 0.302625 0.283335 0.277158 0.273756 0.269024 0.265988 0.263964 0.259410 0.256419 0.250614 0.253173 0.256302 0.261013 0.257099 0.256858 0.258101 0.256170 0.254128 0.250220 0.250753 0.253716 0.257249 0.256691 0.257224 0.259324 0.259403 0.257723 0.254074 0.254693 0.256496 0.257963 0.261361 0.264229 0.266964 0.269102 0.272566 0.276786 0.281579 0.288073 0.295847 0.301239 0.312046 0.326848 0.339645 0.350643 0.366370 0.369726 0.369944 0.369989 0.369999 0.370000 0.370000 0.370000 0.370000 0.370000 0.370000 0.370000 0.370000 0.370000 0.370000 0.370000 0.370000
0.265506 0.259740 0.258553 0.257317 0.255351 0.253792 0.251978 0.250344 0.249135 0.246583 0.240520 0.243234 0.246713 0.250715 0.250875 0.250543 0.251063 0.250354 0.247737 0.242725 0.244813 0.247620 0.250075 0.250658 0.250972 0.252587 0.251346 0.248870 0.245182 0.246592 0.249041 0.250038 0.251288 0.253358 0.255509 0.257536 0.259919 0.262182 0.265579 0.269450 0.273899 0.278946 0.284841 0.292633 0.295931 0.300994 0.308364 0.321591 0.332776 0.345826 0.363612 0.369580 0.369960 0.369999 0.370000 0.370000 0.370000 0.370000 0.370000 0.370000 0.370000 0.370000 0.370000
0.256775 0.253541 0.251771 0.250387 0.252098 0.251662 0.249199 0.249853 0.248724 0.243852 0.245980 0.247444 0.251551 0.250602 0.250341 0.249373 0.250143 0.249598 0.244652 0.247299 0.248263 0.250962 0.251194 0.251587 0.251894 0.252321 0.251737 0.248219 0.248982 0.249751 0.252105 0.251747 0.252293 0.254714 0.254871 0.255889 0.257555 0.259239 0.261287 0.263872 0.267899 0.272035 0.276093 0.276566 0.279331 0.281756 0.278417 0.284135 0.288839 0.293913 0.304006 0.318016 0.336212 0.363842 0.369806 0.369997 0.370000 0.370000 0.370000 0.370000 0.370000 0.370000 0.370000
0.249046 0.246454 0.243593 0.245918 0.246532 0.246680 0.246346 0.245594 0.243521 0.246472 0.246880 0.246638 0.246276 0.246210 0.246543 0.246043 0.245766 0.245957 0.248077 0.248315 0.247526 0.248143 0.248565 0.249087 0.248146 0.248275 0.248310 0.249067 0.248917 0.248218 0.249277 0.249378 0.249413 0.250230 0.250595 0.251112 0.252530 0.253313 0.254405 0.256987 0.260352 0.262377 0.261849 0.263702 0.264461 0.262337 0.260572 0.263442 0.266033 0.267798 0.273173 0.278618 0.284153 0.303469 0.330800 0.361494 0.369666 0.369986 0.370000 0.370000 0.370000 0.370000 0.370000
0.247664 0.245240 0.245072 0.246798 0.247143 0.247292 0.245707 0.244200 0.246010 0.246699 0.246611 0.245927 0.246629 0.246891 0.247805 0.246899 0.246451 0.246697 0.246889 0.246693 0.247279 0.247635 0.247886 0.249967 0.248678 0.248513 0.249231 0.248854 0.248557 0.247865 0.249173 0.249483 0.249371 0.250307 0.250651 0.250979 0.251549 0.252786 0.255739 0.257654 0.260464 0.263232 0.263251 0.263496 0.262539 0.261919 0.258092 0.257959 0.261808 0.260361 0.262704 0.267155 0.266095 0.276199 0.290884 0.302840 0.323077 0.346434 0.369154 0.369929 0.369998 0.370000 0.370000
0.245047 0.245614 0.244454 0.244999 0.244981 0.244191 0.243191 0.244575 0.244523 0.244421 0.244526 0.244136 0.244804 0.245317 0.245843 0.245514 0.245443 0.244446 0.244377 0.245310 0.245331 0.245829 0.247002 0.248633 0.247402 0.247117 0.247086 0.246624 0.246624 0.245904 0.247000 0.247772 0.247833 0.249122 0.249458 0.248240 0.249428 0.251724 0.253906 0.255026 0.257335 0.261748 0.259682 0.259353 0.260136 0.257113 0.253415 0.253522 0.254784 0.253502 0.255943 0.257026 0.255943 0.261561 0.265555 0.270568 0.279112 0.294712 0.317860 0.335932 0.360160 0.369596 0.369968
