tests/Borden05m/sims/sim_1/output-maps/thetaliqL0002N0017.asc
ncols         160
nrows         34
xllcorner     620200.000000
yllcorner     5168000.000000
cellsize      0.500000
NODATA_value  -9999.0
[rows 0 to 27 of 34, columns 0 to 62 of 160]
-9999.0 -9999.0 -9999.0 -9999.0 -9999.0 -9999.0 -9999.0 -9999.0 -9999.0 -9999.0 -9999.0 -9999.0 -9999.0 -9999.0 -9999.0 -9999.0 -9999.0 -9999.0 -9999.0 -9999.0 -9999.0 -9999.0 -9999.0 -9999.0 -9999.0 -9999.0 -9999.0 -9999.0 -9999.0 -9999.0 -9999.0 -9999.0 -9999.0 -9999.0 -9999.0 -9999.0 -9999.0 -9999.0 -9999.0 -9999.0 -9999.0 -9999.0 -9999.0 -9999.0 -9999.0 -9999.0 -9999.0 -9999.0 -9999.0 -9999.0 -9999.0 -9999.0 -9999.0 -9999.0 -9999.0 -9999.0 -9999.0 -9999.0 -9999.0 -9999.0 -9999.0 -9999.0 -9999.0
-9999.0 -9999.0 -9999.0 -9999.0 -9999.0 -9999.0 -9999.0 -9999.0 -9999.0 -9999.0 -9999.0 -9999.0 -9999.0 -9999.0 -9999.0 -9999.0 -9999.0 -9999.0 -9999.0 -9999.0 -9999.0 -9999.0 -9999.0 -9999.0 -9999.0 -9999.0 -9999.0 -9999.0 -9999.0 -9999.0 -9999.0 -9999.0 -9999.0 -9999.0 -9999.0 -9999.0 -9999.0 -9999.0 -9999.0 -9999.0 -9999.0 -9999.0 -9999.0 -9999.0 -9999.0 -9999.0 -9999.0 -9999.0 -9999.0 -9999.0 -9999.0 -9999.0 -9999.0 -9999.0 -9999.0 -9999.0 -9999.0 -9999.0 -9999.0 0.190364 0.189583 0.189038 0.188725
-9999.0 -9999.0 -9999.0 -9999.0 -9999.0 -9999.0 -9999.0 -9999.0 -9999.0 -9999.0 -9999.0 -9999.0 -9999.0 -9999.0 -9999.0 -9999.0 -9999.0 -9999.0 -9999.0 -9999.0 -9999.0 -9999.0 -9999.0 -9999.0 -9999.0 -9999.0 -9999.0 -9999.0 -9999.0 -9999.0 -9999.0 -9999.0 -9999.0 -9999.0 -9999.0 -9999.0 -9999.0 -9999.0 -9999.0 -9999.0 -9999.0 -9999.0 -9999.0 -9999.0 -9999.0 -9999.0 -9999.0 0.184214 0.182069 0.179531 0.178847 0.181670 0.182975 0.184207 0.185049 0.185842 0.187057 0.189251 0.189127 0.186031 0.185724 0.185649 0.185780
-9999.0 -9999.0 -9999.0 -9999.0 -9999.0 -9999.0 -9999.0 -9999.0 -9999.0 -9999.0 -9999.0 -9999.0 -9999.0 -9999.0 -9999.0 -9999.0 -9999.0 -9999.0 -9999.0 -9999.0 -9999.0 -9999.0 -9999.0 -9999.0 -9999.0 -9999.0 -9999.0 -9999.0 -9999.0 -9999.0 -9999.0 -9999.0 -9999.0 -9999.0 -9999.0 -9999.0 -9999.0 -9999.0 -9999.0 -9999.0 0.184099 0.185103 0.185929 0.184466 0.183838 0.183923 0.182395 0.180658 0.178896 0.179415 0.179449 0.178238 0.180176 0.181766 0.182344 0.182836 0.184244 0.186701 0.186553 0.184240 0.182860 0.182443 0.182732
-9999.0 -9999.0 -9999.0 -9999.0 -9999.0 -9999.0 -9999.0 -9999.0 -9999.0 -9999.0 -9999.0 -9999.0 -9999.0 -9999.0 -9999.0 -9999.0 -9999.0 -9999.0 -9999.0 -9999.0 -9999.0 -9999.0 -9999.0 -9999.0 -9999.0 -9999.0 -9999.0 -9999.0 -9999.0 -9999.0 -9999.0 -9999.0 -9999.0 -9999.0 0.179519 0.181332 0.182158 0.182949 0.184138 0.183745 0.183409 0.184284 0.183500 0.183451 0.182468 0.180662 0.178872 0.177879 0.178927 0.178580 0.178584 0.179497 0.180075 0.180303 0.181609 0.183725 0.182689 0.183214 0.182919 0.181972 0.182873 0.183607 0.184078
-9999.0 -9999.0 -9999.0 -9999.0 -9999.0 -9999.0 -9999.0 -9999.0 -9999.0 -9999.0 -9999.0 -9999.0 -9999.0 -9999.0 -9999.0 -9999.0 -9999.0 -9999.0 -9999.0 -9999.0 -9999.0 -9999.0 -9999.0 -9999.0 -9999.0 -9999.0 -9999.0 -9999.0 0.182246 0.181526 0.180977 0.181011 0.180757 0.179778 0.179524 0.179706 0.180681 0.182264 0.182534 0.182338 0.182461 0.182081 0.181010 0.180900 0.182078 0.180977 0.180451 0.179734 0.177951 0.177519 0.178538 0.179519 0.180372 0.180582 0.180707 0.180715 0.180852 0.183535 0.184219 0.182738 0.181930 0.181566 0.181793
-9999.0 -9999.0 -9999.0 -9999.0 -9999.0 -9999.0 -9999.0 -9999.0 -9999.0 -9999.0 -9999.0 -9999.0 -9999.0 -9999.0 -9999.0 -9999.0 -9999.0 -9999.0 -9999.0 -9999.0 -9999.0 -9999.0 -9999.0 0.180994 0.181657 0.181907 0.182491 0.182191 0.180790 0.179903 0.179520 0.179205 0.178470 0.178382 0.178365 0.178835 0.179185 0.180826 0.180005 0.179478 0.180901 0.180553 0.181486 0.182565 0.182310 0.182535 0.180541 0.179069 0.180618 0.181247 0.181169 0.180812 0.181312 0.181996 0.182859 0.184359 0.186282 0.187915 0.190588 0.188788 0.187499 0.185277 0.185509
-9999.0 -9999.0 -9999.0 -9999.0 -9999.0 -9999.0 -9999.0 -9999.0 -9999.0 -9999.0 -9999.0 -9999.0 -9999.0 -9999.0 -9999.0 -9999.0 -9999.0 -9999.0 -9999.0 0.181034 0.180829 0.180424 0.180582 0.179267 0.178713 0.179087 0.179794 0.179374 0.178617 0.177965 0.178043 0.178130 0.177966 0.178957 0.179763 0.180029 0.179809 0.181103 0.181488 0.182232 0.184212 0.182901 0.181626 0.180961 0.180906 0.180538 0.181722 0.182081 0.182184 0.182062 0.182081 0.182356 0.182508 0.184108 0.185611 0.186882 0.188113 0.189803 0.192962 0.191650 0.189201 0.186660 0.186702
-9999.0 -9999.0 -9999.0 -9999.0 -9999.0 -9999.0 -9999.0 -9999.0 -9999.0 -9999.0 -9999.0 -9999.0 -9999.0 -9999.0 -9999.0 -9999.0 0.180854 0.180742 0.180244 0.179442 0.178744 0.178729 0.179267 0.178292 0.177970 0.178187 0.177759 0.178239 0.178759 0.179385 0.179666 0.178961 0.179087 0.178983 0.178896 0.179216 0.180672 0.182027 0.182312 0.183299 0.185106 0.184043 0.183592 0.183642 0.182981 0.183537 0.186270 0.185814 0.184608 0.187503 0.189044 0.188454 0.188138 0.190019 0.192941 0.196836 0.203466 0.208315 0.214178 0.216915 0.211667 0.210868 0.212765
-9999.0 -9999.0 -9999.0 -9999.0 -9999.0 -9999.0 -9999.0 -9999.0 -9999.0 -9999.0 -9999.0 -9999.0 -9999.0 0.180610 0.180509 0.180651 0.179393 0.178418 0.177830 0.177012 0.178056 0.177305 0.177067 0.177245 0.178176 0.178193 0.178297 0.178888 0.178683 0.178391 0.178108 0.177525 0.178307 0.179089 0.179628 0.180777 0.181663 0.182362 0.183686 0.183913 0.184822 0.184460 0.183349 0.183102 0.183953 0.186507 0.188493 0.189192 0.192900 0.196920 0.198915 0.201533 0.202822 0.204641 0.209292 0.223886 0.245735 0.269814 0.285139 0.297474 0.299144 0.301559 0.303640
-9999.0 -9999.0 -9999.0 -9999.0 -9999.0 -9999.0 -9999.0 -9999.0 -9999.0 -9999.0 0.178618 0.179268 0.178312 0.176563 0.175802 0.176199 0.176618 0.175962 0.175979 0.177818 0.178835 0.177091 0.178286 0.178302 0.177555 0.177739 0.178223 0.178297 0.179447 0.179482 0.179486 0.181392 0.181882 0.182408 0.183141 0.183938 0.184640 0.187689 0.190368 0.190286 0.194151 0.196674 0.194595 0.193863 0.194449 0.197413 0.202474 0.210264 0.218868 0.232497 0.246986 0.258313 0.267590 0.278802 0.291827 0.308312 0.324120 0.336175 0.345729 0.350500 0.352281 0.353100 0.354258
-9999.0 -9999.0 -9999.0 -9999.0 -9999.0 -9999.0 -9999.0 -9999.0 0.176049 0.177054 0.177695 0.176895 0.175829 0.173918 0.174640 0.175352 0.175834 0.176556 0.176899 0.177182 0.176732 0.177355 0.178524 0.178197 0.178318 0.179086 0.179098 0.179793 0.180873 0.180351 0.180941 0.181952 0.182848 0.183649 0.184622 0.185203 0.188366 0.192750 0.197719 0.202262 0.209100 0.218404 0.218489 0.220340 0.222530 0.237273 0.261432 0.289128 0.307346 0.319916 0.331675 0.337685 0.341549 0.345995 0.350798 0.354439 0.359005 0.363334 0.366288 0.367660 0.368225 0.368375 0.368644
-9999.0 -9999.0 -9999.0 -9999.0 -9999.0 -9999.0 0.174553 0.176773 0.177863 0.175346 0.173454 0.172830 0.171717 0.174145 0.176337 0.176751 0.177072 0.177457 0.177228 0.175772 0.179170 0.178221 0.177533 0.178578 0.178482 0.178559 0.179211 0.180726 0.181399 0.184507 0.186842 0.188909 0.191733 0.193537 0.195492 0.197856 0.204471 0.215666 0.232746 0.254262 0.278744 0.300191 0.307367 0.310772 0.314496 0.321408 0.333257 0.344213 0.353936 0.360420 0.363762 0.364972 0.365904 0.366795 0.367667 0.368388 0.368995 0.369498 0.369760 0.369912 0.369959 0.369969 0.369987
-9999.0 -9999.0 -9999.0 -9999.0 0.175756 0.176248 0.175843 0.177796 0.179174 0.176093 0.177196 0.176662 0.175668 0.174457 0.173022 0.174055 0.174650 0.175049 0.174858 0.178162 0.181024 0.179143 0.180590 0.183452 0.182802 0.183109 0.183251 0.184585 0.187078 0.190346 0.198157 0.206070 0.212278 0.220404 0.229608 0.244026 0.270066 0.298917 0.316402 0.330777 0.342305 0.349928 0.354140 0.356223 0.358479 0.360807 0.363387 0.366067 0.367999 0.369221 0.369659 0.369804 0.369856 0.369904 0.369944 0.369977 0.369999 0.370000 0.369999 0.370000 0.370000 0.370000 0.370000
-9999.0 -9999.0 -9999.0 0.174429 0.176601 0.177406 0.176351 0.176747 0.178435 0.176791 0.176486 0.176220 0.176069 0.176105 0.175986 0.176600 0.176703 0.176214 0.176655 0.178647 0.179572 0.181257 0.182568 0.184643 0.186457 0.187159 0.188168 0.190853 0.197878 0.206961 0.226501 0.261586 0.292543 0.308052 0.316444 0.326698 0.336122 0.347558 0.355919 0.361468 0.365182 0.367193 0.368380 0.368876 0.369094 0.369282 0.369602 0.369811 0.369931 0.369997 0.370000 0.370000 0.370000 0.370000 0.370000 0.370000 0.370000 0.370000 0.370000 0.370000 0.370000 0.370000 0.370000
-9999.0 -9999.0 0.174813 0.176045 0.175201 0.176768 0.178524 0.177278 0.179395 0.180104 0.177963 0.179201 0.179851 0.178533 0.179404 0.180384 0.180845 0.179185 0.177993 0.180402 0.185729 0.190325 0.192996 0.205602 0.214026 0.219963 0.223142 0.234058 0.255492 0.292522 0.317514 0.337564 0.350517 0.357768 0.360190 0.362578 0.365310 0.367260 0.368674 0.369391 0.369751 0.369905 0.369973 0.369999 0.369999 0.369997 0.370000 0.370000 0.370000 0.370000 0.370000 0.370000 0.370000 0.370000 0.370000 0.370000 0.370000 0.370000 0.370000 0.370000 0.370000 0.370000 0.370000
-9999.0 -9999.0 0.173414 0.175441 0.174045 0.177291 0.180343 0.177375 0.178293 0.181490 0.180626 0.181012 0.180657 0.180907 0.182355 0.185320 0.183753 0.183165 0.179924 0.187757 0.195417 0.210662 0.247806 0.289589 0.310829 0.314331 0.316437 0.323524 0.333902 0.349229 0.360793 0.366794 0.368872 0.369500 0.369681 0.369809 0.369924 0.369996 0.369999 0.370000 0.370000 0.370000 0.370000 0.370000 0.370000 0.370000 0.370000 0.370000 0.370000 0.370000 0.370000 0.370000 0.370000 0.370000 0.370000 0.370000 0.370000 0.370000 0.370000 0.370000 0.370000 0.370000 0.370000
-9999.0 0.172953 0.173963 0.174037 0.176132 0.175491 0.178030 0.181763 0.181576 0.182928 0.182980 0.180886 0.188743 0.196115 0.198811 0.205867 0.202871 0.200684 0.196277 0.206126 0.228472 0.293006 0.343454 0.357696 0.362252 0.362756 0.362354 0.363968 0.366241 0.368437 0.369806 0.369998 0.370000 0.370000 0.370000 0.370000 0.370000 0.370000 0.370000 0.370000 0.370000 0.370000 0.370000 0.370000 0.370000 0.370000 0.370000 0.370000 0.370000 0.370000 0.370000 0.370000 0.370000 0.370000 0.370000 0.370000 0.370000 0.370000 0.370000 0.369999 0.369999 0.369998 0.369998
-9999.0 0.169933 0.173853 0.176232 0.175340 0.173746 0.179559 0.188697 0.185388 0.184391 0.184125 0.190493 0.212310 0.239165 0.263206 0.289153 0.288052 0.279335 0.281047 0.303382 0.328817 0.355103 0.368307 0.369792 0.369718 0.369736 0.369777 0.369898 0.369974 0.369997 0.370000 0.370000 0.370000 0.370000 0.370000 0.370000 0.370000 0.370000 0.370000 0.370000 0.370000 0.370000 0.370000 0.370000 0.370000 0.370000 0.370000 0.370000 0.370000 0.370000 0.370000 0.370000 0.369999 0.369999 0.369999 0.369999 0.369997 0.369991 0.369982 0.369967 0.369945 0.369929 0.369929
-9999.0 0.173093 0.177649 0.176493 0.172816 0.178345 0.180695 0.187136 0.192504 0.191123 0.200404 0.238095 0.295059 0.326458 0.341526 0.348393 0.352244 0.352136 0.357404 0.364997 0.369266 0.369997 0.370000 0.370000 0.370000 0.369999 0.369998 0.369998 0.369998 0.369999 0.370000 0.370000 0.370000 0.370000 0.370000 0.370000 0.370000 0.370000 0.370000 0.370000 0.370000 0.370000 0.370000 0.370000 0.370000 0.370000 0.370000 0.369999 0.369998 0.369994 0.369991 0.369987 0.369984 0.369980 0.369974 0.369964 0.369934 0.369878 0.369787 0.369669 0.369508 0.369308 0.369316
-9999.0 0.168000 0.174286 0.169042 0.176629 0.183316 0.182372 0.193589 0.209243 0.217182 0.276572 0.320614 0.349090 0.360462 0.365331 0.368083 0.369048 0.369584 0.369884 0.369983 0.370000 0.370000 0.370000 0.370000 0.370000 0.369999 0.369996 0.369985 0.369978 0.369978 0.369990 0.369999 0.370000 0.370000 0.370000 0.370000 0.370000 0.369999 0.369999 0.369998 0.369996 0.369995 0.369995 0.369996 0.369994 0.369988 0.369980 0.369967 0.369945 0.369913 0.369873 0.369828 0.369803 0.369755 0.369740 0.369668 0.369273 0.368801 0.368222 0.367446 0.366374 0.364504 0.364287
-9999.0 0.164341 0.168673 0.172077 0.178809 0.183742 0.189208 0.202535 0.241874 0.294775 0.330261 0.344499 0.359140 0.366706 0.369278 0.369735 0.369857 0.369891 0.369930 0.369959 0.369966 0.369999 0.370000 0.370000 0.369997 0.369988 0.369966 0.369932 0.369914 0.369926 0.369944 0.369965 0.369980 0.369983 0.369980 0.369974 0.369975 0.369965 0.369950 0.369931 0.369909 0.369876 0.369848 0.369830 0.369804 0.369783 0.369703 0.369568 0.369388 0.369202 0.368980 0.368774 0.368693 0.368528 0.368295 0.367824 0.366104 0.363568 0.360727 0.356881 0.349120 0.345010 0.342168
-9999.0 0.156525 0.170217 0.172034 0.176028 0.177249 0.178470 0.187242 0.204090 0.287583 0.352524 0.356048 0.359800 0.364655 0.368542 0.369671 0.369735 0.369343 0.368827 0.368589 0.368953 0.369462 0.369702 0.369845 0.369860 0.369851 0.369812 0.369726 0.369589 0.369529 0.369536 0.369500 0.369482 0.369512 0.369481 0.369528 0.369559 0.369408 0.369159 0.368769 0.368312 0.367888 0.367711 0.367713 0.367638 0.367420 0.366914 0.366146 0.365033 0.363831 0.362748 0.361918 0.361038 0.359741 0.358133 0.356180 0.350431 0.344279 0.336761 0.324550 0.306659 0.290965 0.282898
-9999.0 -9999.0 0.163844 0.172049 0.173164 0.174468 0.175705 0.182276 0.190166 0.225370 0.286346 0.318188 0.334479 0.347123 0.359245 0.365020 0.365579 0.366088 0.363500 0.363613 0.364474 0.365464 0.366558 0.367427 0.367948 0.368177 0.368279 0.368170 0.367764 0.367024 0.365984 0.365037 0.364365 0.363817 0.364548 0.365480 0.365320 0.364662 0.363415 0.361450 0.359463 0.357155 0.356481 0.356674 0.356621 0.355949 0.354734 0.351751 0.348298 0.344326 0.342237 0.340121 0.337943 0.333993 0.329739 0.324766 0.315288 0.304696 0.287887 0.254750 0.226801 0.210203 0.202731
-9999.0 -9999.0 0.155234 0.167739 0.173436 0.177529 0.176956 0.177840 0.187500 0.192947 0.202616 0.220794 0.246153 0.281245 0.302470 0.320855 0.327874 0.331032 0.331128 0.334725 0.341435 0.347201 0.350830 0.353972 0.356549 0.358353 0.359729 0.358029 0.356039 0.352653 0.347704 0.341237 0.337300 0.334915 0.336496 0.339172 0.337488 0.333841 0.328578 0.322189 0.317270 0.312462 0.311137 0.310695 0.310629 0.309577 0.308011 0.303072 0.295467 0.288395 0.281974 0.275991 0.272104 0.264529 0.255248 0.248313 0.234718 0.221982 0.212382 0.203948 0.196365 0.192668 0.189632
-9999.0 -9999.0 -9999.0 0.156515 0.164399 0.170604 0.173126 0.169914 0.172571 0.177430 0.181094 0.186971 0.191017 0.195889 0.204065 0.216453 0.224375 0.227106 0.227506 0.247287 0.262511 0.286802 0.302361 0.307585 0.312809 0.317989 0.319486 0.315777 0.312195 0.305914 0.294023 0.276219 0.263979 0.263367 0.263497 0.265881 0.261420 0.256609 0.247212 0.238053 0.230174 0.224682 0.222666 0.220869 0.219944 0.218520 0.217080 0.214159 0.210992 0.208284 0.206058 0.205396 0.204738 0.203581 0.202142 0.201142 0.199664 0.195298 0.192263 0.189524 0.186857 0.184610 0.182589
-9999.0 -9999.0 -9999.0 -9999.0 -9999.0 0.151732 0.167151 0.170367 0.170661 0.169593 0.171214 0.177373 0.176588 0.177573 0.180348 0.181977 0.182694 0.184645 0.188791 0.192950 0.198604 0.203749 0.211389 0.219183 0.224060 0.230150 0.232433 0.227612 0.223272 0.217251 0.209220 0.202532 0.201755 0.202181 0.202429 0.202240 0.201157 0.200349 0.199215 0.196688 0.194485 0.193987 0.193644 0.193204 0.192715 0.192349 0.192034 0.191879 0.190542 0.189317 0.189935 0.189699 0.189551 0.189622 0.189043 0.188751 0.188910 0.185914 0.184212 0.184717 0.182131 0.180429 0.180815
-9999.0 -9999.0 -9999.0 -9999.0 -9999.0 -9999.0 0.149997 0.159631 0.167449 0.169702 0.173157 0.175868 0.172364 0.173703 0.175111 0.176568 0.178846 0.178843 0.179817 0.181338 0.183510 0.184754 0.187386 0.191026 0.191245 0.192282 0.194292 0.192086 0.190896 0.190198 0.186212 0.186636 0.186066 0.186485 0.186642 0.187046 0.186552 0.186090 0.185837 0.184153 0.184050 0.183621 0.183463 0.183297 0.183125 0.183048 0.183074 0.183140 0.182139 0.182715 0.182967 0.182702 0.182585 0.182783 0.182548 0.182097 0.182238 0.181019 0.180817 0.180808 0.178786 0.178781 0.178658
