tests/Borden05m/sims/sim_1/output-maps/thetaliqL0002N0003.asc
ncols         160
nrows         34
xllcorner     620200.000000
yllcorner     5168000.000000
cellsize      0.500000
NODATA_value  -9999.0
[rows 0 to 27 of 34, columns 63 to 125 of 160]
-9999.0 -9999.0 -9999.0 -9999.0 -9999.0 -9999.0 -9999.0 -9999.0 -9999.0 -9999.0 -9999.0 -9999.0 -9999.0 -9999.0 -9999.0 -9999.0 -9999.0 -9999.0 -9999.0 -9999.0 -9999.0 -9999.0 -9999.0 -9999.0 -9999.0 -9999.0 -9999.0 -9999.0 -9999.0 -9999.0 -9999.0 -9999.0 -9999.0 -9999.0 -9999.0 -9999.0 -9999.0 -9999.0 -9999.0 -9999.0 -9999.0 -9999.0 -9999.0 -9999.0 -9999.0 -9999.0 -9999.0 -9999.0 -9999.0 -9999.0 -9999.0 -9999.0 -9999.0 -9999.0 -9999.0 -9999.0 -9999.0 -9999.0 -9999.0 -9999.0 -9999.0 -9999.0 -9999.0
0.215319 0.213999 0.212337 0.212177 0.212446 0.212130 0.211360 0.212243 0.213337 0.214231 0.215608 0.215209 0.215323 0.215866 0.216018 0.215790 0.215167 0.214808 0.214354 0.215206 0.213241 0.210699 0.208759 0.208395 0.210172 0.211166 0.210868 0.211729 0.213677 0.215273 0.215604 0.217546 0.216944 0.217672 0.219090 0.217989 0.217824 0.218131 0.218764 0.215817 -9999.0 -9999.0 -9999.0 -9999.0 -9999.0 -9999.0 -9999.0 -9999.0 -9999.0 -9999.0 -9999.0 -9999.0 -9999.0 -9999.0 -9999.0 -9999.0 -9999.0 -9999.0 -9999.0 -9999.0 -9999.0 -9999.0 -9999.0
0.211228 0.209198 0.208823 0.207286 0.206597 0.206423 0.205757 0.206171 0.208718 0.210484 0.210905 0.210412 0.210132 0.209499 0.209085 0.209249 0.208651 0.208121 0.207539 0.207779 0.209585 0.207696 0.206794 0.205850 0.204756 0.205105 0.205392 0.205474 0.207829 0.208586 0.209026 0.212150 0.215070 0.215736 0.214443 0.213137 0.213636 0.213707 0.212619 0.211613 0.211941 0.211494 0.211369 0.210227 0.211994 0.211768 0.213628 0.215107 0.216815 0.219569 -9999.0 -9999.0 -9999.0 -9999.0 -9999.0 -9999.0 -9999.0 -9999.0 -9999.0 -9999.0 -9999.0 -9999.0 -9999.0
0.208310 0.207668 0.206171 0.203753 0.206387 0.205982 0.205700 0.206115 0.206919 0.207267 0.207631 0.208132 0.210396 0.210126 0.209905 0.210044 0.209673 0.208961 0.209086 0.208734 0.206771 0.207132 0.207634 0.207155 0.209068 0.209122 0.210316 0.206878 0.207394 0.208075 0.208482 0.208669 0.208938 0.209479 0.207985 0.209174 0.208150 0.205733 0.205384 0.205849 0.208222 0.209462 0.208229 0.203482 0.205952 0.211155 0.210559 0.209529 0.211886 0.214150 0.217650 0.217043 0.216717 0.217134 0.217943 0.215146 0.213559 0.212517 0.208391 -9999.0 -9999.0 -9999.0 -9999.0
0.208262 0.206571 0.204435 0.208564 0.210108 0.209065 0.209503 0.210719 0.210864 0.205678 0.204348 0.206218 0.208134 0.208900 0.207909 0.207438 0.206511 0.206563 0.207176 0.206679 0.207492 0.208140 0.207108 0.208322 0.209718 0.211196 0.208048 0.205251 0.205453 0.207817 0.209468 0.210167 0.212456 0.216260 0.215591 0.214825 0.214664 0.214683 0.210357 0.206354 0.204772 0.204091 0.202905 0.204024 0.203051 0.207230 0.206811 0.206065 0.207944 0.209269 0.211050 0.212365 0.212117 0.212662 0.213427 0.212806 0.210905 0.210084 0.209721 0.208167 0.204677 0.197764 0.198276
0.203628 0.203598 0.207109 0.208760 0.211873 0.210407 0.210428 0.210284 0.206946 0.204544 0.202834 0.207958 0.211963 0.213122 0.211829 0.210652 0.214333 0.213218 0.212872 0.210690 0.211436 0.210820 0.214570 0.215864 0.217850 0.217026 0.213277 0.210162 0.210106 0.210469 0.210043 0.210844 0.213041 0.215904 0.213562 0.212847 0.213625 0.207267 0.202479 0.201006 0.204942 0.207227 0.206891 0.207346 0.207670 0.204904 0.205605 0.205928 0.204534 0.207600 0.210669 0.210927 0.208150 0.207240 0.208643 0.208569 0.209053 0.208032 0.206872 0.206174 0.199715 0.202082 0.198503
0.210518 0.211687 0.213176 0.216181 0.222644 0.220589 0.220655 0.222903 0.219306 0.216105 0.210856 0.216840 0.217769 0.219319 0.218504 0.222547 0.226117 0.223467 0.220164 0.216048 0.218356 0.223266 0.227700 0.228343 0.228564 0.229345 0.225992 0.225558 0.225242 0.226043 0.223881 0.224026 0.227417 0.233491 0.234367 0.232207 0.227165 0.218812 0.211165 0.207173 0.212982 0.211395 0.210749 0.211920 0.208695 0.206962 0.210111 0.207560 0.205603 0.209912 0.210180 0.209439 0.205806 0.210206 0.209637 0.206329 0.204289 0.203365 0.202679 0.201104 0.202882 0.201971 0.199017
0.211420 0.212294 0.216579 0.222236 0.228419 0.230687 0.232288 0.236334 0.233780 0.231292 0.227962 0.229152 0.233564 0.237114 0.240896 0.245110 0.250337 0.247195 0.243074 0.242629 0.243516 0.250147 0.255532 0.256841 0.257516 0.260599 0.258785 0.255654 0.251917 0.248090 0.244619 0.241112 0.247645 0.254023 0.253861 0.244196 0.237995 0.229514 0.220797 0.210718 0.211987 0.214487 0.216856 0.212961 0.211518 0.208251 0.207848 0.208602 0.204558 0.206970 0.207297 0.210065 0.214511 0.215768 0.212084 0.210328 0.208268 0.205993 0.204127 0.205896 0.206631 0.204729 0.202751
0.242085 0.242121 0.244605 0.254683 0.269504 0.281904 0.295616 0.298015 0.291291 0.285437 0.277091 0.272065 0.278076 0.283750 0.290693 0.299835 0.308560 0.314683 0.315297 0.315697 0.316856 0.317791 0.320198 0.323911 0.328121 0.332784 0.334988 0.330788 0.325421 0.318609 0.311209 0.307449 0.303466 0.304997 0.305155 0.296267 0.282905 0.270767 0.257051 0.246161 0.237983 0.241915 0.237599 0.234096 0.230191 0.219199 0.217054 0.216038 0.206383 0.205617 0.208765 0.212879 0.216238 0.210651 0.208580 0.206780 0.204676 0.201735 0.203420 0.205494 0.206255 0.205724 0.205781
0.288520 0.291568 0.297186 0.316978 0.337055 0.355054 0.367082 0.368945 0.367114 0.361743 0.354886 0.348710 0.347861 0.355035 0.365234 0.369643 0.369903 0.369936 0.369938 0.369940 0.369943 0.369949 0.369952 0.369960 0.369970 0.369981 0.369990 0.369988 0.369973 0.369955 0.369918 0.369874 0.369735 0.368971 0.368264 0.367105 0.356498 0.342465 0.325600 0.304552 0.287948 0.276916 0.269307 0.263123 0.246646 0.233598 0.223509 0.216150 0.208243 0.207633 0.219275 0.230435 0.225137 0.223819 0.221331 0.216533 0.212767 0.207418 0.208651 0.209809 0.209296 0.208638 0.207806
0.363796 0.367917 0.369681 0.369913 0.369986 0.369999 0.370000 0.370000 0.370000 0.370000 0.369999 0.369997 0.369996 0.369998 0.370000 0.370000 0.370000 0.370000 0.370000 0.370000 0.370000 0.370000 0.370000 0.370000 0.370000 0.370000 0.370000 0.370000 0.370000 0.370000 0.370000 0.370000 0.370000 0.370000 0.370000 0.370000 0.370000 0.369996 0.369964 0.369468 0.356870 0.340692 0.333090 0.326154 0.320326 0.299767 0.288136 0.272574 0.256359 0.241390 0.257121 0.250257 0.246896 0.242253 0.234891 0.229116 0.224070 0.218120 0.218069 0.218596 0.217523 0.217446 0.216296
0.370000 0.370000 0.370000 0.370000 0.370000 0.370000 0.370000 0.370000 0.370000 0.370000 0.370000 0.370000 0.370000 0.370000 0.370000 0.370000 0.370000 0.370000 0.370000 0.370000 0.370000 0.370000 0.370000 0.370000 0.370000 0.370000 0.370000 0.370000 0.370000 0.370000 0.370000 0.370000 0.370000 0.370000 0.370000 0.370000 0.370000 0.370000 0.370000 0.370000 0.369999 0.369992 0.369979 0.369962 0.369938 0.369857 0.368900 0.356759 0.335377 0.312051 0.294394 0.287272 0.281587 0.269959 0.258529 0.251631 0.240173 0.230224 0.224698 0.224848 0.224686 0.223730 0.221646
0.370000 0.370000 0.370000 0.370000 0.370000 0.370000 0.370000 0.370000 0.370000 0.370000 0.370000 0.370000 0.370000 0.370000 0.370000 0.370000 0.370000 0.370000 0.370000 0.370000 0.370000 0.370000 0.370000 0.370000 0.370000 0.370000 0.370000 0.370000 0.370000 0.370000 0.370000 0.370000 0.370000 0.370000 0.370000 0.370000 0.370000 0.370000 0.370000 0.370000 0.370000 0.370000 0.370000 0.370000 0.370000 0.370000 0.370000 0.369999 0.369988 0.369826 0.363891 0.351505 0.341335 0.328440 0.318317 0.310014 0.288205 0.269902 0.257820 0.254757 0.247316 0.240769 0.236830
0.370000 0.370000 0.370000 0.370000 0.370000 0.370000 0.370000 0.370000 0.370000 0.370000 0.370000 0.370000 0.370000 0.370000 0.370000 0.370000 0.370000 0.370000 0.370000 0.370000 0.370000 0.370000 0.370000 0.370000 0.370000 0.370000 0.370000 0.370000 0.370000 0.370000 0.370000 0.370000 0.370000 0.370000 0.370000 0.370000 0.370000 0.370000 0.370000 0.370000 0.370000 0.370000 0.370000 0.370000 0.370000 0.370000 0.370000 0.370000 0.370000 0.370000 0.370000 0.369997 0.369990 0.369979 0.369953 0.369744 0.360929 0.336508 0.315225 0.298541 0.282942 0.272612 0.264405
0.370000 0.370000 0.370000 0.370000 0.370000 0.370000 0.370000 0.370000 0.370000 0.370000 0.370000 0.370000 0.370000 0.370000 0.370000 0.370000 0.370000 0.370000 0.370000 0.370000 0.370000 0.370000 0.370000 0.370000 0.370000 0.370000 0.370000 0.370000 0.370000 0.370000 0.370000 0.370000 0.370000 0.370000 0.370000 0.370000 0.370000 0.370000 0.370000 0.370000 0.370000 0.370000 0.370000 0.370000 0.370000 0.370000 0.370000 0.370000 0.370000 0.370000 0.370000 0.370000 0.370000 0.370000 0.370000 0.370000 0.370000 0.369979 0.369667 0.359676 0.339823 0.322205 0.304924
0.370000 0.370000 0.370000 0.370000 0.370000 0.370000 0.370000 0.370000 0.370000 0.370000 0.370000 0.370000 0.370000 0.370000 0.370000 0.370000 0.370000 0.370000 0.370000 0.370000 0.370000 0.370000 0.370000 0.370000 0.370000 0.370000 0.370000 0.370000 0.370000 0.370000 0.370000 0.370000 0.370000 0.370000 0.370000 0.370000 0.370000 0.370000 0.370000 0.370000 0.370000 0.370000 0.370000 0.370000 0.370000 0.370000 0.370000 0.370000 0.370000 0.370000 0.370000 0.370000 0.370000 0.370000 0.370000 0.370000 0.370000 0.370000 0.370000 0.369999 0.369979 0.369761 0.363084
0.370000 0.370000 0.370000 0.370000 0.370000 0.370000 0.370000 0.370000 0.370000 0.370000 0.370000 0.370000 0.370000 0.370000 0.370000 0.370000 0.370000 0.370000 0.370000 0.370000 0.370000 0.370000 0.370000 0.370000 0.370000 0.370000 0.370000 0.370000 0.370000 0.370000 0.370000 0.370000 0.370000 0.370000 0.370000 0.370000 0.370000 0.370000 0.370000 0.370000 0.370000 0.370000 0.370000 0.370000 0.370000 0.370000 0.370000 0.370000 0.370000 0.370000 0.370000 0.370000 0.370000 0.370000 0.370000 0.370000 0.370000 0.370000 0.370000 0.370000 0.370000 0.370000 0.370000
0.370000 0.370000 0.370000 0.370000 0.370000 0.370000 0.370000 0.370000 0.370000 0.370000 0.370000 0.370000 0.370000 0.370000 0.370000 0.370000 0.370000 0.370000 0.370000 0.370000 0.370000 0.370000 0.370000 0.370000 0.369999 0.369999 0.369999 0.370000 0.370000 0.370000 0.370000 0.370000 0.370000 0.370000 0.370000 0.370000 0.370000 0.370000 0.370000 0.370000 0.370000 0.370000 0.370000 0.370000 0.370000 0.370000 0.370000 0.370000 0.370000 0.370000 0.370000 0.370000 0.370000 0.370000 0.370000 0.370000 0.370000 0.370000 0.370000 0.370000 0.370000 0.370000 0.370000
0.370000 0.370000 0.370000 0.370000 0.370000 0.370000 0.370000 0.370000 0.369998 0.369996 0.369993 0.369990 0.369986 0.369971 0.369933 0.369765 0.368516 0.365740 0.364486 0.368425 0.369284 0.368693 0.365287 0.359768 0.356255 0.354720 0.358324 0.367482 0.369781 0.369932 0.369956 0.369950 0.369964 0.369973 0.369974 0.369989 0.369997 0.370000 0.370000 0.370000 0.370000 0.370000 0.370000 0.370000 0.370000 0.370000 0.370000 0.370000 0.370000 0.370000 0.370000 0.370000 0.370000 0.370000 0.370000 0.370000 0.370000 0.370000 0.370000 0.370000 0.370000 0.370000 0.370000
0.370000 0.370000 0.370000 0.369997 0.369962 0.369793 0.366900 0.359821 0.355263 0.345991 0.340165 0.335568 0.335002 0.327211 0.315949 0.305036 0.299567 0.296961 0.292032 0.292324 0.295297 0.299419 0.292967 0.289040 0.289649 0.287773 0.286871 0.294435 0.306457 0.313273 0.318027 0.321029 0.321836 0.322634 0.333111 0.340273 0.349205 0.363516 0.369723 0.369964 0.369993 0.369999 0.370000 0.370000 0.370000 0.370000 0.370000 0.370000 0.370000 0.370000 0.370000 0.370000 0.370000 0.370000 0.370000 0.370000 0.370000 0.370000 0.370000 0.370000 0.370000 0.370000 0.370000
0.369989 0.369962 0.369323 0.348544 0.326636 0.312895 0.297183 0.290340 0.282020 0.268932 0.261292 0.262619 0.266095 0.263853 0.257243 0.252277 0.249270 0.246106 0.241110 0.238027 0.241593 0.244655 0.244427 0.244478 0.245787 0.245566 0.244765 0.243310 0.248342 0.251173 0.254382 0.256481 0.256971 0.267344 0.276740 0.282202 0.291256 0.302099 0.317909 0.333325 0.345555 0.356016 0.368257 0.369886 0.369984 0.369999 0.370000 0.370000 0.370000 0.370000 0.370000 0.370000 0.370000 0.370000 0.370000 0.370000 0.370000 0.370000 0.370000 0.370000 0.370000 0.370000 0.370000
0.342881 0.328416 0.303809 0.279079 0.266899 0.258580 0.251095 0.244312 0.236406 0.228995 0.224108 0.228300 0.230112 0.233910 0.229155 0.225579 0.225237 0.221857 0.218973 0.214557 0.218219 0.219483 0.223731 0.223120 0.223068 0.224977 0.223947 0.223539 0.220362 0.223057 0.224198 0.225562 0.232590 0.238739 0.244887 0.249763 0.255026 0.262024 0.270993 0.280834 0.291845 0.300637 0.311755 0.326973 0.341366 0.357207 0.369498 0.369955 0.369994 0.370000 0.370000 0.370000 0.370000 0.370000 0.370000 0.370000 0.370000 0.370000 0.370000 0.370000 0.370000 0.370000 0.370000
0.265422 0.254840 0.239507 0.234531 0.231577 0.226868 0.223498 0.221005 0.215973 0.212653 0.206786 0.209262 0.212437 0.217236 0.213341 0.213019 0.214103 0.212008 0.209833 0.205949 0.206505 0.209546 0.213218 0.212835 0.213487 0.215641 0.215724 0.214019 0.210433 0.211152 0.213160 0.214956 0.218798 0.222215 0.225539 0.228288 0.232451 0.237405 0.242731 0.249634 0.257945 0.262933 0.271708 0.282408 0.292557 0.300007 0.313300 0.331959 0.344995 0.360323 0.369607 0.369947 0.369996 0.370000 0.370000 0.370000 0.370000 0.370000 0.370000 0.370000 0.370000 0.370000 0.370000
0.222013 0.216286 0.215213 0.213778 0.211560 0.209724 0.207613 0.205679 0.204202 0.201513 0.195628 0.198171 0.201534 0.205452 0.205628 0.205266 0.205690 0.204907 0.202301 0.197486 0.199526 0.202330 0.204849 0.205554 0.205958 0.207586 0.206381 0.203975 0.200459 0.201902 0.204437 0.205670 0.207227 0.209659 0.212238 0.214756 0.217698 0.220597 0.224715 0.229379 0.234702 0.240648 0.247268 0.255528 0.258373 0.262645 0.267109 0.275626 0.284516 0.296109 0.311631 0.327675 0.349957 0.369543 0.369987 0.370000 0.370000 0.370000 0.370000 0.370000 0.370000 0.370000 0.370000
0.212654 0.209034 0.206960 0.205319 0.206745 0.206093 0.203478 0.203916 0.202655 0.197840 0.199823 0.201214 0.205236 0.204333 0.204098 0.203146 0.203865 0.203303 0.198504 0.201069 0.202047 0.204763 0.205097 0.205586 0.205965 0.206427 0.205879 0.202468 0.203243 0.204063 0.206493 0.206338 0.207122 0.209803 0.210311 0.211725 0.213848 0.216073 0.218750 0.222052 0.226896 0.231879 0.236731 0.237580 0.240718 0.243327 0.239375 0.244900 0.249443 0.254096 0.262503 0.271328 0.285824 0.311527 0.341941 0.368834 0.369962 0.370000 0.370000 0.370000 0.370000 0.370000 0.370000
0.203651 0.200822 0.197826 0.199855 0.200281 0.200287 0.199850 0.199019 0.196941 0.199724 0.200078 0.199841 0.199500 0.199462 0.199798 0.199323 0.199050 0.199228 0.201293 0.201545 0.200831 0.201503 0.202001 0.202589 0.201743 0.201914 0.201974 0.202736 0.202625 0.202013 0.203142 0.203388 0.203609 0.204629 0.205262 0.206095 0.207873 0.209109 0.210723 0.213875 0.217852 0.220459 0.220364 0.222530 0.223440 0.221303 0.219526 0.222472 0.225276 0.227308 0.233007 0.238394 0.243279 0.260748 0.282642 0.309948 0.335380 0.360939 0.369748 0.369985 0.370000 0.370000 0.370000
0.201342 0.198796 0.198475 0.200007 0.200241 0.200310 0.198716 0.197210 0.198916 0.199546 0.199445 0.198784 0.199473 0.199738 0.200637 0.199769 0.199347 0.199598 0.199802 0.199644 0.200264 0.200672 0.200984 0.203079 0.201883 0.201769 0.202502 0.202164 0.201914 0.201300 0.202649 0.203059 0.203091 0.204180 0.204740 0.205345 0.206246 0.207871 0.211261 0.213693 0.217039 0.220299 0.220647 0.221067 0.220125 0.219428 0.215510 0.215380 0.219365 0.218143 0.220827 0.225781 0.225145 0.235955 0.251227 0.261143 0.275899 0.294320 0.322956 0.342433 0.365729 0.369887 0.369997
0.198216 0.198636 0.197411 0.197851 0.197775 0.196972 0.195979 0.197289 0.197216 0.197103 0.197198 0.196822 0.197467 0.197967 0.198484 0.198183 0.198137 0.197198 0.197158 0.198092 0.198155 0.198689 0.199884 0.201526 0.200390 0.200165 0.200173 0.199761 0.199799 0.199153 0.200270 0.201096 0.201268 0.202665 0.203194 0.202272 0.203748 0.206374 0.208959 0.210549 0.213310 0.218123 0.216296 0.216063 0.216805 0.213642 0.209828 0.209836 0.211074 0.209911 0.212509 0.213896 0.213310 0.219549 0.224271 0.229906 0.238656 0.254301 0.273838 0.287367 0.306435 0.330205 0.351975
