tests/Borden05m/sims/sim_1/output-maps/thetaliqL0001N0012.asc
ncols         160
nrows         34
xllcorner     620200.000000
yllcorner     5168000.000000
cellsize      0.500000
NODATA_value  -9999.0
[rows 0 to 27 of 34, columns 63 to 125 of 160]
-9999.0 -9999.0 -9999.0 -9999.0 -9999.0 -9999.0 -9999.0 -9999.0 -9999.0 -9999.0 -9999.0 -9999.0 -9999.0 -9999.0 -9999.0 -9999.0 -9999.0 -9999.0 -9999.0 -9999.0 -9999.0 -9999.0 -9999.0 -9999.0 -9999.0 -9999.0 -9999.0 -9999.0 -9999.0 -9999.0 -9999.0 -9999.0 -9999.0 -9999.0 -9999.0 -9999.0 -9999.0 -9999.0 -9999.0 -9999.0 -9999.0 -9999.0 -9999.0 -9999.0 -9999.0 -9999.0 -9999.0 -9999.0 -9999.0 -9999.0 -9999.0 -9999.0 -9999.0 -9999.0 -9999.0 -9999.0 -9999.0 -9999.0 -9999.0 -9999.0 -9999.0 -9999.0 -9999.0
0.205047 0.204235 0.203252 0.203129 0.203265 0.203082 0.202659 0.203176 0.203836 0.204390 0.205203 0.205004 0.205083 0.205400 0.205488 0.205348 0.204975 0.204746 0.204471 0.204922 0.203778 0.202299 0.201174 0.200956 0.201949 0.202522 0.202382 0.202900 0.204055 0.205025 0.205292 0.206472 0.206201 0.206663 0.207488 0.206839 0.206716 0.206861 0.207171 0.205451 -9999.0 -9999.0 -9999.0 -9999.0 -9999.0 -9999.0 -9999.0 -9999.0 -9999.0 -9999.0 -9999.0 -9999.0 -9999.0 -9999.0 -9999.0 -9999.0 -9999.0 -9999.0 -9999.0 -9999.0 -9999.0 -9999.0 -9999.0
0.202656 0.201486 0.201228 0.200356 0.199979 0.199876 0.199511 0.199765 0.201202 0.202218 0.202485 0.202229 0.202090 0.201756 0.201525 0.201606 0.201255 0.200941 0.200603 0.200728 0.201685 0.200608 0.200084 0.199555 0.198975 0.199177 0.199342 0.199389 0.200732 0.201209 0.201517 0.203331 0.205039 0.205462 0.204733 0.203969 0.204215 0.204212 0.203555 0.202929 0.203018 0.202733 0.202630 0.201987 0.202985 0.202920 0.204015 0.204920 0.205982 0.207630 -9999.0 -9999.0 -9999.0 -9999.0 -9999.0 -9999.0 -9999.0 -9999.0 -9999.0 -9999.0 -9999.0 -9999.0 -9999.0
0.200948 0.200562 0.199711 0.198408 0.199850 0.199634 0.199486 0.199730 0.200202 0.200374 0.200587 0.200896 0.202187 0.202057 0.201932 0.202003 0.201783 0.201373 0.201429 0.201217 0.200123 0.200314 0.200590 0.200343 0.201424 0.201473 0.202103 0.200174 0.200465 0.200882 0.201154 0.201327 0.201549 0.201912 0.201071 0.201698 0.201086 0.199682 0.199411 0.199615 0.200881 0.201544 0.200835 0.198231 0.199598 0.202502 0.202226 0.201708 0.203089 0.204446 0.206446 0.206136 0.205955 0.206188 0.206611 0.204960 0.203972 0.203295 0.200962 -9999.0 -9999.0 -9999.0 -9999.0
0.200885 0.199942 0.198796 0.201120 0.202042 0.201482 0.201736 0.202414 0.202448 0.199520 0.198760 0.199850 0.200988 0.201455 0.200902 0.200638 0.200141 0.200159 0.200486 0.200189 0.200649 0.201030 0.200509 0.201233 0.202062 0.202885 0.201051 0.199419 0.199514 0.200859 0.201817 0.202270 0.203656 0.205906 0.205514 0.205030 0.204860 0.204711 0.202154 0.199839 0.198951 0.198578 0.197914 0.198486 0.197989 0.200287 0.200082 0.199683 0.200765 0.201573 0.202631 0.203393 0.203253 0.203554 0.203965 0.203556 0.202431 0.201900 0.201616 0.200676 0.198690 0.194902 0.195182
0.198389 0.198410 0.200435 0.201486 0.203370 0.202591 0.202627 0.202551 0.200586 0.199137 0.198135 0.201091 0.203449 0.204187 0.203491 0.202910 0.205098 0.204447 0.204185 0.202891 0.203348 0.203115 0.205397 0.206244 0.207454 0.206974 0.204702 0.202823 0.202732 0.202914 0.202641 0.203129 0.204510 0.206306 0.204941 0.204406 0.204645 0.200785 0.197874 0.196948 0.199135 0.200402 0.200207 0.200443 0.200577 0.199029 0.199411 0.199585 0.198834 0.200581 0.202334 0.202502 0.200950 0.200449 0.201206 0.201112 0.201315 0.200696 0.200003 0.199550 0.196016 0.197221 0.195315
0.202549 0.203290 0.204317 0.206341 0.210433 0.209479 0.209706 0.211125 0.208845 0.206766 0.203598 0.207094 0.207826 0.208939 0.208708 0.211469 0.213976 0.212428 0.210346 0.207873 0.209357 0.212626 0.215712 0.216386 0.216713 0.217312 0.215078 0.214544 0.214089 0.214321 0.212793 0.212807 0.215109 0.219207 0.219688 0.217721 0.213920 0.208299 0.203377 0.200808 0.203974 0.203075 0.202688 0.203256 0.201366 0.200305 0.201998 0.200556 0.199445 0.201856 0.202058 0.201676 0.199681 0.202119 0.201753 0.199872 0.198677 0.198104 0.197682 0.196818 0.197731 0.197215 0.195613
0.204250 0.204950 0.207911 0.212218 0.217342 0.220315 0.223195 0.226495 0.223938 0.221271 0.218257 0.218776 0.222291 0.225885 0.230461 0.235911 0.242037 0.240665 0.237713 0.237525 0.238785 0.245096 0.251273 0.253954 0.255805 0.259544 0.257185 0.252824 0.247986 0.243311 0.239324 0.236174 0.241356 0.247248 0.246074 0.235048 0.226537 0.218461 0.211522 0.204540 0.204677 0.205948 0.207139 0.204679 0.203590 0.201443 0.201053 0.201354 0.198979 0.200293 0.200542 0.202183 0.204736 0.205390 0.203236 0.202136 0.200890 0.199553 0.198498 0.199452 0.199845 0.198795 0.197710
0.230289 0.231684 0.236239 0.249954 0.274904 0.302836 0.320407 0.322935 0.318384 0.310679 0.296694 0.288511 0.300366 0.312620 0.321394 0.325890 0.329085 0.331291 0.331166 0.331202 0.331761 0.332359 0.333667 0.335311 0.337000 0.338960 0.339667 0.337372 0.335045 0.332460 0.330005 0.329404 0.328553 0.330018 0.329800 0.323899 0.309330 0.279942 0.253815 0.238542 0.228249 0.228173 0.223911 0.220590 0.216941 0.209270 0.207309 0.206275 0.200458 0.199889 0.201779 0.204280 0.206177 0.202873 0.201539 0.200368 0.199058 0.197322 0.198223 0.199369 0.199780 0.199472 0.199485
0.319504 0.322726 0.325011 0.333573 0.343618 0.352371 0.357980 0.359701 0.358084 0.355981 0.353259 0.350748 0.350994 0.354224 0.357532 0.360128 0.361541 0.362006 0.361783 0.361808 0.361917 0.362277 0.362466 0.362912 0.363627 0.364717 0.365902 0.365714 0.364203 0.362720 0.360574 0.359460 0.358826 0.357730 0.357571 0.357518 0.352534 0.345540 0.336555 0.327319 0.319025 0.300137 0.278797 0.263147 0.242113 0.227055 0.216594 0.209963 0.204036 0.202946 0.209748 0.216353 0.212854 0.211672 0.209775 0.206604 0.204116 0.200860 0.201454 0.202073 0.201752 0.201348 0.200836
0.357647 0.358765 0.360096 0.362491 0.365981 0.368242 0.369290 0.369427 0.369290 0.369054 0.368708 0.368409 0.368332 0.368477 0.368774 0.369097 0.369360 0.369520 0.369530 0.369568 0.369531 0.369556 0.369602 0.369602 0.369664 0.369748 0.369818 0.369830 0.369753 0.369617 0.369345 0.369091 0.368671 0.368331 0.368233 0.368223 0.368184 0.367123 0.364537 0.358911 0.353081 0.346947 0.342479 0.337791 0.333883 0.323135 0.312471 0.282597 0.254594 0.237342 0.246713 0.238463 0.233139 0.227532 0.221087 0.216303 0.212194 0.207979 0.207590 0.207735 0.206993 0.206831 0.206053
0.369076 0.369245 0.369475 0.369654 0.369810 0.369948 0.369999 0.370000 0.370000 0.369999 0.369998 0.369998 0.369998 0.369987 0.369999 0.369992 0.370000 0.369998 0.369999 0.370000 0.369999 0.369999 0.370000 0.370000 0.370000 0.370000 0.370000 0.370000 0.370000 0.370000 0.369999 0.369998 0.369962 0.369936 0.369918 0.369912 0.369900 0.369855 0.369657 0.368967 0.367474 0.365546 0.363600 0.361864 0.360533 0.359420 0.356770 0.350624 0.340097 0.330076 0.325145 0.320604 0.308486 0.280607 0.256925 0.244572 0.230066 0.219387 0.214286 0.213536 0.212740 0.211700 0.210119
0.369999 0.370000 0.370000 0.370000 0.370000 0.370000 0.370000 0.370000 0.370000 0.370000 0.370000 0.370000 0.370000 0.370000 0.370000 0.370000 0.370000 0.370000 0.370000 0.370000 0.370000 0.370000 0.370000 0.370000 0.370000 0.370000 0.370000 0.370000 0.370000 0.370000 0.370000 0.370000 0.370000 0.370000 0.370000 0.370000 0.370000 0.370000 0.370000 0.369978 0.369879 0.369606 0.369286 0.369071 0.368910 0.368763 0.368262 0.367226 0.365226 0.361342 0.354894 0.352310 0.348030 0.340471 0.334059 0.329752 0.317520 0.283754 0.256466 0.246921 0.235137 0.226935 0.222579
0.370000 0.370000 0.370000 0.370000 0.370000 0.370000 0.370000 0.370000 0.370000 0.370000 0.370000 0.370000 0.370000 0.370000 0.370000 0.370000 0.370000 0.370000 0.370000 0.370000 0.370000 0.370000 0.370000 0.370000 0.370000 0.370000 0.370000 0.370000 0.370000 0.370000 0.370000 0.370000 0.370000 0.370000 0.370000 0.370000 0.370000 0.370000 0.370000 0.370000 0.370000 0.370000 0.369980 0.369961 0.369960 0.369952 0.369935 0.369852 0.369570 0.368830 0.367206 0.365621 0.364286 0.363188 0.361928 0.360012 0.353758 0.344037 0.334469 0.327706 0.315478 0.288212 0.263683
0.370000 0.370000 0.370000 0.370000 0.370000 0.370000 0.370000 0.370000 0.370000 0.370000 0.370000 0.370000 0.370000 0.370000 0.370000 0.370000 0.370000 0.370000 0.370000 0.370000 0.370000 0.370000 0.370000 0.370000 0.370000 0.370000 0.370000 0.370000 0.370000 0.370000 0.370000 0.370000 0.370000 0.370000 0.370000 0.370000 0.370000 0.370000 0.370000 0.370000 0.370000 0.370000 0.370000 0.370000 0.370000 0.370000 0.370000 0.370000 0.369987 0.369934 0.369791 0.369398 0.369151 0.368971 0.368725 0.368380 0.366664 0.363606 0.359068 0.354378 0.348663 0.341226 0.333396
0.370000 0.370000 0.370000 0.370000 0.370000 0.370000 0.370000 0.370000 0.370000 0.370000 0.370000 0.370000 0.370000 0.369998 0.369994 0.369990 0.369989 0.369993 0.369996 0.369999 0.370000 0.370000 0.369999 0.369994 0.369989 0.369988 0.369990 0.369994 0.369997 0.369999 0.369998 0.369997 0.369996 0.369995 0.369996 0.370000 0.370000 0.370000 0.370000 0.370000 0.370000 0.370000 0.370000 0.370000 0.370000 0.370000 0.370000 0.370000 0.370000 0.370000 0.370000 0.369981 0.369960 0.369946 0.369924 0.369887 0.369681 0.369078 0.367813 0.365829 0.363132 0.359940 0.356011
0.370000 0.370000 0.370000 0.370000 0.370000 0.369998 0.369996 0.369996 0.369996 0.369996 0.369994 0.369985 0.369961 0.369907 0.369823 0.369787 0.369753 0.369744 0.369836 0.369920 0.369950 0.369920 0.369865 0.369752 0.369660 0.369622 0.369638 0.369731 0.369857 0.369926 0.369924 0.369891 0.369852 0.369833 0.369839 0.369904 0.369965 0.369988 0.369996 0.370000 0.370000 0.370000 0.370000 0.370000 0.370000 0.370000 0.370000 0.370000 0.370000 0.370000 0.370000 0.370000 0.370000 0.370000 0.370000 0.369997 0.369982 0.369919 0.369739 0.369326 0.368687 0.367867 0.366352
0.369996 0.369994 0.369991 0.369984 0.369968 0.369930 0.369866 0.369841 0.369824 0.369834 0.369750 0.369624 0.369295 0.368886 0.368334 0.367987 0.367734 0.367499 0.367982 0.368703 0.369027 0.368544 0.368092 0.367305 0.366813 0.366557 0.366620 0.367222 0.368361 0.368963 0.369093 0.368853 0.368611 0.368505 0.368530 0.368774 0.369251 0.369614 0.369815 0.369908 0.369945 0.369964 0.369980 0.369992 0.369998 0.370000 0.370000 0.370000 0.370000 0.370000 0.370000 0.370000 0.370000 0.370000 0.370000 0.370000 0.370000 0.370000 0.369989 0.369944 0.369846 0.369676 0.369422
0.369893 0.369863 0.369806 0.369301 0.368935 0.368334 0.367641 0.367343 0.366865 0.366617 0.365836 0.365152 0.363923 0.362058 0.359808 0.357614 0.357013 0.356448 0.355934 0.357993 0.358795 0.358165 0.356821 0.355252 0.354345 0.353799 0.354596 0.357027 0.359103 0.360818 0.361423 0.360469 0.361138 0.361923 0.361938 0.363846 0.365320 0.366769 0.368015 0.368871 0.369186 0.369382 0.369563 0.369747 0.369875 0.369952 0.369987 0.369998 0.370000 0.370000 0.370000 0.370000 0.370000 0.370000 0.370000 0.370000 0.370000 0.370000 0.370000 0.370000 0.369995 0.369983 0.369956
0.369223 0.369086 0.368019 0.365261 0.361957 0.359559 0.356263 0.354485 0.352375 0.346670 0.342697 0.340247 0.340618 0.337349 0.332730 0.328995 0.327523 0.326610 0.324011 0.323070 0.324138 0.326594 0.324219 0.322551 0.323011 0.322140 0.321976 0.325085 0.328975 0.330999 0.333054 0.334991 0.336180 0.338220 0.345264 0.349351 0.352661 0.356492 0.360070 0.363114 0.365038 0.366059 0.367026 0.368054 0.368728 0.369307 0.369683 0.369896 0.369963 0.369984 0.369993 0.369998 0.370000 0.370000 0.370000 0.370000 0.370000 0.370000 0.370000 0.370000 0.370000 0.370000 0.370000
0.363993 0.362780 0.356913 0.348320 0.339052 0.332851 0.326353 0.321484 0.307528 0.279341 0.263982 0.263947 0.267494 0.263200 0.253270 0.245927 0.241334 0.237031 0.231471 0.228408 0.231342 0.234465 0.233989 0.233561 0.234554 0.234312 0.234051 0.234704 0.240715 0.244959 0.249649 0.253677 0.257069 0.275088 0.299311 0.316108 0.325969 0.332425 0.339748 0.347133 0.352097 0.355033 0.358255 0.361202 0.363739 0.365792 0.367562 0.368830 0.369405 0.369635 0.369779 0.369883 0.369961 0.369990 0.369999 0.370000 0.370000 0.370000 0.370000 0.370000 0.370000 0.370000 0.370000
0.344282 0.336408 0.324959 0.304837 0.272296 0.254138 0.242297 0.233167 0.224624 0.218063 0.214299 0.216736 0.217973 0.220151 0.216654 0.213951 0.213358 0.210994 0.208944 0.206213 0.208428 0.209359 0.211929 0.211588 0.211605 0.212777 0.212177 0.212028 0.210407 0.212313 0.213356 0.214604 0.219560 0.224682 0.230701 0.237160 0.246378 0.260140 0.283244 0.311529 0.326098 0.332747 0.339141 0.345968 0.350999 0.355002 0.359015 0.362858 0.365367 0.366804 0.367943 0.368648 0.369331 0.369746 0.369917 0.369987 0.369998 0.370000 0.370000 0.370000 0.370000 0.370000 0.370000
0.267624 0.249996 0.232262 0.223446 0.219197 0.215113 0.212248 0.210140 0.206739 0.204477 0.201006 0.202395 0.204252 0.207010 0.204682 0.204364 0.204886 0.203593 0.202253 0.200011 0.200355 0.202121 0.204267 0.204091 0.204493 0.205756 0.205793 0.204799 0.202756 0.203227 0.204470 0.205653 0.208147 0.210515 0.212939 0.215139 0.218517 0.222866 0.228176 0.236471 0.249202 0.261981 0.286018 0.314590 0.326923 0.331864 0.337317 0.345512 0.350902 0.355410 0.359162 0.361656 0.365044 0.367520 0.369082 0.369735 0.369934 0.369977 0.369992 0.369998 0.370000 0.370000 0.370000
0.212895 0.208490 0.206903 0.205425 0.203815 0.202530 0.201165 0.199947 0.198981 0.197390 0.194083 0.195470 0.197367 0.199571 0.199628 0.199405 0.199618 0.199135 0.197652 0.194973 0.196081 0.197663 0.199102 0.199513 0.199762 0.200683 0.200012 0.198649 0.196674 0.197480 0.198931 0.199692 0.200679 0.202187 0.203817 0.205456 0.207432 0.209502 0.212457 0.216008 0.220398 0.225648 0.232257 0.242267 0.250175 0.260371 0.273688 0.298139 0.318706 0.327872 0.335299 0.343057 0.351529 0.359208 0.364481 0.367484 0.369012 0.369549 0.369780 0.369898 0.369973 0.369995 0.370000
0.204249 0.201956 0.200620 0.199585 0.200261 0.199828 0.198343 0.198504 0.197760 0.195101 0.196088 0.196863 0.199061 0.198638 0.198511 0.197990 0.198362 0.198024 0.195413 0.196727 0.197277 0.198775 0.199003 0.199291 0.199514 0.199780 0.199463 0.197589 0.197971 0.198442 0.199805 0.199780 0.200282 0.201843 0.202237 0.203149 0.204502 0.205969 0.207780 0.210074 0.213445 0.217069 0.220728 0.221904 0.224640 0.227115 0.225278 0.230802 0.237666 0.246997 0.263216 0.290479 0.320016 0.334623 0.348338 0.357739 0.363412 0.366904 0.368172 0.369043 0.369568 0.369837 0.369951
0.198552 0.196913 0.195224 0.196262 0.196485 0.196462 0.196183 0.195713 0.194564 0.195978 0.196165 0.196058 0.195920 0.195906 0.196078 0.195814 0.195664 0.195741 0.196791 0.196929 0.196568 0.196956 0.197240 0.197563 0.197121 0.197216 0.197240 0.197621 0.197561 0.197253 0.197893 0.198054 0.198215 0.198826 0.199225 0.199752 0.200823 0.201629 0.202695 0.204697 0.207257 0.209055 0.209219 0.210667 0.211341 0.210116 0.209084 0.211125 0.213290 0.215281 0.220056 0.225613 0.234552 0.263119 0.313724 0.333277 0.345832 0.355044 0.360524 0.364182 0.366532 0.368375 0.369249
0.197033 0.195603 0.195377 0.196185 0.196307 0.196328 0.195463 0.194637 0.195501 0.195835 0.195782 0.195438 0.195806 0.195950 0.196421 0.195957 0.195726 0.195851 0.195961 0.195880 0.196209 0.196439 0.196620 0.197732 0.197101 0.197042 0.197429 0.197251 0.197118 0.196800 0.197541 0.197783 0.197831 0.198453 0.198797 0.199175 0.199743 0.200740 0.202754 0.204304 0.206427 0.208512 0.208829 0.209139 0.208595 0.208105 0.205761 0.205733 0.208173 0.207648 0.209543 0.212963 0.213432 0.222352 0.238652 0.259486 0.300407 0.325481 0.341630 0.350080 0.356981 0.362222 0.365719
0.195243 0.195411 0.194746 0.194977 0.194932 0.194494 0.193941 0.194603 0.194561 0.194499 0.194546 0.194351 0.194698 0.194965 0.195240 0.195074 0.195038 0.194538 0.194515 0.195006 0.195049 0.195342 0.195983 0.196858 0.196256 0.196135 0.196140 0.195921 0.195940 0.195603 0.196216 0.196675 0.196790 0.197564 0.197876 0.197426 0.198288 0.199808 0.201352 0.202384 0.204114 0.207000 0.206026 0.205905 0.206296 0.204400 0.202131 0.202102 0.202850 0.202244 0.203809 0.204767 0.204660 0.208835 0.212635 0.217751 0.226855 0.248000 0.290704 0.321640 0.334768 0.345765 0.353408
