tests/Borden05m/sims/sim_1/output-maps/thetaliqL0007N0009.asc
ncols         160
nrows         34
xllcorner     620200.000000
yllcorner     5168000.000000
cellsize      0.500000
NODATA_value  -9999.0
[rows 0 to 27 of 34, columns 0 to 62 of 160]
-9999.0 -9999.0 -9999.0 -9999.0 -9999.0 -9999.0 -9999.0 -9999.0 -9999.0 -9999.0 -9999.0 -9999.0 -9999.0 -9999.0 -9999.0 -9999.0 -9999.0 -9999.0 -9999.0 -9999.0 -9999.0 -9999.0 -9999.0 -9999.0 -9999.0 -9999.0 -9999.0 -9999.0 -9999.0 -9999.0 -9999.0 -9999.0 -9999.0 -9999.0 -9999.0 -9999.0 -9999.0 -9999.0 -9999.0 -9999.0 -9999.0 -9999.0 -9999.0 -9999.0 -9999.0 -9999.0 -9999.0 -9999.0 -9999.0 -9999.0 -9999.0 -9999.0 -9999.0 -9999.0 -9999.0 -9999.0 -9999.0 -9999.0 -9999.0 -9999.0 -9999.0 -9999.0 -9999.0
-9999.0 -9999.0 -9999.0 -9999.0 -9999.0 -9999.0 -9999.0 -9999.0 -9999.0 -9999.0 -9999.0 -9999.0 -9999.0 -9999.0 -9999.0 -9999.0 -9999.0 -9999.0 -9999.0 -9999.0 -9999.0 -9999.0 -9999.0 -9999.0 -9999.0 -9999.0 -9999.0 -9999.0 -9999.0 -9999.0 -9999.0 -9999.0 -9999.0 -9999.0 -9999.0 -9999.0 -9999.0 -9999.0 -9999.0 -9999.0 -9999.0 -9999.0 -9999.0 -9999.0 -9999.0 -9999.0 -9999.0 -9999.0 -9999.0 -9999.0 -9999.0 -9999.0 -9999.0 -9999.0 -9999.0 -9999.0 -9999.0 -9999.0 -9999.0 0.331828 0.328902 0.325878 0.322899
-9999.0 -9999.0 -9999.0 -9999.0 -9999.0 -9999.0 -9999.0 -9999.0 -9999.0 -9999.0 -9999.0 -9999.0 -9999.0 -9999.0 -9999.0 -9999.0 -9999.0 -9999.0 -9999.0 -9999.0 -9999.0 -9999.0 -9999.0 -9999.0 -9999.0 -9999.0 -9999.0 -9999.0 -9999.0 -9999.0 -9999.0 -9999.0 -9999.0 -9999.0 -9999.0 -9999.0 -9999.0 -9999.0 -9999.0 -9999.0 -9999.0 -9999.0 -9999.0 -9999.0 -9999.0 -9999.0 -9999.0 0.241177 0.226990 0.213548 0.212289 0.230092 0.248715 0.267561 0.283364 0.297028 0.309949 0.321935 0.323789 0.317406 0.314350 0.312103 0.310507
-9999.0 -9999.0 -9999.0 -9999.0 -9999.0 -9999.0 -9999.0 -9999.0 -9999.0 -9999.0 -9999.0 -9999.0 -9999.0 -9999.0 -9999.0 -9999.0 -9999.0 -9999.0 -9999.0 -9999.0 -9999.0 -9999.0 -9999.0 -9999.0 -9999.0 -9999.0 -9999.0 -9999.0 -9999.0 -9999.0 -9999.0 -9999.0 -9999.0 -9999.0 -9999.0 -9999.0 -9999.0 -9999.0 -9999.0 -9999.0 0.279451 0.283886 0.285117 0.276464 0.267298 0.257741 0.241498 0.227008 0.214498 0.212051 0.213812 0.218199 0.236422 0.255705 0.271012 0.284409 0.298324 0.311732 0.313468 0.306118 0.300036 0.296863 0.296694
-9999.0 -9999.0 -9999.0 -9999.0 -9999.0 -9999.0 -9999.0 -9999.0 -9999.0 -9999.0 -9999.0 -9999.0 -9999.0 -9999.0 -9999.0 -9999.0 -9999.0 -9999.0 -9999.0 -9999.0 -9999.0 -9999.0 -9999.0 -9999.0 -9999.0 -9999.0 -9999.0 -9999.0 -9999.0 -9999.0 -9999.0 -9999.0 -9999.0 -9999.0 0.207073 0.220460 0.234618 0.249144 0.262300 0.267346 0.271926 0.276406 0.273084 0.268986 0.259655 0.244511 0.228361 0.216822 0.214437 0.212154 0.215301 0.225387 0.238383 0.251458 0.268037 0.285671 0.292193 0.300726 0.302657 0.298834 0.299214 0.300007 0.300867
-9999.0 -9999.0 -9999.0 -9999.0 -9999.0 -9999.0 -9999.0 -9999.0 -9999.0 -9999.0 -9999.0 -9999.0 -9999.0 -9999.0 -9999.0 -9999.0 -9999.0 -9999.0 -9999.0 -9999.0 -9999.0 -9999.0 -9999.0 -9999.0 -9999.0 -9999.0 -9999.0 -9999.0 0.211253 0.206640 0.202556 0.201199 0.199990 0.198834 0.203748 0.212906 0.227032 0.243953 0.253964 0.259430 0.264386 0.264790 0.260690 0.258562 0.258368 0.248629 0.238918 0.229877 0.221294 0.220159 0.227393 0.238049 0.250559 0.262051 0.273787 0.284026 0.294908 0.309602 0.314926 0.310715 0.306490 0.303685 0.303846
-9999.0 -9999.0 -9999.0 -9999.0 -9999.0 -9999.0 -9999.0 -9999.0 -9999.0 -9999.0 -9999.0 -9999.0 -9999.0 -9999.0 -9999.0 -9999.0 -9999.0 -9999.0 -9999.0 -9999.0 -9999.0 -9999.0 -9999.0 0.190607 0.194829 0.199276 0.204396 0.204796 0.201342 0.196958 0.194373 0.192954 0.191598 0.194356 0.200196 0.210120 0.222110 0.238932 0.245520 0.250718 0.260555 0.261840 0.265040 0.267848 0.265960 0.263517 0.253636 0.246251 0.250816 0.255575 0.260220 0.265633 0.275403 0.287117 0.299852 0.313558 0.326292 0.336093 0.343289 0.340651 0.336491 0.330597 0.330619
-9999.0 -9999.0 -9999.0 -9999.0 -9999.0 -9999.0 -9999.0 -9999.0 -9999.0 -9999.0 -9999.0 -9999.0 -9999.0 -9999.0 -9999.0 -9999.0 -9999.0 -9999.0 -9999.0 0.174622 0.174996 0.175408 0.178098 0.178599 0.179886 0.184294 0.189573 0.190674 0.189349 0.187855 0.188601 0.190098 0.192621 0.200562 0.210526 0.221050 0.231948 0.248389 0.259945 0.270842 0.283144 0.281448 0.277384 0.275101 0.274947 0.275083 0.279922 0.282663 0.286528 0.290821 0.295736 0.301562 0.308372 0.319840 0.331060 0.340691 0.348322 0.354250 0.358830 0.358130 0.355270 0.351641 0.351697
-9999.0 -9999.0 -9999.0 -9999.0 -9999.0 -9999.0 -9999.0 -9999.0 -9999.0 -9999.0 -9999.0 -9999.0 -9999.0 -9999.0 -9999.0 -9999.0 0.158400 0.159297 0.160270 0.163090 0.164243 0.166315 0.170151 0.170513 0.172644 0.176811 0.179756 0.185000 0.189947 0.194735 0.198594 0.200143 0.205501 0.212395 0.221198 0.233314 0.250733 0.268506 0.280862 0.292966 0.304441 0.304117 0.302790 0.303083 0.303306 0.308733 0.320198 0.323698 0.325802 0.335860 0.342238 0.344380 0.347020 0.352885 0.358969 0.363784 0.367185 0.368549 0.369274 0.369441 0.369147 0.369042 0.369206
-9999.0 -9999.0 -9999.0 -9999.0 -9999.0 -9999.0 -9999.0 -9999.0 -9999.0 -9999.0 -9999.0 -9999.0 -9999.0 0.137446 0.139152 0.143066 0.146582 0.147435 0.149093 0.151670 0.157813 0.159461 0.162674 0.166816 0.173303 0.178311 0.184018 0.191668 0.197277 0.202082 0.206948 0.211722 0.222042 0.233926 0.246457 0.262485 0.279078 0.294664 0.309103 0.318198 0.326244 0.328103 0.326659 0.327193 0.331492 0.340347 0.348055 0.352604 0.358679 0.363207 0.365224 0.366596 0.367363 0.368173 0.369079 0.369796 0.369979 0.369999 0.370000 0.370000 0.370000 0.370000 0.370000
-9999.0 -9999.0 -9999.0 -9999.0 -9999.0 -9999.0 -9999.0 -9999.0 -9999.0 -9999.0 0.123885 0.124758 0.123490 0.123773 0.125211 0.129353 0.134275 0.137003 0.141633 0.151130 0.159787 0.161420 0.169782 0.175508 0.179282 0.185998 0.194681 0.203715 0.216494 0.225983 0.235854 0.252462 0.265278 0.277708 0.290643 0.304216 0.317759 0.334462 0.346229 0.351247 0.357951 0.361056 0.360524 0.360598 0.362056 0.364800 0.367287 0.368884 0.369579 0.369891 0.369974 0.369993 0.369998 0.370000 0.370000 0.370000 0.370000 0.370000 0.370000 0.370000 0.370000 0.370000 0.370000
-9999.0 -9999.0 -9999.0 -9999.0 -9999.0 -9999.0 -9999.0 -9999.0 0.116391 0.118344 0.120269 0.119225 0.117658 0.116656 0.120480 0.125648 0.131359 0.138010 0.144903 0.153345 0.161478 0.170875 0.182603 0.190173 0.198126 0.208803 0.218802 0.232671 0.249438 0.261235 0.276380 0.292672 0.306236 0.317529 0.327862 0.337003 0.348963 0.358824 0.364537 0.367188 0.368804 0.369546 0.369612 0.369691 0.369774 0.369948 0.369997 0.370000 0.370000 0.370000 0.370000 0.370000 0.370000 0.370000 0.370000 0.370000 0.370000 0.370000 0.370000 0.370000 0.370000 0.370000 0.370000
-9999.0 -9999.0 -9999.0 -9999.0 -9999.0 -9999.0 0.109586 0.116051 0.120460 0.117951 0.115614 0.114616 0.113609 0.118776 0.125617 0.131619 0.138176 0.145663 0.153354 0.161170 0.182442 0.192781 0.203112 0.217901 0.228210 0.238773 0.252303 0.270940 0.288736 0.312021 0.330113 0.343039 0.352592 0.358017 0.361893 0.364914 0.367867 0.369429 0.369906 0.369991 0.370000 0.370000 0.370000 0.370000 0.370000 0.370000 0.370000 0.370000 0.370000 0.370000 0.370000 0.370000 0.370000 0.370000 0.370000 0.370000 0.370000 0.370000 0.370000 0.370000 0.370000 0.370000 0.370000
-9999.0 -9999.0 -9999.0 -9999.0 0.102129 0.106627 0.111701 0.120643 0.128338 0.126204 0.128815 0.128943 0.128392 0.129007 0.130840 0.137834 0.145373 0.153707 0.163656 0.187389 0.216818 0.229505 0.251094 0.276484 0.286797 0.297225 0.307484 0.321917 0.337876 0.351926 0.363048 0.367513 0.368986 0.369614 0.369865 0.369971 0.369999 0.370000 0.370000 0.370000 0.370000 0.370000 0.370000 0.370000 0.370000 0.370000 0.370000 0.370000 0.370000 0.370000 0.370000 0.370000 0.370000 0.370000 0.370000 0.370000 0.370000 0.370000 0.370000 0.370000 0.370000 0.370000 0.370000
-9999.0 -9999.0 -9999.0 0.094067 0.100602 0.108486 0.115782 0.125614 0.137688 0.140505 0.143985 0.147045 0.150327 0.154696 0.160018 0.168879 0.176733 0.183905 0.197664 0.224936 0.253859 0.281475 0.305155 0.325025 0.337334 0.344238 0.350376 0.357584 0.364874 0.368413 0.369794 0.369996 0.370000 0.370000 0.370000 0.370000 0.370000 0.370000 0.370000 0.370000 0.370000 0.370000 0.370000 0.370000 0.370000 0.370000 0.370000 0.370000 0.370000 0.370000 0.370000 0.370000 0.370000 0.370000 0.370000 0.370000 0.370000 0.370000 0.370000 0.370000 0.370000 0.370000 0.370000
-9999.0 -9999.0 0.088041 0.092675 0.098344 0.109355 0.124777 0.137412 0.156758 0.171147 0.175366 0.187587 0.199373 0.205412 0.218225 0.231638 0.241005 0.242494 0.251335 0.280504 0.319004 0.344680 0.356652 0.366408 0.368699 0.369397 0.369647 0.369893 0.369991 0.370000 0.370000 0.370000 0.370000 0.370000 0.370000 0.370000 0.370000 0.370000 0.370000 0.370000 0.370000 0.370000 0.370000 0.370000 0.370000 0.370000 0.370000 0.370000 0.370000 0.370000 0.370000 0.370000 0.370000 0.370000 0.370000 0.370000 0.370000 0.370000 0.370000 0.370000 0.370000 0.370000 0.370000
-9999.0 -9999.0 0.085485 0.090349 0.096741 0.111933 0.137094 0.154798 0.179840 0.210504 0.224973 0.243374 0.259705 0.275321 0.293370 0.310291 0.312115 0.313226 0.312421 0.342139 0.360632 0.368375 0.369935 0.370000 0.370000 0.370000 0.370000 0.370000 0.370000 0.370000 0.370000 0.370000 0.370000 0.370000 0.370000 0.370000 0.370000 0.370000 0.370000 0.370000 0.370000 0.370000 0.370000 0.370000 0.370000 0.370000 0.370000 0.370000 0.370000 0.370000 0.370000 0.370000 0.370000 0.370000 0.370000 0.370000 0.370000 0.370000 0.370000 0.370000 0.370000 0.370000 0.370000
-9999.0 0.078982 0.082513 0.087642 0.097577 0.112958 0.144579 0.191742 0.227727 0.260498 0.282481 0.298101 0.333781 0.353965 0.360677 0.365302 0.365010 0.364586 0.363677 0.368002 0.369787 0.370000 0.370000 0.370000 0.370000 0.370000 0.370000 0.370000 0.370000 0.370000 0.370000 0.370000 0.370000 0.370000 0.370000 0.370000 0.370000 0.370000 0.370000 0.370000 0.370000 0.370000 0.370000 0.370000 0.370000 0.370000 0.370000 0.370000 0.370000 0.370000 0.370000 0.370000 0.370000 0.370000 0.370000 0.370000 0.370000 0.370000 0.370000 0.370000 0.370000 0.370000 0.370000
-9999.0 0.077198 0.080703 0.086988 0.096780 0.114519 0.161996 0.251707 0.286828 0.310314 0.329036 0.351858 0.367725 0.369814 0.369986 0.370000 0.370000 0.369999 0.370000 0.370000 0.370000 0.370000 0.370000 0.370000 0.370000 0.370000 0.370000 0.370000 0.370000 0.370000 0.370000 0.370000 0.370000 0.370000 0.370000 0.370000 0.370000 0.370000 0.370000 0.370000 0.370000 0.370000 0.370000 0.370000 0.370000 0.370000 0.370000 0.370000 0.370000 0.370000 0.370000 0.370000 0.370000 0.370000 0.370000 0.370000 0.370000 0.370000 0.370000 0.370000 0.370000 0.370000 0.370000
-9999.0 0.076185 0.079759 0.084903 0.094137 0.124473 0.184877 0.282501 0.337318 0.352094 0.364472 0.369774 0.370000 0.370000 0.370000 0.370000 0.370000 0.370000 0.370000 0.370000 0.370000 0.370000 0.370000 0.370000 0.370000 0.370000 0.370000 0.370000 0.370000 0.370000 0.370000 0.370000 0.370000 0.370000 0.370000 0.370000 0.370000 0.370000 0.370000 0.370000 0.370000 0.370000 0.370000 0.370000 0.370000 0.370000 0.370000 0.370000 0.370000 0.370000 0.370000 0.370000 0.370000 0.370000 0.370000 0.370000 0.370000 0.370000 0.370000 0.370000 0.370000 0.370000 0.370000
-9999.0 0.073331 0.076172 0.079487 0.093225 0.134843 0.205312 0.321120 0.364538 0.368906 0.369998 0.370000 0.370000 0.370000 0.370000 0.370000 0.370000 0.370000 0.370000 0.370000 0.370000 0.370000 0.370000 0.370000 0.370000 0.370000 0.370000 0.370000 0.370000 0.370000 0.370000 0.370000 0.370000 0.370000 0.370000 0.370000 0.370000 0.370000 0.370000 0.370000 0.370000 0.370000 0.370000 0.370000 0.370000 0.370000 0.370000 0.370000 0.370000 0.370000 0.370000 0.370000 0.370000 0.370000 0.370000 0.370000 0.370000 0.370000 0.370000 0.370000 0.370000 0.370000 0.370000
-9999.0 0.071510 0.073302 0.077374 0.090048 0.126069 0.209727 0.333986 0.369429 0.370000 0.370000 0.370000 0.370000 0.370000 0.370000 0.370000 0.370000 0.370000 0.370000 0.370000 0.370000 0.370000 0.370000 0.370000 0.370000 0.370000 0.370000 0.370000 0.370000 0.370000 0.370000 0.370000 0.370000 0.370000 0.370000 0.370000 0.370000 0.370000 0.370000 0.370000 0.370000 0.370000 0.370000 0.370000 0.370000 0.370000 0.370000 0.370000 0.370000 0.370000 0.370000 0.370000 0.370000 0.370000 0.370000 0.370000 0.370000 0.370000 0.370000 0.370000 0.370000 0.370000 0.370000
-9999.0 0.070251 0.072101 0.075103 0.083003 0.101609 0.146671 0.264076 0.356725 0.369999 0.370000 0.370000 0.370000 0.370000 0.370000 0.370000 0.370000 0.370000 0.370000 0.370000 0.370000 0.370000 0.370000 0.370000 0.370000 0.370000 0.370000 0.370000 0.370000 0.370000 0.370000 0.370000 0.370000 0.370000 0.370000 0.370000 0.370000 0.370000 0.370000 0.370000 0.370000 0.370000 0.370000 0.370000 0.370000 0.370000 0.370000 0.370000 0.370000 0.370000 0.370000 0.370000 0.370000 0.370000 0.370000 0.370000 0.370000 0.370000 0.370000 0.370000 0.370000 0.370000 0.370000
-9999.0 -9999.0 0.070878 0.073185 0.077608 0.087572 0.110449 0.179030 0.297909 0.367630 0.369999 0.370000 0.370000 0.370000 0.370000 0.370000 0.370000 0.370000 0.370000 0.370000 0.370000 0.370000 0.370000 0.370000 0.370000 0.370000 0.370000 0.370000 0.370000 0.370000 0.370000 0.370000 0.370000 0.370000 0.370000 0.370000 0.370000 0.370000 0.370000 0.370000 0.370000 0.370000 0.370000 0.370000 0.370000 0.370000 0.370000 0.370000 0.370000 0.370000 0.370000 0.370000 0.370000 0.370000 0.370000 0.370000 0.370000 0.370000 0.370000 0.369993 0.369836 0.369000 0.367112
-9999.0 -9999.0 0.069841 0.071394 0.074439 0.080610 0.091384 0.114455 0.190088 0.285688 0.347099 0.366775 0.369726 0.369997 0.370000 0.370000 0.370000 0.370000 0.370000 0.370000 0.370000 0.370000 0.370000 0.370000 0.370000 0.370000 0.370000 0.370000 0.370000 0.370000 0.370000 0.370000 0.370000 0.370000 0.370000 0.370000 0.370000 0.370000 0.370000 0.370000 0.370000 0.370000 0.370000 0.370000 0.370000 0.370000 0.370000 0.370000 0.370000 0.370000 0.370000 0.370000 0.369999 0.369997 0.369991 0.369980 0.369920 0.369688 0.369010 0.367080 0.362158 0.354784 0.343754
-9999.0 -9999.0 -9999.0 0.070274 0.071886 0.074243 0.078433 0.084225 0.097737 0.127771 0.177617 0.248894 0.299579 0.333404 0.355344 0.365366 0.368068 0.368857 0.369284 0.369903 0.369987 0.370000 0.370000 0.370000 0.370000 0.370000 0.370000 0.370000 0.370000 0.370000 0.370000 0.370000 0.369996 0.369996 0.369996 0.369996 0.369993 0.369988 0.369969 0.369925 0.369842 0.369742 0.369681 0.369612 0.369557 0.369480 0.369382 0.369174 0.368827 0.368378 0.367937 0.367682 0.367400 0.366971 0.366304 0.365456 0.363904 0.359178 0.352234 0.342066 0.326212 0.306196 0.283969
-9999.0 -9999.0 -9999.0 -9999.0 -9999.0 0.070883 0.072858 0.075779 0.079837 0.085782 0.096918 0.119836 0.138063 0.162397 0.196483 0.229703 0.259534 0.289437 0.321117 0.342843 0.357749 0.364374 0.367843 0.369155 0.369516 0.369727 0.369788 0.369684 0.369521 0.369149 0.368098 0.366408 0.365758 0.365688 0.365678 0.365469 0.364858 0.364129 0.363044 0.360687 0.358095 0.356629 0.355445 0.354241 0.352936 0.351743 0.350527 0.349239 0.346006 0.343173 0.343243 0.342091 0.340892 0.339660 0.336596 0.332938 0.328241 0.313465 0.298535 0.286964 0.262093 0.239198 0.223101
-9999.0 -9999.0 -9999.0 -9999.0 -9999.0 -9999.0 0.070247 0.071653 0.073409 0.076035 0.080463 0.086501 0.090177 0.097170 0.107351 0.122212 0.143856 0.165590 0.191894 0.223092 0.257775 0.286132 0.312023 0.332801 0.340075 0.345053 0.349245 0.346161 0.342368 0.338100 0.327505 0.324821 0.321200 0.321075 0.320784 0.320552 0.317314 0.313670 0.310079 0.302864 0.299069 0.294777 0.291651 0.288619 0.285458 0.282733 0.280682 0.278689 0.274063 0.274876 0.275184 0.273787 0.271996 0.270045 0.265069 0.258238 0.251493 0.238203 0.226849 0.215660 0.196991 0.183813 0.171267
