tests/Borden05m/sims/sim_1/output-maps/thetaliqL0002N0009.asc
ncols         160
nrows         34
xllcorner     620200.000000
yllcorner     5168000.000000
cellsize      0.500000
NODATA_value  -9999.0
[rows 0 to 27 of 34, columns 0 to 62 of 160]
-9999.0 -9999.0 -9999.0 -9999.0 -9999.0 -9999.0 -9999.0 -9999.0 -9999.0 -9999.0 -9999.0 -9999.0 -9999.0 -9999.0 -9999.0 -9999.0 -9999.0 -9999.0 -9999.0 -9999.0 -9999.0 -9999.0 -9999.0 -9999.0 -9999.0 -9999.0 -9999.0 -9999.0 -9999.0 -9999.0 -9999.0 -9999.0 -9999.0 -9999.0 -9999.0 -9999.0 -9999.0 -9999.0 -9999.0 -9999.0 -9999.0 -9999.0 -9999.0 -9999.0 -9999.0 -9999.0 -9999.0 -9999.0 -9999.0 -9999.0 -9999.0 -9999.0 -9999.0 -9999.0 -9999.0 -9999.0 -9999.0 -9999.0 -9999.0 -9999.0 -9999.0 -9999.0 -9999.0
-9999.0 -9999.0 -9999.0 -9999.0 -9999.0 -9999.0 -9999.0 -9999.0 -9999.0 -9999.0 -9999.0 -9999.0 -9999.0 -9999.0 -9999.0 -9999.0 -9999.0 -9999.0 -9999.0 -9999.0 -9999.0 -9999.0 -9999.0 -9999.0 -9999.0 -9999.0 -9999.0 -9999.0 -9999.0 -9999.0 -9999.0 -9999.0 -9999.0 -9999.0 -9999.0 -9999.0 -9999.0 -9999.0 -9999.0 -9999.0 -9999.0 -9999.0 -9999.0 -9999.0 -9999.0 -9999.0 -9999.0 -9999.0 -9999.0 -9999.0 -9999.0 -9999.0 -9999.0 -9999.0 -9999.0 -9999.0 -9999.0 -9999.0 -9999.0 0.256785 0.255814 0.255212 0.254961
-9999.0 -9999.0 -9999.0 -9999.0 -9999.0 -9999.0 -9999.0 -9999.0 -9999.0 -9999.0 -9999.0 -9999.0 -9999.0 -9999.0 -9999.0 -9999.0 -9999.0 -9999.0 -9999.0 -9999.0 -9999.0 -9999.0 -9999.0 -9999.0 -9999.0 -9999.0 -9999.0 -9999.0 -9999.0 -9999.0 -9999.0 -9999.0 -9999.0 -9999.0 -9999.0 -9999.0 -9999.0 -9999.0 -9999.0 -9999.0 -9999.0 -9999.0 -9999.0 -9999.0 -9999.0 -9999.0 -9999.0 0.251280 0.248126 0.244254 0.243109 0.247356 0.248991 0.250411 0.251192 0.251869 0.253148 0.255903 0.255544 0.250994 0.250685 0.250712 0.251035
-9999.0 -9999.0 -9999.0 -9999.0 -9999.0 -9999.0 -9999.0 -9999.0 -9999.0 -9999.0 -9999.0 -9999.0 -9999.0 -9999.0 -9999.0 -9999.0 -9999.0 -9999.0 -9999.0 -9999.0 -9999.0 -9999.0 -9999.0 -9999.0 -9999.0 -9999.0 -9999.0 -9999.0 -9999.0 -9999.0 -9999.0 -9999.0 -9999.0 -9999.0 -9999.0 -9999.0 -9999.0 -9999.0 -9999.0 -9999.0 0.249814 0.251288 0.252567 0.250537 0.249840 0.250283 0.248249 0.245775 0.243163 0.244089 0.244094 0.241936 0.244685 0.246773 0.247217 0.247501 0.249192 0.252475 0.252116 0.248767 0.246825 0.246273 0.246776
-9999.0 -9999.0 -9999.0 -9999.0 -9999.0 -9999.0 -9999.0 -9999.0 -9999.0 -9999.0 -9999.0 -9999.0 -9999.0 -9999.0 -9999.0 -9999.0 -9999.0 -9999.0 -9999.0 -9999.0 -9999.0 -9999.0 -9999.0 -9999.0 -9999.0 -9999.0 -9999.0 -9999.0 -9999.0 -9999.0 -9999.0 -9999.0 -9999.0 -9999.0 0.244383 0.247074 0.248069 0.248965 0.250505 0.249685 0.248967 0.250230 0.249068 0.249133 0.247831 0.245278 0.242729 0.241363 0.243190 0.242671 0.242596 0.243854 0.244473 0.244461 0.246092 0.248919 0.246927 0.247377 0.246785 0.245408 0.246892 0.248075 0.248813
-9999.0 -9999.0 -9999.0 -9999.0 -9999.0 -9999.0 -9999.0 -9999.0 -9999.0 -9999.0 -9999.0 -9999.0 -9999.0 -9999.0 -9999.0 -9999.0 -9999.0 -9999.0 -9999.0 -9999.0 -9999.0 -9999.0 -9999.0 -9999.0 -9999.0 -9999.0 -9999.0 -9999.0 0.248864 0.247778 0.246963 0.247050 0.246648 0.245035 0.244479 0.244552 0.245810 0.247978 0.248124 0.247620 0.247658 0.247011 0.245362 0.245262 0.247225 0.245694 0.245084 0.244121 0.241346 0.240627 0.242152 0.243518 0.244584 0.244567 0.244364 0.243893 0.243702 0.247379 0.248156 0.245978 0.244907 0.244484 0.244861
-9999.0 -9999.0 -9999.0 -9999.0 -9999.0 -9999.0 -9999.0 -9999.0 -9999.0 -9999.0 -9999.0 -9999.0 -9999.0 -9999.0 -9999.0 -9999.0 -9999.0 -9999.0 -9999.0 -9999.0 -9999.0 -9999.0 -9999.0 0.247278 0.248273 0.248586 0.249433 0.248920 0.246680 0.245294 0.244712 0.244215 0.243002 0.242785 0.242604 0.243142 0.243422 0.245720 0.244150 0.243089 0.245145 0.244537 0.246008 0.247702 0.247357 0.247795 0.244774 0.242506 0.244932 0.245819 0.245542 0.244772 0.245259 0.245917 0.246741 0.248431 0.250662 0.252423 0.255826 0.253309 0.251733 0.248731 0.249119
-9999.0 -9999.0 -9999.0 -9999.0 -9999.0 -9999.0 -9999.0 -9999.0 -9999.0 -9999.0 -9999.0 -9999.0 -9999.0 -9999.0 -9999.0 -9999.0 -9999.0 -9999.0 -9999.0 0.247730 0.247376 0.246691 0.246888 0.244665 0.243696 0.244220 0.245282 0.244555 0.243301 0.242239 0.242348 0.242453 0.242119 0.243589 0.244691 0.244863 0.244194 0.245884 0.246153 0.247004 0.249791 0.247716 0.245767 0.244753 0.244660 0.244024 0.245745 0.246194 0.246205 0.245770 0.245549 0.245727 0.245631 0.247546 0.249103 0.250148 0.251025 0.252584 0.256323 0.254494 0.251482 0.248185 0.248246
-9999.0 -9999.0 -9999.0 -9999.0 -9999.0 -9999.0 -9999.0 -9999.0 -9999.0 -9999.0 -9999.0 -9999.0 -9999.0 -9999.0 -9999.0 -9999.0 0.247811 0.247596 0.246733 0.245318 0.244123 0.244044 0.244856 0.243202 0.242601 0.242867 0.242073 0.242768 0.243528 0.244461 0.244833 0.243605 0.243669 0.243315 0.242934 0.243130 0.245046 0.246722 0.246725 0.247842 0.250245 0.248527 0.247849 0.247912 0.246797 0.247369 0.251098 0.250077 0.247874 0.251636 0.253405 0.252174 0.251308 0.253336 0.256430 0.260356 0.267248 0.271289 0.276328 0.278494 0.273283 0.272662 0.274507
-9999.0 -9999.0 -9999.0 -9999.0 -9999.0 -9999.0 -9999.0 -9999.0 -9999.0 -9999.0 -9999.0 -9999.0 -9999.0 0.247871 0.247657 0.247799 0.245621 0.243954 0.242914 0.241474 0.243096 0.241779 0.241301 0.241499 0.242928 0.242841 0.242877 0.243687 0.243202 0.242584 0.241969 0.240828 0.241860 0.242842 0.243371 0.244774 0.245647 0.246116 0.247526 0.247341 0.248215 0.247414 0.245732 0.245308 0.246345 0.249603 0.251771 0.252018 0.256406 0.260946 0.262699 0.265241 0.266076 0.267224 0.270970 0.283959 0.299599 0.313778 0.324278 0.337171 0.339090 0.342180 0.345151
-9999.0 -9999.0 -9999.0 -9999.0 -9999.0 -9999.0 -9999.0 -9999.0 -9999.0 -9999.0 0.244899 0.245962 0.244367 0.241359 0.240024 0.240602 0.241197 0.239998 0.239925 0.242834 0.244358 0.241368 0.243183 0.243072 0.241718 0.241861 0.242463 0.242358 0.243952 0.243742 0.243441 0.246102 0.246485 0.246898 0.247571 0.248230 0.248533 0.252099 0.254967 0.253952 0.258396 0.261116 0.258249 0.257225 0.257759 0.260839 0.265791 0.273011 0.280778 0.292570 0.302284 0.308552 0.313319 0.319837 0.331870 0.355554 0.359874 0.361951 0.363820 0.365039 0.365491 0.365705 0.365993
-9999.0 -9999.0 -9999.0 -9999.0 -9999.0 -9999.0 -9999.0 -9999.0 0.240697 0.242364 0.243399 0.242061 0.240264 0.236985 0.238140 0.239232 0.239917 0.240995 0.241409 0.241690 0.240730 0.241547 0.243250 0.242506 0.242504 0.243528 0.243282 0.244052 0.245355 0.244038 0.244411 0.245385 0.246161 0.246802 0.247659 0.247772 0.251290 0.256048 0.261253 0.265461 0.271619 0.279649 0.279235 0.281376 0.283810 0.295014 0.308940 0.329515 0.355298 0.359303 0.361274 0.362166 0.362784 0.363708 0.365076 0.366434 0.367377 0.368303 0.369047 0.369444 0.369634 0.369665 0.369694
-9999.0 -9999.0 -9999.0 -9999.0 -9999.0 -9999.0 0.238279 0.241929 0.243665 0.239418 0.236171 0.235088 0.233157 0.237302 0.240899 0.241464 0.241852 0.242327 0.241745 0.239042 0.244281 0.242432 0.240985 0.242327 0.241885 0.241716 0.242401 0.244298 0.244670 0.248551 0.250942 0.252814 0.255782 0.257372 0.259184 0.261197 0.267548 0.277334 0.291620 0.304915 0.319579 0.341412 0.352411 0.357166 0.358600 0.359700 0.361570 0.363852 0.366436 0.367775 0.368441 0.368668 0.368897 0.369168 0.369469 0.369647 0.369742 0.369880 0.369955 0.369990 0.369999 0.370000 0.369999
-9999.0 -9999.0 -9999.0 -9999.0 0.240581 0.241293 0.240436 0.243536 0.245659 0.240477 0.242258 0.241322 0.239605 0.237504 0.234987 0.236598 0.237453 0.237948 0.237359 0.242378 0.246492 0.242944 0.244679 0.248549 0.247035 0.247071 0.246789 0.248074 0.250678 0.253924 0.262698 0.270280 0.274965 0.281844 0.289682 0.299094 0.313625 0.342952 0.357961 0.360989 0.363150 0.365141 0.366369 0.366943 0.367424 0.367856 0.368370 0.369036 0.369556 0.369812 0.369922 0.369955 0.369972 0.369987 0.369999 0.370000 0.369999 0.370000 0.370000 0.370000 0.370000 0.370000 0.370000
-9999.0 -9999.0 -9999.0 0.238496 0.242035 0.243189 0.241173 0.241585 0.244157 0.241242 0.240616 0.240035 0.239641 0.239566 0.239192 0.240026 0.240039 0.239078 0.239503 0.242160 0.242820 0.244548 0.245614 0.247657 0.249497 0.249873 0.250705 0.253492 0.261242 0.269686 0.287343 0.309360 0.332819 0.354282 0.358428 0.360314 0.361889 0.364633 0.366685 0.367874 0.368758 0.369308 0.369643 0.369727 0.369776 0.369833 0.369907 0.369968 0.369997 0.369998 0.370000 0.370000 0.370000 0.370000 0.370000 0.370000 0.370000 0.370000 0.370000 0.370000 0.370000 0.370000 0.370000
-9999.0 -9999.0 0.239356 0.241327 0.239663 0.242007 0.244582 0.242135 0.245253 0.246055 0.242298 0.244034 0.244778 0.242337 0.243414 0.244659 0.245230 0.242444 0.240217 0.243119 0.249890 0.254827 0.256484 0.270046 0.278004 0.283364 0.285731 0.293647 0.305549 0.335110 0.357539 0.361753 0.364700 0.366911 0.367589 0.368143 0.368831 0.369228 0.369633 0.369846 0.369942 0.369986 0.370000 0.370000 0.369999 0.370000 0.370000 0.370000 0.370000 0.370000 0.370000 0.370000 0.370000 0.370000 0.370000 0.370000 0.370000 0.370000 0.370000 0.370000 0.370000 0.370000 0.370000
-9999.0 -9999.0 0.236990 0.240337 0.237649 0.242710 0.247285 0.241779 0.242723 0.247349 0.245474 0.245561 0.244240 0.243876 0.245487 0.249404 0.246892 0.245918 0.240555 0.251136 0.259670 0.274303 0.303378 0.331865 0.355232 0.357871 0.358495 0.359584 0.361147 0.364540 0.367659 0.369042 0.369675 0.369876 0.369931 0.369968 0.369998 0.369999 0.370000 0.370000 0.370000 0.370000 0.370000 0.370000 0.370000 0.370000 0.370000 0.370000 0.370000 0.370000 0.370000 0.370000 0.370000 0.370000 0.370000 0.370000 0.370000 0.370000 0.370000 0.370000 0.370000 0.370000 0.370000
-9999.0 0.236410 0.238016 0.237926 0.241142 0.239503 0.242973 0.248088 0.246910 0.248223 0.247473 0.243101 0.253224 0.261757 0.263685 0.270961 0.267011 0.264502 0.258525 0.268983 0.288405 0.340015 0.362210 0.366417 0.368098 0.368344 0.368257 0.368676 0.369257 0.369765 0.369995 0.370000 0.370000 0.370000 0.370000 0.370000 0.370000 0.370000 0.370000 0.370000 0.370000 0.370000 0.370000 0.370000 0.370000 0.370000 0.370000 0.370000 0.370000 0.370000 0.370000 0.370000 0.370000 0.370000 0.370000 0.370000 0.370000 0.370000 0.370000 0.370000 0.370000 0.370000 0.370000
-9999.0 0.231164 0.237877 0.241681 0.239724 0.236239 0.244807 0.257804 0.251101 0.248317 0.246464 0.253599 0.277785 0.300266 0.314248 0.334577 0.331120 0.321363 0.321620 0.349125 0.359802 0.365516 0.369627 0.369998 0.369999 0.369999 0.370000 0.370000 0.370000 0.370000 0.370000 0.370000 0.370000 0.370000 0.370000 0.370000 0.370000 0.370000 0.370000 0.370000 0.370000 0.370000 0.370000 0.370000 0.370000 0.370000 0.370000 0.370000 0.370000 0.370000 0.370000 0.370000 0.370000 0.370000 0.370000 0.370000 0.370000 0.370000 0.370000 0.369999 0.369998 0.369996 0.369997
-9999.0 0.236702 0.244419 0.242136 0.235202 0.243660 0.246071 0.253830 0.258827 0.254516 0.263906 0.299629 0.352770 0.360960 0.363785 0.365639 0.366768 0.366469 0.367534 0.369292 0.369974 0.370000 0.370000 0.370000 0.370000 0.370000 0.370000 0.370000 0.370000 0.370000 0.370000 0.370000 0.370000 0.370000 0.370000 0.370000 0.370000 0.370000 0.370000 0.370000 0.370000 0.370000 0.370000 0.370000 0.370000 0.370000 0.370000 0.370000 0.370000 0.370000 0.370000 0.370000 0.370000 0.370000 0.369999 0.369999 0.369997 0.369993 0.369984 0.369969 0.369946 0.369912 0.369913
-9999.0 0.227667 0.238658 0.229043 0.241419 0.251565 0.248101 0.261481 0.276685 0.279643 0.327692 0.359214 0.366178 0.368412 0.369453 0.369944 0.370000 0.370000 0.370000 0.370000 0.370000 0.370000 0.370000 0.370000 0.370000 0.370000 0.370000 0.370000 0.370000 0.370000 0.370000 0.370000 0.370000 0.370000 0.370000 0.370000 0.370000 0.370000 0.370000 0.370000 0.370000 0.370000 0.370000 0.370000 0.370000 0.370000 0.370000 0.369999 0.369998 0.369995 0.369992 0.369988 0.369986 0.369980 0.369980 0.369973 0.369919 0.369844 0.369743 0.369601 0.369393 0.368959 0.368887
-9999.0 0.221224 0.228813 0.234288 0.245090 0.252173 0.258302 0.272729 0.306002 0.342797 0.361107 0.365070 0.368073 0.369593 0.369981 0.370000 0.370000 0.370000 0.370000 0.370000 0.370000 0.370000 0.370000 0.370000 0.370000 0.370000 0.370000 0.370000 0.369999 0.369999 0.369999 0.369999 0.369999 0.369999 0.369999 0.369999 0.369999 0.369999 0.369998 0.369996 0.369993 0.369989 0.369986 0.369985 0.369983 0.369982 0.369973 0.369956 0.369929 0.369899 0.369863 0.369830 0.369821 0.369799 0.369767 0.369697 0.369396 0.368921 0.368359 0.367652 0.366146 0.364696 0.363789
-9999.0 0.206837 0.231664 0.234373 0.240663 0.241910 0.242419 0.253421 0.270573 0.337924 0.365966 0.367334 0.368133 0.369184 0.369910 0.369999 0.370000 0.370000 0.370000 0.369952 0.369909 0.369921 0.369957 0.369985 0.369994 0.369997 0.369996 0.369989 0.369975 0.369963 0.369956 0.369939 0.369925 0.369924 0.369917 0.369931 0.369942 0.369920 0.369878 0.369806 0.369722 0.369650 0.369628 0.369641 0.369633 0.369598 0.369501 0.369341 0.369094 0.368835 0.368612 0.368459 0.368313 0.368104 0.367857 0.367583 0.366605 0.365358 0.363224 0.360595 0.355962 0.332598 0.325025
-9999.0 -9999.0 0.220215 0.234655 0.236077 0.237711 0.238757 0.247780 0.256331 0.292732 0.340449 0.359246 0.362478 0.365256 0.368369 0.369523 0.369709 0.369763 0.369383 0.369118 0.369022 0.369074 0.369307 0.369529 0.369681 0.369750 0.369778 0.369756 0.369670 0.369496 0.369215 0.368946 0.368760 0.368618 0.368792 0.369028 0.369017 0.368914 0.368707 0.368381 0.368085 0.367732 0.367667 0.367734 0.367731 0.367591 0.367287 0.366468 0.365411 0.364342 0.363800 0.363334 0.362941 0.362236 0.361539 0.360763 0.358905 0.353500 0.328269 0.304978 0.286799 0.272671 0.266052
-9999.0 -9999.0 0.204457 0.227179 0.236832 0.243433 0.241697 0.241847 0.255730 0.260894 0.270866 0.289734 0.308321 0.332493 0.356308 0.360740 0.361918 0.362334 0.362109 0.362417 0.363453 0.364834 0.366127 0.366976 0.367503 0.367841 0.368131 0.367817 0.367449 0.366691 0.365159 0.363354 0.362473 0.362031 0.362321 0.362859 0.362576 0.362020 0.361248 0.360332 0.359677 0.358970 0.358804 0.358727 0.358639 0.358129 0.356583 0.349991 0.337440 0.328916 0.323459 0.319211 0.316984 0.312362 0.306936 0.303039 0.293728 0.283110 0.275318 0.268096 0.260423 0.257015 0.254068
-9999.0 -9999.0 -9999.0 0.206855 0.221088 0.231841 0.235795 0.229444 0.233023 0.240259 0.245154 0.253071 0.257503 0.262722 0.272454 0.285828 0.292777 0.294265 0.293309 0.306725 0.313815 0.331428 0.352430 0.357526 0.358915 0.359817 0.360065 0.359442 0.358678 0.355881 0.338034 0.319607 0.311921 0.312044 0.312226 0.314084 0.311409 0.308895 0.303469 0.297906 0.292360 0.287719 0.285763 0.284003 0.283098 0.281588 0.279986 0.276926 0.274043 0.271637 0.269552 0.269148 0.268664 0.267684 0.266412 0.265650 0.264490 0.259715 0.256668 0.253969 0.251267 0.248917 0.246676
-9999.0 -9999.0 -9999.0 -9999.0 -9999.0 0.197622 0.225810 0.231233 0.231183 0.228703 0.230960 0.240888 0.238970 0.240051 0.244008 0.245914 0.246388 0.248720 0.254065 0.258599 0.264685 0.269246 0.276613 0.284279 0.288820 0.293988 0.295665 0.291622 0.287649 0.281445 0.273289 0.266545 0.266241 0.266894 0.267227 0.267030 0.265969 0.265315 0.264367 0.261617 0.259114 0.258703 0.258382 0.257921 0.257383 0.257003 0.256685 0.256641 0.255005 0.253477 0.254498 0.254259 0.254155 0.254408 0.253798 0.253657 0.254309 0.250528 0.248619 0.250045 0.246727 0.244663 0.245808
-9999.0 -9999.0 -9999.0 -9999.0 -9999.0 -9999.0 0.194489 0.212213 0.226281 0.229993 0.235656 0.239908 0.233577 0.235576 0.237649 0.239813 0.243302 0.242895 0.243918 0.245660 0.248252 0.249301 0.252336 0.256793 0.256544 0.257589 0.260148 0.257230 0.255799 0.255128 0.249798 0.250817 0.250155 0.250831 0.251092 0.251755 0.251164 0.250643 0.250463 0.248175 0.248239 0.247737 0.247610 0.247464 0.247305 0.247279 0.247401 0.247590 0.246154 0.247129 0.247542 0.247172 0.247049 0.247440 0.247216 0.246688 0.247139 0.245572 0.245605 0.245919 0.243057 0.243417 0.243521
