tests/Borden05m/sims/sim_1/output-maps/thetaliqL0001N0011.asc
ncols         160
nrows         34
xllcorner     620200.000000
yllcorner     5168000.000000
cellsize      0.500000
NODATA_value  -9999.0
[rows 0 to 27 of 34, columns 0 to 62 of 160]
-9999.0 -9999.0 -9999.0 -9999.0 -9999.0 -9999.0 -9999.0 -9999.0 -9999.0 -9999.0 -9999.0 -9999.0 -9999.0 -9999.0 -9999.0 -9999.0 -9999.0 -9999.0 -9999.0 -9999.0 -9999.0 -9999.0 -9999.0 -9999.0 -9999.0 -9999.0 -9999.0 -9999.0 -9999.0 -9999.0 -9999.0 -9999.0 -9999.0 -9999.0 -9999.0 -9999.0 -9999.0 -9999.0 -9999.0 -9999.0 -9999.0 -9999.0 -9999.0 -9999.0 -9999.0 -9999.0 -9999.0 -9999.0 -9999.0 -9999.0 -9999.0 -9999.0 -9999.0 -9999.0 -9999.0 -9999.0 -9999.0 -9999.0 -9999.0 -9999.0 -9999.0 -9999.0 -9999.0
-9999.0 -9999.0 -9999.0 -9999.0 -9999.0 -9999.0 -9999.0 -9999.0 -9999.0 -9999.0 -9999.0 -9999.0 -9999.0 -9999.0 -9999.0 -9999.0 -9999.0 -9999.0 -9999.0 -9999.0 -9999.0 -9999.0 -9999.0 -9999.0 -9999.0 -9999.0 -9999.0 -9999.0 -9999.0 -9999.0 -9999.0 -9999.0 -9999.0 -9999.0 -9999.0 -9999.0 -9999.0 -9999.0 -9999.0 -9999.0 -9999.0 -9999.0 -9999.0 -9999.0 -9999.0 -9999.0 -9999.0 -9999.0 -9999.0 -9999.0 -9999.0 -9999.0 -9999.0 -9999.0 -9999.0 -9999.0 -9999.0 -9999.0 -9999.0 0.216863 0.216051 0.215519 0.215260
-9999.0 -9999.0 -9999.0 -9999.0 -9999.0 -9999.0 -9999.0 -9999.0 -9999.0 -9999.0 -9999.0 -9999.0 -9999.0 -9999.0 -9999.0 -9999.0 -9999.0 -9999.0 -9999.0 -9999.0 -9999.0 -9999.0 -9999.0 -9999.0 -9999.0 -9999.0 -9999.0 -9999.0 -9999.0 -9999.0 -9999.0 -9999.0 -9999.0 -9999.0 -9999.0 -9999.0 -9999.0 -9999.0 -9999.0 -9999.0 -9999.0 -9999.0 -9999.0 -9999.0 -9999.0 -9999.0 -9999.0 0.211545 0.209113 0.206179 0.205354 0.208579 0.209916 0.211122 0.211857 0.212524 0.213664 0.215944 0.215716 0.212183 0.211904 0.211884 0.212093
-9999.0 -9999.0 -9999.0 -9999.0 -9999.0 -9999.0 -9999.0 -9999.0 -9999.0 -9999.0 -9999.0 -9999.0 -9999.0 -9999.0 -9999.0 -9999.0 -9999.0 -9999.0 -9999.0 -9999.0 -9999.0 -9999.0 -9999.0 -9999.0 -9999.0 -9999.0 -9999.0 -9999.0 -9999.0 -9999.0 -9999.0 -9999.0 -9999.0 -9999.0 -9999.0 -9999.0 -9999.0 -9999.0 -9999.0 -9999.0 0.210776 0.211915 0.212892 0.211283 0.210679 0.210937 0.209311 0.207388 0.205393 0.206051 0.206068 0.204540 0.206670 0.208335 0.208791 0.209140 0.210550 0.213182 0.212946 0.210343 0.208823 0.208388 0.208749
-9999.0 -9999.0 -9999.0 -9999.0 -9999.0 -9999.0 -9999.0 -9999.0 -9999.0 -9999.0 -9999.0 -9999.0 -9999.0 -9999.0 -9999.0 -9999.0 -9999.0 -9999.0 -9999.0 -9999.0 -9999.0 -9999.0 -9999.0 -9999.0 -9999.0 -9999.0 -9999.0 -9999.0 -9999.0 -9999.0 -9999.0 -9999.0 -9999.0 -9999.0 0.206240 0.208294 0.209119 0.209883 0.211129 0.210564 0.210075 0.211057 0.210166 0.210175 0.209133 0.207155 0.205186 0.204115 0.205420 0.205026 0.204993 0.205981 0.206518 0.206612 0.207944 0.210193 0.208798 0.209240 0.208834 0.207774 0.208860 0.209736 0.210291
-9999.0 -9999.0 -9999.0 -9999.0 -9999.0 -9999.0 -9999.0 -9999.0 -9999.0 -9999.0 -9999.0 -9999.0 -9999.0 -9999.0 -9999.0 -9999.0 -9999.0 -9999.0 -9999.0 -9999.0 -9999.0 -9999.0 -9999.0 -9999.0 -9999.0 -9999.0 -9999.0 -9999.0 0.209537 0.208710 0.208086 0.208143 0.207843 0.206657 0.206284 0.206399 0.207413 0.209119 0.209301 0.208975 0.209044 0.208574 0.207335 0.207239 0.208676 0.207480 0.206969 0.206210 0.204143 0.203627 0.204779 0.205840 0.206706 0.206787 0.206743 0.206549 0.206501 0.209396 0.210066 0.208394 0.207535 0.207171 0.207445
-9999.0 -9999.0 -9999.0 -9999.0 -9999.0 -9999.0 -9999.0 -9999.0 -9999.0 -9999.0 -9999.0 -9999.0 -9999.0 -9999.0 -9999.0 -9999.0 -9999.0 -9999.0 -9999.0 -9999.0 -9999.0 -9999.0 -9999.0 0.208251 0.209012 0.209268 0.209921 0.209546 0.207874 0.206835 0.206394 0.206024 0.205138 0.204998 0.204908 0.205363 0.205645 0.207430 0.206335 0.205615 0.207198 0.206756 0.207844 0.209112 0.208837 0.209148 0.206868 0.205177 0.206995 0.207691 0.207524 0.207003 0.207445 0.208055 0.208823 0.210279 0.212179 0.213727 0.216542 0.214540 0.213219 0.210813 0.211098
-9999.0 -9999.0 -9999.0 -9999.0 -9999.0 -9999.0 -9999.0 -9999.0 -9999.0 -9999.0 -9999.0 -9999.0 -9999.0 -9999.0 -9999.0 -9999.0 -9999.0 -9999.0 -9999.0 0.208487 0.208229 0.207728 0.207887 0.206269 0.205574 0.205982 0.206787 0.206260 0.205345 0.204564 0.204649 0.204736 0.204507 0.205626 0.206492 0.206687 0.206279 0.207632 0.207925 0.208652 0.210835 0.209275 0.207800 0.207033 0.206968 0.206515 0.207859 0.208240 0.208288 0.208044 0.207958 0.208159 0.208175 0.209777 0.211173 0.212228 0.213191 0.214671 0.217849 0.216399 0.213883 0.211219 0.211271
-9999.0 -9999.0 -9999.0 -9999.0 -9999.0 -9999.0 -9999.0 -9999.0 -9999.0 -9999.0 -9999.0 -9999.0 -9999.0 -9999.0 -9999.0 -9999.0 0.208456 0.208306 0.207680 0.206662 0.205793 0.205748 0.206362 0.205160 0.204740 0.204957 0.204401 0.204931 0.205510 0.206219 0.206516 0.205635 0.205723 0.205512 0.205297 0.205531 0.207065 0.208438 0.208562 0.209517 0.211442 0.210163 0.209648 0.209702 0.208895 0.209424 0.212394 0.211717 0.210169 0.213241 0.214765 0.213921 0.213367 0.215149 0.217910 0.221520 0.227787 0.231801 0.236750 0.238999 0.234085 0.233460 0.235193
-9999.0 -9999.0 -9999.0 -9999.0 -9999.0 -9999.0 -9999.0 -9999.0 -9999.0 -9999.0 -9999.0 -9999.0 -9999.0 0.208404 0.208258 0.208382 0.206795 0.205584 0.204838 0.203805 0.205015 0.204072 0.203745 0.203915 0.204982 0.204947 0.205009 0.205644 0.205329 0.204914 0.204507 0.203732 0.204558 0.205360 0.205845 0.207003 0.207796 0.208325 0.209573 0.209580 0.210394 0.209876 0.208597 0.208289 0.209154 0.211818 0.213718 0.214163 0.217904 0.221843 0.223540 0.225906 0.226831 0.228093 0.231784 0.244367 0.261096 0.280111 0.296561 0.313291 0.315958 0.319235 0.322132
-9999.0 -9999.0 -9999.0 -9999.0 -9999.0 -9999.0 -9999.0 -9999.0 -9999.0 -9999.0 0.206118 0.206905 0.205741 0.203583 0.202626 0.203064 0.203517 0.202677 0.202646 0.204795 0.205944 0.203787 0.205156 0.205109 0.204151 0.204300 0.204791 0.204777 0.206026 0.205946 0.205818 0.207907 0.208302 0.208726 0.209363 0.210018 0.210480 0.213522 0.216073 0.215557 0.219415 0.221875 0.219548 0.218720 0.219207 0.221981 0.226555 0.233391 0.240870 0.252459 0.263491 0.271725 0.278836 0.289346 0.306952 0.328739 0.338346 0.345310 0.351649 0.355252 0.356685 0.357421 0.358181
-9999.0 -9999.0 -9999.0 -9999.0 -9999.0 -9999.0 -9999.0 -9999.0 0.203043 0.204253 0.205018 0.204046 0.202747 0.200405 0.201247 0.202060 0.202585 0.203394 0.203735 0.203984 0.203343 0.203998 0.205296 0.204808 0.204863 0.205676 0.205567 0.206237 0.207319 0.206493 0.206946 0.207848 0.208612 0.209263 0.210089 0.210397 0.213462 0.217652 0.222320 0.226317 0.232213 0.240168 0.239928 0.241712 0.243661 0.255278 0.272902 0.303431 0.328330 0.336276 0.342526 0.345778 0.348156 0.351391 0.355344 0.358404 0.361369 0.364463 0.366834 0.368038 0.368605 0.368872 0.369031
-9999.0 -9999.0 -9999.0 -9999.0 -9999.0 -9999.0 0.201284 0.203939 0.205222 0.202152 0.199847 0.199085 0.197724 0.200651 0.203266 0.203705 0.204023 0.204408 0.204035 0.202160 0.206090 0.204800 0.203834 0.204929 0.204680 0.204633 0.205238 0.206787 0.207267 0.210476 0.212664 0.214483 0.217144 0.218687 0.220392 0.222372 0.228261 0.237760 0.251910 0.267561 0.289278 0.317580 0.327551 0.331450 0.333739 0.337117 0.343671 0.351105 0.358028 0.362386 0.364694 0.365556 0.366338 0.367175 0.368043 0.368765 0.369115 0.369515 0.369768 0.369922 0.369974 0.369998 0.369999
-9999.0 -9999.0 -9999.0 -9999.0 0.202876 0.203419 0.202847 0.205140 0.206735 0.202970 0.204288 0.203628 0.202407 0.200902 0.199111 0.200302 0.200948 0.201344 0.200998 0.204786 0.207941 0.205469 0.206933 0.210007 0.209013 0.209164 0.209090 0.210281 0.212628 0.215611 0.223295 0.230448 0.235299 0.242138 0.249716 0.260141 0.280070 0.317707 0.333636 0.341974 0.349322 0.355087 0.358358 0.359715 0.361147 0.362643 0.364472 0.366600 0.368225 0.369279 0.369636 0.369788 0.369838 0.369906 0.369957 0.369997 0.369999 0.370000 0.369999 0.370000 0.370000 0.370000 0.370000
-9999.0 -9999.0 -9999.0 0.201359 0.203942 0.204818 0.203419 0.203780 0.205710 0.203649 0.203224 0.202856 0.202629 0.202618 0.202411 0.203062 0.203101 0.202422 0.202807 0.204910 0.205633 0.207212 0.208288 0.210183 0.211856 0.212333 0.213148 0.215632 0.222388 0.230292 0.247273 0.273632 0.307703 0.328173 0.334184 0.339726 0.345360 0.353386 0.359108 0.363029 0.365957 0.367721 0.368788 0.369015 0.369178 0.369310 0.369601 0.369794 0.369929 0.369998 0.369997 0.370000 0.370000 0.370000 0.370000 0.370000 0.370000 0.370000 0.370000 0.370000 0.370000 0.370000 0.370000
-9999.0 -9999.0 0.201936 0.203376 0.202242 0.204021 0.205981 0.204282 0.206661 0.207360 0.204675 0.206047 0.206694 0.204996 0.205898 0.206918 0.207362 0.205319 0.203742 0.206187 0.211730 0.216118 0.218114 0.230218 0.237796 0.242914 0.245254 0.253614 0.268415 0.309358 0.333696 0.345577 0.354692 0.360351 0.362194 0.364085 0.366417 0.367643 0.368726 0.369383 0.369760 0.369928 0.369997 0.369999 0.369999 0.369997 0.370000 0.370000 0.370000 0.370000 0.370000 0.370000 0.370000 0.370000 0.370000 0.370000 0.370000 0.370000 0.370000 0.370000 0.370000 0.370000 0.370000
-9999.0 -9999.0 0.200251 0.202671 0.200836 0.204624 0.208061 0.204184 0.205024 0.208579 0.207329 0.207540 0.206829 0.206841 0.208238 0.211401 0.209484 0.208758 0.204853 0.213223 0.220634 0.234371 0.265178 0.305571 0.330133 0.333283 0.334328 0.337796 0.343483 0.354433 0.363134 0.367288 0.368996 0.369552 0.369721 0.369855 0.369987 0.369996 0.369987 0.369998 0.370000 0.370000 0.370000 0.370000 0.370000 0.370000 0.370000 0.370000 0.370000 0.370000 0.370000 0.370000 0.370000 0.370000 0.370000 0.370000 0.370000 0.370000 0.370000 0.370000 0.370000 0.370000 0.370000
-9999.0 0.199811 0.200986 0.200981 0.203396 0.202367 0.205104 0.209140 0.208445 0.209619 0.209288 0.206385 0.214722 0.222120 0.224209 0.230916 0.227559 0.225328 0.220446 0.229678 0.248710 0.312962 0.349162 0.361159 0.364824 0.365287 0.364973 0.366173 0.367814 0.369195 0.369924 0.369998 0.370000 0.370000 0.370000 0.370000 0.370000 0.370000 0.370000 0.370000 0.370000 0.370000 0.370000 0.370000 0.370000 0.370000 0.370000 0.370000 0.370000 0.370000 0.370000 0.370000 0.370000 0.370000 0.370000 0.370000 0.370000 0.370000 0.370000 0.370000 0.369999 0.369998 0.369997
-9999.0 0.196107 0.200897 0.203705 0.202414 0.200179 0.206762 0.216839 0.212097 0.210319 0.209372 0.215650 0.237088 0.260402 0.279063 0.307933 0.304937 0.291936 0.293150 0.324201 0.341786 0.358627 0.368938 0.369992 0.369993 0.369996 0.369998 0.370000 0.370000 0.370000 0.370000 0.370000 0.370000 0.370000 0.370000 0.370000 0.370000 0.370000 0.370000 0.370000 0.370000 0.370000 0.370000 0.370000 0.370000 0.370000 0.370000 0.370000 0.370000 0.370000 0.370000 0.370000 0.370000 0.370000 0.370000 0.370000 0.369998 0.369996 0.369991 0.369977 0.369955 0.369937 0.369936
-9999.0 0.200067 0.205615 0.204065 0.199323 0.205736 0.207848 0.214282 0.219014 0.216276 0.224875 0.259642 0.322133 0.341734 0.351728 0.358256 0.362435 0.362366 0.364834 0.368202 0.369928 0.369997 0.370000 0.370000 0.370000 0.370000 0.370000 0.370000 0.370000 0.370000 0.370000 0.370000 0.370000 0.370000 0.370000 0.370000 0.370000 0.370000 0.370000 0.370000 0.370000 0.370000 0.370000 0.370000 0.370000 0.370000 0.370000 0.370000 0.369999 0.369998 0.369997 0.369995 0.369994 0.369993 0.369990 0.369981 0.369958 0.369919 0.369852 0.369751 0.369611 0.369436 0.369435
-9999.0 0.193825 0.201557 0.194922 0.204085 0.211706 0.209597 0.220977 0.235426 0.239950 0.296706 0.337353 0.356887 0.364550 0.368146 0.369764 0.369999 0.370000 0.370000 0.370000 0.370000 0.370000 0.370000 0.370000 0.370000 0.370000 0.370000 0.370000 0.370000 0.370000 0.370000 0.370000 0.370000 0.370000 0.370000 0.370000 0.370000 0.370000 0.369999 0.369998 0.369997 0.369996 0.369996 0.369997 0.369996 0.369994 0.369991 0.369979 0.369963 0.369943 0.369919 0.369890 0.369876 0.369845 0.369833 0.369777 0.369482 0.369128 0.368690 0.368097 0.367291 0.365829 0.365620
-9999.0 0.189327 0.194658 0.198765 0.206831 0.212330 0.217818 0.230897 0.265698 0.316051 0.343623 0.353393 0.363204 0.368410 0.369880 0.370000 0.370000 0.370000 0.370000 0.370000 0.370000 0.370000 0.370000 0.370000 0.370000 0.370000 0.370000 0.369997 0.369991 0.369990 0.369989 0.369989 0.369989 0.369989 0.369986 0.369986 0.369987 0.369975 0.369959 0.369941 0.369923 0.369897 0.369876 0.369865 0.369852 0.369847 0.369793 0.369688 0.369549 0.369413 0.369254 0.369107 0.369057 0.368944 0.368782 0.368450 0.367219 0.365429 0.363442 0.360891 0.355919 0.352737 0.350340
-9999.0 0.179614 0.196653 0.198765 0.203529 0.204664 0.205505 0.214564 0.230352 0.309738 0.358358 0.360847 0.363481 0.367113 0.369574 0.369987 0.370000 0.370000 0.369997 0.369811 0.369675 0.369711 0.369817 0.369917 0.369956 0.369968 0.369961 0.369919 0.369843 0.369787 0.369756 0.369689 0.369626 0.369620 0.369587 0.369634 0.369659 0.369520 0.369301 0.368979 0.368623 0.368312 0.368202 0.368234 0.368211 0.368084 0.367727 0.367153 0.366312 0.365423 0.364631 0.364044 0.363449 0.362597 0.361590 0.360469 0.356983 0.353211 0.347835 0.339759 0.328695 0.307739 0.296211
-9999.0 -9999.0 0.188744 0.198883 0.200090 0.201460 0.202582 0.209763 0.217296 0.251237 0.311581 0.336784 0.346295 0.355498 0.364508 0.368236 0.368938 0.369131 0.368045 0.367217 0.366929 0.367056 0.367639 0.368256 0.368709 0.368925 0.369005 0.368895 0.368557 0.367946 0.367047 0.366177 0.365527 0.365026 0.365588 0.366350 0.366243 0.365757 0.364870 0.363547 0.362322 0.360928 0.360616 0.360832 0.360858 0.360469 0.359679 0.357584 0.354981 0.352042 0.350422 0.348868 0.347432 0.344938 0.342457 0.339823 0.334566 0.326740 0.302005 0.267792 0.247046 0.233099 0.226778
-9999.0 -9999.0 0.178021 0.193618 0.200576 0.205459 0.204469 0.205176 0.216051 0.220957 0.229983 0.247667 0.268396 0.302842 0.328730 0.340430 0.344597 0.346219 0.345522 0.346573 0.350187 0.354255 0.357074 0.359188 0.360801 0.361928 0.362866 0.361703 0.360391 0.358076 0.354281 0.349219 0.346282 0.344746 0.345700 0.347427 0.346396 0.344348 0.341530 0.338277 0.335960 0.333603 0.333057 0.332894 0.332871 0.332152 0.330624 0.324997 0.313643 0.302845 0.294412 0.287621 0.283873 0.276944 0.269432 0.264398 0.253905 0.243407 0.235520 0.228434 0.221399 0.218138 0.215395
-9999.0 -9999.0 -9999.0 0.179598 0.189410 0.197120 0.200059 0.195868 0.198915 0.204457 0.208292 0.214481 0.218336 0.222918 0.231224 0.243709 0.250878 0.252710 0.252022 0.267340 0.277791 0.304409 0.325787 0.330878 0.333899 0.336593 0.337366 0.335385 0.333439 0.328905 0.313175 0.288316 0.276430 0.276296 0.276553 0.279032 0.275234 0.271578 0.264458 0.257676 0.251504 0.246794 0.244999 0.243392 0.242598 0.241274 0.239905 0.237101 0.234286 0.231941 0.229949 0.229489 0.228988 0.228023 0.226799 0.226024 0.224835 0.220618 0.217823 0.215306 0.212842 0.210743 0.208790
-9999.0 -9999.0 -9999.0 -9999.0 -9999.0 0.173659 0.192885 0.196736 0.196935 0.195447 0.197234 0.204491 0.203274 0.204183 0.207194 0.208763 0.209209 0.211075 0.215329 0.219308 0.224678 0.229092 0.236045 0.243163 0.247473 0.252739 0.254555 0.250368 0.246521 0.240851 0.233281 0.227022 0.226580 0.227104 0.227384 0.227212 0.226224 0.225566 0.224608 0.222161 0.219970 0.219558 0.219263 0.218853 0.218385 0.218047 0.217760 0.217671 0.216298 0.215011 0.215759 0.215540 0.215425 0.215575 0.215029 0.214840 0.215226 0.212100 0.210433 0.211316 0.208620 0.206890 0.207584
-9999.0 -9999.0 -9999.0 -9999.0 -9999.0 -9999.0 0.171522 0.183481 0.193218 0.195907 0.200031 0.203229 0.198794 0.200345 0.201925 0.203506 0.206033 0.205756 0.206637 0.208106 0.210253 0.211260 0.213840 0.217529 0.217466 0.218418 0.220530 0.218131 0.216928 0.216307 0.211977 0.212614 0.212051 0.212557 0.212753 0.213248 0.212754 0.212305 0.212104 0.210257 0.210228 0.209803 0.209674 0.209533 0.209387 0.209345 0.209415 0.209533 0.208403 0.209098 0.209401 0.209104 0.208992 0.209265 0.209062 0.208621 0.208896 0.207608 0.207525 0.207662 0.205418 0.205573 0.205570
