tests/Borden05m/sims/sim_1/output-maps/watertableN0016.asc
ncols         160
nrows         34
xllcorner     620200.000000
yllcorner     5168000.000000
cellsize      0.500000
NODATA_value  -9999.0
[rows 0 to 24 of 34, columns 0 to 57 of 160]
-9999.0 -9999.0 -9999.0 -9999.0 -9999.0 -9999.0 -9999.0 -9999.0 -9999.0 -9999.0 -9999.0 -9999.0 -9999.0 -9999.0 -9999.0 -9999.0 -9999.0 -9999.0 -9999.0 -9999.0 -9999.0 -9999.0 -9999.0 -9999.0 -9999.0 -9999.0 -9999.0 -9999.0 -9999.0 -9999.0 -9999.0 -9999.0 -9999.0 -9999.0 -9999.0 -9999.0 -9999.0 -9999.0 -9999.0 -9999.0 -9999.0 -9999.0 -9999.0 -9999.0 -9999.0 -9999.0 -9999.0 -9999.0 -9999.0 -9999.0 -9999.0 -9999.0 -9999.0 -9999.0 -9999.0 -9999.0 -9999.0 -9999.0
-9999.0 -9999.0 -9999.0 -9999.0 -9999.0 -9999.0 -9999.0 -9999.0 -9999.0 -9999.0 -9999.0 -9999.0 -9999.0 -9999.0 -9999.0 -9999.0 -9999.0 -9999.0 -9999.0 -9999.0 -9999.0 -9999.0 -9999.0 -9999.0 -9999.0 -9999.0 -9999.0 -9999.0 -9999.0 -9999.0 -9999.0 -9999.0 -9999.0 -9999.0 -9999.0 -9999.0 -9999.0 -9999.0 -9999.0 -9999.0 -9999.0 -9999.0 -9999.0 -9999.0 -9999.0 -9999.0 -9999.0 -9999.0 -9999.0 -9999.0 -9999.0 -9999.0 -9999.0 -9999.0 -9999.0 -9999.0 -9999.0 -9999.0
-9999.0 -9999.0 -9999.0 -9999.0 -9999.0 -9999.0 -9999.0 -9999.0 -9999.0 -9999.0 -9999.0 -9999.0 -9999.0 -9999.0 -9999.0 -9999.0 -9999.0 -9999.0 -9999.0 -9999.0 -9999.0 -9999.0 -9999.0 -9999.0 -9999.0 -9999.0 -9999.0 -9999.0 -9999.0 -9999.0 -9999.0 -9999.0 -9999.0 -9999.0 -9999.0 -9999.0 -9999.0 -9999.0 -9999.0 -9999.0 -9999.0 -9999.0 -9999.0 -9999.0 -9999.0 -9999.0 -9999.0 1013.225601 1030.453524 1046.672685 1048.479249 1026.035581 1003.039664 979.755296 959.621877 900.000000 900.000000 900.000000
-9999.0 -9999.0 -9999.0 -9999.0 -9999.0 -9999.0 -9999.0 -9999.0 -9999.0 -9999.0 -9999.0 -9999.0 -9999.0 -9999.0 -9999.0 -9999.0 -9999.0 -9999.0 -9999.0 -9999.0 -9999.0 -9999.0 -9999.0 -9999.0 -9999.0 -9999.0 -9999.0 -9999.0 -9999.0 -9999.0 -9999.0 -9999.0 -9999.0 -9999.0 -9999.0 -9999.0 -9999.0 -9999.0 -9999.0 -9999.0 966.300097 960.535761 959.046410 969.737269 980.920559 992.681294 1012.341404 1029.988513 1045.186632 1047.938037 1045.367865 1039.862208 1017.261495 993.344309 974.210252 957.203161 900.000000 900.000000
-9999.0 -9999.0 -9999.0 -9999.0 -9999.0 -9999.0 -9999.0 -9999.0 -9999.0 -9999.0 -9999.0 -9999.0 -9999.0 -9999.0 -9999.0 -9999.0 -9999.0 -9999.0 -9999.0 -9999.0 -9999.0 -9999.0 -9999.0 -9999.0 -9999.0 -9999.0 -9999.0 -9999.0 -9999.0 -9999.0 -9999.0 -9999.0 -9999.0 -9999.0 1057.162500 1039.815500 1021.959809 1003.923216 987.596709 981.114168 975.363617 969.678192 973.702048 978.487230 989.701025 1008.140569 1027.548264 1041.531027 1044.037036 1046.580381 1042.267580 1029.398241 1013.005495 996.923443 976.393231 953.674799 900.000000 900.000000
-9999.0 -9999.0 -9999.0 -9999.0 -9999.0 -9999.0 -9999.0 -9999.0 -9999.0 -9999.0 -9999.0 -9999.0 -9999.0 -9999.0 -9999.0 -9999.0 -9999.0 -9999.0 -9999.0 -9999.0 -9999.0 -9999.0 -9999.0 -9999.0 -9999.0 -9999.0 -9999.0 -9999.0 1052.760953 1058.650796 1063.784524 1065.322268 1066.655055 1067.856127 1061.020058 1048.882630 1030.864010 1009.674148 997.105289 990.121774 983.746659 983.024317 987.856570 990.050260 989.919369 1001.462622 1012.917766 1023.631338 1033.918979 1035.136251 1025.712249 1012.067454 996.345429 981.860594 966.825617 954.346867 900.000000 900.000000
-9999.0 -9999.0 -9999.0 -9999.0 -9999.0 -9999.0 -9999.0 -9999.0 -9999.0 -9999.0 -9999.0 -9999.0 -9999.0 -9999.0 -9999.0 -9999.0 -9999.0 -9999.0 -9999.0 -9999.0 -9999.0 -9999.0 -9999.0 1081.953729 1076.004359 1069.580538 1062.304925 1061.464112 1065.706918 1071.364649 1074.534639 1076.120369 1077.739931 1073.407131 1065.181232 1051.669754 1035.982814 1014.663436 1006.231691 999.821459 987.646322 985.439485 980.694331 976.851203 978.696302 981.356782 993.116777 1001.764798 996.162082 990.062849 983.662372 976.207873 963.352283 900.000000 900.000000 900.000000 888.128167 868.416480
-9999.0 -9999.0 -9999.0 -9999.0 -9999.0 -9999.0 -9999.0 -9999.0 -9999.0 -9999.0 -9999.0 -9999.0 -9999.0 -9999.0 -9999.0 -9999.0 -9999.0 -9999.0 -9999.0 1100.000000 1100.000000 1100.000000 1100.000000 1099.426856 1097.236933 1090.307929 1082.261848 1080.159708 1081.777345 1083.394880 1081.901345 1079.273597 1075.107289 1063.786467 1050.100701 1036.109742 1022.180914 1001.631915 987.094943 973.414651 957.570739 958.868468 963.241422 965.380728 964.963120 964.337251 958.508187 954.755846 900.000000 900.000000 900.000000 900.000000 900.000000 897.226478 876.697540 855.729024 835.531468 815.639735
-9999.0 -9999.0 -9999.0 -9999.0 -9999.0 -9999.0 -9999.0 -9999.0 -9999.0 -9999.0 -9999.0 -9999.0 -9999.0 -9999.0 -9999.0 -9999.0 1100.000000 1100.000000 1100.000000 1100.000000 1100.000000 1100.000000 1100.000000 1100.000000 1100.000000 1100.000000 1095.757706 1087.267852 1079.478729 1072.224950 1066.338085 1063.640700 1056.008326 1046.392511 1034.558439 1019.087777 997.475970 974.988066 958.841897 900.000000 900.000000 900.000000 900.000000 900.000000 900.000000 900.000000 897.826347 891.031299 886.982181 867.770409 852.810726 846.624853 838.546771 819.590481 794.393345 765.477199 700.000000 700.000000
-9999.0 -9999.0 -9999.0 -9999.0 -9999.0 -9999.0 -9999.0 -9999.0 -9999.0 -9999.0 -9999.0 -9999.0 -9999.0 1179.708846 1175.597676 1166.393366 1157.988134 1155.734827 1100.000000 1100.000000 1100.000000 1100.000000 1100.000000 1100.000000 1100.000000 1096.934115 1087.785619 1076.085166 1067.651463 1060.426243 1053.280005 1046.781047 1033.136531 1017.754372 1001.816102 981.579026 959.949280 900.000000 900.000000 900.000000 887.741502 883.858115 885.159046 883.047779 874.378706 855.461953 835.146235 821.052707 797.438094 771.271285 754.335176 700.000000 700.000000 700.000000 687.869284 644.459330 598.641447 562.404945
-9999.0 -9999.0 -9999.0 -9999.0 -9999.0 -9999.0 -9999.0 -9999.0 -9999.0 -9999.0 1213.977817 1211.499521 1214.925030 1214.503367 1209.777629 1197.960909 1184.765948 1178.039744 1166.839476 1100.000000 1100.000000 1100.000000 1100.000000 1100.000000 1094.500726 1083.863462 1070.752227 1057.768740 1040.561848 1027.807870 1015.160783 994.559250 977.919052 961.342460 900.000000 900.000000 900.000000 871.395931 843.068280 827.431642 801.775655 786.027940 788.054930 786.955559 777.580889 757.103898 700.000000 696.269352 666.792654 632.523008 605.055261 585.832053 571.450651 500.000000 500.000000 500.000000 459.518883 427.448194
-9999.0 -9999.0 -9999.0 -9999.0 -9999.0 -9999.0 -9999.0 -9999.0 1237.992687 1231.051032 1224.855941 1227.864928 1232.484563 1235.923365 1222.784222 1207.120401 1191.305559 1174.292905 1158.469616 1100.000000 1100.000000 1100.000000 1089.299920 1077.440893 1065.546871 1050.312595 1036.525846 1018.638194 997.183323 982.372568 963.157334 900.000000 900.000000 900.000000 882.645063 863.155853 832.923878 795.997754 759.730921 700.000000 696.810014 666.465160 663.160169 657.423700 649.276912 616.016650 577.123762 500.000000 500.000000 473.375788 442.109819 424.667799 413.285116 399.615854 383.073548 325.000000 325.000000 315.225054
-9999.0 -9999.0 -9999.0 -9999.0 -9999.0 -9999.0 1264.048755 1240.012852 1225.266009 1233.056103 1241.744037 1245.131021 1248.748330 1228.162231 1206.812545 1190.007681 1173.415286 1156.140212 1100.000000 1100.000000 1090.697963 1073.844272 1058.755267 1039.106421 1024.712154 1010.301025 992.634353 968.703697 900.000000 900.000000 880.792829 852.178794 823.433908 801.134022 779.681341 756.553478 700.000000 673.534910 627.119472 587.637091 500.000000 500.000000 500.000000 497.522953 487.444249 467.403782 436.024198 404.633098 325.000000 325.000000 312.792568 301.581598 291.488673 280.051455 266.145335 200.000000 200.000000 200.000000
-9999.0 -9999.0 -9999.0 -9999.0 1297.317104 1276.462995 1256.147249 1225.467153 1202.968569 1208.191606 1201.066129 1200.559229 1201.899160 1198.906543 1192.724235 1174.838847 1156.938641 1100.000000 1100.000000 1082.983366 1040.685722 1023.642637 996.674486 963.959815 900.000000 900.000000 900.000000 892.805245 861.843843 823.998136 772.576506 700.000000 693.004319 663.177218 635.753725 604.888721 564.444956 500.000000 479.454728 442.525669 410.620814 385.168951 325.000000 325.000000 325.000000 325.000000 315.368324 289.282968 259.347679 200.000000 197.823713 182.206753 173.917756 110.000000 110.000000 110.000000 50.000000 20.000000
-9999.0 -9999.0 -9999.0 1300.000000 1300.000000 1269.444996 1242.127800 1211.217165 1179.521680 1173.549391 1164.944350 1158.718196 1100.000000 1100.000000 1100.000000 1100.000000 1100.000000 1088.231589 1066.694134 1029.530687 992.661586 957.774566 900.000000 891.016922 866.069886 848.239605 829.173949 801.904736 757.359447 700.000000 647.625078 581.193649 500.000000 500.000000 481.802080 454.259608 428.821218 393.787364 325.000000 325.000000 298.778634 273.732625 200.000000 200.000000 200.000000 200.000000 200.000000 181.243688 110.000000 50.000000 20.000000 0.000000 0.000000 0.000000 0.000000 0.000000 0.000000 0.000000
-9999.0 -9999.0 1391.854296 1354.543117 1300.000000 1268.410338 1215.630096 1181.796254 1100.000000 1100.000000 1100.000000 1089.450742 1072.087521 1063.275411 1046.003073 1028.119766 1013.616924 1009.076122 994.871562 958.651226 900.000000 849.977797 812.583341 700.000000 700.000000 681.543307 663.320687 631.746039 590.587836 500.000000 481.415372 428.436962 387.007007 325.000000 325.000000 324.053818 300.354200 276.056409 200.000000 200.000000 188.954589 110.000000 110.000000 50.000000 110.000000 20.000000 0.000000 0.000000 0.000000 0.000000 0.000000 0.000000 0.000000 0.000000 0.000000 0.000000 0.000000 0.000000
-9999.0 -9999.0 1417.644961 1373.147672 1300.000000 1261.894334 1184.497348 1100.000000 1100.000000 1057.771640 1037.987117 1013.213766 994.214121 976.153353 900.000000 900.000000 900.000000 900.000000 900.000000 855.827202 790.875931 700.000000 630.549511 500.000000 500.000000 496.725771 487.357064 466.675104 438.863400 392.197028 325.000000 285.041056 200.000000 200.000000 197.652552 182.703283 110.000000 110.000000 50.000000 0.000000 0.000000 0.000000 0.000000 0.000000 0.000000 0.000000 0.000000 0.000000 0.000000 0.000000 0.000000 0.000000 0.000000 0.000000 0.000000 0.000000 0.000000 0.000000
-9999.0 1500.000000 1453.357083 1399.269680 1300.000000 1259.284446 1172.732437 1090.536591 1037.817397 993.477724 963.353839 900.000000 887.414999 834.612485 804.205008 771.580483 772.131952 772.277046 778.432476 700.000000 658.993560 500.000000 422.743733 325.000000 325.000000 320.401633 322.892924 307.640077 280.629971 200.000000 177.490977 50.000000 0.000000 0.000000 0.000000 0.000000 0.000000 0.000000 0.000000 0.000000 0.000000 0.000000 0.000000 0.000000 0.000000 0.000000 0.000000 0.000000 0.000000 0.000000 0.000000 0.000000 0.000000 0.000000 0.000000 0.000000 0.000000 0.000000
-9999.0 1500.000000 1480.343710 1407.609161 1300.000000 1259.741736 1100.000000 1011.733587 962.184549 900.000000 892.600664 843.210857 700.000000 665.774013 618.993484 571.510377 573.441514 584.870021 584.587788 500.000000 474.890986 386.580070 200.000000 172.640164 110.000000 110.000000 110.000000 50.000000 20.000000 0.000000 0.000000 0.000000 0.000000 0.000000 0.000000 0.000000 0.000000 0.000000 0.000000 0.000000 0.000000 0.000000 0.000000 0.000000 0.000000 0.000000 0.000000 0.000000 0.000000 20.000000 20.000000 50.000000 50.000000 50.000000 50.000000 50.000000 50.000000 110.000000
-9999.0 1568.242251 1497.147544 1431.655048 1360.283271 1235.476119 1100.000000 973.995014 880.624122 837.726999 782.623988 678.709878 564.623657 472.771823 425.231768 401.112051 388.440560 392.414905 325.000000 316.839920 200.000000 110.000000 0.000000 0.000000 0.000000 0.000000 0.000000 0.000000 0.000000 0.000000 0.000000 0.000000 0.000000 0.000000 0.000000 0.000000 0.000000 0.000000 0.000000 0.000000 0.000000 0.000000 0.000000 0.000000 0.000000 20.000000 20.000000 50.000000 50.000000 106.725360 110.000000 110.000000 110.000000 110.000000 110.000000 110.000000 110.000000 165.537393
-9999.0 1664.678421 1576.177227 1500.000000 1387.024782 1211.267842 1081.546132 900.000000 775.759591 700.000000 601.263592 485.396749 394.015153 325.000000 298.141373 258.102789 200.000000 200.000000 166.992712 110.000000 0.000000 0.000000 0.000000 0.000000 0.000000 0.000000 0.000000 0.000000 0.000000 0.000000 0.000000 20.000000 0.000000 0.000000 0.000000 0.000000 20.000000 50.000000 50.000000 50.000000 50.000000 50.000000 105.086842 50.000000 107.725199 110.000000 110.000000 110.000000 110.000000 110.000000 167.134054 174.959587 178.668204 184.624576 186.240682 193.211012 200.000000 200.000000
-9999.0 1700.000000 1667.966943 1569.873431 1418.309701 1245.569532 1093.709374 900.000000 691.267081 560.940320 454.320529 402.859618 325.000000 279.294813 200.000000 187.462475 170.252209 110.000000 110.000000 110.000000 110.000000 50.000000 20.000000 0.000000 0.000000 0.000000 50.000000 110.000000 110.000000 110.000000 110.000000 110.000000 110.000000 110.000000 110.000000 110.000000 110.000000 110.000000 110.000000 110.000000 110.000000 166.842396 172.067193 175.103340 178.551125 181.143896 190.117646 200.000000 200.000000 200.000000 200.000000 200.000000 200.000000 200.000000 200.000000 260.238164 285.952418 310.811699
-9999.0 1845.847097 1700.000000 1622.142075 1488.452308 1300.000000 1199.196370 1017.557419 839.974259 593.646325 402.218138 325.000000 325.000000 301.752208 200.000000 193.261393 187.275839 200.000000 200.000000 200.000000 200.000000 200.000000 189.311322 166.917058 110.000000 110.000000 110.000000 166.817785 181.075822 188.502020 192.208180 199.274593 200.000000 200.000000 200.000000 200.000000 200.000000 200.000000 200.000000 200.000000 200.000000 259.569946 262.838956 262.620560 263.770495 267.516613 275.309020 285.607219 297.903960 309.020518 317.418921 323.303746 325.000000 325.000000 325.000000 325.000000 325.000000 403.149520
-9999.0 -9999.0 1798.378897 1683.087124 1567.433560 1435.501667 1300.000000 1100.000000 970.921935 700.000000 611.295062 500.000000 447.063943 405.062304 325.000000 306.814752 298.940237 290.912764 314.405379 312.157441 304.004840 293.991295 280.391658 265.943144 200.000000 200.000000 200.000000 200.000000 200.000000 269.870381 285.934354 298.049717 305.465461 310.928832 304.245747 294.840263 296.961353 303.728179 314.851049 325.000000 325.000000 325.000000 325.000000 325.000000 325.000000 325.000000 325.000000 325.000000 391.474256 404.487646 410.918841 417.327495 423.617206 434.708966 446.415548 459.997582 484.746352 500.000000
-9999.0 -9999.0 1884.967741 1771.628417 1650.041446 1500.000000 1408.574403 1300.000000 1100.000000 998.006530 881.667287 776.928213 688.189647 617.931031 566.271666 500.000000 479.519585 467.052587 460.097946 443.093306 420.428988 398.855906 383.917040 325.000000 325.000000 325.000000 325.000000 325.000000 325.000000 325.000000 394.796383 415.962589 427.475494 433.397126 429.662245 422.865470 428.011743 438.294621 452.881792 469.988546 483.927016 497.152939 500.000000 500.000000 500.000000 500.000000 500.000000 500.000000 500.000000 500.000000 500.000000 565.671334 570.763022 580.758380 593.638083 604.396854 628.865324 661.086695
