tests/Borden05m/sims/sim_1/output-maps/watertableN0008.asc
ncols         160
nrows         34
xllcorner     620200.000000
yllcorner     5168000.000000
cellsize      0.500000
NODATA_value  -9999.0
[rows 0 to 25 of 34, columns 59 to 117 of 160]
-9999.0 -9999.0 -9999.0 -9999.0 -9999.0 -9999.0 -9999.0 -9999.0 -9999.0 -9999.0 -9999.0 -9999.0 -9999.0 -9999.0 -9999.0 -9999.0 -9999.0 -9999.0 -9999.0 -9999.0 -9999.0 -9999.0 -9999.0 -9999.0 -9999.0 -9999.0 -9999.0 -9999.0 -9999.0 -9999.0 -9999.0 -9999.0 -9999.0 -9999.0 -9999.0 -9999.0 -9999.0 -9999.0 -9999.0 -9999.0 -9999.0 -9999.0 -9999.0 -9999.0 -9999.0 -9999.0 -9999.0 -9999.0 -9999.0 -9999.0 -9999.0 -9999.0 -9999.0 -9999.0 -9999.0 -9999.0 -9999.0 -9999.0 -9999.0
886.839077 892.323349 897.654932 900.000000 900.000000 900.000000 900.000000 900.000000 900.000000 900.000000 900.000000 900.000000 900.000000 900.000000 900.000000 900.000000 900.000000 899.937774 899.307441 900.000000 900.000000 900.000000 900.000000 900.000000 900.000000 900.000000 900.000000 900.000000 900.000000 900.000000 900.000000 900.000000 900.000000 900.000000 894.708924 883.180420 877.758339 872.752347 869.688584 873.711453 877.269088 880.974200 885.705285 896.547159 -9999.0 -9999.0 -9999.0 -9999.0 -9999.0 -9999.0 -9999.0 -9999.0 -9999.0 -9999.0 -9999.0 -9999.0 -9999.0 -9999.0 -9999.0
900.000000 900.000000 900.000000 900.000000 900.000000 900.000000 900.000000 900.000000 900.000000 900.000000 900.000000 900.000000 900.000000 900.000000 900.000000 900.000000 900.000000 900.000000 900.000000 900.000000 900.000000 900.000000 900.000000 900.000000 900.000000 900.000000 900.000000 900.000000 900.000000 900.000000 900.000000 900.000000 900.000000 900.000000 900.000000 896.404952 884.427160 879.381753 881.790582 886.807959 890.571176 896.979277 900.000000 900.000000 900.000000 900.000000 900.000000 900.000000 900.000000 900.000000 900.000000 900.000000 900.000000 889.376017 -9999.0 -9999.0 -9999.0 -9999.0 -9999.0
900.000000 900.000000 900.000000 900.000000 900.000000 900.000000 900.000000 900.000000 900.000000 900.000000 900.000000 900.000000 900.000000 900.000000 900.000000 900.000000 900.000000 900.000000 900.000000 900.000000 900.000000 900.000000 900.000000 900.000000 900.000000 900.000000 900.000000 900.000000 900.000000 900.000000 900.000000 900.000000 900.000000 900.000000 900.000000 899.390743 892.618774 888.233430 891.413707 892.833194 900.000000 900.000000 900.000000 900.000000 900.000000 900.000000 900.000000 961.001333 954.406205 900.000000 900.000000 900.000000 900.000000 900.000000 897.567651 895.709922 896.218268 896.795607 899.607653
900.000000 900.000000 900.000000 900.000000 900.000000 900.000000 900.000000 900.000000 900.000000 900.000000 900.000000 900.000000 900.000000 900.000000 900.000000 900.000000 900.000000 897.025294 896.500705 896.170849 897.354443 898.070070 898.358266 900.000000 899.275386 896.574761 895.745392 890.692358 885.132133 882.465165 890.753896 899.744721 899.342106 892.034794 884.390775 877.270368 866.706281 855.544802 857.066818 863.121712 872.381245 886.317918 900.000000 900.000000 900.000000 900.000000 954.342558 955.324735 957.910396 900.000000 900.000000 900.000000 900.000000 900.000000 900.000000 900.000000 900.000000 900.000000 900.000000
900.000000 900.000000 900.000000 900.000000 900.000000 900.000000 900.000000 892.272614 877.027435 873.872907 870.992604 871.100151 880.477480 890.544790 894.643436 879.916045 864.198034 855.580975 853.922146 852.666776 844.206920 845.635931 847.859461 852.884996 850.271864 847.220165 835.909062 828.334371 821.680035 823.529594 835.027366 845.850004 847.941085 846.241115 844.308536 838.702816 828.672971 819.068716 824.349349 832.635651 844.138886 873.590573 900.000000 900.000000 900.000000 900.000000 900.000000 900.000000 900.000000 900.000000 900.000000 900.000000 900.000000 900.000000 900.000000 900.000000 900.000000 900.000000 900.000000
858.906705 867.100070 877.631228 877.034342 873.181063 864.392186 850.447035 831.210509 806.328430 801.270053 796.339775 791.999443 802.603001 814.876887 826.533474 810.961398 800.668566 790.501388 785.480360 772.332086 760.690350 764.448803 772.349145 781.163760 774.310793 760.111632 700.000000 700.000000 700.000000 700.000000 700.000000 700.000000 752.810372 752.948778 757.045594 754.381323 700.000000 700.000000 700.000000 700.000000 769.006697 806.978872 843.679009 867.276465 864.902244 872.466429 879.551314 884.750981 899.488541 900.000000 900.000000 900.000000 900.000000 900.000000 900.000000 900.000000 900.000000 900.000000 900.000000
802.040173 812.534461 824.268167 823.678024 814.743468 803.981631 783.286421 756.603447 700.000000 700.000000 700.000000 690.351057 697.896284 700.000000 700.000000 700.000000 699.262018 683.723357 667.366002 648.768877 631.993034 635.622878 644.044284 646.106387 640.729428 622.217150 605.263739 598.214167 594.521813 589.185356 596.064570 605.331683 615.468617 624.842193 633.266136 638.677231 623.966645 610.193882 615.578296 646.119256 678.575219 700.000000 761.002440 798.513127 806.628558 810.793719 814.596906 831.623920 848.721134 868.602838 880.948171 891.265368 900.000000 900.000000 898.748543 889.414678 880.910066 882.103995 899.204853
679.548629 692.249813 696.110917 689.890552 676.347956 666.452753 646.991110 611.446654 563.070255 500.000000 458.743242 443.537105 468.907046 496.207560 500.000000 500.000000 500.000000 483.220992 440.043399 325.000000 325.000000 305.231174 299.300266 296.341649 291.750138 286.813388 200.000000 200.000000 200.000000 200.000000 200.000000 200.000000 200.000000 287.249549 299.591434 303.551028 308.408740 305.824716 325.000000 396.900939 487.859742 500.000000 604.382971 646.523551 676.645286 682.875209 700.000000 700.000000 700.000000 787.720079 810.120445 829.587752 860.819872 867.117088 858.659233 846.513756 840.209676 857.150769 874.966623
498.528997 493.902715 486.209023 476.915825 458.996238 432.354070 325.000000 310.933929 200.000000 110.000000 110.000000 50.000000 110.000000 110.000000 196.336332 200.000000 200.000000 110.000000 50.000000 0.000000 0.000000 0.000000 0.000000 0.000000 0.000000 0.000000 0.000000 0.000000 0.000000 0.000000 0.000000 0.000000 0.000000 0.000000 0.000000 0.000000 0.000000 0.000000 0.000000 0.000000 110.000000 200.000000 283.556475 325.000000 445.075021 500.000000 500.000000 578.944715 631.442346 680.168942 700.000000 760.297306 793.796883 801.939965 780.227291 756.707314 767.926783 782.617909 802.929697
110.000000 110.000000 110.000000 110.000000 110.000000 50.000000 0.000000 0.000000 0.000000 0.000000 0.000000 0.000000 0.000000 0.000000 0.000000 0.000000 0.000000 0.000000 0.000000 0.000000 0.000000 0.000000 0.000000 0.000000 0.000000 0.000000 0.000000 0.000000 0.000000 0.000000 0.000000 0.000000 0.000000 0.000000 0.000000 0.000000 0.000000 0.000000 0.000000 0.000000 0.000000 0.000000 0.000000 0.000000 110.000000 200.000000 200.000000 200.000000 296.982342 325.000000 487.002954 557.389781 611.300088 646.754736 622.946660 637.821350 656.726153 680.091172 700.000000
0.000000 0.000000 0.000000 0.000000 0.000000 0.000000 0.000000 0.000000 0.000000 0.000000 0.000000 0.000000 0.000000 0.000000 0.000000 0.000000 0.000000 0.000000 0.000000 0.000000 0.000000 0.000000 0.000000 0.000000 0.000000 0.000000 0.000000 0.000000 0.000000 0.000000 0.000000 0.000000 0.000000 0.000000 0.000000 0.000000 0.000000 0.000000 0.000000 0.000000 0.000000 0.000000 0.000000 0.000000 0.000000 0.000000 0.000000 0.000000 0.000000 0.000000 50.000000 110.000000 200.000000 317.111663 325.000000 434.446860 485.592056 500.000000 584.150506
0.000000 0.000000 0.000000 0.000000 0.000000 0.000000 0.000000 0.000000 0.000000 0.000000 0.000000 0.000000 0.000000 0.000000 0.000000 0.000000 0.000000 0.000000 0.000000 0.000000 0.000000 0.000000 0.000000 0.000000 0.000000 0.000000 0.000000 0.000000 0.000000 0.000000 0.000000 0.000000 0.000000 0.000000 0.000000 0.000000 0.000000 0.000000 0.000000 0.000000 0.000000 0.000000 0.000000 0.000000 0.000000 0.000000 0.000000 0.000000 0.000000 0.000000 0.000000 0.000000 0.000000 0.000000 0.000000 50.000000 110.000000 200.000000 283.530235
0.000000 0.000000 0.000000 0.000000 0.000000 0.000000 0.000000 0.000000 0.000000 0.000000 0.000000 0.000000 0.000000 0.000000 0.000000 0.000000 0.000000 0.000000 0.000000 0.000000 0.000000 0.000000 0.000000 0.000000 0.000000 0.000000 0.000000 0.000000 0.000000 0.000000 0.000000 0.000000 0.000000 0.000000 0.000000 0.000000 0.000000 0.000000 0.000000 0.000000 0.000000 0.000000 0.000000 0.000000 0.000000 0.000000 0.000000 0.000000 0.000000 0.000000 0.000000 0.000000 0.000000 0.000000 0.000000 0.000000 0.000000 0.000000 0.000000
0.000000 0.000000 0.000000 0.000000 0.000000 0.000000 0.000000 0.000000 0.000000 0.000000 0.000000 0.000000 0.000000 0.000000 0.000000 0.000000 0.000000 0.000000 0.000000 0.000000 0.000000 0.000000 0.000000 0.000000 0.000000 0.000000 0.000000 0.000000 0.000000 0.000000 0.000000 0.000000 0.000000 0.000000 0.000000 0.000000 0.000000 0.000000 0.000000 0.000000 0.000000 0.000000 0.000000 0.000000 0.000000 0.000000 0.000000 0.000000 0.000000 0.000000 0.000000 0.000000 0.000000 0.000000 0.000000 0.000000 0.000000 0.000000 0.000000
0.000000 0.000000 0.000000 0.000000 0.000000 0.000000 0.000000 0.000000 0.000000 0.000000 0.000000 0.000000 0.000000 0.000000 0.000000 0.000000 0.000000 0.000000 0.000000 0.000000 0.000000 0.000000 0.000000 0.000000 0.000000 0.000000 0.000000 0.000000 0.000000 0.000000 0.000000 0.000000 0.000000 0.000000 0.000000 0.000000 0.000000 0.000000 0.000000 0.000000 0.000000 0.000000 0.000000 0.000000 0.000000 0.000000 0.000000 0.000000 0.000000 0.000000 0.000000 0.000000 0.000000 0.000000 0.000000 0.000000 0.000000 0.000000 0.000000
0.000000 0.000000 0.000000 0.000000 0.000000 0.000000 0.000000 0.000000 0.000000 0.000000 0.000000 0.000000 0.000000 0.000000 0.000000 0.000000 0.000000 0.000000 0.000000 0.000000 0.000000 0.000000 0.000000 0.000000 0.000000 0.000000 0.000000 0.000000 0.000000 0.000000 0.000000 0.000000 0.000000 0.000000 0.000000 0.000000 0.000000 0.000000 0.000000 0.000000 0.000000 0.000000 0.000000 0.000000 0.000000 0.000000 0.000000 0.000000 0.000000 0.000000 0.000000 0.000000 0.000000 0.000000 0.000000 0.000000 0.000000 0.000000 0.000000
0.000000 0.000000 0.000000 0.000000 0.000000 0.000000 0.000000 0.000000 0.000000 0.000000 0.000000 0.000000 0.000000 0.000000 0.000000 0.000000 0.000000 0.000000 0.000000 0.000000 0.000000 0.000000 0.000000 0.000000 0.000000 0.000000 0.000000 0.000000 0.000000 0.000000 0.000000 0.000000 0.000000 0.000000 0.000000 0.000000 0.000000 0.000000 0.000000 0.000000 0.000000 0.000000 0.000000 0.000000 0.000000 0.000000 0.000000 0.000000 0.000000 0.000000 0.000000 0.000000 0.000000 0.000000 0.000000 0.000000 0.000000 0.000000 0.000000
0.000000 0.000000 0.000000 0.000000 0.000000 0.000000 0.000000 0.000000 0.000000 0.000000 0.000000 0.000000 0.000000 0.000000 0.000000 0.000000 0.000000 0.000000 0.000000 0.000000 0.000000 0.000000 50.000000 50.000000 20.000000 20.000000 50.000000 50.000000 50.000000 50.000000 50.000000 0.000000 0.000000 0.000000 0.000000 0.000000 0.000000 0.000000 0.000000 0.000000 0.000000 0.000000 0.000000 0.000000 0.000000 0.000000 0.000000 0.000000 0.000000 0.000000 0.000000 0.000000 0.000000 0.000000 0.000000 0.000000 0.000000 0.000000 0.000000
0.000000 0.000000 0.000000 0.000000 0.000000 0.000000 0.000000 0.000000 0.000000 0.000000 0.000000 50.000000 110.000000 200.000000 200.000000 200.000000 200.000000 200.000000 200.000000 304.407437 325.000000 325.000000 410.501896 431.005784 419.954008 396.115777 416.335563 432.686018 431.308124 435.743459 429.915977 325.000000 325.000000 297.500447 200.000000 200.000000 200.000000 200.000000 197.427762 110.000000 20.000000 0.000000 0.000000 0.000000 0.000000 0.000000 0.000000 0.000000 0.000000 0.000000 0.000000 0.000000 0.000000 0.000000 0.000000 0.000000 0.000000 0.000000 0.000000
0.000000 0.000000 0.000000 0.000000 0.000000 0.000000 0.000000 110.000000 200.000000 291.353050 325.000000 428.800204 497.845750 554.080588 583.243065 583.003257 576.559324 581.553132 600.544618 617.916518 631.812707 648.002843 666.771873 678.662332 671.095996 661.966167 657.967961 656.617617 653.296757 651.587125 650.780367 648.606885 635.382542 622.667772 609.105881 596.139333 581.454543 500.000000 500.000000 455.583994 325.000000 295.155768 200.000000 110.000000 20.000000 0.000000 0.000000 0.000000 0.000000 0.000000 0.000000 0.000000 0.000000 0.000000 0.000000 0.000000 0.000000 0.000000 0.000000
0.000000 50.000000 110.000000 198.223623 200.000000 200.000000 325.000000 500.000000 561.353140 600.763873 634.474396 668.190834 700.000000 700.000000 758.199179 753.071450 700.000000 700.000000 751.941557 765.113943 773.279808 788.812171 803.743766 817.898346 810.394676 801.174170 786.286208 782.862908 779.684518 773.461367 773.998059 774.702001 779.519964 769.423701 758.320836 700.000000 700.000000 690.050278 662.296967 635.343535 604.977825 569.871539 500.000000 469.551145 325.000000 294.032018 200.000000 110.000000 20.000000 0.000000 0.000000 0.000000 0.000000 0.000000 0.000000 0.000000 0.000000 0.000000 0.000000
298.991840 411.272342 500.000000 500.000000 584.419535 628.866369 677.655433 700.000000 700.000000 765.192520 790.246420 814.206520 842.599179 866.969412 890.630368 887.460214 875.989116 863.107420 870.417238 875.263465 879.167046 890.982370 900.000000 900.000000 900.000000 900.000000 884.323049 877.695926 871.484320 864.121581 863.714113 869.346261 876.634466 870.498800 856.795949 840.701979 818.828137 795.538350 772.256673 700.000000 700.000000 696.793730 667.914118 634.428735 595.852983 561.922752 500.000000 458.480963 325.000000 299.301003 200.000000 200.000000 110.000000 0.000000 0.000000 0.000000 0.000000 0.000000 0.000000
583.628378 641.801169 693.452147 700.000000 771.039402 805.545309 828.536452 850.781454 871.567597 891.758932 900.000000 900.000000 954.763582 977.131423 996.248130 991.465997 978.631703 966.967752 965.061790 968.285667 971.612427 979.579399 993.163917 1004.171263 996.211198 981.100510 966.252290 956.506894 900.000000 900.000000 900.000000 953.786881 959.848417 900.000000 900.000000 900.000000 900.000000 881.812346 859.988207 837.807655 814.284746 790.265657 763.478537 700.000000 700.000000 675.872476 646.518541 615.026528 590.886413 566.532656 500.000000 500.000000 441.376913 325.000000 200.000000 200.000000 50.000000 0.000000 0.000000
700.000000 779.770061 814.735436 848.548442 880.570439 900.000000 900.000000 957.021057 968.421116 984.145690 1004.101730 1018.364641 1035.693954 1054.447026 1055.824965 1052.670489 1041.059411 1039.172984 1038.613377 1041.686472 1042.951850 1047.713387 1059.025393 1053.109566 1045.547556 1030.873851 1020.030141 1010.738935 1004.449757 1000.224658 1000.526807 1007.156519 1004.104236 996.748790 982.093328 970.051075 954.593700 900.000000 900.000000 895.940174 873.573915 850.323200 825.628594 799.263644 770.744183 700.000000 700.000000 700.000000 692.244285 680.611884 678.828237 657.703855 632.997714 604.348172 565.867184 500.000000 422.532126 297.834653 110.000000
854.856648 887.940320 900.000000 900.000000 982.900805 1013.001718 1038.098721 1048.343717 1059.942822 1072.151739 1085.947111 1100.000000 1100.000000 1100.000000 1100.000000 1100.000000 1100.000000 1100.000000 1100.000000 1100.000000 1100.000000 1100.000000 1100.000000 1100.000000 1095.975273 1085.639651 1074.618742 1064.369087 1060.291539 1056.035261 1052.997275 1049.584617 1046.872573 1042.317001 1030.824249 1018.878964 1005.399094 988.281138 970.625983 900.000000 900.000000 900.000000 881.707123 854.791806 827.467436 805.935372 794.213029 782.187239 775.582668 776.709284 777.326261 765.636611 700.000000 700.000000 700.000000 673.407558 637.319685 567.948472 460.524188
