tests/Borden05m/sims/sim_1/output-maps/watertableN0016.asc
ncols         160
nrows         34
xllcorner     620200.000000
yllcorner     5168000.000000
cellsize      0.500000
NODATA_value  -9999.0
[rows 0 to 24 of 34, columns 58 to 115 of 160]
-9999.0 -9999.0 -9999.0 -9999.0 -9999.0 -9999.0 -9999.0 -9999.0 -9999.0 -9999.0 -9999.0 -9999.0 -9999.0 -9999.0 -9999.0 -9999.0 -9999.0 -9999.0 -9999.0 -9999.0 -9999.0 -9999.0 -9999.0 -9999.0 -9999.0 -9999.0 -9999.0 -9999.0 -9999.0 -9999.0 -9999.0 -9999.0 -9999.0 -9999.0 -9999.0 -9999.0 -9999.0 -9999.0 -9999.0 -9999.0 -9999.0 -9999.0 -9999.0 -9999.0 -9999.0 -9999.0 -9999.0 -9999.0 -9999.0 -9999.0 -9999.0 -9999.0 -9999.0 -9999.0 -9999.0 -9999.0 -9999.0 -9999.0
-9999.0 885.982508 891.483582 896.830108 900.000000 900.000000 900.000000 900.000000 900.000000 900.000000 900.000000 900.000000 900.000000 900.000000 900.000000 900.000000 900.000000 900.000000 899.253558 898.689758 899.927668 900.000000 900.000000 900.000000 900.000000 900.000000 900.000000 900.000000 900.000000 900.000000 900.000000 900.000000 900.000000 900.000000 900.000000 894.689517 883.054202 877.563558 872.486710 869.368779 873.398614 876.966299 880.688082 885.446671 896.358892 -9999.0 -9999.0 -9999.0 -9999.0 -9999.0 -9999.0 -9999.0 -9999.0 -9999.0 -9999.0 -9999.0 -9999.0 -9999.0
899.962589 900.000000 900.000000 900.000000 900.000000 900.000000 900.000000 900.000000 900.000000 900.000000 900.000000 900.000000 900.000000 900.000000 900.000000 900.000000 900.000000 900.000000 900.000000 900.000000 900.000000 900.000000 900.000000 900.000000 900.000000 900.000000 900.000000 900.000000 900.000000 900.000000 900.000000 900.000000 900.000000 900.000000 900.000000 900.000000 896.479999 884.367620 879.238199 881.625520 886.649537 890.417407 896.855559 900.000000 900.000000 900.000000 900.000000 900.000000 900.000000 900.000000 900.000000 900.000000 900.000000 900.000000 889.211494 -9999.0 -9999.0 -9999.0
900.000000 900.000000 900.000000 900.000000 900.000000 900.000000 900.000000 900.000000 900.000000 900.000000 900.000000 900.000000 900.000000 900.000000 900.000000 900.000000 900.000000 900.000000 900.000000 900.000000 900.000000 900.000000 900.000000 900.000000 900.000000 900.000000 900.000000 900.000000 900.000000 900.000000 900.000000 900.000000 900.000000 900.000000 900.000000 900.000000 899.731104 892.834477 888.332271 891.473748 892.851342 900.000000 900.000000 900.000000 900.000000 900.000000 900.000000 900.000000 961.316848 954.674723 900.000000 900.000000 900.000000 900.000000 900.000000 897.511029 895.636763 896.134735
900.000000 900.000000 900.000000 900.000000 900.000000 900.000000 900.000000 900.000000 900.000000 900.000000 900.000000 900.000000 900.000000 900.000000 900.000000 900.000000 900.000000 900.000000 896.306510 895.953517 895.830843 897.259093 898.218929 898.717137 900.000000 899.868009 897.142686 896.286158 891.146752 885.511491 882.833033 891.297082 900.000000 900.000000 892.796902 885.067931 877.811680 866.998010 855.543764 856.966251 863.017469 872.338008 886.396983 900.000000 900.000000 900.000000 900.000000 954.841129 955.796866 958.390266 900.000000 900.000000 900.000000 900.000000 900.000000 900.000000 900.000000 900.000000
900.000000 900.000000 900.000000 900.000000 900.000000 900.000000 900.000000 900.000000 891.211201 875.724825 872.501502 869.581884 869.670402 879.150653 889.333672 893.499716 878.626302 862.807879 854.269765 852.891318 851.995330 843.788669 845.679327 848.309069 853.660882 851.059838 847.878341 836.198883 828.373748 821.535931 823.449158 835.310130 846.513728 848.810122 847.214502 845.319736 839.539865 829.056404 818.899137 824.024462 832.320558 843.938146 873.817916 900.000000 900.000000 900.000000 900.000000 900.000000 900.000000 900.000000 900.000000 900.000000 900.000000 900.000000 900.000000 900.000000 900.000000 900.000000
851.861472 857.365033 865.692965 876.398948 875.807536 871.920423 863.045422 848.895806 829.241113 803.733313 798.606349 793.712518 789.217873 799.942851 812.325081 824.130848 808.173840 797.779041 787.741837 783.295139 770.633892 759.521486 764.449518 773.450743 783.007896 775.953745 760.907083 700.000000 700.000000 700.000000 700.000000 700.000000 700.000000 753.486777 753.940721 758.420923 755.544041 700.000000 700.000000 700.000000 700.000000 767.493971 806.483909 843.986512 867.959156 865.349586 872.864061 879.979351 885.262156 900.000000 900.000000 900.000000 900.000000 900.000000 900.000000 900.000000 900.000000 900.000000
796.080758 798.941135 809.911573 822.069329 821.525389 812.479292 801.748626 780.786213 700.000000 700.000000 700.000000 699.025442 688.228243 695.216385 700.000000 700.000000 700.000000 693.986295 679.049458 664.547814 648.575352 634.009515 640.930747 652.043168 655.170806 649.369286 628.668600 610.147636 602.867391 599.394075 594.270100 601.457858 611.047286 621.959325 632.324210 641.711387 647.502631 630.186972 613.566511 617.011362 646.429997 677.228601 700.000000 761.014641 799.400969 807.023487 810.585333 814.259787 831.811452 849.469701 869.795560 882.218128 892.505294 900.000000 900.000000 899.573591 889.944412 881.226184
678.950849 672.230179 687.118079 691.959965 685.621408 671.738071 663.034863 645.026919 610.337661 567.679973 500.000000 500.000000 500.000000 500.000000 500.000000 500.000000 500.000000 500.000000 500.000000 500.000000 490.204160 477.527912 470.015152 471.246613 471.289075 468.243617 463.310518 456.138827 449.031482 442.389618 435.408641 434.532835 444.029993 453.362047 464.359000 474.364852 477.866587 479.026402 471.849735 473.560524 496.522955 500.000000 563.928720 608.899631 649.732020 677.713682 680.108368 698.249376 700.000000 700.000000 789.260525 811.685081 830.992846 862.534501 868.620700 859.544612 846.760724 840.136472
500.000000 500.000000 500.000000 500.000000 500.000000 500.000000 500.000000 491.339976 456.853800 419.542086 386.258110 325.000000 325.000000 325.000000 325.000000 325.000000 390.128601 389.156975 325.000000 325.000000 325.000000 325.000000 325.000000 325.000000 325.000000 325.000000 325.000000 325.000000 320.654658 314.050838 303.618847 291.118464 294.374992 310.983332 324.852470 325.000000 325.000000 325.000000 325.000000 325.000000 325.000000 387.226068 415.010286 448.719236 484.206812 500.000000 500.000000 557.735263 585.282617 638.113923 687.942664 700.000000 763.899497 797.042452 804.559879 780.683510 754.999212 766.117703
399.928751 383.488303 325.000000 325.000000 325.000000 325.000000 325.000000 325.000000 325.000000 291.390160 200.000000 200.000000 200.000000 200.000000 200.000000 200.000000 200.000000 200.000000 200.000000 200.000000 200.000000 200.000000 200.000000 200.000000 200.000000 200.000000 200.000000 198.364973 197.779694 192.552243 182.638386 173.470830 171.331281 181.390149 198.153322 200.000000 200.000000 200.000000 200.000000 200.000000 200.000000 200.000000 275.994394 309.250249 325.000000 383.970857 408.383371 423.808346 441.080883 461.432172 500.000000 500.000000 575.783680 620.479176 654.724768 623.286294 634.159923 651.271924
286.070334 265.508617 200.000000 200.000000 200.000000 200.000000 200.000000 200.000000 193.450679 173.813476 110.000000 50.000000 20.000000 50.000000 20.000000 110.000000 110.000000 50.000000 50.000000 50.000000 50.000000 20.000000 0.000000 0.000000 0.000000 0.000000 0.000000 0.000000 0.000000 0.000000 0.000000 0.000000 0.000000 0.000000 0.000000 20.000000 110.000000 110.000000 110.000000 110.000000 110.000000 110.000000 168.701556 194.338937 200.000000 269.392382 296.061809 315.311728 325.000000 325.000000 325.000000 325.000000 395.561140 437.509387 476.684036 490.094707 500.000000 500.000000
187.279096 110.000000 110.000000 110.000000 110.000000 50.000000 20.000000 0.000000 0.000000 0.000000 0.000000 0.000000 0.000000 0.000000 0.000000 0.000000 0.000000 0.000000 0.000000 0.000000 0.000000 0.000000 0.000000 0.000000 0.000000 0.000000 0.000000 0.000000 0.000000 0.000000 0.000000 0.000000 0.000000 0.000000 0.000000 0.000000 0.000000 0.000000 0.000000 0.000000 0.000000 0.000000 0.000000 20.000000 110.000000 110.000000 197.849433 200.000000 200.000000 200.000000 200.000000 200.000000 274.852219 302.201732 325.000000 325.000000 387.943826 405.435524
50.000000 0.000000 0.000000 0.000000 0.000000 0.000000 0.000000 0.000000 0.000000 0.000000 0.000000 0.000000 0.000000 0.000000 0.000000 0.000000 0.000000 0.000000 0.000000 0.000000 0.000000 0.000000 0.000000 0.000000 0.000000 0.000000 0.000000 0.000000 0.000000 0.000000 0.000000 0.000000 0.000000 0.000000 0.000000 0.000000 0.000000 0.000000 0.000000 0.000000 0.000000 0.000000 0.000000 0.000000 0.000000 0.000000 20.000000 110.000000 110.000000 110.000000 110.000000 110.000000 175.271085 200.000000 200.000000 275.417965 295.659472 309.314072
0.000000 0.000000 0.000000 0.000000 0.000000 0.000000 0.000000 0.000000 0.000000 0.000000 0.000000 0.000000 0.000000 0.000000 0.000000 0.000000 0.000000 0.000000 0.000000 0.000000 0.000000 0.000000 0.000000 0.000000 0.000000 0.000000 0.000000 0.000000 0.000000 0.000000 0.000000 0.000000 0.000000 0.000000 0.000000 0.000000 0.000000 0.000000 0.000000 0.000000 0.000000 0.000000 0.000000 0.000000 0.000000 0.000000 0.000000 0.000000 0.000000 0.000000 0.000000 0.000000 50.000000 110.000000 110.000000 184.724641 200.000000 200.000000
0.000000 0.000000 0.000000 0.000000 0.000000 0.000000 0.000000 0.000000 0.000000 0.000000 0.000000 0.000000 0.000000 0.000000 0.000000 0.000000 0.000000 0.000000 50.000000 50.000000 110.000000 110.000000 108.029003 50.000000 50.000000 50.000000 50.000000 50.000000 108.865739 110.000000 110.000000 110.000000 50.000000 50.000000 50.000000 50.000000 50.000000 50.000000 50.000000 50.000000 50.000000 0.000000 0.000000 0.000000 0.000000 0.000000 0.000000 0.000000 0.000000 0.000000 0.000000 0.000000 0.000000 0.000000 0.000000 50.000000 110.000000 110.000000
0.000000 0.000000 0.000000 0.000000 0.000000 0.000000 0.000000 0.000000 0.000000 50.000000 50.000000 50.000000 50.000000 50.000000 50.000000 50.000000 110.000000 110.000000 110.000000 173.647427 178.851138 183.637636 186.115648 175.980740 110.000000 110.000000 167.984034 176.249063 188.925485 196.207874 198.513901 196.669834 187.456288 170.029061 110.000000 110.000000 110.000000 169.746968 173.311656 173.529236 110.000000 110.000000 110.000000 50.000000 50.000000 0.000000 0.000000 0.000000 0.000000 0.000000 0.000000 0.000000 0.000000 0.000000 0.000000 0.000000 0.000000 0.000000
20.000000 50.000000 50.000000 50.000000 50.000000 50.000000 105.861578 110.000000 110.000000 110.000000 110.000000 169.681988 173.355663 174.969252 173.006996 184.159578 196.259265 200.000000 200.000000 200.000000 258.999810 264.958883 270.441268 263.282312 200.000000 200.000000 200.000000 263.284154 276.536312 283.023935 286.115494 284.892715 275.583837 200.000000 200.000000 200.000000 200.000000 200.000000 200.000000 200.000000 200.000000 200.000000 198.845888 177.764738 110.000000 110.000000 110.000000 110.000000 108.360648 50.000000 0.000000 0.000000 0.000000 0.000000 0.000000 0.000000 0.000000 0.000000
110.000000 110.000000 110.000000 110.000000 110.000000 110.000000 167.785621 178.595006 200.000000 200.000000 200.000000 268.180338 273.248174 280.087450 283.936769 293.557051 301.336549 312.817777 325.000000 325.000000 325.000000 325.000000 325.000000 325.000000 325.000000 325.000000 325.000000 325.000000 325.000000 325.000000 384.226589 325.000000 325.000000 325.000000 325.000000 325.000000 325.000000 325.000000 325.000000 325.000000 314.319482 299.568463 281.076556 259.238521 200.000000 200.000000 200.000000 200.000000 183.816660 110.000000 110.000000 110.000000 50.000000 0.000000 0.000000 0.000000 0.000000 0.000000
180.186592 193.085830 200.000000 200.000000 200.000000 200.000000 200.000000 260.105490 301.359761 325.000000 325.000000 325.000000 325.000000 388.945513 411.173060 425.039667 433.545800 432.234986 444.375402 462.551769 478.263105 486.615495 493.035203 500.000000 500.000000 500.000000 495.802221 500.000000 500.000000 500.000000 500.000000 500.000000 498.312805 482.797553 473.464077 463.707513 454.009805 448.639684 440.795095 416.121903 401.238848 386.097895 325.000000 325.000000 321.382122 302.483109 289.770348 275.518110 256.366273 200.000000 200.000000 190.515759 110.000000 110.000000 110.000000 105.447770 50.000000 0.000000
200.000000 266.654395 283.202773 303.394931 305.711035 312.826473 325.000000 325.000000 407.737075 440.022787 463.160347 489.303148 500.000000 500.000000 569.463704 592.634937 591.246204 584.921877 589.058629 607.383141 624.667549 638.309367 653.804571 671.559854 683.023957 674.405617 664.482697 658.925614 656.192128 652.151110 650.587337 651.603472 653.454589 642.646140 630.989104 617.644454 604.767053 590.510937 557.739767 500.000000 500.000000 483.166151 460.210135 435.117918 409.590533 388.279840 325.000000 325.000000 325.000000 314.245763 292.569456 266.418441 200.000000 200.000000 194.899904 179.577996 110.000000 110.000000
325.000000 325.000000 387.464766 402.187931 411.481042 421.439499 454.563213 499.607617 500.000000 574.915811 606.482488 637.945356 670.283174 700.000000 700.000000 759.719198 700.000000 700.000000 700.000000 700.000000 766.744290 775.023742 790.728439 805.651864 819.867020 811.843527 802.138366 786.462440 782.701148 779.370740 773.138512 774.337487 776.063008 781.962390 772.024165 760.717141 700.000000 700.000000 687.405359 657.439915 630.245152 602.711454 572.527657 500.000000 500.000000 479.822028 457.646358 436.439106 413.539887 392.529041 325.000000 325.000000 322.394327 298.549825 279.356942 258.757807 200.000000 200.000000
426.606776 460.977195 500.000000 500.000000 500.000000 596.836084 638.291744 686.783114 700.000000 700.000000 766.692848 791.716624 815.602382 844.122189 868.661081 892.675466 889.320073 877.572691 864.426721 871.992084 876.965355 880.864603 892.738072 900.000000 900.000000 900.000000 900.000000 885.309752 878.550041 872.279275 864.931237 864.788540 870.890384 878.676234 872.667242 858.796493 842.324093 819.705829 795.403563 771.024522 700.000000 700.000000 692.233103 661.421611 627.125092 591.250161 563.271225 500.000000 500.000000 476.009881 460.153403 441.885511 414.332963 393.851057 325.000000 325.000000 325.000000 301.332133
500.000000 590.933019 644.400189 695.959741 700.000000 774.429703 809.331854 832.096968 853.655579 873.931543 893.893537 900.000000 900.000000 956.539085 978.883487 998.031450 993.120792 980.162514 968.399429 966.487759 969.722296 973.009442 980.934997 994.507088 1005.508222 997.439460 982.220228 967.278697 957.496332 900.000000 900.000000 900.000000 955.257120 961.571619 953.607064 900.000000 900.000000 900.000000 882.824974 860.546674 837.892516 813.792907 788.958094 760.966508 700.000000 699.466855 667.617988 635.837334 604.254953 584.958744 566.503286 500.000000 500.000000 500.000000 476.590078 449.859442 423.200478 390.851549
695.552284 700.000000 781.135340 816.561609 850.790746 883.120406 900.000000 900.000000 959.366051 970.373430 985.837792 1005.615336 1019.667314 1036.858266 1055.548413 1056.798756 1053.586240 1041.902949 1040.025720 1039.458919 1042.526562 1043.750454 1048.470570 1059.784129 1053.774905 1046.175528 1031.463332 1020.625669 1011.351759 1005.099973 1000.929431 1001.314251 1008.077798 1005.109326 997.838350 983.215471 971.202227 955.705268 900.000000 900.000000 896.558233 873.899131 850.247304 824.985846 797.804877 768.056136 700.000000 700.000000 700.000000 684.523601 672.827789 672.418811 651.276260 628.326759 604.036983 571.658542 500.000000 500.000000
