tests/Borden05m/sims/sim_1/output-maps/watertableN0017.asc
ncols         160
nrows         34
xllcorner     620200.000000
yllcorner     5168000.000000
cellsize      0.500000
NODATA_value  -9999.0
[rows 0 to 24 of 34, columns 58 to 115 of 160]
-9999.0 -9999.0 -9999.0 -9999.0 -9999.0 -9999.0 -9999.0 -9999.0 -9999.0 -9999.0 -9999.0 -9999.0 -9999.0 -9999.0 -9999.0 -9999.0 -9999.0 -9999.0 -9999.0 -9999.0 -9999.0 -9999.0 -9999.0 -9999.0 -9999.0 -9999.0 -9999.0 -9999.0 -9999.0 -9999.0 -9999.0 -9999.0 -9999.0 -9999.0 -9999.0 -9999.0 -9999.0 -9999.0 -9999.0 -9999.0 -9999.0 -9999.0 -9999.0 -9999.0 -9999.0 -9999.0 -9999.0 -9999.0 -9999.0 -9999.0 -9999.0 -9999.0 -9999.0 -9999.0 -9999.0 -9999.0 -9999.0 -9999.0
-9999.0 885.687732 891.191497 896.539733 900.000000 900.000000 900.000000 900.000000 900.000000 900.000000 900.000000 900.000000 900.000000 900.000000 900.000000 900.000000 900.000000 900.000000 898.885484 898.317048 899.552052 900.000000 900.000000 900.000000 900.000000 900.000000 900.000000 900.000000 900.000000 900.000000 900.000000 900.000000 900.000000 900.000000 900.000000 894.303427 882.662700 877.169582 872.092392 868.978309 873.019580 876.600345 880.335492 885.106961 896.031184 -9999.0 -9999.0 -9999.0 -9999.0 -9999.0 -9999.0 -9999.0 -9999.0 -9999.0 -9999.0 -9999.0 -9999.0 -9999.0
899.665393 900.000000 900.000000 900.000000 900.000000 900.000000 900.000000 900.000000 900.000000 900.000000 900.000000 900.000000 900.000000 900.000000 900.000000 900.000000 900.000000 900.000000 900.000000 900.000000 900.000000 900.000000 900.000000 900.000000 900.000000 900.000000 900.000000 900.000000 900.000000 900.000000 900.000000 900.000000 900.000000 900.000000 900.000000 900.000000 896.066520 883.950657 878.821893 881.217004 886.254221 890.037554 896.492681 900.000000 900.000000 900.000000 900.000000 900.000000 900.000000 900.000000 900.000000 900.000000 900.000000 900.000000 888.941024 -9999.0 -9999.0 -9999.0
900.000000 900.000000 900.000000 900.000000 900.000000 900.000000 900.000000 900.000000 900.000000 900.000000 900.000000 900.000000 900.000000 900.000000 900.000000 900.000000 900.000000 900.000000 900.000000 900.000000 900.000000 900.000000 900.000000 900.000000 900.000000 900.000000 900.000000 900.000000 900.000000 900.000000 900.000000 900.000000 900.000000 900.000000 900.000000 900.000000 899.252770 892.353035 887.851053 891.002557 892.397739 900.000000 900.000000 900.000000 900.000000 900.000000 900.000000 900.000000 961.015997 954.384377 900.000000 900.000000 900.000000 900.000000 900.000000 897.238928 895.367766 895.871844
900.000000 900.000000 900.000000 900.000000 900.000000 900.000000 900.000000 900.000000 900.000000 900.000000 900.000000 900.000000 900.000000 900.000000 900.000000 900.000000 900.000000 900.000000 895.746473 895.379849 895.245228 896.664437 897.622262 898.121715 900.000000 899.267906 896.532255 895.663090 890.512591 884.870623 882.193601 890.669789 899.869710 899.539415 892.187888 884.458392 877.197724 866.373844 854.910736 856.347319 862.429707 871.792282 885.898599 900.000000 900.000000 900.000000 900.000000 954.480454 955.453456 958.062504 900.000000 900.000000 900.000000 900.000000 900.000000 900.000000 900.000000 900.000000
900.000000 900.000000 900.000000 900.000000 900.000000 900.000000 900.000000 900.000000 890.624076 875.095149 871.843392 868.901230 868.975220 878.459369 888.648857 892.812644 877.913944 862.061512 853.490615 852.086841 851.165103 842.932588 844.826271 847.468256 852.830014 850.216475 847.008720 835.289860 827.437228 820.582502 822.505039 834.399785 845.629260 847.935516 846.343517 844.452957 838.663690 828.151250 817.964687 823.112977 831.468709 843.171244 873.151329 900.000000 900.000000 900.000000 900.000000 900.000000 900.000000 900.000000 900.000000 900.000000 900.000000 900.000000 900.000000 900.000000 900.000000 900.000000
851.193326 856.692601 865.031185 875.745633 875.141816 871.227225 862.312285 848.106301 828.373954 802.768763 797.594184 792.660256 788.129732 798.879535 811.295703 823.120417 807.107059 796.649271 786.547781 782.053861 769.328327 758.167057 763.117739 772.163557 781.756204 774.673893 759.566123 700.000000 700.000000 700.000000 700.000000 700.000000 700.000000 700.000000 700.000000 757.056791 754.168003 700.000000 700.000000 700.000000 700.000000 766.268220 805.477105 843.144342 867.210813 864.644073 872.195884 879.349203 884.676395 899.710241 900.000000 900.000000 900.000000 900.000000 900.000000 900.000000 900.000000 900.000000
795.033821 797.896674 808.912858 821.104062 820.542721 811.442130 800.648625 779.602615 700.000000 700.000000 700.000000 697.745833 686.900640 693.882698 700.000000 700.000000 700.000000 692.507193 677.541066 663.063082 647.202675 632.740402 639.660569 650.745917 653.882621 648.131145 627.641801 609.432282 602.356034 599.025465 594.020245 601.111451 610.464183 621.089007 631.216623 640.473665 646.244893 629.045867 612.614568 616.000542 645.150768 675.834129 700.000000 759.809719 798.303681 805.969193 809.560089 813.283186 830.927190 848.682118 869.109981 881.608858 891.950133 900.000000 900.000000 899.077717 889.449357 880.741145
677.480278 670.818344 685.798510 690.685240 684.328164 670.402566 661.715533 643.914151 609.827335 568.066706 500.000000 500.000000 500.000000 500.000000 500.000000 500.000000 500.000000 500.000000 500.000000 500.000000 491.557042 478.921223 471.412630 472.627031 472.672973 469.623624 464.749132 457.672263 450.584657 443.952771 436.964473 436.029182 445.478617 454.746726 465.740077 475.776638 479.339605 480.592105 473.505406 475.195838 497.978160 500.000000 564.462262 608.583924 648.694044 676.399953 678.684488 696.828932 700.000000 700.000000 788.201242 810.789850 830.207057 861.824834 867.927343 858.832610 846.024287 839.414672
500.000000 500.000000 500.000000 500.000000 500.000000 500.000000 500.000000 492.953510 458.588793 421.458396 388.293716 325.000000 325.000000 325.000000 325.000000 325.000000 391.723059 391.081840 325.000000 325.000000 325.000000 325.000000 325.000000 325.000000 325.000000 325.000000 325.000000 325.000000 322.495996 315.936284 305.403240 292.808895 296.198297 312.642559 325.000000 325.000000 325.000000 325.000000 325.000000 325.000000 325.000000 389.278206 416.917900 450.432200 485.744517 500.000000 500.000000 558.322614 585.286985 637.267596 686.826934 700.000000 762.925985 796.084336 803.553218 779.568841 753.759943 764.924460
402.032757 385.754912 325.000000 325.000000 325.000000 325.000000 325.000000 325.000000 325.000000 293.425459 200.000000 200.000000 200.000000 200.000000 200.000000 200.000000 200.000000 200.000000 200.000000 200.000000 200.000000 200.000000 200.000000 200.000000 200.000000 200.000000 200.000000 200.000000 200.000000 196.329584 185.420652 175.948736 175.721743 183.552036 200.000000 200.000000 200.000000 200.000000 200.000000 200.000000 200.000000 256.626188 277.724622 311.080857 325.000000 386.121185 410.532638 425.850146 442.958879 463.079313 500.000000 500.000000 576.554598 620.332920 653.886239 622.411836 633.031693 649.938414
288.049813 267.742922 256.839925 200.000000 200.000000 200.000000 200.000000 200.000000 196.081989 176.535546 110.000000 50.000000 20.000000 20.000000 50.000000 50.000000 50.000000 110.000000 50.000000 50.000000 50.000000 20.000000 50.000000 0.000000 50.000000 0.000000 0.000000 50.000000 0.000000 50.000000 0.000000 0.000000 20.000000 0.000000 0.000000 20.000000 110.000000 110.000000 110.000000 110.000000 110.000000 110.000000 170.049231 195.814460 200.000000 271.119654 297.876437 317.173965 325.000000 325.000000 325.000000 325.000000 397.536532 439.289934 478.357342 491.886911 500.000000 500.000000
188.836164 110.000000 110.000000 110.000000 110.000000 50.000000 20.000000 50.000000 0.000000 0.000000 0.000000 0.000000 0.000000 0.000000 0.000000 0.000000 0.000000 0.000000 0.000000 0.000000 0.000000 0.000000 0.000000 0.000000 0.000000 0.000000 0.000000 0.000000 0.000000 0.000000 0.000000 0.000000 0.000000 0.000000 0.000000 0.000000 0.000000 0.000000 0.000000 0.000000 0.000000 0.000000 0.000000 20.000000 110.000000 165.840483 199.223235 200.000000 200.000000 200.000000 200.000000 200.000000 276.592735 304.072187 325.000000 325.000000 390.428258 407.902123
50.000000 0.000000 0.000000 0.000000 0.000000 0.000000 0.000000 0.000000 0.000000 0.000000 0.000000 0.000000 0.000000 0.000000 0.000000 0.000000 0.000000 0.000000 0.000000 0.000000 0.000000 0.000000 0.000000 0.000000 0.000000 0.000000 0.000000 0.000000 0.000000 0.000000 0.000000 0.000000 0.000000 0.000000 0.000000 0.000000 0.000000 0.000000 0.000000 0.000000 0.000000 0.000000 0.000000 0.000000 0.000000 0.000000 20.000000 110.000000 110.000000 110.000000 110.000000 110.000000 176.655136 200.000000 200.000000 277.339441 297.754731 311.541529
0.000000 0.000000 0.000000 0.000000 0.000000 0.000000 0.000000 0.000000 0.000000 0.000000 0.000000 0.000000 0.000000 0.000000 0.000000 0.000000 0.000000 0.000000 0.000000 0.000000 0.000000 0.000000 0.000000 0.000000 0.000000 0.000000 0.000000 0.000000 0.000000 0.000000 0.000000 0.000000 0.000000 0.000000 0.000000 0.000000 0.000000 0.000000 0.000000 0.000000 0.000000 0.000000 0.000000 0.000000 0.000000 0.000000 0.000000 0.000000 0.000000 0.000000 0.000000 0.000000 50.000000 110.000000 110.000000 186.227644 200.000000 200.000000
0.000000 0.000000 0.000000 0.000000 0.000000 0.000000 0.000000 0.000000 0.000000 0.000000 0.000000 0.000000 0.000000 0.000000 0.000000 0.000000 0.000000 20.000000 50.000000 106.507937 110.000000 110.000000 109.386769 50.000000 50.000000 50.000000 50.000000 50.000000 110.000000 110.000000 110.000000 110.000000 106.372281 50.000000 50.000000 50.000000 50.000000 50.000000 50.000000 50.000000 50.000000 0.000000 0.000000 0.000000 0.000000 0.000000 0.000000 0.000000 0.000000 0.000000 0.000000 0.000000 0.000000 0.000000 0.000000 50.000000 110.000000 110.000000
0.000000 0.000000 0.000000 0.000000 0.000000 0.000000 0.000000 0.000000 0.000000 50.000000 50.000000 50.000000 50.000000 50.000000 50.000000 105.968062 110.000000 110.000000 110.000000 175.936752 180.722083 185.351388 187.792400 177.667265 110.000000 110.000000 169.783707 178.102625 190.716304 197.931481 200.000000 198.356585 189.220919 172.043603 110.000000 110.000000 110.000000 171.291678 174.765049 174.950031 110.000000 110.000000 110.000000 50.000000 50.000000 0.000000 0.000000 0.000000 0.000000 0.000000 0.000000 0.000000 0.000000 0.000000 0.000000 0.000000 0.000000 0.000000
50.000000 50.000000 50.000000 50.000000 50.000000 50.000000 105.461207 110.000000 110.000000 110.000000 110.000000 170.226090 173.777249 175.952757 174.389084 185.869134 198.369031 200.000000 200.000000 200.000000 261.030620 266.970806 272.468873 265.343935 200.000000 200.000000 200.000000 265.439998 278.687083 285.162073 288.226060 286.948065 277.558891 200.000000 200.000000 200.000000 200.000000 200.000000 200.000000 200.000000 200.000000 200.000000 200.000000 179.437640 110.000000 110.000000 110.000000 110.000000 109.649413 50.000000 0.000000 0.000000 0.000000 0.000000 0.000000 0.000000 0.000000 0.000000
110.000000 110.000000 110.000000 110.000000 110.000000 110.000000 168.826175 179.545657 200.000000 200.000000 200.000000 269.963849 275.004110 281.887956 285.793440 295.488846 303.404463 315.030855 325.000000 325.000000 325.000000 325.000000 325.000000 325.000000 325.000000 325.000000 325.000000 325.000000 325.000000 384.394781 386.852800 383.148988 325.000000 325.000000 325.000000 325.000000 325.000000 325.000000 325.000000 325.000000 316.526007 301.717444 283.142593 261.231068 200.000000 200.000000 200.000000 200.000000 185.386963 165.917775 110.000000 110.000000 50.000000 0.000000 0.000000 0.000000 0.000000 0.000000
182.997325 195.604502 200.000000 200.000000 200.000000 200.000000 200.000000 262.042365 303.535422 325.000000 325.000000 325.000000 382.253194 391.238641 413.299743 427.047775 435.573808 434.333900 446.476825 464.574045 480.191785 488.490466 494.892138 500.000000 500.000000 500.000000 497.689327 500.000000 500.000000 500.000000 500.000000 500.000000 500.000000 484.591687 475.270600 465.567613 455.949000 450.700567 443.067685 418.587680 403.823756 388.685694 325.000000 325.000000 323.723573 304.740129 291.917700 277.550112 258.290546 200.000000 200.000000 192.119889 110.000000 110.000000 110.000000 106.657493 50.000000 0.000000
200.000000 269.255726 285.717654 305.796261 307.992126 315.016878 325.000000 325.000000 410.237820 442.385739 465.297850 491.198268 500.000000 500.000000 570.350482 593.149482 591.671835 585.354527 589.282814 607.160409 624.015677 637.402150 652.776161 670.450886 681.925122 673.307006 663.444547 657.875912 655.117649 651.062860 649.484831 650.502292 652.382679 641.677116 630.204283 617.120327 604.515672 590.566102 558.335881 500.000000 500.000000 485.134004 462.434531 437.539984 412.173206 390.899075 325.000000 325.000000 325.000000 316.505582 294.678195 268.370529 200.000000 200.000000 196.495582 181.069311 110.000000 110.000000
325.000000 325.000000 390.279387 404.864613 413.952293 423.654792 456.514655 500.000000 500.000000 575.626049 606.394613 637.166603 669.199133 700.000000 700.000000 758.697879 700.000000 700.000000 700.000000 700.000000 765.627602 773.933972 789.705736 804.694740 818.962069 810.917043 801.175954 785.437460 781.645457 778.288789 772.024180 773.221620 774.952633 780.867159 770.896072 759.548501 700.000000 700.000000 685.945033 656.016758 629.082419 602.029614 572.555637 500.000000 500.000000 481.768947 459.885052 438.895916 416.163729 395.153714 325.000000 325.000000 324.619885 300.660396 281.337923 260.609952 200.000000 200.000000
429.431207 463.492016 500.000000 500.000000 559.089577 597.403034 637.982135 685.906671 700.000000 700.000000 765.657593 790.722547 814.684246 843.309196 867.933035 892.003535 888.651904 876.889134 863.722037 871.306308 876.299446 880.218668 892.123034 900.000000 900.000000 900.000000 900.000000 884.694863 877.917587 871.630056 864.264577 864.115717 870.217982 878.002571 871.970279 858.057595 841.517718 818.785475 794.341261 769.813246 700.000000 700.000000 690.656784 659.866507 625.876014 590.609402 563.321196 500.000000 500.000000 477.958647 462.316863 444.171560 416.731527 396.307207 325.000000 325.000000 325.000000 303.367869
500.000000 591.269183 643.735140 694.991340 700.000000 773.580147 808.519482 831.315561 852.927860 873.256058 893.264725 900.000000 900.000000 956.038084 978.420934 997.597373 992.693358 979.732248 967.964991 966.059144 969.303160 972.601103 980.540436 994.126510 1005.138307 997.067546 981.838500 966.884048 957.090699 900.000000 900.000000 900.000000 954.824552 961.133670 900.000000 900.000000 900.000000 900.000000 882.186603 859.825724 837.070302 812.839288 787.842509 759.659053 700.000000 697.785556 665.827777 634.194529 603.077886 584.331048 566.447198 500.000000 500.000000 500.000000 478.473550 451.990650 425.520313 393.243081
694.471877 700.000000 780.184899 815.749922 850.112721 882.532708 900.000000 900.000000 958.907891 969.942857 985.433616 1005.236976 1019.311042 1036.521864 1055.228481 1056.489624 1053.283541 1041.603214 1039.728568 1039.165599 1042.238056 1043.466810 1048.192070 1059.510497 1053.504926 1045.906493 1031.192176 1020.350166 1011.070916 1004.813383 1000.637379 1001.018320 1007.778862 1004.803879 997.521012 982.880235 970.843816 955.315854 900.000000 900.000000 896.025278 873.293369 849.545566 824.153454 796.795633 766.816963 700.000000 700.000000 698.582866 682.691962 671.035391 670.751973 649.761722 627.135261 603.373469 571.777378 500.000000 500.000000
