tests/Borden05m/sims/sim_1/output-maps/watertableN0018.asc
ncols         160
nrows         34
xllcorner     620200.000000
yllcorner     5168000.000000
cellsize      0.500000
NODATA_value  -9999.0
[rows 0 to 24 of 34, columns 0 to 57 of 160]
-9999.0 -9999.0 -9999.0 -9999.0 -9999.0 -9999.0 -9999.0 -9999.0 -9999.0 -9999.0 -9999.0 -9999.0 -9999.0 -9999.0 -9999.0 -9999.0 -9999.0 -9999.0 -9999.0 -9999.0 -9999.0 -9999.0 -9999.0 -9999.0 -9999.0 -9999.0 -9999.0 -9999.0 -9999.0 -9999.0 -9999.0 -9999.0 -9999.0 -9999.0 -9999.0 -9999.0 -9999.0 -9999.0 -9999.0 -9999.0 -9999.0 -9999.0 -9999.0 -9999.0 -9999.0 -9999.0 -9999.0 -9999.0 -9999.0 -9999.0 -9999.0 -9999.0 -9999.0 -9999.0 -9999.0 -9999.0 -9999.0 -9999.0
-9999.0 -9999.0 -9999.0 -9999.0 -9999.0 -9999.0 -9999.0 -9999.0 -9999.0 -9999.0 -9999.0 -9999.0 -9999.0 -9999.0 -9999.0 -9999.0 -9999.0 -9999.0 -9999.0 -9999.0 -9999.0 -9999.0 -9999.0 -9999.0 -9999.0 -9999.0 -9999.0 -9999.0 -9999.0 -9999.0 -9999.0 -9999.0 -9999.0 -9999.0 -9999.0 -9999.0 -9999.0 -9999.0 -9999.0 -9999.0 -9999.0 -9999.0 -9999.0 -9999.0 -9999.0 -9999.0 -9999.0 -9999.0 -9999.0 -9999.0 -9999.0 -9999.0 -9999.0 -9999.0 -9999.0 -9999.0 -9999.0 -9999.0
-9999.0 -9999.0 -9999.0 -9999.0 -9999.0 -9999.0 -9999.0 -9999.0 -9999.0 -9999.0 -9999.0 -9999.0 -9999.0 -9999.0 -9999.0 -9999.0 -9999.0 -9999.0 -9999.0 -9999.0 -9999.0 -9999.0 -9999.0 -9999.0 -9999.0 -9999.0 -9999.0 -9999.0 -9999.0 -9999.0 -9999.0 -9999.0 -9999.0 -9999.0 -9999.0 -9999.0 -9999.0 -9999.0 -9999.0 -9999.0 -9999.0 -9999.0 -9999.0 -9999.0 -9999.0 -9999.0 -9999.0 1012.816835 1030.037918 1046.245999 1048.041675 1025.589211 1002.578986 979.272989 959.113494 900.000000 900.000000 900.000000
-9999.0 -9999.0 -9999.0 -9999.0 -9999.0 -9999.0 -9999.0 -9999.0 -9999.0 -9999.0 -9999.0 -9999.0 -9999.0 -9999.0 -9999.0 -9999.0 -9999.0 -9999.0 -9999.0 -9999.0 -9999.0 -9999.0 -9999.0 -9999.0 -9999.0 -9999.0 -9999.0 -9999.0 -9999.0 -9999.0 -9999.0 -9999.0 -9999.0 -9999.0 -9999.0 -9999.0 -9999.0 -9999.0 -9999.0 -9999.0 965.914700 960.142452 958.644329 969.330002 980.508249 992.263735 1011.919137 1029.562607 1044.750604 1047.490003 1044.908571 1039.391639 1016.776177 992.836934 973.675580 956.638466 900.000000 900.000000
-9999.0 -9999.0 -9999.0 -9999.0 -9999.0 -9999.0 -9999.0 -9999.0 -9999.0 -9999.0 -9999.0 -9999.0 -9999.0 -9999.0 -9999.0 -9999.0 -9999.0 -9999.0 -9999.0 -9999.0 -9999.0 -9999.0 -9999.0 -9999.0 -9999.0 -9999.0 -9999.0 -9999.0 -9999.0 -9999.0 -9999.0 -9999.0 -9999.0 -9999.0 1056.855530 1039.500333 1021.631740 1003.577762 987.231777 980.732452 974.969423 969.271889 973.285616 978.061842 989.267629 1007.699139 1027.097096 1041.067575 1043.559256 1046.087513 1041.760435 1028.875990 1012.463387 996.353881 975.790069 900.000000 900.000000 900.000000
-9999.0 -9999.0 -9999.0 -9999.0 -9999.0 -9999.0 -9999.0 -9999.0 -9999.0 -9999.0 -9999.0 -9999.0 -9999.0 -9999.0 -9999.0 -9999.0 -9999.0 -9999.0 -9999.0 -9999.0 -9999.0 -9999.0 -9999.0 -9999.0 -9999.0 -9999.0 -9999.0 -9999.0 1052.570600 1058.447618 1063.562194 1065.077385 1066.386401 1067.564659 1060.709336 1048.556575 1030.521428 1009.311411 996.720781 989.716308 983.322118 982.583216 987.400874 989.580474 989.435551 1000.965390 1012.405524 1023.101309 1033.368558 1034.564380 1025.118685 1011.449321 995.696323 981.172862 966.091746 953.559300 900.000000 900.000000
-9999.0 -9999.0 -9999.0 -9999.0 -9999.0 -9999.0 -9999.0 -9999.0 -9999.0 -9999.0 -9999.0 -9999.0 -9999.0 -9999.0 -9999.0 -9999.0 -9999.0 -9999.0 -9999.0 -9999.0 -9999.0 -9999.0 -9999.0 1081.835921 1075.881061 1069.448464 1062.159742 1061.302051 1065.523851 1071.161125 1074.307788 1075.867885 1077.460804 1073.101709 1064.851589 1051.317746 1035.607586 1014.261051 1005.800644 999.360994 987.157094 984.926598 980.160059 976.295674 978.119675 980.757287 992.492984 1001.113614 995.477914 989.343760 982.908015 975.415419 962.513178 900.000000 900.000000 900.000000 886.962530 867.148172
-9999.0 -9999.0 -9999.0 -9999.0 -9999.0 -9999.0 -9999.0 -9999.0 -9999.0 -9999.0 -9999.0 -9999.0 -9999.0 -9999.0 -9999.0 -9999.0 -9999.0 -9999.0 -9999.0 1100.000000 1100.000000 1100.000000 1100.000000 1099.315311 1097.119477 1090.180914 1082.120891 1080.001261 1081.596955 1083.189274 1081.666711 1079.007313 1074.808324 1063.454427 1049.736254 1035.712097 1021.746472 1001.154782 986.573265 972.847752 956.959902 958.224285 962.568816 964.679600 964.229781 963.565237 957.688118 953.884955 900.000000 900.000000 900.000000 900.000000 900.000000 895.959033 875.298516 854.164954 833.777172 813.698579
-9999.0 -9999.0 -9999.0 -9999.0 -9999.0 -9999.0 -9999.0 -9999.0 -9999.0 -9999.0 -9999.0 -9999.0 -9999.0 -9999.0 -9999.0 -9999.0 1100.000000 1100.000000 1100.000000 1100.000000 1100.000000 1100.000000 1100.000000 1100.000000 1100.000000 1100.000000 1095.627323 1087.116964 1079.301102 1072.014724 1066.090469 1063.352674 1055.676502 1046.015511 1034.133591 1018.609391 996.935335 974.378968 958.162289 900.000000 900.000000 900.000000 900.000000 900.000000 900.000000 900.000000 896.660703 889.775688 885.630255 866.297866 851.231839 844.959553 836.780079 817.651209 792.201074 762.997841 700.000000 700.000000
-9999.0 -9999.0 -9999.0 -9999.0 -9999.0 -9999.0 -9999.0 -9999.0 -9999.0 -9999.0 -9999.0 -9999.0 -9999.0 1179.618277 1175.505759 1166.298825 1157.891729 1155.638140 1100.000000 1100.000000 1100.000000 1100.000000 1100.000000 1100.000000 1100.000000 1096.836547 1087.673428 1075.948592 1067.482278 1060.214194 1053.015507 1046.457046 1032.745009 1017.290409 1001.274088 980.949320 959.220466 900.000000 900.000000 900.000000 886.542442 882.565602 883.813613 881.649372 872.902183 853.860488 833.383201 819.116008 795.291726 768.942353 700.000000 700.000000 700.000000 700.000000 685.255280 642.336383 597.919864 563.072624
-9999.0 -9999.0 -9999.0 -9999.0 -9999.0 -9999.0 -9999.0 -9999.0 -9999.0 -9999.0 1213.894954 1211.415199 1214.840284 1214.418664 1209.692371 1197.873013 1184.674794 1177.948076 1166.747972 1100.000000 1100.000000 1100.000000 1100.000000 1100.000000 1094.444885 1083.803365 1070.675547 1057.661647 1040.402581 1027.580016 1014.845989 994.137095 977.386590 960.695437 900.000000 900.000000 900.000000 870.124067 841.566931 825.717429 799.788420 783.835822 785.825344 784.683750 775.223053 754.620141 700.000000 693.646765 664.391125 630.849989 604.491437 586.118317 572.315300 500.000000 500.000000 500.000000 462.878132 431.113570
-9999.0 -9999.0 -9999.0 -9999.0 -9999.0 -9999.0 -9999.0 -9999.0 1237.911904 1230.968700 1224.771930 1227.779731 1232.398997 1235.839207 1222.698831 1207.032180 1191.213972 1174.198867 1158.377279 1100.000000 1100.000000 1100.000000 1089.262161 1077.423026 1065.542037 1050.305405 1036.499201 1018.560628 997.017580 982.092277 962.723348 900.000000 900.000000 900.000000 881.475218 861.779150 831.257107 793.971651 757.383799 700.000000 694.134455 663.804614 660.618475 655.004744 647.149141 614.841468 577.515489 500.000000 500.000000 476.309961 445.213081 427.882121 416.641823 403.177740 386.892626 325.000000 325.000000 318.838920
-9999.0 -9999.0 -9999.0 -9999.0 -9999.0 -9999.0 1263.967427 1239.931273 1225.182404 1232.971074 1241.657309 1245.042419 1248.659582 1228.070313 1206.715959 1189.906865 1173.311436 1156.036905 1100.000000 1100.000000 1090.639612 1073.817768 1058.766115 1039.146983 1024.778572 1010.374300 992.678597 968.665276 900.000000 900.000000 880.081947 851.125211 822.027025 799.426782 777.716833 754.372951 700.000000 671.146893 625.607558 587.655868 500.000000 500.000000 500.000000 500.000000 490.365362 470.611362 439.628256 408.556493 325.000000 325.000000 316.252373 304.803442 294.650233 283.247971 269.355728 200.000000 200.000000 200.000000
-9999.0 -9999.0 -9999.0 -9999.0 1297.234304 1276.380389 1256.064716 1225.382012 1202.877357 1208.096200 1200.963886 1200.451869 1201.788724 1198.794364 1192.611244 1174.721791 1156.821747 1100.000000 1100.000000 1082.911185 1040.629850 1023.631102 996.701666 964.018693 900.000000 900.000000 900.000000 892.830793 861.605268 823.324931 771.302430 700.000000 691.064104 661.332950 634.359297 604.572754 565.524119 500.000000 482.526350 446.081907 414.534599 389.341767 325.000000 325.000000 325.000000 325.000000 318.996919 292.911367 263.248504 200.000000 200.000000 185.205560 176.775902 166.541217 110.000000 110.000000 50.000000 20.000000
-9999.0 -9999.0 -9999.0 1300.000000 1300.000000 1269.360518 1242.041444 1211.123634 1179.415975 1173.433633 1164.817959 1158.582274 1100.000000 1100.000000 1100.000000 1100.000000 1100.000000 1088.108854 1066.592439 1029.437421 992.574971 957.721707 900.000000 891.170170 866.344309 848.631673 829.589618 802.209598 757.362003 700.000000 647.590475 582.728276 500.000000 500.000000 485.286533 457.954685 432.796276 397.927206 325.000000 325.000000 302.693031 277.384203 200.000000 200.000000 200.000000 200.000000 200.000000 184.570671 110.000000 110.000000 20.000000 0.000000 0.000000 0.000000 0.000000 0.000000 0.000000 0.000000
-9999.0 -9999.0 1391.778130 1354.461650 1300.000000 1268.321217 1215.533475 1181.685504 1100.000000 1100.000000 1100.000000 1089.279724 1071.903021 1063.083426 1045.804915 1027.915760 1013.414614 1008.891155 994.693826 958.444145 900.000000 849.726276 812.657153 700.000000 700.000000 683.389230 665.798243 635.082262 595.292263 500.000000 487.151123 433.856870 392.133242 325.000000 325.000000 325.000000 304.337262 279.813333 200.000000 200.000000 194.350792 166.861496 110.000000 50.000000 50.000000 20.000000 0.000000 0.000000 0.000000 0.000000 0.000000 0.000000 0.000000 0.000000 0.000000 0.000000 0.000000 0.000000
-9999.0 -9999.0 1417.568509 1373.064831 1300.000000 1261.796683 1184.382847 1100.000000 1100.000000 1057.591277 1037.782575 1012.972879 993.929890 975.829464 900.000000 900.000000 900.000000 900.000000 900.000000 855.375015 790.299881 700.000000 633.323740 562.904922 500.000000 500.000000 500.000000 480.086978 452.183656 404.399177 325.000000 292.111824 200.000000 200.000000 200.000000 186.555386 110.000000 110.000000 50.000000 0.000000 20.000000 0.000000 0.000000 0.000000 0.000000 0.000000 0.000000 0.000000 0.000000 0.000000 0.000000 0.000000 0.000000 0.000000 0.000000 0.000000 0.000000 0.000000
-9999.0 1500.000000 1453.277257 1399.184028 1300.000000 1259.174502 1172.593536 1090.361071 1037.600128 993.206160 963.023660 900.000000 886.942796 834.037366 803.686862 771.037048 771.688028 771.868116 778.132555 700.000000 659.900113 500.000000 430.677663 325.000000 325.000000 325.000000 325.000000 325.000000 311.634554 266.412246 192.334322 50.000000 0.000000 0.000000 0.000000 0.000000 0.000000 0.000000 0.000000 0.000000 0.000000 0.000000 0.000000 0.000000 0.000000 0.000000 0.000000 0.000000 0.000000 0.000000 0.000000 0.000000 0.000000 0.000000 0.000000 0.000000 0.000000 20.000000
-9999.0 1500.000000 1480.259256 1407.518238 1300.000000 1259.614270 1100.000000 1011.475029 961.817598 900.000000 892.112047 842.724524 700.000000 666.679714 621.721227 575.494844 577.696996 588.975573 588.858405 500.000000 480.834976 394.351331 270.089196 195.648976 200.000000 200.000000 197.125174 176.006905 110.000000 106.010243 0.000000 0.000000 0.000000 0.000000 0.000000 0.000000 0.000000 0.000000 0.000000 0.000000 0.000000 0.000000 0.000000 0.000000 0.000000 0.000000 0.000000 0.000000 0.000000 20.000000 20.000000 50.000000 50.000000 50.000000 50.000000 50.000000 50.000000 110.000000
-9999.0 1568.156149 1497.058010 1431.558037 1360.165364 1235.323957 1100.000000 973.591047 879.928374 836.967374 782.153456 679.716237 568.430395 477.966423 431.228461 407.651391 395.234675 399.269814 325.000000 323.574266 200.000000 110.000000 20.000000 0.000000 20.000000 50.000000 50.000000 50.000000 50.000000 50.000000 20.000000 0.000000 0.000000 0.000000 0.000000 0.000000 0.000000 0.000000 0.000000 0.000000 0.000000 20.000000 0.000000 0.000000 0.000000 20.000000 50.000000 50.000000 50.000000 110.000000 110.000000 110.000000 110.000000 110.000000 110.000000 110.000000 110.000000 170.095970
-9999.0 1664.591187 1576.083482 1500.000000 1386.895578 1211.090036 1081.251475 900.000000 774.343044 700.000000 603.871743 490.273234 400.013732 325.000000 303.928932 263.943431 200.000000 200.000000 173.078966 110.000000 0.000000 0.000000 0.000000 0.000000 0.000000 50.000000 108.509094 110.000000 110.000000 110.000000 110.000000 50.000000 50.000000 0.000000 0.000000 20.000000 50.000000 50.000000 50.000000 50.000000 108.617860 110.000000 110.000000 106.184228 110.000000 110.000000 110.000000 110.000000 110.000000 110.000000 170.772386 178.426641 182.043614 188.107150 189.905098 197.124417 200.000000 200.000000
-9999.0 1700.000000 1667.871521 1569.764513 1418.176548 1245.382754 1093.380274 900.000000 690.416303 563.428120 459.524675 408.743351 325.000000 284.891617 200.000000 192.726936 175.540866 168.450923 110.000000 110.000000 110.000000 50.000000 20.000000 0.000000 50.000000 110.000000 110.000000 110.000000 166.302962 110.000000 110.000000 110.000000 110.000000 110.000000 110.000000 110.000000 110.000000 110.000000 110.000000 110.000000 165.485673 173.151933 177.662240 180.450709 184.084458 186.460887 195.031669 200.000000 200.000000 200.000000 200.000000 200.000000 200.000000 200.000000 200.000000 264.697586 290.704572 315.818938
-9999.0 1845.758155 1700.000000 1622.033698 1488.322732 1300.000000 1198.925406 1017.062041 839.215848 595.875958 407.792308 325.000000 325.000000 307.432155 200.000000 198.541681 192.515033 200.000000 200.000000 200.000000 200.000000 200.000000 199.166890 181.460745 178.269226 180.166222 186.416949 197.056158 200.000000 200.000000 200.000000 200.000000 200.000000 200.000000 200.000000 200.000000 200.000000 200.000000 200.000000 200.000000 255.468881 264.745327 267.932934 267.704039 268.933975 272.687471 280.374310 290.549612 302.743979 313.787166 322.129284 325.000000 325.000000 325.000000 325.000000 325.000000 386.589691 408.576553
-9999.0 -9999.0 1798.277518 1682.978099 1567.307249 1435.346332 1300.000000 1100.000000 970.362858 700.000000 614.122172 500.000000 452.351266 411.182888 325.000000 312.745448 304.612610 296.547599 320.182657 318.242566 310.547448 301.381929 289.346074 277.568237 268.701883 264.323319 262.029004 264.813099 273.226729 285.803612 299.541388 309.257818 314.716072 318.682699 311.020081 300.961359 302.525597 308.881251 319.782656 325.000000 325.000000 325.000000 325.000000 325.000000 325.000000 325.000000 325.000000 383.906175 396.724795 409.594787 415.894102 422.192790 428.399098 439.381787 450.947735 464.376271 488.796811 500.000000
-9999.0 -9999.0 1884.868973 1771.519115 1649.920869 1500.000000 1408.392813 1300.000000 1100.000000 997.543826 881.314573 776.737787 689.606463 621.753831 571.198945 500.000000 484.399457 471.915025 465.125369 448.759879 426.713446 405.834774 391.718635 325.000000 325.000000 325.000000 325.000000 325.000000 325.000000 385.782745 403.999559 423.975299 434.451829 439.625541 435.352932 428.164333 432.968568 442.959915 457.251592 474.095101 487.849129 500.000000 500.000000 500.000000 500.000000 500.000000 500.000000 500.000000 500.000000 500.000000 559.933733 567.897105 572.722542 582.305104 594.596377 604.621240 627.982893 659.374857
