tests/Borden05m/sims/sim_1/output-maps/watertableN0018.asc
ncols         160
nrows         34
xllcorner     620200.000000
yllcorner     5168000.000000
cellsize      0.500000
NODATA_value  -9999.0
[rows 0 to 24 of 34, columns 58 to 115 of 160]
-9999.0 -9999.0 -9999.0 -9999.0 -9999.0 -9999.0 -9999.0 -9999.0 -9999.0 -9999.0 -9999.0 -9999.0 -9999.0 -9999.0 -9999.0 -9999.0 -9999.0 -9999.0 -9999.0 -9999.0 -9999.0 -9999.0 -9999.0 -9999.0 -9999.0 -9999.0 -9999.0 -9999.0 -9999.0 -9999.0 -9999.0 -9999.0 -9999.0 -9999.0 -9999.0 -9999.0 -9999.0 -9999.0 -9999.0 -9999.0 -9999.0 -9999.0 -9999.0 -9999.0 -9999.0 -9999.0 -9999.0 -9999.0 -9999.0 -9999.0 -9999.0 -9999.0 -9999.0 -9999.0 -9999.0 -9999.0 -9999.0 -9999.0
-9999.0 885.375137 890.882591 896.233675 900.000000 900.000000 900.000000 900.000000 900.000000 900.000000 900.000000 900.000000 900.000000 900.000000 900.000000 900.000000 900.000000 900.000000 898.511533 897.938631 899.171037 900.000000 900.000000 900.000000 900.000000 900.000000 900.000000 900.000000 900.000000 900.000000 900.000000 900.000000 900.000000 900.000000 900.000000 893.905912 882.257014 876.759188 871.679657 868.568104 872.620867 876.215016 879.964015 884.749196 895.686803 -9999.0 -9999.0 -9999.0 -9999.0 -9999.0 -9999.0 -9999.0 -9999.0 -9999.0 -9999.0 -9999.0 -9999.0 -9999.0
899.352406 900.000000 900.000000 900.000000 900.000000 900.000000 900.000000 900.000000 900.000000 900.000000 900.000000 900.000000 900.000000 900.000000 900.000000 900.000000 900.000000 900.000000 900.000000 900.000000 900.000000 900.000000 900.000000 900.000000 900.000000 900.000000 900.000000 900.000000 900.000000 900.000000 900.000000 900.000000 900.000000 900.000000 900.000000 900.000000 895.641487 883.519336 878.389183 880.791275 885.841639 889.640630 896.113359 900.000000 900.000000 900.000000 900.000000 900.000000 900.000000 900.000000 900.000000 900.000000 900.000000 900.000000 888.653275 -9999.0 -9999.0 -9999.0
900.000000 900.000000 900.000000 900.000000 900.000000 900.000000 900.000000 900.000000 900.000000 900.000000 900.000000 900.000000 900.000000 900.000000 900.000000 900.000000 900.000000 900.000000 900.000000 900.000000 900.000000 900.000000 900.000000 900.000000 900.000000 900.000000 900.000000 900.000000 900.000000 900.000000 900.000000 900.000000 900.000000 900.000000 900.000000 900.000000 898.765428 891.859734 887.355513 890.515875 891.928055 900.000000 900.000000 900.000000 900.000000 900.000000 900.000000 900.000000 960.702922 954.081842 900.000000 900.000000 900.000000 900.000000 900.000000 896.950573 895.082098 895.592289
900.000000 900.000000 900.000000 900.000000 900.000000 900.000000 900.000000 900.000000 900.000000 900.000000 900.000000 900.000000 900.000000 900.000000 900.000000 900.000000 900.000000 900.000000 895.190084 894.811343 894.666034 896.076916 897.032667 897.533097 899.833216 898.673459 895.926723 895.044412 889.882040 884.232576 881.556864 890.046176 899.257888 898.931968 891.579047 883.845580 876.576575 865.738033 854.261818 855.710647 861.823429 871.228360 885.383722 900.000000 900.000000 900.000000 900.000000 954.106879 955.097181 957.721878 900.000000 900.000000 900.000000 900.000000 900.000000 900.000000 900.000000 900.000000
900.000000 900.000000 900.000000 900.000000 900.000000 900.000000 900.000000 900.000000 890.029811 874.460062 871.183376 868.221883 868.284092 877.774778 887.972419 892.134406 877.209080 861.321498 852.719147 851.293656 850.349578 842.091194 843.987537 846.640316 852.011964 849.385107 846.151336 834.391840 826.511011 819.638865 821.571499 833.502404 844.759083 847.073733 845.481211 843.589651 837.785511 827.239700 817.020382 822.188720 830.600139 842.385474 872.467918 900.000000 900.000000 900.000000 900.000000 900.000000 900.000000 900.000000 900.000000 900.000000 900.000000 900.000000 900.000000 900.000000 900.000000 900.000000
850.501532 855.996420 864.345725 875.069576 874.455207 870.516699 861.566348 847.308694 827.502880 801.804802 796.590574 791.624130 787.062263 797.836805 810.284463 822.126736 806.055116 795.537584 785.380957 780.853623 768.076843 756.874432 761.843340 770.925832 780.549749 773.442612 758.281782 700.000000 700.000000 700.000000 700.000000 700.000000 700.000000 700.000000 700.000000 755.739944 700.000000 700.000000 700.000000 700.000000 700.000000 765.043015 804.458505 842.289102 866.450043 863.923672 871.511591 878.701984 884.073054 899.157491 900.000000 900.000000 900.000000 900.000000 900.000000 900.000000 900.000000 900.000000
793.975381 796.840229 807.895953 820.117267 819.541528 810.396190 799.553158 778.441076 700.000000 700.000000 700.000000 696.573274 685.697305 692.662125 700.000000 700.000000 700.000000 691.125924 676.167483 661.760563 646.045604 631.714583 638.615927 649.640827 652.772387 647.086444 626.823233 608.892436 601.992531 598.778790 593.873936 600.900379 610.063973 620.444899 630.339182 639.442505 645.169585 628.104767 611.855600 615.173596 644.018416 674.536420 700.000000 758.630051 797.219124 804.916089 808.529478 812.294693 830.026458 847.875669 868.404455 880.979150 891.375558 900.000000 900.000000 898.563567 888.933963 880.233832
676.104465 669.505797 684.537886 689.448665 683.083921 669.156444 660.521227 642.948839 609.455579 568.456008 500.000000 500.000000 500.000000 500.000000 500.000000 500.000000 500.000000 500.000000 500.000000 500.000000 492.806811 480.192776 472.615849 473.780402 473.792589 470.766212 465.945573 458.917020 451.865796 445.227575 438.265338 437.325831 446.731756 455.991997 466.952930 476.990022 480.589914 481.931098 474.927353 476.593931 499.202777 500.000000 564.915350 608.352006 647.801245 675.198802 677.359966 695.474067 700.000000 700.000000 787.133022 809.872302 829.397799 861.096695 867.216933 858.102122 845.265595 838.667375
500.000000 500.000000 500.000000 500.000000 500.000000 500.000000 500.000000 494.265428 460.091129 423.200774 390.339730 325.000000 325.000000 325.000000 325.000000 383.234977 393.186639 392.475976 325.000000 325.000000 325.000000 325.000000 325.000000 325.000000 325.000000 325.000000 325.000000 325.000000 323.747849 317.018504 306.632143 294.214589 297.503906 314.262795 325.000000 325.000000 325.000000 325.000000 325.000000 325.000000 325.000000 391.006999 418.537333 451.898659 487.048682 500.000000 500.000000 558.822769 585.304209 636.547045 685.775930 700.000000 761.951463 795.131004 802.553957 778.468080 700.000000 763.735548
403.798969 387.651310 325.000000 325.000000 325.000000 325.000000 325.000000 325.000000 325.000000 295.352548 258.696007 200.000000 200.000000 200.000000 200.000000 200.000000 200.000000 200.000000 200.000000 200.000000 200.000000 200.000000 200.000000 200.000000 200.000000 200.000000 200.000000 200.000000 200.000000 195.158060 185.785608 177.225945 175.099572 186.713817 200.000000 200.000000 200.000000 200.000000 200.000000 256.145021 256.073730 258.046039 279.193041 312.643152 325.000000 387.938663 412.355126 427.585584 444.555995 464.472469 500.000000 500.000000 577.203086 620.251193 653.187117 621.706376 632.073625 648.767382
289.563448 269.568010 258.811127 200.000000 200.000000 200.000000 200.000000 200.000000 198.582864 178.401085 110.000000 110.000000 20.000000 20.000000 50.000000 50.000000 50.000000 50.000000 50.000000 50.000000 110.000000 20.000000 0.000000 50.000000 0.000000 50.000000 0.000000 0.000000 0.000000 0.000000 0.000000 0.000000 0.000000 20.000000 0.000000 50.000000 110.000000 110.000000 110.000000 110.000000 110.000000 110.000000 171.219280 197.101146 200.000000 272.598983 299.425268 318.758139 325.000000 325.000000 325.000000 325.000000 399.200673 440.804152 479.774403 493.412919 500.000000 500.000000
188.264727 110.000000 110.000000 110.000000 110.000000 50.000000 20.000000 0.000000 20.000000 0.000000 0.000000 0.000000 0.000000 0.000000 0.000000 0.000000 0.000000 0.000000 0.000000 0.000000 0.000000 0.000000 0.000000 0.000000 0.000000 0.000000 0.000000 0.000000 0.000000 0.000000 0.000000 0.000000 0.000000 0.000000 0.000000 0.000000 0.000000 0.000000 0.000000 0.000000 0.000000 0.000000 0.000000 20.000000 110.000000 167.004274 200.000000 200.000000 200.000000 200.000000 200.000000 256.651331 278.048262 305.633278 325.000000 325.000000 392.499030 409.958041
0.000000 0.000000 0.000000 0.000000 0.000000 0.000000 0.000000 0.000000 0.000000 0.000000 0.000000 0.000000 0.000000 0.000000 0.000000 0.000000 0.000000 0.000000 0.000000 0.000000 0.000000 0.000000 0.000000 0.000000 0.000000 0.000000 0.000000 0.000000 0.000000 0.000000 0.000000 0.000000 0.000000 0.000000 0.000000 0.000000 0.000000 0.000000 0.000000 0.000000 0.000000 0.000000 0.000000 0.000000 0.000000 0.000000 20.000000 110.000000 110.000000 110.000000 110.000000 110.000000 177.808019 200.000000 200.000000 278.909268 299.453685 313.326623
0.000000 0.000000 0.000000 0.000000 0.000000 0.000000 0.000000 0.000000 0.000000 0.000000 0.000000 0.000000 0.000000 0.000000 0.000000 0.000000 0.000000 0.000000 0.000000 0.000000 0.000000 0.000000 0.000000 0.000000 0.000000 0.000000 0.000000 0.000000 0.000000 0.000000 0.000000 0.000000 0.000000 0.000000 0.000000 0.000000 0.000000 0.000000 0.000000 0.000000 0.000000 0.000000 0.000000 0.000000 0.000000 0.000000 0.000000 0.000000 0.000000 0.000000 0.000000 0.000000 50.000000 110.000000 110.000000 187.428605 200.000000 200.000000
0.000000 0.000000 0.000000 0.000000 0.000000 0.000000 0.000000 0.000000 0.000000 0.000000 0.000000 0.000000 0.000000 0.000000 0.000000 0.000000 0.000000 50.000000 50.000000 108.106036 110.000000 110.000000 110.000000 50.000000 50.000000 50.000000 50.000000 50.000000 110.000000 110.000000 110.000000 110.000000 107.282121 50.000000 50.000000 50.000000 50.000000 50.000000 50.000000 50.000000 50.000000 0.000000 0.000000 0.000000 0.000000 0.000000 0.000000 0.000000 0.000000 0.000000 0.000000 0.000000 0.000000 0.000000 0.000000 50.000000 110.000000 110.000000
0.000000 0.000000 0.000000 0.000000 0.000000 0.000000 0.000000 0.000000 0.000000 50.000000 50.000000 50.000000 50.000000 50.000000 50.000000 107.533222 110.000000 110.000000 110.000000 177.800294 182.448262 187.029089 189.460233 179.273307 110.000000 110.000000 170.894508 179.588309 192.266403 199.447246 200.000000 199.747134 190.483335 173.064417 110.000000 110.000000 110.000000 172.411499 175.956004 176.174959 165.280402 110.000000 110.000000 50.000000 50.000000 20.000000 0.000000 0.000000 0.000000 0.000000 0.000000 0.000000 0.000000 0.000000 0.000000 0.000000 0.000000 0.000000
50.000000 50.000000 50.000000 50.000000 50.000000 50.000000 106.911629 110.000000 110.000000 110.000000 110.000000 171.694711 175.261311 177.481104 175.992926 187.618529 200.000000 200.000000 200.000000 200.000000 262.999152 268.900365 274.394981 267.265860 200.000000 200.000000 257.290616 267.331447 280.589939 287.048381 290.080860 288.743198 279.255639 256.552494 200.000000 200.000000 200.000000 200.000000 200.000000 200.000000 200.000000 200.000000 200.000000 181.325620 165.403053 110.000000 110.000000 110.000000 110.000000 50.000000 0.000000 0.000000 0.000000 0.000000 0.000000 0.000000 0.000000 0.000000
110.000000 110.000000 110.000000 110.000000 110.000000 110.000000 170.345204 181.091305 200.000000 200.000000 257.100369 271.772961 276.823416 283.704440 287.626480 297.375995 305.409436 317.149483 325.000000 325.000000 325.000000 325.000000 325.000000 325.000000 325.000000 325.000000 325.000000 325.000000 383.083419 386.671276 389.108132 385.351974 325.000000 325.000000 325.000000 325.000000 325.000000 325.000000 325.000000 325.000000 318.432144 303.602865 285.011158 263.146654 200.000000 200.000000 200.000000 200.000000 186.875096 167.365915 110.000000 110.000000 50.000000 0.000000 0.000000 0.000000 0.000000 0.000000
184.617796 197.236729 200.000000 200.000000 200.000000 200.000000 200.000000 263.815131 305.453563 325.000000 325.000000 325.000000 384.395938 393.305810 415.235624 428.896311 437.441795 436.259291 448.400088 466.425177 481.950086 490.179214 496.538810 500.000000 500.000000 500.000000 499.305715 500.000000 500.000000 500.000000 500.000000 500.000000 500.000000 486.143747 476.841254 467.189180 457.639765 452.493406 445.032379 420.714315 406.051734 390.924406 325.000000 325.000000 325.000000 306.843095 293.890544 279.383836 260.010903 200.000000 200.000000 193.579462 110.000000 110.000000 110.000000 107.690392 50.000000 0.000000
255.801843 271.201087 287.702985 307.762546 309.905942 316.888419 325.000000 325.000000 412.402637 444.453281 467.193480 492.890556 500.000000 500.000000 571.183743 593.695763 592.149329 585.832972 589.594428 607.113512 623.593688 636.720099 651.939899 669.547869 680.962541 672.388128 662.537153 656.954881 654.181578 650.118400 648.527228 649.544407 651.461016 640.893374 629.616096 616.770904 604.394294 590.688277 558.890011 500.000000 500.000000 486.865462 464.386046 439.664252 414.440989 393.199790 325.000000 325.000000 325.000000 318.468226 296.514597 270.076723 200.000000 200.000000 197.877260 182.330753 110.000000 110.000000
325.000000 325.000000 392.619354 407.116811 416.051744 425.560305 458.207169 500.000000 500.000000 576.280031 606.415253 636.582695 668.298517 700.000000 700.000000 757.731772 700.000000 700.000000 700.000000 700.000000 764.574005 772.896855 788.723144 803.769528 818.079015 810.012710 800.233100 784.432472 780.611747 777.229820 770.933683 772.129949 773.868458 779.804762 769.808194 758.424740 700.000000 700.000000 684.592884 654.757435 628.109796 601.523853 572.648405 500.000000 500.000000 483.489525 461.846112 441.033575 418.432670 397.414206 325.000000 325.000000 325.000000 302.477094 283.027404 262.172824 200.000000 200.000000
431.798550 465.614957 500.000000 500.000000 560.106995 597.917895 637.779072 685.150459 700.000000 700.000000 764.654509 789.759713 813.790258 842.510007 867.216878 891.345817 887.999029 876.220726 863.031736 870.636115 875.648593 879.585604 891.518885 900.000000 900.000000 900.000000 900.000000 884.081093 877.285119 870.979653 863.595243 863.440068 869.544228 877.329892 871.274535 857.317988 840.708232 817.862055 793.283040 768.619848 700.000000 700.000000 689.183822 658.474586 624.820901 590.132806 563.431785 500.000000 500.000000 479.664596 464.194256 446.142840 418.790425 398.403130 325.000000 325.000000 325.000000 305.079796
500.000000 591.569696 643.157512 694.063532 700.000000 772.724757 807.707122 830.530637 852.190106 872.571802 892.631402 900.000000 900.000000 955.537270 977.959522 997.165617 992.269496 979.306455 967.535451 965.635670 968.888788 972.196413 980.148162 993.746686 1004.767566 996.693660 981.454083 966.486117 956.681428 900.000000 900.000000 900.000000 954.387452 960.691447 900.000000 900.000000 900.000000 900.000000 881.539445 859.094763 836.237509 811.877547 786.727255 758.368169 700.000000 696.189134 664.193029 632.775515 602.121356 583.869162 566.457840 500.000000 500.000000 500.000000 480.099770 453.815984 427.493244 395.264988
693.437343 700.000000 779.220872 814.910663 849.403746 881.919483 900.000000 900.000000 958.434489 969.499503 985.019302 1004.850536 1018.948577 1036.181333 1054.906888 1056.180377 1052.981451 1041.304109 1039.432235 1038.873235 1041.950517 1043.183883 1047.914119 1059.237444 1053.234577 1045.635802 1030.917840 1020.070389 1010.785072 1004.521332 1000.339499 1000.716210 1007.473367 1004.491579 997.196606 982.537712 970.477698 954.918097 900.000000 900.000000 895.480394 872.673241 848.826841 823.302619 795.769925 765.570255 700.000000 700.000000 696.876474 680.972952 669.382119 669.226242 648.417263 626.123890 602.859580 571.908057 500.000000 500.000000
