tests/Borden05m/sims/sim_1/output-maps/watertableN0003.asc
ncols         160
nrows         34
xllcorner     620200.000000
yllcorner     5168000.000000
cellsize      0.500000
NODATA_value  -9999.0
[rows 0 to 25 of 34, columns 0 to 58 of 160]
-9999.0 -9999.0 -9999.0 -9999.0 -9999.0 -9999.0 -9999.0 -9999.0 -9999.0 -9999.0 -9999.0 -9999.0 -9999.0 -9999.0 -9999.0 -9999.0 -9999.0 -9999.0 -9999.0 -9999.0 -9999.0 -9999.0 -9999.0 -9999.0 -9999.0 -9999.0 -9999.0 -9999.0 -9999.0 -9999.0 -9999.0 -9999.0 -9999.0 -9999.0 -9999.0 -9999.0 -9999.0 -9999.0 -9999.0 -9999.0 -9999.0 -9999.0 -9999.0 -9999.0 -9999.0 -9999.0 -9999.0 -9999.0 -9999.0 -9999.0 -9999.0 -9999.0 -9999.0 -9999.0 -9999.0 -9999.0 -9999.0 -9999.0 -9999.0
-9999.0 -9999.0 -9999.0 -9999.0 -9999.0 -9999.0 -9999.0 -9999.0 -9999.0 -9999.0 -9999.0 -9999.0 -9999.0 -9999.0 -9999.0 -9999.0 -9999.0 -9999.0 -9999.0 -9999.0 -9999.0 -9999.0 -9999.0 -9999.0 -9999.0 -9999.0 -9999.0 -9999.0 -9999.0 -9999.0 -9999.0 -9999.0 -9999.0 -9999.0 -9999.0 -9999.0 -9999.0 -9999.0 -9999.0 -9999.0 -9999.0 -9999.0 -9999.0 -9999.0 -9999.0 -9999.0 -9999.0 -9999.0 -9999.0 -9999.0 -9999.0 -9999.0 -9999.0 -9999.0 -9999.0 -9999.0 -9999.0 -9999.0 -9999.0
-9999.0 -9999.0 -9999.0 -9999.0 -9999.0 -9999.0 -9999.0 -9999.0 -9999.0 -9999.0 -9999.0 -9999.0 -9999.0 -9999.0 -9999.0 -9999.0 -9999.0 -9999.0 -9999.0 -9999.0 -9999.0 -9999.0 -9999.0 -9999.0 -9999.0 -9999.0 -9999.0 -9999.0 -9999.0 -9999.0 -9999.0 -9999.0 -9999.0 -9999.0 -9999.0 -9999.0 -9999.0 -9999.0 -9999.0 -9999.0 -9999.0 -9999.0 -9999.0 -9999.0 -9999.0 -9999.0 -9999.0 1018.833166 1036.199044 1052.591978 1054.563491 1032.200489 1009.278120 986.049514 965.982205 900.000000 900.000000 900.000000 900.000000
-9999.0 -9999.0 -9999.0 -9999.0 -9999.0 -9999.0 -9999.0 -9999.0 -9999.0 -9999.0 -9999.0 -9999.0 -9999.0 -9999.0 -9999.0 -9999.0 -9999.0 -9999.0 -9999.0 -9999.0 -9999.0 -9999.0 -9999.0 -9999.0 -9999.0 -9999.0 -9999.0 -9999.0 -9999.0 -9999.0 -9999.0 -9999.0 -9999.0 -9999.0 -9999.0 -9999.0 -9999.0 -9999.0 -9999.0 -9999.0 971.397146 965.658894 964.252431 975.100820 986.453867 998.382750 1018.218124 1035.944965 1051.282973 1054.170806 1051.763237 1046.446858 1023.954083 1000.114105 981.073726 964.174431 900.000000 900.000000 900.000000
-9999.0 -9999.0 -9999.0 -9999.0 -9999.0 -9999.0 -9999.0 -9999.0 -9999.0 -9999.0 -9999.0 -9999.0 -9999.0 -9999.0 -9999.0 -9999.0 -9999.0 -9999.0 -9999.0 -9999.0 -9999.0 -9999.0 -9999.0 -9999.0 -9999.0 -9999.0 -9999.0 -9999.0 -9999.0 -9999.0 -9999.0 -9999.0 -9999.0 -9999.0 1062.109854 1044.815784 1027.052851 1009.106063 992.855826 986.461887 980.727367 975.103016 979.262802 984.202365 995.613967 1014.295467 1033.930777 1048.090110 1050.743915 1053.478499 1049.366868 1036.685501 1020.466095 1004.560246 984.174193 961.590934 900.000000 900.000000 900.000000
-9999.0 -9999.0 -9999.0 -9999.0 -9999.0 -9999.0 -9999.0 -9999.0 -9999.0 -9999.0 -9999.0 -9999.0 -9999.0 -9999.0 -9999.0 -9999.0 -9999.0 -9999.0 -9999.0 -9999.0 -9999.0 -9999.0 -9999.0 -9999.0 -9999.0 -9999.0 -9999.0 -9999.0 1056.914782 1062.919041 1068.213039 1069.928143 1071.453665 1072.847883 1066.141946 1054.149400 1036.268731 1015.189582 1002.754426 995.910279 989.648180 989.076995 994.102185 996.478971 996.529598 1008.337461 1020.066637 1031.055395 1041.634276 1043.127000 1033.946464 1020.537638 1005.054384 990.842949 976.117256 964.039944 900.000000 900.000000 900.000000
-9999.0 -9999.0 -9999.0 -9999.0 -9999.0 -9999.0 -9999.0 -9999.0 -9999.0 -9999.0 -9999.0 -9999.0 -9999.0 -9999.0 -9999.0 -9999.0 -9999.0 -9999.0 -9999.0 -9999.0 -9999.0 -9999.0 -9999.0 1085.548456 1079.690065 1073.405002 1066.284294 1065.614802 1070.013339 1075.848524 1079.215056 1081.017384 1082.875653 1078.771709 1070.768921 1057.475557 1042.003853 1020.857231 1012.651742 1006.464970 994.457310 992.466613 987.918421 984.287769 986.398483 989.367014 1001.530147 1010.586725 1005.324255 999.584976 993.560430 986.497548 974.038055 959.099190 900.000000 900.000000 900.000000 882.691074 866.926052
-9999.0 -9999.0 -9999.0 -9999.0 -9999.0 -9999.0 -9999.0 -9999.0 -9999.0 -9999.0 -9999.0 -9999.0 -9999.0 -9999.0 -9999.0 -9999.0 -9999.0 -9999.0 -9999.0 1100.000000 1100.000000 1100.000000 1100.000000 1100.000000 1100.000000 1094.363012 1086.508478 1084.622842 1086.471676 1088.332876 1087.094973 1084.742152 1080.868200 1069.833688 1056.439077 1042.751184 1029.131981 1008.845225 994.598422 981.204352 965.617589 967.266669 972.002627 974.496464 974.454770 974.268391 968.928872 965.730752 960.348764 955.085677 900.000000 900.000000 900.000000 900.000000 893.132772 873.793958 855.566698 837.692073 819.910804
-9999.0 -9999.0 -9999.0 -9999.0 -9999.0 -9999.0 -9999.0 -9999.0 -9999.0 -9999.0 -9999.0 -9999.0 -9999.0 -9999.0 -9999.0 -9999.0 1100.000000 1100.000000 1100.000000 1100.000000 1100.000000 1100.000000 1100.000000 1100.000000 1100.000000 1100.000000 1100.000000 1092.291402 1084.794710 1077.855231 1072.311247 1069.996789 1062.754262 1053.541690 1042.121927 1027.067888 1005.852466 983.767488 968.098781 900.000000 900.000000 900.000000 900.000000 900.000000 900.000000 900.000000 900.000000 900.000000 900.000000 885.282648 871.633622 866.755568 860.066529 842.884341 820.261003 795.174714 764.490238 700.000000 700.000000
-9999.0 -9999.0 -9999.0 -9999.0 -9999.0 -9999.0 -9999.0 -9999.0 -9999.0 -9999.0 -9999.0 -9999.0 -9999.0 1182.500927 1178.473549 1169.374325 1161.074532 1158.964997 1155.180630 1100.000000 1100.000000 1100.000000 1100.000000 1100.000000 1100.000000 1100.000000 1093.295947 1081.969239 1073.952184 1067.180561 1060.522935 1054.552391 1041.423218 1026.567067 1011.184777 991.530989 970.566202 900.000000 900.000000 900.000000 900.000000 899.333663 900.000000 900.000000 892.334633 874.801896 856.343713 844.550932 823.615039 800.446480 786.420972 773.822198 765.166511 753.253186 700.000000 697.967051 661.590434 632.187911 614.518486
-9999.0 -9999.0 -9999.0 -9999.0 -9999.0 -9999.0 -9999.0 -9999.0 -9999.0 -9999.0 1216.517844 1214.136434 1217.717136 1217.448159 1212.870614 1201.199282 1188.156692 1181.623996 1170.629101 1100.000000 1100.000000 1100.000000 1100.000000 1100.000000 1100.000000 1090.079549 1077.441519 1064.975244 1048.315578 1036.184100 1024.223269 1004.303868 988.398800 972.608980 955.636175 900.000000 900.000000 887.679984 861.353419 847.961484 824.750501 811.297631 814.643677 814.723958 807.039611 789.680965 765.994851 700.000000 700.000000 687.102509 665.621295 650.634228 639.419535 626.106125 609.010305 574.171172 500.000000 488.130351 449.910665
-9999.0 -9999.0 -9999.0 -9999.0 -9999.0 -9999.0 -9999.0 -9999.0 1240.365447 1233.521939 1227.464364 1230.649642 1235.476429 1239.137949 1226.189606 1210.720748 1195.114106 1178.331832 1162.787319 1100.000000 1100.000000 1100.000000 1095.338736 1084.038966 1072.727863 1058.087601 1044.940771 1027.740848 1007.044536 993.195729 975.093892 953.954437 900.000000 900.000000 900.000000 882.858768 855.442507 822.245341 790.543625 765.986710 700.000000 700.000000 700.000000 700.000000 700.000000 675.739707 644.428126 610.975151 576.540629 500.000000 500.000000 479.850202 465.077432 445.810670 416.716012 325.000000 281.465843 200.000000 110.000000
-9999.0 -9999.0 -9999.0 -9999.0 -9999.0 -9999.0 1266.177997 1242.233664 1227.640011 1235.644130 1244.577672 1248.220398 1252.116768 1231.756575 1210.641801 1194.090516 1177.776640 1160.827108 1100.000000 1100.000000 1096.935949 1080.792457 1066.486587 1047.633679 1034.052031 1020.470317 1003.681860 980.747790 958.424109 900.000000 898.150264 872.269059 846.435840 827.156129 809.071901 790.249179 758.906199 700.000000 684.671946 653.602465 624.569380 593.702089 580.997565 571.050699 557.124481 500.000000 496.450991 452.865548 325.000000 200.000000 200.000000 191.088598 110.000000 110.000000 110.000000 20.000000 0.000000 0.000000 0.000000
-9999.0 -9999.0 -9999.0 -9999.0 1299.147610 1278.398386 1258.259690 1227.746214 1205.452982 1210.971103 1204.144989 1203.979677 1205.690000 1203.063093 1197.244029 1179.704447 1162.185443 1100.000000 1100.000000 1090.100701 1048.684447 1032.755347 1006.964507 975.428106 961.952791 900.000000 900.000000 900.000000 881.873101 847.681153 801.634574 762.208954 700.000000 700.000000 690.609071 667.487688 635.337970 596.567089 553.774496 500.000000 467.499182 427.348077 391.782367 325.000000 292.398776 200.000000 200.000000 110.000000 20.000000 0.000000 0.000000 0.000000 0.000000 0.000000 0.000000 0.000000 0.000000 0.000000 0.000000
-9999.0 -9999.0 -9999.0 1300.000000 1300.000000 1271.422229 1244.327566 1213.665945 1182.251128 1176.672692 1168.494085 1162.745030 1156.874783 1100.000000 1100.000000 1100.000000 1100.000000 1095.515861 1074.875920 1038.861929 1003.470703 970.513989 900.000000 900.000000 886.171120 870.851471 854.512531 830.981433 791.897043 700.000000 700.000000 646.462411 605.888696 575.162751 500.000000 500.000000 490.922990 442.798130 325.000000 200.000000 195.194913 110.000000 50.000000 0.000000 0.000000 0.000000 0.000000 0.000000 0.000000 0.000000 0.000000 0.000000 0.000000 0.000000 0.000000 0.000000 0.000000 0.000000 0.000000
-9999.0 -9999.0 1393.574485 1356.305244 1300.000000 1270.509518 1217.989883 1184.512373 1100.000000 1100.000000 1100.000000 1094.543253 1077.950710 1069.928677 1053.398663 1036.215282 1022.406209 1018.754160 1005.796254 971.514669 900.000000 870.226680 838.440915 782.140046 700.000000 700.000000 700.000000 687.876090 655.466224 608.335059 500.000000 489.362063 425.118585 325.000000 275.285404 200.000000 200.000000 110.000000 20.000000 0.000000 0.000000 0.000000 0.000000 0.000000 0.000000 0.000000 0.000000 0.000000 0.000000 0.000000 0.000000 0.000000 0.000000 0.000000 0.000000 0.000000 0.000000 0.000000 0.000000
-9999.0 -9999.0 1419.411226 1374.973817 1300.000000 1264.176935 1187.106740 1100.000000 1100.000000 1062.462104 1043.732652 1020.141787 1002.501956 985.838638 961.862098 900.000000 900.000000 900.000000 900.000000 875.571354 817.393363 754.049491 681.816587 615.474833 571.125811 559.682732 500.000000 500.000000 500.000000 432.283102 305.761146 200.000000 110.000000 0.000000 0.000000 0.000000 0.000000 0.000000 0.000000 0.000000 0.000000 0.000000 0.000000 0.000000 0.000000 0.000000 0.000000 0.000000 0.000000 0.000000 0.000000 0.000000 0.000000 0.000000 0.000000 0.000000 0.000000 0.000000 0.000000
-9999.0 1500.000000 1455.153159 1401.193418 1300.000000 1261.820356 1175.785719 1094.368637 1042.739906 999.813605 971.529261 900.000000 900.000000 851.701079 824.101549 794.029612 795.258374 796.457695 805.074065 761.970007 700.000000 609.806733 464.888700 325.000000 200.000000 200.000000 200.000000 200.000000 200.000000 110.000000 0.000000 0.000000 0.000000 0.000000 0.000000 0.000000 0.000000 0.000000 0.000000 0.000000 0.000000 0.000000 0.000000 0.000000 0.000000 0.000000 0.000000 0.000000 0.000000 0.000000 0.000000 0.000000 0.000000 0.000000 0.000000 0.000000 0.000000 0.000000 0.000000
-9999.0 1500.000000 1482.190856 1409.611095 1300.000000 1262.615949 1100.000000 1016.472345 968.893969 900.000000 900.000000 861.792432 772.715167 700.000000 658.105928 612.088894 612.954910 624.677095 627.574822 590.757309 500.000000 395.466160 110.000000 0.000000 0.000000 0.000000 0.000000 0.000000 0.000000 0.000000 0.000000 0.000000 0.000000 0.000000 0.000000 0.000000 0.000000 0.000000 0.000000 0.000000 0.000000 0.000000 0.000000 0.000000 0.000000 0.000000 0.000000 0.000000 0.000000 0.000000 0.000000 0.000000 0.000000 0.000000 0.000000 0.000000 0.000000 0.000000 0.000000
-9999.0 1570.087627 1499.032057 1433.762093 1362.818133 1238.673807 1100.000000 980.341383 891.023310 854.146562 807.787782 700.000000 604.138594 493.248150 396.512473 310.853557 200.000000 283.478601 200.000000 200.000000 110.000000 0.000000 0.000000 0.000000 0.000000 0.000000 0.000000 0.000000 0.000000 0.000000 0.000000 0.000000 0.000000 0.000000 0.000000 0.000000 0.000000 0.000000 0.000000 0.000000 0.000000 0.000000 0.000000 0.000000 0.000000 0.000000 0.000000 0.000000 0.000000 0.000000 0.000000 0.000000 0.000000 0.000000 0.000000 0.000000 0.000000 0.000000 0.000000
-9999.0 1666.705481 1578.213178 1500.000000 1389.790864 1214.718582 1086.618623 900.000000 794.190498 700.000000 649.343617 500.000000 325.000000 110.000000 0.000000 0.000000 0.000000 0.000000 0.000000 0.000000 0.000000 0.000000 0.000000 0.000000 0.000000 0.000000 0.000000 0.000000 0.000000 0.000000 0.000000 0.000000 0.000000 0.000000 0.000000 0.000000 0.000000 0.000000 0.000000 0.000000 0.000000 0.000000 0.000000 0.000000 0.000000 0.000000 0.000000 0.000000 0.000000 0.000000 0.000000 0.000000 0.000000 0.000000 0.000000 0.000000 0.000000 0.000000 0.000000
-9999.0 1700.000000 1670.173078 1572.323313 1421.189147 1249.262701 1099.436179 900.000000 700.000000 615.318506 498.531312 325.000000 110.000000 0.000000 0.000000 0.000000 0.000000 0.000000 0.000000 0.000000 0.000000 0.000000 0.000000 0.000000 0.000000 0.000000 0.000000 0.000000 0.000000 0.000000 0.000000 0.000000 0.000000 0.000000 0.000000 0.000000 0.000000 0.000000 0.000000 0.000000 0.000000 0.000000 0.000000 0.000000 0.000000 0.000000 0.000000 0.000000 0.000000 0.000000 0.000000 0.000000 0.000000 0.000000 0.000000 0.000000 0.000000 110.000000 200.000000
-9999.0 1848.200476 1700.000000 1624.651379 1491.393195 1300.000000 1204.699891 1027.116746 860.783030 641.827068 414.793196 307.848090 194.597314 0.000000 0.000000 0.000000 0.000000 0.000000 0.000000 0.000000 0.000000 0.000000 0.000000 0.000000 0.000000 0.000000 0.000000 0.000000 0.000000 0.000000 0.000000 0.000000 0.000000 0.000000 0.000000 0.000000 0.000000 0.000000 0.000000 0.000000 0.000000 0.000000 0.000000 0.000000 0.000000 0.000000 0.000000 20.000000 50.000000 110.000000 110.000000 110.000000 110.000000 200.000000 200.000000 200.000000 325.000000 435.354118 475.919149
-9999.0 -9999.0 1800.884767 1685.665336 1570.352368 1439.095217 1300.000000 1100.000000 984.467625 786.832915 657.309243 500.000000 449.822838 320.832324 200.000000 110.000000 50.000000 50.000000 110.000000 110.000000 50.000000 20.000000 0.000000 0.000000 0.000000 0.000000 0.000000 0.000000 0.000000 0.000000 50.000000 110.000000 110.000000 110.000000 110.000000 110.000000 110.000000 110.000000 110.000000 191.783103 200.000000 200.000000 200.000000 200.000000 200.000000 200.000000 292.823460 325.000000 405.975164 434.039907 446.519531 456.514195 466.001091 480.844683 496.833073 500.000000 500.000000 581.856408 611.017563
-9999.0 -9999.0 1887.661610 1774.350648 1652.986386 1500.000000 1412.869789 1300.000000 1100.000000 1011.845155 900.000000 804.080030 700.000000 654.964233 599.248393 500.000000 495.057576 479.122184 474.591272 459.583616 430.768806 392.349047 325.000000 276.035194 200.000000 200.000000 200.000000 200.000000 200.000000 315.739900 400.251634 447.549397 467.801122 476.284664 471.039880 461.283273 466.965394 479.927421 497.213388 500.000000 500.000000 500.000000 552.977085 555.941082 557.818056 562.888035 570.508789 585.497313 601.769854 613.016260 622.015364 629.238443 633.483987 641.965056 652.836373 661.575058 681.523053 700.000000 700.000000
-9999.0 -9999.0 -9999.0 1842.523605 1700.000000 1669.227580 1567.476103 1494.875888 1406.730954 1284.939749 1169.316102 1057.068766 986.498836 900.000000 873.093274 819.727515 781.917548 760.268597 700.000000 692.579448 662.545218 624.026109 589.343124 569.501395 500.000000 500.000000 500.000000 500.000000 553.209658 575.399335 604.809710 631.711705 646.032113 645.822949 646.227354 644.291665 649.971037 655.369103 666.943714 680.016123 693.294341 700.000000 700.000000 700.000000 700.000000 700.000000 700.000000 700.000000 700.000000 700.000000 758.887383 762.077159 765.750828 770.691888 777.739396 785.584643 796.835522 823.204993 848.591602
