tests/Borden05m/sims/sim_1/output-maps/watertableN0006.asc
ncols         160
nrows         34
xllcorner     620200.000000
yllcorner     5168000.000000
cellsize      0.500000
NODATA_value  -9999.0
[rows 0 to 25 of 34, columns 59 to 117 of 160]
-9999.0 -9999.0 -9999.0 -9999.0 -9999.0 -9999.0 -9999.0 -9999.0 -9999.0 -9999.0 -9999.0 -9999.0 -9999.0 -9999.0 -9999.0 -9999.0 -9999.0 -9999.0 -9999.0 -9999.0 -9999.0 -9999.0 -9999.0 -9999.0 -9999.0 -9999.0 -9999.0 -9999.0 -9999.0 -9999.0 -9999.0 -9999.0 -9999.0 -9999.0 -9999.0 -9999.0 -9999.0 -9999.0 -9999.0 -9999.0 -9999.0 -9999.0 -9999.0 -9999.0 -9999.0 -9999.0 -9999.0 -9999.0 -9999.0 -9999.0 -9999.0 -9999.0 -9999.0 -9999.0 -9999.0 -9999.0 -9999.0 -9999.0 -9999.0
888.749479 894.249389 899.604269 900.000000 900.000000 900.000000 900.000000 900.000000 900.000000 900.000000 900.000000 900.000000 900.000000 900.000000 900.000000 900.000000 900.000000 900.000000 900.000000 900.000000 900.000000 900.000000 900.000000 900.000000 900.000000 900.000000 900.000000 900.000000 900.000000 900.000000 900.000000 900.000000 900.000000 900.000000 898.106391 886.514351 881.037211 875.950001 872.784318 876.711575 880.158834 883.755159 888.397446 899.207156 -9999.0 -9999.0 -9999.0 -9999.0 -9999.0 -9999.0 -9999.0 -9999.0 -9999.0 -9999.0 -9999.0 -9999.0 -9999.0 -9999.0 -9999.0
900.000000 900.000000 900.000000 900.000000 900.000000 900.000000 900.000000 900.000000 900.000000 900.000000 900.000000 900.000000 900.000000 900.000000 900.000000 900.000000 900.000000 900.000000 900.000000 900.000000 900.000000 900.000000 900.000000 900.000000 900.000000 900.000000 900.000000 900.000000 900.000000 900.000000 900.000000 900.000000 900.000000 900.000000 900.000000 900.000000 888.054835 882.915819 885.226819 890.124777 893.743768 900.000000 900.000000 900.000000 900.000000 900.000000 900.000000 900.000000 900.000000 900.000000 900.000000 900.000000 900.000000 891.473588 -9999.0 -9999.0 -9999.0 -9999.0 -9999.0
900.000000 900.000000 900.000000 900.000000 900.000000 900.000000 900.000000 900.000000 900.000000 900.000000 900.000000 900.000000 900.000000 900.000000 900.000000 900.000000 900.000000 900.000000 900.000000 900.000000 900.000000 900.000000 900.000000 900.000000 900.000000 900.000000 900.000000 900.000000 900.000000 900.000000 900.000000 900.000000 900.000000 900.000000 900.000000 900.000000 897.084385 892.585636 895.625684 896.834386 900.000000 900.000000 900.000000 900.000000 900.000000 900.000000 900.000000 963.857165 957.126889 900.000000 900.000000 900.000000 900.000000 900.000000 899.791344 897.896966 898.356328 898.872894 900.000000
900.000000 900.000000 900.000000 900.000000 900.000000 900.000000 900.000000 900.000000 900.000000 900.000000 900.000000 900.000000 900.000000 900.000000 900.000000 900.000000 900.000000 900.000000 900.000000 900.000000 900.000000 900.000000 900.000000 900.000000 900.000000 900.000000 900.000000 896.701003 891.048102 888.304030 896.610298 900.000000 900.000000 898.045615 890.411583 883.268807 872.598790 861.232582 862.513848 868.247719 877.143448 890.733076 900.000000 900.000000 900.000000 900.000000 957.798857 958.617635 961.067845 900.000000 900.000000 900.000000 900.000000 900.000000 900.000000 900.000000 900.000000 900.000000 900.000000
900.000000 900.000000 900.000000 900.000000 900.000000 900.000000 900.000000 897.020645 881.968066 879.058540 876.382040 876.598140 885.997543 896.045603 900.000000 885.524183 870.061036 861.878950 860.795627 860.158972 852.167312 853.958902 856.397944 861.583241 859.030474 856.015815 844.595257 836.842903 829.969634 831.683050 843.178641 854.129268 856.408583 854.917652 853.145023 847.589921 837.469538 827.599105 832.471041 840.102155 850.843509 879.700666 900.000000 900.000000 900.000000 900.000000 900.000000 900.000000 900.000000 900.000000 900.000000 900.000000 900.000000 900.000000 900.000000 900.000000 900.000000 900.000000 900.000000
864.012654 872.379510 883.112024 882.732522 879.173731 870.726652 857.153336 838.288760 813.795419 809.344566 804.987162 800.880384 811.359592 823.336782 834.808456 819.264531 809.514650 800.293778 796.584926 784.809580 774.276678 778.701381 786.930566 795.954960 789.166038 775.005377 759.391358 752.106522 700.000000 700.000000 756.904016 762.850232 766.623721 767.406624 772.005616 769.577323 758.993380 700.000000 700.000000 755.813772 779.387817 815.975805 851.734062 874.638450 871.557203 878.600793 885.249642 890.062539 900.000000 900.000000 900.000000 900.000000 900.000000 900.000000 900.000000 900.000000 900.000000 900.000000 900.000000
810.141356 820.951983 833.055857 832.923595 824.610344 814.627989 794.781790 768.894766 700.000000 700.000000 700.000000 700.000000 700.000000 700.000000 700.000000 700.000000 700.000000 700.000000 689.660880 675.548875 661.982031 666.709161 675.397408 677.563290 672.106380 653.656779 636.228887 627.299582 621.386110 614.949678 620.969435 630.618155 642.751933 654.799510 665.159478 671.546236 657.513796 643.505599 646.364757 671.718796 698.101355 700.000000 774.257460 810.548278 817.311390 820.267597 823.106155 839.484685 856.037814 875.386410 887.145636 896.957035 900.000000 900.000000 900.000000 894.050621 885.283334 886.222961 900.000000
694.845495 700.000000 700.000000 700.000000 696.039339 688.527872 671.835317 638.115428 594.652947 559.536121 500.000000 500.000000 500.000000 500.000000 564.419776 571.365474 555.763282 500.000000 500.000000 499.379900 474.900818 454.880611 451.282631 448.395512 440.530906 428.335609 404.816507 325.000000 325.000000 299.680425 296.560077 324.100442 325.000000 421.751947 455.262009 467.667411 473.007111 463.910196 468.378525 500.000000 500.000000 585.956163 631.109737 671.282739 697.670350 699.944383 700.000000 700.000000 760.226385 798.773945 819.744229 838.031350 868.639654 874.564326 865.823895 853.276646 846.472318 863.031470 880.480106
500.000000 500.000000 500.000000 500.000000 500.000000 500.000000 495.221264 410.558637 313.388041 200.000000 200.000000 195.397909 200.000000 200.000000 200.000000 200.000000 200.000000 200.000000 200.000000 110.000000 110.000000 110.000000 110.000000 110.000000 110.000000 50.000000 50.000000 0.000000 0.000000 0.000000 0.000000 0.000000 0.000000 50.000000 110.000000 110.000000 110.000000 110.000000 110.000000 110.000000 200.000000 281.021996 325.000000 469.523474 500.000000 553.221330 579.656178 607.120267 656.430003 700.000000 700.000000 775.117755 806.872926 814.492636 792.435766 767.848772 777.947704 791.640966 811.172324
200.000000 200.000000 200.000000 200.000000 200.000000 200.000000 110.000000 50.000000 0.000000 0.000000 0.000000 0.000000 0.000000 0.000000 0.000000 0.000000 0.000000 0.000000 0.000000 0.000000 0.000000 0.000000 0.000000 0.000000 0.000000 0.000000 0.000000 0.000000 0.000000 0.000000 0.000000 0.000000 0.000000 0.000000 0.000000 0.000000 0.000000 0.000000 0.000000 0.000000 0.000000 0.000000 0.000000 110.000000 200.000000 200.000000 279.096760 325.000000 401.567739 500.000000 500.000000 592.511777 637.663357 672.797890 649.882198 660.875250 675.764403 696.028539 700.000000
0.000000 0.000000 0.000000 0.000000 0.000000 0.000000 0.000000 0.000000 0.000000 0.000000 0.000000 0.000000 0.000000 0.000000 0.000000 0.000000 0.000000 0.000000 0.000000 0.000000 0.000000 0.000000 0.000000 0.000000 0.000000 0.000000 0.000000 0.000000 0.000000 0.000000 0.000000 0.000000 0.000000 0.000000 0.000000 0.000000 0.000000 0.000000 0.000000 0.000000 0.000000 0.000000 0.000000 0.000000 0.000000 0.000000 0.000000 0.000000 50.000000 110.000000 110.000000 200.000000 324.493463 434.289827 488.668500 500.000000 500.000000 575.993049 615.002080
0.000000 0.000000 0.000000 0.000000 0.000000 0.000000 0.000000 0.000000 0.000000 0.000000 0.000000 0.000000 0.000000 0.000000 0.000000 0.000000 0.000000 0.000000 0.000000 0.000000 0.000000 0.000000 0.000000 0.000000 0.000000 0.000000 0.000000 0.000000 0.000000 0.000000 0.000000 0.000000 0.000000 0.000000 0.000000 0.000000 0.000000 0.000000 0.000000 0.000000 0.000000 0.000000 0.000000 0.000000 0.000000 0.000000 0.000000 0.000000 0.000000 0.000000 0.000000 0.000000 0.000000 50.000000 110.000000 200.000000 200.000000 309.884831 388.888899
0.000000 0.000000 0.000000 0.000000 0.000000 0.000000 0.000000 0.000000 0.000000 0.000000 0.000000 0.000000 0.000000 0.000000 0.000000 0.000000 0.000000 0.000000 0.000000 0.000000 0.000000 0.000000 0.000000 0.000000 0.000000 0.000000 0.000000 0.000000 0.000000 0.000000 0.000000 0.000000 0.000000 0.000000 0.000000 0.000000 0.000000 0.000000 0.000000 0.000000 0.000000 0.000000 0.000000 0.000000 0.000000 0.000000 0.000000 0.000000 0.000000 0.000000 0.000000 0.000000 0.000000 0.000000 0.000000 0.000000 0.000000 0.000000 0.000000
0.000000 0.000000 0.000000 0.000000 0.000000 0.000000 0.000000 0.000000 0.000000 0.000000 0.000000 0.000000 0.000000 0.000000 0.000000 0.000000 0.000000 0.000000 0.000000 0.000000 0.000000 0.000000 0.000000 0.000000 0.000000 0.000000 0.000000 0.000000 0.000000 0.000000 0.000000 0.000000 0.000000 0.000000 0.000000 0.000000 0.000000 0.000000 0.000000 0.000000 0.000000 0.000000 0.000000 0.000000 0.000000 0.000000 0.000000 0.000000 0.000000 0.000000 0.000000 0.000000 0.000000 0.000000 0.000000 0.000000 0.000000 0.000000 0.000000
0.000000 0.000000 0.000000 0.000000 0.000000 0.000000 0.000000 0.000000 0.000000 0.000000 0.000000 0.000000 0.000000 0.000000 0.000000 0.000000 0.000000 0.000000 0.000000 0.000000 0.000000 0.000000 0.000000 0.000000 0.000000 0.000000 0.000000 0.000000 0.000000 0.000000 0.000000 0.000000 0.000000 0.000000 0.000000 0.000000 0.000000 0.000000 0.000000 0.000000 0.000000 0.000000 0.000000 0.000000 0.000000 0.000000 0.000000 0.000000 0.000000 0.000000 0.000000 0.000000 0.000000 0.000000 0.000000 0.000000 0.000000 0.000000 0.000000
0.000000 0.000000 0.000000 0.000000 0.000000 0.000000 0.000000 0.000000 0.000000 0.000000 0.000000 0.000000 0.000000 0.000000 0.000000 0.000000 0.000000 0.000000 0.000000 0.000000 0.000000 0.000000 0.000000 0.000000 0.000000 0.000000 0.000000 0.000000 0.000000 0.000000 0.000000 0.000000 0.000000 0.000000 0.000000 0.000000 0.000000 0.000000 0.000000 0.000000 0.000000 0.000000 0.000000 0.000000 0.000000 0.000000 0.000000 0.000000 0.000000 0.000000 0.000000 0.000000 0.000000 0.000000 0.000000 0.000000 0.000000 0.000000 0.000000
0.000000 0.000000 0.000000 0.000000 0.000000 0.000000 0.000000 0.000000 0.000000 0.000000 0.000000 0.000000 0.000000 0.000000 0.000000 0.000000 0.000000 0.000000 0.000000 0.000000 0.000000 0.000000 0.000000 0.000000 0.000000 0.000000 0.000000 0.000000 0.000000 0.000000 0.000000 0.000000 0.000000 0.000000 0.000000 0.000000 0.000000 0.000000 0.000000 0.000000 0.000000 0.000000 0.000000 0.000000 0.000000 0.000000 0.000000 0.000000 0.000000 0.000000 0.000000 0.000000 0.000000 0.000000 0.000000 0.000000 0.000000 0.000000 0.000000
0.000000 0.000000 0.000000 0.000000 0.000000 0.000000 0.000000 0.000000 0.000000 0.000000 0.000000 0.000000 0.000000 0.000000 0.000000 0.000000 0.000000 0.000000 50.000000 110.000000 110.000000 110.000000 200.000000 194.603675 110.000000 110.000000 196.381993 200.000000 200.000000 200.000000 200.000000 110.000000 110.000000 110.000000 50.000000 20.000000 0.000000 0.000000 0.000000 0.000000 0.000000 0.000000 0.000000 0.000000 0.000000 0.000000 0.000000 0.000000 0.000000 0.000000 0.000000 0.000000 0.000000 0.000000 0.000000 0.000000 0.000000 0.000000 0.000000
0.000000 0.000000 0.000000 0.000000 0.000000 0.000000 0.000000 0.000000 0.000000 50.000000 110.000000 200.000000 200.000000 200.000000 200.000000 200.000000 283.937873 325.000000 407.002569 459.266836 481.283737 494.342125 500.000000 500.000000 500.000000 499.991123 500.000000 500.000000 500.000000 500.000000 500.000000 500.000000 471.708380 446.274660 416.812616 325.000000 325.000000 307.366316 200.000000 200.000000 199.203121 110.000000 0.000000 0.000000 0.000000 0.000000 0.000000 0.000000 0.000000 0.000000 0.000000 0.000000 0.000000 0.000000 0.000000 0.000000 0.000000 0.000000 0.000000
0.000000 0.000000 0.000000 0.000000 0.000000 0.000000 110.000000 200.000000 325.000000 414.695257 482.846686 500.000000 500.000000 585.456980 607.875266 607.310767 603.018185 610.001346 630.994917 649.425251 662.648059 676.564995 692.246206 700.000000 694.794849 686.167616 681.645340 679.629393 676.269800 674.887098 675.463996 676.298998 665.769907 654.305357 641.058343 627.844247 613.237868 581.197074 500.000000 500.000000 489.258347 438.334442 325.000000 200.000000 200.000000 110.000000 20.000000 0.000000 0.000000 0.000000 0.000000 0.000000 0.000000 0.000000 0.000000 0.000000 0.000000 0.000000 0.000000
50.000000 110.000000 200.000000 200.000000 200.000000 325.000000 479.630192 553.768879 595.919805 630.764530 661.505870 690.277815 700.000000 700.000000 770.371376 764.951560 759.242095 700.000000 765.503607 778.892457 786.768886 801.679038 815.852083 829.551235 821.846382 812.610714 797.569017 794.084511 790.985103 784.979452 786.068489 787.636416 793.391503 783.877783 773.143440 759.314366 700.000000 700.000000 681.155826 658.655226 635.049523 606.331595 571.132673 500.000000 490.669611 443.987464 325.000000 278.906486 200.000000 110.000000 20.000000 0.000000 0.000000 0.000000 0.000000 0.000000 0.000000 0.000000 0.000000
401.161960 500.000000 553.250957 571.769944 610.842147 651.539299 699.324857 700.000000 752.280341 778.562166 802.341223 824.784417 851.697345 874.950883 898.068820 894.676964 883.246629 870.512624 878.045562 882.969421 886.775439 898.399723 900.000000 900.000000 900.000000 900.000000 891.097897 884.484982 878.344064 871.115787 870.974591 877.001956 884.718990 878.873790 865.359228 849.464184 827.894148 805.177628 782.898327 762.045722 700.000000 700.000000 686.724949 657.870463 627.136234 600.786506 566.544569 500.000000 488.592352 448.652100 325.000000 283.270319 200.000000 110.000000 50.000000 0.000000 0.000000 0.000000 0.000000
614.694572 665.384970 700.000000 700.000000 783.279326 816.641533 838.800180 859.966350 879.827560 899.369220 900.000000 900.000000 960.618489 982.578207 1001.459116 996.510556 983.606268 971.943271 970.065196 973.301475 976.578200 984.467061 997.999880 1008.965479 1000.915809 985.729809 970.843012 961.106945 954.558655 900.000000 900.000000 958.952370 965.256523 957.382373 900.000000 900.000000 900.000000 888.252947 866.904978 845.397191 822.728091 799.704373 774.141097 700.000000 700.000000 693.094514 666.695040 640.095761 622.796453 603.755811 583.174002 552.619216 500.000000 473.924079 396.949185 300.531351 200.000000 50.000000 0.000000
700.000000 791.170183 824.138809 856.628516 887.789081 900.000000 900.000000 962.847708 973.797868 989.170846 1008.830543 1022.775405 1039.829983 1058.365330 1059.549419 1056.293526 1044.617963 1042.735162 1042.178014 1045.250539 1046.483605 1051.205409 1062.500325 1056.514915 1048.920858 1034.213873 1023.370111 1014.095564 1007.850565 1003.695540 1004.103186 1010.886288 1007.953992 1000.721233 986.168943 974.269727 958.979005 900.000000 900.000000 900.000000 879.258738 856.540530 832.491425 806.935285 779.398642 754.126681 700.000000 700.000000 700.000000 697.014926 696.600701 677.765314 657.603514 635.077489 601.975107 563.567737 500.000000 401.566315 200.000000
862.649912 894.765305 900.000000 957.577880 987.898306 1017.693118 1042.517348 1052.458249 1063.800778 1075.781308 1089.372958 1100.000000 1100.000000 1100.000000 1100.000000 1100.000000 1100.000000 1100.000000 1100.000000 1100.000000 1100.000000 1100.000000 1100.000000 1100.000000 1098.491788 1088.155464 1077.145300 1066.917189 1062.889474 1058.690373 1055.721887 1052.386376 1049.769726 1045.321038 1033.926624 1022.095582 1008.748508 991.778818 974.307833 955.401334 900.000000 900.000000 886.585208 860.112075 833.294654 812.344805 801.317665 790.031279 784.236600 786.171277 787.573625 776.887144 761.682777 700.000000 700.000000 692.808941 662.818332 604.033427 500.000000
