tests/Borden05m/sims/sim_1/output-maps/watertableN0012.asc
ncols         160
nrows         34
xllcorner     620200.000000
yllcorner     5168000.000000
cellsize      0.500000
NODATA_value  -9999.0
[rows 0 to 24 of 34, columns 58 to 115 of 160]
-9999.0 -9999.0 -9999.0 -9999.0 -9999.0 -9999.0 -9999.0 -9999.0 -9999.0 -9999.0 -9999.0 -9999.0 -9999.0 -9999.0 -9999.0 -9999.0 -9999.0 -9999.0 -9999.0 -9999.0 -9999.0 -9999.0 -9999.0 -9999.0 -9999.0 -9999.0 -9999.0 -9999.0 -9999.0 -9999.0 -9999.0 -9999.0 -9999.0 -9999.0 -9999.0 -9999.0 -9999.0 -9999.0 -9999.0 -9999.0 -9999.0 -9999.0 -9999.0 -9999.0 -9999.0 -9999.0 -9999.0 -9999.0 -9999.0 -9999.0 -9999.0 -9999.0 -9999.0 -9999.0 -9999.0 -9999.0 -9999.0 -9999.0
-9999.0 886.947318 892.442740 897.786376 900.000000 900.000000 900.000000 900.000000 900.000000 900.000000 900.000000 900.000000 900.000000 900.000000 900.000000 900.000000 900.000000 900.000000 900.000000 899.914501 900.000000 900.000000 900.000000 900.000000 900.000000 900.000000 900.000000 900.000000 900.000000 900.000000 900.000000 900.000000 900.000000 900.000000 900.000000 895.951908 884.326856 878.836907 873.754101 870.619176 874.613051 878.138914 881.816801 886.533105 897.407032 -9999.0 -9999.0 -9999.0 -9999.0 -9999.0 -9999.0 -9999.0 -9999.0 -9999.0 -9999.0 -9999.0 -9999.0 -9999.0
900.000000 900.000000 900.000000 900.000000 900.000000 900.000000 900.000000 900.000000 900.000000 900.000000 900.000000 900.000000 900.000000 900.000000 900.000000 900.000000 900.000000 900.000000 900.000000 900.000000 900.000000 900.000000 900.000000 900.000000 900.000000 900.000000 900.000000 900.000000 900.000000 900.000000 900.000000 900.000000 900.000000 900.000000 900.000000 900.000000 897.839475 885.732017 880.594769 882.955025 887.936018 891.652349 898.032379 900.000000 900.000000 900.000000 900.000000 900.000000 900.000000 900.000000 900.000000 900.000000 900.000000 900.000000 890.048684 -9999.0 -9999.0 -9999.0
900.000000 900.000000 900.000000 900.000000 900.000000 900.000000 900.000000 900.000000 900.000000 900.000000 900.000000 900.000000 900.000000 900.000000 900.000000 900.000000 900.000000 900.000000 900.000000 900.000000 900.000000 900.000000 900.000000 900.000000 900.000000 900.000000 900.000000 900.000000 900.000000 900.000000 900.000000 900.000000 900.000000 900.000000 900.000000 900.000000 900.000000 894.433310 889.925230 893.031540 894.349832 900.000000 900.000000 900.000000 900.000000 900.000000 900.000000 900.000000 962.212202 955.541798 900.000000 900.000000 900.000000 900.000000 900.000000 898.364289 896.480884 896.958662
900.000000 900.000000 900.000000 900.000000 900.000000 900.000000 900.000000 900.000000 900.000000 900.000000 900.000000 900.000000 900.000000 900.000000 900.000000 900.000000 900.000000 900.000000 898.210694 897.906086 897.826193 899.283001 900.000000 900.000000 900.000000 900.000000 899.244671 898.445316 893.354519 887.747235 885.066160 893.489884 900.000000 900.000000 894.887079 887.143091 879.888717 869.098462 857.663357 859.036968 864.981842 874.160503 888.062949 900.000000 900.000000 900.000000 900.000000 955.956805 956.846053 959.383278 900.000000 900.000000 900.000000 900.000000 900.000000 900.000000 900.000000 900.000000
900.000000 900.000000 900.000000 900.000000 900.000000 900.000000 900.000000 900.000000 893.275924 877.922307 874.780986 871.926453 872.060120 881.528359 891.692529 895.871447 881.091637 865.390477 856.965457 855.683274 854.887690 846.770593 848.642323 851.221931 856.547196 854.014897 850.968582 839.464519 831.760210 824.993622 826.880550 838.624468 849.723947 851.945149 850.285369 848.333245 842.562506 832.179051 822.134422 827.176863 835.240525 846.545999 876.089194 900.000000 900.000000 900.000000 900.000000 900.000000 900.000000 900.000000 900.000000 900.000000 900.000000 900.000000 900.000000 900.000000 900.000000 900.000000
854.217279 859.748142 868.050895 878.741763 878.208170 874.431039 865.709803 851.770662 832.383615 807.181932 802.178937 797.397429 793.031143 803.659623 815.933539 827.693072 811.956570 801.810802 792.048840 787.838597 775.536890 764.697403 769.504831 778.259128 787.655812 780.815045 766.239609 700.000000 700.000000 700.000000 700.000000 700.000000 755.440199 759.026259 759.357576 763.641588 760.783205 700.000000 700.000000 700.000000 700.000000 771.950999 810.023055 846.951499 870.583039 867.790812 875.156429 882.126688 887.246409 900.000000 900.000000 900.000000 900.000000 900.000000 900.000000 900.000000 900.000000 900.000000
799.954196 802.813357 813.590747 825.634644 825.189507 816.392300 805.965532 785.486422 758.502760 700.000000 700.000000 700.000000 693.494998 700.000000 700.000000 700.000000 700.000000 700.000000 685.578671 671.373132 655.633401 641.035478 647.791255 658.694396 661.738637 656.045186 635.363341 616.257083 608.328045 604.200895 598.300793 606.019902 616.644966 628.323826 639.005533 648.356062 654.065294 636.795100 619.953821 623.490417 653.065817 683.345540 700.000000 765.800276 803.523108 810.827974 814.241627 817.714844 834.915256 852.194724 872.118010 884.253525 894.359348 900.000000 900.000000 900.000000 891.627418 882.865595
685.568679 678.717491 692.916170 697.512448 691.446304 678.096289 669.728262 651.817745 615.124552 566.037105 500.000000 500.000000 493.945702 500.000000 500.000000 500.000000 500.000000 500.000000 500.000000 493.212669 479.665877 466.940248 459.559881 460.833931 460.867274 457.944734 453.088677 445.868256 438.828654 432.307615 425.383067 424.773376 434.362771 443.464525 453.935151 463.328739 466.330881 467.270213 459.935720 461.773241 485.585170 500.000000 560.749647 612.305940 655.628420 683.664724 686.325623 700.000000 700.000000 700.000000 792.989633 814.691571 833.651854 865.004830 871.062843 862.064314 849.348245 842.646584
500.000000 500.000000 500.000000 500.000000 500.000000 496.810110 489.876394 480.488821 445.766256 407.280576 325.000000 325.000000 325.000000 325.000000 325.000000 325.000000 325.000000 325.000000 325.000000 325.000000 325.000000 321.407814 318.169377 319.727332 319.358891 318.353462 315.448874 313.315638 309.184095 302.998931 293.083162 280.780398 283.787262 299.692238 312.229034 325.000000 325.000000 325.000000 325.000000 325.000000 325.000000 325.000000 401.837163 437.035964 472.952743 500.000000 500.000000 500.000000 586.475894 643.150295 692.586000 700.000000 767.421680 800.660311 808.369957 785.034433 759.853338 770.678430
386.135317 325.000000 325.000000 325.000000 325.000000 325.000000 325.000000 325.000000 314.060327 280.055751 200.000000 200.000000 200.000000 200.000000 200.000000 200.000000 200.000000 200.000000 200.000000 200.000000 200.000000 200.000000 195.976356 195.471059 192.970971 195.381082 193.570216 189.936669 189.379599 184.128410 175.185352 166.084374 110.000000 175.208036 188.688377 200.000000 200.000000 200.000000 200.000000 200.000000 200.000000 200.000000 264.003700 296.455939 325.000000 325.000000 393.346958 409.791068 428.233290 449.514278 496.468794 500.000000 571.100062 623.022434 660.012543 629.328263 640.886233 658.315526
273.311823 200.000000 200.000000 200.000000 200.000000 200.000000 200.000000 199.548649 186.202159 167.946950 110.000000 20.000000 0.000000 0.000000 20.000000 50.000000 50.000000 50.000000 110.000000 50.000000 50.000000 20.000000 50.000000 50.000000 0.000000 50.000000 20.000000 0.000000 0.000000 0.000000 0.000000 0.000000 0.000000 20.000000 0.000000 20.000000 50.000000 110.000000 110.000000 110.000000 110.000000 110.000000 110.000000 184.520709 200.000000 257.173802 283.134814 301.871316 315.849380 325.000000 325.000000 325.000000 325.000000 425.328724 464.694868 477.685101 491.116459 500.000000
177.141738 110.000000 110.000000 110.000000 50.000000 20.000000 20.000000 0.000000 20.000000 0.000000 0.000000 0.000000 0.000000 0.000000 0.000000 0.000000 0.000000 0.000000 0.000000 0.000000 0.000000 0.000000 0.000000 0.000000 0.000000 0.000000 0.000000 0.000000 0.000000 0.000000 0.000000 0.000000 0.000000 0.000000 0.000000 0.000000 0.000000 0.000000 0.000000 0.000000 0.000000 0.000000 0.000000 0.000000 110.000000 110.000000 188.253657 200.000000 200.000000 200.000000 200.000000 200.000000 261.046871 287.955835 322.147986 325.000000 325.000000 388.931026
20.000000 0.000000 0.000000 0.000000 0.000000 0.000000 0.000000 0.000000 0.000000 0.000000 0.000000 0.000000 0.000000 0.000000 0.000000 0.000000 0.000000 0.000000 0.000000 0.000000 0.000000 0.000000 0.000000 0.000000 0.000000 0.000000 0.000000 0.000000 0.000000 0.000000 0.000000 0.000000 0.000000 0.000000 0.000000 0.000000 0.000000 0.000000 0.000000 0.000000 0.000000 0.000000 0.000000 0.000000 0.000000 0.000000 20.000000 110.000000 110.000000 110.000000 110.000000 110.000000 110.000000 190.041540 200.000000 260.441705 280.614251 294.420269
0.000000 0.000000 0.000000 0.000000 0.000000 0.000000 0.000000 0.000000 0.000000 0.000000 0.000000 0.000000 0.000000 0.000000 0.000000 0.000000 0.000000 0.000000 0.000000 0.000000 0.000000 0.000000 0.000000 0.000000 0.000000 0.000000 0.000000 0.000000 0.000000 0.000000 0.000000 0.000000 0.000000 0.000000 0.000000 0.000000 0.000000 0.000000 0.000000 0.000000 0.000000 0.000000 0.000000 0.000000 0.000000 0.000000 0.000000 0.000000 0.000000 0.000000 0.000000 0.000000 0.000000 108.219314 110.000000 169.277812 200.000000 200.000000
0.000000 0.000000 0.000000 0.000000 0.000000 0.000000 0.000000 0.000000 0.000000 0.000000 0.000000 0.000000 0.000000 0.000000 0.000000 0.000000 0.000000 0.000000 50.000000 50.000000 50.000000 50.000000 50.000000 50.000000 20.000000 0.000000 0.000000 20.000000 50.000000 105.104164 105.952421 50.000000 50.000000 50.000000 50.000000 50.000000 50.000000 50.000000 50.000000 50.000000 0.000000 0.000000 0.000000 0.000000 0.000000 0.000000 0.000000 0.000000 0.000000 0.000000 0.000000 0.000000 0.000000 0.000000 0.000000 0.000000 110.000000 110.000000
0.000000 0.000000 0.000000 0.000000 0.000000 0.000000 0.000000 0.000000 0.000000 0.000000 50.000000 50.000000 50.000000 50.000000 50.000000 50.000000 109.825233 110.000000 110.000000 110.000000 168.355483 172.565005 173.864289 110.000000 110.000000 110.000000 110.000000 110.000000 173.222466 182.271486 185.486763 184.218294 175.452210 110.000000 110.000000 110.000000 110.000000 110.000000 110.000000 110.000000 110.000000 110.000000 105.773891 50.000000 20.000000 0.000000 0.000000 0.000000 0.000000 0.000000 0.000000 0.000000 0.000000 0.000000 0.000000 0.000000 0.000000 0.000000
0.000000 20.000000 50.000000 50.000000 50.000000 50.000000 50.000000 50.000000 110.000000 110.000000 110.000000 110.000000 110.000000 110.000000 110.000000 173.765650 185.620546 200.000000 200.000000 200.000000 200.000000 200.000000 200.000000 200.000000 200.000000 200.000000 200.000000 200.000000 258.953296 266.259712 269.824090 268.932656 260.013881 200.000000 200.000000 200.000000 200.000000 200.000000 200.000000 200.000000 200.000000 200.000000 186.186254 110.000000 110.000000 110.000000 110.000000 110.000000 50.000000 50.000000 0.000000 0.000000 0.000000 0.000000 0.000000 0.000000 0.000000 0.000000
106.164033 110.000000 110.000000 110.000000 110.000000 110.000000 110.000000 166.031379 200.000000 200.000000 200.000000 200.000000 258.784634 266.374344 270.908177 280.898762 288.469899 299.389930 314.586361 325.000000 325.000000 325.000000 325.000000 325.000000 325.000000 325.000000 325.000000 325.000000 325.000000 325.000000 325.000000 325.000000 325.000000 325.000000 325.000000 321.660041 325.000000 321.137152 314.991966 313.437483 298.005127 283.770103 265.966971 200.000000 200.000000 200.000000 200.000000 189.519909 173.331993 110.000000 110.000000 107.886041 50.000000 0.000000 0.000000 0.000000 0.000000 0.000000
110.000000 178.606698 191.876524 200.000000 200.000000 200.000000 200.000000 200.000000 285.954743 315.467096 325.000000 325.000000 325.000000 325.000000 396.990331 412.390964 421.069301 419.352006 431.370641 449.728157 465.347810 473.341692 479.305006 491.130302 496.636761 492.056083 481.393206 487.954742 491.508661 488.563433 490.904579 493.313500 484.721496 469.401222 460.380435 450.754352 440.909675 434.886215 425.353603 399.148250 383.239860 325.000000 325.000000 325.000000 304.939819 286.803463 274.929831 261.506732 200.000000 200.000000 200.000000 179.951724 110.000000 110.000000 110.000000 50.000000 50.000000 0.000000
200.000000 200.000000 267.326505 287.881941 290.674387 298.083031 310.640138 325.000000 390.740414 424.507340 449.194047 476.175709 496.095521 500.000000 564.643893 591.884320 591.422734 584.852101 590.439945 611.357925 629.949561 643.811320 659.025996 676.275269 687.316693 678.858038 669.219040 663.949016 661.471101 657.631206 656.191479 657.178484 658.867916 647.992572 636.202553 622.370760 608.539229 592.411319 500.000000 500.000000 496.315866 470.141584 445.629300 418.938505 392.073961 325.000000 325.000000 325.000000 318.489028 298.663984 278.115404 200.000000 200.000000 199.772460 184.258251 169.630527 110.000000 110.000000
313.283512 325.000000 325.000000 384.789084 395.462919 407.311712 441.720026 487.428424 500.000000 571.775598 609.230390 643.133796 675.581029 700.000000 700.000000 763.931900 758.546547 700.000000 700.000000 757.738743 771.189749 779.110598 794.320331 808.808978 822.735348 814.790293 805.274967 789.901840 786.298106 783.107373 777.029718 778.236284 779.958285 785.871009 776.235621 765.288458 700.000000 700.000000 693.821947 664.503672 637.271131 608.372216 574.290862 500.000000 500.000000 467.250278 443.132739 420.188713 395.884146 325.000000 325.000000 325.000000 307.131214 284.053240 265.740056 200.000000 200.000000 200.000000
408.567889 445.299907 494.038225 500.000000 500.000000 595.161728 641.582732 690.972835 700.000000 700.000000 770.813341 795.481957 818.892282 846.955568 871.214787 895.075792 891.747475 880.066710 866.985090 874.451696 879.291097 883.042020 894.728436 900.000000 900.000000 900.000000 900.000000 887.190626 880.505105 874.303906 867.023768 866.909267 873.024717 880.845356 874.964355 861.285294 845.077818 822.889099 799.178229 775.537144 752.986947 700.000000 699.194862 669.121160 634.782632 596.963329 564.943622 500.000000 491.398375 463.556885 446.204810 426.835667 398.204023 325.000000 325.000000 325.000000 316.058615 287.261749
500.000000 590.883783 648.829997 700.000000 700.000000 777.706382 812.380384 834.855065 856.162314 876.271374 896.079820 900.000000 900.000000 958.162786 980.353248 999.395172 994.481662 981.553669 969.815571 967.869685 971.037778 974.247289 982.080933 995.561060 1006.492004 998.419440 983.239514 968.358060 958.627308 900.000000 900.000000 900.000000 956.496463 962.831980 954.955349 900.000000 900.000000 900.000000 884.958753 863.002618 840.738453 817.152853 793.008741 765.941338 700.000000 700.000000 676.105905 644.847081 612.304310 590.926928 569.053568 500.000000 500.000000 491.640108 464.142568 435.837637 407.531786 325.000000
700.000000 700.000000 784.756744 819.419566 853.111778 885.134079 900.000000 900.000000 960.831283 971.734412 987.095983 1006.772966 1020.757474 1037.902696 1056.563436 1057.791156 1054.556411 1042.853049 1040.956418 1040.365331 1043.403199 1044.596062 1049.287204 1060.574100 1054.540107 1046.917978 1032.192026 1021.352417 1012.087048 1005.850522 1001.697551 1002.094612 1008.865041 1005.921398 998.697773 984.154311 972.242478 956.882019 900.000000 900.000000 898.326909 875.939562 852.631095 827.840851 801.341889 772.559113 700.000000 700.000000 700.000000 692.628646 681.116789 680.282294 659.118985 635.672632 609.644565 572.572647 500.000000 490.830510
