tests/Borden05m/sims/sim_1/output-maps/watertableN0012.asc
ncols         160
nrows         34
xllcorner     620200.000000
yllcorner     5168000.000000
cellsize      0.500000
NODATA_value  -9999.0
[rows 0 to 24 of 34, columns 0 to 57 of 160]
-9999.0 -9999.0 -9999.0 -9999.0 -9999.0 -9999.0 -9999.0 -9999.0 -9999.0 -9999.0 -9999.0 -9999.0 -9999.0 -9999.0 -9999.0 -9999.0 -9999.0 -9999.0 -9999.0 -9999.0 -9999.0 -9999.0 -9999.0 -9999.0 -9999.0 -9999.0 -9999.0 -9999.0 -9999.0 -9999.0 -9999.0 -9999.0 -9999.0 -9999.0 -9999.0 -9999.0 -9999.0 -9999.0 -9999.0 -9999.0 -9999.0 -9999.0 -9999.0 -9999.0 -9999.0 -9999.0 -9999.0 -9999.0 -9999.0 -9999.0 -9999.0 -9999.0 -9999.0 -9999.0 -9999.0 -9999.0 -9999.0 -9999.0
-9999.0 -9999.0 -9999.0 -9999.0 -9999.0 -9999.0 -9999.0 -9999.0 -9999.0 -9999.0 -9999.0 -9999.0 -9999.0 -9999.0 -9999.0 -9999.0 -9999.0 -9999.0 -9999.0 -9999.0 -9999.0 -9999.0 -9999.0 -9999.0 -9999.0 -9999.0 -9999.0 -9999.0 -9999.0 -9999.0 -9999.0 -9999.0 -9999.0 -9999.0 -9999.0 -9999.0 -9999.0 -9999.0 -9999.0 -9999.0 -9999.0 -9999.0 -9999.0 -9999.0 -9999.0 -9999.0 -9999.0 -9999.0 -9999.0 -9999.0 -9999.0 -9999.0 -9999.0 -9999.0 -9999.0 -9999.0 -9999.0 -9999.0
-9999.0 -9999.0 -9999.0 -9999.0 -9999.0 -9999.0 -9999.0 -9999.0 -9999.0 -9999.0 -9999.0 -9999.0 -9999.0 -9999.0 -9999.0 -9999.0 -9999.0 -9999.0 -9999.0 -9999.0 -9999.0 -9999.0 -9999.0 -9999.0 -9999.0 -9999.0 -9999.0 -9999.0 -9999.0 -9999.0 -9999.0 -9999.0 -9999.0 -9999.0 -9999.0 -9999.0 -9999.0 -9999.0 -9999.0 -9999.0 -9999.0 -9999.0 -9999.0 -9999.0 -9999.0 -9999.0 -9999.0 1013.891379 1031.145179 1047.394344 1049.214001 1026.759709 1003.755785 980.491168 960.404224 900.000000 900.000000 900.000000
-9999.0 -9999.0 -9999.0 -9999.0 -9999.0 -9999.0 -9999.0 -9999.0 -9999.0 -9999.0 -9999.0 -9999.0 -9999.0 -9999.0 -9999.0 -9999.0 -9999.0 -9999.0 -9999.0 -9999.0 -9999.0 -9999.0 -9999.0 -9999.0 -9999.0 -9999.0 -9999.0 -9999.0 -9999.0 -9999.0 -9999.0 -9999.0 -9999.0 -9999.0 -9999.0 -9999.0 -9999.0 -9999.0 -9999.0 -9999.0 966.900244 961.146894 959.667860 970.360696 981.549899 993.326434 1013.011744 1030.686082 1045.917972 1048.696524 1046.138477 1040.628158 1018.018182 994.115515 975.026754 958.084939 900.000000 900.000000
-9999.0 -9999.0 -9999.0 -9999.0 -9999.0 -9999.0 -9999.0 -9999.0 -9999.0 -9999.0 -9999.0 -9999.0 -9999.0 -9999.0 -9999.0 -9999.0 -9999.0 -9999.0 -9999.0 -9999.0 -9999.0 -9999.0 -9999.0 -9999.0 -9999.0 -9999.0 -9999.0 -9999.0 -9999.0 -9999.0 -9999.0 -9999.0 -9999.0 -9999.0 1057.796343 1040.437306 1022.566557 1004.521971 988.200294 981.725755 975.981179 970.308564 974.341495 979.136182 990.361617 1008.822250 1028.266572 1042.291653 1044.835149 1047.405844 1043.105659 1030.237077 1013.846907 997.791150 977.322143 954.688897 900.000000 900.000000
-9999.0 -9999.0 -9999.0 -9999.0 -9999.0 -9999.0 -9999.0 -9999.0 -9999.0 -9999.0 -9999.0 -9999.0 -9999.0 -9999.0 -9999.0 -9999.0 -9999.0 -9999.0 -9999.0 -9999.0 -9999.0 -9999.0 -9999.0 -9999.0 -9999.0 -9999.0 -9999.0 -9999.0 1053.300616 1059.211379 1064.372648 1065.938291 1067.297176 1068.517330 1061.682317 1049.538665 1031.507476 1010.309336 997.745355 990.774348 984.415318 983.708739 988.555011 990.766358 990.658765 1002.228108 1013.720986 1024.479971 1034.811824 1036.064534 1026.663487 1013.039499 997.354064 982.932967 967.991918 955.628251 900.000000 900.000000
-9999.0 -9999.0 -9999.0 -9999.0 -9999.0 -9999.0 -9999.0 -9999.0 -9999.0 -9999.0 -9999.0 -9999.0 -9999.0 -9999.0 -9999.0 -9999.0 -9999.0 -9999.0 -9999.0 -9999.0 -9999.0 -9999.0 -9999.0 1082.371910 1076.443451 1070.047152 1062.801426 1061.992681 1066.265041 1071.954150 1075.156342 1076.773701 1078.422513 1074.111700 1065.896924 1052.386603 1036.694233 1015.373582 1006.955311 1000.569985 988.428404 986.248253 981.530776 977.718509 979.594971 982.293580 994.093476 1002.790517 997.251689 991.216586 984.876519 977.486174 964.717735 900.000000 900.000000 900.000000 890.149783 870.618951
-9999.0 -9999.0 -9999.0 -9999.0 -9999.0 -9999.0 -9999.0 -9999.0 -9999.0 -9999.0 -9999.0 -9999.0 -9999.0 -9999.0 -9999.0 -9999.0 -9999.0 -9999.0 -9999.0 1100.000000 1100.000000 1100.000000 1100.000000 1099.842034 1097.689570 1090.798490 1082.790455 1080.726611 1082.382873 1084.038848 1082.583465 1079.992718 1075.859038 1064.562677 1050.891961 1036.910387 1022.993575 1002.472667 987.984615 974.368417 958.594435 959.936718 964.344617 966.523723 966.158528 965.600648 959.862873 956.208848 900.000000 900.000000 900.000000 900.000000 900.000000 899.431308 879.157445 858.525126 838.708187 819.176238
-9999.0 -9999.0 -9999.0 -9999.0 -9999.0 -9999.0 -9999.0 -9999.0 -9999.0 -9999.0 -9999.0 -9999.0 -9999.0 -9999.0 -9999.0 -9999.0 1100.000000 1100.000000 1100.000000 1100.000000 1100.000000 1100.000000 1100.000000 1100.000000 1100.000000 1100.000000 1096.340024 1087.897519 1080.154455 1072.946321 1067.104877 1064.451930 1056.858269 1047.274303 1035.468976 1020.033374 998.481317 976.086642 960.051884 900.000000 900.000000 900.000000 900.000000 900.000000 900.000000 900.000000 899.879650 893.257733 889.410740 870.455748 855.710706 849.674395 841.748792 823.087804 798.453341 770.393900 700.000000 700.000000
-9999.0 -9999.0 -9999.0 -9999.0 -9999.0 -9999.0 -9999.0 -9999.0 -9999.0 -9999.0 -9999.0 -9999.0 -9999.0 1179.733597 1175.632969 1166.452516 1158.084445 1155.863963 1100.000000 1100.000000 1100.000000 1100.000000 1100.000000 1100.000000 1100.000000 1097.536349 1088.447344 1076.803403 1068.423975 1061.255006 1054.167234 1047.727583 1034.139940 1018.819460 1002.959854 982.834397 961.355075 900.000000 900.000000 900.000000 889.923931 886.199151 887.593995 885.588570 877.082739 858.411323 838.387565 824.638993 801.557236 776.034346 759.472468 700.000000 700.000000 700.000000 693.910603 651.025342 602.853752 561.084025
-9999.0 -9999.0 -9999.0 -9999.0 -9999.0 -9999.0 -9999.0 -9999.0 -9999.0 -9999.0 1213.969361 1211.493294 1214.919860 1214.501211 1209.781624 1197.983040 1184.820625 1178.133387 1166.989973 1100.000000 1100.000000 1100.000000 1100.000000 1100.000000 1095.123512 1084.561493 1071.520870 1058.603184 1041.464816 1028.791918 1016.244330 995.768521 979.268743 962.850385 900.000000 900.000000 900.000000 873.881532 845.942864 830.673120 805.502411 790.182845 792.295671 791.336316 782.280320 762.297740 700.000000 700.000000 673.187101 638.817789 609.403648 587.125484 569.755361 500.000000 500.000000 490.119753 447.536490 414.393217
-9999.0 -9999.0 -9999.0 -9999.0 -9999.0 -9999.0 -9999.0 -9999.0 1237.985135 1231.040251 1224.842032 1227.846878 1232.463142 1235.894278 1222.757558 1207.107155 1191.324652 1174.367291 1158.617895 1100.000000 1100.000000 1100.000000 1089.843052 1078.080874 1066.281631 1051.138089 1037.440472 1019.655943 998.338863 983.708744 964.727337 900.000000 900.000000 900.000000 885.310604 866.143341 836.373414 800.172358 764.775179 700.000000 700.000000 673.112625 669.691747 664.026470 655.923184 621.484880 577.393072 500.000000 495.740646 462.678253 431.357509 413.572091 401.427600 386.589042 325.000000 325.000000 325.000000 301.994611
-9999.0 -9999.0 -9999.0 -9999.0 -9999.0 -9999.0 1264.062253 1240.014808 1225.255977 1233.029725 1241.702215 1245.077326 1248.679083 1228.091733 1206.745687 1189.957833 1173.407671 1156.202318 1100.000000 1100.000000 1091.088132 1074.356117 1059.391555 1039.875840 1025.619226 1011.357926 993.868583 970.167841 900.000000 900.000000 883.376718 855.258958 827.029687 805.276467 784.401587 761.805254 700.000000 680.105809 633.312083 589.818718 500.000000 500.000000 494.791745 486.132521 476.169398 456.020462 423.476373 390.598812 325.000000 323.705839 300.809475 290.447298 280.218585 267.691015 200.000000 200.000000 200.000000 199.669697
-9999.0 -9999.0 -9999.0 -9999.0 1297.354658 1276.494211 1256.160810 1225.461869 1202.948348 1208.146487 1201.006934 1200.479392 1201.794599 1198.779027 1192.583218 1174.722025 1156.874280 1100.000000 1100.000000 1083.262902 1041.128925 1024.255394 997.521797 965.104037 900.000000 900.000000 900.000000 895.207114 864.703062 827.509912 777.223716 700.000000 699.099224 669.870832 642.362108 609.317835 562.753128 500.000000 468.961493 430.546046 397.029952 325.000000 325.000000 325.000000 325.000000 321.093581 303.063647 277.204755 200.000000 200.000000 189.005047 176.443786 167.886169 110.000000 110.000000 50.000000 50.000000 20.000000
-9999.0 -9999.0 -9999.0 1300.000000 1300.000000 1269.474787 1242.133982 1211.200851 1179.496894 1173.501763 1164.875404 1158.621611 1100.000000 1100.000000 1100.000000 1100.000000 1100.000000 1088.176095 1066.769377 1029.806189 993.235318 958.763527 900.000000 892.936580 868.526415 851.228367 832.686432 806.003434 762.160499 700.000000 653.362803 581.695916 500.000000 495.122587 471.107400 442.801992 415.736337 325.000000 325.000000 315.936103 285.418255 258.866259 200.000000 200.000000 200.000000 200.000000 195.321572 172.336515 110.000000 50.000000 0.000000 20.000000 0.000000 0.000000 0.000000 0.000000 0.000000 0.000000
-9999.0 -9999.0 1391.871982 1354.570385 1300.000000 1268.435529 1215.634849 1181.786568 1100.000000 1100.000000 1100.000000 1089.353178 1071.945964 1063.067504 1045.733814 1027.812402 1013.321628 1008.844409 994.837985 959.059007 900.000000 851.917162 815.158861 700.000000 700.000000 686.866448 669.359933 637.403869 591.980420 500.000000 471.637283 416.916413 325.000000 325.000000 325.000000 310.638893 287.116979 264.297543 200.000000 200.000000 177.778584 110.000000 50.000000 50.000000 50.000000 20.000000 20.000000 0.000000 0.000000 0.000000 0.000000 0.000000 0.000000 0.000000 0.000000 0.000000 0.000000 0.000000
-9999.0 -9999.0 1417.664015 1373.172193 1300.000000 1261.920178 1184.517954 1100.000000 1100.000000 1057.758445 1037.913248 1013.088977 994.037663 975.911928 900.000000 900.000000 900.000000 900.000000 900.000000 856.615866 792.972385 700.000000 631.505764 500.000000 498.436831 484.947613 476.009320 455.558653 426.890017 325.000000 325.000000 273.071755 200.000000 200.000000 186.887792 172.214409 110.000000 50.000000 110.000000 0.000000 0.000000 0.000000 0.000000 0.000000 0.000000 0.000000 0.000000 0.000000 0.000000 0.000000 0.000000 0.000000 0.000000 0.000000 0.000000 0.000000 0.000000 0.000000
-9999.0 1500.000000 1453.390345 1399.293312 1300.000000 1259.316149 1172.771919 1090.601729 1037.876853 993.531170 963.397785 900.000000 887.475063 834.771833 803.845803 770.773184 770.865588 771.063636 777.385875 700.000000 659.234324 500.000000 409.788832 325.000000 309.264908 304.268363 307.599126 293.064743 266.600818 200.000000 110.000000 50.000000 0.000000 0.000000 0.000000 0.000000 0.000000 0.000000 0.000000 0.000000 0.000000 0.000000 0.000000 0.000000 0.000000 0.000000 0.000000 0.000000 0.000000 0.000000 0.000000 0.000000 0.000000 0.000000 0.000000 0.000000 0.000000 0.000000
-9999.0 1500.000000 1480.385040 1407.642208 1300.000000 1259.784142 1100.000000 1011.917558 962.473466 900.000000 892.863423 843.344976 700.000000 664.260503 610.679205 500.000000 500.000000 568.845002 568.131335 500.000000 455.455516 325.000000 200.000000 110.000000 110.000000 50.000000 50.000000 20.000000 0.000000 0.000000 0.000000 0.000000 0.000000 0.000000 0.000000 0.000000 0.000000 0.000000 0.000000 0.000000 0.000000 0.000000 0.000000 0.000000 0.000000 0.000000 0.000000 0.000000 0.000000 0.000000 0.000000 0.000000 0.000000 0.000000 0.000000 20.000000 50.000000 50.000000
-9999.0 1568.282074 1497.199037 1431.698152 1360.329114 1235.549987 1100.000000 974.426797 881.543916 838.636158 782.839739 676.494062 500.000000 453.927146 401.911209 325.000000 325.000000 325.000000 325.000000 275.147152 182.308843 50.000000 0.000000 0.000000 0.000000 0.000000 0.000000 0.000000 0.000000 0.000000 0.000000 0.000000 0.000000 0.000000 0.000000 0.000000 0.000000 0.000000 0.000000 0.000000 0.000000 0.000000 0.000000 0.000000 0.000000 0.000000 0.000000 20.000000 50.000000 50.000000 50.000000 50.000000 50.000000 105.064533 110.000000 110.000000 110.000000 110.000000
-9999.0 1664.708687 1576.220776 1500.000000 1387.077515 1211.390684 1081.854016 900.000000 778.508695 700.000000 592.328146 468.752630 325.000000 311.579909 270.252859 200.000000 199.252432 169.317375 110.000000 0.000000 0.000000 0.000000 0.000000 0.000000 0.000000 0.000000 0.000000 0.000000 0.000000 0.000000 0.000000 0.000000 0.000000 0.000000 0.000000 0.000000 0.000000 20.000000 20.000000 50.000000 50.000000 50.000000 50.000000 50.000000 50.000000 50.000000 107.237850 110.000000 110.000000 110.000000 110.000000 110.000000 110.000000 166.718773 168.425131 176.482699 200.000000 200.000000
-9999.0 1700.000000 1668.000835 1569.909538 1418.366377 1245.704736 1094.085214 900.000000 694.986313 500.000000 436.393596 325.000000 317.444867 200.000000 193.372068 110.000000 110.000000 110.000000 110.000000 50.000000 20.000000 20.000000 0.000000 0.000000 0.000000 0.000000 20.000000 50.000000 106.299724 107.916504 108.594836 108.152867 108.023710 109.276309 110.000000 110.000000 110.000000 110.000000 110.000000 110.000000 110.000000 110.000000 110.000000 110.000000 110.000000 165.521040 173.776315 185.493423 196.830517 200.000000 200.000000 200.000000 200.000000 200.000000 200.000000 200.000000 268.420618 292.944289
-9999.0 1845.843632 1700.000000 1622.172624 1488.502756 1300.000000 1199.414201 1018.155596 841.177755 585.632639 325.000000 325.000000 317.976614 276.816292 200.000000 165.848619 110.000000 184.489511 200.000000 200.000000 199.875723 188.112108 172.680034 110.000000 110.000000 110.000000 110.000000 110.000000 166.445676 174.111106 177.859846 184.973139 190.518682 191.062809 193.355850 189.402172 187.488705 198.166052 200.000000 200.000000 200.000000 200.000000 200.000000 200.000000 200.000000 200.000000 258.492607 268.619490 280.837764 291.820152 300.132125 305.947816 311.811145 319.785013 325.000000 325.000000 325.000000 383.826117
-9999.0 -9999.0 1798.388723 1683.118785 1567.471033 1435.552299 1300.000000 1100.000000 971.515069 700.000000 600.875004 487.773300 428.666383 325.000000 323.677096 276.249635 267.011887 258.321347 281.538604 281.873372 277.538954 271.977876 261.152912 200.000000 200.000000 200.000000 200.000000 200.000000 200.000000 200.000000 270.512783 283.051172 291.027443 296.785938 290.251488 280.779939 282.761756 289.460974 300.298875 314.189636 325.000000 325.000000 325.000000 325.000000 325.000000 325.000000 325.000000 325.000000 325.000000 386.684758 393.631126 400.532675 407.243411 418.930881 431.332257 445.373348 470.796051 499.791203
-9999.0 -9999.0 1884.959032 1771.639454 1650.058763 1500.000000 1408.626268 1300.000000 1100.000000 998.183836 881.264847 776.370524 685.239730 604.691801 500.000000 486.086449 457.073991 444.778988 438.684111 422.573474 400.169400 325.000000 325.000000 325.000000 325.000000 325.000000 322.035588 325.000000 325.000000 325.000000 325.000000 400.277157 413.097750 419.477667 415.955424 409.222485 414.638120 425.194460 440.150257 457.333786 470.976854 483.783652 487.957806 490.075366 490.873859 494.033093 498.459007 500.000000 500.000000 500.000000 500.000000 558.889094 565.454183 577.782929 593.562075 606.775371 633.393591 666.183971
