tests/Borden05m/sims/sim_1/output-maps/watertableN0017.asc
ncols         160
nrows         34
xllcorner     620200.000000
yllcorner     5168000.000000
cellsize      0.500000
NODATA_value  -9999.0
[rows 0 to 24 of 34, columns 0 to 57 of 160]
-9999.0 -9999.0 -9999.0 -9999.0 -9999.0 -9999.0 -9999.0 -9999.0 -9999.0 -9999.0 -9999.0 -9999.0 -9999.0 -9999.0 -9999.0 -9999.0 -9999.0 -9999.0 -9999.0 -9999.0 -9999.0 -9999.0 -9999.0 -9999.0 -9999.0 -9999.0 -9999.0 -9999.0 -9999.0 -9999.0 -9999.0 -9999.0 -9999.0 -9999.0 -9999.0 -9999.0 -9999.0 -9999.0 -9999.0 -9999.0 -9999.0 -9999.0 -9999.0 -9999.0 -9999.0 -9999.0 -9999.0 -9999.0 -9999.0 -9999.0 -9999.0 -9999.0 -9999.0 -9999.0 -9999.0 -9999.0 -9999.0 -9999.0
-9999.0 -9999.0 -9999.0 -9999.0 -9999.0 -9999.0 -9999.0 -9999.0 -9999.0 -9999.0 -9999.0 -9999.0 -9999.0 -9999.0 -9999.0 -9999.0 -9999.0 -9999.0 -9999.0 -9999.0 -9999.0 -9999.0 -9999.0 -9999.0 -9999.0 -9999.0 -9999.0 -9999.0 -9999.0 -9999.0 -9999.0 -9999.0 -9999.0 -9999.0 -9999.0 -9999.0 -9999.0 -9999.0 -9999.0 -9999.0 -9999.0 -9999.0 -9999.0 -9999.0 -9999.0 -9999.0 -9999.0 -9999.0 -9999.0 -9999.0 -9999.0 -9999.0 -9999.0 -9999.0 -9999.0 -9999.0 -9999.0 -9999.0
-9999.0 -9999.0 -9999.0 -9999.0 -9999.0 -9999.0 -9999.0 -9999.0 -9999.0 -9999.0 -9999.0 -9999.0 -9999.0 -9999.0 -9999.0 -9999.0 -9999.0 -9999.0 -9999.0 -9999.0 -9999.0 -9999.0 -9999.0 -9999.0 -9999.0 -9999.0 -9999.0 -9999.0 -9999.0 -9999.0 -9999.0 -9999.0 -9999.0 -9999.0 -9999.0 -9999.0 -9999.0 -9999.0 -9999.0 -9999.0 -9999.0 -9999.0 -9999.0 -9999.0 -9999.0 -9999.0 -9999.0 1013.024005 1030.248296 1046.461813 1048.263311 1025.816143 1002.813945 979.519265 959.373134 900.000000 900.000000 900.000000
-9999.0 -9999.0 -9999.0 -9999.0 -9999.0 -9999.0 -9999.0 -9999.0 -9999.0 -9999.0 -9999.0 -9999.0 -9999.0 -9999.0 -9999.0 -9999.0 -9999.0 -9999.0 -9999.0 -9999.0 -9999.0 -9999.0 -9999.0 -9999.0 -9999.0 -9999.0 -9999.0 -9999.0 -9999.0 -9999.0 -9999.0 -9999.0 -9999.0 -9999.0 -9999.0 -9999.0 -9999.0 -9999.0 -9999.0 -9999.0 966.106610 960.339086 958.846183 969.535060 980.716395 992.474931 1012.132825 1029.778083 1044.971011 1047.716514 1045.141182 1039.630762 1017.023644 993.095978 973.948516 956.926682 900.000000 900.000000
-9999.0 -9999.0 -9999.0 -9999.0 -9999.0 -9999.0 -9999.0 -9999.0 -9999.0 -9999.0 -9999.0 -9999.0 -9999.0 -9999.0 -9999.0 -9999.0 -9999.0 -9999.0 -9999.0 -9999.0 -9999.0 -9999.0 -9999.0 -9999.0 -9999.0 -9999.0 -9999.0 -9999.0 -9999.0 -9999.0 -9999.0 -9999.0 -9999.0 -9999.0 1056.991834 1039.643382 1021.784332 1003.741979 987.408274 980.919431 975.164660 969.474511 973.494277 978.275805 989.486250 1007.922228 1027.325195 1041.301778 1043.800679 1046.336766 1042.017459 1029.141481 1012.739697 996.644450 976.097618 953.360960 900.000000 900.000000
-9999.0 -9999.0 -9999.0 -9999.0 -9999.0 -9999.0 -9999.0 -9999.0 -9999.0 -9999.0 -9999.0 -9999.0 -9999.0 -9999.0 -9999.0 -9999.0 -9999.0 -9999.0 -9999.0 -9999.0 -9999.0 -9999.0 -9999.0 -9999.0 -9999.0 -9999.0 -9999.0 -9999.0 1052.630155 1058.514275 1063.639926 1065.168761 1066.492534 1067.685624 1060.844600 1048.703212 1030.679993 1009.483440 996.906341 989.914534 983.531785 982.802634 987.628764 989.816407 989.679319 1001.216459 1012.664465 1023.369326 1033.646960 1034.853925 1025.419777 1011.763476 996.026577 981.522824 966.465048 953.959874 900.000000 900.000000
-9999.0 -9999.0 -9999.0 -9999.0 -9999.0 -9999.0 -9999.0 -9999.0 -9999.0 -9999.0 -9999.0 -9999.0 -9999.0 -9999.0 -9999.0 -9999.0 -9999.0 -9999.0 -9999.0 -9999.0 -9999.0 -9999.0 -9999.0 1081.851325 1075.899136 1069.471114 1062.189857 1061.341707 1065.575887 1071.224737 1074.384977 1075.960385 1077.569556 1073.227372 1064.993603 1051.475166 1035.780653 1014.451486 1006.008209 999.585630 987.398224 985.181215 980.426773 976.574158 978.409590 981.059354 992.807744 1001.442475 995.823536 989.707209 983.289628 975.816696 962.938357 900.000000 900.000000 900.000000 887.554324 867.792831
-9999.0 -9999.0 -9999.0 -9999.0 -9999.0 -9999.0 -9999.0 -9999.0 -9999.0 -9999.0 -9999.0 -9999.0 -9999.0 -9999.0 -9999.0 -9999.0 -9999.0 -9999.0 -9999.0 1100.000000 1100.000000 1100.000000 1100.000000 1099.325469 1097.131233 1090.197124 1082.144638 1080.034608 1081.642583 1083.249226 1081.743611 1079.103004 1074.923883 1063.590947 1049.893689 1035.890666 1021.947571 1001.381027 986.824793 973.124499 957.260977 958.543758 962.903940 965.030177 964.597436 963.952957 958.100415 954.322857 900.000000 900.000000 900.000000 900.000000 900.000000 896.599167 876.005391 854.954913 834.662357 814.676558
-9999.0 -9999.0 -9999.0 -9999.0 -9999.0 -9999.0 -9999.0 -9999.0 -9999.0 -9999.0 -9999.0 -9999.0 -9999.0 -9999.0 -9999.0 -9999.0 1100.000000 1100.000000 1100.000000 1100.000000 1100.000000 1100.000000 1100.000000 1100.000000 1100.000000 1100.000000 1095.640513 1087.141654 1079.341213 1072.073695 1066.170995 1063.456340 1055.805974 1046.171971 1034.318629 1018.825818 997.187206 974.668822 958.490628 900.000000 900.000000 900.000000 900.000000 900.000000 900.000000 900.000000 897.244854 890.404301 886.305896 867.034146 852.022481 845.794783 837.667388 818.625166 793.298054 764.230287 700.000000 700.000000
-9999.0 -9999.0 -9999.0 -9999.0 -9999.0 -9999.0 -9999.0 -9999.0 -9999.0 -9999.0 -9999.0 -9999.0 -9999.0 1179.648755 1175.534957 1166.326244 1157.915780 1155.658396 1100.000000 1100.000000 1100.000000 1100.000000 1100.000000 1100.000000 1100.000000 1096.829543 1087.674216 1075.963492 1067.515682 1060.271429 1053.101647 1046.575810 1032.901569 1017.487448 1001.514309 981.237573 959.562373 900.000000 900.000000 900.000000 887.134309 883.205982 884.481708 882.344973 873.638026 854.659714 834.262915 820.078250 796.350356 770.086046 700.000000 700.000000 700.000000 700.000000 686.516881 643.329303 598.235705 562.764151
-9999.0 -9999.0 -9999.0 -9999.0 -9999.0 -9999.0 -9999.0 -9999.0 -9999.0 -9999.0 1213.928577 1211.448258 1214.871221 1214.446451 1209.717614 1197.896373 1184.695874 1177.964763 1166.759474 1100.000000 1100.000000 1100.000000 1100.000000 1100.000000 1094.415839 1083.777129 1070.659764 1057.663660 1040.433557 1027.647013 1014.957614 994.303780 977.609945 960.978354 900.000000 900.000000 900.000000 870.738134 842.301097 826.561259 800.769934 784.917457 786.925134 785.803643 776.385378 755.841198 700.000000 694.904152 665.485812 631.578959 604.704473 585.957072 571.904941 500.000000 500.000000 500.000000 461.328897 429.430934
-9999.0 -9999.0 -9999.0 -9999.0 -9999.0 -9999.0 -9999.0 -9999.0 1237.947437 1231.004129 1224.806569 1227.812957 1232.429775 1235.866089 1222.723509 1207.054901 1191.234091 1174.215097 1158.386647 1100.000000 1100.000000 1100.000000 1089.228012 1077.379959 1065.495100 1050.263419 1036.469688 1018.557560 997.057340 982.186744 962.891761 900.000000 900.000000 900.000000 882.015332 862.427894 832.056160 794.950030 758.518263 700.000000 695.415405 665.046961 661.795500 656.109174 648.127923 615.355219 577.316439 500.000000 500.000000 474.911141 443.739138 426.366601 415.073699 401.526861 385.135488 325.000000 325.000000 317.202547
-9999.0 -9999.0 -9999.0 -9999.0 -9999.0 -9999.0 1264.005254 1239.968986 1225.220219 1233.008167 1241.693222 1245.076889 1248.691182 1228.101140 1206.746229 1189.935158 1173.335966 1156.054861 1100.000000 1100.000000 1090.621012 1073.784279 1058.717933 1039.090307 1024.715088 1010.311698 992.630964 968.654717 900.000000 900.000000 880.399604 851.612245 822.684841 800.224516 778.637420 755.398031 700.000000 672.240042 626.250706 587.598669 500.000000 500.000000 500.000000 499.076115 489.043445 469.162907 437.971304 406.719270 325.000000 325.000000 314.553642 303.226046 293.133574 281.727886 267.839633 200.000000 200.000000 200.000000
-9999.0 -9999.0 -9999.0 -9999.0 1297.274295 1276.419947 1256.103731 1225.422034 1202.919654 1208.139189 1201.008566 1200.496818 1201.832310 1198.835383 1192.648412 1174.755838 1156.849429 1100.000000 1100.000000 1082.903814 1040.620597 1023.605276 996.663044 963.970132 900.000000 900.000000 900.000000 892.841310 861.752451 823.678555 771.919768 700.000000 691.944009 662.111784 634.910918 604.619345 564.957752 500.000000 481.059738 444.397918 412.689709 387.412508 325.000000 325.000000 325.000000 325.000000 317.392848 291.161481 261.197052 200.000000 199.420851 183.653806 175.350312 110.000000 110.000000 110.000000 50.000000 20.000000
-9999.0 -9999.0 -9999.0 1300.000000 1300.000000 1269.401310 1242.082915 1211.168277 1179.465707 1173.486823 1164.874456 1158.640929 1100.000000 1100.000000 1100.000000 1100.000000 1100.000000 1088.132985 1066.605324 1029.451187 992.591280 957.728930 900.000000 891.139525 866.309428 848.585545 829.555959 802.218565 757.478596 700.000000 647.615855 581.979015 500.000000 500.000000 483.598681 456.169602 430.893057 395.956436 325.000000 325.000000 300.725921 275.654305 200.000000 200.000000 200.000000 200.000000 200.000000 182.974445 110.000000 50.000000 20.000000 0.000000 0.000000 0.000000 0.000000 0.000000 0.000000 0.000000
-9999.0 -9999.0 1391.816553 1354.502228 1300.000000 1268.364640 1215.580586 1181.738933 1100.000000 1100.000000 1100.000000 1089.355931 1071.983408 1063.164236 1045.885762 1027.996246 1013.490608 1008.955010 994.752833 958.519184 900.000000 849.884812 812.713735 700.000000 700.000000 682.856265 665.032597 633.870519 593.415800 500.000000 484.650201 431.381809 389.723856 325.000000 325.000000 325.000000 302.395626 277.973339 200.000000 200.000000 190.569080 110.000000 110.000000 50.000000 50.000000 50.000000 0.000000 0.000000 0.000000 0.000000 0.000000 0.000000 0.000000 0.000000 0.000000 0.000000 0.000000 0.000000
-9999.0 -9999.0 1417.607123 1373.106356 1300.000000 1261.844695 1184.439141 1100.000000 1100.000000 1057.677732 1037.880020 1013.086846 994.062670 975.977964 900.000000 900.000000 900.000000 900.000000 900.000000 855.591046 790.602028 700.000000 632.196583 560.352707 500.000000 500.000000 495.583647 475.137140 447.209725 399.701991 325.000000 288.954566 200.000000 200.000000 199.885588 184.707674 110.000000 110.000000 50.000000 0.000000 0.000000 0.000000 0.000000 0.000000 0.000000 0.000000 0.000000 0.000000 0.000000 0.000000 0.000000 0.000000 0.000000 0.000000 0.000000 0.000000 0.000000 0.000000
-9999.0 1500.000000 1453.317435 1399.227141 1300.000000 1259.228953 1172.662173 1090.447497 1037.707372 993.339796 963.184352 900.000000 887.168259 834.309588 803.930954 771.290385 771.889385 772.049110 778.260909 700.000000 659.483145 500.000000 427.435971 325.000000 325.000000 325.000000 325.000000 325.000000 302.440828 259.460829 188.037836 50.000000 0.000000 0.000000 0.000000 0.000000 0.000000 0.000000 0.000000 0.000000 0.000000 0.000000 0.000000 0.000000 0.000000 0.000000 0.000000 0.000000 0.000000 0.000000 0.000000 0.000000 0.000000 0.000000 0.000000 0.000000 0.000000 20.000000
-9999.0 1500.000000 1480.301733 1407.564109 1300.000000 1259.677811 1100.000000 1011.604566 962.000651 900.000000 892.349946 842.955631 700.000000 666.184501 620.389944 573.597720 575.673501 587.014999 586.823777 500.000000 478.119524 390.985243 265.986723 190.684699 196.108401 193.758208 188.938176 167.835393 110.000000 50.000000 0.000000 0.000000 0.000000 0.000000 0.000000 0.000000 0.000000 0.000000 0.000000 0.000000 0.000000 0.000000 0.000000 0.000000 0.000000 0.000000 0.000000 0.000000 0.000000 20.000000 20.000000 50.000000 50.000000 50.000000 50.000000 50.000000 50.000000 110.000000
-9999.0 1568.199763 1497.103137 1431.607017 1360.224541 1235.400322 1100.000000 973.793512 880.275317 837.342721 782.370646 679.187044 566.621958 475.508595 428.410449 404.599956 392.072789 396.080732 325.000000 320.352404 200.000000 110.000000 0.000000 0.000000 20.000000 50.000000 50.000000 50.000000 50.000000 50.000000 0.000000 0.000000 0.000000 0.000000 0.000000 0.000000 0.000000 0.000000 0.000000 0.000000 0.000000 0.000000 0.000000 0.000000 0.000000 20.000000 50.000000 50.000000 50.000000 108.962657 110.000000 110.000000 110.000000 110.000000 110.000000 110.000000 110.000000 168.537549
-9999.0 1664.635490 1576.130947 1500.000000 1386.960629 1211.179452 1081.398751 900.000000 775.028691 700.000000 602.635764 487.969064 397.209759 325.000000 301.207466 261.179104 200.000000 200.000000 170.167238 110.000000 0.000000 0.000000 0.000000 0.000000 0.000000 50.000000 50.000000 110.000000 110.000000 110.000000 110.000000 50.000000 0.000000 0.000000 0.000000 20.000000 50.000000 50.000000 50.000000 50.000000 50.000000 107.496270 107.528453 50.000000 110.000000 110.000000 110.000000 110.000000 110.000000 110.000000 169.346073 177.118189 180.775769 186.727169 188.406773 195.519214 200.000000 200.000000
-9999.0 1700.000000 1667.919922 1569.819596 1418.243790 1245.476671 1093.544506 900.000000 690.780241 562.241067 457.087025 405.993773 325.000000 282.269415 200.000000 190.213693 172.997642 165.833465 110.000000 110.000000 110.000000 50.000000 20.000000 0.000000 50.000000 110.000000 110.000000 110.000000 110.000000 110.000000 110.000000 110.000000 110.000000 110.000000 110.000000 110.000000 110.000000 110.000000 110.000000 110.000000 110.000000 169.383604 174.510977 177.599268 181.242983 183.957196 192.797681 200.000000 200.000000 200.000000 200.000000 200.000000 200.000000 200.000000 200.000000 262.738810 288.612669 313.605942
-9999.0 1845.803757 1700.000000 1622.088712 1488.388071 1300.000000 1199.060722 1017.307483 839.571142 594.826515 405.188476 325.000000 325.000000 304.775236 200.000000 196.028700 189.997002 200.000000 200.000000 200.000000 200.000000 200.000000 195.278560 177.018619 173.098785 174.294271 180.010072 190.288967 200.000000 200.000000 200.000000 200.000000 200.000000 200.000000 200.000000 200.000000 200.000000 200.000000 200.000000 200.000000 200.000000 262.033001 265.342714 265.204977 266.473988 270.308766 278.073006 288.302156 300.537148 311.616781 319.992010 325.000000 325.000000 325.000000 325.000000 325.000000 384.174595 406.109945
-9999.0 -9999.0 1798.329180 1683.033357 1567.370983 1435.424573 1300.000000 1100.000000 970.638314 700.000000 612.801104 500.000000 449.863465 408.321620 325.000000 309.963357 301.931117 293.860458 317.411609 315.293105 307.354931 297.814619 285.226099 272.725274 263.053457 257.993109 200.000000 257.832999 266.260677 279.150733 293.492856 303.934019 310.079486 314.748438 307.623199 297.971439 299.830449 306.377256 317.372884 325.000000 325.000000 325.000000 325.000000 325.000000 325.000000 325.000000 325.000000 325.000000 394.306533 407.243795 413.605892 419.956444 426.200351 437.229689 448.857321 462.355460 486.930785 500.000000
-9999.0 -9999.0 1884.919160 1771.574593 1649.981927 1500.000000 1408.483848 1300.000000 1100.000000 997.776035 881.497749 776.831043 688.885564 619.937817 568.893524 500.000000 482.116438 469.621626 462.731098 446.042227 423.710767 402.527377 388.077347 325.000000 325.000000 325.000000 325.000000 325.000000 325.000000 325.000000 399.723829 420.166538 431.058775 436.568120 432.563054 425.585088 430.565539 440.698990 455.129070 472.096615 485.946238 499.146232 500.000000 500.000000 500.000000 500.000000 500.000000 500.000000 500.000000 500.000000 558.778887 566.873644 571.818254 581.581873 594.130511 604.484287 628.363013 660.185701
