tests/Borden05m/sims/sim_1/output-maps/watertableN0011.asc
ncols         160
nrows         34
xllcorner     620200.000000
yllcorner     5168000.000000
cellsize      0.500000
NODATA_value  -9999.0
[rows 0 to 24 of 34, columns 58 to 115 of 160]
-9999.0 -9999.0 -9999.0 -9999.0 -9999.0 -9999.0 -9999.0 -9999.0 -9999.0 -9999.0 -9999.0 -9999.0 -9999.0 -9999.0 -9999.0 -9999.0 -9999.0 -9999.0 -9999.0 -9999.0 -9999.0 -9999.0 -9999.0 -9999.0 -9999.0 -9999.0 -9999.0 -9999.0 -9999.0 -9999.0 -9999.0 -9999.0 -9999.0 -9999.0 -9999.0 -9999.0 -9999.0 -9999.0 -9999.0 -9999.0 -9999.0 -9999.0 -9999.0 -9999.0 -9999.0 -9999.0 -9999.0 -9999.0 -9999.0 -9999.0 -9999.0 -9999.0 -9999.0 -9999.0 -9999.0 -9999.0 -9999.0 -9999.0
-9999.0 887.061133 892.551849 897.890172 900.000000 900.000000 900.000000 900.000000 900.000000 900.000000 900.000000 900.000000 900.000000 900.000000 900.000000 900.000000 900.000000 900.000000 900.000000 900.000000 900.000000 900.000000 900.000000 900.000000 900.000000 900.000000 900.000000 900.000000 900.000000 900.000000 900.000000 900.000000 900.000000 900.000000 900.000000 896.080961 884.468699 878.984574 873.903750 870.766680 874.752509 878.267983 881.933381 886.635697 897.493880 -9999.0 -9999.0 -9999.0 -9999.0 -9999.0 -9999.0 -9999.0 -9999.0 -9999.0 -9999.0 -9999.0 -9999.0 -9999.0
900.000000 900.000000 900.000000 900.000000 900.000000 900.000000 900.000000 900.000000 900.000000 900.000000 900.000000 900.000000 900.000000 900.000000 900.000000 900.000000 900.000000 900.000000 900.000000 900.000000 900.000000 900.000000 900.000000 900.000000 900.000000 900.000000 900.000000 900.000000 900.000000 900.000000 900.000000 900.000000 900.000000 900.000000 900.000000 900.000000 897.989364 885.892768 880.758192 883.113135 888.083502 891.785963 898.146939 900.000000 900.000000 900.000000 900.000000 900.000000 900.000000 900.000000 900.000000 900.000000 900.000000 900.000000 890.098605 -9999.0 -9999.0 -9999.0
900.000000 900.000000 900.000000 900.000000 900.000000 900.000000 900.000000 900.000000 900.000000 900.000000 900.000000 900.000000 900.000000 900.000000 900.000000 900.000000 900.000000 900.000000 900.000000 900.000000 900.000000 900.000000 900.000000 900.000000 900.000000 900.000000 900.000000 900.000000 900.000000 900.000000 900.000000 900.000000 900.000000 900.000000 900.000000 900.000000 900.000000 894.631196 890.126096 893.225158 894.530962 900.000000 900.000000 900.000000 900.000000 900.000000 900.000000 900.000000 962.188265 955.520148 900.000000 900.000000 900.000000 900.000000 900.000000 898.412785 896.532005 897.007327
900.000000 900.000000 900.000000 900.000000 900.000000 900.000000 900.000000 900.000000 900.000000 900.000000 900.000000 900.000000 900.000000 900.000000 900.000000 900.000000 900.000000 900.000000 898.468292 898.169878 898.094098 899.550409 900.000000 900.000000 900.000000 900.000000 899.525752 898.745210 893.674092 888.080633 885.402424 893.811009 900.000000 900.000000 895.168748 887.424964 880.175089 869.394679 857.967094 859.332937 865.256873 874.404975 888.268178 900.000000 900.000000 900.000000 900.000000 955.970409 956.847332 959.374107 900.000000 900.000000 900.000000 900.000000 900.000000 900.000000 900.000000 900.000000
900.000000 900.000000 900.000000 900.000000 900.000000 900.000000 900.000000 900.000000 893.589354 878.266932 875.134315 872.284057 872.420724 881.880885 892.036434 896.217725 881.465970 865.791474 857.383895 856.113413 855.330305 847.224848 849.084800 851.649254 856.969862 854.460083 851.458449 840.010126 832.345499 825.602929 827.491191 839.208348 850.270328 852.453997 850.761557 848.785149 843.011176 832.649986 822.633027 827.664404 835.683068 846.931455 876.409528 900.000000 900.000000 900.000000 900.000000 900.000000 900.000000 900.000000 900.000000 900.000000 900.000000 900.000000 900.000000 900.000000 900.000000 900.000000
854.628834 860.155881 868.443542 879.121261 878.596103 874.841176 866.155448 852.266931 832.939899 807.786455 802.771398 797.977762 793.625120 804.238641 816.508930 828.274123 812.583143 802.470325 792.741744 788.561827 776.335172 765.563483 770.313025 778.977760 788.327842 781.565849 767.189115 700.000000 700.000000 700.000000 700.000000 700.000000 756.617896 760.080983 760.312112 764.501404 761.646496 700.000000 700.000000 700.000000 700.000000 772.681639 810.578746 847.415678 870.970531 868.140434 875.475647 882.416899 887.502120 900.000000 900.000000 900.000000 900.000000 900.000000 900.000000 900.000000 900.000000 900.000000
800.696528 803.531397 814.247122 826.257413 825.828602 817.080185 806.713722 786.366523 759.600392 700.000000 700.000000 700.000000 694.436630 700.000000 700.000000 700.000000 700.000000 700.000000 686.922484 672.859220 657.295678 642.809930 649.410702 660.113390 663.107397 657.564890 637.296670 618.571027 610.801615 606.744921 600.799729 608.483121 618.961120 630.421823 640.824409 649.972985 655.624316 638.609856 622.014010 625.507748 654.749824 684.695309 700.000000 766.717018 804.195040 811.418768 814.825239 818.280286 835.416680 852.599279 872.421126 884.496041 894.569545 900.000000 900.000000 900.000000 891.832238 883.067168
687.232928 680.294876 694.188293 698.660322 692.682352 679.551134 671.356009 653.773567 617.259933 566.128626 500.000000 494.974462 488.098775 499.068259 500.000000 500.000000 500.000000 500.000000 500.000000 487.532585 473.563091 460.822988 453.427779 454.668750 454.704813 451.858735 447.233622 440.292589 433.466076 427.149126 420.341288 419.751430 429.159216 437.942436 448.095401 457.190321 460.005554 460.919021 453.615597 455.504982 479.710825 500.000000 559.900538 613.983076 657.238870 684.947231 687.726106 700.000000 700.000000 753.912442 793.504200 815.072081 834.016912 865.358568 871.416295 862.439517 849.738285 843.021679
500.000000 500.000000 500.000000 500.000000 499.917838 491.346571 484.056042 474.683427 440.139866 401.414025 325.000000 325.000000 325.000000 325.000000 325.000000 325.000000 325.000000 325.000000 325.000000 325.000000 324.196007 314.566507 311.230329 312.814901 312.481261 311.305418 308.669774 307.103309 303.153243 297.372308 287.817863 275.579698 278.357736 293.657109 305.935626 320.443304 325.000000 325.000000 325.000000 325.000000 325.000000 325.000000 395.527755 431.201473 466.932691 495.042945 500.000000 500.000000 587.912304 644.669671 693.395263 700.000000 767.927006 801.239388 808.971848 785.783523 760.741197 771.482790
325.000000 325.000000 325.000000 325.000000 325.000000 325.000000 325.000000 325.000000 307.723948 274.332534 200.000000 200.000000 196.316718 200.000000 200.000000 200.000000 200.000000 200.000000 200.000000 200.000000 200.000000 200.000000 189.359078 189.771606 187.802175 187.656599 186.711155 186.881884 184.984645 180.881931 173.555603 110.000000 110.000000 169.937361 186.110135 200.000000 200.000000 200.000000 200.000000 200.000000 200.000000 200.000000 258.129306 290.055659 325.000000 325.000000 386.022775 403.086847 422.019386 443.245304 490.217920 500.000000 569.672236 624.414498 661.539736 631.300018 642.891142 660.223368
267.537261 200.000000 200.000000 200.000000 200.000000 200.000000 200.000000 196.598949 179.923241 110.000000 110.000000 20.000000 0.000000 0.000000 20.000000 50.000000 50.000000 50.000000 50.000000 50.000000 20.000000 50.000000 0.000000 20.000000 0.000000 0.000000 0.000000 20.000000 0.000000 0.000000 20.000000 0.000000 0.000000 0.000000 20.000000 20.000000 50.000000 110.000000 110.000000 110.000000 110.000000 110.000000 110.000000 179.703767 200.000000 200.000000 276.416319 294.515367 308.517736 318.523152 325.000000 325.000000 325.000000 419.527227 458.528388 471.398741 485.395440 500.000000
172.497636 110.000000 110.000000 50.000000 20.000000 20.000000 0.000000 20.000000 0.000000 0.000000 0.000000 0.000000 0.000000 0.000000 0.000000 0.000000 0.000000 0.000000 0.000000 0.000000 0.000000 0.000000 0.000000 0.000000 0.000000 0.000000 0.000000 0.000000 0.000000 0.000000 0.000000 0.000000 0.000000 0.000000 0.000000 0.000000 0.000000 0.000000 0.000000 0.000000 0.000000 0.000000 0.000000 0.000000 110.000000 110.000000 182.183473 197.575633 200.000000 200.000000 200.000000 200.000000 200.000000 281.597610 314.871502 325.000000 325.000000 325.000000
20.000000 0.000000 0.000000 0.000000 0.000000 0.000000 0.000000 0.000000 0.000000 0.000000 0.000000 0.000000 0.000000 0.000000 0.000000 0.000000 0.000000 0.000000 0.000000 0.000000 0.000000 0.000000 0.000000 0.000000 0.000000 0.000000 0.000000 0.000000 0.000000 0.000000 0.000000 0.000000 0.000000 0.000000 0.000000 0.000000 0.000000 0.000000 0.000000 0.000000 0.000000 0.000000 0.000000 0.000000 0.000000 0.000000 20.000000 50.000000 110.000000 110.000000 110.000000 110.000000 110.000000 185.051049 200.000000 200.000000 273.967964 287.575798
0.000000 0.000000 0.000000 0.000000 0.000000 0.000000 0.000000 0.000000 0.000000 0.000000 0.000000 0.000000 0.000000 0.000000 0.000000 0.000000 0.000000 0.000000 0.000000 0.000000 0.000000 0.000000 0.000000 0.000000 0.000000 0.000000 0.000000 0.000000 0.000000 0.000000 0.000000 0.000000 0.000000 0.000000 0.000000 0.000000 0.000000 0.000000 0.000000 0.000000 0.000000 0.000000 0.000000 0.000000 0.000000 0.000000 0.000000 0.000000 0.000000 0.000000 0.000000 0.000000 0.000000 50.000000 110.000000 110.000000 195.342433 200.000000
0.000000 0.000000 0.000000 0.000000 0.000000 0.000000 0.000000 0.000000 0.000000 0.000000 0.000000 0.000000 0.000000 0.000000 0.000000 0.000000 0.000000 0.000000 0.000000 50.000000 50.000000 50.000000 50.000000 50.000000 0.000000 0.000000 0.000000 0.000000 50.000000 50.000000 50.000000 50.000000 50.000000 0.000000 0.000000 0.000000 50.000000 50.000000 50.000000 50.000000 0.000000 0.000000 0.000000 0.000000 0.000000 0.000000 0.000000 0.000000 0.000000 0.000000 0.000000 0.000000 0.000000 0.000000 0.000000 0.000000 110.000000 110.000000
0.000000 0.000000 0.000000 0.000000 0.000000 0.000000 0.000000 0.000000 0.000000 0.000000 0.000000 20.000000 50.000000 50.000000 50.000000 50.000000 105.064967 110.000000 110.000000 110.000000 110.000000 166.328993 167.126353 110.000000 110.000000 110.000000 110.000000 110.000000 165.614936 175.574000 178.796231 176.461861 165.286532 110.000000 110.000000 110.000000 110.000000 110.000000 110.000000 110.000000 110.000000 110.000000 50.000000 50.000000 0.000000 0.000000 0.000000 0.000000 0.000000 0.000000 0.000000 0.000000 0.000000 0.000000 0.000000 0.000000 0.000000 0.000000
0.000000 20.000000 20.000000 50.000000 50.000000 50.000000 50.000000 50.000000 106.339161 110.000000 110.000000 110.000000 110.000000 110.000000 110.000000 168.073498 179.913935 199.457364 200.000000 200.000000 200.000000 200.000000 200.000000 200.000000 200.000000 200.000000 200.000000 200.000000 200.000000 258.523493 261.970017 260.667902 200.000000 200.000000 200.000000 200.000000 200.000000 200.000000 200.000000 200.000000 200.000000 200.000000 180.340796 110.000000 110.000000 110.000000 110.000000 110.000000 50.000000 20.000000 0.000000 0.000000 0.000000 0.000000 0.000000 0.000000 0.000000 0.000000
50.000000 110.000000 110.000000 110.000000 110.000000 110.000000 110.000000 110.000000 199.291844 200.000000 200.000000 200.000000 200.000000 258.609132 263.815930 274.162759 281.721192 292.347500 307.006139 322.358390 325.000000 325.000000 325.000000 325.000000 325.000000 325.000000 325.000000 325.000000 325.000000 325.000000 325.000000 325.000000 325.000000 325.000000 317.213994 312.645749 317.869204 312.826983 306.883457 305.479692 290.223747 276.287949 258.862177 200.000000 200.000000 200.000000 194.777125 183.739478 167.583511 110.000000 110.000000 50.000000 50.000000 0.000000 0.000000 0.000000 0.000000 0.000000
110.000000 172.549552 185.766380 197.832246 197.937341 200.000000 200.000000 200.000000 278.314776 307.371917 323.799100 325.000000 325.000000 325.000000 390.217574 406.493652 415.276515 413.359396 425.179558 443.283457 458.564333 466.260262 471.989115 483.695743 489.221782 484.699720 474.093280 480.783773 484.506339 481.626145 483.970973 486.206368 477.401159 462.107370 453.273472 443.889379 434.262435 428.273583 418.162892 391.175846 325.000000 325.000000 325.000000 318.873757 297.066231 279.181305 267.556259 200.000000 200.000000 200.000000 198.588650 174.533342 110.000000 110.000000 106.914001 50.000000 50.000000 0.000000
200.000000 200.000000 259.700043 280.245685 283.105217 290.519698 302.712437 325.000000 325.000000 417.295828 442.358242 469.283748 489.638613 500.000000 563.470925 593.109863 593.110977 586.390078 592.286164 613.328237 631.672285 645.221095 660.127258 677.080066 687.944896 679.608473 670.131707 665.015972 662.654482 658.905158 657.490025 658.410523 659.993967 649.199884 637.610698 624.044929 610.386745 594.104623 500.000000 500.000000 491.188083 463.888135 438.936507 411.468022 325.000000 325.000000 325.000000 325.000000 310.178384 290.677589 270.690054 200.000000 200.000000 193.907434 178.645404 110.000000 110.000000 110.000000
304.912652 325.000000 325.000000 325.000000 387.979747 400.741215 435.253339 481.083513 500.000000 571.500575 610.804082 644.644489 676.663415 700.000000 700.000000 764.821815 759.569871 700.000000 700.000000 758.686932 771.918200 779.679291 794.739653 809.129810 823.004187 815.085112 805.614745 790.312912 786.745261 783.583519 777.531055 778.715155 780.414734 786.327792 776.803922 766.025122 700.000000 700.000000 695.374595 666.390701 639.525536 610.829110 576.102348 500.000000 496.667624 461.264390 436.413959 412.541510 387.342965 325.000000 325.000000 325.000000 299.437441 276.627979 258.601205 200.000000 200.000000 197.920327
400.296034 438.204197 487.699514 500.000000 500.000000 595.588548 642.824815 691.708291 700.000000 700.000000 771.512185 796.014004 819.304589 847.303300 871.546474 895.403914 892.110270 880.456374 867.381844 874.797105 879.576167 883.272879 894.901754 900.000000 900.000000 900.000000 900.000000 887.350942 880.684811 874.498683 867.229753 867.112018 873.219098 881.040973 875.199127 861.584143 845.453274 823.362798 799.776344 776.314705 754.022997 700.000000 700.000000 671.211397 637.290885 599.613633 566.750743 500.000000 487.142628 457.584468 439.689895 419.812664 390.439049 325.000000 325.000000 325.000000 308.229345 279.833689
500.000000 591.830439 650.263005 700.000000 700.000000 778.227187 812.784554 835.163317 856.434538 876.533235 896.306581 900.000000 900.000000 958.236101 980.403372 999.441474 994.541808 981.626266 969.896965 967.938001 971.082134 974.269240 982.081483 995.545513 1006.466899 998.391628 983.215054 968.346349 958.628190 900.000000 900.000000 900.000000 956.497460 962.825319 954.973721 900.000000 900.000000 900.000000 885.228123 863.351658 841.175670 817.697623 793.700425 766.861818 700.000000 700.000000 678.347500 647.562794 615.305341 593.799411 571.246898 500.000000 500.000000 486.342272 457.887530 429.131659 399.890480 325.000000
700.000000 700.000000 785.320415 819.779335 853.375479 885.339374 900.000000 900.000000 960.866409 971.756976 987.108064 1006.781617 1020.775756 1037.934981 1056.608737 1057.846604 1054.613003 1042.905934 1041.002787 1040.404950 1043.435422 1044.622197 1049.310026 1060.594090 1054.559605 1046.930662 1032.195165 1021.345676 1012.073019 1005.831755 1001.676214 1002.071636 1008.839957 1005.895716 998.672432 984.137529 972.243829 956.918709 900.000000 900.000000 898.535813 876.217433 852.981630 828.276267 801.903579 773.337564 700.000000 700.000000 700.000000 694.584992 683.229415 682.293298 661.223457 637.949366 611.970007 573.904171 500.000000 485.347059
