tests/Borden05m/sims/sim_1/output-maps/watertableN0007.asc
ncols         160
nrows         34
xllcorner     620200.000000
yllcorner     5168000.000000
cellsize      0.500000
NODATA_value  -9999.0
[rows 0 to 25 of 34, columns 59 to 117 of 160]
-9999.0 -9999.0 -9999.0 -9999.0 -9999.0 -9999.0 -9999.0 -9999.0 -9999.0 -9999.0 -9999.0 -9999.0 -9999.0 -9999.0 -9999.0 -9999.0 -9999.0 -9999.0 -9999.0 -9999.0 -9999.0 -9999.0 -9999.0 -9999.0 -9999.0 -9999.0 -9999.0 -9999.0 -9999.0 -9999.0 -9999.0 -9999.0 -9999.0 -9999.0 -9999.0 -9999.0 -9999.0 -9999.0 -9999.0 -9999.0 -9999.0 -9999.0 -9999.0 -9999.0 -9999.0 -9999.0 -9999.0 -9999.0 -9999.0 -9999.0 -9999.0 -9999.0 -9999.0 -9999.0 -9999.0 -9999.0 -9999.0 -9999.0 -9999.0
887.807948 893.302076 898.648031 900.000000 900.000000 900.000000 900.000000 900.000000 900.000000 900.000000 900.000000 900.000000 900.000000 900.000000 900.000000 900.000000 900.000000 900.000000 900.000000 900.000000 900.000000 900.000000 900.000000 900.000000 900.000000 900.000000 900.000000 900.000000 900.000000 900.000000 900.000000 900.000000 900.000000 900.000000 896.437703 884.893381 879.456638 874.418672 871.307771 875.282758 878.781098 882.425271 887.104388 897.924794 -9999.0 -9999.0 -9999.0 -9999.0 -9999.0 -9999.0 -9999.0 -9999.0 -9999.0 -9999.0 -9999.0 -9999.0 -9999.0 -9999.0 -9999.0
900.000000 900.000000 900.000000 900.000000 900.000000 900.000000 900.000000 900.000000 900.000000 900.000000 900.000000 900.000000 900.000000 900.000000 900.000000 900.000000 900.000000 900.000000 900.000000 900.000000 900.000000 900.000000 900.000000 900.000000 900.000000 900.000000 900.000000 900.000000 900.000000 900.000000 900.000000 900.000000 900.000000 900.000000 900.000000 898.318964 886.311145 881.230084 883.595360 888.552106 892.236788 898.568360 900.000000 900.000000 900.000000 900.000000 900.000000 900.000000 900.000000 900.000000 900.000000 900.000000 900.000000 890.423861 -9999.0 -9999.0 -9999.0 -9999.0 -9999.0
900.000000 900.000000 900.000000 900.000000 900.000000 900.000000 900.000000 900.000000 900.000000 900.000000 900.000000 900.000000 900.000000 900.000000 900.000000 900.000000 900.000000 900.000000 900.000000 900.000000 900.000000 900.000000 900.000000 900.000000 900.000000 900.000000 900.000000 900.000000 900.000000 900.000000 900.000000 900.000000 900.000000 900.000000 900.000000 900.000000 894.948047 890.524994 893.642832 894.952654 900.000000 900.000000 900.000000 900.000000 900.000000 900.000000 900.000000 962.434757 955.767149 900.000000 900.000000 900.000000 900.000000 900.000000 898.679519 896.803831 897.287707 897.834352 900.000000
900.000000 900.000000 900.000000 900.000000 900.000000 900.000000 900.000000 900.000000 900.000000 900.000000 900.000000 900.000000 900.000000 900.000000 900.000000 900.000000 900.000000 899.478442 899.109959 898.923067 900.000000 900.000000 900.000000 900.000000 900.000000 899.398151 898.541109 893.449159 887.855749 885.173379 893.493558 900.000000 900.000000 894.981685 887.416460 880.358454 869.798516 858.566080 859.978482 865.864390 874.918347 888.651196 900.000000 900.000000 900.000000 900.000000 956.087732 956.977434 959.489035 900.000000 900.000000 900.000000 900.000000 900.000000 900.000000 900.000000 900.000000 900.000000 900.000000
900.000000 900.000000 900.000000 900.000000 900.000000 900.000000 900.000000 894.766142 879.634432 876.635370 873.891170 874.076733 883.476224 893.535451 897.643647 882.964699 867.389254 859.012249 857.653977 856.682537 848.364990 849.831607 851.998355 856.942685 854.227025 851.107721 839.725078 832.096120 825.397484 827.236801 838.769440 849.681821 851.911768 850.407409 848.700775 843.283381 833.334981 823.664112 828.757958 836.692803 847.755893 876.847444 900.000000 900.000000 900.000000 900.000000 900.000000 900.000000 900.000000 900.000000 900.000000 900.000000 900.000000 900.000000 900.000000 900.000000 900.000000 900.000000 900.000000
861.572443 869.888905 880.553272 880.090259 876.401292 867.785051 854.009017 834.940190 810.289314 805.626393 801.076628 796.904563 807.448108 819.545321 831.082512 815.517756 805.546811 795.939424 791.653011 779.182313 767.888640 771.589870 779.228942 787.754788 780.659076 766.345427 700.000000 700.000000 700.000000 700.000000 700.000000 755.598319 759.108395 759.709743 764.413628 762.310286 752.028315 700.000000 700.000000 700.000000 774.731856 811.823331 847.933976 871.122566 868.360071 875.625017 882.449611 887.423828 900.000000 900.000000 900.000000 900.000000 900.000000 900.000000 900.000000 900.000000 900.000000 900.000000 900.000000
806.351007 817.080855 829.068400 828.766021 820.188439 809.826733 789.489652 763.081020 700.000000 700.000000 700.000000 700.000000 700.000000 700.000000 700.000000 700.000000 700.000000 694.371081 680.390231 664.163726 648.136641 650.724120 657.805168 658.699723 652.395430 633.682897 616.946627 609.895997 606.146713 600.948638 607.523998 616.640560 627.172382 637.705118 648.183382 655.752663 642.533089 628.935997 633.095038 660.984130 689.746314 700.000000 768.021819 804.814262 812.255452 815.741085 818.958610 835.587017 852.387711 872.023972 884.085123 894.139699 900.000000 900.000000 900.000000 891.760321 883.116550 884.169956 900.000000
688.061294 700.000000 700.000000 700.000000 687.773111 679.189777 660.854161 625.333129 580.498773 500.000000 500.000000 491.356823 500.000000 500.000000 500.000000 557.294116 500.000000 500.000000 492.365925 458.965808 415.008331 325.000000 325.000000 325.000000 322.274728 310.022374 297.853508 286.280069 200.000000 200.000000 200.000000 200.000000 297.915721 325.000000 325.000000 394.814462 409.831209 399.963763 411.620138 467.286324 500.000000 571.075778 618.634612 659.459237 688.153674 692.131311 700.000000 700.000000 754.133243 793.385240 815.091716 833.906844 864.770196 870.872446 862.314019 849.982382 843.402184 860.110566 877.711041
500.000000 500.000000 500.000000 500.000000 500.000000 487.150785 453.926945 325.000000 200.000000 200.000000 110.000000 110.000000 110.000000 200.000000 200.000000 200.000000 200.000000 200.000000 110.000000 110.000000 20.000000 0.000000 0.000000 0.000000 0.000000 0.000000 0.000000 0.000000 0.000000 0.000000 0.000000 0.000000 0.000000 0.000000 0.000000 20.000000 50.000000 50.000000 50.000000 110.000000 200.000000 200.000000 321.888594 412.833279 492.525960 500.000000 564.483421 593.277160 643.685532 692.267505 700.000000 768.065103 800.413114 808.249203 786.590130 762.606201 773.153408 787.196522 807.018697
200.000000 200.000000 200.000000 196.374411 110.000000 110.000000 110.000000 0.000000 0.000000 0.000000 0.000000 0.000000 0.000000 0.000000 0.000000 0.000000 0.000000 0.000000 0.000000 0.000000 0.000000 0.000000 0.000000 0.000000 0.000000 0.000000 0.000000 0.000000 0.000000 0.000000 0.000000 0.000000 0.000000 0.000000 0.000000 0.000000 0.000000 0.000000 0.000000 0.000000 0.000000 0.000000 0.000000 50.000000 110.000000 200.000000 200.000000 284.103747 325.000000 460.495831 500.000000 577.192688 624.678719 659.407325 637.684615 650.763616 667.118945 688.291684 700.000000
0.000000 0.000000 0.000000 0.000000 0.000000 0.000000 0.000000 0.000000 0.000000 0.000000 0.000000 0.000000 0.000000 0.000000 0.000000 0.000000 0.000000 0.000000 0.000000 0.000000 0.000000 0.000000 0.000000 0.000000 0.000000 0.000000 0.000000 0.000000 0.000000 0.000000 0.000000 0.000000 0.000000 0.000000 0.000000 0.000000 0.000000 0.000000 0.000000 0.000000 0.000000 0.000000 0.000000 0.000000 0.000000 0.000000 0.000000 0.000000 0.000000 50.000000 110.000000 200.000000 200.000000 325.000000 443.464844 485.932052 500.000000 558.448174 598.792987
0.000000 0.000000 0.000000 0.000000 0.000000 0.000000 0.000000 0.000000 0.000000 0.000000 0.000000 0.000000 0.000000 0.000000 0.000000 0.000000 0.000000 0.000000 0.000000 0.000000 0.000000 0.000000 0.000000 0.000000 0.000000 0.000000 0.000000 0.000000 0.000000 0.000000 0.000000 0.000000 0.000000 0.000000 0.000000 0.000000 0.000000 0.000000 0.000000 0.000000 0.000000 0.000000 0.000000 0.000000 0.000000 0.000000 0.000000 0.000000 0.000000 0.000000 0.000000 0.000000 0.000000 0.000000 110.000000 110.000000 200.000000 200.000000 315.402510
0.000000 0.000000 0.000000 0.000000 0.000000 0.000000 0.000000 0.000000 0.000000 0.000000 0.000000 0.000000 0.000000 0.000000 0.000000 0.000000 0.000000 0.000000 0.000000 0.000000 0.000000 0.000000 0.000000 0.000000 0.000000 0.000000 0.000000 0.000000 0.000000 0.000000 0.000000 0.000000 0.000000 0.000000 0.000000 0.000000 0.000000 0.000000 0.000000 0.000000 0.000000 0.000000 0.000000 0.000000 0.000000 0.000000 0.000000 0.000000 0.000000 0.000000 0.000000 0.000000 0.000000 0.000000 0.000000 0.000000 0.000000 0.000000 0.000000
0.000000 0.000000 0.000000 0.000000 0.000000 0.000000 0.000000 0.000000 0.000000 0.000000 0.000000 0.000000 0.000000 0.000000 0.000000 0.000000 0.000000 0.000000 0.000000 0.000000 0.000000 0.000000 0.000000 0.000000 0.000000 0.000000 0.000000 0.000000 0.000000 0.000000 0.000000 0.000000 0.000000 0.000000 0.000000 0.000000 0.000000 0.000000 0.000000 0.000000 0.000000 0.000000 0.000000 0.000000 0.000000 0.000000 0.000000 0.000000 0.000000 0.000000 0.000000 0.000000 0.000000 0.000000 0.000000 0.000000 0.000000 0.000000 0.000000
0.000000 0.000000 0.000000 0.000000 0.000000 0.000000 0.000000 0.000000 0.000000 0.000000 0.000000 0.000000 0.000000 0.000000 0.000000 0.000000 0.000000 0.000000 0.000000 0.000000 0.000000 0.000000 0.000000 0.000000 0.000000 0.000000 0.000000 0.000000 0.000000 0.000000 0.000000 0.000000 0.000000 0.000000 0.000000 0.000000 0.000000 0.000000 0.000000 0.000000 0.000000 0.000000 0.000000 0.000000 0.000000 0.000000 0.000000 0.000000 0.000000 0.000000 0.000000 0.000000 0.000000 0.000000 0.000000 0.000000 0.000000 0.000000 0.000000
0.000000 0.000000 0.000000 0.000000 0.000000 0.000000 0.000000 0.000000 0.000000 0.000000 0.000000 0.000000 0.000000 0.000000 0.000000 0.000000 0.000000 0.000000 0.000000 0.000000 0.000000 0.000000 0.000000 0.000000 0.000000 0.000000 0.000000 0.000000 0.000000 0.000000 0.000000 0.000000 0.000000 0.000000 0.000000 0.000000 0.000000 0.000000 0.000000 0.000000 0.000000 0.000000 0.000000 0.000000 0.000000 0.000000 0.000000 0.000000 0.000000 0.000000 0.000000 0.000000 0.000000 0.000000 0.000000 0.000000 0.000000 0.000000 0.000000
0.000000 0.000000 0.000000 0.000000 0.000000 0.000000 0.000000 0.000000 0.000000 0.000000 0.000000 0.000000 0.000000 0.000000 0.000000 0.000000 0.000000 0.000000 0.000000 0.000000 0.000000 0.000000 0.000000 0.000000 0.000000 0.000000 0.000000 0.000000 0.000000 0.000000 0.000000 0.000000 0.000000 0.000000 0.000000 0.000000 0.000000 0.000000 0.000000 0.000000 0.000000 0.000000 0.000000 0.000000 0.000000 0.000000 0.000000 0.000000 0.000000 0.000000 0.000000 0.000000 0.000000 0.000000 0.000000 0.000000 0.000000 0.000000 0.000000
0.000000 0.000000 0.000000 0.000000 0.000000 0.000000 0.000000 0.000000 0.000000 0.000000 0.000000 0.000000 0.000000 0.000000 0.000000 0.000000 0.000000 0.000000 0.000000 0.000000 50.000000 110.000000 110.000000 110.000000 110.000000 110.000000 110.000000 110.000000 110.000000 110.000000 110.000000 110.000000 20.000000 0.000000 0.000000 0.000000 0.000000 0.000000 0.000000 0.000000 0.000000 0.000000 0.000000 0.000000 0.000000 0.000000 0.000000 0.000000 0.000000 0.000000 0.000000 0.000000 0.000000 0.000000 0.000000 0.000000 0.000000 0.000000 0.000000
0.000000 0.000000 0.000000 0.000000 0.000000 0.000000 0.000000 0.000000 0.000000 0.000000 50.000000 110.000000 197.174583 200.000000 200.000000 200.000000 200.000000 200.000000 322.468480 325.000000 427.243055 452.322695 479.180945 489.371217 481.600168 464.176253 477.946353 487.084798 484.843446 488.165123 487.233795 460.843708 406.745143 325.000000 310.847143 285.284309 200.000000 200.000000 200.000000 197.569016 110.000000 0.000000 0.000000 0.000000 0.000000 0.000000 0.000000 0.000000 0.000000 0.000000 0.000000 0.000000 0.000000 0.000000 0.000000 0.000000 0.000000 0.000000 0.000000
0.000000 0.000000 0.000000 0.000000 0.000000 0.000000 50.000000 200.000000 200.000000 325.000000 431.726183 485.221261 500.000000 572.078798 596.486815 595.657225 590.038986 595.535376 615.130481 634.165255 649.368800 665.054469 682.147213 692.967716 685.315461 676.413917 672.144079 670.386390 666.990509 665.417664 665.290577 664.354202 651.043537 636.898587 622.360254 609.245788 595.396873 562.976626 500.000000 497.609985 446.562532 325.000000 278.714414 200.000000 110.000000 20.000000 0.000000 0.000000 0.000000 0.000000 0.000000 0.000000 0.000000 0.000000 0.000000 0.000000 0.000000 0.000000 0.000000
0.000000 110.000000 200.000000 200.000000 200.000000 312.677826 427.002832 500.000000 579.608222 615.773481 649.077981 680.648692 700.000000 700.000000 764.465938 759.044102 753.036675 700.000000 758.715846 772.317247 780.707857 796.121435 810.710204 824.626742 817.005275 807.764954 792.783226 789.303800 786.134199 779.981742 780.727629 781.696341 786.593786 776.302098 765.030225 700.000000 700.000000 697.939231 672.140163 648.174207 621.620306 588.701052 550.985214 500.000000 448.715953 325.000000 285.154708 200.000000 110.000000 20.000000 0.000000 0.000000 0.000000 0.000000 0.000000 0.000000 0.000000 0.000000 0.000000
325.000000 469.947531 500.000000 556.709580 598.753535 640.618574 688.689807 700.000000 700.000000 771.982698 796.566284 819.840680 847.429404 871.131590 894.429365 891.092744 879.618468 866.817651 874.291205 879.291440 883.274746 895.082384 900.000000 900.000000 900.000000 900.000000 888.136637 881.500665 875.300483 867.969443 867.641231 873.377759 880.725811 874.551859 860.803968 844.758914 823.084822 800.216589 777.630272 756.205242 700.000000 700.000000 677.828566 647.304531 613.294783 582.288078 500.000000 499.278619 445.977327 325.000000 298.881440 200.000000 110.000000 50.000000 0.000000 0.000000 0.000000 0.000000 0.000000
599.750936 654.624501 700.000000 700.000000 777.368611 811.197964 833.749571 855.463516 875.755172 895.614685 900.000000 900.000000 957.781146 979.911454 998.882488 994.000173 981.127839 969.478252 967.619230 970.899228 974.252771 982.219415 995.801844 1006.800818 998.798601 983.649358 968.778714 959.030575 900.000000 900.000000 900.000000 956.475665 962.589713 954.551471 900.000000 900.000000 900.000000 884.943544 863.427986 841.653982 818.603492 795.104013 769.008603 700.000000 700.000000 684.872665 657.212370 628.919728 608.836627 586.193731 563.762973 500.000000 489.177376 419.955096 323.163246 200.000000 110.000000 0.000000 0.000000
700.000000 785.689382 819.618233 852.711855 884.247273 900.000000 900.000000 959.952691 971.123870 986.675250 1006.493757 1020.605010 1037.795995 1056.433854 1057.707000 1054.497494 1042.855511 1040.980608 1040.440248 1043.537739 1044.812510 1049.576156 1060.897013 1054.953205 1047.377735 1032.684683 1021.836594 1012.546450 1006.269036 1002.064208 1002.398267 1009.076637 1006.050225 998.721851 984.090939 972.103946 956.728361 900.000000 900.000000 898.570029 876.449344 853.484491 829.143321 803.226517 775.240566 700.000000 700.000000 700.000000 700.000000 689.177401 688.033325 668.428030 646.498507 620.790123 584.328110 500.000000 475.367661 325.000000 200.000000
858.803938 891.399493 900.000000 954.890981 985.407319 1015.348809 1040.309292 1050.403433 1061.875572 1073.973130 1087.670856 1100.000000 1100.000000 1100.000000 1100.000000 1100.000000 1100.000000 1100.000000 1100.000000 1100.000000 1100.000000 1100.000000 1100.000000 1100.000000 1097.330834 1086.995004 1075.976685 1065.732225 1061.672209 1057.433752 1054.416294 1051.024567 1048.340429 1043.818410 1032.358305 1020.459851 1007.043784 990.005127 972.452979 953.446887 900.000000 900.000000 884.188338 857.511056 830.455238 809.228233 797.878057 786.258210 780.078077 781.587559 782.592412 771.470953 755.603895 700.000000 700.000000 683.416976 650.676718 586.276745 497.781877
