tests/Borden05m/sims/sim_1/output-maps/watertableN0013.asc
ncols         160
nrows         34
xllcorner     620200.000000
yllcorner     5168000.000000
cellsize      0.500000
NODATA_value  -9999.0
[rows 0 to 24 of 34, columns 58 to 115 of 160]
-9999.0 -9999.0 -9999.0 -9999.0 -9999.0 -9999.0 -9999.0 -9999.0 -9999.0 -9999.0 -9999.0 -9999.0 -9999.0 -9999.0 -9999.0 -9999.0 -9999.0 -9999.0 -9999.0 -9999.0 -9999.0 -9999.0 -9999.0 -9999.0 -9999.0 -9999.0 -9999.0 -9999.0 -9999.0 -9999.0 -9999.0 -9999.0 -9999.0 -9999.0 -9999.0 -9999.0 -9999.0 -9999.0 -9999.0 -9999.0 -9999.0 -9999.0 -9999.0 -9999.0 -9999.0 -9999.0 -9999.0 -9999.0 -9999.0 -9999.0 -9999.0 -9999.0 -9999.0 -9999.0 -9999.0 -9999.0 -9999.0 -9999.0
-9999.0 886.753083 892.250499 897.595932 900.000000 900.000000 900.000000 900.000000 900.000000 900.000000 900.000000 900.000000 900.000000 900.000000 900.000000 900.000000 900.000000 900.000000 900.000000 899.670952 900.000000 900.000000 900.000000 900.000000 900.000000 900.000000 900.000000 900.000000 900.000000 900.000000 900.000000 900.000000 900.000000 900.000000 900.000000 895.700936 884.072597 878.582479 873.501371 870.370515 874.372165 877.907331 881.595436 886.322006 897.205792 -9999.0 -9999.0 -9999.0 -9999.0 -9999.0 -9999.0 -9999.0 -9999.0 -9999.0 -9999.0 -9999.0 -9999.0 -9999.0
900.000000 900.000000 900.000000 900.000000 900.000000 900.000000 900.000000 900.000000 900.000000 900.000000 900.000000 900.000000 900.000000 900.000000 900.000000 900.000000 900.000000 900.000000 900.000000 900.000000 900.000000 900.000000 900.000000 900.000000 900.000000 900.000000 900.000000 900.000000 900.000000 900.000000 900.000000 900.000000 900.000000 900.000000 900.000000 900.000000 897.567019 885.457543 880.322008 882.688364 887.679048 891.407291 897.801619 900.000000 900.000000 900.000000 900.000000 900.000000 900.000000 900.000000 900.000000 900.000000 900.000000 900.000000 889.891278 -9999.0 -9999.0 -9999.0
900.000000 900.000000 900.000000 900.000000 900.000000 900.000000 900.000000 900.000000 900.000000 900.000000 900.000000 900.000000 900.000000 900.000000 900.000000 900.000000 900.000000 900.000000 900.000000 900.000000 900.000000 900.000000 900.000000 900.000000 900.000000 900.000000 900.000000 900.000000 900.000000 900.000000 900.000000 900.000000 900.000000 900.000000 900.000000 900.000000 900.000000 894.108797 889.601964 892.716263 894.047643 900.000000 900.000000 900.000000 900.000000 900.000000 900.000000 900.000000 962.074086 955.405890 900.000000 900.000000 900.000000 900.000000 900.000000 898.202185 896.319505 896.801403
900.000000 900.000000 900.000000 900.000000 900.000000 900.000000 900.000000 900.000000 900.000000 900.000000 900.000000 900.000000 900.000000 900.000000 900.000000 900.000000 900.000000 900.000000 897.818186 897.503762 897.415501 898.868023 899.832755 900.000000 900.000000 900.000000 898.809677 897.993744 892.888057 887.271701 884.589790 893.023628 900.000000 900.000000 894.453270 886.714150 879.460119 868.665099 857.226509 858.610507 864.578526 873.788285 887.725713 900.000000 900.000000 900.000000 900.000000 955.769151 956.673640 959.222473 900.000000 900.000000 900.000000 900.000000 900.000000 900.000000 900.000000 900.000000
900.000000 900.000000 900.000000 900.000000 900.000000 900.000000 900.000000 900.000000 892.837777 877.454150 874.297608 871.431721 871.557188 881.029201 891.198346 895.374195 880.571375 864.844286 856.396202 855.094313 854.277943 846.143253 848.023345 850.617572 855.948377 853.395241 850.307936 838.754236 831.015126 824.228108 826.118197 837.888456 849.017304 851.266628 849.632586 847.701395 841.932253 831.525648 821.453629 826.513375 834.630934 846.005277 875.619886 900.000000 900.000000 900.000000 900.000000 900.000000 900.000000 900.000000 900.000000 900.000000 900.000000 900.000000 900.000000 900.000000 900.000000 900.000000
853.707598 859.237687 867.550363 878.247346 877.699846 873.894979 865.133920 851.140996 831.689662 806.425096 801.407365 796.611866 792.219452 802.869526 815.161926 826.926556 811.140437 800.943254 791.121098 786.855822 774.459503 763.542150 768.393052 777.229256 786.673540 779.759218 765.012711 700.000000 700.000000 700.000000 700.000000 700.000000 754.054706 757.718961 758.118687 762.479044 759.616764 700.000000 700.000000 700.000000 700.000000 770.981028 809.273196 846.320279 870.030509 867.282088 874.681650 881.683486 886.838431 900.000000 900.000000 900.000000 900.000000 900.000000 900.000000 900.000000 900.000000 900.000000
799.088763 801.961773 812.797306 824.871531 824.400100 815.537418 805.027604 784.401138 757.239912 700.000000 700.000000 700.000000 692.272456 699.236571 700.000000 700.000000 700.000000 698.641745 683.984260 669.654239 653.782985 639.085922 645.944684 657.003936 660.094002 654.289816 633.347467 614.166456 606.261963 602.244678 596.549401 604.154607 614.626106 626.317190 637.074562 646.566732 652.327165 634.889778 617.963870 621.511947 651.277920 681.826665 700.000000 764.675996 802.616940 810.015738 813.459773 816.971438 834.246043 851.615126 871.635581 883.835713 893.977904 900.000000 900.000000 900.000000 891.272892 882.522042
683.885110 677.086155 691.531052 696.215591 690.052011 676.500031 667.965392 649.850848 613.390032 566.346895 500.000000 500.000000 497.888912 500.000000 500.000000 500.000000 500.000000 500.000000 500.000000 496.992163 483.661678 470.942332 463.542107 464.824291 464.885099 461.894685 456.953470 449.664314 442.528293 435.952176 428.993468 428.325158 437.931336 447.200702 457.900038 467.487349 470.602785 471.559499 464.229443 466.037885 489.601965 500.000000 561.702384 610.971977 653.951433 682.174449 684.780266 700.000000 700.000000 700.000000 792.198495 814.073980 833.090718 864.467348 870.527554 861.510126 848.783475 842.104828
500.000000 500.000000 500.000000 500.000000 500.000000 500.000000 493.872821 484.406900 449.580359 411.384437 325.000000 325.000000 325.000000 325.000000 325.000000 325.000000 325.000000 325.000000 325.000000 325.000000 325.000000 325.000000 322.679153 324.095797 323.928191 322.763251 319.999190 317.901847 313.563994 307.426721 297.266447 284.978820 287.894896 304.098477 317.040567 325.000000 325.000000 325.000000 325.000000 325.000000 325.000000 325.000000 406.425322 441.129947 477.059040 500.000000 500.000000 500.000000 585.739007 641.597529 691.468228 700.000000 766.637067 799.824698 807.500453 784.015349 758.710622 769.629103
390.888559 325.000000 325.000000 325.000000 325.000000 325.000000 325.000000 325.000000 318.145418 283.501121 200.000000 200.000000 200.000000 200.000000 200.000000 200.000000 200.000000 200.000000 200.000000 200.000000 200.000000 200.000000 198.262248 196.084377 195.895715 196.405212 196.560940 193.925338 192.863538 189.817914 179.491480 171.888978 167.763532 178.834045 193.086485 200.000000 200.000000 200.000000 200.000000 200.000000 200.000000 200.000000 268.222428 301.003696 325.000000 325.000000 398.623874 414.648975 432.670532 453.777412 500.000000 500.000000 572.454446 621.862224 658.382239 627.363982 638.867651 656.350295
277.742760 257.529054 200.000000 200.000000 200.000000 200.000000 200.000000 200.000000 188.203587 167.454781 110.000000 50.000000 0.000000 0.000000 20.000000 110.000000 50.000000 110.000000 110.000000 50.000000 50.000000 20.000000 50.000000 0.000000 0.000000 0.000000 20.000000 0.000000 0.000000 20.000000 0.000000 20.000000 0.000000 20.000000 0.000000 20.000000 50.000000 110.000000 110.000000 110.000000 110.000000 110.000000 110.000000 187.946003 200.000000 261.558918 287.797169 306.755348 320.822142 325.000000 325.000000 325.000000 386.353995 429.376979 468.859463 481.971596 495.076546 500.000000
179.240848 110.000000 110.000000 110.000000 50.000000 20.000000 20.000000 0.000000 0.000000 0.000000 0.000000 0.000000 0.000000 0.000000 0.000000 0.000000 0.000000 0.000000 0.000000 0.000000 0.000000 0.000000 0.000000 0.000000 0.000000 0.000000 0.000000 0.000000 0.000000 0.000000 0.000000 0.000000 0.000000 0.000000 0.000000 0.000000 0.000000 0.000000 0.000000 0.000000 0.000000 0.000000 0.000000 20.000000 110.000000 110.000000 191.693290 200.000000 200.000000 200.000000 200.000000 200.000000 265.343948 292.505907 325.000000 325.000000 325.000000 394.513075
0.000000 0.000000 0.000000 0.000000 0.000000 0.000000 0.000000 0.000000 0.000000 0.000000 0.000000 0.000000 0.000000 0.000000 0.000000 0.000000 0.000000 0.000000 0.000000 0.000000 0.000000 0.000000 0.000000 0.000000 0.000000 0.000000 0.000000 0.000000 0.000000 0.000000 0.000000 0.000000 0.000000 0.000000 0.000000 0.000000 0.000000 0.000000 0.000000 0.000000 0.000000 0.000000 0.000000 0.000000 0.000000 0.000000 20.000000 110.000000 110.000000 110.000000 110.000000 110.000000 110.000000 193.937008 200.000000 265.043309 285.414344 299.314059
0.000000 0.000000 0.000000 0.000000 0.000000 0.000000 0.000000 0.000000 0.000000 0.000000 0.000000 0.000000 0.000000 0.000000 0.000000 0.000000 0.000000 0.000000 0.000000 0.000000 0.000000 0.000000 0.000000 0.000000 0.000000 0.000000 0.000000 0.000000 0.000000 0.000000 0.000000 0.000000 0.000000 0.000000 0.000000 0.000000 0.000000 0.000000 0.000000 0.000000 0.000000 0.000000 0.000000 0.000000 0.000000 0.000000 0.000000 0.000000 0.000000 0.000000 0.000000 0.000000 20.000000 110.000000 110.000000 173.312700 200.000000 200.000000
0.000000 0.000000 0.000000 0.000000 0.000000 0.000000 0.000000 0.000000 0.000000 0.000000 0.000000 0.000000 0.000000 0.000000 0.000000 0.000000 0.000000 0.000000 50.000000 50.000000 105.921396 107.164941 50.000000 50.000000 50.000000 0.000000 0.000000 50.000000 50.000000 109.285739 110.000000 108.258587 50.000000 50.000000 50.000000 50.000000 50.000000 50.000000 50.000000 50.000000 50.000000 0.000000 0.000000 0.000000 0.000000 0.000000 0.000000 0.000000 0.000000 0.000000 0.000000 0.000000 0.000000 0.000000 0.000000 20.000000 110.000000 110.000000
0.000000 0.000000 0.000000 0.000000 0.000000 0.000000 0.000000 0.000000 0.000000 0.000000 50.000000 50.000000 50.000000 50.000000 50.000000 50.000000 110.000000 110.000000 110.000000 166.825561 171.791954 176.176293 177.980071 166.582436 110.000000 110.000000 110.000000 110.000000 178.859239 187.476811 190.568602 189.464572 181.225080 110.000000 110.000000 110.000000 110.000000 110.000000 166.935191 167.137567 110.000000 110.000000 110.000000 50.000000 50.000000 0.000000 0.000000 0.000000 0.000000 0.000000 0.000000 0.000000 0.000000 0.000000 0.000000 0.000000 0.000000 0.000000
0.000000 20.000000 50.000000 50.000000 50.000000 50.000000 50.000000 50.000000 110.000000 110.000000 110.000000 110.000000 110.000000 167.423364 166.029502 177.349902 189.283335 200.000000 200.000000 200.000000 200.000000 255.676387 260.509729 200.000000 200.000000 200.000000 200.000000 200.000000 265.234486 272.376480 275.912683 275.134636 266.409534 200.000000 200.000000 200.000000 200.000000 200.000000 200.000000 200.000000 200.000000 200.000000 191.522314 170.786359 110.000000 110.000000 110.000000 110.000000 50.000000 50.000000 0.000000 0.000000 0.000000 0.000000 0.000000 0.000000 0.000000 0.000000
110.000000 110.000000 110.000000 110.000000 110.000000 110.000000 110.000000 170.003261 200.000000 200.000000 200.000000 258.455555 263.841833 271.185356 275.486010 285.341601 292.975966 304.092246 319.622563 325.000000 325.000000 325.000000 325.000000 325.000000 325.000000 325.000000 325.000000 325.000000 325.000000 325.000000 325.000000 325.000000 325.000000 325.000000 325.000000 325.000000 325.000000 325.000000 320.962634 319.480368 304.085002 289.679562 271.712309 200.000000 200.000000 200.000000 200.000000 193.565148 177.057672 110.000000 110.000000 110.000000 50.000000 0.000000 0.000000 0.000000 0.000000 0.000000
169.075207 182.925023 196.137305 200.000000 200.000000 200.000000 200.000000 200.000000 291.210823 321.012016 325.000000 325.000000 325.000000 325.000000 401.817166 416.613495 425.218222 423.649841 435.738169 454.120940 469.901189 478.100905 484.264595 496.222268 500.000000 497.214110 486.550628 493.054690 496.520525 493.534875 495.860978 498.339765 489.829564 474.452543 465.287711 455.518292 445.599662 439.707844 430.761466 405.127477 389.627238 325.000000 325.000000 325.000000 310.930563 292.489322 280.266267 266.504949 200.000000 200.000000 200.000000 183.598245 110.000000 110.000000 110.000000 50.000000 50.000000 0.000000
200.000000 255.833537 272.558076 293.101842 295.810088 303.181114 316.024442 325.000000 396.567603 429.715187 453.921235 480.791879 500.000000 500.000000 565.968084 591.522098 590.704015 584.262520 589.406194 609.689071 628.200795 642.204315 657.658851 675.156152 686.355024 677.835760 668.088367 662.716980 660.154223 656.246090 654.777060 655.796596 657.549309 646.598540 634.697643 620.819244 607.049100 591.391183 500.000000 500.000000 500.000000 474.699800 450.643849 424.552957 398.210557 325.000000 325.000000 325.000000 324.287591 304.148064 283.186813 257.765991 200.000000 200.000000 187.941780 173.069575 110.000000 110.000000
319.188632 325.000000 325.000000 390.667014 400.866474 412.044345 446.158412 491.765007 500.000000 572.445064 607.958702 641.503768 674.216578 700.000000 700.000000 762.876602 757.397004 700.000000 700.000000 756.554735 770.158100 778.218847 793.587630 808.200169 822.202337 814.242454 804.684762 789.238361 785.598416 782.376254 776.265008 777.479833 779.209478 785.111771 775.369556 764.286954 700.000000 700.000000 692.226241 662.623248 635.183744 606.401292 573.321825 500.000000 500.000000 471.567982 448.064250 425.762327 401.997282 325.000000 325.000000 325.000000 312.467868 289.133958 270.519206 200.000000 200.000000 200.000000
414.559471 450.448137 498.498385 500.000000 500.000000 595.276391 640.400272 689.940490 700.000000 700.000000 769.838989 794.644303 818.197912 846.365093 870.674090 894.556801 891.210802 879.511114 866.418335 873.918994 878.805934 882.607227 894.351379 900.000000 900.000000 900.000000 900.000000 886.862313 880.161477 873.946850 866.654455 866.537930 872.653648 880.465679 874.546713 860.812188 844.535817 822.246743 798.394455 774.554512 700.000000 700.000000 697.425131 667.039405 632.454217 594.884328 563.975842 500.000000 494.511727 467.785006 450.908513 431.951553 403.763402 382.868149 325.000000 325.000000 321.356740 292.232785
500.000000 590.426830 647.396959 699.172589 700.000000 776.947845 811.710811 834.284488 855.648530 875.785973 895.628882 900.000000 900.000000 957.866514 980.094031 999.157897 994.239279 981.299810 969.553159 967.618289 970.808764 974.043293 981.904974 995.411877 1006.362852 998.294507 983.107641 968.211910 958.469089 900.000000 900.000000 900.000000 956.325289 962.659919 954.757842 900.000000 900.000000 900.000000 884.546201 862.510863 840.153195 816.445996 792.130890 764.814223 700.000000 700.000000 673.836996 642.223871 609.676359 588.685576 567.739116 500.000000 500.000000 495.299760 468.453933 440.616368 412.950086 325.000000
699.119414 700.000000 783.924006 818.810354 852.628051 884.718614 900.000000 900.000000 960.570081 971.497702 986.883496 1006.581864 1020.575144 1037.721902 1056.381082 1057.609042 1054.378340 1042.681148 1040.790913 1040.207244 1043.253903 1044.455752 1049.154493 1060.448339 1054.421266 1046.808481 1032.091586 1021.258587 1011.996446 1005.760550 1001.606669 1002.003404 1008.774761 1005.827356 998.594747 984.032285 972.094382 956.696488 900.000000 900.000000 897.983998 875.530157 852.143070 827.248166 800.590890 771.565105 700.000000 700.000000 700.000000 690.549418 678.930758 678.190204 656.932085 633.437614 607.648382 571.883044 500.000000 494.569373
