tests/Borden05m/sims/sim_1/output-maps/watertableN0006.asc
ncols         160
nrows         34
xllcorner     620200.000000
yllcorner     5168000.000000
cellsize      0.500000
NODATA_value  -9999.0
[rows 0 to 25 of 34, columns 0 to 58 of 160]
-9999.0 -9999.0 -9999.0 -9999.0 -9999.0 -9999.0 -9999.0 -9999.0 -9999.0 -9999.0 -9999.0 -9999.0 -9999.0 -9999.0 -9999.0 -9999.0 -9999.0 -9999.0 -9999.0 -9999.0 -9999.0 -9999.0 -9999.0 -9999.0 -9999.0 -9999.0 -9999.0 -9999.0 -9999.0 -9999.0 -9999.0 -9999.0 -9999.0 -9999.0 -9999.0 -9999.0 -9999.0 -9999.0 -9999.0 -9999.0 -9999.0 -9999.0 -9999.0 -9999.0 -9999.0 -9999.0 -9999.0 -9999.0 -9999.0 -9999.0 -9999.0 -9999.0 -9999.0 -9999.0 -9999.0 -9999.0 -9999.0 -9999.0 -9999.0
-9999.0 -9999.0 -9999.0 -9999.0 -9999.0 -9999.0 -9999.0 -9999.0 -9999.0 -9999.0 -9999.0 -9999.0 -9999.0 -9999.0 -9999.0 -9999.0 -9999.0 -9999.0 -9999.0 -9999.0 -9999.0 -9999.0 -9999.0 -9999.0 -9999.0 -9999.0 -9999.0 -9999.0 -9999.0 -9999.0 -9999.0 -9999.0 -9999.0 -9999.0 -9999.0 -9999.0 -9999.0 -9999.0 -9999.0 -9999.0 -9999.0 -9999.0 -9999.0 -9999.0 -9999.0 -9999.0 -9999.0 -9999.0 -9999.0 -9999.0 -9999.0 -9999.0 -9999.0 -9999.0 -9999.0 -9999.0 -9999.0 -9999.0 -9999.0
-9999.0 -9999.0 -9999.0 -9999.0 -9999.0 -9999.0 -9999.0 -9999.0 -9999.0 -9999.0 -9999.0 -9999.0 -9999.0 -9999.0 -9999.0 -9999.0 -9999.0 -9999.0 -9999.0 -9999.0 -9999.0 -9999.0 -9999.0 -9999.0 -9999.0 -9999.0 -9999.0 -9999.0 -9999.0 -9999.0 -9999.0 -9999.0 -9999.0 -9999.0 -9999.0 -9999.0 -9999.0 -9999.0 -9999.0 -9999.0 -9999.0 -9999.0 -9999.0 -9999.0 -9999.0 -9999.0 -9999.0 1015.692560 1032.974299 1049.247068 1051.092440 1028.657480 1005.632473 982.314972 962.177834 900.000000 900.000000 900.000000 900.000000
-9999.0 -9999.0 -9999.0 -9999.0 -9999.0 -9999.0 -9999.0 -9999.0 -9999.0 -9999.0 -9999.0 -9999.0 -9999.0 -9999.0 -9999.0 -9999.0 -9999.0 -9999.0 -9999.0 -9999.0 -9999.0 -9999.0 -9999.0 -9999.0 -9999.0 -9999.0 -9999.0 -9999.0 -9999.0 -9999.0 -9999.0 -9999.0 -9999.0 -9999.0 -9999.0 -9999.0 -9999.0 -9999.0 -9999.0 -9999.0 968.493376 962.738890 961.279574 972.016857 983.267758 995.115437 1014.865661 1032.559958 1047.810334 1050.612208 1048.083034 1042.595581 1019.985389 996.041184 976.899945 959.925652 900.000000 900.000000 900.000000
-9999.0 -9999.0 -9999.0 -9999.0 -9999.0 -9999.0 -9999.0 -9999.0 -9999.0 -9999.0 -9999.0 -9999.0 -9999.0 -9999.0 -9999.0 -9999.0 -9999.0 -9999.0 -9999.0 -9999.0 -9999.0 -9999.0 -9999.0 -9999.0 -9999.0 -9999.0 -9999.0 -9999.0 -9999.0 -9999.0 -9999.0 -9999.0 -9999.0 -9999.0 1059.496387 1042.159819 1024.306064 1006.258226 989.921611 983.434689 977.659281 971.986383 976.045246 980.883805 992.171552 1010.711035 1030.221230 1044.280709 1046.851243 1049.445762 1045.174891 1032.333564 1015.944261 999.861769 979.355752 956.711980 900.000000 900.000000 900.000000
-9999.0 -9999.0 -9999.0 -9999.0 -9999.0 -9999.0 -9999.0 -9999.0 -9999.0 -9999.0 -9999.0 -9999.0 -9999.0 -9999.0 -9999.0 -9999.0 -9999.0 -9999.0 -9999.0 -9999.0 -9999.0 -9999.0 -9999.0 -9999.0 -9999.0 -9999.0 -9999.0 -9999.0 1054.798458 1060.735462 1065.933939 1067.543271 1068.950055 1070.218542 1063.423852 1051.324057 1033.325802 1012.134320 999.569052 992.596786 986.231974 985.540139 990.418457 992.667242 992.609933 1004.250533 1015.818638 1026.635033 1036.998840 1038.278338 1028.903629 1015.293050 999.604583 985.178692 970.253118 957.948479 900.000000 900.000000 900.000000
-9999.0 -9999.0 -9999.0 -9999.0 -9999.0 -9999.0 -9999.0 -9999.0 -9999.0 -9999.0 -9999.0 -9999.0 -9999.0 -9999.0 -9999.0 -9999.0 -9999.0 -9999.0 -9999.0 -9999.0 -9999.0 -9999.0 -9999.0 1083.676673 1077.782167 1071.434147 1064.241050 1063.483340 1067.795910 1073.527042 1076.776209 1078.446120 1080.152521 1075.903632 1067.752664 1054.304905 1038.660119 1017.358422 1008.951200 1002.572084 990.430821 988.271396 983.584504 979.808395 981.730585 984.495796 996.371226 1005.132031 999.633813 993.620667 987.294775 979.919510 967.187678 900.000000 900.000000 900.000000 893.515171 874.363565 858.319744
-9999.0 -9999.0 -9999.0 -9999.0 -9999.0 -9999.0 -9999.0 -9999.0 -9999.0 -9999.0 -9999.0 -9999.0 -9999.0 -9999.0 -9999.0 -9999.0 -9999.0 -9999.0 -9999.0 1100.000000 1100.000000 1100.000000 1100.000000 1100.000000 1099.063828 1092.233129 1084.289347 1082.289072 1084.006671 1085.724050 1084.334675 1081.815026 1077.757545 1066.544407 1052.955157 1039.043250 1025.170995 1004.662523 990.181233 976.575772 960.828054 962.217123 966.678077 968.908294 968.598729 968.104010 962.450914 958.878834 953.097262 900.000000 900.000000 900.000000 900.000000 900.000000 883.126945 863.152158 844.096400 825.356134 806.906091
-9999.0 -9999.0 -9999.0 -9999.0 -9999.0 -9999.0 -9999.0 -9999.0 -9999.0 -9999.0 -9999.0 -9999.0 -9999.0 -9999.0 -9999.0 -9999.0 1100.000000 1100.000000 1100.000000 1100.000000 1100.000000 1100.000000 1100.000000 1100.000000 1100.000000 1100.000000 1097.967817 1089.611311 1081.955980 1074.838681 1069.091469 1066.534812 1059.041832 1049.555275 1037.836168 1022.463233 1000.943762 978.570436 962.583938 900.000000 900.000000 900.000000 900.000000 900.000000 900.000000 900.000000 900.000000 896.997055 893.335043 874.653448 860.145502 854.349367 846.835417 828.922939 805.386465 778.905496 700.000000 700.000000 700.000000
-9999.0 -9999.0 -9999.0 -9999.0 -9999.0 -9999.0 -9999.0 -9999.0 -9999.0 -9999.0 -9999.0 -9999.0 -9999.0 1180.737357 1176.660818 1167.507887 1159.164078 1156.982611 1100.000000 1100.000000 1100.000000 1100.000000 1100.000000 1100.000000 1100.000000 1099.284711 1090.307076 1078.780015 1070.519137 1063.471798 1056.508245 1050.190215 1036.720645 1021.500861 1005.720709 985.663422 964.275939 900.000000 900.000000 900.000000 893.861011 890.433540 892.008842 890.154520 881.865746 863.613068 844.176832 831.089243 808.725160 783.794605 767.584413 753.050620 700.000000 700.000000 700.000000 669.720274 627.280574 589.471048 565.563851
-9999.0 -9999.0 -9999.0 -9999.0 -9999.0 -9999.0 -9999.0 -9999.0 -9999.0 -9999.0 1214.889162 1212.447358 1215.926717 1215.555409 1210.879408 1199.117832 1185.990527 1179.348569 1168.258172 1100.000000 1100.000000 1100.000000 1100.000000 1100.000000 1097.064488 1086.646573 1073.752861 1060.980977 1043.989579 1031.463535 1019.061838 998.725335 982.365508 966.097477 900.000000 900.000000 900.000000 878.480595 851.212092 836.634032 812.414217 798.036246 800.558060 799.874856 791.177313 772.121521 700.000000 700.000000 688.880128 656.289211 627.599897 607.186020 592.266428 575.897073 554.744825 500.000000 423.381625 322.491919 200.000000
-9999.0 -9999.0 -9999.0 -9999.0 -9999.0 -9999.0 -9999.0 -9999.0 1238.831347 1231.920022 1225.770134 1228.830828 1233.513285 1237.010481 1223.932418 1208.331174 1192.594494 1175.692176 1160.019822 1100.000000 1100.000000 1100.000000 1091.871529 1080.307082 1068.703978 1053.747424 1040.216929 1022.583037 1001.415328 986.975111 968.249920 900.000000 900.000000 900.000000 890.464274 871.889779 843.079128 808.195279 774.359746 700.000000 700.000000 690.376213 687.894073 682.795092 675.016756 643.919124 604.334057 561.843133 500.000000 449.196759 325.000000 287.770094 200.000000 200.000000 200.000000 110.000000 50.000000 0.000000 0.000000
-9999.0 -9999.0 -9999.0 -9999.0 -9999.0 -9999.0 1264.811411 1240.799079 1226.089110 1233.918854 1242.654255 1246.099413 1249.777147 1229.269080 1207.992313 1191.265204 1174.783787 1157.672197 1100.000000 1100.000000 1093.134829 1076.665412 1061.977978 1042.740918 1028.737327 1014.692855 997.387226 973.883908 900.000000 900.000000 888.680124 861.579499 834.522294 813.874308 794.050863 772.768179 700.000000 696.986651 654.885213 615.360135 578.288220 500.000000 500.000000 500.000000 490.750673 443.236056 325.000000 200.000000 200.000000 50.000000 0.000000 0.000000 0.000000 0.000000 0.000000 0.000000 0.000000 0.000000 0.000000
-9999.0 -9999.0 -9999.0 -9999.0 1297.992351 1277.171627 1256.897837 1226.247457 1203.779284 1209.038880 1201.967475 1201.517884 1202.922458 1199.999657 1193.897737 1176.139239 1158.416355 1100.000000 1100.000000 1085.532712 1043.761737 1027.244996 1000.899545 968.911034 954.859991 900.000000 900.000000 900.000000 871.099868 835.200400 786.924948 700.000000 700.000000 688.843696 664.202990 634.562100 593.190589 500.000000 474.886514 325.000000 280.515642 200.000000 200.000000 197.881116 110.000000 50.000000 0.000000 0.000000 0.000000 0.000000 0.000000 0.000000 0.000000 0.000000 0.000000 0.000000 0.000000 0.000000 0.000000
-9999.0 -9999.0 -9999.0 1300.000000 1300.000000 1270.160857 1242.882389 1211.997457 1180.333484 1174.399265 1165.844409 1159.677026 1100.000000 1100.000000 1100.000000 1100.000000 1100.000000 1090.356046 1069.299809 1032.754235 996.638114 962.823798 900.000000 899.072273 875.792539 859.436689 841.726978 816.136027 774.224247 700.000000 673.023868 610.079528 560.948363 500.000000 482.401269 413.039032 325.000000 200.000000 110.000000 0.000000 0.000000 0.000000 0.000000 0.000000 0.000000 0.000000 0.000000 0.000000 0.000000 0.000000 0.000000 0.000000 0.000000 0.000000 0.000000 0.000000 0.000000 0.000000 0.000000
-9999.0 -9999.0 1392.498091 1355.188136 1300.000000 1269.143959 1216.404789 1182.603387 1100.000000 1100.000000 1100.000000 1090.576684 1073.347752 1064.671729 1047.625727 1030.032212 1015.875632 1011.744114 998.156776 963.008586 900.000000 858.837132 824.565518 766.228804 700.000000 700.000000 689.623227 660.682973 620.193148 561.157033 474.550604 325.000000 200.000000 200.000000 110.000000 50.000000 0.000000 0.000000 0.000000 0.000000 0.000000 0.000000 0.000000 0.000000 0.000000 0.000000 0.000000 0.000000 0.000000 0.000000 0.000000 0.000000 0.000000 0.000000 0.000000 0.000000 0.000000 0.000000 0.000000
-9999.0 -9999.0 1418.308569 1373.812916 1300.000000 1262.667671 1185.325357 1100.000000 1100.000000 1058.952603 1039.249827 1014.570324 995.685699 977.836823 900.000000 900.000000 900.000000 900.000000 900.000000 863.237653 802.100357 700.000000 653.663915 581.156784 500.000000 500.000000 494.540613 450.541538 325.000000 200.000000 110.000000 0.000000 0.000000 0.000000 0.000000 0.000000 0.000000 0.000000 0.000000 0.000000 0.000000 0.000000 0.000000 0.000000 0.000000 0.000000 0.000000 0.000000 0.000000 0.000000 0.000000 0.000000 0.000000 0.000000 0.000000 0.000000 0.000000 0.000000 0.000000
-9999.0 1500.000000 1454.040899 1399.963723 1300.000000 1260.120546 1173.663077 1091.668158 1039.167980 995.020212 965.038707 900.000000 889.820547 838.276493 809.153463 778.443574 779.657902 780.742496 787.920529 700.000000 675.962708 563.497896 325.000000 200.000000 195.539664 110.000000 110.000000 110.000000 20.000000 0.000000 0.000000 0.000000 0.000000 0.000000 0.000000 0.000000 0.000000 0.000000 0.000000 0.000000 0.000000 0.000000 0.000000 0.000000 0.000000 0.000000 0.000000 0.000000 0.000000 0.000000 0.000000 0.000000 0.000000 0.000000 0.000000 0.000000 0.000000 0.000000 0.000000
-9999.0 1500.000000 1481.043140 1408.338673 1300.000000 1260.667761 1100.000000 1013.276084 964.228041 900.000000 895.402988 846.299621 700.000000 671.029556 625.113631 577.414769 580.817806 595.176562 596.232654 500.000000 425.569800 284.575680 0.000000 0.000000 0.000000 0.000000 0.000000 0.000000 0.000000 0.000000 0.000000 0.000000 0.000000 0.000000 0.000000 0.000000 0.000000 0.000000 0.000000 0.000000 0.000000 0.000000 0.000000 0.000000 0.000000 0.000000 0.000000 0.000000 0.000000 0.000000 0.000000 0.000000 0.000000 0.000000 0.000000 0.000000 0.000000 0.000000 0.000000
-9999.0 1568.942721 1497.872802 1432.428370 1361.131122 1236.536142 1100.000000 976.283198 884.669701 843.283475 788.368178 681.044455 500.000000 325.000000 200.000000 200.000000 200.000000 200.000000 200.000000 110.000000 0.000000 0.000000 0.000000 0.000000 0.000000 0.000000 0.000000 0.000000 0.000000 0.000000 0.000000 0.000000 0.000000 0.000000 0.000000 0.000000 0.000000 0.000000 0.000000 0.000000 0.000000 0.000000 0.000000 0.000000 0.000000 0.000000 0.000000 0.000000 0.000000 0.000000 0.000000 0.000000 0.000000 0.000000 0.000000 0.000000 0.000000 0.000000 0.000000
-9999.0 1665.432249 1576.938407 1500.000000 1387.948642 1212.478398 1083.416389 900.000000 785.480519 700.000000 604.940602 325.000000 110.000000 0.000000 0.000000 0.000000 0.000000 0.000000 0.000000 0.000000 0.000000 0.000000 0.000000 0.000000 0.000000 0.000000 0.000000 0.000000 0.000000 0.000000 0.000000 0.000000 0.000000 0.000000 0.000000 0.000000 0.000000 0.000000 0.000000 0.000000 0.000000 0.000000 0.000000 0.000000 0.000000 0.000000 0.000000 0.000000 0.000000 0.000000 0.000000 0.000000 0.000000 0.000000 0.000000 0.000000 0.000000 0.000000 0.000000
-9999.0 1700.000000 1668.769916 1570.716916 1419.288714 1246.873789 1095.907983 900.000000 700.000000 579.452561 325.000000 110.000000 0.000000 0.000000 0.000000 0.000000 0.000000 0.000000 0.000000 0.000000 0.000000 0.000000 0.000000 0.000000 0.000000 0.000000 0.000000 0.000000 0.000000 0.000000 0.000000 0.000000 0.000000 0.000000 0.000000 0.000000 0.000000 0.000000 0.000000 0.000000 0.000000 0.000000 0.000000 0.000000 0.000000 0.000000 0.000000 0.000000 0.000000 0.000000 0.000000 0.000000 0.000000 0.000000 0.000000 0.000000 0.000000 0.000000 0.000000
-9999.0 1846.662806 1700.000000 1623.013795 1489.438432 1300.000000 1201.042423 1021.254082 849.125126 609.616230 200.000000 0.000000 0.000000 0.000000 0.000000 0.000000 0.000000 0.000000 0.000000 0.000000 0.000000 0.000000 0.000000 0.000000 0.000000 0.000000 0.000000 0.000000 0.000000 0.000000 0.000000 0.000000 0.000000 0.000000 0.000000 0.000000 0.000000 0.000000 0.000000 0.000000 0.000000 0.000000 0.000000 0.000000 0.000000 0.000000 0.000000 0.000000 0.000000 0.000000 0.000000 0.000000 0.000000 0.000000 0.000000 50.000000 110.000000 200.000000 295.874003
-9999.0 -9999.0 1799.236173 1683.985565 1568.389765 1436.631826 1300.000000 1100.000000 975.589826 768.714464 612.923267 401.605356 200.000000 200.000000 20.000000 0.000000 0.000000 0.000000 0.000000 0.000000 0.000000 0.000000 0.000000 0.000000 0.000000 0.000000 0.000000 0.000000 0.000000 0.000000 0.000000 0.000000 0.000000 0.000000 0.000000 0.000000 0.000000 0.000000 0.000000 0.000000 50.000000 110.000000 110.000000 110.000000 110.000000 110.000000 110.000000 110.000000 200.000000 200.000000 200.000000 200.000000 200.000000 200.000000 320.972305 396.023781 471.314749 500.000000 562.389347
-9999.0 -9999.0 1885.845775 1772.535000 1651.000894 1500.000000 1409.834561 1300.000000 1100.000000 1001.389549 884.453124 776.257685 687.489687 614.950357 500.000000 325.000000 315.444357 200.000000 200.000000 200.000000 200.000000 200.000000 199.119919 110.000000 110.000000 110.000000 50.000000 110.000000 110.000000 110.000000 200.000000 200.000000 200.000000 200.000000 200.000000 200.000000 200.000000 285.683479 325.000000 399.710031 453.872855 486.696601 498.120941 500.000000 500.000000 500.000000 500.000000 500.000000 500.000000 559.698535 569.571183 578.122571 584.174969 595.818652 611.251127 625.933359 651.606199 681.514152 700.000000
-9999.0 -9999.0 -9999.0 1840.528473 1700.000000 1666.786775 1564.611535 1491.078958 1401.469617 1277.796699 1159.646572 1044.501270 970.990570 900.000000 851.004100 790.368859 700.000000 700.000000 700.000000 650.987939 619.064061 577.379946 500.000000 500.000000 487.140517 455.301274 445.507196 467.759406 491.894165 500.000000 554.413729 583.329348 598.657548 598.650613 599.262135 597.748646 604.927238 612.861714 628.738157 647.651114 666.077046 678.815799 684.865168 690.214087 693.793361 697.901951 700.000000 700.000000 700.000000 700.000000 700.000000 700.000000 700.000000 700.000000 757.698550 767.409835 780.582673 808.499380 835.338012
