tests/Borden05m/sims/sim_1/output-maps/watertableN0011.asc
ncols         160
nrows         34
xllcorner     620200.000000
yllcorner     5168000.000000
cellsize      0.500000
NODATA_value  -9999.0
[rows 0 to 24 of 34, columns 0 to 57 of 160]
-9999.0 -9999.0 -9999.0 -9999.0 -9999.0 -9999.0 -9999.0 -9999.0 -9999.0 -9999.0 -9999.0 -9999.0 -9999.0 -9999.0 -9999.0 -9999.0 -9999.0 -9999.0 -9999.0 -9999.0 -9999.0 -9999.0 -9999.0 -9999.0 -9999.0 -9999.0 -9999.0 -9999.0 -9999.0 -9999.0 -9999.0 -9999.0 -9999.0 -9999.0 -9999.0 -9999.0 -9999.0 -9999.0 -9999.0 -9999.0 -9999.0 -9999.0 -9999.0 -9999.0 -9999.0 -9999.0 -9999.0 -9999.0 -9999.0 -9999.0 -9999.0 -9999.0 -9999.0 -9999.0 -9999.0 -9999.0 -9999.0 -9999.0
-9999.0 -9999.0 -9999.0 -9999.0 -9999.0 -9999.0 -9999.0 -9999.0 -9999.0 -9999.0 -9999.0 -9999.0 -9999.0 -9999.0 -9999.0 -9999.0 -9999.0 -9999.0 -9999.0 -9999.0 -9999.0 -9999.0 -9999.0 -9999.0 -9999.0 -9999.0 -9999.0 -9999.0 -9999.0 -9999.0 -9999.0 -9999.0 -9999.0 -9999.0 -9999.0 -9999.0 -9999.0 -9999.0 -9999.0 -9999.0 -9999.0 -9999.0 -9999.0 -9999.0 -9999.0 -9999.0 -9999.0 -9999.0 -9999.0 -9999.0 -9999.0 -9999.0 -9999.0 -9999.0 -9999.0 -9999.0 -9999.0 -9999.0
-9999.0 -9999.0 -9999.0 -9999.0 -9999.0 -9999.0 -9999.0 -9999.0 -9999.0 -9999.0 -9999.0 -9999.0 -9999.0 -9999.0 -9999.0 -9999.0 -9999.0 -9999.0 -9999.0 -9999.0 -9999.0 -9999.0 -9999.0 -9999.0 -9999.0 -9999.0 -9999.0 -9999.0 -9999.0 -9999.0 -9999.0 -9999.0 -9999.0 -9999.0 -9999.0 -9999.0 -9999.0 -9999.0 -9999.0 -9999.0 -9999.0 -9999.0 -9999.0 -9999.0 -9999.0 -9999.0 -9999.0 1013.978003 1031.242824 1047.500870 1049.320583 1026.854721 1003.829719 980.547722 960.456975 900.000000 900.000000 900.000000
-9999.0 -9999.0 -9999.0 -9999.0 -9999.0 -9999.0 -9999.0 -9999.0 -9999.0 -9999.0 -9999.0 -9999.0 -9999.0 -9999.0 -9999.0 -9999.0 -9999.0 -9999.0 -9999.0 -9999.0 -9999.0 -9999.0 -9999.0 -9999.0 -9999.0 -9999.0 -9999.0 -9999.0 -9999.0 -9999.0 -9999.0 -9999.0 -9999.0 -9999.0 -9999.0 -9999.0 -9999.0 -9999.0 -9999.0 -9999.0 966.930467 961.178458 959.701368 970.395067 981.591191 993.382269 1013.087109 1030.778445 1046.023143 1048.809333 1046.251378 1040.730745 1018.101049 994.178058 975.080108 958.145215 900.000000 900.000000
-9999.0 -9999.0 -9999.0 -9999.0 -9999.0 -9999.0 -9999.0 -9999.0 -9999.0 -9999.0 -9999.0 -9999.0 -9999.0 -9999.0 -9999.0 -9999.0 -9999.0 -9999.0 -9999.0 -9999.0 -9999.0 -9999.0 -9999.0 -9999.0 -9999.0 -9999.0 -9999.0 -9999.0 -9999.0 -9999.0 -9999.0 -9999.0 -9999.0 -9999.0 1057.899931 1040.534454 1022.650604 1004.589566 988.254310 981.769623 976.016751 970.342660 974.375269 979.173392 990.406942 1008.883519 1028.349303 1042.392905 1044.949339 1047.526029 1043.224369 1030.345595 1013.937258 997.863906 977.389355 954.770001 900.000000 900.000000
-9999.0 -9999.0 -9999.0 -9999.0 -9999.0 -9999.0 -9999.0 -9999.0 -9999.0 -9999.0 -9999.0 -9999.0 -9999.0 -9999.0 -9999.0 -9999.0 -9999.0 -9999.0 -9999.0 -9999.0 -9999.0 -9999.0 -9999.0 -9999.0 -9999.0 -9999.0 -9999.0 -9999.0 1053.400303 1059.313712 1064.478287 1066.047238 1067.408897 1068.630091 1061.792361 1049.642707 1031.599364 1010.384438 997.806199 990.824843 984.458557 983.748522 988.593933 990.808219 990.708839 1002.291599 1013.803693 1024.581467 1034.926363 1036.185331 1026.782140 1013.148746 997.452548 983.027894 968.097485 955.759021 900.000000 900.000000
-9999.0 -9999.0 -9999.0 -9999.0 -9999.0 -9999.0 -9999.0 -9999.0 -9999.0 -9999.0 -9999.0 -9999.0 -9999.0 -9999.0 -9999.0 -9999.0 -9999.0 -9999.0 -9999.0 -9999.0 -9999.0 -9999.0 -9999.0 1082.456268 1076.531497 1070.139717 1062.898505 1062.093825 1066.368874 1072.061432 1075.267363 1076.888378 1078.540162 1074.231429 1066.015769 1052.500232 1036.795900 1015.458208 1007.025663 1000.630096 988.482816 986.298989 981.581648 977.772439 979.654027 982.363452 994.176487 1002.888105 997.362306 991.337617 985.005915 977.623689 964.870860 900.000000 900.000000 900.000000 890.490393 871.003936
-9999.0 -9999.0 -9999.0 -9999.0 -9999.0 -9999.0 -9999.0 -9999.0 -9999.0 -9999.0 -9999.0 -9999.0 -9999.0 -9999.0 -9999.0 -9999.0 -9999.0 -9999.0 -9999.0 1100.000000 1100.000000 1100.000000 1100.000000 1099.923551 1097.777184 1090.893057 1082.891786 1080.833570 1082.494598 1084.155197 1082.704800 1080.118883 1075.988967 1064.694725 1051.021672 1037.031685 1023.100302 1002.563293 988.066585 974.451005 958.685871 960.027488 964.432579 966.613179 966.256235 965.713469 960.001028 956.371972 900.000000 900.000000 900.000000 900.000000 900.000000 899.812027 879.598973 859.050984 839.329480 819.869166
-9999.0 -9999.0 -9999.0 -9999.0 -9999.0 -9999.0 -9999.0 -9999.0 -9999.0 -9999.0 -9999.0 -9999.0 -9999.0 -9999.0 -9999.0 -9999.0 1100.000000 1100.000000 1100.000000 1100.000000 1100.000000 1100.000000 1100.000000 1100.000000 1100.000000 1100.000000 1096.450190 1088.016121 1080.280478 1073.079049 1067.243531 1064.595075 1057.003814 1047.418341 1035.606619 1020.159528 998.596566 976.203448 960.185065 900.000000 900.000000 900.000000 900.000000 900.000000 900.000000 900.000000 900.000000 893.625592 889.825621 870.948543 856.279966 850.299251 842.405623 823.779571 799.238077 771.425804 700.000000 700.000000
-9999.0 -9999.0 -9999.0 -9999.0 -9999.0 -9999.0 -9999.0 -9999.0 -9999.0 -9999.0 -9999.0 -9999.0 -9999.0 1179.751796 1175.650996 1166.471485 1158.106413 1155.888770 1100.000000 1100.000000 1100.000000 1100.000000 1100.000000 1100.000000 1100.000000 1097.654563 1088.576185 1076.941530 1068.568771 1061.405412 1054.322076 1047.884278 1034.295103 1018.970071 1003.106941 982.987361 961.533020 900.000000 900.000000 900.000000 890.291880 886.590358 887.993981 886.007041 877.544547 858.947273 838.996950 825.302641 802.320647 777.008604 760.683065 700.000000 700.000000 700.000000 695.399509 653.102904 605.153229 561.587510
-9999.0 -9999.0 -9999.0 -9999.0 -9999.0 -9999.0 -9999.0 -9999.0 -9999.0 -9999.0 1213.990392 1211.515179 1214.942562 1214.521732 1209.799523 1197.998191 1184.835286 1178.150082 1167.014822 1100.000000 1100.000000 1100.000000 1100.000000 1100.000000 1095.253709 1084.704184 1071.673423 1058.761164 1041.624762 1028.953213 1016.407517 995.937144 979.450197 963.057747 900.000000 900.000000 900.000000 874.333516 846.487014 831.299035 806.206674 790.949800 793.051509 792.106395 783.141638 763.387309 700.000000 700.000000 674.797382 640.905151 611.812920 589.149665 570.570725 500.000000 500.000000 484.980173 441.970490 408.515275
-9999.0 -9999.0 -9999.0 -9999.0 -9999.0 -9999.0 -9999.0 -9999.0 1238.006747 1231.061549 1224.863228 1227.868621 1232.485425 1235.913467 1222.771656 1207.115625 1191.331262 1174.379923 1158.645435 1100.000000 1100.000000 1100.000000 1089.972102 1078.227018 1066.440996 1051.306173 1037.611429 1019.826161 998.512893 983.900866 964.960028 900.000000 900.000000 900.000000 885.802168 866.721350 837.051162 800.994723 765.873044 700.000000 700.000000 674.778962 671.302524 665.671035 657.738645 623.679749 578.568008 500.000000 490.548249 457.090006 426.124698 408.506026 396.212786 325.000000 325.000000 325.000000 322.802136 295.968549
-9999.0 -9999.0 -9999.0 -9999.0 -9999.0 -9999.0 1264.084974 1240.034294 1225.272653 1233.044478 1241.715325 1245.089052 1248.687305 1228.094974 1206.741290 1189.948486 1173.402341 1156.213192 1100.000000 1100.000000 1091.194889 1074.489913 1059.545416 1040.043887 1025.797392 1011.544559 994.067554 970.399260 900.000000 900.000000 883.869099 855.869407 827.728441 806.074274 785.356532 762.983052 700.000000 681.832540 635.559921 591.737335 500.000000 500.000000 489.395941 480.109832 470.099149 450.201423 417.558790 325.000000 325.000000 317.125611 295.078978 284.948421 275.039948 262.638995 200.000000 200.000000 200.000000 195.043435
-9999.0 -9999.0 -9999.0 -9999.0 1297.373937 1276.515502 1256.180509 1225.474820 1202.953988 1208.145485 1201.000930 1200.466719 1201.773526 1198.747576 1192.541742 1174.681870 1156.848290 1100.000000 1100.000000 1083.345991 1041.246295 1024.398069 997.695206 965.325821 900.000000 900.000000 900.000000 895.689991 865.288618 828.213720 778.208941 700.000000 700.000000 671.584604 644.452773 611.503080 562.896421 500.000000 463.692876 425.048513 390.960988 325.000000 325.000000 325.000000 325.000000 314.448289 296.803539 271.586179 200.000000 200.000000 186.297156 170.523132 110.000000 110.000000 110.000000 50.000000 20.000000 20.000000
-9999.0 -9999.0 -9999.0 1300.000000 1300.000000 1269.494029 1242.147683 1211.203485 1179.491884 1173.488474 1164.854387 1158.590746 1100.000000 1100.000000 1100.000000 1100.000000 1100.000000 1088.146028 1066.778010 1029.859730 993.348419 958.981371 900.000000 893.375315 869.066696 851.876883 833.452528 806.922874 763.297348 700.000000 655.188274 582.800938 500.000000 490.070560 465.409668 436.969738 409.265626 325.000000 325.000000 309.946924 279.859279 200.000000 200.000000 200.000000 200.000000 200.000000 189.705863 170.015364 110.000000 50.000000 50.000000 0.000000 0.000000 0.000000 0.000000 0.000000 0.000000 0.000000
-9999.0 -9999.0 1391.875239 1354.575349 1300.000000 1268.451089 1215.640510 1181.781995 1100.000000 1100.000000 1100.000000 1089.313792 1071.879224 1062.961588 1045.584966 1027.625185 1013.123844 1008.665367 994.724094 959.089687 900.000000 852.421087 815.881504 700.000000 700.000000 688.189728 671.074845 639.605581 593.562489 500.000000 466.417118 411.446024 325.000000 325.000000 320.304337 303.176794 278.048085 257.815431 200.000000 200.000000 174.463520 110.000000 50.000000 50.000000 20.000000 50.000000 0.000000 0.000000 0.000000 0.000000 0.000000 0.000000 0.000000 0.000000 0.000000 0.000000 0.000000 0.000000
-9999.0 -9999.0 1417.670557 1373.176159 1300.000000 1261.932945 1184.519746 1100.000000 1100.000000 1057.741828 1037.855745 1012.976401 993.859374 975.667497 900.000000 900.000000 900.000000 900.000000 900.000000 856.677297 793.471689 700.000000 633.030952 500.000000 493.398300 479.282958 470.394725 450.177007 421.373709 325.000000 317.380164 266.961033 200.000000 195.756374 180.863609 110.000000 110.000000 50.000000 109.556975 50.000000 0.000000 0.000000 0.000000 0.000000 0.000000 0.000000 0.000000 0.000000 0.000000 0.000000 0.000000 0.000000 0.000000 0.000000 0.000000 0.000000 0.000000 0.000000
-9999.0 1500.000000 1453.402465 1399.297916 1300.000000 1259.327654 1172.773403 1090.609835 1037.867253 993.483895 963.308288 900.000000 887.240550 834.456099 803.270011 769.815658 769.656832 769.986719 776.530186 700.000000 659.799462 500.000000 405.494559 325.000000 303.476849 298.297113 301.629907 287.207812 260.542891 200.000000 110.000000 50.000000 0.000000 0.000000 0.000000 0.000000 0.000000 0.000000 0.000000 0.000000 0.000000 0.000000 0.000000 0.000000 0.000000 0.000000 0.000000 0.000000 0.000000 0.000000 0.000000 0.000000 0.000000 0.000000 0.000000 0.000000 0.000000 0.000000
-9999.0 1500.000000 1480.397886 1407.649450 1300.000000 1259.794420 1100.000000 1011.934097 962.490620 900.000000 892.768012 843.057648 700.000000 663.735603 608.045882 500.000000 500.000000 561.531235 561.428038 500.000000 449.019047 325.000000 200.000000 110.000000 50.000000 50.000000 50.000000 20.000000 0.000000 0.000000 0.000000 0.000000 0.000000 0.000000 0.000000 0.000000 0.000000 0.000000 0.000000 0.000000 0.000000 0.000000 0.000000 0.000000 0.000000 0.000000 0.000000 0.000000 0.000000 0.000000 0.000000 0.000000 0.000000 0.000000 0.000000 0.000000 50.000000 50.000000
-9999.0 1568.288202 1497.212513 1431.708725 1360.333998 1235.560976 1100.000000 974.488523 881.700893 838.731882 782.605488 675.617612 500.000000 444.884309 390.014148 325.000000 325.000000 325.000000 312.796980 200.000000 110.000000 50.000000 0.000000 0.000000 0.000000 0.000000 0.000000 0.000000 0.000000 0.000000 0.000000 0.000000 0.000000 0.000000 0.000000 0.000000 0.000000 0.000000 0.000000 0.000000 0.000000 0.000000 0.000000 0.000000 0.000000 0.000000 0.000000 20.000000 20.000000 50.000000 50.000000 50.000000 50.000000 50.000000 50.000000 110.000000 110.000000 110.000000
-9999.0 1664.717540 1576.229156 1500.000000 1387.080843 1211.408513 1081.914576 900.000000 779.129552 700.000000 588.875430 461.498754 325.000000 298.710595 200.000000 178.426298 50.000000 0.000000 0.000000 0.000000 0.000000 0.000000 0.000000 0.000000 0.000000 0.000000 0.000000 0.000000 0.000000 0.000000 0.000000 0.000000 0.000000 0.000000 0.000000 0.000000 0.000000 0.000000 20.000000 50.000000 50.000000 50.000000 50.000000 50.000000 50.000000 50.000000 50.000000 110.000000 110.000000 110.000000 110.000000 110.000000 110.000000 110.000000 110.000000 169.421874 194.869425 200.000000
-9999.0 1700.000000 1668.010241 1569.913346 1418.372131 1245.727997 1094.161032 900.000000 696.472459 500.000000 428.686349 325.000000 306.955831 200.000000 110.000000 0.000000 0.000000 0.000000 0.000000 0.000000 0.000000 20.000000 0.000000 0.000000 0.000000 0.000000 0.000000 50.000000 50.000000 50.000000 50.000000 50.000000 50.000000 105.271990 108.871253 108.837714 107.474943 110.000000 110.000000 110.000000 110.000000 110.000000 110.000000 110.000000 110.000000 110.000000 167.891544 179.481287 190.666565 199.139499 200.000000 200.000000 200.000000 200.000000 200.000000 200.000000 260.407737 284.690347
-9999.0 1845.844120 1700.000000 1622.177193 1488.512867 1300.000000 1199.436829 1018.242357 841.380679 582.241492 325.000000 325.000000 308.057791 263.100114 191.374768 109.023689 0.000000 0.000000 50.000000 169.134467 182.566495 178.676728 165.935523 110.000000 110.000000 110.000000 110.000000 110.000000 110.000000 168.565756 172.621912 179.921913 185.585775 186.186507 188.522274 184.555778 182.519535 193.019758 200.000000 200.000000 200.000000 200.000000 200.000000 200.000000 200.000000 200.000000 200.000000 261.388767 273.557487 284.459400 292.686967 298.394052 304.122303 311.921164 320.577524 325.000000 325.000000 325.000000
-9999.0 -9999.0 1798.387118 1683.126838 1567.474993 1435.554604 1300.000000 1100.000000 971.555226 700.000000 596.354057 480.457323 420.593422 325.000000 307.548264 200.000000 200.000000 200.000000 200.000000 263.349163 266.029365 263.467885 200.000000 200.000000 200.000000 200.000000 200.000000 200.000000 200.000000 200.000000 264.055902 276.821380 284.939705 290.735340 284.277709 274.831167 276.665086 283.047719 293.441369 306.791549 317.736352 325.000000 325.000000 325.000000 325.000000 325.000000 325.000000 325.000000 325.000000 325.000000 386.216284 393.439655 400.369012 412.298636 424.827493 438.745151 464.084567 493.834184
-9999.0 -9999.0 1884.960559 1771.639860 1650.061279 1500.000000 1408.619371 1300.000000 1100.000000 998.055085 880.853045 775.800444 684.501927 599.151168 500.000000 473.027848 442.598129 430.457525 426.169409 412.823287 392.051716 325.000000 325.000000 325.000000 325.000000 321.343128 313.814323 323.618145 325.000000 325.000000 325.000000 393.649124 407.203493 413.767720 410.317386 403.565697 409.020400 419.477724 434.210343 451.004565 464.243566 476.755109 480.741516 482.758169 483.511235 486.709990 491.381279 500.000000 500.000000 500.000000 500.000000 500.000000 564.826927 578.413549 595.181042 608.647559 635.067715 667.477861
