tests/Borden05m/sims/sim_1/output-maps/watertableN0007.asc
ncols         160
nrows         34
xllcorner     620200.000000
yllcorner     5168000.000000
cellsize      0.500000
NODATA_value  -9999.0
[rows 0 to 25 of 34, columns 0 to 58 of 160]
-9999.0 -9999.0 -9999.0 -9999.0 -9999.0 -9999.0 -9999.0 -9999.0 -9999.0 -9999.0 -9999.0 -9999.0 -9999.0 -9999.0 -9999.0 -9999.0 -9999.0 -9999.0 -9999.0 -9999.0 -9999.0 -9999.0 -9999.0 -9999.0 -9999.0 -9999.0 -9999.0 -9999.0 -9999.0 -9999.0 -9999.0 -9999.0 -9999.0 -9999.0 -9999.0 -9999.0 -9999.0 -9999.0 -9999.0 -9999.0 -9999.0 -9999.0 -9999.0 -9999.0 -9999.0 -9999.0 -9999.0 -9999.0 -9999.0 -9999.0 -9999.0 -9999.0 -9999.0 -9999.0 -9999.0 -9999.0 -9999.0 -9999.0 -9999.0
-9999.0 -9999.0 -9999.0 -9999.0 -9999.0 -9999.0 -9999.0 -9999.0 -9999.0 -9999.0 -9999.0 -9999.0 -9999.0 -9999.0 -9999.0 -9999.0 -9999.0 -9999.0 -9999.0 -9999.0 -9999.0 -9999.0 -9999.0 -9999.0 -9999.0 -9999.0 -9999.0 -9999.0 -9999.0 -9999.0 -9999.0 -9999.0 -9999.0 -9999.0 -9999.0 -9999.0 -9999.0 -9999.0 -9999.0 -9999.0 -9999.0 -9999.0 -9999.0 -9999.0 -9999.0 -9999.0 -9999.0 -9999.0 -9999.0 -9999.0 -9999.0 -9999.0 -9999.0 -9999.0 -9999.0 -9999.0 -9999.0 -9999.0 -9999.0
-9999.0 -9999.0 -9999.0 -9999.0 -9999.0 -9999.0 -9999.0 -9999.0 -9999.0 -9999.0 -9999.0 -9999.0 -9999.0 -9999.0 -9999.0 -9999.0 -9999.0 -9999.0 -9999.0 -9999.0 -9999.0 -9999.0 -9999.0 -9999.0 -9999.0 -9999.0 -9999.0 -9999.0 -9999.0 -9999.0 -9999.0 -9999.0 -9999.0 -9999.0 -9999.0 -9999.0 -9999.0 -9999.0 -9999.0 -9999.0 -9999.0 -9999.0 -9999.0 -9999.0 -9999.0 -9999.0 -9999.0 1014.760676 1032.019034 1048.262305 1050.080378 1027.636372 1004.599951 981.277352 961.137351 900.000000 900.000000 900.000000 900.000000
-9999.0 -9999.0 -9999.0 -9999.0 -9999.0 -9999.0 -9999.0 -9999.0 -9999.0 -9999.0 -9999.0 -9999.0 -9999.0 -9999.0 -9999.0 -9999.0 -9999.0 -9999.0 -9999.0 -9999.0 -9999.0 -9999.0 -9999.0 -9999.0 -9999.0 -9999.0 -9999.0 -9999.0 -9999.0 -9999.0 -9999.0 -9999.0 -9999.0 -9999.0 -9999.0 -9999.0 -9999.0 -9999.0 -9999.0 -9999.0 967.639047 961.880325 960.405471 971.109946 982.328022 994.146663 1013.867075 1031.552269 1046.780696 1049.564157 1047.009735 1041.487397 1018.861126 994.908656 975.759271 958.778698 900.000000 900.000000 900.000000
-9999.0 -9999.0 -9999.0 -9999.0 -9999.0 -9999.0 -9999.0 -9999.0 -9999.0 -9999.0 -9999.0 -9999.0 -9999.0 -9999.0 -9999.0 -9999.0 -9999.0 -9999.0 -9999.0 -9999.0 -9999.0 -9999.0 -9999.0 -9999.0 -9999.0 -9999.0 -9999.0 -9999.0 -9999.0 -9999.0 -9999.0 -9999.0 -9999.0 -9999.0 1058.679788 1041.333562 1023.459541 1005.391512 989.038991 982.532607 976.752302 971.067697 975.097700 979.905165 991.152955 1009.644779 1029.113389 1043.144189 1045.695241 1048.258870 1043.955424 1031.084625 1014.667320 998.557803 978.038479 955.390780 900.000000 900.000000 900.000000
-9999.0 -9999.0 -9999.0 -9999.0 -9999.0 -9999.0 -9999.0 -9999.0 -9999.0 -9999.0 -9999.0 -9999.0 -9999.0 -9999.0 -9999.0 -9999.0 -9999.0 -9999.0 -9999.0 -9999.0 -9999.0 -9999.0 -9999.0 -9999.0 -9999.0 -9999.0 -9999.0 -9999.0 1054.129825 1060.045278 1065.213553 1066.789807 1068.160138 1069.391131 1062.571997 1050.443313 1032.416462 1011.201715 998.607992 991.606396 985.218128 984.494084 989.329726 991.539249 991.446549 1003.032794 1014.548972 1025.314904 1035.623388 1036.855140 1027.444295 1013.800234 998.078865 983.614615 968.648080 956.289493 900.000000 900.000000 900.000000
-9999.0 -9999.0 -9999.0 -9999.0 -9999.0 -9999.0 -9999.0 -9999.0 -9999.0 -9999.0 -9999.0 -9999.0 -9999.0 -9999.0 -9999.0 -9999.0 -9999.0 -9999.0 -9999.0 -9999.0 -9999.0 -9999.0 -9999.0 1083.099712 1077.190369 1070.818580 1063.599041 1062.810948 1067.095067 1072.792761 1076.004690 1077.633080 1079.292606 1074.999541 1066.805021 1053.314173 1037.624754 1016.288250 1007.832612 1001.406882 989.233984 987.028342 982.299904 978.477664 980.339976 983.040318 994.828065 1003.503678 997.946317 991.873815 985.492302 978.064022 965.284456 900.000000 900.000000 900.000000 891.268236 872.042481 855.945851
-9999.0 -9999.0 -9999.0 -9999.0 -9999.0 -9999.0 -9999.0 -9999.0 -9999.0 -9999.0 -9999.0 -9999.0 -9999.0 -9999.0 -9999.0 -9999.0 -9999.0 -9999.0 -9999.0 1100.000000 1100.000000 1100.000000 1100.000000 1100.000000 1098.430111 1091.568679 1083.591700 1081.551933 1083.226155 1084.897049 1083.459066 1080.886358 1076.771180 1065.502707 1051.856020 1037.882169 1023.944817 1003.385278 988.848250 975.190399 959.398905 960.712322 965.087766 967.230324 966.829848 966.234480 960.482074 956.797677 900.000000 900.000000 900.000000 900.000000 900.000000 900.000000 880.283289 860.043296 840.712363 821.792864 803.235073
-9999.0 -9999.0 -9999.0 -9999.0 -9999.0 -9999.0 -9999.0 -9999.0 -9999.0 -9999.0 -9999.0 -9999.0 -9999.0 -9999.0 -9999.0 -9999.0 1100.000000 1100.000000 1100.000000 1100.000000 1100.000000 1100.000000 1100.000000 1100.000000 1100.000000 1100.000000 1097.166313 1088.760106 1081.051349 1073.875813 1068.063214 1065.429625 1057.857542 1048.286567 1036.479559 1021.019650 999.423841 976.978545 960.907147 900.000000 900.000000 900.000000 900.000000 900.000000 900.000000 900.000000 900.000000 894.119321 890.195107 871.313206 856.691909 850.799166 843.151517 824.995471 801.003960 773.787196 700.000000 700.000000 694.008033
-9999.0 -9999.0 -9999.0 -9999.0 -9999.0 -9999.0 -9999.0 -9999.0 -9999.0 -9999.0 -9999.0 -9999.0 -9999.0 1180.241524 1176.152400 1166.985714 1158.629887 1156.427020 1100.000000 1100.000000 1100.000000 1100.000000 1100.000000 1100.000000 1100.000000 1098.396069 1089.352123 1077.756006 1069.415464 1062.280193 1055.220021 1048.792591 1035.215475 1019.882313 1003.982457 983.808959 962.299333 900.000000 900.000000 900.000000 891.287478 887.665340 889.023187 886.926337 878.363346 859.833010 840.106302 826.571352 803.598419 778.049580 761.640685 700.000000 700.000000 700.000000 699.827516 659.464941 613.746113 575.001698 500.000000
-9999.0 -9999.0 -9999.0 -9999.0 -9999.0 -9999.0 -9999.0 -9999.0 -9999.0 -9999.0 1214.421886 1211.963950 1215.416178 1215.019266 1210.318110 1198.534210 1185.385392 1178.712792 1167.591128 1100.000000 1100.000000 1100.000000 1100.000000 1100.000000 1096.045180 1085.540379 1072.555438 1059.682738 1042.587866 1029.940829 1017.403994 996.937284 980.423439 963.980774 900.000000 900.000000 900.000000 875.481822 847.924425 833.037476 808.532906 793.787869 795.870134 794.669107 785.340343 765.572511 700.000000 700.000000 678.612632 643.378287 614.970292 594.865413 579.650543 561.677036 500.000000 473.947705 325.000000 279.052294 200.000000
-9999.0 -9999.0 -9999.0 -9999.0 -9999.0 -9999.0 -9999.0 -9999.0 1238.386402 1231.457210 1225.283416 1228.310847 1232.954311 1236.407931 1223.296176 1207.661882 1191.892082 1174.955155 1159.239024 1100.000000 1100.000000 1100.000000 1090.793322 1079.118792 1067.397043 1052.319652 1038.657087 1020.887333 999.578369 984.953206 966.022860 900.000000 900.000000 900.000000 887.040233 868.081046 838.849673 803.383041 768.782410 700.000000 700.000000 682.658408 679.058158 672.579893 662.826954 629.306263 588.847657 500.000000 481.311115 325.000000 298.610642 200.000000 200.000000 200.000000 199.297193 110.000000 0.000000 0.000000 0.000000
-9999.0 -9999.0 -9999.0 -9999.0 -9999.0 -9999.0 1264.410504 1240.379709 1225.639331 1233.423035 1242.106304 1245.498975 1249.118611 1228.570813 1207.252804 1190.481201 1173.953775 1156.789890 1100.000000 1100.000000 1091.995703 1075.397316 1060.557575 1041.158844 1026.976916 1012.747482 995.255054 971.561322 900.000000 900.000000 885.459673 857.935252 830.340378 808.967942 788.292095 766.153980 700.000000 687.906949 643.014430 602.107826 562.863432 500.000000 496.659442 477.514653 443.362078 325.000000 291.577526 200.000000 110.000000 0.000000 0.000000 0.000000 0.000000 0.000000 0.000000 0.000000 0.000000 0.000000 0.000000
-9999.0 -9999.0 -9999.0 -9999.0 1297.649542 1276.808457 1256.497538 1225.810708 1203.297580 1208.489723 1201.354359 1200.830577 1202.155005 1199.154770 1192.978306 1175.158790 1157.371441 1100.000000 1100.000000 1084.182480 1042.275059 1025.550804 998.987590 966.765292 900.000000 900.000000 900.000000 897.312057 867.238789 830.737241 781.615189 700.000000 700.000000 679.224959 651.874347 619.996678 576.605607 500.000000 422.893032 321.548746 200.000000 200.000000 110.000000 110.000000 50.000000 0.000000 0.000000 0.000000 0.000000 0.000000 0.000000 0.000000 0.000000 0.000000 0.000000 0.000000 0.000000 0.000000 0.000000
-9999.0 -9999.0 -9999.0 1300.000000 1300.000000 1269.787248 1242.458505 1211.515276 1179.787770 1173.761319 1165.108687 1158.832288 1100.000000 1100.000000 1100.000000 1100.000000 1100.000000 1088.876251 1067.668671 1030.939215 994.585429 960.455406 900.000000 895.739482 871.795980 854.780302 836.421289 810.149905 767.481563 700.000000 661.882688 596.774698 500.000000 491.721534 430.501305 325.000000 284.812659 200.000000 50.000000 0.000000 0.000000 0.000000 0.000000 0.000000 0.000000 0.000000 0.000000 0.000000 0.000000 0.000000 0.000000 0.000000 0.000000 0.000000 0.000000 0.000000 0.000000 0.000000 0.000000
-9999.0 -9999.0 1392.172910 1354.854262 1300.000000 1268.740621 1215.941891 1182.056052 1100.000000 1100.000000 1100.000000 1089.480206 1072.078471 1063.225742 1046.025871 1028.295043 1014.015543 1009.719297 995.915243 960.456384 900.000000 855.220146 819.966714 760.167912 700.000000 695.588683 678.159713 647.387663 605.701695 500.000000 423.271582 312.979976 200.000000 110.000000 50.000000 0.000000 0.000000 0.000000 0.000000 0.000000 0.000000 0.000000 0.000000 0.000000 0.000000 0.000000 0.000000 0.000000 0.000000 0.000000 0.000000 0.000000 0.000000 0.000000 0.000000 0.000000 0.000000 0.000000 0.000000
-9999.0 -9999.0 1417.973988 1373.464780 1300.000000 1262.222731 1184.806993 1100.000000 1100.000000 1057.960606 1037.994748 1013.023025 993.812158 975.666277 900.000000 900.000000 900.000000 900.000000 900.000000 859.312078 797.213997 700.000000 644.484993 564.993207 497.676036 472.910876 447.927169 325.000000 324.072356 200.000000 110.000000 0.000000 0.000000 0.000000 0.000000 0.000000 0.000000 0.000000 0.000000 0.000000 0.000000 0.000000 0.000000 0.000000 0.000000 0.000000 0.000000 0.000000 0.000000 0.000000 0.000000 0.000000 0.000000 0.000000 0.000000 0.000000 0.000000 0.000000 0.000000
-9999.0 1500.000000 1453.701960 1399.594035 1300.000000 1259.620103 1173.047086 1090.889546 1038.143875 993.659479 963.219940 900.000000 886.712618 834.599159 804.918780 773.615140 774.657774 775.654390 782.184691 700.000000 666.302001 500.000000 325.000000 200.000000 110.000000 110.000000 110.000000 50.000000 0.000000 0.000000 0.000000 0.000000 0.000000 0.000000 0.000000 0.000000 0.000000 0.000000 0.000000 0.000000 0.000000 0.000000 0.000000 0.000000 0.000000 0.000000 0.000000 0.000000 0.000000 0.000000 0.000000 0.000000 0.000000 0.000000 0.000000 0.000000 0.000000 0.000000 0.000000
-9999.0 1500.000000 1480.693559 1407.954544 1300.000000 1260.094799 1100.000000 1012.338528 962.872643 900.000000 892.449874 841.914057 700.000000 663.216807 615.206713 562.927483 566.698079 582.902355 582.604218 500.000000 325.000000 200.000000 0.000000 0.000000 0.000000 0.000000 0.000000 0.000000 0.000000 0.000000 0.000000 0.000000 0.000000 0.000000 0.000000 0.000000 0.000000 0.000000 0.000000 0.000000 0.000000 0.000000 0.000000 0.000000 0.000000 0.000000 0.000000 0.000000 0.000000 0.000000 0.000000 0.000000 0.000000 0.000000 0.000000 0.000000 0.000000 0.000000 0.000000
-9999.0 1568.592888 1497.518289 1432.024464 1360.630170 1235.903745 1100.000000 975.076268 882.764167 840.048725 782.725029 671.434771 500.000000 325.000000 200.000000 200.000000 200.000000 200.000000 200.000000 110.000000 0.000000 0.000000 0.000000 0.000000 0.000000 0.000000 0.000000 0.000000 0.000000 0.000000 0.000000 0.000000 0.000000 0.000000 0.000000 0.000000 0.000000 0.000000 0.000000 0.000000 0.000000 0.000000 0.000000 0.000000 0.000000 0.000000 0.000000 0.000000 0.000000 0.000000 0.000000 0.000000 0.000000 0.000000 0.000000 0.000000 0.000000 0.000000 0.000000
-9999.0 1665.042696 1576.549641 1500.000000 1387.400777 1211.809218 1082.459319 900.000000 782.623360 700.000000 591.263407 325.000000 110.000000 0.000000 0.000000 0.000000 0.000000 0.000000 0.000000 0.000000 0.000000 0.000000 0.000000 0.000000 0.000000 0.000000 0.000000 0.000000 0.000000 0.000000 0.000000 0.000000 0.000000 0.000000 0.000000 0.000000 0.000000 0.000000 0.000000 0.000000 0.000000 0.000000 0.000000 0.000000 0.000000 0.000000 0.000000 0.000000 0.000000 0.000000 0.000000 0.000000 0.000000 0.000000 0.000000 0.000000 0.000000 0.000000 0.000000
-9999.0 1700.000000 1668.342566 1570.234159 1418.720663 1246.158215 1094.841656 900.000000 700.000000 563.930463 325.000000 110.000000 0.000000 0.000000 0.000000 0.000000 0.000000 0.000000 0.000000 0.000000 0.000000 0.000000 0.000000 0.000000 0.000000 0.000000 0.000000 0.000000 0.000000 0.000000 0.000000 0.000000 0.000000 0.000000 0.000000 0.000000 0.000000 0.000000 0.000000 0.000000 0.000000 0.000000 0.000000 0.000000 0.000000 0.000000 0.000000 0.000000 0.000000 0.000000 0.000000 0.000000 0.000000 0.000000 0.000000 0.000000 0.000000 0.000000 0.000000
-9999.0 1846.195178 1700.000000 1622.519746 1488.854616 1300.000000 1199.953041 1019.446899 845.262617 596.116788 200.000000 0.000000 0.000000 0.000000 0.000000 0.000000 0.000000 0.000000 0.000000 0.000000 0.000000 0.000000 0.000000 0.000000 0.000000 0.000000 0.000000 0.000000 0.000000 0.000000 0.000000 0.000000 0.000000 0.000000 0.000000 0.000000 0.000000 0.000000 0.000000 0.000000 0.000000 0.000000 0.000000 0.000000 0.000000 0.000000 0.000000 0.000000 0.000000 0.000000 0.000000 0.000000 0.000000 0.000000 0.000000 0.000000 50.000000 110.000000 200.000000
-9999.0 -9999.0 1798.737959 1683.478063 1567.804594 1435.903430 1300.000000 1100.000000 972.873019 762.684385 597.277779 325.000000 200.000000 110.000000 0.000000 0.000000 0.000000 0.000000 0.000000 0.000000 0.000000 0.000000 0.000000 0.000000 0.000000 0.000000 0.000000 0.000000 0.000000 0.000000 0.000000 0.000000 0.000000 0.000000 0.000000 0.000000 0.000000 0.000000 0.000000 0.000000 0.000000 20.000000 50.000000 50.000000 50.000000 110.000000 110.000000 110.000000 110.000000 200.000000 200.000000 200.000000 200.000000 200.000000 200.000000 322.778119 411.508848 490.256661 500.000000
-9999.0 -9999.0 1885.300016 1771.989367 1650.408187 1500.000000 1408.946878 1300.000000 1100.000000 998.348348 879.645193 769.236917 678.565865 599.098018 497.882336 325.000000 299.244817 200.000000 200.000000 200.000000 200.000000 110.000000 110.000000 110.000000 20.000000 0.000000 0.000000 0.000000 50.000000 110.000000 198.473366 200.000000 200.000000 200.000000 200.000000 200.000000 200.000000 200.000000 284.979776 321.392411 325.000000 431.863118 455.088093 463.649515 467.151312 474.766541 485.582514 500.000000 500.000000 500.000000 555.561197 564.878001 570.930634 582.381173 597.204089 611.031415 638.371537 671.347257 700.000000
-9999.0 -9999.0 -9999.0 1839.932688 1700.000000 1666.067766 1563.777982 1489.994748 1399.992674 1275.818256 1100.000000 1041.171855 966.851345 900.000000 844.126377 782.979005 700.000000 700.000000 695.125159 642.836982 608.618444 561.504853 500.000000 478.050599 430.289759 325.000000 325.000000 394.471261 441.860378 489.856950 500.000000 569.893704 587.296283 587.619373 588.279257 586.531291 593.647236 601.036789 615.814973 632.978539 651.158920 665.687198 673.230019 679.486200 683.667538 688.405884 693.365200 700.000000 700.000000 700.000000 700.000000 700.000000 700.000000 700.000000 700.000000 760.993363 774.684030 803.375661 830.916147
