tests/Borden05m/sims/sim_1/output-maps/watertableN0013.asc
ncols         160
nrows         34
xllcorner     620200.000000
yllcorner     5168000.000000
cellsize      0.500000
NODATA_value  -9999.0
[rows 0 to 24 of 34, columns 0 to 57 of 160]
-9999.0 -9999.0 -9999.0 -9999.0 -9999.0 -9999.0 -9999.0 -9999.0 -9999.0 -9999.0 -9999.0 -9999.0 -9999.0 -9999.0 -9999.0 -9999.0 -9999.0 -9999.0 -9999.0 -9999.0 -9999.0 -9999.0 -9999.0 -9999.0 -9999.0 -9999.0 -9999.0 -9999.0 -9999.0 -9999.0 -9999.0 -9999.0 -9999.0 -9999.0 -9999.0 -9999.0 -9999.0 -9999.0 -9999.0 -9999.0 -9999.0 -9999.0 -9999.0 -9999.0 -9999.0 -9999.0 -9999.0 -9999.0 -9999.0 -9999.0 -9999.0 -9999.0 -9999.0 -9999.0 -9999.0 -9999.0 -9999.0 -9999.0
-9999.0 -9999.0 -9999.0 -9999.0 -9999.0 -9999.0 -9999.0 -9999.0 -9999.0 -9999.0 -9999.0 -9999.0 -9999.0 -9999.0 -9999.0 -9999.0 -9999.0 -9999.0 -9999.0 -9999.0 -9999.0 -9999.0 -9999.0 -9999.0 -9999.0 -9999.0 -9999.0 -9999.0 -9999.0 -9999.0 -9999.0 -9999.0 -9999.0 -9999.0 -9999.0 -9999.0 -9999.0 -9999.0 -9999.0 -9999.0 -9999.0 -9999.0 -9999.0 -9999.0 -9999.0 -9999.0 -9999.0 -9999.0 -9999.0 -9999.0 -9999.0 -9999.0 -9999.0 -9999.0 -9999.0 -9999.0 -9999.0 -9999.0
-9999.0 -9999.0 -9999.0 -9999.0 -9999.0 -9999.0 -9999.0 -9999.0 -9999.0 -9999.0 -9999.0 -9999.0 -9999.0 -9999.0 -9999.0 -9999.0 -9999.0 -9999.0 -9999.0 -9999.0 -9999.0 -9999.0 -9999.0 -9999.0 -9999.0 -9999.0 -9999.0 -9999.0 -9999.0 -9999.0 -9999.0 -9999.0 -9999.0 -9999.0 -9999.0 -9999.0 -9999.0 -9999.0 -9999.0 -9999.0 -9999.0 -9999.0 -9999.0 -9999.0 -9999.0 -9999.0 -9999.0 1013.751034 1030.995414 1047.235379 1049.053379 1026.607637 1003.615115 980.353801 960.258801 900.000000 900.000000 900.000000
-9999.0 -9999.0 -9999.0 -9999.0 -9999.0 -9999.0 -9999.0 -9999.0 -9999.0 -9999.0 -9999.0 -9999.0 -9999.0 -9999.0 -9999.0 -9999.0 -9999.0 -9999.0 -9999.0 -9999.0 -9999.0 -9999.0 -9999.0 -9999.0 -9999.0 -9999.0 -9999.0 -9999.0 -9999.0 -9999.0 -9999.0 -9999.0 -9999.0 -9999.0 -9999.0 -9999.0 -9999.0 -9999.0 -9999.0 -9999.0 966.792491 961.036285 959.554762 970.247590 981.434045 993.202775 1012.875883 1030.537928 1045.758212 1048.529237 1045.969985 1040.466157 1017.867881 993.971509 974.877220 957.919570 900.000000 900.000000
-9999.0 -9999.0 -9999.0 -9999.0 -9999.0 -9999.0 -9999.0 -9999.0 -9999.0 -9999.0 -9999.0 -9999.0 -9999.0 -9999.0 -9999.0 -9999.0 -9999.0 -9999.0 -9999.0 -9999.0 -9999.0 -9999.0 -9999.0 -9999.0 -9999.0 -9999.0 -9999.0 -9999.0 -9999.0 -9999.0 -9999.0 -9999.0 -9999.0 -9999.0 1057.655280 1040.301627 1022.439557 1004.403406 988.086041 981.613493 975.869947 970.195096 974.226647 979.018881 990.239853 1008.690951 1028.119933 1042.129627 1044.661539 1047.225597 1042.925090 1030.062472 1013.681100 997.628579 977.149920 954.494858 900.000000 900.000000
-9999.0 -9999.0 -9999.0 -9999.0 -9999.0 -9999.0 -9999.0 -9999.0 -9999.0 -9999.0 -9999.0 -9999.0 -9999.0 -9999.0 -9999.0 -9999.0 -9999.0 -9999.0 -9999.0 -9999.0 -9999.0 -9999.0 -9999.0 -9999.0 -9999.0 -9999.0 -9999.0 -9999.0 1053.180385 1059.085843 1064.240396 1065.799469 1067.152432 1068.368637 1061.534451 1049.394808 1031.371570 1010.182336 997.623236 990.653761 984.294049 983.585709 988.429933 990.637212 990.522685 1002.082766 1013.561814 1024.305513 1034.624551 1035.869372 1026.466825 1012.844689 997.158131 982.727302 967.765261 955.372470 900.000000 900.000000
-9999.0 -9999.0 -9999.0 -9999.0 -9999.0 -9999.0 -9999.0 -9999.0 -9999.0 -9999.0 -9999.0 -9999.0 -9999.0 -9999.0 -9999.0 -9999.0 -9999.0 -9999.0 -9999.0 -9999.0 -9999.0 -9999.0 -9999.0 1082.288603 1076.353657 1069.949170 1062.694832 1061.877195 1066.141361 1071.822489 1075.016874 1076.626866 1078.269199 1073.953817 1065.737777 1052.230027 1036.544320 1015.231577 1006.816716 1000.430561 988.284295 986.100324 981.377576 977.558521 979.427755 982.116282 993.905380 1002.589269 997.034663 990.984681 984.631327 977.227241 964.438114 900.000000 900.000000 900.000000 889.706189 870.137276
-9999.0 -9999.0 -9999.0 -9999.0 -9999.0 -9999.0 -9999.0 -9999.0 -9999.0 -9999.0 -9999.0 -9999.0 -9999.0 -9999.0 -9999.0 -9999.0 -9999.0 -9999.0 -9999.0 1100.000000 1100.000000 1100.000000 1100.000000 1099.763803 1097.599762 1090.697249 1082.678089 1080.603671 1082.249752 1083.896087 1082.431454 1079.832096 1075.691315 1064.390350 1050.718702 1036.739777 1022.827477 1002.308089 987.813738 974.184223 958.392993 959.726861 964.129315 966.300751 965.923378 965.348431 959.586200 955.906572 900.000000 900.000000 900.000000 900.000000 900.000000 898.935339 878.601725 857.888486 837.982565 818.376610
-9999.0 -9999.0 -9999.0 -9999.0 -9999.0 -9999.0 -9999.0 -9999.0 -9999.0 -9999.0 -9999.0 -9999.0 -9999.0 -9999.0 -9999.0 -9999.0 1100.000000 1100.000000 1100.000000 1100.000000 1100.000000 1100.000000 1100.000000 1100.000000 1100.000000 1100.000000 1096.218543 1087.762648 1080.007198 1072.787522 1066.935358 1064.272800 1056.671835 1047.083651 1035.276794 1019.840403 998.281823 975.868237 959.805954 900.000000 900.000000 900.000000 900.000000 900.000000 900.000000 900.000000 899.420781 892.757162 888.859204 869.833429 855.026809 848.950287 840.994227 822.276559 797.510828 769.204975 700.000000 700.000000
-9999.0 -9999.0 -9999.0 -9999.0 -9999.0 -9999.0 -9999.0 -9999.0 -9999.0 -9999.0 -9999.0 -9999.0 -9999.0 1179.788562 1175.686308 1166.499900 1158.120627 1155.891254 1100.000000 1100.000000 1100.000000 1100.000000 1100.000000 1100.000000 1100.000000 1097.417687 1088.311372 1076.651629 1068.258443 1061.076433 1053.976358 1047.525812 1033.929546 1018.600789 1002.728838 982.580361 961.063884 900.000000 900.000000 900.000000 889.433652 885.672421 887.045473 885.013509 876.464298 857.728749 837.637773 823.816222 800.601963 774.868696 758.143194 700.000000 700.000000 700.000000 692.307148 649.039206 601.143786 561.238278
-9999.0 -9999.0 -9999.0 -9999.0 -9999.0 -9999.0 -9999.0 -9999.0 -9999.0 -9999.0 1214.029713 1211.555699 1214.986223 1214.570507 1209.852614 1198.051536 1184.881542 1178.185132 1167.025397 1100.000000 1100.000000 1100.000000 1100.000000 1100.000000 1095.012473 1084.427934 1071.367018 1058.432472 1041.279151 1028.590426 1016.024216 995.523438 978.992987 962.536114 900.000000 900.000000 900.000000 873.317165 845.281379 829.922611 804.645281 789.226379 791.322235 790.326734 781.171520 761.009283 700.000000 700.000000 671.463631 636.786426 607.558799 586.113993 569.837042 500.000000 500.000000 493.731280 451.528049 418.786992
-9999.0 -9999.0 -9999.0 -9999.0 -9999.0 -9999.0 -9999.0 -9999.0 1238.040668 1231.100067 1224.907273 1227.919414 1232.543449 1235.984175 1222.851766 1207.202349 1191.414516 1174.443187 1158.672842 1100.000000 1100.000000 1100.000000 1089.776291 1077.984647 1066.157095 1050.987573 1037.267372 1019.459941 998.112680 983.440905 964.401334 900.000000 900.000000 900.000000 884.704270 865.452304 835.573155 799.191172 763.524526 700.000000 700.000000 671.340159 667.936332 662.221550 654.000544 619.558720 576.922672 500.000000 499.314547 466.493629 435.040906 417.233848 405.303353 390.821799 325.000000 325.000000 325.000000 306.389360
-9999.0 -9999.0 -9999.0 -9999.0 -9999.0 -9999.0 1264.103555 1240.062633 1225.312974 1233.100060 1241.787217 1245.176143 1248.793877 1228.213525 1206.873593 1190.088454 1173.531833 1156.309492 1100.000000 1100.000000 1091.097519 1074.328213 1059.327134 1039.773760 1025.480055 1011.179498 993.643673 969.879753 900.000000 900.000000 882.794798 854.554949 826.209677 804.321089 783.271904 760.491856 700.000000 678.317711 631.254446 588.652952 500.000000 500.000000 498.512139 490.174967 480.189590 459.967670 427.742630 395.466476 325.000000 325.000000 305.153366 294.098587 283.881707 271.523948 200.000000 200.000000 200.000000 200.000000
-9999.0 -9999.0 -9999.0 -9999.0 1297.378768 1276.523707 1256.201609 1225.514668 1203.014200 1208.232419 1201.109488 1200.602901 1201.941737 1198.949026 1192.772686 1174.915626 1157.060753 1100.000000 1100.000000 1083.348258 1041.158457 1024.239852 997.443725 964.943162 900.000000 900.000000 900.000000 894.680563 864.053546 826.704821 776.110530 700.000000 697.562771 668.071382 640.328141 607.597848 563.060992 500.000000 472.592878 434.549286 401.523983 325.000000 325.000000 325.000000 325.000000 325.000000 307.359131 281.430253 200.000000 200.000000 194.019680 177.151564 169.967068 110.000000 110.000000 50.000000 50.000000 20.000000
-9999.0 -9999.0 -9999.0 1300.000000 1300.000000 1269.505895 1242.180222 1211.264389 1179.575081 1173.604084 1165.003136 1158.779893 1100.000000 1100.000000 1100.000000 1100.000000 1100.000000 1088.427693 1066.975249 1029.943912 993.287959 958.701205 900.000000 892.627155 868.068962 850.612001 831.904966 805.027261 760.955694 700.000000 651.620383 581.253044 500.000000 498.593630 474.955163 446.801374 420.278699 384.507707 325.000000 320.469274 289.733578 263.015841 200.000000 200.000000 200.000000 200.000000 198.421894 175.611148 110.000000 50.000000 50.000000 0.000000 0.000000 0.000000 0.000000 0.000000 0.000000 0.000000
-9999.0 -9999.0 1391.896812 1354.594453 1300.000000 1268.471855 1215.687280 1181.858003 1100.000000 1100.000000 1100.000000 1089.550756 1072.188608 1063.365414 1046.080083 1028.195097 1013.713580 1009.222203 995.152315 959.240205 900.000000 851.655769 814.709740 700.000000 700.000000 685.595370 667.713221 635.479715 591.074376 500.000000 475.087961 420.838756 325.000000 325.000000 325.000000 315.552221 292.129375 268.353164 200.000000 200.000000 181.768028 110.000000 50.000000 50.000000 107.012175 20.000000 20.000000 0.000000 0.000000 0.000000 0.000000 0.000000 0.000000 0.000000 0.000000 0.000000 0.000000 0.000000
-9999.0 -9999.0 1417.688711 1373.198503 1300.000000 1261.961465 1184.572990 1100.000000 1100.000000 1057.894491 1038.106088 1013.342929 994.363860 976.317623 900.000000 900.000000 900.000000 900.000000 900.000000 856.770159 792.709191 700.000000 631.099638 500.000000 500.000000 489.213609 480.036696 459.342381 430.811360 325.000000 325.000000 277.156863 200.000000 200.000000 190.547323 175.778063 110.000000 50.000000 50.000000 50.000000 0.000000 0.000000 0.000000 0.000000 0.000000 0.000000 0.000000 0.000000 0.000000 0.000000 0.000000 0.000000 0.000000 0.000000 0.000000 0.000000 0.000000 0.000000
-9999.0 1500.000000 1453.410394 1399.322160 1300.000000 1259.362248 1172.833197 1090.678307 1037.986097 993.683938 963.610871 900.000000 887.848329 835.164250 804.471656 771.684284 771.965017 772.086216 778.243853 700.000000 659.147806 500.000000 414.688314 325.000000 315.185872 309.354892 312.296169 297.444122 270.735282 200.000000 169.756378 50.000000 0.000000 0.000000 0.000000 0.000000 0.000000 0.000000 0.000000 0.000000 0.000000 0.000000 0.000000 0.000000 0.000000 0.000000 0.000000 0.000000 0.000000 0.000000 0.000000 0.000000 0.000000 0.000000 0.000000 0.000000 0.000000 0.000000
-9999.0 1500.000000 1480.403689 1407.669496 1300.000000 1259.835354 1100.000000 1011.973864 962.546114 900.000000 893.087397 843.705705 700.000000 664.941830 613.589307 562.207699 563.084193 574.750143 573.748465 500.000000 460.986587 325.000000 200.000000 110.000000 110.000000 50.000000 50.000000 20.000000 0.000000 0.000000 0.000000 0.000000 0.000000 0.000000 0.000000 0.000000 0.000000 0.000000 0.000000 0.000000 0.000000 0.000000 0.000000 0.000000 0.000000 0.000000 0.000000 0.000000 0.000000 0.000000 0.000000 20.000000 20.000000 0.000000 0.000000 20.000000 50.000000 50.000000
-9999.0 1568.300084 1497.214977 1431.724024 1360.367956 1235.597868 1100.000000 974.436652 881.474361 838.633748 783.131089 677.390040 500.000000 460.941490 410.808862 325.000000 325.000000 325.000000 325.000000 285.989631 192.394571 50.000000 0.000000 0.000000 0.000000 0.000000 0.000000 0.000000 0.000000 0.000000 0.000000 0.000000 0.000000 0.000000 0.000000 0.000000 0.000000 0.000000 0.000000 0.000000 0.000000 0.000000 0.000000 0.000000 0.000000 0.000000 20.000000 50.000000 50.000000 50.000000 50.000000 109.509784 110.000000 110.000000 110.000000 110.000000 110.000000 110.000000
-9999.0 1664.732337 1576.242205 1500.000000 1387.119234 1211.426716 1081.867650 900.000000 777.942521 700.000000 595.436625 474.589978 325.000000 321.837161 283.015736 200.000000 200.000000 182.730059 110.000000 0.000000 0.000000 0.000000 0.000000 0.000000 0.000000 0.000000 0.000000 0.000000 0.000000 0.000000 0.000000 0.000000 0.000000 0.000000 0.000000 0.000000 0.000000 20.000000 50.000000 50.000000 50.000000 50.000000 50.000000 50.000000 50.000000 50.000000 110.000000 110.000000 110.000000 110.000000 110.000000 110.000000 167.386882 172.390534 173.613337 181.352904 200.000000 200.000000
-9999.0 1700.000000 1668.028324 1569.945164 1418.408217 1245.740355 1094.084189 900.000000 693.781860 500.000000 442.539614 389.226878 325.000000 264.974759 200.000000 172.946843 110.000000 110.000000 110.000000 107.906457 50.000000 20.000000 0.000000 0.000000 0.000000 0.000000 50.000000 50.000000 110.000000 110.000000 110.000000 110.000000 110.000000 110.000000 110.000000 110.000000 110.000000 110.000000 110.000000 110.000000 110.000000 110.000000 110.000000 166.383372 169.124086 170.823191 179.923918 191.316963 200.000000 200.000000 200.000000 200.000000 200.000000 200.000000 200.000000 200.000000 273.998380 298.730670
-9999.0 1845.884217 1700.000000 1622.210803 1488.546917 1300.000000 1199.462008 1018.140839 841.045376 588.437883 389.509980 325.000000 325.000000 287.347784 200.000000 178.795283 172.175092 198.657657 200.000000 200.000000 200.000000 195.101770 178.396646 110.000000 110.000000 110.000000 110.000000 110.000000 171.209429 178.521037 182.019557 188.946919 194.339787 194.810149 197.097462 193.262102 191.602290 200.000000 200.000000 200.000000 200.000000 200.000000 200.000000 200.000000 200.000000 256.706889 264.254809 274.382536 286.542997 297.520287 305.847664 311.660232 317.532509 325.000000 325.000000 325.000000 325.000000 390.296824
-9999.0 -9999.0 1798.431214 1683.156944 1567.518700 1435.614295 1300.000000 1100.000000 971.548562 700.000000 604.575001 493.479359 435.189067 390.336099 325.000000 290.732748 282.946295 274.539040 297.266122 294.767768 287.425648 279.844374 267.948150 200.000000 200.000000 200.000000 200.000000 200.000000 200.000000 259.411102 275.482912 287.777520 295.572673 301.250138 294.639789 285.147298 287.212023 294.049954 305.126416 319.362915 325.000000 325.000000 325.000000 325.000000 325.000000 325.000000 325.000000 325.000000 325.000000 392.601120 399.322340 406.002181 412.528939 423.977395 436.146514 450.115707 475.471092 500.000000
-9999.0 -9999.0 1885.011020 1771.687400 1650.113060 1500.000000 1408.707007 1300.000000 1100.000000 998.380920 881.718355 776.884200 686.226320 609.518086 500.000000 495.147151 466.527721 454.167524 447.401147 430.171898 407.142239 385.338187 325.000000 325.000000 325.000000 325.000000 325.000000 325.000000 325.000000 325.000000 325.000000 405.375181 417.667492 423.881134 420.280619 413.529709 418.866411 429.389032 444.332979 461.661570 475.541741 488.567102 492.900969 495.119888 495.987138 499.166250 500.000000 500.000000 500.000000 500.000000 500.000000 560.780024 566.718919 578.101075 592.842238 605.417453 631.789727 664.731539
